{"lowlevel": {"average_loudness": 0.58600461483, "barkbands_crest": {"dmean": 1.73882853985, "dmean2": 2.76398277283, "dvar": 4.2080373764, "dvar2": 10.0438919067, "max": 26.8955860138, "mean": 12.8954210281, "median": 12.1227788925, "min": 3.16995716095, "var": 21.4067592621}, "barkbands_flatness_db": {"dmean": 0.016900729388, "dmean2": 0.0254892595112, "dvar": 0.000454454275314, "dvar2": 0.000801658199634, "max": 0.495780318975, "mean": 0.257094651461, "median": 0.269463539124, "min": 0.0158377755433, "var": 0.00389920454472}, "barkbands_kurtosis": {"dmean": 3.99685978889, "dmean2": 5.96638202667, "dvar": 396.059051514, "dvar2": 794.424499512, "max": 1235.9864502, "mean": 11.1216688156, "median": 3.31299686432, "min": -1.80357182026, "var": 1259.21337891}, "barkbands_skewness": {"dmean": 0.399882167578, "dmean2": 0.5887388587, "dvar": 0.534910023212, "dvar2": 0.92180877924, "max": 34.6618118286, "mean": 2.06998467445, "median": 1.60314762592, "min": -2.1645116806, "var": 3.66827774048}, "barkbands_spread": {"dmean": 2.02808952332, "dmean2": 3.16235780716, "dvar": 38.0588760376, "dvar2": 75.815032959, "max": 98.2447891235, "mean": 8.51280403137, "median": 6.57833194733, "min": 0.353021562099, "var": 98.6153488159}, "dissonance": {"dmean": 0.0288885496557, "dmean2": 0.0484034866095, "dvar": 0.000762170937378, "dvar2": 0.00200387323275, "max": 0.5, "mean": 0.408575594425, "median": 0.412566423416, "min": 0.145311310887, "var": 0.00252572633326}, "dynamic_complexity": 7.81852960587, "erbbands_crest": {"dmean": 1.66914129257, "dmean2": 2.65758633614, "dvar": 3.44943904877, "dvar2": 8.37721920013, "max": 29.3847255707, "mean": 10.8613796234, "median": 10.0615587234, "min": 2.15570163727, "var": 19.1982975006}, "erbbands_flatness_db": {"dmean": 0.0116981016472, "dmean2": 0.0170412920415, "dvar": 0.000248413824011, "dvar2": 0.000437454757048, "max": 0.415756762028, "mean": 0.257548511028, "median": 0.261282324791, "min": 0.0377734825015, "var": 0.00523228384554}, "erbbands_kurtosis": {"dmean": 0.730908691883, "dmean2": 1.12210202217, "dvar": 1.92062366009, "dvar2": 4.36868667603, "max": 39.6617774963, "mean": 1.12878072262, "median": 0.0429186820984, "min": -1.79248118401, "var": 7.95614433289}, "erbbands_skewness": {"dmean": 0.233589857817, "dmean2": 0.354526489973, "dvar": 0.087163284421, "dvar2": 0.168576091528, "max": 5.42324781418, "mean": 0.736148834229, "median": 0.609343409538, "min": -2.25231003761, "var": 0.586617290974}, "erbbands_spread": {"dmean": 3.09091687202, "dmean2": 4.72278404236, "dvar": 43.1114654541, "dvar2": 91.804359436, "max": 129.934844971, "mean": 21.5913028717, "median": 19.0146350861, "min": 4.17416715622, "var": 142.444015503}, "hfc": {"dmean": 1.49608039856, "dmean2": 1.98388743401, "dvar": 11.8134727478, "dvar2": 20.1873016357, "max": 122.223770142, "mean": 7.81381750107, "median": 3.49190211296, "min": 1.21037977373e-16, "var": 106.70161438}, "melbands_crest": {"dmean": 2.13444447517, "dmean2": 3.39270234108, "dvar": 6.25709915161, "dvar2": 15.3411302567, "max": 39.9284667969, "mean": 16.9774513245, "median": 16.3028774261, "min": 1.66958594322, "var": 39.364982605}, "melbands_flatness_db": {"dmean": 0.0174539070576, "dmean2": 0.0253785140812, "dvar": 0.000581504893489, "dvar2": 0.000962554535363, "max": 0.542823791504, "mean": 0.341376572847, "median": 0.359421432018, "min": 0.0041996659711, "var": 0.00594762666151}, "melbands_kurtosis": {"dmean": 4.92588472366, "dmean2": 7.72433805466, "dvar": 925.12097168, "dvar2": 1833.0357666, "max": 1918.51965332, "mean": 14.9650650024, "median": 5.72672843933, "min": -1.68938469887, "var": 2754.53881836}, "melbands_skewness": {"dmean": 0.407661497593, "dmean2": 0.622893452644, "dvar": 0.619289159775, "dvar2": 1.21042478085, "max": 41.7621116638, "mean": 2.44900298119, "median": 2.02500081062, "min": -0.802525222301, "var": 4.02375936508}, "melbands_spread": {"dmean": 2.38144803047, "dmean2": 3.63354229927, "dvar": 52.1856422424, "dvar2": 93.7931289673, "max": 182.246017456, "mean": 11.3754663467, "median": 8.70739173889, "min": 0.451361805201, "var": 276.97756958}, "pitch_salience": {"dmean": 0.0468271374702, "dmean2": 0.073695525527, "dvar": 0.00276969582774, "dvar2": 0.00613034237176, "max": 0.900404751301, "mean": 0.499431014061, "median": 0.513328433037, "min": 0.00590015994385, "var": 0.0158779360354}, "silence_rate_20dB": {"dmean": 0, "dmean2": 0, "dvar": 0, "dvar2": 0, "max": 1, "mean": 1, "median": 1, "min": 1, "var": 0}, "silence_rate_30dB": {"dmean": 0, "dmean2": 0, "dvar": 0, "dvar2": 0, "max": 1, "mean": 1, "median": 1, "min": 1, "var": 0}, "silence_rate_60dB": {"dmean": 0.0353802368045, "dmean2": 0.0707748606801, "dvar": 0.0341280028224, "dvar2": 0.0710512623191, "max": 1, "mean": 0.361048996449, "median": 0, "min": 0, "var": 0.230698645115}, "spectral_centroid": {"dmean": 73.8112182617, "dmean2": 109.347579956, "dvar": 53570.2890625, "dvar2": 75686.46875, "max": 11285.5166016, "mean": 618.327575684, "median": 485.89944458, "min": 151.496032715, "var": 368797.4375}, "spectral_complexity": {"dmean": 1.19072794914, "dmean2": 1.9133617878, "dvar": 2.07672452927, "dvar2": 4.25235033035, "max": 30, "mean": 8.15836524963, "median": 8, "min": 0, "var": 21.3907642365}, "spectral_decrease": {"dmean": 8.23039914e-10, "dmean2": 1.17274889799e-09, "dvar": 2.27924820141e-18, "dvar2": 4.42073278053e-18, "max": 1.33667889194e-18, "mean": -4.75831596347e-09, "median": -1.74939118747e-09, "min": -2.46916549429e-08, "var": 2.94409296439e-17}, "spectral_energy": {"dmean": 0.00321061443537, "dmean2": 0.00457630679011, "dvar": 3.42324638041e-05, "dvar2": 6.65198895149e-05, "max": 0.0994203612208, "mean": 0.0186677239835, "median": 0.0070868069306, "min": 1.07993954277e-20, "var": 0.000449805462267}, "spectral_energyband_high": {"dmean": 4.26902224717e-05, "dmean2": 5.84953268117e-05, "dvar": 9.33317565455e-08, "dvar2": 1.45768595416e-07, "max": 0.0140293510631, "mean": 8.37118568597e-05, "median": 1.57328634032e-06, "min": 8.03508141294e-21, "var": 3.13399084462e-07}, "spectral_energyband_low": {"dmean": 0.000637913122773, "dmean2": 0.000986477825791, "dvar": 3.70765087609e-06, "dvar2": 8.03770581115e-06, "max": 0.0480092056096, "mean": 0.00216235453263, "median": 0.000358943798346, "min": 8.62956969218e-23, "var": 2.92519125651e-05}, "spectral_energyband_middle_high": {"dmean": 0.000470758153824, "dmean2": 0.000590024399571, "dvar": 1.59863850513e-06, "dvar2": 2.29679403674e-06, "max": 0.0613320916891, "mean": 0.00192794832401, "median": 0.000597067177296, "min": 1.2156825672e-21, "var": 1.9870862161e-05}, "spectral_energyband_middle_low": {"dmean": 0.0028253570199, "dmean2": 0.00402779411525, "dvar": 2.85698079097e-05, "dvar2": 5.55619844818e-05, "max": 0.0938270166516, "mean": 0.0154259316623, "median": 0.00477982591838, "min": 4.9817144242e-22, "var": 0.000360732694389}, "spectral_entropy": {"dmean": 0.153130531311, "dmean2": 0.227919593453, "dvar": 0.0482164733112, "dvar2": 0.0853939577937, "max": 9.78481006622, "mean": 6.3731751442, "median": 6.24610376358, "min": 4.68835353851, "var": 0.398348212242}, "spectral_flux": {"dmean": 0.0126816025004, "dmean2": 0.0199114829302, "dvar": 0.000371792062651, "dvar2": 0.000875192286912, "max": 0.221268326044, "mean": 0.0308444034308, "median": 0.0207145139575, "min": 1.03920136385e-10, "var": 0.000983255100437}, "spectral_kurtosis": {"dmean": 11.1354999542, "dmean2": 19.4812355042, "dvar": 171.719543457, "dvar2": 520.454345703, "max": 121.693534851, "mean": 28.5439662933, "median": 20.9931259155, "min": -1.19576895237, "var": 502.384735107}, "spectral_rms": {"dmean": 0.000343818566762, "dmean2": 0.000481788127217, "dvar": 2.9860703421e-07, "dvar2": 5.06991682414e-07, "max": 0.00984862819314, "mean": 0.00343564082868, "median": 0.00262944051065, "min": 3.24591980898e-12, "var": 6.4087021201e-06}, "spectral_rolloff": {"dmean": 190.719039917, "dmean2": 320.482299805, "dvar": 752734.5625, "dvar2": 1538584.25, "max": 19056.8847656, "mean": 958.946411133, "median": 645.99609375, "min": 21.533203125, "var": 4410218.5}, "spectral_skewness": {"dmean": 0.759456276894, "dmean2": 1.3068343401, "dvar": 0.65180516243, "dvar2": 1.96886444092, "max": 8.48242759705, "mean": 3.56749820709, "median": 3.37130689621, "min": -0.00662468280643, "var": 1.83144009113}, "spectral_spread": {"dmean": 376033.375, "dmean2": 577852.8125, "dvar": 619464818688, "dvar2": 933272485888, "max": 40514332, "mean": 2664937.5, "median": 2053394.375, "min": 639835.3125, "var": 4098150629380.0}, "spectral_strongpeak": {"dmean": 0.186783790588, "dmean2": 0.292262345552, "dvar": 0.158862426877, "dvar2": 0.357957720757, "max": 8.69930076599, "mean": 0.858090221882, "median": 0.636289596558, "min": 0, "var": 0.825432479382}, "zerocrossingrate": {"dmean": 0.00538380211219, "dmean2": 0.00633484590799, "dvar": 0.000217927401536, "dvar2": 0.000217257736949, "max": 0.52978515625, "mean": 0.0333405062556, "median": 0.0234375, "min": 0, "var": 0.00316988537088}, "barkbands": {"dmean": [8.63054810907e-05, 0.000124302445329, 0.000266647781245, 0.000714457593858, 0.0016637929948, 0.000508151191752, 0.000572698481847, 0.00023994105868, 0.000392707501305, 0.000273957644822, 9.44794010138e-05, 8.19345805212e-05, 7.05864658812e-05, 5.9059864725e-05, 3.52015740646e-05, 2.95804584312e-05, 1.62936157722e-05, 1.61526095326e-05, 9.78990283329e-06, 9.10002108867e-06, 8.84107339516e-06, 8.37561310618e-06, 4.45018258688e-06, 6.83195821694e-06, 1.09525281005e-05, 5.80879577683e-06, 1.19230151086e-06], "dmean2": [0.000134393427288, 0.000206087352126, 0.000395665381802, 0.00106746214442, 0.00233700941317, 0.000682499085087, 0.000885460118297, 0.00032639366691, 0.000509380421136, 0.000341761478921, 0.000129981577629, 0.000116668496048, 0.000106642350147, 8.44845417305e-05, 5.18679735251e-05, 4.44569450337e-05, 2.45693154284e-05, 2.35001916735e-05, 1.47497767102e-05, 1.41120754051e-05, 1.3191223843e-05, 1.23676663861e-05, 6.54445329928e-06, 9.75773491518e-06, 1.54177832883e-05, 7.9038363765e-06, 1.72213367478e-06], "dvar": [1.7574739104e-06, 3.6705932871e-07, 1.00223360278e-06, 4.21303047915e-06, 1.66666704899e-05, 1.94147946786e-06, 2.6934167181e-06, 6.43044529625e-07, 1.60254421644e-06, 1.0663042076e-06, 9.80869003797e-08, 8.15614811245e-08, 3.67354857644e-08, 4.54361099855e-08, 1.41376563789e-08, 8.28431989675e-09, 8.26205237558e-09, 2.96461122318e-09, 1.52306895984e-08, 5.55566126437e-09, 5.64129631897e-09, 3.64039998146e-09, 6.89788171027e-10, 2.08043915428e-09, 8.89709195206e-09, 1.39573153035e-09, 1.53183507545e-10], "dvar2": [3.49039396497e-06, 9.00243151136e-07, 2.10623375096e-06, 9.34997751756e-06, 3.11520125251e-05, 3.53235213879e-06, 6.53407596474e-06, 1.04187233774e-06, 2.38830625676e-06, 1.44271621139e-06, 1.73819117322e-07, 1.62844614238e-07, 8.35273610278e-08, 8.38268547909e-08, 2.37175949991e-08, 1.67563225517e-08, 2.04117682756e-08, 6.47705844514e-09, 3.4652611447e-08, 1.49331853549e-08, 1.17469909355e-08, 7.5067276839e-09, 1.27346999612e-09, 3.50976825381e-09, 1.54019748067e-08, 2.02071315236e-09, 3.07653014175e-10], "max": [0.0649257898331, 0.0216942951083, 0.0356634184718, 0.0431840233505, 0.0910591632128, 0.0541724860668, 0.0412931926548, 0.0296199414879, 0.0397519506514, 0.0601934567094, 0.0153821231797, 0.0100460220128, 0.0052451514639, 0.00866429135203, 0.00439456338063, 0.00346478819847, 0.00403720652685, 0.0017010680167, 0.00795489642769, 0.00290836137719, 0.00301002338529, 0.00227566296235, 0.000940850703046, 0.00226742215455, 0.00413592299446, 0.00187741173431, 0.00057707016822], "mean": [8.34213133203e-05, 0.000295943667879, 0.000884047825821, 0.00270089553669, 0.00739247398451, 0.0015724580735, 0.0016533813905, 0.000750373234041, 0.00128588767257, 0.000955543015152, 0.00026132207131, 0.00020123453578, 0.000165476158145, 0.00013909037807, 8.21425419417e-05, 7.10432141204e-05, 3.0930939829e-05, 3.6045890738e-05, 1.48510425788e-05, 1.43220922837e-05, 1.37442611958e-05, 1.3052097529e-05, 8.37098377815e-06, 1.16696073746e-05, 1.77754754986e-05, 1.05794415504e-05, 1.62621188338e-06], "median": [3.70271209249e-07, 5.34502833034e-05, 8.40980937937e-05, 8.42029039632e-05, 0.00113092164975, 0.000369258254068, 0.00033000195981, 7.93984509073e-05, 0.000151242915308, 0.000110294509795, 3.51031521859e-05, 4.66090423288e-05, 5.20920766576e-05, 2.69275624305e-05, 1.91159415408e-05, 1.90589780686e-05, 6.13688325757e-06, 6.19552019998e-06, 2.67758241534e-06, 9.74239583229e-07, 2.71449238198e-07, 8.87675497552e-08, 2.15743032328e-08, 1.4928680514e-08, 1.6820605353e-08, 1.58989887922e-08, 8.13205225381e-10], "min": [1.02502290439e-23, 4.11092204671e-23, 3.10975942369e-23, 1.07302296055e-23, 8.04622724761e-23, 9.19117996544e-23, 8.37803476612e-23, 1.14154294546e-22, 1.11226055488e-22, 2.12720713382e-23, 3.19980600275e-23, 8.85067856867e-23, 7.52432633904e-23, 1.30483450227e-22, 2.13871980143e-22, 1.11671869184e-22, 1.15457379166e-22, 1.79737413416e-22, 1.65407799249e-22, 2.80188171674e-22, 4.58541443435e-22, 4.52305277098e-22, 7.47252619791e-22, 9.89706254842e-22, 1.08157490065e-21, 1.81599829447e-21, 2.49791278404e-21], "var": [1.99795886147e-06, 6.43743646833e-07, 1.20121258078e-05, 3.98258162022e-05, 0.000173538763192, 1.04885184555e-05, 1.27586290546e-05, 5.72294038648e-06, 1.01484765764e-05, 1.44659297803e-05, 6.74806756251e-07, 2.79378525647e-07, 1.15548090207e-07, 1.92653416775e-07, 5.79982533111e-08, 2.80250738172e-08, 1.19462280068e-08, 9.53998124942e-09, 1.97896188325e-08, 6.71756739123e-09, 1.245669079e-08, 7.60297247382e-09, 1.9452608413e-09, 6.11683814711e-09, 2.77583680486e-08, 4.58513982338e-09, 3.84746512427e-10]}, "erbbands": {"dmean": [0.00396361900494, 0.0291362050921, 0.240086987615, 1.31594932079, 4.45187807083, 6.32944297791, 3.77087903023, 4.80455112457, 8.53188419342, 5.88893222809, 5.82736110687, 8.13913822174, 7.07393741608, 7.85080003738, 3.54162168503, 2.69192147255, 3.16339111328, 2.71230244637, 2.36082696915, 1.53498315811, 1.66675150394, 0.927054107189, 0.917572021484, 0.571519672871, 0.440336495638, 0.426393300295, 0.341915309429, 0.359052240849, 0.297948628664, 0.191082566977, 0.129794120789, 0.153494864702, 0.108043827116, 0.120049215853, 0.0809565186501, 0.0319642797112, 0.0102695962414, 0.00175724097062, 0.000210661281017, 1.16808405437e-05], "dmean2": [0.00645909225568, 0.0477681681514, 0.364247888327, 1.98813569546, 6.22996807098, 8.84843826294, 5.2191362381, 6.44786596298, 13.6296615601, 7.97253084183, 7.4237537384, 10.479932785, 8.86221122742, 9.57325935364, 4.84445476532, 3.88451981544, 4.67398643494, 3.97146773338, 3.32281684875, 2.13359355927, 2.54958558083, 1.38380599022, 1.33538281918, 0.866696536541, 0.666653513908, 0.648236691952, 0.5017157197, 0.542996883392, 0.434490829706, 0.286772251129, 0.190310701728, 0.230517089367, 0.148756533861, 0.170190393925, 0.117563292384, 0.0451475121081, 0.0148771544918, 0.00243709096685, 0.000300729239825, 1.63416389114e-05], "dvar": [0.0017234927509, 0.00930570904166, 0.775628805161, 13.2934160233, 125.958343506, 319.494445801, 128.830810547, 209.676651001, 700.081054688, 344.668304443, 362.53729248, 678.424987793, 652.241027832, 910.276550293, 132.280181885, 78.9242477417, 73.5327606201, 62.679397583, 89.4852294922, 31.6585788727, 37.1452217102, 18.1626586914, 11.7596950531, 34.0547065735, 18.3543510437, 9.06861495972, 8.52214813232, 9.20129871368, 4.67770957947, 1.62352514267, 0.627438366413, 0.966051757336, 0.643476843834, 1.21937763691, 0.494696825743, 0.0524333491921, 0.00435742596164, 0.000165667777765, 5.73011857341e-06, 1.13569118554e-08], "dvar2": [0.00383409881033, 0.0268720835447, 1.72051203251, 29.1535587311, 238.46987915, 613.14630127, 263.108551025, 369.618530273, 1779.63024902, 560.532592773, 522.668395996, 1044.41955566, 943.409118652, 1205.59240723, 247.009887695, 150.882568359, 154.650588989, 129.483184814, 158.331558228, 48.7377815247, 76.996131897, 40.6847305298, 25.9164466858, 86.8402938843, 36.4272117615, 22.5155296326, 17.8500061035, 19.3584327698, 9.25559711456, 3.5147383213, 1.14852797985, 1.84201657772, 1.05351579189, 1.92579936981, 0.954814970493, 0.0900426208973, 0.00808506179601, 0.00027621438494, 1.23020081446e-05, 2.32655157362e-08], "max": [1.54752397537, 3.423350811, 32.8354225159, 87.7891845703, 286.805908203, 513.921936035, 360.90725708, 624.33380127, 722.383789062, 948.710449219, 598.610290527, 829.59375, 1246.25097656, 1206.40588379, 449.200500488, 362.733032227, 225.955276489, 271.855651855, 360.152496338, 284.735046387, 267.71786499, 178.114059448, 126.531143188, 365.021911621, 210.093063354, 100.876747131, 123.421257019, 111.783485413, 75.9381713867, 54.8905487061, 33.3380355835, 45.3360023499, 41.7865333557, 61.41065979, 33.6419715881, 13.3236532211, 2.5433549881, 0.642549991608, 0.107513658702, 0.00425355741754], "mean": [0.00527044571936, 0.0920479372144, 0.867289125919, 5.00340175629, 19.1372089386, 26.2157649994, 13.7008810043, 15.1593503952, 22.3054962158, 21.4766902924, 20.1599025726, 26.1159133911, 24.8109016418, 26.3453502655, 10.739025116, 7.4611082077, 8.2030134201, 6.64506721497, 5.96324777603, 3.98297786713, 3.87019443512, 2.05055737495, 2.06901669502, 1.06768655777, 0.70576775074, 0.698974013329, 0.536964476109, 0.554842174053, 0.478626102209, 0.322876691818, 0.24112854898, 0.26234036684, 0.179944336414, 0.195098757744, 0.129483267665, 0.0552083775401, 0.0178428217769, 0.00280765909702, 0.000303419568809, 3.28332316712e-05], "median": [0.000911865092348, 0.0214802250266, 0.14241206646, 0.368988603354, 1.68057835102, 3.70968580246, 3.52980136871, 3.70137667656, 5.94518756866, 3.39711546898, 3.10486912727, 3.79308128357, 3.36783957481, 4.40342378616, 2.68179416656, 2.34775876999, 2.68873906136, 1.71620607376, 1.29005324841, 1.0620213747, 0.974926352501, 0.489513009787, 0.382344901562, 0.211740970612, 0.107438407838, 0.0556484386325, 0.0183629337698, 0.00732080591843, 0.00373889133334, 0.00161289365496, 0.000559931853786, 0.000333068805048, 0.000245714240009, 0.000190615464817, 0.000127981140395, 8.24959861347e-05, 3.08951093757e-05, 7.11133043296e-06, 4.88123532705e-06, 8.99136284715e-06], "min": [1.30872110004e-21, 8.52252747725e-21, 3.46703803399e-20, 4.05584425793e-20, 2.18727776312e-19, 2.17687389896e-19, 5.89736246371e-19, 7.10770450973e-19, 1.05022510844e-18, 1.70149345942e-18, 2.36448523443e-18, 2.02037541127e-18, 1.70691180263e-18, 9.17097006294e-19, 2.69852785594e-18, 2.79420969855e-18, 3.75152588059e-18, 4.43014444154e-18, 8.50836240993e-18, 1.08294585057e-17, 6.9951620379e-18, 7.74647116312e-18, 9.20899431493e-18, 8.66304518447e-18, 8.70265307375e-18, 1.20674145289e-17, 2.01860342496e-17, 1.6562192382e-17, 1.39727630314e-17, 1.87598772663e-17, 2.62703579365e-17, 1.60680379928e-17, 1.76937903492e-17, 9.81419604702e-18, 1.02492425912e-17, 6.77744189682e-18, 3.32547554595e-18, 1.24360452942e-18, 3.2987818072e-19, 3.99099200544e-20], "var": [0.00180064002052, 0.0519041717052, 9.90179920197, 123.131210327, 1238.22875977, 3453.66333008, 921.511413574, 1105.75512695, 2307.24902344, 4009.37060547, 3205.34912109, 4231.15869141, 6740.24316406, 8051.52001953, 737.857421875, 300.395507812, 295.661346436, 244.74319458, 404.822418213, 134.729660034, 109.047737122, 39.8184776306, 34.0125007629, 38.5710220337, 26.2721366882, 14.1378183365, 17.5331916809, 20.1152610779, 9.985912323, 3.39689302444, 1.71778678894, 2.4113843441, 2.07897830009, 4.13903808594, 1.35179138184, 0.148832440376, 0.0118775498122, 0.000480205955682, 1.44644081956e-05, 2.67909552321e-08]}, "gfcc": {"mean": [-180.602416992, 165.182067871, -116.620285034, -17.9955482483, -44.1133384705, -10.2241725922, -43.5080909729, -4.54385852814, -27.3532066345, -10.6756095886, -15.0681762695, -6.39728784561, -8.05688762665], "cov": [[32347.6699219, 13.430398941, -388.312072754, -262.862121582, -1700.00085449, -686.188781738, -1148.19763184, -500.281524658, -1062.27819824, -338.570526123, -1383.00976562, 31.7993183136, -1152.96728516], [13.430398941, 4222.71875, -1382.63513184, -893.798095703, 1192.21728516, -685.111816406, 130.768707275, -185.483001709, 182.282974243, -262.306335449, 496.360412598, -363.534912109, 374.479492188], [-388.312072754, -1382.63513184, 1329.24597168, 507.464324951, -396.397033691, 626.090148926, -111.350875854, 135.110366821, -88.5336837769, 101.357833862, -219.826049805, 136.218307495, -178.202346802], [-262.862121582, -893.798095703, 507.464324951, 549.952331543, -139.619186401, 255.267608643, 16.7906723022, 83.4840087891, 7.31524658203, 100.832710266, -58.0670700073, 87.1365661621, -52.2348976135], [-1700.00085449, 1192.21728516, -396.397033691, -139.619186401, 708.924926758, -176.590103149, 149.741622925, 0.679778277874, 141.151168823, -41.0394859314, 248.287567139, -121.816833496, 168.606506348], [-686.188781738, -685.111816406, 626.090148926, 255.267608643, -176.590103149, 483.806365967, -3.68083333969, 115.320304871, 6.1224937439, 78.4809265137, -62.1892356873, 80.5808486938, -72.3362426758], [-1148.19763184, 130.768707275, -111.350875854, 16.7906723022, 149.741622925, -3.68083333969, 224.106323242, 26.6178684235, 71.4995651245, 56.7483558655, 104.683532715, 6.89925575256, 65.2687988281], [-500.281524658, -185.483001709, 135.110366821, 83.4840087891, 0.679778277874, 115.320304871, 26.6178684235, 128.16317749, 37.6563835144, 36.381362915, 11.4812507629, 25.2483177185, 4.31708335876], [-1062.27819824, 182.282974243, -88.5336837769, 7.31524658203, 141.151168823, 6.1224937439, 71.4995651245, 37.6563835144, 136.581695557, 34.9993247986, 88.79637146, -3.25969529152, 69.4964294434], [-338.570526123, -262.306335449, 101.357833862, 100.832710266, -41.0394859314, 78.4809265137, 56.7483558655, 36.381362915, 34.9993247986, 142.306472778, 41.7499275208, 56.6349906921, 15.0908479691], [-1383.00976562, 496.360412598, -219.826049805, -58.0670700073, 248.287567139, -62.1892356873, 104.683532715, 11.4812507629, 88.79637146, 41.7499275208, 253.390304565, 5.66162109375, 131.5365448], [31.7993183136, -363.534912109, 136.218307495, 87.1365661621, -121.816833496, 80.5808486938, 6.89925575256, 25.2483177185, -3.25969529152, 56.6349906921, 5.66162109375, 126.725395203, -4.38839483261], [-1152.96728516, 374.479492188, -178.202346802, -52.2348976135, 168.606506348, -72.3362426758, 65.2687988281, 4.31708335876, 69.4964294434, 15.0908479691, 131.5365448, -4.38839483261, 183.320953369]], "icov": [[9.00305676623e-05, -0.00018052123778, 0.000179327544174, -0.000205422591534, 0.000128746120026, 3.04309360217e-05, 0.000218999091885, -5.92293981754e-05, 0.000399835407734, -0.00028436712455, 0.000449710874818, -0.000356250879122, 0.000408427411458], [-0.00018052123778, 0.00125774578191, -0.000280321284663, 0.0011740566697, -0.00112188782077, -8.75766272657e-05, -0.000168462254805, 0.000581210886594, -0.000829080643598, 0.0010887759272, -0.00161274836864, 0.00154130416922, -0.00118026148994], [0.000179327544174, -0.000280321284663, 0.00337453815155, -0.00150302133989, -0.000130631233333, -0.00298725580797, 0.001383184921, -0.00018812144117, 0.00217409268953, -0.0010159809608, 0.00193792255595, -0.00125423097052, 0.000844825408421], [-0.000205422591534, 0.0011740566697, -0.00150302133989, 0.00430457945913, -0.00112151156645, 0.000144037403516, -0.000732951390091, 0.000101973659184, -0.0014845469268, 5.54098878638e-05, -0.00123833015095, 0.000879177765455, -0.00111011881381], [0.000128746120026, -0.00112188782077, -0.000130631233333, -0.00112151156645, 0.00458674272522, 0.000768233905546, -0.00100253522396, -0.00083845743211, -0.0010237240931, 0.000605175911915, -0.001332840533, 0.00158142857254, 0.000448630569736], [3.04309360217e-05, -8.75766272657e-05, -0.00298725580797, 0.000144037403516, 0.000768233905546, 0.00666949525476, -0.000790632213466, -0.00224972236902, -0.00158341566566, -5.34801583854e-05, -0.000850836455356, -0.000102946425613, 0.000979785807431], [0.000218999091885, -0.000168462254805, 0.001383184921, -0.000732951390091, -0.00100253522396, -0.000790632213466, 0.00742189353332, -0.00032181647839, 0.000263319117948, -0.00279989279807, 0.000318244710797, -0.00105352327228, 0.000709511747118], [-5.92293981754e-05, 0.000581210886594, -0.00018812144117, 0.000101973659184, -0.00083845743211, -0.00224972236902, -0.00032181647839, 0.011502972804, -0.00281856674701, 2.98689410556e-05, -0.000418321142206, 7.59506874601e-05, -0.000618437828962], [0.000399835407734, -0.000829080643598, 0.00217409268953, -0.0014845469268, -0.0010237240931, -0.00158341566566, 0.000263319117948, -0.00281856674701, 0.0147602120414, -0.00336911925115, 0.00153950985987, -0.00141759344842, -0.000268699164735], [-0.00028436712455, 0.0010887759272, -0.0010159809608, 5.54098878638e-05, 0.000605175911915, -5.34801583854e-05, -0.00279989279807, 2.98689410556e-05, -0.00336911925115, 0.012831970118, -0.00423754937947, -0.000666901411023, -0.00132048258092], [0.000449710874818, -0.00161274836864, 0.00193792255595, -0.00123833015095, -0.001332840533, -0.000850836455356, 0.000318244710797, -0.000418321142206, 0.00153950985987, -0.00423754937947, 0.0127904480323, -0.00532117998227, -0.00109910941683], [-0.000356250879122, 0.00154130416922, -0.00125423097052, 0.000879177765455, 0.00158142857254, -0.000102946425613, -0.00105352327228, 7.59506874601e-05, -0.00141759344842, -0.000666901411023, -0.00532117998227, 0.0151791144162, -0.00270587601699], [0.000408427411458, -0.00118026148994, 0.000844825408421, -0.00111011881381, 0.000448630569736, 0.000979785807431, 0.000709511747118, -0.000618437828962, -0.000268699164735, -0.00132048258092, -0.00109910941683, -0.00270587601699, 0.0116099240258]]}, "melbands": {"dmean": [3.86575666198e-05, 9.22199687921e-05, 0.000297269027214, 0.00041652660002, 0.000154285575263, 0.000105440885818, 0.000123811449157, 5.94285702391e-05, 5.31384248461e-05, 5.06103096996e-05, 3.72578615497e-05, 3.56282907887e-05, 1.33138664751e-05, 8.60753516463e-06, 9.2156979008e-06, 5.96499694439e-06, 5.06169453729e-06, 4.46997819381e-06, 2.19137086788e-06, 1.87605235169e-06, 1.9844999315e-06, 9.54369966166e-07, 1.06275831513e-06, 7.28076031464e-07, 4.63971730369e-07, 3.62506426654e-07, 3.51610822236e-07, 2.77131789517e-07, 2.08238205346e-07, 2.37675862991e-07, 2.20064578116e-07, 1.79086754315e-07, 1.61863127346e-07, 9.05416968067e-08, 7.66334835589e-08, 8.98274095107e-08, 1.00734709463e-07, 8.00685526769e-08, 7.65696341887e-08, 1.15967580427e-07], "dmean2": [6.22532024863e-05, 0.000142222168506, 0.000443509023171, 0.000579593877774, 0.000213992461795, 0.000140683157952, 0.000196331107873, 7.94186707935e-05, 6.78546784911e-05, 6.55878538964e-05, 4.64992444904e-05, 4.34632383985e-05, 1.82073235919e-05, 1.19100841403e-05, 1.39383000715e-05, 8.90543469723e-06, 7.45287843529e-06, 6.30224894849e-06, 3.1737088193e-06, 2.64840809905e-06, 3.09584720526e-06, 1.46284310176e-06, 1.55632892529e-06, 1.08092808659e-06, 7.30648537228e-07, 5.46398439383e-07, 5.50218430817e-07, 4.28888711212e-07, 3.12019778903e-07, 3.56269595159e-07, 3.47509455878e-07, 2.60145441189e-07, 2.53905938052e-07, 1.37860112659e-07, 1.17337101813e-07, 1.39640633279e-07, 1.52746864046e-07, 1.13041004113e-07, 1.1047957571e-07, 1.62624132827e-07], "dvar": [9.85200969694e-08, 1.10067595926e-07, 5.51859443476e-07, 1.11918325274e-06, 1.78903547976e-07, 8.93206717478e-08, 1.33769333388e-07, 3.5904182738e-08, 3.08721830322e-08, 2.42529036854e-08, 1.79680572643e-08, 1.934457039e-08, 1.92039117941e-09, 8.88458251413e-10, 1.31895616651e-09, 2.37650510382e-10, 2.37108360723e-10, 4.03455213682e-10, 5.641031392e-11, 3.2060475802e-11, 6.06357880573e-11, 2.16558593974e-11, 2.5575782811e-11, 5.84810672111e-12, 3.05700673109e-11, 1.92720527037e-11, 1.32169518385e-11, 3.55885720199e-12, 3.09501751485e-12, 4.16574110276e-12, 3.88291829245e-12, 1.86883624895e-12, 1.30521006329e-12, 3.42677167024e-13, 2.11653814592e-13, 4.04500787249e-13, 4.07125505184e-13, 3.7024081175e-13, 3.84943948462e-13, 1.22538036575e-12], "dvar2": [2.11035981579e-07, 2.51866651979e-07, 1.21161860989e-06, 2.0992199552e-06, 3.39021056561e-07, 1.56860409106e-07, 3.41520717484e-07, 5.8607518838e-08, 4.35807940846e-08, 3.66063339641e-08, 2.55554457596e-08, 2.49683367315e-08, 3.32359695321e-09, 1.83543169552e-09, 2.52526310973e-09, 5.15954945435e-10, 4.92332119517e-10, 7.1055528128e-10, 9.66370664046e-11, 5.47697442954e-11, 1.28831459389e-10, 4.86706022707e-11, 6.0213570241e-11, 1.30726731523e-11, 8.01547578311e-11, 3.84235490647e-11, 3.43934811187e-11, 9.03643479488e-12, 6.9527040375e-12, 9.00699046597e-12, 8.8150285682e-12, 3.84066086226e-12, 3.13303896715e-12, 7.45131495568e-13, 4.5270785818e-13, 8.63891532095e-13, 7.73354199689e-13, 6.86161251515e-13, 6.6201921332e-13, 1.96787117851e-12], "max": [0.0107427025214, 0.0118740350008, 0.0142525127158, 0.0253598131239, 0.0123494388536, 0.0125637222081, 0.00967483595014, 0.00879293307662, 0.00576919177547, 0.00443898234516, 0.00694063026458, 0.00635887682438, 0.00219372054562, 0.000903425447177, 0.00165373994969, 0.000538727850653, 0.000566645816434, 0.000831901561469, 0.000344483443769, 0.000204087307793, 0.000352550006937, 0.00017758422473, 0.000217964989133, 7.45384095353e-05, 0.000342492479831, 0.000271111959592, 0.000166457160958, 8.22373767733e-05, 6.747412408e-05, 8.96881028893e-05, 7.58742826292e-05, 5.92932447034e-05, 4.35715337517e-05, 2.13693583646e-05, 1.68749975273e-05, 2.27493856073e-05, 3.19328428304e-05, 2.99150888168e-05, 3.15681172651e-05, 6.14890886936e-05], "mean": [6.78144060657e-05, 0.000323563115671, 0.00126513105351, 0.00179427373223, 0.000613786338363, 0.00033265244565, 0.000332407420501, 0.000219049994485, 0.000179619310074, 0.000159594841534, 0.000128744286485, 0.000119464173622, 3.84418126487e-05, 2.08524088521e-05, 2.3096705263e-05, 1.4500225916e-05, 1.182678443e-05, 1.06098677861e-05, 5.03124374518e-06, 4.81762253912e-06, 4.22446191806e-06, 1.87543048469e-06, 2.15613795262e-06, 1.5776189457e-06, 7.78178446126e-07, 5.452292271e-07, 4.96431937336e-07, 4.49400118896e-07, 3.14638867849e-07, 3.31029156087e-07, 3.24377282368e-07, 2.72932055623e-07, 2.3924155812e-07, 1.53372980094e-07, 1.32646661655e-07, 1.49807505068e-07, 1.64673778613e-07, 1.27585479959e-07, 1.16894781854e-07, 1.84192955999e-07], "median": [1.15577158795e-05, 6.06220273767e-05, 7.14068373782e-05, 0.000238574488321, 0.000132023793412, 7.7403812611e-05, 8.96060082596e-05, 2.85344831354e-05, 2.27674172493e-05, 2.1879457563e-05, 1.55899670062e-05, 1.75127224793e-05, 7.43208420317e-06, 4.96424399898e-06, 5.51324819753e-06, 4.41252586825e-06, 2.65574271907e-06, 1.83764029771e-06, 1.24184794004e-06, 1.23151346543e-06, 8.88831891643e-07, 3.67516008737e-07, 3.26747453983e-07, 2.64222478563e-07, 1.31390052616e-07, 7.40084189488e-08, 4.51161241699e-08, 2.88852177732e-08, 8.77646577635e-09, 6.09241235239e-09, 2.86782864123e-09, 2.13222528522e-09, 9.97364080213e-10, 5.80061498834e-10, 2.99047508978e-10, 1.89551027652e-10, 1.88623811015e-10, 1.62241886592e-10, 1.43757339366e-10, 1.38156874829e-10], "min": [1.15348306524e-23, 1.65424605141e-23, 1.13429205156e-23, 1.77531916097e-23, 1.64813663925e-23, 1.64760084492e-23, 1.64050882761e-23, 2.01608613567e-23, 1.88449119937e-23, 1.40254246689e-23, 8.3410783682e-24, 3.27548576812e-24, 6.73064722918e-24, 1.12422389872e-23, 7.61815282402e-24, 5.9331009654e-24, 9.13828147749e-24, 1.43222178073e-23, 1.6360432438e-23, 8.31720664835e-24, 8.42121638098e-24, 8.17298867538e-24, 6.55131902947e-24, 8.85556871742e-24, 6.85201821262e-24, 6.36364468139e-24, 5.95320193012e-24, 8.54953880671e-24, 1.29648903231e-23, 1.13515640646e-23, 8.82040287599e-24, 6.52934018136e-24, 1.05989276521e-23, 9.47016472665e-24, 1.71273393442e-23, 1.01988181899e-23, 8.95339772486e-24, 1.22327792826e-23, 1.05211199345e-23, 7.81957583439e-24], "var": [1.16576337916e-07, 1.35761536058e-06, 6.00575367571e-06, 1.1007275134e-05, 1.88051421901e-06, 4.87023328333e-07, 4.54495506119e-07, 3.95300901346e-07, 2.659681968e-07, 1.46012126834e-07, 2.05570813705e-07, 1.83955421562e-07, 1.35333477758e-08, 2.82294987386e-09, 4.82727058326e-09, 7.80211284468e-10, 9.36105193361e-10, 1.79124437505e-09, 2.04271113913e-10, 1.43721576307e-10, 1.55905510724e-10, 4.56883697542e-11, 5.00064642472e-11, 1.68744011819e-11, 3.19510459756e-11, 2.90282207993e-11, 1.17668349023e-11, 6.27290797431e-12, 5.69447917639e-12, 8.4483392504e-12, 7.48668575051e-12, 3.79317454183e-12, 2.09915483433e-12, 7.23718285821e-13, 4.7763615979e-13, 8.72520642976e-13, 9.71371203959e-13, 1.01554788884e-12, 1.22457924877e-12, 4.00093716837e-12]}, "mfcc": {"mean": [-801.538146973, 185.866119385, -1.78441989422, -5.80481863022, 4.69233846664, -7.34550571442, -10.7906999588, -3.18149876595, -11.0350866318, -7.54206562042, -8.22242546082, -9.01128864288, -7.47836971283], "cov": [[13881.9501953, 1995.2590332, -448.725341797, 274.999481201, -681.221801758, -361.730651855, -518.536621094, -31.1040210724, -424.061431885, -94.834312439, -344.830047607, -370.367004395, -386.110321045], [1995.2590332, 3095.57592773, -713.40423584, -300.697174072, 343.268920898, -154.560638428, -29.8705997467, -10.3914737701, -123.373397827, -78.6317825317, -7.07239198685, -50.4058914185, -7.357421875], [-448.725341797, -713.40423584, 816.501525879, 99.5861358643, -4.94250822067, 267.739105225, 49.9146995544, 67.8632583618, 85.1202163696, 39.5168418884, 29.5204296112, 1.69944214821, -30.5464553833], [274.999481201, -300.697174072, 99.5861358643, 321.194274902, 40.3820419312, 29.5835666656, 53.0397529602, 4.20393610001, 35.9597473145, 22.9736804962, -10.9457864761, 37.3811378479, 31.8871974945], [-681.221801758, 343.268920898, -4.94250822067, 40.3820419312, 334.829620361, 51.1239089966, 71.2583770752, 29.1769142151, 56.4218826294, 29.5917606354, 34.659954071, 45.0872879028, 50.5433540344], [-361.730651855, -154.560638428, 267.739105225, 29.5835666656, 51.1239089966, 230.201141357, 78.0551528931, 45.3104934692, 63.7316665649, 35.6757926941, 68.4503326416, 21.1899318695, -8.61417007446], [-518.536621094, -29.8705997467, 49.9146995544, 53.0397529602, 71.2583770752, 78.0551528931, 178.061264038, 36.5821304321, 31.179983139, 37.6934738159, 56.6200561523, 36.3958282471, 52.3845672607], [-31.1040210724, -10.3914737701, 67.8632583618, 4.20393610001, 29.1769142151, 45.3104934692, 36.5821304321, 122.721199036, 22.0761051178, 32.4558029175, 34.3210067749, -5.87164163589, -15.5786209106], [-424.061431885, -123.373397827, 85.1202163696, 35.9597473145, 56.4218826294, 63.7316665649, 31.179983139, 22.0761051178, 133.137863159, 42.7319641113, 28.8081989288, 27.8416366577, 15.3771190643], [-94.834312439, -78.6317825317, 39.5168418884, 22.9736804962, 29.5917606354, 35.6757926941, 37.6934738159, 32.4558029175, 42.7319641113, 101.430511475, 40.6896438599, -1.84634435177, -4.96427726746], [-344.830047607, -7.07239198685, 29.5204296112, -10.9457864761, 34.659954071, 68.4503326416, 56.6200561523, 34.3210067749, 28.8081989288, 40.6896438599, 129.010818481, 31.5254268646, 15.2329339981], [-370.367004395, -50.4058914185, 1.69944214821, 37.3811378479, 45.0872879028, 21.1899318695, 36.3958282471, -5.87164163589, 27.8416366577, -1.84634435177, 31.5254268646, 113.909347534, 65.894569397], [-386.110321045, -7.357421875, -30.5464553833, 31.8871974945, 50.5433540344, -8.61417007446, 52.3845672607, -15.5786209106, 15.3771190643, -4.96427726746, 15.2329339981, 65.894569397, 135.532119751]], "icov": [[0.000156852416694, -0.000196451583179, -3.30704315274e-05, -0.000442475429736, 0.000454845139757, -6.62177335471e-05, 0.000345664855558, -0.000135362904985, 0.000247928634053, -0.000248025142355, 0.000158037553774, 0.000119203388749, 9.69074535533e-05], [-0.000196451583179, 0.000813549268059, 0.000516452710144, 0.000939604011364, -0.00130093446933, -0.000144412420923, -0.000401901022997, 5.8535271819e-05, 5.46335759282e-05, 0.000644359912258, -0.000178108195541, 0.000129151769215, -7.49347236706e-06], [-3.30704315274e-05, 0.000516452710144, 0.00266239210032, -9.42659462453e-05, -0.000265658978606, -0.00308222626336, 0.000501872622408, -0.000656634860206, -5.98393162363e-05, 0.00023557789973, 0.000826070259791, 0.000447131867986, -0.000105047634861], [-0.000442475429736, 0.000939604011364, -9.42659462453e-05, 0.00521055376157, -0.00193077616859, 0.000448270933703, -0.00200260360725, 0.000518720597029, -0.000829310214613, 0.000133620356792, 0.000836018414702, -0.0012625947129, -0.000255629449384], [0.000454845139757, -0.00130093446933, -0.000265658978606, -0.00193077616859, 0.00591402314603, -0.000622370513156, 0.000346395769157, -0.000850771379191, -0.000728256243747, -0.00140418426599, 0.00065863277996, -0.000480336428154, -0.000666469684802], [-6.62177335471e-05, -0.000144412420923, -0.00308222626336, 0.000448270933703, -0.000622370513156, 0.0104270456359, -0.00304778851569, 0.000201586371986, -0.00215810257941, 0.000852007884532, -0.00335151213221, -0.000882337219082, 0.00218110019341], [0.000345664855558, -0.000401901022997, 0.000501872622408, -0.00200260360725, 0.000346395769157, -0.00304778851569, 0.00999969616532, -0.0018393205246, 0.00143183406908, -0.0021814245265, -0.00113888771739, 0.000530986464582, -0.00322460499592], [-0.000135362904985, 5.8535271819e-05, -0.000656634860206, 0.000518720597029, -0.000850771379191, 0.000201586371986, -0.0018393205246, 0.0103097297251, -0.000598089420237, -0.00134715787135, -0.0017388407141, 0.000577770115342, 0.00150660169311], [0.000247928634053, 5.46335759282e-05, -5.98393162363e-05, -0.000829310214613, -0.000728256243747, -0.00215810257941, 0.00143183406908, -0.000598089420237, 0.0111783221364, -0.00388028123416, 0.000604461994953, -0.00144095730502, -0.000374586816179], [-0.000248025142355, 0.000644359912258, 0.00023557789973, 0.000133620356792, -0.00140418426599, 0.000852007884532, -0.0021814245265, -0.00134715787135, -0.00388028123416, 0.0146040227264, -0.00380421406589, 0.00212354515679, 0.000986437080428], [0.000158037553774, -0.000178108195541, 0.000826070259791, 0.000836018414702, 0.00065863277996, -0.00335151213221, -0.00113888771739, -0.0017388407141, 0.000604461994953, -0.00380421406589, 0.0123701980338, -0.00284593505785, -2.85285864265e-06], [0.000119203388749, 0.000129151769215, 0.000447131867986, -0.0012625947129, -0.000480336428154, -0.000882337219082, 0.000530986464582, 0.000577770115342, -0.00144095730502, 0.00212354515679, -0.00284593505785, 0.0142940869555, -0.0056598666124], [9.69074535533e-05, -7.49347236706e-06, -0.000105047634861, -0.000255629449384, -0.000666469684802, 0.00218110019341, -0.00322460499592, 0.00150660169311, -0.000374586816179, 0.000986437080428, -2.85285864265e-06, -0.0056598666124, 0.012327878736]]}, "spectral_contrast_coeffs": {"dmean": [0.0372571013868, 0.0326488912106, 0.0295539665967, 0.024797892198, 0.0198363196105, 0.0204961616546], "dmean2": [0.060019556433, 0.0521367713809, 0.046689581126, 0.039829261601, 0.0316937603056, 0.0334344208241], "dvar": [0.00126353022642, 0.00101933744736, 0.000829831988085, 0.000579004874453, 0.000362806254998, 0.000430451182183], "dvar2": [0.00273170531727, 0.00242993375286, 0.0019563944079, 0.00139338232111, 0.00082798791118, 0.00109658716246], "max": [-0.187023505569, -0.388376712799, -0.434829741716, -0.512509822845, -0.54962927103, -0.520510494709], "mean": [-0.536604642868, -0.672040700912, -0.711770176888, -0.74896723032, -0.755124390125, -0.8162342906], "median": [-0.523351192474, -0.67312848568, -0.711621642113, -0.745097637177, -0.746511340141, -0.821042537689], "min": [-0.951742827892, -0.973219752312, -0.984802365303, -0.970672190189, -0.959967494011, -0.957190692425], "var": [0.0220217499882, 0.00938031543046, 0.00813361443579, 0.00451019825414, 0.00409743562341, 0.00258677196689]}, "spectral_contrast_valleys": {"dmean": [0.38079765439, 0.294137507677, 0.28643399477, 0.281164854765, 0.258451014757, 0.320827513933], "dmean2": [0.62642031908, 0.467445671558, 0.458994150162, 0.447948336601, 0.385429829359, 0.493106603622], "dvar": [0.144701257348, 0.113664031029, 0.111929215491, 0.12573723495, 0.123533986509, 0.145875528455], "dvar2": [0.319876939058, 0.215010911226, 0.210633