{"lowlevel": {"average_loudness": 0.00748544838279, "barkbands_crest": {"dmean": 1.24182641506, "dmean2": 1.81476008892, "dvar": 2.59376955032, "dvar2": 5.61627244949, "max": 26.3909931183, "mean": 14.8610506058, "median": 14.0836400986, "min": 4.44755125046, "var": 25.3386039734}, "barkbands_flatness_db": {"dmean": 0.0112767694518, "dmean2": 0.0164751932025, "dvar": 0.000222070215386, "dvar2": 0.000417749979533, "max": 0.544695675373, "mean": 0.33148893714, "median": 0.331728547812, "min": 0.0570604428649, "var": 0.00354469334707}, "barkbands_kurtosis": {"dmean": 1.57393598557, "dmean2": 2.28522849083, "dvar": 8.28679084778, "dvar2": 16.833530426, "max": 88.7707214355, "mean": 7.76342058182, "median": 4.35429286957, "min": -1.67310011387, "var": 138.376739502}, "barkbands_skewness": {"dmean": 0.247802317142, "dmean2": 0.348181813955, "dvar": 0.124316871166, "dvar2": 0.230153813958, "max": 8.63148975372, "mean": 1.60702574253, "median": 1.41858386993, "min": -3.54110050201, "var": 2.20018434525}, "barkbands_spread": {"dmean": 0.471057325602, "dmean2": 0.691362559795, "dvar": 0.482179522514, "dvar2": 0.923720657825, "max": 30.5918693542, "mean": 4.13875961304, "median": 3.7947010994, "min": 0.19439573586, "var": 5.09269714355}, "dissonance": {"dmean": 0.0401099920273, "dmean2": 0.0692635625601, "dvar": 0.00163682259154, "dvar2": 0.0046071447432, "max": 0.499998420477, "mean": 0.341900199652, "median": 0.346172392368, "min": 0.082438647747, "var": 0.00547485100105}, "dynamic_complexity": 8.50842094421, "erbbands_crest": {"dmean": 1.46047246456, "dmean2": 2.13825702667, "dvar": 3.95180797577, "dvar2": 8.20593357086, "max": 32.6332550049, "mean": 14.9245958328, "median": 13.4122858047, "min": 2.61284446716, "var": 40.7084007263}, "erbbands_flatness_db": {"dmean": 0.00983944069594, "dmean2": 0.0140220234171, "dvar": 0.000224232921028, "dvar2": 0.000376237701857, "max": 0.559130907059, "mean": 0.347938388586, "median": 0.350027918816, "min": 0.0298286844045, "var": 0.00609880127013}, "erbbands_kurtosis": {"dmean": 0.826380908489, "dmean2": 1.18117260933, "dvar": 2.71531152725, "dvar2": 4.76113700867, "max": 57.9614067078, "mean": 2.49988985062, "median": 0.484085202217, "min": -1.76726508141, "var": 35.7100486755}, "erbbands_skewness": {"dmean": 0.193187147379, "dmean2": 0.275001913309, "dvar": 0.0663855969906, "dvar2": 0.128355577588, "max": 5.3182311058, "mean": 0.779940009117, "median": 0.716295838356, "min": -3.21024179459, "var": 0.866877675056}, "erbbands_spread": {"dmean": 1.27412056923, "dmean2": 1.86853945255, "dvar": 5.25642347336, "dvar2": 11.7682819366, "max": 111.183174133, "mean": 12.390288353, "median": 10.1804161072, "min": 0.514531970024, "var": 184.396026611}, "hfc": {"dmean": 2.29224348068, "dmean2": 2.77899670601, "dvar": 156.497268677, "dvar2": 235.637115479, "max": 600.83984375, "mean": 8.6301202774, "median": 1.69611859322, "min": 1.22568314446e-16, "var": 890.347045898}, "melbands_crest": {"dmean": 1.59687650204, "dmean2": 2.34100174904, "dvar": 4.69434833527, "dvar2": 10.2231063843, "max": 34.8121109009, "mean": 19.3252716064, "median": 18.374458313, "min": 2.16704416275, "var": 44.4372596741}, "melbands_flatness_db": {"dmean": 0.0113858217373, "dmean2": 0.0165111720562, "dvar": 0.000255324150203, "dvar2": 0.000467953592306, "max": 0.633486390114, "mean": 0.437718451023, "median": 0.439084291458, "min": 0.00479993456975, "var": 0.00385297671892}, "melbands_kurtosis": {"dmean": 2.60806083679, "dmean2": 4.08948230743, "dvar": 95.2009429932, "dvar2": 241.531707764, "max": 417.875610352, "mean": 12.9219808578, "median": 4.17012119293, "min": -1.71338379383, "var": 1936.30297852}, "melbands_skewness": {"dmean": 0.287808954716, "dmean2": 0.408569723368, "dvar": 0.221372738481, "dvar2": 0.449862927198, "max": 17.6918449402, "mean": 1.86164855957, "median": 1.52037143707, "min": -2.81879782677, "var": 5.19641113281}, "melbands_spread": {"dmean": 0.759298026562, "dmean2": 1.09770452976, "dvar": 5.13757705688, "dvar2": 8.19418239594, "max": 127.839118958, "mean": 6.15314054489, "median": 5.52682113647, "min": 0.575450003147, "var": 16.9937477112}, "pitch_salience": {"dmean": 0.0367242917418, "dmean2": 0.0555798374116, "dvar": 0.00238394574262, "dvar2": 0.00541033735499, "max": 0.905734121799, "mean": 0.456696867943, "median": 0.464382141829, "min": 0.0583900548518, "var": 0.0194152351469}, "silence_rate_20dB": {"dmean": 0.00144613161683, "dmean2": 0.00289268163033, "dvar": 0.00144400657155, "dvar2": 0.00317346514203, "max": 1, "mean": 0.996674358845, "median": 1, "min": 0, "var": 0.00331462640315}, "silence_rate_30dB": {"dmean": 0.00780911045149, "dmean2": 0.0156204802915, "dvar": 0.00774818100035, "dvar2": 0.016533665359, "max": 1, "mean": 0.977877378464, "median": 1, "min": 0, "var": 0.0216326732188}, "silence_rate_60dB": {"dmean": 0.036442514509, "dmean2": 0.0728955715895, "dvar": 0.0351138599217, "dvar2": 0.0727856904268, "max": 1, "mean": 0.443753600121, "median": 0, "min": 0, "var": 0.246835842729}, "spectral_centroid": {"dmean": 26.6987705231, "dmean2": 36.6578598022, "dvar": 24778.171875, "dvar2": 23659.8417969, "max": 10931.8242188, "mean": 504.517242432, "median": 472.718017578, "min": 257.48739624, "var": 63426.5351562}, "spectral_complexity": {"dmean": 0.687780201435, "dmean2": 1.13335263729, "dvar": 1.41097915173, "dvar2": 2.65014100075, "max": 34, "mean": 6.40587043762, "median": 6, "min": 0, "var": 18.4333953857}, "spectral_decrease": {"dmean": 8.9287638394e-10, "dmean2": 1.08378750419e-09, "dvar": 1.79713805822e-17, "dvar2": 2.60807052744e-17, "max": 1.10787747826e-28, "mean": -3.605476806e-09, "median": -1.02384090095e-09, "min": -2.15355015598e-07, "var": 1.11426654816e-16}, "spectral_energy": {"dmean": 0.00357555830851, "dmean2": 0.00433992641047, "dvar": 0.000293064804282, "dvar2": 0.000426062528277, "max": 0.867296636105, "mean": 0.0143906539306, "median": 0.00401754584163, "min": 1.07721978261e-20, "var": 0.0018084559124}, "spectral_energyband_high": {"dmean": 3.26172812493e-06, "dmean2": 4.4510893531e-06, "dvar": 6.1054667988e-09, "dvar2": 1.30783810448e-08, "max": 0.00550398603082, "mean": 4.4956941565e-06, "median": 1.23319892964e-07, "min": 7.56572830895e-21, "var": 8.08079647641e-09}, "spectral_energyband_low": {"dmean": 1.87666501006e-05, "dmean2": 2.76947284874e-05, "dvar": 1.38100215707e-08, "dvar2": 2.06235135636e-08, "max": 0.00823873002082, "mean": 6.67610147502e-05, "median": 1.44180212374e-05, "min": 4.70738261704e-23, "var": 1.60729584309e-07}, "spectral_energyband_middle_high": {"dmean": 0.000552968354896, "dmean2": 0.000700991193298, "dvar": 1.35126874738e-05, "dvar2": 2.30741989071e-05, "max": 0.186557605863, "mean": 0.00186014676001, "median": 0.000230530276895, "min": 1.72566011455e-21, "var": 6.61770900479e-05}, "spectral_energyband_middle_low": {"dmean": 0.0032409937121, "dmean2": 0.00400230986997, "dvar": 0.000231331490795, "dvar2": 0.000347987341229, "max": 0.820232510567, "mean": 0.0127757545561, "median": 0.00366503326222, "min": 2.66617769864e-22, "var": 0.00142729142681}, "spectral_entropy": {"dmean": 0.0958718881011, "dmean2": 0.142674595118, "dvar": 0.0249572321773, "dvar2": 0.0535777397454, "max": 9.80662441254, "mean": 5.4951710701, "median": 5.43652915955, "min": 3.61760520935, "var": 0.466009527445}, "spectral_flux": {"dmean": 0.010147687979, "dmean2": 0.0163138266653, "dvar": 0.000891538511496, "dvar2": 0.00205582240596, "max": 0.687752008438, "mean": 0.0190045461059, "median": 0.00958802364767, "min": 1.06781569698e-10, "var": 0.00122801354155}, "spectral_kurtosis": {"dmean": 16.659532547, "dmean2": 28.3816623688, "dvar": 289.483001709, "dvar2": 765.478515625, "max": 246.02784729, "mean": 85.4506912231, "median": 83.0179748535, "min": -1.19537436962, "var": 1925.79846191}, "spectral_rms": {"dmean": 0.000306769623421, "dmean2": 0.000370926572941, "dvar": 6.96576307746e-07, "dvar2": 1.04389778244e-06, "max": 0.0290885381401, "mean": 0.0026675676927, "median": 0.00197978690267, "min": 3.24182998154e-12, "var": 6.92378262102e-06}, "spectral_rolloff": {"dmean": 46.0335273743, "dmean2": 77.4581451416, "dvar": 100371.726562, "dvar2": 141694.890625, "max": 19250.6835938, "mean": 631.429504395, "median": 602.9296875, "min": 64.599609375, "var": 191693.578125}, "spectral_skewness": {"dmean": 0.886874139309, "dmean2": 1.5476886034, "dvar": 0.768007814884, "dvar2": 2.16692686081, "max": 13.2743368149, "mean": 7.07013845444, "median": 7.24413394928, "min": 0.0172701217234, "var": 5.02299976349}, "spectral_spread": {"dmean": 274790.65625, "dmean2": 477819.5625, "dvar": 353269448704, "dvar2": 456114077696, "max": 40342476, "mean": 1597200.25, "median": 1198170.125, "min": 350183.0625, "var": 2967790157820.0}, "spectral_strongpeak": {"dmean": 0.214350134134, "dmean2": 0.29252627492, "dvar": 0.400018185377, "dvar2": 0.681004345417, "max": 21.5316734314, "mean": 1.13111436367, "median": 0.534502625465, "min": 0, "var": 3.07212138176}, "zerocrossingrate": {"dmean": 0.00203418754973, "dmean2": 0.00272311782464, "dvar": 5.59145955776e-05, "dvar2": 8.31205397844e-05, "max": 0.5048828125, "mean": 0.0240595713258, "median": 0.02392578125, "min": 0.009765625, "var": 0.000146543592564}, "barkbands": {"dmean": [9.19397535881e-08, 3.73907209905e-06, 1.10413029688e-05, 1.32993864099e-05, 0.000407775107305, 0.00032256054692, 0.000558290514164, 0.00103886565194, 0.00132354395464, 0.000320154940709, 0.000154679291882, 5.70271076867e-05, 0.000107266874693, 4.4609849283e-05, 6.70702283969e-05, 2.10411508306e-05, 2.87023303827e-05, 5.52769142814e-06, 2.95510130854e-06, 1.13299245186e-06, 2.19436492443e-06, 3.06289820173e-07, 9.62378194913e-08, 1.06285440893e-07, 5.69222393665e-08, 6.51538334395e-09, 2.07119974505e-08], "dmean2": [1.54701240263e-07, 6.19996490059e-06, 1.62908654602e-05, 2.26077445404e-05, 0.000511117337737, 0.000407879182603, 0.000786937656812, 0.00142901111394, 0.0017504816642, 0.000415354705183, 0.000235551982769, 8.12623038655e-05, 0.000140485557495, 5.69892144995e-05, 8.40114371385e-05, 2.54553888226e-05, 4.33669738413e-05, 8.09884113551e-06, 3.74259070668e-06, 1.33933542656e-06, 3.08330277221e-06, 4.40585125716e-07, 1.62434545814e-07, 1.77623519448e-07, 1.07939257532e-07, 1.09457856112e-08, 3.38497372354e-08], "dvar": [1.27073034712e-13, 1.31056429598e-10, 8.21748180613e-09, 6.92009560765e-09, 1.03034051335e-06, 1.47080936586e-06, 8.79812068888e-06, 3.61551865353e-05, 0.0001234717638, 9.21249284147e-06, 1.31817819238e-06, 1.1359868779e-07, 7.35009621167e-07, 1.05998871902e-07, 3.88127062934e-07, 4.56742625943e-08, 1.64190012697e-07, 4.18589563012e-09, 9.21336951176e-10, 2.03043498681e-10, 3.77218967174e-09, 3.35525114636e-11, 6.4740547992e-12, 2.13755783907e-11, 7.93471538474e-12, 2.89394926242e-15, 2.77648696846e-15], "dvar2": [3.39426105495e-13, 3.70420860651e-10, 1.2969950447e-08, 1.77931358536e-08, 1.31655974656e-06, 2.34819663092e-06, 1.5796347725e-05, 6.57960263197e-05, 0.000223910305067, 1.66282370628e-05, 3.39182338394e-06, 2.64233250391e-07, 1.32214154291e-06, 1.63812856613e-07, 5.81672736644e-07, 7.1948541347e-08, 3.91451919768e-07, 9.02121399804e-09, 1.67425939779e-09, 3.09035713686e-10, 7.642912081e-09, 7.81878520262e-11, 1.83983522861e-11, 5.64129923331e-11, 2.33033765895e-11, 6.91248976936e-15, 6.77597897496e-15], "max": [1.56270307343e-05, 0.000436353206169, 0.00621222518384, 0.00337507482618, 0.0351205170155, 0.053389146924, 0.155693218112, 0.209956005216, 0.668073713779, 0.15185713768, 0.0521743297577, 0.010577856563, 0.0506484843791, 0.0184955727309, 0.0401939600706, 0.0122138475999, 0.0235454104841, 0.00338437454775, 0.00214899610728, 0.000741106458008, 0.00441561779007, 0.000320797931636, 0.000163856340805, 0.000307648122543, 0.000171669584233, 3.05548087454e-06, 1.47367620684e-06], "mean": [6.80288394506e-07, 1.27732973851e-05, 4.34360736108e-05, 1.69430841197e-05, 0.00199704058468, 0.00154045317322, 0.00145191384945, 0.00257119885646, 0.00458280043676, 0.000931726826821, 0.000413269968703, 0.000163443139172, 0.000265072420007, 0.000136527931318, 0.000145018158946, 5.54955659027e-05, 4.25034886575e-05, 8.57260965859e-06, 6.31256170891e-06, 1.90418757029e-06, 2.91589049084e-06, 3.67130866152e-07, 1.03451249345e-07, 8.78279351468e-08, 4.80584247953e-08, 2.6844174883e-08, 7.72063160071e-08], "median": [6.66197763621e-07, 9.59635053732e-06, 2.396419859e-06, 1.76184471457e-06, 0.00106053042691, 0.000226045114687, 0.000174399465322, 0.000153257817146, 0.000119787175208, 4.03889534937e-05, 2.91826218017e-05, 1.79047819984e-05, 1.99698042707e-05, 9.27370729187e-06, 4.94570849696e-06, 9.46038937855e-07, 3.24741563418e-07, 3.82178129144e-08, 1.71052469966e-08, 7.04207137048e-09, 6.97805058181e-09, 8.70363070504e-09, 9.35058785956e-09, 1.23863452828e-08, 1.6380159451e-08, 2.5016666072e-08, 3.4567367635e-08], "min": [1.14983474132e-23, 2.54619656191e-23, 6.44374995644e-24, 6.88254870737e-24, 1.9662253933e-23, 1.04611609836e-23, 4.20542821424e-23, 8.03045192277e-23, 7.26368227834e-23, 3.70693880408e-23, 4.56951465882e-23, 6.20657016893e-23, 5.34485448812e-23, 4.48553126467e-23, 1.17158592418e-22, 7.26800649827e-23, 1.43607546091e-22, 1.31166338714e-22, 4.81264070628e-22, 2.69878933468e-22, 3.94866509675e-22, 3.46818014302e-22, 3.96148250874e-22, 9.26410681136e-22, 9.95295075609e-22, 1.70906985222e-21, 2.69351474561e-21], "var": [9.64447095862e-14, 4.60920579481e-10, 1.23124948459e-07, 8.24381540809e-09, 8.7739654191e-06, 1.51077956616e-05, 2.88534138235e-05, 0.000114132424642, 0.000713451998308, 3.98936826969e-05, 2.8063479931e-06, 3.53001667008e-07, 2.37326776187e-06, 5.02744114783e-07, 1.40730605835e-06, 1.50660056875e-07, 1.8790166223e-07, 6.12368955544e-09, 2.19899209952e-09, 5.13863396279e-10, 5.3882667217e-09, 3.82676668131e-11, 4.86984367762e-12, 1.50831101081e-11, 4.290782573e-12, 2.60247590791e-15, 1.53373695715e-14]}, "erbbands": {"dmean": [8.96177152754e-05, 0.00102397263981, 0.00948018301278, 0.0324464403093, 0.24461196363, 1.56088018417, 3.39197254181, 2.1703414917, 8.2358417511, 14.2291212082, 20.6294612885, 38.3471336365, 12.5758781433, 4.72725152969, 7.52739858627, 2.95666599274, 5.38362693787, 2.74116396904, 3.99104547501, 1.35778236389, 0.936457037926, 1.0613309145, 0.81892311573, 0.150145411491, 0.132859572768, 0.05261387676, 0.137090876698, 0.0256130583584, 0.00903656799346, 0.0091809509322, 0.00239106989466, 0.00199859403074, 0.00181389541831, 0.000752897874918, 0.000246194831561, 3.61417296517e-05, 1.35949212563e-05, 4.54361179436e-06, 6.19813135927e-06, 4.1875041461e-06], "dmean2": [0.000148736566189, 0.00163891608827, 0.0141112329438, 0.0502082854509, 0.358651548624, 1.9862087965, 4.08401155472, 2.88395047188, 11.5133247375, 18.1223621368, 28.3867473602, 51.2739944458, 17.05418396, 5.85835313797, 11.2389144897, 4.07887029648, 7.07639551163, 3.39703512192, 4.8447599411, 1.78039515018, 1.15856182575, 1.60259819031, 1.29300665855, 0.192464441061, 0.167613685131, 0.0690394714475, 0.188869714737, 0.0376656390727, 0.0132297500968, 0.0139458850026, 0.00394800491631, 0.00334844435565, 0.00310169043951, 0.00140980689321, 0.000466646859422, 6.09493472439e-05, 2.25910789595e-05, 7.59692875363e-06, 9.53803373704e-06, 5.12963697474e-06], "dvar": [1.83724981895e-08, 1.44274536069e-05, 0.00471373135224, 0.0386867001653, 0.336456000805, 17.0534553528, 148.195266724, 84.3366622925, 2028.23730469, 7609.20849609, 15671.1728516, 101871.304688, 13269.5449219, 2255.23681641, 3041.41137695, 270.701660156, 1991.80957031, 320.272277832, 1374.83374023, 135.909393311, 74.6149139404, 248.302398682, 141.67880249, 1.44909071922, 3.67928695679, 0.467933624983, 17.5623931885, 0.187451019883, 0.0257153064013, 0.0343374013901, 0.00313017726876, 0.00617788685486, 0.0068044741638, 0.00136112503242, 0.000126893093693, 3.212759907e-07, 5.1498485476e-09, 1.70195732507e-10, 2.58219695626e-10, 3.97931493312e-10], "dvar2": [5.2541551554e-08, 3.28155147145e-05, 0.00782261509448, 0.0767676904798, 0.698936522007, 23.7161712646, 184.227203369, 144.638885498, 3629.07055664, 11013.2285156, 32777.0117188, 187182.484375, 25242.5644531, 3070.03637695, 7744.98291016, 577.181213379, 3638.23681641, 462.458953857, 1990.86401367, 210.786453247, 130.41242981, 606.631103516, 326.639709473, 2.24239420891, 7.15382957458, 0.742558836937, 35.8180160522, 0.38322994113, 0.0592149570584, 0.0801127105951, 0.00871418137103, 0.0166615378112, 0.0183681864291, 0.00396490423009, 0.000373781804228, 8.37087952732e-07, 1.19916592212e-08, 3.62225777151e-10, 5.11194864217e-10, 5.77223102649e-10], "max": [0.00407969532534, 0.268642634153, 5.6534819603, 13.2591743469, 21.6147403717, 148.283813477, 592.717346191, 428.362609863, 2255.33251953, 4219.82958984, 4303.78710938, 18827.3144531, 5965.01025391, 3972.54467773, 2698.70898438, 565.661437988, 2699.16894531, 944.090393066, 2421.46582031, 641.212646484, 466.569366455, 948.016723633, 670.711364746, 52.909034729, 151.816513062, 35.5299263, 304.124145508, 25.552520752, 9.48540878296, 11.3970527649, 3.43625998497, 5.24907016754, 5.42450618744, 2.27227926254, 0.682216763496, 0.0365538522601, 0.00384678109549, 0.000674069277011, 0.000571995507926, 0.00100258528255], "mean": [0.000502295210026, 0.00314061297104, 0.0377883948386, 0.0888225287199, 1.471180439, 7.37368440628, 16.6166400909, 9.25776195526, 23.0456409454, 36.8213119507, 58.1279678345, 131.342681885, 35.7785835266, 15.3410425186, 20.4702072144, 8.69516277313, 12.7665500641, 9.2609128952, 9.28273963928, 3.34260559082, 2.48732304573, 1.61577093601, 1.14658033848, 0.352981090546, 0.23533847928, 0.0905307009816, 0.184402167797, 0.0336844921112, 0.0121093979105, 0.00922229420394, 0.00269555556588, 0.00184662197717, 0.00144950696267, 0.000609906041063, 0.000263657333562, 0.000107196523459, 5.62889581488e-05, 2.2271202397e-05, 2.56425719272e-05, 1.72575346369e-05], "median": [0.000471803883556, 0.0014549739426, 0.00358511414379, 0.0231830962002, 0.555409789085, 3.74176168442, 3.13373327255, 1.66598057747, 2.98473644257, 2.68853187561, 4.86224079132, 4.09910154343, 1.83995485306, 1.50647938251, 1.83049106598, 1.22036910057, 1.05080938339, 0.8511043787, 0.512333214283, 0.125678837299, 0.0620821490884, 0.0162717122585, 0.00544915441424, 0.00164964061696, 0.000566113856621, 0.0003622318618, 0.000304317974951, 0.000286790542305, 0.000307351641823, 0.000294324796414, 0.000273758952972, 0.00025324348826, 0.000215328647755, 0.000171195788425, 0.000130601954879, 8.93692922546e-05, 5.15100909979e-05, 2.07301745832e-05, 1.16238979899e-05, 5.33210322828e-06], "min": [5.12463935948e-22, 3.60155771565e-21, 7.39656421912e-21, 1.57464573254e-20, 3.88276543893e-20, 7.83092855256e-20, 9.23362266124e-20, 7.10221086724e-20, 3.39336603284e-19, 1.20449139755e-18, 1.29743682329e-18, 1.4872482007e-18, 1.67315766376e-18, 1.57993875142e-18, 2.4100877016e-18, 2.64863438935e-18, 2.69388944066e-18, 3.08220503652e-18, 6.1080803141e-18, 4.74684418754e-18, 5.13397339961e-18, 9.7607792046e-18, 5.92110027254e-18, 1.49419126525e-17, 2.68160589128e-17, 1.39491222095e-17, 1.81884278119e-17, 1.35009185305e-17, 1.3183128974e-17, 1.06192702577e-17, 1.30525510697e-17, 1.6260723099e-17, 1.57125935205e-17, 1.07699387247e-17, 7.12351151764e-18, 6.10945756982e-18, 3.06863534537e-18, 1.34294261373e-18, 3.30399485452e-19, 4.0281779745e-20], "var": [3.98891053521e-08, 0.000177614332642, 0.0907668322325, 0.141334295273, 4.7437005043, 124.014892578, 1879.03918457, 736.009094238, 6612.12207031, 29878.2109375, 48489.375, 568424.8125, 47754.4648438, 16673.6933594, 7085.43603516, 1015.56292725, 5795.34423828, 1786.75561523, 5206.15136719, 506.632385254, 213.866256714, 265.368713379, 176.434539795, 5.5300321579, 6.21123504639, 1.00330960751, 24.9536724091, 0.263086855412, 0.0320687219501, 0.0345028378069, 0.00255237659439, 0.00442836014554, 0.0045816488564, 0.000755006505642, 6.76731433487e-05, 2.39511649625e-07, 5.46440004356e-09, 2.59276933257e-10, 1.75528769297e-09, 2.45405096244e-09]}, "gfcc": {"mean": [-244.289321899, 182.092514038, -94.6095352173, -72.74168396, -51.9044075012, -11.7590236664, -42.8817825317, -15.2404432297, -13.7692308426, -2.19567799568, -8.76944160461, -1.59622180462, -3.28749799728], "cov": [[7690.95263672, 2091.22167969, -3346.07617188, -1112.90270996, 443.757659912, -1219.89562988, -287.344940186, -387.727142334, -52.2724304199, -770.323059082, -104.249084473, -533.039794922, 11.5127630234], [2091.22167969, 1156.88378906, -596.423400879, -734.344848633, 50.7421607971, -256.902191162, -285.10067749, -305.3331604, -129.550430298, -298.439483643, -76.1327819824, -142.388671875, 27.4829216003], [-3346.07617188, -596.423400879, 1886.22241211, 337.998260498, -368.146484375, 573.509338379, 39.947429657, 12.1918869019, -76.7474060059, 279.719726562, -15.6910905838, 210.876846313, 3.17925214767], [-1112.90270996, -734.344848633, 337.998260498, 698.084472656, -4.57425546646, 77.4196166992, 184.597122192, 176.03288269, 31.9978504181, 147.147491455, 19.0408992767, 53.5790481567, -45.0299797058], [443.757659912, 50.7421607971, -368.146484375, -4.57425546646, 274.133361816, -54.0294837952, -76.3066635132, 6.94980096817, 10.5422611237, -64.6236419678, 1.50112009048, -26.0041847229, -20.1986846924], [-1219.89562988, -256.902191162, 573.509338379, 77.4196166992, -54.0294837952, 368.492919922, 40.066783905, -13.5049114227, -30.2278499603, 116.399414062, -14.3013000488, 88.0668945312, 10.9006175995], [-287.344940186, -285.10067749, 39.947429657, 184.597122192, -76.3066635132, 40.066783905, 229.763763428, 124.119743347, 15.3088464737, 33.0505752563, -4.02398586273, -10.3928833008, -13.9880084991], [-387.727142334, -305.3331604, 12.1918869019, 176.03288269, 6.94980096817, -13.5049114227, 124.119743347, 227.244781494, 97.2405853271, 50.0508499146, 20.1508655548, 27.886095047, -40.8900032043], [-52.2724304199, -129.550430298, -76.7474060059, 31.9978504181, 10.5422611237, -30.2278499603, 15.3088464737, 97.2405853271, 144.296340942, 79.2611465454, 19.8640403748, 1.15681159496, -19.8452167511], [-770.323059082, -298.439483643, 279.719726562, 147.147491455, -64.6236419678, 116.399414062, 33.0505752563, 50.0508499146, 79.2611465454, 203.836715698, 71.1229400635, 56.5140953064, -8.27981281281], [-104.249084473, -76.1327819824, -15.6910905838, 19.0408992767, 1.50112009048, -14.3013000488, -4.02398586273, 20.1508655548, 19.8640403748, 71.1229400635, 110.215927124, 57.546585083, -2.49035525322], [-533.039794922, -142.388671875, 210.876846313, 53.5790481567, -26.0041847229, 88.0668945312, -10.3928833008, 27.886095047, 1.15681159496, 56.5140953064, 57.546585083, 129.806106567, 34.3651885986], [11.5127630234, 27.4829216003, 3.17925214767, -45.0299797058, -20.1986846924, 10.9006175995, -13.9880084991, -40.8900032043, -19.8452167511, -8.27981281281, -2.49035525322, 34.3651885986, 70.3817214966]], "icov": [[0.00291292276233, -0.0032177537214, 0.00408020243049, -0.00173464952968, 0.00210367143154, 0.00046430886141, -0.000481355236843, 0.00230731489137, -0.00215570954606, 0.00271107512526, -0.00103280658368, 0.00130972755142, 0.000297561578918], [-0.0032177537214, 0.0122083360329, -0.00376228941604, 0.00802898686379, -0.000552736397367, 0.00257945992053, 0.00401890883222, 0.00117397261783, 0.00573029462248, -0.000495152955409, 0.00395631138235, -0.00158520531841, 0.00446020020172], [0.00408020243049, -0.00376228941604, 0.00838282797486, -0.00286427908577, 0.00647048139945, -0.00191434286535, 0.00261084199883, 0.00178670301102, -0.000383089820389, 0.00265514152125, 0.000423082965426, 0.00069472118048, 0.00218092463911], [-0.00173464952968, 0.00802898686379, -0.00286427908577, 0.00920999888331, -0.00323892896995, 0.00552186509594, -0.00131884741131, 0.00141807505861, 0.00630548223853, -0.00525889080018, 0.00721995066851, -0.00473996624351, 0.00567657640204], [0.00210367143154, -0.000552736397367, 0.00647048139945, -0.00323892896995, 0.0127080315724, -0.00579753704369, 0.00891061406583, -0.00201333896257, -0.000734475033823, 0.00745736155659, -0.00442461995408, 0.00501364236698, 0.000719024857972], [0.00046430886141, 0.00257945992053, -0.00191434286535, 0.00552186509594, -0.00579753704369, 0.0136279808357, -0.00701933680102, 0.00645482540131, 0.00391983985901, -0.00838972255588, 0.0114718060941, -0.00998188555241, 0.00651472155005], [-0.000481355236843, 0.00401890883222, 0.00261084199883, -0.00131884741131, 0.00891061406583, -0.00701933680102, 0.0179545171559, -0.00979791302234, 0.00528437504545, 0.00444327993318, -0.00481287250295, 0.010032360442, -0.00398795912042], [0.00230731489137, 0.00117397261783, 0.00178670301102, 0.00141807505861, -0.00201333896257, 0.00645482540131, -0.00979791302234, 0.0206760875881, -0.0105676781386, 0.0050495415926, 0.00341237569228, -0.00918326899409, 0.010697173886], [-0.00215570954606, 0.00573029462248, -0.000383089820389, 0.00630548223853, -0.000734475033823, 0.00391983985901, 0.00528437504545, -0.0105676781386, 0.0256377384067, -0.0175693258643, 0.0120609235018, -0.00353213655762, 0.00357283442281], [0.00271107512526, -0.000495152955409, 0.00265514152125, -0.00525889080018, 0.00745736155659, -0.00838972255588, 0.00444327993318, 0.0050495415926, -0.0175693258643, 0.0304518043995, -0.0216522756964, 0.0126734217629, -0.00480409618467], [-0.00103280658368, 0.00395631138235, 0.000423082965426, 0.00721995066851, -0.00442461995408, 0.0114718060941, -0.00481287250295, 0.00341237569228, 0.0120609235018, -0.0216522756964, 0.0346834361553, -0.0232940595597, 0.0146582173184], [0.00130972755142, -0.00158520531841, 0.00069472118048, -0.00473996624351, 0.00501364236698, -0.00998188555241, 0.010032360442, -0.00918326899409, -0.00353213655762, 0.0126734217629, -0.0232940595597, 0.0326736047864, -0.0192985162139], [0.000297561578918, 0.00446020020172, 0.00218092463911, 0.00567657640204, 0.000719024857972, 0.00651472155005, -0.00398795912042, 0.010697173886, 0.00357283442281, -0.00480409618467, 0.0146582173184, -0.0192985162139, 0.0309545993805]]}, "melbands": {"dmean": [8.96396556982e-07, 3.65209393749e-06, 7.5129751167e-06, 5.78990438953e-05, 0.000111913279397, 5.23721355421e-05, 0.000123282530694, 0.000174465283635, 0.000194948923308, 0.000213285515201, 5.50441582163e-05, 1.83548836503e-05, 2.12748291233e-05, 1.1953635294e-05, 9.39941310207e-06, 9.12398081709e-06, 5.25732275491e-06, 5.93798949922e-06, 3.1985705391e-06, 1.95376810552e-06, 9.46309057781e-07, 8.21502226245e-07, 1.99634746423e-06, 1.19523932085e-07, 1.25679932239e-07, 8.28656965268e-08, 7.38849976756e-08, 2.73971281217e-08, 8.36555358319e-08, 5.40655271664e-08, 4.78479611488e-09, 6.269374353e-09, 4.50009451924e-09, 4.37144009879e-09, 1.14406617513e-09, 1.27402099981e-09, 1.62101232437e-09, 1.84131998537e-09, 7.8371015233e-10, 5.1260251599e-10], "dmean2": [1.49566255914e-06, 5.3857788771e-06, 1.19278620332e-05, 7.69898397266e-05, 0.000135504335049, 6.90305168973e-05, 0.000173156891833, 0.00022751672077, 0.000257415813394, 0.000290810741717, 7.46474470361e-05, 2.29498036788e-05, 3.2372878195e-05, 1.66305744642e-05, 1.27136090669e-05, 1.17863846754e-05, 6.77396565152e-06, 7.17971579434e-06, 4.04350566896e-06, 2.49836421062e-06, 1.20099355172e-06, 1.19477260796e-06, 3.19935065818e-06, 1.73721787178e-07, 1.5811775711e-07, 1.08139140309e-07, 8.70650254114e-08, 3.92267018867e-08, 1.14293520426e-07, 7.67586456618e-08, 7.55681295317e-09, 9.46598088802e-09, 6.62769528148e-09, 6.79301992434e-09, 1.87776394434e-09, 2.29349050862e-09, 2.70004107961e-09, 3.10197223463e-09, 1.47265510897e-09, 9.66597579755e-10], "dvar": [4.05079355476e-12, 6.56110554775e-10, 1.17862397619e-09, 2.13145128214e-08, 1.29939067506e-07, 5.22399155045e-08, 4.59499830185e-07, 1.17015338219e-06, 1.37358063057e-06, 3.26656481775e-06, 3.06567699226e-07, 4.17208241288e-08, 2.42735644918e-08, 4.87981344222e-09, 4.84709472559e-09, 5.26008125945e-09, 1.40669087489e-09, 2.82969803145e-09, 7.8526135594e-10, 4.0259245937e-10, 6.8098235384e-11, 1.22910015499e-10, 1.0358197633e-09, 1.37048044354e-12, 1.0188441887e-12, 1.58300087448e-12, 8.23915209062e-13, 1.5761597214e-13, 7.23679406331e-12, 1.30019595351e-12, 5.29391907441e-15, 1.43597444726e-14, 9.12307508455e-15, 7.01379448633e-15, 4.76807922081e-16, 1.88033796873e-15, 4.79478204035e-15, 6.98031339151e-15, 1.46669578169e-15, 6.07372492246e-16], "dvar2": [1.16746291454e-11, 1.05161090946e-09, 2.55848964237e-09, 3.49352298201e-08, 1.56751170266e-07, 8.77996839677e-08, 8.20410377855e-07, 1.7171817035e-06, 2.5930423817e-06, 6.27901090411e-06, 5.82489803946e-07, 5.58947697016e-08, 6.26718019703e-08, 1.08591402537e-08, 8.94676510654e-09, 9.60046531162e-09, 2.17936602098e-09, 3.99743349533e-09, 1.23468435476e-09, 6.30913432609e-10, 1.29685207018e-10, 3.0130087314e-10, 2.43062481253e-09, 2.95006965904e-12, 1.58508297633e-12, 3.07414315358e-12, 1.4265167823e-12, 2.67031622508e-13, 1.50025304679e-11, 2.5767608533e-12, 1.2803577236e-14, 3.36361696146e-14, 2.04296283124e-14, 1.70922744545e-14, 1.27124070565e-15, 5.48881627337e-15, 1.25645496205e-14, 1.84948966407e-14, 4.27667146827e-15, 1.77922785757e-15], "max": [6.13195588812e-05, 0.00204726983793, 0.00196855212562, 0.00425202539191, 0.0163079518825, 0.011352780275, 0.0338524542749, 0.0505382418633, 0.0560324713588, 0.101589418948, 0.0295548792928, 0.0173551235348, 0.00706792762503, 0.00361794419587, 0.00408358266577, 0.00375268002972, 0.00207847100683, 0.00349345291033, 0.00170267373323, 0.00105652608909, 0.00036843153066, 0.000611697963905, 0.00185144494753, 5.21785477758e-05, 4.80238777527e-05, 0.000102085628896, 6.03632215643e-05, 2.48512242251e-05, 0.000195927539608, 7.49879618525e-05, 3.84822078558e-06, 7.69815778767e-06, 6.29704982202e-06, 4.51427558801e-06, 1.11884662601e-06, 2.83224176201e-06, 4.62306661575e-06, 5.54781718165e-06, 2.35930087911e-06, 1.50574589952e-06], "mean": [3.69591725757e-06, 1.42732842505e-05, 2.29201887123e-05, 0.000312308460707, 0.000530145072844, 0.000224684466957, 0.000341006263625, 0.000446924590506, 0.000601169886068, 0.000715148169547, 0.000147428072523, 5.74235345994e-05, 5.72209282836e-05, 3.47423811036e-05, 2.05329870369e-05, 2.54242077062e-05, 1.65654346347e-05, 1.39690728247e-05, 7.01036515238e-06, 4.79796017316e-06, 2.40834515353e-06, 1.33301080041e-06, 2.58353020399e-06, 2.29510163763e-07, 2.87648759922e-07, 1.52473404569e-07, 1.27305426645e-07, 4.25715143137e-08, 1.10094802608e-07, 7.16475767604e-08, 5.94406612819e-09, 8.19944823149e-09, 4.78796957637e-09, 4.23116608417e-09, 1.32113164852e-09, 1.35993993844e-09, 1.30932353848e-09, 1.41157541211e-09, 5.96516391838e-10, 4.22324314409e-10], "median": [3.20265962728e-06, 1.61220305017e-06, 6.75911041981e-06, 0.000138071569381, 0.000129626132548, 3.42857601936e-05, 4.20866272179e-05, 2.98027971439e-05, 3.83219667128e-05, 2.0505158318e-05, 6.2223380155e-06, 3.9201859181e-06, 4.56744101029e-06, 4.15155955125e-06, 1.87178738997e-06, 1.81057851023e-06, 1.15757211461e-06, 7.49145442569e-07, 2.77970912066e-07, 6.73217641634e-08, 4.82104240973e-08, 1.21377183859e-08, 8.12074851808e-09, 1.09357800593e-09, 9.86643322598e-10, 3.85286774707e-10, 2.55443860508e-10, 2.18569440325e-10, 1.86114734735e-10, 1.64779717648e-10, 1.63756536109e-10, 1.70387814968e-10, 1.69848246578e-10, 1.57919233246e-10, 1.54659410279e-10, 1.53428256211e-10, 1.49827400486e-10, 1.46973849757e-10, 1.40632838708e-10, 1.38656044979e-10], "min": [8.29117344961e-24, 3.64542130077e-24, 3.29876860331e-24, 4.29031903509e-24, 3.25733112047e-24, 1.81708015567e-24, 5.56380007135e-24, 1.4393327307e-23, 1.07368710255e-23, 9.10090603667e-24, 8.19175646517e-24, 5.76209130393e-24, 7.52896894324e-24, 7.91617895199e-24, 4.34557479719e-24, 6.24612136702e-24, 4.59612924804e-24, 1.04686236078e-23, 7.90727823439e-24, 4.4677251752e-24, 6.62882343012e-24, 7.87169350782e-24, 5.52982698761e-24, 6.88652772178e-24, 1.19062271554e-23, 1.7231495805e-23, 1.72114208727e-23, 7.47953260803e-24, 1.12017593787e-23, 1.05536525582e-23, 6.5531547088e-24, 8.04893398714e-24, 6.02776940162e-24, 5.53163702896e-24, 7.67030915163e-24, 6.1900727997e-24, 1.18345212768e-23, 1.10327120087e-23, 1.02678884841e-23, 8.64951193809e-24], "var": [9.72773857993e-12, 1.21151986221e-08, 3.99630462056e-09, 1.97887402464e-07, 1.52179916313e-06, 4.13158687707e-07, 1.50196126469e-06, 4.5604024308e-06, 6.31843749943e-06, 1.68173301063e-05, 1.09410871119e-06, 3.14259352763e-07, 5.33377857437e-08, 1.45471670265e-08, 1.21239747131e-08, 2.10963406744e-08, 6.88202161925e-09, 1.10321378699e-08, 2.74642131259e-09, 1.35019206926e-09, 1.65815167152e-10, 1.40105413382e-10, 1.20428433892e-09, 2.63078708124e-12, 3.94923677094e-12, 2.65175143128e-12, 1.79180411827e-12, 2.93995540803e-13, 1.01011152567e-11, 1.88980992313e-12, 5.79120280038e-15, 1.76153799799e-14, 9.71126323346e-15, 6.53832863502e-15, 4.2388488002e-16, 1.41508225256e-15, 3.43584134329e-15, 4.87960053155e-15, 8.14325934666e-16, 3.30409553274e-16]}, "mfcc": {"mean": [-884.415405273, 217.855819702, 13.7176914215, -36.5649986267, -12.4265403748, -7.92311763763, -18.2563648224, -18.8969898224, -11.5499897003, -4.88196516037, -2.29507637024, -3.20589208603, -4.75733232498], "cov": [[6633.55126953, 2648.80664062, -2887.47167969, -841.039672852, -69.3192214966, -574.391357422, -549.320983887, -226.082443237, -178.473114014, -221.0496521, -288.556060791, -322.132354736, -233.599624634], [2648.80664062, 1755.20275879, -834.129150391, -771.887207031, -67.6382064819, -162.004867554, -296.762390137, -214.657440186, -186.606292725, -212.144577026, -226.353790283, -230.427871704, -186.564987183], [-2887.47167969, -834.129150391, 1682.16149902, 275.357177734, -143.732940674, 278.783416748, 227.932876587, 12.7334680557, -9.27680397034, 25.5559005737, 65.4341049194, 67.6556091309, 5.38590860367], [-841.039672852, -771.887207031, 275.357177734, 573.083435059, 36.4286766052, -49.4569091797, 114.815429688, 105.599273682, 62.2088813782, 85.6353149414, 109.488433838, 94.5189285278, 61.4607543945], [-69.3192214966, -67.6382064819, -143.732940674, 36.4286766052, 237.449493408, 42.0801200867, -47.7391853333, 6.358502388, 12.6742963791, -9.48233032227, -9.26096534729, 18.2852611542, 31.9572696686], [-574.391357422, -162.004867554, 278.783416748, -49.4569091797, 42.0801200867, 237.492431641, 85.2234115601, -38.287273407, -5.34167957306, 3.12103915215, -24.416639328, -28.5436573029, -14.3472518921], [-549.320983887, -296.762390137, 227.932876587, 114.815429688, -47.7391853333, 85.2234115601, 188.656677246, 81.163230896, 6.06584262848, 19.0319671631, 9.17336940765, -17.2297878265, -2.89771842957], [-226.082443237, -214.657440186, 12.7334680557, 105.599273682, 6.358502388, -38.287273407, 81.163230896, 162.388473511, 79.1868743896, 1.35515260696, 9.11937236786, 25.6547374725, 24.2446937561], [-178.473114014, -186.606292725, -9.27680397034, 62.2088813782, 12.6742963791, -5.34167957306, 6.06584262848, 79.1868743896, 125.815841675, 58.3205413818, 16.6198654175, 33.7759933472, 17.6547718048], [-221.0496521, -212.144577026, 25.5559005737, 85.6353149414, -9.48233032227, 3.12103915215, 19.0319671631, 1.35515260696, 58.3205413818, 121.377685547, 83.9352111816, 22.8210411072, 8.43076229095], [-288.556060791, -226.353790283, 65.4341049194, 109.488433838, -9.26096534729, -24.416639328, 9.17336940765, 9.11937236786, 16.6198654175, 83.9352111816, 134.127090454, 82.5802688599, 25.451915741], [-322.132354736, -230.427871704, 67.6556091309, 94.5189285278, 18.2852611542, -28.5436573029, -17.2297878265, 25.6547374725, 33.7759933472, 22.8210411072, 82.5802688599, 145.80859375, 87.6224746704], [-233.599624634, -186.564987183, 5.38590860367, 61.4607543945, 31.9572696686, -14.3472518921, -2.89771842957, 24.2446937561, 17.6547718048, 8.43076229095, 25.451915741, 87.6224746704, 125.232810974]], "icov": [[0.0109969032928, -0.0139935901389, 0.0163881592453, -0.0149896293879, 0.0171695053577, -0.0159232821316, 0.017372213304, -0.0163045562804, 0.0172054618597, -0.0149478083476, 0.0143725015223, -0.00938508659601, 0.00589669682086], [-0.0139935901389, 0.0230975858867, -0.0200422424823, 0.0239012874663, -0.0216595567763, 0.0244131814688, -0.0209316238761, 0.0235013160855, -0.0208257567137, 0.0227056797594, -0.017473841086, 0.0138530572876, -0.00400521745905], [0.0163881592453, -0.0200422424823, 0.0257155317813, -0.0224644429982, 0.0270229540765, -0.0254024863243, 0.026934210211, -0.0249862708151, 0.0270940549672, -0.0221160631627, 0.0220977701247, -0.0148866213858, 0.0098788170144], [-0.0149896293879, 0.0239012874663, -0.0224644429982, 0.0286898165941, -0.0260615553707, 0.0298958402127, -0.0279088206589, 0.028038399294, -0.0260959733278, 0.0250858701766, -0.0213170424104, 0.0149165233597, -0.00558038568124], [0.0171695053577, -0.0216595567763, 0.0270229540765, -0.0260615553707, 0.035914413631, -0.0335387140512, 0.0377712734044, -0.0357251241803, 0.036188043654, -0.0297153871506, 0.027777755633, -0.0175631288439, 0.00971258617938], [-0.0159232821316, 0.0244131814688, -0.0254024863243, 0.0298958402127, -0.0335387140512, 0.0452890880406, -0.0440573990345, 0.0475476123393, -0.0443779751658, 0.0392632223666, -0.0302703287452, 0.0220117494464, -0.00902574136853], [0.017372213304, -0.0209316238761, 0.026934210211, -0.0279088206589, 0.0377712734044, -0.0440573990345, 0.0622656345367, -0.0608644075692, 0.0614603795111, -0.051368471235, 0.0423827320337, -0.0236162990332, 0.0150021994486], [-0.0163045562804, 0.0235013160855, -0.0249862708151, 0.028038399294, -0.0357251241803, 0.0475476123393, -0.0608644075692, 0.0789884999394, -0.0784071981907, 0.0719451010227, -0.0554795898497, 0.0365731045604, -0.0183284468949], [0.0172054618597, -0.0208257567137, 0.0270940549672, -0.0260959733278, 0.036188043654, -0.0443779751658, 0.0614603795111, -0.0784071981907, 0.0973595306277, -0.0870792344213, 0.0730423256755, -0.0489686913788, 0.026547672227], [-0.0149478083476, 0.0227056797594, -0.0221160631627, 0.0250858701766, -0.0297153871506, 0.0392632223666, -0.051368471235, 0.0719451010227, -0.0870792344213, 0.101107247174, -0.0813998058438, 0.0549458377063, -0.0248844679445], [0.0143725015223, -0.017473841086, 0.0220977701247, -0.0213170424104, 0.027777755633, -0.0302703287452, 0.0423827320337, -0.0554795898497, 0.0730423256755, -0.0813998058438, 0.0834448337555, -0.0555148944259, 0.0285203959793], [-0.00938508659601, 0.0138530572876, -0.0148866213858, 0.0149165233597, -0.0175631288439, 0.0220117494464, -0.0236162990332, 0.0365731045604, -0.0489686913788, 0.0549458377063, -0.0555148944259, 0.052675075829, -0.0265408400446], [0.00589669682086, -0.00400521745905, 0.0098788170144, -0.00558038568124, 0.00971258617938, -0.00902574136853, 0.0150021994486, -0.0183284468949, 0.026547672227, -0.0248844679445, 0.0285203959793, -0.0265408400446, 0.0264206789434]]}, "spectral_contrast_coeffs": {"dmean": [0.0262054633349, 0.0298032574356, 0.0243679434061, 0.0211449339986, 0.0134882535785, 0.01137116272], "dmean2": [0.042220633477, 0.0486144348979, 0.038197003305, 0.0334068089724, 0.0212099160999, 0.0195913761854], "dvar": [0.000595632358454, 0.00100973248482, 0.000852421508171, 0.000601970008574, 0.000275295285974, 0.000224756338866], "dvar2": [0.00139488198329, 0.00232093851082, 0.00184053054545, 0.00128983182367, 0.000507291173562, 0.00054599129362], "max": [-0.262347877026, -0.347358524799, -0.369954437017, -0.43009608984, -0.56315779686, -0.592377066612], "mean": [-0.536460697651, -0.661514937878, -0.657602310181, -0.68546384573, -0.803302943707, -0.872835755348], "median": [-0.513594388962, -0.663259267807, -0.662665843964, -0.675680935383, -0.818187594414, -0.883768558502], "min": [-0.963532090187, -0.96206253767, -0.977538108826, -0.968922197819, -0.9604626894, -0.962264716625], "var": [0.0126061988994, 0.00891683809459, 0.00846884120256, 0.00704567460343, 0.00732751656324, 0.00133471598383]}, "spectral_contrast_valleys": {"dmean": [0.272167235613, 0.279870271683, 0.264921963215, 0.257057845592, 0.165095359087, 0.16532753408], "dmean2": [0.449428290129, 0.455719262362, 0.418793708086, 0.413097351789, 0.270823419094, 0.28612101078], "dvar": [0.106848649681, 0.149241805077, 0.164366826415, 0.186244577169, 0.09902510