{"lowlevel": {"average_loudness": 0.143848225474, "barkbands_crest": {"dmean": 1.07896006107, "dmean2": 1.409689188, "dvar": 1.61498510838, "dvar2": 3.68556714058, "max": 25.0178260803, "mean": 14.5826253891, "median": 14.1765813828, "min": 4.2291021347, "var": 24.7091293335}, "barkbands_flatness_db": {"dmean": 0.0100690675899, "dmean2": 0.0143931228667, "dvar": 0.000124861078802, "dvar2": 0.000241106536123, "max": 0.486509114504, "mean": 0.257039815187, "median": 0.250934094191, "min": 0.0793445631862, "var": 0.00428053271025}, "barkbands_kurtosis": {"dmean": 3.02711820602, "dmean2": 4.2367477417, "dvar": 34.6664924622, "dvar2": 68.5028610229, "max": 239.115539551, "mean": 11.1081075668, "median": 5.32252693176, "min": -1.94413387775, "var": 359.151641846}, "barkbands_skewness": {"dmean": 0.372238695621, "dmean2": 0.518405973911, "dvar": 0.170516252518, "dvar2": 0.33882188797, "max": 12.2133655548, "mean": 2.3585870266, "median": 2.09193825722, "min": -8.85263156891, "var": 3.28055644035}, "barkbands_spread": {"dmean": 1.60154271126, "dmean2": 2.25952911377, "dvar": 6.78020191193, "dvar2": 14.8393583298, "max": 97.8412628174, "mean": 10.4643173218, "median": 7.38642168045, "min": 0.327037513256, "var": 102.597236633}, "dissonance": {"dmean": 0.0242037884891, "dmean2": 0.0402338504791, "dvar": 0.000541696790606, "dvar2": 0.00149341335054, "max": 0.499803066254, "mean": 0.429704874754, "median": 0.434859454632, "min": 0.233726844192, "var": 0.00127507327124}, "dynamic_complexity": 5.6422753334, "erbbands_crest": {"dmean": 2.2124812603, "dmean2": 3.30930423737, "dvar": 5.49632835388, "dvar2": 13.5910587311, "max": 30.2024650574, "mean": 12.0042905807, "median": 11.233874321, "min": 2.39022088051, "var": 22.8726005554}, "erbbands_flatness_db": {"dmean": 0.0111258681864, "dmean2": 0.0160596910864, "dvar": 0.000128803163534, "dvar2": 0.000290811760351, "max": 0.434491187334, "mean": 0.234899803996, "median": 0.235618293285, "min": 0.0824389085174, "var": 0.00204558926634}, "erbbands_kurtosis": {"dmean": 0.674643576145, "dmean2": 0.990700900555, "dvar": 0.690262973309, "dvar2": 1.43519866467, "max": 30.9567184448, "mean": 0.614487171173, "median": 0.135766983032, "min": -1.73336613178, "var": 4.60244417191}, "erbbands_skewness": {"dmean": 0.244818583131, "dmean2": 0.356405317783, "dvar": 0.0520300641656, "dvar2": 0.124149769545, "max": 4.19569206238, "mean": 0.467392146587, "median": 0.472157180309, "min": -2.67028355598, "var": 0.542334675789}, "erbbands_spread": {"dmean": 4.09299612045, "dmean2": 6.05843782425, "dvar": 17.1836795807, "dvar2": 39.9011306763, "max": 108.308242798, "mean": 27.0771121979, "median": 24.4976711273, "min": 3.38273072243, "var": 167.095092773}, "hfc": {"dmean": 2.36413478851, "dmean2": 3.20388889313, "dvar": 29.45728302, "dvar2": 52.2554893494, "max": 214.762039185, "mean": 12.3118600845, "median": 5.77145242691, "min": 1.15495324638e-16, "var": 311.57989502}, "melbands_crest": {"dmean": 1.11771655083, "dmean2": 1.47427928448, "dvar": 1.52485251427, "dvar2": 3.03082537651, "max": 36.0259590149, "mean": 20.5720462799, "median": 20.5672168732, "min": 1.92235851288, "var": 59.0863113403}, "melbands_flatness_db": {"dmean": 0.0105224475265, "dmean2": 0.0145669896156, "dvar": 0.000131527529447, "dvar2": 0.000232109247008, "max": 0.630807995796, "mean": 0.349081426859, "median": 0.343257248402, "min": 0.00959994923323, "var": 0.00773433037102}, "melbands_kurtosis": {"dmean": 5.25829553604, "dmean2": 7.36086940765, "dvar": 67.8350601196, "dvar2": 128.594787598, "max": 357.208007812, "mean": 20.8081607819, "median": 10.8262233734, "min": -1.67486870289, "var": 1004.5737915}, "melbands_skewness": {"dmean": 0.452930897474, "dmean2": 0.630311071873, "dvar": 0.217817574739, "dvar2": 0.455619752407, "max": 13.96413517, "mean": 3.22808051109, "median": 2.80690217018, "min": -1.05723106861, "var": 4.26998186111}, "melbands_spread": {"dmean": 1.94732773304, "dmean2": 2.74272727966, "dvar": 10.8573274612, "dvar2": 21.6847305298, "max": 151.17036438, "mean": 11.3990468979, "median": 7.84838724136, "min": 0.435244113207, "var": 153.266342163}, "pitch_salience": {"dmean": 0.0319686792791, "dmean2": 0.0452884435654, "dvar": 0.00105065701064, "dvar2": 0.0023688620422, "max": 0.857646763325, "mean": 0.414208710194, "median": 0.401138871908, "min": 0.0813697353005, "var": 0.0210727415979}, "silence_rate_20dB": {"dmean": 0, "dmean2": 0, "dvar": 0, "dvar2": 0, "max": 1, "mean": 1, "median": 1, "min": 1, "var": 0}, "silence_rate_30dB": {"dmean": 0.010375100188, "dmean2": 0.0207543410361, "dvar": 0.0102670984343, "dvar2": 0.0255111381412, "max": 1, "mean": 0.902054667473, "median": 1, "min": 0, "var": 0.088349558413}, "silence_rate_60dB": {"dmean": 0.00798084586859, "dmean2": 0.0159648768604, "dvar": 0.00791772454977, "dvar2": 0.01890100725, "max": 1, "mean": 0.0977458581328, "median": 0, "min": 0, "var": 0.0881891995668}, "spectral_centroid": {"dmean": 88.9953384399, "dmean2": 127.640464783, "dvar": 25939.234375, "dvar2": 42168.1992188, "max": 11201.8378906, "mean": 834.981567383, "median": 657.157592773, "min": 147.278778076, "var": 305189.9375}, "spectral_complexity": {"dmean": 1.26376700401, "dmean2": 2.1113550663, "dvar": 1.48028218746, "dvar2": 3.7508559227, "max": 24, "mean": 10.4115304947, "median": 11, "min": 0, "var": 23.1009578705}, "spectral_decrease": {"dmean": 9.1595109275e-10, "dmean2": 1.1555194579e-09, "dvar": 5.14973780772e-18, "dvar2": 8.7276570893e-18, "max": 8.50840783869e-16, "mean": -1.02890203024e-08, "median": -5.70649794085e-09, "min": -9.30233667873e-08, "var": 1.4504987912e-16}, "spectral_energy": {"dmean": 0.0036274860613, "dmean2": 0.0046054944396, "dvar": 7.6992517279e-05, "dvar2": 0.000130656349938, "max": 0.353315979242, "mean": 0.0399497449398, "median": 0.022377030924, "min": 1.0646892888e-20, "var": 0.00215339125134}, "spectral_energyband_high": {"dmean": 4.37972703367e-05, "dmean2": 5.94604498474e-05, "dvar": 6.1791311623e-08, "dvar2": 1.05267645267e-07, "max": 0.0107155395672, "mean": 0.000146496764501, "median": 8.02301838121e-06, "min": 7.64339039027e-21, "var": 4.15956208144e-07}, "spectral_energyband_low": {"dmean": 0.00206559617072, "dmean2": 0.00244511570781, "dvar": 6.24709573458e-05, "dvar2": 0.000103913873318, "max": 0.350400000811, "mean": 0.0269188545644, "median": 0.0102417878807, "min": 2.58376527366e-23, "var": 0.00167017080821}, "spectral_energyband_middle_high": {"dmean": 0.00142024760135, "dmean2": 0.00201321998611, "dvar": 1.06640836748e-05, "dvar2": 2.00801732717e-05, "max": 0.121405400336, "mean": 0.00472500920296, "median": 0.00126240390819, "min": 1.65488417047e-21, "var": 8.11560676084e-05}, "spectral_energyband_middle_low": {"dmean": 0.00127415917814, "dmean2": 0.00160466274247, "dvar": 6.14731607129e-06, "dvar2": 1.21506045616e-05, "max": 0.0664255097508, "mean": 0.00845288205892, "median": 0.00620020506904, "min": 4.92110062416e-22, "var": 6.26917171758e-05}, "spectral_entropy": {"dmean": 0.0836325734854, "dmean2": 0.123053610325, "dvar": 0.0076449168846, "dvar2": 0.0152461808175, "max": 9.78958892822, "mean": 6.53822183609, "median": 6.54567098618, "min": 4.75688648224, "var": 0.157206878066}, "spectral_flux": {"dmean": 0.00902881100774, "dmean2": 0.0152443293482, "dvar": 0.000203317467822, "dvar2": 0.000545921328012, "max": 0.326119273901, "mean": 0.0338033735752, "median": 0.0270137209445, "min": 1.03183780964e-10, "var": 0.000691044027917}, "spectral_kurtosis": {"dmean": 6.95282316208, "dmean2": 12.4778032303, "dvar": 48.0436630249, "dvar2": 151.373168945, "max": 97.6573257446, "mean": 16.0860767365, "median": 12.1632795334, "min": -1.16376328468, "var": 185.450027466}, "spectral_rms": {"dmean": 0.00026089255698, "dmean2": 0.000329561938997, "dvar": 1.92098127627e-07, "dvar2": 3.14948550795e-07, "max": 0.0185660589486, "mean": 0.00532176857814, "median": 0.00467239227146, "min": 3.22291976093e-12, "var": 1.06540437628e-05}, "spectral_rolloff": {"dmean": 127.180519104, "dmean2": 219.283905029, "dvar": 228184.921875, "dvar2": 465912.28125, "max": 19875.1464844, "mean": 912.583312988, "median": 473.73046875, "min": 43.06640625, "var": 5671296}, "spectral_skewness": {"dmean": 0.531444370747, "dmean2": 0.950272858143, "dvar": 0.22968788445, "dvar2": 0.724442303181, "max": 8.11870384216, "mean": 2.52645564079, "median": 2.27746081352, "min": -0.00908043794334, "var": 1.09477424622}, "spectral_spread": {"dmean": 215973.625, "dmean2": 362912.71875, "dvar": 176555065344, "dvar2": 244187873280, "max": 39358220, "mean": 2474855.25, "median": 2157341.5, "min": 834431.8125, "var": 3142913884160.0}, "spectral_strongpeak": {"dmean": 0.249854668975, "dmean2": 0.431321561337, "dvar": 1.13532996178, "dvar2": 3.08841443062, "max": 20.9671669006, "mean": 0.803640961647, "median": 0.480876922607, "min": 4.68763472483e-09, "var": 1.7232131958}, "zerocrossingrate": {"dmean": 0.00343336141668, "dmean2": 0.00403117062524, "dvar": 6.05584100413e-05, "dvar2": 4.88089353894e-05, "max": 0.7373046875, "mean": 0.0343881286681, "median": 0.021484375, "min": 0.00146484375, "var": 0.00542277423665}, "barkbands": {"dmean": [0.000131501103169, 0.00192493316717, 0.000281422544504, 0.000158079346875, 0.000310468283715, 0.00034041685285, 0.000690295943059, 0.000145873491419, 0.000262138055405, 0.000249375996646, 0.000714686058927, 0.000227137905313, 0.000215685999137, 3.82663529308e-05, 0.000148713617818, 0.000153704517288, 0.000167007456184, 0.000145057827467, 4.28483726864e-05, 8.36760737002e-05, 8.7636299213e-06, 1.32096056404e-05, 5.82000939175e-06, 1.55831321536e-06, 1.06149775547e-06, 5.2329016853e-07, 7.92869769839e-08], "dmean2": [0.000175300054252, 0.00223908224143, 0.000402800738811, 0.000201222472242, 0.000319128273986, 0.000324660708429, 0.000953358598053, 0.00016435503494, 0.000352621253114, 0.000331518764142, 0.00103248714004, 0.000309953320539, 0.000328994938172, 5.91125935898e-05, 0.000221327907639, 0.000229098513955, 0.000242345544393, 0.000225647978368, 5.90420349909e-05, 0.00011981712305, 1.28591891553e-05, 1.78982354555e-05, 8.24232665764e-06, 2.13426233131e-06, 1.37536835609e-06, 7.28034081021e-07, 1.06099776076e-07], "dvar": [3.93915769337e-07, 5.2171479183e-05, 9.98287191578e-07, 5.44350733378e-08, 1.94164357481e-07, 4.47291540695e-07, 5.22190475749e-06, 8.44916598908e-08, 6.67693086598e-07, 9.1887727649e-07, 3.327353852e-06, 1.21900154681e-06, 1.02764647636e-06, 1.51682346683e-08, 3.37045406695e-07, 8.62889407927e-07, 1.02556850834e-06, 3.04074205815e-07, 4.78494932565e-08, 1.35128274792e-07, 1.19241916341e-09, 4.10592893019e-09, 6.05981542723e-10, 5.50909352859e-11, 2.17112959555e-11, 5.37492186176e-12, 1.35852090753e-13], "dvar2": [5.8477633047e-07, 9.06319037313e-05, 2.22023800234e-06, 1.37100940378e-07, 2.31976073906e-07, 5.75673198e-07, 1.0291968465e-05, 8.89526674541e-08, 1.42484043408e-06, 1.29567752083e-06, 6.89068747306e-06, 1.88643764432e-06, 2.41161001213e-06, 3.35717267319e-08, 6.75779745052e-07, 2.1680862119e-06, 1.77092260856e-06, 6.99032852935e-07, 6.8954456367e-08, 2.70838597771e-07, 2.57287058325e-09, 6.33241148407e-09, 1.076309597e-09, 8.44868966454e-11, 3.58511796639e-11, 9.89211750707e-12, 2.5118215884e-13], "max": [0.0357790067792, 0.316858351231, 0.0382862873375, 0.00865734927356, 0.0198188852519, 0.0290674604475, 0.0503380224109, 0.0119032803923, 0.0367313474417, 0.0515802502632, 0.0438044033945, 0.0641351789236, 0.0316968597472, 0.00330640748143, 0.0247586909682, 0.0423716641963, 0.0416453368962, 0.01839293167, 0.0130585506558, 0.0152213089168, 0.000918843958061, 0.00267874635756, 0.0011304464424, 0.000419258867623, 0.00017954550276, 8.06949101388e-05, 1.19012574942e-05], "mean": [0.00239095580764, 0.0228757523, 0.00140542571899, 0.000908684975002, 0.00236709765159, 0.00249320361763, 0.00158503651619, 0.000393679452827, 0.000634958443698, 0.000549077056348, 0.00160395458806, 0.000573833589442, 0.000480388815049, 7.03108962625e-05, 0.0003082776675, 0.000291888864012, 0.000345102249412, 0.000312488904456, 9.32082912186e-05, 0.000190218590433, 1.79031121661e-05, 3.50367372448e-05, 1.54064400704e-05, 3.85657040169e-06, 2.7609873996e-06, 1.10709186174e-06, 1.87462305234e-07], "median": [0.000272209465038, 0.00710493745282, 0.000321881962009, 0.000486434466438, 0.00122761551756, 0.0013942978112, 0.000242788839387, 0.000170540282852, 0.000217611523112, 0.000111482208013, 0.000261243287241, 5.49502728973e-05, 5.54837170057e-05, 2.76618902717e-05, 4.33540881204e-05, 4.06153412769e-05, 3.36341727234e-05, 3.24801258103e-05, 1.51284330059e-05, 1.07142568595e-05, 2.07500920624e-06, 9.82733354249e-07, 4.69288011118e-07, 2.0181765592e-07, 6.82648533257e-08, 2.47454554625e-08, 7.46847117483e-09], "min": [8.67381851752e-25, 6.82847860321e-24, 1.54229785372e-23, 3.81163271577e-24, 3.51545354784e-23, 1.02531287388e-22, 1.19260357683e-22, 8.95060641943e-23, 1.37735341244e-22, 4.83541947513e-23, 1.00830490655e-22, 1.4238638941e-22, 9.68163687832e-23, 7.16206374088e-23, 1.09908468449e-22, 2.04179214646e-22, 1.25660607088e-22, 3.56922072942e-22, 2.21205559284e-22, 3.33543441642e-22, 4.51611988269e-22, 3.76513490321e-22, 6.01554781627e-22, 8.40095161717e-22, 1.24918620929e-21, 1.6940295438e-21, 2.4356910709e-21], "var": [1.21546981973e-05, 0.00132554920856, 1.42132403198e-05, 1.35853633765e-06, 8.25485949463e-06, 1.34559777507e-05, 2.03252748179e-05, 5.43656312857e-07, 3.3408125546e-06, 6.44659940008e-06, 1.35928612508e-05, 9.33789124247e-06, 3.86124202123e-06, 3.66417935993e-08, 1.31792546654e-06, 2.05620744964e-06, 3.21403967973e-06, 1.11822112103e-06, 2.32825158264e-07, 6.29674616448e-07, 3.61875773791e-09, 2.43085853668e-08, 4.13751166661e-09, 3.06164094077e-10, 1.34502145532e-10, 1.82911776003e-11, 5.49894223038e-13]}, "erbbands": {"dmean": [0.0625997111201, 0.414471179247, 0.403508633375, 0.375770717859, 0.712459445, 1.33822309971, 2.27391338348, 2.39043903351, 5.34243965149, 9.65385723114, 4.16554307938, 4.76427459717, 4.86090278625, 32.2060317993, 7.60622167587, 8.26120567322, 8.96024894714, 3.44573450089, 3.30768036842, 6.59342718124, 9.91963768005, 12.1848173141, 9.89086151123, 2.70685958862, 3.24323058128, 2.70023989677, 0.826531291008, 0.25029411912, 0.607066273689, 0.288770973682, 0.133956879377, 0.0512004457414, 0.0239980276674, 0.0134676452726, 0.00910512171686, 0.00294606387615, 0.00089634465985, 8.46654947964e-05, 1.7724772988e-05, 4.46532339993e-06], "dmean2": [0.0713132694364, 0.492079645395, 0.591349840164, 0.481060862541, 0.745376586914, 1.26427197456, 2.17768955231, 2.558177948, 7.02143335342, 13.4701271057, 5.17143630981, 6.58846473694, 5.88014411926, 46.3151931763, 10.7959518433, 11.5394830704, 13.2451572418, 5.24744796753, 5.03717708588, 9.64815330505, 14.7574729919, 17.6914043427, 15.062458992, 3.75298142433, 4.75353050232, 3.63161826134, 1.20791482925, 0.350126564503, 0.826404929161, 0.378615379333, 0.191091313958, 0.0702449306846, 0.0340405032039, 0.0178222712129, 0.0116304308176, 0.00424203462899, 0.00122788909357, 0.000118135547382, 2.3182874429e-05, 5.7499896684e-06], "dvar": [0.0813156738877, 1.96690714359, 1.89763975143, 0.533370137215, 1.46343040466, 3.9073870182, 12.2763910294, 46.3718948364, 311.542175293, 844.621520996, 62.591255188, 392.934448242, 436.902832031, 7352.39404297, 403.651123047, 1722.80883789, 1623.84082031, 205.28036499, 113.154418945, 603.482421875, 3831.99682617, 5043.38525391, 1376.79223633, 171.779266357, 183.540145874, 184.273071289, 24.1657943726, 0.959853410721, 11.5206613541, 1.43268620968, 0.457092046738, 0.0578034333885, 0.0135023156181, 0.00351662794128, 0.00253315735608, 0.000191809420357, 1.81170908036e-05, 1.20026768968e-07, 9.72526414955e-09, 1.11261624913e-10], "dvar2": [0.135813519359, 3.56989550591, 4.08226728439, 1.1166895628, 1.91365230083, 3.95062112808, 11.8858318329, 64.0037078857, 564.185913086, 1812.99816895, 119.806549072, 853.944152832, 372.812255859, 15638.46875, 798.612060547, 2938.88061523, 3467.96484375, 471.715911865, 242.287796021, 1177.75, 9746.53027344, 8666.20898438, 3078.3840332, 261.269012451, 383.375091553, 280.297790527, 50.0526199341, 1.52244305611, 17.3751373291, 2.16516900063, 0.84227836132, 0.0910916849971, 0.0264390483499, 0.00563727226108, 0.00394774135202, 0.000433859822806, 2.85031073872e-05, 2.39657282464e-07, 1.65261706542e-08, 1.90827811886e-10], "max": [11.0587749481, 64.2889633179, 60.1300010681, 29.3183288574, 65.4657287598, 86.4297332764, 250.495071411, 267.161743164, 466.053466797, 573.739929199, 258.772277832, 1032.00671387, 1470.62414551, 2463.62036133, 604.868591309, 2370.91601562, 1570.45751953, 499.117614746, 431.640197754, 968.84954834, 2790.18286133, 2951.38037109, 1283.99475098, 758.750610352, 682.233032227, 433.149536133, 219.359909058, 44.6749153137, 157.946014404, 41.6524276733, 29.7667007446, 13.2951049805, 4.0464091301, 2.58547735214, 2.74715709686, 0.472578167915, 0.206471294165, 0.0106016797945, 0.00383028388023, 0.000399498909246], "mean": [1.06362724304, 3.49424338341, 2.3197054863, 2.11767148972, 5.41225481033, 10.2450494766, 19.5433940887, 13.3261365891, 13.9448232651, 22.7063331604, 11.2674894333, 12.2840070724, 14.0794773102, 71.0207138062, 18.9683856964, 22.2993144989, 22.9116096497, 7.02901124954, 7.67212820053, 14.3097801208, 19.3100681305, 25.7647457123, 21.289598465, 6.4011554718, 7.6883187294, 5.92346954346, 1.98963689804, 0.65119343996, 1.56809604168, 0.73681974411, 0.331114143133, 0.138832092285, 0.0572285242379, 0.0352013222873, 0.0201754514128, 0.00636150175706, 0.00182771938853, 0.000206226512091, 5.5742868426e-05, 4.62929201603e-05], "median": [0.455985933542, 0.478257745504, 0.511353850365, 1.2418872118, 2.24848175049, 4.866543293, 11.4183320999, 7.07619905472, 3.00362062454, 4.73192405701, 5.72998189926, 3.86712408066, 4.58434820175, 11.2666044235, 4.98140525818, 2.69094586372, 3.19904613495, 2.2271296978, 2.05055093765, 3.22952532768, 2.7191259861, 2.85707235336, 2.05238246918, 1.14482533932, 0.92948359251, 0.4371547997, 0.144115358591, 0.0656691342592, 0.0424850061536, 0.0195375308394, 0.0123382443562, 0.00554975913838, 0.00272689759731, 0.00111418054439, 0.000369719899027, 0.000151660700794, 5.36085171916e-05, 9.11787537916e-06, 1.3956753719e-05, 2.55539307545e-05], "min": [6.76570531222e-23, 2.12661491385e-21, 1.34357258608e-20, 2.12457576016e-20, 3.78219093931e-20, 1.77461829352e-19, 2.77689779061e-19, 8.90694641912e-19, 1.90461169134e-18, 1.53636659906e-18, 2.65968779708e-18, 2.9544689112e-18, 1.40982140703e-18, 1.57937161571e-18, 7.37815824204e-18, 3.85900683425e-18, 4.06692240353e-18, 3.60532212091e-18, 4.09976395539e-18, 7.73183999245e-18, 1.13082215453e-17, 9.0187742069e-18, 1.67641617634e-17, 1.77009223004e-17, 9.3120676367e-18, 1.71992455307e-17, 1.50109541095e-17, 1.82419662499e-17, 1.42141144818e-17, 1.40176756299e-17, 1.73677471846e-17, 1.25843453363e-17, 1.79261635812e-17, 1.2551455808e-17, 9.73841637674e-18, 6.14235412919e-18, 2.84312130176e-18, 1.40742558178e-18, 3.60534347251e-19, 3.37446747616e-20], "var": [2.64708542824, 38.1613197327, 31.9381008148, 6.81470775604, 74.5552978516, 174.483108521, 858.479370117, 499.970336914, 1163.81323242, 3385.48095703, 320.159790039, 2235.78344727, 4826.53759766, 27129.2304688, 1542.06958008, 14324.1220703, 9487.84960938, 436.980895996, 498.257720947, 2123.35449219, 8688.00976562, 15793.0087891, 5081.81787109, 791.765930176, 836.105834961, 749.126281738, 97.2489624023, 5.40198755264, 58.2323455811, 7.19614648819, 2.66265916824, 0.40456584096, 0.0550746209919, 0.0233746729791, 0.0107744671404, 0.000587183982134, 6.943448534e-05, 4.78309118535e-07, 3.5618956673e-08, 2.8954894038e-09]}, "gfcc": {"mean": [-117.255523682, 167.494720459, -124.992172241, 17.8346042633, -34.2774124146, -11.8620834351, -21.5237007141, -0.929723620415, -12.8900585175, -12.6531534195, -2.59006500244, 1.13103032112, 3.18892335892], "cov": [[21093.5761719, 977.689575195, -1794.79663086, 2843.95874023, 241.402709961, 989.912109375, -122.812553406, 463.723327637, -473.652740479, -16.2466011047, -202.380874634, 130.305007935, -321.506469727], [977.689575195, 2241.3671875, -83.6544952393, -35.9139938354, 425.975097656, -187.36907959, 103.818992615, -212.148895264, 130.584106445, -157.178665161, 122.320838928, -196.142776489, 95.798034668], [-1794.79663086, -83.6544952393, 856.668273926, 92.5767364502, 300.560760498, 240.449066162, 227.674911499, 161.99357605, 260.782684326, 156.426864624, 168.492126465, 107.821578979, 132.824874878], [2843.95874023, -35.9139938354, 92.5767364502, 761.440856934, 237.742736816, 338.993377686, 148.748062134, 185.447967529, 57.7603569031, 103.468162537, 53.8055648804, 75.2545623779, 28.6090717316], [241.402709961, 425.975097656, 300.560760498, 237.742736816, 407.739898682, 192.7918396, 196.432754517, 102.452194214, 179.875457764, 81.6450653076, 154.624969482, 35.6620521545, 81.5065536499], [989.912109375, -187.36907959, 240.449066162, 338.993377686, 192.7918396, 339.628082275, 161.228729248, 176.909286499, 97.0525054932, 107.014518738, 82.4067382812, 113.878700256, 44.0674095154], [-122.812553406, 103.818992615, 227.674911499, 148.748062134, 196.432754517, 161.228729248, 261.97857666, 131.889358521, 145.92175293, 89.6605987549, 133.550811768, 60.4408493042, 89.7827301025], [463.723327637, -212.148895264, 161.99357605, 185.447967529, 102.452194214, 176.909286499, 131.889358521, 231.926696777, 128.105239868, 94.0270614624, 80.8784484863, 78.0398330688, 46.8126754761], [-473.652740479, 130.584106445, 260.782684326, 57.7603569031, 179.875457764, 97.0525054932, 145.92175293, 128.105239868, 258.490081787, 120.82170105, 128.371398926, 33.6801376343, 84.3170700073], [-16.2466011047, -157.178665161, 156.426864624, 103.468162537, 81.6450653076, 107.014518738, 89.6605987549, 94.0270614624, 120.82170105, 183.994827271, 105.787437439, 52.7434425354, 35.0752487183], [-202.380874634, 122.320838928, 168.492126465, 53.8055648804, 154.624969482, 82.4067382812, 133.550811768, 80.8784484863, 128.371398926, 105.787437439, 207.694259644, 64.1809234619, 54.2317504883], [130.305007935, -196.142776489, 107.821578979, 75.2545623779, 35.6620521545, 113.878700256, 60.4408493042, 78.0398330688, 33.6801376343, 52.7434425354, 64.1809234619, 143.602890015, 49.0096435547], [-321.506469727, 95.798034668, 132.824874878, 28.6090717316, 81.5065536499, 44.0674095154, 89.7827301025, 46.8126754761, 84.3170700073, 35.0752487183, 54.2317504883, 49.0096435547, 136.422393799]], "icov": [[0.000470647821203, -0.000771431194153, 0.000972062698565, -0.00144788634498, 0.000743797223549, -0.00118230399676, 0.000963539234363, -0.00122818350792, 0.000618089805357, -0.000577130296733, 0.00022884538339, -0.000697170267813, 0.000658788019791], [-0.000771431194153, 0.0025749753695, -0.00107283925172, 0.00216566119343, -0.00289145787247, 0.00257750507444, -0.00180881679989, 0.00339583191089, -0.00196241494268, 0.00247308472171, -0.00123743363656, 0.00221093767323, -0.00184106302913], [0.000972062698565, -0.00107283925172, 0.00444873934612, -0.00234749098308, 5.54375583306e-06, -0.00344666745514, 0.00173423916567, -0.0017715311842, -0.000151951855514, -0.00108776043635, 0.000483129522763, -0.00143721804488, 0.000479525944684], [-0.00144788634498, 0.00216566119343, -0.00234749098308, 0.00747096771374, -0.00343607459217, 0.00091197976144, -0.00275055784732, 0.00257914722897, -0.000655324140098, 0.000554259633645, 0.000135700262035, 0.00267393537797, -0.00228266790509], [0.000743797223549, -0.00289145787247, 5.54375583306e-06, -0.00343607459217, 0.0103358533233, -0.00507951201871, 0.000550358032342, -0.00148988794535, -0.000587294984143, -0.000352793751517, -0.00191485206597, -0.000135087306262, 0.00137654785067], [-0.00118230399676, 0.00257750507444, -0.00344666745514, 0.00091197976144, -0.00507951201871, 0.0147570557892, -0.00478866463527, 0.000572684337385, -0.000513491453603, 0.000417024537455, 0.0015661084326, -0.00291107525118, 0.000424560770625], [0.000963539234363, -0.00180881679989, 0.00173423916567, -0.00275055784732, 0.000550358032342, -0.00478866463527, 0.0115795442834, -0.00470123346895, 0.00101344462018, -0.000988629646599, -0.00247208261862, -4.13168454543e-05, -0.0017348874826], [-0.00122818350792, 0.00339583191089, -0.0017715311842, 0.00257914722897, -0.00148988794535, 0.000572684337385, -0.00470123346895, 0.0149892950431, -0.00706561468542, 0.00336500350386, -0.00163277552929, 0.0012203521328, -0.0017270204844], [0.000618089805357, -0.00196241494268, -0.000151951855514, -0.000655324140098, -0.000587294984143, -0.000513491453603, 0.00101344462018, -0.00706561468542, 0.012963575311, -0.00585877941921, -0.000135979891638, 0.000815606210381, -0.00135048956145], [-0.000577130296733, 0.00247308472171, -0.00108776043635, 0.000554259633645, -0.000352793751517, 0.000417024537455, -0.000988629646599, 0.00336500350386, -0.00585877941921, 0.01335181389, -0.00539911072701, 0.0019829350058, -0.00095974636497], [0.00022884538339, -0.00123743363656, 0.000483129522763, 0.000135700262035, -0.00191485206597, 0.0015661084326, -0.00247208261862, -0.00163277552929, -0.000135979891638, -0.00539911072701, 0.0122853871435, -0.00542111089453, 0.00227072625421], [-0.000697170267813, 0.00221093767323, -0.00143721804488, 0.00267393537797, -0.000135087306262, -0.00291107525118, -4.13168454543e-05, 0.0012203521328, 0.000815606210381, 0.0019829350058, -0.00542111089453, 0.0156071698293, -0.00619326531887], [0.000658788019791, -0.00184106302913, 0.000479525944684, -0.00228266790509, 0.00137654785067, 0.000424560770625, -0.0017348874826, -0.0017270204844, -0.00135048956145, -0.00095974636497, 0.00227072625421, -0.00619326531887, 0.0133658861741]]}, "melbands": {"dmean": [0.000550457334612, 0.000306350877509, 7.09628657205e-05, 7.56944427849e-05, 6.65884654154e-05, 5.48773314222e-05, 0.00010983779066, 9.06926507014e-05, 3.80020319426e-05, 3.24073735101e-05, 2.23780825763e-05, 0.000121288445371, 4.7515193728e-05, 1.16105202324e-05, 3.84077357012e-05, 1.61557873071e-05, 5.1964366321e-06, 2.82105861515e-06, 1.59806131705e-05, 7.26406051399e-06, 1.04595683297e-05, 1.35858381327e-05, 9.20791626413e-06, 6.16111356067e-06, 2.08063738683e-06, 1.58986574661e-06, 3.7875020098e-06, 1.64735558883e-06, 7.79860101829e-07, 2.62655845518e-07, 1.18914677216e-07, 4.28539607356e-07, 2.41777769361e-07, 1.52578124357e-07, 6.66194210908e-08, 8.10918336924e-08, 2.98105753416e-08, 2.10701802672e-08, 1.23003953689e-08, 1.28826940227e-08], "dmean2": [0.000628071720712, 0.00041392838466, 8.62935048644e-05, 7.51780389692e-05, 6.66136547807e-05, 5.66151829844e-05, 0.000146923848661, 0.000124220998259, 4.78944057249e-05, 4.43896387878e-05, 2.60145643551e-05, 0.000174017026438, 6.82852987666e-05, 1.53217988554e-05, 5.43967362319e-05, 2.52422432823e-05, 7.94307106844e-06, 4.39514315076e-06, 2.35997722484e-05, 1.07370533442e-05, 1.56938276632e-05, 1.97552762984e-05, 1.40763067975e-05, 9.26247230382e-06, 2.82662404061e-06, 2.23228926188e-06, 5.63604089621e-06, 2.14835563384e-06, 1.14363444936e-06, 3.82201619686e-07, 1.64692906424e-07, 5.91357547819e-07, 3.02131041963e-07, 2.08093652532e-07, 9.58816315233e-08, 1.13245100408e-07, 3.84561253952e-08, 3.01280067561e-08, 1.72326242165e-08, 1.70265241906e-08], "dvar": [5.0876556088e-06, 1.04028060832e-06, 1.55116897105e-08, 1.25664278983e-08, 9.03652885853e-09, 1.95165785755e-08, 1.33348478926e-07, 6.68612472055e-08, 6.88651091707e-09, 1.78008221496e-08, 1.2349837597e-08, 1.04544419344e-07, 1.34217392755e-08, 3.87244369904e-09, 4.96407004391e-08, 8.57919690844e-09, 3.44141604103e-10, 7.54575846251e-11, 4.07083655674e-09, 1.20308152329e-09, 4.75746242401e-09, 7.08499836577e-09, 1.04233544018e-09, 5.60251567361e-10, 1.49426193641e-10, 3.96713634165e-11, 3.18824466827e-10, 1.48977635783e-10, 3.57501216131e-11, 1.25756599145e-12, 2.38148828999e-13, 5.36271201057e-12, 2.91015085294e-12, 4.30284822529e-13, 1.30385069061e-13, 1.95200206368e-13, 3.52675178015e-14, 1.10262962836e-14, 3.68695357786e-15, 3.35641654613e-15], "dvar2": [8.67878043209e-06, 1.93594223674e-06, 3.2073604217e-08, 1.29225723455e-08, 1.00818828841e-08, 2.73783911098e-08, 2.49436936883e-07, 1.41655135621e-07, 1.54739385749e-08, 3.64009338227e-08, 1.0176176346e-08, 2.21640050313e-07, 2.7717391049e-08, 5.82138071081e-09, 9.04759360765e-08, 2.08694057591e-08, 7.56596674201e-10, 1.62642344037e-10, 7.95838861478e-09, 2.79161849193e-09, 1.2200596089e-08, 1.21942482778e-08, 2.22047824572e-09, 1.32056954261e-09, 2.13464926291e-10, 6.52104412135e-11, 7.14138859159e-10, 2.08977488092e-10, 7.42955419408e-11, 2.57858252979e-12, 3.75150973654e-13, 9.46099708993e-12, 4.04536300291e-12, 7.20011235963e-13, 2.69176282826e-13, 3.48025021345e-13, 4.41786398317e-14, 2.11271938258e-14, 6.88985620198e-15, 5.47341170868e-15], "max": [0.0960293784738, 0.0419409126043, 0.00458740117028, 0.00511993980035, 0.00671786302701, 0.00539157632738, 0.00897618196905, 0.00506130605936, 0.00331778009422, 0.00710294954479, 0.00786902196705, 0.00937231164426, 0.00266548851505, 0.00267363083549, 0.0117352949455, 0.00366114778444, 0.000554576748982, 0.000241003508563, 0.00279146805406, 0.00154011161067, 0.0030426774174, 0.00331974658184, 0.000948988541495, 0.000698234362062, 0.000732105690986, 0.000299585692119, 0.000954257440753, 0.000415629037889, 0.000263848138275, 3.79642260668e-05, 2.10393045563e-05, 0.000113199144835, 8.24561939226e-05, 2.72080633295e-05, 1.22594201457e-05, 1.7661439415e-05, 1.1917678421e-05, 3.37395795214e-06, 2.40241342908e-06, 2.05276433007e-06], "mean": [0.00772473309189, 0.00228801928461, 0.000475558219478, 0.000558281259146, 0.000596448255237, 0.000338426296366, 0.00027196292649, 0.000217488704948, 9.42415499594e-05, 8.09061530163e-05, 6.08832669968e-05, 0.000268260220764, 0.000113692811283, 2.66758634098e-05, 0.000102801946923, 3.35291151714e-05, 9.09858681553e-06, 5.71446207687e-06, 3.26658519043e-05, 1.44409623317e-05, 1.93920786842e-05, 2.76806349575e-05, 1.95323227672e-05, 1.24395164676e-05, 4.56528414361e-06, 3.64944207831e-06, 8.22460788186e-06, 3.3090168472e-06, 1.67554628661e-06, 4.91836374295e-07, 2.38604883407e-07, 1.05006711237e-06, 5.24207223407e-07, 3.69544949308e-07, 1.40300699059e-07, 1.78540915385e-07, 6.93334243351e-08, 4.4292992385e-08, 2.51234570925e-08, 3.01408640269e-08], "median": [0.00292603392154, 0.00038892464363, 0.000242276160861, 0.000274380698102, 0.000385370163713, 0.000184297357919, 4.69215701742e-05, 4.55044755654e-05, 3.90868844988e-05, 2.30338537222e-05, 1.48766484926e-05, 4.18468735006e-05, 2.3052427423e-05, 4.5874899115e-06, 6.15613862465e-06, 5.40699375051e-06, 3.20354183714e-06, 1.98850352717e-06, 4.19598245571e-06, 3.14809631163e-06, 2.21853110816e-06, 2.15542331716e-06, 1.81785196673e-06, 1.40602026022e-06, 6.38918152163e-07, 6.17782006884e-07, 5.25713517163e-07, 1.71844050101e-07, 9.20515859093e-08, 4.08487927928e-08, 2.8443521316e-08, 2.50055904871e-08, 1.32737909553e-08, 8.78137829119e-09, 6.93327262269e-09, 4.73728167805e-09, 2.52494758435e-09, 1.81035786362e-09, 1.31269317638e-09, 7.02028268851e-10], "min": [1.31241763282e-24, 5.96831216633e-24, 3.40768071204e-24, 8.12376059945e-24, 8.96666478756e-24, 2.26865872937e-23, 2.78887762871e-23, 1.55778477101e-23, 2.59311232875e-23, 1.69678095811e-23, 7.25124020637e-24, 5.87259257295e-24, 2.11576139318e-23, 1.74784802658e-23, 6.97769322115e-24, 9.88454468269e-24, 6.38843818521e-24, 6.38794790816e-24, 8.8123233626e-24, 1.30988751924e-23, 1.21010426668e-23, 7.37774351885e-24, 1.43542408269e-23, 1.66019816472e-23, 1.45306569465e-23, 5.90746180269e-24, 9.3311745349e-24, 1.16322068536e-23, 8.3274097753e-24, 1.10977449129e-23, 1.03683964632e-23, 8.24406898724e-24, 6.9583069644e-24, 8.59590962844e-24, 9.86469142029e-24, 8.79367942396e-24, 7.43756599674e-24, 1.24728162454e-23, 1.20205670216e-23, 1.03166369326e-23], "var": [0.000141168406117, 1.88314406842e-05, 3.74659350655e-07, 5.16016541496e-07, 6.16934869413e-07, 2.68425822014e-07, 5.09659628278e-07, 2.73257171557e-07, 2.85909393938e-08, 1.03164772725e-07, 1.35707765025e-07, 3.89082060792e-07, 6.00903149461e-08, 1.2986856035e-08, 4.08793255247e-07, 1.93397706738e-08, 6.85921430765e-10, 2.26306889894e-10, 1.57238631004e-08, 3.54225826449e-09, 1.07569757546e-08, 2.17930633539e-08, 3.68088493019e-09, 1.84764459288e-09, 6.92376045386e-10, 1.9643851823e-10, 1.51065948639e-09, 5.85667347952e-10, 1.20039436724e-10, 4.15609300447e-12, 8.98904214952e-13, 2.67276808325e-11, 1.5089986552e-11, 2.218784401e-12, 5.25114782386e-13, 9.77901136803e-13, 2.00988653346e-13, 3.89645455658e-14, 1.26399338587e-14, 1.92156657746e-14]}, "mfcc": {"mean": [-752.217407227, 190.908493042, -14.9960403442, 30.7042064667, 6.23747491837, -3.04116415977, 0.767132341862, 8.11061763763, -2.75701642036, -3.51434898376, -5.66660356522, -3.43725609779, 3.10904479027], "cov": [[10728.0546875, 1079.18432617, -925.653930664, 995.137939453, 3.6717903614, 352.700866699, 142.874832153, 537.464172363, -105.557624817, 127.825172424, 25.2778625488, -13.1523580551, 185.624145508], [1079.18432617, 2030.75097656, -195.092788696, 139.539962769, 168.289581299, -38.4421348572, 44.1152076721, -6.25251626968, 22.9989814758, 2.26047563553, -31.1379776001, 9.77731132507, 15.2499599457], [-925.653930664, -195.092788696, 585.999694824, 30.0641937256, 200.007400513, 170.537887573, 103.539482117, 100.859962463, 128.689620972, 61.9566307068, 124.039703369, 87.6822662354, -19.7077007294], [995.137939453, 139.539962769, 30.0641937256, 314.085418701, 100.315963745, 154.136016846, 109.065345764, 119.817802429, 89.462097168, 104.869934082, 92.5486984253, 84.2341079712, 72.7442474365], [3.6717903614, 168.289581299, 200.007400513, 100.315963745, 241.351257324, 142.974456787, 96.6244354248, 98.5666885376, 68.9906387329, 67.8211898804, 92.9489822388, 87.683013916, 34.6293296814], [352.700866699, -38.4421348572, 170.537887573, 154.136016846, 142.974456787, 255.800430298, 128.861831665, 131.505554199, 98.1448822021, 71.2734146118, 86.6746673584, 97.5583877563, 65.1900024414], [142.874832153, 44.1152076721, 103.539482117, 109.065345764, 96.6244354248, 128.861831665, 176.531417847, 105.541702271, 57.1756210327, 51.7960357666, 64.8802337646, 75.8735733032, 45.9545822144], [537.464172363, -6.25251626968, 100.859962463, 119.817802429, 98.5666885376, 131.505554199, 105.541702271, 230.740325928, 76.30418396, 71.3591995239, 69.4378051758, 60.9272193909, 55.2797241211], [-105.557624817, 22.9989814758, 128.689620972, 89.462097168, 68.9906387329, 98.1448822021, 57.1756210327, 76.30418396, 175.201675415, 85.6902084351, 57.4713935852, 50.9179763794, 26.3617935181], [127.825172424, 2.26047563553, 61.9566307068, 104.869934082, 67.8211898804, 71.2734146118, 51.7960357666, 71.3591995239, 85.6902084351, 164.097839355, 78.0443191528, 53.5741157532, 63.8222999573], [25.2778625488, -31.1379776001, 124.039703369, 92.5486984253, 92.9489822388, 86.6746673584, 64.8802337646, 69.4378051758, 57.4713935852, 78.0443191528, 173.019271851, 107.370857239, 37.3209762573], [-13.1523580551, 9.77731132507, 87.6822662354, 84.2341079712, 87.683013916, 97.5583877563, 75.8735733032, 60.9272193909, 50.9179763794, 53.5741157532, 107.370857239, 187.463516235, 78.4279174805], [185.624145508, 15.2499599457, -19.7077007294, 72.7442474365, 34.6293296814, 65.1900024414, 45.9545822144, 55.2797241211, 26.3617935181, 63.8222999573, 37.3209762573, 78.4279174805, 155.498687744]], "icov": [[0.000242782902205, -8.18932021502e-05, 0.000367976841517, -0.00074968120316, 0.000177850903128, -0.000409510917962, 0.000350515678292, -0.000596117635723, 0.000488858204335, 3.130566256e-05, -6.69888731863e-06, 0.000152619119035, 0.00018487154739], [-8.18932021502e-05, 0.000711534870788, 0.000331678107614, -0.000112313231512, -0.00121644220781, 0.000794787716586, -0.000359357829439, 0.000385344406823, -0.000562745379284, 0.000289110641461, 0.000297397346003, -5.67950010009e-05, -3.65248852177e-05], [0.000367976841517, 0.000331678107614, 0.00413628853858, 7.55211440264e-05, -0.00221689767204, -0.00144862558227, 1.77516922122e-05, -0.000827858224511, -0.000969040731434, 0.000318031641655, -0.00104508548975, 0.000197373054107, 0.00159220199566], [-0.00074968120316, -0.000112313231512, 7.55211440264e-05, 0.0085920477286, -0.000464588345494, -0.00137747160625, -0.00205572601408, 0.00111745554022, -0.00219261157326, -0.00183511618525, -0.00137454201467, -0.000399766548071, -0.000556301907636], [0.000177850903128, -0.00121644220781, -0.00221689767204, -0.000464588345494, 0.0101229352877, -0.00331519520842, -8.46893672133e-05, -0.00134557543788, 0.00188561459072, -0.00145922717638, -0.00115828914568, -0.000842356414068, 0.000464320764877], [-0.000409510917962, 0.000794787716586, -0.00144862558227, -0.00137747160625, -0.00331519520842, 0.0113271484151, -0.00337576307356, -0.000206542841624, -0.00285600242205, 0.00156277685892, 0.000673971546348, -0.000941487320233, -0.00191178964451], [0.000350515678292, -0.000359357829439, 1.77516922122e-05, -0.00205572601408, -8.46893672133e-05, -0.00337576307356, 0.0111045157537, -0.00303725060076, 0.00121335196309, 1.17041099656e-05, 5.5845011957e-05, -0.00119782309048, 0.000193103158381], [-0.000596117635723, 0.000385344406823, -0.000827858224511, 0.00111745554022, -0.00134557543788, -0.000206542841624, -0.00303725060076, 0.00878633279353, -0.00212037563324, -0.000424906524131, -0.000535269966349, 0.000520785921253, -0.00139388814569], [0.000488858204335, -0.000562745379284, -0.000969040731434, -0.00219261157326, 0.00188561459072, -0.00285600242205, 0.00121335196309, -0.00212037563324, 0.0109867993742, -0.00407391460612, 0.000713485991582, -0.000532324775122, 0.00145387847442], [3.130566256e-05, 0.000289110641461, 0.000318031641655, -0.00183511618525, -0.00145922717638, 0.00156277685892, 1.17041099656e-05, -0.000424906524131, -0.00407391460612, 0.0117391562089, -0.00333513575606, 0.0018342762487, -0.00360173406079], [-6.69888731863e-06, 0.000297397346003, -0.00104508548975, -0.00137454201467, -0.00115828914568, 0.000673971546348, 5.5845011957e-05, -0.000535269966349, 0.000713485991582, -0.00333513575606, 0.0120709091425, -0.00544831668958, 0.00173730764072], [0.000152619119035, -5.67950010009e-05, 0.000197373054107, -0.000399766548071, -0.000842356414068, -0.000941487320233, -0.00119782309048, 0.000520785921253, -0.000532324775122, 0.0018342762487, -0.00544831668958, 0.0111241461709, -0.00417902320623], [0.00018487154739, -3.65248852177e-05, 0.00159220199566, -0.000556301907636, 0.000464320764877, -0.00191178964451, 0.000193103158381, -0.00139388814569, 0.00145387847442, -0.00360173406079, 0.00173730764072, -0.00417902320623, 0.0107349790633]]}, "spectral_contrast_coeffs": {"dmean": [0.027603758499, 0.0288560744375, 0.0307751335204, 0.0241107642651, 0.0187439117581, 0.0123115032911], "dmean2": [0.0437633544207, 0.0436636544764, 0.0472715944052, 0.0390496216714, 0.0300337616354, 0.019556440413], "dvar": [0.000689145701472, 0.000617823679931, 0.000655142648611, 0.000386111758417, 0.000250776472967, 0.000116346527648], "dvar2": [0.00195048877504, 0.00143636309076, 0.00158453930635, 0.000973367772531, 0.000597233825829, 0.000282367807813], "max": [-0.296881914139, -0.380087137222, -0.413844972849, -0.459631145, -0.462673544884, -0.552581012249], "mean": [-0.659675180912, -0.668898463249, -0.691156148911, -0.745544612408, -0.718899071217, -0.747743427753], "median": [-0.686086058617, -0.66754257679, -0.694608449936, -0.75301861763, -0.732158660889, -0.751022458076], "min": [-0.955417454243, -0.964164972305, -0.966065466404, -0.957364439964, -0.960416078568, -0.961252331734], "var": [0.0140091879293, 0.00547654787078, 0.00718797789887, 0.00516020972282, 0.00542140286416, 0.00306326407008]}, "spectral_contrast_valleys": {"dmean": [0.267042160034, 0.237561151385, 0.208814024925, 0.176040619612, 0.145253509283, 0.123739399016], "dmean2": [0.427880108356, 0.362757027149, 0.334201514721, 0.290931552649, 0.238604396582, 0.202328175306], "dvar": [0.0952519625425, 0.0619716048241, 0.0497799254954, 0.0428891293705, 0.0418895818293, 0.0351546406746], "dvar2": [0.240136638284, 0.110469684005, 0