{"lowlevel": {"average_loudness": 0.268042743206, "barkbands_crest": {"dmean": 1.6703286171, "dmean2": 2.66071748734, "dvar": 3.24626755714, "dvar2": 8.3275604248, "max": 26.3623924255, "mean": 11.2301340103, "median": 10.4212474823, "min": 3.7307369709, "var": 17.4602127075}, "barkbands_flatness_db": {"dmean": 0.01842039451, "dmean2": 0.0307292249054, "dvar": 0.0003025449696, "dvar2": 0.000772309082095, "max": 0.561762869358, "mean": 0.355776011944, "median": 0.351783066988, "min": 0.0786714181304, "var": 0.00431159697473}, "barkbands_kurtosis": {"dmean": 1.25139153004, "dmean2": 1.93247187138, "dvar": 4.88850688934, "dvar2": 10.7853050232, "max": 97.6621398926, "mean": 3.43457818031, "median": 1.87617015839, "min": -1.7411044836, "var": 46.9501075745}, "barkbands_skewness": {"dmean": 0.279914468527, "dmean2": 0.421152621508, "dvar": 0.0895485132933, "dvar2": 0.195352062583, "max": 5.4756269455, "mean": 0.902491390705, "median": 0.931452333927, "min": -7.15430688858, "var": 0.906356275082}, "barkbands_spread": {"dmean": 0.873839616776, "dmean2": 1.36629879475, "dvar": 1.16268146038, "dvar2": 2.85578227043, "max": 31.7031955719, "mean": 5.83720970154, "median": 5.35901212692, "min": 0.402127087116, "var": 8.50951480865}, "dissonance": {"dmean": 0.0344557985663, "dmean2": 0.0592222101986, "dvar": 0.0013312875526, "dvar2": 0.00359907420352, "max": 0.5, "mean": 0.40037766099, "median": 0.415495246649, "min": 0.100337214768, "var": 0.00444079004228}, "dynamic_complexity": 7.19529485703, "erbbands_crest": {"dmean": 2.09562349319, "dmean2": 3.35470199585, "dvar": 5.33985900879, "dvar2": 14.2493028641, "max": 32.3128051758, "mean": 14.0559206009, "median": 13.0794115067, "min": 3.44571948051, "var": 29.4623374939}, "erbbands_flatness_db": {"dmean": 0.0138197755441, "dmean2": 0.0223356503993, "dvar": 0.000197630375624, "dvar2": 0.000461056450149, "max": 0.568555414677, "mean": 0.368881195784, "median": 0.365955770016, "min": 0.105305284262, "var": 0.00299780350178}, "erbbands_kurtosis": {"dmean": 1.01217961311, "dmean2": 1.54724919796, "dvar": 2.72826504707, "dvar2": 5.54537773132, "max": 48.1244277954, "mean": 2.20547747612, "median": 1.13483047485, "min": -1.81039476395, "var": 15.7788877487}, "erbbands_skewness": {"dmean": 0.241349279881, "dmean2": 0.374239325523, "dvar": 0.069190941751, "dvar2": 0.172822073102, "max": 4.8511929512, "mean": 0.568327605724, "median": 0.575730323792, "min": -5.14130401611, "var": 0.867856144905}, "erbbands_spread": {"dmean": 1.76453649998, "dmean2": 2.74139595032, "dvar": 4.09217357635, "dvar2": 10.0560522079, "max": 41.2668304443, "mean": 11.6990213394, "median": 11.3078203201, "min": 0.597130715847, "var": 28.9365730286}, "hfc": {"dmean": 2.13399910927, "dmean2": 3.05486536026, "dvar": 14.4054460526, "dvar2": 31.9529895782, "max": 61.0868453979, "mean": 8.44704055786, "median": 4.46640920639, "min": 1.13701851486e-16, "var": 97.8334960938}, "melbands_crest": {"dmean": 1.99401044846, "dmean2": 3.20204782486, "dvar": 4.53638219833, "dvar2": 12.3542499542, "max": 31.7160739899, "mean": 13.7590761185, "median": 13.0919599533, "min": 1.90620601177, "var": 20.8278617859}, "melbands_flatness_db": {"dmean": 0.0203568302095, "dmean2": 0.032824754715, "dvar": 0.000447524565971, "dvar2": 0.000997328548692, "max": 0.690717339516, "mean": 0.465346008539, "median": 0.460974663496, "min": 0.0081693623215, "var": 0.00791844259948}, "melbands_kurtosis": {"dmean": 1.26501357555, "dmean2": 1.98867118359, "dvar": 2.72378897667, "dvar2": 7.0309472084, "max": 29.8970069885, "mean": 3.53684139252, "median": 2.56715631485, "min": -1.81718039513, "var": 17.9882183075}, "melbands_skewness": {"dmean": 0.286658585072, "dmean2": 0.433359622955, "dvar": 0.0908013880253, "dvar2": 0.202832251787, "max": 4.42440319061, "mean": 1.11813652515, "median": 1.17369580269, "min": -5.02861595154, "var": 0.82164555788}, "melbands_spread": {"dmean": 1.28194093704, "dmean2": 1.95574223995, "dvar": 5.2198972702, "dvar2": 8.47415161133, "max": 127.892662048, "mean": 8.62680912018, "median": 7.90962171555, "min": 0.874444901943, "var": 21.4861831665}, "pitch_salience": {"dmean": 0.0436257608235, "dmean2": 0.0703091621399, "dvar": 0.0020716318395, "dvar2": 0.00523826805875, "max": 0.84076076746, "mean": 0.538959205151, "median": 0.542136788368, "min": 0.0831619128585, "var": 0.0126829110086}, "silence_rate_20dB": {"dmean": 0, "dmean2": 0, "dvar": 0, "dvar2": 0, "max": 1, "mean": 1, "median": 1, "min": 1, "var": 0}, "silence_rate_30dB": {"dmean": 0.00381588353775, "dmean2": 0.00763267744333, "dvar": 0.00380158424377, "dvar2": 0.00924486014992, "max": 1, "mean": 0.996184587479, "median": 1, "min": 0, "var": 0.00380114023574}, "silence_rate_60dB": {"dmean": 0.020748866722, "dmean2": 0.0415026843548, "dvar": 0.020315900445, "dvar2": 0.0433578044176, "max": 1, "mean": 0.322642177343, "median": 0, "min": 0, "var": 0.218568891287}, "spectral_centroid": {"dmean": 36.330745697, "dmean2": 53.4760627747, "dvar": 15474.1533203, "dvar2": 17636.6015625, "max": 10951.2978516, "mean": 483.688140869, "median": 469.176605225, "min": 191.116638184, "var": 33063.5039062}, "spectral_complexity": {"dmean": 1.14476513863, "dmean2": 1.86273109913, "dvar": 2.0777733326, "dvar2": 4.50011968613, "max": 30, "mean": 10.1606054306, "median": 10, "min": 0, "var": 41.52734375}, "spectral_decrease": {"dmean": 1.1833103386e-09, "dmean2": 1.79716641568e-09, "dvar": 4.54444425858e-18, "dvar2": 1.16515536119e-17, "max": -1.05006214466e-28, "mean": -4.96452567944e-09, "median": -2.79926037905e-09, "min": -4.01283699603e-08, "var": 3.24444389917e-17}, "spectral_energy": {"dmean": 0.00464721629396, "dmean2": 0.00703920004889, "dvar": 6.97708455846e-05, "dvar2": 0.00017786124954, "max": 0.156761720777, "mean": 0.0195034425706, "median": 0.0109966397285, "min": 1.07094104555e-20, "var": 0.00050040759379}, "spectral_energyband_high": {"dmean": 1.99557848646e-06, "dmean2": 2.96363373309e-06, "dvar": 5.63000271403e-11, "dvar2": 1.34465771851e-10, "max": 0.000195177315618, "mean": 3.66667586604e-06, "median": 8.31570190485e-08, "min": 7.76458123573e-21, "var": 9.80281827934e-11}, "spectral_energyband_low": {"dmean": 0.001486925059, "dmean2": 0.00240786536597, "dvar": 1.07752057374e-05, "dvar2": 3.06844922306e-05, "max": 0.0660700574517, "mean": 0.00428607780486, "median": 0.00154206622392, "min": 3.23650002553e-23, "var": 3.89434244426e-05}, "spectral_energyband_middle_high": {"dmean": 0.000718814262655, "dmean2": 0.00103137607221, "dvar": 3.44168961419e-06, "dvar2": 7.74551062932e-06, "max": 0.0381581299007, "mean": 0.00199174601585, "median": 0.000698992109392, "min": 1.76166892644e-21, "var": 8.83024131326e-06}, "spectral_energyband_middle_low": {"dmean": 0.00382055481896, "dmean2": 0.00589487142861, "dvar": 5.39762768312e-05, "dvar2": 0.000145089652506, "max": 0.144206598401, "mean": 0.0145035535097, "median": 0.0078710662201, "min": 3.38049490864e-22, "var": 0.000321309373248}, "spectral_entropy": {"dmean": 0.111491143703, "dmean2": 0.174705326557, "dvar": 0.0226955860853, "dvar2": 0.0476472228765, "max": 9.80219650269, "mean": 5.8133482933, "median": 5.85057926178, "min": 4.23920202255, "var": 0.30473947525}, "spectral_flux": {"dmean": 0.0123156607151, "dmean2": 0.0193617399782, "dvar": 0.000342860585079, "dvar2": 0.0007870454574, "max": 0.229584515095, "mean": 0.0377190820873, "median": 0.0259270742536, "min": 1.03486282044e-10, "var": 0.00143169378862}, "spectral_kurtosis": {"dmean": 33.0251541138, "dmean2": 58.294631958, "dvar": 1235.42492676, "dvar2": 3636.43676758, "max": 483.537963867, "mean": 110.474746704, "median": 78.0643386841, "min": -1.19663047791, "var": 8377.50488281}, "spectral_rms": {"dmean": 0.000416270690039, "dmean2": 0.000609261274803, "dvar": 3.461570941e-07, "dvar2": 7.82417146183e-07, "max": 0.0123668210581, "mean": 0.00358753558248, "median": 0.00327542796731, "min": 3.23236836602e-12, "var": 6.15733142695e-06}, "spectral_rolloff": {"dmean": 51.8678512573, "dmean2": 88.4298706055, "dvar": 78817.296875, "dvar2": 90078.296875, "max": 18087.890625, "mean": 610.437011719, "median": 559.86328125, "min": 150.732421875, "var": 118271.609375}, "spectral_skewness": {"dmean": 1.58402574062, "dmean2": 2.83032822609, "dvar": 2.09601831436, "dvar2": 5.98345708847, "max": 17.6482753754, "mean": 6.95257806778, "median": 5.9709148407, "min": -0.0303093474358, "var": 14.2730779648}, "spectral_spread": {"dmean": 264770.15625, "dmean2": 469712.5625, "dvar": 244951859200, "dvar2": 338853298176, "max": 39176216, "mean": 991700.125, "median": 965610.9375, "min": 204488.59375, "var": 372389478400}, "spectral_strongpeak": {"dmean": 0.346565514803, "dmean2": 0.564020931721, "dvar": 0.367744207382, "dvar2": 0.803488194942, "max": 7.27289056778, "mean": 1.00776863098, "median": 0.61400783062, "min": 0, "var": 1.15875780582}, "zerocrossingrate": {"dmean": 0.00199691066518, "dmean2": 0.00255525112152, "dvar": 4.85299460706e-05, "dvar2": 4.4714914111e-05, "max": 0.50048828125, "mean": 0.0224976148456, "median": 0.02197265625, "min": 0.005859375, "var": 0.000106491519546}, "barkbands": {"dmean": [3.09372330776e-06, 0.000459016184323, 0.000848846510053, 0.000813022081275, 0.00112424278632, 0.00085987575585, 0.00158980581909, 0.000618589576334, 0.00070149358362, 0.000448878912721, 0.000139852476423, 0.000161862699315, 8.32892619655e-05, 4.94263586006e-05, 3.71682544937e-05, 2.99705679936e-05, 1.45945195982e-05, 9.9252902146e-06, 4.54746441392e-06, 1.73389457814e-06, 9.55028781391e-07, 4.16479338128e-07, 7.05440115212e-08, 1.31541950665e-08, 4.67697613971e-09, 9.56561940768e-10, 9.37721789107e-10], "dmean2": [5.271727332e-06, 0.000733682303689, 0.00130801158957, 0.00141225347761, 0.00176791578997, 0.00140965858009, 0.00267979572527, 0.000995599897578, 0.000880564039107, 0.000688574044034, 0.000188774880371, 0.0002310435666, 0.000140549745993, 6.91756067681e-05, 5.35086255695e-05, 4.68516300316e-05, 1.96307628357e-05, 1.47362779899e-05, 5.9505241552e-06, 2.52234190157e-06, 1.4581181631e-06, 5.84357906064e-07, 1.02599699403e-07, 1.6238484335e-08, 6.25131146847e-09, 1.75490744159e-09, 1.76096026649e-09], "dvar": [1.18226234358e-10, 8.2587905581e-07, 4.66557594336e-06, 6.19067577645e-06, 6.05660807196e-06, 4.69731594421e-06, 2.38927823375e-05, 2.77352773992e-06, 5.0974331316e-06, 2.65211838268e-06, 1.74427256638e-07, 3.00168238709e-07, 6.0020731496e-08, 4.33407656431e-08, 8.30464852442e-09, 4.75184469551e-09, 1.33032584948e-09, 7.15239978355e-10, 1.77965905901e-10, 3.04027428233e-11, 1.7998868021e-11, 2.82557809615e-12, 1.82549139108e-13, 6.53578499508e-15, 4.23836625611e-16, 5.11709974229e-18, 3.38621893385e-18], "dvar2": [3.09989339753e-10, 2.37627364186e-06, 1.27266530399e-05, 2.07626089832e-05, 1.38600626087e-05, 1.28320780277e-05, 7.21149117453e-05, 6.49752291793e-06, 6.79487266098e-06, 6.23017967882e-06, 2.97015560591e-07, 6.32618480267e-07, 1.83172744528e-07, 8.59365627548e-08, 1.71667355886e-08, 1.11262608016e-08, 2.34453056969e-09, 1.4838826834e-09, 2.95853647136e-10, 6.59461721342e-11, 4.64037037962e-11, 6.21533250214e-12, 3.60693381629e-13, 1.01962742991e-14, 7.55908031058e-16, 1.35392964022e-17, 1.14399045629e-17], "max": [0.000260329194134, 0.0154618807137, 0.0509625039995, 0.0513470768929, 0.0654889196157, 0.0366420149803, 0.0976529344916, 0.0498341023922, 0.0390901640058, 0.036870598793, 0.0104595273733, 0.0196108166128, 0.00569357164204, 0.0113974316046, 0.00172770710196, 0.00165345368441, 0.00160382618196, 0.000511576072313, 0.000355739786755, 0.000161657080753, 6.52851886116e-05, 4.51445521321e-05, 1.84539130714e-05, 4.4057183004e-06, 4.57649917962e-07, 5.5370644958e-08, 2.19233307064e-08], "mean": [3.98791053158e-06, 0.0010330604855, 0.00199989997782, 0.00185551657341, 0.00287526426837, 0.00217818003148, 0.0043876785785, 0.00155987706967, 0.00155361136422, 0.000743147742469, 0.00038192878128, 0.000396096642362, 0.000181336683454, 0.000121537988889, 8.83537504706e-05, 6.63087121211e-05, 3.86507927033e-05, 2.34761646425e-05, 9.93204957922e-06, 3.31072828885e-06, 1.5078553588e-06, 6.21006449819e-07, 9.3951065594e-08, 1.83757560279e-08, 5.91637050462e-09, 1.02117347911e-09, 9.49233136538e-10], "median": [8.75976184034e-07, 0.000328807829646, 0.000550697965082, 0.000447717786301, 0.00113370094914, 0.000490584527142, 0.000619465950876, 0.000445078418124, 0.000217045948375, 0.000127062317915, 5.08715456817e-05, 9.13880576263e-05, 3.37092897098e-05, 2.87015027425e-05, 1.74964152393e-05, 1.30434054881e-05, 4.25236657975e-06, 2.53047096521e-06, 5.84617339427e-07, 9.01204586512e-08, 2.59020378479e-08, 4.97951857525e-09, 9.10190700587e-10, 4.36081337707e-10, 3.27056492999e-10, 3.03052916095e-10, 3.28137461647e-10], "min": [1.86326007306e-24, 1.89211979986e-23, 4.24892198136e-24, 1.67878782972e-23, 2.05092018221e-23, 5.06814417068e-23, 7.45090863232e-23, 5.33325129084e-23, 9.59302571056e-23, 7.52570653008e-23, 5.9468342449e-23, 6.65057768953e-23, 1.43618249356e-22, 1.86161795654e-22, 1.35852715227e-22, 2.11318330108e-22, 1.93263272984e-22, 3.79053067078e-22, 1.38707142148e-22, 4.06222522127e-22, 4.2715134273e-22, 3.81127127548e-22, 9.07219727418e-22, 6.77873754681e-22, 1.5279265877e-21, 1.56237231903e-21, 2.26869227174e-21], "var": [1.05029977771e-10, 3.03386036649e-06, 1.20935328596e-05, 1.05227281892e-05, 2.26682186621e-05, 1.36376165756e-05, 9.75279617705e-05, 1.0765063962e-05, 1.70376952155e-05, 3.51977291757e-06, 1.07476307676e-06, 8.09145774383e-07, 1.50578941316e-07, 8.73242811394e-08, 2.61765187304e-08, 1.39875053762e-08, 6.69123778607e-09, 2.59652432888e-09, 6.4147104295e-10, 7.03690092307e-11, 2.10292044195e-11, 4.41174223889e-12, 2.68095007999e-13, 1.21356316177e-14, 7.99737433276e-16, 6.7780953695e-18, 2.71689333349e-18]}, "erbbands": {"dmean": [0.0055474168621, 0.129199579358, 0.70577031374, 2.16760420799, 2.7570335865, 4.32041168213, 4.06879091263, 8.97399234772, 23.7486629486, 14.9699296951, 12.7061023712, 9.58752727509, 19.0421218872, 12.1416778564, 6.09808540344, 5.10338401794, 3.84568881989, 2.37012314796, 2.40716266632, 1.39274406433, 1.65143704414, 0.736318945885, 0.613813221455, 0.295398712158, 0.183691173792, 0.0900420770049, 0.0357684008777, 0.042607806623, 0.0165305770934, 0.00683497451246, 0.00165941671003, 0.000494299281854, 0.000170495070051, 9.8434255051e-05, 1.31227816382e-05, 5.02484226672e-06, 2.22551807383e-06, 6.68492987188e-07, 2.19564321924e-06, 5.20347930433e-06], "dmean2": [0.00857639499009, 0.20752646029, 1.11221253872, 3.61710691452, 4.58241081238, 6.69527053833, 6.67663049698, 14.7780504227, 40.4325637817, 25.352766037, 19.777381897, 12.5669336319, 25.1466732025, 18.2979679108, 8.16185188293, 7.37162208557, 6.35603523254, 3.5156788826, 3.37914228439, 2.02130770683, 2.59188628197, 0.984346926212, 0.866056382656, 0.419244229794, 0.240002557635, 0.128598108888, 0.0503244772553, 0.0681980401278, 0.0241485498846, 0.00921316444874, 0.0023979851976, 0.000658278586343, 0.000220880086999, 0.000121731391118, 2.05201868084e-05, 8.30669705465e-06, 3.69052258975e-06, 1.16249327675e-06, 3.28921851178e-06, 7.85474549048e-06], "dvar": [0.00014516239753, 0.0633266121149, 2.74504351616, 35.4605827332, 54.4403877258, 94.5328292847, 125.579864502, 586.817565918, 6242.62207031, 1395.68603516, 1549.57275391, 752.289916992, 3050.89160156, 1765.90686035, 258.822753906, 295.0887146, 129.4506073, 134.787139893, 43.1880683899, 9.03799438477, 14.9571123123, 3.26610326767, 2.86124563217, 0.617994129658, 0.274157911539, 0.117355465889, 0.00985848437995, 0.0552005469799, 0.00600196793675, 0.00067610834958, 9.50188841671e-05, 8.76807007444e-06, 6.82973904986e-07, 2.1056131061e-07, 2.14922324382e-09, 1.84480111742e-10, 1.353247462e-11, 1.36828916253e-12, 1.52348359622e-11, 8.69941688131e-11], "dvar2": [0.000404404767323, 0.181950569153, 7.42049264908, 110.785179138, 151.157394409, 225.535812378, 353.993133545, 1625.78063965, 19185.2363281, 4228.75683594, 3251.62304688, 1089.02868652, 4818.37646484, 4173.95019531, 464.681732178, 597.133422852, 385.746765137, 264.865875244, 91.8595199585, 19.9794006348, 35.4598846436, 5.600938797, 5.55440330505, 1.14739024639, 0.458652168512, 0.256616830826, 0.0210345089436, 0.150260150433, 0.0139407459646, 0.00117745599709, 0.000211601145566, 1.47328364619e-05, 1.32246020712e-06, 3.5968085399e-07, 4.29321556084e-09, 3.87673809721e-10, 3.74964087557e-11, 4.20565622258e-12, 3.76493662635e-11, 2.20000309636e-10], "max": [0.270947009325, 4.42721843719, 37.9171676636, 119.921035767, 192.446807861, 230.474594116, 316.255523682, 415.443145752, 1545.63098145, 849.208496094, 1439.46936035, 465.293579102, 889.105651855, 760.114440918, 382.61529541, 625.39276123, 275.221008301, 672.895507812, 226.530014038, 53.7510643005, 87.2739868164, 75.1531982422, 37.1877288818, 14.984618187, 14.6206798553, 11.5641155243, 2.1226348877, 3.47017836571, 2.63197040558, 0.787057161331, 0.254182547331, 0.131791397929, 0.0246214102954, 0.0103641450405, 0.00127071363386, 0.000414527952671, 6.2991231971e-05, 1.7786911485e-05, 7.39437382435e-05, 0.000174543019966], "mean": [0.0146660022438, 0.301028072834, 1.68424618244, 5.57886123657, 6.07370376587, 11.4556589127, 10.6188545227, 23.2844905853, 62.2869224548, 43.2455368042, 34.3632049561, 23.6052341461, 39.6049346924, 23.2632732391, 17.7780399323, 13.1320409775, 8.97930049896, 5.97945404053, 5.75323152542, 3.79928183556, 3.48326611519, 2.07196235657, 1.6799030304, 0.697275340557, 0.404518306255, 0.176494255662, 0.0834437385201, 0.0473443046212, 0.0236048866063, 0.010766915977, 0.00208941660821, 0.000680238008499, 0.000248387572356, 0.00013732915977, 2.68432322628e-05, 1.42580611282e-05, 7.57684438213e-06, 1.71163276264e-06, 9.39297387959e-06, 2.1872934667e-05], "median": [0.00345758348703, 0.110486529768, 0.599323391914, 1.29757845402, 2.49969339371, 3.52913856506, 4.29619073868, 4.84696722031, 8.80007362366, 11.9721984863, 9.07744789124, 5.39089012146, 6.59786081314, 5.26873493195, 3.97224330902, 3.74012351036, 2.09002733231, 1.50691783428, 1.32668590546, 0.744399487972, 0.760297477245, 0.326807290316, 0.221110537648, 0.0705968737602, 0.0250816233456, 0.00582537474111, 0.00188501505181, 0.000610027578659, 0.000211636899621, 8.16987885628e-05, 3.59651967301e-05, 2.00860558834e-05, 1.56334026542e-05, 1.22227393149e-05, 9.8396831163e-06, 7.41562098483e-06, 4.32260230809e-06, 9.25283018205e-07, 5.32136164111e-06, 1.23947356769e-05], "min": [1.03166527414e-21, 2.15335813158e-21, 4.09282464353e-21, 3.32356387986e-20, 7.6519079272e-20, 5.54371664395e-20, 8.79353026362e-20, 5.31824866397e-19, 4.64692490544e-19, 1.84776783964e-18, 1.07524070452e-18, 1.28037291444e-18, 3.19608774774e-18, 3.10836545058e-18, 2.28236419078e-18, 2.71074262525e-18, 4.50146974422e-18, 9.41254030262e-18, 9.61307948879e-18, 1.14849213862e-17, 7.22193525719e-18, 1.05191805764e-17, 2.01603172044e-17, 1.18600039534e-17, 1.1477011058e-17, 1.7570843186e-17, 2.19789383012e-17, 1.17161291207e-17, 1.37119091437e-17, 2.49046397318e-17, 2.46093511424e-17, 9.81146304227e-18, 1.51045264347e-17, 1.53474693806e-17, 1.06018043391e-17, 5.99937347877e-18, 3.13483398941e-18, 1.22981915092e-18, 3.4697011032e-19, 3.17480869451e-20], "var": [0.000894279044587, 0.226605117321, 7.12249565125, 89.9603805542, 128.193786621, 450.265563965, 404.792785645, 1548.76599121, 22481.3046875, 6050.22753906, 6825.10498047, 2605.52392578, 9080.24121094, 2642.58569336, 1386.14611816, 782.502197266, 346.835083008, 244.110778809, 118.178863525, 46.1364860535, 41.9081726074, 16.4031085968, 12.575422287, 2.0433344841, 1.05568611622, 0.257346451283, 0.0345311649144, 0.0435756295919, 0.00780913978815, 0.00143291370478, 0.000112862791866, 1.54175559146e-05, 1.2103272411e-06, 4.14285125316e-07, 4.04642008789e-09, 5.14453868394e-10, 7.46927936168e-11, 4.03251650821e-12, 1.15030693304e-10, 6.28796015256e-10]}, "gfcc": {"mean": [-230.537155151, 251.858764648, -114.862548828, -39.9440155029, -23.3936901093, -28.0857257843, -21.6837387085, -15.1917333603, -10.1600236893, -16.4356212616, -8.11246776581, -10.3220949173, -5.71440267563], "cov": [[20455.9902344, -257.702087402, -5711.33203125, 3622.61132812, 1008.11853027, -1299.38305664, 1526.40002441, 29.522600174, 802.762023926, 196.822052002, 223.340774536, -86.6076049805, -117.5259552], [-257.702087402, 720.45715332, 288.326751709, -369.095855713, 440.330871582, 85.9390106201, -105.612815857, 106.746696472, 89.6100387573, 39.7309455872, 102.490364075, 19.9021854401, 18.5745067596], [-5711.33203125, 288.326751709, 2189.40039062, -926.329345703, -321.568817139, 513.56829834, -432.528320312, -19.8042392731, -131.865921021, 26.7138233185, -7.71959257126, 12.934340477, -0.0553141124547], [3622.61132812, -369.095855713, -926.329345703, 1151.41845703, 17.9463863373, -226.25378418, 382.190734863, -18.2523078918, 155.720443726, 75.3823013306, 19.0428924561, -6.11587619781, -41.6093826294], [1008.11853027, 440.330871582, -321.568817139, 17.9463863373, 558.574707031, -70.3621520996, -13.7665205002, 140.5912323, 94.0994110107, 14.3338756561, 92.8781585693, 16.9532432556, -2.54861402512], [-1299.38305664, 85.9390106201, 513.56829834, -226.25378418, -70.3621520996, 313.184204102, -40.1589889526, -36.6381225586, 2.88810372353, 4.42588663101, -4.56103467941, 24.5781612396, 21.9321289062], [1526.40002441, -105.612815857, -432.528320312, 382.190734863, -13.7665205002, -40.1589889526, 323.850494385, 10.0646104813, 40.6307411194, 25.1032619476, -40.415851593, -12.8779506683, 12.8133544922], [29.522600174, 106.746696472, -19.8042392731, -18.2523078918, 140.5912323, -36.6381225586, 10.0646104813, 152.696914673, 47.2164459229, 7.61334943771, 48.40883255, -9.3921661377, -7.06646966934], [802.762023926, 89.6100387573, -131.865921021, 155.720443726, 94.0994110107, 2.88810372353, 40.6307411194, 47.2164459229, 163.420562744, 73.6561203003, 48.9822616577, 18.8900909424, -11.3179311752], [196.822052002, 39.7309455872, 26.7138233185, 75.3823013306, 14.3338756561, 4.42588663101, 25.1032619476, 7.61334943771, 73.6561203003, 119.630020142, 61.3070297241, 6.70846414566, -8.9133348465], [223.340774536, 102.490364075, -7.71959257126, 19.0428924561, 92.8781585693, -4.56103467941, -40.415851593, 48.40883255, 48.9822616577, 61.3070297241, 147.983154297, 37.8807945251, -23.5329608917], [-86.6076049805, 19.9021854401, 12.934340477, -6.11587619781, 16.9532432556, 24.5781612396, -12.8779506683, -9.3921661377, 18.8900909424, 6.70846414566, 37.8807945251, 87.1662139893, 32.2011985779], [-117.5259552, 18.5745067596, -0.0553141124547, -41.6093826294, -2.54861402512, 21.9321289062, 12.8133544922, -7.06646966934, -11.3179311752, -8.9133348465, -23.5329608917, 32.2011985779, 87.3035964966]], "icov": [[0.000676467607263, -0.00127809890546, 0.00124920497183, -0.00110530655365, 0.000657244119793, 0.000405939936172, -0.000590410549194, 0.00116554100532, -0.0014289036626, 0.00109968613833, -0.00120171066374, 0.0012876149267, -0.000117051844427], [-0.00127809890546, 0.0139082530513, -0.00701540941373, 0.00740264169872, -0.0121987694874, 0.0048949518241, -0.00752971507609, 0.00806152820587, -0.00856890622526, 0.00500050326809, -0.00703832693398, 0.00426111929119, -0.0050533269532], [0.00124920497183, -0.00701540941373, 0.00602786755189, -0.0041515394114, 0.0064889327623, -0.00427301507443, 0.00468932744116, -0.00440741050988, 0.00397195387632, -0.00364003214054, 0.00333219720051, -0.00129567063414, 0.00293668941595], [-0.00110530655365, 0.00740264169872, -0.0041515394114, 0.00659876875579, -0.00595015194267, 0.00341782602482, -0.00555350352079, 0.00452224863693, -0.00507066166028, 0.00233738357201, -0.00352472811937, 0.00118444720283, -0.00157742062584], [0.000657244119793, -0.0121987694874, 0.0064889327623, -0.00595015194267, 0.0141262654215, -0.00570102827623, 0.00868849549443, -0.0112354150042, 0.00881899520755, -0.00576592702419, 0.00716539053246, -0.00535192433745, 0.00476843025535], [0.000405939936172, 0.0048949518241, -0.00427301507443, 0.00341782602482, -0.00570102827623, 0.0116095338017, -0.00915717054158, 0.0109802568331, -0.0115080559626, 0.00892263185233, -0.00873887352645, 0.00510693853721, -0.00453909626231], [-0.000590410549194, -0.00752971507609, 0.00468932744116, -0.00555350352079, 0.00868849549443, -0.00915717054158, 0.0162982773036, -0.014154327102, 0.0138399368152, -0.0119435470551, 0.0133932549506, -0.00762107921764, 0.00417566206306], [0.00116554100532, 0.00806152820587, -0.00440741050988, 0.00452224863693, -0.0112354150042, 0.0109802568331, -0.014154327102, 0.0259943958372, -0.0195428170264, 0.0156537517905, -0.0178996864706, 0.0137531124055, -0.00773154897615], [-0.0014289036626, -0.00856890622526, 0.00397195387632, -0.00507066166028, 0.00881899520755, -0.0115080559626, 0.0138399368152, -0.0195428170264, 0.0294701717794, -0.020116372034, 0.0168296005577, -0.0142634175718, 0.0085848364979], [0.00109968613833, 0.00500050326809, -0.00364003214054, 0.00233738357201, -0.00576592702419, 0.00892263185233, -0.0119435470551, 0.0156537517905, -0.020116372034, 0.0269628837705, -0.0189864654094, 0.0124637139961, -0.00743175577372], [-0.00120171066374, -0.00703832693398, 0.00333219720051, -0.00352472811937, 0.00716539053246, -0.00873887352645, 0.0133932549506, -0.0178996864706, 0.0168296005577, -0.0189864654094, 0.0273685175925, -0.0174426380545, 0.0112461261451], [0.0012876149267, 0.00426111929119, -0.00129567063414, 0.00118444720283, -0.00535192433745, 0.00510693853721, -0.00762107921764, 0.0137531124055, -0.0142634175718, 0.0124637139961, -0.0174426380545, 0.0264738798141, -0.0128599824384], [-0.000117051844427, -0.0050533269532, 0.00293668941595, -0.00157742062584, 0.00476843025535, -0.00453909626231, 0.00417566206306, -0.00773154897615, 0.0085848364979, -0.00743175577372, 0.0112461261451, -0.0128599824384, 0.0197916440666]]}, "melbands": {"dmean": [9.12302639335e-05, 0.000295659614494, 0.000359135679901, 0.000252868921962, 0.000150267296704, 0.00019006281218, 0.000351667200448, 0.00015159479517, 9.01969324332e-05, 8.09002303868e-05, 0.000100119155832, 5.53147801838e-05, 2.1386464141e-05, 2.09616573557e-05, 1.06258803498e-05, 6.46817079542e-06, 4.19047728428e-06, 4.24271229349e-06, 2.24051063924e-06, 1.90352159279e-06, 2.02038654606e-06, 6.4606797423e-07, 9.71319650489e-07, 4.86905719299e-07, 2.23542670597e-07, 1.9829732878e-07, 8.2556049108e-08, 5.82582622144e-08, 2.01733403316e-08, 2.40799398199e-08, 2.28058745222e-08, 9.76550040832e-09, 6.61564758531e-09, 2.71765587812e-09, 9.84721748587e-10, 5.03809993724e-10, 2.36935998599e-10, 1.49855877707e-10, 6.51706050236e-11, 8.28182800117e-11], "dmean2": [0.000145114870975, 0.000467711011879, 0.000604558677878, 0.000392432673834, 0.000244436960202, 0.00031366708572, 0.000594559998717, 0.000255641964031, 0.000139463823871, 0.000102231730125, 0.000132748275064, 8.42259541969e-05, 2.79945579678e-05, 2.98902359646e-05, 1.71462907019e-05, 1.03889087768e-05, 6.20121454631e-06, 5.9636900005e-06, 3.29747945216e-06, 2.84257134808e-06, 3.20851904689e-06, 8.66845368819e-07, 1.34300887566e-06, 7.25400695956e-07, 3.21029574479e-07, 2.6137797704e-07, 1.17996805216e-07, 8.48159373845e-08, 2.85746057926e-08, 3.65389389856e-08, 3.62391006092e-08, 1.43355949334e-08, 9.25376575367e-09, 3.64887853266e-09, 1.49327383792e-09, 7.24933391094e-10, 3.00259900277e-10, 1.96684238341e-10, 9.43217726146e-11, 1.0368278458e-10], "dvar": [3.51062929838e-08, 4.19963470222e-07, 9.18904220271e-07, 3.82742229021e-07, 1.29370874902e-07, 2.53944364204e-07, 1.29927116177e-06, 1.30415344302e-07, 8.51922550282e-08, 6.59819860971e-08, 8.29646822353e-08, 3.90058545463e-08, 3.88194676404e-09, 5.47300338383e-09, 8.86917927989e-10, 4.17484574688e-10, 4.03031857887e-10, 1.43878534087e-10, 2.50801480278e-11, 2.24047863595e-11, 2.37145650339e-11, 3.04828731701e-12, 6.26470923748e-12, 1.8247755737e-12, 3.91937838521e-13, 3.93075979752e-13, 4.84425833594e-14, 6.11926213368e-14, 2.6845828349e-15, 1.30044612638e-14, 1.39316226808e-14, 2.19725026375e-15, 6.70210054955e-16, 1.72059218709e-16, 4.01212342503e-17, 1.05076819387e-17, 1.57645259873e-18, 5.50724237333e-19, 1.2212250287e-19, 1.59315386643e-19], "dvar2": [1.0186068522e-07, 1.14277167995e-06, 2.92505092148e-06, 8.25178801733e-07, 3.63971793149e-07, 7.0390098017e-07, 3.93005257138e-06, 3.9927718376e-07, 1.76825352582e-07, 8.76900756452e-08, 1.34404757546e-07, 9.20436278307e-08, 6.18785556128e-09, 1.162965102e-08, 2.4378263852e-09, 1.00219554877e-09, 7.96614718634e-10, 3.14207437846e-10, 5.65911310868e-11, 5.03254347917e-11, 5.67028854426e-11, 5.21851398899e-12, 1.20368914489e-11, 3.92017538223e-12, 7.29121841028e-13, 6.84580430538e-13, 9.24510644364e-14, 1.38134214353e-13, 5.41230378725e-15, 3.31278956361e-14, 3.79032912099e-14, 5.13437152494e-15, 1.34782169556e-15, 2.82817736583e-16, 9.32647596491e-17, 2.18046844333e-17, 2.34971323626e-18, 1.11157936922e-18, 2.52568872544e-19, 2.73203435762e-19], "max": [0.00358581892215, 0.0147211318836, 0.0194515138865, 0.0177035368979, 0.00905314553529, 0.00837474316359, 0.0227323640138, 0.00776493083686, 0.0116003192961, 0.0044976901263, 0.00470153940842, 0.00343206524849, 0.0015569786774, 0.00276640569791, 0.00072787742829, 0.000845684611704, 0.00116116832942, 0.000491246581078, 7.97661705292e-05, 0.000156106136274, 0.000118063595437, 5.71353157284e-05, 9.65569415712e-05, 2.46992913162e-05, 1.17228682939e-05, 1.96868786588e-05, 5.05226671521e-06, 9.26916709432e-06, 1.39467113058e-06, 1.69823579199e-06, 1.69238990111e-06, 1.68150700119e-06, 4.90241177431e-07, 6.40762607418e-07, 1.87632565485e-07, 1.09575886142e-07, 5.46096998733e-08, 2.67325912517e-08, 8.23860624166e-09, 9.19016152068e-09], "mean": [0.000216909582377, 0.000755145214498, 0.000932238297537, 0.000633067858871, 0.000410297798226, 0.000483173789689, 0.000959690427408, 0.000428270315751, 0.00024083108292, 0.000184067583177, 0.000205396441743, 9.84988218988e-05, 6.16052784608e-05, 5.01661052112e-05, 2.43725698965e-05, 1.51962403834e-05, 1.02114781839e-05, 9.55021096161e-06, 5.42488396604e-06, 4.6412969823e-06, 3.85289649785e-06, 1.67124380823e-06, 2.49429604082e-06, 1.07318635401e-06, 5.01528518271e-07, 4.12327807453e-07, 1.55719220629e-07, 1.05506899217e-07, 5.00316517105e-08, 3.56041311989e-08, 2.35281500949e-08, 1.31677522219e-08, 1.01724140222e-08, 4.2462526828e-09, 1.12097808813e-09, 5.93389060111e-10, 3.23918641909e-10, 1.9804630158e-10, 8.23506401959e-11, 1.04680084045e-10], "median": [6.24471867923e-05, 0.000305517169181, 0.000270829856163, 0.000202718219953, 0.000160683674039, 0.000101408229966, 0.000143732700963, 0.000148164457642, 5.38646163477e-05, 2.96921116387e-05, 3.24871180055e-05, 1.87964815268e-05, 1.06321786006e-05, 9.3470862339e-06, 5.1207262004e-06, 3.85303519579e-06, 2.42384930971e-06, 1.76666469542e-06, 1.07406185634e-06, 7.44501903682e-07, 6.5552058004e-07, 1.87339765034e-07, 2.53301806197e-07, 9.39103017572e-08, 4.39224407955e-08, 1.85314714685e-08, 7.98912846989e-09, 1.92176741187e-09, 1.09084952182e-09, 5.75075376208e-10, 2.05765668393e-10, 8.78104741697e-11, 6.2963856351e-11, 2.70653742473e-11, 1.40264510076e-11, 7.72103388169e-12, 5.75488007942e-12, 4.74001437059e-12, 3.68412461996e-12, 2.96354607521e-12], "min": [6.49022293566e-24, 2.29780784979e-24, 7.15322423889e-24, 5.14630095929e-24, 2.68331214405e-24, 1.1067107133e-23, 1.01291964818e-23, 1.93153318395e-23, 6.83827941109e-24, 1.13623919694e-23, 1.55609771308e-23, 1.18751397248e-23, 8.77172305839e-24, 6.0720931293e-24, 5.85691554018e-24, 1.56715817406e-23, 1.83338232127e-23, 1.68371647488e-23, 1.20593750338e-23, 1.76034721208e-23, 6.68803690739e-24, 8.06683876311e-24, 1.72893413974e-23, 2.03752690176e-23, 7.95644399031e-24, 5.9858516997e-24, 1.15069325865e-23, 1.1602503874e-23, 1.49264442399e-23, 1.00678380917e-23, 5.52959703465e-24, 6.13591000438e-24, 1.00133065039e-23, 1.6550208706e-23, 1.54422709195e-23, 7.08973907982e-24, 6.08735206579e-24, 9.95468861666e-24, 1.2294101385e-23, 1.28683897574e-23], "var": [1.56370688842e-07, 1.24620703446e-06, 2.22642688641e-06, 1.35983975724e-06, 4.87229385726e-07, 6.81748019815e-07, 5.09690153194e-06, 5.25896723502e-07, 3.81821905648e-07, 2.23421679379e-07, 2.40923782258e-07, 5.58134587436e-08, 2.47965807887e-08, 1.46242618015e-08, 2.46973463902e-09, 1.01258168517e-09, 7.3616146512e-10, 3.60384416753e-10, 8.74978700605e-11, 7.91181356541e-11, 6.32833854763e-11, 1.34835137847e-11, 2.6294962735e-11, 5.46843256441e-12, 1.1891010095e-12, 1.37685739546e-12, 1.42568492819e-13, 1.19517338192e-13, 1.17813804163e-14, 1.476721306e-14, 1.0709909149e-14, 2.66814404297e-15, 1.25738959938e-15, 3.44306505202e-16, 4.19119346927e-17, 1.46067705011e-17, 3.15964072239e-18, 8.79832623096e-19, 1.7947341628e-19, 3.12073893517e-19]}, "mfcc": {"mean": [-826.109069824, 233.066070557, 5.57707309723, -2.07208824158, -0.452390760183, -8.45900821686, -7.09278011322, -3.58309483528, -3.39531588554, -7.02989149094, -3.68071293831, -3.28104066849, -2.45039606094], "cov": [[11150.2128906, 3333.89941406, -4144.22167969, 1224.82324219, 533.391357422, -74.1013946533, 226.001602173, 229.19468689, 331.145019531, 297.983215332, 589.501525879, 223.978149414, 97.8854217529], [3333.89941406, 1665.32177734, -1016.59075928, 80.927734375, 359.765380859, 26.7298374176, 87.0037078857, 111.967796326, 138.464859009, 142.968109131, 191.67225647, 140.708297729, 68.366897583], [-4144.22167969, -1016.59075928, 1936.98693848, -394.100585938, -218.584075928, 130.794830322, -42.9262046814, -60.7330093384, -113.03237915, -86.6282958984, -146.372467041, -0.215330764651, 12.3132562637], [1224.82324219, 80.927734375, -394.100585938, 521.276062012, 39.322303772, -16.957036972, 76.0245819092, 19.6737594604, 19.6727466583, 39.4047737122, 125.623153687, 54.8343696594, 21.4029598236], [533.391357422, 359.765380859, -218.584075928, 39.322303772, 311.807159424, 38.5680274963, -16.251947403, 27.9922008514, 21.0077476501, 47.8245925903, 69.8143768311, 68.5965194702, 26.4466514587], [-74.1013946533, 26.7298374176, 130.794830322, -16.957036972, 38.5680274963, 156.261901855, 39.2361984253, 6.7971072197, 22.9480037689, 3.58566570282, 23.7773933411, 25.0235176086, 18.1210784912], [226.001602173, 87.0037078857, -42.9262046814, 76.0245819092, -16.251947403, 39.2361984253, 159.183898926, 61.8144645691, 28.2665042877, 34.555721283, -0.726261436939, 6.85762310028, 17.6617641449], [229.19468689, 111.967796326, -60.7330093384, 19.6737594604, 27.9922008514, 6.7971072197, 61.8144645691, 97.2311477661, 51.9325256348, 19.3828163147, 14.7144937515, 4.33715009689, 10.7611465454], [331.145019531, 138.464859009, -113.03237915, 19.6727466583, 21.0077476501, 22.9480037689, 28.2665042877, 51.9325256348, 115.676422119, 52.3009643555, 5.46807956696, -7.06763553619, -16.0739955902], [297.983215332, 142.968109131, -86.6282958984, 39.4047737122, 47.8245925903, 3.58566570282, 34.555721283, 19.3828163147, 52.3009643555, 117.628730774, 65.1307907104, 1.30333447456, -7.65407133102], [589.501525879, 191.67225647, -146.372467041, 125.623153687, 69.8143768311, 23.7773933411, -0.726261436939, 14.7144937515, 5.46807956696, 65.1307907104, 167.952423096, 74.668800354, 10.477640152], [223.978149414, 140.708297729, -0.215330764651, 54.8343696594, 68.5965194702, 25.0235176086, 6.85762310028, 4.33715009689, -7.06763553619, 1.30333447456, 74.668800354, 136.332641602, 72.9586181641], [97.8854217529, 68.366897583, 12.3132562637, 21.4029598236, 26.4466514587, 18.1210784912, 17.6617641449, 10.7611465454, -16.0739955902, -7.65407133102, 10.477640152, 72.9586181641, 130.393310547]], "icov": [[0.0155676081777, -0.0215494073927, 0.022724006325, -0.0227356832474, 0.0234008319676, -0.0241802912205, 0.0234288331121, -0.0214460585266, 0.0180369541049, -0.0151432752609, 0.0117006693035, -0.00952739734203, 0.00413400167599], [-0.0215494073927, 0.0313500612974, -0.0307776555419, 0.032421220094, -0.0334486365318, 0.0338178649545, -0.0336721278727, 0.0301213692874, -0.0262306667864, 0.0212773848325, -0.0175184961408, 0.0126503389329, -0.00617121625692], [0.022724006325, -0.0307776555419, 0.0344377718866, -0.0325976833701, 0.034775082022, -0.0368896909058, 0.0350177846849, -0.0327468365431, 0.0280157085508, -0.0239022616297, 0.0185555070639, -0.0158955343068, 0.00666335457936], [-0.0227356832474, 0.032421220094, -0.0325976833701, 0.0371742770076, -0.0354279093444, 0.0375363789499, -0.0385634861887, 0.0347890295088, -0.0297177359462, 0.0255684778094, -0.0224373545498, 0.0151604041457, -0.00747580034658], [0.0234008319676, -0.0334486365318, 0.034775082022, -0.0354279093444, 0.0418591164052, -0.0406714603305, 0.0410560369492, -0.0383505597711, 0.0328607670963, -0.0292770247906, 0.0230566021055, -0.0192688107491, 0.00852927472442], [-0.0241802912205, 0.0338178649545, -0.0368896909058, 0.0375363789499, -0.0406714603305, 0.0509823933244, -0.0459084287286, 0.0433194823563, -0.0388705432415, 0.0340274758637, -0.0287536121905, 0.0207558367401, -0.0105470214039], [0.0234288331121, -0.0336721278727, 0.0350177846849, -0.0385634861887, 0.0410560369492, -0.0459084287286, 0.0548933073878, -0.0490755066276, 0.0398456268013, -0.0376057438552, 0.0320751667023, -0.0222867820412, 0.0103548364714], [-0.0214460585266, 0.0301213692874, -0.0327468365431, 0.0347890295088, -0.0383505597711, 0.0433194823563, -0.0490755066276, 0.0594713538885, -0.0446105375886, 0.0373361110687, -0.0320853516459, 0.0238119196147, -0.0128671498969], [0.0180369541049, -0.0262306667864, 0.0280157085508, -0.0297177359462, 0.0328607670963, -0.0388705432415, 0.0398456268013, -0.0446105375886, 0.0488278083503, -0.0374783724546, 0.0308532007039, -0.0213938727975, 0.0127772446722], [-0.0151432752609, 0.0212773848325, -0.0239022616297, 0.0255684778094, -0.0292770247906, 0.0340274758637, -0.0376057438552, 0.0373361110687, -0.0374783724546, 0.0444785505533, -0.0328412093222, 0.0232213586569, -0.0108694629744], [0.0117006693035, -0.0175184961408, 0.0185555070639, -0.0224373545498, 0.0230566021055, -0.0287536121905, 0.0320751667023, -0.0320853516459, 0.0308532007039, -0.0328412093222, 0.0368031747639, -0.0237591862679, 0.0121673969552], [-0.00952739734203, 0.0126503389329, -0.0158955343068, 0.0151604041457, -0.0192688107491, 0.0207558367401, -0.0222867820412, 0.0238119196147, -0.0213938727975, 0.0232213586569, -0.0237591862679, 0.0293162316084, -0.0141590377316], [0.00413400167599, -0.00617121625692, 0.00666335457936, -0.00747580034658, 0.00852927472442, -0.0105470214039, 0.0103548364714, -0.0128671498969, 0.0127772446722, -0.0108694629744, 0.0121673969552, -0.0141590377316, 0.0156761277467]]}, "spectral_contrast_coeffs": {"dmean": [0.0378036648035, 0.0326595194638, 0.0245818700641, 0.0206763390452, 0.0190923959017, 0.0410426557064], "dmean2": [0.0626239329576, 0.0544769912958, 0.037656839937, 0.0326728969812, 0.0296760909259, 0.0719672143459], "dvar": [0.00107531272806, 0.00093769596424, 0.000635590346064, 0.0004268832854, 0.000359377270797, 0.00159110408276], "dvar2": [0.00297657703049, 0.0024710833095, 0.00143905752338, 0.000986413448118, 0.000817448366433, 0.00451259687543], "max": [-0.257681280375, -0.378428161144, -0.452953994274, -0.564681589603, -0.560352385044, -0.59035640955], "mean": [-0.594225108624, -0.698086738586, -0.731050431728, -0.754751801491, -0.727668464184, -0.833239972591], "median": [-0.599808096886, -0.704942524433, -0.744248151779, -0.757590293884, -0.708886027336, -0.868151366711], "min": [-0.956388652325, -0.967501103878, -0.963367640972, -0.961624860764, -0.956604003906, -0.964178979397], "var": [0.007346927654, 0.00563663244247, 0.00495317671448, 0.00243829004467, 0.00542388251051, 0.00926697440445]}, "spectral_contrast_valleys": {"dmean": [0.351134330034, 0.258834660053, 0.2223944664, 0.219120189548, 0.272880941629, 0.740185678005], "dmean2": [0.578458786011, 0.420348137617, 0.342395663261, 0.337472200394, 0.402945518494, 1.3378932476], "dvar": [0.128404021263, 0.115243561566, 0.105318397284, 0.110880956054, 0.15142981708, 0.399162590504], "dvar2": [0.266116529703, 0.192280352116, 0.162626236677, 0.17676974833, 0.269579559565, 1.24486720562], "max": [-5.58732891083, -4.58909606934, -5.72854375839