{"lowlevel": {"average_loudness": 0.956809401512, "barkbands_crest": {"dmean": 2.71982336044, "dmean2": 4.37750720978, "dvar": 10.0970516205, "dvar2": 24.335975647, "max": 26.5305194855, "mean": 10.7471141815, "median": 9.54091739655, "min": 1.98373544216, "var": 23.9876556396}, "barkbands_flatness_db": {"dmean": 0.0461363531649, "dmean2": 0.0687313377857, "dvar": 0.0025302991271, "dvar2": 0.00561219546944, "max": 0.752162754536, "mean": 0.2125839293, "median": 0.176326334476, "min": 0.0116932922974, "var": 0.0199711378664}, "barkbands_kurtosis": {"dmean": 8.04985618591, "dmean2": 13.431312561, "dvar": 861.428588867, "dvar2": 2208.06396484, "max": 621.266967773, "mean": 8.92485332489, "median": 2.40089273453, "min": -1.92911970615, "var": 903.288269043}, "barkbands_skewness": {"dmean": 0.90566521883, "dmean2": 1.42320489883, "dvar": 2.04404306412, "dvar2": 5.27288675308, "max": 19.5156059265, "mean": 1.44770956039, "median": 1.35772871971, "min": -4.98674297333, "var": 3.29076719284}, "barkbands_spread": {"dmean": 8.5378446579, "dmean2": 13.6537532806, "dvar": 166.447937012, "dvar2": 441.299713135, "max": 149.097396851, "mean": 20.0287914276, "median": 13.8913793564, "min": 0.0334416106343, "var": 405.53793335}, "dissonance": {"dmean": 0.0241569634527, "dmean2": 0.0405729264021, "dvar": 0.00112169317435, "dvar2": 0.0030237515457, "max": 0.5, "mean": 0.457115054131, "median": 0.471773475409, "min": 0.0980087816715, "var": 0.0020239232108}, "dynamic_complexity": 5.20486545563, "erbbands_crest": {"dmean": 2.89018917084, "dmean2": 4.71923303604, "dvar": 11.7620000839, "dvar2": 29.4151058197, "max": 32.1051177979, "mean": 10.9394216537, "median": 9.82041358948, "min": 2.44612956047, "var": 27.4624233246}, "erbbands_flatness_db": {"dmean": 0.0358870588243, "dmean2": 0.0531813874841, "dvar": 0.00146055710502, "dvar2": 0.00317749474198, "max": 0.559800684452, "mean": 0.209903925657, "median": 0.184435606003, "min": 0.0421588085592, "var": 0.00899638608098}, "erbbands_kurtosis": {"dmean": 4.06059741974, "dmean2": 6.27385091782, "dvar": 271.94329834, "dvar2": 546.539428711, "max": 368.41583252, "mean": 7.06471443176, "median": 0.197691202164, "min": -1.85763132572, "var": 1138.76159668}, "erbbands_skewness": {"dmean": 0.668046891689, "dmean2": 0.997441470623, "dvar": 0.852128863335, "dvar2": 1.83246648312, "max": 15.5965871811, "mean": 0.582559049129, "median": 0.167614519596, "min": -5.75077915192, "var": 4.21125173569}, "erbbands_spread": {"dmean": 11.1370420456, "dmean2": 17.6580543518, "dvar": 233.586746216, "dvar2": 585.63873291, "max": 176.259719849, "mean": 31.6005516052, "median": 27.0474185944, "min": 0.459069609642, "var": 495.734832764}, "hfc": {"dmean": 8.94178009033, "dmean2": 14.5948610306, "dvar": 234.195327759, "dvar2": 582.503051758, "max": 160.264389038, "mean": 16.4696063995, "median": 12.8055353165, "min": 1.24554156721e-16, "var": 329.576141357}, "melbands_crest": {"dmean": 3.49283409119, "dmean2": 5.53004598618, "dvar": 17.5249004364, "dvar2": 42.2974777222, "max": 38.7733421326, "mean": 15.387131691, "median": 14.5410661697, "min": 1.84142637253, "var": 44.0449180603}, "melbands_flatness_db": {"dmean": 0.0580085590482, "dmean2": 0.0853485539556, "dvar": 0.0039199530147, "dvar2": 0.00896599330008, "max": 0.926294147968, "mean": 0.287590175867, "median": 0.254693865776, "min": 0.00556939234957, "var": 0.0323177836835}, "melbands_kurtosis": {"dmean": 16.9718990326, "dmean2": 28.6295528412, "dvar": 4743.5234375, "dvar2": 13401.0927734, "max": 1688.93444824, "mean": 19.4572906494, "median": 6.88808727264, "min": -1.92702782154, "var": 3769.40258789}, "melbands_skewness": {"dmean": 1.14081633091, "dmean2": 1.77733039856, "dvar": 3.85101413727, "dvar2": 10.2455711365, "max": 27.9824752808, "mean": 2.51799297333, "median": 2.13794994354, "min": -3.91762971878, "var": 5.73399972916}, "melbands_spread": {"dmean": 13.1495676041, "dmean2": 20.3885555267, "dvar": 496.176574707, "dvar2": 1314.73925781, "max": 246.625946045, "mean": 26.7740955353, "median": 14.0225887299, "min": 0.0475846156478, "var": 1256.75488281}, "pitch_salience": {"dmean": 0.0920007154346, "dmean2": 0.152554050088, "dvar": 0.0130895385519, "dvar2": 0.0340472497046, "max": 0.988602697849, "mean": 0.582879960537, "median": 0.608837068081, "min": 0.026652591303, "var": 0.028944471851}, "silence_rate_20dB": {"dmean": 0, "dmean2": 0, "dvar": 0, "dvar2": 0, "max": 1, "mean": 1, "median": 1, "min": 1, "var": 0}, "silence_rate_30dB": {"dmean": 0.00622406648472, "dmean2": 0.0124524384737, "dvar": 0.00618526339531, "dvar2": 0.0178325511515, "max": 1, "mean": 0.99654340744, "median": 1, "min": 0, "var": 0.003444803413}, "silence_rate_60dB": {"dmean": 0.0560165978968, "dmean2": 0.112071946263, "dvar": 0.0528801158071, "dvar2": 0.109200634062, "max": 1, "mean": 0.217421367764, "median": 0, "min": 0, "var": 0.170148611069}, "spectral_centroid": {"dmean": 388.08480835, "dmean2": 584.286987305, "dvar": 315519.75, "dvar2": 693736.875, "max": 11077.0654297, "mean": 1232.29504395, "median": 837.686218262, "min": 52.5251464844, "var": 1150610}, "spectral_complexity": {"dmean": 4.10719203949, "dmean2": 6.05534410477, "dvar": 40.3333435059, "dvar2": 86.1216888428, "max": 51, "mean": 11.9616317749, "median": 12, "min": 0, "var": 95.2097167969}, "spectral_decrease": {"dmean": 3.17167025976e-09, "dmean2": 5.17684650703e-09, "dvar": 2.73032534044e-17, "dvar2": 6.77362255577e-17, "max": 1.61275853783e-11, "mean": -7.3380421739e-09, "median": -6.76957112589e-09, "min": -3.82419109712e-08, "var": 4.50501222791e-17}, "spectral_energy": {"dmean": 0.0126383285969, "dmean2": 0.0206686314195, "dvar": 0.000430052779848, "dvar2": 0.00106781476643, "max": 0.150686070323, "mean": 0.0291893668473, "median": 0.0269446056336, "min": 1.12059312727e-20, "var": 0.000693972513545}, "spectral_energyband_high": {"dmean": 0.00044215656817, "dmean2": 0.000711499946192, "dvar": 1.27017540308e-06, "dvar2": 2.9899213132e-06, "max": 0.0142302317545, "mean": 0.000574869278353, "median": 6.04289925832e-05, "min": 8.12793647567e-21, "var": 1.82645635505e-06}, "spectral_energyband_low": {"dmean": 0.00373980589211, "dmean2": 0.00606645271182, "dvar": 6.32846058579e-05, "dvar2": 0.000148177627125, "max": 0.0920017436147, "mean": 0.0101239159703, "median": 0.00373781844974, "min": 2.87396732139e-23, "var": 0.000143784855027}, "spectral_energyband_middle_high": {"dmean": 0.00281365588307, "dmean2": 0.00464044976979, "dvar": 3.01397703879e-05, "dvar2": 7.60624971008e-05, "max": 0.0605579614639, "mean": 0.00478011649102, "median": 0.00307242199779, "min": 1.76929005484e-21, "var": 3.89294837078e-05}, "spectral_energyband_middle_low": {"dmean": 0.00819975230843, "dmean2": 0.0135262962431, "dvar": 0.000191324506886, "dvar2": 0.000495794927701, "max": 0.115754663944, "mean": 0.0155218793079, "median": 0.01297070086, "min": 2.05666741256e-22, "var": 0.000265105307335}, "spectral_entropy": {"dmean": 0.400256961584, "dmean2": 0.601965546608, "dvar": 0.229622617364, "dvar2": 0.496722519398, "max": 9.79613399506, "mean": 6.97669839859, "median": 7.22192573547, "min": 2.92988371849, "var": 1.2697070837}, "spectral_flux": {"dmean": 0.037796292454, "dmean2": 0.0558399148285, "dvar": 0.00252484367229, "dvar2": 0.00505167804658, "max": 0.358881533146, "mean": 0.0748279169202, "median": 0.0555463880301, "min": 1.05858072308e-10, "var": 0.00452909199521}, "spectral_kurtosis": {"dmean": 11.7533311844, "dmean2": 19.5580635071, "dvar": 1012.98425293, "dvar2": 2984.29638672, "max": 641.174560547, "mean": 28.0297641754, "median": 5.44530963898, "min": -1.32303369045, "var": 7221.86230469}, "spectral_rms": {"dmean": 0.00113809702452, "dmean2": 0.00174526835326, "dvar": 2.58135059994e-06, "dvar2": 5.78802473683e-06, "max": 0.0121248010546, "mean": 0.0045563983731, "median": 0.00512712588534, "min": 3.30645059943e-12, "var": 7.71661325416e-06}, "spectral_rolloff": {"dmean": 809.251525879, "dmean2": 1331.31750488, "dvar": 2480755.25, "dvar2": 6158038, "max": 18992.2851562, "mean": 1870.66674805, "median": 818.26171875, "min": 43.06640625, "var": 8189989}, "spectral_skewness": {"dmean": 0.735393941402, "dmean2": 1.13681983948, "dvar": 1.19688940048, "dvar2": 2.91114926338, "max": 21.3777084351, "mean": 2.84274983406, "median": 1.879296422, "min": -0.842195987701, "var": 10.4599914551}, "spectral_spread": {"dmean": 1010781.5, "dmean2": 1467355.125, "dvar": 1668741201920.0, "dvar2": 3297282097150.0, "max": 40935672, "mean": 4250691.5, "median": 4110176, "min": 151033.203125, "var": 6080287997950.0}, "spectral_strongpeak": {"dmean": 0.487991571426, "dmean2": 0.806994974613, "dvar": 0.871315717697, "dvar2": 2.32236838341, "max": 10.6038074493, "mean": 0.864632427692, "median": 0.576180994511, "min": 0, "var": 1.17283391953}, "zerocrossingrate": {"dmean": 0.0137507226318, "dmean2": 0.0138704981655, "dvar": 0.000403121783165, "dvar2": 0.000378923898097, "max": 0.69775390625, "mean": 0.0570423230529, "median": 0.03662109375, "min": 0.00146484375, "var": 0.00591408414766}, "barkbands": {"dmean": [9.05513370526e-05, 0.00181813759264, 0.00157908932306, 0.00188489770517, 0.00367225683294, 0.00137087132316, 0.000723343226127, 0.000652812421322, 0.00149734679144, 0.000639372272417, 0.000366347871022, 0.000972305773757, 0.000201730566914, 0.000190805760212, 0.000307885347866, 0.000299815059407, 0.000248956988798, 0.000277222658042, 0.000154858076712, 0.000174127737409, 0.000111596331408, 0.000214990199311, 6.92960602464e-05, 5.61578817724e-05, 5.03906558151e-05, 2.87790426228e-05, 6.39201607555e-06], "dmean2": [0.000150170963025, 0.00292611122131, 0.00257521029562, 0.00309111969545, 0.00585398683324, 0.00230821594596, 0.00126614305191, 0.00112527783494, 0.00260264985263, 0.00104694720358, 0.000609297014307, 0.00161418889184, 0.000342097657267, 0.000311687792419, 0.000529092736542, 0.000513415958267, 0.000417840434238, 0.000482945441036, 0.000261833454715, 0.000291233998723, 0.000189178972505, 0.000377138145268, 0.000121080804092, 9.79716642178e-05, 8.77935599419e-05, 4.7167242883e-05, 1.12687193905e-05], "dvar": [9.27978334175e-08, 1.67695288837e-05, 1.49549887283e-05, 1.48586950672e-05, 5.58028295927e-05, 1.17178242363e-05, 2.82514997707e-06, 3.74483511223e-06, 1.54804456542e-05, 1.95490702026e-06, 6.74732802963e-07, 1.19576370707e-05, 2.50556979609e-07, 5.39953816769e-07, 8.97918539522e-07, 6.95252992955e-07, 4.87453007736e-07, 1.04056618966e-06, 3.86185234902e-07, 3.23139460079e-07, 2.04766081424e-07, 6.64922254145e-07, 2.07653499729e-07, 2.11115619209e-07, 8.78629577983e-08, 4.05457889485e-08, 1.05822310914e-08], "dvar2": [2.14525954334e-07, 3.91634785046e-05, 3.5252316593e-05, 3.58852012141e-05, 0.000135619397042, 3.0934541428e-05, 7.65180902818e-06, 9.65805429587e-06, 4.07936313422e-05, 4.82128598378e-06, 1.60699437401e-06, 3.15995821438e-05, 6.29904207017e-07, 1.33329433538e-06, 2.37516951529e-06, 1.83737915904e-06, 1.26805934997e-06, 2.82459632217e-06, 1.05184176391e-06, 8.74080058111e-07, 5.67259633044e-07, 1.84209000054e-06, 5.87852639455e-07, 6.02935074312e-07, 2.54279200362e-07, 9.85561214861e-08, 2.99161300177e-08], "max": [0.00686787068844, 0.0493837818503, 0.0486935898662, 0.0504621267319, 0.0917749777436, 0.0353227071464, 0.0242320559919, 0.0450548678637, 0.0497360564768, 0.0157053470612, 0.0156723670661, 0.0543624684215, 0.00738258613274, 0.0234494507313, 0.0147550879046, 0.010707677342, 0.0124749923125, 0.0180309712887, 0.0147793805227, 0.0106251938269, 0.00950936414301, 0.0110784778371, 0.0105693545192, 0.0125276818871, 0.00855539552867, 0.0054474323988, 0.00351929035969], "mean": [8.78343562363e-05, 0.00431340700015, 0.00416020816192, 0.00377080193721, 0.00661288062111, 0.00169907649979, 0.000719618285075, 0.000606740592048, 0.00168928154744, 0.00112962268759, 0.000707139144652, 0.00115945504513, 0.000271739438176, 0.000240533714532, 0.000374216004275, 0.000323332438711, 0.000266536488198, 0.000241098299739, 0.000157091402798, 0.000168832295458, 0.000121672805108, 0.000165347533766, 6.43666789983e-05, 5.13138256792e-05, 4.89880949317e-05, 3.21766201523e-05, 6.04701062912e-06], "median": [1.30881335281e-05, 0.000879134517163, 0.000897478777915, 0.00126431765966, 0.00325747299939, 0.000337503268383, 0.000140802061651, 6.56489428366e-05, 8.74173128977e-05, 8.16577958176e-05, 0.000119001648272, 0.000185800527106, 4.14335809182e-05, 2.8221287721e-05, 2.80385193037e-05, 2.71563731076e-05, 3.22189625876e-05, 2.29758952628e-05, 1.64048324223e-05, 1.65766323335e-05, 1.08063641164e-05, 9.76820683718e-06, 5.88736338614e-06, 5.39465190741e-06, 3.98559041059e-06, 2.06144250114e-06, 1.42109470858e-07], "min": [1.13575854399e-23, 1.28767706157e-23, 1.33032572201e-23, 5.79297836382e-24, 4.37027521543e-23, 3.30375735967e-23, 3.33255078272e-23, 4.8532805482e-23, 3.16487745068e-23, 6.85136361584e-23, 1.8188476853e-22, 1.0910072537e-22, 1.32085216518e-22, 1.28642412957e-22, 1.33112262929e-22, 1.29346442916e-22, 2.07764063656e-22, 2.63964698111e-22, 3.23361254218e-22, 3.78671056452e-22, 4.89765946459e-22, 5.47616385678e-22, 6.6744306976e-22, 7.69656723883e-22, 1.22585379893e-21, 1.80171933149e-21, 2.49582625325e-21], "var": [9.33499748612e-08, 3.89009801438e-05, 4.26881815656e-05, 3.76003699785e-05, 9.06288914848e-05, 1.15721395559e-05, 2.60626848103e-06, 4.10355960412e-06, 1.60603740369e-05, 4.56730913356e-06, 1.54625354298e-06, 1.00493944046e-05, 3.86057877222e-07, 6.53508095638e-07, 1.31957483518e-06, 8.06970092526e-07, 5.51868708953e-07, 7.25952588709e-07, 2.76279280342e-07, 2.45520141107e-07, 1.67452455457e-07, 4.25772810786e-07, 1.28630404106e-07, 1.24110556499e-07, 5.67273090724e-08, 3.71230690632e-08, 6.29959462373e-09]}, "erbbands": {"dmean": [0.0342869199812, 0.476812690496, 1.73148834705, 3.85321974754, 8.55744552612, 12.9308948517, 15.8001289368, 10.4403848648, 9.35996723175, 13.0271549225, 17.9469490051, 36.989200592, 22.3933124542, 16.8178939819, 21.5170555115, 34.2652854919, 10.321808815, 9.76894187927, 12.1541023254, 17.7776527405, 13.5021467209, 13.2808904648, 13.2051820755, 12.0727396011, 7.1421380043, 7.84678030014, 6.18929767609, 5.36738920212, 7.94856834412, 3.13183689117, 1.84519767761, 1.32718276978, 0.830357789993, 0.603069782257, 0.369070857763, 0.172285094857, 0.0480956360698, 0.0130545888096, 0.00107966258656, 4.42763630417e-05], "dmean2": [0.0575427822769, 0.764420509338, 2.79721140862, 6.32444524765, 14.1115512848, 20.8820171356, 25.2201766968, 17.5630474091, 16.3057556152, 22.5015258789, 31.0642910004, 64.3156585693, 37.3320236206, 27.4732971191, 35.4867858887, 57.1041107178, 17.1790561676, 16.1214809418, 19.9637851715, 30.4269790649, 22.8038425446, 22.3547649384, 22.8980865479, 20.3186206818, 12.2824649811, 13.1650705338, 10.2972946167, 9.38872432709, 14.1420097351, 5.40614891052, 3.24474382401, 2.3436255455, 1.47167646885, 1.06790292263, 0.638246178627, 0.296337515116, 0.0789097845554, 0.0232117269188, 0.00187555875164, 7.51047191443e-05], "dvar": [0.00720709934831, 1.18186843395, 17.9028987885, 58.8058166504, 284.934234619, 927.515808105, 1392.57714844, 637.043029785, 416.420379639, 1357.30224609, 2680.24023438, 10472.8984375, 2673.63354492, 1411.53808594, 2737.60668945, 14916.0576172, 536.289306641, 1523.72021484, 809.60168457, 2134.63208008, 1236.04394531, 1233.62512207, 2593.85742188, 1517.90710449, 889.903076172, 684.989562988, 448.323913574, 468.574615479, 928.589294434, 270.028411865, 152.225509644, 119.312324524, 56.6725387573, 22.3299407959, 3.79601359367, 1.54381799698, 0.166684031487, 0.0413574390113, 0.000240428940742, 1.38327777677e-07], "dvar2": [0.0179210882634, 2.70534729958, 40.3792915344, 146.449234009, 735.178649902, 2330.89990234, 3400.83251953, 1635.22949219, 1120.94702148, 3536.38354492, 6959.86572266, 27695.8886719, 6929.85449219, 3478.36010742, 7077.6328125, 39592.2226562, 1342.38317871, 3815.44238281, 2057.37329102, 5683.31152344, 3156.51464844, 3200.41918945, 7141.49560547, 3805.57006836, 2413.98217773, 1853.70910645, 1191.87451172, 1305.80029297, 2598.76416016, 763.610168457, 431.980621338, 342.674682617, 164.605895996, 65.6786575317, 11.5046644211, 4.6434545517, 0.448067247868, 0.11954832077, 0.00066406611586, 3.60719297987e-07], "max": [1.34511375427, 12.1957559586, 55.8903503418, 78.5870513916, 224.18812561, 378.934814453, 383.443817139, 344.992736816, 232.021438599, 631.888244629, 891.209716797, 1287.26135254, 621.034484863, 553.549865723, 632.440124512, 1919, 438.402160645, 1244.24084473, 325.914031982, 485.18951416, 414.07232666, 580.15447998, 990.899780273, 787.775939941, 551.227355957, 527.807189941, 401.189483643, 439.912506104, 492.64541626, 404.741546631, 287.534240723, 318.828918457, 241.936172485, 144.95640564, 49.7715988159, 40.6935920715, 9.83611774445, 7.46169614792, 0.494344770908, 0.00869437586516], "mean": [0.066813826561, 1.18891215324, 4.54124927521, 8.89345550537, 18.274187088, 20.646396637, 21.6977825165, 12.4176044464, 10.1967515945, 12.3937854767, 16.4174766541, 39.3251304626, 37.8423576355, 32.4622268677, 35.6954727173, 40.5850830078, 14.7378568649, 12.2968597412, 15.3311185837, 20.5221366882, 15.9537343979, 13.7908420563, 11.9218482971, 11.7595920563, 7.32699537277, 7.65663337708, 6.65819358826, 4.74994039536, 6.10440397263, 2.79323339462, 1.73825442791, 1.17009568214, 0.771196365356, 0.547802686691, 0.352807313204, 0.16904938221, 0.0497758798301, 0.0117413029075, 0.00103583885357, 6.54039613437e-05], "median": [0.0199413150549, 0.231853857636, 1.13971269131, 4.52379226685, 9.0137348175, 7.20887565613, 5.932908535, 2.98915266991, 2.2529540062, 1.98894369602, 1.91707575321, 2.41296076775, 3.19819402695, 5.80280303955, 10.0026016235, 7.41220903397, 2.9871737957, 2.42865204811, 2.40327048302, 1.98891055584, 1.81396484375, 2.03823852539, 1.54932522774, 1.01244854927, 0.849071323872, 0.756878018379, 0.570133924484, 0.411334216595, 0.35613951087, 0.251759797335, 0.1607542485, 0.118665903807, 0.0850507616997, 0.0494939386845, 0.0267113987356, 0.0116144772619, 0.00309190433472, 0.000417604867835, 4.13778434449e-05, 3.80319397664e-05], "min": [1.77246165434e-22, 3.72329866854e-21, 1.86661092353e-20, 1.12597359788e-20, 5.92270753617e-20, 1.60753427214e-19, 2.43102048928e-19, 3.45150080328e-19, 5.18482908405e-19, 3.84887552611e-19, 1.30607930973e-18, 7.9047452457e-19, 1.37250873716e-18, 3.48373608345e-18, 7.24928267542e-18, 4.49027468181e-18, 5.17905267504e-18, 7.30389313946e-18, 5.09728297636e-18, 1.05111329362e-17, 6.79212642064e-18, 1.21795008106e-17, 1.80552748943e-17, 1.29911833672e-17, 1.51441103358e-17, 1.75474008875e-17, 1.8722472159e-17, 2.0408365509e-17, 1.80603422028e-17, 2.21839401267e-17, 1.6982509321e-17, 1.51609748941e-17, 1.36744039475e-17, 1.24116697291e-17, 9.52045924842e-18, 6.87526634401e-18, 2.73464318187e-18, 1.60789135567e-18, 3.70828584125e-19, 3.61467329434e-20], "var": [0.0141836665571, 2.87552595139, 50.23097229, 134.302200317, 555.535766602, 1368.84899902, 1776.62719727, 680.307556152, 433.184509277, 1336.84545898, 2554.46630859, 9890.71679688, 5200.85742188, 3531.89379883, 3382.29492188, 12381.7519531, 884.821716309, 1810.61889648, 1174.32763672, 2591.06958008, 1565.97961426, 1194.15161133, 1756.33581543, 1316.2109375, 635.040649414, 522.826293945, 434.00668335, 307.460144043, 579.672241211, 170.056365967, 93.2936172485, 68.8283538818, 31.8377838135, 12.4248485565, 2.44573664665, 0.92096555233, 0.121824391186, 0.0234458837658, 0.000151522675878, 1.01538518038e-07]}, "gfcc": {"mean": [-102.569366455, 100.833328247, -93.2159881592, 25.1508617401, -44.8268089294, 14.138874054, -30.013710022, 3.3619594574, -30.1917228699, -6.83355617523, -18.4562454224, 2.25714302063, -4.9742975235], "cov": [[35006.0742188, 1106.82958984, -5474.69482422, -470.869689941, -2156.89135742, -41.4686813354, -1134.19042969, -127.809288025, -854.620666504, 13.8321447372, -645.361022949, -55.3992462158, -607.800109863], [1106.82958984, 6355.61572266, 1337.54650879, -1073.56188965, 772.978149414, -182.790939331, 503.494415283, -720.790405273, -83.4610061646, -902.174865723, 43.3348693848, -473.322052002, 280.630371094], [-5474.69482422, 1337.54650879, 2710.64306641, -18.5777339935, 433.637542725, 68.2503662109, 286.498535156, -167.254470825, -66.6715316772, -288.620117188, 56.398475647, -113.590171814, 83.9800796509], [-470.869689941, -1073.56188965, -18.5777339935, 846.559570312, -52.9984130859, 54.236579895, -37.4488868713, 50.5724563599, -19.5056991577, 167.406234741, 54.2213935852, 63.1336784363, -102.547775269], [-2156.89135742, 772.978149414, 433.637542725, -52.9984130859, 738.532043457, 154.0650177, 202.190826416, -89.2802429199, 62.7799110413, -131.163146973, 65.9770889282, -50.0794219971, 62.9442100525], [-41.4686813354, -182.790939331, 68.2503662109, 54.236579895, 154.0650177, 382.05480957, 163.376495361, 80.7303085327, -29.6022186279, -16.1102809906, -18.7909259796, 34.0045204163, -13.0163354874], [-1134.19042969, 503.494415283, 286.498535156, -37.4488868713, 202.190826416, 163.376495361, 418.828765869, 78.5251617432, 66.7358932495, -121.905632019, 9.69764137268, -54.7492446899, 51.291973114], [-127.809288025, -720.790405273, -167.254470825, 50.5724563599, -89.2802429199, 80.7303085327, 78.5251617432, 369.9140625, 166.504104614, 94.7994003296, -124.844032288, 2.19598269463, -9.75624465942], [-854.620666504, -83.4610061646, -66.6715316772, -19.5056991577, 62.7799110413, -29.6022186279, 66.7358932495, 166.504104614, 294.188476562, 55.8323402405, -59.4713821411, -57.2557907104, 32.7385635376], [13.8321447372, -902.174865723, -288.620117188, 167.406234741, -131.163146973, -16.1102809906, -121.905632019, 94.7994003296, 55.8323402405, 273.987640381, 51.3539276123, 53.8669815063, -80.7610702515], [-645.361022949, 43.3348693848, 56.398475647, 54.2213935852, 65.9770889282, -18.7909259796, 9.69764137268, -124.844032288, -59.4713821411, 51.3539276123, 233.630859375, 64.3591918945, -30.0212306976], [-55.3992462158, -473.322052002, -113.590171814, 63.1336784363, -50.0794219971, 34.0045204163, -54.7492446899, 2.19598269463, -57.2557907104, 53.8669815063, 64.3591918945, 163.609237671, 15.7718095779], [-607.800109863, 280.630371094, 83.9800796509, -102.547775269, 62.9442100525, -13.0163354874, 51.291973114, -9.75624465942, 32.7385635376, -80.7610702515, -30.0212306976, 15.7718095779, 156.477355957]], "icov": [[0.000101191879367, -0.000160927083925, 0.000204628915526, -5.32031335752e-05, 0.000217573528062, -0.000182565054274, 0.000195815766347, -0.000129031614051, 0.000247489806497, -2.84198704321e-05, 0.000274633639492, -0.000143937111716, 0.000362788530765], [-0.000160927083925, 0.000872643373441, -0.000354872638127, 0.00047396752052, -0.00045557145495, 0.000445835990831, -0.000617845333181, 0.00101595069282, -0.000588442839216, 0.00116982858162, -0.000782767485362, 0.00137888477184, -0.000765093718655], [0.000204628915526, -0.000354872638127, 0.000879169558175, -0.000219633322558, 0.000282166642137, -0.00033124408219, 0.000270858843578, -0.000302946806187, 0.000653763418086, 0.000211239443161, 0.000411443324992, -7.52109481255e-05, 0.000625521352049], [-5.32031335752e-05, 0.00047396752052, -0.000219633322558, 0.00172731385101, -0.000228619537666, 0.000151869433466, -0.00050678284606, 0.000635934877209, -0.000129150939756, -0.000152970154886, -0.000174499000423, 0.00029081152752, 0.000388839864172], [0.000217573528062, -0.00045557145495, 0.000282166642137, -0.000228619537666, 0.00267115421593, -0.00154381024186, 0.000353959942004, 0.000355250638677, -0.000630423950497, 0.000435225432739, -0.000236432359088, -1.52453794726e-05, 0.000376800016966], [-0.000182565054274, 0.000445835990831, -0.00033124408219, 0.000151869433466, -0.00154381024186, 0.00478574633598, -0.00237504043616, -0.000290303403744, 0.00102089822758, -0.000389453663956, 0.000971626315732, -0.00125846790615, 0.000446779828053], [0.000195815766347, -0.000617845333181, 0.000270858843578, -0.00050678284606, 0.000353959942004, -0.00237504043616, 0.00561902718619, -0.00278364866972, -0.000127656094264, 0.0020947039593, -0.00222686259076, 0.00136438198388, -0.000421136530349], [-0.000129031614051, 0.00101595069282, -0.000302946806187, 0.000635934877209, 0.000355250638677, -0.000290303403744, -0.00278364866972, 0.00806471612304, -0.003538942663, -0.000823895563371, 0.00322514469735, -0.000716039445251, 0.00051049515605], [0.000247489806497, -0.000588442839216, 0.000653763418086, -0.000129150939756, -0.000630423950497, 0.00102089822758, -0.000127656094264, -0.003538942663, 0.00752336764708, -0.00266053015366, 0.00089979020413, 0.00175635458436, -0.00121076137293], [-2.84198704321e-05, 0.00116982858162, 0.000211239443161, -0.000152970154886, 0.000435225432739, -0.000389453663956, 0.0020947039593, -0.000823895563371, -0.00266053015366, 0.0107870083302, -0.00422744452953, 0.00151408824604, 0.00179288408253], [0.000274633639492, -0.000782767485362, 0.000411443324992, -0.000174499000423, -0.000236432359088, 0.000971626315732, -0.00222686259076, 0.00322514469735, 0.00089979020413, -0.00422744452953, 0.0101976534352, -0.00551232602447, 0.00338433869183], [-0.000143937111716, 0.00137888477184, -7.52109481255e-05, 0.00029081152752, -1.52453794726e-05, -0.00125846790615, 0.00136438198388, -0.000716039445251, 0.00175635458436, 0.00151408824604, -0.00551232602447, 0.0134150004014, -0.00538722798228], [0.000362788530765, -0.000765093718655, 0.000625521352049, 0.000388839864172, 0.000376800016966, 0.000446779828053, -0.000421136530349, 0.00051049515605, -0.00121076137293, 0.00179288408253, 0.00338433869183, -0.00538722798228, 0.0115175545216]]}, "melbands": {"dmean": [0.000412564229919, 0.000810792669654, 0.000817921827547, 0.000713126559276, 0.000610640563536, 0.000237830361584, 0.000145475991303, 0.000140191084938, 0.000172693122295, 0.000226896416279, 0.00010727182962, 6.98110306985e-05, 5.67810020584e-05, 0.00012954986596, 3.8298599975e-05, 1.91378512682e-05, 1.84899454325e-05, 1.74432971107e-05, 2.71914268524e-05, 2.47312418651e-05, 1.44376108437e-05, 1.462803084e-05, 1.24666275951e-05, 1.28408119053e-05, 1.00211400422e-05, 5.39052825843e-06, 5.62778268431e-06, 5.29516546521e-06, 4.49906201538e-06, 2.45030128099e-06, 3.9260230551e-06, 5.83732617088e-06, 2.38837174038e-06, 1.55969837579e-06, 1.19649064345e-06, 8.8309820967e-07, 8.06388243291e-07, 5.9058527313e-07, 5.64695199046e-07, 5.18760145951e-07], "dmean2": [0.000672268739436, 0.00129732431378, 0.00134086504113, 0.0011728014797, 0.000963182363193, 0.000400803488446, 0.000253490492469, 0.000241342320805, 0.00029952818295, 0.000394048227463, 0.000177742578671, 0.000113775247883, 9.33784249355e-05, 0.000214147861698, 6.44833999104e-05, 3.19474856951e-05, 3.02000917145e-05, 2.83067838609e-05, 4.68370417366e-05, 4.21965924033e-05, 2.42652549787e-05, 2.47349980782e-05, 2.09480258491e-05, 2.2634083507e-05, 1.69797585841e-05, 9.22460549191e-06, 9.61850946624e-06, 8.99646965991e-06, 7.50608433009e-06, 4.21391723648e-06, 7.04951571606e-06, 1.05194530988e-05, 4.12679446526e-06, 2.77590243059e-06, 2.12389909393e-06, 1.56322994371e-06, 1.4488019815e-06, 1.06630068331e-06, 1.02884177977e-06, 9.18917464787e-07], "dvar": [8.91203228548e-07, 3.56418445335e-06, 2.46309809881e-06, 2.08566461879e-06, 2.10670782508e-06, 3.33655151508e-07, 1.0229529579e-07, 1.73298900563e-07, 2.75481966128e-07, 3.70966802166e-07, 6.55631637869e-08, 2.53874947731e-08, 1.50603511884e-08, 2.47345923299e-07, 8.49422221449e-09, 2.32571739645e-09, 7.32389082714e-09, 1.67358815695e-09, 8.3293842934e-09, 5.09594766385e-09, 1.58493385083e-09, 1.76147474384e-09, 1.7073737979e-09, 2.36043073976e-09, 1.13009412939e-09, 7.25580318051e-10, 3.97221144866e-10, 3.55880575009e-10, 2.41413389279e-10, 1.43033862532e-10, 2.87760870687e-10, 5.78488257297e-10, 9.97583612938e-11, 1.06905186092e-10, 8.57066778659e-11, 3.99520277972e-11, 5.05544668628e-11, 3.20765740358e-11, 2.65196371807e-11, 1.80255289861e-11], "dvar2": [2.14559440792e-06, 8.06930711406e-06, 6.11913083048e-06, 5.51672201254e-06, 4.95657513966e-06, 8.68541633281e-07, 2.76400413668e-07, 4.47302141993e-07, 7.22638901607e-07, 9.75183411356e-07, 1.69093056002e-07, 6.19480147179e-08, 3.69823922597e-08, 6.52285564229e-07, 2.27529159957e-08, 6.02074035072e-09, 1.84085777732e-08, 4.07952782666e-09, 2.2065073324e-08, 1.34902196081e-08, 3.85966236749e-09, 4.69803351777e-09, 4.57087834249e-09, 6.54230980501e-09, 2.9198314877e-09, 2.05189021329e-09, 1.08413611422e-09, 9.8358199363e-10, 6.54210741136e-10, 4.12054779186e-10, 8.13592082594e-10, 1.63302860123e-09, 2.81463796714e-10, 3.12133235925e-10, 2.51196036194e-10, 1.14177715893e-10, 1.47270085016e-10, 9.35087493548e-11, 7.87699697136e-11, 5.3326613958e-11], "max": [0.0134379705414, 0.0253122691065, 0.0173100084066, 0.0152472704649, 0.0186145752668, 0.00725197605789, 0.00354784959927, 0.00882576406002, 0.00944276712835, 0.00693989032879, 0.00303391204216, 0.00226612156257, 0.00231851288117, 0.00813073851168, 0.00121864478569, 0.000884923269041, 0.00284122233279, 0.000523102178704, 0.00158871302847, 0.00104176881723, 0.000624883803539, 0.000748408667278, 0.000734581728466, 0.000803099363111, 0.000702464487404, 0.000670985959005, 0.000387367006624, 0.000332761730533, 0.000230032004765, 0.00028634199407, 0.000291286007268, 0.00032041509985, 0.000203528950806, 0.000229420664255, 0.000234608334722, 0.000172053929418, 0.000205319855013, 0.000193526138901, 0.000130749715026, 0.000142187273013], "mean": [0.000918361998629, 0.00217155553401, 0.00190131901763, 0.00138686550781, 0.000854737358168, 0.000284377310891, 0.00015423912555, 0.000132715766085, 0.000155456189532, 0.000251682242379, 0.000187693643966, 0.000131928769406, 0.000108516098408, 0.000145834434079, 5.36438674317e-05, 2.41573543462e-05, 2.25426520046e-05, 2.08996825677e-05, 3.31893425027e-05, 2.67884406639e-05, 1.69600916706e-05, 1.50628620759e-05, 1.16930323202e-05, 1.07500072772e-05, 9.57294560067e-06, 5.16494264957e-06, 5.71578493691e-06, 4.87736951982e-06, 4.62764000986e-06, 2.53751682067e-06, 3.11921508001e-06, 4.18766921939e-06, 2.06620438803e-06, 1.34745107516e-06, 1.07528205717e-06, 7.77085176651e-07, 6.85229110786e-07, 5.44824388271e-07, 4.86074327455e-07, 4.62410582713e-07], "median": [0.000227302443818, 0.000493314175401, 0.00107540132012, 0.000729551946279, 0.000252973288298, 6.18701524218e-05, 3.22507112287e-05, 1.82999119716e-05, 1.45228532347e-05, 1.35427544592e-05, 1.2981027794e-05, 1.83015108632e-05, 2.09225836443e-05, 2.3674683689e-05, 9.87642033579e-06, 4.02209525419e-06, 3.33630191562e-06, 3.23210269926e-06, 2.46628269451e-06, 1.94305061996e-06, 1.77015817826e-06, 1.85429325938e-06, 1.25398355522e-06, 9.69513166638e-07, 7.67795256706e-07, 4.93035258842e-07, 5.48247498955e-07, 4.52537904039e-07, 3.56175547722e-07, 2.56128799947e-07, 2.19549662006e-07, 1.96059474433e-07, 1.80329692512e-07, 1.18724528875e-07, 9.22281557791e-08, 7.13406365094e-08, 6.97739679367e-08, 6.06673964398e-08, 4.37815792509e-08, 3.9934892726e-08], "min": [2.53767501031e-24, 7.96196917209e-24, 3.11647704761e-24, 7.92095550477e-24, 8.50518115801e-24, 7.31128908733e-24, 7.48124522506e-24, 6.02661490368e-24, 9.7418547333e-24, 4.46772280862e-24, 7.66634828103e-24, 1.39061047238e-23, 2.57085035846e-23, 1.49997373066e-23, 8.24864438049e-24, 1.4636034564e-23, 1.2829203092e-23, 8.44337469495e-24, 9.91780384732e-24, 1.18639694544e-23, 7.78059663935e-24, 1.05263847921e-23, 1.6521760804e-23, 1.41783879539e-23, 9.66656742622e-24, 1.22548445109e-23, 7.66511213599e-24, 1.37571157201e-23, 1.13148694107e-23, 1.31876228331e-23, 1.14715561192e-23, 8.98814073685e-24, 1.32028312825e-23, 1.1814931494e-23, 8.4912664405e-24, 1.103292579e-23, 8.80734486142e-24, 9.5509409279e-24, 9.41882329236e-24, 1.06924368573e-23], "var": [1.91806998373e-06, 9.42538372328e-06, 5.52324945602e-06, 3.16139971801e-06, 3.03697720483e-06, 3.47275602053e-07, 1.02749417863e-07, 1.77597186735e-07, 2.51239981708e-07, 3.73992207869e-07, 1.34149999553e-07, 6.40028616772e-08, 2.99709128626e-08, 2.01501478614e-07, 1.17964047419e-08, 3.05262015665e-09, 8.45130099236e-09, 2.20943663365e-09, 1.29047474928e-08, 6.24084339762e-09, 2.34778396724e-09, 1.75348902065e-09, 1.30822352951e-09, 1.56014623443e-09, 9.30064691929e-10, 4.61381349792e-10, 2.9480748398e-10, 2.5301657991e-10, 2.17901363619e-10, 9.31630397827e-11, 1.7515483508e-10, 3.48119366667e-10, 6.29914870265e-11, 6.10396663769e-11, 4.75178819903e-11, 2.37743297271e-11, 2.789312184e-11, 1.77109316796e-11, 1.41441944962e-11, 9.77134692604e-12]}, "mfcc": {"mean": [-738.804016113, 131.081558228, 11.1051673889, 22.1898136139, 6.64741897583, 10.3364839554, 8.45311164856, 9.0256023407, 1.81730175018, -6.12256813049, -7.23940944672, -5.81606578827, -2.47628426552], "cov": [[19751.8339844, 1296.04467773, -2167.64990234, -420.452362061, -931.563781738, -320.872436523, -548.94354248, -536.908996582, -687.496459961, -540.546264648, -202.395278931, -52.3195610046, -18.2835712433], [1296.04467773, 5590.83056641, 695.19140625, -285.123931885, 178.221878052, 250.946182251, 316.522827148, 133.180786133, -11.2363386154, -332.183319092, -429.263305664, -280.44909668, -159.024612427], [-2167.64990234, 695.19140625, 1561.2487793, 243.683517456, 73.8574523926, 92.8937683105, 185.581954956, 123.880989075, 40.970161438, 4.06927585602, -85.5334625244, -147.857467651, -144.800445557], [-420.452362061, -285.123931885, 243.683517456, 501.493560791, 73.0339584351, 49.4059410095, 15.4948177338, -24.5731678009, -41.3847351074, -6.14076137543, 41.7686500549, 21.0610580444, -15.8504180908], [-931.563781738, 178.221878052, 73.8574523926, 73.0339584351, 389.35357666, 177.191741943, 104.295425415, 32.1659355164, 8.33144760132, -27.007642746, -2.55982089043, 34.4223327637, 35.4885063171], [-320.872436523, 250.946182251, 92.8937683105, 49.4059410095, 177.191741943, 334.311981201, 219.193740845, 80.8871383667, -26.94231987, -76.0742950439, -11.303068161, 45.6707572937, 35.444984436], [-548.94354248, 316.522827148, 185.581954956, 15.4948177338, 104.295425415, 219.193740845, 355.317779541, 149.293914795, -6.01428699493, -62.4974555969, -27.0729064941, 46.874458313, 18.7993717194], [-536.908996582, 133.180786133, 123.880989075, -24.5731678009, 32.1659355164, 80.8871383667, 149.293914795, 283.553710938, 189.04699707, 54.6974525452, -15.8031005859, -28.6315326691, 4.66870164871], [-687.496459961, -11.2363386154, 40.970161438, -41.3847351074, 8.33144760132, -26.94231987, -6.01428699493, 189.04699707, 384.931060791, 200.141906738, -1.63884222507, -74.1599121094, -8.63845539093], [-540.546264648, -332.183319092, 4.06927585602, -6.14076137543, -27.007642746, -76.0742950439, -62.4974555969, 54.6974525452, 200.141906738, 271.849945068, 103.056587219, -19.021402359, -30.0506324768], [-202.395278931, -429.263305664, -85.5334625244, 41.7686500549, -2.55982089043, -11.303068161, -27.0729064941, -15.8031005859, -1.63884222507, 103.056587219, 184.34866333, 81.1257476807, 15.2411231995], [-52.3195610046, -280.44909668, -147.857467651, 21.0610580444, 34.4223327637, 45.6707572937, 46.874458313, -28.6315326691, -74.1599121094, -19.021402359, 81.1257476807, 171.459899902, 86.9658126831], [-18.2835712433, -159.024612427, -144.800445557, -15.8504180908, 35.4885063171, 35.444984436, 18.7993717194, 4.66870164871, -8.63845539093, -30.0506324768, 15.2411231995, 86.9658126831, 115.360153198]], "icov": [[8.25031747809e-05, -3.43956489814e-05, 0.000127919134684, -3.04743916786e-05, 0.000199479341973, -7.87702520029e-05, 9.34661948122e-05, -1.21645371109e-05, 0.000105049359263, 6.26984765404e-05, 2.76229457086e-05, 4.79984773847e-05, 5.45010407222e-05], [-3.43956489814e-05, 0.000275304540992, -0.000122882585856, 0.000197720131837, -0.000177213878487, -4.44001088908e-05, -0.000160983036039, 7.06360879121e-05, -0.000151892571012, 0.000237787360675, 0.000276179634966, 0.000103513346403, 0.000274560705293], [0.000127919134684, -0.000122882585856, 0.00112785142846, -0.000534932536539, 0.000234276332776, -2.40262761508e-05, -0.000328213471221, -0.000240993365878, 0.000365977641195, -0.000174025422893, 0.000233469385421, 0.000540869194083, 0.00073509971844], [-3.04743916786e-05, 0.000197720131837, -0.000534932536539, 0.00251285429113, -0.000467173493234, -0.000290739961201, 0.000206929573324, 0.000271830765996, -0.000162121665198, 0.000459777424112, -0.000503662100527, -0.000373721995857, 0.0005857773358], [0.000199479341973, -0.000177213878487, 0.000234276332776, -0.000467173493234, 0.00405922392383, -0.00206950400025, 0.000324635824654, 0.000402668811148, -0.000165654768352, -1.37725446621e-05, 0.000114028189273, -4.68270482088e-05, -0.000660638324916], [-7.87702520029e-05, -4.44001088908e-05, -2.40262761508e-05, -0.000290739961201, -0.00206950400025, 0.00655184267089, -0.00334933353588, -0.000100835241028, -0.000181051276741, 0.00111496553291, -0.0010256083915, 0.000487499055453, -0.000925461761653], [9.34661948122e-05, -0.000160983036039, -0.000328213471221, 0.000206929573324, 0.000324635824654, -0.00334933353588, 0.00720156356692, -0.00359837687574, 0.00132389890496, -8.4090672317e-05, 0.00141752674244, -0.00321856071241, 0.00162693706807], [-1.21645371109e-05, 7.06360879121e-05, -0.000240993365878, 0.000271830765996, 0.000402668811148, -0.000100835241028, -0.00359837687574, 0.00841182563454, -0.0047207409516, 0.00150956830475, -0.00123274209909, 0.00132704654243, -0.000814437866211], [0.000105049359263, -0.000151892571012, 0.000365977641195, -0.000162121665198, -0.000165654768352, -0.000181051276741, 0.00132389890496, -0.0047207409516, 0.00876768026501, -0.00638720719144, 0.00260977749713, 0.00229826127179, -0.00275839609094], [6.26984765404e-05, 0.000237787360675, -0.000174025422893, 0.000459777424112, -1.37725446621e-05, 0.00111496553291, -8.4090672317e-05, 0.00150956830475, -0.00638720719144, 0.0114476494491, -0.00608726311475, -7.80329719419e-06, 0.00311060529202], [2.76229457086e-05, 0.000276179634966, 0.000233469385421, -0.000503662100527, 0.000114028189273, -0.0010256083915, 0.00141752674244, -0.00123274209909, 0.00260977749713, -0.00608726311475, 0.0123163387179, -0.00618852116168, 0.00235569686629], [4.79984773847e-05, 0.000103513346403, 0.000540869194083, -0.000373721995857, -4.68270482088e-05, 0.000487499055453, -0.00321856071241, 0.00132704654243, 0.00229826127179, -7.80329719419e-06, -0.00618852116168, 0.0167821608484, -0.0105505082756], [5.45010407222e-05, 0.000274560705293, 0.00073509971844, 0.0005857773358, -0.000660638324916, -0.000925461761653, 0.00162693706807, -0.000814437866211, -0.00275839609094, 0.00311060529202, 0.00235569686629, -0.0105505082756, 0.0185603816062]]}, "spectral_contrast_coeffs": {"dmean": [0.0519390553236, 0.0551265440881, 0.0489891879261, 0.0423423871398, 0.0320369563997, 0.0332731045783], "dmean2": [0.0794097334146, 0.0893117263913, 0.0775419771671, 0.0670003965497, 0.0501186363399, 0.0519771054387], "dvar": [0.00271478085779, 0.00293755927123, 0.00249218009412, 0.00170875003096, 0.00118273484986, 0.00149202148896], "dvar2": [0.0058539127931, 0.00677297497168, 0.00557872047648, 0.00406046072021, 0.00263341632672, 0.00323271681555], "max": [-0.252191632986, -0.326685130596, -0.372697532177, -0.407680720091, -0.488031625748, -0.439822852612], "mean": [-0.614968776703, -0.749287486076, -0.746964156628, -0.789270579815, -0.812031030655, -0.794169008732], "median": [-0.600583970547, -0.761427044868, -0.735071063042, -0.801855504513, -0.820549309254, -0.794130682945], "min": [-0.946634709835, -0.984401345253, -0.981394886971, -0.980094671249, -0.962833702564, -0.958870947361], "var": [0.0162467882037, 0.0112126991153, 0.0112073868513, 0.00986229255795, 0.00625154562294, 0.00475191464648]}, "spectral_contrast_valleys": {"dmean": [0.562978088856, 0.73882818222, 0.739279866219, 0.753789663315, 0.757083594799, 0.704591989517], "dmean2": [0.87010538578, 1.15738022327, 1.13018894196, 1.16436123848, 1.14277637005, 1.01355803013], "dvar": [0.531626105309, 0.779546916485, 0.787763118744, 0.763652801514, 0.768842160702, 0.571635603905], "dvar2": [0.974114954472, 1.61793076992, 1.63239073753, 1.6285327673, 1.67918515205, 1.21881127357], "max"