{"lowlevel": {"average_loudness": 0.321249246597, "barkbands_crest": {"dmean": 1.30159091949, "dmean2": 1.79081118107, "dvar": 2.69689798355, "dvar2": 6.23102426529, "max": 26.2968330383, "mean": 11.461607933, "median": 10.747385025, "min": 3.97379112244, "var": 15.0279607773}, "barkbands_flatness_db": {"dmean": 0.0180092006922, "dmean2": 0.0269661415368, "dvar": 0.00114789814688, "dvar2": 0.00255672866479, "max": 0.507977426052, "mean": 0.288472265005, "median": 0.283539921045, "min": 0.0554567463696, "var": 0.0052379462868}, "barkbands_kurtosis": {"dmean": 1.48951935768, "dmean2": 1.95524311066, "dvar": 10.7874040604, "dvar2": 19.7554016113, "max": 157.492797852, "mean": 3.72285914421, "median": 1.39842939377, "min": -1.79670417309, "var": 74.9682540894}, "barkbands_skewness": {"dmean": 0.275162160397, "dmean2": 0.353546380997, "dvar": 0.167743176222, "dvar2": 0.302857488394, "max": 11.6407203674, "mean": 1.25773894787, "median": 1.07965636253, "min": -1.89221632481, "var": 1.33458399773}, "barkbands_spread": {"dmean": 1.38761794567, "dmean2": 2.02128458023, "dvar": 5.20867919922, "dvar2": 12.9048671722, "max": 48.3506546021, "mean": 9.89654636383, "median": 9.39447402954, "min": 0.764691233635, "var": 26.9662590027}, "dissonance": {"dmean": 0.0277732219547, "dmean2": 0.0466570109129, "dvar": 0.000967171101365, "dvar2": 0.00254849647172, "max": 0.499820113182, "mean": 0.386536478996, "median": 0.396784633398, "min": 0.122585438192, "var": 0.00375813082792}, "dynamic_complexity": 6.99723482132, "erbbands_crest": {"dmean": 1.7308498621, "dmean2": 2.32689571381, "dvar": 5.17289113998, "dvar2": 11.1326360703, "max": 32.1269760132, "mean": 13.5446271896, "median": 12.9608659744, "min": 2.26083350182, "var": 26.0428085327}, "erbbands_flatness_db": {"dmean": 0.014753264375, "dmean2": 0.0213898792863, "dvar": 0.000823165755719, "dvar2": 0.00184257444926, "max": 0.528581321239, "mean": 0.309938341379, "median": 0.298477977514, "min": 0.0255976971239, "var": 0.00571396481246}, "erbbands_kurtosis": {"dmean": 0.909378767014, "dmean2": 1.22658073902, "dvar": 4.32244539261, "dvar2": 8.45522689819, "max": 43.5382537842, "mean": 0.984769225121, "median": 0.0351405143738, "min": -1.81882715225, "var": 11.468126297}, "erbbands_skewness": {"dmean": 0.240246921778, "dmean2": 0.304765790701, "dvar": 0.12459885329, "dvar2": 0.22362396121, "max": 5.35502672195, "mean": 0.445457756519, "median": 0.349799007177, "min": -2.376257658, "var": 0.724950432777}, "erbbands_spread": {"dmean": 2.5893175602, "dmean2": 3.74659729004, "dvar": 16.23279953, "dvar2": 37.156337738, "max": 95.3149795532, "mean": 19.0728034973, "median": 17.52602005, "min": 1.42584371567, "var": 98.2197113037}, "hfc": {"dmean": 2.21189522743, "dmean2": 2.70751857758, "dvar": 22.8883419037, "dvar2": 40.0034065247, "max": 122.164039612, "mean": 9.33615684509, "median": 4.06652975082, "min": 1.16141849005e-16, "var": 144.392074585}, "melbands_crest": {"dmean": 1.61354446411, "dmean2": 2.26883172989, "dvar": 4.19884634018, "dvar2": 9.57814025879, "max": 38.817615509, "mean": 14.5744390488, "median": 13.6419229507, "min": 1.75528216362, "var": 25.7056846619}, "melbands_flatness_db": {"dmean": 0.0197520833462, "dmean2": 0.0288552809507, "dvar": 0.00149873038754, "dvar2": 0.00332798110321, "max": 0.593823313713, "mean": 0.366881757975, "median": 0.375867903233, "min": 0.0033424727153, "var": 0.00607178499922}, "melbands_kurtosis": {"dmean": 2.23709988594, "dmean2": 2.9360768795, "dvar": 25.1004886627, "dvar2": 45.4272003174, "max": 155.094894409, "mean": 6.36323165894, "median": 3.1235165596, "min": -1.77848291397, "var": 103.31072998}, "melbands_skewness": {"dmean": 0.316983699799, "dmean2": 0.41450586915, "dvar": 0.234103217721, "dvar2": 0.440321981907, "max": 10.2220554352, "mean": 1.68778431416, "median": 1.42390477657, "min": -1.18178212643, "var": 1.55336642265}, "melbands_spread": {"dmean": 1.95354115963, "dmean2": 2.7388420105, "dvar": 13.4149580002, "dvar2": 27.0414428711, "max": 135.330154419, "mean": 13.3809204102, "median": 12.1100788116, "min": 1.12716782093, "var": 69.5137329102}, "pitch_salience": {"dmean": 0.0362760238349, "dmean2": 0.0542494133115, "dvar": 0.00237321923487, "dvar2": 0.00587201444432, "max": 0.880474746227, "mean": 0.463784873486, "median": 0.453093498945, "min": 0.042716793716, "var": 0.0109635414556}, "silence_rate_20dB": {"dmean": 0, "dmean2": 0, "dvar": 0, "dvar2": 0, "max": 1, "mean": 1, "median": 1, "min": 1, "var": 0}, "silence_rate_30dB": {"dmean": 0.0141148790717, "dmean2": 0.0282325260341, "dvar": 0.0139153245836, "dvar2": 0.0305713322014, "max": 1, "mean": 0.981966078281, "median": 1, "min": 0, "var": 0.0177081041038}, "silence_rate_60dB": {"dmean": 0.0321505591273, "dmean2": 0.0643074214458, "dvar": 0.0311198253185, "dvar2": 0.0631245672703, "max": 1, "mean": 0.320787996054, "median": 0, "min": 0, "var": 0.217882737517}, "spectral_centroid": {"dmean": 74.0629653931, "dmean2": 110.466949463, "dvar": 26348.0820312, "dvar2": 47359.28125, "max": 11403.5019531, "mean": 768.95690918, "median": 699.250244141, "min": 194.528030396, "var": 151127.3125}, "spectral_complexity": {"dmean": 0.986081182957, "dmean2": 1.63199687004, "dvar": 2.52674603462, "dvar2": 5.66276407242, "max": 33, "mean": 8.33313751221, "median": 8, "min": 0, "var": 19.3854122162}, "spectral_decrease": {"dmean": 1.23537979846e-09, "dmean2": 1.6488834742e-09, "dvar": 1.37796717795e-17, "dvar2": 2.96779036545e-17, "max": 8.7621608606e-19, "mean": -4.56175142105e-09, "median": -1.93508453705e-09, "min": -1.01414677545e-07, "var": 4.57843873478e-17}, "spectral_energy": {"dmean": 0.00484179006889, "dmean2": 0.0064363880083, "dvar": 0.000205675591133, "dvar2": 0.000440233066911, "max": 0.389558076859, "mean": 0.0180638823658, "median": 0.00767004815862, "min": 1.02815149329e-20, "var": 0.000703310128301}, "spectral_energyband_high": {"dmean": 3.58307115675e-05, "dmean2": 5.17527769262e-05, "dvar": 2.44486493273e-08, "dvar2": 4.70447929501e-08, "max": 0.00294224824756, "mean": 4.96759057569e-05, "median": 2.41211068897e-06, "min": 7.64974853343e-21, "var": 3.93421544231e-08}, "spectral_energyband_low": {"dmean": 0.00163141440134, "dmean2": 0.00268573360518, "dvar": 8.81531159393e-05, "dvar2": 0.000220428628381, "max": 0.282857298851, "mean": 0.00345133501105, "median": 0.0017547722673, "min": 3.46443444212e-23, "var": 9.79904798442e-05}, "spectral_energyband_middle_high": {"dmean": 0.000819288310595, "dmean2": 0.00105440639891, "dvar": 3.23097651744e-06, "dvar2": 6.5009598984e-06, "max": 0.039947219193, "mean": 0.00289693288505, "median": 0.00101680331863, "min": 1.39356214377e-21, "var": 1.51868989633e-05}, "spectral_energyband_middle_low": {"dmean": 0.00368099450134, "dmean2": 0.00482874689624, "dvar": 9.43211562117e-05, "dvar2": 0.000200682246941, "max": 0.196840420365, "mean": 0.0126737318933, "median": 0.00408057589084, "min": 3.23561965676e-22, "var": 0.000384574581403}, "spectral_entropy": {"dmean": 0.168753013015, "dmean2": 0.253253787756, "dvar": 0.129547074437, "dvar2": 0.28057333827, "max": 9.80314731598, "mean": 5.95788955688, "median": 6.01825475693, "min": 4.05245733261, "var": 0.395683169365}, "spectral_flux": {"dmean": 0.013729271479, "dmean2": 0.0212997980416, "dvar": 0.000741493073292, "dvar2": 0.00159949809313, "max": 0.434239506721, "mean": 0.0319814421237, "median": 0.0172877740115, "min": 1.01397806818e-10, "var": 0.00204504956491}, "spectral_kurtosis": {"dmean": 13.8595018387, "dmean2": 23.9566879272, "dvar": 207.074371338, "dvar2": 547.536315918, "max": 186.525558472, "mean": 33.2150497437, "median": 24.7037391663, "min": -1.17132568359, "var": 714.652587891}, "spectral_rms": {"dmean": 0.000410979409935, "dmean2": 0.000498236564454, "dvar": 6.21880815288e-07, "dvar2": 1.17628303542e-06, "max": 0.0194950420409, "mean": 0.00336466543376, "median": 0.00273550255224, "min": 3.16713539075e-12, "var": 6.30234399068e-06}, "spectral_rolloff": {"dmean": 101.487937927, "dmean2": 179.023788452, "dvar": 113532.25, "dvar2": 198146.703125, "max": 19595.2148438, "mean": 902.364379883, "median": 796.728515625, "min": 21.533203125, "var": 463245.53125}, "spectral_skewness": {"dmean": 0.915761470795, "dmean2": 1.5718203783, "dvar": 0.713975667953, "dvar2": 1.94441103935, "max": 11.1159572601, "mean": 3.7364897728, "median": 3.29544258118, "min": -0.0488170236349, "var": 2.66749334335}, "spectral_spread": {"dmean": 338812.4375, "dmean2": 536829.1875, "dvar": 322093547520, "dvar2": 514729050112, "max": 39554584, "mean": 1868533.5, "median": 1570145.625, "min": 403554.53125, "var": 1525203992580.0}, "spectral_strongpeak": {"dmean": 0.351247817278, "dmean2": 0.552538156509, "dvar": 0.447765260935, "dvar2": 1.0648047924, "max": 11.3067436218, "mean": 1.12204813957, "median": 0.634113311768, "min": 0, "var": 1.33403074741}, "zerocrossingrate": {"dmean": 0.0033230597619, "dmean2": 0.00405597500503, "dvar": 4.32568485849e-05, "dvar2": 4.74470725749e-05, "max": 0.51806640625, "mean": 0.0334294401109, "median": 0.03173828125, "min": 0, "var": 0.000370002206182}, "barkbands": {"dmean": [3.79592056561e-05, 0.000440176692791, 0.000811519275885, 0.00109494978096, 0.00136259768624, 0.000792359700426, 0.000907331821509, 0.000582895532716, 0.000311421812512, 0.000246989831794, 0.000214831525227, 0.000126819635625, 0.000226205112995, 0.000123990816064, 7.15968490113e-05, 6.47100314382e-05, 6.59930301481e-05, 3.27834313794e-05, 1.90583668882e-05, 8.52176708577e-06, 1.20226795843e-05, 5.28684995516e-06, 1.25561391542e-05, 1.27488090129e-06, 4.79853997604e-06, 4.20712837013e-07, 2.93151543929e-07], "dmean2": [6.41563310637e-05, 0.000720630516298, 0.00141352030914, 0.00184166408144, 0.00200949120335, 0.00099666044116, 0.00110122351907, 0.000744370860048, 0.000374050752725, 0.000295771082165, 0.000277013750747, 0.000173352498678, 0.000293752760626, 0.000168865619344, 0.000106607061753, 9.49403038248e-05, 0.000101475794509, 5.40178225492e-05, 3.22772757499e-05, 1.45819858517e-05, 1.86152738024e-05, 7.9923092926e-06, 1.72267773451e-05, 1.99524060918e-06, 7.03218665876e-06, 6.80120820107e-07, 5.45641739791e-07], "dvar": [1.98418675268e-07, 1.31192527988e-05, 2.04524658329e-05, 2.75979182334e-05, 1.87457535503e-05, 6.25008397037e-06, 8.0753079601e-06, 4.97280143463e-06, 1.04065634332e-06, 8.705833352e-07, 7.63051616559e-07, 4.25114052405e-07, 8.36077560962e-07, 4.50471389968e-07, 4.55551116829e-08, 3.91484356044e-08, 3.33751231096e-08, 1.01544763709e-08, 4.3078975942e-09, 6.67540467347e-10, 1.93441973551e-09, 4.11978007264e-10, 6.01368377318e-09, 2.00734342343e-11, 9.62959156858e-10, 3.75915271134e-12, 3.46714931071e-12], "dvar2": [5.2765841474e-07, 2.5571525839e-05, 5.9404555941e-05, 7.68461541156e-05, 4.77409994346e-05, 1.044655437e-05, 1.37120450745e-05, 9.75813964033e-06, 1.74244235041e-06, 1.51367612489e-06, 1.50551579736e-06, 9.24033656702e-07, 1.62541687132e-06, 9.06423906599e-07, 1.00428991345e-07, 8.57122515185e-08, 8.37365021766e-08, 2.69440469935e-08, 1.16086562585e-08, 1.8906349819e-09, 4.59099780414e-09, 9.84503589763e-10, 1.17218137419e-08, 4.39726623169e-11, 1.91120230753e-09, 8.91754031729e-12, 9.99145731428e-12], "max": [0.0103598283604, 0.105726405978, 0.104559071362, 0.109682254493, 0.0776500105858, 0.0708806291223, 0.0764701515436, 0.0904425829649, 0.0275118239224, 0.0291303060949, 0.0312117803842, 0.0252761114389, 0.0214873850346, 0.0298101715744, 0.00458622165024, 0.00396779784933, 0.00469151232392, 0.00207828264683, 0.00207279971801, 0.000613518757746, 0.000771465769503, 0.000432851229561, 0.00143586238846, 9.11429015105e-05, 0.000585197878536, 3.16003097396e-05, 2.85054684355e-05], "mean": [2.75550355582e-05, 0.00108884414658, 0.00161329749972, 0.00153281388339, 0.0032750479877, 0.00184465048369, 0.00241787731647, 0.00163857452571, 0.00131666392554, 0.000982101191767, 0.000587857386563, 0.000296919868561, 0.000553262594622, 0.000279145082459, 0.000166501922649, 0.000140316420584, 0.000163721066201, 5.31116238562e-05, 2.93573411909e-05, 1.14641361506e-05, 1.60368581419e-05, 6.65073093842e-06, 1.49565330503e-05, 1.57825229508e-06, 5.01460272062e-06, 4.07637912758e-07, 1.87239720617e-07], "median": [1.05100116343e-06, 0.000317351194099, 0.000535586208571, 0.000100503748399, 0.000431923370343, 0.000409527099691, 0.000442476943135, 0.000146764519741, 7.1590366133e-05, 7.89130717749e-05, 7.42379052099e-05, 2.40016106545e-05, 3.46614106093e-05, 9.41446796787e-06, 1.15821521831e-05, 1.38376308314e-05, 1.33282565002e-05, 3.61271918337e-06, 1.23077916214e-06, 4.55966983282e-07, 6.16625186467e-07, 1.96545599351e-07, 7.94091263856e-08, 1.93900024925e-08, 9.46516198752e-09, 5.55371437727e-09, 2.68393751668e-09], "min": [3.49077616435e-24, 1.03465252946e-23, 1.6314987739e-23, 5.956080878e-24, 1.30971609977e-23, 2.97968130912e-23, 6.08744270591e-23, 5.21645917164e-23, 1.15841674333e-22, 8.13984989093e-23, 4.08120534086e-23, 1.02454944585e-22, 6.5736006424e-23, 5.39844906693e-23, 1.20711495717e-22, 8.86344612465e-23, 2.42835569947e-22, 2.36905986512e-22, 2.21698818231e-22, 3.23315563394e-22, 2.91660329695e-22, 5.47997361319e-22, 5.97839032194e-22, 1.0299820343e-21, 1.17971121674e-21, 1.66476045656e-21, 2.32180631435e-21], "var": [1.41684154187e-07, 1.70169587363e-05, 1.76335834112e-05, 3.06313595502e-05, 4.92650688102e-05, 1.91177095985e-05, 2.95313475362e-05, 1.63637960213e-05, 1.14300628411e-05, 7.37476329959e-06, 2.60054434875e-06, 1.10267831133e-06, 2.63295146397e-06, 1.64200287145e-06, 1.54722769707e-07, 1.13052671225e-07, 1.06197646232e-07, 2.1527869265e-08, 7.19010584405e-09, 9.26666077206e-10, 2.61811283764e-09, 5.44919664947e-10, 8.96620733215e-09, 2.98034340263e-11, 1.23331544977e-09, 4.07552333895e-12, 1.96504791605e-12]}, "erbbands": {"dmean": [0.014027049765, 0.106170877814, 0.70349997282, 2.55721259117, 4.16294765472, 4.88961458206, 4.56070423126, 7.18487024307, 11.7765054703, 17.2071399689, 8.60681533813, 8.6242647171, 7.12898302078, 5.53923177719, 8.7308921814, 7.02488327026, 10.912981987, 7.62402963638, 3.00032234192, 4.97996377945, 3.07074069977, 2.40194225311, 2.25433945656, 1.53246068954, 0.468101680279, 0.469665259123, 0.364768505096, 0.47102278471, 0.218809559941, 0.489628016949, 0.171400755644, 0.0338746272027, 0.0199562143534, 0.0770680531859, 0.0188568644226, 0.00191460805945, 0.00118602567818, 0.000193630854483, 4.93191400892e-05, 8.78031005414e-06], "dmean2": [0.0217749308795, 0.17680361867, 1.23555111885, 4.3828663826, 6.71620559692, 7.1033577919, 6.08925008774, 9.06709861755, 14.2577028275, 21.4173526764, 10.8522071838, 10.2570753098, 8.62114048004, 6.7784485817, 11.2286405563, 9.25868606567, 14.1002540588, 10.2200737, 4.27953958511, 7.41484498978, 4.56429958344, 3.72922039032, 3.55862545967, 2.60915160179, 0.799737334251, 0.791966438293, 0.579787492752, 0.735812544823, 0.321833074093, 0.683908700943, 0.239239484072, 0.0528240501881, 0.0305178631097, 0.112745679915, 0.0275097489357, 0.00309887295589, 0.0018969073426, 0.000335401826305, 9.01967723621e-05, 1.34821266329e-05], "dvar": [0.0228500682861, 0.555779159069, 14.470746994, 180.957550049, 224.462158203, 273.876861572, 206.156936646, 606.262145996, 1521.55236816, 3647.85424805, 939.632446289, 788.726867676, 751.143432617, 608.307067871, 1117.6427002, 1102.89428711, 1856.03649902, 1308.67675781, 113.552879333, 206.636352539, 55.0263595581, 35.9131622314, 44.4638977051, 39.4361724854, 2.40226793289, 1.9110724926, 1.81506633759, 5.03315353394, 0.734259545803, 9.28382110596, 0.861793994904, 0.0133326398209, 0.0072370856069, 0.257205635309, 0.0137534951791, 7.85379888839e-05, 3.75507115677e-05, 1.69434667896e-06, 1.31724618768e-07, 1.34545630193e-09], "dvar2": [0.0484746843576, 1.23657870293, 42.127407074, 509.29397583, 626.196777344, 666.852233887, 429.098815918, 1025.40588379, 2543.13232422, 6912.47705078, 1836.93908691, 1302.49902344, 1242.72741699, 1114.05700684, 2163.21191406, 2395.64599609, 3595.47265625, 2645.36547852, 233.734542847, 467.426818848, 128.682037354, 90.2742156982, 114.648719788, 108.87726593, 6.77785873413, 5.40277719498, 4.5037021637, 11.9372701645, 1.6390260458, 17.897146225, 1.68865871429, 0.0292457025498, 0.0150967026129, 0.512963294983, 0.02640562132, 0.00017909888993, 9.14903066587e-05, 4.69089582111e-06, 3.79927058702e-07, 3.65471830577e-09], "max": [3.5215318203, 25.1561145782, 91.3470153809, 273.021728516, 241.240341187, 338.80380249, 350.906921387, 891.554260254, 1227.35998535, 2097.32055664, 1379.73413086, 768.857971191, 1108.44384766, 737.800537109, 939.260131836, 1300.52368164, 1046.79663086, 1583.73254395, 475.421417236, 333.677642822, 168.544143677, 122.678565979, 145.753326416, 242.410964966, 72.9742202759, 33.5706596375, 40.8917655945, 43.3549842834, 19.2867717743, 54.4527931213, 18.3095817566, 2.17885255814, 1.61208629608, 9.55484485626, 2.21562576294, 0.18081985414, 0.0995450615883, 0.036741681397, 0.00695366272703, 0.000862781133037], "mean": [0.0178509093821, 0.303081899881, 1.62064981461, 3.8088312149, 8.13640785217, 11.333117485, 10.4823465347, 16.9385910034, 30.2281990051, 46.5555000305, 28.2353172302, 38.4394645691, 33.1136207581, 17.5162448883, 24.4530982971, 18.0666770935, 27.1950798035, 18.0921325684, 7.74207258224, 11.0587158203, 7.60151576996, 5.77938365936, 4.53967857361, 2.44750761986, 0.693764984608, 0.677409887314, 0.542093098164, 0.567776560783, 0.2854167521, 0.602669894695, 0.204354226589, 0.0419129468501, 0.0233987960964, 0.080545887351, 0.0201186519116, 0.00193767517339, 0.00112713710405, 0.000154655208462, 3.95361312258e-05, 2.2955267923e-05], "median": [0.00216378853656, 0.141007468104, 0.856863737106, 0.524415671825, 0.936850488186, 1.55158483982, 1.92332231998, 4.03686666489, 7.06860876083, 5.54036092758, 3.46274256706, 2.78728222847, 2.53037118912, 3.12856936455, 4.00741958618, 2.68052268028, 2.78884625435, 1.49622809887, 1.00169849396, 1.48686230183, 1.83586788177, 1.20593261719, 0.661455154419, 0.251413077116, 0.0559883080423, 0.0372682735324, 0.0325582921505, 0.0208663269877, 0.0100456057116, 0.00507379043847, 0.00201276107691, 0.000645117892418, 0.000267532042926, 0.000127495033666, 6.28505731584e-05, 3.25173750753e-05, 1.37827637445e-05, 3.2263058074e-06, 5.15005331181e-06, 9.17484430829e-06], "min": [2.73418205251e-22, 2.73900543839e-21, 1.99196852977e-20, 1.85128821047e-20, 2.14305468424e-20, 3.15977630246e-20, 2.66094593879e-19, 2.05318067058e-19, 1.00131360863e-18, 6.49822025681e-19, 1.61334102834e-18, 3.06325474228e-18, 2.55322551634e-18, 1.64463471848e-18, 2.7326579484e-18, 3.83355986348e-18, 2.65945680689e-18, 3.82659334836e-18, 4.2952155672e-18, 6.27724950272e-18, 6.33497926485e-18, 1.38639151618e-17, 1.33898703604e-17, 1.0491516348e-17, 1.15363836008e-17, 1.5252667865e-17, 1.46140166033e-17, 1.03580722629e-17, 1.39984569156e-17, 2.17567575886e-17, 1.90085095604e-17, 1.78911010494e-17, 1.81912451891e-17, 1.28659788282e-17, 8.40208707201e-18, 5.37762606648e-18, 3.10714556597e-18, 1.17020258981e-18, 3.28790464064e-19, 3.93379569725e-20], "var": [0.0239143352956, 0.705583512783, 13.0364522934, 172.608947754, 423.705688477, 678.425109863, 587.786987305, 1846.53100586, 5012.94238281, 12021.3681641, 4596.80371094, 8787.796875, 9156.25488281, 2569.90551758, 3856.55322266, 2904.25634766, 5842.109375, 4692.16796875, 456.558166504, 593.76763916, 172.153076172, 103.100082397, 107.806488037, 60.0537033081, 3.34956216812, 2.88416743279, 2.77784371376, 5.90220737457, 1.09776091576, 13.8883066177, 1.3023737669, 0.0195759832859, 0.0105603942648, 0.326321750879, 0.0184418018907, 8.87779679033e-05, 3.80118544854e-05, 1.11836016004e-06, 7.52889448563e-08, 1.66068170326e-09]}, "gfcc": {"mean": [-183.50163269, 177.348434448, -142.293914795, -15.3642940521, -48.8168525696, -16.5895290375, -28.9538040161, -13.7557401657, -6.99781608582, -10.3570261002, -9.66035747528, -2.94817709923, -4.52113103867], "cov": [[24450.1621094, 934.311035156, 623.006713867, 3857.15063477, 368.322570801, 796.290710449, -94.8980026245, 572.740478516, -361.324188232, -324.823608398, -295.883361816, -635.056335449, -894.882568359], [934.311035156, 2667.57666016, 699.130981445, 548.550354004, 951.038635254, -189.416442871, 248.625045776, -236.857452393, -53.7701683044, -387.286987305, 8.06274032593, -311.650787354, -155.142501831], [623.006713867, 699.130981445, 1076.55578613, 711.282775879, 351.069000244, 194.706054688, 69.9499206543, -3.54379010201, -149.8697052, -118.242477417, -80.3524398804, -258.863861084, -209.574295044], [3857.15063477, 548.550354004, 711.282775879, 1381.57922363, 531.879150391, 197.666992188, 113.117073059, 166.556274414, -152.944580078, -158.600845337, -29.7590274811, -216.370910645, -286.077941895], [368.322570801, 951.038635254, 351.069000244, 531.879150391, 918.512756348, 57.6444816589, 68.2828140259, 61.4369850159, -73.0311050415, -222.97315979, 2.11827945709, -55.792591095, -113.371887207], [796.290710449, -189.416442871, 194.706054688, 197.666992188, 57.6444816589, 346.030944824, 26.625919342, 97.5334320068, 1.53980457783, 15.8908929825, -13.3131446838, -80.1986160278, -117.657188416], [-94.8980026245, 248.625045776, 69.9499206543, 113.117073059, 68.2828140259, 26.625919342, 252.579940796, 27.0739536285, 65.7559890747, -10.8835906982, 75.8246612549, 37.5570068359, -61.3629379272], [572.740478516, -236.857452393, -3.54379010201, 166.556274414, 61.4369850159, 97.5334320068, 27.0739536285, 219.887252808, 39.0266876221, 8.11513710022, 19.34034729, 42.0378227234, -46.484577179], [-361.324188232, -53.7701683044, -149.8697052, -152.944580078, -73.0311050415, 1.53980457783, 65.7559890747, 39.0266876221, 196.898895264, 62.023979187, 34.4275588989, 109.102630615, 19.3619098663], [-324.823608398, -387.286987305, -118.242477417, -158.600845337, -222.97315979, 15.8908929825, -10.8835906982, 8.11513710022, 62.023979187, 189.371292114, 16.2179298401, 22.6446552277, 96.4104385376], [-295.883361816, 8.06274032593, -80.3524398804, -29.7590274811, 2.11827945709, -13.3131446838, 75.8246612549, 19.34034729, 34.4275588989, 16.2179298401, 218.839767456, 59.0071678162, -93.3071289062], [-635.056335449, -311.650787354, -258.863861084, -216.370910645, -55.792591095, -80.1986160278, 37.5570068359, 42.0378227234, 109.102630615, 22.6446552277, 59.0071678162, 394.09475708, 62.0074310303], [-894.882568359, -155.142501831, -209.574295044, -286.077941895, -113.371887207, -117.657188416, -61.3629379272, -46.484577179, 19.3619098663, 96.4104385376, -93.3071289062, 62.0074310303, 363.856719971]], "icov": [[0.00022496857855, -0.000565698603168, 0.000719045929145, -0.000953279843088, 0.000739024952054, -0.000707459228579, 0.000657270255033, -0.000395708630094, 0.000463238131488, -0.000429248815635, 0.000415282032918, -0.000409246451454, 0.000303862587316], [-0.000565698603168, 0.00322782178409, -0.00248183310032, 0.00242018257268, -0.00317378574982, 0.00304455053993, -0.00284446706064, 0.00277486559935, -0.00302520697005, 0.00324531202205, -0.00146131287329, 0.00254001724534, -0.00117779674474], [0.000719045929145, -0.00248183310032, 0.00438119284809, -0.00366601464339, 0.00259939837269, -0.00325951585546, 0.00206035468727, -0.00119239662308, 0.0027071912773, -0.00238444306888, 0.00217937328853, -0.00149446749128, 0.00160372431856], [-0.000953279843088, 0.00242018257268, -0.00366601464339, 0.00570193165913, -0.00367201725021, 0.00321391434409, -0.00336259836331, 0.000476837216411, -0.0011178040877, 0.00152758799959, -0.00132270040922, 0.00201499694958, -0.000580001506023], [0.000739024952054, -0.00317378574982, 0.00259939837269, -0.00367201725021, 0.00533345062286, -0.00348621373996, 0.00304691074416, -0.00277278223075, 0.0025017762091, -0.000676011084579, 0.00103000330273, -0.00246295612305, 0.000498438312206], [-0.000707459228579, 0.00304455053993, -0.00325951585546, 0.00321391434409, -0.00348621373996, 0.00751851219684, -0.00311320042238, 0.000670962210279, -0.00280669424683, 0.0012054204708, -0.000628126086667, 0.0029094547499, 0.000286375434371], [0.000657270255033, -0.00284446706064, 0.00206035468727, -0.00336259836331, 0.00304691074416, -0.00311320042238, 0.00824070163071, -0.00194756302517, 0.000149241095642, -0.00195596925914, -0.000468805985292, -0.00245351181366, 0.00083845917834], [-0.000395708630094, 0.00277486559935, -0.00119239662308, 0.000476837216411, -0.00277278223075, 0.000670962210279, -0.00194756302517, 0.00917724333704, -0.00387591659091, 0.00254664686508, -0.00140653585549, 0.00127287989017, -0.000951094727498], [0.000463238131488, -0.00302520697005, 0.0027071912773, -0.0011178040877, 0.0025017762091, -0.00280669424683, 0.000149241095642, -0.00387591659091, 0.0112622622401, -0.00576668698341, 0.00222268188372, -0.00374388857745, 0.00206846790388], [-0.000429248815635, 0.00324531202205, -0.00238444306888, 0.00152758799959, -0.000676011084579, 0.0012054204708, -0.00195596925914, 0.00254664686508, -0.00576668698341, 0.014029989019, -0.00383057142608, 0.0033031469211, -0.00462553324178], [0.000415282032918, -0.00146131287329, 0.00217937328853, -0.00132270040922, 0.00103000330273, -0.000628126086667, -0.000468805985292, -0.00140653585549, 0.00222268188372, -0.00383057142608, 0.00804173294455, -0.0017546598101, 0.00373060884885], [-0.000409246451454, 0.00254001724534, -0.00149446749128, 0.00201499694958, -0.00246295612305, 0.0029094547499, -0.00245351181366, 0.00127287989017, -0.00374388857745, 0.0033031469211, -0.0017546598101, 0.0056778867729, -0.00137135910336], [0.000303862587316, -0.00117779674474, 0.00160372431856, -0.000580001506023, 0.000498438312206, 0.000286375434371, 0.00083845917834, -0.000951094727498, 0.00206846790388, -0.00462553324178, 0.00373060884885, -0.00137135910336, 0.00603489717469]]}, "melbands": {"dmean": [0.000118339514302, 0.000288078008452, 0.000466642231913, 0.000313168187859, 0.000178010304808, 0.00016219697136, 0.00018100842135, 0.000177257839823, 6.55555559206e-05, 5.00887072121e-05, 3.48283210769e-05, 2.22053986363e-05, 3.03032447846e-05, 1.83656611625e-05, 1.92337174667e-05, 2.09055542655e-05, 1.49716588567e-05, 4.84713746118e-06, 4.13698398916e-06, 7.99566169007e-06, 3.26189524458e-06, 2.71060753221e-06, 2.99197131426e-06, 1.50754942752e-06, 1.31056856389e-06, 3.91275392531e-07, 2.64887177082e-07, 3.1874162687e-07, 2.59051830653e-07, 2.22448477416e-07, 3.07293646529e-07, 1.24545607605e-07, 9.53659693437e-08, 4.163811127e-07, 1.20917391655e-07, 2.28818208825e-08, 1.84471993236e-08, 1.36135174245e-08, 1.3348962824e-08, 9.59119645927e-08], "dmean2": [0.00019004540809, 0.000503941031639, 0.000783398165368, 0.00047559896484, 0.000236179912463, 0.000203865856747, 0.000217367283767, 0.000222726055654, 8.21636494948e-05, 5.93995537201e-05, 4.22122466261e-05, 2.69861102424e-05, 3.91173052776e-05, 2.43292652158e-05, 2.52946992987e-05, 2.7154075724e-05, 2.03312338272e-05, 6.8701838245e-06, 6.25760912953e-06, 1.17336267067e-05, 4.93834704685e-06, 4.24148583988e-06, 4.61088302472e-06, 2.49600316238e-06, 2.24364498536e-06, 6.7292296535e-07, 4.53785361287e-07, 5.41514339147e-07, 4.08341179536e-07, 3.542411946e-07, 4.88542298172e-07, 1.87945545349e-07, 1.46911133925e-07, 5.75667115754e-07, 1.67872713064e-07, 3.75875188752e-08, 2.9202018581e-08, 2.13660875659e-08, 2.00142906692e-08, 1.43073862091e-07], "dvar": [1.27103078285e-06, 2.50945709013e-06, 4.79865457237e-06, 1.05648985027e-06, 2.9944749258e-07, 2.88884933752e-07, 3.41917967717e-07, 4.07829361393e-07, 5.05403860984e-08, 2.63941934975e-08, 1.85545001585e-08, 1.16721112775e-08, 1.54035681987e-08, 6.21226936559e-09, 6.22995255384e-09, 7.51365636376e-09, 6.66400756799e-09, 3.8706957084e-10, 1.61003849142e-10, 4.73971195625e-10, 8.63000296225e-11, 5.59137666722e-11, 8.38437305695e-11, 1.92122828063e-11, 3.3890095591e-11, 2.20850594757e-12, 8.18646962285e-13, 8.88372546099e-13, 1.56317016622e-12, 5.98533755111e-13, 2.95999271101e-12, 2.27729998487e-13, 1.90898308988e-13, 7.32911474566e-12, 4.35572286789e-13, 7.55007899733e-15, 4.47830935543e-15, 3.34987512244e-15, 4.04372936096e-15, 4.27556780128e-13], "dvar2": [2.50214952757e-06, 7.08533798388e-06, 1.33759067467e-05, 2.76289665635e-06, 6.47207059501e-07, 4.85562452468e-07, 5.70304905523e-07, 7.81878100042e-07, 9.93637954139e-08, 4.30993480904e-08, 3.06141529904e-08, 2.13130011417e-08, 3.04675005225e-08, 1.33708022432e-08, 1.24639170096e-08, 1.4684423455e-08, 1.34471882518e-08, 7.89151022307e-10, 3.63859387065e-10, 1.04895347963e-09, 2.15158557637e-10, 1.44046816142e-10, 2.03028704959e-10, 5.19891490969e-11, 9.35384131262e-11, 6.26716820801e-12, 2.29435437663e-12, 2.513567696e-12, 3.78509853668e-12, 1.54751016689e-12, 7.185138335e-12, 5.42160554732e-13, 4.57541881986e-13, 1.4309500633e-11, 8.68617189894e-13, 1.93409487238e-14, 9.78287055178e-15, 7.44708233204e-15, 8.64827500114e-15, 8.91865899709e-13], "max": [0.0270270835608, 0.0455059036613, 0.0428045392036, 0.0225996356457, 0.0126231377944, 0.0171412248164, 0.0180807709694, 0.0238514151424, 0.0106196338311, 0.0043556317687, 0.00554623221979, 0.00332018523477, 0.00456384848803, 0.00272906431928, 0.00206247228198, 0.00219244509935, 0.00364188943058, 0.00113014283124, 0.00028601710801, 0.000380367593607, 0.000300949963275, 0.000191638042452, 0.000226123360335, 7.97784450697e-05, 0.000223867391469, 7.41586118238e-05, 2.74667418125e-05, 1.79806429514e-05, 4.17917653976e-05, 1.73248208739e-05, 3.17668309435e-05, 9.78480693448e-06, 9.56291660259e-06, 4.95178319397e-05, 1.28240799313e-05, 1.52561005962e-06, 1.74420733856e-06, 1.14169199605e-06, 1.13994713047e-06, 1.21521852634e-05], "mean": [0.000226892414503, 0.000712872308213, 0.000788367120549, 0.00072341307532, 0.000415842892835, 0.000380097684683, 0.000470900471555, 0.000480369199067, 0.000220630681724, 0.000224135146709, 0.00015660841018, 6.6174834501e-05, 8.32873556647e-05, 4.64664808533e-05, 4.74593653053e-05, 5.17590706295e-05, 3.38302925229e-05, 1.17865483844e-05, 9.22925755731e-06, 1.75799286808e-05, 8.03858165455e-06, 6.4297209974e-06, 6.33498575553e-06, 2.49459571933e-06, 1.99056421479e-06, 5.30922307007e-07, 3.51298496071e-07, 4.40119094947e-07, 3.69565725578e-07, 3.0730097933e-07, 3.35062566137e-07, 1.63001359965e-07, 1.06618031737e-07, 5.0037380106e-07, 1.42137224657e-07, 2.42734365941e-08, 2.251826281e-08, 1.54886414805e-08, 1.58396851191e-08, 9.66711439787e-08], "median": [4.50048246421e-05, 0.000473772262922, 0.000128186569782, 8.82599852048e-05, 7.06868086127e-05, 8.71695810929e-05, 0.000102638514363, 5.2386221796e-05, 2.29582237807e-05, 1.31232145577e-05, 9.03572072275e-06, 9.29920133785e-06, 1.10285618575e-05, 5.25339146407e-06, 4.95149242852e-06, 3.33314869749e-06, 1.17516947284e-06, 8.73287717695e-07, 7.98960968496e-07, 1.22917481349e-06, 9.76581077339e-07, 5.77128389523e-07, 3.41817724347e-07, 1.61466047643e-07, 7.01538453995e-08, 1.71134999505e-08, 1.55879984476e-08, 1.82401187487e-08, 1.25799441975e-08, 8.52450376954e-09, 7.05656333366e-09, 5.03457142642e-09, 2.19704654469e-09, 1.85203952174e-09, 1.00426766902e-09, 4.01738337041e-10, 2.67788791142e-10, 1.61136395893e-10, 1.30696106715e-10, 7.96044757889e-11], "min": [2.86253759462e-24, 7.75632260043e-24, 3.15291768827e-24, 1.54263929244e-24, 7.19310510196e-24, 5.48451639493e-24, 1.38696088629e-23, 7.36923092082e-24, 1.62679306082e-23, 1.7180492792e-23, 1.2230422955e-23, 6.41650506735e-24, 7.5261124779e-24, 1.13859576112e-23, 6.30188160567e-24, 6.54484287587e-24, 7.1800510317e-24, 5.38276241006e-24, 1.03231931556e-23, 7.25430966415e-24, 7.54212635428e-24, 1.46920610432e-23, 1.28852855803e-23, 1.13368912517e-23, 7.55309783175e-24, 9.49672803991e-24, 8.149726745e-24, 1.04644339675e-23, 8.84539241174e-24, 9.37251321292e-24, 4.69305619303e-24, 6.2007531875e-24, 1.40951505066e-23, 1.08879134341e-23, 1.16215745864e-23, 8.59842530587e-24, 1.19202389028e-23, 1.05901184424e-23, 1.64075179677e-23, 8.86220145991e-24], "var": [1.50997220771e-06, 2.4234295779e-06, 5.52900792172e-06, 2.6651830467e-06, 8.49619368637e-07, 8.72816087849e-07, 1.1557151538e-06, 1.28023668822e-06, 2.79215356613e-07, 3.0380394378e-07, 2.24501164325e-07, 4.93554992431e-08, 5.25403685003e-08, 1.70422076451e-08, 1.82643624669e-08, 2.51831391296e-08, 2.41645405907e-08, 1.44178857742e-09, 4.88973139756e-10, 1.35723998707e-09, 2.96496521779e-10, 1.75915879086e-10, 2.14832471257e-10, 3.94317287156e-11, 5.17562520619e-11, 3.08638748239e-12, 1.05593734711e-12, 1.26315505364e-12, 2.33638130544e-12, 8.8260361476e-13, 3.13787450884e-12, 3.41376151522e-13, 2.13665009622e-13, 1.07708416838e-11, 6.54344471402e-13, 7.35040792067e-15, 6.50997801876e-15, 4.58706584476e-15, 5.83600067889e-15, 5.08085815174e-13]}, "mfcc": {"mean": [-810.408508301, 190.821014404, -8.43490219116, -3.75784993172, -5.78406476974, -6.72565889359, -15.4905309677, -3.53289055824, -1.36750471592, -9.14790630341, -5.23193740845, 3.41927194595, 2.59728765488], "cov": [[14168.6230469, 2589.8996582, -627.116516113, 2726.19042969, 814.38269043, 786.528015137, 341.736968994, 466.074005127, -34.4955291748, 140.977401733, 383.924682617, 39.4179496765, -228.609680176], [2589.8996582, 2401.14013672, 146.801956177, 769.212341309, 721.853149414, 350.342773438, 310.715484619, 154.580673218, -12.2555208206, -40.5460472107, 25.8944149017, -21.6457118988, -146.019866943], [-627.116516113, 146.801956177, 659.030944824, 1.17912268639, 84.2364654541, 103.441093445, 51.6505470276, -58.2046394348, -54.0068664551, 28.0094528198, 34.9141921997, -117.711647034, -94.7111282349], [2726.19042969, 769.212341309, 1.17912268639, 1060.80432129, 486.489959717, 275.692474365, 232.930801392, 114.803337097, -45.0772323608, 56.3724136353, 57.1249084473, -32.2564697266, -176.599365234], [814.38269043, 721.853149414, 84.2364654541, 486.489959717, 692.709960938, 270.357025146, 236.078170776, 158.68611145, -11.3291664124, -5.20429420471, 24.4706668854, -28.5446414948, -144.833908081], [786.528015137, 350.342773438, 103.441093445, 275.692474365, 270.357025146, 276.095947266, 158.302993774, 68.5040588379, -7.35250377655, 34.5605812073, 70.8573913574, -40.5322647095, -72.600692749], [341.736968994, 310.715484619, 51.6505470276, 232.930801392, 236.078170776, 158.302993774, 281.751678467, 124.002502441, -38.7962760925, 33.7595291138, 82.8658752441, 19.1443729401, -71.2915649414], [466.074005127, 154.580673218, -58.2046394348, 114.803337097, 158.68611145, 68.5040588379, 124.002502441, 305.114990234, 47.7276268005, -97.6417236328, 77.7629852295, 167.001876831, 105.020828247], [-34.4955291748, -12.2555208206, -54.0068664551, -45.0772323608, -11.3291664124, -7.35250377655, -38.7962760925, 47.7276268005, 227.603927612, 14.9193315506, -101.173988342, -15.3677759171, 96.1759719849], [140.977401733, -40.5460472107, 28.0094528198, 56.3724136353, -5.20429420471, 34.5605812073, 33.7595291138, -97.6417236328, 14.9193315506, 295.147460938, 41.4971351624, -154.654800415, -127.955253601], [383.924682617, 25.8944149017, 34.9141921997, 57.1249084473, 24.4706668854, 70.8573913574, 82.8658752441, 77.7629852295, -101.173988342, 41.4971351624, 344.506561279, 104.429832458, -124.084251404], [39.4179496765, -21.6457118988, -117.711647034, -32.2564697266, -28.5446414948, -40.5322647095, 19.1443729401, 167.001876831, -15.3677759171, -154.654800415, 104.429832458, 406.284057617, 185.108932495], [-228.609680176, -146.019866943, -94.7111282349, -176.599365234, -144.833908081, -72.600692749, -71.2915649414, 105.020828247, 96.1759719849, -127.955253601, -124.084251404, 185.108932495, 492.071350098]], "icov": [[0.000233535698499, -0.000166695681401, 0.000251430727076, -0.000588661292568, 0.000377777061658, -0.000461197545519, 0.000489656173158, -0.000351066497387, 9.19797166716e-05, -9.20832899283e-05, -0.000163241507835, 0.000127646038891, -4.59280454379e-05], [-0.000166695681401, 0.000786814314779, -0.000247349467827, 0.000170704370248, -0.000733420718461, 0.000249650300248, -0.000585752190091, 0.000480454211356, -0.000220711284783, 0.000300638086628, 8.1515077909e-05, -0.00010425569053, -1.56598161993e-05], [0.000251430727076, -0.000247349467827, 0.00207598903216, -0.000356962962542, 0.000331676739734, -0.00118566676974, 0.000362716149539, -8.74575016496e-06, 0.000374915427528, 0.00015826546587, -0.000415469665313, 0.000648841436487, -8.89916627784e-05], [-0.000588661292568, 0.000170704370248, -0.000356962962542, 0.00316322105937, -0.00143181171734, 0.000306318164803, -0.00129048957024, 0.000600439147092, 0.000174224216607, -0.000158287133672, 0.000752139312681, -0.000495609419886, 0.00045325118117], [0.000377777061658, -0.000733420718461, 0.000331676739734, -0.00143181171734, 0.00434061605483, -0.00269874278456, 0.000310175062623, -0.00210282066837, 0.000453560467577, -5.85877314734e-05, 0.000948635570239, 9.66982624959e-05, 0.000979958218522], [-0.000461197545519, 0.000249650300248, -0.00118566676974, 0.000306318164803, -0.00269874278456, 0.00921945367008, -0.00339110195637, 0.00155590137001, -0.00138334697112, 0.000540160399396, -0.00180467765313, 0.00103984586895, -0.000951337744482], [0.000489656173158, -0.000585752190091, 0.000362716149539, -0.00129048957024, 0.000310175062623, -0.00339110195637, 0.00853539723903, -0.00385966897011, 0.00204549287446, -0.00195692200214, 0.00025583273964, -0.000186578981811, 0.000537714280654], [-0.000351066497387, 0.000480454211356, -8.74575016496e-06, 0.000600439147092, -0.00210282066837, 0.00155590137001, -0.00385966897011, 0.00866904947907, -0.00306991371326, 0.00241787661798, -0.0023283988703, -0.00117271835916, -0.00152272696141], [9.19797166716e-05, -0.000220711284783, 0.000374915427528, 0.000174224216607, 0.000453560467577, -0.00138334697112, 0.00204549287446, -0.00306991371326, 0.00681311776862, -0.00191460247152, 0.00233548646793, 0.000244471273618, -0.000339650694514], [-9.20832899283e-05, 0.000300638086628, 0.00015826546587, -0.000158287133672, -5.85877314734e-05, 0.000540160399396, -0.00195692200214, 0.00241787661798, -0.00191460247152, 0.00576267577708, -0.00190361693967, 0.00182113610208, -9.42724909692e-06], [-0.000163241507835, 8.1515077909e-05, -0.000415469665313, 0.000752139312681, 0.000948635570239, -0.00180467765313, 0.00025583273964, -0.0023283988703, 0.00233548646793, -0.00190361693967, 0.00622892845422, -0.00246263248846, 0.00223092944361], [0.000127646038891, -0.00010425569053, 0.000648841436487, -0.000495609419886, 9.66982624959e-05, 0.00103984586895, -0.000186578981811, -0.00117271835916, 0.000244471273618, 0.00182113610208, -0.00246263248846, 0.00536375259981, -0.00183245330118], [-4.59280454379e-05, -1.56598161993e-05, -8.89916627784e-05, 0.00045325118117, 0.000979958218522, -0.000951337744482, 0.000537714280654, -0.00152272696141, -0.000339650694514, -9.42724909692e-06, 0.00223092944361, -0.00183245330118, 0.00401858752593]]}, "spectral_contrast_coeffs": {"dmean": [0.0338621214032, 0.0300657395273, 0.0269437395036, 0.0256953574717, 0.0206362977624, 0.0193480420858], "dmean2": [0.0557615607977, 0.0451910272241, 0.0400861911476, 0.0390648730099, 0.0317189246416, 0.0314096771181], "dvar": [0.00120088853873, 0.00122484297026, 0.00113782123663, 0.00101450993679, 0.000606646528468, 0.000313494994771], "dvar2": [0.00310140731744, 0.00266945478506, 0.00235140323639, 0.00204915716313, 0.00127432541922, 0.000777321693022], "max": [-0.257338553667, -0.332878530025, -0.394024133682, -0.461719691753, -0.528703272343, -0.58549618721], "mean": [-0.580002784729, -0.639513731003, -0.654855370522, -0.696346223354, -0.73707062006, -0.758791446686], "median": [-0.566888093948, -0.638482451439, -0.649452745914, -0.693515181541, -0.735213160515, -0.758266806602], "min": [-0.972172677517, -0.977008879185, -0.971995830536, -0.95876967907, -0.956325888634, -0.961069464684], "var": [0.0131683815271, 0.00722264219075, 0.00788366980851, 0.00700335949659, 0.00529572321102, 0.00273611024022]}, "spectral_contrast_valleys": {"dmean": [0.381162822247, 0.290658831596, 0.29950389266, 0.310751318932, 0.324219822884, 0.419528454542], "dmean2": [0.626314580441, 0.434828490019, 0.450545728207, 0.469927221537, 0.470567464828, 0.628413259983], "dvar": [0.200760141015, 0.1716991961, 0.215340435505, 0.2845479846, 0.411427