{"lowlevel": {"average_loudness": 0.913036942482, "barkbands_crest": {"dmean": 2.20854449272, "dmean2": 3.43376588821, "dvar": 3.62674355507, "dvar2": 8.41192817688, "max": 24.3753566742, "mean": 8.99773693085, "median": 8.14579486847, "min": 2.77884602547, "var": 13.8569908142}, "barkbands_flatness_db": {"dmean": 0.0176620241255, "dmean2": 0.0242775548249, "dvar": 0.000247802672675, "dvar2": 0.000436266156612, "max": 0.294485479593, "mean": 0.131263822317, "median": 0.129288181663, "min": 0.0294445380569, "var": 0.00205086474307}, "barkbands_kurtosis": {"dmean": 1.44198083878, "dmean2": 2.22983407974, "dvar": 5.36275339127, "dvar2": 12.8884372711, "max": 97.5954284668, "mean": 2.00593924522, "median": 0.824763774872, "min": -1.82324564457, "var": 26.6642990112}, "barkbands_skewness": {"dmean": 0.379221707582, "dmean2": 0.563106656075, "dvar": 0.110699906945, "dvar2": 0.243622943759, "max": 8.77039909363, "mean": 1.05904269218, "median": 1.00112628937, "min": -2.33059692383, "var": 0.92544567585}, "barkbands_spread": {"dmean": 4.23557949066, "dmean2": 6.22524166107, "dvar": 18.6825618744, "dvar2": 40.0362663269, "max": 100.093521118, "mean": 19.8687171936, "median": 17.9339199066, "min": 2.00242614746, "var": 95.220413208}, "dissonance": {"dmean": 0.0203786026686, "dmean2": 0.033816318959, "dvar": 0.000328165740939, "dvar2": 0.000877666927408, "max": 0.500000059605, "mean": 0.45820838213, "median": 0.463114231825, "min": 0.31392839551, "var": 0.000753308821004}, "dynamic_complexity": 2.72099065781, "erbbands_crest": {"dmean": 2.7997879982, "dmean2": 4.45048189163, "dvar": 6.05264043808, "dvar2": 13.3628864288, "max": 31.5488681793, "mean": 9.67405414581, "median": 8.50654983521, "min": 2.44846057892, "var": 21.2871265411}, "erbbands_flatness_db": {"dmean": 0.0172250587493, "dmean2": 0.0228811632842, "dvar": 0.000241625602939, "dvar2": 0.000413471541833, "max": 0.352318257093, "mean": 0.16863104701, "median": 0.163463324308, "min": 0.0446848869324, "var": 0.00285287061706}, "erbbands_kurtosis": {"dmean": 0.7435952425, "dmean2": 1.15044677258, "dvar": 1.02247834206, "dvar2": 2.25483155251, "max": 26.5519447327, "mean": 0.443371206522, "median": 0.0680431127548, "min": -1.74596214294, "var": 2.9653096199}, "erbbands_skewness": {"dmean": 0.316867053509, "dmean2": 0.485022753477, "dvar": 0.0720788165927, "dvar2": 0.163507446647, "max": 3.21339964867, "mean": 0.231622248888, "median": 0.259541511536, "min": -2.78766393661, "var": 0.362237215042}, "erbbands_spread": {"dmean": 5.38562917709, "dmean2": 8.02343559265, "dvar": 25.9815330505, "dvar2": 58.1319923401, "max": 137.723236084, "mean": 28.5905056, "median": 26.8550052643, "min": 2.02119469643, "var": 176.970123291}, "hfc": {"dmean": 6.41418647766, "dmean2": 8.06984615326, "dvar": 54.5093994141, "dvar2": 82.6272125244, "max": 165.308883667, "mean": 23.6174049377, "median": 20.2946891785, "min": 1.21019739695e-16, "var": 292.558013916}, "melbands_crest": {"dmean": 2.70242667198, "dmean2": 4.21126794815, "dvar": 5.61620569229, "dvar2": 13.1665306091, "max": 30.3298778534, "mean": 12.1789178848, "median": 11.0156927109, "min": 1.78619432449, "var": 23.3176765442}, "melbands_flatness_db": {"dmean": 0.020379146561, "dmean2": 0.0280995313078, "dvar": 0.0003385352029, "dvar2": 0.000611752504483, "max": 0.424290001392, "mean": 0.196566060185, "median": 0.196866840124, "min": 0.00289718690328, "var": 0.00311706541106}, "melbands_kurtosis": {"dmean": 3.30753421783, "dmean2": 5.16653394699, "dvar": 62.0843772888, "dvar2": 179.919296265, "max": 352.24810791, "mean": 6.80265665054, "median": 3.23731422424, "min": -1.75420093536, "var": 301.057556152}, "melbands_skewness": {"dmean": 0.490237921476, "dmean2": 0.725074708462, "dvar": 0.230427220464, "dvar2": 0.524457871914, "max": 15.1908931732, "mean": 1.78755795956, "median": 1.592056036, "min": -1.57910561562, "var": 1.90200567245}, "melbands_spread": {"dmean": 5.19433879852, "dmean2": 7.74304151535, "dvar": 25.1666412354, "dvar2": 55.5222740173, "max": 148.953063965, "mean": 23.6281375885, "median": 21.8088493347, "min": 1.03561270237, "var": 181.857681274}, "pitch_salience": {"dmean": 0.0605514459312, "dmean2": 0.094244427979, "dvar": 0.00231412076391, "dvar2": 0.00565425492823, "max": 0.911960422993, "mean": 0.53210401535, "median": 0.540710806847, "min": 0.193772643805, "var": 0.010211661458}, "silence_rate_20dB": {"dmean": 0, "dmean2": 0, "dvar": 0, "dvar2": 0, "max": 1, "mean": 1, "median": 1, "min": 1, "var": 0}, "silence_rate_30dB": {"dmean": 0.00214270409197, "dmean2": 0.00428632646799, "dvar": 0.00213820673525, "dvar2": 0.00426824763417, "max": 1, "mean": 0.997643530369, "median": 1, "min": 0, "var": 0.00235100602731}, "silence_rate_60dB": {"dmean": 0.00214270409197, "dmean2": 0.00428632646799, "dvar": 0.00213822163641, "dvar2": 0.00469663878903, "max": 1, "mean": 0.035132817924, "median": 0, "min": 0, "var": 0.033898267895}, "spectral_centroid": {"dmean": 194.454330444, "dmean2": 286.789215088, "dvar": 42114.1015625, "dvar2": 77699.5234375, "max": 11016.1269531, "mean": 1269.03173828, "median": 1175.44799805, "min": 224.792404175, "var": 274085.0625}, "spectral_complexity": {"dmean": 3.34304690361, "dmean2": 4.91470193863, "dvar": 10.2793922424, "dvar2": 19.600643158, "max": 51, "mean": 20.8438301086, "median": 20, "min": 0, "var": 56.4645385742}, "spectral_decrease": {"dmean": 1.86420368031e-09, "dmean2": 2.58154164712e-09, "dvar": 3.26767774822e-18, "dvar2": 6.6374175899e-18, "max": 3.84083408979e-18, "mean": -7.44912398432e-09, "median": -6.96244661924e-09, "min": -3.62491441308e-08, "var": 1.79096960696e-17}, "spectral_energy": {"dmean": 0.00748320249841, "dmean2": 0.0102728484198, "dvar": 5.27020019945e-05, "dvar2": 0.000104624785308, "max": 0.151806026697, "mean": 0.0302568804473, "median": 0.0282986722887, "min": 1.12071413475e-20, "var": 0.000293519435218}, "spectral_energyband_high": {"dmean": 0.000228150558542, "dmean2": 0.000302225991618, "dvar": 1.5625194294e-07, "dvar2": 2.77514118352e-07, "max": 0.00789722241461, "mean": 0.000502346258145, "median": 0.000229373283219, "min": 8.1487767419e-21, "var": 4.47889789257e-07}, "spectral_energyband_low": {"dmean": 0.00294040539302, "dmean2": 0.00414511747658, "dvar": 1.89510483324e-05, "dvar2": 4.28969942732e-05, "max": 0.0682137906551, "mean": 0.00775651587173, "median": 0.00371971912682, "min": 1.22499142881e-22, "var": 9.79177930276e-05}, "spectral_energyband_middle_high": {"dmean": 0.00306470715441, "dmean2": 0.0040669105947, "dvar": 2.08297988138e-05, "dvar2": 3.29292015522e-05, "max": 0.129045411944, "mean": 0.00931153912097, "median": 0.00660157483071, "min": 1.75453550339e-21, "var": 0.000105619088572}, "spectral_energyband_middle_low": {"dmean": 0.00461302977055, "dmean2": 0.00665441295132, "dvar": 2.37889707932e-05, "dvar2": 5.12980550411e-05, "max": 0.0680170878768, "mean": 0.0136406421661, "median": 0.0115156471729, "min": 3.28302754659e-22, "var": 9.67610903899e-05}, "spectral_entropy": {"dmean": 0.137334391475, "dmean2": 0.188602402806, "dvar": 0.0168513860554, "dvar2": 0.0301413089037, "max": 9.81101131439, "mean": 7.44259214401, "median": 7.49634027481, "min": 6.12985372543, "var": 0.170944526792}, "spectral_flux": {"dmean": 0.0168281793594, "dmean2": 0.026959002018, "dvar": 0.000233268467127, "dvar2": 0.000572054239456, "max": 0.213633522391, "mean": 0.0771897956729, "median": 0.0764032453299, "min": 1.05863789956e-10, "var": 0.000774368876591}, "spectral_kurtosis": {"dmean": 1.93329370022, "dmean2": 3.22056174278, "dvar": 5.45465421677, "dvar2": 15.7657623291, "max": 41.5119361877, "mean": 7.12213039398, "median": 5.76763153076, "min": -1.16283154488, "var": 19.0844421387}, "spectral_rms": {"dmean": 0.000668736640364, "dmean2": 0.000905323075131, "dvar": 3.25178660887e-07, "dvar2": 6.26090070455e-07, "max": 0.012169775553, "mean": 0.00516383210197, "median": 0.00525437528268, "min": 3.30662927595e-12, "var": 2.85374039777e-06}, "spectral_rolloff": {"dmean": 299.358856201, "dmean2": 485.808654785, "dvar": 192075.8125, "dvar2": 393376.71875, "max": 19056.8847656, "mean": 1396.41271973, "median": 1313.52539062, "min": 86.1328125, "var": 1511538.625}, "spectral_skewness": {"dmean": 0.213206470013, "dmean2": 0.342850297689, "dvar": 0.0425708070397, "dvar2": 0.113222569227, "max": 4.4358048439, "mean": 1.85775613785, "median": 1.78360807896, "min": 0.023042825982, "var": 0.272692382336}, "spectral_spread": {"dmean": 355722.375, "dmean2": 495356.8125, "dvar": 375802462208, "dvar2": 550939066368, "max": 39525436, "mean": 3781350, "median": 3618881.75, "min": 1563689.625, "var": 1748869185540.0}, "spectral_strongpeak": {"dmean": 0.756657719612, "dmean2": 1.24185216427, "dvar": 1.23068356514, "dvar2": 2.85286784172, "max": 17.2392425537, "mean": 1.46982359886, "median": 0.726291894913, "min": 0, "var": 3.18779373169}, "zerocrossingrate": {"dmean": 0.00851881783456, "dmean2": 0.00960771366954, "dvar": 8.93711694516e-05, "dvar2": 0.000103751561255, "max": 0.51171875, "mean": 0.0570454336703, "median": 0.05126953125, "min": 0.00732421875, "var": 0.00120034464635}, "barkbands": {"dmean": [3.19482069244e-06, 0.00214192993008, 0.000973454094492, 0.000795087195002, 0.00126816809643, 0.00189798825886, 0.00103125034366, 0.00114548753481, 0.00107017380651, 0.00118180445861, 0.000776423024945, 0.000673145230394, 0.000871417287271, 0.000490719801746, 0.000619921949692, 0.000288056675345, 0.000216674205149, 0.000126901024487, 0.000166453362908, 0.000100577664853, 6.775942893e-05, 4.36116715719e-05, 2.51678375207e-05, 1.73377302417e-05, 2.1738705982e-05, 1.86370925803e-05, 3.45798689523e-05], "dmean2": [5.42101452083e-06, 0.00299482163973, 0.00147857493721, 0.00133295916021, 0.00187999254558, 0.00289422576316, 0.00155539414845, 0.00161687890068, 0.00154466601089, 0.00161276222207, 0.00114470848348, 0.000917523400858, 0.00128519767895, 0.000720847572666, 0.000948120490648, 0.000457807269413, 0.00034353180672, 0.000201122107683, 0.000244801951339, 0.000152591630467, 9.91505148704e-05, 6.34615644231e-05, 3.71156529582e-05, 2.46654253715e-05, 3.07996670017e-05, 2.39946020884e-05, 4.54792789242e-05], "dvar": [3.83091926237e-11, 1.30025327962e-05, 2.14615397454e-06, 2.2816220735e-06, 2.84501993519e-06, 6.77920615999e-06, 3.20241383633e-06, 4.23093661084e-06, 3.47631362274e-06, 4.28782914241e-06, 2.0816542019e-06, 7.6455389717e-06, 3.97200437874e-06, 1.19176638691e-06, 1.6618924974e-06, 2.4152220135e-07, 1.2080026579e-07, 3.36194894146e-08, 8.7910770219e-08, 3.2605516509e-08, 1.31425670347e-08, 7.25534832213e-09, 2.36069608306e-09, 1.72860137315e-09, 2.99841951268e-09, 2.61535859636e-09, 1.12435341038e-08], "dvar2": [1.1605088418e-10, 2.81770699075e-05, 5.15685815117e-06, 6.43420844426e-06, 6.20105038251e-06, 1.59875598911e-05, 6.91612694936e-06, 8.15489602246e-06, 7.39785309634e-06, 7.26548114471e-06, 4.09635913456e-06, 1.07482164822e-05, 6.3646361923e-06, 2.20086644731e-06, 3.54838880412e-06, 5.93810284499e-07, 2.83574905779e-07, 7.64847527535e-08, 1.60366241175e-07, 7.42827950262e-08, 2.80459691027e-08, 1.43470515468e-08, 5.19292209233e-09, 3.0957136854e-09, 6.8305858747e-09, 4.59324978053e-09, 1.8652345446e-08], "max": [0.000125156555441, 0.0617398843169, 0.0251110456884, 0.026271417737, 0.0251988358796, 0.0454380922019, 0.0407010428607, 0.0465413406491, 0.0482264347374, 0.0356959924102, 0.0306459125131, 0.119162686169, 0.104623228312, 0.0308139007539, 0.0232984758914, 0.00924062170088, 0.00747830281034, 0.0036068437621, 0.00761349219829, 0.00367198116146, 0.002376251854, 0.00291327922605, 0.000605571258347, 0.00209574168548, 0.000828845484648, 0.000973881629761, 0.00217135902494], "mean": [4.92892650072e-06, 0.0054082237184, 0.00185994559433, 0.0010120900115, 0.00255651841871, 0.00333825917915, 0.00175718660466, 0.00188564357813, 0.00208973628469, 0.00234961998649, 0.00134905404411, 0.00119666580576, 0.00142839271575, 0.000859901774675, 0.00113996630535, 0.000496308493894, 0.000369825633243, 0.000240832509007, 0.000312978983857, 0.000187043144251, 0.000134631249239, 8.41946603032e-05, 5.05936659465e-05, 3.75538620574e-05, 3.80633355235e-05, 2.8245649446e-05, 4.04640049965e-05], "median": [1.63369645634e-06, 0.00194138544612, 0.000909348309506, 0.000549175951164, 0.00141663011163, 0.00185247417539, 0.000919526210055, 0.000826168223284, 0.001021489501, 0.000803248083685, 0.000474978412967, 0.000356745615136, 0.000536180101335, 0.000330103735905, 0.000391479290556, 0.000258531508734, 0.000222882663365, 0.000159139934112, 0.000180107235792, 9.48650194914e-05, 6.29624555586e-05, 3.41987979482e-05, 2.1347837901e-05, 1.23226045616e-05, 1.21821121866e-05, 3.62776836482e-06, 1.6732228687e-06], "min": [8.77708179052e-24, 3.19595636153e-23, 5.68120710762e-23, 2.7864214314e-23, 6.08536831727e-23, 3.87005252008e-23, 6.48823579504e-23, 3.93993329006e-23, 5.52312001331e-23, 1.27920144534e-22, 1.11192468946e-22, 6.75741659291e-23, 1.60376040498e-22, 1.58216265558e-22, 1.33169023049e-22, 1.94625541104e-22, 1.50575384073e-22, 2.73679046843e-22, 2.37205804143e-22, 3.78492761265e-22, 6.00423466737e-22, 5.75459818241e-22, 5.41598979937e-22, 9.46236156701e-22, 1.31338933907e-21, 1.41672936034e-21, 2.64259285279e-21], "var": [8.6437017266e-11, 7.0959511504e-05, 7.4502499956e-06, 2.43464296545e-06, 9.1434467322e-06, 1.67197849805e-05, 6.57060900267e-06, 9.36702508625e-06, 1.1057401025e-05, 1.73082262336e-05, 6.75385626892e-06, 2.45483770414e-05, 1.53449072968e-05, 3.52412052962e-06, 5.45953707842e-06, 5.37410301149e-07, 2.11118788229e-07, 6.90178936225e-08, 2.20305864218e-07, 6.87852974579e-08, 3.4108278868e-08, 1.78649166571e-08, 4.87596096832e-09, 4.83956386077e-09, 4.55204762773e-09, 5.33268229574e-09, 1.93551876748e-08]}, "erbbands": {"dmean": [0.0288797616959, 0.582903623581, 1.25876367092, 1.69472157955, 3.82784128189, 4.01955413818, 7.62692165375, 17.5076522827, 19.190202713, 19.9979400635, 19.6517524719, 29.1072788239, 29.8843746185, 27.5696659088, 33.3762283325, 34.3290863037, 43.0094413757, 26.9743938446, 31.539937973, 23.0121955872, 12.0154323578, 8.9343624115, 7.21585655212, 8.4881477356, 7.17121219635, 5.32435560226, 3.04323530197, 2.35826516151, 1.60499989986, 1.00534379482, 0.759061872959, 0.427520811558, 0.27374535799, 0.203918427229, 0.188993409276, 0.0726364031434, 0.0345144309103, 0.031996216625, 0.00394893158227, 0.000379736651666], "dmean2": [0.0365065746009, 0.822892487049, 1.86458408833, 2.77484297752, 6.16751480103, 5.86165189743, 11.0810956955, 27.3367805481, 28.9406013489, 29.08162117, 28.2538719177, 41.7249565125, 40.3536376953, 39.447429657, 48.7097473145, 45.9354934692, 62.6455612183, 39.4014205933, 46.9648017883, 37.165802002, 18.6760864258, 13.9308338165, 11.339263916, 12.873913765, 10.3632707596, 8.02579498291, 4.37644433975, 3.50635385513, 2.37337708473, 1.45156252384, 1.13215982914, 0.62793558836, 0.38612049818, 0.295182108879, 0.271716177464, 0.101176418364, 0.0437163598835, 0.042737301439, 0.00530442874879, 0.000509926874656], "dvar": [0.00270876474679, 0.938762366772, 3.63527035713, 8.00248146057, 39.4969749451, 36.9626655579, 149.802001953, 643.833251953, 990.260559082, 1460.75024414, 1037.21044922, 2727.60498047, 3328.6796875, 3585.93139648, 4530.89160156, 19901.8632812, 9825.16113281, 3392.90332031, 5706.66699219, 1406.38378906, 317.858551025, 171.764831543, 102.127281189, 159.273086548, 300.348144531, 114.604736328, 25.3609008789, 17.6004447937, 9.72016239166, 3.85211038589, 2.24208521843, 1.39143013954, 0.472515940666, 0.160873278975, 0.412434130907, 0.028179096058, 0.00881017185748, 0.0138434749097, 0.00012736361532, 1.35903701448e-06], "dvar2": [0.0041981684044, 2.09105801582, 8.44033908844, 22.7187328339, 100.360671997, 75.1591262817, 297.03314209, 1602.921875, 2118.57958984, 3156.51049805, 2137.08984375, 5756.65820312, 5102.16503906, 6759.42724609, 8327.95117188, 27620.6777344, 15534.2148438, 6288.85107422, 11879.1074219, 3581.12939453, 748.311645508, 404.504943848, 239.440231323, 365.300170898, 477.010437012, 256.101409912, 52.3829689026, 38.0974655151, 20.638671875, 7.83419942856, 4.92414426804, 2.71085238457, 0.872541606426, 0.340108007193, 0.970165550709, 0.055843219161, 0.0144972410053, 0.0222393739969, 0.000229710814892, 2.77312597063e-06], "max": [1.28625893593, 15.3884000778, 30.1394405365, 42.6340751648, 107.747070312, 112.875030518, 213.149124146, 391.368682861, 644.548461914, 915.897094727, 513.859558105, 1354.56896973, 1340.02026367, 1317.03540039, 1495.75048828, 6053.82666016, 5256.48779297, 1675.76306152, 1388.50854492, 601.981933594, 280.448974609, 267.174804688, 188.825088501, 233.473190308, 502.340911865, 227.013015747, 107.191848755, 68.3719177246, 57.737323761, 83.4908218384, 24.4068222046, 70.9523620605, 22.0639266968, 5.90205621719, 11.2646341324, 2.85928821564, 1.69618856907, 1.73497700691, 0.180217981339, 0.0419526584446], "mean": [0.0831340551376, 1.44468462467, 2.73325586319, 2.64797496796, 5.77222061157, 8.28400039673, 14.2979764938, 29.848897934, 32.7659034729, 32.113445282, 38.0882225037, 58.0643882751, 57.4428825378, 60.2889022827, 62.3078689575, 65.073928833, 73.0476760864, 50.4265975952, 62.47889328, 40.5956268311, 22.0727519989, 17.0745944977, 14.621629715, 16.3826961517, 13.5088329315, 9.92363452911, 6.35433673859, 4.56283569336, 3.03349542618, 1.97054135799, 1.47069108486, 0.892615795135, 0.56677287817, 0.418712854385, 0.288032650948, 0.119423009455, 0.0510077141225, 0.0390553213656, 0.00447546411306, 0.000458333990537], "median": [0.0226699337363, 0.532301127911, 1.296844244, 1.69093799591, 3.32551336288, 3.81982803345, 7.49220848083, 16.5364151001, 16.0792808533, 14.7934513092, 20.643075943, 27.7189025879, 24.9762153625, 19.8943748474, 24.5835647583, 23.087184906, 29.6306762695, 23.568687439, 19.6541347504, 22.4937286377, 13.8058795929, 11.048532486, 10.2069282532, 9.62992668152, 7.286277771, 4.92567920685, 3.2008023262, 2.16386222839, 1.24891960621, 0.749975681305, 0.626602768898, 0.296820044518, 0.181881725788, 0.114498972893, 0.0843763798475, 0.0290511008352, 0.00553249008954, 0.00119881168939, 0.000253497739322, 6.03452062933e-05], "min": [9.96903695523e-22, 7.21358524372e-21, 5.3675795185e-20, 1.11458968626e-19, 9.9675716177e-20, 2.96703275073e-19, 1.93817477734e-19, 3.36296016599e-19, 9.60448094632e-19, 6.46433945591e-19, 1.10736571118e-18, 1.43889360023e-18, 2.65925249328e-18, 4.87460223314e-18, 4.06729173968e-18, 2.75108463732e-18, 5.77374466386e-18, 8.78734478794e-18, 6.00994981009e-18, 8.27184003994e-18, 1.18309905934e-17, 9.331194534e-18, 1.37170963933e-17, 1.4283129469e-17, 1.39996976865e-17, 2.08343387091e-17, 2.28380067263e-17, 2.1757432568e-17, 1.8947806084e-17, 1.9441909188e-17, 1.50129046014e-17, 1.64523874644e-17, 1.66754913105e-17, 1.44654781263e-17, 1.02659648745e-17, 4.84874911669e-18, 2.97032203444e-18, 1.19236306861e-18, 4.13593020463e-19, 3.73969873587e-20], "var": [0.0222595520318, 4.84451246262, 14.4313240051, 10.359416008, 55.3626098633, 133.620285034, 401.558227539, 1387.06188965, 2224.72167969, 2917.67700195, 2637.45581055, 8733.86328125, 11897.3837891, 15504.1933594, 15288.234375, 62695.59375, 38231.7929688, 9898.25292969, 19208.0488281, 2628.59179688, 668.526916504, 362.09967041, 218.189834595, 366.378051758, 720.919250488, 232.17590332, 73.7375183105, 38.0210571289, 20.4498672485, 9.73691749573, 4.43150520325, 3.53646302223, 1.01832985878, 0.470302462578, 0.480663567781, 0.0555401034653, 0.0186619460583, 0.0230109021068, 0.000204234398552, 2.02472756428e-06]}, "gfcc": {"mean": [6.64905500412, 100.452095032, -125.206054688, 11.6999769211, -47.0491256714, 4.01821279526, -28.8214530945, 4.26588964462, -20.3580112457, 4.39775276184, -12.9636154175, -1.92222416401, -10.1889877319], "cov": [[13024.1972656, -61.4800987244, -467.729309082, -698.703796387, -663.840881348, 156.215240479, -30.9970207214, 222.167922974, -35.6940231323, 217.111557007, 95.1465911865, 128.214248657, 10.967956543], [-61.4800987244, 1375.87084961, -351.598846436, -111.850326538, 92.2067718506, -17.1110267639, 16.3755397797, -33.3493156433, 34.8614692688, -8.54531860352, 73.2224502563, -56.8955688477, 88.955871582], [-467.729309082, -351.598846436, 696.422302246, 246.206130981, 96.9560699463, 74.9258117676, 53.9130783081, 42.3206138611, 32.4581451416, 16.2286128998, 7.84781932831, 39.7623672485, -61.0276489258], [-698.703796387, -111.850326538, 246.206130981, 507.684753418, 42.1178092957, 87.7863464355, 68.729309082, 57.6291313171, 40.4409294128, -16.0642490387, 10.7374706268, -2.63934898376, -53.3770103455], [-663.840881348, 92.2067718506, 96.9560699463, 42.1178092957, 241.876281738, 27.6605377197, 85.6962814331, 0.349855720997, 23.7635612488, -6.54108905792, -0.161859303713, -4.966360569, 5.25356531143], [156.215240479, -17.1110267639, 74.9258117676, 87.7863464355, 27.6605377197, 162.917419434, 68.9787902832, 57.3861541748, 18.5156002045, 17.7421684265, 9.9402551651, 8.76150894165, -2.96632432938], [-30.9970207214, 16.3755397797, 53.9130783081, 68.729309082, 85.6962814331, 68.9787902832, 156.15612793, 67.8641967773, 37.8976860046, 6.04918861389, 16.944934845, -3.15606284142, -12.6679677963], [222.167922974, -33.3493156433, 42.3206138611, 57.6291313171, 0.349855720997, 57.3861541748, 67.8641967773, 109.660346985, 46.0772743225, 24.5483512878, 17.0903549194, 3.857868433, -9.02992916107], [-35.6940231323, 34.8614692688, 32.4581451416, 40.4409294128, 23.7635612488, 18.5156002045, 37.8976860046, 46.0772743225, 81.0842971802, 28.0983734131, 14.4417772293, -4.49406862259, 4.39750432968], [217.111557007, -8.54531860352, 16.2286128998, -16.0642490387, -6.54108905792, 17.7421684265, 6.04918861389, 24.5483512878, 28.0983734131, 69.2217407227, 32.3298149109, 4.8638715744, 1.08480620384], [95.1465911865, 73.2224502563, 7.84781932831, 10.7374706268, -0.161859303713, 9.9402551651, 16.944934845, 17.0903549194, 14.4417772293, 32.3298149109, 74.6466064453, 23.3831615448, -3.82979106903], [128.214248657, -56.8955688477, 39.7623672485, -2.63934898376, -4.966360569, 8.76150894165, -3.15606284142, 3.857868433, -4.49406862259, 4.8638715744, 23.3831615448, 69.9945526123, 21.6500034332], [10.967956543, 88.955871582, -61.0276489258, -53.3770103455, 5.25356531143, -2.96632432938, -12.6679677963, -9.02992916107, 4.39750432968, 1.08480620384, -3.82979106903, 21.6500034332, 84.6105117798]], "icov": [[0.000113002482976, -3.63262370229e-05, 1.64707253134e-05, 0.000163216507644, 0.00031676760409, -0.000120259806863, -0.000119811040349, -0.000184747666935, 0.000125249527628, -0.000290069612674, 0.000143973593367, -0.000263057358097, 0.00014788658882], [-3.63262370229e-05, 0.00120713817887, 0.000451376137789, 2.05849901249e-05, -0.000654373608995, -0.000255571096204, 0.0003021445591, 0.000399688928155, -0.000685576349497, 0.00128363410477, -0.00239175232127, 0.00185918528587, -0.00137111754157], [1.64707253134e-05, 0.000451376137789, 0.00233529834077, -0.000762622221373, -0.00105604587588, -0.000444274483016, 0.000449331681011, 4.52073654742e-05, -0.000566456117667, -0.000552435405552, 0.000225479248911, -0.00148826593067, 0.00127624010202], [0.000163216507644, 2.05849901249e-05, -0.000762622221373, 0.00313314655796, 0.000545544549823, -0.00132266723085, -0.000133391469717, -0.000597735459451, -0.0011950545013, 0.00185088813305, -0.000831285666209, 0.000211975755519, 0.00116620620247], [0.00031676760409, -0.000654373608995, -0.00105604587588, 0.000545544549823, 0.00735540408641, -0.000195518718101, -0.00481114909053, 0.00259857322089, -0.000778951332904, -0.000783520052209, 0.00149347039405, -0.000680929573718, -0.000384819606552], [-0.000120259806863, -0.000255571096204, -0.000444274483016, -0.00132266723085, -0.000195518718101, 0.00929195247591, -0.00277879275382, -0.00282459310256, 0.00238486239687, -0.00263280142099, 0.00154965335969, -0.0007821827312, -0.00107006996404], [-0.000119811040349, 0.0003021445591, 0.000449331681011, -0.000133391469717, -0.00481114909053, -0.00277879275382, 0.0135684786364, -0.00627795234323, -0.00168388395105, 0.00358911510557, -0.00311444909312, 0.00154054223094, 0.00100693874992], [-0.000184747666935, 0.000399688928155, 4.52073654742e-05, -0.000597735459451, 0.00259857322089, -0.00282459310256, -0.00627795234323, 0.018804974854, -0.00733068818226, -0.0015401574783, -0.00025799422292, -0.00063494470669, 0.000617410929408], [0.000125249527628, -0.000685576349497, -0.000566456117667, -0.0011950545013, -0.000778951332904, 0.00238486239687, -0.00168388395105, -0.00733068818226, 0.020840793848, -0.00758039485663, 0.00101563648786, 0.00184769579209, -0.00277321576141], [-0.000290069612674, 0.00128363410477, -0.000552435405552, 0.00185088813305, -0.000783520052209, -0.00263280142099, 0.00358911510557, -0.0015401574783, -0.00758039485663, 0.0254763867706, -0.0124445259571, 0.00499404827133, -0.00198724353686], [0.000143973593367, -0.00239175232127, 0.000225479248911, -0.000831285666209, 0.00149347039405, 0.00154965335969, -0.00311444909312, -0.00025799422292, 0.00101563648786, -0.0124445259571, 0.025473235175, -0.0119960187003, 0.00593120418489], [-0.000263057358097, 0.00185918528587, -0.00148826593067, 0.000211975755519, -0.000680929573718, -0.0007821827312, 0.00154054223094, -0.00063494470669, 0.00184769579209, 0.00499404827133, -0.0119960187003, 0.024014396593, -0.00953036081046], [0.00014788658882, -0.00137111754157, 0.00127624010202, 0.00116620620247, -0.000384819606552, -0.00107006996404, 0.00100693874992, 0.000617410929408, -0.00277321576141, -0.00198724353686, 0.00593120418489, -0.00953036081046, 0.0179771836847]]}, "melbands": {"dmean": [0.000446300924523, 0.000709906744305, 0.000345283740899, 0.0002722015779, 0.000251025834586, 0.000395067123463, 0.000274486286798, 0.000232509250054, 0.000165649704286, 0.000169369828654, 0.000150049541844, 0.000115560811537, 0.000108548629214, 8.87624919415e-05, 9.95695372694e-05, 6.75400879118e-05, 5.65291302337e-05, 4.86742319481e-05, 3.23250242218e-05, 3.18468446494e-05, 1.26242857732e-05, 9.79331252893e-06, 1.06131046778e-05, 6.70492636345e-06, 7.4007866715e-06, 6.43015619062e-06, 3.85928842661e-06, 3.59135788131e-06, 2.21680738832e-06, 1.6350649048e-06, 1.45178864841e-06, 9.86588815977e-07, 7.90704973497e-07, 5.04084709974e-07, 5.24762128862e-07, 3.13223182502e-07, 2.57077800825e-07, 2.16767901406e-07, 1.60222697332e-07, 1.73661533154e-07], "dmean2": [0.00060078909155, 0.00103004241828, 0.000561649387237, 0.00041804407374, 0.000360102916602, 0.000609073264059, 0.000414644600824, 0.00033361261012, 0.000237934262259, 0.000245061150054, 0.000203003641218, 0.000165854362422, 0.00016150745796, 0.000121263183246, 0.000141191412695, 0.000101300385722, 8.27542535262e-05, 7.29187231627e-05, 4.98816261825e-05, 5.14878556714e-05, 1.96297987713e-05, 1.5246516341e-05, 1.7214089894e-05, 1.04842520159e-05, 1.14175027193e-05, 9.43326813285e-06, 5.86293072047e-06, 5.50087088413e-06, 3.2297089092e-06, 2.48680862569e-06, 2.20083825297e-06, 1.48002561673e-06, 1.16432374853e-06, 7.44834665056e-07, 8.01990609034e-07, 4.74530565953e-07, 3.86244153106e-07, 3.14390121048e-07, 2.28932648838e-07, 2.56803701859e-07], "dvar": [5.88915838762e-07, 1.15207865292e-06, 3.31039473167e-07, 1.49166311303e-07, 1.44602452679e-07, 3.09038085788e-07, 1.98765761183e-07, 2.06390694757e-07, 6.41914610355e-08, 9.62212638456e-08, 8.25881443234e-08, 7.01733853248e-08, 3.97968058508e-08, 9.92520838849e-08, 5.53888490629e-08, 2.0142543633e-08, 1.78459202971e-08, 1.23262973162e-08, 3.31584071311e-09, 2.82077294855e-09, 4.21108120596e-10, 2.4742780047e-10, 3.40159678203e-10, 1.28818122835e-10, 1.38647371362e-10, 2.41022785064e-10, 4.31660540645e-11, 5.25407009566e-11, 1.63669425235e-11, 7.80094478597e-12, 6.87402045008e-12, 3.4310943843e-12, 3.78678338686e-12, 8.18476417284e-13, 1.14631438022e-12, 6.43240181172e-13, 3.9824781385e-13, 3.08527536201e-13, 1.04947632887e-13, 1.26125753721e-13], "dvar2": [1.13934288493e-06, 2.69167276201e-06, 9.30467422222e-07, 3.40765382134e-07, 2.83677536572e-07, 7.48572801967e-07, 4.2384354515e-07, 4.25043509722e-07, 1.28183003767e-07, 2.12909071706e-07, 1.27157960605e-07, 1.31314394025e-07, 7.88540290841e-08, 1.37790664212e-07, 8.42017442437e-08, 3.6021614136e-08, 3.29152740619e-08, 2.57412740012e-08, 7.33515070905e-09, 7.05924074751e-09, 9.52032896961e-10, 5.60459734178e-10, 8.60721272034e-10, 2.85086898533e-10, 3.21705273532e-10, 4.06591427193e-10, 9.08758346352e-11, 1.17832216207e-10, 3.32218974552e-11, 1.72305884838e-11, 1.49916936504e-11, 7.34236196148e-12, 7.44481472997e-12, 1.818377263e-12, 2.62715717236e-12, 1.36573619167e-12, 7.8843599401e-13, 5.85286810337e-13, 2.10180329629e-13, 2.75702610698e-13], "max": [0.0157049708068, 0.0144707066938, 0.00967654958367, 0.00561363389716, 0.00615155417472, 0.00873404927552, 0.00947972852737, 0.0113127119839, 0.00389218842611, 0.00740372715518, 0.00661203078926, 0.00583292171359, 0.00415001483634, 0.0136568564922, 0.00998827442527, 0.00660435389727, 0.00385102233849, 0.00199864059687, 0.000974797585513, 0.000868882169016, 0.000479708367493, 0.00034055672586, 0.000464677548734, 0.00023404910462, 0.000198671375983, 0.000420653756009, 0.000124149155454, 0.000140538642881, 8.22312867967e-05, 5.88267939747e-05, 4.04885140597e-05, 2.48107589869e-05, 0.00011235709826, 1.58967504831e-05, 1.38248633448e-05, 4.21825643571e-05, 3.41389422829e-05, 1.81898794835e-05, 4.87106581204e-06, 5.66680228076e-06], "mean": [0.00118886039127, 0.00169134384487, 0.000558741856366, 0.000498320732731, 0.000500584195834, 0.000688260071911, 0.000466815341497, 0.000367453554645, 0.000333154835971, 0.000333597825374, 0.000278155173874, 0.000244180293521, 0.000190320904949, 0.000164172495715, 0.000172993502929, 0.000111862158519, 9.71756016952e-05, 9.40953104873e-05, 6.02338514e-05, 5.26249896211e-05, 2.08222572837e-05, 1.72687286977e-05, 1.75491204573e-05, 1.21038883663e-05, 1.32478080559e-05, 1.08811091195e-05, 7.31189084036e-06, 6.23433106739e-06, 4.19041180066e-06, 3.05862090499e-06, 2.56185762737e-06, 1.81922291631e-06, 1.32748277792e-06, 9.766885114e-07, 9.313166629e-07, 5.99190173034e-07, 5.22627885857e-07, 4.34348663703e-07, 3.06797858229e-07, 3.52976968543e-07], "median": [0.000393836875446, 0.000763985502999, 0.00037822581362, 0.000289465126116, 0.000261046545347, 0.000383866659831, 0.000230784266023, 0.000165365825524, 0.000178053713171, 0.000163119184435, 0.000112818539492, 6.42480881652e-05, 7.06623322912e-05, 5.18469023518e-05, 6.41792939859e-05, 4.41488009528e-05, 3.48124340235e-05, 2.93537104881e-05, 2.58355648839e-05, 2.58460640907e-05, 1.25820533867e-05, 1.02400917967e-05, 1.0508602827e-05, 7.8333005149e-06, 6.83932967149e-06, 5.2661139307e-06, 3.69689269064e-06, 2.95888276014e-06, 1.94350445781e-06, 1.50175776525e-06, 1.18175250918e-06, 7.78411504143e-07, 4.57430473944e-07, 3.75353295112e-07, 3.99469001877e-07, 1.93596832787e-07, 1.68122653577e-07, 1.3596704207e-07, 9.26788530364e-08, 8.68866294468e-08], "min": [8.59107075565e-24, 2.23000501833e-23, 1.63664435581e-23, 1.54591272993e-23, 7.61806131616e-24, 8.46754223764e-24, 1.39787209479e-23, 7.32282065605e-24, 1.00227799346e-23, 8.24852841794e-24, 1.30666454913e-23, 1.92501766619e-23, 1.44842545704e-23, 7.46871653616e-24, 1.1191310916e-23, 1.5602105183e-23, 1.6369761507e-23, 9.23157374587e-24, 1.18490315843e-23, 8.30495248305e-24, 1.6227982692e-23, 8.02795423137e-24, 1.29031106813e-23, 1.15241628863e-23, 1.20120930777e-23, 7.62466092649e-24, 1.14311285755e-23, 1.43659806549e-23, 1.11909330516e-23, 1.6678053082e-23, 1.15650542802e-23, 1.04261852577e-23, 1.22487900035e-23, 9.74390892709e-24, 7.59889436274e-24, 9.88935436763e-24, 1.04246659116e-23, 1.22780322884e-23, 1.0599042037e-23, 1.27366381534e-23], "var": [3.91321782445e-06, 4.82054019812e-06, 4.14997714415e-07, 3.64431684829e-07, 4.43517393478e-07, 7.3121901778e-07, 4.44730858362e-07, 4.19437924393e-07, 1.92570141166e-07, 2.8186272516e-07, 2.87457396553e-07, 2.99890956512e-07, 1.27860047883e-07, 3.30696451556e-07, 2.05083182436e-07, 6.90606398734e-08, 5.1451273464e-08, 4.09420302105e-08, 1.02749497799e-08, 5.87349369141e-09, 7.12606196274e-10, 4.67934468951e-10, 5.67043856314e-10, 2.27277960341e-10, 2.93570723287e-10, 5.32085986382e-10, 1.09362414957e-10, 1.00464081498e-10, 4.19973812671e-11, 1.73036116685e-11, 1.35078675675e-11, 6.89384140051e-12, 9.12040581946e-12, 1.86652689832e-12, 1.87745262045e-12, 1.41396356429e-12, 1.03393682505e-12, 6.31781411041e-13, 2.37836931139e-13, 3.77618726219e-13]}, "mfcc": {"mean": [-635.434204102, 141.6355896, -19.1728649139, 16.2697486877, -2.58850598335, 3.85046219826, -0.293916404247, -0.110524624586, -0.689881443977, 3.06749200821, 0.887955486774, 0.00998634286225, -0.0884243026376], "cov": [[7055.36328125, 473.357574463, -148.508148193, -222.492736816, -309.649688721, -116.433868408, -58.4157905579, -70.5792160034, -58.8594932556, 20.1987781525, 46.8288536072, 38.6707077026, 63.9723205566], [473.357574463, 1469.80444336, -425.821258545, -113.144340515, -47.4429855347, 0.828658521175, -39.7847900391, -54.4272003174, -33.499710083, 20.9765396118, -7.52989721298, -35.9639282227, -8.67195224762], [-148.508148193, -425.821258545, 554.64642334, 169.381698608, 108.862548828, 62.892490387, 64.9975662231, 68.9814300537, 22.3880939484, 12.3633003235, 56.8663215637, 76.3722457886, 14.7208776474], [-222.492736816, -113.144340515, 169.381698608, 240.723434448, 71.4433059692, 48.0478439331, 46.2225761414, 63.9430236816, 13.1836738586, 27.2785358429, 34.6351127625, 34.4714317322, 8.35318279266], [-309.649688721, -47.4429855347, 108.862548828, 71.4433059692, 127.650604248, 50.2071075439, 37.0457191467, 26.0631637573, 25.5937767029, 9.67429351807, 15.3105278015, 11.7653961182, 0.963384866714], [-116.433868408, 0.828658521175, 62.892490387, 48.0478439331, 50.2071075439, 112.597412109, 55.4498519897, 47.6731872559, 22.9500083923, 13.5403194427, 13.0359525681, 15.4229459763, 9.89755916595], [-58.4157905579, -39.7847900391, 64.9975662231, 46.2225761414, 37.0457191467, 55.4498519897, 123.667022705, 66.1283111572, 30.9057941437, 30.4577617645, 34.8130340576, 33.1511459351, 15.1935443878], [-70.5792160034, -54.4272003174, 68.9814300537, 63.9430236816, 26.0631637573, 47.6731872559, 66.1283111572, 119.685211182, 44.6243858337, 17.412771225, 28.7107715607, 29.6111164093, 18.0816402435], [-58.8594932556, -33.499710083, 22.3880939484, 13.1836738586, 25.5937767029, 22.9500083923, 30.9057941437, 44.6243858337, 104.613723755, 44.1990203857, 1.63433933258, -2.98236751556, 5.28212690353], [20.1987781525, 20.9765396118, 12.3633003235, 27.2785358429, 9.67429351807, 13.5403194427, 30.4577617645, 17.412771225, 44.1990203857, 92.5416564941, 36.728012085, 10.2734699249, -0.833783447742], [46.8288536072, -7.52989721298, 56.8663215637, 34.6351127625, 15.3105278015, 13.0359525681, 34.8130340576, 28.7107715607, 1.63433933258, 36.728012085, 98.2825088501, 53.2506561279, -6.12851667404], [38.6707077026, -35.9639282227, 76.3722457886, 34.4714317322, 11.7653961182, 15.4229459763, 33.1511459351, 29.6111164093, -2.98236751556, 10.2734699249, 53.2506561279, 92.1846618652, 29.5226154327], [63.9723205566, -8.67195224762, 14.7208776474, 8.35318279266, 0.963384866714, 9.89755916595, 15.1935443878, 18.0816402435, 5.28212690353, -0.833783447742, -6.12851667404, 29.5226154327, 76.8922348022]], "icov": [[0.000168748112628, -6.4207430114e-05, -0.000105265331513, 7.86294112913e-05, 0.000438778515672, 2.58719792328e-05, -2.63399197138e-05, 6.60940786474e-05, -2.78601783066e-05, -1.30753114718e-05, -0.000163587625138, 4.3604268285e-05, -0.000183197917067], [-6.4207430114e-05, 0.000950373592786, 0.000837024475913, 3.45938351529e-05, -0.000435852794908, -0.000485087250127, 0.000227159936912, 3.363612268e-05, 0.000383954349672, -0.000404440856073, -0.00012880183931, -0.000140364252729, 2.45687479037e-05], [-0.000105265331513, 0.000837024475913, 0.00346548203379, -0.00125320453662, -0.00184685317799, -0.000517092877999, 0.000108451582491, -7.3616647569e-05, 6.85115264787e-06, 0.000278263411019, -0.00024852680508, -0.00173693802208, 0.000389873224776], [7.86294112913e-05, 3.45938351529e-05, -0.00125320453662, 0.00663756718859, -0.00216850196011, -0.000278315361356, 0.000607344205491, -0.00300569925457, 0.00214538164437, -0.00233039795421, 0.000408519204939, -0.000329755188432, 9.36503274716e-05], [0.000438778515672, -0.000435852794908, -0.00184685317799, -0.00216850196011, 0.0133661003783, -0.00344213284552, -0.00156784604769, 0.00261852238327, -0.00318852858618, 0.00206209579483, -0.00167959008832, 0.00129533931613, -0.00024522448075], [2.58719792328e-05, -0.000485087250127, -0.000517092877999, -0.000278315361356, -0.00344213284552, 0.0137096289545, -0.00376813858747, -0.00270772050135, 0.000200584996492, -0.000223214185098, 0.00118188560009, 0.000135125723318, -0.000261156470515], [-2.63399197138e-05, 0.000227159936912, 0.000108451582491, 0.000607344205491, -0.00156784604769, -0.00376813858747, 0.0142907937989, -0.00532688619569, 0.000402257981477, -0.00279682409018, -0.00111694040243, -0.00164623360615, -0.000620592734776], [6.60940786474e-05, 3.363612268e-05, -7.3616647569e-05, -0.00300569925457, 0.00261852238327, -0.00270772050135, -0.00532688619569, 0.0165629629046, -0.00672463374212, 0.00419144425541, -0.00336814229377, -0.000244696362643, -0.00190425245091], [-2.78601783066e-05, 0.000383954349672, 6.85115264787e-06, 0.00214538164437, -0.00318852858618, 0.000200584996492, 0.000402257981477, -0.00672463374212, 0.0166258588433, -0.00898661464453, 0.00423935521394, 0.000786621880252, 0.000144390302012], [-1.30753114718e-05, -0.000404440856073, 0.000278263411019, -0.00233039795421, 0.00206209579483, -0.000223214185098, -0.00279682409018, 0.00419144425541, -0.00898661464453, 0.0187694318593, -0.00828136503696, 0.00268722185865, -0.00113588746171], [-0.000163587625138, -0.00012880183931, -0.00024852680508, 0.000408519204939, -0.00167959008832, 0.00118188560009, -0.00111694040243, -0.00336814229377, 0.00423935521394, -0.00828136503696, 0.0218205079436, -0.0122345229611, 0.00706197600812], [4.3604268285e-05, -0.000140364252729, -0.00173693802208, -0.000329755188432, 0.00129533931613, 0.000135125723318, -0.00164623360615, -0.000244696362643, 0.000786621880252, 0.00268722185865, -0.0122345229611, 0.0224849265069, -0.00896760821342], [-0.000183197917067, 2.45687479037e-05, 0.000389873224776, 9.36503274716e-05, -0.00024522448075, -0.000261156470515, -0.000620592734776, -0.00190425245091, 0.000144390302012, -0.00113588746171, 0.00706197600812, -0.00896760821342, 0.0176664143801]]}, "spectral_contrast_coeffs": {"dmean": [0.0490804500878, 0.0492444932461, 0.0406710468233, 0.0324432253838, 0.0229625366628, 0.014146306552], "dmean2": [0.0799079462886, 0.0779106467962, 0.0642952993512, 0.0508911758661, 0.0359087921679, 0.0228063799441], "dvar": [0.00148828711826, 0.00145199545659, 0.000994751462713, 0.000649221299682, 0.00033740903018, 0.000136037095217], "dvar2": [0.00413313275203, 0.00361173064448, 0.00244416785426, 0.00159232469741, 0.000775568711106, 0.000316796533298], "max": [-0.352337598801, -0.379873216152, -0.464190721512, -0.507048249245, -0.613705873489, -0.636412620544], "mean": [-0.64478713274, -0.713195681572, -0.727188646793, -0.74391490221, -0.779151082039, -0.749481618404], "median": [-0.650658786297, -0.712652802467, -0.733253955841, -0.751224339008, -0.783608317375, -0.749940514565], "min": [-0.96524554491, -0.96318769455, -0.971893072128, -0.955769062042, -0.957929134369, -0.961427152157], "var": [0.00610861601308, 0.00539163639769, 0.00564432982355, 0.00426017818972, 0.00193342939019, 0.000919825804885]}, "spectral_contrast_valleys": {"dmean": [0.395268261433, 0.329355448484, 0.282513231039, 0.248205512762, 0.228626474738, 0.238792315125], "dmean2": [0.63740426302, 0.523349225521, 0.447102546692, 0.378392010927, 0.313245385885, 0.292844742537], "dvar": [0.121203236282, 0.0982263833284, 0.075363188982, 0.0721674710512, 0.0803026631474, 0.102038294077], "dvar2": [0.279279619455, 0.185328960419, 0.142321959138, 0.111472919583, 0.102135077119, 0.142030224204], "max": [-5.55381155014, 