{"lowlevel": {"average_loudness": 0.93411564827, "barkbands_crest": {"dmean": 1.77020013332, "dmean2": 2.58523488045, "dvar": 3.91504502296, "dvar2": 8.3054857254, "max": 26.4344959259, "mean": 16.404006958, "median": 15.7153930664, "min": 3.01658344269, "var": 30.1939239502}, "barkbands_flatness_db": {"dmean": 0.0158399846405, "dmean2": 0.0218262597919, "dvar": 0.0002448107698, "dvar2": 0.000451906758826, "max": 0.563004672527, "mean": 0.382522821426, "median": 0.396259427071, "min": 0.0324977710843, "var": 0.00729379151016}, "barkbands_kurtosis": {"dmean": 7.80589056015, "dmean2": 11.3024673462, "dvar": 265.7550354, "dvar2": 576.730285645, "max": 457.177886963, "mean": 23.6360092163, "median": 8.52060604095, "min": -1.72791051865, "var": 1775.58251953}, "barkbands_skewness": {"dmean": 0.594141125679, "dmean2": 0.875662386417, "dvar": 0.562476038933, "dvar2": 1.36696064472, "max": 17.4229373932, "mean": 1.34070265293, "median": 0.783381223679, "min": -4.62772607803, "var": 5.84092283249}, "barkbands_spread": {"dmean": 0.523938119411, "dmean2": 0.822493612766, "dvar": 3.62785625458, "dvar2": 10.8381633759, "max": 98.9556274414, "mean": 2.76098942757, "median": 1.33306741714, "min": 0.0710051506758, "var": 65.2455291748}, "dissonance": {"dmean": 0.0358143933117, "dmean2": 0.0598992705345, "dvar": 0.00127862393856, "dvar2": 0.00345897604711, "max": 0.498960465193, "mean": 0.255129575729, "median": 0.242732062936, "min": 0.0666057318449, "var": 0.00836792588234}, "dynamic_complexity": 4.51584768295, "erbbands_crest": {"dmean": 2.14809513092, "dmean2": 3.1935377121, "dvar": 5.71484899521, "dvar2": 12.5477247238, "max": 33.2199401855, "mean": 19.8971118927, "median": 20.0643539429, "min": 2.63681936264, "var": 33.9939727783}, "erbbands_flatness_db": {"dmean": 0.0155645795166, "dmean2": 0.0206982381642, "dvar": 0.000249942095252, "dvar2": 0.000423858786235, "max": 0.560279428959, "mean": 0.384803205729, "median": 0.396817564964, "min": 0.0508854463696, "var": 0.00666811782867}, "erbbands_kurtosis": {"dmean": 3.94265317917, "dmean2": 5.53220033646, "dvar": 28.1307697296, "dvar2": 54.305141449, "max": 97.7626953125, "mean": 14.5120801926, "median": 9.33706855774, "min": -1.55452847481, "var": 223.20501709}, "erbbands_skewness": {"dmean": 0.446746855974, "dmean2": 0.628415942192, "dvar": 0.190652355552, "dvar2": 0.371751725674, "max": 7.66521930695, "mean": 1.58055984974, "median": 1.26665520668, "min": -3.78587245941, "var": 2.90964317322}, "erbbands_spread": {"dmean": 1.05026781559, "dmean2": 1.54587125778, "dvar": 4.01086378098, "dvar2": 10.5135946274, "max": 111.371681213, "mean": 5.42151546478, "median": 2.8354640007, "min": 0.396931946278, "var": 88.3351745605}, "hfc": {"dmean": 1.63888084888, "dmean2": 1.96934819221, "dvar": 4.87589597702, "dvar2": 7.20350313187, "max": 37.2703857422, "mean": 8.33271408081, "median": 6.86987018585, "min": 1.0696083242e-16, "var": 39.3791046143}, "melbands_crest": {"dmean": 2.00029325485, "dmean2": 2.89356350899, "dvar": 4.97999477386, "dvar2": 10.4270839691, "max": 32.1031532288, "mean": 18.9324169159, "median": 17.8880157471, "min": 1.56708455086, "var": 42.5689506531}, "melbands_flatness_db": {"dmean": 0.0158833600581, "dmean2": 0.0215842593461, "dvar": 0.000285881076707, "dvar2": 0.000512563216034, "max": 0.688569068909, "mean": 0.487593919039, "median": 0.506075203419, "min": 0.00246694730595, "var": 0.0106954639778}, "melbands_kurtosis": {"dmean": 3.40593242645, "dmean2": 5.02065944672, "dvar": 37.2865486145, "dvar2": 80.5067825317, "max": 146.360031128, "mean": 10.3892202377, "median": 3.94790148735, "min": -1.73953568935, "var": 349.438140869}, "melbands_skewness": {"dmean": 0.432286709547, "dmean2": 0.625545203686, "dvar": 0.247476294637, "dvar2": 0.563467264175, "max": 8.72542572021, "mean": 0.62760746479, "median": 0.281873583794, "min": -3.85651040077, "var": 2.35678982735}, "melbands_spread": {"dmean": 0.801493227482, "dmean2": 1.21117472649, "dvar": 9.64498138428, "dvar2": 23.775396347, "max": 167.758712769, "mean": 4.70359563828, "median": 2.69689226151, "min": 0.267893582582, "var": 188.376434326}, "pitch_salience": {"dmean": 0.049270235002, "dmean2": 0.0722422972322, "dvar": 0.00250107143074, "dvar2": 0.00530933775008, "max": 0.84737175703, "mean": 0.490303188562, "median": 0.48390930891, "min": 0.0860504060984, "var": 0.0219043977559}, "silence_rate_20dB": {"dmean": 0, "dmean2": 0, "dvar": 0, "dvar2": 0, "max": 1, "mean": 1, "median": 1, "min": 1, "var": 0}, "silence_rate_30dB": {"dmean": 0, "dmean2": 0, "dvar": 0, "dvar2": 0, "max": 1, "mean": 1, "median": 1, "min": 1, "var": 0}, "silence_rate_60dB": {"dmean": 0.00548790954053, "dmean2": 0.010977701284, "dvar": 0.0054580019787, "dvar2": 0.012230116874, "max": 1, "mean": 0.0787037014961, "median": 0, "min": 0, "var": 0.0725097581744}, "spectral_centroid": {"dmean": 25.5311107635, "dmean2": 37.8319778442, "dvar": 33597.2695312, "dvar2": 49414.3710938, "max": 11827.6601562, "mean": 484.925811768, "median": 374.740783691, "min": 217.879302979, "var": 858601.5}, "spectral_complexity": {"dmean": 0.716858148575, "dmean2": 1.25145792961, "dvar": 0.600502848625, "dvar2": 1.42283654213, "max": 13, "mean": 5.52572011948, "median": 6, "min": 0, "var": 3.90261530876}, "spectral_decrease": {"dmean": 1.05276187767e-09, "dmean2": 1.26791255273e-09, "dvar": 1.97869770931e-18, "dvar2": 2.81993356804e-18, "max": 1.76895232982e-28, "mean": -5.97113514189e-09, "median": -4.9369441868e-09, "min": -2.67124136144e-08, "var": 2.06838199617e-17}, "spectral_energy": {"dmean": 0.00411981157959, "dmean2": 0.00496063707396, "dvar": 3.02567877952e-05, "dvar2": 4.3099749746e-05, "max": 0.103440664709, "mean": 0.023292157799, "median": 0.0192532669753, "min": 9.97252662344e-21, "var": 0.000313871831167}, "spectral_energyband_high": {"dmean": 1.47333977907e-07, "dmean2": 2.33332684729e-07, "dvar": 1.37334940512e-13, "dvar2": 3.41016819817e-13, "max": 1.33156099764e-05, "mean": 7.52675987314e-07, "median": 2.72598356332e-07, "min": 7.13207564164e-21, "var": 1.60043040019e-12}, "spectral_energyband_low": {"dmean": 0.000465647259261, "dmean2": 0.000748646794818, "dvar": 2.00446629606e-06, "dvar2": 6.23081632511e-06, "max": 0.0400447249413, "mean": 0.00171825487632, "median": 0.000338982965332, "min": 2.48442117996e-23, "var": 1.22940900837e-05}, "spectral_energyband_middle_high": {"dmean": 4.07541410823e-05, "dmean2": 5.81932144996e-05, "dvar": 2.07925889839e-08, "dvar2": 4.48552590626e-08, "max": 0.00595727469772, "mean": 0.000131222361233, "median": 6.97471405147e-05, "min": 1.19374582217e-21, "var": 8.46156922307e-08}, "spectral_energyband_middle_low": {"dmean": 0.00401448784396, "dmean2": 0.00480469595641, "dvar": 2.87389320874e-05, "dvar2": 3.95138376916e-05, "max": 0.0996301993728, "mean": 0.0218362342566, "median": 0.0183063149452, "min": 1.8199821304e-22, "var": 0.000278102204902}, "spectral_entropy": {"dmean": 0.129315853119, "dmean2": 0.179082155228, "dvar": 0.020987931639, "dvar2": 0.0371044948697, "max": 9.81167030334, "mean": 5.07118177414, "median": 4.93474435806, "min": 3.42314529419, "var": 0.635326147079}, "spectral_flux": {"dmean": 0.0123366378248, "dmean2": 0.0204048585147, "dvar": 0.000280212785583, "dvar2": 0.000724899524357, "max": 0.197867617011, "mean": 0.0301265083253, "median": 0.0241287015378, "min": 6.46437833818e-11, "var": 0.000484514457639}, "spectral_kurtosis": {"dmean": 20.2648086548, "dmean2": 33.3740768433, "dvar": 420.066467285, "dvar2": 1092.78100586, "max": 398.687744141, "mean": 99.8631134033, "median": 94.09815979, "min": -1.26935350895, "var": 3915.23071289}, "spectral_rms": {"dmean": 0.000410017033573, "dmean2": 0.000502184848301, "dvar": 2.36373395524e-07, "dvar2": 3.41531375625e-07, "max": 0.0100457817316, "mean": 0.00435795495287, "median": 0.0043340139091, "min": 3.11918177918e-12, "var": 3.73227521777e-06}, "spectral_rolloff": {"dmean": 46.9584388733, "dmean2": 79.8239135742, "dvar": 130027.265625, "dvar2": 270544.59375, "max": 19444.4824219, "mean": 708.860839844, "median": 387.59765625, "min": 172.265625, "var": 3912113.25}, "spectral_skewness": {"dmean": 0.914067625999, "dmean2": 1.49821960926, "dvar": 0.649892926216, "dvar2": 1.65497910976, "max": 16.797170639, "mean": 7.73910236359, "median": 7.83861923218, "min": -0.0812744498253, "var": 8.67177677155}, "spectral_spread": {"dmean": 303082.71875, "dmean2": 508163.78125, "dvar": 454561595392, "dvar2": 719546875904, "max": 42410416, "mean": 1708900.125, "median": 1168898.5, "min": 237514.6875, "var": 12457752920100.0}, "spectral_strongpeak": {"dmean": 0.274069905281, "dmean2": 0.367562383413, "dvar": 0.135296940804, "dvar2": 0.242352560163, "max": 5.06503534317, "mean": 1.70616972446, "median": 1.63291656971, "min": 0, "var": 1.09037351608}, "zerocrossingrate": {"dmean": 0.00152295851149, "dmean2": 0.00201836880296, "dvar": 4.92856706842e-05, "dvar2": 6.50535730529e-05, "max": 0.525390625, "mean": 0.0249726716429, "median": 0.01708984375, "min": 0.00634765625, "var": 0.00260837911628}, "barkbands": {"dmean": [1.17270269584e-06, 0.000117886120279, 0.000295170611935, 0.000282705499558, 0.000621042388957, 0.00288794306107, 0.0009337036754, 0.000627867819276, 6.047864008e-05, 1.24129983305e-05, 2.48348223977e-05, 8.34417642182e-06, 3.90612058254e-06, 5.58428791919e-06, 4.2132451199e-06, 1.69141549122e-06, 1.18653781556e-06, 3.42432173284e-07, 3.49881673856e-07, 8.32064657175e-08, 8.70663328101e-08, 5.03931296691e-08, 1.46221044162e-08, 1.50355994322e-08, 8.382328609e-09, 4.23666479676e-09, 3.28183458187e-09], "dmean2": [1.88021761005e-06, 0.00017656791897, 0.000475183536764, 0.000464029057184, 0.000948365079239, 0.00306759169325, 0.00140022684354, 0.000828636984807, 8.89059374458e-05, 1.79362032213e-05, 3.60309095413e-05, 1.18112229757e-05, 6.21874914941e-06, 8.18977514427e-06, 7.0519131441e-06, 2.75973275166e-06, 1.95559050553e-06, 5.72045166791e-07, 5.8477417042e-07, 1.36772641213e-07, 1.43946351727e-07, 7.80001059297e-08, 2.4298222101e-08, 2.38543851339e-08, 1.35251116973e-08, 7.09003433741e-09, 5.56088508574e-09], "dvar": [9.96529768427e-12, 2.61596511564e-07, 8.53806966461e-07, 4.23949330752e-07, 1.17042111469e-06, 2.24709838221e-05, 4.60039882455e-06, 4.48867103842e-06, 2.12004316325e-08, 7.93461185644e-10, 1.56999817591e-08, 2.99900937417e-10, 5.22605674014e-11, 1.16077890355e-10, 1.40434580631e-10, 1.27045049828e-11, 1.73318425584e-11, 5.07768469198e-13, 1.06293760686e-12, 3.37842479144e-14, 5.86487306745e-14, 3.81578483275e-14, 1.00507764851e-15, 1.23021265314e-15, 2.04502248185e-16, 2.13881245487e-17, 7.77863442688e-18], "dvar2": [2.70820501441e-11, 3.95256932961e-07, 2.6905672712e-06, 1.2963411109e-06, 2.97078327094e-06, 2.48480646405e-05, 9.96846301859e-06, 7.72578368924e-06, 4.49403962932e-08, 1.95526062008e-09, 3.23836069072e-08, 5.300654915e-10, 1.3880591121e-10, 2.2705745617e-10, 3.79653392057e-10, 3.32006505621e-11, 4.65987283482e-11, 1.37798062891e-12, 2.96979931966e-12, 8.96425810101e-14, 1.59383059051e-13, 9.26866954498e-14, 2.72129345459e-15, 2.98620724401e-15, 4.92863696294e-16, 5.21551769157e-17, 2.14953618976e-17], "max": [6.29397691227e-05, 0.0268920343369, 0.0255805440247, 0.0224908981472, 0.0271022375673, 0.096944257617, 0.0289707686752, 0.0485394373536, 0.00367563962936, 0.000835358630866, 0.00506506115198, 0.000441554700956, 0.000182017683983, 0.000477599358419, 0.000372323702322, 6.96802526363e-05, 0.000121326163935, 1.10988084998e-05, 2.45870905928e-05, 5.14328576173e-06, 7.82908227848e-06, 1.09700913526e-05, 1.10289545319e-06, 1.32838420086e-06, 5.42814632354e-07, 1.9232496129e-07, 6.28683807236e-08], "mean": [1.40720010222e-06, 0.000252742582234, 0.00107369071338, 0.00111146923155, 0.00280032050796, 0.014089894481, 0.00208620843478, 0.00158955645747, 0.000150266525452, 2.88497922156e-05, 5.42012821825e-05, 1.65301298694e-05, 7.37276513973e-06, 1.4939837456e-05, 7.1450976975e-06, 3.16240993925e-06, 2.25574785873e-06, 7.2388860417e-07, 6.9122683044e-07, 2.08417560543e-07, 2.72096826848e-07, 1.53854344376e-07, 5.45148139963e-08, 6.27697787081e-08, 4.11026768177e-08, 2.80130887376e-08, 2.25485496941e-08], "median": [4.61641121774e-07, 3.53874602297e-05, 0.000109480613901, 0.000348044966813, 0.00154518720228, 0.00817201472819, 0.00106140971184, 0.000352084171027, 5.05887874169e-05, 9.6525382105e-06, 9.14856627787e-06, 6.08516393186e-06, 4.0624408939e-06, 5.10641893925e-06, 1.84343298315e-06, 1.15604757411e-06, 4.73295870052e-07, 3.09185367087e-07, 1.72472695681e-07, 7.99739012791e-08, 5.91950097828e-08, 3.29402141119e-08, 2.24452882946e-08, 2.63525770094e-08, 2.73817928331e-08, 2.7301247485e-08, 2.29187797629e-08], "min": [1.54102863569e-24, 3.03833011976e-24, 2.03369110505e-24, 2.71521229855e-24, 8.44151298321e-24, 1.13042655424e-23, 9.41846988267e-24, 1.28908020846e-23, 1.47128664607e-23, 2.27736917371e-23, 2.87939405333e-23, 3.04607689162e-23, 2.99610066001e-23, 4.5938336628e-23, 5.12892748114e-23, 9.19255321451e-23, 6.25348341142e-23, 1.0252660471e-22, 1.23323622433e-22, 1.70145357058e-22, 2.12596322639e-22, 3.62440868105e-22, 4.17560889337e-22, 6.46493347498e-22, 9.20258727279e-22, 1.2989858749e-21, 2.0133711415e-21], "var": [1.1336901036e-11, 2.08089250009e-06, 6.41274982627e-06, 4.06706112699e-06, 1.14145614134e-05, 0.000240181703703, 8.17509680928e-06, 1.85495027836e-05, 1.06553422086e-07, 2.8975428723e-09, 6.51330367418e-08, 9.75766134559e-10, 1.16701981412e-10, 1.13464715401e-09, 2.28283073e-10, 3.09570251378e-11, 4.06939829056e-11, 1.36681204549e-12, 2.5591549279e-12, 1.08034342919e-13, 3.71690986366e-13, 2.02804258304e-13, 7.41510683828e-15, 1.03724292e-14, 1.88593452717e-15, 1.61627015347e-16, 5.26349019663e-17]}, "erbbands": {"dmean": [0.00209724111483, 0.0333521552384, 0.249113604426, 0.690309345722, 1.35409021378, 2.70532226562, 2.62906193733, 32.9397201538, 14.6837863922, 18.7047863007, 14.6190576553, 2.18371152878, 0.654847323895, 1.01180624962, 0.372945010662, 0.362467437983, 0.167013704777, 0.31535795331, 0.159462451935, 0.249943628907, 0.0753487199545, 0.0424539484084, 0.0207353159785, 0.0227893851697, 0.0060877087526, 0.00435151625425, 0.00309899868444, 0.00375642837025, 0.00194019603077, 0.000956868170761, 0.000401994155254, 0.000418421346694, 0.000196151799173, 0.0001214626609, 5.27864976902e-05, 2.31807225646e-05, 8.80803509062e-06, 2.94656911137e-06, 2.07019888876e-06, 4.58601334685e-06], "dmean2": [0.00305906473659, 0.0502920225263, 0.410573005676, 1.14487123489, 2.08493804932, 4.04109621048, 3.68820953369, 34.7743797302, 17.7878265381, 26.7126331329, 19.3808021545, 2.96573162079, 0.869377315044, 1.46938252449, 0.538406014442, 0.505676150322, 0.253947019577, 0.472161144018, 0.253366261721, 0.424613296986, 0.126103579998, 0.0691628754139, 0.0339905396104, 0.0382688343525, 0.00993394106627, 0.00716174487025, 0.00521187810227, 0.00617147656158, 0.00301635451615, 0.0014948771568, 0.00065913196886, 0.000667182204779, 0.000315823446726, 0.000197639150429, 8.62981396494e-05, 3.91570938518e-05, 1.47286727952e-05, 5.01251088281e-06, 2.63742117568e-06, 5.52270785192e-06], "dvar": [5.90975396335e-05, 0.0185845922679, 0.418649494648, 4.69812631607, 5.04710865021, 31.891500473, 26.3667545319, 2980.50512695, 493.153076172, 1783.45446777, 3114.08984375, 49.973777771, 1.2244695425, 27.3593502045, 1.30564069748, 0.662701070309, 0.09440985322, 0.342496812344, 0.334672659636, 0.313838928938, 0.0304685458541, 0.0140072414652, 0.00184038851876, 0.00526690576226, 0.000135581140057, 9.91870692815e-05, 5.17106745974e-05, 0.00016110818251, 6.04521628702e-05, 9.30642181629e-06, 8.1764898141e-07, 1.11655901947e-06, 1.89813817997e-07, 5.04739290363e-08, 5.9241416217e-09, 8.83073170144e-10, 7.21398635273e-11, 8.01050024923e-12, 6.51108160443e-12, 3.74387083835e-11], "dvar2": [8.30093922559e-05, 0.0288421884179, 1.22304666042, 16.3217010498, 12.4129610062, 78.421043396, 56.7835960388, 3226.33862305, 812.027160645, 3887.47436523, 5334.97998047, 86.7661590576, 2.32482051849, 60.6363754272, 2.62901806831, 1.12183690071, 0.211567938328, 0.769018232822, 0.81613522768, 0.915060281754, 0.0843712985516, 0.0370716266334, 0.00481414049864, 0.0148154227063, 0.000333651114488, 0.00026484800037, 0.00014532332716, 0.000419417774538, 0.000152020627866, 2.1682741135e-05, 2.06623872145e-06, 2.75484580925e-06, 4.52230267456e-07, 1.23019376019e-07, 1.42561269456e-08, 2.22332929845e-09, 1.93726257258e-10, 2.23828733326e-11, 9.3131301282e-12, 5.32802933717e-11], "max": [0.450483500957, 7.00812339783, 17.3316020966, 70.6261672974, 72.4905548096, 145.947845459, 194.515365601, 1131.76550293, 366.047729492, 469.28527832, 1334.72192383, 162.911621094, 21.0855350494, 214.831924438, 45.4729385376, 22.9092407227, 8.61336803436, 25.1918773651, 20.8998622894, 8.80302047729, 3.69790911674, 3.49839282036, 0.907298862934, 1.7580242157, 0.211235150695, 0.283264368773, 0.19332587719, 0.377105116844, 0.462160438299, 0.142087593675, 0.0462838821113, 0.0392776951194, 0.0177694726735, 0.00668300967664, 0.00265181390569, 0.00133143819403, 0.000298753351672, 0.000115192480735, 5.0111564633e-05, 0.000114036265586], "mean": [0.00452149333432, 0.0834764316678, 0.866112232208, 2.6428694725, 6.46244382858, 10.9745540619, 13.6587123871, 161.142669678, 62.9740562439, 42.690536499, 36.8524856567, 6.02352523804, 1.82599687576, 2.32338094711, 0.869364857674, 0.755440056324, 0.39519777894, 0.827394008636, 0.33641949296, 0.442050307989, 0.159314438701, 0.0919272527099, 0.0501139611006, 0.0473821051419, 0.0146557986736, 0.0108686257154, 0.00985360145569, 0.0104766981676, 0.00606074463576, 0.00312588759698, 0.00151080125943, 0.00157109962311, 0.000872667354997, 0.000518550979905, 0.000270054064458, 0.000129535168526, 5.8157096646e-05, 1.88475569303e-05, 1.45096928463e-05, 2.61054210569e-05], "median": [0.000794562511146, 0.0129457749426, 0.126572757959, 1.11781644821, 2.55313038826, 4.72699928284, 7.55840587616, 90.7668685913, 42.9508743286, 24.6059837341, 6.85557842255, 1.61183810234, 0.79382455349, 0.516263246536, 0.336146593094, 0.252775073051, 0.219134956598, 0.307051301003, 0.115103788674, 0.127194344997, 0.0630558878183, 0.0311214290559, 0.0205934904516, 0.00998947769403, 0.00722909718752, 0.00404341006652, 0.00267640361562, 0.0020109154284, 0.00126810837537, 0.000914560107049, 0.000642987608444, 0.000585423782468, 0.000427981140092, 0.000309915049002, 0.000209932681173, 0.000119343967526, 5.76664278924e-05, 1.88536469068e-05, 1.29982436192e-05, 2.1703857783e-05], "min": [8.55612547972e-23, 5.74113529287e-22, 5.23271507055e-21, 7.89637437177e-21, 1.30565806801e-20, 3.42993672169e-20, 6.41289282846e-20, 1.033226521e-19, 1.2462268212e-19, 2.10973113165e-19, 3.64194569763e-19, 3.73632467908e-19, 6.2465608952e-19, 1.26138250194e-18, 1.14671655407e-18, 1.48945036228e-18, 1.42296034388e-18, 2.40077840419e-18, 2.43953078191e-18, 4.25847261798e-18, 4.56639845922e-18, 4.16072840731e-18, 5.47844945698e-18, 6.18400474099e-18, 7.60100400778e-18, 8.18567842579e-18, 7.65366480712e-18, 1.02649697762e-17, 1.26486569746e-17, 1.07616751904e-17, 1.05236481789e-17, 1.28492151859e-17, 1.05035559618e-17, 8.47511884829e-18, 6.27340104492e-18, 4.22808903331e-18, 2.21819317322e-18, 9.46773041347e-19, 2.58959152969e-19, 2.90876672999e-20], "var": [0.000542279041838, 0.145589217544, 3.66155076027, 19.7761764526, 98.522026062, 311.69543457, 353.193359375, 32237.0976562, 3894.08032227, 2892.66259766, 12511.9794922, 219.221191406, 6.76070404053, 101.216003418, 5.49366474152, 2.30112147331, 0.309371978045, 3.09756946564, 0.631970465183, 0.639065027237, 0.0814869701862, 0.0371411815286, 0.00616591330618, 0.0129563733935, 0.000448603241239, 0.000303778302623, 0.000304727000184, 0.000774897926021, 0.000330785580445, 5.16744657943e-05, 5.94908669882e-06, 7.64590095059e-06, 1.62401295256e-06, 3.82389970355e-07, 5.13341014141e-08, 5.21931964315e-09, 4.59698112909e-10, 4.44542389011e-11, 6.89131876563e-11, 3.85444398621e-10]}, "gfcc": {"mean": [-214.349136353, 190.941421509, -64.5496368408, -30.3847980499, -62.9971961975, -34.2975654602, -48.441860199, -17.8206615448, -9.65802955627, 0.626741945744, -4.96886301041, -9.62982749939, -9.24278068542], "cov": [[11487.8652344, 3131.10229492, -1080.35522461, -187.909423828, -262.765167236, -419.02935791, -353.21963501, -283.801818848, 173.437652588, 15.6223859787, 178.679000854, -63.607585907, 170.796737671], [3131.10229492, 1755.1072998, 420.078277588, -265.492492676, 87.4882507324, -159.334701538, -34.313621521, -164.318206787, 14.2817831039, -10.1333961487, 142.630599976, -52.5561027527, 45.6945953369], [-1080.35522461, 420.078277588, 965.051513672, -102.320831299, 117.999320984, -33.7757301331, 34.8498497009, -77.2411880493, -75.1035842896, 15.2545175552, 112.965339661, -4.10998439789, -51.1336135864], [-187.909423828, -265.492492676, -102.320831299, 288.834472656, 88.3015060425, 89.4682769775, 22.4099960327, 11.9304847717, -17.0130958557, -22.16746521, -24.5660152435, 21.9758987427, 1.14746415615], [-262.765167236, 87.4882507324, 117.999320984, 88.3015060425, 167.905761719, 64.5207977295, 42.6640815735, -14.6958827972, -8.67032051086, -6.10597801208, 10.1467409134, -9.96463680267, 7.9093079567], [-419.02935791, -159.334701538, -33.7757301331, 89.4682769775, 64.5207977295, 193.8853302, 109.823303223, 47.6377716064, -33.5753440857, -25.1465129852, -46.2574119568, -3.53059911728, -0.885544419289], [-353.21963501, -34.313621521, 34.8498497009, 22.4099960327, 42.6640815735, 109.823303223, 133.750732422, 69.2677154541, 1.93691194057, -18.931016922, -21.1489887238, -0.420219898224, 8.14968299866], [-283.801818848, -164.318206787, -77.2411880493, 11.9304847717, -14.6958827972, 47.6377716064, 69.2677154541, 128.457427979, 43.4785079956, -20.7854270935, -75.8149185181, -17.9142665863, -16.4404792786], [173.437652588, 14.2817831039, -75.1035842896, -17.0130958557, -8.67032051086, -33.5753440857, 1.93691194057, 43.4785079956, 104.071853638, 52.0982780457, 12.3369474411, 0.122546344995, 13.656788826], [15.6223859787, -10.1333961487, 15.2545175552, -22.16746521, -6.10597801208, -25.1465129852, -18.931016922, -20.7854270935, 52.0982780457, 107.831321716, 86.1464996338, 18.2552146912, 12.6384105682], [178.679000854, 142.630599976, 112.965339661, -24.5660152435, 10.1467409134, -46.2574119568, -21.1489887238, -75.8149185181, 12.3369474411, 86.1464996338, 173.784103394, 71.5360641479, 44.0726203918], [-63.607585907, -52.5561027527, -4.10998439789, 21.9758987427, -9.96463680267, -3.53059911728, -0.420219898224, -17.9142665863, 0.122546344995, 18.2552146912, 71.5360641479, 104.549079895, 63.0091972351], [170.796737671, 45.6945953369, -51.1336135864, 1.14746415615, 7.9093079567, -0.885544419289, 8.14968299866, -16.4404792786, 13.656788826, 12.6384105682, 44.0726203918, 63.0091972351, 92.739906311]], "icov": [[0.00133564078715, -0.00361497630365, 0.00227326527238, -0.00269530317746, 0.00338857783936, -0.000839264364913, 0.00260203960352, -0.00155488762539, 0.000737928785384, -0.00111710350029, -0.000693654234055, 0.000423818564741, -0.000107949388621], [-0.00361497630365, 0.0109666716307, -0.00640172651038, 0.00815404579043, -0.00964368507266, 0.00246585276909, -0.00743812834844, 0.00575179932639, -0.00375717389397, 0.00555155239999, 0.00022990241996, 0.00075813382864, -0.000684773141984], [0.00227326527238, -0.00640172651038, 0.00578834954649, -0.00375510565937, 0.00383177003823, 6.74765833537e-05, 0.00281243864447, -0.00280725234188, 0.00347139360383, -0.00293089076877, -0.00153242435772, -0.000710444408469, 0.00223379954696], [-0.00269530317746, 0.00815404579043, -0.00375510565937, 0.011951691471, -0.0111252367496, -0.000137364229886, -0.00365225807764, 0.00364627805538, -0.00240216567181, 0.0044118524529, 0.00073121371679, -0.00330583797768, 0.00229381560348], [0.00338857783936, -0.00964368507266, 0.00383177003823, -0.0111252367496, 0.0206999834627, -0.00569632602856, 0.00563425943255, -0.00101251923479, -0.00191050651483, -0.000792130362242, -0.00302075175568, 0.00590112060308, -0.00391758047044], [-0.000839264364913, 0.00246585276909, 6.74765833537e-05, -0.000137364229886, -0.00569632602856, 0.0178075190634, -0.0158905740827, 0.00262342905626, 0.00823240261525, -0.00743524963036, 0.00713508762419, -0.00332795409486, 0.00155815994367], [0.00260203960352, -0.00743812834844, 0.00281243864447, -0.00365225807764, 0.00563425943255, -0.0158905740827, 0.032278958708, -0.0180746018887, -2.88316023216e-05, 0.00486724870279, -0.0107379471883, 0.0056114201434, -0.00557292019948], [-0.00155488762539, 0.00575179932639, -0.00280725234188, 0.00364627805538, -0.00101251923479, 0.00262342905626, -0.0180746018887, 0.0307373534888, -0.0155183859169, 0.00417421478778, 0.0110027464107, -0.0054757297039, 0.00579321896657], [0.000737928785384, -0.00375717389397, 0.00347139360383, -0.00240216567181, -0.00191050651483, 0.00823240261525, -2.88316023216e-05, -0.0155183859169, 0.0298309568316, -0.019814286381, 0.00411201128736, -0.000863247259986, -0.00313127762638], [-0.00111710350029, 0.00555155239999, -0.00293089076877, 0.0044118524529, -0.000792130362242, -0.00743524963036, 0.00486724870279, 0.00417421478778, -0.019814286381, 0.0354520976543, -0.0203661099076, 0.00981218460947, -0.000941298494581], [-0.000693654234055, 0.00022990241996, -0.00153242435772, 0.00073121371679, -0.00302075175568, 0.00713508762419, -0.0107379471883, 0.0110027464107, 0.00411201128736, -0.0203661099076, 0.028878159821, -0.0170993153006, 0.00359391444363], [0.000423818564741, 0.00075813382864, -0.000710444408469, -0.00330583797768, 0.00590112060308, -0.00332795409486, 0.0056114201434, -0.0054757297039, -0.000863247259986, 0.00981218460947, -0.0170993153006, 0.0310505740345, -0.0176840890199], [-0.000107949388621, -0.000684773141984, 0.00223379954696, 0.00229381560348, -0.00391758047044, 0.00155815994367, -0.00557292019948, 0.00579321896657, -0.00313127762638, -0.000941298494581, 0.00359391444363, -0.0176840890199, 0.025284377858]]}, "melbands": {"dmean": [2.66158604063e-05, 9.92473869701e-05, 0.000134066634928, 0.000137203198392, 9.24028718146e-05, 0.000673942442518, 0.000244960625423, 0.000184981880011, 0.000104160215415, 8.15246585262e-06, 3.17667127092e-06, 3.90195873479e-06, 2.12884538087e-06, 7.49083596929e-07, 7.47148305891e-07, 5.07517711412e-07, 5.84299414186e-07, 2.80338724679e-07, 2.8520364026e-07, 2.63768555442e-07, 9.58318437938e-08, 6.01547753831e-08, 2.83543553081e-08, 1.71837051255e-08, 2.19017834979e-08, 7.43586525687e-09, 2.18341655867e-09, 3.52160056671e-09, 2.1312280829e-09, 2.64276067696e-09, 1.97964267201e-09, 1.06223752017e-09, 1.28794841459e-09, 3.81415232731e-10, 2.59194332664e-10, 2.84850559806e-10, 2.74570616243e-10, 1.74463610225e-10, 1.48003997946e-10, 1.04057214234e-10], "dmean2": [3.86310057365e-05, 0.000159954332048, 0.000213567080209, 0.000212113955058, 0.000136305796332, 0.00071293459041, 0.000306122907205, 0.000260448810877, 0.000138157498441, 1.14933245641e-05, 4.23823485107e-06, 5.67352844882e-06, 3.08515950564e-06, 1.07297375962e-06, 1.05667425032e-06, 7.93276910827e-07, 8.66242601205e-07, 4.44654659759e-07, 4.78564913919e-07, 4.48508501449e-07, 1.61052014391e-07, 9.88922508327e-08, 4.58452760199e-08, 2.89892092553e-08, 3.67517714039e-08, 1.22023564586e-08, 3.59449470189e-09, 5.87278714548e-09, 3.53869422653e-09, 4.40044223282e-09, 3.22820081777e-09, 1.69257108329e-09, 2.00520022808e-09, 6.27375706941e-10, 4.3163592145e-10, 4.61420596176e-10, 4.37525959907e-10, 2.86726059562e-10, 2.37650066293e-10, 1.72532585441e-10], "dvar": [1.27345201051e-08, 7.0137026853e-08, 1.04963206127e-07, 6.61791830225e-08, 3.03189509054e-08, 1.23372319649e-06, 1.37979824899e-07, 1.51347364863e-07, 1.79087990659e-07, 4.59781435147e-10, 3.04903463588e-11, 3.77734149515e-10, 6.74272443435e-11, 2.36340526143e-12, 3.03389344897e-12, 6.87649047947e-13, 1.41511487858e-12, 8.52148267314e-13, 4.91628276717e-13, 2.70490634014e-13, 7.5557676706e-14, 3.49131971434e-14, 4.0263846673e-15, 1.61620164968e-15, 5.30600157588e-15, 2.1066880686e-16, 1.73452396001e-17, 7.17709942101e-17, 2.64370894239e-17, 5.10843254383e-17, 4.65351265456e-17, 1.24948592833e-17, 3.49819048562e-17, 7.96990381351e-19, 3.19944542895e-19, 5.2949133819e-19, 4.23570705656e-19, 1.92938805128e-19, 9.15781931292e-20, 3.33060040806e-20], "dvar2": [1.78398131823e-08, 1.94109205154e-07, 3.43355907262e-07, 1.77105562216e-07, 6.90374335477e-08, 1.34607682867e-06, 2.42051328314e-07, 3.24759355408e-07, 3.05047194615e-07, 8.74189276523e-10, 5.78232184356e-11, 8.41141711838e-10, 1.36006039764e-10, 4.00347290042e-12, 5.72593058037e-12, 1.94710523746e-12, 2.90695505861e-12, 1.9922722326e-12, 1.37601518721e-12, 7.63334220052e-13, 2.10087752316e-13, 9.25307871774e-14, 9.85580940591e-15, 4.52061526301e-15, 1.49814581856e-14, 5.18319101001e-16, 4.48009059954e-17, 1.95462540518e-16, 7.26508232143e-17, 1.40339806833e-16, 1.14661526581e-16, 3.15853093552e-17, 8.16355200615e-17, 2.13193002266e-18, 8.25474449142e-19, 1.2710094367e-18, 1.08207962703e-18, 4.76452103723e-19, 2.20560575904e-19, 8.45099089455e-20], "max": [0.00632027024403, 0.00662153679878, 0.0102566303685, 0.00727450009435, 0.00538242608309, 0.0228984486312, 0.00603703781962, 0.0042370618321, 0.0102968560532, 0.000558381667361, 9.63974162005e-05, 0.000799652654678, 0.00033212787821, 4.71899984404e-05, 4.41949705419e-05, 1.43702573041e-05, 5.77974133193e-05, 2.90192620014e-05, 1.85813441931e-05, 6.83282814862e-06, 6.41244741928e-06, 5.66008247915e-06, 1.47692901464e-06, 8.60743170961e-07, 1.7525514977e-06, 2.28339231967e-07, 8.50599306546e-08, 2.49366195249e-07, 1.1311943382e-07, 2.12054118265e-07, 2.24546738536e-07, 1.85835702382e-07, 3.28267617533e-07, 2.95287083674e-08, 2.55557370821e-08, 3.07328846816e-08, 1.87024635778e-08, 1.82626820333e-08, 7.31499572026e-09, 5.31786170654e-09], "mean": [5.77049213462e-05, 0.000345187378116, 0.000603948894423, 0.000596053316258, 0.000435317459051, 0.00327762006782, 0.00100933702197, 0.000422045239247, 0.000257746636635, 2.27142809308e-05, 7.96020594862e-06, 8.71313477546e-06, 4.66950768896e-06, 1.50872017457e-06, 1.45558101394e-06, 1.04081266272e-06, 1.55918758082e-06, 5.37910921139e-07, 5.03324599777e-07, 4.4019779466e-07, 1.66389597211e-07, 1.09957483119e-07, 6.00960632369e-08, 3.37634418202e-08, 4.13541343391e-08, 1.46640779519e-08, 5.41608358162e-09, 7.56629692233e-09, 5.74329694913e-09, 7.20712689528e-09, 5.05959807384e-09, 3.05075031903e-09, 3.385104419e-09, 1.1620899798e-09, 7.73415609334e-10, 9.53958356753e-10, 9.32921406793e-10, 6.26488083633e-10, 5.1103976606e-10, 3.88636928195e-10], "median": [8.15434214019e-06, 4.42588643637e-05, 0.000289580086246, 0.000303557317238, 0.000206595213967, 0.00185132899787, 0.000727204431314, 0.000230862671742, 3.04991808662e-05, 6.31719058219e-06, 3.18780644193e-06, 1.87495038517e-06, 1.20210654586e-06, 6.28445377515e-07, 4.43828923835e-07, 5.62701018225e-07, 5.06961782776e-07, 1.40939448556e-07, 1.50857943026e-07, 1.35684032898e-07, 4.77006665278e-08, 2.92763360221e-08, 1.99164880144e-08, 1.29607853339e-08, 6.48906262057e-09, 6.78098910356e-09, 2.61750265906e-09, 2.52603293838e-09, 1.61675561827e-09, 1.49507251024e-09, 9.42353972633e-10, 6.58909371509e-10, 6.46887543532e-10, 4.30657259853e-10, 3.55826146325e-10, 3.48793549598e-10, 3.49090978347e-10, 2.93737978385e-10, 2.65312716241e-10, 2.40503728044e-10], "min": [1.83049414372e-24, 1.79878055482e-24, 2.28084497375e-24, 1.42647863668e-24, 1.46388001131e-24, 2.23724403987e-24, 1.87839693333e-24, 2.63246591719e-24, 3.05071622204e-24, 1.94828665687e-24, 2.72310761292e-24, 4.51448569422e-24, 3.77410226378e-24, 3.17429029677e-24, 2.37663694512e-24, 2.36210829661e-24, 3.53575188557e-24, 2.98467081491e-24, 4.23976488398e-24, 5.5766182722e-24, 4.34135912452e-24, 4.35927257795e-24, 3.24264469978e-24, 4.58486904748e-24, 4.7243017902e-24, 4.54706091644e-24, 5.21511329605e-24, 4.64375120316e-24, 4.09819393377e-24, 3.71597544241e-24, 5.30197713691e-24, 6.88821746184e-24, 5.81494537901e-24, 5.95841985058e-24, 5.80291564464e-24, 5.95881270331e-24, 6.98980065832e-24, 5.97386890255e-24, 6.10005114864e-24, 6.14153261048e-24], "var": [1.11393660518e-07, 5.93847289565e-07, 7.36932236123e-07, 5.70203383177e-07, 3.61957717132e-07, 1.32653512992e-05, 9.2475437441e-07, 2.84572024611e-07, 7.17372302006e-07, 2.74930522792e-09, 1.42518677415e-10, 1.37994937699e-09, 2.85425127977e-10, 8.76195036664e-12, 8.74245641158e-12, 1.62975687633e-12, 1.52061453706e-11, 1.99176612703e-12, 8.67828812284e-13, 5.53254165571e-13, 1.53938412581e-13, 7.69753184804e-14, 1.25574718132e-14, 3.69655215522e-15, 1.19102810432e-14, 5.30460471267e-16, 5.92840212668e-17, 1.71880587401e-16, 1.034878319e-16, 2.50639193145e-16, 2.1239038809e-16, 7.46634264365e-17, 1.43727978327e-16, 4.08711388229e-18, 1.5203822643e-18, 3.24584824506e-18, 2.71815002764e-18, 1.08099519325e-18, 5.07050290063e-19, 2.17195346679e-19]}, "mfcc": {"mean": [-867.711669922, 229.34538269, 41.5461883545, 2.15555214882, -3.50691056252, -17.2744178772, -28.4875259399, -25.7962932587, -15.997010231, -8.53706550598, -2.11354899406, 0.467841684818, 0.285234808922], "cov": [[3822.62670898, 2011.27233887, -441.12322998, 95.5568618774, 36.6777267456, -23.3026771545, -172.535110474, -116.824630737, 10.9711465836, -29.7130966187, -1.48003971577, 27.0410652161, 12.633936882], [2011.27233887, 2215.52880859, 611.765380859, -42.9429779053, 88.6095046997, -19.4576797485, -76.2300872803, -132.230438232, -129.946136475, -20.9595890045, -1.610201478, -36.0136947632, 43.1413116455], [-441.12322998, 611.765380859, 842.968078613, 12.5358495712, 51.467956543, 56.1173629761, 55.7584991455, -45.0258369446, -150.243103027, -42.6965522766, 4.4524140358, -14.3880167007, 34.7128219604], [95.5568618774, -42.9429779053, 12.5358495712, 147.748504639, 68.4210662842, 33.7706222534, 5.53504753113, 0.133080154657, -14.5886602402, -33.6788864136, 0.192368373275, 20.3904533386, 2.27333068848], [36.6777267456, 88.6095046997, 51.467956543, 68.4210662842, 116.741134644, 46.4857826233, 8.78280639648, -1.56393682957, -12.369726181, -4.8996462822, -7.78099727631, -6.13269662857, -1.24594163895], [-23.3026771545, -19.4576797485, 56.1173629761, 33.7706222534, 46.4857826233, 138.95741272, 100.454071045, 15.4964885712, -12.4782896042, 1.85968053341, -3.91683650017, -16.4155578613, -0.443418294191], [-172.535110474, -76.2300872803, 55.7584991455, 5.53504753113, 8.78280639648, 100.454071045, 151.702392578, 74.9275665283, 15.8482942581, 18.272731781, -13.2478370667, -37.8105125427, -12.3983516693], [-116.824630737, -132.230438232, -45.0258369446, 0.133080154657, -1.56393682957, 15.4964885712, 74.9275665283, 140.372421265, 95.5367660522, 7.13356971741, -23.1582832336, -19.2118492126, -15.5954608917], [10.9711465836, -129.946136475, -150.243103027, -14.5886602402, -12.369726181, -12.4782896042, 15.8482942581, 95.5367660522, 148.097549438, 56.4959487915, -17.9351863861, -9.61962509155, -10.6738729477], [-29.7130966187, -20.9595890045, -42.6965522766, -33.6788864136, -4.8996462822, 1.85968053341, 18.272731781, 7.13356971741, 56.4959487915, 107.475959778, 37.5685195923, -18.6231002808, -7.67173433304], [-1.48003971577, -1.610201478, 4.4524140358, 0.192368373275, -7.78099727631, -3.91683650017, -13.2478370667, -23.1582832336, -17.9351863861, 37.5685195923, 86.5874938965, 43.9154396057, 4.0004734993], [27.0410652161, -36.0136947632, -14.3880167007, 20.3904533386, -6.13269662857, -16.4155578613, -37.8105125427, -19.2118492126, -9.61962509155, -18.6231002808, 43.9154396057, 97.707901001, 36.1779670715], [12.633936882, 43.1413116455, 34.7128219604, 2.27333068848, -1.24594163895, -0.443418294191, -12.3983516693, -15.5954608917, -10.6738729477, -7.67173433304, 4.0004734993, 36.1779670715, 71.2942047119]], "icov": [[0.0106654334813, -0.0153846265748, 0.0168369822204, -0.018302526325, 0.019070468843, -0.0189028643072, 0.0172166470438, -0.015581288375, 0.0150940930471, -0.0126213794574, 0.0108543811366, -0.00795992650092, 0.0039384746924], [-0.0153846265748, 0.022852787748, -0.02477895841, 0.0269168708473, -0.0282890889794, 0.0276277754456, -0.0249281171709, 0.0234563220292, -0.0226612091064, 0.0190036147833, -0.0163072533906, 0.0122069008648, -0.00604960648343], [0.0168369822204, -0.02477895841, 0.0286010298878, -0.0290749836713, 0.0301220603287, -0.0301050860435, 0.0271139871329, -0.0266491938382, 0.0273702554405, -0.0214580763131, 0.018128786236, -0.0130578940734, 0.00563450856134], [-0.018302526325, 0.0269168708473, -0.0290749836713, 0.0431237444282, -0.0405875109136, 0.0336592458189, -0.0329676531255, 0.0311093553901, -0.0310373827815, 0.0295339897275, -0.0231124907732, 0.0136472797021, -0.00678824307397], [0.019070468843, -0.0282890889794, 0.0301220603287, -0.0405875109136, 0.0519493073225, -0.0440173707902, 0.0421346053481, -0.0382876135409, 0.0368954241276, -0.0337325371802, 0.0274813938886, -0.0165228173137, 0.0086891790852], [-0.0189028643072, 0.0276277754456, -0.0301050860435, 0.0336592458189, -0.0440173707902, 0.0590279810131, -0.0558987744153, 0.0458177775145, -0.0403877049685, 0.0355904959142, -0.0281186234206, 0.0173968169838, -0.0093511864543], [0.0172166470438, -0.0249281171709, 0.0271139871329, -0.0329676531255, 0.0421346053481, -0.0558987744153, 0.0675770640373, -0.0578192733228, 0.050305377692, -0.0442291423678, 0.0320014357567, -0.0160522386432, 0.00849792920053], [-0.015581288375, 0.0234563220292, -0.0266491938382, 0.0311093553901, -0.0382876135409, 0.0458177775145, -0.0578192733228, 0.0699232444167, -0.0636736229062, 0.051511913538, -0.0363545455039, 0.021941723302, -0.00767710106447], [0.0150940930471, -0.0226612091064, 0.0273702554405, -0.0310373827815, 0.0368954241276, -0.0403877049685, 0.050305377692, -0.0636736229062, 0.0726108625531, -0.0588351897895, 0.0446080900729, -0.0272875819355, 0.00979838427156], [-0.0126213794574, 0.0190036147833, -0.0214580763131, 0.0295339897275, -0.0337325371802, 0.0355904959142, -0.0442291423678, 0.051511913538, -0.0588351897895, 0.0644688233733, -0.0482785739005, 0.0303599108011, -0.0111166303977], [0.0108543811366, -0.0163072533906, 0.018128786236, -0.0231124907732, 0.0274813938886, -0.0281186234206, 0.0320014357567, -0.0363545455039, 0.0446080900729, -0.0482785739005, 0.0531190894544, -0.0327432788908, 0.0128907989711], [-0.00795992650092, 0.0122069008648, -0.0130578940734, 0.0136472797021, -0.0165228173137, 0.0173968169838, -0.0160522386432, 0.021941723302, -0.0272875819355, 0.0303599108011, -0.0327432788908, 0.0356315001845, -0.0152879878879], [0.0039384746924, -0.00604960648343, 0.00563450856134, -0.00678824307397, 0.0086891790852, -0.0093511864543, 0.00849792920053, -0.00767710106447, 0.00979838427156, -0.0111166303977, 0.0128907989711, -0.0152879878879, 0.0216596256942]]}, "spectral_contrast_coeffs": {"dmean": [0.0420957878232, 0.0337285362184, 0.0277962703258, 0.0210686344653, 0.0142222298309, 0.0103367026895], "dmean2": [0.0702244490385, 0.0530639961362, 0.0442404001951, 0.0347357876599, 0.0238153971732, 0.0173226781189], "dvar": [0.00113446207251, 0.000897077086847, 0.000489400757942, 0.000282012741081, 0.000130555214128, 7.6736403571e-05], "dvar2": [0.00307383784093, 0.00201645120978, 0.00124922709074, 0.000747094454709, 0.000348150060745, 0.000209084755625], "max": [-0.288450241089, -0.283722877502, -0.496041148901, -0.596644818783, -0.661344707012, -0.724770009518], "mean": [-0.551737606525, -0.554219126701, -0.757738411427, -0.783332884312, -0.827909350395, -0.845604002476], "median": [-0.546976685524, -0.546799063683, -0.766856908798, -0.788245737553, -0.835743010044, -0.851285338402], "min": [-0.973526000977, -0.972315609455, -0.973624646664, -0.975601553917, -0.966922581196, -0.964244246483], "var": [0.00850470177829, 0.00949562247843, 0.00566711882129, 0.00437934696674, 0.00241157831624, 0.00118953594938]}, "spectral_contrast_valleys": {"dmean": [0.412335008383, 0.289473116398, 0.262249588966, 0.195285305381, 0.137798070908, 0.134515196085], "dmean2": [0.696501016617, 0.467174351215, 0.427550315857, 0.32481187582, 0.227376103401, 0.224940598011], "dvar": [0.155923172832,