{"lowlevel": {"average_loudness": 0.872180879116, "barkbands_crest": {"dmean": 2.49362516403, "dmean2": 4.03707265854, "dvar": 5.04140901566, "dvar2": 12.9977293015, "max": 25.6912155151, "mean": 11.2816314697, "median": 10.5781431198, "min": 3.50996375084, "var": 15.1847734451}, "barkbands_flatness_db": {"dmean": 0.0271718967706, "dmean2": 0.0426305495203, "dvar": 0.000711941858754, "dvar2": 0.00171978271101, "max": 0.375946938992, "mean": 0.166215032339, "median": 0.163378596306, "min": 0.0274339783937, "var": 0.00212523457594}, "barkbands_kurtosis": {"dmean": 4.6490111351, "dmean2": 7.53829813004, "dvar": 40.8678207397, "dvar2": 99.0771179199, "max": 137.345031738, "mean": 10.360824585, "median": 7.93082094193, "min": -1.62715137005, "var": 91.2706069946}, "barkbands_skewness": {"dmean": 0.639388382435, "dmean2": 0.985009610653, "dvar": 0.461609780788, "dvar2": 1.06122863293, "max": 8.36024475098, "mean": 2.26206207275, "median": 2.13994550705, "min": -2.09332442284, "var": 1.31182563305}, "barkbands_spread": {"dmean": 4.00015640259, "dmean2": 6.67719554901, "dvar": 35.3603057861, "dvar2": 93.7410964966, "max": 114.233268738, "mean": 11.3855600357, "median": 9.03663539886, "min": 0.48602771759, "var": 104.38104248}, "dissonance": {"dmean": 0.0263708848506, "dmean2": 0.0425792746246, "dvar": 0.000605197972618, "dvar2": 0.00148302875459, "max": 0.500000119209, "mean": 0.424803107977, "median": 0.436641335487, "min": 0.192727223039, "var": 0.00256804050878}, "dynamic_complexity": 3.77774620056, "erbbands_crest": {"dmean": 2.09314227104, "dmean2": 3.20609951019, "dvar": 5.35009098053, "dvar2": 12.6835126877, "max": 29.9748916626, "mean": 10.2290277481, "median": 8.98239040375, "min": 2.33897995949, "var": 23.1570835114}, "erbbands_flatness_db": {"dmean": 0.0239954404533, "dmean2": 0.0316187627614, "dvar": 0.000559194013476, "dvar2": 0.00102098705247, "max": 0.365791171789, "mean": 0.158170774579, "median": 0.149136051536, "min": 0.0513993389904, "var": 0.00281991716474}, "erbbands_kurtosis": {"dmean": 1.64825892448, "dmean2": 2.39601492882, "dvar": 5.87889432907, "dvar2": 11.6881189346, "max": 60.0122680664, "mean": 3.17972302437, "median": 1.93829393387, "min": -1.75004565716, "var": 25.293258667}, "erbbands_skewness": {"dmean": 0.384875506163, "dmean2": 0.580861151218, "dvar": 0.191682547331, "dvar2": 0.460861295462, "max": 6.5383234024, "mean": 1.32293593884, "median": 1.24208784103, "min": -1.30382812023, "var": 0.737405002117}, "erbbands_spread": {"dmean": 10.6513233185, "dmean2": 16.1710681915, "dvar": 191.777603149, "dvar2": 439.719085693, "max": 118.506652832, "mean": 32.2898025513, "median": 28.295173645, "min": 2.59068608284, "var": 354.944488525}, "hfc": {"dmean": 6.42388296127, "dmean2": 9.75759029388, "dvar": 115.868530273, "dvar2": 295.937652588, "max": 114.381530762, "mean": 13.0663604736, "median": 9.99634552002, "min": 1.08683611408e-16, "var": 157.718978882}, "melbands_crest": {"dmean": 3.26764440536, "dmean2": 5.42421531677, "dvar": 9.51046180725, "dvar2": 24.6977939606, "max": 34.8427009583, "mean": 14.3291349411, "median": 13.3783912659, "min": 1.9417194128, "var": 25.9727172852}, "melbands_flatness_db": {"dmean": 0.0317718051374, "dmean2": 0.0504593551159, "dvar": 0.00107975886203, "dvar2": 0.00256897159852, "max": 0.477635532618, "mean": 0.256169915199, "median": 0.25737914443, "min": 0.00428466917947, "var": 0.00316132139415}, "melbands_kurtosis": {"dmean": 10.3637275696, "dmean2": 16.8981285095, "dvar": 273.891571045, "dvar2": 684.499755859, "max": 240.717987061, "mean": 18.9446468353, "median": 13.2080507278, "min": -1.57591164112, "var": 388.191436768}, "melbands_skewness": {"dmean": 0.93369269371, "dmean2": 1.45627391338, "dvar": 1.21005237103, "dvar2": 2.88685870171, "max": 12.4109773636, "mean": 2.74592685699, "median": 2.49316906929, "min": -0.863855481148, "var": 2.47868561745}, "melbands_spread": {"dmean": 3.08240652084, "dmean2": 5.07557821274, "dvar": 23.4460525513, "dvar2": 60.2369804382, "max": 196.042938232, "mean": 10.614367485, "median": 8.36633968353, "min": 0.697011291981, "var": 128.427017212}, "pitch_salience": {"dmean": 0.0710362270474, "dmean2": 0.118049167097, "dvar": 0.00452726893127, "dvar2": 0.0118565149605, "max": 0.945123672485, "mean": 0.55173009634, "median": 0.566228985786, "min": 0.14103667438, "var": 0.0132365329191}, "silence_rate_20dB": {"dmean": 0, "dmean2": 0, "dvar": 0, "dvar2": 0, "max": 1, "mean": 1, "median": 1, "min": 1, "var": 0}, "silence_rate_30dB": {"dmean": 0.089318446815, "dmean2": 0.17866666615, "dvar": 0.0813364684582, "dvar2": 0.191417619586, "max": 1, "mean": 0.926024675369, "median": 1, "min": 0, "var": 0.0685014054179}, "silence_rate_60dB": {"dmean": 0.0326612219214, "dmean2": 0.0653333365917, "dvar": 0.031595710665, "dvar2": 0.0694013684988, "max": 1, "mean": 0.104631789029, "median": 0, "min": 0, "var": 0.0936867818236}, "spectral_centroid": {"dmean": 170.700149536, "dmean2": 284.260803223, "dvar": 94438.2734375, "dvar2": 232577.15625, "max": 11605.2744141, "mean": 706.297973633, "median": 573.715332031, "min": 235.157165527, "var": 394495.21875}, "spectral_complexity": {"dmean": 3.34110975266, "dmean2": 5.54466676712, "dvar": 27.1610946655, "dvar2": 70.4047317505, "max": 49, "mean": 12.5481510162, "median": 12, "min": 0, "var": 50.679725647}, "spectral_decrease": {"dmean": 5.44400879932e-09, "dmean2": 8.77582007064e-09, "dvar": 9.9147436555e-17, "dvar2": 2.53028778968e-16, "max": 1.31434186275e-28, "mean": -9.70638325271e-09, "median": -6.51339027158e-09, "min": -8.49831778282e-08, "var": 1.19411118249e-16}, "spectral_energy": {"dmean": 0.0210454184562, "dmean2": 0.0338399633765, "dvar": 0.00146834331099, "dvar2": 0.00374335120432, "max": 0.329360604286, "mean": 0.0378193408251, "median": 0.0255278460681, "min": 1.03062818837e-20, "var": 0.00178092415445}, "spectral_energyband_high": {"dmean": 0.000398878764827, "dmean2": 0.000646800035611, "dvar": 6.55988401377e-07, "dvar2": 1.74288402377e-06, "max": 0.00855667609721, "mean": 0.000428498256952, "median": 0.000169994542375, "min": 7.29390011911e-21, "var": 5.64374431633e-07}, "spectral_energyband_low": {"dmean": 0.0155284889042, "dmean2": 0.0259333495051, "dvar": 0.00110318383668, "dvar2": 0.0028928257525, "max": 0.264133989811, "mean": 0.0176910441369, "median": 0.00636603590101, "min": 1.52040522811e-23, "var": 0.00102681212593}, "spectral_energyband_middle_high": {"dmean": 0.000820656132419, "dmean2": 0.00120230717584, "dvar": 1.77649747002e-06, "dvar2": 4.11608243667e-06, "max": 0.0198420006782, "mean": 0.00191582401749, "median": 0.00139331771061, "min": 1.30445170909e-21, "var": 3.65789492207e-06}, "spectral_energyband_middle_low": {"dmean": 0.00766350096092, "dmean2": 0.0120293274522, "dvar": 0.000150707754074, "dvar2": 0.000375937233912, "max": 0.181388154626, "mean": 0.0192980598658, "median": 0.0151572683826, "min": 1.47075391252e-22, "var": 0.000323309184751}, "spectral_entropy": {"dmean": 0.299295812845, "dmean2": 0.442933350801, "dvar": 0.097925953567, "dvar2": 0.214842393994, "max": 9.81588554382, "mean": 7.11434316635, "median": 7.11525535583, "min": 4.7009806633, "var": 0.289814502001}, "spectral_flux": {"dmean": 0.0431328527629, "dmean2": 0.0667635351419, "dvar": 0.00393698690459, "dvar2": 0.00733986170962, "max": 0.483044147491, "mean": 0.0916591361165, "median": 0.067913658917, "min": 6.6849449587e-11, "var": 0.00683473609388}, "spectral_kurtosis": {"dmean": 2.61901712418, "dmean2": 4.02689599991, "dvar": 11.6080732346, "dvar2": 27.6096935272, "max": 61.0923538208, "mean": 6.21571922302, "median": 4.85360145569, "min": -1.25928604603, "var": 28.4732589722}, "spectral_rms": {"dmean": 0.00139278848656, "dmean2": 0.0021100465674, "dvar": 4.0638151404e-06, "dvar2": 9.63467209658e-06, "max": 0.0179256070405, "mean": 0.00528492731974, "median": 0.00499051250517, "min": 3.17094766243e-12, "var": 8.96657638805e-06}, "spectral_rolloff": {"dmean": 178.51272583, "dmean2": 318.560424805, "dvar": 238383.515625, "dvar2": 640668.6875, "max": 19379.8828125, "mean": 690.080505371, "median": 495.263671875, "min": 64.599609375, "var": 1601314.375}, "spectral_skewness": {"dmean": 0.372683763504, "dmean2": 0.566007852554, "dvar": 0.15650434792, "dvar2": 0.352528363466, "max": 6.06042528152, "mean": 2.04840922356, "median": 1.98455798626, "min": -0.0468829907477, "var": 0.408663898706}, "spectral_spread": {"dmean": 905307.125, "dmean2": 1251335.125, "dvar": 949637480448, "dvar2": 1742999519230.0, "max": 42079836, "mean": 5280479.5, "median": 5215306, "min": 1199936.375, "var": 5088380715010.0}, "spectral_strongpeak": {"dmean": 0.318290770054, "dmean2": 0.535804212093, "dvar": 0.156646624207, "dvar2": 0.394665002823, "max": 5.19301700592, "mean": 0.708907425404, "median": 0.549325942993, "min": 0, "var": 0.337114810944}, "zerocrossingrate": {"dmean": 0.00762250879779, "dmean2": 0.00990283209831, "dvar": 6.4748674049e-05, "dvar2": 0.000102860591142, "max": 0.5126953125, "mean": 0.038699503988, "median": 0.033203125, "min": 0.00537109375, "var": 0.00119552249089}, "barkbands": {"dmean": [0.000696100061759, 0.00948022026569, 0.00608043605462, 0.00249715312384, 0.00403656670824, 0.00202947342768, 0.000671861984301, 0.000369951187167, 0.000333607575158, 0.000184947595699, 0.000263080903096, 0.000118285766803, 0.000145393511048, 6.18921258138e-05, 5.63709072594e-05, 8.0816418631e-05, 7.72659841459e-05, 7.50743129174e-05, 7.81680137152e-05, 0.000121544748254, 7.53575222916e-05, 8.73233439052e-05, 6.50413494441e-05, 4.53985376225e-05, 5.38064705324e-05, 1.9855930077e-05, 3.09773099616e-06], "dmean2": [0.00126878987066, 0.0154741825536, 0.0112215513363, 0.00432096840814, 0.00667019980028, 0.00320133869536, 0.000919051119126, 0.000525356561411, 0.000448506500106, 0.000258468382526, 0.000350985967088, 0.000174757835339, 0.000219172303332, 0.000100901685073, 9.35330754146e-05, 0.000125673963339, 0.000127728024381, 0.00012843265722, 0.000135007387144, 0.000214065395994, 0.000125461068819, 0.000146964564919, 0.000113041249278, 7.4377450801e-05, 8.40373832034e-05, 2.86001777567e-05, 4.30062573287e-06], "dvar": [1.23890265513e-06, 0.000358729768777, 0.000266725837719, 2.20599740715e-05, 5.76025740884e-05, 1.35110230985e-05, 2.16256762542e-06, 4.6422962896e-07, 3.60012535339e-07, 1.09688365058e-07, 2.93649151217e-07, 5.044589102e-08, 9.3577121163e-08, 1.80366495073e-08, 1.48917624898e-08, 2.67279745003e-08, 2.14968007839e-08, 2.74090758978e-08, 3.51627988948e-08, 1.02578724182e-07, 3.31083072069e-08, 3.60829339741e-08, 2.45215332484e-08, 1.00249497592e-08, 1.26428716385e-08, 1.28847876812e-09, 3.34750040187e-11], "dvar2": [3.89707156501e-06, 0.000910542730708, 0.000754713953938, 6.14413293079e-05, 0.000144510253449, 3.42219354934e-05, 4.26985343438e-06, 8.84414419033e-07, 6.46664204851e-07, 2.30448648608e-07, 5.41385816177e-07, 1.12922897699e-07, 2.08394354217e-07, 4.78587161012e-08, 3.82747415983e-08, 6.04286540806e-08, 5.60024062679e-08, 7.33926484031e-08, 9.60399546557e-08, 2.82563604515e-07, 8.79334223214e-08, 9.62820507766e-08, 6.73494966463e-08, 2.67278998933e-08, 3.17842321351e-08, 2.67012278954e-09, 6.61214277775e-11], "max": [0.00952249951661, 0.20034468174, 0.12348601222, 0.0684957876801, 0.13159006834, 0.0624045543373, 0.0446844175458, 0.0145258670673, 0.0146477166563, 0.00557355768979, 0.0144677991048, 0.00629481347278, 0.00916390027851, 0.0031386280898, 0.00248085684143, 0.00276908138767, 0.00241888640448, 0.00176953652408, 0.00257497001439, 0.00484343292192, 0.00340137328021, 0.00186683738139, 0.00222150445916, 0.00219815783203, 0.0029375560116, 0.000604550761636, 8.80343432073e-05], "mean": [0.000631419999991, 0.0112457508221, 0.00447509391233, 0.00334154185839, 0.00697409454733, 0.00487065920606, 0.00159180408809, 0.00110008683987, 0.00107679667417, 0.000442350981757, 0.000558651809115, 0.000251616467722, 0.000271777797025, 8.29469208838e-05, 7.44795252103e-05, 0.000113802358101, 9.60965990089e-05, 7.98043911345e-05, 7.08050793037e-05, 0.000102887119283, 8.39601416374e-05, 8.63063469296e-05, 5.94671691942e-05, 5.15261162946e-05, 5.92850701651e-05, 2.2701889975e-05, 3.63041021956e-06], "median": [0.000142133430927, 0.00378672708757, 0.000849351286888, 0.00108798709698, 0.00389911141247, 0.00257172482088, 0.00074548041448, 0.000621717772447, 0.000496748194564, 0.000224356306717, 0.000279366329778, 0.00011928427557, 0.000124148238683, 3.7855192204e-05, 3.3949065255e-05, 4.84741140099e-05, 4.05505306844e-05, 2.71431999863e-05, 2.14304382098e-05, 2.58071413555e-05, 2.78748466371e-05, 2.70150849246e-05, 1.90048576769e-05, 2.24266659643e-05, 1.99262212845e-05, 4.62383013655e-06, 9.93518369796e-07], "min": [3.62735954148e-24, 4.67565628804e-24, 5.21231205098e-24, 1.25959087205e-24, 1.11121692345e-23, 2.84895411981e-23, 1.51433936106e-23, 1.96628061356e-23, 2.56967968888e-23, 2.6762336557e-23, 1.71369524032e-23, 3.46385825811e-23, 4.9024486707e-23, 5.94384288434e-23, 6.09047634941e-23, 7.84631096156e-23, 1.19035109495e-22, 1.02044711671e-22, 1.30787660236e-22, 2.0601060888e-22, 2.94669840359e-22, 3.52937429225e-22, 4.29047486667e-22, 7.51348789508e-22, 9.84303731466e-22, 1.50537097182e-21, 2.08586637321e-21], "var": [1.17792387755e-06, 0.000390037224861, 0.000164774319273, 3.09527240461e-05, 9.26550128497e-05, 4.21983859269e-05, 6.36058848613e-06, 2.00523618332e-06, 2.20254923988e-06, 3.67386121525e-07, 7.3938741707e-07, 1.4624234268e-07, 2.20066525003e-07, 1.89734628009e-08, 1.62762496814e-08, 3.73607633719e-08, 2.26275087556e-08, 2.41921984667e-08, 2.4804915455e-08, 6.94965223147e-08, 2.92751423103e-08, 2.89791888264e-08, 1.75328072061e-08, 8.37201330484e-09, 1.2068539057e-08, 1.76365022586e-09, 4.73339388518e-11]}, "erbbands": {"dmean": [0.268631666899, 2.35542702675, 6.98871326447, 7.13210630417, 14.5455513, 12.0842323303, 10.6062641144, 18.6831474304, 14.9581460953, 7.60958147049, 4.9648065567, 9.08171844482, 6.77602434158, 3.46339130402, 11.438706398, 5.11991691589, 7.10295009613, 3.1675260067, 2.51234698296, 4.18176364899, 3.5371773243, 3.78971600533, 4.34249353409, 4.65337467194, 3.68992137909, 5.93686771393, 3.27254366875, 3.2528989315, 3.03982996941, 2.98254370689, 1.68996477127, 1.06079399586, 0.733796298504, 0.687683165073, 0.327698647976, 0.118690237403, 0.0305190570652, 0.00542751187459, 0.000532357895281, 3.48139983544e-05], "dmean2": [0.435293614864, 4.08571815491, 12.8975896835, 12.5745363235, 23.9373016357, 20.5467777252, 17.791639328, 29.8909301758, 20.2222156525, 11.0143098831, 7.11343955994, 11.9505701065, 9.53582763672, 5.05374622345, 15.194357872, 7.25538873672, 10.6382293701, 5.09367752075, 4.07426023483, 6.82129859924, 5.56848192215, 6.30171537399, 7.31744384766, 8.13168334961, 6.3699669838, 10.4538707733, 5.54268884659, 5.39448451996, 5.13610649109, 5.11412668228, 2.9219353199, 1.78505957127, 1.18541669846, 1.11944127083, 0.496361166239, 0.17347830534, 0.0434623397887, 0.00761715322733, 0.000738632748835, 5.05859861732e-05], "dvar": [0.26577681303, 25.5013465881, 332.048950195, 210.206695557, 920.926269531, 545.615966797, 434.566833496, 1180.10083008, 904.700622559, 193.871643066, 89.3260192871, 265.488220215, 160.264358521, 39.0119972229, 671.565979004, 86.5196914673, 242.072235107, 42.9702568054, 32.4349784851, 64.940574646, 44.1076431274, 59.0224914551, 82.2074584961, 126.031044006, 76.1351013184, 258.0050354, 65.5655975342, 72.3322372437, 45.4656219482, 51.0559806824, 16.7355041504, 5.5383887291, 3.1522269249, 2.57651305199, 0.382112622261, 0.0460914745927, 0.0031890408136, 9.40739482758e-05, 9.45636770666e-07, 3.06466030331e-09], "dvar2": [0.626433491707, 69.1266403198, 942.151672363, 579.349060059, 2325.53881836, 1498.61779785, 1167.70397949, 3060.68310547, 1848.7376709, 392.080780029, 169.41293335, 457.132843018, 340.97479248, 86.1391983032, 1209.8092041, 177.992111206, 539.185913086, 112.474884033, 82.9881820679, 164.576705933, 106.985748291, 155.865982056, 218.155181885, 344.459106445, 207.821121216, 711.730102539, 180.055328369, 192.05368042, 122.097633362, 138.218307495, 45.9300994873, 14.9696264267, 8.38739871979, 6.73888731003, 0.868476569653, 0.0989454761147, 0.00644958997145, 0.000184505945072, 1.85207863979e-06, 6.4904197572e-09], "max": [5.23994493484, 52.929725647, 145.201126099, 155.282440186, 472.218078613, 343.900970459, 335.308990479, 498.282409668, 634.295593262, 284.515289307, 349.686401367, 413.790435791, 230.940795898, 140.389877319, 737.811462402, 310.991607666, 483.2734375, 147.445831299, 144.472793579, 125.623130798, 105.04309082, 138.591445923, 90.7585449219, 118.690078735, 104.826942444, 247.04637146, 154.705627441, 213.416000366, 77.5354156494, 97.1409454346, 59.4191131592, 38.7538490295, 51.7398452759, 45.3008995056, 16.1113052368, 3.68067169189, 0.889045119286, 0.120275832713, 0.0138642704114, 0.000739819719456], "mean": [0.320796340704, 2.48955821991, 5.49056243896, 8.22632217407, 20.0248947144, 21.3754615784, 23.8373413086, 43.0712585449, 35.6846199036, 22.7840232849, 16.0068378448, 30.4440631866, 16.9984855652, 8.23284626007, 24.7520427704, 12.6172628403, 13.8039140701, 4.75723934174, 3.52542185783, 5.75966405869, 5.20561313629, 4.48266887665, 5.07142782211, 4.11900377274, 3.39370894432, 5.03117465973, 3.3209168911, 3.72251915932, 3.03850746155, 2.69326448441, 1.59752142429, 1.11239254475, 0.853811502457, 0.719684660435, 0.376130998135, 0.134787589312, 0.034835472703, 0.00630746642128, 0.000640068901703, 6.20201899437e-05], "median": [0.0949787348509, 0.742896974087, 1.3638446331, 2.82686281204, 7.42106056213, 12.6420288086, 15.0147724152, 22.3779296875, 18.4726905823, 13.2873325348, 10.8580932617, 14.673412323, 9.23763561249, 5.01495742798, 13.0189180374, 7.09454345703, 6.53910827637, 2.60828828812, 1.65107488632, 2.79003238678, 2.67139625549, 1.87913417816, 1.95488286018, 1.15762162209, 1.07081842422, 1.26496171951, 1.15897130966, 1.23635458946, 0.975081622601, 0.714453458786, 0.551567554474, 0.46689504385, 0.362500220537, 0.255027115345, 0.116769462824, 0.0287220329046, 0.00710748042911, 0.0015488875797, 0.000191637314856, 3.79893826903e-05], "min": [2.24259776273e-22, 7.48188095228e-22, 6.08408950433e-21, 6.83886677168e-21, 1.67407235749e-20, 5.41924373322e-20, 1.00377966668e-19, 3.10683454606e-19, 2.34737081586e-19, 2.872580357e-19, 5.09513582228e-19, 5.4593899749e-19, 9.41542674937e-19, 9.98160396131e-19, 1.22001385533e-18, 1.53122670553e-18, 2.41845670145e-18, 3.2074004766e-18, 3.55803882274e-18, 3.50976952527e-18, 4.32519011106e-18, 7.16148820675e-18, 5.83502509877e-18, 6.97022006089e-18, 9.6910760031e-18, 1.04650184443e-17, 8.72917910163e-18, 1.38696359429e-17, 1.18252491328e-17, 1.07310008518e-17, 1.32335522498e-17, 1.2859277838e-17, 1.30779471689e-17, 9.04500079541e-18, 6.75362612621e-18, 4.03075475843e-18, 2.64376436349e-18, 1.07867453804e-18, 2.75530320674e-19, 2.93011832955e-20], "var": [0.32006508112, 22.9874134064, 210.009887695, 196.041000366, 1343.78015137, 753.631347656, 894.9296875, 3251.52416992, 2457.79467773, 808.268493652, 330.316192627, 1700.62695312, 521.769226074, 112.516784668, 1545.98632812, 296.572967529, 558.68182373, 47.674911499, 37.2445602417, 74.1697998047, 56.2458152771, 53.8567619324, 81.0119247437, 88.0915908813, 54.3035240173, 173.497131348, 48.1191368103, 63.9441490173, 36.1495666504, 37.9566116333, 12.1171684265, 4.3797492981, 2.60422849655, 2.11074352264, 0.465818226337, 0.0611061528325, 0.00441071623936, 0.000136561779073, 1.35880350172e-06, 5.02850916462e-09]}, "gfcc": {"mean": [-42.3443527222, 106.584281921, -83.537902832, 20.3548851013, -66.0379257202, 11.4867143631, -35.7988891602, 7.05805444717, -21.3435268402, 4.74453115463, -10.4005088806, 4.79458332062, -6.74419355392], "cov": [[26815.8242188, 1510.71923828, 709.8359375, 2131.7199707, -118.344047546, 436.503509521, -713.300170898, -227.804367065, -914.315368652, -90.3603668213, -323.10345459, 381.938079834, 146.76385498], [1510.71923828, 1134.26806641, -176.022781372, -11.4102153778, -25.5327167511, -44.9526634216, 30.8187828064, -105.547599792, 25.6298122406, -92.5217437744, 52.9128799438, -57.6838722229, 65.6667938232], [709.8359375, -176.022781372, 570.858886719, 192.250396729, 112.900054932, 98.7504501343, 1.21026456356, 12.7634210587, -76.1281738281, 57.0015411377, -31.434595108, 58.3203735352, 16.61211586], [2131.7199707, -11.4102153778, 192.250396729, 563.733764648, 125.618774414, 96.1107406616, -12.5949087143, -25.847574234, -65.0785675049, -9.05621147156, -28.6272182465, 9.369181633, 11.9230699539], [-118.344047546, -25.5327167511, 112.900054932, 125.618774414, 200.807388306, 41.1872749329, 45.5460853577, 15.5170698166, 11.9271202087, 18.6187973022, -4.47545146942, -6.37913322449, -13.9809083939], [436.503509521, -44.9526634216, 98.7504501343, 96.1107406616, 41.1872749329, 116.632530212, 35.5333709717, 8.12773704529, -28.4676933289, 1.37674283981, -18.097820282, 6.96779108047, 1.80774450302], [-713.300170898, 30.8187828064, 1.21026456356, -12.5949087143, 45.5460853577, 35.5333709717, 140.642684937, 45.3497657776, 37.2592430115, 0.475592523813, 3.98665881157, -23.9921207428, -15.6998529434], [-227.804367065, -105.547599792, 12.7634210587, -25.847574234, 15.5170698166, 8.12773704529, 45.3497657776, 106.283752441, 49.4899864197, 36.3308067322, 11.3718795776, 6.73418283463, -25.3693943024], [-914.315368652, 25.6298122406, -76.1281738281, -65.0785675049, 11.9271202087, -28.4676933289, 37.2592430115, 49.4899864197, 128.001815796, 42.1382064819, 44.118221283, -19.5965900421, -12.5009069443], [-90.3603668213, -92.5217437744, 57.0015411377, -9.05621147156, 18.6187973022, 1.37674283981, 0.475592523813, 36.3308067322, 42.1382064819, 89.4658889771, 34.4366340637, 16.7436141968, -16.288061142], [-323.10345459, 52.9128799438, -31.434595108, -28.6272182465, -4.47545146942, -18.097820282, 3.98665881157, 11.3718795776, 44.118221283, 34.4366340637, 86.6638717651, 19.2145881653, 0.607302725315], [381.938079834, -57.6838722229, 58.3203735352, 9.369181633, -6.37913322449, 6.96779108047, -23.9921207428, 6.73418283463, -19.5965900421, 16.7436141968, 19.2145881653, 72.4542694092, 24.3323879242], [146.76385498, 65.6667938232, 16.61211586, 11.9230699539, -13.9809083939, 1.80774450302, -15.6998529434, -25.3693943024, -12.5009069443, -16.288061142, 0.607302725315, 24.3323879242, 71.2154464722]], "icov": [[0.000228293836699, -0.000669505039696, 0.000254780316027, -0.000793621409684, 0.000396946154069, -0.000493074709084, 0.00103559298441, -0.000998295843601, 0.00129062030464, -0.00109507224988, 0.00113308662549, -0.00120814738329, 0.000562641303986], [-0.000669505039696, 0.00325621920638, -0.00070347439032, 0.002245338168, -0.00115101353731, 0.00169911584817, -0.00354044954292, 0.00394043046981, -0.00408367533237, 0.00436984654516, -0.00472711585462, 0.00465654348955, -0.00274857203476], [0.000254780316027, -0.00070347439032, 0.00334044150077, -0.00123857252765, -0.000698984309565, -0.00156873546075, 0.000949527777266, -0.00137869408354, 0.00337306363508, -0.00410190038383, 0.00244305841625, -0.00258281338029, -0.000311883195536], [-0.000793621409684, 0.002245338168, -0.00123857252765, 0.00531189935282, -0.00277167814784, 0.000145988131408, -0.00260798842646, 0.00348237878643, -0.00389215908945, 0.00418908894062, -0.00417511025444, 0.00466100638732, -0.00219956459478], [0.000396946154069, -0.00115101353731, -0.000698984309565, -0.00277167814784, 0.00787010416389, -0.00108788663056, -0.000250730518019, -0.000880228588358, 0.000503541494254, -0.00223469384946, 0.00239115068689, -0.00205677142367, 0.00233383313753], [-0.000493074709084, 0.00169911584817, -0.00156873546075, 0.000145988131408, -0.00108788663056, 0.0141295306385, -0.00643004244193, 0.00181581336074, -0.000183920768904, 0.00145084247924, -0.0013743811287, 0.00207776925527, -0.00195066665765], [0.00103559298441, -0.00354044954292, 0.000949527777266, -0.00260798842646, -0.000250730518019, -0.00643004244193, 0.0163455270231, -0.00929278600961, 0.00409229099751, -0.00216851895675, 0.00385229452513, -0.00214415648952, 0.00267472420819], [-0.000998295843601, 0.00394043046981, -0.00137869408354, 0.00348237878643, -0.000880228588358, 0.00181581336074, -0.00929278600961, 0.0216002985835, -0.0120112616569, 0.00280984048732, -0.00251043587923, -0.000260478875134, 0.00223435671069], [0.00129062030464, -0.00408367533237, 0.00337306363508, -0.00389215908945, 0.000503541494254, -0.000183920768904, 0.00409229099751, -0.0120112616569, 0.0251537989825, -0.0131498044357, 0.00100873038173, 0.000163907650858, -0.000959339260589], [-0.00109507224988, 0.00436984654516, -0.00410190038383, 0.00418908894062, -0.00223469384946, 0.00145084247924, -0.00216851895675, 0.00280984048732, -0.0131498044357, 0.027295479551, -0.0118790641427, 0.00352469179779, 0.00136187241878], [0.00113308662549, -0.00472711585462, 0.00244305841625, -0.00417511025444, 0.00239115068689, -0.0013743811287, 0.00385229452513, -0.00251043587923, 0.00100873038173, -0.0118790641427, 0.0255805514753, -0.0147169465199, 0.00488247768953], [-0.00120814738329, 0.00465654348955, -0.00258281338029, 0.00466100638732, -0.00205677142367, 0.00207776925527, -0.00214415648952, -0.000260478875134, 0.000163907650858, 0.00352469179779, -0.0147169465199, 0.0317492708564, -0.0128912581131], [0.000562641303986, -0.00274857203476, -0.000311883195536, -0.00219956459478, 0.00233383313753, -0.00195066665765, 0.00267472420819, 0.00223435671069, -0.000959339260589, 0.00136187241878, 0.00488247768953, -0.0128912581131, 0.0222571548074]]}, "melbands": {"dmean": [0.00243763835169, 0.00350903207436, 0.00144583557267, 0.00095809774939, 0.000411514949519, 0.000417946372181, 0.000205483360332, 8.66588161443e-05, 4.4079075451e-05, 5.10059217049e-05, 3.32135350618e-05, 1.26397308122e-05, 3.71506466763e-05, 1.95621141756e-05, 1.4660301531e-05, 1.08612439362e-05, 6.22398920314e-06, 4.1002931539e-06, 4.17051387558e-06, 7.20669549992e-06, 3.63853314411e-06, 3.59921978088e-06, 4.86017688672e-06, 3.77213109459e-06, 3.95259212382e-06, 2.34157437262e-06, 3.31859405378e-06, 4.20960486736e-06, 2.20745209845e-06, 1.84752377663e-06, 1.83774034213e-06, 1.77445690497e-06, 1.64242874234e-06, 1.62720641583e-06, 1.03676643448e-06, 7.3143149848e-07, 6.22569075404e-07, 5.20393371062e-07, 5.37408141099e-07, 6.10166637216e-07], "dmean2": [0.00390236545354, 0.00637065107003, 0.00249213539064, 0.00159066868946, 0.000693391484674, 0.00065526983235, 0.000276913458947, 0.000125419333926, 6.1615028244e-05, 6.78110736771e-05, 4.70555823995e-05, 1.89561997104e-05, 4.99923626194e-05, 2.6943098419e-05, 2.16456028284e-05, 1.66248810274e-05, 1.00910165202e-05, 6.68727170705e-06, 6.93762240189e-06, 1.11490453492e-05, 5.89322553424e-06, 6.03622129347e-06, 8.09819721326e-06, 6.45875752525e-06, 6.9500574682e-06, 4.07368270317e-06, 5.82593929721e-06, 7.42643396734e-06, 3.76876823793e-06, 3.07834716295e-06, 3.0645460356e-06, 2.9972163702e-06, 2.80676886177e-06, 2.81672237179e-06, 1.80962638296e-06, 1.25612552893e-06, 1.04886294139e-06, 8.46099567298e-07, 8.81012908849e-07, 9.97385200208e-07], "dvar": [2.2017140509e-05, 7.3710027209e-05, 7.39218512535e-06, 3.42763451044e-06, 6.13446843545e-07, 5.67047493405e-07, 1.78367756121e-07, 2.57819081639e-08, 6.52324194661e-09, 8.16538214821e-09, 3.93303389856e-09, 6.13047834719e-10, 5.61398927346e-09, 1.51209411658e-09, 7.80532638522e-10, 5.28287469326e-10, 1.7981158229e-10, 8.29836060978e-11, 9.01182045654e-11, 2.11626730029e-10, 4.52902194914e-11, 5.39266097055e-11, 9.09398528703e-11, 7.17429171626e-11, 9.49593043087e-11, 3.63930725833e-11, 7.18550219325e-11, 1.35757793895e-10, 3.50912736369e-11, 1.71591785919e-11, 2.83082932095e-11, 1.57134773943e-11, 1.44190137261e-11, 1.67600638229e-11, 6.58984629018e-12, 2.96988757371e-12, 2.18315274712e-12, 1.59344531927e-12, 2.44127699826e-12, 1.84958407097e-12], "dvar2": [5.31158693775e-05, 0.000207183693419, 1.99252353923e-05, 8.67985454533e-06, 1.68519068211e-06, 1.43576426126e-06, 3.60683969802e-07, 5.10244682062e-08, 1.21217986759e-08, 1.44550451608e-08, 8.39112690443e-09, 1.35519651057e-09, 1.03430934928e-08, 3.01389269097e-09, 1.70429148572e-09, 1.21908172446e-09, 4.73114214472e-10, 2.13771986224e-10, 2.36451275226e-10, 4.65694260932e-10, 1.16172307885e-10, 1.44101633404e-10, 2.35845704077e-10, 1.93234636625e-10, 2.59970711625e-10, 1.00630670463e-10, 1.97646524147e-10, 3.7473929515e-10, 9.77072242558e-11, 4.43858838572e-11, 7.65121438429e-11, 4.19522090678e-11, 3.89774913734e-11, 4.59037217959e-11, 1.8096989185e-11, 8.09607329094e-12, 5.89695393211e-12, 4.25654346839e-12, 6.6080647898e-12, 4.7814009696e-12], "max": [0.0485330857337, 0.066723421216, 0.0331870391965, 0.033275693655, 0.0129344109446, 0.0113269640133, 0.00987233500928, 0.00345550454222, 0.00266836909577, 0.00222904747352, 0.00112965540029, 0.000586758076679, 0.00197019497864, 0.000906321802177, 0.000751268293243, 0.000669070286676, 0.000314612640068, 0.000203248186153, 0.000178946444066, 0.000256003113464, 0.000113127243822, 0.000136173446663, 0.000109970002086, 0.000104033410025, 0.000112674133561, 9.66261650319e-05, 0.000115110175102, 0.000202942217584, 0.000143172495882, 8.28119591461e-05, 0.000143430079333, 5.03823503095e-05, 5.07048280269e-05, 7.16498107067e-05, 3.70102097804e-05, 2.80888907582e-05, 3.2502306567e-05, 3.51670641976e-05, 5.52193305339e-05, 3.22082814819e-05], "mean": [0.00301288533956, 0.00311016617343, 0.00182388629764, 0.00154317147098, 0.000921655271668, 0.00099428743124, 0.000485136319185, 0.000256060244283, 0.000149025625433, 0.000167808073456, 7.74805230321e-05, 2.71489880106e-05, 8.03980728961e-05, 4.31484804722e-05, 3.10506075039e-05, 2.04197403946e-05, 8.30360113468e-06, 5.58255123906e-06, 5.28077271156e-06, 1.03859447336e-05, 5.18349770573e-06, 4.17261389885e-06, 5.78183926336e-06, 4.01993975174e-06, 3.33127013619e-06, 2.11960286833e-06, 2.8660690532e-06, 3.52471374754e-06, 2.1142705009e-06, 2.1577852749e-06, 2.01219836526e-06, 1.78889729341e-06, 1.51134122461e-06, 1.42724093166e-06, 9.7476731753e-07, 6.94785626365e-07, 6.69751443638e-07, 6.11876544099e-07, 5.57583916816e-07, 6.33943841422e-07], "median": [0.000991660170257, 0.000860645784996, 0.000673177768476, 0.00081292015966, 0.00060517527163, 0.000532362435479, 0.000237329222728, 0.000141656928463, 9.47175867623e-05, 8.09411722003e-05, 3.67127177014e-05, 1.41098007589e-05, 4.13087072957e-05, 2.2478037863e-05, 1.67261750903e-05, 9.67498453974e-06, 3.86261717722e-06, 2.406247404e-06, 2.34757203543e-06, 4.56169982499e-06, 2.70002828984e-06, 1.81125187737e-06, 2.02254659598e-06, 1.37498386721e-06, 8.04329602033e-07, 6.56523184261e-07, 7.98330802354e-07, 8.31952092994e-07, 6.61301953642e-07, 7.03883927144e-07, 6.50314404993e-07, 5.31473006049e-07, 4.40911264832e-07, 3.5065869497e-07, 3.25112438304e-07, 2.50732369977e-07, 2.75729746591e-07, 2.63711058324e-07, 1.93763014522e-07, 2.19939892077e-07], "min": [2.06430166919e-24, 2.52170235191e-24, 1.66452412015e-24, 2.44980478015e-24, 3.31133555196e-24, 6.68477023438e-24, 3.73185245142e-24, 2.736050651e-24, 4.06648369754e-24, 3.64248594934e-24, 4.47158270503e-24, 3.95555289375e-24, 3.75476452198e-24, 3.29550350802e-24, 4.56247565296e-24, 4.9729491698e-24, 5.64797152994e-24, 4.99482309941e-24, 4.80422168293e-24, 5.82346349907e-24, 4.27367406999e-24, 6.36906888897e-24, 6.90434808963e-24, 4.63447183233e-24, 4.47720609999e-24, 6.12064870131e-24, 6.76801635913e-24, 5.69135256884e-24, 5.27622280051e-24, 5.99452759193e-24, 6.63292314025e-24, 5.95945680824e-24, 7.35930468405e-24, 5.20980623431e-24, 6.69872202835e-24, 6.88574517176e-24, 8.54789008742e-24, 9.47677064787e-24, 7.74999435825e-24, 6.88120369953e-24], "var": [2.62041903625e-05, 5.1383038226e-05, 8.62494107423e-06, 5.1116207942e-06, 1.17815909562e-06, 1.67892414993e-06, 4.93778657074e-07, 1.12455772694e-07, 2.98502840224e-08, 5.04607164942e-08, 1.25257901828e-08, 1.65901536953e-09, 1.452275189e-08, 3.8802570046e-09, 2.07399941665e-09, 1.15805454115e-09, 1.91314200593e-10, 9.61937751676e-11, 8.73371860943e-11, 3.14741621654e-10, 5.26586101113e-11, 4.67671595894e-11, 1.00878506937e-10, 6.10654096733e-11, 6.53212831048e-11, 2.47710098961e-11, 4.92811277897e-11, 9.08354988449e-11, 2.40485964476e-11, 1.77741883711e-11, 2.24058861742e-11, 1.29958387801e-11, 1.08410684943e-11, 1.19682293589e-11, 4.72884708821e-12, 2.23569730437e-12, 1.69554149367e-12, 1.30170266927e-12, 1.80936092931e-12, 1.56554706265e-12]}, "mfcc": {"mean": [-686.248657227, 138.77230835, 31.3502445221, 17.171125412, -0.614080131054, 2.12827634811, -2.0460319519, -0.0383414067328, -1.02166354656, -5.95855045319, -0.43915745616, 5.9015378952, 4.25562524796], "cov": [[12646.3017578, 1086.53344727, 814.069396973, 869.708190918, 309.947998047, 527.401184082, 306.231933594, 120.517456055, 36.1498413086, -285.732940674, -272.778381348, -121.176971436, -37.6293411255], [1086.53344727, 1252.36340332, 39.8839263916, -27.3720264435, -42.6931381226, 16.8308696747, -7.66106510162, -10.8561611176, -2.16122770309, -51.0577926636, -0.218481943011, 51.0266609192, -30.9621582031], [814.069396973, 39.8839263916, 330.800750732, 91.9317398071, 61.5220489502, 78.4405136108, 47.382019043, 3.19925332069, 1.35342884064, -3.10756015778, -23.7905006409, -40.3677177429, -14.4513788223], [869.708190918, -27.3720264435, 91.9317398071, 292.632507324, 110.380477905, 108.668891907, 61.5569381714, 37.3858146667, 16.3478164673, 31.6537837982, 2.01744818687, -28.1761245728, 12.8234119415], [309.947998047, -42.6931381226, 61.5220489502, 110.380477905, 139.41947937, 68.1376571655, 32.6715812683, 9.84751796722, 1.40695548058, 17.1286849976, 1.56089818478, -19.1346549988, 10.5733718872], [527.401184082, 16.8308696747, 78.4405136108, 108.668891907, 68.1376571655, 151.35333252, 68.7019424438, 22.926782608, 12.3210411072, 7.09383869171, -12.9214925766, -34.6051750183, -23.6883125305], [306.231933594, -7.66106510162, 47.382019043, 61.5569381714, 32.6715812683, 68.7019424438, 105.234146118, 40.2376708984, 15.4453811646, 6.49398756027, 0.376145601273, -14.456372261, -13.1882133484], [120.517456055, -10.8561611176, 3.19925332069, 37.3858146667, 9.84751796722, 22.926782608, 40.2376708984, 76.7559432983, 28.3602085114, 11.5787525177, 3.37379360199, -0.530403673649, 9.82716560364], [36.1498413086, -2.16122770309, 1.35342884064, 16.3478164673, 1.40695548058, 12.3210411072, 15.4453811646, 28.3602085114, 70.4811096191, 24.1461257935, -3.28948044777, -2.23528528214, -2.77469372749], [-285.732940674, -51.0577926636, -3.10756015778, 31.6537837982, 17.1286849976, 7.09383869171, 6.49398756027, 11.5787525177, 24.1461257935, 102.181137085, 54.8848953247, -1.95747458935, 14.5691003799], [-272.778381348, -0.218481943011, -23.7905006409, 2.01744818687, 1.56089818478, -12.9214925766, 0.376145601273, 3.37379360199, -3.28948044777, 54.8848953247, 101.741210938, 35.5731163025, 8.4914522171], [-121.176971436, 51.0266609192, -40.3677177429, -28.1761245728, -19.1346549988, -34.6051750183, -14.456372261, -0.530403673649, -2.23528528214, -1.95747458935, 35.5731163025, 91.5080718994, 45.0643386841], [-37.6293411255, -30.9621582031, -14.4513788223, 12.8234119415, 10.5733718872, -23.6883125305, -13.1882133484, 9.82716560364, -2.77469372749, 14.5691003799, 8.4914522171, 45.0643386841, 105.620941162]], "icov": [[0.000145425015944, -0.000108950247522, -0.000201203394681, -0.000378570985049, 6.54956311337e-05, -0.000128290746943, -7.54894863348e-05, -5.15857709615e-06, -0.000102815021819, 0.000459282047814, 8.27441326692e-05, 1.9142340534e-05, -8.68428323884e-05], [-0.000108950247522, 0.000960950914305, -3.23057392961e-05, 0.00026153807994, 0.000247915275395, -0.000260214670561, 0.000290052092168, 1.23228819575e-05, -2.2203556e-05, 2.48888591159e-05, -0.000109519554826, -0.00082595431013, 0.000515791529324], [-0.000201203394681, -3.23057392961e-05, 0.00403041485697, 4.04340025852e-05, -0.000741298310459, -0.000590449839365, -0.00084764364874, 0.000866520218551, 0.000166265308508, -0.000464947574073, 0.000225310097449, 0.00102272303775, -0.000165253964951], [-0.000378570985049, 0.00026153807994, 4.04340025852e-05, 0.00698533561081, -0.00310679362155, -0.00205440050922, -9.33442424866e-05, -0.00135604420211, 0.000210120881093, -0.00197043921798, -0.000385862105759, 0.000625988352112, -0.000894734985195], [6.54956311337e-05, 0.000247915275395, -0.000741298310459, -0.00310679362155, 0.0117349028587, -0.00315698795021, -0.000204238589504, 0.00113782775588, 0.000525309296791, 2.12900922634e-05, -0.00081512669567, 0.0012666239636, -0.00210639555007], [-0.000128290746943, -0.000260214670561, -0.000590449839365, -0.00205440050922, -0.00315698795021, 0.0135679356754, -0.00571081461385, 0.000406989332987, -0.000186768753338, -0.000901347550098, 0.00126845086925, 0.00103843619581, 0.00222910312004], [-7.54894863348e-05, 0.000290052092168, -0.00084764364874, -9.33442424866e-05, -0.000204238589504, -0.00571081461385, 0.0167800132185, -0.00712665449828, 0.000158784270752, 0.000348898989614, -0.001021994045, -0.00073691632133, 0.00180404412095], [-5.15857709615e-06, 1.23228819575e-05, 0.000866520218551, -0.00135604420211, 0.00113782775588, 0.000406989332987, -0.00712665449828, 0.0199854057282, -0.00691803265363, 0.00141397630796, -0.00160818651784, 0.00147601927165, -0.00336424144916], [-0.000102815021819, -2.2203556e-05, 0.000166265308508, 0.000210120881093, 0.000525309296791, -0.000186768753338, 0.000158784270752, -0.00691803265363, 0.0200295429677, -0.00811104197055, 0.00594735937193, -0.00353217008524, 0.0031970157288], [0.000459282047814, 2.48888591159e-05, -0.000464947574073, -0.00197043921798, 2.12900922634e-05, -0.000901347550098, 0.000348898989614, 0.00141397630796, -0.00811104197055, 0.021255934611, -0.0128548676148, 0.00731291342527, -0.00517747178674], [8.27441326692e-05, -0.000109519554826, 0.000225310097449, -0.000385862105759, -0.00081512669567, 0.00126845086925, -0.001021994045, -0.00160818651784, 0.00594735937193, -0.0128548676148, 0.0206834692508, -0.010431795381, 0.0051805418916], [1.9142340534e-05, -0.00082595431013, 0.00102272303775, 0.000625988352112, 0.0012666239636, 0.00103843619581, -0.00073691632133, 0.00147601927165, -0.00353217008524, 0.00731291342527, -0.010431795381, 0.0215315930545, -0.00974415801466], [-8.68428323884e-05, 0.000515791529324, -0.000165253964951, -0.000894734985195, -0.00210639555007, 0.00222910312004, 0.00180404412095, -0.00336424144916, 0.0031970157288, -0.00517747178674, 0.0051805418916, -0.00974415801466, 0.0154622895643]]}, "spectral_contrast_coeffs": {"dmean": [0.0567819960415, 0.041470117867, 0.0361701138318, 0.0310334675014, 0.0233923774213, 0.0219658855349], "dmean2": [0.0946938768029, 0.0677851438522, 0.0549102947116, 0.0481656938791, 0.0362401343882, 0.0352764390409], "dvar": [0.00267058378085, 0.00138122646604, 0.00107106927317, 0.000808231765404, 0.000478805479361, 0.000454835826531], "dvar2": [0.00698660872877, 0.00337437633425, 0.00229442655109, 0.00166099879425, 0.000979702803306, 0.00115959229879], "max": [-0.250588834286, -0.398208320141, -0.495600134134, -0.559063673019, -0.614692926407, -0.657902598381], "mean": [-0.654293179512, -0.661053717136, -0.729877889156, -0.772877812386, -0.807461500168, -0.796158850193], "median": [-0.650473952293, -0.666231095791, -0.729871869087, -0.776295661926, -0.811443507671, -0.795598506927], "min": [-0.977048277855, -0.972400069237, -0.973946750164, -0.969076693058, -0.964770197868, -0.963001966476], "var": [0.00898737926036, 0.00670854281634, 0.00464632827789, 0.00333694228902, 0.00219407817349, 0.00172069238033]}, "spectral_contrast_valleys": {"dmean": [0.468961298466, 0.357552826405, 0.374452531338, 0.434053599834, 0.522212386131, 0.540109038353], "dmean2": [0.745710194111, 0.577910602093, 0.57826513052, 0.640006542206, 0.752660393715, 0.694843113422], "dvar": [0.229955881834, 0.150230899453, 0.152961924672, 0.243960738182, 0.378221720457, 0.30327886343], "dvar2": [0.451060861349, 0.322342962027, 0.304525226355, 0.484353393316, 0.763993740082, 0.574250757694], "max": [-4.67631816864, -4.67600059509, -5.40539312363, -5.89429664612, -5.83918