{"lowlevel": {"average_loudness": 0.847169458866, "barkbands_crest": {"dmean": 3.08165860176, "dmean2": 4.85590839386, "dvar": 7.78298997879, "dvar2": 19.1376266479, "max": 25.3164901733, "mean": 10.8054437637, "median": 9.90449714661, "min": 2.33895754814, "var": 25.8548259735}, "barkbands_flatness_db": {"dmean": 0.0262657813728, "dmean2": 0.0380000248551, "dvar": 0.000646069354843, "dvar2": 0.00135170586873, "max": 0.354580014944, "mean": 0.107299588621, "median": 0.098837852478, "min": 0.0170194562525, "var": 0.00263040559366}, "barkbands_kurtosis": {"dmean": 4.12332391739, "dmean2": 6.35476303101, "dvar": 47.2314987183, "dvar2": 101.698867798, "max": 205.254104614, "mean": 4.93665742874, "median": 1.66228246689, "min": -1.91266620159, "var": 88.8177566528}, "barkbands_skewness": {"dmean": 0.764174580574, "dmean2": 1.13144087791, "dvar": 0.67947101593, "dvar2": 1.40787816048, "max": 12.8616218567, "mean": 1.57857143879, "median": 1.46304750443, "min": -5.80341672897, "var": 2.50318312645}, "barkbands_spread": {"dmean": 10.8338060379, "dmean2": 16.5872840881, "dvar": 148.527679443, "dvar2": 345.643554688, "max": 115.480361938, "mean": 33.158405304, "median": 30.1284923553, "min": 1.03255903721, "var": 389.458709717}, "dissonance": {"dmean": 0.0188694521785, "dmean2": 0.0311279762536, "dvar": 0.000388670072425, "dvar2": 0.000967267609667, "max": 0.5, "mean": 0.465986311436, "median": 0.472875654697, "min": 0.213695064187, "var": 0.000793031184003}, "dynamic_complexity": 3.61435484886, "erbbands_crest": {"dmean": 2.9186899662, "dmean2": 4.50935602188, "dvar": 7.9061050415, "dvar2": 17.8194026947, "max": 29.2118625641, "mean": 8.43890857697, "median": 7.11056613922, "min": 2.30932879448, "var": 22.321516037}, "erbbands_flatness_db": {"dmean": 0.0202432218939, "dmean2": 0.0280176680535, "dvar": 0.000493668427225, "dvar2": 0.000904494256247, "max": 0.321585059166, "mean": 0.116551920772, "median": 0.107920527458, "min": 0.0402657724917, "var": 0.00185210257769}, "erbbands_kurtosis": {"dmean": 1.13626909256, "dmean2": 1.75051963329, "dvar": 3.91287255287, "dvar2": 9.15798664093, "max": 35.2494125366, "mean": 0.421295583248, "median": -0.360216379166, "min": -1.78913068771, "var": 6.97688674927}, "erbbands_skewness": {"dmean": 0.44848638773, "dmean2": 0.661440968513, "dvar": 0.217715516686, "dvar2": 0.461199194193, "max": 5.34417009354, "mean": 0.318730562925, "median": 0.277191311121, "min": -3.07383775711, "var": 0.819884836674}, "erbbands_spread": {"dmean": 13.5641136169, "dmean2": 19.7075519562, "dvar": 199.741775513, "dvar2": 411.343597412, "max": 184.366241455, "mean": 53.9731063843, "median": 51.0922584534, "min": 3.42158436775, "var": 630.825561523}, "hfc": {"dmean": 14.5985651016, "dmean2": 18.6395702362, "dvar": 381.980377197, "dvar2": 767.339782715, "max": 164.359268188, "mean": 29.3929023743, "median": 19.5921974182, "min": 1.08219940279e-16, "var": 840.949584961}, "melbands_crest": {"dmean": 3.89727568626, "dmean2": 6.11849880219, "dvar": 11.9057579041, "dvar2": 27.7018718719, "max": 34.1006813049, "mean": 15.3155441284, "median": 14.7238683701, "min": 1.62603282928, "var": 41.5275382996}, "melbands_flatness_db": {"dmean": 0.0350686237216, "dmean2": 0.049400664866, "dvar": 0.00119205925148, "dvar2": 0.00229918747209, "max": 0.482956051826, "mean": 0.166595190763, "median": 0.160746902227, "min": 0.00434982590377, "var": 0.006251079496}, "melbands_kurtosis": {"dmean": 13.0106420517, "dmean2": 20.1067295074, "dvar": 425.337310791, "dvar2": 956.192504883, "max": 552.67767334, "mean": 21.3695373535, "median": 10.7616891861, "min": -1.90908682346, "var": 962.532592773}, "melbands_skewness": {"dmean": 1.11006069183, "dmean2": 1.66681337357, "dvar": 1.48811590672, "dvar2": 3.19068789482, "max": 18.4782352448, "mean": 3.30642652512, "median": 2.82108259201, "min": -2.74354434013, "var": 5.27132034302}, "melbands_spread": {"dmean": 12.301949501, "dmean2": 18.4369049072, "dvar": 386.762176514, "dvar2": 701.660522461, "max": 273.856842041, "mean": 33.3934860229, "median": 21.5929107666, "min": 0.642859876156, "var": 1390.03308105}, "pitch_salience": {"dmean": 0.0827308371663, "dmean2": 0.131831780076, "dvar": 0.00597938289866, "dvar2": 0.0137457065284, "max": 0.927425682545, "mean": 0.542486488819, "median": 0.573220610619, "min": 0.0875028222799, "var": 0.0199470855296}, "silence_rate_20dB": {"dmean": 0, "dmean2": 0, "dvar": 0, "dvar2": 0, "max": 1, "mean": 1, "median": 1, "min": 1, "var": 0}, "silence_rate_30dB": {"dmean": 0.0321533940732, "dmean2": 0.0643162727356, "dvar": 0.0311219878495, "dvar2": 0.0749374255538, "max": 1, "mean": 0.967261493206, "median": 1, "min": 0, "var": 0.0316643491387}, "silence_rate_60dB": {"dmean": 0.0566371679306, "dmean2": 0.113291047513, "dvar": 0.0534269064665, "dvar2": 0.118156500161, "max": 1, "mean": 0.115912109613, "median": 0, "min": 0, "var": 0.102476723492}, "spectral_centroid": {"dmean": 396.578033447, "dmean2": 592.275756836, "dvar": 237442.109375, "dvar2": 458103.9375, "max": 11741.6601562, "mean": 1676.78027344, "median": 1482.70593262, "min": 209.282180786, "var": 1151104.75}, "spectral_complexity": {"dmean": 5.14867258072, "dmean2": 7.28278493881, "dvar": 32.1676979065, "dvar2": 63.9818153381, "max": 47, "mean": 16.0126819611, "median": 15, "min": 0, "var": 88.1483459473}, "spectral_decrease": {"dmean": 4.21724033473e-09, "dmean2": 6.66651045478e-09, "dvar": 4.66858520881e-17, "dvar2": 1.12401113282e-16, "max": 5.19482503888e-12, "mean": -7.20265092014e-09, "median": -3.68096553238e-09, "min": -7.24438180555e-08, "var": 7.84597751665e-17}, "spectral_energy": {"dmean": 0.0168042574078, "dmean2": 0.0261766891927, "dvar": 0.000708521867637, "dvar2": 0.0016915401211, "max": 0.285108804703, "mean": 0.0298505481333, "median": 0.0165874809027, "min": 1.03240072979e-20, "var": 0.00120973575395}, "spectral_energyband_high": {"dmean": 0.001227570232, "dmean2": 0.00155722268391, "dvar": 3.10421341965e-06, "dvar2": 6.22559082331e-06, "max": 0.0236557666212, "mean": 0.00216025719419, "median": 0.00109787459951, "min": 7.21881409148e-21, "var": 7.10471158527e-06}, "spectral_energyband_low": {"dmean": 0.00723315309733, "dmean2": 0.0116072669625, "dvar": 0.000263789435849, "dvar2": 0.000600690720603, "max": 0.227085694671, "mean": 0.0122787551954, "median": 0.000399339391151, "min": 1.79980209025e-23, "var": 0.000577232218347}, "spectral_energyband_middle_high": {"dmean": 0.0011412788881, "dmean2": 0.00166170229204, "dvar": 2.20327319767e-06, "dvar2": 4.87592888021e-06, "max": 0.0315856039524, "mean": 0.00285086687654, "median": 0.00237680599093, "min": 1.29558607372e-21, "var": 5.70116480958e-06}, "spectral_energyband_middle_low": {"dmean": 0.010745854117, "dmean2": 0.0176762361079, "dvar": 0.000361536600394, "dvar2": 0.00093914027093, "max": 0.157712265849, "mean": 0.0134984916076, "median": 0.0062569337897, "min": 1.97183419434e-22, "var": 0.000384242099244}, "spectral_entropy": {"dmean": 0.223477721214, "dmean2": 0.299665004015, "dvar": 0.0595297478139, "dvar2": 0.10660931468, "max": 9.81967544556, "mean": 7.93471670151, "median": 7.99109697342, "min": 5.31839418411, "var": 0.232740178704}, "spectral_flux": {"dmean": 0.0399703904986, "dmean2": 0.0618742629886, "dvar": 0.00272428710014, "dvar2": 0.00562447262928, "max": 0.407105773687, "mean": 0.0943835228682, "median": 0.0738947913051, "min": 6.35446417707e-11, "var": 0.00486712483689}, "spectral_kurtosis": {"dmean": 0.977857768536, "dmean2": 1.38268232346, "dvar": 1.81275844574, "dvar2": 3.58670306206, "max": 21.5131626129, "mean": 2.93007349968, "median": 2.34910821915, "min": -1.24800622463, "var": 5.29347085953}, "spectral_rms": {"dmean": 0.00134640955366, "dmean2": 0.00198474433273, "dvar": 2.97396786664e-06, "dvar2": 6.71655925544e-06, "max": 0.0166779775172, "mean": 0.00461178738624, "median": 0.00402279850096, "min": 3.17367334669e-12, "var": 7.85388419899e-06}, "spectral_rolloff": {"dmean": 1476.67419434, "dmean2": 2396.3605957, "dvar": 5414847.5, "dvar2": 10668362, "max": 19293.75, "mean": 3552.78613281, "median": 1722.65625, "min": 64.599609375, "var": 16489316}, "spectral_skewness": {"dmean": 0.191496998072, "dmean2": 0.264097124338, "dvar": 0.0494627840817, "dvar2": 0.0943129360676, "max": 3.76029038429, "mean": 1.41212129593, "median": 1.36079478264, "min": -0.0807775259018, "var": 0.191534981132}, "spectral_spread": {"dmean": 896633.8125, "dmean2": 1179505.625, "dvar": 1643705532420.0, "dvar2": 2606536065020.0, "max": 41875672, "mean": 7429330, "median": 7098988, "min": 2510482.25, "var": 8386534965250.0}, "spectral_strongpeak": {"dmean": 0.473442465067, "dmean2": 0.786528229713, "dvar": 0.508940458298, "dvar2": 1.31199681759, "max": 11.6211452484, "mean": 0.821365237236, "median": 0.576736807823, "min": 0, "var": 0.693044424057}, "zerocrossingrate": {"dmean": 0.0268278140575, "dmean2": 0.028156016022, "dvar": 0.00091352983145, "dvar2": 0.000857737322804, "max": 0.521484375, "mean": 0.12818877399, "median": 0.10546875, "min": 0.00439453125, "var": 0.00853851716965}, "barkbands": {"dmean": [0.000282278342638, 0.00514407549053, 0.0023788921535, 0.00326486746781, 0.00543031096458, 0.00176238210406, 0.0011009775335, 0.00088550185319, 0.000388711399864, 0.000343096442521, 0.000217311506276, 0.000182269344805, 0.000184069955139, 0.000216703396291, 0.000137988419738, 0.000130182655994, 0.000127243052702, 9.60769903031e-05, 0.000114204289275, 0.000146571648656, 0.000139102325193, 0.000218995992327, 0.000185579963727, 0.000147270475281, 0.000245967530645, 0.000305623223539, 4.33880522905e-05], "dmean2": [0.000478913803818, 0.00795669201761, 0.00432396540418, 0.00590604683384, 0.00898516178131, 0.00273093720898, 0.0017424026737, 0.00138997938484, 0.000626057793852, 0.000544965383597, 0.000342586572515, 0.000278629071545, 0.000288454641122, 0.000336537865223, 0.0002172888926, 0.000201125629246, 0.000200070106075, 0.000146292208228, 0.000167729769601, 0.000226711097639, 0.000202202048968, 0.000328989815898, 0.000260741042439, 0.000192727791728, 0.000323478278005, 0.000405819504522, 6.10098031757e-05], "dvar": [5.30798899945e-07, 0.00017127560568, 3.91338071495e-05, 5.86852547713e-05, 0.000111456269224, 3.01911768474e-05, 1.10489154395e-05, 6.33671561445e-06, 7.63274954352e-07, 3.7204426917e-07, 1.77785807409e-07, 3.88493702985e-07, 1.98185844624e-07, 1.45657523376e-07, 4.28342978864e-08, 4.69887808663e-08, 5.82290375917e-08, 2.36264980913e-08, 3.97060162527e-08, 5.48513661158e-08, 4.77166430812e-08, 1.16322759425e-07, 1.17051200732e-07, 5.33893214083e-08, 1.77941529955e-07, 2.73150561725e-07, 5.95962035277e-09], "dvar2": [1.40348754485e-06, 0.000428137893323, 0.000110341752588, 0.000162565382197, 0.000286250404315, 7.53611675464e-05, 2.81228476524e-05, 1.56119258463e-05, 1.81155667178e-06, 9.27438804865e-07, 4.01481599965e-07, 9.78984076028e-07, 4.73883659424e-07, 3.39859298037e-07, 1.06515187781e-07, 9.6599904964e-08, 1.37572129688e-07, 4.95668999179e-08, 9.06493227149e-08, 1.37197986305e-07, 1.06125447985e-07, 2.66849838226e-07, 2.37051182239e-07, 9.93037829744e-08, 3.37257091587e-07, 5.70679162593e-07, 1.31869768438e-08], "max": [0.0111996885389, 0.188091605902, 0.0682154223323, 0.0762667506933, 0.120279349387, 0.0947225093842, 0.0680487453938, 0.06403144449, 0.0243576429784, 0.00937330070883, 0.011833130382, 0.0238248705864, 0.0163970142603, 0.0123187731951, 0.0033578176517, 0.00497177895159, 0.0100348247215, 0.0033479463309, 0.00405013561249, 0.00416857050732, 0.00528709031641, 0.00884395372123, 0.00797616317868, 0.0047437264584, 0.00684980675578, 0.00377257913351, 0.000726688944269], "mean": [0.000302374886815, 0.00844919402152, 0.00265118363313, 0.00232844683342, 0.0055454862304, 0.0023544577416, 0.00144076731522, 0.00124493753538, 0.000479784415802, 0.00050475547323, 0.000322889623931, 0.000302609580103, 0.000296771759167, 0.000345161999576, 0.000231598649407, 0.000215779509745, 0.000228373057325, 0.000171659034095, 0.000173328080564, 0.000219482448301, 0.000236470528762, 0.000320969847962, 0.000290463998681, 0.000248376163654, 0.00040861684829, 0.000468277721666, 6.83021935401e-05], "median": [9.14112297323e-06, 0.000130755826831, 0.000121347882668, 0.000176294401172, 0.00130962440744, 0.000330116512487, 0.000402737641707, 0.000364646693924, 0.000136907648994, 0.000221242167754, 0.000141721000546, 0.000106901985419, 0.000137276918394, 0.000197249260964, 0.000143151934026, 0.000125816368381, 0.000154300374561, 9.45847787079e-05, 9.70100954873e-05, 0.000135564187076, 0.000149681261973, 0.000155952293426, 0.000118845855468, 0.000122011566418, 0.000151875166921, 0.0001871384884, 2.04441330425e-05], "min": [7.03887323005e-25, 6.11310719105e-24, 2.60185456419e-24, 1.39601558953e-24, 1.43848423191e-23, 9.91254845597e-24, 1.12968699714e-23, 1.47858534494e-23, 8.99521681917e-24, 1.61417144411e-23, 2.22028609421e-23, 4.52104893807e-23, 2.34061057476e-23, 4.89504158234e-23, 7.46044816947e-23, 5.39744437368e-23, 8.83914857768e-23, 1.34779510986e-22, 1.79102689621e-22, 2.18565311254e-22, 2.05365434255e-22, 3.80130991863e-22, 4.51612796063e-22, 6.61950881299e-22, 8.85893068483e-22, 1.3835495425e-21, 2.03619676237e-21], "var": [5.55515384804e-07, 0.000347202061675, 3.69574190699e-05, 3.96475879825e-05, 0.00011100066331, 4.50336665381e-05, 1.37793067552e-05, 8.34573347674e-06, 1.05963249553e-06, 6.0360292764e-07, 3.48617504642e-07, 6.59155205085e-07, 3.08589164888e-07, 2.6443939305e-07, 8.01874548984e-08, 1.04034938886e-07, 9.22524634461e-08, 6.36704484691e-08, 5.55692949433e-08, 6.86349821422e-08, 8.42909670951e-08, 1.88356722219e-07, 2.99821351746e-07, 1.38173120945e-07, 3.701144351e-07, 4.63627969793e-07, 9.82522863069e-09]}, "erbbands": {"dmean": [0.153455063701, 1.17985391617, 2.45507264137, 6.76388597488, 17.3577194214, 14.871348381, 24.6097984314, 8.95997810364, 13.5206890106, 20.2846565247, 13.3809804916, 8.96362781525, 8.01191616058, 10.7834472656, 8.66545581818, 7.32708263397, 8.42225646973, 10.4125928879, 8.64632225037, 6.17805433273, 6.38431167603, 6.34066867828, 5.68712377548, 5.36018800735, 6.35831022263, 7.12329053879, 4.84764432907, 6.88441324234, 8.8116645813, 6.542573452, 4.76664686203, 3.65373635292, 2.25884890556, 2.47568583488, 1.92171752453, 1.49933934212, 0.541046977043, 0.0877395942807, 0.0079800048843, 0.000287138769636], "dmean2": [0.250269055367, 1.79238080978, 4.21976852417, 12.29804039, 30.3276157379, 23.7406864166, 38.9619827271, 13.7377233505, 21.7318115234, 31.6281890869, 20.9174423218, 14.4029388428, 13.2488737106, 16.660068512, 13.5715255737, 10.9079551697, 13.2013978958, 16.131893158, 13.5733194351, 9.73062038422, 9.6953125, 9.7885723114, 8.75872325897, 7.86838102341, 9.58908081055, 10.9591579437, 7.16295623779, 10.266746521, 13.4454574585, 9.58321094513, 6.75630044937, 5.00587940216, 2.95926809311, 3.43073630333, 2.54473114014, 2.01944875717, 0.753467023373, 0.119256004691, 0.0110364332795, 0.000400404649554], "dvar": [0.154428184032, 9.32079315186, 36.2560920715, 251.256134033, 1588.76855469, 835.795959473, 3966.43115234, 840.091308594, 1801.8223877, 3106.04101562, 1113.68371582, 370.544464111, 255.309417725, 360.245269775, 330.119445801, 549.905029297, 424.512878418, 374.991912842, 157.026016235, 84.6964797974, 120.709915161, 159.932479858, 94.2404251099, 71.6843948364, 130.83531189, 125.58216095, 44.3341255188, 133.755722046, 190.567352295, 141.375473022, 77.3631973267, 32.8727073669, 14.9765348434, 17.9999103546, 10.9592370987, 5.97615671158, 0.991303324699, 0.0300100427121, 0.000192527717445, 2.68884321031e-07], "dvar2": [0.392843484879, 22.9551067352, 94.4875640869, 692.081726074, 4302.96875, 2049.52905273, 9724.98925781, 2079.02636719, 4605.2578125, 7397.9453125, 2805.32861328, 906.269287109, 658.497497559, 850.450805664, 806.347351074, 1372.59106445, 1016.13531494, 862.061706543, 383.161590576, 210.008239746, 231.999557495, 367.625457764, 206.311828613, 150.893173218, 305.351867676, 310.490631104, 95.6012191772, 306.206726074, 447.184783936, 319.238342285, 157.354324341, 64.8169403076, 28.3935108185, 34.2635612488, 21.401632309, 12.2542572021, 2.23401069641, 0.0666810423136, 0.000401905737817, 5.65838035982e-07], "max": [5.55560874939, 46.7743873596, 74.9107055664, 152.369018555, 342.525878906, 397.685546875, 1063.98925781, 576.127624512, 1019.40600586, 1067.25219727, 1165.72595215, 431.350280762, 330.78692627, 348.750274658, 517.15234375, 905.10357666, 777.753662109, 493.082763672, 237.6668396, 191.86100769, 282.681976318, 528.753295898, 193.631835938, 180.453048706, 195.847366333, 227.540328979, 129.795532227, 260.049285889, 392.828277588, 226.616012573, 182.597702026, 122.200790405, 103.717399597, 70.9248352051, 46.3562583923, 18.4687080383, 7.88439130783, 1.40027689934, 0.143705397844, 0.00925342924893], "mean": [0.239057123661, 1.87133741379, 3.46434402466, 5.28444242477, 13.7601451874, 16.4676589966, 30.0812950134, 12.6895141602, 17.9329605103, 26.9763813019, 20.1631889343, 11.6877155304, 10.9425210953, 16.9504585266, 14.2581834793, 13.6850767136, 14.495973587, 17.1248226166, 14.9884929657, 11.0887813568, 11.4433679581, 11.7366275787, 10.7685804367, 8.59770965576, 9.56119537354, 10.6194868088, 8.59294033051, 10.6053876877, 12.8131303787, 9.8588809967, 7.64112997055, 5.94923019409, 3.84672355652, 4.07534694672, 3.08664298058, 2.33156704903, 0.769979774952, 0.12975679338, 0.0131165478379, 0.000488357618451], "median": [0.00384577177465, 0.0293578822166, 0.135379001498, 0.485759586096, 1.77996575832, 3.88840532303, 4.42879486084, 2.9105014801, 5.74213123322, 7.91192102432, 7.9061050415, 3.97602963448, 5.7046790123, 7.3204369545, 7.25223731995, 5.32394933701, 7.00334501266, 10.5184993744, 9.22163391113, 7.40921783447, 7.14058160782, 7.74293804169, 6.81128263474, 4.07675600052, 5.64866876602, 6.49467182159, 5.98002052307, 6.03551244736, 6.15458726883, 4.25287532806, 3.3737950325, 3.01022362709, 1.67348408699, 1.61731910706, 1.04855239391, 0.963619172573, 0.293427616358, 0.0318196862936, 0.00378585769795, 0.000184692748007], "min": [1.34706090124e-22, 1.39611719482e-21, 3.55671830644e-21, 8.76626787697e-21, 1.85869551592e-20, 4.81425514231e-20, 6.14150520924e-20, 6.57021159498e-20, 1.18894172035e-19, 1.65870431106e-19, 4.16899778359e-19, 2.77613394101e-19, 6.49760038834e-19, 9.72478402666e-19, 1.71073782315e-18, 2.0279987078e-18, 1.26362147306e-18, 2.55720032598e-18, 2.25002122204e-18, 2.71858057515e-18, 5.16651344413e-18, 5.03045464108e-18, 6.69026574565e-18, 8.59907020872e-18, 1.16469660682e-17, 9.3820735863e-18, 1.04808424094e-17, 8.39414200222e-18, 1.07328165132e-17, 9.82509249723e-18, 1.42652028108e-17, 1.18530862419e-17, 9.82507099053e-18, 9.44960626587e-18, 6.63031086767e-18, 4.70432627687e-18, 2.59804547065e-18, 1.05996267861e-18, 2.38756197086e-19, 2.93192067856e-20], "var": [0.326452076435, 18.0718135834, 50.0192871094, 176.192764282, 1151.31994629, 1031.90124512, 5557.22119141, 1279.62207031, 2257.5625, 4284.94580078, 1421.24609375, 524.071716309, 292.853057861, 717.974243164, 548.162414551, 1041.59729004, 705.624084473, 678.11517334, 311.92276001, 169.368530273, 279.042938232, 257.266418457, 195.66078186, 188.792907715, 168.994277954, 160.7315979, 82.9111709595, 209.871047974, 304.518463135, 273.132720947, 192.804244995, 74.7615814209, 37.6960296631, 37.0475730896, 21.9346008301, 10.6035461426, 1.44356894493, 0.0455125905573, 0.000357495126082, 5.16661771144e-07]}, "gfcc": {"mean": [4.0207400322, 27.7933521271, -91.6104125977, 14.0012493134, -59.7070541382, 8.38391017914, -42.200630188, 2.94693803787, -27.6480102539, 8.27247142792, -22.3590126038, 5.25827789307, -14.1167201996], "cov": [[17216.7148438, 1085.44714355, 522.96484375, 755.491760254, -497.068878174, 196.486297607, -486.113708496, 51.1869697571, -403.252288818, 13.8405971527, -524.127563477, -57.7879486084, -234.022994995], [1085.44714355, 2012.44250488, 36.22813797, 316.011016846, 209.039321899, 90.4146499634, 38.7427253723, 98.3142318726, 99.3728179932, 7.43938207626, 14.1291160583, -17.9125328064, -15.1578054428], [522.96484375, 36.22813797, 1022.07507324, 440.435913086, 211.512023926, 253.385025024, 125.643447876, 106.256950378, 66.9935760498, 69.2307052612, -62.0006599426, 11.8512296677, -41.316822052], [755.491760254, 316.011016846, 440.435913086, 680.425964355, 267.024475098, 240.049667358, 148.809341431, 180.003417969, 92.5832977295, 47.9853096008, -22.9029521942, -29.5806694031, -43.3538589478], [-497.068878174, 209.039321899, 211.512023926, 267.024475098, 426.809173584, 213.56477356, 217.069763184, 107.5362854, 96.3623580933, 31.7252101898, 64.2914581299, -9.09051513672, -1.51757931709], [196.486297607, 90.4146499634, 253.385025024, 240.049667358, 213.56477356, 340.310150146, 182.863372803, 115.835723877, 75.8874359131, 64.8696212769, 15.1218938828, 10.9629020691, -30.4574165344], [-486.113708496, 38.7427253723, 125.643447876, 148.809341431, 217.069763184, 182.863372803, 241.522399902, 127.980712891, 96.6366043091, 40.9565505981, 56.6485786438, 0.215633347631, -4.91541814804], [51.1869697571, 98.3142318726, 106.256950378, 180.003417969, 107.5362854, 115.835723877, 127.980712891, 222.082839966, 127.006965637, 84.9488677979, 9.01345348358, 12.2188482285, -27.0892238617], [-403.252288818, 99.3728179932, 66.9935760498, 92.5832977295, 96.3623580933, 75.8874359131, 96.6366043091, 127.006965637, 170.446899414, 84.5261306763, 50.4826126099, 9.43788528442, -6.64309263229], [13.8405971527, 7.43938207626, 69.2307052612, 47.9853096008, 31.7252101898, 64.8696212769, 40.9565505981, 84.9488677979, 84.5261306763, 127.045188904, 44.9683799744, 26.004743576, -23.3514518738], [-524.127563477, 14.1291160583, -62.0006599426, -22.9029521942, 64.2914581299, 15.1218938828, 56.6485786438, 9.01345348358, 50.4826126099, 44.9683799744, 121.895401001, 37.7711982727, 21.78723526], [-57.7879486084, -17.9125328064, 11.8512296677, -29.5806694031, -9.09051513672, 10.9629020691, 0.215633347631, 12.2188482285, 9.43788528442, 26.004743576, 37.7711982727, 82.3179321289, 41.2669525146], [-234.022994995, -15.1578054428, -41.316822052, -43.3538589478, -1.51757931709, -30.4574165344, -4.91541814804, -27.0892238617, -6.64309263229, -23.3514518738, 21.78723526, 41.2669525146, 86.873840332]], "icov": [[8.96605633898e-05, -5.12139486091e-05, 1.04784176074e-05, -0.00011162141891, 0.000113683490781, -0.00012580252951, 0.000156614711159, -9.60203324212e-05, 0.000301381078316, -0.000169943261426, 0.000209277961403, -5.95887031523e-05, 7.18606388546e-05], [-5.12139486091e-05, 0.000613607699051, 0.000121772427519, -0.000198827983695, -0.000376062118448, 9.53451944952e-06, 0.000399478944018, -2.42152655119e-05, -0.000572330958676, 0.000422970828367, -0.000167276419234, -6.39530480839e-05, 8.18761254777e-05], [1.04784176074e-05, 0.000121772427519, 0.00175533210859, -0.00104106543586, -0.000360453384928, -0.000165323028341, -0.000653587048873, 0.00139898096677, -0.000580151099712, -0.00102454668377, 0.00218436331488, -0.00176497723442, 0.000670583976898], [-0.00011162141891, -0.000198827983695, -0.00104106543586, 0.00345739838667, -0.00113520829473, -0.000993499299511, 0.00130184553564, -0.00261309510097, 0.000365219893865, 0.000983530888334, -0.00108513364103, 0.00214202539064, -0.00066748802783], [0.000113683490781, -0.000376062118448, -0.000360453384928, -0.00113520829473, 0.00593626499176, -0.00131304992829, -0.00303171039559, 0.000354685325874, 3.6989160435e-05, 0.000770547136199, -0.00207826588303, 0.00160882098135, -0.000947970722336], [-0.00012580252951, 9.53451944952e-06, -0.000165323028341, -0.000993499299511, -0.00131304992829, 0.00750834448263, -0.00532969227061, 0.00214726547711, -0.000244822149398, -0.00246435473673, 0.00297398120165, -0.00360618345439, 0.00235182582401], [0.000156614711159, 0.000399478944018, -0.000653587048873, 0.00130184553564, -0.00303171039559, -0.00532969227061, 0.0154064940289, -0.00756319984794, 0.000190445440239, 0.004182419274, -0.00657849758863, 0.00496908742934, -0.00214955327101], [-9.60203324212e-05, -2.42152655119e-05, 0.00139898096677, -0.00261309510097, 0.000354685325874, 0.00214726547711, -0.00756319984794, 0.0155433937907, -0.00724489660934, -0.00480615301058, 0.00797647796571, -0.00692226551473, 0.00371817941777], [0.000301381078316, -0.000572330958676, -0.000580151099712, 0.000365219893865, 3.6989160435e-05, -0.000244822149398, 0.000190445440239, -0.00724489660934, 0.0159075278789, -0.00580554502085, -0.00374598894268, 0.00486144609749, -0.00342910550535], [-0.000169943261426, 0.000422970828367, -0.00102454668377, 0.000983530888334, 0.000770547136199, -0.00246435473673, 0.004182419274, -0.00480615301058, -0.00580554502085, 0.0191784203053, -0.00749389734119, -0.00317534944043, 0.00560594396666], [0.000209277961403, -0.000167276419234, 0.00218436331488, -0.00108513364103, -0.00207826588303, 0.00297398120165, -0.00657849758863, 0.00797647796571, -0.00374598894268, -0.00749389734119, 0.0202642120421, -0.00954037718475, 0.00130229920615], [-5.95887031523e-05, -6.39530480839e-05, -0.00176497723442, 0.00214202539064, 0.00160882098135, -0.00360618345439, 0.00496908742934, -0.00692226551473, 0.00486144609749, -0.00317534944043, -0.00954037718475, 0.0264951214194, -0.0137305809185], [7.18606388546e-05, 8.18761254777e-05, 0.000670583976898, -0.00066748802783, -0.000947970722336, 0.00235182582401, -0.00214955327101, 0.00371817941777, -0.00342910550535, 0.00560594396666, 0.00130229920615, -0.0137305809185, 0.0209907572716]]}, "melbands": {"dmean": [0.00139449338894, 0.00126555573661, 0.00156385160517, 0.00110406964086, 0.000831302779261, 0.000228078759392, 0.000210461308598, 0.000228194607189, 9.66831066762e-05, 5.5677472119e-05, 4.14435671701e-05, 4.62625721411e-05, 3.03653760056e-05, 2.09611243918e-05, 2.20953224925e-05, 1.53354030772e-05, 2.20216606976e-05, 1.55036286742e-05, 9.16868430068e-06, 9.2011932793e-06, 7.9257752077e-06, 6.43411158308e-06, 7.80992741056e-06, 4.24940435551e-06, 4.63660398964e-06, 4.35386255049e-06, 5.36497282155e-06, 4.77573712487e-06, 2.96882990369e-06, 3.39421285389e-06, 4.51906362287e-06, 4.91352648169e-06, 4.14624764744e-06, 4.04242609875e-06, 2.95890458801e-06, 2.40490362557e-06, 2.27744385484e-06, 1.43793806728e-06, 1.85760927707e-06, 2.28008912018e-06], "dmean2": [0.00224162149243, 0.00199113599956, 0.00280588306487, 0.00184035231359, 0.00131620571483, 0.000351624155883, 0.000335083255777, 0.000355170690455, 0.000151322761667, 9.07812136575e-05, 6.82497266098e-05, 7.16811264283e-05, 4.80227208755e-05, 3.18278398481e-05, 3.45329681295e-05, 2.39985965891e-05, 3.41107843269e-05, 2.45790197368e-05, 1.43082825161e-05, 1.47464779729e-05, 1.21181201393e-05, 1.00720890259e-05, 1.2267701095e-05, 6.4551873038e-06, 6.89853959557e-06, 6.64390654492e-06, 8.41145538288e-06, 7.42045858715e-06, 4.51567711934e-06, 5.13027498528e-06, 6.8652916525e-06, 7.51995548853e-06, 6.31552666164e-06, 5.96209611103e-06, 4.36655864178e-06, 3.46104638993e-06, 3.17124658977e-06, 1.92162679014e-06, 2.61062814388e-06, 3.25733344653e-06], "dvar": [1.28511592266e-05, 9.07042431209e-06, 1.24580919874e-05, 4.7636999625e-06, 3.75801892005e-06, 5.27360043634e-07, 4.38729983898e-07, 3.81437558872e-07, 5.29627648405e-08, 1.37051623383e-08, 6.77258604753e-09, 6.96393609445e-09, 3.86866449986e-09, 3.00217473104e-09, 7.45439443506e-09, 1.06304143266e-09, 1.73705538842e-09, 5.29243981973e-10, 2.12311404568e-10, 2.22518989346e-10, 2.48398440705e-10, 1.70043409908e-10, 2.18345966307e-10, 4.94672532103e-11, 5.7008450044e-11, 7.58506521481e-11, 1.00653728408e-10, 5.44832928773e-11, 1.44287134324e-11, 3.91928260679e-11, 5.5675488525e-11, 6.38052041757e-11, 4.16384010604e-11, 6.65429239488e-11, 3.11356739002e-11, 1.85441488554e-11, 1.19463250056e-11, 5.97373192579e-12, 1.09799643336e-11, 1.55609032604e-11], "dvar2": [3.31500668835e-05, 2.06918721233e-05, 3.42482853739e-05, 1.22337287394e-05, 9.39993788052e-06, 1.32550087528e-06, 1.11870588171e-06, 9.08626134333e-07, 1.31025416295e-07, 3.40570522894e-08, 1.75186958273e-08, 1.64440887573e-08, 8.91916496215e-09, 6.48885434273e-09, 1.95732248187e-08, 2.53333487521e-09, 3.9753538239e-09, 1.29580668418e-09, 5.28292909419e-10, 5.57679846747e-10, 4.63671351314e-10, 3.76154857262e-10, 5.42420330873e-10, 9.69978194987e-11, 1.21540222331e-10, 1.80968434682e-10, 2.53817106222e-10, 1.33575497885e-10, 3.17976756037e-11, 8.52753562208e-11, 1.28809143907e-10, 1.48325740579e-10, 9.92768089958e-11, 1.54887727644e-10, 6.52241524679e-11, 3.92993936005e-11, 2.43098007002e-11, 1.16728050836e-11, 2.11879905981e-11, 3.08620039247e-11], "max": [0.0507776513696, 0.04093644768, 0.0338706821203, 0.0231865495443, 0.0285056252033, 0.0131629249081, 0.0150564545766, 0.0111463740468, 0.00768603617325, 0.00241282954812, 0.00165386334993, 0.00154801155441, 0.00181206990965, 0.00212948350236, 0.00319586088881, 0.000967665226199, 0.00104637839831, 0.000532769539859, 0.000250477693044, 0.00031194332405, 0.000453777611256, 0.000561962835491, 0.00040852924576, 0.000156296082423, 0.000163060190971, 0.000207313059946, 0.000203911942663, 0.000160873270943, 4.73217987746e-05, 0.00020494889759, 0.000151211657794, 0.000251413759543, 0.000160501018399, 0.000182642936124, 0.000129543070216, 8.23986920295e-05, 7.31257823645e-05, 6.50173678878e-05, 7.63555435697e-05, 6.40580692561e-05], "mean": [0.00225876504555, 0.00210290169343, 0.00121746282093, 0.0010532590095, 0.00101611181162, 0.000317948899465, 0.000275363359833, 0.000308853632305, 0.000143143202877, 6.88766303938e-05, 5.52030287508e-05, 7.08241204848e-05, 4.6339850087e-05, 3.69540357497e-05, 3.55263182428e-05, 2.59035095951e-05, 3.39632788382e-05, 2.5018778615e-05, 1.54482677317e-05, 1.49009410961e-05, 1.33419234771e-05, 1.12245115815e-05, 1.34478032123e-05, 7.55611608838e-06, 6.80025641486e-06, 6.20034325038e-06, 7.44022690924e-06, 6.99586053088e-06, 5.09975416207e-06, 5.61397882848e-06, 6.38271421849e-06, 7.14054658602e-06, 5.91570506003e-06, 5.69546273255e-06, 4.53832262792e-06, 3.72911154045e-06, 3.59573118658e-06, 2.42971486841e-06, 2.96696794067e-06, 3.64668744623e-06], "median": [3.57674252882e-05, 5.78964536544e-05, 0.000130790489493, 0.000223213748541, 0.000174333006726, 6.28771813354e-05, 7.85824013292e-05, 8.93004544196e-05, 5.64653455513e-05, 2.0201150619e-05, 2.69505635515e-05, 2.83768331428e-05, 2.08258643397e-05, 1.60608979058e-05, 1.45680478454e-05, 1.26071126942e-05, 1.81878731382e-05, 1.41746650115e-05, 9.86401937553e-06, 9.09865048015e-06, 7.90149351815e-06, 7.34566037863e-06, 8.08058757684e-06, 3.9647061385e-06, 2.85863552563e-06, 3.56737018592e-06, 3.98324482376e-06, 4.13068346461e-06, 3.65853043149e-06, 3.29187241732e-06, 3.2452223877e-06, 3.40924907505e-06, 2.85137889477e-06, 2.10231792153e-06, 1.97081203623e-06, 1.66794109191e-06, 1.89401475836e-06, 1.07791424853e-06, 1.25288431718e-06, 1.37040740356e-06], "min": [2.03485960527e-24, 2.27227616938e-24, 2.13041886267e-24, 3.32561511764e-24, 1.95629537e-24, 1.5648505587e-24, 2.05644816445e-24, 1.91018033641e-24, 3.00278680838e-24, 1.33706835282e-24, 3.22865701264e-24, 3.5112388218e-24, 4.33331234885e-24, 4.178366262e-24, 4.76479559818e-24, 2.49567053369e-24, 4.34919172444e-24, 3.65662115347e-24, 4.20496467957e-24, 3.76163352831e-24, 5.64427177229e-24, 4.70422883003e-24, 6.46227398821e-24, 5.85109216898e-24, 6.24411332158e-24, 5.71314130147e-24, 5.6784503543e-24, 6.48008843961e-24, 5.30403764159e-24, 3.63522014597e-24, 5.17270610594e-24, 4.7584168689e-24, 6.22485052157e-24, 4.75290075902e-24, 7.60654710238e-24, 5.98821118267e-24, 7.53064763925e-24, 5.74292632267e-24, 7.94900897628e-24, 6.54484563689e-24], "var": [2.57999508904e-05, 1.81183804671e-05, 8.70271833264e-06, 4.4885018724e-06, 5.07932873006e-06, 7.8961249983e-07, 5.58954070584e-07, 5.38773463177e-07, 7.0130077745e-08, 1.82635737644e-08, 7.72805908156e-09, 1.36884903412e-08, 6.98280944178e-09, 5.73088909661e-09, 1.10023510302e-08, 1.7989336687e-09, 3.12652814749e-09, 9.75713509987e-10, 3.69186015092e-10, 3.97422261766e-10, 5.40842093333e-10, 2.66277083716e-10, 3.51663170806e-10, 1.609308381e-10, 1.40403438875e-10, 8.71760511001e-11, 1.13992773554e-10, 7.11417869059e-11, 2.59800531782e-11, 6.75067016176e-11, 8.0662546087e-11, 1.01037032907e-10, 6.34770430663e-11, 1.26590474214e-10, 7.07733871508e-11, 4.24803629773e-11, 2.47978027001e-11, 1.43868719021e-11, 2.40720672562e-11, 3.00557703725e-11]}, "mfcc": {"mean": [-648.721557617, 79.865447998, 12.3827753067, 10.8716230392, 0.395614773035, 4.78175878525, -6.44836139679, -4.52361917496, -2.32112383842, -3.12099552155, -2.99692797661, -1.65998899937, -2.29842019081], "cov": [[8924.44824219, 808.097045898, 588.450866699, 378.28414917, 79.2430648804, 76.3613815308, -4.04552984238, -67.1318588257, 60.0951423645, -78.2616729736, -0.393131136894, -222.505065918, -79.0474014282], [808.097045898, 1460.88598633, -20.5615959167, 147.367340088, 122.658073425, 63.5441055298, 10.4848136902, 46.1371803284, 39.6618461609, 18.165145874, 14.6306819916, 82.1728515625, -14.2857160568], [588.450866699, -20.5615959167, 754.428710938, 257.70401001, 174.407119751, 180.637832642, 75.5144577026, 90.8222732544, 116.472763062, 56.7669258118, 75.6287078857, -21.8497333527, 59.0288887024], [378.28414917, 147.367340088, 257.70401001, 439.422607422, 222.097808838, 113.678146362, 118.237388611, 115.587295532, 117.808799744, 94.1853866577, 69.4141311646, 44.8280639648, 23.0986175537], [79.2430648804, 122.658073425, 174.407119751, 222.097808838, 253.252532959, 170.253982544, 124.738967896, 109.465080261, 98.3151473999, 74.9814376831, 66.2050170898, 57.2224884033, 41.818572998], [76.3613815308, 63.5441055298, 180.637832642, 113.678146362, 170.253982544, 260.288360596, 162.764907837, 113.984169006, 73.8762969971, 64.8899002075, 62.3909263611, 50.0624847412, 43.0954093933], [-4.04552984238, 10.4848136902, 75.5144577026, 118.237388611, 124.738967896, 162.764907837, 211.324798584, 121.5337677, 69.2341079712, 68.5455627441, 53.9592857361, 45.903553009, 31.8418674469], [-67.1318588257, 46.1371803284, 90.8222732544, 115.587295532, 109.465080261, 113.984169006, 121.5337677, 169.328109741, 106.783363342, 85.0987167358, 60.3748245239, 50.5874824524, 34.7716674805], [60.0951423645, 39.6618461609, 116.472763062, 117.808799744, 98.3151473999, 73.8762969971, 69.2341079712, 106.783363342, 152.595733643, 91.5436706543, 67.4962692261, 41.7081222534, 33.3800735474], [-78.2616729736, 18.165145874, 56.7669258118, 94.1853866577, 74.9814376831, 64.8899002075, 68.5455627441, 85.0987167358, 91.5436706543, 145.370574951, 92.82371521, 57.412361145, 28.6246986389], [-0.393131136894, 14.6306819916, 75.6287078857, 69.4141311646, 66.2050170898, 62.3909263611, 53.9592857361, 60.3748245239, 67.4962692261, 92.82371521, 133.238601685, 85.9383087158, 42.1078262329], [-222.505065918, 82.1728515625, -21.8497333527, 44.8280639648, 57.2224884033, 50.0624847412, 45.903553009, 50.5874824524, 41.7081222534, 57.412361145, 85.9383087158, 144.769393921, 69.3764953613], [-79.0474014282, -14.2857160568, 59.0288887024, 23.0986175537, 41.818572998, 43.0954093933, 31.8418674469, 34.7716674805, 33.3800735474, 28.6246986389, 42.1078262329, 69.3764953613, 92.9968261719]], "icov": [[0.000143588127685, -0.000100475939689, -3.70986163034e-05, -0.000164293000125, 0.000164163575391, -8.19361303002e-05, -4.77573412354e-05, 0.000179225142347, -0.000126611994347, 0.000211651698919, -0.000312721822411, 0.000433070090367, -0.000116719653306], [-0.000100475939689, 0.000866642047185, 8.41577275423e-05, -8.09190605651e-05, -0.000402232195484, -0.000181228213478, 0.000471790641313, -0.000244218448643, -2.83292388303e-06, -2.82460150629e-05, 0.000651084061246, -0.00122835801449, 0.000840310647618], [-3.70986163034e-05, 8.41577275423e-05, 0.00264580175281, -0.00142954650801, 0.000340999744367, -0.00201261905022, 0.00136578746606, -4.497189002e-05, -0.000775426742621, 0.00104694161564, -0.00209118635394, 0.00308803911321, -0.00241520116106], [-0.000164293000125, -8.09190605651e-05, -0.00142954650801, 0.00566465454176, -0.00462688785046, 0.00296275294386, -0.00167500588577, -0.000381888879929, -0.000284173554974, -0.00146152894013, 0.00131115177646, -0.00182793755084, 0.00209412164986], [0.000164163575391, -0.000402232195484, 0.000340999744367, -0.00462688785046, 0.0126196211204, -0.00590817071497, 0.00025280326372, 0.000146624792251, -0.00211599795148, 0.000850499724038, -0.000616344274022, 0.000226060597925, -0.001459563151], [-8.19361303002e-05, -0.000181228213478, -0.00201261905022, 0.00296275294386, -0.00590817071497, 0.0121552478522, -0.00625443831086, -0.00123026187066, 0.00134525774047, -0.000479411100969, 0.000290632859105, -0.00136784219649, 0.000623084197287], [-4.77573412354e-05, 0.000471790641313, 0.00136578746606, -0.00167500588577, 0.00025280326372, -0.00625443831086, 0.0126506835222, -0.00536661455408, 0.00146722060163, -0.000425684615038, -0.000521699315868, 0.000658686622046, -0.000610084680375], [0.000179225142347, -0.000244218448643, -4.497189002e-05, -0.000381888879929, 0.000146624792251, -0.00123026187066, -0.00536661455408, 0.0163553413004, -0.00722721638158, -0.00201353384182, 0.00119517697021, -0.00083401525626, -0.000240456589381], [-0.000126611994347, -2.83292388303e-06, -0.000775426742621, -0.000284173554974, -0.00211599795148, 0.00134525774047, 0.00146722060163, -0.00722721638158, 0.0161072295159, -0.00510176178068, -0.00104050675873, 0.000891356379725, -0.00142225448508], [0.000211651698919, -2.82460150629e-05, 0.00104694161564, -0.00146152894013, 0.000850499724038, -0.000479411100969, -0.000425684615038, -0.00201353384182, -0.00510176178068, 0.0173101965338, -0.00969510804862, 0.00195944751613, 4.35186520917e-05], [-0.000312721822411, 0.000651084061246, -0.00209118635394, 0.00131115177646, -0.000616344274022, 0.000290632859105, -0.000521699315868, 0.00119517697021, -0.00104050675873, -0.00969510804862, 0.0217905342579, -0.0119732376188, 0.00313344295137], [0.000433070090367, -0.00122835801449, 0.00308803911321, -0.00182793755084, 0.000226060597925, -0.00136784219649, 0.000658686622046, -0.00083401525626, 0.000891356379725, 0.00195944751613, -0.0119732376188, 0.0218306221068, -0.0124957198277], [-0.000116719653306, 0.000840310647618, -0.00241520116106, 0.00209412164986, -0.001459563151, 0.000623084197287, -0.000610084680375, -0.000240456589381, -0.00142225448508, 4.35186520917e-05, 0.00313344295137, -0.0124957198277, 0.0208624489605]]}, "spectral_contrast_coeffs": {"dmean": [0.0676124244928, 0.055482275784, 0.0414914414287, 0.0329290442169, 0.0230697467923, 0.0167989395559], "dmean2": [0.107202649117, 0.0870588049293, 0.0634582564235, 0.0507649295032, 0.0353360176086, 0.0262976139784], "dvar": [0.00361908460036, 0.00210321135819, 0.00111371220555, 0.000779458612669, 0.000408848572988, 0.000238528024056], "dvar2": [0.0082273511216, 0.00502156186849, 0.00263412552886, 0.00172562221996, 0.000894851633348, 0.000523593975231], "max": [-0.212025254965, -0.397813439369, -0.441677153111, -0.561795175076, -0.600828826427, -0.589433312416], "mean": [-0.603056132793, -0.721759974957, -0.770882666111, -0.784866154194, -0.798332631588, -0.779259562492], "median": [-0.613253653049, -0.732398986816, -0.777170360088, -0.788976073265, -0.803417742252, -0.782059788704], "min": [-0.970846056938, -0.97554653883, -0.976941287518, -0.969654142857, -0.965860903263, -0.96407097578], "var": [0.0152464555576, 0.00825919210911, 0.00446021975949, 0.00291745783761, 0.00169562362134, 0.00101385696325]}, "spectral_contrast_valleys": {"dmean": [0.608054459095, 0.484862536192, 0.457719624043, 0.410267978907, 0.420121341944, 0.440690100193], "dmean2": [0.934631407261, 0.718904018402, 0.658235728741, 0.571345627308, 0.52743434906, 0.486697882414], "dvar": [0.423371642828, 0.279304534197, 0.261640191078, 0.227660626173, 0.234170868993, 0.253667116165], "dvar2": [0.770100176334, 0.475446015596, 0.452821463346, 0.37846544385, 0.389194577932, 0.40038651228], "max": [-4.93871498108, -5.09159755707, -5.75394392014, -6.13401699066, -5.88297986984, -7.42008733749], "mean": [-8.15003681183, -7.19553995132, -7.75803089142, -7.962386131