{"lowlevel": {"average_loudness": 0.750811636448, "barkbands_crest": {"dmean": 2.41256690025, "dmean2": 3.93357992172, "dvar": 7.36097335815, "dvar2": 18.5738792419, "max": 26.8939857483, "mean": 16.9859256744, "median": 17.094669342, "min": 2.65973258018, "var": 37.5051612854}, "barkbands_flatness_db": {"dmean": 0.0459887571633, "dmean2": 0.0676515027881, "dvar": 0.00264535588212, "dvar2": 0.00558916339651, "max": 0.741522908211, "mean": 0.34739357233, "median": 0.342097491026, "min": 0.0327592715621, "var": 0.0214335452765}, "barkbands_kurtosis": {"dmean": 39.5673217773, "dmean2": 63.1550865173, "dvar": 20354.0585938, "dvar2": 48625.1015625, "max": 3766.44799805, "mean": 65.706237793, "median": 14.1311321259, "min": -1.9729295969, "var": 36076.6289062}, "barkbands_skewness": {"dmean": 1.45480966568, "dmean2": 2.31019830704, "dvar": 5.77817344666, "dvar2": 14.0743188858, "max": 47.8610534668, "mean": 4.09682941437, "median": 2.88527083397, "min": -8.71088314056, "var": 22.4096736908}, "barkbands_spread": {"dmean": 3.14971494675, "dmean2": 5.06120872498, "dvar": 47.5588302612, "dvar2": 112.75643158, "max": 113.279418945, "mean": 7.46742868423, "median": 2.89903759956, "min": 0.0188649874181, "var": 173.775054932}, "dissonance": {"dmean": 0.0471547953784, "dmean2": 0.0794388204813, "dvar": 0.00247808825225, "dvar2": 0.00714619131759, "max": 0.499965548515, "mean": 0.382057458162, "median": 0.412293285131, "min": 0.0264654774219, "var": 0.00993665214628}, "dynamic_complexity": 9.17318058014, "erbbands_crest": {"dmean": 2.90804505348, "dmean2": 4.74095106125, "dvar": 7.53722143173, "dvar2": 17.8314552307, "max": 31.1116199493, "mean": 12.5876665115, "median": 11.7852659225, "min": 2.52628898621, "var": 28.3009586334}, "erbbands_flatness_db": {"dmean": 0.0338431410491, "dmean2": 0.0482872202992, "dvar": 0.00142341700848, "dvar2": 0.00287560257129, "max": 0.646765351295, "mean": 0.273817628622, "median": 0.237097099423, "min": 0.0503168702126, "var": 0.0202867761254}, "erbbands_kurtosis": {"dmean": 3.85184144974, "dmean2": 5.84978485107, "dvar": 120.760498047, "dvar2": 260.579315186, "max": 379.687408447, "mean": 6.9274687767, "median": 1.5691576004, "min": -1.91561603546, "var": 355.448516846}, "erbbands_skewness": {"dmean": 0.548926651478, "dmean2": 0.827679395676, "dvar": 0.509149134159, "dvar2": 1.05396652222, "max": 15.5231342316, "mean": 1.11249685287, "median": 0.775388538837, "min": -3.94992399216, "var": 2.50511431694}, "erbbands_spread": {"dmean": 8.36540412903, "dmean2": 12.8517522812, "dvar": 219.025512695, "dvar2": 490.604949951, "max": 229.472366333, "mean": 25.7133522034, "median": 18.1561450958, "min": 0.3270829916, "var": 711.808898926}, "hfc": {"dmean": 9.51949214935, "dmean2": 15.1536846161, "dvar": 1484.6730957, "dvar2": 3738.94189453, "max": 534.756408691, "mean": 12.7341842651, "median": 5.94872522354, "min": 1.19282395711e-16, "var": 1348.26098633}, "melbands_crest": {"dmean": 2.28590130806, "dmean2": 3.80640745163, "dvar": 6.13344097137, "dvar2": 16.1479454041, "max": 30.766292572, "mean": 18.5482730865, "median": 19.2233409882, "min": 1.60866224766, "var": 29.7577800751}, "melbands_flatness_db": {"dmean": 0.0513598844409, "dmean2": 0.0750147551298, "dvar": 0.0033759472426, "dvar2": 0.00714108208194, "max": 0.880409955978, "mean": 0.447554826736, "median": 0.446688532829, "min": 0.00338330189697, "var": 0.0309376418591}, "melbands_kurtosis": {"dmean": 23.5589447021, "dmean2": 37.535243988, "dvar": 2867.26855469, "dvar2": 6961.72851562, "max": 1162.51281738, "mean": 49.057510376, "median": 15.1193313599, "min": -1.78879404068, "var": 8416.78808594}, "melbands_skewness": {"dmean": 1.12646150589, "dmean2": 1.75480210781, "dvar": 2.49997425079, "dvar2": 5.78459501266, "max": 25.0255355835, "mean": 3.69904541969, "median": 2.88103580475, "min": -1.66692614555, "var": 12.0094947815}, "melbands_spread": {"dmean": 2.83316874504, "dmean2": 4.52254343033, "dvar": 75.6385498047, "dvar2": 184.199584961, "max": 258.130126953, "mean": 7.43719577789, "median": 2.72943210602, "min": 0.215621888638, "var": 292.321289062}, "pitch_salience": {"dmean": 0.0742838457227, "dmean2": 0.122673213482, "dvar": 0.00721020717174, "dvar2": 0.0176987778395, "max": 0.915733456612, "mean": 0.373721629381, "median": 0.391250282526, "min": 0.0188840702176, "var": 0.039275445044}, "silence_rate_20dB": {"dmean": 0, "dmean2": 0, "dvar": 0, "dvar2": 0, "max": 1, "mean": 1, "median": 1, "min": 1, "var": 0}, "silence_rate_30dB": {"dmean": 0.0743412822485, "dmean2": 0.148705884814, "dvar": 0.0688127204776, "dvar2": 0.146981075406, "max": 1, "mean": 0.8133918643, "median": 1, "min": 0, "var": 0.151797577739}, "silence_rate_60dB": {"dmean": 0.0222710166126, "dmean2": 0.0445490181446, "dvar": 0.0217754505575, "dvar2": 0.0460145734251, "max": 1, "mean": 0.27959856391, "median": 0, "min": 0, "var": 0.201426789165}, "spectral_centroid": {"dmean": 142.87663269, "dmean2": 221.168701172, "dvar": 95937.2734375, "dvar2": 191172.3125, "max": 11076.6621094, "mean": 594.013305664, "median": 381.307952881, "min": 82.7172622681, "var": 395985.28125}, "spectral_complexity": {"dmean": 2.70702624321, "dmean2": 4.03796100616, "dvar": 33.2865066528, "dvar2": 57.3243980408, "max": 69, "mean": 8.37290287018, "median": 7, "min": 0, "var": 92.5428619385}, "spectral_decrease": {"dmean": 5.41951195032e-09, "dmean2": 9.17582632098e-09, "dvar": 1.506405348e-16, "dvar2": 4.20714356289e-16, "max": 9.82597711726e-16, "mean": -1.30563382328e-08, "median": -6.97795599081e-09, "min": -1.26407741163e-07, "var": 2.56895007916e-16}, "spectral_energy": {"dmean": 0.0212017595768, "dmean2": 0.0357319414616, "dvar": 0.00233010505326, "dvar2": 0.00644161226228, "max": 0.506654798985, "mean": 0.0504325143993, "median": 0.0272981692106, "min": 1.07373431492e-20, "var": 0.00388889433816}, "spectral_energyband_high": {"dmean": 0.000559524749406, "dmean2": 0.000922060920857, "dvar": 6.93612764735e-06, "dvar2": 1.85050794244e-05, "max": 0.0396484024823, "mean": 0.000505454547238, "median": 6.07902256888e-06, "min": 7.79372319646e-21, "var": 5.63932781006e-06}, "spectral_energyband_low": {"dmean": 0.0168062597513, "dmean2": 0.0291445218027, "dvar": 0.00159105821513, "dvar2": 0.00479763140902, "max": 0.351664423943, "mean": 0.0411058031023, "median": 0.0136801227927, "min": 1.06021668728e-22, "var": 0.00289193913341}, "spectral_energyband_middle_high": {"dmean": 0.00267762644216, "dmean2": 0.00427258433774, "dvar": 0.000223078983254, "dvar2": 0.000561031047255, "max": 0.216848507524, "mean": 0.00256828311831, "median": 0.000260618515313, "min": 1.54271435966e-21, "var": 0.000190042337636}, "spectral_energyband_middle_low": {"dmean": 0.00442798342556, "dmean2": 0.00710846250877, "dvar": 0.000123419813463, "dvar2": 0.000309712311719, "max": 0.143626645207, "mean": 0.0073977378197, "median": 0.00370484427549, "min": 2.71276643531e-22, "var": 0.000151080792421}, "spectral_entropy": {"dmean": 0.340140998363, "dmean2": 0.48779040575, "dvar": 0.182604283094, "dvar2": 0.373956978321, "max": 9.82687282562, "mean": 6.23143482208, "median": 6.33976268768, "min": 2.81757521629, "var": 1.66511487961}, "spectral_flux": {"dmean": 0.0306968465447, "dmean2": 0.0455066822469, "dvar": 0.00316887511872, "dvar2": 0.00617170939222, "max": 0.636268079281, "mean": 0.0676874741912, "median": 0.0367307774723, "min": 1.03621153325e-10, "var": 0.00741051137447}, "spectral_kurtosis": {"dmean": 40.4833259583, "dmean2": 69.6314697266, "dvar": 11721.1464844, "dvar2": 36496.3554688, "max": 1375.83654785, "mean": 80.9996337891, "median": 10.5055923462, "min": -1.23796963692, "var": 27285.7050781}, "spectral_rms": {"dmean": 0.00112192844972, "dmean2": 0.0018228731351, "dvar": 4.20370452048e-06, "dvar2": 1.12193019959e-05, "max": 0.0222327988595, "mean": 0.00547959236428, "median": 0.00516065489501, "min": 3.23658092515e-12, "var": 1.91766448552e-05}, "spectral_rolloff": {"dmean": 216.885971069, "dmean2": 371.789794922, "dvar": 1079919.25, "dvar2": 2687737.5, "max": 20133.5449219, "mean": 872.550354004, "median": 344.53125, "min": 64.599609375, "var": 7947517.5}, "spectral_skewness": {"dmean": 1.18948209286, "dmean2": 1.90681803226, "dvar": 3.83226823807, "dvar2": 10.8531713486, "max": 30.5763263702, "mean": 5.25042009354, "median": 2.68735313416, "min": -0.0481211021543, "var": 32.1081733704}, "spectral_spread": {"dmean": 938532.375, "dmean2": 1433014, "dvar": 2173658988540.0, "dvar2": 4900905287680.0, "max": 41752668, "mean": 3431032.25, "median": 2974675, "min": 72374.1171875, "var": 7155195314180.0}, "spectral_strongpeak": {"dmean": 0.218014940619, "dmean2": 0.376270323992, "dvar": 0.183108747005, "dvar2": 0.522658467293, "max": 10.2334346771, "mean": 0.583254814148, "median": 0.551915109158, "min": 2.31871166712e-09, "var": 0.252688735723}, "zerocrossingrate": {"dmean": 0.00608306843787, "dmean2": 0.00764108449221, "dvar": 0.000151801170432, "dvar2": 0.000196861437871, "max": 0.80029296875, "mean": 0.034923478961, "median": 0.01513671875, "min": 0.00146484375, "var": 0.00829564314336}, "barkbands": {"dmean": [0.000190519363969, 0.0135664530098, 0.00360139645636, 0.00109140912537, 0.00100530683994, 0.00128304527607, 0.00106939661782, 0.000769455044065, 0.000317170197377, 0.000225864889217, 0.000722771161236, 0.000695496622939, 0.000422501470894, 7.28955928935e-05, 0.000164570796187, 0.00013126480917, 0.000127814593725, 9.28701629164e-05, 0.000146636273712, 0.000182337811566, 0.000118435913464, 0.000123136778711, 6.93460606271e-05, 4.49326616945e-05, 5.54095968255e-05, 1.6419980966e-05, 3.37743949785e-06], "dmean2": [0.000276065053185, 0.0239126291126, 0.00614168960601, 0.00179371214472, 0.00170974165667, 0.00210499879904, 0.00181193824392, 0.00131162989419, 0.000524735776708, 0.000374001072487, 0.00124240433797, 0.00111713272054, 0.00073179154424, 0.000117035117, 0.000271536933724, 0.000211735139601, 0.000207387944101, 0.00015118419833, 0.000237356347498, 0.000313176045893, 0.000189296668395, 0.000197347719222, 0.000111034125439, 7.27237274987e-05, 9.95545633486e-05, 2.93939538096e-05, 6.19812635705e-06], "dvar": [1.90566808556e-07, 0.00115269771777, 0.000187344790902, 2.78234692814e-05, 8.03721195552e-06, 9.04598073248e-06, 1.19846090456e-05, 4.45756995759e-06, 6.4832101998e-07, 1.2520748669e-06, 1.93798587134e-05, 2.10706912185e-05, 7.47928152123e-06, 9.8033169138e-08, 1.03700233467e-06, 5.59183092719e-07, 5.39148004464e-07, 2.3979123398e-07, 6.71300767863e-07, 1.26248460219e-06, 3.15818738272e-07, 4.52035521903e-07, 8.16224954292e-08, 2.74626028585e-08, 3.5233821194e-08, 6.10360118003e-09, 4.80037842809e-10], "dvar2": [5.54305529477e-07, 0.00372224976309, 0.0004892507568, 6.90552042215e-05, 2.17525048356e-05, 2.29158304137e-05, 3.19134742313e-05, 1.17557783597e-05, 1.75224988652e-06, 2.81580378214e-06, 5.37570740562e-05, 4.85249656776e-05, 2.05672367883e-05, 2.40977072963e-07, 2.68972030426e-06, 1.33994103635e-06, 1.32089110139e-06, 6.29725718682e-07, 1.72837667378e-06, 3.54496319233e-06, 8.0913275724e-07, 1.18846867281e-06, 2.01693168833e-07, 6.65872335048e-08, 9.64896003097e-08, 1.67108904492e-08, 1.37232702979e-09], "max": [0.00597410742193, 0.300492107868, 0.173273578286, 0.122794851661, 0.0567178726196, 0.0409995988011, 0.05881979689, 0.037399481982, 0.0114646358415, 0.0586544536054, 0.0778170228004, 0.084792226553, 0.0565624125302, 0.00837979279459, 0.0187499467283, 0.0169596318156, 0.0116778342053, 0.0100775584579, 0.0158391650766, 0.0173377115279, 0.00897713750601, 0.0119118085131, 0.00440644286573, 0.0027335640043, 0.00240156985819, 0.00152655353304, 0.000341901526554], "mean": [0.000507992343046, 0.0339674577117, 0.00554115325212, 0.00124959310051, 0.00132678810041, 0.00195483095013, 0.00138650054578, 0.000898561615031, 0.000473846448585, 0.000250603450695, 0.000684575526975, 0.000622919411398, 0.000367311993614, 7.30107567506e-05, 0.000133974142955, 0.000116840972623, 0.00010562735406, 9.03651016415e-05, 0.00013093004236, 0.000150190942804, 0.000116050054203, 0.000108903295768, 6.93998445058e-05, 4.80392081954e-05, 4.19543030148e-05, 1.29208337967e-05, 2.26464521802e-06], "median": [2.16323060158e-05, 0.00510477880016, 0.000589924748056, 2.09039790207e-05, 0.000252313475357, 0.000697094073985, 0.000454474327853, 0.00023605946626, 0.000111218949314, 3.88484986615e-05, 5.32799203938e-05, 1.57344366016e-05, 2.15181589738e-05, 4.73156978842e-06, 1.95423012883e-06, 1.59670537414e-06, 1.88341834928e-06, 1.50000789745e-06, 1.77372544385e-06, 2.10230064113e-06, 2.01787997867e-06, 1.18855609799e-06, 7.75302737566e-07, 3.50996202769e-07, 1.52905741402e-07, 2.93904776072e-08, 6.30087759745e-09], "min": [2.79170695723e-24, 5.86229486158e-23, 2.65856538023e-23, 2.3294065411e-23, 3.39831243658e-23, 4.36359387911e-23, 1.42256501884e-23, 5.31868954962e-23, 9.55496033199e-23, 3.51712435524e-23, 6.05351474501e-23, 8.01903426557e-23, 5.95735954264e-23, 1.05670505718e-22, 1.88169566564e-22, 1.48098259857e-22, 2.03196546393e-22, 2.8555868623e-22, 2.2341338532e-22, 3.49114167516e-22, 5.81326620969e-22, 4.20824905462e-22, 5.56498732279e-22, 7.76200659569e-22, 1.37640359866e-21, 1.60860577799e-21, 2.55179645197e-21], "var": [8.05387458058e-07, 0.00227933074348, 0.000197842280613, 3.1338116969e-05, 9.27517703531e-06, 1.22246119645e-05, 1.03143256638e-05, 4.37053813584e-06, 8.10909227766e-07, 1.38149061968e-06, 1.38425357363e-05, 1.98969810299e-05, 4.98606823385e-06, 9.54451024882e-08, 8.07654146229e-07, 5.08048856318e-07, 4.59812667941e-07, 2.0955359048e-07, 5.5956036249e-07, 8.6720518766e-07, 2.95459329891e-07, 3.54542095238e-07, 8.35720967984e-08, 3.33992247192e-08, 2.66715414199e-08, 4.28921476114e-09, 2.87881524175e-10]}, "erbbands": {"dmean": [0.307206481695, 3.34731245041, 4.58103609085, 4.78631973267, 1.59494686127, 4.34019088745, 5.70711708069, 12.219452858, 11.5924549103, 24.698677063, 9.33972167969, 7.76286458969, 6.91897916794, 13.2002668381, 34.6297302246, 25.999830246, 19.4607658386, 5.28042650223, 4.37539625168, 10.6170110703, 7.34172010422, 6.49684476852, 4.85491847992, 7.53270244598, 6.31833600998, 8.84111785889, 7.82889938354, 3.46438169479, 4.984811306, 2.62793970108, 1.93130719662, 1.09353864193, 0.769983410835, 0.703827917576, 0.326398849487, 0.0982600226998, 0.0247865300626, 0.00525547051802, 0.000589557457715, 4.69676269859e-05], "dmean2": [0.536505997181, 5.91209363937, 7.86142301559, 7.87294006348, 2.77124214172, 7.42151546478, 9.28976249695, 20.1328296661, 19.9624290466, 41.9134521484, 15.6568832397, 12.8000583649, 11.4682044983, 22.7260799408, 57.0882949829, 40.8863487244, 33.5928726196, 8.51154613495, 6.97051906586, 17.2909183502, 11.8459215164, 10.4284095764, 7.78851461411, 12.6978006363, 9.68166732788, 15.227186203, 13.5698871613, 5.2788901329, 8.17986679077, 4.14244842529, 3.08759713173, 1.72860527039, 1.27474069595, 1.25216782093, 0.587024927139, 0.175198048353, 0.0438739322126, 0.00933347363025, 0.0010769686196, 8.15878738649e-05], "dvar": [0.634895026684, 69.0203704834, 170.818817139, 507.921661377, 45.5727882385, 142.233352661, 174.956375122, 868.901367188, 1527.14099121, 3576.73999023, 1000.5869751, 374.240875244, 600.364196777, 6979.42871094, 42796.1367188, 31649.0644531, 15664.7539062, 595.676696777, 421.46081543, 4538.03613281, 1764.04174805, 1282.79199219, 575.537231445, 2181.48193359, 894.059448242, 2912.13647461, 2120.08374023, 199.610076904, 868.833435059, 117.830802917, 67.6783370972, 17.8910598755, 7.58633089066, 5.46732854843, 1.29834663868, 0.171894535422, 0.016504123807, 0.000871969154105, 1.42624630826e-05, 3.19136397309e-08], "dvar2": [2.15751957893, 218.624572754, 456.434234619, 1243.08312988, 122.143547058, 381.488189697, 450.280548096, 2199.96655273, 4132.88867188, 9335.36035156, 2619.40673828, 994.299987793, 1290.29321289, 19123.6445312, 112888.203125, 75246.078125, 43159.8476562, 1483.30639648, 1029.06262207, 11539.4257812, 4268.96386719, 3052.43164062, 1437.56616211, 5957.32910156, 2097.95141602, 8156.65869141, 5924.45947266, 475.532745361, 2328.42285156, 284.748321533, 169.105545044, 43.6065750122, 18.7877368927, 14.8235721588, 3.57130980492, 0.472106724977, 0.0453317575157, 0.00243968958966, 4.06384824601e-05, 8.82889565901e-08], "max": [7.64309549332, 78.7353973389, 136.440811157, 445.760101318, 138.91746521, 216.362167358, 168.629669189, 447.492614746, 609.88482666, 1073.3269043, 584.736450195, 269.775024414, 1284.36071777, 1584.72460938, 3569.24560547, 3891.85668945, 2473.20922852, 449.349853516, 324.120239258, 1160.76513672, 665.498168945, 556.721008301, 495.761932373, 912.566894531, 543.366394043, 894.850219727, 673.925842285, 276.694702148, 528.281433105, 169.580429077, 134.992553711, 52.0072555542, 49.7494544983, 27.9537296295, 14.6925363541, 7.93882083893, 2.69226264954, 0.464286327362, 0.0606338754296, 0.0028710286133], "mean": [0.744196653366, 8.18239688873, 9.2158870697, 6.22605848312, 1.53752160072, 5.65721607208, 10.41776371, 17.9040756226, 12.6702566147, 35.0450897217, 11.948636055, 11.8875722885, 9.00279045105, 11.3815870285, 33.3694572449, 24.1515598297, 17.5244102478, 5.0009188652, 4.17015266418, 8.75381278992, 6.27935838699, 5.58880853653, 4.76545524597, 6.13364505768, 6.49903202057, 7.20431661606, 6.67310333252, 3.6252617836, 4.25393152237, 2.65402770042, 1.90446007252, 1.14124512672, 0.765640437603, 0.546652317047, 0.247152686119, 0.0765937417746, 0.0199258066714, 0.00375888706185, 0.000417604023824, 7.27429724066e-05], "median": [0.103122889996, 1.27802169323, 2.83028721809, 0.548198223114, 0.198127552867, 1.12846398354, 3.8807682991, 6.2901597023, 3.96175956726, 11.9855585098, 3.8894162178, 2.88008785248, 1.73729813099, 1.24499905109, 2.35364317894, 1.15157210827, 1.10489761829, 0.363904327154, 0.213456004858, 0.122160203755, 0.0825608074665, 0.101412311196, 0.0902101993561, 0.0690377280116, 0.112027481198, 0.0966343432665, 0.0709612742066, 0.0835694819689, 0.0450772680342, 0.0328966118395, 0.0212145913392, 0.0100298617035, 0.0052447989583, 0.00234458479099, 0.000785538752098, 0.00020241306629, 6.32180963294e-05, 8.99732549442e-06, 2.15785821638e-05, 3.34089199896e-05], "min": [1.1920854025e-21, 1.47499082512e-20, 2.33803440243e-20, 8.4089843366e-20, 7.89209080404e-20, 7.61238355732e-20, 2.80351413628e-19, 3.78331344926e-19, 2.20931256216e-19, 8.53138315657e-19, 8.05376079907e-19, 2.17554456802e-18, 1.70534491575e-18, 1.76663072734e-18, 2.20849034464e-18, 3.46137925264e-18, 2.56287457818e-18, 4.69239006063e-18, 5.92980552131e-18, 1.25200279078e-17, 8.90643728945e-18, 1.26910425363e-17, 1.36894884132e-17, 1.5513706214e-17, 1.00916233255e-17, 1.77992079008e-17, 2.12686350004e-17, 1.96758507545e-17, 1.58793829105e-17, 1.91214776167e-17, 1.42894838705e-17, 1.34005740775e-17, 1.55183069926e-17, 1.30567275046e-17, 1.06711808042e-17, 6.63925475805e-18, 2.62808722293e-18, 1.33507809066e-18, 3.71128954085e-19, 3.5112744253e-20], "var": [1.33940041065, 132.582183838, 221.28276062, 615.280212402, 35.8303871155, 166.89125061, 310.566345215, 1107.74621582, 1167.81054688, 4268.47167969, 897.476379395, 509.911682129, 812.621948242, 4772.65722656, 33846.0234375, 28997.1386719, 10611.7949219, 533.00970459, 403.320343018, 3638.0690918, 1544.0970459, 1164.60449219, 553.150634766, 1556.80383301, 957.785217285, 1995.16210938, 1551.26269531, 213.570236206, 638.180908203, 122.676475525, 66.7984924316, 20.0399570465, 8.36023044586, 4.34350347519, 0.975018799305, 0.125612676144, 0.0115587981418, 0.000562968722079, 8.63221885083e-06, 2.42795472616e-08]}, "gfcc": {"mean": [-219.900009155, 151.424728394, -56.8207168579, 6.82815265656, -66.4151306152, -0.673393547535, -17.430431366, -3.52682471275, -10.2514944077, 1.80611014366, 3.55272674561, -2.62092733383, -3.44974994659], "cov": [[62729.1679688, -2890.59570312, -10222.0869141, 6657.71337891, 1705.21020508, 5993.40527344, 2182.39404297, 3436.02270508, 961.32800293, 2170.97167969, 649.694519043, 1036.16296387, -253.26399231], [-2890.59570312, 4870.56103516, 968.301757812, -2214.26464844, -257.606903076, -661.460449219, 305.666595459, -677.694335938, 165.671676636, -308.149047852, 250.059402466, -367.242797852, 82.2011184692], [-10222.0869141, 968.301757812, 2843.88037109, -879.626037598, -213.932342529, -851.360046387, -236.450698853, -429.231414795, -134.042007446, -319.56854248, -117.611122131, -219.66355896, -30.1743469238], [6657.71337891, -2214.26464844, -879.626037598, 2716.43969727, 817.11340332, 1084.79492188, 485.214935303, 853.589782715, 341.658355713, 352.664093018, 39.4873657227, 190.906097412, -42.6206855774], [1705.21020508, -257.606903076, -213.932342529, 817.11340332, 872.30090332, 598.335388184, 453.329467773, 306.384765625, 295.468505859, 149.504516602, 146.324676514, 24.6403388977, 42.4438323975], [5993.40527344, -661.460449219, -851.360046387, 1084.79492188, 598.335388184, 1034.58984375, 477.132598877, 533.17956543, 194.78704834, 303.12600708, 123.912811279, 111.359054565, -26.0178718567], [2182.39404297, 305.666595459, -236.450698853, 485.214935303, 453.329467773, 477.132598877, 500.260620117, 248.898391724, 257.801208496, 123.768302917, 169.006622314, 9.16045093536, 32.2507019043], [3436.02270508, -677.694335938, -429.231414795, 853.589782715, 306.384765625, 533.17956543, 248.898391724, 449.80368042, 156.293502808, 202.861221313, 41.06615448, 96.762802124, -15.6700086594], [961.32800293, 165.671676636, -134.042007446, 341.658355713, 295.468505859, 194.78704834, 257.801208496, 156.293502808, 257.829956055, 104.311470032, 125.177589417, 15.311457634, 44.117275238], [2170.97167969, -308.149047852, -319.56854248, 352.664093018, 149.504516602, 303.12600708, 123.768302917, 202.861221313, 104.311470032, 189.587677002, 87.8148727417, 82.5775146484, 0.529839515686], [649.694519043, 250.059402466, -117.611122131, 39.4873657227, 146.324676514, 123.912811279, 169.006622314, 41.06615448, 125.177589417, 87.8148727417, 158.257766724, 43.7219390869, 46.9773254395], [1036.16296387, -367.242797852, -219.66355896, 190.906097412, 24.6403388977, 111.359054565, 9.16045093536, 96.762802124, 15.311457634, 82.5775146484, 43.7219390869, 110.781661987, 28.7859306335], [-253.26399231, 82.2011184692, -30.1743469238, -42.6206855774, 42.4438323975, -26.0178718567, 32.2507019043, -15.6700086594, 44.117275238, 0.529839515686, 46.9773254395, 28.7859306335, 79.6020355225]], "icov": [[0.000162354961503, -0.000329110800521, 0.000382060563425, -0.000298595841741, 0.000197152330657, -0.000478739646496, 0.000203291405342, -0.000241756861215, 0.000310618372168, -0.000587419141084, 0.000408284045989, -0.000532467849553, 0.00023316979059], [-0.000329110800521, 0.00147366826423, -0.000826433999464, 0.00122194294818, 0.000115602844744, 0.000643164443318, -0.00107852800284, 0.000593270931859, -0.00164319016039, 0.00211962545291, -0.0019983551465, 0.00266061606817, -0.000411799526773], [0.000382060563425, -0.000826433999464, 0.00148114259355, -0.000721369578969, 3.07053414872e-05, -0.000161230869708, 0.00014737919264, -0.000987262115814, 0.00149985996541, -0.0016124084359, 0.000864975794684, -0.000692970468663, 0.00084067863645], [-0.000298595841741, 0.00122194294818, -0.000721369578969, 0.00217487034388, -0.000431505235611, 0.000287601345917, -0.000565143069252, -0.000850198790431, -0.00243203551508, 0.00261312932707, -0.000681487086695, 0.000785375828855, 0.000513517181389], [0.000197152330657, 0.000115602844744, 3.07053414872e-05, -0.000431505235611, 0.0041221617721, -0.00339093990624, 6.00916746407e-06, 0.00101677246857, -0.00332346209325, 0.00164555129595, -0.000461936171632, 0.00060490827309, -0.000935203279369], [-0.000478739646496, 0.000643164443318, -0.000161230869708, 0.000287601345917, -0.00339093990624, 0.00972145423293, -0.00594928627834, -0.00234522041865, 0.00685922708362, -0.00581650435925, 0.000350414309651, 0.00258298194967, -6.39711652184e-05], [0.000203291405342, -0.00107852800284, 0.00014737919264, -0.000565143069252, 6.00916746407e-06, -0.00594928627834, 0.0135697713122, -0.00389692303725, -0.00512755382806, 0.00803727097809, -0.00886143557727, 0.00212160311639, 0.00055187131511], [-0.000241756861215, 0.000593270931859, -0.000987262115814, -0.000850198790431, 0.00101677246857, -0.00234522041865, -0.00389692303725, 0.01448748447, -0.0052282246761, -0.00548937357962, 0.00944570079446, -0.00544053409249, 0.000237969506998], [0.000310618372168, -0.00164319016039, 0.00149985996541, -0.00243203551508, -0.00332346209325, 0.00685922708362, -0.00512755382806, -0.0052282246761, 0.0212689284235, -0.0112904198468, -0.00307266716845, 0.00561369862407, -0.00491555593908], [-0.000587419141084, 0.00211962545291, -0.0016124084359, 0.00261312932707, 0.00164555129595, -0.00581650435925, 0.00803727097809, -0.00548937357962, -0.0112904198468, 0.0315680168569, -0.0166921522468, -0.00263092690147, 0.00646431278437], [0.000408284045989, -0.0019983551465, 0.000864975794684, -0.000681487086695, -0.000461936171632, 0.000350414309651, -0.00886143557727, 0.00944570079446, -0.00307266716845, -0.0166921522468, 0.032325502485, -0.0144585669041, -0.00289829401299], [-0.000532467849553, 0.00266061606817, -0.000692970468663, 0.000785375828855, 0.00060490827309, 0.00258298194967, 0.00212160311639, -0.00544053409249, 0.00561369862407, -0.00263092690147, -0.0144585669041, 0.0319001600146, -0.0117894308642], [0.00023316979059, -0.000411799526773, 0.00084067863645, 0.000513517181389, -0.000935203279369, -6.39711652184e-05, 0.00055187131511, 0.000237969506998, -0.00491555593908, 0.00646431278437, -0.00289829401299, -0.0117894308642, 0.0232792664319]]}, "melbands": {"dmean": [0.00336828711443, 0.00320200133137, 0.000708666048013, 0.000184299060493, 0.000215203006519, 0.000264813163085, 0.000192357852939, 0.000258094078163, 6.54245377518e-05, 4.62626230728e-05, 3.38095633197e-05, 4.80388844153e-05, 0.000111119370558, 8.87467249413e-05, 6.33782474324e-05, 2.87136444967e-05, 7.51932202547e-06, 5.44865088159e-06, 1.43748948176e-05, 1.13945916382e-05, 8.52122138895e-06, 7.26118514649e-06, 4.92162507726e-06, 4.49923527412e-06, 6.44197098154e-06, 5.062431228e-06, 3.4625097669e-06, 7.03512023392e-06, 6.18846206635e-06, 2.33443779507e-06, 1.93371693058e-06, 2.90934644909e-06, 2.24038308261e-06, 1.24033556403e-06, 1.15276577617e-06, 9.83431164059e-07, 5.59432635328e-07, 5.70758800222e-07, 4.60340402242e-07, 6.98636767993e-07], "dmean2": [0.00589573988691, 0.00558237824589, 0.00116786779836, 0.000321196916047, 0.000345726264641, 0.000435496651335, 0.000330081529683, 0.000438795977971, 0.000109580134449, 7.68349782447e-05, 5.58552310395e-05, 8.27715412015e-05, 0.000186726319953, 0.00014316078159, 0.000108802181785, 4.89864105475e-05, 1.20385129776e-05, 8.61178159539e-06, 2.39902437897e-05, 1.80983679456e-05, 1.40041120176e-05, 1.18400848805e-05, 7.8254906839e-06, 7.39946972317e-06, 1.1043836821e-05, 8.12899907032e-06, 5.26175062987e-06, 1.25214774016e-05, 1.09496895675e-05, 3.70024486074e-06, 3.00362739836e-06, 4.81921688333e-06, 3.56779287358e-06, 1.99162923309e-06, 1.87563557574e-06, 1.58213106261e-06, 8.94432048426e-07, 9.42703252349e-07, 7.76101785505e-07, 1.26706959236e-06], "dvar": [7.1465059591e-05, 6.12834191998e-05, 1.05802355392e-05, 3.69026196267e-07, 2.37371821754e-07, 3.95445397317e-07, 4.35472969684e-07, 4.01965706942e-07, 4.96812297968e-08, 1.37062441397e-08, 1.49007055583e-08, 9.3577554594e-08, 4.46572158808e-07, 3.16481816753e-07, 2.3000592364e-07, 2.73790927707e-08, 1.06112374443e-09, 4.87433648999e-10, 8.34846414222e-09, 4.54659332405e-09, 2.44982545361e-09, 1.74308412149e-09, 5.65595681401e-10, 5.8503701883e-10, 1.7142808284e-09, 7.01997959762e-10, 2.07247927153e-10, 2.15211470866e-09, 1.52574808343e-09, 1.18536416793e-10, 6.10382439037e-11, 3.10770520429e-10, 1.63781960216e-10, 2.21591581889e-11, 2.48029877886e-11, 1.87912480715e-11, 4.9059987843e-12, 4.18092340262e-12, 2.80250909285e-12, 5.45339207819e-12], "dvar2": [0.000236179184867, 0.00017512368504, 2.58699219557e-05, 1.0392986951e-06, 6.01781550813e-07, 1.00061834019e-06, 1.17589661386e-06, 1.05062713374e-06, 1.30317090452e-07, 3.67499985998e-08, 3.09956327271e-08, 2.54788147913e-07, 1.20306458484e-06, 7.36087713449e-07, 6.40437292532e-07, 7.35529610552e-08, 2.59519916668e-09, 1.14510900762e-09, 2.18454303536e-08, 1.09108677648e-08, 6.05854166835e-09, 4.15571355106e-09, 1.39151734579e-09, 1.54543411401e-09, 4.73555150649e-09, 1.73122149949e-09, 4.57648419161e-10, 6.15887651989e-09, 4.33911795383e-09, 2.91988377921e-10, 1.47747411527e-10, 8.38228819688e-10, 4.31050639627e-10, 5.25663922113e-11, 6.37320474173e-11, 4.64925632715e-11, 1.21482953905e-11, 1.03449930913e-11, 7.1836104773e-12, 1.51104406765e-11], "max": [0.0764932855964, 0.0808407887816, 0.0629509538412, 0.0133673530072, 0.007202798035, 0.00933279655874, 0.0100585725158, 0.0109040699899, 0.00431454135105, 0.00166402338073, 0.00674820272252, 0.00601011235267, 0.0119013991207, 0.0104353241622, 0.0104097612202, 0.00301030580886, 0.00086218607612, 0.000372543901904, 0.00158396048937, 0.00134414958302, 0.000749035854824, 0.000654414587189, 0.000429443432949, 0.000468478247058, 0.000813308695797, 0.000488872581627, 0.00021239821217, 0.000748740450945, 0.000624639389571, 0.000217257751501, 0.000164697587024, 0.000347693887306, 0.000286725378828, 5.65824047953e-05, 7.57857560529e-05, 8.1267709902e-05, 3.32072086167e-05, 3.26276785927e-05, 3.1560932257e-05, 2.81240063487e-05], "mean": [0.0084145963192, 0.0074713989161, 0.000910927832592, 0.000202787239687, 0.000392521789763, 0.000393980444642, 0.000215961408685, 0.00035766424844, 8.35853425087e-05, 6.95612543495e-05, 4.2784580728e-05, 4.05452919949e-05, 0.000104673643364, 8.29000855447e-05, 5.30128963874e-05, 2.61443929048e-05, 7.29592829884e-06, 5.6157855397e-06, 1.14104796012e-05, 9.91448541754e-06, 7.07617391527e-06, 6.10449706073e-06, 4.55020881418e-06, 4.31060334449e-06, 5.02545799463e-06, 4.79817026644e-06, 3.93305708712e-06, 5.23525432072e-06, 4.99125417264e-06, 2.38730444835e-06, 1.965251613e-06, 2.44793000093e-06, 2.00137765205e-06, 1.29015131733e-06, 1.1209862123e-06, 9.42005272009e-07, 5.99651457378e-07, 5.70757151763e-07, 4.22764685482e-07, 5.01866963987e-07], "median": [0.00124558806419, 0.00209401547909, 6.94830450811e-05, 3.9517552068e-05, 0.000144207922858, 0.000139924042742, 6.57157797832e-05, 0.000119058378914, 2.32856455114e-05, 1.59114224516e-05, 6.80804396325e-06, 4.16711372964e-06, 7.85294923844e-06, 3.0407372833e-06, 2.64008781414e-06, 1.68728217886e-06, 4.42575952775e-07, 3.35372902782e-07, 1.48529565536e-07, 1.29208785893e-07, 8.70035989919e-08, 9.87564305888e-08, 9.58712220722e-08, 6.66016930495e-08, 5.02963395377e-08, 6.66982060693e-08, 9.15976414717e-08, 5.45320233414e-08, 4.67356997547e-08, 3.7293236943e-08, 4.74777976933e-08, 2.44741436006e-08, 1.91350881806e-08, 1.69676184214e-08, 1.27697816765e-08, 8.14473910538e-09, 4.66232652485e-09, 4.29049773487e-09, 2.15750395327e-09, 1.80290238294e-09], "min": [1.46616315226e-23, 1.63096439952e-23, 1.34896839846e-23, 4.81609916715e-24, 8.84407343631e-24, 8.2347091526e-24, 3.15401834644e-24, 1.07904473027e-23, 5.48480590689e-24, 1.55705917675e-23, 8.34942451658e-24, 6.78333051588e-24, 7.63846362575e-24, 1.00350593434e-23, 5.58038744961e-24, 6.2935575454e-24, 9.21434107939e-24, 8.76043682542e-24, 1.62599631131e-23, 1.30662076735e-23, 1.01488848723e-23, 1.2120778389e-23, 1.59168512178e-23, 1.06140816701e-23, 1.34645808529e-23, 5.34382896894e-24, 9.76572645315e-24, 1.25606858839e-23, 1.07283237176e-23, 1.48151391216e-23, 1.06674449549e-23, 8.03508237851e-24, 1.03148690954e-23, 1.04909341719e-23, 8.11108202698e-24, 7.20688413539e-24, 9.04415853859e-24, 1.12331047668e-23, 1.04231647093e-23, 1.12030586326e-23], "var": [0.000150887062773, 0.000102579819213, 1.26694221763e-05, 2.88499478529e-07, 4.60934131752e-07, 5.16390230132e-07, 3.31930266384e-07, 4.62255314915e-07, 4.46086971806e-08, 1.76911676419e-08, 2.08413553082e-08, 6.45989501891e-08, 3.34783493372e-07, 2.98704691204e-07, 1.52130695596e-07, 1.95604066278e-08, 1.01991604051e-09, 5.30515076314e-10, 6.2997358441e-09, 4.09258182898e-09, 2.04926986491e-09, 1.54118817708e-09, 5.46762579656e-10, 4.95866736561e-10, 1.17062948224e-09, 6.57188248265e-10, 2.63289667846e-10, 1.34943500818e-09, 1.03578079447e-09, 1.20836632367e-10, 6.24461177212e-11, 2.24281537786e-10, 1.27376956205e-10, 2.50377323041e-11, 2.35007117932e-11, 1.80276227973e-11, 5.5602467075e-12, 4.56670161755e-12, 2.94005054677e-12, 3.85217465565e-12]}, "mfcc": {"mean": [-818.63269043, 151.798187256, 42.0076293945, 21.2646636963, -10.2910461426, 2.9900135994, 0.0606702417135, -1.18497276306, -5.38094520569, -0.685264468193, 3.07863330841, 7.27315950394, 5.93815898895], "cov": [[27835.3808594, 2508.35717773, -2063.98974609, 440.194366455, -60.5166893005, 1804.01025391, 1697.25512695, 1690.39196777, 1143.55773926, 1176.67346191, 1023.02825928, 1245.98364258, 1225.12231445], [2508.35717773, 4382.62744141, 380.8046875, -461.736663818, -546.146972656, 107.661468506, 243.344085693, 145.452148438, 66.8761749268, 157.759307861, 307.921173096, 310.79788208, 124.73109436], [-2063.98974609, 380.8046875, 985.091674805, 48.2789993286, -44.4356880188, -225.163818359, -128.771697998, -166.736999512, -101.299415588, -86.8482894897, -28.5770549774, -69.4635848999, -109.394172668], [440.194366455, -461.736663818, 48.2789993286, 688.779968262, 404.748077393, 285.029785156, 147.640670776, 229.72819519, 222.715713501, 192.246444702, 84.5176315308, 105.419250488, 149.090942383], [-60.5166893005, -546.146972656, -44.4356880188, 404.748077393, 508.979522705, 331.058807373, 233.906265259, 218.051086426, 223.620391846, 161.440307617, 101.456268311, 80.4636611938, 104.733802795], [1804.01025391, 107.661468506, -225.163818359, 285.029785156, 331.058807373, 562.788635254, 447.988250732, 375.452941895, 283.956817627, 268.293060303, 215.621032715, 221.323532104, 211.440933228], [1697.25512695, 243.344085693, -128.771697998, 147.640670776, 233.906265259, 447.988250732, 467.49609375, 359.112182617, 262.110656738, 234.894821167, 212.717529297, 206.91506958, 181.096862793], [1690.39196777, 145.452148438, -166.736999512, 229.72819519, 218.051086426, 375.452941895, 359.112182617, 363.840759277, 275.764068604, 232.523666382, 180.493881226, 188.120574951, 184.168457031], [1143.55773926, 66.8761749268, -101.299415588, 222.715713501, 223.620391846, 283.956817627, 262.110656738, 275.764068604, 268.53918457, 210.557907104, 152.694091797, 140.505279541, 137.294723511], [1176.67346191, 157.759307861, -86.8482894897, 192.246444702, 161.440307617, 268.293060303, 234.894821167, 232.523666382, 210.557907104, 224.164657593, 166.39894104, 149.302246094, 136.002151489], [1023.02825928, 307.921173096, -28.5770549774, 84.5176315308, 101.456268311, 215.621032715, 212.717529297, 180.493881226, 152.694091797, 166.39894104, 181.270568848, 156.562301636, 116.930686951], [1245.98364258, 310.79788208, -69.4635848999, 105.419250488, 80.4636611938, 221.323532104, 206.91506958, 188.120574951, 140.505279541, 149.302246094, 156.562301636, 186.89982605, 151.389068604], [1225.12231445, 124.73109436, -109.394172668, 149.090942383, 104.733802795, 211.440933228, 181.096862793, 184.168457031, 137.294723511, 136.002151489, 116.930686951, 151.389068604, 183.731552124]], "icov": [[7.3240546044e-05, -4.25064354204e-06, 0.000104406411992, -7.52560445108e-05, 0.000266996299615, -6.59489596728e-05, -7.96089152573e-05, -5.75820740778e-05, -9.97634924715e-05, 3.6603960325e-05, -8.04073642939e-05, -3.77605610993e-05, -0.000172627303982], [-4.25064354204e-06, 0.000431949447375, -0.000287892966298, 0.000209792211535, 0.000732928921934, -0.000504227355123, 0.000285685819108, -1.26962513605e-05, -0.000432479428127, 0.000222420960199, -0.00047797820298, -0.000561428663787, 0.000212393060792], [0.000104406411992, -0.000287892966298, 0.00189554819372, -0.00140044523869, 0.00011039776291, 0.00181273429189, -0.0022590844892, 0.00163824460469, -8.81829619175e-05, 0.000745342113078, -0.00153219432104, 0.00039470277261, 0.000363854167517], [-7.52560445108e-05, 0.000209792211535, -0.00140044523869, 0.00534619251266, -0.00333390012383, -0.00161847705022, 0.00507135735825, -0.00407009478658, 0.00150975049473, -0.00433945376426, 0.00447040330619, -0.00225897668861, -0.000868263305165], [0.000266996299615, 0.000732928921934, 0.00011039776291, -0.00333390012383, 0.00930144824088, -0.0043847290799, -0.00174369581509, 0.00439376430586, -0.00746282236651, 0.00549790123478, -0.00467861164361, 0.00332840858027, -0.000706478720531], [-6.59489596728e-05, -0.000504227355123, 0.00181273429189, -0.00161847705022, -0.0043847290799, 0.0145936636254, -0.0101109696552, -0.0004512273008, 0.00524625508115, -0.00560275837779, 0.00251577165909, -0.00233048037626, -0.000156033158419], [-7.96089152573e-05, 0.000285685819108, -0.0022590844892, 0.00507135735825, -0.00174369581509, -0.0101109696552, 0.02151876688, -0.0149559034035, 0.00220479886048, 0.00177344831172, -0.00415502861142, -0.000213094259379, 0.00114734983072], [-5.75820740778e-05, -1.26962513605e-05, 0.00163824460469, -0.00407009478658, 0.00439376430586, -0.0004512273008, -0.0149559034035, 0.0337037369609, -0.019261687994, 0.00164547958411, 0.00377197400667, -0.00266484590247, -0.00338646280579], [-9.97634924715e-05, -0.000432479428127, -8.81829619175e-05, 0.00150975049473, -0.00746282236651, 0.00524625508115, 0.00220479886048, -0.019261687994, 0.0321781933308, -0.0165002308786, 0.000900049053598, 0.00166826602072, 0.0012531846296], [3.6603960325e-05, 0.000222420960199, 0.000745342113078, -0.00433945376426, 0.00549790123478, -0.00560275837779, 0.00177344831172, 0.00164547958411, -0.0165002308786, 0.0363673865795, -0.0224507134408, 0.00703229662031, -0.00260998401791], [-8.04073642939e-05, -0.00047797820298, -0.00153219432104, 0.00447040330619, -0.00467861164361, 0.00251577165909, -0.00415502861142, 0.00377197400667, 0.000900049053598, -0.0224507134408, 0.0439368821681, -0.0265355166048, 0.00625512748957], [-3.77605610993e-05, -0.000561428663787, 0.00039470277261, -0.00225897668861, 0.00332840858027, -0.00233048037626, -0.000213094259379, -0.00266484590247, 0.00166826602072, 0.00703229662031, -0.0265355166048, 0.0419382192194, -0.0177532378584], [-0.000172627303982, 0.000212393060792, 0.000363854167517, -0.000868263305165, -0.000706478720531, -0.000156033158419, 0.00114734983072, -0.00338646280579, 0.0012531846296, -0.00260998401791, 0.00625512748957, -0.0177532378584, 0.0218594502658]]}, "spectral_contrast_coeffs": {"dmean": [0.0478078536689, 0.0466268919408, 0.0348590351641, 0.0276668705046, 0.0179343521595, 0.020485561341], "dmean2": [0.0797427371144, 0.0779556259513, 0.0562523566186, 0.0458123423159, 0.0284850634634, 0.032720323652], "dvar": [0.00172022311017, 0.00157141592354, 0.000951480236836, 0.000722383148968, 0.000284384819679, 0.00050081074005], "dvar2": [0.00453590555117, 0.00431495718658, 0.00234123854898, 0.00176561262924, 0.00066064944258, 0.00113776512444], "max": [-0.236425817013, -0.420607864857, -0.535593032837, -0.544628083706, -0.670989334583, -0.619888007641], "mean": [-0.582888901234, -0.709443390369, -0.771041750908, -0.818678438663, -0.858853697777, -0.812606453896], "median": [-0.585003018379, -0.707431733608, -0.777838230133, -0.829857230186, -0.856675863266, -0.789888620377], "min": [-0.973670840263, -0.961027085781, -0.963084518909, -0.960859656334, -0.968157172203, -0.965761721134], "var": [0.0101191950962, 0.00659742811695, 0.00590233504772, 0.00497283786535, 0.00261622946709, 0.00560159794986]}, "spectral_contrast_valleys": {"dmean": [0.520324349403, 0.445660859346, 0.454590559006, 0.491908282042, 0.502514660358, 0.723726153374], "dmean2": [0.835368394852, 0.709833323956, 0.689801573753, 0.720791995525, 0.695602476597, 0.956650555134], "dvar": [0.300516963005, 0.241945460439, 0.278108149767, 0.334172219038, 0.395466685295, 0.684350669384], "dvar2": [0.618224918842, 0.484401196241, 0.539668440819, 0.644480109215, 0.759230852127, 1.50013434887], "max": [-4.76622724533, -4.02169179916, -4.44420909882, -5.17758226395, -4.74813604355, -7.63004684448], "mean": [-8.89321422