{"lowlevel": {"average_loudness": 0.673616826534, "barkbands_crest": {"dmean": 1.70551800728, "dmean2": 2.68243837357, "dvar": 4.24130344391, "dvar2": 10.4181032181, "max": 26.2021522522, "mean": 14.7351293564, "median": 13.8764743805, "min": 5.43970489502, "var": 19.5165328979}, "barkbands_flatness_db": {"dmean": 0.0358459055424, "dmean2": 0.0523036643863, "dvar": 0.00158225989435, "dvar2": 0.00351128936745, "max": 0.619771063328, "mean": 0.390724629164, "median": 0.393471986055, "min": 0.0570957586169, "var": 0.00888033118099}, "barkbands_kurtosis": {"dmean": 6.35149049759, "dmean2": 10.0656013489, "dvar": 208.509857178, "dvar2": 565.525878906, "max": 269.610412598, "mean": 16.9324607849, "median": 11.0897960663, "min": -1.46385252476, "var": 475.963104248}, "barkbands_skewness": {"dmean": 0.517541408539, "dmean2": 0.799194693565, "dvar": 0.554562032223, "dvar2": 1.32616710663, "max": 12.3829488754, "mean": 2.2508084774, "median": 2.12014389038, "min": -1.86224412918, "var": 2.86538600922}, "barkbands_spread": {"dmean": 0.701702654362, "dmean2": 0.985989749432, "dvar": 3.2481508255, "dvar2": 5.26981163025, "max": 87.9251480103, "mean": 3.00643205643, "median": 1.83944022655, "min": 0.206306010485, "var": 17.6365261078}, "dissonance": {"dmean": 0.0377322472632, "dmean2": 0.0618992447853, "dvar": 0.00129823130555, "dvar2": 0.00326554942876, "max": 0.498089879751, "mean": 0.322226583958, "median": 0.325462430716, "min": 0.0704210847616, "var": 0.0056761726737}, "dynamic_complexity": 5.70294189453, "erbbands_crest": {"dmean": 1.97720003128, "dmean2": 3.08221578598, "dvar": 5.2033867836, "dvar2": 11.782412529, "max": 31.539056778, "mean": 15.5451221466, "median": 14.6092634201, "min": 2.71584010124, "var": 23.4845104218}, "erbbands_flatness_db": {"dmean": 0.0317206196487, "dmean2": 0.0449330359697, "dvar": 0.00134514656384, "dvar2": 0.00309173646383, "max": 0.539388477802, "mean": 0.362684547901, "median": 0.369085550308, "min": 0.0393083170056, "var": 0.00613679876551}, "erbbands_kurtosis": {"dmean": 2.48175001144, "dmean2": 3.80145597458, "dvar": 21.1438179016, "dvar2": 41.1059532166, "max": 258.178985596, "mean": 7.49788379669, "median": 5.03582811356, "min": -1.46164786816, "var": 141.470306396}, "erbbands_skewness": {"dmean": 0.361022680998, "dmean2": 0.542790651321, "dvar": 0.213151350617, "dvar2": 0.454460203648, "max": 10.1060285568, "mean": 1.79043865204, "median": 1.78708291054, "min": -1.45348763466, "var": 1.52205753326}, "erbbands_spread": {"dmean": 2.07706952095, "dmean2": 3.10866427422, "dvar": 11.6396284103, "dvar2": 25.8393230438, "max": 75.4870147705, "mean": 10.1779155731, "median": 7.61303710938, "min": 0.799376428127, "var": 88.9459152222}, "hfc": {"dmean": 1.76897823811, "dmean2": 2.62640476227, "dvar": 13.728843689, "dvar2": 31.2275657654, "max": 48.9419212341, "mean": 5.29763031006, "median": 3.35664367676, "min": 1.13013319579e-16, "var": 37.7154769897}, "melbands_crest": {"dmean": 2.07404947281, "dmean2": 3.25791311264, "dvar": 6.05023765564, "dvar2": 14.4597511292, "max": 33.5989341736, "mean": 18.2970752716, "median": 17.5996170044, "min": 2.7775759697, "var": 30.073059082}, "melbands_flatness_db": {"dmean": 0.0374629572034, "dmean2": 0.0518210195005, "dvar": 0.00173465406988, "dvar2": 0.0036624467466, "max": 0.776544392109, "mean": 0.488482803106, "median": 0.489382892847, "min": 0.00787111371756, "var": 0.0132559565827}, "melbands_kurtosis": {"dmean": 5.24896717072, "dmean2": 8.11996459961, "dvar": 89.8351974487, "dvar2": 208.965042114, "max": 186.317733765, "mean": 15.6861047745, "median": 11.0028553009, "min": -1.53345429897, "var": 297.475006104}, "melbands_skewness": {"dmean": 0.441489875317, "dmean2": 0.670987904072, "dvar": 0.322448641062, "dvar2": 0.716240823269, "max": 9.27755069733, "mean": 2.15482735634, "median": 2.03916692734, "min": -2.08143591881, "var": 2.09704256058}, "melbands_spread": {"dmean": 0.90883731842, "dmean2": 1.2584092617, "dvar": 8.18043231964, "dvar2": 11.2209615707, "max": 134.541702271, "mean": 3.91771793365, "median": 2.59579110146, "min": 0.338640958071, "var": 28.1348762512}, "pitch_salience": {"dmean": 0.0523633137345, "dmean2": 0.0850274339318, "dvar": 0.00436921231449, "dvar2": 0.0108042340726, "max": 0.857627689838, "mean": 0.477689474821, "median": 0.48268443346, "min": 0.0792794376612, "var": 0.0156777109951}, "silence_rate_20dB": {"dmean": 0, "dmean2": 0, "dvar": 0, "dvar2": 0, "max": 1, "mean": 1, "median": 1, "min": 1, "var": 0}, "silence_rate_30dB": {"dmean": 0.0176017601043, "dmean2": 0.0352112688124, "dvar": 0.0172918681055, "dvar2": 0.0405733808875, "max": 1, "mean": 0.982402086258, "median": 1, "min": 0, "var": 0.0172884408385}, "silence_rate_60dB": {"dmean": 0.0435643568635, "dmean2": 0.0869278162718, "dvar": 0.0416657365859, "dvar2": 0.0894972532988, "max": 1, "mean": 0.236911565065, "median": 0, "min": 0, "var": 0.180785536766}, "spectral_centroid": {"dmean": 37.0285720825, "dmean2": 50.0045852661, "dvar": 34219.8515625, "dvar2": 39511.2695312, "max": 10857.2568359, "mean": 380.827331543, "median": 320.153747559, "min": 156.473464966, "var": 84728.1953125}, "spectral_complexity": {"dmean": 0.919251918793, "dmean2": 1.44872355461, "dvar": 1.42208838463, "dvar2": 2.64426589012, "max": 17, "mean": 5.65508127213, "median": 6, "min": 0, "var": 7.00167894363}, "spectral_decrease": {"dmean": 1.74293701694e-09, "dmean2": 2.62901189707e-09, "dvar": 1.74982216913e-17, "dvar2": 3.87988106788e-17, "max": 2.55542676709e-29, "mean": -4.87577356267e-09, "median": -2.67753019756e-09, "min": -5.99986620387e-08, "var": 4.40656052966e-17}, "spectral_energy": {"dmean": 0.00673629296944, "dmean2": 0.0101570915431, "dvar": 0.000259652355453, "dvar2": 0.000575968879275, "max": 0.230887919664, "mean": 0.0188827440143, "median": 0.0104010254145, "min": 1.01542082824e-20, "var": 0.000655121402815}, "spectral_energyband_high": {"dmean": 5.01115937368e-06, "dmean2": 7.9550081864e-06, "dvar": 5.20744614096e-10, "dvar2": 1.36306987919e-09, "max": 0.000495219719596, "mean": 5.71052441956e-06, "median": 4.25247606017e-07, "min": 7.30773762292e-21, "var": 6.34526764465e-10}, "spectral_energyband_low": {"dmean": 0.000870384916198, "dmean2": 0.00134258181788, "dvar": 6.17752721155e-06, "dvar2": 1.39692992889e-05, "max": 0.0699877366424, "mean": 0.0023689751979, "median": 0.000386473780964, "min": 3.81756076882e-23, "var": 2.7761054298e-05}, "spectral_energyband_middle_high": {"dmean": 0.000127802632051, "dmean2": 0.000175796914846, "dvar": 9.96352227389e-08, "dvar2": 2.07912634664e-07, "max": 0.00465038698167, "mean": 0.000320201943396, "median": 0.00015854742378, "min": 1.30525192959e-21, "var": 2.46658828473e-07}, "spectral_energyband_middle_low": {"dmean": 0.00633647991344, "dmean2": 0.00958094280213, "dvar": 0.000243901216891, "dvar2": 0.000545467832126, "max": 0.228555947542, "mean": 0.0173516217619, "median": 0.00945147685707, "min": 3.89198802818e-22, "var": 0.00057747279061}, "spectral_entropy": {"dmean": 0.270232647657, "dmean2": 0.409100621939, "dvar": 0.131278127432, "dvar2": 0.317661434412, "max": 9.81035900116, "mean": 5.09396219254, "median": 5.05602073669, "min": 3.34552907944, "var": 0.460374951363}, "spectral_flux": {"dmean": 0.0212440565228, "dmean2": 0.0344498939812, "dvar": 0.00130694382824, "dvar2": 0.00332023948431, "max": 0.413517177105, "mean": 0.0356989428401, "median": 0.0212385971099, "min": 1.00768088318e-10, "var": 0.00189845566638}, "spectral_kurtosis": {"dmean": 38.4463691711, "dmean2": 62.9121780396, "dvar": 2194.19433594, "dvar2": 5854.2109375, "max": 669.270202637, "mean": 98.7329330444, "median": 72.9574966431, "min": -1.19365692139, "var": 8267.87011719}, "spectral_rms": {"dmean": 0.000607343914453, "dmean2": 0.000877692655195, "dvar": 1.16542071282e-06, "dvar2": 2.4108726393e-06, "max": 0.0150085473433, "mean": 0.00355140352622, "median": 0.00318548921496, "min": 3.14746644546e-12, "var": 5.80973255637e-06}, "spectral_rolloff": {"dmean": 52.129360199, "dmean2": 86.8426361084, "dvar": 120130.742188, "dvar2": 145640.3125, "max": 19293.75, "mean": 434.832641602, "median": 366.064453125, "min": 129.19921875, "var": 177738.515625}, "spectral_skewness": {"dmean": 1.63465332985, "dmean2": 2.68374276161, "dvar": 2.48000025749, "dvar2": 5.75297641754, "max": 22.169462204, "mean": 7.09313869476, "median": 6.38299512863, "min": 0.0283618886024, "var": 14.0209064484}, "spectral_spread": {"dmean": 538496, "dmean2": 890841.6875, "dvar": 822873882624, "dvar2": 1648882483200.0, "max": 41486492, "mean": 1489757.875, "median": 1241218.5, "min": 155231.96875, "var": 1603009380350.0}, "spectral_strongpeak": {"dmean": 0.222729131579, "dmean2": 0.367152899504, "dvar": 0.12108822912, "dvar2": 0.28577119112, "max": 4.02686023712, "mean": 0.807896137238, "median": 0.671045064926, "min": 0, "var": 0.386929661036}, "zerocrossingrate": {"dmean": 0.00215961039066, "dmean2": 0.00254768040031, "dvar": 7.36209767638e-05, "dvar2": 7.1115216997e-05, "max": 0.501953125, "mean": 0.0183207504451, "median": 0.0146484375, "min": 0.0048828125, "var": 0.000307798152789}, "barkbands": {"dmean": [5.66187054574e-07, 0.000130674350658, 0.000474593456602, 0.00105922471266, 0.00419973442331, 0.00144784559961, 0.000397478870582, 0.000133683206514, 4.78981564811e-05, 2.75141173915e-05, 3.76921743737e-05, 1.72712352651e-05, 4.82792456751e-05, 1.2720790437e-05, 7.49269065636e-06, 1.43688168919e-06, 5.1410343076e-06, 1.60407819294e-06, 4.22245284426e-06, 7.34463083063e-06, 2.07677953767e-06, 6.93115111972e-07, 6.41283691039e-07, 4.74837236197e-07, 4.64042130943e-07, 1.20983656871e-07, 1.59067017336e-08], "dmean2": [9.68927338363e-07, 0.000179425129318, 0.000751065090299, 0.00162429315969, 0.00656522670761, 0.0022237864323, 0.000644536863547, 0.000198737194296, 6.05810309935e-05, 3.02291500702e-05, 5.00622554682e-05, 2.44677339651e-05, 7.03348050592e-05, 2.02193295991e-05, 1.09229631562e-05, 2.29448255595e-06, 7.4021427281e-06, 2.5182639547e-06, 5.97257803747e-06, 9.44887869991e-06, 3.30014040628e-06, 1.02683168279e-06, 9.67909386418e-07, 8.09175958238e-07, 8.2850385752e-07, 2.18851610612e-07, 2.96063102923e-08], "dvar": [2.55290233397e-12, 1.90498326447e-07, 1.87782109151e-06, 1.0081943401e-05, 0.000183332129382, 1.28082228912e-05, 1.07005530481e-06, 1.71594891185e-07, 1.747262246e-08, 8.86334383665e-09, 1.8012041636e-08, 1.99684757618e-09, 3.93113701591e-08, 1.37105571341e-09, 8.63251359284e-10, 1.34878783489e-11, 3.15876130808e-10, 4.918313673e-11, 2.55096360702e-10, 2.01860950177e-09, 8.48280681809e-11, 7.95312253554e-12, 1.76145365655e-11, 1.40114725378e-11, 9.93271524058e-12, 2.55700571394e-13, 5.67156151416e-15], "dvar2": [6.87638617922e-12, 3.31323917635e-07, 4.48071250503e-06, 2.28990156756e-05, 0.000426133046858, 3.53595787601e-05, 2.63454421656e-06, 4.22027056857e-07, 3.03680067759e-08, 1.03573523091e-08, 3.16226866914e-08, 4.20386347955e-09, 8.80215083043e-08, 3.9333905022e-09, 1.69969671671e-09, 3.29676008715e-11, 5.59133461753e-10, 1.24110791089e-10, 4.86308882053e-10, 3.84762488537e-09, 2.12327183613e-10, 1.89308829029e-11, 4.04821211275e-11, 3.77827456821e-11, 2.75681300704e-11, 7.00484971677e-13, 1.6048614667e-14], "max": [4.8525929742e-05, 0.011846835725, 0.0430707708001, 0.0545052289963, 0.200911134481, 0.0646736770868, 0.0181082487106, 0.00699162157252, 0.003476443002, 0.00267516449094, 0.00309092923999, 0.000980358687229, 0.00327539700083, 0.000650396454148, 0.000643683713861, 6.91889072186e-05, 0.000340093072737, 0.000211042264709, 0.000368375127437, 0.00092778110411, 0.000163785516634, 6.04569540883e-05, 8.08306576801e-05, 7.35497378628e-05, 6.38768324279e-05, 9.92553941614e-06, 1.50198616211e-06], "mean": [5.98372537297e-07, 0.000220266432734, 0.0010176403448, 0.00248936237767, 0.00857003778219, 0.00489800050855, 0.000907298468519, 0.000270475196885, 0.000140453135828, 0.00010127061978, 5.58971005375e-05, 4.14961541537e-05, 8.98797225091e-05, 2.95421850751e-05, 1.36665294121e-05, 2.43236127062e-06, 1.05308945422e-05, 2.19572439164e-06, 6.15563567408e-06, 1.09641296149e-05, 2.55431245932e-06, 7.25619543118e-07, 6.08929497048e-07, 3.30932152792e-07, 3.10763397238e-07, 7.58577840543e-08, 9.75221503552e-09], "median": [1.83981214263e-07, 3.88430780731e-05, 0.000149141298607, 0.000218783010496, 0.00245261006057, 0.00256165023893, 0.000340747879818, 5.97257603658e-05, 2.80117601505e-05, 2.33210976148e-05, 5.88830698689e-06, 7.97301981947e-06, 1.60179406521e-05, 8.41930341267e-06, 2.6185139177e-06, 4.5598341103e-07, 1.43500426475e-06, 2.92700633509e-07, 6.61269268676e-07, 2.97371968827e-07, 1.25232787695e-07, 3.90417653762e-08, 9.43512823426e-09, 3.9896397297e-09, 2.55010323968e-09, 1.11280029635e-09, 5.32308974677e-10], "min": [9.47434411173e-24, 1.38035559616e-23, 5.33900508451e-24, 2.40325401925e-23, 6.14920862152e-23, 3.28228046376e-23, 3.12657194284e-23, 1.79671306872e-23, 1.72745947472e-22, 9.28684165643e-23, 2.2311417669e-23, 5.1836362471e-23, 9.14598012884e-23, 9.05121521493e-23, 9.1270594578e-23, 1.74633407628e-22, 1.7238907942e-22, 1.61443287262e-22, 3.08039505468e-22, 1.98362772798e-22, 2.72051544754e-22, 6.52529837363e-22, 8.47950903669e-22, 7.98707656367e-22, 1.34271295237e-21, 1.27834170055e-21, 2.1783932698e-21], "var": [3.09179353127e-12, 4.47557397365e-07, 6.93579886502e-06, 3.16672376357e-05, 0.000337941775797, 4.57280693809e-05, 2.47767934525e-06, 3.4832717688e-07, 8.16509952983e-08, 7.5870431715e-08, 3.10594359121e-08, 8.60804583169e-09, 7.51852553549e-08, 3.14257775358e-09, 1.65926061779e-09, 2.53989208138e-11, 1.06287156854e-09, 5.60148177842e-11, 5.39781053188e-10, 4.03399225135e-09, 1.49955395323e-10, 9.55057300606e-12, 1.99220726721e-11, 9.68476687735e-12, 6.18949813277e-12, 1.63547466043e-13, 3.31538542313e-15]}, "erbbands": {"dmean": [0.00067161564948, 0.0455081239343, 0.459773689508, 2.04103374481, 12.5554294586, 11.2394237518, 9.62986755371, 12.2840805054, 8.2362909317, 4.98344182968, 1.17263948917, 1.21725821495, 1.14495110512, 0.617617189884, 1.41403830051, 0.929711997509, 2.41255950928, 0.816027998924, 0.248044967651, 0.39451700449, 0.0990361943841, 0.243604943156, 0.140305772424, 0.257152527571, 0.154537245631, 0.448260992765, 0.126831978559, 0.0426065810025, 0.0272180885077, 0.0273436214775, 0.011746481061, 0.00722674373537, 0.00944447144866, 0.00856611598283, 0.00149217597209, 0.000715903297532, 0.000183084048331, 2.89651325147e-05, 5.77586615691e-06, 7.45521720091e-06], "dmean2": [0.000954157847445, 0.0649938434362, 0.710675895214, 3.12708926201, 19.2498683929, 17.5994873047, 14.61003685, 19.2501354218, 13.860956192, 7.23174715042, 1.71284615993, 1.54601228237, 1.29128146172, 0.775912344456, 1.93136942387, 1.33107209206, 3.45750451088, 1.28886258602, 0.386039555073, 0.551341831684, 0.148430004716, 0.352561593056, 0.202351018786, 0.366113871336, 0.217199534178, 0.566271185875, 0.198065131903, 0.068172082305, 0.0403814166784, 0.0407686531544, 0.0178224425763, 0.0122968126088, 0.0160685293376, 0.0153669053689, 0.00264222035185, 0.00129171088338, 0.000333761825459, 5.356931797e-05, 9.53155085881e-06, 1.12368234113e-05], "dvar": [4.56954740002e-06, 0.0212237946689, 1.68092405796, 32.126865387, 1866.17199707, 1316.6784668, 883.005493164, 1203.83520508, 526.339904785, 282.779083252, 8.82329654694, 12.7312297821, 15.0165376663, 2.43148112297, 23.7217731476, 4.52511692047, 94.5196151733, 5.36960697174, 0.36806344986, 3.79621362686, 0.051066737622, 0.659083068371, 0.193271532655, 1.29737699032, 0.233933240175, 8.46645641327, 0.387003660202, 0.0270104184747, 0.0104681774974, 0.0319399237633, 0.00398800196126, 0.00209236657247, 0.00573429092765, 0.00474076066166, 5.07073746121e-05, 9.49236800807e-06, 5.63287244404e-07, 1.42298537398e-08, 2.65696520341e-10, 3.11282527532e-10], "dvar2": [8.31082707009e-06, 0.0389431230724, 3.95607757568, 73.7602539062, 3909.10083008, 3245.23876953, 2317.6953125, 3446.16821289, 1348.82250977, 643.840148926, 21.5614547729, 22.6044101715, 19.0053977966, 4.14635801315, 45.1713562012, 10.05073452, 210.460174561, 15.1672725677, 0.949268400669, 7.29105949402, 0.109093904495, 1.30701041222, 0.369856566191, 2.51529240608, 0.500735759735, 16.2894210815, 0.905486106873, 0.0712498724461, 0.0247067119926, 0.0750753283501, 0.00878715794533, 0.00559813482687, 0.0155029334128, 0.0132139744237, 0.0001371063845, 2.61124914687e-05, 1.5696441551e-06, 3.99576940424e-08, 7.15859427292e-10, 6.90527413028e-10], "max": [0.0530844144523, 3.68996405602, 32.9811096191, 115.868667603, 770.638183594, 689.611450195, 729.462585449, 736.788024902, 463.950317383, 372.852996826, 50.3547973633, 97.9320220947, 103.38483429, 36.0097961426, 93.8918457031, 35.7466812134, 159.533859253, 38.9367866516, 13.4288015366, 43.2590789795, 3.704662323, 13.417098999, 7.39329481125, 27.0190010071, 8.12038230896, 60.2761802673, 12.2741498947, 3.89761805534, 2.06399798393, 3.69668412209, 1.16452169418, 0.827115118504, 1.5345852375, 1.42244493961, 0.148382335901, 0.0635905861855, 0.0141886472702, 0.00168380350806, 0.000328858790454, 0.000252488069236], "mean": [0.00127745326608, 0.0796789452434, 0.918385386467, 5.40777349472, 21.1045055389, 25.5889186859, 35.1867523193, 37.8030357361, 20.2897510529, 11.5369215012, 2.77939772606, 3.59777545929, 4.35369253159, 1.48593258858, 2.18842101097, 2.20719194412, 4.76444292068, 1.89636540413, 0.539895236492, 0.712108910084, 0.180657610297, 0.485253721476, 0.270961076021, 0.384404689074, 0.218035727739, 0.678987681866, 0.173560261726, 0.0452047027647, 0.0284676514566, 0.0273046158254, 0.010901379399, 0.00538146542385, 0.00652671046555, 0.00576207134873, 0.00098698027432, 0.000454122782685, 0.000117720272101, 1.82240055437e-05, 1.05009385152e-05, 2.08697492781e-05], "median": [0.000300011801301, 0.0174746196717, 0.206594839692, 0.747140049934, 2.92626523972, 7.60443592072, 13.7531471252, 17.8656806946, 6.56865978241, 3.24751639366, 1.23132789135, 0.833338856697, 0.989706993103, 0.645636558533, 0.391998291016, 0.797268033028, 1.00986766815, 0.698964178562, 0.244601145387, 0.0880084335804, 0.0501137375832, 0.0766495987773, 0.0384147614241, 0.044996201992, 0.0309620089829, 0.0154027361423, 0.00817757938057, 0.00385392410681, 0.00167315255385, 0.000545132963452, 0.000266561110038, 0.000124282902107, 6.89291337039e-05, 4.6590976126e-05, 2.43357990257e-05, 1.44874902617e-05, 6.86520434101e-06, 1.15353122965e-06, 5.53075551579e-06, 1.16323581096e-05], "min": [4.09194495634e-22, 3.08142791973e-21, 5.43190727063e-21, 5.13851155802e-20, 8.87322588446e-20, 3.30682407071e-19, 1.80904942803e-19, 3.24446189035e-19, 5.28448211739e-19, 2.49213026649e-19, 6.64038158483e-19, 2.61640950063e-18, 5.23216387422e-18, 1.46757784573e-18, 1.66080341111e-18, 2.43428935196e-18, 4.25517216734e-18, 5.56789249662e-18, 3.49797723846e-18, 9.55987357742e-18, 7.25839737859e-18, 1.06739626126e-17, 8.04140820079e-18, 1.08220519305e-17, 1.65199813553e-17, 9.50593974712e-18, 1.11920920047e-17, 1.35922889009e-17, 2.4877051604e-17, 2.42462502863e-17, 2.25534963003e-17, 1.43669906939e-17, 1.61476078046e-17, 1.48149255392e-17, 9.44871208363e-18, 5.00408577751e-18, 2.38235978029e-18, 1.12879134341e-18, 3.04151028363e-19, 3.1489098634e-20], "var": [1.13790247269e-05, 0.0494152680039, 4.60225009918, 124.545822144, 3393.40722656, 2564.58764648, 4302.98046875, 3501.6159668, 1419.04272461, 663.621887207, 20.681476593, 57.9164581299, 122.609382629, 6.46395921707, 39.8775520325, 14.5187807083, 184.739257812, 12.2159137726, 0.679330766201, 7.50661039352, 0.1061193645, 1.81849217415, 0.582051515579, 2.70758581161, 0.390378564596, 16.8252906799, 0.778186023235, 0.0276719070971, 0.0127176064998, 0.0361084416509, 0.00474169012159, 0.00152188539505, 0.00391369918361, 0.00293660443276, 3.38097488566e-05, 6.02616410106e-06, 3.44409869513e-07, 8.49877324072e-09, 2.62991267652e-10, 7.87435672223e-10]}, "gfcc": {"mean": [-247.819396973, 208.530044556, -87.3428344727, -11.0378713608, -47.3132476807, -35.35887146, -37.6009712219, -32.6729545593, -28.0041217804, -8.65994548798, 0.455491870642, -13.047369957, -6.79277801514], "cov": [[23617.6796875, 231.018585205, -4863.15136719, 838.644470215, -25.1003723145, 258.977355957, 570.918701172, 117.50327301, -517.192199707, -325.822967529, -144.374008179, -371.260162354, 3.58545017242], [231.018585205, 2056.07397461, 401.869659424, -733.708740234, 573.581542969, -331.295227051, 168.413024902, -253.094558716, 89.1904983521, -203.984939575, 22.0959758759, -189.013153076, -37.235042572], [-4863.15136719, 401.869659424, 2148.78271484, -129.816299438, 113.154067993, 17.2405643463, -285.772521973, -135.497695923, -12.4338245392, -23.9020519257, -89.1100540161, 28.6833305359, -80.7897186279], [838.644470215, -733.708740234, -129.816299438, 751.754760742, -155.818908691, 130.189239502, 9.88808917999, 31.9903049469, -81.1341323853, -20.697177887, -61.8062438965, 26.2562351227, 11.6314878464], [-25.1003723145, 573.581542969, 113.154067993, -155.818908691, 392.77520752, -110.917572021, 34.8773880005, -80.545425415, -20.1056919098, -116.68132782, -25.9369220734, -59.4266700745, -9.23604679108], [258.977355957, -331.295227051, 17.2405643463, 130.189239502, -110.917572021, 250.024154663, -17.8801708221, 45.8586883545, -28.49559021, 29.3435096741, -31.3510246277, 20.3493461609, -12.972776413], [570.918701172, 168.413024902, -285.772521973, 9.88808917999, 34.8773880005, -17.8801708221, 177.85723877, 2.05341362953, 33.9797210693, 0.119999185205, 22.3636188507, -26.3732433319, 8.79576396942], [117.50327301, -253.094558716, -135.497695923, 31.9903049469, -80.545425415, 45.8586883545, 2.05341362953, 190.04914856, 39.6080131531, 41.5565185547, 24.0855979919, 42.8097953796, 6.60692405701], [-517.192199707, 89.1904983521, -12.4338245392, -81.1341323853, -20.1056919098, -28.49559021, 33.9797210693, 39.6080131531, 143.810546875, 38.0295410156, 36.6285324097, 18.9755134583, 17.2985935211], [-325.822967529, -203.984939575, -23.9020519257, -20.697177887, -116.68132782, 29.3435096741, 0.119999185205, 41.5565185547, 38.0295410156, 136.256591797, 39.4915275574, 18.7616920471, -15.3238754272], [-144.374008179, 22.0959758759, -89.1100540161, -61.8062438965, -25.9369220734, -31.3510246277, 22.3636188507, 24.0855979919, 36.6285324097, 39.4915275574, 92.3237380981, 29.1705245972, 5.6945734024], [-371.260162354, -189.013153076, 28.6833305359, 26.2562351227, -59.4266700745, 20.3493461609, -26.3732433319, 42.8097953796, 18.9755134583, 18.7616920471, 29.1705245972, 104.543838501, 39.6586380005], [3.58545017242, -37.235042572, -80.7897186279, 11.6314878464, -9.23604679108, -12.972776413, 8.79576396942, 6.60692405701, 17.2985935211, -15.3238754272, 5.6945734024, 39.6586380005, 91.1675186157]], "icov": [[0.00019629819144, -0.000665010127705, 0.000626414956059, -0.000501343340147, 0.000285629299469, -0.000397021503886, 0.000679770135321, -0.000357349199476, 0.000767080753576, -0.000369993009372, 0.00054045394063, -0.000274392106803, 0.00015036574041], [-0.000665010127705, 0.00510584842414, -0.00283405650407, 0.00366904377006, -0.00213319063187, 0.00223480071872, -0.00512034771964, 0.00261339871213, -0.00388218346052, 0.00452322233468, -0.00335880019702, 0.00368156167679, -0.000356346456101], [0.000626414956059, -0.00283405650407, 0.00290286517702, -0.00204843538813, 0.000889020680916, -0.00159765908029, 0.00396321201697, -0.000912115094252, 0.00224834447727, -0.00214051106013, 0.00272931647487, -0.00223804521374, 0.00121478573419], [-0.000501343340147, 0.00366904377006, -0.00204843538813, 0.00446307566017, -0.000680673751049, 0.00125672924332, -0.00432495260611, 0.00173217151314, -0.00196250225417, 0.003863977734, -0.00130398292094, 0.00197225133888, -0.000219467023271], [0.000285629299469, -0.00213319063187, 0.000889020680916, -0.000680673751049, 0.00559264980257, 0.000191450075363, 0.000779987545684, -0.00083819514839, 0.00205827597529, 0.00164112146012, 0.00165765464772, -0.000596704077907, 0.000612830568571], [-0.000397021503886, 0.00223480071872, -0.00159765908029, 0.00125672924332, 0.000191450075363, 0.00657571293414, -0.00278377556242, 0.000160320618306, -0.000921979139093, 0.00106912269257, 0.00083927687956, 0.000271651952062, 0.000748330377974], [0.000679770135321, -0.00512034771964, 0.00396321201697, -0.00432495260611, 0.000779987545684, -0.00278377556242, 0.0138273285702, -0.00196603010409, 0.00142521830276, -0.00484078051522, 0.00159395264927, -0.00133851065766, -0.000164205339388], [-0.000357349199476, 0.00261339871213, -0.000912115094252, 0.00173217151314, -0.00083819514839, 0.000160320618306, -0.00196603010409, 0.00845150370151, -0.00397028261796, 0.00166594539769, -0.00181010272354, -0.000643485866021, 0.00099358940497], [0.000767080753576, -0.00388218346052, 0.00224834447727, -0.00196250225417, 0.00205827597529, -0.000921979139093, 0.00142521830276, -0.00397028261796, 0.0134430788457, -0.00471971742809, 0.00151985336561, -0.00253982888535, -0.00147956167348], [-0.000369993009372, 0.00452322233468, -0.00214051106013, 0.003863977734, 0.00164112146012, 0.00106912269257, -0.00484078051522, 0.00166594539769, -0.00471971742809, 0.0170313641429, -0.00638277968392, 0.00389771722257, 0.00259821116924], [0.00054045394063, -0.00335880019702, 0.00272931647487, -0.00130398292094, 0.00165765464772, 0.00083927687956, 0.00159395264927, -0.00181010272354, 0.00151985336561, -0.00638277968392, 0.0196421965957, -0.0081850355491, 0.00242910441011], [-0.000274392106803, 0.00368156167679, -0.00223804521374, 0.00197225133888, -0.000596704077907, 0.000271651952062, -0.00133851065766, -0.000643485866021, -0.00253982888535, 0.00389771722257, -0.0081850355491, 0.0198023524135, -0.00753236701712], [0.00015036574041, -0.000356346456101, 0.00121478573419, -0.000219467023271, 0.000612830568571, 0.000748330377974, -0.000164205339388, 0.00099358940497, -0.00147956167348, 0.00259821116924, 0.00242910441011, -0.00753236701712, 0.0158766489476]]}, "melbands": {"dmean": [1.88102367247e-05, 0.00017389410641, 0.000603424734436, 0.00100527703762, 0.000331827148329, 0.000277071434539, 0.000112627531053, 4.92552280775e-05, 6.78169453749e-06, 7.65368713473e-06, 5.58811098017e-06, 2.21878826778e-06, 5.4588549574e-06, 1.78796744876e-06, 5.43734631719e-06, 3.51950257027e-06, 1.38690381846e-06, 3.78490312869e-07, 4.45628018042e-07, 3.54768445732e-07, 9.17637521525e-08, 2.37211239096e-07, 2.69189285973e-07, 8.71641319122e-08, 2.34579871972e-07, 9.94307995938e-08, 2.09422481134e-07, 2.80027393273e-07, 6.58772165707e-08, 5.68794753519e-08, 1.87951680886e-08, 1.24844854454e-08, 1.75839307559e-08, 1.77348447039e-08, 7.31139992993e-09, 3.65798480395e-09, 4.87744911126e-09, 8.7226261769e-09, 4.88609908089e-09, 7.53852358315e-09], "dmean2": [2.58564159594e-05, 0.000267295021331, 0.000914221163839, 0.00157419242896, 0.000506782904267, 0.000433083914686, 0.000188562975382, 7.13153276592e-05, 9.62918602454e-06, 9.7135462056e-06, 6.26726887276e-06, 2.8022288916e-06, 7.31318687031e-06, 2.68728376795e-06, 7.69749112806e-06, 5.14509747518e-06, 2.192230113e-06, 5.88212230923e-07, 6.46208945909e-07, 5.0166750043e-07, 1.39049362247e-07, 3.48075474221e-07, 3.87926633039e-07, 1.24718496863e-07, 3.3554229617e-07, 1.54314506062e-07, 2.74363003427e-07, 3.54358689947e-07, 1.03779555616e-07, 9.06143569068e-08, 3.11159737976e-08, 1.85118622653e-08, 2.62520458705e-08, 2.68180482266e-08, 1.11458149377e-08, 5.89755133618e-09, 8.42865333084e-09, 1.50468295601e-08, 8.30103275007e-09, 1.36435058806e-08], "dvar": [3.9969778598e-09, 2.53145543638e-07, 2.86253771264e-06, 1.23563031593e-05, 8.9421996563e-07, 5.37884318419e-07, 9.45449940559e-08, 2.87250578879e-08, 2.29214203173e-10, 5.00888885924e-10, 3.63830993111e-10, 2.87075866551e-11, 3.85258797087e-10, 3.06527060678e-11, 3.65999397456e-10, 1.52968401834e-10, 1.6200984998e-11, 8.69465686514e-13, 3.75442689091e-12, 2.44383723327e-12, 5.47282725594e-14, 5.5639791819e-13, 1.27360014895e-12, 1.27540827292e-13, 1.12825037941e-12, 8.42499830209e-14, 1.51184945639e-12, 3.21441484541e-12, 7.07426128853e-14, 7.23975797389e-14, 1.09636387154e-14, 1.43269556155e-15, 1.01458724506e-14, 1.69992617666e-14, 1.63413545475e-15, 2.22364571621e-16, 1.23975723215e-15, 6.035439245e-15, 8.98261394025e-16, 3.84271192544e-15], "dvar2": [6.91400492414e-09, 5.72019757783e-07, 5.82692609896e-06, 2.88098108285e-05, 2.46503054768e-06, 1.52783070462e-06, 2.44915781877e-07, 6.69541577736e-08, 5.32590860303e-10, 8.91766938071e-10, 4.56481130673e-10, 5.01856368962e-11, 6.77547351557e-10, 7.3982646398e-11, 8.22184376137e-10, 3.41264710935e-10, 4.559504857e-11, 2.1980707185e-12, 7.20047806102e-12, 4.76598318103e-12, 1.20477345006e-13, 1.22668195046e-12, 2.1527462972e-12, 2.75185175211e-13, 2.16618563365e-12, 2.05984955113e-13, 2.79471216134e-12, 6.25262775583e-12, 1.76848241455e-13, 1.76711875926e-13, 3.02189778192e-14, 3.23692920815e-15, 2.45111378839e-14, 4.0159058533e-14, 3.64679871045e-15, 5.04869117771e-16, 3.37801355695e-15, 1.64746468285e-14, 2.38787693435e-15, 1.07653567728e-14], "max": [0.00171328044962, 0.0131466221064, 0.0289474651217, 0.0559212081134, 0.0240378025919, 0.0147263808176, 0.00606400892138, 0.00362392677926, 0.000290153548121, 0.000530046818312, 0.000510170939378, 0.000117939940537, 0.000456271605799, 9.35114367167e-05, 0.000312898802804, 0.000197335277335, 6.67014101055e-05, 1.86577690329e-05, 4.29033534601e-05, 3.38352983817e-05, 4.5356314331e-06, 1.38430796142e-05, 2.28964290727e-05, 9.51228685153e-06, 2.52763147728e-05, 4.14515761804e-06, 2.57318351942e-05, 3.72209397028e-05, 4.64711047243e-06, 4.84670454171e-06, 3.0211288049e-06, 6.43189139282e-07, 2.27765985983e-06, 2.55115946857e-06, 7.5759584206e-07, 2.37018454641e-07, 6.56580823488e-07, 1.56336318469e-06, 6.17269392933e-07, 1.27501255065e-06], "mean": [3.21280276694e-05, 0.000343732303008, 0.00129085162189, 0.00190103694331, 0.00116952834651, 0.000872866017744, 0.000275408441667, 0.000110383603896, 1.67606303876e-05, 2.27032360272e-05, 2.09756199183e-05, 5.29288490725e-06, 8.00615362095e-06, 3.48717276211e-06, 1.16660576168e-05, 6.82649124428e-06, 3.21642392009e-06, 7.84459246006e-07, 8.00386999344e-07, 6.33935314909e-07, 1.47817829088e-07, 4.56969161178e-07, 5.40655264558e-07, 1.42439887441e-07, 3.42857362057e-07, 1.23960646192e-07, 3.16108128118e-07, 4.19998400503e-07, 8.06566191613e-08, 7.22047772683e-08, 1.57444155491e-08, 1.2837694463e-08, 1.84862116726e-08, 1.72184968505e-08, 6.76415590206e-09, 3.09847791868e-09, 3.42519901331e-09, 5.82501646917e-09, 3.56120155587e-09, 4.97600938232e-09], "median": [5.60934722671e-06, 6.65776969981e-05, 0.000207893754123, 0.000392538669985, 0.000501973438077, 0.000437691051047, 8.63910681801e-05, 2.35747611441e-05, 6.73303020449e-06, 5.03586215927e-06, 4.43759017799e-06, 2.04900766221e-06, 9.30091175633e-07, 9.77433046501e-07, 2.86363228952e-06, 1.68631993347e-06, 9.08756817353e-07, 2.90895798116e-07, 1.36367873438e-07, 6.40172359567e-08, 3.40632446694e-08, 7.99454653588e-08, 3.01245250967e-08, 1.83829111933e-08, 2.74092890606e-08, 1.8059601814e-08, 1.36208271329e-08, 7.96225130273e-09, 4.3091734625e-09, 3.36844729887e-09, 1.16455267651e-09, 9.35569621774e-10, 4.49559889315e-10, 1.90769622321e-10, 1.30632143991e-10, 8.4836630776e-11, 5.47821094043e-11, 3.80201703454e-11, 3.22525131602e-11, 2.60299906629e-11], "min": [4.62546422409e-24, 3.38873345639e-24, 9.54827300032e-24, 1.42769498131e-23, 9.03446422692e-24, 7.2823584025e-24, 7.426357861e-24, 2.71193162326e-24, 6.04096191697e-24, 2.174905924e-23, 2.67647662486e-23, 5.79895990163e-24, 4.34792520826e-24, 6.91464587988e-24, 8.16510558835e-24, 7.92942313772e-24, 1.07582807104e-23, 4.55293083044e-24, 8.5798263323e-24, 1.37287356602e-23, 7.31794470679e-24, 1.10605193556e-23, 1.04366463422e-23, 5.27729604577e-24, 8.56166912085e-24, 1.4297815184e-23, 6.95236763065e-24, 6.59042523113e-24, 7.32704579505e-24, 5.34599557542e-24, 9.19313492054e-24, 1.47884235582e-23, 1.18634685278e-23, 1.47503168433e-23, 1.41361902063e-23, 9.70727264893e-24, 8.41410637764e-24, 1.04909673041e-23, 1.25339529655e-23, 1.27698831185e-23], "var": [9.50263512323e-09, 7.1605239782e-07, 7.17412058293e-06, 2.17580127355e-05, 3.94175003748e-06, 1.64127561675e-06, 2.61588979811e-07, 6.37329549136e-08, 7.54824758253e-10, 2.25022356304e-09, 2.98221958239e-09, 8.3936961548e-11, 6.60069943148e-10, 4.77046561975e-11, 7.59305673892e-10, 3.07310565884e-10, 3.86563905885e-11, 1.66091923201e-12, 7.27893439967e-12, 4.96433580008e-12, 9.82907331915e-14, 1.19825427792e-12, 4.63045617474e-12, 2.22120553287e-13, 2.38166365969e-12, 1.02196815463e-13, 3.1008149607e-12, 6.30669605081e-12, 1.21857398846e-13, 1.3581566156e-13, 7.23129984169e-15, 1.75303272841e-15, 1.19525691631e-14, 1.84648591583e-14, 1.91994586462e-15, 2.37270154501e-16, 8.39392392433e-16, 3.99924869629e-15, 6.45198813149e-16, 2.3375225197e-15]}, "mfcc": {"mean": [-863.431945801, 205.351669312, 31.2930011749, 16.0814113617, 0.389211386442, -5.31950426102, -6.66507673264, -23.6410694122, -25.951795578, -14.5185670853, -6.06145095825, -5.68969345093, -7.77800607681], "cov": [[7991.84179688, 2651.22094727, -1650.83459473, 236.703079224, -262.886810303, -19.0794372559, 389.475189209, 4.46778154373, -5.64481973648, 113.095214844, 90.1654205322, 1.17015182972, -20.4363574982], [2651.22094727, 2454.40185547, -227.177124023, -253.289657593, 80.4895248413, -43.1115188599, 84.054649353, -4.56116247177, -156.570220947, -39.0971603394, 89.7794418335, -117.327957153, -259.658935547], [-1650.83459473, -227.177124023, 886.932128906, 32.0690727234, 126.412345886, 113.859275818, -108.327026367, -45.3004760742, -53.9649391174, -87.337890625, -58.2005348206, -41.2442512512, -47.208316803], [236.703079224, -253.289657593, 32.0690727234, 449.768493652, 76.9541549683, 60.0602989197, 63.4409713745, 23.5034980774, 44.8420181274, -17.407365799, -66.9178390503, -14.7803506851, 29.0615749359], [-262.886810303, 80.4895248413, 126.412345886, 76.9541549683, 222.234054565, 40.8819122314, -2.98179721832, 51.9635772705, -4.96125411987, -47.3609809875, -43.3535118103, -40.5848846436, -53.8913955688], [-19.0794372559, -43.1115188599, 113.859275818, 60.0602989197, 40.8819122314, 169.572555542, 41.2941894531, -5.75437068939, 20.5240821838, -34.6554985046, -45.4035644531, 7.85640716553, 10.5459165573], [389.475189209, 84.054649353, -108.327026367, 63.4409713745, -2.98179721832, 41.2941894531, 137.712371826, 46.7948074341, 6.09226942062, -11.358537674, -18.2326259613, -3.71544289589, 22.5781536102], [4.46778154373, -4.56116247177, -45.3004760742, 23.5034980774, 51.9635772705, -5.75437068939, 46.7948074341, 116.52406311, 44.3904953003, -14.1666479111, -15.9458971024, -13.8946027756, 10.2886695862], [-5.64481973648, -156.570220947, -53.9649391174, 44.8420181274, -4.96125411987, 20.5240821838, 6.09226942062, 44.3904953003, 126.502601624, 28.8045330048, -42.5867729187, 28.7557430267, 50.5128479004], [113.095214844, -39.0971603394, -87.337890625, -17.407365799, -47.3609809875, -34.6554985046, -11.358537674, -14.1666479111, 28.8045330048, 129.24005127, 86.8955993652, 5.49486875534, -18.5984706879], [90.1654205322, 89.7794418335, -58.2005348206, -66.9178390503, -43.3535118103, -45.4035644531, -18.2326259613, -15.9458971024, -42.5867729187, 86.8955993652, 187.367233276, 8.77394199371, -65.7470397949], [1.17015182972, -117.327957153, -41.2442512512, -14.7803506851, -40.5848846436, 7.85640716553, -3.71544289589, -13.8946027756, 28.7557430267, 5.49486875534, 8.77394199371, 154.695266724, 81.7727813721], [-20.4363574982, -259.658935547, -47.208316803, 29.0615749359, -53.8913955688, 10.5459165573, 22.5781536102, 10.2886695862, 50.5128479004, -18.5984706879, -65.7470397949, 81.7727813721, 199.886001587]], "icov": [[0.000602461572271, -0.000724634446669, 0.00093653332442, -0.000834781385493, 0.000740481656976, -0.000694431713782, 0.000128368163132, -1.42922172017e-05, 0.000234849750996, -0.000334259937517, 0.000149036175571, -6.23675668976e-06, -0.000353535026079], [-0.000724634446669, 0.00146251590922, -0.000941121485084, 0.00138193299063, -0.00121743849013, 0.000963859492913, -0.000800228153821, 0.000364669045666, -0.000107287436549, 0.000746738398448, -0.000240703142481, 7.65572476666e-05, 0.00108121521771], [0.00093653332442, -0.000941121485084, 0.00324485707097, -0.00134190928657, 0.000660363119096, -0.00253657437861, 0.00199224823155, -0.000164588229381, 0.0013825672213, -3.66275671695e-05, 0.000425181380706, 0.000281915185042, -0.000398305710405], [-0.000834781385493, 0.00138193299063, -0.00134190928657, 0.00421621324494, -0.00248579448089, 0.00111546029802, -0.0023217627313, 0.00146802922245, -0.00151574169286, 0.000570220290683, -4.86651260871e-05, 0.000489205296617, 0.000457506888779], [0.000740481656976, -0.00121743849013, 0.000660363119096, -0.00248579448089, 0.00886721629649, -0.00279203313403, 0.00309153669514, -0.00560498191044, 0.0025954307057, -0.000539587985259, 0.00219233101234, -0.000426213926403, 0.00167826353572], [-0.000694431713782, 0.000963859492913, -0.00253657437861, 0.00111546029802, -0.00279203313403, 0.0105556203052, -0.00584856746718, 0.00492087332532, -0.00483567873016, 0.00300892372616, -0.00091668847017, -0.000428716331953, 0.000893344520591], [0.000128368163132, -0.000800228153821, 0.00199224823155, -0.0023217627313, 0.00309153669514, -0.00584856746718, 0.0147506101057, -0.00842247530818, 0.00566967437044, -0.00214989855886, 0.00195703608915, 6.22223888058e-06, -0.00130050978623], [-1.42922172017e-05, 0.000364669045666, -0.000164588229381, 0.00146802922245, -0.00560498191044, 0.00492087332532, -0.00842247530818, 0.0188805181533, -0.0105501655489, 0.00605064816773, -0.00468405196443, 0.00267456891015, -0.000977058545686], [0.000234849750996, -0.000107287436549, 0.0013825672213, -0.00151574169286, 0.0025954307057, -0.00483567873016, 0.00566967437044, -0.0105501655489, 0.0190526116639, -0.00994191598147, 0.00775973312557, -0.0030231254641, -0.000661641883198], [-0.000334259937517, 0.000746738398448, -3.66275671695e-05, 0.000570220290683, -0.000539587985259, 0.00300892372616, -0.00214989855886, 0.00605064816773, -0.00994191598147, 0.0180776454508, -0.00964532326907, 0.0022643180564, 0.000567034468986], [0.000149036175571, -0.000240703142481, 0.000425181380706, -4.86651260871e-05, 0.00219233101234, -0.00091668847017, 0.00195703608915, -0.00468405196443, 0.00775973312557, -0.00964532326907, 0.0131424441934, -0.00343797588721, 0.00334044429474], [-6.23675668976e-06, 7.65572476666e-05, 0.000281915185042, 0.000489205296617, -0.000426213926403, -0.000428716331953, 6.22223888058e-06, 0.00267456891015, -0.0030231254641, 0.0022643180564, -0.00343797588721, 0.00972995720804, -0.00427306676283], [-0.000353535026079, 0.00108121521771, -0.000398305710405, 0.000457506888779, 0.00167826353572, 0.000893344520591, -0.00130050978623, -0.000977058545686, -0.000661641883198, 0.000567034468986, 0.00334044429474, -0.00427306676283, 0.00988000072539]]}, "spectral_contrast_coeffs": {"dmean": [0.0397142395377, 0.0367900803685, 0.0373924635351, 0.0348766483366, 0.0307971611619, 0.0388639830053], "dmean2": [0.0640611276031, 0.0588072650135, 0.0584074668586, 0.0560953505337, 0.0471220389009, 0.0605227574706], "dvar": [0.00168916059192, 0.00168911949731, 0.00175244908314, 0.00145694718231, 0.00119530805387, 0.00100675795693], "dvar2": [0.00384448142722, 0.00400248728693, 0.00394574506208, 0.00344095588662, 0.00270097423345, 0.00236768182367], "max": [-0.224171042442, -0.261649429798, -0.445911288261, -0.489670455456, -0.52970468998, -0.603600978851], "mean": [-0.497058659792, -0.548844695091, -0.690475285053, -0.696804285049, -0.759442567825, -0.814954519272], "median": [-0.489866554737, -0.549151837826, -0.68463486433, -0.689374029636, -0.747963249683, -0.809426784515], "min": [-0.95419883728, -0.967687189579, -0.968057990074, -0.954050242901, -0.965715408325, -0.961278796196], "var": [0.0108386324719, 0.00691492157057, 0.00817012041807, 0.00698731979355, 0.0061148754321, 0.00499267363921]}, "spectral_contrast_valleys": {"dmean": [0.487228304148, 0.420425832272, 0.468006014824, 0.515252828598, 0.554478049278, 0.8057