{"lowlevel": {"average_loudness": 0.776562392712, "barkbands_crest": {"dmean": 1.71847975254, "dmean2": 2.31072902679, "dvar": 5.53349113464, "dvar2": 12.4781827927, "max": 26.2282085419, "mean": 15.7296762466, "median": 15.147611618, "min": 5.24723863602, "var": 27.1611175537}, "barkbands_flatness_db": {"dmean": 0.0322221331298, "dmean2": 0.0474920980632, "dvar": 0.00228873756714, "dvar2": 0.00486211571842, "max": 0.737686753273, "mean": 0.389649957418, "median": 0.398808032274, "min": 0.054862678051, "var": 0.00874962750822}, "barkbands_kurtosis": {"dmean": 7.84013175964, "dmean2": 10.9953403473, "dvar": 712.618530273, "dvar2": 1707.08984375, "max": 866.532592773, "mean": 16.4318256378, "median": 5.64439201355, "min": -1.87194943428, "var": 1224.20410156}, "barkbands_skewness": {"dmean": 0.637538015842, "dmean2": 0.83920955658, "dvar": 1.0475178957, "dvar2": 2.18530964851, "max": 21.0910301208, "mean": 2.22586417198, "median": 1.78062701225, "min": -3.94962692261, "var": 5.56052064896}, "barkbands_spread": {"dmean": 1.2681273222, "dmean2": 1.87605297565, "dvar": 10.2527103424, "dvar2": 26.425907135, "max": 49.4949760437, "mean": 5.10654592514, "median": 3.8432905674, "min": 0.0957068651915, "var": 23.1772155762}, "dissonance": {"dmean": 0.0331907123327, "dmean2": 0.0563745312393, "dvar": 0.00157077319454, "dvar2": 0.00400372082368, "max": 0.498139888048, "mean": 0.330621004105, "median": 0.346435219049, "min": 0.0545508824289, "var": 0.00601069582626}, "dynamic_complexity": 8.24478626251, "erbbands_crest": {"dmean": 1.36612474918, "dmean2": 1.93114495277, "dvar": 3.61601781845, "dvar2": 7.7911696434, "max": 33.4581260681, "mean": 14.4922094345, "median": 13.3259763718, "min": 2.94212651253, "var": 31.0320243835}, "erbbands_flatness_db": {"dmean": 0.0244903862476, "dmean2": 0.0353308208287, "dvar": 0.001245885971, "dvar2": 0.00274093379267, "max": 0.54150635004, "mean": 0.336465954781, "median": 0.356112033129, "min": 0.0401623100042, "var": 0.00934590958059}, "erbbands_kurtosis": {"dmean": 1.32300162315, "dmean2": 1.9034614563, "dvar": 7.53600597382, "dvar2": 17.00340271, "max": 60.8274383545, "mean": 2.90174484253, "median": 1.13623762131, "min": -1.82873404026, "var": 28.7699985504}, "erbbands_skewness": {"dmean": 0.294704318047, "dmean2": 0.402799069881, "dvar": 0.201006188989, "dvar2": 0.430936694145, "max": 5.3055100441, "mean": 0.467002421618, "median": 0.571152925491, "min": -5.53646993637, "var": 1.78337562084}, "erbbands_spread": {"dmean": 2.7584066391, "dmean2": 4.1778755188, "dvar": 40.4978523254, "dvar2": 104.780769348, "max": 106.619644165, "mean": 16.0806884766, "median": 13.3065032959, "min": 0.759093642235, "var": 131.694747925}, "hfc": {"dmean": 1.66624498367, "dmean2": 1.76582098007, "dvar": 33.4538154602, "dvar2": 46.3727798462, "max": 217.729675293, "mean": 6.67428207397, "median": 2.04899477959, "min": 1.17196577078e-16, "var": 209.192749023}, "melbands_crest": {"dmean": 2.08781290054, "dmean2": 2.5807902813, "dvar": 6.93804836273, "dvar2": 14.0848808289, "max": 33.2201690674, "mean": 20.4118614197, "median": 19.90417099, "min": 1.91557526588, "var": 49.2360992432}, "melbands_flatness_db": {"dmean": 0.0344635359943, "dmean2": 0.0510429739952, "dvar": 0.00299935648218, "dvar2": 0.006462007761, "max": 0.913619577885, "mean": 0.513005554676, "median": 0.51823425293, "min": 0.00579835800454, "var": 0.0108984382823}, "melbands_kurtosis": {"dmean": 6.27043867111, "dmean2": 7.81182479858, "dvar": 202.174026489, "dvar2": 383.273468018, "max": 254.340545654, "mean": 18.948589325, "median": 8.03783321381, "min": -1.90232467651, "var": 855.963928223}, "melbands_skewness": {"dmean": 0.508202314377, "dmean2": 0.628184974194, "dvar": 0.549802482128, "dvar2": 0.982849597931, "max": 12.5764827728, "mean": 2.63737010956, "median": 2.2808303833, "min": -3.00235366821, "var": 4.82127141953}, "melbands_spread": {"dmean": 1.22988963127, "dmean2": 1.64969837666, "dvar": 9.88966464996, "dvar2": 15.4201669693, "max": 127.404289246, "mean": 6.32257032394, "median": 4.49495124817, "min": 0.201622620225, "var": 43.5342140198}, "pitch_salience": {"dmean": 0.0500909015536, "dmean2": 0.068940654397, "dvar": 0.00519582908601, "dvar2": 0.0112600615248, "max": 0.892864048481, "mean": 0.441652059555, "median": 0.445962399244, "min": 0.0620522722602, "var": 0.0236388649791}, "silence_rate_20dB": {"dmean": 0.000850340118632, "dmean2": 0.00170104193967, "dvar": 0.000849609903526, "dvar2": 0.00212337914854, "max": 1, "mean": 0.999362409115, "median": 1, "min": 0, "var": 0.000637267308775}, "silence_rate_30dB": {"dmean": 0.023809524253, "dmean2": 0.0476291738451, "dvar": 0.0232415907085, "dvar2": 0.0517421886325, "max": 1, "mean": 0.960467576981, "median": 1, "min": 0, "var": 0.0379668958485}, "silence_rate_60dB": {"dmean": 0.0488945581019, "dmean2": 0.0978099107742, "dvar": 0.0465055592358, "dvar2": 0.0992927700281, "max": 1, "mean": 0.303081840277, "median": 0, "min": 0, "var": 0.211226046085}, "spectral_centroid": {"dmean": 40.1336097717, "dmean2": 59.2814941406, "dvar": 22673.4863281, "dvar2": 38771.3007812, "max": 11357.7988281, "mean": 400.976379395, "median": 350.334472656, "min": 93.4759216309, "var": 69206.421875}, "spectral_complexity": {"dmean": 0.513605415821, "dmean2": 0.871358692646, "dvar": 0.93812251091, "dvar2": 1.78124630451, "max": 19, "mean": 5.43549394608, "median": 5, "min": 0, "var": 7.75895833969}, "spectral_decrease": {"dmean": 1.9058139511e-09, "dmean2": 1.97012806069e-09, "dvar": 1.61977299866e-17, "dvar2": 2.31645776322e-17, "max": 2.62751492677e-29, "mean": -5.85292614375e-09, "median": -2.24662932702e-09, "min": -9.77022835968e-08, "var": 8.31109588114e-17}, "spectral_energy": {"dmean": 0.00733397947624, "dmean2": 0.00757092516869, "dvar": 0.000241053421632, "dvar2": 0.000343145802617, "max": 0.384694397449, "mean": 0.0226957071573, "median": 0.00872200448066, "min": 1.05309098876e-20, "var": 0.00125862541609}, "spectral_energyband_high": {"dmean": 7.36406036594e-06, "dmean2": 1.08798976726e-05, "dvar": 8.87417306306e-10, "dvar2": 2.00231720093e-09, "max": 0.000494328094646, "mean": 6.87624060447e-06, "median": 5.04785937494e-08, "min": 7.64310281576e-21, "var": 9.59491153196e-10}, "spectral_energyband_low": {"dmean": 0.00561329070479, "dmean2": 0.00627795513719, "dvar": 0.000167359510669, "dvar2": 0.0002793262247, "max": 0.178997248411, "mean": 0.0115486942232, "median": 0.00220693554729, "min": 7.73994348146e-23, "var": 0.000494362553582}, "spectral_energyband_middle_high": {"dmean": 0.000615040771663, "dmean2": 0.000646956497803, "dvar": 1.7323602151e-05, "dvar2": 2.17039741983e-05, "max": 0.213157474995, "mean": 0.00184760021511, "median": 0.000194898384507, "min": 1.65567823154e-21, "var": 8.39743079268e-05}, "spectral_energyband_middle_low": {"dmean": 0.00185801216867, "dmean2": 0.00239409646019, "dvar": 4.78880210721e-05, "dvar2": 8.31255383673e-05, "max": 0.266825526953, "mean": 0.00945133715868, "median": 0.00217432552017, "min": 2.14952101116e-22, "var": 0.000377400545403}, "spectral_entropy": {"dmean": 0.226864099503, "dmean2": 0.34855851531, "dvar": 0.160228595138, "dvar2": 0.385314673185, "max": 9.78377246857, "mean": 5.3699798584, "median": 5.23535203934, "min": 3.90845823288, "var": 0.445789247751}, "spectral_flux": {"dmean": 0.020868876949, "dmean2": 0.031474288553, "dvar": 0.00164383498486, "dvar2": 0.0033654787112, "max": 0.350810021162, "mean": 0.0347455739975, "median": 0.0154262622818, "min": 1.02620224818e-10, "var": 0.00259825703688}, "spectral_kurtosis": {"dmean": 37.9182815552, "dmean2": 63.3717384338, "dvar": 2329.53125, "dvar2": 6097.96191406, "max": 610.248291016, "mean": 120.706390381, "median": 98.7936019897, "min": -1.21252906322, "var": 9675.61132812}, "spectral_rms": {"dmean": 0.000625875603873, "dmean2": 0.000600781466346, "dvar": 1.11416159143e-06, "dvar2": 1.52925213115e-06, "max": 0.0193729605526, "mean": 0.00367367756553, "median": 0.00291706575081, "min": 3.20531708814e-12, "var": 8.64622779773e-06}, "spectral_rolloff": {"dmean": 63.8438301086, "dmean2": 103.686073303, "dvar": 157587.5625, "dvar2": 232549.03125, "max": 19767.4804688, "mean": 463.692199707, "median": 344.53125, "min": 43.06640625, "var": 362305.6875}, "spectral_skewness": {"dmean": 1.62303304672, "dmean2": 2.72806453705, "dvar": 3.32899689674, "dvar2": 8.66884613037, "max": 19.9716396332, "mean": 7.77290296555, "median": 7.31503009796, "min": 0.0197119060904, "var": 13.795498848}, "spectral_spread": {"dmean": 697820.625, "dmean2": 1059881.5, "dvar": 1422413791230.0, "dvar2": 2803763773440.0, "max": 41955036, "mean": 1836176.125, "median": 983659.3125, "min": 138497.765625, "var": 4636635299840.0}, "spectral_strongpeak": {"dmean": 0.249601528049, "dmean2": 0.372575461864, "dvar": 0.486725956202, "dvar2": 0.976927936077, "max": 16.563085556, "mean": 0.872497975826, "median": 0.397350937128, "min": 0, "var": 2.12248873711}, "zerocrossingrate": {"dmean": 0.00389670021832, "dmean2": 0.00479622371495, "dvar": 0.000105649727629, "dvar2": 0.000130616419483, "max": 0.5, "mean": 0.0195043720305, "median": 0.015625, "min": 0.001953125, "var": 0.000378416269086}, "barkbands": {"dmean": [0.000124417114421, 0.00428143423051, 0.00186487345491, 0.000202142968192, 0.000418055162299, 0.000674960960168, 0.000242566879024, 0.000446678110166, 0.000352501287125, 0.000416602444602, 6.96749120834e-05, 0.000153958055307, 1.08097365228e-05, 1.22271894725e-05, 1.41365962918e-05, 4.14691749029e-06, 1.78679260898e-06, 2.9424609238e-06, 7.72149348904e-07, 4.1970773168e-07, 3.81734366783e-07, 3.0183488775e-07, 3.10025598083e-07, 5.87527495099e-07, 1.273333055e-06, 3.37199480782e-06, 1.07450046016e-06], "dmean2": [0.000133216701215, 0.00494847539812, 0.00270753679797, 0.000381422956707, 0.000672380381729, 0.000899816455785, 0.000299061764963, 0.000512596569024, 0.000490018224809, 0.00041692389641, 8.20081477286e-05, 0.000198036825168, 1.4222900063e-05, 1.97570952878e-05, 1.92733823496e-05, 5.74115483687e-06, 2.89492322736e-06, 5.63535286346e-06, 1.36985181598e-06, 7.0977807809e-07, 6.09987694133e-07, 4.77582375424e-07, 4.76728047261e-07, 8.77072864114e-07, 1.79410744749e-06, 5.03480669067e-06, 1.67133964624e-06], "dvar": [1.02628263221e-07, 0.000154317021952, 1.87343266589e-05, 4.70702133271e-07, 1.2085729395e-06, 6.57285772832e-06, 1.30266755605e-06, 1.08030772026e-05, 8.4519651864e-06, 9.97775714495e-06, 1.374954536e-06, 5.77291848458e-06, 3.90181709164e-09, 7.31061744474e-09, 5.95414872961e-09, 4.05357925004e-09, 8.96791529925e-11, 1.92579466263e-10, 1.11310752282e-11, 2.44603534476e-12, 2.47640905178e-12, 2.89631318061e-12, 2.48860133889e-12, 8.27383300761e-12, 2.67591990233e-11, 2.20000059836e-10, 2.36301412465e-11], "dvar2": [1.26252203358e-07, 0.000275910744676, 4.36076770711e-05, 1.3585332681e-06, 3.00309716295e-06, 1.36409926199e-05, 1.85365922789e-06, 1.64820394275e-05, 2.00645790756e-05, 9.25015865505e-06, 2.09821496355e-06, 9.93921275949e-06, 6.39140118608e-09, 1.30748309957e-08, 1.03493587034e-08, 5.86444315331e-09, 1.72768854778e-10, 5.6261473258e-10, 2.8545152353e-11, 6.40858546785e-12, 6.13429662968e-12, 7.19038413879e-12, 5.88773344315e-12, 1.84707856649e-11, 5.30372135099e-11, 5.04985775418e-10, 5.82987408349e-11], "max": [0.00490977941081, 0.163761168718, 0.0903555229306, 0.00654509756714, 0.0174846220762, 0.042050935328, 0.0337211154401, 0.187221363187, 0.122323229909, 0.21098330617, 0.0832206457853, 0.132762730122, 0.00357054290362, 0.00614888826385, 0.00355568691157, 0.00529403658584, 0.000409610074712, 0.000163156495546, 9.12621253519e-05, 3.01706750179e-05, 4.48935643362e-05, 8.34945676615e-05, 7.68966201576e-05, 0.000120134325698, 0.000100058103271, 0.000246042618528, 7.98529290478e-05], "mean": [0.000237247237237, 0.0078255860135, 0.00339332455769, 0.000134717920446, 0.0024090113584, 0.00272156274877, 0.00127074378543, 0.00152816844638, 0.001227808767, 0.00130197429098, 9.92934292299e-05, 0.000335842953064, 5.41088302271e-05, 6.39421414235e-05, 5.83748587815e-05, 2.20311885641e-05, 2.36194887293e-06, 1.78260529538e-06, 7.36365279863e-07, 3.80797359867e-07, 4.07357390486e-07, 3.25130201873e-07, 3.19030789342e-07, 6.14663690612e-07, 1.26088343677e-06, 2.90882712761e-06, 8.75606929185e-07], "median": [9.71773715719e-06, 0.000543549074791, 0.000716304930393, 8.84551627678e-06, 0.00123666645959, 0.000207695149584, 0.000107111052785, 1.25124124679e-05, 1.09493421405e-05, 0.000108642030682, 1.21375319395e-06, 9.82942219707e-06, 1.99041346605e-06, 3.80393203159e-06, 5.19172408531e-06, 5.8594400798e-07, 2.50245250299e-07, 8.42531306944e-08, 3.98264994317e-08, 1.28127739529e-08, 2.12331734417e-08, 5.7854840918e-09, 2.12925166387e-09, 2.06665595748e-09, 1.17848086845e-09, 1.03548214447e-09, 8.40211455966e-10], "min": [7.9959622929e-23, 1.46574205831e-23, 2.14054093416e-23, 7.71733157247e-24, 3.95639303062e-23, 6.43033403568e-23, 5.66950987812e-23, 1.70526673486e-23, 2.20756287221e-23, 5.45107934218e-23, 8.6207312946e-23, 3.61169426274e-23, 1.54337026279e-22, 7.84362820339e-23, 1.11163880627e-22, 2.85122957331e-22, 1.82357453985e-22, 2.7173029535e-22, 2.79437428528e-22, 2.39099827622e-22, 3.40948964898e-22, 5.16197658789e-22, 6.10788770865e-22, 9.2091718001e-22, 1.17846135815e-21, 1.67671166141e-21, 2.50844721994e-21], "var": [3.64110576356e-07, 0.000389856373658, 4.11691726185e-05, 2.73653000704e-07, 8.50416472531e-06, 4.36683731095e-05, 1.1848500435e-05, 7.05911734258e-05, 4.02896075684e-05, 6.64524559397e-05, 3.16047226079e-06, 1.31638726089e-05, 5.99205662866e-08, 1.33854470619e-07, 5.03245978223e-08, 4.94142220475e-08, 2.62438598631e-10, 1.0475665474e-10, 1.39325469564e-11, 2.22715118917e-12, 2.53234607762e-12, 4.13914692451e-12, 4.85788406029e-12, 1.12492888268e-11, 3.46697844045e-11, 2.19111701005e-10, 2.10795287475e-11]}, "erbbands": {"dmean": [0.163745760918, 0.90572977066, 2.06603145599, 1.24862098694, 0.960284888744, 1.5966707468, 2.7419462204, 5.74493074417, 5.15625143051, 1.96058058739, 12.6666975021, 8.39077758789, 6.67639636993, 13.7970151901, 5.07036018372, 4.3288807869, 0.641652166843, 0.670657932758, 0.921494543552, 0.186035797, 0.281985938549, 0.10068628937, 0.16590462625, 0.0784473866224, 0.0301756411791, 0.0190004650503, 0.0190945323557, 0.0110492845997, 0.0109135694802, 0.00896725803614, 0.00960041768849, 0.0104059260339, 0.0112812481821, 0.00917236413807, 0.0116900922731, 0.0142598366365, 0.00677964696661, 0.00134531012736, 0.000206553479075, 1.15929287858e-05], "dmean2": [0.168563872576, 1.16288495064, 2.95262694359, 2.02757191658, 1.65344691277, 2.52847123146, 3.96835875511, 7.52571058273, 6.29776525497, 2.48485898972, 14.6804037094, 11.0804777145, 7.48481035233, 13.4775753021, 5.7683467865, 5.66012001038, 0.836581587791, 1.04518949986, 1.29225873947, 0.254099100828, 0.381871432066, 0.166337907314, 0.3156016469, 0.144145280123, 0.0525161586702, 0.0321804210544, 0.0304026938975, 0.017776042223, 0.0175859667361, 0.0140969604254, 0.014789108187, 0.0155418068171, 0.0169023238122, 0.0141188232228, 0.0160012505949, 0.0218769144267, 0.010150840506, 0.00201938464306, 0.000325025321217, 1.35460204547e-05], "dvar": [0.222244933248, 7.03652906418, 22.7242069244, 10.07629776, 7.06120967865, 15.6274013519, 88.775352478, 499.565795898, 539.437194824, 83.9723739624, 8103.10351562, 4927.41601562, 1162.54394531, 12990.3886719, 3420.22705078, 3727.98754883, 13.0853042603, 23.6887531281, 22.0202159882, 1.4387550354, 19.3827972412, 0.218145519495, 0.591863036156, 0.121288575232, 0.0127406278625, 0.00498509500176, 0.00659750122577, 0.00179923616815, 0.0021294686012, 0.00288235861808, 0.0022891422268, 0.00625096028671, 0.00212019286118, 0.00139085168485, 0.00235472572967, 0.00403154687956, 0.000897713471204, 3.51066264557e-05, 8.83491111381e-07, 7.62168161916e-10], "dvar2": [0.332499712706, 15.1282243729, 52.7565498352, 27.7564296722, 20.0164813995, 38.6494102478, 186.311218262, 1019.59399414, 802.110473633, 143.516937256, 12526.2939453, 11282.0908203, 1445.28051758, 11766.5703125, 5568.40820312, 7019.79785156, 23.4731235504, 41.499710083, 38.2291870117, 2.13935923576, 28.5250835419, 0.443821340799, 1.72734153271, 0.334200054407, 0.0352609939873, 0.0131198121235, 0.0162648428231, 0.00452463421971, 0.005299216602, 0.00720347370952, 0.00543100573123, 0.0145431701094, 0.00470567122102, 0.00327845662832, 0.00470728846267, 0.00951063446701, 0.00199878285639, 8.38810592541e-05, 2.19872413254e-06, 1.45096479276e-09], "max": [6.61172103882, 35.8295288086, 87.4871139526, 51.6206703186, 40.4771270752, 68.1220703125, 207.009552002, 382.286834717, 532.452697754, 340.421173096, 5113.72314453, 3050.71484375, 1783.34887695, 7630.10205078, 2622.0065918, 3340.24414062, 181.574630737, 341.514312744, 218.9712677, 81.0874023438, 364.135681152, 23.2384815216, 10.0023365021, 6.55525302887, 1.39261126518, 1.28785455227, 2.16457939148, 1.05733919144, 1.45506596565, 2.63305878639, 2.19926905632, 4.31443309784, 1.23885369301, 0.57709133625, 0.967581510544, 1.07288455963, 0.467156797647, 0.0977151691914, 0.015509378165, 0.000684313941747], "mean": [0.306731402874, 1.4915510416, 3.78443360329, 1.85638558865, 4.31567573547, 9.46398925781, 10.5892047882, 23.1576328278, 25.6048316956, 8.64887332916, 43.5175743103, 29.5226287842, 24.1847171783, 43.24477005, 10.205373764, 10.4686994553, 2.97272729874, 3.93990135193, 3.99510455132, 0.641203939915, 1.52676200867, 0.185649007559, 0.111082948744, 0.0626190602779, 0.0276062209159, 0.018517229706, 0.0211384221911, 0.0106199849397, 0.0105742383748, 0.0102136591449, 0.0100198555738, 0.0109096234664, 0.0107490811497, 0.00784981902689, 0.0120220901445, 0.0123567096889, 0.00589366303757, 0.00115476548672, 0.000172553103766, 2.98782160826e-05], "median": [0.00469212979078, 0.172245621681, 0.96225720644, 0.438600599766, 2.18087220192, 4.71751070023, 2.28042221069, 1.25033473969, 2.07593393326, 0.653809607029, 0.680861413479, 0.415793001652, 1.20864188671, 3.2986240387, 0.508178949356, 0.318089932203, 0.148846417665, 0.310756921768, 0.50058555603, 0.100898474455, 0.0412905663252, 0.0133856963366, 0.0060736015439, 0.00468698423356, 0.00199757842347, 0.00102643726859, 0.00099065573886, 0.000507900491357, 0.000204726762604, 0.00016822424368, 7.36574875191e-05, 5.63825415156e-05, 5.41384797543e-05, 3.67544671462e-05, 2.48394480877e-05, 1.80804399861e-05, 9.78752723313e-06, 1.89495312952e-06, 7.22862614566e-06, 1.14514969027e-05], "min": [1.27661312329e-21, 1.18461765389e-21, 1.64794346678e-20, 3.38401882729e-20, 9.74315687128e-20, 8.92830189609e-20, 1.73024225086e-19, 6.56914685843e-19, 8.04106305968e-19, 7.97725796615e-19, 3.34814355176e-19, 6.74170965891e-19, 7.68852281852e-19, 2.73624543072e-18, 3.53766164194e-18, 1.86033808982e-18, 7.44650569451e-18, 5.5085282256e-18, 5.64636629415e-18, 6.44746879712e-18, 1.57970354261e-17, 1.2682380301e-17, 1.536983469e-17, 1.39577199248e-17, 1.31000709415e-17, 1.29785978142e-17, 1.09793949179e-17, 1.64365337208e-17, 1.65033120116e-17, 1.5996043501e-17, 1.95272858078e-17, 1.74961769009e-17, 1.59228413255e-17, 1.07897414286e-17, 9.76153690204e-18, 5.95709875921e-18, 2.86156101878e-18, 1.34826500398e-18, 3.4933377892e-19, 3.83475245113e-20], "var": [0.667329192162, 12.9886407852, 47.4196929932, 12.634100914, 28.941740036, 135.029327393, 579.448852539, 3273.40209961, 4588.77490234, 570.842529297, 52634.5585938, 22012.3691406, 10801.0693359, 88302.828125, 8060.29492188, 8002.58349609, 154.627105713, 445.777313232, 193.095504761, 7.85122108459, 234.076751709, 1.21468782425, 0.330584615469, 0.106372058392, 0.00958058144897, 0.00471944501624, 0.0071211187169, 0.00163511896972, 0.00246678292751, 0.00444714538753, 0.0042732078582, 0.00850010477006, 0.00253105396405, 0.00136967294384, 0.00315369386226, 0.00392220169306, 0.00091128051281, 3.39963262377e-05, 7.60995476412e-07, 2.29711694111e-09]}, "gfcc": {"mean": [-255.357574463, 214.422195435, -59.5674476624, -36.6586303711, -24.7345314026, 1.1332719326, -30.8047618866, -16.399684906, -17.8391990662, -6.34928035736, -12.4130210876, -7.24774694443, 4.1265745163], "cov": [[20105.8359375, -508.783203125, -613.371398926, 793.335083008, 716.873535156, 110.737792969, 417.166625977, 1035.45275879, 212.791900635, 610.903869629, -194.807647705, -6.97512245178, -418.831085205], [-508.783203125, 3701.51733398, -696.398864746, -1161.2322998, 528.052124023, -665.067016602, 49.1767311096, -546.007141113, 477.877288818, -417.315887451, 297.413757324, -425.112091064, 197.995986938], [-613.371398926, -696.398864746, 1129.16088867, 284.609375, -41.0794525146, 277.469146729, 56.2827033997, 309.076568604, -16.8639354706, 195.204483032, 74.6655273438, 151.261459351, -176.327529907], [793.335083008, -1161.2322998, 284.609375, 864.238708496, 83.0056228638, 277.211456299, 152.104797363, 288.772949219, -46.8587989807, 166.307113647, -43.0602378845, 148.992965698, -28.9165744781], [716.873535156, 528.052124023, -41.0794525146, 83.0056228638, 500.891693115, 95.2657546997, 102.209220886, -36.3463592529, 122.236663818, -19.1873264313, 65.0835800171, -34.7319755554, 49.4682731628], [110.737792969, -665.067016602, 277.469146729, 277.211456299, 95.2657546997, 423.482940674, 117.606956482, 82.0530776978, -88.8163757324, 136.838729858, -1.96901786327, 112.194465637, 4.47196388245], [417.166625977, 49.1767311096, 56.2827033997, 152.104797363, 102.209220886, 117.606956482, 330.424682617, 171.739868164, 52.3443374634, 10.9085845947, 48.8901405334, 6.61639261246, 32.785484314], [1035.45275879, -546.007141113, 309.076568604, 288.772949219, -36.3463592529, 82.0530776978, 171.739868164, 424.293060303, 37.8995437622, 83.3586578369, -54.3046646118, 71.0503845215, -84.4341888428], [212.791900635, 477.877288818, -16.8639354706, -46.8587989807, 122.236663818, -88.8163757324, 52.3443374634, 37.8995437622, 222.958999634, -1.76699578762, 12.3321142197, -66.3666534424, 64.7933197021], [610.903869629, -417.315887451, 195.204483032, 166.307113647, -19.1873264313, 136.838729858, 10.9085845947, 83.3586578369, -1.76699578762, 195.210266113, 26.5261325836, 59.3488273621, -38.3541564941], [-194.807647705, 297.413757324, 74.6655273438, -43.0602378845, 65.0835800171, -1.96901786327, 48.8901405334, -54.3046646118, 12.3321142197, 26.5261325836, 192.782348633, 36.7737045288, -17.7999076843], [-6.97512245178, -425.112091064, 151.261459351, 148.992965698, -34.7319755554, 112.194465637, 6.61639261246, 71.0503845215, -66.3666534424, 59.3488273621, 36.7737045288, 176.776733398, 5.38585710526], [-418.831085205, 197.995986938, -176.327529907, -28.9165744781, 49.4682731628, 4.47196388245, 32.785484314, -84.4341888428, 64.7933197021, -38.3541564941, -17.7999076843, 5.38585710526, 222.007034302]], "icov": [[0.000104000930151, -0.000142465723911, 0.000220700865611, -4.66117780888e-05, -0.000170274754055, 3.19432874676e-05, 4.54800319858e-05, -0.000402539822971, 0.000253345147939, -0.000632454932202, 0.000278774939943, -0.000138718402013, 0.000212481216295], [-0.000142465723911, 0.0031536812894, -0.000502162612975, 0.00237300572917, -0.00194150418974, 0.0020712108817, -0.00158886855934, 0.00207646610215, -0.00326806423254, 0.00290273595601, -0.00325446180068, 0.00203105341643, -0.00061079824809], [0.000220700865611, -0.000502162612975, 0.00228511262685, -0.000238882086705, 0.000262919493252, -0.00169873412233, 0.0012725116685, -0.00228299689479, -0.000308640010189, -0.00119005306624, -0.000585323257837, -0.000590915908106, 0.00141936494038], [-4.66117780888e-05, 0.00237300572917, -0.000238882086705, 0.0039347410202, -0.00230414909311, 0.00147892022505, -0.00159442203585, 0.000441594660515, -0.00166184338741, 0.000658514793031, -0.00155910709873, 0.000579340732656, -0.000534763268661], [-0.000170274754055, -0.00194150418974, 0.000262919493252, -0.00230414909311, 0.00544884661213, -0.0039184493944, 0.00131685391534, 2.29274210142e-05, -0.00133826502133, 0.00155210169032, 3.09801798721e-05, -0.000510047597345, 0.000671620538924], [3.19432874676e-05, 0.0020712108817, -0.00169873412233, 0.00147892022505, -0.0039184493944, 0.00908880122006, -0.00476309936494, 0.00323055125773, 0.00204174825922, -0.00330294831656, 0.00173460599035, -0.000914230535273, -0.00132667389698], [4.54800319858e-05, -0.00158886855934, 0.0012725116685, -0.00159442203585, 0.00131685391534, -0.00476309936494, 0.00869674701244, -0.00617876462638, 0.00107205659151, 0.00151174352504, -0.00374442432076, 0.00260847643949, -0.00194109254517], [-0.000402539822971, 0.00207646610215, -0.00228299689479, 0.000441594660515, 2.29274210142e-05, 0.00323055125773, -0.00617876462638, 0.0106006478891, -0.00491476245224, 0.00207628728822, 0.0027344848495, -0.00270609743893, 0.00258488231339], [0.000253345147939, -0.00326806423254, -0.000308640010189, -0.00166184338741, -0.00133826502133, 0.00204174825922, 0.00107205659151, -0.00491476245224, 0.0143601549789, -0.00711618363857, 0.00328136701137, 0.00141266582068, -0.00403110031039], [-0.000632454932202, 0.00290273595601, -0.00119005306624, 0.000658514793031, 0.00155210169032, -0.00330294831656, 0.00151174352504, 0.00207628728822, -0.00711618363857, 0.0155160110444, -0.00704669579864, 0.00252085388638, -0.000222986389417], [0.000278774939943, -0.00325446180068, -0.000585323257837, -0.00155910709873, 3.09801798721e-05, 0.00173460599035, -0.00374442432076, 0.0027344848495, 0.00328136701137, -0.00704669579864, 0.0146284233779, -0.00760594941676, 0.00349386641756], [-0.000138718402013, 0.00203105341643, -0.000590915908106, 0.000579340732656, -0.000510047597345, -0.000914230535273, 0.00260847643949, -0.00270609743893, 0.00141266582068, 0.00252085388638, -0.00760594941676, 0.0134312966838, -0.00466174539179], [0.000212481216295, -0.00061079824809, 0.00141936494038, -0.000534763268661, 0.000671620538924, -0.00132667389698, -0.00194109254517, 0.00258488231339, -0.00403110031039, -0.000222986389417, 0.00349386641756, -0.00466174539179, 0.00918562710285]]}, "melbands": {"dmean": [0.00129856425337, 0.00104127707891, 0.000208604920772, 0.000101124816865, 8.4096674982e-05, 0.000130909902509, 7.42310658097e-05, 3.05495159409e-05, 0.000105070321297, 4.67461504741e-05, 3.42897874361e-05, 6.03270418651e-05, 1.37423648994e-05, 2.16506668949e-05, 2.02248656933e-06, 9.90134140011e-07, 1.34148615416e-06, 1.41368059303e-06, 5.82832626606e-07, 1.81157787438e-07, 3.3757237361e-07, 7.86302436495e-08, 1.55876733743e-07, 1.40083230349e-07, 5.62708954988e-08, 2.33092425361e-08, 1.83827442157e-08, 1.0935489847e-08, 1.14752962688e-08, 9.18697651286e-09, 6.10578609894e-09, 6.20754914138e-09, 6.22927043281e-09, 4.66696414847e-09, 6.03886363137e-09, 5.18985565634e-09, 7.05313007998e-09, 8.04421418366e-09, 7.7099731044e-09, 7.37033767351e-09], "dmean2": [0.00142761634197, 0.00140437588561, 0.000336012657499, 0.00016181349929, 0.000123418998555, 0.000171057516127, 9.14962001843e-05, 3.91594294342e-05, 0.00012429463095, 6.28308625892e-05, 3.86371611967e-05, 5.87137765251e-05, 1.5731453459e-05, 2.77894177998e-05, 2.96814505418e-06, 1.30141586396e-06, 2.13968746721e-06, 2.00369663617e-06, 8.07991568763e-07, 2.48049531137e-07, 4.52384199434e-07, 1.2730285448e-07, 2.92256601142e-07, 2.67274174348e-07, 1.02210982789e-07, 4.15610017512e-08, 3.12543839698e-08, 1.87794206852e-08, 1.87272526375e-08, 1.44344598496e-08, 9.96734339509e-09, 1.00027444105e-08, 1.02774402322e-08, 7.10756564715e-09, 9.26069976259e-09, 8.71171668138e-09, 1.04747694962e-08, 1.23955086195e-08, 1.1372426556e-08, 1.17721850046e-08], "dvar": [1.43932184073e-05, 5.72419276068e-06, 2.78986476587e-07, 6.96956590218e-08, 8.18848491235e-08, 2.62022467723e-07, 1.10165338185e-07, 3.01723801499e-08, 5.03418732478e-07, 1.49679777905e-07, 3.25501368081e-08, 2.59151931914e-07, 3.47330590955e-08, 1.19369275353e-07, 2.43932346544e-10, 3.23028305493e-11, 1.01158123544e-10, 4.88756049521e-11, 9.2294089038e-12, 3.53715732919e-12, 2.78726555725e-11, 2.00185557692e-13, 4.65747069817e-13, 4.35545696731e-13, 6.3822861926e-14, 8.45586638497e-15, 4.3974134738e-15, 1.83691736579e-15, 2.31548420472e-15, 1.25220660477e-15, 6.38009991586e-16, 5.95409528295e-16, 3.27478247529e-15, 5.68115903273e-16, 1.43664824079e-15, 1.20032933076e-15, 4.44914643457e-15, 1.1067336724e-15, 9.23113446577e-16, 9.83812251093e-16], "dvar2": [2.3859229259e-05, 1.30432817969e-05, 7.6180947417e-07, 1.79135994927e-07, 1.69695326235e-07, 5.28442910763e-07, 1.67318432887e-07, 5.3453611315e-08, 8.36381218505e-07, 3.38906033903e-07, 4.01436892616e-08, 2.35515599911e-07, 5.37164872583e-08, 2.0821649116e-07, 6.57503163026e-10, 5.18030757179e-11, 1.72677538934e-10, 8.5132442762e-11, 1.6210859044e-11, 5.05369921258e-12, 4.08783701333e-11, 3.7996735207e-13, 1.33745954849e-12, 1.27116080249e-12, 1.67277365462e-13, 2.38283090498e-14, 1.1520144444e-14, 4.9004413537e-15, 5.85104186645e-15, 2.95914072969e-15, 1.64764319504e-15, 1.50947020437e-15, 8.40602611932e-15, 1.31520499786e-15, 3.35811950587e-15, 2.77467241213e-15, 1.02393891231e-14, 2.58397416725e-15, 1.99179861074e-15, 2.41255100411e-15], "max": [0.0526450797915, 0.0320049673319, 0.00858098175377, 0.00498713273555, 0.00653883488849, 0.00905808806419, 0.00793678127229, 0.00784532725811, 0.0382682681084, 0.0165330804884, 0.00904188118875, 0.0342003442347, 0.0122546283528, 0.0191324800253, 0.000636271317489, 0.000306595960865, 0.000757143949158, 0.000325895729475, 0.000130064465338, 0.000133107227157, 0.000435624679085, 1.99388250621e-05, 1.58442908287e-05, 8.1103607954e-06, 6.55183566778e-06, 1.27908879222e-06, 8.30279361708e-07, 9.64798914538e-07, 1.19020683087e-06, 8.71319969065e-07, 6.72967757964e-07, 5.84146107485e-07, 3.1881538689e-06, 1.10931057407e-06, 2.07686412068e-06, 1.47486696278e-06, 3.93966638512e-06, 6.95490200542e-07, 7.36151093861e-07, 4.80927269564e-07], "mean": [0.00240428932011, 0.00191926886328, 0.000341229082551, 0.000638916622847, 0.000347182765836, 0.000529894488864, 0.000367386674043, 0.000115505783469, 0.000353631883627, 0.000168463651789, 0.000122074954561, 0.00018885397003, 2.43510148721e-05, 4.54016553704e-05, 8.37507377582e-06, 5.14328939971e-06, 7.53045605961e-06, 5.99463282924e-06, 2.21806317313e-06, 6.88817237915e-07, 1.81988741588e-06, 1.01324829416e-07, 1.13853971584e-07, 8.65944613793e-08, 4.74457308997e-08, 2.06685797366e-08, 1.54526098584e-08, 1.1046793702e-08, 1.21594636582e-08, 1.0649745974e-08, 5.33073274411e-09, 5.68819924496e-09, 7.18871939753e-09, 5.29660493243e-09, 6.37179820018e-09, 5.50052137172e-09, 7.14617565123e-09, 7.04821800923e-09, 7.56684137571e-09, 5.91727644661e-09], "median": [9.25947315409e-05, 0.000495801912621, 0.000100394441688, 0.000320054125041, 8.82795284269e-05, 2.89124473056e-05, 2.86767972284e-05, 6.10827555647e-06, 4.43153976448e-06, 1.76483013092e-06, 6.19282855041e-06, 1.28914416564e-05, 8.02577687864e-07, 1.2483193359e-06, 2.99943593518e-07, 2.01030644575e-07, 4.23624754831e-07, 6.61474018671e-07, 2.33609640077e-07, 3.82055276305e-08, 3.05252534361e-08, 9.45828038112e-09, 8.21084533698e-09, 2.98525781872e-09, 3.29065041882e-09, 1.58012847251e-09, 7.16475490048e-10, 4.29156044035e-10, 5.4019100304e-10, 4.74253580851e-10, 1.30853730629e-10, 9.36084126879e-11, 9.85407172527e-11, 7.15790968164e-11, 2.86431278002e-11, 2.75583774551e-11, 2.17726912888e-11, 2.46196292519e-11, 2.07846014705e-11, 1.02196385035e-11], "min": [1.19851834545e-23, 6.42398031329e-24, 7.30478414031e-24, 7.57930694646e-24, 5.37646966662e-24, 1.43936381182e-23, 1.26617350216e-23, 7.70331351418e-24, 2.11213444739e-24, 4.32079430958e-24, 3.53945677081e-24, 1.00989562879e-23, 1.2868681636e-23, 4.41812081262e-24, 8.08672357995e-24, 1.76555826945e-23, 8.60011741251e-24, 8.84048333033e-24, 6.72513309146e-24, 1.2771819772e-23, 1.83939296805e-23, 1.00898283783e-23, 1.30298672182e-23, 1.61745420988e-23, 1.02545938113e-23, 1.09846916788e-23, 7.755633136e-24, 8.71771842968e-24, 6.55138253278e-24, 6.86371307554e-24, 1.11138163761e-23, 8.6615783545e-24, 1.11064034502e-23, 7.97573637261e-24, 1.21696546329e-23, 1.07451438098e-23, 1.01140961064e-23, 1.21582532263e-23, 8.13908658911e-24, 9.6259513448e-24], "var": [3.9436185034e-05, 1.09069314931e-05, 3.69992022797e-07, 6.32667195077e-07, 5.54241864847e-07, 1.75456364104e-06, 9.36235323934e-07, 1.83210005389e-07, 3.10348718813e-06, 7.3518242516e-07, 2.91211023296e-07, 1.7539127839e-06, 8.09481193187e-08, 2.66728392262e-07, 1.2596145238e-09, 5.01543362397e-10, 1.96763183524e-09, 4.33357322249e-10, 7.02295374633e-11, 3.39056456522e-11, 3.35813682417e-10, 6.02713950797e-13, 3.07392512052e-13, 2.41261329491e-13, 7.3218564729e-14, 6.1068504752e-15, 3.48908752842e-15, 1.93221005466e-15, 2.38989033167e-15, 1.50266969447e-15, 5.35322440385e-16, 5.6322698792e-16, 4.88381663805e-15, 1.16232296242e-15, 3.13873818429e-15, 1.81268248262e-15, 6.15763475907e-15, 1.1519169509e-15, 1.15317680653e-15, 8.76237849182e-16]}, "mfcc": {"mean": [-880.889953613, 217.97984314, 47.2200279236, -6.05194568634, 10.8210134506, 12.7957553864, -0.820323824883, -8.37909317017, -0.921186447144, -0.0487386994064, -7.81719589233, -12.0730695724, -6.71343660355], "cov": [[6638.05957031, 3148.30908203, -126.916770935, -171.886276245, 137.324264526, -109.713241577, 57.2944450378, 136.22227478, 250.070343018, 287.199676514, 283.735656738, 183.050979614, 34.081577301], [3148.30908203, 3413.34594727, 199.630020142, -487.840454102, -27.8913192749, -15.4885206223, -189.568374634, -67.5300521851, 104.193389893, 193.552246094, 129.24772644, 54.4222183228, 48.1502494812], [-126.916770935, 199.630020142, 453.565795898, 119.585739136, 11.0417900085, 36.9004745483, 23.9668865204, -1.58253753185, -15.0982074738, 10.9823637009, 70.0775222778, 65.2201080322, 33.558883667], [-171.886276245, -487.840454102, 119.585739136, 376.50793457, 174.32170105, 37.0755653381, 117.793716431, 133.103363037, 50.4968910217, 12.6027412415, 81.447013855, 98.0466918945, 35.5826072693], [137.324264526, -27.8913192749, 11.0417900085, 174.32170105, 253.682800293, 155.581680298, 75.1684265137, 81.3486862183, 99.8556671143, 47.3656387329, 26.4315700531, 32.5586891174, 44.6665916443], [-109.713241577, -15.4885206223, 36.9004745483, 37.0755653381, 155.581680298, 283.475006104, 151.346115112, 10.3859519958, 9.83993721008, 22.4643802643, -7.63463115692, 4.89026737213, 31.8227367401], [57.2944450378, -189.568374634, 23.9668865204, 117.793716431, 75.1684265137, 151.346115112, 264.454315186, 138.552261353, -5.32787179947, 3.39483237267, 64.8755111694, 67.7771377563, 14.688164711], [136.22227478, -67.5300521851, -1.58253753185, 133.103363037, 81.3486862183, 10.3859519958, 138.552261353, 232.352355957, 123.320648193, 37.8734893799, 59.7547683716, 48.5665054321, 29.5970420837], [250.070343018, 104.193389893, -15.0982074738, 50.4968910217, 99.8556671143, 9.83993721008, -5.32787179947, 123.320648193, 261.543884277, 134.555969238, -6.07495594025, -33.9925079346, 0.0860182344913], [287.199676514, 193.552246094, 10.9823637009, 12.6027412415, 47.3656387329, 22.4643802643, 3.39483237267, 37.8734893799, 134.555969238, 165.743270874, 81.1543579102, -2.66438984871, -28.4733638763], [283.735656738, 129.24772644, 70.0775222778, 81.447013855, 26.4315700531, -7.63463115692, 64.8755111694, 59.7547683716, -6.07495594025, 81.1543579102, 194.797393799, 129.933303833, 7.23219013214], [183.050979614, 54.4222183228, 65.2201080322, 98.0466918945, 32.5586891174, 4.89026737213, 67.7771377563, 48.5665054321, -33.9925079346, -2.66438984871, 129.933303833, 190.220626831, 80.6679000854], [34.081577301, 48.1502494812, 33.558883667, 35.5826072693, 44.6665916443, 31.8227367401, 14.688164711, 29.5970420837, 0.0860182344913, -28.4733638763, 7.23219013214, 80.6679000854, 135.535110474]], "icov": [[0.000433624285506, -0.000522895948961, 0.00047570062452, -0.000417865405325, -0.000339384831022, 0.00103048700839, -0.00140503922012, 0.00117337063421, -0.000758337962907, 0.000386483006878, -0.000470423023216, 0.000312126678182, -0.000244420720264], [-0.000522895948961, 0.00126461312175, -0.00131246901583, 0.00244673527777, -0.00116214889567, -0.000446266640211, 0.0017766833771, -0.00202332460321, 0.00158992432989, -0.00160412304103, 0.0010557314381, -0.00121896353085, 0.000433074194007], [0.00047570062452, -0.00131246901583, 0.00449460512027, -0.00490292953327, 0.00436228932813, -0.00233637052588, -0.000293234916171, 0.00277005205862, -0.00325740803964, 0.00361481006257, -0.00396961346269, 0.00238218600862, -0.00138576584868], [-0.000417865405325, 0.00244673527777, -0.00490292953327, 0.0141432844102, -0.0127271004021, 0.00745069561526, -0.00254097464494, -0.00345411268063, 0.00458363862708, -0.00506799388677, 0.00450068153441, -0.00534227397293, 0.00208318023942], [-0.000339384831022, -0.00116214889567, 0.00436228932813, -0.0127271004021, 0.0225870963186, -0.0167671237141, 0.00912043359131, -0.00150702462997, -0.007379331626, 0.00804626289755, -0.00754057336599, 0.00411365507171, -0.00175779953133], [0.00103048700839, -0.000446266640211, -0.00233637052588, 0.00745069561526, -0.0167671237141, 0.0226433798671, -0.0180616397411, 0.00983990728855, 0.00146266876254, -0.00610764697194, 0.00519594270736, 0.000288626382826, -0.00319340033457], [-0.00140503922012, 0.0017766833771, -0.000293234916171, -0.00254097464494, 0.00912043359131, -0.0180616397411, 0.0246788728982, -0.0186049714684, 0.00865257717669, -0.00340858707204, 0.00289967283607, -0.00575812580064, 0.00563600799069], [0.00117337063421, -0.00202332460321, 0.00277005205862, -0.00345411268063, -0.00150702462997, 0.00983990728855, -0.0186049714684, 0.0264409072697, -0.0192457940429, 0.0156369805336, -0.014609198086, 0.00974170677364, -0.0066479658708], [-0.000758337962907, 0.00158992432989, -0.00325740803964, 0.00458363862708, -0.007379331626, 0.00146266876254, 0.00865257717669, -0.0192457940429, 0.02894628793, -0.0289954543114, 0.0232443101704, -0.0105026680976, 0.00348346447572], [0.000386483006878, -0.00160412304103, 0.00361481006257, -0.00506799388677, 0.00804626289755, -0.00610764697194, -0.00340858707204, 0.0156369805336, -0.0289954543114, 0.0418571792543, -0.032846018672, 0.0163792725652, -0.00253892270848], [-0.000470423023216, 0.0010557314381, -0.00396961346269, 0.00450068153441, -0.00754057336599, 0.00519594270736, 0.00289967283607, -0.014609198086, 0.0232443101704, -0.032846018672, 0.0395540110767, -0.0240957699716, 0.00900125876069], [0.000312126678182, -0.00121896353085, 0.00238218600862, -0.00534227397293, 0.00411365507171, 0.000288626382826, -0.00575812580064, 0.00974170677364, -0.0105026680976, 0.0163792725652, -0.0240957699716, 0.0262783225626, -0.0126664489508], [-0.000244420720264, 0.000433074194007, -0.00138576584868, 0.00208318023942, -0.00175779953133, -0.00319340033457, 0.00563600799069, -0.0066479658708, 0.00348346447572, -0.00253892270848, 0.00900125876069, -0.0126664489508, 0.0157749410719]]}, "spectral_contrast_coeffs": {"dmean": [0.0341806933284, 0.0293307621032, 0.0293704532087, 0.0296387765557, 0.0218975394964, 0.0208941567689], "dmean2": [0.0553905591369, 0.0460094027221, 0.045909319073, 0.0475556962192, 0.0344265401363, 0.0357443839312], "dvar": [0.0012697664788, 0.00137024698779, 0.00167978496756, 0.00166576134507, 0.000539276166819, 0.000565669499338], "dvar2": [0.00292969401926, 0.00321876513772, 0.0040250918828, 0.00394762307405, 0.00123870011885, 0.00161549565382], "max": [-0.349584519863, -0.30806016922, -0.379095554352, -0.444490998983, -0.569060504436, -0.672445416451], "mean": [-0.564249396324, -0.633695423603, -0.673193871975, -0.709920585155, -0.80656516552, -0.871418058872], "median": [-0.543305635452, -0.656554162502, -0.675425052643, -0.706529736519, -0.805339157581, -0.870861470699], "min": [-0.958781123161, -0.984166383743, -0.970142066479, -0.955866575241, -0.960839092731, -0.964003145695], "var": [0.00965391937643, 0.0109307235107, 0.00757454382256, 0.00622292980552, 0.00290736858733, 0.00199162424542]}, "spectral_contrast_valleys": {"dmean": [0.431826531887, 0.326879233122, 0.350601941347, 0.407405138016, 0.477878659964, 0.655688881874], "dmean2": [0.676903367043, 0.511649787426, 0.56307977438, 0.660794019699, 0.712062597275, 1.01279270649], "dvar": [0.271323