{"lowlevel": {"average_loudness": 0.00340808276087, "barkbands_crest": {"dmean": 1.249158144, "dmean2": 1.81124031544, "dvar": 2.3369641304, "dvar2": 5.08936214447, "max": 26.873008728, "mean": 14.9591493607, "median": 13.9806928635, "min": 4.03654050827, "var": 31.8100357056}, "barkbands_flatness_db": {"dmean": 0.0148249762133, "dmean2": 0.0226501859725, "dvar": 0.000394757691538, "dvar2": 0.000781053153332, "max": 0.628316104412, "mean": 0.327679902315, "median": 0.317405581474, "min": 0.0398633405566, "var": 0.010858124122}, "barkbands_kurtosis": {"dmean": 3.35899949074, "dmean2": 4.7930765152, "dvar": 158.658279419, "dvar2": 383.157775879, "max": 557.506958008, "mean": 11.6991214752, "median": 4.41933059692, "min": -1.80110645294, "var": 904.235046387}, "barkbands_skewness": {"dmean": 0.391588538885, "dmean2": 0.572453558445, "dvar": 0.347915381193, "dvar2": 0.812030136585, "max": 9.16512393951, "mean": 1.30737626553, "median": 1.40435838699, "min": -17.4341011047, "var": 4.38788604736}, "barkbands_spread": {"dmean": 1.01379644871, "dmean2": 1.50035941601, "dvar": 3.15860199928, "dvar2": 6.25793790817, "max": 102.996894836, "mean": 6.67545795441, "median": 4.31518411636, "min": 0.0447867847979, "var": 79.2718505859}, "dissonance": {"dmean": 0.0426225736737, "dmean2": 0.0734275877476, "dvar": 0.00199347990565, "dvar2": 0.00570264784619, "max": 0.499930888414, "mean": 0.3327485919, "median": 0.344104468822, "min": 0.0564847923815, "var": 0.00931240525097}, "dynamic_complexity": 16.7621955872, "erbbands_crest": {"dmean": 1.87275540829, "dmean2": 2.74622178078, "dvar": 5.04394721985, "dvar2": 11.9050512314, "max": 34.333656311, "mean": 16.8132514954, "median": 16.3017425537, "min": 2.37016153336, "var": 42.6021842957}, "erbbands_flatness_db": {"dmean": 0.0123972268775, "dmean2": 0.0187639445066, "dvar": 0.000278656982118, "dvar2": 0.000538523076102, "max": 0.659930467606, "mean": 0.346107244492, "median": 0.351237237453, "min": 0.0516316704452, "var": 0.00942575093359}, "erbbands_kurtosis": {"dmean": 1.47013938427, "dmean2": 2.03196239471, "dvar": 9.57065105438, "dvar2": 17.7290344238, "max": 101.005554199, "mean": 5.15575122833, "median": 1.68465638161, "min": -1.65724897385, "var": 103.371818542}, "erbbands_skewness": {"dmean": 0.276418983936, "dmean2": 0.390589952469, "dvar": 0.120061963797, "dvar2": 0.245475575328, "max": 6.90808534622, "mean": 0.88173687458, "median": 0.861289024353, "min": -7.30922651291, "var": 1.72641062737}, "erbbands_spread": {"dmean": 1.82326817513, "dmean2": 2.68628501892, "dvar": 7.14104700089, "dvar2": 15.9948472977, "max": 108.240623474, "mean": 12.64752388, "median": 9.99534797668, "min": 0.187024205923, "var": 117.729347229}, "hfc": {"dmean": 1.41707265377, "dmean2": 1.95336663723, "dvar": 28.6994590759, "dvar2": 52.6551055908, "max": 157.231018066, "mean": 5.58865451813, "median": 0.442995131016, "min": 1.18272533914e-16, "var": 182.436950684}, "melbands_crest": {"dmean": 1.70892345905, "dmean2": 2.54831504822, "dvar": 4.67643737793, "dvar2": 11.1172952652, "max": 34.2374534607, "mean": 18.4539871216, "median": 18.1852531433, "min": 1.48703181744, "var": 45.7733421326}, "melbands_flatness_db": {"dmean": 0.0151149397716, "dmean2": 0.0226341616362, "dvar": 0.000535543367732, "dvar2": 0.000975768140052, "max": 0.731570243835, "mean": 0.414340019226, "median": 0.408205449581, "min": 0.00319455261342, "var": 0.0153854507953}, "melbands_kurtosis": {"dmean": 2.86701893806, "dmean2": 4.12036848068, "dvar": 29.9372406006, "dvar2": 63.7661514282, "max": 209.137329102, "mean": 10.0940589905, "median": 5.50720453262, "min": -1.83818888664, "var": 228.886184692}, "melbands_skewness": {"dmean": 0.374381452799, "dmean2": 0.552145779133, "dvar": 0.253134459257, "dvar2": 0.610885202885, "max": 10.4500293732, "mean": 1.5144431591, "median": 1.59129357338, "min": -9.24073505402, "var": 3.3279633522}, "melbands_spread": {"dmean": 1.56761884689, "dmean2": 2.35501408577, "dvar": 14.5187749863, "dvar2": 27.5498561859, "max": 164.260726929, "mean": 9.85307693481, "median": 6.31962203979, "min": 0.214641019702, "var": 308.330718994}, "pitch_salience": {"dmean": 0.0374575331807, "dmean2": 0.0557178370655, "dvar": 0.00226517138071, "dvar2": 0.00553521700203, "max": 0.842963159084, "mean": 0.442781656981, "median": 0.447523295879, "min": 0.0362282022834, "var": 0.0182542633265}, "silence_rate_20dB": {"dmean": 0.000336417171638, "dmean2": 0.00067294749897, "dvar": 0.00033630814869, "dvar2": 0.00100898509845, "max": 1, "mean": 0.999831795692, "median": 1, "min": 0, "var": 0.000168132421095}, "silence_rate_30dB": {"dmean": 0.00874684564769, "dmean2": 0.0174966361374, "dvar": 0.00867015775293, "dvar2": 0.019545217976, "max": 1, "mean": 0.974100232124, "median": 1, "min": 0, "var": 0.025229299441}, "silence_rate_60dB": {"dmean": 0.0201850291342, "dmean2": 0.0403768494725, "dvar": 0.0197767708451, "dvar2": 0.0414392985404, "max": 1, "mean": 0.608812630177, "median": 1, "min": 0, "var": 0.238171681762}, "spectral_centroid": {"dmean": 44.9807014465, "dmean2": 65.4881286621, "dvar": 27454.2890625, "dvar2": 35071.3125, "max": 11248.6025391, "mean": 658.662597656, "median": 536.939575195, "min": 192.573379517, "var": 287008.28125}, "spectral_complexity": {"dmean": 0.662068963051, "dmean2": 1.08327722549, "dvar": 1.72725665569, "dvar2": 3.75183701515, "max": 29, "mean": 4.77362918854, "median": 2, "min": 0, "var": 33.4292030334}, "spectral_decrease": {"dmean": 7.97850063794e-10, "dmean2": 1.10120113028e-09, "dvar": 8.88897467954e-18, "dvar2": 1.65477597347e-17, "max": 1.01414808097e-17, "mean": -3.53471407699e-09, "median": -2.27871679859e-10, "min": -9.90970292492e-08, "var": 6.79549254943e-17}, "spectral_energy": {"dmean": 0.00313008297235, "dmean2": 0.00431708712131, "dvar": 0.000136764123454, "dvar2": 0.000254005164606, "max": 0.386205345392, "mean": 0.0138476975262, "median": 0.000898790778592, "min": 1.07367292261e-20, "var": 0.0010433990974}, "spectral_energyband_high": {"dmean": 5.05561138198e-06, "dmean2": 7.61532328397e-06, "dvar": 8.90310047907e-10, "dvar2": 1.95799820801e-09, "max": 0.00101808528416, "mean": 1.01366476883e-05, "median": 1.69218701274e-08, "min": 7.92278033568e-21, "var": 1.75254877277e-09}, "spectral_energyband_low": {"dmean": 0.000880636100192, "dmean2": 0.00136705138721, "dvar": 1.03367465272e-05, "dvar2": 2.5813575121e-05, "max": 0.0786623731256, "mean": 0.00321898027323, "median": 8.49610842124e-06, "min": 1.19543262136e-22, "var": 6.48729255772e-05}, "spectral_energyband_middle_high": {"dmean": 0.000452904816484, "dmean2": 0.000647447188385, "dvar": 3.92713218389e-06, "dvar2": 7.58515488997e-06, "max": 0.0595253221691, "mean": 0.00125787896104, "median": 5.38882450201e-05, "min": 1.49604247074e-21, "var": 1.38847972266e-05}, "spectral_energyband_middle_low": {"dmean": 0.00254322239198, "dmean2": 0.00352009525523, "dvar": 0.000108994099719, "dvar2": 0.000203034564038, "max": 0.323450475931, "mean": 0.0102197574452, "median": 0.000698687275872, "min": 3.330534896e-22, "var": 0.000700708769727}, "spectral_entropy": {"dmean": 0.119659766555, "dmean2": 0.178017631173, "dvar": 0.043747510761, "dvar2": 0.0906460061669, "max": 9.78984546661, "mean": 5.60206127167, "median": 5.57812786102, "min": 3.08046412468, "var": 1.07466542721}, "spectral_flux": {"dmean": 0.00878376793116, "dmean2": 0.0146334031597, "dvar": 0.000593031407334, "dvar2": 0.00149829185102, "max": 0.443620741367, "mean": 0.020135531202, "median": 0.00456727668643, "min": 1.03618190417e-10, "var": 0.00125860096887}, "spectral_kurtosis": {"dmean": 17.712896347, "dmean2": 30.4388637543, "dvar": 694.639038086, "dvar2": 1891.87805176, "max": 580.081481934, "mean": 64.7302932739, "median": 38.3470306396, "min": -1.20056676865, "var": 4363.48876953}, "spectral_rms": {"dmean": 0.0002661474864, "dmean2": 0.000357030745363, "dvar": 4.53083856655e-07, "dvar2": 8.0701920524e-07, "max": 0.0194109678268, "mean": 0.00225690566003, "median": 0.000936412776355, "min": 3.23648855112e-12, "var": 8.41633027449e-06}, "spectral_rolloff": {"dmean": 90.3158569336, "dmean2": 153.464874268, "dvar": 154316.3125, "dvar2": 255062.4375, "max": 19293.75, "mean": 1149.98583984, "median": 645.99609375, "min": 107.666015625, "var": 7541593}, "spectral_skewness": {"dmean": 0.906979858875, "dmean2": 1.55681478977, "dvar": 1.10337007046, "dvar2": 2.79727101326, "max": 19.7487697601, "mean": 5.42405891418, "median": 4.40016126633, "min": -0.0317498892546, "var": 10.9180622101}, "spectral_spread": {"dmean": 298960.3125, "dmean2": 509863.5, "dvar": 418393292800, "dvar2": 683505221632, "max": 40535548, "mean": 2121518.5, "median": 1505002.25, "min": 252212.03125, "var": 4564796309500.0}, "spectral_strongpeak": {"dmean": 0.170349493623, "dmean2": 0.264922529459, "dvar": 0.273769408464, "dvar2": 0.656420230865, "max": 11.6724700928, "mean": 0.655993103981, "median": 0.28746587038, "min": 0, "var": 0.863077044487}, "zerocrossingrate": {"dmean": 0.0027826691512, "dmean2": 0.00350307300687, "dvar": 6.27748740953e-05, "dvar2": 6.24836902716e-05, "max": 0.51953125, "mean": 0.0399992354214, "median": 0.02490234375, "min": 0.00439453125, "var": 0.00523590156808}, "barkbands": {"dmean": [7.9609826571e-06, 0.000448888778919, 0.000426610495197, 0.000306927075144, 0.000620044127572, 0.00114573875908, 0.000173683321918, 0.000519312103279, 0.000306505331537, 0.000343879364664, 0.000113640911877, 7.6208540122e-05, 8.55560574564e-05, 3.04962304654e-05, 3.29708273057e-05, 2.82192759187e-05, 4.77013563795e-05, 8.08113054518e-06, 9.76999308477e-06, 3.7910260744e-06, 1.5325217646e-06, 1.35557866088e-06, 7.21270339454e-07, 1.12245430728e-07, 2.02440233465e-08, 3.57316376487e-09, 9.38006672335e-10], "dmean2": [1.37310726132e-05, 0.000688065600116, 0.000665163446683, 0.000467006670078, 0.000882952066604, 0.00159217335749, 0.000244693510467, 0.000689590291586, 0.000428855099017, 0.000513062172104, 0.000161111340276, 0.000124210739159, 0.000124638885609, 4.66265701107e-05, 5.35316248715e-05, 4.57688074675e-05, 7.41343901609e-05, 1.33829398692e-05, 1.65068995557e-05, 6.18845933786e-06, 2.39947235059e-06, 2.07845096156e-06, 1.05925403204e-06, 1.82026639095e-07, 3.32738174791e-08, 5.9144862341e-09, 1.64836411187e-09], "dvar": [1.41843747858e-09, 3.48286698681e-06, 2.65477842731e-06, 3.39354937751e-06, 8.26837913337e-06, 4.01749857701e-05, 7.59004308293e-07, 4.56366524304e-06, 1.59828846336e-06, 4.06465278502e-06, 6.55665360227e-07, 2.12786176235e-07, 1.15780892429e-06, 1.54221986293e-08, 8.48395202979e-08, 4.16783514368e-08, 3.72922031033e-08, 1.02602770724e-09, 1.38938205385e-09, 5.87731807666e-10, 7.67410093805e-11, 6.16178288948e-11, 3.00172421641e-11, 7.12704418052e-13, 1.54820885387e-14, 1.11043435935e-15, 1.09044763426e-17], "dvar2": [4.28212842962e-09, 8.75996465766e-06, 6.19392949375e-06, 9.91321576294e-06, 1.48728468048e-05, 8.56127080624e-05, 1.58311195264e-06, 8.09809989732e-06, 3.34554124493e-06, 7.87439057603e-06, 1.51894914779e-06, 6.3651043547e-07, 2.23633378482e-06, 3.73828221711e-08, 2.43285313672e-07, 1.12187350965e-07, 8.31205113627e-08, 2.62184651767e-09, 3.66546459851e-09, 1.43781697659e-09, 1.71728409271e-10, 1.28790714204e-10, 6.74320113636e-11, 1.54557670915e-12, 3.45844534922e-14, 2.24446642133e-15, 3.19748022359e-17], "max": [0.00165377720259, 0.0617210157216, 0.0524570047855, 0.0839375928044, 0.11774431169, 0.230623006821, 0.0409279502928, 0.0959105938673, 0.0332616306841, 0.0992261394858, 0.0389131307602, 0.0134403603151, 0.0531190596521, 0.00302845379338, 0.0149287423119, 0.00940151140094, 0.00613525463268, 0.000820301298518, 0.000848955998663, 0.00126743549481, 0.000302429834846, 0.000222224756726, 0.000190909893718, 3.91947469325e-05, 4.63119022243e-06, 1.97559461412e-06, 1.11642570744e-07], "mean": [1.69805553014e-05, 0.00134586298373, 0.00120502291247, 0.0009572795243, 0.00204671407118, 0.00418297341093, 0.000529119977728, 0.00130295031704, 0.000756319495849, 0.00069596990943, 0.000251423072768, 0.000127673876705, 0.000137372306199, 5.67882016185e-05, 5.56573395443e-05, 5.12794722454e-05, 8.2996848505e-05, 1.45413405335e-05, 1.73165462911e-05, 6.84101496518e-06, 2.8321053378e-06, 2.42361920755e-06, 1.06016409518e-06, 2.37315802565e-07, 6.5576948316e-08, 1.4957244332e-08, 2.28198593355e-09], "median": [5.7154252886e-08, 1.06855964077e-06, 2.95309473586e-06, 3.22185724144e-06, 8.95140237844e-06, 5.20159665029e-05, 1.04277760329e-05, 2.53333710134e-05, 1.2688431525e-05, 1.58586681209e-06, 1.20489075925e-05, 8.18080025056e-07, 1.1303188785e-06, 1.44318619277e-06, 4.30165897569e-07, 9.04326896034e-07, 7.96041319973e-07, 4.54974191655e-08, 4.7177536544e-08, 1.72073253424e-08, 2.62079913327e-09, 7.45668415902e-10, 1.81246767594e-10, 1.33859826001e-10, 1.46678447166e-10, 1.95497160127e-10, 2.38468134128e-10], "min": [4.67074065909e-23, 7.85772104569e-23, 9.65765093141e-24, 1.21745913245e-23, 1.03093208788e-22, 4.98370071285e-23, 4.63275953085e-23, 3.07541084215e-23, 6.96263781077e-23, 8.08613729852e-23, 6.08282313645e-23, 9.78168526703e-23, 8.95401871616e-23, 9.14367034411e-23, 1.0906580092e-22, 1.25510811868e-22, 2.74688511122e-22, 1.90620778278e-22, 2.45706215848e-22, 3.03468024967e-22, 3.67898069007e-22, 5.53851289838e-22, 6.65781943264e-22, 8.63129445766e-22, 1.17452235477e-21, 1.77224718514e-21, 2.57288289329e-21], "var": [3.14039438898e-09, 1.84934906429e-05, 1.27830435304e-05, 1.24612342915e-05, 5.07404402015e-05, 0.00020797495381, 4.13213592765e-06, 1.82164894795e-05, 5.64397123526e-06, 1.17302688523e-05, 1.44852344874e-06, 3.71035525859e-07, 1.82543260507e-06, 3.21345581256e-08, 7.33198461944e-08, 4.60773783573e-08, 8.91589309049e-08, 2.41874142937e-09, 3.24853544065e-09, 8.10483513636e-10, 1.75374409439e-10, 1.23617144299e-10, 4.07522106338e-11, 1.31397106737e-12, 6.79053845489e-14, 3.9051988165e-15, 6.00768441054e-17]}, "erbbands": {"dmean": [0.00724068377167, 0.122689090669, 0.450823098421, 0.831225633621, 0.701038241386, 1.88884961605, 9.85515785217, 7.77797985077, 2.86036133766, 7.21418619156, 9.44240188599, 8.4364118576, 12.0996685028, 4.95286989212, 4.47082471848, 3.90327143669, 4.33696317673, 1.87024188042, 1.33591008186, 2.06271195412, 1.34369802475, 1.83006894588, 0.934850811958, 0.594275474548, 0.312702476978, 0.187683850527, 0.0944583564997, 0.0492157153785, 0.0512104071677, 0.0295078903437, 0.0149528980255, 0.00460628792644, 0.00164113857318, 0.000424995843787, 0.000106612744275, 2.38514330704e-05, 5.98534643359e-06, 1.2019040696e-06, 1.50738878801e-06, 3.50676214111e-06], "dmean2": [0.0114953434095, 0.185962542892, 0.698365747929, 1.29875290394, 1.04354143143, 2.81207060814, 12.3905334473, 12.039812088, 4.41082286835, 9.99667835236, 12.2227802277, 11.5499010086, 18.2921028137, 7.19961166382, 6.34728145599, 6.23173141479, 6.28641605377, 2.84175801277, 2.05781435966, 3.48046445847, 2.17915821075, 2.76265597343, 1.44135773182, 0.987488687038, 0.534059405327, 0.304789572954, 0.147267505527, 0.0755804479122, 0.0779043287039, 0.0445612333715, 0.0225528106093, 0.00715002417564, 0.00269935326651, 0.000694435613696, 0.000174164786586, 3.92441179429e-05, 9.88516876532e-06, 2.02919090952e-06, 2.09683594221e-06, 4.83314761368e-06], "dvar": [0.00142230663914, 0.238789558411, 2.97613930702, 19.5975284576, 8.60652446747, 64.7579040527, 3275.86352539, 2287.19042969, 338.023742676, 903.697387695, 1828.06005859, 1199.23974609, 6177.05175781, 418.436065674, 795.010192871, 553.374267578, 3047.72314453, 70.2487335205, 39.9502372742, 730.846252441, 39.7948608398, 57.0764122009, 13.9977779388, 5.58565711975, 2.06056189537, 2.13754820824, 0.249837577343, 0.0872767791152, 0.0988305583596, 0.0310623925179, 0.00995481666178, 0.0020247483626, 0.00023986081942, 9.59540648182e-06, 6.18066280822e-07, 3.08104581848e-08, 1.64343183506e-09, 2.28871158137e-11, 3.05776411136e-11, 1.71470920796e-10], "dvar2": [0.00389259238727, 0.586150944233, 6.84084844589, 57.2089385986, 20.5662651062, 135.862640381, 5229.97802734, 5624.38818359, 864.592468262, 1836.0814209, 2822.34790039, 2434.64892578, 12306.1132812, 854.217224121, 1671.99645996, 1599.71826172, 5973.51757812, 161.576644897, 89.8626556396, 2138.83813477, 98.0140457153, 117.412246704, 32.0302314758, 15.1113710403, 5.12708806992, 5.1258649826, 0.578710854053, 0.178969532251, 0.207351624966, 0.066998757422, 0.0231431704015, 0.00488986959681, 0.000513988081366, 2.087147368e-05, 1.37011477364e-06, 6.51860219136e-08, 4.14729139919e-09, 6.329609753e-11, 5.58775699322e-11, 3.17386672499e-10], "max": [1.61331582069, 14.0598478317, 63.6405830383, 169.097091675, 123.329063416, 255.472290039, 2556.66430664, 1976.97155762, 899.232971191, 653.604492188, 2631.29882812, 869.571350098, 3675.85327148, 650.340454102, 1348.9831543, 647.901000977, 2792.29296875, 277.864593506, 253.024673462, 1452.56335449, 169.19480896, 219.709747314, 103.845657349, 63.1592597961, 53.7896690369, 84.7285385132, 15.6537036896, 12.87312603, 9.26906776428, 3.92340254784, 3.14104056358, 2.12760186195, 0.693160295486, 0.137036442757, 0.0327382460237, 0.00965828169137, 0.00226572342217, 0.000235553859966, 0.000201083690627, 0.000430208776379], "mean": [0.0231754034758, 0.363139420748, 1.31155467033, 2.73079586029, 2.2139377594, 5.97646284103, 36.2466697693, 26.4142551422, 8.68188858032, 16.2973537445, 26.8826618195, 22.5878238678, 22.5416355133, 11.9639844894, 10.8052034378, 6.84282588959, 7.13759469986, 3.5663921833, 2.68944835663, 3.41782355309, 2.64934945107, 3.37238574028, 1.67189097404, 1.09020209312, 0.562420904636, 0.339641928673, 0.177814260125, 0.099274776876, 0.0885833725333, 0.0509644336998, 0.0235495436937, 0.00788506120443, 0.00313021382317, 0.00108487124089, 0.000349528243532, 9.96858434519e-05, 2.71482640528e-05, 5.2254140428e-06, 6.92993262419e-06, 1.55054567585e-05], "median": [1.89148777281e-05, 0.000439168739831, 0.00336496438831, 0.0107161216438, 0.0219469517469, 0.0587690025568, 0.331175148487, 0.442094355822, 0.31305924058, 0.698800683022, 1.00444769859, 0.615953207016, 0.233100831509, 0.230356007814, 0.601859867573, 0.13030475378, 0.0825037583709, 0.113166175783, 0.03758790344, 0.0785598754883, 0.0325107164681, 0.037749350071, 0.0138153079897, 0.00379724800587, 0.00174467812758, 0.000885916233528, 0.000339191348758, 9.8616379546e-05, 3.39450780302e-05, 1.2641995454e-05, 6.01577448833e-06, 4.03831563744e-06, 3.04701211462e-06, 2.35340303334e-06, 1.76466551238e-06, 1.22936694424e-06, 6.93990500622e-07, 2.18022023546e-07, 4.75503043162e-07, 1.01404100405e-06], "min": [3.34522886293e-21, 1.35189197125e-20, 1.74430855411e-20, 2.34531569209e-20, 2.09177252357e-19, 3.94296551133e-19, 1.5524309894e-19, 5.94743635907e-19, 7.15113045791e-19, 6.22306224496e-19, 6.24357322222e-19, 1.44768384181e-18, 2.26732832199e-18, 3.42685004554e-18, 2.30509097811e-18, 3.846798062e-18, 3.83383820976e-18, 3.73802918813e-18, 6.01474084019e-18, 5.43607506215e-18, 1.27772405464e-17, 1.31697443645e-17, 1.00287865502e-17, 8.14407289534e-18, 1.67148105137e-17, 1.634061882e-17, 1.47441470029e-17, 1.45417193634e-17, 2.03597421783e-17, 1.65283011379e-17, 2.03613518717e-17, 1.42220967747e-17, 1.81936274692e-17, 1.37014767418e-17, 7.88747567906e-18, 6.09348719374e-18, 3.31667558501e-18, 1.34007064264e-18, 3.75514743241e-19, 3.72453451192e-20], "var": [0.00667300261557, 1.26704728603, 13.9960269928, 81.9293518066, 41.8636016846, 331.52432251, 21209.6679688, 9768.65234375, 1282.91882324, 2179.71508789, 10108.3730469, 4589.69335938, 15390.7773438, 1503.26318359, 2490.40722656, 984.166931152, 4735.74121094, 133.729705811, 110.129394531, 473.372253418, 88.5871734619, 154.372024536, 30.3659896851, 12.0552539825, 5.0651140213, 2.72562861443, 0.549535393715, 0.221108973026, 0.186498492956, 0.0561683997512, 0.0141286328435, 0.00243372842669, 0.000328657042701, 2.13879484363e-05, 2.05430546885e-06, 1.44791570733e-07, 8.65373905867e-09, 2.81451750794e-10, 2.60283239406e-10, 1.30807598087e-09]}, "gfcc": {"mean": [-359.593933105, 179.400253296, -120.753868103, -37.1397247314, -47.7786178589, -24.3706989288, -24.2382068634, -5.02416229248, -10.6288948059, -12.3237915039, -9.06038665771, -4.66784572601, -2.82468032837], "cov": [[53295.5898438, 9518.87304688, -6059.23242188, 6068.98583984, 2679.20678711, -1144.29675293, 895.214660645, -1085.35119629, 1023.33624268, -953.088928223, 674.393005371, -1152.27392578, -103.307662964], [9518.87304688, 4391.57958984, -699.796142578, -106.779434204, 929.826904297, -641.891479492, -190.252227783, -506.545501709, 13.2529964447, -336.013183594, 32.7891311646, -394.425018311, -14.5098752975], [-6059.23242188, -699.796142578, 1848.0201416, -690.276123047, -434.454528809, 398.937133789, -218.363647461, 76.9050216675, -247.838104248, -0.658643424511, -213.013031006, 74.1086273193, 96.4906311035], [6068.98583984, -106.779434204, -690.276123047, 1774.38415527, 334.975097656, 194.769760132, 373.421936035, 39.2586669922, 174.479629517, -63.8688011169, 60.8831596375, -179.074890137, -184.200363159], [2679.20678711, 929.826904297, -434.454528809, 334.975097656, 693.152709961, -40.8907394409, 72.710319519, -70.9872512817, 24.8123416901, -77.8352661133, -14.8182020187, -167.084243774, -60.2719345093], [-1144.29675293, -641.891479492, 398.937133789, 194.769760132, -40.8907394409, 626.10748291, 196.813644409, 134.517868042, -63.6633720398, -53.7915039062, -103.308959961, 30.2144508362, -3.92247653008], [895.214660645, -190.252227783, -218.363647461, 373.421936035, 72.710319519, 196.813644409, 346.789489746, 111.580665588, 47.2228012085, -33.0721855164, -32.791519165, -54.1275634766, -62.2754936218], [-1085.35119629, -506.545501709, 76.9050216675, 39.2586669922, -70.9872512817, 134.517868042, 111.580665588, 227.183013916, 56.8061065674, 67.4562683105, -9.53036308289, 26.4960422516, -27.7048587799], [1023.33624268, 13.2529964447, -247.838104248, 174.479629517, 24.8123416901, -63.6633720398, 47.2228012085, 56.8061065674, 176.960006714, 62.5237503052, 50.0978088379, -28.8600902557, -40.5429267883], [-953.088928223, -336.013183594, -0.658643424511, -63.8688011169, -77.8352661133, -53.7915039062, -33.0721855164, 67.4562683105, 62.5237503052, 178.857772827, 68.9500656128, 28.9112148285, -17.4151687622], [674.393005371, 32.7891311646, -213.013031006, 60.8831596375, -14.8182020187, -103.308959961, -32.791519165, -9.53036308289, 50.0978088379, 68.9500656128, 163.878860474, 61.4500579834, -2.78875660896], [-1152.27392578, -394.425018311, 74.1086273193, -179.074890137, -167.084243774, 30.2144508362, -54.1275634766, 26.4960422516, -28.8600902557, 28.9112148285, 61.4500579834, 185.244140625, 111.726417542], [-103.307662964, -14.5098752975, 96.4906311035, -184.200363159, -60.2719345093, -3.92247653008, -62.2754936218, -27.7048587799, -40.5429267883, -17.4151687622, -2.78875660896, 111.726417542, 211.577987671]], "icov": [[0.00029973758501, -0.000677632691804, 0.000562090426683, -0.0009781740373, 0.000622602703515, -0.000357653596438, 0.000291849457426, -8.88807771844e-05, -0.000322360574501, 0.00027067688643, -0.000435413443483, 0.000746191770304, -0.00120233488269], [-0.000677632691804, 0.00229009846225, -0.00136081769597, 0.0025640304666, -0.00202572322451, 0.0011174660176, -0.000679104821756, 0.000825720548164, 0.000218901390326, 0.000879647093825, -0.000415855029132, 0.000150159714394, 0.00206050416455], [0.000562090426683, -0.00136081769597, 0.00245192227885, -0.00170034205075, 0.00192202860489, -0.00170580111444, 0.00184698356315, -0.000895581906661, 0.000635079282802, -4.00065546273e-05, 0.000129642779939, 0.00224987627007, -0.00254309433512], [-0.0009781740373, 0.0025640304666, -0.00170034205075, 0.00436500646174, -0.00240049255081, 0.000806666328572, -0.00152930035256, 0.000823615700938, 0.000220268702833, 0.000210565500311, -6.63673781673e-05, -0.000831140670925, 0.00376026052982], [0.000622602703515, -0.00202572322451, 0.00192202860489, -0.00240049255081, 0.00423917686567, -0.00150545255747, 0.00117186189163, -0.00092520727776, 0.000445158308139, -0.000150543462951, -0.000396905059461, 0.0029945098795, -0.00291148130782], [-0.000357653596438, 0.0011174660176, -0.00170580111444, 0.000806666328572, -0.00150545255747, 0.00405740272254, -0.0022640961688, -0.000315064797178, 0.000614635937382, 0.000652595073916, 0.00120304443408, -0.00254001049325, 0.00184955645818], [0.000291849457426, -0.000679104821756, 0.00184698356315, -0.00152930035256, 0.00117186189163, -0.0022640961688, 0.0068545374088, -0.0030654144939, 0.000253187259659, 0.00128206470981, 0.000130994128995, 0.00267657032236, -0.00142742344178], [-8.88807771844e-05, 0.000825720548164, -0.000895581906661, 0.000823615700938, -0.00092520727776, -0.000315064797178, -0.0030654144939, 0.00927210133523, -0.00337047595531, -0.00192295014858, 0.0010369643569, -0.00212748465128, 0.00151413399726], [-0.000322360574501, 0.000218901390326, 0.000635079282802, 0.000220268702833, 0.000445158308139, 0.000614635937382, 0.000253187259659, -0.00337047595531, 0.0108909728006, -0.00344563624822, 6.63737664581e-05, 0.00100398878567, 0.000805174233392], [0.00027067688643, 0.000879647093825, -4.00065546273e-05, 0.000210565500311, -0.000150543462951, 0.000652595073916, 0.00128206470981, -0.00192295014858, -0.00344563624822, 0.0127978706732, -0.00720361201093, 0.00523014180362, -0.00197481689975], [-0.000435413443483, -0.000415855029132, 0.000129642779939, -6.63673781673e-05, -0.000396905059461, 0.00120304443408, 0.000130994128995, 0.0010369643569, 6.63737664581e-05, -0.00720361201093, 0.0167119055986, -0.0123265413567, 0.00587479956448], [0.000746191770304, 0.000150159714394, 0.00224987627007, -0.000831140670925, 0.0029945098795, -0.00254001049325, 0.00267657032236, -0.00212748465128, 0.00100398878567, 0.00523014180362, -0.0123265413567, 0.0235435925424, -0.0120319034904], [-0.00120233488269, 0.00206050416455, -0.00254309433512, 0.00376026052982, -0.00291148130782, 0.00184955645818, -0.00142742344178, 0.00151413399726, 0.000805174233392, -0.00197481689975, 0.00587479956448, -0.0120319034904, 0.014119900763]]}, "melbands": {"dmean": [9.33117116801e-05, 0.000203339921427, 0.000131132110255, 7.2535010986e-05, 0.000289563729893, 0.000178718852112, 4.017466199e-05, 8.77959246282e-05, 7.58894457249e-05, 4.93012121296e-05, 5.90061608818e-05, 1.97034551093e-05, 1.61651641974e-05, 1.04429045678e-05, 9.42734004639e-06, 7.0901919571e-06, 3.52439087692e-06, 1.98941165763e-06, 2.12503755392e-06, 3.01592808682e-06, 1.63761819749e-06, 1.96719997803e-06, 2.14258784581e-06, 3.28650315851e-07, 5.62557204375e-07, 2.30571799875e-07, 1.59425198376e-07, 1.28617102746e-07, 7.42429335787e-08, 4.35927702824e-08, 2.85336572148e-08, 3.88445222654e-08, 1.60876894029e-08, 1.87592927858e-08, 9.76535652342e-09, 6.47006004328e-09, 1.48295187241e-09, 1.35886113473e-09, 8.70973460021e-10, 2.70713979011e-10], "dmean2": [0.000144431905937, 0.000311839103233, 0.000201519433176, 0.000109629254439, 0.000372946029529, 0.000270704302238, 6.22131628916e-05, 0.000121285673231, 0.000100373428722, 6.79194999975e-05, 8.93991164048e-05, 2.87194707198e-05, 2.28954104387e-05, 1.64857137861e-05, 1.42952076203e-05, 1.03200754893e-05, 5.43254373042e-06, 3.04164495901e-06, 3.47620016328e-06, 4.98656163472e-06, 2.66713891506e-06, 3.01900377053e-06, 3.29976273861e-06, 5.52700328171e-07, 9.33273327064e-07, 3.93335142235e-07, 2.73137601425e-07, 2.09237214222e-07, 1.19138853449e-07, 6.75398581507e-08, 4.41067520285e-08, 5.94251581276e-08, 2.56201548865e-08, 2.75685820839e-08, 1.48669672129e-08, 1.00282786519e-08, 2.40867015222e-09, 2.24185048303e-09, 1.4443730656e-09, 4.60619126175e-10], "dvar": [1.82494602541e-07, 5.64559115901e-07, 4.54039025044e-07, 9.35685662284e-08, 2.58801060227e-06, 1.13878149932e-06, 6.47820215249e-08, 1.36128420536e-07, 1.06067929551e-07, 3.97534272167e-08, 1.49935374338e-07, 6.75090650049e-09, 1.36629116909e-08, 3.48949869e-09, 8.04068989169e-09, 7.5147204015e-09, 2.19646523192e-10, 7.45712033789e-11, 5.74187086766e-10, 8.46550884948e-10, 5.62995379483e-11, 7.66856925183e-11, 9.27454640864e-11, 1.85273411196e-12, 5.3327225448e-12, 1.01658937345e-12, 4.91411544703e-13, 1.2181457015e-12, 1.75490495074e-13, 9.74029071375e-14, 2.27377659886e-14, 6.15384547248e-14, 9.8204339219e-15, 1.51417659471e-14, 3.65353092831e-15, 8.408125914e-15, 6.93771268999e-17, 1.42172428789e-16, 7.04153643001e-17, 2.56098116176e-18], "dvar2": [4.73482344887e-07, 1.32090713123e-06, 1.30270927912e-06, 1.97480829911e-07, 4.20466403739e-06, 2.73908335657e-06, 1.6426953664e-07, 2.76911947594e-07, 1.69357505797e-07, 7.99161270493e-08, 2.97794088056e-07, 1.35467965734e-08, 3.17439869946e-08, 9.90563187031e-09, 1.52066910175e-08, 1.53529775559e-08, 5.42242972745e-10, 1.62222624223e-10, 1.67560432196e-09, 2.41149544777e-09, 1.41888195637e-10, 1.6507455125e-10, 2.06927960877e-10, 5.07888262696e-12, 1.44474744668e-11, 2.59912078839e-12, 1.28815393682e-12, 2.91334317781e-12, 4.31708027616e-13, 2.18031362821e-13, 4.68959316909e-14, 1.28557985112e-13, 2.21427676948e-14, 3.25905447106e-14, 8.44427050392e-15, 2.0781313004e-14, 1.65896868729e-16, 3.18081068136e-16, 1.50936016949e-16, 5.83296914136e-18], "max": [0.0163779594004, 0.0256586354226, 0.0289190914482, 0.0171660725027, 0.0711155757308, 0.0414941720665, 0.0121666211635, 0.00811879336834, 0.0196525640786, 0.00471650715917, 0.0181853082031, 0.00260130222887, 0.00568924890831, 0.00167136860546, 0.00448454217985, 0.00379468267784, 0.000371998467017, 0.000357465236448, 0.00128393515479, 0.00148820341565, 0.000197522414965, 0.000262496439973, 0.000279585656244, 2.6668276405e-05, 6.24075983069e-05, 3.61303318641e-05, 1.99371825147e-05, 6.42763552605e-05, 1.2801050616e-05, 1.27299917949e-05, 5.23433072885e-06, 8.14046779851e-06, 2.85683563561e-06, 2.9663603982e-06, 1.43306226619e-06, 4.4755511226e-06, 2.58305135503e-07, 4.706783443e-07, 4.21763729719e-07, 6.74908733345e-08], "mean": [0.000298769242363, 0.000632814480923, 0.000440919393441, 0.000212542567169, 0.00105899397749, 0.000623038446065, 0.000118376156024, 0.00019690595218, 0.000213717081351, 0.00012586369121, 0.000107785126602, 4.66426099592e-05, 3.60276280844e-05, 1.98456564249e-05, 1.58856928465e-05, 1.1542687389e-05, 6.36327649772e-06, 3.95599317926e-06, 3.53787049789e-06, 5.12515953233e-06, 2.92780850941e-06, 3.51013568434e-06, 3.48342018697e-06, 5.65780680972e-07, 9.66974766925e-07, 3.79313803478e-07, 2.92020558845e-07, 2.10078184182e-07, 1.24559051073e-07, 7.76758994903e-08, 5.35303037452e-08, 6.3387332716e-08, 2.6583256485e-08, 2.91464221647e-08, 1.51541836857e-08, 8.50108872186e-09, 3.03541058955e-09, 2.38734010338e-09, 1.51336154719e-09, 7.01789182322e-10], "median": [2.22724452215e-07, 1.31592742036e-06, 2.2024264581e-06, 1.44001160152e-06, 1.21665198094e-05, 9.36822107178e-06, 2.67465452453e-06, 7.04215199221e-06, 6.72140231472e-06, 2.4525606932e-06, 4.29227753784e-07, 3.79439825338e-07, 1.95918869395e-06, 2.61713466898e-07, 6.09331607393e-08, 1.35502460807e-07, 1.46788551092e-07, 4.24256327847e-08, 3.1100160669e-08, 1.03278750885e-07, 1.53887640408e-08, 3.18964907819e-08, 2.40038282584e-08, 1.69657865534e-09, 2.40064590429e-09, 1.03936004248e-09, 6.57719767538e-10, 4.25814300486e-10, 1.54563140065e-10, 7.91510884612e-11, 2.95854243881e-11, 1.94775359036e-11, 7.60693244506e-12, 4.56154818779e-12, 2.89885129789e-12, 1.98420273267e-12, 1.73424404178e-12, 1.49704814517e-12, 1.40810887256e-12, 1.30337147325e-12], "min": [2.81237905726e-23, 1.21473740455e-23, 7.25579035607e-24, 2.63275432473e-23, 6.98558656337e-24, 1.17765841765e-23, 1.11564866513e-23, 7.06360411803e-24, 4.24152049392e-24, 1.08773687304e-23, 1.11798897878e-23, 1.37417076889e-23, 7.74861858483e-24, 1.12181787296e-23, 8.18382762421e-24, 8.6929876403e-24, 6.11901930911e-24, 1.08444440428e-23, 7.54387525891e-24, 5.4119080595e-24, 1.8768624411e-23, 1.64349813712e-23, 6.90710358077e-24, 9.51551397351e-24, 5.69522942576e-24, 9.95035303713e-24, 1.20993647597e-23, 1.08408050274e-23, 8.38254405282e-24, 8.40938504512e-24, 8.36564191907e-24, 1.18651085696e-23, 1.100943509e-23, 8.32536425897e-24, 1.20517325494e-23, 1.21373752335e-23, 6.57910941587e-24, 1.11418367155e-23, 1.45756204404e-23, 1.11166231432e-23], "var": [9.98086193249e-07, 2.9377847568e-06, 1.89498314285e-06, 4.70689968779e-07, 1.66855897987e-05, 5.03863066115e-06, 2.6272505238e-07, 3.26957859897e-07, 5.83651114994e-07, 1.52532919628e-07, 3.76264665647e-07, 2.46615066146e-08, 2.924647724e-08, 7.59499929615e-09, 1.40043106001e-08, 1.06750412954e-08, 4.3293060803e-10, 2.2529421384e-10, 3.97363530968e-10, 6.74107714094e-10, 1.35280037172e-10, 2.02937749938e-10, 1.91570717623e-10, 3.66284346603e-12, 1.07825848944e-11, 2.23860968825e-12, 1.14702344844e-12, 1.41135746753e-12, 3.19320877249e-13, 2.08299550568e-13, 5.5781344577e-14, 1.12966154985e-13, 1.63957423213e-14, 2.44255875562e-14, 5.74053964222e-15, 8.02185517313e-15, 1.62665742438e-16, 1.8896551988e-16, 9.07347119404e-17, 7.85907360555e-18]}, "mfcc": {"mean": [-919.235534668, 149.004241943, 4.64773988724, -0.865688502789, -9.71644496918, -14.4670000076, -12.6950283051, -3.03693199158, -2.32012057304, -3.99433875084, -3.77581596375, -1.60297763348, -0.528678953648], "cov": [[23015.3554688, 9543.8203125, -2803.31884766, 2023.5838623, 807.310119629, 564.971374512, 55.7479705811, 599.38079834, 151.897247314, 118.123924255, 120.214584351, 53.289806366, 94.0060577393], [9543.8203125, 5514.84082031, -732.891784668, 463.930908203, 419.45324707, 50.8868331909, -115.626754761, 24.3771400452, -11.8628454208, -23.0415115356, -27.8187656403, -71.2901535034, -69.397857666], [-2803.31884766, -732.891784668, 970.195800781, -243.903610229, -190.726745605, -63.2300682068, -48.1620254517, -132.572113037, -56.9373779297, -34.6450157166, -79.8403244019, -105.182830811, -108.110168457], [2023.5838623, 463.930908203, -243.903610229, 536.147460938, 132.8409729, 157.931777954, 133.29675293, 164.267181396, 51.1218147278, 57.0763092041, 70.508972168, 13.3188028336, 3.28712153435], [807.310119629, 419.45324707, -190.726745605, 132.8409729, 284.211700439, 136.692245483, 70.9727096558, 43.1518554688, 22.3116588593, 22.1322383881, 24.2665233612, 19.7621669769, -8.81227779388], [564.971374512, 50.8868331909, -63.2300682068, 157.931777954, 136.692245483, 283.338592529, 176.937927246, 137.556472778, 73.7164459229, 37.2431793213, 4.16465091705, -33.4959182739, -35.7110786438], [55.7479705811, -115.626754761, -48.1620254517, 133.29675293, 70.9727096558, 176.937927246, 274.289611816, 202.882797241, 101.047233582, 43.8226623535, -7.47288703918, -44.8656806946, -34.1356010437], [599.38079834, 24.3771400452, -132.572113037, 164.267181396, 43.1518554688, 137.556472778, 202.882797241, 260.852508545, 128.889450073, 48.341960907, 11.1469364166, -24.7314777374, -7.30453920364], [151.897247314, -11.8628454208, -56.9373779297, 51.1218147278, 22.3116588593, 73.7164459229, 101.047233582, 128.889450073, 159.635620117, 84.5356216431, 11.4304981232, -13.3592786789, -20.9315910339], [118.123924255, -23.0415115356, -34.6450157166, 57.0763092041, 22.1322383881, 37.2431793213, 43.8226623535, 48.341960907, 84.5356216431, 135.401245117, 93.065284729, 18.4798221588, -14.4707422256], [120.214584351, -27.8187656403, -79.8403244019, 70.508972168, 24.2665233612, 4.16465091705, -7.47288703918, 11.1469364166, 11.4304981232, 93.065284729, 184.049057007, 121.559753418, 32.9306907654], [53.289806366, -71.2901535034, -105.182830811, 13.3188028336, 19.7621669769, -33.4959182739, -44.8656806946, -24.7314777374, -13.3592786789, 18.4798221588, 121.559753418, 200.483886719, 117.156440735], [94.0060577393, -69.397857666, -108.110168457, 3.28712153435, -8.81227779388, -35.7110786438, -34.1356010437, -7.30453920364, -20.9315910339, -14.4707422256, 32.9306907654, 117.156440735, 158.913772583]], "icov": [[0.00133731903043, -0.00193603883963, 0.00206862413324, -0.00252403994091, 0.00254268851131, -0.00269018276595, 0.00278087612242, -0.00250202068128, 0.00272582448088, -0.00339485821314, 0.00371184851974, -0.00249585602432, 0.000962490506936], [-0.00193603883963, 0.00305358227342, -0.00286796456203, 0.00347214820795, -0.00402219034731, 0.00400852784514, -0.00366866867989, 0.00351151963696, -0.00397113710642, 0.00497669447213, -0.00529766082764, 0.00375157897361, -0.00123090529814], [0.00206862413324, -0.00286796456203, 0.00479857390746, -0.00363184325397, 0.00482971034944, -0.00452388031408, 0.00392321730033, -0.00301632867195, 0.00456062192097, -0.00555287534371, 0.00617842469364, -0.00395858194679, 0.00255192583427], [-0.00252403994091, 0.00347214820795, -0.00363184325397, 0.00782821606845, -0.00511493580416, 0.00420626625419, -0.00516177993268, 0.00287171499804, -0.00369511498138, 0.00564235635102, -0.00776741839945, 0.00498450035229, -0.00197654403746], [0.00254268851131, -0.00402219034731, 0.00482971034944, -0.00511493580416, 0.0111078638583, -0.00798121560365, 0.00424665631726, -0.00309266312979, 0.00569527270272, -0.00726712215692, 0.00810780655593, -0.00679361913353, 0.00314010027796], [-0.00269018276595, 0.00400852784514, -0.00452388031408, 0.00420626625419, -0.00798121560365, 0.0131660876796, -0.00889455713332, 0.00484409928322, -0.00654735136777, 0.00763145973906, -0.00820597168058, 0.0060324263759, -0.00190886377823], [0.00278087612242, -0.00366866867989, 0.00392321730033, -0.00516177993268, 0.00424665631726, -0.00889455713332, 0.0179378129542, -0.0137312905863, 0.00780667597428, -0.00989160686731, 0.0105099612847, -0.00623019086197, 0.00353002687916], [-0.00250202068128, 0.00351151963696, -0.00301632867195, 0.00287171499804, -0.00309266312979, 0.00484409928322, -0.0137312905863, 0.0211396738887, -0.015928896144, 0.0140775581822, -0.0132916932926, 0.00957467686385, -0.00527927139774], [0.00272582448088, -0.00397113710642, 0.00456062192097, -0.00369511498138, 0.00569527270272, -0.00654735136777, 0.00780667597428, -0.015928896144, 0.0280074235052, -0.0252818726003, 0.0204566624016, -0.0135117610916, 0.006730703637], [-0.00339485821314, 0.00497669447213, -0.00555287534371, 0.00564235635102, -0.00726712215692, 0.00763145973906, -0.00989160686731, 0.0140775581822, -0.0252818726003, 0.0383792482316, -0.0308140479028, 0.0183785501868, -0.00687762582675], [0.00371184851974, -0.00529766082764, 0.00617842469364, -0.00776741839945, 0.00810780655593, -0.00820597168058, 0.0105099612847, -0.0132916932926, 0.0204566624016, -0.0308140479028, 0.0373758971691, -0.025476500392, 0.0110323289409], [-0.00249585602432, 0.00375157897361, -0.00395858194679, 0.00498450035229, -0.00679361913353, 0.0060324263759, -0.00623019086197, 0.00957467686385, -0.0135117610916, 0.0183785501868, -0.025476500392, 0.0274747870862, -0.0146828489378], [0.000962490506936, -0.00123090529814, 0.00255192583427, -0.00197654403746, 0.00314010027796, -0.00190886377823, 0.00353002687916, -0.00527927139774, 0.006730703637, -0.00687762582675, 0.0110323289409, -0.0146828489378, 0.016022356227]]}, "spectral_contrast_coeffs": {"dmean": [0.0343400537968, 0.0300573576242, 0.02477013506, 0.0213313642889, 0.0172502137721, 0.020068153739], "dmean2": [0.0576222352684, 0.0492784716189, 0.0391876325011, 0.0338407307863, 0.0271019842476, 0.0336763635278], "dvar": [0.000944275758229, 0.00117910420522, 0.000747754238546, 0.000503166695125, 0.00032009309507, 0.000737689086236], "dvar2": [0.00240438478068, 0.00287802424282, 0.00172841071617, 0.00117819313891, 0.000667180982418, 0.00184569507837], "max": [-0.303262233734, -0.254850298166, -0.448982179165, -0.504394352436, -0.560661196709, -0.577072918415], "mean": [-0.670229315758, -0.63266980648, -0.672177016735, -0.744158923626, -0.775827586651, -0.832673668861], "median": [-0.681765735149, -0.631001651287, -0.662308692932, -0.733758330345, -0.759216487408, -0.867172598839], "min": [-0.967264592648, -0.960610091686, -0.961257576942, -0.953715980053, -0.961884617805, -0.962135672569], "var": [0.0157383624464, 0.0147691247985, 0.00691067241132, 0.00669783353806, 0.00774592906237, 0.00702793989331]}, "spectral_contrast_valleys": {"dmean": [0.416422814131, 0.323629617691, 0.290306150913, 0.264360487461, 0.205897465348, 0.328210055828], "dmean2": 