{"lowlevel": {"average_loudness": 0.937250077724, "barkbands_crest": {"dmean": 3.19169807434, "dmean2": 4.63842630386, "dvar": 10.3021688461, "dvar2": 17.3858337402, "max": 26.5800056458, "mean": 13.7258195877, "median": 11.8064002991, "min": 2.69384121895, "var": 44.5080986023}, "barkbands_flatness_db": {"dmean": 0.0376336537302, "dmean2": 0.0470609739423, "dvar": 0.00153612287249, "dvar2": 0.00252002081834, "max": 0.539662003517, "mean": 0.177427753806, "median": 0.1558637321, "min": 0.0322102494538, "var": 0.00844369083643}, "barkbands_kurtosis": {"dmean": 14.3284511566, "dmean2": 18.6419219971, "dvar": 3304.18994141, "dvar2": 5967.46240234, "max": 1982.45715332, "mean": 20.6580028534, "median": 4.39297580719, "min": -1.891726017, "var": 5636.19091797}, "barkbands_skewness": {"dmean": 1.04480612278, "dmean2": 1.33000338078, "dvar": 2.05127501488, "dvar2": 2.97779464722, "max": 34.9247398376, "mean": 2.76025891304, "median": 2.03850126266, "min": -4.13265514374, "var": 8.9562702179}, "barkbands_spread": {"dmean": 9.13289070129, "dmean2": 13.0195856094, "dvar": 142.033981323, "dvar2": 267.439605713, "max": 121.652648926, "mean": 22.1642990112, "median": 16.8459568024, "min": 0.0999270305037, "var": 386.099182129}, "dissonance": {"dmean": 0.0260809138417, "dmean2": 0.0436715595424, "dvar": 0.000615429133177, "dvar2": 0.00163469824474, "max": 0.500000059605, "mean": 0.453324735165, "median": 0.46184694767, "min": 0.185493424535, "var": 0.00134439533576}, "dynamic_complexity": 2.75781178474, "erbbands_crest": {"dmean": 2.75583696365, "dmean2": 4.34361839294, "dvar": 7.6696972847, "dvar2": 17.5438842773, "max": 29.848367691, "mean": 9.12913703918, "median": 8.09086227417, "min": 2.21719574928, "var": 21.2636260986}, "erbbands_flatness_db": {"dmean": 0.0221643764526, "dmean2": 0.0318142473698, "dvar": 0.000695411872584, "dvar2": 0.00125430512708, "max": 0.470523238182, "mean": 0.145577996969, "median": 0.128546223044, "min": 0.0425393432379, "var": 0.00364246871322}, "erbbands_kurtosis": {"dmean": 1.71827054024, "dmean2": 2.71440768242, "dvar": 12.3103179932, "dvar2": 27.6485424042, "max": 82.9930648804, "mean": 1.31324160099, "median": 0.103175997734, "min": -1.88854217529, "var": 20.826084137}, "erbbands_skewness": {"dmean": 0.514737486839, "dmean2": 0.771911919117, "dvar": 0.298683524132, "dvar2": 0.676167070866, "max": 7.1181101799, "mean": 0.49878680706, "median": 0.560146808624, "min": -7.35242557526, "var": 0.90894728899}, "erbbands_spread": {"dmean": 14.2928991318, "dmean2": 21.8687705994, "dvar": 265.493499756, "dvar2": 538.952697754, "max": 210.193359375, "mean": 51.2786445618, "median": 45.3003158569, "min": 0.925615549088, "var": 1076.85375977}, "hfc": {"dmean": 17.5480499268, "dmean2": 25.5423698425, "dvar": 745.581726074, "dvar2": 1486.1796875, "max": 591.637634277, "mean": 30.2564487457, "median": 16.1023178101, "min": 3.06002827244e-11, "var": 2138.91430664}, "melbands_crest": {"dmean": 3.88641309738, "dmean2": 5.90727567673, "dvar": 13.8485364914, "dvar2": 28.8136730194, "max": 34.5602416992, "mean": 18.1163063049, "median": 16.8746528625, "min": 3.1258854866, "var": 63.2579078674}, "melbands_flatness_db": {"dmean": 0.0473367236555, "dmean2": 0.0587719865143, "dvar": 0.0024040651042, "dvar2": 0.00399682344869, "max": 0.678497374058, "mean": 0.256758272648, "median": 0.232763081789, "min": 0.0192462690175, "var": 0.0135381156579}, "melbands_kurtosis": {"dmean": 22.7829589844, "dmean2": 31.4085445404, "dvar": 2160.55126953, "dvar2": 3864.28125, "max": 1016.4229126, "mean": 44.9307060242, "median": 16.0925445557, "min": -1.96046423912, "var": 7150.94580078}, "melbands_skewness": {"dmean": 1.29266107082, "dmean2": 1.8260794878, "dvar": 2.06827545166, "dvar2": 3.99151277542, "max": 24.5703144073, "mean": 4.30131673813, "median": 3.39430451393, "min": -3.24780654907, "var": 11.091925621}, "melbands_spread": {"dmean": 9.28108310699, "dmean2": 13.726937294, "dvar": 266.364501953, "dvar2": 577.698730469, "max": 326.154449463, "mean": 19.2865982056, "median": 13.1722297668, "min": 0.173977732658, "var": 588.577758789}, "pitch_salience": {"dmean": 0.0993240252137, "dmean2": 0.148032128811, "dvar": 0.0108290081844, "dvar2": 0.0220754984766, "max": 0.958576083183, "mean": 0.471127420664, "median": 0.497847497463, "min": 0.0306898094714, "var": 0.0385100282729}, "silence_rate_20dB": {"dmean": 0, "dmean2": 0, "dvar": 0, "dvar2": 0, "max": 1, "mean": 1, "median": 1, "min": 1, "var": 0}, "silence_rate_30dB": {"dmean": 0.0905073881149, "dmean2": 0.181042358279, "dvar": 0.0823118165135, "dvar2": 0.160155519843, "max": 1, "mean": 0.833333313465, "median": 1, "min": 0, "var": 0.138885572553}, "silence_rate_60dB": {"dmean": 0.0112753314897, "dmean2": 0.0224017072469, "dvar": 0.011148435995, "dvar2": 0.026777761057, "max": 1, "mean": 0.0225472263992, "median": 0, "min": 0, "var": 0.022039135918}, "spectral_centroid": {"dmean": 344.112670898, "dmean2": 498.021606445, "dvar": 181781.078125, "dvar2": 333293.5625, "max": 8370.72167969, "mean": 1184.71875, "median": 979.347290039, "min": 102.462875366, "var": 665956.375}, "spectral_complexity": {"dmean": 5.38138055801, "dmean2": 7.69475746155, "dvar": 45.1803131104, "dvar2": 77.5561447144, "max": 57, "mean": 15.1127357483, "median": 12, "min": 0, "var": 109.51764679}, "spectral_decrease": {"dmean": 4.49458248397e-09, "dmean2": 6.26676666116e-09, "dvar": 2.87694839797e-17, "dvar2": 5.23438468873e-17, "max": -3.12546211021e-22, "mean": -1.27250379123e-08, "median": -8.50930437224e-09, "min": -4.99986363423e-08, "var": 1.29430723921e-16}, "spectral_energy": {"dmean": 0.0179240163416, "dmean2": 0.0252262670547, "dvar": 0.000431789492723, "dvar2": 0.00079993827967, "max": 0.190058112144, "mean": 0.0507714338601, "median": 0.0357367098331, "min": 3.95515936083e-15, "var": 0.00189027749002}, "spectral_energyband_high": {"dmean": 0.00158307899255, "dmean2": 0.0023637546692, "dvar": 8.6375284809e-06, "dvar2": 1.72466134245e-05, "max": 0.0611494109035, "mean": 0.00216081785038, "median": 0.000549811811652, "min": 1.92307459257e-15, "var": 2.31675894611e-05}, "spectral_energyband_low": {"dmean": 0.0139531595632, "dmean2": 0.0189683437347, "dvar": 0.000390517758206, "dvar2": 0.000671411573421, "max": 0.185166046023, "mean": 0.0329410098493, "median": 0.0139681464061, "min": 4.03544363173e-17, "var": 0.00161929056048}, "spectral_energyband_middle_high": {"dmean": 0.00218602013774, "dmean2": 0.00319435703568, "dvar": 1.16607579912e-05, "dvar2": 2.43436716119e-05, "max": 0.0853052660823, "mean": 0.00410265522078, "median": 0.00201513478532, "min": 1.50229816465e-15, "var": 3.51412345481e-05}, "spectral_energyband_middle_low": {"dmean": 0.0091713918373, "dmean2": 0.0152066182345, "dvar": 0.000248024560278, "dvar2": 0.000674005190376, "max": 0.143573045731, "mean": 0.0132720721886, "median": 0.00774739403278, "min": 2.8240131401e-16, "var": 0.000262136978563}, "spectral_entropy": {"dmean": 0.280452519655, "dmean2": 0.397215902805, "dvar": 0.103372469544, "dvar2": 0.184081822634, "max": 8.95729064941, "mean": 7.59275436401, "median": 7.70339488983, "min": 5.18589544296, "var": 0.400057047606}, "spectral_flux": {"dmean": 0.0438309721649, "dmean2": 0.0605729371309, "dvar": 0.00202211481519, "dvar2": 0.00292347953655, "max": 0.423464238644, "mean": 0.114624008536, "median": 0.0972333103418, "min": 0.000118269650557, "var": 0.00582280708477}, "spectral_kurtosis": {"dmean": 2.41232848167, "dmean2": 3.66992950439, "dvar": 22.4426784515, "dvar2": 47.8945007324, "max": 136.392990112, "mean": 5.00553512573, "median": 2.63894438744, "min": -1.55669808388, "var": 72.8014297485}, "spectral_rms": {"dmean": 0.00132130924612, "dmean2": 0.00185212725773, "dvar": 1.97241615751e-06, "dvar2": 3.77254286832e-06, "max": 0.0136169949546, "mean": 0.00633940193802, "median": 0.00590466614813, "min": 1.96435534505e-09, "var": 9.34521722229e-06}, "spectral_rolloff": {"dmean": 934.674377441, "dmean2": 1554.9921875, "dvar": 3611859, "dvar2": 7204719, "max": 17484.9609375, "mean": 1563.17211914, "median": 689.0625, "min": 64.599609375, "var": 6451741}, "spectral_skewness": {"dmean": 0.336704224348, "dmean2": 0.494679808617, "dvar": 0.203012138605, "dvar2": 0.384322106838, "max": 9.54039764404, "mean": 1.62849903107, "median": 1.41586470604, "min": -0.888112843037, "var": 0.88108330965}, "spectral_spread": {"dmean": 1104446.125, "dmean2": 1543306, "dvar": 1934935588860.0, "dvar2": 2976373276670.0, "max": 21190136, "mean": 6482862.5, "median": 6022440.5, "min": 725284.4375, "var": 9672552611840.0}, "spectral_strongpeak": {"dmean": 0.467478632927, "dmean2": 0.790362179279, "dvar": 1.51876473427, "dvar2": 3.94812560081, "max": 23.0490818024, "mean": 0.784090816975, "median": 0.524977326393, "min": 3.37477139567e-08, "var": 1.67166304588}, "zerocrossingrate": {"dmean": 0.0198818184435, "dmean2": 0.021321117878, "dvar": 0.000619757804088, "dvar2": 0.000653397350106, "max": 0.4833984375, "mean": 0.0631287246943, "median": 0.04736328125, "min": 0.001953125, "var": 0.00362776149996}, "barkbands": {"dmean": [0.000328248803271, 0.0129884462804, 0.00486966921017, 0.00301504321396, 0.00357635691762, 0.00111642549746, 0.00111126247793, 0.00101995782461, 0.00116512470413, 0.00107229442801, 0.000476919609355, 0.000319495651638, 0.000318862410495, 0.000154242603458, 0.000167768943356, 0.000121357319586, 0.000114140661026, 0.000105851075205, 0.000137649898534, 0.000141470009112, 0.000198318506591, 0.000220369300223, 0.000316517951433, 0.000398958276492, 0.000372550362954, 0.000112345915113, 1.50490568558e-05], "dmean2": [0.000369052606402, 0.0170074291527, 0.00866151042283, 0.00553227541968, 0.00608367752284, 0.00177548406646, 0.00179986248259, 0.0015986651415, 0.00187589891721, 0.00170375977177, 0.000719765492249, 0.000512865080964, 0.00050488312263, 0.000235974730458, 0.000269683718216, 0.000188893405721, 0.000171303996467, 0.000157835675054, 0.00020805283566, 0.000211948208744, 0.00030399026582, 0.000331389775965, 0.000503583636601, 0.00058800179977, 0.000570407428313, 0.000160621086252, 2.20413512579e-05], "dvar": [3.81336519695e-07, 0.00038106815191, 0.000159472954692, 5.76509846724e-05, 4.63040050818e-05, 7.81238122727e-06, 5.12348879056e-06, 5.01651402374e-06, 4.92106528327e-06, 5.46620458408e-06, 1.00749252852e-06, 9.52672280619e-07, 1.16464275379e-06, 1.34556330522e-07, 2.58573066958e-07, 6.4541389122e-08, 5.20810878868e-08, 2.99487190603e-08, 5.35940927193e-08, 5.27968921915e-08, 1.85506976891e-07, 1.65797146678e-07, 4.10423382391e-07, 1.08067933979e-06, 7.23185223706e-07, 7.91514480625e-08, 1.19563581258e-09], "dvar2": [7.56921394895e-07, 0.00059383304324, 0.000435106281657, 0.000165627148817, 0.000129282561829, 1.77059155249e-05, 1.31611714096e-05, 1.0871763152e-05, 1.1554444427e-05, 1.25784690681e-05, 2.2080778308e-06, 2.03011063604e-06, 2.62652883976e-06, 2.68258219194e-07, 5.78530659823e-07, 1.52265528186e-07, 1.09320730246e-07, 6.226536442e-08, 1.23455464518e-07, 1.24406540181e-07, 3.75401896235e-07, 3.50432429741e-07, 9.02499607491e-07, 1.61966670476e-06, 1.42991507346e-06, 1.26631491071e-07, 2.66824629058e-09], "max": [0.00928208976984, 0.183400020003, 0.112998783588, 0.0794820785522, 0.0764746963978, 0.0953585505486, 0.0282328892499, 0.0741020739079, 0.0642260685563, 0.0718957930803, 0.0278937462717, 0.0443308018148, 0.0446453914046, 0.0135328639299, 0.0200125258416, 0.00662581529468, 0.0044387197122, 0.00235228263773, 0.00312309665605, 0.00409701140597, 0.0153433745727, 0.0108722429723, 0.00753862783313, 0.0331784784794, 0.0192938745022, 0.00872450042516, 0.000970259075984], "mean": [0.00064459600253, 0.0271635763347, 0.00382951414213, 0.0024214447476, 0.0043934811838, 0.00153768213931, 0.00139669107739, 0.00123747542966, 0.0015686834231, 0.00167320214678, 0.000745651137549, 0.000430544663686, 0.000421023607487, 0.000225098468945, 0.000203570452868, 0.000163190576131, 0.000156241803779, 0.000137793002068, 0.000171275634784, 0.000177407739102, 0.000257170933764, 0.000272269855486, 0.000359161611414, 0.00052054511616, 0.000486552278744, 0.000157117232447, 2.05832384381e-05], "median": [3.01365107589e-05, 0.00817717984319, 0.000701340497471, 0.000667771906592, 0.00142231991049, 0.000379041419365, 0.000488470657729, 0.00041038315976, 0.000573298719246, 0.000518491258845, 0.000239328917814, 0.000122316239867, 6.80841185385e-05, 5.12194201292e-05, 4.6335040679e-05, 5.13606428285e-05, 4.33936802438e-05, 4.01249053539e-05, 6.11470968579e-05, 6.94393747835e-05, 5.16400614288e-05, 6.66325504426e-05, 8.91244708328e-05, 8.01213827799e-05, 8.06930693216e-05, 2.35109582718e-05, 4.09463609685e-06], "min": [7.63257666458e-18, 1.45656447354e-17, 1.36817708181e-17, 1.73219941706e-17, 5.59999818861e-17, 6.68817347501e-17, 6.81294539861e-17, 4.37186625866e-17, 1.46931066504e-17, 1.27224335443e-16, 2.75869445907e-16, 2.04049562014e-16, 7.4385156261e-17, 6.31410982887e-17, 2.44114974808e-16, 9.53075715073e-17, 7.01086192592e-17, 3.10193623062e-17, 1.80070840136e-16, 2.30204973278e-16, 1.80347780205e-16, 9.53953783837e-17, 1.31043315834e-16, 8.80479499015e-17, 2.99528452553e-16, 5.57158473309e-16, 5.30426007614e-16], "var": [1.29262332393e-06, 0.00140834436752, 0.000106938867248, 3.51370763383e-05, 5.51459415874e-05, 1.33607254611e-05, 6.71578527545e-06, 6.60883824821e-06, 7.1741424108e-06, 1.11130948426e-05, 2.27556915888e-06, 1.45634930959e-06, 3.01964723803e-06, 3.03177699834e-07, 3.1052917393e-07, 9.43263458453e-08, 9.50322913695e-08, 5.35014912373e-08, 7.63339116361e-08, 7.48931228145e-08, 4.27333873176e-07, 2.78414916011e-07, 5.61702734103e-07, 4.11716382587e-06, 2.13657381209e-06, 2.86741766331e-07, 2.35915864621e-09]}, "erbbands": {"dmean": [0.447211563587, 2.88538908958, 5.27091789246, 8.14983177185, 11.3905286789, 11.7716779709, 10.0169668198, 8.95806980133, 14.5865039825, 18.6705245972, 23.4487705231, 24.6574306488, 36.5134315491, 20.8800373077, 19.7579021454, 11.9208717346, 14.3489398956, 8.67497444153, 7.92027044296, 8.08720207214, 6.65324449539, 6.10037994385, 5.4493393898, 7.75042438507, 6.12547302246, 6.49260663986, 6.9967083931, 7.98404359818, 8.68744373322, 8.05899620056, 9.22896194458, 6.85970878601, 7.69014310837, 4.97312450409, 2.38407373428, 0.786749660969, 0.159234151244, 0.0231682993472, 0.00261402525939, 0.000149940693518], "dmean2": [0.528703808784, 3.94183659554, 8.61148452759, 14.7086372375, 20.5047054291, 20.0006332397, 16.1018466949, 14.3488101959, 23.7634906769, 30.2245693207, 37.3904037476, 40.1757850647, 57.5909767151, 32.8535423279, 30.4096565247, 18.7100830078, 22.4510192871, 13.4032888412, 12.7846899033, 12.1486139297, 10.2698326111, 9.04188919067, 7.93430948257, 11.8983306885, 8.90555858612, 9.71372032166, 10.4946022034, 12.5458955765, 13.0323953629, 12.5400362015, 14.5493354797, 10.6146812439, 11.029009819, 7.85230779648, 3.51768946648, 1.15465474129, 0.228623628616, 0.0326759777963, 0.00384069001302, 0.000220052315854], "dvar": [0.448589295149, 21.5240859985, 150.945648193, 416.212677002, 597.580749512, 622.641418457, 484.534851074, 611.302856445, 897.851867676, 1725.48950195, 2781.96459961, 2255.25024414, 6739.81298828, 2439.0144043, 2183.30859375, 1685.70031738, 2424.23852539, 392.042572021, 410.579467773, 354.928375244, 200.328903198, 140.598907471, 79.4311828613, 189.703735352, 99.5530700684, 111.869743347, 248.006225586, 262.096160889, 271.686706543, 264.393463135, 325.675872803, 210.139373779, 529.762634277, 129.290176392, 34.8017120361, 3.4291973114, 0.17847751081, 0.00323321833275, 3.79755620088e-05, 9.17235780662e-08], "dvar2": [0.760876178741, 32.8891334534, 386.804748535, 1164.4342041, 1701.06933594, 1772.86914062, 1091.3939209, 1312.55505371, 2300.11743164, 4262.97998047, 6348.71875, 5410.59570312, 16580.1523438, 5239.48388672, 4875.63378906, 3399.54077148, 5729.41894531, 805.339477539, 1011.1506958, 694.254699707, 447.755767822, 298.795501709, 154.542312622, 434.685791016, 215.778015137, 268.149261475, 451.951049805, 606.876098633, 586.018493652, 587.867736816, 705.522949219, 472.53692627, 726.686523438, 283.321899414, 61.8853874207, 5.90171337128, 0.286093831062, 0.00572828808799, 8.52351513458e-05, 2.13685822814e-07], "max": [5.90215969086, 44.2197303772, 112.848403931, 188.382156372, 257.515441895, 346.929473877, 453.995330811, 1041.71862793, 519.901062012, 1005.15246582, 1354.68237305, 1329.52844238, 1497.36743164, 1285.18139648, 1387.21435547, 2099.33129883, 1889.74389648, 689.152526855, 982.053894043, 841.35144043, 409.944152832, 196.120239258, 175.826858521, 184.574050903, 194.045288086, 197.641479492, 670.526855469, 318.015563965, 479.356811523, 334.497070312, 301.103118896, 341.918365479, 836.960754395, 261.658905029, 157.616897583, 46.2339286804, 14.1114358902, 1.36571288109, 0.194047704339, 0.00815856363624], "mean": [0.942471265793, 5.40819883347, 5.24881076813, 6.96138191223, 11.7684364319, 14.4651975632, 13.5094985962, 12.1084709167, 19.0544261932, 22.2390651703, 29.844209671, 34.6707954407, 56.2328186035, 34.1902732849, 30.3081684113, 18.158624649, 19.7785644531, 12.6604690552, 10.1338443756, 10.3610210419, 9.39660644531, 8.55513381958, 7.63395214081, 9.22036647797, 8.13898563385, 8.16214942932, 9.75158214569, 9.56685352325, 10.2666339874, 9.4603099823, 10.5591468811, 8.53174114227, 9.86256504059, 6.1203083992, 3.15299654007, 1.04237854481, 0.226783454418, 0.0330460853875, 0.00354144070297, 0.00025513919536], "median": [0.160255759954, 1.86609709263, 1.5928440094, 2.1136507988, 4.51010227203, 3.64328861237, 3.42550754547, 3.87253189087, 7.23153591156, 6.91265678406, 10.7800569534, 13.3620357513, 20.6825370789, 13.7767848969, 9.72732830048, 5.66034269333, 3.94491195679, 3.00545930862, 2.67766046524, 2.79068279266, 3.10225057602, 2.58583593369, 2.43595218658, 2.94953489304, 2.88959264755, 3.51207590103, 2.32537174225, 2.34343147278, 2.46869444847, 2.38938260078, 2.58366298676, 1.72590732574, 1.52285718918, 1.01449418068, 0.426726520061, 0.140449672937, 0.0348200239241, 0.00555361807346, 0.000682885292917, 0.00013138554641], "min": [4.77181993006e-16, 3.19718536348e-15, 1.34816813204e-14, 4.08839865987e-14, 9.96549644563e-14, 2.04378221703e-13, 3.67978407077e-13, 6.02273656294e-13, 8.91063048e-13, 1.07360257837e-12, 8.07169001776e-13, 3.39822625334e-13, 1.94670061321e-12, 7.57555650155e-12, 1.15345467552e-11, 7.33984314299e-12, 3.63951750681e-12, 3.25526845063e-12, 8.01326106165e-12, 1.27427851257e-11, 3.16021557881e-12, 4.10629733341e-12, 2.4192249766e-12, 4.57912006924e-12, 1.17587901222e-11, 9.11119096836e-12, 8.8914977811e-12, 5.15242666241e-12, 3.08349179523e-12, 3.95721302948e-12, 3.79777069168e-12, 2.84394968512e-12, 1.07602999861e-12, 1.85200682914e-12, 2.93125289666e-12, 2.92094083296e-12, 8.72000117513e-13, 1.66706763411e-13, 8.34968623105e-14, 9.09121139914e-15], "var": [1.95093023777, 60.8886451721, 131.771331787, 269.031311035, 469.734832764, 794.26373291, 912.784973145, 886.301574707, 1202.26660156, 2208.4362793, 3492.30761719, 3365.3449707, 10173.1865234, 5174.87939453, 4549.22802734, 2982.48144531, 6120.69726562, 883.557128906, 498.240020752, 548.246459961, 330.636108398, 258.802337646, 169.78678894, 252.254684448, 165.128601074, 151.024932861, 647.392578125, 418.531799316, 414.182769775, 372.348327637, 512.947998047, 471.254455566, 1990.04125977, 315.569763184, 116.683891296, 11.8293542862, 0.609737873077, 0.0102290827781, 7.09325249773e-05, 1.55836133331e-07]}, "gfcc": {"mean": [-2.03235507011, 79.1147155762, -81.2795333862, 24.9971103668, -63.3743438721, 25.5729026794, -21.5348415375, 17.1539669037, -18.3224182129, -1.26862895489, -14.035112381, -1.70654189587, -5.44740009308], "cov": [[8159.42285156, -2188.87402344, 387.494567871, 481.489562988, -574.908081055, -17.0756397247, -773.478881836, -51.5428123474, -387.8125, 259.758972168, -342.694549561, 97.0224838257, -322.41317749], [-2188.87402344, 2654.40844727, -340.965179443, -116.206367493, 547.416442871, -217.917251587, 380.612518311, -55.1025428772, 311.805664062, -144.9637146, 323.784881592, -63.4390716553, 196.257614136], [387.494567871, -340.965179443, 1893.65563965, 322.814422607, -50.8179321289, 295.171783447, 20.3112258911, 128.198959351, -41.5847167969, 40.1168212891, -124.186729431, 21.8603916168, 33.5690116882], [481.489562988, -116.206367493, 322.814422607, 609.21307373, 120.146286011, 18.2577610016, 12.1246500015, 5.01875352859, 49.3010139465, 98.7496643066, 22.5133914948, 46.5658988953, 15.2966060638], [-574.908081055, 547.416442871, -50.8179321289, 120.146286011, 643.642089844, 184.469177246, 277.448791504, 110.717514038, 143.648391724, 6.60040903091, 78.0739212036, 13.6320991516, 57.0222930908], [-17.0756397247, -217.917251587, 295.171783447, 18.2577610016, 184.469177246, 479.520996094, 245.405639648, 149.959579468, 38.3198928833, -8.10524559021, -34.7976303101, 1.9356855154, -2.81365013123], [-773.478881836, 380.612518311, 20.3112258911, 12.1246500015, 277.448791504, 245.405639648, 459.638397217, 133.68939209, 141.303146362, -22.4125480652, 59.2739257812, 10.5501661301, 66.034614563], [-51.5428123474, -55.1025428772, 128.198959351, 5.01875352859, 110.717514038, 149.959579468, 133.68939209, 234.701202393, 110.959251404, 63.7952575684, 23.6647510529, 24.3108501434, 22.4673614502], [-387.8125, 311.805664062, -41.5847167969, 49.3010139465, 143.648391724, 38.3198928833, 141.303146362, 110.959251404, 227.369186401, 81.2824630737, 87.8816680908, 7.5814871788, 43.1680870056], [259.758972168, -144.9637146, 40.1168212891, 98.7496643066, 6.60040903091, -8.10524559021, -22.4125480652, 63.7952575684, 81.2824630737, 174.096405029, 31.1951274872, 36.8580589294, -0.74333781004], [-342.694549561, 323.784881592, -124.186729431, 22.5133914948, 78.0739212036, -34.7976303101, 59.2739257812, 23.6647510529, 87.8816680908, 31.1951274872, 162.332168579, 39.1242485046, 47.1640815735], [97.0224838257, -63.4390716553, 21.8603916168, 46.5658988953, 13.6320991516, 1.9356855154, 10.5501661301, 24.3108501434, 7.5814871788, 36.8580589294, 39.1242485046, 88.2183609009, 31.6401329041], [-322.41317749, 196.257614136, 33.5690116882, 15.2966060638, 57.0222930908, -2.81365013123, 66.034614563, 22.4673614502, 43.1680870056, -0.74333781004, 47.1640815735, 31.6401329041, 95.1667175293]], "icov": [[0.000205589807592, 2.44336138167e-06, 3.42590465152e-05, -0.0001694609673, 6.14196469542e-05, -0.000117878546007, 0.000262238230789, -0.000134208166855, 0.00017908551672, -0.000195484797587, 0.000247296557063, -0.00034006225178, 0.000423803867307], [2.44336138167e-06, 0.00117674469948, -0.000222291317186, 0.000370042718714, -0.000789950543549, 0.000990182626992, -0.000579529383685, 0.00078907655552, -0.00106774375308, 0.00102592422627, -0.00156375300139, 0.00131763902027, -0.00085183698684], [3.42590465152e-05, -0.000222291317186, 0.000815157836769, -0.000565303023905, 0.000395103648771, -0.00072319933679, 0.000370867433958, -0.000569096300751, 0.000419055839302, -0.00021095496777, 0.000832157908008, -0.000150904714246, -0.000557268387638], [-0.0001694609673, 0.000370042718714, -0.000565303023905, 0.00251706386916, -0.000887101632543, 0.000592749041971, -0.00045330444118, 0.00125309696887, -0.000749659258872, -0.000686236307956, -0.000694574671797, -0.000156529655214, -0.000243686168687], [6.14196469542e-05, -0.000789950543549, 0.000395103648771, -0.000887101632543, 0.00298124202527, -0.00126696110237, -0.00030157022411, -0.000813710095827, 0.000180485629244, -0.000310718023684, 0.000728204089683, -0.00072292907862, 0.000213130930206], [-0.000117878546007, 0.000990182626992, -0.00072319933679, 0.000592749041971, -0.00126696110237, 0.00503960484639, -0.00263083074242, -0.000880070787389, -9.31846661842e-05, 0.00106334185693, -0.000675955729093, 0.000952524016611, 0.000728751649149], [0.000262238230789, -0.000579529383685, 0.000370867433958, -0.00045330444118, -0.00030157022411, -0.00263083074242, 0.00549765583128, -0.00111276598182, -0.0013215278741, 0.00101635942701, 0.000842077948619, -0.00118808879051, -0.000838438281789], [-0.000134208166855, 0.00078907655552, -0.000569096300751, 0.00125309696887, -0.000813710095827, -0.000880070787389, -0.00111276598182, 0.00853188149631, -0.00379515811801, -0.00100283708889, -0.000494330073707, -0.000669468718115, -0.000681964389514], [0.00017908551672, -0.00106774375308, 0.000419055839302, -0.000749659258872, 0.000180485629244, -9.31846661842e-05, -0.0013215278741, -0.00379515811801, 0.0116977645084, -0.00535947550088, -0.00187872676179, 0.0028934169095, -0.000895496923476], [-0.000195484797587, 0.00102592422627, -0.00021095496777, -0.000686236307956, -0.000310718023684, 0.00106334185693, 0.00101635942701, -0.00100283708889, -0.00535947550088, 0.0111617743969, -0.00136032246519, -0.00247256364673, 0.00117034744471], [0.000247296557063, -0.00156375300139, 0.000832157908008, -0.000694574671797, 0.000728204089683, -0.000675955729093, 0.000842077948619, -0.000494330073707, -0.00187872676179, -0.00136032246519, 0.0126720061526, -0.00601561274379, -0.000481729657622], [-0.00034006225178, 0.00131763902027, -0.000150904714246, -0.000156529655214, -0.00072292907862, 0.000952524016611, -0.00118808879051, -0.000669468718115, 0.0028934169095, -0.00247256364673, -0.00601561274379, 0.0191845800728, -0.0070760124363], [0.000423803867307, -0.00085183698684, -0.000557268387638, -0.000243686168687, 0.000213130930206, 0.000728751649149, -0.000838438281789, -0.000681964389514, -0.000895496923476, 0.00117034744471, -0.000481729657622, -0.0070760124363, 0.0175793841481]]}, "melbands": {"dmean": [0.00383325805888, 0.00274524418637, 0.00146546878386, 0.000842246110551, 0.000387157808291, 0.00020518466772, 0.000221742287977, 0.000203946226975, 0.00020218611462, 0.000157737755217, 0.000184626042028, 8.87255955604e-05, 6.43473249511e-05, 4.20471478719e-05, 3.27101806761e-05, 2.95641220873e-05, 1.52628708747e-05, 1.26289978652e-05, 1.28854335344e-05, 9.28460849536e-06, 7.83109862823e-06, 6.76483750794e-06, 5.1024358072e-06, 5.47226363778e-06, 6.75494993629e-06, 4.51421783509e-06, 5.33766251465e-06, 4.02820933232e-06, 3.94120070268e-06, 5.49023798158e-06, 4.19444995714e-06, 4.84644033349e-06, 4.51567348136e-06, 4.86473709316e-06, 5.69185249333e-06, 4.68642019769e-06, 4.58364365841e-06, 5.83308656132e-06, 4.58063504993e-06, 4.30312320532e-06], "dmean2": [0.00469203991815, 0.00395348947495, 0.00260712415911, 0.00146592326928, 0.000627274916042, 0.000328097870806, 0.000360402278602, 0.000328952155542, 0.0003213713062, 0.000255180901149, 0.000291878794087, 0.000141067605, 9.69138636719e-05, 6.64467152092e-05, 4.98788904224e-05, 4.8436322686e-05, 2.3491526008e-05, 2.05905344046e-05, 2.04777988984e-05, 1.44063324115e-05, 1.22701676446e-05, 1.02544745459e-05, 7.98058408691e-06, 8.24030212243e-06, 1.05732542579e-05, 6.87312558512e-06, 8.27628446132e-06, 6.28053612672e-06, 6.15402223048e-06, 8.33726971905e-06, 6.75100909575e-06, 7.21676724424e-06, 7.0356040851e-06, 7.73786268837e-06, 9.07802404981e-06, 7.33980277801e-06, 7.16986050975e-06, 8.15769362816e-06, 7.10056337994e-06, 6.83342750563e-06], "dvar": [3.08749076794e-05, 2.50775665336e-05, 1.23709969557e-05, 2.73126852335e-06, 6.65168784053e-07, 2.81664881641e-07, 1.99423467961e-07, 2.02999387966e-07, 2.00328372557e-07, 8.8669949605e-08, 1.72118021169e-07, 4.73840771065e-08, 2.10084447616e-08, 1.44374414646e-08, 1.27136292605e-08, 7.58267226786e-09, 1.34158839593e-09, 9.11130781933e-10, 1.89264226513e-09, 3.13197939805e-10, 3.15177606236e-10, 1.83909387719e-10, 8.55400056343e-11, 8.52124343309e-11, 1.53962009808e-10, 5.20820400696e-11, 9.55261425517e-11, 4.60037008487e-11, 5.54151342869e-11, 2.04633004985e-10, 6.60898835658e-11, 9.3537969037e-11, 8.47889120026e-11, 1.18070622723e-10, 1.28882224337e-10, 9.749616392e-11, 1.30371574647e-10, 3.87080256736e-10, 1.3205142535e-10, 1.06188134674e-10], "dvar2": [4.96600332553e-05, 5.32230114914e-05, 3.44335421687e-05, 7.65234744904e-06, 1.67259418049e-06, 6.21524009148e-07, 5.0605603974e-07, 4.73333869877e-07, 4.59203931769e-07, 2.09336818102e-07, 4.20062065132e-07, 9.85058008496e-08, 4.49060024721e-08, 3.11144106035e-08, 2.60328576474e-08, 1.90702316161e-08, 2.63914246013e-09, 2.19420304148e-09, 3.90161236652e-09, 6.71974920152e-10, 7.03038793848e-10, 3.91387672272e-10, 1.81724427173e-10, 1.7392319529e-10, 3.61935398319e-10, 1.18678733507e-10, 2.26460419861e-10, 1.09205949839e-10, 1.11811462866e-10, 3.79102194081e-10, 1.58783916571e-10, 1.98482563718e-10, 1.91751753364e-10, 2.6893606786e-10, 2.86771356661e-10, 2.27531646302e-10, 3.22067733594e-10, 4.95777086051e-10, 2.57521504121e-10, 2.46819176208e-10], "max": [0.0545631833375, 0.0459326133132, 0.0329585745931, 0.0194560326636, 0.0128156496212, 0.0220115706325, 0.00744880177081, 0.0141951050609, 0.0127766402438, 0.00733439903706, 0.00809635408223, 0.00685827340931, 0.00378646142781, 0.00538398651406, 0.00492936326191, 0.00207053427584, 0.00131433154456, 0.00128139345907, 0.00211813813075, 0.000256934610661, 0.000578745733947, 0.000237701591686, 0.000215885796933, 0.00010881088383, 0.000181719151442, 9.15477212402e-05, 0.000168770813616, 0.000123057325254, 0.00022147501295, 0.000650528352708, 0.000133198700496, 0.000254991406109, 0.000225166601012, 0.000173277483555, 0.000192970343051, 0.000168253434822, 0.000323405780364, 0.000739671580959, 0.000260683038505, 0.000224541014177], "mean": [0.00803580880165, 0.00431136088446, 0.00133431667928, 0.0009863745654, 0.000519266643096, 0.000286388763925, 0.000287939008558, 0.000244063790888, 0.000252652273048, 0.000219753084821, 0.000284075125819, 0.000142312550452, 9.88324463833e-05, 5.85323869018e-05, 4.7543184337e-05, 3.73835537175e-05, 2.17437900574e-05, 1.5653013179e-05, 1.61637799465e-05, 1.17144772958e-05, 1.0904717783e-05, 9.10613744054e-06, 7.03577870809e-06, 6.80034372635e-06, 7.68968584453e-06, 5.98281440034e-06, 6.22803963779e-06, 5.05936077388e-06, 5.22152504345e-06, 7.23738048691e-06, 4.81834285893e-06, 5.47568015463e-06, 5.74912837692e-06, 5.31416571903e-06, 6.3802317527e-06, 5.10336167281e-06, 5.40194059795e-06, 7.32558055461e-06, 5.82548818784e-06, 5.03809042129e-06], "median": [0.00191499642096, 0.00185559992678, 0.000497924163938, 0.000323653744999, 0.000135340771521, 8.93676042324e-05, 0.00010792343528, 7.14245834388e-05, 8.74464749359e-05, 8.41383589432e-05, 9.99574986054e-05, 5.36939551239e-05, 3.06627771351e-05, 1.97093177121e-05, 9.89636828308e-06, 6.60445130052e-06, 4.85415012008e-06, 3.98823476644e-06, 3.60829380952e-06, 3.31935575559e-06, 3.37245546689e-06, 2.52749441643e-06, 2.08716619454e-06, 1.89834111097e-06, 2.24301311391e-06, 2.12898748941e-06, 2.16221769733e-06, 2.10635857911e-06, 1.46520005728e-06, 1.05751155388e-06, 1.25900135117e-06, 1.29933141579e-06, 1.37822530633e-06, 1.24045368466e-06, 1.58181489951e-06, 1.26224472297e-06, 9.53264475356e-07, 9.76708520284e-07, 9.94674678623e-07, 8.00481814167e-07], "min": [4.51451024658e-18, 6.15763959973e-18, 8.55441072745e-18, 1.07383065109e-17, 1.24246151057e-17, 1.35512069758e-17, 1.38370772868e-17, 1.15041582985e-17, 5.80346278173e-18, 1.87290523807e-18, 9.8945748415e-18, 2.90036389587e-17, 3.91748304417e-17, 2.69767288206e-17, 1.10765472808e-17, 7.09683825161e-18, 5.49065367974e-18, 1.03844287187e-17, 2.01625042699e-17, 1.18373673288e-17, 1.97697572607e-18, 4.09477481553e-18, 3.84793378098e-18, 9.56014199753e-19, 3.55218155682e-18, 8.53228033734e-18, 9.39854523384e-18, 5.19038835815e-18, 4.67091645193e-18, 7.01078747967e-18, 1.82435263125e-18, 1.63987460424e-18, 1.82107099896e-18, 2.19319391395e-18, 2.03149127114e-18, 2.22359383544e-18, 1.45768321464e-18, 4.85110668483e-19, 1.24075354804e-18, 1.52060570647e-18], "var": [0.000128147221403, 4.3098218157e-05, 8.30463159218e-06, 2.93408925245e-06, 1.13576675176e-06, 4.27922458357e-07, 2.651731279e-07, 2.71873943802e-07, 2.58895710203e-07, 1.37258183486e-07, 2.70546223646e-07, 1.04376425725e-07, 4.74697223751e-08, 2.24907239499e-08, 4.15176266699e-08, 1.27357004942e-08, 3.08892200707e-09, 1.18574239316e-09, 2.41518671729e-09, 4.9984860695e-10, 5.33353250454e-10, 3.19858806108e-10, 1.7858790835e-10, 1.33439842509e-10, 1.92438551205e-10, 8.2495892062e-11, 1.2560577578e-10, 5.91779888981e-11, 1.08965662882e-10, 5.83577630664e-10, 8.95909943455e-11, 1.25645868709e-10, 1.56779297877e-10, 1.42268100078e-10, 2.01873393002e-10, 1.18835330465e-10, 2.54189780335e-10, 1.37132305511e-09, 4.22357315788e-10, 2.02497546509e-10]}, "mfcc": {"mean": [-655.813659668, 115.468696594, 33.9260673523, 11.1726169586, -2.1481051445, 6.01097297668, 9.50590324402, 14.2042322159, 8.28844165802, 8.83621788025, -0.773187935352, -0.120431400836, 0.333584368229], "cov": [[7570.59228516, -1861.5826416, -42.4867248535, 158.876968384, -33.1220321655, -137.671676636, -392.391601562, -437.15713501, -332.607025146, -243.387664795, -2.8887155056, -101.745773315, -115.83265686], [-1861.5826416, 2319.90795898, -395.860229492, 110.740074158, 120.881637573, -4.4291176796, 145.349807739, 177.942550659, 60.7071075439, 138.443817139, -8.34387302399, 95.6603469849, 71.0992736816], [-42.4867248535, -395.860229492, 1668.3026123, 132.767456055, 117.692764282, 77.6141967773, 47.3210601807, 4.45718383789, 107.291000366, 3.73230838776, -66.7028198242, -62.0912055969, 29.7874011993], [158.876968384, 110.740074158, 132.767456055, 598.690551758, 147.957733154, 66.0260925293, -30.2691822052, -52.2721366882, 6.80770111084, -11.0167427063, 44.6176452637, 42.3942756653, 48.283454895], [-33.1220321655, 120.881637573, 117.692764282, 147.957733154, 357.506286621, 109.092346191, 94.4925079346, 67.2786102295, 73.3120651245, 58.6560707092, 23.8784923553, 40.3433876038, 34.5028076172], [-137.671676636, -4.4291176796, 77.6141967773, 66.0260925293, 109.092346191, 309.789703369, 175.063858032, 140.026367188, 113.251701355, 52.7470321655, 49.8939933777, 15.9894952774, 12.6642208099], [-392.391601562, 145.349807739, 47.3210601807, -30.2691822052, 94.4925079346, 175.063858032, 289.916381836, 213.456008911, 130.108779907, 70.2274856567, 16.7507286072, 29.7192649841, 23.7472572327], [-437.15713501, 177.942550659, 4.45718383789, -52.2721366882, 67.2786102295, 140.026367188, 213.456008911, 282.117889404, 152.721786499, 87.1947784424, 38.1972808838, 47.0993270874, 40.0883255005], [-332.607025146, 60.7071075439, 107.291000366, 6.80770111084, 73.3120651245, 113.251701355, 130.108779907, 152.721786499, 227.229049683, 112.841239929, 71.6473922729, 28.9763011932, 34.8979263306], [-243.387664795, 138.443817139, 3.73230838776, -11.0167427063, 58.6560707092, 52.7470321655, 70.2274856567, 87.1947784424, 112.841239929, 155.269729614, 82.8709182739, 45.1524505615, 34.5306510925], [-2.8887155056, -8.34387302399, -66.7028198242, 44.6176452637, 23.8784923553, 49.8939933777, 16.7507286072, 38.1972808838, 71.6473922729, 82.8709182739, 158.116333008, 72.8241195679, 34.9369697571], [-101.745773315, 95.6603469849, -62.0912055969, 42.3942756653, 40.3433876038, 15.9894952774, 29.7192649841, 47.0993270874, 28.9763011932, 45.1524505615, 72.8241195679, 112.189926147, 55.8288993835], [-115.83265686, 71.0992736816, 29.7874011993, 48.283454895, 34.5028076172, 12.6642208099, 23.7472572327, 40.0883255005, 34.8979263306, 34.5306510925, 34.9369697571, 55.8288993835, 91.7096862793]], "icov": [[0.000184800825082, 0.000142495380715, 3.27263078361e-05, -5.53944482817e-05, -9.39562742133e-05, 4.03765874069e-08, 7.67630190239e-05, 3.92466026824e-05, 0.000178324306034, 2.94367328024e-05, -9.97909373837e-05, 5.70784395677e-05, 6.41110891593e-05], [0.000142495380715, 0.000663752143737, 0.000178219968802, -0.000256035244092, -0.000117778552521, 0.000212476763409, -7.68776299083e-05, -0.000247910531471, 0.000295456935419, -0.000669696601108, 0.000542049179785, -0.000248588068644, -2.98906561511e-05], [3.27263078361e-05, 0.000178219968802, 0.000748834165279, -0.000174434637302, -0.000161085816217, -3.81090067094e-05, -6.02765358053e-05, 0.000227732758503, -0.000493511732202, -0.000118596028187, 0.000579859770369, 0.000383548205718, -0.000488230056362], [-5.53944482817e-05, -0.000256035244092, -0.000174434637302, 0.00232623890042, -0.000819692853838, -0.000711286906153, 0.000416920636781, 0.000865199952386, -0.000346419285052, 0.00113134272397, -0.000737701368053, -0.000299280654872, -0.000950021028984], [-9.39562742133e-05, -0.000117778552521, -0.000161085816217, -0.000819692853838, 0.00389377237298, -0.000755359826144, -0.000709328334779, 0.000352818227839, -0.00031459654565, -0.00121172820218, 0.00111194769852, -0.00116254959721, -1.45711619552e-05], [4.03765874069e-08, 0.000212476763409, -3.81090067094e-05, -0.000711286906153, -0.000755359826144, 0.00599813926965, -0.00298356823623, -0.00080566923134, -0.000499359040987, 0.000687819556333, -0.0020185187459, 0.00147254427429, 0.000606393849012], [7.67630190239e-05, -7.68776299083e-05, -6.02765358053e-05, 0.000416920636781, -0.000709328334779, -0.00298356823623, 0.0099259512499, -0.0053374869749, -0.000599949096795, -0.000461882737, 0.00198943074793, -0.00105564983096, 0.000685370061547], [3.92466026824e-05, -0.000247910531471, 0.000227732758503, 0.000865199952386, 0.000352818227839, -0.00080566923134, -0.0053374869749, 0.0106539772823, -0.00362442829646, -7.68235477153e-05, 0.000929771340452, -0.00201150681823, -0.00130576139782], [0.000178324306034, 0.000295456935419, -0.000493511732202, -0.000346419285052, -0.00031459654565, -0.000499359040987, -0.000599949096795, -0.00362442829646, 0.0107586476952, -0.00446448521689, -0.00255190650932, 0.00272053270601, -0.000831130950246], [2.94367328024e-05, -0.000669696601108, -0.000118596028187, 0.00113134272397, -0.00121172820218, 0.000687819556333, -0.000461882737, -7.68235477153e-05, -0.00446448521689, 0.0140356533229, -0.00558801647276, 0.000284090318019, -0.0011167122284], [-9.97909373837e-05, 0.000542049179785, 0.000579859770369, -0.000737701368053, 0.00111194769852, -0.0020185187459, 0.00198943074793, 0.000929771340452, -0.00255190650932, -0.00558801647276, 0.0143276304007, -0.00787368230522, 0.00100270961411], [5.70784395677e-05, -0.000248588068644, 0.000383548205718, -0.000299280654872, -0.00116254959721, 0.00147254427429, -0.00105564983096, -0.00201150681823, 0.00272053270601, 0.000284090318019, -0.00787368230522, 0.019175099209, -0.00813122559339], [6.41110891593e-05, -2.98906561511e-05, -0.000488230056362, -0.000950021028984, -1.45711619552e-05, 0.000606393849012, 0.000685370061547, -0.00130576139782, -0.000831130950246, -0.0011167122284, 0.00100270961411, -0.00813122559339, 0.0172866079956]]}, "spectral_contrast_coeffs": {"dmean": [0.0631191134453, 0.0543238520622, 0.0444687381387, 0.0315664932132, 0.0239473227412, 0.0217113364488], "dmean2": [0.101826161146, 0.0881699174643, 0.0720191821456, 0.0497582256794, 0.0384738519788, 0.0327044092119], "dvar": [0.0030785787385, 0.0020991594065, 0.00146618601866, 0.000804858107585, 0.000515358406119, 0.000476754416013], "dvar2": [0.0075815836899, 0.00510883377865, 0.00347522343509, 0.00187790242489, 0.00108407309745, 0.00096280593425], "max": [-0.310498356819, -0.348876923323, -0.43578761816, -0.520404994488, -0.602755963802, -0.559285104275], "mean": [-0.631879031658, -0.743921041489, -0.749265551567, -0.815911412239, -0.812129795551, -0.792378127575], "median": [-0.639953613281, -0.754678010941, -0.755426585674, -0.825338065624, -0.821057498455, -0.801708579063], "min": [-0.9574187994, -0.97190362215, -0.966160237789, -0.972149074078, -0.953514158726, -0.922231256962], "var": [0.00752762146294, 0.00663114525378, 0.00495627429336, 0.00295128370635, 0.00203080219217, 0.00213161576539]}, "spectral_contrast_valleys": {"dmean": [0.516107559204, 0.560396671295, 0.496965408325, 0.515938282013, 0.500275552273, 0.580291867256], "dmean2": [0.793986082077, 0.846383333206, 0.770931661129, 0.786205232143, 0.684491336346, 0.723451375961], "dvar": [0.235956534743, 0.349279552698, 0.286467343569, 0.343897968531, 0.304746299982, 0.520729720592], "dvar2": [0.506977856159, 0.736357808113, 0.641378700733, 0.770628333092, 0.585427522659, 0.886795938015], "max": [-5.25455570221, -4.36539506912, -4.92158222198, -5.92865467072, -5.8