{"lowlevel": {"average_loudness": 0.931230485439, "barkbands_crest": {"dmean": 2.19036006927, "dmean2": 3.45902943611, "dvar": 5.29391670227, "dvar2": 13.5256547928, "max": 22.7665157318, "mean": 9.7200756073, "median": 9.01477432251, "min": 2.70139741898, "var": 11.209397316}, "barkbands_flatness_db": {"dmean": 0.0318322665989, "dmean2": 0.0461674109101, "dvar": 0.00125279766507, "dvar2": 0.0028239809908, "max": 0.39619538188, "mean": 0.209119856358, "median": 0.2056286484, "min": 0.0359481237829, "var": 0.00493031088263}, "barkbands_kurtosis": {"dmean": 6.15072202682, "dmean2": 10.003944397, "dvar": 184.562606812, "dvar2": 520.291687012, "max": 293.243896484, "mean": 8.68403911591, "median": 5.48756790161, "min": -1.36732888222, "var": 168.776733398}, "barkbands_skewness": {"dmean": 0.762491941452, "dmean2": 1.13753283024, "dvar": 0.897884845734, "dvar2": 2.32943701744, "max": 14.6103372574, "mean": 1.80460035801, "median": 1.66540443897, "min": -1.09191083908, "var": 1.9614982605}, "barkbands_spread": {"dmean": 5.82755756378, "dmean2": 8.53741359711, "dvar": 70.9561767578, "dvar2": 156.3777771, "max": 72.5976638794, "mean": 13.0682144165, "median": 8.40138626099, "min": 0.563417315483, "var": 146.390548706}, "dissonance": {"dmean": 0.0342569388449, "dmean2": 0.054922670126, "dvar": 0.00087195209926, "dvar2": 0.00227371789515, "max": 0.499641180038, "mean": 0.409352004528, "median": 0.41775098443, "min": 0.162858918309, "var": 0.00316663901322}, "dynamic_complexity": 2.05498385429, "erbbands_crest": {"dmean": 2.8006708622, "dmean2": 4.05241775513, "dvar": 6.10399150848, "dvar2": 12.6305904388, "max": 29.5466060638, "mean": 11.9910335541, "median": 11.0428323746, "min": 2.79275679588, "var": 26.5001316071}, "erbbands_flatness_db": {"dmean": 0.0297681726515, "dmean2": 0.0381552912295, "dvar": 0.000962201796938, "dvar2": 0.00177161325701, "max": 0.416716694832, "mean": 0.19238910079, "median": 0.178573936224, "min": 0.0532806068659, "var": 0.00665937922895}, "erbbands_kurtosis": {"dmean": 3.33053326607, "dmean2": 4.87478113174, "dvar": 17.8740272522, "dvar2": 38.9679031372, "max": 59.6553344727, "mean": 5.81595563889, "median": 3.93435430527, "min": -1.76470780373, "var": 43.403049469}, "erbbands_skewness": {"dmean": 0.545880258083, "dmean2": 0.787307024002, "dvar": 0.273218810558, "dvar2": 0.63801240921, "max": 5.83933782578, "mean": 1.50272572041, "median": 1.39725279808, "min": -0.735130012035, "var": 0.799858391285}, "erbbands_spread": {"dmean": 10.3224468231, "dmean2": 13.7961540222, "dvar": 172.60458374, "dvar2": 309.086273193, "max": 117.901741028, "mean": 27.0496578217, "median": 17.4552536011, "min": 1.80199766159, "var": 571.159606934}, "hfc": {"dmean": 9.2799654007, "dmean2": 11.8942127228, "dvar": 195.196289062, "dvar2": 346.928131104, "max": 235.901504517, "mean": 20.6383037567, "median": 12.9529342651, "min": 1.44293699122e-05, "var": 501.233215332}, "melbands_crest": {"dmean": 2.44296216965, "dmean2": 3.79259562492, "dvar": 5.36705589294, "dvar2": 12.2539081573, "max": 26.2813282013, "mean": 12.5535793304, "median": 11.5474224091, "min": 4.08241605759, "var": 17.7359313965}, "melbands_flatness_db": {"dmean": 0.0382522754371, "dmean2": 0.0530864447355, "dvar": 0.00184934795834, "dvar2": 0.00401107408106, "max": 0.515182554722, "mean": 0.293202072382, "median": 0.294580936432, "min": 0.0271012131125, "var": 0.00773833412677}, "melbands_kurtosis": {"dmean": 10.2133646011, "dmean2": 16.4204998016, "dvar": 576.341674805, "dvar2": 1555.60437012, "max": 309.555145264, "mean": 14.1252555847, "median": 6.85030412674, "min": -0.919400215149, "var": 579.476745605}, "melbands_skewness": {"dmean": 0.836443960667, "dmean2": 1.19291007519, "dvar": 1.21171200275, "dvar2": 2.81944775581, "max": 12.8177108765, "mean": 2.0058825016, "median": 1.63422632217, "min": -1.12225210667, "var": 3.04130887985}, "melbands_spread": {"dmean": 3.35875296593, "dmean2": 5.06904697418, "dvar": 35.3611412048, "dvar2": 75.5028381348, "max": 124.995262146, "mean": 10.545999527, "median": 8.5192861557, "min": 0.514251589775, "var": 57.3167152405}, "pitch_salience": {"dmean": 0.0660207122564, "dmean2": 0.104607783258, "dvar": 0.0044174795039, "dvar2": 0.0117988614365, "max": 0.880818665028, "mean": 0.610214293003, "median": 0.61263602972, "min": 0.156629025936, "var": 0.0130997225642}, "silence_rate_20dB": {"dmean": 0, "dmean2": 0, "dvar": 0, "dvar2": 0, "max": 1, "mean": 1, "median": 1, "min": 1, "var": 0}, "silence_rate_30dB": {"dmean": 0.0557828173041, "dmean2": 0.111607141793, "dvar": 0.0526715256274, "dvar2": 0.10287052393, "max": 1, "mean": 0.939033448696, "median": 1, "min": 0, "var": 0.0572497174144}, "silence_rate_60dB": {"dmean": 0.000743770913687, "dmean2": 0.000744047632907, "dvar": 0.000743201002479, "dvar2": 0.000743476848584, "max": 1, "mean": 0.000743494427297, "median": 0, "min": 0, "var": 0.000742925272789}, "spectral_centroid": {"dmean": 108.422286987, "dmean2": 158.817855835, "dvar": 32285.6308594, "dvar2": 68744.890625, "max": 3102.56665039, "mean": 572.006164551, "median": 485.337890625, "min": 142.129135132, "var": 61923.6054688}, "spectral_complexity": {"dmean": 2.50948309898, "dmean2": 3.70982146263, "dvar": 9.0316324234, "dvar2": 15.8131828308, "max": 36, "mean": 13.6304836273, "median": 12, "min": 0, "var": 25.9832019806}, "spectral_decrease": {"dmean": 4.81611861503e-09, "dmean2": 7.81722064858e-09, "dvar": 1.63601555026e-16, "dvar2": 4.49080033854e-16, "max": -1.18494469781e-16, "mean": -9.87801218599e-09, "median": -6.89638790519e-09, "min": -1.37594525995e-07, "var": 1.42526329742e-16}, "spectral_energy": {"dmean": 0.0187840368599, "dmean2": 0.0301977656782, "dvar": 0.00237266160548, "dvar2": 0.00648464821279, "max": 0.523321092129, "mean": 0.0391538403928, "median": 0.0275375656784, "min": 1.75601266861e-09, "var": 0.00212076329626}, "spectral_energyband_high": {"dmean": 0.000670003239065, "dmean2": 0.00086373713566, "dvar": 1.56283761044e-06, "dvar2": 2.82447490463e-06, "max": 0.0228307750076, "mean": 0.000912431511097, "median": 0.000156908732606, "min": 1.10069930948e-09, "var": 3.31944715981e-06}, "spectral_energyband_low": {"dmean": 0.0140112414956, "dmean2": 0.0240731723607, "dvar": 0.00233453838155, "dvar2": 0.006445474457, "max": 0.510726511478, "mean": 0.0164014063776, "median": 0.0059568900615, "min": 1.54064573599e-11, "var": 0.00175804679748}, "spectral_energyband_middle_high": {"dmean": 0.000734008324798, "dmean2": 0.00105874333531, "dvar": 1.31541412429e-06, "dvar2": 2.73356045e-06, "max": 0.0248031709343, "mean": 0.0019449191168, "median": 0.00117130123544, "min": 4.30219582181e-10, "var": 4.71965358884e-06}, "spectral_energyband_middle_low": {"dmean": 0.00626833131537, "dmean2": 0.00895230285823, "dvar": 9.34460840654e-05, "dvar2": 0.000202181487111, "max": 0.130556046963, "mean": 0.0207108687609, "median": 0.0168807394803, "min": 1.28339519567e-10, "var": 0.000225518422667}, "spectral_entropy": {"dmean": 0.332621395588, "dmean2": 0.432574778795, "dvar": 0.138466268778, "dvar2": 0.247444748878, "max": 8.78564071655, "mean": 6.83840322495, "median": 6.81005573273, "min": 5.2853884697, "var": 0.620318174362}, "spectral_flux": {"dmean": 0.034656394273, "dmean2": 0.0537714511156, "dvar": 0.00392890814692, "dvar2": 0.00788972806185, "max": 0.600895941257, "mean": 0.0806211978197, "median": 0.0570347085595, "min": 5.41789777344e-05, "var": 0.00625680759549}, "spectral_kurtosis": {"dmean": 7.77288246155, "dmean2": 11.7308349609, "dvar": 165.477020264, "dvar2": 409.638305664, "max": 191.384613037, "mean": 17.3135738373, "median": 8.60960006714, "min": -0.638811349869, "var": 541.928039551}, "spectral_rms": {"dmean": 0.00110291945748, "dmean2": 0.0016387195792, "dvar": 4.0112872739e-06, "dvar2": 1.01971190816e-05, "max": 0.0225955117494, "mean": 0.00564186368138, "median": 0.00518323434517, "min": 1.30888622607e-06, "var": 6.36828553979e-06}, "spectral_rolloff": {"dmean": 334.900390625, "dmean2": 590.114929199, "dvar": 1166676.25, "dvar2": 2945765, "max": 15956.1035156, "mean": 758.405944824, "median": 538.330078125, "min": 107.666015625, "var": 1038433.8125}, "spectral_skewness": {"dmean": 0.677161753178, "dmean2": 0.949543654919, "dvar": 0.626997232437, "dvar2": 1.40974903107, "max": 11.244925499, "mean": 3.11792516708, "median": 2.75886964798, "min": 0.50547504425, "var": 2.86538314819}, "spectral_spread": {"dmean": 1414065.875, "dmean2": 1838866.5, "dvar": 2469250727940.0, "dvar2": 4494469365760.0, "max": 15263249, "mean": 5499976, "median": 5324186, "min": 494777.0625, "var": 9822829281280.0}, "spectral_strongpeak": {"dmean": 0.474300771952, "dmean2": 0.759512126446, "dvar": 0.324825614691, "dvar2": 0.68004244566, "max": 6.02230787277, "mean": 1.13208293915, "median": 0.7985932827, "min": 0, "var": 0.870782196522}, "zerocrossingrate": {"dmean": 0.0134625080973, "dmean2": 0.0151594253257, "dvar": 0.000224311253987, "dvar2": 0.000289697927656, "max": 0.21533203125, "mean": 0.0468401499093, "median": 0.03515625, "min": 0.005859375, "var": 0.00103182822932}, "barkbands": {"dmean": [0.000647132808808, 0.0109735867009, 0.00307211768813, 0.000969660351984, 0.00183350569569, 0.00172186957207, 0.00182424148079, 0.00223587825894, 0.000778258545324, 0.000323840009514, 0.000134662070195, 0.000141828379128, 0.000152846652782, 0.000120959426567, 8.01017522463e-05, 9.33729825192e-05, 3.73278016923e-05, 2.02507853828e-05, 2.68580661213e-05, 1.72220370587e-05, 3.80179953936e-05, 8.03881557658e-05, 0.000108823187475, 0.000168592639966, 0.000158964976436, 0.000157124566613, 9.32081860583e-08], "dmean2": [0.00122087530326, 0.0193247776479, 0.00518437288702, 0.00170798914041, 0.003052089829, 0.00248056976125, 0.00245818938129, 0.00305413175374, 0.00118671939708, 0.000490571837872, 0.000218879547901, 0.000221856476855, 0.000239507935476, 0.000188484526007, 0.000123176097986, 0.000140768781421, 5.66430098843e-05, 3.04119803332e-05, 3.84355153074e-05, 2.51270921581e-05, 5.3079558711e-05, 0.000111550194561, 0.000148933526361, 0.00023039134976, 0.000223521215958, 0.000220173576963, 1.69154390051e-07], "dvar": [6.86130306349e-06, 0.00163850118406, 6.54370014672e-05, 6.01301007919e-06, 1.85509034054e-05, 6.26949031357e-06, 7.56461213314e-06, 1.00216639112e-05, 4.14322948927e-06, 3.36989586458e-07, 5.21654612839e-08, 9.92094797425e-08, 1.02573068261e-07, 6.2121429778e-08, 2.61350674435e-08, 4.44396093258e-08, 7.5716570791e-09, 1.70146652323e-09, 5.35751532027e-09, 1.96162330823e-09, 9.67362723259e-09, 5.10865376668e-08, 6.39784190071e-08, 1.35306564175e-07, 1.25012334706e-07, 7.34716110173e-08, 7.57905619774e-13], "dvar2": [2.07577377296e-05, 0.0046165259555, 0.000169095190358, 1.74193355633e-05, 4.8245950893e-05, 1.43494926306e-05, 1.30982098199e-05, 1.95985176106e-05, 9.21376886254e-06, 6.88411319061e-07, 1.30437669554e-07, 2.33354768397e-07, 2.45423109391e-07, 1.50133246279e-07, 5.61155957257e-08, 1.01305467126e-07, 1.7660388707e-08, 3.46457751377e-09, 1.13939968571e-08, 3.85212706178e-09, 1.84134485437e-08, 1.00553833704e-07, 1.26292604818e-07, 2.66454151188e-07, 2.8485231951e-07, 1.56009846819e-07, 2.17695024333e-12], "max": [0.0405124761164, 0.411799550056, 0.0938789919019, 0.0375841632485, 0.0724752917886, 0.0392268821597, 0.0539048761129, 0.0624483302236, 0.0329990535975, 0.014687821269, 0.00414337776601, 0.00494816014543, 0.00588019285351, 0.00485834479332, 0.0042046001181, 0.00396088091657, 0.00206868094392, 0.000714833266102, 0.00165156577714, 0.00103391997982, 0.00145725195762, 0.00332386419177, 0.0045062401332, 0.00710595259443, 0.00603360403329, 0.00301347393543, 2.20108540816e-05], "mean": [0.000503587361891, 0.0108365640044, 0.00442031817511, 0.00162216648459, 0.00421743141487, 0.00424114754423, 0.00396901648492, 0.00491739949211, 0.00142913684249, 0.000723706500139, 0.000244448630838, 0.000248726806603, 0.000247969815973, 0.0002191386302, 0.000121907738503, 0.000136642920552, 5.83697983529e-05, 2.93526172754e-05, 4.1089435399e-05, 2.53196376434e-05, 4.96323555126e-05, 0.000100000164821, 0.000149610481458, 0.000225632917136, 0.000191476865439, 0.000184029122465, 6.67618991201e-08], "median": [3.32235358655e-05, 0.00335569679737, 0.00187675002962, 0.00083648879081, 0.00273773004301, 0.00319139030762, 0.00194218242541, 0.00296479929239, 0.000371310423361, 0.000436774687842, 0.000156642898219, 7.26488360669e-05, 7.88955803728e-05, 5.05929310748e-05, 3.54877192876e-05, 3.01103318634e-05, 1.20418153529e-05, 5.9744788814e-06, 6.59594661556e-06, 3.30938382831e-06, 7.12190285412e-06, 9.17869328987e-06, 1.46063030115e-05, 2.99064031424e-05, 2.86066133413e-05, 3.42273851857e-05, 1.62567825868e-09], "min": [4.06705376842e-13, 5.20298647916e-12, 7.48526067518e-12, 3.14066329367e-12, 5.44969798455e-11, 2.19935840373e-11, 1.31846226645e-11, 3.45658267634e-12, 5.39107343836e-12, 2.49519727796e-11, 5.7650467733e-11, 2.3945378666e-11, 9.84799221337e-12, 5.45876815972e-11, 2.18640244798e-11, 6.26610152654e-11, 2.80998852659e-11, 4.287387112e-11, 4.52954583563e-11, 3.26972858511e-11, 5.5540863575e-11, 5.65844870959e-11, 9.64960542027e-11, 1.31760616306e-10, 2.06493433463e-10, 1.31254770941e-10, 2.44128241927e-11], "var": [4.34845560449e-06, 0.00114597624633, 6.38696510578e-05, 5.96836252953e-06, 2.49178265221e-05, 1.39581625263e-05, 2.93955490633e-05, 3.35218501277e-05, 1.08376352728e-05, 9.43746670146e-07, 8.03843676067e-08, 2.81739261254e-07, 2.04168060236e-07, 1.99694923708e-07, 8.10622253766e-08, 8.31501267839e-08, 1.35784850031e-08, 3.03157920989e-09, 9.91177362408e-09, 4.11904466091e-09, 1.64354521104e-08, 8.03821151862e-08, 1.38616115919e-07, 2.45957863854e-07, 1.65058864354e-07, 1.11183759088e-07, 4.94289179899e-13]}, "erbbands": {"dmean": [0.286207407713, 2.5448744297, 4.3093495369, 2.92500472069, 5.51977443695, 5.83605718613, 6.52018547058, 15.9889888763, 20.7959785461, 57.6377563477, 28.2478580475, 21.7988815308, 10.2768564224, 8.4054441452, 4.60813140869, 6.46361970901, 7.59841108322, 5.15261363983, 5.26703548431, 4.47381162643, 4.23624801636, 1.91895055771, 1.25626921654, 0.982946574688, 1.37927591801, 0.906947731972, 1.03554952145, 1.93039441109, 2.49565124512, 3.36273169518, 3.35539031029, 3.40204620361, 2.91173219681, 1.78929495811, 1.12105953693, 0.601152777672, 0.35579764843, 0.0277198608965, 0.000502286129631, 4.17798146373e-05], "dmean2": [0.457587569952, 4.64291572571, 7.59390926361, 5.0038690567, 9.41776657104, 9.81391620636, 10.2511825562, 23.4895362854, 28.7982234955, 75.974319458, 39.9694862366, 32.7276687622, 16.0905475616, 12.7758893967, 7.50255680084, 10.2530088425, 11.8760814667, 8.12544631958, 8.07473564148, 6.8382730484, 6.45082378387, 2.85380673409, 1.90180492401, 1.36344945431, 1.97593891621, 1.32163739204, 1.41462695599, 2.73701667786, 3.450548172, 4.77196645737, 4.63269424438, 4.75039243698, 4.06882238388, 2.54907870293, 1.57846903801, 0.823624193668, 0.523304641247, 0.040392652154, 0.000720930227544, 5.89886512898e-05], "dvar": [0.933551609516, 94.0944747925, 180.627822876, 35.7113609314, 277.392974854, 127.723518372, 85.2834472656, 619.798156738, 930.493469238, 5066.66650391, 3456.9465332, 3244.81103516, 416.370391846, 200.665817261, 84.0694046021, 205.008575439, 251.864822388, 112.02394104, 105.173461914, 72.3884353638, 113.419837952, 20.0432281494, 6.50875663757, 4.92431354523, 16.3022632599, 5.86559343338, 5.69773006439, 27.6676654816, 45.3448295593, 87.7763900757, 67.8700180054, 87.2616195679, 35.2155265808, 18.5901947021, 5.9452753067, 1.1021797657, 0.407872468233, 0.00268845865503, 8.12878965917e-07, 4.93737495333e-09], "dvar2": [2.40473556519, 270.81942749, 500.593139648, 96.2669067383, 723.429382324, 338.72769165, 211.994995117, 1459.63110352, 1799.74255371, 9726.81054688, 6538.80419922, 7242.58642578, 963.231323242, 406.770751953, 206.17805481, 484.639465332, 597.093688965, 282.404449463, 228.490097046, 163.726211548, 274.29699707, 46.0334510803, 13.5029315948, 8.82696533203, 36.665096283, 11.5594625473, 9.45466804504, 58.1530761719, 87.5696029663, 177.527130127, 140.119781494, 174.462966919, 75.6555404663, 44.4848175049, 13.2416400909, 2.17768287659, 0.921243011951, 0.00586707983166, 1.76157482201e-06, 1.15503375753e-08], "max": [8.54442119598, 101.129058838, 164.653060913, 67.4558792114, 295.759216309, 164.789810181, 157.238677979, 487.443572998, 405.256622314, 1347.40270996, 1689.38684082, 940.13104248, 360.734008789, 357.004943848, 173.847808838, 224.778274536, 301.73550415, 279.85534668, 251.550018311, 108.519721985, 129.696762085, 60.9918251038, 29.7729282379, 47.2101974487, 96.0457763672, 57.1577796936, 38.5649185181, 68.1938476562, 83.5196533203, 136.370178223, 153.193237305, 225.433486938, 90.2634735107, 83.6559677124, 43.6341323853, 14.5641832352, 7.69197797775, 0.743546187878, 0.0123921660706, 0.00057850475423], "mean": [0.300226271152, 2.44264268875, 5.40664052963, 5.27674674988, 10.0435037613, 12.9970054626, 19.7249774933, 37.1221122742, 44.2428855896, 121.540145874, 70.8676452637, 42.2917709351, 21.3532733917, 19.617893219, 8.15041637421, 11.8515005112, 12.9035196304, 9.71336364746, 9.67092037201, 7.0437297821, 5.86799526215, 2.92735528946, 1.9158602953, 1.5376021862, 2.07652592659, 1.33928573132, 1.49955141544, 2.33141589165, 3.13433027267, 4.17638731003, 4.58233833313, 4.58550024033, 3.75639152527, 2.18825936317, 1.32355511189, 0.722991526127, 0.405313611031, 0.0315475985408, 0.000592379306909, 7.31753389118e-05], "median": [0.04432855919, 0.828148365021, 1.97280049324, 2.87812519073, 5.36205673218, 7.40784358978, 14.4878749847, 25.9128856659, 29.9004478455, 73.9866333008, 40.0037002563, 12.5032176971, 11.0297861099, 12.8843832016, 4.49158191681, 3.73850536346, 4.06099319458, 3.2305521965, 2.25413656235, 2.33928442001, 1.2757897377, 0.742813706398, 0.445518374443, 0.334511727095, 0.31191894412, 0.182222098112, 0.23589515686, 0.30349907279, 0.31160646677, 0.361850440502, 0.425788283348, 0.548191845417, 0.513560533524, 0.31780654192, 0.209468454123, 0.130347281694, 0.072545722127, 0.00503137148917, 0.00011537973478, 4.17150949943e-05], "min": [1.26979052273e-10, 1.320865195e-09, 7.27241378229e-09, 1.24305827853e-08, 5.14346396585e-08, 1.97636325083e-07, 1.31978424633e-07, 2.16736069092e-07, 2.64525823468e-07, 7.49243156406e-08, 1.00546913018e-07, 1.37903398922e-07, 3.3674189126e-07, 1.41060309033e-06, 2.41423936131e-06, 8.17924444618e-07, 4.50835813126e-07, 2.85627311314e-06, 1.10552775823e-06, 2.57733722719e-06, 2.88475052912e-06, 3.87794580092e-06, 2.17007686842e-06, 2.83512963506e-06, 2.18081004277e-06, 1.39566964208e-06, 2.36796927311e-06, 1.93665073311e-06, 1.36902724535e-06, 2.94508868137e-06, 2.83357030639e-06, 3.24344273395e-06, 1.88195861028e-06, 1.87275963981e-06, 1.73604769316e-06, 9.92229729491e-07, 1.34221792791e-07, 5.27299164332e-08, 3.46895312475e-08, 1.33564981297e-09], "var": [0.890984475613, 59.3549613953, 136.73600769, 45.350944519, 293.141479492, 236.597717285, 314.04864502, 1327.63916016, 2046.5925293, 19870.4960938, 13095.2919922, 8336.15136719, 1051.94006348, 540.838562012, 121.651786804, 550.10144043, 514.916015625, 332.215179443, 402.882293701, 130.207336426, 149.107299805, 28.6852283478, 11.2238683701, 10.7729310989, 28.294467926, 12.3072099686, 13.3242025375, 39.2397956848, 74.0545654297, 137.429702759, 137.021148682, 134.708892822, 62.1578521729, 23.3689937592, 7.85064840317, 1.77827036381, 0.559954464436, 0.00371866161004, 1.16866965527e-06, 7.20154202938e-09]}, "gfcc": {"mean": [-21.7085514069, 120.441238403, -64.4016113281, -6.82541227341, -72.9959106445, 17.0866622925, -47.6982536316, 9.08349990845, -16.759355545, 10.8255472183, -19.3692951202, -1.20267677307, -13.5648336411], "cov": [[7367.11767578, -3714.0222168, 308.934204102, 1104.3104248, 159.837158203, 853.497314453, -406.488525391, 891.503723145, -157.455032349, 439.532073975, -200.433197021, 583.978210449, -570.750488281], [-3714.0222168, 2682.54052734, -262.287689209, -674.624023438, 53.9656486511, -568.177062988, 358.013031006, -511.011627197, 138.02243042, -225.687820435, 152.195175171, -396.93762207, 331.865478516], [308.934204102, -262.287689209, 553.555664062, 100.405540466, 78.1539382935, 176.307434082, 16.6224975586, 161.515060425, -10.0655021667, 55.9175300598, -9.86443424225, 100.248626709, -80.8505172729], [1104.3104248, -674.624023438, 100.405540466, 447.684234619, 34.5477638245, 201.494674683, -26.891740799, 177.940231323, 7.54559373856, 42.9550476074, -14.5665779114, 98.557144165, -70.5410842896], [159.837158203, 53.9656486511, 78.1539382935, 34.5477638245, 285.162689209, 77.4023513794, 50.8657569885, 75.6519699097, 6.32854938507, 37.6836471558, -11.0422000885, 38.2274398804, -31.2862243652], [853.497314453, -568.177062988, 176.307434082, 201.494674683, 77.4023513794, 293.52734375, -72.7014160156, 158.674118042, -16.9366989136, 39.6436920166, -27.973241806, 101.623985291, -71.0167312622], [-406.488525391, 358.013031006, 16.6224975586, -26.891740799, 50.8657569885, -72.7014160156, 173.231323242, -42.2377700806, 11.9748668671, -2.14833950996, 24.8008060455, -53.8189544678, 22.8423080444], [891.503723145, -511.011627197, 161.515060425, 177.940231323, 75.6519699097, 158.674118042, -42.2377700806, 229.737289429, -8.36970233917, 69.6608581543, -7.82014322281, 101.768035889, -92.5373535156], [-157.455032349, 138.02243042, -10.0655021667, 7.54559373856, 6.32854938507, -16.9366989136, 11.9748668671, -8.36970233917, 85.5053710938, 14.1955423355, 8.70672130585, -14.1477632523, 32.8005752563], [439.532073975, -225.687820435, 55.9175300598, 42.9550476074, 37.6836471558, 39.6436920166, -2.14833950996, 69.6608581543, 14.1955423355, 107.493690491, 3.03213715553, 47.658821106, -37.8748245239], [-200.433197021, 152.195175171, -9.86443424225, -14.5665779114, -11.0422000885, -27.973241806, 24.8008060455, -7.82014322281, 8.70672130585, 3.03213715553, 75.188583374, -10.363322258, 17.7112941742], [583.978210449, -396.93762207, 100.248626709, 98.557144165, 38.2274398804, 101.623985291, -53.8189544678, 101.768035889, -14.1477632523, 47.658821106, -10.363322258, 124.005821228, -40.9099655151], [-570.750488281, 331.865478516, -80.8505172729, -70.5410842896, -31.2862243652, -71.0167312622, 22.8423080444, -92.5373535156, 32.8005752563, -37.8748245239, 17.7112941742, -40.9099655151, 111.580421448]], "icov": [[0.000695773574989, 0.000163011951372, 0.000585923087783, -0.000628057634458, 0.000199967413209, -0.000387654843507, 0.000173564767465, -0.000749142549466, 0.000477233668789, -0.00130654056557, 0.00082678697072, -0.000739073846489, 0.00126817810815], [0.000163011951372, 0.0048241596669, -0.00129165919498, 0.00306350155734, -0.00349735515192, 0.0025438463781, -0.00317679881118, 0.00149987672921, -0.00434952042997, 0.00500252144411, -0.00523406453431, 0.00543155567721, -0.00418193079531], [0.000585923087783, -0.00129165919498, 0.00374672049657, -0.000668739376124, 0.00164956727531, -0.00263152155094, -0.00064988975646, -0.00225395499729, 0.00113138940651, -0.00229752273299, 0.0024403501302, -0.00388458184898, 0.0032582054846], [-0.000628057634458, 0.00306350155734, -0.000668739376124, 0.00693658133969, -0.0015362247359, -0.000235735424212, -0.00409551803023, -0.000400185177568, -0.00494180852547, 0.00570310279727, -0.00408743368462, 0.0027762085665, -0.00344242202118], [0.000199967413209, -0.00349735515192, 0.00164956727531, -0.0015362247359, 0.00754239456728, -0.00368532631546, -0.000422735029133, -0.00278625218198, 0.0025640479289, -0.00444592209533, 0.00527151860297, -0.00568650942296, 0.00400939770043], [-0.000387654843507, 0.0025438463781, -0.00263152155094, -0.000235735424212, -0.00368532631546, 0.00983552727848, 0.00111052358989, -0.000251773075433, -0.00164163380396, 0.00398934306577, -0.00259069539607, 0.00296226958744, -0.00348020764068], [0.000173564767465, -0.00317679881118, -0.00064988975646, -0.00409551803023, -0.000422735029133, 0.00111052358989, 0.0121046481654, -0.000109065440483, 0.00434489082545, -0.00559236621484, 0.00169175525662, 0.000858671206515, 0.00216682581231], [-0.000749142549466, 0.00149987672921, -0.00225395499729, -0.000400185177568, -0.00278625218198, -0.000251773075433, -0.000109065440483, 0.0142198270187, -0.00324395601638, 0.00109997473191, -0.00474321516231, -0.000519472465385, 0.00258408370428], [0.000477233668789, -0.00434952042997, 0.00113138940651, -0.00494180852547, 0.0025640479289, -0.00164163380396, 0.00434489082545, -0.00324395601638, 0.0203350130469, -0.0104928091168, 0.00552869401872, -0.00187900359742, -0.00193844269961], [-0.00130654056557, 0.00500252144411, -0.00229752273299, 0.00570310279727, -0.00444592209533, 0.00398934306577, -0.00559236621484, 0.00109997473191, -0.0104928091168, 0.0226962938905, -0.00861328467727, 0.00257581868209, -0.00317137152888], [0.00082678697072, -0.00523406453431, 0.0024403501302, -0.00408743368462, 0.00527151860297, -0.00259069539607, 0.00169175525662, -0.00474321516231, 0.00552869401872, -0.00861328467727, 0.0222020093352, -0.00718997092918, 0.00382058299147], [-0.000739073846489, 0.00543155567721, -0.00388458184898, 0.0027762085665, -0.00568650942296, 0.00296226958744, 0.000858671206515, -0.000519472465385, -0.00187900359742, 0.00257581868209, -0.00718997092918, 0.0250279605389, -0.00956621207297], [0.00126817810815, -0.00418193079531, 0.0032582054846, -0.00344242202118, 0.00400939770043, -0.00348020764068, 0.00216682581231, 0.00258408370428, -0.00193844269961, -0.00317137152888, 0.00382058299147, -0.00956621207297, 0.0240598488599]]}, "melbands": {"dmean": [0.0028742630966, 0.00266947434284, 0.00055757467635, 0.000418171635829, 0.000230650228332, 0.000367049797205, 0.000325367436744, 0.000624588516075, 0.000203653704375, 0.000123745194287, 4.98847693962e-05, 3.52147872036e-05, 1.67484122358e-05, 1.45793428601e-05, 1.85949083971e-05, 1.33840230774e-05, 1.03285992736e-05, 9.64606260823e-06, 5.80342475587e-06, 7.2838934102e-06, 4.53815255241e-06, 2.14343117477e-06, 1.52367840656e-06, 9.58661416917e-07, 7.41587655284e-07, 1.37111317144e-06, 6.07201684488e-07, 5.89112516991e-07, 5.89536341522e-07, 8.59804629272e-07, 1.23487780002e-06, 1.33275682401e-06, 1.75952322934e-06, 1.90239325093e-06, 1.98401926355e-06, 2.05642163564e-06, 2.12626491702e-06, 2.03294166568e-06, 1.96655992113e-06, 1.35781510835e-06], "dmean2": [0.00489263189957, 0.00478722248226, 0.000944773026276, 0.000712446926627, 0.000363231694791, 0.000530616031028, 0.000444196222816, 0.000824302318506, 0.000292632263154, 0.000188506324776, 7.87546669017e-05, 5.39122556802e-05, 2.73627811112e-05, 2.30058158195e-05, 2.91432861559e-05, 2.10317084566e-05, 1.64058837981e-05, 1.48463168443e-05, 8.93193373486e-06, 1.11034642032e-05, 7.08740071786e-06, 3.24925872519e-06, 2.35272818827e-06, 1.41485509175e-06, 1.05859032828e-06, 1.97847316485e-06, 9.06879449758e-07, 8.74887803093e-07, 8.23185644094e-07, 1.22520634704e-06, 1.81607174454e-06, 1.85900626093e-06, 2.52383665611e-06, 2.69916245088e-06, 2.86362023871e-06, 2.90788011625e-06, 2.94843380289e-06, 2.86265617433e-06, 2.8706044759e-06, 1.96207838599e-06], "dvar": [0.000104986567749, 8.74103425303e-05, 1.47470996126e-06, 1.24503640109e-06, 1.09277017657e-07, 3.04680213503e-07, 2.1890878088e-07, 5.66268511193e-07, 2.08259478995e-07, 1.0552972185e-07, 1.01397921171e-08, 3.73229269712e-09, 1.0319538557e-09, 1.00587715934e-09, 1.29437938146e-09, 6.96799118405e-10, 4.868965231e-10, 3.87577747674e-10, 1.37117525667e-10, 2.31275415485e-10, 1.55739185437e-10, 2.54415100098e-11, 1.01099319888e-11, 4.21123162384e-12, 3.49717997616e-12, 2.1360401295e-11, 2.11243023941e-12, 2.45597292503e-12, 1.97246515996e-12, 4.56803822199e-12, 1.16927986391e-11, 1.24769760496e-11, 2.66556793999e-11, 2.61363222731e-11, 2.61313314737e-11, 3.04352064384e-11, 2.99310541629e-11, 1.77035625742e-11, 2.10452436727e-11, 1.11761780386e-11], "dvar2": [0.000287720904453, 0.000248049327638, 3.97636540583e-06, 3.26839244735e-06, 2.70984173767e-07, 6.95388621352e-07, 4.14619023559e-07, 1.12239615646e-06, 4.00004296353e-07, 2.41107898091e-07, 2.35868977683e-08, 7.50550110951e-09, 2.58137644593e-09, 2.36081465488e-09, 3.00624702909e-09, 1.71749325872e-09, 1.25837273934e-09, 8.71887118059e-10, 3.08474190636e-10, 4.90707419143e-10, 3.87511217559e-10, 5.98447610911e-11, 2.21433982261e-11, 8.4407246817e-12, 6.70902439506e-12, 4.82254167156e-11, 4.096391195e-12, 5.06095599456e-12, 3.57393086479e-12, 8.52215954056e-12, 2.62196063472e-11, 2.40055163248e-11, 5.50425781343e-11, 5.32458105384e-11, 5.7784214913e-11, 6.19578832683e-11, 6.00503743953e-11, 3.83771521506e-11, 4.97955843226e-11, 2.6941641626e-11], "max": [0.0976435542107, 0.108005858958, 0.0139671107754, 0.0184566676617, 0.00606793258339, 0.0095453877002, 0.00595960672945, 0.012223655358, 0.0125784128904, 0.00532341422513, 0.00178705563303, 0.00152960198466, 0.000626526307315, 0.000445290323114, 0.000617538869847, 0.000418431969592, 0.000517937820405, 0.000346672168234, 0.000214229236008, 0.00036294941674, 0.00015088764485, 8.0568366684e-05, 4.91398968734e-05, 2.66537099378e-05, 4.15088870795e-05, 0.000105566650745, 3.83612932637e-05, 3.42289240507e-05, 2.20527217607e-05, 4.26826481998e-05, 4.01503784815e-05, 4.95298409078e-05, 7.28799423086e-05, 7.35460125725e-05, 9.7969561466e-05, 0.000111196517537, 0.000122108671349, 6.71799862175e-05, 7.75526932557e-05, 6.91892491886e-05], "mean": [0.00286446372047, 0.00306038092822, 0.00108837790322, 0.000807390955742, 0.000716815411579, 0.000863047491293, 0.000704040110577, 0.00131629221141, 0.000505543488543, 0.000225751413382, 9.85072474577e-05, 7.98828623374e-05, 2.86058257188e-05, 2.40870540438e-05, 3.43336068909e-05, 2.2044430807e-05, 1.84463879123e-05, 1.7330814444e-05, 8.45429258334e-06, 1.16491728477e-05, 5.6774638324e-06, 3.11288613375e-06, 2.38021266341e-06, 1.29014017602e-06, 1.07569132979e-06, 1.97954022951e-06, 9.068432405e-07, 8.19742581371e-07, 8.09087623566e-07, 1.13081841846e-06, 1.43494639815e-06, 1.65876906522e-06, 2.13806310967e-06, 2.32546040024e-06, 2.6227228318e-06, 2.7612750273e-06, 2.77767890111e-06, 2.63969764092e-06, 2.37575113715e-06, 1.6479768874e-06], "median": [0.000760522671044, 0.00112544652075, 0.000669586821459, 0.000508587691002, 0.000497607397847, 0.000619429512881, 0.000460844021291, 0.000810847093817, 0.000257264589891, 5.9231359046e-05, 5.11390171596e-05, 5.18136112078e-05, 1.72941909113e-05, 8.02021895652e-06, 1.08993044705e-05, 7.1292188295e-06, 5.30736951987e-06, 3.48099729308e-06, 2.50346670327e-06, 2.86765271085e-06, 1.06299307845e-06, 6.98248982189e-07, 4.58415257754e-07, 2.39368830535e-07, 2.14734427573e-07, 1.96773470407e-07, 1.50026281176e-07, 9.92233921693e-08, 1.17690625245e-07, 1.79292641178e-07, 1.71305245544e-07, 1.66377247979e-07, 1.68365545505e-07, 2.07822466791e-07, 2.23895611384e-07, 2.79507503365e-07, 3.47874816953e-07, 3.67447910321e-07, 3.05855962779e-07, 2.48402955094e-07], "min": [1.29125009296e-12, 3.16857217547e-12, 2.12145687302e-12, 1.25876514073e-11, 5.60405844993e-12, 4.83402467361e-12, 3.69902893038e-12, 6.77622888356e-13, 8.74013155686e-13, 8.02676122184e-13, 1.74923747362e-12, 5.38870250505e-12, 8.36249212238e-12, 2.20573277525e-12, 6.53666140313e-13, 1.64034714631e-12, 5.40576697988e-12, 1.85151308348e-12, 1.77925989914e-12, 4.90090433514e-12, 2.77471622068e-12, 1.78219331654e-12, 2.22575408625e-12, 2.29574432381e-12, 2.35988572433e-12, 1.43068619018e-12, 1.23388907598e-12, 7.00803943956e-13, 1.43199579798e-12, 1.19516018176e-12, 1.3508863082e-12, 6.0891889404e-13, 1.32209922264e-12, 1.74987303293e-12, 1.55869165231e-12, 1.70961519681e-12, 1.60597468483e-12, 1.29067416477e-12, 1.05208192418e-12, 1.7109896399e-12], "var": [8.17945619929e-05, 5.8689074649e-05, 1.67379869254e-06, 1.30944590637e-06, 4.57991376379e-07, 6.72957469305e-07, 5.40597397958e-07, 2.06592585528e-06, 7.74613624799e-07, 2.58977081558e-07, 2.36809398757e-08, 9.80267778061e-09, 1.38345601641e-09, 1.93126226122e-09, 4.02619182438e-09, 1.38724576271e-09, 1.34074584768e-09, 1.32498678695e-09, 3.00021313349e-10, 6.02934702165e-10, 1.65586294676e-10, 3.53409627951e-11, 1.92031668345e-11, 6.76191090968e-12, 6.88371625326e-12, 3.5194111514e-11, 4.71790748829e-12, 4.80767682609e-12, 4.14389963316e-12, 8.3397342851e-12, 1.51982836039e-11, 2.05513227963e-11, 4.00149358093e-11, 4.07958944404e-11, 5.04685598868e-11, 4.96583954512e-11, 4.65586319498e-11, 3.10584197249e-11, 2.830195453e-11, 1.33848990919e-11]}, "mfcc": {"mean": [-686.862121582, 169.001480103, 49.3133087158, -10.9587335587, 2.07925772667, -0.104252666235, -12.9848585129, -7.28026390076, 1.47200787067, 3.78272366524, 0.0797153189778, 3.0846221447, 0.0615542493761], "cov": [[6945.68408203, -3577.18676758, 71.3824691772, 288.913787842, 660.306396484, 133.022979736, 113.839370728, 504.637237549, -3.71974945068, 207.068328857, 398.813690186, 98.4954071045, 66.3424682617], [-3577.18676758, 2551.29443359, -253.544952393, -131.931640625, -384.837677002, -85.9780731201, -21.985874176, -323.276855469, 26.3148708344, -81.8389892578, -179.528381348, -24.4381389618, -40.2837486267], [71.3824691772, -253.544952393, 449.482147217, 28.2546653748, 73.4752197266, 28.1589870453, 43.4216537476, 108.068901062, 11.4595193863, 33.5878257751, 36.4102897644, 21.17237854, 48.556350708], [288.913787842, -131.931640625, 28.2546653748, 207.140762329, 24.3279953003, 28.181842804, 44.26587677, 55.8906326294, 31.5015926361, 40.9830169678, 40.9751167297, 20.633939743, 26.088891983], [660.306396484, -384.837677002, 73.4752197266, 24.3279953003, 294.630096436, 60.3630523682, 54.7606048584, 139.349685669, 33.4437103271, 34.1972694397, 72.8391036987, 26.3080863953, 14.5529098511], [133.022979736, -85.9780731201, 28.1589870453, 28.181842804, 60.3630523682, 113.536071777, 33.9260025024, 32.8324432373, 33.6020393372, 17.0148582458, 14.2476491928, 1.85801494122, 3.81974959373], [113.839370728, -21.985874176, 43.4216537476, 44.26587677, 54.7606048584, 33.9260025024, 133.236099243, 63.9629058838, -1.40279614925, 30.5251197815, 45.5545310974, 0.211375296116, 10.0184087753], [504.637237549, -323.276855469, 108.068901062, 55.8906326294, 139.349685669, 32.8324432373, 63.9629058838, 160.334564209, 17.2032165527, 23.7853622437, 58.8271942139, 4.82103443146, 11.9792833328], [-3.71974945068, 26.3148708344, 11.4595193863, 31.5015926361, 33.4437103271, 33.6020393372, -1.40279614925, 17.2032165527, 81.8329162598, 19.8318500519, -1.35915386677, 15.729013443, 6.05463075638], [207.068328857, -81.8389892578, 33.5878257751, 40.9830169678, 34.1972694397, 17.0148582458, 30.5251197815, 23.7853622437, 19.8318500519, 84.5288619995, 41.1513671875, 13.3059196472, 21.1487388611], [398.813690186, -179.528381348, 36.4102897644, 40.9751167297, 72.8391036987, 14.2476491928, 45.5545310974, 58.8271942139, -1.35915386677, 41.1513671875, 95.5805206299, 23.2043857574, 15.8299102783], [98.4954071045, -24.4381389618, 21.17237854, 20.633939743, 26.3080863953, 1.85801494122, 0.211375296116, 4.82103443146, 15.729013443, 13.3059196472, 23.2043857574, 66.102394104, 26.052066803], [66.3424682617, -40.2837486267, 48.556350708, 26.088891983, 14.5529098511, 3.81974959373, 10.0184087753, 11.9792833328, 6.05463075638, 21.1487388611, 15.8299102783, 26.052066803, 64.2166061401]], "icov": [[0.000741480325814, 0.000976234499831, 0.000640310463496, -9.27855871851e-05, -0.000104594342702, 0.000112544323201, -0.000119819756947, -0.000221675290959, -0.000127257284475, -0.000410878099501, -0.000931808608584, -0.000437320355559, 3.13945747621e-05], [0.000976234499831, 0.00194679468405, 0.000918481382541, 0.000112206951599, 0.000256854284089, 0.000522002344951, -0.00116166181397, 0.00078043283429, -0.00109456095379, -0.000202304188861, -0.000788171018939, -0.000679536256939, 5.87954600633e-05], [0.000640310463496, 0.000918481382541, 0.00352490996011, 0.000481047696667, 0.000522297981661, -0.000284877169179, -0.000131994500407, -0.00268176966347, 7.34354107408e-05, -0.00100037897937, -0.000181266717846, -0.000951027905103, -0.0017735848669], [-9.27855871851e-05, 0.000112206951599, 0.000481047696667, 0.00672164140269, 0.00187563581858, -0.00057762558572, -0.00112673547119, -0.00234612566419, -0.0021634416189, -0.00124766910449, -0.000838234031107, -0.000982418307103, -0.00148544542026], [-0.000104594342702, 0.000256854284089, 0.000522297981661, 0.00187563581858, 0.00735874846578, -0.00190348445904, -9.04825865291e-05, -0.00530286878347, -0.00156915001571, -0.000250146258622, -0.00152194453403, -0.00202795001678, -1.06190873339e-05], [0.000112544323201, 0.000522002344951, -0.000284877169179, -0.00057762558572, -0.00190348445904, 0.0120294792578, -0.00312475021929, 0.00184569647536, -0.00487833516672, 0.000302060390823, 0.000277515413472, 0.00151656300295, 0.000197085624677], [-0.000119819756947, -0.00116166181397, -0.000131994500407, -0.00112673547119, -9.04825865291e-05, -0.00312475021929, 0.0125312348828, -0.00477998377755, 0.0036548699718, -0.00234775501303, -0.00284664938226, 0.0012957417639, -0.000299666746287], [-0.000221675290959, 0.00078043283429, -0.00268176966347, -0.00234612566419, -0.00530286878347, 0.00184569647536, -0.00477998377755, 0.0181495584548, -0.0031743356958, 0.00349849462509, -0.00330756721087, 0.00397493271157, 0.000501352886204], [-0.000127257284475, -0.00109456095379, 7.34354107408e-05, -0.0021634416189, -0.00156915001571, -0.00487833516672, 0.0036548699718, -0.0031743356958, 0.0187382958829, -0.00488368794322, 0.00468341633677, -0.00422922801226, 0.00133887538686], [-0.000410878099501, -0.000202304188861, -0.00100037897937, -0.00124766910449, -0.000250146258622, 0.000302060390823, -0.00234775501303, 0.00349849462509, -0.00488368794322, 0.0184521619231, -0.00660897279158, 0.00227637542412, -0.00359757174738], [-0.000931808608584, -0.000788171018939, -0.000181266717846, -0.000838234031107, -0.00152194453403, 0.000277515413472, -0.00284664938226, -0.00330756721087, 0.00468341633677, -0.00660897279158, 0.0219221971929, -0.00558134773746, 0.000930638110731], [-0.000437320355559, -0.000679536256939, -0.000951027905103, -0.000982418307103, -0.00202795001678, 0.00151656300295, 0.0012957417639, 0.00397493271157, -0.00422922801226, 0.00227637542412, -0.00558134773746, 0.0220080148429, -0.00733407214284], [3.13945747621e-05, 5.87954600633e-05, -0.0017735848669, -0.00148544542026, -1.06190873339e-05, 0.000197085624677, -0.000299666746287, 0.000501352886204, 0.00133887538686, -0.00359757174738, 0.000930638110731, -0.00733407214284, 0.0212697274983]]}, "spectral_contrast_coeffs": {"dmean": [0.0423784777522, 0.0427789017558, 0.0365680679679, 0.029617369175, 0.0318872593343, 0.0225422438234], "dmean2": [0.0705219954252, 0.0684980303049, 0.058555290103, 0.0480607002974, 0.0477863997221, 0.034943792969], "dvar": [0.0014394238824, 0.00129328703042, 0.000896418234333, 0.000571439915802, 0.000706883904058, 0.000481467839563], "dvar2": [0.00375258876011, 0.00323507469147, 0.00228819483891, 0.00146912003402, 0.00146769767161, 0.0010693250224], "max": [-0.32168507576, -0.458810001612, -0.557611584663, -0.584797263145, -0.577993512154, -0.643221855164], "mean": [-0.613266170025, -0.667193591595, -0.763715624809, -0.800373375416, -0.787956535816, -0.819394826889], "median": [-0.620769917965, -0.66507011652, -0.76706969738, -0.808517158031, -0.797382831573, -0.827926278114], "min": [-0.92451184988, -0.924790740013, -0.935537040234, -0.927351474762, -0.942031979561, -0.918192028999], "var": [0.00685882009566, 0.00374187296256, 0.00304487231188, 0.00252041080967, 0.00297387782484, 0.00175762001891]}, "spectral_contrast_valleys": {"dmean": [0.382486373186, 0.319272845984, 0.346134662628, 0.405462831259, 0.527448177338, 0.594248473644], "dmean2": [0.632786333561, 0.511171996593, 0.53631657362, 0.586933255196, 0.690621674061, 0.726081907749], "dvar": [0.141188278794, 0.116460494697, 0.137420296669, 0.187863662839, 0.309136420488, 0.421820282936], "dvar2": [0.290991067886, 0.209963530302, 0.252933263779, 0.323299825191, 0.494549840689, 0.700183212757], "max": [-4.94360780716, -4.37749814987, -5.29268980026, -6.00030040741, -6.60786914825, -7.52485322952], "mean": [-7.12055492401, -6.19922