{"lowlevel": {"average_loudness": 0.893999040127, "barkbands_crest": {"dmean": 1.72042167187, "dmean2": 2.6322426796, "dvar": 4.8427324295, "dvar2": 12.223900795, "max": 26.6547832489, "mean": 14.1018800735, "median": 13.1015615463, "min": 3.79038977623, "var": 27.2131881714}, "barkbands_flatness_db": {"dmean": 0.0302606597543, "dmean2": 0.0421738699079, "dvar": 0.00164388713893, "dvar2": 0.00366310449317, "max": 0.781781971455, "mean": 0.311798810959, "median": 0.267838835716, "min": 0.0627509728074, "var": 0.0250979028642}, "barkbands_kurtosis": {"dmean": 5.98218107224, "dmean2": 8.61967086792, "dvar": 188.452423096, "dvar2": 367.675598145, "max": 661.385864258, "mean": 22.420375824, "median": 13.209569931, "min": -1.8243175745, "var": 1076.04516602}, "barkbands_skewness": {"dmean": 0.504867374897, "dmean2": 0.729557216167, "dvar": 0.48599165678, "dvar2": 1.04343152046, "max": 18.4767551422, "mean": 3.23457932472, "median": 2.85878562927, "min": -1.84929037094, "var": 3.1687476635}, "barkbands_spread": {"dmean": 2.03586363792, "dmean2": 3.19364714622, "dvar": 17.3925037384, "dvar2": 46.5097961426, "max": 44.2289543152, "mean": 7.19175291061, "median": 5.75996351242, "min": 0.111744396389, "var": 34.7777290344}, "dissonance": {"dmean": 0.0385228469968, "dmean2": 0.0616749860346, "dvar": 0.00164830987342, "dvar2": 0.00398940965533, "max": 0.499683320522, "mean": 0.311546266079, "median": 0.32563906908, "min": 0.0537999123335, "var": 0.0112471934408}, "dynamic_complexity": 2.76390123367, "erbbands_crest": {"dmean": 1.47240889072, "dmean2": 2.03386187553, "dvar": 2.99359965324, "dvar2": 6.32776737213, "max": 25.4792308807, "mean": 11.8382110596, "median": 11.3584461212, "min": 2.88698840141, "var": 17.4118728638}, "erbbands_flatness_db": {"dmean": 0.0245390553027, "dmean2": 0.0306148380041, "dvar": 0.00123097002506, "dvar2": 0.00226296926849, "max": 0.602045893669, "mean": 0.290923595428, "median": 0.260313183069, "min": 0.0690641254187, "var": 0.0201011896133}, "erbbands_kurtosis": {"dmean": 1.04634404182, "dmean2": 1.33754599094, "dvar": 2.36829042435, "dvar2": 4.48421764374, "max": 52.2880363464, "mean": 2.22144603729, "median": 0.896443128586, "min": -1.81814968586, "var": 18.4090442657}, "erbbands_skewness": {"dmean": 0.274500727654, "dmean2": 0.362869828939, "dvar": 0.0995349511504, "dvar2": 0.217860907316, "max": 5.18856716156, "mean": 1.07218110561, "median": 1.02737128735, "min": -1.33013880253, "var": 0.647995769978}, "erbbands_spread": {"dmean": 4.49538755417, "dmean2": 6.08677387238, "dvar": 73.2395629883, "dvar2": 167.921920776, "max": 98.3403091431, "mean": 19.2829837799, "median": 14.2649803162, "min": 1.17790877819, "var": 252.628601074}, "hfc": {"dmean": 3.9221072197, "dmean2": 5.76046991348, "dvar": 79.9850769043, "dvar2": 190.924468994, "max": 116.180046082, "mean": 12.0459632874, "median": 8.44895553589, "min": 1.22643554794e-16, "var": 136.209503174}, "melbands_crest": {"dmean": 1.68315911293, "dmean2": 2.59497356415, "dvar": 5.00345277786, "dvar2": 11.3206853867, "max": 27.5891189575, "mean": 14.3932161331, "median": 13.5802316666, "min": 3.06276774406, "var": 19.7063751221}, "melbands_flatness_db": {"dmean": 0.0355392172933, "dmean2": 0.0496741272509, "dvar": 0.00253472314216, "dvar2": 0.00592785608023, "max": 0.908924937248, "mean": 0.424495369196, "median": 0.390104949474, "min": 0.0103075634688, "var": 0.0288440510631}, "melbands_kurtosis": {"dmean": 4.39265441895, "dmean2": 6.64596557617, "dvar": 87.3715438843, "dvar2": 213.907241821, "max": 146.978561401, "mean": 12.0187892914, "median": 9.08191680908, "min": -1.31727325916, "var": 130.690673828}, "melbands_skewness": {"dmean": 0.453220188618, "dmean2": 0.656120359898, "dvar": 0.499980777502, "dvar2": 1.12192690372, "max": 8.92236423492, "mean": 2.34902739525, "median": 2.19641900063, "min": -0.489883303642, "var": 1.41768836975}, "melbands_spread": {"dmean": 1.80843567848, "dmean2": 2.79081726074, "dvar": 18.9564361572, "dvar2": 43.8155403137, "max": 131.900604248, "mean": 6.64566087723, "median": 5.25007343292, "min": 0.350463539362, "var": 30.1588020325}, "pitch_salience": {"dmean": 0.0524540916085, "dmean2": 0.08229919523, "dvar": 0.00426853774115, "dvar2": 0.0105717889965, "max": 0.91024261713, "mean": 0.507614135742, "median": 0.516563594341, "min": 0.057778801769, "var": 0.0165606010705}, "silence_rate_20dB": {"dmean": 0, "dmean2": 0, "dvar": 0, "dvar2": 0, "max": 1, "mean": 1, "median": 1, "min": 1, "var": 0}, "silence_rate_30dB": {"dmean": 0.0388463810086, "dmean2": 0.0777156278491, "dvar": 0.0373381413519, "dvar2": 0.096994034946, "max": 1, "mean": 0.973521649837, "median": 1, "min": 0, "var": 0.0257778279483}, "silence_rate_60dB": {"dmean": 0.00294290762395, "dmean2": 0.00559317041188, "dvar": 0.00293420813978, "dvar2": 0.00615070713684, "max": 1, "mean": 0.0291262138635, "median": 0, "min": 0, "var": 0.0282778609544}, "spectral_centroid": {"dmean": 89.7992172241, "dmean2": 140.358917236, "dvar": 77169.9375, "dvar2": 153502.3125, "max": 10867.0087891, "mean": 482.678436279, "median": 396.316772461, "min": 223.770202637, "var": 98505.671875}, "spectral_complexity": {"dmean": 2.12360215187, "dmean2": 3.27730345726, "dvar": 16.156124115, "dvar2": 36.6605491638, "max": 43, "mean": 9.70255947113, "median": 8, "min": 0, "var": 40.0465774536}, "spectral_decrease": {"dmean": 3.01622549159e-09, "dmean2": 4.88188733883e-09, "dvar": 5.54480836726e-17, "dvar2": 1.45277214822e-16, "max": 1.18577725191e-28, "mean": -7.53066942139e-09, "median": -5.46447953553e-09, "min": -6.74863613881e-08, "var": 5.77358369451e-17}, "spectral_energy": {"dmean": 0.0116987526417, "dmean2": 0.0188351105899, "dvar": 0.00082005688455, "dvar2": 0.00214138953015, "max": 0.257857710123, "mean": 0.029515074566, "median": 0.0215335022658, "min": 1.06765938418e-20, "var": 0.000872003729455}, "spectral_energyband_high": {"dmean": 0.000163581455126, "dmean2": 0.000241372006712, "dvar": 2.48113025236e-07, "dvar2": 6.21502806553e-07, "max": 0.00506800692528, "mean": 0.00025029387325, "median": 7.02333272784e-05, "min": 7.74727829753e-21, "var": 3.30247530655e-07}, "spectral_energyband_low": {"dmean": 0.00632090447471, "dmean2": 0.010903484188, "dvar": 0.000479465525132, "dvar2": 0.00128852843773, "max": 0.234603896737, "mean": 0.00717969983816, "median": 0.00152816623449, "min": 6.17849681812e-23, "var": 0.000360199832357}, "spectral_energyband_middle_high": {"dmean": 0.00103013787884, "dmean2": 0.00155491137411, "dvar": 7.56330973672e-06, "dvar2": 1.88023805094e-05, "max": 0.0404258258641, "mean": 0.0020923060365, "median": 0.000985188991763, "min": 1.55980222282e-21, "var": 9.70752716967e-06}, "spectral_energyband_middle_low": {"dmean": 0.00534180784598, "dmean2": 0.00836054980755, "dvar": 0.000219253823161, "dvar2": 0.000564718327951, "max": 0.23795260489, "mean": 0.0209574010223, "median": 0.0175452623516, "min": 2.71035820074e-22, "var": 0.00030155578861}, "spectral_entropy": {"dmean": 0.300894409418, "dmean2": 0.398146003485, "dvar": 0.210889056325, "dvar2": 0.440697610378, "max": 9.79054737091, "mean": 5.78139066696, "median": 5.82652282715, "min": 2.96486449242, "var": 1.46687340736}, "spectral_flux": {"dmean": 0.0299441479146, "dmean2": 0.0450531095266, "dvar": 0.0029410328716, "dvar2": 0.00572208175436, "max": 0.431278288364, "mean": 0.0521221868694, "median": 0.0279179252684, "min": 1.03327603418e-10, "var": 0.00471900263801}, "spectral_kurtosis": {"dmean": 30.4347343445, "dmean2": 46.7035713196, "dvar": 4032.39526367, "dvar2": 10220.828125, "max": 930.54864502, "mean": 99.8721389771, "median": 35.547668457, "min": -1.17487776279, "var": 18477.9375}, "spectral_rms": {"dmean": 0.00080618110951, "dmean2": 0.00121838669293, "dvar": 2.5166418709e-06, "dvar2": 6.17098339717e-06, "max": 0.0158609114587, "mean": 0.00490444945171, "median": 0.00458348076791, "min": 3.22741204421e-12, "var": 4.7416228881e-06}, "spectral_rolloff": {"dmean": 107.285385132, "dmean2": 183.422653198, "dvar": 169955.140625, "dvar2": 274666.75, "max": 19078.4179688, "mean": 530.054748535, "median": 409.130859375, "min": 107.666015625, "var": 195815.546875}, "spectral_skewness": {"dmean": 1.12885820866, "dmean2": 1.63507831097, "dvar": 3.01050043106, "dvar2": 7.30333805084, "max": 24.489528656, "mean": 6.60085916519, "median": 4.69792795181, "min": -0.00473244022578, "var": 25.395483017}, "spectral_spread": {"dmean": 569952.3125, "dmean2": 731846.875, "dvar": 924414443520, "dvar2": 1425619681280.0, "max": 40157092, "mean": 2909642.25, "median": 2521396.25, "min": 91468.375, "var": 4191396560900.0}, "spectral_strongpeak": {"dmean": 0.246393054724, "dmean2": 0.409272819757, "dvar": 0.139762476087, "dvar2": 0.361113339663, "max": 4.34218358994, "mean": 1.14485323429, "median": 1.12714064121, "min": 1.86049162187e-10, "var": 0.354686260223}, "zerocrossingrate": {"dmean": 0.00530398730189, "dmean2": 0.00681265164167, "dvar": 0.000103602324089, "dvar2": 0.000121410754218, "max": 0.5224609375, "mean": 0.0335438735783, "median": 0.0322265625, "min": 0.01171875, "var": 0.000314833625453}, "barkbands": {"dmean": [0.000117547773698, 0.00458899559453, 0.00172335386742, 0.00084890332073, 0.00394043140113, 0.0007715295651, 0.000383744540159, 0.000255803082837, 0.000284487119643, 0.000241862231633, 0.00018261904188, 0.000203629460884, 0.000241490299231, 9.70472901827e-05, 0.000119021162391, 8.9474953711e-05, 8.94453914952e-05, 5.60797234357e-05, 4.01193356083e-05, 4.47942511528e-05, 4.59200382465e-05, 3.93156078644e-05, 2.8383501558e-05, 1.68868173205e-05, 9.30944861466e-06, 3.52898427991e-06, 7.611755791e-06], "dmean2": [0.000168459533597, 0.00812869332731, 0.00308457389474, 0.00148841261398, 0.00624351995066, 0.00109925912693, 0.000546944211237, 0.000369295565179, 0.000437091279309, 0.000332433904987, 0.00025532321888, 0.000328966940288, 0.000378417869797, 0.000146585443872, 0.000182044968824, 0.000156561858603, 0.00014974977239, 8.88255817699e-05, 6.61492449581e-05, 7.63764983276e-05, 7.3350063758e-05, 5.66916714888e-05, 4.08029009122e-05, 2.50351258728e-05, 1.20646627693e-05, 4.62766547571e-06, 1.23692734633e-05], "dvar": [1.05744291545e-07, 0.000292874872684, 3.55039992428e-05, 6.75018509355e-06, 0.000136921153171, 1.6046780047e-06, 9.11259746772e-07, 5.76008346798e-07, 1.73765033651e-06, 2.3063122967e-07, 1.71527389625e-07, 3.5612214333e-07, 9.31072122512e-07, 7.1967313886e-08, 1.7866967994e-07, 1.31636099354e-07, 2.55054857234e-07, 3.9938999663e-08, 2.15636628553e-08, 2.73457345656e-08, 3.46177806421e-08, 1.73124270475e-08, 7.19087367429e-09, 2.26560636918e-09, 7.09528436005e-10, 5.88468232476e-11, 9.58968460196e-11], "dvar2": [2.11324618249e-07, 0.000796434120275, 0.000100171520899, 1.85274111573e-05, 0.00035259584547, 3.28889473167e-06, 2.16917510443e-06, 1.16016235552e-06, 4.01112492909e-06, 5.64313324958e-07, 3.38826367852e-07, 9.77464310381e-07, 2.07331549973e-06, 1.65239171679e-07, 4.29638390642e-07, 3.71284755829e-07, 7.11937161668e-07, 9.52778336227e-08, 5.86054049734e-08, 7.63409317983e-08, 9.64497743894e-08, 4.00751396512e-08, 1.47541241446e-08, 5.23904652994e-09, 1.50619650086e-09, 1.20206566923e-10, 2.45378800612e-10], "max": [0.00320561416447, 0.185402616858, 0.0618505254388, 0.0380394645035, 0.197857961059, 0.0245823673904, 0.022275229916, 0.0163991227746, 0.0264614690095, 0.00874133966863, 0.00672822026536, 0.00900267623365, 0.0190045814961, 0.00528391124681, 0.00671219266951, 0.00468289945275, 0.0106036858633, 0.00274321530014, 0.00193275685888, 0.00302160414867, 0.00245656585321, 0.00163388170768, 0.0011242426699, 0.000591028248891, 0.000612915609963, 0.000124984580907, 0.000182236602996], "mean": [0.000142422853969, 0.00436672801152, 0.00202881032601, 0.00171508674975, 0.0119282025844, 0.00334914424457, 0.00144651345909, 0.00104203098454, 0.000794167222921, 0.000776125001721, 0.000465122138849, 0.000309096649289, 0.000302720785839, 0.000154465451487, 0.000148086517584, 7.80213813414e-05, 9.0838460892e-05, 5.52359815629e-05, 4.66538476758e-05, 5.68616851524e-05, 5.21349029441e-05, 4.87147408421e-05, 3.43225838151e-05, 1.97613699129e-05, 1.38188615892e-05, 5.48867592443e-06, 4.45131045126e-05], "median": [3.92919355363e-06, 0.000835203391034, 0.000282637542114, 0.000299443490803, 0.00929442979395, 0.00233239866793, 0.000676603172906, 0.000118599498819, 0.000123803998576, 0.000388724176446, 0.000146425445564, 0.000118663061585, 1.61835450854e-05, 8.81356845639e-06, 5.58129977435e-06, 2.75514230452e-06, 2.67538416665e-06, 1.00350723642e-06, 1.05459378119e-06, 1.02278681879e-06, 1.18804780413e-06, 6.55670135075e-07, 4.37539995346e-07, 3.22129807273e-07, 2.75169668384e-07, 5.26824862845e-07, 4.57837995782e-05], "min": [1.53425036808e-23, 2.76709749466e-23, 1.84936732533e-23, 2.24095377661e-23, 7.47976958185e-23, 5.48474981888e-23, 2.69142995663e-23, 5.33525602306e-24, 6.51586170394e-23, 6.63804931618e-23, 1.98688313605e-23, 2.82147197292e-22, 8.6214419005e-23, 9.07630540934e-23, 5.81152945352e-23, 2.69755719706e-22, 1.28403533253e-22, 2.24342448896e-22, 2.50469976461e-22, 1.83808680371e-22, 4.9799155689e-22, 4.31487174701e-22, 4.1651772492e-22, 7.89220878229e-22, 1.47309689252e-21, 1.49503293073e-21, 2.72465579346e-21], "var": [1.62473583032e-07, 0.000202661627554, 2.68651765509e-05, 1.09060711111e-05, 0.000159960633027, 1.01109626485e-05, 3.33671550834e-06, 4.96814436701e-06, 5.13083114129e-06, 9.80030449682e-07, 6.94305299476e-07, 3.21933157466e-07, 1.1900580148e-06, 1.49259861359e-07, 2.0696185743e-07, 8.58014246319e-08, 1.69547789142e-07, 3.93918284658e-08, 1.88872153473e-08, 3.38899894814e-08, 2.85295129743e-08, 2.48573943651e-08, 1.16624931934e-08, 3.04133629392e-09, 1.32167432554e-09, 1.08378611641e-10, 1.09817321903e-09]}, "erbbands": {"dmean": [0.106351792812, 1.1442565918, 2.32908535004, 2.14066195488, 6.6829419136, 15.6791133881, 9.07371330261, 7.64985704422, 8.61313724518, 5.58388328552, 4.29120349884, 7.16458320618, 8.96932220459, 4.29360151291, 8.5212469101, 10.1977472305, 12.0233688354, 5.43752574921, 3.41359210014, 7.94906520844, 4.3602399826, 4.2360253334, 4.38400220871, 2.16087651253, 1.87133848667, 2.24013376236, 2.32221245766, 1.33885121346, 1.47718393803, 1.25188314915, 0.690630316734, 0.381500333548, 0.264706343412, 0.115630500019, 0.0675886422396, 0.0192093718797, 0.00575159862638, 0.00194880005438, 0.00099063385278, 0.000171543375473], "dmean2": [0.175827980042, 2.07667684555, 4.21019554138, 3.68796277046, 11.4412441254, 24.9126663208, 13.8808069229, 11.0820598602, 11.1747016907, 8.24140453339, 6.59254789352, 10.6266670227, 12.2778072357, 6.84952926636, 11.6748075485, 16.1327648163, 18.686580658, 8.19314956665, 5.42083454132, 12.4271497726, 7.37101268768, 7.15316534042, 7.20529842377, 3.62985539436, 3.05055093765, 3.85073065758, 3.95273256302, 1.99649107456, 2.18996334076, 1.79882788658, 0.9861561656, 0.564062416553, 0.385124266148, 0.148240223527, 0.091769091785, 0.025714373216, 0.00741899292916, 0.0026799547486, 0.00153668236453, 0.000290769385174], "dvar": [0.124884821475, 19.7658157349, 74.4412384033, 31.4396781921, 1026.17138672, 1558.92883301, 179.654342651, 154.711135864, 304.872528076, 316.843719482, 185.019515991, 1039.05297852, 327.215637207, 116.928833008, 451.208740234, 837.157958984, 2238.13867188, 207.137771606, 129.352035522, 804.724609375, 302.360443115, 507.42276001, 316.478363037, 61.6201438904, 39.7215003967, 64.9938583374, 115.154182434, 20.1152534485, 26.8489303589, 16.3106098175, 3.8428850174, 1.25394940376, 0.525884568691, 0.0958968251944, 0.0766917765141, 0.00226209801622, 0.000140172720421, 1.09998318294e-05, 1.35850461902e-06, 4.63340086299e-08], "dvar2": [0.317484170198, 55.3570976257, 211.795516968, 79.8423309326, 2734.12353516, 3982.16650391, 420.45980835, 332.004302979, 578.967285156, 718.315795898, 467.451568604, 2280.47753906, 816.19909668, 298.327758789, 881.018127441, 2258.94799805, 4970.49560547, 474.59777832, 323.193115234, 1984.1159668, 840.270019531, 1413.92480469, 816.321105957, 169.783905029, 104.966888428, 181.322174072, 330.162017822, 51.1099128723, 64.5993499756, 35.3253669739, 7.90684509277, 2.88409590721, 1.19123589993, 0.184019744396, 0.18665497005, 0.00515764066949, 0.00025937097962, 2.08073706744e-05, 3.26221561409e-06, 1.26424879454e-07], "max": [3.52821469307, 47.1086463928, 84.150642395, 108.330680847, 514.59552002, 676.469421387, 232.944564819, 243.208328247, 293.497741699, 416.838226318, 223.972869873, 642.999084473, 338.246307373, 144.973373413, 359.383666992, 420.726531982, 924.137634277, 283.489501953, 181.389343262, 465.660766602, 236.598999023, 455.015106201, 251.160705566, 112.912277222, 85.006729126, 173.052139282, 156.252548218, 61.6362915039, 54.7504310608, 58.6773796082, 26.4589920044, 15.5233564377, 8.5996723175, 7.72209739685, 7.93161058426, 0.986821174622, 0.179698646069, 0.0670799314976, 0.0229648221284, 0.00329524208792], "mean": [0.107466183603, 1.02910482883, 2.53473925591, 3.86415433884, 10.6334381104, 48.7873497009, 39.5553436279, 33.8976135254, 38.3328323364, 21.1543540955, 12.4067935944, 22.3844909668, 29.5253276825, 7.45825624466, 23.5827636719, 16.2939720154, 16.0317802429, 8.90662479401, 4.98062086105, 8.92390441895, 4.52074289322, 4.07631969452, 3.87869930267, 2.4185795784, 2.37412118912, 2.93174409866, 2.47761106491, 1.72064495087, 1.80285859108, 1.46972107887, 0.861235678196, 0.460784673691, 0.314071178436, 0.169064372778, 0.095071002841, 0.0279483683407, 0.00907927099615, 0.00635916925967, 0.00584724498913, 0.000900175189599], "median": [0.0142562370747, 0.195331931114, 0.324981480837, 0.809008896351, 2.97418808937, 38.3620376587, 33.8168716431, 25.1420783997, 18.5639324188, 4.48164606094, 2.87060618401, 4.14677000046, 15.0382385254, 2.89700198174, 7.49005651474, 6.29251909256, 1.57240915298, 0.686004400253, 0.43111115694, 0.215494796634, 0.148218750954, 0.144609391689, 0.0736856535077, 0.056898586452, 0.0512523911893, 0.0512047596276, 0.0531912855804, 0.0359419211745, 0.0250263139606, 0.0197383072227, 0.0118686715141, 0.00748389493674, 0.00507663283497, 0.00369083392434, 0.00167886202689, 0.000665820029099, 0.000922114297282, 0.00544405402616, 0.00606431392953, 0.000943488441408], "min": [6.36488824172e-22, 6.75290380367e-21, 2.46326970873e-20, 4.11353428954e-20, 1.1117701636e-19, 2.25013289142e-19, 4.95492612351e-19, 4.51922321151e-19, 5.86501039597e-19, 1.56321173772e-19, 2.04536277982e-19, 1.60915166873e-18, 2.065519e-18, 1.43509280872e-18, 1.77032491595e-18, 1.28867559508e-17, 5.21900508504e-18, 5.54231276336e-18, 2.20444687901e-18, 7.96330332581e-18, 1.23164223631e-17, 8.06082378413e-18, 1.19686359289e-17, 1.02499299783e-17, 1.25917767269e-17, 1.10274905074e-17, 2.16086939134e-17, 1.4782311462e-17, 1.46344529275e-17, 1.38186824443e-17, 1.31107473617e-17, 1.49332735782e-17, 1.37829027469e-17, 1.6960901709e-17, 1.0276336065e-17, 5.62119932401e-18, 2.84116047012e-18, 1.31917378562e-18, 3.79478980477e-19, 4.28820413876e-20], "var": [0.107619836926, 12.4255409241, 49.172164917, 50.3117294312, 833.510986328, 2156.05957031, 775.351623535, 887.040405273, 2219.97363281, 1766.13122559, 469.681732178, 3672.14086914, 1358.90087891, 168.383255005, 1891.55322266, 819.863952637, 2945.09326172, 442.451782227, 153.566055298, 834.299194336, 214.110900879, 331.661224365, 249.446014404, 50.7650108337, 46.4149208069, 89.7149353027, 80.9052276611, 24.9948482513, 34.8562011719, 24.3516521454, 6.5513753891, 1.75701248646, 0.738431572914, 0.199621856213, 0.107996471226, 0.00362419057637, 0.000291016418487, 3.73870061594e-05, 1.87801597349e-05, 4.3463924726e-07]}, "gfcc": {"mean": [-120.795341492, 152.839691162, -58.3786277771, -45.106010437, -50.8536758423, -20.645866394, -26.5930728912, -31.8267555237, -24.3475456238, -15.5143346786, -1.8626781702, 1.13144171238, 4.78341436386], "cov": [[24655.4238281, -7208.57763672, -1705.05371094, 6627.9609375, 1135.98632812, 1820.43969727, 758.235046387, 2023.28662109, 1098.15856934, 1184.11853027, -340.070159912, -243.842132568, -655.88067627], [-7208.57763672, 3640.79980469, 274.180084229, -2729.79370117, 71.4375305176, -511.981445312, -352.120819092, -667.845275879, -279.897247314, -446.693634033, 54.7448806763, -25.9204826355, 145.502853394], [-1705.05371094, 274.180084229, 1620.40197754, -320.498809814, 47.2302398682, 207.583297729, 348.468688965, -63.3135566711, -23.8414535522, 34.5426750183, 112.5753479, 115.526496887, 79.0173416138], [6627.9609375, -2729.79370117, -320.498809814, 2726.41967773, 164.274993896, 626.106262207, 308.45501709, 686.398925781, 249.214294434, 347.964233398, -138.637588501, -50.3409996033, -169.786026001], [1135.98632812, 71.4375305176, 47.2302398682, 164.274993896, 459.374847412, 127.242652893, 112.049972534, 119.423469543, 96.3570404053, 21.0424308777, -22.0156497955, -28.1405563354, -38.9435195923], [1820.43969727, -511.981445312, 207.583297729, 626.106262207, 127.242652893, 492.523223877, 93.9457321167, 243.124588013, 57.6983757019, 98.9033432007, -69.743270874, 28.9698066711, -31.4016494751], [758.235046387, -352.120819092, 348.468688965, 308.45501709, 112.049972534, 93.9457321167, 330.274108887, 55.328502655, 34.328704834, 43.215587616, 56.3179092407, 41.7728309631, 29.1462116241], [2023.28662109, -667.845275879, -63.3135566711, 686.398925781, 119.423469543, 243.124588013, 55.328502655, 301.130004883, 123.343063354, 130.830154419, -62.6617584229, -31.2413330078, -79.6269683838], [1098.15856934, -279.897247314, -23.8414535522, 249.214294434, 96.3570404053, 57.6983757019, 34.328704834, 123.343063354, 170.473602295, 107.738670349, -9.39251899719, -52.1169586182, -63.9870605469], [1184.11853027, -446.693634033, 34.5426750183, 347.964233398, 21.0424308777, 98.9033432007, 43.215587616, 130.830154419, 107.738670349, 203.848861694, 42.2981987, -34.8097991943, -77.1243896484], [-340.070159912, 54.7448806763, 112.5753479, -138.637588501, -22.0156497955, -69.743270874, 56.3179092407, -62.6617584229, -9.39251899719, 42.2981987, 125.556625366, 58.0125083923, 15.5390815735], [-243.842132568, -25.9204826355, 115.526496887, -50.3409996033, -28.1405563354, 28.9698066711, 41.7728309631, -31.2413330078, -52.1169586182, -34.8097991943, 58.0125083923, 132.619674683, 73.1310806274], [-655.88067627, 145.502853394, 79.0173416138, -169.786026001, -38.9435195923, -31.4016494751, 29.1462116241, -79.6269683838, -63.9870605469, -77.1243896484, 15.5390815735, 73.1310806274, 106.792861938]], "icov": [[0.000262350571575, 0.000302306376398, 0.000324737746269, -6.40513098915e-05, -0.000404923921451, -0.00045272911666, -0.000268658623099, 6.59639117657e-05, -0.00043102807831, -0.000208175959415, 9.41342950682e-05, -0.000113082700409, 0.000354124902515], [0.000302306376398, 0.0020839732606, 0.000293987191981, 0.00147828471381, -0.00140909431502, -0.00135653000325, 0.000419494870584, 0.000155092086061, 9.30066162255e-05, 0.00147551496048, -0.00130968785379, 0.00210763863288, 0.0001070500075], [0.000324737746269, 0.000293987191981, 0.00159733893815, 0.000392008194467, -0.000169434657437, -0.00139501492959, -0.00196858914569, 0.000333338481141, -0.000553186691832, -0.000930885667913, 0.000511721358635, -0.000732156739105, 0.000772240106016], [-6.40513098915e-05, 0.00147828471381, 0.000392008194467, 0.00273893517442, -0.000253486970905, -0.0010146201821, -0.000953686248977, -0.0017552736681, 0.00104263611138, 0.000478997069877, 0.000105162558611, 0.00123188667931, 0.000329458765918], [-0.000404923921451, -0.00140909431502, -0.000169434657437, -0.000253486970905, 0.00442771241069, 0.0001903319353, -0.00145765382331, -0.00153312785551, -0.00129580195062, 0.00138335372321, -0.00034838958527, -0.000259548978647, 0.000531682569999], [-0.00045272911666, -0.00135653000325, -0.00139501492959, -0.0010146201821, 0.0001903319353, 0.00660336064175, 0.000308269954985, -0.00219895737246, 0.00211655069143, -0.00323042576201, 0.00538308685645, -0.00475675100461, 0.000183509167982], [-0.000268658623099, 0.000419494870584, -0.00196858914569, -0.000953686248977, -0.00145765382331, 0.000308269954985, 0.00806234311312, -8.54255049489e-05, -0.000102665922896, 0.00305720488541, -0.00630958285183, 0.00415577134117, -0.00476760044694], [6.59639117657e-05, 0.000155092086061, 0.000333338481141, -0.0017552736681, -0.00153312785551, -0.00219895737246, -8.54255049489e-05, 0.015174228698, -0.00372087862343, -0.00425874395296, 0.00698122195899, -0.00516715832055, 0.00450597517192], [-0.00043102807831, 9.30066162255e-05, -0.000553186691832, 0.00104263611138, -0.00129580195062, 0.00211655069143, -0.000102665922896, -0.00372087862343, 0.0134214553982, -0.00445937365294, 0.00105938327033, 0.00226608826779, -0.000188210469787], [-0.000208175959415, 0.00147551496048, -0.000930885667913, 0.000478997069877, 0.00138335372321, -0.00323042576201, 0.00305720488541, -0.00425874395296, -0.00445937365294, 0.0202233437449, -0.0169382095337, 0.0103275412694, 0.00103170669172], [9.41342950682e-05, -0.00130968785379, 0.000511721358635, 0.000105162558611, -0.00034838958527, 0.00538308685645, -0.00630958285183, 0.00698122195899, 0.00105938327033, -0.0169382095337, 0.0320694372058, -0.0208953451365, 0.00857918709517], [-0.000113082700409, 0.00210763863288, -0.000732156739105, 0.00123188667931, -0.000259548978647, -0.00475675100461, 0.00415577134117, -0.00516715832055, 0.00226608826779, 0.0103275412694, -0.0208953451365, 0.0283946022391, -0.0151339843869], [0.000354124902515, 0.0001070500075, 0.000772240106016, 0.000329458765918, 0.000531682569999, 0.000183509167982, -0.00476760044694, 0.00450597517192, -0.000188210469787, 0.00103170669172, 0.00857918709517, -0.0151339843869, 0.0260017961264]]}, "melbands": {"dmean": [0.0011180624133, 0.00136242120061, 0.000468372250907, 0.000813670339994, 0.000455026252894, 0.000175240973476, 0.000117476942251, 6.36003460386e-05, 4.20172036684e-05, 4.01433717343e-05, 4.37504677393e-05, 1.60356012202e-05, 2.33593673329e-05, 2.67530485871e-05, 2.93003013212e-05, 1.69997783814e-05, 1.0836139154e-05, 5.04988747707e-06, 8.65760830493e-06, 9.57347947406e-06, 4.39013183495e-06, 3.73383636543e-06, 6.26641758572e-06, 2.26912538892e-06, 1.80769370672e-06, 1.33238631861e-06, 1.51124436343e-06, 1.58428065333e-06, 1.52144752974e-06, 1.07330106403e-06, 7.01003955328e-07, 8.45664317239e-07, 7.84728570125e-07, 6.98896656104e-07, 4.20364671072e-07, 3.0999862588e-07, 2.10065593365e-07, 2.16222346694e-07, 1.18846330111e-07, 9.43575315659e-08], "dmean2": [0.00191379734315, 0.00247501791455, 0.00080654618796, 0.00133028696291, 0.000690390064847, 0.000245323462877, 0.000153171844431, 9.27631263039e-05, 6.47732158541e-05, 5.97934849793e-05, 5.99117483944e-05, 2.6043937396e-05, 3.2528576412e-05, 4.08512714785e-05, 4.6070676035e-05, 2.69936244877e-05, 1.61579446285e-05, 8.14402119431e-06, 1.37697970786e-05, 1.54945937538e-05, 7.35521371098e-06, 6.19249749434e-06, 1.07065789052e-05, 3.63674894288e-06, 3.09040501634e-06, 2.15747286347e-06, 2.54684960055e-06, 2.74013450507e-06, 2.6265518045e-06, 1.77928120593e-06, 1.04784953692e-06, 1.25341819057e-06, 1.16236094527e-06, 1.02648039046e-06, 6.0797850665e-07, 4.56232868373e-07, 3.18444023151e-07, 3.30966940965e-07, 1.55017460202e-07, 1.2535274152e-07], "dvar": [1.57953309099e-05, 2.65314065473e-05, 2.16591502067e-06, 9.33702358452e-06, 4.86696649205e-07, 8.4354113028e-08, 5.96575091549e-08, 3.87233960453e-08, 2.5512228774e-08, 3.04610026092e-08, 7.88585641232e-09, 1.77313619343e-09, 3.10304004714e-09, 5.01364061378e-09, 9.84387860115e-09, 4.22190549187e-09, 8.4591111893e-10, 2.56052290482e-10, 1.0961793695e-09, 1.06519626453e-09, 2.94883978347e-10, 2.986774994e-10, 1.21746412951e-09, 5.14366153836e-11, 5.03756515668e-11, 1.76979698258e-11, 2.89031212158e-11, 3.64375439543e-11, 5.42044603646e-11, 1.56833730031e-11, 5.19042838223e-12, 8.51612877439e-12, 7.42182357238e-12, 4.98250746217e-12, 1.46212892054e-12, 8.22216155837e-13, 3.9305269651e-13, 3.72082654401e-13, 9.77573531564e-14, 8.87950601719e-14], "dvar2": [4.18984564021e-05, 7.48031816329e-05, 5.81875883654e-06, 2.40979516093e-05, 1.13663247703e-06, 1.70143053424e-07, 1.1644987552e-07, 8.32512085935e-08, 6.40365840354e-08, 6.70983126838e-08, 1.96481959591e-08, 4.5224939349e-09, 6.11644690451e-09, 1.33214186349e-08, 2.28094361177e-08, 9.74677138998e-09, 1.85466275671e-09, 6.51869225266e-10, 2.72418376746e-09, 2.7685183035e-09, 8.16818279681e-10, 8.20765899689e-10, 3.38254979582e-09, 1.21713569778e-10, 1.40821049266e-10, 4.59878246595e-11, 8.03432181895e-11, 1.02568571692e-10, 1.55618240516e-10, 4.35281567734e-11, 1.27281466616e-11, 2.0002654047e-11, 1.78529951239e-11, 1.073302211e-11, 3.09137372818e-12, 1.82079178124e-12, 9.44497843651e-13, 9.04622080369e-13, 1.84441342949e-13, 1.83255876294e-13], "max": [0.0431342236698, 0.0504498891532, 0.0200463719666, 0.0504111982882, 0.0118382582441, 0.00571221951395, 0.00392059236765, 0.00375510496087, 0.00308775319718, 0.00345931644551, 0.00167677528225, 0.000573252153117, 0.000921206083149, 0.00095291348407, 0.0018104868941, 0.00116282538511, 0.00064688018756, 0.000242598747718, 0.000535476312507, 0.000357692304533, 0.000241309491685, 0.00033806663123, 0.000683476333506, 9.20543097891e-05, 0.000105166349385, 5.34237551619e-05, 7.16462745913e-05, 0.000150271633174, 0.000105984516267, 4.94340711157e-05, 2.99905223073e-05, 3.23844869854e-05, 3.49786532752e-05, 3.19919854519e-05, 1.54521912918e-05, 1.18025700431e-05, 9.18841578823e-06, 6.25611119176e-06, 4.37606377091e-06, 9.95110440272e-06], "mean": [0.00109284708742, 0.00138170225546, 0.000864869856741, 0.00189137435518, 0.00197532074526, 0.000777279492468, 0.000510383571964, 0.000242519847234, 0.000112754729344, 0.000125396647491, 0.000141180731589, 2.26198644668e-05, 6.16194156464e-05, 5.40132532478e-05, 4.03584381274e-05, 2.12567738345e-05, 1.78444006451e-05, 7.26812913854e-06, 9.80014283414e-06, 1.01753666968e-05, 4.6840145842e-06, 3.97534586227e-06, 5.04610534335e-06, 2.31272952078e-06, 1.92571474145e-06, 1.64800985658e-06, 1.7718032268e-06, 2.01757643481e-06, 1.49643574332e-06, 1.28042438519e-06, 9.08932065613e-07, 1.03680213215e-06, 9.0558279453e-07, 7.96246865775e-07, 5.22104983247e-07, 3.682625902e-07, 2.45455481718e-07, 2.40458376766e-07, 1.62572860063e-07, 1.36120192451e-07], "median": [0.000196124063223, 0.000223181108595, 0.000187738682143, 0.00133687781636, 0.00167797401082, 0.000536378240213, 0.000240207737079, 3.30067632603e-05, 2.35195839196e-05, 2.81850207102e-05, 7.03977202647e-05, 4.91159880767e-06, 1.9330305804e-05, 2.53674043051e-05, 7.84979420132e-06, 1.10026689981e-06, 1.00241288692e-06, 6.79320692143e-07, 3.24886713088e-07, 2.78298642797e-07, 1.34360064408e-07, 1.48059399407e-07, 8.02347059903e-08, 4.66855318848e-08, 3.78393920641e-08, 3.455464892e-08, 3.37657475313e-08, 3.39788286396e-08, 2.86295396279e-08, 2.88842940677e-08, 1.57398769574e-08, 1.37043123516e-08, 1.19010561406e-08, 9.9015249333e-09, 6.79533318504e-09, 5.22609733267e-09, 4.10321554511e-09, 3.41119266167e-09, 3.27946225731e-09, 2.93666246876e-09], "min": [7.4381055776e-24, 1.18536361654e-23, 1.0403843928e-23, 9.28690918293e-24, 1.75778972502e-23, 1.03966368948e-23, 8.46454929936e-24, 1.42589921834e-24, 1.85854110713e-24, 1.10028552012e-23, 1.08017232805e-23, 6.36360523834e-24, 3.67144503317e-24, 2.21436774415e-23, 3.03897209476e-23, 7.29507957345e-24, 1.03127604702e-23, 2.40211064425e-24, 5.78774742715e-24, 1.86773153389e-23, 1.22178532454e-23, 7.03835820248e-24, 1.19226315179e-23, 9.08107959553e-24, 8.24448077263e-24, 1.01515283452e-23, 8.03990074092e-24, 6.51393215016e-24, 1.21108340084e-23, 1.29292543206e-23, 7.24065290416e-24, 7.87016469539e-24, 8.44921226564e-24, 7.16599353037e-24, 7.43872798885e-24, 8.07908740638e-24, 9.41513142332e-24, 8.82900777074e-24, 1.19545732848e-23, 1.46457975066e-23], "var": [1.19215219456e-05, 1.69862541952e-05, 2.72610577667e-06, 8.39477706904e-06, 2.05159835787e-06, 5.47502963855e-07, 4.054758449e-07, 2.69767696182e-07, 5.32749950821e-08, 1.06764517227e-07, 3.28973044361e-08, 2.44559816842e-09, 1.27044783582e-08, 6.76878331163e-09, 1.18738476829e-08, 5.23522913909e-09, 2.03381445019e-09, 2.99904073797e-10, 1.07791664483e-09, 9.82948278327e-10, 2.25180846192e-10, 2.17539791736e-10, 7.74615371846e-10, 5.41119302144e-11, 3.81124853899e-11, 2.05415875282e-11, 2.98692459655e-11, 5.05425701292e-11, 3.57058480005e-11, 1.44122474371e-11, 7.34276008052e-12, 1.17350140022e-11, 9.49822338836e-12, 7.25260953724e-12, 2.4246483727e-12, 1.24610673342e-12, 5.02609835262e-13, 4.48003288113e-13, 1.88845561909e-13, 1.67951251322e-13]}, "mfcc": {"mean": [-776.643005371, 192.831451416, 35.8737564087, -5.24006032944, -16.7015705109, -1.90892076492, -7.05926990509, -14.1190576553, -18.4533691406, -19.8573226929, -17.9309368134, -8.86893749237, -3.81267976761], "cov": [[16205.8730469, -3313.3269043, -1591.07006836, 2755.78222656, 1881.6965332, 1267.74719238, 549.156555176, 1181.51843262, 1352.86535645, 1513.0357666, 1108.08972168, 636.063293457, 395.172607422], [-3313.3269043, 2822.19213867, 421.973999023, -947.764770508, -162.219528198, -92.9434661865, 51.2912521362, -155.644195557, -139.114212036, -221.783233643, -119.617431641, -24.1329441071, 5.58818054199], [-1591.07006836, 421.973999023, 1015.74615479, -135.952514648, -112.6927948, 130.86164856, 183.854293823, 58.751411438, -14.368555069, -73.6748428345, 5.02658462524, 18.4523067474, 17.5815105438], [2755.78222656, -947.764770508, -135.952514648, 1022.63134766, 489.270263672, 338.115844727, 260.927520752, 334.257019043, 344.175933838, 372.564880371, 251.109069824, 161.661010742, 114.282402039], [1881.6965332, -162.219528198, -112.6927948, 489.270263672, 607.904602051, 334.627288818, 184.652069092, 287.564849854, 322.448242188, 288.365814209, 214.423202515, 124.948066711, 90.7502059937], [1267.74719238, -92.9434661865, 130.86164856, 338.115844727, 334.627288818, 360.682159424, 249.768615723, 236.081207275, 226.190734863, 178.063690186, 125.6095047, 91.5019836426, 75.7829742432], [549.156555176, 51.2912521362, 183.854293823, 260.927520752, 184.652069092, 249.768615723, 298.069122314, 205.051849365, 141.484039307, 94.5963973999, 60.3295059204, 61.1266479492, 66.0193939209], [1181.51843262, -155.644195557, 58.751411438, 334.257019043, 287.564849854, 236.081207275, 205.051849365, 289.887939453, 232.662246704, 141.996124268, 77.7541275024, 63.3019180298, 67.2000350952], [1352.86535645, -139.114212036, -14.368555069, 344.175933838, 322.448242188, 226.190734863, 141.484039307, 232.662246704, 290.662567139, 220.754898071, 131.48336792, 76.3987426758, 51.7655487061], [1513.0357666, -221.783233643, -73.6748428345, 372.564880371, 288.365814209, 178.063690186, 94.5963973999, 141.996124268, 220.754898071, 315.832061768, 240.315353394, 100.10861969, 35.880531311], [1108.08972168, -119.617431641, 5.02658462524, 251.109069824, 214.423202515, 125.6095047, 60.3295059204, 77.7541275024, 131.48336792, 240.315353394, 264.590423584, 131.606216431, 33.2265434265], [636.063293457, -24.1329441071, 18.4523067474, 161.661010742, 124.948066711, 91.5019836426, 61.1266479492, 63.3019180298, 76.3987426758, 100.10861969, 131.606216431, 140.269622803, 72.9088363647], [395.172607422, 5.58818054199, 17.5815105438, 114.282402039, 90.7502059937, 75.7829742432, 66.0193939209, 67.2000350952, 51.7655487061, 35.880531311, 33.2265434265, 72.9088363647, 112.134880066]], "icov": [[0.000277335726423, 0.000128465311718, 0.000457430112874, -9.26603897824e-05, 0.000339011516189, -0.000844467955176, 0.000513187143952, -0.000712694483809, -4.14435417042e-05, -0.000180564078619, -0.000595884339418, 2.61475397565e-05, -0.000303256529151], [0.000128465311718, 0.000890076451469, 3.8996218791e-05, 0.00125364598352, -0.000613233190961, 0.000557812280022, -0.00132975855377, 0.000576514750719, -0.000708300038241, -0.00048024544958, 0.000183500218554, -0.000614168064203, -0.000398542935727], [0.000457430112874, 3.8996218791e-05, 0.00235633947887, -0.000129385589389, 0.00182878982741, -0.00260084588081, 0.000326184061123, -0.00150893128011, -0.000725234334823, 0.00168951356318, -0.00331496121362, 0.0010901367059, -0.000794000225142], [-9.26603897824e-05, 0.00125364598352, -0.000129385589389, 0.00452168239281, -0.0016915188171, 0.00189776753541, -0.00326929264702, 7.99303234089e-05, -6.81394449202e-05, -0.00357772223651, 0.00233509275131, -0.00230510090478, -0.00037755491212], [0.000339011516189, -0.000613233190961, 0.00182878982741, -0.0016915188171, 0.0078067719005, -0.00605001300573, 0.00393956620246, -0.00365055329166, -0.00228429678828, 0.00203764927574, -0.00518339499831, 0.00259837741032, -0.00183898478281], [-0.000844467955176, 0.000557812280022, -0.00260084588081, 0.00189776753541, -0.00605001300573, 0.0167858079076, -0.0104046221823, 0.00425917189568, -0.00337116094306, -0.000879124971107, 0.00348974578083, -0.0020264966879, 0.000668314867653], [0.000513187143952, -0.00132975855377, 0.000326184061123, -0.00326929264702, 0.00393956620246, -0.0104046221823, 0.0161046031862, -0.00973509345204, 0.00585264060646, -0.00147118675523, -0.000408497056924, 0.000397498632083, -0.000634110649116], [-0.000712694483809, 0.000576514750719, -0.00150893128011, 7.99303234089e-05, -0.00365055329166, 0.00425917189568, -0.00973509345204, 0.0214916151017, -0.013503276743, 0.00647911289707, 0.000138659670483, 0.00184013030957, -0.00151107867714], [-4.14435417042e-05, -0.000708300038241, -0.000725234334823, -6.81394449202e-05, -0.00228429678828, -0.00337116094306, 0.00585264060646, -0.013503276743, 0.024853842333, -0.0164606180042, 0.0112570440397, -0.00622848886997, 0.00364565686323], [-0.000180564078619, -0.00048024544958, 0.00168951356318, -0.00357772223651, 0.00203764927574, -0.000879124971107, -0.00147118675523, 0.00647911289707, -0.0164606180042, 0.0318209603429, -0.0259696058929, 0.013733423315, -0.00384739972651], [-0.000595884339418, 0.000183500218554, -0.00331496121362, 0.00233509275131, -0.00518339499831, 0.00348974578083, -0.000408497056924, 0.000138659670483, 0.0112570440397, -0.0259696058929, 0.0345177799463, -0.0219113156199, 0.00935617461801], [2.61475397565e-05, -0.000614168064203, 0.0010901367059, -0.00230510090478, 0.00259837741032, -0.0020264966879, 0.000397498632083, 0.00184013030957, -0.00622848886997, 0.013733423315, -0.0219113156199, 0.0286407694221, -0.0136017668992], [-0.000303256529151, -0.000398542935727, -0.000794000225142, -0.00037755491212, -0.00183898478281, 0.000668314867653, -0.000634110649116, -0.00151107867714, 0.00364565686323, -0.00384739972651, 0.00935617461801, -0.0136017668992, 0.0184506904334]]}, "spectral_contrast_coeffs": {"dmean": [0.0397416092455, 0.0494926273823, 0.0457916036248, 0.0319255515933, 0.0231961719692, 0.0194649007171], "dmean2": [0.0610278956592, 0.0751769170165, 0.0694666653872, 0.0484456159174, 0.0356945209205, 0.0314994230866], "dvar": [0.00151159160305, 0.00330195156857, 0.0025601615198, 0.00096034433227, 0.000551051052753, 0.000600322324317], "dvar2": [0.00312249595299, 0.00657447706908, 0.00523250363767, 0.00206055236049, 0.00119728140999, 0.00136520329397], "max": [-0.169310867786, -0.318014979362, -0.385990560055, -0.53882920742, -0.62767136097, -0.642516076565], "mean": [-0.484508931637, -0.559370160103, -0.64707660675, -0.740526735783, -0.829826056957, -0.832764387131], "median": [-0.516536235809, -0.56453615427, -0.642233014107, -0.744479000568, -0.837065339088, -0.826177954674], "min": [-0.958303928375, -0.961672067642, -0.965372443199, -0.990654885769, -0.978885710239, -0.966260015965], "var": [0.015922838822, 0.0116434907541, 0.00671895360574, 0.00495991017669, 0.00302206701599, 0.00472552655265]}, "spectral_contrast_valleys": {"dmean": [0.524943828583, 0.537315428257, 0.550259590149, 0.557891607285, 0.492984741926, 0.529141128063], "dmean2": [0.744603335857, 0.80760216713, 0.813527107239, 0.804236471653, 0.682492792606, 0.705079317093], "dvar": [0.383574604988, 0.506948292255, 0.508829295635, 0.581282317638, 0.518193244934, 0.485610097647], "dvar2": [0.584191799164, 0.86810874939, 0.868244409561, 1.01567578316, 0.959361553192, 1.0429803133], "max": [-4.62384748459, -4.99063205719