{"lowlevel": {"average_loudness": 0.905386209488, "barkbands_crest": {"dmean": 2.03723311424, "dmean2": 3.22297358513, "dvar": 4.28920936584, "dvar2": 9.51691627502, "max": 25.2466011047, "mean": 11.6137571335, "median": 10.8129653931, "min": 4.60796070099, "var": 16.7019519806}, "barkbands_flatness_db": {"dmean": 0.0233732871711, "dmean2": 0.0391316860914, "dvar": 0.000439432798885, "dvar2": 0.0010875063017, "max": 0.539155185223, "mean": 0.329493671656, "median": 0.323189854622, "min": 0.0727074146271, "var": 0.00259160017595}, "barkbands_kurtosis": {"dmean": 1.87678933144, "dmean2": 2.87282419205, "dvar": 12.5886001587, "dvar2": 24.7314224243, "max": 118.650695801, "mean": 4.94183921814, "median": 2.7902431488, "min": -1.2894346714, "var": 80.7217559814}, "barkbands_skewness": {"dmean": 0.365984261036, "dmean2": 0.577066302299, "dvar": 0.145448148251, "dvar2": 0.326499402523, "max": 3.74164056778, "mean": 1.26432013512, "median": 1.27771008015, "min": -3.75470709801, "var": 0.628653526306}, "barkbands_spread": {"dmean": 1.36648464203, "dmean2": 2.12953901291, "dvar": 2.46988797188, "dvar2": 5.20471382141, "max": 30.7711658478, "mean": 6.39226293564, "median": 6.08295202255, "min": 0.486462116241, "var": 9.63003921509}, "dissonance": {"dmean": 0.0300785303116, "dmean2": 0.0500075034797, "dvar": 0.000836744788103, "dvar2": 0.00219705398194, "max": 0.497856676579, "mean": 0.396009504795, "median": 0.405967235565, "min": 0.216414913535, "var": 0.00325487251393}, "dynamic_complexity": 3.81854391098, "erbbands_crest": {"dmean": 2.45648050308, "dmean2": 3.7550368309, "dvar": 7.77810811996, "dvar2": 14.7973423004, "max": 32.8304977417, "mean": 13.8512439728, "median": 12.3690166473, "min": 3.30738139153, "var": 40.8989868164}, "erbbands_flatness_db": {"dmean": 0.0150262126699, "dmean2": 0.0228569116443, "dvar": 0.000276221166132, "dvar2": 0.000517431355547, "max": 0.500113546848, "mean": 0.359859228134, "median": 0.353645026684, "min": 0.104943364859, "var": 0.00177126307972}, "erbbands_kurtosis": {"dmean": 1.24349200726, "dmean2": 1.80293297768, "dvar": 8.41368770599, "dvar2": 15.895816803, "max": 77.9248962402, "mean": 2.76347398758, "median": 0.428573131561, "min": -1.56684660912, "var": 59.8009147644}, "erbbands_skewness": {"dmean": 0.292101770639, "dmean2": 0.432523548603, "dvar": 0.11470053345, "dvar2": 0.207219034433, "max": 4.87148571014, "mean": 0.789507567883, "median": 0.694715559483, "min": -4.34164857864, "var": 0.789259314537}, "erbbands_spread": {"dmean": 2.22283911705, "dmean2": 3.37803030014, "dvar": 5.77213191986, "dvar2": 11.7952919006, "max": 34.4704437256, "mean": 14.0283212662, "median": 14.0694150925, "min": 0.80369156599, "var": 39.0021362305}, "hfc": {"dmean": 5.64499998093, "dmean2": 7.76215410233, "dvar": 118.847793579, "dvar2": 226.899627686, "max": 226.019622803, "mean": 15.719294548, "median": 13.018404007, "min": 1.15256421642e-16, "var": 248.521743774}, "melbands_crest": {"dmean": 2.6132478714, "dmean2": 4.18769264221, "dvar": 7.34175109863, "dvar2": 16.5243320465, "max": 30.6707057953, "mean": 13.8855342865, "median": 12.833937645, "min": 2.09328699112, "var": 25.1977977753}, "melbands_flatness_db": {"dmean": 0.0243212133646, "dmean2": 0.039218198508, "dvar": 0.000596019963268, "dvar2": 0.00126939453185, "max": 0.644333183765, "mean": 0.411552399397, "median": 0.406935155392, "min": 0.00976217817515, "var": 0.00382712041028}, "melbands_kurtosis": {"dmean": 1.84167277813, "dmean2": 2.9150826931, "dvar": 5.8576874733, "dvar2": 13.8015422821, "max": 33.9280357361, "mean": 4.69789075851, "median": 3.68126487732, "min": -1.83666908741, "var": 18.7659873962}, "melbands_skewness": {"dmean": 0.3550799191, "dmean2": 0.553738296032, "dvar": 0.134138777852, "dvar2": 0.295889317989, "max": 4.44016551971, "mean": 1.27654838562, "median": 1.34466934204, "min": -2.9979801178, "var": 0.732260048389}, "melbands_spread": {"dmean": 2.03303742409, "dmean2": 3.13562822342, "dvar": 14.7227048874, "dvar2": 20.0521507263, "max": 122.577774048, "mean": 9.37689495087, "median": 8.84865856171, "min": 0.960027754307, "var": 28.3965702057}, "pitch_salience": {"dmean": 0.0560333691537, "dmean2": 0.090319275856, "dvar": 0.00328689161688, "dvar2": 0.00757203251123, "max": 0.915072739124, "mean": 0.552133083344, "median": 0.558151185513, "min": 0.137530475855, "var": 0.0107041643932}, "silence_rate_20dB": {"dmean": 0, "dmean2": 0, "dvar": 0, "dvar2": 0, "max": 1, "mean": 1, "median": 1, "min": 1, "var": 0}, "silence_rate_30dB": {"dmean": 0.00910273101181, "dmean2": 0.0182173065841, "dvar": 0.00901994481683, "dvar2": 0.0191866811365, "max": 1, "mean": 0.988953888416, "median": 1, "min": 0, "var": 0.0109241548926}, "silence_rate_60dB": {"dmean": 0.00130039011128, "dmean2": 0.00260247243568, "dvar": 0.00129867705982, "dvar2": 0.00259571475908, "max": 1, "mean": 0.0610786229372, "median": 0, "min": 0, "var": 0.0573481395841}, "spectral_centroid": {"dmean": 60.1397323608, "dmean2": 89.5622177124, "dvar": 82422.09375, "dvar2": 86105.6640625, "max": 11434.6123047, "mean": 578.550415039, "median": 559.358947754, "min": 323.387298584, "var": 95982.71875}, "spectral_complexity": {"dmean": 1.92587780952, "dmean2": 2.9902408123, "dvar": 3.73183774948, "dvar2": 8.35311126709, "max": 28, "mean": 13.8745937347, "median": 14, "min": 0, "var": 28.3773555756}, "spectral_decrease": {"dmean": 2.63517518917e-09, "dmean2": 3.79810494167e-09, "dvar": 1.44445471481e-17, "dvar2": 2.92945782325e-17, "max": 8.26799543408e-30, "mean": -7.51232409613e-09, "median": -6.67856170367e-09, "min": -6.46186393283e-08, "var": 3.20057818042e-17}, "spectral_energy": {"dmean": 0.0104467952624, "dmean2": 0.0150169283152, "dvar": 0.000233084560023, "dvar2": 0.000470589497127, "max": 0.264385610819, "mean": 0.0297790244222, "median": 0.0264749228954, "min": 1.04228885007e-20, "var": 0.000515537627507}, "spectral_energyband_high": {"dmean": 5.46981073057e-06, "dmean2": 7.78387675382e-06, "dvar": 2.00813046747e-10, "dvar2": 4.48831610766e-10, "max": 0.000276792037766, "mean": 8.59225474414e-06, "median": 2.64638674707e-06, "min": 7.2952709448e-21, "var": 3.42919054264e-10}, "spectral_energyband_low": {"dmean": 0.00139628676698, "dmean2": 0.00229203538038, "dvar": 4.75707656733e-06, "dvar2": 1.2196454918e-05, "max": 0.0229907929897, "mean": 0.00185879517812, "median": 0.000838428852148, "min": 1.60998022612e-23, "var": 7.51587776904e-06}, "spectral_energyband_middle_high": {"dmean": 0.00275727896951, "dmean2": 0.00354915880598, "dvar": 0.000122493351228, "dvar2": 0.000225121271797, "max": 0.250564843416, "mean": 0.00573645997792, "median": 0.00307008251548, "min": 1.77123239448e-21, "var": 0.00023389008129}, "spectral_energyband_middle_low": {"dmean": 0.00780039606616, "dmean2": 0.01165636722, "dvar": 9.24314881559e-05, "dvar2": 0.000207529141335, "max": 0.12458474189, "mean": 0.0229820236564, "median": 0.0211780201644, "min": 3.43265312951e-22, "var": 0.000210865502595}, "spectral_entropy": {"dmean": 0.20926220715, "dmean2": 0.333940327168, "dvar": 0.0566496253014, "dvar2": 0.123496636748, "max": 9.80219268799, "mean": 6.05559110641, "median": 6.12978887558, "min": 4.48767709732, "var": 0.2296756953}, "spectral_flux": {"dmean": 0.0322293154895, "dmean2": 0.0509312562644, "dvar": 0.00136225868482, "dvar2": 0.00353368371725, "max": 0.428814709187, "mean": 0.0652636811137, "median": 0.0575181469321, "min": 1.02092549692e-10, "var": 0.00203267182223}, "spectral_kurtosis": {"dmean": 22.7541980743, "dmean2": 40.1596298218, "dvar": 390.426879883, "dvar2": 1082.24328613, "max": 296.621337891, "mean": 48.3511657715, "median": 39.1588935852, "min": -1.20351040363, "var": 1709.14685059}, "spectral_rms": {"dmean": 0.000868192641065, "dmean2": 0.00124340923503, "dvar": 9.54189431468e-07, "dvar2": 1.96904784389e-06, "max": 0.016060423106, "mean": 0.00501403119415, "median": 0.00508224312216, "min": 3.18883548039e-12, "var": 3.91220464735e-06}, "spectral_rolloff": {"dmean": 99.531211853, "dmean2": 159.404006958, "dvar": 454333.65625, "dvar2": 473546.53125, "max": 19143.0175781, "mean": 740.648254395, "median": 667.529296875, "min": 344.53125, "var": 482119.375}, "spectral_skewness": {"dmean": 1.41219997406, "dmean2": 2.49729847908, "dvar": 1.27381169796, "dvar2": 3.57144761086, "max": 13.383854866, "mean": 4.25239801407, "median": 3.85383296013, "min": -0.0278356596828, "var": 4.57423639297}, "spectral_spread": {"dmean": 266197.5, "dmean2": 441711.125, "dvar": 1011804602370.0, "dvar2": 1031556235260.0, "max": 40705176, "mean": 1304759.875, "median": 1199668.125, "min": 264504.28125, "var": 1450307485700.0}, "spectral_strongpeak": {"dmean": 0.521405160427, "dmean2": 0.812476754189, "dvar": 0.605761170387, "dvar2": 1.23744130135, "max": 11.8387956619, "mean": 1.46850764751, "median": 1.20897269249, "min": 1.11690767746e-09, "var": 1.48306953907}, "zerocrossingrate": {"dmean": 0.00295476824977, "dmean2": 0.0036292290315, "dvar": 0.000287334725726, "dvar2": 0.000289884454105, "max": 0.51806640625, "mean": 0.0281289983541, "median": 0.02734375, "min": 0.01123046875, "var": 0.000328745634761}, "barkbands": {"dmean": [3.12072802444e-06, 0.000569804746192, 0.000833071244415, 0.00046696109348, 0.00293442490511, 0.00297512882389, 0.00120493210852, 0.00172887265217, 0.00072576769162, 0.00222312565893, 0.000190418533748, 0.000248703436228, 0.000241606961936, 0.000300635409076, 0.000190790102351, 5.85699235671e-05, 4.19364587287e-05, 2.85602145595e-05, 1.72526033566e-05, 7.46019532016e-06, 1.75594709617e-06, 2.59544805203e-07, 4.98380430258e-08, 3.71190767012e-09, 1.22797338964e-09, 1.12166842481e-09, 1.19385878961e-09], "dmean2": [5.39574466529e-06, 0.000961149460636, 0.00141677260399, 0.00076100131264, 0.00461322348565, 0.00457836966962, 0.00176558899693, 0.00258538336493, 0.000850284122862, 0.00274004414678, 0.000267782976152, 0.000361313781468, 0.000345706910593, 0.000420568278059, 0.000281363958493, 8.88482973096e-05, 6.22251391178e-05, 4.14541864302e-05, 2.51797409874e-05, 1.08718249976e-05, 2.54628139373e-06, 3.79212735879e-07, 6.81240450717e-08, 6.25646379149e-09, 2.21022422586e-09, 2.04165107043e-09, 2.17301687755e-09], "dvar": [2.60815171543e-11, 1.06249535747e-06, 1.9659175905e-06, 6.33290540009e-07, 1.5719440853e-05, 2.29056186072e-05, 5.93703043705e-06, 1.17094996313e-05, 3.25866267303e-06, 0.000119351090689, 1.36453309096e-07, 2.56996202097e-07, 2.44233888225e-07, 3.26938845774e-07, 1.41333401871e-07, 1.26584334126e-08, 6.56643361907e-09, 3.77973830012e-09, 1.69344915868e-09, 5.26804377898e-10, 2.89626326394e-11, 1.06973197661e-12, 1.48114064958e-13, 3.36970776362e-16, 2.51719187449e-18, 1.99112299609e-18, 2.26268515042e-18], "dvar2": [6.80033807043e-11, 2.6897398584e-06, 5.10863628733e-06, 1.56738917667e-06, 3.8569818571e-05, 5.35272338311e-05, 1.43041124829e-05, 2.37703934545e-05, 4.67599602416e-06, 0.000219277659198, 3.04089724068e-07, 5.02929822233e-07, 4.82373934574e-07, 7.02294926214e-07, 2.94628108577e-07, 2.9409681801e-08, 1.46296361692e-08, 9.16769060666e-09, 3.97953625608e-09, 1.26669685852e-09, 7.14457173978e-11, 2.47447960559e-12, 2.54461843307e-13, 8.18459137812e-16, 7.47235508865e-18, 6.131107368e-18, 6.96541414153e-18], "max": [4.71125313197e-05, 0.0146134272218, 0.0158648025244, 0.00862894020975, 0.0405194722116, 0.0594467893243, 0.0485442578793, 0.0747350081801, 0.0362309999764, 0.247216433287, 0.00533022265881, 0.0062669692561, 0.00825135223567, 0.00890062842518, 0.00602458463982, 0.00185771798715, 0.00103208259679, 0.00115377828479, 0.000697959272657, 0.000380035548005, 7.50914696255e-05, 2.28919543588e-05, 1.0871674931e-05, 4.55689161072e-07, 1.33011370806e-08, 1.03024566656e-08, 1.06330384497e-08], "mean": [2.69489237326e-06, 0.000748262624256, 0.000906361266971, 0.000678404874634, 0.00611080648378, 0.00670556118712, 0.00306307151914, 0.00352459680289, 0.00160235678777, 0.00392831210047, 0.000384874467272, 0.000493604748044, 0.000411502143834, 0.000561525928788, 0.000381755817216, 0.000106308507384, 6.99929587427e-05, 5.49921933271e-05, 3.12548436341e-05, 1.01315044958e-05, 2.31595618061e-06, 2.9893107012e-07, 5.97292597604e-08, 3.67135855051e-09, 1.16859433241e-09, 9.81322800797e-10, 1.03778741156e-09], "median": [8.41949258756e-07, 0.000248689495493, 0.000338833022397, 0.000235527550103, 0.00476282229647, 0.004664064385, 0.00201960653067, 0.0015123229241, 0.000409125408623, 0.000719044008292, 0.000208199286135, 0.000169250473846, 0.000171385676367, 0.000293393677566, 0.000202678987989, 4.81327369926e-05, 3.19481041515e-05, 2.57610900007e-05, 1.24669259094e-05, 2.79894015875e-06, 4.87124736992e-07, 5.42706537487e-08, 6.40625952286e-09, 1.09037257001e-09, 5.10968212186e-10, 3.97907262695e-10, 4.16931600355e-10], "min": [1.30368036721e-23, 8.34031080654e-24, 2.52934976674e-24, 2.64664805854e-23, 9.04483427684e-23, 4.80350342508e-23, 4.69534302191e-23, 4.08326079684e-23, 8.01465450982e-23, 9.54106628264e-23, 2.53926184346e-23, 2.6942499766e-23, 4.44647697006e-23, 1.19597838689e-22, 1.80929792451e-22, 2.60821447125e-22, 2.2869266969e-22, 1.59974579717e-22, 3.26119111943e-22, 5.29154465654e-22, 4.18184379753e-22, 3.95428481562e-22, 6.36017123216e-22, 7.06503372332e-22, 1.00184597851e-21, 1.58994827095e-21, 2.65717473837e-21], "var": [2.24632153156e-11, 2.48422634286e-06, 2.17538854486e-06, 1.11190240659e-06, 3.41476443282e-05, 5.0945316616e-05, 1.17505396702e-05, 2.84567668132e-05, 1.1737703062e-05, 0.000228142671403, 2.89819752197e-07, 7.09091864337e-07, 5.54560870114e-07, 6.81319193063e-07, 3.28883317025e-07, 2.56637306961e-08, 1.1557618862e-08, 7.44194883495e-09, 2.86868218069e-09, 5.96086013882e-10, 3.42443087775e-11, 1.22838729206e-12, 2.3294888696e-13, 3.30031882458e-16, 2.76233367326e-18, 1.967763002e-18, 2.22366600695e-18]}, "erbbands": {"dmean": [0.00525501836091, 0.171666324139, 0.893479466438, 1.11270391941, 4.81997585297, 10.9035835266, 22.8578510284, 22.4425830841, 16.43034935, 29.1090831757, 37.3443069458, 17.5240058899, 37.9676170349, 65.2945709229, 11.3905553818, 9.21494960785, 11.0394916534, 16.4247875214, 9.26853752136, 7.66940164566, 3.03933596611, 1.95363593102, 1.41443145275, 1.29011678696, 0.642144501209, 0.349945038557, 0.123996660113, 0.0449141710997, 0.00953415501863, 0.00726601528004, 0.000958495947998, 0.000179319642484, 4.33115492342e-05, 1.83741449291e-05, 1.13227288239e-05, 7.39870620237e-06, 4.08111873185e-06, 1.14158945053e-06, 5.07755930812e-06, 1.18363468573e-05], "dmean2": [0.00806201715022, 0.290475875139, 1.51783978939, 1.78602993488, 7.84490394592, 17.0374507904, 33.3601493835, 34.6145133972, 24.1615009308, 48.0639190674, 51.8545799255, 20.2342319489, 47.4628601074, 80.6895904541, 15.3653907776, 14.0662193298, 15.7138605118, 23.081785202, 12.5337686539, 12.2926902771, 4.62486362457, 2.89118671417, 2.01298928261, 1.89363873005, 0.928523659706, 0.489850103855, 0.182910129428, 0.0655897855759, 0.0138981901109, 0.00993779953569, 0.00130359898321, 0.000285008747596, 7.10399981472e-05, 3.05585235765e-05, 1.82597177627e-05, 1.14796175694e-05, 6.18549529463e-06, 1.79317794391e-06, 7.21788001101e-06, 1.69575796463e-05], "dvar": [0.00011766134412, 0.0878713056445, 1.96478378773, 3.67136597633, 62.7805938721, 326.61920166, 2596.06201172, 1183.09606934, 501.243164062, 5243.63232422, 7387.93652344, 1920.85522461, 7653.18261719, 168968.890625, 620.39654541, 258.993835449, 511.953033447, 1013.85620117, 400.401702881, 185.481735229, 30.5768928528, 12.9424123764, 8.47532939911, 8.86675357819, 1.82636487484, 0.840377211571, 0.130931764841, 0.0245452262461, 0.000868135131896, 0.00268672127277, 2.49609202001e-05, 8.41984501676e-07, 2.88549077965e-08, 7.7000344989e-10, 2.12067571836e-10, 9.68995508832e-11, 3.1634479758e-11, 2.73474602339e-12, 5.82595083287e-11, 3.08172098951e-10], "dvar2": [0.000221512513235, 0.225926399231, 5.14062929153, 9.03388404846, 144.446472168, 823.553527832, 5306.78271484, 3136.31347656, 1312.89562988, 13999.6894531, 13587.7919922, 2618.85424805, 13165.5117188, 308914.25, 1195.03515625, 622.246520996, 990.723632812, 2216.55444336, 778.665649414, 491.430145264, 71.69506073, 30.0749397278, 19.2239360809, 21.1706542969, 4.23938274384, 1.85081064701, 0.31790214777, 0.0603673495352, 0.0020292410627, 0.00538267102093, 4.80675589642e-05, 1.98762359105e-06, 6.72893278875e-08, 1.85712845102e-09, 4.99021435285e-10, 2.10095732478e-10, 6.51146081498e-11, 5.90583224686e-12, 1.16307262432e-10, 6.19061135687e-10], "max": [0.239883869886, 4.14872837067, 14.6992855072, 24.5310211182, 82.201385498, 199.268112183, 857.884460449, 434.584625244, 377.654693604, 1412.64099121, 2044.08789062, 986.200744629, 1486.35852051, 9248.50878906, 447.568786621, 221.205947876, 413.831848145, 526.90447998, 339.597015381, 162.164093018, 66.8688583374, 40.4562034607, 53.2232589722, 49.0395278931, 19.8200855255, 12.1101284027, 7.8024597168, 2.45691657066, 0.452378958464, 1.33529472351, 0.126586094499, 0.0234473720193, 0.00461349869147, 0.000490586447995, 0.000221112262807, 0.000170346218511, 0.000101320496469, 3.10156610794e-05, 0.000137370385346, 0.000309687660774], "mean": [0.00889405515045, 0.219590380788, 0.978255093098, 1.64379298687, 8.124127388, 22.1949539185, 45.7719917297, 51.3950576782, 44.9293365479, 56.2847976685, 82.1201019287, 42.5593910217, 82.2566223145, 105.025009155, 24.1579627991, 18.8308238983, 19.7847366333, 31.3401985168, 19.4281826019, 14.4940862656, 5.74015903473, 3.60229563713, 2.98241019249, 2.32657694817, 1.18410503864, 0.546363174915, 0.179422721267, 0.0571295060217, 0.0119994198903, 0.00803495105356, 0.00112652569078, 0.000208453609957, 6.47135821055e-05, 3.62269383913e-05, 2.65391572611e-05, 1.93446103367e-05, 1.12730458568e-05, 2.7398345992e-06, 1.46031670738e-05, 3.37498568115e-05], "median": [0.00352081633173, 0.0787789598107, 0.404115498066, 0.870870411396, 3.61672139168, 12.2565393448, 22.3107471466, 33.7213745117, 35.4227333069, 30.1093540192, 32.445766449, 16.746925354, 22.0556259155, 15.9413414001, 12.8922281265, 9.87729072571, 9.04092121124, 17.1467971802, 10.2371883392, 7.82788944244, 3.01610779762, 1.76031172276, 1.46357917786, 0.905527234077, 0.494325995445, 0.179545372725, 0.0561879985034, 0.0123319858685, 0.00262733874843, 0.000818527361844, 0.000184436823474, 6.31885486655e-05, 3.54913172487e-05, 2.7062234949e-05, 2.18286841118e-05, 1.6550447981e-05, 9.78065963864e-06, 2.25195594794e-06, 1.29337913677e-05, 2.99409148283e-05], "min": [2.20614784507e-22, 2.02011116907e-21, 3.65075638284e-21, 3.83478637846e-20, 3.83310998062e-19, 1.43967192549e-19, 7.97632299356e-20, 5.21271075756e-19, 7.62593678241e-19, 7.62248640528e-19, 9.05462917774e-19, 1.77381396377e-18, 1.96890926753e-18, 3.14916385954e-18, 9.6088805132e-19, 1.27555272621e-18, 2.02307202007e-18, 4.608152055e-18, 8.97564583695e-18, 1.06898022942e-17, 1.44048424787e-17, 1.3328594475e-17, 9.46546414539e-18, 1.20885994516e-17, 2.22797044806e-17, 1.99334000557e-17, 2.16349188475e-17, 1.37352571436e-17, 1.48875139467e-17, 1.64965804158e-17, 1.79311961481e-17, 1.22459796621e-17, 1.22756828907e-17, 1.21740439001e-17, 7.18082355356e-18, 5.45092833082e-18, 2.98170052415e-18, 1.62731459042e-18, 2.61379199098e-19, 4.25434983349e-20], "var": [0.000445299141575, 0.188180267811, 2.16507363319, 5.10235452652, 122.315971375, 744.231323242, 5101.82177734, 2973.18896484, 1610.45385742, 7021.6796875, 19138.0410156, 7206.50634766, 22608.4492188, 313079.96875, 1305.25793457, 602.003723145, 1174.48193359, 2039.73168945, 950.264038086, 352.172180176, 62.9486274719, 25.172410965, 19.1761608124, 15.1589632034, 3.45685648918, 1.30374097824, 0.16453205049, 0.0291459448636, 0.00112896552309, 0.00347258592956, 3.50218542735e-05, 8.56244980696e-07, 3.23322382201e-08, 1.31250588176e-09, 4.67466287901e-10, 2.31368577075e-10, 7.70703292852e-11, 6.16599262968e-12, 1.30044600088e-10, 6.8082200988e-10]}, "gfcc": {"mean": [-157.355712891, 237.828323364, -159.224105835, -31.4586048126, -22.1136646271, -51.009765625, -17.8339099884, -19.1217556, -13.4691495895, -4.89225816727, -5.8661031723, -14.3625278473, -0.202663481236], "cov": [[19677.7226562, 3386.21142578, -3072.40405273, 1843.21289062, 1780.30187988, -331.36807251, 1473.98071289, -394.603668213, -205.130126953, -327.017700195, 365.741455078, 113.77255249, 159.95223999], [3386.21142578, 1092.40380859, -318.424102783, 80.3069381714, 484.447570801, -111.421257019, 163.739944458, -49.413356781, -92.1094894409, -62.7989273071, 89.4760131836, -33.1068191528, 46.0463676453], [-3072.40405273, -318.424102783, 740.764709473, -386.130523682, -208.820037842, 79.287902832, -288.800323486, 66.292175293, 0.510661661625, 24.6188201904, -70.2011642456, -46.3053016663, 3.82464265823], [1843.21289062, 80.3069381714, -386.130523682, 479.268829346, 147.622879028, 8.09470844269, 237.874206543, -36.5682411194, 33.3128395081, -3.71039104462, 31.2722415924, 28.5566711426, -31.9292068481], [1780.30187988, 484.447570801, -208.820037842, 147.622879028, 346.191192627, -21.5044727325, 140.951248169, 20.1880168915, -36.4609642029, -14.9934511185, 69.8062820435, 6.15127515793, 31.1703128815], [-331.36807251, -111.421257019, 79.287902832, 8.09470844269, -21.5044727325, 133.724517822, 39.9843254089, 9.74880504608, 13.9964199066, -12.44576931, -31.012096405, 18.8615074158, 23.7462329865], [1473.98071289, 163.739944458, -288.800323486, 237.874206543, 140.951248169, 39.9843254089, 290.015655518, 57.1748657227, 9.92681217194, -5.48428440094, 27.9577484131, 19.615114212, 14.0180883408], [-394.603668213, -49.413356781, 66.292175293, -36.5682411194, 20.1880168915, 9.74880504608, 57.1748657227, 157.217498779, 34.8757514954, 35.3990898132, 22.7743587494, -19.1084651947, -9.31623649597], [-205.130126953, -92.1094894409, 0.510661661625, 33.3128395081, -36.4609642029, 13.9964199066, 9.92681217194, 34.8757514954, 67.696685791, 35.2029762268, -3.40517449379, -8.99609375, -33.3880271912], [-327.017700195, -62.7989273071, 24.6188201904, -3.71039104462, -14.9934511185, -12.44576931, -5.48428440094, 35.3990898132, 35.2029762268, 65.3057022095, 29.2425251007, -1.24828803539, -21.2607784271], [365.741455078, 89.4760131836, -70.2011642456, 31.2722415924, 69.8062820435, -31.012096405, 27.9577484131, 22.7743587494, -3.40517449379, 29.2425251007, 84.2222366333, 30.8954410553, 9.24562644958], [113.77255249, -33.1068191528, -46.3053016663, 28.5566711426, 6.15127515793, 18.8615074158, 19.615114212, -19.1084651947, -8.99609375, -1.24828803539, 30.8954410553, 81.498878479, 56.1520233154], [159.95223999, 46.0463676453, 3.82464265823, -31.9292068481, 31.1703128815, 23.7462329865, 14.0180883408, -9.31623649597, -33.3880271912, -21.2607784271, 9.24562644958, 56.1520233154, 100.818809509]], "icov": [[0.000715236994438, -0.00163756881375, 0.00157431373373, -0.00115588854533, 0.000366788939573, -0.000214665429667, -0.000294296216452, 0.000359394267434, -0.000648685847409, 0.001516493503, -0.00072594784433, 0.000768561614677, -0.00105783995241], [-0.00163756881375, 0.00956005137414, -0.00483912602067, 0.00657280161977, -0.00864743348211, 0.00540693337098, -0.00490511581302, 0.00620912434533, -0.00369224557653, 0.00186417880468, -0.00245573325083, 0.00316578918137, 0.00078507931903], [0.00157431373373, -0.00483912602067, 0.00887514371425, -0.00294664897956, 0.00301076448523, -0.00620796950534, 0.00604111049324, -0.00483549712226, 0.00363199342974, -0.00101657537743, 0.00126481615007, 0.00232315110043, -0.00273436121643], [-0.00115588854533, 0.00657280161977, -0.00294664897956, 0.0105241015553, -0.00723956571892, 0.00424749497324, -0.00772395776585, 0.00763114029542, -0.0064624263905, 0.00205584987998, -0.00135039142333, -0.000962520367466, 0.0042469217442], [0.000366788939573, -0.00864743348211, 0.00301076448523, -0.00723956571892, 0.0163476653397, -0.00735064642504, 0.00676424242556, -0.00987710338086, 0.00886478461325, -0.00492327613756, -0.000411432585679, -0.00101230421569, -0.00171648070682], [-0.000214665429667, 0.00540693337098, -0.00620796950534, 0.00424749497324, -0.00735064642504, 0.0191315095872, -0.0118194138631, 0.00913131982088, -0.0113215427846, 0.00807902496308, 0.000573936151341, -0.0017874072073, -0.00139728630893], [-0.000294296216452, -0.00490511581302, 0.00604111049324, -0.00772395776585, 0.00676424242556, -0.0118194138631, 0.0206466671079, -0.0163073800504, 0.0117949219421, -0.00855793710798, 0.00659446977079, -0.00300835329108, -0.000481062423205], [0.000359394267434, 0.00620912434533, -0.00483549712226, 0.00763114029542, -0.00987710338086, 0.00913131982088, -0.0163073800504, 0.0241959765553, -0.0167841687799, 0.0081044556573, -0.0113513460383, 0.0100108999759, -0.00378358759917], [-0.000648685847409, -0.00369224557653, 0.00363199342974, -0.0064624263905, 0.00886478461325, -0.0113215427846, 0.0117949219421, -0.0167841687799, 0.04176094383, -0.0241606999189, 0.0134177394211, -0.00847525335848, 0.00949076749384], [0.001516493503, 0.00186417880468, -0.00101657537743, 0.00205584987998, -0.00492327613756, 0.00807902496308, -0.00855793710798, 0.0081044556573, -0.0241606999189, 0.0420786030591, -0.0203907433897, 0.00700650084764, -0.00216974527575], [-0.00072594784433, -0.00245573325083, 0.00126481615007, -0.00135039142333, -0.000411432585679, 0.000573936151341, 0.00659446977079, -0.0113513460383, 0.0134177394211, -0.0203907433897, 0.0350648835301, -0.0211416035891, 0.00852676201612], [0.000768561614677, 0.00316578918137, 0.00232315110043, -0.000962520367466, -0.00101230421569, -0.0017874072073, -0.00300835329108, 0.0100108999759, -0.00847525335848, 0.00700650084764, -0.0211416035891, 0.0408008359373, -0.0230957008898], [-0.00105783995241, 0.00078507931903, -0.00273436121643, 0.0042469217442, -0.00171648070682, -0.00139728630893, -0.000481062423205, -0.00378358759917, 0.00949076749384, -0.00216974527575, 0.00852676201612, -0.0230957008898, 0.028031213209]]}, "melbands": {"dmean": [0.00010127088899, 0.000384303712053, 0.000279854779365, 0.000537600193638, 0.000729849503841, 0.000510606449097, 0.000256367668044, 0.000323060841765, 0.000273780256975, 0.000106253188278, 0.000193532672711, 0.000285087327939, 3.22475789289e-05, 3.25184992107e-05, 2.03020499612e-05, 2.62323628704e-05, 3.14609133056e-05, 1.46300517372e-05, 1.27202556541e-05, 7.15664964446e-06, 3.34904325427e-06, 2.1358007416e-06, 2.02029400498e-06, 1.31013302962e-06, 1.1238123534e-06, 4.54901851299e-07, 3.75507283934e-07, 2.2136799771e-07, 8.96495535585e-08, 6.04254424275e-08, 1.33813875536e-08, 5.51204104582e-09, 4.00324573491e-09, 3.42939165954e-09, 4.40818853642e-10, 1.87845836108e-10, 6.86645948433e-11, 2.87686471867e-11, 1.59999166693e-11, 1.19037271359e-11], "dmean2": [0.000166771918884, 0.00065106182592, 0.00044810961117, 0.000869694573339, 0.00107865128666, 0.00079126394121, 0.0003803941363, 0.000531825819053, 0.000369808345567, 0.000122365745483, 0.000243069429416, 0.000352766888682, 4.42204182036e-05, 4.67701065645e-05, 3.14000062644e-05, 3.65707892342e-05, 4.41211705038e-05, 1.99622827495e-05, 1.90440496226e-05, 1.13888818305e-05, 5.12227552463e-06, 3.20413710142e-06, 2.9151074159e-06, 1.86735405805e-06, 1.66044708294e-06, 6.49449361845e-07, 5.52189305836e-07, 3.06155129692e-07, 1.33996991281e-07, 9.0432550337e-08, 1.88406410473e-08, 8.29326474161e-09, 5.7014419852e-09, 4.69665861758e-09, 6.34028773927e-10, 2.89855472957e-10, 1.15000939327e-10, 4.86697696034e-11, 2.79859468932e-11, 2.13654788306e-11], "dvar": [3.69743169415e-08, 3.53424894683e-07, 2.0131570011e-07, 6.40561324872e-07, 2.08763503906e-06, 5.98954329689e-07, 1.27512635117e-07, 5.18151978213e-07, 4.09219495623e-07, 6.90601140718e-08, 2.11748158563e-07, 3.29952626998e-06, 3.54538065572e-09, 4.52001991391e-09, 1.49978540698e-09, 2.8467430635e-09, 3.87024901016e-09, 1.05007491591e-09, 6.39478359155e-10, 1.78958584063e-10, 4.15005738108e-11, 1.8354182757e-11, 2.58556474841e-11, 9.14743107649e-12, 7.91724151517e-12, 1.05419416686e-12, 1.41115840801e-12, 3.45718083068e-13, 1.10870263437e-13, 5.70600695599e-14, 2.00145351579e-15, 2.58469933333e-16, 5.24766451098e-16, 7.51420185806e-16, 4.20121641675e-18, 7.42283033781e-19, 1.70561191414e-19, 1.60301964314e-20, 1.12705115411e-21, 2.79299724969e-22], "dvar2": [8.53795896205e-08, 9.2940496188e-07, 4.64618068463e-07, 1.66048073424e-06, 4.38542201664e-06, 1.57714816851e-06, 3.34495013021e-07, 1.40230577017e-06, 7.36437414162e-07, 9.53594110342e-08, 3.6990161334e-07, 6.02738828093e-06, 7.10182712638e-09, 8.63898019787e-09, 3.23517879153e-09, 5.67204105906e-09, 8.26551183053e-09, 2.09590234057e-09, 1.39506084462e-09, 4.81331252633e-10, 9.89638926363e-11, 4.48745658688e-11, 5.26304312631e-11, 2.08310226707e-11, 1.88126961925e-11, 2.43708438846e-12, 3.4480283212e-12, 7.27264927967e-13, 2.76479929446e-13, 1.45825652985e-13, 4.08467069847e-15, 6.11522106655e-16, 1.18486409733e-15, 1.42147322203e-15, 9.29555876603e-18, 1.75886474215e-18, 4.22146998575e-19, 3.83090218387e-20, 2.77476787323e-21, 7.9650949861e-22], "max": [0.00321420491673, 0.00586184766144, 0.00472554564476, 0.00930613465607, 0.0239206664264, 0.00955148320645, 0.00508897425607, 0.0133941425011, 0.0153361232951, 0.00537972478196, 0.00781297963113, 0.040941465646, 0.000794688181486, 0.000852008408401, 0.000734114088118, 0.00106798391789, 0.00105263513979, 0.000474308471894, 0.000352810340701, 0.000164398166817, 8.38179985294e-05, 5.02658622281e-05, 7.58371315897e-05, 4.87908546347e-05, 5.02913353557e-05, 1.71289120772e-05, 2.64660411631e-05, 8.06908883533e-06, 7.66935863794e-06, 3.72075055566e-06, 8.0757502019e-07, 2.21985516191e-07, 5.60460307497e-07, 7.44977853628e-07, 4.08802733887e-08, 1.84324786545e-08, 1.00696952998e-08, 3.40635786245e-09, 8.19591394752e-10, 2.0698653902e-10], "mean": [0.00014676435967, 0.0004492951266, 0.000453516404377, 0.00101983535569, 0.00152461545076, 0.00118257221766, 0.000693114707246, 0.000615875760559, 0.000611522467807, 0.000246251875069, 0.000411321932916, 0.000448120234068, 6.8183602707e-05, 6.65453117108e-05, 3.47942295775e-05, 4.66548808618e-05, 5.93157383264e-05, 2.90189127554e-05, 2.52867303061e-05, 1.2082477042e-05, 5.74432942813e-06, 3.52623851541e-06, 3.7095933294e-06, 2.46691092798e-06, 1.91749950318e-06, 8.56575013586e-07, 5.65554387322e-07, 3.33402539354e-07, 1.15095275532e-07, 7.16201924433e-08, 1.8426820958e-08, 6.7970882256e-09, 4.30971880405e-09, 3.84229048578e-09, 4.85234630254e-10, 2.00519725824e-10, 6.45944894795e-11, 3.02579003519e-11, 1.57006959517e-11, 1.13758481801e-11], "median": [4.95617168781e-05, 0.000178521411726, 0.000232564983889, 0.000682696292643, 0.000919262878597, 0.000830956560094, 0.000552039127797, 0.000341092381859, 0.000219847162953, 7.8051314631e-05, 0.000101132005511, 5.42196685274e-05, 3.75351373805e-05, 2.53557082033e-05, 1.68064234458e-05, 2.20393758354e-05, 3.14764474751e-05, 1.39029161801e-05, 1.29452037072e-05, 5.23342896486e-06, 2.39520682044e-06, 1.47530761296e-06, 1.39733640481e-06, 1.00607030618e-06, 6.71637280902e-07, 3.14428120873e-07, 2.00476762302e-07, 7.80315545512e-08, 2.56829935097e-08, 1.19657563857e-08, 3.51339135563e-09, 1.29717636632e-09, 5.09485620359e-10, 2.89237245266e-10, 6.85802387101e-11, 3.57937048057e-11, 1.56427197584e-11, 9.39704824371e-12, 6.20230342779e-12, 4.91139594272e-12], "min": [2.69370006166e-24, 2.12321636539e-24, 1.81889410188e-23, 2.13611432008e-23, 2.68975713764e-24, 1.11663434683e-23, 1.16604875171e-23, 8.95697994223e-24, 6.75297672597e-24, 1.20579582396e-23, 1.06459650613e-23, 1.39263658273e-23, 3.16969952073e-24, 3.60480127503e-24, 3.69577468678e-24, 4.04652867208e-24, 9.28123017327e-24, 1.44605035462e-23, 1.28778868539e-23, 1.69623380418e-23, 1.63805452356e-23, 1.39540422233e-23, 1.14737081317e-23, 6.86409172877e-24, 9.80178370741e-24, 1.41087615127e-23, 1.86688824158e-23, 1.21796140019e-23, 1.5484525465e-23, 9.68396259805e-24, 7.47633062162e-24, 8.32804244174e-24, 8.62142454556e-24, 9.36836932658e-24, 1.13490302434e-23, 8.57222802407e-24, 7.15017371377e-24, 9.1193219945e-24, 7.77199726662e-24, 1.15042654477e-23], "var": [1.08024948986e-07, 4.50077067171e-07, 3.59168069508e-07, 1.27279918161e-06, 4.21775075665e-06, 1.46101262999e-06, 3.75039547862e-07, 6.98783708231e-07, 1.09480924948e-06, 2.55746925859e-07, 6.03506066454e-07, 6.12528492638e-06, 8.16574008411e-09, 1.25916876925e-08, 3.0467408596e-09, 6.42401465356e-09, 8.17945977616e-09, 2.32441088599e-09, 1.31271837844e-09, 3.10601239173e-10, 7.62367668994e-11, 2.99657104685e-11, 5.15220782704e-11, 1.97286232489e-11, 1.25818635024e-11, 2.08357896908e-12, 1.57339538533e-12, 6.05036582901e-13, 1.19057528051e-13, 5.60587343147e-14, 3.49859737908e-15, 3.317070754e-16, 5.85535824047e-16, 1.0386202591e-15, 4.852934237e-18, 7.15812168505e-19, 1.58938799745e-19, 1.7107150046e-20, 1.25195532563e-21, 3.02768803905e-22]}, "mfcc": {"mean": [-764.091125488, 242.868881226, -40.9546089172, 3.76354169846, 2.18459510803, -21.7346076965, -5.98624420166, -16.9680976868, -10.7901010513, 1.32344317436, -3.71015000343, -6.89261817932, -4.78183460236], "cov": [[8472.90527344, 4013.00097656, -1943.76977539, 784.514648438, 312.304840088, 112.012557983, 570.918640137, 58.2826881409, 108.152183533, 35.5817146301, -41.5587730408, -60.5686302185, -36.811050415], [4013.00097656, 2548.92114258, -618.164367676, 79.4070205688, 298.876373291, -13.9554653168, 208.278198242, 27.7405471802, -34.36120224, 28.0761852264, -82.9703369141, -85.4760360718, -29.9839515686], [-1943.76977539, -618.164367676, 696.691833496, -282.505371094, -51.7787055969, -16.7722511292, -197.539199829, -37.7212524414, -58.9122810364, -18.8391208649, -18.6701488495, -33.5826454163, -17.2106513977], [784.514648438, 79.4070205688, -282.505371094, 302.326202393, 15.2100229263, 35.6370773315, 106.140625, 21.4766254425, 53.6765823364, 21.3486366272, 54.851108551, 40.2930030823, 8.84563827515], [312.304840088, 298.876373291, -51.7787055969, 15.2100229263, 189.793365479, 12.3361978531, 44.7765045166, 45.1078300476, -19.2413845062, 23.5905342102, 3.94418692589, 7.75097703934, 20.160446167], [112.012557983, -13.9554653168, -16.7722511292, 35.6370773315, 12.3361978531, 123.856155396, 31.5565509796, 7.61347866058, 35.9947357178, -19.953836441, -11.8106803894, -24.4355297089, -22.443649292], [570.918640137, 208.278198242, -197.539199829, 106.140625, 44.7765045166, 31.5565509796, 178.234298706, 95.9336395264, 61.2188529968, 62.9395332336, 18.7147388458, 14.3988447189, 13.3495063782], [58.2826881409, 27.7405471802, -37.7212524414, 21.4766254425, 45.1078300476, 7.61347866058, 95.9336395264, 121.463699341, 57.2676124573, 55.0902709961, 28.1675682068, 10.9133853912, 22.2379207611], [108.152183533, -34.36120224, -58.9122810364, 53.6765823364, -19.2413845062, 35.9947357178, 61.2188529968, 57.2676124573, 98.6195526123, 45.1190376282, 7.32065582275, 7.59769678116, -10.2975616455], [35.5817146301, 28.0761852264, -18.8391208649, 21.3486366272, 23.5905342102, -19.953836441, 62.9395332336, 55.0902709961, 45.1190376282, 111.341934204, 49.7458457947, 20.6580734253, 25.2512950897], [-41.5587730408, -82.9703369141, -18.6701488495, 54.851108551, 3.94418692589, -11.8106803894, 18.7147388458, 28.1675682068, 7.32065582275, 49.7458457947, 106.925956726, 58.6138763428, 20.5975704193], [-60.5686302185, -85.4760360718, -33.5826454163, 40.2930030823, 7.75097703934, -24.4355297089, 14.3988447189, 10.9133853912, 7.59769678116, 20.6580734253, 58.6138763428, 107.958396912, 62.1527557373], [-36.811050415, -29.9839515686, -17.2106513977, 8.84563827515, 20.160446167, -22.443649292, 13.3495063782, 22.2379207611, -10.2975616455, 25.2512950897, 20.5975704193, 62.1527557373, 110.207046509]], "icov": [[0.668508410454, -0.93559139967, 0.908491253853, -0.865101456642, 0.797911942005, -0.726702034473, 0.642578184605, -0.553765952587, 0.454934149981, -0.336450427771, 0.263149321079, -0.172807618976, 0.0878802165389], [-0.93559139967, 1.31014442444, -1.27080154419, 1.21137142181, -1.11798274517, 1.01767039299, -0.900288522243, 0.776238203049, -0.637186229229, 0.471179574728, -0.368592768908, 0.242891460657, -0.123143985868], [0.908491253853, -1.27080154419, 1.23890864849, -1.17380189896, 1.08504343033, -0.990254342556, 0.878502130508, -0.756822764874, 0.622498035431, -0.461494475603, 0.360092997551, -0.236717388034, 0.121645331383], [-0.865101456642, 1.21137142181, -1.17380189896, 1.12796080112, -1.03562879562, 0.942618131638, -0.8378251791, 0.724823772907, -0.597104907036, 0.441465765238, -0.348820626736, 0.228074193001, -0.116956241429], [0.797911942005, -1.11798274517, 1.08504343033, -1.03562879562, 0.964577198029, -0.87490683794, 0.774508833885, -0.674905598164, 0.558448135853, -0.411864340305, 0.323592036963, -0.215452536941, 0.110236495733], [-0.726702034473, 1.01767039299, -0.990254342556, 0.942618131638, -0.87490683794, 0.809058487415, -0.71160787344, 0.617917120457, -0.51542532444, 0.382830649614, -0.299226135015, 0.201628014445, -0.10349342972], [0.642578184605, -0.900288522243, 0.878502130508, -0.8378251791, 0.774508833885, -0.71160787344, 0.648643255234, -0.560636162758, 0.457609295845, -0.344592958689, 0.271338164806, -0.181296437979, 0.0953306034207], [-0.553765952587, 0.776238203049, -0.756822764874, 0.724823772907, -0.674905598164, 0.617917120457, -0.560636162758, 0.504375040531, -0.412856072187, 0.301251322031, -0.243870288134, 0.165832221508, -0.0902526006103], [0.454934149981, -0.637186229229, 0.622498035431, -0.597104907036, 0.558448135853, -0.51542532444, 0.457609295845, -0.412856072187, 0.362622022629, -0.261834293604, 0.208958312869, -0.144058600068, 0.0805539339781], [-0.336450427771, 0.471179574728, -0.461494475603, 0.441465765238, -0.411864340305, 0.382830649614, -0.344592958689, 0.301251322031, -0.261834293604, 0.20792157948, -0.160220846534, 0.108233496547, -0.0606304258108], [0.263149321079, -0.368592768908, 0.360092997551, -0.348820626736, 0.323592036963, -0.299226135015, 0.271338164806, -0.243870288134, 0.208958312869, -0.160220846534, 0.141613543034, -0.09502145648, 0.0514110215008], [-0.172807618976, 0.242891460657, -0.236717388034, 0.228074193001, -0.215452536941, 0.201628014445, -0.181296437979, 0.165832221508, -0.144058600068, 0.108233496547, -0.09502145648, 0.080704934895, -0.0439525023103], [0.0878802165389, -0.123143985868, 0.121645331383, -0.116956241429, 0.110236495733, -0.10349342972, 0.0953306034207, -0.0902526006103, 0.0805539339781, -0.0606304258108, 0.0514110215008, -0.0439525023103, 0.0353273935616]]}, "spectral_contrast_coeffs": {"dmean": [0.0499211587012, 0.0434026829898, 0.0433099009097, 0.0400136932731, 0.0331545546651, 0.0639552175999], "dmean2": [0.0821851417422, 0.0709451586008, 0.0663358345628, 0.0637421086431, 0.0512941367924, 0.112430393696], "dvar": [0.00170660007279, 0.00173091969918, 0.0017728661187, 0.00144979218021, 0.00104808260221, 0.00261885602959], "dvar2": [0.00431262655184, 0.00425426615402, 0.00393516290933, 0.00345608126372, 0.00246472912841, 0.00700445193797], "max": [-0.302876144648, -0.425006508827, -0.402370154858, -0.525362610817, -0.555212974548, -0.546630978584], "mean": [-0.557172238827, -0.647319257259, -0.693155288696, -0.700262665749, -0.710628092289, -0.770092606544], "median": [-0.549109041691, -0.646633327007, -0.695619344711, -0.699788510799, -0.702680528164, -0.770889222622], "min": [-0.958444058895, -0.952418923378, -0.95876967907, -0.950989246368, -0.957992732525, -0.959977805614], "var": [0.00754836993292, 0.00538884056732, 0.0081435572356, 0.00431620469317, 0.0040345354937, 0.00711015565321]}, "spectral_contrast_valleys": {"dmean": [0.514837324619, 0.359542042017, 0.424553334713, 0.483237951994, 0.481335908175, 0.954734921455], "dmean2": [0.822412550449, 0.56429708004, 0.650299429893, 0.740784525871, 0.727425277233, 1.69112944603], "dvar": [0.365422278643, 0.362805753946, 0.370938420296, 0.389860391617, 0.396966189146, 0.583839416504], "dvar2": [0.554841279984, 0.490141123533, 0.598547160625, 0.686214148998, 0.764960825443, 1.66809570789], "max": [-5.75544071198, -4.78162384033, -5.88789844513, -6.475004673, -7.6024389267, -12.0061311722], "mean": [-8.224401474, -6.63510847092, -7.81089830399, -8.83304977417, -10.1652650833, -14.366