{"lowlevel": {"average_loudness": 0.246360957623, "barkbands_crest": {"dmean": 1.75946676731, "dmean2": 2.66624879837, "dvar": 4.47521400452, "dvar2": 9.51609420776, "max": 26.5951366425, "mean": 16.497177124, "median": 16.5985870361, "min": 3.74727129936, "var": 31.4559822083}, "barkbands_flatness_db": {"dmean": 0.0218658242375, "dmean2": 0.0350751839578, "dvar": 0.000596094294451, "dvar2": 0.00130804174114, "max": 0.602294802666, "mean": 0.396988898516, "median": 0.400821328163, "min": 0.034677349031, "var": 0.00520682707429}, "barkbands_kurtosis": {"dmean": 3.76973104477, "dmean2": 5.3762845993, "dvar": 89.7671279907, "dvar2": 181.77406311, "max": 371.382751465, "mean": 10.6065788269, "median": 2.93341469765, "min": -1.95057320595, "var": 437.411407471}, "barkbands_skewness": {"dmean": 0.565618216991, "dmean2": 0.851719260216, "dvar": 0.58999812603, "dvar2": 1.3579428196, "max": 18.0255146027, "mean": 0.60911655426, "median": 0.481238245964, "min": -9.79787158966, "var": 4.10374498367}, "barkbands_spread": {"dmean": 1.34607422352, "dmean2": 2.07550120354, "dvar": 5.51320981979, "dvar2": 11.7471609116, "max": 93.1160049438, "mean": 6.5148024559, "median": 4.2087469101, "min": 0.0972076579928, "var": 44.4700965881}, "dissonance": {"dmean": 0.0544586218894, "dmean2": 0.0947406217456, "dvar": 0.00333596579731, "dvar2": 0.00935986358672, "max": 0.499999821186, "mean": 0.346569478512, "median": 0.367844164371, "min": 0.035591956228, "var": 0.00997043307871}, "dynamic_complexity": 10.5793237686, "erbbands_crest": {"dmean": 2.23708200455, "dmean2": 3.28271079063, "dvar": 7.545814991, "dvar2": 15.8220491409, "max": 34.5713195801, "mean": 20.8940544128, "median": 21.2868461609, "min": 2.50859594345, "var": 46.8880004883}, "erbbands_flatness_db": {"dmean": 0.0174583327025, "dmean2": 0.0264684353024, "dvar": 0.000434215005953, "dvar2": 0.000860864354763, "max": 0.608771562576, "mean": 0.436493575573, "median": 0.441450357437, "min": 0.0339253023267, "var": 0.0051301419735}, "erbbands_kurtosis": {"dmean": 3.66926836967, "dmean2": 5.04186153412, "dvar": 54.1133422852, "dvar2": 89.1743011475, "max": 195.849945068, "mean": 11.1915369034, "median": 4.93751001358, "min": -1.74234950542, "var": 363.525482178}, "erbbands_skewness": {"dmean": 0.444975554943, "dmean2": 0.613036572933, "dvar": 0.350247383118, "dvar2": 0.604710519314, "max": 7.48508739471, "mean": 0.717335045338, "median": 0.954230904579, "min": -10.9494571686, "var": 6.46303844452}, "erbbands_spread": {"dmean": 1.33337020874, "dmean2": 1.90951800346, "dvar": 4.9777674675, "dvar2": 10.5989933014, "max": 88.3674316406, "mean": 7.07040929794, "median": 5.27494812012, "min": 0.265714108944, "var": 46.272102356}, "hfc": {"dmean": 1.7864896059, "dmean2": 2.46455478668, "dvar": 22.8686313629, "dvar2": 45.5660552979, "max": 104.373680115, "mean": 7.09947681427, "median": 2.19597482681, "min": 1.1238089037e-16, "var": 134.943084717}, "melbands_crest": {"dmean": 2.11159992218, "dmean2": 3.24078369141, "dvar": 6.95556211472, "dvar2": 14.8073740005, "max": 38.946723938, "mean": 19.2071075439, "median": 18.2796287537, "min": 1.51171445847, "var": 53.7521057129}, "melbands_flatness_db": {"dmean": 0.0234214030206, "dmean2": 0.0375702828169, "dvar": 0.000776703702286, "dvar2": 0.00165714125615, "max": 0.7645201087, "mean": 0.505763471127, "median": 0.509243905544, "min": 0.00154245609883, "var": 0.00753958662972}, "melbands_kurtosis": {"dmean": 3.63581252098, "dmean2": 5.2533659935, "dvar": 49.9160614014, "dvar2": 96.3995132446, "max": 175.803482056, "mean": 11.2837057114, "median": 4.08308649063, "min": -1.91429686546, "var": 373.425842285}, "melbands_skewness": {"dmean": 0.5051253438, "dmean2": 0.742912471294, "dvar": 0.371925622225, "dvar2": 0.768273353577, "max": 10.3921689987, "mean": 0.859327793121, "median": 0.804001450539, "min": -6.30968809128, "var": 3.53802132607}, "melbands_spread": {"dmean": 1.94447982311, "dmean2": 2.93720817566, "dvar": 15.534072876, "dvar2": 34.1189193726, "max": 172.09703064, "mean": 9.71554374695, "median": 5.78735923767, "min": 0.244549661875, "var": 179.743270874}, "pitch_salience": {"dmean": 0.0502224192023, "dmean2": 0.0779500603676, "dvar": 0.00386206828989, "dvar2": 0.00905779283494, "max": 0.95567125082, "mean": 0.40859541297, "median": 0.41384011507, "min": 0.046096984297, "var": 0.019526457414}, "silence_rate_20dB": {"dmean": 0, "dmean2": 0, "dvar": 0, "dvar2": 0, "max": 1, "mean": 1, "median": 1, "min": 1, "var": 0}, "silence_rate_30dB": {"dmean": 0.00354679813609, "dmean2": 0.00709499418736, "dvar": 0.00353428465314, "dvar2": 0.00783281214535, "max": 1, "mean": 0.993695795536, "median": 1, "min": 0, "var": 0.00626456690952}, "silence_rate_60dB": {"dmean": 0.0433497540653, "dmean2": 0.0867165923119, "dvar": 0.0414688400924, "dvar2": 0.0854970738292, "max": 1, "mean": 0.45823481679, "median": 0, "min": 0, "var": 0.248242944479}, "spectral_centroid": {"dmean": 42.3730049133, "dmean2": 59.0521392822, "dvar": 25247.4804688, "dvar2": 32144.5644531, "max": 11612.9208984, "mean": 681.375366211, "median": 557.829162598, "min": 154.932174683, "var": 683934}, "spectral_complexity": {"dmean": 0.774384260178, "dmean2": 1.2912889719, "dvar": 1.54215121269, "dvar2": 3.4733068943, "max": 19, "mean": 4.70784091949, "median": 4, "min": 0, "var": 14.5059671402}, "spectral_decrease": {"dmean": 7.37516103744e-10, "dmean2": 1.03350683567e-09, "dvar": 3.49002058815e-18, "dvar2": 6.9517879953e-18, "max": 1.80109417466e-28, "mean": -3.1630216224e-09, "median": -1.00613228859e-09, "min": -4.6906158957e-08, "var": 2.53744799741e-17}, "spectral_energy": {"dmean": 0.00294320797548, "dmean2": 0.00412124488503, "dvar": 5.56607083126e-05, "dvar2": 0.000110853325168, "max": 0.185997158289, "mean": 0.0125819370151, "median": 0.00400333525613, "min": 1.02337783721e-20, "var": 0.00040131242713}, "spectral_energyband_high": {"dmean": 6.13530346527e-07, "dmean2": 8.15726878045e-07, "dvar": 1.71013082167e-11, "dvar2": 3.71022865209e-11, "max": 0.000125198086607, "mean": 8.3298402842e-07, "median": 6.21735818385e-09, "min": 7.40835477403e-21, "var": 2.4133315138e-11}, "spectral_energyband_low": {"dmean": 0.000148047052789, "dmean2": 0.000248793658102, "dvar": 3.36809335977e-07, "dvar2": 9.15538009849e-07, "max": 0.0182957779616, "mean": 0.000521717360243, "median": 8.58048006194e-05, "min": 1.45349830598e-23, "var": 1.98460043066e-06}, "spectral_energyband_middle_high": {"dmean": 0.000533278973307, "dmean2": 0.000726393947843, "dvar": 8.30131921248e-06, "dvar2": 1.66736299434e-05, "max": 0.0937429070473, "mean": 0.00145684031304, "median": 0.000274343299679, "min": 1.05341834711e-21, "var": 2.88969895337e-05}, "spectral_energyband_middle_low": {"dmean": 0.00249669351615, "dmean2": 0.00352505175397, "dvar": 4.69612969027e-05, "dvar2": 9.47749576881e-05, "max": 0.184240058064, "mean": 0.0107377497479, "median": 0.00257875095122, "min": 1.89694239057e-22, "var": 0.000346474349499}, "spectral_entropy": {"dmean": 0.179244861007, "dmean2": 0.272609382868, "dvar": 0.0677902773023, "dvar2": 0.152628570795, "max": 9.81604480743, "mean": 5.18074607849, "median": 5.16477489471, "min": 3.14563369751, "var": 0.478760480881}, "spectral_flux": {"dmean": 0.0116284992546, "dmean2": 0.0192164257169, "dvar": 0.00058664981043, "dvar2": 0.00148323411122, "max": 0.30810084939, "mean": 0.021436618641, "median": 0.0135563025251, "min": 6.46343811805e-11, "var": 0.000775998807512}, "spectral_kurtosis": {"dmean": 36.8333206177, "dmean2": 63.1259422302, "dvar": 1564.73803711, "dvar2": 4485.54101562, "max": 702.445739746, "mean": 129.37171936, "median": 123.053627014, "min": -1.27790021896, "var": 5651.13769531}, "spectral_rms": {"dmean": 0.000326547102304, "dmean2": 0.000439734169049, "dvar": 3.46651376049e-07, "dvar2": 6.18136255071e-07, "max": 0.0134707326069, "mean": 0.00260940124281, "median": 0.00197628233582, "min": 3.15977430852e-12, "var": 5.46609999219e-06}, "spectral_rolloff": {"dmean": 58.658996582, "dmean2": 105.441444397, "dvar": 108832.28125, "dvar2": 220625.8125, "max": 19315.2832031, "mean": 844.397338867, "median": 602.9296875, "min": 21.533203125, "var": 2196690.25}, "spectral_skewness": {"dmean": 1.64542412758, "dmean2": 2.87599277496, "dvar": 2.50791525841, "dvar2": 6.73649215698, "max": 20.2891025543, "mean": 8.22674942017, "median": 8.27822685242, "min": -0.0710319578648, "var": 9.58298015594}, "spectral_spread": {"dmean": 365285.3125, "dmean2": 649549.625, "dvar": 728678662144, "dvar2": 1962223599620.0, "max": 48541860, "mean": 1247139, "median": 910581.5625, "min": 131080.703125, "var": 9790753341440.0}, "spectral_strongpeak": {"dmean": 0.308853626251, "dmean2": 0.46492472291, "dvar": 0.356629282236, "dvar2": 0.726863205433, "max": 10.7411079407, "mean": 1.42393326759, "median": 0.945832967758, "min": 0, "var": 2.39890146255}, "zerocrossingrate": {"dmean": 0.00223445193842, "dmean2": 0.00280150654726, "dvar": 6.98146468494e-05, "dvar2": 0.000124851125292, "max": 0.51806640625, "mean": 0.031411126256, "median": 0.02587890625, "min": 0, "var": 0.00168004445732}, "barkbands": {"dmean": [3.21946681652e-05, 1.92941115529e-05, 0.000101365658338, 7.26730722818e-05, 0.000169207603903, 0.000277734681731, 0.000422359298682, 0.00179303681944, 0.000164502635016, 7.88985125837e-05, 0.000302950473269, 9.58197197178e-05, 8.64717221702e-05, 3.11469848384e-05, 1.40288093462e-05, 1.38043124025e-05, 5.20777530255e-06, 1.73113619439e-06, 2.47556158683e-06, 6.12600388195e-07, 1.07928848081e-07, 1.48981840198e-07, 2.33377974723e-08, 7.26871896006e-09, 1.3171227442e-09, 6.14162387613e-10, 6.14638562269e-10], "dmean2": [5.5213473388e-05, 3.39067519235e-05, 0.000171413092175, 0.00011762126087, 0.00024002759892, 0.000378515163902, 0.000698318937793, 0.00243815570138, 0.000223409791943, 0.00010700958228, 0.000437106122263, 0.000126914077555, 0.000107319763629, 4.52962922282e-05, 2.01254788408e-05, 1.96920791495e-05, 7.77205059421e-06, 2.51139590546e-06, 3.48795492755e-06, 8.45340991873e-07, 1.67716478927e-07, 2.04676680937e-07, 3.48405180262e-08, 1.16387175453e-08, 2.31135999229e-09, 1.10903952688e-09, 1.12546771902e-09], "dvar": [5.72139979838e-09, 3.20648396723e-09, 2.1516251536e-07, 5.09553927941e-08, 9.08208960482e-07, 1.09839447759e-06, 3.64065249414e-06, 3.04981549561e-05, 1.47912976445e-06, 1.14813367702e-07, 6.7650339588e-06, 1.20931332503e-07, 4.19403193064e-07, 4.68412721943e-08, 2.4052013714e-09, 3.44334005753e-09, 5.62396074155e-10, 3.57090995662e-10, 2.63860128191e-10, 1.37725403998e-11, 1.7460331141e-12, 1.80363623342e-12, 8.47502813371e-14, 7.57344524821e-15, 2.19551178156e-16, 2.04071040586e-18, 1.66762165411e-18], "dvar2": [1.6329044783e-08, 9.35490795939e-09, 6.0099290522e-07, 1.23158272913e-07, 1.38298446473e-06, 1.6566159502e-06, 9.09478421818e-06, 5.6599456002e-05, 3.0760475056e-06, 2.1877144718e-07, 1.37574061227e-05, 2.27629541882e-07, 5.95517292368e-07, 1.16391703386e-07, 4.39943415032e-09, 6.75625067004e-09, 1.23084242798e-09, 6.65942856415e-10, 5.11161224459e-10, 2.87583169084e-11, 4.54612649609e-12, 3.84230754852e-12, 1.95918002416e-13, 1.96743629147e-14, 5.82204708163e-16, 6.06450733457e-18, 5.41214762216e-18], "max": [0.00254110665992, 0.00156261760276, 0.0148090478033, 0.00766421481967, 0.0440612435341, 0.0420568995178, 0.0658836141229, 0.155047729611, 0.0703765302896, 0.0169506333768, 0.0859886780381, 0.0100821852684, 0.025863988325, 0.00857698637992, 0.00138107314706, 0.0018761305837, 0.000595904653892, 0.00138488470111, 0.000804693903774, 0.000101091296528, 7.11879474693e-05, 5.37212981726e-05, 1.36420758281e-05, 3.90103150494e-06, 6.4920237719e-07, 3.20789759201e-08, 1.55159280979e-08], "mean": [0.000106570958451, 1.9874982172e-05, 0.000348670466337, 0.000230910300161, 0.000434283283539, 0.00100904202554, 0.000796980864834, 0.00774148385972, 0.000358248216799, 0.000205743257538, 0.000737490016036, 0.000225181138376, 0.000223824157729, 4.74395565107e-05, 4.02259283874e-05, 3.60403646482e-05, 1.22241453937e-05, 2.62725984612e-06, 3.82647749575e-06, 9.08769095531e-07, 1.12144498132e-07, 1.78587612254e-07, 2.28315730766e-08, 6.65219568319e-09, 1.3165661894e-09, 7.51598394633e-10, 7.69783459198e-10], "median": [5.02551392856e-06, 3.74267801817e-06, 1.39898329508e-05, 1.74644410436e-05, 2.86265149043e-05, 8.41752553242e-05, 5.57480016141e-05, 0.000406960200053, 2.30368896155e-05, 1.83619376912e-05, 1.31468977997e-05, 2.12084050872e-05, 4.71889688924e-06, 3.33517346007e-06, 3.33824573318e-06, 1.28034935187e-06, 6.64855463128e-07, 7.61651079983e-08, 5.40608695587e-08, 3.31426885936e-09, 1.07992148557e-09, 4.96576557651e-10, 2.42542846918e-10, 2.02461353238e-10, 2.42959014018e-10, 3.12895209742e-10, 3.69117986176e-10], "min": [1.36658703486e-24, 4.82032667274e-24, 2.41106934312e-24, 3.00436098032e-24, 4.87480540686e-24, 1.05328952612e-23, 1.11526346435e-23, 1.21695228932e-23, 8.66688896611e-24, 2.21569145275e-23, 1.80672970895e-23, 1.25271024974e-23, 3.92896275922e-23, 4.06758013531e-23, 5.14752598139e-23, 9.73599255014e-23, 7.71519659931e-23, 1.07815285991e-22, 1.40878289308e-22, 1.74621227616e-22, 2.71061518007e-22, 2.77344612101e-22, 5.28091156885e-22, 6.72217180228e-22, 9.88345829501e-22, 1.39602187518e-21, 2.04679339838e-21], "var": [7.98653303491e-08, 3.21475601694e-09, 1.15846376048e-06, 3.45527922718e-07, 3.88476746593e-06, 1.01876776171e-05, 6.72881060382e-06, 0.00025451858528, 3.32842728312e-06, 4.58851076246e-07, 2.3723781851e-05, 3.55622830739e-07, 1.56017722475e-06, 5.1440167681e-08, 1.07417568174e-08, 1.14190088496e-08, 1.84593507147e-09, 6.14054029846e-10, 5.12100362116e-10, 2.39014120995e-11, 1.41847644741e-12, 2.63717064679e-12, 8.93272543608e-14, 6.01682696654e-15, 1.6787060108e-16, 2.0641491889e-18, 1.53354095009e-18]}, "erbbands": {"dmean": [0.000259672320681, 0.00663622794673, 0.0829530730844, 0.199652329087, 0.188068583608, 0.696235716343, 1.22348177433, 3.00702595711, 2.50582122803, 33.4336509705, 20.7911224365, 5.26869153976, 3.08021521568, 2.82270884514, 12.5427322388, 5.11429691315, 4.49310445786, 1.94428682327, 0.522560834885, 1.0930672884, 0.511148273945, 0.198243588209, 0.137802749872, 0.134597271681, 0.0785373002291, 0.0243274252862, 0.010561930947, 0.00483859982342, 0.00706475926563, 0.00137446483131, 0.000416154332925, 0.000241334520979, 5.8626763348e-05, 2.2266051019e-05, 7.48116190152e-06, 3.29563295054e-06, 1.58770865255e-06, 4.87096656343e-07, 1.44710543282e-06, 3.35419144903e-06], "dmean2": [0.000443622644525, 0.0116983791813, 0.143861487508, 0.324368834496, 0.292950212955, 1.00695121288, 1.75008022785, 4.0000538826, 3.73990297318, 48.2189826965, 29.4515972137, 6.97416734695, 4.16300725937, 4.17987823486, 17.9866828918, 6.46367454529, 5.50131082535, 2.72828531265, 0.744064867496, 1.5894742012, 0.740583717823, 0.301683783531, 0.192847684026, 0.199806168675, 0.101364888251, 0.0324369631708, 0.0139286853373, 0.00744941830635, 0.00954302586615, 0.00198229262605, 0.000604898028541, 0.000366918975487, 0.000101068049844, 3.83962906199e-05, 1.25108799693e-05, 5.28347572981e-06, 2.48221795118e-06, 7.96463268671e-07, 2.00071417567e-06, 4.68936059406e-06], "dvar": [2.47629969863e-07, 0.000411583343521, 0.133335664868, 0.486856818199, 0.392045021057, 17.7297267914, 23.7103424072, 160.562042236, 50.5538215637, 14978.6972656, 3906.30664062, 1169.78027344, 135.291809082, 543.782409668, 11629.5009766, 306.656524658, 1063.86035156, 144.639923096, 6.10741090775, 17.1339473724, 4.55223464966, 0.767422258854, 1.90275168419, 0.819314777851, 0.575086951256, 0.0179135575891, 0.00654381001368, 0.00206806999631, 0.00507675902918, 0.000199542017072, 1.6332094674e-05, 5.15458486916e-06, 1.18140917493e-06, 9.53693799488e-08, 3.30107874369e-09, 7.64695182176e-11, 1.1921571369e-11, 9.78227698498e-13, 1.3404834534e-11, 7.24055537749e-11], "dvar2": [6.76503191244e-07, 0.00121465465054, 0.387540847063, 1.21857190132, 0.842024564743, 28.9430427551, 40.3699073792, 225.697372437, 110.219818115, 32492.4023438, 8141.14306641, 2455.69775391, 254.36000061, 971.704162598, 25736.0136719, 556.815002441, 1488.36230469, 351.047241211, 14.3853464127, 32.6979637146, 9.18524932861, 1.73546802998, 3.59200119972, 1.94009017944, 0.772544801235, 0.0351761765778, 0.0143901417032, 0.00532167777419, 0.0106425145641, 0.000460870447569, 3.56995151378e-05, 1.18936659419e-05, 3.37197297995e-06, 2.60466890722e-07, 8.71736194341e-09, 1.84874823783e-10, 2.69254254309e-11, 2.46488853634e-12, 2.63338396228e-11, 1.4407242066e-10], "max": [0.0135566331446, 0.447913080454, 11.2684144974, 19.4597473145, 29.8164234161, 184.008010864, 191.725646973, 528.042358398, 213.515792847, 3342.86889648, 1580.18347168, 1970.89807129, 450.850280762, 952.436218262, 3842.41333008, 517.765197754, 1351.82958984, 456.989624023, 91.3433990479, 118.805984497, 64.9548873901, 22.5281982422, 99.7286453247, 39.6235809326, 56.4485321045, 3.81685447693, 3.0480325222, 2.1647567749, 3.24283480644, 0.642375409603, 0.185933351517, 0.0732849091291, 0.0569008551538, 0.0144605124369, 0.00270244455896, 0.000287566042971, 7.05500206095e-05, 1.71347510332e-05, 9.05919878278e-05, 0.000210294820135], "mean": [0.000535684463102, 0.00974967610091, 0.238240614533, 0.756338119507, 0.624324023724, 1.65765285492, 3.24763083458, 11.7300157547, 7.33285999298, 120.208374023, 89.8921127319, 15.4543457031, 8.39363384247, 7.84016609192, 28.2611064911, 12.8183631897, 12.0279712677, 3.55114793777, 1.15320444107, 3.20514130592, 1.45888841152, 0.483986705542, 0.240587770939, 0.199500009418, 0.134939536452, 0.0372028946877, 0.0149120902643, 0.00507058575749, 0.00852163415402, 0.00149179657456, 0.000435493508121, 0.000244505528826, 6.03735279583e-05, 2.88985502266e-05, 1.50146652231e-05, 9.52739355853e-06, 5.34258333573e-06, 1.42001283621e-06, 6.23096912022e-06, 1.42941898957e-05], "median": [0.000196362714632, 0.00141276489012, 0.0146642699838, 0.0501276291907, 0.0719512104988, 0.0974609926343, 0.239613562822, 0.886356890202, 1.32210803032, 3.99844121933, 7.16785621643, 2.25331544876, 1.21415507793, 0.406342744827, 1.04002356529, 1.82417356968, 0.758834481239, 0.450109958649, 0.204740077257, 0.253795236349, 0.0726609528065, 0.0315459817648, 0.0103629706427, 0.00430965330452, 0.00114099727944, 0.000258050102275, 8.77801212482e-05, 4.4270651415e-05, 2.57887659245e-05, 1.46366655827e-05, 1.02020476334e-05, 7.77066998126e-06, 6.95804646966e-06, 5.92924152443e-06, 4.6908457989e-06, 3.44455929735e-06, 1.99832857106e-06, 5.93511231273e-07, 2.05288552024e-06, 4.60464070784e-06], "min": [1.04121769813e-22, 8.67277869629e-22, 2.68290134789e-21, 7.78028393488e-21, 2.05051466101e-20, 1.82497352723e-20, 7.46692966271e-20, 1.14314745068e-19, 1.02972922722e-19, 3.0528392976e-19, 4.09071392741e-19, 2.28412432773e-19, 6.95262882439e-19, 6.2271733326e-19, 6.48819896369e-19, 7.50049380854e-19, 1.93204430917e-18, 2.96173445211e-18, 3.73839438837e-18, 4.39503558762e-18, 5.32829632347e-18, 5.57735461564e-18, 5.998877584e-18, 7.14515966145e-18, 8.81813824061e-18, 9.00153659012e-18, 9.91751421425e-18, 1.27095341589e-17, 1.07368175858e-17, 1.30564801776e-17, 1.44710367801e-17, 1.40610364376e-17, 1.10844956594e-17, 8.91549657152e-18, 7.18244648193e-18, 4.85542405064e-18, 2.30854197563e-18, 9.63075737245e-19, 2.43207462757e-19, 2.87406456459e-20], "var": [7.50843469177e-07, 0.000558136904147, 0.50557333231, 3.78538703918, 3.61500120163, 68.7497787476, 95.1746673584, 1597.1496582, 204.441940308, 80569.5546875, 28891.4902344, 2805.44848633, 565.698669434, 2445.86499023, 31048.9394531, 944.736328125, 4044.05053711, 186.930664062, 9.36710643768, 71.296661377, 16.1319961548, 2.43968677521, 3.41023516655, 1.01342749596, 1.57674407959, 0.0343834683299, 0.00888974685222, 0.00180509488564, 0.00733530148864, 0.000224240589887, 1.87041896424e-05, 5.30737179361e-06, 7.19687818673e-07, 6.81664786839e-08, 2.88841195406e-09, 2.40331227142e-10, 6.52879694751e-11, 4.25243607688e-12, 9.69874805468e-11, 5.17237197517e-10]}, "gfcc": {"mean": [-331.011047363, 223.528152466, -117.018798828, -68.4771575928, -24.9533786774, -20.4571876526, -26.5847301483, -9.46148777008, -4.26801347733, -3.35560178757, -2.30363464355, -14.1189393997, -13.6387147903], "cov": [[24077.9042969, 2449.70092773, -5789.66943359, -542.723815918, 374.75567627, -2733.62915039, 250.470916748, 516.866821289, 788.726379395, -413.53112793, -78.1859512329, -713.3046875, 62.7972412109], [2449.70092773, 1240.41674805, -73.1111068726, -429.248535156, 126.028190613, -230.915435791, -201.892150879, -66.0335235596, -0.11562872678, -182.833023071, -105.858398438, -126.267204285, 18.2771434784], [-5789.66943359, -73.1111068726, 2286.96069336, 107.120483398, -287.087188721, 636.486999512, -184.575881958, -218.278396606, -229.427001953, 9.52419376373, -91.5756607056, 41.8182640076, -61.0262069702], [-542.723815918, -429.248535156, 107.120483398, 689.715209961, 40.1696853638, 129.06640625, 157.338775635, -123.416542053, -182.320571899, -2.37905550003, -19.8545589447, -16.2371482849, -82.2630462646], [374.75567627, 126.028190613, -287.087188721, 40.1696853638, 401.08581543, 107.97441864, 8.25588703156, -84.4955444336, -121.708778381, -40.4882049561, 50.2713470459, 23.5243358612, -1.6085152626], [-2733.62915039, -230.915435791, 636.486999512, 129.06640625, 107.97441864, 727.089355469, 127.951416016, -216.791671753, -277.698272705, -4.1578130722, 17.1080226898, 101.382469177, -33.8165397644], [250.470916748, -201.892150879, -184.575881958, 157.338775635, 8.25588703156, 127.951416016, 326.393676758, 76.650932312, -51.617149353, -38.7304077148, -29.3774929047, -49.0138130188, -14.4316654205], [516.866821289, -66.0335235596, -218.278396606, -123.416542053, -84.4955444336, -216.791671753, 76.650932312, 323.968902588, 253.934997559, 16.6692581177, -39.750453949, -43.2983398438, 11.2917728424], [788.726379395, -0.11562872678, -229.427001953, -182.320571899, -121.708778381, -277.698272705, -51.617149353, 253.934997559, 374.746582031, 85.3132705688, -27.8508644104, -29.3874931335, 22.4644508362], [-413.53112793, -182.833023071, 9.52419376373, -2.37905550003, -40.4882049561, -4.1578130722, -38.7304077148, 16.6692581177, 85.3132705688, 183.01574707, 96.9813842773, 2.42872977257, -37.1352958679], [-78.1859512329, -105.858398438, -91.5756607056, -19.8545589447, 50.2713470459, 17.1080226898, -29.3774929047, -39.750453949, -27.8508644104, 96.9813842773, 163.963851929, 84.9489212036, 5.20715713501], [-713.3046875, -126.267204285, 41.8182640076, -16.2371482849, 23.5243358612, 101.382469177, -49.0138130188, -43.2983398438, -29.3874931335, 2.42872977257, 84.9489212036, 246.269210815, 136.168380737], [62.7972412109, 18.2771434784, -61.0262069702, -82.2630462646, -1.6085152626, -33.8165397644, -14.4316654205, 11.2917728424, 22.4644508362, -37.1352958679, 5.20715713501, 136.168380737, 194.518798828]], "icov": [[0.000440722593339, -0.000835914514028, 0.000916224555112, -0.00047792022815, 0.00053984974511, 0.000436906178948, -0.000476304296171, 0.000771934981458, -0.000949173350818, 0.00112234789412, -0.00129262474366, 0.000948840694036, -0.000283862987999], [-0.000835914514028, 0.00358291273005, -0.00204274244606, 0.0022629161831, -0.0019823780749, 0.000118782671052, 0.000882984895725, 0.000135017820867, 0.00122972601093, -0.000251446501352, 0.00261940271594, -0.000865877780598, 0.000657266180497], [0.000916224555112, -0.00204274244606, 0.00317406258546, -0.00169230543543, 0.00258432189003, -0.00104037288111, 0.00117626052815, 0.000168562750332, -0.00111813086551, 0.0023138478864, -0.00278043956496, 0.00292850309052, -0.00131048855837], [-0.00047792022815, 0.0022629161831, -0.00169230543543, 0.00422183610499, -0.00211282190867, 0.00213046534918, -0.00244117411785, 0.00190996879246, 0.00175441848114, -0.00247212103568, 0.0047191279009, -0.00347494916059, 0.00288875843398], [0.00053984974511, -0.0019823780749, 0.00258432189003, -0.00211282190867, 0.00570174260065, -0.00258711748756, 0.0023184902966, -0.00120469368994, -0.000177297129994, 0.00301788304932, -0.00465793395415, 0.00330224796198, -0.00182178884279], [0.000436906178948, 0.000118782671052, -0.00104037288111, 0.00213046534918, -0.00258711748756, 0.00732174469158, -0.00632852688432, 0.00494303228334, -4.80007656734e-06, -0.00214529456571, 0.00374719221145, -0.00491341901943, 0.00384760089219], [-0.000476304296171, 0.000882984895725, 0.00117626052815, -0.00244117411785, 0.0023184902966, -0.00632852688432, 0.0112337907776, -0.00765705248341, 0.00338314287364, 0.00200411328115, -0.00257552135736, 0.00561771262437, -0.00426735077053], [0.000771934981458, 0.000135017820867, 0.000168562750332, 0.00190996879246, -0.00120469368994, 0.00494303228334, -0.00765705248341, 0.0143042625859, -0.00930959824473, 0.00424361787736, -0.00111541326623, -0.000621358456556, 0.00239975773729], [-0.000949173350818, 0.00122972601093, -0.00111813086551, 0.00175441848114, -0.000177297129994, -4.80007656734e-06, 0.00338314287364, -0.00930959824473, 0.0143444752321, -0.0108772488311, 0.00953661184758, -0.0045373942703, 0.000559006351978], [0.00112234789412, -0.000251446501352, 0.0023138478864, -0.00247212103568, 0.00301788304932, -0.00214529456571, 0.00200411328115, 0.00424361787736, -0.0108772488311, 0.0224647317082, -0.0184292588383, 0.0104660661891, -0.00239220168442], [-0.00129262474366, 0.00261940271594, -0.00278043956496, 0.0047191279009, -0.00465793395415, 0.00374719221145, -0.00257552135736, -0.00111541326623, 0.00953661184758, -0.0184292588383, 0.0266925953329, -0.0152498753741, 0.00712232710794], [0.000948840694036, -0.000865877780598, 0.00292850309052, -0.00347494916059, 0.00330224796198, -0.00491341901943, 0.00561771262437, -0.000621358456556, -0.0045373942703, 0.0104660661891, -0.0152498753741, 0.0195546913892, -0.0119083030149], [-0.000283862987999, 0.000657266180497, -0.00131048855837, 0.00288875843398, -0.00182178884279, 0.00384760089219, -0.00426735077053, 0.00239975773729, 0.000559006351978, -0.00239220168442, 0.00712232710794, -0.0119083030149, 0.0138034522533]]}, "melbands": {"dmean": [4.67702693641e-06, 3.19058417517e-05, 3.42068087775e-05, 2.51180172199e-05, 4.67805402877e-05, 6.29434507573e-05, 4.18420786445e-05, 0.000399720331188, 0.000138282746775, 2.63888996415e-05, 1.47248911162e-05, 8.84827113623e-06, 4.38383067376e-05, 1.65406800079e-05, 1.05961225927e-05, 7.37985646992e-06, 3.69164627045e-06, 8.91368586053e-07, 9.26031020754e-07, 1.64508787748e-06, 4.38498972244e-07, 2.4851510716e-07, 1.76946443275e-07, 8.34468778521e-08, 1.25837203768e-07, 5.22272216585e-08, 3.7836031197e-08, 1.41780125418e-08, 9.41624467288e-09, 4.37812630594e-09, 2.05309969026e-09, 4.89761831091e-09, 1.30940513987e-09, 6.97459701104e-10, 2.07298220256e-10, 2.47324855041e-10, 9.66441926487e-11, 3.83131963655e-11, 2.6603101666e-11, 1.82745485411e-11], "dmean2": [8.08451750345e-06, 5.5208667618e-05, 5.43146488781e-05, 3.75628806069e-05, 6.55627591186e-05, 8.45890826895e-05, 6.5666718001e-05, 0.000562650966458, 0.000195448272279, 3.50842747139e-05, 2.00139129447e-05, 1.34975289257e-05, 6.28210691502e-05, 2.29914057854e-05, 1.29094978547e-05, 9.23405332287e-06, 5.37380219612e-06, 1.27667112793e-06, 1.34758647619e-06, 2.35760649048e-06, 6.3934606942e-07, 3.80586755e-07, 2.52342033491e-07, 1.17172717751e-07, 1.90439038761e-07, 6.67113795316e-08, 5.18150784501e-08, 1.9216779279e-08, 1.21677237175e-08, 6.98068980398e-09, 3.20354365257e-09, 6.66008359573e-09, 1.81558890144e-09, 1.07289022111e-09, 3.15397680195e-10, 3.59466428845e-10, 1.52031748302e-10, 6.85269202494e-11, 4.64129984445e-11, 3.24512396122e-11], "dvar": [1.02894408271e-10, 1.86637265642e-08, 1.25263861506e-08, 1.60487196865e-08, 4.20395132039e-08, 6.20663200834e-08, 2.14509920937e-08, 1.99472788154e-06, 1.89141118767e-07, 5.15971123605e-08, 2.98339175586e-09, 6.11121020455e-09, 1.42215967003e-07, 1.16249800897e-08, 2.64198063427e-09, 3.0160214326e-09, 6.27926599606e-10, 2.16080851129e-11, 1.15401741982e-11, 3.66143851349e-11, 3.10872703448e-12, 1.69025340599e-12, 1.03888750901e-12, 9.8465170479e-13, 8.16997619731e-13, 3.06283942436e-13, 7.47976374306e-14, 9.97930935071e-15, 6.95408416927e-15, 4.56441576023e-15, 2.65771992613e-16, 2.35528247127e-15, 1.64247404413e-16, 8.14065167633e-17, 3.31518438516e-18, 5.80575448561e-18, 8.53701160365e-19, 4.7337002876e-19, 1.93217267727e-19, 8.02731544715e-20], "dvar2": [2.9250812883e-10, 5.36922257766e-08, 3.0281508856e-08, 2.92380963884e-08, 6.45382485231e-08, 8.98880045952e-08, 5.03662391793e-08, 4.08871665059e-06, 4.05678036941e-07, 1.08806396781e-07, 5.52580203816e-09, 1.12108367034e-08, 2.84582512222e-07, 2.68133657499e-08, 3.61265106719e-09, 4.6039927426e-09, 1.55590107465e-09, 5.07289661666e-11, 2.19424894921e-11, 7.09060171689e-11, 6.60153225487e-12, 3.83012848867e-12, 1.93128976353e-12, 1.89400513502e-12, 1.94613899648e-12, 3.98901370919e-13, 1.18998344165e-13, 1.94537752064e-14, 1.46687353155e-14, 1.19132134713e-14, 6.55674599003e-16, 4.96092670592e-15, 3.47060500481e-16, 1.9870446648e-16, 7.64115121881e-18, 1.1899920381e-17, 2.01713079532e-18, 1.35149752242e-18, 5.52414219024e-19, 2.17336639467e-19], "max": [0.00028733612271, 0.00425333343446, 0.00287090032361, 0.00593789387494, 0.00904743373394, 0.0102334143594, 0.00500248419121, 0.0399895682931, 0.0116768740118, 0.0134501457214, 0.00182298873551, 0.00302089215256, 0.0128492806107, 0.00378265557811, 0.00218959664926, 0.00237318710424, 0.000980259617791, 0.000174187895027, 9.64074133663e-05, 0.000164067881997, 4.62814241473e-05, 3.44623658748e-05, 5.10568752361e-05, 7.17547882232e-05, 3.96925570385e-05, 4.0977349272e-05, 1.74134074769e-05, 2.7025757845e-06, 3.35919366989e-06, 3.7356651319e-06, 4.34395985849e-07, 2.03926424547e-06, 5.87655449635e-07, 3.97747470515e-07, 7.39578425168e-08, 1.01263871954e-07, 2.94792279476e-08, 3.60226444229e-08, 2.20866702705e-08, 1.30624568939e-08], "mean": [8.61384887685e-06, 9.37773947953e-05, 0.000131555920234, 6.52483649901e-05, 0.000125700724311, 0.000235882820562, 9.30977184908e-05, 0.00152244977653, 0.000596219324507, 6.34043972241e-05, 3.81695281249e-05, 2.39472574322e-05, 0.000108126121631, 3.43105421052e-05, 2.84494926746e-05, 1.87789755728e-05, 5.71551663597e-06, 1.68381927779e-06, 2.62693993136e-06, 4.72951160191e-06, 1.15629518405e-06, 5.90656782151e-07, 3.23235070709e-07, 1.27238038772e-07, 1.78709456122e-07, 9.53322683017e-08, 5.77177736716e-08, 2.05920631657e-08, 1.36598021783e-08, 4.10229672454e-09, 2.16985629464e-09, 5.92563287327e-09, 1.54075763259e-09, 6.80700384947e-10, 2.10438833026e-10, 2.43659592503e-10, 9.07085934143e-11, 3.23546571479e-11, 2.36998372316e-11, 1.6532442082e-11], "median": [2.16746752812e-06, 5.19845707458e-06, 1.0246732927e-05, 5.49779178982e-06, 8.25650568004e-06, 1.7875834601e-05, 1.43424840644e-05, 5.4022835684e-05, 5.27148804395e-05, 5.38012136531e-06, 3.03272508972e-06, 6.33403715256e-07, 1.73689477379e-06, 3.77074184144e-06, 2.72390275313e-06, 5.00118972013e-07, 4.30638920079e-07, 2.0969208947e-07, 2.21147232082e-07, 2.16704890477e-07, 4.19329921897e-08, 2.97979863007e-08, 8.32115354399e-09, 2.34425057144e-09, 2.92306445715e-09, 5.87925486073e-10, 2.39685049586e-10, 8.8466893533e-11, 3.59142993123e-11, 2.32642100029e-11, 1.70279242095e-11, 1.17067813776e-11, 6.93943687236e-12, 5.09914029403e-12, 3.81403849475e-12, 2.83910395193e-12, 2.4469525798e-12, 2.45624072297e-12, 2.32261258837e-12, 2.14445518634e-12], "min": [1.58270129769e-24, 1.42606369584e-24, 1.72130593368e-24, 1.45123003505e-24, 2.47945983651e-24, 2.44709819838e-24, 1.77764874611e-24, 2.44555597532e-24, 2.71984370092e-24, 1.36954417857e-24, 3.20425300889e-24, 2.53364925589e-24, 2.13842994238e-24, 1.74740184685e-24, 2.77724082595e-24, 4.30343581979e-24, 5.03063028476e-24, 4.82491311005e-24, 4.32021331352e-24, 6.25181654832e-24, 4.83065404528e-24, 4.52702542717e-24, 5.83973691068e-24, 5.44038357159e-24, 4.50478270509e-24, 5.32401041642e-24, 4.7504122973e-24, 5.70446146493e-24, 6.01169557181e-24, 6.04374107394e-24, 6.87838667724e-24, 4.54872067978e-24, 4.7842319476e-24, 6.78351905363e-24, 6.95640580962e-24, 5.36568475475e-24, 7.62906987009e-24, 6.80497843684e-24, 7.04896049305e-24, 6.75522419069e-24], "var": [2.67743549554e-10, 7.72387096504e-08, 9.8553492478e-08, 7.05231073539e-08, 1.76333855961e-07, 5.99233487719e-07, 5.51102985469e-08, 1.24753869386e-05, 1.29558918616e-06, 1.09996449282e-07, 1.31681083815e-08, 2.53880632073e-08, 5.23233666172e-07, 1.85848918477e-08, 1.0323510935e-08, 1.03613109204e-08, 6.93223312087e-10, 3.05689917823e-11, 4.79739373227e-11, 1.41575931534e-10, 1.06711696771e-11, 5.25602348103e-12, 3.18466975881e-12, 1.5961874834e-12, 9.76200565696e-13, 9.0111376477e-13, 1.77628636626e-13, 1.78339500557e-14, 1.01646494769e-14, 3.61521327536e-15, 3.12070866449e-16, 3.49063230476e-15, 2.23908712684e-16, 7.86361168383e-17, 3.50506204041e-18, 7.02073184499e-18, 8.3723023661e-19, 2.85667858521e-19, 1.19909200195e-19, 5.69421117041e-20]}, "mfcc": {"mean": [-906.29095459, 194.142562866, 9.07688522339, -23.8382205963, -3.1243686676, -6.7713637352, -12.436873436, -10.1559677124, -5.79363775253, 0.237070351839, 4.81145858765, 8.49368858337, 7.90363740921], "cov": [[8782.13476562, 4846.95458984, -2654.62744141, -879.129638672, 116.032546997, -956.824951172, -829.835449219, -134.039352417, 158.173431396, 168.823287964, -123.436798096, -48.5042037964, 366.613586426], [4846.95458984, 3261.34375, -1048.60546875, -752.414489746, 35.1189041138, -498.007537842, -563.670715332, -140.358413696, 79.4522628784, 37.117149353, -123.278068542, -41.6740074158, 144.275741577], [-2654.62744141, -1048.60546875, 1373.67211914, 307.527191162, -127.063224792, 315.314422607, 210.508773804, -21.220249176, -66.9485015869, -85.3240737915, -14.4336833954, -39.8938293457, -197.184783936], [-879.129638672, -752.414489746, 307.527191162, 575.631652832, 83.7549133301, 20.2528610229, 116.885742188, 3.82063817978, -55.0030860901, -5.49247646332, 2.48131585121, -16.0704250336, -23.2222805023], [116.032546997, 35.1189041138, -127.063224792, 83.7549133301, 260.158691406, 82.8461761475, -13.2277259827, -17.3050785065, -62.743686676, -82.1023406982, -42.9114952087, -2.73676967621, -3.6520550251], [-956.824951172, -498.007537842, 315.314422607, 20.2528610229, 82.8461761475, 479.040161133, 362.963104248, 52.9328193665, -120.470161438, -121.409263611, -7.22087287903, -57.0620193481, -171.474395752], [-829.835449219, -563.670715332, 210.508773804, 116.885742188, -13.2277259827, 362.963104248, 493.512664795, 152.844070435, -89.0622940063, -48.5533294678, 13.4727096558, -62.3169441223, -151.580749512], [-134.039352417, -140.358413696, -21.220249176, 3.82063817978, -17.3050785065, 52.9328193665, 152.844070435, 210.904846191, 118.552757263, -3.84001231194, -30.5461730957, -46.11536026, -24.7666664124], [158.173431396, 79.4522628784, -66.9485015869, -55.0030860901, -62.743686676, -120.470161438, -89.0622940063, 118.552757263, 234.697555542, 112.13369751, -18.1963768005, -13.0615596771, 60.7774009705], [168.823287964, 37.117149353, -85.3240737915, -5.49247646332, -82.1023406982, -121.409263611, -48.5533294678, -3.84001231194, 112.13369751, 218.708496094, 126.007377625, 31.5247421265, 21.3294181824], [-123.436798096, -123.278068542, -14.4336833954, 2.48131585121, -42.9114952087, -7.22087287903, 13.4727096558, -30.5461730957, -18.1963768005, 126.007377625, 220.932067871, 105.598770142, -36.722202301], [-48.5042037964, -41.6740074158, -39.8938293457, -16.0704250336, -2.73676967621, -57.0620193481, -62.3169441223, -46.11536026, -13.0615596771, 31.5247421265, 105.598770142, 187.982223511, 129.089279175], [366.613586426, 144.275741577, -197.184783936, -23.2222805023, -3.6520550251, -171.474395752, -151.580749512, -24.7666664124, 60.7774009705, 21.3294181824, -36.722202301, 129.089279175, 307.845916748]], "icov": [[0.0888626128435, -0.12488103658, 0.124705038965, -0.122059419751, 0.120330564678, -0.115492023528, 0.107921600342, -0.0972820296884, 0.0837585479021, -0.0680930837989, 0.0517758205533, -0.0309829395264, 0.0131304683164], [-0.12488103658, 0.176206350327, -0.175115168095, 0.172499030828, -0.169670954347, 0.163243860006, -0.151914089918, 0.137191012502, -0.11767989397, 0.0956754535437, -0.0724828466773, 0.0438628606498, -0.0182975195348], [0.124705038965, -0.175115168095, 0.176899924874, -0.17289198935, 0.171692237258, -0.165355890989, 0.154489904642, -0.138270840049, 0.119251474738, -0.0973436683416, 0.0755335837603, -0.0459685847163, 0.0201904699206], [-0.122059419751, 0.172499030828, -0.17289198935, 0.173191606998, -0.170898631215, 0.16632117331, -0.156209304929, 0.140821278095, -0.120890192688, 0.0987306386232, -0.0759771242738, 0.0469936802983, -0.0198749117553], [0.120330564678, -0.169670954347, 0.171692237258, -0.170898631215, 0.176031112671, -0.170177459717, 0.162536859512, -0.148078262806, 0.1295478791, -0.104785092175, 0.0820086225867, -0.050414826721, 0.0213218610734], [-0.115492023528, 0.163243860006, -0.165355890989, 0.16632117331, -0.170177459717, 0.176111146808, -0.170468702912, 0.157626524568, -0.138908028603, 0.116060979664, -0.0877470225096, 0.0531839430332, -0.0209004264325], [0.107921600342, -0.151914089918, 0.154489904642, -0.156209304929, 0.162536859512, -0.170468702912, 0.175770238042, -0.169007405639, 0.151871398091, -0.124458998442, 0.0930863544345, -0.0554798878729, 0.0227783024311], [-0.0972820296884, 0.137191012502, -0.138270840049, 0.140821278095, -0.148078262806, 0.157626524568, -0.169007405639, 0.176874548197, -0.160023063421, 0.129688218236, -0.0950586944818, 0.0565479844809, -0.0217757578939], [0.0837585479021, -0.11767989397, 0.119251474738, -0.120890192688, 0.1295478791, -0.138908028603, 0.151871398091, -0.160023063421, 0.153846785426, -0.124820128083, 0.0915616154671, -0.0520872473717, 0.0197768844664], [-0.0680930837989, 0.0956754535437, -0.0973436683416, 0.0987306386232, -0.104785092175, 0.116060979664, -0.124458998442, 0.129688218236, -0.124820128083, 0.11290038377, -0.0849729329348, 0.0497253239155, -0.02026283741], [0.0517758205533, -0.0724828466773, 0.0755335837603, -0.0759771242738, 0.0820086225867, -0.0877470225096, 0.0930863544345, -0.0950586944818, 0.0915616154671, -0.0849729329348, 0.0760409906507, -0.0486504212022, 0.0225263349712], [-0.0309829395264, 0.0438628606498, -0.0459685847163, 0.0469936802983, -0.050414826721, 0.0531839430332, -0.0554798878729, 0.0565479844809, -0.0520872473717, 0.0497253239155, -0.0486504212022, 0.0409091226757, -0.0194206275046], [0.0131304683164, -0.0182975195348, 0.0201904699206, -0.0198749117553, 0.0213218610734, -0.0209004264325, 0.0227783024311, -0.0217757578939, 0.0197768844664, -0.02026283741, 0.0225263349712, -0.0194206275046, 0.0140252979472]]}, "spectral_contrast_coeffs": {"dmean": [0.0417164973915, 0.0374244824052, 0.0318326056004, 0.027262173593, 0.019125578925, 0.0325723700225], "dmean2": [0.0697585046291, 0.0598913803697, 0.0497140958905, 0.043476883322, 0.0299952551723, 0.0574744939804], "dvar": [0.00116679701023, 0.00158760615159, 0.00106299482286, 0.000947532185819, 0.000427963095717, 0.00120063673239], "dvar2": [0.0030090874061, 0.00372724491172, 0.00254123215564, 0.00230752839707, 0.000975382514298, 0.00324274832383], "max": [-0.2908385396, -0.297741055489, -0.432290762663, -0.427978992462, -0.569341778755, -0.626345038414], "mean": [-0.654393970966, -0.621371090412, -0.700961649418, -0.692792534828, -0.769589364529, -0.885613739491], "median": [-0.667214870453, -0.616615176201, -0.696212589741, -0.687172174454, -0.755641460419, -0.899462878704], "min": [-0.994937300682, -0.976996183395, -0.976630568504, -0.969345450401, -0.971256136894, -0.964146494865], "var": [0.012274206616, 0.0167481116951, 0.00726917246357, 0.00549874641001, 0.00671589048579, 0.00317225558683]}, "spectral_contrast_valleys": {"dmean": [0.463718354702, 0.401587694883, 0.373560547829, 0.34075731039, 0.303722858429, 0.668677508831], "dmean2": [0.766875565052, 0.641635537148, 0.586759924889, 0.543128192425, 0.487911760807, 1.19279682636], "dvar": [0.166980177164, 0.233111962676, 0.227448359132, 0.232965797186, 0.246976599097, 0.413257449865], "dvar2": [0.