{"lowlevel": {"average_loudness": 0.199721470475, "barkbands_crest": {"dmean": 1.64267766476, "dmean2": 2.54037094116, "dvar": 2.79676795006, "dvar2": 6.7379989624, "max": 26.6108264923, "mean": 13.7518339157, "median": 13.1214485168, "min": 3.27428555489, "var": 23.0791282654}, "barkbands_flatness_db": {"dmean": 0.0127210952342, "dmean2": 0.0189071148634, "dvar": 0.000212575367186, "dvar2": 0.000427268882049, "max": 0.566027760506, "mean": 0.255572021008, "median": 0.250710397959, "min": 0.06862218678, "var": 0.00596490688622}, "barkbands_kurtosis": {"dmean": 3.82400655746, "dmean2": 5.8467092514, "dvar": 203.854400635, "dvar2": 422.120056152, "max": 578.522277832, "mean": 10.4681081772, "median": 3.59785747528, "min": -1.93415510654, "var": 1092.70239258}, "barkbands_skewness": {"dmean": 0.407726883888, "dmean2": 0.606440484524, "dvar": 0.3476164639, "dvar2": 0.773033857346, "max": 19.1297798157, "mean": 1.89011466503, "median": 1.62751019001, "min": -13.183016777, "var": 3.35481786728}, "barkbands_spread": {"dmean": 1.75428175926, "dmean2": 2.67197680473, "dvar": 8.40597820282, "dvar2": 18.5921630859, "max": 117.130271912, "mean": 11.7813959122, "median": 8.67530918121, "min": 0.128184467554, "var": 111.84778595}, "dissonance": {"dmean": 0.0273969229311, "dmean2": 0.0463311746716, "dvar": 0.000778655172326, "dvar2": 0.00215779175051, "max": 0.499451130629, "mean": 0.422662764788, "median": 0.433048963547, "min": 0.131637766957, "var": 0.00254090200178}, "dynamic_complexity": 6.46285009384, "erbbands_crest": {"dmean": 2.53386259079, "dmean2": 3.89939975739, "dvar": 5.58019113541, "dvar2": 13.2678031921, "max": 34.1330604553, "mean": 12.9214839935, "median": 11.4842977524, "min": 2.94953012466, "var": 36.238899231}, "erbbands_flatness_db": {"dmean": 0.0131673607975, "dmean2": 0.0188725627959, "dvar": 0.000195654632989, "dvar2": 0.000391475332435, "max": 0.503628969193, "mean": 0.255222320557, "median": 0.245892733335, "min": 0.0510989762843, "var": 0.00484243081883}, "erbbands_kurtosis": {"dmean": 1.68191063404, "dmean2": 2.52912831306, "dvar": 24.0523357391, "dvar2": 48.7096443176, "max": 174.859176636, "mean": 3.14712953568, "median": 0.606584787369, "min": -1.8320505619, "var": 112.8465271}, "erbbands_skewness": {"dmean": 0.329542219639, "dmean2": 0.490412056446, "dvar": 0.11681188643, "dvar2": 0.254762381315, "max": 10.0798034668, "mean": 0.636611223221, "median": 0.616095840931, "min": -4.49272584915, "var": 1.78531813622}, "erbbands_spread": {"dmean": 3.74419927597, "dmean2": 5.67056560516, "dvar": 20.3366413116, "dvar2": 43.4707984924, "max": 153.892333984, "mean": 21.6828708649, "median": 20.440530777, "min": 0.620875954628, "var": 167.073638916}, "hfc": {"dmean": 1.7522765398, "dmean2": 2.57559728622, "dvar": 12.8226547241, "dvar2": 30.0159091949, "max": 101.905250549, "mean": 9.40822792053, "median": 4.09063434601, "min": 1.21049981418e-16, "var": 183.455810547}, "melbands_crest": {"dmean": 1.91101264954, "dmean2": 2.98145747185, "dvar": 3.97494697571, "dvar2": 9.85613059998, "max": 35.8509140015, "mean": 16.7854137421, "median": 16.4579772949, "min": 2.02261924744, "var": 25.9078063965}, "melbands_flatness_db": {"dmean": 0.0135932313278, "dmean2": 0.0199137367308, "dvar": 0.000258345127804, "dvar2": 0.00046351927449, "max": 0.669857084751, "mean": 0.334590852261, "median": 0.322194755077, "min": 0.00773334922269, "var": 0.00768716726452}, "melbands_kurtosis": {"dmean": 4.39078617096, "dmean2": 6.79641675949, "dvar": 154.508743286, "dvar2": 404.819061279, "max": 501.015380859, "mean": 12.9801120758, "median": 6.78349590302, "min": -1.84352743626, "var": 488.118164062}, "melbands_skewness": {"dmean": 0.447812438011, "dmean2": 0.660140991211, "dvar": 0.285603791475, "dvar2": 0.665055155754, "max": 15.0659599304, "mean": 2.33844852448, "median": 2.09133958817, "min": -2.76102018356, "var": 2.13659548759}, "melbands_spread": {"dmean": 2.22494125366, "dmean2": 3.3259472847, "dvar": 12.8459939957, "dvar2": 27.6415424347, "max": 148.272888184, "mean": 13.0629034042, "median": 9.9287853241, "min": 0.204250171781, "var": 133.978424072}, "pitch_salience": {"dmean": 0.0456580780447, "dmean2": 0.0710933431983, "dvar": 0.00192365504336, "dvar2": 0.00460519641638, "max": 0.853088259697, "mean": 0.464391380548, "median": 0.460367292166, "min": 0.0438613221049, "var": 0.0149453729391}, "silence_rate_20dB": {"dmean": 0, "dmean2": 0, "dvar": 0, "dvar2": 0, "max": 1, "mean": 1, "median": 1, "min": 1, "var": 0}, "silence_rate_30dB": {"dmean": 0.00604894151911, "dmean2": 0.0120995463803, "dvar": 0.00601285742596, "dvar2": 0.0149774802849, "max": 1, "mean": 0.990378022194, "median": 1, "min": 0, "var": 0.00952904112637}, "silence_rate_60dB": {"dmean": 0.0118229305372, "dmean2": 0.0236491132528, "dvar": 0.0116825727746, "dvar2": 0.0263895001262, "max": 1, "mean": 0.177869409323, "median": 0, "min": 0, "var": 0.146234661341}, "spectral_centroid": {"dmean": 82.9370193481, "dmean2": 128.822860718, "dvar": 19277.4863281, "dvar2": 32757.1640625, "max": 10910.2695312, "mean": 752.149230957, "median": 677.54864502, "min": 176.942779541, "var": 186727.296875}, "spectral_complexity": {"dmean": 1.35083866119, "dmean2": 2.23291635513, "dvar": 1.78926134109, "dvar2": 4.52635288239, "max": 37, "mean": 10.2177324295, "median": 9, "min": 0, "var": 48.2943954468}, "spectral_decrease": {"dmean": 7.05098646137e-10, "dmean2": 1.08560371803e-09, "dvar": 1.58250745741e-18, "dvar2": 4.09004995987e-18, "max": 1.33081983849e-15, "mean": -5.26633447961e-09, "median": -3.81301656915e-09, "min": -4.3449833953e-08, "var": 3.13240658654e-17}, "spectral_energy": {"dmean": 0.00279393885285, "dmean2": 0.00428945850581, "dvar": 2.46866020461e-05, "dvar2": 6.36400000076e-05, "max": 0.169784605503, "mean": 0.0207296926528, "median": 0.0147912865505, "min": 1.04465948185e-20, "var": 0.000494034087751}, "spectral_energyband_high": {"dmean": 2.73138339253e-05, "dmean2": 4.55074914498e-05, "dvar": 1.15901395148e-08, "dvar2": 3.12744603548e-08, "max": 0.00235237530433, "mean": 8.58359126141e-05, "median": 7.84666372056e-06, "min": 7.73339878846e-21, "var": 6.19272881863e-08}, "spectral_energyband_low": {"dmean": 0.000732218031771, "dmean2": 0.00107331317849, "dvar": 4.11291557612e-06, "dvar2": 7.37359505365e-06, "max": 0.0738480314612, "mean": 0.00868254434317, "median": 0.00629154732451, "min": 5.95025032816e-23, "var": 0.000104233404272}, "spectral_energyband_middle_high": {"dmean": 0.000981129589491, "dmean2": 0.00137764681131, "dvar": 5.42025964023e-06, "dvar2": 1.18460575322e-05, "max": 0.0576380342245, "mean": 0.00368382455781, "median": 0.000818884989712, "min": 1.3679100532e-21, "var": 4.2070649215e-05}, "spectral_energyband_middle_low": {"dmean": 0.00207409262657, "dmean2": 0.00332862697542, "dvar": 1.49320130731e-05, "dvar2": 4.41570591647e-05, "max": 0.0945927649736, "mean": 0.00863885227591, "median": 0.00505890510976, "min": 1.93634719185e-22, "var": 0.000118389820273}, "spectral_entropy": {"dmean": 0.116600207984, "dmean2": 0.172616153955, "dvar": 0.0179178919643, "dvar2": 0.0347932614386, "max": 9.8053483963, "mean": 6.51258897781, "median": 6.58595514297, "min": 3.19856643677, "var": 0.349916607141}, "spectral_flux": {"dmean": 0.00852590054274, "dmean2": 0.0137652847916, "dvar": 9.62571284617e-05, "dvar2": 0.000234418417676, "max": 0.197132080793, "mean": 0.0346515849233, "median": 0.028449613601, "min": 1.02208581876e-10, "var": 0.000779794121627}, "spectral_kurtosis": {"dmean": 7.34160852432, "dmean2": 12.597533226, "dvar": 124.426887512, "dvar2": 330.622253418, "max": 196.053375244, "mean": 18.7304763794, "median": 11.2344684601, "min": -1.23178553581, "var": 586.919921875}, "spectral_rms": {"dmean": 0.000271407945547, "dmean2": 0.000404684164096, "dvar": 1.11138383829e-07, "dvar2": 2.59869693764e-07, "max": 0.012870256789, "mean": 0.00387617317028, "median": 0.00379875279032, "min": 3.19245975142e-12, "var": 5.19935247212e-06}, "spectral_rolloff": {"dmean": 136.278091431, "dmean2": 239.645095825, "dvar": 404369.78125, "dvar2": 816700.5625, "max": 19853.6132812, "mean": 997.900695801, "median": 602.9296875, "min": 64.599609375, "var": 4773815.5}, "spectral_skewness": {"dmean": 0.521003127098, "dmean2": 0.890997946262, "dvar": 0.373595267534, "dvar2": 1.01458072662, "max": 11.3419246674, "mean": 2.71252703667, "median": 2.26991987228, "min": -0.015467710793, "var": 2.27265501022}, "spectral_spread": {"dmean": 239679.046875, "dmean2": 390050.59375, "dvar": 437950644224, "dvar2": 736740311040, "max": 44138604, "mean": 2501004.75, "median": 2240537.5, "min": 334732.3125, "var": 3604864303100.0}, "spectral_strongpeak": {"dmean": 0.254748642445, "dmean2": 0.441307276487, "dvar": 0.665063977242, "dvar2": 1.50880181789, "max": 16.5585918427, "mean": 0.662621974945, "median": 0.316754281521, "min": 0, "var": 1.55207645893}, "zerocrossingrate": {"dmean": 0.00414502061903, "dmean2": 0.00515813799575, "dvar": 0.00015003028966, "dvar2": 0.000193649320863, "max": 0.78125, "mean": 0.0363981276751, "median": 0.02734375, "min": 0.00244140625, "var": 0.0039742984809}, "barkbands": {"dmean": [3.47293134837e-05, 0.000548719952349, 0.000169508784893, 0.000245150120463, 0.00105757231358, 0.000723829376511, 0.000652065908071, 0.000412370864069, 0.00011886878201, 0.000230089135584, 0.00034791851067, 0.000141903408803, 0.000364951585652, 0.000174521919689, 0.00012544071069, 0.000130462532979, 8.40353532112e-05, 4.38012684754e-05, 4.71724561066e-05, 3.0774208426e-05, 9.8273922049e-06, 5.95853452978e-06, 2.40051986111e-06, 2.25152348321e-06, 2.9500185974e-06, 2.14877843518e-07, 1.44822891457e-07], "dmean2": [4.76556706417e-05, 0.000833053665701, 0.000234212173382, 0.000382627622457, 0.00167141947895, 0.00116826756857, 0.00113772111945, 0.000517066451721, 0.00016058406618, 0.000301619555103, 0.000540734501556, 0.00021747626306, 0.000443294877186, 0.000243745220359, 0.000199207512196, 0.000221004273044, 0.00013894251606, 7.44291901356e-05, 8.00318230176e-05, 5.43697424291e-05, 1.70604325831e-05, 1.02818121377e-05, 4.17987530454e-06, 3.05815865431e-06, 4.48069386039e-06, 3.72149088435e-07, 2.14607652538e-07], "dvar": [3.70136064021e-08, 2.94513574772e-06, 2.11880077927e-07, 6.01927524713e-07, 5.33083539267e-06, 1.62904188983e-06, 3.57948738383e-06, 1.12766008442e-06, 8.5044675302e-08, 3.16264930689e-07, 1.78238326498e-06, 2.24434586471e-07, 1.56866451562e-06, 4.34525588844e-07, 1.36965638831e-07, 3.39783269965e-07, 1.18735357546e-07, 3.0832467246e-08, 4.01591755406e-08, 1.82897821333e-08, 1.53732615527e-09, 7.33248517459e-10, 1.01243770312e-10, 6.61620536135e-10, 2.35140906746e-09, 1.7148722763e-12, 5.16638977693e-13], "dvar2": [5.57514105992e-08, 5.60642138225e-06, 3.60107577535e-07, 1.67374264493e-06, 1.52946049639e-05, 4.57967462353e-06, 1.16037554108e-05, 1.72545821897e-06, 1.58180299081e-07, 5.44259762592e-07, 4.55076678918e-06, 5.47970671505e-07, 2.03562512979e-06, 8.42487224872e-07, 3.71584121694e-07, 9.81085918283e-07, 3.21736280284e-07, 8.86868392058e-08, 1.11536536451e-07, 5.43359064409e-08, 4.61339277891e-09, 2.15754547561e-09, 3.00821395571e-10, 1.08302533608e-09, 5.10349273952e-09, 5.46592155218e-12, 1.09042809504e-12], "max": [0.00867100991309, 0.0589835233986, 0.0171362888068, 0.0223556347191, 0.0729375481606, 0.0273562353104, 0.0576797276735, 0.0331247225404, 0.0108479578048, 0.0250718537718, 0.0431062504649, 0.0109541583806, 0.0489721521735, 0.0338686108589, 0.00882053282112, 0.0143835749477, 0.0132477656007, 0.0048036808148, 0.00654705706984, 0.00344501016662, 0.00104104611091, 0.000998721574433, 0.000225101015531, 0.00191936281044, 0.00218289531767, 4.87705219712e-05, 2.7821486583e-05], "mean": [0.000570484553464, 0.00731329573318, 0.000549632706679, 0.000572755292524, 0.00341976969503, 0.0014477086952, 0.00142127403524, 0.0012239345815, 0.000320248422213, 0.000553974765353, 0.000670941430144, 0.000274010526482, 0.00100842211396, 0.000494149280712, 0.00024205421505, 0.000212371858652, 0.000160221956321, 8.03327129688e-05, 8.20095519884e-05, 5.59133914066e-05, 2.28564767895e-05, 1.35536138259e-05, 6.36938511889e-06, 5.54508778805e-06, 6.41285487291e-06, 7.8246580415e-07, 6.34677633116e-07], "median": [1.50388552811e-06, 0.00546753779054, 0.000164108903846, 0.000189053127542, 0.0012270975858, 0.000791873142589, 0.000259879394434, 0.000138521994813, 8.46469411044e-05, 0.000127978433738, 6.33979070699e-05, 2.99842886307e-05, 4.06189574278e-05, 3.13207674481e-05, 3.38521313097e-05, 2.8687170925e-05, 2.99216426356e-05, 1.12089855975e-05, 9.95981918095e-06, 6.32591309113e-06, 1.97763415599e-06, 9.25171434574e-07, 3.18333349014e-07, 1.35766015319e-07, 4.34685816231e-08, 1.35067930174e-08, 1.70248881659e-08], "min": [1.05806513227e-23, 1.91698674663e-23, 1.32728135e-23, 1.3793810374e-23, 2.35747547428e-23, 2.67229439988e-23, 5.63032550035e-24, 4.87207247714e-23, 2.96817182852e-23, 2.84582076429e-23, 2.59647129849e-23, 4.28888812029e-23, 4.39351726651e-23, 7.79203038931e-23, 7.58632701966e-23, 1.27358740627e-22, 2.60055608336e-22, 1.81224220585e-22, 1.39103617328e-22, 2.57748019794e-22, 3.7805627506e-22, 4.9666677544e-22, 5.82573147417e-22, 6.05366153625e-22, 1.09219809287e-21, 1.63978549896e-21, 2.53296698587e-21], "var": [1.6069634512e-06, 7.22136173863e-05, 1.30529167564e-06, 9.90522266875e-07, 2.79468895314e-05, 4.24356403528e-06, 1.27013454403e-05, 8.91000308911e-06, 5.86725093399e-07, 1.40432314311e-06, 3.70453335563e-06, 6.22005700279e-07, 1.1655220078e-05, 3.47810146195e-06, 3.45689869619e-07, 6.139684956e-07, 3.14748945129e-07, 6.66926212034e-08, 7.2262814399e-08, 3.60617313788e-08, 5.22726528729e-09, 1.99135863355e-09, 4.37462732705e-10, 2.4030035739e-09, 4.83461848333e-09, 7.3515742105e-12, 5.00337965503e-12]}, "erbbands": {"dmean": [0.0175042804331, 0.122716479003, 0.204305648804, 0.517887294292, 1.67516803741, 4.62938833237, 4.78533220291, 6.6805305481, 12.0314722061, 6.91548347473, 5.68284797668, 3.05561947823, 5.57835388184, 8.61184501648, 13.5676860809, 7.53409719467, 17.5499706268, 10.3373775482, 5.30908823013, 6.55091285706, 5.24993515015, 4.00143194199, 2.35080528259, 2.93423557281, 1.80264425278, 1.12177407742, 0.574513435364, 0.308938264847, 0.184326395392, 0.177235066891, 0.0800846591592, 0.0416204817593, 0.0590327531099, 0.0446899570525, 0.00462499214336, 0.00134261907078, 0.000510251440573, 0.000105113052996, 3.64917759725e-05, 4.06165008826e-06], "dmean2": [0.0257819313556, 0.186147138476, 0.284065783024, 0.788378357887, 2.6899163723, 7.41184043884, 7.40573692322, 10.7623586655, 21.2642421722, 8.80902099609, 7.66215419769, 4.01966619492, 7.36759138107, 12.3363847733, 21.1740875244, 11.0093832016, 21.5699691772, 14.0148906708, 8.07967376709, 10.7192382812, 8.8020324707, 6.61740350723, 3.91647100449, 5.03934192657, 3.09207963943, 1.96772801876, 1.02108716965, 0.525307655334, 0.320718050003, 0.303626269102, 0.139262855053, 0.0623393878341, 0.0815429612994, 0.0671503841877, 0.00754746329039, 0.00222638295963, 0.000887704547495, 0.000170570565388, 5.36502229807e-05, 6.11495079283e-06], "dvar": [0.00410931510851, 0.139350861311, 0.326358228922, 2.10531640053, 15.688706398, 135.939468384, 64.6175308228, 163.671310425, 1375.88867188, 366.208526611, 195.856704712, 52.3190612793, 203.828643799, 1331.98547363, 2905.89086914, 479.119049072, 3731.65087891, 1468.7052002, 191.801376343, 423.366760254, 364.989044189, 431.392944336, 100.052688599, 222.126800537, 64.8741073608, 19.3324203491, 4.86527824402, 1.88237428665, 1.14456164837, 0.706648886204, 0.128768920898, 0.0911249518394, 0.663413286209, 0.45266020298, 0.000698940071743, 5.02467446495e-05, 1.42580720421e-05, 3.2554814311e-07, 3.81222982071e-08, 9.54172713064e-11], "dvar2": [0.0071796332486, 0.280397951603, 0.547743558884, 5.43708705902, 44.8379554749, 405.137023926, 160.34753418, 464.463439941, 4568.93652344, 573.18951416, 386.451934814, 87.5497741699, 358.517425537, 3101.56298828, 7782.23291016, 1087.37451172, 4981.56396484, 2825.42822266, 454.06463623, 1154.84741211, 1033.16845703, 1186.32080078, 283.559906006, 645.484680176, 180.061035156, 56.9007530212, 15.0429077148, 5.21403884888, 3.44000506401, 2.00964999199, 0.38195091486, 0.171989440918, 1.17247498035, 0.990096867085, 0.0016486607492, 0.00011448431178, 4.60035116703e-05, 9.36479466418e-07, 7.75495223593e-08, 2.29571861521e-10], "max": [2.29600930214, 12.6768636703, 26.832660675, 37.4530296326, 92.5843963623, 363.691833496, 200.144699097, 285.515533447, 1103.44470215, 618.297790527, 383.325866699, 314.858032227, 489.309204102, 1568.32958984, 1775.87390137, 502.725585938, 2406.13598633, 2070.52905273, 325.659637451, 396.467407227, 491.803405762, 872.657165527, 288.434539795, 517.095153809, 310.062713623, 86.6914138794, 52.4226455688, 54.2597198486, 54.3068199158, 28.4768276215, 9.70602226257, 14.4899339676, 56.5347251892, 29.4487876892, 0.74953520298, 0.334404170513, 0.151777759194, 0.0200381018221, 0.00807884801179, 0.000334943819325], "mean": [0.272900313139, 1.34319806099, 1.08564448357, 1.35856306553, 4.98476409912, 12.8632450104, 12.6738481522, 14.4489479065, 24.9962387085, 22.0518226624, 16.0205039978, 9.19555091858, 13.9286842346, 18.1421222687, 26.923368454, 17.8155231476, 49.1832084656, 31.0916728973, 13.1714372635, 12.8128671646, 9.86276817322, 8.01826477051, 4.8666267395, 5.28583478928, 3.5245680809, 2.32667946815, 1.27255868912, 0.751853644848, 0.426255345345, 0.409778386354, 0.200737953186, 0.109435476363, 0.13652972877, 0.0968328490853, 0.0130722867325, 0.00422435812652, 0.00151679420378, 0.000418444251409, 0.000136729984661, 2.97420556308e-05], "median": [0.145365044475, 0.785557091236, 0.323412716389, 0.579982876778, 1.97848844528, 4.29172229767, 6.54953145981, 6.70637845993, 4.5026473999, 3.26478719711, 3.2320098877, 2.83495879173, 3.0223236084, 3.72034573555, 3.44188284874, 2.23847365379, 2.37722373009, 2.47416830063, 1.9371086359, 2.27214217186, 2.01037144661, 1.3730956316, 0.774908781052, 0.584870278835, 0.404569536448, 0.315407812595, 0.137844249606, 0.0539598427713, 0.035105727613, 0.0166652798653, 0.0092405481264, 0.00428431294858, 0.0017488959711, 0.000667761603836, 0.000261618522927, 8.58947314555e-05, 2.55973191088e-05, 7.42605470805e-06, 1.056156907e-05, 1.73579155671e-05], "min": [1.18052113077e-21, 2.01013673605e-21, 9.81676948345e-21, 3.6176669773e-20, 3.04332058132e-20, 6.7209723702e-20, 1.87280540771e-19, 2.19408649353e-19, 1.18952514118e-19, 3.50266683555e-19, 1.11621819809e-18, 8.0029191767e-19, 4.86248403717e-19, 1.64839166942e-18, 7.21017202509e-19, 2.06939992464e-18, 2.04458181792e-18, 2.75933865906e-18, 3.42968334593e-18, 7.69575341105e-18, 8.20915877466e-18, 1.58188233635e-17, 1.0497905491e-17, 9.42544349299e-18, 7.90720559103e-18, 1.19215619074e-17, 1.20896441807e-17, 1.96590159747e-17, 1.86173639729e-17, 1.85183636885e-17, 1.70117485013e-17, 1.38676407832e-17, 9.7407051855e-18, 8.30440614065e-18, 6.27232405576e-18, 5.58529803107e-18, 2.89079751073e-18, 1.18815282269e-18, 3.82594659652e-19, 3.61038132556e-20], "var": [0.140230923891, 2.90417599678, 3.08961939812, 4.68432617188, 69.2598724365, 457.684539795, 331.624603271, 484.148345947, 4259.38769531, 3144.57373047, 1047.55065918, 434.302978516, 1004.82458496, 3224.74121094, 5764.85400391, 1730.60168457, 27274.9980469, 11706.3447266, 839.751342773, 1058.59667969, 789.954223633, 1057.83129883, 237.341323853, 376.852294922, 147.672042847, 50.0040359497, 14.8417720795, 6.29619598389, 2.53660082817, 2.2580935955, 0.462411999702, 0.245205432177, 2.26289606094, 0.938821256161, 0.0022207191214, 0.000231432801229, 3.28065652866e-05, 2.2787337457e-06, 2.54680941225e-07, 1.75990788609e-09]}, "gfcc": {"mean": [-148.021148682, 162.388381958, -133.509185791, 5.53999090195, -40.2390975952, -14.7508420944, -25.4442253113, -11.8692350388, -11.3565626144, -5.91536903381, -1.40090095997, -1.96606528759, 3.53411245346], "cov": [[26328.2910156, 2786.35791016, -119.769630432, 3899.8840332, 994.76159668, 2433.99414062, 67.5438156128, 806.160095215, -159.890396118, 693.814819336, 582.569885254, 173.305404663, -457.884735107], [2786.35791016, 2323.17504883, 315.660980225, 505.395935059, 513.825744629, 75.3182220459, 104.59362793, -123.162742615, 80.8581085205, -84.534286499, 157.926437378, -143.85508728, -66.7668914795], [-119.769630432, 315.660980225, 1758.00683594, 385.910522461, 359.343017578, 552.823547363, -20.2057876587, 209.890060425, 104.708274841, 53.702129364, 45.1150474548, -19.0266857147, -26.876127243], [3899.8840332, 505.395935059, 385.910522461, 1160.51721191, 454.160705566, 624.974060059, 150.85597229, 217.216415405, 107.266807556, 168.667770386, 199.442901611, 65.8329696655, -19.8130073547], [994.76159668, 513.825744629, 359.343017578, 454.160705566, 564.047973633, 436.82711792, 213.4871521, 127.537635803, 155.43208313, 130.829589844, 141.028533936, 29.1544761658, -15.025396347], [2433.99414062, 75.3182220459, 552.823547363, 624.974060059, 436.82711792, 805.371520996, 150.451538086, 261.445037842, 101.28263092, 209.823944092, 154.132217407, 55.202167511, -32.1583175659], [67.5438156128, 104.59362793, -20.2057876587, 150.85597229, 213.4871521, 150.451538086, 253.108169556, 90.395111084, 110.325080872, 87.2872695923, 74.5446395874, 71.4798049927, 10.9422864914], [806.160095215, -123.162742615, 209.890060425, 217.216415405, 127.537635803, 261.445037842, 90.395111084, 234.865585327, 95.4042053223, 98.6396636963, 47.8001174927, 44.7632827759, -3.54349565506], [-159.890396118, 80.8581085205, 104.708274841, 107.266807556, 155.43208313, 101.28263092, 110.325080872, 95.4042053223, 187.250259399, 93.8940048218, 82.9413375854, 36.6586227417, 11.4447231293], [693.814819336, -84.534286499, 53.702129364, 168.667770386, 130.829589844, 209.823944092, 87.2872695923, 98.6396636963, 93.8940048218, 179.546081543, 86.7261505127, 61.3285140991, -11.9331121445], [582.569885254, 157.926437378, 45.1150474548, 199.442901611, 141.028533936, 154.132217407, 74.5446395874, 47.8001174927, 82.9413375854, 86.7261505127, 158.995193481, 41.4972343445, 15.1729249954], [173.305404663, -143.85508728, -19.0266857147, 65.8329696655, 29.1544761658, 55.202167511, 71.4798049927, 44.7632827759, 36.6586227417, 61.3285140991, 41.4972343445, 141.691680908, 52.697429657], [-457.884735107, -66.7668914795, -26.876127243, -19.8130073547, -15.025396347, -32.1583175659, 10.9422864914, -3.54349565506, 11.4447231293, -11.9331121445, 15.1729249954, 52.697429657, 120.39099884]], "icov": [[0.000352974893758, -0.000693251844496, 0.000548341369722, -0.000767808058299, 0.000773677544203, -0.000934368639719, 0.000964489765465, -0.00102268380579, 0.000898978905752, -0.000767413177527, 0.000407140352763, -0.00102538906503, 0.000919266487472], [-0.000693251844496, 0.00226074689999, -0.00119819620159, 0.00112868053839, -0.0024752325844, 0.0024047717452, -0.00201911106706, 0.00259325653315, -0.00179013633169, 0.00229147146456, -0.00163749512285, 0.00272344471887, -0.00145976606291], [0.000548341369722, -0.00119819620159, 0.00178120634519, -0.00105501350481, 0.000857907813042, -0.00219595059752, 0.00243449211121, -0.00199104310013, 0.000711933360435, -0.000532053352799, 0.00109844992403, -0.00189517985564, 0.00145635381341], [-0.000767808058299, 0.00112868053839, -0.00105501350481, 0.00356707023457, -0.00205532484688, 0.00101774383802, -0.00164310715627, 0.00137757847551, -0.00149496621452, 0.00177007797174, -0.00169374304824, 0.00151876546443, -0.00187128374819], [0.000773677544203, -0.0024752325844, 0.000857907813042, -0.00205532484688, 0.00834111962467, -0.00476198364049, -0.00105526170228, -0.000609573093243, -0.000417543837102, -0.00194858945906, 0.00139404670335, -0.00159107730724, 0.00163737055846], [-0.000934368639719, 0.0024047717452, -0.00219595059752, 0.00101774383802, -0.00476198364049, 0.00780854839832, -0.00249244947918, 4.58970826003e-05, 0.000890695489943, -0.000575338955969, -0.00269625801593, 0.00362865719944, -0.00221364898607], [0.000964489765465, -0.00201911106706, 0.00243449211121, -0.00164310715627, -0.00105526170228, -0.00249244947918, 0.0113159846514, -0.00452952552587, 0.000460554350866, -0.00172784877941, 0.00125431641936, -0.00615061726421, 0.00318137533031], [-0.00102268380579, 0.00259325653315, -0.00199104310013, 0.00137757847551, -0.000609573093243, 4.58970826003e-05, -0.00452952552587, 0.0128129851073, -0.00682186335325, 0.00214017531835, 0.000649389403407, 0.00287009077147, -0.00242167920806], [0.000898978905752, -0.00179013633169, 0.000711933360435, -0.00149496621452, -0.000417543837102, 0.000890695489943, 0.000460554350866, -0.00682186335325, 0.0149424467236, -0.00642715813592, -0.0025809451472, -0.00119190942496, 0.00107184704393], [-0.000767413177527, 0.00229147146456, -0.000532053352799, 0.00177007797174, -0.00194858945906, -0.000575338955969, -0.00172784877941, 0.00214017531835, -0.00642715813592, 0.0158198103309, -0.0041517149657, -0.00139419967309, 0.0016603381373], [0.000407140352763, -0.00163749512285, 0.00109844992403, -0.00169374304824, 0.00139404670335, -0.00269625801593, 0.00125431641936, 0.000649389403407, -0.0025809451472, -0.0041517149657, 0.0131413377821, -0.00238148448989, -0.000814240891486], [-0.00102538906503, 0.00272344471887, -0.00189517985564, 0.00151876546443, -0.00159107730724, 0.00362865719944, -0.00615061726421, 0.00287009077147, -0.00119190942496, -0.00139419967309, -0.00238148448989, 0.0157195162028, -0.00775391049683], [0.000919266487472, -0.00145976606291, 0.00145635381341, -0.00187128374819, 0.00163737055846, -0.00221364898607, 0.00318137533031, -0.00242167920806, 0.00107184704393, 0.0016603381373, -0.000814240891486, -0.00775391049683, 0.0138220731169]]}, "melbands": {"dmean": [0.000152439504745, 0.000127592764329, 0.000110418848635, 0.000214405707084, 0.000183782001841, 0.000162935742992, 0.000158966577146, 8.21418871055e-05, 4.22657867603e-05, 1.79120670509e-05, 2.82946202788e-05, 3.41389459209e-05, 4.12672270613e-05, 2.20286055992e-05, 3.5245782783e-05, 3.04673121718e-05, 2.0183462766e-05, 7.91178081272e-06, 9.2772725111e-06, 1.29938889586e-05, 5.02523789692e-06, 5.04405397805e-06, 2.61044306171e-06, 2.0744835183e-06, 2.68609028353e-06, 1.11503868538e-06, 1.33758635457e-06, 8.23411596684e-07, 4.58292390704e-07, 2.53955732887e-07, 2.03474371574e-07, 1.28412409595e-07, 1.12207651171e-07, 8.08937343777e-08, 4.69657912561e-08, 3.79100733028e-08, 3.09270689058e-08, 2.65369397567e-08, 8.00183030947e-08, 2.42955771057e-08], "dmean2": [0.000230889592785, 0.000182216681424, 0.000169331717188, 0.000348919711541, 0.000285259331577, 0.000270961521892, 0.000279662926914, 0.000102807389339, 5.82346001465e-05, 2.34407980315e-05, 3.73445291189e-05, 4.81903844047e-05, 6.4116458816e-05, 3.41583618138e-05, 4.6340530389e-05, 3.68227229046e-05, 2.80736676359e-05, 1.18059697343e-05, 1.51137483044e-05, 2.19510620809e-05, 8.42812733026e-06, 8.33584090287e-06, 4.32986098531e-06, 3.49162723978e-06, 4.62513253296e-06, 1.8816889451e-06, 2.35157904172e-06, 1.4438363678e-06, 8.0836377947e-07, 4.50823819165e-07, 3.46463650658e-07, 2.2191083815e-07, 1.9404978957e-07, 1.39327568149e-07, 8.17944965092e-08, 6.47603428661e-08, 4.6399510012e-08, 3.53535192232e-08, 1.18470531163e-07, 3.71574095936e-08], "dvar": [2.47888067406e-07, 1.27684515405e-07, 8.97084788676e-08, 2.45916538688e-07, 1.20920219615e-07, 1.14543382779e-07, 2.26599652819e-07, 5.51736789589e-08, 1.15743441498e-08, 1.95065741337e-09, 5.26737720108e-09, 1.96238101324e-08, 2.41034694426e-08, 5.5382836095e-09, 1.43598128943e-08, 1.04019033387e-08, 5.68829783276e-09, 4.08865330481e-10, 1.12159792565e-09, 3.08361935986e-09, 2.81135059677e-10, 6.92783663769e-10, 1.01166741651e-10, 4.86136374211e-11, 2.00734567857e-10, 2.25412639943e-11, 6.15853201769e-11, 1.39680333272e-11, 3.32593479667e-12, 1.63913305672e-12, 8.84801726244e-13, 7.53098538392e-13, 3.04959779217e-13, 1.37891827405e-13, 6.42247350137e-14, 2.84326293792e-14, 6.52722843765e-14, 1.96170201394e-13, 1.50453065804e-12, 9.98029648291e-14], "dvar2": [4.61268825802e-07, 2.25365752726e-07, 2.44729307042e-07, 7.53799440645e-07, 3.07778037723e-07, 3.57359226655e-07, 7.46999091916e-07, 8.23870962563e-08, 2.41613573593e-08, 3.09063330484e-09, 9.2458334322e-09, 4.47004246951e-08, 6.32615453355e-08, 1.4415470595e-08, 2.1223925728e-08, 1.42117890789e-08, 1.06301669689e-08, 8.81148431997e-10, 3.23400928259e-09, 8.9348315413e-09, 7.69398822431e-10, 1.90224458407e-09, 2.83471329743e-10, 1.36417127594e-10, 5.81965753366e-10, 6.15339168508e-11, 1.79076975471e-10, 4.09416146818e-11, 9.90977005316e-12, 5.03516499328e-12, 2.45519013106e-12, 2.2576493626e-12, 8.82784893363e-13, 3.96202927237e-13, 1.9104161341e-13, 8.35914589501e-14, 1.22118406966e-13, 3.13761766135e-13, 3.22224105037e-12, 2.20424454514e-13], "max": [0.0175428502262, 0.0153902033344, 0.0084173977375, 0.0123741729185, 0.011586769484, 0.00725727528334, 0.014129601419, 0.00766223203391, 0.00291152019054, 0.00213383254595, 0.00243422272615, 0.00577148422599, 0.00456115184352, 0.00253706076182, 0.00465148221701, 0.00318938097917, 0.00350631517358, 0.000520244590007, 0.000934415031224, 0.00127545499709, 0.000543255067896, 0.00109707482625, 0.000304236455122, 0.000162633761647, 0.00048814364709, 0.00016400340246, 0.000294843688607, 8.3495870058e-05, 3.57672615792e-05, 3.23146778101e-05, 2.4288712666e-05, 4.73136387882e-05, 1.77405217983e-05, 1.12373863885e-05, 8.25288589112e-06, 6.25713892077e-06, 1.25271726574e-05, 3.47489767591e-05, 5.4436874052e-05, 1.20727745525e-05], "mean": [0.00221473746933, 0.00101969426032, 0.000311881594826, 0.000642823812086, 0.00053535157349, 0.000333920150297, 0.000333050906193, 0.00025288836332, 0.000114531292638, 5.2534207498e-05, 6.83904363541e-05, 6.99403462932e-05, 8.31950092106e-05, 4.36310801888e-05, 9.21407117858e-05, 8.34553939058e-05, 5.81507338211e-05, 1.9483599317e-05, 1.63649910974e-05, 2.11064925679e-05, 9.12833456823e-06, 9.32754937821e-06, 5.05404341311e-06, 3.97575104216e-06, 4.42074042439e-06, 2.20975698539e-06, 2.23892038775e-06, 1.5509754121e-06, 9.04491969322e-07, 5.18803005889e-07, 4.42325045924e-07, 2.48313455131e-07, 2.4356859285e-07, 1.80981729159e-07, 1.03979083121e-07, 8.64376303866e-08, 6.75361420122e-08, 6.22210336587e-08, 1.63480663673e-07, 5.19508169816e-08], "median": [0.00162611564156, 0.000456841255073, 0.00012653376325, 0.000261477194726, 0.000231662546867, 0.000154947265401, 6.24411113677e-05, 3.26677145495e-05, 2.35528350458e-05, 1.48602302943e-05, 1.32146133183e-05, 1.23624704429e-05, 8.88749127625e-06, 6.31815191809e-06, 4.70014674647e-06, 3.35720869771e-06, 3.71519081455e-06, 2.51970163845e-06, 2.35701941165e-06, 2.3949730803e-06, 1.86735178431e-06, 1.45772571614e-06, 8.62733429585e-07, 4.74184105315e-07, 4.18874265051e-07, 2.53789323779e-07, 2.12931709598e-07, 1.62592471042e-07, 9.60225676749e-08, 3.51541409316e-08, 2.42692692609e-08, 1.98159444409e-08, 1.17907816843e-08, 6.95781032789e-09, 5.16388753979e-09, 3.65913899181e-09, 1.9904737858e-09, 1.25199151046e-09, 8.00647992349e-10, 4.56197163379e-10], "min": [8.92670740499e-24, 4.63512264258e-24, 6.77030090031e-24, 3.20581751728e-24, 6.28099217447e-24, 4.87720354401e-24, 1.62321285505e-24, 5.95272585257e-24, 7.88190531224e-24, 4.29315222903e-24, 2.34024205839e-24, 6.29466471168e-24, 2.83923464348e-24, 3.70235970318e-24, 4.47449557392e-24, 4.97469294683e-24, 4.85570195675e-24, 5.37856961435e-24, 7.61443255599e-24, 1.01011800868e-23, 8.65546310476e-24, 1.52185909876e-23, 9.79234183123e-24, 1.01471328122e-23, 7.6216561553e-24, 3.86274025281e-24, 7.75975966739e-24, 7.62800885217e-24, 5.18212904945e-24, 6.87930254475e-24, 1.10184075939e-23, 1.18945362368e-23, 7.61462424919e-24, 1.0498312388e-23, 8.99712112939e-24, 1.03530523297e-23, 7.89556838312e-24, 6.65165779788e-24, 6.94504069056e-24, 6.88981884947e-24], "var": [6.9728798735e-06, 1.99416649593e-06, 2.15691997596e-07, 9.38132586725e-07, 7.07738820438e-07, 2.91107625117e-07, 7.15899204806e-07, 4.65468389166e-07, 5.33422479521e-08, 1.68441545156e-08, 2.53970551256e-08, 4.99280581323e-08, 5.14697369169e-08, 1.26094601427e-08, 9.65976170164e-08, 7.46442694322e-08, 4.84335842543e-08, 2.0555406266e-09, 2.06983341577e-09, 5.34881428038e-09, 6.4674809952e-10, 1.69494596136e-09, 2.44604142496e-10, 1.23160842636e-10, 3.20694582001e-10, 6.02882674339e-11, 1.06930880817e-10, 3.1700531089e-11, 8.04875523869e-12, 4.4942300749e-12, 2.77112577676e-12, 1.38376766642e-12, 8.34022575395e-13, 4.49919994924e-13, 1.66393225695e-13, 9.56683530681e-14, 1.56873795096e-13, 7.35728318546e-13, 3.34483179001e-12, 2.06371120822e-13]}, "mfcc": {"mean": [-775.213806152, 181.547576904, -19.0226840973, 18.8119316101, 1.8297919035, -1.50946331024, -5.50793790817, -4.48555612564, -5.47487878799, -3.4284696579, -6.01033163071, -1.93442046642, 2.19420647621], "cov": [[15046.0917969, 2904.24780273, -713.840270996, 1776.0567627, 695.481628418, 1506.89978027, 767.696716309, 614.858764648, 169.314575195, 443.565887451, 589.207275391, 538.294799805, 416.108581543], [2904.24780273, 2546.00219727, 261.15145874, 608.622375488, 522.717895508, 447.940826416, 226.30128479, 129.520126343, 45.4736175537, 73.4480361938, 142.473876953, 90.7798233032, 58.3405380249], [-713.840270996, 261.15145874, 907.929199219, 123.41104126, 249.261245728, 110.733596802, 47.0371322632, 69.9745483398, 74.5440444946, -16.2932376862, -13.7166442871, -30.1552753448, 18.6822814941], [1776.0567627, 608.622375488, 123.41104126, 745.788513184, 330.954040527, 428.357025146, 235.316772461, 202.033981323, 109.09954834, 131.32321167, 154.6328125, 136.789337158, 129.062271118], [695.481628418, 522.717895508, 249.261245728, 330.954040527, 400.23840332, 331.410675049, 202.207962036, 146.431762695, 120.498756409, 105.851913452, 135.38633728, 82.4341506958, 67.8041687012], [1506.89978027, 447.940826416, 110.733596802, 428.357025146, 331.410675049, 577.217285156, 282.723968506, 226.455749512, 111.159049988, 149.259628296, 204.971618652, 135.655990601, 82.9818115234], [767.696716309, 226.30128479, 47.0371322632, 235.316772461, 202.207962036, 282.723968506, 244.727844238, 147.542495728, 95.1900939941, 95.5482940674, 123.383483887, 78.8406982422, 56.8284225464], [614.858764648, 129.520126343, 69.9745483398, 202.033981323, 146.431762695, 226.455749512, 147.542495728, 214.435913086, 106.474761963, 95.7113189697, 101.384613037, 74.1491012573, 66.0068206787], [169.314575195, 45.4736175537, 74.5440444946, 109.09954834, 120.498756409, 111.159049988, 95.1900939941, 106.474761963, 148.177185059, 83.2359466553, 74.036239624, 44.893863678, 51.9876174927], [443.565887451, 73.4480361938, -16.2932376862, 131.32321167, 105.851913452, 149.259628296, 95.5482940674, 95.7113189697, 83.2359466553, 151.237319946, 109.654846191, 81.9976043701, 48.5979347229], [589.207275391, 142.473876953, -13.7166442871, 154.6328125, 135.38633728, 204.971618652, 123.383483887, 101.384613037, 74.036239624, 109.654846191, 198.505996704, 113.552223206, 57.037322998], [538.294799805, 90.7798233032, -30.1552753448, 136.789337158, 82.4341506958, 135.655990601, 78.8406982422, 74.1491012573, 44.893863678, 81.9976043701, 113.552223206, 155.461837769, 85.3610534668], [416.108581543, 58.3405380249, 18.6822814941, 129.062271118, 67.8041687012, 82.9818115234, 56.8284225464, 66.0068206787, 51.9876174927, 48.5979347229, 57.037322998, 85.3610534668, 148.915847778]], "icov": [[0.000140098738484, -0.000130866668769, 0.000137621507747, -0.000159903371241, 0.000234602455748, -0.000241976478719, -4.52261192549e-05, -5.67030874663e-05, 6.13836673438e-05, -3.49267065758e-05, 1.89884649444e-05, -3.89764099964e-05, -0.000143432131154], [-0.000130866668769, 0.000727396574803, -7.26214857423e-05, -0.000141213924508, -0.00109069643077, 0.000239285887801, 0.000159873874509, 0.000116434210213, 0.000392203073716, 0.00021616005688, -5.5297594372e-05, 4.77703033539e-05, 0.000249190285103], [0.000137621507747, -7.26214857423e-05, 0.00171925150789, -5.82927277719e-05, -0.00137475831434, -0.000255899969488, 0.00067580450559, -0.000516237923875, -0.000377208634745, 0.00076426245505, 0.000467035541078, 0.00031253756606, -0.00025755178649], [-0.000159903371241, -0.000141213924508, -5.82927277719e-05, 0.00312179024331, -0.00108798732981, -0.000900512735825, -9.48773886194e-05, -0.00049868482165, 0.000185377211892, -0.000234424660448, 0.00067048863275, -0.000352205534, -0.000984845100902], [0.000234602455748, -0.00109069643077, -0.00137475831434, -0.00108798732981, 0.00924576353282, -0.0023812816944, -0.00235291919671, 0.00142938271165, -0.00279808859341, -0.000762996147387, -0.000828195712529, 0.000176278786967, -0.000289320392767], [-0.000241976478719, 0.000239285887801, -0.000255899969488, -0.000900512735825, -0.0023812816944, 0.00703608524054, -0.00314250029624, -0.00242727156729, 0.00238923495635, -0.000473956402857, -0.00201904005371, -0.000232356818742, 0.00106061564293], [-4.52261192549e-05, 0.000159873874509, 0.00067580450559, -9.48773886194e-05, -0.00235291919671, -0.00314250029624, 0.0119640389457, -0.00232339673676, -0.0018759414088, 0.000436366884969, -0.00100024405401, 0.000316432589898, 6.20579594397e-05], [-5.67030874663e-05, 0.000116434210213, -0.000516237923875, -0.00049868482165, 0.00142938271165, -0.00242727156729, -0.00232339673676, 0.0116728451103, -0.00461196759716, -0.00126883771736, 0.000290452735499, -0.000276624254184, -0.000904329761397], [6.13836673438e-05, 0.000392203073716, -0.000377208634745, 0.000185377211892, -0.00279808859341, 0.00238923495635, -0.0018759414088, -0.00461196759716, 0.0149792451411, -0.00462822942063, -0.00129287003074, 0.00212875101715, -0.00217974116094], [-3.49267065758e-05, 0.00021616005688, 0.00076426245505, -0.000234424660448, -0.000762996147387, -0.000473956402857, 0.000436366884969, -0.00126883771736, -0.00462822942063, 0.0147497346625, -0.00348505470902, -0.00283482298255, 0.000889651942998], [1.89884649444e-05, -5.5297594372e-05, 0.000467035541078, 0.00067048863275, -0.000828195712529, -0.00201904005371, -0.00100024405401, 0.000290452735499, -0.00129287003074, -0.00348505470902, 0.0131552517414, -0.00592674128711, 0.00103136221878], [-3.89764099964e-05, 4.77703033539e-05, 0.00031253756606, -0.000352205534, 0.000176278786967, -0.000232356818742, 0.000316432589898, -0.000276624254184, 0.00212875101715, -0.00283482298255, -0.00592674128711, 0.0155127951875, -0.00603287434205], [-0.000143432131154, 0.000249190285103, -0.00025755178649, -0.000984845100902, -0.000289320392767, 0.00106061564293, 6.20579594397e-05, -0.000904329761397, -0.00217974116094, 0.000889651942998, 0.00103136221878, -0.00603287434205, 0.0113558415323]]}, "spectral_contrast_coeffs": {"dmean": [0.0349110364914, 0.0386394523084, 0.0302102528512, 0.0255195088685, 0.0183871686459, 0.013662355952], "dmean2": [0.0560031868517, 0.0635440200567, 0.0467118918896, 0.0405927561224, 0.0304924082011, 0.0228923913091], "dvar": [0.000936881755479, 0.000987329054624, 0.000598333193921, 0.000441691750893, 0.000216849759454, 0.000157497808686], "dvar2": [0.00233939662576, 0.0027293197345, 0.00143638369627, 0.00110134866554, 0.000585575588048, 0.000420019816374], "max": [-0.1833525002, -0.415267348289, -0.483224898577, -0.442468106747, -0.524855911732, -0.605449736118], "mean": [-0.622024655342, -0.671832442284, -0.716612458229, -0.719755351543, -0.757071375847, -0.751952111721], "median": [-0.642309546471, -0.676054179668, -0.719308972359, -0.727760910988, -0.757169604301, -0.743743956089], "min": [-0.972031712532, -0.95497918129, -0.957377791405, -0.960087895393, -0.961688041687, -0.957971394062], "var": [0.0169904753566, 0.0063619511202, 0.00525476317853, 0.00646354444325, 0.00324340933003, 0.00275049568154]}, "spectral_contrast_valleys": {"dmean": [0.314095914364, 0.272429972887, 0.241487234831, 0.208059638739, 0.152322798967, 0.158753409982], "dmean2": [0.514760792255, 0.440744757652, 0.386153101921, 0.332892864943, 0.240457102656, 0.251405894756], "dvar": [0.118172891438, 0.0725787580013, 0.0680545270443, 0.0614301227033, 0.0519165061414, 0.0750138014555], "dvar2": [0.282501041889, 0.143156737089, 0.118005700409, 0.099776007235