{"lowlevel": {"average_loudness": 0.79898327589, "barkbands_crest": {"dmean": 2.52959656715, "dmean2": 3.96748900414, "dvar": 6.58503675461, "dvar2": 14.6704683304, "max": 26.118680954, "mean": 11.4175081253, "median": 10.1568126678, "min": 3.52951693535, "var": 20.969959259}, "barkbands_flatness_db": {"dmean": 0.0450927019119, "dmean2": 0.0660363957286, "dvar": 0.00239015207626, "dvar2": 0.00475089997053, "max": 0.808763623238, "mean": 0.367054462433, "median": 0.368760108948, "min": 0.0627054646611, "var": 0.010783390142}, "barkbands_kurtosis": {"dmean": 4.78636789322, "dmean2": 6.74322509766, "dvar": 203.687591553, "dvar2": 429.426361084, "max": 212.327056885, "mean": 5.71740055084, "median": 1.24560117722, "min": -1.86521983147, "var": 301.181976318}, "barkbands_skewness": {"dmean": 0.641065597534, "dmean2": 0.869189143181, "dvar": 0.644601166248, "dvar2": 1.10106837749, "max": 11.4495010376, "mean": 1.13281369209, "median": 0.803195297718, "min": -6.35658693314, "var": 2.61313509941}, "barkbands_spread": {"dmean": 2.04538178444, "dmean2": 2.92442941666, "dvar": 7.35172939301, "dvar2": 15.0880670547, "max": 48.1625900269, "mean": 6.83416557312, "median": 5.86695289612, "min": 0.160892933607, "var": 26.6328544617}, "dissonance": {"dmean": 0.0533410981297, "dmean2": 0.0859939232469, "dvar": 0.00229864008725, "dvar2": 0.00575706874952, "max": 0.500000119209, "mean": 0.379188656807, "median": 0.392789840698, "min": 0.0801217108965, "var": 0.00596142187715}, "dynamic_complexity": 3.86794042587, "erbbands_crest": {"dmean": 3.21943545341, "dmean2": 4.93303966522, "dvar": 7.82309579849, "dvar2": 17.3698329926, "max": 34.2738990784, "mean": 12.5716352463, "median": 11.9031181335, "min": 2.58007764816, "var": 24.5021495819}, "erbbands_flatness_db": {"dmean": 0.0365020558238, "dmean2": 0.0514480471611, "dvar": 0.00184448680375, "dvar2": 0.00324062490836, "max": 0.625330984592, "mean": 0.375377953053, "median": 0.392597228289, "min": 0.0725677534938, "var": 0.0113156884909}, "erbbands_kurtosis": {"dmean": 1.39474534988, "dmean2": 2.1187608242, "dvar": 4.29025554657, "dvar2": 8.61841678619, "max": 103.508361816, "mean": 1.35543262959, "median": 0.614559173584, "min": -1.67039370537, "var": 11.0871086121}, "erbbands_skewness": {"dmean": 0.451548814774, "dmean2": 0.662999331951, "dvar": 0.192441105843, "dvar2": 0.409494668245, "max": 8.79183292389, "mean": 0.100151106715, "median": 0.142209798098, "min": -7.2092924118, "var": 0.778218686581}, "erbbands_spread": {"dmean": 4.18253660202, "dmean2": 6.13994693756, "dvar": 44.0090904236, "dvar2": 98.9012985229, "max": 90.5773468018, "mean": 12.7265825272, "median": 10.0342702866, "min": 0.327922403812, "var": 112.625724792}, "hfc": {"dmean": 5.06300497055, "dmean2": 7.16772460938, "dvar": 67.1437149048, "dvar2": 139.439315796, "max": 102.12197876, "mean": 13.3991279602, "median": 9.82710838318, "min": 1.20771281108e-16, "var": 192.520935059}, "melbands_crest": {"dmean": 3.37480330467, "dmean2": 4.87689495087, "dvar": 11.9053869247, "dvar2": 20.265329361, "max": 37.6418991089, "mean": 15.3877725601, "median": 12.8599128723, "min": 2.12691879272, "var": 57.3887214661}, "melbands_flatness_db": {"dmean": 0.0496695004404, "dmean2": 0.0722997263074, "dvar": 0.00311426818371, "dvar2": 0.00611468357965, "max": 0.96836411953, "mean": 0.485286563635, "median": 0.488072127104, "min": 0.0038285269402, "var": 0.0148832369596}, "melbands_kurtosis": {"dmean": 8.91223430634, "dmean2": 12.3563165665, "dvar": 922.55255127, "dvar2": 1916.59191895, "max": 542.399047852, "mean": 10.9968099594, "median": 1.71240949631, "min": -1.87144887447, "var": 1343.8203125}, "melbands_skewness": {"dmean": 0.774669110775, "dmean2": 0.999997496605, "dvar": 1.39206111431, "dvar2": 2.26675915718, "max": 20.6751670837, "mean": 1.70200288296, "median": 1.06802940369, "min": -3.89274811745, "var": 5.17762899399}, "melbands_spread": {"dmean": 2.73359251022, "dmean2": 3.90967845917, "dvar": 15.206114769, "dvar2": 28.3603954315, "max": 144.55519104, "mean": 9.28708839417, "median": 8.04041671753, "min": 0.0593408606946, "var": 45.5021591187}, "pitch_salience": {"dmean": 0.0791862681508, "dmean2": 0.122875705361, "dvar": 0.00703290291131, "dvar2": 0.0154207414016, "max": 0.950541496277, "mean": 0.530614733696, "median": 0.56520742178, "min": 0.00491876620799, "var": 0.0260330829769}, "silence_rate_20dB": {"dmean": 0, "dmean2": 0, "dvar": 0, "dvar2": 0, "max": 1, "mean": 1, "median": 1, "min": 1, "var": 0}, "silence_rate_30dB": {"dmean": 0.0445727482438, "dmean2": 0.08915579319, "dvar": 0.0425840429962, "dvar2": 0.0915935784578, "max": 1, "mean": 0.952430427074, "median": 1, "min": 0, "var": 0.0453041270375}, "silence_rate_60dB": {"dmean": 0.0247113164514, "dmean2": 0.0493128523231, "dvar": 0.0241004675627, "dvar2": 0.0538133569062, "max": 1, "mean": 0.117307469249, "median": 0, "min": 0, "var": 0.103536792099}, "spectral_centroid": {"dmean": 107.163452148, "dmean2": 145.196548462, "dvar": 39059.8398438, "dvar2": 58985.4023438, "max": 10738.3632812, "mean": 600.94744873, "median": 526.635070801, "min": 46.13048172, "var": 118173.3125}, "spectral_complexity": {"dmean": 2.55219388008, "dmean2": 3.8248064518, "dvar": 12.8660287857, "dvar2": 24.6783905029, "max": 55, "mean": 11.847823143, "median": 11, "min": 0, "var": 41.4892501831}, "spectral_decrease": {"dmean": 2.87176704639e-09, "dmean2": 3.96197297192e-09, "dvar": 2.09531615497e-17, "dvar2": 4.20987650146e-17, "max": 2.52533844848e-23, "mean": -9.04799435375e-09, "median": -7.20367587803e-09, "min": -5.97772853439e-08, "var": 7.30790976308e-17}, "spectral_energy": {"dmean": 0.0112327337265, "dmean2": 0.0155091043562, "dvar": 0.000314480741508, "dvar2": 0.00063421332743, "max": 0.233468711376, "mean": 0.0353646576405, "median": 0.0283845737576, "min": 1.11838494278e-20, "var": 0.00109924527351}, "spectral_energyband_high": {"dmean": 4.06303079217e-05, "dmean2": 5.64122128708e-05, "dvar": 6.88340691113e-08, "dvar2": 1.47737608813e-07, "max": 0.00521786417812, "mean": 5.90813760937e-05, "median": 7.11812404575e-08, "min": 8.25352575711e-21, "var": 1.24723129602e-07}, "spectral_energyband_low": {"dmean": 0.00669025164098, "dmean2": 0.0092675993219, "dvar": 0.000277972168988, "dvar2": 0.000540466397069, "max": 0.202454671264, "mean": 0.015484825708, "median": 0.00185685744509, "min": 1.00292487518e-22, "var": 0.000707542931195}, "spectral_energyband_middle_high": {"dmean": 0.00211351900361, "dmean2": 0.00304288626648, "dvar": 2.05560681934e-05, "dvar2": 3.8492566091e-05, "max": 0.053997721523, "mean": 0.00354212475941, "median": 0.00117334618699, "min": 1.54021413759e-21, "var": 3.92541805923e-05}, "spectral_energyband_middle_low": {"dmean": 0.00635932292789, "dmean2": 0.00932209659368, "dvar": 0.000110657711048, "dvar2": 0.000267816474661, "max": 0.158113971353, "mean": 0.0169822573662, "median": 0.0123781282455, "min": 3.85113260635e-22, "var": 0.000303612119751}, "spectral_entropy": {"dmean": 0.284959852695, "dmean2": 0.399218827486, "dvar": 0.120688945055, "dvar2": 0.222221687436, "max": 9.80798625946, "mean": 5.95413684845, "median": 5.92625570297, "min": 3.98231768608, "var": 0.5788397789}, "spectral_flux": {"dmean": 0.0302816871554, "dmean2": 0.0473629310727, "dvar": 0.00222994829528, "dvar2": 0.00436935480684, "max": 0.507323920727, "mean": 0.0763375908136, "median": 0.0643358826637, "min": 1.05753718282e-10, "var": 0.00408315612003}, "spectral_kurtosis": {"dmean": 66.9137573242, "dmean2": 110.611587524, "dvar": 7464.73535156, "dvar2": 20080.1855469, "max": 1208.22399902, "mean": 148.229492188, "median": 109.490615845, "min": -1.16493213177, "var": 20966.9394531}, "spectral_rms": {"dmean": 0.00083805329632, "dmean2": 0.0011533643119, "dvar": 9.83203449323e-07, "dvar2": 1.93062624021e-06, "max": 0.0150921950117, "mean": 0.00523054366931, "median": 0.00526234414428, "min": 3.30319127086e-12, "var": 7.14317548045e-06}, "spectral_rolloff": {"dmean": 136.103042603, "dmean2": 222.049057007, "dvar": 123336.320312, "dvar2": 163370.25, "max": 20112.0117188, "mean": 667.920166016, "median": 602.9296875, "min": 43.06640625, "var": 222387.546875}, "spectral_skewness": {"dmean": 2.38741922379, "dmean2": 3.89957737923, "dvar": 5.37742137909, "dvar2": 12.5723896027, "max": 28.6838874817, "mean": 7.94044589996, "median": 6.92534255981, "min": 0.0241643059999, "var": 23.8676509857}, "spectral_spread": {"dmean": 406280, "dmean2": 629152.3125, "dvar": 480871579648, "dvar2": 664756027392, "max": 40320948, "mean": 1129353, "median": 773454.5625, "min": 78096.703125, "var": 1446228000770.0}, "spectral_strongpeak": {"dmean": 0.518237471581, "dmean2": 0.844288229942, "dvar": 0.976140618324, "dvar2": 2.24208068848, "max": 18.5419616699, "mean": 1.06374394894, "median": 0.501723706722, "min": 0, "var": 1.81789159775}, "zerocrossingrate": {"dmean": 0.00370445335284, "dmean2": 0.00406729988754, "dvar": 5.33848869964e-05, "dvar2": 4.82801624457e-05, "max": 0.5029296875, "mean": 0.0237749721855, "median": 0.02294921875, "min": 0.00146484375, "var": 0.000188360732864}, "barkbands": {"dmean": [0.000875997240655, 0.00552785163745, 0.00217849807814, 0.00145388266537, 0.00175172800664, 0.00163586111739, 0.0012015523389, 0.00179113494232, 0.00157102476805, 0.000668188557029, 0.000205715186894, 0.00055223191157, 0.000701293058228, 0.000276981882052, 0.000156986832735, 6.97431460139e-05, 5.92712021898e-05, 3.72965332645e-05, 1.59246937983e-05, 1.56383066496e-05, 1.07073183244e-05, 6.03303578828e-06, 4.93257448397e-06, 3.88384933103e-06, 5.02708053318e-06, 3.57106569027e-06, 2.07494480264e-07], "dmean2": [0.00104197987821, 0.00833745859563, 0.00399962952361, 0.00265927589498, 0.00287392595783, 0.00230241660029, 0.00176845060196, 0.00240367231891, 0.00221236771904, 0.00101569364779, 0.000293392658932, 0.000812606536783, 0.00109327048995, 0.000431372609455, 0.00024862846476, 0.000104134356661, 7.8667231719e-05, 6.17359692114e-05, 2.57475367107e-05, 2.4407670935e-05, 1.63036966114e-05, 9.20401544136e-06, 7.2193147389e-06, 5.47980516785e-06, 7.31723503122e-06, 4.77885578221e-06, 3.3126414678e-07], "dvar": [7.25760264686e-06, 0.00021350554016, 7.86185846664e-05, 2.92583499686e-05, 1.18853567983e-05, 5.20090497957e-06, 3.18579827763e-06, 7.52265850679e-06, 1.53090804815e-05, 2.28338171837e-06, 3.31015286292e-07, 2.63227298092e-06, 4.84031170345e-06, 6.8747340265e-07, 7.25281097402e-07, 2.72452354011e-08, 8.52820889463e-08, 2.87007626554e-08, 4.03366362534e-09, 6.67548238908e-09, 5.0548543129e-09, 1.50761736428e-09, 1.20564602746e-09, 8.18643985934e-10, 1.43578027245e-09, 6.17880913101e-10, 8.23287835475e-13], "dvar2": [1.36160660986e-05, 0.000499243324157, 0.000227485943469, 8.56107581058e-05, 3.27754132741e-05, 1.02874400909e-05, 6.76025638313e-06, 1.42020217027e-05, 2.78945735772e-05, 4.70782015327e-06, 6.20625371539e-07, 5.24953748027e-06, 1.01388104667e-05, 1.40300073781e-06, 1.70760688434e-06, 6.06396568514e-08, 8.43838989795e-08, 7.62777574437e-08, 9.09758046674e-09, 1.31910233847e-08, 1.19731726755e-08, 3.70554009699e-09, 2.4860440373e-09, 1.7229137006e-09, 3.40358963236e-09, 1.28926480603e-09, 1.93373507311e-12], "max": [0.0266579650342, 0.160249739885, 0.0915911048651, 0.0673876404762, 0.0467589274049, 0.0480989068747, 0.0350626520813, 0.0658281072974, 0.101295411587, 0.0254841968417, 0.0178041756153, 0.0373396240175, 0.0356874316931, 0.0276381429285, 0.0285418722779, 0.00247950316407, 0.0229824148118, 0.00320403883234, 0.00104184320662, 0.00155736715533, 0.00152654491831, 0.000747296726331, 0.000700148753822, 0.000623016152531, 0.00072573061334, 0.000480596558191, 1.65192232089e-05], "mean": [0.00127738260198, 0.0113199604675, 0.00221500662155, 0.00134188379161, 0.00329403486103, 0.00356635008939, 0.0023691628594, 0.00359582086094, 0.00269935792312, 0.000917335331906, 0.000285050424282, 0.000811687728856, 0.000850774580613, 0.000336364610121, 0.000183157215361, 8.60425498104e-05, 8.93214019015e-05, 3.52854222001e-05, 2.0722471163e-05, 2.16387034015e-05, 1.40516594911e-05, 8.4094099293e-06, 7.24394567442e-06, 6.16126317254e-06, 6.66347477818e-06, 5.44795966562e-06, 1.83825733302e-07], "median": [2.07653611142e-05, 0.000556551327463, 0.000390041735955, 0.000418975541834, 0.00197482900694, 0.00202805432491, 0.00124509411398, 0.00156305811834, 0.000461021496449, 0.000261125853285, 7.30909159756e-05, 0.000197259476408, 0.000140750053106, 5.23964736203e-05, 2.11020251299e-05, 1.24062898976e-05, 3.97346457248e-06, 5.85114946716e-07, 3.25331882323e-07, 7.75720252477e-08, 2.14992841308e-08, 6.68707356155e-09, 3.73874398107e-09, 1.99255523192e-09, 1.29483135325e-09, 1.07456066267e-09, 7.35242644545e-10], "min": [5.32117288375e-23, 1.99116696631e-23, 5.00518234193e-23, 1.8244337987e-23, 1.0460158657e-22, 4.67188924056e-23, 1.00270020759e-22, 6.86125403832e-23, 4.12799331224e-23, 4.45739480499e-23, 8.23227788329e-23, 1.16108915164e-22, 1.25515835335e-22, 1.09397286583e-22, 9.73565050005e-23, 1.8068559898e-22, 1.65209536415e-22, 1.7907885971e-22, 3.06990585521e-22, 2.77600632175e-22, 5.13389970298e-22, 6.89333417144e-22, 7.18861907087e-22, 9.42831811688e-22, 1.32354209251e-21, 1.4623226429e-21, 2.6243847819e-21], "var": [1.4582354197e-05, 0.000399531854782, 4.69412043458e-05, 1.67952221091e-05, 1.64068587765e-05, 1.68287588167e-05, 8.23289792606e-06, 2.11137739825e-05, 5.24429560755e-05, 3.81719701181e-06, 5.90059585193e-07, 4.42505825049e-06, 6.4058094722e-06, 9.71527924776e-07, 8.06164507594e-07, 3.70824047025e-08, 3.02781984374e-07, 2.49036133937e-08, 7.32303329087e-09, 1.3624770645e-08, 6.97190660759e-09, 2.55638243907e-09, 2.19986873162e-09, 1.58487067914e-09, 2.02577443709e-09, 1.16035769882e-09, 8.38407576871e-13]}, "erbbands": {"dmean": [0.266639828682, 1.04321813583, 2.24533963203, 4.03359651566, 4.62810993195, 5.52665758133, 16.3998966217, 12.3541078568, 15.3965597153, 15.9455165863, 46.9539680481, 33.2324371338, 25.4475536346, 24.5734481812, 9.68148326874, 24.8019504547, 18.0706653595, 32.2517929077, 8.81650066376, 5.32621765137, 3.24065279961, 2.53004646301, 2.08629131317, 1.16927528381, 0.827335834503, 0.777033865452, 0.507551014423, 0.337920129299, 0.210266143084, 0.166345894337, 0.141207739711, 0.106799118221, 0.0553099475801, 0.0523849204183, 0.033734921366, 0.0218826457858, 0.0055856811814, 0.000503955001477, 4.43302269559e-05, 1.40967540574e-05], "dmean2": [0.368514806032, 1.74812972546, 4.02295875549, 7.3912229538, 8.37301540375, 9.19561386108, 22.3200950623, 18.2378158569, 22.8428440094, 22.5686740875, 62.9222335815, 47.4368438721, 35.7933502197, 36.5716896057, 13.825712204, 35.9326171875, 28.1379909515, 50.2643470764, 13.5945510864, 7.96940660477, 4.54561042786, 3.57210612297, 3.41640877724, 1.92897760868, 1.36181986332, 1.24036753178, 0.760291814804, 0.54343020916, 0.319238752127, 0.239116951823, 0.21137970686, 0.146737501025, 0.0823374465108, 0.079215824604, 0.0485833995044, 0.0301960352808, 0.00748799042776, 0.000703455472831, 6.85768100084e-05, 1.97924582608e-05], "dvar": [0.594226837158, 8.1491651535, 72.2344360352, 261.622009277, 208.093139648, 120.781539917, 590.632873535, 359.372680664, 576.074829102, 730.174377441, 5438.00439453, 5567.99316406, 4918.38916016, 3169.96166992, 505.310852051, 5981.46337891, 2504.46142578, 10736.0947266, 2585.91455078, 465.188690186, 136.964065552, 82.8419113159, 83.060874939, 23.3798370361, 12.6343641281, 17.262052536, 10.2947883606, 4.84547185898, 1.97910404205, 1.13437747955, 1.12769281864, 0.660812318325, 0.144326776266, 0.156407088041, 0.0618618093431, 0.0254739262164, 0.00150338897947, 8.46557122713e-06, 3.18310888758e-08, 6.66717181463e-10], "dvar2": [1.21537482738, 22.9783115387, 207.942108154, 762.046936035, 608.146728516, 330.543914795, 1038.12182617, 761.10760498, 1197.14709473, 1431.16455078, 10299.8554688, 11356.9423828, 8316.03613281, 6407.44580078, 963.793334961, 11866.9599609, 5289.70996094, 21874.8769531, 5746.18798828, 1182.0300293, 199.750900269, 123.149337769, 222.160812378, 59.7077827454, 28.6579990387, 35.7803459167, 22.2036705017, 11.9559602737, 4.83663606644, 2.14535140991, 2.56133365631, 1.39816713333, 0.295480251312, 0.375010639429, 0.144156485796, 0.0554949976504, 0.00328056141734, 1.83387037396e-05, 7.3819713009e-08, 1.44000589231e-09], "max": [7.68051862717, 33.4160995483, 88.3421630859, 198.958724976, 190.708389282, 138.99269104, 429.926086426, 351.519256592, 555.83190918, 681.923156738, 1745.47021484, 1547.09008789, 2133.60498047, 923.514099121, 833.842651367, 1775.45849609, 1177.64904785, 1685.97839355, 1828.06970215, 1051.94848633, 779.292114258, 566.697753906, 179.347702026, 68.5074615479, 67.2813339233, 74.611831665, 67.8257446289, 44.7818260193, 27.0546035767, 21.3200054169, 21.6511707306, 17.6089344025, 7.7550368309, 7.85802698135, 4.82397317886, 3.03052401543, 0.783975183964, 0.0575464218855, 0.00310675706714, 0.000422082986915], "mean": [0.431058228016, 2.05121946335, 3.0187485218, 3.79772472382, 5.00874376297, 10.3411188126, 34.0268821716, 23.6960067749, 31.3977565765, 34.5894088745, 95.2682876587, 59.5483398438, 45.3196029663, 35.3523406982, 15.2291574478, 36.3547096252, 24.8005485535, 39.6230354309, 11.51973629, 6.40619754791, 4.60551404953, 3.54443573952, 2.0938577652, 1.35834670067, 1.00086414814, 1.03973507881, 0.681575894356, 0.466461926699, 0.29721981287, 0.281588226557, 0.192851677537, 0.154542014003, 0.0893110558391, 0.0698970034719, 0.0480700805783, 0.0320234596729, 0.00829003751278, 0.000629671092611, 5.36043735337e-05, 4.12555964431e-05], "median": [0.00860003847629, 0.134064540267, 0.597445547581, 1.20394587517, 2.49208641052, 5.50481748581, 16.9512958527, 12.7417821884, 16.0904693604, 17.1665878296, 40.079158783, 18.0548286438, 9.01474380493, 11.0768299103, 5.26669502258, 8.05770111084, 6.02946710587, 5.54572677612, 1.84033477306, 0.985227406025, 0.42946216464, 0.191357672215, 0.0588189214468, 0.0274742785841, 0.00828450825065, 0.00374691863544, 0.00129507866222, 0.000595011690166, 0.000287919567199, 0.000175269815372, 0.00011712655396, 7.3333743785e-05, 4.97364599141e-05, 3.7832876842e-05, 2.82786513708e-05, 2.06892800634e-05, 1.15396678666e-05, 2.36580285673e-06, 1.41542504934e-05, 3.21494990203e-05], "min": [6.09128300701e-22, 5.70241592967e-21, 3.65278790289e-20, 9.07864391113e-20, 7.61040737113e-20, 6.23503982023e-19, 2.39713762042e-19, 4.60212221853e-19, 1.53746240658e-18, 1.24282770342e-18, 1.25423814298e-18, 8.70183251058e-19, 1.13198126204e-18, 2.6020281385e-18, 3.58300933748e-18, 4.38580383839e-18, 6.01353150214e-18, 5.38358424843e-18, 4.99161809773e-18, 5.79803316818e-18, 1.16691750404e-17, 9.43713072787e-18, 1.08845942294e-17, 9.8675119734e-18, 1.74001991344e-17, 1.38708767138e-17, 1.3414292868e-17, 2.61697876633e-17, 1.64399334331e-17, 2.81605069953e-17, 2.23816842696e-17, 1.64870000099e-17, 1.57525893574e-17, 1.2474358439e-17, 1.07374586508e-17, 5.87013684782e-18, 2.77289676969e-18, 1.38125979105e-18, 3.63465074011e-19, 3.78685093884e-20], "var": [1.10927629471, 10.8068065643, 50.4829330444, 149.947845459, 124.37387085, 181.168029785, 2039.11437988, 856.992797852, 1647.35717773, 2029.07214355, 15534.3535156, 14524.2685547, 19958.3125, 5404.76269531, 951.188476562, 10163.5126953, 3536.68432617, 14897.9980469, 3142.13867188, 451.055511475, 382.330749512, 228.125137329, 72.5761489868, 29.3935832977, 20.8415393829, 32.2587509155, 15.5924835205, 7.36325407028, 3.13692593575, 2.92637062073, 1.7026695013, 1.10551059246, 0.309346288443, 0.219609037042, 0.0980872884393, 0.0424895696342, 0.00270309299231, 1.28159308588e-05, 3.61407224148e-08, 1.76053760459e-09]}, "gfcc": {"mean": [-181.435836792, 238.660491943, -104.378364563, -56.754825592, -29.6134338379, -15.7688455582, -26.9556884766, -12.5955123901, -6.66078424454, -6.77034807205, -4.46175861359, -11.199552536, -4.74205160141], "cov": [[14330.1425781, -3596.92114258, -2406.44970703, 3473.90966797, 805.949279785, 1154.38806152, 683.49810791, 975.35748291, -102.499191284, 605.15234375, -207.714355469, 401.690673828, -41.7512397766], [-3596.92114258, 2769.88598633, 460.110168457, -1539.78942871, 239.090301514, -630.7421875, -91.6884765625, -406.898803711, 217.14289856, -279.254089355, 119.852767944, -300.219299316, 89.2994766235], [-2406.44970703, 460.110168457, 2468.24169922, 172.168334961, -203.962478638, 264.55569458, 126.24370575, 275.442993164, 159.487335205, 78.5831069946, 62.2498626709, 14.1218547821, 16.1607093811], [3473.90966797, -1539.78942871, 172.168334961, 1946.19885254, 290.588562012, 600.276123047, 451.191833496, 555.220031738, 54.9608879089, 298.891418457, -17.6937198639, 226.723098755, 3.90095591545], [805.949279785, 239.090301514, -203.962478638, 290.588562012, 720.622436523, 316.750579834, 223.511749268, 179.905670166, 161.111022949, 104.522613525, 100.520027161, 36.6772842407, 65.6125717163], [1154.38806152, -630.7421875, 264.55569458, 600.276123047, 316.750579834, 714.635559082, 296.313873291, 294.481018066, 94.9970245361, 228.791320801, 73.0911483765, 143.900650024, 26.8647327423], [683.49810791, -91.6884765625, 126.24370575, 451.191833496, 223.511749268, 296.313873291, 355.162902832, 201.205154419, 105.392028809, 113.432098389, 61.1146430969, 55.0102729797, 46.4751319885], [975.35748291, -406.898803711, 275.442993164, 555.220031738, 179.905670166, 294.481018066, 201.205154419, 358.575439453, 94.1316680908, 125.407493591, 20.4630794525, 93.2374954224, 19.1709117889], [-102.499191284, 217.14289856, 159.487335205, 54.9608879089, 161.111022949, 94.9970245361, 105.392028809, 94.1316680908, 187.670043945, 49.7989997864, 41.5062141418, 15.4943885803, 40.3476257324], [605.15234375, -279.254089355, 78.5831069946, 298.891418457, 104.522613525, 228.791320801, 113.432098389, 125.407493591, 49.7989997864, 160.769668579, 45.8716087341, 52.7943344116, 14.4448690414], [-207.714355469, 119.852767944, 62.2498626709, -17.6937198639, 100.520027161, 73.0911483765, 61.1146430969, 20.4630794525, 41.5062141418, 45.8716087341, 97.4103546143, 28.0774707794, 20.1591510773], [401.690673828, -300.219299316, 14.1218547821, 226.723098755, 36.6772842407, 143.900650024, 55.0102729797, 93.2374954224, 15.4943885803, 52.7943344116, 28.0774707794, 101.71836853, 23.6963558197], [-41.7512397766, 89.2994766235, 16.1607093811, 3.90095591545, 65.6125717163, 26.8647327423, 46.4751319885, 19.1709117889, 40.3476257324, 14.4448690414, 20.1591510773, 23.6963558197, 59.7811698914]], "icov": [[0.000255135353655, -0.000277805345831, 0.000415281392634, -0.000499054265674, 0.000232040794799, -0.000387087231502, 0.000329264788888, -0.000503622693941, 0.000293573189992, -0.000398845790187, 0.000536746170837, -2.65150374616e-05, 6.60136938677e-05], [-0.000277805345831, 0.0038452562876, -0.0017602344742, 0.00258830143139, -0.00310010742396, 0.00344516709447, -0.00321932206862, 0.00240000151098, -0.00228820065968, 0.00168785220012, -0.00200382736512, 0.00306956190616, -0.0014480628306], [0.000415281392634, -0.0017602344742, 0.00182264531031, -0.0017317639431, 0.00222702487372, -0.00242628948763, 0.00209946394898, -0.00232129730284, 0.000604364147875, -0.000303418579279, 5.82908032811e-05, 0.000502288690768, -0.000255317572737], [-0.000499054265674, 0.00258830143139, -0.0017317639431, 0.00395334884524, -0.00283390190452, 0.00345782749355, -0.00422784592956, 0.00129293557256, -0.000746854988392, -0.000884836365003, 0.00125212362036, -0.00183997338172, 0.00144891091622], [0.000232040794799, -0.00310010742396, 0.00222702487372, -0.00283390190452, 0.00601372960955, -0.00487652560696, 0.00373642891645, -0.00332066626288, 0.000112615671242, 0.00102540047374, -0.00256933644414, 0.00238462607376, -0.00227557914332], [-0.000387087231502, 0.00344516709447, -0.00242628948763, 0.00345782749355, -0.00487652560696, 0.00843083113432, -0.00599870271981, 0.0027035519015, -0.000934188254178, -0.00357718206942, 0.00170550413895, -0.0042408965528, 0.00297444057651], [0.000329264788888, -0.00321932206862, 0.00209946394898, -0.00422784592956, 0.00373642891645, -0.00599870271981, 0.0109710395336, -0.00400382233784, 0.000183634881978, 0.00147641403601, -0.00394121184945, 0.00463959015906, -0.00489381002262], [-0.000503622693941, 0.00240000151098, -0.00232129730284, 0.00129293557256, -0.00332066626288, 0.0027035519015, -0.00400382233784, 0.00998894870281, -0.00311293709092, -0.000441829673946, 0.00158765236847, -0.00328759825788, 0.00192088424228], [0.000293573189992, -0.00228820065968, 0.000604364147875, -0.000746854988392, 0.000112615671242, -0.000934188254178, 0.000183634881978, -0.00311293709092, 0.0106227668002, -0.00340907461941, 0.00211120676249, -0.00239077489823, -0.00144991336856], [-0.000398845790187, 0.00168785220012, -0.000303418579279, -0.000884836365003, 0.00102540047374, -0.00357718206942, 0.00147641403601, -0.000441829673946, -0.00340907461941, 0.0179974026978, -0.0104338563979, 0.00807125214487, -0.00491275917739], [0.000536746170837, -0.00200382736512, 5.82908032811e-05, 0.00125212362036, -0.00256933644414, 0.00170550413895, -0.00394121184945, 0.00158765236847, 0.00211120676249, -0.0104338563979, 0.0245057791471, -0.0148506658152, 0.00659811403602], [-2.65150374616e-05, 0.00306956190616, 0.000502288690768, -0.00183997338172, 0.00238462607376, -0.0042408965528, 0.00463959015906, -0.00328759825788, -0.00239077489823, 0.00807125214487, -0.0148506658152, 0.0327145718038, -0.0161798894405], [6.60136938677e-05, -0.0014480628306, -0.000255317572737, 0.00144891091622, -0.00227557914332, 0.00297444057651, -0.00489381002262, 0.00192088424228, -0.00144991336856, -0.00491275917739, 0.00659811403602, -0.0161798894405, 0.029614886269]]}, "melbands": {"dmean": [0.00185112922918, 0.00117380893789, 0.000708733394276, 0.000334872194799, 0.000487296463689, 0.000271400320344, 0.000246050185524, 0.00018232545699, 0.000348781206412, 0.000231033103773, 0.000128887419123, 0.000105583574623, 2.78124443867e-05, 6.63562241243e-05, 3.28119094775e-05, 7.60164330131e-05, 5.29849057784e-05, 1.31572724058e-05, 8.76380727277e-06, 6.83798953105e-06, 3.74742012355e-06, 2.97745623357e-06, 2.26055954045e-06, 1.62734863807e-06, 8.80491086264e-07, 6.6182815317e-07, 5.45135151242e-07, 5.23951428022e-07, 2.9987629091e-07, 2.92956684689e-07, 1.81063285254e-07, 1.30330803927e-07, 1.10067134074e-07, 8.68991207881e-08, 8.23856325383e-08, 7.45962438486e-08, 6.98015867329e-08, 3.57336986667e-08, 4.43289707164e-08, 4.40186553874e-08], "dmean2": [0.00265841395594, 0.00201531359926, 0.00129414349794, 0.000584215857089, 0.000679538527038, 0.000397314172005, 0.000362449150998, 0.000253771140706, 0.000472726183943, 0.000328264490236, 0.000181966795935, 0.000157425616635, 3.95493334509e-05, 9.87832463579e-05, 4.86136887048e-05, 0.0001192962809, 8.25795068522e-05, 2.04587631742e-05, 1.36697453854e-05, 1.01415853351e-05, 5.15046167493e-06, 4.02995101467e-06, 3.65006894754e-06, 2.74008084489e-06, 1.47696619024e-06, 1.08141978217e-06, 9.05479680569e-07, 8.41250653139e-07, 4.77760238482e-07, 4.52930152051e-07, 3.0396239481e-07, 2.08842735105e-07, 1.60737272381e-07, 1.29187426978e-07, 1.2575060282e-07, 1.07912747183e-07, 1.04410950996e-07, 5.31122452685e-08, 6.94467914286e-08, 6.65651640475e-08], "dvar": [2.60107808572e-05, 1.45267977132e-05, 7.5899647527e-06, 7.77645198013e-07, 5.14472787927e-07, 1.60825621265e-07, 1.40955378924e-07, 8.93446312489e-08, 3.03858172401e-07, 3.07911989239e-07, 1.28002085376e-07, 6.0917344058e-08, 4.54536142058e-09, 4.088752803e-08, 7.84104159379e-09, 5.78772016979e-08, 2.88078858546e-08, 7.46608908031e-09, 1.38109890191e-09, 3.83625353706e-10, 3.47825129809e-10, 1.67646507787e-10, 8.50757728155e-11, 5.15586844052e-11, 1.38496922264e-11, 7.97043247375e-12, 7.61262320542e-12, 8.11087828845e-12, 3.1478474341e-12, 4.21466811104e-12, 1.43283637993e-12, 8.55946932256e-13, 4.01872274607e-13, 3.35425236848e-13, 3.9188479393e-13, 3.06920911212e-13, 3.26220766979e-13, 5.62751139633e-14, 1.00068811202e-13, 1.12211970401e-13], "dvar2": [5.566116306e-05, 4.08979685744e-05, 2.20879865083e-05, 2.2359254217e-06, 9.43393729358e-07, 3.42977159562e-07, 2.93325655321e-07, 1.68568519143e-07, 5.87363615523e-07, 5.97249083967e-07, 2.16035033418e-07, 1.23123527374e-07, 8.62347881991e-09, 8.25037318464e-08, 1.712051656e-08, 1.19183049208e-07, 5.86318336104e-08, 1.64411755321e-08, 3.30908567214e-09, 8.8778784324e-10, 3.99873328893e-10, 1.85638671102e-10, 2.24887081179e-10, 1.34178376743e-10, 3.57915815041e-11, 1.81452804171e-11, 1.68979535226e-11, 1.70593209697e-11, 5.9826405982e-12, 1.02699012489e-11, 3.7370150377e-12, 2.17283938238e-12, 8.895158915e-13, 6.00602954957e-13, 9.19295997832e-13, 6.40365690162e-13, 8.09823020274e-13, 1.08449734653e-13, 2.32480050835e-13, 2.72343806578e-13], "max": [0.0543824099004, 0.0436473190784, 0.0331666618586, 0.0127662252635, 0.0129748834297, 0.0075857094489, 0.00840205512941, 0.00740888575092, 0.0130724916235, 0.0117646707222, 0.0108715761453, 0.00412997277454, 0.00226487405598, 0.00484413839877, 0.00286160758696, 0.00358425732702, 0.00277255638503, 0.00307593820617, 0.00120512151625, 0.000750150473323, 0.00141356850509, 0.00095619779313, 0.00018332793843, 0.000131381355459, 5.68343639316e-05, 6.62509191898e-05, 4.96079373988e-05, 5.15446226927e-05, 3.39499965776e-05, 4.33493732999e-05, 2.34174767684e-05, 1.73568187165e-05, 1.29287682284e-05, 1.17167228382e-05, 1.30909065774e-05, 1.18604721138e-05, 1.27313678604e-05, 4.78522542835e-06, 5.95521350988e-06, 6.74361308484e-06], "mean": [0.00344168022275, 0.0020382408984, 0.000689869979396, 0.000475735549117, 0.00102111650631, 0.000540308712516, 0.000506298500113, 0.000406545121223, 0.000704820733517, 0.000391829613363, 0.000223215844017, 0.000146084887092, 4.07659790653e-05, 9.45810097619e-05, 5.04734816786e-05, 9.32699040277e-05, 6.44164756523e-05, 1.65388664755e-05, 9.90805892798e-06, 8.19427077658e-06, 5.31381238034e-06, 4.4031444304e-06, 2.25885082727e-06, 1.61146488153e-06, 1.03578270227e-06, 7.69277335166e-07, 7.03824127868e-07, 6.90110425694e-07, 4.33147050671e-07, 3.45246348843e-07, 2.56203037452e-07, 1.67619674585e-07, 1.59713223979e-07, 1.51338355181e-07, 1.12519309425e-07, 9.64666426739e-08, 9.41477722449e-08, 5.8059228536e-08, 6.38141344211e-08, 5.67006459562e-08], "median": [0.000129794716486, 0.000333880831022, 0.000255947641563, 0.000235748666455, 0.000530019402504, 0.000300138373859, 0.000271876953775, 0.000201048373128, 0.00029085445567, 7.3859198892e-05, 3.97071926272e-05, 4.1605620936e-05, 1.23908812384e-05, 2.32504226005e-05, 1.25566821225e-05, 1.49936995513e-05, 8.40081338538e-06, 1.99772171072e-06, 1.17004913136e-06, 1.15472778361e-06, 2.69431893685e-07, 2.03809719324e-07, 7.25930391354e-08, 2.61971191406e-08, 1.98290344144e-08, 6.35673824689e-09, 3.90991417021e-09, 1.8840584648e-09, 8.05520872227e-10, 4.39231567784e-10, 2.59538751601e-10, 1.5540146947e-10, 9.98892010773e-11, 7.87949636094e-11, 5.75552452919e-11, 3.94511333324e-11, 2.70336739105e-11, 1.96448534523e-11, 1.55719118156e-11, 1.26062433062e-11], "min": [8.12344742167e-24, 1.58697467554e-23, 1.31373140178e-23, 2.44347361918e-23, 1.36095498215e-23, 1.17278972592e-23, 2.18349725035e-23, 1.41493484062e-23, 9.37841783679e-24, 5.59008807216e-24, 5.80073641639e-24, 1.01996717374e-23, 1.25266055151e-23, 1.13534297206e-23, 9.52956910826e-24, 1.49033858357e-23, 9.60516959311e-24, 8.28751471274e-24, 8.34576735742e-24, 8.36334554497e-24, 1.41589851311e-23, 9.11602771136e-24, 9.75215094583e-24, 9.36150387012e-24, 7.33110369555e-24, 1.25715200996e-23, 1.177820923e-23, 8.78726046278e-24, 6.28305110144e-24, 1.25965498672e-23, 1.71003303245e-23, 7.37022882987e-24, 1.65178512093e-23, 1.34279335307e-23, 1.23962068074e-23, 1.24293011001e-23, 9.24886952121e-24, 9.67947634608e-24, 1.3258935859e-23, 9.59690706399e-24], "var": [4.97171131428e-05, 1.39900857903e-05, 4.36033133155e-06, 6.10952213265e-07, 1.74283434262e-06, 4.08529729157e-07, 3.989313484e-07, 2.62923776972e-07, 8.62882700403e-07, 8.91376657819e-07, 5.17305068115e-07, 1.0216511015e-07, 8.53871817696e-09, 6.48130935588e-08, 1.39110092334e-08, 7.8976363227e-08, 3.99506738802e-08, 9.11753161859e-09, 1.55371326915e-09, 4.56997772957e-10, 1.13253040279e-09, 5.57615953412e-10, 7.67044414096e-11, 4.99907025497e-11, 1.78479939161e-11, 1.19434080681e-11, 1.33100067426e-11, 1.48001142591e-11, 5.82597338428e-12, 4.90967249495e-12, 2.18492411663e-12, 1.08304749717e-12, 9.25084227971e-13, 8.59044931543e-13, 5.8301752098e-13, 4.53326314204e-13, 4.34300219485e-13, 1.29275374585e-13, 1.67121281007e-13, 1.4995644971e-13]}, "mfcc": {"mean": [-801.43951416, 248.198440552, 10.5017137527, -22.7577095032, -1.18079674244, -2.70017457008, -9.96315193176, -8.72493267059, -4.86600875854, -0.432751387358, 2.20756864548, 2.01889610291, -1.83738136292], "cov": [[8613.19433594, -574.990600586, -2721.6262207, 942.567565918, 808.199584961, 423.853546143, 606.690307617, 608.023010254, 390.73449707, 274.663726807, 187.747116089, 106.401428223, 48.2868919373], [-574.990600586, 2221.578125, -201.263153076, -690.719055176, 157.18182373, -65.4480361938, -190.477401733, -94.8023223877, -23.6782836914, 2.35491466522, 16.4911823273, -35.1885070801, -50.2136535645], [-2721.6262207, -201.263153076, 2125.51025391, 311.597381592, -287.130065918, 1.89816141129, -14.8482570648, -40.4542922974, 43.4406204224, 84.0300445557, 32.3236618042, 11.9697313309, 28.5875644684], [942.567565918, -690.719055176, 311.597381592, 1015.7789917, 201.898483276, 64.6928405762, 243.213592529, 251.300170898, 200.69619751, 153.143966675, 89.6164093018, 57.1464805603, 52.187828064], [808.199584961, 157.18182373, -287.130065918, 201.898483276, 517.004821777, 248.629241943, 190.22492981, 244.555633545, 170.941238403, 159.835189819, 117.320983887, 74.1433868408, 62.5256347656], [423.853546143, -65.4480361938, 1.89816141129, 64.6928405762, 248.629241943, 420.669677734, 279.311157227, 167.39163208, 154.068374634, 157.648132324, 121.558952332, 90.2255783081, 74.3459472656], [606.690307617, -190.477401733, -14.8482570648, 243.213592529, 190.22492981, 279.311157227, 359.502624512, 229.219161987, 142.245559692, 165.834472656, 119.09602356, 80.9568405151, 62.8137283325], [608.023010254, -94.8023223877, -40.4542922974, 251.300170898, 244.555633545, 167.39163208, 229.219161987, 291.259277344, 186.593093872, 147.289489746, 109.448768616, 69.5076599121, 57.4001960754], [390.73449707, -23.6782836914, 43.4406204224, 200.69619751, 170.941238403, 154.068374634, 142.245559692, 186.593093872, 206.472137451, 148.706390381, 84.523651123, 58.5764160156, 44.5784339905], [274.663726807, 2.35491466522, 84.0300445557, 153.143966675, 159.835189819, 157.648132324, 165.834472656, 147.289489746, 148.706390381, 189.765319824, 114.891975403, 50.1866798401, 39.45154953], [187.747116089, 16.4911823273, 32.3236618042, 89.6164093018, 117.320983887, 121.558952332, 119.09602356, 109.448768616, 84.523651123, 114.891975403, 118.492012024, 61.5289039612, 29.7837562561], [106.401428223, -35.1885070801, 11.9697313309, 57.1464805603, 74.1433868408, 90.2255783081, 80.9568405151, 69.5076599121, 58.5764160156, 50.1866798401, 61.5289039612, 85.3743667603, 56.3934059143], [48.2868919373, -50.2136535645, 28.5875644684, 52.187828064, 62.5256347656, 74.3459472656, 62.8137283325, 57.4001960754, 44.5784339905, 39.45154953, 29.7837562561, 56.3934059143, 82.7881240845]], "icov": [[0.000362465158105, -5.77671926294e-05, 0.000586430775002, -0.000555181351956, 0.000360816367902, -0.000547442235984, 0.000330773589667, -0.000574213452637, 0.000348017027136, -0.000572607154027, 0.000417944655055, -0.00018943179748, 0.000331444549374], [-5.77671926294e-05, 0.000808117620181, -0.000255656050285, 0.000947185908444, -0.00111073022708, 0.00116725056432, -0.000781783368438, 0.00126107176766, -0.0015289777657, 0.000909984635655, -0.00132913072594, 0.000846175826155, -0.000184065458598], [0.000586430775002, -0.000255656050285, 0.00166774506215, -0.00149088015314, 0.00172172952443, -0.00187880592421, 0.00173635431565, -0.00176261295564, 0.00163093092851, -0.00239194091409, 0.00132140587084, -0.000767098506913, 0.000467165984446], [-0.000555181351956, 0.000947185908444, -0.00149088015314, 0.00365001545288, -0.00278524658643, 0.0042258547619, -0.00406625913456, 0.00343628204428, -0.00494792405516, 0.00371607625857, -0.00317806843668, 0.002279992681, -0.00139276438858], [0.000360816367902, -0.00111073022708, 0.00172172952443, -0.00278524658643, 0.00743924546987, -0.00625086249784, 0.00634797476232, -0.00821265671402, 0.00666010659188, -0.00663920398802, 0.00452918559313, -0.00328583386727, 0.00133622100111], [-0.000547442235984, 0.00116725056432, -0.00187880592421, 0.0042258547619, -0.00625086249784, 0.0132170310244, -0.0122358072549, 0.0112387156114, -0.012354533188, 0.00924631953239, -0.00911161396652, 0.00519833480939, -0.0046614469029], [0.000330773589667, -0.000781783368438, 0.00173635431565, -0.00406625913456, 0.00634797476232, -0.0122358072549, 0.0194339714944, -0.0162513107061, 0.0162112489343, -0.0153167583048, 0.0107323983684, -0.00917109195143, 0.00496880803257], [-0.000574213452637, 0.00126107176766, -0.00176261295564, 0.00343628204428, -0.00821265671402, 0.0112387156114, -0.0162513107061, 0.0260307062417, -0.0222901701927, 0.0164129491895, -0.0163593366742, 0.0110710002482, -0.00754034658894], [0.000348017027136, -0.0015289777657, 0.00163093092851, -0.00494792405516, 0.00666010659188, -0.012354533188, 0.0162112489343, -0.0222901701927, 0.0346978344023, -0.0267202910036, 0.0211334042251, -0.0169834904373, 0.00866037979722], [-0.000572607154027, 0.000909984635655, -0.00239194091409, 0.00371607625857, -0.00663920398802, 0.00924631953239, -0.0153167583048, 0.0164129491895, -0.0267202910036, 0.0393761619925, -0.0314576774836, 0.0214430149645, -0.0113438926637], [0.000417944655055, -0.00132913072594, 0.00132140587084, -0.00317806843668, 0.00452918559313, -0.00911161396652, 0.0107323983684, -0.0163593366742, 0.0211334042251, -0.0314576774836, 0.0462959483266, -0.0302384551615, 0.0160120781511], [-0.00018943179748, 0.000846175826155, -0.000767098506913, 0.002279992681, -0.00328583386727, 0.00519833480939, -0.00917109195143, 0.0110710002482, -0.0169834904373, 0.0214430149645, -0.0302384551615, 0.0446620844305, -0.0240704827011], [0.000331444549374, -0.000184065458598, 0.000467165984446, -0.00139276438858, 0.00133622100111, -0.0046614469029, 0.00496880803257, -0.00754034658894, 0.00866037979722, -0.0113438926637, 0.0160120781511, -0.0240704827011, 0.0285039357841]]}, "spectral_contrast_coeffs": {"dmean": [0.0574824996293, 0.0452962256968, 0.046718403697, 0.0415149070323, 0.0302320662886, 0.0360060147941], "dmean2": [0.0908958613873, 0.0701804831624, 0.0721372589469, 0.0646931752563, 0.0480356961489, 0.0591335371137], "dvar": [0.00275818351656, 0.00158598588314, 0.00159686268307, 0.00138463522308, 0.000826504663564, 0.000954998133238], "dvar2": [0.00655782688409, 0.00370112946257, 0.00362695148215, 0.00330943544395, 0.00190741650295, 0.00251287012361], "max": [-0.230239033699, -0.417992651463, -0.411592006683, -0.492598414421, -0.449867516756, -0.574393868446], "mean": [-0.576298177242, -0.698990166187, -0.729944169521, -0.746012628078, -0.780772328377, -0.850660383701], "median": [-0.595259904861, -0.697426497936, -0.737912535667, -0.749304294586, -0.784229874611, -0.848645448685], "min": [-0.976589202881, -0.967799425125, -0.985696852207, -0.990670979023, -0.984857738018, -0.965820193291], "var": [0.020327033475, 0.00451293680817, 0.00614939304069, 0.00452660722658, 0.00390147604048, 0.00512147601694]}, "spectral_contrast_valleys": {"dmean": [0.548067808151, 0.349122107029, 0.423672258854, 0.516083478928, 0.651658177376, 0.886478900909], "dmean2": [0.87564098835, 0.563269257545, 0.669555008411, 0.771787405014, 0.966180205345, 1.40322434902], "dvar": [0.334842592478, 0.154182061553, 0.234313413501, 0.378873258829, 0.638864696026, 0.603946447372], "dvar2": [0.74196511507, 0.293001711369, 0.447051644325, 0.75352960825, 1.28673815727, 1.38043308258], "max": [-5.04107666016, -4.48261117935, -5.1360373497, -5.39103221893, -5.9419131279, -8.30295181274], "mean": [-8.20617485046, -6.499436378