{"lowlevel": {"average_loudness": 0.821442246437, "barkbands_crest": {"dmean": 2.10382223129, "dmean2": 3.17120718956, "dvar": 4.92343521118, "dvar2": 10.9762687683, "max": 25.9128665924, "mean": 14.0367469788, "median": 13.1881141663, "min": 3.75744748116, "var": 23.9214076996}, "barkbands_flatness_db": {"dmean": 0.0271468162537, "dmean2": 0.0385250784457, "dvar": 0.000965804792941, "dvar2": 0.00201265746728, "max": 0.544234573841, "mean": 0.273315399885, "median": 0.269272297621, "min": 0.055263414979, "var": 0.00549024855718}, "barkbands_kurtosis": {"dmean": 6.58222675323, "dmean2": 9.92819595337, "dvar": 115.27166748, "dvar2": 288.008911133, "max": 157.509475708, "mean": 15.638586998, "median": 10.9454946518, "min": -1.70752882957, "var": 263.665008545}, "barkbands_skewness": {"dmean": 0.667418479919, "dmean2": 0.977369189262, "dvar": 0.598002314568, "dvar2": 1.37332606316, "max": 11.0428476334, "mean": 2.66926574707, "median": 2.51985120773, "min": -4.90442228317, "var": 2.91423249245}, "barkbands_spread": {"dmean": 1.90521299839, "dmean2": 3.02817487717, "dvar": 12.9107847214, "dvar2": 34.8899154663, "max": 60.6622123718, "mean": 5.7676358223, "median": 4.42558574677, "min": 0.439421236515, "var": 26.7291736603}, "dissonance": {"dmean": 0.0298179108649, "dmean2": 0.0481929555535, "dvar": 0.000838726351503, "dvar2": 0.00198540929705, "max": 0.499993264675, "mean": 0.405347049236, "median": 0.420230746269, "min": 0.10503295809, "var": 0.00426166085526}, "dynamic_complexity": 4.03773450851, "erbbands_crest": {"dmean": 2.373660326, "dmean2": 3.51848697662, "dvar": 5.09154033661, "dvar2": 11.6829929352, "max": 29.1467571259, "mean": 12.4866628647, "median": 11.6570835114, "min": 2.8414440155, "var": 23.2097988129}, "erbbands_flatness_db": {"dmean": 0.0231726486236, "dmean2": 0.0337760001421, "dvar": 0.000846065755468, "dvar2": 0.00191486324184, "max": 0.49571532011, "mean": 0.233828559518, "median": 0.219534531236, "min": 0.0630876123905, "var": 0.00458430266008}, "erbbands_kurtosis": {"dmean": 1.97304666042, "dmean2": 2.99650812149, "dvar": 14.3645219803, "dvar2": 35.8834571838, "max": 75.515045166, "mean": 3.20536184311, "median": 1.34851121902, "min": -1.77808094025, "var": 41.3539390564}, "erbbands_skewness": {"dmean": 0.383599430323, "dmean2": 0.565074384212, "dvar": 0.188917517662, "dvar2": 0.440989464521, "max": 6.74779176712, "mean": 1.1676350832, "median": 1.13892674446, "min": -5.46760797501, "var": 0.939836919308}, "erbbands_spread": {"dmean": 5.48395347595, "dmean2": 8.22830200195, "dvar": 48.9516677856, "dvar2": 125.797416687, "max": 109.201904297, "mean": 23.4593353271, "median": 23.1552009583, "min": 0.707498311996, "var": 154.579940796}, "hfc": {"dmean": 2.58019542694, "dmean2": 3.61146092415, "dvar": 13.5532283783, "dvar2": 28.1293067932, "max": 42.524848938, "mean": 11.008731842, "median": 10.5244693756, "min": 1.09056742656e-16, "var": 49.2753639221}, "melbands_crest": {"dmean": 2.38614678383, "dmean2": 3.61424541473, "dvar": 5.77486610413, "dvar2": 13.1692075729, "max": 32.4773139954, "mean": 18.0161705017, "median": 17.9082221985, "min": 1.53708636761, "var": 28.9239768982}, "melbands_flatness_db": {"dmean": 0.028710167855, "dmean2": 0.0399015210569, "dvar": 0.00113666872494, "dvar2": 0.00222590193152, "max": 0.690329611301, "mean": 0.358934551477, "median": 0.355773359537, "min": 0.0025753674563, "var": 0.00915340147913}, "melbands_kurtosis": {"dmean": 9.12621116638, "dmean2": 13.6717071533, "dvar": 204.659103394, "dvar2": 496.221679688, "max": 186.896697998, "mean": 22.7702960968, "median": 16.0004005432, "min": -1.68964254856, "var": 497.320037842}, "melbands_skewness": {"dmean": 0.721316814423, "dmean2": 1.04197096825, "dvar": 0.666096925735, "dvar2": 1.5429816246, "max": 10.0718383789, "mean": 3.03447365761, "median": 2.87852573395, "min": -5.33234643936, "var": 3.43384051323}, "melbands_spread": {"dmean": 1.74995791912, "dmean2": 2.5170006752, "dvar": 13.2615385056, "dvar2": 25.753911972, "max": 155.304916382, "mean": 7.2761259079, "median": 4.50070524216, "min": 0.422361254692, "var": 198.291320801}, "pitch_salience": {"dmean": 0.0565571375191, "dmean2": 0.0842774435878, "dvar": 0.0032448314596, "dvar2": 0.00736939767376, "max": 0.841749250889, "mean": 0.446830660105, "median": 0.446867823601, "min": 0.0730783045292, "var": 0.0199053175747}, "silence_rate_20dB": {"dmean": 0, "dmean2": 0, "dvar": 0, "dvar2": 0, "max": 1, "mean": 1, "median": 1, "min": 1, "var": 0}, "silence_rate_30dB": {"dmean": 0.0672268941998, "dmean2": 0.134483516216, "dvar": 0.0627060979605, "dvar2": 0.141171395779, "max": 1, "mean": 0.859385371208, "median": 1, "min": 0, "var": 0.120844006538}, "silence_rate_60dB": {"dmean": 0.0030959751457, "dmean2": 0.00597213022411, "dvar": 0.00308634364046, "dvar2": 0.00637932354584, "max": 1, "mean": 0.0879946947098, "median": 0, "min": 0, "var": 0.0802524760365}, "spectral_centroid": {"dmean": 78.6971282959, "dmean2": 111.361557007, "dvar": 43864.8789062, "dvar2": 62239.6875, "max": 11774.3251953, "mean": 614.795349121, "median": 420.358612061, "min": 155.080108643, "var": 1179075.125}, "spectral_complexity": {"dmean": 1.66165411472, "dmean2": 2.53395271301, "dvar": 3.119389534, "dvar2": 6.30643177032, "max": 27, "mean": 10.1047973633, "median": 10, "min": 0, "var": 23.0940723419}, "spectral_decrease": {"dmean": 2.93779134353e-09, "dmean2": 4.22790735755e-09, "dvar": 1.76713108889e-17, "dvar2": 3.66379799996e-17, "max": 1.2345515546e-19, "mean": -1.34207889246e-08, "median": -1.1177153425e-08, "min": -5.26289092306e-08, "var": 1.17220413114e-16}, "spectral_energy": {"dmean": 0.0112648066133, "dmean2": 0.0161925237626, "dvar": 0.000257501291344, "dvar2": 0.000532942300197, "max": 0.20021930337, "mean": 0.0516515634954, "median": 0.0432065613568, "min": 1.02071906546e-20, "var": 0.00170557224192}, "spectral_energyband_high": {"dmean": 6.15651515545e-05, "dmean2": 0.000110337277874, "dvar": 3.47132562695e-08, "dvar2": 9.7731216897e-08, "max": 0.00212550885044, "mean": 5.83504697715e-05, "median": 2.10599773709e-05, "min": 6.94726055146e-21, "var": 2.22110685399e-08}, "spectral_energyband_low": {"dmean": 0.00860247854143, "dmean2": 0.0125641757622, "dvar": 0.000224553630687, "dvar2": 0.00047492273734, "max": 0.194839149714, "mean": 0.0338534079492, "median": 0.0172729101032, "min": 1.12899855823e-23, "var": 0.00153368024621}, "spectral_energyband_middle_high": {"dmean": 0.000429478735896, "dmean2": 0.000574418518227, "dvar": 3.59586636023e-07, "dvar2": 6.58975636725e-07, "max": 0.0109491450712, "mean": 0.00130575499497, "median": 0.00104042806197, "min": 1.28348512414e-21, "var": 1.45055673784e-06}, "spectral_energyband_middle_low": {"dmean": 0.0061261896044, "dmean2": 0.00828231684864, "dvar": 8.78597056726e-05, "dvar2": 0.000165608507814, "max": 0.1068546772, "mean": 0.0206609014422, "median": 0.0160085801035, "min": 1.58359762512e-22, "var": 0.000311877345666}, "spectral_entropy": {"dmean": 0.237001299858, "dmean2": 0.339444667101, "dvar": 0.103108465672, "dvar2": 0.237125992775, "max": 9.81907939911, "mean": 6.32431077957, "median": 6.40008497238, "min": 3.80553340912, "var": 0.574648737907}, "spectral_flux": {"dmean": 0.0256978850812, "dmean2": 0.0411516390741, "dvar": 0.00124056229834, "dvar2": 0.00287141138688, "max": 0.356981694698, "mean": 0.0610563829541, "median": 0.0485232546926, "min": 6.37747910037e-11, "var": 0.00246516405605}, "spectral_kurtosis": {"dmean": 7.65999221802, "dmean2": 12.6492204666, "dvar": 128.098892212, "dvar2": 291.526855469, "max": 188.757141113, "mean": 19.9101963043, "median": 12.900894165, "min": -1.26434099674, "var": 482.000335693}, "spectral_rms": {"dmean": 0.000735686451662, "dmean2": 0.00103670940734, "dvar": 9.33135879677e-07, "dvar2": 1.80220808943e-06, "max": 0.013976261951, "mean": 0.00633995002136, "median": 0.00649251462892, "min": 3.15566713385e-12, "var": 1.01968216768e-05}, "spectral_rolloff": {"dmean": 110.336471558, "dmean2": 182.204925537, "dvar": 363752.40625, "dvar2": 758004.5, "max": 19315.2832031, "mean": 692.462402344, "median": 387.59765625, "min": 86.1328125, "var": 4230378}, "spectral_skewness": {"dmean": 0.573179423809, "dmean2": 0.914925575256, "dvar": 0.496619135141, "dvar2": 1.10336315632, "max": 11.783490181, "mean": 3.14863276482, "median": 2.72935175896, "min": -0.0682860910892, "var": 2.45216298103}, "spectral_spread": {"dmean": 770114.25, "dmean2": 1300034.25, "dvar": 2369175158780.0, "dvar2": 5699263266820.0, "max": 42255012, "mean": 3174779, "median": 2589800, "min": 529895.8125, "var": 15712353517600.0}, "spectral_strongpeak": {"dmean": 0.274127870798, "dmean2": 0.450098395348, "dvar": 0.169704481959, "dvar2": 0.41586458683, "max": 4.67286729813, "mean": 0.923583507538, "median": 0.850320339203, "min": 0, "var": 0.347129225731}, "zerocrossingrate": {"dmean": 0.00460757408291, "dmean2": 0.00629981094971, "dvar": 9.98698014882e-05, "dvar2": 0.000149915751535, "max": 0.52734375, "mean": 0.0281007308513, "median": 0.01708984375, "min": 0.0029296875, "var": 0.00324912159704}, "barkbands": {"dmean": [3.71502646885e-05, 0.00662180921063, 0.00246738269925, 0.00201930571347, 0.00203691283241, 0.00254040583968, 0.0016481790226, 0.000294364232104, 0.00010514332098, 0.000201587899937, 7.23863777239e-05, 7.07359431544e-05, 9.91167835309e-05, 5.46337614651e-05, 9.04808766791e-05, 7.13234840077e-05, 6.06918947597e-05, 2.11965889321e-05, 1.70925814018e-05, 7.22595450497e-06, 8.65908532433e-06, 5.36319703315e-06, 4.17227329308e-06, 7.55583278078e-06, 1.28225301523e-05, 2.40334884438e-05, 6.3873886802e-07], "dmean2": [6.40698344796e-05, 0.00969601050019, 0.0037779842969, 0.00295578339137, 0.00289263948798, 0.0034339861013, 0.002368273912, 0.000436015543528, 0.000151106709382, 0.000254041515291, 0.000106282132037, 0.000109990469355, 0.000155799993081, 8.77047714312e-05, 0.00014975182421, 0.000106527513708, 9.37622535275e-05, 3.24217871821e-05, 2.54681690421e-05, 1.07138175736e-05, 1.30191720018e-05, 8.93234209798e-06, 7.36474066798e-06, 1.37185479616e-05, 2.43026734097e-05, 4.65118027932e-05, 1.23759571125e-06], "dvar": [2.09292831954e-08, 0.000177780573722, 3.21321240335e-05, 2.43299800786e-05, 1.92208626686e-05, 1.84732634807e-05, 1.21501434478e-05, 3.4407497651e-07, 8.01214170565e-08, 1.02904145649e-07, 3.09522150133e-08, 1.79352230845e-08, 2.74895270991e-08, 7.6339849997e-09, 1.78646502036e-08, 1.2326774268e-08, 1.55696984194e-08, 1.97105820554e-09, 8.8116641761e-10, 1.63203742187e-10, 2.61381638555e-10, 2.90127616376e-10, 1.65577981881e-10, 7.60715712644e-10, 2.81538325986e-09, 7.86691956023e-09, 7.51598609738e-12], "dvar2": [6.02825451779e-08, 0.000376442330889, 7.47068115743e-05, 4.62999232695e-05, 3.82870457543e-05, 3.30765033141e-05, 2.8174756153e-05, 6.96120594057e-07, 1.54638129857e-07, 1.64819596193e-07, 6.69600197511e-08, 4.24426858103e-08, 6.84469370071e-08, 2.06349124454e-08, 4.7082217236e-08, 2.69982312062e-08, 3.76003868041e-08, 4.66955230038e-09, 1.82372339452e-09, 3.69970554193e-10, 5.92575655212e-10, 7.85675191572e-10, 4.65025296048e-10, 2.13172479668e-09, 8.11697908887e-09, 2.27339693737e-08, 2.18790732059e-11], "max": [0.00352623313665, 0.175523638725, 0.0840267539024, 0.0836332142353, 0.0718841180205, 0.0808043852448, 0.0567010119557, 0.0110964905471, 0.0089502511546, 0.00559707731009, 0.00446583982557, 0.0027410921175, 0.00227178842761, 0.00147694954649, 0.00173722242471, 0.00181753723882, 0.00190311903134, 0.000713493966032, 0.000423732504714, 0.000223350492888, 0.000172930085682, 0.000241912304773, 0.00013888173271, 0.000408413499827, 0.000880598148797, 0.00148372596595, 4.81545139337e-05], "mean": [3.64660882042e-05, 0.0227984208614, 0.00681595969945, 0.00534895807505, 0.00484654959291, 0.00603643013164, 0.003517633304, 0.000674157112371, 0.000184813558008, 0.000425589096267, 0.000111752975499, 0.000107042767922, 0.000164786746609, 8.97304998944e-05, 0.000148454506416, 0.000123318808619, 9.68255480984e-05, 3.04308487102e-05, 2.98325667245e-05, 1.21049906738e-05, 1.35465306812e-05, 7.10947551852e-06, 4.537021141e-06, 5.90515037402e-06, 7.74867930886e-06, 1.32262621264e-05, 3.63187496077e-07], "median": [2.37656377067e-06, 0.0024901998695, 0.00326126534492, 0.00116890226491, 0.00210414780304, 0.00344120291993, 0.00174893625081, 0.000272876437521, 5.27991142008e-05, 0.000204534255317, 3.0752406019e-05, 5.31733276148e-05, 8.07497126516e-05, 4.87512697873e-05, 9.09856680664e-05, 6.45349937258e-05, 4.36060909124e-05, 1.29814015963e-05, 1.5544343114e-05, 6.72305623084e-06, 6.38468964098e-06, 3.37879032486e-06, 1.78551943009e-06, 1.47859338995e-06, 5.98346730385e-07, 2.52052245742e-07, 2.02842045383e-08], "min": [5.43832227805e-25, 6.17699703577e-24, 1.3193649336e-24, 1.48410038986e-24, 8.50354663821e-24, 7.99235688302e-24, 6.64617758118e-24, 1.06994656079e-23, 2.03058918565e-23, 1.6303344152e-23, 1.6211779489e-23, 2.15019422506e-23, 3.47886744124e-23, 3.77304345467e-23, 2.16107025036e-23, 6.21995871621e-23, 6.59911492843e-23, 9.51905958773e-23, 1.33778982923e-22, 1.50313053112e-22, 2.69732798563e-22, 3.12363346752e-22, 4.55714973744e-22, 6.05587085165e-22, 8.61735093095e-22, 1.37135630251e-21, 2.06969273042e-21], "var": [1.75960348514e-08, 0.00120734912343, 8.67393973749e-05, 9.50358007685e-05, 5.91872812947e-05, 5.88834373048e-05, 2.38462362177e-05, 1.21724451674e-06, 1.64932117741e-07, 3.60040274927e-07, 5.94855080749e-08, 2.73274185503e-08, 5.72119098763e-08, 1.34681732433e-08, 3.30680904881e-08, 2.70962221549e-08, 2.50411318348e-08, 2.78976308721e-09, 1.93324178888e-09, 2.66398542115e-10, 3.78688580494e-10, 2.26316312912e-10, 1.12410893094e-10, 4.69090488675e-10, 1.56123758366e-09, 4.2767913655e-09, 4.0278900007e-12]}, "erbbands": {"dmean": [0.133691653609, 1.69610476494, 2.81392097473, 5.34744739532, 5.68215513229, 6.90399217606, 13.0229129791, 22.4655838013, 29.9891014099, 10.9397182465, 6.02728652954, 2.95646715164, 2.51594948769, 7.00399589539, 3.24694514275, 3.6941075325, 4.62153911591, 3.07790112495, 4.13905572891, 4.29811763763, 3.68216586113, 2.55709862709, 1.33189988136, 1.05039262772, 0.811097085476, 0.369635134935, 0.414811819792, 0.236880734563, 0.144790247083, 0.178085535765, 0.140949457884, 0.166408240795, 0.131800726056, 0.118382029235, 0.113948963583, 0.127171561122, 0.0352309420705, 0.00392166338861, 0.000143354394822, 1.52910706674e-05], "dmean2": [0.202784836292, 2.4708006382, 4.33947944641, 7.73711824417, 8.93582630157, 9.36228942871, 18.0871334076, 29.4680137634, 41.5123748779, 15.7221460342, 8.76160335541, 4.17811346054, 3.46723461151, 8.73619747162, 4.77123355865, 5.74864578247, 7.24429798126, 4.89228773117, 6.96076393127, 6.63300895691, 5.6326174736, 3.85863018036, 1.98950898647, 1.61099326611, 1.18613147736, 0.551647424698, 0.634338855743, 0.353517502546, 0.224948868155, 0.31201761961, 0.251288145781, 0.298309832811, 0.242311805487, 0.221956640482, 0.218357637525, 0.246094375849, 0.0681343972683, 0.00757775967941, 0.000275237689493, 2.30921941693e-05], "dvar": [0.0875024870038, 11.2642364502, 27.5993671417, 200.266738892, 190.194885254, 308.652557373, 560.399902344, 2038.90429688, 3491.70068359, 450.502075195, 148.990646362, 61.6977272034, 15.9837770462, 133.986343384, 59.1930198669, 48.1260414124, 66.0680389404, 20.6829090118, 45.7752838135, 57.2624168396, 39.9090538025, 26.1104660034, 6.04792308807, 2.98214006424, 2.46648216248, 0.426410228014, 0.681943297386, 0.208427682519, 0.125666558743, 0.553100287914, 0.229679226875, 0.342365145683, 0.228608027101, 0.214300602674, 0.25335007906, 0.190910890698, 0.0208315122873, 0.000625130312983, 5.34310004241e-07, 6.47742914861e-10], "dvar2": [0.21234460175, 23.2966556549, 67.5888824463, 356.978210449, 452.29498291, 515.120788574, 1178.07080078, 3423.11181641, 7703.55859375, 992.320068359, 295.889129639, 115.91292572, 31.7041454315, 216.665496826, 135.757980347, 114.125999451, 167.866500854, 55.2650642395, 125.310935974, 136.862976074, 91.6059570312, 58.9501304626, 13.7385311127, 6.85738420486, 5.06204414368, 0.935058295727, 1.56646931171, 0.435105800629, 0.304816812277, 1.56772458553, 0.647368252277, 0.949186146259, 0.646722376347, 0.612867355347, 0.735713720322, 0.551460802555, 0.0602545998991, 0.00183218531311, 1.55900306709e-06, 1.66334723772e-09], "max": [3.97573757172, 45.9596824646, 78.7984313965, 229.998779297, 247.539138794, 389.100952148, 436.117462158, 1006.32769775, 926.072387695, 480.965789795, 251.296463013, 260.696716309, 81.5283584595, 202.096862793, 211.275848389, 148.284194946, 116.022026062, 57.8773536682, 87.0811080933, 138.372512817, 86.2113647461, 75.4554595947, 32.7905807495, 26.88555336, 23.9624824524, 8.7240486145, 10.5391235352, 7.41523599625, 7.17245197296, 11.3970222473, 5.77594280243, 9.02949237823, 5.96917390823, 6.28939771652, 8.80103588104, 4.09678125381, 3.26469111443, 0.542774260044, 0.0160126183182, 0.000432103173807], "mean": [0.372518658638, 6.02546739578, 9.63188743591, 16.1045665741, 11.3591661453, 16.5468044281, 37.0808143616, 47.0684967041, 64.0805435181, 25.9622516632, 13.2997026443, 5.77659273148, 5.53139209747, 14.5418281555, 5.60701465607, 5.93706464767, 7.75197410583, 5.65008592606, 6.47605800629, 8.07923793793, 6.79009389877, 4.31164884567, 2.09964895248, 1.83305597305, 1.28017282486, 0.631461679935, 0.657148122787, 0.375188946724, 0.223973438144, 0.214456021786, 0.138683184981, 0.13712926209, 0.0953727588058, 0.0753812342882, 0.0660123303533, 0.0701165869832, 0.0194483958185, 0.00217739818618, 0.000103141355794, 5.94024204474e-05], "median": [0.0237077027559, 0.883439004421, 6.13787794113, 4.727850914, 4.93025588989, 5.41300821304, 22.7143592834, 17.4412517548, 27.1833076477, 15.4000492096, 6.03783369064, 2.39310336113, 3.143897295, 6.15208005905, 2.48747992516, 3.41564488411, 3.74071621895, 3.82963776588, 3.90534925461, 4.53158140182, 3.71208024025, 2.02299904823, 0.989043712616, 0.999235928059, 0.537093758583, 0.34128549695, 0.332261770964, 0.175471246243, 0.11432223767, 0.0994765087962, 0.0494048409164, 0.0371902473271, 0.0198795106262, 0.00864071585238, 0.00306380866095, 0.00142476917244, 0.000412464956753, 5.42983652849e-05, 2.78901170532e-05, 5.07539298269e-05], "min": [1.41969681525e-22, 7.35338169549e-22, 3.00967202107e-21, 6.23820278441e-21, 1.47222073942e-20, 2.4566617958e-20, 8.15879063564e-20, 5.69966991622e-20, 1.09721359427e-19, 1.53053383837e-19, 5.08369591441e-19, 4.95378926716e-19, 6.48825790031e-19, 6.13585362695e-19, 9.17381659822e-19, 1.31169948501e-18, 1.87143451095e-18, 2.55921823308e-18, 2.81441068988e-18, 3.27132003125e-18, 4.56843290994e-18, 5.14258145465e-18, 4.69872378258e-18, 6.35175035177e-18, 7.51230625788e-18, 6.82567976142e-18, 1.03062543606e-17, 1.18567754675e-17, 1.20215647347e-17, 1.26952743923e-17, 1.08933548993e-17, 1.226292942e-17, 1.03129404615e-17, 8.72523675883e-18, 5.88548146177e-18, 4.69291118442e-18, 2.55615931918e-18, 1.00877384717e-18, 2.86312542411e-19, 2.76479885244e-20], "var": [0.402717828751, 79.8368835449, 117.448898315, 816.045776367, 313.195098877, 1123.21936035, 1987.76647949, 6063.53564453, 8168.97167969, 1234.99938965, 420.319122314, 129.682510376, 44.5372276306, 464.01574707, 102.947311401, 72.9710998535, 131.136703491, 37.1933326721, 70.3969192505, 126.315261841, 80.1132278442, 47.9962081909, 10.3639965057, 6.35687065125, 4.79800748825, 0.733548462391, 0.945852041245, 0.315827727318, 0.146548390388, 0.34749892354, 0.148138195276, 0.220893070102, 0.135694950819, 0.121986418962, 0.137314125896, 0.103552252054, 0.0113486042246, 0.000331970484694, 2.86752765533e-07, 2.21086859931e-09]}, "gfcc": {"mean": [-107.734138489, 149.176223755, -100.294662476, 15.8116912842, -41.0454406738, -2.40221571922, -41.7037124634, -7.31294155121, -14.2130737305, -1.09137833118, -8.94009494781, -3.89603257179, -5.05259037018], "cov": [[33318.4882812, 4800.95019531, 806.512817383, 2728.04345703, -1779.77856445, -1208.421875, -1020.8638916, 282.69821167, 266.555755615, 321.845703125, 624.667785645, 417.942352295, -38.1733283997], [4800.95019531, 2293.53540039, 519.140869141, 562.53326416, 189.766220093, -203.494918823, 90.8649902344, -93.0045013428, 258.009368896, -106.396942139, 218.595123291, -66.466293335, 115.659217834], [806.512817383, 519.140869141, 1538.60375977, 328.842773438, 106.449638367, -76.1369018555, -38.8367080688, 86.5568695068, 117.496131897, 151.680923462, 112.474884033, 60.0341720581, -14.7257432938], [2728.04345703, 562.53326416, 328.842773438, 719.584228516, 135.548492432, 37.4367523193, 177.437911987, 95.4896087646, 211.754150391, 102.354866028, 196.529190063, 42.1944503784, 54.5377960205], [-1779.77856445, 189.766220093, 106.449638367, 135.548492432, 656.538696289, 389.795013428, 382.268127441, 63.0504188538, 153.932769775, 24.5952587128, 52.3926963806, -51.7908782959, 65.7048339844], [-1208.421875, -203.494918823, -76.1369018555, 37.4367523193, 389.795013428, 449.178527832, 307.835388184, 92.256690979, 78.3252716064, 37.2344017029, 0.240505665541, -21.4264526367, 26.2086372375], [-1020.8638916, 90.8649902344, -38.8367080688, 177.437911987, 382.268127441, 307.835388184, 410.76071167, 98.9803314209, 149.683044434, 8.02034950256, 66.0893096924, -28.8294334412, 63.9151916504], [282.69821167, -93.0045013428, 86.5568695068, 95.4896087646, 63.0504188538, 92.256690979, 98.9803314209, 158.602157593, 55.4251976013, 55.560295105, 24.9404182434, 29.6320343018, -12.0985174179], [266.555755615, 258.009368896, 117.496131897, 211.754150391, 153.932769775, 78.3252716064, 149.683044434, 55.4251976013, 195.79385376, 60.9936981201, 100.445487976, 0.487160980701, 51.0576591492], [321.845703125, -106.396942139, 151.680923462, 102.354866028, 24.5952587128, 37.2344017029, 8.02034950256, 55.560295105, 60.9936981201, 140.964523315, 64.478805542, 44.2893066406, 1.59767782688], [624.667785645, 218.595123291, 112.474884033, 196.529190063, 52.3926963806, 0.240505665541, 66.0893096924, 24.9404182434, 100.445487976, 64.478805542, 164.780593872, 50.8254432678, 46.6534423828], [417.942352295, -66.466293335, 60.0341720581, 42.1944503784, -51.7908782959, -21.4264526367, -28.8294334412, 29.6320343018, 0.487160980701, 44.2893066406, 50.8254432678, 96.3062057495, 25.6479263306], [-38.1733283997, 115.659217834, -14.7257432938, 54.5377960205, 65.7048339844, 26.2086372375, 63.9151916504, -12.0985174179, 51.0576591492, 1.59767782688, 46.6534423828, 25.6479263306, 96.7197418213]], "icov": [[0.000323223619489, -0.00098521145992, 0.000387344916817, -0.00115481251851, 0.00116335693747, -0.00100147584453, 0.00102438312024, -0.00108053616714, 0.000868205912411, -0.00110303144902, 0.00065114593599, -0.000644001818728, 0.000101402532891], [-0.00098521145992, 0.00401936005801, -0.00142897653859, 0.0029834639281, -0.00400008074939, 0.00357116083615, -0.00259789801203, 0.00354914320633, -0.00356059474871, 0.00516589917243, -0.00291208643466, 0.00277844374068, -0.000722556666005], [0.000387344916817, -0.00142897653859, 0.00141412590165, -0.00155657227151, 0.000855487363879, -0.000817484105937, 0.00158835458569, -0.00168382877018, 0.00109234207775, -0.00230476562865, 0.00113349268213, -0.00129680952523, 0.000593356438912], [-0.00115481251851, 0.0029834639281, -0.00155657227151, 0.00701458239928, -0.00368560804054, 0.00373591971584, -0.0047892886214, 0.00330677465536, -0.00393022783101, 0.00284833065234, -0.00365956267342, 0.00197409046814, 0.000123573612655], [0.00116335693747, -0.00400008074939, 0.000855487363879, -0.00368560804054, 0.00930407084525, -0.0066231796518, 0.00110552425031, -0.0027567667421, 0.00286806421354, -0.0047431406565, 0.00224627624266, -0.000924453197513, -0.000424290483352], [-0.00100147584453, 0.00357116083615, -0.000817484105937, 0.00373591971584, -0.0066231796518, 0.0108465030789, -0.00687049562111, 0.00279274233617, -0.00203274516389, 0.00135760230478, -0.000118915486382, 0.000959401659202, 0.000406588136684], [0.00102438312024, -0.00259789801203, 0.00158835458569, -0.0047892886214, 0.00110552425031, -0.00687049562111, 0.0142675377429, -0.00742895435542, 9.54207935138e-05, 0.00124152854551, -0.00085593177937, 0.00110358570237, -0.00274431915022], [-0.00108053616714, 0.00354914320633, -0.00168382877018, 0.00330677465536, -0.0027567667421, 0.00279274233617, -0.00742895435542, 0.0155571755022, -0.00543429516256, 0.00175999442581, 0.000427298538852, -0.00339491432533, 0.00471351714805], [0.000868205912411, -0.00356059474871, 0.00109234207775, -0.00393022783101, 0.00286806421354, -0.00203274516389, 9.54207935138e-05, -0.00543429516256, 0.0165801979601, -0.00825007073581, -0.00149876531214, 0.00314212217927, -0.00388398510404], [-0.00110303144902, 0.00516589917243, -0.00230476562865, 0.00284833065234, -0.0047431406565, 0.00135760230478, 0.00124152854551, 0.00175999442581, -0.00825007073581, 0.0203304737806, -0.00705410726368, 0.000261165288975, 0.00103684794158], [0.00065114593599, -0.00291208643466, 0.00113349268213, -0.00365956267342, 0.00224627624266, -0.000118915486382, -0.00085593177937, 0.000427298538852, -0.00149876531214, -0.00705410726368, 0.0169904790819, -0.00890661403537, 0.000174831555341], [-0.000644001818728, 0.00277844374068, -0.00129680952523, 0.00197409046814, -0.000924453197513, 0.000959401659202, 0.00110358570237, -0.00339491432533, 0.00314212217927, 0.000261165288975, -0.00890661403537, 0.0231387596577, -0.00917591247708], [0.000101402532891, -0.000722556666005, 0.000593356438912, 0.000123573612655, -0.000424290483352, 0.000406588136684, -0.00274431915022, 0.00471351714805, -0.00388398510404, 0.00103684794158, 0.000174831555341, -0.00917591247708, 0.018227186054]]}, "melbands": {"dmean": [0.00161066069268, 0.00173781078774, 0.000869778566994, 0.000470507686259, 0.00039235065924, 0.000505994830746, 0.000433531589806, 9.72047200776e-05, 4.42806340288e-05, 1.76807352545e-05, 1.30931930471e-05, 3.07023983623e-05, 1.06607940324e-05, 8.82995664142e-06, 9.67964842857e-06, 8.64686990099e-06, 6.02732961852e-06, 6.52604239804e-06, 4.87799798066e-06, 6.26737482889e-06, 4.42349346486e-06, 3.09659958475e-06, 2.09745030588e-06, 1.21229766137e-06, 8.31924410249e-07, 7.87516853507e-07, 3.06909356595e-07, 2.24381679459e-07, 3.24545339936e-07, 1.85515091289e-07, 1.28000721134e-07, 8.08579017075e-08, 1.06480030126e-07, 8.6994987214e-08, 7.48813135942e-08, 8.20421348635e-08, 1.18932938165e-07, 8.82097523913e-08, 9.59467598705e-08, 1.0080706403e-07], "dmean2": [0.00236792466603, 0.00259174895473, 0.00129227188881, 0.000688196101692, 0.00053234101506, 0.000668448396027, 0.000602314248681, 0.000140643416671, 6.41654842184e-05, 2.5068053219e-05, 1.77895744855e-05, 3.80791425414e-05, 1.55435991473e-05, 1.36573653435e-05, 1.5238882952e-05, 1.34693536893e-05, 9.68790573097e-06, 1.09742177301e-05, 7.82988081482e-06, 9.56135500019e-06, 6.9242137215e-06, 4.7205098781e-06, 3.23343465425e-06, 1.85660542229e-06, 1.31702086037e-06, 1.17008698908e-06, 4.59175566903e-07, 3.45142296965e-07, 5.08992229697e-07, 2.86533264671e-07, 1.93200435206e-07, 1.24964657289e-07, 1.81306731406e-07, 1.52211299564e-07, 1.32353932258e-07, 1.47780667703e-07, 2.14312009916e-07, 1.61649339248e-07, 1.79687745572e-07, 1.8922496281e-07], "dvar": [1.125387098e-05, 8.97215704754e-06, 4.48407627118e-06, 1.28348847284e-06, 4.94104654081e-07, 8.87211285772e-07, 7.39673168937e-07, 3.60508956021e-08, 8.22025647551e-09, 2.71823763498e-09, 4.07139072456e-10, 2.64616906165e-09, 6.98665070242e-10, 2.26004034931e-10, 2.63226801467e-10, 1.86411025505e-10, 9.24142082304e-11, 1.04103080323e-10, 5.56699270016e-11, 9.37736208129e-11, 6.66726604481e-11, 4.91671703351e-11, 2.01086803459e-11, 9.69793950006e-12, 1.91834916008e-12, 2.53439521973e-12, 3.66317165403e-13, 1.5366345891e-13, 4.31194034471e-13, 1.29066516589e-13, 7.98107511069e-14, 4.23538293196e-14, 1.35636741097e-13, 1.23569516707e-13, 6.31167888137e-14, 9.15223097504e-14, 1.96353838137e-13, 1.04883360027e-13, 1.27927453786e-13, 1.8005627371e-13], "dvar2": [2.45847422775e-05, 2.05967062357e-05, 8.43897669256e-06, 2.62551839114e-06, 9.61309183367e-07, 1.50193488935e-06, 1.64452569607e-06, 7.97318620016e-08, 1.60381663505e-08, 5.04495112352e-09, 7.97345689474e-10, 4.20810941648e-09, 1.4804613091e-09, 5.37701549952e-10, 6.46399822557e-10, 4.54945414674e-10, 2.51384552064e-10, 2.83967266368e-10, 1.39157574353e-10, 2.08198430718e-10, 1.61380145358e-10, 1.13183795669e-10, 4.69331309927e-11, 2.33719224529e-11, 4.59327064231e-12, 5.20555430358e-12, 8.75323630852e-13, 3.37234743169e-13, 1.00198105021e-12, 2.95472197057e-13, 1.72741500466e-13, 9.78837982348e-14, 3.80076124653e-13, 3.49378783283e-13, 1.7728517493e-13, 2.58105819703e-13, 5.48058018239e-13, 2.96240516926e-13, 3.66523787232e-13, 5.15397132524e-13], "max": [0.0445358157158, 0.0435023754835, 0.0321144647896, 0.014955711551, 0.0124206384644, 0.0194589570165, 0.0134164653718, 0.00431604729965, 0.0018802722916, 0.0017539721448, 0.0004018949694, 0.000906157598365, 0.000654605450109, 0.000269974872936, 0.000263277004706, 0.000246229756158, 0.000133528359584, 0.000137195456773, 0.000134781337692, 0.000173104126588, 0.000117875468277, 0.00011333184375, 5.67182942177e-05, 5.34026767127e-05, 2.41656089202e-05, 2.37201966229e-05, 1.35018035508e-05, 5.01944487041e-06, 8.24251037557e-06, 7.57964699005e-06, 6.06057301411e-06, 3.54665712621e-06, 5.50278627998e-06, 5.21391393704e-06, 3.16162618219e-06, 4.14765736423e-06, 5.61442675462e-06, 4.25602502219e-06, 4.02993509852e-06, 6.30773456578e-06], "mean": [0.00520756840706, 0.00644340831786, 0.00244618207216, 0.000997100956738, 0.00113709701691, 0.0010888116667, 0.000930567795876, 0.000229009950999, 9.19104495551e-05, 3.16136829497e-05, 2.83161207335e-05, 6.28769121249e-05, 1.70854000316e-05, 1.3939150449e-05, 1.57200993272e-05, 1.49436027641e-05, 1.00398910945e-05, 9.84413145488e-06, 8.68170991453e-06, 1.11966319309e-05, 7.24190249457e-06, 4.85250166093e-06, 2.95656968774e-06, 1.61393859344e-06, 1.40532210935e-06, 1.14527404094e-06, 4.83368694404e-07, 3.72508992541e-07, 4.76014861306e-07, 2.93970003895e-07, 1.80130015792e-07, 1.16717274068e-07, 1.43363990901e-07, 1.01052911816e-07, 7.73175301561e-08, 7.05102962684e-08, 9.29180572484e-08, 6.55688054962e-08, 6.31170635756e-08, 6.30735641494e-08], "median": [0.000413777539507, 0.00304004456848, 0.00091935339151, 0.000265225186013, 0.000685482227709, 0.000441210984718, 0.000399819313316, 0.000126804457977, 3.75564450223e-05, 9.70418750512e-06, 1.51962431119e-05, 2.49207096203e-05, 5.44097383681e-06, 7.92521677795e-06, 8.23036680231e-06, 8.37684456201e-06, 5.76151842324e-06, 5.59260115551e-06, 5.20866478837e-06, 6.63144510327e-06, 3.47143372892e-06, 2.04082971322e-06, 1.09135896764e-06, 6.12160931723e-07, 7.52524158543e-07, 4.24469476457e-07, 2.3179957509e-07, 2.02985802389e-07, 2.27483397452e-07, 1.42831297012e-07, 7.4014458562e-08, 5.4786916337e-08, 6.8792381569e-08, 4.44142855827e-08, 2.74683920054e-08, 2.23481411155e-08, 2.13764348445e-08, 1.48616958739e-08, 9.33087651589e-09, 5.8890226029e-09], "min": [1.73750381186e-24, 7.66526478057e-25, 9.57744783761e-25, 1.3932990484e-24, 3.02805422039e-24, 1.22592909254e-24, 1.50504306917e-24, 1.60880322593e-24, 3.79920342335e-24, 2.62886871146e-24, 3.14382922178e-24, 2.09371927842e-24, 2.47530825879e-24, 2.83591630009e-24, 4.76657132408e-24, 3.86963686927e-24, 4.34350009301e-24, 4.83697124341e-24, 2.36576782235e-24, 3.13322180361e-24, 4.88213629125e-24, 3.93490643171e-24, 5.23102738152e-24, 4.03542861028e-24, 4.57977931691e-24, 4.09369821547e-24, 4.34902882467e-24, 4.00936701255e-24, 4.97540686595e-24, 5.18319677269e-24, 6.4854751763e-24, 6.64360747235e-24, 5.04686661991e-24, 7.35383708912e-24, 6.19187653016e-24, 4.81055347499e-24, 6.64481127409e-24, 7.06015916246e-24, 6.18313476804e-24, 6.05857323668e-24], "var": [7.0153233537e-05, 5.41350382264e-05, 1.61296266015e-05, 3.77289165954e-06, 1.88968670045e-06, 2.74550416179e-06, 1.69563145391e-06, 1.09145503302e-07, 2.28639347455e-08, 5.47532819084e-09, 1.17816278955e-09, 9.22414855609e-09, 1.33470634545e-09, 3.6299677153e-10, 4.948444432e-10, 4.02933186816e-10, 1.56483354052e-10, 1.65300342858e-10, 1.21524845742e-10, 2.0572635262e-10, 1.12199409485e-10, 8.04322788928e-11, 3.31658173147e-11, 1.14623484315e-11, 3.99168198495e-12, 4.69178038434e-12, 5.37835075955e-13, 2.65950022421e-13, 5.66001401563e-13, 1.87156537555e-13, 1.0399742455e-13, 5.01821179825e-14, 9.8638457157e-14, 7.86922542645e-14, 4.23230684711e-14, 5.66685709317e-14, 1.23205604247e-13, 6.28259854622e-14, 7.24892558089e-14, 1.02250768074e-13]}, "mfcc": {"mean": [-743.284057617, 176.934631348, 7.01812791824, 25.2618236542, 13.9072570801, 5.75814533234, -11.838845253, -7.86485719681, -5.96019172668, -2.56810331345, -5.92020940781, 0.71466422081, 1.81455397606], "cov": [[13277.5068359, 3130.4230957, -125.646408081, 1455.75708008, 148.701416016, -51.2593078613, -194.937698364, 195.650009155, 45.5826797485, 22.7045650482, 76.3472137451, 509.959686279, 434.448364258], [3130.4230957, 2377.51904297, 442.463745117, 610.49029541, 293.755523682, 126.948280334, -81.5558853149, 40.7727622986, 45.0584983826, 29.4511146545, 10.3936004639, 123.058227539, 106.233146667], [-125.646408081, 442.463745117, 682.525268555, 181.855316162, 180.602996826, 16.1950283051, -4.07016944885, -44.0563201904, 2.13843798637, 9.97759437561, 21.478603363, 49.5554466248, 43.5796051025], [1455.75708008, 610.49029541, 181.855316162, 518.036499023, 160.267166138, 107.540924072, 47.2932739258, 82.4312210083, 73.0948104858, 68.1772918701, 77.583114624, 147.040054321, 106.035507202], [148.701416016, 293.755523682, 180.602996826, 160.267166138, 261.858276367, 189.178466797, 118.452095032, 78.0398635864, 84.3192596436, 97.0327606201, 83.5528869629, 52.7507896423, 39.3999443054], [-51.2593078613, 126.948280334, 16.1950283051, 107.540924072, 189.178466797, 345.923919678, 220.672836304, 152.096237183, 143.855056763, 148.687637329, 103.738922119, 41.9392356873, 36.5619010925], [-194.937698364, -81.5558853149, -4.07016944885, 47.2932739258, 118.452095032, 220.672836304, 269.566802979, 171.978210449, 125.24672699, 121.527961731, 86.6579360962, 41.9715919495, 31.1606731415], [195.650009155, 40.7727622986, -44.0563201904, 82.4312210083, 78.0398635864, 152.096237183, 171.978210449, 207.192703247, 129.951324463, 98.003692627, 82.4927597046, 51.7856178284, 39.1616859436], [45.5826797485, 45.0584983826, 2.13843798637, 73.0948104858, 84.3192596436, 143.855056763, 125.24672699, 129.951324463, 174.328475952, 111.499900818, 70.7159576416, 37.3163337708, 18.1302986145], [22.7045650482, 29.4511146545, 9.97759437561, 68.1772918701, 97.0327606201, 148.687637329, 121.527961731, 98.003692627, 111.499900818, 156.583358765, 94.3583602905, 37.161239624, 26.7736606598], [76.3472137451, 10.3936004639, 21.478603363, 77.583114624, 83.5528869629, 103.738922119, 86.6579360962, 82.4927597046, 70.7159576416, 94.3583602905, 136.653244019, 61.9405555725, 33.0575866699], [509.959686279, 123.058227539, 49.5554466248, 147.040054321, 52.7507896423, 41.9392356873, 41.9715919495, 51.7856178284, 37.3163337708, 37.161239624, 61.9405555725, 129.081787109, 67.6629562378], [434.448364258, 106.233146667, 43.5796051025, 106.035507202, 39.3999443054, 36.5619010925, 31.1606731415, 39.1616859436, 18.1302986145, 26.7736606598, 33.0575866699, 67.6629562378, 102.321151733]], "icov": [[0.000172341722646, -0.000191250335774, 0.000236009364016, -0.00028296362143, 7.08970837877e-05, 0.000186903867871, 3.06356305373e-05, -7.36511719879e-05, 4.8009576858e-05, -4.81643510284e-05, 5.62280911254e-05, -0.000212198749068, -0.000289445015369], [-0.000191250335774, 0.000981193501502, -0.000487334182253, -0.000401521625463, -0.000600339553785, -0.000609980197623, 0.00102686975151, -0.000592744909227, 0.000133423702209, -6.90685510563e-06, 0.000582954555284, 0.000301387743093, 0.000370782305254], [0.000236009364016, -0.000487334182253, 0.00258931540884, -0.000581966014579, -0.00181602372322, 0.00138154847082, -0.000831387587823, 0.00142799224705, -0.000467059726361, 0.00030601862818, -8.3494494902e-05, -0.000258333020611, -0.000883077562321], [-0.00028296362143, -0.000401521625463, -0.000581966014579, 0.00476780394092, -0.000920688093174, -0.000414674024796, 0.000536140287295, -0.00033014692599, -0.000467201898573, -7.03406622051e-05, 1.21879588733e-06, -0.00270669022575, -0.000718244060408], [7.08970837877e-05, -0.000600339553785, -0.00181602372322, -0.000920688093174, 0.00999882165343, -0.00382995838299, -0.000923075363971, 0.000800890033133, 0.00012717032223, -0.00067648064578, -0.00202865945175, 0.00018648301193, 0.000229374520131], [0.000186903867871, -0.000609980197623, 0.00138154847082, -0.000414674024796, -0.00382995838299, 0.00986205134541, -0.00523024052382, 0.00107078358997, -0.0017394159222, -0.00194731890224, -0.000617191952188, 0.00132359017152, -0.00104328722227], [3.06356305373e-05, 0.00102686975151, -0.000831387587823, 0.000536140287295, -0.000923075363971, -0.00523024052382, 0.013755322434, -0.00811724178493, 0.00141699588858, -0.00227471324615, 0.00179985736031, -0.00136385357473, 0.00040887092473], [-7.36511719879e-05, -0.000592744909227, 0.00142799224705, -0.00033014692599, 0.000800890033133, 0.00107078358997, -0.00811724178493, 0.0161666423082, -0.00709612062201, 0.00220163026825, -0.00333119579591, 0.000336553814122, -0.00220949668437], [4.8009576858e-05, 0.000133423702209, -0.000467059726361, -0.000467201898573, 0.00012717032223, -0.0017394159222, 0.00141699588858, -0.00709612062201, 0.0152912661433, -0.00700585590675, 0.0018391207559, -0.00137383898254, 0.00263570342213], [-4.81643510284e-05, -6.90685510563e-06, 0.00030601862818, -7.03406622051e-05, -0.00067648064578, -0.00194731890224, -0.00227471324615, 0.00220163026825, -0.00700585590675, 0.0184304788709, -0.00766989961267, 0.00214215298183, -0.00155916018412], [5.62280911254e-05, 0.000582954555284, -8.3494494902e-05, 1.21879588733e-06, -0.00202865945175, -0.000617191952188, 0.00179985736031, -0.00333119579591, 0.0018391207559, -0.00766989961267, 0.0165421813726, -0.00579963764176, 0.00109069200698], [-0.000212198749068, 0.000301387743093, -0.000258333020611, -0.00270669022575, 0.00018648301193, 0.00132359017152, -0.00136385357473, 0.000336553814122, -0.00137383898254, 0.00214215298183, -0.00579963764176, 0.0173398200423, -0.00666502537206], [-0.000289445015369, 0.000370782305254, -0.000883077562321, -0.000718244060408, 0.000229374520131, -0.00104328722227, 0.00040887092473, -0.00220949668437, 0.00263570342213, -0.00155916018412, 0.00109069200698, -0.00666502537206, 0.0167392101139]]}, "spectral_contrast_coeffs": {"dmean": [0.0390304327011, 0.0407549776137, 0.0349871590734, 0.0313303247094, 0.024122428149, 0.020147273317], "dmean2": [0.0643157362938, 0.0631843283772, 0.0519826188684, 0.0477197431028, 0.0368269570172, 0.0310426987708], "dvar": [0.00118592765648, 0.00140914367512, 0.000964928709436, 0.000773169682361, 0.000459484639578, 0.000387602427509], "dvar2": [0.00304598291405, 0.00339139276184, 0.00205234368332, 0.00170701788738, 0.0010118674254, 0.000888658047188], "max": [-0.242806360126, -0.305499792099, -0.477468460798, -0.531728863716, -0.577402472496, -0.671436309814], "mean": [-0.554097056389, -0.613325357437, -0.712525784969, -0.716003298759, -0.761824905872, -0.781149029732], "median": [-0.553758382797, -0.602753043175, -0.711016714573, -0.715551674366, -0.758715331554, -0.770149707794], "min": [-0.982247054577, -0.978784739971, -0.974555432796, -0.968694329262, -0.966324031353, -0.96494102478], "var": [0.0145947616547, 0.0113174896687, 0.00459227757528, 0.00381412031129, 0.00259861699305, 0.00249573634937]}, "spectral_contrast_valleys": {"dmean": [0.401347726583, 0.359075307846, 0.343616515398, 0.335190147161, 0.336154669523, 0.36516225338], "dmean2": [0.651138842106, 0.560408473015, 0.515699148178, 0.472837477922, 0.456723600626, 0.565065383911], "dvar": [0.207878068089, 0.221171632409, 0.222726225853, 0.22056274116, 0.241633027792, 0.327502787113], "dvar2": [0.353529006243, 0.365675061941, 0.335937917233, 0.34226334095, 0.386164516211, 0.68300640583], "max": [-4.99895429611, -5.03799581528, -6.252885341