{"lowlevel": {"average_loudness": 0.961386919022, "barkbands_crest": {"dmean": 2.28767180443, "dmean2": 3.74290919304, "dvar": 4.97603273392, "dvar2": 12.9187145233, "max": 26.2949104309, "mean": 12.0937137604, "median": 11.7280778885, "min": 2.93071317673, "var": 15.5210227966}, "barkbands_flatness_db": {"dmean": 0.0261191595346, "dmean2": 0.0374790094793, "dvar": 0.000561221444514, "dvar2": 0.00124975445215, "max": 0.588714420795, "mean": 0.162210568786, "median": 0.152648210526, "min": 0.0120680266991, "var": 0.00414359848946}, "barkbands_kurtosis": {"dmean": 7.52393913269, "dmean2": 11.574092865, "dvar": 215.759292603, "dvar2": 526.053771973, "max": 491.602172852, "mean": 16.932554245, "median": 9.67830085754, "min": -1.85012817383, "var": 876.03137207}, "barkbands_skewness": {"dmean": 0.716272175312, "dmean2": 1.05845713615, "dvar": 0.561088383198, "dvar2": 1.29063844681, "max": 17.1410865784, "mean": 3.13326072693, "median": 2.85754656792, "min": -2.13687086105, "var": 3.06740427017}, "barkbands_spread": {"dmean": 4.4411444664, "dmean2": 6.60957622528, "dvar": 23.8830776215, "dvar2": 58.0290985107, "max": 88.8980026245, "mean": 15.021528244, "median": 12.580824852, "min": 0.118522696197, "var": 122.615203857}, "dissonance": {"dmean": 0.0181512255222, "dmean2": 0.0298388190567, "dvar": 0.000289771531243, "dvar2": 0.000769165169913, "max": 0.500000119209, "mean": 0.459601670504, "median": 0.46540749073, "min": 0.293456912041, "var": 0.000718754134141}, "dynamic_complexity": 3.19430971146, "erbbands_crest": {"dmean": 2.29129004478, "dmean2": 3.54134964943, "dvar": 4.7914981842, "dvar2": 10.3554534912, "max": 28.2687129974, "mean": 8.18282794952, "median": 7.32061719894, "min": 2.50569438934, "var": 14.1720142365}, "erbbands_flatness_db": {"dmean": 0.0210529770702, "dmean2": 0.0272460244596, "dvar": 0.000381495454349, "dvar2": 0.000757980102208, "max": 0.343385010958, "mean": 0.11776035279, "median": 0.108352191746, "min": 0.0391902737319, "var": 0.0017669115914}, "erbbands_kurtosis": {"dmean": 0.84640032053, "dmean2": 1.28551149368, "dvar": 1.77263557911, "dvar2": 3.88476228714, "max": 40.6315803528, "mean": 0.397503882647, "median": -0.338391304016, "min": -1.75542104244, "var": 6.63602972031}, "erbbands_skewness": {"dmean": 0.334084033966, "dmean2": 0.495053470135, "dvar": 0.0954239666462, "dvar2": 0.209328427911, "max": 5.46523046494, "mean": 0.518439352512, "median": 0.425746232271, "min": -2.27874445915, "var": 0.606993436813}, "erbbands_spread": {"dmean": 11.3141107559, "dmean2": 16.2644100189, "dvar": 118.169128418, "dvar2": 259.769348145, "max": 147.91204834, "mean": 51.0448722839, "median": 49.7736549377, "min": 3.24232125282, "var": 411.082855225}, "hfc": {"dmean": 7.59790325165, "dmean2": 11.4746236801, "dvar": 125.023162842, "dvar2": 315.557922363, "max": 121.951515198, "mean": 18.9968452454, "median": 15.9429397583, "min": 1.13467924809e-16, "var": 190.34538269}, "melbands_crest": {"dmean": 2.6298429966, "dmean2": 4.28969669342, "dvar": 6.23339509964, "dvar2": 15.7450876236, "max": 37.5363769531, "mean": 17.6235485077, "median": 17.7357559204, "min": 1.572671175, "var": 26.4608898163}, "melbands_flatness_db": {"dmean": 0.0300560630858, "dmean2": 0.0435394458473, "dvar": 0.000750068807974, "dvar2": 0.001668854733, "max": 0.732339262962, "mean": 0.263368070126, "median": 0.259923875332, "min": 0.00277007766999, "var": 0.00639242865145}, "melbands_kurtosis": {"dmean": 18.1024341583, "dmean2": 27.7106838226, "dvar": 756.039489746, "dvar2": 1896.68713379, "max": 614.102661133, "mean": 41.4493179321, "median": 27.4148139954, "min": -1.3074079752, "var": 2457.03857422}, "melbands_skewness": {"dmean": 1.05024468899, "dmean2": 1.57053160667, "dvar": 1.14220297337, "dvar2": 2.69689798355, "max": 17.2708148956, "mean": 4.64373397827, "median": 4.30105638504, "min": -0.274703711271, "var": 5.05854082108}, "melbands_spread": {"dmean": 3.48318052292, "dmean2": 5.23383378983, "dvar": 22.0995845795, "dvar2": 51.3682327271, "max": 157.284942627, "mean": 11.4565887451, "median": 8.1648683548, "min": 0.269689112902, "var": 193.070236206}, "pitch_salience": {"dmean": 0.0764421671629, "dmean2": 0.124743238091, "dvar": 0.00507807219401, "dvar2": 0.0127195827663, "max": 0.927794098854, "mean": 0.47350949049, "median": 0.471911162138, "min": 0.0651932731271, "var": 0.0157799925655}, "silence_rate_20dB": {"dmean": 0, "dmean2": 0, "dvar": 0, "dvar2": 0, "max": 1, "mean": 1, "median": 1, "min": 1, "var": 0}, "silence_rate_30dB": {"dmean": 0.106735751033, "dmean2": 0.213499158621, "dvar": 0.0953473299742, "dvar2": 0.206250831485, "max": 1, "mean": 0.90972673893, "median": 1, "min": 0, "var": 0.0821293890476}, "silence_rate_60dB": {"dmean": 0.00492227962241, "dmean2": 0.00984583515674, "dvar": 0.00489850202575, "dvar2": 0.0110430689529, "max": 1, "mean": 0.050123039633, "median": 0, "min": 0, "var": 0.0476087369025}, "spectral_centroid": {"dmean": 218.833251953, "dmean2": 329.467681885, "dvar": 59738.9570312, "dvar2": 126879.796875, "max": 11184.1582031, "mean": 1011.26495361, "median": 872.194213867, "min": 93.3725509644, "var": 397169.90625}, "spectral_complexity": {"dmean": 4.0106215477, "dmean2": 5.78235530853, "dvar": 23.945400238, "dvar2": 52.2843132019, "max": 57, "mean": 16.6030311584, "median": 16, "min": 0, "var": 73.4476242065}, "spectral_decrease": {"dmean": 5.61083357553e-09, "dmean2": 9.37150890223e-09, "dvar": 9.59779186758e-17, "dvar2": 2.55063616805e-16, "max": 6.95567776043e-21, "mean": -1.39894433815e-08, "median": -1.23674936958e-08, "min": -8.35547240285e-08, "var": 1.07941881861e-16}, "spectral_energy": {"dmean": 0.0216975864023, "dmean2": 0.036177713424, "dvar": 0.00142225797754, "dvar2": 0.0037758005783, "max": 0.319709926844, "mean": 0.0545224025846, "median": 0.0481672137976, "min": 1.06093870327e-20, "var": 0.00160365493502}, "spectral_energyband_high": {"dmean": 0.000435550144175, "dmean2": 0.000619327183813, "dvar": 4.59833984223e-07, "dvar2": 1.09574330054e-06, "max": 0.00974695850164, "mean": 0.000769106787629, "median": 0.000477172899991, "min": 7.58177189698e-21, "var": 7.99849658506e-07}, "spectral_energyband_low": {"dmean": 0.01597841084, "dmean2": 0.0266441460699, "dvar": 0.000980532029644, "dvar2": 0.0026320007164, "max": 0.298709988594, "mean": 0.0371076613665, "median": 0.0324507579207, "min": 1.76078701781e-22, "var": 0.00110009987839}, "spectral_energyband_middle_high": {"dmean": 0.00140040274709, "dmean2": 0.00200431258418, "dvar": 3.71319447368e-06, "dvar2": 8.28755401017e-06, "max": 0.024307269603, "mean": 0.00338553986512, "median": 0.00255284458399, "min": 1.66518636572e-21, "var": 9.49801960815e-06}, "spectral_energyband_middle_low": {"dmean": 0.00907869916409, "dmean2": 0.0153798013926, "dvar": 0.00026878004428, "dvar2": 0.000710628752131, "max": 0.154745206237, "mean": 0.0163189955056, "median": 0.0122991222888, "min": 3.08856714878e-22, "var": 0.000264262751443}, "spectral_entropy": {"dmean": 0.212512716651, "dmean2": 0.299894839525, "dvar": 0.0462565422058, "dvar2": 0.0995460897684, "max": 9.80248832703, "mean": 7.43515253067, "median": 7.52071905136, "min": 4.51054286957, "var": 0.247799694538}, "spectral_flux": {"dmean": 0.0412089712918, "dmean2": 0.0628987625241, "dvar": 0.00307417940348, "dvar2": 0.00577503116801, "max": 0.478311747313, "mean": 0.0953371822834, "median": 0.0711525529623, "min": 1.0300187786e-10, "var": 0.00524895079434}, "spectral_kurtosis": {"dmean": 1.58576786518, "dmean2": 2.46970534325, "dvar": 6.50572443008, "dvar2": 17.389509201, "max": 65.4727096558, "mean": 4.90269804001, "median": 4.04353809357, "min": -1.18903291225, "var": 16.7933444977}, "spectral_rms": {"dmean": 0.0012512562098, "dmean2": 0.00200380547903, "dvar": 3.24601728607e-06, "dvar2": 8.22235779196e-06, "max": 0.0176610331982, "mean": 0.00678469752893, "median": 0.00685510085896, "min": 3.21723832471e-12, "var": 7.16033491699e-06}, "spectral_rolloff": {"dmean": 222.903320312, "dmean2": 374.469665527, "dvar": 241955.625, "dvar2": 565753, "max": 19056.8847656, "mean": 689.089538574, "median": 322.998046875, "min": 43.06640625, "var": 2324952.75}, "spectral_skewness": {"dmean": 0.233262717724, "dmean2": 0.354980289936, "dvar": 0.0724630057812, "dvar2": 0.178522631526, "max": 6.8133893013, "mean": 1.69531261921, "median": 1.62031364441, "min": 0.00836516730487, "var": 0.302034020424}, "spectral_spread": {"dmean": 901422.5625, "dmean2": 1185838.25, "dvar": 925600907264, "dvar2": 1838316388350.0, "max": 41266576, "mean": 5426580.5, "median": 5418981.5, "min": 1170157.625, "var": 2764176621570.0}, "spectral_strongpeak": {"dmean": 0.238104850054, "dmean2": 0.411355882883, "dvar": 0.110934078693, "dvar2": 0.271432906389, "max": 4.49717998505, "mean": 0.567912638187, "median": 0.510894179344, "min": 0, "var": 0.154899209738}, "zerocrossingrate": {"dmean": 0.00930536258966, "dmean2": 0.0112605160102, "dvar": 9.31528702495e-05, "dvar2": 0.00012206750398, "max": 0.52490234375, "mean": 0.0444877259433, "median": 0.03759765625, "min": 0.00146484375, "var": 0.00174925068859}, "barkbands": {"dmean": [0.000213114297367, 0.0105657614768, 0.00616120360792, 0.00378598156385, 0.00440311897546, 0.00122348766308, 0.000694963091519, 0.000533368205652, 0.000427785416832, 0.000535631610546, 0.000293025863357, 0.00032934860792, 0.000126363345771, 0.000158947863383, 0.0002034111385, 0.000126029379317, 0.000126227241708, 0.00013542031229, 0.00017247107462, 0.000127294639242, 0.000102026249806, 6.64109320496e-05, 6.15203025518e-05, 5.69138937863e-05, 7.5733223639e-05, 5.05351017637e-05, 2.84263751382e-05], "dmean2": [0.000349141395418, 0.0175175052136, 0.0106402635574, 0.00663873646408, 0.00734463008121, 0.00197118800133, 0.00114803225733, 0.000804174051154, 0.000741059426218, 0.000847870367579, 0.000428457016824, 0.000461162155261, 0.00018966665084, 0.000247393909376, 0.000317430967698, 0.000204582393053, 0.000203521456569, 0.000210984711885, 0.000265427835984, 0.000198392328457, 0.000155347865075, 0.000104007100163, 9.37200020417e-05, 8.33940575831e-05, 0.000111105720862, 7.48869060772e-05, 4.31180160376e-05], "dvar": [1.55292880777e-07, 0.000480094837258, 0.000162851720233, 5.84923727729e-05, 7.29266976123e-05, 5.23720927958e-06, 1.75304421646e-06, 7.36187814709e-07, 1.10944483822e-06, 9.74208660409e-07, 3.11111278961e-07, 4.67912002478e-07, 7.24017326093e-08, 7.63837704199e-08, 1.40800025861e-07, 5.48391803079e-08, 4.44258070331e-08, 4.92914615791e-08, 1.06642126241e-07, 8.27747967946e-08, 3.62980259183e-08, 2.23499423413e-08, 8.84729267625e-09, 7.06525860039e-09, 1.29317854203e-08, 5.80553427554e-09, 2.10948858381e-09], "dvar2": [4.17328607227e-07, 0.00127582228743, 0.000461443705717, 0.000159293907927, 0.0001932810992, 1.41274977068e-05, 4.48169612355e-06, 1.62782248481e-06, 3.10311475005e-06, 2.37327139985e-06, 5.57649116217e-07, 7.93995525328e-07, 1.24265298496e-07, 1.89499530734e-07, 3.28581364784e-07, 1.38860130505e-07, 1.10199401604e-07, 1.16705123787e-07, 2.4226258688e-07, 1.98181382416e-07, 8.831771936e-08, 5.752525567e-08, 2.07549923914e-08, 1.55633532728e-08, 3.08178513819e-08, 1.35189903716e-08, 5.17628473418e-09], "max": [0.00531637016684, 0.253705710173, 0.135357558727, 0.095665037632, 0.0959705561399, 0.0351537652314, 0.0217798929662, 0.0153853902593, 0.0142159694806, 0.015621189028, 0.0118690058589, 0.013645907864, 0.00703003024682, 0.004185795784, 0.00685259979218, 0.00345446681604, 0.0026064326521, 0.00514330575243, 0.00937386509031, 0.00708567909896, 0.0047386479564, 0.00292018498294, 0.00172457238659, 0.000959725759458, 0.00119013246149, 0.000899567676242, 0.000533852900844], "mean": [0.000344148749718, 0.0212673246861, 0.0126859238371, 0.00475501315668, 0.00569704547524, 0.00264293793589, 0.00126792595256, 0.00101762427948, 0.000469247897854, 0.000922361621633, 0.000488482299261, 0.000509489211254, 0.00019457245071, 0.000231191661442, 0.000270504737273, 0.000167245176272, 0.000182990828762, 0.000216266271309, 0.000306143134367, 0.000231152793276, 0.000182668838534, 0.000102195539512, 9.20448728721e-05, 9.18455116334e-05, 9.54280694714e-05, 6.14235905232e-05, 2.92941385851e-05], "median": [0.000147787519381, 0.0159596446902, 0.00925638154149, 0.00229280418716, 0.00298904115334, 0.0016529528657, 0.000495596847031, 0.000448275968665, 0.000177290203283, 0.000337161472999, 0.000171831750777, 0.000180991133675, 6.86229031999e-05, 0.000124203492305, 0.000127804538351, 8.09051198303e-05, 0.000106365543616, 0.000120377284475, 0.000156792113557, 0.000104846127215, 9.90390544757e-05, 4.19507014158e-05, 4.09010208386e-05, 4.27930863225e-05, 4.78695910715e-05, 2.94844248856e-05, 1.20704207802e-05], "min": [1.25210322128e-23, 7.57543632155e-23, 7.40031677365e-23, 2.51561084689e-23, 4.0642896387e-23, 1.01560086018e-22, 1.33340638161e-23, 1.53616588013e-23, 9.34597340771e-23, 1.81363211565e-22, 4.91659389336e-23, 2.58005825849e-23, 8.6483344843e-23, 6.49796592099e-23, 1.61164901404e-22, 1.40714584893e-22, 1.8319346984e-22, 2.0519042073e-22, 3.70816551434e-22, 4.33355853656e-22, 3.85556663573e-22, 5.48407266068e-22, 6.68733671445e-22, 8.89280853728e-22, 1.16870412063e-21, 1.51082660763e-21, 2.39955462763e-21], "var": [2.3620341949e-07, 0.000555591424927, 0.000185002252692, 5.36675761396e-05, 6.91402165103e-05, 9.60740180744e-06, 4.62901243736e-06, 2.33395439864e-06, 8.48973968459e-07, 2.03046238312e-06, 7.94164293438e-07, 1.00521003787e-06, 1.78161442932e-07, 9.96056641611e-08, 1.7713139755e-07, 7.00731703773e-08, 5.62012161254e-08, 8.40732852225e-08, 2.20255699901e-07, 1.47210187151e-07, 6.51775025062e-08, 2.80027538935e-08, 1.5902502426e-08, 1.50619747785e-08, 1.69032041697e-08, 7.50197770572e-09, 2.26251439805e-09]}, "erbbands": {"dmean": [0.264773249626, 2.58728456497, 6.85557365417, 9.6167049408, 17.2786750793, 11.8656511307, 11.3941345215, 9.36151123047, 10.8297109604, 11.2609291077, 9.37723350525, 9.7446603775, 16.6371173859, 12.3528995514, 10.0801782608, 16.5308856964, 6.43530988693, 7.90173196793, 9.87167453766, 8.00598621368, 7.83526754379, 6.02764606476, 6.78398990631, 7.97099208832, 8.70119762421, 6.02667474747, 5.03886651993, 2.95988130569, 2.39605760574, 2.05191206932, 1.68748736382, 1.3112732172, 0.885784745216, 0.666615247726, 0.621807992458, 0.311263889074, 0.0831621661782, 0.0235271193087, 0.00442869402468, 0.000315600569593], "dmean2": [0.437453508377, 4.33140707016, 11.8718442917, 16.6996059418, 29.1610603333, 20.2070522308, 18.735704422, 15.5617856979, 17.7440071106, 17.5060253143, 13.5605382919, 17.1096820831, 26.5992107391, 19.1250343323, 14.7454338074, 22.8525505066, 9.34383964539, 12.0756893158, 15.1687059402, 12.7880353928, 12.7489938736, 9.46217155457, 10.3729038239, 12.4810791016, 13.1769647598, 9.31952667236, 7.71748638153, 4.59143972397, 3.7622396946, 3.1125190258, 2.59723520279, 1.97077929974, 1.30088460445, 0.94282078743, 0.942317485809, 0.471035838127, 0.126122996211, 0.0356169268489, 0.00671427696943, 0.000475627806736], "dvar": [0.312465578318, 29.381319046, 200.252807617, 352.250091553, 1282.27941895, 487.336914062, 415.128479004, 370.851104736, 380.913299561, 523.794372559, 220.610870361, 651.132263184, 1089.47766113, 524.702880859, 326.807922363, 1237.07763672, 179.039428711, 201.216445923, 363.27456665, 210.929641724, 214.555160522, 102.131828308, 117.776390076, 209.051467896, 352.325012207, 203.984344482, 95.4836425781, 35.3471870422, 27.1825885773, 14.8378038406, 6.82730340958, 3.43095326424, 2.04337453842, 1.04698503017, 0.957273483276, 0.199325233698, 0.0220626015216, 0.00156833883375, 5.81011590839e-05, 2.15142264892e-07], "dvar2": [0.820121526718, 79.4000701904, 571.389587402, 964.951538086, 3394.42944336, 1316.24829102, 1112.77148438, 1002.26806641, 993.736755371, 1094.16564941, 427.297576904, 1861.89562988, 2732.04101562, 1128.50512695, 604.252075195, 2082.80810547, 293.363464355, 499.803222656, 784.691162109, 540.67779541, 543.672302246, 252.945617676, 270.618469238, 490.580474854, 797.643798828, 503.138916016, 231.991271973, 89.1359558105, 68.1843109131, 35.9243125916, 16.5094623566, 7.72558641434, 4.39140748978, 2.22550702095, 2.3695294857, 0.45921972394, 0.0557298101485, 0.00385993719101, 0.000141801108839, 5.28859231963e-07], "max": [6.61343860626, 64.6002426147, 148.932144165, 221.477645874, 396.52923584, 274.494903564, 294.323638916, 258.189849854, 289.805206299, 538.286437988, 410.093841553, 363.375549316, 600.575927734, 386.342346191, 339.906524658, 706.144775391, 366.207366943, 231.342666626, 403.627532959, 183.387008667, 221.355880737, 144.458007812, 190.051681519, 366.999938965, 509.772583008, 444.16708374, 310.21975708, 81.2520675659, 88.2252731323, 100.380065918, 48.4715919495, 26.2743701935, 18.9866523743, 11.0826425552, 10.8102760315, 5.02308368683, 1.62143826485, 0.487879365683, 0.0962539762259, 0.00512645067647], "mean": [0.46570622921, 5.29220914841, 14.9894714355, 15.9470033646, 19.8352108002, 15.4387998581, 21.3516197205, 17.8735141754, 18.3513526917, 21.1947994232, 20.8485870361, 11.9495706558, 27.1673202515, 22.5484237671, 18.3319988251, 25.9724655151, 10.7611083984, 12.362156868, 13.2391490936, 11.0246133804, 10.439576149, 9.38391113281, 11.1920976639, 14.315703392, 15.5116481781, 11.48711586, 9.37653255463, 4.92850446701, 3.725055933, 3.33329510689, 2.46811127663, 2.12427282333, 1.3602180481, 0.958104014397, 0.72748529911, 0.367822825909, 0.0977636054158, 0.0254217796028, 0.00458187889308, 0.000374234223273], "median": [0.31121340394, 3.89091944695, 12.1114215851, 10.3184404373, 8.76210308075, 7.92830610275, 12.4671411514, 9.31159591675, 9.91805267334, 5.58652067184, 9.76702785492, 5.54915857315, 10.13601017, 10.5006761551, 8.4872341156, 9.24592971802, 4.57876062393, 7.00343799591, 6.30982017517, 5.88605642319, 5.1086935997, 5.6923418045, 6.69142913818, 7.71297550201, 7.69752788544, 5.38591623306, 5.35659980774, 2.36093068123, 1.58139061928, 1.36478626728, 1.18513810635, 0.953936457634, 0.653490900993, 0.473000556231, 0.350936532021, 0.176111727953, 0.0463267043233, 0.0114466967061, 0.0018651051214, 0.000190561520867], "min": [2.49808888303e-21, 1.58292319322e-20, 7.32438124001e-20, 1.01552582525e-19, 5.43622775452e-20, 1.526709679e-19, 6.1658668415e-19, 7.16681793823e-19, 3.38838252814e-19, 2.47400234487e-19, 4.10778977868e-19, 2.25246388638e-18, 2.8836651459e-18, 7.05338728121e-18, 1.49796856483e-18, 1.34405848038e-18, 3.67600139553e-18, 3.95912215815e-18, 7.05690693472e-18, 8.544616909e-18, 6.4433266902e-18, 1.04073730545e-17, 1.34592360722e-17, 1.48962886786e-17, 1.81369076946e-17, 2.01863353434e-17, 1.51733842576e-17, 1.62294474001e-17, 1.91435484498e-17, 1.99937941665e-17, 2.08072998292e-17, 1.52113501934e-17, 1.75696371567e-17, 1.19595692022e-17, 8.67248745117e-18, 5.66675257394e-18, 2.71370393185e-18, 1.24318525224e-18, 3.64032830104e-19, 3.28597466025e-20], "var": [0.341267615557, 33.8373641968, 217.296463013, 362.145111084, 1140.89453125, 479.20111084, 662.425354004, 615.157043457, 588.967163086, 2226.35839844, 1210.62329102, 464.36050415, 2145.52172852, 1270.65808105, 818.982421875, 2623.13354492, 452.034942627, 271.134429932, 477.805297852, 235.993484497, 274.151092529, 134.029129028, 194.90461731, 492.336669922, 613.10546875, 372.222961426, 181.392333984, 51.6315727234, 36.0354881287, 23.7196407318, 11.5046348572, 8.16148853302, 3.64830422401, 1.69219279289, 1.09395492077, 0.25015860796, 0.0239519923925, 0.00165263493545, 6.19055135758e-05, 2.46823532279e-07]}, "gfcc": {"mean": [4.86136484146, 89.5939559937, -76.343536377, 35.2367324829, -40.0135612488, 11.1826934814, -24.9840297699, 8.62775421143, -26.3141288757, 2.46431159973, -12.8569402695, -0.496670424938, -10.012966156], "cov": [[19568.6347656, -150.182022095, 176.088760376, -82.5685653687, -563.231323242, -42.8502845764, -376.017822266, 2.32304739952, -529.828735352, -246.700057983, -490.575164795, -101.724754333, -129.932128906], [-150.182022095, 1302.00708008, -143.094558716, 35.6401824951, 125.418197632, -127.736190796, 173.809829712, -28.9809741974, 42.552898407, -21.4812259674, 94.8628997803, -33.2294998169, 82.1385574341], [176.088760376, -143.094558716, 836.774963379, 17.917137146, 57.3311767578, 168.867126465, -54.334728241, -22.9452533722, 18.3133201599, -3.51724171638, -29.0572719574, 33.5555038452, -12.4616947174], [-82.5685653687, 35.6401824951, 17.917137146, 305.876159668, 75.0243301392, 48.6248054504, 63.677066803, 22.4552326202, 50.3210830688, 26.8483772278, 31.5390949249, -19.6902351379, -6.12652444839], [-563.231323242, 125.418197632, 57.3311767578, 75.0243301392, 259.450164795, 61.1744346619, 71.2619018555, 33.9043121338, 29.2932262421, 16.5989456177, 37.9857635498, 12.2138328552, 14.0992155075], [-42.8502845764, -127.736190796, 168.867126465, 48.6248054504, 61.1744346619, 185.225387573, 13.9019813538, 0.746529042721, 20.826499939, 9.25224876404, 2.71855068207, 20.7168693542, -13.7077188492], [-376.017822266, 173.809829712, -54.334728241, 63.677066803, 71.2619018555, 13.9019813538, 141.755386353, 54.5275878906, 30.3282623291, 11.6593523026, 33.7492408752, -2.85029697418, 16.2809963226], [2.32304739952, -28.9809741974, -22.9452533722, 22.4552326202, 33.9043121338, 0.746529042721, 54.5275878906, 126.676956177, 42.4475059509, 27.6143379211, 7.67659378052, 6.55949020386, -3.50153636932], [-529.828735352, 42.552898407, 18.3133201599, 50.3210830688, 29.2932262421, 20.826499939, 30.3282623291, 42.4475059509, 109.774230957, 47.5439033508, 30.9833278656, -0.890033245087, -2.05102562904], [-246.700057983, -21.4812259674, -3.51724171638, 26.8483772278, 16.5989456177, 9.25224876404, 11.6593523026, 27.6143379211, 47.5439033508, 72.3776702881, 34.707321167, 1.36594080925, -9.95811462402], [-490.575164795, 94.8628997803, -29.0572719574, 31.5390949249, 37.9857635498, 2.71855068207, 33.7492408752, 7.67659378052, 30.9833278656, 34.707321167, 78.1986541748, 17.7397823334, 4.43761014938], [-101.724754333, -33.2294998169, 33.5555038452, -19.6902351379, 12.2138328552, 20.7168693542, -2.85029697418, 6.55949020386, -0.890033245087, 1.36594080925, 17.7397823334, 65.8146286011, 28.5371017456], [-129.932128906, 82.1385574341, -12.4616947174, -6.12652444839, 14.0992155075, -13.7077188492, 16.2809963226, -3.50153636932, -2.05102562904, -9.95811462402, 4.43761014938, 28.5371017456, 65.213218689]], "icov": [[8.12419893919e-05, -0.000118370473501, -3.49315996573e-07, -0.000125791993923, 0.000156980328029, -0.000125250109704, 0.000246584793786, -0.000292405777145, 0.000464853452286, -0.000158167269547, 0.000455123285064, -0.000107528547233, 0.000168098864378], [-0.000118370473501, 0.00157617998775, -0.000132730710902, 0.000464494165499, -0.000667039130349, 0.00124404998496, -0.00189297087491, 0.00143019843381, -0.00145971064921, 0.00142794917338, -0.00225773151033, 0.00158726004884, -0.00161653617397], [-3.49315996573e-07, -0.000132730710902, 0.00160179520026, -4.92854924232e-05, -0.00026348643587, -0.00137966265902, 0.000850425218232, 0.000104586746602, -0.000388481916161, 2.01963871405e-06, 0.000880953739397, -0.000756803900003, 0.000287524686428], [-0.000125791993923, 0.000464494165499, -4.92854924232e-05, 0.00439929589629, -0.000861278094817, -0.0004970105947, -0.00177890073974, 0.000863415945787, -0.00190568016842, 0.000302967528114, -0.00189487985335, 0.00234789750539, -0.000771747378167], [0.000156980328029, -0.000667039130349, -0.00026348643587, -0.000861278094817, 0.00562703842297, -0.00191697233822, -0.000578890147153, -0.00165978854056, 0.00144585885573, -0.000430124870036, -0.000533302780241, -0.000145042227814, -0.000462894182419], [-0.000125250109704, 0.00124404998496, -0.00137966265902, -0.0004970105947, -0.00191697233822, 0.00928111374378, -0.00320764468051, 0.00287909153849, -0.002442748053, 0.000554263591766, 0.000424089259468, -0.00329491915181, 0.00261471560225], [0.000246584793786, -0.00189297087491, 0.000850425218232, -0.00177890073974, -0.000578890147153, -0.00320764468051, 0.0148758739233, -0.00724661396816, 0.00216730358079, 0.00115552381612, -0.00227097957395, 0.00266562961042, -0.00254842615686], [-0.000292405777145, 0.00143019843381, 0.000104586746602, 0.000863415945787, -0.00165978854056, 0.00287909153849, -0.00724661396816, 0.0141011532396, -0.00566380191594, -0.00219153915532, 0.00244824541733, -0.00343060935847, 0.0020693060942], [0.000464853452286, -0.00145971064921, -0.000388481916161, -0.00190568016842, 0.00144585885573, -0.002442748053, 0.00216730358079, -0.00566380191594, 0.0180797111243, -0.00870536547154, 0.000770379323512, 0.00120225106366, -0.000498989829794], [-0.000158167269547, 0.00142794917338, 2.01963871405e-06, 0.000302967528114, -0.000430124870036, 0.000554263591766, 0.00115552381612, -0.00219153915532, -0.00870536547154, 0.0255891624838, -0.0115362787619, 0.0028064281214, 0.000909124908503], [0.000455123285064, -0.00225773151033, 0.000880953739397, -0.00189487985335, -0.000533302780241, 0.000424089259468, -0.00227097957395, 0.00244824541733, 0.000770379323512, -0.0115362787619, 0.0275723934174, -0.0116729512811, 0.00613812822849], [-0.000107528547233, 0.00158726004884, -0.000756803900003, 0.00234789750539, -0.000145042227814, -0.00329491915181, 0.00266562961042, -0.00343060935847, 0.00120225106366, 0.0028064281214, -0.0116729512811, 0.027866166085, -0.01458190009], [0.000168098864378, -0.00161653617397, 0.000287524686428, -0.000771747378167, -0.000462894182419, 0.00261471560225, -0.00254842615686, 0.0020693060942, -0.000498989829794, 0.000909124908503, 0.00613812822849, -0.01458190009, 0.025171238929]]}, "melbands": {"dmean": [0.00265274965204, 0.00345189520158, 0.00185718969442, 0.00108884240035, 0.000390648870962, 0.000215246982407, 0.000158295442816, 0.000122597732116, 7.28241066099e-05, 6.33577874396e-05, 8.28794436529e-05, 5.12187107233e-05, 4.17907394876e-05, 3.61927777703e-05, 2.57015253737e-05, 1.24487396533e-05, 1.55729194375e-05, 1.54961326189e-05, 1.32045224746e-05, 9.12650648388e-06, 1.01297764559e-05, 6.65002698952e-06, 6.76498711982e-06, 7.12702467354e-06, 6.93417359798e-06, 6.54688437862e-06, 5.51788889425e-06, 4.03188323617e-06, 3.48401567862e-06, 2.63427000391e-06, 1.55925761192e-06, 1.3712846112e-06, 1.36605865464e-06, 1.13191470064e-06, 9.59353769758e-07, 9.32970692702e-07, 8.31191755424e-07, 5.94024584188e-07, 6.66641824409e-07, 5.31984937879e-07], "dmean2": [0.00438567716628, 0.00588998803869, 0.00320868799463, 0.00182854640298, 0.000649844238069, 0.000353285257006, 0.000259428459685, 0.000191302417079, 0.000106417312054, 0.000111021952762, 0.000132334665977, 7.97874381533e-05, 6.09144699411e-05, 5.04428426211e-05, 3.60264530173e-05, 1.8840568373e-05, 2.41200523305e-05, 2.39263645199e-05, 2.11270944419e-05, 1.46956299432e-05, 1.67616271938e-05, 1.07069236037e-05, 1.05665194496e-05, 1.11975004984e-05, 1.10712308015e-05, 1.00204752016e-05, 8.46683997224e-06, 6.35774858893e-06, 5.38035692443e-06, 4.09626227338e-06, 2.49678987529e-06, 2.22112771553e-06, 2.10789426092e-06, 1.73934347458e-06, 1.50661196585e-06, 1.4209750816e-06, 1.30375087792e-06, 9.0610120651e-07, 9.68146309788e-07, 7.67736707985e-07], "dvar": [3.13314340019e-05, 4.93856714456e-05, 1.21968578242e-05, 4.79358959637e-06, 4.61592549073e-07, 1.77276163527e-07, 8.15626393091e-08, 5.72735672222e-08, 1.37670346234e-08, 2.58490988614e-08, 2.74291895863e-08, 9.8562438211e-09, 6.46065778653e-09, 5.46118927858e-09, 2.22663021354e-09, 5.08275754818e-10, 8.56982651509e-10, 8.70844951706e-10, 6.05069383486e-10, 2.50319015516e-10, 3.96447208395e-10, 1.39634206975e-10, 1.2509331071e-10, 1.44408249247e-10, 1.80854761722e-10, 1.79908560272e-10, 1.7437330746e-10, 1.23890453452e-10, 4.20884022079e-11, 2.66948893546e-11, 1.0309469424e-11, 9.99670572016e-12, 8.80157318556e-12, 3.74524760163e-12, 2.56860960453e-12, 1.75999622862e-12, 1.53663735382e-12, 9.09389317322e-13, 1.13111375735e-12, 7.09881209805e-13], "dvar2": [8.27576077427e-05, 0.000138640985824, 3.30810180458e-05, 1.2831852473e-05, 1.24457164929e-06, 4.76087308243e-07, 2.13797576976e-07, 1.23090899251e-07, 2.75293796648e-08, 7.3556932989e-08, 6.89644537033e-08, 2.13062527621e-08, 1.15530331968e-08, 9.0673113462e-09, 3.7855425461e-09, 1.0156289143e-09, 2.17335327513e-09, 1.89617743729e-09, 1.55346846498e-09, 6.19169604477e-10, 1.0303589093e-09, 3.54096557631e-10, 2.84273382611e-10, 3.41898925837e-10, 4.27154506211e-10, 4.02572392089e-10, 3.99991650912e-10, 3.04955283248e-10, 1.01014814569e-10, 6.54354487262e-11, 2.65139368794e-11, 2.59989772766e-11, 2.1841464401e-11, 8.6307046579e-12, 6.2408043143e-12, 4.21514646104e-12, 3.44591152487e-12, 1.98133653581e-12, 2.36590326323e-12, 1.53695600084e-12], "max": [0.0676180273294, 0.07371558249, 0.0377156361938, 0.0244970042259, 0.00907727982849, 0.00603860244155, 0.00445807911456, 0.00502681965008, 0.00309918192215, 0.00220267171971, 0.00303304265253, 0.0016931014834, 0.00168212584686, 0.00147811020724, 0.000863359542564, 0.000517286767717, 0.000506634998601, 0.000574231031351, 0.000299936975352, 0.000223875904339, 0.000279391359072, 0.000174678643816, 0.000150679654325, 0.0002985582978, 0.00035747862421, 0.000354535644874, 0.000476051063742, 0.000356867123628, 0.000169782040757, 0.000100339952041, 4.01709548896e-05, 5.67915922147e-05, 7.0115806011e-05, 4.57688183815e-05, 3.29725880874e-05, 2.01291604753e-05, 2.02910832741e-05, 1.31514843815e-05, 1.22089304568e-05, 9.98442465061e-06], "mean": [0.00510564958677, 0.00780552765355, 0.00293719000183, 0.00130459165666, 0.000703540397808, 0.000433040171629, 0.00027616211446, 0.000221013426199, 0.000155468151206, 7.18613591744e-05, 0.000134865767905, 8.98936559679e-05, 7.02678880771e-05, 5.81946260354e-05, 4.13600610045e-05, 1.90919054148e-05, 2.31838384934e-05, 1.99331334443e-05, 1.76460725925e-05, 1.25843480419e-05, 1.24590269479e-05, 9.51310812525e-06, 9.95196023723e-06, 1.12983316285e-05, 1.15984612421e-05, 1.08952390292e-05, 9.59589397098e-06, 7.16250269761e-06, 6.2961448748e-06, 4.16145803683e-06, 2.41603697759e-06, 1.9798392259e-06, 2.08760297937e-06, 1.75605043751e-06, 1.34296078613e-06, 1.38637381042e-06, 1.30148077915e-06, 8.99258395748e-07, 9.29631426061e-07, 7.56317717787e-07], "median": [0.00369414826855, 0.0069234687835, 0.00192778860219, 0.000618474616203, 0.000428937870311, 0.000242253998294, 0.000139535739436, 6.25571992714e-05, 7.0980975579e-05, 3.06766014546e-05, 4.96078573633e-05, 3.81424652005e-05, 2.56694802374e-05, 2.20480833377e-05, 1.73434218596e-05, 8.17120599095e-06, 1.2478581084e-05, 9.29099405766e-06, 8.15448674985e-06, 6.82795871398e-06, 5.46068395124e-06, 5.40378096048e-06, 5.47537456441e-06, 6.11725317867e-06, 5.48187199456e-06, 4.94178084409e-06, 4.40701887783e-06, 2.96737903227e-06, 3.41800227943e-06, 2.05836977329e-06, 9.52206619331e-07, 8.2954767322e-07, 8.01655119176e-07, 6.81922529111e-07, 6.03264311394e-07, 7.40099551422e-07, 5.07874176492e-07, 4.15438108803e-07, 4.63423134534e-07, 3.56063026175e-07], "min": [2.08102011668e-23, 3.35574518659e-23, 1.64148291306e-23, 5.37155585204e-24, 1.92555519601e-23, 1.70814402613e-23, 4.88076051783e-24, 3.1046593196e-24, 4.2554076013e-24, 1.48771814541e-23, 1.4007105741e-23, 2.96847916873e-23, 5.52629052417e-24, 3.30035736917e-24, 5.70348998273e-24, 7.66378527194e-24, 7.27026595368e-24, 1.04620752734e-23, 1.07843533522e-23, 1.26915650078e-23, 6.22862206556e-24, 1.03480927612e-23, 1.28717842259e-23, 9.61095588785e-24, 1.23584803235e-23, 1.35035079831e-23, 1.2937424553e-23, 1.36821455351e-23, 1.10237702704e-23, 7.83683768872e-24, 8.99266169869e-24, 9.89862032783e-24, 1.23359843771e-23, 1.01751444741e-23, 1.1940745342e-23, 1.10948647817e-23, 8.70399777195e-24, 1.22231259917e-23, 1.20834849897e-23, 9.46285593036e-24], "var": [3.52539318556e-05, 5.22401569469e-05, 1.183193217e-05, 4.2956935431e-06, 6.7955824079e-07, 3.16962513125e-07, 1.35410459734e-07, 2.03333797799e-07, 7.05866511908e-08, 1.85143171905e-08, 5.35545687796e-08, 2.31836274622e-08, 1.59872293182e-08, 1.23845316224e-08, 5.07697794916e-09, 1.09594999742e-09, 1.05790254334e-09, 1.114705106e-09, 6.9825606408e-10, 3.07812636491e-10, 4.52618609259e-10, 1.6654978785e-10, 1.87779805594e-10, 2.51066500923e-10, 4.20310314331e-10, 3.40070999139e-10, 2.69238825679e-10, 2.18164541987e-10, 8.00555385871e-11, 4.04261207843e-11, 1.47733145162e-11, 1.14655628741e-11, 1.23709801084e-11, 6.44127026023e-12, 4.08583843842e-12, 3.02429413977e-12, 3.62629978129e-12, 1.64907020331e-12, 1.74990057167e-12, 1.11050133932e-12]}, "mfcc": {"mean": [-648.578308105, 127.040061951, 22.1203613281, 35.1815452576, 10.6527118683, 9.4206609726, 12.0952854156, 5.78640031815, 0.530547380447, 3.5809943676, -2.23861956596, 0.0575963594019, 0.440808713436], "cov": [[10867.4003906, 834.790588379, -101.589111328, 167.010009766, -93.1912536621, -182.41847229, -51.3805847168, -55.5907058716, -68.4945144653, -37.6589508057, -257.903320312, -225.667922974, -113.113998413], [834.790588379, 1320.51879883, -88.2070388794, 150.325942993, -52.1759338379, -31.0403633118, 61.7181549072, -5.01521205902, -11.2783470154, -34.7014427185, -49.1568527222, -10.7840566635, -12.1878585815], [-101.589111328, -88.2070388794, 636.218322754, -32.7423324585, 114.459434509, 113.296768188, -20.1221256256, 19.9033546448, 6.20107555389, 0.870069980621, 10.31848526, 15.5438652039, -25.4499092102], [167.010009766, 150.325942993, -32.7423324585, 263.673278809, 27.3930301666, 10.0327758789, 53.5459518433, 17.9195289612, 29.670879364, 36.7877120972, 25.8046836853, 12.0864248276, 23.4344577789], [-93.1912536621, -52.1759338379, 114.459434509, 27.3930301666, 186.457794189, 88.7290344238, 31.7540855408, 31.7544898987, 15.945555687, 15.0445127487, 23.9374713898, 17.8497390747, 6.6078248024], [-182.41847229, -31.0403633118, 113.296768188, 10.0327758789, 88.7290344238, 161.17741394, 44.904499054, 22.5774898529, 5.68519210815, -7.0559296608, 24.4941825867, 16.2137641907, 9.06949043274], [-51.3805847168, 61.7181549072, -20.1221256256, 53.5459518433, 31.7540855408, 44.904499054, 114.823982239, 46.5175323486, 15.144575119, 13.1575117111, 1.18443465233, 16.2600955963, 19.2092571259], [-55.5907058716, -5.01521205902, 19.9033546448, 17.9195289612, 31.7544898987, 22.5774898529, 46.5175323486, 89.4394607544, 42.1841812134, 11.6307535172, 10.8243741989, 8.78768253326, 11.7993764877], [-68.4945144653, -11.2783470154, 6.20107555389, 29.670879364, 15.945555687, 5.68519210815, 15.144575119, 42.1841812134, 85.834312439, 36.7477607727, 8.64665126801, 9.14692974091, 10.8183555603], [-37.6589508057, -34.7014427185, 0.870069980621, 36.7877120972, 15.0445127487, -7.0559296608, 13.1575117111, 11.6307535172, 36.7477607727, 85.5427474976, 39.7962837219, 16.973739624, 13.4928941727], [-257.903320312, -49.1568527222, 10.31848526, 25.8046836853, 23.9374713898, 24.4941825867, 1.18443465233, 10.8243741989, 8.64665126801, 39.7962837219, 94.025062561, 47.8108329773, 13.1402921677], [-225.667922974, -10.7840566635, 15.5438652039, 12.0864248276, 17.8497390747, 16.2137641907, 16.2600955963, 8.78768253326, 9.14692974091, 16.973739624, 47.8108329773, 90.0096130371, 36.4012145996], [-113.113998413, -12.1878585815, -25.4499092102, 23.4344577789, 6.6078248024, 9.06949043274, 19.2092571259, 11.7993764877, 10.8183555603, 13.4928941727, 13.1402921677, 36.4012145996, 65.015663147]], "icov": [[0.000108348896902, -5.43289861525e-05, 5.68042105442e-06, -8.95507910172e-05, -2.05810902116e-05, 3.12326956191e-05, 0.000120195312775, -9.21825994737e-05, 0.000160561612574, -0.000177893700311, 0.000306760775857, 7.70474143792e-05, 9.68393142102e-05], [-5.43289861525e-05, 0.000914959411602, 2.66744409601e-05, -0.000533061276656, 0.000246080104262, 0.000102894322481, -0.000511240912601, 0.000171261650394, -3.64917068509e-05, 0.000482076691696, 0.000295624107821, -0.000360715261195, 0.000408416555729], [5.68042105442e-06, 2.66744409601e-05, 0.00212319847196, 1.72367144842e-05, -0.000700899749063, -0.00158260192256, 0.00150457175914, -0.000930444395635, 0.000483647367219, -0.000881162064616, 0.00121366162784, -0.00119510211516, 0.00138233066536], [-8.95507910172e-05, -0.000533061276656, 1.72367144842e-05, 0.0051418049261, -0.000727323757019, 0.000675934716128, -0.00242517376319, 0.00140775588807, -0.00165433890652, -0.000365697254892, -0.00225829984993, 0.00145216670353, -0.00166708498728], [-2.05810902116e-05, 0.000246080104262, -0.000700899749063, -0.000727323757019, 0.00812157709152, -0.0037823303137, 0.00014185270993, -0.00178904738277, 0.000497204368003, -0.00141388433985, 0.000338337093126, -0.000772986386437, 0.000558183062822], [3.12326956191e-05, 0.000102894322481, -0.00158260192256, 0.000675934716128, -0.0037823303137, 0.0114448620006, -0.00527106365189, 0.00233047758229, -0.00193467654753, 0.00481389882043, -0.00486833183095, 0.00231095356867, -0.00185424555093], [0.000120195312775, -0.000511240912601, 0.00150457175914, -0.00242517376319, 0.00014185270993, -0.00527106365189, 0.0165396332741, -0.00901580043137, 0.00451222574338, -0.00509106228128, 0.00640753656626, -0.0038739296142, 0.000226424075663], [-9.21825994737e-05, 0.000171261650394, -0.000930444395635, 0.00140775588807, -0.00178904738277, 0.00233047758229, -0.00901580043137, 0.0208050366491, -0.0107333520427, 0.00538171175867, -0.00548067316413, 0.00319822318852, -0.00226903660223], [0.000160561612574, -3.64917068509e-05, 0.000483647367219, -0.00165433890652, 0.000497204368003, -0.00193467654753, 0.00451222574338, -0.0107333520427, 0.0206751320511, -0.00996479764581, 0.005951219704, -0.00269843358546, 0.000828020449262], [-0.000177893700311, 0.000482076691696, -0.000881162064616, -0.000365697254892, -0.00141388433985, 0.00481389882043, -0.00509106228128, 0.00538171175867, -0.00996479764581, 0.0219860747457, -0.0113719254732, 0.00381056033075, -0.00317240855657], [0.000306760775857, 0.000295624107821, 0.00121366162784, -0.00225829984993, 0.000338337093126, -0.00486833183095, 0.00640753656626, -0.00548067316413, 0.005951219704, -0.0113719254732, 0.023429568857, -0.0117839388549, 0.00485651893541], [7.70474143792e-05, -0.000360715261195, -0.00119510211516, 0.00145216670353, -0.000772986386437, 0.00231095356867, -0.0038739296142, 0.00319822318852, -0.00269843358546, 0.00381056033075, -0.0117839388549, 0.0214980300516, -0.0106010334566], [9.68393142102e-05, 0.000408416555729, 0.00138233066536, -0.00166708498728, 0.000558183062822, -0.00185424555093, 0.000226424075663, -0.00226903660223, 0.000828020449262, -0.00317240855657, 0.00485651893541, -0.0106010334566, 0.0227891709656]]}, "spectral_contrast_coeffs": {"dmean": [0.0486174114048, 0.0478008277714, 0.0413889475167, 0.0325884222984, 0.0242555905133, 0.0210469663143], "dmean2": [0.0806687101722, 0.076088950038, 0.0634607821703, 0.0497029162943, 0.0377140454948, 0.0344148389995], "dvar": [0.00171766267158, 0.00156688760035, 0.00116887502372, 0.000732406566385, 0.000442510237917, 0.000444274453912], "dvar2": [0.00464657694101, 0.00384239433333, 0.0025336779654, 0.00161562836729, 0.00103475991637, 0.00107807584573], "max": [-0.294019877911, -0.471081614494, -0.502484738827, -0.573792219162, -0.558548212051, -0.539378643036], "mean": [-0.642611384392, -0.710144281387, -0.743283510208, -0.785605609417, -0.789073467255, -0.780911266804], "median": [-0.64267873764, -0.710096359253, -0.746216654778, -0.789689064026, -0.793951869011, -0.780995249748], "min": [-0.974314332008, -0.960972547531, -0.972437977791, -0.966906189919, -0.957140803337, -0.958485543728], "var": [0.00619448861107, 0.00592287490144, 0.00493383826688, 0.00224362290464, 0.00206215144135, 0.00153485522605]}, "spectral_contrast_valleys": {"dmean": [0.398446768522, 0.464262783527, 0.390617191792, 0.356309443712, 0.32663333416, 0.482320308685], "dmean2": [0.636041164398, 0.733556091785, 0.619538366795, 0.529896080494, 0.472620874643, 0.609117090702], "dvar": [0.160791218281, 0.19634513557, 0.158251419663, 0.134024858475, 0.137092709541, 0.250021874905], "dvar2": [0.331235408783, 0.437634170055, 0.347361445427, 0.268087267876, 0.282184690237, 0.553110063076], "max": [-4.66458892822, -4.72243404388, -5.04846811295, -5.91014289856, -5.59817314148, -8.05519866943], "mean": [-6