{"lowlevel": {"average_loudness": 0.961308777332, "barkbands_crest": {"dmean": 3.07710456848, "dmean2": 5.16876888275, "dvar": 7.35600185394, "dvar2": 19.6653957367, "max": 26.6196517944, "mean": 13.1162242889, "median": 12.433016777, "min": 4.11108875275, "var": 19.5970172882}, "barkbands_flatness_db": {"dmean": 0.0319067947567, "dmean2": 0.0484075248241, "dvar": 0.00083476974396, "dvar2": 0.00182123307604, "max": 0.548550486565, "mean": 0.21187633276, "median": 0.207241624594, "min": 0.0167956482619, "var": 0.00524505460635}, "barkbands_kurtosis": {"dmean": 8.35494422913, "dmean2": 13.3235416412, "dvar": 540.277526855, "dvar2": 1013.21563721, "max": 1717.31726074, "mean": 13.8193597794, "median": 8.75413894653, "min": -1.81851518154, "var": 952.472961426}, "barkbands_skewness": {"dmean": 0.826917290688, "dmean2": 1.31457388401, "dvar": 0.803948462009, "dvar2": 1.87273299694, "max": 32.0454216003, "mean": 2.63949942589, "median": 2.41951680183, "min": -2.05617260933, "var": 2.45422935486}, "barkbands_spread": {"dmean": 3.67302656174, "dmean2": 5.98355531693, "dvar": 18.9392490387, "dvar2": 47.0066261292, "max": 74.6959381104, "mean": 11.1827917099, "median": 8.65620231628, "min": 0.106982596219, "var": 73.224319458}, "dissonance": {"dmean": 0.0233768559992, "dmean2": 0.0388823263347, "dvar": 0.000455964152934, "dvar2": 0.00121058302466, "max": 0.499999850988, "mean": 0.443947643042, "median": 0.452723830938, "min": 0.150976732373, "var": 0.00182678527199}, "dynamic_complexity": 2.89745998383, "erbbands_crest": {"dmean": 3.09932208061, "dmean2": 4.94067430496, "dvar": 8.45257472992, "dvar2": 20.1015033722, "max": 30.9407958984, "mean": 12.2486915588, "median": 10.9844741821, "min": 2.79912137985, "var": 31.0466575623}, "erbbands_flatness_db": {"dmean": 0.0244044996798, "dmean2": 0.0333585515618, "dvar": 0.000551177596208, "dvar2": 0.00105893728323, "max": 0.397457569838, "mean": 0.17193326354, "median": 0.16884714365, "min": 0.0402066782117, "var": 0.00322663108818}, "erbbands_kurtosis": {"dmean": 1.33389735222, "dmean2": 2.13365721703, "dvar": 3.97257828712, "dvar2": 9.8729057312, "max": 44.807636261, "mean": 1.43629598618, "median": 0.232773542404, "min": -1.84349644184, "var": 13.0915489197}, "erbbands_skewness": {"dmean": 0.452163904905, "dmean2": 0.707021415234, "dvar": 0.173082917929, "dvar2": 0.440689623356, "max": 5.93596553802, "mean": 0.663488209248, "median": 0.644495725632, "min": -3.05811333656, "var": 1.2006342411}, "erbbands_spread": {"dmean": 8.32051849365, "dmean2": 12.8163509369, "dvar": 119.587623596, "dvar2": 288.50680542, "max": 155.801193237, "mean": 35.0261802673, "median": 33.1155319214, "min": 2.33801674843, "var": 275.549072266}, "hfc": {"dmean": 6.04529333115, "dmean2": 9.33462429047, "dvar": 78.7165985107, "dvar2": 188.157394409, "max": 93.8028259277, "mean": 14.2642011642, "median": 11.1801795959, "min": 1.10246916591e-16, "var": 140.816772461}, "melbands_crest": {"dmean": 3.44330501556, "dmean2": 5.75130462646, "dvar": 8.34161949158, "dvar2": 22.4292831421, "max": 30.0577526093, "mean": 16.1558990479, "median": 15.8551177979, "min": 1.63272929192, "var": 20.4320793152}, "melbands_flatness_db": {"dmean": 0.0351313129067, "dmean2": 0.0543336495757, "dvar": 0.00104390352499, "dvar2": 0.0022803384345, "max": 0.672844529152, "mean": 0.315341800451, "median": 0.312145978212, "min": 0.00360315060243, "var": 0.0068914280273}, "melbands_kurtosis": {"dmean": 14.1508464813, "dmean2": 22.9278621674, "dvar": 557.241943359, "dvar2": 1405.34753418, "max": 531.701782227, "mean": 25.8948802948, "median": 17.6248092651, "min": -1.74082350731, "var": 844.800415039}, "melbands_skewness": {"dmean": 0.969883799553, "dmean2": 1.54278063774, "dvar": 1.11415946484, "dvar2": 2.69840025902, "max": 18.1693153381, "mean": 3.5170238018, "median": 3.25435256958, "min": -0.253077328205, "var": 2.70868730545}, "melbands_spread": {"dmean": 3.61833643913, "dmean2": 5.89512872696, "dvar": 22.9013690948, "dvar2": 55.2054405212, "max": 150.445419312, "mean": 9.9706697464, "median": 6.58192157745, "min": 0.282978951931, "var": 111.118469238}, "pitch_salience": {"dmean": 0.0869914442301, "dmean2": 0.144986599684, "dvar": 0.00633234577253, "dvar2": 0.0166255999357, "max": 0.879280209541, "mean": 0.479096263647, "median": 0.486859381199, "min": 0.048202585429, "var": 0.0157768577337}, "silence_rate_20dB": {"dmean": 0, "dmean2": 0, "dvar": 0, "dvar2": 0, "max": 1, "mean": 1, "median": 1, "min": 1, "var": 0}, "silence_rate_30dB": {"dmean": 0.112341120839, "dmean2": 0.224712952971, "dvar": 0.0997275337577, "dvar2": 0.207031205297, "max": 1, "mean": 0.886854350567, "median": 1, "min": 0, "var": 0.100344061852}, "silence_rate_60dB": {"dmean": 0.0054667214863, "dmean2": 0.010934936814, "dvar": 0.00543743092567, "dvar2": 0.0119110411033, "max": 1, "mean": 0.0506969131529, "median": 0, "min": 0, "var": 0.0481275841594}, "spectral_centroid": {"dmean": 139.525375366, "dmean2": 228.400985718, "dvar": 39459.921875, "dvar2": 90895.2890625, "max": 11263.8271484, "mean": 648.597167969, "median": 533.945251465, "min": 102.132072449, "var": 376807.8125}, "spectral_complexity": {"dmean": 2.88916230202, "dmean2": 4.40568637848, "dvar": 17.5831947327, "dvar2": 33.5137939453, "max": 55, "mean": 11.8827552795, "median": 11, "min": 0, "var": 44.911907196}, "spectral_decrease": {"dmean": 6.66261001925e-09, "dmean2": 1.06760307261e-08, "dvar": 1.06961745627e-16, "dvar2": 2.63643584105e-16, "max": 1.63093958815e-28, "mean": -1.26130972333e-08, "median": -8.91770479683e-09, "min": -9.36632602588e-08, "var": 1.41351958265e-16}, "spectral_energy": {"dmean": 0.0255822204053, "dmean2": 0.0409319400787, "dvar": 0.00156761240214, "dvar2": 0.00385893881321, "max": 0.358502715826, "mean": 0.0488984957337, "median": 0.0347422249615, "min": 1.02851815079e-20, "var": 0.00208260212094}, "spectral_energyband_high": {"dmean": 0.000201798655326, "dmean2": 0.000312327028951, "dvar": 1.72756713823e-07, "dvar2": 4.21969502895e-07, "max": 0.00453586596996, "mean": 0.000264362897724, "median": 6.39303325443e-05, "min": 7.14388719918e-21, "var": 2.16890356342e-07}, "spectral_energyband_low": {"dmean": 0.0206423904747, "dmean2": 0.0337845422328, "dvar": 0.00123058294412, "dvar2": 0.0030751361046, "max": 0.32212638855, "mean": 0.0291530005634, "median": 0.0147556941956, "min": 4.60776873292e-23, "var": 0.00148163980339}, "spectral_energyband_middle_high": {"dmean": 0.00133218301926, "dmean2": 0.00213590427302, "dvar": 4.14612941313e-06, "dvar2": 1.07405667222e-05, "max": 0.0284580420703, "mean": 0.00307633774355, "median": 0.00167097407393, "min": 1.29809821074e-21, "var": 1.14861759357e-05}, "spectral_energyband_middle_low": {"dmean": 0.00850934442133, "dmean2": 0.013596479781, "dvar": 0.000237798391026, "dvar2": 0.000611157680396, "max": 0.190909564495, "mean": 0.0175205972046, "median": 0.0138593241572, "min": 2.10270811178e-22, "var": 0.000296050682664}, "spectral_entropy": {"dmean": 0.253596007824, "dmean2": 0.373093128204, "dvar": 0.0704868212342, "dvar2": 0.143460765481, "max": 9.82283878326, "mean": 6.86495256424, "median": 6.88259124756, "min": 4.5544629097, "var": 0.420282423496}, "spectral_flux": {"dmean": 0.0460639558733, "dmean2": 0.0735194757581, "dvar": 0.00366692082025, "dvar2": 0.00828766264021, "max": 0.557368457317, "mean": 0.103178039193, "median": 0.0780921429396, "min": 6.51243919902e-11, "var": 0.00605455692858}, "spectral_kurtosis": {"dmean": 3.59948730469, "dmean2": 5.84941673279, "dvar": 23.5040683746, "dvar2": 65.256652832, "max": 176.949508667, "mean": 10.9964885712, "median": 8.08029079437, "min": -1.22810137272, "var": 225.017196655}, "spectral_rms": {"dmean": 0.00156599655747, "dmean2": 0.00242357910611, "dvar": 3.77792480322e-06, "dvar2": 8.63982677402e-06, "max": 0.0187018383294, "mean": 0.00625540921465, "median": 0.00582192838192, "min": 3.16770004324e-12, "var": 8.57558461576e-06}, "spectral_rolloff": {"dmean": 222.434082031, "dmean2": 397.977539062, "dvar": 201344.828125, "dvar2": 448415.53125, "max": 19401.4160156, "mean": 604.872375488, "median": 301.46484375, "min": 86.1328125, "var": 1166871.875}, "spectral_skewness": {"dmean": 0.351028800011, "dmean2": 0.56216943264, "dvar": 0.138674065471, "dvar2": 0.335625082254, "max": 11.037232399, "mean": 2.44723629951, "median": 2.29067611694, "min": -0.0726066231728, "var": 1.13498687744}, "spectral_spread": {"dmean": 828560.875, "dmean2": 1175416.625, "dvar": 1223140573180.0, "dvar2": 2516164542460.0, "max": 42783436, "mean": 4265717, "median": 3760187.5, "min": 535065.25, "var": 6327139041280.0}, "spectral_strongpeak": {"dmean": 0.420619696379, "dmean2": 0.738034009933, "dvar": 0.622070789337, "dvar2": 1.7081592083, "max": 7.780377388, "mean": 0.708313405514, "median": 0.492844223976, "min": 0, "var": 0.657811582088}, "zerocrossingrate": {"dmean": 0.00639343447983, "dmean2": 0.00817730929703, "dvar": 7.67107703723e-05, "dvar2": 0.000129045176436, "max": 0.51953125, "mean": 0.0325140058994, "median": 0.02587890625, "min": 0.0029296875, "var": 0.00158924213611}, "barkbands": {"dmean": [0.000168334518094, 0.0148887569085, 0.00697869574651, 0.00258164759725, 0.00523716583848, 0.00155112158973, 0.000478876405396, 0.000287304806989, 0.000387391162803, 0.00025431526592, 0.000178126385435, 0.000197865534574, 0.000148483057274, 0.000219756446313, 0.000518166751135, 0.000175193330506, 0.000146181351738, 7.94508159743e-05, 3.72647264157e-05, 3.33776515618e-05, 3.21528932545e-05, 3.47986679117e-05, 3.46525157511e-05, 3.94745256926e-05, 2.90993320959e-05, 2.40724803007e-05, 1.01872474261e-05], "dmean2": [0.000277579034446, 0.024622540921, 0.0115609904751, 0.00451970519498, 0.00848917197436, 0.00233520730399, 0.000692595203873, 0.000446166784968, 0.000670789158903, 0.000390247470932, 0.000272266712273, 0.000304492074065, 0.000237277155975, 0.000322326173773, 0.000850617187098, 0.000311249255901, 0.00025632409961, 0.000139238720294, 6.29109563306e-05, 5.44569302292e-05, 5.02403854625e-05, 5.48372590856e-05, 5.38806161785e-05, 6.77290954627e-05, 4.65387201984e-05, 3.9355156332e-05, 1.61681964528e-05], "dvar": [6.6992122072e-08, 0.000597157690208, 0.000228915028856, 3.40433580277e-05, 0.000101844816527, 5.95792789682e-06, 8.10103188087e-07, 4.05299317663e-07, 1.06198888261e-06, 3.27876023221e-07, 1.89748234902e-07, 1.91696784668e-07, 1.20321544728e-07, 2.93397903306e-07, 1.72348040905e-06, 2.07652661288e-07, 1.35797478151e-07, 6.58565326717e-08, 1.00542507653e-08, 7.18476833583e-09, 5.25845544885e-09, 6.00513239135e-09, 8.49938253111e-09, 1.39595845994e-08, 3.91638721453e-09, 3.20516191366e-09, 5.99989669059e-10], "dvar2": [1.80244839498e-07, 0.00152898824308, 0.000580208958127, 9.33124392759e-05, 0.000264387810603, 1.42665194289e-05, 1.58736111189e-06, 8.7765056378e-07, 2.80905624095e-06, 6.37690391159e-07, 3.618301605e-07, 3.71879366412e-07, 2.75381182746e-07, 5.61923570785e-07, 4.76486138723e-06, 7.15856231182e-07, 4.18617247533e-07, 1.83094442718e-07, 2.69880207071e-08, 1.85546156217e-08, 1.29530395299e-08, 1.44333762719e-08, 1.75896115451e-08, 3.91769212627e-08, 9.89460424705e-09, 8.13291212154e-09, 1.49061130106e-09], "max": [0.00411003828049, 0.262679666281, 0.171317622066, 0.0901033580303, 0.144317522645, 0.0437559373677, 0.0211372189224, 0.0148994550109, 0.0182369556278, 0.0177874434739, 0.0140639729798, 0.0121714742854, 0.00662839272991, 0.0120671568438, 0.0275919940323, 0.00887223705649, 0.00449091102928, 0.00400669313967, 0.00129017571453, 0.00150871544611, 0.00125018169638, 0.00107523752376, 0.00239151250571, 0.00127326184884, 0.000690946471877, 0.000515433610417, 0.000309304625262], "mean": [0.000223046430619, 0.0203888304532, 0.00749898608774, 0.00252956501208, 0.00972065888345, 0.00336523447186, 0.000909157271963, 0.000446307356469, 0.000395644659875, 0.000427802558988, 0.000241003261181, 0.000306377885863, 0.000240574139752, 0.000439215218648, 0.000937101431191, 0.000216700907913, 0.000199581772904, 7.83853101893e-05, 4.62816278741e-05, 4.51694468211e-05, 4.94993146276e-05, 4.38252391177e-05, 4.45733494416e-05, 3.90059503843e-05, 3.20620711136e-05, 2.44325801759e-05, 9.53402923187e-06], "median": [0.000114907918032, 0.00922862160951, 0.00245757168159, 0.000928520457819, 0.00642375648022, 0.00227946368977, 0.000402150384616, 0.000190856226254, 0.000105938423076, 0.00011221524619, 5.35905273864e-05, 0.000107385843876, 4.88836085424e-05, 6.26243054285e-05, 0.000120844531921, 4.36318150605e-05, 4.36784794147e-05, 1.73899406946e-05, 1.84739528777e-05, 1.60723830049e-05, 1.39485000545e-05, 9.36743163038e-06, 5.70402198719e-06, 4.7463950068e-06, 4.0301174522e-06, 2.51123378803e-06, 9.0704060085e-07], "min": [1.38489866583e-24, 1.3793906615e-23, 2.46574548968e-24, 1.25910167968e-24, 1.17300492717e-23, 1.34798090238e-23, 1.06666915928e-23, 2.30862620936e-23, 2.42052407773e-23, 2.44401824875e-23, 1.31327559794e-23, 4.80083644413e-23, 3.14532127329e-23, 5.09436369835e-23, 5.70115897764e-23, 6.53450027832e-23, 7.97317683452e-23, 1.26705551176e-22, 1.72434808109e-22, 2.17555518808e-22, 2.42731036411e-22, 3.41015304945e-22, 4.2345439974e-22, 4.68792141851e-22, 9.4616971568e-22, 1.36467584971e-21, 2.00367539726e-21], "var": [9.16780109605e-08, 0.000770050566643, 0.000219634195673, 2.57638585026e-05, 0.000129740554257, 1.32835975819e-05, 1.97363692678e-06, 7.16772092346e-07, 1.08798758447e-06, 1.57075476181e-06, 4.52634651538e-07, 4.53965867564e-07, 2.98458957104e-07, 1.34162200993e-06, 3.689836376e-06, 2.54379870057e-07, 2.08502811461e-07, 5.50835643764e-08, 9.53483425548e-09, 8.22162693481e-09, 8.41365110915e-09, 8.27254620361e-09, 1.45564955645e-08, 1.02204742447e-08, 3.98950650293e-09, 2.8770921201e-09, 5.32831889721e-10]}, "erbbands": {"dmean": [0.299105644226, 3.86526632309, 9.17206096649, 6.96141529083, 15.2541341782, 17.4596214294, 19.6334114075, 10.4797267914, 8.53008079529, 7.07322645187, 5.74420881271, 9.0021276474, 8.25730705261, 7.32881259918, 6.8073964119, 8.9360370636, 7.26523542404, 11.5276374817, 23.2528648376, 22.2735767365, 7.34657478333, 6.20265626907, 5.31781578064, 2.36134576797, 1.53858470917, 1.66201722622, 1.27851569653, 1.28926753998, 1.20269846916, 1.35164880753, 0.820216655731, 0.70791631937, 0.672671914101, 0.35385876894, 0.214102774858, 0.114222101867, 0.0442463420331, 0.0112076103687, 0.00161453650799, 0.000125634847791], "dmean2": [0.503711223602, 6.415143013, 15.1167201996, 12.0879955292, 25.4584503174, 28.463842392, 29.9480819702, 16.3695468903, 12.2229290009, 10.4873552322, 9.03907680511, 15.5037174225, 13.6060914993, 11.1656322479, 10.3314275742, 13.4694633484, 11.4420852661, 16.8956260681, 37.0059356689, 38.0341873169, 12.6374197006, 10.915804863, 9.52452373505, 3.9925198555, 2.57952547073, 2.71778774261, 1.98628675938, 2.05620503426, 1.87392902374, 2.0730483532, 1.30226039886, 1.17674696445, 1.1681394577, 0.579600095749, 0.347114294767, 0.185629814863, 0.0734447985888, 0.0181185118854, 0.00259356969036, 0.000195070650079], "dvar": [0.209595561028, 43.050819397, 349.439208984, 239.530395508, 1313.5559082, 1045.74719238, 1153.12817383, 284.656188965, 222.058868408, 307.993713379, 126.314971924, 613.49597168, 304.262115479, 347.100036621, 231.591171265, 447.263824463, 289.51260376, 777.625183105, 5315.04345703, 2528.26538086, 255.553466797, 265.565307617, 299.911712646, 40.0931587219, 15.1872062683, 18.2650108337, 9.16588115692, 9.85737133026, 6.60362577438, 17.2344207764, 3.31337714195, 3.07861447334, 4.62040948868, 0.729733109474, 0.216353178024, 0.061147544533, 0.0119702247903, 0.000744355493225, 1.5875644749e-05, 6.2914409682e-08], "dvar2": [0.56642729044, 109.683273315, 875.984619141, 648.305603027, 3438.36987305, 2763.83959961, 2792.76220703, 717.812133789, 437.816040039, 609.058837891, 289.970336914, 1585.39807129, 799.419921875, 618.568969727, 449.302490234, 821.654541016, 653.247192383, 1475.74914551, 14285.6328125, 7605.41992188, 827.788879395, 792.93170166, 877.646362305, 106.418403625, 38.664276123, 46.8931846619, 22.6504707336, 24.577129364, 15.2860679626, 32.69739151, 8.04704093933, 8.17687702179, 13.0637149811, 1.904494524, 0.550459086895, 0.152988493443, 0.0307771917433, 0.00184828718193, 4.02009172831e-05, 1.54215257453e-07], "max": [5.11259412766, 67.8419265747, 199.18711853, 165.809265137, 479.582489014, 550.13458252, 604.709655762, 213.447525024, 305.522216797, 446.412628174, 216.118133545, 517.967163086, 509.217498779, 652.271179199, 436.834838867, 619.032897949, 337.874298096, 642.604614258, 1627.39331055, 638.939453125, 303.15145874, 217.553436279, 217.141204834, 145.134979248, 96.4270935059, 76.5236358643, 57.0679206848, 46.9953041077, 37.2367324829, 128.062286377, 34.3785362244, 22.3876304626, 23.5915279388, 8.1841917038, 5.44808721542, 2.31099486351, 1.10076844692, 0.289959996939, 0.0451219640672, 0.00274572195485], "mean": [0.412295758724, 5.12731266022, 10.4575967789, 7.5410823822, 19.699174881, 34.288860321, 38.8284683228, 20.9404659271, 17.3848552704, 11.4314680099, 9.37179088593, 9.4533290863, 11.541595459, 12.8069753647, 10.1188268661, 15.1056594849, 12.9570674896, 24.5993385315, 33.9878311157, 42.7636375427, 11.6989021301, 8.1871099472, 5.56129407883, 2.97058486938, 2.14734745026, 2.25173783302, 1.88258159161, 1.87603867054, 1.58659899235, 1.79010343552, 1.02752280235, 0.819289624691, 0.609895050526, 0.379191786051, 0.231630370021, 0.12065808475, 0.0430652648211, 0.0104791466147, 0.00149425934069, 0.000152197826537], "median": [0.222044736147, 2.10307335854, 4.34791946411, 3.1747508049, 9.68215560913, 18.7177257538, 24.1742019653, 13.2470531464, 8.10474014282, 3.61952447891, 4.6147480011, 2.76650714874, 4.56966495514, 2.94683241844, 3.34100580215, 5.44421100616, 3.47435903549, 4.60511827469, 5.89311313629, 5.29189395905, 3.27906560898, 2.21806716919, 1.27719771862, 0.98407638073, 0.949669837952, 0.812711894512, 0.645682811737, 0.435058802366, 0.364681750536, 0.259035497904, 0.159269452095, 0.101122692227, 0.0755759030581, 0.0450517758727, 0.0292609781027, 0.0136897256598, 0.00405275449157, 0.000989014981315, 0.00016816786956, 6.06100948062e-05], "min": [2.41104417846e-22, 1.37715272622e-21, 3.26680947515e-21, 4.25190545015e-21, 2.17417945505e-20, 5.62311435053e-20, 7.26388137926e-20, 1.04044141002e-19, 1.39555476451e-19, 2.24463033089e-19, 7.41882006281e-19, 4.94099278308e-19, 9.35666280468e-19, 7.16247472302e-19, 1.81314909024e-18, 1.74259968297e-18, 1.42791029606e-18, 2.44850569156e-18, 2.79819484795e-18, 3.42585453367e-18, 3.4450314754e-18, 5.70367005827e-18, 6.49270771841e-18, 8.05806182807e-18, 1.01795220189e-17, 9.44794694156e-18, 9.62760974343e-18, 1.2755617218e-17, 1.22832201605e-17, 1.25088485618e-17, 1.27621908224e-17, 1.1522809567e-17, 7.54402698001e-18, 7.7040922188e-18, 8.12033860202e-18, 4.54748456092e-18, 2.5276321346e-18, 1.0281217051e-18, 2.71562852264e-19, 3.21559451482e-20], "var": [0.278469204903, 53.0986328125, 352.342926025, 189.114212036, 1216.59082031, 1704.14294434, 2258.76831055, 531.968994141, 637.130187988, 619.230651855, 220.105499268, 678.672668457, 486.9894104, 1905.62963867, 535.362060547, 1132.03063965, 750.899536133, 3851.34716797, 7120.93896484, 9398.1796875, 402.645202637, 307.644470215, 227.235778809, 46.4390983582, 16.5084171295, 20.6062164307, 11.8304128647, 16.1533107758, 9.78365707397, 29.2741088867, 5.16511726379, 3.26522946358, 3.06659340858, 0.660458862782, 0.212605834007, 0.0589292831719, 0.0102733308449, 0.000658474629745, 1.34090560096e-05, 6.2126417788e-08]}, "gfcc": {"mean": [-43.8712234497, 125.062477112, -76.9378814697, 27.8709526062, -34.8232765198, 10.7544803619, -37.9238014221, -5.49566364288, -18.4578800201, 3.8242418766, -13.0425701141, 2.48720216751, -1.5323677063], "cov": [[20865.8515625, -881.747680664, -804.532592773, 748.228637695, 108.022361755, 725.031066895, -438.192047119, 394.560882568, -39.2403526306, 266.345336914, -400.508209229, 46.7888259888, -241.53894043], [-881.747680664, 1630.91040039, -195.11416626, -0.45899912715, 141.499984741, -186.721221924, 104.230194092, -124.07976532, 140.306747437, -81.1997146606, 116.680969238, -113.506698608, 111.335800171], [-804.532592773, -195.11416626, 615.537841797, 13.6880922318, -32.3654212952, 27.5036754608, 82.4115600586, 41.8160705566, -67.7334442139, -21.0073871613, 11.5711622238, 24.6316738129, -35.4350662231], [748.228637695, -0.45899912715, 13.6880922318, 271.340789795, 5.19277858734, 44.8009757996, 58.8266143799, 32.7572631836, 13.0884666443, -25.2980480194, 17.7030830383, 20.6498451233, 8.65059661865], [108.022361755, 141.499984741, -32.3654212952, 5.19277858734, 199.488250732, 30.6437797546, -0.163907110691, 13.6275262833, 66.4254379272, 24.6606674194, 1.00863814354, -7.90488433838, 20.2136135101], [725.031066895, -186.721221924, 27.5036754608, 44.8009757996, 30.6437797546, 171.779663086, 45.0800018311, 52.4512939453, -4.59160661697, 24.4015331268, -4.12212610245, 15.8811645508, -15.1675338745], [-438.192047119, 104.230194092, 82.4115600586, 58.8266143799, -0.163907110691, 45.0800018311, 208.901473999, 69.4377059937, -21.5272388458, -54.2261581421, 61.0556221008, 35.3991012573, -2.25918340683], [394.560882568, -124.07976532, 41.8160705566, 32.7572631836, 13.6275262833, 52.4512939453, 69.4377059937, 144.312698364, 20.9717979431, -23.7936725616, -7.03194046021, 41.6471366882, -23.9947509766], [-39.2403526306, 140.306747437, -67.7334442139, 13.0884666443, 66.4254379272, -4.59160661697, -21.5272388458, 20.9717979431, 143.071228027, 40.9313354492, -9.12202072144, -19.1791648865, 25.5117473602], [266.345336914, -81.1997146606, -21.0073871613, -25.2980480194, 24.6606674194, 24.4015331268, -54.2261581421, -23.7936725616, 40.9313354492, 121.118476868, 7.64753818512, -24.2891120911, 9.07046985626], [-400.508209229, 116.680969238, 11.5711622238, 17.7030830383, 1.00863814354, -4.12212610245, 61.0556221008, -7.03194046021, -9.12202072144, 7.64753818512, 110.050559998, 28.4063415527, -0.56553453207], [46.7888259888, -113.506698608, 24.6316738129, 20.6498451233, -7.90488433838, 15.8811645508, 35.3991012573, 41.6471366882, -19.1791648865, -24.2891120911, 28.4063415527, 103.416740417, -0.0651172697544], [-241.53894043, 111.335800171, -35.4350662231, 8.65059661865, 20.2136135101, -15.1675338745, -2.25918340683, -23.9947509766, 25.5117473602, 9.07046985626, -0.56553453207, -0.0651172697544, 98.2575912476]], "icov": [[0.000118099545944, -0.000199931950192, 0.000155863002874, -0.000402869918616, 6.03370281169e-05, -0.000447903439635, 0.000480282382341, -0.00053422927158, 0.000546977156773, -0.000561639899388, 0.000530953519046, -0.000281524466118, 0.000320263992762], [-0.000199931950192, 0.00186794693582, -1.54855824803e-05, 0.00084607640747, -0.000940328289289, 0.0017860874068, -0.00180277624168, 0.00206558732316, -0.00248033762909, 0.00287968153134, -0.00265685445629, 0.00235974066891, -0.00139155960642], [0.000155863002874, -1.54855824803e-05, 0.00209098053165, -0.000537401705515, -3.9831524191e-05, -0.000266112794634, -0.000303787586745, -0.000814973958768, 0.0013464310905, -0.000933357339818, 0.000787141209003, -0.00019350774528, 0.000704171019606], [-0.000402869918616, 0.00084607640747, -0.000537401705515, 0.00561682926491, 3.61507204616e-06, 0.000378543656552, -0.00224389927462, 0.00195064279251, -0.00300655770116, 0.00333474576473, -0.00256704399362, 0.000971703615505, -0.00169624038972], [6.03370281169e-05, -0.000940328289289, -3.9831524191e-05, 3.61507204616e-06, 0.00674362527207, -0.00224712095223, 0.000865980633534, -0.000847933464684, -0.00176773848943, -0.00108871306293, 0.000706021382939, -0.00092257920187, -0.000159276998602], [-0.000447903439635, 0.0017860874068, -0.000266112794634, 0.000378543656552, -0.00224712095223, 0.0108762765303, -0.00470261834562, 0.000676121970173, -0.000954268034548, -0.000746362027712, -0.000905626395252, 0.00154223595746, -0.000743502285331], [0.000480282382341, -0.00180277624168, -0.000303787586745, -0.00224389927462, 0.000865980633534, -0.00470261834562, 0.0124389436096, -0.00702500902116, 0.00377589045092, 0.000995971611701, -0.00310190184973, -0.000529811659362, -0.000112751258712], [-0.00053422927158, 0.00206558732316, -0.000814973958768, 0.00195064279251, -0.000847933464684, 0.000676121970173, -0.00702500902116, 0.0159774702042, -0.00765649275854, 0.00487998127937, 0.000193410363863, -0.0022109078709, 0.00143671222031], [0.000546977156773, -0.00248033762909, 0.0013464310905, -0.00300655770116, -0.00176773848943, -0.000954268034548, 0.00377589045092, -0.00765649275854, 0.0154376123101, -0.00827652215958, 0.00452710781246, -0.00121216254774, 0.000119808741147], [-0.000561639899388, 0.00287968153134, -0.000933357339818, 0.00333474576473, -0.00108871306293, -0.000746362027712, 0.000995971611701, 0.00487998127937, -0.00827652215958, 0.0186131894588, -0.00936756934971, 0.00610394403338, -0.00356962089427], [0.000530953519046, -0.00265685445629, 0.000787141209003, -0.00256704399362, 0.000706021382939, -0.000905626395252, -0.00310190184973, 0.000193410363863, 0.00452710781246, -0.00936756934971, 0.0190344266593, -0.00824046134949, 0.00430984888226], [-0.000281524466118, 0.00235974066891, -0.00019350774528, 0.000971703615505, -0.00092257920187, 0.00154223595746, -0.000529811659362, -0.0022109078709, -0.00121216254774, 0.00610394403338, -0.00824046134949, 0.0164731889963, -0.00393069768324], [0.000320263992762, -0.00139155960642, 0.000704171019606, -0.00169624038972, -0.000159276998602, -0.000743502285331, -0.000112751258712, 0.00143671222031, 0.000119808741147, -0.00356962089427, 0.00430984888226, -0.00393069768324, 0.0135315423831]]}, "melbands": {"dmean": [0.00346292136237, 0.00492738187313, 0.00145438709296, 0.00113271980081, 0.000725541787688, 0.00024533784017, 0.000122593541164, 7.36018046155e-05, 4.87509605591e-05, 5.68654868403e-05, 4.05622558901e-05, 2.98581471725e-05, 2.54084734479e-05, 2.25856365432e-05, 1.97386052605e-05, 1.2216275536e-05, 2.45151895797e-05, 3.42856255884e-05, 2.8613520044e-05, 2.49081749644e-05, 7.40031100577e-06, 6.17604428044e-06, 9.09312257136e-06, 2.69533620667e-06, 1.91517051462e-06, 1.20381764646e-06, 1.12127577268e-06, 1.11728581942e-06, 8.17782620288e-07, 7.7376120089e-07, 7.96105325662e-07, 6.14224688888e-07, 8.53018605085e-07, 7.32654768854e-07, 4.67488547429e-07, 4.9421021231e-07, 4.19632698367e-07, 4.60361462729e-07, 4.42716810767e-07, 2.62089827174e-07], "dmean2": [0.00574075663462, 0.00808580219746, 0.00246324227192, 0.00186645193025, 0.00112603127491, 0.000375286064809, 0.000175365275936, 0.000110249806312, 7.79188048909e-05, 9.88140673144e-05, 6.65075422148e-05, 4.53540524177e-05, 3.84747618227e-05, 3.45079461113e-05, 3.07350455842e-05, 1.96303353732e-05, 3.57121425623e-05, 5.44922586414e-05, 4.75704400742e-05, 4.36924383393e-05, 1.24448579299e-05, 1.06081115518e-05, 1.67031412275e-05, 4.51459163742e-06, 3.25713540406e-06, 2.04757611755e-06, 1.83757913419e-06, 1.8426923134e-06, 1.28411886635e-06, 1.24225709897e-06, 1.27309499476e-06, 9.66794800661e-07, 1.34937249641e-06, 1.11891790766e-06, 7.4841057085e-07, 8.31075340102e-07, 6.96593360772e-07, 8.04925718967e-07, 7.6371003388e-07, 4.2380463583e-07], "dvar": [3.00504470943e-05, 8.41494256747e-05, 9.26435131987e-06, 5.43312489754e-06, 1.61269440468e-06, 1.47272956497e-07, 4.51256632061e-08, 3.29792655407e-08, 9.58235180093e-09, 2.36956907429e-08, 7.17999526501e-09, 6.4254987997e-09, 3.9937142482e-09, 2.40291653242e-09, 1.61913149554e-09, 7.3436096093e-10, 4.05942612858e-09, 1.10930189479e-08, 4.02485245132e-09, 3.46168027576e-09, 2.5258622971e-10, 2.0399466838e-10, 1.14464804302e-09, 5.33209344733e-11, 2.90778807283e-11, 9.60346299012e-12, 7.8618353147e-12, 9.27637654191e-12, 3.83734060153e-12, 3.55943009442e-12, 4.26576308998e-12, 1.96769358619e-12, 3.84134868012e-12, 6.32922794036e-12, 1.25030107795e-12, 1.73617836687e-12, 9.96639836631e-13, 2.10583005027e-12, 2.02495290501e-12, 3.34086979002e-13], "dvar2": [7.87097233115e-05, 0.000211007645703, 2.47018906521e-05, 1.44245013871e-05, 4.04375623475e-06, 3.61120129355e-07, 8.88837519142e-08, 6.67226345286e-08, 2.2710340275e-08, 6.28700789207e-08, 1.87141218078e-08, 1.10204574355e-08, 7.48738315792e-09, 4.561218514e-09, 3.6714824514e-09, 1.73210368271e-09, 7.60499041519e-09, 2.96597395533e-08, 1.13973026572e-08, 1.1272383027e-08, 7.38732908179e-10, 5.8756416399e-10, 3.47800166445e-09, 1.24773136267e-10, 7.86489415261e-11, 2.553589111e-11, 1.96672764879e-11, 2.40590845857e-11, 9.58667520368e-12, 8.88415382927e-12, 1.07398369711e-11, 4.69224919336e-12, 8.80223238048e-12, 1.17150135079e-11, 2.87050353105e-12, 4.7381122463e-12, 2.59925067581e-12, 5.93994731873e-12, 5.72719606115e-12, 8.1374365796e-13], "max": [0.0608592778444, 0.0890571847558, 0.0406931452453, 0.0330280847847, 0.0221859868616, 0.00522018736228, 0.00407417444512, 0.00406924122944, 0.00167339574546, 0.00285127805546, 0.00252923043445, 0.00291040120646, 0.0021013317164, 0.00137117714621, 0.000709942425601, 0.000463072909042, 0.00147665350232, 0.0023312442936, 0.00119232665747, 0.000780709844548, 0.000211406877497, 0.000178362344741, 0.000450932275271, 0.000277952349279, 0.000120405391499, 4.52044114354e-05, 8.46522161737e-05, 5.77075406909e-05, 3.89560300391e-05, 3.26881709043e-05, 3.54231924575e-05, 2.03743311431e-05, 4.08371779486e-05, 8.22343063192e-05, 2.68189578492e-05, 1.45829144458e-05, 1.67766156665e-05, 1.60197905643e-05, 1.57042541105e-05, 7.01217049937e-06], "mean": [0.00483675487339, 0.0061813686043, 0.00170592195354, 0.00191548885778, 0.00146792980377, 0.000509923731443, 0.000250333221629, 0.000113759066153, 7.39872484701e-05, 5.77952669119e-05, 5.70685115235e-05, 5.2203406085e-05, 3.54616677214e-05, 3.53538853233e-05, 3.42600942531e-05, 1.96034834516e-05, 5.09680285177e-05, 4.85998825752e-05, 5.2300561947e-05, 4.25221478508e-05, 1.04594828372e-05, 8.61426542542e-06, 8.67500693857e-06, 3.2636251035e-06, 2.28144972425e-06, 1.52227846684e-06, 1.5858011011e-06, 1.42704482187e-06, 1.11650331291e-06, 1.10907728867e-06, 1.12045904643e-06, 7.91933302935e-07, 1.02730416529e-06, 9.75245143309e-07, 6.00218243108e-07, 5.18335241395e-07, 4.91004072956e-07, 4.12932990912e-07, 3.90908581949e-07, 2.98684796007e-07], "median": [0.00240038521588, 0.00277745444328, 0.000808005570434, 0.00115608214401, 0.000951352878474, 0.000329745496856, 0.000116731549497, 3.53272807843e-05, 3.42972016369e-05, 1.61736970767e-05, 2.19585126615e-05, 1.07120613393e-05, 8.69906398293e-06, 1.18594161904e-05, 1.01988716779e-05, 5.01092108607e-06, 6.45607042316e-06, 7.68631616666e-06, 7.23102948541e-06, 4.93484185426e-06, 2.46817080551e-06, 2.08714232031e-06, 1.37242511755e-06, 8.37816287458e-07, 6.79357583522e-07, 6.66861183163e-07, 6.0001195834e-07, 4.85387545268e-07, 3.8025456206e-07, 3.14576766414e-07, 1.9957724362e-07, 1.96430775645e-07, 1.69023223862e-07, 1.13084482223e-07, 8.76431442975e-08, 6.41435491389e-08, 5.75590277663e-08, 5.21559826439e-08, 4.45451817654e-08, 3.37679999518e-08], "min": [3.75621957592e-24, 2.09165640715e-24, 9.161736876e-25, 2.74342709211e-24, 3.05062254481e-24, 2.40522881419e-24, 2.44501639446e-24, 2.60518000733e-24, 5.50005301046e-24, 3.00346877863e-24, 4.11899501255e-24, 1.95070076846e-24, 3.89253986793e-24, 4.35159498919e-24, 5.37355285342e-24, 3.166086735e-24, 3.91665495138e-24, 3.54793978655e-24, 4.05369429011e-24, 5.74521086385e-24, 3.42622446534e-24, 5.02476076519e-24, 4.82351248751e-24, 6.38586413207e-24, 5.35483555072e-24, 6.7310061609e-24, 6.95323774423e-24, 5.84729972018e-24, 5.76134425266e-24, 5.33319985711e-24, 6.95963461731e-24, 6.14255339649e-24, 6.65293259711e-24, 5.58276625967e-24, 7.35497383768e-24, 6.04581656698e-24, 5.65328687472e-24, 4.43793857628e-24, 5.33758000728e-24, 6.35202239367e-24], "var": [4.02238583774e-05, 9.10552189453e-05, 7.85825886851e-06, 6.17729983787e-06, 2.76567652691e-06, 3.03431050952e-07, 1.29395687054e-07, 6.34493417806e-08, 1.55158694781e-08, 2.37273702908e-08, 1.21371606099e-08, 3.72510626789e-08, 9.55177270612e-09, 5.94771831786e-09, 3.88697074527e-09, 1.59285518109e-09, 1.97803711188e-08, 1.52200492209e-08, 1.08225943762e-08, 9.03991637102e-09, 4.39452585432e-10, 3.44596656765e-10, 9.0540991371e-10, 1.04640213161e-10, 3.02583964829e-11, 8.86184702009e-12, 1.05335124304e-11, 9.71495540264e-12, 4.50076130878e-12, 4.9575708122e-12, 7.56127018636e-12, 2.73750792e-12, 5.63932190875e-12, 1.11388190338e-11, 2.4600586325e-12, 1.43867708545e-12, 1.22892299635e-12, 1.40719597433e-12, 1.30571291626e-12, 3.72552466307e-13]}, "mfcc": {"mean": [-695.761962891, 159.892868042, 21.5345153809, 30.159160614, 20.5284576416, 17.6152133942, -1.77118015289, -3.01735162735, 0.352017700672, -0.969964981079, -4.87658596039, -3.69942808151, 1.09890627861], "cov": [[9796.26074219, 16.9567394257, -286.423400879, -82.4565429688, 243.67868042, 216.262863159, -16.8942928314, 72.6781692505, 67.0994110107, 128.918960571, -46.0088424683, -38.1035499573, 4.39916181564], [16.9567394257, 1466.85900879, -168.411026001, 191.14805603, 98.0737991333, 50.199886322, -34.1820831299, -25.943195343, 28.4658565521, 9.93476676941, 6.81466627121, -28.5240192413, 24.3480911255], [-286.423400879, -168.411026001, 464.000274658, 54.6958007812, -25.7265853882, -3.78625917435, 87.5329818726, 48.7960586548, -17.9600067139, -21.3655853271, 7.52522754669, 20.9794864655, -25.7404651642], [-82.4565429688, 191.14805603, 54.6958007812, 203.776290894, 14.4479141235, 12.8575620651, 20.7864284515, 38.8153877258, 4.43013954163, -27.2680873871, 12.0954790115, 8.53995609283, 2.45475482941], [243.67868042, 98.0737991333, -25.7265853882, 14.4479141235, 149.335464478, 46.597114563, -39.2356185913, -21.8808002472, 35.817199707, 37.8435440063, -3.42616128922, 0.0408666059375, 17.2096595764], [216.262863159, 50.199886322, -3.78625917435, 12.8575620651, 46.597114563, 111.665184021, 21.0487995148, -18.3276996613, 11.9350376129, 23.1583442688, 12.7755031586, -17.4902038574, 2.75350022316], [-16.8942928314, -34.1820831299, 87.5329818726, 20.7864284515, -39.2356185913, 21.0487995148, 176.878128052, 98.4862365723, -16.0285701752, -33.0717010498, 26.6128768921, 44.5880966187, -27.7663879395], [72.6781692505, -25.943195343, 48.7960586548, 38.8153877258, -21.8808002472, -18.3276996613, 98.4862365723, 212.299713135, 33.1307029724, -49.9184417725, 21.5755958557, 75.1425933838, 28.3563899994], [67.0994110107, 28.4658565521, -17.9600067139, 4.43013954163, 35.817199707, 11.9350376129, -16.0285701752, 33.1307029724, 110.529838562, 39.2588157654, -10.6266345978, -10.5566339493, 19.537820816], [128.918960571, 9.93476676941, -21.3655853271, -27.2680873871, 37.8435440063, 23.1583442688, -33.0717010498, -49.9184417725, 39.2588157654, 124.696136475, 17.6747074127, -39.2413368225, -7.41908407211], [-46.0088424683, 6.81466627121, 7.52522754669, 12.0954790115, -3.42616128922, 12.7755031586, 26.6128768921, 21.5755958557, -10.6266345978, 17.6747074127, 86.2780227661, 37.9761505127, -4.18333911896], [-38.1035499573, -28.5240192413, 20.9794864655, 8.53995609283, 0.0408666059375, -17.4902038574, 44.5880966187, 75.1425933838, -10.5566339493, -39.2413368225, 37.9761505127, 129.599594116, 41.9362411499], [4.39916181564, 24.3480911255, -25.7404651642, 2.45475482941, 17.2096595764, 2.75350022316, -27.7663879395, 28.3563899994, 19.537820816, -7.41908407211, -4.18333911896, 41.9362411499, 107.985122681]], "icov": [[0.000116088151117, 1.22925521282e-05, 7.32869084459e-05, 3.81659774575e-05, -0.000127239560243, -0.000230934718275, 5.91857642576e-05, -0.000194486303371, 0.000120005272038, -0.000146750448039, 0.000170736151631, -2.93593220704e-05, 8.77784259501e-05], [1.22925521282e-05, 0.000886008085217, 0.000410066713812, -0.000914791482501, -0.000454698398244, 1.3452915482e-05, -0.00021037067927, 0.000189395650523, -3.65408777725e-05, 4.26138831244e-05, -0.000115832706797, 0.000269897194812, -0.00021319964435], [7.32869084459e-05, 0.000410066713812, 0.0027002193965, -0.00102325063199, -0.000208903729799, 0.00016103683447, -0.00121232529636, -3.2183714211e-05, 0.000321534636896, -0.000344757456332, 0.000427356746513, -9.01810417417e-05, 0.000267094379524], [3.81659774575e-05, -0.000914791482501, -0.00102325063199, 0.00658461311832, -0.000586376700085, -0.000540957087651, 0.0004290867073, -0.00111557450145, -0.000271911820164, 0.00177875370719, -0.0012920339359, 0.000823137932457, 0.000123319332488], [-0.000127239560243, -0.000454698398244, -0.000208903729799, -0.000586376700085, 0.0103604812175, -0.00449034804478, 0.00297177024186, 9.68343447312e-05, -0.00178100261837, -0.00223162141629, 0.0019947187975, -0.00343422265723, 0.000853168370668], [-0.000230934718275, 1.3452915482e-05, 0.00016103683447, -0.000540957087651, -0.00449034804478, 0.0140034947544, -0.00540456874296, 0.00310456682928, -0.00123440066818, 0.000754912442062, -0.00372803979553, 0.00417733890936, -0.00328081077896], [5.91857642576e-05, -0.00021037067927, -0.00121232529636, 0.0004290867073, 0.00297177024186, -0.00540456874296, 0.012209661305, -0.00566590763628, 0.00196736562066, -0.000564934045542, 0.000731738924515, -0.00333968689665, 0.00496836518869], [-0.000194486303371, 0.000189395650523, -3.2183714211e-05, -0.00111557450145, 9.68343447312e-05, 0.00310456682928, -0.00566590763628, 0.0107513582334, -0.00543406419456, 0.00342713482678, -0.00207336759195, -0.00176912092138, -0.00256646052003], [0.000120005272038, -3.65408777725e-05, 0.000321534636896, -0.000271911820164, -0.00178100261837, -0.00123440066818, 0.00196736562066, -0.00543406419456, 0.0142852254212, -0.00570876989514, 0.00336440536194, 0.00104748958256, -0.000918989477213], [-0.000146750448039, 4.26138831244e-05, -0.000344757456332, 0.00177875370719, -0.00223162141629, 0.000754912442062, -0.000564934045542, 0.00342713482678, -0.00570876989514, 0.0143231330439, -0.00675495481119, 0.00430978043005, -0.000753492407966], [0.000170736151631, -0.000115832706797, 0.000427356746513, -0.0012920339359, 0.0019947187975, -0.00372803979553, 0.000731738924515, -0.00207336759195, 0.00336440536194, -0.00675495481119, 0.018073733896, -0.00763218244538, 0.00325150112621], [-2.93593220704e-05, 0.000269897194812, -9.01810417417e-05, 0.000823137932457, -0.00343422265723, 0.00417733890936, -0.00333968689665, -0.00176912092138, 0.00104748958256, 0.00430978043005, -0.00763218244538, 0.0162087809294, -0.00653705140576], [8.77784259501e-05, -0.00021319964435, 0.000267094379524, 0.000123319332488, 0.000853168370668, -0.00328081077896, 0.00496836518869, -0.00256646052003, -0.000918989477213, -0.000753492407966, 0.00325150112621, -0.00653705140576, 0.014044190757]]}, "spectral_contrast_coeffs": {"dmean": [0.0526820980012, 0.0445393323898, 0.037089433521, 0.0325347669423, 0.0221681203693, 0.0187000408769], "dmean2": [0.0866292864084, 0.0709108486772, 0.0578122846782, 0.0521307885647, 0.0361239872873, 0.0293170660734], "dvar": [0.00191333971452, 0.00144234241452, 0.000943097053096, 0.000844284135383, 0.000388919026591, 0.000295260542771], "dvar2": [0.00513822492212, 0.00361391040497, 0.00218026619405, 0.00204501021653, 0.00100300437771, 0.000699099560734], "max": [-0.304587066174, -0.402054220438, -0.54987436533, -0.494486629963, -0.624726593494, -0.65653526783], "mean": [-0.632299542427, -0.679654121399, -0.772519111633, -0.753598809242, -0.802095770836, -0.788888275623], "median": [-0.636989712715, -0.679112195969, -0.774483263493, -0.765912234783, -0.805572986603, -0.78690880537], "min": [-0.983572661877, -0.97100353241, -0.968248188496, -0.968484580517, -0.965476453304, -0.963389992714], "var": [0.00650312379003, 0.00507552176714, 0.00372845702805, 0.00670345919207, 0.00191085902043, 0.0013210902689]}, "spectral_contrast_valleys": {"dmean": [0.422669887543, 0.393739521503, 0.43409255147, 0.377505689859, 0.360417872667, 0.494516938925], "dmean2": [0.692263960838, 0.617971599102, 0.679723858833, 0.565463125706, 0.506358027458, 0.613012909889], "dvar": [0.152928680182, 0.149372592568, 0.203445062041, 0.166044890881, 0.162216857076, 0.261327058077], "dvar2": [0.354957610369, 0.33027946949, 0.43858140707, 0.307870149612, 0.30949023366, 0.471598744392], "max": [-4.5166411