{"lowlevel": {"average_loudness": 0.910207390785, "barkbands_crest": {"dmean": 1.57023143768, "dmean2": 2.48090696335, "dvar": 3.15885972977, "dvar2": 8.71166801453, "max": 25.9887199402, "mean": 13.1469841003, "median": 12.4038848877, "min": 4.5242190361, "var": 18.0890712738}, "barkbands_flatness_db": {"dmean": 0.015554882586, "dmean2": 0.0256010517478, "dvar": 0.000274645484751, "dvar2": 0.000756563735195, "max": 0.497841954231, "mean": 0.402777463198, "median": 0.411752045155, "min": 0.0448712185025, "var": 0.0031389312353}, "barkbands_kurtosis": {"dmean": 1.96926832199, "dmean2": 3.27549576759, "dvar": 17.595867157, "dvar2": 53.0400505066, "max": 155.132797241, "mean": 6.50394153595, "median": 4.05616378784, "min": -1.84825444221, "var": 79.0490188599}, "barkbands_skewness": {"dmean": 0.302093446255, "dmean2": 0.493200808764, "dvar": 0.136258378625, "dvar2": 0.384294360876, "max": 9.22689628601, "mean": 1.49164271355, "median": 1.32283639908, "min": -2.48099470139, "var": 1.0374866724}, "barkbands_spread": {"dmean": 0.612946271896, "dmean2": 0.917559981346, "dvar": 3.79221367836, "dvar2": 5.17238759995, "max": 96.4700164795, "mean": 3.97694778442, "median": 2.91443777084, "min": 0.471361339092, "var": 54.3382110596}, "dissonance": {"dmean": 0.0372866094112, "dmean2": 0.0632435977459, "dvar": 0.00125485681929, "dvar2": 0.00337586039677, "max": 0.498512417078, "mean": 0.361108243465, "median": 0.361016660929, "min": 0.159895718098, "var": 0.00374113349244}, "dynamic_complexity": 5.88272619247, "erbbands_crest": {"dmean": 1.61660051346, "dmean2": 2.56356167793, "dvar": 2.54139518738, "dvar2": 6.30623817444, "max": 29.390455246, "mean": 13.9926300049, "median": 13.7337551117, "min": 2.82286667824, "var": 17.794418335}, "erbbands_flatness_db": {"dmean": 0.0119626289234, "dmean2": 0.0199983064085, "dvar": 0.000166065030498, "dvar2": 0.000435072841356, "max": 0.487245380878, "mean": 0.397280693054, "median": 0.411499977112, "min": 0.0470710061491, "var": 0.00473633455113}, "erbbands_kurtosis": {"dmean": 0.886290967464, "dmean2": 1.45783674717, "dvar": 2.00242757797, "dvar2": 5.49398756027, "max": 40.5937690735, "mean": 2.74074625969, "median": 1.7820982933, "min": -1.70455694199, "var": 14.6751899719}, "erbbands_skewness": {"dmean": 0.209472462535, "dmean2": 0.332574725151, "dvar": 0.0612305551767, "dvar2": 0.180499210954, "max": 5.86965894699, "mean": 1.24898481369, "median": 1.11720192432, "min": -1.0872220993, "var": 0.474468618631}, "erbbands_spread": {"dmean": 1.38240432739, "dmean2": 2.23042273521, "dvar": 6.52572488785, "dvar2": 14.1156797409, "max": 129.374008179, "mean": 10.9069681168, "median": 8.34150981903, "min": 2.26155686378, "var": 149.891998291}, "hfc": {"dmean": 1.59072363377, "dmean2": 2.14841246605, "dvar": 7.23390483856, "dvar2": 11.1185293198, "max": 71.9926986694, "mean": 9.95582580566, "median": 8.97099781036, "min": 1.14267391563e-16, "var": 66.3682785034}, "melbands_crest": {"dmean": 1.79998576641, "dmean2": 2.68164968491, "dvar": 2.98055648804, "dvar2": 6.77792739868, "max": 28.2870635986, "mean": 15.7392339706, "median": 15.3983078003, "min": 1.8287781477, "var": 15.4074430466}, "melbands_flatness_db": {"dmean": 0.0174123942852, "dmean2": 0.0288915894926, "dvar": 0.000369143410353, "dvar2": 0.000943089951761, "max": 0.620032250881, "mean": 0.52732783556, "median": 0.541379749775, "min": 0.00331807392649, "var": 0.00499118119478}, "melbands_kurtosis": {"dmean": 2.99013328552, "dmean2": 4.64993047714, "dvar": 85.8233718872, "dvar2": 175.943450928, "max": 357.806793213, "mean": 9.89563846588, "median": 5.07988643646, "min": -1.20767807961, "var": 560.065734863}, "melbands_skewness": {"dmean": 0.33724835515, "dmean2": 0.530897200108, "dvar": 0.218358963728, "dvar2": 0.479701519012, "max": 16.417930603, "mean": 1.77632713318, "median": 1.57176244259, "min": -0.43565505743, "var": 1.99115538597}, "melbands_spread": {"dmean": 0.896599173546, "dmean2": 1.36809837818, "dvar": 14.9447107315, "dvar2": 26.6261692047, "max": 158.98324585, "mean": 5.18765926361, "median": 4.04323911667, "min": 0.853671431541, "var": 98.4858474731}, "pitch_salience": {"dmean": 0.0393845066428, "dmean2": 0.0619631111622, "dvar": 0.00199352065101, "dvar2": 0.00498487288132, "max": 0.908739805222, "mean": 0.504159152508, "median": 0.511568009853, "min": 0.11203533411, "var": 0.0122048072517}, "silence_rate_20dB": {"dmean": 0, "dmean2": 0, "dvar": 0, "dvar2": 0, "max": 1, "mean": 1, "median": 1, "min": 1, "var": 0}, "silence_rate_30dB": {"dmean": 0.00223964173347, "dmean2": 0.00448179291561, "dvar": 0.00223462143913, "dvar2": 0.00558212725446, "max": 1, "mean": 0.997202038765, "median": 1, "min": 0, "var": 0.00279009970836}, "silence_rate_60dB": {"dmean": 0.00223964173347, "dmean2": 0.00448179291561, "dvar": 0.00223461654969, "dvar2": 0.004461647477, "max": 1, "mean": 0.170677110553, "median": 0, "min": 0, "var": 0.141545653343}, "spectral_centroid": {"dmean": 28.1032524109, "dmean2": 40.3159446716, "dvar": 40186.3164062, "dvar2": 51752.5507812, "max": 11015.0732422, "mean": 412.83807373, "median": 379.825927734, "min": 189.160476685, "var": 155612.546875}, "spectral_complexity": {"dmean": 0.874580085278, "dmean2": 1.47114849091, "dvar": 1.01675057411, "dvar2": 2.23572587967, "max": 18, "mean": 8.91997718811, "median": 10, "min": 0, "var": 13.9829673767}, "spectral_decrease": {"dmean": 1.13397935486e-09, "dmean2": 1.59603330552e-09, "dvar": 2.52370488784e-18, "dvar2": 4.69334628142e-18, "max": -9.27165169488e-30, "mean": -6.64526877969e-09, "median": -6.27852037027e-09, "min": -3.56389762146e-08, "var": 2.39863766077e-17}, "spectral_energy": {"dmean": 0.00442053377628, "dmean2": 0.00621373485774, "dvar": 3.8751437387e-05, "dvar2": 7.15058558853e-05, "max": 0.140728190541, "mean": 0.0259837545455, "median": 0.0245356522501, "min": 1.03993800923e-20, "var": 0.000368362350855}, "spectral_energyband_high": {"dmean": 2.80151031262e-08, "dmean2": 4.27037285533e-08, "dvar": 8.81436969176e-15, "dvar2": 2.04935437245e-14, "max": 1.79042899617e-06, "mean": 7.09313852099e-08, "median": 3.48930377925e-08, "min": 7.58388185378e-21, "var": 1.28286714341e-14}, "spectral_energyband_low": {"dmean": 0.000554676167667, "dmean2": 0.000870464020409, "dvar": 1.87915441074e-06, "dvar2": 4.1030129978e-06, "max": 0.0352554805577, "mean": 0.00277187419124, "median": 0.000725386664271, "min": 5.62962507075e-23, "var": 2.43492522713e-05}, "spectral_energyband_middle_high": {"dmean": 0.000240955123445, "dmean2": 0.000310605682898, "dvar": 4.05102952072e-07, "dvar2": 7.13386555162e-07, "max": 0.0193964838982, "mean": 0.00110241724178, "median": 0.000741124385968, "min": 1.53932081888e-21, "var": 1.83936833764e-06}, "spectral_energyband_middle_low": {"dmean": 0.00421356130391, "dmean2": 0.00595087651163, "dvar": 3.39373400493e-05, "dvar2": 6.50151268928e-05, "max": 0.128326907754, "mean": 0.0231822244823, "median": 0.0216717664152, "min": 2.7700894863e-22, "var": 0.000298620609101}, "spectral_entropy": {"dmean": 0.117964699864, "dmean2": 0.188801839948, "dvar": 0.0251045431942, "dvar2": 0.0616639740765, "max": 9.80914115906, "mean": 5.25951385498, "median": 5.15434169769, "min": 4.19620752335, "var": 0.330323696136}, "spectral_flux": {"dmean": 0.0134074436501, "dmean2": 0.0219873357564, "dvar": 0.000361251004506, "dvar2": 0.000873827491887, "max": 0.238459795713, "mean": 0.0321632511914, "median": 0.0270386058837, "min": 1.01977350175e-10, "var": 0.000676414405461}, "spectral_kurtosis": {"dmean": 37.4199714661, "dmean2": 65.0431442261, "dvar": 1323.24121094, "dvar2": 3734.56689453, "max": 365.646728516, "mean": 176.775512695, "median": 181.568069458, "min": -1.23347377777, "var": 5650.19140625}, "spectral_rms": {"dmean": 0.000404297345085, "dmean2": 0.000576856022235, "dvar": 2.60930448803e-07, "dvar2": 5.43000794551e-07, "max": 0.0117173288018, "mean": 0.00451943557709, "median": 0.00489256810397, "min": 3.18523723022e-12, "var": 4.92477283842e-06}, "spectral_rolloff": {"dmean": 58.703666687, "dmean2": 100.560348511, "dvar": 234357.234375, "dvar2": 452747.84375, "max": 18884.6191406, "mean": 658.937438965, "median": 452.197265625, "min": 86.1328125, "var": 2848789.75}, "spectral_skewness": {"dmean": 1.54516613483, "dmean2": 2.75742220879, "dvar": 2.61304879189, "dvar2": 7.24905633926, "max": 15.3779907227, "mean": 9.93890190125, "median": 10.4940185547, "min": 0.0286768637598, "var": 8.42877674103}, "spectral_spread": {"dmean": 316874.4375, "dmean2": 551705, "dvar": 629215264768, "dvar2": 727624056832, "max": 41534184, "mean": 1176134.875, "median": 699163.75, "min": 233784.46875, "var": 4301712261120.0}, "spectral_strongpeak": {"dmean": 0.274751573801, "dmean2": 0.459563553333, "dvar": 0.181863203645, "dvar2": 0.351123481989, "max": 6.03790807724, "mean": 1.2091063261, "median": 1.01667714119, "min": 0, "var": 0.890625}, "zerocrossingrate": {"dmean": 0.0024121531751, "dmean2": 0.00311515224166, "dvar": 0.000155411791638, "dvar2": 0.000262251181994, "max": 0.51318359375, "mean": 0.0234913285822, "median": 0.01806640625, "min": 0.00390625, "var": 0.00177889573388}, "barkbands": {"dmean": [2.88359046863e-07, 8.92948301043e-05, 0.000396587391151, 0.00020573924121, 0.00136634660885, 0.00261025084183, 0.000549278454855, 0.000748091668356, 0.000139041556395, 5.55355800316e-05, 9.33249830268e-05, 5.77239225095e-05, 4.37211965618e-05, 5.0326139899e-05, 1.9539045752e-05, 3.22987489199e-06, 1.62117203217e-06, 2.21689944624e-07, 4.34854889875e-08, 3.17010879769e-08, 1.40369307289e-08, 1.6758041621e-09, 1.41604650228e-09, 1.35705580107e-09, 1.38521494275e-09, 1.44799028323e-09, 1.64960500815e-09], "dmean2": [4.99055204273e-07, 0.000123902384075, 0.000669176923111, 0.000305510999169, 0.00180323678069, 0.00409358087927, 0.000710872351192, 0.000820969813503, 0.00016793445684, 7.67606543377e-05, 0.00013151539315, 6.78633659845e-05, 5.21837428096e-05, 7.78985777288e-05, 2.86019294435e-05, 4.81355436932e-06, 2.51543929153e-06, 2.83067208784e-07, 5.54813510689e-08, 4.61438673938e-08, 1.84928889979e-08, 3.01487124155e-09, 2.56879029159e-09, 2.46856712849e-09, 2.49149612053e-09, 2.61896992981e-09, 2.94301782944e-09], "dvar": [1.7879747433e-13, 1.02537619284e-07, 7.98187159035e-07, 2.44425280016e-07, 4.01437773689e-06, 1.62070136867e-05, 3.86957708542e-06, 6.07505262451e-06, 1.04104849186e-07, 2.11364508118e-08, 4.05108409041e-08, 3.8002411884e-08, 1.90779676501e-08, 3.20396580378e-08, 9.3664604961e-09, 7.90411736062e-10, 2.12221726303e-10, 1.3787275141e-11, 1.751563338e-14, 2.10857518918e-14, 2.95984694341e-15, 5.63346682609e-18, 3.51262247121e-18, 3.14924306209e-18, 2.9191586388e-18, 2.89906063146e-18, 3.37476847943e-18], "dvar2": [4.89552300607e-13, 1.65416807363e-07, 2.18426157517e-06, 4.9726349971e-07, 7.30188367015e-06, 4.51002306363e-05, 3.56571035809e-06, 6.98298526913e-06, 1.56286702691e-07, 4.09628988507e-08, 8.14144982542e-08, 6.10573351878e-08, 2.74996629912e-08, 7.81209195111e-08, 2.21734364203e-08, 1.56904766957e-09, 5.70885116957e-10, 2.45683265399e-11, 2.86855093715e-14, 5.24067144932e-14, 6.07468185793e-15, 1.6684831834e-17, 1.16090778874e-17, 1.01908155158e-17, 9.55837803488e-18, 9.3591234602e-18, 1.08593370966e-17], "max": [5.4218362493e-06, 0.00721431523561, 0.017361799255, 0.0134199103341, 0.0331372022629, 0.0626996308565, 0.111816227436, 0.0698834136128, 0.0060329567641, 0.00280588492751, 0.00434813229367, 0.00702829286456, 0.00330664566718, 0.00636517209932, 0.00174398766831, 0.00111597031355, 0.000519142835401, 0.000156296577188, 2.30978071158e-06, 2.60798856289e-06, 9.60362285696e-07, 4.07492493082e-08, 2.19725357908e-08, 2.2034109648e-08, 2.16949231913e-08, 2.26403624737e-08, 2.49476546088e-08], "mean": [3.43860278917e-07, 0.00017352848954, 0.00153667537961, 0.00117009016685, 0.00567217962816, 0.00869394280016, 0.00257958960719, 0.00441717868671, 0.000629155896604, 0.000207243094337, 0.00025852091494, 0.000217996101128, 0.000204426032724, 0.000155091998749, 5.19664245076e-05, 1.04774708234e-05, 4.24803738497e-06, 9.05975582555e-07, 1.48545524326e-07, 5.29083408196e-08, 2.60008814479e-08, 3.00124303187e-09, 2.83515300126e-09, 3.35192940071e-09, 4.3839638586e-09, 5.83793280384e-09, 7.25039139837e-09], "median": [1.74414026333e-07, 4.15195900132e-05, 0.000402213016059, 0.000256393512245, 0.00328618614003, 0.00619759829715, 0.000896423996892, 0.000969331653323, 0.000239842178416, 0.000109739390609, 0.000136747796205, 7.33435444999e-05, 8.18759363028e-05, 7.39371098462e-05, 7.50046865505e-06, 2.49938057095e-06, 1.93594843267e-07, 4.21907770942e-08, 3.26149205421e-08, 1.50320307313e-08, 3.81914455616e-09, 2.16689932664e-09, 2.28682939252e-09, 2.89698864897e-09, 3.97854060807e-09, 5.49859136001e-09, 6.91650603457e-09], "min": [1.04499402261e-23, 1.60561182997e-23, 2.00647670544e-23, 1.11681049947e-23, 3.87925379368e-23, 5.59791854216e-23, 2.72499504152e-23, 8.44937051114e-23, 5.50921271109e-23, 3.93027132169e-23, 5.80901330278e-23, 9.82250156136e-23, 1.90872002077e-22, 6.21988866536e-23, 1.08743529152e-22, 1.40247730698e-22, 2.16680829836e-22, 1.68718250882e-22, 2.88559740306e-22, 4.22975529616e-22, 3.66823249179e-22, 5.22091118705e-22, 5.24045524753e-22, 1.10925132189e-21, 1.07294069813e-21, 1.76195508731e-21, 2.19946193967e-21], "var": [2.77451970903e-13, 2.92692959647e-07, 7.72371549829e-06, 4.58850718132e-06, 3.88620792364e-05, 7.10856256774e-05, 4.2601761379e-05, 5.66006092413e-05, 8.94011066066e-07, 8.75488765928e-08, 1.56346644076e-07, 2.04577190743e-07, 1.28842088998e-07, 8.0088554455e-08, 1.86363866561e-08, 1.73107528312e-09, 3.17428472396e-10, 8.26559515277e-11, 8.71444978895e-14, 2.30427876351e-14, 4.92676459661e-15, 6.78274205659e-18, 3.04454598478e-18, 2.78379032476e-18, 2.66391841232e-18, 2.69778918366e-18, 3.31327587269e-18]}, "erbbands": {"dmean": [0.00135977554601, 0.0266279224306, 0.294862687588, 0.720652163029, 1.57481575012, 3.99506998062, 22.8523826599, 14.9949922562, 9.86820697784, 6.08099746704, 14.6125679016, 2.89814686775, 1.25041306019, 2.55895113945, 2.76617908478, 1.80614578724, 2.34363865852, 1.44673991203, 1.93591570854, 0.922346115112, 0.146447733045, 0.0724333673716, 0.0133860874921, 0.00596126029268, 0.00234568445012, 0.00144644489046, 0.000934722833335, 0.000177725451067, 6.42209488433e-05, 4.90084930789e-05, 3.97837320634e-05, 3.03489596263e-05, 2.25874973694e-05, 1.63497497851e-05, 1.09252659968e-05, 6.5285717028e-06, 3.27544967149e-06, 1.10377879992e-06, 2.0851989575e-06, 4.90560387334e-06], "dmean2": [0.00178901164327, 0.0376030132174, 0.495581120253, 1.09360194206, 2.32426738739, 5.70868682861, 32.8754844666, 25.3253650665, 12.7843742371, 6.94895124435, 16.5232410431, 3.59975028038, 1.63418912888, 3.67024874687, 3.81904625893, 2.11712670326, 2.71219372749, 2.29709291458, 2.8973608017, 1.33789002895, 0.210921928287, 0.114441245794, 0.0175636019558, 0.00736997183412, 0.00304685835727, 0.00212213257328, 0.00124793977011, 0.000257204606896, 0.000113610076369, 8.85007757461e-05, 7.16019931133e-05, 5.49153337488e-05, 4.02174919145e-05, 2.89365107164e-05, 1.90770515474e-05, 1.11507115435e-05, 5.55669475943e-06, 1.93575510821e-06, 2.92685263048e-06, 6.88304771757e-06], "dvar": [2.65612234216e-05, 0.0081621017307, 0.431142538786, 3.45512962341, 12.5736083984, 35.9045028687, 994.136352539, 631.428894043, 1261.8137207, 311.96206665, 2118.43457031, 38.0153541565, 14.6070737839, 23.0534152985, 31.8998527527, 46.1256752014, 58.5763320923, 9.48452377319, 71.6803131104, 15.4740848541, 0.758874058723, 1.01975047588, 0.0520094633102, 0.00580581231043, 6.30664508208e-05, 4.13968446082e-05, 1.88299782167e-05, 1.81825967616e-07, 1.05772235415e-08, 4.35252545117e-09, 2.72085576292e-09, 1.54836676813e-09, 8.13327794003e-10, 3.85155379812e-10, 1.54596987989e-10, 5.21491565209e-11, 1.31993782224e-11, 1.37914224312e-12, 8.43604613249e-12, 4.82763239107e-11], "dvar2": [3.44825130014e-05, 0.013583467342, 1.10661864281, 7.28447246552, 28.5845756531, 72.0373916626, 2141.1940918, 1865.97888184, 1166.30554199, 399.86807251, 2520.46850586, 69.7265701294, 27.677022934, 48.423324585, 58.1877555847, 78.1411972046, 87.1187438965, 22.80119133, 178.879867554, 36.2604866028, 1.48250627518, 2.76648497581, 0.108409106731, 0.0111332312226, 0.000106930543552, 0.000104055361589, 4.17886694777e-05, 3.1065005146e-07, 2.75007092654e-08, 1.39377700492e-08, 8.94986929012e-09, 4.98317342945e-09, 2.59988364171e-09, 1.22521759405e-09, 4.75769368347e-10, 1.53497700661e-10, 3.70738578725e-11, 4.25917244182e-12, 1.50042755998e-11, 8.82171349859e-11], "max": [0.13286921382, 2.02736139297, 12.4540147781, 51.7947273254, 47.2549362183, 87.7458114624, 528.182067871, 406.556030273, 2016.82141113, 460.831390381, 1324.73291016, 94.7126922607, 68.6844787598, 80.3826217651, 135.352218628, 259.609619141, 169.92590332, 87.4808578491, 299.481231689, 68.2132339478, 34.7040901184, 37.3086853027, 9.63991928101, 3.21577501297, 0.123311549425, 0.113258458674, 0.0809160321951, 0.00575079815462, 0.00265312637202, 0.000842264620587, 0.000662406266201, 0.00051300477935, 0.000413146335632, 0.000310889852699, 0.000228555581998, 0.000150263484102, 8.17438340164e-05, 2.1681713406e-05, 7.04864723957e-05, 0.000158762210049], "mean": [0.00290020694956, 0.0623605437577, 1.03196620941, 4.45228004456, 4.18153810501, 16.9513549805, 76.8288650513, 58.629737854, 47.2681083679, 36.1073913574, 88.3870773315, 13.2507171631, 4.75456619263, 8.83435249329, 9.14074707031, 7.35959529877, 10.7651386261, 5.0272898674, 6.12196159363, 2.57799720764, 0.674424648285, 0.174619793892, 0.0493308454752, 0.0227452963591, 0.00816078204662, 0.00256178365089, 0.00161272287369, 0.000424388301326, 0.000132577464683, 0.000104134967842, 9.34086783673e-05, 8.32122896099e-05, 7.1790695074e-05, 6.03551743552e-05, 4.7700585128e-05, 3.33162242896e-05, 1.85768039955e-05, 5.60699936614e-06, 1.32563154693e-05, 2.90302778012e-05], "median": [0.000883877277374, 0.0190711151809, 0.320769011974, 0.973880290985, 1.54006206989, 10.3173856735, 66.3526992798, 29.6866416931, 19.0637512207, 17.0648288727, 30.7519264221, 8.22793388367, 2.30043125153, 6.82821798325, 5.01235103607, 3.45642662048, 4.60694026947, 3.57218647003, 2.18675327301, 0.737825870514, 0.247333407402, 0.0309532452375, 0.00438306527212, 0.0024282541126, 0.00204671849497, 0.000748352496885, 0.00024189663236, 0.00013547729759, 9.49471796048e-05, 8.39798522065e-05, 7.8492317698e-05, 7.2758339229e-05, 6.5620370151e-05, 5.63018511457e-05, 4.51928681287e-05, 3.20873805322e-05, 1.79464477696e-05, 5.3721655604e-06, 1.25521173686e-05, 2.73768164334e-05], "min": [6.3763356863e-22, 3.2690127321e-21, 2.18173862569e-20, 3.82803096242e-20, 6.67908988934e-20, 1.79918051708e-19, 3.08400281019e-19, 4.21413160125e-19, 2.46138732354e-19, 6.40409640888e-19, 2.17778726145e-18, 1.07185970717e-18, 1.22354839809e-18, 1.45893980539e-18, 3.72799466012e-18, 4.67185612911e-18, 7.31959220031e-18, 4.46627486352e-18, 5.28549055395e-18, 5.80769587851e-18, 9.1772479502e-18, 1.05559934224e-17, 1.00334129714e-17, 1.37854388827e-17, 1.28549591281e-17, 1.98983077454e-17, 1.21005422853e-17, 2.08997058298e-17, 2.02861297212e-17, 1.33359150234e-17, 1.58034493846e-17, 2.21386552969e-17, 1.93145878938e-17, 1.06936337948e-17, 8.75000750945e-18, 5.65505003622e-18, 3.68861217756e-18, 1.20815467029e-18, 2.78368403205e-19, 3.42164682099e-20], "var": [8.19893175503e-05, 0.0256520584226, 3.21271324158, 68.1442108154, 41.0876541138, 301.445404053, 4395.27929688, 4278.37792969, 13844.375, 2719.20727539, 19267.7910156, 223.014709473, 57.0667304993, 79.411239624, 157.390914917, 229.727966309, 375.530548096, 31.2026958466, 160.856674194, 31.9218387604, 2.2340862751, 1.18716239929, 0.221387535334, 0.0312567315996, 0.00027489362401, 4.75519227621e-05, 2.5628181902e-05, 6.55256712889e-07, 1.71092295886e-08, 4.69635974554e-09, 2.8156408316e-09, 1.73479719479e-09, 1.08979214541e-09, 6.19776785449e-10, 3.40450695413e-10, 1.63364391459e-10, 5.26840966686e-11, 2.90752469843e-12, 8.27093324385e-11, 4.59492083271e-10]}, "gfcc": {"mean": [-236.208404541, 239.140792847, -76.8461990356, -70.9769287109, -31.9763717651, -18.0135173798, -46.5775299072, -28.8776931763, -15.8306770325, -4.47103881836, -7.06545734406, -14.5176172256, -1.77398264408], "cov": [[12714.8037109, 5777.69921875, -3599.68823242, -3125.6472168, 1011.00665283, -853.745727539, -567.523193359, -527.462219238, 757.715209961, 241.692611694, 356.678863525, -702.636108398, 229.814880371], [5777.69921875, 3246.34814453, -1118.84448242, -1552.51513672, 291.618835449, -291.119018555, -202.623214722, -242.53338623, 351.6065979, 67.0922393799, 150.459289551, -327.713653564, 46.6992378235], [-3599.68823242, -1118.84448242, 1818.48254395, 1018.72906494, -492.187469482, 380.775848389, 270.138977051, 154.572189331, -276.657592773, -135.45350647, -128.651672363, 218.798675537, -142.430175781], [-3125.6472168, -1552.51513672, 1018.72906494, 1178.78649902, -131.898803711, 229.834823608, 226.761123657, 179.775848389, -240.612426758, -55.2675209045, -134.840423584, 177.262908936, -9.90040302277], [1011.00665283, 291.618835449, -492.187469482, -131.898803711, 312.481658936, -68.8122329712, -78.7702026367, -29.3065471649, 93.6960067749, 25.1038722992, 15.8362064362, -60.069683075, 65.6095733643], [-853.745727539, -291.119018555, 380.775848389, 229.834823608, -68.8122329712, 157.184616089, 67.1797790527, 18.057264328, -41.7160186768, -11.6139945984, -39.9008560181, 54.2731895447, -23.5203075409], [-567.523193359, -202.623214722, 270.138977051, 226.761123657, -78.7702026367, 67.1797790527, 128.347595215, 57.4945602417, -61.0283317566, 12.378276825, -20.0264434814, 12.0095462799, -14.810760498], [-527.462219238, -242.53338623, 154.572189331, 179.775848389, -29.3065471649, 18.057264328, 57.4945602417, 95.7850799561, -22.162858963, -21.2965183258, -22.5216636658, 8.11755561829, -20.2011909485], [757.715209961, 351.6065979, -276.657592773, -240.612426758, 93.6960067749, -41.7160186768, -61.0283317566, -22.162858963, 108.625175476, 36.4449729919, 20.6783695221, -50.24741745, 23.5924110413], [241.692611694, 67.0922393799, -135.45350647, -55.2675209045, 25.1038722992, -11.6139945984, 12.378276825, -21.2965183258, 36.4449729919, 89.4313735962, 39.1297187805, -18.5577411652, 25.5164604187], [356.678863525, 150.459289551, -128.651672363, -134.840423584, 15.8362064362, -39.9008560181, -20.0264434814, -22.5216636658, 20.6783695221, 39.1297187805, 95.5259399414, 25.5359573364, -15.5045146942], [-702.636108398, -327.713653564, 218.798675537, 177.262908936, -60.069683075, 54.2731895447, 12.0095462799, 8.11755561829, -50.24741745, -18.5577411652, 25.5359573364, 132.606048584, 4.08226728439], [229.814880371, 46.6992378235, -142.430175781, -9.90040302277, 65.6095733643, -23.5203075409, -14.810760498, -20.2011909485, 23.5924110413, 25.5164604187, -15.5045146942, 4.08226728439, 88.9433364868]], "icov": [[0.00269808364101, -0.00487644365057, 0.00536135304719, -0.00523228896782, 0.00350132118911, -0.00154444924556, 0.000752579362597, 0.0035917670466, -0.00271455082111, 0.00469354214147, -0.00490083731711, 0.00289746979252, -7.18651208444e-05], [-0.00487644365057, 0.0110946893692, -0.0124284289777, 0.0136118158698, -0.0101870791987, 0.00699615525082, -0.00674041546881, -0.00333851785399, 0.00232853763737, -0.0074042212218, 0.00927321705967, -0.00468753511086, -0.000790389371105], [0.00536135304719, -0.0124284289777, 0.0195473451167, -0.0213407147676, 0.019745932892, -0.0149875385687, 0.00581179559231, 0.00827717687935, -0.0103115513921, 0.0203475430608, -0.0197764709592, 0.0107970321551, -0.00112703221384], [-0.00523228896782, 0.0136118158698, -0.0213407147676, 0.0313434936106, -0.027082119137, 0.0159306190908, -0.00820403546095, -0.0163499284536, 0.0231067221612, -0.0313697941601, 0.0330545082688, -0.0199495144188, 0.00434577139094], [0.00350132118911, -0.0101870791987, 0.019745932892, -0.027082119137, 0.0316837392747, -0.0202931184322, 0.00979611463845, 0.0103938998654, -0.0205728188157, 0.0315247215331, -0.0337868928909, 0.0215730089694, -0.0103052929044], [-0.00154444924556, 0.00699615525082, -0.0149875385687, 0.0159306190908, -0.0202931184322, 0.038272652775, -0.0222497694194, 0.0104275168851, -0.00662444997579, -0.0176906380802, 0.0313311852515, -0.0224263388664, 0.0151669383049], [0.000752579362597, -0.00674041546881, 0.00581179559231, -0.00820403546095, 0.00979611463845, -0.0222497694194, 0.0455321632326, -0.0279258657247, 0.0291434265673, -0.0165790487081, -0.00720095075667, 0.0101492600515, -0.0065777185373], [0.0035917670466, -0.00333851785399, 0.00827717687935, -0.0163499284536, 0.0103938998654, 0.0104275168851, -0.0279258657247, 0.0501682721078, -0.0440078191459, 0.0377771034837, -0.0200207810849, 0.0112658590078, 0.00257015437819], [-0.00271455082111, 0.00232853763737, -0.0103115513921, 0.0231067221612, -0.0205728188157, -0.00662444997579, 0.0291434265673, -0.0440078191459, 0.0720476806164, -0.0525825321674, 0.0320103280246, -0.0153528060764, 0.00239145639353], [0.00469354214147, -0.0074042212218, 0.0203475430608, -0.0313697941601, 0.0315247215331, -0.0176906380802, -0.0165790487081, 0.0377771034837, -0.0525825321674, 0.0816861391068, -0.0668395683169, 0.040767326951, -0.0242704302073], [-0.00490083731711, 0.00927321705967, -0.0197764709592, 0.0330545082688, -0.0337868928909, 0.0313311852515, -0.00720095075667, -0.0200207810849, 0.0320103280246, -0.0668395683169, 0.0879127904773, -0.0561141446233, 0.0358510687947], [0.00289746979252, -0.00468753511086, 0.0107970321551, -0.0199495144188, 0.0215730089694, -0.0224263388664, 0.0101492600515, 0.0112658590078, -0.0153528060764, 0.040767326951, -0.0561141446233, 0.0490356832743, -0.0272067412734], [-7.18651208444e-05, -0.000790389371105, -0.00112703221384, 0.00434577139094, -0.0103052929044, 0.0151669383049, -0.0065777185373, 0.00257015437819, 0.00239145639353, -0.0242704302073, 0.0358510687947, -0.0272067412734, 0.0354504100978]]}, "melbands": {"dmean": [1.89252878044e-05, 0.000116549694212, 0.000118442156236, 0.000196213251911, 0.000642252038233, 0.00037181188236, 0.000129455554998, 0.000102424171928, 0.000104065147752, 1.42261178553e-05, 6.55559506413e-06, 1.03224647319e-05, 1.19201495181e-05, 5.8439914028e-06, 6.83728421791e-06, 3.26164763464e-06, 3.17047647513e-06, 3.82209736927e-06, 2.08127221413e-06, 3.85355122035e-07, 1.50223883111e-07, 8.89204585519e-08, 1.59147717227e-08, 1.59898672081e-08, 3.1718292437e-09, 2.22291385299e-09, 1.36994693367e-09, 8.47513836888e-10, 6.23783191767e-10, 3.21072390896e-10, 5.33286123594e-11, 3.76590598983e-11, 3.17839921049e-11, 2.67654214764e-11, 2.39963396376e-11, 2.12325244192e-11, 1.8632040355e-11, 1.65029205579e-11, 1.51958966244e-11, 1.42725596966e-11], "dmean2": [2.55502072832e-05, 0.000193757514353, 0.000181660216185, 0.000289847666863, 0.000924481835682, 0.000614140240941, 0.00016863241035, 0.000111517321784, 0.00011810570868, 1.82073963515e-05, 8.65667425387e-06, 1.48962162712e-05, 1.68835340446e-05, 7.05598449713e-06, 7.61125465942e-06, 4.01705665354e-06, 5.08824950884e-06, 5.75245985601e-06, 3.0107355542e-06, 5.87138572428e-07, 2.13495397361e-07, 1.39340059491e-07, 2.59714454387e-08, 1.94366194251e-08, 4.24135082611e-09, 2.76797851306e-09, 1.89415905183e-09, 1.28905519592e-09, 8.42571734605e-10, 4.29569824156e-10, 8.60925150614e-11, 6.67803104482e-11, 5.67991105538e-11, 4.85179431353e-11, 4.33682360856e-11, 3.84701680234e-11, 3.3648691472e-11, 2.9646521349e-11, 2.74179567938e-11, 2.54924345522e-11], "dvar": [4.99182117863e-09, 7.19725861131e-08, 7.66083587678e-08, 1.4883622157e-07, 7.78201751928e-07, 3.79710115794e-07, 2.14315491576e-07, 1.05788828364e-07, 9.17132751965e-08, 1.10451991997e-09, 4.25609020249e-10, 3.63907043388e-10, 7.23634596689e-10, 2.37362296485e-10, 1.06048481108e-09, 8.54857087895e-11, 4.48726542035e-11, 3.52640333601e-10, 1.15207191009e-10, 7.79213412544e-12, 2.90366282451e-13, 1.23354516705e-12, 7.68132573607e-14, 8.19526399325e-14, 8.0867717782e-16, 4.4002418624e-17, 3.47210617219e-17, 1.36324898787e-17, 8.94832654285e-18, 1.06719140998e-18, 8.86530256048e-21, 3.72712801394e-21, 1.79543792871e-21, 1.21889980703e-21, 9.37315490393e-22, 7.04647517099e-22, 5.32690481019e-22, 4.15776246156e-22, 3.1595159102e-22, 2.59799764967e-22], "dvar2": [7.19738135757e-09, 1.76168356347e-07, 1.68178132753e-07, 3.28486237322e-07, 1.64872619735e-06, 1.09708571472e-06, 2.05930660968e-07, 1.22072336239e-07, 1.10452567981e-07, 2.07127937024e-09, 8.10127465112e-10, 7.60654317311e-10, 1.40078115773e-09, 3.50815099193e-10, 1.73388237101e-09, 1.28872384986e-10, 1.09682672667e-10, 8.75517491838e-10, 2.71165812027e-10, 1.59195226446e-11, 5.75034160913e-13, 3.37637318278e-12, 2.06920906191e-13, 1.39677982722e-13, 1.82837355621e-15, 6.51826660672e-17, 7.98112890258e-17, 3.57705917918e-17, 2.0264173039e-17, 2.09393658315e-18, 1.70928714869e-20, 9.97343862238e-21, 5.5760903444e-21, 3.97261122828e-21, 3.09568224501e-21, 2.31193426917e-21, 1.73551216684e-21, 1.34768785002e-21, 1.0165992173e-21, 8.49897181294e-22], "max": [0.00174952822272, 0.00519557250664, 0.00707532279193, 0.00564050814137, 0.0138673558831, 0.00929449684918, 0.026115750894, 0.00913886912167, 0.00876046344638, 0.000486908626044, 0.000384234532248, 0.000298641971312, 0.00064896751428, 0.000333918782417, 0.00129326677416, 0.000223988885409, 0.000192263425561, 0.000673738366459, 0.000192887469893, 0.000106703788333, 1.84973323485e-05, 4.04188904213e-05, 1.03968286567e-05, 1.24587777464e-05, 1.16212299872e-06, 1.29366497958e-07, 1.02017459369e-07, 6.44908624281e-08, 5.61050192971e-08, 1.70741802918e-08, 2.81700618388e-09, 1.71286451689e-09, 6.27760177174e-10, 4.04462574544e-10, 3.59593604893e-10, 3.14014730884e-10, 2.83992107608e-10, 2.49458426138e-10, 2.23267085375e-10, 1.93047827723e-10], "mean": [3.69514164049e-05, 0.000415343267377, 0.000660906778648, 0.000614508287981, 0.00241205305792, 0.00144061970059, 0.000600060797296, 0.000597897451371, 0.000628661073279, 5.59336767765e-05, 2.30316945817e-05, 3.63592334907e-05, 3.59522018698e-05, 2.05264750548e-05, 2.77958424704e-05, 1.58240636665e-05, 9.6990079328e-06, 1.20108697956e-05, 5.63266621612e-06, 1.04099001419e-06, 6.71761085869e-07, 2.02376170932e-07, 2.90639299294e-08, 6.63547155e-08, 1.02622719211e-08, 7.51757944784e-09, 2.64674637762e-09, 1.34645583572e-09, 9.9940988818e-10, 6.45303643854e-10, 1.06658813726e-10, 6.39068589714e-11, 5.61511219466e-11, 4.88511280039e-11, 4.61251661865e-11, 4.45271527982e-11, 4.12582537579e-11, 3.94940538606e-11, 3.86546385178e-11, 3.78153272584e-11], "median": [9.67430241872e-06, 0.000126499071484, 0.000172425090568, 0.000309827300953, 0.002069929149, 0.000804179348052, 0.000214968298678, 0.000161330783158, 0.00025287232711, 2.33354676311e-05, 8.30237877381e-06, 2.81377942883e-05, 1.9108534616e-05, 5.89678938923e-06, 7.2270995588e-06, 6.49896765026e-06, 6.95172548149e-06, 2.59355761045e-06, 6.83845598815e-07, 3.20686638133e-07, 2.22167400921e-07, 1.32234161399e-08, 3.75416808751e-09, 1.42775857803e-09, 1.42229572564e-09, 1.42291312066e-09, 7.99850852218e-10, 2.7699659233e-10, 1.21447962798e-10, 9.34221242033e-11, 5.51909490332e-11, 4.50794505891e-11, 4.19654554162e-11, 3.91640712916e-11, 3.77796995077e-11, 3.77403421015e-11, 3.54362685029e-11, 3.46178224975e-11, 3.44322383106e-11, 3.45108663868e-11], "min": [5.91019323357e-24, 8.90959937854e-24, 6.31701787429e-24, 9.52638526564e-24, 1.00744526904e-23, 9.52689565865e-24, 4.4996641811e-24, 8.98311095972e-24, 1.63907183859e-23, 7.20862672913e-24, 6.31431957557e-24, 5.3461442757e-24, 1.1166385278e-23, 1.02304057582e-23, 1.81014137459e-23, 1.4449366408e-23, 7.30026396732e-24, 7.49736007563e-24, 8.48696557085e-24, 1.0013907616e-23, 1.05085170926e-23, 1.05029848111e-23, 1.08434721662e-23, 8.80823942969e-24, 1.16185003954e-23, 9.80763232216e-24, 9.43551874456e-24, 1.49116546757e-23, 7.77429206299e-24, 8.29252871265e-24, 1.24055074775e-23, 1.25618273656e-23, 8.51502771983e-24, 6.75471064224e-24, 8.246174457e-24, 1.27225459422e-23, 1.26623219341e-23, 1.58641868638e-23, 8.12549767116e-24, 9.30938225239e-24], "var": [1.40712854702e-08, 5.22063430708e-07, 1.32583818413e-06, 5.85927750762e-07, 4.28765088145e-06, 2.39041469285e-06, 2.31335366152e-06, 9.93703679342e-07, 8.40261350277e-07, 6.04728134235e-09, 1.6496873867e-09, 1.35952049618e-09, 3.20635917817e-09, 1.46259693246e-09, 5.4479070144e-09, 6.4062138927e-10, 1.31811089821e-10, 8.18852041728e-10, 2.33841557229e-10, 1.59987509352e-11, 1.47232410725e-12, 1.42874308304e-12, 9.09530358472e-14, 5.19431340388e-13, 3.12168614051e-15, 2.33844065048e-16, 4.90556782209e-17, 1.41662687008e-17, 1.17955277062e-17, 2.40129642605e-18, 2.85570794046e-20, 5.09984514569e-21, 1.99558211351e-21, 1.10236215543e-21, 8.33035348865e-22, 6.27960796024e-22, 4.81514688582e-22, 3.90923972198e-22, 3.0742325995e-22, 2.50248641024e-22]}, "mfcc": {"mean": [-859.747558594, 254.389724731, 32.4383354187, -32.5094528198, 1.78867590427, 6.21340465546, -18.5926074982, -26.6584262848, -12.9449710846, -5.21031665802, -10.5863933563, -8.654047966, -0.648316085339], "cov": [[6741.59619141, 4896.95507812, -1531.44958496, -1928.33984375, 10.3441324234, 103.495788574, -670.092102051, -822.027587891, -227.272338867, 179.993728638, 17.4766464233, 20.5697345734, 189.304870605], [4896.95507812, 3827.76513672, -734.257080078, -1387.30908203, -83.7152328491, 98.9416275024, -475.346862793, -597.92364502, -169.557632446, 113.190467834, 17.0333938599, 13.2223262787, 120.390029907], [-1531.44958496, -734.257080078, 961.037414551, 597.680053711, -103.2264328, -2.46825242043, 223.363922119, 227.159225464, 66.4759292603, -42.8576087952, -10.1732902527, -21.3143692017, -53.3348121643], [-1928.33984375, -1387.30908203, 597.680053711, 813.643005371, 87.8138656616, -37.0802612305, 277.269012451, 329.097717285, 108.011947632, -37.6798629761, -31.2099666595, -24.4794635773, -37.2189102173], [10.3441324234, -83.7152328491, -103.2264328, 87.8138656616, 155.617050171, 51.8415412903, 6.83812999725, 43.9027519226, 42.0769844055, -18.2332439423, -33.4985694885, 10.801112175, 15.1612358093], [103.495788574, 98.9416275024, -2.46825242043, -37.0802612305, 51.8415412903, 99.0256576538, 6.19587945938, -33.1351127625, 31.266664505, 19.8031768799, -24.136762619, 9.34183597565, 23.2861213684], [-670.092102051, -475.346862793, 223.363922119, 277.269012451, 6.83812999725, 6.19587945938, 141.219192505, 119.535919189, 30.7741355896, 7.94176721573, 10.2983884811, -5.26260948181, -12.3595552444], [-822.027587891, -597.92364502, 227.159225464, 329.097717285, 43.9027519226, -33.1351127625, 119.535919189, 188.704360962, 41.8248710632, -57.7608184814, 1.22763955593, 8.96941757202, -38.6896247864], [-227.272338867, -169.557632446, 66.4759292603, 108.011947632, 42.0769844055, 31.266664505, 30.7741355896, 41.8248710632, 97.0317306519, 65.33152771, -50.8706703186, -58.8962059021, 13.9212398529], [179.993728638, 113.190467834, -42.8576087952, -37.6798629761, -18.2332439423, 19.8031768799, 7.94176721573, -57.7608184814, 65.33152771, 182.514175415, 0.418665736914, -114.835296631, 30.0021820068], [17.4766464233, 17.0333938599, -10.1732902527, -31.2099666595, -33.4985694885, -24.136762619, 10.2983884811, 1.22763955593, -50.8706703186, 0.418665736914, 86.0309677124, 42.7368850708, -15.7137975693], [20.5697345734, 13.2223262787, -21.3143692017, -24.4794635773, 10.801112175, 9.34183597565, -5.26260948181, 8.96941757202, -58.8962059021, -114.835296631, 42.7368850708, 151.516052246, 14.6045351028], [189.304870605, 120.390029907, -53.3348121643, -37.2189102173, 15.1612358093, 23.2861213684, -12.3595552444, -38.6896247864, 13.9212398529, 30.0021820068, -15.7137975693, 14.6045351028, 57.3182182312]], "icov": [[341.347351074, -469.336395264, 431.105834961, -373.551452637, 304.502471924, -232.549514771, 165.374755859, -108.544441223, 64.8381118774, -34.4796257019, 15.7728118896, -5.8056511879, 1.42901694775], [-469.336395264, 646.290710449, -596.347595215, 520.693908691, -429.069000244, 332.349487305, -240.55291748, 161.352981567, -98.9124221802, 54.237247467, -25.7215385437, 9.90477085114, -2.60240340233], [431.105834961, -596.347595215, 557.744995117, -497.900482178, 422.933166504, -340.23248291, 257.487030029, -181.804000854, 117.950561523, -68.7791976929, 34.8334960938, -14.440076828, 4.16186571121], [-373.551452637, 520.693908691, -497.900482178, 460.19744873, -408.712738037, 346.066558838, -276.697906494, 206.817718506, -141.97845459, 87.4481201172, -46.6547393799, 20.3764610291, -6.22107172012], [304.502471924, -429.069000244, 422.933166504, -408.712738037, 382.516357422, -341.997192383, 288.193664551, -226.272140503, 162.315200806, -103.941581726, 57.3808784485, -25.8655471802, 8.15173339844], [-232.549514771, 332.349487305, -340.23248291, 346.066558838, -341.997192383, 321.772003174, -283.503112793, 231.246139526, -171.233505249, 112.579269409, -63.5287666321, 29.2108345032, -9.39356899261], [165.374755859, -240.55291748, 257.487030029, -276.697906494, 288.193664551, -283.503112793, 258.931854248, -217.340698242, 164.631362915, -110.253196716, 63.1555480957, -29.4543762207, 9.61066436768], [-108.544441223, 161.352981567, -181.804000854, 206.817718506, -226.272140503, 231.246139526, -217.340698242, 186.52520752, -143.698974609, 97.5612182617, -56.5314178467, 26.6544094086, -8.79887390137], [64.8381118774, -98.9124221802, 117.950561523, -141.97845459, 162.315200806, -171.233505249, 164.631362915, -143.698974609, 112.193351746, -76.9904327393, 45.0322265625, -21.4386043549, 7.16703510284], [-34.4796257019, 54.237247467, -68.7791976929, 87.4481201172, -103.941581726, 112.579269409, -110.253196716, 97.5612182617, -76.9904327393, 53.3636512756, -31.4795017242, 15.1574115753, -5.14744663239], [15.7728118896, -25.7215385437, 34.8334960938, -46.6547393799, 57.3808784485, -63.5287666321, 63.1555480957, -56.5314178467, 45.0322265625, -31.4795017242, 18.7401504517, -9.11023235321, 3.14025259018], [-5.8056511879, 9.90477085114, -14.440076828, 20.3764610291, -25.8655471802, 29.2108345032, -29.4543762207, 26.6544094086, -21.4386043549, 15.1574115753, -9.11023235321, 4.51084566116, -1.59378051758], [1.42901694775, -2.60240340233, 4.16186571121, -6.22107172012, 8.15173339844, -9.39356899261, 9.61066436768, -8.79887390137, 7.16703510284, -5.14744663239, 3.14025259018, -1.59378051758, 0.610705256462]]}, "spectral_contrast_coeffs": {"dmean": [0.0345464348793, 0.0319839268923, 0.02544169873, 0.0240611359477, 0.0164536703378, 0.0199739877135], "dmean2": [0.0528978817165, 0.0531476289034, 0.0410484522581, 0.0382541306317, 0.0272466726601, 0.0353563167155], "dvar": [0.000847985735163, 0.000878165417816, 0.000862343818881, 0.000876277044881, 0.000288560928311, 0.000298835861031], "dvar2": [0.00200350605883, 0.00231474544853, 0.00205474859104, 0.00199214904569, 0.000619993777946, 0.000862948945723], "max": [-0.256351441145, -0.335272341967, -0.490147769451, -0.468810528517, -0.562984764576, -0.809192478657], "mean": [-0.519846916199, -0.607767045498, -0.708666503429, -0.665098011494, -0.776189446449, -0.898443698883], "median": [-0.504961311817, -0.587736189365, -0.689427733421, -0.644581437111, -0.76295208931, -0.896396398544], "min": [-0.958781838417, -0.980223298073, -0.971084475517, -0.965462386608, -0.966641843319, -0.964367926121], "var": [0.0112664373592, 0.00995361991227, 0.00697646243498, 0.00984008517116, 0.00540229491889, 0.0004900067579]}, "spectral_contrast_valleys": {"dmean": [0.375389754772, 0.237620964646, 0.267679482698, 0.29954329133, 0.23760856688, 0.477143228054], "dmean2": [0.583329856396, 0.389384537935, 0.424978643656, 0.468108415604, 0.376989543438, 0.844843626022], "dvar": [0.206079512835, 0.173822894692, 0.209394067526, 0.268851965666, 0.174371659756, 0.257514387369], "dvar2": [0.33088645339, 0.241207227111, 0.32539716363, 0.453749716282, 0.245621725917, 0.592472374439], "max": [-5.89520740509, -5.0823097229, -6.50938940048, -7.20017623901, -9.91257667542, -12.1341285706], "mean": [-8.61273288727, -7.21876001358, -9.02389431, -10.5590171814, -12.4271001816, -14.0695257187], "median": [-8.458