{"lowlevel": {"average_loudness": 0.640669941902, "barkbands_crest": {"dmean": 1.31756353378, "dmean2": 1.8330271244, "dvar": 3.33939909935, "dvar2": 6.45199775696, "max": 26.9931678772, "mean": 16.1464824677, "median": 15.642411232, "min": 3.95037603378, "var": 37.4784622192}, "barkbands_flatness_db": {"dmean": 0.0191815774888, "dmean2": 0.0293170083314, "dvar": 0.000660385703668, "dvar2": 0.00142628140748, "max": 0.699871897697, "mean": 0.321006596088, "median": 0.292880654335, "min": 0.0598185174167, "var": 0.00879694055766}, "barkbands_kurtosis": {"dmean": 5.77493572235, "dmean2": 5.30941581726, "dvar": 1696.22155762, "dvar2": 1698.71398926, "max": 5252.32519531, "mean": 40.8688621521, "median": 1.03328537941, "min": -1.83941161633, "var": 86074.9453125}, "barkbands_skewness": {"dmean": 0.398280769587, "dmean2": 0.512473106384, "dvar": 0.428798437119, "dvar2": 0.78809940815, "max": 8.56304168701, "mean": -1.07769262791, "median": -0.237577050924, "min": -43.678768158, "var": 17.6057128906}, "barkbands_spread": {"dmean": 1.35248482227, "dmean2": 1.92435598373, "dvar": 3.41571545601, "dvar2": 6.76496171951, "max": 56.8098678589, "mean": 9.7813873291, "median": 8.56929016113, "min": 0.0207636319101, "var": 61.3820495605}, "dissonance": {"dmean": 0.0344901792705, "dmean2": 0.0606763921678, "dvar": 0.00265966914594, "dvar2": 0.00820807553828, "max": 0.500000178814, "mean": 0.392979234457, "median": 0.411048948765, "min": 0.0865484178066, "var": 0.00638257618994}, "dynamic_complexity": 6.72279119492, "erbbands_crest": {"dmean": 1.45035755634, "dmean2": 1.95738422871, "dvar": 4.90176773071, "dvar2": 9.16345691681, "max": 35.0459098816, "mean": 22.2221488953, "median": 22.2348670959, "min": 3.04477477074, "var": 52.9986534119}, "erbbands_flatness_db": {"dmean": 0.0162252467126, "dmean2": 0.022571939975, "dvar": 0.000462356954813, "dvar2": 0.000919562822673, "max": 0.697018027306, "mean": 0.374849498272, "median": 0.352619767189, "min": 0.0868567377329, "var": 0.00824522506446}, "erbbands_kurtosis": {"dmean": 2.81099820137, "dmean2": 3.46849489212, "dvar": 45.4585456848, "dvar2": 99.2887420654, "max": 473.284973145, "mean": 16.7908496857, "median": 3.98484826088, "min": -1.77502024174, "var": 1750.64477539}, "erbbands_skewness": {"dmean": 0.400162160397, "dmean2": 0.479148417711, "dvar": 0.298029720783, "dvar2": 0.506910026073, "max": 15.9416761398, "mean": -0.426396518946, "median": -0.289920061827, "min": -8.11086654663, "var": 6.28479003906}, "erbbands_spread": {"dmean": 1.44165670872, "dmean2": 1.85050034523, "dvar": 3.40865635872, "dvar2": 6.65350008011, "max": 42.7928619385, "mean": 9.72511482239, "median": 8.85266399384, "min": 0.138723582029, "var": 46.6237640381}, "hfc": {"dmean": 3.25724005699, "dmean2": 4.04388809204, "dvar": 82.7581481934, "dvar2": 142.768890381, "max": 224.035720825, "mean": 20.1122684479, "median": 10.0908432007, "min": 1.09831235172e-16, "var": 697.83392334}, "melbands_crest": {"dmean": 1.49068450928, "dmean2": 2.14271736145, "dvar": 4.05411815643, "dvar2": 8.19723415375, "max": 32.3455123901, "mean": 16.3676986694, "median": 14.980966568, "min": 1.56048965454, "var": 48.2446212769}, "melbands_flatness_db": {"dmean": 0.0189102683216, "dmean2": 0.0278958175331, "dvar": 0.000767124118283, "dvar2": 0.00168185424991, "max": 0.745406508446, "mean": 0.371283769608, "median": 0.344937026501, "min": 0.00395694980398, "var": 0.00954982545227}, "melbands_kurtosis": {"dmean": 1.65157866478, "dmean2": 2.10278391838, "dvar": 28.1876811981, "dvar2": 48.7647705078, "max": 226.211990356, "mean": 7.99779891968, "median": 0.425268292427, "min": -1.84799468517, "var": 621.669677734}, "melbands_skewness": {"dmean": 0.312259763479, "dmean2": 0.416072964668, "dvar": 0.234930470586, "dvar2": 0.469737529755, "max": 11.0088005066, "mean": -0.31440910697, "median": 0.0331191644073, "min": -8.84135246277, "var": 4.02742195129}, "melbands_spread": {"dmean": 2.25298953056, "dmean2": 3.23398399353, "dvar": 13.1442327499, "dvar2": 23.7007331848, "max": 154.88293457, "mean": 18.4428749084, "median": 16.3664169312, "min": 0.233888879418, "var": 192.308456421}, "pitch_salience": {"dmean": 0.0340303443372, "dmean2": 0.0497318133712, "dvar": 0.00265629449859, "dvar2": 0.00599093176425, "max": 0.908551335335, "mean": 0.381872594357, "median": 0.396714985371, "min": 0.011882705614, "var": 0.0232786927372}, "silence_rate_20dB": {"dmean": 0, "dmean2": 0, "dvar": 0, "dvar2": 0, "max": 1, "mean": 1, "median": 1, "min": 1, "var": 0}, "silence_rate_30dB": {"dmean": 0.000739781768061, "dmean2": 0.00147983722854, "dvar": 0.000739210168831, "dvar2": 0.00147773278877, "max": 1, "mean": 0.999260365963, "median": 1, "min": 0, "var": 0.000739073730074}, "silence_rate_60dB": {"dmean": 0.0270020347089, "dmean2": 0.054014056921, "dvar": 0.026275863871, "dvar2": 0.0559065937996, "max": 1, "mean": 0.236686393619, "median": 0, "min": 0, "var": 0.180670395494}, "spectral_centroid": {"dmean": 63.8990097046, "dmean2": 88.1835021973, "dvar": 47288.3398438, "dvar2": 87493.4921875, "max": 11302.2177734, "mean": 1105.96765137, "median": 1049.65014648, "min": 468.391784668, "var": 341585.5625}, "spectral_complexity": {"dmean": 1.26317739487, "dmean2": 2.00462460518, "dvar": 3.10945272446, "dvar2": 6.1650519371, "max": 28, "mean": 9.73483753204, "median": 11, "min": 0, "var": 38.7167282104}, "spectral_decrease": {"dmean": 7.19215964562e-10, "dmean2": 8.84821438341e-10, "dvar": 1.93565205742e-18, "dvar2": 3.04057386347e-18, "max": 1.5976480835e-28, "mean": -4.42246461674e-09, "median": -3.08597636334e-09, "min": -3.10403542869e-08, "var": 2.03204444817e-17}, "spectral_energy": {"dmean": 0.00298339128494, "dmean2": 0.00366091146134, "dvar": 3.55181291525e-05, "dvar2": 5.55311198696e-05, "max": 0.128961622715, "mean": 0.0185156129301, "median": 0.0126536674798, "min": 1.0319530506e-20, "var": 0.000370688649127}, "spectral_energyband_high": {"dmean": 9.25274944166e-05, "dmean2": 0.000114990267321, "dvar": 1.36122125127e-07, "dvar2": 2.55306986219e-07, "max": 0.00923665147275, "mean": 0.000189316386241, "median": 7.04743661117e-06, "min": 7.46770659857e-21, "var": 3.81169257935e-07}, "spectral_energyband_low": {"dmean": 0.000351536815288, "dmean2": 0.000572475953959, "dvar": 5.46802425561e-07, "dvar2": 1.34107176564e-06, "max": 0.0112238982692, "mean": 0.000619171012659, "median": 0.000170957908267, "min": 1.74713221419e-23, "var": 1.24816494917e-06}, "spectral_energyband_middle_high": {"dmean": 0.00174384890124, "dmean2": 0.00199197768234, "dvar": 1.92619736481e-05, "dvar2": 3.02386797557e-05, "max": 0.0994077250361, "mean": 0.0118536213413, "median": 0.00556114409119, "min": 1.1677564778e-21, "var": 0.000234341147006}, "spectral_energyband_middle_low": {"dmean": 0.00148517230991, "dmean2": 0.00202881498262, "dvar": 6.29373516858e-06, "dvar2": 1.19094956972e-05, "max": 0.0712750032544, "mean": 0.00603016465902, "median": 0.00480648875237, "min": 1.95524640587e-22, "var": 3.83813930966e-05}, "spectral_entropy": {"dmean": 0.162464335561, "dmean2": 0.245109960437, "dvar": 0.0765978321433, "dvar2": 0.185201182961, "max": 9.81358337402, "mean": 5.8494644165, "median": 6.10845565796, "min": 2.60955882072, "var": 0.800898790359}, "spectral_flux": {"dmean": 0.0126206241548, "dmean2": 0.0199164785445, "dvar": 0.000567668525036, "dvar2": 0.00135042017791, "max": 0.275206029415, "mean": 0.0267599709332, "median": 0.0206155031919, "min": 6.45188624748e-11, "var": 0.000799086876214}, "spectral_kurtosis": {"dmean": 14.1615190506, "dmean2": 24.9127941132, "dvar": 304.655548096, "dvar2": 975.080200195, "max": 335.273345947, "mean": 35.499912262, "median": 22.9915180206, "min": -1.26308906078, "var": 1606.5760498}, "spectral_rms": {"dmean": 0.000318383332342, "dmean2": 0.000392410205677, "dvar": 2.9392370493e-07, "dvar2": 4.80784535739e-07, "max": 0.0112167829648, "mean": 0.00360631826334, "median": 0.00351355131716, "min": 3.17298509515e-12, "var": 5.05851721755e-06}, "spectral_rolloff": {"dmean": 47.6460800171, "dmean2": 79.954460144, "dvar": 141919.84375, "dvar2": 219679.28125, "max": 19573.6816406, "mean": 1293.22961426, "median": 1184.32617188, "min": 495.263671875, "var": 978561.25}, "spectral_skewness": {"dmean": 0.901498377323, "dmean2": 1.56138956547, "dvar": 0.697950601578, "dvar2": 2.02304720879, "max": 14.9553747177, "mean": 3.71433019638, "median": 3.02198243141, "min": -0.0176441948861, "var": 5.27363920212}, "spectral_spread": {"dmean": 327377.15625, "dmean2": 563418.5, "dvar": 508015902720, "dvar2": 752919969792, "max": 42182920, "mean": 1984500.25, "median": 1639486.75, "min": 273101.96875, "var": 5198240546820.0}, "spectral_strongpeak": {"dmean": 0.472290784121, "dmean2": 0.618575632572, "dvar": 0.902236640453, "dvar2": 1.66986966133, "max": 19.1901893616, "mean": 3.90217113495, "median": 2.95585393906, "min": 0, "var": 12.395939827}, "zerocrossingrate": {"dmean": 0.00286809913814, "dmean2": 0.00350368442014, "dvar": 5.38572821824e-05, "dvar2": 5.56685154152e-05, "max": 0.50830078125, "mean": 0.0552701316774, "median": 0.05029296875, "min": 0.021484375, "var": 0.00141964643262}, "barkbands": {"dmean": [1.72665625087e-06, 0.000191141676623, 0.00017583501176, 9.31988688535e-05, 0.00045126688201, 0.000331692834152, 0.000347123044776, 0.000517342821695, 0.000131803943077, 0.000286659604171, 0.000159935691045, 0.000540235312656, 0.000409133237554, 0.000387478416087, 0.00025834684493, 6.18794656475e-05, 5.24086099176e-05, 2.72468387266e-05, 1.6490201233e-05, 2.43182712438e-05, 3.83012520615e-05, 1.20042122944e-05, 1.33979128805e-05, 2.49672621067e-06, 1.04302107502e-05, 1.71154133568e-05, 1.14578906505e-05], "dmean2": [2.85658757093e-06, 0.000323761545587, 0.000293553079246, 0.000151283646119, 0.000702125660609, 0.000470588362077, 0.000493809755426, 0.000726965197828, 0.000165210833075, 0.000351405149559, 0.00019647651061, 0.000527672702447, 0.000479381007608, 0.000484186864924, 0.000349678593921, 8.80740772118e-05, 5.15958017786e-05, 3.21868319588e-05, 1.88182712009e-05, 2.5430255846e-05, 3.6586970964e-05, 1.28762803797e-05, 1.42530989251e-05, 3.38491850016e-06, 1.61878688232e-05, 2.73912937701e-05, 1.80847073352e-05], "dvar": [9.84299360768e-12, 1.85561688681e-07, 1.425412961e-07, 4.37127987141e-08, 8.48860736369e-07, 5.66635264931e-07, 4.75186965332e-07, 1.46490685893e-06, 1.76953221853e-07, 1.49512879943e-06, 8.82997937879e-07, 6.00287376074e-06, 3.64444940715e-06, 3.10644622914e-06, 2.07894777304e-06, 7.13558847565e-07, 6.89580701874e-07, 3.89783600951e-08, 8.68267768794e-09, 1.78256307493e-08, 3.73665258735e-08, 1.34881057434e-08, 2.122483167e-08, 1.8120363543e-10, 4.73724970362e-09, 3.15920800631e-08, 2.05055794567e-08], "dvar2": [2.5200393855e-11, 4.61720816247e-07, 3.63771562206e-07, 1.05949219176e-07, 2.2192787128e-06, 1.10670509912e-06, 8.70062365266e-07, 2.47023422162e-06, 2.69572865363e-07, 1.9564708964e-06, 1.43553597809e-06, 8.36922299641e-06, 5.89383853367e-06, 4.64536469735e-06, 3.48559319718e-06, 1.24812379454e-06, 6.23052358151e-07, 5.03958013098e-08, 6.63294574821e-09, 2.64990696053e-08, 4.82260205104e-08, 1.82777686319e-08, 3.61528726955e-08, 3.54414775305e-10, 1.12034239663e-08, 7.73021398004e-08, 4.77325272641e-08], "max": [4.73379768664e-05, 0.00640723062679, 0.00453603593633, 0.00259012170136, 0.0127457752824, 0.0123829133809, 0.0116398446262, 0.0144619308412, 0.00726018194109, 0.0608905889094, 0.0534673184156, 0.0800559297204, 0.0738940313458, 0.0539859384298, 0.0566384196281, 0.0861242637038, 0.0849237814546, 0.0120058404282, 0.0088875181973, 0.00490023754537, 0.0062020663172, 0.0057192123495, 0.00715367216617, 0.000318338890793, 0.00299809011631, 0.00732465973124, 0.00440574204549], "mean": [2.158884854e-06, 0.00032767659286, 0.000240635214141, 0.000183925250894, 0.0012474572286, 0.00122577033471, 0.00109690311365, 0.00157598266378, 0.000409843778471, 0.00127619458362, 0.000724815297872, 0.00381758715957, 0.00235454807989, 0.0020510610193, 0.0011148925405, 0.000288019480649, 0.000244493159698, 5.78617982683e-05, 3.80537676392e-05, 5.22930531588e-05, 8.50923970575e-05, 2.97575988952e-05, 2.49469412665e-05, 3.1932222555e-06, 1.19963615361e-05, 1.6551297449e-05, 1.39063831739e-05], "median": [9.75370767264e-07, 5.24055067217e-05, 6.72214955557e-05, 3.62116552424e-05, 0.000574399949983, 0.000475719192764, 0.000517141539603, 0.000606945366599, 9.63633865467e-05, 0.000218489905819, 5.24950482941e-05, 0.000126967090182, 0.000102560254163, 9.08349757083e-05, 8.2756530901e-05, 1.32847599161e-05, 1.49920542754e-05, 1.4335513697e-05, 1.19278774946e-05, 2.9807943065e-06, 1.36098310577e-06, 1.8338127461e-07, 2.94427131564e-08, 3.28186677834e-09, 1.26891386287e-09, 3.95028953992e-10, 2.29513824612e-10], "min": [3.39899431809e-25, 1.47644193097e-24, 2.03394610434e-24, 3.43971517011e-24, 1.86972435431e-23, 1.24942369744e-23, 2.98531630034e-23, 3.74437995702e-24, 1.90248906092e-23, 2.7490486727e-23, 2.64576406101e-23, 1.46675101141e-23, 7.30946776528e-23, 5.50772144844e-23, 7.02547657722e-23, 8.78686287688e-23, 9.05918397225e-23, 1.12532346038e-22, 1.38597787094e-22, 2.32708615408e-22, 2.26378366364e-22, 3.79756806736e-22, 5.3263863077e-22, 6.39659868306e-22, 9.01693005781e-22, 1.35163493134e-21, 2.1280089636e-21], "var": [1.18743357161e-11, 5.2489360769e-07, 1.96022000409e-07, 9.73378035951e-08, 2.7144969863e-06, 3.07221489493e-06, 2.60955903286e-06, 6.28697307548e-06, 8.82258348156e-07, 2.16372009163e-05, 1.13130681711e-05, 9.62096528383e-05, 4.87313591293e-05, 4.03990525228e-05, 1.92650295503e-05, 1.15139746413e-05, 1.08791919047e-05, 1.45275620866e-07, 5.30912380725e-08, 5.85440034229e-08, 1.4564960793e-07, 6.42271515972e-08, 6.1134635132e-08, 3.08617520428e-10, 5.77498715515e-09, 3.28750786593e-08, 2.99002103077e-08]}, "erbbands": {"dmean": [0.0021131914109, 0.0550570748746, 0.210851714015, 0.201865494251, 1.20580351353, 1.40218055248, 2.30468606949, 2.60516285896, 3.71653580666, 7.01009750366, 11.6971073151, 2.77754163742, 6.17545413971, 9.15410614014, 10.630402565, 21.8445968628, 19.6191444397, 22.8885192871, 14.5627632141, 6.12180185318, 4.75408744812, 1.84456813335, 1.3452026844, 0.966248810291, 1.23174083233, 1.07642364502, 0.774435997009, 1.74168217182, 0.768331706524, 0.500320792198, 0.226582750678, 0.0386964790523, 0.0643448680639, 0.078213468194, 0.0802903622389, 0.0576433576643, 0.0437750741839, 0.0228875726461, 0.000485124881379, 1.43192837641e-05], "dmean2": [0.00329622160643, 0.0932364091277, 0.352204680443, 0.327984213829, 1.92639362812, 2.20031189919, 3.11238789558, 3.94279313087, 5.43916463852, 10.1763439178, 15.6891775131, 3.33935141563, 7.68464946747, 11.1872091293, 11.3147649765, 21.602689743, 22.8795776367, 28.0248126984, 20.3467216492, 7.68365812302, 5.58341884613, 2.10116553307, 1.58645272255, 1.09604358673, 1.35435092449, 1.13061547279, 0.771297514439, 1.6593760252, 0.798666357994, 0.495161950588, 0.261759251356, 0.0536599718034, 0.0875927209854, 0.116717532277, 0.125659093261, 0.0930314436555, 0.0689149647951, 0.0363009870052, 0.000766962126363, 2.16047701542e-05], "dvar": [2.90212483378e-05, 0.0149151841179, 0.201409712434, 0.18212737143, 6.23258638382, 9.01195430756, 51.7871170044, 30.2635192871, 34.4316902161, 302.41796875, 901.399230957, 38.4598121643, 1019.41082764, 1337.77026367, 2127.37573242, 9007.78613281, 8313.13085938, 11628.9990234, 6381.58886719, 2373.63745117, 4074.92504883, 453.760314941, 92.5066452026, 32.2551193237, 31.1601104736, 30.456161499, 19.7745418549, 118.100585938, 38.3927612305, 28.6854343414, 5.59470415115, 0.0465453714132, 0.112386897206, 0.21154487133, 0.313526004553, 0.207986503839, 0.268025398254, 0.0633873268962, 2.72563647741e-05, 1.11697655569e-08], "dvar2": [6.00850544288e-05, 0.0377830527723, 0.523787796497, 0.436730831861, 17.5584316254, 20.8062953949, 94.3688201904, 67.7696304321, 77.8402099609, 627.860046387, 1370.71923828, 53.0883407593, 1331.65319824, 1852.61486816, 3183.3137207, 12463.7363281, 13296.3359375, 17665.40625, 11159.2470703, 3169.08544922, 6351.36376953, 473.507629395, 119.567459106, 30.7850418091, 46.0312423706, 45.7972602844, 22.8017349243, 155.801071167, 51.8870391846, 46.7502212524, 8.84481430054, 0.0918285399675, 0.22717627883, 0.467770457268, 0.788845479488, 0.525533080101, 0.597133100033, 0.151754707098, 6.42473169137e-05, 2.63193236094e-08], "max": [0.109244696796, 1.72212970257, 5.20081615448, 5.94170951843, 30.5339107513, 47.4837150574, 139.221679688, 91.44115448, 129.974594116, 256.041168213, 388.407592773, 171.55078125, 2370.09960938, 2212.30517578, 1958.4152832, 3342.46289062, 3688.94482422, 3459.70410156, 3483.64355469, 2885.45996094, 5928.02587891, 2090.26660156, 585.090026855, 440.80657959, 250.473510742, 200.296524048, 163.771408081, 378.441711426, 300.559997559, 298.18838501, 109.978439331, 7.12508153915, 7.53844261169, 16.3002758026, 18.9056301117, 13.8718423843, 21.8604278564, 7.01874732971, 0.152525633574, 0.00292807957157], "mean": [0.0050318306312, 0.0905148461461, 0.286307603121, 0.420775592327, 2.38447284698, 4.13014411926, 7.45453548431, 9.90086841583, 11.8370962143, 23.2081928253, 35.7916030884, 9.31083393097, 24.5699100494, 45.3931808472, 67.7180862427, 157.088195801, 116.316497803, 129.804855347, 61.9769973755, 32.1265296936, 26.3503341675, 8.01775836945, 3.12395477295, 2.19485449791, 2.8958439827, 2.36012792587, 1.79804587364, 3.7833378315, 1.90579724312, 1.04968845844, 0.393533617258, 0.0513175912201, 0.0833094790578, 0.0978547185659, 0.0932775959373, 0.061295222491, 0.0419094748795, 0.0261793285608, 0.000569760857616, 3.4884447814e-05], "median": [0.000654838629998, 0.016935961321, 0.0852189138532, 0.150580003858, 0.881642043591, 1.42363071442, 2.03864336014, 3.67365694046, 6.89787101746, 9.1272983551, 11.2836790085, 3.64214897156, 3.46618175507, 9.98265457153, 7.87895488739, 9.91109466553, 10.9058761597, 7.38678836823, 7.09791469574, 2.32740020752, 1.32607126236, 0.961588382721, 0.828169465065, 0.454302161932, 0.76829624176, 0.292355418205, 0.102580696344, 0.0342460386455, 0.012206254527, 0.00436347816139, 0.00119496008847, 0.00037776643876, 0.000125546939671, 5.56878367206e-05, 2.73666482826e-05, 1.39772164403e-05, 6.65820425638e-06, 1.94672588805e-06, 6.74814964441e-06, 1.48597819134e-05], "min": [1.32587247598e-22, 3.68973822847e-22, 2.6882610582e-21, 1.31282715513e-20, 3.26631167236e-20, 4.36006803941e-20, 6.61214965203e-20, 1.50697030615e-19, 3.22898094669e-19, 3.62362054514e-19, 1.43879265835e-19, 4.23844424891e-19, 9.2584961115e-19, 1.32251104581e-18, 1.63419797389e-18, 1.07986940044e-18, 2.98083674079e-18, 2.662950611e-18, 3.88501918298e-18, 3.8732297913e-18, 6.15312360718e-18, 5.24140513602e-18, 5.27268248935e-18, 6.11324109395e-18, 8.0174083825e-18, 1.12992797228e-17, 8.9928164521e-18, 1.08453668433e-17, 1.16730991853e-17, 1.24242569364e-17, 1.53108798734e-17, 1.12547757515e-17, 1.12672479808e-17, 8.5594730728e-18, 6.38065865982e-18, 5.02866669018e-18, 2.77689742872e-18, 9.34273618509e-19, 2.89127774078e-19, 2.63966500501e-20], "var": [0.000149257233716, 0.0374404117465, 0.264698952436, 0.462802499533, 13.3241539001, 37.1019172668, 179.495544434, 184.32434082, 236.522323608, 1370.50195312, 4023.43237305, 224.695236206, 11208.6484375, 21949.6621094, 31014.6191406, 157055.71875, 111219.15625, 151217.390625, 54069.5429688, 32349.2988281, 66882.28125, 6855.67236328, 348.424865723, 171.641494751, 107.774642944, 101.463119507, 88.9696350098, 430.302459717, 182.242050171, 91.5852584839, 13.8707122803, 0.0716096684337, 0.189818769693, 0.326340794563, 0.40222632885, 0.227836728096, 0.287768423557, 0.0858187451959, 3.8404847146e-05, 1.67272293794e-08]}, "gfcc": {"mean": [-200.241699219, 162.670562744, -165.365203857, -25.8393440247, -37.3416137695, -11.1538705826, -13.2117757797, -19.9483985901, -23.8297996521, 2.46352958679, 2.81577420235, -8.67860984802, -6.98225736618], "cov": [[45858.5, 5389.05517578, -1689.5723877, 3974.14770508, -1382.67565918, -2622.61987305, -2009.32629395, 485.701324463, 1291.62390137, 534.703491211, -2061.86254883, -1604.64990234, 292.860809326], [5389.05517578, 3598.5480957, -945.952941895, 299.168365479, 113.347740173, -1361.73815918, 0.485432624817, -202.642089844, 512.826721191, -368.981719971, -146.595077515, -324.244415283, 70.7543334961], [-1689.5723877, -945.952941895, 917.951721191, -274.342498779, -1.3702827692, 515.811096191, -206.388473511, 34.3262939453, -464.740386963, -58.0991325378, -47.6993675232, 251.737884521, 3.67420744896], [3974.14770508, 299.168365479, -274.342498779, 1186.19641113, -156.610961914, -270.84979248, -79.389251709, 129.303405762, 571.124938965, 70.6195297241, -243.100189209, -244.85357666, 21.3072872162], [-1382.67565918, 113.347740173, -1.3702827692, -156.610961914, 363.830871582, -61.6258735657, 163.356674194, 31.0195083618, 8.61812114716, 84.9612503052, 24.5349197388, 33.8878364563, -71.8629379272], [-2622.61987305, -1361.73815918, 515.811096191, -270.84979248, -61.6258735657, 931.019958496, -74.492980957, -29.8487033844, -354.813415527, 91.1262283325, 159.610488892, 198.781463623, 48.2678604126], [-2009.32629395, 0.485432624817, -206.388473511, -79.389251709, 163.356674194, -74.492980957, 436.019561768, 47.3808708191, 51.2110862732, 58.9174461365, 155.510848999, 4.44211912155, -50.6676368713], [485.701324463, -202.642089844, 34.3262939453, 129.303405762, 31.0195083618, -29.8487033844, 47.3808708191, 430.175201416, 20.1245384216, 16.2359905243, -7.20435190201, -2.52603030205, -10.1979894638], [1291.62390137, 512.826721191, -464.740386963, 571.124938965, 8.61812114716, -354.813415527, 51.2110862732, 20.1245384216, 842.517578125, 86.3987503052, -207.167602539, -169.054916382, -76.1036834717], [534.703491211, -368.981719971, -58.0991325378, 70.6195297241, 84.9612503052, 91.1262283325, 58.9174461365, 16.2359905243, 86.3987503052, 498.247467041, -1.03228247166, -154.566726685, -69.4433517456], [-2061.86254883, -146.595077515, -47.6993675232, -243.100189209, 24.5349197388, 159.610488892, 155.510848999, -7.20435190201, -207.167602539, -1.03228247166, 387.219360352, 10.5716485977, 5.16821479797], [-1604.64990234, -324.244415283, 251.737884521, -244.85357666, 33.8878364563, 198.781463623, 4.44211912155, -2.52603030205, -169.054916382, -154.566726685, 10.5716485977, 305.606842041, 16.2136535645], [292.860809326, 70.7543334961, 3.67420744896, 21.3072872162, -71.8629379272, 48.2678604126, -50.6676368713, -10.1979894638, -76.1036834717, -69.4433517456, 5.16821479797, 16.2136535645, 162.821136475]], "icov": [[0.000111811299575, -0.000196796783712, 0.00022681937844, -0.000279037631117, 0.000299418112263, -4.15301728935e-05, 0.000343560910551, -0.000209542631637, 0.000376039126422, -0.000323989486787, 0.000428499479312, -2.52788904618e-05, 0.0001805521606], [-0.000196796783712, 0.0012845613528, -8.98036305443e-05, 0.000544219394214, -0.00114636216313, 0.00118413683958, -0.000153565328219, 0.000806241412647, -0.000752155028749, 0.00118289224338, -0.000968733569607, 0.000473671243526, -0.000991189735942], [0.00022681937844, -8.98036305443e-05, 0.00355861335993, -0.000807958655059, -0.000118056988867, -0.000921243161429, 0.00180006516166, -0.000625964079518, 0.00215962389484, -0.000274784688372, 0.00192135374527, -0.000983246369287, 0.00132757460233], [-0.000279037631117, 0.000544219394214, -0.000807958655059, 0.00241405540146, -0.000184779317351, 0.000157956455951, -0.000949756707996, 6.82818790665e-05, -0.00198393082246, 0.000907140027266, -0.000608617963735, 0.00108381465543, -0.00108094303869], [0.000299418112263, -0.00114636216313, -0.000118056988867, -0.000184779317351, 0.00533773424104, -0.000202699826332, -0.00076635973528, -0.00102694646921, 0.000766718934756, -0.00210014986806, 0.0014722540509, -0.000926595646888, 0.00160779606085], [-4.15301728935e-05, 0.00118413683958, -0.000921243161429, 0.000157956455951, -0.000202699826332, 0.00368836987764, 0.000534401158802, 0.000803909206297, -0.000441445154138, -0.000311157578835, -0.00169027713127, -0.000711163331289, -0.00162054761313], [0.000343560910551, -0.000153565328219, 0.00180006516166, -0.000949756707996, -0.00076635973528, 0.000534401158802, 0.00525964563712, -0.000806983851362, 0.00104403751902, -0.00106824061368, -0.000331064336933, -0.000939989637118, 0.000758466252591], [-0.000209542631637, 0.000806241412647, -0.000625964079518, 6.82818790665e-05, -0.00102694646921, 0.000803909206297, -0.000806983851362, 0.00315562449396, -0.000618848309387, 0.000804087088909, -0.00105117098428, 8.86917332537e-05, -0.000635089585558], [0.000376039126422, -0.000752155028749, 0.00215962389484, -0.00198393082246, 0.000766718934756, -0.000441445154138, 0.00104403751902, -0.000618848309387, 0.00423694960773, -0.00116484367754, 0.00268936855718, -0.000457922695205, 0.00206057238393], [-0.000323989486787, 0.00118289224338, -0.000274784688372, 0.000907140027266, -0.00210014986806, -0.000311157578835, -0.00106824061368, 0.000804087088909, -0.00116484367754, 0.00462037557736, -0.000720752170309, 0.00268072891049, 2.15381714952e-05], [0.000428499479312, -0.000968733569607, 0.00192135374527, -0.000608617963735, 0.0014722540509, -0.00169027713127, -0.000331064336933, -0.00105117098428, 0.00268936855718, -0.000720752170309, 0.00646320637316, 0.000913558644243, 0.00132204242982], [-2.52788904618e-05, 0.000473671243526, -0.000983246369287, 0.00108381465543, -0.000926595646888, -0.000711163331289, -0.000939989637118, 8.86917332537e-05, -0.000457922695205, 0.00268072891049, 0.000913558644243, 0.00700074108317, -0.000561939319596], [0.0001805521606, -0.000991189735942, 0.00132757460233, -0.00108094303869, 0.00160779606085, -0.00162054761313, 0.000758466252591, -0.000635089585558, 0.00206057238393, 2.15381714952e-05, 0.00132204242982, -0.000561939319596, 0.00873175449669]]}, "melbands": {"dmean": [3.60117483069e-05, 9.77483869065e-05, 5.8941415773e-05, 0.000103098209365, 7.23523480701e-05, 5.90430245211e-05, 5.99191771471e-05, 8.26694013085e-05, 8.34324309835e-05, 1.70144885487e-05, 3.20481776726e-05, 3.91151334043e-05, 2.98195900541e-05, 6.82880854583e-05, 4.46775047749e-05, 3.72621980205e-05, 4.43065073341e-05, 2.1945032131e-05, 1.22135179481e-05, 5.6164039961e-06, 6.18631747784e-06, 2.44893089985e-06, 7.53555696065e-07, 1.79530559308e-06, 6.62386980821e-07, 6.94429388659e-07, 1.16856813293e-06, 5.35922026756e-07, 5.80808659834e-07, 3.82646362596e-07, 1.22183462281e-06, 3.00604483527e-07, 2.72365497267e-07, 3.72798467652e-07, 1.51089125211e-07, 4.25879242982e-08, 1.38200766386e-08, 5.10457454084e-08, 2.68412563287e-08, 8.27578077178e-08], "dmean2": [5.91243187955e-05, 0.000164002369274, 9.37960430747e-05, 0.000167100210092, 9.79792166618e-05, 8.73010940268e-05, 8.67978451424e-05, 0.000122145778732, 0.000110007211333, 2.05918859137e-05, 4.01307843276e-05, 4.82655123051e-05, 3.39623293257e-05, 6.747173029e-05, 5.01350041304e-05, 4.29184292443e-05, 5.48274401808e-05, 3.07880400214e-05, 1.66861573234e-05, 7.18809997124e-06, 7.00456712366e-06, 2.61861623585e-06, 1.15642228593e-06, 1.98235807147e-06, 7.75551484367e-07, 7.87669762303e-07, 1.2240933529e-06, 5.87898568938e-07, 5.8076403775e-07, 3.79512584914e-07, 1.15837065096e-06, 3.25677916635e-07, 2.87931385401e-07, 3.63084183164e-07, 1.74343242065e-07, 6.27593408353e-08, 1.91302671482e-08, 6.92034234362e-08, 3.77043534172e-08, 1.23153327536e-07], "dvar": [7.06210068202e-09, 4.30790123573e-08, 1.38096059032e-08, 4.62157423442e-08, 4.52209434343e-08, 1.53098653755e-08, 9.27219279134e-09, 3.40124941545e-08, 4.79412527454e-08, 2.49808818076e-09, 2.5424620631e-08, 2.56192667081e-08, 2.17008828685e-08, 9.76149721055e-08, 3.58600154016e-08, 2.68813629134e-08, 4.6141543919e-08, 1.44166794058e-08, 4.08018241416e-09, 2.22712626119e-09, 7.37845873289e-09, 1.22243237755e-09, 5.36677343191e-12, 2.56641874419e-10, 2.0006185944e-11, 1.00067940045e-11, 4.50735629376e-11, 9.91474697482e-12, 1.67095330628e-11, 5.49003247377e-12, 7.2059636036e-11, 8.29492724508e-12, 7.30028364149e-12, 2.48362615196e-11, 3.5440211963e-12, 1.15489554226e-13, 9.85778129861e-15, 8.47941034336e-14, 2.40815685128e-14, 3.51240358413e-13], "dvar2": [1.61590776315e-08, 1.12237323435e-07, 3.28132045979e-08, 1.33142762593e-07, 8.30751858416e-08, 3.25973523729e-08, 1.94274214493e-08, 7.37184677746e-08, 7.0369630123e-08, 3.56855633932e-09, 3.33591962942e-08, 3.49959172752e-08, 3.38758958662e-08, 1.36675808449e-07, 5.6001983495e-08, 4.2127933142e-08, 6.97140407624e-08, 2.53101166692e-08, 6.5757874701e-09, 3.13408543562e-09, 1.06686668389e-08, 1.18798859639e-09, 1.31260115624e-11, 3.27208343753e-10, 1.58367520486e-11, 8.98318398834e-12, 6.81640160982e-11, 1.49199142624e-11, 1.92704532886e-11, 6.36973893769e-12, 9.4683420826e-11, 1.12604986099e-11, 9.8721612482e-12, 4.11802085487e-11, 5.65072901665e-12, 2.40321380417e-13, 1.75817459956e-14, 1.61421440451e-13, 5.18617436593e-14, 7.69254993906e-13], "max": [0.00151062221266, 0.00269507593475, 0.00122705393005, 0.00282186665572, 0.00383620988578, 0.00200336286798, 0.00206490699202, 0.0024748085998, 0.00286698620766, 0.00140446994919, 0.0117102637887, 0.00985451694578, 0.00781690515578, 0.0111153749749, 0.00718156201765, 0.00502756237984, 0.00668229162693, 0.00520558468997, 0.00255976966582, 0.00254100211896, 0.00712454132736, 0.00352658401243, 0.000111786270281, 0.000980942393653, 0.000421016738983, 0.000275750469882, 0.000291811855277, 0.000120328113553, 0.000153552435222, 0.000166911893757, 0.000306301633827, 0.000141571916174, 0.000133184192237, 0.000275960046565, 9.23982515815e-05, 1.29665422719e-05, 4.3582208491e-06, 7.6017236097e-06, 3.85574321626e-06, 2.16748339881e-05], "mean": [7.12367618689e-05, 0.000143526762258, 0.000124429148855, 0.000242654408794, 0.000247149786446, 0.000226662799832, 0.000193968036911, 0.000271166209131, 0.000251288496656, 5.58126339456e-05, 0.000126241095131, 0.000186690609553, 0.00016682005662, 0.000477160676382, 0.000284421112156, 0.000214883955778, 0.000245029281359, 8.97734935279e-05, 5.2120503824e-05, 2.85853093374e-05, 3.34965552611e-05, 1.06385950858e-05, 1.56606029122e-06, 3.81025756724e-06, 1.42265753311e-06, 1.63592153513e-06, 2.64840241471e-06, 1.08502968033e-06, 1.29247257519e-06, 8.97231302588e-07, 2.61387845057e-06, 7.40832774682e-07, 6.82100392169e-07, 7.4446745657e-07, 2.61016623426e-07, 5.22875538422e-08, 1.72415699495e-08, 6.44714930331e-08, 3.46927357953e-08, 1.03204122581e-07], "median": [1.0402784028e-05, 4.14591377194e-05, 3.87924737879e-05, 0.000104694554466, 6.85136619722e-05, 8.18241096567e-05, 0.000116084789624, 0.000120100085041, 7.2748909588e-05, 1.43222287079e-05, 1.68796668731e-05, 3.62743594451e-05, 1.5142657503e-05, 1.69442973856e-05, 1.37767501656e-05, 1.11186509457e-05, 8.8175493147e-06, 8.23872505862e-06, 4.69754468213e-06, 6.24151994089e-07, 1.34916581374e-06, 7.18898036212e-07, 7.51739378302e-07, 5.63074763704e-07, 2.67627228823e-07, 4.97516680298e-07, 3.10374616674e-07, 1.0601612388e-07, 3.27245359699e-08, 3.15581587529e-08, 9.04228336651e-09, 4.81953321696e-09, 1.8985679695e-09, 9.40211020151e-10, 2.64767846536e-10, 1.30738489479e-10, 4.24289908763e-11, 3.23172807959e-11, 1.22616326814e-11, 9.04058859025e-12], "min": [2.07516586158e-24, 1.57615178003e-24, 3.72639629496e-24, 3.76397052874e-24, 2.40299988771e-24, 3.58770113719e-24, 5.43099257695e-24, 3.71464976166e-24, 1.27514346201e-24, 2.75099857908e-24, 4.00515410089e-24, 4.9209095936e-24, 4.71476170084e-24, 1.93930527825e-24, 4.65764186041e-24, 6.03346024419e-24, 5.12243831134e-24, 6.21920227749e-24, 5.53742529585e-24, 4.71659461915e-24, 5.80058929383e-24, 4.61968108479e-24, 3.42799821908e-24, 5.24191326759e-24, 3.86298558855e-24, 5.21509672997e-24, 4.85895798013e-24, 6.98536726004e-24, 5.62144884301e-24, 4.51825289947e-24, 6.22509191301e-24, 5.47046441563e-24, 6.40622699862e-24, 6.02141197158e-24, 8.06948618031e-24, 6.34010309982e-24, 5.15056435805e-24, 5.76632314826e-24, 6.11814249021e-24, 6.83111103205e-24], "var": [2.73077400692e-08, 6.46929265713e-08, 3.43317090312e-08, 1.10344331006e-07, 1.74623451699e-07, 1.02412244019e-07, 6.15610105115e-08, 1.3975802915e-07, 2.1861033872e-07, 1.47483705248e-08, 2.79791464664e-07, 4.20736085971e-07, 3.06681926077e-07, 1.52110544605e-06, 5.19916682151e-07, 3.59767398095e-07, 5.96667860009e-07, 1.22347870501e-07, 4.22432329117e-08, 3.16386525867e-08, 1.19241079233e-07, 1.88495175024e-08, 9.42783091179e-12, 9.5537200373e-10, 1.19194640269e-10, 5.77801521906e-11, 1.43838954636e-10, 3.29356854289e-11, 7.28091545388e-11, 3.84665459208e-11, 2.56781207408e-10, 3.95645669005e-11, 3.4692741735e-11, 7.70346911261e-11, 8.34449870313e-12, 1.55442756648e-13, 1.73858492978e-14, 1.41460167148e-13, 4.23247252675e-14, 5.4027789187e-13]}, "mfcc": {"mean": [-805.767822266, 181.50402832, -40.7512245178, -4.0470533371, -11.5435266495, -4.77666568756, 7.25454616547, -13.8677148819, -11.5495653152, -3.09633231163, 0.502353966236, 0.438085824251, 3.18734908104], "cov": [[16370.0917969, 6257.82226562, -2085.38647461, 1688.31420898, 305.935821533, 38.1289482117, -427.058105469, -855.967712402, 429.176391602, 635.772705078, 512.329101562, -378.893310547, -586.45098877], [6257.82226562, 3326.39868164, -828.294555664, 528.213500977, 156.172134399, -199.942993164, -129.226760864, -256.361358643, -8.17581748962, 233.135955811, 54.403175354, -210.561950684, -154.013793945], [-2085.38647461, -828.294555664, 521.019958496, -263.533538818, -78.7439804077, 73.0848312378, 61.3972396851, 147.913970947, -87.5610275269, -241.4871521, -178.683273315, -68.0282211304, 40.2264518738], [1688.31420898, 528.213500977, -263.533538818, 503.347412109, 91.4809646606, -24.6654949188, -164.132263184, -78.2642440796, 165.212982178, 180.880981445, 165.220443726, -22.7325553894, -73.6184539795], [305.935821533, 156.172134399, -78.7439804077, 91.4809646606, 231.183227539, 7.3847413063, -85.9722747803, -46.1098556519, 67.8385314941, 83.5341567993, 88.4730758667, -41.9075889587, -59.0835380554], [38.1289482117, -199.942993164, 73.0848312378, -24.6654949188, 7.3847413063, 353.922302246, 12.0472373962, -101.210678101, 22.1736412048, -83.2790985107, 32.0411605835, 18.4629402161, -67.5569229126], [-427.058105469, -129.226760864, 61.3972396851, -164.132263184, -85.9722747803, 12.0472373962, 398.820495605, -1.67289686203, -128.50390625, -70.1220016479, -67.5159072876, 165.967636108, 22.093372345], [-855.967712402, -256.361358643, 147.913970947, -78.2642440796, -46.1098556519, -101.210678101, -1.67289686203, 397.548492432, -75.5580825806, -55.2047691345, -236.040222168, -109.980491638, 193.691925049], [429.176391602, -8.17581748962, -87.5610275269, 165.212982178, 67.8385314941, 22.1736412048, -128.50390625, -75.5580825806, 320.636535645, 87.6089401245, 220.339630127, -50.9944572449, -139.312042236], [635.772705078, 233.135955811, -241.4871521, 180.880981445, 83.5341567993, -83.2790985107, -70.1220016479, -55.2047691345, 87.6089401245, 339.819549561, 176.633560181, 130.61428833, -2.02447557449], [512.329101562, 54.403175354, -178.683273315, 165.220443726, 88.4730758667, 32.0411605835, -67.5159072876, -236.040222168, 220.339630127, 176.633560181, 467.491577148, 97.5450592041, -118.176704407], [-378.893310547, -210.561950684, -68.0282211304, -22.7325553894, -41.9075889587, 18.4629402161, 165.967636108, -109.980491638, -50.9944572449, 130.61428833, 97.5450592041, 453.555023193, -49.3497657776], [-586.45098877, -154.013793945, 40.2264518738, -73.6184539795, -59.0835380554, -67.5569229126, 22.093372345, 193.691925049, -139.312042236, -2.02447557449, -118.176704407, -49.3497657776, 388.548583984]], "icov": [[0.000453608052339, -0.000601286941674, 0.000716420414392, -0.000586779671721, 0.000363075145287, -0.000507024116814, -0.000109623797471, 0.000166259182151, -0.000156045382028, 4.45990190201e-05, 0.000131083987071, 0.000272382661933, 0.000170114130015], [-0.000601286941674, 0.00151875196025, 0.000173744658241, 0.000410496082623, -0.000529574404936, 0.00090452330187, -8.07760116572e-08, 8.13695587567e-05, 0.000786394113675, 2.10476559914e-06, 8.9544490038e-05, 0.000266489543719, 0.000133483772515], [0.000716420414392, 0.000173744658241, 0.00661371648312, -0.000250384124229, 0.000576254620682, -0.000975449976977, -4.98289300594e-05, -0.00061483355239, 0.000539351953194, 0.00208435161039, 0.00046503028716, 0.00110415229574, 0.00113130407408], [-0.000586779671721, 0.000410496082623, -0.000250384124229, 0.00436462229118, -0.000546954048332, 0.000377509073587, 0.000941287027672, -0.000539346132427, -0.000890986586455, -0.000763354881201, -0.000332012801664, -0.000485711352667, -0.000158345632371], [0.000363075145287, -0.000529574404936, 0.000576254620682, -0.000546954048332, 0.00590349221602, -0.000821513531264, 0.000382085214369, -1.28175743157e-05, 0.000286152499029, -0.00146028737072, -0.00051938125398, 0.00122644926887, 0.00100711523555], [-0.000507024116814, 0.00090452330187, -0.000975449976977, 0.000377509073587, -0.000821513531264, 0.00415214058012, 0.000162024298334, 0.00100632302929, -6.20550417807e-05, 0.00105257949326, 3.29784888891e-05, -0.000532616570126, -0.00022245584114], [-0.000109623797471, -8.07760116572e-08, -4.98289300594e-05, 0.000941287027672, 0.000382085214369, 0.000162024298334, 0.00390718365088, -0.000242896945565, 0.0006683995598, 0.00096003129147, -0.0002095146192, -0.0016711615026, -2.81233260466e-05], [0.000166259182151, 8.13695587567e-05, -0.00061483355239, -0.000539346132427, -1.28175743157e-05, 0.00100632302929, -0.000242896945565, 0.00585177959874, -0.0014583771117, -0.000819845183287, 0.00294828298502, 0.000741168041714, -0.00202194019221], [-0.000156045382028, 0.000786394113675, 0.000539351953194, -0.000890986586455, 0.000286152499029, -6.20550417807e-05, 0.0006683995598, -0.0014583771117, 0.00743889342993, -0.000476456450997, -0.00312253064476, 0.00161818740889, 0.00249375845306], [4.45990190201e-05, 2.10476559914e-06, 0.00208435161039, -0.000763354881201, -0.00146028737072, 0.00105257949326, 0.00096003129147, -0.000819845183287, -0.000476456450997, 0.00706966640428, -0.00121035228949, -0.00232878653333, -0.000775117718149], [0.000131083987071, 8.9544490038e-05, 0.00046503028716, -0.000332012801664, -0.00051938125398, 3.29784888891e-05, -0.0002095146192, 0.00294828298502, -0.00312253064476, -0.00121035228949, 0.00561814010143, -0.000359189376468, -0.00087150267791], [0.000272382661933, 0.000266489543719, 0.00110415229574, -0.000485711352667, 0.00122644926887, -0.000532616570126, -0.0016711615026, 0.000741168041714, 0.00161818740889, -0.00232878653333, -0.000359189376468, 0.00468216370791, 0.00118334579747], [0.000170114130015, 0.000133483772515, 0.00113130407408, -0.000158345632371, 0.00100711523555, -0.00022245584114, -2.81233260466e-05, -0.00202194019221, 0.00249375845306, -0.000775117718149, -0.00087150267791, 0.00118334579747, 0.00463554542512]]}, "spectral_contrast_coeffs": {"dmean": [0.0387716516852, 0.0317692905664, 0.0260459315032, 0.0246033705771, 0.0236453711987, 0.043123755604], "dmean2": [0.0659883096814, 0.0510556548834, 0.0410380959511, 0.0391347445548, 0.0376001037657, 0.073782749474], "dvar": [0.00106609857175, 0.00113018346019, 0.000991312437691, 0.000833670725115, 0.000884704466444, 0.00132007128559], "dvar2": [0.00297598773614, 0.00277404254302, 0.00232683797367, 0.00192174455151, 0.00223763799295, 0.00367432972416], "max": [-0.31318166852, -0.404313921928, -0.358558148146, -0.339635968208, -0.490002453327, -0.437643527985], "mean": [-0.646914243698, -0.673456788063, -0.645855128765, -0.655149102211, -0.716576814651, -0.728920221329], "median": [-0.635976433754, -0.671374320984, -0.652002573013, -0.667137742043, -0.706996798515, -0.716223418713], "min": [-0.977694630623, -0.980521261692, -0.990033328533, -0.993213295937, -0.994818150997, -0.972148835659], "var": [0.0137575492263, 0.00796717870981, 0.0092045487836, 0.0106934094802, 0.00559106748551, 0.0119784390554]}, "spectral_contrast_valleys": {"dmean": [0.465026199818, 0.312761217356, 0.309315472841, 0.30187985301, 0.326975464821, 0.747075736523], "dmean2": [0.741332352161, 0.49612185359, 0.490047633648, 0.48060721159, 0.521026