{"lowlevel": {"average_loudness": 0.815857589245, "barkbands_crest": {"dmean": 2.0813229084, "dmean2": 3.2353656292, "dvar": 4.25005149841, "dvar2": 10.5794029236, "max": 25.4498252869, "mean": 12.769490242, "median": 12.4790859222, "min": 3.04358053207, "var": 17.3656234741}, "barkbands_flatness_db": {"dmean": 0.0241143293679, "dmean2": 0.0385045558214, "dvar": 0.000996619928628, "dvar2": 0.00251727434807, "max": 0.484750807285, "mean": 0.323644787073, "median": 0.324335306883, "min": 0.0298399142921, "var": 0.00302557949908}, "barkbands_kurtosis": {"dmean": 2.01858735085, "dmean2": 3.17389917374, "dvar": 14.1739635468, "dvar2": 38.7782058716, "max": 82.8321304321, "mean": 3.01815414429, "median": 1.47791957855, "min": -1.66157710552, "var": 30.9282188416}, "barkbands_skewness": {"dmean": 0.409012436867, "dmean2": 0.608816921711, "dvar": 0.138383865356, "dvar2": 0.29395455122, "max": 4.75437116623, "mean": 0.925669789314, "median": 0.962545394897, "min": -2.80627417564, "var": 0.87163567543}, "barkbands_spread": {"dmean": 1.25569486618, "dmean2": 1.9517275095, "dvar": 4.385160923, "dvar2": 9.68876457214, "max": 75.6656570435, "mean": 5.75766181946, "median": 5.12295293808, "min": 0.633673787117, "var": 17.0619029999}, "dissonance": {"dmean": 0.0480687282979, "dmean2": 0.0810453295708, "dvar": 0.00174476648681, "dvar2": 0.00482932338491, "max": 0.49866476655, "mean": 0.374853521585, "median": 0.379281818867, "min": 0.140023171902, "var": 0.00372933456674}, "dynamic_complexity": 6.14651012421, "erbbands_crest": {"dmean": 3.21229410172, "dmean2": 5.06751871109, "dvar": 10.2629671097, "dvar2": 24.2935066223, "max": 32.5765457153, "mean": 16.1703243256, "median": 14.4439058304, "min": 3.66763138771, "var": 45.1462631226}, "erbbands_flatness_db": {"dmean": 0.0231808070093, "dmean2": 0.0368049256504, "dvar": 0.000795218278654, "dvar2": 0.00203252956271, "max": 0.507842421532, "mean": 0.368839144707, "median": 0.367180764675, "min": 0.0687166824937, "var": 0.00288802850991}, "erbbands_kurtosis": {"dmean": 1.92243587971, "dmean2": 3.04869508743, "dvar": 22.0223484039, "dvar2": 62.0476226807, "max": 90.073097229, "mean": 2.11898970604, "median": 0.259100675583, "min": -1.66794931889, "var": 38.4518432617}, "erbbands_skewness": {"dmean": 0.415483504534, "dmean2": 0.627368986607, "dvar": 0.189554870129, "dvar2": 0.471087932587, "max": 7.0067152977, "mean": 0.484297245741, "median": 0.401515185833, "min": -3.41880679131, "var": 1.10495042801}, "erbbands_spread": {"dmean": 2.33431053162, "dmean2": 3.56464457512, "dvar": 6.49989366531, "dvar2": 14.9754638672, "max": 51.2807998657, "mean": 10.9101581573, "median": 10.3908338547, "min": 0.821396112442, "var": 31.8144359589}, "hfc": {"dmean": 2.51331996918, "dmean2": 3.44047093391, "dvar": 31.3160095215, "dvar2": 57.2508239746, "max": 106.798904419, "mean": 8.63953781128, "median": 4.36208629608, "min": 1.4872065357e-08, "var": 143.595840454}, "melbands_crest": {"dmean": 2.41599917412, "dmean2": 3.68266654015, "dvar": 5.40358638763, "dvar2": 13.3847846985, "max": 31.5008354187, "mean": 15.4624404907, "median": 14.7860774994, "min": 4.05177211761, "var": 25.0871086121}, "melbands_flatness_db": {"dmean": 0.0256962887943, "dmean2": 0.0412638410926, "dvar": 0.0012344744755, "dvar2": 0.00309215555899, "max": 0.60783970356, "mean": 0.430279761553, "median": 0.434677004814, "min": 0.0292185936123, "var": 0.00407734606415}, "melbands_kurtosis": {"dmean": 2.19119882584, "dmean2": 3.40488362312, "dvar": 11.1600656509, "dvar2": 28.4044513702, "max": 60.752620697, "mean": 3.83722662926, "median": 2.28253936768, "min": -1.79612421989, "var": 31.905330658}, "melbands_skewness": {"dmean": 0.399121165276, "dmean2": 0.602363348007, "dvar": 0.140166088939, "dvar2": 0.308392673731, "max": 5.15937280655, "mean": 1.07608258724, "median": 1.08411312103, "min": -2.50846552849, "var": 0.776240587234}, "melbands_spread": {"dmean": 1.96567046642, "dmean2": 2.99487471581, "dvar": 13.2180480957, "dvar2": 24.1054458618, "max": 129.783554077, "mean": 8.63208961487, "median": 7.7531876564, "min": 0.87097799778, "var": 27.7007350922}, "pitch_salience": {"dmean": 0.0549907274544, "dmean2": 0.0863297954202, "dvar": 0.00327248871326, "dvar2": 0.00822021812201, "max": 0.839590907097, "mean": 0.488191008568, "median": 0.487387955189, "min": 0.118815116584, "var": 0.0100055960938}, "silence_rate_20dB": {"dmean": 0, "dmean2": 0, "dvar": 0, "dvar2": 0, "max": 1, "mean": 1, "median": 1, "min": 1, "var": 0}, "silence_rate_30dB": {"dmean": 0.00964242685586, "dmean2": 0.0192926041782, "dvar": 0.00954946409911, "dvar2": 0.0213327314705, "max": 1, "mean": 0.987951815128, "median": 1, "min": 0, "var": 0.0119028743356}, "silence_rate_60dB": {"dmean": 0.039373241365, "dmean2": 0.0783762037754, "dvar": 0.0378222204745, "dvar2": 0.0794701650739, "max": 1, "mean": 0.171485945582, "median": 0, "min": 0, "var": 0.142075911164}, "spectral_centroid": {"dmean": 58.277797699, "dmean2": 88.1148910522, "dvar": 48378.4648438, "dvar2": 55803.7109375, "max": 10917.5761719, "mean": 556.604003906, "median": 534.472167969, "min": 217.254852295, "var": 65904.453125}, "spectral_complexity": {"dmean": 1.40216958523, "dmean2": 2.30707406998, "dvar": 3.20387911797, "dvar2": 7.58494281769, "max": 23, "mean": 8.34457874298, "median": 8, "min": 0, "var": 12.4451780319}, "spectral_decrease": {"dmean": 1.11302667083e-09, "dmean2": 1.453146381e-09, "dvar": 6.22444642832e-18, "dvar2": 1.01085052546e-17, "max": -1.19420995612e-19, "mean": -4.2591721261e-09, "median": -2.27235807948e-09, "min": -4.62956855074e-08, "var": 3.19112648386e-17}, "spectral_energy": {"dmean": 0.00441754143685, "dmean2": 0.00577511265874, "dvar": 9.80787517619e-05, "dvar2": 0.000160141295055, "max": 0.183485507965, "mean": 0.0168587081134, "median": 0.00899956002831, "min": 1.79966360824e-12, "var": 0.000501022848766}, "spectral_energyband_high": {"dmean": 4.19162972776e-07, "dmean2": 7.59511635806e-07, "dvar": 2.67856396785e-12, "dvar2": 7.68550240809e-12, "max": 1.78792161023e-05, "mean": 4.21505717441e-07, "median": 1.17320176685e-07, "min": 1.05229616253e-12, "var": 1.62786104041e-12}, "spectral_energyband_low": {"dmean": 0.000324697000906, "dmean2": 0.000459638045868, "dvar": 6.34827642898e-07, "dvar2": 1.12969064503e-06, "max": 0.017098467797, "mean": 0.000988573650829, "median": 0.00023614987731, "min": 1.42407055115e-13, "var": 3.83826773032e-06}, "spectral_energyband_middle_high": {"dmean": 0.00106204429176, "dmean2": 0.0016390417004, "dvar": 7.14753377906e-06, "dvar2": 1.6451918782e-05, "max": 0.0464262440801, "mean": 0.00212752446532, "median": 0.000909553200472, "min": 2.52486508263e-13, "var": 1.40590582305e-05}, "spectral_energyband_middle_low": {"dmean": 0.00392666272819, "dmean2": 0.00505590531975, "dvar": 7.84439180279e-05, "dvar2": 0.000121198798297, "max": 0.169191271067, "mean": 0.0143390623853, "median": 0.00708265788853, "min": 1.76590485941e-13, "var": 0.000418539362727}, "spectral_entropy": {"dmean": 0.188525930047, "dmean2": 0.303522616625, "dvar": 0.0700759217143, "dvar2": 0.173034489155, "max": 9.79775524139, "mean": 5.8245806694, "median": 5.78818416595, "min": 4.6435918808, "var": 0.213073849678}, "spectral_flux": {"dmean": 0.014027682133, "dmean2": 0.0233404766768, "dvar": 0.000708251318429, "dvar2": 0.00171191559639, "max": 0.331994265318, "mean": 0.0351155996323, "median": 0.0260373093188, "min": 1.52258153321e-05, "var": 0.00107571110129}, "spectral_kurtosis": {"dmean": 30.7038555145, "dmean2": 53.4186019897, "dvar": 716.011474609, "dvar2": 1968.64453125, "max": 298.09942627, "mean": 85.989654541, "median": 84.6987686157, "min": -1.19877922535, "var": 1932.89904785}, "spectral_rms": {"dmean": 0.000453609536635, "dmean2": 0.000592162483372, "dvar": 5.69322253341e-07, "dvar2": 8.70287067301e-07, "max": 0.0133794713765, "mean": 0.00342445727438, "median": 0.00296311639249, "min": 4.19019023923e-08, "var": 4.72066176371e-06}, "spectral_rolloff": {"dmean": 107.051391602, "dmean2": 186.50177002, "dvar": 181090.28125, "dvar2": 216531.140625, "max": 16666.6992188, "mean": 752.241638184, "median": 689.0625, "min": 150.732421875, "var": 209787.9375}, "spectral_skewness": {"dmean": 1.59978330135, "dmean2": 2.80912971497, "dvar": 1.64506876469, "dvar2": 4.67919158936, "max": 14.0046768188, "mean": 6.29979467392, "median": 6.26207351685, "min": 0.0203372891992, "var": 4.47335529327}, "spectral_spread": {"dmean": 300777.53125, "dmean2": 516643.125, "dvar": 633275285504, "dvar2": 726115745792, "max": 40175800, "mean": 1147402.75, "median": 890596.125, "min": 260073.28125, "var": 1847409508350.0}, "spectral_strongpeak": {"dmean": 0.415337383747, "dmean2": 0.645899057388, "dvar": 0.400112122297, "dvar2": 0.854201316833, "max": 8.41618442535, "mean": 1.32468092442, "median": 0.927116751671, "min": 0, "var": 1.60072398186}, "zerocrossingrate": {"dmean": 0.0028243411798, "dmean2": 0.00362953101285, "dvar": 5.7476132497e-05, "dvar2": 8.73648459674e-05, "max": 0.47607421875, "mean": 0.0277128051966, "median": 0.02587890625, "min": 0.0078125, "var": 0.000249097443884}, "barkbands": {"dmean": [1.42355213484e-06, 6.80385710439e-05, 0.000154009336256, 0.000365374784451, 0.000581971253268, 0.00107553962152, 0.00120226584841, 0.000680162978824, 0.00115424243268, 0.000651784532238, 0.000483585434267, 8.29998534755e-05, 7.7440206951e-05, 6.66530686431e-05, 3.99217060476e-05, 1.30733515107e-05, 5.32898775418e-06, 2.05029573408e-06, 5.8297985106e-07, 1.62553376981e-07, 4.33090932006e-08, 4.22625312524e-08, 3.10464223219e-08, 4.226648187e-08, 3.57993883426e-08, 1.06508785791e-07, 6.88664130166e-08], "dmean2": [2.39735300056e-06, 8.45524118631e-05, 0.000230685764109, 0.000532590143848, 0.000794851453975, 0.00152698578313, 0.00147509493399, 0.000976114009973, 0.00164588412736, 0.000963162106927, 0.000796170264948, 0.000137070164783, 0.000113837399113, 0.000104605525848, 6.7757195211e-05, 2.17780980165e-05, 8.50047672429e-06, 3.55698671228e-06, 9.18229943636e-07, 2.63728537675e-07, 7.54882094611e-08, 7.89567238257e-08, 5.84709063389e-08, 8.08894213833e-08, 6.76712659242e-08, 2.01875423045e-07, 1.31329230157e-07], "dvar": [5.42409303236e-12, 4.71321541795e-08, 2.69136279485e-07, 6.10699601111e-07, 1.67367386439e-06, 1.32141422e-05, 2.13986313611e-05, 4.73138788948e-06, 1.80128390639e-05, 3.33178013534e-06, 4.40751091446e-06, 4.20343653218e-08, 3.02595815072e-08, 2.72324420791e-08, 1.14701954601e-08, 1.77310377492e-09, 1.61269775312e-10, 7.89432269555e-11, 5.09746671956e-12, 2.35533272573e-13, 2.29589703369e-14, 3.84030338725e-14, 2.50620074552e-14, 3.9924748891e-14, 4.33404770135e-14, 4.73099207379e-13, 1.6925245656e-13], "dvar2": [1.39079529143e-11, 5.44581020279e-08, 4.97628093399e-07, 1.1744365338e-06, 2.87652642328e-06, 2.12514623854e-05, 2.88833198283e-05, 9.88167175819e-06, 3.67454194929e-05, 6.55129815641e-06, 1.20456015793e-05, 1.05030942166e-07, 6.64025563424e-08, 6.69192203873e-08, 3.16727799543e-08, 4.87661866444e-09, 4.23793583559e-10, 2.26247409696e-10, 1.34151370568e-11, 5.6734239702e-13, 6.39499643019e-14, 1.11995197729e-13, 7.32656529846e-14, 1.17349299765e-13, 1.27308008428e-13, 1.37182713106e-12, 4.952829054e-13], "max": [2.48600426858e-05, 0.00681716576219, 0.0134504642338, 0.0189647302032, 0.0429134555161, 0.109943158925, 0.132703408599, 0.0465196557343, 0.100087411702, 0.0443526506424, 0.0391140691936, 0.00510390428826, 0.0033676517196, 0.002892695833, 0.00177167111542, 0.00106658774894, 0.000199862799491, 0.000146340491483, 4.74652879348e-05, 9.07007506612e-06, 2.42405076278e-06, 2.8381307402e-06, 2.36930736719e-06, 2.68676762971e-06, 3.88823764297e-06, 1.16796363727e-05, 5.55886663278e-06], "mean": [1.54616373038e-06, 0.000187873534742, 0.000377997290343, 0.00117589498404, 0.00162349606398, 0.0029599305708, 0.00375751429237, 0.0014622596791, 0.00296095688827, 0.00107206415851, 0.000748596503399, 0.000162780997925, 0.000152252803673, 0.000119886128232, 5.78894614591e-05, 2.38643024204e-05, 9.54491224547e-06, 2.88728688247e-06, 9.43894576722e-07, 2.71304855914e-07, 5.65957165577e-08, 3.86968643795e-08, 2.47293865385e-08, 3.15323269717e-08, 2.68891948707e-08, 6.77629756751e-08, 4.81540745056e-08], "median": [7.06179434928e-07, 1.53475484694e-05, 4.97634646308e-05, 0.000206567448913, 0.000633590563666, 0.000892970419955, 0.000780059024692, 0.000299329054542, 0.000136217247928, 0.000211922611925, 9.53787821345e-05, 4.43548997282e-05, 5.27004995092e-05, 4.08009291277e-05, 2.37992862822e-05, 5.65517439099e-06, 3.77578044208e-06, 8.126994544e-07, 2.53287083751e-07, 6.66849118147e-08, 1.92266416121e-08, 9.7352881312e-09, 5.19973841762e-09, 8.28850499346e-09, 6.93393120699e-09, 8.20855117212e-09, 1.07383790748e-08], "min": [9.65794623637e-14, 3.51123955757e-14, 4.25946882203e-14, 1.65417555548e-14, 1.309506499e-14, 4.04962555731e-14, 3.68597059613e-14, 2.21610229489e-14, 4.43231707576e-14, 2.45385038244e-14, 7.72182847991e-15, 1.63490657237e-14, 2.28552494584e-14, 2.70367665159e-14, 1.04780575967e-14, 2.30524319523e-14, 3.60997920467e-14, 3.07957598224e-14, 3.82653232559e-14, 6.34440213581e-14, 1.10261443259e-13, 5.70851823927e-14, 1.24803894433e-13, 1.09829381917e-13, 1.35229270815e-13, 2.63078838228e-13, 2.19650578108e-13], "var": [6.39849848452e-12, 4.00904212938e-07, 1.2047241853e-06, 6.22336574452e-06, 9.65577874013e-06, 4.65261800855e-05, 0.000131651599077, 1.46120028148e-05, 8.38151390781e-05, 7.3741275628e-06, 5.65524760532e-06, 1.37792270039e-07, 8.53631618725e-08, 5.21236032114e-08, 1.21785417306e-08, 2.48841125483e-09, 2.43657427568e-10, 7.36288321979e-11, 5.88372059407e-12, 4.40129595096e-13, 1.86271066253e-14, 2.27674917629e-14, 1.38402202025e-14, 2.16044037179e-14, 2.36184989887e-14, 2.5203542595e-13, 9.17080539113e-14]}, "erbbands": {"dmean": [0.000470519589726, 0.0212241318077, 0.149496778846, 0.658638656139, 1.5323703289, 2.10216403008, 4.45849180222, 9.89528179169, 9.96954345703, 29.0108375549, 11.741604805, 32.7584762573, 15.453710556, 19.4784755707, 17.6699886322, 4.15011644363, 3.751070261, 3.57299113274, 1.99762415886, 1.75519704819, 0.621222317219, 0.272055715322, 0.138668730855, 0.0523897446692, 0.0195252988487, 0.00654556695372, 0.00346834375523, 0.00146349845454, 0.00142782053445, 0.00120072590653, 0.00100603373721, 0.000842346344143, 0.000727686565369, 0.00038196175592, 0.000285221933154, 0.000373300979845, 0.000241598390858, 5.25006580574e-05, 1.07139921965e-05, 5.35546178071e-06], "dmean2": [0.000624201144092, 0.0271101295948, 0.218421399593, 0.975290477276, 2.48593306541, 2.68493819237, 5.95486831665, 14.5693387985, 13.2389812469, 35.1420974731, 17.2267436981, 46.1377220154, 23.3460540771, 29.3053302765, 28.4767093658, 6.47034502029, 5.47483825684, 5.5934381485, 3.36807966232, 2.91584777832, 1.02347123623, 0.433929651976, 0.236276462674, 0.0896554812789, 0.0298519041389, 0.0108048031107, 0.00543564977124, 0.00259147700854, 0.00266407500021, 0.00221441918984, 0.00190139387269, 0.00161873607431, 0.00138179468922, 0.000720852578525, 0.000540663895663, 0.000716565060429, 0.000451852043625, 9.84497964964e-05, 1.94164713321e-05, 7.34353034204e-06], "dvar": [1.30833450385e-06, 0.00461667124182, 0.227336660028, 1.98063218594, 10.1532936096, 33.4275856018, 213.527313232, 1058.83752441, 864.286865234, 14521.3037109, 1302.20727539, 14997.8388672, 1857.51000977, 3921.02294922, 4348.22753906, 89.3521652222, 67.1387329102, 77.7049789429, 37.6217498779, 20.5302371979, 2.61198925972, 0.503949761391, 0.282015800476, 0.065058298409, 0.00494337361306, 0.000340333732311, 0.000115281931357, 3.54658186552e-05, 5.04022573296e-05, 3.21359329973e-05, 2.86482845695e-05, 2.05991691473e-05, 1.83491538337e-05, 5.1299793995e-06, 4.0915374484e-06, 1.27637877085e-05, 3.61999104825e-06, 7.44216848148e-08, 3.50340423338e-09, 1.48990833559e-10], "dvar2": [1.68232861597e-06, 0.00574275897816, 0.414860963821, 3.82082152367, 29.1967372894, 47.9043235779, 315.346557617, 1803.84240723, 1502.64465332, 18962.7363281, 3020.3671875, 31080.3886719, 4149.26416016, 7774.73291016, 11171.3330078, 201.229934692, 141.65927124, 189.937240601, 102.499977112, 59.6108818054, 6.96698760986, 1.35859262943, 0.79768294096, 0.184646695852, 0.0113643724471, 0.000872058502864, 0.00027783587575, 0.000101433375676, 0.000147735787323, 9.27198343561e-05, 8.39587301016e-05, 6.07942929491e-05, 5.41336121387e-05, 1.4985679627e-05, 1.20931026686e-05, 3.77716642106e-05, 1.03121310531e-05, 2.15844977447e-07, 1.02148600689e-08, 2.79481271459e-10], "max": [0.0318737402558, 2.14758729935, 11.4252557755, 31.4904785156, 48.658039093, 200.529129028, 486.956359863, 913.086669922, 974.063903809, 3567.62768555, 923.05859375, 2934.93359375, 796.33026123, 1658.67590332, 1188.40722656, 260.753356934, 169.229492188, 148.908416748, 87.0742797852, 86.3374481201, 32.7296180725, 12.1650714874, 8.60295295715, 5.62424945831, 1.53768980503, 0.397110700607, 0.203612104058, 0.113113604486, 0.125880613923, 0.104548871517, 0.0819164589047, 0.0694705098867, 0.0700700208545, 0.0482575446367, 0.0474374443293, 0.093131005764, 0.0339396782219, 0.00350051536225, 0.00102053128649, 0.000207302713534], "mean": [0.00123022473417, 0.0595864951611, 0.400210916996, 2.09048366547, 4.29779100418, 5.98181247711, 12.0840501785, 26.6218414307, 32.4686813354, 82.2727127075, 26.8886013031, 83.5207443237, 29.3245849609, 31.6166706085, 30.1839981079, 9.58228492737, 7.86987543106, 6.65279626846, 3.12792348862, 2.82661294937, 1.23127579689, 0.499076634645, 0.212473601103, 0.0831446051598, 0.0312201660126, 0.0111180432141, 0.00543047813699, 0.0019501951756, 0.00137311709113, 0.00104596198071, 0.000804436742328, 0.000626465596724, 0.000561562366784, 0.000296497513773, 0.000214811429032, 0.000243793387199, 0.000159586445079, 3.88398002542e-05, 1.495649758e-05, 1.95626671484e-05], "median": [0.000327609217493, 0.00796282663941, 0.0762082189322, 0.469154000282, 1.55429434776, 1.91169857979, 3.44215869904, 7.89723300934, 13.7841720581, 10.0622291565, 7.0776553154, 4.69021368027, 7.27215433121, 5.78063631058, 5.24363708496, 3.63465118408, 3.02634239197, 2.58335351944, 1.42279458046, 1.07294273376, 0.405417442322, 0.208028674126, 0.0746030882001, 0.0253336057067, 0.00835115648806, 0.00366235058755, 0.00150874373503, 0.000560743326787, 0.000344040920027, 0.000236125983065, 0.000174442669959, 0.000118993964861, 8.668393275e-05, 5.82035063417e-05, 4.56611669506e-05, 3.60239719157e-05, 2.05004198506e-05, 8.09101857158e-06, 6.23503365205e-06, 1.04029732029e-05], "min": [2.19854820113e-12, 5.05121552224e-12, 3.88622849179e-11, 6.51604534219e-11, 2.23351614981e-11, 5.70105282427e-11, 1.2411253969e-10, 4.14851014652e-10, 4.28830582155e-10, 6.97879642964e-10, 4.29488805631e-10, 1.08809539157e-09, 8.68186689207e-10, 5.60054669307e-10, 5.50709200464e-10, 4.85460505129e-10, 8.59699755829e-10, 1.7847990863e-09, 5.9869453839e-10, 4.63228094771e-10, 1.89604709711e-09, 1.86767645793e-09, 1.89286430974e-09, 1.70423164469e-09, 1.70872394012e-09, 2.92182278372e-09, 3.70261732385e-09, 4.38932179492e-09, 2.18689910625e-09, 3.17153747709e-09, 2.90543433756e-09, 2.91932700236e-09, 1.63834124045e-09, 1.33920952106e-09, 1.11778986067e-09, 9.0501600658e-10, 5.19445486624e-10, 1.5728403302e-10, 2.79736667858e-11, 3.42729360517e-12], "var": [9.66181869444e-06, 0.0379044413567, 1.15253341198, 16.8773498535, 47.4803581238, 194.846679688, 896.833251953, 3613.86303711, 3183.98388672, 87931.453125, 2955.26342773, 67060.2890625, 4464.88574219, 8495.32519531, 7865.79443359, 373.347442627, 203.359634399, 149.824890137, 38.3566589355, 25.6369552612, 5.61442756653, 0.691706717014, 0.262789964676, 0.0626341924071, 0.0073628500104, 0.000477516878163, 0.000183257972822, 2.81118009298e-05, 2.96997204714e-05, 1.93705782294e-05, 1.5606821762e-05, 1.10350747491e-05, 9.93028606899e-06, 2.83521126221e-06, 2.2208835162e-06, 6.70489862387e-06, 1.93529626813e-06, 4.13543830291e-08, 2.06906380917e-09, 6.57704557483e-10]}, "gfcc": {"mean": [-222.947570801, 211.821212769, -123.509918213, -65.6904220581, -34.3394622803, -21.7258491516, -37.8121604919, -12.8839664459, -14.6489562988, -10.8408937454, -10.7233848572, -10.7303781509, -9.1850938797], "cov": [[19330.4980469, 4940.69335938, -801.26373291, -81.0833892822, 1468.08178711, -749.019897461, -459.326171875, -756.262084961, -480.783203125, -970.203674316, -21.0657138824, -56.4306755066, 295.410522461], [4940.69335938, 1883.79931641, -68.2068557739, -64.4356384277, 505.351135254, -236.109603882, -147.114181519, -288.066589355, -150.177993774, -338.969207764, -43.7536849976, -82.006690979, 100.671592712], [-801.26373291, -68.2068557739, 554.460754395, 22.6574172974, -98.8136444092, 179.359146118, 71.8953170776, 53.5007209778, -4.79838657379, 6.73229551315, -124.202064514, -33.6514663696, -40.8223571777], [-81.0833892822, -64.4356384277, 22.6574172974, 252.661361694, 114.135421753, 44.7596626282, 37.9356307983, 17.1505508423, 7.84436368942, 35.2618179321, -12.4198741913, 1.39360380173, -14.6682386398], [1468.08178711, 505.351135254, -98.8136444092, 114.135421753, 324.907623291, -23.9347667694, -41.4206848145, -64.1778793335, -23.6822032928, -73.1930770874, 20.3636264801, -12.3606004715, 19.9089641571], [-749.019897461, -236.109603882, 179.359146118, 44.7596626282, -23.9347667694, 223.094009399, 76.9369888306, 71.1637954712, 23.7122077942, 60.8585891724, -28.470703125, 11.5436372757, -43.4748191833], [-459.326171875, -147.114181519, 71.8953170776, 37.9356307983, -41.4206848145, 76.9369888306, 176.407562256, 87.4664306641, 41.2725257874, 49.7989997864, 0.152937248349, -8.09383296967, -11.9194793701], [-756.262084961, -288.066589355, 53.5007209778, 17.1505508423, -64.1778793335, 71.1637954712, 87.4664306641, 150.911132812, 79.5749740601, 69.5076065063, 6.81637859344, 10.079834938, -20.3428249359], [-480.783203125, -150.177993774, -4.79838657379, 7.84436368942, -23.6822032928, 23.7122077942, 41.2725257874, 79.5749740601, 116.64957428, 68.649307251, 25.8012123108, 11.5784511566, -10.0497112274], [-970.203674316, -338.969207764, 6.73229551315, 35.2618179321, -73.1930770874, 60.8585891724, 49.7989997864, 69.5076065063, 68.649307251, 150.011367798, 47.0745315552, 10.8050079346, -27.9590511322], [-21.0657138824, -43.7536849976, -124.202064514, -12.4198741913, 20.3636264801, -28.470703125, 0.152937248349, 6.81637859344, 25.8012123108, 47.0745315552, 112.850395203, 23.8075466156, -0.839295446873], [-56.4306755066, -82.006690979, -33.6514663696, 1.39360380173, -12.3606004715, 11.5436372757, -8.09383296967, 10.079834938, 11.5784511566, 10.8050079346, 23.8075466156, 72.7512817383, 22.8011112213], [295.410522461, 100.671592712, -40.8223571777, -14.6682386398, 19.9089641571, -43.4748191833, -11.9194793701, -20.3428249359, -10.0497112274, -27.9590511322, -0.839295446873, 22.8011112213, 70.5973129272]], "icov": [[0.0001984192495, -0.000557795632631, 0.000270811287919, -9.761628462e-05, 3.15430188493e-05, 2.93099083137e-06, 1.2233027519e-05, -0.000292996905046, 0.000315000594128, 7.78781977715e-05, 0.000118907431897, -0.000477762223454, 0.000243402624619], [-0.000557795632631, 0.00407109642401, -0.00190341239795, 0.00225724023767, -0.00412633921951, 0.00175840081647, -0.0012104579946, 0.00322570232674, -0.0015321963001, 0.00167382520158, -0.000191903774976, 0.00216399156488, -0.00138772954233], [0.000270811287919, -0.00190341239795, 0.00429720152169, -0.00129166478291, 0.00284839980304, -0.00327038904652, 0.000395231763832, -0.00138740474358, 0.000539303931873, -0.000156240275828, 0.00254259188659, 0.000227337368415, 0.000618938996922], [-9.761628462e-05, 0.00225724023767, -0.00129166478291, 0.00841960124671, -0.00728833349422, 0.00264438637532, -0.00262347003445, 0.00152158434503, 0.00111999653745, -0.00320916320197, 0.00373031175695, -0.00180809362791, 0.00138825422619], [3.15430188493e-05, -0.00412633921951, 0.00284839980304, -0.00728833349422, 0.0133022135124, -0.00560673419386, 0.00325077911839, -0.00210491148755, -0.00144371541683, 0.00271672778763, -0.00424058828503, 0.00224955799058, -0.00128336646594], [2.93099083137e-06, 0.00175840081647, -0.00327038904652, 0.00264438637532, -0.00560673419386, 0.0113983256742, -0.00335615244694, -0.000303011154756, 0.0020276370924, -0.00330326706171, 0.00330367125571, -0.00507121812552, 0.00474262330681], [1.2233027519e-05, -0.0012104579946, 0.000395231763832, -0.00262347003445, 0.00325077911839, -0.00335615244694, 0.00997158605605, -0.00546291097999, 0.000152463413542, 7.9048495536e-06, -0.00219897949137, 0.00333658396266, -0.00259465002455], [-0.000292996905046, 0.00322570232674, -0.00138740474358, 0.00152158434503, -0.00210491148755, -0.000303011154756, -0.00546291097999, 0.0180037021637, -0.00902007613331, 0.00167166627944, 0.000345633568941, 0.000377519754693, 7.27394726709e-05], [0.000315000594128, -0.0015321963001, 0.000539303931873, 0.00111999653745, -0.00144371541683, 0.0020276370924, 0.000152463413542, -0.00902007613331, 0.0175464060158, -0.00703464029357, 0.00106858019717, -0.00302736903541, 0.00119599956088], [7.78781977715e-05, 0.00167382520158, -0.000156240275828, -0.00320916320197, 0.00271672778763, -0.00330326706171, 7.9048495536e-06, 0.00167166627944, -0.00703464029357, 0.0190841834992, -0.00847411435097, 0.00393879553303, -0.000603433174547], [0.000118907431897, -0.000191903774976, 0.00254259188659, 0.00373031175695, -0.00424058828503, 0.00330367125571, -0.00219897949137, 0.000345633568941, 0.00106858019717, -0.00847411435097, 0.0183520279825, -0.00678569311276, 0.00418588193133], [-0.000477762223454, 0.00216399156488, 0.000227337368415, -0.00180809362791, 0.00224955799058, -0.00507121812552, 0.00333658396266, 0.000377519754693, -0.00302736903541, 0.00393879553303, -0.00678569311276, 0.0229563899338, -0.0107821337879], [0.000243402624619, -0.00138772954233, 0.000618938996922, 0.00138825422619, -0.00128336646594, 0.00474262330681, -0.00259465002455, 7.27394726709e-05, 0.00119599956088, -0.000603433174547, 0.00418588193133, -0.0107821337879, 0.0221003443003]]}, "melbands": {"dmean": [1.0826097423e-05, 6.13428637735e-05, 0.000145460624481, 0.000114240348921, 0.000154059656779, 0.00022123126837, 0.000171877065441, 0.000286983180558, 0.000106859130028, 0.000191991523025, 7.32074258849e-05, 8.00573980086e-05, 6.73742470099e-05, 1.6458085156e-05, 8.93712240213e-06, 6.48017385174e-06, 7.2464722507e-06, 3.31575415657e-06, 2.57519604929e-06, 1.65784206274e-06, 5.91708612774e-07, 3.02534800767e-07, 2.0956855451e-07, 8.82681945313e-08, 4.06762232785e-08, 1.74281176157e-08, 8.45092351653e-09, 3.96221899734e-09, 2.93292035103e-09, 1.04270703183e-09, 8.29760260501e-10, 8.04684485711e-10, 8.63975668786e-10, 5.7218524363e-10, 6.39787112178e-10, 4.88914464469e-10, 4.43114628323e-10, 5.20594789499e-10, 4.36093106071e-10, 2.68661842773e-10], "dmean2": [1.34808751682e-05, 8.70089788805e-05, 0.000218081724597, 0.000164426892297, 0.000198982088477, 0.000318563717883, 0.000223320486839, 0.000353324896423, 0.000160479554324, 0.00027250815765, 0.000111052700959, 0.000119314390759, 0.000110765628051, 2.62409503193e-05, 1.30431535581e-05, 9.79613741947e-06, 1.13508795039e-05, 5.55658834855e-06, 4.38966299043e-06, 2.75015918305e-06, 9.71083863988e-07, 4.83473456825e-07, 3.4026618323e-07, 1.56687235631e-07, 6.84024499265e-08, 2.61747921115e-08, 1.36163480491e-08, 6.36098329565e-09, 4.46777814744e-09, 1.77906467336e-09, 1.51518964042e-09, 1.50557055711e-09, 1.60722168907e-09, 1.05318831434e-09, 1.20791288083e-09, 9.34185173662e-10, 8.53702997183e-10, 9.84743397936e-10, 8.25899793e-10, 5.06898301111e-10], "dvar": [1.06089548257e-09, 3.7350016413e-08, 8.67483365141e-08, 7.28816687001e-08, 2.14763005602e-07, 5.37155642633e-07, 2.61943711166e-07, 1.26859777083e-06, 1.15197600792e-07, 5.48580203485e-07, 4.36876561594e-08, 7.27005016188e-08, 8.60647517698e-08, 2.1918893367e-09, 3.40234812546e-10, 2.49130494012e-10, 2.94198776452e-10, 1.02373547139e-10, 6.02380575976e-11, 1.8802969598e-11, 2.29964550007e-12, 6.07650702759e-13, 3.93732816533e-13, 2.07035940041e-13, 3.96611352972e-14, 4.15658718382e-15, 5.90288155337e-16, 1.21819246153e-16, 9.69921413684e-17, 1.17442722867e-17, 1.41432366838e-17, 1.73491223859e-17, 1.76486213247e-17, 7.99748821899e-18, 1.35916056497e-17, 6.8833689917e-18, 6.04688756034e-18, 1.26982704405e-17, 5.9735766106e-18, 3.27319773124e-18], "dvar2": [1.22834542537e-09, 6.42481765567e-08, 1.83571472689e-07, 1.51511642343e-07, 2.94757825259e-07, 8.92114371709e-07, 4.29904787325e-07, 1.72074419424e-06, 2.43618956119e-07, 1.14399415452e-06, 9.75740874765e-08, 1.39332811955e-07, 2.34566698509e-07, 5.10274000831e-09, 7.44367678607e-10, 6.22335072364e-10, 7.20745352289e-10, 2.81667467128e-10, 1.71023209483e-10, 5.40772877866e-11, 6.04244215427e-12, 1.6058071756e-12, 1.03497570757e-12, 5.87448004737e-13, 1.12354759827e-13, 9.23525612809e-15, 1.41246089735e-15, 3.05032181476e-16, 2.29761445651e-16, 3.14355797381e-17, 4.11851208669e-17, 5.108502027e-17, 5.13290087723e-17, 2.30494473258e-17, 3.98744961997e-17, 2.03119691892e-17, 1.78508388603e-17, 3.74958688652e-17, 1.75926807542e-17, 9.52585908346e-18], "max": [0.000996367074549, 0.0049831434153, 0.00622203154489, 0.00881159864366, 0.0154935857281, 0.020551327616, 0.0129678277299, 0.0326638743281, 0.0066600209102, 0.0195997487754, 0.00389050901867, 0.0073441201821, 0.00546819390729, 0.00132868078072, 0.000310652481858, 0.000236789055634, 0.000271371594863, 0.00014924306015, 0.000140801479574, 0.000100809847936, 2.37436379393e-05, 1.23834561236e-05, 1.34108004204e-05, 9.03753334569e-06, 4.74291800856e-06, 1.31621675337e-06, 5.35969832072e-07, 2.48009655479e-07, 2.22703974373e-07, 4.95911791631e-08, 7.42834060929e-08, 7.69763914832e-08, 6.65725821136e-08, 4.85875659706e-08, 6.15497768308e-08, 4.72054964007e-08, 3.52052964558e-08, 6.11851191934e-08, 4.31038174042e-08, 3.90149139662e-08], "mean": [2.96006146527e-05, 0.000161867239513, 0.000460230716271, 0.000352130067768, 0.000421820936026, 0.000599356426392, 0.00056055537425, 0.000788021250628, 0.000246868672548, 0.000486600241857, 0.000128168103402, 0.00012761556718, 0.000104671235022, 3.428294076e-05, 1.9581102606e-05, 1.23986264953e-05, 1.30715698106e-05, 4.97996006743e-06, 3.70999259758e-06, 2.8090005344e-06, 1.14152453534e-06, 5.25406164797e-07, 3.33782139705e-07, 1.13231855892e-07, 6.28105567557e-08, 2.53338967582e-08, 1.29804380578e-08, 6.25610052651e-09, 4.50256054663e-09, 1.37883560125e-09, 9.71068891964e-10, 7.47220230135e-10, 7.5870620897e-10, 4.76840622543e-10, 5.08340591843e-10, 3.54435036876e-10, 3.17903675606e-10, 3.85119325319e-10, 3.42305850332e-10, 1.94518526286e-10], "median": [3.12807969749e-06, 2.90125863103e-05, 0.000125091639347, 0.000124197540572, 0.000124334183056, 0.000173760068719, 0.00019753552624, 9.99328622129e-05, 4.5743494411e-05, 2.36545620282e-05, 3.03338547383e-05, 1.62017349794e-05, 1.50940031745e-05, 7.45464967622e-06, 6.99362317391e-06, 4.64633012598e-06, 4.40634721599e-06, 2.02752289624e-06, 1.48637013808e-06, 1.17787521958e-06, 2.92948044489e-07, 1.72175816715e-07, 8.44650642762e-08, 2.61372790078e-08, 1.68580278626e-08, 5.80764059066e-09, 3.52718987351e-09, 1.89242377324e-09, 9.72111946496e-10, 3.9782122041e-10, 2.54234466812e-10, 1.6696589944e-10, 1.59978141845e-10, 8.45314235276e-11, 7.92808318995e-11, 7.12162898098e-11, 4.95323712602e-11, 3.61643076596e-11, 6.42584041533e-11, 2.19757961828e-11], "min": [2.0372312981e-14, 1.57594884408e-14, 9.8648794347e-15, 2.36344003382e-15, 4.16276798324e-15, 8.92786787153e-15, 7.08063555027e-15, 7.19671718052e-15, 3.13353295507e-15, 7.28380656706e-15, 4.47610325812e-15, 2.59737084034e-15, 1.42484790717e-15, 1.94224951267e-15, 9.85894258078e-16, 2.76390196469e-15, 3.38358512791e-15, 8.74980799349e-16, 8.89788735212e-16, 5.99668145256e-16, 2.69733491592e-15, 1.70505762931e-15, 2.69753439218e-15, 8.90611415962e-16, 1.45488771888e-15, 1.61223965307e-15, 1.07030183243e-15, 2.27671275387e-15, 2.08191211666e-15, 3.51974249781e-15, 1.77689004664e-15, 1.30544379018e-15, 1.09860840297e-15, 1.97732811163e-15, 1.36476584852e-15, 2.07020654485e-15, 1.97993379673e-15, 1.34684474894e-15, 7.72054067219e-16, 1.23742048001e-15], "var": [8.7994784792e-09, 2.12162618141e-07, 7.3593145089e-07, 4.55757344753e-07, 9.82542928796e-07, 1.80655786153e-06, 1.2455251408e-06, 7.47212652641e-06, 3.99816173058e-07, 2.37108451984e-06, 9.81340519957e-08, 1.62637618928e-07, 1.0962455832e-07, 6.93015689279e-09, 1.13734388574e-09, 4.79492834327e-10, 6.29163832144e-10, 1.0230592068e-10, 5.43318133539e-11, 2.31301557768e-11, 5.93978729049e-12, 9.04679434664e-13, 5.51318593642e-13, 2.08612505525e-13, 3.74014411293e-14, 6.35864541834e-15, 1.07188112536e-15, 1.68206343765e-16, 1.75822241986e-16, 1.20973113178e-17, 9.7427574206e-18, 1.03316397064e-17, 1.02955059757e-17, 4.83183037803e-18, 7.40151782253e-18, 3.67002791074e-18, 3.23675277384e-18, 6.86096397763e-18, 3.2625883127e-18, 1.82822156177e-18]}, "mfcc": {"mean": [-842.06237793, 235.316207886, -9.343085289, -34.2553329468, 3.76860833168, -10.9067020416, -18.9045848846, -10.8104953766, -8.54631519318, -7.28700494766, -6.50519704819, -5.51546001434, -3.79500079155], "cov": [[6304.67431641, 4270.50585938, -723.462585449, -327.677215576, 330.660858154, -128.73588562, -104.153839111, -88.1776657104, -192.07824707, -156.104141235, -222.557601929, -177.590423584, 18.5125904083], [4270.50585938, 3373.17114258, -160.715652466, -356.463012695, 220.296203613, -16.831817627, -118.804161072, -70.2696456909, -115.484519958, -134.233764648, -170.553329468, -178.125366211, -89.0819473267], [-723.462585449, -160.715652466, 469.480224609, 10.0932617188, -73.3866119385, 104.743423462, 29.8523826599, 37.3657989502, 63.9610710144, 31.0276851654, 37.3137664795, -43.9924812317, -126.205665588], [-327.677215576, -356.463012695, 10.0932617188, 200.750640869, 43.8305549622, 4.99588680267, 66.2048492432, 28.9701442719, 28.7857036591, 53.3753318787, 30.8879814148, 14.8939580917, 12.9042901993], [330.660858154, 220.296203613, -73.3866119385, 43.8305549622, 177.138137817, 67.2741241455, -8.97541618347, 4.05995368958, 4.15291643143, -6.3013381958, -12.4038162231, 5.25089025497, 17.021446228], [-128.73588562, -16.831817627, 104.743423462, 4.99588680267, 67.2741241455, 147.682571411, 60.1139755249, 23.1410274506, 29.935087204, 13.2665538788, 9.84240150452, 5.75740098953, -18.9844760895], [-104.153839111, -118.804161072, 29.8523826599, 66.2048492432, -8.97541618347, 60.1139755249, 128.797302246, 57.6443557739, 23.3485069275, 43.1285591125, 31.024225235, 14.348069191, 6.91427755356], [-88.1776657104, -70.2696456909, 37.3657989502, 28.9701442719, 4.05995368958, 23.1410274506, 57.6443557739, 95.5714797974, 62.3796958923, 26.9733428955, 29.8690338135, 10.1447868347, -7.86447238922], [-192.07824707, -115.484519958, 63.9610710144, 28.7857036591, 4.15291643143, 29.935087204, 23.3485069275, 62.3796958923, 101.705055237, 53.5429267883, 17.3260917664, 15.4133529663, 2.30769562721], [-156.104141235, -134.233764648, 31.0276851654, 53.3753318787, -6.3013381958, 13.2665538788, 43.1285591125, 26.9733428955, 53.5429267883, 97.1359634399, 60.1842842102, 17.3147144318, 10.6170988083], [-222.557601929, -170.553329468, 37.3137664795, 30.8879814148, -12.4038162231, 9.84240150452, 31.024225235, 29.8690338135, 17.3260917664, 60.1842842102, 109.793487549, 53.7019577026, -4.53721952438], [-177.590423584, -178.125366211, -43.9924812317, 14.8939580917, 5.25089025497, 5.75740098953, 14.348069191, 10.1447868347, 15.4133529663, 17.3147144318, 53.7019577026, 115.605690002, 80.4040298462], [18.5125904083, -89.0819473267, -126.205665588, 12.9042901993, 17.021446228, -18.9844760895, 6.91427755356, -7.86447238922, 2.30769562721, 10.6170988083, -4.53721952438, 80.4040298462, 150.53604126]], "icov": [[0.00776456296444, -0.0111829210073, 0.0129195265472, -0.0123449619859, 0.0128469550982, -0.0121867731214, 0.00903046131134, -0.00711495429277, 0.00350945722312, -0.0015457890695, -0.000611189519987, 0.000598991871811, 0.000257962325122], [-0.0111829210073, 0.0168213900179, -0.0193247124553, 0.0203780196607, -0.0216271616518, 0.0204946324229, -0.015752568841, 0.011576176621, -0.00560271274298, 0.00228825677186, 0.00114383571781, -0.000407815707149, -8.34808233776e-05], [0.0129195265472, -0.0193247124553, 0.0279824342579, -0.0261833779514, 0.0309214387089, -0.0317420214415, 0.0236573684961, -0.0157003439963, 0.00618119305, -0.00299439928494, -0.00202781241387, 0.0015304076951, 0.00251140445471], [-0.0123449619859, 0.0203780196607, -0.0261833779514, 0.0399470813572, -0.0407774522901, 0.0412923544645, -0.0372884124517, 0.0237982906401, -0.0136289466172, 0.00383271183819, -0.0001388132805, 0.000531433615834, 0.000626161519904], [0.0128469550982, -0.0216271616518, 0.0309214387089, -0.0407774522901, 0.0544265955687, -0.0537121295929, 0.0463908314705, -0.0312670953572, 0.0185747817159, -0.00928056240082, 0.00252846162766, -0.00127548363525, -0.000523699040059], [-0.0121867731214, 0.0204946324229, -0.0317420214415, 0.0412923544645, -0.0537121295929, 0.0648803338408, -0.0549960881472, 0.0377692840993, -0.026101000607, 0.0148732876405, -0.00484509719536, 0.00108637532685, 0.00085494434461], [0.00903046131134, -0.015752568841, 0.0236573684961, -0.0372884124517, 0.0463908314705, -0.0549960881472, 0.065011896193, -0.0496720522642, 0.0378723703325, -0.0275343321264, 0.0147251691669, -0.00811439007521, 0.000974782044068], [-0.00711495429277, 0.011576176621, -0.0157003439963, 0.0237982906401, -0.0312670953572, 0.0377692840993, -0.0496720522642, 0.0632631182671, -0.0514271855354, 0.037136413157, -0.0278139580041, 0.0153271313757, -0.00444792537019], [0.00350945722312, -0.00560271274298, 0.00618119305, -0.0136289466172, 0.0185747817159, -0.026101000607, 0.0378723703325, -0.0514271855354, 0.0616638213396, -0.0468015745282, 0.0346219576895, -0.0214878898114, 0.00766134448349], [-0.0015457890695, 0.00228825677186, -0.00299439928494, 0.00383271183819, -0.00928056240082, 0.0148732876405, -0.0275343321264, 0.037136413157, -0.0468015745282, 0.0576172210276, -0.0416818149388, 0.0257240850478, -0.0135070951656], [-0.000611189519987, 0.00114383571781, -0.00202781241387, -0.0001388132805, 0.00252846162766, -0.00484509719536, 0.0147251691669, -0.0278139580041, 0.0346219576895, -0.0416818149388, 0.0479559414089, -0.0314476527274, 0.0166887044907], [0.000598991871811, -0.000407815707149, 0.0015304076951, 0.000531433615834, -0.00127548363525, 0.00108637532685, -0.00811439007521, 0.0153271313757, -0.0214878898114, 0.0257240850478, -0.0314476527274, 0.0362450927496, -0.0194147117436], [0.000257962325122, -8.34808233776e-05, 0.00251140445471, 0.000626161519904, -0.000523699040059, 0.00085494434461, 0.000974782044068, -0.00444792537019, 0.00766134448349, -0.0135070951656, 0.0166887044907, -0.0194147117436, 0.0202114582062]]}, "spectral_contrast_coeffs": {"dmean": [0.0412668958306, 0.0383359640837, 0.0404693521559, 0.0276465285569, 0.0183175783604, 0.0274046007544], "dmean2": [0.0659955665469, 0.061864759773, 0.0641379803419, 0.045033402741, 0.0302027463913, 0.0481079444289], "dvar": [0.00117000017781, 0.00118386314716, 0.00123777973931, 0.000545295712072, 0.000284716603346, 0.000532294856384], "dvar2": [0.00303029152565, 0.00288328854367, 0.00309715117328, 0.00139398290776, 0.000706369639374, 0.00162693217862], "max": [-0.288645923138, -0.32456561923, -0.461150318384, -0.551336288452, -0.59798002243, -0.711485743523], "mean": [-0.558572649956, -0.656220018864, -0.704860508442, -0.758266806602, -0.768070280552, -0.836739957333], "median": [-0.558099746704, -0.653861582279, -0.706043601036, -0.756209135056, -0.759373664856, -0.833899497986], "min": [-0.965742349625, -0.972735524178, -0.966673433781, -0.956560432911, -0.96491843462, -0.958346307278], "var": [0.0114112058654, 0.00765605084598, 0.00591376330703, 0.00274958065711, 0.00305907521397, 0.00114257773384]}, "spectral_contrast_valleys": {"dmean": [0.452336728573, 0.317026942968, 0.317428559065, 0.320294618607, 0.31604680419, 0.589985013008], "dmean2": [0.730821490288, 0.523274481297, 0.527482450008, 0.52888739109, 0.524394750595, 1.