{"lowlevel": {"average_loudness": 0.951712191105, "barkbands_crest": {"dmean": 1.89070522785, "dmean2": 3.07766199112, "dvar": 4.29935979843, "dvar2": 12.0454235077, "max": 25.3334331512, "mean": 9.77434825897, "median": 9.27565860748, "min": 2.39172530174, "var": 11.9012384415}, "barkbands_flatness_db": {"dmean": 0.0245811529458, "dmean2": 0.0358129292727, "dvar": 0.00106990057975, "dvar2": 0.00219801696949, "max": 0.62638002634, "mean": 0.186850994825, "median": 0.165430694818, "min": 0.0214895922691, "var": 0.00998279731721}, "barkbands_kurtosis": {"dmean": 2.02630400658, "dmean2": 3.16327214241, "dvar": 18.3591308594, "dvar2": 46.1793327332, "max": 122.453117371, "mean": 3.57213711739, "median": 1.24734973907, "min": -1.94820511341, "var": 66.1682662964}, "barkbands_skewness": {"dmean": 0.487629204988, "dmean2": 0.775562047958, "dvar": 0.257754355669, "dvar2": 0.642263054848, "max": 9.33615684509, "mean": 1.22192466259, "median": 1.2113353014, "min": -4.19411230087, "var": 1.24711108208}, "barkbands_spread": {"dmean": 4.41824579239, "dmean2": 6.95052671432, "dvar": 26.0618476868, "dvar2": 60.1969299316, "max": 74.3716201782, "mean": 19.1457710266, "median": 18.4972057343, "min": 0.431935369968, "var": 121.80015564}, "dissonance": {"dmean": 0.023271901533, "dmean2": 0.0383112691343, "dvar": 0.00054727634415, "dvar2": 0.0013408663217, "max": 0.5, "mean": 0.426401913166, "median": 0.439902067184, "min": 0.183718904853, "var": 0.00285509624518}, "dynamic_complexity": 3.31408667564, "erbbands_crest": {"dmean": 3.08969426155, "dmean2": 4.90741157532, "dvar": 10.2160921097, "dvar2": 24.2294845581, "max": 33.5062789917, "mean": 12.8388385773, "median": 11.8596506119, "min": 2.59184002876, "var": 30.7897853851}, "erbbands_flatness_db": {"dmean": 0.0244029313326, "dmean2": 0.0358900949359, "dvar": 0.000751765619498, "dvar2": 0.00158993725199, "max": 0.512359797955, "mean": 0.213771298528, "median": 0.199356734753, "min": 0.0681315883994, "var": 0.00625696359202}, "erbbands_kurtosis": {"dmean": 1.50927853584, "dmean2": 2.39438056946, "dvar": 9.84696769714, "dvar2": 24.3749828339, "max": 84.5083312988, "mean": 1.28806090355, "median": -0.124532222748, "min": -1.87956476212, "var": 26.1176719666}, "erbbands_skewness": {"dmean": 0.496951550245, "dmean2": 0.7665989995, "dvar": 0.257906734943, "dvar2": 0.630879938602, "max": 6.12913608551, "mean": 0.253869861364, "median": 0.179796218872, "min": -6.88913393021, "var": 1.44403207302}, "erbbands_spread": {"dmean": 6.90061092377, "dmean2": 11.0430393219, "dvar": 48.5578842163, "dvar2": 128.719970703, "max": 90.0489273071, "mean": 30.9030456543, "median": 31.4578475952, "min": 1.10381662846, "var": 180.331420898}, "hfc": {"dmean": 8.70818996429, "dmean2": 13.7453212738, "dvar": 272.047088623, "dvar2": 644.849914551, "max": 164.136657715, "mean": 15.9490022659, "median": 8.76449394226, "min": 1.24098135358e-16, "var": 437.725646973}, "melbands_crest": {"dmean": 2.38899350166, "dmean2": 3.75752878189, "dvar": 6.13961696625, "dvar2": 16.0211410522, "max": 35.4055633545, "mean": 13.9881248474, "median": 12.9448022842, "min": 1.76229202747, "var": 25.6340446472}, "melbands_flatness_db": {"dmean": 0.0271944422275, "dmean2": 0.0397609323263, "dvar": 0.00157136737835, "dvar2": 0.00336840050295, "max": 0.685507237911, "mean": 0.254450351, "median": 0.237407460809, "min": 0.00489363633096, "var": 0.0112462034449}, "melbands_kurtosis": {"dmean": 3.58282399178, "dmean2": 5.69187545776, "dvar": 23.3135318756, "dvar2": 51.0526504517, "max": 190.376937866, "mean": 7.85338640213, "median": 5.43884372711, "min": -1.87659728527, "var": 110.295135498}, "melbands_skewness": {"dmean": 0.539903104305, "dmean2": 0.874326109886, "dvar": 0.299025714397, "dvar2": 0.793325662613, "max": 10.4097862244, "mean": 1.99059891701, "median": 2.00203871727, "min": -3.36260604858, "var": 1.1626124382}, "melbands_spread": {"dmean": 7.62160491943, "dmean2": 12.344335556, "dvar": 95.8210983276, "dvar2": 238.67565918, "max": 147.681747437, "mean": 24.0402927399, "median": 19.8718528748, "min": 0.569639921188, "var": 324.189575195}, "pitch_salience": {"dmean": 0.0642344579101, "dmean2": 0.102548830211, "dvar": 0.00516119878739, "dvar2": 0.0124822612852, "max": 0.923746705055, "mean": 0.52698969841, "median": 0.526621222496, "min": 0.134983316064, "var": 0.0152457505465}, "silence_rate_20dB": {"dmean": 0, "dmean2": 0, "dvar": 0, "dvar2": 0, "max": 1, "mean": 1, "median": 1, "min": 1, "var": 0}, "silence_rate_30dB": {"dmean": 0, "dmean2": 0, "dvar": 0, "dvar2": 0, "max": 1, "mean": 1, "median": 1, "min": 1, "var": 0}, "silence_rate_60dB": {"dmean": 0.0147879468277, "dmean2": 0.0295800194144, "dvar": 0.0145700853318, "dvar2": 0.0328889079392, "max": 1, "mean": 0.0659785196185, "median": 0, "min": 0, "var": 0.0616249628365}, "spectral_centroid": {"dmean": 231.156524658, "dmean2": 370.417175293, "dvar": 101335.609375, "dvar2": 228229.828125, "max": 11117.3603516, "mean": 1152.39880371, "median": 1043.37866211, "min": 289.881164551, "var": 412251.125}, "spectral_complexity": {"dmean": 3.8828125, "dmean2": 5.64559793472, "dvar": 46.2398757935, "dvar2": 87.8799285889, "max": 71, "mean": 13.8630208969, "median": 11, "min": 0, "var": 106.642272949}, "spectral_decrease": {"dmean": 1.95655358581e-09, "dmean2": 3.05781133747e-09, "dvar": 1.52468428591e-17, "dvar2": 3.94595658609e-17, "max": 3.73225546745e-18, "mean": -4.54628512614e-09, "median": -3.09047298863e-09, "min": -3.52858329222e-08, "var": 1.98785331656e-17}, "spectral_energy": {"dmean": 0.00808135513216, "dmean2": 0.0126286558807, "dvar": 0.000245229399297, "dvar2": 0.000627242785413, "max": 0.143759086728, "mean": 0.0186053439975, "median": 0.0125522268936, "min": 1.13290180097e-20, "var": 0.000332749099471}, "spectral_energyband_high": {"dmean": 0.000398369331378, "dmean2": 0.000604026252404, "dvar": 9.53761627898e-07, "dvar2": 2.13120279113e-06, "max": 0.0111464066431, "mean": 0.000484654476168, "median": 6.89793596393e-05, "min": 8.31113436313e-21, "var": 1.38915766001e-06}, "spectral_energyband_low": {"dmean": 0.00303562171757, "dmean2": 0.00547322304919, "dvar": 0.000101699006336, "dvar2": 0.000291459815344, "max": 0.0824830010533, "mean": 0.00382473692298, "median": 0.00177130801603, "min": 4.84302346316e-23, "var": 7.20819298294e-05}, "spectral_energyband_middle_high": {"dmean": 0.00271996692754, "dmean2": 0.00450263079256, "dvar": 2.44359816861e-05, "dvar2": 6.63233367959e-05, "max": 0.0533800236881, "mean": 0.00455814274028, "median": 0.0024935528636, "min": 1.43256423471e-21, "var": 3.66979802493e-05}, "spectral_energyband_middle_low": {"dmean": 0.00380066595972, "dmean2": 0.00552782602608, "dvar": 4.92384060635e-05, "dvar2": 0.000115912371257, "max": 0.0699105411768, "mean": 0.0101952701807, "median": 0.00739535782486, "min": 5.27887037548e-22, "var": 8.25809620437e-05}, "spectral_entropy": {"dmean": 0.251444190741, "dmean2": 0.374087840319, "dvar": 0.121644034982, "dvar2": 0.25677588582, "max": 9.80450248718, "mean": 6.74715948105, "median": 6.75046110153, "min": 3.97469687462, "var": 0.717985212803}, "spectral_flux": {"dmean": 0.0253915842623, "dmean2": 0.0378497950733, "dvar": 0.00163129065186, "dvar2": 0.00301373307593, "max": 0.332847267389, "mean": 0.0596401132643, "median": 0.0368645451963, "min": 1.06437858527e-10, "var": 0.00348034431227}, "spectral_kurtosis": {"dmean": 5.80543470383, "dmean2": 9.62523841858, "dvar": 207.987167358, "dvar2": 453.87322998, "max": 293.082611084, "mean": 14.3370809555, "median": 6.32475280762, "min": -1.17747211456, "var": 854.934875488}, "spectral_rms": {"dmean": 0.000751195475459, "dmean2": 0.00111446110532, "dvar": 1.44930538681e-06, "dvar2": 3.41255713465e-06, "max": 0.0118428366259, "mean": 0.00384262250736, "median": 0.00349943921901, "min": 3.32456024515e-12, "var": 3.38576342074e-06}, "spectral_rolloff": {"dmean": 379.787261963, "dmean2": 667.399169922, "dvar": 465533.5625, "dvar2": 1044490.0625, "max": 19724.4140625, "mean": 1473.64611816, "median": 1184.32617188, "min": 21.533203125, "var": 2205759.5}, "spectral_skewness": {"dmean": 0.448058098555, "dmean2": 0.747538924217, "dvar": 0.510467231274, "dvar2": 1.13407838345, "max": 13.8899755478, "mean": 2.27058339119, "median": 1.82552075386, "min": 0.00372509891167, "var": 2.57317852974}, "spectral_spread": {"dmean": 565015, "dmean2": 833428.3125, "dvar": 569422774272, "dvar2": 1122383167490.0, "max": 39882108, "mean": 3422090.75, "median": 3282237, "min": 239492.0625, "var": 2109909368830.0}, "spectral_strongpeak": {"dmean": 0.738731861115, "dmean2": 1.27679228783, "dvar": 2.28537416458, "dvar2": 5.83340024948, "max": 15.4302310944, "mean": 1.29037046432, "median": 0.803110897541, "min": 0, "var": 2.81263613701}, "zerocrossingrate": {"dmean": 0.00820854771882, "dmean2": 0.00953071564436, "dvar": 9.64600330917e-05, "dvar2": 0.000115054586786, "max": 0.56494140625, "mean": 0.0531484857202, "median": 0.0478515625, "min": 0.0078125, "var": 0.0015921756858}, "barkbands": {"dmean": [8.31232755445e-05, 0.00149423943367, 0.00153066113126, 0.000575192563701, 0.00122995476704, 0.000971323519479, 0.00188936816994, 0.000360227189958, 0.000240338078584, 0.000337842328008, 0.000199122398044, 0.00029531144537, 0.000313319731504, 0.000163033648278, 0.000784819829278, 0.000294061785098, 0.000696975446772, 0.000272794655757, 0.00020809614216, 0.000118951335025, 0.000112241592433, 8.72822274687e-05, 7.74867148721e-05, 4.14835158153e-05, 5.12661936227e-05, 1.8300866941e-05, 1.13661435535e-05], "dmean2": [0.000120471711853, 0.0025468012318, 0.00286513799801, 0.00107003410812, 0.00181727088057, 0.00145745894406, 0.0029782098718, 0.000578703358769, 0.000420141761424, 0.000559080333915, 0.000320202030707, 0.00048817062634, 0.000504227995407, 0.000268298492301, 0.00132117653266, 0.000500271038618, 0.00113291398156, 0.0004932450247, 0.000366103777196, 0.000199520203751, 0.00018676907348, 0.000139814568684, 0.000113249159767, 6.46090702503e-05, 8.01693313406e-05, 2.98037430184e-05, 2.02733754122e-05], "dvar": [4.48842243372e-08, 2.370438051e-05, 2.36003197642e-05, 3.00896999761e-06, 4.74087619295e-06, 2.42523447014e-06, 1.85364278877e-05, 5.42069926723e-07, 5.08118375819e-07, 8.6197235305e-07, 2.71512845984e-07, 5.67110475913e-07, 1.20909669477e-06, 3.12773352107e-07, 4.23776282332e-06, 6.7428783268e-07, 2.08953133551e-06, 8.66097650487e-07, 5.0921124739e-07, 1.1064035732e-07, 8.71375078759e-08, 7.24032815924e-08, 5.19842409119e-08, 1.26659784883e-08, 1.94346228e-08, 2.63435073755e-09, 2.06618699927e-09], "dvar2": [8.08892224313e-08, 6.37426710455e-05, 7.21295800759e-05, 8.87358328328e-06, 1.1608951354e-05, 6.38715300738e-06, 4.86597418785e-05, 1.44734281093e-06, 1.38615223477e-06, 2.40301142185e-06, 7.30545707484e-07, 1.51423876105e-06, 3.02859848489e-06, 7.69468158524e-07, 1.17149302241e-05, 1.801219355e-06, 5.46366618437e-06, 2.51212554758e-06, 1.41501800499e-06, 2.83906103959e-07, 2.22132740646e-07, 1.78018865427e-07, 1.05605330702e-07, 3.05664258349e-08, 4.38727809637e-08, 6.67537136678e-09, 5.73328273745e-09], "max": [0.00199769390747, 0.0383006110787, 0.0387493371964, 0.0183716528118, 0.023471545428, 0.0176554955542, 0.039567694068, 0.0108818300068, 0.00937531888485, 0.0112442187965, 0.011802425608, 0.0134230451658, 0.0248621571809, 0.0232009459287, 0.0401797220111, 0.0153442015871, 0.0285060983151, 0.010382970795, 0.0106168352067, 0.0041518965736, 0.00371295935474, 0.00376470247284, 0.00375243416056, 0.00147884781472, 0.00203811912797, 0.000800195906777, 0.00050542911049], "mean": [0.000100211247627, 0.00178812106606, 0.00163378927391, 0.000516357831657, 0.00308469380252, 0.00325715355575, 0.0023065735586, 0.000553881982341, 0.000220600239118, 0.000445912242867, 0.000306214933516, 0.000408874562709, 0.000397871015593, 0.000203281219001, 0.00101925432682, 0.000315887038596, 0.00102752877865, 0.000236930281972, 0.000212236118386, 0.000127796156448, 0.000127509629237, 9.27685468923e-05, 9.82386627584e-05, 4.27826453233e-05, 5.5947490182e-05, 1.70111507032e-05, 7.86466898717e-06], "median": [9.86586201179e-06, 0.000853438279592, 0.00094880675897, 0.000175346547621, 0.00168442109134, 0.00287589849904, 0.000671516172588, 0.000275774567854, 3.13717682729e-05, 0.000121462333482, 9.31651229621e-05, 0.000124055848573, 4.34776775364e-05, 3.46987326338e-05, 0.000153326662257, 5.47575909877e-05, 0.000204602925805, 3.33693424182e-05, 3.71648493456e-05, 2.20314250328e-05, 2.18684635911e-05, 8.96449546417e-06, 5.23222479387e-06, 4.10525217376e-06, 2.69901443062e-06, 6.25761344963e-07, 1.56041593868e-07], "min": [1.01867896388e-23, 1.88537393472e-23, 1.53332724305e-23, 6.9768325739e-24, 6.10079086351e-23, 2.16003999801e-22, 6.73769317702e-23, 5.00901841474e-23, 1.20864724059e-22, 4.02258098492e-23, 4.56880973271e-23, 6.60129218453e-23, 1.44245576791e-22, 1.42155259476e-22, 1.31805429643e-22, 1.8170558982e-22, 1.48730295214e-22, 1.69181836037e-22, 3.10838081037e-22, 1.3359139811e-22, 4.78835742192e-22, 5.95725389839e-22, 5.84967346575e-22, 1.08892289386e-21, 1.71104329191e-21, 1.53267136516e-21, 2.45888908461e-21], "var": [6.99803308635e-08, 1.82256153494e-05, 1.39417725222e-05, 1.90722812476e-06, 1.20038166642e-05, 5.52636720386e-06, 1.85617464012e-05, 5.89225123804e-07, 3.88200390944e-07, 7.52121877667e-07, 4.06436470257e-07, 8.11178267668e-07, 2.1035377813e-06, 4.48717457857e-07, 6.14194686932e-06, 6.5550744921e-07, 3.86939836972e-06, 5.90707031733e-07, 4.25034585305e-07, 1.13675866942e-07, 9.47970733023e-08, 7.56092930487e-08, 9.82207453148e-08, 1.37133762124e-08, 2.5297406836e-08, 2.58835619604e-09, 1.34682731634e-09]}, "erbbands": {"dmean": [0.0319862924516, 0.401641070843, 1.60937476158, 1.96704995632, 2.44451475143, 3.03804206848, 12.9604921341, 7.35580205917, 22.9394721985, 20.6426029205, 7.67390012741, 5.55502653122, 10.3467912674, 7.83324193954, 7.00602006912, 14.936167717, 14.9819536209, 9.45027160645, 21.5533847809, 42.309337616, 25.2313194275, 24.9341125488, 17.6201515198, 10.686463356, 10.0963373184, 6.13019990921, 4.16967868805, 4.49659109116, 3.39162826538, 2.32729530334, 2.1225335598, 1.01520740986, 0.63818359375, 0.551164925098, 0.366660028696, 0.108666241169, 0.0340376980603, 0.00963353458792, 0.00212220777757, 0.0001211488634], "dmean2": [0.0469139404595, 0.723883569241, 2.99893689156, 3.70529389381, 4.40061616898, 4.67638301849, 18.7714824677, 11.599272728, 34.5664215088, 33.0623550415, 12.2221288681, 9.60451984406, 16.9736366272, 13.165055275, 11.3354597092, 24.3625965118, 23.8342857361, 15.5867376328, 36.7960281372, 71.0637207031, 41.499458313, 40.7885665894, 31.2481441498, 18.6995887756, 17.8344459534, 10.2272577286, 6.99771356583, 7.41844749451, 5.58623600006, 3.49026298523, 3.08331775665, 1.55576336384, 1.00157380104, 0.895630538464, 0.56238681078, 0.170606762171, 0.0561523362994, 0.0167633164674, 0.0037677004002, 0.000213236999116], "dvar": [0.00872574094683, 1.83035004139, 26.0843143463, 42.1473617554, 34.9362487793, 31.8176002502, 420.640563965, 246.063644409, 2983.56274414, 2254.40014648, 222.109893799, 251.510498047, 936.700683594, 382.610595703, 281.28692627, 1417.06384277, 2840.81005859, 930.459472656, 3774.13476562, 15488.3457031, 2917.42993164, 2480.9362793, 2713.77490234, 1465.04577637, 1089.6159668, 258.795562744, 105.154922485, 192.514862061, 129.881515503, 37.431022644, 43.8026428223, 9.39150810242, 2.9213104248, 2.9875524044, 1.05748724937, 0.0913843289018, 0.013007408008, 0.00139226519968, 8.04273367976e-05, 2.82912935745e-07], "dvar2": [0.019329238683, 5.1652712822, 79.0961532593, 126.471580505, 98.2436752319, 78.1045303345, 1205.24475098, 629.17401123, 7611.36376953, 6077.88623047, 582.27532959, 685.48815918, 2590.08642578, 1090.18945312, 767.802368164, 3752.92675781, 7019.91162109, 2319.17724609, 10740.1074219, 42639.9570312, 7907.48339844, 6382.00878906, 7726.30322266, 4042.05444336, 3029.95288086, 653.420471191, 269.185821533, 494.918029785, 335.1484375, 79.5652313232, 91.814994812, 22.9753704071, 7.10972118378, 7.37561273575, 2.06704163551, 0.217319250107, 0.034543659538, 0.00392041727901, 0.000222236805712, 7.90744991264e-07], "max": [0.742209136486, 10.1610221863, 42.0539932251, 66.3013000488, 56.0100784302, 67.3904571533, 250.439819336, 175.960647583, 588.412658691, 445.003753662, 201.382125854, 208.511306763, 365.748260498, 271.546051025, 373.658630371, 692.555053711, 1213.74475098, 1245.88549805, 1322.33728027, 2879.70288086, 892.205810547, 810.461364746, 688.317016602, 693.959533691, 376.609985352, 192.156890869, 150.151000977, 195.53894043, 157.860153198, 80.0529403687, 113.107284546, 51.0012397766, 27.5835990906, 27.4395065308, 16.444940567, 4.32927036285, 2.44866847992, 0.626743972301, 0.111006222665, 0.00814249459654], "mean": [0.0386246591806, 0.453019380569, 1.85994112492, 1.84642100334, 2.6082239151, 7.32052135468, 40.2214584351, 16.603559494, 31.4356880188, 26.6105480194, 11.3827905655, 5.88913536072, 14.0115566254, 10.0852270126, 11.7418766022, 21.6179542542, 20.1996479034, 11.9949216843, 28.1662387848, 54.9097824097, 35.3622398376, 35.7300109863, 18.1410865784, 11.4308996201, 9.90681743622, 6.93766546249, 4.74508905411, 4.94550704956, 3.47055768967, 2.85859084129, 2.6648850441, 1.04936420918, 0.650949120522, 0.532793819904, 0.443866461515, 0.110546842217, 0.0296678766608, 0.00733695551753, 0.00148119486403, 9.99958647299e-05], "median": [0.00590748945251, 0.253809303045, 1.161023736, 0.665826737881, 0.747534096241, 3.71942520142, 31.939540863, 11.9806308746, 11.4124336243, 6.95991754532, 5.76135396957, 1.51077163219, 3.41477227211, 3.12772583961, 4.65335512161, 6.93881320953, 2.86334705353, 2.70317578316, 4.87022924423, 7.56040430069, 8.00333118439, 8.03082752228, 3.55324864388, 1.71969747543, 2.04468536377, 1.40420889854, 0.929502665997, 0.724300205708, 0.338061034679, 0.14879399538, 0.178747102618, 0.0869786068797, 0.0505516156554, 0.0357963144779, 0.0154397618026, 0.00480604870245, 0.000917579571251, 0.000190635604667, 3.15811375913e-05, 1.77007168531e-05], "min": [1.1958333627e-21, 2.05080389149e-21, 1.23132732736e-20, 2.60236400614e-20, 4.4031505784e-20, 3.34835991119e-19, 2.60076622278e-19, 2.35754622307e-18, 1.6620926755e-18, 9.0650537214e-19, 1.13804904542e-18, 2.88552051201e-18, 1.93731758558e-18, 1.32900741214e-18, 1.98395754403e-18, 2.78905905168e-18, 5.93836270474e-18, 1.00527110951e-17, 3.88667023548e-18, 8.97403531629e-18, 1.07471978753e-17, 7.880532325e-18, 9.15677440286e-18, 1.39741477317e-17, 1.28081680023e-17, 5.70445215753e-18, 1.14839386956e-17, 2.27157957539e-17, 2.66201775807e-17, 1.7982810564e-17, 1.49518189675e-17, 1.59593199905e-17, 2.4548789941e-17, 2.11402880022e-17, 9.86483604412e-18, 5.50094132502e-18, 2.89283237504e-18, 1.21925367635e-18, 3.28900220591e-19, 4.01460671946e-20], "var": [0.0106901098043, 1.17952334881, 15.5172672272, 25.4100799561, 28.5264225006, 71.7532424927, 1019.86126709, 302.52053833, 3450.11303711, 2141.67333984, 251.695297241, 202.080551147, 819.031616211, 377.51574707, 421.509124756, 2107.0456543, 5100.85009766, 1283.18078613, 5986.47509766, 23088.0195312, 4151.43994141, 4479.79199219, 2330.37963867, 1514.85913086, 821.766418457, 295.207458496, 119.538017273, 192.933181763, 117.937767029, 65.4518814087, 75.2561264038, 9.62844181061, 3.15790987015, 2.87067532539, 1.9012491703, 0.107898779213, 0.0109571991488, 0.000926612934563, 5.24634015164e-05, 1.79981356041e-07]}, "gfcc": {"mean": [-71.5283584595, 118.806678772, -120.707221985, 25.2114467621, -48.3982467651, -8.72235012054, -47.1748199463, -3.00646662712, -17.6901245117, -0.989032149315, -7.19462966919, 7.04521465302, 0.913229107857], "cov": [[22154.1347656, -1896.86853027, 7.00495672226, 531.585021973, -971.717285156, 934.772399902, -466.775421143, 822.901367188, 10.959189415, 864.199707031, -602.332214355, -181.43661499, -604.607116699], [-1896.86853027, 3003.15820312, 47.3770713806, -556.509094238, 234.623397827, -679.069519043, 176.278686523, -132.677322388, 339.757476807, -245.578994751, 179.685272217, -230.180145264, 244.461334229], [7.00495672226, 47.3770713806, 486.05947876, -81.9980697632, 37.6719322205, 19.570022583, 54.1726493835, 107.275695801, 42.0641708374, 96.2475204468, -11.7796525955, 1.93885481358, -48.7973365784], [531.585021973, -556.509094238, -81.9980697632, 713.413146973, 71.0990524292, 361.061706543, -50.5713729858, 1.10758793354, -33.2242050171, 23.5481548309, -16.4508647919, 37.7898902893, -67.2335586548], [-971.717285156, 234.623397827, 37.6719322205, 71.0990524292, 400.95098877, 51.8679161072, 43.1073112488, -8.23549747467, 37.9425163269, -11.4382543564, -23.3765144348, 3.44515347481, 43.2821235657], [934.772399902, -679.069519043, 19.570022583, 361.061706543, 51.8679161072, 482.384307861, 11.7797212601, 56.3527526855, -52.0831222534, 113.123962402, -42.6604957581, 28.1215953827, -88.5617904663], [-466.775421143, 176.278686523, 54.1726493835, -50.5713729858, 43.1073112488, 11.7797212601, 158.193191528, 12.5347242355, 12.6727800369, -10.5629062653, 32.1246871948, -17.907283783, -0.780417978764], [822.901367188, -132.677322388, 107.275695801, 1.10758793354, -8.23549747467, 56.3527526855, 12.5347242355, 158.918533325, 38.4038581848, 54.4633903503, -43.1634941101, 5.08269405365, -14.1781616211], [10.959189415, 339.757476807, 42.0641708374, -33.2242050171, 37.9425163269, -52.0831222534, 12.6727800369, 38.4038581848, 182.350357056, -0.0900729298592, -15.4125642776, -45.2190437317, 45.7889099121], [864.199707031, -245.578994751, 96.2475204468, 23.5481548309, -11.4382543564, 113.123962402, -10.5629062653, 54.4633903503, -0.0900729298592, 161.527191162, -28.7956790924, -4.13049173355, -31.1132984161], [-602.332214355, 179.685272217, -11.7796525955, -16.4508647919, -23.3765144348, -42.6604957581, 32.1246871948, -43.1634941101, -15.4125642776, -28.7956790924, 125.660110474, -12.3025312424, -14.6809253693], [-181.43661499, -230.180145264, 1.93885481358, 37.7898902893, 3.44515347481, 28.1215953827, -17.907283783, 5.08269405365, -45.2190437317, -4.13049173355, -12.3025312424, 127.585617065, -12.0945491791], [-604.607116699, 244.461334229, -48.7973365784, -67.2335586548, 43.2821235657, -88.5617904663, -0.780417978764, -14.1781616211, 45.7889099121, -31.1132984161, -14.6809253693, -12.0945491791, 205.585983276]], "icov": [[0.000125258491607, -0.000144053919939, 0.000207644130569, -5.8128607634e-05, 0.000317634869134, -0.000146916456288, 0.000272696895991, -0.000567368930206, 0.000193924759515, -0.000509626290295, 0.000522885005921, 0.000150684805703, 0.000327574351104], [-0.000144053919939, 0.00114492618013, -0.000402336474508, 0.000240262510488, -0.000887829170097, 0.000982783618383, -0.000825518218335, 0.00110985990614, -0.00146773923188, 0.00115823675878, -0.00149343535304, 0.000751928600948, -0.000678537180647], [0.000207644130569, -0.000402336474508, 0.00330646429211, 0.000120906872326, 0.000196437220438, 8.65422953211e-06, -0.000243090908043, -0.00247093033977, 0.000149382729433, -0.00250928895548, 0.000718781724572, -0.000292859069305, 0.00132554653101], [-5.8128607634e-05, 0.000240262510488, 0.000120906872326, 0.00274348421954, -0.000546338502318, -0.00210394174792, 0.000984122161753, 0.000510355399456, -0.000763436954003, 0.00136120640673, -0.000941791571677, -0.000183263095096, 1.48929093484e-05], [0.000317634869134, -0.000887829170097, 0.000196437220438, -0.000546338502318, 0.00401835516095, -0.00114977732301, 6.06623361818e-05, -0.000895346398465, 0.000557460472919, -0.00118097662926, 0.00257183052599, -0.000364986131899, 0.000314292468829], [-0.000146916456288, 0.000982783618383, 8.65422953211e-06, -0.00210394174792, -0.00114977732301, 0.00587927410379, -0.00234440411441, 0.000225012292503, -0.000146913764183, -0.00183640641626, -0.000288392417133, 0.000469319900731, 0.000256460567471], [0.000272696895991, -0.000825518218335, -0.000243090908043, 0.000984122161753, 6.06623361818e-05, -0.00234440411441, 0.00902894604951, -0.00236288132146, 0.000875056954101, 0.000307458423777, -0.000971844769083, 0.000782226386946, 0.000724619778339], [-0.000567368930206, 0.00110985990614, -0.00247093033977, 0.000510355399456, -0.000895346398465, 0.000225012292503, -0.00236288132146, 0.0121174892411, -0.00343885202892, 0.0013263693545, -0.000183567361091, -0.00108477275353, -0.00140603480395], [0.000193924759515, -0.00146773923188, 0.000149382729433, -0.000763436954003, 0.000557460472919, -0.000146913764183, 0.000875056954101, -0.00343885202892, 0.00921575073153, -0.00145713519305, 0.00250347959809, 0.00155934842769, -0.000315685261739], [-0.000509626290295, 0.00115823675878, -0.00250928895548, 0.00136120640673, -0.00118097662926, -0.00183640641626, 0.000307458423777, 0.0013263693545, -0.00145713519305, 0.0121304709464, -0.00209089950658, 0.000967961037531, -0.00140826799907], [0.000522885005921, -0.00149343535304, 0.000718781724572, -0.000941791571677, 0.00257183052599, -0.000288392417133, -0.000971844769083, -0.000183567361091, 0.00250347959809, -0.00209089950658, 0.013293527998, 0.000530260440428, 0.00260063470341], [0.000150684805703, 0.000751928600948, -0.000292859069305, -0.000183263095096, -0.000364986131899, 0.000469319900731, 0.000782226386946, -0.00108477275353, 0.00155934842769, 0.000967961037531, 0.000530260440428, 0.0101678874344, 6.19855854893e-05], [0.000327574351104, -0.000678537180647, 0.00132554653101, 1.48929093484e-05, 0.000314292468829, 0.000256460567471, 0.000724619778339, -0.00140603480395, -0.000315685261739, -0.00140826799907, 0.00260063470341, 6.19855854893e-05, 0.00695048691705]]}, "melbands": {"dmean": [0.000339559686836, 0.000742113974411, 0.000339363439707, 0.000180740040378, 0.000395710841985, 0.000167557547684, 0.000371890986571, 0.000187307348824, 5.56723789487e-05, 3.46909182554e-05, 5.24012793903e-05, 3.22762462019e-05, 2.81555785477e-05, 3.24084285239e-05, 3.6658730096e-05, 2.6366140446e-05, 1.68168353412e-05, 2.85672631435e-05, 5.59180843993e-05, 3.89794331568e-05, 3.71432615793e-05, 3.11156072712e-05, 2.20418987738e-05, 1.315852478e-05, 8.14599025034e-06, 8.46117563924e-06, 5.52101346329e-06, 3.61889578926e-06, 2.23333472604e-06, 3.10966106554e-06, 2.56471798821e-06, 2.15547629523e-06, 1.3472192677e-06, 1.47433377151e-06, 1.52507618623e-06, 6.89371574936e-07, 5.84924691793e-07, 4.39786248307e-07, 5.14842724897e-07, 4.24319750891e-07], "dmean2": [0.000544859562069, 0.00136789062526, 0.000633768620901, 0.0003152951831, 0.000569072377402, 0.000260380096734, 0.000569771684241, 0.000299153500237, 8.96666460903e-05, 6.07829279033e-05, 8.60564978211e-05, 5.46497903997e-05, 4.48839600722e-05, 5.34693317604e-05, 5.90726813243e-05, 4.30685722677e-05, 2.77047183772e-05, 4.85959353682e-05, 9.53790076892e-05, 6.61086523905e-05, 6.10290298937e-05, 5.08299308422e-05, 3.72866343241e-05, 2.39137661993e-05, 1.41824466482e-05, 1.50639516505e-05, 9.4599536169e-06, 6.03393164056e-06, 3.80857090931e-06, 5.26843496118e-06, 4.18872605223e-06, 3.65983237316e-06, 2.11780456993e-06, 2.24734094445e-06, 2.23325582738e-06, 1.08353663109e-06, 9.19400747534e-07, 6.84205929247e-07, 8.45798012961e-07, 6.98036444646e-07], "dvar": [1.14088811642e-06, 5.82434813623e-06, 1.07102664515e-06, 1.93153738337e-07, 4.0050238681e-07, 1.11590118479e-07, 7.55787084472e-07, 1.84508365919e-07, 1.20578595997e-08, 1.1196702232e-08, 2.41223840902e-08, 6.80281742049e-09, 5.24149967873e-09, 6.40307495914e-09, 1.15000320378e-08, 6.75983757858e-09, 3.94787980085e-09, 7.108650113e-09, 2.46408564664e-08, 1.31037731776e-08, 7.06787828264e-09, 4.06566247335e-09, 3.70579855691e-09, 2.24957719119e-09, 1.00145125526e-09, 7.55543017039e-10, 3.23109705658e-10, 8.80154213401e-11, 3.48931161742e-11, 7.00964702949e-11, 6.39717237516e-11, 5.93363622126e-11, 1.32532847544e-11, 1.57930456907e-11, 2.48953253845e-11, 5.34528627957e-12, 3.08191796736e-12, 1.98497728671e-12, 2.15614895729e-12, 1.86784810709e-12], "dvar2": [2.89805552711e-06, 1.7345066226e-05, 3.19462901643e-06, 5.31178272922e-07, 1.11922599899e-06, 2.80244364603e-07, 1.93692699213e-06, 4.94167011311e-07, 3.22531796826e-08, 3.07270546784e-08, 6.6746849825e-08, 1.93699918327e-08, 1.39661047172e-08, 1.71514003e-08, 2.91549167031e-08, 1.74376335593e-08, 9.64593471764e-09, 2.01173637748e-08, 6.85152343749e-08, 3.66286130316e-08, 1.93188469666e-08, 1.09634052947e-08, 9.04038532923e-09, 6.58704957246e-09, 2.73699329867e-09, 2.09613548741e-09, 8.7419538275e-10, 2.20108320459e-10, 9.24628221211e-11, 1.81358233986e-10, 1.60011406902e-10, 1.5728911229e-10, 2.92962078208e-11, 3.36663787126e-11, 4.87450288467e-11, 1.33500294153e-11, 7.66339249003e-12, 4.81533302815e-12, 5.38410115103e-12, 4.76790482096e-12], "max": [0.00887125637382, 0.0194071792066, 0.0103225568309, 0.00477470643818, 0.00778544181958, 0.00357932900079, 0.00880485121161, 0.00442910427228, 0.0014509022003, 0.00134247716051, 0.00184649357107, 0.00117529043928, 0.0017198540736, 0.0014580989955, 0.00237796618603, 0.00151128193829, 0.00286544393748, 0.00199849507771, 0.00263150641695, 0.00246911495924, 0.00164001691155, 0.00129046372604, 0.00146999245044, 0.000554375350475, 0.000633228162769, 0.000328745314619, 0.00019083803636, 0.000114616341307, 0.000116760129458, 9.79601973086e-05, 0.000106890838651, 0.00010167502478, 4.69506594527e-05, 5.54647958779e-05, 8.89274597284e-05, 4.34238281741e-05, 2.64224345301e-05, 3.17746707879e-05, 1.95250540855e-05, 2.08662513614e-05], "mean": [0.000417055329308, 0.000864787783939, 0.000342087791068, 0.000243541624513, 0.00119158264715, 0.00042765706894, 0.000488904595841, 0.000246210518526, 7.8013727034e-05, 3.36950542987e-05, 7.01328535797e-05, 3.91753164877e-05, 4.49790131825e-05, 4.57073692814e-05, 5.18244996783e-05, 3.22359992424e-05, 2.05802807614e-05, 3.74843511963e-05, 6.78430878907e-05, 4.93931875098e-05, 5.03544069943e-05, 4.3754815124e-05, 2.69032916549e-05, 1.14381373351e-05, 8.6904346972e-06, 8.1090729509e-06, 5.56277200303e-06, 4.06687513532e-06, 2.3847076136e-06, 3.40825113199e-06, 2.79568052974e-06, 2.04758612199e-06, 1.53037092332e-06, 1.79117307653e-06, 1.99627811526e-06, 6.85760255692e-07, 5.87282954712e-07, 4.50293043741e-07, 4.80740709463e-07, 3.92782084191e-07], "median": [0.00013865926303, 0.000495677348226, 0.00011866625573, 8.54141399032e-05, 0.000898014812265, 0.000338367215591, 0.000172190571902, 6.9243949838e-05, 3.72927570425e-05, 7.18598312233e-06, 1.66749578057e-05, 1.0785402992e-05, 1.47002983795e-05, 1.46801457959e-05, 1.22664605442e-05, 4.85323380417e-06, 3.2543555335e-06, 4.93846209793e-06, 1.00655352071e-05, 5.28805458089e-06, 7.81694507168e-06, 8.8254801085e-06, 3.28000942318e-06, 1.65157553056e-06, 8.92275920705e-07, 1.59956255175e-06, 1.02552542103e-06, 7.68021777731e-07, 4.38005315573e-07, 5.43520513929e-07, 2.74810219025e-07, 1.83200640436e-07, 1.18999338383e-07, 6.15665101122e-08, 1.20956755723e-07, 5.01307475531e-08, 4.57717845848e-08, 2.41625084385e-08, 3.70408272943e-08, 1.97291303294e-08], "min": [8.35126414021e-24, 5.11299801289e-24, 4.15618980423e-24, 1.34211524823e-23, 1.09714758921e-23, 5.11199063751e-23, 2.36718477431e-23, 1.01077449872e-23, 9.31353008303e-24, 1.9103689925e-23, 9.4705733566e-24, 5.48912452591e-24, 6.95140443148e-24, 7.05842445733e-24, 7.95873089808e-24, 1.90886116377e-23, 1.73158550125e-23, 4.2284384191e-24, 1.0541290319e-23, 1.28909377687e-23, 1.21247944798e-23, 7.38089186272e-24, 8.82166899774e-24, 8.18152493923e-24, 1.16060190382e-23, 1.16539502268e-23, 5.94359478759e-24, 3.28609397515e-24, 5.49028296815e-24, 1.10976889038e-23, 1.30131118125e-23, 1.45089411835e-23, 1.23608555837e-23, 9.37643542934e-24, 7.37982611164e-24, 9.52857829896e-24, 1.0303533953e-23, 1.67498236471e-23, 1.90290621056e-23, 1.74477809548e-23], "var": [1.05664491912e-06, 3.53479435944e-06, 6.8304495926e-07, 1.76140446229e-07, 1.04591424588e-06, 1.64254487345e-07, 8.3752286173e-07, 1.78732904033e-07, 1.30479422822e-08, 8.45828829199e-09, 2.09535357953e-08, 6.52257270417e-09, 8.32249913429e-09, 9.34024413368e-09, 2.01203036454e-08, 1.02300550253e-08, 5.79253311983e-09, 1.22036114547e-08, 2.936051402e-08, 1.84584756369e-08, 1.04808064449e-08, 6.62255938977e-09, 7.08842984309e-09, 1.5034483658e-09, 1.10577957901e-09, 5.6959731376e-10, 2.66674071714e-10, 1.01936271923e-10, 3.47226865316e-11, 7.36508909416e-11, 6.97031876662e-11, 4.84026742298e-11, 1.76989794348e-11, 2.96331674476e-11, 4.84749046459e-11, 4.97274660685e-12, 3.05368599331e-12, 2.06031676095e-12, 2.05452603715e-12, 1.67970108308e-12]}, "mfcc": {"mean": [-711.597717285, 145.444778442, -5.20159101486, 26.8646411896, 8.01836585999, -3.29280567169, -14.5245037079, -5.52837371826, -4.87981939316, -10.5698032379, -10.5445461273, 3.96644926071, 10.0365257263], "cov": [[14045.8916016, -993.950073242, -414.699890137, 398.665344238, 181.141815186, 550.443054199, 156.728790283, 229.624160767, 213.043258667, 511.809967041, 480.881774902, -5.77296829224, -91.0839691162], [-993.950073242, 2122.91064453, 47.9987831116, 43.194694519, 109.306175232, -205.562454224, -91.6100387573, -23.5874576569, 77.1813964844, 97.2313156128, 35.1307563782, -126.221511841, -25.3877754211], [-414.699890137, 47.9987831116, 390.051513672, -7.05671453476, -7.66167736053, -27.3256378174, -6.387383461, 28.1058940887, 2.69125342369, 53.752281189, 32.4455070496, -21.8554077148, 9.4982213974], [398.665344238, 43.194694519, -7.05671453476, 370.553436279, 197.639083862, 185.732162476, 96.272277832, 83.1914291382, 69.9904556274, 12.4904346466, 20.3580055237, 78.516418457, 16.2378559113], [181.141815186, 109.306175232, -7.66167736053, 197.639083862, 321.767608643, 188.090713501, 93.6195526123, 66.8738555908, 118.386146545, 40.4956054688, 22.7231712341, 47.5604896545, 26.8936729431], [550.443054199, -205.562454224, -27.3256378174, 185.732162476, 188.090713501, 377.279754639, 162.216812134, 92.8648605347, 55.0340385437, 26.6935558319, 63.8655166626, 89.4030990601, 18.2558898926], [156.728790283, -91.6100387573, -6.387383461, 96.272277832, 93.6195526123, 162.216812134, 237.265457153, 52.2874679565, 23.9229469299, 17.7223510742, 37.1152420044, 55.6460189819, 22.1175441742], [229.624160767, -23.5874576569, 28.1058940887, 83.1914291382, 66.8738555908, 92.8648605347, 52.2874679565, 144.723114014, 35.5099182129, 3.06953072548, 40.6422805786, 59.6417236328, -1.7951002121], [213.043258667, 77.1813964844, 2.69125342369, 69.9904556274, 118.386146545, 55.0340385437, 23.9229469299, 35.5099182129, 237.741531372, 59.3917617798, -94.2696075439, -1.68616259098, 95.2680587769], [511.809967041, 97.2313156128, 53.752281189, 12.4904346466, 40.4956054688, 26.6935558319, 17.7223510742, 3.06953072548, 59.3917617798, 248.218261719, 69.5104141235, -147.01449585, -30.0845489502], [480.881774902, 35.1307563782, 32.4455070496, 20.3580055237, 22.7231712341, 63.8655166626, 37.1152420044, 40.6422805786, -94.2696075439, 69.5104141235, 254.791610718, -11.7099123001, -135.777359009], [-5.77296829224, -126.221511841, -21.8554077148, 78.516418457, 47.5604896545, 89.4030990601, 55.6460189819, 59.6417236328, -1.68616259098, -147.01449585, -11.7099123001, 257.914855957, 34.7542266846], [-91.0839691162, -25.3877754211, 9.4982213974, 16.2378559113, 26.8936729431, 18.2558898926, 22.1175441742, -1.7951002121, 95.2680587769, -30.0845489502, -135.777359009, 34.7542266846, 198.360961914]], "icov": [[0.000100773235317, 5.36260231456e-05, 0.000155384987011, -9.68705644482e-05, 0.000110803441203, -3.87617001252e-05, 8.86724665179e-05, -4.3023537728e-05, -0.000135934533319, -0.000227017430007, -0.000263380934484, -7.31605978217e-05, -0.000104715130874], [5.36260231456e-05, 0.000605015899055, 7.89116093074e-05, -0.000205432879739, -0.000351663213223, 0.000577927974518, 0.00010759277211, -9.0992443802e-06, -0.000237565938733, -0.000130778513267, -0.000412750203395, 0.000130393338623, -0.000113601810881], [0.000155384987011, 7.89116093074e-05, 0.0030505056493, -0.000144727644511, 0.00019981249352, 0.000444178353064, 0.000234159844695, -0.000846253067721, 2.62384837697e-05, -0.0011059831595, -0.000888571783435, -0.000250418641372, -0.00089919945458], [-9.68705644482e-05, -0.000205432879739, -0.000144727644511, 0.00468494277447, -0.00202603079379, -0.000980962533504, -0.000301598658552, -0.000930143054575, 0.000351677677827, -8.25105453259e-05, 0.000832283112686, -0.000613430980593, 0.000438582501374], [0.000110803441203, -0.000351663213223, 0.00019981249352, -0.00202603079379, 0.00672546960413, -0.00203331839293, -0.000206639204407, 0.000214480663999, -0.00272930040956, -2.94626770483e-05, -0.00110609596595, -0.000166664161952, 4.08654595958e-05], [-3.87617001252e-05, 0.000577927974518, 0.000444178353064, -0.000980962533504, -0.00203331839293, 0.00610200688243, -0.00204261834733, -0.0010077910265, 7.90029152995e-05, -0.000600084895268, -0.0010853925487, -0.00074563967064, -0.000693338690326], [8.86724665179e-05, 0.00010759277211, 0.000234159844695, -0.000301598658552, -0.000206639204407, -0.00204261834733, 0.00633328175172, -0.000428467843449, 0.000334706070134, -0.000895104953088, -0.000776604691055, -0.000746817677282, -0.00112332170829], [-4.3023537728e-05, -9.0992443802e-06, -0.000846253067721, -0.000930143054575, 0.000214480663999, -0.0010077910265, -0.000428467843449, 0.0100167011842, -0.00191173353232, 0.000277383660432, -0.00168387265876, -0.0016930756392, 0.000402100849897], [-0.000135934533319, -0.000237565938733, 2.62384837697e-05, 0.000351677677827, -0.00272930040956, 7.90029152995e-05, 0.000334706070134, -0.00191173353232, 0.00888873171061, -0.00300498306751, 0.00386682501994, -0.000617096666247, -0.00178457587026], [-0.000227017430007, -0.000130778513267, -0.0011059831595, -8.25105453259e-05, -2.94626770483e-05, -0.000600084895268, -0.000895104953088, 0.000277383660432, -0.00300498306751, 0.00964722782373, -0.00247198855504, 0.00552519783378, 0.000346525310306], [-0.000263380934484, -0.000412750203395, -0.000888571783435, 0.000832283112686, -0.00110609596595, -0.0010853925487, -0.000776604691055, -0.00168387265876, 0.00386682501994, -0.00247198855504, 0.0099257864058, -0.000987008330412, 0.00485689658672], [-7.31605978217e-05, 0.000130393338623, -0.000250418641372, -0.000613430980593, -0.000166664161952, -0.00074563967064, -0.000746817677282, -0.0016930756392, -0.000617096666247, 0.00552519783378, -0.000987008330412, 0.00815043132752, -0.000764785625506], [-0.000104715130874, -0.000113601810881, -0.00089919945458, 0.000438582501374, 4.08654595958e-05, -0.000693338690326, -0.00112332170829, 0.000402100849897, -0.00178457587026, 0.000346525310306, 0.00485689658672, -0.000764785625506, 0.00954117625952]]}, "spectral_contrast_coeffs": {"dmean": [0.0414603985846, 0.0394787862897, 0.0421427860856, 0.0403008237481, 0.0315637886524, 0.0237080585212], "dmean2": [0.0684474781156, 0.0640628114343, 0.0676163285971, 0.0641776174307, 0.0509647801518, 0.0381765291095], "dvar": [0.00167037022766, 0.00219909613952, 0.00190109224059, 0.00171532377135, 0.00113226938993, 0.000621561543085], "dvar2": [0.00434131780639, 0.00564144458622, 0.00442870240659, 0.0036877237726, 0.00255416496657, 0.00153375836089], "max": [-0.167191147804, -0.461531758308, -0.416589677334, -0.418793082237, -0.403951346874, -0.488387197256], "mean": [-0.595140337944, -0.637598395348, -0.716760754585, -0.72180134058, -0.720065951347, -0.738904595375], "median": [-0.611329078674, -0.624366402626, -0.716293871403, -0.727025866508, -0.726457715034, -0.739334344864], "min": [-0.962010681629, -0.97737121582, -0.977241277695, -0.983876764774, -0.955289006233, -0.964578926563], "var": [0.00903188157827, 0.00487181963399, 0.00713545596227, 0.00757496058941, 0.00636947853491, 0.00374786066823]}, "spectral_contrast_valleys": {"dmean": [0.42186370492, 0.424346506596, 0.468603789806, 0.476569861174, 0.495718300343, 0.571014344692], "dmean2": [0.682879507542, 0.622433006763, 0.718461811543, 0.705586969852, 0.701391875744, 0.719663739204], "dvar": [0.211327701807, 0.320635944605, 0.39681583643, 0.487201184034, 0.555580079556, 0.562307178974], "dvar2": [0.45780134201, 0.574556171894, 0.738484799862, 0.857237458229, 1.0708656311, 1.04190540314], "max": [-5.24203872681, -4.39