{"lowlevel": {"average_loudness": 0.959722816944, "barkbands_crest": {"dmean": 2.16139245033, "dmean2": 3.31882357597, "dvar": 4.38314676285, "dvar2": 10.2171268463, "max": 25.264251709, "mean": 10.100066185, "median": 9.19565582275, "min": 2.33381605148, "var": 17.9103050232}, "barkbands_flatness_db": {"dmean": 0.0248101670295, "dmean2": 0.0347293578088, "dvar": 0.000865231384523, "dvar2": 0.00162209908012, "max": 0.595054388046, "mean": 0.139780059457, "median": 0.118703514338, "min": 0.01529980544, "var": 0.00827695708722}, "barkbands_kurtosis": {"dmean": 2.56603050232, "dmean2": 3.99210882187, "dvar": 32.0832214355, "dvar2": 78.403793335, "max": 124.913375854, "mean": 4.59486293793, "median": 1.66238284111, "min": -1.90681445599, "var": 90.8762969971}, "barkbands_skewness": {"dmean": 0.483383506536, "dmean2": 0.738963365555, "dvar": 0.278061270714, "dvar2": 0.644489586353, "max": 9.09791183472, "mean": 1.29604411125, "median": 1.24422585964, "min": -3.33419346809, "var": 1.58667910099}, "barkbands_spread": {"dmean": 5.26478385925, "dmean2": 7.96538925171, "dvar": 43.8646125793, "dvar2": 99.9251403809, "max": 79.0263900757, "mean": 19.3523464203, "median": 18.396232605, "min": 0.21151342988, "var": 123.158905029}, "dissonance": {"dmean": 0.0223409309983, "dmean2": 0.0363542847335, "dvar": 0.00060487590963, "dvar2": 0.00140111136716, "max": 0.498762816191, "mean": 0.431199252605, "median": 0.449481338263, "min": 0.110039740801, "var": 0.004025420174}, "dynamic_complexity": 2.73354172707, "erbbands_crest": {"dmean": 2.75142145157, "dmean2": 4.10277557373, "dvar": 8.42792987823, "dvar2": 18.3787746429, "max": 33.7196769714, "mean": 11.7185344696, "median": 10.2807722092, "min": 2.54373836517, "var": 34.0815620422}, "erbbands_flatness_db": {"dmean": 0.0252177808434, "dmean2": 0.0335249379277, "dvar": 0.00074683141429, "dvar2": 0.00133277184796, "max": 0.543478250504, "mean": 0.176299214363, "median": 0.161566585302, "min": 0.0641331076622, "var": 0.00617767544463}, "erbbands_kurtosis": {"dmean": 1.59431302547, "dmean2": 2.45281219482, "dvar": 10.0611782074, "dvar2": 21.3201065063, "max": 133.36340332, "mean": 2.65911602974, "median": 0.0628768205643, "min": -1.6955473423, "var": 89.1502761841}, "erbbands_skewness": {"dmean": 0.387906372547, "dmean2": 0.57567769289, "dvar": 0.192166775465, "dvar2": 0.425914287567, "max": 7.55023574829, "mean": 0.668981850147, "median": 0.533511400223, "min": -5.4057970047, "var": 1.39064610004}, "erbbands_spread": {"dmean": 7.5156416893, "dmean2": 10.9225273132, "dvar": 67.416267395, "dvar2": 148.334915161, "max": 116.590278625, "mean": 33.1027488708, "median": 33.0196533203, "min": 0.732984781265, "var": 288.851135254}, "hfc": {"dmean": 12.0799674988, "dmean2": 17.7575473785, "dvar": 327.960968018, "dvar2": 717.177429199, "max": 156.09312439, "mean": 25.8215923309, "median": 17.4507579803, "min": 1.20585939712e-16, "var": 617.769470215}, "melbands_crest": {"dmean": 2.62950229645, "dmean2": 4.05028343201, "dvar": 7.20058250427, "dvar2": 16.701417923, "max": 30.1741981506, "mean": 12.6269798279, "median": 11.4711198807, "min": 2.56833148003, "var": 24.0712013245}, "melbands_flatness_db": {"dmean": 0.0265334676951, "dmean2": 0.0383043326437, "dvar": 0.00112900708336, "dvar2": 0.0022166960407, "max": 0.693675041199, "mean": 0.209169343114, "median": 0.184250369668, "min": 0.00642941053957, "var": 0.0102825192735}, "melbands_kurtosis": {"dmean": 4.09675168991, "dmean2": 6.33044433594, "dvar": 44.936958313, "dvar2": 99.5284042358, "max": 184.399749756, "mean": 9.57307243347, "median": 6.2435669899, "min": -1.87295877934, "var": 161.654006958}, "melbands_skewness": {"dmean": 0.566400587559, "dmean2": 0.866650700569, "dvar": 0.365550607443, "dvar2": 0.822927772999, "max": 9.62509536743, "mean": 2.03910326958, "median": 1.99450039864, "min": -1.99511671066, "var": 1.83931219578}, "melbands_spread": {"dmean": 5.72252655029, "dmean2": 8.9676990509, "dvar": 52.0201568604, "dvar2": 124.921913147, "max": 119.503074646, "mean": 22.2143287659, "median": 20.7126064301, "min": 0.482308328152, "var": 192.663619995}, "pitch_salience": {"dmean": 0.0680767148733, "dmean2": 0.104644112289, "dvar": 0.00437998166308, "dvar2": 0.00964669883251, "max": 0.886196792126, "mean": 0.544308900833, "median": 0.542887508869, "min": 0.157196998596, "var": 0.0147083215415}, "silence_rate_20dB": {"dmean": 0, "dmean2": 0, "dvar": 0, "dvar2": 0, "max": 1, "mean": 1, "median": 1, "min": 1, "var": 0}, "silence_rate_30dB": {"dmean": 0, "dmean2": 0, "dvar": 0, "dvar2": 0, "max": 1, "mean": 1, "median": 1, "min": 1, "var": 0}, "silence_rate_60dB": {"dmean": 0.00166195782367, "dmean2": 0.00315824477002, "dvar": 0.00165929121431, "dvar2": 0.00447764946148, "max": 1, "mean": 0.0335659682751, "median": 0, "min": 0, "var": 0.0324392057955}, "spectral_centroid": {"dmean": 207.485275269, "dmean2": 320.037536621, "dvar": 87614.4765625, "dvar2": 184059.984375, "max": 11159.8017578, "mean": 1183.2779541, "median": 1186.23937988, "min": 295.847595215, "var": 253110.921875}, "spectral_complexity": {"dmean": 3.94681739807, "dmean2": 5.73005342484, "dvar": 31.9247570038, "dvar2": 59.5840415955, "max": 64, "mean": 18.3973083496, "median": 17, "min": 0, "var": 93.411567688}, "spectral_decrease": {"dmean": 2.07072936576e-09, "dmean2": 3.10060599418e-09, "dvar": 6.60002364954e-18, "dvar2": 1.50701372279e-17, "max": -1.85339592441e-30, "mean": -6.27746077342e-09, "median": -5.62734125964e-09, "min": -3.26186473387e-08, "var": 1.39619832136e-17}, "spectral_energy": {"dmean": 0.00874913670123, "dmean2": 0.0129537060857, "dvar": 0.000114708600449, "dvar2": 0.000256429630099, "max": 0.128655210137, "mean": 0.0260346960276, "median": 0.0229152031243, "min": 1.09445001939e-20, "var": 0.000252616999205}, "spectral_energyband_high": {"dmean": 0.00082568032667, "dmean2": 0.001233218587, "dvar": 2.54487940765e-06, "dvar2": 5.5537902881e-06, "max": 0.0126389293, "mean": 0.00107168103568, "median": 0.000333921052516, "min": 7.76205041849e-21, "var": 3.37571168529e-06}, "spectral_energyband_low": {"dmean": 0.00315132923424, "dmean2": 0.0053141284734, "dvar": 3.88215994462e-05, "dvar2": 0.000100782192021, "max": 0.0679602399468, "mean": 0.00453201076016, "median": 0.0027715251781, "min": 3.92271466531e-23, "var": 3.81552235922e-05}, "spectral_energyband_middle_high": {"dmean": 0.00321158068255, "dmean2": 0.00482522882521, "dvar": 2.33082937484e-05, "dvar2": 5.43482019566e-05, "max": 0.0634343400598, "mean": 0.00711451238021, "median": 0.00417162291706, "min": 1.6415286165e-21, "var": 6.43810271868e-05}, "spectral_energyband_middle_low": {"dmean": 0.00423820083961, "dmean2": 0.006220695097, "dvar": 3.52190727426e-05, "dvar2": 8.23112495709e-05, "max": 0.127901673317, "mean": 0.0136892581359, "median": 0.011920420453, "min": 4.06980333467e-22, "var": 6.92292960593e-05}, "spectral_entropy": {"dmean": 0.254830360413, "dmean2": 0.350492954254, "dvar": 0.103435754776, "dvar2": 0.203078761697, "max": 9.80391120911, "mean": 7.16742801666, "median": 7.31140232086, "min": 3.87172842026, "var": 0.722289919853}, "spectral_flux": {"dmean": 0.0295555796474, "dmean2": 0.0439716055989, "dvar": 0.00110475288238, "dvar2": 0.00219728634693, "max": 0.276258975267, "mean": 0.0735237002373, "median": 0.0622849054635, "min": 1.04615968666e-10, "var": 0.00244866427965}, "spectral_kurtosis": {"dmean": 3.3917427063, "dmean2": 5.32551336288, "dvar": 126.356414795, "dvar2": 243.103515625, "max": 304.654083252, "mean": 10.0703258514, "median": 4.37034130096, "min": -1.23539817333, "var": 544.819152832}, "spectral_rms": {"dmean": 0.000790861260612, "dmean2": 0.00113742193207, "dvar": 8.01362830316e-07, "dvar2": 1.6957852722e-06, "max": 0.0112034492195, "mean": 0.00476054055616, "median": 0.00472824461758, "min": 3.26765372573e-12, "var": 2.73697378361e-06}, "spectral_rolloff": {"dmean": 413.49911499, "dmean2": 706.403991699, "dvar": 707665.875, "dvar2": 1669376.875, "max": 18884.6191406, "mean": 1322.79284668, "median": 1248.92578125, "min": 107.666015625, "var": 916962.3125}, "spectral_skewness": {"dmean": 0.305515170097, "dmean2": 0.48434317112, "dvar": 0.351466864347, "dvar2": 0.703593730927, "max": 14.4213485718, "mean": 2.03610157967, "median": 1.63755607605, "min": -0.00305501627736, "var": 2.351572752}, "spectral_spread": {"dmean": 726681.1875, "dmean2": 961153.875, "dvar": 807281819648, "dvar2": 1350705217540.0, "max": 41238964, "mean": 4479735.5, "median": 4305099, "min": 270785.5, "var": 2287765291010.0}, "spectral_strongpeak": {"dmean": 1.03718018532, "dmean2": 1.69342052937, "dvar": 3.28228092194, "dvar2": 7.92923021317, "max": 24.2249088287, "mean": 2.05132269859, "median": 1.04200696945, "min": 0, "var": 6.84424734116}, "zerocrossingrate": {"dmean": 0.0100743202493, "dmean2": 0.011517951265, "dvar": 0.000122905534226, "dvar2": 0.000149065017467, "max": 0.50244140625, "mean": 0.0591040998697, "median": 0.05810546875, "min": 0.00927734375, "var": 0.000706505321432}, "barkbands": {"dmean": [0.000152491717017, 0.00212775031105, 0.00123825657647, 0.000429560430348, 0.00113996514119, 0.00102392514236, 0.00217261095531, 0.000919010140933, 0.000450898311101, 0.000299750245176, 0.000261757260887, 0.00104862847365, 0.000401455967221, 0.00103238876909, 0.000358594290446, 0.000301403255435, 0.000346832413925, 0.000158326889505, 0.000203425632208, 0.000158545954037, 0.000170007624547, 0.000206402619369, 0.000101957804873, 0.000108948319394, 0.000112120374979, 9.46355066844e-05, 4.9334623327e-05], "dmean2": [0.000262540357653, 0.00368832866661, 0.00206849118695, 0.000737738562748, 0.00166183803231, 0.00158590113278, 0.0033384768758, 0.00138813292142, 0.000702604942489, 0.000465511693619, 0.000400015880587, 0.00156315555796, 0.000636555312667, 0.00158969580662, 0.000574546924327, 0.000502715760376, 0.000531911093276, 0.000243067042902, 0.000325686414726, 0.000245678122155, 0.000260710221482, 0.000322734529618, 0.000155361194629, 0.000164971395861, 0.000177595618879, 0.000147600425407, 8.18080661702e-05], "dvar": [8.69276135518e-08, 2.38399388763e-05, 4.45947125627e-06, 5.5806964383e-07, 3.18772299579e-06, 2.98490749628e-06, 1.3966096958e-05, 2.61791569756e-06, 1.01956754861e-06, 3.40244980634e-07, 3.6270654391e-07, 6.5766876105e-06, 1.01496448224e-06, 9.77425770543e-06, 2.57754527411e-06, 7.91720310644e-07, 1.23121003526e-06, 1.24065010709e-07, 1.42393020042e-07, 1.10326830338e-07, 1.37004462886e-07, 2.63198359107e-07, 4.3637655267e-08, 8.54187121035e-08, 6.52169021009e-08, 4.84403450685e-08, 1.82505583979e-08], "dvar2": [2.31779694104e-07, 6.20819046162e-05, 1.1966252714e-05, 1.51321808062e-06, 7.16443310012e-06, 7.83379164204e-06, 3.43186693499e-05, 6.24437279839e-06, 2.35920379055e-06, 8.4211757212e-07, 8.25021743367e-07, 1.43362649396e-05, 2.37994390773e-06, 2.34248946072e-05, 6.21037224846e-06, 1.92842480828e-06, 2.15287536776e-06, 2.15738651832e-07, 3.48861448174e-07, 2.44209616085e-07, 3.23308285033e-07, 6.4003040734e-07, 1.02730950857e-07, 2.0182595506e-07, 1.66509963151e-07, 1.20208497378e-07, 4.69080809751e-08], "max": [0.00396954966709, 0.0589468404651, 0.0234435219318, 0.00734154134989, 0.0207025464624, 0.0337816029787, 0.0767029300332, 0.0433558672667, 0.0220222454518, 0.00817865971476, 0.0116258254275, 0.0490903407335, 0.0244784653187, 0.0491100102663, 0.0470540598035, 0.0184968169779, 0.0329014658928, 0.0177254974842, 0.00527737895027, 0.00623673107475, 0.00330489943735, 0.00451203808188, 0.00271208537742, 0.00588100915775, 0.00450790533796, 0.00289065507241, 0.00183617661241], "mean": [0.00013233385107, 0.00250916788355, 0.00156892335508, 0.000606230169069, 0.00309551483952, 0.00330992206, 0.00377596658655, 0.00191976467613, 0.00089275999926, 0.000458164256997, 0.000392170622945, 0.00186014862265, 0.000580398947932, 0.00162492936943, 0.000473952299217, 0.000368997134501, 0.00068118958734, 0.000264065165538, 0.000318407284794, 0.000241618748987, 0.000220354530029, 0.000238628534134, 0.000124822065118, 0.000125343402033, 0.000112799098133, 9.57047086558e-05, 4.24306490459e-05], "median": [3.3318043279e-05, 0.000744625809602, 0.000894081778824, 0.000387353415135, 0.00106857041828, 0.0028566585388, 0.0021431799978, 0.00128956255503, 0.000313924218062, 0.000193535641301, 0.000158417140483, 0.000352942501195, 0.00013877658057, 0.00024040043354, 9.06552450033e-05, 0.000137118229759, 0.000207507429877, 0.000151210871991, 0.000176841946086, 0.000101139259641, 7.88305187598e-05, 6.65091502015e-05, 3.87821019103e-05, 2.75335514743e-05, 1.84540840564e-05, 9.85195492831e-06, 3.16948808177e-06], "min": [1.2390038704e-23, 1.80004300837e-23, 9.41285082644e-24, 3.31379167039e-24, 4.92937722656e-23, 7.00942988423e-23, 3.87680453834e-23, 8.52383771842e-23, 5.50088675755e-23, 1.40651854673e-22, 9.68941315358e-23, 1.36246931109e-22, 1.03204640124e-22, 1.44316952926e-22, 1.09706141404e-22, 1.77335944115e-22, 1.16890316601e-22, 2.20201774803e-22, 1.77138249262e-22, 3.55959586907e-22, 7.51500351776e-22, 5.53309108893e-22, 6.41076182864e-22, 7.56392198156e-22, 1.10851067617e-21, 1.48226272418e-21, 2.61380208032e-21], "var": [7.07074079287e-08, 2.14600513573e-05, 4.66944811706e-06, 5.86170472161e-07, 1.70641997101e-05, 5.63223511563e-06, 1.96448945644e-05, 5.04543641e-06, 2.87963371193e-06, 4.88220621264e-07, 6.05800039466e-07, 1.8486263798e-05, 1.92262154997e-06, 1.92342904484e-05, 4.80191329189e-06, 1.34699519094e-06, 6.11887207924e-06, 3.54298009597e-07, 2.09806557905e-07, 1.94314523583e-07, 1.61883590977e-07, 2.70386777856e-07, 5.2003162665e-08, 1.03326946999e-07, 6.3643561532e-08, 4.83103086424e-08, 1.47555780927e-08]}, "erbbands": {"dmean": [0.0605923607945, 0.484858006239, 1.35806965828, 1.30805528164, 2.72180128098, 3.02151608467, 9.26756572723, 8.30850505829, 31.1141109467, 23.5450229645, 16.2052059174, 8.32501888275, 9.62975215912, 9.20519161224, 13.6554985046, 34.7903289795, 21.9217071533, 29.9463863373, 38.8089103699, 18.5742969513, 16.7169246674, 21.9919471741, 9.1183795929, 10.7179985046, 7.59676170349, 6.55673694611, 7.11604309082, 7.23962259293, 7.8426451683, 4.13819169998, 2.88782501221, 2.11430883408, 2.01770710945, 1.41558849812, 0.713901281357, 0.436294138432, 0.159314125776, 0.048514906317, 0.00733506167307, 0.000652983842883], "dmean2": [0.105822987854, 0.843608021736, 2.27468180656, 2.20801115036, 4.74246549606, 4.55298423767, 12.8006029129, 13.3056125641, 48.2033843994, 35.7972450256, 24.4504528046, 13.1383132935, 15.2458209991, 13.7826032639, 20.7103118896, 52.0224227905, 34.1879425049, 46.3691139221, 60.0427932739, 30.6322879791, 27.1350536346, 33.1842727661, 14.0360012054, 17.0448627472, 11.9635734558, 10.1254444122, 10.9031133652, 11.4954471588, 12.1786594391, 6.32319688797, 4.40563201904, 3.15021276474, 3.12135243416, 2.27221393585, 1.12563848495, 0.673027575016, 0.24621784687, 0.0794091895223, 0.0118581838906, 0.0011255024001], "dvar": [0.0271026752889, 1.12975430489, 5.97767066956, 4.09293937683, 34.8425674438, 22.2426490784, 189.362106323, 291.142852783, 3196.94360352, 1706.45593262, 739.639526367, 325.339691162, 365.503662109, 475.002990723, 1028.63891602, 7382.15478516, 2381.43505859, 8640.25195312, 15811.0664062, 4016.13330078, 2485.95288086, 5580.75244141, 275.45022583, 349.565643311, 177.547836304, 198.40562439, 249.137878418, 297.744018555, 379.814971924, 84.1721801758, 37.8190917969, 16.9609622955, 44.6075286865, 14.2413187027, 2.13249254227, 0.90769547224, 0.119561389089, 0.0193150546402, 0.000335982855177, 7.26789630789e-06], "dvar2": [0.069698266685, 3.01342964172, 16.1029911041, 11.1055440903, 96.5366592407, 52.6089324951, 400.932830811, 733.711669922, 7904.98486328, 3984.34350586, 1744.67602539, 790.028686523, 901.465087891, 1085.03186035, 2311.53417969, 16096.6757812, 5441.97949219, 19168.4433594, 38241.8671875, 9951.63574219, 5636.24511719, 9528.12597656, 526.542785645, 813.879089355, 408.613067627, 467.152435303, 611.665588379, 715.667541504, 916.679260254, 203.057998657, 89.0797424316, 38.6380081177, 108.128067017, 37.7775878906, 5.16271400452, 1.99667584896, 0.295672655106, 0.0520507693291, 0.000817865366116, 2.03024046641e-05], "max": [2.34035563469, 10.9068212509, 27.9319820404, 22.7441062927, 58.5527305603, 50.8169975281, 189.352264404, 366.696716309, 1128.42858887, 1072.61291504, 429.106079102, 334.763031006, 343.866333008, 449.483306885, 952.557739258, 1745.33618164, 1120.34130859, 1943.12060547, 1986.41333008, 1681.22277832, 1279.53063965, 2259.59863281, 726.993286133, 466.929016113, 243.383743286, 204.404174805, 186.240539551, 168.426727295, 176.612609863, 98.9731063843, 84.9155960083, 49.5420188904, 142.595321655, 78.2243499756, 19.3355197906, 11.8308258057, 3.93356156349, 1.96452999115, 0.180954933167, 0.0564862042665], "mean": [0.0603841803968, 0.617555260658, 1.80915510654, 2.02365422249, 3.34407496452, 7.94682741165, 34.1682853699, 22.8837165833, 58.7758979797, 42.0929450989, 33.6105194092, 15.8928670883, 15.9537687302, 15.495013237, 23.8639240265, 61.6453285217, 36.4858016968, 50.1465148926, 61.0650634766, 24.7133388519, 24.5872688293, 44.0916099548, 16.4095935822, 17.8461914062, 12.7914924622, 9.84359455109, 9.33574390411, 8.89526176453, 8.91801166534, 5.33168506622, 3.47990512848, 2.48837304115, 2.24061441422, 1.36113584042, 0.737249493599, 0.457170844078, 0.156920924783, 0.0433722622693, 0.0064416565001, 0.000530093733687], "median": [0.00626573245972, 0.249269455671, 1.07189536095, 1.36681568623, 1.65578246117, 3.33836603165, 21.7558250427, 18.5810775757, 36.2008666992, 27.107585907, 20.4772434235, 7.02724123001, 6.83393478394, 6.71359825134, 9.09301757812, 12.9000148773, 9.89464950562, 10.989689827, 8.83591651917, 8.17444992065, 9.21859169006, 13.0900802612, 9.70765018463, 10.7101383209, 7.26203346252, 4.05404853821, 3.44508838654, 2.90052008629, 2.42082548141, 1.77796411514, 1.0259988308, 0.634931147099, 0.402884632349, 0.218360826373, 0.121847093105, 0.0520213469863, 0.0170652288944, 0.00406313640997, 0.000459642964415, 5.57368184673e-05], "min": [7.64708634876e-22, 3.18164258769e-21, 1.05338704511e-20, 1.11288661509e-20, 4.38753205134e-20, 2.00489775049e-19, 3.45086878559e-19, 7.00413374222e-19, 3.53667378149e-19, 1.56131446973e-18, 1.31781503807e-18, 1.05145233428e-18, 5.59071689126e-18, 1.85627166993e-18, 7.19078777122e-18, 3.80660494245e-18, 4.20166061274e-18, 7.69498826898e-18, 4.79757641527e-18, 7.77341326285e-18, 9.03734358447e-18, 7.10200151299e-18, 1.25691822885e-17, 9.02999491191e-18, 1.32686784745e-17, 1.78796264e-17, 2.81481257558e-17, 2.30176670467e-17, 2.12450173396e-17, 1.64893045351e-17, 2.0265830709e-17, 1.37552443088e-17, 1.28466931122e-17, 1.06865704995e-17, 9.0693844255e-18, 6.55085603393e-18, 2.64558085212e-18, 1.41632180587e-18, 3.28967790908e-19, 3.76897769838e-20], "var": [0.022169470787, 1.0284563303, 6.05422449112, 4.83332443237, 29.0430030823, 92.7423782349, 1138.64709473, 486.434234619, 4716.72460938, 2557.51953125, 1691.87207031, 690.762573242, 638.927612305, 876.383178711, 2423.07128906, 20653.0214844, 6001.84375, 18415.6191406, 30981.4003906, 6570.31494141, 5663.00292969, 27720.4277344, 758.570800781, 603.969970703, 306.977142334, 294.727722168, 287.506652832, 315.954376221, 393.250579834, 95.6383895874, 42.8529281616, 21.2521934509, 51.1902122498, 12.5285415649, 2.26561427116, 1.15876030922, 0.119295686483, 0.0147632807493, 0.000304608838633, 4.59264174424e-06]}, "gfcc": {"mean": [-6.76034212112, 85.4182434082, -112.207710266, 13.0645313263, -64.079284668, -8.01072883606, -45.185131073, -0.708610475063, -20.3855419159, 6.93688058853, -6.99965906143, 5.41554355621, -13.5128145218], "cov": [[19276.9667969, -4093.16040039, -817.204345703, 1404.07800293, 749.381652832, 1451.90209961, 365.818267822, 727.610046387, -280.403991699, 322.946411133, -744.808044434, -59.4737892151, -777.50604248], [-4093.16040039, 1671.58203125, 109.723945618, -99.7828369141, -28.4365825653, -297.904693604, -8.52995014191, -129.850952148, 135.420593262, -124.134765625, 221.887649536, -19.232542038, 201.667251587], [-817.204345703, 109.723945618, 889.835449219, 92.5509796143, 136.47543335, 107.994529724, 100.956123352, 94.898223877, 105.456916809, 79.3485717773, 33.47290802, 41.0356636047, 43.8365402222], [1404.07800293, -99.7828369141, 92.5509796143, 513.527832031, 170.077651978, 217.130859375, 71.9601669312, 124.131896973, 20.0847969055, 41.734161377, -65.5676193237, 34.4921722412, -27.7081661224], [749.381652832, -28.4365825653, 136.47543335, 170.077651978, 326.947387695, 211.882827759, 79.2513046265, 58.8446807861, 29.4039001465, 52.5535926819, -38.0676269531, -16.7133903503, -42.070224762], [1451.90209961, -297.904693604, 107.994529724, 217.130859375, 211.882827759, 351.883453369, 126.214370728, 84.7673950195, -5.88702964783, 88.205947876, -55.9258346558, -10.0629520416, -92.2477340698], [365.818267822, -8.52995014191, 100.956123352, 71.9601669312, 79.2513046265, 126.214370728, 145.881561279, 42.3052253723, 24.8644828796, 33.1212844849, 3.06040382385, -4.44690418243, -27.5066108704], [727.610046387, -129.850952148, 94.898223877, 124.131896973, 58.8446807861, 84.7673950195, 42.3052253723, 142.316253662, 28.54205513, 32.4560890198, -28.9167804718, 20.9786224365, -35.1891403198], [-280.403991699, 135.420593262, 105.456916809, 20.0847969055, 29.4039001465, -5.88702964783, 24.8644828796, 28.54205513, 107.903793335, 16.0659866333, 13.7160835266, -5.37287473679, 27.6506633759], [322.946411133, -124.134765625, 79.3485717773, 41.734161377, 52.5535926819, 88.205947876, 33.1212844849, 32.4560890198, 16.0659866333, 106.607131958, 0.44915702939, -8.92438411713, -40.768371582], [-744.808044434, 221.887649536, 33.47290802, -65.5676193237, -38.0676269531, -55.9258346558, 3.06040382385, -28.9167804718, 13.7160835266, 0.44915702939, 128.36164856, 17.4437675476, 31.3737049103], [-59.4737892151, -19.232542038, 41.0356636047, 34.4921722412, -16.7133903503, -10.0629520416, -4.44690418243, 20.9786224365, -5.37287473679, -8.92438411713, 17.4437675476, 98.532333374, 25.5794448853], [-777.50604248, 201.667251587, 43.8365402222, -27.7081661224, -42.070224762, -92.2477340698, -27.5066108704, -35.1891403198, 27.6506633759, -40.768371582, 31.3737049103, 25.5794448853, 138.77722168]], "icov": [[0.000229481811402, 0.000472758954857, 0.000265729700914, -0.000362144841347, -0.000208323923289, -0.000112372239528, -0.000230255667702, -0.000431822758401, -5.4914271459e-05, 0.000307687849272, -2.35844090639e-05, 0.000256462924881, 0.000208846991882], [0.000472758954857, 0.00229144562036, 0.000469713442726, -0.00120646727737, -0.00111323723104, 0.0009170891135, -0.00107289280277, -0.000130509302835, -0.00117882632185, 0.00178214802872, -0.00192651432008, 0.00130528328009, -9.07282010303e-05], [0.000265729700914, 0.000469713442726, 0.00186137657147, -0.000220117610297, -0.000603133754339, -0.000260587286903, -0.000767683959566, -0.00118090875912, -0.000809050281532, -0.000558171479497, -0.000146438775118, -0.000283993576886, -0.000550703320187], [-0.000362144841347, -0.00120646727737, -0.000220117610297, 0.00401874678209, -9.47334683588e-06, -0.00183887488674, 0.00082830095198, -0.00139113748446, 0.000218179469812, -0.000605324050412, 0.00141774734948, -0.00164476176724, -0.00105624040589], [-0.000208323923289, -0.00111323723104, -0.000603133754339, -9.47334683588e-06, 0.00608357135206, -0.00364291435108, 0.000847205112223, 0.000324829481542, -0.000775491003878, -0.000414654728957, 0.00118120864499, 0.000242857495323, 3.31107949023e-05], [-0.000112372239528, 0.0009170891135, -0.000260587286903, -0.00183887488674, -0.00364291435108, 0.0102059394121, -0.00503202434629, 0.000635137199424, 0.00175900920294, -0.00264923158102, -5.8871893998e-05, 0.000427908613347, 0.0014020006638], [-0.000230255667702, -0.00107289280277, -0.000767683959566, 0.00082830095198, 0.000847205112223, -0.00503202434629, 0.0119322566316, -0.000794826075435, -0.00173454766627, 0.000433502485976, -0.00120523176156, 5.01088543388e-05, 0.000488602381665], [-0.000431822758401, -0.000130509302835, -0.00118090875912, -0.00139113748446, 0.000324829481542, 0.000635137199424, -0.000794826075435, 0.0129008414224, -0.00361660472117, -0.000570309290197, 0.000819320150185, -0.00299192708917, 0.00241924100555], [-5.4914271459e-05, -0.00117882632185, -0.000809050281532, 0.000218179469812, -0.000775491003878, 0.00175900920294, -0.00173454766627, -0.00361660472117, 0.0142441224307, -0.00323544279672, 0.000757230678573, 0.00184535980225, -0.00292205717415], [0.000307687849272, 0.00178214802872, -0.000558171479497, -0.000605324050412, -0.000414654728957, -0.00264923158102, 0.000433502485976, -0.000570309290197, -0.00323544279672, 0.0153625681996, -0.00353604345582, 0.00187785085291, 0.00285509997047], [-2.35844090639e-05, -0.00192651432008, -0.000146438775118, 0.00141774734948, 0.00118120864499, -5.8871893998e-05, -0.00120523176156, 0.000819320150185, 0.000757230678573, -0.00353604345582, 0.0127099910751, -0.00334724714048, -0.000161502131959], [0.000256462924881, 0.00130528328009, -0.000283993576886, -0.00164476176724, 0.000242857495323, 0.000427908613347, 5.01088543388e-05, -0.00299192708917, 0.00184535980225, 0.00187785085291, -0.00334724714048, 0.0135258277878, -0.00264168647118], [0.000208846991882, -9.07282010303e-05, -0.000550703320187, -0.00105624040589, 3.31107949023e-05, 0.0014020006638, 0.000488602381665, 0.00241924100555, -0.00292205717415, 0.00285509997047, -0.000161502131959, -0.00264168647118, 0.0120674036443]]}, "melbands": {"dmean": [0.000566273287404, 0.000657356402371, 0.000255777937127, 0.000194557229406, 0.000289160845568, 0.000206337077543, 0.000459363072878, 0.000251505582128, 0.000127492166939, 5.0320806622e-05, 5.00164205732e-05, 3.84848244721e-05, 3.69851404685e-05, 7.36382135074e-05, 0.00012536853319, 3.72444992536e-05, 6.12879521213e-05, 8.07624237495e-05, 3.32079071086e-05, 2.16973658098e-05, 1.81682880793e-05, 2.73644145636e-05, 8.86378529685e-06, 8.9857940111e-06, 9.35440311878e-06, 7.53307494961e-06, 5.71826558371e-06, 4.42610598839e-06, 4.40671783508e-06, 4.61247282146e-06, 4.31487387687e-06, 5.05778280058e-06, 3.1329570902e-06, 2.06223035093e-06, 1.83154998012e-06, 1.33518824441e-06, 1.29957709305e-06, 1.67336600043e-06, 1.11832116545e-06, 1.18015225326e-06], "dmean2": [0.000981421675533, 0.00110703043174, 0.000434720219346, 0.000325458153384, 0.000399296463002, 0.000326180190314, 0.000712730572559, 0.000378544500563, 0.000193289088202, 7.98972323537e-05, 7.89099794929e-05, 5.75895646762e-05, 5.65661393921e-05, 0.000109486696601, 0.000188691701624, 5.79616644245e-05, 9.54717761488e-05, 0.000124740734464, 5.28063574166e-05, 3.7217130739e-05, 2.94521814794e-05, 4.11883374909e-05, 1.35372829391e-05, 1.36659764394e-05, 1.50588039105e-05, 1.20671747936e-05, 9.09709524421e-06, 6.88162845108e-06, 6.7929540819e-06, 7.16921886124e-06, 6.94670370649e-06, 8.0260933828e-06, 4.79735899717e-06, 3.21160678141e-06, 2.84109728454e-06, 2.06019535653e-06, 1.92528887055e-06, 2.59316084339e-06, 1.76532569185e-06, 1.93069740817e-06], "dvar": [1.94245217244e-06, 1.57155170655e-06, 1.67759182546e-07, 1.37219558383e-07, 2.01366589181e-07, 1.58373879344e-07, 6.75529349792e-07, 1.92621385509e-07, 5.24946521807e-08, 1.20366161482e-08, 9.64589741415e-09, 7.11713576962e-09, 5.44972111882e-09, 4.51477113472e-08, 1.26057514649e-07, 1.71675349492e-08, 3.15584962607e-08, 8.09752407349e-08, 2.95180413445e-08, 3.21496052003e-09, 3.09572678603e-09, 9.81669145972e-09, 4.45577130748e-10, 6.08766814736e-10, 2.72987715766e-10, 2.14079531879e-10, 1.4967568851e-10, 1.09829270678e-10, 1.00553940174e-10, 1.14938544793e-10, 1.19918311392e-10, 1.67304073373e-10, 5.39783634457e-11, 2.12775578406e-11, 1.68504949577e-11, 8.25997863857e-12, 7.10345757909e-12, 5.4162903329e-11, 8.84604542395e-12, 9.56294418653e-12], "dvar2": [4.99795487485e-06, 4.28540761277e-06, 4.56099058965e-07, 3.70796527704e-07, 4.10617815305e-07, 4.08014955156e-07, 1.68410826973e-06, 4.50281163467e-07, 1.22078063214e-07, 2.91668822427e-08, 2.37159429872e-08, 1.64048579165e-08, 1.2569657315e-08, 9.98443780986e-08, 2.65245972741e-07, 3.76130877555e-08, 7.24487776438e-08, 1.95324687979e-07, 7.1395696466e-08, 8.51891179821e-09, 6.6668635057e-09, 1.69127609695e-08, 7.54391937807e-10, 1.02055897067e-09, 6.6462574333e-10, 5.16879594681e-10, 3.14648584965e-10, 2.5985380514e-10, 2.481455319e-10, 2.75828387908e-10, 2.96229540897e-10, 4.1346562285e-10, 1.23960119947e-10, 5.2343095136e-11, 3.97877772396e-11, 2.05935667824e-11, 1.61810304738e-11, 1.31738467357e-10, 2.20749894059e-11, 2.58480806203e-11], "max": [0.0186269897968, 0.0149667775258, 0.00347661576234, 0.00353385903873, 0.00626277178526, 0.00795140396804, 0.0167524013668, 0.0119623783976, 0.00480207242072, 0.00216541439295, 0.00173158373218, 0.0016548227286, 0.0015804026043, 0.00684008421376, 0.00858566723764, 0.00344441179186, 0.00323767308146, 0.00463766092435, 0.00517356349155, 0.000546529074199, 0.00159637012985, 0.00303251296282, 0.000504881783854, 0.00135373673402, 0.000292642449494, 0.000206246186281, 0.000384593091439, 0.00019897473976, 0.000125630045659, 0.000108125743282, 0.000140870091855, 0.000118429954455, 9.99116091407e-05, 5.66395356145e-05, 5.69972435187e-05, 5.45019938727e-05, 4.07633306168e-05, 0.000166406563949, 8.77213460626e-05, 4.72725514555e-05], "mean": [0.000640474783722, 0.000916271994356, 0.000382052297937, 0.000322486303048, 0.00105885474477, 0.000604201632086, 0.000825236376841, 0.00045938094263, 0.000262333865976, 9.39699311857e-05, 8.13746300992e-05, 6.38453420834e-05, 6.04099368502e-05, 0.000133054680191, 0.000197765475605, 5.76970742259e-05, 9.9478806078e-05, 0.000122759185615, 4.52246786153e-05, 2.38552856899e-05, 2.50319753832e-05, 5.37150262971e-05, 1.43170273077e-05, 1.47044720507e-05, 1.46156198753e-05, 1.11459967229e-05, 8.7388771135e-06, 6.04016531724e-06, 5.85229690842e-06, 5.58786678084e-06, 4.98630151924e-06, 5.468364634e-06, 3.82659072784e-06, 2.61453169514e-06, 2.14984811464e-06, 1.55619557063e-06, 1.47034234033e-06, 1.82996632248e-06, 1.13086321107e-06, 1.09499467271e-06], "median": [0.000121816934552, 0.000713527435437, 0.000254476704868, 0.000216289743548, 0.000595051213168, 0.000504951225594, 0.000494553591125, 0.000294284312986, 0.000146521866554, 3.59927435056e-05, 3.2087751606e-05, 2.74116864603e-05, 2.437367948e-05, 2.91876385745e-05, 2.92983713734e-05, 1.01272817119e-05, 1.9956874894e-05, 1.26475251818e-05, 7.97381653683e-06, 1.01911473394e-05, 7.4597260209e-06, 1.40796255437e-05, 7.59751264923e-06, 7.74689578975e-06, 8.29788041301e-06, 5.46496630704e-06, 3.87087311537e-06, 2.05059973268e-06, 2.13242174141e-06, 1.79209246198e-06, 1.45075978253e-06, 1.36607809509e-06, 1.03033380583e-06, 8.82926769918e-07, 6.18622038928e-07, 4.36684615579e-07, 3.27677241785e-07, 3.03535500734e-07, 1.81498776897e-07, 1.7182691181e-07], "min": [6.81759942246e-24, 5.30187497942e-24, 2.31603704481e-24, 8.638770808e-24, 1.17460000392e-23, 1.42419859201e-23, 6.54263090989e-24, 1.95100542654e-23, 8.5982833109e-24, 8.04357052185e-24, 2.79938588706e-23, 6.2456263568e-24, 1.85930713051e-23, 1.75029033994e-23, 8.26608530625e-24, 1.08465645009e-23, 1.52258453524e-23, 7.25592604014e-24, 9.43544616935e-24, 1.11589573637e-23, 1.08276152731e-23, 6.82155792648e-24, 8.88386279151e-24, 1.25311816972e-23, 6.51001900564e-24, 7.22004785731e-24, 1.54960696555e-23, 9.15547391206e-24, 1.78028078052e-23, 1.67390967165e-23, 1.12679077322e-23, 1.31646859134e-23, 9.40640819943e-24, 8.24152806627e-24, 1.19098417161e-23, 1.01613133758e-23, 8.38073677249e-24, 8.85358630997e-24, 9.01113524337e-24, 9.31910890735e-24], "var": [1.72563784417e-06, 1.46340414631e-06, 1.78296332365e-07, 1.50640246943e-07, 1.33733010443e-06, 2.62519478156e-07, 9.31168301577e-07, 3.09943459342e-07, 1.37867061767e-07, 2.73928488781e-08, 1.72755711958e-08, 1.31611859189e-08, 1.06712869652e-08, 1.17189642879e-07, 3.32471643105e-07, 3.71724198089e-08, 6.55373213476e-08, 1.54933005092e-07, 5.50578214131e-08, 2.91216606385e-09, 7.77595321466e-09, 4.7095085165e-08, 9.24218923615e-10, 1.79273340617e-09, 4.15118939223e-10, 3.11152298371e-10, 3.04536618145e-10, 1.63865129799e-10, 1.22229115718e-10, 1.24329213591e-10, 1.20069690301e-10, 1.61291383027e-10, 6.55513560099e-11, 2.35180572933e-11, 1.84243523216e-11, 8.59462674641e-12, 8.74734659706e-12, 6.11884293233e-11, 9.30332547111e-12, 7.80361626013e-12]}, "mfcc": {"mean": [-649.671386719, 120.434936523, 1.02963459492, 18.7709293365, -6.03896427155, -7.39800024033, -13.1477336884, -7.75286436081, -12.9205675125, -7.09712600708, 1.4743783474, 3.85077261925, 2.73721671104], "cov": [[11534.2001953, -780.64074707, -376.856750488, 305.436920166, 391.300201416, 880.943969727, 625.507995605, 452.317626953, 434.933898926, 371.864685059, 347.583648682, 58.1798324585, -40.8163375854], [-780.64074707, 923.856628418, 10.0243864059, 59.7059516907, 6.91567564011, -104.044792175, -62.1142501831, 23.7231464386, -37.7677841187, -15.3006095886, -0.49517211318, 18.2095489502, -7.65217351913], [-376.856750488, 10.0243864059, 534.110900879, 130.009353638, 119.978134155, 49.0279426575, 51.1622962952, 58.9322280884, 81.004234314, 54.1234779358, 27.1102027893, 42.8533668518, 60.216178894], [305.436920166, 59.7059516907, 130.009353638, 322.188354492, 150.101303101, 123.460708618, 62.6379776001, 96.4539871216, 73.4911651611, 32.1316490173, -1.3080791235, 37.4793701172, 29.2421169281], [391.300201416, 6.91567564011, 119.978134155, 150.101303101, 271.086791992, 175.593154907, 117.778999329, 76.7416305542, 79.6376647949, 69.3749084473, 55.80859375, 15.1241197586, -3.7863972187], [880.943969727, -104.044792175, 49.0279426575, 123.460708618, 175.593154907, 316.6796875, 164.269226074, 93.8587722778, 92.8969268799, 81.5397338867, 78.2731552124, 13.8440446854, -1.6457618475], [625.507995605, -62.1142501831, 51.1622962952, 62.6379776001, 117.778999329, 164.269226074, 188.439117432, 75.4687194824, 41.731842041, 61.6180076599, 67.2455368042, 17.6900043488, 13.5254421234], [452.317626953, 23.7231464386, 58.9322280884, 96.4539871216, 76.7416305542, 93.8587722778, 75.4687194824, 136.523712158, 67.8919448853, 6.97927999496, 31.3349933624, 48.0293922424, 35.6615219116], [434.933898926, -37.7677841187, 81.004234314, 73.4911651611, 79.6376647949, 92.8969268799, 41.731842041, 67.8919448853, 142.450790405, 48.7367553711, 12.7526607513, 5.45110988617, 24.5724334717], [371.864685059, -15.3006095886, 54.1234779358, 32.1316490173, 69.3749084473, 81.5397338867, 61.6180076599, 6.97927999496, 48.7367553711, 154.545928955, 67.9739837646, -34.9924468994, -41.7819824219], [347.583648682, -0.49517211318, 27.1102027893, -1.3080791235, 55.80859375, 78.2731552124, 67.2455368042, 31.3349933624, 12.7526607513, 67.9739837646, 142.144210815, 28.8569202423, -9.08292198181], [58.1798324585, 18.2095489502, 42.8533668518, 37.4793701172, 15.1241197586, 13.8440446854, 17.6900043488, 48.0293922424, 5.45110988617, -34.9924468994, 28.8569202423, 130.956359863, 65.435295105], [-40.8163375854, -7.65217351913, 60.216178894, 29.2421169281, -3.7863972187, -1.6457618475, 13.5254421234, 35.6615219116, 24.5724334717, -41.7819824219, -9.08292198181, 65.435295105, 146.368240356]], "icov": [[0.000146308884723, 9.15575219551e-05, 0.000206677737879, -5.12905826326e-05, 0.000104699072836, -0.000118033953186, -0.000207743680221, -0.000255958264461, -0.000257201347267, -0.000161955322255, -0.000103383565147, -5.18578308402e-05, 6.74622278893e-05], [9.15575219551e-05, 0.00130635814276, 0.000181759605766, -0.000345866166754, -0.000287252856651, 0.000570993463043, 0.000365843676263, -0.000928772729822, 0.000383681588573, -0.000320836232277, -0.000299346778775, -9.03541422304e-06, 0.00010908756667], [0.000206677737879, 0.000181759605766, 0.00273226969875, -0.000626519846264, -0.000670837180223, 0.000635052681901, -0.000434279179899, -0.000274083286058, -0.00107517419383, -0.00102993706241, -0.000215846666833, -0.000469441525638, -0.000752088613808], [-5.12905826326e-05, -0.000345866166754, -0.000626519846264, 0.00553375203162, -0.00208031828515, -0.00122911692597, 0.0012584044598, -0.00249802996404, 0.00065066391835, -0.00122423516586, 0.00243054726161, -0.000901130086277, -0.000360501580872], [0.000104699072836, -0.000287252856651, -0.000670837180223, -0.00208031828515, 0.00789431110024, -0.00209159264341, -0.0022828313522, 0.000484980817419, -0.00172666471917, 0.000112081681436, -0.000921675993595, -8.80897205207e-05, 0.0012833205983], [-0.000118033953186, 0.000570993463043, 0.000635052681901, -0.00122911692597, -0.00209159264341, 0.00848331768066, -0.00427957577631, -0.00019706900639, -0.00228719017468, 0.000179900438525, -0.00150813604705, 0.000237081359955, 0.000701741548255], [-0.000207743680221, 0.000365843676263, -0.000434279179899, 0.0012584044598, -0.0022828313522, -0.00427957577631, 0.0130997700617, -0.00449975021183, 0.00402385508642, -0.00266492809169, -0.000732863729354, 0.000783961208072, -0.00216511380859], [-0.000255958264461, -0.000928772729822, -0.000274083286058, -0.00249802996404, 0.000484980817419, -0.00019706900639, -0.00449975021183, 0.0167074501514, -0.00600042706355, 0.00419073505327, -0.00186338275671, -0.00282679265365, 0.00019913406868], [-0.000257201347267, 0.000383681588573, -0.00107517419383, 0.00065066391835, -0.00172666471917, -0.00228719017468, 0.00402385508642, -0.00600042706355, 0.0140542425215, -0.00449221301824, 0.00262904074043, 0.00136307743378, -0.00280759343877], [-0.000161955322255, -0.000320836232277, -0.00102993706241, -0.00122423516586, 0.000112081681436, 0.000179900438525, -0.00266492809169, 0.00419073505327, -0.00449221301824, 0.0136534497142, -0.0058839279227, 0.0034337209072, 0.00258794100955], [-0.000103383565147, -0.000299346778775, -0.000215846666833, 0.00243054726161, -0.000921675993595, -0.00150813604705, -0.000732863729354, -0.00186338275671, 0.00262904074043, -0.0058839279227, 0.0127937523648, -0.00430932501331, 0.000639119069092], [-5.18578308402e-05, -9.03541422304e-06, -0.000469441525638, -0.000901130086277, -8.80897205207e-05, 0.000237081359955, 0.000783961208072, -0.00282679265365, 0.00136307743378, 0.0034337209072, -0.00430932501331, 0.0129656326026, -0.00433757808059], [6.74622278893e-05, 0.00010908756667, -0.000752088613808, -0.000360501580872, 0.0012833205983, 0.000701741548255, -0.00216511380859, 0.00019913406868, -0.00280759343877, 0.00258794100955, 0.000639119069092, -0.00433757808059, 0.0106195798144]]}, "spectral_contrast_coeffs": {"dmean": [0.0514446496964, 0.043683566153, 0.04295444116, 0.0404563844204, 0.0309605877846, 0.023042043671], "dmean2": [0.082970418036, 0.069054171443, 0.067494481802, 0.0633606016636, 0.0473980158567, 0.0361710637808], "dvar": [0.00218006805517, 0.00200447859243, 0.00160848360974, 0.00137220881879, 0.000925125728827, 0.00048943789443], "dvar2": [0.0050635621883, 0.00468773860484, 0.00353109324351, 0.00297857634723, 0.00179627933539, 0.0011777523905], "max": [-0.205171838403, -0.422442734241, -0.482433527708, -0.47273093462, -0.556645274162, -0.624999582767], "mean": [-0.612455427647, -0.651632964611, -0.735660195351, -0.719329178333, -0.748177111149, -0.746746897697], "median": [-0.615111112595, -0.654575943947, -0.741579532623, -0.719522893429, -0.748879730701, -0.736592590809], "min": [-0.962788462639, -0.95360326767, -0.95433807373, -0.96967369318, -0.961695492268, -0.96158516407], "var": [0.00731027917936, 0.00526955025271, 0.00563168618828, 0.00578973116353, 0.00384008348919, 0.00205143750645]}, "spectral_contrast_valleys": {"dmean": [0.584341585636, 0.414283663034, 0.474537998438, 0.441662251949, 0.448121100664, 0.563123762608], "dmean2": [0.881991446018, 0.599797785282, 0.706224381924, 0.645649671555, 0.589319825172, 0.659777164459], "dvar": [0.391721457243, 0.252951562405, 0.323332875967, 0.315845072269, 0.345703721046, 0.398227959871], "dvar2": [0.682039678097, 0.402269899845, 0.54702603817, 0.534790337086, 0.578563332558, 0.6929500103], "max": [-5.69907617569, -4.61772060394, -5.40615272522, -5.76997280121, -5.61684322357, -7.95147132874], "mean": [-8.003490448, -6.64105081558, -7.9