{"lowlevel": {"average_loudness": 0.815681815147, "barkbands_crest": {"dmean": 3.27856516838, "dmean2": 5.20291042328, "dvar": 14.0365400314, "dvar2": 31.1424484253, "max": 26.9363517761, "mean": 17.5191364288, "median": 18.424533844, "min": 2.58967280388, "var": 42.3814277649}, "barkbands_flatness_db": {"dmean": 0.0563985779881, "dmean2": 0.0776990950108, "dvar": 0.00344469351694, "dvar2": 0.00702178385109, "max": 0.89961796999, "mean": 0.244126930833, "median": 0.213077872992, "min": 0.0260078348219, "var": 0.0212987829}, "barkbands_kurtosis": {"dmean": 71.7511367798, "dmean2": 112.727142334, "dvar": 105122.03125, "dvar2": 249239.984375, "max": 13526.9248047, "mean": 87.7211532593, "median": 16.511264801, "min": -1.95799851418, "var": 117144.179688}, "barkbands_skewness": {"dmean": 2.49036240578, "dmean2": 3.6467666626, "dvar": 14.3388967514, "dvar2": 30.8938961029, "max": 76.9108505249, "mean": 5.19286060333, "median": 3.64590787888, "min": -4.16265726089, "var": 31.0685214996}, "barkbands_spread": {"dmean": 11.0278577805, "dmean2": 17.9488372803, "dvar": 321.73425293, "dvar2": 800.115600586, "max": 128.351135254, "mean": 18.7664737701, "median": 10.8446683884, "min": 0.00538950972259, "var": 498.803924561}, "dissonance": {"dmean": 0.0203077122569, "dmean2": 0.0334892868996, "dvar": 0.00047799301683, "dvar2": 0.00124036811758, "max": 0.500000059605, "mean": 0.464365899563, "median": 0.47554063797, "min": 0.227549731731, "var": 0.00114717450924}, "dynamic_complexity": 4.15654325485, "erbbands_crest": {"dmean": 3.08896374702, "dmean2": 4.79681110382, "dvar": 10.2418041229, "dvar2": 21.5448741913, "max": 30.9312000275, "mean": 9.23759651184, "median": 7.43762111664, "min": 2.16208362579, "var": 31.4561519623}, "erbbands_flatness_db": {"dmean": 0.025073800236, "dmean2": 0.0370871089399, "dvar": 0.000817871303298, "dvar2": 0.00157944438979, "max": 0.473141163588, "mean": 0.131009057164, "median": 0.109221667051, "min": 0.036139421165, "var": 0.00502578588203}, "erbbands_kurtosis": {"dmean": 3.35921382904, "dmean2": 5.24143123627, "dvar": 136.463653564, "dvar2": 277.384399414, "max": 496.79208374, "mean": 4.39340591431, "median": -0.181061863899, "min": -1.88730061054, "var": 467.807373047}, "erbbands_skewness": {"dmean": 0.675131440163, "dmean2": 1.00487089157, "dvar": 0.7328966856, "dvar2": 1.44487798214, "max": 15.2161130905, "mean": 0.668845593929, "median": 0.351188212633, "min": -4.1166305542, "var": 3.33834791183}, "erbbands_spread": {"dmean": 18.8708591461, "dmean2": 29.1165275574, "dvar": 408.131744385, "dvar2": 973.978515625, "max": 227.971588135, "mean": 67.3391189575, "median": 65.6446380615, "min": 0.532920181751, "var": 1549.8404541}, "hfc": {"dmean": 18.1845016479, "dmean2": 28.1568393707, "dvar": 1374.04284668, "dvar2": 3439.15600586, "max": 340.569549561, "mean": 27.3354206085, "median": 13.2162799835, "min": 1.16154170687e-16, "var": 1588.20239258}, "melbands_crest": {"dmean": 3.88897156715, "dmean2": 6.0760102272, "dvar": 16.3256511688, "dvar2": 38.2747192383, "max": 39.4148979187, "mean": 23.6393795013, "median": 23.1241912842, "min": 2.04035568237, "var": 75.1728973389}, "melbands_flatness_db": {"dmean": 0.0634510219097, "dmean2": 0.0879500210285, "dvar": 0.00440550409257, "dvar2": 0.00915198773146, "max": 1, "mean": 0.335167616606, "median": 0.30809700489, "min": 0.00476196641102, "var": 0.0281779244542}, "melbands_kurtosis": {"dmean": 133.321151733, "dmean2": 202.660263062, "dvar": 108119.703125, "dvar2": 253103.78125, "max": 6398.13427734, "mean": 216.800292969, "median": 69.8256378174, "min": -1.83352684975, "var": 198805.171875}, "melbands_skewness": {"dmean": 3.02716708183, "dmean2": 4.45807790756, "dvar": 17.336139679, "dvar2": 39.7435646057, "max": 62.9362716675, "mean": 8.76207447052, "median": 6.66484880447, "min": -2.00345110893, "var": 53.4652175903}, "melbands_spread": {"dmean": 7.95111465454, "dmean2": 12.6572675705, "dvar": 275.263793945, "dvar2": 607.043273926, "max": 233.767211914, "mean": 13.132563591, "median": 4.7911901474, "min": 0.0289313606918, "var": 628.381958008}, "pitch_salience": {"dmean": 0.110208772123, "dmean2": 0.168048590422, "dvar": 0.0138468844816, "dvar2": 0.028765430674, "max": 0.966573953629, "mean": 0.314029484987, "median": 0.254799306393, "min": 0.00258653005585, "var": 0.0497045479715}, "silence_rate_20dB": {"dmean": 0.00774491205812, "dmean2": 0.0154911009595, "dvar": 0.00768545735627, "dvar2": 0.0206915643066, "max": 1, "mean": 0.993491530418, "median": 1, "min": 0, "var": 0.0064677009359}, "silence_rate_30dB": {"dmean": 0.125896021724, "dmean2": 0.251812785864, "dvar": 0.110051602125, "dvar2": 0.21939048171, "max": 1, "mean": 0.587740957737, "median": 1, "min": 0, "var": 0.242298588157}, "silence_rate_60dB": {"dmean": 0.0346049256623, "dmean2": 0.0692155584693, "dvar": 0.0334005691111, "dvar2": 0.0708290413022, "max": 1, "mean": 0.109408468008, "median": 0, "min": 0, "var": 0.0974326133728}, "spectral_centroid": {"dmean": 430.782226562, "dmean2": 666.558898926, "dvar": 304794.125, "dvar2": 626009.875, "max": 11307.6728516, "mean": 1303.82507324, "median": 1099.45471191, "min": 35.0608940125, "var": 980619.6875}, "spectral_complexity": {"dmean": 5.11510276794, "dmean2": 7.27636766434, "dvar": 43.0859451294, "dvar2": 82.4599685669, "max": 58, "mean": 10.4962100983, "median": 7, "min": 0, "var": 116.172142029}, "spectral_decrease": {"dmean": 8.04745603489e-09, "dmean2": 1.24244587951e-08, "dvar": 1.47222095113e-16, "dvar2": 3.93722169117e-16, "max": 1.34905586702e-10, "mean": -2.13220126e-08, "median": -1.96479543746e-08, "min": -1.46530368283e-07, "var": 3.88085985416e-16}, "spectral_energy": {"dmean": 0.0308301784098, "dmean2": 0.0475952960551, "dvar": 0.002109950874, "dvar2": 0.0056453733705, "max": 0.555525362492, "mean": 0.0829535126686, "median": 0.0785627365112, "min": 1.09347145826e-20, "var": 0.00564546510577}, "spectral_energyband_high": {"dmean": 0.00154582399409, "dmean2": 0.00236997916363, "dvar": 1.11586005005e-05, "dvar2": 2.70967466349e-05, "max": 0.0335997343063, "mean": 0.00209639430977, "median": 0.00044522373355, "min": 7.81729542053e-21, "var": 1.46410602611e-05}, "spectral_energyband_low": {"dmean": 0.0284169521183, "dmean2": 0.0426086895168, "dvar": 0.00205833930522, "dvar2": 0.00549316359684, "max": 0.554411888123, "mean": 0.0725519061089, "median": 0.0590391010046, "min": 1.07061538862e-22, "var": 0.0054277414456}, "spectral_energyband_middle_high": {"dmean": 0.00110982218757, "dmean2": 0.00169031065889, "dvar": 4.92615390613e-06, "dvar2": 1.22090541481e-05, "max": 0.0373082980514, "mean": 0.00147867412306, "median": 0.000522548041772, "min": 1.68995452818e-21, "var": 6.1586965785e-06}, "spectral_energyband_middle_low": {"dmean": 0.00769439665601, "dmean2": 0.0122112473473, "dvar": 0.000327886227751, "dvar2": 0.000738539732993, "max": 0.242000803351, "mean": 0.00776634691283, "median": 0.00198899046518, "min": 3.56380169677e-22, "var": 0.000318163220072}, "spectral_entropy": {"dmean": 0.325973749161, "dmean2": 0.476612001657, "dvar": 0.159172013402, "dvar2": 0.30356040597, "max": 9.80211639404, "mean": 7.60916852951, "median": 7.92705917358, "min": 3.0657453537, "var": 0.911616027355}, "spectral_flux": {"dmean": 0.054568991065, "dmean2": 0.0830319747329, "dvar": 0.00392235163599, "dvar2": 0.00788944028318, "max": 0.578321278095, "mean": 0.121454373002, "median": 0.0894094854593, "min": 1.04569186643e-10, "var": 0.00963812228292}, "spectral_kurtosis": {"dmean": 2.86764955521, "dmean2": 4.48848295212, "dvar": 65.712348938, "dvar2": 153.690734863, "max": 225.57762146, "mean": 5.97760391235, "median": 1.65245366096, "min": -1.36141717434, "var": 214.655075073}, "spectral_rms": {"dmean": 0.00172163557727, "dmean2": 0.00255559687503, "dvar": 4.41057318312e-06, "dvar2": 1.03413285615e-05, "max": 0.0232803765684, "mean": 0.0077758799307, "median": 0.00875480286777, "min": 3.26619265488e-12, "var": 2.04659609153e-05}, "spectral_rolloff": {"dmean": 1033.24829102, "dmean2": 1853.54418945, "dvar": 6941716.5, "dvar2": 17772534, "max": 19272.2167969, "mean": 1273.89929199, "median": 107.666015625, "min": 21.533203125, "var": 9032013}, "spectral_skewness": {"dmean": 0.355106264353, "dmean2": 0.535506308079, "dvar": 0.320591628551, "dvar2": 0.682762622833, "max": 13.0726537704, "mean": 1.59156167507, "median": 1.17105436325, "min": -0.246853426099, "var": 1.69825148582}, "spectral_spread": {"dmean": 1123074.25, "dmean2": 1711003.125, "dvar": 1945368002560.0, "dvar2": 3790131953660.0, "max": 40228916, "mean": 6804105.5, "median": 6842661, "min": 406170.15625, "var": 7304144486400.0}, "spectral_strongpeak": {"dmean": 0.390626043081, "dmean2": 0.681980013847, "dvar": 3.48781752586, "dvar2": 10.3071193695, "max": 31.0166110992, "mean": 0.683232188225, "median": 0.549835920334, "min": 0, "var": 2.01450133324}, "zerocrossingrate": {"dmean": 0.0204885024577, "dmean2": 0.0257897879928, "dvar": 0.00105768127833, "dvar2": 0.00141441693995, "max": 0.5458984375, "mean": 0.0535586774349, "median": 0.0341796875, "min": 0.0009765625, "var": 0.00483775371686}, "barkbands": {"dmean": [0.00178267341107, 0.0266338456422, 0.00690500065684, 0.00312308454886, 0.00417758431286, 0.000945549400058, 0.000526047428139, 0.000403234036639, 0.00036548418575, 0.000280390639091, 0.000175420253072, 0.000164359633345, 0.000120468401292, 0.000101427402114, 9.60992547334e-05, 6.79397926433e-05, 8.13599690446e-05, 0.000133668829221, 9.17563011171e-05, 0.00012156603043, 0.0001698309934, 0.000181159819476, 0.000224112955038, 0.000226488336921, 0.000616950215772, 0.000168223370565, 4.58653048554e-05], "dmean2": [0.00271413195878, 0.0404468290508, 0.0108937490731, 0.005466055125, 0.00744922552258, 0.00146754703019, 0.000855387421325, 0.000657758500893, 0.000640634330921, 0.00047514445032, 0.000296676036669, 0.000280376931187, 0.000191159459064, 0.000169157472556, 0.000154484558152, 0.000107502302853, 0.000132231696625, 0.000205038581043, 0.000147434708197, 0.000181816285476, 0.000252696248936, 0.000269019365078, 0.00032622757135, 0.000359638390364, 0.00105271604843, 0.000277403771179, 7.65929144109e-05], "dvar": [1.56520709425e-05, 0.00187313661445, 0.000363025959814, 0.000117517869512, 0.000160361058079, 3.40721248904e-06, 1.41290206557e-06, 6.55875908251e-07, 1.61008188115e-06, 5.72387534703e-07, 2.40795600348e-07, 1.44817875025e-07, 6.76318805404e-08, 6.76786413578e-08, 3.40659944698e-08, 1.9689746722e-08, 2.84532593042e-08, 5.87411079778e-08, 3.56576421723e-08, 4.54608723999e-08, 9.606330309e-08, 1.07197230648e-07, 1.81315058967e-07, 2.02642212344e-07, 3.9112428567e-06, 1.61713572311e-07, 2.21509619536e-08], "dvar2": [4.11613218603e-05, 0.00492795789614, 0.000843366899062, 0.000317941856338, 0.000443696946604, 8.08790900919e-06, 3.43005558534e-06, 1.61793184361e-06, 4.61058016299e-06, 1.5665942783e-06, 6.35259596038e-07, 3.8352447973e-07, 1.5096873085e-07, 1.63679018783e-07, 8.28901463024e-08, 4.54432722563e-08, 6.95204818157e-08, 1.18471412236e-07, 8.40256433321e-08, 9.90912809584e-08, 2.00475355427e-07, 2.25037084078e-07, 3.78833732384e-07, 4.698001419e-07, 1.04466653283e-05, 4.2213085294e-07, 5.47689538166e-08], "max": [0.074269913137, 0.495705276728, 0.316666513681, 0.173373132944, 0.150761395693, 0.0291431583464, 0.0205018837005, 0.0125629035756, 0.0291899591684, 0.01339700073, 0.0101633733138, 0.00641409400851, 0.00556904310361, 0.00501111056656, 0.00327133596875, 0.00208971905522, 0.00251919403672, 0.00308264209889, 0.00533112185076, 0.00460311304778, 0.0124538438395, 0.00642773369327, 0.0116049423814, 0.0100860148668, 0.0163146127015, 0.0037973835133, 0.00150553823914], "mean": [0.00625923881307, 0.059311196208, 0.00608913041651, 0.00224006664939, 0.00304621970281, 0.00109453871846, 0.000545240880456, 0.000443869910669, 0.000303728797007, 0.000263246940449, 0.000173820299096, 0.000167067802977, 0.000132625020342, 0.000103632737591, 0.000106030842289, 7.80120171839e-05, 0.000100123565062, 0.000211975624552, 0.000118504583952, 0.000155908550369, 0.000267685711151, 0.000295124104014, 0.000345887092408, 0.000315677141771, 0.000559734588023, 0.000182976029464, 4.21234435635e-05], "median": [0.000562783214264, 0.0368773974478, 0.000604362925515, 0.000207258985029, 0.000382731552236, 0.000206495431485, 0.000118703988846, 9.03018735698e-05, 6.56213524053e-05, 5.98485567025e-05, 3.45641092281e-05, 3.79106859327e-05, 2.60823399003e-05, 2.00022441277e-05, 2.72992601822e-05, 1.84146520041e-05, 2.40972858592e-05, 3.45538574038e-05, 3.35416589223e-05, 4.73391992273e-05, 7.29730818421e-05, 6.76692288835e-05, 6.36142794974e-05, 5.13476188644e-05, 5.29301978531e-05, 1.44856076076e-05, 1.34342781166e-06], "min": [2.54794302106e-24, 5.98829361863e-23, 1.82226253795e-23, 5.98167854662e-23, 4.52622575887e-23, 3.08771612564e-23, 7.82948739835e-23, 2.19929245448e-23, 9.25783618758e-23, 9.90391200678e-23, 8.45592310537e-23, 8.75136224288e-23, 7.85692082519e-23, 2.03858810901e-22, 2.12155620761e-22, 1.06746095474e-22, 2.5285920264e-22, 2.09488387378e-22, 2.42926471967e-22, 3.58211967807e-22, 5.42821474526e-22, 6.5719767249e-22, 6.39145960136e-22, 8.03132194168e-22, 1.21820237826e-21, 1.66112871766e-21, 2.25285123794e-21], "var": [0.000136261296575, 0.00425666710362, 0.000357072276529, 7.78908506618e-05, 0.000102361838799, 4.27091617894e-06, 1.52307291046e-06, 7.88370471128e-07, 9.80657546279e-07, 4.17019094812e-07, 2.19696829618e-07, 1.3993992809e-07, 9.95191342668e-08, 8.04412820798e-08, 4.12779783687e-08, 2.9423665282e-08, 3.78323576911e-08, 1.6401898506e-07, 5.98227245519e-08, 7.58436229376e-08, 3.04588581912e-07, 2.54701120639e-07, 4.45875429023e-07, 3.4083814171e-07, 2.92647769129e-06, 1.52578721213e-07, 2.4908318963e-08]}, "erbbands": {"dmean": [1.00907385349, 5.45037174225, 7.98180484772, 8.89933109283, 13.3109331131, 12.9184465408, 7.91591453552, 7.6757349968, 8.44486904144, 6.99187517166, 9.11686420441, 9.00117492676, 8.21243667603, 7.7916226387, 8.09592151642, 6.93083524704, 5.41876077652, 5.3720369339, 5.30692577362, 4.5300860405, 3.27462291718, 4.36218214035, 7.48650884628, 4.81400299072, 5.19468402863, 6.06917572021, 6.57301902771, 7.06602668762, 6.21493244171, 6.27747917175, 6.61334085464, 4.59995555878, 4.03599023819, 2.30443882942, 4.61166191101, 2.18416786194, 0.334729999304, 0.0538093782961, 0.00707694282755, 0.000478551693959], "dmean2": [1.52902162075, 7.87807369232, 11.6223430634, 14.4229974747, 23.2769451141, 22.8323822021, 12.8094911575, 12.0171289444, 13.3835325241, 11.4389944077, 14.9765176773, 15.6379575729, 14.2672920227, 13.1093015671, 13.6045446396, 11.7273378372, 8.59614753723, 8.84943771362, 8.65841770172, 7.29580783844, 4.97130966187, 6.91812992096, 11.3907909393, 7.19542646408, 8.22325134277, 9.29165554047, 9.98546695709, 10.6371822357, 9.38939762115, 8.950756073, 9.6668176651, 7.08755588531, 6.45494556427, 3.62219071388, 7.86878967285, 3.74632263184, 0.559862673283, 0.0909156873822, 0.0118817901239, 0.000782592163887], "dvar": [4.0904211998, 65.6359710693, 337.170379639, 754.727050781, 1861.61560059, 1442.16027832, 268.498260498, 239.159133911, 307.52230835, 218.007583618, 390.484375, 1115.19152832, 422.245941162, 516.247436523, 585.396118164, 232.289276123, 127.828964233, 149.904388428, 128.767776489, 98.1953353882, 37.103187561, 80.1241760254, 193.033538818, 87.2382583618, 107.194229126, 124.3436203, 157.369445801, 177.511367798, 126.639953613, 120.848068237, 183.815460205, 78.6855773926, 74.3824996948, 21.345451355, 212.236465454, 48.9420661926, 0.795382857323, 0.0226206593215, 0.000532696780283, 2.77893263956e-06], "dvar2": [11.588180542, 143.779876709, 723.625854492, 1860.67041016, 4911.41162109, 3948.86279297, 670.563720703, 570.970397949, 716.661560059, 556.202941895, 979.015991211, 3195.00561523, 1168.69506836, 1416.30603027, 1538.92614746, 611.693664551, 298.121185303, 346.347930908, 321.329803467, 249.903259277, 79.8076400757, 191.072982788, 381.646026611, 195.689163208, 247.470611572, 276.297027588, 332.225646973, 396.533447266, 264.558929443, 240.369186401, 394.120391846, 176.876113892, 174.108520508, 51.0203208923, 570.266845703, 131.720443726, 2.11126542091, 0.0596153326333, 0.00132225092966, 6.61139074509e-06], "max": [27.6051578522, 101.048927307, 298.004302979, 380.686737061, 604.406738281, 522.047058105, 210.022796631, 185.975341797, 296.13772583, 210.648376465, 338.397918701, 804.239196777, 259.122436523, 466.304992676, 498.558380127, 248.61555481, 231.519042969, 227.562133789, 166.97869873, 152.128845215, 82.3602600098, 140.05090332, 194.650390625, 122.123413086, 340.03503418, 267.789581299, 592.914672852, 429.817687988, 282.774017334, 326.520446777, 440.194946289, 234.859481812, 193.50038147, 51.6346893311, 118.012519836, 55.7695388794, 8.61208248138, 1.34839630127, 0.237604677677, 0.0201741978526], "mean": [2.2893204689, 10.8110713959, 9.74349308014, 7.5342798233, 9.64416980743, 9.68800067902, 8.12677288055, 8.78104877472, 9.29089069366, 7.49511289597, 9.46713447571, 7.59935045242, 7.49813175201, 7.33848047256, 8.15295886993, 7.16593170166, 6.10647201538, 5.83545684814, 5.70605564117, 4.89745378494, 3.98151683807, 5.70094442368, 12.2864494324, 6.36961746216, 6.9444861412, 7.81530761719, 10.3083772659, 10.7642555237, 10.2049951553, 9.74950027466, 10.0063610077, 6.77928638458, 5.26769447327, 3.1604809761, 4.11689376831, 1.88965702057, 0.320214956999, 0.0513677075505, 0.00658842781559, 0.000519558729138], "median": [1.02942156792, 4.71084213257, 2.37639355659, 1.11725902557, 0.8220962286, 1.17424416542, 1.30352401733, 1.66641139984, 1.92126131058, 1.81726169586, 1.98802280426, 1.70232987404, 1.65291261673, 1.72892475128, 1.59072852135, 1.68732202053, 1.36744999886, 1.35067784786, 1.47110176086, 1.21014046669, 1.09989213943, 1.40422534943, 1.77408218384, 1.77758514881, 1.93728089333, 2.38768100739, 3.31497478485, 2.48610877991, 2.38261795044, 2.19952535629, 1.7975924015, 1.18902730942, 0.801934599876, 0.54688256979, 0.369280427694, 0.110430464149, 0.0203340351582, 0.00312809855677, 0.000222813832806, 0.000141496566357], "min": [1.29492590443e-21, 1.46950655304e-20, 2.28538128683e-20, 1.22381216531e-19, 2.26735246533e-19, 9.03393544525e-20, 1.29344578024e-19, 3.98523314816e-19, 9.38100052625e-19, 8.83266973602e-19, 5.47858418402e-19, 1.77365535189e-18, 3.21218943875e-18, 4.31095102399e-18, 2.17144919681e-18, 3.75557534328e-18, 4.1841396866e-18, 1.05038529197e-17, 1.01868946797e-17, 8.49990531534e-18, 8.15151917521e-18, 1.23397405845e-17, 1.18839690301e-17, 1.47272328137e-17, 1.12019718499e-17, 1.52394776429e-17, 1.79672413705e-17, 2.79356693786e-17, 2.25784490306e-17, 1.86958154366e-17, 1.98314483908e-17, 1.7061576207e-17, 1.39453122156e-17, 1.58805492351e-17, 6.27399371983e-18, 5.9157856371e-18, 3.09037303148e-18, 1.1491899275e-18, 3.34785429704e-19, 3.35217140436e-20], "var": [8.80212116241, 170.885696411, 442.64074707, 635.755371094, 1291.54138184, 976.467285156, 271.445556641, 295.975036621, 365.330688477, 230.703018188, 426.296020508, 681.575500488, 304.196624756, 366.649353027, 545.224243164, 231.106506348, 176.879165649, 205.488220215, 138.965759277, 112.942588806, 63.7974281311, 114.547454834, 596.478820801, 134.742279053, 198.525863647, 200.135498047, 450.873748779, 422.414489746, 313.069702148, 292.405578613, 422.594116211, 157.373718262, 106.538803101, 28.8577423096, 158.899993896, 35.4842529297, 0.642038106918, 0.020431663841, 0.00060030707391, 3.30356010636e-06]}, "gfcc": {"mean": [-48.3457984924, 66.3975143433, -63.4331169128, 46.8589363098, -47.8245162964, 28.4488830566, -20.8857021332, 18.3820209503, -13.0226316452, 12.3229923248, -6.35227584839, 6.40975856781, -5.53401136398], "cov": [[18786.796875, -3806.41381836, -725.690185547, 1137.09130859, -1391.18518066, 713.335021973, -836.388916016, 547.458618164, -812.591064453, 379.949035645, -654.050720215, 449.944091797, -566.221252441], [-3806.41381836, 3647.28222656, 346.696350098, -42.6009216309, 652.942871094, -261.39074707, 231.468460083, -394.4503479, 270.961395264, -332.826019287, 186.949371338, -399.79901123, 145.296630859], [-725.690185547, 346.696350098, 1212.10058594, 291.91809082, 477.024139404, 162.548171997, 266.694213867, 42.20079422, 146.670959473, 14.8030748367, 35.2285423279, -33.9898948669, 56.0200309753], [1137.09130859, -42.6009216309, 291.91809082, 813.064025879, 251.359741211, 365.587493896, 164.292251587, 135.647735596, 36.0240821838, -10.3636465073, -57.1378631592, -67.817199707, -68.335357666], [-1391.18518066, 652.942871094, 477.024139404, 251.359741211, 742.764770508, 226.644943237, 328.346343994, 8.87277603149, 156.550231934, -72.5589447021, 81.6325531006, -113.402290344, 43.1736755371], [713.335021973, -261.39074707, 162.548171997, 365.587493896, 226.644943237, 408.906494141, 154.992736816, 142.508041382, 23.2757320404, 54.9045944214, -19.1840629578, 14.293431282, -26.7591953278], [-836.388916016, 231.468460083, 266.694213867, 164.292251587, 328.346343994, 154.992736816, 302.876434326, 67.0576782227, 164.620361328, 15.6979045868, 91.3334121704, -35.2356109619, 58.4566879272], [547.458618164, -394.4503479, 42.20079422, 135.647735596, 8.87277603149, 142.508041382, 67.0576782227, 213.858383179, 66.5367126465, 96.353225708, 25.2782096863, 81.4939880371, -6.46669530869], [-812.591064453, 270.961395264, 146.670959473, 36.0240821838, 156.550231934, 23.2757320404, 164.620361328, 66.5367126465, 228.833007812, 63.0572471619, 145.060745239, -9.06895160675, 83.2245559692], [379.949035645, -332.826019287, 14.8030748367, -10.3636465073, -72.5589447021, 54.9045944214, 15.6979045868, 96.353225708, 63.0572471619, 158.008407593, 63.5908927917, 77.539604187, 22.479473114], [-654.050720215, 186.949371338, 35.2285423279, -57.1378631592, 81.6325531006, -19.1840629578, 91.3334121704, 25.2782096863, 145.060745239, 63.5908927917, 183.290328979, 30.1554164886, 89.9643249512], [449.944091797, -399.79901123, -33.9898948669, -67.817199707, -113.402290344, 14.293431282, -35.2356109619, 81.4939880371, -9.06895160675, 77.539604187, 30.1554164886, 147.245101929, 24.9785518646], [-566.221252441, 145.296630859, 56.0200309753, -68.335357666, 43.1736755371, -26.7591953278, 58.4566879272, -6.46669530869, 83.2245559692, 22.479473114, 89.9643249512, 24.9785518646, 113.622436523]], "icov": [[0.000109884953417, 1.20928007163e-05, 4.0034765334e-06, -0.000170999468537, 0.000113408779725, -0.00011144344171, 0.000183288007975, -6.0100464907e-05, 0.000177966998308, -0.000190318372915, 5.04646923218e-05, -0.000131185443024, 0.000156438531121], [1.20928007163e-05, 0.000659683253616, -5.71609998588e-05, -3.37555648002e-05, -0.000240993977059, 9.25986460061e-05, 0.000362687191227, 0.000595589110162, -0.000800266338047, 0.000944819941651, -0.000515979481861, 0.000880910316482, -0.00020062927797], [4.0034765334e-06, -5.71609998588e-05, 0.00132621685043, -0.000465618359158, -0.000888929527719, 0.000563136185519, -0.000419359450461, 0.000413413246861, -0.00034586340189, -0.00101000955328, 0.00129428028595, -0.000809651159216, -0.000524824776221], [-0.000170999468537, -3.37555648002e-05, -0.000465618359158, 0.0029157595709, 0.000314696429996, -0.00208194181323, -0.000210306505323, -0.00101037300192, -0.000718742609024, 0.00154320942238, -0.000269341282547, 0.00170339806937, 0.000674919574521], [0.000113408779725, -0.000240993977059, -0.000888929527719, 0.000314696429996, 0.00440577929839, -0.00221803504974, -0.00234812544659, 3.91420144297e-05, 0.000221900700126, 0.00235338974744, -0.00179706909694, 0.000918254139833, 0.00110759784002], [-0.00011144344171, 9.25986460061e-05, 0.000563136185519, -0.00208194181323, -0.00221803504974, 0.0074191824533, -0.00237809540704, -0.00186578463763, 0.00282553420402, -0.00329727167264, 0.00138433498796, -0.000419322575908, -0.00091734045418], [0.000183288007975, 0.000362687191227, -0.000419359450461, -0.000210306505323, -0.00234812544659, -0.00237809540704, 0.0110946763307, -0.000879207858816, -0.00489821191877, 0.00125579268206, -0.000281073822407, 0.00115910696331, -0.00158895587083], [-6.0100464907e-05, 0.000595589110162, 0.000413413246861, -0.00101037300192, 3.91420144297e-05, -0.00186578463763, -0.000879207858816, 0.0130715910345, -0.00662774499506, -0.00151600211393, 0.00224140309729, -0.00649554375559, 0.00367718655616], [0.000177966998308, -0.000800266338047, -0.00034586340189, -0.000718742609024, 0.000221900700126, 0.00282553420402, -0.00489821191877, -0.00662774499506, 0.0190218575299, -0.00515274098143, -0.00741004059091, 0.00531963538378, -0.00384330307133], [-0.000190318372915, 0.000944819941651, -0.00101000955328, 0.00154320942238, 0.00235338974744, -0.00329727167264, 0.00125579268206, -0.00151600211393, -0.00515274098143, 0.0165067240596, -0.00500599993393, -0.00136595894583, 0.00163874728605], [5.04646923218e-05, -0.000515979481861, 0.00129428028595, -0.000269341282547, -0.00179706909694, 0.00138433498796, -0.000281073822407, 0.00224140309729, -0.00741004059091, -0.00500599993393, 0.0174080263823, -0.00475609581918, -0.00492757745087], [-0.000131185443024, 0.000880910316482, -0.000809651159216, 0.00170339806937, 0.000918254139833, -0.000419322575908, 0.00115910696331, -0.00649554375559, 0.00531963538378, -0.00136595894583, -0.00475609581918, 0.0177620667964, -0.00553545355797], [0.000156438531121, -0.00020062927797, -0.000524824776221, 0.000674919574521, 0.00110759784002, -0.00091734045418, -0.00158895587083, 0.00367718655616, -0.00384330307133, 0.00163874728605, -0.00492757745087, -0.00553545355797, 0.0185011159629]]}, "melbands": {"dmean": [0.00800867285579, 0.0045807370916, 0.00148973031901, 0.00101311947219, 0.000317825033562, 0.000173170934431, 0.000125264545204, 7.63224452385e-05, 7.28911909391e-05, 5.62928071304e-05, 4.03831945732e-05, 3.22790619975e-05, 2.54944316112e-05, 2.01231141546e-05, 1.4935897525e-05, 1.19021260616e-05, 1.01528194136e-05, 8.76108879311e-06, 6.93437186783e-06, 5.72995850234e-06, 3.59595833288e-06, 4.11879045714e-06, 6.06867934039e-06, 7.45086117604e-06, 3.63225535693e-06, 3.81999416277e-06, 4.09847189076e-06, 4.01613897338e-06, 4.10794518757e-06, 4.24190238846e-06, 4.38871620645e-06, 3.53409200216e-06, 3.91416369894e-06, 3.63085041499e-06, 4.02505520469e-06, 3.42226394423e-06, 2.71403700935e-06, 3.22373989547e-06, 2.2332772005e-06, 1.80368510883e-06], "dmean2": [0.0121022816747, 0.00644224276766, 0.0022575983312, 0.00179643242154, 0.000523058464751, 0.000269806798315, 0.000198753987206, 0.000124628655612, 0.000120610719023, 9.87377788988e-05, 7.02151373844e-05, 5.44672220713e-05, 4.30621403211e-05, 3.36730627168e-05, 2.49025997618e-05, 1.94119365915e-05, 1.7010501324e-05, 1.44449040818e-05, 1.13179357868e-05, 9.39375877351e-06, 5.49731703359e-06, 6.60714385958e-06, 9.49364130065e-06, 1.14582771857e-05, 5.55872611585e-06, 6.27289364274e-06, 6.14277905697e-06, 6.25516213404e-06, 6.43514113108e-06, 6.58478074911e-06, 6.70833742333e-06, 5.52987830815e-06, 5.69919075133e-06, 5.31244813828e-06, 5.92748892814e-06, 5.20459343534e-06, 4.34671528637e-06, 5.21389392816e-06, 3.56417785952e-06, 2.81412894765e-06], "dvar": [0.000197218134417, 5.68421164644e-05, 1.7920290702e-05, 9.90879561868e-06, 5.28878103978e-07, 1.18413097994e-07, 7.03697509152e-08, 2.40530315665e-08, 2.57310333041e-08, 4.37036611345e-08, 1.0207094725e-08, 9.35125399337e-09, 6.22625284663e-09, 2.17225659682e-09, 1.02592834228e-09, 7.08754888112e-10, 6.16979800583e-10, 4.15289441724e-10, 1.97832458748e-10, 1.52302948031e-10, 4.68430329248e-11, 7.31055077585e-11, 1.25128740702e-10, 2.04605041243e-10, 6.02402988603e-11, 6.30738863916e-11, 5.77310456384e-11, 5.70822937529e-11, 5.65389124407e-11, 7.40895192419e-11, 7.02974137234e-11, 4.0145203134e-11, 6.22329132671e-11, 3.89485596552e-11, 6.11707073883e-11, 6.83040846106e-11, 2.74150424584e-11, 5.37310335114e-11, 1.8051105749e-11, 1.27958286328e-11], "dvar2": [0.000545722490642, 0.000107264175313, 3.90481109207e-05, 2.71321314358e-05, 1.32725870117e-06, 2.81108754052e-07, 1.65384406614e-07, 6.10935799727e-08, 6.56173639868e-08, 1.25344058688e-07, 2.81969612104e-08, 2.57133390136e-08, 1.67057052636e-08, 5.56414336828e-09, 2.60375077055e-09, 1.63150959409e-09, 1.45106149319e-09, 1.05217157209e-09, 4.96849283937e-10, 3.79523995564e-10, 1.02567197791e-10, 1.71865507936e-10, 2.86253715176e-10, 4.24760476792e-10, 1.36929981243e-10, 1.60925966997e-10, 1.25253127314e-10, 1.28296942514e-10, 1.3119938469e-10, 1.68368666231e-10, 1.56824775388e-10, 8.58035101303e-11, 1.34397062923e-10, 8.01440858123e-11, 1.27856669696e-10, 1.63104280082e-10, 6.40046071698e-11, 1.29604008081e-10, 4.24824307677e-11, 3.07860889559e-11], "max": [0.180995136499, 0.124223954976, 0.0630008652806, 0.0391444526613, 0.0080046383664, 0.00404818775132, 0.0042875315994, 0.00211881962605, 0.00257473927923, 0.0049566347152, 0.00130695290864, 0.00194457918406, 0.00159438035917, 0.000803647271823, 0.000463660602691, 0.00071496370947, 0.000528814038262, 0.000313839322189, 0.000232331134612, 0.000174657528987, 0.000100768236734, 0.000130127504235, 0.000144099481986, 0.000183740790817, 0.000103304264485, 0.000176511646714, 0.000206209719181, 0.000168608181411, 0.000272567383945, 0.000401270226575, 0.000253978214459, 0.000161241783644, 0.000150259424117, 0.000213958701352, 0.000278105726466, 0.000201416842174, 0.000134363304824, 0.000144202203956, 6.71654124744e-05, 3.8760877942e-05], "mean": [0.0185856744647, 0.00841190014035, 0.00137784297112, 0.000724649173208, 0.000308942369884, 0.000200434689759, 0.000136798145832, 8.29137061373e-05, 7.355948037e-05, 4.61845775135e-05, 3.67643224308e-05, 2.96584039461e-05, 2.49710319622e-05, 2.09361787711e-05, 1.57237700478e-05, 1.27741486722e-05, 1.0636494153e-05, 8.95631637832e-06, 7.50961908125e-06, 6.12127314525e-06, 4.2822530304e-06, 4.9044683692e-06, 9.38616176427e-06, 1.12898133011e-05, 4.24553991252e-06, 4.66765914098e-06, 5.11834014105e-06, 5.03338287672e-06, 6.18033254796e-06, 6.31170041743e-06, 6.41322321826e-06, 5.79902553e-06, 5.61363867746e-06, 5.42094812772e-06, 5.9446274463e-06, 5.00775149703e-06, 3.80973574465e-06, 4.00789122068e-06, 2.94210713037e-06, 2.47838420364e-06], "median": [0.0109347384423, 0.00290218391456, 0.000177771318704, 7.29291059542e-05, 4.800168972e-05, 3.78981349058e-05, 2.89643430733e-05, 1.96273540496e-05, 1.55828474817e-05, 9.82431811281e-06, 7.914908565e-06, 6.33350464341e-06, 4.63794549432e-06, 4.65114408144e-06, 3.18588081427e-06, 2.45540854849e-06, 2.11303654396e-06, 2.12686904888e-06, 1.85517342288e-06, 1.42515659718e-06, 1.08084884687e-06, 1.23156576137e-06, 1.59356181939e-06, 1.54699932864e-06, 1.27467365019e-06, 1.20359322864e-06, 1.38151870033e-06, 1.46175807458e-06, 2.02570663532e-06, 1.64967559613e-06, 1.32413128995e-06, 1.28203805616e-06, 1.25466340251e-06, 1.16688624985e-06, 1.04639423171e-06, 8.97285531209e-07, 6.12355108842e-07, 5.34850641998e-07, 4.84944280288e-07, 4.47702120709e-07], "min": [1.48179190675e-23, 1.50565084705e-23, 2.56111360608e-23, 1.04591769985e-23, 4.23263042595e-24, 8.01282861237e-24, 1.48635783367e-23, 8.1410279758e-24, 4.14187276767e-24, 1.3568309751e-23, 1.66098907666e-23, 1.72556018165e-23, 8.48678255512e-24, 1.05471689104e-23, 5.98351548813e-24, 1.31274201243e-23, 1.89289809003e-23, 1.53242273514e-23, 1.5286049639e-23, 6.18371931397e-24, 1.15434544798e-23, 1.21795430044e-23, 1.32887153581e-23, 9.18516505881e-24, 1.25948530274e-23, 7.82256325064e-24, 8.29163414438e-24, 1.08027188229e-23, 1.24543079908e-23, 1.00536953934e-23, 1.86313405253e-23, 1.30297015574e-23, 1.22299512162e-23, 9.88952239501e-24, 1.19047251642e-23, 1.20014450332e-23, 9.21383463069e-24, 7.92960773118e-24, 1.39395682034e-23, 1.36194894689e-23], "var": [0.000448656937806, 0.000134734698804, 1.86024808499e-05, 6.40306143396e-06, 4.94980554322e-07, 1.49287259887e-07, 8.20452967787e-08, 2.67797410913e-08, 2.65485873285e-08, 2.63859103455e-08, 7.40507877239e-09, 6.55784671011e-09, 5.3112456655e-09, 2.28264562807e-09, 1.14139475649e-09, 9.85723169755e-10, 8.27785784363e-10, 4.10733225209e-10, 2.32819069579e-10, 1.87078089131e-10, 7.88453607958e-11, 9.7448681069e-11, 2.97967650553e-10, 5.39145839085e-10, 7.86115061935e-11, 9.77860847851e-11, 1.02048265671e-10, 8.62858742789e-11, 1.40533307214e-10, 1.97096131083e-10, 1.46444245619e-10, 1.0279047058e-10, 1.17565596147e-10, 8.8615552396e-11, 1.47980044884e-10, 1.16617299151e-10, 4.92266158392e-11, 6.96667584732e-11, 2.60745799952e-11, 1.75962647231e-11]}, "mfcc": {"mean": [-703.889038086, 97.4113235474, 43.9150619507, 31.7327480316, 11.6394081116, 17.4495201111, 11.1440553665, 12.5923967361, 8.50125217438, 9.32350540161, 8.25290489197, 9.52205657959, 5.98779058456], "cov": [[15976.7880859, -2546.03051758, -329.299407959, -136.569137573, -475.80871582, -102.027381897, -278.275024414, -50.4670944214, -287.773162842, -287.491760254, -141.908950806, -167.908004761, -336.900665283], [-2546.03051758, 2550.95239258, 158.634384155, 186.828353882, 232.666412354, 46.7799034119, -8.73874378204, -81.5438766479, -33.0489730835, 63.528377533, -25.2607707977, -73.0182723999, 10.6481027603], [-329.299407959, 158.634384155, 723.568664551, 273.872161865, 167.545059204, 148.537399292, 84.9233779907, 65.8583450317, 100.276245117, 51.4205055237, 48.2902908325, 30.1455001831, -0.499118834734], [-136.569137573, 186.828353882, 273.872161865, 414.795379639, 219.536315918, 207.281860352, 134.667251587, 125.980041504, 91.6663513184, 75.0390319824, 70.5583190918, 12.1379585266, -26.9684276581], [-475.80871582, 232.666412354, 167.545059204, 219.536315918, 357.446075439, 243.428024292, 194.547668457, 145.086700439, 90.5646057129, 97.8272018433, 47.0851669312, 22.022315979, 15.5019874573], [-102.027381897, 46.7799034119, 148.537399292, 207.281860352, 243.428024292, 343.15612793, 218.430496216, 150.04776001, 108.425979614, 103.718330383, 49.6802177429, 15.965798378, 20.8965644836], [-278.275024414, -8.73874378204, 84.9233779907, 134.667251587, 194.547668457, 218.430496216, 223.171768188, 146.578292847, 96.6225585938, 86.0964050293, 45.4150238037, 28.7581653595, 35.0381698608], [-50.4670944214, -81.5438766479, 65.8583450317, 125.980041504, 145.086700439, 150.04776001, 146.578292847, 189.056564331, 106.004920959, 67.1220016479, 66.7677078247, 44.9226837158, 18.6586265564], [-287.773162842, -33.0489730835, 100.276245117, 91.6663513184, 90.5646057129, 108.425979614, 96.6225585938, 106.004920959, 129.747024536, 85.3138198853, 62.0825881958, 46.0415344238, 35.7640647888], [-287.491760254, 63.528377533, 51.4205055237, 75.0390319824, 97.8272018433, 103.718330383, 86.0964050293, 67.1220016479, 85.3138198853, 148.637176514, 73.7880096436, 56.2773323059, 66.4248199463], [-141.908950806, -25.2607707977, 48.2902908325, 70.5583190918, 47.0851669312, 49.6802177429, 45.4150238037, 66.7677078247, 62.0825881958, 73.7880096436, 115.833526611, 75.82006073, 38.102355957], [-167.908004761, -73.0182723999, 30.1455001831, 12.1379585266, 22.022315979, 15.965798378, 28.7581653595, 44.9226837158, 46.0415344238, 56.2773323059, 75.82006073, 109.427322388, 74.8727111816], [-336.900665283, 10.6481027603, -0.499118834734, -26.9684276581, 15.5019874573, 20.8965644836, 35.0381698608, 18.6586265564, 35.7640647888, 66.4248199463, 38.102355957, 74.8727111816, 122.471221924]], "icov": [[8.87042260729e-05, 8.65748515935e-05, -5.13287886861e-07, -3.66784952348e-05, 9.86473969533e-05, -0.000165084697073, 0.000209140009247, -0.000198309979169, 0.000323479645886, -0.000117950468848, 6.29903006484e-05, -4.79631808048e-06, 0.000167312318808], [8.65748515935e-05, 0.000588553841226, -1.86473189387e-05, -0.000252269761404, -0.000513819220942, 3.36542070727e-05, 0.000487248646095, 0.000216003245441, 0.000431230902905, -0.000329376169248, -0.000126092767459, 0.000756948895287, -0.000352469302015], [-5.13287886861e-07, -1.86473189387e-05, 0.00207356899045, -0.00124775222503, -0.000450719991932, -0.000200538110221, 0.000263994152192, 0.00122809235472, -0.00189267436508, 0.000860096071847, 0.000322411535308, -0.000790888792835, 3.19524042425e-05], [-3.66784952348e-05, -0.000252269761404, -0.00124775222503, 0.00539969047531, -0.00125051406212, -0.00140660803299, 0.000466189085273, -0.00104648352135, 6.02457876084e-05, -0.000304393004626, -0.00220879702829, 0.000564349407796, 0.00201899232343], [9.86473969533e-05, -0.000513819220942, -0.000450719991932, -0.00125051406212, 0.00802088435739, -0.00212153233588, -0.00291456561536, -0.00233041052707, 0.00225599994883, -0.00210245000198, 0.00182539445814, -0.00168004923034, 0.00151514564641], [-0.000165084697073, 3.36542070727e-05, -0.000200538110221, -0.00140660803299, -0.00212153233588, 0.0101788053289, -0.00694730924442, 0.00071766396286, -0.00134539790452, -0.00130143458955, -0.000119251286378, 0.00212986301631, -0.000523826864082], [0.000209140009247, 0.000487248646095, 0.000263994152192, 0.000466189085273, -0.00291456561536, -0.00694730924442, 0.0188376605511, -0.00724664423615, -2.26373977057e-05, -0.000986605766229, 0.00139556580689, 0.00181439763401, -0.00309600471519], [-0.000198309979169, 0.000216003245441, 0.00122809235472, -0.00104648352135, -0.00233041052707, 0.00071766396286, -0.00724664423615, 0.0179225001484, -0.00943467859179, 0.00393828656524, -0.00335644022562, -0.00252277893014, 0.0019311264623], [0.000323479645886, 0.000431230902905, -0.00189267436508, 6.02457876084e-05, 0.00225599994883, -0.00134539790452, -2.26373977057e-05, -0.00943467859179, 0.0228455662727, -0.00799595192075, -0.000701472861692, -0.000313422526233, 0.00032102043042], [-0.000117950468848, -0.000329376169248, 0.000860096071847, -0.000304393004626, -0.00210245000198, -0.00130143458955, -0.000986605766229, 0.00393828656524, -0.00799595192075, 0.0179720073938, -0.00753277493641, 0.00273324968293, -0.00692885648459], [6.29903006484e-05, -0.000126092767459, 0.000322411535308, -0.00220879702829, 0.00182539445814, -0.000119251286378, 0.00139556580689, -0.00335644022562, -0.000701472861692, -0.00753277493641, 0.0241912193596, -0.015945084393, 0.00611278600991], [-4.79631808048e-06, 0.000756948895287, -0.000790888792835, 0.000564349407796, -0.00168004923034, 0.00212986301631, 0.00181439763401, -0.00252277893014, -0.000313422526233, 0.00273324968293, -0.015945084393, 0.0307304859161, -0.015460703522], [0.000167312318808, -0.000352469302015, 3.19524042425e-05, 0.00201899232343, 0.00151514564641, -0.000523826864082, -0.00309600471519, 0.0019311264623, 0.00032102043042, -0.00692885648459, 0.00611278600991, -0.015460703522, 0.0208043213934]]}, "spectral_contrast_coeffs": {"dmean": [0.061729580164, 0.0492733977735, 0.0407896339893, 0.0301516391337, 0.0244901999831, 0.0214077625424], "dmean2": [0.0965344086289, 0.0796237587929, 0.0662519335747, 0.0490383952856, 0.0386480502784, 0.0335371904075], "dvar": [0.00300781033002, 0.00159833300859, 0.00118785444647, 0.000650281843264, 0.000447156111477, 0.000428617291618], "dvar2": [0.00703836465254, 0.00395274627954, 0.00295853288844, 0.00158806203399, 0.00104791379999, 0.00105432455894], "max": [-0.3444878757, -0.37929096818, -0.554041862488, -0.544581413269, -0.615816533566, -0.627367436886], "mean": [-0.660159051418, -0.778852701187, -0.817089140415, -0.829530477524, -0.814640522003, -0.791127920151], "median": [-0.664773702621, -0.790526330471, -0.826577603817, -0.837112784386, -0.819416642189, -0.789281725883], "min": [-0.966849446297, -0.962587594986, -0.970005214214, -0.956509113312, -0.960787177086, -0.961880028248], "var": [0.00847359187901, 0.00532929133624, 0.00321342400275, 0.00215186341666, 0.00207437714562, 0.00158924248535]}, "spectral_contrast_valleys": {"dmean": [0.557064712048, 0.586468398571, 0.612926661968, 0.617351412773, 0.572187423706, 0.609735190868], "dmean2": [0.861444711685, 0.889355361462, 0.931142866611, 0.888773202896, 0.795075416565, 0.829060792923], "dvar": [0.276233226061, 0.329383850098, 0.351732343435, 0.378424286842, 0.395893216133, 0.480586737394], "dvar2": [0.584331333637, 0.674313247204, 0.755129516125, 0.800654113293, 0.799617350101, 0.896635651588], "max": [-4.71396398544, -4.66318273544, -4.79143333435, -5.57289552689, -5.77343988419, -7.26894