{"lowlevel": {"average_loudness": 0.908029556274, "barkbands_crest": {"dmean": 2.71040773392, "dmean2": 4.42308568954, "dvar": 7.3609213829, "dvar2": 19.1720237732, "max": 26.9826126099, "mean": 15.0213737488, "median": 14.3878335953, "min": 3.3854842186, "var": 29.1904525757}, "barkbands_flatness_db": {"dmean": 0.0466166287661, "dmean2": 0.0660111382604, "dvar": 0.00279286713339, "dvar2": 0.00565105304122, "max": 0.906784951687, "mean": 0.309759557247, "median": 0.276554048061, "min": 0.0386037267745, "var": 0.0251218564808}, "barkbands_kurtosis": {"dmean": 17.5848274231, "dmean2": 27.6983203888, "dvar": 16928.4316406, "dvar2": 44452.7695312, "max": 5584.92041016, "mean": 27.041097641, "median": 8.37054824829, "min": -1.89122867584, "var": 16542.9238281}, "barkbands_skewness": {"dmean": 1.10255932808, "dmean2": 1.68603312969, "dvar": 3.75778770447, "dvar2": 8.9953622818, "max": 63.4487228394, "mean": 2.49305701256, "median": 1.99870634079, "min": -5.61158132553, "var": 9.53387069702}, "barkbands_spread": {"dmean": 3.24296402931, "dmean2": 5.13879299164, "dvar": 30.9826126099, "dvar2": 79.4703521729, "max": 123.672729492, "mean": 8.44898605347, "median": 5.23551368713, "min": 0.00904569867998, "var": 92.2034912109}, "dissonance": {"dmean": 0.0456017106771, "dmean2": 0.0723808184266, "dvar": 0.00217488454655, "dvar2": 0.00505936378613, "max": 0.499999850988, "mean": 0.363088935614, "median": 0.382754325867, "min": 0.0211895853281, "var": 0.00978904310614}, "dynamic_complexity": 5.23984909058, "erbbands_crest": {"dmean": 2.9330470562, "dmean2": 4.25870656967, "dvar": 10.5634117126, "dvar2": 21.6186904907, "max": 34.3461456299, "mean": 16.4166946411, "median": 15.9240131378, "min": 1.99579691887, "var": 51.0790328979}, "erbbands_flatness_db": {"dmean": 0.0373058542609, "dmean2": 0.0501496084034, "dvar": 0.00163655844517, "dvar2": 0.00308273150586, "max": 0.706265866756, "mean": 0.256228387356, "median": 0.224696099758, "min": 0.0222770497203, "var": 0.0173065327108}, "erbbands_kurtosis": {"dmean": 5.31660079956, "dmean2": 7.7765994072, "dvar": 194.436569214, "dvar2": 444.886047363, "max": 405.475036621, "mean": 9.37186431885, "median": 2.80451202393, "min": -1.93522930145, "var": 425.32623291}, "erbbands_skewness": {"dmean": 0.71139472723, "dmean2": 1.02732598782, "dvar": 0.798464417458, "dvar2": 1.89720904827, "max": 14.9282112122, "mean": 1.24641919136, "median": 0.980554461479, "min": -8.02607822418, "var": 3.10475826263}, "erbbands_spread": {"dmean": 8.37060451508, "dmean2": 12.3991832733, "dvar": 151.972473145, "dvar2": 332.200439453, "max": 173.506027222, "mean": 22.9742717743, "median": 17.9381580353, "min": 0.207177713513, "var": 424.640136719}, "hfc": {"dmean": 4.82159280777, "dmean2": 6.56644582748, "dvar": 74.0318145752, "dvar2": 149.544128418, "max": 95.8142929077, "mean": 10.3562479019, "median": 5.75863027573, "min": 1.1402987823e-16, "var": 158.036941528}, "melbands_crest": {"dmean": 3.16186642647, "dmean2": 5.13204050064, "dvar": 9.57424545288, "dvar2": 24.9699459076, "max": 35.8143310547, "mean": 18.8652706146, "median": 18.6347332001, "min": 1.67238247395, "var": 37.9442634583}, "melbands_flatness_db": {"dmean": 0.0535671040416, "dmean2": 0.0766110420227, "dvar": 0.00377523060888, "dvar2": 0.0075676208362, "max": 1, "mean": 0.415854007006, "median": 0.385960370302, "min": 0.00390151096508, "var": 0.0320078209043}, "melbands_kurtosis": {"dmean": 15.4189052582, "dmean2": 24.4066524506, "dvar": 790.504150391, "dvar2": 2058.76806641, "max": 532.164733887, "mean": 26.1179466248, "median": 12.667719841, "min": -1.91138923168, "var": 1453.14648438}, "melbands_skewness": {"dmean": 1.10085725784, "dmean2": 1.67553627491, "dvar": 1.6683986187, "dvar2": 3.79112863541, "max": 17.7761955261, "mean": 2.87231063843, "median": 2.44408464432, "min": -3.39809846878, "var": 5.59470176697}, "melbands_spread": {"dmean": 3.17065310478, "dmean2": 4.98994016647, "dvar": 30.5992145538, "dvar2": 71.6932907104, "max": 152.167388916, "mean": 9.52759361267, "median": 4.84440755844, "min": 0.147645816207, "var": 265.180267334}, "pitch_salience": {"dmean": 0.0705920383334, "dmean2": 0.113343052566, "dvar": 0.00604199711233, "dvar2": 0.0151645569131, "max": 0.930472552776, "mean": 0.404185950756, "median": 0.420701891184, "min": 0.00533847836778, "var": 0.0221881885082}, "silence_rate_20dB": {"dmean": 0, "dmean2": 0, "dvar": 0, "dvar2": 0, "max": 1, "mean": 1, "median": 1, "min": 1, "var": 0}, "silence_rate_30dB": {"dmean": 0.0467955246568, "dmean2": 0.0936069190502, "dvar": 0.0446077883244, "dvar2": 0.101124979556, "max": 1, "mean": 0.951008617878, "median": 1, "min": 0, "var": 0.046591412276}, "silence_rate_60dB": {"dmean": 0.0345879942179, "dmean2": 0.0691877231002, "dvar": 0.0333877429366, "dvar2": 0.070509262383, "max": 1, "mean": 0.142397016287, "median": 0, "min": 0, "var": 0.1221094504}, "spectral_centroid": {"dmean": 120.069046021, "dmean2": 178.533599854, "dvar": 47325.3867188, "dvar2": 96415.984375, "max": 10608.2939453, "mean": 585.251342773, "median": 408.723175049, "min": 132.052230835, "var": 316430.40625}, "spectral_complexity": {"dmean": 2.15022039413, "dmean2": 2.9964389801, "dvar": 13.9199981689, "dvar2": 23.6712837219, "max": 45, "mean": 7.10289859772, "median": 6, "min": 0, "var": 41.419254303}, "spectral_decrease": {"dmean": 3.76414588388e-09, "dmean2": 5.40541877925e-09, "dvar": 2.89779500376e-17, "dvar2": 6.2657654234e-17, "max": 2.24205092324e-18, "mean": -9.31511134894e-09, "median": -6.32852570348e-09, "min": -6.7596992892e-08, "var": 8.71873710445e-17}, "spectral_energy": {"dmean": 0.0145545974374, "dmean2": 0.0208477657288, "dvar": 0.000429842533777, "dvar2": 0.000926019973122, "max": 0.258010715246, "mean": 0.0360966399312, "median": 0.0245307125151, "min": 1.0152225957e-20, "var": 0.00129875168204}, "spectral_energyband_high": {"dmean": 0.000187446014024, "dmean2": 0.000291595119052, "dvar": 1.64296409366e-07, "dvar2": 3.77357281423e-07, "max": 0.00512832542881, "mean": 0.000182050571311, "median": 1.85874396266e-05, "min": 7.81872763853e-21, "var": 1.81353456696e-07}, "spectral_energyband_low": {"dmean": 0.011512174271, "dmean2": 0.0177170298994, "dvar": 0.000355890049832, "dvar2": 0.000788485398516, "max": 0.228475660086, "mean": 0.0190446097404, "median": 0.0103053469211, "min": 8.62492046155e-23, "var": 0.000680021941662}, "spectral_energyband_middle_high": {"dmean": 0.00198474200442, "dmean2": 0.00269523938186, "dvar": 2.28403114306e-05, "dvar2": 4.49940635008e-05, "max": 0.0580671988428, "mean": 0.00322552979924, "median": 0.000422894343501, "min": 1.23958639054e-21, "var": 4.81050956296e-05}, "spectral_energyband_middle_low": {"dmean": 0.00477685919032, "dmean2": 0.00555604416877, "dvar": 4.26882434112e-05, "dvar2": 8.60539657879e-05, "max": 0.112316355109, "mean": 0.0149710569531, "median": 0.00843076128513, "min": 3.08649616803e-22, "var": 0.000325032015098}, "spectral_entropy": {"dmean": 0.435037851334, "dmean2": 0.59190517664, "dvar": 0.272206664085, "dvar2": 0.541561841965, "max": 9.79065990448, "mean": 6.10339164734, "median": 6.30597686768, "min": 2.06844758987, "var": 2.02802681923}, "spectral_flux": {"dmean": 0.0318839028478, "dmean2": 0.0491506643593, "dvar": 0.00173100503162, "dvar2": 0.00399094680324, "max": 0.367019623518, "mean": 0.0697067528963, "median": 0.0531317144632, "min": 1.00758255905e-10, "var": 0.00364936585538}, "spectral_kurtosis": {"dmean": 25.3635864258, "dmean2": 39.6994552612, "dvar": 4741.4921875, "dvar2": 12388.8554688, "max": 1398.89428711, "mean": 45.9758758545, "median": 9.79713630676, "min": -1.2104691267, "var": 8944.42382812}, "spectral_rms": {"dmean": 0.00110937026329, "dmean2": 0.00152124406304, "dvar": 1.75258992385e-06, "dvar2": 3.54360554411e-06, "max": 0.0158656165004, "mean": 0.00508279679343, "median": 0.00489207543433, "min": 3.14715918256e-12, "var": 9.38148059504e-06}, "spectral_rolloff": {"dmean": 169.913009644, "dmean2": 310.216796875, "dvar": 427510.375, "dvar2": 1198347.375, "max": 19982.8125, "mean": 757.554748535, "median": 301.46484375, "min": 43.06640625, "var": 4941329.5}, "spectral_skewness": {"dmean": 1.15438425541, "dmean2": 1.67276465893, "dvar": 3.25271677971, "dvar2": 7.35380935669, "max": 32.9439926147, "mean": 4.28190088272, "median": 2.72303652763, "min": 0.018864620477, "var": 15.9600553513}, "spectral_spread": {"dmean": 1231231.875, "dmean2": 1849273.375, "dvar": 2105678495740.0, "dvar2": 4564512145410.0, "max": 40473492, "mean": 4170695.5, "median": 3779633.25, "min": 90162.96875, "var": 7244058984450.0}, "spectral_strongpeak": {"dmean": 0.406454116106, "dmean2": 0.669852137566, "dvar": 0.609056651592, "dvar2": 1.63159048557, "max": 7.22258090973, "mean": 0.839184522629, "median": 0.484956502914, "min": 0, "var": 0.875031769276}, "zerocrossingrate": {"dmean": 0.00652970606461, "dmean2": 0.00831204187125, "dvar": 8.41942019179e-05, "dvar2": 0.000120968179544, "max": 0.52392578125, "mean": 0.0319104492664, "median": 0.01953125, "min": 0.001953125, "var": 0.00356981367804}, "barkbands": {"dmean": [0.000260282453382, 0.0088784173131, 0.00320921791717, 0.00118421437219, 0.00286166835576, 0.000972766778432, 0.000143402983667, 0.000164146200405, 0.000352192175342, 0.000786171236541, 0.000728810438886, 0.000272604287602, 0.000340057857102, 7.90238264017e-05, 7.62314375606e-05, 3.64543739124e-05, 5.02272305312e-05, 2.54814021901e-05, 2.90514381049e-05, 2.63467281911e-05, 2.08623023354e-05, 5.78827784921e-05, 2.28334429266e-05, 2.70887212537e-05, 3.90642708226e-05, 1.13875894385e-05, 2.74410649581e-06], "dmean2": [0.000402276375098, 0.0142304059118, 0.00509084342048, 0.00181348784827, 0.00318613881245, 0.00114980933722, 0.000185142998816, 0.000209330886719, 0.000521796057001, 0.00102628860623, 0.00103898928501, 0.000380386220058, 0.000493937986903, 0.000119461292343, 0.000120208125736, 5.85993220739e-05, 8.55106191011e-05, 4.07454208471e-05, 4.44775687356e-05, 4.00170793e-05, 3.10417381115e-05, 9.18374425964e-05, 3.45310763805e-05, 4.58914946648e-05, 6.7301618401e-05, 1.87951409316e-05, 4.69304086437e-06], "dvar": [5.75558544824e-07, 0.000222317699809, 5.72872850171e-05, 5.09834535478e-06, 2.2407843062e-05, 4.49194885732e-06, 1.10271216158e-07, 3.00162213307e-07, 2.11960264096e-06, 6.81520623402e-06, 6.4436167122e-06, 1.40165752782e-06, 1.95877055376e-06, 8.0715338413e-08, 8.56497379687e-08, 1.51748427157e-08, 3.35443068877e-08, 8.63878657498e-09, 6.96079327511e-09, 5.49260947835e-09, 4.93232166221e-09, 2.86942878347e-08, 3.09201619864e-09, 5.15358111741e-09, 8.09071121211e-09, 6.97255420068e-10, 5.97200414121e-11], "dvar2": [1.43912780004e-06, 0.000533032580279, 0.000130479296786, 1.31873512146e-05, 4.16913790104e-05, 6.64472190692e-06, 1.73349462784e-07, 4.30195825629e-07, 4.61166291643e-06, 1.17425242934e-05, 1.42179014802e-05, 2.63515448751e-06, 4.00478575102e-06, 1.68288678992e-07, 2.11901650005e-07, 3.82397864485e-08, 9.09509552116e-08, 2.26458887198e-08, 1.67808167362e-08, 1.33342190622e-08, 1.2444375308e-08, 7.27667170963e-08, 7.17297998776e-09, 1.3818545419e-08, 2.12194741778e-08, 1.59763968721e-09, 1.51498494305e-10], "max": [0.0100311497226, 0.179912477732, 0.117176890373, 0.0290409550071, 0.104741081595, 0.0338742285967, 0.008340023458, 0.0117319915444, 0.0297109875828, 0.0392404049635, 0.0410679578781, 0.0255347173661, 0.0338562242687, 0.00281925406307, 0.00495074177161, 0.00158824049868, 0.00277972267941, 0.00142837013118, 0.00123488332611, 0.00101972976699, 0.00267330021597, 0.00248291157186, 0.000848392548505, 0.00108581967652, 0.000710837659426, 0.000278020685073, 8.34833772387e-05], "mean": [0.000434187182691, 0.0134960887954, 0.00418075127527, 0.00207478064112, 0.0088718906045, 0.00209674774669, 0.000287085655145, 0.00026380631607, 0.000637371267658, 0.00146967521869, 0.00103480240796, 0.000361945392797, 0.000389373744838, 8.30929857329e-05, 7.13009212632e-05, 4.29882420576e-05, 4.8873720516e-05, 2.71028620773e-05, 3.09574970743e-05, 2.89904583042e-05, 2.30525492952e-05, 5.21298497915e-05, 2.23540100706e-05, 2.19690446102e-05, 3.15814504575e-05, 1.11590070446e-05, 2.63242714027e-06], "median": [7.51618936192e-05, 0.0057839252986, 0.00139498943463, 0.00105365528725, 0.00173567049205, 0.000503331655636, 5.03247320012e-05, 1.61968800967e-05, 2.84536690742e-05, 5.36408842891e-05, 6.64740218781e-05, 1.86864690477e-05, 1.90927876247e-05, 4.95225049235e-06, 3.01882710119e-06, 3.07553409584e-06, 4.09220956499e-06, 2.25105191021e-06, 3.27899147123e-06, 2.10253688238e-06, 1.83444183222e-06, 2.17294450522e-06, 1.50717926317e-06, 1.54984400069e-06, 1.94078802451e-06, 5.60025227969e-07, 4.38145661974e-08], "min": [8.10505670738e-24, 1.64056783441e-23, 8.90107731418e-24, 1.2981535446e-22, 3.90564529304e-23, 1.87946915307e-23, 3.86878024522e-23, 9.03701461423e-24, 6.68723763352e-23, 8.25412365057e-23, 1.17643528882e-23, 4.61853510656e-23, 1.28816492471e-22, 1.02318856613e-22, 1.79835181681e-22, 5.56958455171e-23, 1.41842504526e-22, 1.36751663249e-22, 2.18682340347e-22, 3.11916864102e-22, 6.24204909348e-22, 4.59085391428e-22, 5.45111619776e-22, 7.3613354329e-22, 1.24125367646e-21, 1.71124099938e-21, 2.53080432055e-21], "var": [9.54674533205e-07, 0.00041190785123, 6.69593500788e-05, 8.37196876091e-06, 0.000231381345657, 1.64796820172e-05, 4.54559824448e-07, 7.67069309404e-07, 4.71702787763e-06, 1.92721745407e-05, 1.09225156848e-05, 2.38159873334e-06, 2.77245749203e-06, 9.52663370413e-08, 7.86358000937e-08, 1.78782730842e-08, 3.03098026677e-08, 8.45356229462e-09, 7.51164019874e-09, 6.13295814134e-09, 4.56873339161e-09, 2.54633771846e-08, 3.39348638079e-09, 3.85220966237e-09, 6.38663300023e-09, 8.67119098746e-10, 6.37974950646e-11]}, "erbbands": {"dmean": [0.262003183365, 2.0126414299, 4.0714468956, 3.19878005981, 7.52075195312, 8.47606468201, 12.8146696091, 5.35901641846, 2.50241971016, 2.56489825249, 4.4198551178, 9.67916679382, 20.6963424683, 19.2323818207, 29.1980285645, 13.2248706818, 15.6898508072, 5.94605207443, 4.19237661362, 2.90200376511, 2.31809544563, 2.51396036148, 1.38431751728, 1.38247549534, 1.42856025696, 1.04325997829, 1.1572920084, 0.873607099056, 2.27265739441, 1.71970117092, 0.502453505993, 0.477252691984, 0.498925834894, 0.392671793699, 0.29721724987, 0.0725966244936, 0.0182175785303, 0.00400653062388, 0.000422803015681, 2.9513365007e-05], "dmean2": [0.405093222857, 3.30543923378, 6.4576420784, 5.02002954483, 8.68729877472, 10.1052885056, 15.1853590012, 6.52419519424, 3.11523842812, 3.42004418373, 5.86105632782, 13.8555011749, 27.491394043, 25.3759078979, 41.5861129761, 17.9482250214, 22.2734222412, 9.22245788574, 6.46911096573, 4.80462741852, 3.86627435684, 4.16935110092, 2.18948149681, 2.1097548008, 2.22929143906, 1.54644358158, 1.72779321671, 1.33090925217, 3.61994218826, 2.68192410469, 0.779229700565, 0.798652350903, 0.840282440186, 0.667425632477, 0.517611384392, 0.121173396707, 0.0299531817436, 0.00682105636224, 0.000713484827429, 4.5263524953e-05], "dvar": [0.24585416913, 11.3898410797, 78.85912323, 42.375125885, 266.63381958, 225.833084106, 914.502441406, 111.739700317, 40.845287323, 44.3386306763, 236.13722229, 1541.10668945, 5480.08691406, 4620.48144531, 10685.6162109, 3390.39306641, 4049.39770508, 510.172424316, 245.495819092, 103.927383423, 79.3814315796, 85.1532287598, 23.7114601135, 22.5065307617, 17.7465000153, 8.92886734009, 9.79161739349, 11.8167295456, 50.883228302, 21.7994689941, 1.38674294949, 1.58844709396, 2.13896393776, 0.752677083015, 0.495943129063, 0.0265542510897, 0.00205330760218, 0.000114943977678, 1.46457011851e-06, 3.34005778591e-09], "dvar2": [0.469596117735, 29.7403335571, 177.079833984, 100.441741943, 444.534942627, 439.895629883, 1363.29272461, 174.279586792, 49.9790687561, 74.7214508057, 364.1277771, 3323.34106445, 9271.25, 7874.24169922, 23475.5292969, 6232.23583984, 7707.28173828, 1236.36706543, 530.151794434, 277.771850586, 210.334869385, 226.951690674, 61.0874481201, 56.8443374634, 44.7722892761, 21.5784358978, 21.9549846649, 31.7360153198, 133.870574951, 51.9806671143, 3.39170908928, 4.25862121582, 5.80089235306, 1.91610300541, 1.32924234867, 0.0641217157245, 0.00471581285819, 0.00028076779563, 3.67863663087e-06, 8.09251599065e-09], "max": [6.08118724823, 39.8266220093, 112.523674011, 110.06036377, 330.336547852, 296.520172119, 528.977478027, 168.569763184, 180.227264404, 222.805892944, 321.164642334, 808.13671875, 1093.2845459, 1343.86865234, 1398.82104492, 1295.91491699, 1604.34460449, 337.034088135, 259.358306885, 128.338088989, 111.876335144, 122.508071899, 76.2062454224, 105.763900757, 58.9925765991, 66.5689697266, 40.8361587524, 146.286270142, 121.658485413, 51.67004776, 25.3445396423, 17.6730976105, 27.0710792542, 8.01815605164, 4.98163700104, 1.45532572269, 0.527097225189, 0.117428019643, 0.0134311653674, 0.000740161573049], "mean": [0.426494956017, 2.82580590248, 5.58985757828, 5.80327129364, 23.958486557, 23.4337654114, 27.414390564, 12.678273201, 5.31441736221, 4.8798956871, 7.3909778595, 18.6782093048, 37.427947998, 35.7940101624, 41.8662948608, 18.3167228699, 19.1855831146, 6.0590133667, 4.26081514359, 2.84456968307, 2.55616521835, 2.4871070385, 1.57638537884, 1.45382928848, 1.49603712559, 1.26566112041, 1.19913709164, 0.944573938847, 2.06177330017, 1.50709819794, 0.486211210489, 0.398629575968, 0.40712288022, 0.336453169584, 0.227274939418, 0.065234772861, 0.0183480866253, 0.00397657975554, 0.00041121756658, 5.61274646316e-05], "median": [0.105616748333, 1.27940750122, 2.43593978882, 3.38078784943, 2.82877469063, 5.12902116776, 7.36881256104, 3.63656997681, 1.54139947891, 0.544110953808, 0.508916199207, 0.948431789875, 1.66488695145, 2.12332677841, 3.28177022934, 1.58515393734, 1.26329910755, 0.577176630497, 0.219760939479, 0.211443394423, 0.192307502031, 0.2208263129, 0.15634855628, 0.151371583343, 0.139791920781, 0.106537729502, 0.0846933424473, 0.0590735301375, 0.079755499959, 0.0764386579394, 0.0397234000266, 0.0283021219075, 0.0285054259002, 0.025234522298, 0.0115324230865, 0.00360973156057, 0.000789968762547, 0.000116167895612, 2.81051943603e-05, 3.22228297591e-05], "min": [4.35286480281e-22, 3.95555345542e-21, 1.22131416064e-20, 2.30080830219e-19, 2.85108891222e-19, 1.20155751716e-19, 1.0852299444e-19, 1.68968765338e-19, 6.0147533513e-19, 3.15691490378e-19, 3.266897872e-19, 1.30491071032e-18, 2.43752259418e-18, 1.59627288018e-18, 8.98662459163e-19, 1.88038460517e-18, 4.21219268989e-18, 7.94580597432e-18, 8.20953596902e-18, 5.83479390179e-18, 4.1784308996e-18, 8.26794650079e-18, 9.41398538715e-18, 6.93655008764e-18, 1.32149878353e-17, 1.5192012365e-17, 2.07281965472e-17, 2.38280807082e-17, 1.95110681047e-17, 1.15550762283e-17, 1.60708520612e-17, 1.47937364806e-17, 1.30197045548e-17, 1.2031701006e-17, 1.00349018965e-17, 7.45226700748e-18, 2.85445822565e-18, 1.02165191194e-18, 3.70193567909e-19, 3.9671914989e-20], "var": [0.614678740501, 16.986492157, 98.7130126953, 60.1616516113, 3452.0546875, 1182.40429688, 3119.13183594, 514.581604004, 170.318862915, 189.977584839, 565.07635498, 3621.03173828, 13475.3769531, 14791.0849609, 17441.1464844, 5882.95654297, 6331.42431641, 532.494140625, 268.088531494, 91.1245040894, 80.6744308472, 77.9349136353, 25.4678783417, 21.3081893921, 17.8888454437, 10.8480358124, 11.1102437973, 9.41764068604, 42.6067008972, 20.7820053101, 1.42777454853, 1.21381425858, 1.53794455528, 0.658842980862, 0.362343877554, 0.0273565798998, 0.00270302616991, 0.000132364482852, 1.48804178934e-06, 5.3986957127e-09]}, "gfcc": {"mean": [-160.732131958, 136.603485107, -56.1744689941, 14.2743024826, -44.4307289124, 18.2297153473, -23.0012054443, -3.6546087265, -32.8018684387, -8.63226985931, -6.79066705704, 7.38058233261, 1.51488959789], "cov": [[41230.1054688, -665.134765625, -2520.1965332, 2403.2487793, -1197.50891113, 2316.15332031, 10.1730422974, 1344.34289551, -492.560699463, 484.347442627, -726.878601074, 445.488342285, -115.372497559], [-665.134765625, 3460.99243164, 683.624633789, -765.254821777, 405.848937988, -543.068603516, 121.201904297, -633.171630859, -39.1089782715, -505.04989624, 174.206665039, -273.539154053, 177.441162109], [-2520.1965332, 683.624633789, 2021.69885254, -88.8959732056, 357.09664917, -128.80329895, -66.7363967896, -201.609512329, -258.093719482, -293.200134277, -99.4779510498, -134.459960938, -24.6250686646], [2403.2487793, -765.254821777, -88.8959732056, 977.932067871, -55.1516876221, 251.480728149, -4.14536142349, 166.887313843, 61.1947517395, 135.624389648, -90.4033584595, 36.0234107971, -30.9469070435], [-1197.50891113, 405.848937988, 357.09664917, -55.1516876221, 470.010803223, -0.314691066742, 13.2520675659, -149.882904053, -50.717956543, -94.257194519, 16.5999717712, -56.5036201477, -28.0815982819], [2316.15332031, -543.068603516, -128.80329895, 251.480728149, -0.314691066742, 561.276123047, 178.931503296, 301.411834717, -7.16030263901, 97.7786254883, -55.8038101196, 88.8828430176, -25.0670108795], [10.1730422974, 121.201904297, -66.7363967896, -4.14536142349, 13.2520675659, 178.931503296, 303.742675781, 153.952590942, 70.1786804199, -44.9110145569, 5.8967795372, 33.6917648315, 74.8807525635], [1344.34289551, -633.171630859, -201.609512329, 166.887313843, -149.882904053, 301.411834717, 153.952590942, 472.578979492, 159.196624756, 170.278457642, -98.2293930054, 36.9449501038, -19.4463481903], [-492.560699463, -39.1089782715, -258.093719482, 61.1947517395, -50.717956543, -7.16030263901, 70.1786804199, 159.196624756, 370.261566162, 232.400238037, 25.2162513733, -93.0939407349, -31.7788410187], [484.347442627, -505.04989624, -293.200134277, 135.624389648, -94.257194519, 97.7786254883, -44.9110145569, 170.278457642, 232.400238037, 407.384246826, 109.389595032, 10.3928613663, -111.169410706], [-726.878601074, 174.206665039, -99.4779510498, -90.4033584595, 16.5999717712, -55.8038101196, 5.8967795372, -98.2293930054, 25.2162513733, 109.389595032, 273.925201416, 118.402648926, 19.0639419556], [445.488342285, -273.539154053, -134.459960938, 36.0234107971, -56.5036201477, 88.8828430176, 33.6917648315, 36.9449501038, -93.0939407349, 10.3928613663, 118.402648926, 257.559539795, 107.280220032], [-115.372497559, 177.441162109, -24.6250686646, -30.9469070435, -28.0815982819, -25.0670108795, 74.8807525635, -19.4463481903, -31.7788410187, -111.169410706, 19.0639419556, 107.280220032, 205.311904907]], "icov": [[9.71903355094e-05, -0.000302712403936, 0.00014274068235, -0.00022978639754, 0.000217316366616, -0.000349029287463, 0.000269017124083, -0.000185866098036, 0.000425766629633, -0.000405635626521, 0.000540259410627, -0.000367319880752, 0.000158140741405], [-0.000302712403936, 0.00173417874612, -0.000537586165592, 0.000975548231509, -0.000816893356387, 0.00103495048825, -0.00106839498039, 0.000988678308204, -0.00170309795067, 0.00216640322469, -0.00286078383215, 0.00253831455484, -0.0012396419188], [0.00014274068235, -0.000537586165592, 0.000907109701075, -0.000430853368016, -0.000139701631269, -0.000296658748994, 0.000502015987877, -0.000674649141729, 0.00128593191039, -0.000543194939382, 0.000735593144782, -0.000107169231342, 0.000178970294655], [-0.00022978639754, 0.000975548231509, -0.000430853368016, 0.00193830649368, -0.000476663612062, 0.00016094215971, -0.000428387400461, 0.000948301516473, -0.00157001498155, 0.000861926295329, -0.000803616130725, 0.000717822811566, -0.000608013069723], [0.000217316366616, -0.000816893356387, -0.000139701631269, -0.000476663612062, 0.00359387602657, -0.00174886523746, 0.000351033755578, 0.000984319485724, 0.000160782015882, -0.000372967973817, 0.00114421721082, -0.00100856728386, 0.00122644123621], [-0.000349029287463, 0.00103495048825, -0.000296658748994, 0.00016094215971, -0.00174886523746, 0.00594636565074, -0.0037218213547, -0.00123932387214, 0.00111385574564, -0.000665352446958, -0.000709886837285, 0.00038429806591, 0.000302170607029], [0.000269017124083, -0.00106839498039, 0.000502015987877, -0.000428387400461, 0.000351033755578, -0.0037218213547, 0.00884073041379, -0.00324033619836, -0.0017102768179, 0.00329680088907, -0.00174109416548, -8.34640668472e-05, -0.00114183488768], [-0.000185866098036, 0.000988678308204, -0.000674649141729, 0.000948301516473, 0.000984319485724, -0.00123932387214, -0.00324033619836, 0.00794162694365, -0.00340542662889, -0.00119253911544, 0.00321051594801, -0.0021167115774, 0.000655534677207], [0.000425766629633, -0.00170309795067, 0.00128593191039, -0.00157001498155, 0.000160782015882, 0.00111385574564, -0.0017102768179, -0.00340542662889, 0.011642399244, -0.00811669975519, 0.00211552786641, 0.0032773357816, -0.00241384049878], [-0.000405635626521, 0.00216640322469, -0.000543194939382, 0.000861926295329, -0.000372967973817, -0.000665352446958, 0.00329680088907, -0.00119253911544, -0.00811669975519, 0.0133828707039, -0.00861234497279, 0.00203742785379, 0.00224203336984], [0.000540259410627, -0.00286078383215, 0.000735593144782, -0.000803616130725, 0.00114421721082, -0.000709886837285, -0.00174109416548, 0.00321051594801, 0.00211552786641, -0.00861234497279, 0.0155101409182, -0.010721529834, 0.00357828126289], [-0.000367319880752, 0.00253831455484, -0.000107169231342, 0.000717822811566, -0.00100856728386, 0.00038429806591, -8.34640668472e-05, -0.0021167115774, 0.0032773357816, 0.00203742785379, -0.010721529834, 0.0166580211371, -0.00866407714784], [0.000158140741405, -0.0012396419188, 0.000178970294655, -0.000608013069723, 0.00122644123621, 0.000302170607029, -0.00114183488768, 0.000655534677207, -0.00241384049878, 0.00224203336984, 0.00357828126289, -0.00866407714784, 0.0116791483015]]}, "melbands": {"dmean": [0.00237868353724, 0.00224655051716, 0.000662811973598, 0.000570881937165, 0.000442306511104, 0.000131922424771, 3.56297241524e-05, 2.78617244476e-05, 4.2989027861e-05, 5.78974795644e-05, 0.000104431339423, 7.68928803154e-05, 0.000108427389932, 3.74889568775e-05, 4.11559667555e-05, 2.64732170763e-05, 9.81572611636e-06, 6.98368558005e-06, 5.40796418136e-06, 2.7549447168e-06, 3.00827105093e-06, 3.06609149447e-06, 1.4886545614e-06, 1.18799869142e-06, 1.07649725578e-06, 1.37530821576e-06, 6.80307550738e-07, 6.93842423516e-07, 8.79095807704e-07, 4.60399860458e-07, 5.13374061484e-07, 1.38333848554e-06, 1.02213255104e-06, 8.76064632394e-07, 2.87219535267e-07, 2.35930968984e-07, 3.04571216247e-07, 3.82679274935e-07, 2.94528945233e-07, 3.58323205774e-07], "dmean2": [0.00378702464513, 0.00356493378058, 0.000965126266237, 0.000655342650134, 0.000517795560881, 0.000157979404321, 4.50880797871e-05, 3.71363894374e-05, 5.85421657888e-05, 8.27702169772e-05, 0.000139292096719, 0.000102478283225, 0.000155121946591, 5.28524797119e-05, 5.69115509279e-05, 3.90433306166e-05, 1.58730272233e-05, 1.05083890958e-05, 8.98287999007e-06, 4.51084497399e-06, 5.19695413459e-06, 5.22059235664e-06, 2.34560570789e-06, 1.93128380488e-06, 1.67599682754e-06, 2.16522971641e-06, 1.06302877612e-06, 1.02964759208e-06, 1.34322647227e-06, 6.8071460646e-07, 8.05476815913e-07, 2.25836765821e-06, 1.5711599417e-06, 1.38109817271e-06, 4.56038549146e-07, 3.82841477631e-07, 5.17263117672e-07, 6.55750397982e-07, 4.92659864904e-07, 6.14713712821e-07], "dvar": [1.71788487933e-05, 1.75125460373e-05, 1.49796585447e-06, 1.208938329e-06, 8.42370866394e-07, 6.63615864482e-08, 7.9656645724e-09, 5.09674613625e-09, 2.26233503042e-08, 5.10190893976e-08, 1.41114981034e-07, 8.73573711146e-08, 1.45883475966e-07, 2.38416184573e-08, 2.44610891542e-08, 1.20713883334e-08, 1.45231660031e-09, 6.35874630728e-10, 4.84585205296e-10, 6.54384393894e-11, 1.52927878694e-10, 1.3336336202e-10, 2.77709452656e-11, 1.92428070006e-11, 1.56509388782e-11, 1.76404515995e-11, 3.87171588193e-12, 4.03292113246e-12, 6.41206792523e-12, 1.37556773697e-12, 7.4738644093e-12, 2.44465593602e-11, 8.88760419426e-12, 5.90933335251e-12, 5.7414928931e-13, 2.97259639863e-13, 7.08320771828e-13, 2.01655402446e-12, 6.47322744452e-13, 6.38096780275e-13], "dvar2": [3.80100464099e-05, 4.05148020945e-05, 3.47361174136e-06, 2.31961121244e-06, 1.32481420678e-06, 1.02955709735e-07, 1.02345847353e-08, 8.57486970318e-09, 4.16754595278e-08, 1.09341740995e-07, 2.41673660639e-07, 1.4743079646e-07, 3.27248557142e-07, 4.72432439835e-08, 4.78383128666e-08, 2.52689407176e-08, 3.74680686477e-09, 1.39809508415e-09, 1.29345389954e-09, 1.64159200122e-10, 4.1818090657e-10, 3.61939034299e-10, 6.5504983382e-11, 5.12240597161e-11, 3.99623181768e-11, 4.40976768989e-11, 1.00857100449e-11, 9.57743172963e-12, 1.48147136919e-11, 2.98849161563e-12, 2.0969177783e-11, 6.66430521878e-11, 2.19832676368e-11, 1.41140597473e-11, 1.49240017046e-12, 7.56344693906e-13, 1.9267757962e-12, 5.65140252304e-12, 1.72452080827e-12, 1.65488196063e-12], "max": [0.0487258508801, 0.0434971116483, 0.0169922243804, 0.0260127652436, 0.0146403321996, 0.00397267797962, 0.0024121501483, 0.00207345164381, 0.00246062316, 0.00439797667786, 0.00553683238104, 0.00598143227398, 0.00625239266083, 0.00272128987126, 0.00323082203977, 0.00254967017099, 0.000380517623853, 0.000371687434381, 0.000312987249345, 0.000109994623926, 0.000160426454386, 0.000146355407196, 0.000132992034196, 7.60904731578e-05, 9.9886667158e-05, 4.83549301862e-05, 3.18312777381e-05, 4.32276610809e-05, 3.49183064827e-05, 1.99634450837e-05, 0.000127845574752, 9.43325139815e-05, 7.56014269427e-05, 3.01414856949e-05, 1.99574969884e-05, 7.58190162742e-06, 1.05313347376e-05, 2.89399504254e-05, 1.39257690535e-05, 7.64315700508e-06], "mean": [0.00372343580239, 0.00325247715227, 0.00152492278721, 0.00180228520185, 0.0010020887712, 0.000301992811728, 7.30195315555e-05, 5.13410814165e-05, 6.99637748767e-05, 0.000111801498861, 0.000185498734936, 0.000141146694659, 0.00015404469741, 5.12701626576e-05, 4.84846314066e-05, 3.08960043185e-05, 9.11573079065e-06, 6.75934688843e-06, 4.67733116238e-06, 3.16814521284e-06, 3.09277811539e-06, 2.89384229291e-06, 1.65893777648e-06, 1.28467002014e-06, 1.10791063435e-06, 1.36159758313e-06, 7.72167197738e-07, 8.41126848172e-07, 8.57644863572e-07, 5.14448288413e-07, 5.32702529199e-07, 1.19892217754e-06, 9.57361976361e-07, 7.56279348479e-07, 2.73325753142e-07, 2.1033751807e-07, 2.4461206749e-07, 2.96268439115e-07, 2.59180495732e-07, 2.9553180525e-07], "median": [0.00129800150171, 0.00170953106135, 0.000596364552621, 0.000292369106319, 0.000266083807219, 8.14646991785e-05, 1.76215708052e-05, 3.9363740143e-06, 3.42377711604e-06, 5.32623334948e-06, 7.07971912561e-06, 6.73800923323e-06, 1.05901945062e-05, 3.35793242812e-06, 2.9319269288e-06, 1.61582681812e-06, 6.2423714553e-07, 2.96733446703e-07, 1.9245281635e-07, 2.7883106668e-07, 1.76099376858e-07, 2.07435306265e-07, 1.38466191402e-07, 1.05735807665e-07, 1.08608993798e-07, 1.07634441804e-07, 7.1764105769e-08, 6.75702054309e-08, 5.23461345381e-08, 3.40599122239e-08, 3.00520710539e-08, 3.76625806098e-08, 4.65575595854e-08, 3.69199852912e-08, 2.23447891301e-08, 1.48234606812e-08, 1.55616799447e-08, 1.76783814254e-08, 2.02053804799e-08, 2.04488230793e-08], "min": [4.62939906228e-24, 4.71479128312e-24, 4.47553955244e-23, 1.23854514779e-23, 4.35101951516e-24, 4.96178915457e-24, 8.15127212352e-24, 2.99810925764e-24, 3.2824214332e-24, 9.08114822643e-24, 1.31089663011e-23, 7.80456933339e-24, 2.15623532187e-24, 5.64619107088e-24, 2.25898504642e-24, 1.67552636319e-23, 1.34755223537e-23, 1.1540900937e-23, 1.17079185679e-23, 4.37534443561e-24, 5.24770429549e-24, 9.09404058021e-24, 6.99626300686e-24, 7.31230040701e-24, 4.86147365756e-24, 1.01434709199e-23, 9.85572443838e-24, 9.90136161947e-24, 9.85724220676e-24, 2.00624651583e-23, 1.09502642112e-23, 1.28282154381e-23, 6.24964205324e-24, 6.61491778451e-24, 8.59527222883e-24, 9.67611500976e-24, 9.31769842406e-24, 9.11120698237e-24, 8.52611515985e-24, 1.03370629081e-23], "var": [3.65417909052e-05, 2.41213620029e-05, 5.73120541958e-06, 1.30302860271e-05, 3.09974848278e-06, 2.83171090132e-07, 3.21064064224e-08, 2.02710825903e-08, 4.94797909312e-08, 1.25737557255e-07, 3.39890078749e-07, 2.81593003137e-07, 2.40067151935e-07, 4.03283628714e-08, 3.61168304153e-08, 1.71996248355e-08, 1.28389643361e-09, 6.7642541568e-10, 3.8128525337e-10, 7.81901002278e-11, 1.41267289533e-10, 1.15384174437e-10, 3.24689164444e-11, 1.89488754548e-11, 1.38769161093e-11, 1.7380118178e-11, 4.03434534044e-12, 4.99829691525e-12, 6.67226473725e-12, 1.75027386248e-12, 5.00284405916e-12, 1.82605441185e-11, 8.238972872e-12, 5.54281707338e-12, 5.13964250933e-13, 2.70828932197e-13, 5.13107243326e-13, 1.29471813045e-12, 5.0495458509e-13, 5.31993990961e-13]}, "mfcc": {"mean": [-800.902282715, 156.46105957, 46.7924499512, 18.433385849, 7.12689208984, 15.3214302063, 17.5246105194, 11.0165405273, -2.98303675652, -13.846452713, -9.10374641418, -8.62940597534, 0.508727371693], "cov": [[20877.5722656, 1120.69787598, -1157.09265137, 357.921875, -36.3333854675, 646.58984375, 219.275405884, 453.61315918, 611.299316406, 523.311523438, 766.415893555, 346.720275879, 663.903747559], [1120.69787598, 2754.72509766, 522.823181152, -23.7633094788, 82.7188873291, 92.6199035645, 264.08972168, 206.083572388, 71.2880554199, -61.5598297119, -61.3299598694, -22.1601905823, -3.96604537964], [-1157.09265137, 522.823181152, 1155.84362793, 250.488616943, 178.82258606, 45.063999176, 218.089401245, 104.572364807, 7.04689741135, -95.8098068237, -173.260375977, -133.526870728, -78.3610305786], [357.921875, -23.7633094788, 250.488616943, 524.920043945, 183.015701294, 126.295875549, -17.4856910706, -32.0066795349, -9.52330875397, -9.54786014557, -33.8819732666, -28.7182846069, 7.99143362045], [-36.3333854675, 82.7188873291, 178.82258606, 183.015701294, 308.599609375, 119.140548706, 57.1525993347, -25.5853462219, -30.1042327881, -37.5435333252, -21.949420929, -3.96988224983, 14.8552093506], [646.58984375, 92.6199035645, 45.063999176, 126.295875549, 119.140548706, 248.282913208, 111.492126465, 40.8060722351, -20.5815620422, -37.4782142639, 6.92615604401, 34.4466056824, 44.9528846741], [219.275405884, 264.08972168, 218.089401245, -17.4856910706, 57.1525993347, 111.492126465, 293.315246582, 200.198547363, 26.1891937256, -97.8173217773, -74.1922149658, -21.2858142853, 27.7906341553], [453.61315918, 206.083572388, 104.572364807, -32.0066795349, -25.5853462219, 40.8060722351, 200.198547363, 299.053314209, 169.135391235, -11.1065826416, -65.5241394043, -28.6687335968, 23.3818435669], [611.299316406, 71.2880554199, 7.04689741135, -9.52330875397, -30.1042327881, -20.5815620422, 26.1891937256, 169.135391235, 304.939300537, 200.198791504, 46.7041320801, -16.1222648621, 22.8518676758], [523.311523438, -61.5598297119, -95.8098068237, -9.54786014557, -37.5435333252, -37.4782142639, -97.8173217773, -11.1065826416, 200.198791504, 349.410369873, 232.493560791, 75.9671173096, 31.1926631927], [766.415893555, -61.3299598694, -173.260375977, -33.8819732666, -21.949420929, 6.92615604401, -74.1922149658, -65.5241394043, 46.7041320801, 232.493560791, 335.120330811, 197.448898315, 95.1552734375], [346.720275879, -22.1601905823, -133.526870728, -28.7182846069, -3.96988224983, 34.4466056824, -21.2858142853, -28.6687335968, -16.1222648621, 75.9671173096, 197.448898315, 247.367095947, 145.834915161], [663.903747559, -3.96604537964, -78.3610305786, 7.99143362045, 14.8552093506, 44.9528846741, 27.7906341553, 23.3818435669, 22.8518676758, 31.1926631927, 95.1552734375, 145.834915161, 215.25982666]], "icov": [[7.92886567069e-05, -4.34328503616e-05, 9.83985009952e-05, -9.34635827434e-05, 7.50462204451e-05, -0.000170312268892, 6.27426516076e-06, -4.52046333521e-05, -0.000157896181918, 0.000171504419995, -0.000359156430932, 0.000305524474243, -0.000227877826546], [-4.34328503616e-05, 0.000448274629889, -0.00023958136444, 0.000174986387719, -7.78748290031e-05, -8.11143763713e-07, -0.000120921722555, -7.4235831562e-05, -6.74038165016e-06, 3.61209913535e-06, 0.00010608156299, -0.000220833448111, 0.000180632006959], [9.83985009952e-05, -0.00023958136444, 0.00160619232338, -0.000932754890528, -0.000253552920185, 0.000692662142683, -0.00170134322252, 0.000508997356519, -0.000155013272888, -0.000301021500491, 0.000205156698939, 0.000237258907873, 0.000157292597578], [-9.34635827434e-05, 0.000174986387719, -0.000932754890528, 0.00334186246619, -0.0013028352987, -0.00160134676844, 0.00225012982264, -0.000814184779301, 0.000474421307445, -0.000317308906233, 0.000466938014142, 0.00030450487975, -0.000366962049156], [7.50462204451e-05, -7.78748290031e-05, -0.000253552920185, -0.0013028352987, 0.00526315066963, -0.00162597571034, -0.00157910806593, 0.0024185734801, -0.00142145995051, 0.00080732232891, -0.000298006663797, 0.00011072702182, -0.000268694595434], [-0.000170312268892, -8.11143763713e-07, 0.000692662142683, -0.00160134676844, -0.00162597571034, 0.0076024280861, -0.00384286302142, 0.000837372732349, 0.000601241772529, -0.000495508080348, 0.000642877421342, -0.00152036105283, 0.000520427769516], [6.27426516076e-06, -0.000120921722555, -0.00170134322252, 0.00225012982264, -0.00157910806593, -0.00384286302142, 0.0131251625717, -0.00958613865077, 0.00372328609228, 0.00102759583388, -0.00168172107078, 0.00212836591527, -0.0017089023022], [-4.52046333521e-05, -7.4235831562e-05, 0.000508997356519, -0.000814184779301, 0.0024185734801, 0.000837372732349, -0.00958613865077, 0.0158462151885, -0.0107650859281, 0.00428587477654, 0.000923617568333, -0.00228609750047, 0.00119042093866], [-0.000157896181918, -6.74038165016e-06, -0.000155013272888, 0.000474421307445, -0.00142145995051, 0.000601241772529, 0.00372328609228, -0.0107650859281, 0.0163452960551, -0.0116817532107, 0.00454245321453, 0.00126710359473, -0.00183487753384], [0.000171504419995, 3.61209913535e-06, -0.000301021500491, -0.000317308906233, 0.00080732232891, -0.000495508080348, 0.00102759583388, 0.00428587477654, -0.0116817532107, 0.0163113456219, -0.0110140088946, 0.00288793258369, 0.000611572002526], [-0.000359156430932, 0.00010608156299, 0.000205156698939, 0.000466938014142, -0.000298006663797, 0.000642877421342, -0.00168172107078, 0.000923617568333, 0.00454245321453, -0.0110140088946, 0.015813248232, -0.00936274789274, 0.00163678044919], [0.000305524474243, -0.000220833448111, 0.000237258907873, 0.00030450487975, 0.00011072702182, -0.00152036105283, 0.00212836591527, -0.00228609750047, 0.00126710359473, 0.00288793258369, -0.00936274789274, 0.014637789689, -0.00691896863282], [-0.000227877826546, 0.000180632006959, 0.000157292597578, -0.000366962049156, -0.000268694595434, 0.000520427769516, -0.0017089023022, 0.00119042093866, -0.00183487753384, 0.000611572002526, 0.00163678044919, -0.00691896863282, 0.0094938762486]]}, "spectral_contrast_coeffs": {"dmean": [0.0446075573564, 0.0467407591641, 0.0444287620485, 0.0357825607061, 0.0233063586056, 0.0234958212823], "dmean2": [0.0712369456887, 0.0721060112119, 0.0686398521066, 0.0541882738471, 0.0366917997599, 0.0369511581957], "dvar": [0.00164064613637, 0.0022872867994, 0.00223966431804, 0.00104758690577, 0.000477720983326, 0.000633922638372], "dvar2": [0.00406338088214, 0.00491139665246, 0.00499582616612, 0.00233680196106, 0.00103786785621, 0.00135465187486], "max": [-0.114234171808, -0.270267874002, -0.394167423248, -0.512217998505, -0.670669734478, -0.67230963707], "mean": [-0.621225714684, -0.663993358612, -0.704844772816, -0.776632368565, -0.834341228008, -0.831382989883], "median": [-0.634558260441, -0.668584823608, -0.705076217651, -0.777194261551, -0.834065556526, -0.837875187397], "min": [-0.981293737888, -0.982137203217, -0.970044970512, -0.974174976349, -0.960814833641, -0.965685725212], "var": [0.0168639216572, 0.0129845477641, 0.0116617809981, 0.00525760697201, 0.0019776627887, 0.00328434561379]}, "spectral_contrast_valleys": {"dmean": [0.43162637949, 0.498692035675, 0.609414935112, 0.603140056133, 0.617773711681, 0.740825653076], "dmean2": [0.674711108208, 0.741621911526, 0.880204081535, 0.847584187984, 0.819512963295, 0.997793316841], "dvar": [0.204165622592, 0.360354632139, 0.589461863041, 0.518904030323, 0.490182578564, 0.467810243368], "dvar2": [0.387628942728, 0.692966282368, 1.19244587421, 1.0014976263, 0.945288658142, 0.960797309875], "max": [-4