{"lowlevel": {"average_loudness": 0.919793903828, "barkbands_crest": {"dmean": 3.00026893616, "dmean2": 4.40493297577, "dvar": 7.84168624878, "dvar2": 14.4425544739, "max": 26.6485290527, "mean": 12.4471940994, "median": 11.4692659378, "min": 2.2527358532, "var": 39.1488800049}, "barkbands_flatness_db": {"dmean": 0.0372967049479, "dmean2": 0.050342053175, "dvar": 0.00169811386149, "dvar2": 0.0029729004018, "max": 0.580448508263, "mean": 0.159733295441, "median": 0.135733768344, "min": 0.0121938241646, "var": 0.0104263015091}, "barkbands_kurtosis": {"dmean": 17.5172481537, "dmean2": 24.5112953186, "dvar": 2669.47875977, "dvar2": 5568.40429688, "max": 1298.99316406, "mean": 24.7432823181, "median": 4.72073698044, "min": -1.85492873192, "var": 4463.91845703}, "barkbands_skewness": {"dmean": 1.1884573698, "dmean2": 1.64928817749, "dvar": 2.77659344673, "dvar2": 5.21557331085, "max": 28.7454891205, "mean": 2.90016794205, "median": 1.94584274292, "min": -5.04273605347, "var": 10.2725772858}, "barkbands_spread": {"dmean": 7.14348220825, "dmean2": 10.6318025589, "dvar": 112.141952515, "dvar2": 230.575866699, "max": 114.206420898, "mean": 18.6968479156, "median": 13.734459877, "min": 0.0613255798817, "var": 328.460083008}, "dissonance": {"dmean": 0.0173797570169, "dmean2": 0.028852308169, "dvar": 0.000316823512549, "dvar2": 0.000842041044962, "max": 0.500000059605, "mean": 0.46790984273, "median": 0.475838512182, "min": 0.218067809939, "var": 0.000944156025071}, "dynamic_complexity": 3.19007825851, "erbbands_crest": {"dmean": 2.42066502571, "dmean2": 3.88663601875, "dvar": 6.16380548477, "dvar2": 13.34765625, "max": 30.9784374237, "mean": 7.65600156784, "median": 6.24069690704, "min": 1.86054778099, "var": 20.8429450989}, "erbbands_flatness_db": {"dmean": 0.0166280604899, "dmean2": 0.0238671582192, "dvar": 0.000388524029404, "dvar2": 0.000782309740316, "max": 0.52484691143, "mean": 0.139385983348, "median": 0.10778991133, "min": 0.0397154577076, "var": 0.00831698253751}, "erbbands_kurtosis": {"dmean": 1.11167645454, "dmean2": 1.6498414278, "dvar": 7.70335865021, "dvar2": 13.8688526154, "max": 128.815124512, "mean": 0.587642014027, "median": -0.182052135468, "min": -1.70266389847, "var": 14.0147657394}, "erbbands_skewness": {"dmean": 0.388791054487, "dmean2": 0.570556223392, "dvar": 0.177415475249, "dvar2": 0.332201868296, "max": 9.14538669586, "mean": 0.459381192923, "median": 0.361600399017, "min": -3.37678694725, "var": 0.635813832283}, "erbbands_spread": {"dmean": 9.70752811432, "dmean2": 14.2847480774, "dvar": 101.907150269, "dvar2": 204.944366455, "max": 148.944152832, "mean": 45.8079109192, "median": 43.6160545349, "min": 1.29946708679, "var": 562.312255859}, "hfc": {"dmean": 10.9283571243, "dmean2": 16.9468955994, "dvar": 415.297515869, "dvar2": 933.66784668, "max": 231.008972168, "mean": 21.8704853058, "median": 15.7895183563, "min": 1.16901756673e-16, "var": 608.384094238}, "melbands_crest": {"dmean": 3.9143102169, "dmean2": 5.99120235443, "dvar": 13.2290344238, "dvar2": 27.3666305542, "max": 37.5272102356, "mean": 17.0191726685, "median": 16.4705162048, "min": 1.76161324978, "var": 61.2404289246}, "melbands_flatness_db": {"dmean": 0.0455188564956, "dmean2": 0.0616757459939, "dvar": 0.00258556869812, "dvar2": 0.00460976362228, "max": 0.720779657364, "mean": 0.240689054132, "median": 0.226386576891, "min": 0.00463025970384, "var": 0.0149825122207}, "melbands_kurtosis": {"dmean": 25.023191452, "dmean2": 34.8529891968, "dvar": 1914.19506836, "dvar2": 3414.5690918, "max": 778.522216797, "mean": 45.6377754211, "median": 13.5405387878, "min": -1.62653899193, "var": 5329.8046875}, "melbands_skewness": {"dmean": 1.29949343204, "dmean2": 1.852668643, "dvar": 2.3654563427, "dvar2": 4.32953023911, "max": 20.5280857086, "mean": 4.21916913986, "median": 3.15919423103, "min": -3.07404708862, "var": 11.5236673355}, "melbands_spread": {"dmean": 7.11541461945, "dmean2": 10.7836103439, "dvar": 104.979827881, "dvar2": 214.329879761, "max": 187.12387085, "mean": 17.5519371033, "median": 11.4669694901, "min": 0.224100396037, "var": 435.680450439}, "pitch_salience": {"dmean": 0.0935854241252, "dmean2": 0.133674636483, "dvar": 0.00898820068687, "dvar2": 0.016198951751, "max": 0.964215576649, "mean": 0.51881313324, "median": 0.55997133255, "min": 0.0317960828543, "var": 0.0436429008842}, "silence_rate_20dB": {"dmean": 0, "dmean2": 0, "dvar": 0, "dvar2": 0, "max": 1, "mean": 1, "median": 1, "min": 1, "var": 0}, "silence_rate_30dB": {"dmean": 0.0674445107579, "dmean2": 0.134898617864, "dvar": 0.0629064142704, "dvar2": 0.117406897247, "max": 1, "mean": 0.863911211491, "median": 1, "min": 0, "var": 0.117570072412}, "silence_rate_60dB": {"dmean": 0.00811041519046, "dmean2": 0.0162219852209, "dvar": 0.00804616324604, "dvar2": 0.0196558590978, "max": 1, "mean": 0.0838728025556, "median": 0, "min": 0, "var": 0.0768462717533}, "spectral_centroid": {"dmean": 293.682617188, "dmean2": 442.64440918, "dvar": 119888.617188, "dvar2": 268153.625, "max": 10720.0742188, "mean": 1094.79968262, "median": 982.071594238, "min": 84.0220108032, "var": 471542.71875}, "spectral_complexity": {"dmean": 5.56218004227, "dmean2": 8.77040195465, "dvar": 38.2244224548, "dvar2": 91.0545654297, "max": 53, "mean": 18.2454299927, "median": 18, "min": 0, "var": 92.6728134155}, "spectral_decrease": {"dmean": 3.73756403604e-09, "dmean2": 4.50601422841e-09, "dvar": 2.33251234629e-17, "dvar2": 3.2039544008e-17, "max": 1.74921534944e-17, "mean": -1.19289014222e-08, "median": -8.14649503411e-09, "min": -6.58944401266e-08, "var": 1.46298921845e-16}, "spectral_energy": {"dmean": 0.014364823699, "dmean2": 0.0175282545388, "dvar": 0.000335167569574, "dvar2": 0.000472527201055, "max": 0.251096308231, "mean": 0.0470060445368, "median": 0.0336039997637, "min": 1.09130964112e-20, "var": 0.00210492080078}, "spectral_energyband_high": {"dmean": 0.000795150117483, "dmean2": 0.0012261866359, "dvar": 3.37865276379e-06, "dvar2": 7.58858004701e-06, "max": 0.0217884294689, "mean": 0.00118515919894, "median": 0.000439799827291, "min": 7.91100351327e-21, "var": 4.88272280563e-06}, "spectral_energyband_low": {"dmean": 0.0145610207692, "dmean2": 0.0188109204173, "dvar": 0.000570170581341, "dvar2": 0.000863273686264, "max": 0.249993130565, "mean": 0.0328507050872, "median": 0.0141348037869, "min": 4.72839187622e-23, "var": 0.00213584653102}, "spectral_energyband_middle_high": {"dmean": 0.00191446568351, "dmean2": 0.00320862536319, "dvar": 7.56692497816e-06, "dvar2": 2.00425874937e-05, "max": 0.0288166906685, "mean": 0.00323411193676, "median": 0.00243778014556, "min": 1.80817966054e-21, "var": 9.2673326435e-06}, "spectral_energyband_middle_low": {"dmean": 0.00867245066911, "dmean2": 0.0141616165638, "dvar": 0.000323741784086, "dvar2": 0.000784429023042, "max": 0.150530263782, "mean": 0.012835053727, "median": 0.00754622509703, "min": 2.80658862889e-22, "var": 0.000326667213812}, "spectral_entropy": {"dmean": 0.244993686676, "dmean2": 0.338370889425, "dvar": 0.095861569047, "dvar2": 0.187148332596, "max": 9.81762313843, "mean": 7.62365484238, "median": 7.79695129395, "min": 4.39187765121, "var": 0.54216080904}, "spectral_flux": {"dmean": 0.0423249490559, "dmean2": 0.0556298010051, "dvar": 0.00208579818718, "dvar2": 0.00328542781062, "max": 0.499041944742, "mean": 0.112215436995, "median": 0.0799410939217, "min": 1.04465769368e-10, "var": 0.0082489810884}, "spectral_kurtosis": {"dmean": 3.9660987854, "dmean2": 6.54648017883, "dvar": 108.096183777, "dvar2": 321.956115723, "max": 210.015548706, "mean": 10.8055763245, "median": 3.83856487274, "min": -1.17509651184, "var": 527.651489258}, "spectral_rms": {"dmean": 0.000965601531789, "dmean2": 0.00120654003695, "dvar": 1.1214500546e-06, "dvar2": 1.68795247646e-06, "max": 0.0156515818089, "mean": 0.00594987068325, "median": 0.0057257656008, "min": 3.26296238293e-12, "var": 1.0458475117e-05}, "spectral_rolloff": {"dmean": 717.157897949, "dmean2": 1083.65246582, "dvar": 2438893.75, "dvar2": 3951765.25, "max": 18992.2851562, "mean": 1671.07971191, "median": 667.529296875, "min": 43.06640625, "var": 9295092}, "spectral_skewness": {"dmean": 0.35786151886, "dmean2": 0.563465833664, "dvar": 0.362524867058, "dvar2": 1.0327732563, "max": 11.1984949112, "mean": 2.08335828781, "median": 1.70179307461, "min": 0.0308783352375, "var": 1.89411187172}, "spectral_spread": {"dmean": 660912, "dmean2": 915795.25, "dvar": 550694813696, "dvar2": 907110907904, "max": 39132148, "mean": 5584704.5, "median": 5570533.5, "min": 392733.71875, "var": 5852273573890.0}, "spectral_strongpeak": {"dmean": 0.284418016672, "dmean2": 0.445097744465, "dvar": 0.100280657411, "dvar2": 0.255182147026, "max": 5.9649810791, "mean": 0.678506731987, "median": 0.57148617506, "min": 0, "var": 0.244814917445}, "zerocrossingrate": {"dmean": 0.0162456333637, "dmean2": 0.0160145834088, "dvar": 0.000574200472329, "dvar2": 0.000512251339387, "max": 0.6923828125, "mean": 0.0659236982465, "median": 0.04248046875, "min": 0.001953125, "var": 0.00757244229317}, "barkbands": {"dmean": [0.000445481186034, 0.0109615167603, 0.00928142108023, 0.00507379928604, 0.00392301520333, 0.000645606545731, 0.00069773098221, 0.000518498243764, 0.000692376808729, 0.000422479235567, 0.000366555817891, 0.000299140025163, 0.000356727978215, 0.000288013165118, 0.000254381797276, 0.000182527684956, 0.000177424110007, 0.000141275697388, 0.000133237772388, 0.000102765698102, 0.000108320651634, 9.03383261175e-05, 0.00010817690054, 0.000164451994351, 0.00017956989177, 0.000127386534587, 3.61794045602e-05], "dmean2": [0.000652853457723, 0.0141245191917, 0.0151531752199, 0.00880055129528, 0.00727613735944, 0.0010484730592, 0.00104636605829, 0.000813615799416, 0.00115757342428, 0.000686681829393, 0.000613612879533, 0.00050350278616, 0.000616832403466, 0.000500400958117, 0.000438060349552, 0.000318784703268, 0.000306615256704, 0.000251027318882, 0.000235642073676, 0.000180622926564, 0.000188908918062, 0.000150459527504, 0.000171197403688, 0.000266725954134, 0.000267344352324, 0.000177325899131, 4.92771068821e-05], "dvar": [7.850138104e-07, 0.00045140858856, 0.000521184760146, 0.000154144741828, 0.000121593788208, 9.30498913476e-07, 1.01700845789e-06, 6.17140301529e-07, 1.27140810946e-06, 3.82130281196e-07, 2.97177450648e-07, 1.87238285321e-07, 3.21415058124e-07, 3.23262668189e-07, 1.36979579679e-07, 7.92245842263e-08, 7.45082857634e-08, 6.64367547643e-08, 6.10226464914e-08, 4.17952357168e-08, 6.26456042596e-08, 2.56185632708e-08, 4.31884821239e-08, 1.7745261971e-07, 2.21969088443e-07, 1.28125336119e-07, 1.23390861972e-08], "dvar2": [1.85369344763e-06, 0.000606012472417, 0.00128326553386, 0.00040967395762, 0.00034717208473, 2.33204309552e-06, 2.17460433305e-06, 1.37074414397e-06, 3.34583182848e-06, 9.01444650481e-07, 7.65938409586e-07, 4.95515621424e-07, 8.82458891738e-07, 8.63995182954e-07, 3.69721618654e-07, 2.19607784402e-07, 2.05478727366e-07, 1.85318214108e-07, 1.68943415702e-07, 1.16122649274e-07, 1.73741312892e-07, 6.5405281191e-08, 9.98439091404e-08, 4.49512526757e-07, 4.81940389818e-07, 2.32409774981e-07, 2.10448636295e-08], "max": [0.00965838227421, 0.214124977589, 0.195990920067, 0.117990911007, 0.0898053050041, 0.0151806790382, 0.0243534725159, 0.0190302003175, 0.0142561122775, 0.014274247922, 0.0101475091651, 0.00473965751007, 0.00716034788638, 0.0254595801234, 0.00566821079701, 0.00468202168122, 0.00435685785487, 0.00234026857652, 0.00282654492185, 0.00227092765272, 0.00317934784107, 0.00204024626873, 0.00389757379889, 0.00596134224907, 0.0093197543174, 0.00383767206222, 0.00131672504358], "mean": [0.000606452813372, 0.0200245957822, 0.00922643765807, 0.00537317479029, 0.00329100945964, 0.000923875079025, 0.00139453506563, 0.000765036151279, 0.000871396390721, 0.000548193987925, 0.00043931682012, 0.000359330268111, 0.000423524790676, 0.000348118133843, 0.000362709222827, 0.000233251266764, 0.00025221236865, 0.000160463096108, 0.000155560410349, 0.000127987470478, 0.000140277697938, 0.000140918709803, 0.000159729082952, 0.000204884461709, 0.000256155093666, 0.000171615945874, 4.54347791674e-05], "median": [6.71886373311e-05, 0.00322812306695, 0.00133432890289, 0.000858647224959, 0.0011595513206, 0.000519980443642, 0.000676064926665, 0.000386671279557, 0.000420144497184, 0.00031169335125, 0.000264573202003, 0.000206753305974, 0.000254373124335, 0.000203513336601, 0.000209305348108, 0.000137778493809, 0.000143080673297, 9.18138393899e-05, 9.11166644073e-05, 7.38947128411e-05, 6.26740365988e-05, 6.38780838926e-05, 6.83418984408e-05, 6.52056696708e-05, 6.21259532636e-05, 4.05858118029e-05, 4.02575324188e-06], "min": [3.65646495901e-23, 1.39667555057e-23, 1.09211244782e-23, 3.23794663866e-24, 2.23610133541e-23, 3.32246503827e-23, 3.33336394054e-23, 8.52532456345e-23, 8.40479987e-23, 6.18590769301e-23, 1.13746421904e-22, 8.80184870972e-23, 1.01312737103e-22, 2.23057779446e-22, 8.16795100964e-23, 1.45905706168e-22, 1.27544204981e-22, 2.75636179194e-22, 4.30150983167e-22, 3.66384869708e-22, 5.23186133372e-22, 4.06120058561e-22, 8.32498014682e-22, 8.55477116332e-22, 1.14113705444e-21, 1.75774951205e-21, 2.38021342431e-21], "var": [1.55900602294e-06, 0.00131436518859, 0.000454989494756, 0.000140820600791, 7.14197740308e-05, 1.35872789997e-06, 4.65169478048e-06, 1.28232181851e-06, 1.60162971952e-06, 5.85316797697e-07, 3.08510266223e-07, 2.00974383802e-07, 3.09521198005e-07, 3.08385835979e-07, 2.30852648997e-07, 9.74817879751e-08, 1.08935495291e-07, 5.19423934975e-08, 5.00695342964e-08, 3.43487656096e-08, 5.83001806831e-08, 3.82185163517e-08, 6.96990767324e-08, 1.92153507328e-07, 3.49270038669e-07, 2.03591994818e-07, 2.15815418869e-08]}, "erbbands": {"dmean": [0.305428236723, 2.87691116333, 9.49259090424, 13.5593948364, 15.9553251266, 11.1925230026, 5.70398616791, 5.56364965439, 9.34060287476, 11.6088905334, 10.7548303604, 16.5725231171, 14.4127340317, 10.5981864929, 15.4311637878, 11.8092041016, 15.8385877609, 16.8381443024, 12.1470556259, 12.0651731491, 9.845246315, 9.00022411346, 7.66672277451, 8.29390907288, 5.16021633148, 5.22676944733, 4.03705501556, 4.35741472244, 3.29935193062, 3.26519203186, 3.20356750488, 3.35254430771, 2.75294780731, 2.25883316994, 1.13851320744, 0.626771330833, 0.194481953979, 0.0553026944399, 0.00746827293187, 0.000233225917327], "dmean2": [0.348973929882, 3.64277625084, 14.4623069763, 22.5228328705, 28.3712673187, 20.519487381, 9.73832893372, 9.16340923309, 14.1795978546, 17.7071304321, 17.3180770874, 27.3971633911, 23.9918575287, 17.0677967072, 25.8072013855, 19.8613796234, 27.2870998383, 29.463262558, 20.8238792419, 20.7217159271, 17.1897544861, 15.5972709656, 13.5318546295, 14.8286495209, 9.02440261841, 9.19821166992, 6.88616085052, 7.73765134811, 5.59787654877, 5.28472280502, 5.13097953796, 5.48758792877, 4.4424405098, 3.45167636871, 1.69039046764, 0.895116448402, 0.271736830473, 0.0755625292659, 0.0102288667113, 0.000331364717567], "dvar": [0.262443125248, 32.8430137634, 492.916717529, 967.746276855, 1948.16223145, 832.685974121, 90.7468414307, 67.2523269653, 199.920791626, 337.47064209, 253.165267944, 695.31451416, 539.942321777, 230.240264893, 485.645019531, 291.052124023, 625.968139648, 1162.26599121, 286.105712891, 347.067779541, 237.843536377, 187.213745117, 167.077346802, 262.433166504, 86.7425460815, 109.765464783, 64.2036972046, 98.2061157227, 38.8122558594, 33.5650978088, 36.4117164612, 73.4456253052, 46.4654121399, 35.9307250977, 8.47555446625, 3.0260591507, 0.281260728836, 0.0273011568934, 0.000575372076128, 5.60382829917e-07], "dvar2": [0.389330476522, 44.4135284424, 1119.41723633, 2451.55834961, 5377.60302734, 2373.94702148, 253.181640625, 171.628509521, 453.40322876, 733.950195312, 610.646911621, 1772.70324707, 1345.29956055, 532.405090332, 1251.70617676, 791.186889648, 1716.6739502, 3123.25927734, 788.758117676, 919.249755859, 652.569519043, 515.062744141, 464.476745605, 739.843994141, 233.503936768, 306.002410889, 169.614578247, 276.231842041, 101.514503479, 84.3404846191, 85.0392379761, 192.605834961, 111.266014099, 77.3825454712, 19.1153259277, 5.50262308121, 0.514171421528, 0.0508792884648, 0.0010319763096, 1.09920756586e-06], "max": [9.47434329987, 48.1839790344, 195.186340332, 295.318328857, 389.353302002, 328.947296143, 107.305168152, 134.059173584, 377.278961182, 458.004516602, 337.519958496, 392.075866699, 565.209350586, 502.342102051, 327.39630127, 225.368392944, 342.167724609, 1481.14929199, 225.745895386, 333.55557251, 239.07131958, 182.96836853, 118.073196411, 144.657241821, 106.2241745, 110.975021362, 94.7991714478, 122.28440094, 59.2877960205, 78.9039916992, 121.554084778, 120.553726196, 143.828033447, 133.71333313, 48.1298904419, 19.4785823822, 5.8486084938, 1.87046504021, 0.282241761684, 0.0102790575475], "mean": [0.587593853474, 4.4296040535, 10.5155668259, 15.4441738129, 14.6541099548, 10.1764745712, 7.42742776871, 8.07401752472, 17.88306427, 20.5251750946, 15.5940628052, 22.0718898773, 16.8541412354, 15.3264570236, 19.5764427185, 15.4444570541, 19.710521698, 19.5595588684, 18.069185257, 17.0490188599, 13.1576719284, 12.7783231735, 9.62790298462, 9.07364845276, 6.55637550354, 6.50283670425, 5.62568473816, 5.3380689621, 4.91167259216, 4.89713191986, 4.58494853973, 4.20969629288, 3.54354476929, 3.0822968483, 1.62570357323, 0.841278612614, 0.277667790651, 0.0716054290533, 0.00895003974438, 0.000304596323986], "median": [0.0905145555735, 0.741899073124, 2.42890357971, 3.39066052437, 3.32522845268, 4.08981227875, 4.33158493042, 4.62727975845, 8.25529766083, 10.254442215, 8.20142650604, 10.7459192276, 8.87410259247, 9.89067745209, 12.5581293106, 9.69543743134, 12.4074249268, 11.3630275726, 11.3165388107, 9.64112949371, 8.07381153107, 7.67143678665, 5.88657236099, 5.12419366837, 3.93883275986, 3.80099129677, 2.7134077549, 2.3761844635, 2.15939092636, 2.21675610542, 1.87489414215, 1.4693646431, 1.05107724667, 0.751805067062, 0.407590270042, 0.194236934185, 0.0654205009341, 0.012273860164, 0.00057375128381, 7.84031581134e-05], "min": [7.79945691519e-22, 2.37666034431e-21, 1.03017784346e-20, 1.30522824105e-20, 4.0294517034e-20, 5.96976958938e-20, 1.94876320617e-19, 2.41819453689e-19, 5.04369862987e-19, 4.44698914753e-19, 2.50555819956e-18, 2.43438096221e-18, 1.60003727575e-18, 4.82130491833e-18, 2.71652565171e-18, 3.87979843254e-18, 4.96319658547e-18, 9.54478083997e-18, 5.75223714075e-18, 6.08572038138e-18, 8.28892959139e-18, 8.57622844328e-18, 1.51162757082e-17, 1.80069791271e-17, 1.7881700969e-17, 1.86306352586e-17, 2.55204012516e-17, 1.39265831921e-17, 1.4296136057e-17, 1.88250425549e-17, 2.39007882297e-17, 1.66138051435e-17, 1.49611280581e-17, 1.15618682083e-17, 9.01446046001e-18, 5.964787403e-18, 4.02050144115e-18, 1.29571173813e-18, 3.44156843207e-19, 3.17107927317e-20], "var": [1.03112590313, 78.5378341675, 527.46673584, 936.976745605, 1353.73083496, 510.469268799, 87.1513748169, 96.2549362183, 844.20526123, 930.340087891, 460.892425537, 1049.2019043, 621.046875, 389.950744629, 524.344665527, 329.97555542, 630.708374023, 1018.72747803, 473.196807861, 577.61706543, 269.790313721, 248.234649658, 150.763473511, 191.067718506, 83.2057495117, 88.9081878662, 79.7268066406, 81.8702850342, 49.1474075317, 52.3031692505, 57.4096908569, 75.855758667, 57.160068512, 54.4315719604, 13.260848999, 4.72030496597, 0.484934419394, 0.0427558906376, 0.000939739344176, 8.10632059256e-07]}, "gfcc": {"mean": [-20.6162967682, 83.9369430542, -95.8608551025, 14.3810071945, -45.1933364868, 19.0491161346, -35.991268158, 9.87767124176, -19.753238678, 4.82031726837, -16.9239044189, -0.40319737792, -13.5713911057], "cov": [[31116.3710938, -2589.21508789, 1876.77355957, 3687.8269043, -1146.64099121, 1184.10229492, -454.589416504, 645.579589844, -1121.53625488, 128.402877808, -509.681732178, 405.766815186, -601.586853027], [-2589.21508789, 3663.02514648, -550.911682129, -573.146850586, 490.230438232, -628.62713623, 105.416381836, -320.956756592, 306.785736084, -265.609832764, 241.388931274, -243.67930603, 150.021652222], [1876.77355957, -550.911682129, 1370.4934082, 906.753601074, 167.022979736, 475.09854126, 225.523880005, 164.121841431, -71.4184875488, 47.3828468323, -6.54344892502, 58.0543289185, -75.9582290649], [3687.8269043, -573.146850586, 906.753601074, 1220.44262695, 119.763114929, 507.673156738, 163.948638916, 196.56338501, -128.691894531, 55.7080421448, -23.9501953125, 81.1949768066, -73.1760406494], [-1146.64099121, 490.230438232, 167.022979736, 119.763114929, 396.084991455, 70.2292404175, 186.211349487, 5.9892950058, 121.320907593, -23.7750339508, 78.872177124, -37.1131515503, 37.5730438232], [1184.10229492, -628.62713623, 475.09854126, 507.673156738, 70.2292404175, 500.186767578, 118.732559204, 152.68196106, -37.8509788513, 79.5633392334, -50.1013031006, 60.8406524658, -45.8235549927], [-454.589416504, 105.416381836, 225.523880005, 163.948638916, 186.211349487, 118.732559204, 200.46244812, 63.7180709839, 68.4018936157, 15.4486637115, 54.1159706116, 9.20584487915, 21.4415645599], [645.579589844, -320.956756592, 164.121841431, 196.56338501, 5.9892950058, 152.68196106, 63.7180709839, 130.953689575, 14.6683712006, 61.0199050903, -1.92488718033, 41.009979248, -20.2714500427], [-1121.53625488, 306.785736084, -71.4184875488, -128.691894531, 121.320907593, -37.8509788513, 68.4018936157, 14.6683712006, 162.291030884, 41.0993347168, 76.6235580444, -11.1860847473, 50.289100647], [128.402877808, -265.609832764, 47.3828468323, 55.7080421448, -23.7750339508, 79.5633392334, 15.4486637115, 61.0199050903, 41.0993347168, 96.1822280884, 27.2715072632, 45.5503158569, 4.81720972061], [-509.681732178, 241.388931274, -6.54344892502, -23.9501953125, 78.872177124, -50.1013031006, 54.1159706116, -1.92488718033, 76.6235580444, 27.2715072632, 100.172149658, 22.0134887695, 46.8598327637], [405.766815186, -243.67930603, 58.0543289185, 81.1949768066, -37.1131515503, 60.8406524658, 9.20584487915, 41.009979248, -11.1860847473, 45.5503158569, 22.0134887695, 84.5414962769, 13.4175806046], [-601.586853027, 150.021652222, -75.9582290649, -73.1760406494, 37.5730438232, -45.8235549927, 21.4415645599, -20.2714500427, 50.289100647, 4.81720972061, 46.8598327637, 13.4175806046, 75.6240692139]], "icov": [[9.45714054978e-05, -9.26808061195e-05, 4.07289298892e-05, -0.000316893827403, 0.000185598095413, 7.01828321326e-05, 0.000226355216, -0.000323022424709, 0.000256999919657, -0.000100803175883, 0.000165663223015, -0.00027645015507, 0.000251908408245], [-9.26808061195e-05, 0.00091933173826, 0.00014852147433, 1.26101758724e-05, -0.000204510026379, 7.35762587283e-05, -0.000217545879423, 0.00120873330161, -0.00185864418745, 0.00253850803711, -0.00195631175302, 0.00113649072591, 0.00021707866108], [4.07289298892e-05, 0.00014852147433, 0.00175805692561, -0.00113923358731, 0.000275210069958, -0.000466984929517, -0.00115037953947, 0.000733459251933, -0.000269517215202, 0.00059301557485, -0.0007193441852, -4.27251397923e-05, 0.00139067345299], [-0.000316893827403, 1.26101758724e-05, -0.00113923358731, 0.00374649604782, -0.00154658278916, -0.00144365278538, -1.34964539029e-05, -0.00155617122073, 0.00279933353886, -0.000503727642354, -0.00196035858244, 0.00123514607549, -0.00141848134808], [0.000185598095413, -0.000204510026379, 0.000275210069958, -0.00154658278916, 0.00786621216685, -0.00147307349835, -0.00403580116108, 0.00225997250527, -0.00464737834409, 0.0043824496679, -0.00224896054715, 0.00102261849679, 0.00163466413505], [7.01828321326e-05, 7.35762587283e-05, -0.000466984929517, -0.00144365278538, -0.00147307349835, 0.00646289810538, -0.00163260335103, -0.00138739112299, 0.000420537777245, -0.00444284966215, 0.00659509282559, -0.00206387834623, -0.00043169001583], [0.000226355216, -0.000217545879423, -0.00115037953947, -1.34964539029e-05, -0.00403580116108, -0.00163260335103, 0.015146269463, -0.00757673382759, 0.000252231111517, 0.003698956687, -0.00479474430904, 7.61275296099e-05, -0.00169163872488], [-0.000323022424709, 0.00120873330161, 0.000733459251933, -0.00155617122073, 0.00225997250527, -0.00138739112299, -0.00757673382759, 0.0233699046075, -0.00905717071146, -0.00313759827986, 0.00314722838812, -0.00371883367188, 0.00564497290179], [0.000256999919657, -0.00185864418745, -0.000269517215202, 0.00279933353886, -0.00464737834409, 0.000420537777245, 0.000252231111517, -0.00905717071146, 0.0266339555383, -0.0160363428295, -0.00430600484833, 0.00733977090567, -0.00708976993337], [-0.000100803175883, 0.00253850803711, 0.00059301557485, -0.000503727642354, 0.0043824496679, -0.00444284966215, 0.003698956687, -0.00313759827986, -0.0160363428295, 0.0364259779453, -0.0133459838107, -0.00494905142114, 0.0050026779063], [0.000165663223015, -0.00195631175302, -0.0007193441852, -0.00196035858244, -0.00224896054715, 0.00659509282559, -0.00479474430904, 0.00314722838812, -0.00430600484833, -0.0133459838107, 0.0352031961083, -0.0123875048012, -0.00600595679134], [-0.00027645015507, 0.00113649072591, -4.27251397923e-05, 0.00123514607549, 0.00102261849679, -0.00206387834623, 7.61275296099e-05, -0.00371883367188, 0.00733977090567, -0.00494905142114, -0.0123875048012, 0.0271015763283, -0.00777683360502], [0.000251908408245, 0.00021707866108, 0.00139067345299, -0.00141848134808, 0.00163466413505, -0.00043169001583, -0.00169163872488, 0.00564497290179, -0.00708976993337, 0.0050026779063, -0.00600595679134, -0.00777683360502, 0.0252371821553]]}, "melbands": {"dmean": [0.0029030519072, 0.00409678323194, 0.00217413995415, 0.00101897551212, 0.000236611449509, 0.000122773257317, 0.000141747412272, 0.000123513775179, 9.52491463977e-05, 0.000101134632132, 7.15120113455e-05, 4.34310750279e-05, 5.59403706575e-05, 3.61263555533e-05, 2.94509773084e-05, 3.64565530617e-05, 3.16822479363e-05, 1.93108280655e-05, 1.79914368346e-05, 1.48012395584e-05, 1.17891604532e-05, 9.82429355645e-06, 8.55701182445e-06, 6.81688561599e-06, 7.06492937752e-06, 4.60725595985e-06, 3.36589846484e-06, 3.51556468559e-06, 2.46431886808e-06, 2.79618575405e-06, 2.47474235948e-06, 1.93604205379e-06, 1.80638562597e-06, 1.91600861399e-06, 1.95315897145e-06, 1.76367905169e-06, 2.40578128796e-06, 2.05294963962e-06, 1.95024540517e-06, 1.83590327651e-06], "dmean2": [0.00337431416847, 0.00544295134023, 0.00343014951795, 0.00186911399942, 0.000412391411373, 0.000200330017833, 0.000212890881812, 0.000189570113434, 0.000155293382704, 0.000168111917446, 0.000118924799608, 6.98215008015e-05, 9.34958297876e-05, 6.11399445916e-05, 4.98186782352e-05, 6.41201622784e-05, 5.53607169422e-05, 3.30084112647e-05, 3.12120610033e-05, 2.54552687693e-05, 2.0708403099e-05, 1.70370603882e-05, 1.49464403876e-05, 1.2160145161e-05, 1.27040420921e-05, 8.17900217953e-06, 5.92301103097e-06, 6.18523063167e-06, 4.19879188485e-06, 4.92443950861e-06, 4.40019039161e-06, 3.36533798873e-06, 2.89834656542e-06, 3.11929693453e-06, 3.17848889608e-06, 2.81670941149e-06, 4.0982581595e-06, 3.37547612617e-06, 3.02411967823e-06, 2.79397636405e-06], "dvar": [2.4446304451e-05, 6.98203657521e-05, 2.21744994633e-05, 8.22733181849e-06, 1.8935980961e-07, 3.25216333863e-08, 4.42387388944e-08, 3.84954361721e-08, 2.00492777935e-08, 2.67825139844e-08, 1.30676651722e-08, 4.08813116692e-09, 6.93616097891e-09, 2.70205657849e-09, 2.0693282643e-09, 3.64757424265e-09, 4.77666484144e-09, 7.20895787509e-10, 7.98755228626e-10, 5.17955567325e-10, 3.79596021283e-10, 2.16172163503e-10, 2.06689110271e-10, 1.57118568156e-10, 1.95842772555e-10, 9.41717537284e-11, 3.98935155743e-11, 4.85003565087e-11, 1.94288630323e-11, 6.35116542691e-11, 2.52925857341e-11, 1.40165977783e-11, 9.18098236324e-12, 1.32148242002e-11, 1.30025825176e-11, 1.39210119127e-11, 5.25575555299e-11, 2.72364630849e-11, 2.47414814331e-11, 2.18544019687e-11], "dvar2": [3.18228485412e-05, 0.000131547974888, 5.032939589e-05, 2.32842849073e-05, 5.37770347364e-07, 8.21004420004e-08, 9.701674486e-08, 8.44543777134e-08, 5.0182578093e-08, 6.93783093197e-08, 3.24621822756e-08, 9.40061983812e-09, 1.77976406945e-08, 7.17684756069e-09, 5.73994096698e-09, 1.00312123053e-08, 1.27939712158e-08, 2.00636307568e-09, 2.14955653277e-09, 1.41845035717e-09, 1.04546804547e-09, 5.935741898e-10, 5.77073056007e-10, 4.38113711976e-10, 5.54574886014e-10, 2.6188598512e-10, 1.10498298012e-10, 1.35168223836e-10, 5.04177602445e-11, 1.79151679602e-10, 7.05888264507e-11, 3.78937124734e-11, 2.19425224518e-11, 3.41653511038e-11, 3.20688926803e-11, 3.08624896472e-11, 1.44876000086e-10, 6.70721950202e-11, 5.61745164274e-11, 4.51935641688e-11], "max": [0.0709827169776, 0.0785358995199, 0.0456800237298, 0.0242533683777, 0.00577623257414, 0.0029286199715, 0.00569748692214, 0.00439808703959, 0.00277325767092, 0.00233545457013, 0.00278219114989, 0.00221831910312, 0.00146667426452, 0.00046789998305, 0.000921318365727, 0.000676144321915, 0.00324875744991, 0.000369214947568, 0.000422028359026, 0.00044143179548, 0.000286056339974, 0.00020452143508, 0.000291508273222, 0.000112338268082, 0.000126670682221, 0.000119827556773, 6.42907107249e-05, 7.74636355345e-05, 5.92592623434e-05, 0.000103782869701, 5.39184984518e-05, 3.31667797582e-05, 5.17818589287e-05, 4.92706894875e-05, 5.60339103686e-05, 9.03925101738e-05, 0.000108490829007, 9.33467745199e-05, 9.71749977907e-05, 0.000112008063297], "mean": [0.00542194815353, 0.00575127964839, 0.00273610558361, 0.000887361238711, 0.000293722638162, 0.00017755155568, 0.000276569509879, 0.000210657221032, 0.000131942899316, 0.000130867338157, 8.13342485344e-05, 6.10309361946e-05, 6.77033822285e-05, 4.35947804363e-05, 4.00898461521e-05, 4.13548805227e-05, 3.57442659151e-05, 2.81059838017e-05, 2.4305532861e-05, 2.02514638659e-05, 1.46526399476e-05, 1.35740174301e-05, 1.12321386041e-05, 7.41886560718e-06, 7.41443045627e-06, 5.37885534868e-06, 4.10936718254e-06, 4.27331406172e-06, 3.45216130881e-06, 3.33812408826e-06, 2.98712848235e-06, 2.69257816399e-06, 2.82113319372e-06, 2.68281110039e-06, 2.64767322733e-06, 2.50048287853e-06, 2.70001578428e-06, 2.49275421993e-06, 2.59320199802e-06, 2.50936204793e-06], "median": [0.000869484152645, 0.0015136920847, 0.000635137897916, 0.000298085302347, 0.00017019524239, 0.00010028937686, 0.000129768435727, 0.00010887235112, 6.74474649713e-05, 6.32599840173e-05, 4.11766668549e-05, 3.7834077375e-05, 4.09642234445e-05, 2.652853982e-05, 2.6459018045e-05, 2.46470463026e-05, 1.96751370822e-05, 1.77767142304e-05, 1.34065221573e-05, 1.16436185635e-05, 8.51286313264e-06, 7.83831455919e-06, 6.26887913313e-06, 4.14315218222e-06, 3.86099054595e-06, 3.01821728499e-06, 2.35742936638e-06, 2.45256637754e-06, 1.64950733961e-06, 1.48168840042e-06, 1.30460557557e-06, 1.23047652778e-06, 1.19674632515e-06, 1.20064316889e-06, 1.09724817321e-06, 9.23717607293e-07, 8.70701512667e-07, 7.38230085062e-07, 6.5000460836e-07, 6.28913142009e-07], "min": [8.14016969514e-24, 4.66507214128e-24, 2.88201180936e-24, 3.79903381826e-24, 5.64123820768e-24, 6.39333346156e-24, 7.57746022309e-24, 5.91551488924e-24, 1.9702089831e-23, 1.50207225844e-23, 6.62273500165e-24, 1.80607116787e-23, 1.0829776752e-23, 7.38553588687e-24, 1.50134666418e-23, 9.08806180341e-24, 2.00638977297e-23, 1.14052255388e-23, 6.15473222558e-24, 1.05615593111e-23, 9.11709740675e-24, 7.97800434771e-24, 1.28355234456e-23, 1.29464743653e-23, 1.47614539816e-23, 1.61501300093e-23, 1.13262321632e-23, 1.20973847188e-23, 1.56274339289e-23, 1.3893910512e-23, 6.13177992311e-24, 7.22812894843e-24, 9.33826797216e-24, 1.17414625113e-23, 1.39014125792e-23, 1.21784819865e-23, 1.00923196011e-23, 9.81042173432e-24, 1.08965696048e-23, 9.35413512041e-24], "var": [8.9077904704e-05, 0.000120222728583, 2.65104754362e-05, 5.06196329297e-06, 1.53952527171e-07, 4.8013088616e-08, 1.97676911284e-07, 9.6495689661e-08, 3.26489875135e-08, 3.67796104683e-08, 1.51016887884e-08, 6.99998148335e-09, 7.2581607391e-09, 2.7802316005e-09, 2.41647457599e-09, 3.13611070446e-09, 4.14713907659e-09, 1.14777654048e-09, 1.19222520745e-09, 7.80429221248e-10, 3.8820177628e-10, 2.97442681596e-10, 2.48851883544e-10, 1.1867112848e-10, 1.40533432114e-10, 7.49932199673e-11, 3.39643382863e-11, 3.96262779534e-11, 2.81351695414e-11, 4.84843623583e-11, 2.22741720901e-11, 1.51910862362e-11, 1.71532111432e-11, 1.74888905441e-11, 1.80207324757e-11, 2.48514819834e-11, 4.35781237484e-11, 2.99446197005e-11, 3.53564087729e-11, 3.54818535664e-11]}, "mfcc": {"mean": [-659.230834961, 120.171630859, 11.5264606476, 7.68552446365, 12.1798524857, 8.18562698364, 1.31031787395, 3.84228134155, 2.74314880371, 3.67243671417, 1.95024383068, 0.886484324932, 0.284300297499], "cov": [[14514.3789062, -1216.94519043, 824.24041748, 1020.83117676, 235.020706177, 269.546234131, 418.57220459, 289.240081787, -63.6735839844, -132.709823608, -8.94143390656, -13.0221233368, -166.188568115], [-1216.94519043, 2353.6418457, -32.6762924194, 34.9821243286, 184.290176392, -83.9689559937, -148.316299438, -48.0044326782, -62.1089096069, -67.3037109375, -32.1248283386, 58.3810577393, 47.7803153992], [824.24041748, -32.6762924194, 734.748352051, 333.583740234, 205.601501465, 241.525085449, 212.068481445, 152.061630249, 74.7955780029, 45.8197784424, 64.7851638794, 38.6588172913, -14.5410604477], [1020.83117676, 34.9821243286, 333.583740234, 402.086273193, 199.53187561, 189.315093994, 187.470794678, 131.459228516, 58.2343788147, 32.4133110046, 47.6579208374, 43.0072059631, 6.11512565613], [235.020706177, 184.290176392, 205.601501465, 199.53187561, 233.560379028, 184.139083862, 123.402275085, 96.7305450439, 63.6813545227, 49.4676551819, 41.3060035706, 34.8710289001, 15.4875307083], [269.546234131, -83.9689559937, 241.525085449, 189.315093994, 184.139083862, 276.444793701, 189.097076416, 135.131591797, 89.0621414185, 68.6222000122, 53.3484306335, 28.4792995453, 14.3232812881], [418.57220459, -148.316299438, 212.068481445, 187.470794678, 123.402275085, 189.097076416, 207.88230896, 137.508407593, 71.5495300293, 49.8002891541, 42.7410011292, 25.9712696075, 3.79409980774], [289.240081787, -48.0044326782, 152.061630249, 131.459228516, 96.7305450439, 135.131591797, 137.508407593, 139.884796143, 69.3003158569, 46.1996040344, 40.9377784729, 29.4122924805, 10.3006229401], [-63.6735839844, -62.1089096069, 74.7955780029, 58.2343788147, 63.6813545227, 89.0621414185, 71.5495300293, 69.3003158569, 88.8190155029, 63.7461929321, 37.9448356628, 21.9616584778, 20.2981681824], [-132.709823608, -67.3037109375, 45.8197784424, 32.4133110046, 49.4676551819, 68.6222000122, 49.8002891541, 46.1996040344, 63.7461929321, 89.4347076416, 50.2592391968, 26.1153373718, 22.6047515869], [-8.94143390656, -32.1248283386, 64.7851638794, 47.6579208374, 41.3060035706, 53.3484306335, 42.7410011292, 40.9377784729, 37.9448356628, 50.2592391968, 66.2332000732, 42.5061302185, 22.3995628357], [-13.0221233368, 58.3810577393, 38.6588172913, 43.0072059631, 34.8710289001, 28.4792995453, 25.9712696075, 29.4122924805, 21.9616584778, 26.1153373718, 42.5061302185, 64.901222229, 39.6752281189], [-166.188568115, 47.7803153992, -14.5410604477, 6.11512565613, 15.4875307083, 14.3232812881, 3.79409980774, 10.3006229401, 20.2981681824, 22.6047515869, 22.3995628357, 39.6752281189, 60.0015907288]], "icov": [[0.00010073366866, 6.84893602738e-05, -2.11322117138e-06, -0.0003147663665, 1.30216139951e-05, 4.36978771177e-05, 0.000118125361041, -0.000215357955312, 0.000225457493798, 9.0765162895e-05, 8.62962479005e-05, -9.33759001782e-05, 0.000190805498278], [6.84893602738e-05, 0.000681623117998, -1.41170448842e-05, -0.000121750519611, -0.00131224351935, 0.000500921800267, 0.000947853201069, -0.000666468462441, 0.000491673999932, 0.000380254263291, 0.000605407636613, -0.000751472485717, -0.000109181717562], [-2.11322117138e-06, -1.41170448842e-05, 0.0025177760981, -0.00132150005084, -8.6160027422e-05, -0.000939589866903, -0.000234801787883, -9.25450003706e-05, -0.000243281232542, 0.0006476623239, -0.00110734603368, -0.000423488847446, 0.001559227705], [-0.0003147663665, -0.000121750519611, -0.00132150005084, 0.00764592317864, -0.00409263093024, 0.00165179686155, -0.00441086059436, 0.000445747835329, -0.00010631463374, 0.00156400038395, -0.000922795152292, -0.000738373724744, -0.000730417552404], [1.30216139951e-05, -0.00131224351935, -8.6160027422e-05, -0.00409263093024, 0.0148858577013, -0.00826126988977, 0.00231020897627, 0.000182785151992, -0.00128848012537, -0.00244259135798, 0.00145384238567, -0.00187269831076, 0.00148121325765], [4.36978771177e-05, 0.000500921800267, -0.000939589866903, 0.00165179686155, -0.00826126988977, 0.0161163862795, -0.00907681230456, -0.000464659999125, -0.00178330449853, -6.8542030931e-05, -0.00233032787219, 0.0042537371628, -0.00304869259708], [0.000118125361041, 0.000947853201069, -0.000234801787883, -0.00441086059436, 0.00231020897627, -0.00907681230456, 0.0247583705932, -0.0135834105313, 0.00150869693607, -0.0010509963613, 0.00261688791215, -0.00221155909821, 0.00267282756977], [-0.000215357955312, -0.000666468462441, -9.25450003706e-05, 0.000445747835329, 0.000182785151992, -0.000464659999125, -0.0135834105313, 0.026324596256, -0.0106249526143, 0.00263692531735, -0.00236971047707, -0.00308299157768, 0.0017940037651], [0.000225457493798, 0.000491673999932, -0.000243281232542, -0.00010631463374, -0.00128848012537, -0.00178330449853, 0.00150869693607, -0.0106249526143, 0.0336790047586, -0.0171368047595, 0.00211721332744, 0.00249283388257, -0.00470439251512], [9.0765162895e-05, 0.000380254263291, 0.0006476623239, 0.00156400038395, -0.00244259135798, -6.8542030931e-05, -0.0010509963613, 0.00263692531735, -0.0171368047595, 0.0333470068872, -0.0188828129321, 0.00548831466585, -0.00313878781162], [8.62962479005e-05, 0.000605407636613, -0.00110734603368, -0.000922795152292, 0.00145384238567, -0.00233032787219, 0.00261688791215, -0.00236971047707, 0.00211721332744, -0.0188828129321, 0.0453703030944, -0.0258163623512, 0.00653581088409], [-9.33759001782e-05, -0.000751472485717, -0.000423488847446, -0.000738373724744, -0.00187269831076, 0.0042537371628, -0.00221155909821, -0.00308299157768, 0.00249283388257, 0.00548831466585, -0.0258163623512, 0.0464903078973, -0.0235649049282], [0.000190805498278, -0.000109181717562, 0.001559227705, -0.000730417552404, 0.00148121325765, -0.00304869259708, 0.00267282756977, 0.0017940037651, -0.00470439251512, -0.00313878781162, 0.00653581088409, -0.0235649049282, 0.0335184149444]]}, "spectral_contrast_coeffs": {"dmean": [0.0551212839782, 0.046436894685, 0.0351853519678, 0.0278243776411, 0.0194087382406, 0.0162124279886], "dmean2": [0.0845453962684, 0.0749860331416, 0.0585987195373, 0.0464981682599, 0.0326738134027, 0.0273803435266], "dvar": [0.00249734893441, 0.00136190967169, 0.000769036763813, 0.000477877387311, 0.000271498516668, 0.000230069330428], "dvar2": [0.00548281660303, 0.00351212313399, 0.00206761946902, 0.00130145449657, 0.000731899461243, 0.000634480617009], "max": [-0.311537176371, -0.489625483751, -0.529475748539, -0.588369369507, -0.586934804916, -0.681156516075], "mean": [-0.626641273499, -0.764017939568, -0.795271337032, -0.808573007584, -0.815122842789, -0.81010478735], "median": [-0.628023743629, -0.767968416214, -0.797022521496, -0.814589858055, -0.822937846184, -0.80548119545], "min": [-0.982132911682, -0.986763656139, -0.965308487415, -0.962900161743, -0.959086358547, -0.965598285198], "var": [0.00989046879113, 0.0043135760352, 0.00281783961691, 0.00204725167714, 0.00202425918542, 0.00109060329851]}, "spectral_contrast_valleys": {"dmean": [0.415498733521, 0.463829040527, 0.447809755802, 0.407800495625, 0.426549077034, 0.419235795736], "dmean2": [0.652488589287, 0.727629482746, 0.691241085529, 0.633017063141, 0.649928629398, 0.627776503563], "dvar": [0.159624055028, 0.168683484197, 0.171623393893, 0.17016158998, 0.272216618061, 0.276463508606], "dvar2": [0.315834999084, 0.37131896615, 0.368891596794, 0.37741792202, 0.606657207012, 0.614509403706], "max": [-5.22622299194, -4.65327310562, -5.18421316147, -5.53938674927, -5.45481824875, -7.40111017227], "mean": [-7.49170732498, -6.83086204529, -7.30409622192, -7.63536214828, -8.00610637665, -10.1432008743], "median