{"lowlevel": {"average_loudness": 0.943334162235, "barkbands_crest": {"dmean": 3.71304392815, "dmean2": 6.11976289749, "dvar": 9.99842453003, "dvar2": 25.2434120178, "max": 26.5030536652, "mean": 12.780664444, "median": 11.9341917038, "min": 2.74658083916, "var": 23.8920154572}, "barkbands_flatness_db": {"dmean": 0.0344124250114, "dmean2": 0.0534297227859, "dvar": 0.00117818138096, "dvar2": 0.00260901614092, "max": 0.418318808079, "mean": 0.161407664418, "median": 0.157773554325, "min": 0.0193718597293, "var": 0.00369768566452}, "barkbands_kurtosis": {"dmean": 12.2304058075, "dmean2": 20.0318088531, "dvar": 1143.81396484, "dvar2": 2687.15161133, "max": 884.578857422, "mean": 17.9320240021, "median": 9.07924365997, "min": -1.95653855801, "var": 1442.9276123}, "barkbands_skewness": {"dmean": 1.0752196312, "dmean2": 1.68939316273, "dvar": 1.85269677639, "dvar2": 4.38501262665, "max": 25.4353847504, "mean": 3.00805091858, "median": 2.61530900002, "min": -2.97620272636, "var": 4.5174369812}, "barkbands_spread": {"dmean": 6.64041996002, "dmean2": 10.1138343811, "dvar": 85.1853637695, "dvar2": 172.82081604, "max": 118.945854187, "mean": 16.4713668823, "median": 11.7581672668, "min": 0.238748297095, "var": 244.826507568}, "dissonance": {"dmean": 0.021393796429, "dmean2": 0.0343959331512, "dvar": 0.000438030023361, "dvar2": 0.00107098487206, "max": 0.500000059605, "mean": 0.455055475235, "median": 0.463998794556, "min": 0.194016829133, "var": 0.00112864549737}, "dynamic_complexity": 3.13284635544, "erbbands_crest": {"dmean": 3.03637480736, "dmean2": 4.77433443069, "dvar": 8.84958267212, "dvar2": 19.4218292236, "max": 31.2511730194, "mean": 9.29815387726, "median": 7.90815973282, "min": 2.3181014061, "var": 26.9084072113}, "erbbands_flatness_db": {"dmean": 0.0215446110815, "dmean2": 0.0298340804875, "dvar": 0.000497908215038, "dvar2": 0.000942714978009, "max": 0.312268346548, "mean": 0.121157683432, "median": 0.113266937435, "min": 0.0443036966026, "var": 0.00221582199447}, "erbbands_kurtosis": {"dmean": 1.53894972801, "dmean2": 2.37963366508, "dvar": 7.53956604004, "dvar2": 16.1472854614, "max": 62.9136810303, "mean": 1.06713318825, "median": -0.069922208786, "min": -1.79368376732, "var": 13.7691936493}, "erbbands_skewness": {"dmean": 0.484062284231, "dmean2": 0.731640815735, "dvar": 0.24744412303, "dvar2": 0.515861988068, "max": 7.01160573959, "mean": 0.756285846233, "median": 0.692275345325, "min": -4.58789491653, "var": 0.818830192089}, "erbbands_spread": {"dmean": 13.7988119125, "dmean2": 20.4054584503, "dvar": 218.174682617, "dvar2": 480.831756592, "max": 162.856323242, "mean": 52.8590431213, "median": 49.9386291504, "min": 3.53373408318, "var": 718.081481934}, "hfc": {"dmean": 9.1228017807, "dmean2": 12.2639751434, "dvar": 158.104202271, "dvar2": 297.75592041, "max": 170.061737061, "mean": 17.1832180023, "median": 10.4194793701, "min": 1.12585250304e-16, "var": 370.385803223}, "melbands_crest": {"dmean": 3.6157450676, "dmean2": 5.98345136642, "dvar": 8.57119369507, "dvar2": 22.8241977692, "max": 31.9817409515, "mean": 16.0482673645, "median": 15.620850563, "min": 1.71801197529, "var": 23.4543685913}, "melbands_flatness_db": {"dmean": 0.0417891778052, "dmean2": 0.0639723837376, "dvar": 0.00166442373302, "dvar2": 0.00366250099614, "max": 0.553623557091, "mean": 0.258330971003, "median": 0.256251901388, "min": 0.00471840891987, "var": 0.00569669250399}, "melbands_kurtosis": {"dmean": 26.1440620422, "dmean2": 43.2592163086, "dvar": 1815.08813477, "dvar2": 4676.01220703, "max": 558.931274414, "mean": 44.3020477295, "median": 24.0610485077, "min": -1.85011518002, "var": 3385.75366211}, "melbands_skewness": {"dmean": 1.41783738136, "dmean2": 2.23722338676, "dvar": 2.54715180397, "dvar2": 6.18387746811, "max": 17.476688385, "mean": 4.43571805954, "median": 3.84937238693, "min": -0.417949289083, "var": 7.32098245621}, "melbands_spread": {"dmean": 5.92062425613, "dmean2": 9.2757101059, "dvar": 204.935745239, "dvar2": 458.70993042, "max": 256.706817627, "mean": 12.7117958069, "median": 8.28146266937, "min": 0.332095712423, "var": 351.513397217}, "pitch_salience": {"dmean": 0.0981198251247, "dmean2": 0.162594884634, "dvar": 0.007682797499, "dvar2": 0.0197399370372, "max": 0.925321877003, "mean": 0.505708754063, "median": 0.509734213352, "min": 0.0796739980578, "var": 0.0162542741746}, "silence_rate_20dB": {"dmean": 0, "dmean2": 0, "dvar": 0, "dvar2": 0, "max": 1, "mean": 1, "median": 1, "min": 1, "var": 0}, "silence_rate_30dB": {"dmean": 0.105019576848, "dmean2": 0.21007655561, "dvar": 0.0939866006374, "dvar2": 0.201552033424, "max": 1, "mean": 0.910660266876, "median": 1, "min": 0, "var": 0.0813638418913}, "silence_rate_60dB": {"dmean": 0.0281238872558, "dmean2": 0.0562577880919, "dvar": 0.0273342523724, "dvar2": 0.0612828657031, "max": 1, "mean": 0.0343477502465, "median": 0, "min": 0, "var": 0.0331677049398}, "spectral_centroid": {"dmean": 264.102935791, "dmean2": 410.752838135, "dvar": 140909.96875, "dvar2": 268907.5, "max": 11143.5507812, "mean": 884.857727051, "median": 707.237304688, "min": 132.277694702, "var": 554668.1875}, "spectral_complexity": {"dmean": 4.2527589798, "dmean2": 6.02349996567, "dvar": 29.7774562836, "dvar2": 47.7965278625, "max": 51, "mean": 12.60633564, "median": 11, "min": 0, "var": 76.2906570435}, "spectral_decrease": {"dmean": 7.70681296558e-09, "dmean2": 1.28693917745e-08, "dvar": 1.75170622187e-16, "dvar2": 4.49770736283e-16, "max": 3.58203946821e-19, "mean": -1.03025605824e-08, "median": -6.18751139214e-09, "min": -8.6885336259e-08, "var": 1.57420451207e-16}, "spectral_energy": {"dmean": 0.0297214668244, "dmean2": 0.0494236238301, "dvar": 0.00255983951502, "dvar2": 0.0065687824972, "max": 0.332167565823, "mean": 0.0404429100454, "median": 0.0246600452811, "min": 1.01898764073e-20, "var": 0.00232495204546}, "spectral_energyband_high": {"dmean": 0.000621732382569, "dmean2": 0.000766011769883, "dvar": 1.21799848785e-06, "dvar2": 1.96891028281e-06, "max": 0.0210057236254, "mean": 0.000974220223725, "median": 0.000238257765886, "min": 7.08315404764e-21, "var": 3.16228192787e-06}, "spectral_energyband_low": {"dmean": 0.023170016706, "dmean2": 0.0397472567856, "dvar": 0.00212690839544, "dvar2": 0.00555356685072, "max": 0.309353321791, "mean": 0.0232839584351, "median": 0.00889775622636, "min": 3.00627949004e-23, "var": 0.00167783524375}, "spectral_energyband_middle_high": {"dmean": 0.000958280812483, "dmean2": 0.0013876480516, "dvar": 1.92629931917e-06, "dvar2": 3.96089171772e-06, "max": 0.0181590057909, "mean": 0.00196154927835, "median": 0.00112782721408, "min": 1.41100715266e-21, "var": 5.45202783542e-06}, "spectral_energyband_middle_low": {"dmean": 0.00940266810358, "dmean2": 0.0147631950676, "dvar": 0.000224246803555, "dvar2": 0.000550716591533, "max": 0.179341226816, "mean": 0.0158132202923, "median": 0.00963599886745, "min": 2.13463590008e-22, "var": 0.000347208231688}, "spectral_entropy": {"dmean": 0.27410620451, "dmean2": 0.39653840661, "dvar": 0.0811932608485, "dvar2": 0.171325534582, "max": 9.81463050842, "mean": 7.51265287399, "median": 7.55601644516, "min": 5.43338775635, "var": 0.311287790537}, "spectral_flux": {"dmean": 0.0568695180118, "dmean2": 0.092599786818, "dvar": 0.00560715561733, "dvar2": 0.0130844470114, "max": 0.492641627789, "mean": 0.11458851397, "median": 0.0855501741171, "min": 6.52315840233e-11, "var": 0.00787585414946}, "spectral_kurtosis": {"dmean": 1.4921476841, "dmean2": 2.25675654411, "dvar": 3.81189918518, "dvar2": 8.73676204681, "max": 26.6542415619, "mean": 3.97523927689, "median": 3.11832094193, "min": -1.22604584694, "var": 8.62479019165}, "spectral_rms": {"dmean": 0.00193379248958, "dmean2": 0.00304894614965, "dvar": 6.62013007968e-06, "dvar2": 1.55421494128e-05, "max": 0.0180018302053, "mean": 0.00553083047271, "median": 0.00490495469421, "min": 3.15298958817e-12, "var": 8.86636280484e-06}, "spectral_rolloff": {"dmean": 444.443267822, "dmean2": 733.227722168, "dvar": 1211740.125, "dvar2": 2470267.25, "max": 19745.9472656, "mean": 817.899963379, "median": 366.064453125, "min": 64.599609375, "var": 2422482.5}, "spectral_skewness": {"dmean": 0.271569609642, "dmean2": 0.393399000168, "dvar": 0.0949077904224, "dvar2": 0.211211398244, "max": 4.10449123383, "mean": 1.63995099068, "median": 1.57249391079, "min": -0.223034501076, "var": 0.294722348452}, "spectral_spread": {"dmean": 730392.625, "dmean2": 948718.5625, "dvar": 726646849536, "dvar2": 1257284567040.0, "max": 41100844, "mean": 6031745, "median": 5708391, "min": 2381097.5, "var": 4704127942660.0}, "spectral_strongpeak": {"dmean": 0.400211632252, "dmean2": 0.668049752712, "dvar": 0.320210576057, "dvar2": 0.754472255707, "max": 5.68543481827, "mean": 0.630631268024, "median": 0.349298536777, "min": 0, "var": 0.538974940777}, "zerocrossingrate": {"dmean": 0.0136463223025, "dmean2": 0.0148616749793, "dvar": 0.000345896958606, "dvar2": 0.000381839927286, "max": 0.51220703125, "mean": 0.0487525239587, "median": 0.03564453125, "min": 0.001953125, "var": 0.00195447797887}, "barkbands": {"dmean": [0.000496543420013, 0.016440583393, 0.00693362765014, 0.00342044373974, 0.00431988760829, 0.00157640629914, 0.0014889407903, 0.000607270980254, 0.000645916734356, 0.000200898852199, 0.000210320475162, 0.000201861112146, 0.000206145792617, 0.000183395997738, 9.23672196222e-05, 7.8842502262e-05, 5.87190988881e-05, 6.50108631817e-05, 6.31038637948e-05, 9.75396687863e-05, 0.000115942311822, 0.000130119471578, 0.000109347107355, 8.75727637322e-05, 9.79076721705e-05, 6.87418796588e-05, 1.50440446305e-05], "dmean2": [0.000882783671841, 0.0284250508994, 0.0123532228172, 0.00579830398783, 0.00687677459791, 0.00233782478608, 0.0022299613338, 0.000925706292037, 0.00101442541927, 0.000321887928294, 0.000328403286403, 0.00030675783637, 0.000321379047818, 0.000287364440737, 0.000144388963236, 0.000124074751511, 8.88345603016e-05, 9.79275646387e-05, 9.40620157053e-05, 0.000145443002111, 0.000170734347194, 0.000187495810678, 0.00014272579574, 0.000114842463518, 0.000119722622912, 8.73084136401e-05, 1.96210785361e-05], "dvar": [8.68492122663e-07, 0.00126309669577, 0.000279174186289, 4.00905337301e-05, 5.86694222875e-05, 1.40033835123e-05, 2.03923173103e-05, 1.8370296857e-06, 1.87429293419e-06, 1.73266954562e-07, 2.95107128068e-07, 2.28568353577e-07, 3.22047299051e-07, 1.65772831906e-07, 4.17753902582e-08, 1.69686824592e-08, 8.74558558905e-09, 1.11268478875e-08, 1.21799876851e-08, 2.66034181351e-08, 4.38544489612e-08, 5.17341867123e-08, 8.01739759027e-08, 6.61877948005e-08, 4.99124226394e-08, 1.87845312638e-08, 9.91348780843e-10], "dvar2": [2.36616824623e-06, 0.00333142629825, 0.000779388588853, 0.000103651822428, 0.000140596719575, 3.11545118166e-05, 4.48955506727e-05, 4.18340187025e-06, 4.30965474152e-06, 4.07120637647e-07, 7.45900194943e-07, 5.41917700048e-07, 7.93464266735e-07, 4.45741136446e-07, 1.03136024165e-07, 4.02072330985e-08, 1.8790670353e-08, 2.50742839825e-08, 2.53439420561e-08, 5.34679216457e-08, 9.52888186134e-08, 1.02660727919e-07, 1.34970363774e-07, 1.18051062259e-07, 8.84072264284e-08, 3.55940201757e-08, 1.867398014e-09], "max": [0.00498655904084, 0.253513723612, 0.154968500137, 0.0661769658327, 0.110728494823, 0.0870744884014, 0.0784831047058, 0.0264003574848, 0.0257474128157, 0.00730808684602, 0.0104862134904, 0.0124053098261, 0.0167244579643, 0.00831669475883, 0.00612780731171, 0.00324801378883, 0.00164651090745, 0.00120901898481, 0.00243022944778, 0.0022365169134, 0.00488209864125, 0.00324859726243, 0.00642890715972, 0.00681336829439, 0.00828147307038, 0.00115431775339, 0.00031332205981], "mean": [0.000408907158999, 0.0153497196734, 0.0059627383016, 0.00340631348081, 0.00593090988696, 0.00274195871316, 0.00197561760433, 0.000818055530544, 0.000887499190867, 0.000269734853646, 0.000319813058013, 0.000284075824311, 0.000282657187199, 0.000284364155959, 0.000130121683469, 0.000109713531856, 8.53783785715e-05, 8.15845487523e-05, 8.51550357766e-05, 0.000129927546368, 0.000155677160365, 0.000189194834093, 0.000163264732691, 0.000130257103592, 0.000147065482452, 9.35988718993e-05, 1.96129749384e-05], "median": [0.000106470950413, 0.00560065591708, 0.00175650150049, 0.00133906770498, 0.00240134913474, 0.000789620564319, 0.000257478386629, 0.000219141540583, 0.000209320365684, 0.000106500432594, 0.000101487894426, 0.000104388025647, 8.32578953123e-05, 0.000109086016892, 4.83007752337e-05, 5.17629086971e-05, 4.08310188504e-05, 3.10646719299e-05, 2.76044502243e-05, 3.8691865484e-05, 4.68704820378e-05, 4.85009077238e-05, 3.49663860106e-05, 2.02485698537e-05, 2.25970707106e-05, 8.38989490148e-06, 1.45827129927e-06], "min": [3.26122000751e-25, 8.84177706221e-24, 1.81960372171e-24, 4.46465246337e-25, 1.04595611737e-23, 2.69846817363e-23, 2.26801612328e-23, 2.22881162955e-23, 3.16686948224e-23, 2.20200171837e-23, 2.31196356431e-23, 4.13677175639e-23, 4.50325696921e-23, 4.95617609369e-23, 7.22335823322e-23, 1.09163114801e-22, 8.22148184849e-23, 1.15798179698e-22, 2.29829184751e-22, 2.43438385896e-22, 2.89127215286e-22, 4.11372786718e-22, 4.720241744e-22, 5.32851282426e-22, 9.57001318645e-22, 1.55087711365e-21, 2.01010987692e-21], "var": [6.43874329853e-07, 0.000940355064813, 0.000192603853066, 3.5816388845e-05, 9.0984191047e-05, 3.18597376463e-05, 3.48001049133e-05, 2.80837298305e-06, 3.59222531188e-06, 2.38750061499e-07, 5.6957662764e-07, 3.53969795697e-07, 5.9168360167e-07, 2.95183241406e-07, 6.48841620432e-08, 2.53037679698e-08, 1.48971519565e-08, 1.58219908286e-08, 2.29905339211e-08, 4.84647308951e-08, 7.92299204022e-08, 1.06030235258e-07, 1.88211231489e-07, 1.46060699535e-07, 9.84908297141e-08, 3.48855948573e-08, 1.82723558506e-09]}, "erbbands": {"dmean": [0.415660440922, 3.93254494667, 7.57497739792, 10.4202518463, 16.3794994354, 12.2008275986, 16.7464866638, 7.97360467911, 13.8942546844, 24.3575286865, 13.932100296, 13.0102033615, 6.16233110428, 8.55716514587, 7.10670089722, 8.24166584015, 9.13853931427, 9.54359722137, 5.97116947174, 3.81112360954, 4.08277511597, 3.27072930336, 3.28499555588, 3.37267804146, 3.53800797462, 4.43216609955, 3.97575044632, 5.51364278793, 4.99416542053, 3.53519797325, 3.10228562355, 1.9829018116, 1.46240615845, 1.22533619404, 0.607885301113, 0.352164536715, 0.11458067596, 0.0227934233844, 0.00256963353604, 0.000123801335576], "dmean2": [0.704270303249, 6.82895612717, 13.3170804977, 17.9389095306, 27.4156513214, 18.5131473541, 25.3701992035, 11.6834526062, 21.2731189728, 35.9737892151, 21.0651988983, 20.5708827972, 9.52616786957, 13.6182165146, 10.981672287, 12.5139751434, 14.2065620422, 14.9126205444, 9.06621932983, 5.81102848053, 6.52213478088, 4.90992498398, 4.85803508759, 5.04720830917, 5.1629357338, 6.66032886505, 5.70252323151, 7.95940828323, 7.35711812973, 4.76436185837, 4.11912441254, 2.62280511856, 1.89161837101, 1.55309391022, 0.748533427715, 0.455931037664, 0.145840749145, 0.0287532284856, 0.00335880741477, 0.000171904132003], "dvar": [0.862553060055, 68.515083313, 287.177124023, 435.710540771, 948.749755859, 754.611328125, 1563.05664062, 308.873046875, 1829.93640137, 6374.99755859, 704.225585938, 867.920532227, 170.449676514, 442.064361572, 397.208740234, 359.410980225, 679.085266113, 517.585632324, 147.359039307, 42.9090995789, 41.4562301636, 27.8149528503, 28.4986019135, 30.0810203552, 41.7051467896, 57.6690254211, 41.683631897, 98.0472717285, 72.6276397705, 61.960395813, 71.9043884277, 28.1576385498, 21.8217906952, 9.48669910431, 1.37430465221, 0.49138212204, 0.0533767864108, 0.00209061941132, 2.88502560579e-05, 5.62099984336e-08], "dvar2": [2.26000809669, 181.88835144, 799.199584961, 1142.9342041, 2425.59326172, 1681.3494873, 3457.56713867, 685.554626465, 4425.72998047, 12812.9648438, 1546.5324707, 1944.01037598, 364.273864746, 1099.78405762, 925.464050293, 844.02355957, 1712.92114258, 1390.98657227, 334.202636719, 106.609344482, 102.680923462, 58.9290924072, 61.9618339539, 66.1100158691, 86.8579483032, 119.947677612, 84.9273529053, 215.662765503, 149.25920105, 108.131790161, 130.659408569, 48.1288223267, 39.9435310364, 17.0129413605, 2.39256811142, 0.957251250744, 0.102400846779, 0.00360837043263, 5.45372640772e-05, 1.20004955306e-07], "max": [6.46030473709, 58.2625350952, 151.123046875, 201.54864502, 426.623321533, 541.978820801, 830.093139648, 318.03817749, 1027.84899902, 1702.13293457, 420.19921875, 640.405822754, 304.467590332, 436.884979248, 541.845153809, 527.046936035, 757.887207031, 478.717071533, 398.365325928, 179.317687988, 77.0010986328, 115.946495056, 74.8888015747, 107.298225403, 145.122741699, 116.448921204, 163.886672974, 245.189788818, 109.003997803, 181.639266968, 230.673202515, 117.417129517, 157.495849609, 114.446113586, 26.6102485657, 6.68568229675, 1.85798943043, 0.386340290308, 0.0547469183803, 0.00293653854169], "mean": [0.380704432726, 3.65845894814, 6.91586017609, 9.92020511627, 17.4102592468, 19.3362560272, 27.7006053925, 14.3488025665, 17.9078483582, 33.7018051147, 20.6914424896, 17.6751766205, 9.23243808746, 12.3370161057, 11.2711400986, 12.0616436005, 13.6262998581, 14.6681985855, 9.8538608551, 5.93093585968, 5.85668516159, 4.92010259628, 4.41346693039, 4.49576568604, 4.51847267151, 5.81018352509, 5.43108844757, 7.46050930023, 7.20472192764, 5.28056335449, 4.66740465164, 2.89254140854, 2.16737031937, 1.8122702837, 0.917945981026, 0.481242150068, 0.153556257486, 0.0306140929461, 0.00338373496197, 0.000170739775058], "median": [0.153119459748, 1.29580390453, 2.24293994904, 4.08212471008, 6.95763874054, 6.66103410721, 8.4495306015, 5.73252296448, 4.22048139572, 3.94335722923, 6.84510850906, 4.37651729584, 4.22724723816, 3.99220490456, 4.26212358475, 4.36312150955, 4.48375272751, 5.07833528519, 4.77473926544, 2.68906831741, 2.87711000443, 2.470703125, 1.90984773636, 1.60212123394, 1.38641238213, 1.75200068951, 1.65096354485, 2.12556815147, 1.863525033, 1.32575213909, 0.952609658241, 0.446986079216, 0.350456058979, 0.276673525572, 0.136096909642, 0.0489687100053, 0.0131081184372, 0.00224221777171, 0.000263851194177, 4.74300359201e-05], "min": [1.21662117284e-22, 1.65970013474e-21, 3.32847098344e-21, 4.53473376888e-21, 2.29148998334e-20, 4.56231337607e-20, 6.15303662397e-20, 2.35022045307e-19, 2.01891471371e-19, 3.90196190987e-19, 4.13795188574e-19, 6.3962578386e-19, 6.13205324903e-19, 9.41673266076e-19, 1.27401210232e-18, 1.83518890407e-18, 1.93149071855e-18, 2.97165007291e-18, 2.88495472047e-18, 6.16698384552e-18, 7.07576499832e-18, 5.46155842887e-18, 7.44354107919e-18, 9.90655241677e-18, 1.15065083186e-17, 9.96817075496e-18, 9.93971491471e-18, 1.42347741448e-17, 1.33193399783e-17, 1.15199500036e-17, 1.27518618181e-17, 1.21110880109e-17, 1.05599721611e-17, 8.02263120089e-18, 8.3075527357e-18, 5.03211479257e-18, 2.66769325105e-18, 1.06823831045e-18, 2.44266693381e-19, 2.97829578412e-20], "var": [0.648165047169, 51.0029373169, 207.89201355, 354.069732666, 901.307556152, 1442.07531738, 3339.44604492, 641.360046387, 2031.05639648, 13877.4101562, 1331.1763916, 1874.2434082, 303.321929932, 785.612915039, 797.783325195, 601.041931152, 1254.81860352, 895.053222656, 271.126708984, 82.6141357422, 56.7001914978, 49.5636329651, 44.0796890259, 58.2306442261, 68.4646453857, 101.751014709, 76.9995803833, 179.00227356, 142.556015015, 141.326141357, 163.942825317, 64.5053253174, 44.8634109497, 18.8559875488, 2.90139341354, 0.894577145576, 0.0964856892824, 0.00405598478392, 5.36642801308e-05, 1.08815861211e-07]}, "gfcc": {"mean": [-8.90295600891, 88.4877166748, -73.322013855, 36.787612915, -50.5487594604, 21.2245521545, -32.1308135986, 3.72495102882, -21.3533840179, 8.27951717377, -17.3132743835, 2.61846065521, -9.19466114044], "cov": [[8116.95898438, -933.483642578, -325.427459717, -184.364074707, -535.582397461, -126.888725281, -294.555206299, -88.6891937256, -295.796173096, 22.9422874451, -246.943756104, -36.2797088623, -257.247436523], [-933.483642578, 1288.4276123, -208.062454224, -82.1412811279, 164.254745483, -30.7543201447, 67.7546463013, -92.7072296143, 100.112220764, -81.6451263428, 89.8096084595, -60.6586685181, 54.6526298523], [-325.427459717, -208.062454224, 409.151489258, 105.265808105, 106.844093323, 18.2212982178, 2.13076162338, 44.8735580444, -34.4435462952, -8.14320850372, -34.8178939819, 18.7677822113, -7.84065723419], [-184.364074707, -82.1412811279, 105.265808105, 379.399688721, 100.930938721, 77.3281326294, 38.2207565308, 38.1760177612, 11.738779068, -40.9543228149, 10.9551210403, -25.4663963318, 20.2261104584], [-535.582397461, 164.254745483, 106.844093323, 100.930938721, 260.085540771, 40.4032249451, 55.3171157837, 9.72501373291, 2.8784673214, -35.7866821289, 4.75604104996, -18.5415287018, -0.674468278885], [-126.888725281, -30.7543201447, 18.2212982178, 77.3281326294, 40.4032249451, 161.282104492, 54.7761993408, 12.3787612915, -8.5465297699, 0.187789529562, 1.55255413055, -7.14443683624, -11.6965942383], [-294.555206299, 67.7546463013, 2.13076162338, 38.2207565308, 55.3171157837, 54.7761993408, 113.587867737, 39.3531036377, 23.5020389557, -6.60278987885, 3.15270328522, -19.1376304626, -5.35318803787], [-88.6891937256, -92.7072296143, 44.8735580444, 38.1760177612, 9.72501373291, 12.3787612915, 39.3531036377, 106.272872925, 46.1696205139, 24.6817951202, -14.8167762756, -4.98936986923, -1.32021808624], [-295.796173096, 100.112220764, -34.4435462952, 11.738779068, 2.8784673214, -8.5465297699, 23.5020389557, 46.1696205139, 115.022140503, 42.8288993835, 21.3233261108, -13.8826913834, 14.4789714813], [22.9422874451, -81.6451263428, -8.14320850372, -40.9543228149, -35.7866821289, 0.187789529562, -6.60278987885, 24.6817951202, 42.8288993835, 103.583763123, 28.3981323242, 21.3379058838, -2.00869059563], [-246.943756104, 89.8096084595, -34.8178939819, 10.9551210403, 4.75604104996, 1.55255413055, 3.15270328522, -14.8167762756, 21.3233261108, 28.3981323242, 90.3358078003, 33.2063713074, 25.2042655945], [-36.2797088623, -60.6586685181, 18.7677822113, -25.4663963318, -18.5415287018, -7.14443683624, -19.1376304626, -4.98936986923, -13.8826913834, 21.3379058838, 33.2063713074, 83.5788574219, 41.8950614929], [-257.247436523, 54.6526298523, -7.84065723419, 20.2261104584, -0.674468278885, -11.6965942383, -5.35318803787, -1.32021808624, 14.4789714813, -2.00869059563, 25.2042655945, 41.8950614929, 83.6971817017]], "icov": [[0.000214417785173, -9.22116305446e-06, 0.000269956362899, -0.000206146156415, 0.000259401625954, 0.000128340543597, 0.000317899422953, -0.000115593480587, 0.000522523419932, -0.000274216232356, 0.000568046991248, -0.000303703098325, 0.000662672973704], [-9.22116305446e-06, 0.00170209922362, 0.000360373960575, 0.000945976760704, -0.00112324033398, 8.40626453282e-05, -0.000604423403274, 0.00153921346646, -0.00196350226179, 0.00187291065231, -0.00174888898619, 0.00168034993112, -0.00127614010125], [0.000269956362899, 0.000360373960575, 0.0040223444812, -0.000975701841526, -0.00148208555765, 0.000513586797751, 0.000995572772808, -0.00141229480505, 0.0015893568052, -0.000732637010515, 0.00206132023595, -0.00204106629826, 0.00141662918031], [-0.000206146156415, 0.000945976760704, -0.000975701841526, 0.00475479802117, -0.0014283839846, -0.00197214214131, 0.000342823623214, -0.000786196789704, -0.00163725786842, 0.00313017820008, -0.00357451126911, 0.00377672049217, -0.00322501943447], [0.000259401625954, -0.00112324033398, -0.00148208555765, -0.0014283839846, 0.00654776580632, -0.000139683776069, -0.00151074549649, -6.16733304923e-05, 0.00107795419171, 9.87548846751e-05, 0.000618839811068, -0.000612473872025, 0.00160883797798], [0.000128340543597, 8.40626453282e-05, 0.000513586797751, -0.00197214214131, -0.000139683776069, 0.00877471826971, -0.00423939013854, 0.000967934727669, 0.00196029944345, -0.0020704837516, 0.00101609120611, -0.00121969624888, 0.00174925511237], [0.000317899422953, -0.000604423403274, 0.000995572772808, 0.000342823623214, -0.00151074549649, -0.00423939013854, 0.01517901849, -0.00641264906153, 0.000510377401952, 0.00143557786942, -0.00107697257772, 0.00154907035176, 0.00114231521729], [-0.000115593480587, 0.00153921346646, -0.00141229480505, -0.000786196789704, -6.16733304923e-05, 0.000967934727669, -0.00641264906153, 0.0181790087372, -0.00834269355983, -0.00123061367776, 0.00393673963845, -0.00169848289806, -0.000212917584577], [0.000522523419932, -0.00196350226179, 0.0015893568052, -0.00163725786842, 0.00107795419171, 0.00196029944345, 0.000510377401952, -0.00834269355983, 0.020126754418, -0.00911401305348, -0.000318822363624, 0.00502238748595, -0.00250211893581], [-0.000274216232356, 0.00187291065231, -0.000732637010515, 0.00313017820008, 9.87548846751e-05, -0.0020704837516, 0.00143557786942, -0.00123061367776, -0.00911401305348, 0.0190003886819, -0.00712519092485, -0.00215211720206, 0.00214855908416], [0.000568046991248, -0.00174888898619, 0.00206132023595, -0.00357451126911, 0.000618839811068, 0.00101609120611, -0.00107697257772, 0.00393673963845, -0.000318822363624, -0.00712519092485, 0.021660618484, -0.0105753783137, 0.00273993657902], [-0.000303703098325, 0.00168034993112, -0.00204106629826, 0.00377672049217, -0.000612473872025, -0.00121969624888, 0.00154907035176, -0.00169848289806, 0.00502238748595, -0.00215211720206, -0.0105753783137, 0.0276976712048, -0.0148377316073], [0.000662672973704, -0.00127614010125, 0.00141662918031, -0.00322501943447, 0.00160883797798, 0.00174925511237, 0.00114231521729, -0.000212917584577, -0.00250211893581, 0.00214855908416, 0.00273993657902, -0.0148377316073, 0.0231434926391]]}, "melbands": {"dmean": [0.00431976281106, 0.00439160456881, 0.00198752456345, 0.00101421191357, 0.000534651277121, 0.000208567318623, 0.000237904314417, 0.000237466112594, 0.000115873095638, 8.24576127343e-05, 3.0216313462e-05, 3.51207781932e-05, 2.53215639532e-05, 1.84876462299e-05, 2.9551294574e-05, 1.79909457074e-05, 1.90192349692e-05, 1.05360159068e-05, 6.85029772285e-06, 5.10569498147e-06, 5.0979383559e-06, 3.59674481842e-06, 3.20037975143e-06, 3.01042700812e-06, 2.77702497442e-06, 2.34626941165e-06, 3.0076407711e-06, 3.03765591525e-06, 2.58880049842e-06, 2.82877886093e-06, 3.36661832989e-06, 2.88156775241e-06, 2.4090743409e-06, 1.96138876163e-06, 1.93124446923e-06, 1.45180752043e-06, 1.24589439565e-06, 9.62406943472e-07, 1.18827688311e-06, 1.02037733996e-06], "dmean2": [0.00743075367063, 0.00761926546693, 0.00338778458536, 0.0016245940933, 0.000803503906354, 0.00030418735696, 0.000362113583833, 0.000352299364749, 0.000174831962795, 0.000131097040139, 4.68522812298e-05, 5.64513611607e-05, 3.96619434468e-05, 2.78888746834e-05, 4.5684781071e-05, 2.81244501821e-05, 2.97874503303e-05, 1.59872579388e-05, 1.08700896817e-05, 7.87302815297e-06, 8.33945705381e-06, 5.46941464563e-06, 4.84175234305e-06, 4.5739543566e-06, 4.23770052294e-06, 3.51799985765e-06, 4.49838762506e-06, 4.67564996143e-06, 3.7849747514e-06, 4.28448220191e-06, 4.88536488774e-06, 4.28286739407e-06, 3.51265862264e-06, 2.7115361263e-06, 2.61557011072e-06, 2.02212549993e-06, 1.72466582171e-06, 1.27917519421e-06, 1.60070840138e-06, 1.31517185764e-06], "dvar": [8.98836369743e-05, 8.1311489339e-05, 1.39370522447e-05, 3.23671042679e-06, 1.44205830566e-06, 2.15391992242e-07, 5.15884266861e-07, 5.35821243375e-07, 6.09799215567e-08, 3.64109347117e-08, 4.19725854073e-09, 7.19538073568e-09, 4.44604353333e-09, 1.49929280102e-09, 6.51369491678e-09, 2.62227839443e-09, 2.40597164414e-09, 4.77234141094e-10, 2.25617177718e-10, 8.74748884439e-11, 7.00040442281e-11, 3.57918243654e-11, 2.60146487685e-11, 2.64451516241e-11, 2.23478319183e-11, 1.86257693296e-11, 3.1262371164e-11, 2.72897867498e-11, 1.62303868262e-11, 3.78213606267e-11, 3.56864017503e-11, 2.34374793878e-11, 2.3441963648e-11, 2.41955361996e-11, 2.69360696942e-11, 1.74132271102e-11, 1.303854507e-11, 9.28692452801e-12, 1.75268723146e-11, 5.07388358759e-12], "dvar2": [0.000236636638874, 0.000219779860345, 3.61238380719e-05, 7.82323422754e-06, 3.15922693517e-06, 4.78072422538e-07, 1.22433016259e-06, 1.08704375634e-06, 1.34239371619e-07, 8.1028495913e-08, 9.00169805362e-09, 1.77520256273e-08, 1.07464401822e-08, 3.36010552715e-09, 1.53689363458e-08, 6.10479844454e-09, 6.51917897443e-09, 1.08163267232e-09, 6.26956431216e-10, 1.99010655177e-10, 1.79454465177e-10, 7.81523110116e-11, 5.77001432744e-11, 6.03212133021e-11, 5.03911530558e-11, 3.86129114793e-11, 6.5248868808e-11, 5.80175942011e-11, 3.2388036697e-11, 8.78084410738e-11, 7.66719882028e-11, 4.89928098091e-11, 4.8155472665e-11, 4.39734255953e-11, 5.01493638283e-11, 3.29726836112e-11, 2.37846756179e-11, 1.764932471e-11, 3.30049147734e-11, 9.39609154371e-12], "max": [0.0664682388306, 0.0768865793943, 0.0358123145998, 0.02381474711, 0.0250194650143, 0.00928014237434, 0.0157902408391, 0.0157514102757, 0.00414126366377, 0.0043219816871, 0.00154129252769, 0.00170393043663, 0.00150132982526, 0.000767933554016, 0.00175188109279, 0.00111994834151, 0.00108349567745, 0.000660710502416, 0.000310013972921, 0.000302507571178, 9.89478430711e-05, 0.000124500555103, 9.51888505369e-05, 5.66345406696e-05, 0.000108267224277, 0.000110285822302, 0.000115223178, 6.91451277817e-05, 5.58457286388e-05, 0.000172645261046, 9.92037530523e-05, 6.07722577115e-05, 8.65877736942e-05, 0.000146049569594, 0.000138326286105, 9.68878011918e-05, 7.59864487918e-05, 0.00010476703028, 0.000142110686284, 7.16524882591e-05], "mean": [0.00400774274021, 0.00420150253922, 0.00198110635392, 0.0013487302931, 0.000918657518923, 0.000374930881662, 0.000306115922285, 0.000324192427797, 0.000173041131347, 0.000108298096166, 4.4038733904e-05, 4.88762234454e-05, 3.88623411709e-05, 2.66399347311e-05, 4.1113988118e-05, 2.45942865149e-05, 2.82850851363e-05, 1.66903882928e-05, 9.55407904257e-06, 7.30589954401e-06, 6.69036535328e-06, 5.19791410625e-06, 4.32804699813e-06, 3.67735242435e-06, 3.65343908015e-06, 3.03526667267e-06, 3.69350732399e-06, 3.9506480789e-06, 3.37171354658e-06, 3.81705467589e-06, 4.38688448412e-06, 4.02600835514e-06, 3.48434946318e-06, 2.79502455669e-06, 2.86418298856e-06, 1.97684630621e-06, 1.7801071408e-06, 1.41625537253e-06, 1.68216320162e-06, 1.4727238522e-06], "median": [0.00153696304187, 0.00146129599307, 0.000827516312711, 0.00056820421014, 0.000310270494083, 0.000141860451549, 5.51805533178e-05, 3.63882209058e-05, 4.63302494609e-05, 2.57139763562e-05, 1.86884481082e-05, 1.4996835489e-05, 1.3512310943e-05, 1.13840915219e-05, 1.16009932754e-05, 7.26584585209e-06, 9.21547689359e-06, 7.70505630499e-06, 3.48766866409e-06, 3.41052941621e-06, 2.98922077491e-06, 2.47344405579e-06, 2.02181649911e-06, 1.35697894166e-06, 1.23287463794e-06, 9.03044451661e-07, 1.03818138086e-06, 1.18530704185e-06, 9.03743625713e-07, 1.14743693302e-06, 1.122808726e-06, 9.95662730929e-07, 9.13204928565e-07, 6.4296165192e-07, 5.88771570165e-07, 3.17022909258e-07, 2.65421874701e-07, 2.36413711718e-07, 2.4576144142e-07, 2.23093110208e-07], "min": [1.51336338235e-24, 1.78662933587e-24, 2.27702747861e-24, 2.24963724191e-24, 2.9148347339e-24, 5.66876235353e-24, 3.49896177953e-24, 5.79570506153e-24, 3.22069563117e-24, 4.53532069402e-24, 2.58431798905e-24, 3.66164974731e-24, 4.1639348406e-24, 5.13491966858e-24, 2.55357233248e-24, 5.34562047206e-24, 4.43558185433e-24, 3.69880470151e-24, 6.11696669303e-24, 8.2711892363e-24, 7.67069963778e-24, 4.40084396994e-24, 6.05104079832e-24, 5.03328322398e-24, 7.63378804716e-24, 9.56522641004e-24, 8.71157714753e-24, 5.77186016295e-24, 5.7342421474e-24, 7.17862398232e-24, 7.16709556905e-24, 5.46796845973e-24, 6.25415946521e-24, 6.29239279228e-24, 6.70094898269e-24, 6.89724203059e-24, 6.92231755219e-24, 6.80619249377e-24, 5.33582715835e-24, 6.92396706034e-24], "var": [6.65719635435e-05, 6.21794897597e-05, 1.18823836601e-05, 4.55026611235e-06, 3.16390355692e-06, 4.70129236874e-07, 6.48401453418e-07, 1.15640898457e-06, 1.19718620795e-07, 7.78393030032e-08, 7.26218063463e-09, 1.23127250617e-08, 8.80543993276e-09, 2.36714048363e-09, 1.14726885769e-08, 4.74099293157e-09, 4.03479250011e-09, 8.81156980714e-10, 3.30610983035e-10, 1.53166063166e-10, 8.33970462133e-11, 6.07311423373e-11, 3.92457941145e-11, 3.60001091437e-11, 4.4453850323e-11, 3.05489106234e-11, 5.19720759484e-11, 4.54951805395e-11, 2.9368004556e-11, 6.28967641858e-11, 6.05323013936e-11, 4.36927612146e-11, 4.89346931032e-11, 4.84485646046e-11, 6.05035258006e-11, 3.38199711292e-11, 2.79742010806e-11, 1.89142399659e-11, 3.10954456628e-11, 9.90431694992e-12]}, "mfcc": {"mean": [-665.572265625, 123.639205933, 33.172088623, 27.0495033264, 9.48866653442, 19.3350639343, 3.58347558975, 1.98305106163, 3.69322943687, 0.0817156285048, 2.72666549683, -0.458238095045, -0.657008171082], "cov": [[6082.90136719, -818.887145996, -93.0889434814, -225.322463989, -319.886871338, -177.984558105, -164.028305054, -205.781143188, -155.43548584, -140.904571533, -61.1276473999, -43.1506996155, -101.895614624], [-818.887145996, 1129.29870605, -189.535903931, -34.9984855652, 34.1705245972, 30.8830451965, -17.1131019592, 0.823051929474, -10.3045349121, -33.508556366, 12.8497838974, 18.1921062469, 18.4661865234], [-93.0889434814, -189.535903931, 259.789367676, 65.0297622681, 48.6108932495, 8.66907119751, 22.7091026306, 20.3338108063, 21.3315563202, 4.34685611725, -13.4760503769, -3.43626308441, 12.7378778458], [-225.322463989, -34.9984855652, 65.0297622681, 244.065933228, 119.702148438, 26.3585128784, 44.5758895874, 49.4344062805, 33.6195335388, 29.3031215668, -20.2267608643, 1.73505795002, 12.0203437805], [-319.886871338, 34.1705245972, 48.6108932495, 119.702148438, 178.658294678, 57.8228645325, 47.464050293, 38.8395957947, 17.0400753021, 13.0284729004, -14.0822162628, -1.4034358263, 7.25324964523], [-177.984558105, 30.8830451965, 8.66907119751, 26.3585128784, 57.8228645325, 133.21244812, 66.1582717896, 33.3173904419, 2.82814025879, -2.61634492874, 9.19632911682, 13.3709754944, -1.16485011578], [-164.028305054, -17.1131019592, 22.7091026306, 44.5758895874, 47.464050293, 66.1582717896, 118.712234497, 55.4269866943, 7.73585939407, 1.54459357262, 1.60872006416, 5.01942396164, -1.09352576733], [-205.781143188, 0.823051929474, 20.3338108063, 49.4344062805, 38.8395957947, 33.3173904419, 55.4269866943, 96.4732894897, 37.3168411255, 17.6522102356, 0.252558141947, -3.65945124626, -8.28333473206], [-155.43548584, -10.3045349121, 21.3315563202, 33.6195335388, 17.0400753021, 2.82814025879, 7.73585939407, 37.3168411255, 88.3271484375, 48.9522514343, 17.2615127563, -3.2376036644, -7.55611085892], [-140.904571533, -33.508556366, 4.34685611725, 29.3031215668, 13.0284729004, -2.61634492874, 1.54459357262, 17.6522102356, 48.9522514343, 99.2854003906, 41.6912117004, 6.81574583054, -9.93171024323], [-61.1276473999, 12.8497838974, -13.4760503769, -20.2267608643, -14.0822162628, 9.19632911682, 1.60872006416, 0.252558141947, 17.2615127563, 41.6912117004, 77.4032821655, 30.8103923798, 3.64638590813], [-43.1506996155, 18.1921062469, -3.43626308441, 1.73505795002, -1.4034358263, 13.3709754944, 5.01942396164, -3.65945124626, -3.2376036644, 6.81574583054, 30.8103923798, 68.7492523193, 32.4603538513], [-101.895614624, 18.4661865234, 12.7378778458, 12.0203437805, 7.25324964523, -1.16485011578, -1.09352576733, -8.28333473206, -7.55611085892, -9.93171024323, 3.64638590813, 32.4603538513, 71.5286102295]], "icov": [[0.00022977500339, 0.000183254422154, 0.000123342790175, -4.5646855142e-05, 0.000224378018174, 8.11826903373e-05, 8.24460366857e-05, 0.000250960874837, 0.000108686144813, 0.000302085536532, 3.2024232496e-05, -0.000119789190649, 0.000380767392926], [0.000183254422154, 0.00123618764337, 0.000963660131674, 0.000118677664432, -0.000393503840314, -0.000117737094115, 0.000454381603049, -4.01559300371e-05, -0.000187092417036, 0.000874344317708, -0.000304109533317, -0.000131129578222, -3.27090856445e-05], [0.000123342790175, 0.000963660131674, 0.00504164863378, -0.000547696952708, -0.000901673512999, 0.000183323616511, -0.000191193190403, 9.07905123313e-05, -0.00115636864211, 0.000936370866839, 0.00018989504315, 0.000239557717578, -0.000887383415829], [-4.5646855142e-05, 0.000118677664432, -0.000547696952708, 0.00717141199857, -0.0040978291072, 0.00094431207981, -0.000829873140901, -0.00130901136436, -0.000778160814662, -0.00205892859958, 0.00266431900673, -0.00113423971925, -0.000925823231228], [0.000224378018174, -0.000393503840314, -0.000901673512999, -0.0040978291072, 0.0103868413717, -0.00322360266, -0.000427799241152, -9.95373629848e-05, 0.000553783844225, -0.000924724561628, 0.00134518207051, 0.000864542962518, -0.000384201091947], [8.11826903373e-05, -0.000117737094115, 0.000183323616511, 0.00094431207981, -0.00322360266, 0.0120019512251, -0.00543677108362, -0.000328509195242, 4.56829184259e-05, 0.00165907095652, -0.00166153360624, -0.00215077213943, 0.00165181304328], [8.24460366857e-05, 0.000454381603049, -0.000191193190403, -0.000829873140901, -0.000427799241152, -0.00543677108362, 0.0153398169205, -0.00713096559048, 0.00225035031326, 0.000709034095053, -0.000840906752273, -7.11446555215e-05, -5.14669372933e-05], [0.000250960874837, -4.01559300371e-05, 9.07905123313e-05, -0.00130901136436, -9.95373629848e-05, -0.000328509195242, -0.00713096559048, 0.0183995738626, -0.00654921634123, 0.000545713526662, 0.00105246168096, 2.91307260341e-05, 0.00191521761008], [0.000108686144813, -0.000187092417036, -0.00115636864211, -0.000778160814662, 0.000553783844225, 4.56829184259e-05, 0.00225035031326, -0.00654921634123, 0.0190207567066, -0.00763873709366, -0.00101222761441, 0.00167564186268, 2.40132152385e-07], [0.000302085536532, 0.000874344317708, 0.000936370866839, -0.00205892859958, -0.000924724561628, 0.00165907095652, 0.000709034095053, 0.000545713526662, -0.00763873709366, 0.0195500720292, -0.0098144384101, 0.000487564277137, 0.00276532373391], [3.2024232496e-05, -0.000304109533317, 0.00018989504315, 0.00266431900673, 0.00134518207051, -0.00166153360624, -0.000840906752273, 0.00105246168096, -0.00101222761441, -0.0098144384101, 0.0235011875629, -0.00972595531493, 0.00133416301105], [-0.000119789190649, -0.000131129578222, 0.000239557717578, -0.00113423971925, 0.000864542962518, -0.00215077213943, -7.11446555215e-05, 2.91307260341e-05, 0.00167564186268, 0.000487564277137, -0.00972595531493, 0.0242827069014, -0.0103884525597], [0.000380767392926, -3.27090856445e-05, -0.000887383415829, -0.000925823231228, -0.000384201091947, 0.00165181304328, -5.14669372933e-05, 0.00191521761008, 2.40132152385e-07, 0.00276532373391, 0.00133416301105, -0.0103884525597, 0.0201621111482]]}, "spectral_contrast_coeffs": {"dmean": [0.0617792792618, 0.0527281165123, 0.0374176353216, 0.0298999063671, 0.0201111063361, 0.020202467218], "dmean2": [0.100405983627, 0.0820524916053, 0.0607039444149, 0.0471999049187, 0.0320636257529, 0.0328727550805], "dvar": [0.00277694221586, 0.00201798207127, 0.000962767517194, 0.000699509168044, 0.000315062614391, 0.00037238150253], "dvar2": [0.00674467952922, 0.00477972440422, 0.00243639294058, 0.00151960458606, 0.000726655183826, 0.000984578509815], "max": [-0.334714591503, -0.330466270447, -0.482789695263, -0.534864068031, -0.649563908577, -0.638898313046], "mean": [-0.670996487141, -0.708015084267, -0.791834652424, -0.796748101711, -0.825764596462, -0.776290953159], "median": [-0.681152760983, -0.718124628067, -0.800572693348, -0.806856393814, -0.82872402668, -0.779185056686], "min": [-0.972108006477, -0.987288653851, -0.975062727928, -0.967258095741, -0.966332674026, -0.962079107761], "var": [0.0071771251969, 0.00927861128002, 0.00403540255502, 0.00364703522064, 0.00110155134462, 0.00101986620575]}, "spectral_contrast_valleys": {"dmean": [0.482911318541, 0.440003156662, 0.42425853014, 0.407857507467, 0.468462049961, 0.478004693985], "dmean2": [0.783710360527, 0.668695390224, 0.618807971478, 0.55597370863, 0.586391746998, 0.526828408241], "dvar": [0.241105213761, 0.229242131114, 0.214608862996, 0.194615036249, 0.274800688028, 0.267906963825], "dvar2": [0.454567819834, 0.419525921345, 0.355611175299, 0.308986514807, 0.498495697975, 0.454818427563], "max": [-4.80119466782, -4.9311375618, -5.41896104813, -6.25