{"lowlevel": {"average_loudness": 0.961074411869, "barkbands_crest": {"dmean": 2.16273522377, "dmean2": 3.38620042801, "dvar": 3.81035041809, "dvar2": 8.76913738251, "max": 23.3689212799, "mean": 8.92620563507, "median": 8.37379074097, "min": 2.72526311874, "var": 11.5173978806}, "barkbands_flatness_db": {"dmean": 0.0206585582346, "dmean2": 0.0301713813096, "dvar": 0.000479069072753, "dvar2": 0.000927596003748, "max": 0.37487077713, "mean": 0.0986982062459, "median": 0.0932564586401, "min": 0.018141457811, "var": 0.00179736444261}, "barkbands_kurtosis": {"dmean": 2.330327034, "dmean2": 3.40416717529, "dvar": 59.888759613, "dvar2": 120.329139709, "max": 245.038116455, "mean": 2.94328069687, "median": 1.14536571503, "min": -1.91863358021, "var": 111.738899231}, "barkbands_skewness": {"dmean": 0.466077685356, "dmean2": 0.687043130398, "dvar": 0.370940953493, "dvar2": 0.618384003639, "max": 14.4495391846, "mean": 1.49477124214, "median": 1.39818787575, "min": -3.11672878265, "var": 1.34279918671}, "barkbands_spread": {"dmean": 8.23552513123, "dmean2": 12.5129957199, "dvar": 100.249320984, "dvar2": 254.302261353, "max": 139.584259033, "mean": 34.0408172607, "median": 32.4990348816, "min": 1.6813352108, "var": 238.834136963}, "dissonance": {"dmean": 0.0139018250629, "dmean2": 0.0231294836849, "dvar": 0.000197762507014, "dvar2": 0.000522299436852, "max": 0.5, "mean": 0.473207771778, "median": 0.477254211903, "min": 0.351655244827, "var": 0.000336634926498}, "dynamic_complexity": 3.32470726967, "erbbands_crest": {"dmean": 2.185100317, "dmean2": 3.44756770134, "dvar": 5.01357746124, "dvar2": 11.2792539597, "max": 27.6268749237, "mean": 7.62142276764, "median": 6.44028186798, "min": 2.23604917526, "var": 16.5149650574}, "erbbands_flatness_db": {"dmean": 0.0190413091332, "dmean2": 0.0259376894683, "dvar": 0.000411649321904, "dvar2": 0.000814622326288, "max": 0.356410831213, "mean": 0.112666517496, "median": 0.106977552176, "min": 0.0306728985161, "var": 0.00149473268539}, "erbbands_kurtosis": {"dmean": 0.570933759212, "dmean2": 0.898375749588, "dvar": 0.690242767334, "dvar2": 1.716553092, "max": 18.7256698608, "mean": -0.328618735075, "median": -0.721637487411, "min": -1.74664247036, "var": 1.67718791962}, "erbbands_skewness": {"dmean": 0.309462547302, "dmean2": 0.461107879877, "dvar": 0.0876794531941, "dvar2": 0.186086341739, "max": 3.35972833633, "mean": -0.0384928844869, "median": -0.0339496806264, "min": -2.67428207397, "var": 0.339457511902}, "erbbands_spread": {"dmean": 8.43224239349, "dmean2": 12.9176959991, "dvar": 77.4076309204, "dvar2": 162.457168579, "max": 168.060256958, "mean": 51.6914863586, "median": 51.2049980164, "min": 6.13656902313, "var": 334.52053833}, "hfc": {"dmean": 13.2874288559, "dmean2": 18.3620319366, "dvar": 254.613357544, "dvar2": 552.08782959, "max": 146.719223022, "mean": 34.456363678, "median": 29.1318817139, "min": 1.14507710692e-16, "var": 578.933654785}, "melbands_crest": {"dmean": 3.29320812225, "dmean2": 5.08889484406, "dvar": 8.87131690979, "dvar2": 20.6715087891, "max": 36.6675643921, "mean": 14.4940748215, "median": 13.8480148315, "min": 2.01192426682, "var": 28.0210418701}, "melbands_flatness_db": {"dmean": 0.0248228553683, "dmean2": 0.035610422492, "dvar": 0.000703855592292, "dvar2": 0.00115065509453, "max": 0.495176792145, "mean": 0.175888806581, "median": 0.173589289188, "min": 0.00611776439473, "var": 0.00317351892591}, "melbands_kurtosis": {"dmean": 8.54627609253, "dmean2": 12.5492181778, "dvar": 1030.51281738, "dvar2": 1642.97839355, "max": 1252.00610352, "mean": 17.1439857483, "median": 9.24661827087, "min": -1.77751541138, "var": 2602.72900391}, "melbands_skewness": {"dmean": 0.736567616463, "dmean2": 1.09243667126, "dvar": 1.07923054695, "dvar2": 1.73470664024, "max": 31.7958507538, "mean": 3.1123380661, "median": 2.75430202484, "min": -0.889958679676, "var": 4.08076477051}, "melbands_spread": {"dmean": 7.98513221741, "dmean2": 12.2312641144, "dvar": 161.274932861, "dvar2": 338.818664551, "max": 262.688446045, "mean": 28.5033931732, "median": 23.8520183563, "min": 0.432023823261, "var": 496.187255859}, "pitch_salience": {"dmean": 0.0654487684369, "dmean2": 0.103734381497, "dvar": 0.00344220199622, "dvar2": 0.00785237737, "max": 0.898473858833, "mean": 0.551030158997, "median": 0.557384133339, "min": 0.133954524994, "var": 0.0107621252537}, "silence_rate_20dB": {"dmean": 0, "dmean2": 0, "dvar": 0, "dvar2": 0, "max": 1, "mean": 1, "median": 1, "min": 1, "var": 0}, "silence_rate_30dB": {"dmean": 0.00126462220214, "dmean2": 0.00253004417755, "dvar": 0.00126307213213, "dvar2": 0.00315636373125, "max": 1, "mean": 0.999051809311, "median": 1, "min": 0, "var": 0.00094731268473}, "silence_rate_60dB": {"dmean": 0.0126462215558, "dmean2": 0.0253004431725, "dvar": 0.0124865779653, "dvar2": 0.028456132859, "max": 1, "mean": 0.0707964599133, "median": 0, "min": 0, "var": 0.0657846257091}, "spectral_centroid": {"dmean": 316.528320312, "dmean2": 472.435852051, "dvar": 121448.78125, "dvar2": 228025.515625, "max": 11039.3662109, "mean": 1789.52001953, "median": 1750.52783203, "min": 316.121032715, "var": 470337.5}, "spectral_complexity": {"dmean": 5.28295898438, "dmean2": 8.01454734802, "dvar": 34.6451797485, "dvar2": 69.7371520996, "max": 57, "mean": 25.0910243988, "median": 25, "min": 0, "var": 149.162979126}, "spectral_decrease": {"dmean": 2.70134936642e-09, "dmean2": 4.07367073407e-09, "dvar": 1.34170027117e-17, "dvar2": 2.77463558605e-17, "max": 2.14803314025e-10, "mean": -8.83523210149e-09, "median": -8.64213856033e-09, "min": -3.35263159457e-08, "var": 2.8029292989e-17}, "spectral_energy": {"dmean": 0.0109925512224, "dmean2": 0.0163906812668, "dvar": 0.000207044475246, "dvar2": 0.000431302643847, "max": 0.128575652838, "mean": 0.0364715531468, "median": 0.0359111577272, "min": 1.04391849281e-20, "var": 0.000441947631771}, "spectral_energyband_high": {"dmean": 0.00106412125751, "dmean2": 0.00148890051059, "dvar": 1.75666343694e-06, "dvar2": 3.72220051759e-06, "max": 0.011678728275, "mean": 0.00221704295836, "median": 0.00172238587402, "min": 7.29998118909e-21, "var": 3.73141870114e-06}, "spectral_energyband_low": {"dmean": 0.00787490885705, "dmean2": 0.0120761599392, "dvar": 0.000175138004124, "dvar2": 0.000354862742824, "max": 0.12276096642, "mean": 0.017331585288, "median": 0.0138632711023, "min": 2.41077470357e-23, "var": 0.000279350730125}, "spectral_energyband_middle_high": {"dmean": 0.00179426872637, "dmean2": 0.00270827184431, "dvar": 5.32039894097e-06, "dvar2": 1.28672563733e-05, "max": 0.0392719060183, "mean": 0.00582284294069, "median": 0.00442013749853, "min": 1.44940501402e-21, "var": 2.41997113335e-05}, "spectral_energyband_middle_low": {"dmean": 0.00417098635808, "dmean2": 0.00642284518108, "dvar": 2.7864749427e-05, "dvar2": 6.89830776537e-05, "max": 0.0573534555733, "mean": 0.0129018696025, "median": 0.0117501672357, "min": 2.83077068662e-22, "var": 8.00579073257e-05}, "spectral_entropy": {"dmean": 0.145368769765, "dmean2": 0.204397067428, "dvar": 0.0244810823351, "dvar2": 0.0431627854705, "max": 9.7990064621, "mean": 7.82852888107, "median": 7.83100128174, "min": 6.63729810715, "var": 0.099690720439}, "spectral_flux": {"dmean": 0.0290831718594, "dmean2": 0.0441325008869, "dvar": 0.00118026079144, "dvar2": 0.00272905523889, "max": 0.308249920607, "mean": 0.0920152813196, "median": 0.0860954448581, "min": 6.94453383687e-11, "var": 0.00235170545056}, "spectral_kurtosis": {"dmean": 0.95772331953, "dmean2": 1.47262084484, "dvar": 0.973074674606, "dvar2": 2.38945555687, "max": 14.4133472443, "mean": 3.69666743279, "median": 3.35943198204, "min": -1.18622875214, "var": 3.51761031151}, "spectral_rms": {"dmean": 0.000865748792421, "dmean2": 0.00124002236407, "dvar": 1.11028589345e-06, "dvar2": 2.14329998016e-06, "max": 0.0111999846995, "mean": 0.00557980872691, "median": 0.00591906066984, "min": 3.19132741067e-12, "var": 4.44764600616e-06}, "spectral_rolloff": {"dmean": 855.397888184, "dmean2": 1387.28625488, "dvar": 2501551.5, "dvar2": 5374136.5, "max": 19143.0175781, "mean": 2233.953125, "median": 1399.65820312, "min": 43.06640625, "var": 7177988}, "spectral_skewness": {"dmean": 0.184984728694, "dmean2": 0.279956996441, "dvar": 0.0374992862344, "dvar2": 0.080043502152, "max": 2.72181081772, "mean": 1.34295582771, "median": 1.31958627701, "min": 0.0319347828627, "var": 0.133682399988}, "spectral_spread": {"dmean": 753373.5, "dmean2": 1034729.5, "dvar": 1342934614020.0, "dvar2": 2375063699460.0, "max": 40617692, "mean": 5557184.5, "median": 5286972, "min": 2032830.375, "var": 4528986914820.0}, "spectral_strongpeak": {"dmean": 0.391043156385, "dmean2": 0.671865522861, "dvar": 0.713013648987, "dvar2": 1.8059014082, "max": 10.4376096725, "mean": 0.650253653526, "median": 0.407291829586, "min": 0, "var": 0.830181658268}, "zerocrossingrate": {"dmean": 0.0185790788382, "dmean2": 0.0207979716361, "dvar": 0.000494947715197, "dvar2": 0.000574260076974, "max": 0.5791015625, "mean": 0.0932060107589, "median": 0.0791015625, "min": 0.009765625, "var": 0.00424319179729}, "barkbands": {"dmean": [0.00108361069579, 0.00490223197266, 0.00314110051841, 0.00145625858568, 0.00187678914517, 0.00146289099939, 0.000703611061908, 0.000715180649422, 0.000593497068621, 0.000272099132417, 0.000349460839061, 0.000401178083848, 0.000621736631729, 0.000197787288926, 0.000264354486717, 0.000204837080673, 0.000310353381792, 0.000270212098258, 0.000275837024674, 0.000256700383034, 0.000395638868213, 0.000124255166156, 6.66083797114e-05, 0.000149727449752, 9.08517977223e-05, 0.000156635505846, 0.000222609145567], "dmean2": [0.00146873248741, 0.00774293672293, 0.00532152783126, 0.00236077536829, 0.00299297645688, 0.00223223213106, 0.00116726150736, 0.00107577024028, 0.000888684240635, 0.000431994674727, 0.000573208497372, 0.000659077544697, 0.00101534218993, 0.00030375336064, 0.000424906233093, 0.000328825932229, 0.000479692796944, 0.000432348198956, 0.000445595767815, 0.000414617039496, 0.000609416747466, 0.000197721092263, 9.70838300418e-05, 0.000198803900275, 0.000127677922137, 0.000229163822951, 0.000333837670041], "dvar": [5.54971484235e-06, 7.73816427682e-05, 2.90856041829e-05, 4.12319741372e-06, 1.00737770481e-05, 4.35743640992e-06, 8.28834743061e-07, 1.2151468809e-06, 1.34053595957e-06, 1.48379129428e-07, 3.45732416918e-07, 4.01646360615e-07, 2.35787206293e-06, 1.68674318957e-07, 1.8286486636e-07, 1.08756182726e-07, 4.76878483369e-07, 2.55453556974e-07, 2.263703891e-07, 1.33778129907e-07, 3.01316219975e-07, 5.80721106758e-08, 1.16219904811e-08, 5.30153876355e-08, 1.92505957841e-08, 6.14247213093e-08, 1.22307483252e-07], "dvar2": [1.03061629488e-05, 0.000148792969412, 7.89104160503e-05, 1.03956826933e-05, 2.68099265668e-05, 1.01130299299e-05, 2.19200660467e-06, 2.3998100005e-06, 2.57800638792e-06, 3.44491013493e-07, 8.42386839395e-07, 1.02298395177e-06, 6.17582327322e-06, 3.60074977834e-07, 4.39986365564e-07, 2.58448039858e-07, 1.07212349576e-06, 5.92099354435e-07, 5.40522876236e-07, 3.32907092115e-07, 6.92260925916e-07, 1.38090101132e-07, 2.37737012299e-08, 9.16835531939e-08, 4.39074483438e-08, 1.41270234622e-07, 2.60328562263e-07], "max": [0.0265041813254, 0.0753968954086, 0.0529616102576, 0.0282945595682, 0.0371286906302, 0.0313237681985, 0.00890882778913, 0.0177167318761, 0.0287477653474, 0.00758352782577, 0.0117990951985, 0.0139582678676, 0.0340941958129, 0.00882446393371, 0.00701894704252, 0.00598513102159, 0.0185253750533, 0.00940311700106, 0.00801370479167, 0.00474416883662, 0.00680379755795, 0.00210929568857, 0.0012690431904, 0.00320944562554, 0.00147254171316, 0.00238624284975, 0.00304900365882], "mean": [0.00120018585585, 0.00876162294298, 0.00566433882341, 0.00302145490423, 0.00312668434344, 0.00275234878063, 0.00103558739647, 0.00165876862593, 0.00114661001135, 0.000484310265165, 0.00056798447622, 0.000642692262772, 0.00125977792777, 0.000343026651535, 0.00047161206021, 0.000389887747588, 0.000550645985641, 0.000458115333458, 0.000478382688016, 0.000486668315716, 0.000757781264838, 0.000187167679542, 0.000131837339723, 0.000282424356556, 0.000157028800459, 0.000209339050343, 0.000245239352807], "median": [6.18164340267e-05, 0.00528688495979, 0.00390181830153, 0.00180866545998, 0.0021445073653, 0.00152643490583, 0.000619704078417, 0.000841436907649, 0.000423881690949, 0.000287621369353, 0.000320235587424, 0.000350221409462, 0.000427799997851, 0.00021095565171, 0.000268453790341, 0.000216922766413, 0.000214737578062, 0.00026789464755, 0.000308152288198, 0.000346808083123, 0.000470417784527, 8.43435118441e-05, 7.26728903828e-05, 0.000128551706439, 6.87340943841e-05, 6.95513735991e-05, 5.50760669285e-05], "min": [4.35563316817e-24, 1.13123016685e-23, 6.8061435844e-24, 1.24209257639e-23, 4.44649527163e-23, 3.04744225207e-23, 8.12433394355e-23, 1.52664432901e-23, 2.92642120734e-23, 6.24712708579e-23, 7.14124980367e-23, 3.52758685966e-23, 8.37504971645e-23, 3.92753712979e-23, 9.58606038431e-23, 1.48591379964e-22, 1.30975371266e-22, 1.76377913567e-22, 1.1167120023e-22, 3.75145264724e-22, 3.34035438412e-22, 4.59024604962e-22, 4.2056320559e-22, 6.59394870992e-22, 1.07837664397e-21, 1.53087685175e-21, 2.04981373853e-21], "var": [8.10991241451e-06, 0.000121819000924, 3.85982893931e-05, 1.34930696731e-05, 1.1946095583e-05, 1.29278460008e-05, 1.36682547236e-06, 4.8826341299e-06, 4.35857646153e-06, 4.33163222624e-07, 7.3982170079e-07, 7.29770988528e-07, 9.02628107724e-06, 3.06115509829e-07, 3.80469657557e-07, 2.60024023646e-07, 1.00374177237e-06, 4.41616805347e-07, 3.74402674197e-07, 2.41905325993e-07, 6.53155609598e-07, 7.21105095636e-08, 2.83679657542e-08, 1.35509779398e-07, 4.14387031356e-08, 9.57828305559e-08, 1.73151676108e-07]}, "erbbands": {"dmean": [0.198661893606, 1.09719455242, 3.73282790184, 3.87944507599, 5.51794624329, 6.70455646515, 9.96021938324, 12.2951593399, 8.5652961731, 12.3173866272, 15.593996048, 14.5439014435, 8.43465995789, 10.4997625351, 13.762465477, 16.0893802643, 30.2688407898, 12.3820590973, 14.3202762604, 10.9363794327, 10.9275474548, 16.8922233582, 15.5296449661, 10.2399530411, 16.7079772949, 11.8337526321, 15.7278556824, 12.8886728287, 4.40820074081, 3.1978905201, 1.82536327839, 3.48457980156, 2.12059926987, 0.814955592155, 0.867821037769, 0.781330645084, 0.228020757437, 0.126115009189, 0.0336635112762, 0.00325550255366], "dmean2": [0.278837114573, 1.78227055073, 6.46549749374, 6.14152622223, 9.15013885498, 10.7947387695, 15.2851409912, 18.7541694641, 14.047501564, 19.4356231689, 24.1849880219, 21.5717010498, 13.2210826874, 17.3246898651, 22.3516407013, 26.8517913818, 48.757648468, 19.4129981995, 22.5339298248, 17.2262039185, 17.5016098022, 26.1113586426, 24.4072723389, 16.6181945801, 26.9852275848, 18.9957046509, 24.4619903564, 19.9050579071, 6.95416688919, 5.10631752014, 2.50891828537, 4.88485097885, 2.87661337852, 1.09662902355, 1.28486084938, 1.19443166256, 0.341212302446, 0.197185173631, 0.0503233261406, 0.00495221978053], "dvar": [0.149278894067, 3.57429385185, 48.1594314575, 26.7753982544, 98.3157119751, 116.888877869, 211.43409729, 438.22644043, 122.924430847, 334.74206543, 527.739379883, 962.673828125, 213.584716797, 215.7993927, 515.555541992, 720.700744629, 6057.05957031, 763.768676758, 529.369140625, 452.005401611, 336.903137207, 1503.30493164, 1039.6192627, 258.232818604, 838.548156738, 269.296875, 502.496887207, 354.129974365, 68.6330413818, 50.3508529663, 6.81662654877, 27.2007579803, 10.738401413, 1.31917440891, 2.48602294922, 2.2691988945, 0.135832443833, 0.0446512103081, 0.0032017340418, 2.66191855189e-05], "dvar2": [0.28615885973, 8.79110145569, 132.940948486, 64.8634719849, 265.334686279, 301.289093018, 486.327087402, 967.363525391, 310.819976807, 789.896362305, 1102.79614258, 1791.46289062, 470.392242432, 575.12121582, 1244.4855957, 2009.51013184, 15184.9941406, 1767.94934082, 1358.08776855, 969.240722656, 797.53125, 3145.46826172, 2443.62792969, 646.455871582, 1980.15478516, 650.46887207, 1180.96240234, 821.492797852, 165.891174316, 126.799629211, 11.6413650513, 50.9864196777, 21.7200489044, 2.42116999626, 6.16975069046, 5.65500116348, 0.31316024065, 0.10073979944, 0.00703746080399, 6.11767391092e-05], "max": [3.93628954887, 16.8880271912, 66.2850341797, 80.4365615845, 112.585220337, 134.563827515, 233.671112061, 379.731231689, 140.749816895, 280.197875977, 367.441040039, 823.905273438, 269.881958008, 229.162261963, 393.944824219, 352.264953613, 1709.82202148, 550.017456055, 322.025085449, 630.505310059, 396.736785889, 967.129211426, 737.691772461, 339.602905273, 521.22064209, 192.430526733, 295.460296631, 274.666351318, 77.2967681885, 61.3363380432, 31.0999927521, 81.5447158813, 36.2657165527, 19.8740444183, 17.3014717102, 13.740234375, 3.69522190094, 1.98815071583, 0.534981787205, 0.0366616658866], "mean": [0.257456809282, 1.9272121191, 6.47310018539, 9.05909729004, 8.8377828598, 10.9279985428, 18.6701507568, 22.3244380951, 14.4281921387, 22.7576351166, 35.6289367676, 29.7749824524, 16.4305992126, 18.6057262421, 24.1776924133, 28.051486969, 60.2698860168, 25.09217453, 26.706653595, 21.2274589539, 22.6532096863, 30.6439094543, 26.7830505371, 19.0498142242, 28.8212165833, 23.1079998016, 29.9336128235, 24.0203952789, 7.13935947418, 4.71590566635, 3.78518247604, 6.50450086594, 3.63756084442, 1.53662002087, 1.32668793201, 1.02640938759, 0.293828964233, 0.131883382797, 0.0370856672525, 0.00353084434755], "median": [0.0773000195622, 1.34484326839, 4.58325529099, 6.58705997467, 6.13414001465, 7.20383453369, 10.5689306259, 10.5359687805, 9.42020225525, 12.1741104126, 21.8026790619, 12.4986667633, 8.14167785645, 12.8403091431, 15.4566764832, 16.600818634, 22.529542923, 13.3212471008, 16.8157653809, 11.3869028091, 12.8010387421, 12.3699321747, 14.3452320099, 14.2492656708, 18.4438591003, 16.9826507568, 19.6750583649, 14.9232578278, 3.94740271568, 1.89533472061, 2.12037134171, 3.30749583244, 1.47362732887, 0.693285703659, 0.51618129015, 0.331681996584, 0.0873394757509, 0.0222545303404, 0.00456485990435, 0.00100073765498], "min": [5.54690738815e-22, 2.01952248951e-21, 7.41473957438e-21, 3.33691993869e-20, 1.44639070002e-19, 1.39159722226e-19, 9.42966188147e-20, 2.38730993926e-19, 4.50912023431e-19, 9.10204317045e-19, 3.57811268675e-19, 7.49174068669e-19, 1.53801971952e-18, 2.48071879295e-18, 3.52224258173e-18, 2.01900808172e-18, 3.11932910921e-18, 2.41870258088e-18, 3.55336070278e-18, 7.21853885359e-18, 8.95538735656e-18, 6.93692107815e-18, 8.71488624782e-18, 6.565470661e-18, 9.47933513708e-18, 1.76586020859e-17, 1.67704996213e-17, 1.15171880475e-17, 1.50932039865e-17, 1.42946587124e-17, 1.24573863472e-17, 1.24519716229e-17, 1.04284132206e-17, 1.05316569416e-17, 7.60474286415e-18, 5.06226883462e-18, 2.75732261311e-18, 1.17401661622e-18, 3.09877599743e-19, 3.09713611187e-20], "var": [0.221937462687, 4.74645090103, 52.1168365479, 94.7839202881, 104.549972534, 160.024047852, 691.043640137, 1193.74291992, 257.287658691, 856.489501953, 1843.17907715, 3177.33081055, 648.843688965, 402.977844238, 1051.06921387, 1161.70996094, 19779.3417969, 1870.01159668, 1006.59191895, 1002.13671875, 850.144592285, 3286.84790039, 1786.68554688, 401.886901855, 1394.98498535, 513.280273438, 1070.68054199, 678.429931641, 84.487663269, 58.0637435913, 21.0923194885, 68.6957778931, 23.5942058563, 4.369576931, 3.59568428993, 2.77301335335, 0.217117384076, 0.0601944662631, 0.00461310520768, 3.31162955263e-05]}, "gfcc": {"mean": [24.1140460968, 57.816608429, -94.826385498, 27.87266922, -43.5260696411, 3.13272976875, -25.2700271606, 4.97423315048, -23.9310531616, 6.16220188141, -12.9828128815, -5.06623792648, -9.93277549744], "cov": [[26639.0234375, 1422.61901855, 1103.34570312, 159.742645264, 233.611999512, 594.635925293, 426.03527832, -379.529327393, -315.762420654, -291.178283691, -98.5569381714, -200.159210205, -269.488708496], [1422.61901855, 1867.88122559, -559.29296875, 322.507568359, 6.61419439316, -67.5552368164, 92.8142852783, -118.19732666, -168.221038818, 30.7292976379, -15.5875940323, -67.2632064819, 12.7936172485], [1103.34570312, -559.29296875, 763.59197998, -30.1559581757, 196.481536865, 153.069915771, 99.8880004883, 61.0760192871, 84.1191177368, -50.069480896, 6.42320394516, 1.63841998577, -29.0853939056], [159.742645264, 322.507568359, -30.1559581757, 450.377990723, 75.1929855347, 36.177520752, 78.812286377, 30.7496376038, -26.0199108124, 12.9080114365, -31.8940944672, 1.6538618803, 50.3930664062], [233.611999512, 6.61419439316, 196.481536865, 75.1929855347, 366.073059082, 8.35411071777, 131.029800415, 32.4976577759, 82.0341796875, 29.2868499756, 45.708656311, 10.9864435196, 21.9299736023], [594.635925293, -67.5552368164, 153.069915771, 36.177520752, 8.35411071777, 242.645904541, 27.780122757, 39.193069458, 32.0617790222, -2.68367433548, -0.731938838959, -10.0186777115, -25.0687961578], [426.03527832, 92.8142852783, 99.8880004883, 78.812286377, 131.029800415, 27.780122757, 255.264755249, 28.9024391174, 41.0609169006, 28.7906551361, -6.30081272125, -13.5085124969, 2.17245364189], [-379.529327393, -118.19732666, 61.0760192871, 30.7496376038, 32.4976577759, 39.193069458, 28.9024391174, 133.501586914, 69.1729049683, 16.3163871765, 9.40143203735, 11.0058603287, 9.22915172577], [-315.762420654, -168.221038818, 84.1191177368, -26.0199108124, 82.0341796875, 32.0617790222, 41.0609169006, 69.1729049683, 125.442321777, 43.3256492615, 28.0979118347, 16.0038204193, -0.794312953949], [-291.178283691, 30.7292976379, -50.069480896, 12.9080114365, 29.2868499756, -2.68367433548, 28.7906551361, 16.3163871765, 43.3256492615, 89.565071106, 34.1665611267, 10.4489202499, 4.26852703094], [-98.5569381714, -15.5875940323, 6.42320394516, -31.8940944672, 45.708656311, -0.731938838959, -6.30081272125, 9.40143203735, 28.0979118347, 34.1665611267, 74.7442779541, 26.7776832581, 7.59796142578], [-200.159210205, -67.2632064819, 1.63841998577, 1.6538618803, 10.9864435196, -10.0186777115, -13.5085124969, 11.0058603287, 16.0038204193, 10.4489202499, 26.7776832581, 67.1312637329, 31.9201278687], [-269.488708496, 12.7936172485, -29.0853939056, 50.3930664062, 21.9299736023, -25.0687961578, 2.17245364189, 9.22915172577, -0.794312953949, 4.26852703094, 7.59796142578, 31.9201278687, 73.4669723511]], "icov": [[5.269144458e-05, -6.38144338154e-05, -0.000103099991975, 1.44941632243e-05, 8.06285515864e-06, -9.43732229644e-05, -6.20592327323e-05, 0.00012732099276, 6.3277388108e-05, 0.000102743062598, -2.83719018626e-05, -2.76592109003e-05, 0.000114532107546], [-6.38144338154e-05, 0.00110441434663, 0.000934069277719, -0.000583201297559, -0.000387556210626, -8.92627213034e-05, -0.000410603242926, 0.000205237432965, 0.000934533658437, -7.47660378693e-05, -0.000630785420071, 0.000815414299723, 0.000140411313623], [-0.000103099991975, 0.000934069277719, 0.00296121533029, -0.000159789065947, -0.00136098347139, -0.00106893782504, -0.000641439750325, -0.000206458964385, -8.8941778813e-05, 0.00181984808296, -0.000365976593457, 6.47091073915e-05, 0.000730541709345], [1.44941632243e-05, -0.000583201297559, -0.000159789065947, 0.00350594520569, -0.00084895035252, -0.00080402859021, -0.000219988593017, -0.00140235270374, 0.00167193717789, -0.00136069161817, 0.00250491057523, -0.00063639099244, -0.00203705229796], [8.06285515864e-06, -0.000387556210626, -0.00136098347139, -0.00084895035252, 0.0051740272902, 0.0010129744187, -0.00155636796262, 0.00107125937939, -0.00322172045708, 0.00087058119243, -0.0031583388336, 0.00104409933556, -0.00135920057073], [-9.43732229644e-05, -8.92627213034e-05, -0.00106893782504, -0.00080402859021, 0.0010129744187, 0.00556750036776, 4.02832447435e-05, -0.000998866045848, -0.00124770728871, -1.97524386749e-05, -0.000638421974145, 0.000402397679863, 0.00139822054189], [-6.20592327323e-05, -0.000410603242926, -0.000641439750325, -0.000219988593017, -0.00155636796262, 4.02832447435e-05, 0.00582412770018, -0.000652568705846, -0.00070196588058, -0.00227654632181, 0.00241727847606, 0.000655485433526, -0.000281221204204], [0.00012732099276, 0.000205237432965, -0.000206458964385, -0.00140235270374, 0.00107125937939, -0.000998866045848, -0.000652568705846, 0.0121109327301, -0.00694098975509, 0.00173376151361, -0.000839616754092, 0.000441673328169, -0.00113210175186], [6.3277388108e-05, 0.000934533658437, -8.8941778813e-05, 0.00167193717789, -0.00322172045708, -0.00124770728871, -0.00070196588058, -0.00694098975509, 0.0188748724759, -0.0070453719236, 0.000428281753557, -0.00198009074666, 0.00174541410524], [0.000102743062598, -7.47660378693e-05, 0.00181984808296, -0.00136069161817, 0.00087058119243, -1.97524386749e-05, -0.00227654632181, 0.00173376151361, -0.0070453719236, 0.0192213151604, -0.00807988550514, 0.000806641415693, 0.000918810488656], [-2.83719018626e-05, -0.000630785420071, -0.000365976593457, 0.00250491057523, -0.0031583388336, -0.000638421974145, 0.00241727847606, -0.000839616754092, 0.000428281753557, -0.00807988550514, 0.0228617936373, -0.00789801962674, 0.000442878634203], [-2.76592109003e-05, 0.000815414299723, 6.47091073915e-05, -0.00063639099244, 0.00104409933556, 0.000402397679863, 0.000655485433526, 0.000441673328169, -0.00198009074666, 0.000806641415693, -0.00789801962674, 0.0236309599131, -0.00954924710095], [0.000114532107546, 0.000140411313623, 0.000730541709345, -0.00203705229796, -0.00135920057073, 0.00139822054189, -0.000281221204204, -0.00113210175186, 0.00174541410524, 0.000918810488656, 0.000442878634203, -0.00954924710095, 0.0207957532257]]}, "melbands": {"dmean": [0.00148614495993, 0.00176039966755, 0.000673991511576, 0.000459247967228, 0.000310757401166, 0.000266681483481, 0.000136941933306, 0.000136542323162, 0.00012812546629, 8.82849781192e-05, 4.14798814745e-05, 4.20816941187e-05, 4.6636989282e-05, 4.20894211857e-05, 4.91473874717e-05, 6.99083393556e-05, 1.91979997908e-05, 2.42014157266e-05, 1.73630414793e-05, 1.60295785463e-05, 1.419561886e-05, 1.85305107152e-05, 1.89507100004e-05, 1.14933473014e-05, 8.1328489614e-06, 1.28944730022e-05, 1.11585886771e-05, 7.93929302745e-06, 9.10334256332e-06, 1.27197781694e-05, 6.18111744188e-06, 2.59891680798e-06, 2.16868966163e-06, 1.61658942943e-06, 9.96167727862e-07, 1.57193426276e-06, 2.71159001386e-06, 1.85153066923e-06, 7.96191159225e-07, 7.16706381354e-07], "dmean2": [0.00217791344039, 0.0030296863988, 0.00108196958899, 0.000738326925784, 0.00047539328807, 0.000407313083997, 0.000224833682296, 0.000210124446312, 0.000199297399377, 0.000132808097987, 6.50941001368e-05, 6.94350674166e-05, 7.5734926213e-05, 6.89129665261e-05, 8.04858209449e-05, 0.000115332215501, 3.01384061459e-05, 3.81689642381e-05, 2.78988500213e-05, 2.55903323705e-05, 2.28128483286e-05, 2.90058014798e-05, 2.96064372378e-05, 1.88111425814e-05, 1.32610648507e-05, 2.10263515328e-05, 1.80656807061e-05, 1.29439276861e-05, 1.42660828715e-05, 1.98001107492e-05, 9.74127397058e-06, 4.07318884754e-06, 3.61515367331e-06, 2.55439022112e-06, 1.42876353948e-06, 2.19775802179e-06, 3.90924105886e-06, 2.54430233326e-06, 1.12876455205e-06, 1.00281351934e-06], "dvar": [7.39378720027e-06, 1.01578934846e-05, 7.35768253435e-07, 6.89887713179e-07, 1.81540983135e-07, 1.805908596e-07, 3.08111474112e-08, 4.21427372999e-08, 3.29771694396e-08, 3.51835467427e-08, 5.1957838032e-09, 3.42526051966e-09, 6.53881127022e-09, 4.5657047032e-09, 7.15961778752e-09, 3.53021860633e-08, 1.94141658305e-09, 1.61211410887e-09, 8.90500562178e-10, 9.08366437624e-10, 7.13682390963e-10, 1.84007187265e-09, 1.76587267031e-09, 4.13416301193e-10, 1.76739900493e-10, 5.1461035433e-10, 3.27720905968e-10, 1.21212692661e-10, 1.74264366826e-10, 3.50612899824e-10, 9.02427021998e-11, 2.09434882631e-11, 2.37261339048e-11, 1.16995128863e-11, 2.06232947386e-12, 4.48007429765e-12, 1.89579636711e-11, 8.05854081382e-12, 1.26905604081e-12, 1.13039850917e-12], "dvar2": [1.31264841912e-05, 2.75152669929e-05, 1.84467899089e-06, 1.81328437066e-06, 4.27636820177e-07, 4.0597728912e-07, 7.96662149583e-08, 9.2038114019e-08, 7.04301399423e-08, 6.94053596817e-08, 1.13254774448e-08, 9.17366360653e-09, 1.54623585047e-08, 1.105942804e-08, 1.77195182971e-08, 9.25327512391e-08, 4.23301660391e-09, 4.08107592165e-09, 2.08443973193e-09, 2.08303196914e-09, 1.71191472109e-09, 4.11351042118e-09, 3.83709330976e-09, 1.03309061306e-09, 4.50240983385e-10, 1.2091527779e-09, 8.19888212877e-10, 3.01002583969e-10, 4.18525214485e-10, 8.25208290589e-10, 2.16776860351e-10, 4.8813876552e-11, 6.10031886117e-11, 2.97751719114e-11, 3.78188235936e-12, 8.49443518997e-12, 4.06394362606e-11, 1.65065062313e-11, 2.63986510603e-12, 2.37178852946e-12], "max": [0.026494866237, 0.0292748305947, 0.0111707663164, 0.00975511502475, 0.00658047338948, 0.00742303254083, 0.00199769460596, 0.00351271731779, 0.00251858239062, 0.00473781814799, 0.00135601160582, 0.00088487501489, 0.00177467020694, 0.00192233093549, 0.00114430906251, 0.00427751149982, 0.000964165781625, 0.000513252045494, 0.000521360663697, 0.000669571221806, 0.00058462069137, 0.00115011620801, 0.000705850368831, 0.000400979159167, 0.000347519409843, 0.000442885968369, 0.000320143415593, 0.000129053965793, 0.000190804770682, 0.000246137409704, 0.000177729467396, 4.20059805037e-05, 4.41630654677e-05, 3.14875651384e-05, 1.79695798579e-05, 2.49327713391e-05, 6.21522558504e-05, 3.17448648275e-05, 1.49558354678e-05, 1.67029847944e-05], "mean": [0.0023709719535, 0.00318568083458, 0.00156041036826, 0.000714719470125, 0.000606379879173, 0.000491854094435, 0.000219764697249, 0.00027922631125, 0.000280021107756, 0.000174013519427, 7.69122561906e-05, 7.22889599274e-05, 7.92501741671e-05, 7.04777557985e-05, 8.64840330905e-05, 0.000139179901453, 3.24242500938e-05, 4.2362818931e-05, 3.04735058307e-05, 2.93482753477e-05, 2.58092695731e-05, 3.19118698826e-05, 3.04474197037e-05, 1.83969405043e-05, 1.41365044328e-05, 2.12600662053e-05, 1.85379776667e-05, 1.43436755025e-05, 1.64256071002e-05, 2.23087117774e-05, 1.07399837361e-05, 3.97653684558e-06, 2.87304419544e-06, 2.40724170908e-06, 1.86260103874e-06, 3.03977185467e-06, 4.5850524657e-06, 3.10624727717e-06, 1.3112603483e-06, 1.24485518427e-06], "median": [0.00116287881974, 0.00250168237835, 0.0012387977913, 0.000474684115034, 0.000382182886824, 0.000252499507042, 0.000140502495924, 0.000145817539305, 0.000173804655788, 6.39611826045e-05, 3.64399820683e-05, 4.90318998345e-05, 4.57803253084e-05, 4.34269677498e-05, 4.54813416582e-05, 3.95964380004e-05, 1.91768249351e-05, 2.54574351857e-05, 1.70491657627e-05, 1.4712047232e-05, 1.38183031595e-05, 1.15381535579e-05, 1.3125829355e-05, 1.1436609384e-05, 1.02929861896e-05, 1.29108002511e-05, 1.18233729154e-05, 9.96099151962e-06, 1.09287275336e-05, 1.21689736261e-05, 6.87966348778e-06, 1.94636504602e-06, 1.07273569938e-06, 9.49234561176e-07, 9.41892835726e-07, 1.78615744062e-06, 2.0010852495e-06, 1.167835876e-06, 5.85379098084e-07, 5.06181208948e-07], "min": [4.5777093459e-24, 3.04203835766e-24, 1.00937687386e-23, 1.07944168508e-23, 4.85151073876e-24, 5.6110078745e-24, 9.77667978682e-24, 8.51628753069e-24, 3.02729158911e-24, 4.09928847828e-24, 7.38235756628e-24, 7.75196414393e-24, 1.20755222277e-23, 5.33290995073e-24, 5.49689401697e-24, 8.1185959271e-24, 3.64511048957e-24, 4.49418633098e-24, 9.44651467671e-24, 1.15000284758e-23, 9.37831844032e-24, 8.34128741634e-24, 4.86815846487e-24, 6.76004176423e-24, 4.99717035503e-24, 3.92012475607e-24, 8.83990193984e-24, 1.11023644823e-23, 1.08078006649e-23, 7.12641243445e-24, 5.46645463565e-24, 9.49099302113e-24, 7.43135608369e-24, 7.6379358778e-24, 7.11672916683e-24, 6.86062074079e-24, 7.85882403101e-24, 6.59294090856e-24, 8.82920498597e-24, 7.32070571996e-24], "var": [1.20551658256e-05, 1.0749788089e-05, 2.15323166231e-06, 7.46671730667e-07, 5.7156796629e-07, 4.97216831263e-07, 6.11947612583e-08, 1.37627623076e-07, 1.07873503907e-07, 1.10293015609e-07, 1.58196744593e-08, 6.34143093592e-09, 1.4483281241e-08, 8.94225848924e-09, 1.509414993e-08, 1.34747537572e-07, 3.30942273585e-09, 2.86944112915e-09, 1.84896942201e-09, 1.98236849158e-09, 1.41828615519e-09, 3.76392961243e-09, 3.1836142611e-09, 6.05610006588e-10, 2.40977071631e-10, 8.72515226735e-10, 5.06690078783e-10, 2.19855647576e-10, 3.67902708298e-10, 7.25176141358e-10, 1.42921577351e-10, 2.80520606744e-11, 2.43512363052e-11, 1.47354888708e-11, 6.02348899925e-12, 1.28184355491e-11, 3.88542809038e-11, 1.721223164e-11, 3.30698207533e-12, 3.27814381543e-12]}, "mfcc": {"mean": [-624.058410645, 101.732688904, 4.6718082428, 30.6029567719, 2.73231911659, 5.80877971649, 8.25016117096, -2.33469820023, 1.48631596565, 3.95102000237, -4.52665376663, 10.7458410263, -6.02824211121], "cov": [[14271.0263672, 2366.23754883, -13.3297719955, 514.881347656, -41.323009491, 345.370880127, 425.619659424, -31.3373451233, -31.4735870361, -23.6044197083, -45.5037727356, 149.309738159, -203.604156494], [2366.23754883, 1426.9609375, -318.839996338, 326.733276367, -71.8998794556, 105.315513611, 154.261245728, -80.0100860596, -39.794090271, -10.5936965942, -17.4632110596, 37.9960250854, -75.3082046509], [-13.3297719955, -318.839996338, 424.040344238, -103.764472961, 85.97996521, 32.0185699463, 9.1511926651, 83.3204040527, 29.1546516418, 37.6348800659, 11.788438797, -20.2654743195, 21.7976360321], [514.881347656, 326.733276367, -103.764472961, 475.188873291, 32.2357254028, 65.0615692139, 119.062004089, -0.551489949226, 84.1575317383, -2.07492637634, -16.995300293, 28.8554534912, -33.8946723938], [-41.323009491, -71.8998794556, 85.97996521, 32.2357254028, 253.957992554, 17.7997817993, 10.7797956467, 43.46717453, 32.6154098511, 32.4588127136, 7.95308303833, 27.907743454, 24.9909076691], [345.370880127, 105.315513611, 32.0185699463, 65.0615692139, 17.7997817993, 161.314208984, 71.8864974976, 23.1371860504, 32.7936401367, 28.5277748108, 31.1233901978, 5.80115461349, -8.53101062775], [425.619659424, 154.261245728, 9.1511926651, 119.062004089, 10.7797956467, 71.8864974976, 138.465194702, 36.7146339417, 45.6559829712, 35.3841133118, 9.33945560455, 31.1829433441, -25.9293136597], [-31.3373451233, -80.0100860596, 83.3204040527, -0.551489949226, 43.46717453, 23.1371860504, 36.7146339417, 111.494247437, 61.8411064148, 31.8160896301, 19.4494609833, 19.0415840149, 6.57670593262], [-31.4735870361, -39.794090271, 29.1546516418, 84.1575317383, 32.6154098511, 32.7936401367, 45.6559829712, 61.8411064148, 124.480979919, 45.5909042358, 22.8591880798, 35.1060256958, 0.620507895947], [-23.6044197083, -10.5936965942, 37.6348800659, -2.07492637634, 32.4588127136, 28.5277748108, 35.3841133118, 31.8160896301, 45.5909042358, 107.162635803, 34.1388702393, 29.4234657288, -6.05028343201], [-45.5037727356, -17.4632110596, 11.788438797, -16.995300293, 7.95308303833, 31.1233901978, 9.33945560455, 19.4494609833, 22.8591880798, 34.1388702393, 100.230148315, 16.4000930786, 24.0361461639], [149.309738159, 37.9960250854, -20.2654743195, 28.8554534912, 27.907743454, 5.80115461349, 31.1829433441, 19.0415840149, 35.1060256958, 29.4234657288, 16.4000930786, 108.37348938, 7.20404958725], [-203.604156494, -75.3082046509, 21.7976360321, -33.8946723938, 24.9909076691, -8.53101062775, -25.9293136597, 6.57670593262, 0.620507895947, -6.05028343201, 24.0361461639, 7.20404958725, 90.3199462891]], "icov": [[0.000109246400825, -0.000196824636078, -0.000162040567375, 2.95117770293e-05, 2.61158447756e-06, -6.6652399255e-05, -8.75549303601e-05, 2.48104697675e-05, 6.2951921791e-06, 0.000141499578604, 9.34603031055e-06, -0.000145579469972, 0.000116939198051], [-0.000196824636078, 0.00151879957411, 0.000957368582021, -0.000569520052522, 9.06576169655e-05, -0.00036116479896, -0.000744917604607, 0.000150014515384, 0.00100473803468, -0.000404007092584, 6.11812083662e-07, 3.36389093718e-05, 5.7111687056e-05], [-0.000162040567375, 0.000957368582021, 0.0039205471985, 0.000524974253494, -0.000804957875516, -0.000714076042641, -0.000705575279426, -0.00187364744488, 0.00041871110443, -0.000819896406028, 0.000534399878234, 0.00130005856045, -0.00053075858159], [2.95117770293e-05, -0.000569520052522, 0.000524974253494, 0.00392212998122, -0.000861788459588, -8.97065547178e-05, -0.00257786992006, 0.001661893446, -0.00341842393391, 0.0016308556078, 0.00062632933259, 0.000443423428806, 0.000236426407355], [2.61158447756e-06, 9.06576169655e-05, -0.000804957875516, -0.000861788459588, 0.00485677085817, -0.000372272916138, 0.000941776030231, -0.00127403379884, 0.000567843962926, -0.00123726844322, 0.000620778591838, -0.00109466444701, -0.00122819573153], [-6.6652399255e-05, -0.00036116479896, -0.000714076042641, -8.97065547178e-05, -0.000372272916138, 0.00912915449589, -0.00392749393359, 0.000557408551686, -0.000931164599024, -0.000184505785001, -0.00254850555211, 0.00148298114073, 3.84267041227e-05], [-8.75549303601e-05, -0.000744917604607, -0.000705575279426, -0.00257786992006, 0.000941776030231, -0.00392749393359, 0.0150152016431, -0.00381825957447, 0.00029338686727, -0.00249461503699, 0.000610873335972, -0.0024021056015, 0.00220139254816], [2.48104697675e-05, 0.000150014515384, -0.00187364744488, 0.001661893446, -0.00127403379884, 0.000557408551686, -0.00381825957447, 0.0160346608609, -0.00710898498073, 0.000740504590794, -0.000844709051307, -5.22177724633e-05, -0.000274304358754], [6.2951921791e-06, 0.00100473803468, 0.00041871110443, -0.00341842393391, 0.000567843962926, -0.000931164599024, 0.00029338686727, -0.00710898498073, 0.0164088942111, -0.00411778222769, -0.000765055825468, -0.00237449957058, -0.00017073530762], [0.000141499578604, -0.000404007092584, -0.000819896406028, 0.0016308556078, -0.00123726844322, -0.000184505785001, -0.00249461503699, 0.000740504590794, -0.00411778222769, 0.0142078325152, -0.00356456893496, -0.00186996965203, 0.00242463685572], [9.34603031055e-06, 6.11812083662e-07, 0.000534399878234, 0.00062632933259, 0.000620778591838, -0.00254850555211, 0.000610873335972, -0.000844709051307, -0.000765055825468, -0.00356456893496, 0.0132744684815, -0.000673957052641, -0.00376034830697], [-0.000145579469972, 3.36389093718e-05, 0.00130005856045, 0.000443423428806, -0.00109466444701, 0.00148298114073, -0.0024021056015, -5.22177724633e-05, -0.00237449957058, -0.00186996965203, -0.000673957052641, 0.0119273420423, -0.0015712545719], [0.000116939198051, 5.7111687056e-05, -0.00053075858159, 0.000236426407355, -0.00122819573153, 3.84267041227e-05, 0.00220139254816, -0.000274304358754, -0.00017073530762, 0.00242463685572, -0.00376034830697, -0.0015712545719, 0.0138848479837]]}, "spectral_contrast_coeffs": {"dmean": [0.0484813004732, 0.0479085370898, 0.038195617497, 0.0301026441157, 0.0212957505137, 0.025947522372], "dmean2": [0.0778171643615, 0.0775358304381, 0.0635613277555, 0.0482341311872, 0.0340876169503, 0.0391801297665], "dvar": [0.00172340252902, 0.00153411237989, 0.00102867430542, 0.000639520934783, 0.000291989999823, 0.000662378384732], "dvar2": [0.0043239784427, 0.0038812502753, 0.00267487810925, 0.00151206296869, 0.000735572888516, 0.00139301246963], "max": [-0.399152725935, -0.460750311613, -0.528394579887, -0.544066488743, -0.644005298615, -0.566186130047], "mean": [-0.645176887512, -0.709917902946, -0.769677996635, -0.76850515604, -0.790319442749, -0.730819344521], "median": [-0.64373922348, -0.708389699459, -0.770068645477, -0.770333409309, -0.789983868599, -0.739030778408], "min": [-0.972904384136, -0.978097558022, -0.97163683176, -0.95996171236, -0.966569423676, -0.961913943291], "var": [0.00593994744122, 0.00516926730052, 0.00381423905492, 0.0031288061291, 0.0013822291512, 0.00294398935512]}, "spectral_contrast_valleys": {"dmean": [0.44926661253, 0.381423294544, 0.353961825371, 0.308265984058, 0.297434478998, 0.391414940357], "dmean2": [0.686689138412, 0.602798163891, 0.553141057491, 0.458076328039, 0.426286131144, 0.484007239342], "dvar": [0.283570855856, 0.195919260383, 0.165826097131, 0.150416210294, 0.146796196699, 0.224180862308], "dvar2": [0.505876719952, 0.357598423958, 0.308742016554, 0.256636351347, 0.236269250512, 0.365962088108], "max": [-5.36969327927, -4.97363185883, -5.60091209412, -5.96697044373, -5.67755651474, -7.97104310989], "m