{"lowlevel": {"average_loudness": 0.898589551449, "barkbands_crest": {"dmean": 2.18634343147, "dmean2": 3.4389257431, "dvar": 3.56655454636, "dvar2": 8.77727508545, "max": 22.9519367218, "mean": 8.84629917145, "median": 8.16719532013, "min": 2.59644985199, "var": 9.96475505829}, "barkbands_flatness_db": {"dmean": 0.0155422827229, "dmean2": 0.0228030625731, "dvar": 0.000144531411934, "dvar2": 0.000312386546284, "max": 0.267986506224, "mean": 0.167564660311, "median": 0.166913256049, "min": 0.0147658605129, "var": 0.00122801947873}, "barkbands_kurtosis": {"dmean": 1.50690889359, "dmean2": 2.37768316269, "dvar": 2.65510177612, "dvar2": 5.99315738678, "max": 38.8792037964, "mean": 2.9230120182, "median": 2.1958322525, "min": -1.69964540005, "var": 10.3584775925}, "barkbands_skewness": {"dmean": 0.355995059013, "dmean2": 0.5612205863, "dvar": 0.107425786555, "dvar2": 0.249179169536, "max": 4.5000038147, "mean": 1.28629732132, "median": 1.32992553711, "min": -2.36675524712, "var": 0.69400203228}, "barkbands_spread": {"dmean": 2.20911741257, "dmean2": 3.38121700287, "dvar": 5.14446926117, "dvar2": 11.621676445, "max": 74.6116027832, "mean": 11.5738735199, "median": 10.8815813065, "min": 2.63762545586, "var": 26.5934810638}, "dissonance": {"dmean": 0.0235745199025, "dmean2": 0.039789840579, "dvar": 0.000411176966736, "dvar2": 0.00110501470044, "max": 0.499999940395, "mean": 0.44475325942, "median": 0.448311269283, "min": 0.329266577959, "var": 0.000909263442736}, "dynamic_complexity": 4.52457237244, "erbbands_crest": {"dmean": 2.66595649719, "dmean2": 4.319003582, "dvar": 5.46363544464, "dvar2": 14.3666086197, "max": 23.4579792023, "mean": 9.57089138031, "median": 8.88656139374, "min": 2.50956320763, "var": 12.8476037979}, "erbbands_flatness_db": {"dmean": 0.0140011506155, "dmean2": 0.0209716241807, "dvar": 0.000139260504511, "dvar2": 0.000281706888927, "max": 0.322517603636, "mean": 0.22009241581, "median": 0.221213728189, "min": 0.0645605623722, "var": 0.00156869820785}, "erbbands_kurtosis": {"dmean": 0.821961700916, "dmean2": 1.33713281155, "dvar": 0.875012516975, "dvar2": 2.11343836784, "max": 16.9343852997, "mean": 0.823023319244, "median": 0.453063488007, "min": -1.39084243774, "var": 2.48642039299}, "erbbands_skewness": {"dmean": 0.303153753281, "dmean2": 0.485837161541, "dvar": 0.0694007575512, "dvar2": 0.163201019168, "max": 3.31643748283, "mean": 0.712509810925, "median": 0.719266057014, "min": -1.75943112373, "var": 0.358982801437}, "erbbands_spread": {"dmean": 3.69139409065, "dmean2": 5.85568714142, "dvar": 8.93270683289, "dvar2": 21.4172382355, "max": 55.8959541321, "mean": 21.2751617432, "median": 20.59324646, "min": 6.06808900833, "var": 40.6079673767}, "hfc": {"dmean": 4.13364887238, "dmean2": 6.46371841431, "dvar": 20.6098442078, "dvar2": 51.3930015564, "max": 68.6056213379, "mean": 20.4198246002, "median": 20.2710762024, "min": 1.10824023961e-16, "var": 161.440185547}, "melbands_crest": {"dmean": 2.68294596672, "dmean2": 4.20776891708, "dvar": 5.16140937805, "dvar2": 11.9064474106, "max": 29.9999351501, "mean": 11.2342596054, "median": 10.405210495, "min": 1.00165426731, "var": 19.0750274658}, "melbands_flatness_db": {"dmean": 0.0157864335924, "dmean2": 0.0227475631982, "dvar": 0.000180162867764, "dvar2": 0.00036763260141, "max": 0.328724652529, "mean": 0.196475103498, "median": 0.198315382004, "min": 9.060094186e-08, "var": 0.00222106440924}, "melbands_kurtosis": {"dmean": 2.14816260338, "dmean2": 3.44777226448, "dvar": 4.80366373062, "dvar2": 11.3695602417, "max": 29.6532402039, "mean": 4.78878164291, "median": 3.95523691177, "min": -1.60856497288, "var": 15.5341529846}, "melbands_skewness": {"dmean": 0.38790795207, "dmean2": 0.613733112812, "dvar": 0.104758612812, "dvar2": 0.258445739746, "max": 4.79231071472, "mean": 1.56374883652, "median": 1.54797041416, "min": -1.06550908089, "var": 0.471579641104}, "melbands_spread": {"dmean": 3.62574315071, "dmean2": 5.70498943329, "dvar": 32.5627555847, "dvar2": 83.128692627, "max": 156.054397583, "mean": 18.8420677185, "median": 14.8491783142, "min": 3.17718720436, "var": 400.057922363}, "pitch_salience": {"dmean": 0.0549873560667, "dmean2": 0.0891193524003, "dvar": 0.00214163959026, "dvar2": 0.00539552094415, "max": 0.996090531349, "mean": 0.601624310017, "median": 0.60421782732, "min": 0.249882847071, "var": 0.00822809059173}, "silence_rate_20dB": {"dmean": 0, "dmean2": 0, "dvar": 0, "dvar2": 0, "max": 1, "mean": 1, "median": 1, "min": 1, "var": 0}, "silence_rate_30dB": {"dmean": 0, "dmean2": 0, "dvar": 0, "dvar2": 0, "max": 1, "mean": 1, "median": 1, "min": 1, "var": 0}, "silence_rate_60dB": {"dmean": 0.00125313282479, "dmean2": 0.00250783702359, "dvar": 0.00125154305715, "dvar2": 0.00250156712718, "max": 1, "mean": 0.122730121017, "median": 0, "min": 0, "var": 0.107665576041}, "spectral_centroid": {"dmean": 136.152572632, "dmean2": 210.79447937, "dvar": 85318.9765625, "dvar2": 143383.921875, "max": 11790.6113281, "mean": 1302.47790527, "median": 1008.50494385, "min": 512.804321289, "var": 2340226}, "spectral_complexity": {"dmean": 2.07268166542, "dmean2": 3.37554860115, "dvar": 3.88821101189, "dvar2": 9.85085296631, "max": 37, "mean": 18.7357540131, "median": 21, "min": 0, "var": 64.1056518555}, "spectral_decrease": {"dmean": 1.44077305642e-09, "dmean2": 2.1984414289e-09, "dvar": 2.38803051698e-18, "dvar2": 5.27654376845e-18, "max": 7.67801710775e-20, "mean": -6.25077278826e-09, "median": -6.05828942568e-09, "min": -2.52220271335e-08, "var": 1.51243142493e-17}, "spectral_energy": {"dmean": 0.00577539205551, "dmean2": 0.00883766449988, "dvar": 3.84898521588e-05, "dvar2": 8.5435967776e-05, "max": 0.100360222161, "mean": 0.02544400841, "median": 0.0246639493853, "min": 1.0168465031e-20, "var": 0.000248640862992}, "spectral_energyband_high": {"dmean": 4.41586453235e-05, "dmean2": 6.17709738435e-05, "dvar": 3.42263484221e-09, "dvar2": 6.70949118486e-09, "max": 0.00117749394849, "mean": 0.000176257002749, "median": 0.000132998990011, "min": 7.41260134481e-21, "var": 2.48199452102e-08}, "spectral_energyband_low": {"dmean": 6.54517643852e-05, "dmean2": 9.84071157291e-05, "dvar": 2.4698689316e-08, "dvar2": 3.79093734182e-08, "max": 0.00726662110537, "mean": 0.000246377370786, "median": 8.46809271025e-05, "min": 9.76646719354e-24, "var": 4.8701696187e-07}, "spectral_energyband_middle_high": {"dmean": 0.00213693128899, "dmean2": 0.00357249844819, "dvar": 6.53378992865e-06, "dvar2": 1.80616880243e-05, "max": 0.0280560497195, "mean": 0.00700587267056, "median": 0.00637271348387, "min": 1.165443058e-21, "var": 2.38105785684e-05}, "spectral_energyband_middle_low": {"dmean": 0.00525251077488, "dmean2": 0.00787988305092, "dvar": 3.1397510611e-05, "dvar2": 6.83966209181e-05, "max": 0.0837044343352, "mean": 0.0183895379305, "median": 0.0169167853892, "min": 1.8480320047e-22, "var": 0.000154777415446}, "spectral_entropy": {"dmean": 0.105250917375, "dmean2": 0.149680882692, "dvar": 0.00903900898993, "dvar2": 0.0160080883652, "max": 9.82063579559, "mean": 7.34406471252, "median": 7.28935194016, "min": 6.50990533829, "var": 0.189951106906}, "spectral_flux": {"dmean": 0.0137230604887, "dmean2": 0.0235263295472, "dvar": 0.00018747113063, "dvar2": 0.000527058844455, "max": 0.170205458999, "mean": 0.0673803985119, "median": 0.0713796243072, "min": 6.41615510721e-11, "var": 0.000999781768769}, "spectral_kurtosis": {"dmean": 2.11622238159, "dmean2": 3.68053650856, "dvar": 4.16801548004, "dvar2": 12.5241603851, "max": 26.2443695068, "mean": 7.4615354538, "median": 7.01611614227, "min": -1.25432503223, "var": 11.0166893005}, "spectral_rms": {"dmean": 0.000524372502696, "dmean2": 0.000794666702859, "dvar": 2.55329041465e-07, "dvar2": 5.70173256165e-07, "max": 0.00989506952465, "mean": 0.00455983681604, "median": 0.00490534305573, "min": 3.14967518213e-12, "var": 4.03128660764e-06}, "spectral_rolloff": {"dmean": 218.839599609, "dmean2": 370.262878418, "dvar": 324635.3125, "dvar2": 624506, "max": 19896.6796875, "mean": 1682.44848633, "median": 1162.79296875, "min": 452.197265625, "var": 7782763.5}, "spectral_skewness": {"dmean": 0.214558213949, "dmean2": 0.368160068989, "dvar": 0.0373263806105, "dvar2": 0.10222941637, "max": 4.14006900787, "mean": 1.88524901867, "median": 1.90036547184, "min": -0.0690954625607, "var": 0.21895070374}, "spectral_spread": {"dmean": 266822.1875, "dmean2": 415046.03125, "dvar": 1154251096060.0, "dvar2": 2106189152260.0, "max": 42034076, "mean": 3938023.25, "median": 3030252.5, "min": 1673173.75, "var": 30411891671000.0}, "spectral_strongpeak": {"dmean": 0.626499176025, "dmean2": 1.0311602354, "dvar": 0.495469868183, "dvar2": 1.3281699419, "max": 7.25666332245, "mean": 1.58146250248, "median": 1.43731617928, "min": 0, "var": 1.21813488007}, "zerocrossingrate": {"dmean": 0.00529399653897, "dmean2": 0.00693849194795, "dvar": 0.000174782224349, "dvar2": 0.000328928173985, "max": 0.525390625, "mean": 0.0619264133275, "median": 0.04736328125, "min": 0.017578125, "var": 0.00548598729074}, "barkbands": {"dmean": [2.21979323811e-08, 9.98789619189e-06, 3.48754947481e-05, 8.50608412293e-05, 0.000749032653403, 0.00150869763456, 0.00153028371278, 0.00240826746449, 0.00218987651169, 0.000871664553415, 0.000697528594173, 0.000951070338488, 0.000550905242562, 0.00031761592254, 0.000330231065163, 0.000218022643821, 0.000209587582503, 0.00012350716861, 7.52018750063e-05, 4.07410334446e-05, 1.89645943465e-05, 9.27061046241e-06, 5.08442644787e-06, 4.74071794088e-06, 1.0766863852e-05, 1.39266251153e-06, 2.14032365875e-06], "dmean2": [3.71325725723e-08, 1.61337284226e-05, 5.4373878811e-05, 0.00012939509179, 0.00104329001624, 0.00220960774459, 0.00205515720882, 0.00350723974407, 0.00345604820177, 0.00140752154402, 0.0011866070563, 0.0016008844832, 0.000962396035902, 0.000532307953108, 0.000552895478904, 0.000363892497262, 0.000351103080902, 0.000213100545807, 0.000123207748402, 6.8180168455e-05, 3.0261282518e-05, 1.42767321449e-05, 8.39304539113e-06, 7.65287677496e-06, 1.55529851327e-05, 2.11620204027e-06, 2.690323754e-06], "dvar": [7.84409472123e-16, 6.20815898689e-10, 5.9052549517e-09, 2.52361616049e-08, 1.01521391116e-06, 3.74542696591e-06, 6.67778022034e-06, 1.09075745058e-05, 1.35630079967e-05, 1.75561319793e-06, 2.16024614019e-06, 1.91930666915e-06, 1.60891534051e-06, 2.25249607411e-07, 2.08825412074e-07, 9.57756114417e-08, 1.1137208844e-07, 3.04333234169e-08, 9.63734070325e-09, 3.5105029994e-09, 8.29220969667e-10, 1.61991933756e-10, 8.15128381459e-11, 7.18700376989e-11, 8.61223758974e-10, 1.99510130638e-11, 3.04222376457e-11], "dvar2": [2.09284371212e-15, 1.22047094653e-09, 1.15117009258e-08, 5.34851345435e-08, 1.83721215308e-06, 9.0888242994e-06, 9.51883521338e-06, 2.34063027165e-05, 3.45908192685e-05, 4.60426781501e-06, 6.12933990851e-06, 5.30842635271e-06, 4.62709749627e-06, 6.08992479556e-07, 5.63544460874e-07, 2.40418643216e-07, 3.27945599565e-07, 8.5699589647e-08, 2.4876051441e-08, 9.85385195662e-09, 2.13201301058e-09, 3.81860293386e-10, 2.33118496729e-10, 2.0252664823e-10, 1.76121350837e-09, 4.47038829565e-11, 5.56331335166e-11], "max": [2.69876750281e-07, 0.000788285105955, 0.00243965443224, 0.00575439957902, 0.0160536877811, 0.0306778177619, 0.0781627893448, 0.0524105094373, 0.0589243397117, 0.0147998705506, 0.0211179647595, 0.0157506857067, 0.0218549445271, 0.00490437541157, 0.00554646831006, 0.00393737060949, 0.00486757140607, 0.00208813068457, 0.00170585385058, 0.000852977856994, 0.000471905310405, 0.000188071135199, 0.000128305124235, 0.000161635543918, 0.000353241863195, 0.000136363189085, 7.58094029152e-05], "mean": [2.71146944897e-08, 2.50617940765e-05, 8.97717400221e-05, 0.000227735668886, 0.00217487080954, 0.00384325440973, 0.00355702056549, 0.00428571132943, 0.00368261570111, 0.00148805440404, 0.00102178927045, 0.00160050601698, 0.000844088557642, 0.000508299446665, 0.000572934572119, 0.000424747064244, 0.000405473256251, 0.000258542509982, 0.000195066721062, 0.000101324782008, 5.06543292431e-05, 2.61233781202e-05, 1.54659519467e-05, 1.4788696717e-05, 2.17482793232e-05, 4.18112313127e-06, 4.15603653892e-06], "median": [1.63002091824e-08, 6.13710199104e-06, 2.06581134989e-05, 7.03443656676e-05, 0.00147793861106, 0.00275343796238, 0.00155509379692, 0.00231474614702, 0.00192569871433, 0.000901370774955, 0.000420662079705, 0.0009490083321, 0.000334489654051, 0.000285866932245, 0.000396336137783, 0.000284862500848, 0.000270838994766, 0.000208360652323, 0.000151933578309, 7.87451353972e-05, 3.64778534276e-05, 1.81616305781e-05, 7.77530021878e-06, 6.31748480373e-06, 6.77564594298e-06, 1.73335286036e-06, 3.15833148079e-07], "min": [5.60701919655e-25, 2.62466940764e-24, 4.31859437373e-25, 9.68885866325e-25, 1.11027644348e-23, 5.77819944919e-24, 1.51419294848e-23, 1.1420514452e-23, 1.60573252569e-23, 1.61977251431e-23, 9.18208692356e-24, 2.40092861507e-23, 4.50850163205e-23, 3.49356265772e-23, 5.54435867323e-23, 6.42642191668e-23, 9.08845954708e-23, 1.11506334612e-22, 1.48845544637e-22, 2.01591978069e-22, 2.75314349188e-22, 3.63994860979e-22, 3.23448773602e-22, 5.82531243126e-22, 9.72706138251e-22, 1.38926266251e-21, 2.04454450109e-21], "var": [1.03366141059e-15, 3.68235131276e-09, 6.19434175064e-08, 2.92879093422e-07, 5.25312952959e-06, 1.4793507944e-05, 3.52783390554e-05, 3.16307086905e-05, 2.82437813439e-05, 3.55843826583e-06, 3.14543990498e-06, 3.90199238609e-06, 2.76770560959e-06, 4.23463546895e-07, 3.78850330662e-07, 2.26685102689e-07, 2.39804677449e-07, 5.56662378415e-08, 3.19521120673e-08, 9.45085698589e-09, 2.67772048979e-09, 6.61259658141e-10, 3.49104328778e-10, 3.8057981766e-10, 1.7260279872e-09, 5.70288712087e-11, 9.89333753809e-11]}, "erbbands": {"dmean": [7.11393440724e-05, 0.00316294212826, 0.0295815058053, 0.154751256108, 0.776798784733, 2.61609888077, 9.76497840881, 12.6453647614, 19.8290748596, 32.8085861206, 54.2273635864, 40.8116989136, 39.588596344, 25.8981876373, 31.0028152466, 42.0346565247, 24.1760044098, 19.7961616516, 13.2523546219, 14.8514757156, 12.4667358398, 8.7048330307, 7.24647903442, 4.76746082306, 3.71895766258, 1.88323915005, 1.00901651382, 0.515245854855, 0.367300003767, 0.21636916697, 0.151160031557, 0.114358179271, 0.0787929967046, 0.192570596933, 0.0417373590171, 0.00773044954985, 0.0029424757231, 0.001065557939, 0.000378274155082, 3.03944343614e-05], "dmean2": [0.000115404553071, 0.00507285865024, 0.0457048416138, 0.227646976709, 1.03877472878, 3.6938803196, 13.0140542984, 19.1376914978, 26.8302783966, 47.1053581238, 79.3479156494, 65.6998443604, 60.8633651733, 43.1594963074, 52.6228637695, 70.7915039062, 42.1946029663, 33.6958808899, 21.6725940704, 25.2505550385, 20.7435760498, 14.5020008087, 12.4360523224, 8.06887245178, 6.11954593658, 3.17285919189, 1.61818945408, 0.809977948666, 0.572166740894, 0.351133525372, 0.250877529383, 0.190447181463, 0.123931840062, 0.287005901337, 0.0600203834474, 0.0117097059265, 0.00430358061567, 0.00146516331006, 0.000469205231639, 3.93919763155e-05], "dvar": [1.83966459844e-08, 5.97574799031e-05, 0.00363744585775, 0.111669816077, 1.5352782011, 12.278512001, 227.379425049, 326.165618896, 1340.24450684, 2903.78417969, 5468.46630859, 4983.39990234, 4112.24609375, 1975.83032227, 4022.72192383, 4285.78515625, 3781.81982422, 964.387145996, 400.798858643, 597.083007812, 306.501251221, 168.957427979, 100.074714661, 44.5964279175, 25.099817276, 8.0477809906, 2.35043931007, 0.525198459625, 0.286775022745, 0.0928476005793, 0.0790935233235, 0.0560905486345, 0.0160950608552, 0.318313002586, 0.00870070233941, 0.000193041429156, 0.000217578955926, 1.19423975775e-05, 1.02830904325e-06, 6.05553696076e-09], "dvar2": [4.01657906934e-08, 0.00011672990513, 0.00699528353289, 0.185958340764, 2.51555037498, 22.762512207, 363.65222168, 816.932495117, 1833.43823242, 6203.55371094, 11797.5820312, 13555.890625, 9443.41699219, 5221.40869141, 11497.5800781, 11813.4033203, 10964.1757812, 2677.48803711, 1048.7286377, 1721.05810547, 791.085998535, 486.310058594, 281.278656006, 124.69178009, 70.4285430908, 22.3864498138, 6.16177749634, 1.22656166553, 0.675934612751, 0.255491793156, 0.218779176474, 0.161337390542, 0.0417637713253, 0.679539620876, 0.0169582534581, 0.000474762142403, 0.000464931130409, 2.6552912459e-05, 1.69706368069e-06, 1.14144365071e-08], "max": [0.00389220938087, 0.243124812841, 1.57701098919, 16.2171382904, 23.807050705, 64.4128341675, 262.244720459, 309.729370117, 1248.83032227, 1064.96875, 794.595458984, 945.890197754, 1182.53491211, 533.066955566, 1003.30938721, 780.567626953, 1061.59838867, 437.342712402, 335.251922607, 391.166442871, 252.631790161, 209.431488037, 135.831008911, 97.4346847534, 67.913230896, 48.3101158142, 24.0004863739, 12.3947553635, 7.39820766449, 3.92234754562, 4.80208158493, 3.81269550323, 3.15978074074, 6.80333089828, 1.2950578928, 0.227478429675, 0.469506531954, 0.0679889395833, 0.0198959112167, 0.00133399537299], "mean": [0.000197371147806, 0.00832620356232, 0.0790904015303, 0.547529518604, 1.91158556938, 7.31022882462, 25.9123134613, 29.0876274109, 48.6004829407, 67.4493331909, 93.2419052124, 70.6320114136, 81.1682281494, 43.3406867981, 52.0745239258, 70.8479003906, 40.9030342102, 33.3964500427, 23.7694015503, 27.4391536713, 24.7852401733, 18.9790058136, 16.7517604828, 11.5241508484, 9.14085102081, 4.97041893005, 2.70338916779, 1.41236257553, 0.999368309975, 0.620718598366, 0.457429349422, 0.330897212029, 0.23653255403, 0.34471976757, 0.0992663055658, 0.0241642892361, 0.00718278763816, 0.00228851591237, 0.000762924843002, 7.48600068619e-05], "median": [8.57887062011e-05, 0.00234931893647, 0.0250651538372, 0.194063872099, 0.95301759243, 4.93760585785, 13.8643922806, 19.7623062134, 22.2811908722, 33.1346511841, 54.9612159729, 41.6007118225, 50.4912986755, 25.9120311737, 31.1517429352, 42.6193313599, 19.5508308411, 20.8199939728, 16.4111709595, 18.5925140381, 17.0995388031, 13.6733608246, 13.5972328186, 8.81764698029, 7.15495634079, 3.87614130974, 2.03437185287, 1.02082812786, 0.696724593639, 0.391410678625, 0.216187670827, 0.132594063878, 0.113791920245, 0.088458172977, 0.0363549590111, 0.0110081247985, 0.00278490968049, 0.000582386215683, 7.27459628251e-05, 3.79060365958e-05], "min": [1.0050012833e-22, 2.88337041717e-22, 1.05087167691e-21, 1.36879763658e-20, 2.49658747752e-20, 3.54990085185e-20, 5.45155644525e-20, 6.39174996276e-20, 2.03356020495e-19, 3.6413072176e-19, 4.43201666146e-19, 5.4637461148e-19, 5.36793895433e-19, 7.30067540688e-19, 7.28925359358e-19, 1.29745946736e-18, 1.88113837351e-18, 1.9242266252e-18, 1.95089223982e-18, 3.8094272827e-18, 4.37919301094e-18, 5.05878557706e-18, 5.59049437968e-18, 6.7309965326e-18, 7.59180162347e-18, 9.4823038883e-18, 1.17909351994e-17, 1.07539443604e-17, 1.12596362648e-17, 1.20516170336e-17, 9.82446383996e-18, 1.01779495486e-17, 1.08572989236e-17, 9.75693446911e-18, 6.60101709346e-18, 4.17451998966e-18, 2.3206986355e-18, 9.03083222549e-19, 2.2572887792e-19, 2.79641039965e-20], "var": [9.48890388486e-08, 0.000366129097529, 0.0335149057209, 2.25443792343, 6.81821918488, 66.6588745117, 1262.66223145, 1016.31408691, 7775.74658203, 10468.6455078, 12186.4033203, 8530.14746094, 10796.2314453, 3403.16210938, 5450.99511719, 7821.71826172, 6162.60839844, 1731.83642578, 721.670471191, 1008.73834229, 755.448913574, 415.521209717, 230.809432983, 115.572540283, 69.5832290649, 23.743806839, 6.95151472092, 1.84151601791, 0.990839004517, 0.402374088764, 0.331960916519, 0.193474397063, 0.100468747318, 0.559185624123, 0.0235735923052, 0.00103811896406, 0.000444318691734, 3.02293010463e-05, 3.65653750123e-06, 1.52382071406e-08]}, "gfcc": {"mean": [-79.4494247437, 89.4225692749, -163.408248901, -21.2555847168, -79.7812957764, -23.187707901, -47.7608718872, -2.20059514046, -28.4997901917, -5.57284641266, -12.3549842834, -4.85553979874, -8.31080436707], "cov": [[55394.0234375, 2578.59985352, -5040.77050781, -404.98840332, -2044.83203125, -190.607254028, -2206.33105469, -303.362030029, -1448.57299805, -644.673461914, -966.60369873, -458.507141113, -263.82824707], [2578.59985352, 1328.1204834, -279.675018311, 12.9028806686, -4.91533041, -79.0473327637, 65.0143203735, -56.6707000732, -92.360824585, -145.754714966, -37.5403022766, -62.5648269653, -14.0342245102], [-5040.77050781, -279.675018311, 1291.66491699, 78.9253540039, 449.493896484, 191.734085083, 267.840454102, 24.6070175171, 85.2002563477, 16.457567215, 9.39496517181, 9.61938095093, -0.243084982038], [-404.98840332, 12.9028806686, 78.9253540039, 259.072753906, 33.6539573669, 86.4437942505, 47.8435058594, 15.1976490021, 24.3696937561, 6.13982391357, 8.62194633484, -7.72549533844, 3.26010012627], [-2044.83203125, -4.91533041, 449.493896484, 33.6539573669, 305.345184326, 58.9686431885, 143.569747925, -1.27165257931, 45.8826675415, -15.3469181061, 4.11150074005, -10.1808423996, 9.59165668488], [-190.607254028, -79.0473327637, 191.734085083, 86.4437942505, 58.9686431885, 146.510803223, 25.5268974304, 22.0637454987, 0.866996526718, 6.61578321457, -5.92092847824, -9.7826166153, -10.0405626297], [-2206.33105469, 65.0143203735, 267.840454102, 47.8435058594, 143.569747925, 25.5268974304, 194.70904541, 24.311460495, 61.3503761292, -11.8553447723, 28.3319740295, -2.59315562248, 10.9715805054], [-303.362030029, -56.6707000732, 24.6070175171, 15.1976490021, -1.27165257931, 22.0637454987, 24.311460495, 62.4014663696, 30.6804161072, 18.9576263428, 2.50941300392, 1.16926622391, -7.95661211014], [-1448.57299805, -92.360824585, 85.2002563477, 24.3696937561, 45.8826675415, 0.866996526718, 61.3503761292, 30.6804161072, 98.1407241821, 38.3098716736, 39.3774108887, 4.41340398788, 8.16788959503], [-644.673461914, -145.754714966, 16.457567215, 6.13982391357, -15.3469181061, 6.61578321457, -11.8553447723, 18.9576263428, 38.3098716736, 74.6089706421, 36.3784599304, 15.6928882599, -7.76253032684], [-966.60369873, -37.5403022766, 9.39496517181, 8.62194633484, 4.11150074005, -5.92092847824, 28.3319740295, 2.50941300392, 39.3774108887, 36.3784599304, 73.9386978149, 24.8229160309, 12.2046508789], [-458.507141113, -62.5648269653, 9.61938095093, -7.72549533844, -10.1808423996, -9.7826166153, -2.59315562248, 1.16926622391, 4.41340398788, 15.6928882599, 24.8229160309, 49.2996177673, 15.619134903], [-263.82824707, -14.0342245102, -0.243084982038, 3.26010012627, 9.59165668488, -10.0405626297, 10.9715805054, -7.95661211014, 8.16788959503, -7.76253032684, 12.2046508789, 15.619134903, 63.0059051514]], "icov": [[8.59464926179e-05, -0.00010418563761, 0.000181366238394, 1.24830548884e-05, -1.25776909954e-06, -0.000243735674303, 0.000646214932203, -0.000227102151257, 0.000453781685792, 0.000208772631595, 0.000325481494656, 0.000362726481399, -2.91956639558e-05], [-0.00010418563761, 0.00133614626247, 0.000138389630592, -0.000267261319095, -0.000196240769583, 0.000819251697976, -0.00168274331372, 0.000499951012898, 0.000493202416692, 0.00149473710917, -0.00126726122107, 0.000604974396992, 0.00060803379165], [0.000181366238394, 0.000138389630592, 0.00267625763081, 0.000462240714114, -0.00230166944675, -0.00243086717092, -0.000539166328963, 0.000524948292878, 0.00104655977339, -0.000627659203019, 0.00206959433854, -0.000664598483127, 0.000450728693977], [1.24830548884e-05, -0.000267261319095, 0.000462240714114, 0.00531902303919, 0.00034103015787, -0.00393226463348, -0.00121816131286, 0.000995436799712, -0.00142748805229, -0.000604294531513, 0.000633989460766, -8.20689674583e-05, -0.000613282260019], [-1.25776909954e-06, -0.000196240769583, -0.00230166944675, 0.00034103015787, 0.00840932223946, -0.000585501722526, -0.00262087932788, 0.00260212807916, -0.00216291868128, 0.00116005237214, 0.000797036685981, 0.00131407554727, -0.000720834999811], [-0.000243735674303, 0.000819251697976, -0.00243086717092, -0.00393226463348, -0.000585501722526, 0.0134516069666, -1.79265189217e-05, -0.00455076573417, 0.00307914381847, -0.000320519553497, -0.00315388268791, 0.00252188136801, 0.000564261397813], [0.000646214932203, -0.00168274331372, -0.000539166328963, -0.00121816131286, -0.00262087932788, -1.79265189217e-05, 0.0183140598238, -0.00684867659584, -0.0013362870086, 0.00810447521508, -0.00328762549907, 0.0036822585389, -0.000370081746951], [-0.000227102151257, 0.000499951012898, 0.000524948292878, 0.000995436799712, 0.00260212807916, -0.00455076573417, -0.00684867659584, 0.0255365520716, -0.00923723913729, -0.00518915196881, 0.00692366017029, -0.00464220391586, 0.00277483952232], [0.000453781685792, 0.000493202416692, 0.00104655977339, -0.00142748805229, -0.00216291868128, 0.00307914381847, -0.0013362870086, -0.00923723913729, 0.0262221712619, -0.0066631003283, -0.00553661817685, 0.00831792037934, -0.00323575851507], [0.000208772631595, 0.00149473710917, -0.000627659203019, -0.000604294531513, 0.00116005237214, -0.000320519553497, 0.00810447521508, -0.00518915196881, -0.0066631003283, 0.0312354881316, -0.011992088519, -0.000661979254801, 0.00614088121802], [0.000325481494656, -0.00126726122107, 0.00206959433854, 0.000633989460766, 0.000797036685981, -0.00315388268791, -0.00328762549907, 0.00692366017029, -0.00553661817685, -0.011992088519, 0.0300324186683, -0.00977159757167, -0.00227609905414], [0.000362726481399, 0.000604974396992, -0.000664598483127, -8.20689674583e-05, 0.00131407554727, 0.00252188136801, 0.0036822585389, -0.00464220391586, 0.00831792037934, -0.000661979254801, -0.00977159757167, 0.0320928320289, -0.00659315101802], [-2.91956639558e-05, 0.00060803379165, 0.000450728693977, -0.000613282260019, -0.000720834999811, 0.000564261397813, -0.000370081746951, 0.00277483952232, -0.00323575851507, 0.00614088121802, -0.00227609905414, -0.00659315101802, 0.0197840854526]]}, "melbands": {"dmean": [1.59527746746e-06, 1.1489991266e-05, 3.9943788579e-05, 0.000104859704152, 0.000287722737994, 0.000284292473225, 0.000308220391162, 0.000365302985301, 0.00042567923083, 0.00028721842682, 0.000201163158636, 0.000111368863145, 0.000104139377072, 0.000122607496451, 7.56416920922e-05, 4.61796262243e-05, 3.6788151192e-05, 2.02927112696e-05, 2.16481039388e-05, 1.82606545422e-05, 1.55765574164e-05, 8.64928188093e-06, 1.1491018995e-05, 7.76280558057e-06, 3.95110600948e-06, 2.95218751489e-06, 2.35830020756e-06, 1.28505553221e-06, 8.28912845918e-07, 4.77810033317e-07, 3.37639761483e-07, 2.34955535916e-07, 2.01538725264e-07, 1.18699212237e-07, 1.01609863634e-07, 9.69621183344e-08, 7.63492948863e-08, 6.43759037189e-08, 5.77106220589e-08, 2.27830625477e-07], "dmean2": [2.57983265328e-06, 1.81716895895e-05, 5.83793298574e-05, 0.000145614365465, 0.000383764971048, 0.000428825238487, 0.000416941969888, 0.000531184196007, 0.00063002348179, 0.000458416267065, 0.00030940969009, 0.00018482284213, 0.000177461828571, 0.000206438315217, 0.000130728629301, 8.03459333838e-05, 6.23994201305e-05, 3.33845709974e-05, 3.61289421562e-05, 3.10444338538e-05, 2.60802444245e-05, 1.45172552948e-05, 1.92895968212e-05, 1.35184873216e-05, 6.60504838379e-06, 4.87612669531e-06, 4.00532462663e-06, 2.14383726416e-06, 1.35675247748e-06, 7.74264719894e-07, 5.29666124294e-07, 3.71632808083e-07, 3.16245547083e-07, 2.01815083756e-07, 1.68765026842e-07, 1.62026736916e-07, 1.26312301063e-07, 1.03361749382e-07, 9.01879531057e-08, 3.40078543104e-07], "dvar": [1.41194339207e-11, 5.72681013722e-10, 4.77277506405e-09, 2.34098465057e-08, 1.85718548096e-07, 1.53454777774e-07, 3.05301085746e-07, 3.65998459984e-07, 3.15137469897e-07, 2.39597596874e-07, 1.06441085279e-07, 3.93439378854e-08, 4.55317348269e-08, 3.0110548721e-08, 1.84442328077e-08, 7.36959604453e-09, 3.35670535812e-09, 9.18021048069e-10, 1.04704234172e-09, 7.95814414367e-10, 4.86584383896e-10, 1.49373916014e-10, 3.84248133312e-10, 1.60888899425e-10, 3.42083132654e-11, 1.62879588289e-11, 1.19545562685e-11, 3.1650951391e-12, 1.95835990653e-12, 4.77907372964e-13, 2.40977675097e-13, 1.26394784938e-13, 8.39988208113e-14, 3.48838288171e-14, 3.940519921e-14, 3.7233091637e-14, 2.29098305675e-14, 1.47373771715e-14, 8.02895754439e-15, 4.92231418386e-13], "dvar2": [2.85883677842e-11, 1.11037934403e-09, 9.1226715071e-09, 3.90815806384e-08, 3.01680813664e-07, 3.89700403503e-07, 4.07483270237e-07, 7.85278473359e-07, 7.03995510776e-07, 6.34279786027e-07, 2.44894636126e-07, 1.04297583903e-07, 1.300385577e-07, 8.23629093816e-08, 5.24835357396e-08, 2.12359410057e-08, 9.23659104757e-09, 2.39639708077e-09, 2.72509836918e-09, 2.16305529044e-09, 1.28203625493e-09, 4.42172187753e-10, 1.08167796942e-09, 4.6578529922e-10, 9.64010468674e-11, 4.44773419483e-11, 3.5270758536e-11, 8.85447618004e-12, 5.31238508045e-12, 1.21787139835e-12, 6.03258166077e-13, 3.24691662446e-13, 2.03228425299e-13, 1.01684211452e-13, 1.11347393708e-13, 1.03839862869e-13, 6.56977727428e-14, 3.79103486884e-14, 2.06427858477e-14, 1.06178303996e-12], "max": [0.000116797789815, 0.000552351935767, 0.00227927858941, 0.00335554708727, 0.00755337625742, 0.00631487322971, 0.0185982435942, 0.01295696944, 0.00573756219819, 0.00703112455085, 0.00606160843745, 0.00235989433713, 0.00303133274429, 0.00198550894856, 0.00213848333806, 0.00129702081904, 0.00072331976844, 0.000497175147757, 0.000494610168971, 0.000410620501498, 0.00032535896753, 0.000154549154104, 0.000344146188581, 0.000163653414347, 9.52793488977e-05, 5.85208945267e-05, 5.07172117068e-05, 2.66408278549e-05, 2.16213647946e-05, 8.17144791654e-06, 7.35049525247e-06, 4.93034121973e-06, 4.10820211982e-06, 1.92968104784e-06, 3.91795856558e-06, 3.26981830767e-06, 2.08334199669e-06, 3.0702587992e-06, 9.79945639301e-07, 8.72337386681e-06], "mean": [4.0933996388e-06, 3.0358451113e-05, 0.000116816852824, 0.000276460923487, 0.000784683099482, 0.000669286760967, 0.000754701090045, 0.000750992679968, 0.000702175137121, 0.000484807154862, 0.000405106518883, 0.00016790915106, 0.000161385178217, 0.000198787558475, 0.000130296466523, 7.21859832993e-05, 5.88497205172e-05, 3.34051401296e-05, 3.85376479244e-05, 3.29895810864e-05, 2.80677486444e-05, 1.73488479049e-05, 2.1169817046e-05, 1.41401169458e-05, 8.51747427077e-06, 6.94097616361e-06, 5.16743011758e-06, 2.85440160042e-06, 1.8821571075e-06, 1.05607603018e-06, 7.47742092244e-07, 5.52512744889e-07, 4.97962616919e-07, 2.85093619823e-07, 2.62112223481e-07, 2.42250195015e-07, 1.87494890724e-07, 1.7024373733e-07, 1.37734986083e-07, 3.74104246248e-07], "median": [1.20904792311e-06, 9.18365094549e-06, 4.75221931993e-05, 0.000170768820681, 0.000462361611426, 0.000467233243398, 0.000358797464287, 0.000393416121369, 0.000417933013523, 0.000251452729572, 0.000246873940341, 8.37779807625e-05, 7.72272178438e-05, 0.000121639764984, 6.75672417856e-05, 3.89189262933e-05, 3.29865360982e-05, 2.18641253014e-05, 2.40422268689e-05, 2.30371824728e-05, 1.8382228518e-05, 1.27229686768e-05, 1.40181746247e-05, 1.02770000012e-05, 6.08628215559e-06, 5.27361817149e-06, 3.77085734726e-06, 2.20476590584e-06, 1.40220549838e-06, 7.2609924473e-07, 5.11269718118e-07, 3.89066798334e-07, 2.96812658007e-07, 1.61989575531e-07, 1.24076521502e-07, 8.65702247665e-08, 6.77308165109e-08, 6.81640983657e-08, 7.63899947742e-08, 6.68204833687e-08], "min": [1.07027598911e-24, 4.88795571815e-25, 2.38082619095e-24, 3.14094356859e-24, 2.54736734982e-24, 1.30031591489e-24, 3.17131175521e-24, 4.14155288457e-24, 3.99492730811e-24, 3.20301844157e-24, 2.40228734909e-24, 2.66847307877e-24, 2.84110010231e-24, 2.97470533231e-24, 2.96993824586e-24, 3.84471675328e-24, 3.10089171992e-24, 3.04883814144e-24, 3.7676691031e-24, 4.52924173188e-24, 4.22194254398e-24, 4.27316919901e-24, 4.61006960352e-24, 5.30026175887e-24, 4.27521313761e-24, 6.01695056873e-24, 6.05954945205e-24, 4.84152415413e-24, 6.22363488692e-24, 4.6952097833e-24, 4.3807039566e-24, 5.19391265923e-24, 5.84093440154e-24, 4.71461181727e-24, 6.16151682379e-24, 3.75443951128e-24, 6.86301335591e-24, 7.01199131559e-24, 5.71275475963e-24, 7.0608020841e-24], "var": [7.88542633967e-11, 4.83561368725e-09, 5.11705664508e-08, 1.18729296616e-07, 1.0165446156e-06, 5.02360080645e-07, 1.78329389655e-06, 1.36236474191e-06, 6.73547333463e-07, 4.64368838493e-07, 2.78503250684e-07, 6.57453043118e-08, 6.59968435457e-08, 5.56746222458e-08, 3.75878990155e-08, 1.14511751192e-08, 5.94650773067e-09, 1.61024082956e-09, 1.99830441083e-09, 1.37587019555e-09, 1.07886721779e-09, 3.25505844501e-10, 7.62094998219e-10, 2.36678870946e-10, 7.81377393344e-11, 4.16288566119e-11, 2.71975063998e-11, 8.28883142678e-12, 4.12221081922e-12, 1.26008524361e-12, 6.16117183314e-13, 3.22583160271e-13, 2.97105276579e-13, 1.03309010381e-13, 1.15130358047e-13, 1.17545472596e-13, 6.46159287101e-14, 7.4831762694e-14, 2.67145467125e-14, 8.3795275406e-13]}, "mfcc": {"mean": [-685.129638672, 127.950378418, -42.381061554, -8.25393772125, -24.8720092773, -27.8291912079, -17.8183898926, -14.0959157944, -13.5599002838, -10.2200489044, -6.81452703476, -6.17265176773, -3.21796488762], "cov": [[20186.1835938, 4352.41796875, -1943.67443848, -405.105407715, -438.952697754, -631.002807617, -474.430847168, -470.604492188, -439.115844727, -533.664245605, -418.721191406, -381.074005127, -275.112457275], [4352.41796875, 1866.96191406, -465.828430176, 22.5709953308, -171.689361572, -139.965255737, -34.4631385803, -25.6368293762, -96.3623809814, -146.80696106, -117.526145935, -132.261550903, -70.8241882324], [-1943.67443848, -465.828430176, 506.694091797, 51.1432342529, 109.040298462, 120.57775116, 89.3681640625, 57.9464302063, 73.7560043335, 49.6241531372, 56.9941215515, 32.623249054, 37.3952445984], [-405.105407715, 22.5709953308, 51.1432342529, 119.30052948, 35.5797538757, 42.8254394531, 33.4564399719, 34.4843215942, 31.8245620728, 19.4575767517, 7.73074054718, 2.74643969536, 15.4623985291], [-438.952697754, -171.689361572, 109.040298462, 35.5797538757, 115.046981812, 70.2381134033, 35.2412834167, 15.0760450363, 30.4273281097, 19.2397117615, 20.3733291626, 10.6643838882, 6.91258716583], [-631.002807617, -139.965255737, 120.57775116, 42.8254394531, 70.2381134033, 113.752243042, 58.8133964539, 34.1877059937, 21.9727230072, 28.3084793091, 14.8348007202, 12.6448335648, -1.00828254223], [-474.430847168, -34.4631385803, 89.3681640625, 33.4564399719, 35.2412834167, 58.8133964539, 91.7509307861, 44.7740707397, 34.7658843994, 7.18864154816, 20.628610611, -8.02680683136, 10.2578487396], [-470.604492188, -25.6368293762, 57.9464302063, 34.4843215942, 15.0760450363, 34.1877059937, 44.7740707397, 82.2367858887, 33.8820991516, 27.6764202118, 1.89633953571, 6.50719881058, 4.5795955658], [-439.115844727, -96.3623809814, 73.7560043335, 31.8245620728, 30.4273281097, 21.9727230072, 34.7658843994, 33.8820991516, 83.1706695557, 19.4521217346, 25.4223995209, -12.7376556396, 18.5583629608], [-533.664245605, -146.80696106, 49.6241531372, 19.4575767517, 19.2397117615, 28.3084793091, 7.18864154816, 27.6764202118, 19.4521217346, 87.8108673096, 22.5093765259, 33.0660667419, -7.67366552353], [-418.721191406, -117.526145935, 56.9941215515, 7.73074054718, 20.3733291626, 14.8348007202, 20.628610611, 1.89633953571, 25.4223995209, 22.5093765259, 73.1158905029, 22.14894104, 18.7943916321], [-381.074005127, -132.261550903, 32.623249054, 2.74643969536, 10.6643838882, 12.6448335648, -8.02680683136, 6.50719881058, -12.7376556396, 33.0660667419, 22.14894104, 75.1624984741, 14.497136116], [-275.112457275, -70.8241882324, 37.3952445984, 15.4623985291, 6.91258716583, -1.00828254223, 10.2578487396, 4.5795955658, 18.5583629608, -7.67366552353, 18.7943916321, 14.497136116, 65.3805847168]], "icov": [[0.000173867723788, -0.000351978349499, 0.000264117610641, 0.000453665939858, -0.000456003443105, 6.65272673359e-05, 0.000262382614892, 0.00042323206435, -0.000118256357382, 0.000109400054498, 0.000185275275726, 4.26158549089e-05, 5.40958790225e-05], [-0.000351978349499, 0.0016936181346, 2.94514593406e-05, -0.0019185191486, 0.00156364205759, 0.000403444311814, -0.00112854968756, -0.00129669660237, 0.0010209082393, 0.000729913939722, -0.00024317012867, 0.000763685093261, 0.0005956752575], [0.000264117610641, 2.94514593406e-05, 0.00392721919343, 0.000664461636916, -0.00142848340329, -0.00154010101687, -0.000752141349949, 0.00012331821199, -0.00103264779318, 0.000408977997722, -0.000225120718824, -0.000142720848089, -0.000585963542107], [0.000453665939858, -0.0019185191486, 0.000664461636916, 0.0134276719764, -0.00317343929783, -0.00305321626365, 0.000941518985201, -0.000760610448197, -0.00293073989451, -0.00187368213665, 0.00131603504997, -0.000155488931341, -0.00326281622984], [-0.000456003443105, 0.00156364205759, -0.00142848340329, -0.00317343929783, 0.017547680065, -0.00862956885248, -2.50792363659e-05, 0.00155763933435, -0.00315116322599, 0.00116333831102, -0.00100957183167, -0.000896597804967, 0.000769063248299], [6.65272673359e-05, 0.000403444311814, -0.00154010101687, -0.00305321626365, -0.00862956885248, 0.0230939239264, -0.0105350511149, -0.000251280522207, 0.00376999680884, -0.00250122556463, 0.00225794245489, -0.00155559694394, 0.00359113770537], [0.000262382614892, -0.00112854968756, -0.000752141349949, 0.000941518985201, -2.50792363659e-05, -0.0105350511149, 0.025966655463, -0.00932951364666, -0.00160923844669, 0.004052572418, -0.00656476570293, 0.00522509077564, -0.00183030264452], [0.00042323206435, -0.00129669660237, 0.00012331821199, -0.000760610448197, 0.00155763933435, -0.000251280522207, -0.00932951364666, 0.0242802482098, -0.0075349137187, -0.00502182496712, 0.00741918198764, -0.00480106566101, 0.000561285472941], [-0.000118256357382, 0.0010209082393, -0.00103264779318, -0.00293073989451, -0.00315116322599, 0.00376999680884, -0.00160923844669, -0.0075349137187, 0.0240577310324, -0.00392928719521, -0.00630802148953, 0.0106300665066, -0.00477010989562], [0.000109400054498, 0.000729913939722, 0.000408977997722, -0.00187368213665, 0.00116333831102, -0.00250122556463, 0.004052572418, -0.00502182496712, -0.00392928719521, 0.0203760303557, -0.00376407778822, -0.00704964343458, 0.00716661475599], [0.000185275275726, -0.00024317012867, -0.000225120718824, 0.00131603504997, -0.00100957183167, 0.00225794245489, -0.00656476570293, 0.00741918198764, -0.00630802148953, -0.00376407778822, 0.0217951927334, -0.00636883545667, -0.00251875561662], [4.26158549089e-05, 0.000763685093261, -0.000142720848089, -0.000155488931341, -0.000896597804967, -0.00155559694394, 0.00522509077564, -0.00480106566101, 0.0106300665066, -0.00704964343458, -0.00636883545667, 0.0243673659861, -0.00670475745574], [5.40958790225e-05, 0.0005956752575, -0.000585963542107, -0.00326281622984, 0.000769063248299, 0.00359113770537, -0.00183030264452, 0.000561285472941, -0.00477010989562, 0.00716661475599, -0.00251875561662, -0.00670475745574, 0.0219025406986]]}, "spectral_contrast_coeffs": {"dmean": [0.0402921177447, 0.040462192148, 0.0389608517289, 0.0270192958415, 0.0186899732798, 0.0120515497401], "dmean2": [0.064664773643, 0.0661599785089, 0.0656151622534, 0.0452682934701, 0.0314375832677, 0.0200914368033], "dvar": [0.00112133636139, 0.00110651552677, 0.000983260921203, 0.000463259610115, 0.000228297998547, 0.000101832352811], "dvar2": [0.00288076070137, 0.00286158942617, 0.00264681456611, 0.00122384238057, 0.000661165220663, 0.000273288664175], "max": [-0.324337899685, -0.452985823154, -0.531054496765, -0.544682919979, -0.667070329189, -0.677555501461], "mean": [-0.537861227989, -0.68871986866, -0.716366350651, -0.750515639782, -0.78507065773, -0.759806513786], "median": [-0.509613215923, -0.674655795097, -0.704718708992, -0.744257032871, -0.781669259071, -0.751200556755], "min": [-0.9745875597, -0.995028853416, -0.99661809206, -0.986338615417, -0.98758995533, -0.966116845608], "var": [0.0149275697768, 0.00815145578235, 0.0071634799242, 0.0046895891428, 0.00241167773493, 0.00210482999682]}, "spectral_contrast_valleys": {"dmean": [0.401662766933, 0.306377112865, 0.260455965996, 0.22315441072, 0.16852234304, 0.161349222064], "dmean2": [0.663256168365, 0.499783456326, 0.436551421881, 0.354098081589, 0.251126766205, 0.211712568998], "dvar": [0.152837648988, 0.127311855555, 0.116231963038, 0.101470582187, 0.0950052812696, 0.0768511295319], "dvar2": [0.319235384464, 0.191803917289, 0.18078