{"lowlevel": {"average_loudness": 0.835725307465, "barkbands_crest": {"dmean": 2.26880002022, "dmean2": 3.5676381588, "dvar": 4.4683804512, "dvar2": 11.0418233871, "max": 25.5748443604, "mean": 10.9338064194, "median": 10.2996253967, "min": 2.36471414566, "var": 19.1028194427}, "barkbands_flatness_db": {"dmean": 0.0170806217939, "dmean2": 0.0250660236925, "dvar": 0.000267030816758, "dvar2": 0.000552094075829, "max": 0.371823698282, "mean": 0.14719863236, "median": 0.138324007392, "min": 0.0447628870606, "var": 0.00258357729763}, "barkbands_kurtosis": {"dmean": 1.11972153187, "dmean2": 1.73723220825, "dvar": 5.08395147324, "dvar2": 11.3409566879, "max": 96.9386901855, "mean": 0.969448506832, "median": 0.0263448953629, "min": -1.87534475327, "var": 13.0550136566}, "barkbands_skewness": {"dmean": 0.36957269907, "dmean2": 0.579330086708, "dvar": 0.168881103396, "dvar2": 0.423947036266, "max": 8.68509292603, "mean": 1.0136039257, "median": 0.978327393532, "min": -1.82910490036, "var": 0.608878493309}, "barkbands_spread": {"dmean": 4.66495275497, "dmean2": 7.02337360382, "dvar": 28.5093765259, "dvar2": 63.3391304016, "max": 82.4973373413, "mean": 24.2472190857, "median": 23.0118789673, "min": 0.996683478355, "var": 119.947883606}, "dissonance": {"dmean": 0.0143351685256, "dmean2": 0.0234740674496, "dvar": 0.000201924631256, "dvar2": 0.0004968814319, "max": 0.499306261539, "mean": 0.459902375937, "median": 0.466110944748, "min": 0.249342113733, "var": 0.000675226212479}, "dynamic_complexity": 4.68830394745, "erbbands_crest": {"dmean": 2.13225221634, "dmean2": 3.20133185387, "dvar": 4.8890709877, "dvar2": 10.1095190048, "max": 31.1989173889, "mean": 9.62719345093, "median": 8.13180732727, "min": 2.55356240273, "var": 24.4161205292}, "erbbands_flatness_db": {"dmean": 0.0153319444507, "dmean2": 0.020682670176, "dvar": 0.000265458686044, "dvar2": 0.000458074529888, "max": 0.412999838591, "mean": 0.192185074091, "median": 0.184715777636, "min": 0.0745066776872, "var": 0.00247886683792}, "erbbands_kurtosis": {"dmean": 0.620674908161, "dmean2": 0.948208093643, "dvar": 1.38873827457, "dvar2": 2.86344766617, "max": 28.7273330688, "mean": -0.197324082255, "median": -0.705736875534, "min": -1.78658473492, "var": 3.8614115715}, "erbbands_skewness": {"dmean": 0.308229982853, "dmean2": 0.45638397336, "dvar": 0.12817043066, "dvar2": 0.274899661541, "max": 4.41485500336, "mean": 0.143511980772, "median": 0.0829432457685, "min": -2.05766415596, "var": 0.533525943756}, "erbbands_spread": {"dmean": 6.49779129028, "dmean2": 9.75810241699, "dvar": 50.2644538879, "dvar2": 105.288955688, "max": 105.135978699, "mean": 38.944026947, "median": 37.9207000732, "min": 3.10844063759, "var": 218.185913086}, "hfc": {"dmean": 6.73278236389, "dmean2": 9.37657260895, "dvar": 213.88482666, "dvar2": 445.270019531, "max": 173.268707275, "mean": 17.0634250641, "median": 10.1187314987, "min": 1.16569071248e-16, "var": 534.741149902}, "melbands_crest": {"dmean": 2.6205561161, "dmean2": 4.17581796646, "dvar": 6.58176422119, "dvar2": 16.7673130035, "max": 33.6046714783, "mean": 13.3116598129, "median": 12.5135297775, "min": 2.25811481476, "var": 24.7225570679}, "melbands_flatness_db": {"dmean": 0.0191422812641, "dmean2": 0.0289290994406, "dvar": 0.000384041049983, "dvar2": 0.00087528093718, "max": 0.439991205931, "mean": 0.169662579894, "median": 0.160980120301, "min": 0.00637059472501, "var": 0.00345016014762}, "melbands_kurtosis": {"dmean": 2.85117840767, "dmean2": 4.45668888092, "dvar": 23.4461917877, "dvar2": 56.3909988403, "max": 152.407699585, "mean": 5.66879606247, "median": 3.97707605362, "min": -1.69832456112, "var": 52.9222488403}, "melbands_skewness": {"dmean": 0.47720721364, "dmean2": 0.737490355968, "dvar": 0.282152920961, "dvar2": 0.674744129181, "max": 10.1716833115, "mean": 1.95015823841, "median": 1.80094146729, "min": -1.45413053036, "var": 1.02075254917}, "melbands_spread": {"dmean": 8.17965316772, "dmean2": 12.8151073456, "dvar": 122.069160461, "dvar2": 296.983123779, "max": 162.650009155, "mean": 31.965637207, "median": 28.0170822144, "min": 1.18069815636, "var": 355.090087891}, "pitch_salience": {"dmean": 0.0536147840321, "dmean2": 0.0859780982137, "dvar": 0.00290315621532, "dvar2": 0.00741520570591, "max": 0.796602487564, "mean": 0.492041021585, "median": 0.49281591177, "min": 0.153291761875, "var": 0.00971053447574}, "silence_rate_20dB": {"dmean": 0, "dmean2": 0, "dvar": 0, "dvar2": 0, "max": 1, "mean": 1, "median": 1, "min": 1, "var": 0}, "silence_rate_30dB": {"dmean": 0, "dmean2": 0, "dvar": 0, "dvar2": 0, "max": 1, "mean": 1, "median": 1, "min": 1, "var": 0}, "silence_rate_60dB": {"dmean": 0.028484556824, "dmean2": 0.0569782331586, "dvar": 0.0276709534228, "dvar2": 0.058527585119, "max": 1, "mean": 0.172639995813, "median": 0, "min": 0, "var": 0.142839163542}, "spectral_centroid": {"dmean": 260.477996826, "dmean2": 402.780731201, "dvar": 91170.1328125, "dvar2": 194537.9375, "max": 11298.9873047, "mean": 1773.80090332, "median": 1727.5847168, "min": 252.573699951, "var": 379135.21875}, "spectral_complexity": {"dmean": 2.63114094734, "dmean2": 4.10403347015, "dvar": 11.2924957275, "dvar2": 22.6928958893, "max": 58, "mean": 15.9524803162, "median": 16, "min": 0, "var": 87.7515029907}, "spectral_decrease": {"dmean": 8.2564566295e-10, "dmean2": 1.14134734996e-09, "dvar": 2.05216747773e-18, "dvar2": 4.25122155273e-18, "max": 1.30587458253e-18, "mean": -2.71549449593e-09, "median": -2.14944040344e-09, "min": -1.95234992617e-08, "var": 5.95733946877e-18}, "spectral_energy": {"dmean": 0.00362067180686, "dmean2": 0.00495466124266, "dvar": 4.06585131714e-05, "dvar2": 8.19136548671e-05, "max": 0.087166801095, "mean": 0.011796567589, "median": 0.00914790481329, "min": 1.04299300372e-20, "var": 0.000119890035421}, "spectral_energyband_high": {"dmean": 0.000610940740444, "dmean2": 0.0007949473802, "dvar": 2.27185660151e-06, "dvar2": 4.17287219534e-06, "max": 0.0223505813628, "mean": 0.00113831157796, "median": 0.000261739682173, "min": 7.3115197124e-21, "var": 6.26210294286e-06}, "spectral_energyband_low": {"dmean": 0.000204811629374, "dmean2": 0.000349775247741, "dvar": 7.76019817295e-07, "dvar2": 2.05193464353e-06, "max": 0.0151102971286, "mean": 0.000283347151708, "median": 7.2903749242e-05, "min": 4.89706327507e-23, "var": 7.35883929792e-07}, "spectral_energyband_middle_high": {"dmean": 0.0014979186235, "dmean2": 0.00229109055363, "dvar": 1.19910982903e-05, "dvar2": 2.84630332317e-05, "max": 0.0411815904081, "mean": 0.00391947850585, "median": 0.00248021446168, "min": 1.68679191539e-21, "var": 2.38089851337e-05}, "spectral_energyband_middle_low": {"dmean": 0.00220295297913, "dmean2": 0.00320150051266, "dvar": 1.41439368235e-05, "dvar2": 3.21193947457e-05, "max": 0.0470901019871, "mean": 0.0066156652756, "median": 0.00500140525401, "min": 2.36764445933e-22, "var": 3.89573870052e-05}, "spectral_entropy": {"dmean": 0.139905050397, "dmean2": 0.19985127449, "dvar": 0.0225859452039, "dvar2": 0.0451721511781, "max": 9.80198287964, "mean": 7.36647510529, "median": 7.37391853333, "min": 5.47121238708, "var": 0.181532591581}, "spectral_flux": {"dmean": 0.0149161284789, "dmean2": 0.0219742432237, "dvar": 0.00045823660912, "dvar2": 0.000882781983819, "max": 0.237328767776, "mean": 0.0436832942069, "median": 0.0360190272331, "min": 1.02127029056e-10, "var": 0.00117342383601}, "spectral_kurtosis": {"dmean": 1.65640091896, "dmean2": 2.88016891479, "dvar": 5.05508852005, "dvar2": 15.8251142502, "max": 39.8051605225, "mean": 4.412129879, "median": 3.67124724388, "min": -1.19301354885, "var": 10.6094865799}, "spectral_rms": {"dmean": 0.000445739511633, "dmean2": 0.000594179786276, "dvar": 3.83083204269e-07, "dvar2": 7.09631819973e-07, "max": 0.00922175589949, "mean": 0.00303499167785, "median": 0.00298743788153, "min": 3.18991252683e-12, "var": 2.29771626437e-06}, "spectral_rolloff": {"dmean": 573.045288086, "dmean2": 946.175720215, "dvar": 587566.0625, "dvar2": 1280531.125, "max": 19789.0136719, "mean": 2395.75512695, "median": 2217.91992188, "min": 236.865234375, "var": 2214479.75}, "spectral_skewness": {"dmean": 0.205690592527, "dmean2": 0.343045443296, "dvar": 0.0474265813828, "dvar2": 0.13860398531, "max": 4.22591114044, "mean": 1.31105113029, "median": 1.2561289072, "min": -0.00945351924747, "var": 0.139842361212}, "spectral_spread": {"dmean": 417892.09375, "dmean2": 612066.1875, "dvar": 660452540416, "dvar2": 906539368448, "max": 49600684, "mean": 3986315.25, "median": 3854698.75, "min": 1411189.75, "var": 1613829373950.0}, "spectral_strongpeak": {"dmean": 0.60060864687, "dmean2": 0.985872328281, "dvar": 2.16731095314, "dvar2": 5.37829208374, "max": 22.2911911011, "mean": 1.28220868111, "median": 0.775231719017, "min": 0, "var": 2.83647060394}, "zerocrossingrate": {"dmean": 0.0101027879864, "dmean2": 0.0120850391686, "dvar": 0.000129456500872, "dvar2": 0.000169772552908, "max": 0.5126953125, "mean": 0.0798176527023, "median": 0.0732421875, "min": 0.009765625, "var": 0.00129442976322}, "barkbands": {"dmean": [1.30044782054e-07, 1.42376920849e-05, 0.000117801719171, 0.000312751246383, 0.00118674326222, 0.00037063882337, 0.000160989104188, 7.01589087839e-05, 0.000908210815396, 0.000304661254631, 0.000240184992435, 0.000176724613993, 0.00020983228751, 0.000169445047504, 0.000101423393062, 9.91376145976e-05, 0.000280276144622, 0.000358029385097, 0.000249354896368, 0.000143727243994, 0.000161292511621, 0.000281487038592, 6.81645324221e-05, 5.14148341608e-05, 2.74284684565e-05, 1.70347957464e-05, 1.14201329779e-05], "dmean2": [2.27300787969e-07, 2.58375184785e-05, 0.000205618140171, 0.000510176469106, 0.00186109577771, 0.000565785565414, 0.00024222585489, 0.000114276052045, 0.00124000047799, 0.00042653203127, 0.000341137376381, 0.000260046683252, 0.000341820647009, 0.000272918812698, 0.000156876194524, 0.000160784707987, 0.000466674304334, 0.000621499551926, 0.000439534458565, 0.000213163191802, 0.000228705946938, 0.000421552482294, 8.43143570819e-05, 6.88791551511e-05, 4.05403552577e-05, 2.71654535027e-05, 1.931710176e-05], "dvar": [1.00634486909e-13, 7.52776774249e-09, 4.33509285358e-07, 1.32090838179e-06, 5.59847740078e-06, 5.90865852246e-07, 7.94253978142e-08, 1.21303580514e-08, 4.98874942423e-06, 1.8158812054e-06, 1.7497901581e-06, 1.65704761912e-07, 2.40923839101e-07, 7.70578054698e-08, 3.56260407841e-08, 6.3591471644e-08, 9.71543727246e-07, 1.63027129929e-06, 1.35344600949e-06, 9.46146414549e-08, 1.62908548873e-07, 8.09314087746e-07, 4.75627146557e-08, 1.53674157843e-08, 5.06883024443e-09, 2.1198114375e-09, 1.13988740669e-09], "dvar2": [2.79798401245e-13, 2.15366178224e-08, 1.16053365673e-06, 3.27832526636e-06, 1.41379623528e-05, 1.50448363456e-06, 1.61716769753e-07, 2.94898825359e-08, 1.05111357698e-05, 3.75945342057e-06, 3.35426966558e-06, 2.70976045158e-07, 6.71280020015e-07, 1.97208436248e-07, 8.08886468917e-08, 1.64529026847e-07, 2.72860370387e-06, 4.54020482721e-06, 3.8501320887e-06, 1.91405661099e-07, 3.35715895972e-07, 1.87877333246e-06, 7.75712365453e-08, 2.67817394928e-08, 1.12675948571e-08, 4.89905671586e-09, 2.79970713279e-09], "max": [7.63183197705e-06, 0.00133234832902, 0.0115639632568, 0.0215971320868, 0.0380516648293, 0.0285899620503, 0.00608724402264, 0.00184695492499, 0.0233983900398, 0.0213902033865, 0.0298989750445, 0.00672182161361, 0.0096014328301, 0.00431529805064, 0.00585089623928, 0.00610035844147, 0.0160506367683, 0.0155169302598, 0.0163775384426, 0.00704271346331, 0.00676524732262, 0.0170289073139, 0.00512990821153, 0.00234511541203, 0.00140884378925, 0.000933706585784, 0.00067290145671], "mean": [1.26998443761e-07, 1.18843863675e-05, 0.000139679657877, 0.000383729260648, 0.0022527941037, 0.00131702038925, 0.000408585474361, 0.000169957536855, 0.00201253243722, 0.000536424049642, 0.000434815447079, 0.000485960918013, 0.000373441056581, 0.000329538190272, 0.000218274770305, 0.000215564854443, 0.00044596529915, 0.000437766022515, 0.000308118673274, 0.00030049009365, 0.000293551653158, 0.000444830278866, 0.000119097807328, 8.54422178236e-05, 4.05199825764e-05, 2.02879673452e-05, 1.01911773527e-05], "median": [4.44118555265e-08, 1.53396740643e-06, 2.13351013372e-05, 7.28994418751e-05, 0.00111296423711, 0.000468060839921, 0.000189235055586, 8.63423629198e-05, 0.000883136293851, 4.18494673795e-05, 7.10970416549e-05, 9.90770204226e-05, 0.000160809839144, 0.000204040465178, 0.000129788299091, 0.000116895826068, 0.00020204266184, 0.000187841011211, 0.000146857899381, 0.000170859595528, 5.52889323444e-05, 7.45711586205e-05, 1.38002069434e-05, 1.16694500321e-05, 4.43113822257e-06, 1.62820811056e-06, 2.65559492618e-07], "min": [5.5028731882e-24, 1.84006965293e-23, 7.665265175e-24, 7.7304306078e-24, 2.08731617334e-23, 3.42466891052e-23, 2.12415755534e-23, 1.99421749143e-23, 2.55927918893e-23, 6.34118707359e-23, 6.55344366855e-23, 2.71932155389e-23, 1.20250548513e-22, 2.7100527538e-23, 7.764494095e-23, 6.75243225417e-23, 1.75541758873e-22, 1.77156879001e-22, 2.49369004316e-22, 3.4159469488e-22, 3.71665794908e-22, 4.18483793487e-22, 5.56364335625e-22, 6.02724113303e-22, 1.09129972545e-21, 1.72217004244e-21, 2.41542756928e-21], "var": [8.40814980032e-14, 4.66526817178e-09, 3.63656141644e-07, 1.25340397972e-06, 1.17527843031e-05, 5.07941194883e-06, 3.89847684801e-07, 4.39166569777e-08, 1.0578050933e-05, 3.85343537346e-06, 4.215502031e-06, 8.83694667664e-07, 4.39630809979e-07, 1.66195832207e-07, 1.55052759965e-07, 1.7995007795e-07, 8.01513920123e-07, 1.1261513464e-06, 9.0186512125e-07, 2.30279496805e-07, 3.77737222834e-07, 1.3571150248e-06, 1.5058499514e-07, 5.07236173064e-08, 1.22492442856e-08, 3.73162167833e-09, 1.45700762566e-09]}, "erbbands": {"dmean": [0.000109893226181, 0.00597719289362, 0.0997309759259, 0.546238839626, 3.29583668709, 4.25145101547, 3.13007426262, 2.75370025635, 1.24198400974, 3.30862379074, 3.97191309929, 17.5030784607, 16.8675003052, 6.71507263184, 10.0254955292, 5.52097129822, 9.49348735809, 8.63290309906, 4.57876586914, 7.64642381668, 5.15030145645, 13.797794342, 19.1916313171, 16.0593948364, 9.43483448029, 6.29251050949, 6.86057090759, 7.36329364777, 13.4046211243, 2.88400959969, 1.84141755104, 1.07280492783, 0.816540181637, 0.355689376593, 0.183846771717, 0.0727924630046, 0.0312802791595, 0.0123049654067, 0.00192275387235, 8.38976848172e-05], "dmean2": [0.000189513521036, 0.0106473248452, 0.17292624712, 0.89065605402, 5.19570493698, 6.74645471573, 4.89111614227, 4.07477807999, 1.96234452724, 4.95274591446, 5.45603132248, 24.0306282043, 23.1492595673, 9.23644447327, 14.1220092773, 8.28521347046, 15.3101825714, 14.0940799713, 7.22807884216, 11.7154760361, 8.45230197906, 22.8658828735, 33.2969360352, 28.0900669098, 16.0157527924, 9.45695781708, 9.72347450256, 10.7181186676, 20.4637336731, 3.71738696098, 2.30398416519, 1.46958422661, 1.11243999004, 0.509165406227, 0.283956378698, 0.11406314373, 0.0505982711911, 0.0207496080548, 0.00324530759826, 0.000137352064485], "dvar": [3.29786445263e-07, 0.00128004653379, 0.304843991995, 3.04465985298, 79.8489227295, 54.4553718567, 36.8323669434, 33.0571899414, 4.9236073494, 46.0625152588, 77.0720596313, 2046.53723145, 2571.79589844, 589.276733398, 1967.5526123, 109.033866882, 520.982910156, 257.989685059, 51.0474014282, 312.404724121, 153.779403687, 2212.49926758, 4161.23486328, 3902.61645508, 1145.16479492, 164.52305603, 269.44720459, 377.64541626, 2009.4173584, 98.1002044678, 29.3605060577, 8.13628101349, 3.99519944191, 0.83641576767, 0.240485548973, 0.0386053062975, 0.00778644438833, 0.00123174127657, 3.19698083331e-05, 7.91078136331e-08], "dvar2": [9.01677594811e-07, 0.00358214904554, 0.819874942303, 7.69291687012, 197.344207764, 142.515167236, 85.9678878784, 75.0821838379, 12.2226810455, 95.2828216553, 185.30406189, 4177.29443359, 5304.75439453, 1173.71850586, 3751.86938477, 201.145706177, 1440.28100586, 664.789306641, 122.99357605, 643.099853516, 423.676696777, 6154.14648438, 11516.9335938, 11047.1474609, 3244.08740234, 337.038452148, 522.49597168, 839.491516113, 4740.75439453, 175.275344849, 46.3269348145, 13.8785934448, 7.2174077034, 1.71725821495, 0.580277919769, 0.0896762832999, 0.0182546414435, 0.00306252576411, 7.82939096098e-05, 1.84144326454e-07], "max": [0.00933948066086, 0.608274161816, 9.92050647736, 27.5515861511, 139.211853027, 133.098022461, 132.398147583, 233.510040283, 65.9819107056, 149.925765991, 131.546310425, 628.782653809, 538.58996582, 326.510650635, 1013.97875977, 159.785797119, 413.574157715, 237.910964966, 149.97227478, 737.983154297, 313.183563232, 864.739624023, 735.510253906, 882.08605957, 519.028503418, 276.630157471, 292.91583252, 340.35534668, 883.223815918, 197.173217773, 129.021347046, 59.6198043823, 36.5435066223, 15.3116579056, 11.6743593216, 3.08283901215, 1.91408205032, 0.636909067631, 0.115566790104, 0.00684153288603], "mean": [0.000128333704197, 0.00562917301431, 0.113898947835, 0.776480674744, 4.1837220192, 8.92356395721, 8.90366649628, 10.7837562561, 3.58653855324, 7.92630577087, 11.5000629425, 39.9097099304, 30.1766357422, 13.0647859573, 22.0570526123, 15.0558748245, 18.4028625488, 16.7117862701, 10.5455389023, 16.5826911926, 10.9254302979, 22.7347431183, 24.981760025, 19.6391029358, 15.5231952667, 14.0420084, 12.8623533249, 12.3662452698, 20.5481891632, 5.19088602066, 3.26783871651, 1.7977206707, 1.35365188122, 0.560064315796, 0.243348181248, 0.0923165157437, 0.0360392816365, 0.0116682918742, 0.00172314466909, 9.21015962376e-05], "median": [3.65539817722e-05, 0.000969783111941, 0.0254385750741, 0.228558644652, 1.09345531464, 4.87842082977, 5.04847049713, 3.80907678604, 2.04617929459, 2.85687446594, 6.81017923355, 16.7525215149, 5.41967105865, 2.43995094299, 4.38342905045, 5.23231220245, 8.57225036621, 8.85159301758, 8.01816177368, 7.01579380035, 7.4879360199, 10.17664814, 12.4544067383, 9.30810928345, 8.45335483551, 7.51880455017, 3.04422783852, 2.30016183853, 2.93612289429, 0.963702142239, 0.431473612785, 0.255923271179, 0.168003544211, 0.0663609355688, 0.0239769220352, 0.00742463674396, 0.00296409265138, 0.000758540176321, 3.84529266739e-05, 1.4941552763e-05], "min": [7.31982140688e-22, 3.12793643239e-21, 1.20438620021e-20, 3.24011589634e-20, 5.45340790811e-20, 1.01973145705e-19, 1.34077085103e-19, 3.35853578369e-19, 2.04921059138e-19, 3.77777909397e-19, 5.77116417054e-19, 4.52236442989e-19, 1.37700467058e-18, 2.33955277e-18, 2.73602746863e-18, 1.43511452221e-18, 4.30569553197e-18, 3.49983756766e-18, 4.2984242008e-18, 4.08278607332e-18, 3.88437025979e-18, 1.02535778448e-17, 1.07768663624e-17, 8.69184182314e-18, 1.54608212487e-17, 1.68481123238e-17, 1.43629788679e-17, 1.46746770663e-17, 1.15722319542e-17, 1.46608598414e-17, 1.50737123026e-17, 1.38065931997e-17, 1.01335059614e-17, 1.16131914566e-17, 7.88484028163e-18, 5.71673124014e-18, 2.68063614609e-18, 1.15388820999e-18, 3.19789601626e-19, 3.69970423014e-20], "var": [2.37915699586e-07, 0.00084876047913, 0.239518299699, 3.19517493248, 96.6944885254, 153.210571289, 152.027191162, 347.783599854, 25.2329101562, 200.711654663, 216.285324097, 4571.61523438, 4888.89697266, 1330.3302002, 4777.20849609, 534.645812988, 1028.49938965, 546.709899902, 127.920532227, 2146.12866211, 206.25718689, 1957.75439453, 2989.98535156, 2586.26586914, 946.159973145, 463.89440918, 675.042175293, 747.375976562, 3203.11914062, 263.252929688, 99.3757705688, 27.9311656952, 12.0887174606, 2.34843945503, 0.403093606234, 0.0703035444021, 0.0136224776506, 0.0015231607249, 4.0475242713e-05, 1.16360709512e-07]}, "gfcc": {"mean": [-62.9092597961, 59.9872207642, -157.939178467, 14.0814332962, -78.2609405518, -19.7949142456, -49.9101448059, -13.7657604218, -38.7768630981, -13.9193401337, -25.8002319336, -8.09848403931, -14.8844203949], "cov": [[15143.2480469, -1514.61950684, -159.068984985, 337.560302734, -661.339477539, 497.165588379, -281.51083374, -12.7746677399, -57.6265640259, 336.058807373, -212.590591431, 121.974563599, -367.155944824], [-1514.61950684, 1442.48852539, -434.168762207, -140.250518799, 157.831817627, -327.746032715, 14.9000749588, 15.8317089081, 259.024688721, 20.3976554871, 185.057525635, -133.794342041, -3.43833065033], [-159.068984985, -434.168762207, 767.206115723, 162.138763428, 105.374847412, 109.705459595, -4.40813922882, 15.349524498, -149.257904053, -51.874835968, -136.074752808, 13.5196847916, 15.5335578918], [337.560302734, -140.250518799, 162.138763428, 300.439239502, -5.48174190521, 83.1863861084, -33.8962631226, -26.3771247864, -74.3011245728, 1.61143910885, -54.1682319641, -3.18763637543, -9.10804367065], [-661.339477539, 157.831817627, 105.374847412, -5.48174190521, 228.380874634, -59.1412391663, -22.4315090179, -24.3019485474, -0.728321075439, -5.88776016235, 31.3069038391, -7.1834936142, 12.5554304123], [497.165588379, -327.746032715, 109.705459595, 83.1863861084, -59.1412391663, 220.360473633, 45.8498077393, 18.0923442841, -90.0086135864, -18.1478881836, -69.1922683716, 47.5085296631, -2.32477283478], [-281.51083374, 14.9000749588, -4.40813922882, -33.8962631226, -22.4315090179, 45.8498077393, 170.377944946, 59.9165763855, -5.06666088104, -61.0070228577, -46.6903419495, 11.0829343796, 9.98911857605], [-12.7746677399, 15.8317089081, 15.349524498, -26.3771247864, -24.3019485474, 18.0923442841, 59.9165763855, 130.5599823, 44.4050598145, -13.7420434952, -36.1687507629, -27.969833374, -23.5420017242], [-57.6265640259, 259.024688721, -149.257904053, -74.3011245728, -0.728321075439, -90.0086135864, -5.06666088104, 44.4050598145, 185.230209351, 54.7242774963, 47.9841079712, -43.9605789185, -38.8813171387], [336.058807373, 20.3976554871, -51.874835968, 1.61143910885, -5.88776016235, -18.1478881836, -61.0070228577, -13.7420434952, 54.7242774963, 112.427696228, 53.5001296997, -11.8327999115, -32.6158370972], [-212.590591431, 185.057525635, -136.074752808, -54.1682319641, 31.3069038391, -69.1922683716, -46.6903419495, -36.1687507629, 47.9841079712, 53.5001296997, 138.027709961, 10.8364896774, -4.15274143219], [121.974563599, -133.794342041, 13.5196847916, -3.18763637543, -7.1834936142, 47.5085296631, 11.0829343796, -27.969833374, -43.9605789185, -11.8327999115, 10.8364896774, 104.830810547, 39.0557975769], [-367.155944824, -3.43833065033, 15.5335578918, -9.10804367065, 12.5554304123, -2.32477283478, 9.98911857605, -23.5420017242, -38.8813171387, -32.6158370972, -4.15274143219, 39.0557975769, 89.7188873291]], "icov": [[0.000106294974103, 2.70357541012e-05, 6.60783480271e-05, -2.56393068412e-05, 0.000181772440556, -6.43037710688e-05, 0.00019430249813, 1.26900467876e-05, 2.97477963613e-05, -0.000244856346399, 0.000298080529319, -0.000282980385236, 0.00043743592687], [2.70357541012e-05, 0.0017941496335, 0.000618671765551, -0.000565045687836, -0.000931625429075, 0.00110945408233, -0.000826771371067, 8.92630566796e-07, -0.00135905388743, 0.000898666679859, -0.00151806790382, 0.00166569300927, -0.000791312195361], [6.60783480271e-05, 0.000618671765551, 0.00245968718082, -0.000732609187253, -0.00161758891772, 0.000194260850549, 0.000367760425434, -0.000852460856549, 0.000837978324853, -0.000253244827036, 0.00158189726062, 3.36655793944e-05, 9.03166655917e-05], [-2.56393068412e-05, -0.000565045687836, -0.000732609187253, 0.00476560741663, 0.000319494778523, -0.0016822621692, 0.00117048504762, 0.00102383666672, 0.0011619561119, -0.000764591328334, 0.00148589315359, 0.000501870526932, 0.000609993061516], [0.000181772440556, -0.000931625429075, -0.00161758891772, 0.000319494778523, 0.00665621785447, 0.000619746919256, 0.000651706650387, 0.000820104614832, 0.000487928831717, 7.30206811568e-05, -0.000808884622529, -0.000868475646712, 0.000826485571451], [-6.43037710688e-05, 0.00110945408233, 0.000194260850549, -0.0016822621692, 0.000619746919256, 0.00976412650198, -0.00256621022709, -0.00166024710052, 0.00277667213231, -0.00177039345726, 0.00138544337824, -0.00286272005178, 0.00146133464295], [0.00019430249813, -0.000826771371067, 0.000367760425434, 0.00117048504762, 0.000651706650387, -0.00256621022709, 0.0104574142024, -0.00320162461139, -0.000254245242104, 0.00366349006072, 0.00237838341855, -0.00236308388412, 0.00101689656731], [1.26900467876e-05, 8.92630566796e-07, -0.000852460856549, 0.00102383666672, 0.000820104614832, -0.00166024710052, -0.00320162461139, 0.0124990586191, -0.00401163194329, 0.000959765573498, 0.00163771782536, 0.0023234852124, 0.00145664403681], [2.97477963613e-05, -0.00135905388743, 0.000837978324853, 0.0011619561119, 0.000487928831717, 0.00277667213231, -0.000254245242104, -0.00401163194329, 0.0125048020855, -0.00557328155264, 0.00124112109188, -0.000650417467114, 0.00275555066764], [-0.000244856346399, 0.000898666679859, -0.000253244827036, -0.000764591328334, 7.30206811568e-05, -0.00177039345726, 0.00366349006072, 0.000959765573498, -0.00557328155264, 0.0177037417889, -0.00656089000404, 0.00181907240767, 0.00171158346348], [0.000298080529319, -0.00151806790382, 0.00158189726062, 0.00148589315359, -0.000808884622529, 0.00138544337824, 0.00237838341855, 0.00163771782536, 0.00124112109188, -0.00656089000404, 0.0166587010026, -0.00595124671236, 0.00286712101661], [-0.000282980385236, 0.00166569300927, 3.36655793944e-05, 0.000501870526932, -0.000868475646712, -0.00286272005178, -0.00236308388412, 0.0023234852124, -0.000650417467114, 0.00181907240767, -0.00595124671236, 0.0175096672028, -0.00764717068523], [0.00043743592687, -0.000791312195361, 9.03166655917e-05, 0.000609993061516, 0.000826485571451, 0.00146133464295, 0.00101689656731, 0.00145664403681, 0.00275555066764, 0.00171158346348, 0.00286712101661, -0.00764717068523, 0.0184212159365]]}, "melbands": {"dmean": [2.17114711631e-06, 3.65425621567e-05, 0.000171950450749, 0.000277653569356, 0.000123805148178, 6.3173705712e-05, 2.16297994484e-05, 3.05162902805e-05, 5.40603250556e-05, 0.000116446710308, 8.64144894877e-05, 2.99047424051e-05, 3.92464826291e-05, 2.0754581783e-05, 1.91502749658e-05, 2.01646707865e-05, 1.55396992341e-05, 8.82013409864e-06, 7.2361722232e-06, 9.07615321921e-06, 6.3538041104e-06, 1.19439055197e-05, 1.83521060535e-05, 2.40858698817e-05, 1.20165668704e-05, 9.2668014986e-06, 5.42212228538e-06, 4.17435057898e-06, 5.21597985426e-06, 2.83640906673e-06, 4.50553761766e-06, 1.10008686534e-05, 1.92826428247e-06, 1.4491785123e-06, 1.22542837744e-06, 6.39149163817e-07, 7.23857851881e-07, 6.66226128487e-07, 4.12345031009e-07, 2.77153475281e-07], "dmean2": [3.91332787331e-06, 6.39093559585e-05, 0.000272676930763, 0.000440738222096, 0.000192618055735, 9.45031351876e-05, 3.38242280122e-05, 4.61617310066e-05, 7.25404024706e-05, 0.000159978066222, 0.00011865497072, 4.1258015699e-05, 5.52807796339e-05, 2.98719787679e-05, 3.0659033655e-05, 3.27971683873e-05, 2.540897367e-05, 1.38909754241e-05, 1.11799708975e-05, 1.41795744639e-05, 1.04821519926e-05, 1.96874752874e-05, 3.13705786539e-05, 4.18851268478e-05, 2.11098304135e-05, 1.62596843438e-05, 8.61551961862e-06, 6.32550245427e-06, 7.53757876737e-06, 4.06328535973e-06, 6.65458537696e-06, 1.70431703737e-05, 2.71263411378e-06, 1.901587666e-06, 1.56482462899e-06, 9.17739328088e-07, 1.04295679648e-06, 9.30361068185e-07, 5.90166564507e-07, 4.13483718376e-07], "dvar": [1.68907082765e-10, 4.43734826661e-08, 2.8190029866e-07, 3.77599775447e-07, 4.21622381452e-08, 1.74438952172e-08, 1.29980193275e-09, 3.89865917327e-09, 1.78909083104e-08, 8.32054922739e-08, 7.04082410152e-08, 1.45328646894e-08, 4.14417904437e-08, 3.25854587757e-09, 1.84332937803e-09, 2.12578132874e-09, 7.89179277483e-10, 1.74523520635e-10, 2.33732921906e-10, 5.01847563505e-10, 2.27042787349e-10, 1.47562106978e-09, 4.08044620315e-09, 8.36852986907e-09, 3.11543657538e-09, 1.65478264424e-09, 1.29764032852e-10, 8.07377914525e-11, 1.65599603474e-10, 5.48976905601e-11, 1.63160610023e-10, 1.51432888451e-09, 5.22408470649e-11, 3.26302630749e-11, 1.28951866546e-11, 3.74660111963e-12, 3.74766927561e-12, 2.72780864737e-12, 1.26302690095e-12, 5.60929774851e-13], "dvar2": [4.80238515621e-10, 1.19783436503e-07, 6.87284170908e-07, 9.5945040357e-07, 9.57713126581e-08, 4.11351166463e-08, 3.11423709043e-09, 8.26726243019e-09, 4.25876898191e-08, 1.71937927007e-07, 1.45365262938e-07, 2.89263759612e-08, 7.90910661408e-08, 5.17405140954e-09, 5.08038944247e-09, 5.927936364e-09, 2.03139260968e-09, 4.34306979269e-10, 5.10719078139e-10, 1.1492058416e-09, 6.33242402959e-10, 4.04989064506e-09, 1.1585859383e-08, 2.33379839898e-08, 8.88416806788e-09, 4.68633754025e-09, 3.41891487343e-10, 1.63166993805e-10, 3.37359584712e-10, 1.10223719041e-10, 3.7266753572e-10, 3.61023855255e-09, 1.14931196504e-10, 6.24958279571e-11, 2.14558596584e-11, 6.71001101904e-12, 7.5057642393e-12, 5.08728129067e-12, 2.50234707087e-12, 1.26074378801e-12], "max": [0.000195426706341, 0.00377152534202, 0.00894485227764, 0.0104239583015, 0.00453734025359, 0.00529673974961, 0.000841345346998, 0.00135652523022, 0.00201520463452, 0.00343088014051, 0.00268323905766, 0.00182582100388, 0.0046726600267, 0.000960077857599, 0.00105444097426, 0.000792279315647, 0.000416549766669, 0.000219019420911, 0.000540077802725, 0.000795201165602, 0.000441547541413, 0.00079261045903, 0.00103931035846, 0.00112435419578, 0.000851356133353, 0.000491431623232, 0.000199912945391, 0.000182891846634, 0.000214958839933, 0.000130645523313, 0.000218611094169, 0.00078776862938, 0.00014138079132, 0.000119173520943, 8.43426387291e-05, 3.76728639822e-05, 3.67008215107e-05, 2.87807797577e-05, 2.03595536732e-05, 1.20266731756e-05], "mean": [1.93669711734e-06, 4.05010323448e-05, 0.000212789484067, 0.000501760223415, 0.000349434703821, 0.000243362257606, 5.69419753447e-05, 6.98714284226e-05, 0.00014476411161, 0.000253364996752, 0.000150924868649, 5.61190172448e-05, 7.76005763328e-05, 6.08424743405e-05, 3.5233591916e-05, 3.78900112992e-05, 2.92368586088e-05, 1.84720811376e-05, 1.5342649931e-05, 1.87998430192e-05, 1.20322874864e-05, 2.01041821128e-05, 2.58637501247e-05, 2.74505091511e-05, 1.42642356877e-05, 1.1999310118e-05, 1.0972945347e-05, 8.43651196192e-06, 8.95289304026e-06, 5.36549259778e-06, 7.0300079642e-06, 1.60516410688e-05, 3.46741671819e-06, 2.41322345573e-06, 2.13560451812e-06, 1.08270410237e-06, 1.11614781417e-06, 1.07807306904e-06, 6.47276635846e-07, 4.11151461321e-07], "median": [3.06392735183e-07, 6.4304931584e-06, 5.54717189516e-05, 0.000212745333556, 0.000229939614655, 8.57129634824e-05, 3.04346049234e-05, 2.26219508477e-05, 8.04935552878e-05, 9.90510452539e-05, 1.78598165803e-05, 6.07422862231e-06, 1.62618380273e-05, 7.19110539649e-06, 1.80633287528e-05, 1.77471229108e-05, 1.56284695549e-05, 1.36674743771e-05, 7.1945705713e-06, 7.67479923525e-06, 8.24361268315e-06, 9.02288047655e-06, 1.14671511255e-05, 9.77168383542e-06, 6.61026751914e-06, 5.88036800764e-06, 6.07324363955e-06, 4.05024047723e-06, 1.9717062969e-06, 1.13600162877e-06, 1.20499566947e-06, 1.67192581557e-06, 9.47126636675e-07, 2.69940017006e-07, 2.55455574916e-07, 1.34096111992e-07, 1.47825261365e-07, 1.29739731847e-07, 7.09461573933e-08, 4.64617002649e-08], "min": [6.13489040166e-24, 8.42454852944e-24, 6.36894030464e-24, 5.52989640737e-24, 4.87203295521e-24, 7.35548975271e-24, 3.26922536798e-24, 4.2334445304e-24, 4.63550050696e-24, 3.17366591336e-24, 7.06877589013e-24, 9.83939422878e-24, 8.38014276023e-24, 3.97710417925e-24, 5.05333606819e-24, 8.70603461081e-24, 4.97868931618e-24, 7.01333790115e-24, 6.80050717323e-24, 4.59727585736e-24, 4.0384972792e-24, 8.23040433864e-24, 1.57581497586e-23, 6.95472080273e-24, 6.47174071351e-24, 8.45665911259e-24, 1.43943891138e-23, 9.77606526417e-24, 7.86194870906e-24, 9.33553930229e-24, 7.63847624752e-24, 6.47113841821e-24, 7.22929409598e-24, 8.39296963855e-24, 8.87557107453e-24, 7.57794300596e-24, 7.27589132079e-24, 6.44359810071e-24, 7.86901611391e-24, 1.01837903896e-23], "var": [1.07032493979e-10, 3.46405109042e-08, 2.84291246544e-07, 7.90801436779e-07, 1.75523908297e-07, 1.76030198418e-07, 6.04518879399e-09, 1.65056857071e-08, 4.19830250564e-08, 1.81031325042e-07, 1.35502062903e-07, 3.23807753944e-08, 9.92810598177e-08, 1.76887802184e-08, 3.45637940491e-09, 3.79202758083e-09, 1.65065505708e-09, 4.06334466074e-10, 1.26627242025e-09, 2.59264343327e-09, 2.62706884024e-10, 1.49282719519e-09, 3.02935476704e-09, 5.67189006873e-09, 1.98336036483e-09, 1.13651676958e-09, 2.46530490466e-10, 2.07181924394e-10, 3.54078849574e-10, 1.52404686093e-10, 2.8180377476e-10, 2.30837549076e-09, 1.07821397644e-10, 7.94281793115e-11, 4.11554575142e-11, 1.25769516329e-11, 1.00940202377e-11, 7.54853471396e-12, 3.36096059837e-12, 1.31545122017e-12]}, "mfcc": {"mean": [-693.663818359, 91.7160720825, -33.2825508118, 15.9923229218, -19.0443134308, -14.2998437881, -16.4947757721, -14.0498714447, -18.1281929016, -14.7354049683, -10.5133361816, -16.1180534363, -19.4505844116], "cov": [[12277.2998047, -659.983947754, -296.515106201, -109.246337891, -517.64251709, 209.847381592, -273.020568848, -70.5539016724, -22.6667671204, -244.697616577, 171.391601562, 390.274475098, -100.776382446], [-659.983947754, 1173.61804199, -394.837341309, 51.8040428162, 66.4430770874, -210.006866455, -134.858596802, -80.8486022949, -75.7133407593, 129.502258301, 148.334671021, 66.6686248779, 89.6716384888], [-296.515106201, -394.837341309, 526.819824219, 80.9828414917, 70.0558166504, 96.9064025879, 115.674217224, 47.4090385437, 93.5855331421, -40.5386543274, -84.9577636719, -40.6449050903, -83.6097946167], [-109.246337891, 51.8040428162, 80.9828414917, 209.460067749, 72.991317749, 16.7851810455, 18.9011058807, -35.3878555298, 5.89788389206, -14.5639667511, 5.86248588562, -6.12899923325, -42.1727790833], [-517.64251709, 66.4430770874, 70.0558166504, 72.991317749, 205.47869873, 15.1713399887, 9.97976970673, -50.2991981506, -18.0492954254, 9.80851268768, -25.2078361511, -4.83417320251, 9.5237159729], [209.847381592, -210.006866455, 96.9064025879, 16.7851810455, 15.1713399887, 144.81022644, 59.0466842651, 20.4558963776, 18.1386184692, -51.3938369751, -43.5790672302, -4.36310863495, -7.9567193985], [-273.020568848, -134.858596802, 115.674217224, 18.9011058807, 9.97976970673, 59.0466842651, 152.387115479, 62.9130249023, 32.087223053, -28.3822631836, -63.9994659424, -51.7386169434, -33.4189758301], [-70.5539016724, -80.8486022949, 47.4090385437, -35.3878555298, -50.2991981506, 20.4558963776, 62.9130249023, 162.229263306, 78.8522796631, -9.85264778137, 7.30497694016, -12.5503482819, -38.667804718], [-22.6667671204, -75.7133407593, 93.5855331421, 5.89788389206, -18.0492954254, 18.1386184692, 32.087223053, 78.8522796631, 136.294158936, 12.7974910736, -1.77329206467, 1.91341650486, -47.5889778137], [-244.697616577, 129.502258301, -40.5386543274, -14.5639667511, 9.80851268768, -51.3938369751, -28.3822631836, -9.85264778137, 12.7974910736, 141.766677856, 68.3621139526, -4.09272098541, 23.5664386749], [171.391601562, 148.334671021, -84.9577636719, 5.86248588562, -25.2078361511, -43.5790672302, -63.9994659424, 7.30497694016, -1.77329206467, 68.3621139526, 184.010162354, 88.1179885864, -3.11457157135], [390.274475098, 66.6686248779, -40.6449050903, -6.12899923325, -4.83417320251, -4.36310863495, -51.7386169434, -12.5503482819, 1.91341650486, -4.09272098541, 88.1179885864, 148.508926392, 25.2125930786], [-100.776382446, 89.6716384888, -83.6097946167, -42.1727790833, 9.5237159729, -7.9567193985, -33.4189758301, -38.667804718, -47.5889778137, 23.5664386749, -3.11457157135, 25.2125930786, 141.258956909]], "icov": [[0.000118846299301, 6.23572123004e-05, 8.45915565151e-05, -4.45616751676e-05, 0.000289281073492, -0.000230315839872, 0.000208198180189, 8.89261718839e-05, 3.37822311849e-05, 3.39319485647e-05, 7.31668042135e-05, -0.000310777570121, 0.000185891069123], [6.23572123004e-05, 0.00176062178798, 0.00112448656, -0.000894148659427, -0.000634606461972, 0.00165267440025, -5.36112456757e-05, -0.00012814393267, -7.60987459216e-05, -0.000455748668173, -0.000253704172792, -0.000468286307296, -0.000458037509816], [8.45915565151e-05, 0.00112448656, 0.00375208794139, -0.00105719943531, -0.00102251244243, -9.06100322027e-05, -0.00105735543184, 0.000197328598006, -0.00152927986346, -0.000460906507215, 0.000755431188736, -0.000712775450666, 0.000824988819659], [-4.45616751676e-05, -0.000894148659427, -0.00105719943531, 0.00722002144903, -0.00176689063665, -0.000794508203398, -0.00118401809596, 0.0027250610292, -0.0012072196696, 0.00197339733131, -0.00231526675634, 0.00144271156751, 0.00156133424025], [0.000289281073492, -0.000634606461972, -0.00102251244243, -0.00176689063665, 0.00756812281907, -0.00170772604179, 0.00033070295467, 0.00139692646917, 0.00108990329318, -0.00144177640323, 0.00182523787953, -0.00157967803534, 0.000260606291704], [-0.000230315839872, 0.00165267440025, -9.06100322027e-05, -0.000794508203398, -0.00170772604179, 0.0121336216107, -0.00352327153087, 2.26884185395e-05, -0.00108449079562, 0.00253630825318, -0.000561135762837, -0.000315415818477, -0.00227756751701], [0.000208198180189, -5.36112456757e-05, -0.00105735543184, -0.00118401809596, 0.00033070295467, -0.00352327153087, 0.0125454710796, -0.004883274436, 0.00174293841701, -0.001024916186, 0.00318091595545, 0.000846669601742, 0.00129094172735], [8.89261718839e-05, -0.00012814393267, 0.000197328598006, 0.0027250610292, 0.00139692646917, 2.26884185395e-05, -0.004883274436, 0.0128405587748, -0.00675297575071, 0.00311239971779, -0.00419743265957, 0.0020690835081, 8.57839404489e-05], [3.37822311849e-05, -7.60987459216e-05, -0.00152927986346, -0.0012072196696, 0.00108990329318, -0.00108449079562, 0.00174293841701, -0.00675297575071, 0.0139677310362, -0.00485203927383, 0.00389919430017, -0.00370400724933, 0.00349823175929], [3.39319485647e-05, -0.000455748668173, -0.000460906507215, 0.00197339733131, -0.00144177640323, 0.00253630825318, -0.001024916186, 0.00311239971779, -0.00485203927383, 0.0136994002387, -0.00799696613103, 0.00580966006964, -0.00365392048843], [7.31668042135e-05, -0.000253704172792, 0.000755431188736, -0.00231526675634, 0.00182523787953, -0.000561135762837, 0.00318091595545, -0.00419743265957, 0.00389919430017, -0.00799696613103, 0.0146873863414, -0.00882943347096, 0.00396555289626], [-0.000310777570121, -0.000468286307296, -0.000712775450666, 0.00144271156751, -0.00157967803534, -0.000315415818477, 0.000846669601742, 0.0020690835081, -0.00370400724933, 0.00580966006964, -0.00882943347096, 0.0141598852351, -0.00399926956743], [0.000185891069123, -0.000458037509816, 0.000824988819659, 0.00156133424025, 0.000260606291704, -0.00227756751701, 0.00129094172735, 8.57839404489e-05, 0.00349823175929, -0.00365392048843, 0.00396555289626, -0.00399926956743, 0.0112294089049]]}, "spectral_contrast_coeffs": {"dmean": [0.0486071072519, 0.0359948053956, 0.0375171862543, 0.030067300424, 0.0236529149115, 0.0213565248996], "dmean2": [0.0808025822043, 0.0586816444993, 0.0574207752943, 0.0470584519207, 0.0374063067138, 0.0311285089701], "dvar": [0.00166500196792, 0.00092567683896, 0.00138739868999, 0.000622390944045, 0.000460339244455, 0.000417798320996], "dvar2": [0.00422147614881, 0.0024338492658, 0.00290145212784, 0.00147487048525, 0.00110623298679, 0.000810015655588], "max": [-0.222979366779, -0.434333860874, -0.438459664583, -0.497453689575, -0.569765210152, -0.556278586388], "mean": [-0.476871550083, -0.672236323357, -0.67623513937, -0.748639702797, -0.738713383675, -0.724581241608], "median": [-0.469165951014, -0.674958705902, -0.685836315155, -0.746581912041, -0.737046539783, -0.727464795113], "min": [-0.963734805584, -0.975085020065, -0.980025053024, -0.971525907516, -0.963922977448, -0.964195907116], "var": [0.00737970881164, 0.00530060753226, 0.00580917485058, 0.00309486268088, 0.00228725047782, 0.00272087031044]}, "spectral_contrast_valleys": {"dmean": [0.456467419863, 0.329671561718, 0.333196640015, 0.301002800465, 0.255546838045, 0.337293416262], "dmean2": [0.75594419241, 0.53000664711, 0.522529542446, 0.45742046833, 0.376084923744, 0.449435055256], "dvar": [0.180097237229, 0.111173175275, 0.133319735527, 0.122169293463, 0.108470842242, 0.156646430492], "dvar2": [0.398401945829, 0.21289588511, 0.26390466094, 0.217457