{"lowlevel": {"average_loudness": 0.917642056942, "barkbands_crest": {"dmean": 2.58947634697, "dmean2": 3.9912352562, "dvar": 9.79778671265, "dvar2": 22.9400539398, "max": 26.9854984283, "mean": 14.9961585999, "median": 14.2754831314, "min": 2.40019822121, "var": 25.9214916229}, "barkbands_flatness_db": {"dmean": 0.0940346494317, "dmean2": 0.144128009677, "dvar": 0.00992881227285, "dvar2": 0.0198975168169, "max": 1, "mean": 0.397446811199, "median": 0.35559207201, "min": 0.0220359060913, "var": 0.0304842814803}, "barkbands_kurtosis": {"dmean": 44.1231269836, "dmean2": 75.835319519, "dvar": 51384, "dvar2": 138962.140625, "max": 10487.6279297, "mean": 39.2281074524, "median": 3.61724042892, "min": -1.96809780598, "var": 38756.546875}, "barkbands_skewness": {"dmean": 2.03177523613, "dmean2": 3.2583565712, "dvar": 12.9730176926, "dvar2": 29.8557071686, "max": 62.4691963196, "mean": 2.37907648087, "median": 1.35421729088, "min": -15.4891004562, "var": 19.5133876801}, "barkbands_spread": {"dmean": 6.20003461838, "dmean2": 10.481303215, "dvar": 218.512969971, "dvar2": 567.864379883, "max": 151.106521606, "mean": 10.3433408737, "median": 4.57962417603, "min": 0.00719301914796, "var": 326.844940186}, "dissonance": {"dmean": 0.0656695663929, "dmean2": 0.108936630189, "dvar": 0.00488646980375, "dvar2": 0.0119174718857, "max": 0.500000119209, "mean": 0.333470523357, "median": 0.35166195035, "min": 0.00627735862508, "var": 0.013285134919}, "dynamic_complexity": 4.77633190155, "erbbands_crest": {"dmean": 3.27861762047, "dmean2": 5.23983478546, "dvar": 13.2089033127, "dvar2": 32.4017944336, "max": 33.2320709229, "mean": 16.6553268433, "median": 16.4193840027, "min": 2.07047224045, "var": 39.8582763672}, "erbbands_flatness_db": {"dmean": 0.0806441158056, "dmean2": 0.124735623598, "dvar": 0.00744925625622, "dvar2": 0.0145101714879, "max": 0.733909189701, "mean": 0.344484210014, "median": 0.336689591408, "min": 0.029160451144, "var": 0.019788313657}, "erbbands_kurtosis": {"dmean": 11.9998760223, "dmean2": 20.7908630371, "dvar": 1131.50622559, "dvar2": 3107.92797852, "max": 659.044433594, "mean": 12.5744981766, "median": 2.19449806213, "min": -1.95979583263, "var": 1198.3215332}, "erbbands_skewness": {"dmean": 1.262383461, "dmean2": 2.04102420807, "dvar": 3.32866382599, "dvar2": 8.42947864532, "max": 18.3899116516, "mean": 0.580114841461, "median": 0.127993389964, "min": -7.33521986008, "var": 5.89336872101}, "erbbands_spread": {"dmean": 12.1907606125, "dmean2": 19.5502605438, "dvar": 479.915283203, "dvar2": 1102.24865723, "max": 204.208389282, "mean": 20.6420536041, "median": 11.8370466232, "min": 0.272503525019, "var": 720.362121582}, "hfc": {"dmean": 7.56196451187, "dmean2": 12.1253910065, "dvar": 619.263366699, "dvar2": 1602.7454834, "max": 768.968383789, "mean": 12.8073129654, "median": 8.97576332092, "min": 4.85701270869e-11, "var": 496.669403076}, "melbands_crest": {"dmean": 3.04857730865, "dmean2": 4.53889322281, "dvar": 16.5932540894, "dvar2": 34.3323898315, "max": 39.8374595642, "mean": 20.0218830109, "median": 20.0013008118, "min": 2.18624377251, "var": 46.9137649536}, "melbands_flatness_db": {"dmean": 0.0989100411534, "dmean2": 0.150955885649, "dvar": 0.0115378238261, "dvar2": 0.0234295595437, "max": 1, "mean": 0.492748349905, "median": 0.444096177816, "min": 0.010795051232, "var": 0.0390770919621}, "melbands_kurtosis": {"dmean": 44.6434440613, "dmean2": 79.5442733765, "dvar": 20411.7910156, "dvar2": 58932.8710938, "max": 4089.64746094, "mean": 39.8395080566, "median": 5.77618503571, "min": -1.86363208294, "var": 14292.40625}, "melbands_skewness": {"dmean": 1.96145784855, "dmean2": 3.15430283546, "dvar": 10.9229097366, "dvar2": 29.0387535095, "max": 61.5625686646, "mean": 2.78707790375, "median": 1.75898873806, "min": -8.84989356995, "var": 14.5634155273}, "melbands_spread": {"dmean": 5.75579071045, "dmean2": 9.70282077789, "dvar": 306.171112061, "dvar2": 783.043395996, "max": 245.475631714, "mean": 10.7452468872, "median": 5.5573682785, "min": 0.138209268451, "var": 407.561920166}, "pitch_salience": {"dmean": 0.0907574146986, "dmean2": 0.14190942049, "dvar": 0.013570071198, "dvar2": 0.0313723236322, "max": 0.965524673462, "mean": 0.368500828743, "median": 0.38527020812, "min": 0.00285137514584, "var": 0.0340112783015}, "silence_rate_20dB": {"dmean": 0, "dmean2": 0, "dvar": 0, "dvar2": 0, "max": 1, "mean": 1, "median": 1, "min": 1, "var": 0}, "silence_rate_30dB": {"dmean": 0.0517598353326, "dmean2": 0.103531576693, "dvar": 0.0490848869085, "dvar2": 0.138378128409, "max": 1, "mean": 0.970442771912, "median": 1, "min": 0, "var": 0.0286825969815}, "silence_rate_60dB": {"dmean": 0.0363469049335, "dmean2": 0.0727021768689, "dvar": 0.0350267104805, "dvar2": 0.0761590227485, "max": 1, "mean": 0.121219091117, "median": 0, "min": 0, "var": 0.106524959207}, "spectral_centroid": {"dmean": 191.813522339, "dmean2": 314.580474854, "dvar": 166598.34375, "dvar2": 395586.21875, "max": 5876.52587891, "mean": 660.3046875, "median": 428.552703857, "min": 82.3214263916, "var": 417681.46875}, "spectral_complexity": {"dmean": 0.859903395176, "dmean2": 1.47981131077, "dvar": 1.72104465961, "dvar2": 4.22459888458, "max": 26, "mean": 5.12800455093, "median": 4, "min": 0, "var": 13.394282341}, "spectral_decrease": {"dmean": 3.86298193433e-09, "dmean2": 5.70646996323e-09, "dvar": 5.01496378159e-17, "dvar2": 1.21498114787e-16, "max": 9.24903895556e-18, "mean": -8.30770030547e-09, "median": -5.10256636943e-09, "min": -7.51149968892e-08, "var": 7.41560206139e-17}, "spectral_energy": {"dmean": 0.0150658581406, "dmean2": 0.022097395733, "dvar": 0.000735563866328, "dvar2": 0.00176472414751, "max": 0.287715405226, "mean": 0.0325167253613, "median": 0.020488684997, "min": 4.76436635776e-15, "var": 0.00110648188274}, "spectral_energyband_high": {"dmean": 0.000391411187593, "dmean2": 0.000693576585036, "dvar": 4.46302874479e-06, "dvar2": 1.18307707453e-05, "max": 0.0708599686623, "mean": 0.000254671846051, "median": 1.82028486506e-06, "min": 3.84456608056e-15, "var": 3.08498420054e-06}, "spectral_energyband_low": {"dmean": 0.0114363450557, "dmean2": 0.0166125968099, "dvar": 0.000631802424323, "dvar2": 0.00152635970153, "max": 0.264567762613, "mean": 0.0173388645053, "median": 0.00987723097205, "min": 1.52756277518e-16, "var": 0.00076237070607}, "spectral_energyband_middle_high": {"dmean": 0.000794913677964, "dmean2": 0.00127474905457, "dvar": 2.22394510274e-06, "dvar2": 5.93402910454e-06, "max": 0.0303943622857, "mean": 0.00260812113993, "median": 0.000924887834117, "min": 5.96262913989e-16, "var": 1.6714375306e-05}, "spectral_energyband_middle_low": {"dmean": 0.00680920109153, "dmean2": 0.00952959619462, "dvar": 0.000169033897691, "dvar2": 0.000376692449208, "max": 0.14360062778, "mean": 0.0158765632659, "median": 0.00599922938272, "min": 1.19297364371e-16, "var": 0.000431031861808}, "spectral_entropy": {"dmean": 0.77758783102, "dmean2": 1.22345101833, "dvar": 0.838754832745, "dvar2": 1.68061816692, "max": 9.18943119049, "mean": 5.44105195999, "median": 5.50738143921, "min": 1.87801015377, "var": 2.0699763298}, "spectral_flux": {"dmean": 0.0423407182097, "dmean2": 0.0656092688441, "dvar": 0.00370836583897, "dvar2": 0.009243035689, "max": 0.495781987906, "mean": 0.0617853850126, "median": 0.0372991524637, "min": 6.15627186562e-06, "var": 0.00474792346358}, "spectral_kurtosis": {"dmean": 81.4322280884, "dmean2": 132.972061157, "dvar": 31965.71875, "dvar2": 81532.6171875, "max": 2275.16992188, "mean": 92.1589813232, "median": 29.6649513245, "min": -0.582864046097, "var": 33670.3632812}, "spectral_rms": {"dmean": 0.00112552451901, "dmean2": 0.00156442751177, "dvar": 3.1005299661e-06, "dvar2": 6.71907855576e-06, "max": 0.0167540423572, "mean": 0.0048842295073, "median": 0.00447090156376, "min": 2.15595963304e-09, "var": 7.86809778219e-06}, "spectral_rolloff": {"dmean": 580.126586914, "dmean2": 1069.60656738, "dvar": 4905496, "dvar2": 12934201, "max": 18604.6875, "mean": 1115.0871582, "median": 495.263671875, "min": 21.533203125, "var": 6590364}, "spectral_skewness": {"dmean": 2.97457051277, "dmean2": 4.62668514252, "dvar": 16.6085567474, "dvar2": 36.7263526917, "max": 43.5686759949, "mean": 6.07294607162, "median": 3.97108888626, "min": 0.187990874052, "var": 30.8093795776}, "spectral_spread": {"dmean": 1663185.375, "dmean2": 2644499, "dvar": 4143798026240.0, "dvar2": 8029173972990.0, "max": 29727336, "mean": 3126851.75, "median": 1797784.625, "min": 47397.7304688, "var": 10859899256800.0}, "spectral_strongpeak": {"dmean": 0.379429906607, "dmean2": 0.599105894566, "dvar": 0.366107583046, "dvar2": 0.904744565487, "max": 8.77285766602, "mean": 1.21266794205, "median": 0.811215341091, "min": 0, "var": 1.42831766605}, "zerocrossingrate": {"dmean": 0.0128622287884, "dmean2": 0.0158629901707, "dvar": 0.00123106839601, "dvar2": 0.00173724768683, "max": 0.634765625, "mean": 0.0387728996575, "median": 0.02001953125, "min": 0.00244140625, "var": 0.00425515836105}, "barkbands": {"dmean": [2.32643888012e-05, 0.00253347377293, 0.00666427752003, 0.0040259915404, 0.00103408354335, 0.00143241137266, 0.00153427559417, 0.000161262913025, 6.20707214694e-05, 6.48569766781e-05, 9.633708396e-05, 0.000233258848311, 0.000268302188488, 0.000202576469746, 5.69987023482e-05, 5.34119753866e-05, 3.60328776878e-05, 2.296985258e-05, 8.52749599289e-06, 9.31892918743e-06, 1.17292593131e-05, 4.58517715742e-05, 4.07283041568e-05, 5.6084307289e-05, 4.66340898129e-05, 6.98604635545e-05, 0.000118781841593], "dmean2": [4.18250237999e-05, 0.00380705995485, 0.00973446667194, 0.00592609215528, 0.00146092486102, 0.00175748753827, 0.00170947343577, 0.000206896234886, 6.92282628734e-05, 7.52465421101e-05, 0.000122774144984, 0.000385019171517, 0.000420291209593, 0.000331247778377, 9.49067034526e-05, 8.77443162608e-05, 6.21863218839e-05, 4.29029678344e-05, 1.52140564751e-05, 1.63677232194e-05, 2.10598045669e-05, 8.68590504979e-05, 7.16983704478e-05, 9.83355639619e-05, 8.00675043138e-05, 0.000120239521493, 0.000212881102925], "dvar": [5.33721378204e-09, 8.63949826453e-05, 0.000279927364318, 0.000126205763081, 9.36560718401e-06, 1.0309919162e-05, 1.54511089931e-05, 2.20398234774e-07, 6.31631422721e-08, 6.89808814514e-08, 9.14751367986e-08, 9.81395487543e-07, 5.65180584999e-07, 5.64176616535e-07, 2.80522218787e-08, 2.71085500714e-08, 1.37640521203e-08, 8.31372304333e-09, 4.24419582812e-10, 9.21117071506e-10, 3.18418491574e-09, 8.83928734652e-08, 5.96064637648e-08, 1.78702336484e-07, 1.40201990462e-07, 1.61882510952e-07, 3.81566366059e-07], "dvar2": [1.47246499438e-08, 0.000203572068131, 0.000660224002786, 0.000298488506814, 1.86614306585e-05, 1.58581515279e-05, 2.20733909373e-05, 4.01963916374e-07, 6.19151734327e-08, 6.982016032e-08, 1.30615632088e-07, 2.85780515696e-06, 1.38333848554e-06, 1.53210623921e-06, 6.79636471546e-08, 5.77950700631e-08, 3.40052430658e-08, 2.41530138112e-08, 1.1323965099e-09, 2.26457386177e-09, 8.88679352329e-09, 2.59100005451e-07, 1.52916896923e-07, 4.87443969632e-07, 3.71123917375e-07, 4.17511273554e-07, 1.03938907614e-06], "max": [0.000888687151019, 0.125116467476, 0.21258097887, 0.120671004057, 0.0687298253179, 0.061703056097, 0.0646805465221, 0.00940608605742, 0.0206483118236, 0.0183534044772, 0.0218222253025, 0.0176703557372, 0.015705594793, 0.020967381075, 0.00398626364768, 0.00406597694382, 0.00335865933448, 0.00113135238644, 0.000479124573758, 0.00104370352346, 0.00127363100182, 0.00504397461191, 0.00930494815111, 0.0181529708207, 0.0151986218989, 0.0135017521679, 0.00999251008034], "mean": [1.47969658428e-05, 0.00374306738377, 0.0100341355428, 0.00555253820494, 0.00180013978388, 0.00386934238486, 0.00386415375397, 0.000408128165873, 0.000356538745109, 0.000286751106614, 0.000441154348664, 0.00041298448923, 0.000669808825478, 0.000542775844224, 9.08019428607e-05, 8.39451167849e-05, 5.91929383518e-05, 1.70904677361e-05, 8.3819950305e-06, 8.61979515321e-06, 8.89788498171e-06, 2.60822944256e-05, 2.63302390522e-05, 3.66256390407e-05, 3.18055899697e-05, 4.75269844173e-05, 7.51531042624e-05], "median": [2.29428451348e-07, 3.3405245631e-05, 0.00402961904183, 7.46682198951e-05, 1.9041748601e-05, 0.00026408964186, 0.000102241305285, 7.97715892986e-06, 5.18342812938e-06, 2.69492375082e-06, 7.5503367043e-06, 7.95560390543e-06, 8.60699401528e-06, 4.50221659776e-06, 3.94805783799e-06, 3.59647833648e-06, 2.68944245363e-06, 9.8377302038e-07, 1.16387423077e-06, 6.01804686085e-07, 3.88104353988e-07, 1.3071293381e-07, 5.98460090373e-08, 3.75558464327e-08, 5.75815413129e-08, 5.95023799121e-08, 3.39562156171e-08], "min": [7.32051401038e-17, 8.25613270728e-17, 2.71118405019e-17, 1.14612119083e-17, 1.93292091383e-17, 2.1018224268e-17, 9.79859128476e-18, 6.6390264562e-18, 3.5244412278e-17, 5.59178130727e-17, 5.40790997589e-17, 7.03134291789e-17, 4.6079326867e-17, 5.18026457736e-17, 2.025790301e-17, 3.96102351551e-17, 7.09361969185e-17, 7.17602143924e-17, 7.99864130876e-17, 1.00948208749e-16, 2.41344568266e-16, 4.45866814369e-16, 2.80164855862e-16, 2.24544093273e-16, 6.08246100852e-16, 7.59437087954e-16, 1.25559092491e-15], "var": [3.40818462341e-09, 0.000119085801998, 0.000355750584276, 0.000175899491296, 2.83961726382e-05, 5.33534876013e-05, 6.37392950011e-05, 8.06076229765e-07, 9.56424514698e-07, 9.0607875336e-07, 1.69669419847e-06, 1.86222246157e-06, 3.09869710691e-06, 2.53482585322e-06, 8.48981187573e-08, 7.71586172732e-08, 5.45016085596e-08, 4.80439599215e-09, 4.74560002406e-10, 1.00620622945e-09, 2.02950145578e-09, 4.71323602369e-08, 4.37208456106e-08, 1.16479469625e-07, 9.79374306098e-08, 1.19161960299e-07, 2.46642116508e-07]}, "erbbands": {"dmean": [0.0268735680729, 0.79542517662, 6.0557756424, 12.4934988022, 6.21028518677, 2.90832066536, 7.97761392593, 12.2296733856, 18.6771125793, 19.0994873047, 1.96873426437, 1.37987041473, 1.80575203896, 1.8543202877, 7.03387546539, 7.25033903122, 12.8928699493, 9.10216903687, 5.31655979156, 3.77393579483, 2.25448608398, 1.89880418777, 1.61050653458, 0.608211815357, 0.373117536306, 0.45767980814, 0.312559485435, 0.662496566772, 1.42610549927, 1.5504540205, 1.06947886944, 1.19689190388, 0.850157558918, 0.485273271799, 0.382121890783, 0.294180065393, 0.11339828372, 0.0849833711982, 0.0202772170305, 0.00115918973461], "dmean2": [0.043364353478, 1.16940975189, 8.77275085449, 18.317527771, 9.06286716461, 3.81801366806, 10.4442882538, 14.6331129074, 21.7854881287, 21.2443656921, 2.36506843567, 1.56740176678, 2.00961947441, 2.33667349815, 10.8909959793, 11.70997715, 20.1385974884, 15.0568161011, 8.70857524872, 6.10334682465, 4.07677650452, 3.34401392937, 2.91401100159, 1.09975600243, 0.641216099262, 0.815654695034, 0.539745986462, 1.21652340889, 2.69308996201, 2.86558318138, 1.88813686371, 2.09274864197, 1.49596881866, 0.821686387062, 0.660577058792, 0.511669874191, 0.193919166923, 0.151391237974, 0.0364586263895, 0.00204355502501], "dvar": [0.0125557789579, 7.01339530945, 228.580184937, 920.849304199, 397.936340332, 76.3316268921, 622.801696777, 696.547973633, 3364.80419922, 2771.7956543, 34.908290863, 19.7994613647, 49.3661575317, 24.8320941925, 560.20526123, 527.333068848, 1321.56677246, 1449.96398926, 274.81842041, 163.435211182, 49.7075157166, 31.8532066345, 34.5968551636, 3.05457353592, 1.59361481667, 1.67693424225, 1.38471472263, 14.4709949493, 93.3822860718, 52.9153594971, 50.2202186584, 86.5103759766, 37.0380783081, 13.9531383514, 9.119181633, 2.68826031685, 0.615692317486, 0.18261821568, 0.0114752352238, 3.54639159923e-05], "dvar2": [0.0323177464306, 16.4662666321, 536.597839355, 2238.13842773, 910.289428711, 117.955375671, 1090.60449219, 1020.00354004, 5492.90185547, 3757.35473633, 48.628036499, 22.3112640381, 46.1219787598, 34.7864875793, 1518.99804688, 1529.24609375, 3223.51074219, 3920.3671875, 686.727416992, 401.41973877, 142.586196899, 84.6942367554, 97.2215957642, 8.58741760254, 3.69515156746, 4.44024848938, 3.44405460358, 41.6988792419, 273.216156006, 148.086517334, 132.150558472, 230.98336792, 101.26411438, 36.8438873291, 24.0639190674, 7.02348136902, 1.61517035961, 0.489765763283, 0.031415656209, 9.55634604907e-05], "max": [1.56177759171, 33.7984008789, 172.783813477, 303.609191895, 234.373916626, 298.184417725, 563.243469238, 428.772857666, 797.942443848, 1187.13647461, 331.43447876, 268.893493652, 447.75112915, 270.492584229, 663.929321289, 537.759338379, 743.316711426, 1293.34960938, 660.234924316, 361.100646973, 70.6165161133, 126.485145569, 76.4263839722, 23.3753070831, 49.7170753479, 31.0054645538, 31.6909656525, 82.8637084961, 157.749298096, 139.049850464, 285.157562256, 421.343292236, 246.404998779, 155.197845459, 118.664619446, 48.5949821472, 31.1607513428, 9.02408027649, 1.75977921486, 0.0808311700821], "mean": [0.0337853915989, 1.21661400795, 9.30304431915, 17.906375885, 9.23324871063, 6.31994342804, 19.141450882, 33.7547149658, 44.1616706848, 50.291721344, 6.70606231689, 8.10754966736, 8.41495418549, 9.91007995605, 18.8952102661, 15.8297834396, 33.025390625, 22.9817371368, 12.8290147781, 9.08320522308, 2.77975869179, 2.94402861595, 1.73772954941, 0.574308156967, 0.3521682024, 0.439389407635, 0.255066752434, 0.465547144413, 0.819509923458, 0.922778606415, 0.690450251102, 0.786103904247, 0.552852869034, 0.342336475849, 0.256362110376, 0.196328639984, 0.0776153802872, 0.0540008284152, 0.0127963880077, 0.000776972388849], "median": [0.00234858272597, 0.100235961378, 3.44774389267, 2.98479342461, 0.635662257671, 0.421677023172, 1.41627597809, 2.17226028442, 1.5011125803, 1.18366003036, 0.526777148247, 0.454900443554, 0.222724154592, 0.366325616837, 1.01032078266, 1.77872788906, 1.77626442909, 0.99768781662, 0.407164633274, 0.32122451067, 0.296612650156, 0.186265751719, 0.135026365519, 0.0788769423962, 0.0548298433423, 0.03394324705, 0.0193197075278, 0.0126421144232, 0.00592575361952, 0.00329475244507, 0.00131452130154, 0.00091238564346, 0.000636192213278, 0.000576159276534, 0.000454602792161, 0.000261217704974, 0.000100833080069, 4.10263855883e-05, 2.61020668404e-05, 2.90783955279e-05], "min": [3.45562189195e-15, 1.49111798619e-14, 3.18062531879e-14, 3.7984250619e-14, 3.76607619602e-14, 6.97878576759e-14, 1.41303974272e-13, 1.72843008894e-13, 1.48267357593e-13, 1.38679988174e-13, 2.03176098992e-13, 7.50069331732e-13, 1.52908729515e-12, 1.971789702e-12, 2.5925091067e-12, 2.57006915749e-12, 1.88607658137e-12, 3.48563300619e-12, 9.64210699131e-13, 1.21951244676e-12, 2.98053422221e-12, 4.01129606961e-12, 4.68173026388e-12, 3.70909900016e-12, 3.75365016847e-12, 3.95467035855e-12, 5.30437369375e-12, 1.48157840163e-11, 1.05605541673e-11, 1.45369133397e-11, 7.93940347493e-12, 5.15721926969e-12, 3.78334906806e-12, 3.87998574242e-12, 6.5876921973e-12, 3.85260183131e-12, 1.38580509915e-12, 4.19135293963e-13, 2.20904701866e-13, 1.70320351654e-14], "var": [0.0133657492697, 9.71297359467, 294.458312988, 1158.3684082, 626.386535645, 481.305786133, 1857.61621094, 3836.76049805, 12204.6953125, 12843.9326172, 188.831054688, 409.172485352, 644.733886719, 522.280822754, 2186.56201172, 1356.28918457, 7337.73925781, 4343.78125, 2296.09106445, 922.974365234, 42.7329788208, 89.1242980957, 42.6824836731, 2.34929513931, 1.92852711678, 1.63802278042, 1.21296143532, 8.27753639221, 50.1179580688, 31.9540405273, 35.1734275818, 58.999710083, 24.0263824463, 9.8147277832, 6.39069271088, 1.92708659172, 0.438990712166, 0.122514396906, 0.00733702303842, 2.35080278799e-05]}, "gfcc": {"mean": [-208.474960327, 139.127304077, -71.0833435059, -9.89075565338, -30.4549102783, -6.16349172592, -32.8887672424, -15.3296575546, -18.1169719696, 0.750001966953, -5.0267457962, -4.05591058731, -13.2858200073], "cov": [[30505.7675781, 226.276245117, -4297.71142578, 661.970153809, 687.188110352, 1265.50341797, 298.241241455, 152.08392334, -658.665527344, -115.600326538, -781.21862793, -281.334594727, -395.56729126], [226.276245117, 6097.63867188, 756.762390137, -657.565368652, 249.109725952, -1070.70288086, 66.1914215088, -346.525817871, 469.870025635, -334.593017578, 55.5013847351, -547.791381836, 39.2923316956], [-4297.71142578, 756.762390137, 6408.56396484, 1678.88964844, -287.155700684, -244.782180786, -278.543182373, 25.5121231079, 486.877258301, 2.89825081825, 298.990081787, -122.786865234, -494.332183838], [661.970153809, -657.565368652, 1678.88964844, 1627.97216797, 717.870666504, 614.770812988, 164.705932617, 143.308120728, -8.27933979034, -78.6474914551, -117.927009583, -117.125869751, -278.975646973], [687.188110352, 249.109725952, -287.155700684, 717.870666504, 1402.95556641, 941.60949707, 422.937011719, 25.3256702423, -173.42678833, -229.089874268, -114.675788879, -171.35534668, -160.863540649], [1265.50341797, -1070.70288086, -244.782180786, 614.770812988, 941.60949707, 1294.44152832, 457.374267578, 37.1746025085, -328.821258545, -100.463226318, -76.0105209351, 13.2361879349, -181.840820312], [298.241241455, 66.1914215088, -278.543182373, 164.705932617, 422.937011719, 457.374267578, 490.712860107, 146.588043213, -35.5183792114, -77.5447387695, -93.1159591675, -90.0706253052, -8.29298686981], [152.08392334, -346.525817871, 25.5121231079, 143.308120728, 25.3256702423, 37.1746025085, 146.588043213, 407.470733643, 179.543548584, 50.3329277039, -98.9040374756, -34.1647911072, -16.6726570129], [-658.665527344, 469.870025635, 486.877258301, -8.27933979034, -173.42678833, -328.821258545, -35.5183792114, 179.543548584, 460.988006592, 233.865737915, 99.4180145264, -107.345100403, -20.776227951], [-115.600326538, -334.593017578, 2.89825081825, -78.6474914551, -229.089874268, -100.463226318, -77.5447387695, 50.3329277039, 233.865737915, 370.993713379, 226.489715576, 65.6943511963, -14.0081214905], [-781.21862793, 55.5013847351, 298.990081787, -117.927009583, -114.675788879, -76.0105209351, -93.1159591675, -98.9040374756, 99.4180145264, 226.489715576, 452.419342041, 235.43536377, 26.7930583954], [-281.334594727, -547.791381836, -122.786865234, -117.125869751, -171.35534668, 13.2361879349, -90.0706253052, -34.1647911072, -107.345100403, 65.6943511963, 235.43536377, 437.671600342, 203.944061279], [-395.56729126, 39.2923316956, -494.332183838, -278.975646973, -160.863540649, -181.840820312, -8.29298686981, -16.6726570129, -20.776227951, -14.0081214905, 26.7930583954, 203.944061279, 337.80657959]], "icov": [[5.77192440687e-05, -9.57100201049e-05, 0.000100693614513, -0.000168316604686, 0.000193199870409, -0.000187528945389, 0.000126523387735, -9.63171987678e-05, 6.59299839754e-05, -6.3615560066e-05, 6.5528525738e-05, -5.99115774094e-05, 0.000108866181108], [-9.57100201049e-05, 0.000674196344335, -0.000264741218416, 0.000602360931225, -0.000867253984325, 0.00102283724118, -0.000781033886597, 0.000849114323501, -0.000797494139988, 0.000814356724732, -0.000324546068441, 0.000304660701659, -9.35805655899e-05], [0.000100693614513, -0.000264741218416, 0.000697740470059, -0.00102775951382, 0.00111148308497, -0.000747160229366, 0.000444799545221, -1.33490057124e-05, -0.000828817195725, 0.00109200493898, -0.000632391485851, -8.2044134615e-05, 0.000552332319785], [-0.000168316604686, 0.000602360931225, -0.00102775951382, 0.00259559741244, -0.00221896567382, 0.00115099654067, -0.00066658644937, 0.000276118720649, 0.000251830089837, -0.00101031444501, 0.00122563063633, -0.000450921041192, 8.12063080957e-05], [0.000193199870409, -0.000867253984325, 0.00111148308497, -0.00221896567382, 0.00435000378639, -0.0034883483313, 0.00126892409753, -0.000691474007908, -0.00113783206325, 0.00255312025547, -0.00191664358135, 0.00126391893718, -0.000263344874838], [-0.000187528945389, 0.00102283724118, -0.000747160229366, 0.00115099654067, -0.0034883483313, 0.00550826825202, -0.00358789227903, 0.00134153675754, 0.0017237176653, -0.00203770701773, 0.00138783617876, -0.00175000401214, 0.00176865619142], [0.000126523387735, -0.000781033886597, 0.000444799545221, -0.00066658644937, 0.00126892409753, -0.00358789227903, 0.00597234861925, -0.00295899179764, 0.000477353692986, 0.000740046380088, -0.00153436942492, 0.00258843856864, -0.00236808508635], [-9.63171987678e-05, 0.000849114323501, -1.33490057124e-05, 0.000276118720649, -0.000691474007908, 0.00134153675754, -0.00295899179764, 0.00656925002113, -0.00498537858948, 0.00142458314076, 0.00257287104614, -0.00312445079908, 0.00207611592487], [6.59299839754e-05, -0.000797494139988, -0.000828817195725, 0.000251830089837, -0.00113783206325, 0.0017237176653, 0.000477353692986, -0.00498537858948, 0.0114128598943, -0.00772101664916, -0.00040519220056, 0.00332850869745, -0.00227884761989], [-6.3615560066e-05, 0.000814356724732, 0.00109200493898, -0.00101031444501, 0.00255312025547, -0.00203770701773, 0.000740046380088, 0.00142458314076, -0.00772101664916, 0.0122399833053, -0.0056363074109, 0.00145115493797, 0.000405431259423], [6.5528525738e-05, -0.000324546068441, -0.000632391485851, 0.00122563063633, -0.00191664358135, 0.00138783617876, -0.00153436942492, 0.00257287104614, -0.00040519220056, -0.0056363074109, 0.00946592446417, -0.00703235249966, 0.0033611394465], [-5.99115774094e-05, 0.000304660701659, -8.2044134615e-05, -0.000450921041192, 0.00126391893718, -0.00175000401214, 0.00258843856864, -0.00312445079908, 0.00332850869745, 0.00145115493797, -0.00703235249966, 0.0108505142853, -0.00675697764382], [0.000108866181108, -9.35805655899e-05, 0.000552332319785, 8.12063080957e-05, -0.000263344874838, 0.00176865619142, -0.00236808508635, 0.00207611592487, -0.00227884761989, 0.000405431259423, 0.0033611394465, -0.00675697764382, 0.00853441655636]]}, "melbands": {"dmean": [0.000462883501314, 0.00250630825758, 0.00199662637897, 0.00025700966944, 0.000260658736806, 0.000297671125736, 0.000268221105216, 0.000166574769537, 9.87229304883e-06, 7.92579703557e-06, 9.79513879429e-06, 7.6658470789e-06, 2.05342894333e-05, 2.87025322905e-05, 2.55380946328e-05, 2.18279892579e-05, 1.75554341695e-05, 1.08200110844e-05, 4.02997875426e-06, 4.30548016084e-06, 2.53720145338e-06, 1.89306251741e-06, 2.1594644295e-06, 9.28258430122e-07, 4.55222675555e-07, 2.91859350909e-07, 2.96864499205e-07, 2.98487918826e-07, 1.6080674925e-07, 2.59038074546e-07, 4.31589853633e-07, 5.99093482379e-07, 1.27654573134e-06, 7.59134707096e-07, 5.92830417645e-07, 7.15202531865e-07, 7.27895610453e-07, 6.05524235198e-07, 5.21695085354e-07, 3.71171694269e-07], "dmean2": [0.000710829568561, 0.00362478499301, 0.00290047563612, 0.000365064537618, 0.000334487849614, 0.000354431831511, 0.000309033901431, 0.000187344325241, 1.31813849293e-05, 8.9208033387e-06, 1.09295724542e-05, 9.46544787439e-06, 2.92898748739e-05, 4.90522288601e-05, 3.85680104955e-05, 3.44206309819e-05, 2.92494460155e-05, 1.74833203346e-05, 6.80673019815e-06, 6.83425560055e-06, 4.7452886065e-06, 3.36383573085e-06, 3.74458772967e-06, 1.70343355421e-06, 8.30290559861e-07, 5.08285666001e-07, 5.07835295593e-07, 5.37525011168e-07, 2.7206593245e-07, 4.60245132672e-07, 7.98646055955e-07, 1.12002453534e-06, 2.44325701715e-06, 1.36708888476e-06, 1.05124684069e-06, 1.23855522816e-06, 1.29446732444e-06, 1.07873859179e-06, 8.93165406524e-07, 6.24401991445e-07], "dvar": [3.28078590428e-06, 3.79944431188e-05, 2.29524266615e-05, 5.59059969873e-07, 6.72161377224e-07, 4.08261541907e-07, 6.00138946538e-07, 2.22348518264e-07, 2.08646966371e-09, 7.89459331241e-10, 1.48373524578e-09, 5.19944143296e-10, 3.44175155043e-09, 1.75002021763e-08, 4.85434270558e-09, 3.60204932548e-09, 5.75812952874e-09, 1.39086619999e-09, 1.36440594933e-10, 1.9872269108e-10, 8.61980764544e-11, 3.06284546336e-11, 6.75727043764e-11, 1.19774502816e-11, 1.666173601e-12, 5.25478369585e-13, 1.65338543637e-12, 6.71826526702e-13, 3.10365746775e-13, 2.03281922545e-12, 7.03493296603e-12, 1.61077054472e-11, 7.76912076339e-11, 1.46051105238e-11, 1.50697163082e-11, 3.42181977198e-11, 2.88655280234e-11, 1.56085856046e-11, 2.07269756913e-11, 6.70423872667e-12], "dvar2": [7.90922058513e-06, 8.96074270713e-05, 5.50478544028e-05, 1.21923255847e-06, 1.15531634037e-06, 6.04795786785e-07, 9.50906894559e-07, 3.07364018681e-07, 2.71656852568e-09, 8.0363327104e-10, 1.39579026115e-09, 6.58633980688e-10, 7.14301107152e-09, 5.23226795224e-08, 1.07819309036e-08, 8.92222207227e-09, 1.58652326832e-08, 3.44748185555e-09, 3.43805678371e-10, 4.6352408023e-10, 2.50063969531e-10, 8.42479003227e-11, 1.65514019157e-10, 3.42485310945e-11, 4.68498200304e-12, 1.25759873435e-12, 3.7430674879e-12, 1.807440482e-12, 6.2800811643e-13, 5.52878879831e-12, 2.04874259918e-11, 4.67727072351e-11, 2.29055080458e-10, 3.90716174692e-11, 3.94418803173e-11, 9.00523960956e-11, 7.81112535764e-11, 4.26170938816e-11, 5.70094388364e-11, 1.72203362681e-11], "max": [0.0252908375114, 0.065228484571, 0.0435867086053, 0.0172792039812, 0.0181941110641, 0.0100783174857, 0.0110366959125, 0.0107902931049, 0.00360203930177, 0.00251493882388, 0.0024909672793, 0.00128709769342, 0.00322276260704, 0.00227346550673, 0.00219281669706, 0.0014478523517, 0.00234776781872, 0.0015365392901, 0.00027833058266, 0.00036249216646, 9.6365220088e-05, 8.87773712748e-05, 0.00023257144494, 4.16974035033e-05, 1.87331315828e-05, 2.74642425211e-05, 6.02434156463e-05, 1.49623683683e-05, 3.07800073642e-05, 4.43819408247e-05, 6.02111031185e-05, 7.03166006133e-05, 0.0001426620438, 9.55929790507e-05, 0.000153523767949, 0.000272490637144, 0.000233975428273, 0.000149032377522, 0.000199530593818, 0.000103460261016], "mean": [0.000656320189591, 0.00386795308441, 0.00290907127783, 0.000456402049167, 0.000629781512544, 0.000814026279841, 0.000643656821921, 0.000433986977441, 4.10711945733e-05, 4.56258203485e-05, 4.3959422328e-05, 4.11670480389e-05, 7.14441994205e-05, 4.42269592895e-05, 6.99711381458e-05, 5.68191135244e-05, 4.21631921199e-05, 2.70088185061e-05, 7.33937304176e-06, 1.01959913081e-05, 2.14317219616e-06, 2.78848187918e-06, 3.220644885e-06, 7.19865624887e-07, 4.22203328299e-07, 2.99353445143e-07, 2.72992451755e-07, 2.78441120827e-07, 1.38338236866e-07, 1.96337140324e-07, 2.91063713576e-07, 3.49913761966e-07, 7.101969004e-07, 4.71008320346e-07, 3.7811574316e-07, 4.874580668e-07, 4.61588427925e-07, 3.84343309179e-07, 3.60601831062e-07, 2.64489216306e-07], "median": [8.50267042551e-06, 0.0016937230248, 0.000576421967708, 1.44441910379e-05, 4.52261774626e-05, 4.8859128583e-05, 1.80549595825e-05, 8.15771090856e-06, 1.65042149547e-06, 7.21114759017e-07, 4.88661271447e-07, 6.52545566027e-07, 1.70852183601e-06, 1.05956200969e-06, 2.69202655545e-06, 8.77184277215e-07, 4.93647860367e-07, 2.31904380144e-07, 2.65425057933e-07, 3.68881359236e-07, 1.01102976657e-07, 1.31477321474e-07, 1.28142531253e-07, 3.15269019779e-08, 5.07532469385e-08, 3.45339010721e-08, 2.5900659395e-08, 1.72032272872e-08, 9.60501722602e-09, 7.46633688209e-09, 6.16335738002e-09, 2.80376655226e-09, 2.08577732863e-09, 1.39908973296e-09, 6.83978262916e-10, 6.13650741332e-10, 4.84122464339e-10, 4.15560919009e-10, 4.09796724332e-10, 4.78573902729e-10], "min": [3.04216515218e-17, 1.80522556851e-17, 6.60032598406e-18, 3.57812690391e-18, 4.72342174131e-18, 3.89895552194e-18, 2.2130956727e-18, 1.45372308746e-18, 1.8740519172e-18, 5.21981572204e-18, 7.74678631894e-18, 7.86707078771e-18, 7.98680683574e-18, 8.97120139551e-18, 3.00885789763e-18, 6.25451940667e-18, 6.3704239541e-18, 1.26618273443e-18, 1.89293396904e-18, 1.9405975635e-18, 3.79347675895e-18, 4.21546501639e-18, 4.38209765566e-18, 3.36441093739e-18, 3.06434393235e-18, 2.5144994016e-18, 2.98122965158e-18, 2.60818008751e-18, 3.34764315919e-18, 3.6278160569e-18, 1.09548665312e-17, 4.59297659948e-18, 1.08357971907e-17, 6.0703042163e-18, 4.15190693967e-18, 5.1193265125e-18, 2.48048656199e-18, 3.37699731759e-18, 1.27098265673e-18, 3.98068551595e-18], "var": [4.26240058005e-06, 4.88681544084e-05, 3.01231484627e-05, 1.5589943132e-06, 2.06457366403e-06, 2.21445384341e-06, 2.23517236009e-06, 1.02332887764e-06, 1.36054243427e-08, 1.50913361807e-08, 1.93127913661e-08, 9.88232784493e-09, 3.76434776683e-08, 2.82721135392e-08, 3.22274829045e-08, 1.98689615871e-08, 1.47993963751e-08, 1.203758071e-08, 5.34348287839e-10, 1.1093432839e-09, 5.07715779141e-11, 5.64194906072e-11, 2.55293453044e-10, 7.80056227945e-12, 1.34767609399e-12, 8.05605799084e-13, 2.14213412633e-12, 6.03659808772e-13, 4.35387159268e-13, 1.36555545517e-12, 3.86516036191e-12, 8.85140658685e-12, 4.0680417368e-11, 9.81522935845e-12, 1.06530530924e-11, 2.39801442592e-11, 1.91462488225e-11, 1.01337627526e-11, 1.33127554119e-11, 4.98402664625e-12]}, "mfcc": {"mean": [-857.956054688, 162.202911377, 21.3857536316, 14.6606864929, 13.2212133408, 7.09458351135, -1.24923229218, -12.5340423584, -12.8311271667, -10.2219400406, -1.31507158279, 6.60194826126, 4.83245277405], "cov": [[15572.8642578, 2189.703125, -3825.05615234, -1121.71826172, -52.0112075806, 382.986419678, 520.532592773, 492.226593018, 761.480895996, 303.125091553, -299.573638916, -708.483276367, -870.786437988], [2189.703125, 4350.18896484, -266.072753906, 36.4445304871, 1.68699550629, -227.473236084, -155.996429443, -196.592544556, 34.4571647644, -159.269729614, -90.7942657471, -30.401008606, -149.753646851], [-3825.05615234, -266.072753906, 4938.04003906, 1907.2331543, 620.276611328, 73.6324386597, -396.965270996, -157.661376953, -449.802307129, -68.9238739014, 266.955780029, 590.647155762, 609.006469727], [-1121.71826172, 36.4445304871, 1907.2331543, 1355.79748535, 646.923950195, 166.65826416, -74.5396270752, 85.9927749634, 30.6943187714, 53.3913726807, 131.584884644, 214.298370361, 173.050201416], [-52.0112075806, 1.68699550629, 620.276611328, 646.923950195, 912.001525879, 632.429077148, 412.137176514, 354.868255615, 107.581451416, 116.058937073, 136.806793213, 124.160942078, 51.4081764221], [382.986419678, -227.473236084, 73.6324386597, 166.65826416, 632.429077148, 912.367858887, 737.296142578, 456.80758667, 158.25932312, 81.8128204346, 70.474647522, 60.8855819702, 7.20408725739], [520.532592773, -155.996429443, -396.965270996, -74.5396270752, 412.137176514, 737.296142578, 879.471618652, 610.355773926, 254.557189941, 29.334815979, -10.1649894714, 16.8143100739, -33.7793121338], [492.226593018, -196.592544556, -157.661376953, 85.9927749634, 354.868255615, 456.80758667, 610.355773926, 673.061340332, 361.70324707, 31.3124427795, -76.1968841553, -30.1086730957, -5.46683502197], [761.480895996, 34.4571647644, -449.802307129, 30.6943187714, 107.581451416, 158.25932312, 254.557189941, 361.70324707, 527.501403809, 314.554382324, 32.86510849, -141.094039917, -118.872070312], [303.125091553, -159.269729614, -68.9238739014, 53.3913726807, 116.058937073, 81.8128204346, 29.334815979, 31.3124427795, 314.554382324, 592.006286621, 377.741241455, 0.762554883957, -97.9066314697], [-299.573638916, -90.7942657471, 266.955780029, 131.584884644, 136.806793213, 70.474647522, -10.1649894714, -76.1968841553, 32.86510849, 377.741241455, 532.874023438, 285.581848145, -4.26176691055], [-708.483276367, -30.401008606, 590.647155762, 214.298370361, 124.160942078, 60.8855819702, 16.8143100739, -30.1086730957, -141.094039917, 0.762554883957, 285.581848145, 469.007659912, 333.86340332], [-870.786437988, -149.753646851, 609.006469727, 173.050201416, 51.4081764221, 7.20408725739, -33.7793121338, -5.46683502197, -118.872070312, -97.9066314697, -4.26176691055, 333.86340332, 604.991699219]], "icov": [[0.000101347482996, -6.21774306637e-05, 0.000109160435386, -7.43824857636e-05, 0.000126518585603, -0.000234748004004, 0.000266931368969, -0.000279988656985, 0.000217848544708, -0.000338142213877, 0.000330301612848, -0.000240699664573, 0.00016953056911], [-6.21774306637e-05, 0.000323330896208, -0.000135486014187, 0.000216789776459, -0.000454638211522, 0.000487071985845, -0.000514247571118, 0.000841548491735, -0.000829697935842, 0.000694053189363, -0.000259764230577, 3.04227687593e-05, 7.31637646822e-06], [0.000109160435386, -0.000135486014187, 0.00096852571005, -0.00150825281162, 0.00118986982852, -0.00108799384907, 0.00121390237473, -0.00172789185308, 0.00221163383685, -0.00163285958115, 0.000901050923858, -0.00063327443786, 7.01820317772e-05], [-7.43824857636e-05, 0.000216789776459, -0.00150825281162, 0.00407964549959, -0.00348568987101, 0.00175986124668, -0.000825515075121, 0.00268245255575, -0.00423881225288, 0.00275508500636, -0.000916101969779, -1.7347698531e-06, 0.000158811686561], [0.000126518585603, -0.000454638211522, 0.00118986982852, -0.00348568987101, 0.00624126428738, -0.00469714775681, 0.00325519801117, -0.00494623463601, 0.00498568173498, -0.00365007389337, 0.00133888993878, -0.000791160564404, 0.000366434891475], [-0.000234748004004, 0.000487071985845, -0.00108799384907, 0.00175986124668, -0.00469714775681, 0.00841668155044, -0.00776081811637, 0.00506326043978, -0.00317110773176, 0.00267823343165, -0.00208454113454, 0.00205885642208, -0.00105466134846], [0.000266931368969, -0.000514247571118, 0.00121390237473, -0.000825515075121, 0.00325519801117, -0.00776081811637, 0.0114646442235, -0.00878414511681, 0.00433459458873, -0.00350619899109, 0.00276438635774, -0.00321127614006, 0.00172351778019], [-0.000279988656985, 0.000841548491735, -0.00172789185308, 0.00268245255575, -0.00494623463601, 0.00506326043978, -0.00878414511681, 0.0135346837342, -0.01081992127, 0.00735235726461, -0.00295146531425, 0.00178151042201, -0.00117079017218], [0.000217848544708, -0.000829697935842, 0.00221163383685, -0.00423881225288, 0.00498568173498, -0.00317110773176, 0.00433459458873, -0.01081992127, 0.0155237205327, -0.0124846827239, 0.00730306329206, -0.0033611706458, 0.0017887611175], [-0.000338142213877, 0.000694053189363, -0.00163285958115, 0.00275508500636, -0.00365007389337, 0.00267823343165, -0.00350619899109, 0.00735235726461, -0.0124846827239, 0.018720516935, -0.0177762061357, 0.0128030348569, -0.00592436594889], [0.000330301612848, -0.000259764230577, 0.000901050923858, -0.000916101969779, 0.00133888993878, -0.00208454113454, 0.00276438635774, -0.00295146531425, 0.00730306329206, -0.0177762061357, 0.0242836847901, -0.0199673995376, 0.00955308321863], [-0.000240699664573, 3.04227687593e-05, -0.00063327443786, -1.7347698531e-06, -0.000791160564404, 0.00205885642208, -0.00321127614006, 0.00178151042201, -0.0033611706458, 0.0128030348569, -0.0199673995376, 0.0211392343044, -0.010216223076], [0.00016953056911, 7.31637646822e-06, 7.01820317772e-05, 0.000158811686561, 0.000366434891475, -0.00105466134846, 0.00172351778019, -0.00117079017218, 0.0017887611175, -0.00592436594889, 0.00955308321863, -0.010216223076, 0.00694755092263]]}, "spectral_contrast_coeffs": {"dmean": [0.0823296085, 0.0816613212228, 0.0512811765075, 0.0487524084747, 0.0440638512373, 0.0332747139037], "dmean2": [0.118951752782, 0.123943679035, 0.0839218869805, 0.0779091268778, 0.0722335129976, 0.0540711469948], "dvar": [0.00626922491938, 0.00630843918771, 0.00257564289495, 0.00263245357201, 0.0018324641278, 0.00111447193194], "dvar2": [0.0116969915107, 0.0128250503913, 0.00618811836466, 0.00577343022451, 0.00417534913868, 0.00235954183154], "max": [-0.167513728142, -0.175541624427, -0.327129364014, -0.37341016531, -0.502077996731, -0.598283410072], "mean": [-0.492108047009, -0.577717840672, -0.70685082674, -0.720208406448, -0.79559391737, -0.842930436134], "median": [-0.444437980652, -0.58541226387, -0.702165961266, -0.72655493021, -0.808715820312, -0.848452627659], "min": [-0.988858938217, -0.992043554783, -0.993886947632, -0.984142184258, -0.980817735195, -0.966799974442], "var": [0.0328324735165, 0.0309056229889, 0.0292146001011, 0.0236273370683, 0.00822655949742, 0.00405738130212]}, "spectral_contrast_valleys": {"dmean": [1.18183350563, 1.02369868755, 0.950862646103, 1.03524959087, 1.2471549511, 1.36922121048], "dmean2": [1.86038827896, 1.65437293053, 1.51073431969, 1.61104977131, 1.92176651955, 2.11878967285], "dvar": [1.42850935459, 1.21943449974, 1.08456623554, 1.34101891518, 1.65296936035, 1.64271843433], "dvar2": [2.8970375061, 2.61308026314, 2.28974461555, 2.74412703514, 3.07063746452, 3.31251978874], "max": [-5.38482809067, -5.01867294312, -6.39416074753, -6.2819108963, -6.96085977554, -6.8078956604], "mean": [-10.0235157013, -9.21590137482, -10.1658334732, -10.4674997