{"lowlevel": {"average_loudness": 0.920859932899, "barkbands_crest": {"dmean": 2.30403280258, "dmean2": 3.4946346283, "dvar": 4.69614076614, "dvar2": 10.446688652, "max": 26.1662063599, "mean": 15.0150032043, "median": 14.4783725739, "min": 3.89866375923, "var": 23.4776039124}, "barkbands_flatness_db": {"dmean": 0.0259831976146, "dmean2": 0.0373540185392, "dvar": 0.000653418828733, "dvar2": 0.00136955734342, "max": 0.643583953381, "mean": 0.253392904997, "median": 0.250910431147, "min": 0.072380527854, "var": 0.00400460325181}, "barkbands_kurtosis": {"dmean": 5.73317480087, "dmean2": 9.05457687378, "dvar": 379.307739258, "dvar2": 873.627380371, "max": 846.095581055, "mean": 13.210439682, "median": 3.69016313553, "min": -1.9825899601, "var": 2575.56982422}, "barkbands_skewness": {"dmean": 0.634819865227, "dmean2": 0.944094419479, "dvar": 0.464936286211, "dvar2": 1.08044719696, "max": 23.1226730347, "mean": 1.42956328392, "median": 0.894226014614, "min": -9.46704387665, "var": 5.58465766907}, "barkbands_spread": {"dmean": 2.16102910042, "dmean2": 3.37032270432, "dvar": 20.2961120605, "dvar2": 50.9833106995, "max": 158.906814575, "mean": 8.29396438599, "median": 6.82673072815, "min": 0.24741999805, "var": 85.99193573}, "dissonance": {"dmean": 0.0379230901599, "dmean2": 0.0627340450883, "dvar": 0.00130852335133, "dvar2": 0.00339287985116, "max": 0.499966412783, "mean": 0.386935293674, "median": 0.390432089567, "min": 0.161324262619, "var": 0.00436319503933}, "dynamic_complexity": 4.37439107895, "erbbands_crest": {"dmean": 2.88365316391, "dmean2": 4.2098698616, "dvar": 8.14462375641, "dvar2": 17.7112216949, "max": 34.2445678711, "mean": 18.916349411, "median": 19.514415741, "min": 2.83743643761, "var": 72.2221984863}, "erbbands_flatness_db": {"dmean": 0.025527689606, "dmean2": 0.0350308418274, "dvar": 0.00063510844484, "dvar2": 0.00125368393492, "max": 0.388961285353, "mean": 0.232136517763, "median": 0.235460162163, "min": 0.0403954982758, "var": 0.00333717209287}, "erbbands_kurtosis": {"dmean": 4.71027755737, "dmean2": 6.96404743195, "dvar": 52.1162948608, "dvar2": 110.135383606, "max": 141.923370361, "mean": 10.4661550522, "median": 6.78177928925, "min": -1.69997870922, "var": 169.521957397}, "erbbands_skewness": {"dmean": 0.593623280525, "dmean2": 0.904177129269, "dvar": 0.383285582066, "dvar2": 0.867803871632, "max": 10.5214948654, "mean": 1.35582411289, "median": 1.20879101753, "min": -3.44959020615, "var": 1.5669567585}, "erbbands_spread": {"dmean": 4.82054042816, "dmean2": 7.43002557755, "dvar": 57.3867797852, "dvar2": 136.16595459, "max": 209.777023315, "mean": 17.1655864716, "median": 10.2770805359, "min": 1.07636094093, "var": 309.79977417}, "hfc": {"dmean": 3.56131005287, "dmean2": 4.75569915771, "dvar": 25.7541561127, "dvar2": 50.8394241333, "max": 87.9715194702, "mean": 13.869758606, "median": 11.5193004608, "min": 1.26809553996e-16, "var": 141.466690063}, "melbands_crest": {"dmean": 2.56180810928, "dmean2": 3.93450808525, "dvar": 6.30173444748, "dvar2": 14.3360071182, "max": 39.2362213135, "mean": 16.9384288788, "median": 16.533821106, "min": 2.08969473839, "var": 29.7812671661}, "melbands_flatness_db": {"dmean": 0.0273405835032, "dmean2": 0.0400938615203, "dvar": 0.000758687150665, "dvar2": 0.00161532743368, "max": 0.807843804359, "mean": 0.343652158976, "median": 0.340205132961, "min": 0.00771753210574, "var": 0.0060906871222}, "melbands_kurtosis": {"dmean": 15.2876091003, "dmean2": 23.5495624542, "dvar": 13340.5019531, "dvar2": 28255.3476562, "max": 5694.78466797, "mean": 28.1331043243, "median": 3.06862473488, "min": -1.79276943207, "var": 40070.6523438}, "melbands_skewness": {"dmean": 0.735513389111, "dmean2": 1.10054302216, "dvar": 1.44733726978, "dvar2": 3.45799040794, "max": 53.431022644, "mean": 1.87303745747, "median": 1.06742024422, "min": -2.98157763481, "var": 11.0063199997}, "melbands_spread": {"dmean": 2.05347442627, "dmean2": 3.14729499817, "dvar": 10.2308034897, "dvar2": 20.045343399, "max": 177.40083313, "mean": 10.2442741394, "median": 9.50761604309, "min": 0.0459569171071, "var": 65.5120239258}, "pitch_salience": {"dmean": 0.0580523088574, "dmean2": 0.0904880315065, "dvar": 0.00300645385869, "dvar2": 0.00723407557234, "max": 0.899433493614, "mean": 0.41070780158, "median": 0.415874153376, "min": 0.0213569365442, "var": 0.0112617583945}, "silence_rate_20dB": {"dmean": 0, "dmean2": 0, "dvar": 0, "dvar2": 0, "max": 1, "mean": 1, "median": 1, "min": 1, "var": 0}, "silence_rate_30dB": {"dmean": 0.00475875753909, "dmean2": 0.00951877329499, "dvar": 0.00473623489961, "dvar2": 0.0118084875867, "max": 1, "mean": 0.995770573616, "median": 1, "min": 0, "var": 0.00421161996201}, "silence_rate_60dB": {"dmean": 0.0121612688527, "dmean2": 0.0243257544935, "dvar": 0.0120121669024, "dvar2": 0.0277032516897, "max": 1, "mean": 0.057626221329, "median": 0, "min": 0, "var": 0.0543099157512}, "spectral_centroid": {"dmean": 71.1413040161, "dmean2": 111.284942627, "dvar": 17014.8125, "dvar2": 32293.8378906, "max": 11181.2773438, "mean": 605.558837891, "median": 555.391113281, "min": 64.474067688, "var": 112680.109375}, "spectral_complexity": {"dmean": 1.48631858826, "dmean2": 2.47567415237, "dvar": 2.07282590866, "dvar2": 5.02844333649, "max": 26, "mean": 8.888712883, "median": 9, "min": 0, "var": 9.00380992889}, "spectral_decrease": {"dmean": 1.94241378537e-09, "dmean2": 2.86840085018e-09, "dvar": 4.91021814878e-18, "dvar2": 1.1240598703e-17, "max": 2.84429375584e-16, "mean": -9.00496655021e-09, "median": -8.81116424267e-09, "min": -3.59628060664e-08, "var": 3.12278879212e-17}, "spectral_energy": {"dmean": 0.00759977800772, "dmean2": 0.0111641222611, "dvar": 7.50079707359e-05, "dvar2": 0.000169329912751, "max": 0.143711045384, "mean": 0.0352447517216, "median": 0.0343374088407, "min": 1.0975601054e-20, "var": 0.000483853422338}, "spectral_energyband_high": {"dmean": 7.16743525118e-05, "dmean2": 0.000116151866678, "dvar": 5.92007083355e-08, "dvar2": 1.5553951016e-07, "max": 0.00353855267167, "mean": 8.07616088423e-05, "median": 3.01506061078e-05, "min": 8.5319762386e-21, "var": 4.64501255237e-08}, "spectral_energyband_low": {"dmean": 0.00413376232609, "dmean2": 0.00694103725255, "dvar": 3.72651229554e-05, "dvar2": 0.000109998625703, "max": 0.0647780224681, "mean": 0.0136926816776, "median": 0.0121864108369, "min": 4.96639184241e-23, "var": 0.000128811981995}, "spectral_energyband_middle_high": {"dmean": 0.000869289098773, "dmean2": 0.00109175220132, "dvar": 4.89617968924e-06, "dvar2": 7.10264976078e-06, "max": 0.0522313788533, "mean": 0.0022835994605, "median": 0.000718215189409, "min": 1.01489265241e-21, "var": 2.72655961453e-05}, "spectral_energyband_middle_low": {"dmean": 0.00505743036047, "dmean2": 0.00672814622521, "dvar": 4.62703792437e-05, "dvar2": 8.26936375233e-05, "max": 0.116307280958, "mean": 0.0197227261961, "median": 0.0146720539778, "min": 2.72258668073e-22, "var": 0.000343015883118}, "spectral_entropy": {"dmean": 0.250601023436, "dmean2": 0.356589853764, "dvar": 0.0616052411497, "dvar2": 0.128287479281, "max": 9.80480861664, "mean": 6.55349349976, "median": 6.52585029602, "min": 4.6565694809, "var": 0.292008012533}, "spectral_flux": {"dmean": 0.0187429487705, "dmean2": 0.0300153791904, "dvar": 0.000357070530299, "dvar2": 0.000869199458975, "max": 0.20832683146, "mean": 0.0568466298282, "median": 0.0517736002803, "min": 1.04764502629e-10, "var": 0.000934131152462}, "spectral_kurtosis": {"dmean": 4.45906209946, "dmean2": 7.15274190903, "dvar": 21.0055923462, "dvar2": 55.6122055054, "max": 158.252304077, "mean": 12.028711319, "median": 10.065621376, "min": -1.24024891853, "var": 126.996932983}, "spectral_rms": {"dmean": 0.000617492070887, "dmean2": 0.000888333364855, "dvar": 3.75662324359e-07, "dvar2": 8.22911488285e-07, "max": 0.0118408575654, "mean": 0.00547226285562, "median": 0.00578791089356, "min": 3.27229324366e-12, "var": 4.43959515906e-06}, "spectral_rolloff": {"dmean": 78.6829071045, "dmean2": 143.574996948, "dvar": 429252.3125, "dvar2": 1202051.625, "max": 19810.546875, "mean": 661.710266113, "median": 559.86328125, "min": 43.06640625, "var": 2242827.5}, "spectral_skewness": {"dmean": 0.427744835615, "dmean2": 0.66869789362, "dvar": 0.148102283478, "dvar2": 0.364021122456, "max": 10.149564743, "mean": 2.65353226662, "median": 2.57920479774, "min": 0.00436177104712, "var": 0.870113611221}, "spectral_spread": {"dmean": 675584.5625, "dmean2": 977834.625, "dvar": 971591516160, "dvar2": 1920484769790.0, "max": 41837776, "mean": 3653533, "median": 3196051.25, "min": 674942.125, "var": 3879635255300.0}, "spectral_strongpeak": {"dmean": 0.634786188602, "dmean2": 0.98766297102, "dvar": 0.980746805668, "dvar2": 2.12028503418, "max": 9.0184879303, "mean": 1.92747163773, "median": 0.78052264452, "min": 0, "var": 3.45037412643}, "zerocrossingrate": {"dmean": 0.00411789212376, "dmean2": 0.00544997770339, "dvar": 7.66593730077e-05, "dvar2": 0.000111330657091, "max": 0.7744140625, "mean": 0.0277844686061, "median": 0.02490234375, "min": 0.00146484375, "var": 0.00194324657787}, "barkbands": {"dmean": [2.7760892408e-05, 0.0033972687088, 0.00100649811793, 0.000222001486691, 0.00152827962302, 0.000968952255789, 0.00125071278308, 0.00111939653289, 0.00210592569783, 0.000758904847316, 0.000199028232601, 6.13475567661e-05, 4.31069347542e-05, 5.61753076909e-05, 6.85775376041e-05, 4.45755940746e-05, 1.97939134523e-05, 8.32342357171e-06, 1.25655988086e-05, 8.83998200152e-06, 1.5065493244e-05, 1.19682181321e-05, 1.0330688383e-05, 1.08132571768e-05, 1.29729078253e-05, 1.00090355772e-05, 3.24598727275e-06], "dmean2": [4.65858611278e-05, 0.00574153941125, 0.00161396409385, 0.000344613508787, 0.00224137655459, 0.00144095381256, 0.00162930821534, 0.00134932587389, 0.00274404301308, 0.000918901059777, 0.000259321532212, 9.89931941149e-05, 6.92731482559e-05, 8.45331087476e-05, 0.000110463312012, 7.56099543651e-05, 3.03893048113e-05, 1.36014405143e-05, 2.05209944397e-05, 1.44855739563e-05, 2.56756102317e-05, 2.02428218472e-05, 1.68432670762e-05, 1.77471483767e-05, 2.1924963221e-05, 1.72126437974e-05, 5.57915791433e-06], "dvar": [4.44068071204e-09, 2.62354642473e-05, 2.636786121e-06, 1.88786472677e-07, 5.34413993591e-06, 1.56537680596e-06, 7.48583943277e-06, 4.95491894981e-06, 3.16526966344e-05, 4.61829995402e-06, 8.38552409732e-07, 2.34246300579e-07, 1.89555144914e-08, 3.82105795893e-08, 3.03066691743e-08, 2.0741659057e-08, 4.22372226083e-09, 2.67846439472e-10, 1.00696884164e-09, 3.73719888369e-10, 1.70037339764e-09, 2.37189223817e-09, 1.74718284285e-09, 1.80882087086e-09, 4.65230876046e-09, 1.63126923081e-09, 4.363944206e-10], "dvar2": [1.13594662565e-08, 7.84074145486e-05, 6.42483655611e-06, 4.31652495081e-07, 1.13022406367e-05, 3.26236795445e-06, 1.08606336653e-05, 7.30360534362e-06, 5.57174753339e-05, 7.007770364e-06, 1.26125007682e-06, 5.75002673031e-07, 4.93759557685e-08, 7.33577394385e-08, 6.86348258228e-08, 5.85508956874e-08, 7.68390595596e-09, 6.09782391248e-10, 2.69002642383e-09, 9.82839476471e-10, 4.61869031909e-09, 6.5520602277e-09, 4.58808946391e-09, 4.75888306539e-09, 1.28544463962e-08, 4.52684112418e-09, 1.20957543981e-09], "max": [0.00152797030751, 0.054539218545, 0.0284487679601, 0.00789644103497, 0.0361628010869, 0.020495602861, 0.0757971778512, 0.0457950159907, 0.0904076993465, 0.05538232252, 0.0268407948315, 0.0172125697136, 0.00330603308976, 0.00491638481617, 0.00483888061717, 0.00260652182624, 0.00209908885881, 0.000335343822371, 0.000521513342392, 0.000311428535497, 0.000519586610608, 0.00104730518069, 0.000802118796855, 0.000661215919536, 0.00104219058994, 0.000522003683727, 0.00035561772529], "mean": [5.85468733334e-05, 0.0105341058224, 0.00293132732622, 0.000411241227994, 0.00320372940041, 0.00195603910834, 0.0038713729009, 0.00365305691957, 0.005872302223, 0.00173180853017, 0.000426358019467, 8.0359459389e-05, 6.41306396574e-05, 0.000105476377939, 0.000129361462314, 5.6280005083e-05, 3.50872287527e-05, 1.5491646991e-05, 1.87548248505e-05, 1.48881381392e-05, 1.97733188543e-05, 1.25132901303e-05, 1.12889620141e-05, 1.03255679278e-05, 1.10861665235e-05, 7.68480913393e-06, 2.51868436862e-06], "median": [1.27189632622e-05, 0.00748105533421, 0.00123208528385, 0.000156547786901, 0.00198126141913, 0.00125212222338, 0.000592235010117, 0.000378051714506, 0.000187109864783, 0.00015332235489, 3.59581972589e-05, 4.14595851908e-05, 3.05258290609e-05, 2.10561302083e-05, 4.47979109595e-05, 1.79779563041e-05, 1.2588880054e-05, 8.3645554696e-06, 1.08658878162e-05, 7.80827394919e-06, 7.57596717449e-06, 4.7823668865e-06, 4.28205657954e-06, 2.55572899732e-06, 1.54264034791e-06, 9.43480074511e-07, 1.94175697743e-07], "min": [3.72728068693e-23, 1.54948074781e-23, 6.3743187583e-24, 9.51065380147e-24, 2.44654875676e-23, 4.86400211453e-23, 4.47528238379e-23, 7.61605445401e-23, 6.77826650218e-23, 3.23797109334e-23, 6.59085902574e-23, 1.14179525473e-22, 4.54403445158e-23, 5.50498189228e-23, 8.6663899327e-23, 1.75825269171e-22, 8.59525676716e-23, 1.54648645269e-22, 1.37690369861e-22, 3.02732604655e-22, 5.7437217469e-22, 4.67705306094e-22, 5.29201873039e-22, 7.75268011409e-22, 1.94531493738e-21, 1.73343431984e-21, 2.42508615501e-21], "var": [1.66852132111e-08, 9.90201879176e-05, 1.3793418475e-05, 5.0058861234e-07, 1.40457532325e-05, 4.79888603877e-06, 6.57633136143e-05, 4.70204868179e-05, 0.000179915732588, 2.68304047495e-05, 4.44602346761e-06, 1.92613342165e-07, 2.01037515524e-08, 7.79998217126e-08, 6.19965234705e-08, 1.68791025601e-08, 1.3448488545e-08, 7.49012019075e-10, 9.48594092165e-10, 6.44627407009e-10, 1.76185543932e-09, 1.60837954066e-09, 1.31852417873e-09, 1.35378097621e-09, 3.12448666939e-09, 1.05558239927e-09, 2.8409755104e-10]}, "erbbands": {"dmean": [0.0506155639887, 0.903989553452, 1.60678792, 0.610834598541, 2.87525367737, 5.73482561111, 8.08062267303, 7.801841259, 14.1233501434, 21.42461586, 27.2007465363, 49.1015472412, 33.8672332764, 17.5096168518, 6.88997983932, 2.68766498566, 2.120013237, 2.72493910789, 3.59468984604, 3.35339474678, 1.48791110516, 0.850087285042, 0.502991914749, 0.645447909832, 0.502706766129, 0.443713933229, 0.526669740677, 0.579936146736, 0.372400045395, 0.402098745108, 0.259066730738, 0.254132151604, 0.179379418492, 0.13121239841, 0.100676946342, 0.0316626355052, 0.0275576934218, 0.00431013479829, 0.000460908049718, 4.30923391832e-05], "dmean2": [0.0815570428967, 1.5350176096, 2.67365980148, 0.948908090591, 4.25000572205, 8.41654491425, 12.8208227158, 11.2911977768, 18.043296814, 27.3422336578, 33.8659172058, 63.1864128113, 40.663066864, 21.0961380005, 8.93337345123, 4.28238677979, 3.41362595558, 4.17922210693, 5.56906652451, 5.75529098511, 2.48667001724, 1.30946016312, 0.821611762047, 1.03637528419, 0.840613424778, 0.729081451893, 0.883441567421, 1.00331103802, 0.627601385117, 0.659809947014, 0.412013858557, 0.425343632698, 0.290570169687, 0.213578686118, 0.173969939351, 0.0535427816212, 0.0489928647876, 0.00732965953648, 0.000777191249654, 7.38787057344e-05], "dvar": [0.0065009156242, 1.92050766945, 6.63526201248, 0.864068627357, 25.6370277405, 90.1263504028, 161.660568237, 125.178825378, 1217.69116211, 2934.59228516, 2762.37207031, 19211.7597656, 14326.4902344, 3505.95922852, 991.280517578, 515.103942871, 50.7157249451, 91.2195739746, 99.1441345215, 90.8078536987, 12.887345314, 6.50216197968, 0.836865067482, 3.53634595871, 0.758493125439, 1.0453799963, 2.68156409264, 3.69101953506, 1.54630506039, 3.18783187866, 0.73526352644, 1.26191794872, 0.506780922413, 0.287776648998, 0.370689600706, 0.0207361187786, 0.0148041732609, 0.000477986497572, 5.23330982105e-06, 7.27902360609e-08], "dvar2": [0.0166045557708, 5.81189441681, 18.0644378662, 2.16157317162, 50.6172599792, 185.096282959, 426.201568604, 250.838607788, 1561.07226562, 4587.46972656, 4082.30859375, 32531.6621094, 20325.7578125, 4717.47216797, 1598.32312012, 1269.15881348, 133.50012207, 183.638427734, 216.798477173, 258.120635986, 35.1850204468, 12.1180181503, 2.05576181412, 9.29743766785, 2.12815308571, 2.66227245331, 7.25658750534, 10.3365526199, 4.2492647171, 8.68320083618, 1.84129285812, 3.32097697258, 1.3379701376, 0.745391190052, 1.04656994343, 0.0579764321446, 0.0418555215001, 0.00130016019102, 1.35689342642e-05, 2.08001779356e-07], "max": [1.13914752007, 14.543431282, 39.5205307007, 18.3259544373, 66.6574935913, 152.133041382, 183.494186401, 259.847320557, 1142.95092773, 1492.2644043, 1258.91186523, 2656.25878906, 2421.08251953, 2163.10864258, 841.217712402, 846.834411621, 157.027191162, 221.588027954, 265.787261963, 155.669937134, 54.8128509521, 79.5026779175, 16.3035106659, 29.9136886597, 20.8318443298, 20.0834217072, 28.2211818695, 30.263874054, 29.7683811188, 28.1150856018, 13.6400327682, 19.7783946991, 10.2139930725, 7.54151964188, 9.07093048096, 2.51657342911, 1.55851566792, 0.351876735687, 0.0374353155494, 0.00453822873533], "mean": [0.18827880919, 2.72159600258, 4.72115373611, 1.64873361588, 5.58694267273, 11.6073541641, 14.5210390091, 16.0459041595, 37.9667930603, 77.8099822998, 94.280380249, 138.468566895, 81.6487808228, 41.7679405212, 15.1796579361, 3.88858556747, 3.29594302177, 5.11246967316, 7.24416160583, 5.19835615158, 2.5569999218, 1.62323462963, 0.960427880287, 1.00285255909, 0.848401665688, 0.76982831955, 0.753729104996, 0.705383121967, 0.420107573271, 0.420564234257, 0.290418684483, 0.237532451749, 0.168426722288, 0.126177221537, 0.0771090686321, 0.0263467021286, 0.019404284656, 0.00329263298772, 0.000407119165175, 6.55323747196e-05], "median": [0.0863059461117, 1.88875198364, 2.8392996788, 1.21418178082, 2.33846783638, 6.19068145752, 8.99145317078, 9.16798400879, 9.86427307129, 11.0015697479, 18.1052265167, 6.72324562073, 5.92352390289, 4.96465015411, 2.34621477127, 2.05657792091, 1.63909864426, 1.6897251606, 2.11193561554, 1.90140271187, 1.11714744568, 0.73147559166, 0.539251387119, 0.572603225708, 0.555591583252, 0.404919147491, 0.338469415903, 0.212814897299, 0.166433766484, 0.159418672323, 0.110301017761, 0.0615499392152, 0.03720574826, 0.0215223878622, 0.00878684036434, 0.00440922006965, 0.0016397475265, 0.000272105564363, 5.82358770771e-05, 4.25171674578e-05], "min": [8.68583163059e-22, 2.13085118527e-21, 7.5353092266e-21, 2.7049316556e-20, 1.16094734348e-20, 6.2734805835e-20, 3.00561167902e-19, 4.07020372563e-19, 8.53851397044e-19, 8.46168750309e-19, 1.31218969292e-18, 1.16452058278e-18, 1.38706525479e-18, 2.02966113403e-18, 3.18178972406e-18, 4.32603218092e-18, 2.36693286186e-18, 1.75335613286e-18, 3.78673647773e-18, 6.22739201848e-18, 9.83379940035e-18, 5.38316528145e-18, 6.72164732373e-18, 8.13148320642e-18, 7.11293435915e-18, 1.65287395436e-17, 2.65928309896e-17, 1.82735711667e-17, 2.03522495763e-17, 1.11981271145e-17, 1.60169347745e-17, 1.82584354159e-17, 1.27147644219e-17, 2.15632701172e-17, 1.27308233064e-17, 7.48715086827e-18, 3.0626140909e-18, 1.25248782881e-18, 3.49391629864e-19, 3.60873310357e-20], "var": [0.0476323924959, 6.54683351517, 26.5827636719, 2.58946418762, 66.1634292603, 232.891326904, 288.038024902, 397.413635254, 8511.6484375, 31129.1777344, 24428.3183594, 109843.601562, 67675.890625, 19568.5078125, 4494.54980469, 422.341430664, 50.4997825623, 167.419219971, 217.239837646, 93.4087524414, 22.0536327362, 20.2441177368, 1.85949313641, 3.33087110519, 1.03898084164, 1.99642431736, 2.6084010601, 3.47165036201, 1.13688695431, 2.18357515335, 0.636164963245, 0.924497544765, 0.378562122583, 0.235372215509, 0.228864520788, 0.013289116323, 0.00895596947521, 0.000323365355143, 4.05620630772e-06, 4.45598615784e-08]}, "gfcc": {"mean": [-81.4069519043, 141.857498169, -82.5396194458, 16.330165863, -53.4480361938, 5.82245874405, -21.9900169373, 9.16347026825, -5.99161577225, 4.23980855942, -12.5430812836, -4.74563169479, -3.42604064941], "cov": [[19464.2949219, 1212.26245117, -1788.80505371, -337.549407959, -1872.83935547, -362.178405762, -1064.82385254, 91.3916091919, -148.351013184, 353.353820801, -567.759521484, -174.147766113, -140.056808472], [1212.26245117, 1363.92614746, -407.722717285, 109.53993988, 137.330871582, -228.697097778, 33.189781189, -109.566886902, 80.583190918, -19.7136745453, 151.188781738, -69.9485473633, 75.4449768066], [-1788.80505371, -407.722717285, 918.385620117, -101.714324951, 92.3765182495, 91.7553634644, -10.3412380219, 51.6763191223, 87.1687774658, 111.36190033, -17.4135341644, -72.2569046021, -182.977035522], [-337.549407959, 109.53993988, -101.714324951, 354.689117432, 223.428024292, -32.1738929749, 71.9044342041, -72.7245941162, -35.7307052612, -18.6424331665, 146.445037842, 80.9672088623, 71.5904846191], [-1872.83935547, 137.330871582, 92.3765182495, 223.428024292, 454.36932373, 3.59971213341, 147.757141113, -47.108341217, 28.9569664001, -27.6153755188, 168.875549316, 52.7555236816, 42.4282188416], [-362.178405762, -228.697097778, 91.7553634644, -32.1738929749, 3.59971213341, 208.361953735, 84.0421600342, 69.727432251, -37.2421798706, -61.1128234863, -38.3796577454, 36.2012023926, 28.3172397614], [-1064.82385254, 33.189781189, -10.3412380219, 71.9044342041, 147.757141113, 84.0421600342, 229.728256226, 45.8132514954, -25.7801189423, -115.038780212, 33.8623504639, 49.781337738, 97.9771118164], [91.3916091919, -109.566886902, 51.6763191223, -72.7245941162, -47.108341217, 69.727432251, 45.8132514954, 121.745002747, 24.7949752808, -26.0480213165, -72.6763916016, -11.6195201874, 5.83455181122], [-148.351013184, 80.583190918, 87.1687774658, -35.7307052612, 28.9569664001, -37.2421798706, -25.7801189423, 24.7949752808, 165.451477051, 98.5829925537, 2.26309227943, -82.2753067017, -72.2190628052], [353.353820801, -19.7136745453, 111.36190033, -18.6424331665, -27.6153755188, -61.1128234863, -115.038780212, -26.0480213165, 98.5829925537, 201.308334351, 53.9408302307, -49.6381988525, -118.269378662], [-567.759521484, 151.188781738, -17.4135341644, 146.445037842, 168.875549316, -38.3796577454, 33.8623504639, -72.6763916016, 2.26309227943, 53.9408302307, 207.724441528, 71.7216567993, 12.552192688], [-174.147766113, -69.9485473633, -72.2569046021, 80.9672088623, 52.7555236816, 36.2012023926, 49.781337738, -11.6195201874, -82.2753067017, -49.6381988525, 71.7216567993, 142.289794922, 81.9334869385], [-140.056808472, 75.4449768066, -182.977035522, 71.5904846191, 42.4282188416, 28.3172397614, 97.9771118164, 5.83455181122, -72.2190628052, -118.269378662, 12.552192688, 81.9334869385, 164.589981079]], "icov": [[0.00023216039699, -0.000420667522121, 0.000291582371574, -0.000547036121134, 0.000688094296493, -0.000269884883892, 0.000694440503139, -0.000759372022003, 0.000522398971952, -0.000697556999512, 0.000661294790916, -0.000412390741985, 0.000317898433423], [-0.000420667522121, 0.00218288600445, -7.74881482357e-05, 0.0012854981469, -0.00125504669268, 0.00147305650171, -0.00130043039098, 0.00160078483168, -0.00164294673596, 0.00230761501007, -0.00298334890977, 0.00259636715055, -0.00134405377321], [0.000291582371574, -7.74881482357e-05, 0.00228740507737, -0.000158377879416, -4.29963583883e-05, -0.000759130343795, 0.000499829067849, -0.00119820493273, 0.000760661438107, -0.00117644027341, 0.000769688922446, -0.000175656183274, 0.00229924847372], [-0.000547036121134, 0.0012854981469, -0.000158377879416, 0.00680089090019, -0.00373325077817, 0.0012211665744, -0.00189239892643, 0.00289806420915, -0.000379254604923, 0.000941986218095, -0.00305875740014, 0.000836209801491, -0.00208543613553], [0.000688094296493, -0.00125504669268, -4.29963583883e-05, -0.00373325077817, 0.00768170366064, -0.000829447119031, -5.38464482815e-05, -0.000872788310517, -0.00114971550647, 0.000372431677533, -0.00103478948586, -0.00117511500139, 0.00138937903102], [-0.000269884883892, 0.00147305650171, -0.000759130343795, 0.0012211665744, -0.000829447119031, 0.00886777881533, -0.00314080901444, -0.00197378359735, 0.000545580754988, 0.00150301621761, -0.000861020875163, -0.000378314172849, -7.88039906183e-05], [0.000694440503139, -0.00130043039098, 0.000499829067849, -0.00189239892643, -5.38464482815e-05, -0.00314080901444, 0.0137710124254, -0.00676308013499, 0.000428350031143, 0.00319333956577, -0.00188058940694, 0.000803740986157, -0.0026118978858], [-0.000759372022003, 0.00160078483168, -0.00119820493273, 0.00289806420915, -0.000872788310517, -0.00197378359735, -0.00676308013499, 0.0194387752563, -0.00710804760456, 0.00178438494913, 0.00327976164408, -0.00212919269688, -0.00109803269152], [0.000522398971952, -0.00164294673596, 0.000760661438107, -0.000379254604923, -0.00114971550647, 0.000545580754988, 0.000428350031143, -0.00710804760456, 0.0165479388088, -0.00944047793746, 0.00188844278455, 0.00523696141317, 0.000134015077492], [-0.000697556999512, 0.00230761501007, -0.00117644027341, 0.000941986218095, 0.000372431677533, 0.00150301621761, 0.00319333956577, 0.00178438494913, -0.00944047793746, 0.0202785786241, -0.0103413006291, 0.00182090059388, 0.00462375162169], [0.000661294790916, -0.00298334890977, 0.000769688922446, -0.00305875740014, -0.00103478948586, -0.000861020875163, -0.00188058940694, 0.00327976164408, 0.00188844278455, -0.0103413006291, 0.0194330532104, -0.0109903579578, 0.00292113074102], [-0.000412390741985, 0.00259636715055, -0.000175656183274, 0.000836209801491, -0.00117511500139, -0.000378314172849, 0.000803740986157, -0.00212919269688, 0.00523696141317, 0.00182090059388, -0.0109903579578, 0.0212862342596, -0.00828688498586], [0.000317898433423, -0.00134405377321, 0.00229924847372, -0.00208543613553, 0.00138937903102, -7.88039906183e-05, -0.0026118978858, -0.00109803269152, 0.000134015077492, 0.00462375162169, 0.00292113074102, -0.00828688498586, 0.018958395347]]}, "melbands": {"dmean": [0.000713905261364, 0.00100767903496, 0.000144294899656, 0.000335328077199, 0.000260839762632, 0.000175516906893, 0.000226965246839, 0.000229287761613, 0.000246618816163, 0.000299583887681, 0.000161417236086, 7.18256487744e-05, 2.92486474791e-05, 7.25622430764e-06, 5.34277887709e-06, 4.37316248281e-06, 5.32783133167e-06, 5.71237387703e-06, 4.36499567513e-06, 4.13860107074e-06, 1.53034670802e-06, 1.01015621112e-06, 7.20125797216e-07, 4.58606137954e-07, 5.74475791382e-07, 4.46906369689e-07, 3.41529784009e-07, 2.7381852874e-07, 3.23168535488e-07, 3.90161687847e-07, 3.01086117815e-07, 1.97098088961e-07, 2.85317383941e-07, 1.94617257421e-07, 1.4945206317e-07, 1.78801784045e-07, 1.51603643417e-07, 1.20698430806e-07, 1.20080045463e-07, 1.12740451641e-07], "dmean2": [0.00118478329387, 0.00171238498297, 0.000216321146581, 0.000487101671752, 0.000409262633184, 0.000252963742241, 0.000292164942948, 0.000290574185783, 0.000312772841426, 0.000383870443329, 0.000194977095816, 8.73917961144e-05, 3.74636256311e-05, 1.16415567391e-05, 8.64232242748e-06, 7.0932055678e-06, 8.10921483207e-06, 8.82706081029e-06, 7.12921837476e-06, 7.1891722655e-06, 2.44789771386e-06, 1.51426286266e-06, 1.20166112083e-06, 7.53292681566e-07, 9.24855100948e-07, 7.54252823754e-07, 5.68350742469e-07, 4.5126367354e-07, 5.4474406852e-07, 6.61359081278e-07, 5.27389829585e-07, 3.40494779039e-07, 4.8383600415e-07, 3.16280647894e-07, 2.39243405531e-07, 3.02017923559e-07, 2.57184922248e-07, 1.99103865839e-07, 1.9409417007e-07, 1.85033300681e-07], "dvar": [1.1319866644e-06, 2.45537921728e-06, 4.92328453561e-08, 3.45251407907e-07, 1.59880272577e-07, 5.96261102714e-08, 2.88749191668e-07, 2.88625329858e-07, 2.26105953516e-07, 6.64164474529e-07, 3.51096929307e-07, 6.15790938241e-08, 1.8808227864e-08, 1.72781844388e-09, 1.68595026828e-09, 2.34493202633e-10, 4.24041385338e-10, 2.34710473279e-10, 1.12323490786e-10, 2.08272940561e-10, 1.32993052335e-11, 1.47477585699e-11, 2.95617588568e-12, 8.4918161912e-13, 3.13748744867e-12, 7.31654428883e-13, 5.29251555775e-13, 3.89003092975e-13, 1.13097779839e-12, 1.22451484716e-12, 1.23984004487e-12, 7.39568400011e-13, 2.14883167683e-12, 5.69875472766e-13, 2.0686443281e-13, 1.59168045497e-12, 4.50797385532e-13, 2.5096764944e-13, 1.96678529582e-13, 2.37727155669e-13], "dvar2": [3.1753231724e-06, 7.30820102035e-06, 1.02914533784e-07, 6.95144819929e-07, 4.20023098968e-07, 1.16106022574e-07, 3.73251964447e-07, 4.48735534064e-07, 3.76710744376e-07, 1.11308088435e-06, 5.02314549067e-07, 8.37114271235e-08, 2.86219847823e-08, 4.08368272531e-09, 4.22718571258e-09, 6.17652706758e-10, 8.11638534159e-10, 5.08464104154e-10, 2.7578847539e-10, 5.93222526657e-10, 2.99104387091e-11, 2.56088900086e-11, 7.69728204786e-12, 2.07451785784e-12, 8.24474342964e-12, 2.0855450613e-12, 1.42638743698e-12, 9.77196622232e-13, 3.0865199719e-12, 3.25662955804e-12, 3.55005174563e-12, 2.14016716675e-12, 5.92817548523e-12, 1.55249370217e-12, 5.18709587002e-13, 4.4138230397e-12, 1.21552930481e-12, 6.71351862991e-13, 4.8588048732e-13, 6.37422460734e-13], "max": [0.0131250824779, 0.0180781148374, 0.00307676196098, 0.010146019049, 0.00583819812164, 0.00502375792712, 0.0175361707807, 0.0142852207646, 0.00961971189827, 0.014671748504, 0.0117972334847, 0.00875542964786, 0.00403025001287, 0.00134072301444, 0.00151900982019, 0.000362543505616, 0.000516557018273, 0.000360895617632, 0.000253212667303, 0.000244136870606, 8.4858838818e-05, 0.000126003564219, 2.75374968624e-05, 2.27687924053e-05, 2.77286981145e-05, 1.8128517695e-05, 1.25784590637e-05, 1.2648189113e-05, 1.61361931532e-05, 1.77356159838e-05, 2.7228217732e-05, 2.76057180599e-05, 2.2954063752e-05, 1.37652968988e-05, 6.68570237394e-06, 2.89313102257e-05, 1.08845160867e-05, 7.46129853724e-06, 6.3437460085e-06, 6.72020678394e-06], "mean": [0.00242128688842, 0.0030112368986, 0.000377386895707, 0.000671939807944, 0.000502948882058, 0.000355713738827, 0.00063804135425, 0.000839340966195, 0.000829422206152, 0.000821161898784, 0.000381456746254, 0.000167991776834, 6.37098564766e-05, 9.92074819806e-06, 7.39415418138e-06, 7.07452454662e-06, 9.58978762355e-06, 1.14646782094e-05, 7.77868717705e-06, 5.26447001903e-06, 2.73879777524e-06, 1.84937459835e-06, 1.07518019377e-06, 8.34201557609e-07, 7.97614404746e-07, 6.77221123624e-07, 5.60159833185e-07, 4.57918616803e-07, 4.48575889322e-07, 4.93904508403e-07, 3.47424730762e-07, 2.1998151567e-07, 2.6986609214e-07, 2.13825785522e-07, 1.70877100913e-07, 1.63544427778e-07, 1.36562192665e-07, 1.12869763313e-07, 1.1482664064e-07, 1.05124534855e-07], "median": [0.00147858308628, 0.00260811345652, 0.000246706476901, 0.000336659402819, 0.00033325329423, 0.000205952208489, 0.000155381305376, 9.90591215668e-05, 9.8852236988e-05, 3.04216737277e-05, 2.01933526114e-05, 1.62806136359e-05, 6.30111117061e-06, 5.24822371517e-06, 3.5596951875e-06, 3.41506574841e-06, 2.32641241382e-06, 2.6489492484e-06, 2.89507806883e-06, 1.65803680829e-06, 8.50007609188e-07, 5.88587681705e-07, 5.44996851204e-07, 3.99470621915e-07, 4.2096951347e-07, 4.02167302127e-07, 2.88657815872e-07, 2.30999432915e-07, 2.0857962113e-07, 1.5098852657e-07, 1.04609540585e-07, 8.61861906287e-08, 8.65518217097e-08, 8.32899118564e-08, 6.82557299569e-08, 4.24514325914e-08, 3.27377236431e-08, 2.55009524608e-08, 2.1658681959e-08, 1.60603015331e-08], "min": [8.01724071142e-24, 3.64052168568e-24, 3.70569264051e-24, 1.62576274932e-24, 9.20501358805e-24, 1.05145574006e-23, 1.15998730229e-23, 1.19503544567e-23, 9.72014133688e-24, 8.71627560308e-24, 7.13376304036e-24, 8.01670113056e-24, 1.05077968626e-23, 1.19592583298e-23, 8.25144562557e-24, 4.10605296054e-24, 3.224224206e-24, 6.17244175847e-24, 7.76014778696e-24, 9.46582678053e-24, 1.19278813873e-23, 4.65216322143e-24, 6.59858165846e-24, 6.43525037462e-24, 6.62112809199e-24, 5.54956113201e-24, 4.35602957077e-24, 1.27634436469e-23, 1.86758827675e-23, 1.12100155969e-23, 9.4715460221e-24, 1.33449264308e-23, 6.32352873777e-24, 6.33260221591e-24, 9.26605485603e-24, 9.83867320992e-24, 1.22785955351e-23, 7.45051830394e-24, 1.21638714936e-23, 2.0407418255e-23], "var": [5.98314954914e-06, 7.2027251008e-06, 1.71026371731e-07, 8.90348417215e-07, 3.01457930618e-07, 1.93491928258e-07, 2.09443783206e-06, 3.00942929243e-06, 1.78894947567e-06, 3.77226979253e-06, 1.69401130279e-06, 3.51815486965e-07, 9.87150912124e-08, 1.5471888215e-09, 1.35139566204e-09, 2.3362486945e-10, 7.86594456237e-10, 5.6497073686e-10, 1.98843497223e-10, 1.65429364651e-10, 3.95860080826e-11, 4.8271955877e-11, 3.62683082351e-12, 2.93173623399e-12, 2.78062273727e-12, 8.42032606835e-13, 8.15406932513e-13, 7.45317815711e-13, 1.06631641451e-12, 1.37433879381e-12, 9.89555117535e-13, 4.6798925412e-13, 1.40195504945e-12, 4.01368906644e-13, 1.83122289034e-13, 1.01586360851e-12, 3.11549397392e-13, 1.80172960969e-13, 1.69359548629e-13, 1.83022623749e-13]}, "mfcc": {"mean": [-729.59967041, 173.373748779, 25.6636581421, 23.9787254333, -0.876298964024, 3.46920847893, -4.52219724655, 2.24300980568, 7.90423107147, 12.5991516113, 3.46411538124, -0.60257178545, 2.24079465866], "cov": [[7303.45556641, 1299.41723633, 266.785095215, -91.6249694824, -331.794372559, -241.195663452, -498.729949951, -373.188323975, -32.8427810669, 151.773513794, 37.3635940552, -78.0027008057, -136.202148438], [1299.41723633, 1225.77832031, -152.386672974, 177.741409302, 18.5883903503, -30.4240779877, -69.7980422974, -76.3031082153, -67.2102661133, 56.1530189514, 50.2047538757, 38.8136634827, 30.0375614166], [266.785095215, -152.386672974, 571.934265137, -199.935653687, -14.6359367371, -37.3410606384, -83.4929962158, -70.8466720581, 33.7946395874, 83.9253997803, 82.862953186, 27.3541202545, -29.7744235992], [-91.6249694824, 177.741409302, -199.935653687, 370.850921631, 120.120109558, 75.1478500366, 71.2672195435, -3.49053835869, -76.3623962402, -56.3588485718, 5.52356386185, 60.8316307068, 60.3344955444], [-331.794372559, 18.5883903503, -14.6359367371, 120.120109558, 185.354202271, 65.648475647, 32.5076217651, -8.60656929016, -46.272228241, 1.14703726768, 51.6784858704, 63.552936554, 46.9998931885], [-241.195663452, -30.4240779877, -37.3410606384, 75.1478500366, 65.648475647, 106.991188049, 71.955947876, 34.6353988647, -15.4154052734, -28.520822525, -1.8643862009, 28.4375801086, 29.3849067688], [-498.729949951, -69.7980422974, -83.4929962158, 71.2672195435, 32.5076217651, 71.955947876, 208.688308716, 141.307128906, 16.0350112915, -78.6879730225, -68.5648727417, -23.5820713043, 16.3494148254], [-373.188323975, -76.3031082153, -70.8466720581, -3.49053835869, -8.60656929016, 34.6353988647, 141.307128906, 216.183166504, 94.2596435547, -41.3213920593, -92.1018371582, -66.8300628662, -21.0760917664], [-32.8427810669, -67.2102661133, 33.7946395874, -76.3623962402, -46.272228241, -15.4154052734, 16.0350112915, 94.2596435547, 158.067138672, 47.1979637146, -47.1506195068, -62.0388793945, -55.2311553955], [151.773513794, 56.1530189514, 83.9253997803, -56.3588485718, 1.14703726768, -28.520822525, -78.6879730225, -41.3213920593, 47.1979637146, 146.252822876, 83.5310058594, 15.2489480972, -20.5803394318], [37.3635940552, 50.2047538757, 82.862953186, 5.52356386185, 51.6784858704, -1.8643862009, -68.5648727417, -92.1018371582, -47.1506195068, 83.5310058594, 165.499404907, 90.7124557495, 24.0307617188], [-78.0027008057, 38.8136634827, 27.3541202545, 60.8316307068, 63.552936554, 28.4375801086, -23.5820713043, -66.8300628662, -62.0388793945, 15.2489480972, 90.7124557495, 147.49597168, 70.8229293823], [-136.202148438, 30.0375614166, -29.7744235992, 60.3344955444, 46.9998931885, 29.3849067688, 16.3494148254, -21.0760917664, -55.2311553955, -20.5803394318, 24.0307617188, 70.8229293823, 114.147018433]], "icov": [[0.00023469000007, -0.000242563241045, -0.000163638309459, -0.00012233988673, 0.000380073615815, -0.000107376232336, 0.000405703176511, 0.000143300319905, -2.43826661972e-06, 6.98743679095e-05, 0.000116257651825, 0.000118790834676, 0.000118582916912], [-0.000242563241045, 0.00124568981119, 0.000338308513165, -0.000460506678792, -0.000172366664628, 0.000498116947711, -0.000184336226084, -0.000280700944131, 0.000529253098648, -0.000893094053026, 4.86553981318e-05, -0.000122783589177, -0.000207260629395], [-0.000163638309459, 0.000338308513165, 0.00266970600933, 0.00147249386646, -0.00081505230628, 0.000147565398947, -0.000565682363231, 0.000841637142003, -0.000744152930565, -0.000141752214404, -0.000804766255897, -0.00063313159626, 0.0003444396134], [-0.00012233988673, -0.000460506678792, 0.00147249386646, 0.00528616458178, -0.00254552089609, -0.000928767840378, -0.00138565071393, 0.00101184344385, 0.000151133528561, 0.000808852957562, 0.000252837955486, -0.00110111117829, 8.66177506396e-05], [0.000380073615815, -0.000172366664628, -0.00081505230628, -0.00254552089609, 0.0099894637242, -0.00384691357613, 0.000682369340211, -0.000836871506181, 0.00139366544317, -0.00112065277062, -0.0016383350594, -0.000328904134221, -0.000722075870726], [-0.000107376232336, 0.000498116947711, 0.000147565398947, -0.000928767840378, -0.00384691357613, 0.0161938332021, -0.00460692727938, -0.000133936686325, -0.0003033351677, 0.000237219472183, 0.000300047366181, -0.00219923024997, -0.000482138333609], [0.000405703176511, -0.000184336226084, -0.000565682363231, -0.00138565071393, 0.000682369340211, -0.00460692727938, 0.0139152398333, -0.00783505756408, 0.00164221972227, 0.00316688721068, -0.000124128200696, 0.000940614496358, -0.000609197828453], [0.000143300319905, -0.000280700944131, 0.000841637142003, 0.00101184344385, -0.000836871506181, -0.000133936686325, -0.00783505756408, 0.0146784586832, -0.00762586621568, 0.00134816672653, 0.001151126693, 0.00155088608153, -0.000510298879817], [-2.43826661972e-06, 0.000529253098648, -0.000744152930565, 0.000151133528561, 0.00139366544317, -0.0003033351677, 0.00164221972227, -0.00762586621568, 0.016702067107, -0.0090414090082, 0.00546854361892, -0.000742049363907, 0.00320528470911], [6.98743679095e-05, -0.000893094053026, -0.000141752214404, 0.000808852957562, -0.00112065277062, 0.000237219472183, 0.00316688721068, 0.00134816672653, -0.0090414090082, 0.0180980190635, -0.0101933665574, 0.00226991716772, -0.00032461315277], [0.000116257651825, 4.86553981318e-05, -0.000804766255897, 0.000252837955486, -0.0016383350594, 0.000300047366181, -0.000124128200696, 0.001151126693, 0.00546854361892, -0.0101933665574, 0.0180426128209, -0.00762900710106, 0.00235322886147], [0.000118790834676, -0.000122783589177, -0.00063313159626, -0.00110111117829, -0.000328904134221, -0.00219923024997, 0.000940614496358, 0.00155088608153, -0.000742049363907, 0.00226991716772, -0.00762900710106, 0.0164110008627, -0.00708183692768], [0.000118582916912, -0.000207260629395, 0.0003444396134, 8.66177506396e-05, -0.000722075870726, -0.000482138333609, -0.000609197828453, -0.000510298879817, 0.00320528470911, -0.00032461315277, 0.00235322886147, -0.00708183692768, 0.0148061141372]]}, "spectral_contrast_coeffs": {"dmean": [0.0422229766846, 0.0429393723607, 0.0395671762526, 0.0310209002346, 0.0190111175179, 0.0168678425252], "dmean2": [0.0684253945947, 0.0667005255818, 0.060188062489, 0.0498132817447, 0.0312470700592, 0.0273975208402], "dvar": [0.00122515601106, 0.0012405407615, 0.00110829842743, 0.000704003614374, 0.000250627286732, 0.000244100272539], "dvar2": [0.00320155010559, 0.00300849624909, 0.00240544020198, 0.00175472430419, 0.000640222162474, 0.000632079259958], "max": [-0.372078716755, -0.370350331068, -0.372378349304, -0.576990306377, -0.697205781937, -0.665080666542], "mean": [-0.648045659065, -0.658573329449, -0.69893425703, -0.766091346741, -0.818706512451, -0.790611028671], "median": [-0.646764278412, -0.655029058456, -0.724798440933, -0.7649269104, -0.819166839123, -0.791572332382], "min": [-0.948591709137, -0.965912997723, -0.966439604759, -0.959025919437, -0.958920955658, -0.959008276463], "var": [0.00616251630709, 0.0104980934411, 0.0128342406824, 0.0031921188347, 0.00120402453467, 0.00165124982595]}, "spectral_contrast_valleys": {"dmean": [0.366285145283, 0.337858349085, 0.333422034979, 0.31728297472, 0.271344274282, 0.337392866611], "dmean2": [0.586899638176, 0.537970602512, 0.522044241428, 0.492810189724, 0.401663810015, 0.447186648846], "dvar": [0.105660490692, 0.095311075449, 0.10691383481, 0.114420965314, 0.0959191098809, 0.163378015161], "dvar2": [0.241851404309, 0.208461031318, 0.21903