{"lowlevel": {"average_loudness": 0.966894507408, "barkbands_crest": {"dmean": 3.07115721703, "dmean2": 4.78967380524, "dvar": 7.6366853714, "dvar2": 18.5793819427, "max": 25.2616176605, "mean": 11.7475328445, "median": 11.1693878174, "min": 2.56190419197, "var": 18.5063648224}, "barkbands_flatness_db": {"dmean": 0.0242301858962, "dmean2": 0.0376664027572, "dvar": 0.000708510458935, "dvar2": 0.00169164885301, "max": 0.477856189013, "mean": 0.141005635262, "median": 0.117260143161, "min": 0.0266760252416, "var": 0.00697651784867}, "barkbands_kurtosis": {"dmean": 4.4607219696, "dmean2": 7.14490413666, "dvar": 78.2874603271, "dvar2": 191.29006958, "max": 234.045257568, "mean": 6.56536197662, "median": 1.64261627197, "min": -1.80396437645, "var": 189.107116699}, "barkbands_skewness": {"dmean": 0.690107584, "dmean2": 1.07201051712, "dvar": 0.651600837708, "dvar2": 1.59808146954, "max": 13.091504097, "mean": 1.97668790817, "median": 1.67268204689, "min": -2.31035757065, "var": 2.27262616158}, "barkbands_spread": {"dmean": 7.83244466782, "dmean2": 11.9464969635, "dvar": 74.4156417847, "dvar2": 169.368713379, "max": 113.573577881, "mean": 32.8361244202, "median": 32.2940177917, "min": 0.622365653515, "var": 367.442596436}, "dissonance": {"dmean": 0.00667174626142, "dmean2": 0.011270836927, "dvar": 5.64516376471e-05, "dvar2": 0.000156303634867, "max": 0.5, "mean": 0.485323041677, "median": 0.490200579166, "min": 0.324614495039, "var": 0.000301349995425}, "dynamic_complexity": 2.37374949455, "erbbands_crest": {"dmean": 1.4468626976, "dmean2": 2.38888049126, "dvar": 2.09304046631, "dvar2": 5.02667140961, "max": 25.0283203125, "mean": 6.56849241257, "median": 5.47831487656, "min": 2.29765200615, "var": 11.6246204376}, "erbbands_flatness_db": {"dmean": 0.0105800312012, "dmean2": 0.0155608765781, "dvar": 0.000147434766404, "dvar2": 0.000266360118985, "max": 0.416849702597, "mean": 0.133615091443, "median": 0.116531059146, "min": 0.0408604703844, "var": 0.00447883270681}, "erbbands_kurtosis": {"dmean": 0.925511479378, "dmean2": 1.43814051151, "dvar": 1.8315025568, "dvar2": 4.08896970749, "max": 28.3079566956, "mean": 1.04867911339, "median": 0.342615604401, "min": -1.76827609539, "var": 10.6650514603}, "erbbands_skewness": {"dmean": 0.279843539, "dmean2": 0.433222234249, "dvar": 0.101074531674, "dvar2": 0.231714263558, "max": 4.95438337326, "mean": -0.501544773579, "median": -0.837105572224, "min": -2.31516027451, "var": 1.17220425606}, "erbbands_spread": {"dmean": 9.753282547, "dmean2": 15.3303575516, "dvar": 122.125549316, "dvar2": 289.253814697, "max": 160.311416626, "mean": 47.7891464233, "median": 45.0948448181, "min": 4.01622581482, "var": 427.420532227}, "hfc": {"dmean": 5.51085996628, "dmean2": 8.43865871429, "dvar": 48.9864959717, "dvar2": 108.922912598, "max": 103.591049194, "mean": 27.6708621979, "median": 25.8478755951, "min": 1.13726547791e-16, "var": 315.28414917}, "melbands_crest": {"dmean": 3.44782519341, "dmean2": 5.27984809875, "dvar": 8.88064002991, "dvar2": 20.6554222107, "max": 34.8130111694, "mean": 18.654417038, "median": 18.3087329865, "min": 1.59811079502, "var": 28.1915645599}, "melbands_flatness_db": {"dmean": 0.0304464623332, "dmean2": 0.0464569851756, "dvar": 0.00102685170714, "dvar2": 0.00239603384398, "max": 0.600439310074, "mean": 0.214379578829, "median": 0.194045692682, "min": 0.00396165717393, "var": 0.00965170376003}, "melbands_kurtosis": {"dmean": 15.6871566772, "dmean2": 24.8685245514, "dvar": 727.296447754, "dvar2": 1788.10766602, "max": 747.687194824, "mean": 28.415019989, "median": 15.8719673157, "min": -1.4436044693, "var": 1467.60803223}, "melbands_skewness": {"dmean": 1.13095533848, "dmean2": 1.75559711456, "dvar": 1.77803421021, "dvar2": 4.32080411911, "max": 20.693857193, "mean": 4.17010593414, "median": 3.7198870182, "min": -1.440148592, "var": 5.03098106384}, "melbands_spread": {"dmean": 8.55094242096, "dmean2": 13.1932086945, "dvar": 93.6131057739, "dvar2": 218.610610962, "max": 158.034011841, "mean": 25.395280838, "median": 20.9461460114, "min": 0.440913140774, "var": 411.078186035}, "pitch_salience": {"dmean": 0.0874630212784, "dmean2": 0.140415415168, "dvar": 0.00688937166706, "dvar2": 0.017621146515, "max": 0.810481131077, "mean": 0.51137983799, "median": 0.526747107506, "min": 0.11024273932, "var": 0.0164681188762}, "silence_rate_20dB": {"dmean": 0, "dmean2": 0, "dvar": 0, "dvar2": 0, "max": 1, "mean": 1, "median": 1, "min": 1, "var": 0}, "silence_rate_30dB": {"dmean": 0.0321090333164, "dmean2": 0.0642254799604, "dvar": 0.0310811307281, "dvar2": 0.0903725847602, "max": 1, "mean": 0.98302346468, "median": 1, "min": 0, "var": 0.0166895613074}, "silence_rate_60dB": {"dmean": 0.00231000222266, "dmean2": 0.00462053809315, "dvar": 0.00230499263853, "dvar2": 0.00552458548918, "max": 1, "mean": 0.0531239174306, "median": 0, "min": 0, "var": 0.0503025315702}, "spectral_centroid": {"dmean": 283.382232666, "dmean2": 444.295928955, "dvar": 107110.898438, "dvar2": 256611.859375, "max": 11047.0605469, "mean": 2060.44238281, "median": 2261.45996094, "min": 145.286422729, "var": 659627.625}, "spectral_complexity": {"dmean": 4.46939229965, "dmean2": 6.8349313736, "dvar": 21.3334388733, "dvar2": 45.2195167542, "max": 61, "mean": 29.8511371613, "median": 33, "min": 0, "var": 221.582717896}, "spectral_decrease": {"dmean": 4.58809878978e-09, "dmean2": 7.56495133203e-09, "dvar": 4.60883232834e-17, "dvar2": 1.24657269747e-16, "max": 6.91092186092e-19, "mean": -1.04174793236e-08, "median": -8.68789928887e-09, "min": -4.95527103794e-08, "var": 5.58800340798e-17}, "spectral_energy": {"dmean": 0.0175153166056, "dmean2": 0.0288797300309, "dvar": 0.000669744797051, "dvar2": 0.00181108596735, "max": 0.189992398024, "mean": 0.0418277829885, "median": 0.0358958281577, "min": 1.06391808828e-20, "var": 0.000823474780191}, "spectral_energyband_high": {"dmean": 0.000513421779033, "dmean2": 0.000790624471847, "dvar": 4.69797583946e-07, "dvar2": 1.12967825316e-06, "max": 0.00942470412701, "mean": 0.00176938064396, "median": 0.00141564139631, "min": 7.50388121008e-21, "var": 2.42031592279e-06}, "spectral_energyband_low": {"dmean": 0.0154729494825, "dmean2": 0.0252093616873, "dvar": 0.000621572136879, "dvar2": 0.00166762596928, "max": 0.171865835786, "mean": 0.0278136525303, "median": 0.0198867116123, "min": 2.2442687279e-23, "var": 0.00075286522042}, "spectral_energyband_middle_high": {"dmean": 0.00110112095717, "dmean2": 0.00170754943974, "dvar": 1.74897104444e-06, "dvar2": 3.82477173844e-06, "max": 0.0250591058284, "mean": 0.00513609871268, "median": 0.00451123248786, "min": 1.7834094786e-21, "var": 1.49505731315e-05}, "spectral_energyband_middle_low": {"dmean": 0.00444829743356, "dmean2": 0.00741607276723, "dvar": 0.000128043655423, "dvar2": 0.000358315650374, "max": 0.109507501125, "mean": 0.00827625021338, "median": 0.00561614334583, "min": 2.96855553046e-22, "var": 0.000116468247143}, "spectral_entropy": {"dmean": 0.0987854525447, "dmean2": 0.151868477464, "dvar": 0.018428241834, "dvar2": 0.0384274125099, "max": 9.80009841919, "mean": 7.79801559448, "median": 7.97432899475, "min": 5.08442592621, "var": 0.352474719286}, "spectral_flux": {"dmean": 0.0350471138954, "dmean2": 0.055388469249, "dvar": 0.00205322937109, "dvar2": 0.00401066849008, "max": 0.385038584471, "mean": 0.10319276154, "median": 0.0881646052003, "min": 1.03146408081e-10, "var": 0.00401996215805}, "spectral_kurtosis": {"dmean": 1.6903642416, "dmean2": 2.90017914772, "dvar": 19.2606964111, "dvar2": 55.9824867249, "max": 84.338432312, "mean": 4.60733795166, "median": 3.11606788635, "min": -1.181199193, "var": 49.6162872314}, "spectral_rms": {"dmean": 0.00116173992865, "dmean2": 0.00185715605039, "dvar": 2.15621776078e-06, "dvar2": 5.69287931285e-06, "max": 0.0136146405712, "mean": 0.00599169358611, "median": 0.00591779686511, "min": 3.22175250887e-12, "var": 4.90711772727e-06}, "spectral_rolloff": {"dmean": 611.999145508, "dmean2": 993.325500488, "dvar": 657499.875, "dvar2": 1383809.75, "max": 18927.6855469, "mean": 1800.35180664, "median": 1528.85742188, "min": 64.599609375, "var": 4538992.5}, "spectral_skewness": {"dmean": 0.19407440722, "dmean2": 0.325849920511, "dvar": 0.0991165414453, "dvar2": 0.278276443481, "max": 7.08428001404, "mean": 1.25375938416, "median": 1.13329195976, "min": 0.00283169769682, "var": 0.408468544483}, "spectral_spread": {"dmean": 372425.4375, "dmean2": 533471.0625, "dvar": 297479503872, "dvar2": 412048818176, "max": 40591872, "mean": 4468727.5, "median": 4393788.5, "min": 887497.5625, "var": 2376676671490.0}, "spectral_strongpeak": {"dmean": 0.218137234449, "dmean2": 0.359805285931, "dvar": 0.101577229798, "dvar2": 0.258823275566, "max": 7.18363142014, "mean": 0.429645597935, "median": 0.308339804411, "min": 0, "var": 0.258951872587}, "zerocrossingrate": {"dmean": 0.0113730952144, "dmean2": 0.0129839265719, "dvar": 0.000116490664368, "dvar2": 0.000143282290082, "max": 0.52490234375, "mean": 0.0697976052761, "median": 0.0625, "min": 0.00146484375, "var": 0.0026066317223}, "barkbands": {"dmean": [0.00147684686817, 0.0122490869835, 0.00461565423757, 0.00173481600359, 0.00268430495635, 0.000553243153263, 0.000213170933421, 5.12190599693e-05, 0.000186077188118, 0.000266843562713, 0.000107161176857, 8.53030287544e-05, 0.000111903216748, 0.000190716527868, 0.000161341900821, 0.0003423076123, 0.000321433413774, 0.000257915322436, 0.000350227026502, 0.00029695162084, 0.000217162785702, 0.000111381261377, 0.000108746258775, 6.99298252584e-05, 3.84947270504e-05, 2.00204831344e-05, 5.10939298692e-06], "dmean2": [0.00207479018718, 0.0196328032762, 0.00792508106679, 0.00283197429962, 0.00460447231308, 0.000872999662533, 0.000362110033166, 8.30480494187e-05, 0.000306349247694, 0.00041498139035, 0.000167038379004, 0.000141109019751, 0.000187893325347, 0.000314806908136, 0.000265689683147, 0.000571430835407, 0.000538742693607, 0.000423114281148, 0.000582761829719, 0.00049518927699, 0.000371907633962, 0.000171317718923, 0.000171145948116, 0.000108042870124, 5.75581543671e-05, 2.91847281915e-05, 6.53873757983e-06], "dvar": [4.79588243252e-06, 0.000410707696574, 6.08016816841e-05, 1.10295914055e-05, 6.04972956353e-05, 5.77178639105e-07, 3.89519215105e-07, 6.19602591456e-09, 7.61015925832e-08, 1.74161385758e-07, 3.24368798488e-08, 1.70001204225e-08, 3.22401412234e-08, 7.77116824224e-08, 5.91597029143e-08, 2.12208135508e-07, 1.62410927373e-07, 1.01950845988e-07, 1.74297170474e-07, 1.19735148019e-07, 9.87212018799e-08, 2.62597890099e-08, 3.06199332556e-08, 8.99408192367e-09, 2.86435652974e-09, 1.64991864615e-09, 2.22990736987e-10], "dvar2": [8.65390393301e-06, 0.00107048207428, 0.0001668901823, 2.76575719909e-05, 0.00017304145149, 1.39075348216e-06, 1.08116262254e-06, 1.59040780545e-08, 2.00291054853e-07, 4.15727384961e-07, 7.2367377868e-08, 4.54388846549e-08, 8.7491436318e-08, 1.96264309693e-07, 1.52981840529e-07, 5.65135110264e-07, 4.40508330257e-07, 2.70989801265e-07, 4.72984709177e-07, 3.26209914192e-07, 2.75585477993e-07, 6.01379781529e-08, 7.52830828787e-08, 2.00862402266e-08, 6.07105432593e-09, 3.77025788367e-09, 3.35599686929e-10], "max": [0.0154768927023, 0.14824205637, 0.0862300470471, 0.0618867874146, 0.0769820734859, 0.0110775893554, 0.0077601489611, 0.00162398279645, 0.00315005239099, 0.00687403837219, 0.00316482735798, 0.00189601676539, 0.00241502327845, 0.00618065800518, 0.00383810442872, 0.00829184148461, 0.00579536007717, 0.00442561972886, 0.00662145204842, 0.00458271615207, 0.00364739866927, 0.00295939599164, 0.00331072299741, 0.00186211662367, 0.000782543793321, 0.0010763494065, 0.000387559382943], "mean": [0.00226730573922, 0.0178899224848, 0.00668388046324, 0.00232598278672, 0.00367885362357, 0.00118374219164, 0.000280045816908, 9.50622779783e-05, 0.000323258747812, 0.000561655382626, 0.000201599963475, 0.000153049462824, 0.000193695275811, 0.000364214123692, 0.000320686551277, 0.000721488846466, 0.000763147836551, 0.000659581564832, 0.000927211542148, 0.000784644042142, 0.000496696680784, 0.000291634671157, 0.000284137990093, 0.000203603922273, 0.000108852262201, 5.35716244485e-05, 1.02489539131e-05], "median": [0.000415278424043, 0.010698706843, 0.00445440597832, 0.000970855820924, 0.00171372364275, 0.000738102942705, 0.000145182857523, 5.75714439037e-05, 0.000227736352826, 0.000289983930998, 9.79957694653e-05, 0.000100361990917, 0.000134482281283, 0.000230035948334, 0.00018970858946, 0.000546547817066, 0.000601647305302, 0.000519528635778, 0.000768159865402, 0.000673081260175, 0.000395989627577, 0.000191048457054, 0.000167795384186, 0.000144903795444, 7.6105025073e-05, 3.31320916303e-05, 1.78455513833e-06], "min": [8.50793428257e-24, 5.00488147038e-24, 9.39770154162e-24, 1.54198420262e-23, 3.82744929804e-23, 3.04813676521e-23, 4.11849763575e-23, 4.06745076212e-23, 1.04417561098e-22, 6.53159032821e-23, 4.70665213185e-23, 1.65098149255e-22, 1.33359321543e-22, 1.53528323944e-22, 2.031850732e-22, 1.34085793017e-22, 2.05647190127e-22, 2.63893460816e-22, 3.147722629e-22, 3.55372623907e-22, 4.08829322454e-22, 5.50482790664e-22, 7.07579656286e-22, 1.07038100227e-21, 9.6278188941e-22, 1.6606124366e-21, 2.1214040395e-21], "var": [9.93200046651e-06, 0.000482900359202, 5.84907829762e-05, 1.71740666701e-05, 4.95707681694e-05, 1.72834518253e-06, 3.06535014261e-07, 1.45053977718e-08, 1.19570643164e-07, 5.86723672313e-07, 9.67989848277e-08, 2.8931372853e-08, 4.49806734082e-08, 2.21511697873e-07, 1.42745264498e-07, 4.95724862049e-07, 5.1223292985e-07, 3.62877898397e-07, 6.56015288314e-07, 4.28634422178e-07, 1.90516587395e-07, 1.1270028466e-07, 1.37649294629e-07, 4.60853151196e-08, 1.29717152575e-08, 4.46308989765e-09, 7.35527805329e-10]}, "erbbands": {"dmean": [0.31237283349, 3.20867204666, 6.27943944931, 4.79937028885, 9.79888916016, 7.55642366409, 5.38110160828, 3.9905705452, 3.44109106064, 1.69123291969, 1.4467587471, 4.35325670242, 9.80768871307, 4.03457546234, 4.80189466476, 3.36859536171, 4.93668699265, 9.5186252594, 8.37687492371, 11.3927431107, 17.928817749, 17.0787010193, 13.149810791, 20.4830207825, 14.5071678162, 12.8109321594, 9.17202091217, 7.79676151276, 4.29976272583, 4.41609954834, 2.584451437, 1.85476791859, 1.03792953491, 0.524996459484, 0.234910696745, 0.123710617423, 0.0305266268551, 0.00502405362204, 0.000973046873696, 6.01321517024e-05], "dmean2": [0.444164097309, 5.33952522278, 10.8944387436, 7.82851409912, 16.8172893524, 12.8597593307, 8.60527324677, 6.37986755371, 5.75580501556, 2.83533191681, 2.3899948597, 7.06144380569, 15.239315033, 6.5674905777, 7.47265720367, 5.49758243561, 8.29951286316, 15.6908712387, 13.8426856995, 18.7632713318, 30.1750640869, 28.5710735321, 21.5246601105, 34.4334335327, 23.8384838104, 21.3411579132, 15.5831098557, 13.3216085434, 6.79542303085, 7.1012597084, 3.93948411942, 2.93974137306, 1.6176571846, 0.800645947456, 0.344994425774, 0.183581843972, 0.0460022427142, 0.00680652586743, 0.00121205020696, 8.4852494183e-05], "dvar": [0.179010525346, 34.0454292297, 127.297843933, 57.2327423096, 1010.44989014, 290.680297852, 59.7486000061, 34.9374160767, 81.8565292358, 16.4701538086, 6.54241847992, 37.301158905, 243.268539429, 83.054145813, 62.1456451416, 26.0890731812, 61.021446228, 205.612609863, 143.820678711, 272.892089844, 521.464233398, 453.826416016, 294.023376465, 630.90435791, 303.868255615, 220.549133301, 149.988311768, 127.470832825, 38.2275886536, 45.585308075, 16.3945884705, 6.60257911682, 2.33093881607, 0.51850104332, 0.118669785559, 0.0540547855198, 0.00467750895768, 0.000162556782016, 7.71400300437e-06, 2.1863503008e-08], "dvar2": [0.341231137514, 89.2761001587, 352.915435791, 141.083206177, 2835.13769531, 838.745483398, 153.638305664, 85.3184051514, 223.946334839, 44.9295806885, 17.2806243896, 94.7339172363, 552.402282715, 232.222976685, 132.480407715, 67.3989257812, 166.072753906, 518.570251465, 376.688323975, 711.717895508, 1419.32177734, 1248.45349121, 764.151489258, 1715.77722168, 784.381652832, 593.524963379, 411.273956299, 354.480926514, 90.8162078857, 116.120956421, 37.1539916992, 15.6267271042, 5.64395093918, 1.13921058178, 0.249918192625, 0.124624311924, 0.0110274339095, 0.000263467693003, 1.15523971544e-05, 3.8403815239e-08], "max": [3.46865463257, 38.1630973816, 81.0651855469, 142.439041138, 312.49041748, 183.215377808, 154.288864136, 94.5109634399, 117.304710388, 78.3759078979, 32.3351707458, 81.3991241455, 265.047393799, 253.609176636, 150.088531494, 73.5113525391, 101.89691925, 309.1378479, 205.368759155, 327.815185547, 437.280822754, 325.140777588, 265.96005249, 474.434631348, 251.556884766, 228.426315308, 130.216308594, 173.911956787, 113.980819702, 138.328033447, 84.3483123779, 53.6985015869, 30.569026947, 10.7286891937, 5.43654489517, 6.34205627441, 1.47089779377, 0.383390009403, 0.0677455216646, 0.00299052195624], "mean": [0.548012912273, 3.83281493187, 8.74203681946, 7.22922325134, 11.4873600006, 11.176612854, 10.7235174179, 8.65777587891, 5.18690633774, 2.7433283329, 2.54298377037, 8.04887294769, 19.9907608032, 8.24475002289, 9.53076839447, 6.84826231003, 9.24303245544, 18.5164375305, 17.4314899445, 24.0117893219, 40.2284469604, 42.495677948, 36.0737495422, 51.9755630493, 41.561000824, 34.9362411499, 22.3755970001, 16.8861713409, 11.0835199356, 11.0243883133, 6.99981594086, 5.02796268463, 2.81584501266, 1.39836370945, 0.680647671223, 0.331228792667, 0.0738307386637, 0.012202879414, 0.00194258464035, 0.000141388751217], "median": [0.254917919636, 2.17659592628, 6.04050827026, 4.35548400879, 3.97116422653, 5.68485355377, 7.21187591553, 5.40073633194, 2.84722614288, 1.53601253033, 1.79030442238, 5.53127241135, 10.1126060486, 4.63288164139, 4.89684295654, 4.44583511353, 6.7215294838, 11.5230550766, 12.3832073212, 15.6502723694, 32.510684967, 34.6810150146, 27.9064292908, 43.2463989258, 34.5868606567, 30.527803421, 18.3804740906, 13.0517644882, 7.65944576263, 6.50949287415, 4.30433034897, 3.46730351448, 1.93455398083, 0.962947547436, 0.480112671852, 0.211358040571, 0.0429799817502, 0.00514257699251, 0.000402644451242, 6.89599037287e-05], "min": [3.25532805274e-22, 6.66919417581e-22, 7.6359530349e-21, 3.09188416121e-20, 9.89330824704e-20, 8.3758266725e-20, 4.46850566623e-19, 1.06124907371e-19, 6.42975141558e-19, 6.00351041581e-19, 7.96885226016e-19, 2.80175916921e-18, 2.23981339969e-18, 1.94074045895e-18, 2.29073691294e-18, 8.06499442878e-18, 6.05477017799e-18, 5.49512004146e-18, 8.49316544771e-18, 1.31951106852e-17, 8.34659400625e-18, 9.82670384506e-18, 1.13781555302e-17, 1.85628163746e-17, 1.3151129492e-17, 2.05083600646e-17, 1.91326180852e-17, 1.53704831996e-17, 1.78351654421e-17, 2.34100732574e-17, 1.791618282e-17, 2.07862331934e-17, 1.80181460654e-17, 1.05261826603e-17, 7.92345307262e-18, 5.02191441484e-18, 3.65165498856e-18, 1.25586489706e-18, 2.67804738097e-19, 3.11884927983e-20], "var": [0.435124903917, 29.7746829987, 104.844200134, 95.26612854, 797.678771973, 290.162567139, 132.139083862, 103.825469971, 77.7659072876, 17.53956604, 8.24940109253, 71.9635009766, 807.633178711, 170.953933716, 215.907028198, 55.4987792969, 91.1132736206, 581.440185547, 333.831542969, 668.274841309, 1295.7713623, 1412.27001953, 1108.07165527, 2073.72705078, 1281.79760742, 831.492004395, 356.929077148, 242.032714844, 147.301925659, 193.674377441, 79.8342819214, 29.9612541199, 9.48904705048, 2.22044467926, 0.502711951733, 0.158842429519, 0.0105315390974, 0.000506770622451, 2.47568514169e-05, 6.41158308667e-08]}, "gfcc": {"mean": [7.10694599152, 71.1215896606, -106.183563232, 64.7008132935, -34.4832763672, 12.7989149094, -30.6973552704, 12.3308763504, -25.7274856567, -2.02167963982, -17.7772388458, 1.93876039982, -2.93814611435], "cov": [[23564.5449219, -1988.76367188, 442.242401123, 1559.91101074, -1289.32421875, 1780.26928711, -440.595611572, 935.718322754, -11.8955154419, 808.993347168, 116.537689209, 219.234924316, -630.598754883], [-1988.76367188, 2382.47583008, -138.227645874, -152.984649658, 534.37322998, -687.284057617, 187.725723267, -382.929260254, 38.8671798706, -171.262542725, 95.5518493652, -146.049713135, 233.053283691], [442.242401123, -138.227645874, 1160.96435547, 83.4546813965, 90.4871902466, 155.622344971, -93.1301651001, -59.3497543335, 87.1559677124, 122.948692322, 59.2553825378, 30.8027038574, -90.8977355957], [1559.91101074, -152.984649658, 83.4546813965, 327.573822021, -45.4411048889, 232.687103271, -16.2755069733, 110.375305176, 46.2587814331, 102.076255798, 31.7427768707, 11.1395235062, -57.5501670837], [-1289.32421875, 534.37322998, 90.4871902466, -45.4411048889, 332.979370117, -157.995162964, 88.3422927856, -95.1401290894, 42.6616630554, -25.8786792755, 30.3557987213, -36.1617431641, 62.1761741638], [1780.26928711, -687.284057617, 155.622344971, 232.687103271, -157.995162964, 404.467834473, -36.2623176575, 195.972610474, 32.6676673889, 128.926025391, 8.92300128937, 48.0598144531, -103.350448608], [-440.595611572, 187.725723267, -93.1301651001, -16.2755069733, 88.3422927856, -36.2623176575, 142.995803833, 10.45454216, 34.4493598938, -17.621471405, 15.7085895538, -10.790307045, 39.6328239441], [935.718322754, -382.929260254, -59.3497543335, 110.375305176, -95.1401290894, 195.972610474, 10.45454216, 172.496154785, 28.7394199371, 71.6553268433, 3.88785386086, 31.9851150513, -40.5540847778], [-11.8955154419, 38.8671798706, 87.1559677124, 46.2587814331, 42.6616630554, 32.6676673889, 34.4493598938, 28.7394199371, 69.7136535645, 47.9255332947, 34.0709266663, 5.21261072159, -0.668856203556], [808.993347168, -171.262542725, 122.948692322, 102.076255798, -25.8786792755, 128.926025391, -17.621471405, 71.6553268433, 47.9255332947, 121.287376404, 55.411491394, 27.2159080505, -43.7444267273], [116.537689209, 95.5518493652, 59.2553825378, 31.7427768707, 30.3557987213, 8.92300128937, 15.7085895538, 3.88785386086, 34.0709266663, 55.411491394, 77.7535247803, 18.5614032745, 8.69801139832], [219.234924316, -146.049713135, 30.8027038574, 11.1395235062, -36.1617431641, 48.0598144531, -10.790307045, 31.9851150513, 5.21261072159, 27.2159080505, 18.5614032745, 50.1327552795, 2.15699672699], [-630.598754883, 233.053283691, -90.8977355957, -57.5501670837, 62.1761741638, -103.350448608, 39.6328239441, -40.5540847778, -0.668856203556, -43.7444267273, 8.69801139832, 2.15699672699, 77.2178649902]], "icov": [[0.000117970485007, -0.000233726779697, -3.02273401758e-05, -0.000200398993911, 0.000363774772268, -0.000255961989751, -3.02985990857e-05, -0.00026066560531, 0.000631757022347, -0.000606670335401, 0.00031679312815, -0.000335367891239, 0.000362508377293], [-0.000233726779697, 0.00229617510922, -3.9757880586e-05, -0.00119719281793, -0.00136047531851, 0.002935299417, -0.000604110187851, 0.00141345127486, -0.00129337375984, 0.00156711228192, -0.00282888347283, 0.00361811066978, -0.00260723684914], [-3.02273401758e-05, -3.9757880586e-05, 0.00176003109664, 0.000651883543469, -0.000897387042642, -0.00180047110189, 0.0012042792514, 0.00287375063635, -0.0029953441117, 0.000157678936375, 3.67752581951e-05, -0.00156798586249, 0.00173780450132], [-0.000200398993911, -0.00119719281793, 0.000651883543469, 0.00796991400421, -0.000738319649827, -0.0059823654592, 0.00196074065752, 0.000307999289362, -0.00311320368201, -0.000325410888763, -0.000123941659695, 0.00118291529361, 0.000196573397261], [0.000363774772268, -0.00136047531851, -0.000897387042642, -0.000738319649827, 0.0073068542406, -4.70065315312e-05, -0.00271690427326, 0.000312174670398, 0.00058334460482, -0.00354254757985, 0.00199025985785, 0.000868777860887, -0.00116806291044], [-0.000255961989751, 0.002935299417, -0.00180047110189, -0.0059823654592, -4.70065315312e-05, 0.0162959508598, -0.00273216608912, -0.00705447420478, 0.00227053812705, -0.000799533270765, -0.00119273073506, 0.000929580826778, 0.00169377506245], [-3.02985990857e-05, -0.000604110187851, 0.0012042792514, 0.00196074065752, -0.00271690427326, -0.00273216608912, 0.0135175939649, -0.00316541432403, -0.0076503129676, 0.00616498757154, -0.00333182490431, 0.00154749769717, -0.00185649760533], [-0.00026066560531, 0.00141345127486, 0.00287375063635, 0.000307999289362, 0.000312174670398, -0.00705447420478, -0.00316541432403, 0.0227520968765, -0.00805924925953, -0.00456750998273, 0.00423753727227, -0.00295314611867, -0.00195384817198], [0.000631757022347, -0.00129337375984, -0.0029953441117, -0.00311320368201, 0.00058334460482, 0.00227053812705, -0.0076503129676, -0.00805924925953, 0.036843445152, -0.0151631236076, 0.000107442763692, 0.00222525466233, -0.00286539574154], [-0.000606670335401, 0.00156711228192, 0.000157678936375, -0.000325410888763, -0.00354254757985, -0.000799533270765, 0.00616498757154, -0.00456750998273, -0.0151631236076, 0.038985427469, -0.0224118176848, -0.00211774813943, 0.0110161211342], [0.00031679312815, -0.00282888347283, 3.67752581951e-05, -0.000123941659695, 0.00199025985785, -0.00119273073506, -0.00333182490431, 0.00423753727227, 0.000107442763692, -0.0224118176848, 0.0347554311156, -0.0109824826941, -0.00449107540771], [-0.000335367891239, 0.00361811066978, -0.00156798586249, 0.00118291529361, 0.000868777860887, 0.000929580826778, 0.00154749769717, -0.00295314611867, 0.00222525466233, -0.00211774813943, -0.0109824826941, 0.0403446108103, -0.0174937732518], [0.000362508377293, -0.00260723684914, 0.00173780450132, 0.000196573397261, -0.00116806291044, 0.00169377506245, -0.00185649760533, -0.00195384817198, -0.00286539574154, 0.0110161211342, -0.00449107540771, -0.0174937732518, 0.0363166257739]]}, "melbands": {"dmean": [0.00291729322635, 0.00365577312186, 0.000973423651885, 0.000664295745082, 0.000196071516257, 9.24666164792e-05, 4.93009683851e-05, 1.5587083908e-05, 1.41291830005e-05, 2.94256933557e-05, 4.89844896947e-05, 1.65567580552e-05, 1.42958433571e-05, 1.08223857751e-05, 1.01320292742e-05, 1.15118482427e-05, 2.05926226045e-05, 1.37150782393e-05, 1.1107706996e-05, 2.3176875402e-05, 2.26999418373e-05, 2.00915692403e-05, 1.71740175574e-05, 1.22863948491e-05, 1.92623738258e-05, 1.22216661111e-05, 1.34427245939e-05, 8.63988225319e-06, 6.34909520159e-06, 5.94463699599e-06, 4.31279795521e-06, 2.33640571423e-06, 2.72067472906e-06, 2.82977634924e-06, 1.8157309114e-06, 1.22352230392e-06, 1.15188470318e-06, 8.36592960241e-07, 5.83837675094e-07, 4.68637693984e-07], "dmean2": [0.00457472959533, 0.00623267237097, 0.00160743494052, 0.00115546013694, 0.000312788266456, 0.000147152968566, 8.24937742436e-05, 2.5963254302e-05, 2.33256068896e-05, 4.78537476738e-05, 7.63991993153e-05, 2.72586403298e-05, 2.25163130381e-05, 1.75566292455e-05, 1.7059763195e-05, 1.93786745513e-05, 3.40398582921e-05, 2.27800464927e-05, 1.81348896149e-05, 3.85383573303e-05, 3.84353406844e-05, 3.41482373187e-05, 2.85856331175e-05, 2.04047191801e-05, 3.26022418449e-05, 2.03117233468e-05, 2.25772419071e-05, 1.46258107634e-05, 1.08939111669e-05, 1.01965842987e-05, 7.37754135116e-06, 3.74163596462e-06, 4.25007374361e-06, 4.72732699563e-06, 2.85301484837e-06, 1.92289644474e-06, 1.85633234651e-06, 1.33757453114e-06, 9.10760434181e-07, 7.31106581497e-07], "dvar": [1.94069198187e-05, 4.43203607574e-05, 3.12529641633e-06, 4.12868894273e-06, 7.86955922649e-08, 1.74395431429e-08, 1.74847780698e-08, 1.15170672998e-09, 6.00676119955e-10, 1.71913316915e-09, 6.05029271128e-09, 1.42000800007e-09, 5.62485225064e-10, 2.51056925249e-10, 2.57733806519e-10, 3.24130999818e-10, 1.00716468499e-09, 3.46658257655e-10, 2.75600126054e-10, 1.0834884101e-09, 8.27595603159e-10, 6.77227662838e-10, 4.87030193952e-10, 2.50630904919e-10, 5.71660718762e-10, 2.33799979377e-10, 2.85249213139e-10, 1.03699590581e-10, 6.54488199747e-11, 7.00441371571e-11, 3.73325884095e-11, 1.2528941426e-11, 1.71410923649e-11, 2.21810191742e-11, 9.51590802684e-12, 3.425430729e-12, 2.67321147857e-12, 1.58821686271e-12, 7.42322381949e-13, 3.93817790878e-13], "dvar2": [4.64101613034e-05, 0.00012003449956, 8.35562059365e-06, 1.19217911561e-05, 2.03953447908e-07, 4.23081765177e-08, 4.79650843488e-08, 3.11382297724e-09, 1.55820922831e-09, 4.41159286879e-09, 1.38223779089e-08, 4.04048794422e-09, 1.27216825963e-09, 6.26635743295e-10, 6.93505308735e-10, 8.87551920847e-10, 2.53397147709e-09, 9.18747578016e-10, 6.96302959735e-10, 2.84665957473e-09, 2.29929186801e-09, 1.88517335076e-09, 1.31877386789e-09, 6.64496013769e-10, 1.57054713679e-09, 6.32953522928e-10, 7.82624798301e-10, 2.82298379117e-10, 1.80548756501e-10, 1.95430088779e-10, 1.02849763428e-10, 3.19209728095e-11, 3.90032867115e-11, 6.05395247821e-11, 2.24994970571e-11, 8.10050030525e-12, 6.62673214913e-12, 4.00030225958e-12, 1.70301110453e-12, 9.1896054568e-13], "max": [0.0342100486159, 0.0430609844625, 0.0230140071362, 0.0200752727687, 0.00427164090797, 0.00202895677648, 0.001709005679, 0.000690834189299, 0.000312574324198, 0.000553936231881, 0.00131924136076, 0.00108233897481, 0.000427993305493, 0.000215612366446, 0.000258567102719, 0.000227805241593, 0.000688106578309, 0.00031648093136, 0.000279569008853, 0.000501912203617, 0.000601918494795, 0.000438190007117, 0.000449450017186, 0.00022279084078, 0.00044652086217, 0.000240276742261, 0.000228878809139, 0.000162589101819, 9.28753870539e-05, 9.3038288469e-05, 0.000110493732791, 9.08184738364e-05, 8.53404708323e-05, 9.0179448307e-05, 6.88650688971e-05, 5.04521121911e-05, 2.44788825512e-05, 2.49274999078e-05, 1.50622654473e-05, 9.75464990915e-06], "mean": [0.00503911497071, 0.00486432667822, 0.00142893195152, 0.000837661733385, 0.000407615647418, 0.000201747840038, 7.31127511244e-05, 2.63225101662e-05, 2.29593260883e-05, 5.44869435544e-05, 9.82589044725e-05, 3.11538497044e-05, 2.75326619885e-05, 2.15528489207e-05, 1.77437668754e-05, 2.01895873033e-05, 3.73164439225e-05, 2.7385633075e-05, 2.29808701988e-05, 4.49254439445e-05, 4.66586061521e-05, 4.3801337597e-05, 3.90984896512e-05, 3.00140527543e-05, 4.46070262115e-05, 3.02521275444e-05, 3.14564495056e-05, 2.09579702641e-05, 1.4005318917e-05, 1.22440824271e-05, 8.74030411069e-06, 5.69340136281e-06, 6.38795745544e-06, 6.21226854491e-06, 4.25371945312e-06, 3.24446091327e-06, 2.85576243186e-06, 2.05611763704e-06, 1.4747096202e-06, 1.11703423045e-06], "median": [0.00289108930156, 0.00333624263294, 0.000856427126564, 0.000360881444067, 0.000273816403933, 0.000127026098198, 3.98734482587e-05, 1.46086003951e-05, 1.54940971697e-05, 3.75496783818e-05, 4.94239393447e-05, 1.63525874086e-05, 1.44060313687e-05, 1.29046647999e-05, 1.25300348373e-05, 1.36101953103e-05, 2.16168518818e-05, 1.96765340661e-05, 1.38170971695e-05, 3.06408110191e-05, 3.7472906115e-05, 3.49004803866e-05, 2.90727548418e-05, 2.29414417845e-05, 3.6702836951e-05, 2.399792902e-05, 2.51900928561e-05, 1.80066144821e-05, 1.12303541755e-05, 9.61318164627e-06, 6.48209834253e-06, 3.87570935345e-06, 3.69287181456e-06, 3.41384929925e-06, 2.35905076806e-06, 2.17948513637e-06, 1.92225684259e-06, 1.37009328682e-06, 9.5324458016e-07, 7.54930965741e-07], "min": [2.40383253039e-24, 2.84507122811e-24, 8.24500694286e-24, 5.22428340965e-24, 1.25330725968e-23, 2.82233546796e-24, 9.52771449627e-24, 7.55694116208e-24, 6.98695050387e-24, 1.76563384232e-23, 1.0314473876e-23, 7.71032412105e-24, 6.66740030611e-24, 1.48408875416e-23, 1.89723161853e-23, 1.30487919913e-23, 1.02201497776e-23, 1.45328973115e-23, 1.63395907329e-23, 1.46564723723e-23, 9.52342230408e-24, 1.10012317254e-23, 7.99294221781e-24, 1.39728975767e-23, 1.55199453197e-23, 1.07618779162e-23, 7.88279830278e-24, 1.49854731237e-23, 1.21773649594e-23, 1.03764365336e-23, 8.79416062911e-24, 8.78150493361e-24, 1.31934746033e-23, 1.36986264171e-23, 1.07837120083e-23, 8.30482705416e-24, 1.44104976535e-23, 1.22010544524e-23, 1.01912277702e-23, 8.29895319586e-24], "var": [3.30988186761e-05, 3.58413562935e-05, 3.67730081052e-06, 3.15693205266e-06, 1.87334151747e-07, 5.16350553426e-08, 1.61296931367e-08, 1.50751278127e-09, 7.49723338966e-10, 3.35123573336e-09, 1.96879703651e-08, 3.03218250508e-09, 1.6876647857e-09, 6.41234398913e-10, 3.52836954098e-10, 4.99578822755e-10, 2.79529333014e-09, 7.92182264231e-10, 6.94620472252e-10, 2.42737629996e-09, 1.79611980844e-09, 1.62573954299e-09, 1.59755131346e-09, 8.13718148418e-10, 1.60665047932e-09, 7.63290153305e-10, 8.28366986116e-10, 3.11810299802e-10, 1.47226383862e-10, 1.2494262569e-10, 7.25697835158e-11, 4.1030744774e-11, 6.55292417551e-11, 7.06129807404e-11, 3.57799900819e-11, 1.46583543914e-11, 9.80961319119e-12, 5.37485377386e-12, 2.83297929386e-12, 1.44635930836e-12]}, "mfcc": {"mean": [-626.965698242, 89.5696716309, 2.46816515923, 51.1976089478, 20.9792232513, 11.4351997375, 9.70132064819, 11.1104011536, 5.1029047966, 3.17819547653, -6.33681964874, -4.11497402191, -4.02542638779], "cov": [[12776.2011719, -1027.11755371, 3.74253606796, 527.127380371, -83.4426879883, 427.819732666, 260.182098389, 206.103302002, -1.38243031502, 510.100708008, 432.951080322, 281.997253418, 213.918197632], [-1027.11755371, 1650.62341309, -20.0894374847, 267.150665283, 125.063552856, -61.7177238464, 40.5478248596, -153.485641479, -43.0894966125, -115.731124878, -55.4913864136, 7.82602882385, -24.2290668488], [3.74253606796, -20.0894374847, 720.545776367, 18.3531665802, 173.084259033, 132.440093994, -48.2182731628, -6.86366462708, -38.8623046875, 22.7858543396, 33.7160797119, 14.5330286026, 24.4482460022], [527.127380371, 267.150665283, 18.3531665802, 201.610229492, 56.4386978149, 59.7702217102, 43.629360199, -5.83557224274, 10.4008350372, 30.2226409912, 41.6745758057, 36.4361457825, 20.1247367859], [-83.4426879883, 125.063552856, 173.084259033, 56.4386978149, 164.04196167, 69.867805481, 8.74880313873, 1.11236226559, 1.56145572662, 24.3995819092, 16.5922451019, 10.9843034744, 7.21957492828], [427.819732666, -61.7177238464, 132.440093994, 59.7702217102, 69.867805481, 118.021430969, 35.701713562, 25.8083248138, 11.3978185654, 47.8037796021, 47.6665039062, 27.3598365784, 24.3176612854], [260.182098389, 40.5478248596, -48.2182731628, 43.629360199, 8.74880313873, 35.701713562, 76.6965560913, 30.4983253479, 26.0113487244, 29.0759792328, 21.9852256775, 21.9296379089, 11.1517400742], [206.103302002, -153.485641479, -6.86366462708, -5.83557224274, 1.11236226559, 25.8083248138, 30.4983253479, 81.9162826538, 43.818687439, 33.8693313599, 11.2947626114, 0.867229819298, 6.18332052231], [-1.38243031502, -43.0894966125, -38.8623046875, 10.4008350372, 1.56145572662, 11.3978185654, 26.0113487244, 43.818687439, 61.5489349365, 30.6356143951, 7.83669281006, 3.21117424965, 0.499598056078], [510.100708008, -115.731124878, 22.7858543396, 30.2226409912, 24.3995819092, 47.8037796021, 29.0759792328, 33.8693313599, 30.6356143951, 85.9976882935, 58.6710662842, 29.5862216949, 21.9075069427], [432.951080322, -55.4913864136, 33.7160797119, 41.6745758057, 16.5922451019, 47.6665039062, 21.9852256775, 11.2947626114, 7.83669281006, 58.6710662842, 82.0653991699, 44.0615272522, 28.8923492432], [281.997253418, 7.82602882385, 14.5330286026, 36.4361457825, 10.9843034744, 27.3598365784, 21.9296379089, 0.867229819298, 3.21117424965, 29.5862216949, 44.0615272522, 55.9695167542, 33.2673187256], [213.918197632, -24.2290668488, 24.4482460022, 20.1247367859, 7.21957492828, 24.3176612854, 11.1517400742, 6.18332052231, 0.499598056078, 21.9075069427, 28.8923492432, 33.2673187256, 50.5135803223]], "icov": [[0.000149039944517, 7.66335215303e-05, 2.19925659621e-05, -0.000452361651696, 0.000350489426637, -0.000199725749553, -6.91123495926e-05, -0.000294997764286, 0.000827284937259, -0.000865567591973, 0.000225065014092, -0.00020804257656, 4.80886374135e-05], [7.66335215303e-05, 0.00154958642088, -0.000211412625504, -0.0022167977877, -0.0012134660501, 0.00215042219497, -0.00217740051448, 0.00233031436801, -0.000601837469731, 0.0016607302241, -7.67873207224e-05, 0.000125208229292, -1.49562611114e-05], [2.19925659621e-05, -0.000211412625504, 0.00264148740098, 0.000729702413082, -0.00159670924768, -0.00325726531446, 0.00305759045295, -0.00104972952977, 0.00158394640312, -0.000152887354488, 0.000127603620058, -0.000509458070155, -0.000200781025342], [-0.000452361651696, -0.0022167977877, 0.000729702413082, 0.0113097699359, -0.00107418873813, -0.00460772961378, 0.00032959348755, 0.000656455871649, -0.00289464974776, 0.000999236362986, -0.00218585506082, -0.00118345592637, -0.000163096177857], [0.000350489426637, -0.0012134660501, -0.00159670924768, -0.00107418873813, 0.012456969358, -0.00646199705079, 0.00188758212607, -0.00133032246958, 0.00206525926478, -0.00632367189974, 0.00389447365887, -0.00122950656805, 0.00151535263285], [-0.000199725749553, 0.00215042219497, -0.00325726531446, -0.00460772961378, -0.00646199705079, 0.0247275028378, -0.0101719805971, 0.0006234018947, -0.00070093740942, 0.00206431234255, -0.00648497464135, 0.00357929687016, -0.00305801513605], [-6.91123495926e-05, -0.00217740051448, 0.00305759045295, 0.00032959348755, 0.00188758212607, -0.0101719805971, 0.0270637869835, -0.00906641129404, -0.00106146093458, -0.00345603236929, 0.00312361423858, -0.00834430288523, 0.00261737778783], [-0.000294997764286, 0.00233031436801, -0.00104972952977, 0.000656455871649, -0.00133032246958, 0.0006234018947, -0.00906641129404, 0.0294118467718, -0.0172914415598, 0.00126517261378, 6.85592458467e-05, 0.00663533201441, -0.00388194038533], [0.000827284937259, -0.000601837469731, 0.00158394640312, -0.00289464974776, 0.00206525926478, -0.00070093740942, -0.00106146093458, -0.0172914415598, 0.0374663285911, -0.0162088796496, 0.00728781148791, -0.00359406066127, 0.00384544976987], [-0.000865567591973, 0.0016607302241, -0.000152887354488, 0.000999236362986, -0.00632367189974, 0.00206431234255, -0.00345603236929, 0.00126517261378, -0.0162088796496, 0.0403944514692, -0.0224209055305, 0.0036805011332, -0.0023021872621], [0.000225065014092, -7.67873207224e-05, 0.000127603620058, -0.00218585506082, 0.00389447365887, -0.00648497464135, 0.00312361423858, 6.85592458467e-05, 0.00728781148791, -0.0224209055305, 0.0389946736395, -0.0185672901571, 0.00126244802959], [-0.00020804257656, 0.000125208229292, -0.000509458070155, -0.00118345592637, -0.00122950656805, 0.00357929687016, -0.00834430288523, 0.00663533201441, -0.00359406066127, 0.0036805011332, -0.0185672901571, 0.0464592278004, -0.0203961990774], [4.80886374135e-05, -1.49562611114e-05, -0.000200781025342, -0.000163096177857, 0.00151535263285, -0.00305801513605, 0.00261737778783, -0.00388194038533, 0.00384544976987, -0.0023021872621, 0.00126244802959, -0.0203961990774, 0.0345718078315]]}, "spectral_contrast_coeffs": {"dmean": [0.0539036914706, 0.0441400893033, 0.033195797354, 0.0275499969721, 0.0181504525244, 0.0167476180941], "dmean2": [0.0872867032886, 0.0731604173779, 0.0554153546691, 0.0467119663954, 0.0310621317476, 0.027915244922], "dvar": [0.00219795526937, 0.0012344190618, 0.000676406547427, 0.000466152065201, 0.000201889735763, 0.000293028249871], "dvar2": [0.00577435595915, 0.00335871102288, 0.00184431893285, 0.00133737327997, 0.000579742365517, 0.000773431966081], "max": [-0.269493550062, -0.491378962994, -0.477238297462, -0.536630153656, -0.628077685833, -0.573999226093], "mean": [-0.673772215843, -0.748390674591, -0.793321788311, -0.805483579636, -0.802916646004, -0.739937841892], "median": [-0.679988980293, -0.751003623009, -0.798928499222, -0.805683374405, -0.802005410194, -0.73697412014], "min": [-0.975283265114, -0.962665438652, -0.964077472687, -0.954961001873, -0.963253378868, -0.957904100418], "var": [0.00580323720351, 0.00427278969437, 0.00328969978727, 0.00144704885315, 0.000907282694243, 0.0015651807189]}, "spectral_contrast_valleys": {"dmean": [0.352089494467, 0.345689088106, 0.304753512144, 0.236769065261, 0.193803012371, 0.249420166016], "dmean2": [0.587580740452, 0.568280160427, 0.494688510895, 0.380306571722, 0.299910455942, 0.363862007856], "dvar": [0.0941023230553, 0.0958449542522, 0.0832590013742, 0.0563792288303, 0.0636196658015, 0.142595082521], "dvar2": [0.237434670329, 0.224698960781, 0.18913051486, 0.112135030329, 0.122617267072, 0.298948615789], "max": [-5.16801261902, -5.36734676361, -5.55786085129, -5.96759986877, -5.41793060303, -7.89521598816], "mean": [-6.7957611084, -7