{"lowlevel": {"average_loudness": 0.459489971399, "barkbands_crest": {"dmean": 1.95122587681, "dmean2": 3.10585474968, "dvar": 3.74013018608, "dvar2": 9.89480686188, "max": 26.4885654449, "mean": 11.5421161652, "median": 10.2358856201, "min": 3.43848276138, "var": 25.3394794464}, "barkbands_flatness_db": {"dmean": 0.01530009415, "dmean2": 0.0240694973618, "dvar": 0.000232174032135, "dvar2": 0.000568200543057, "max": 0.51630961895, "mean": 0.204084143043, "median": 0.191143065691, "min": 0.03113752231, "var": 0.00445192260668}, "barkbands_kurtosis": {"dmean": 2.97754859924, "dmean2": 4.7954916954, "dvar": 39.7408294678, "dvar2": 105.286094666, "max": 221.157470703, "mean": 6.03453540802, "median": 2.71042299271, "min": -1.79059457779, "var": 150.498306274}, "barkbands_skewness": {"dmean": 0.482224822044, "dmean2": 0.753562450409, "dvar": 0.232407510281, "dvar2": 0.553312003613, "max": 12.3927488327, "mean": 1.74502027035, "median": 1.55945241451, "min": -2.60276722908, "var": 2.28542232513}, "barkbands_spread": {"dmean": 3.79293298721, "dmean2": 6.06561660767, "dvar": 18.4458370209, "dvar2": 47.1055412292, "max": 78.251121521, "mean": 18.0198040009, "median": 14.7030105591, "min": 0.307868719101, "var": 151.698669434}, "dissonance": {"dmean": 0.0245984923095, "dmean2": 0.0415588021278, "dvar": 0.000502091017552, "dvar2": 0.00136064505205, "max": 0.499999880791, "mean": 0.453993022442, "median": 0.458715230227, "min": 0.296782672405, "var": 0.00104991113767}, "dynamic_complexity": 4.80362510681, "erbbands_crest": {"dmean": 3.3233191967, "dmean2": 5.36082649231, "dvar": 8.68547344208, "dvar2": 21.7405109406, "max": 30.7322502136, "mean": 11.3690605164, "median": 10.3808164597, "min": 2.63047647476, "var": 21.2758769989}, "erbbands_flatness_db": {"dmean": 0.0150432372466, "dmean2": 0.0230960324407, "dvar": 0.000179547641892, "dvar2": 0.000408504914958, "max": 0.432322382927, "mean": 0.201937422156, "median": 0.190305694938, "min": 0.0620137602091, "var": 0.00316531350836}, "erbbands_kurtosis": {"dmean": 0.863076448441, "dmean2": 1.37770617008, "dvar": 0.991474509239, "dvar2": 2.37309098244, "max": 27.791475296, "mean": 0.352146983147, "median": -0.125882863998, "min": -1.6962069273, "var": 2.91569948196}, "erbbands_skewness": {"dmean": 0.364147305489, "dmean2": 0.567843019962, "dvar": 0.0935158729553, "dvar2": 0.238742157817, "max": 4.11934518814, "mean": 0.34191763401, "median": 0.280226320028, "min": -2.23957061768, "var": 0.523824751377}, "erbbands_spread": {"dmean": 7.37285852432, "dmean2": 11.6509132385, "dvar": 52.9968643188, "dvar2": 132.89944458, "max": 111.411483765, "mean": 34.8966445923, "median": 31.9307060242, "min": 4.3069190979, "var": 292.037902832}, "hfc": {"dmean": 2.67274856567, "dmean2": 4.07197475433, "dvar": 10.3378772736, "dvar2": 25.4954071045, "max": 91.4205245972, "mean": 12.4197778702, "median": 9.78635787964, "min": 1.23701498945e-16, "var": 99.0889511108}, "melbands_crest": {"dmean": 2.40539097786, "dmean2": 3.81240844727, "dvar": 6.31457901001, "dvar2": 16.5975799561, "max": 37.06042099, "mean": 15.1733169556, "median": 14.0936584473, "min": 2.9098739624, "var": 31.9421405792}, "melbands_flatness_db": {"dmean": 0.0168311130255, "dmean2": 0.026333944872, "dvar": 0.000292025593808, "dvar2": 0.000707746017724, "max": 0.669277250767, "mean": 0.280881464481, "median": 0.267886191607, "min": 0.00892824307084, "var": 0.00729183945805}, "melbands_kurtosis": {"dmean": 6.71027565002, "dmean2": 10.8011455536, "dvar": 126.922401428, "dvar2": 327.07723999, "max": 254.43182373, "mean": 15.7190589905, "median": 8.52558231354, "min": -1.63994693756, "var": 490.346496582}, "melbands_skewness": {"dmean": 0.63430672884, "dmean2": 0.992096483707, "dvar": 0.421707421541, "dvar2": 1.02171230316, "max": 13.8500118256, "mean": 2.84914064407, "median": 2.48576569557, "min": -1.13865554333, "var": 3.52310800552}, "melbands_spread": {"dmean": 5.09071207047, "dmean2": 8.12079715729, "dvar": 54.1092720032, "dvar2": 132.918334961, "max": 183.738922119, "mean": 20.2446136475, "median": 14.2295942307, "min": 0.438990145922, "var": 418.261413574}, "pitch_salience": {"dmean": 0.0554418712854, "dmean2": 0.0891173258424, "dvar": 0.00258063757792, "dvar2": 0.00672289635986, "max": 0.870647609234, "mean": 0.494730383158, "median": 0.502782225609, "min": 0.0518041439354, "var": 0.0201340056956}, "silence_rate_20dB": {"dmean": 0, "dmean2": 0, "dvar": 0, "dvar2": 0, "max": 1, "mean": 1, "median": 1, "min": 1, "var": 0}, "silence_rate_30dB": {"dmean": 0.00984251964837, "dmean2": 0.0196889154613, "dvar": 0.00974511355162, "dvar2": 0.0248145777732, "max": 1, "mean": 0.978941142559, "median": 1, "min": 0, "var": 0.0206151399761}, "silence_rate_60dB": {"dmean": 0.00984251964837, "dmean2": 0.0196889154613, "dvar": 0.00974449049681, "dvar2": 0.0236341059208, "max": 1, "mean": 0.124778583646, "median": 0, "min": 0, "var": 0.10920394212}, "spectral_centroid": {"dmean": 201.171081543, "dmean2": 322.661499023, "dvar": 54487.8671875, "dvar2": 123968.640625, "max": 11754.7919922, "mean": 1292.7833252, "median": 1081.2208252, "min": 142.757064819, "var": 709265.125}, "spectral_complexity": {"dmean": 1.65551185608, "dmean2": 2.74975395203, "dvar": 2.2537548542, "dvar2": 5.9175863266, "max": 30, "mean": 12.6766386032, "median": 13, "min": 0, "var": 34.7273712158}, "spectral_decrease": {"dmean": 1.46716261362e-09, "dmean2": 2.30445018623e-09, "dvar": 5.09154937394e-18, "dvar2": 1.44749328007e-17, "max": 1.20778954784e-28, "mean": -7.46182937661e-09, "median": -5.96560623123e-09, "min": -5.01676709064e-08, "var": 4.69128039784e-17}, "spectral_energy": {"dmean": 0.00572160305455, "dmean2": 0.0089746909216, "dvar": 7.5525160355e-05, "dvar2": 0.000214271247387, "max": 0.194492042065, "mean": 0.0292890407145, "median": 0.0234552379698, "min": 1.07642434828e-20, "var": 0.000704455072992}, "spectral_energyband_high": {"dmean": 0.000103948106698, "dmean2": 0.000174128465005, "dvar": 3.91192394034e-08, "dvar2": 1.10279529508e-07, "max": 0.00949295144528, "mean": 0.00029002566589, "median": 0.00025393452961, "min": 7.92639682748e-21, "var": 9.54435321887e-08}, "spectral_energyband_low": {"dmean": 0.0022893268615, "dmean2": 0.00328051229008, "dvar": 1.84096461453e-05, "dvar2": 4.72328065371e-05, "max": 0.172839656472, "mean": 0.0123859681189, "median": 0.00758162187412, "min": 9.98723212668e-23, "var": 0.000274963444099}, "spectral_energyband_middle_high": {"dmean": 0.00120083324146, "dmean2": 0.00177163037006, "dvar": 2.77771664514e-06, "dvar2": 5.64733363717e-06, "max": 0.0408410988748, "mean": 0.00348556344397, "median": 0.00214608083479, "min": 1.44140089049e-21, "var": 1.70544735738e-05}, "spectral_energyband_middle_low": {"dmean": 0.00415345048532, "dmean2": 0.00677202967927, "dvar": 6.37215271126e-05, "dvar2": 0.00018747212016, "max": 0.175328791142, "mean": 0.0141534972936, "median": 0.00722700404003, "min": 3.04101814751e-22, "var": 0.000318292266456}, "spectral_entropy": {"dmean": 0.138419032097, "dmean2": 0.220069602132, "dvar": 0.0185806155205, "dvar2": 0.0462369173765, "max": 9.80050563812, "mean": 6.69844532013, "median": 6.73422718048, "min": 5.15935277939, "var": 0.166006669402}, "spectral_flux": {"dmean": 0.0124827362597, "dmean2": 0.020984750241, "dvar": 0.000192145977053, "dvar2": 0.000518268265296, "max": 0.236004129052, "mean": 0.0557145997882, "median": 0.049650285393, "min": 1.03750869007e-10, "var": 0.00113990739919}, "spectral_kurtosis": {"dmean": 3.75571393967, "dmean2": 6.50736713409, "dvar": 49.6922416687, "dvar2": 146.222137451, "max": 124.366706848, "mean": 9.19023513794, "median": 4.11931228638, "min": -1.25031101704, "var": 210.854156494}, "spectral_rms": {"dmean": 0.000479349837406, "dmean2": 0.000742083997466, "dvar": 3.04552514763e-07, "dvar2": 8.43943382733e-07, "max": 0.0137749165297, "mean": 0.00477588130161, "median": 0.00478363456205, "min": 3.2406328055e-12, "var": 5.7656889112e-06}, "spectral_rolloff": {"dmean": 345.251861572, "dmean2": 609.792114258, "dvar": 405599.0625, "dvar2": 964710.3125, "max": 19143.0175781, "mean": 1317.06518555, "median": 710.595703125, "min": 21.533203125, "var": 3488949.5}, "spectral_skewness": {"dmean": 0.326189815998, "dmean2": 0.558107554913, "dvar": 0.178180322051, "dvar2": 0.517855405807, "max": 8.77516460419, "mean": 1.96249580383, "median": 1.59529840946, "min": -0.0594710819423, "var": 1.36478948593}, "spectral_spread": {"dmean": 319821.21875, "dmean2": 523892.03125, "dvar": 376790351872, "dvar2": 521173532672, "max": 42679128, "mean": 3807324.75, "median": 3900948.75, "min": 685846.125, "var": 2571486887940.0}, "spectral_strongpeak": {"dmean": 0.412740021944, "dmean2": 0.715520501137, "dvar": 0.545957863331, "dvar2": 1.41176772118, "max": 7.90952444077, "mean": 0.755392730236, "median": 0.428731620312, "min": 0, "var": 0.7764133811}, "zerocrossingrate": {"dmean": 0.00599221047014, "dmean2": 0.00778433168307, "dvar": 8.85473200469e-05, "dvar2": 0.000128150059027, "max": 0.5107421875, "mean": 0.0523961037397, "median": 0.0380859375, "min": 0, "var": 0.00245588505641}, "barkbands": {"dmean": [0.000130845990498, 0.00160491955467, 0.000768775586039, 0.00140145106707, 0.00227419054136, 0.00137704191729, 0.000497396220453, 0.00036685433588, 0.000352219649358, 0.000445409707027, 0.000311112962663, 0.000245237577474, 0.000273358251434, 0.000272120087175, 0.000138520772452, 9.67117230175e-05, 0.000192471285118, 0.000140174102853, 6.73623217153e-05, 7.68427198636e-05, 4.74915323139e-05, 3.92141337215e-05, 2.11987189687e-05, 8.09152697911e-06, 3.2141185784e-06, 6.98894950801e-07, 5.95755480504e-08], "dmean2": [0.000178111571586, 0.00218983157538, 0.00106266303919, 0.0022828085348, 0.0039157778956, 0.00211249943823, 0.000729202991351, 0.000500650494359, 0.000471520557767, 0.000602027052082, 0.000436613510828, 0.000350223970599, 0.000424399564508, 0.000428556581028, 0.0002250141697, 0.000158277340233, 0.000324221793562, 0.000233735219808, 0.000113276131742, 0.00012920172594, 8.08844561107e-05, 6.76172130625e-05, 3.59951882274e-05, 1.33684316097e-05, 5.38520771443e-06, 1.21046309687e-06, 1.06676409928e-07], "dvar": [5.15056512995e-08, 9.33286901272e-06, 4.50942116004e-06, 1.64340290212e-05, 2.7240581403e-05, 8.44764781505e-06, 1.56456485456e-06, 1.04709624793e-06, 8.80276843418e-07, 1.09588881969e-06, 7.1296221904e-07, 6.15517762981e-07, 4.87584486564e-07, 5.72660667331e-07, 1.93832889295e-07, 6.90438639595e-08, 1.93794477354e-07, 6.5000925531e-08, 1.83188095804e-08, 1.33872095631e-08, 7.75823227883e-09, 5.53850210139e-09, 1.82863035825e-09, 2.87897372608e-09, 8.41799407958e-10, 4.41623682068e-11, 3.7741875597e-12], "dvar2": [1.08580380243e-07, 2.17131728277e-05, 1.17684930956e-05, 4.23102283094e-05, 8.75783371157e-05, 2.30081495829e-05, 3.85102930522e-06, 1.86054580809e-06, 1.55311067829e-06, 1.83595898307e-06, 1.30388548314e-06, 1.09643656288e-06, 1.07935716187e-06, 1.36155995278e-06, 4.96112647852e-07, 1.7583121803e-07, 5.38890219559e-07, 1.55364531906e-07, 4.92535789931e-08, 3.68586086097e-08, 2.18146709585e-08, 1.65620832604e-08, 5.16720577437e-09, 7.00580748969e-09, 2.21287832503e-09, 1.26290089497e-10, 1.05736192371e-11], "max": [0.00546199223027, 0.0929836556315, 0.146825835109, 0.076229788363, 0.090030901134, 0.126890480518, 0.0411549732089, 0.0379748977721, 0.0247939527035, 0.0226321276277, 0.0202761813998, 0.0239719823003, 0.0135171767324, 0.0142223862931, 0.0105195268989, 0.00441372906789, 0.00671901460737, 0.00691839959472, 0.00184386025649, 0.00168339337688, 0.00140731688589, 0.00239853793755, 0.00148984207772, 0.00324926455505, 0.00175023067277, 0.000363313622074, 0.000107233201561], "mean": [0.000417426927015, 0.00772663159296, 0.00342786475085, 0.0025814557448, 0.00429151719436, 0.0037199142389, 0.00135744281579, 0.000917500874493, 0.000849097734317, 0.000920326216146, 0.000601168721914, 0.000433757901192, 0.000428798171924, 0.000371936825104, 0.000200395748834, 0.000133476874908, 0.000257909297943, 0.00019261376292, 0.000105727245682, 0.000132299974211, 7.96488238848e-05, 6.99849042576e-05, 4.57669484604e-05, 1.76776538865e-05, 7.05758566255e-06, 1.68335066064e-06, 6.07017085485e-08], "median": [0.000206201060791, 0.00447855796665, 0.00094198808074, 0.000515152409207, 0.0016374217812, 0.00119123386685, 0.000313153490424, 0.000200903741643, 0.000163929769769, 0.000173628519406, 7.12038599886e-05, 7.26675789338e-05, 0.000126310493215, 4.61644303869e-05, 2.1344392735e-05, 1.91930339497e-05, 4.47319325758e-05, 8.48755371408e-05, 2.3108559617e-05, 8.60399086378e-05, 3.34351861966e-05, 4.62638345198e-05, 2.04138123081e-05, 1.04706114143e-05, 2.75940487882e-06, 8.11439406334e-07, 2.12418793666e-08], "min": [1.48560794249e-23, 3.10742281768e-23, 3.34957440105e-23, 5.45822642198e-23, 1.32685129459e-22, 2.72968623955e-23, 1.16651820283e-23, 1.23394853418e-23, 5.91087544048e-23, 1.0036036111e-22, 5.10653866202e-23, 8.94360890766e-23, 9.05730522112e-23, 1.05045917208e-22, 1.69246497388e-22, 1.18138395527e-22, 1.49343953267e-22, 1.54799500718e-22, 3.12749724513e-22, 2.60486768152e-22, 3.47211939884e-22, 4.27569880772e-22, 5.7010000695e-22, 9.92694586169e-22, 1.21786189327e-21, 1.70038183046e-21, 2.79506732168e-21], "var": [3.10921564051e-07, 0.000102001773485, 0.000114515059977, 3.14048338623e-05, 4.85567506985e-05, 4.60733062937e-05, 7.33511933504e-06, 5.34121818418e-06, 3.90518880522e-06, 4.1430021156e-06, 2.43163253799e-06, 1.8826848418e-06, 9.96778453555e-07, 8.95829202818e-07, 3.21560861494e-07, 1.10643235018e-07, 2.69249852636e-07, 1.15644049004e-07, 3.22131974428e-08, 2.47558844535e-08, 1.427065488e-08, 8.91766660516e-09, 4.10567890796e-09, 3.37268568629e-09, 8.33599245187e-10, 3.01699741578e-11, 2.3084834825e-12]}, "erbbands": {"dmean": [0.0562069751322, 0.341327399015, 0.771650791168, 2.48177671432, 6.93457746506, 8.81655216217, 9.17963314056, 11.8207302094, 8.32223987579, 8.92180728912, 5.39749717712, 9.69273281097, 12.7866010666, 9.41868972778, 13.2321662903, 12.3724708557, 13.2650127411, 15.433221817, 6.81205320358, 7.0372262001, 6.84788751602, 6.93486261368, 9.00344657898, 4.63581180573, 2.71308374405, 3.91424059868, 2.26821231842, 1.49803125858, 1.56004977226, 0.680940628052, 0.642641305923, 0.245345130563, 0.088311612606, 0.0495254024863, 0.0137187298387, 0.00526220072061, 0.00091408775188, 0.000132426837808, 1.29799846036e-05, 6.62672437102e-06], "dmean2": [0.0783374607563, 0.457183152437, 1.08587098122, 3.93874621391, 12.1788654327, 14.8240118027, 14.3421144485, 18.2114582062, 11.22448349, 13.4806175232, 7.15822601318, 13.0415802002, 17.4395141602, 13.1294927597, 18.6919441223, 17.7172050476, 20.538898468, 24.1910533905, 11.0043020248, 11.5812702179, 11.3725767136, 11.662525177, 15.0345106125, 7.81377124786, 4.52957010269, 6.58701753616, 3.84486556053, 2.55322790146, 2.68106770515, 1.1630011797, 1.08895289898, 0.402836710215, 0.148609578609, 0.0835771933198, 0.0230355411768, 0.00906048994511, 0.0015956077259, 0.000229802317335, 2.23853367061e-05, 1.04107521111e-05], "dvar": [0.01470055338, 0.398279547691, 3.87370324135, 40.1669578552, 384.236419678, 463.977813721, 397.515045166, 826.630004883, 428.017028809, 674.087280273, 167.654052734, 733.350280762, 981.441223145, 691.325683594, 1424.68701172, 1516.95800781, 1127.06762695, 1653.21337891, 352.354766846, 407.907806396, 237.037322998, 207.567810059, 265.953186035, 83.4375762939, 36.6477241516, 37.1796150208, 16.9357814789, 9.71018886566, 7.5720872879, 4.04137134552, 1.94122111797, 3.31703448296, 0.126344710588, 0.106648817658, 0.0242947060615, 0.00251109106466, 0.000107560263132, 4.87949728267e-06, 1.4551942229e-07, 1.86094514798e-10], "dvar2": [0.0361846499145, 0.884177386761, 10.3220338821, 105.592399597, 1298.26220703, 1344.71057129, 1133.63244629, 2287.64648438, 810.782470703, 1631.0300293, 293.02923584, 1305.67041016, 1636.70703125, 1270.94396973, 2636.99194336, 2731.80957031, 2512.22265625, 3919.58422852, 850.439575195, 1082.79064941, 623.619384766, 573.500366211, 630.866821289, 223.824645996, 99.4365005493, 103.68762207, 48.3140602112, 27.7139568329, 22.7407627106, 11.3518428802, 5.56137609482, 8.08896827698, 0.315588325262, 0.285262614489, 0.0653547942638, 0.00700133806095, 0.000306933099637, 1.41507125591e-05, 4.01101459602e-07, 5.04987829331e-10], "max": [3.55795526505, 17.5003395081, 131.849685669, 127.310249329, 294.638793945, 495.713287354, 443.015136719, 1166.42285156, 1346.95068359, 747.821044922, 381.077301025, 719.37109375, 909.616760254, 779.12902832, 872.483703613, 1035.32629395, 682.536437988, 760.111083984, 432.700164795, 370.657836914, 282.804595947, 254.958267212, 460.919311523, 110.773666382, 112.651947021, 98.6567306519, 64.6759643555, 56.8062324524, 77.6785202026, 79.8760147095, 58.6639938354, 109.806480408, 20.6463108063, 19.8049221039, 9.08811473846, 2.83258509636, 0.563580155373, 0.11737024039, 0.0214345697314, 0.000630411843304], "mean": [0.240262791514, 1.68556571007, 3.76382374763, 6.04579877853, 11.6541872025, 15.1480636597, 21.1114654541, 31.7315578461, 25.7005519867, 21.255147934, 15.6320333481, 23.409116745, 27.8188934326, 20.8211727142, 24.9170742035, 22.5229282379, 21.4863681793, 22.1738739014, 10.681728363, 10.2043008804, 9.74303245544, 9.87832450867, 12.6186389923, 7.3780374527, 4.73280382156, 6.84464931488, 3.96569132805, 2.80682659149, 2.89409518242, 1.34487998486, 1.44251394272, 0.518438577652, 0.215542435646, 0.111221373081, 0.0297306049615, 0.0113412868232, 0.00215605809353, 0.000271073193289, 2.83030349237e-05, 3.3745651308e-05], "median": [0.129915818572, 0.916653454304, 1.49333691597, 1.99313020706, 2.69292426109, 5.34492063522, 8.08701324463, 8.71246623993, 5.76935386658, 4.89818000793, 4.22665596008, 4.84021186829, 5.97078990936, 4.65550851822, 4.5612154007, 5.07739877701, 7.49424648285, 5.52703714371, 2.28858876228, 1.82172238827, 2.56619167328, 3.5200958252, 5.82208490372, 2.57701325417, 1.60815799236, 4.18265867233, 2.10554099083, 1.28743803501, 1.82932817936, 0.731254696846, 0.645793795586, 0.302728921175, 0.124943941832, 0.0450046285987, 0.015475387685, 0.00537606375292, 0.00132105255034, 0.00015957299911, 1.96106084331e-05, 2.72925790341e-05], "min": [1.50876865254e-21, 5.19249866392e-21, 3.49819398563e-20, 1.18174835095e-19, 3.40424940325e-19, 5.26521552996e-19, 7.28796719848e-20, 2.89086751089e-19, 2.68497320914e-19, 1.09384593521e-19, 5.12912415666e-19, 1.13032855518e-18, 1.74975872438e-18, 3.50620644479e-18, 3.25309352004e-18, 3.8874928666e-18, 2.95036051189e-18, 5.19081352899e-18, 7.85897517106e-18, 8.58372683554e-18, 6.88660037276e-18, 7.72982167175e-18, 8.91494897796e-18, 1.18400093436e-17, 1.39673135655e-17, 1.22882717525e-17, 1.18632283034e-17, 1.669281909e-17, 1.44390215816e-17, 1.6374248675e-17, 1.62099160114e-17, 1.8612152735e-17, 1.71971957772e-17, 1.23337617231e-17, 9.10513103567e-18, 5.91996455356e-18, 3.49842846549e-18, 1.220693591e-18, 3.48422510228e-19, 4.48946493661e-20], "var": [0.105908840895, 5.03697538376, 96.2741394043, 124.717155457, 546.005493164, 772.356689453, 1234.20507812, 4071.56030273, 3188.90234375, 2558.16503906, 1164.38354492, 2928.47070312, 3694.04833984, 2288.95727539, 4178.70751953, 4323.70507812, 2332.21362305, 2585.18945312, 634.272583008, 622.943725586, 378.503112793, 292.013763428, 467.752075195, 147.078262329, 73.2656860352, 67.402305603, 31.51653862, 19.7362041473, 13.1098070145, 7.22700977325, 4.16284894943, 3.73386836052, 0.204527884722, 0.118568435311, 0.0218145567924, 0.00182635628153, 6.88905565767e-05, 2.79120240521e-06, 9.32865731329e-08, 9.39084143781e-10]}, "gfcc": {"mean": [-65.2727966309, 117.222579956, -117.020050049, 43.6443519592, -57.172454834, 10.401468277, -24.7873516083, -1.79972839355, -19.054058075, -0.183600530028, -3.3036108017, 1.86909759045, -7.42957925797], "cov": [[13675.6240234, 3064.25439453, -383.556640625, 688.098205566, -515.010803223, -289.958648682, -67.4283599854, 43.8194160461, 60.9214553833, -368.181396484, -387.538482666, -170.949417114, 306.252319336], [3064.25439453, 5601.11181641, 675.696960449, -841.894592285, 620.970703125, -980.314758301, 428.316375732, -154.935546875, 553.130615234, -400.829040527, -182.688293457, -527.971862793, 727.046142578], [-383.556640625, 675.696960449, 891.575561523, 95.2286911011, 109.404945374, 106.479469299, 84.8392868042, 57.7826461792, 84.6948776245, -31.9930763245, -40.1640586853, -60.5132064819, 15.6623497009], [688.098205566, -841.894592285, 95.2286911011, 629.54095459, -25.4635868073, 269.431793213, -33.2219085693, 82.6685256958, -74.0158843994, 60.6968193054, -15.4706077576, 88.602394104, -144.835891724], [-515.010803223, 620.970703125, 109.404945374, -25.4635868073, 389.831878662, -50.2801437378, 79.9631729126, -52.257068634, 107.293540955, -16.5020198822, 48.2556915283, -78.4987792969, 76.1034011841], [-289.958648682, -980.314758301, 106.479469299, 269.431793213, -50.2801437378, 403.418884277, -3.99625897408, 52.3557624817, -111.539360046, 82.2820587158, 29.9531040192, 96.1172409058, -164.801803589], [-67.4283599854, 428.316375732, 84.8392868042, -33.2219085693, 79.9631729126, -3.99625897408, 249.357849121, 65.68359375, 55.9386634827, -12.8958206177, 15.0478572845, -24.3759479523, 81.3763046265], [43.8194160461, -154.935546875, 57.7826461792, 82.6685256958, -52.257068634, 52.3557624817, 65.68359375, 188.054077148, 68.9608764648, 20.4413719177, 1.24300730228, 42.5868110657, -1.97853159904], [60.9214553833, 553.130615234, 84.6948776245, -74.0158843994, 107.293540955, -111.539360046, 55.9386634827, 68.9608764648, 240.847961426, 38.4317207336, 14.3790073395, -33.8054885864, 87.943321228], [-368.181396484, -400.829040527, -31.9930763245, 60.6968193054, -16.5020198822, 82.2820587158, -12.8958206177, 20.4413719177, 38.4317207336, 171.746154785, 96.2816848755, 38.7230911255, -54.0010223389], [-387.538482666, -182.688293457, -40.1640586853, -15.4706077576, 48.2556915283, 29.9531040192, 15.0478572845, 1.24300730228, 14.3790073395, 96.2816848755, 161.534042358, 70.2415161133, -34.3731651306], [-170.949417114, -527.971862793, -60.5132064819, 88.602394104, -78.4987792969, 96.1172409058, -24.3759479523, 42.5868110657, -33.8054885864, 38.7230911255, 70.2415161133, 163.910217285, -16.2425193787], [306.252319336, 727.046142578, 15.6623497009, -144.835891724, 76.1034011841, -164.801803589, 81.3763046265, -1.97853159904, 87.943321228, -54.0010223389, -34.3731651306, -16.2425193787, 234.916488647]], "icov": [[0.000443610508228, -0.00104094436392, 0.00104110501707, -0.00139955955092, 0.00166559149511, -0.00155263347551, 0.00109246221837, -0.000283222732833, -3.88437147194e-05, 0.000541578163393, -0.000842768291477, 0.000394634116674, -0.000255608378211], [-0.00104094436392, 0.00371923809871, -0.00315332179889, 0.00316038285382, -0.00348341604695, 0.00451496476308, -0.00336453132331, 0.00187154940795, -0.00170907611027, 0.00127636047546, -2.90930183837e-05, 0.00193368038163, -0.00145513936877], [0.00104110501707, -0.00315332179889, 0.00429083080962, -0.00346773699857, 0.00383930956014, -0.0052496958524, 0.00301335542463, -0.00135979242623, -4.20267570007e-05, 0.000946200627368, -0.0015687168343, 0.000549593358301, 3.77114411094e-05], [-0.00139955955092, 0.00316038285382, -0.00346773699857, 0.0073619261384, -0.00683244410902, 0.004625860136, -0.0034186784178, -0.000413370638853, 0.00141174346209, -0.00395898893476, 0.00612473348156, -0.00406289938837, 0.0026296749711], [0.00166559149511, -0.00348341604695, 0.00383930956014, -0.00683244410902, 0.0126139651984, -0.00809580087662, 0.00380220799707, 0.00206535635516, -0.00451109139249, 0.00754541018978, -0.0107762031257, 0.00790057983249, -0.00453182728961], [-0.00155263347551, 0.00451496476308, -0.0052496958524, 0.004625860136, -0.00809580087662, 0.0138141298667, -0.00632718903944, 0.000571102078538, 0.00277635734528, -0.00548859266564, 0.00721217691898, -0.00539265107363, 0.00414449907839], [0.00109246221837, -0.00336453132331, 0.00301335542463, -0.0034186784178, 0.00380220799707, -0.00632718903944, 0.0097478851676, -0.00429232046008, 0.00117133022286, 0.00160909455735, -0.00453789811581, 0.00287345587276, -0.00293722818606], [-0.000283222732833, 0.00187154940795, -0.00135979242623, -0.000413370638853, 0.00206535635516, 0.000571102078538, -0.00429232046008, 0.0113420980051, -0.00681139156222, 0.00381686724722, -0.00158230680972, 0.000793734448962, -0.00102262792643], [-3.88437147194e-05, -0.00170907611027, -4.20267570007e-05, 0.00141174346209, -0.00451109139249, 0.00277635734528, 0.00117133022286, -0.00681139156222, 0.012941930443, -0.0100032351911, 0.00674825208262, -0.00577031448483, 0.00260330201127], [0.000541578163393, 0.00127636047546, 0.000946200627368, -0.00395898893476, 0.00754541018978, -0.00548859266564, 0.00160909455735, 0.00381686724722, -0.0100032351911, 0.0217991005629, -0.018097134307, 0.0130970757455, -0.00696691218764], [-0.000842768291477, -2.90930183837e-05, -0.0015687168343, 0.00612473348156, -0.0107762031257, 0.00721217691898, -0.00453789811581, -0.00158230680972, 0.00674825208262, -0.018097134307, 0.0277552399784, -0.0196339301765, 0.0111960573122], [0.000394634116674, 0.00193368038163, 0.000549593358301, -0.00406289938837, 0.00790057983249, -0.00539265107363, 0.00287345587276, 0.000793734448962, -0.00577031448483, 0.0130970757455, -0.0196339301765, 0.0252149961889, -0.0123305255547], [-0.000255608378211, -0.00145513936877, 3.77114411094e-05, 0.0026296749711, -0.00453182728961, 0.00414449907839, -0.00293722818606, -0.00102262792643, 0.00260330201127, -0.00696691218764, 0.0111960573122, -0.0123305255547, 0.0143064558506]]}, "melbands": {"dmean": [0.000452263571788, 0.000390763743781, 0.000579556915909, 0.000537592743058, 0.000316939520417, 0.000261122913798, 0.000120222583064, 9.68971144175e-05, 4.36532282038e-05, 6.0918937379e-05, 6.40191865386e-05, 3.92745278077e-05, 4.06132421631e-05, 3.44457839674e-05, 2.62911416939e-05, 2.72493289231e-05, 3.16887053486e-05, 1.03882184703e-05, 9.57293286774e-06, 9.63053389569e-06, 9.06961122382e-06, 7.34551713322e-06, 1.06280986074e-05, 6.14302780377e-06, 3.74563751393e-06, 2.06397021429e-06, 2.03221543416e-06, 2.85870646621e-06, 1.62223909683e-06, 1.13505006993e-06, 9.58027726483e-07, 1.11889187338e-06, 5.09125811732e-07, 3.82828403644e-07, 4.77086018691e-07, 1.79569212833e-07, 1.5754115168e-07, 6.90785526558e-08, 6.59342447307e-08, 3.67809747104e-08], "dmean2": [0.00061961839674, 0.000545363815036, 0.000958303455263, 0.000935817020945, 0.000503635732457, 0.000398125121137, 0.000164074401255, 0.0001431756682, 5.70248812437e-05, 8.18981134216e-05, 8.71627489687e-05, 5.4604941397e-05, 5.74450823478e-05, 4.88255682285e-05, 4.00503049605e-05, 4.23543060606e-05, 4.99431880598e-05, 1.68815331563e-05, 1.54848748934e-05, 1.58719903993e-05, 1.5123088815e-05, 1.23330637507e-05, 1.79024809768e-05, 1.02359999801e-05, 6.32119326838e-06, 3.44564296029e-06, 3.4675194911e-06, 4.7916105359e-06, 2.7571593364e-06, 1.92963511836e-06, 1.63229890404e-06, 1.93358141587e-06, 8.70721578394e-07, 6.52507651466e-07, 8.08349398085e-07, 3.04682941987e-07, 2.58925496155e-07, 1.18386793702e-07, 1.09553134564e-07, 6.34815933154e-08], "dvar": [8.47559647355e-07, 7.12498774647e-07, 2.45367095886e-06, 1.82742041943e-06, 4.28365353855e-07, 3.6082010979e-07, 8.99080205841e-08, 8.08418221254e-08, 1.07669020366e-08, 2.73111400162e-08, 2.50330352003e-08, 1.32679325304e-08, 1.26964430081e-08, 9.45636458027e-09, 4.49612036491e-09, 4.25317780994e-09, 8.34400548655e-09, 9.04808006297e-10, 1.28305299718e-09, 6.97810087491e-10, 5.44959910531e-10, 2.7196206398e-10, 5.44688294468e-10, 1.62218599664e-10, 7.27635660058e-11, 3.15142738294e-11, 1.76589680378e-11, 1.94610317444e-11, 1.00025404626e-11, 7.57226920056e-12, 5.66564807222e-12, 3.9409248434e-12, 2.56158202289e-12, 1.43935286866e-12, 8.66188305977e-13, 1.23350277475e-12, 9.76162076519e-13, 3.1033193322e-14, 1.39854504388e-13, 6.15992716904e-14], "dvar2": [2.00180579668e-06, 1.84034752237e-06, 6.94396112522e-06, 5.79558900426e-06, 1.23254449136e-06, 9.66932361735e-07, 1.74156340904e-07, 1.81272994837e-07, 1.81095494156e-08, 4.83550266495e-08, 4.150856725e-08, 2.40886350866e-08, 2.33388401938e-08, 1.7313748657e-08, 9.42360944833e-09, 9.46977873895e-09, 1.99393141997e-08, 2.12425166346e-09, 3.36701999615e-09, 1.81004178312e-09, 1.46329182105e-09, 7.58416940361e-10, 1.44984102501e-09, 4.10732253764e-10, 1.95175237083e-10, 8.53030493464e-11, 4.86631498986e-11, 5.33510978451e-11, 2.91212401415e-11, 2.10316122157e-11, 1.605345544e-11, 1.19100788259e-11, 7.34635963173e-12, 3.99002445667e-12, 2.42504670858e-12, 3.3653860948e-12, 2.28959646381e-12, 8.2487239695e-14, 3.48816326301e-13, 1.71859840812e-13], "max": [0.029315199703, 0.0491479299963, 0.0279172547162, 0.0222389735281, 0.012549453415, 0.0277258921415, 0.0184113457799, 0.0090408064425, 0.00324542354792, 0.00409979000688, 0.00447754701599, 0.00344421993941, 0.00253172335215, 0.00283037219197, 0.00124218454584, 0.00156318827067, 0.00174356601201, 0.000751907355152, 0.00101652147714, 0.000421616103267, 0.000421206292231, 0.000275975122349, 0.00042933493387, 0.000295946752885, 0.000107225263491, 0.000122799741803, 6.97537616361e-05, 6.43197708996e-05, 5.56424347451e-05, 5.94561170146e-05, 5.22662267031e-05, 5.08586053911e-05, 4.57556161564e-05, 3.74184783141e-05, 3.19216233038e-05, 5.756110113e-05, 6.03904227319e-05, 7.33477963877e-06, 2.24941686611e-05, 1.44148707477e-05], "mean": [0.00219654524699, 0.00208405614831, 0.00130439735949, 0.000951772206463, 0.000736323127057, 0.000718097784556, 0.000370363210095, 0.000228706441703, 0.000122729688883, 0.000143352750456, 0.000136332746479, 8.3720398834e-05, 7.80732298153e-05, 6.29626156297e-05, 4.51951236755e-05, 4.30982399848e-05, 4.29254287155e-05, 1.57720314746e-05, 1.38183695526e-05, 1.31393753691e-05, 1.22565106722e-05, 9.9235894595e-06, 1.43137622217e-05, 8.65269976202e-06, 5.71652390136e-06, 3.35882623403e-06, 3.36894004249e-06, 4.8138758757e-06, 2.68835378847e-06, 1.81384029929e-06, 1.69039708453e-06, 1.97839176508e-06, 8.72226962656e-07, 6.91990692303e-07, 1.05308288312e-06, 3.49628948015e-07, 3.01521623669e-07, 1.50689430711e-07, 1.35425835879e-07, 7.65098135957e-08], "median": [0.00123052310664, 0.00106182857417, 0.000401643686928, 0.000286056369077, 0.00030493675149, 0.000208739133086, 8.24871021905e-05, 4.85871314595e-05, 3.27118505083e-05, 2.77919425571e-05, 2.65773232968e-05, 1.45214726217e-05, 1.00021134131e-05, 1.00796969491e-05, 9.86588383967e-06, 1.3500996829e-05, 5.9845128817e-06, 2.8451433991e-06, 1.40288534567e-06, 1.46480613239e-06, 1.80835570518e-06, 2.16411694964e-06, 3.45405351254e-06, 3.63029425898e-06, 8.66376069553e-07, 1.78358078529e-07, 1.02762601273e-06, 2.71777184935e-06, 1.23589461509e-06, 3.07593666093e-07, 5.19928562426e-07, 9.99699182103e-07, 1.74355818672e-07, 2.47275011134e-07, 3.65240680367e-07, 7.4291321539e-08, 1.17360386298e-07, 8.18571095351e-08, 4.88484772632e-08, 2.92728721263e-08], "min": [1.10136176305e-23, 1.35126982127e-23, 2.43979184757e-23, 3.76490083241e-23, 4.89180930367e-24, 6.39548074094e-24, 3.81241092706e-24, 1.03836222675e-24, 4.87020831993e-24, 7.98777833433e-24, 9.22931681482e-24, 1.48759224321e-23, 9.60308226715e-24, 9.91896978374e-24, 9.96501007275e-24, 6.48289441785e-24, 9.50058399202e-24, 1.24341312955e-23, 1.32197736482e-23, 1.02244198817e-23, 7.65037305883e-24, 8.63220354097e-24, 6.83121200624e-24, 8.61058638558e-24, 8.68568752148e-24, 1.49840926171e-23, 6.19181066028e-24, 8.70027908164e-24, 7.68834961167e-24, 7.5005044752e-24, 9.97119474225e-24, 7.92894114371e-24, 8.66415477421e-24, 9.02614016665e-24, 8.36532321926e-24, 1.15364138962e-23, 1.18666610478e-23, 1.28076600895e-23, 1.09259475738e-23, 1.01320505806e-23], "var": [8.51446384331e-06, 1.47258269863e-05, 5.68494351683e-06, 2.96763687402e-06, 1.29479553834e-06, 2.01403145184e-06, 6.42480472379e-07, 3.27780725229e-07, 7.48386881355e-08, 1.10969544664e-07, 9.42352329503e-08, 4.31151185865e-08, 4.22271710931e-08, 3.02378921901e-08, 1.14279918861e-08, 8.75809469392e-09, 1.23104220151e-08, 1.65093694271e-09, 2.12892836693e-09, 1.03577624255e-09, 8.24916357445e-10, 3.87755633158e-10, 7.91959109403e-10, 2.71538902474e-10, 1.28311347658e-10, 6.28978119588e-11, 3.40672073884e-11, 3.59196214439e-11, 1.85366826055e-11, 1.38325878529e-11, 1.17463400118e-11, 6.47406867699e-12, 5.05936655418e-12, 2.81074035574e-12, 2.27683605476e-12, 1.61287834217e-12, 1.18345003935e-12, 6.6868887272e-14, 1.73584914888e-13, 6.30545420564e-14]}, "mfcc": {"mean": [-715.163635254, 141.478515625, 15.0613040924, 26.7696266174, -2.98793816566, 14.299656868, 2.18227267265, 4.26499462128, -4.58480739594, -3.49725914001, 1.27845537663, 8.38017749786, -3.38620471954], "cov": [[9824.30078125, 2808.08740234, -601.688049316, 868.194885254, -410.784393311, -207.551773071, -404.992248535, 13.7885961533, 147.9347229, 195.402038574, -467.273223877, -532.38885498, 87.9775695801], [2808.08740234, 4877.41162109, -276.060241699, 562.135009766, -32.4186248779, -401.844482422, -177.103851318, -156.204605103, 359.954742432, 332.188110352, -441.076629639, -614.781982422, 303.028778076], [-601.688049316, -276.060241699, 1013.81842041, -45.3317184448, 124.340179443, 203.068099976, 100.955566406, 157.2449646, 55.0424957275, 2.01483273506, 85.1432342529, 129.815383911, 13.7758369446], [868.194885254, 562.135009766, -45.3317184448, 398.745513916, 4.71047496796, -2.67383384705, -26.5671901703, 14.6622543335, 90.4487762451, 100.684280396, -56.8403739929, -92.7250442505, 69.5215148926], [-410.784393311, -32.4186248779, 124.340179443, 4.71047496796, 283.576171875, 108.362632751, -15.6110591888, -12.6247472763, -39.3300476074, -10.5405044556, 52.7562866211, 55.6268806458, -21.4241466522], [-207.551773071, -401.844482422, 203.068099976, -2.67383384705, 108.362632751, 261.488891602, 88.996711731, 31.878786087, -27.3936462402, -28.581287384, 65.7964477539, 86.3499069214, -24.6952495575], [-404.992248535, -177.103851318, 100.955566406, -26.5671901703, -15.6110591888, 88.996711731, 205.535797119, 55.2813796997, -13.7202510834, -35.8370895386, 29.6081161499, 77.5946350098, -21.2203483582], [13.7885961533, -156.204605103, 157.2449646, 14.6622543335, -12.6247472763, 31.878786087, 55.2813796997, 184.327392578, 58.7234306335, -6.58082771301, -1.21023654938, 31.1275615692, 46.0660667419], [147.9347229, 359.954742432, 55.0424957275, 90.4487762451, -39.3300476074, -27.3936462402, -13.7202510834, 58.7234306335, 178.892181396, 95.2286987305, -67.7744369507, -83.2248535156, 75.9431838989], [195.402038574, 332.188110352, 2.01483273506, 100.684280396, -10.5405044556, -28.581287384, -35.8370895386, -6.58082771301, 95.2286987305, 186.97946167, 14.5181903839, -88.8803329468, 25.1601028442], [-467.273223877, -441.076629639, 85.1432342529, -56.8403739929, 52.7562866211, 65.7964477539, 29.6081161499, -1.21023654938, -67.7744369507, 14.5181903839, 245.628814697, 152.683929443, -95.5269470215], [-532.38885498, -614.781982422, 129.815383911, -92.7250442505, 55.6268806458, 86.3499069214, 77.5946350098, 31.1275615692, -83.2248535156, -88.8803329468, 152.683929443, 328.416259766, 8.70691490173], [87.9775695801, 303.028778076, 13.7758369446, 69.5215148926, -21.4241466522, -24.6952495575, -21.2203483582, 46.0660667419, 75.9431838989, 25.1601028442, -95.5269470215, 8.70691490173, 302.523895264]], "icov": [[0.00021265639225, -0.000141798722325, 7.07882791176e-05, -0.000325440021697, 0.000505249074195, -0.00043761744746, 0.000628298090305, -0.000439729657955, 0.000487752782647, -0.000138877148856, 0.00035582439159, -0.000204432100873, 0.000270194374025], [-0.000141798722325, 0.000512084749062, -0.000127714694827, -0.000130202359287, -0.000681272824295, 0.000924833351746, -0.000771464372519, 0.0008297895547, -0.000714763416909, 3.82744610761e-06, -7.79970068834e-05, 0.000586449576076, -0.000451582542155], [7.07882791176e-05, -0.000127714694827, 0.00145918899216, 0.000241111614741, -0.00015549910313, -0.00103752105497, 0.000209533245652, -0.00114772538655, -0.000340684724506, -0.00020928872982, -1.3063685401e-05, -0.000416562834289, 0.000190038525034], [-0.000325440021697, -0.000130202359287, 0.000241111614741, 0.00401557469741, -0.000776130123995, -0.000361395010259, -0.000610352493823, -3.86955762224e-05, -0.000988864572719, -0.00111201731488, -0.000230321020354, 0.000212113402085, -0.000568214920349], [0.000505249074195, -0.000681272824295, -0.00015549910313, -0.000776130123995, 0.00625923415646, -0.00356237473898, 0.00326846330427, -0.00115236628335, 0.00236816238612, -0.000501689035445, 0.000679722463246, -0.00127804081421, 0.000976778566837], [-0.00043761744746, 0.000924833351746, -0.00103752105497, -0.000361395010259, -0.00356237473898, 0.00819516647607, -0.00420172465965, 0.00189166783821, -0.00150506326463, 0.000851240707561, -0.00133181037381, 0.00108612212352, -0.000979673466645], [0.000628298090305, -0.000771464372519, 0.000209533245652, -0.000610352493823, 0.00326846330427, -0.00420172465965, 0.00915275793523, -0.00336074270308, 0.00209548976272, -0.000371727073798, 0.00171703135129, -0.00239127292298, 0.00187888008077], [-0.000439729657955, 0.0008297895547, -0.00114772538655, -3.86955762224e-05, -0.00115236628335, 0.00189166783821, -0.00336074270308, 0.00965002272278, -0.00491361832246, 0.00227290391922, -0.00155712862033, 0.00100074114744, -0.00175054767169], [0.000487752782647, -0.000714763416909, -0.000340684724506, -0.000988864572719, 0.00236816238612, -0.00150506326463, 0.00209548976272, -0.00491361832246, 0.0136309312657, -0.00610307138413, 0.00367510947399, -0.000633233983535, 2.13942803384e-05], [-0.000138877148856, 3.82744610761e-06, -0.00020928872982, -0.00111201731488, -0.000501689035445, 0.000851240707561, -0.000371727073798, 0.00227290391922, -0.00610307138413, 0.0115743959323, -0.005557524506, 0.00348898139782, -0.00132242788095], [0.00035582439159, -7.79970068834e-05, -1.3063685401e-05, -0.000230321020354, 0.000679722463246, -0.00133181037381, 0.00171703135129, -0.00155712862033, 0.00367510947399, -0.005557524506, 0.0103648118675, -0.00513064162806, 0.00328530138358], [-0.000204432100873, 0.000586449576076, -0.000416562834289, 0.000212113402085, -0.00127804081421, 0.00108612212352, -0.00239127292298, 0.00100074114744, -0.000633233983535, 0.00348898139782, -0.00513064162806, 0.00768157001585, -0.00285209529102], [0.000270194374025, -0.000451582542155, 0.000190038525034, -0.000568214920349, 0.000976778566837, -0.000979673466645, 0.00187888008077, -0.00175054767169, 2.13942803384e-05, -0.00132242788095, 0.00328530138358, -0.00285209529102, 0.00541285099462]]}, "spectral_contrast_coeffs": {"dmean": [0.0389975234866, 0.0371826216578, 0.0347328707576, 0.0365473516285, 0.0270743221045, 0.016839902848], "dmean2": [0.0648808553815, 0.0599002912641, 0.0540571771562, 0.0586932040751, 0.0440853796899, 0.028068529442], "dvar": [0.00112554000225, 0.000988490413874, 0.000824205984827, 0.000887730275281, 0.000476596294902, 0.000223984519835], "dvar2": [0.00330954277888, 0.0025739162229, 0.00192234816495, 0.00230453442782, 0.0012441346189, 0.000572636083234], "max": [-0.284720510244, -0.39026299119, -0.511930525303, -0.465361684561, -0.522512018681, -0.589491665363], "mean": [-0.663875877857, -0.726771593094, -0.741901099682, -0.70954567194, -0.668271481991, -0.702555477619], "median": [-0.676902890205, -0.733769416809, -0.74098443985, -0.706601560116, -0.652790904045, -0.690252542496], "min": [-0.957816421986, -0.959869921207, -0.962324023247, -0.959730327129, -0.962403774261, -0.957696318626], "var": [0.0109034059569, 0.00852452684194, 0.00657013757154, 0.00472450722009, 0.00491475034505, 0.0028161527589]}, "spectral_contrast_valleys": {"dmean": [0.271764397621, 0.27950334549, 0.264434874058, 0.236605882645, 0.194573432207, 0.131000846624], "dmean2": [0.443180412054, 0.449853003025, 0.427721500397, 0.384855568409, 0.313024312258, 0.210086017847], "dvar": [0.110360920429, 0.109012804925, 0.0964611768723, 0.089475877583, 0.0924819037318, 0.0657772570848], "dvar2": [0.220559954643, 0.190602645278, 0.162345543504, 0.148275673389, 0.14423322