{"lowlevel": {"average_loudness": 0.906407535076, "barkbands_crest": {"dmean": 1.99628376961, "dmean2": 3.01058506966, "dvar": 4.35556459427, "dvar2": 10.2979412079, "max": 25.0114593506, "mean": 12.9508237839, "median": 12.4664497375, "min": 3.98703503609, "var": 13.0618667603}, "barkbands_flatness_db": {"dmean": 0.0255571529269, "dmean2": 0.0363419018686, "dvar": 0.000717041664757, "dvar2": 0.00136814068537, "max": 0.529488265514, "mean": 0.318986028433, "median": 0.316630005836, "min": 0.0756651908159, "var": 0.00348794343881}, "barkbands_kurtosis": {"dmean": 3.71733546257, "dmean2": 5.60981035233, "dvar": 32.9161071777, "dvar2": 76.2080917358, "max": 97.6289978027, "mean": 10.088101387, "median": 7.7006855011, "min": -1.72642934322, "var": 90.4277877808}, "barkbands_skewness": {"dmean": 0.46539118886, "dmean2": 0.683870017529, "dvar": 0.287222206593, "dvar2": 0.648893117905, "max": 7.17899990082, "mean": 2.13799953461, "median": 2.0621778965, "min": -2.19754862785, "var": 1.00680649281}, "barkbands_spread": {"dmean": 1.10513079166, "dmean2": 1.53008747101, "dvar": 2.64170217514, "dvar2": 4.95939207077, "max": 57.9191398621, "mean": 4.60864496231, "median": 3.66782808304, "min": 0.43316411972, "var": 13.7955150604}, "dissonance": {"dmean": 0.0381964147091, "dmean2": 0.0629657655954, "dvar": 0.001222535735, "dvar2": 0.00326945632696, "max": 0.499984443188, "mean": 0.363626033068, "median": 0.367326676846, "min": 0.149981021881, "var": 0.00367681239732}, "dynamic_complexity": 4.73427009583, "erbbands_crest": {"dmean": 2.69630384445, "dmean2": 4.12425756454, "dvar": 8.18392086029, "dvar2": 18.9236068726, "max": 31.6992206573, "mean": 15.5563993454, "median": 14.6993350983, "min": 3.49230003357, "var": 29.437204361}, "erbbands_flatness_db": {"dmean": 0.0208161734045, "dmean2": 0.0297064911574, "dvar": 0.000557122053578, "dvar2": 0.00106376991607, "max": 0.509027183056, "mean": 0.343914866447, "median": 0.344667434692, "min": 0.0687401741743, "var": 0.00257434672676}, "erbbands_kurtosis": {"dmean": 2.32674145699, "dmean2": 3.44162321091, "dvar": 14.6325874329, "dvar2": 33.5213928223, "max": 122.281188965, "mean": 6.07404994965, "median": 3.85441923141, "min": -1.82478821278, "var": 117.95980072}, "erbbands_skewness": {"dmean": 0.38863492012, "dmean2": 0.570565283298, "dvar": 0.214045330882, "dvar2": 0.488607257605, "max": 8.91512489319, "mean": 1.6669254303, "median": 1.55076420307, "min": -2.63867592812, "var": 0.960093438625}, "erbbands_spread": {"dmean": 2.64278936386, "dmean2": 3.64913606644, "dvar": 10.8603525162, "dvar2": 20.9497852325, "max": 85.2431640625, "mean": 12.0294437408, "median": 10.1383905411, "min": 0.93986415863, "var": 56.8768997192}, "hfc": {"dmean": 4.08218765259, "dmean2": 5.5304517746, "dvar": 59.8983306885, "dvar2": 120.915557861, "max": 104.296646118, "mean": 9.46190261841, "median": 5.96150398254, "min": 1.09256582875e-16, "var": 126.883888245}, "melbands_crest": {"dmean": 2.51513695717, "dmean2": 3.8980307579, "dvar": 6.36267518997, "dvar2": 15.9837522507, "max": 31.4064216614, "mean": 16.1458244324, "median": 15.6823358536, "min": 1.99096536636, "var": 20.9773159027}, "melbands_flatness_db": {"dmean": 0.0257664006203, "dmean2": 0.0365947000682, "dvar": 0.000824282004032, "dvar2": 0.00161375373136, "max": 0.599815130234, "mean": 0.37381118536, "median": 0.369744032621, "min": 0.00675483606756, "var": 0.00454593496397}, "melbands_kurtosis": {"dmean": 4.39064359665, "dmean2": 6.74375009537, "dvar": 55.4470710754, "dvar2": 125.227645874, "max": 118.258827209, "mean": 11.1578006744, "median": 8.56541538239, "min": -1.27689898014, "var": 107.545654297}, "melbands_skewness": {"dmean": 0.497901499271, "dmean2": 0.72729498148, "dvar": 0.344590216875, "dvar2": 0.76753205061, "max": 7.78144788742, "mean": 1.97343766689, "median": 1.90481293201, "min": -1.59445416927, "var": 1.25444865227}, "melbands_spread": {"dmean": 1.49338471889, "dmean2": 2.11270356178, "dvar": 8.01545238495, "dvar2": 12.54966259, "max": 127.658073425, "mean": 6.24130773544, "median": 5.23235177994, "min": 0.531118631363, "var": 22.2129325867}, "pitch_salience": {"dmean": 0.0631416589022, "dmean2": 0.0996902137995, "dvar": 0.00500468537211, "dvar2": 0.0122725386173, "max": 0.821529448032, "mean": 0.497813969851, "median": 0.499088466167, "min": 0.0809169635177, "var": 0.0126672908664}, "silence_rate_20dB": {"dmean": 0, "dmean2": 0, "dvar": 0, "dvar2": 0, "max": 1, "mean": 1, "median": 1, "min": 1, "var": 0}, "silence_rate_30dB": {"dmean": 0.00709994556382, "dmean2": 0.0142037691548, "dvar": 0.00704930443317, "dvar2": 0.0183720868081, "max": 1, "mean": 0.995086014271, "median": 1, "min": 0, "var": 0.00489000556991}, "silence_rate_60dB": {"dmean": 0.0540688149631, "dmean2": 0.108167164028, "dvar": 0.0511473678052, "dvar2": 0.110667347908, "max": 1, "mean": 0.174720168114, "median": 0, "min": 0, "var": 0.144192025065}, "spectral_centroid": {"dmean": 63.7658309937, "dmean2": 87.4457015991, "dvar": 36809.4023438, "dvar2": 45246.296875, "max": 11412.0361328, "mean": 594.58404541, "median": 541.040771484, "min": 316.107299805, "var": 73278.578125}, "spectral_complexity": {"dmean": 1.2910977602, "dmean2": 2.06883358955, "dvar": 2.47948527336, "dvar2": 5.30365610123, "max": 23, "mean": 7.72345066071, "median": 8, "min": 0, "var": 13.0387487411}, "spectral_decrease": {"dmean": 1.96966021271e-09, "dmean2": 2.70589106677e-09, "dvar": 1.30273022087e-17, "dvar2": 2.69403394911e-17, "max": -4.71336205667e-29, "mean": -4.48939685427e-09, "median": -2.91688628806e-09, "min": -4.07543971903e-08, "var": 2.60198165095e-17}, "spectral_energy": {"dmean": 0.0077999625355, "dmean2": 0.0107066389173, "dvar": 0.000204661191674, "dvar2": 0.000422714278102, "max": 0.163226902485, "mean": 0.0178021769971, "median": 0.011521932669, "min": 1.00877914953e-20, "var": 0.000409934553318}, "spectral_energyband_high": {"dmean": 1.17537829283e-05, "dmean2": 1.58946932061e-05, "dvar": 4.4195851423e-09, "dvar2": 8.11122546907e-09, "max": 0.00297514465638, "mean": 2.31378944591e-05, "median": 4.2547430894e-06, "min": 7.73533183847e-21, "var": 1.24191554818e-08}, "spectral_energyband_low": {"dmean": 3.12906922773e-06, "dmean2": 5.78142226004e-06, "dvar": 6.10737155293e-11, "dvar2": 1.72080044658e-10, "max": 0.00012362319103, "mean": 5.57028215553e-06, "median": 1.81223708751e-06, "min": 4.46725903729e-23, "var": 1.00345939891e-10}, "spectral_energyband_middle_high": {"dmean": 0.00085951393703, "dmean2": 0.00129731243942, "dvar": 3.5474949982e-06, "dvar2": 8.27576695883e-06, "max": 0.0223662853241, "mean": 0.0015183519572, "median": 0.000774414103944, "min": 1.37683314289e-21, "var": 5.03814453623e-06}, "spectral_energyband_middle_low": {"dmean": 0.00733974669129, "dmean2": 0.0100763458759, "dvar": 0.000181398383575, "dvar2": 0.000374411349185, "max": 0.151992410421, "mean": 0.0165367107838, "median": 0.0106596816331, "min": 2.92005333278e-22, "var": 0.000361684069503}, "spectral_entropy": {"dmean": 0.247325748205, "dmean2": 0.366096526384, "dvar": 0.0728176757693, "dvar2": 0.15488474071, "max": 9.78772544861, "mean": 5.80215883255, "median": 5.81226301193, "min": 4.09766864777, "var": 0.287470966578}, "spectral_flux": {"dmean": 0.0272522773594, "dmean2": 0.0446542315185, "dvar": 0.00161944574211, "dvar2": 0.00397224724293, "max": 0.348551720381, "mean": 0.0460395812988, "median": 0.0289976485074, "min": 1.00437998196e-10, "var": 0.0022574623581}, "spectral_kurtosis": {"dmean": 14.2818145752, "dmean2": 24.4891223907, "dvar": 171.219070435, "dvar2": 445.271209717, "max": 225.459365845, "mean": 31.9800834656, "median": 25.4520053864, "min": -1.20560240746, "var": 676.100097656}, "spectral_rms": {"dmean": 0.000796867825557, "dmean2": 0.00105766777415, "dvar": 1.34405274821e-06, "dvar2": 2.62076719082e-06, "max": 0.0126192616299, "mean": 0.00360815296881, "median": 0.00335274660029, "min": 3.13715611648e-12, "var": 4.34917774328e-06}, "spectral_rolloff": {"dmean": 93.0767288208, "dmean2": 158.143218994, "dvar": 116072.914062, "dvar2": 153729.015625, "max": 18238.6230469, "mean": 680.655334473, "median": 602.9296875, "min": 301.46484375, "var": 186848.75}, "spectral_skewness": {"dmean": 0.968791842461, "dmean2": 1.65991711617, "dvar": 0.642561614513, "dvar2": 1.73495972157, "max": 12.8124370575, "mean": 3.81829380989, "median": 3.48695707321, "min": -0.0207731463015, "var": 2.54762864113}, "spectral_spread": {"dmean": 363829.34375, "dmean2": 598702.25, "dvar": 510767792128, "dvar2": 686649180160, "max": 40839976, "mean": 1872467.125, "median": 1720859.875, "min": 385184.125, "var": 1273013862400.0}, "spectral_strongpeak": {"dmean": 0.456524133682, "dmean2": 0.680446386337, "dvar": 0.499781250954, "dvar2": 1.08251678944, "max": 8.25775337219, "mean": 1.37404489517, "median": 1.15828680992, "min": 2.02616723399e-09, "var": 1.16605603695}, "zerocrossingrate": {"dmean": 0.00307929189876, "dmean2": 0.00359202153049, "dvar": 6.49703069939e-05, "dvar2": 5.39592365385e-05, "max": 0.513671875, "mean": 0.0282792560756, "median": 0.02587890625, "min": 0.01318359375, "var": 0.000228791584959}, "barkbands": {"dmean": [1.32977433509e-07, 4.63732902745e-07, 1.33184687456e-06, 1.31978822537e-05, 0.000732484448235, 0.00269916467369, 0.00205168058164, 0.00149549171329, 0.00137223338243, 0.000621849147137, 0.00019137331401, 0.00014966224262, 2.80820913758e-05, 2.68283711193e-05, 2.18464028876e-05, 0.000118807394756, 8.76380727277e-06, 1.7008091163e-05, 5.5091941249e-06, 4.98986310049e-06, 7.46435898691e-06, 1.698953497e-06, 7.64403580433e-07, 1.95225410948e-07, 1.09433429429e-07, 7.24459141566e-08, 2.05964916233e-08], "dmean2": [2.22261448357e-07, 8.16083229438e-07, 2.4349690193e-06, 1.89435068023e-05, 0.00100851128809, 0.0038106222637, 0.00316487089731, 0.00214852765203, 0.00178425642662, 0.00101255101617, 0.000281442451524, 0.000246622308623, 3.71674468624e-05, 4.19620664616e-05, 3.30155598931e-05, 0.000142226708704, 1.16239179988e-05, 2.11332317122e-05, 8.5022784333e-06, 7.41000121707e-06, 9.6755411505e-06, 2.55820191342e-06, 1.17213676276e-06, 2.87570230739e-07, 1.70428378965e-07, 1.10309464674e-07, 3.14774766252e-08], "dvar": [2.05904195603e-13, 2.51819485403e-12, 1.61579430391e-11, 9.77739222918e-10, 1.66822701431e-06, 3.34121468768e-05, 2.35406860156e-05, 1.3395413589e-05, 2.99321072816e-05, 3.2603118143e-06, 3.26141929463e-07, 3.40063110116e-07, 7.22086124227e-09, 5.08014341705e-09, 3.70375596859e-09, 1.32954610876e-07, 5.14836118182e-10, 1.74056402624e-09, 3.1833519154e-10, 2.67662864095e-10, 3.5708167534e-09, 3.3989012993e-11, 1.25704455525e-11, 4.38686522004e-13, 2.43906782792e-13, 1.41536928662e-13, 6.92330849768e-15], "dvar2": [5.82219548181e-13, 7.1442344228e-12, 4.3600942301e-11, 1.61558066925e-09, 3.1512570331e-06, 7.18320079613e-05, 5.3508196288e-05, 3.15188990498e-05, 5.51064695173e-05, 8.26689029054e-06, 7.38018627544e-07, 8.68223764883e-07, 1.03361994519e-08, 1.32776163397e-08, 9.07616648504e-09, 1.96844368361e-07, 9.09483321987e-10, 2.74034328562e-09, 7.87095999488e-10, 6.30393237611e-10, 6.15892314926e-09, 8.28536614317e-11, 3.29393665122e-11, 8.661047682e-13, 5.6242651595e-13, 3.05642555536e-13, 1.48177673744e-14], "max": [1.2293439795e-05, 5.60333792237e-05, 7.92577702668e-05, 0.000675414805301, 0.0235018655658, 0.0825443416834, 0.0765552222729, 0.0530536025763, 0.0955223813653, 0.0260538607836, 0.00831050612032, 0.00988343823701, 0.00329806585796, 0.00177301361691, 0.00155344465747, 0.0117787308991, 0.000686912448145, 0.00113943545148, 0.000533487356734, 0.0004929882125, 0.00270719337277, 0.000150058767758, 0.000118184194434, 1.42976132338e-05, 1.15997090688e-05, 1.01144905784e-05, 2.49773074756e-06], "mean": [1.53275394155e-07, 4.28502914929e-07, 3.35846334565e-06, 3.83491606044e-05, 0.0017867233837, 0.00543638318777, 0.00301765929908, 0.00351452105679, 0.00226725777611, 0.000727936334442, 0.000313050986733, 0.000150815118104, 5.11345315317e-05, 5.13011545991e-05, 4.91939863423e-05, 0.000281154934783, 2.26525771723e-05, 5.1757102483e-05, 1.05299341158e-05, 9.18482783163e-06, 1.4630937585e-05, 2.37538847614e-06, 1.14501654025e-06, 2.90018192572e-07, 1.39208935934e-07, 7.34142489023e-08, 2.20264020356e-08], "median": [6.75579556741e-08, 1.75060449692e-07, 4.71112372225e-07, 4.79674736198e-06, 0.000987686449662, 0.00282298703678, 0.000751618703362, 0.00148970726877, 0.000218767192564, 0.000164641867741, 0.000110426110041, 3.88382577512e-05, 1.05056997199e-05, 1.62818250828e-05, 1.6101203073e-05, 4.58019167127e-05, 7.41676649341e-06, 1.60823801707e-05, 3.50077084477e-06, 2.57563760897e-06, 1.16938815609e-06, 5.57206305984e-07, 2.62743157009e-07, 5.84350594579e-08, 1.96461833468e-08, 6.87494994267e-09, 2.26120722147e-09], "min": [1.35856457583e-23, 1.60034097695e-23, 1.37625020624e-23, 5.57571226545e-24, 3.19148478238e-23, 7.46111333699e-23, 4.65793255566e-24, 5.29082824462e-23, 7.33928165878e-23, 8.66527543001e-23, 2.08708913917e-23, 4.73553264513e-23, 6.14770031947e-23, 1.26692121608e-22, 1.31585179678e-22, 2.41756483959e-22, 1.37438679056e-22, 2.15025686061e-22, 2.35861256995e-22, 2.92129127642e-22, 4.65064124053e-22, 5.56947966477e-22, 6.05174050217e-22, 1.00982768578e-21, 1.09004037528e-21, 1.69904170093e-21, 2.25263999992e-21], "var": [1.4736623651e-13, 1.60551205577e-12, 4.48157622124e-11, 5.3922670773e-09, 5.42386396774e-06, 5.90921008552e-05, 3.45225271303e-05, 3.09571696562e-05, 6.03683183726e-05, 3.08751691591e-06, 3.96293586391e-07, 2.84202087641e-07, 2.02599910182e-08, 9.00234997658e-09, 9.15773679111e-09, 5.30122747477e-07, 2.03456984593e-09, 9.15177977845e-09, 5.22569709727e-10, 5.58376345161e-10, 1.04669348744e-08, 4.23555773787e-11, 1.29950199906e-11, 7.84820613445e-13, 3.39776736477e-13, 1.85943803215e-13, 9.77024467867e-15]}, "erbbands": {"dmean": [1.62383967108e-05, 0.000126298022224, 0.00136453122832, 0.0264463834465, 0.589998662472, 2.57105875015, 10.4953174591, 22.4524974823, 40.5576133728, 25.3505897522, 29.9469966888, 35.7200050354, 26.5388832092, 7.90212440491, 9.65252113342, 3.68203163147, 1.36980617046, 1.59949445724, 0.804092824459, 3.29106640816, 4.86842250824, 0.643478989601, 1.0736426115, 0.313954174519, 0.309686183929, 0.256871074438, 0.403214752674, 0.102340377867, 0.0713267251849, 0.0296157021075, 0.0237305685878, 0.00886913947761, 0.00196222425438, 0.00111945124809, 0.000868387578521, 0.000282347173197, 0.000134720627102, 4.33955901826e-05, 6.47928982289e-06, 8.88993963599e-06], "dmean2": [2.78026163869e-05, 0.000221895330469, 0.00237421970814, 0.035998865962, 0.800715982914, 3.55479049683, 13.1430511475, 32.7260360718, 62.7939605713, 37.899356842, 41.1468696594, 44.7878074646, 40.3841285706, 11.9170589447, 14.4966840744, 5.76775360107, 1.80253982544, 2.45223236084, 1.14811086655, 4.11251735687, 6.08041763306, 0.855201363564, 1.30135667324, 0.46251180768, 0.473857551813, 0.361342698336, 0.519245803356, 0.1532676965, 0.10586322099, 0.0456932596862, 0.0369999408722, 0.0134083880112, 0.00295102968812, 0.00174342654645, 0.00137094326783, 0.000436927832197, 0.000212757018744, 6.68671855237e-05, 9.43737813941e-06, 1.22187047964e-05], "dvar": [1.64121227719e-09, 1.85335721881e-07, 1.28854853756e-05, 0.00306390807964, 1.77417707443, 26.058839798, 467.677642822, 2746.12060547, 10474.7167969, 5641.22167969, 5557.24511719, 23860.2988281, 5052.42773438, 467.797637939, 1054.3572998, 143.183578491, 17.4150390625, 18.8105659485, 9.34447002411, 75.0543670654, 215.593444824, 3.95185160637, 7.29166507721, 0.692667484283, 1.19811868668, 1.03670442104, 11.4694271088, 0.118291661143, 0.0733554586768, 0.00976593978703, 0.0190408229828, 0.00139754731208, 4.71159837616e-05, 2.42500154854e-05, 1.57698486873e-05, 1.9185608835e-06, 6.354292168e-07, 6.37155181948e-08, 2.07078590386e-10, 2.63099098063e-10], "dvar2": [4.58805970993e-09, 5.25167763499e-07, 3.52845017915e-05, 0.00518316123635, 3.21892571449, 50.5871315002, 749.951477051, 6057.54492188, 24587.0507812, 14415.0107422, 10934.7255859, 43344.1992188, 11972.8710938, 1060.87512207, 2587.62133789, 354.802001953, 23.1152019501, 48.2966842651, 21.735294342, 115.29851532, 351.995635986, 7.50652551651, 11.1965694427, 1.5715264082, 2.90676641464, 2.07909393311, 20.270740509, 0.273754030466, 0.178271353245, 0.0237423051149, 0.0517832860351, 0.00303141656332, 0.000110339933599, 5.54751859454e-05, 3.69267581846e-05, 4.34894627688e-06, 1.49781510572e-06, 1.4830401085e-07, 4.5648002045e-10, 5.44174039163e-10], "max": [0.00135775236413, 0.0137685481459, 0.0646543800831, 1.01459956169, 25.366771698, 101.76374054, 397.847564697, 601.51184082, 1233.36853027, 1011.74725342, 1464.67883301, 2720.9909668, 948.954467773, 454.975830078, 585.079711914, 194.838943481, 167.846969604, 129.338531494, 93.7424621582, 278.1015625, 389.027252197, 64.3283615112, 73.9412765503, 25.4355621338, 38.5485572815, 35.3272018433, 156.842147827, 6.85108232498, 7.16698551178, 2.16294884682, 5.33865451813, 1.26389670372, 0.178487956524, 0.106837943196, 0.102429583669, 0.0533759072423, 0.0249569471925, 0.00844192318618, 0.000328729016474, 0.000186872173799], "mean": [2.34983162954e-05, 0.000181194831384, 0.00354009238072, 0.077283360064, 1.49594426155, 5.87282562256, 31.3345050812, 37.4629669189, 51.3589057922, 56.0322113037, 75.9779586792, 60.6885719299, 32.8436088562, 11.47514534, 14.5235824585, 4.91133546829, 2.55399012566, 3.23379898071, 1.93404746056, 8.36820602417, 10.999335289, 1.63439440727, 3.38176608086, 0.770256996155, 0.560686528683, 0.518437445164, 0.81501185894, 0.152624085546, 0.097368247807, 0.047056529671, 0.0332008711994, 0.0126186329871, 0.00296375807375, 0.00153560715262, 0.00101367651951, 0.000309635332087, 0.000132930304972, 4.48688442702e-05, 1.20187405628e-05, 2.03667204914e-05], "median": [1.58324291988e-05, 0.000100964643934, 0.00178468145896, 0.0183779783547, 0.358894199133, 2.96357607841, 10.5335130692, 16.1934452057, 14.7292966843, 16.02135849, 29.0590953827, 10.0360012054, 7.61176633835, 3.47982239723, 5.13793897629, 2.02459812164, 0.781168282032, 1.16749227047, 0.693136453629, 2.58238554001, 2.23497605324, 0.663134157658, 1.04241669178, 0.348238617182, 0.167098969221, 0.122654691339, 0.0751964822412, 0.0316644385457, 0.0232472922653, 0.0130031509325, 0.0077867214568, 0.0025355045218, 0.000655795214698, 0.000268578762189, 0.000133993322379, 4.47772072221e-05, 1.54001390911e-05, 4.00216595153e-06, 7.03918158251e-06, 1.32291870614e-05], "min": [1.01169328502e-21, 1.88442002518e-21, 1.25351878989e-20, 1.97240441581e-20, 8.6067677447e-20, 7.92449043466e-20, 3.98138365639e-19, 5.40342345164e-19, 1.9908112524e-19, 1.45914504958e-19, 1.75841103359e-18, 1.91038003534e-18, 2.65398128483e-18, 1.60197494633e-18, 1.52486744438e-18, 1.56910506354e-18, 1.94340811643e-18, 6.79033971052e-18, 6.80992569306e-18, 9.39406108774e-18, 1.0833347909e-17, 8.40650669802e-18, 1.01764622778e-17, 1.15586761183e-17, 1.25422120646e-17, 1.39160366393e-17, 1.19313722695e-17, 2.31028004753e-17, 1.902042427e-17, 1.67451862402e-17, 1.95234294917e-17, 2.14208660117e-17, 1.60272166295e-17, 1.22117840156e-17, 8.27502468529e-18, 6.49207782038e-18, 3.45441066957e-18, 1.19327968813e-18, 3.09062361551e-19, 3.35297047375e-20], "var": [1.31533017811e-09, 1.30376946572e-07, 2.82189448626e-05, 0.0155285848305, 6.42920064926, 65.5765457153, 2277.46923828, 3923.50708008, 12423.9267578, 10531.3349609, 17598.5605469, 48116.3085938, 5800.78613281, 649.416137695, 1069.55749512, 137.604064941, 49.0888633728, 35.5261726379, 21.5624084473, 309.812530518, 723.955200195, 9.42614746094, 39.84973526, 1.89444279671, 1.9745516777, 2.9585943222, 32.6918525696, 0.191743150353, 0.0850106850266, 0.0133781637996, 0.015373500064, 0.00218248763122, 7.09630767233e-05, 3.42230232491e-05, 1.9183375116e-05, 2.16558532884e-06, 7.13274062036e-07, 8.66657501319e-08, 3.28585630927e-10, 5.29828847462e-10]}, "gfcc": {"mean": [-183.462814331, 151.972808838, -164.458740234, -34.3869514465, -89.3552322388, -56.6788673401, -48.1030540466, -20.4344978333, -10.9006576538, -18.4202880859, -11.0237970352, -3.14730095863, 1.74992191792], "cov": [[15480.9580078, 14.0668716431, -3558.72949219, -301.697906494, -748.58770752, -361.143310547, -221.285522461, -596.047119141, -184.763595581, -566.219421387, -298.621459961, -245.31036377, 279.160491943], [14.0668716431, 901.401855469, 78.5724411011, -172.206756592, 146.085205078, -183.380020142, 36.895450592, -88.0073394775, 50.4499855042, -159.064315796, 36.4461021423, -101.231216431, -12.3087501526], [-3558.72949219, 78.5724411011, 1366.24682617, 113.039482117, 107.214004517, 116.418273926, 46.2379302979, 165.538726807, -50.9695739746, 153.245559692, 9.43497085571, 44.4691200256, -174.819396973], [-301.697906494, -172.206756592, 113.039482117, 265.629119873, -13.523229599, 56.4168281555, 2.06966090202, 5.41532325745, -24.6594696045, 11.3839702606, -29.5050106049, -24.8231906891, -58.478313446], [-748.58770752, 146.085205078, 107.214004517, -13.523229599, 181.213989258, -3.73913788795, -17.2904052734, 33.5444869995, 12.8154182434, -10.0436000824, 10.2936763763, -9.18483734131, -34.4411201477], [-361.143310547, -183.380020142, 116.418273926, 56.4168281555, -3.73913788795, 204.842514038, 27.6231613159, 27.9675445557, -36.6198730469, 30.9796714783, -27.2844352722, 15.3878889084, -64.7469558716], [-221.285522461, 36.895450592, 46.2379302979, 2.06966090202, -17.2904052734, 27.6231613159, 106.322982788, 2.59982991219, -24.3681793213, 11.8451929092, 7.52941513062, -5.51433801651, -7.74816322327], [-596.047119141, -88.0073394775, 165.538726807, 5.41532325745, 33.5444869995, 27.9675445557, 2.59982991219, 150.196380615, 1.1002753973, 17.3439731598, -8.56103610992, 31.2736568451, 3.1849591732], [-184.763595581, 50.4499855042, -50.9695739746, -24.6594696045, 12.8154182434, -36.6198730469, -24.3681793213, 1.1002753973, 125.263496399, -5.83265209198, 14.9514036179, 10.915968895, 44.8817024231], [-566.219421387, -159.064315796, 153.245559692, 11.3839702606, -10.0436000824, 30.9796714783, 11.8451929092, 17.3439731598, -5.83265209198, 146.247573853, 26.9491043091, 33.7953605652, 5.53410243988], [-298.621459961, 36.4461021423, 9.43497085571, -29.5050106049, 10.2936763763, -27.2844352722, 7.52941513062, -8.56103610992, 14.9514036179, 26.9491043091, 102.92149353, 29.3893299103, 11.9116973877], [-245.31036377, -101.231216431, 44.4691200256, -24.8231906891, -9.18483734131, 15.3878889084, -5.51433801651, 31.2736568451, 10.915968895, 33.7953605652, 29.3893299103, 119.946212769, 28.4966869354], [279.160491943, -12.3087501526, -174.819396973, -58.478313446, -34.4411201477, -64.7469558716, -7.74816322327, 3.1849591732, 44.8817024231, 5.53410243988, 11.9116973877, 28.4966869354, 185.228393555]], "icov": [[0.000412815395975, -0.00056852819398, 0.00108545890544, 2.77525577985e-06, 0.00158124545123, 1.17770496217e-05, 0.00106477923691, -0.000159591654665, 0.00106901838444, -0.000224211806199, 0.000965075567365, -0.000199306377908, 0.000427083839895], [-0.00056852819398, 0.00493457820266, -0.0028367084451, 0.00230896985158, -0.00485931197181, 0.00250714016147, -0.00412532500923, 0.00321454135701, -0.00256874738261, 0.00482913665473, -0.00224756356329, 0.00241613178514, -0.000767619058024], [0.00108545890544, -0.0028367084451, 0.00447717355564, -0.00100090901833, 0.00458332989365, -0.000660676509142, 0.00325932609849, -0.00244520232081, 0.00319040124305, -0.00317124114372, 0.00290521490388, -0.00145994103514, 0.00224430160597], [2.77525577985e-06, 0.00230896985158, -0.00100090901833, 0.00572054088116, -0.000827121839393, 0.000630593742244, -0.00103225116618, 0.00165174994618, -0.000513638544362, 0.00225982139818, 0.000190191800357, 0.00207677786238, 0.000730872619897], [0.00158124545123, -0.00485931197181, 0.00458332989365, -0.000827121839393, 0.0144656682387, -0.00147049024235, 0.0070201982744, -0.00402076961473, 0.00399661203846, -0.00296993274242, 0.00312459841371, -0.00107099371962, 0.00298128323629], [1.17770496217e-05, 0.00250714016147, -0.000660676509142, 0.000630593742244, -0.00147049024235, 0.00828600768, -0.00312175275758, 0.00101155170705, -2.68106887233e-05, 0.00140749115963, 0.00153119815513, -0.000339795602486, 0.00211763358675], [0.00106477923691, -0.00412532500923, 0.00325932609849, -0.00103225116618, 0.0070201982744, -0.00312175275758, 0.0151769556105, -0.00249048811384, 0.00520866690204, -0.0034517343156, 0.00130230234936, -0.000399700045818, 0.000581974920351], [-0.000159591654665, 0.00321454135701, -0.00244520232081, 0.00165174994618, -0.00402076961473, 0.00101155170705, -0.00249048811384, 0.0110157700256, -0.0012700088555, 0.00375536619686, 0.000388010957977, -0.00040229051956, -0.0017873357283], [0.00106901838444, -0.00256874738261, 0.00319040124305, -0.000513638544362, 0.00399661203846, -2.68106887233e-05, 0.00520866690204, -0.0012700088555, 0.0125552760437, -0.00141961837653, 0.00171048392076, -0.00134765368421, -0.000861860287841], [-0.000224211806199, 0.00482913665473, -0.00317124114372, 0.00225982139818, -0.00296993274242, 0.00140749115963, -0.0034517343156, 0.00375536619686, -0.00141961837653, 0.01413089782, -0.00381686561741, 0.0012527119834, -0.00191544217523], [0.000965075567365, -0.00224756356329, 0.00290521490388, 0.000190191800357, 0.00312459841371, 0.00153119815513, 0.00130230234936, 0.000388010957977, 0.00171048392076, -0.00381686561741, 0.0148487593979, -0.00409030588344, 0.00173614767846], [-0.000199306377908, 0.00241613178514, -0.00145994103514, 0.00207677786238, -0.00107099371962, -0.000339795602486, -0.000399700045818, -0.00040229051956, -0.00134765368421, 0.0012527119834, -0.00409030588344, 0.0122148739174, -0.00191608152818], [0.000427083839895, -0.000767619058024, 0.00224430160597, 0.000730872619897, 0.00298128323629, 0.00211763358675, 0.000581974920351, -0.0017873357283, -0.000861860287841, -0.00191544217523, 0.00173614767846, -0.00191608152818, 0.00885182153434]]}, "melbands": {"dmean": [1.27256754467e-07, 4.46514633268e-07, 1.5381094272e-05, 9.56981457421e-05, 0.000310566596454, 0.000576688384172, 0.000545015675016, 0.000275803147815, 0.00023323566711, 0.000228884469834, 0.000126905186335, 3.09663919325e-05, 2.81751272269e-05, 2.27871696552e-05, 2.09104723581e-06, 3.56665282197e-06, 3.02987518808e-06, 1.18398475024e-06, 1.45695662468e-06, 9.27973087528e-06, 4.58480963061e-06, 6.11594828115e-07, 8.06946957255e-07, 7.96212475507e-07, 2.21690001467e-07, 2.29382408179e-07, 2.11637569691e-07, 1.55952562864e-07, 3.53205507508e-07, 9.03142947095e-08, 4.74480579271e-08, 3.81661209303e-08, 3.46681865437e-08, 1.14350617864e-08, 1.64426197102e-08, 8.78166428464e-09, 4.24296731083e-09, 1.23359300552e-09, 1.09759956679e-09, 9.49880729628e-10], "dmean2": [2.18572054678e-07, 8.23174218567e-07, 2.03682993742e-05, 0.00013204451534, 0.000392712274333, 0.000848810595926, 0.000838693929836, 0.000412043184042, 0.00032451300649, 0.000287202798063, 0.000196766210138, 4.69186052214e-05, 4.20652868343e-05, 3.61249039997e-05, 2.94890173791e-06, 4.74587977806e-06, 4.70373606731e-06, 1.70715190961e-06, 2.19398339141e-06, 1.07021432996e-05, 6.08190430285e-06, 8.60894772359e-07, 9.72419456957e-07, 1.0050966921e-06, 3.46035363918e-07, 3.58845824167e-07, 3.17627808499e-07, 2.21249010224e-07, 4.39836128407e-07, 1.40431538398e-07, 7.2347326352e-08, 5.66015039283e-08, 5.3298894187e-08, 1.71790013326e-08, 2.58642636197e-08, 1.38490880985e-08, 6.32800567502e-09, 1.86405735292e-09, 1.75874381725e-09, 1.50705925517e-09], "dvar": [1.56732279607e-13, 1.82482523016e-12, 1.2943457417e-09, 3.77214277592e-08, 3.4874616972e-07, 1.75754962584e-06, 1.81677887667e-06, 6.94042626037e-07, 3.57054119604e-07, 1.09945540316e-06, 1.19860970926e-07, 7.74641861767e-09, 7.53905737838e-09, 7.26205540147e-09, 2.41442317528e-11, 1.22864926566e-10, 6.48217798882e-11, 1.91555885737e-11, 1.36238451076e-11, 9.18431386498e-10, 2.46770825996e-10, 5.15464754214e-12, 3.56027967524e-12, 5.12774111366e-12, 4.54901416015e-13, 6.75511350415e-13, 6.07267870972e-13, 3.06820676721e-13, 1.19423594278e-11, 1.22764306858e-13, 2.56857777642e-14, 1.837461288e-14, 1.99536364536e-14, 1.28098698437e-15, 1.09561526382e-14, 2.39639977987e-15, 2.95773158451e-16, 2.23487045786e-17, 2.08403076444e-17, 2.15010413197e-17], "dvar2": [4.43501707798e-13, 5.04176561611e-12, 2.05420858101e-09, 7.84056055636e-08, 5.63191804304e-07, 3.95318647861e-06, 4.22414177592e-06, 1.81267103017e-06, 7.1096155807e-07, 2.00691670216e-06, 2.90876187137e-07, 1.75125407509e-08, 1.83083326277e-08, 1.80824120122e-08, 5.06457098481e-11, 1.92495852591e-10, 1.67844002585e-10, 4.48007707321e-11, 3.22196089253e-11, 1.27837040953e-09, 4.6803522169e-10, 9.85302204409e-12, 5.31035198453e-12, 8.02079583306e-12, 1.16264810279e-12, 1.61549560621e-12, 1.44210392326e-12, 6.32152641865e-13, 2.07040374428e-11, 2.96610744863e-13, 6.10156388847e-14, 4.40957932332e-14, 4.96996683445e-14, 2.94526569474e-15, 3.01369342079e-14, 5.62146883269e-15, 5.95884713778e-16, 5.33077339853e-17, 4.9959660899e-17, 5.1315945936e-17], "max": [1.41476784847e-05, 2.26321208174e-05, 0.000621999439318, 0.00357768428512, 0.0110791539773, 0.0156096164137, 0.0163018032908, 0.0119381211698, 0.0112578924745, 0.018344193697, 0.00481929862872, 0.00195719720796, 0.00151531735901, 0.00136457709596, 0.000127524224808, 0.000407411658671, 0.000213993596844, 0.000131402543047, 8.4455103206e-05, 0.00105540128425, 0.000495752086863, 7.31000181986e-05, 4.96057291457e-05, 7.8436009062e-05, 2.34322469623e-05, 2.542940274e-05, 2.88773917418e-05, 1.54796689458e-05, 0.000160725045134, 1.20195290947e-05, 3.94015296479e-06, 3.54604117092e-06, 3.97425492338e-06, 6.17432078798e-07, 4.05681930715e-06, 1.65429241861e-06, 3.6715277929e-07, 1.54531662133e-07, 1.06286698554e-07, 9.54397805231e-08], "mean": [1.3468148552e-07, 9.29954239837e-07, 4.47058264399e-05, 0.000208491444937, 0.000897762540262, 0.000966887397226, 0.000718953320757, 0.000611939874943, 0.00058472173987, 0.000366241991287, 0.000150982683408, 4.30744948972e-05, 4.51525957033e-05, 2.57877090917e-05, 4.62279786007e-06, 6.25471648164e-06, 5.86517307966e-06, 2.56591670222e-06, 3.53526957042e-06, 2.33301961998e-05, 9.28629833652e-06, 1.31404169679e-06, 2.46220247391e-06, 2.43155477619e-06, 4.16838076944e-07, 3.85084177879e-07, 3.72022014972e-07, 3.00099316064e-07, 7.47115734612e-07, 1.14400862117e-07, 6.40820871922e-08, 5.05230701719e-08, 4.72913157523e-08, 1.931439364e-08, 2.22255813753e-08, 1.18315588438e-08, 5.9374478667e-09, 1.84490156485e-09, 1.5051707658e-09, 1.19759546724e-09], "median": [6.59989467522e-08, 1.64148957538e-07, 6.01061810812e-06, 8.62291708472e-05, 0.000361906160833, 0.000446550606284, 0.000211993145058, 0.000198249224923, 0.000200583453989, 3.85107778129e-05, 3.34336837113e-05, 9.37108143262e-06, 1.63688728207e-05, 7.02581610312e-06, 2.29101829063e-06, 1.23966333376e-06, 1.85850103662e-06, 6.70290603466e-07, 1.19333697057e-06, 4.35211404692e-06, 1.9977435386e-06, 3.82709004043e-07, 7.77074546932e-07, 7.49245259613e-07, 1.59328635618e-07, 9.14172346711e-08, 9.5693515334e-08, 6.58858283487e-08, 4.81369255567e-08, 1.98688852038e-08, 1.21407168763e-08, 1.10687832233e-08, 9.49969614084e-09, 4.97406960065e-09, 4.83704409859e-09, 1.90397630995e-09, 9.47984801769e-10, 3.72380348779e-10, 2.58237625728e-10, 1.68436306569e-10], "min": [7.65775048602e-24, 5.06202576549e-24, 5.11267497434e-24, 6.52939540163e-24, 1.05390617869e-23, 1.22720708665e-23, 3.02080596918e-24, 1.965792072e-24, 1.64540418284e-23, 1.1191339315e-23, 1.27716036241e-23, 6.40106508729e-24, 4.12270541982e-24, 5.23837167655e-24, 3.85500704936e-24, 5.39982034385e-24, 1.39469850737e-23, 1.17167025341e-23, 8.90695511679e-24, 1.86671500773e-23, 1.08340050464e-23, 7.69913807341e-24, 1.09770247397e-23, 8.83591267024e-24, 9.11604427744e-24, 9.68020683128e-24, 7.44607228388e-24, 1.04670245868e-23, 6.03394263263e-24, 1.1668081881e-23, 1.35709555905e-23, 9.9737885169e-24, 1.18636625875e-23, 8.14781217959e-24, 1.07851272248e-23, 1.25432591576e-23, 1.29106585025e-23, 9.30466328646e-24, 1.35133577004e-23, 8.83510487668e-24], "var": [1.07382093668e-13, 3.38148541286e-12, 6.29418162035e-09, 9.29619474732e-08, 1.6798468323e-06, 2.41937163992e-06, 2.22031985686e-06, 1.16191336019e-06, 1.09448444618e-06, 2.19384492084e-06, 1.26345952367e-07, 1.11288134264e-08, 8.37336688875e-09, 6.56331833326e-09, 5.81294283541e-11, 3.17105758318e-10, 1.23118792938e-10, 4.39275664454e-11, 4.08328475199e-11, 3.9637435556e-09, 5.52379864072e-10, 9.68699512965e-12, 2.15019894251e-11, 2.50424698339e-11, 7.63068319469e-13, 1.05637026904e-12, 1.16571379286e-12, 8.2644936901e-13, 3.42458839064e-11, 1.54186532248e-13, 3.24265557439e-14, 2.17083634597e-14, 2.26023203382e-14, 2.2463629281e-15, 8.43249251079e-15, 3.10511457618e-15, 4.67448313893e-16, 3.36418722639e-17, 3.01868976639e-17, 2.58822315582e-17]}, "mfcc": {"mean": [-807.989990234, 177.136367798, -35.8671836853, -8.66702747345, -37.7760925293, -44.9469146729, -44.4617538452, -22.0882453918, -17.8133029938, -19.219045639, -19.4623336792, -8.81252002716, -1.87698614597], "cov": [[7219.8984375, 1378.5682373, -1796.60266113, -23.2504329681, -878.92590332, -189.839797974, -583.401733398, -158.284759521, -169.209228516, -145.853668213, -403.125549316, -239.433624268, -224.145568848], [1378.5682373, 1135.76171875, -172.061203003, -116.125030518, -87.6585083008, -220.139373779, -123.429763794, -75.1916656494, -76.5029525757, -85.3782424927, -66.4682235718, -90.2328567505, -75.9617538452], [-1796.60266113, -172.061203003, 949.506469727, 126.229866028, 199.258804321, 106.706535339, 162.321975708, 68.6747894287, 36.6189613342, 31.7289409637, 114.300483704, 67.2521362305, 13.6094169617], [-23.2504329681, -116.125030518, 126.229866028, 210.048706055, 23.2214298248, 29.3875141144, 18.8398799896, 22.2197036743, 17.6171035767, 12.8391590118, -6.2162399292, 12.8514041901, -2.48706674576], [-878.92590332, -87.6585083008, 199.258804321, 23.2214298248, 277.995605469, 27.6236248016, 69.8837356567, 62.4736442566, 27.5670547485, 6.82861709595, 57.0100669861, 35.8901596069, -14.2646169662], [-189.839797974, -220.139373779, 106.706535339, 29.3875141144, 27.6236248016, 225.938064575, 69.0860290527, 25.3977375031, 12.069483757, 18.8089923859, 44.6932258606, 13.8739004135, -14.8596076965], [-583.401733398, -123.429763794, 162.321975708, 18.8398799896, 69.8837356567, 69.0860290527, 212.511657715, 41.9291229248, 5.11971855164, 32.538028717, 36.4121246338, 26.7827949524, 9.81890106201], [-158.284759521, -75.1916656494, 68.6747894287, 22.2197036743, 62.4736442566, 25.3977375031, 41.9291229248, 159.328308105, 51.429233551, -21.245475769, 23.4991874695, 14.250702858, -7.85445737839], [-169.209228516, -76.5029525757, 36.6189613342, 17.6171035767, 27.5670547485, 12.069483757, 5.11971855164, 51.429233551, 130.881896973, 23.7504272461, -25.1506156921, 13.4626178741, 1.85621392727], [-145.853668213, -85.3782424927, 31.7289409637, 12.8391590118, 6.82861709595, 18.8089923859, 32.538028717, -21.245475769, 23.7504272461, 113.917404175, 13.5004701614, -18.5990638733, -10.1007890701], [-403.125549316, -66.4682235718, 114.300483704, -6.2162399292, 57.0100669861, 44.6932258606, 36.4121246338, 23.4991874695, -25.1506156921, 13.5004701614, 141.010375977, 12.1461114883, -22.3489627838], [-239.433624268, -90.2328567505, 67.2521362305, 12.8514041901, 35.8901596069, 13.8739004135, 26.7827949524, 14.250702858, 13.4626178741, -18.5990638733, 12.1461114883, 111.485237122, 37.2106018066], [-224.145568848, -75.9617538452, 13.6094169617, -2.48706674576, -14.2646169662, -14.8596076965, 9.81890106201, -7.85445737839, 1.85621392727, -10.1007890701, -22.3489627838, 37.2106018066, 169.72454834]], "icov": [[0.0012570352992, -0.00139109720476, 0.00175245513674, -0.0016293808585, 0.00232724007219, -0.00162510736845, 0.00140409194864, -0.00154927547555, 0.00123419286683, -0.000758347974624, 0.00144508958329, -0.000773480918724, 0.00107472320087], [-0.00139109720476, 0.00292725651525, -0.0020934229251, 0.00233721081167, -0.00246716872789, 0.00291514652781, -0.00148666254245, 0.00206346646883, -0.00104784383439, 0.00179851916619, -0.00126262905542, 0.00163122580852, -0.00050094112521], [0.00175245513674, -0.0020934229251, 0.00402476685122, -0.00312021723948, 0.00257253251038, -0.00255615450442, 0.00125419406686, -0.0020093806088, 0.00129509996623, -0.00107694137841, 0.0010503862286, -0.00140578241553, 0.00120411871467], [-0.0016293808585, 0.00233721081167, -0.00312021723948, 0.00776731129736, -0.0029193428345, 0.00201871269383, -0.0014173425734, 0.00136319012381, -0.00122356554493, 0.000527772179339, -0.000480582995806, 0.000809639517684, -0.000861309992615], [0.00232724007219, -0.00246716872789, 0.00257253251038, -0.0029193428345, 0.00919794477522, -0.0025248916354, 0.0018768068403, -0.00388959026895, 0.00173318898305, -0.00134289311245, 0.00156658678316, -0.00228360923938, 0.00259167514741], [-0.00162510736845, 0.00291514652781, -0.00255615450442, 0.00201871269383, -0.0025248916354, 0.00831368006766, -0.00315646780655, 0.00221270974725, -0.00193612487055, 0.00162863032892, -0.00296008540317, 0.00138775096275, -0.000382195808925], [0.00140409194864, -0.00148666254245, 0.00125419406686, -0.0014173425734, 0.0018768068403, -0.00315646780655, 0.00823460705578, -0.00350005505607, 0.00288707879372, -0.00318448944017, 0.0020367980469, -0.00188209896442, 0.000770361919422], [-0.00154927547555, 0.00206346646883, -0.0020093806088, 0.00136319012381, -0.00388959026895, 0.00221270974725, -0.00350005505607, 0.0113712446764, -0.00593057041988, 0.00488178012893, -0.00373169314116, 0.00200669351034, -0.000921818544157], [0.00123419286683, -0.00104784383439, 0.00129509996623, -0.00122356554493, 0.00173318898305, -0.00193612487055, 0.00288707879372, -0.00593057041988, 0.0125228660181, -0.00463870819658, 0.00518787140027, -0.00239870767109, 0.00136986200232], [-0.000758347974624, 0.00179851916619, -0.00107694137841, 0.000527772179339, -0.00134289311245, 0.00162863032892, -0.00318448944017, 0.00488178012893, -0.00463870819658, 0.0129459546879, -0.00279256608337, 0.00382667803206, -4.81062052131e-05], [0.00144508958329, -0.00126262905542, 0.0010503862286, -0.000480582995806, 0.00156658678316, -0.00296008540317, 0.0020367980469, -0.00373169314116, 0.00518787140027, -0.00279256608337, 0.0119244623929, -0.00190372474026, 0.00259868847206], [-0.000773480918724, 0.00163122580852, -0.00140578241553, 0.000809639517684, -0.00228360923938, 0.00138775096275, -0.00188209896442, 0.00200669351034, -0.00239870767109, 0.00382667803206, -0.00190372474026, 0.0121791213751, -0.00270238751546], [0.00107472320087, -0.00050094112521, 0.00120411871467, -0.000861309992615, 0.00259167514741, -0.000382195808925, 0.000770361919422, -0.000921818544157, 0.00136986200232, -4.81062052131e-05, 0.00259868847206, -0.00270238751546, 0.00799180101603]]}, "spectral_contrast_coeffs": {"dmean": [0.047457691282, 0.0512423925102, 0.0467639639974, 0.0365595333278, 0.0326946377754, 0.0293558016419], "dmean2": [0.077472999692, 0.0805983394384, 0.0711526721716, 0.0524231679738, 0.0458358116448, 0.0492908544838], "dvar": [0.00171361013781, 0.00277902255766, 0.00200743484311, 0.00128882820718, 0.00102373224217, 0.00062448985409], "dvar2": [0.00424197874963, 0.00666331592947, 0.00417661387473, 0.00247544515878, 0.0018857519608, 0.00167391321156], "max": [-0.225602403283, -0.294842302799, -0.373682320118, -0.406796336174, -0.516870558262, -0.577668845654], "mean": [-0.44665953517, -0.592193841934, -0.678039610386, -0.691687166691, -0.712528765202, -0.742783010006], "median": [-0.428153336048, -0.589563190937, -0.679299235344, -0.691180944443, -0.710292041302, -0.736996531487], "min": [-0.939821541309, -0.9566360116, -0.966003954411, -0.948650062084, -0.965875327587, -0.953882932663], "var": [0.0102119967341, 0.00892814341933, 0.00829110667109, 0.00810105446726, 0.00653692474589, 0.00344154401682]}, "spectral_contrast_valleys": {"dmean": [0.585205733776, 0.464605510235, 0.55940246582, 0.465679675341, 0.503977060318, 0.527154922485], "dmean2": [0.994479000568, 0.71503585577, 0.807699203491, 0.677919387817, 0.712672293186, 0.8