{"lowlevel": {"average_loudness": 0.567192077637, "barkbands_crest": {"dmean": 2.08297371864, "dmean2": 3.23511052132, "dvar": 5.42447042465, "dvar2": 12.9555063248, "max": 26.7241001129, "mean": 13.5150060654, "median": 12.6318511963, "min": 2.51871466637, "var": 30.9042816162}, "barkbands_flatness_db": {"dmean": 0.0234058331698, "dmean2": 0.0343093462288, "dvar": 0.000711079163011, "dvar2": 0.00133994081989, "max": 0.479406803846, "mean": 0.191566735506, "median": 0.179345786572, "min": 0.0173953697085, "var": 0.00648272363469}, "barkbands_kurtosis": {"dmean": 6.94870090485, "dmean2": 10.7220191956, "dvar": 375.980407715, "dvar2": 848.214660645, "max": 685.204345703, "mean": 15.4461154938, "median": 5.19695138931, "min": -1.92435264587, "var": 1466.31079102}, "barkbands_skewness": {"dmean": 0.695136606693, "dmean2": 1.04320192337, "dvar": 1.06333732605, "dvar2": 2.29068279266, "max": 24.0736179352, "mean": 2.61497735977, "median": 2.10328030586, "min": -4.0447268486, "var": 6.29887771606}, "barkbands_spread": {"dmean": 6.94348478317, "dmean2": 10.6107959747, "dvar": 107.770217896, "dvar2": 237.360137939, "max": 123.67124939, "mean": 22.949048996, "median": 17.079624176, "min": 0.362090408802, "var": 345.87197876}, "dissonance": {"dmean": 0.0219800695777, "dmean2": 0.0363750122488, "dvar": 0.000526175892446, "dvar2": 0.00141067465302, "max": 0.499987065792, "mean": 0.441060572863, "median": 0.455508649349, "min": 0.182267531753, "var": 0.00240595056675}, "dynamic_complexity": 4.95903396606, "erbbands_crest": {"dmean": 2.35127258301, "dmean2": 3.65456318855, "dvar": 5.62819051743, "dvar2": 13.5635309219, "max": 33.217010498, "mean": 11.1132993698, "median": 10.079252243, "min": 2.0719101429, "var": 25.9076480865}, "erbbands_flatness_db": {"dmean": 0.0173774156719, "dmean2": 0.024406613782, "dvar": 0.00037548475666, "dvar2": 0.000668524822686, "max": 0.488506525755, "mean": 0.163100793958, "median": 0.155312046409, "min": 0.0487289167941, "var": 0.00323930033483}, "erbbands_kurtosis": {"dmean": 1.25659608841, "dmean2": 1.87947368622, "dvar": 6.11691236496, "dvar2": 12.9229383469, "max": 75.9119338989, "mean": 1.51076924801, "median": 0.0512350797653, "min": -1.86806404591, "var": 20.3002166748}, "erbbands_skewness": {"dmean": 0.381976097822, "dmean2": 0.571931600571, "dvar": 0.176167979836, "dvar2": 0.369165748358, "max": 8.23433685303, "mean": 0.613355100155, "median": 0.526372313499, "min": -2.81312227249, "var": 1.3012598753}, "erbbands_spread": {"dmean": 11.0218582153, "dmean2": 16.4028015137, "dvar": 205.204421997, "dvar2": 439.552642822, "max": 210.484069824, "mean": 50.1019897461, "median": 42.3853149414, "min": 1.98759043217, "var": 951.042053223}, "hfc": {"dmean": 6.45228338242, "dmean2": 9.53620052338, "dvar": 358.939788818, "dvar2": 846.870788574, "max": 422.730102539, "mean": 15.9053020477, "median": 8.77945518494, "min": 1.19084573813e-16, "var": 588.443969727}, "melbands_crest": {"dmean": 2.69259572029, "dmean2": 4.25531196594, "dvar": 8.78816223145, "dvar2": 21.8499736786, "max": 39.1179618835, "mean": 17.7528572083, "median": 17.5925636292, "min": 2.50065660477, "var": 36.4105949402}, "melbands_flatness_db": {"dmean": 0.0265566520393, "dmean2": 0.0388035103679, "dvar": 0.000992394168861, "dvar2": 0.00189748685807, "max": 0.615062534809, "mean": 0.263834148645, "median": 0.25175473094, "min": 0.0116607444361, "var": 0.00975106563419}, "melbands_kurtosis": {"dmean": 18.7388648987, "dmean2": 29.6834659576, "dvar": 2762.47265625, "dvar2": 6512.71777344, "max": 1423.08752441, "mean": 51.7935409546, "median": 16.0138702393, "min": -1.80141675472, "var": 17280.5195312}, "melbands_skewness": {"dmean": 0.97608178854, "dmean2": 1.47457110882, "dvar": 1.97593200207, "dvar2": 4.28306818008, "max": 31.2327327728, "mean": 4.32034540176, "median": 3.19486379623, "min": -0.988258957863, "var": 15.2445383072}, "melbands_spread": {"dmean": 6.6821975708, "dmean2": 10.3150882721, "dvar": 190.283996582, "dvar2": 432.193023682, "max": 289.672546387, "mean": 20.91705513, "median": 12.8789043427, "min": 0.291475057602, "var": 649.250976562}, "pitch_salience": {"dmean": 0.0575418137014, "dmean2": 0.0909334123135, "dvar": 0.0042718173936, "dvar2": 0.0101771792397, "max": 0.903576076031, "mean": 0.421738445759, "median": 0.427799135447, "min": 0.0239508450031, "var": 0.0209400989115}, "silence_rate_20dB": {"dmean": 0.00139243446756, "dmean2": 0.00278551527299, "dvar": 0.00139047845732, "dvar2": 0.00370624102652, "max": 1, "mean": 0.999071896076, "median": 1, "min": 0, "var": 0.000927231216338}, "silence_rate_30dB": {"dmean": 0.0148526336998, "dmean2": 0.0297121629119, "dvar": 0.014632364735, "dvar2": 0.0311515517533, "max": 1, "mean": 0.97470998764, "median": 1, "min": 0, "var": 0.0246509946883}, "silence_rate_60dB": {"dmean": 0.0250638201833, "dmean2": 0.0501392744482, "dvar": 0.0244354903698, "dvar2": 0.0536634810269, "max": 1, "mean": 0.15638050437, "median": 0, "min": 0, "var": 0.131924420595}, "spectral_centroid": {"dmean": 258.43737793, "dmean2": 398.941650391, "dvar": 142075.09375, "dvar2": 283059.15625, "max": 11150.4208984, "mean": 1332.32177734, "median": 1067.63183594, "min": 113.208450317, "var": 772923.25}, "spectral_complexity": {"dmean": 1.82130420208, "dmean2": 2.92525529861, "dvar": 9.82591152191, "dvar2": 20.7548828125, "max": 62, "mean": 9.91484928131, "median": 8, "min": 0, "var": 59.5634040833}, "spectral_decrease": {"dmean": 2.16922413365e-09, "dmean2": 3.36192318429e-09, "dvar": 3.63378226251e-17, "dvar2": 7.8500313634e-17, "max": 7.53172686408e-22, "mean": -7.37613214952e-09, "median": -5.10951014832e-09, "min": -1.19402372434e-07, "var": 8.97962523744e-17}, "spectral_energy": {"dmean": 0.00855941604823, "dmean2": 0.0132529446855, "dvar": 0.000549098651391, "dvar2": 0.00118579843547, "max": 0.456979632378, "mean": 0.0292819011956, "median": 0.0203814785928, "min": 1.11600857566e-20, "var": 0.00136872963049}, "spectral_energyband_high": {"dmean": 0.000600109400693, "dmean2": 0.000928478082642, "dvar": 6.31632974546e-06, "dvar2": 1.62718606589e-05, "max": 0.067188963294, "mean": 0.000919706770219, "median": 0.000300107785733, "min": 7.77018328412e-21, "var": 6.06043931839e-06}, "spectral_energyband_low": {"dmean": 0.00662419945002, "dmean2": 0.0104391789064, "dvar": 0.000494637293741, "dvar2": 0.00108964147512, "max": 0.42005866766, "mean": 0.0170451048762, "median": 0.00693382509053, "min": 3.85902298245e-23, "var": 0.000962176069152}, "spectral_energyband_middle_high": {"dmean": 0.000951776048169, "dmean2": 0.00141620531213, "dvar": 6.30938893664e-06, "dvar2": 1.46541278809e-05, "max": 0.0462088137865, "mean": 0.00276279821992, "median": 0.00107348000165, "min": 2.29189573805e-21, "var": 1.99979949684e-05}, "spectral_energyband_middle_low": {"dmean": 0.00264872726984, "dmean2": 0.00425338186324, "dvar": 7.92093851487e-05, "dvar2": 0.000218191824388, "max": 0.160378411412, "mean": 0.00761392759159, "median": 0.00458861654624, "min": 1.61829740753e-22, "var": 0.00010659063264}, "spectral_entropy": {"dmean": 0.232210189104, "dmean2": 0.332831740379, "dvar": 0.0834414958954, "dvar2": 0.162398427725, "max": 9.80804347992, "mean": 7.18037176132, "median": 7.20362281799, "min": 5.10159158707, "var": 0.413917213678}, "spectral_flux": {"dmean": 0.02059327811, "dmean2": 0.0317165590823, "dvar": 0.00113175262231, "dvar2": 0.00210749590769, "max": 0.523521125317, "mean": 0.05604499951, "median": 0.0401402227581, "min": 1.05641308201e-10, "var": 0.00351731665432}, "spectral_kurtosis": {"dmean": 1.12204742432, "dmean2": 1.75278115273, "dvar": 2.68917584419, "dvar2": 6.04970884323, "max": 63.8903884888, "mean": 3.17025566101, "median": 2.65223169327, "min": -1.19373321533, "var": 11.312333107}, "spectral_rms": {"dmean": 0.000636090058833, "dmean2": 0.000936541589908, "dvar": 1.27186069676e-06, "dvar2": 2.49605773206e-06, "max": 0.021114775911, "mean": 0.00459519401193, "median": 0.00445918925107, "min": 3.2996799737e-12, "var": 7.45187116991e-06}, "spectral_rolloff": {"dmean": 614.952514648, "dmean2": 1038.38916016, "dvar": 2349262.75, "dvar2": 5109830.5, "max": 18733.8867188, "mean": 1405.79785156, "median": 538.330078125, "min": 21.533203125, "var": 4604062.5}, "spectral_skewness": {"dmean": 0.199752926826, "dmean2": 0.301127612591, "dvar": 0.0566994249821, "dvar2": 0.118648983538, "max": 6.27397727966, "mean": 1.48635840416, "median": 1.38203132153, "min": -0.0406319238245, "var": 0.34736469388}, "spectral_spread": {"dmean": 899681.4375, "dmean2": 1292708.875, "dvar": 1869027868670.0, "dvar2": 3259907440640.0, "max": 41264768, "mean": 6694162, "median": 6158994, "min": 1294989.25, "var": 7186455986180.0}, "spectral_strongpeak": {"dmean": 0.252019643784, "dmean2": 0.436760365963, "dvar": 0.237598523498, "dvar2": 0.603176772594, "max": 8.47605991364, "mean": 0.549641609192, "median": 0.352632433176, "min": 0, "var": 0.468743652105}, "zerocrossingrate": {"dmean": 0.0136458119377, "dmean2": 0.0164952464402, "dvar": 0.000383044360206, "dvar2": 0.000492061139084, "max": 0.49267578125, "mean": 0.0634411051869, "median": 0.05078125, "min": 0, "var": 0.00257541937754}, "barkbands": {"dmean": [0.000643171137199, 0.00527676800266, 0.00215445132926, 0.000857552746311, 0.00114825821947, 0.000661626108922, 0.000316363875754, 0.000269219250185, 0.000173645865289, 0.000215360632865, 0.00013891197159, 0.000159486968187, 0.000135921654874, 0.000115509697935, 0.000151585685671, 0.000149376908666, 0.000132021363243, 9.42551414482e-05, 0.00017052203475, 0.000193864601897, 0.000105321538285, 0.000110432316433, 6.45628169877e-05, 0.000101349796751, 0.00011672610708, 5.63387147849e-05, 7.84059830039e-06], "dmean2": [0.00093787437072, 0.00811352860183, 0.00352791137993, 0.00152937672101, 0.00187598029152, 0.00104085437488, 0.000461661518784, 0.000367443630239, 0.000241791945882, 0.000267852970865, 0.000194041116629, 0.000249538104981, 0.000217889537453, 0.000184903808986, 0.000235557861743, 0.000228305027122, 0.000212039973121, 0.000153610861162, 0.000276261445833, 0.0003368879552, 0.000176323053893, 0.000183265889063, 9.69233078649e-05, 0.000151381158503, 0.000176191140781, 9.02890024008e-05, 1.22643905343e-05], "dvar": [3.00758392768e-06, 0.000358854653314, 0.000172001833562, 4.01013785449e-05, 1.51948725033e-05, 2.98183226732e-06, 5.3452214388e-07, 8.81762730387e-07, 2.7948681236e-07, 3.61451327535e-07, 1.63343329973e-07, 5.11677455961e-07, 1.84507669587e-07, 1.17889008777e-07, 1.32817646659e-07, 3.44717108192e-07, 2.29822163078e-07, 7.93839163293e-08, 2.68875282927e-07, 2.03008585231e-06, 2.57193192965e-07, 2.87108321118e-07, 3.13330659196e-08, 7.82420386258e-08, 8.7366089474e-08, 4.42271925749e-08, 9.32319221825e-10], "dvar2": [5.71805003347e-06, 0.000803700007964, 0.000437097856775, 0.000114384012704, 4.07770494348e-05, 8.30993667478e-06, 1.290218961e-06, 2.05169772016e-06, 5.35483422937e-07, 5.00051271501e-07, 3.02738413893e-07, 1.23030258692e-06, 4.76890761547e-07, 3.00600561332e-07, 2.97410821304e-07, 6.79296476847e-07, 5.41084034467e-07, 1.91906863733e-07, 6.26733310582e-07, 5.86619034948e-06, 6.92350454301e-07, 7.72464829879e-07, 6.35153583062e-08, 1.61553685984e-07, 1.86370840538e-07, 9.76848895107e-08, 2.16647766393e-09], "max": [0.059065785259, 0.373660773039, 0.250870496035, 0.12841579318, 0.0990048646927, 0.0395902395248, 0.015340667218, 0.029684426263, 0.01666787453, 0.0254597533494, 0.0115271275863, 0.0224903654307, 0.00903339125216, 0.00692769791931, 0.00877282768488, 0.0129898507148, 0.0100744236261, 0.00547062326223, 0.0102089541033, 0.037060007453, 0.00861049909145, 0.0137276165187, 0.0030262991786, 0.0067891231738, 0.00458057690412, 0.00383181893267, 0.000573811936192], "mean": [0.00250639137812, 0.0118461530656, 0.0037947925739, 0.000793741259258, 0.00217791949399, 0.00203233468346, 0.00103175640106, 0.000816727755591, 0.000420732743805, 0.00060749828117, 0.000310678646201, 0.000266695831669, 0.000226772142923, 0.000188057616469, 0.000245751289185, 0.000289145536954, 0.000229774566833, 0.000159695744514, 0.00031447398942, 0.000255542603554, 0.000140386997373, 0.000143367346027, 0.000108340958832, 0.000147685073898, 0.0001582178229, 6.10681017861e-05, 8.20646255306e-06], "median": [0.000341716833645, 0.00407701451331, 0.00030069303466, 4.27713966928e-05, 0.000464077922516, 0.000565332360566, 0.000240879075136, 0.00013018923346, 4.8405421694e-05, 5.12701153639e-05, 2.17057277041e-05, 1.98438210646e-05, 2.7360751119e-05, 1.81601790246e-05, 7.71011109464e-05, 2.05535361602e-05, 1.18747429951e-05, 1.40569809446e-05, 5.47118979739e-05, 1.45458479892e-05, 2.76777100225e-05, 4.05831015087e-05, 2.92840813927e-05, 4.42926902906e-05, 3.78413606086e-05, 2.73785644822e-06, 6.64129061079e-07], "min": [2.08230185788e-23, 1.08684790569e-23, 3.67393941135e-24, 8.05774398573e-24, 2.95018990195e-23, 1.71134948353e-23, 2.03147002773e-23, 3.67698007571e-23, 1.85362622759e-23, 6.26837836748e-23, 9.39298573113e-23, 9.47707577927e-23, 1.32785939572e-22, 1.53933167361e-22, 3.31684834862e-22, 2.5720705054e-22, 1.86883899994e-22, 2.16574453521e-22, 5.23774156602e-22, 4.83449253201e-22, 4.08089307816e-22, 6.30718300339e-22, 5.97068548592e-22, 9.89808743651e-22, 9.04029750622e-22, 1.66375495552e-21, 2.57843061756e-21], "var": [2.76340579148e-05, 0.000532362668309, 0.000180428411113, 2.49696768151e-05, 2.08195342566e-05, 1.03671154648e-05, 3.23517701872e-06, 2.77427602668e-06, 1.11990800633e-06, 3.17378840009e-06, 7.62435718116e-07, 9.07503419967e-07, 3.38212061024e-07, 2.15160881112e-07, 3.05247340293e-07, 1.13121575396e-06, 5.10309234869e-07, 1.85166641131e-07, 6.31629461623e-07, 1.36507367188e-06, 2.18456818857e-07, 2.45419158773e-07, 6.05003123155e-08, 1.20129811876e-07, 1.40525429515e-07, 6.36865635784e-08, 9.76411618225e-10]}, "erbbands": {"dmean": [0.177765846252, 1.1308529377, 2.309278965, 2.82874178886, 2.66153526306, 4.44023656845, 5.36485290527, 5.31772947311, 4.20013618469, 5.48464918137, 4.9252076149, 4.66845655441, 6.50480937958, 4.95841407776, 5.61427879333, 7.29783010483, 6.19660758972, 6.29441308975, 7.1002779007, 8.44223403931, 6.20660400391, 6.46877288818, 5.01628494263, 6.27969074249, 9.29964256287, 9.79538631439, 6.31850481033, 3.46992611885, 3.24117207527, 3.1091299057, 2.01229906082, 1.71472704411, 2.09055495262, 1.28527343273, 0.864240407944, 0.32697764039, 0.0777113437653, 0.0179380364716, 0.00125323445536, 5.77339269512e-05], "dmean2": [0.285975337029, 1.72722756863, 3.53758239746, 4.88671159744, 4.66670608521, 7.09583377838, 8.21767234802, 8.61668205261, 6.08063983917, 7.82160377502, 6.76914930344, 6.30181598663, 7.98249006271, 6.58682632446, 8.02630615234, 11.2363243103, 9.81770992279, 10.0185546875, 11.0488471985, 13.1792669296, 9.52055740356, 10.2801685333, 8.27214241028, 10.0920543671, 14.8147859573, 16.7016925812, 10.9724407196, 5.77052116394, 5.42678165436, 5.03084802628, 3.06862020493, 2.43010616302, 3.19964599609, 1.94000029564, 1.32948184013, 0.520149946213, 0.124544940889, 0.0286182593554, 0.00195958837867, 9.17643192224e-05], "dvar": [0.326692432165, 18.9832286835, 141.658584595, 390.691833496, 200.904266357, 221.383071899, 217.864105225, 245.621658325, 104.624412537, 284.411499023, 292.788024902, 192.01423645, 386.981933594, 226.06137085, 264.511749268, 1019.33300781, 366.381652832, 344.857421875, 288.256317139, 992.409118652, 391.061889648, 786.648681641, 228.56477356, 398.256591797, 861.387023926, 3972.11547852, 2119.02612305, 216.175827026, 401.264373779, 158.440963745, 27.5916023254, 32.4307746887, 32.6643066406, 10.4373989105, 5.01972484589, 1.37392914295, 0.0893497169018, 0.00448040384799, 1.80515398824e-05, 9.0398167174e-08], "dvar2": [0.834180951118, 41.3310050964, 320.603820801, 1078.68481445, 567.393371582, 571.682189941, 549.267150879, 724.408813477, 273.119934082, 656.442138672, 672.60168457, 359.823059082, 504.068084717, 374.322875977, 556.241943359, 2326.51196289, 923.660766602, 874.509277344, 632.117004395, 2221.0637207, 795.791809082, 1884.72253418, 566.030700684, 994.666687012, 1921.86633301, 11255.4960938, 5892.49365234, 571.021911621, 1105.42126465, 406.486755371, 57.2327575684, 61.4888000488, 72.3322753906, 22.7440319061, 10.7095727921, 3.07536816597, 0.192499727011, 0.0102419676259, 4.03088670282e-05, 2.19973955495e-07], "max": [10.6469230652, 85.2326583862, 217.627502441, 396.776885986, 240.417831421, 363.80065918, 339.120697021, 419.387664795, 230.528549194, 395.810638428, 450.387268066, 483.775146484, 975.136047363, 584.457214355, 562.676269531, 1155.14001465, 447.530303955, 385.270629883, 410.632598877, 673.89630127, 556.061645508, 689.760559082, 306.348236084, 366.026519775, 519.738037109, 1585.09545898, 1141.36242676, 377.507202148, 527.940673828, 275.206420898, 90.3663482666, 218.317810059, 112.006797791, 51.4087142944, 38.1616401672, 22.1544342041, 7.75680494308, 1.25060498714, 0.0676541104913, 0.00759917031974], "mean": [0.346573382616, 2.65622735023, 4.49817180634, 3.74575686455, 3.18524742126, 8.60052490234, 15.2986783981, 15.7274703979, 15.2868747711, 17.7808437347, 14.6786737442, 12.372344017, 18.1125602722, 13.0757627487, 12.0743637085, 13.0131492615, 11.4653663635, 10.9159231186, 12.4982032776, 15.2943878174, 12.277844429, 11.3102254868, 9.34346580505, 10.7098684311, 17.371799469, 13.8722743988, 7.5938000679, 5.14722442627, 4.08865022659, 4.26679706573, 3.43485665321, 2.92861485481, 2.78191661835, 1.77334785461, 1.08404862881, 0.362210988998, 0.0868204236031, 0.0188497249037, 0.00137048249599, 8.35681421449e-05], "median": [0.143155872822, 0.781317830086, 1.12778270245, 0.284921348095, 0.354606330395, 1.63249635696, 4.13631248474, 3.6087141037, 3.64329719543, 4.25384998322, 3.31773376465, 2.14948773384, 2.55222845078, 2.08252429962, 1.58601593971, 1.583512187, 1.76461100578, 1.9770745039, 4.22663497925, 2.16318225861, 1.40879070759, 0.752562999725, 0.883791446686, 2.16071653366, 2.3526968956, 1.29106903076, 0.589312553406, 1.42162656784, 1.14053690434, 0.841433048248, 0.954792022705, 0.889459609985, 0.6951597929, 0.485608249903, 0.189209550619, 0.0214881971478, 0.00403215549886, 0.000595941499341, 0.000184526812518, 3.57230237569e-05], "min": [5.39067910256e-22, 1.902945357e-21, 4.11898301871e-21, 2.15113730511e-20, 4.49686174075e-20, 1.53703857991e-19, 8.79355094313e-20, 1.23038424452e-19, 1.32765228351e-19, 6.52267947053e-19, 7.90433010443e-19, 3.62427815372e-19, 1.9531841505e-18, 1.71974375207e-18, 4.5083142502e-18, 4.09244795647e-18, 6.00541189724e-18, 4.86346135106e-18, 1.54062025129e-17, 1.9068031823e-17, 1.2013720581e-17, 9.47154061417e-18, 1.34253514456e-17, 1.49225318107e-17, 2.85107948236e-17, 2.31069628481e-17, 1.86346189605e-17, 1.68724000009e-17, 2.3232107003e-17, 1.59615235996e-17, 2.01062708775e-17, 1.5460602873e-17, 1.76403528273e-17, 1.00246795985e-17, 7.49203206106e-18, 5.43262116951e-18, 3.38404448282e-18, 1.25693775031e-18, 3.50726130686e-19, 3.78978193702e-20], "var": [0.417727380991, 28.4908294678, 180.38053894, 285.157806396, 147.674102783, 365.021453857, 757.482849121, 827.906921387, 680.587646484, 1215.70336914, 963.770263672, 852.116882324, 2989.1237793, 1476.58410645, 952.900390625, 2040.83203125, 779.944946289, 633.440795898, 759.557800293, 2037.1171875, 1339.30114746, 1449.98669434, 612.447509766, 688.811157227, 2129.99316406, 3137.52929688, 1431.73828125, 202.091003418, 297.076049805, 194.657714844, 50.9718894958, 62.7675018311, 41.9117355347, 15.4835596085, 8.19904613495, 1.97164344788, 0.142954692245, 0.00565640255809, 2.06894201256e-05, 8.13514233755e-08]}, "gfcc": {"mean": [-61.1513710022, 67.4772949219, -88.393371582, 38.5945167542, -61.827255249, 22.6380996704, -38.0807685852, 14.3728284836, -12.2058706284, 9.90280342102, 0.29975643754, -1.09872674942, -0.22620035708], "cov": [[16067.6591797, 473.311187744, -226.424728394, 380.607574463, 108.348136902, 192.140716553, -202.326690674, 350.151000977, -270.961364746, 129.596191406, -262.075469971, 63.2943191528, -176.792938232], [473.311187744, 2237.59985352, 188.604629517, 31.2562160492, 203.436950684, -32.6138877869, 88.9724273682, -91.7938690186, 103.783294678, -358.377441406, 27.9256229401, -130.162094116, 180.298629761], [-226.424728394, 188.604629517, 1841.35595703, 318.488006592, 154.745407104, 414.854888916, -46.9071502686, 128.078460693, 116.679046631, -82.5728912354, 114.324798584, -2.90887975693, 26.7419090271], [380.607574463, 31.2562160492, 318.488006592, 744.778747559, 310.765930176, 174.719436646, 144.727264404, 42.849193573, 44.302318573, -5.55958509445, -5.50291538239, -35.659702301, -47.3466682434], [108.348136902, 203.436950684, 154.745407104, 310.765930176, 441.108215332, 168.655471802, 173.36769104, -8.31988334656, -69.8886413574, -53.8295173645, -93.6947250366, -1.65042710304, -47.6771087646], [192.140716553, -32.6138877869, 414.854888916, 174.719436646, 168.655471802, 432.543121338, 217.016387939, 87.8799972534, -17.3254203796, -90.1480560303, 36.2829742432, 4.84556436539, 26.8208198547], [-202.326690674, 88.9724273682, -46.9071502686, 144.727264404, 173.36769104, 217.016387939, 463.851867676, 198.494064331, -62.2934494019, -164.974060059, -49.7168121338, 19.4485168457, 34.5452194214], [350.151000977, -91.7938690186, 128.078460693, 42.849193573, -8.31988334656, 87.8799972534, 198.494064331, 399.588470459, 168.157196045, -52.3673095703, -30.089931488, -27.2838859558, 9.35395240784], [-270.961364746, 103.783294678, 116.679046631, 44.302318573, -69.8886413574, -17.3254203796, -62.2934494019, 168.157196045, 376.741760254, 113.291091919, 60.1841812134, -80.0042114258, 6.89899778366], [129.596191406, -358.377441406, -82.5728912354, -5.55958509445, -53.8295173645, -90.1480560303, -164.974060059, -52.3673095703, 113.291091919, 333.304168701, 78.8116455078, 5.52013540268, -70.0076751709], [-262.075469971, 27.9256229401, 114.324798584, -5.50291538239, -93.6947250366, 36.2829742432, -49.7168121338, -30.089931488, 60.1841812134, 78.8116455078, 246.072921753, 39.6639785767, 66.8421020508], [63.2943191528, -130.162094116, -2.90887975693, -35.659702301, -1.65042710304, 4.84556436539, 19.4485168457, -27.2838859558, -80.0042114258, 5.52013540268, 39.6639785767, 149.7550354, 40.1840515137], [-176.792938232, 180.298629761, 26.7419090271, -47.3466682434, -47.6771087646, 26.8208198547, 34.5452194214, 9.35395240784, 6.89899778366, -70.0076751709, 66.8421020508, 40.1840515137, 193.454605103]], "icov": [[0.00011368028936, -0.000204482057597, 0.0001265451574, -0.000193363812286, 0.000207255361602, -0.000396327144699, 0.000478559260955, -0.000566482543945, 0.000491806538776, -0.000367812841432, 0.000257756822975, -0.000234843813814, 8.66862901603e-05], [-0.000204482057597, 0.00133300223388, -0.000382594618713, 0.00067345239222, -0.00131614715792, 0.0015297268983, -0.00125749967992, 0.00184486503713, -0.00182206416503, 0.00202658958733, -0.0011555547826, 0.00127367430832, -0.000679547898471], [0.0001265451574, -0.000382594618713, 0.00112560077105, -0.000527600408532, 0.000158178256243, -0.0016241883859, 0.00173358479515, -0.0013308734633, 0.000631027156487, -0.000115582202852, 4.65623270429e-05, -0.000643760489766, 0.000259748951066], [-0.000193363812286, 0.00067345239222, -0.000527600408532, 0.00260710367002, -0.00210105138831, 0.00106418167707, -0.00143620278686, 0.00141030235682, -0.00153919751756, 0.000949884823058, -0.00116029381752, 0.00111412827391, -2.32085608332e-06], [0.000207255361602, -0.00131614715792, 0.000158178256243, -0.00210105138831, 0.0059595820494, -0.00235957209952, -0.000169361999724, -0.00055384170264, 0.00176709645893, -0.00241092336364, 0.0030891476199, -0.00174403376877, 0.00109228969086], [-0.000396327144699, 0.0015297268983, -0.0016241883859, 0.00106418167707, -0.00235957209952, 0.00686810538173, -0.00432142708451, 0.00296270125546, -0.00233583059162, 0.00241260533221, -0.00256457785144, 0.00213107024319, -0.000808395096101], [0.000478559260955, -0.00125749967992, 0.00173358479515, -0.00143620278686, -0.000169361999724, -0.00432142708451, 0.00838701985776, -0.00608806544915, 0.00384347722866, -0.000588470837101, 0.00085336813936, -0.0018446786562, 0.000110569882963], [-0.000566482543945, 0.00184486503713, -0.0013308734633, 0.00141030235682, -0.00055384170264, 0.00296270125546, -0.00608806544915, 0.00923340860754, -0.00640786858276, 0.00326759344898, -0.000507692922838, 0.00118830357678, -0.000274935766356], [0.000491806538776, -0.00182206416503, 0.000631027156487, -0.00153919751756, 0.00176709645893, -0.00233583059162, 0.00384347722866, -0.00640786858276, 0.00874525588006, -0.00472336169332, 0.000733771594241, 0.00104875105899, -0.000426033046097], [-0.000367812841432, 0.00202658958733, -0.000115582202852, 0.000949884823058, -0.00241092336364, 0.00241260533221, -0.000588470837101, 0.00326759344898, -0.00472336169332, 0.00854616519064, -0.00358558935113, 0.000429394101957, 0.00145281606819], [0.000257756822975, -0.0011555547826, 4.65623270429e-05, -0.00116029381752, 0.0030891476199, -0.00256457785144, 0.00085336813936, -0.000507692922838, 0.000733771594241, -0.00358558935113, 0.00788545422256, -0.00263986317441, -0.00148878747132], [-0.000234843813814, 0.00127367430832, -0.000643760489766, 0.00111412827391, -0.00174403376877, 0.00213107024319, -0.0018446786562, 0.00118830357678, 0.00104875105899, 0.000429394101957, -0.00263986317441, 0.0104552330449, -0.00263496930711], [8.66862901603e-05, -0.000679547898471, 0.000259748951066, -2.32085608332e-06, 0.00109228969086, -0.000808395096101, 0.000110569882963, -0.000274935766356, -0.000426033046097, 0.00145281606819, -0.00148878747132, -0.00263496930711, 0.00782275013626]]}, "melbands": {"dmean": [0.00152436189819, 0.00119814195205, 0.000464131473564, 0.000258996529737, 0.000185451368452, 0.000118191899674, 6.46316912025e-05, 5.97632570134e-05, 3.90025343222e-05, 2.75886304735e-05, 3.22689265886e-05, 2.00536014745e-05, 1.89270922419e-05, 1.83930023923e-05, 1.53304845298e-05, 1.39899202622e-05, 1.1873569747e-05, 1.10915434561e-05, 9.79380911303e-06, 1.35964610308e-05, 7.01633825884e-06, 7.47087051423e-06, 5.83674773225e-06, 5.00017677041e-06, 5.29128374183e-06, 8.02553313406e-06, 4.76352761325e-06, 7.64188553148e-06, 4.90415322929e-06, 2.63453171101e-06, 2.00749059331e-06, 1.93818277694e-06, 2.04150728678e-06, 1.49902894009e-06, 1.15353384444e-06, 1.23044480915e-06, 1.02069975583e-06, 1.62658386671e-06, 1.23044469547e-06, 1.03302045318e-06], "dmean2": [0.00237854733132, 0.001782492036, 0.000783528783359, 0.000431571417721, 0.000287273811409, 0.000189298749319, 9.34458512347e-05, 8.38750202092e-05, 5.33841812285e-05, 3.7461239117e-05, 3.96054783778e-05, 2.68048952421e-05, 2.65988619503e-05, 2.87135717372e-05, 2.36992800637e-05, 2.24045215873e-05, 1.89153197425e-05, 1.75019577e-05, 1.51430804181e-05, 2.1153688067e-05, 1.0876899978e-05, 1.18393309094e-05, 9.1813144536e-06, 8.05407671578e-06, 8.41169639898e-06, 1.29533773361e-05, 7.69454436522e-06, 1.32895247589e-05, 8.61593161972e-06, 4.44616489403e-06, 3.33692355525e-06, 3.29554450218e-06, 3.3804146824e-06, 2.42410146711e-06, 1.82744099675e-06, 1.72624709194e-06, 1.51332892528e-06, 2.49392792284e-06, 1.88082708519e-06, 1.58356044722e-06], "dvar": [2.76010578091e-05, 2.45468818321e-05, 9.25942094909e-06, 1.05641584014e-06, 2.28464870133e-07, 1.09873006693e-07, 2.34013164402e-08, 3.79716738053e-08, 1.55745318864e-08, 6.36691499523e-09, 9.56967305399e-09, 4.16254719582e-09, 2.90678459081e-09, 6.53859322242e-09, 3.04222713687e-09, 2.01071914674e-09, 1.33214017595e-09, 7.65369434497e-10, 7.30370042223e-10, 3.20773452245e-09, 5.61059143589e-10, 1.22949062042e-09, 3.11275227816e-10, 2.73385175609e-10, 3.25334870155e-10, 6.47109699159e-10, 2.70971356464e-10, 3.13123793561e-09, 1.76051451195e-09, 1.50597423421e-10, 5.92726770443e-11, 1.5699351541e-10, 1.00219145482e-10, 3.29644818386e-11, 8.56957213524e-12, 1.39450005363e-11, 1.22621713131e-11, 2.28399729685e-11, 9.72424571422e-12, 6.96617806842e-12], "dvar2": [6.67393178446e-05, 4.88679761474e-05, 2.48031064984e-05, 2.87970101454e-06, 5.69919279769e-07, 3.21605284626e-07, 5.95584026541e-08, 8.78074999378e-08, 3.48692559271e-08, 1.20188365926e-08, 1.24971446525e-08, 6.86607615208e-09, 5.62881119492e-09, 1.61456181758e-08, 7.02359415072e-09, 5.39562172719e-09, 3.32649796597e-09, 1.81771786512e-09, 1.66584390726e-09, 6.48799014513e-09, 1.2269636418e-09, 2.97982416519e-09, 7.00111968399e-10, 6.52837506276e-10, 8.30604307556e-10, 1.48601408956e-09, 6.51303899701e-10, 8.99565044676e-09, 5.01492314342e-09, 4.09556832892e-10, 1.56306675936e-10, 4.37875846693e-10, 2.67149496969e-10, 8.29874086117e-11, 1.94591842639e-11, 2.61297754267e-11, 2.41588433286e-11, 5.06259860422e-11, 2.16661619201e-11, 1.51360833589e-11], "max": [0.10347981751, 0.103540375829, 0.0618963353336, 0.0255677308887, 0.00948832277209, 0.00871981400996, 0.00342005537823, 0.00545034138486, 0.00332568516023, 0.00272764777765, 0.00479009654373, 0.00281538511626, 0.00153583090287, 0.00243465369567, 0.00133527326398, 0.000830373843201, 0.00087822554633, 0.000602575892117, 0.000595671881456, 0.00127114809584, 0.000820797344204, 0.000880150008015, 0.000327090761857, 0.000427922612289, 0.000348459958332, 0.000474485364975, 0.000283826084342, 0.00143832399044, 0.00108708394691, 0.000228924385738, 0.000239405533648, 0.000318120990414, 0.000279169238638, 0.000124691607198, 5.16822219652e-05, 0.000109008651634, 0.000124336685985, 0.000116098075523, 5.42249727005e-05, 4.16658913309e-05], "mean": [0.00339082139544, 0.00282897078432, 0.000635768927168, 0.000406487437431, 0.000516525818966, 0.000357153388904, 0.000230193923926, 0.000191497107153, 0.000111660541734, 7.0956608397e-05, 8.8529632194e-05, 5.17752268934e-05, 4.17284900323e-05, 3.17803751386e-05, 2.80487456621e-05, 2.3293254344e-05, 1.96900909941e-05, 1.87422392628e-05, 1.52383081513e-05, 2.68507774308e-05, 1.17213567137e-05, 1.19944697872e-05, 9.8892924143e-06, 8.3561772044e-06, 7.75119042373e-06, 1.3994940673e-05, 8.43960151542e-06, 9.71343888523e-06, 5.08555649503e-06, 3.52988081431e-06, 2.9167433695e-06, 2.31098420045e-06, 2.56191970038e-06, 2.02902856472e-06, 1.92746756511e-06, 1.93765390577e-06, 1.69201018707e-06, 2.09609902413e-06, 1.66272525348e-06, 1.40386771363e-06], "median": [0.0013177881483, 0.000845151254907, 5.07078002556e-05, 4.85558557557e-05, 0.000161726144142, 8.62467568368e-05, 5.32084923179e-05, 4.60081209894e-05, 2.10904581763e-05, 9.95737536869e-06, 8.94853292266e-06, 5.86590886087e-06, 3.70857515009e-06, 2.71231920124e-06, 3.13072064273e-06, 2.8261956686e-06, 1.87370096683e-06, 5.38210588275e-06, 4.1786734073e-06, 1.9187664293e-06, 1.09483005417e-06, 6.09096446169e-07, 4.46110306029e-07, 5.61445517633e-07, 7.49300340885e-07, 1.31848560159e-06, 1.40974111673e-06, 3.31303340317e-07, 2.492709541e-07, 2.3913997893e-07, 6.27746658211e-07, 5.14272699093e-07, 4.06774262274e-07, 2.4962326961e-07, 4.48823811894e-07, 4.19469017743e-07, 5.18258616466e-07, 4.27533791481e-07, 5.08865184656e-07, 3.6408835058e-07], "min": [6.27047310873e-24, 2.44653061296e-24, 3.41763653109e-24, 8.0786330225e-24, 3.42016009713e-24, 2.96028751876e-24, 2.61756551798e-24, 7.72367638073e-24, 6.02212549627e-24, 2.34935951552e-24, 9.78619660478e-24, 6.44806818103e-24, 1.45763951018e-23, 1.02109059055e-23, 1.3980563727e-23, 1.09978364681e-23, 8.06078583338e-24, 2.36265829043e-23, 2.69803430013e-23, 2.28547897936e-23, 1.2227247001e-23, 8.66356391739e-24, 1.37421368292e-23, 9.95513905624e-24, 1.07924170884e-23, 2.51761581577e-23, 1.51570251271e-23, 1.49798469678e-23, 1.20159987281e-23, 1.14873546365e-23, 9.26386340044e-24, 1.40390309418e-23, 1.11033284704e-23, 7.52926161064e-24, 1.13685797943e-23, 1.04411467936e-23, 9.3987633484e-24, 1.18851156599e-23, 1.21078978681e-23, 7.40934370899e-24], "var": [3.89045926568e-05, 4.07875741075e-05, 7.27795259081e-06, 1.21191317248e-06, 7.36227775633e-07, 3.80386723009e-07, 1.55188033091e-07, 1.45255043549e-07, 5.51586261111e-08, 2.94383326604e-08, 7.45559418647e-08, 2.86469337141e-08, 1.3069525906e-08, 1.08896882622e-08, 7.37753502733e-09, 3.62025898148e-09, 2.52309440008e-09, 1.77753434194e-09, 1.33234423494e-09, 1.01758352855e-08, 1.561408558e-09, 1.95854354956e-09, 8.646726668e-10, 5.58147639218e-10, 4.56038679042e-10, 1.44388101475e-09, 6.10349715213e-10, 2.15618300992e-09, 1.07125130988e-09, 1.37718683679e-10, 5.63732879821e-11, 1.09929620962e-10, 9.31129479076e-11, 4.45042579178e-11, 1.43855621859e-11, 2.7274096176e-11, 2.19475878444e-11, 2.85715340276e-11, 1.35951770674e-11, 1.0463786955e-11]}, "mfcc": {"mean": [-714.860656738, 94.9908370972, 35.6780815125, 18.2323913574, 12.8257961273, 4.65651988983, 1.47306191921, -0.681926608086, 0.978233993053, 10.5534076691, 3.63459205627, 1.50230073929, 9.73624897003], "cov": [[11585.1386719, 1357.83605957, -722.063354492, 458.145263672, 38.1788787842, -71.474395752, -44.3076782227, -88.0189056396, -37.0118026733, -54.9438667297, 49.9202880859, -32.6682739258, -284.105499268], [1357.83605957, 1898.40637207, 181.895065308, 26.4950141907, 173.741500854, -33.4236412048, -9.2664937973, 94.9717025757, 21.8690032959, -53.0052833557, -94.5857009888, -56.8701133728, -94.6505126953], [-722.063354492, 181.895065308, 1568.50830078, 18.0462799072, 437.109558105, 77.3238067627, 83.2507019043, 189.150497437, 54.6955947876, 103.843643188, 29.8585681915, 9.22917842865, 199.898086548], [458.145263672, 26.4950141907, 18.0462799072, 520.994934082, 152.295028687, 145.10798645, 103.905334473, 98.5081329346, 77.5380554199, 36.0934028625, 29.1300983429, 5.2656750679, -16.4163780212], [38.1788787842, 173.741500854, 437.109558105, 152.295028687, 385.563568115, 164.971069336, 8.8224401474, 6.21300315857, 0.0188917256892, 39.0323181152, 46.3596382141, 33.9120674133, 36.5434570312], [-71.474395752, -33.4236412048, 77.3238067627, 145.10798645, 164.971069336, 407.220031738, 206.006896973, 18.9780025482, -43.8275032043, -66.5678253174, -31.9295558929, 21.0811138153, 10.3868274689], [-44.3076782227, -9.2664937973, 83.2507019043, 103.905334473, 8.8224401474, 206.006896973, 481.293548584, 306.032226562, 64.3508987427, -91.5286254883, -96.3514633179, -7.56751775742, -18.1989955902], [-88.0189056396, 94.9717025757, 189.150497437, 98.5081329346, 6.21300315857, 18.9780025482, 306.032226562, 498.527160645, 229.51991272, 15.2440309525, -31.7073574066, -20.2065601349, -37.4622764587], [-37.0118026733, 21.8690032959, 54.6955947876, 77.5380554199, 0.0188917256892, -43.8275032043, 64.3508987427, 229.51991272, 296.361175537, 140.346878052, 4.46705961227, -6.6746006012, 25.4431724548], [-54.9438667297, -53.0052833557, 103.843643188, 36.0934028625, 39.0323181152, -66.5678253174, -91.5286254883, 15.2440309525, 140.346878052, 275.029632568, 135.114532471, -32.3601379395, 24.675825119], [49.9202880859, -94.5857009888, 29.8585681915, 29.1300983429, 46.3596382141, -31.9295558929, -96.3514633179, -31.7073574066, 4.46705961227, 135.114532471, 243.606002808, 78.6528778076, -52.4628448486], [-32.6682739258, -56.8701133728, 9.22917842865, 5.2656750679, 33.9120674133, 21.0811138153, -7.56751775742, -20.2065601349, -6.6746006012, -32.3601379395, 78.6528778076, 238.059448242, 91.4964370728], [-284.105499268, -94.6505126953, 199.898086548, -16.4163780212, 36.5434570312, 10.3868274689, -18.1989955902, -37.4622764587, 25.4431724548, 24.675825119, -52.4628448486, 91.4964370728, 309.725494385]], "icov": [[0.000104703620309, -7.95596206444e-05, 5.35098006367e-05, -0.000100612131064, -2.42065507337e-05, 7.06262071617e-05, -5.60502958251e-05, 6.69833025313e-05, -1.07781261249e-05, 3.5072756873e-05, -6.66022460791e-05, 1.56459973368e-05, 1.93452051462e-05], [-7.95596206444e-05, 0.000680442200974, -2.39487890212e-05, 0.000109749962576, -0.000456141511677, 0.000145422789501, 0.000197656932869, -0.000269630807452, 0.000112482957775, -0.000105333041574, 0.000593811855651, -0.000147601676872, 0.000327515561366], [5.35098006367e-05, -2.39487890212e-05, 0.00134970492218, 0.000388060987461, -0.00175295432564, 0.000447583006462, -0.000169577513589, -0.00079473585356, 0.000584206485655, -0.000234110731981, -0.000261126464466, 0.000513215607498, -0.000948226603214], [-0.000100612131064, 0.000109749962576, 0.000388060987461, 0.00270574726164, -0.00129711255431, -0.000490810489282, -0.000226770513109, -0.000299311213894, -0.000602125190198, 8.45660833875e-05, -0.000438338465756, 0.000341025763191, -0.000178085028892], [-2.42065507337e-05, -0.000456141511677, -0.00175295432564, -0.00129711255431, 0.00646307086572, -0.00259302416816, 0.00130203191657, 0.000240508350544, -5.92782316744e-06, -0.000472601823276, -0.000142693417729, -0.0008965380257, 0.000609829323366], [7.06262071617e-05, 0.000145422789501, 0.000447583006462, -0.000490810489282, -0.00259302416816, 0.00518503319472, -0.00310430675745, 0.00164109992329, -7.93711515144e-05, 0.000686260522343, -0.000315728946589, 0.000276740232948, -0.000240897061303], [-5.60502958251e-05, 0.000197656932869, -0.000169577513589, -0.000226770513109, 0.00130203191657, -0.00310430675745, 0.00634320639074, -0.00443916721269, 0.00184676260687, -0.000551886798348, 0.00205748924054, -0.000889976916369, 0.000396362767788], [6.69833025313e-05, -0.000269630807452, -0.00079473585356, -0.000299311213894, 0.000240508350544, 0.00164109992329, -0.00443916721269, 0.00763262761757, -0.00586161343381, 0.00300522986799, -0.00237924116664, 0.00112352927681, 0.000562225002795], [-1.07781261249e-05, 0.000112482957775, 0.000584206485655, -0.000602125190198, -5.92782316744e-06, -7.93711515144e-05, 0.00184676260687, -0.00586161343381, 0.0110753467306, -0.00788464490324, 0.00531373824924, -0.00314981956035, 0.000567334936932], [3.5072756873e-05, -0.000105333041574, -0.000234110731981, 8.45660833875e-05, -0.000472601823276, 0.000686260522343, -0.000551886798348, 0.00300522986799, -0.00788464490324, 0.0135251972824, -0.00986668374389, 0.00644834712148, -0.00348666054197], [-6.66022460791e-05, 0.000593811855651, -0.000261126464466, -0.000438338465756, -0.000142693417729, -0.000315728946589, 0.00205748924054, -0.00237924116664, 0.00531373824924, -0.00986668374389, 0.0138701312244, -0.00766684953123, 0.00509004853666], [1.56459973368e-05, -0.000147601676872, 0.000513215607498, 0.000341025763191, -0.0008965380257, 0.000276740232948, -0.000889976916369, 0.00112352927681, -0.00314981956035, 0.00644834712148, -0.00766684953123, 0.00935376249254, -0.00448065809906], [1.93452051462e-05, 0.000327515561366, -0.000948226603214, -0.000178085028892, 0.000609829323366, -0.000240897061303, 0.000396362767788, 0.000562225002795, 0.000567334936932, -0.00348666054197, 0.00509004853666, -0.00448065809906, 0.00639345915988]]}, "spectral_contrast_coeffs": {"dmean": [0.0412819869816, 0.037942416966, 0.0350446254015, 0.0352533832192, 0.0288435146213, 0.0167067423463], "dmean2": [0.0660225450993, 0.0601910054684, 0.0537276118994, 0.0548416525126, 0.046511489898, 0.0262953713536], "dvar": [0.00158607098274, 0.00127429747954, 0.00104103935882, 0.00102428416722, 0.000796745996922, 0.000308645074256], "dvar2": [0.00376321212389, 0.00305129634216, 0.00231075892225, 0.00222082436085, 0.00182283914182, 0.000690187502187], "max": [-0.267755627632, -0.310468226671, -0.350142359734, -0.418859541416, -0.486722975969, -0.617095947266], "mean": [-0.666051924229, -0.666396796703, -0.718598842621, -0.727942347527, -0.740871310234, -0.781071901321], "median": [-0.668926715851, -0.670056939125, -0.726730406284, -0.728826284409, -0.745222806931, -0.788370490074], "min": [-0.965238153934, -0.965698361397, -0.958413243294, -0.960718035698, -0.954347252846, -0.959950566292], "var": [0.00855994503945, 0.0141091039404, 0.0121464366093, 0.00662997877225, 0.0048950156197, 0.00216985261068]}, "spectral_contrast_valleys": {"dmean": [0.356998056173, 0.356766581535, 0.351816624403, 0.369976550341, 0.334434330463, 0.317537933588], "dmean2": [0.564299941063, 0.560393333435, 0.547620415688, 0.565590202808, 0.502842724323, 0.434589624405], "dvar": [0.194225147367, 0.205026745796, 0.185398712754, 0.235469758511, 0.235570341349, 0.252770870924], "dvar2": [0.350460529327, 0.37899518013, 0.3288723528