{"lowlevel": {"average_loudness": 0.794520199299, "barkbands_crest": {"dmean": 2.56844544411, "dmean2": 4.05224466324, "dvar": 6.05548334122, "dvar2": 15.0448064804, "max": 25.7255859375, "mean": 11.6626024246, "median": 10.7960004807, "min": 3.34318447113, "var": 18.302362442}, "barkbands_flatness_db": {"dmean": 0.0236712545156, "dmean2": 0.0360291078687, "dvar": 0.000542660942301, "dvar2": 0.00122582633048, "max": 0.440336227417, "mean": 0.176322743297, "median": 0.169744178653, "min": 0.0325133129954, "var": 0.00317543023266}, "barkbands_kurtosis": {"dmean": 3.61076498032, "dmean2": 5.51014995575, "dvar": 34.460849762, "dvar2": 78.2080154419, "max": 123.312553406, "mean": 7.00419998169, "median": 4.38033056259, "min": -1.8701761961, "var": 91.116973877}, "barkbands_skewness": {"dmean": 0.567816257477, "dmean2": 0.840199887753, "dvar": 0.374939441681, "dvar2": 0.786937177181, "max": 9.12040615082, "mean": 1.6144182682, "median": 1.57516813278, "min": -8.90345478058, "var": 2.26227259636}, "barkbands_spread": {"dmean": 3.38678979874, "dmean2": 5.27466821671, "dvar": 22.9002761841, "dvar2": 55.4987831116, "max": 99.8478164673, "mean": 12.4344091415, "median": 10.4174375534, "min": 0.626552760601, "var": 84.8649215698}, "dissonance": {"dmean": 0.0271691698581, "dmean2": 0.0451665148139, "dvar": 0.000681764096953, "dvar2": 0.00180455576628, "max": 0.5, "mean": 0.431195139885, "median": 0.437819451094, "min": 0.237406939268, "var": 0.00191762205213}, "dynamic_complexity": 3.4474568367, "erbbands_crest": {"dmean": 2.88712048531, "dmean2": 4.45383644104, "dvar": 8.01568031311, "dvar2": 17.8217582703, "max": 34.0863418579, "mean": 12.5728797913, "median": 11.150475502, "min": 2.44589495659, "var": 37.0942268372}, "erbbands_flatness_db": {"dmean": 0.0220165830106, "dmean2": 0.0318158902228, "dvar": 0.000505507399794, "dvar2": 0.0010017498862, "max": 0.485141783953, "mean": 0.186015889049, "median": 0.175175249577, "min": 0.0388248600066, "var": 0.00428664963692}, "erbbands_kurtosis": {"dmean": 1.78150725365, "dmean2": 2.74277901649, "dvar": 9.83609199524, "dvar2": 21.6483306885, "max": 87.8520126343, "mean": 2.91759300232, "median": 1.19848585129, "min": -1.70797419548, "var": 32.4284706116}, "erbbands_skewness": {"dmean": 0.392429172993, "dmean2": 0.594105184078, "dvar": 0.149826616049, "dvar2": 0.332788050175, "max": 4.68553113937, "mean": 0.708396196365, "median": 0.783800065517, "min": -7.05171775818, "var": 1.06107485294}, "erbbands_spread": {"dmean": 6.12691450119, "dmean2": 9.4916601181, "dvar": 55.5301399231, "dvar2": 130.847702026, "max": 117.384918213, "mean": 25.2013034821, "median": 22.5225219727, "min": 0.944153785706, "var": 215.674041748}, "hfc": {"dmean": 4.38985919952, "dmean2": 5.7769408226, "dvar": 30.8943691254, "dvar2": 57.6731910706, "max": 111.644630432, "mean": 14.5602626801, "median": 10.4229679108, "min": 1.23972258321e-16, "var": 186.899887085}, "melbands_crest": {"dmean": 3.02213549614, "dmean2": 4.80899524689, "dvar": 8.38718128204, "dvar2": 19.8830661774, "max": 36.7758827209, "mean": 14.2528419495, "median": 13.4148607254, "min": 2.06051564217, "var": 25.1645393372}, "melbands_flatness_db": {"dmean": 0.0265419073403, "dmean2": 0.0407739058137, "dvar": 0.000756610301323, "dvar2": 0.00171010219492, "max": 0.557484984398, "mean": 0.256461322308, "median": 0.256264477968, "min": 0.00671412888914, "var": 0.00405185110867}, "melbands_kurtosis": {"dmean": 6.26109170914, "dmean2": 9.6575756073, "dvar": 150.125183105, "dvar2": 349.905059814, "max": 233.133560181, "mean": 11.9364433289, "median": 6.06859970093, "min": -1.90556979179, "var": 304.808654785}, "melbands_skewness": {"dmean": 0.67869591713, "dmean2": 1.01017272472, "dvar": 0.649373114109, "dvar2": 1.38537585735, "max": 13.3861074448, "mean": 2.12873244286, "median": 1.85545563698, "min": -4.58655548096, "var": 2.8830947876}, "melbands_spread": {"dmean": 3.88076972961, "dmean2": 6.00343704224, "dvar": 40.0123939514, "dvar2": 93.0715408325, "max": 166.495727539, "mean": 15.3606958389, "median": 11.7974634171, "min": 0.894598424435, "var": 220.267303467}, "pitch_salience": {"dmean": 0.0620347112417, "dmean2": 0.100317284465, "dvar": 0.00362051720731, "dvar2": 0.00914346333593, "max": 0.827620148659, "mean": 0.501855611801, "median": 0.503270447254, "min": 0.0998179987073, "var": 0.0121375210583}, "silence_rate_20dB": {"dmean": 0, "dmean2": 0, "dvar": 0, "dvar2": 0, "max": 1, "mean": 1, "median": 1, "min": 1, "var": 0}, "silence_rate_30dB": {"dmean": 0.00642005493864, "dmean2": 0.0128420731053, "dvar": 0.00637911632657, "dvar2": 0.0151238385588, "max": 1, "mean": 0.992052555084, "median": 1, "min": 0, "var": 0.0078845564276}, "silence_rate_60dB": {"dmean": 0.0250687859952, "dmean2": 0.0501452386379, "dvar": 0.0244390591979, "dvar2": 0.0549647770822, "max": 1, "mean": 0.0629680603743, "median": 0, "min": 0, "var": 0.0590041391551}, "spectral_centroid": {"dmean": 122.646072388, "dmean2": 190.118347168, "dvar": 34558.4140625, "dvar2": 72729.015625, "max": 10687.8007812, "mean": 791.369384766, "median": 651.876220703, "min": 208.296096802, "var": 291898.625}, "spectral_complexity": {"dmean": 2.00305724144, "dmean2": 3.15976142883, "dvar": 4.07818460464, "dvar2": 9.01516723633, "max": 32, "mean": 12.1814155579, "median": 12, "min": 0, "var": 25.5404186249}, "spectral_decrease": {"dmean": 2.35124586467e-09, "dmean2": 3.34342997732e-09, "dvar": 8.08353154631e-18, "dvar2": 1.72299190422e-17, "max": 4.02329612048e-16, "mean": -7.08900671498e-09, "median": -5.91784798942e-09, "min": -4.41364527148e-08, "var": 3.05332183341e-17}, "spectral_energy": {"dmean": 0.00922208093107, "dmean2": 0.0130589604378, "dvar": 0.000122227400425, "dvar2": 0.000258215790382, "max": 0.176214993, "mean": 0.0280762091279, "median": 0.0234173983335, "min": 1.07431431071e-20, "var": 0.000476777408039}, "spectral_energyband_high": {"dmean": 8.29266864457e-05, "dmean2": 0.000125851278426, "dvar": 1.80353918466e-08, "dvar2": 3.74713451379e-08, "max": 0.00581220025197, "mean": 0.000176156754605, "median": 0.00010889161058, "min": 7.52063969542e-21, "var": 1.11615563014e-07}, "spectral_energyband_low": {"dmean": 0.00417172769085, "dmean2": 0.00634042406455, "dvar": 5.54237776669e-05, "dvar2": 0.000134290254209, "max": 0.107022568583, "mean": 0.0076878843829, "median": 0.00434383563697, "min": 3.41750132033e-23, "var": 8.88727590791e-05}, "spectral_energyband_middle_high": {"dmean": 0.00204240810126, "dmean2": 0.00270126038231, "dvar": 1.45366648212e-05, "dvar2": 2.656372817e-05, "max": 0.0989925637841, "mean": 0.00545805459842, "median": 0.00225595803931, "min": 1.43845961314e-21, "var": 8.17139880382e-05}, "spectral_energyband_middle_low": {"dmean": 0.00553124491125, "dmean2": 0.00800981000066, "dvar": 5.68863470107e-05, "dvar2": 0.00012322627299, "max": 0.135268092155, "mean": 0.0155754098669, "median": 0.0116553381085, "min": 2.59974374596e-22, "var": 0.000222902439418}, "spectral_entropy": {"dmean": 0.223501518369, "dmean2": 0.338781535625, "dvar": 0.052308704704, "dvar2": 0.117226913571, "max": 9.81346321106, "mean": 7.03490018845, "median": 7.03070688248, "min": 4.74181175232, "var": 0.317183673382}, "spectral_flux": {"dmean": 0.0271197725087, "dmean2": 0.0432113073766, "dvar": 0.000881902058609, "dvar2": 0.00204439251684, "max": 0.318487972021, "mean": 0.067551471293, "median": 0.0594063773751, "min": 1.03649137884e-10, "var": 0.00168070860673}, "spectral_kurtosis": {"dmean": 3.24147605896, "dmean2": 5.3760766983, "dvar": 29.3108711243, "dvar2": 83.3016586304, "max": 110.796463013, "mean": 9.61842918396, "median": 6.89118671417, "min": -1.20634186268, "var": 92.4359436035}, "spectral_rms": {"dmean": 0.000846689683385, "dmean2": 0.00116661807988, "dvar": 7.95411324361e-07, "dvar2": 1.6162148313e-06, "max": 0.013111715205, "mean": 0.0048145763576, "median": 0.00477977422997, "min": 3.23745500894e-12, "var": 4.21127197114e-06}, "spectral_rolloff": {"dmean": 202.534240723, "dmean2": 347.530548096, "dvar": 285650.5625, "dvar2": 639362.75, "max": 19832.0800781, "mean": 1014.20129395, "median": 753.662109375, "min": 64.599609375, "var": 3372654.5}, "spectral_skewness": {"dmean": 0.342188090086, "dmean2": 0.555517733097, "dvar": 0.16042393446, "dvar2": 0.445486932993, "max": 7.78868579865, "mean": 2.35445642471, "median": 2.26238465309, "min": 0.00841517467052, "var": 0.586870551109}, "spectral_spread": {"dmean": 620024.1875, "dmean2": 910618.5, "dvar": 569623445504, "dvar2": 1084168929280.0, "max": 40727652, "mean": 4495596, "median": 4489067.5, "min": 713754.5625, "var": 3527863435260.0}, "spectral_strongpeak": {"dmean": 0.632136046886, "dmean2": 1.01640629768, "dvar": 1.04139697552, "dvar2": 2.42605495453, "max": 16.0141239166, "mean": 1.4075858593, "median": 0.70709836483, "min": 0, "var": 3.45487689972}, "zerocrossingrate": {"dmean": 0.0070011112839, "dmean2": 0.00832787901163, "dvar": 0.00010053141159, "dvar2": 0.000101316582004, "max": 0.78076171875, "mean": 0.0461257509887, "median": 0.03662109375, "min": 0.00634765625, "var": 0.00380945950747}, "barkbands": {"dmean": [0.000129448526422, 0.00289583113045, 0.0012761359103, 0.000981627148576, 0.00237910728902, 0.00142441736534, 0.00100965588354, 0.000593093049247, 0.00105769757647, 0.00077740882989, 0.000677501026075, 0.000417395494878, 0.000348362227669, 0.000156005364261, 0.00024388860038, 0.000250695477007, 3.97971562052e-05, 2.56937055383e-05, 2.10931775655e-05, 1.52786997205e-05, 1.9337343474e-05, 1.91678573174e-05, 1.37158094731e-05, 1.38231443998e-05, 1.04267573988e-05, 7.27478663975e-06, 5.15910232934e-06], "dmean2": [0.000172840547748, 0.00452394317836, 0.00198968593031, 0.00152802013326, 0.00382404145785, 0.00212584319524, 0.00149254861753, 0.000849766540341, 0.00130282470491, 0.000920499616768, 0.000944713072386, 0.000614971504547, 0.00052889221115, 0.000235537823755, 0.000361394457286, 0.000393522903323, 6.29480709904e-05, 4.07342158724e-05, 3.32166891894e-05, 2.52642385021e-05, 3.36841003445e-05, 3.08833987219e-05, 2.1461992219e-05, 2.16918215301e-05, 1.48049575728e-05, 1.04207174445e-05, 7.38626204111e-06], "dvar": [1.32182620405e-07, 4.35334441136e-05, 3.8462098928e-06, 4.1006610445e-06, 2.36569831031e-05, 8.35440550873e-06, 3.51752169081e-06, 2.65116273113e-06, 1.39942821988e-05, 5.00775922774e-06, 7.92595437815e-06, 1.24470511764e-06, 7.69313317051e-07, 1.34181192379e-07, 1.0688919474e-06, 1.92123184206e-06, 8.02195287974e-09, 2.4236563867e-09, 2.67696220746e-09, 9.61920654241e-10, 9.89100024107e-10, 1.80821180251e-09, 8.14843914565e-10, 1.19271670318e-09, 6.47432274459e-10, 1.80714262998e-10, 1.20911239354e-10], "dvar2": [2.58977678413e-07, 0.000110016830149, 1.0084011592e-05, 1.01602136056e-05, 6.34225652902e-05, 1.78390564542e-05, 8.35110313346e-06, 4.60878482045e-06, 1.86013076018e-05, 5.71919008507e-06, 1.59976207215e-05, 2.46054787567e-06, 1.62519609148e-06, 3.01804220726e-07, 1.82847804808e-06, 4.63098194814e-06, 1.76486167902e-08, 6.04012084793e-09, 6.6973320223e-09, 2.42583753085e-09, 2.86986590048e-09, 4.89172036211e-09, 1.70852787473e-09, 2.84835266484e-09, 1.30429267386e-09, 3.27032040337e-10, 2.4674814969e-10], "max": [0.00663737440482, 0.0945100858808, 0.0265971422195, 0.0456386692822, 0.0738727003336, 0.0645861104131, 0.03365637362, 0.0505111925304, 0.0909940004349, 0.074208073318, 0.0943724066019, 0.0213898085058, 0.0180321391672, 0.00789864268154, 0.025362174958, 0.0426232814789, 0.00195445143618, 0.00163718953263, 0.00138160574716, 0.000688282132614, 0.000704012461938, 0.00147138035391, 0.00143914285582, 0.00185970088933, 0.00157983077224, 0.000393005262595, 0.00013473983563], "mean": [0.000176567453309, 0.00427933875471, 0.00257258187048, 0.00173336616717, 0.00465092808008, 0.00344928749837, 0.00220806756988, 0.00114436936565, 0.00205522635952, 0.00178475363646, 0.00131007202435, 0.000720422598533, 0.000572201330215, 0.000268953066552, 0.000385610706871, 0.000433371402323, 6.07123693044e-05, 4.48025275546e-05, 3.65776104445e-05, 2.71540066024e-05, 3.33194548148e-05, 3.05290595861e-05, 2.76026785286e-05, 2.79606247204e-05, 2.20799247472e-05, 1.29457503135e-05, 7.43000509829e-06], "median": [8.97963764146e-06, 0.000918512116186, 0.00131326983683, 0.000643413746729, 0.0020435876213, 0.00132138316985, 0.000699488155078, 0.000198686655494, 0.000247954158112, 0.0003161005734, 0.000192419654923, 0.000147315658978, 0.000165344623383, 8.49217612995e-05, 8.87183123268e-05, 5.42632151337e-05, 2.28528224397e-05, 2.17050328502e-05, 1.43210991155e-05, 1.31323595269e-05, 2.10940361285e-05, 1.76149351319e-05, 1.47577293319e-05, 1.5723389879e-05, 1.35707196023e-05, 5.66433072891e-06, 1.88482681551e-06], "min": [4.29221466784e-24, 4.72445482921e-24, 8.96939109085e-24, 2.58618912767e-23, 2.01146940611e-23, 2.11288126201e-23, 4.59919129053e-23, 5.82235199405e-23, 7.72751923774e-23, 4.3768729325e-23, 1.85061315758e-22, 7.8899191924e-23, 1.06465740619e-22, 8.16890332252e-23, 8.4782914141e-23, 1.12327469394e-22, 1.3362689054e-22, 1.45914920063e-22, 3.41262615994e-22, 3.23630224232e-22, 4.54918943671e-22, 4.20771692061e-22, 8.04987645504e-22, 6.75336576061e-22, 1.28681212292e-21, 1.79075393771e-21, 2.27338413872e-21], "var": [2.2208176631e-07, 5.6467622926e-05, 1.09717248051e-05, 1.00578135971e-05, 4.63410688099e-05, 2.95511817967e-05, 1.07470050352e-05, 1.08457043098e-05, 4.8418994993e-05, 3.6513160012e-05, 2.89491636067e-05, 2.94383175969e-06, 1.59596027061e-06, 2.83273436708e-07, 2.35239940594e-06, 4.98097506352e-06, 1.54646908612e-08, 6.10647576949e-09, 5.27262722372e-09, 2.41927389233e-09, 2.08701389504e-09, 4.09119493838e-09, 4.59953719556e-09, 6.04534955428e-09, 2.54749621398e-09, 6.17613848952e-10, 2.14487747008e-10]}, "erbbands": {"dmean": [0.0813618302345, 0.662575125694, 1.50425386429, 2.2299079895, 5.4753780365, 9.12955093384, 10.8353309631, 12.6776838303, 11.9989852905, 16.1626834869, 12.6747016907, 20.9120826721, 27.236038208, 23.3679828644, 25.6540565491, 15.2888841629, 17.1828708649, 7.94266176224, 6.63983440399, 15.524023056, 7.27163267136, 2.10780024529, 1.54017686844, 1.1343562603, 0.930500507355, 0.714531838894, 0.84250497818, 0.71020424366, 0.776961445808, 0.501879036427, 0.398201465607, 0.296799480915, 0.245367318392, 0.143488243222, 0.0598711632192, 0.0297603476793, 0.0135201383382, 0.00516333151609, 0.000993644120172, 4.3612675654e-05], "dmean2": [0.130779713392, 1.0445561409, 2.29379105568, 3.50704264641, 8.94069766998, 14.6482439041, 16.2352695465, 19.0408058167, 17.7094249725, 23.9474906921, 17.5752735138, 25.9002857208, 32.9635810852, 28.6504211426, 36.4735031128, 22.323474884, 25.7657699585, 11.9043006897, 9.99823093414, 23.666015625, 10.7798213959, 3.2893474102, 2.42219305038, 1.81374752522, 1.42961633205, 1.1767680645, 1.45274722576, 1.203805089, 1.29350459576, 0.802658259869, 0.61879658699, 0.465193033218, 0.377250611782, 0.20845516026, 0.0899127572775, 0.0436039753258, 0.0196281149983, 0.00713492836803, 0.0014126150636, 6.19974671281e-05], "dvar": [0.0570162944496, 2.00174307823, 5.61249732971, 14.7788228989, 169.823318481, 346.504638672, 530.172668457, 841.615234375, 585.97052002, 1193.62841797, 1387.77832031, 7590.51171875, 5783.95800781, 3780.11645508, 9760.97753906, 1644.07836914, 1831.9934082, 341.063995361, 195.343536377, 5412.45898438, 587.829345703, 17.3374786377, 8.27732849121, 5.61618757248, 7.28275156021, 2.08723640442, 2.66575193405, 1.19685852528, 2.93513989449, 2.16939234734, 0.537579357624, 0.382444232702, 0.645802617073, 0.178197279572, 0.0140326470137, 0.00265958625823, 0.0007096301415, 0.000101309175079, 4.77237199448e-06, 6.48548414972e-09], "dvar2": [0.1437972188, 5.13006162643, 13.8768072128, 38.0744018555, 466.858551025, 911.497253418, 1159.56542969, 1772.63134766, 1392.27783203, 2690.40722656, 2526.31835938, 9365.37304688, 7994.69873047, 4987.98291016, 19633.6386719, 3112.17089844, 3877.79418945, 769.631713867, 458.419281006, 13571.6601562, 1254.30285645, 39.3847351074, 20.0667514801, 13.5407762527, 18.5814762115, 5.03525257111, 7.50174760818, 3.23969364166, 8.01116847992, 5.22079658508, 1.09064352512, 0.729623258114, 1.69825935364, 0.416105568409, 0.0261094458401, 0.00513811083511, 0.00132771546487, 0.000191376544535, 1.00417073554e-05, 1.35612223673e-08], "max": [4.4866437912, 21.1814193726, 27.0296211243, 84.4077606201, 239.916046143, 362.162536621, 635.108581543, 738.165771484, 578.729980469, 619.424682617, 941.997802734, 2557.22973633, 1740.33776855, 1439.80615234, 3497.46679688, 1022.67919922, 920.096252441, 539.055053711, 407.457458496, 2820.89086914, 796.391967773, 91.4005661011, 78.6003112793, 44.0269927979, 97.4858093262, 30.1542816162, 45.4370346069, 19.0129299164, 50.3573799133, 62.1928901672, 36.3049507141, 34.2349014282, 42.2138252258, 25.1794681549, 5.88937854767, 2.0112361908, 0.731177031994, 0.188746094704, 0.0243829227984, 0.00106104149017], "mean": [0.0974824354053, 1.03375601768, 2.92043566704, 4.40487289429, 9.10560417175, 18.171245575, 22.6853046417, 31.1804904938, 30.3137607574, 32.9465370178, 23.4449558258, 42.1999053955, 60.1433830261, 49.9856185913, 53.2400245667, 28.6074390411, 29.7155857086, 14.4999580383, 11.7994279861, 35.5117683411, 13.3994178772, 3.65264678001, 2.78679680824, 1.91441476345, 1.8024340868, 1.33412718773, 1.3811852932, 1.23774158955, 1.16067922115, 0.925316751003, 0.797134876251, 0.571614384651, 0.493488937616, 0.293260395527, 0.125701650977, 0.0526381544769, 0.0239331871271, 0.00801022537053, 0.0013967017876, 8.61829175847e-05], "median": [0.0168613176793, 0.24359343946, 1.62328958511, 2.33273553848, 3.51701903343, 6.39963960648, 9.84305667877, 11.2482662201, 10.8789873123, 12.0418987274, 5.06176805496, 5.23946332932, 10.3682146072, 13.8430395126, 9.92828464508, 8.30685710907, 9.19031047821, 5.74439382553, 5.34693813324, 3.87340426445, 2.98221611977, 1.6520909071, 1.44354391098, 0.835243165493, 0.778661191463, 0.654501914978, 0.82544285059, 0.78150498867, 0.654593110085, 0.493570715189, 0.454549759626, 0.303002625704, 0.276724129915, 0.172942459583, 0.0780552178621, 0.0275547653437, 0.00967739615589, 0.00244635553099, 0.000343519554008, 4.95315798617e-05], "min": [1.3932974904e-22, 1.12176717444e-21, 8.03851615119e-21, 6.40226808124e-20, 5.81615697975e-20, 4.76533839507e-20, 1.78640690972e-19, 1.74949281166e-19, 5.1231493277e-19, 1.05701253896e-18, 9.44438324069e-19, 1.48279745202e-18, 1.91211029039e-18, 3.50922689479e-18, 6.01974073341e-18, 3.79994779288e-18, 4.79060824579e-18, 3.81442593514e-18, 5.06351911811e-18, 7.11479386117e-18, 4.94981817983e-18, 7.70525523474e-18, 6.89380594308e-18, 1.29965947828e-17, 1.58643761998e-17, 1.55437907729e-17, 1.84974145123e-17, 1.91680081805e-17, 1.5017647655e-17, 1.83077916287e-17, 2.24916628951e-17, 1.51858945372e-17, 1.07807466666e-17, 1.0420817221e-17, 1.17539933133e-17, 6.53289173898e-18, 3.33764316597e-18, 1.2648867492e-18, 3.10156514706e-19, 3.46314382276e-20], "var": [0.0619659125805, 2.79180073738, 12.5744781494, 37.047000885, 251.71232605, 923.437805176, 1351.45019531, 2881.6340332, 2036.3729248, 3179.40600586, 4218.43457031, 28553.046875, 27432.4726562, 16211.2490234, 39131.46875, 3977.41625977, 3832.79077148, 758.644104004, 349.592926025, 28135.1816406, 1960.56213379, 37.471862793, 21.9106845856, 10.2157497406, 16.7685165405, 5.96589851379, 5.35858392715, 2.61366891861, 5.46021318436, 5.90417814255, 3.0244011879, 2.48877429962, 2.22326087952, 0.553564250469, 0.0666454210877, 0.0116764083505, 0.0021786885336, 0.000216514701606, 7.91068669059e-06, 1.25463355261e-08]}, "gfcc": {"mean": [-37.5230979919, 106.722290039, -97.8739013672, 2.93749690056, -53.8811607361, 13.0370588303, -35.5556640625, -4.57729673386, -21.8836231232, -1.69661259651, -13.739777565, -0.322157979012, -6.69441652298], "cov": [[13130.2441406, 590.237365723, 510.621154785, 598.26171875, -830.719482422, 548.821166992, -400.882446289, 242.096389771, -225.900848389, 372.113067627, -109.23752594, 429.137756348, 7.22593832016], [590.237365723, 1967.5411377, -329.519805908, -171.732406616, 242.667022705, -209.639373779, -25.1670055389, -204.192810059, 36.0929870605, -164.990707397, 112.538635254, -141.292861938, 1.59374284744], [510.621154785, -329.519805908, 887.193054199, 162.163192749, -127.147193909, 157.520172119, 1.15179586411, 58.3201332092, -71.2052688599, 118.680389404, -24.8561649323, 130.977706909, -16.3592605591], [598.26171875, -171.732406616, 162.163192749, 487.198486328, 65.0099945068, 177.211425781, 1.83169400692, 52.9342803955, -54.6408653259, 39.9459152222, 39.9358215332, 29.2869129181, -4.88618326187], [-830.719482422, 242.667022705, -127.147193909, 65.0099945068, 318.658508301, 3.65313959122, 79.463973999, -31.9812088013, 22.2969036102, -52.4564971924, 60.2073364258, -32.8056373596, 17.5391120911], [548.821166992, -209.639373779, 157.520172119, 177.211425781, 3.65313959122, 273.150878906, 67.590927124, 126.751274109, -8.67670440674, 67.536491394, 27.4573364258, 70.0715637207, 35.8344688416], [-400.882446289, -25.1670055389, 1.15179586411, 1.83169400692, 79.463973999, 67.590927124, 198.487808228, 104.295921326, 58.0179710388, 9.01812458038, 48.3660964966, 9.81613636017, 13.2300510406], [242.096389771, -204.192810059, 58.3201332092, 52.9342803955, -31.9812088013, 126.751274109, 104.295921326, 209.762359619, 82.5204696655, 54.3152236938, -3.01504302025, 40.0905151367, 28.0123195648], [-225.900848389, 36.0929870605, -71.2052688599, -54.6408653259, 22.2969036102, -8.67670440674, 58.0179710388, 82.5204696655, 154.881378174, 48.7169876099, -6.26378774643, -25.5729827881, 19.9276714325], [372.113067627, -164.990707397, 118.680389404, 39.9459152222, -52.4564971924, 67.536491394, 9.01812458038, 54.3152236938, 48.7169876099, 149.587768555, 42.342464447, 44.5714378357, -6.17833662033], [-109.23752594, 112.538635254, -24.8561649323, 39.9358215332, 60.2073364258, 27.4573364258, 48.3660964966, -3.01504302025, -6.26378774643, 42.342464447, 146.728942871, 43.6823997498, -0.471922069788], [429.137756348, -141.292861938, 130.977706909, 29.2869129181, -32.8056373596, 70.0715637207, 9.81613636017, 40.0905151367, -25.5729827881, 44.5714378357, 43.6823997498, 126.035713196, 50.085811615], [7.22593832016, 1.59374284744, -16.3592605591, -4.88618326187, 17.5391120911, 35.8344688416, 13.2300510406, 28.0123195648, 19.9276714325, -6.17833662033, -0.471922069788, 50.085811615, 101.7759552]], "icov": [[0.000238912616624, -0.000414730922785, 0.000319890415994, -0.000376787880668, 0.0005369305145, -0.000279357947875, 8.81677769939e-05, -0.000219112611376, 0.000431304302765, -0.000821594614536, 0.00113855558448, -0.00144382496364, 0.000659025507048], [-0.000414730922785, 0.00154795241542, -0.000742740463465, 0.000890352996066, -0.00111755228136, 0.000387178704841, 0.000335162563715, 0.000828319462016, -0.00154026853852, 0.00256365863606, -0.00342723587528, 0.00351048540324, -0.00157297565602], [0.000319890415994, -0.000742740463465, 0.00235428125598, -0.000990700442344, 0.000977993709967, -0.000650766713079, -0.000824836664833, 0.000220131900278, 0.00135475350544, -0.00266527407803, 0.00363031937741, -0.00444424012676, 0.00220387335867], [-0.000376787880668, 0.000890352996066, -0.000990700442344, 0.00400323467329, -0.00211517303251, -0.00133742764592, 0.00148978782818, -0.000910412170924, 0.000657482247334, 0.00117585924454, -0.00311084487475, 0.00397599488497, -0.00109035696369], [0.0005369305145, -0.00111755228136, 0.000977993709967, -0.00211517303251, 0.00674693379551, -0.00145272118971, -0.00227707857266, 0.00245266174898, -0.00140988267958, 0.000519309251104, 0.000890926690772, -0.00267484784126, 0.000632814597338], [-0.000279357947875, 0.000387178704841, -0.000650766713079, -0.00133742764592, -0.00145272118971, 0.0090828249231, -0.00134356482886, -0.00459744874388, 0.00399946281686, -0.00270324363373, -0.00063600030262, 0.00191150244791, -0.00355347571895], [8.81677769939e-05, 0.000335162563715, -0.000824836664833, 0.00148978782818, -0.00227707857266, -0.00134356482886, 0.0107991844416, -0.00539411883801, -0.0016064804513, 0.00287785660475, -0.00461390893906, 0.00166306446772, 0.000523176044226], [-0.000219112611376, 0.000828319462016, 0.000220131900278, -0.000910412170924, 0.00245266174898, -0.00459744874388, -0.00539411883801, 0.0150557449088, -0.00892739649862, 0.00292716710828, 0.00118598411791, -0.00329057592899, 0.00129816285335], [0.000431304302765, -0.00154026853852, 0.00135475350544, 0.000657482247334, -0.00140988267958, 0.00399946281686, -0.0016064804513, -0.00892739649862, 0.0193309597671, -0.0120303984731, 0.00482038827613, 0.00399908516556, -0.00471739610657], [-0.000821594614536, 0.00256365863606, -0.00266527407803, 0.00117585924454, 0.000519309251104, -0.00270324363373, 0.00287785660475, 0.00292716710828, -0.0120303984731, 0.019922496751, -0.0108690587804, 0.00223955605179, 0.00174118799623], [0.00113855558448, -0.00342723587528, 0.00363031937741, -0.00311084487475, 0.000890926690772, -0.00063600030262, -0.00461390893906, 0.00118598411791, 0.00482038827613, -0.0108690587804, 0.0209877695888, -0.0153561215848, 0.00680146412924], [-0.00144382496364, 0.00351048540324, -0.00444424012676, 0.00397599488497, -0.00267484784126, 0.00191150244791, 0.00166306446772, -0.00329057592899, 0.00399908516556, 0.00223955605179, -0.0153561215848, 0.0314072333276, -0.0161728486419], [0.000659025507048, -0.00157297565602, 0.00220387335867, -0.00109035696369, 0.000632814597338, -0.00355347571895, 0.000523176044226, 0.00129816285335, -0.00471739610657, 0.00174118799623, 0.00680146412924, -0.0161728486419, 0.0198418870568]]}, "melbands": {"dmean": [0.000756861583795, 0.000816450687125, 0.000463380943984, 0.000509927980602, 0.000390313070966, 0.000272523931926, 0.000187432538951, 0.000165324483532, 0.000100135126559, 0.000149626779603, 0.00013906082313, 9.8766751762e-05, 9.90922853816e-05, 5.02245784446e-05, 4.6792687499e-05, 2.81440861727e-05, 1.40985557664e-05, 1.08491140054e-05, 1.70751973201e-05, 2.2239602913e-05, 5.78530352868e-06, 2.14628084905e-06, 1.88557885394e-06, 1.38419829909e-06, 9.38547088936e-07, 7.69745440721e-07, 5.55239523692e-07, 4.9568598115e-07, 5.44149088455e-07, 5.24828521975e-07, 3.71926034859e-07, 4.79425239064e-07, 3.35706488386e-07, 2.73841664011e-07, 2.38887878368e-07, 2.07339482472e-07, 1.87891501469e-07, 2.06009801218e-07, 1.43971988109e-07, 1.11701957906e-07], "dmean2": [0.00119389093015, 0.00124604685698, 0.000726484926417, 0.000835409970023, 0.000587413436733, 0.000407551648095, 0.000276274106, 0.00024190635304, 0.000137694252771, 0.000184069838724, 0.00016754725948, 0.000119365970022, 0.000139749987284, 7.36292713555e-05, 7.08502775524e-05, 4.13453672081e-05, 2.14044375753e-05, 1.65510446095e-05, 2.49129789154e-05, 3.52434690285e-05, 8.50615379022e-06, 3.42556541e-06, 3.01242266687e-06, 2.18808190766e-06, 1.52378072471e-06, 1.2095049442e-06, 8.74860745625e-07, 8.21829928555e-07, 9.41078894812e-07, 9.17265879252e-07, 6.23433209057e-07, 8.02940178346e-07, 5.52149856503e-07, 4.38138044956e-07, 3.73477575977e-07, 3.26583176502e-07, 3.01350809195e-07, 3.23631297761e-07, 2.14972871504e-07, 1.64164859484e-07], "dvar": [3.7112854443e-06, 1.81400241672e-06, 7.12480755283e-07, 1.39584165026e-06, 5.80913933845e-07, 3.50615152911e-07, 1.27707195929e-07, 1.21513551221e-07, 9.17995848226e-08, 3.63472537401e-07, 1.52692990696e-07, 7.08890866008e-08, 1.68886685969e-07, 2.14741007198e-08, 1.37894211605e-08, 4.92249352391e-09, 1.14944209706e-09, 6.36334596127e-10, 4.77279504807e-09, 1.44369716182e-08, 2.54440135627e-10, 2.41037034082e-11, 2.09206922619e-11, 8.53071259466e-12, 4.49504366021e-12, 6.21552505645e-12, 1.95087349053e-12, 1.02391077388e-12, 1.44681619116e-12, 7.24547863113e-13, 3.53839380756e-13, 1.33375233601e-12, 4.92738825002e-13, 6.89544287554e-13, 1.87678892609e-13, 3.17716095403e-13, 1.63145010197e-13, 7.51570734901e-13, 8.24943547717e-14, 1.33731553934e-13], "dvar2": [9.42228962231e-06, 4.37576909462e-06, 1.80804386218e-06, 3.857804586e-06, 1.31068838982e-06, 7.37571951959e-07, 3.00513335105e-07, 2.59429384641e-07, 1.63127623409e-07, 4.56631539691e-07, 2.09652071703e-07, 8.58651247881e-08, 3.46869569512e-07, 4.07955482729e-08, 2.88685146899e-08, 9.17769771291e-09, 2.58615262538e-09, 1.49115109149e-09, 8.9730374242e-09, 3.82504552476e-08, 4.49977860528e-10, 5.58565624309e-11, 4.55124861409e-11, 2.00405213258e-11, 1.08226370574e-11, 1.62113135416e-11, 4.92504214494e-12, 2.43007415406e-12, 3.98134346671e-12, 2.10560887302e-12, 9.36160112104e-13, 3.71678946301e-12, 1.25245246032e-12, 1.61864152724e-12, 4.38076414337e-13, 6.36046770808e-13, 3.68611770881e-13, 2.05125608339e-12, 1.71169759681e-13, 3.1935660171e-13], "max": [0.0313323996961, 0.0196330882609, 0.0164836440235, 0.0159205384552, 0.019239846617, 0.0149494474754, 0.00785391312093, 0.00676757050678, 0.00616471469402, 0.0175861753523, 0.00977287441492, 0.00637828093022, 0.0136090870947, 0.00399965792894, 0.00242606340908, 0.00190474104602, 0.000899148522876, 0.000596227822825, 0.001865153783, 0.004556522239, 0.000400165416067, 0.000108726235339, 0.000114050002594, 0.000106607731141, 4.24901736551e-05, 7.45777215343e-05, 4.15957583755e-05, 2.29964407481e-05, 3.42780731444e-05, 1.49662328113e-05, 1.38421455631e-05, 3.95548522647e-05, 2.02132778213e-05, 3.45632543031e-05, 1.77218298631e-05, 3.36983539455e-05, 1.63385393535e-05, 4.3267129513e-05, 1.7465561541e-05, 2.04217994906e-05], "mean": [0.00103359424975, 0.00154961727094, 0.000941952632274, 0.000931035901885, 0.000848655938171, 0.000672089925501, 0.000468068057671, 0.000340421916917, 0.000174797532964, 0.000295283418382, 0.00030798689113, 0.000212465005461, 0.000195411281311, 8.76452468219e-05, 7.85468873801e-05, 4.83412804897e-05, 2.44175698754e-05, 1.79240123543e-05, 2.88787741738e-05, 4.99516718264e-05, 9.08487982088e-06, 3.32862919095e-06, 2.91488004223e-06, 2.38428560806e-06, 1.41343048199e-06, 1.38581833653e-06, 1.02783542388e-06, 8.57343991356e-07, 8.19350759684e-07, 8.78890944023e-07, 6.30246631772e-07, 6.85901113684e-07, 5.27602651346e-07, 5.01493730098e-07, 4.65977450403e-07, 3.81552979434e-07, 3.35441711741e-07, 3.77118254846e-07, 2.95542889717e-07, 2.19297945137e-07], "median": [0.000226683216169, 0.000827989773825, 0.000484487740323, 0.000411994056776, 0.000411237793742, 0.000239743952989, 0.000173602995346, 0.000112911366159, 3.0566159694e-05, 3.35313197866e-05, 4.88810510433e-05, 4.92890758323e-05, 3.00476531265e-05, 1.69745380845e-05, 2.149838474e-05, 1.60883519129e-05, 8.03906368674e-06, 6.85709983372e-06, 5.74093382966e-06, 3.76187222173e-06, 2.6295463158e-06, 1.19700928281e-06, 1.24088228404e-06, 1.03836464405e-06, 5.52796564079e-07, 5.48143930246e-07, 4.71175241046e-07, 4.02519020781e-07, 4.34165713159e-07, 5.55504868771e-07, 3.92500794533e-07, 3.56378876631e-07, 2.70124047574e-07, 2.62994262812e-07, 2.70701946192e-07, 1.93783364466e-07, 1.79187068738e-07, 1.93230860646e-07, 1.69987188769e-07, 1.30693592837e-07], "min": [1.45651757248e-24, 3.17122754431e-24, 1.03362204046e-23, 3.26924232849e-24, 5.22849908232e-24, 3.86052749797e-24, 8.47615423214e-24, 1.31138809046e-23, 6.79059671368e-24, 1.07151481627e-23, 9.06483537177e-24, 1.20967212868e-23, 2.65410516068e-23, 5.4030033976e-24, 1.35192457582e-23, 9.91516510759e-24, 6.22700845058e-24, 8.92294296075e-24, 7.34277962581e-24, 9.59311185417e-24, 5.01413007563e-24, 9.3164827894e-24, 4.95242577006e-24, 7.18857861808e-24, 1.03381389143e-23, 1.56471617624e-23, 7.97580421465e-24, 1.0563726312e-23, 1.25866165307e-23, 1.20439883019e-23, 1.01038282928e-23, 1.01069214164e-23, 5.3328267259e-24, 1.28719490979e-23, 1.38895780879e-23, 1.14882286944e-23, 8.36922255872e-24, 8.44291005587e-24, 6.17904846855e-24, 9.21002601024e-24], "var": [4.3576196731e-06, 3.53249811269e-06, 1.8180924144e-06, 2.05306173484e-06, 1.61824766565e-06, 1.25311521515e-06, 4.45215732725e-07, 3.98300784354e-07, 2.45569651725e-07, 1.34234483085e-06, 7.80559048508e-07, 3.53842722234e-07, 5.97190194185e-07, 5.45334160051e-08, 3.10770715828e-08, 1.16417497864e-08, 2.48770826161e-09, 1.10311992874e-09, 1.31239970003e-08, 6.98980997527e-08, 5.51757528555e-10, 4.53410260726e-11, 3.96866116359e-11, 1.99004649565e-11, 6.78969987872e-12, 1.18628145501e-11, 4.44885317821e-12, 2.65677020314e-12, 2.55155206859e-12, 1.40154500419e-12, 7.40659974758e-13, 2.50923500728e-12, 1.00640383614e-12, 1.92737275792e-12, 8.09424033875e-13, 1.38013407126e-12, 7.75133321244e-13, 1.93397576599e-12, 3.8416939443e-13, 3.39847046988e-13]}, "mfcc": {"mean": [-688.064575195, 147.865097046, 13.0857095718, 1.26851463318, 1.96404922009, 8.91324710846, -1.37863492966, -2.39088249207, -2.85136079788, -3.91236495972, -5.80682373047, -3.26421833038, -1.47236716747], "cov": [[6676.61035156, 816.006286621, 627.192321777, 55.3775444031, -35.9959411621, 155.296340942, -7.82560873032, 16.7784843445, 40.5664138794, -119.360694885, -13.8579339981, 156.537322998, 110.786888123], [816.006286621, 1707.80993652, -157.220016479, -62.5750694275, 97.4789886475, -31.4204368591, -73.4728469849, -85.1499862671, -79.1796569824, -98.3023223877, -53.6466827393, 23.1642227173, 53.410118103], [627.192321777, -157.220016479, 667.533325195, 88.2038497925, -21.9698143005, 72.9131240845, 41.5889549255, 13.1418190002, 54.6452255249, -25.3528575897, 38.5300216675, 77.6782913208, -47.5571212769], [55.3775444031, -62.5750694275, 88.2038497925, 242.491012573, 116.971855164, 73.7564544678, 80.2962493896, 32.5663948059, -32.5480041504, 8.20009994507, 8.45542621613, 20.126789093, 14.0264978409], [-35.9959411621, 97.4789886475, -21.9698143005, 116.971855164, 176.32963562, 87.3329467773, 65.2007446289, 26.0736484528, -23.8879470825, 1.62521767616, -11.1008481979, 1.82453739643, 17.5403671265], [155.296340942, -31.4204368591, 72.9131240845, 73.7564544678, 87.3329467773, 135.904556274, 87.6594924927, 20.9080085754, -7.82053089142, 4.89935827255, 5.48912477493, 11.2529220581, 16.5976467133], [-7.82560873032, -73.4728469849, 41.5889549255, 80.2962493896, 65.2007446289, 87.6594924927, 182.917098999, 99.3275299072, -7.15736055374, 13.4789237976, 41.834941864, 31.1356372833, -16.9579296112], [16.7784843445, -85.1499862671, 13.1418190002, 32.5663948059, 26.0736484528, 20.9080085754, 99.3275299072, 150.600662231, 72.9195251465, 39.936794281, 28.7118816376, 13.2343320847, -21.1969566345], [40.5664138794, -79.1796569824, 54.6452255249, -32.5480041504, -23.8879470825, -7.82053089142, -7.15736055374, 72.9195251465, 160.44871521, 84.2238693237, 26.1100025177, 3.04007458687, -8.32785320282], [-119.360694885, -98.3023223877, -25.3528575897, 8.20009994507, 1.62521767616, 4.89935827255, 13.4789237976, 39.936794281, 84.2238693237, 147.33732605, 77.2578125, 6.77536964417, 3.01037311554], [-13.8579339981, -53.6466827393, 38.5300216675, 8.45542621613, -11.1008481979, 5.48912477493, 41.834941864, 28.7118816376, 26.1100025177, 77.2578125, 135.00402832, 72.8882064819, -22.3544330597], [156.537322998, 23.1642227173, 77.6782913208, 20.126789093, 1.82453739643, 11.2529220581, 31.1356372833, 13.2343320847, 3.04007458687, 6.77536964417, 72.8882064819, 117.81803894, 29.9021434784], [110.786888123, 53.410118103, -47.5571212769, 14.0264978409, 17.5403671265, 16.5976467133, -16.9579296112, -21.1969566345, -8.32785320282, 3.01037311554, -22.3544330597, 29.9021434784, 152.138275146]], "icov": [[0.00020106798911, -0.000130354121211, -0.000154207940795, -8.00076959422e-05, 0.000337010715157, -0.000479302747408, 0.000311757292366, -0.000321444240399, 5.46759183635e-05, 8.67348353495e-05, 2.81826360151e-05, -0.000128471758217, -0.000107415333332], [-0.000130354121211, 0.000803790462669, 0.000175106397364, 0.000489744939841, -0.00118768133689, 0.000755519839004, -0.000138919916935, 0.000511509308126, -0.000107491381641, 0.000399959157221, -5.99137711106e-05, -0.000230274526984, -4.47260063083e-05], [-0.000154207940795, 0.000175106397364, 0.00261724856682, -0.00148443004582, 0.0014104306465, -0.00166539277416, -2.99831008306e-05, 0.00120885041542, -0.00219366769306, 0.00153295940254, 1.94445838133e-05, -0.00168433738872, 0.00137346237898], [-8.00076959422e-05, 0.000489744939841, -0.00148443004582, 0.00799898244441, -0.00526374578476, 0.00123216432985, -0.00108747254126, -0.000988665618934, 0.00310196913779, -0.00234386674128, 0.00104932452086, -0.000446568534244, -0.000643548555672], [0.000337010715157, -0.00118768133689, 0.0014104306465, -0.00526374578476, 0.0141623020172, -0.00844151061028, 0.00183781865053, -0.00255911354907, 0.00100064626895, -0.00113192352001, 0.00243834056892, -0.00157389859669, 0.000978942378424], [-0.000479302747408, 0.000755519839004, -0.00166539277416, 0.00123216432985, -0.00844151061028, 0.0195809453726, -0.0108205582947, 0.0070566246286, -0.00280176918022, -4.02278055844e-05, -0.000276191160083, 0.00261980271898, -0.00264434004202], [0.000311757292366, -0.000138919916935, -2.99831008306e-05, -0.00108747254126, 0.00183781865053, -0.0108205582947, 0.0194267332554, -0.0141593273729, 0.00731520401314, -0.000215807653149, -0.00248004239984, -0.00173089082818, 0.00145432155114], [-0.000321444240399, 0.000511509308126, 0.00120885041542, -0.000988665618934, -0.00255911354907, 0.0070566246286, -0.0141593273729, 0.0209474638104, -0.0116763757542, 0.00229537766427, 0.000201032467885, 0.000327908172039, 0.000669540662784], [5.46759183635e-05, -0.000107491381641, -0.00219366769306, 0.00310196913779, 0.00100064626895, -0.00280176918022, 0.00731520401314, -0.0116763757542, 0.0182806570083, -0.0111791687086, 0.00542459264398, -0.00294379983097, 0.0010025704978], [8.67348353495e-05, 0.000399959157221, 0.00153295940254, -0.00234386674128, -0.00113192352001, -4.02278055844e-05, -0.000215807653149, 0.00229537766427, -0.0111791687086, 0.0218625180423, -0.0169643424451, 0.00968960113823, -0.00451927771792], [2.81826360151e-05, -5.99137711106e-05, 1.94445838133e-05, 0.00104932452086, 0.00243834056892, -0.000276191160083, -0.00248004239984, 0.000201032467885, 0.00542459264398, -0.0169643424451, 0.027871446684, -0.017949057743, 0.00766614219174], [-0.000128471758217, -0.000230274526984, -0.00168433738872, -0.000446568534244, -0.00157389859669, 0.00261980271898, -0.00173089082818, 0.000327908172039, -0.00294379983097, 0.00968960113823, -0.017949057743, 0.0227443370968, -0.00802305806428], [-0.000107415333332, -4.47260063083e-05, 0.00137346237898, -0.000643548555672, 0.000978942378424, -0.00264434004202, 0.00145432155114, 0.000669540662784, 0.0010025704978, -0.00451927771792, 0.00766614219174, -0.00802305806428, 0.010434191674]]}, "spectral_contrast_coeffs": {"dmean": [0.0514771565795, 0.0463184900582, 0.0392849519849, 0.0342171490192, 0.0203885156661, 0.0132034635171], "dmean2": [0.081192985177, 0.0734535306692, 0.0592987053096, 0.0537004061043, 0.0332010984421, 0.0225439947098], "dvar": [0.00194884510711, 0.00153349153697, 0.00110915338155, 0.000847698189318, 0.000336568627972, 0.000148598017404], "dvar2": [0.00467533105984, 0.00380558660254, 0.00242527062073, 0.0019984904211, 0.000761327741202, 0.000411738321418], "max": [-0.301072061062, -0.411750376225, -0.36841493845, -0.437649220228, -0.644595444202, -0.659363806248], "mean": [-0.601145446301, -0.669979691505, -0.70949280262, -0.739229142666, -0.80650049448, -0.798978447914], "median": [-0.605890095234, -0.664509773254, -0.722842514515, -0.744338750839, -0.813323140144, -0.79973089695], "min": [-0.958077132702, -0.958483397961, -0.972306370735, -0.960236251354, -0.956017136574, -0.960599601269], "var": [0.0117413317785, 0.00758067518473, 0.0080611044541, 0.00493513839319, 0.00176297256257, 0.000657485972624]}, "spectral_contrast_valleys": {"dmean": [0.480086743832, 0.369202673435, 0.326592385769, 0.314652174711, 0.287865817547, 0.311454534531], "dmean2": [0.736665189266, 0.58654487133, 0.513118088245, 0.481869399548, 0.440154910088, 0.439073652029], "dvar": [0.210507079959, 0.128466308117, 0.10841780901, 0.111227333546, 0.125381588936, 0.166347444057], "dvar2": [0.412620395422, 0.264719694853, 0.213327810168, 0.226492166519, 0.251008927822, 0.343257158995], "max": [-5.38356971741, -4.74696159363, -5.47319078445, -6.05874538422