{"lowlevel": {"average_loudness": 0.893340706825, "barkbands_crest": {"dmean": 3.25071120262, "dmean2": 5.15836238861, "dvar": 9.46828746796, "dvar2": 21.790309906, "max": 25.7510299683, "mean": 13.0682735443, "median": 12.0846176147, "min": 2.2230451107, "var": 28.5111370087}, "barkbands_flatness_db": {"dmean": 0.0252784006298, "dmean2": 0.0363530665636, "dvar": 0.00049939553719, "dvar2": 0.00106079573743, "max": 0.363166511059, "mean": 0.131205096841, "median": 0.124471440911, "min": 0.020362092182, "var": 0.00251976610161}, "barkbands_kurtosis": {"dmean": 5.59003543854, "dmean2": 8.36111736298, "dvar": 115.187316895, "dvar2": 222.702880859, "max": 283.255126953, "mean": 9.16086578369, "median": 4.37111854553, "min": -1.84891319275, "var": 281.874359131}, "barkbands_skewness": {"dmean": 0.755109667778, "dmean2": 1.10490942001, "dvar": 0.667746603489, "dvar2": 1.33597624302, "max": 16.2112617493, "mean": 2.37055182457, "median": 2.04585409164, "min": -2.98655700684, "var": 2.7501950264}, "barkbands_spread": {"dmean": 8.17365550995, "dmean2": 12.0598049164, "dvar": 103.041481018, "dvar2": 216.946273804, "max": 115.763084412, "mean": 23.5710353851, "median": 18.8388118744, "min": 1.09170854092, "var": 266.073150635}, "dissonance": {"dmean": 0.0169680919498, "dmean2": 0.0278305187821, "dvar": 0.00025939612533, "dvar2": 0.000675377959851, "max": 0.5, "mean": 0.464330822229, "median": 0.470717966557, "min": 0.311287343502, "var": 0.000703622354195}, "dynamic_complexity": 3.61116600037, "erbbands_crest": {"dmean": 2.30163431168, "dmean2": 3.51638388634, "dvar": 4.98906755447, "dvar2": 11.1649084091, "max": 27.2067661285, "mean": 8.42943382263, "median": 7.36283111572, "min": 2.185328722, "var": 17.9679317474}, "erbbands_flatness_db": {"dmean": 0.0185133740306, "dmean2": 0.0242093931884, "dvar": 0.000331792165525, "dvar2": 0.000558481784537, "max": 0.313646912575, "mean": 0.115237012506, "median": 0.106920197606, "min": 0.0385552197695, "var": 0.00160348310601}, "erbbands_kurtosis": {"dmean": 0.899826824665, "dmean2": 1.3485404253, "dvar": 1.28819787502, "dvar2": 2.72218060493, "max": 22.0207519531, "mean": 0.432036966085, "median": -0.199955463409, "min": -1.74888837337, "var": 4.14421367645}, "erbbands_skewness": {"dmean": 0.367694914341, "dmean2": 0.542536795139, "dvar": 0.115666501224, "dvar2": 0.261879295111, "max": 3.72266793251, "mean": 0.524719238281, "median": 0.550744056702, "min": -2.38106441498, "var": 0.584099173546}, "erbbands_spread": {"dmean": 13.0853185654, "dmean2": 18.2955226898, "dvar": 175.123825073, "dvar2": 351.923614502, "max": 172.498580933, "mean": 54.2667236328, "median": 51.1536636353, "min": 4.15389966965, "var": 720.120849609}, "hfc": {"dmean": 8.78456783295, "dmean2": 12.6015386581, "dvar": 138.132354736, "dvar2": 271.12210083, "max": 111.018577576, "mean": 22.3254585266, "median": 18.0027275085, "min": 3.84657550256e-09, "var": 301.278991699}, "melbands_crest": {"dmean": 3.98388433456, "dmean2": 6.0992398262, "dvar": 14.2328939438, "dvar2": 33.1937713623, "max": 36.5183677673, "mean": 17.8614463806, "median": 16.7131614685, "min": 2.17364454269, "var": 51.4065856934}, "melbands_flatness_db": {"dmean": 0.030969446525, "dmean2": 0.0444138348103, "dvar": 0.000783154566307, "dvar2": 0.00165824044961, "max": 0.479519575834, "mean": 0.210823610425, "median": 0.207643941045, "min": 0.006097917445, "var": 0.0046518445015}, "melbands_kurtosis": {"dmean": 18.3727016449, "dmean2": 26.8295211792, "dvar": 1510.31530762, "dvar2": 2648.89575195, "max": 1290.2623291, "mean": 34.197555542, "median": 16.3392105103, "min": -1.75724172592, "var": 3777.66064453}, "melbands_skewness": {"dmean": 1.19685852528, "dmean2": 1.73205494881, "dvar": 1.85965132713, "dvar2": 3.58774828911, "max": 30.3999881744, "mean": 4.08642816544, "median": 3.40560555458, "min": -1.09824335575, "var": 7.90988874435}, "melbands_spread": {"dmean": 6.66940069199, "dmean2": 10.2104454041, "dvar": 114.380805969, "dvar2": 273.183868408, "max": 198.112869263, "mean": 18.0730037689, "median": 14.286693573, "min": 0.51312828064, "var": 291.180908203}, "pitch_salience": {"dmean": 0.0854973495007, "dmean2": 0.135188132524, "dvar": 0.00725010130554, "dvar2": 0.0172794368118, "max": 0.866145253181, "mean": 0.48644426465, "median": 0.495035171509, "min": 0.0406625755131, "var": 0.0239743255079}, "silence_rate_20dB": {"dmean": 0, "dmean2": 0, "dvar": 0, "dvar2": 0, "max": 1, "mean": 1, "median": 1, "min": 1, "var": 0}, "silence_rate_30dB": {"dmean": 0.0536524951458, "dmean2": 0.107319757342, "dvar": 0.0507730692625, "dvar2": 0.126900330186, "max": 1, "mean": 0.954057753086, "median": 1, "min": 0, "var": 0.043829806149}, "silence_rate_60dB": {"dmean": 0.0143073322251, "dmean2": 0.0284810122102, "dvar": 0.014103775844, "dvar2": 0.0301442723721, "max": 1, "mean": 0.0766162276268, "median": 0, "min": 0, "var": 0.0707473829389}, "spectral_centroid": {"dmean": 283.165924072, "dmean2": 430.184326172, "dvar": 120539.9375, "dvar2": 260587.484375, "max": 10860.328125, "mean": 1261.47766113, "median": 1109.06005859, "min": 221.815444946, "var": 383533.0625}, "spectral_complexity": {"dmean": 3.49126434326, "dmean2": 5.32512378693, "dvar": 17.1317596436, "dvar2": 35.2537269592, "max": 52, "mean": 16.3982124329, "median": 16, "min": 0, "var": 71.8294906616}, "spectral_decrease": {"dmean": 4.51895587616e-09, "dmean2": 7.01597935304e-09, "dvar": 4.07469699139e-17, "dvar2": 9.4202517766e-17, "max": -1.79750850557e-21, "mean": -1.03948289976e-08, "median": -7.76242359279e-09, "min": -5.94013229716e-08, "var": 8.0909513564e-17}, "spectral_energy": {"dmean": 0.0175370238721, "dmean2": 0.0271458160132, "dvar": 0.000607154157478, "dvar2": 0.00139847025275, "max": 0.226184234023, "mean": 0.0412574186921, "median": 0.0312732830644, "min": 3.55680003679e-13, "var": 0.00120694586076}, "spectral_energyband_high": {"dmean": 0.000789174227975, "dmean2": 0.00109057349619, "dvar": 1.21300843148e-06, "dvar2": 2.38603797698e-06, "max": 0.0116926236078, "mean": 0.00137570325751, "median": 0.0006942988839, "min": 2.45347633269e-13, "var": 2.57529904957e-06}, "spectral_energyband_low": {"dmean": 0.0115344477817, "dmean2": 0.0174187477678, "dvar": 0.000316364079481, "dvar2": 0.000626440334599, "max": 0.21781231463, "mean": 0.0235378108919, "median": 0.0140214068815, "min": 1.05876983884e-14, "var": 0.000823375186883}, "spectral_energyband_middle_high": {"dmean": 0.00090301502496, "dmean2": 0.00142355787102, "dvar": 2.47713524004e-06, "dvar2": 5.76262937102e-06, "max": 0.0316851437092, "mean": 0.00288359657861, "median": 0.00217992416583, "min": 5.58101301447e-14, "var": 9.07632329472e-06}, "spectral_energyband_middle_low": {"dmean": 0.00982218980789, "dmean2": 0.0160386320204, "dvar": 0.000364911480574, "dvar2": 0.000925850879867, "max": 0.156295463443, "mean": 0.0158689469099, "median": 0.010194006376, "min": 5.06752537881e-15, "var": 0.000382633355912}, "spectral_entropy": {"dmean": 0.18715056777, "dmean2": 0.256404399872, "dvar": 0.0333403684199, "dvar2": 0.0666352510452, "max": 9.78872489929, "mean": 7.86854362488, "median": 7.88392353058, "min": 6.30703353882, "var": 0.132394626737}, "spectral_flux": {"dmean": 0.0423928461969, "dmean2": 0.0674937069416, "dvar": 0.00278528011404, "dvar2": 0.00596875092015, "max": 0.363944411278, "mean": 0.0950613766909, "median": 0.0742698758841, "min": 4.46249941888e-06, "var": 0.00481328647584}, "spectral_kurtosis": {"dmean": 1.01220118999, "dmean2": 1.51339614391, "dvar": 1.7210958004, "dvar2": 4.02036905289, "max": 21.742307663, "mean": 2.89969110489, "median": 2.39749026299, "min": -1.22117245197, "var": 5.55743837357}, "spectral_rms": {"dmean": 0.00121354672592, "dmean2": 0.00180395576172, "dvar": 2.20744618673e-06, "dvar2": 4.71286011816e-06, "max": 0.0148548828438, "mean": 0.00573390768841, "median": 0.00552363274619, "min": 1.8628067977e-08, "var": 7.37356322134e-06}, "spectral_rolloff": {"dmean": 719.018798828, "dmean2": 1207.24304199, "dvar": 2195688.5, "dvar2": 5073230, "max": 18927.6855469, "mean": 1339.59533691, "median": 689.0625, "min": 43.06640625, "var": 4613709.5}, "spectral_skewness": {"dmean": 0.184873133898, "dmean2": 0.268238037825, "dvar": 0.0344320088625, "dvar2": 0.0753415599465, "max": 3.34779119492, "mean": 1.41666603088, "median": 1.36929726601, "min": 0.00773695716634, "var": 0.176221430302}, "spectral_spread": {"dmean": 946500, "dmean2": 1270580.5, "dvar": 1152203489280.0, "dvar2": 1978487668740.0, "max": 41457408, "mean": 6616630, "median": 6507519.5, "min": 1961622.625, "var": 3937983791100.0}, "spectral_strongpeak": {"dmean": 0.394714742899, "dmean2": 0.657438993454, "dvar": 0.38360735774, "dvar2": 0.963278710842, "max": 6.9729218483, "mean": 0.802267432213, "median": 0.508408784866, "min": 0, "var": 0.694822728634}, "zerocrossingrate": {"dmean": 0.0161495544016, "dmean2": 0.0183042995632, "dvar": 0.000295601756079, "dvar2": 0.000389161286876, "max": 0.505859375, "mean": 0.0672335773706, "median": 0.05517578125, "min": 0.00390625, "var": 0.00250729382969}, "barkbands": {"dmean": [0.000497609085869, 0.00944212637842, 0.00270678824745, 0.00544681632891, 0.00296502769925, 0.00119565799832, 0.000930139620323, 0.000665659899823, 0.000970619032159, 0.000458734139102, 0.000253184203757, 0.000116404495202, 9.40283425734e-05, 0.000159803617862, 0.000139844545629, 0.000129235035274, 9.24400301301e-05, 6.6311484261e-05, 6.10905262874e-05, 6.51068912703e-05, 0.000118907657452, 0.000134192348924, 0.000155802394147, 0.000122122059111, 0.00019123936363, 0.000119588992675, 1.32382538141e-05], "dmean2": [0.000681539415382, 0.013642700389, 0.00475895637646, 0.00914267264307, 0.00515258265659, 0.00189809605945, 0.00135695864446, 0.000948224624153, 0.00146112823859, 0.000714771449566, 0.00041721778689, 0.000186568169738, 0.000152480046381, 0.00026130117476, 0.000226969699725, 0.000211437582038, 0.000151891625137, 0.000106841929664, 9.84246944427e-05, 0.000103310114355, 0.000181740018888, 0.000202556024306, 0.000227896307479, 0.000178645103006, 0.000284357753117, 0.000178431975655, 2.05031756195e-05], "dvar": [8.68773668117e-07, 0.000261910114205, 4.3843218009e-05, 0.000158715629368, 5.76899692533e-05, 6.27034796707e-06, 3.7132797388e-06, 2.33918581216e-06, 3.7674737996e-06, 1.5783497247e-06, 6.32340345419e-07, 3.07504102182e-08, 2.42715820775e-08, 7.27140800905e-08, 3.90390830773e-08, 2.73320281963e-08, 1.81119048648e-08, 8.18666379132e-09, 5.84278181393e-09, 9.81395054112e-09, 3.31679217425e-08, 3.73976405399e-08, 5.22758014654e-08, 3.37211290002e-08, 9.87794521734e-08, 5.7794835584e-08, 9.13788100743e-10], "dvar2": [1.6730302832e-06, 0.000483032636112, 0.000123116682516, 0.000405385362683, 0.000151862433995, 1.53146229422e-05, 6.62189404466e-06, 4.20021842729e-06, 7.4004774433e-06, 3.68853602595e-06, 1.64109678735e-06, 7.31887439542e-08, 5.93131304072e-08, 1.84536048664e-07, 9.85201324966e-08, 7.34028304805e-08, 4.56913049618e-08, 2.04067251985e-08, 1.40832607798e-08, 2.18967173282e-08, 7.59241700621e-08, 8.51444639238e-08, 1.07151251427e-07, 7.64947927223e-08, 2.1754458146e-07, 1.31857561314e-07, 2.17396434188e-09], "max": [0.0153202982619, 0.198366641998, 0.0745015516877, 0.0940674245358, 0.141457423568, 0.0427815653384, 0.0646772310138, 0.0380611605942, 0.0624804198742, 0.0296245403588, 0.0136795863509, 0.0032932322938, 0.00321090035141, 0.00526342028752, 0.00383256445639, 0.00284355669282, 0.00249475194141, 0.00126314221416, 0.00106987007894, 0.00143026479054, 0.00221093278378, 0.00309774535708, 0.00349909486249, 0.0025391720701, 0.00337917706929, 0.00367556023411, 0.000435332418419], "mean": [0.000755917106289, 0.0174786373973, 0.00296675018035, 0.00494440598413, 0.00326206348836, 0.00217432132922, 0.00190937402658, 0.00133632181678, 0.00208601984195, 0.000809727120213, 0.000414069305407, 0.000203451694688, 0.000170938306837, 0.000277136510704, 0.000282593333395, 0.000297761347611, 0.000177937850822, 0.000135262234835, 0.000136198228574, 0.000141805343446, 0.00023423746461, 0.000216478816583, 0.000239328801399, 0.000210294354474, 0.000245892762905, 0.00013647673768, 1.40951524372e-05], "median": [0.000111072207801, 0.00838854070753, 0.0011168490164, 0.000730789033696, 0.00102988269646, 0.000690950779244, 0.000424312835094, 0.000326160894474, 0.000839366926812, 0.000222587841563, 0.000116284842079, 0.000132949600811, 0.00010908668628, 0.000153572909767, 0.000179595255759, 0.000226110001677, 0.000140341988299, 0.000107406660391, 0.000101703422843, 0.000101925521449, 0.000152594206156, 0.00010814833513, 0.000109015403723, 0.000103928228782, 8.8506116299e-05, 4.50329207524e-05, 4.48186619906e-06], "min": [1.12993314249e-14, 3.78483204657e-15, 1.49419343577e-15, 4.64718379643e-16, 3.46031937785e-16, 2.97763685877e-16, 1.71763140989e-15, 1.07547910956e-15, 1.05727255987e-15, 1.21514107827e-15, 1.01611131144e-15, 2.9224904611e-15, 5.68555703955e-15, 4.10501642986e-15, 3.15621077993e-15, 3.76939233e-15, 6.54368738896e-15, 6.92921909358e-15, 1.51735584817e-14, 1.22109455522e-14, 9.38794652232e-15, 1.81694953814e-14, 2.188802423e-14, 2.83959223594e-14, 3.200724733e-14, 4.97360975375e-14, 8.39107971475e-14], "var": [2.13909220292e-06, 0.000634040683508, 3.29642716679e-05, 0.000139164680149, 4.51856321888e-05, 1.86181241588e-05, 1.64407356351e-05, 9.33726914809e-06, 1.13427413453e-05, 4.02828209189e-06, 1.42454189245e-06, 5.66674636104e-08, 5.20945953042e-08, 1.45952185449e-07, 1.06059090399e-07, 7.7292689582e-08, 3.58279628188e-08, 1.62338658072e-08, 1.61176849645e-08, 2.21816645052e-08, 7.00647433405e-08, 7.16772845522e-08, 1.04529014777e-07, 7.28255002969e-08, 1.32264517561e-07, 6.23500895358e-08, 8.70289618149e-10]}, "erbbands": {"dmean": [0.390598207712, 1.80044496059, 2.86444735527, 10.766875267, 15.2529630661, 9.46003818512, 6.81556844711, 11.3309011459, 12.3279924393, 12.7557229996, 17.1903457642, 16.4491844177, 19.7340354919, 13.7510852814, 4.79006958008, 3.76901221275, 3.99119639397, 6.31126594543, 6.91901493073, 6.94100809097, 6.52145147324, 5.05938100815, 3.8735127449, 2.79701638222, 3.13293266296, 2.97861456871, 4.62158107758, 4.68347072601, 4.19740247726, 5.22235250473, 4.34041118622, 2.94203042984, 2.00087547302, 2.08225154877, 1.38726007938, 0.648421049118, 0.191227555275, 0.0320570878685, 0.00234310282394, 6.5680105763e-05], "dmean2": [0.546895205975, 2.77357888222, 4.91105937958, 18.1467590332, 25.9606342316, 16.2992954254, 11.7679538727, 17.3712215424, 17.802942276, 19.6474266052, 24.3729171753, 25.4764270782, 30.0735111237, 21.9709186554, 7.71243286133, 6.06761217117, 6.4867939949, 10.2984046936, 11.2233095169, 11.0073490143, 10.6838274002, 8.30584430695, 6.27263069153, 4.42696285248, 4.95866584778, 4.69577646255, 7.28959417343, 7.19170236588, 6.34468317032, 7.82502317429, 6.33821487427, 4.34066057205, 2.94679355621, 3.04468798637, 2.09930157661, 0.964404165745, 0.287527322769, 0.0490577891469, 0.00364340096712, 9.91246051854e-05], "dvar": [0.498249560595, 10.0930633545, 44.3003540039, 518.225769043, 1369.0994873, 758.594909668, 258.275085449, 557.51965332, 583.354309082, 641.914733887, 1281.66845703, 864.813049316, 2059.32568359, 1270.56518555, 89.8213043213, 30.2597332001, 34.0611152649, 145.743377686, 119.084098816, 87.0958709717, 74.9351959229, 64.2875747681, 32.1819038391, 12.4322185516, 18.5738887787, 20.5800018311, 68.5806121826, 41.6337547302, 36.4064826965, 63.0445022583, 40.3277282715, 19.4954910278, 8.79127311707, 11.3454370499, 5.41047668457, 1.56186532974, 0.156363978982, 0.00538574578241, 2.74535505014e-05, 1.35540991764e-08], "dvar2": [0.852226674557, 20.4612960815, 123.380775452, 1357.78210449, 3473.2902832, 1999.35510254, 703.477905273, 1248.9251709, 1188.61328125, 1259.07116699, 2404.83129883, 1859.45153809, 4261.19091797, 3010.703125, 220.945968628, 73.2305908203, 85.231880188, 388.403503418, 300.084472656, 203.014709473, 206.025131226, 157.991287231, 81.8593521118, 30.2644386292, 45.895450592, 46.3814201355, 159.518508911, 95.0355758667, 82.2685470581, 138.210128784, 83.2172241211, 43.9720573425, 19.7022819519, 25.3079662323, 11.9354658127, 3.50966382027, 0.361466735601, 0.0128805488348, 6.55715193716e-05, 3.0589838218e-08], "max": [9.79850769043, 32.0721435547, 65.8976516724, 201.184509277, 256.419433594, 648.624450684, 257.745544434, 508.598052979, 580.484375, 815.426818848, 718.889160156, 804.010070801, 1282.78833008, 644.700439453, 161.917678833, 103.302947998, 128.702392578, 281.046539307, 252.045089722, 153.266876221, 159.397964478, 161.977005005, 80.6969833374, 64.0434265137, 53.6645011902, 67.7966079712, 109.869445801, 84.3514938354, 83.7541427612, 121.475440979, 98.6633224487, 65.420501709, 34.329044342, 39.3586502075, 24.0181865692, 20.5552024841, 5.59357976913, 1.08178448677, 0.0677306130528, 0.00140222802293], "mean": [0.658914804459, 3.27822542191, 3.74878358841, 10.6092996597, 13.6140108109, 11.8754920959, 9.00905513763, 22.6275653839, 28.3047580719, 23.8960094452, 37.1370620728, 36.2369155884, 38.9736213684, 25.0483188629, 9.24188232422, 7.29552078247, 8.14578437805, 11.5399093628, 13.9304656982, 17.4673938751, 14.992357254, 10.420165062, 7.98143005371, 6.77245855331, 6.87931680679, 6.53088378906, 8.83193874359, 9.1071023941, 7.0269370079, 7.94352579117, 6.81230115891, 4.9020857811, 3.26567864418, 2.7696325779, 1.71336197853, 0.756867110729, 0.214327320457, 0.0352920852602, 0.0024921882432, 0.000104389844637], "median": [0.180859208107, 1.75988173485, 2.13553333282, 2.26667642593, 3.07304477692, 3.07478761673, 3.60459470749, 7.05317020416, 9.96295166016, 8.63628768921, 11.2624988556, 16.382894516, 15.0945959091, 7.88259315491, 5.02803564072, 5.27205848694, 5.57464075089, 7.13508176804, 9.11429405212, 11.2569789886, 12.4923038483, 8.56294250488, 6.37489938736, 5.39650678635, 5.23103761673, 4.73175859451, 5.07635784149, 6.30628967285, 3.72912120819, 3.56199860573, 3.19008469582, 2.4268078804, 1.57062315941, 1.03294336796, 0.597584366798, 0.257296621799, 0.0704381912947, 0.0119762700051, 0.000832011573948, 6.36854820186e-05], "min": [2.40685563927e-13, 4.67502881026e-13, 1.53847117337e-12, 1.85446710071e-12, 8.97872488165e-13, 1.36462911283e-12, 1.15485312285e-12, 3.4418928211e-12, 1.70668288529e-11, 3.27311025505e-11, 1.95212179754e-11, 1.82212769179e-11, 3.62614799299e-11, 4.34754905687e-11, 5.41007551258e-11, 1.2456051468e-10, 2.716816494e-10, 1.7681368869e-10, 2.34897795659e-10, 1.43091538618e-10, 2.21422519209e-10, 4.3620057566e-10, 4.34086128154e-10, 5.94488125394e-10, 6.51789178185e-10, 5.32992927571e-10, 6.08551875558e-10, 2.69909317119e-10, 5.88193771467e-10, 8.01523125649e-10, 6.01149907631e-10, 4.3368572622e-10, 5.07157982277e-10, 3.93659577158e-10, 2.22655810456e-10, 1.85293266841e-10, 8.76794054028e-11, 4.84583657923e-11, 1.09139008594e-11, 1.27070532915e-12], "var": [1.24520897865, 19.8821907043, 36.5457839966, 456.602203369, 1127.55456543, 659.987121582, 266.843505859, 2285.83666992, 2665.9296875, 2149.02587891, 4830.28076172, 2813.22802734, 5114.57275391, 3326.84887695, 218.19203186, 59.9551849365, 84.1372451782, 274.646484375, 259.45199585, 359.064300537, 173.981246948, 128.871124268, 59.8716430664, 36.485786438, 41.2441482544, 45.0164146423, 128.458480835, 92.260093689, 72.1051177979, 114.585914612, 82.7559661865, 41.6748352051, 17.6679191589, 15.9626665115, 6.92837095261, 1.76934719086, 0.162379950285, 0.00514613743871, 2.59219959844e-05, 1.56597561585e-08]}, "gfcc": {"mean": [0.467299610376, 64.0203018188, -86.8416290283, 30.6954517365, -57.6309432983, 21.8983135223, -34.4179763794, 18.8452091217, -15.1543292999, 10.1732778549, -22.1608924866, 2.66493701935, -9.08330345154], "cov": [[26444.3496094, 920.406860352, 1135.4128418, 1950.52978516, -357.042907715, -89.2813034058, -931.567382812, 63.9816970825, -222.326431274, -40.2468223572, -643.970275879, -82.5270996094, -314.572967529], [920.406860352, 1078.75012207, -203.134719849, 4.53370285034, 126.88167572, -6.7494187355, 104.441558838, 41.8039665222, 88.4355926514, -46.1086616516, 45.6677932739, -35.8499412537, 94.9376449585], [1135.4128418, -203.134719849, 769.944030762, 320.182037354, 28.3122787476, 176.216278076, 12.3507614136, 38.4248428345, -22.3640270233, 2.79502010345, -37.9448432922, -5.05195188522, -97.6761474609], [1950.52978516, 4.53370285034, 320.182037354, 588.975646973, 155.860900879, 92.0441055298, -5.06902837753, 17.0175247192, -40.3382034302, -4.60276889801, -31.8775691986, -11.0749664307, -30.2894821167], [-357.042907715, 126.88167572, 28.3122787476, 155.860900879, 298.267425537, 85.9789276123, 102.004798889, 28.8314628601, 6.30422496796, 13.2524547577, 35.024684906, 23.6023464203, 44.483001709], [-89.2813034058, -6.7494187355, 176.216278076, 92.0441055298, 85.9789276123, 235.096740723, 118.883209229, 69.052734375, 15.0280752182, -4.19884967804, 9.75212574005, -1.43443059921, -11.4379892349], [-931.567382812, 104.441558838, 12.3507614136, -5.06902837753, 102.004798889, 118.883209229, 230.798843384, 110.462768555, 56.3688697815, 6.89848470688, 40.5915412903, -1.16057860851, 25.841178894], [63.9816970825, 41.8039665222, 38.4248428345, 17.0175247192, 28.8314628601, 69.052734375, 110.462768555, 149.833251953, 72.5016784668, 19.3647613525, 13.1889410019, 2.65280413628, 2.36767363548], [-222.326431274, 88.4355926514, -22.3640270233, -40.3382034302, 6.30422496796, 15.0280752182, 56.3688697815, 72.5016784668, 115.785957336, 48.5031433105, 43.4956054688, 10.4589138031, 14.9114456177], [-40.2468223572, -46.1086616516, 2.79502010345, -4.60276889801, 13.2524547577, -4.19884967804, 6.89848470688, 19.3647613525, 48.5031433105, 83.7493743896, 50.6266822815, 27.4390964508, 5.09659099579], [-643.970275879, 45.6677932739, -37.9448432922, -31.8775691986, 35.024684906, 9.75212574005, 40.5915412903, 13.1889410019, 43.4956054688, 50.6266822815, 102.712081909, 48.4590950012, 32.9817848206], [-82.5270996094, -35.8499412537, -5.05195188522, -11.0749664307, 23.6023464203, -1.43443059921, -1.16057860851, 2.65280413628, 10.4589138031, 27.4390964508, 48.4590950012, 82.0038375854, 42.307926178], [-314.572967529, 94.9376449585, -97.6761474609, -30.2894821167, 44.483001709, -11.4379892349, 25.841178894, 2.36767363548, 14.9114456177, 5.09659099579, 32.9817848206, 42.307926178, 86.4927749634]], "icov": [[0.000136222559377, -0.000353177194484, 2.97262577078e-05, -0.000430380809121, 0.00034034010605, -0.000142674194649, 0.000545803282876, -0.000482384959469, 0.00036137655843, -0.00080665765563, 0.00112940685358, -0.000778871995863, 0.000357730663382], [-0.000353177194484, 0.00238377624191, 4.6872854e-05, 0.000906069995835, -0.00134386366699, 0.000619449361693, -0.00133003783412, 0.00138176314067, -0.00259066210128, 0.00415298715234, -0.00419648643583, 0.00384441646747, -0.00247653131373], [2.97262577078e-05, 4.6872854e-05, 0.0024290503934, -0.00118995341472, 0.000483512558276, -0.00149590161163, 6.37870689388e-05, 0.000102629252069, -0.000257178005995, -0.000240514680627, 0.000929031113628, -0.00187175371684, 0.00253452826291], [-0.000430380809121, 0.000906069995835, -0.00118995341472, 0.0042598512955, -0.00274449540302, 0.000344505155226, -0.000543857284356, 0.000477213150589, 0.000100847915746, 0.00188489968423, -0.00321353180334, 0.00313362223096, -0.00124125077855], [0.00034034010605, -0.00134386366699, 0.000483512558276, -0.00274449540302, 0.00663907686248, -0.00142411852721, -0.00108221638948, -0.000117599753139, 0.00206478312612, -0.00375015521422, 0.00296654342674, -0.00285784876905, -0.00084672664525], [-0.000142674194649, 0.000619449361693, -0.00149590161163, 0.000344505155226, -0.00142411852721, 0.00789724476635, -0.00370705127716, -0.000492992752697, -0.000122408062452, 0.00235139485449, -0.00194636825472, 0.000779201101977, 0.000373897812096], [0.000545803282876, -0.00133003783412, 6.37870689388e-05, -0.000543857284356, -0.00108221638948, -0.00370705127716, 0.0133093055338, -0.00839623995125, 0.00168027204927, -0.000977399642579, -8.93045435078e-05, 0.00141119479667, -0.00124195124954], [-0.000482384959469, 0.00138176314067, 0.000102629252069, 0.000477213150589, -0.000117599753139, -0.000492992752697, -0.00839623995125, 0.0172142852098, -0.00988678261638, 0.00279495352879, 0.000769109581597, -0.000989754335023, 0.000775151187554], [0.00036137655843, -0.00259066210128, -0.000257178005995, 0.000100847915746, 0.00206478312612, -0.000122408062452, 0.00168027204927, -0.00988678261638, 0.0217053797096, -0.0121682323515, 3.81834468044e-07, 0.000671284273267, -0.000760174181778], [-0.00080665765563, 0.00415298715234, -0.000240514680627, 0.00188489968423, -0.00375015521422, 0.00235139485449, -0.000977399642579, 0.00279495352879, -0.0121682323515, 0.0301305260509, -0.0167707391083, 0.00344141805544, 0.000385445251595], [0.00112940685358, -0.00419648643583, 0.000929031113628, -0.00321353180334, 0.00296654342674, -0.00194636825472, -8.93045435078e-05, 0.000769109581597, 3.81834468044e-07, -0.0167707391083, 0.0324107892811, -0.0176593698561, 0.00412740046158], [-0.000778871995863, 0.00384441646747, -0.00187175371684, 0.00313362223096, -0.00285784876905, 0.000779201101977, 0.00141119479667, -0.000989754335023, 0.000671284273267, 0.00344141805544, -0.0176593698561, 0.0317414849997, -0.0160015132278], [0.000357730663382, -0.00247653131373, 0.00253452826291, -0.00124125077855, -0.00084672664525, 0.000373897812096, -0.00124195124954, 0.000775151187554, -0.000760174181778, 0.000385445251595, 0.00412740046158, -0.0160015132278, 0.0252049602568]]}, "melbands": {"dmean": [0.00299380184151, 0.00158518296666, 0.00211885012686, 0.000832580262795, 0.000262130517513, 0.000246590410825, 0.000191388753592, 0.000142134376802, 0.000148924867972, 0.000115763279609, 0.00010254632798, 5.97171929257e-05, 2.20076763071e-05, 1.27180810523e-05, 1.06764910015e-05, 1.12359020932e-05, 1.2108228475e-05, 1.24122889247e-05, 1.25574351841e-05, 9.37272852752e-06, 7.83932955528e-06, 5.88140210311e-06, 4.45073737865e-06, 2.9679229101e-06, 2.47287493949e-06, 2.54545034295e-06, 2.37539302361e-06, 2.12552754419e-06, 2.96035295833e-06, 3.07554637402e-06, 2.82910195892e-06, 2.44171201302e-06, 2.93980428978e-06, 3.01489671983e-06, 2.84186580757e-06, 2.10293092096e-06, 1.75248112555e-06, 1.43439979183e-06, 1.49233915181e-06, 1.92339643945e-06], "dmean2": [0.00419920776039, 0.0025658106897, 0.00357009028085, 0.00142349523958, 0.000449866929557, 0.000379584875191, 0.0002758744522, 0.00021396682132, 0.000212220940739, 0.00017810780264, 0.000156611538841, 9.51091351453e-05, 3.57584685844e-05, 2.05871583603e-05, 1.71731007867e-05, 1.84626242117e-05, 1.96752389456e-05, 2.02928858926e-05, 2.0504643544e-05, 1.50771220433e-05, 1.29038553496e-05, 9.66856896412e-06, 7.40194764148e-06, 4.77930416309e-06, 3.95041024603e-06, 4.13636144003e-06, 3.79711286769e-06, 3.40629230777e-06, 4.75906699648e-06, 4.79493883176e-06, 4.4583498493e-06, 3.80996880267e-06, 4.59238935946e-06, 4.54158043794e-06, 4.21995446231e-06, 3.17331455335e-06, 2.64974664788e-06, 2.1544219635e-06, 2.23480924433e-06, 2.83227245745e-06], "dvar": [2.71667904599e-05, 9.34234503802e-06, 2.19379435293e-05, 4.49113940704e-06, 3.79658899874e-07, 2.53808622119e-07, 1.33714365802e-07, 7.7828559597e-08, 9.7084082995e-08, 4.99957018008e-08, 5.67084086356e-08, 2.2783114062e-08, 3.48299056263e-09, 4.33673125189e-10, 3.76244646549e-10, 3.99523941708e-10, 4.84534856682e-10, 5.1097853726e-10, 3.55999618673e-10, 1.64603525254e-10, 1.18825060902e-10, 1.0902796721e-10, 4.45260703308e-11, 1.45929553164e-11, 1.00910512585e-11, 1.08764863435e-11, 1.15293044209e-11, 1.06518040915e-11, 3.17586686116e-11, 2.22171742809e-11, 1.55967322391e-11, 1.37929103902e-11, 2.03794325165e-11, 2.0853648669e-11, 1.88192222222e-11, 1.07976023955e-11, 7.4789922519e-12, 4.98988177167e-12, 4.92785933587e-12, 1.03001730409e-11], "dvar2": [4.8921960115e-05, 2.35554816754e-05, 5.64918518648e-05, 1.16317123684e-05, 1.02533260815e-06, 5.87855083722e-07, 2.61044021954e-07, 1.48260667743e-07, 1.84544816761e-07, 1.03656574879e-07, 1.18691140472e-07, 5.31632089462e-08, 8.8470599735e-09, 1.01186548029e-09, 9.02917629553e-10, 1.0402592121e-09, 1.25437726872e-09, 1.29217447853e-09, 9.08423392065e-10, 4.15274620247e-10, 3.28853388964e-10, 2.7168597927e-10, 1.19476220584e-10, 3.58639090647e-11, 2.51988291344e-11, 2.70387861406e-11, 2.97603469646e-11, 2.45350354616e-11, 7.54867696129e-11, 5.02365475608e-11, 3.68680849738e-11, 3.15104851933e-11, 4.78332269627e-11, 4.56461916876e-11, 4.06516001417e-11, 2.42401029804e-11, 1.75056948104e-11, 1.15609631243e-11, 1.11640748729e-11, 2.33040531317e-11], "max": [0.0682969614863, 0.0257388222963, 0.0331322029233, 0.0386077314615, 0.00801818910986, 0.0101997619495, 0.0100745195523, 0.00722651463002, 0.00776856066659, 0.00747824925929, 0.00648827198893, 0.00266915094107, 0.0011100777192, 0.00045854691416, 0.000420748663601, 0.000431596417911, 0.000476698100101, 0.000555704871658, 0.000360878242645, 0.000259901222307, 0.000201307193493, 0.000222172355279, 8.45483591547e-05, 5.74533369218e-05, 5.90628151258e-05, 5.21170368302e-05, 4.88489313284e-05, 5.09905221406e-05, 0.000100207216747, 6.04719534749e-05, 6.7891262006e-05, 6.48462155368e-05, 7.2432711022e-05, 6.55558542348e-05, 7.49423197703e-05, 6.4947802457e-05, 4.27528430009e-05, 3.04007189698e-05, 2.5850993552e-05, 4.00418975914e-05], "mean": [0.00533393211663, 0.00276200356893, 0.002023184672, 0.000869511684868, 0.000358531979145, 0.000491744140163, 0.000435563677456, 0.0002715375158, 0.000313596276101, 0.000248382450081, 0.000197349436348, 0.000106323786895, 3.85227649531e-05, 2.18230161408e-05, 1.86576635315e-05, 2.01999573619e-05, 2.10369926208e-05, 2.21540722123e-05, 2.47865955316e-05, 2.19520061364e-05, 1.59446226462e-05, 1.09802758743e-05, 8.10417895991e-06, 6.14507189312e-06, 5.39911025044e-06, 5.21847005075e-06, 4.68721373181e-06, 4.17885621573e-06, 5.32413559995e-06, 5.67217830394e-06, 5.13367558597e-06, 3.93700065615e-06, 4.2019155444e-06, 4.43083990831e-06, 4.20024889536e-06, 3.30067814502e-06, 2.85345777229e-06, 2.30564000958e-06, 2.13920225178e-06, 2.43437784775e-06], "median": [0.00218547787517, 0.00188558362424, 0.00046805315651, 0.000258808024228, 0.000127073988551, 0.000155485584401, 0.000158192095114, 7.22957556718e-05, 8.37900297483e-05, 0.000103379396023, 7.20842654118e-05, 2.91866745101e-05, 1.5887328118e-05, 1.34941037686e-05, 1.11023873615e-05, 1.13909027277e-05, 1.26240756799e-05, 1.15813600132e-05, 1.49588431668e-05, 1.37962942972e-05, 1.27107377921e-05, 8.38099185785e-06, 6.21620165475e-06, 4.90703905598e-06, 4.05675837101e-06, 3.70674979422e-06, 3.50498885382e-06, 2.81406437352e-06, 2.70095006272e-06, 3.64823063137e-06, 3.41316490449e-06, 2.12606619243e-06, 1.94607946469e-06, 1.91137019101e-06, 1.94662720787e-06, 1.54265899255e-06, 1.39346593642e-06, 1.11561450922e-06, 9.07517119231e-07, 8.52489449699e-07], "min": [2.14668959658e-15, 7.33139414859e-16, 2.99172857533e-16, 7.00045334684e-17, 4.98629998813e-17, 8.04708166718e-17, 2.88545188084e-16, 3.40912497122e-16, 1.44757851276e-16, 1.30681447477e-16, 1.96054868011e-16, 1.85199439343e-16, 1.58761661705e-16, 2.96958078135e-16, 3.46687250119e-16, 6.75326133956e-16, 2.6954825078e-16, 4.19835744894e-16, 2.16690880242e-16, 1.85711722223e-16, 2.514335777e-16, 3.55844946828e-16, 6.08962214269e-16, 2.19781147602e-16, 4.93543175536e-16, 6.82878809109e-16, 2.69163300775e-16, 3.54665506389e-16, 4.93539946223e-16, 1.92551777969e-16, 1.36696810771e-16, 2.64853941247e-16, 4.88160387035e-16, 4.71413645696e-16, 4.31610958699e-16, 1.95241650207e-16, 2.69876343698e-16, 3.20465174715e-16, 4.07714332842e-16, 3.16586902017e-16], "var": [6.75217524986e-05, 1.25653850773e-05, 1.89148595382e-05, 3.58868737749e-06, 3.71935072963e-07, 9.65351205195e-07, 6.07769095495e-07, 2.85421236867e-07, 3.55578606559e-07, 1.52724624058e-07, 1.40935824788e-07, 6.06236412182e-08, 7.96922350332e-09, 7.67603369756e-10, 6.982526779e-10, 8.39937175368e-10, 9.1493607135e-10, 9.846780058e-10, 9.23715215428e-10, 5.47298595333e-10, 2.30076499519e-10, 2.04200920062e-10, 6.80130327058e-11, 3.10368536427e-11, 2.66115098707e-11, 2.5701406281e-11, 2.0745408863e-11, 2.19365983711e-11, 5.66854167772e-11, 4.33079370976e-11, 3.1162305375e-11, 2.53335772499e-11, 3.1796475175e-11, 3.75028445798e-11, 3.34460098506e-11, 2.14009417826e-11, 1.48817416723e-11, 9.28966192165e-12, 8.23117615734e-12, 1.35694736697e-11]}, "mfcc": {"mean": [-642.539367676, 98.8769378662, 24.4381790161, 18.9774475098, 7.43952226639, 7.28493213654, -2.38679122925, 6.0028386116, 11.0742950439, 8.41685199738, 1.70504105091, 0.464270681143, -0.697990596294], "cov": [[12069.0097656, 1403.9543457, 556.961669922, 476.988464355, 121.043121338, -34.1718864441, -374.23840332, -108.212417603, 81.7713165283, 51.0501708984, -109.840782166, -103.78969574, -74.5172576904], [1403.9543457, 1135.14221191, -141.644866943, 11.9504518509, 10.115945816, -10.2856826782, 13.5750236511, 63.9383544922, 94.4772186279, 67.0749206543, 12.4932422638, 9.40875053406, 1.83626937866], [556.961669922, -141.644866943, 656.253051758, 63.303440094, 66.3017654419, 100.610443115, 40.2067070007, 71.6929702759, 5.48105764389, 29.3698196411, 57.0498771667, 8.66940498352, 12.2682285309], [476.988464355, 11.9504518509, 63.303440094, 335.710540771, 135.901367188, 72.6367874146, 59.1594810486, 6.97532987595, 17.7491664886, -3.91257333755, -7.83830070496, 19.0679645538, 2.638276577], [121.043121338, 10.115945816, 66.3017654419, 135.901367188, 186.187789917, 102.93460083, 59.724822998, 21.5064868927, 12.5256996155, -7.81942367554, 11.2254447937, 9.31370353699, 15.1735668182], [-34.1718864441, -10.2856826782, 100.610443115, 72.6367874146, 102.93460083, 162.241088867, 98.7261581421, 47.6167259216, 17.9023666382, 8.54282855988, 15.141040802, 9.45627117157, 8.48203849792], [-374.23840332, 13.5750236511, 40.2067070007, 59.1594810486, 59.724822998, 98.7261581421, 182.088989258, 106.50188446, 61.079536438, 32.5571937561, 32.1911392212, 20.1983680725, 7.79881572723], [-108.212417603, 63.9383544922, 71.6929702759, 6.97532987595, 21.5064868927, 47.6167259216, 106.50188446, 148.872421265, 86.0924835205, 51.7450637817, 38.6245040894, 22.0005531311, 12.682097435], [81.7713165283, 94.4772186279, 5.48105764389, 17.7491664886, 12.5256996155, 17.9023666382, 61.079536438, 86.0924835205, 110.219604492, 60.9917602539, 31.7508411407, 16.1875114441, 2.9025285244], [51.0501708984, 67.0749206543, 29.3698196411, -3.91257333755, -7.81942367554, 8.54282855988, 32.5571937561, 51.7450637817, 60.9917602539, 97.9698562622, 53.1837882996, 27.9062213898, 2.35308432579], [-109.840782166, 12.4932422638, 57.0498771667, -7.83830070496, 11.2254447937, 15.141040802, 32.1911392212, 38.6245040894, 31.7508411407, 53.1837882996, 88.4866333008, 47.3359146118, 16.1621837616], [-103.78969574, 9.40875053406, 8.66940498352, 19.0679645538, 9.31370353699, 9.45627117157, 20.1983680725, 22.0005531311, 16.1875114441, 27.9062213898, 47.3359146118, 79.2350616455, 38.8647003174], [-74.5172576904, 1.83626937866, 12.2682285309, 2.638276577, 15.1735668182, 8.48203849792, 7.79881572723, 12.682097435, 2.9025285244, 2.35308432579, 16.1621837616, 38.8647003174, 71.8528442383]], "icov": [[0.000139380979817, -0.00018218504556, -0.000171753490577, -0.000227401164011, 3.47941677319e-05, -8.68172573973e-05, 0.000458541937405, 5.27569172846e-05, -0.000218537432374, -5.48577554582e-05, 0.00016150920419, 9.31501926971e-05, 5.46112132724e-05], [-0.00018218504556, 0.00124523846898, 0.000499052577652, 0.000246529234573, -0.000217208304093, 5.90388117416e-05, -0.000169554594322, -0.000449425075203, -0.000288448733045, -0.000417612667661, -3.67369611922e-05, -2.03600684472e-05, -0.000133793553687], [-0.000171753490577, 0.000499052577652, 0.00232963496819, -0.000283827452222, 0.000160864874488, -0.0013488974655, 0.000843507528771, -0.00206061219797, 0.00149422779214, -0.000209946199902, -0.00197491096333, 0.00118949264288, -0.000433456181781], [-0.000227401164011, 0.000246529234573, -0.000283827452222, 0.0052627120167, -0.00368481874466, 0.00100457191002, -0.00234067230485, 0.00178678345401, -0.000868862553034, -0.000338220066624, 0.00261008809321, -0.00306219724007, 0.00132672977634], [3.47941677319e-05, -0.000217208304093, 0.000160864874488, -0.00368481874466, 0.0115322256461, -0.00617154501379, 0.00101019616704, 0.000208508659853, -0.00121521623805, 0.00293000857346, -0.00339696765877, 0.00236249249429, -0.00226439512335], [-8.68172573973e-05, 5.90388117416e-05, -0.0013488974655, 0.00100457191002, -0.00617154501379, 0.0141940321773, -0.00705560622737, 0.000941978476476, 0.00180971121881, -0.00136924628168, 0.00191397755407, -0.000835335988086, 0.000322183797834], [0.000458541937405, -0.000169554594322, 0.000843507528771, -0.00234067230485, 0.00101019616704, -0.00705560622737, 0.0159390084445, -0.00859435927123, -0.00103881990071, 0.000882063002791, -0.00181520578917, 0.000695951282978, 0.000873225973919], [5.27569172846e-05, -0.000449425075203, -0.00206061219797, 0.00178678345401, 0.000208508659853, 0.000941978476476, -0.00859435927123, 0.0201624892652, -0.0109412651509, -4.61179479316e-05, 0.000460229901364, -0.000851255725138, -0.00162828108296], [-0.000218537432374, -0.000288448733045, 0.00149422779214, -0.000868862553034, -0.00121521623805, 0.00180971121881, -0.00103881990071, -0.0109412651509, 0.0234536938369, -0.00939747318625, 0.000229812707403, 0.00127496384084, 0.000263415888185], [-5.48577554582e-05, -0.000417612667661, -0.000209946199902, -0.000338220066624, 0.00293000857346, -0.00136924628168, 0.000882063002791, -4.61179479316e-05, -0.00939747318625, 0.0222746264189, -0.0100821079686, -0.00120800128207, 0.00202870182693], [0.00016150920419, -3.67369611922e-05, -0.00197491096333, 0.00261008809321, -0.00339696765877, 0.00191397755407, -0.00181520578917, 0.000460229901364, 0.000229812707403, -0.0100821079686, 0.0260284282267, -0.0129585778341, 0.00249240919948], [9.31501926971e-05, -2.03600684472e-05, 0.00118949264288, -0.00306219724007, 0.00236249249429, -0.000835335988086, 0.000695951282978, -0.000851255725138, 0.00127496384084, -0.00120800128207, -0.0129585778341, 0.0270481407642, -0.0120463762432], [5.46112132724e-05, -0.000133793553687, -0.000433456181781, 0.00132672977634, -0.00226439512335, 0.000322183797834, 0.000873225973919, -0.00162828108296, 0.000263415888185, 0.00202870182693, 0.00249240919948, -0.0120463762432, 0.0205135438591]]}, "spectral_contrast_coeffs": {"dmean": [0.0563606210053, 0.0508937239647, 0.0401723273098, 0.0292819850147, 0.0184994526207, 0.0176940783858], "dmean2": [0.0904083698988, 0.0810268893838, 0.0640648603439, 0.0476290583611, 0.0306527502835, 0.0276878811419], "dvar": [0.00289984513074, 0.00213508307934, 0.00115065218415, 0.000586406793445, 0.000246222567512, 0.000274567195447], "dvar2": [0.00700917933136, 0.00506164226681, 0.0027264112141, 0.00143089622725, 0.000629506015684, 0.000617241894361], "max": [-0.29529222846, -0.34305948019, -0.420171141624, -0.566454172134, -0.656282067299, -0.633605659008], "mean": [-0.669489622116, -0.718293428421, -0.754960358143, -0.795511245728, -0.819456100464, -0.783852100372], "median": [-0.684379577637, -0.735457539558, -0.761016726494, -0.798443317413, -0.817536950111, -0.781525731087], "min": [-0.966451466084, -0.969375252724, -0.965311825275, -0.964350998402, -0.954787194729, -0.957542717457], "var": [0.00955522991717, 0.0116851385683, 0.00625312281772, 0.00273125478998, 0.0010667409515, 0.00154244969599]}, "spectral_contrast_valleys": {"dmean": [0.435671776533, 0.459041625261, 0.359746396542, 0.301357328892, 0.251991719007, 0.410281270742], "dmean2": [0.684031844139, 0.733576595783, 0.560619175434, 0.468106269836, 0.37136220932, 0.519538581371], "dvar": [0.222873106599, 0.252874940634, 0.167062669992, 0.140903174877, 0.140394762158, 0.225858688354], "dvar2": [0.390980303288, 0.512137055397, 0.297277778387, 0.232992351055, 0.2204143852, 0.385025709867], "max": [-4.86330890656, -4.46860313416, -5.61253929138, -6.29073095322, -5.9104886055, -7.74106502533], "mean": [-7.28682136536, -7.01348829269, -7.63576459885, -7.87033510208, -7.69526195526, 