{"lowlevel": {"average_loudness": 0.868695259094, "barkbands_crest": {"dmean": 3.85021471977, "dmean2": 5.82743835449, "dvar": 10.7159481049, "dvar2": 22.0564365387, "max": 26.6149330139, "mean": 11.6625995636, "median": 11.2984304428, "min": 1.85801815987, "var": 33.1329956055}, "barkbands_flatness_db": {"dmean": 0.034944538027, "dmean2": 0.0473085194826, "dvar": 0.0014007157879, "dvar2": 0.00231723044999, "max": 0.891489923, "mean": 0.152077570558, "median": 0.104468628764, "min": 0.0111088091508, "var": 0.0178688969463}, "barkbands_kurtosis": {"dmean": 7.76542711258, "dmean2": 11.5927371979, "dvar": 1031.35656738, "dvar2": 2524.52319336, "max": 996.636108398, "mean": 8.21668815613, "median": 0.891039133072, "min": -1.93368935585, "var": 1376.29553223}, "barkbands_skewness": {"dmean": 0.963918864727, "dmean2": 1.29833698273, "dvar": 1.34167158604, "dvar2": 2.70696663857, "max": 26.8323631287, "mean": 1.46379375458, "median": 1.09961521626, "min": -3.51494503021, "var": 4.64820957184}, "barkbands_spread": {"dmean": 11.761841774, "dmean2": 17.6105861664, "dvar": 145.161499023, "dvar2": 322.339508057, "max": 108.695388794, "mean": 37.3533592224, "median": 38.7022132874, "min": 0.0408910028636, "var": 612.270629883}, "dissonance": {"dmean": 0.0203020181507, "dmean2": 0.033838160336, "dvar": 0.000858130748384, "dvar2": 0.00233080610633, "max": 0.5, "mean": 0.452160775661, "median": 0.47853282094, "min": 0.0907329693437, "var": 0.00414300337434}, "dynamic_complexity": 4.74705982208, "erbbands_crest": {"dmean": 2.57470440865, "dmean2": 4.09643793106, "dvar": 8.71053409576, "dvar2": 18.437959671, "max": 33.2975730896, "mean": 8.58394241333, "median": 6.32727479935, "min": 2.35120558739, "var": 34.9806976318}, "erbbands_flatness_db": {"dmean": 0.0204468611628, "dmean2": 0.0291935019195, "dvar": 0.000688333122525, "dvar2": 0.00117140205111, "max": 0.593250572681, "mean": 0.159138724208, "median": 0.103581875563, "min": 0.0328631140292, "var": 0.0149571187794}, "erbbands_kurtosis": {"dmean": 1.83213269711, "dmean2": 2.775796175, "dvar": 30.3847045898, "dvar2": 59.0688323975, "max": 151.68951416, "mean": 1.64909267426, "median": 0.0159471035004, "min": -1.88605988026, "var": 56.2431488037}, "erbbands_skewness": {"dmean": 0.428765773773, "dmean2": 0.628930926323, "dvar": 0.2597181499, "dvar2": 0.481015205383, "max": 8.19443321228, "mean": -0.100886031985, "median": -0.33581367135, "min": -4.16267490387, "var": 1.26596426964}, "erbbands_spread": {"dmean": 9.92725372314, "dmean2": 14.6258592606, "dvar": 129.626647949, "dvar2": 236.458297729, "max": 160.682037354, "mean": 41.7160453796, "median": 41.6454620361, "min": 0.363196671009, "var": 639.401611328}, "hfc": {"dmean": 13.7705135345, "dmean2": 20.5233020782, "dvar": 478.605194092, "dvar2": 994.645935059, "max": 831.395385742, "mean": 44.7289848328, "median": 36.8765029907, "min": 8.07445539976e-05, "var": 1986.72888184}, "melbands_crest": {"dmean": 5.19169235229, "dmean2": 7.94270992279, "dvar": 20.6782722473, "dvar2": 37.392780304, "max": 37.147480011, "mean": 18.0644264221, "median": 17.9279441833, "min": 2.42622923851, "var": 66.28074646}, "melbands_flatness_db": {"dmean": 0.0453262478113, "dmean2": 0.058626011014, "dvar": 0.00211858400144, "dvar2": 0.00343392696232, "max": 1, "mean": 0.221069931984, "median": 0.181099042296, "min": 0.0167662743479, "var": 0.0264384709299}, "melbands_kurtosis": {"dmean": 18.5336494446, "dmean2": 26.0579586029, "dvar": 1431.4519043, "dvar2": 2643.83178711, "max": 1002.84197998, "mean": 26.1499443054, "median": 7.60201644897, "min": -1.8188726902, "var": 3176.484375}, "melbands_skewness": {"dmean": 1.44532740116, "dmean2": 1.91639137268, "dvar": 2.38516926765, "dvar2": 3.85440254211, "max": 24.1125736237, "mean": 3.2659611702, "median": 2.51768755913, "min": -2.23499202728, "var": 9.85001564026}, "melbands_spread": {"dmean": 15.0054168701, "dmean2": 21.6137542725, "dvar": 328.262023926, "dvar2": 604.108154297, "max": 188.156570435, "mean": 36.3569488525, "median": 24.047498703, "min": 0.136642575264, "var": 1204.92944336}, "pitch_salience": {"dmean": 0.106116876006, "dmean2": 0.150290369987, "dvar": 0.00909613724798, "dvar2": 0.0151876052842, "max": 0.918450713158, "mean": 0.4822961092, "median": 0.505637168884, "min": 0.0173261985183, "var": 0.0340588241816}, "silence_rate_20dB": {"dmean": 0.000158403301612, "dmean2": 0.000316831690725, "dvar": 0.000158355600433, "dvar2": 0.000316640915116, "max": 1, "mean": 0.999841630459, "median": 1, "min": 0, "var": 0.000158343085786}, "silence_rate_30dB": {"dmean": 0.107872642577, "dmean2": 0.215762376785, "dvar": 0.0962410643697, "dvar2": 0.206427112222, "max": 1, "mean": 0.890789568424, "median": 1, "min": 0, "var": 0.0972775295377}, "silence_rate_60dB": {"dmean": 0.0427688881755, "dmean2": 0.085465349257, "dvar": 0.0409413799644, "dvar2": 0.094324670732, "max": 1, "mean": 0.222539007664, "median": 0, "min": 0, "var": 0.17303031683}, "spectral_centroid": {"dmean": 302.026245117, "dmean2": 438.061950684, "dvar": 107478.148438, "dvar2": 204900.40625, "max": 4448.85058594, "mean": 2163.55053711, "median": 2455.37646484, "min": 63.0600547791, "var": 1112267.125}, "spectral_complexity": {"dmean": 4.55837154388, "dmean2": 6.99841594696, "dvar": 30.1430034637, "dvar2": 58.4631576538, "max": 67, "mean": 22.2842330933, "median": 22, "min": 0, "var": 267.568572998}, "spectral_decrease": {"dmean": 5.78500980453e-09, "dmean2": 8.13678990852e-09, "dvar": 6.51921157786e-17, "dvar2": 1.20331750418e-16, "max": -2.68394332502e-15, "mean": -1.02744319719e-08, "median": -5.24347409936e-09, "min": -1.3712059399e-07, "var": 1.44802585204e-16}, "spectral_energy": {"dmean": 0.022464973852, "dmean2": 0.0314800739288, "dvar": 0.0009597321623, "dvar2": 0.00176275707781, "max": 0.519820451736, "mean": 0.0428352318704, "median": 0.0244632344693, "min": 1.7453581691e-08, "var": 0.00223794812337}, "spectral_energyband_high": {"dmean": 0.00132610637229, "dmean2": 0.00196431204677, "dvar": 4.81469623992e-06, "dvar2": 1.01354880826e-05, "max": 0.0895437970757, "mean": 0.00408219033852, "median": 0.00309771904722, "min": 9.46802858337e-10, "var": 2.12422000914e-05}, "spectral_energyband_low": {"dmean": 0.0204428229481, "dmean2": 0.028551818803, "dvar": 0.000911771610845, "dvar2": 0.00166795752011, "max": 0.516630709171, "mean": 0.0302741844207, "median": 0.00796342454851, "min": 2.75783389181e-11, "var": 0.0018567481311}, "spectral_energyband_middle_high": {"dmean": 0.0014934046194, "dmean2": 0.00237925932743, "dvar": 8.40665688884e-06, "dvar2": 2.01511520572e-05, "max": 0.134916380048, "mean": 0.00475085387006, "median": 0.0036258965265, "min": 7.34875271746e-09, "var": 3.08180024149e-05}, "spectral_energyband_middle_low": {"dmean": 0.00206121639349, "dmean2": 0.00328894215636, "dvar": 1.40438141898e-05, "dvar2": 3.54872827302e-05, "max": 0.13702814281, "mean": 0.00316017051227, "median": 0.00165524915792, "min": 2.47549403198e-09, "var": 1.76928351721e-05}, "spectral_entropy": {"dmean": 0.167843744159, "dmean2": 0.235942348838, "dvar": 0.0689577311277, "dvar2": 0.112831681967, "max": 8.76711559296, "mean": 7.72347307205, "median": 8.23531246185, "min": 2.52722024918, "var": 1.1644847393}, "spectral_flux": {"dmean": 0.0457375645638, "dmean2": 0.0739909186959, "dvar": 0.00258500315249, "dvar2": 0.00601284625009, "max": 0.566774845123, "mean": 0.11153652519, "median": 0.100113883615, "min": 0.000132112007122, "var": 0.00628270348534}, "spectral_kurtosis": {"dmean": 8.58343601227, "dmean2": 14.3111772537, "dvar": 1057.9119873, "dvar2": 2741.28295898, "max": 1247.64892578, "mean": 22.4093494415, "median": 2.75155925751, "min": 0.30118393898, "var": 3534.76074219}, "spectral_rms": {"dmean": 0.00153763371054, "dmean2": 0.00203518476337, "dvar": 3.19153673445e-06, "dvar2": 4.88555042466e-06, "max": 0.0225198119879, "mean": 0.00533121498302, "median": 0.00488534243777, "min": 4.12648569181e-06, "var": 1.33686580739e-05}, "spectral_rolloff": {"dmean": 1248.17492676, "dmean2": 1940.63635254, "dvar": 2927964.5, "dvar2": 6153822, "max": 17248.0957031, "mean": 2852.54711914, "median": 1679.58984375, "min": 64.599609375, "var": 7816391}, "spectral_skewness": {"dmean": 0.434178680182, "dmean2": 0.694518625736, "dvar": 1.12360858917, "dvar2": 2.6660656929, "max": 27.1830539703, "mean": 2.28033423424, "median": 1.24124252796, "min": -0.081087321043, "var": 8.18496608734}, "spectral_spread": {"dmean": 524624.625, "dmean2": 783227, "dvar": 316867379200, "dvar2": 600134189056, "max": 14743445, "mean": 5522204, "median": 6186218, "min": 101321.828125, "var": 5926574096380.0}, "spectral_strongpeak": {"dmean": 0.47628262639, "dmean2": 0.786759376526, "dvar": 0.938848257065, "dvar2": 2.2390961647, "max": 27.9564609528, "mean": 0.690999388695, "median": 0.364491343498, "min": 0, "var": 1.42982578278}, "zerocrossingrate": {"dmean": 0.0226671397686, "dmean2": 0.0232486855239, "dvar": 0.000480602728203, "dvar2": 0.000513517356012, "max": 0.455078125, "mean": 0.106878645718, "median": 0.10009765625, "min": 0.001953125, "var": 0.00475993286818}, "barkbands": {"dmean": [0.00344239058904, 0.0145965144038, 0.00756378564984, 0.000992177287117, 0.000618519552518, 0.000327058864059, 0.00025632197503, 0.000237558677327, 0.000298966595437, 0.000300309533486, 0.000305336317979, 0.000378025404643, 0.000257669569692, 0.000261652807239, 0.000230738951359, 0.000186179982848, 0.000210020312807, 0.000241412664764, 0.000271322234767, 0.000338853686117, 0.000341954670148, 0.000293929275358, 0.000285851507215, 0.000154871944687, 0.0001013159781, 0.000290764408419, 8.67589260451e-05], "dmean2": [0.00578552717343, 0.0214266907424, 0.0118524879217, 0.00157872901764, 0.00102192745544, 0.000584724766668, 0.000415710965171, 0.000373812916223, 0.000478064786876, 0.000492830877192, 0.000500690890476, 0.000619016296696, 0.000425313017331, 0.000420425873017, 0.000376323238015, 0.00031406749622, 0.000352584000211, 0.000398811505875, 0.000454090913991, 0.000550253724214, 0.000561463937629, 0.000453392014606, 0.000433891720604, 0.000233112630667, 0.000146847087308, 0.000446468242444, 0.000125440827105], "dvar": [5.28724413016e-05, 0.000514962768648, 0.000280823092908, 5.06135165779e-06, 2.04542902793e-06, 6.72470434893e-07, 2.23191364057e-07, 1.51939005377e-07, 3.07392468812e-07, 2.44782768277e-07, 3.49581284809e-07, 5.79837717396e-07, 3.12427829385e-07, 4.01390337856e-07, 2.59679325154e-07, 1.03234917503e-07, 2.11512599435e-07, 2.84162780417e-07, 3.72894589873e-07, 8.76415185758e-07, 7.23772416222e-07, 2.99057631992e-07, 1.6118050894e-07, 4.42228014208e-08, 1.97014475845e-08, 2.74623403129e-07, 1.90080839957e-08], "dvar2": [0.000138026269269, 0.00108678033575, 0.000599827209953, 1.22757355712e-05, 5.07564664076e-06, 1.94756057681e-06, 5.52169012735e-07, 3.44472994129e-07, 7.04013245922e-07, 5.72679596189e-07, 7.84801216014e-07, 1.38898121804e-06, 7.0778241934e-07, 9.63242086982e-07, 6.64230469738e-07, 2.63063014927e-07, 5.35035098892e-07, 6.43525879696e-07, 9.60346369538e-07, 2.19275329982e-06, 1.8563263211e-06, 6.73696490594e-07, 3.49107608599e-07, 9.57056016659e-08, 3.73074762194e-08, 6.5696974616e-07, 3.62328478332e-08], "max": [0.0843657180667, 0.424954622984, 0.131225645542, 0.0831853747368, 0.0489677153528, 0.00722896680236, 0.0191581305116, 0.00767521839589, 0.0138796623796, 0.0090649286285, 0.00950861070305, 0.0122606186196, 0.00971788354218, 0.0139342742041, 0.0158080235124, 0.0125231416896, 0.0183215811849, 0.0289551354945, 0.037926863879, 0.0489879325032, 0.0453400090337, 0.0241680145264, 0.00846465770155, 0.00293291267008, 0.00199057627469, 0.00479853292927, 0.00259463768452], "mean": [0.00354563700967, 0.0200810730457, 0.00730609614402, 0.0010094641475, 0.000584986468311, 0.000319201906677, 0.000324382242979, 0.000332563300617, 0.000432789471233, 0.000434137531556, 0.000436491827713, 0.000614429416601, 0.000423394201789, 0.000443297263701, 0.000392903544707, 0.00033978081774, 0.000394213624531, 0.000461031886516, 0.000559591804631, 0.000751528888941, 0.000785493873991, 0.000776049913839, 0.000670496548992, 0.000401435681852, 0.000272242585197, 0.000549838354345, 0.000192639839952], "median": [0.000515121791977, 0.00435121264309, 0.000540883105714, 7.62347845011e-05, 0.000115793242003, 0.000119762247778, 0.000150100255269, 0.000147677055793, 0.000150471256347, 0.000183651500265, 0.000110052103992, 0.000187036799616, 0.000120580421935, 0.000159455477842, 0.000204675889108, 0.000219826513785, 0.00024226338428, 0.00026732851984, 0.000341813050909, 0.000442414020654, 0.000501286704093, 0.000513399834745, 0.000473422172945, 0.000302186759654, 0.000162105163326, 0.000322853913531, 0.000116499155411], "min": [1.76426337732e-13, 1.85991499979e-12, 2.48347588154e-12, 1.69334008621e-11, 1.01475675085e-10, 4.27746504883e-10, 1.10657938368e-09, 3.43635848943e-11, 7.18420933854e-10, 9.30305554814e-11, 1.25663934814e-09, 7.65578100914e-10, 4.63884451685e-11, 7.7487280481e-11, 3.76031150662e-10, 1.83617954175e-10, 2.72586397898e-11, 4.28460825846e-12, 1.90790612475e-12, 2.4549205984e-12, 4.49707111827e-12, 6.16205914419e-12, 6.0101606851e-12, 8.85951034757e-12, 1.39550888206e-11, 2.09772720028e-11, 5.2497839409e-10], "var": [5.35027429578e-05, 0.000881516840309, 0.000303223350784, 5.99859185968e-06, 1.77396782419e-06, 4.50188537116e-07, 2.75575331443e-07, 2.80802538555e-07, 5.57693738301e-07, 4.94135178997e-07, 7.75205478476e-07, 1.29337820454e-06, 7.51119500819e-07, 8.42948793434e-07, 4.46741836413e-07, 2.09304332088e-07, 4.55145254818e-07, 7.87921180745e-07, 1.10511507501e-06, 2.41855832428e-06, 1.93466780729e-06, 1.0667049537e-06, 4.75202369898e-07, 1.54409761421e-07, 8.10806284335e-08, 4.5516739533e-07, 5.50942971245e-08]}, "erbbands": {"dmean": [0.478470653296, 3.21534442902, 9.36195659637, 3.79142642021, 2.32838463783, 2.38348531723, 2.03290247917, 2.90606832504, 3.82666230202, 3.35433149338, 6.14249610901, 5.9802775383, 9.47441673279, 9.91171455383, 11.3468151093, 15.0462055206, 11.7816200256, 12.1931428909, 11.5016994476, 11.9716091156, 10.6104364395, 10.5733556747, 11.9117326736, 12.3417663574, 14.6458272934, 15.9110574722, 16.2132282257, 11.5730648041, 10.6744441986, 9.35615825653, 8.51965522766, 4.44977045059, 1.98448348045, 1.06143403053, 0.838729143143, 0.925915956497, 0.594976127148, 0.1814763695, 0.0118558155373, 0.000381478952477], "dmean2": [0.697651088238, 4.75307178497, 14.0613584518, 5.94025325775, 3.83870267868, 3.98048853874, 3.5105535984, 5.1803021431, 6.4380068779, 5.28044843674, 9.60281658173, 9.60728263855, 15.2206125259, 16.5231933594, 18.7573394775, 24.7611503601, 19.3399162292, 19.8493461609, 18.3995723724, 19.3710041046, 17.7964439392, 17.7959785461, 19.7516593933, 20.4789657593, 24.4822692871, 25.9764480591, 26.4980964661, 18.9741973877, 16.6330280304, 14.3008079529, 12.9335718155, 6.77256298065, 3.03345632553, 1.57844913006, 1.23266434669, 1.43278837204, 0.913512349129, 0.276552051306, 0.0173295084387, 0.000553920166567], "dvar": [0.570899665356, 33.8072814941, 423.192230225, 46.3220901489, 37.2011680603, 25.730796814, 19.3724079132, 54.911151886, 56.0845222473, 33.8895263672, 101.581283569, 122.370140076, 267.811737061, 271.340515137, 423.7734375, 926.783996582, 684.052490234, 905.740783691, 762.905700684, 841.939819336, 313.267211914, 623.612182617, 712.026428223, 894.178588867, 1554.64916992, 1871.18981934, 2125.77368164, 583.157348633, 385.236114502, 237.651657104, 145.571899414, 36.3447189331, 7.16540908813, 2.13103604317, 1.39519965649, 2.55399680138, 1.09513497353, 0.101568870246, 0.000390106928535, 3.88603297097e-07], "dvar2": [1.11194705963, 72.4294586182, 878.474365234, 104.417190552, 99.7015380859, 61.1387290955, 53.0551223755, 158.388717651, 151.062698364, 79.279548645, 227.241104126, 294.673339844, 606.942077637, 651.709594727, 985.104797363, 2288.77929688, 1552.86730957, 2203.94604492, 1963.18237305, 1986.16760254, 827.07800293, 1498.9699707, 1576.30126953, 2326.30419922, 4313.45263672, 4723.1484375, 5303.51806641, 1412.14990234, 844.138671875, 543.672302246, 319.487854004, 80.4276809692, 15.9930505753, 4.37585353851, 2.76006817818, 5.99717617035, 2.5587220192, 0.229596763849, 0.000809493882116, 7.9696121702e-07], "max": [26.271987915, 73.6365509033, 181.888305664, 191.378005981, 292.914703369, 98.7047729492, 95.9754333496, 69.5889816284, 145.276489258, 242.568511963, 210.115478516, 190.749832153, 574.031433105, 338.87197876, 276.608520508, 613.546020508, 488.999450684, 926.485595703, 816.916748047, 819.994812012, 594.97668457, 980.547851562, 1610.80004883, 1947.51953125, 2427.77832031, 2539.13598633, 2448.15527344, 1270.99353027, 804.347595215, 483.341918945, 206.409729004, 79.1083831787, 47.0805931091, 16.8907089233, 19.5835380554, 15.213514328, 9.85439491272, 3.75559163094, 0.782750546932, 0.0112622892484], "mean": [0.689190506935, 4.03148794174, 9.42556762695, 4.91607666016, 2.29749584198, 2.20540976524, 1.95505058765, 2.79272580147, 4.47711324692, 4.79919099808, 8.87882709503, 8.9408159256, 14.0784778595, 15.2369937897, 18.6201210022, 24.6586952209, 20.8591823578, 22.1511516571, 20.0526447296, 21.7245464325, 20.8239784241, 21.3868141174, 23.6952495575, 26.3709583282, 30.5577869415, 35.4960098267, 38.6157493591, 27.4269180298, 27.8682155609, 23.0171337128, 18.8507919312, 10.7296628952, 5.30759906769, 2.8626139164, 2.07531476021, 1.80902373791, 1.08626329899, 0.360929638147, 0.0278425402939, 0.000839786953293], "median": [0.117514371872, 0.71162045002, 0.839583277702, 0.727476418018, 0.417850017548, 0.32921358943, 0.553278625011, 1.06009459496, 1.82922911644, 2.53043818474, 4.13913869858, 3.97671365738, 6.21853876114, 6.89906167984, 7.03685379028, 8.42356967926, 6.46461343765, 9.09471797943, 9.79608058929, 11.6617717743, 14.2282686234, 14.1415147781, 14.9361944199, 16.776473999, 18.6730670929, 21.4207172394, 20.1315307617, 19.0595550537, 18.393327713, 16.4208507538, 12.8239088058, 7.73592710495, 4.11803674698, 1.82247948647, 1.20692884922, 1.06105816364, 0.631499707699, 0.216804265976, 0.0173610262573, 0.000427508231951], "min": [3.84248677321e-09, 2.50194602813e-08, 2.44746694023e-08, 2.79196701314e-08, 1.37551282364e-07, 2.73841067155e-07, 8.74983470567e-07, 4.81707911604e-06, 1.78873924597e-05, 5.85402813158e-06, 2.3576417334e-06, 1.65575875144e-05, 9.6840558399e-06, 1.857415009e-05, 4.12066256104e-05, 3.65219420928e-05, 6.24043332209e-06, 5.03266755914e-06, 1.02303638414e-05, 5.47002709936e-05, 1.65569363162e-05, 4.51153482572e-06, 6.54682082768e-07, 3.17282399465e-07, 1.69990983068e-07, 1.50559600343e-07, 1.80656968496e-07, 1.99960780378e-07, 2.16310723999e-07, 2.20481723545e-07, 1.99957767677e-07, 2.14628244066e-07, 1.67833775322e-07, 1.21083530757e-07, 1.27565343178e-07, 9.96135227638e-08, 5.30125561227e-08, 2.26148149096e-08, 2.71514757344e-08, 6.55071552558e-09], "var": [1.16893994808, 47.8443870544, 492.882904053, 72.817779541, 31.8266925812, 24.2541332245, 15.4636068344, 36.7473182678, 56.6899147034, 50.4006347656, 193.277145386, 206.587768555, 504.842193604, 575.606201172, 978.772094727, 1840.74645996, 1722.44677734, 1747.6673584, 1326.14453125, 1761.02368164, 710.773254395, 1427.76525879, 2134.11181641, 2250.69970703, 3737.86425781, 4993.95654297, 6881.10888672, 1718.37353516, 1384.22558594, 667.754333496, 385.993927002, 113.463928223, 27.4150695801, 8.61305618286, 4.9863448143, 4.60272741318, 1.8261911869, 0.208566427231, 0.00108619895764, 9.31277270411e-07]}, "gfcc": {"mean": [-28.6632347107, 41.5571098328, -100.50453186, 16.5022640228, -40.7537879944, 14.6610612869, -15.4079837799, 9.54356193542, -13.583029747, 8.21786117554, -14.8006973267, 5.77457523346, -13.8871479034], "cov": [[34677.5664062, -13200.9267578, 2543.96142578, 6644.97949219, 570.107177734, 4062.16601562, 1074.43212891, 2539.80151367, -74.8715820312, 1141.76171875, -1004.97546387, 912.199584961, -1477.0592041], [-13200.9267578, 7176.140625, -464.318939209, -2548.8347168, 244.368270874, -1608.50219727, -195.734710693, -955.028564453, 78.9846038818, -682.587585449, 413.378875732, -493.757019043, 589.552124023], [2543.96142578, -464.318939209, 1758.1895752, 950.311767578, 459.197845459, 680.33984375, 199.935546875, 336.463806152, 72.0813064575, 94.7187423706, -72.0555725098, 13.9909496307, -190.615066528], [6644.97949219, -2548.8347168, 950.311767578, 2350.27197266, 463.986938477, 1080.1159668, 396.655181885, 634.488525391, 80.6385726929, 249.780776978, -230.719924927, 105.567886353, -339.279266357], [570.107177734, 244.368270874, 459.197845459, 463.986938477, 467.412628174, 288.387695312, 215.2943573, 157.980194092, 70.0679016113, -5.20591068268, -18.8153953552, -72.9355316162, -74.7442245483], [4062.16601562, -1608.50219727, 680.33984375, 1080.1159668, 288.387695312, 892.00769043, 311.382232666, 466.151245117, 71.3664398193, 183.607254028, -113.159370422, 75.4812469482, -239.011184692], [1074.43212891, -195.734710693, 199.935546875, 396.655181885, 215.2943573, 311.382232666, 275.862182617, 249.310516357, 89.8888626099, 37.1866073608, -4.24904060364, -5.74490833282, -68.6932449341], [2539.80151367, -955.028564453, 336.463806152, 634.488525391, 157.980194092, 466.151245117, 249.310516357, 429.8019104, 134.423629761, 148.164978027, -38.7548370361, 59.9655914307, -123.148605347], [-74.8715820312, 78.9846038818, 72.0813064575, 80.6385726929, 70.0679016113, 71.3664398193, 89.8888626099, 134.423629761, 159.478820801, 64.5895843506, 43.6200408936, -13.9890985489, 2.01428484917], [1141.76171875, -682.587585449, 94.7187423706, 249.780776978, -5.20591068268, 183.607254028, 37.1866073608, 148.164978027, 64.5895843506, 177.616836548, 30.4087944031, 66.5815734863, -52.757106781], [-1004.97546387, 413.378875732, -72.0555725098, -230.719924927, -18.8153953552, -113.159370422, -4.24904060364, -38.7548370361, 43.6200408936, 30.4087944031, 140.482894897, 36.7174911499, 71.1893920898], [912.199584961, -493.757019043, 13.9909496307, 105.567886353, -72.9355316162, 75.4812469482, -5.74490833282, 59.9655914307, -13.9890985489, 66.5815734863, 36.7174911499, 140.739746094, 16.7926940918], [-1477.0592041, 589.552124023, -190.615066528, -339.279266357, -74.7442245483, -239.011184692, -68.6932449341, -123.148605347, 2.01428484917, -52.757106781, 71.1893920898, 16.7926940918, 151.414657593]], "icov": [[0.00018819545221, 0.00014978244144, -4.93230481879e-06, -0.000116276467452, -0.000102384190541, 1.51780559463e-05, 3.16581608786e-05, -0.000420079624746, 0.0002132205409, 0.000149110579514, 0.000390052475268, -0.000707374070771, 0.000576210732106], [0.00014978244144, 0.0013517937623, -0.000449986429885, 0.000335781602189, -0.000936955097131, 0.000891315750778, -0.000801254005637, 0.000467153149657, -0.000754127686378, 0.00254005123861, -0.00220099766739, 0.00177690782584, -0.000922641425859], [-4.93230481879e-06, -0.000449986429885, 0.0012330415193, -0.000248426600592, -0.000599741353653, -0.00112647376955, 0.00180533400271, -0.000867314869538, 0.000183385054697, -8.30838980619e-05, 0.000144818404806, -0.000813695252873, 0.000729757535737], [-0.000116276467452, 0.000335781602189, -0.000248426600592, 0.0015384737635, -0.0010380676249, -9.66207371675e-05, -0.000779509893619, 0.000535601866432, -0.000551155593712, -0.000262619985733, 0.000940226542298, -7.09005835233e-05, -0.000408477208111], [-0.000102384190541, -0.000936955097131, -0.000599741353653, -0.0010380676249, 0.00628176750615, -0.00112551776692, -0.00268254056573, 0.000791167083662, 0.000442163174739, -0.000813532504253, -0.000443583732704, 0.00217204028741, -2.58374097939e-06], [1.51780559463e-05, 0.000891315750778, -0.00112647376955, -9.66207371675e-05, -0.00112551776692, 0.0064836377278, -0.00409399718046, -0.000381315767299, 0.000352794741048, -0.000903432606719, 0.000948436616454, -0.000861977343448, 0.00188468035776], [3.16581608786e-05, -0.000801254005637, 0.00180533400271, -0.000779509893619, -0.00268254056573, -0.00409399718046, 0.0171681568027, -0.00955385901034, 0.000883352418896, 0.00554357841611, -0.00583256082609, 0.0018764421111, 0.000640364072751], [-0.000420079624746, 0.000467153149657, -0.000867314869538, 0.000535601866432, 0.000791167083662, -0.000381315767299, -0.00955385901034, 0.0160482600331, -0.0087735792622, -0.00308262533508, 0.0041109486483, -0.0030710643623, 0.000148539882503], [0.0002132205409, -0.000754127686378, 0.000183385054697, -0.000551155593712, 0.000442163174739, 0.000352794741048, 0.000883352418896, -0.0087735792622, 0.0171705782413, -0.0057162293233, -0.00299984682351, 0.00578076764941, -0.00339848827571], [0.000149110579514, 0.00254005123861, -8.30838980619e-05, -0.000262619985733, -0.000813532504253, -0.000903432606719, 0.00554357841611, -0.00308262533508, -0.0057162293233, 0.0214228536934, -0.0131028592587, 0.00216840161011, 0.0025120107457], [0.000390052475268, -0.00220099766739, 0.000144818404806, 0.000940226542298, -0.000443583732704, 0.000948436616454, -0.00583256082609, 0.0041109486483, -0.00299984682351, -0.0131028592587, 0.026720456779, -0.0149119989946, 0.00120491802227], [-0.000707374070771, 0.00177690782584, -0.000813695252873, -7.09005835233e-05, 0.00217204028741, -0.000861977343448, 0.0018764421111, -0.0030710643623, 0.00578076764941, 0.00216840161011, -0.0149119989946, 0.0259166173637, -0.0121218329296], [0.000576210732106, -0.000922641425859, 0.000729757535737, -0.000408477208111, -2.58374097939e-06, 0.00188468035776, 0.000640364072751, 0.000148539882503, -0.00339848827571, 0.0025120107457, 0.00120491802227, -0.0121218329296, 0.0209045689553]]}, "melbands": {"dmean": [0.00408114399761, 0.00445728329942, 0.000644320447464, 0.000152631400852, 8.10918281786e-05, 6.64132385282e-05, 5.69733492739e-05, 3.6529283534e-05, 5.06980686623e-05, 3.99681812269e-05, 4.8249912652e-05, 4.08198502555e-05, 4.32255692431e-05, 4.3246178393e-05, 3.45309381373e-05, 2.63338170043e-05, 2.35759107454e-05, 2.03766030609e-05, 1.60659365065e-05, 1.43927481986e-05, 1.36256530823e-05, 1.22431029013e-05, 1.08379172161e-05, 1.35793061418e-05, 1.04997798189e-05, 1.21014645629e-05, 1.08561407615e-05, 1.14721760838e-05, 1.17292547657e-05, 8.84563451109e-06, 6.95275548424e-06, 6.72920305078e-06, 5.99001350565e-06, 5.63386356589e-06, 5.43879104953e-06, 3.92499532609e-06, 2.46581384999e-06, 1.63003301168e-06, 1.12400425678e-06, 8.98802625215e-07], "dmean2": [0.00594555493444, 0.00634435145184, 0.00103052833583, 0.000250324985245, 0.000136717790156, 0.00011857356003, 9.47025691858e-05, 5.74971818423e-05, 7.9234734585e-05, 6.41954829916e-05, 7.76556698838e-05, 6.83973485138e-05, 7.06026476109e-05, 7.13267509127e-05, 5.62649729545e-05, 4.2422892875e-05, 3.82550133509e-05, 3.28105415974e-05, 2.60492361122e-05, 2.37467120314e-05, 2.30628138524e-05, 2.07399298233e-05, 1.81222658284e-05, 2.26531847147e-05, 1.75583991222e-05, 2.02664923563e-05, 1.8415537852e-05, 1.88031590369e-05, 1.93496616703e-05, 1.45654112202e-05, 1.14353388199e-05, 1.064989101e-05, 9.44297062233e-06, 8.79173876456e-06, 8.3634913608e-06, 6.09889411862e-06, 3.81323138754e-06, 2.53126472671e-06, 1.74466765657e-06, 1.35992604555e-06], "dvar": [3.51165435859e-05, 7.88776669651e-05, 1.3697480199e-06, 1.34155840215e-07, 2.95868023414e-08, 2.83837167103e-08, 1.20063674558e-08, 3.35682059927e-09, 6.32818419888e-09, 5.17626475016e-09, 6.829507182e-09, 4.7781605339e-09, 6.8386647456e-09, 8.44000780376e-09, 6.03300787105e-09, 3.6032710149e-09, 3.38260952581e-09, 2.68594568809e-09, 1.38699918217e-09, 9.38374600246e-10, 5.14467468626e-10, 8.18919099199e-10, 5.85167858613e-10, 9.33671695513e-10, 6.82717105072e-10, 7.99495303294e-10, 1.18891352319e-09, 9.92557591672e-10, 1.17667786625e-09, 4.0491660025e-10, 1.90110940879e-10, 1.53821760884e-10, 1.13772338772e-10, 7.48287196095e-11, 5.81972595115e-11, 2.9909335425e-11, 1.1507250014e-11, 4.83170534832e-12, 2.507501368e-12, 1.53522940888e-12], "dvar2": [7.19012750778e-05, 0.000153568689711, 3.21571837958e-06, 3.34944104452e-07, 7.84306379842e-08, 8.20625842834e-08, 3.1590008831e-08, 7.90426568642e-09, 1.41300260381e-08, 1.21979804035e-08, 1.55234882726e-08, 1.15057536831e-08, 1.52256518504e-08, 2.00930347916e-08, 1.28885417894e-08, 7.68739205625e-09, 8.25356316625e-09, 6.6930558873e-09, 3.52797524528e-09, 2.18299489596e-09, 1.37916955634e-09, 1.95500104994e-09, 1.37891054131e-09, 2.23120255605e-09, 1.82537118754e-09, 2.16435891431e-09, 3.32795502267e-09, 2.56788457165e-09, 2.81379830547e-09, 1.03664232753e-09, 4.69567051908e-10, 3.37454342247e-10, 2.8033336763e-10, 1.70993413873e-10, 1.26457760929e-10, 7.11981515411e-11, 2.68827460292e-11, 1.13995124104e-11, 5.81754132714e-12, 3.30824668875e-12], "max": [0.164777427912, 0.100945219398, 0.0384276174009, 0.0144360288978, 0.0036017477978, 0.00154058169574, 0.00303168292157, 0.00217849644832, 0.00158025906421, 0.00140699069016, 0.00277860369533, 0.001502686413, 0.00129222578835, 0.00143212056719, 0.00156311015598, 0.0015100663295, 0.00156649795827, 0.00131134956609, 0.00131432898343, 0.00096641300479, 0.000713320914656, 0.00111811025999, 0.00123472756241, 0.00155900057871, 0.00162640819326, 0.00163189054001, 0.00157552410383, 0.00178146280814, 0.00169829500373, 0.000972601934336, 0.000624117383268, 0.00050172128249, 0.000384094222682, 0.000235554485698, 0.000124143552966, 8.40224456624e-05, 3.61409365723e-05, 4.42338932771e-05, 3.04477016471e-05, 1.47289001688e-05], "mean": [0.00587653648108, 0.00514914887026, 0.000842013861984, 0.000146149541251, 7.65723380027e-05, 6.37538614683e-05, 6.88579821144e-05, 5.36439292773e-05, 7.27146762074e-05, 5.81106542086e-05, 7.02138640918e-05, 5.98525766691e-05, 6.59169090795e-05, 6.59852375975e-05, 5.52899327886e-05, 4.33148998127e-05, 4.04018064728e-05, 3.29547801812e-05, 2.77600574918e-05, 2.56868570432e-05, 2.4454537197e-05, 2.23056613322e-05, 2.00130780286e-05, 2.38590000663e-05, 2.01361872314e-05, 2.34598483075e-05, 2.08071378438e-05, 2.39127402892e-05, 2.58302825387e-05, 1.85361113836e-05, 1.53664113896e-05, 1.63203349075e-05, 1.3678403775e-05, 1.26281092889e-05, 1.14759359349e-05, 8.44744226924e-06, 5.71349073653e-06, 3.96590803575e-06, 2.74692706626e-06, 2.24905306823e-06], "median": [0.00141537224408, 0.000781165552326, 0.000119967968203, 2.23623192142e-05, 1.98397374334e-05, 2.36487758229e-05, 3.07619739033e-05, 2.98612249026e-05, 3.33791140292e-05, 2.30028599617e-05, 2.94295241474e-05, 2.50255743595e-05, 2.00612139452e-05, 2.08808942261e-05, 1.53476739797e-05, 1.33343719426e-05, 1.51410004037e-05, 1.2978275663e-05, 1.43331290019e-05, 1.5083953258e-05, 1.55688740051e-05, 1.32884515551e-05, 1.15151015052e-05, 1.25379019664e-05, 1.21812945508e-05, 1.26750146592e-05, 1.29863719849e-05, 1.32808936542e-05, 1.21344182844e-05, 1.13699270514e-05, 1.05757681013e-05, 1.00747483884e-05, 9.37465028983e-06, 8.65611400513e-06, 7.53435597289e-06, 5.70148267798e-06, 4.15267186327e-06, 2.99222824651e-06, 1.89415527529e-06, 1.35711570692e-06], "min": [4.79705576477e-13, 7.46793252238e-13, 9.14770949961e-12, 1.14467020931e-11, 2.69906198086e-11, 1.15501677667e-10, 2.62081550906e-10, 4.57173396362e-11, 2.42727261901e-11, 1.12384511419e-10, 4.35039365643e-11, 6.03241831487e-11, 1.68922265065e-10, 7.92733170774e-11, 5.72464506354e-11, 6.67618824807e-12, 8.27870758058e-12, 1.00497145328e-11, 3.62932808806e-11, 2.26655794827e-11, 6.71789143411e-12, 2.69664911061e-12, 3.42792011139e-13, 1.82919475465e-13, 1.05466972503e-13, 6.56051073384e-14, 7.65405195279e-14, 7.4410834753e-14, 9.40583941571e-14, 1.07205355162e-13, 1.01675097378e-13, 8.75988734675e-14, 9.58779225717e-14, 7.13350006235e-14, 9.4973725065e-14, 9.28523479892e-14, 9.18793036445e-14, 1.02996963443e-13, 9.95355937971e-14, 9.08502195999e-14], "var": [6.98823932908e-05, 0.000109937769594, 2.08551568903e-06, 1.18868904053e-07, 2.44466455968e-08, 1.89037248077e-08, 1.29227890611e-08, 5.27707610942e-09, 1.23614238845e-08, 9.02669849978e-09, 1.28945254474e-08, 9.75334391029e-09, 1.57432538117e-08, 1.67205147505e-08, 1.48534553546e-08, 8.68512550767e-09, 6.42815001228e-09, 5.02866814855e-09, 2.39305331107e-09, 1.93555482753e-09, 1.08487507866e-09, 1.72826641887e-09, 1.50907530916e-09, 2.28140750735e-09, 1.43382472562e-09, 2.13238959823e-09, 2.03531036469e-09, 2.51738097035e-09, 3.73720965285e-09, 1.11768616584e-09, 5.21069021264e-10, 5.50263334897e-10, 2.87532830878e-10, 1.95937183145e-10, 1.47049011856e-10, 7.82252526643e-11, 3.24475064872e-11, 1.64358526789e-11, 8.13235503244e-12, 5.62027507867e-12]}, "mfcc": {"mean": [-668.425109863, 74.0818405151, 6.90942668915, 14.4612760544, -1.3007516861, 12.9916992188, 4.75286149979, 11.3182106018, 5.97463274002, 9.07196426392, 3.80069303513, 5.65957736969, 5.07763147354], "cov": [[22780.5742188, -5458.53955078, -554.671081543, 2630.67138672, 1251.04992676, 1966.80993652, 1376.70043945, 1646.06640625, 1052.28649902, 1044.98937988, 651.111877441, 502.528991699, 162.02243042], [-5458.53955078, 2815.36962891, 326.730560303, -796.331542969, -198.286743164, -506.702667236, -244.847061157, -314.908691406, -206.142150879, -299.014709473, -152.026306152, -140.026016235, -74.5632781982], [-554.671081543, 326.730560303, 959.070800781, 414.081573486, 252.901016235, 190.555358887, 131.321853638, 134.437957764, 83.4364395142, 59.7867279053, 51.5613555908, 39.0467224121, 19.7662296295], [2630.67138672, -796.331542969, 414.081573486, 1018.59094238, 497.208190918, 504.366027832, 336.861663818, 329.465301514, 255.116729736, 221.680358887, 118.836174011, 103.106567383, 47.4448394775], [1251.04992676, -198.286743164, 252.901016235, 497.208190918, 410.562408447, 331.939880371, 244.886154175, 228.662841797, 184.639480591, 153.18649292, 106.493087769, 70.1511077881, 22.0380516052], [1966.80993652, -506.702667236, 190.555358887, 504.366027832, 331.939880371, 467.073883057, 320.37802124, 288.054046631, 198.285705566, 182.812728882, 115.027908325, 92.6116867065, 37.0044784546], [1376.70043945, -244.847061157, 131.321853638, 336.861663818, 244.886154175, 320.37802124, 322.214294434, 268.020324707, 186.438873291, 141.618835449, 113.156654358, 93.9730300903, 45.7373085022], [1646.06640625, -314.908691406, 134.437957764, 329.465301514, 228.662841797, 288.054046631, 268.020324707, 338.387573242, 231.506637573, 179.134567261, 118.994651794, 97.8678588867, 47.1446723938], [1052.28649902, -206.142150879, 83.4364395142, 255.116729736, 184.639480591, 198.285705566, 186.438873291, 231.506637573, 241.279586792, 186.104598999, 117.15852356, 78.0786132812, 39.8722419739], [1044.98937988, -299.014709473, 59.7867279053, 221.680358887, 153.18649292, 182.812728882, 141.618835449, 179.134567261, 186.104598999, 209.230865479, 141.417541504, 80.9398803711, 29.455619812], [651.111877441, -152.026306152, 51.5613555908, 118.836174011, 106.493087769, 115.027908325, 113.156654358, 118.994651794, 117.15852356, 141.417541504, 159.721679688, 105.672157288, 40.2008476257], [502.528991699, -140.026016235, 39.0467224121, 103.106567383, 70.1511077881, 92.6116867065, 93.9730300903, 97.8678588867, 78.0786132812, 80.9398803711, 105.672157288, 125.329437256, 74.9049072266], [162.02243042, -74.5632781982, 19.7662296295, 47.4448394775, 22.0380516052, 37.0044784546, 45.7373085022, 47.1446723938, 39.8722419739, 29.455619812, 40.2008476257, 74.9049072266, 96.6128158569]], "icov": [[0.000136596951052, 0.00013876351295, 0.000172315703821, -0.000165823978023, 4.92447688885e-05, -0.000178565940587, 0.000119949690998, -0.000547302654013, 0.000142793374835, 0.000155319925398, -0.000285338028334, 0.000114107722766, 0.000115617440315], [0.00013876351295, 0.00102267169859, -0.000452515407233, 0.000900855055079, -0.00110459618736, 0.000821336172521, -0.000697846291587, 0.000118372845463, -0.00086940836627, 0.00116770411842, -9.66917577898e-05, 4.19032439822e-05, 0.000427269347711], [0.000172315703821, -0.000452515407233, 0.00200933683664, -0.00143896637019, 0.000322652253089, -0.000781546405051, 0.00102610944305, -0.00160154921468, 0.00110636500176, 0.000231405894738, -0.00128412200138, 0.000693782756571, -0.000351887079887], [-0.000165823978023, 0.000900855055079, -0.00143896637019, 0.00461967941374, -0.0037849303335, -0.000173825043021, -0.000711701926775, 0.00162996316794, -0.00144493160769, -0.000549301272258, 0.00308565073647, -0.00166314980015, 0.000239905173657], [4.92447688885e-05, -0.00110459618736, 0.000322652253089, -0.0037849303335, 0.0103515861556, -0.00435034465045, 0.000643797277007, -0.000428109284258, -0.00184494815767, 0.00192137388512, -0.00436776084825, 0.00226224446669, 0.000305851135636], [-0.000178565940587, 0.000821336172521, -0.000781546405051, -0.000173825043021, -0.00435034465045, 0.0136277498677, -0.00943142920732, 0.000114497845061, 0.0045694722794, -0.00735337007791, 0.00620956439525, -0.00269769108854, 0.00122413993813], [0.000119949690998, -0.000697846291587, 0.00102610944305, -0.000711701926775, 0.000643797277007, -0.00943142920732, 0.0181488636881, -0.00747463200241, -0.00364495743997, 0.00880841910839, -0.00801349431276, 0.00211921939626, -0.00156887597404], [-0.000547302654013, 0.000118372845463, -0.00160154921468, 0.00162996316794, -0.000428109284258, 0.000114497845061, -0.00747463200241, 0.0176721587777, -0.00975700188428, -0.00141440634616, 0.00528523419052, -0.00500073377043, 0.00164106965531], [0.000142793374835, -0.00086940836627, 0.00110636500176, -0.00144493160769, -0.00184494815767, 0.0045694722794, -0.00364495743997, -0.00975700188428, 0.0266197025776, -0.0196022950113, 0.00505208596587, 0.00102081848308, -0.00317306118086], [0.000155319925398, 0.00116770411842, 0.000231405894738, -0.000549301272258, 0.00192137388512, -0.00735337007791, 0.00880841910839, -0.00141440634616, -0.0196022950113, 0.0373085439205, -0.0252533294261, 0.00960685592145, -0.000463619304355], [-0.000285338028334, -9.66917577898e-05, -0.00128412200138, 0.00308565073647, -0.00436776084825, 0.00620956439525, -0.00801349431276, 0.00528523419052, 0.00505208596587, -0.0252533294261, 0.0403169132769, -0.0278000738472, 0.00937585812062], [0.000114107722766, 4.19032439822e-05, 0.000693782756571, -0.00166314980015, 0.00226224446669, -0.00269769108854, 0.00211921939626, -0.00500073377043, 0.00102081848308, 0.00960685592145, -0.0278000738472, 0.0409515090287, -0.0210627149791], [0.000115617440315, 0.000427269347711, -0.000351887079887, 0.000239905173657, 0.000305851135636, 0.00122413993813, -0.00156887597404, 0.00164106965531, -0.00317306118086, -0.000463619304355, 0.00937585812062, -0.0210627149791, 0.0237236153334]]}, "spectral_contrast_coeffs": {"dmean": [0.0648397356272, 0.0498971715569, 0.0477129220963, 0.033932376653, 0.0220500677824, 0.0179916471243], "dmean2": [0.0938730239868, 0.0797024071217, 0.0763972997665, 0.0558539368212, 0.0368039011955, 0.0294774137437], "dvar": [0.00272398535162, 0.00180945300963, 0.00160611746833, 0.000857572711539, 0.000386952364352, 0.000351265858626], "dvar2": [0.00586327537894, 0.00450543640181, 0.00391893321648, 0.00210647168569, 0.00100787647534, 0.000848967465572], "max": [-0.309455811977, -0.465342670679, -0.470755666494, -0.512388944626, -0.606021404266, -0.488607198], "mean": [-0.64365196228, -0.738990902901, -0.755153894424, -0.779310882092, -0.797257661819, -0.762430012226], "median": [-0.657644569874, -0.74106156826, -0.763603210449, -0.789344191551, -0.799568593502, -0.748771548271], "min": [-0.911619663239, -0.955041527748, -0.955099463463, -0.977592527866, -0.973006665707, -0.965102493763], "var": [0.0120544685051, 0.00462756352499, 0.00552375521511, 0.00338972732425, 0.001869727741, 0.00327650923282]}, "spectral_contrast_valleys": {"dmean": [0.616376399994, 0.526186525822, 0.442388385534, 0.360827773809, 0.293537765741, 0.329731047153], "dmean2": [0.925385415554, 0.845162153244, 0.708702683449, 0.559588253498, 0.444746881723, 0.482771903276], "dvar": [0.367744743824, 0.295092344284, 0.223456323147, 0.205869212747, 0.248652726412, 0.253991425037], "dvar2": [0.712686419487, 0.71325302124, 0.496598005295, 0.424891889095, 0.47558376193, 0.552107572556], "max": [-5.17106246948, -5.13741493225, -5.0773229599, -5.01905298233, -4.32927894592, -7.77532625198], "mean": [-8.37974262238, -7.68251132965,