{"lowlevel": {"average_loudness": 0.969851016998, "barkbands_crest": {"dmean": 3.59069228172, "dmean2": 5.59474563599, "dvar": 12.7305059433, "dvar2": 29.1871986389, "max": 26.793384552, "mean": 14.8134632111, "median": 14.6847743988, "min": 2.35243678093, "var": 32.0369606018}, "barkbands_flatness_db": {"dmean": 0.0956023558974, "dmean2": 0.128761738539, "dvar": 0.00651336135343, "dvar2": 0.0126707265154, "max": 0.923326849937, "mean": 0.303540617228, "median": 0.29902523756, "min": 0.0164509732276, "var": 0.0240520052612}, "barkbands_kurtosis": {"dmean": 37.8551216125, "dmean2": 60.1368789673, "dvar": 7701.1953125, "dvar2": 17139.4628906, "max": 1318.77233887, "mean": 40.9792480469, "median": 10.348074913, "min": -1.90684008598, "var": 10151.1074219}, "barkbands_skewness": {"dmean": 2.244348526, "dmean2": 3.42290449142, "dvar": 6.67611169815, "dvar2": 15.3741188049, "max": 32.4460754395, "mean": 3.18278884888, "median": 2.27010726929, "min": -10.4050569534, "var": 13.9629230499}, "barkbands_spread": {"dmean": 8.02015399933, "dmean2": 12.9061326981, "dvar": 168.926330566, "dvar2": 402.398132324, "max": 133.232574463, "mean": 10.6311340332, "median": 3.56411623955, "min": 0.042009677738, "var": 306.407623291}, "dissonance": {"dmean": 0.0512852557003, "dmean2": 0.0763837173581, "dvar": 0.00323422765359, "dvar2": 0.00692353025079, "max": 0.500000178814, "mean": 0.405819743872, "median": 0.438513070345, "min": 0.058780528605, "var": 0.00877253245562}, "dynamic_complexity": 3.50275564194, "erbbands_crest": {"dmean": 3.93749403954, "dmean2": 6.24841356277, "dvar": 16.1796665192, "dvar2": 34.8848152161, "max": 34.1595878601, "mean": 12.3426818848, "median": 10.7380228043, "min": 2.22563791275, "var": 42.10546875}, "erbbands_flatness_db": {"dmean": 0.0700478628278, "dmean2": 0.0999938622117, "dvar": 0.00438074348494, "dvar2": 0.00827072840184, "max": 0.63307929039, "mean": 0.226704657078, "median": 0.202053114772, "min": 0.0323859527707, "var": 0.0116214593872}, "erbbands_kurtosis": {"dmean": 9.90748023987, "dmean2": 15.8528909683, "dvar": 322.509796143, "dvar2": 759.161193848, "max": 306.675109863, "mean": 10.5385723114, "median": 2.58740615845, "min": -1.85909533501, "var": 474.840667725}, "erbbands_skewness": {"dmean": 1.30271196365, "dmean2": 2.04644989967, "dvar": 1.65599143505, "dvar2": 4.20391654968, "max": 13.3459186554, "mean": 1.48627197742, "median": 1.18853926659, "min": -5.68056583405, "var": 3.57608318329}, "erbbands_spread": {"dmean": 18.2469577789, "dmean2": 28.1663227081, "dvar": 416.124725342, "dvar2": 923.225830078, "max": 157.631942749, "mean": 30.1051845551, "median": 20.6795940399, "min": 0.271901130676, "var": 815.88458252}, "hfc": {"dmean": 11.8346338272, "dmean2": 19.4366073608, "dvar": 736.990661621, "dvar2": 1894.87817383, "max": 232.695709229, "mean": 12.840423584, "median": 6.55411672592, "min": 1.95481518972e-07, "var": 605.692932129}, "melbands_crest": {"dmean": 4.35282659531, "dmean2": 6.89257621765, "dvar": 19.9872074127, "dvar2": 45.3564567566, "max": 37.811000824, "mean": 19.2024917603, "median": 18.4837360382, "min": 1.89644992352, "var": 50.1699676514}, "melbands_flatness_db": {"dmean": 0.108087554574, "dmean2": 0.145465642214, "dvar": 0.00843855552375, "dvar2": 0.0166725832969, "max": 1, "mean": 0.404427558184, "median": 0.409056961536, "min": 0.0105485655367, "var": 0.0339135304093}, "melbands_kurtosis": {"dmean": 55.389591217, "dmean2": 85.1920776367, "dvar": 17901.1269531, "dvar2": 40588.1328125, "max": 3113.63134766, "mean": 65.9963607788, "median": 16.4664535522, "min": -1.77896749973, "var": 25300.6875}, "melbands_skewness": {"dmean": 2.32617115974, "dmean2": 3.48911619186, "dvar": 7.36705732346, "dvar2": 16.3338527679, "max": 41.0308685303, "mean": 3.85132312775, "median": 2.69390130043, "min": -8.74707698822, "var": 16.6098098755}, "melbands_spread": {"dmean": 8.68610954285, "dmean2": 13.7066345215, "dvar": 302.5027771, "dvar2": 722.218688965, "max": 207.921875, "mean": 11.4825716019, "median": 2.96269392967, "min": 0.116373755038, "var": 526.627685547}, "pitch_salience": {"dmean": 0.109492518008, "dmean2": 0.167282670736, "dvar": 0.0131248869002, "dvar2": 0.0291530434042, "max": 0.975451052189, "mean": 0.480479359627, "median": 0.49332562089, "min": 0.0116356126964, "var": 0.0377009734511}, "silence_rate_20dB": {"dmean": 0, "dmean2": 0, "dvar": 0, "dvar2": 0, "max": 1, "mean": 1, "median": 1, "min": 1, "var": 0}, "silence_rate_30dB": {"dmean": 0.0415662638843, "dmean2": 0.0831575766206, "dvar": 0.0398366749287, "dvar2": 0.110593341291, "max": 1, "mean": 0.975609779358, "median": 1, "min": 0, "var": 0.0237955302}, "silence_rate_60dB": {"dmean": 0.0638554245234, "dmean2": 0.127448022366, "dvar": 0.059775814414, "dvar2": 0.129884317517, "max": 1, "mean": 0.129780188203, "median": 0, "min": 0, "var": 0.11294003576}, "spectral_centroid": {"dmean": 365.616241455, "dmean2": 562.707092285, "dvar": 295957.9375, "dvar2": 631651.75, "max": 4875.1640625, "mean": 745.008056641, "median": 375.449523926, "min": 102.625312805, "var": 702549.1875}, "spectral_complexity": {"dmean": 5.18915653229, "dmean2": 7.81259393692, "dvar": 77.4984436035, "dvar2": 152.312774658, "max": 63, "mean": 8.22824478149, "median": 5, "min": 0, "var": 117.345603943}, "spectral_decrease": {"dmean": 5.41390621223e-09, "dmean2": 8.76614070222e-09, "dvar": 5.56836150803e-17, "dvar2": 1.48791263353e-16, "max": 8.76351508722e-12, "mean": -1.03146229335e-08, "median": -9.77571890104e-09, "min": -5.33981427964e-08, "var": 7.45311569478e-17}, "spectral_energy": {"dmean": 0.0213147159666, "dmean2": 0.0345027297735, "dvar": 0.000855946389493, "dvar2": 0.00227950583212, "max": 0.204594835639, "mean": 0.0400943756104, "median": 0.0382255017757, "min": 1.94895939665e-11, "var": 0.00111987814307}, "spectral_energyband_high": {"dmean": 0.000483242445625, "dmean2": 0.000822270696517, "dvar": 1.18567311347e-06, "dvar2": 3.00081137539e-06, "max": 0.00734989857301, "mean": 0.000359403842594, "median": 1.97090430447e-05, "min": 1.28955995188e-11, "var": 9.63574734669e-07}, "spectral_energyband_low": {"dmean": 0.0153885185719, "dmean2": 0.0244108252227, "dvar": 0.000620300939772, "dvar2": 0.00169046816882, "max": 0.180304527283, "mean": 0.0271490644664, "median": 0.0191323272884, "min": 1.07216514313e-12, "var": 0.000861836306285}, "spectral_energyband_middle_high": {"dmean": 0.00386731373146, "dmean2": 0.00652343360707, "dvar": 0.000146253834828, "dvar2": 0.000385192543035, "max": 0.106918685138, "mean": 0.00289675896056, "median": 0.000114712624054, "min": 1.10950007862e-12, "var": 0.000112308989628}, "spectral_energyband_middle_low": {"dmean": 0.00637003127486, "dmean2": 0.00970753934234, "dvar": 0.000103309488622, "dvar2": 0.000244588358328, "max": 0.156909868121, "mean": 0.0119422525167, "median": 0.00919565930963, "min": 5.32674219404e-13, "var": 0.00017141958233}, "spectral_entropy": {"dmean": 0.778164982796, "dmean2": 1.08771634102, "dvar": 0.56058371067, "dvar2": 1.11499142647, "max": 9.70102214813, "mean": 6.45139884949, "median": 6.57455301285, "min": 2.33168268204, "var": 1.73451030254}, "spectral_flux": {"dmean": 0.0528796426952, "dmean2": 0.0808253437281, "dvar": 0.00357550545596, "dvar2": 0.00781103409827, "max": 0.402936398983, "mean": 0.0961696282029, "median": 0.0775470510125, "min": 5.38951098861e-06, "var": 0.00599430501461}, "spectral_kurtosis": {"dmean": 27.585647583, "dmean2": 42.5189399719, "dvar": 3837.00952148, "dvar2": 7429.95605469, "max": 1509.31005859, "mean": 33.4523963928, "median": 7.61871051788, "min": -0.504207372665, "var": 7617.92236328}, "spectral_rms": {"dmean": 0.00163011986297, "dmean2": 0.00246353680268, "dvar": 3.69910048903e-06, "dvar2": 8.84474684426e-06, "max": 0.0141281532124, "mean": 0.00551850767806, "median": 0.00610681343824, "min": 1.37892129715e-07, "var": 8.66251320986e-06}, "spectral_rolloff": {"dmean": 661.432739258, "dmean2": 1133.1862793, "dvar": 3857922.75, "dvar2": 9573106, "max": 18410.8886719, "mean": 971.24230957, "median": 236.865234375, "min": 43.06640625, "var": 5782989}, "spectral_skewness": {"dmean": 1.68178427219, "dmean2": 2.52476930618, "dvar": 5.22009372711, "dvar2": 10.2264928818, "max": 34.6962203979, "mean": 3.47604298592, "median": 2.24964737892, "min": 0.591176271439, "var": 11.6634073257}, "spectral_spread": {"dmean": 1512689.75, "dmean2": 2358822.25, "dvar": 2633174351870.0, "dvar2": 5710762475520.0, "max": 35756112, "mean": 3980262.75, "median": 3743614.25, "min": 76303.6171875, "var": 5481664348160.0}, "spectral_strongpeak": {"dmean": 0.378394067287, "dmean2": 0.617533385754, "dvar": 0.443368703127, "dvar2": 1.09980404377, "max": 6.90467786789, "mean": 0.664976000786, "median": 0.543789029121, "min": 0, "var": 0.474224716425}, "zerocrossingrate": {"dmean": 0.0148872835562, "dmean2": 0.0192998349667, "dvar": 0.000512965663802, "dvar2": 0.000733054010198, "max": 0.60498046875, "mean": 0.0339066572487, "median": 0.01611328125, "min": 0.001953125, "var": 0.00305569823831}, "barkbands": {"dmean": [0.000550636206754, 0.0116228256375, 0.00436616083607, 0.00191224738955, 0.00235542212613, 0.00121921359096, 0.00118319888134, 0.00062694051303, 0.00050962716341, 0.000571953249164, 0.000240886336542, 0.000339879305102, 0.000655042997096, 0.00036589402589, 0.00095539301401, 0.000293045886792, 0.000210698053706, 0.000249118747888, 0.000151360465679, 0.000134970177896, 0.000137994240504, 0.000108468382678, 7.36528163543e-05, 3.1891726394e-05, 2.20275669562e-05, 1.70837029145e-05, 3.50760237779e-05], "dmean2": [0.0008827749989, 0.0183135811239, 0.00710912700742, 0.00297081354074, 0.00364467711188, 0.00186996243428, 0.00180321047083, 0.00100257468875, 0.000860795611516, 0.00102890958078, 0.000403962563723, 0.000577571394388, 0.00117762037553, 0.000613404554315, 0.00170303764753, 0.000487725861603, 0.000355231226422, 0.000436519825598, 0.000256259081652, 0.000226944481255, 0.000236741907429, 0.00018558766169, 0.000126274200738, 5.26516305399e-05, 3.64278603229e-05, 3.04479563056e-05, 6.71911402605e-05], "dvar": [1.32678883347e-06, 0.000452097447123, 7.33322522137e-05, 1.26633904074e-05, 2.26761676458e-05, 1.12490488391e-05, 2.75428028544e-05, 9.27400833461e-06, 3.347995289e-06, 3.04401919493e-06, 4.27252842883e-07, 8.95062783002e-07, 5.50044933334e-06, 1.48056187754e-06, 1.71806314029e-05, 9.68548988567e-07, 3.58259711675e-07, 7.70182111864e-07, 1.76796262963e-07, 1.30470837689e-07, 1.32856442292e-07, 7.85859199937e-08, 3.45945565527e-08, 5.2533746242e-09, 2.5041446694e-09, 1.12485198933e-09, 7.46619477354e-09], "dvar2": [3.26632584802e-06, 0.00121282588225, 0.00019739245181, 2.79801915894e-05, 5.49201831745e-05, 2.4858118195e-05, 6.56937627355e-05, 1.88194171642e-05, 8.36302569951e-06, 8.37234983919e-06, 1.05977096609e-06, 2.19668754653e-06, 1.54072058649e-05, 3.75680428988e-06, 4.75397901027e-05, 2.47662433139e-06, 9.15057057682e-07, 2.09754216485e-06, 4.45575466301e-07, 3.24640978988e-07, 3.5142551269e-07, 1.95486421717e-07, 9.16129891948e-08, 1.28231132379e-08, 5.65477664694e-09, 2.94358803998e-09, 2.09920845151e-08], "max": [0.00872490555048, 0.154175013304, 0.0934590250254, 0.0630224496126, 0.102786928415, 0.104531779885, 0.143261179328, 0.0522127561271, 0.0367059744895, 0.0157929621637, 0.00719826761633, 0.0126913720742, 0.0221585016698, 0.0120206661522, 0.0417982190847, 0.0131396437064, 0.00474383961409, 0.00715455366299, 0.00354919675738, 0.00295186066069, 0.00262587144971, 0.00203421874903, 0.00170647318009, 0.0012063641334, 0.000543507921975, 0.000321294937748, 0.000860341300722], "mean": [0.000536673353054, 0.0165659654886, 0.00784329231828, 0.00348522840068, 0.00419701775536, 0.00172684306744, 0.00142252712976, 0.000628004490864, 0.000399555516196, 0.000383368518669, 0.000189090991626, 0.00026856828481, 0.000443553901277, 0.000291256554192, 0.000623659638222, 0.000226025644224, 0.000158807408297, 0.000179017952178, 0.000113239315397, 0.000104324943095, 0.000100374651083, 8.08158074506e-05, 5.33540842298e-05, 2.54905862676e-05, 1.75190434675e-05, 1.13617425086e-05, 1.95674128918e-05], "median": [2.42460755544e-05, 0.00472691422328, 0.00392633210868, 0.00079174619168, 0.00182802986819, 0.000390599918319, 9.40338359214e-05, 2.31568974414e-05, 1.91645285668e-05, 1.1477623957e-05, 4.10404481954e-06, 4.99996258441e-06, 3.56915847988e-06, 2.16128887587e-06, 2.93717630484e-06, 2.59036073658e-06, 2.29209945246e-06, 3.68074893231e-06, 2.98340660265e-06, 3.48316689269e-06, 4.19375282945e-06, 3.46534352502e-06, 2.20889182856e-06, 1.25016072161e-06, 6.91016282417e-07, 2.70191605978e-07, 6.47245670393e-08], "min": [2.47203559706e-12, 4.98308127617e-14, 3.62859216076e-15, 9.22621532193e-16, 1.73022674747e-14, 1.80431621114e-14, 3.1940765408e-14, 2.65610186026e-14, 4.08984505334e-14, 6.4338759201e-15, 2.47991832961e-14, 8.37041820947e-14, 5.77171773916e-14, 6.96602199752e-14, 7.7508610424e-14, 4.90025026307e-14, 7.78454110526e-14, 9.42111243619e-14, 1.51208662562e-13, 4.21565695763e-13, 3.24608477034e-13, 2.5428140496e-13, 4.71121622617e-13, 6.96659906412e-13, 1.29692166295e-12, 3.14476049368e-12, 6.81975309558e-12], "var": [1.52810946474e-06, 0.00059405202046, 0.000108425578219, 2.87553466478e-05, 3.97378389607e-05, 1.87336991075e-05, 3.25375949615e-05, 1.09083284769e-05, 2.80569111055e-06, 1.9608914954e-06, 3.62861300118e-07, 7.84059693615e-07, 3.58666375178e-06, 1.28135332034e-06, 1.10231867438e-05, 8.09149867109e-07, 2.97971752161e-07, 5.46879675767e-07, 1.46071855056e-07, 1.10033745671e-07, 9.93805642224e-08, 6.42369499815e-08, 2.54364174168e-08, 4.67078509203e-09, 2.4526409792e-09, 8.22472145945e-10, 4.26561808098e-09]}, "erbbands": {"dmean": [0.393982261419, 2.48498296738, 4.85817193985, 6.04745864868, 5.74671316147, 8.7227602005, 10.1689538956, 10.0469655991, 17.7677230835, 12.5795145035, 14.2638473511, 11.015127182, 13.6724910736, 16.5488395691, 11.3404121399, 14.092338562, 26.1419315338, 22.6661281586, 33.0131263733, 43.9190101624, 16.572977066, 11.2192583084, 14.3174581528, 8.87187767029, 7.20217561722, 6.44694328308, 5.37348175049, 5.27539396286, 4.11213350296, 3.2367002964, 1.75156164169, 0.959191203117, 0.418851047754, 0.242532029748, 0.154571816325, 0.0603342875838, 0.0279812645167, 0.0342247635126, 0.00504231918603, 0.000265794602456], "dmean2": [0.622258007526, 3.90717720985, 7.92405509949, 9.4001750946, 9.08874893188, 13.7075042725, 16.014383316, 15.2555265427, 27.422334671, 19.2644290924, 22.5723438263, 18.2685089111, 24.3044471741, 28.8231601715, 19.0768451691, 23.8672866821, 46.1372413635, 39.2149658203, 57.0865974426, 79.0027770996, 27.4999217987, 18.8364028931, 25.069770813, 14.9923601151, 12.1934127808, 10.8605175018, 9.18436050415, 8.96713066101, 6.99387121201, 5.62759113312, 2.95856332779, 1.61123633385, 0.686958372593, 0.401509404182, 0.256050288677, 0.101922728121, 0.0504263043404, 0.0653255209327, 0.0096356458962, 0.000499129411764], "dvar": [0.616037905216, 19.8992595673, 84.1895980835, 107.733085632, 98.7353286743, 347.662506104, 876.500854492, 998.605285645, 6122.07421875, 2064.98754883, 4182.90087891, 1321.96960449, 1427.80688477, 2215.34790039, 880.703735352, 1364.76977539, 8146.16308594, 6712.72607422, 15910.0263672, 39210.921875, 2715.39819336, 1004.48376465, 2591.42626953, 613.1328125, 424.007232666, 305.039001465, 212.239105225, 190.081741333, 120.252487183, 69.7398529053, 18.6565914154, 5.2592997551, 0.883260846138, 0.266115039587, 0.134967237711, 0.0180962234735, 0.00312433787622, 0.00753013882786, 0.000152093256474, 3.14591119377e-07], "dvar2": [1.57608759403, 55.0717124939, 229.848220825, 265.12713623, 227.323654175, 852.666687012, 2214.81689453, 2142.56518555, 14605.2666016, 4305.87890625, 8836.68066406, 3276.84448242, 3893.76196289, 5815.81298828, 2174.51025391, 3389.49560547, 22488.9199219, 17928.0273438, 43056.0546875, 109181.28125, 6773.16503906, 2572.50244141, 7068.31933594, 1571.40783691, 1067.89123535, 749.195495605, 566.302612305, 491.769561768, 301.465301514, 184.278701782, 48.0148544312, 13.1728458405, 2.12039017677, 0.604992091656, 0.310268431902, 0.0433112345636, 0.00829725433141, 0.0212255641818, 0.000427166785812, 8.77216564277e-07], "max": [5.52121448517, 35.1014862061, 96.6986923218, 177.675704956, 142.164428711, 344.215545654, 904.065368652, 1005.75091553, 2062.97460938, 838.149169922, 1298.83703613, 742.410827637, 482.896850586, 363.329711914, 284.867492676, 397.743499756, 813.694152832, 1277.83642578, 1141.12756348, 2104.89428711, 536.182800293, 251.644226074, 413.585571289, 185.850234985, 177.218704224, 151.056671143, 116.641090393, 97.2785339355, 83.9460601807, 76.2035369873, 46.0173377991, 26.8957214355, 20.1895847321, 8.30950832367, 3.7404191494, 1.35939276218, 0.541240811348, 0.871982514858, 0.119901068509, 0.0048420005478], "mean": [0.480497717857, 3.72039914131, 8.92867565155, 11.4054346085, 10.800983429, 15.6519241333, 14.1960344315, 14.2581653595, 21.2774085999, 14.8885774612, 13.7720546722, 9.11441230774, 9.44773864746, 11.8648824692, 9.10332393646, 11.1684131622, 18.1643638611, 17.1845550537, 22.9836864471, 28.846780777, 13.0042448044, 8.60007286072, 10.2076396942, 6.7165222168, 5.36914396286, 5.0309920311, 3.97064113617, 3.85469126701, 3.06539177895, 2.31853604317, 1.30427658558, 0.740979194641, 0.33752784133, 0.193715006113, 0.122523888946, 0.045568138361, 0.0182877592742, 0.0192985069007, 0.00284363562241, 0.000183406416909], "median": [0.053595893085, 1.51195633411, 5.6413731575, 6.59071826935, 4.97925806046, 5.69181585312, 4.22852706909, 3.16496324539, 2.11005759239, 1.00660192966, 0.598477721214, 0.480264604092, 0.454568743706, 0.382057309151, 0.299420267344, 0.254522979259, 0.20343722403, 0.140344187617, 0.156398639083, 0.16179099679, 0.165321797132, 0.140828803182, 0.184992313385, 0.200411766768, 0.160561904311, 0.182741582394, 0.162427097559, 0.163894116879, 0.126677706838, 0.0927263647318, 0.0566889941692, 0.0343418195844, 0.0153929861262, 0.00798551272601, 0.00458711618558, 0.00165881635621, 0.000389618478948, 8.41376822791e-05, 3.4679644159e-05, 5.30388970219e-05], "min": [3.27762747498e-11, 6.57356200723e-12, 5.71773140987e-12, 6.54094053226e-12, 2.70247574319e-11, 5.09341353816e-11, 7.34272503911e-11, 2.41095754472e-10, 4.75905759245e-10, 7.32740645937e-10, 1.34534172691e-09, 7.98605903629e-10, 3.35340588631e-10, 6.0787930245e-10, 1.86712134642e-09, 5.57533175183e-09, 2.28711050099e-09, 4.74414330043e-09, 2.36435604428e-09, 3.76794861978e-09, 3.63514951474e-09, 3.95025923083e-09, 4.53021220537e-09, 7.82911069308e-09, 1.18058309795e-08, 1.93035649687e-08, 1.73573919682e-08, 7.03810654201e-09, 7.16172454673e-09, 1.18404361871e-08, 1.44333682783e-08, 1.85522246454e-08, 1.00839310235e-08, 9.9364587669e-09, 1.08183906278e-08, 9.40566113883e-09, 6.25578033819e-09, 3.17427861773e-09, 1.23233123706e-09, 8.53256632016e-11], "var": [0.777321100235, 26.0172214508, 118.191642761, 198.535186768, 209.904922485, 615.727294922, 1036.35705566, 1765.41931152, 7090.91552734, 3514.19628906, 4804.19775391, 1178.4197998, 965.116455078, 1618.41589355, 760.479553223, 1211.15429688, 5518.26367188, 5141.16455078, 11119.0410156, 24807.9082031, 2404.33251953, 848.048583984, 1822.39624023, 507.590057373, 346.942626953, 259.986907959, 155.828811646, 148.158721924, 97.4991149902, 50.3338775635, 14.6785020828, 4.3774433136, 0.814896166325, 0.262866735458, 0.12978848815, 0.016145342961, 0.00222172727808, 0.00429802760482, 8.7234788225e-05, 1.85750465675e-07]}, "gfcc": {"mean": [-140.15184021, 122.327629089, -54.2930259705, 41.8017158508, -38.7123641968, 4.16749286652, -21.6277542114, -3.96720409393, -15.1207427979, -4.03417730331, -10.7872838974, -2.97648572922, -7.17278957367], "cov": [[27965.9863281, -1728.47827148, -3548.10522461, 385.812805176, -702.797607422, 677.239379883, -497.997436523, -125.395751953, -219.363754272, 313.854644775, -245.770965576, 267.393890381, -242.351272583], [-1728.47827148, 4676.86279297, 1716.92211914, -345.533660889, 178.877914429, -593.595214844, 174.756118774, -497.78604126, 130.092849731, -436.558258057, 219.817489624, -303.576629639, 234.126556396], [-3548.10522461, 1716.92211914, 2892.05175781, 247.801467896, 231.419937134, -434.80078125, 234.819488525, -199.850646973, -1.73087251186, -221.865951538, 30.1382217407, -177.243499756, 94.7746429443], [385.812805176, -345.533660889, 247.801467896, 1362.47473145, 282.952911377, 195.410354614, -39.2148780823, 86.9532775879, 84.3928909302, -27.4731178284, 34.2453804016, -62.7411231995, 66.1243209839], [-702.797607422, 178.877914429, 231.419937134, 282.952911377, 688.306274414, 183.367843628, 122.353591919, -94.9636077881, -22.4165229797, -95.5237960815, 10.4935436249, -75.5322494507, 6.84039783478], [677.239379883, -593.595214844, -434.80078125, 195.410354614, 183.367843628, 400.411682129, 73.9554672241, 75.8981399536, -52.8161697388, 41.2970809937, -24.4678916931, 29.3007583618, -20.1486148834], [-497.997436523, 174.756118774, 234.819488525, -39.2148780823, 122.353591919, 73.9554672241, 283.776519775, 89.8403320312, 70.5440673828, -25.4062690735, 31.0733528137, -18.1392478943, 17.5681858063], [-125.395751953, -497.78604126, -199.850646973, 86.9532775879, -94.9636077881, 75.8981399536, 89.8403320312, 291.715240479, 108.378105164, 79.0225830078, -25.9718799591, 27.9010219574, -27.6225814819], [-219.363754272, 130.092849731, -1.73087251186, 84.3928909302, -22.4165229797, -52.8161697388, 70.5440673828, 108.378105164, 226.586090088, 78.4251251221, 56.4249687195, -23.2516937256, 21.8447341919], [313.854644775, -436.558258057, -221.865951538, -27.4731178284, -95.5237960815, 41.2970809937, -25.4062690735, 79.0225830078, 78.4251251221, 190.961395264, 42.6069641113, 47.3192825317, -32.1837348938], [-245.770965576, 219.817489624, 30.1382217407, 34.2453804016, 10.4935436249, -24.4678916931, 31.0733528137, -25.9718799591, 56.4249687195, 42.6069641113, 145.812240601, 35.5299987793, 38.8157730103], [267.393890381, -303.576629639, -177.243499756, -62.7411231995, -75.5322494507, 29.3007583618, -18.1392478943, 27.9010219574, -23.2516937256, 47.3192825317, 35.5299987793, 148.761230469, 45.1954269409], [-242.351272583, 234.126556396, 94.7746429443, 66.1243209839, 6.84039783478, -20.1486148834, 17.5681858063, -27.6225814819, 21.8447341919, -32.1837348938, 38.8157730103, 45.1954269409, 132.340789795]], "icov": [[5.39434113307e-05, -4.84197516926e-05, 8.60623840708e-05, -0.00010509823187, 8.58428466017e-05, -1.20523718579e-05, -0.000129615567857, 0.000197172819753, 1.84804357559e-05, -0.000151392756379, 0.000265657406999, -0.000212100538192, 0.000182062605745], [-4.84197516926e-05, 0.000746474834159, -0.000296495039947, 0.000474905973533, 5.64599067729e-05, -4.88405385113e-05, 0.000318373466143, 0.000368916720618, -0.000883465749212, 0.00162373622879, -0.00151272490621, 0.00145193049684, -0.000921302882489], [8.60623840708e-05, -0.000296495039947, 0.000928527500946, -0.000672382826451, -5.7473371271e-05, 0.00134106480982, -0.00156756467186, 0.000532383448444, 0.00114162545651, -0.0012179450132, 0.00115790811833, -0.000277637183899, 0.000150065636262], [-0.00010509823187, 0.000474905973533, -0.000672382826451, 0.00177148217335, -0.000455517641967, -0.00139224226587, 0.00221767486073, -0.00123027327936, -0.00132288155146, 0.00194940844085, -0.0021668379195, 0.00178123498335, -0.00145616952796], [8.58428466017e-05, 5.64599067729e-05, -5.7473371271e-05, -0.000455517641967, 0.00271129072644, -0.00152678543236, -0.00101188709959, 0.00196368899196, -0.000963438476902, 0.00108787545469, 9.32160619413e-05, 0.000106574065285, 0.000857532082591], [-1.20523718579e-05, -4.88405385113e-05, 0.00134106480982, -0.00139224226587, -0.00152678543236, 0.00712194526568, -0.00391495041549, -0.00046753443894, 0.00443829130381, -0.00372019526549, 0.00171969027724, 6.83113394189e-05, -0.000780108908657], [-0.000129615567857, 0.000318373466143, -0.00156756467186, 0.00221767486073, -0.00101188709959, -0.00391495041549, 0.00928468070924, -0.0039816913195, -0.00339133176021, 0.00447705155239, -0.00425202259794, 0.00144955317955, -0.000992773333564], [0.000197172819753, 0.000368916720618, 0.000532383448444, -0.00123027327936, 0.00196368899196, -0.00046753443894, -0.0039816913195, 0.00939182750881, -0.00414653262123, -0.000372925074771, 0.00397006515414, -0.00293929502368, 0.00269116414711], [1.84804357559e-05, -0.000883465749212, 0.00114162545651, -0.00132288155146, -0.000963438476902, 0.00443829130381, -0.00339133176021, -0.00414653262123, 0.0129012875259, -0.00772985396907, -0.000479313894175, 0.00357079389505, -0.00333776907064], [-0.000151392756379, 0.00162373622879, -0.0012179450132, 0.00194940844085, 0.00108787545469, -0.00372019526549, 0.00447705155239, -0.000372925074771, -0.00772985396907, 0.0153748076409, -0.00671849120408, -0.000421125383582, 0.0025828438811], [0.000265657406999, -0.00151272490621, 0.00115790811833, -0.0021668379195, 9.32160619413e-05, 0.00171969027724, -0.00425202259794, 0.00397006515414, -0.000479313894175, -0.00671849120408, 0.0151588972658, -0.00661390973255, 0.00132405012846], [-0.000212100538192, 0.00145193049684, -0.000277637183899, 0.00178123498335, 0.000106574065285, 6.83113394189e-05, 0.00144955317955, -0.00293929502368, 0.00357079389505, -0.000421125383582, -0.00661390973255, 0.0161784011871, -0.00872625876218], [0.000182062605745, -0.000921302882489, 0.000150065636262, -0.00145616952796, 0.000857532082591, -0.000780108908657, -0.000992773333564, 0.00269116414711, -0.00333776907064, 0.0025828438811, 0.00132405012846, -0.00872625876218, 0.0144408671185]]}, "melbands": {"dmean": [0.0033466166351, 0.00267780059949, 0.000996593851596, 0.000522890128195, 0.000365108979167, 0.000228095406783, 0.000261300912825, 0.000136120783282, 0.000114653099445, 6.66742125759e-05, 7.04420890543e-05, 7.08835068508e-05, 3.54918374796e-05, 3.8700447476e-05, 4.35113142885e-05, 6.4745421696e-05, 3.78808981623e-05, 4.69665610581e-05, 7.07026410964e-05, 3.61735183105e-05, 1.74395154318e-05, 1.23703530335e-05, 1.14824151751e-05, 1.19385995276e-05, 6.83315465722e-06, 5.20216690347e-06, 5.2249934015e-06, 4.03588592235e-06, 3.15565694109e-06, 3.59626005775e-06, 2.82123846773e-06, 2.20438141696e-06, 2.18495074478e-06, 1.74663784946e-06, 1.06672405309e-06, 7.97349798631e-07, 4.84730719563e-07, 2.99877939369e-07, 2.37890105836e-07, 1.9222470371e-07], "dmean2": [0.00527581712231, 0.00431961147115, 0.00155608961359, 0.000804653100204, 0.000572335033212, 0.000348031899193, 0.000402083329391, 0.000212732455111, 0.000183960728464, 0.0001115392879, 0.000125733495224, 0.000124485755805, 5.94407392782e-05, 6.53109891573e-05, 7.40320901969e-05, 0.000116494200483, 6.50078000035e-05, 8.07584656286e-05, 0.000126366358018, 6.41898586764e-05, 2.8365298931e-05, 2.08033652598e-05, 1.98707166419e-05, 2.10320977203e-05, 1.15259435916e-05, 8.79324488778e-06, 8.82273707248e-06, 6.83837970428e-06, 5.42210500498e-06, 6.22783045401e-06, 4.77768662677e-06, 3.69903591491e-06, 3.81138988814e-06, 3.05031312564e-06, 1.80755455403e-06, 1.35739480811e-06, 8.06968557754e-07, 4.96170002862e-07, 3.95129518438e-07, 3.19645636182e-07], "dvar": [4.03641024604e-05, 2.07846933336e-05, 2.73641535387e-06, 9.25725260004e-07, 1.04550258584e-06, 4.65368913183e-07, 1.36582173127e-06, 2.59669207026e-07, 2.35029318674e-07, 5.14655802419e-08, 3.94733135067e-08, 4.26106474549e-08, 8.62827853609e-09, 1.13862679285e-08, 2.00724237231e-08, 6.05682330956e-08, 1.76429164611e-08, 3.01743732223e-08, 9.57984411798e-08, 2.39731825502e-08, 2.58519339269e-09, 1.22186460949e-09, 1.421660345e-09, 1.83286763544e-09, 3.45055678475e-10, 2.27623336846e-10, 2.15767875789e-10, 1.19596957338e-10, 7.45901396204e-11, 1.00002686687e-10, 5.74073080739e-11, 3.39992478615e-11, 3.4964583312e-11, 2.13715694447e-11, 7.3970664663e-12, 4.0611750074e-12, 1.28437072176e-12, 4.84700821146e-13, 2.75089494369e-13, 1.7725278439e-13], "dvar2": [0.000106168597995, 5.8314515627e-05, 6.71921270623e-06, 2.17894148591e-06, 2.64239747594e-06, 1.01292960153e-06, 3.26156214214e-06, 5.25395137174e-07, 5.09195558607e-07, 1.28031558688e-07, 1.07984149622e-07, 1.12867589053e-07, 2.14745252691e-08, 2.80082481652e-08, 5.26461718664e-08, 1.70350759277e-07, 4.61793092654e-08, 8.10602287515e-08, 2.65103039965e-07, 6.62729604528e-08, 6.17858031404e-09, 3.11493408844e-09, 3.83690723638e-09, 5.03496666582e-09, 8.83287942788e-10, 5.69617630841e-10, 5.42028311123e-10, 2.94620439156e-10, 1.98216235092e-10, 2.72420891401e-10, 1.45851802857e-10, 8.22467996486e-11, 9.21805409781e-11, 5.76335368319e-11, 1.90323277971e-11, 1.0346591639e-11, 3.17336803536e-12, 1.16856047408e-12, 6.46158311319e-13, 4.04681984537e-13], "max": [0.0423105806112, 0.0395798757672, 0.0248206034303, 0.018032848835, 0.0312915220857, 0.0215997491032, 0.0314846672118, 0.00853622425348, 0.00889317598194, 0.00424866518006, 0.00255829910748, 0.00157553050667, 0.000907161447685, 0.00149850943126, 0.00257067405619, 0.00262780045159, 0.00210023019463, 0.00150765478611, 0.00312042119913, 0.00162202306092, 0.000541196146514, 0.000280810374534, 0.00028987749829, 0.000520474219229, 0.000149601648445, 0.000150726118591, 0.000114211157779, 9.34234631131e-05, 6.57615746604e-05, 9.68551103142e-05, 5.71569653403e-05, 4.47254315077e-05, 5.00355636177e-05, 4.43526259915e-05, 3.00419687846e-05, 1.8724012989e-05, 1.55533871293e-05, 1.51262665895e-05, 1.09011098175e-05, 6.02477757639e-06], "mean": [0.00451075239107, 0.00483765965328, 0.00192577484995, 0.00101130409166, 0.000532791600563, 0.000324252789142, 0.000312005431624, 0.0001540506928, 0.000105961371446, 5.35076651431e-05, 4.79085611005e-05, 5.00105525134e-05, 2.80857930193e-05, 3.06589899992e-05, 3.3359752706e-05, 4.3195886974e-05, 2.96042107948e-05, 3.34964861395e-05, 4.58996291854e-05, 2.48710275628e-05, 1.41251821333e-05, 9.39834171731e-06, 8.3146869656e-06, 8.48474155646e-06, 5.14590510647e-06, 3.90172272091e-06, 3.90900095226e-06, 3.15635588777e-06, 2.35758102463e-06, 2.55836562246e-06, 2.08409892366e-06, 1.69678912698e-06, 1.53124028657e-06, 1.23217955661e-06, 7.85465147146e-07, 6.06988294294e-07, 3.77981194788e-07, 2.42754737201e-07, 1.901036768e-07, 1.51487739686e-07], "median": [0.000833454192616, 0.00367803312838, 0.00123811443336, 0.000443404220277, 0.00017325693625, 7.03498881194e-05, 2.65903181571e-05, 8.71040356287e-06, 3.97283884013e-06, 2.48805986303e-06, 1.93013579519e-06, 1.37331744554e-06, 7.26666314677e-07, 5.69184010146e-07, 5.03539411056e-07, 3.26931768768e-07, 1.91054382981e-07, 2.07259589047e-07, 2.1106758652e-07, 1.75939277369e-07, 1.71451361552e-07, 1.22637629829e-07, 1.39521119991e-07, 1.68604742612e-07, 1.43874927971e-07, 1.06614756135e-07, 1.1113190368e-07, 1.08185638226e-07, 8.03700643814e-08, 9.43804749909e-08, 9.32735204628e-08, 7.16323285133e-08, 4.93509162425e-08, 4.609496429e-08, 3.15521226923e-08, 2.78619420868e-08, 1.62649964608e-08, 1.0326044908e-08, 7.58845519755e-09, 6.11753137036e-09], "min": [3.000554449e-13, 5.14554897172e-15, 1.29534800448e-15, 1.89404190303e-15, 2.2777469811e-15, 4.77409664874e-15, 7.47787960297e-15, 8.11264694068e-15, 8.81601378271e-15, 4.45092393321e-15, 1.50431622064e-15, 2.11857847888e-15, 3.87271213836e-15, 8.80136265382e-15, 8.73152309326e-15, 7.3726569351e-15, 8.2686585511e-15, 2.4905781969e-15, 7.29206683236e-15, 2.8234269933e-15, 5.01371803436e-15, 4.5003228947e-15, 3.05720723971e-15, 5.11147749493e-15, 6.59514294644e-15, 5.54916991196e-15, 1.25707803948e-14, 1.00247162459e-14, 9.3611726579e-15, 8.02595481259e-15, 3.58226538778e-15, 3.25121166595e-15, 6.41758662949e-15, 6.026749534e-15, 6.61209080516e-15, 1.3110951093e-14, 1.01682536021e-14, 6.81051801394e-15, 7.64822046976e-15, 8.22014982124e-15], "var": [5.22473819728e-05, 2.66035895038e-05, 5.06260039401e-06, 2.0455545382e-06, 1.26425891267e-06, 8.0302288552e-07, 1.56520411565e-06, 3.94569042328e-07, 2.62319900912e-07, 4.51452208949e-08, 2.64125841198e-08, 3.0345571389e-08, 7.3340706841e-09, 9.96520643781e-09, 1.54915813511e-08, 3.86533578478e-08, 1.43435423539e-08, 2.17549658288e-08, 6.12571398051e-08, 1.58541162421e-08, 2.50707299365e-09, 1.03145469943e-09, 1.03783726058e-09, 1.27191179811e-09, 2.86094675728e-10, 1.88018517422e-10, 1.77828612946e-10, 1.00753225207e-10, 5.60340975009e-11, 6.81682280068e-11, 4.61917171179e-11, 2.94114038679e-11, 2.53312874149e-11, 1.47241160237e-11, 5.78269983981e-12, 3.22736607404e-12, 1.10530931196e-12, 4.37711824251e-13, 2.60492799206e-13, 1.72588018096e-13]}, "mfcc": {"mean": [-791.388366699, 147.382888794, 45.9703979492, 45.5027885437, 13.3495445251, 16.799703598, 4.11101531982, 6.13966464996, 0.987642943859, 0.841750442982, -0.870301783085, -0.366611033678, -0.666893184185], "cov": [[18354.3632812, -1418.84851074, -3009.59106445, -513.501220703, -480.306762695, 304.564605713, -387.640441895, -177.896133423, -263.527313232, -74.2975845337, -120.025901794, 22.2412204742, -19.5571727753], [-1418.84851074, 4065.60449219, 1582.93322754, 136.482940674, -11.9293956757, -144.882263184, -38.3813362122, -164.292816162, -140.996688843, -180.686950684, -177.174804688, -142.515808105, -38.1439399719], [-3009.59106445, 1582.93322754, 2132.14208984, 719.114929199, 137.364059448, -81.8505554199, 64.7132263184, -31.067855835, 22.095413208, -50.2733383179, -41.8530654907, -72.0241546631, -44.9799079895], [-513.501220703, 136.482940674, 719.114929199, 932.291320801, 381.31552124, 169.172653198, 52.4996452332, 80.5908813477, 44.4616088867, 74.7838134766, 9.82186698914, 8.32355594635, -17.5691547394], [-480.306762695, -11.9293956757, 137.364059448, 381.31552124, 467.550140381, 264.497467041, 142.095626831, 63.826084137, 21.1508522034, 21.6791706085, -6.29570293427, -15.1248502731, -37.9616279602], [304.564605713, -144.882263184, -81.8505554199, 169.172653198, 264.497467041, 343.28805542, 182.445648193, 64.727432251, 12.511256218, 13.4222068787, -16.6177845001, -0.0475388355553, -25.1809997559], [-387.640441895, -38.3813362122, 64.7132263184, 52.4996452332, 142.095626831, 182.445648193, 257.59564209, 126.994644165, 40.6522636414, 4.85595798492, -2.86618423462, -5.22152423859, -18.7845611572], [-177.896133423, -164.292816162, -31.067855835, 80.5908813477, 63.826084137, 64.727432251, 126.994644165, 193.922836304, 102.206222534, 40.6615867615, 16.9791164398, 14.7058734894, 2.29261088371], [-263.527313232, -140.996688843, 22.095413208, 44.4616088867, 21.1508522034, 12.511256218, 40.6522636414, 102.206222534, 151.301559448, 94.2796478271, 40.1453590393, 16.708896637, 2.67890429497], [-74.2975845337, -180.686950684, -50.2733383179, 74.7838134766, 21.6791706085, 13.4222068787, 4.85595798492, 40.6615867615, 94.2796478271, 178.365570068, 87.1931304932, 32.6945419312, 17.5026741028], [-120.025901794, -177.174804688, -41.8530654907, 9.82186698914, -6.29570293427, -16.6177845001, -2.86618423462, 16.9791164398, 40.1453590393, 87.1931304932, 153.848648071, 80.7588729858, 9.76779651642], [22.2412204742, -142.515808105, -72.0241546631, 8.32355594635, -15.1248502731, -0.0475388355553, -5.22152423859, 14.7058734894, 16.708896637, 32.6945419312, 80.7588729858, 136.283477783, 66.5616455078], [-19.5571727753, -38.1439399719, -44.9799079895, -17.5691547394, -37.9616279602, -25.1809997559, -18.7845611572, 2.29261088371, 2.67890429497, 17.5026741028, 9.76779651642, 66.5616455078, 123.253036499]], "icov": [[9.40584795899e-05, -3.48759895132e-05, 0.000189333775779, -0.000176288682269, 0.000292229524348, -0.000269604497589, 0.000141282944242, 2.79479627352e-05, 2.67700270342e-05, 7.44522549212e-05, 8.20483364805e-06, 3.08192320517e-05, 7.55867367843e-05], [-3.48759895132e-05, 0.00042917765677, -0.000500880239997, 0.000409474479966, -0.000279064464848, 3.75145646103e-05, 0.000213830833673, -0.000201886403374, 0.000459343049442, -0.0002273364953, 0.000351754424628, -3.34319120157e-05, -2.66007245955e-05], [0.000189333775779, -0.000500880239997, 0.00184645864647, -0.00191714370158, 0.00109533849172, 0.00064101186581, -0.00163204502314, 0.00194832554553, -0.00170573126525, 0.00139872846194, -0.000606057816185, 0.000612923991866, 1.44175537571e-05], [-0.000176288682269, 0.000409474479966, -0.00191714370158, 0.00384337618016, -0.00275924685411, -0.000666119623929, 0.0027035784442, -0.00311629194766, 0.00236438820139, -0.00239077676088, 0.00110268662684, -0.00115108129103, 0.000253398698987], [0.000292229524348, -0.000279064464848, 0.00109533849172, -0.00275924685411, 0.0065342001617, -0.00366611150093, -0.000704591628164, 0.00110775162466, -0.000947092834394, 0.00130395928863, -0.00104660727084, 0.001236566226, 0.000352511793608], [-0.000269604497589, 3.75145646103e-05, 0.00064101186581, -0.000666119623929, -0.00366611150093, 0.00954904314131, -0.00640144757926, 0.00285891047679, -0.00072393094888, -0.000702953082509, 0.00199095904827, -0.00183082453441, 0.000847250572406], [0.000141282944242, 0.000213830833673, -0.00163204502314, 0.0027035784442, -0.000704591628164, -0.00640144757926, 0.0126845911145, -0.0087419366464, 0.00365867745131, -0.000927592336666, -0.000437749084085, 0.000398305943236, 0.000321143277688], [2.79479627352e-05, -0.000201886403374, 0.00194832554553, -0.00311629194766, 0.00110775162466, 0.00285891047679, -0.0087419366464, 0.01576586999, -0.010411025025, 0.00374021241441, -0.00046299630776, 0.00015842251014, -0.000845264643431], [2.67700270342e-05, 0.000459343049442, -0.00170573126525, 0.00236438820139, -0.000947092834394, -0.00072393094888, 0.00365867745131, -0.010411025025, 0.0180939715356, -0.00906089134514, 0.00218234700151, -0.00161051633768, 0.0017628261121], [7.44522549212e-05, -0.0002273364953, 0.00139872846194, -0.00239077676088, 0.00130395928863, -0.000702953082509, -0.000927592336666, 0.00374021241441, -0.00906089134514, 0.0139784151688, -0.00773440627381, 0.00431664288044, -0.00334811792709], [8.20483364805e-06, 0.000351754424628, -0.000606057816185, 0.00110268662684, -0.00104660727084, 0.00199095904827, -0.000437749084085, -0.00046299630776, 0.00218234700151, -0.00773440627381, 0.0159943755716, -0.0107614379376, 0.005667432677], [3.08192320517e-05, -3.34319120157e-05, 0.000612923991866, -0.00115108129103, 0.001236566226, -0.00183082453441, 0.000398305943236, 0.00015842251014, -0.00161051633768, 0.00431664288044, -0.0107614379376, 0.0178926773369, -0.00926919747144], [7.55867367843e-05, -2.66007245955e-05, 1.44175537571e-05, 0.000253398698987, 0.000352511793608, 0.000847250572406, 0.000321143277688, -0.000845264643431, 0.0017628261121, -0.00334811792709, 0.005667432677, -0.00926919747144, 0.0134986070916]]}, "spectral_contrast_coeffs": {"dmean": [0.0563996918499, 0.0661721080542, 0.0542751997709, 0.0404364950955, 0.0285616964102, 0.0321332849562], "dmean2": [0.0843595340848, 0.10041745007, 0.0851407945156, 0.0622191429138, 0.044162645936, 0.0508637502789], "dvar": [0.00281026144512, 0.00375043973327, 0.00237861648202, 0.00162020314019, 0.000856905244291, 0.00107672857121], "dvar2": [0.00582629907876, 0.00798608362675, 0.00518374983221, 0.00324245658703, 0.0018847619649, 0.0024263553787], "max": [-0.225181207061, -0.317998558283, -0.372990936041, -0.465421915054, -0.514738976955, -0.648706495762], "mean": [-0.619165480137, -0.714018285275, -0.801522374153, -0.838547646999, -0.843779563904, -0.790172576904], "median": [-0.628285169601, -0.735288977623, -0.816655337811, -0.855517506599, -0.85057926178, -0.791979789734], "min": [-0.976404488087, -0.963523209095, -0.965310156345, -0.961973488331, -0.948574602604, -0.960871696472], "var": [0.0144424820319, 0.0140246963128, 0.00625032931566, 0.00404364336282, 0.00211396231316, 0.00257871602662]}, "spectral_contrast_valleys": {"dmean": [0.60832965374, 0.8298214674, 1.07732844353, 1.09824097157, 1.08551168442, 1.17593753338], "dmean2": [0.891479432583, 1.23200845718, 1.54193556309, 1.52725851536, 1.50287604332, 1.60998511314], "dvar": [0.403630852699, 0.616070210934, 0.882030367851, 1.0259257555, 1.05641579628, 1.08406054974], "dvar2": [0.746033012867, 1.25541520119, 1.79773259163, 2.0294816494, 2.11153888702, 2.29513144493], "max": [-4.87161397934, -4.69156122208, -4.97551393509, -4.69209432602, -5.43721961975, -8.0636