{"lowlevel": {"average_loudness": 0.372218191624, "barkbands_crest": {"dmean": 1.68724942207, "dmean2": 2.60585045815, "dvar": 2.75178480148, "dvar2": 6.48972654343, "max": 26.1867084503, "mean": 15.1837768555, "median": 15.1515102386, "min": 3.26550459862, "var": 24.2279510498}, "barkbands_flatness_db": {"dmean": 0.0190422311425, "dmean2": 0.026424029842, "dvar": 0.000547305040527, "dvar2": 0.000957255542744, "max": 0.771229624748, "mean": 0.30129134655, "median": 0.274421513081, "min": 0.044912930578, "var": 0.0188161041588}, "barkbands_kurtosis": {"dmean": 5.35994291306, "dmean2": 8.15455245972, "dvar": 132.337768555, "dvar2": 311.914459229, "max": 332.30682373, "mean": 15.0710077286, "median": 6.27782726288, "min": -1.39311110973, "var": 615.105773926}, "barkbands_skewness": {"dmean": 0.511712431908, "dmean2": 0.764559745789, "dvar": 0.333518415689, "dvar2": 0.754408717155, "max": 15.1323575974, "mean": 2.58480811119, "median": 2.13473653793, "min": -1.88027226925, "var": 3.20781850815}, "barkbands_spread": {"dmean": 1.41856360435, "dmean2": 2.16231489182, "dvar": 3.57471752167, "dvar2": 7.90014028549, "max": 41.1337165833, "mean": 7.3778295517, "median": 5.84461164474, "min": 0.0553266517818, "var": 34.3194046021}, "dissonance": {"dmean": 0.0289766974747, "dmean2": 0.0481287464499, "dvar": 0.000768643454649, "dvar2": 0.00207928754389, "max": 0.500000298023, "mean": 0.415183335543, "median": 0.427334427834, "min": 0.152072787285, "var": 0.00293733179569}, "dynamic_complexity": 6.91683578491, "erbbands_crest": {"dmean": 2.28711485863, "dmean2": 3.51090407372, "dvar": 5.01575660706, "dvar2": 11.8006515503, "max": 31.6814250946, "mean": 11.2195186615, "median": 10.1147165298, "min": 2.47227692604, "var": 23.5894699097}, "erbbands_flatness_db": {"dmean": 0.0153224058449, "dmean2": 0.0218205228448, "dvar": 0.000372763519408, "dvar2": 0.000664229271933, "max": 0.480140298605, "mean": 0.232133328915, "median": 0.21390016377, "min": 0.0440119542181, "var": 0.00632221298292}, "erbbands_kurtosis": {"dmean": 1.23141491413, "dmean2": 1.84190559387, "dvar": 4.85633659363, "dvar2": 10.6697101593, "max": 56.2000160217, "mean": 2.13642072678, "median": 0.455258369446, "min": -1.70923137665, "var": 25.9144554138}, "erbbands_skewness": {"dmean": 0.322165340185, "dmean2": 0.480811178684, "dvar": 0.0967791378498, "dvar2": 0.217561528087, "max": 6.25532770157, "mean": 0.874155461788, "median": 0.705125153065, "min": -1.83219635487, "var": 0.784197688103}, "erbbands_spread": {"dmean": 4.56869268417, "dmean2": 6.61883735657, "dvar": 35.4982070923, "dvar2": 63.2419204712, "max": 149.785400391, "mean": 24.3363265991, "median": 23.8796005249, "min": 1.5094306469, "var": 199.621536255}, "hfc": {"dmean": 1.79964566231, "dmean2": 2.67420315742, "dvar": 10.4392986298, "dvar2": 23.6910820007, "max": 75.5151977539, "mean": 9.6468963623, "median": 2.56209564209, "min": 2.22107114922e-08, "var": 155.590927124}, "melbands_crest": {"dmean": 2.32027888298, "dmean2": 3.55171060562, "dvar": 5.56805086136, "dvar2": 12.8195819855, "max": 37.3686408997, "mean": 22.0303401947, "median": 22.3835067749, "min": 4.86904573441, "var": 49.8181343079}, "melbands_flatness_db": {"dmean": 0.0220380872488, "dmean2": 0.0300949625671, "dvar": 0.000759831396863, "dvar2": 0.00129549542908, "max": 0.96220010519, "mean": 0.409910231829, "median": 0.372309505939, "min": 0.0560117699206, "var": 0.0269119143486}, "melbands_kurtosis": {"dmean": 8.88810157776, "dmean2": 13.2609081268, "dvar": 403.680114746, "dvar2": 935.262023926, "max": 824.382019043, "mean": 25.0084495544, "median": 12.3706760406, "min": -1.25113940239, "var": 1494.5435791}, "melbands_skewness": {"dmean": 0.636262714863, "dmean2": 0.93346118927, "dvar": 0.531171739101, "dvar2": 1.15493249893, "max": 23.6614265442, "mean": 3.30192804337, "median": 2.82081985474, "min": -1.80620181561, "var": 4.53606176376}, "melbands_spread": {"dmean": 1.42513501644, "dmean2": 2.18741750717, "dvar": 3.45288729668, "dvar2": 7.98961782455, "max": 53.5606880188, "mean": 7.17830610275, "median": 5.57524347305, "min": 0.171704277396, "var": 35.8526420593}, "pitch_salience": {"dmean": 0.0467391200364, "dmean2": 0.0714127793908, "dvar": 0.00203603389673, "dvar2": 0.00494357431307, "max": 0.877644658089, "mean": 0.393215507269, "median": 0.39750212431, "min": 0.0533912628889, "var": 0.0189757291228}, "silence_rate_20dB": {"dmean": 0, "dmean2": 0, "dvar": 0, "dvar2": 0, "max": 1, "mean": 1, "median": 1, "min": 1, "var": 0}, "silence_rate_30dB": {"dmean": 0.0211343541741, "dmean2": 0.0422732681036, "dvar": 0.0206875000149, "dvar2": 0.0495474375784, "max": 1, "mean": 0.915687322617, "median": 1, "min": 0, "var": 0.077200114727}, "silence_rate_60dB": {"dmean": 0.0198404137045, "dmean2": 0.0396851077676, "dvar": 0.0194491781294, "dvar2": 0.0450195148587, "max": 1, "mean": 0.127870619297, "median": 0, "min": 0, "var": 0.111526280642}, "spectral_centroid": {"dmean": 80.3877563477, "dmean2": 122.719345093, "dvar": 21647.4453125, "dvar2": 35278.671875, "max": 10898.9726562, "mean": 600.407897949, "median": 571.831665039, "min": 78.8525314331, "var": 126532.765625}, "spectral_complexity": {"dmean": 1.33383655548, "dmean2": 2.28707003593, "dvar": 2.29762554169, "dvar2": 6.17313528061, "max": 35, "mean": 10.4774122238, "median": 6, "min": 0, "var": 78.8638305664}, "spectral_decrease": {"dmean": 1.61332081028e-09, "dmean2": 2.39489938991e-09, "dvar": 5.98559719926e-18, "dvar2": 1.47688813576e-17, "max": -3.69960499431e-18, "mean": -9.93848736641e-09, "median": -5.96083271631e-09, "min": -5.98261564733e-08, "var": 1.08889175716e-16}, "spectral_energy": {"dmean": 0.00620690500364, "dmean2": 0.00920621678233, "dvar": 8.81890082383e-05, "dvar2": 0.000217084292672, "max": 0.231829360127, "mean": 0.0383850969374, "median": 0.0227907467633, "min": 1.59777330255e-11, "var": 0.0016257003881}, "spectral_energyband_high": {"dmean": 4.52073181805e-05, "dmean2": 6.31915390841e-05, "dvar": 1.75059557961e-08, "dvar2": 3.04141458685e-08, "max": 0.00209246668965, "mean": 0.000111026776722, "median": 3.08686207973e-06, "min": 1.0806263653e-12, "var": 5.74271581399e-08}, "spectral_energyband_low": {"dmean": 0.00466624042019, "dmean2": 0.00697480002418, "dvar": 6.39437275822e-05, "dvar2": 0.000163560951478, "max": 0.171464338899, "mean": 0.0252669043839, "median": 0.0165015421808, "min": 7.20372004236e-13, "var": 0.000830457371194}, "spectral_energyband_middle_high": {"dmean": 0.000672980444506, "dmean2": 0.00109581195284, "dvar": 2.71664725915e-06, "dvar2": 7.35556614018e-06, "max": 0.0379171706736, "mean": 0.00230425875634, "median": 0.0003431981022, "min": 2.54740954893e-12, "var": 1.44299083331e-05}, "spectral_energyband_middle_low": {"dmean": 0.0028188880533, "dmean2": 0.00402595615014, "dvar": 2.71344324574e-05, "dvar2": 5.6784676417e-05, "max": 0.137589588761, "mean": 0.0106829963624, "median": 0.002975205658, "min": 7.66851079165e-12, "var": 0.000245194678428}, "spectral_entropy": {"dmean": 0.137890949845, "dmean2": 0.192030727863, "dvar": 0.0410055965185, "dvar2": 0.0683741122484, "max": 9.81143856049, "mean": 6.41231775284, "median": 6.56679677963, "min": 3.89145159721, "var": 0.853347599506}, "spectral_flux": {"dmean": 0.0131279844791, "dmean2": 0.0226042754948, "dvar": 0.000247786025284, "dvar2": 0.000714772497304, "max": 0.282429665327, "mean": 0.0484609380364, "median": 0.0383430570364, "min": 2.23475963139e-05, "var": 0.00140964752063}, "spectral_kurtosis": {"dmean": 12.4484558105, "dmean2": 20.7383956909, "dvar": 575.777954102, "dvar2": 1600.52929688, "max": 503.670257568, "mean": 38.6682395935, "median": 11.2271528244, "min": -1.1737319231, "var": 4184.62402344}, "spectral_rms": {"dmean": 0.000463204050902, "dmean2": 0.000676165451296, "dvar": 2.8930520557e-07, "dvar2": 7.00492478245e-07, "max": 0.0150391152129, "mean": 0.00522884214297, "median": 0.00471538724378, "min": 1.24852036265e-07, "var": 1.01081541288e-05}, "spectral_rolloff": {"dmean": 70.5689315796, "dmean2": 121.690231323, "dvar": 17326.453125, "dvar2": 38583.7539062, "max": 5167.96875, "mean": 371.930664062, "median": 279.931640625, "min": 43.06640625, "var": 96434.375}, "spectral_skewness": {"dmean": 0.662265717983, "dmean2": 1.08448112011, "dvar": 0.784352779388, "dvar2": 1.86479055882, "max": 19.4408302307, "mean": 3.75037813187, "median": 2.39145922661, "min": 0.01977333799, "var": 9.53136253357}, "spectral_spread": {"dmean": 366381.9375, "dmean2": 505127.84375, "dvar": 602749009920, "dvar2": 731642331136, "max": 39148528, "mean": 2536418.25, "median": 2394113.25, "min": 223193.390625, "var": 3107120480260.0}, "spectral_strongpeak": {"dmean": 0.148013517261, "dmean2": 0.257711857557, "dvar": 0.176724046469, "dvar2": 0.456385433674, "max": 7.23213005066, "mean": 0.404582470655, "median": 0.310218781233, "min": 0, "var": 0.259629786015}, "zerocrossingrate": {"dmean": 0.00301071675494, "dmean2": 0.00373811856844, "dvar": 1.63823387993e-05, "dvar2": 2.14225456148e-05, "max": 0.1123046875, "mean": 0.0177794396877, "median": 0.01513671875, "min": 0.0009765625, "var": 0.000175602050149}, "barkbands": {"dmean": [0.00079470401397, 0.00409576995298, 0.000487985642394, 0.000488499121275, 0.00088688521646, 0.000720913871191, 0.00106556317769, 0.00123253150377, 0.000184851625818, 0.000304324639728, 0.000456691166619, 0.000117864721688, 0.000101533361885, 7.98703185865e-05, 0.000135650363518, 9.59326644079e-05, 6.90091983415e-05, 4.71468847536e-05, 3.9821225073e-05, 2.50318753388e-05, 9.14015436138e-06, 6.99560678186e-06, 6.34379512121e-06, 6.71891302773e-06, 7.02639863448e-06, 6.64444678478e-06, 1.07381981707e-06], "dmean2": [0.00125126878265, 0.0060597541742, 0.000821956957225, 0.000682936573867, 0.00135389063507, 0.00107370270416, 0.00137414596975, 0.00175467110239, 0.000254853250226, 0.000455360772321, 0.000753151252866, 0.000197365458007, 0.000171962732566, 0.000135167516419, 0.000231405603699, 0.000165854609804, 0.000119505122711, 8.10949641163e-05, 6.82723184582e-05, 4.3342308345e-05, 1.47355785884e-05, 1.100899226e-05, 8.62935485202e-06, 9.35305797611e-06, 8.7930184236e-06, 7.96137828729e-06, 1.39408234645e-06], "dvar": [1.92753986994e-06, 5.21620495419e-05, 1.07392156679e-06, 1.21784751173e-06, 3.94757353206e-06, 2.56927773989e-06, 8.05258150649e-06, 8.0828958744e-06, 1.85928655583e-07, 3.84700001632e-07, 2.09810173146e-06, 1.25295585462e-07, 5.22033722916e-08, 2.74736233763e-08, 1.06868590422e-07, 6.58358132455e-08, 2.56300598522e-08, 1.76304180144e-08, 9.0892395832e-09, 4.48901360528e-09, 4.96330199162e-10, 4.61536198149e-10, 3.66234292892e-10, 5.87119797224e-10, 6.99200974896e-10, 6.37269903514e-10, 1.94478200904e-11], "dvar2": [4.6803670557e-06, 0.000135265436256, 3.10209588861e-06, 2.45035857915e-06, 1.11836407086e-05, 6.49809271636e-06, 1.16091578093e-05, 1.55692996486e-05, 3.26023155139e-07, 8.51101390253e-07, 5.60980470254e-06, 3.52799247594e-07, 1.44794753965e-07, 7.5251712417e-08, 3.00490540894e-07, 1.94686094801e-07, 7.555694026e-08, 5.25879322311e-08, 2.70912465794e-08, 1.32800810348e-08, 1.27579791176e-09, 1.13570397531e-09, 6.24733875743e-10, 1.12107922945e-09, 1.04915853782e-09, 9.16074105461e-10, 2.81794951956e-11], "max": [0.0392811074853, 0.148166030645, 0.0174592211843, 0.0442799031734, 0.0458377897739, 0.0371564477682, 0.0956033170223, 0.0590356625617, 0.0145597374067, 0.0135856764391, 0.0278057344258, 0.00776034081355, 0.00271039060317, 0.00276077724993, 0.00637362431735, 0.00579525902867, 0.00230441940948, 0.00261173420586, 0.001493849908, 0.00128652330022, 0.000448855367722, 0.000465034419904, 0.000333921954734, 0.000451051077107, 0.000367422995623, 0.000287013332127, 5.22984300915e-05], "mean": [0.00296427076682, 0.0214421711862, 0.00105884764344, 0.00119726674166, 0.00249598547816, 0.00160901725758, 0.00230660010129, 0.00232190988027, 0.000399873795686, 0.000575115671381, 0.000701969198417, 0.000181553637958, 0.000159954128321, 0.000130622516735, 0.000231836587773, 0.000168033016962, 0.000125080128782, 8.83609463926e-05, 8.92246171134e-05, 5.27551455889e-05, 2.06488184631e-05, 1.49002244143e-05, 1.29316385937e-05, 1.2539954696e-05, 1.18322504932e-05, 1.02195708678e-05, 1.62317599006e-06], "median": [0.00177927641198, 0.012398570776, 0.000475531676784, 0.000223495735554, 0.000952737464104, 0.000204554147786, 0.000142455770401, 0.000154337831191, 4.81337483507e-05, 0.000120212083857, 2.96365997201e-05, 1.54540848598e-05, 2.51074907283e-05, 1.99360547413e-05, 2.48834476224e-05, 1.41449409057e-05, 1.43993893289e-05, 3.03456772599e-06, 4.41829433839e-06, 2.92740196528e-06, 7.69210032558e-07, 5.04256263412e-07, 3.5572111301e-07, 1.22115466183e-07, 3.78051510097e-08, 1.16170824072e-08, 5.50990142401e-09], "min": [7.30410672808e-14, 2.69172759169e-13, 1.74684065498e-13, 9.9124940027e-13, 2.71825899463e-12, 1.92014503256e-12, 1.04714815378e-12, 7.45336192938e-13, 2.34321405595e-13, 1.98024461547e-14, 1.2969107125e-13, 4.67973099508e-13, 6.01644222723e-13, 1.55286848376e-13, 8.42576198699e-14, 4.49852422023e-13, 4.52650829146e-13, 7.67394638503e-14, 5.26040596174e-14, 1.33358371546e-13, 8.20478599883e-14, 6.81589116744e-14, 7.84040326694e-14, 1.14951871264e-13, 1.41968820597e-13, 1.98909492393e-13, 3.65094347983e-13], "var": [1.63860113389e-05, 0.000662985548843, 2.13649741454e-06, 1.00004263004e-05, 1.64592565852e-05, 9.2252257673e-06, 3.05478351947e-05, 2.35555362451e-05, 6.43254338684e-07, 9.56970779953e-07, 3.99578220822e-06, 2.02702651109e-07, 9.80585994625e-08, 5.23292875698e-08, 2.17025927896e-07, 1.18230168766e-07, 5.16828038144e-08, 3.81619322809e-08, 2.75331313304e-08, 1.22282663995e-08, 1.46199785611e-09, 1.09108067026e-09, 1.02494657206e-09, 1.28966703983e-09, 1.66883773467e-09, 1.51048884511e-09, 4.20624993169e-11]}, "erbbands": {"dmean": [0.20584769547, 0.634214878082, 0.613334000111, 1.02880764008, 2.52403330803, 3.28613495827, 3.21356630325, 6.65744400024, 13.5986909866, 30.1684989929, 10.8478469849, 5.02644586563, 9.95595836639, 6.45149803162, 18.6113510132, 5.38898658752, 4.66606807709, 4.37361049652, 5.07422065735, 7.32747125626, 3.61062335968, 2.80104446411, 2.1013917923, 3.3350622654, 1.1810104847, 1.42602086067, 0.444021761417, 0.341854989529, 0.233627259731, 0.237601026893, 0.190105050802, 0.149613052607, 0.110995769501, 0.0825915187597, 0.0537698641419, 0.0361557416618, 0.0100481957197, 0.00204358645715, 0.000174607004737, 1.21748134916e-05], "dmean2": [0.297801405191, 0.977452099323, 1.03979158401, 1.5385928154, 3.66655802727, 5.06130743027, 4.51163578033, 9.91027641296, 16.9478282928, 43.6791725159, 15.4653310776, 6.8488202095, 14.9030838013, 10.2431430817, 30.7468013763, 9.08604240417, 7.87716960907, 7.4728140831, 8.6330575943, 12.6129846573, 6.18645477295, 4.87559318542, 3.64881157875, 5.76967763901, 2.01863789558, 2.47981238365, 0.732416272163, 0.547450721264, 0.367654055357, 0.362200587988, 0.278125673532, 0.208222657442, 0.158087790012, 0.111066393554, 0.0654456838965, 0.043880391866, 0.0120313251391, 0.00249509932473, 0.000218249653699, 1.60449944815e-05], "dvar": [0.128460049629, 1.43547999859, 1.32079982758, 4.52290296555, 35.3773078918, 57.1254997253, 46.4742889404, 232.526794434, 1648.83862305, 4810.32128906, 541.385131836, 137.509399414, 516.998596191, 222.348861694, 3612.00390625, 266.981933594, 122.120285034, 77.0972366333, 145.849655151, 442.989868164, 66.6930084229, 41.8196754456, 29.6486377716, 85.5512619019, 7.14401245117, 15.3143348694, 1.02784895897, 0.967285871506, 0.523878574371, 0.555433034897, 0.32733759284, 0.256232500076, 0.17966888845, 0.102453477681, 0.0380750074983, 0.0184764191508, 0.00151250720955, 6.70627050567e-05, 4.73622321806e-07, 7.9881956605e-10], "dvar2": [0.319280952215, 3.92905402184, 3.66739630699, 11.9130725861, 85.0535430908, 164.515838623, 93.7039718628, 585.586242676, 2109.00317383, 10568.2822266, 1048.44787598, 241.091751099, 1142.68408203, 570.87902832, 9726.21386719, 740.34753418, 340.234313965, 215.53855896, 409.601837158, 1235.75720215, 194.419540405, 123.645774841, 90.6917266846, 252.275909424, 20.5775604248, 46.0601997375, 2.76990437508, 2.50188350677, 1.27979886532, 1.214594841, 0.626914978027, 0.466760694981, 0.33623161912, 0.18205909431, 0.0547254569829, 0.025667918846, 0.00212341104634, 0.000105173268821, 7.11099630735e-07, 1.23897025972e-09], "max": [8.37332725525, 30.5601043701, 22.5330867767, 62.0626907349, 181.144287109, 201.960876465, 275.95513916, 337.559997559, 1480.1685791, 1371.28686523, 455.117034912, 393.93737793, 535.97644043, 360.515960693, 1284.07312012, 390.034057617, 134.864929199, 145.260101318, 171.265945435, 452.933990479, 164.874389648, 98.0719909668, 109.425079346, 215.368942261, 52.7781257629, 76.3737564087, 20.2078227997, 20.5306091309, 17.8440361023, 11.9803953171, 9.08985042572, 11.6694974899, 8.39690303802, 4.95149326324, 2.33863329887, 1.61154651642, 0.456542730331, 0.0885341092944, 0.00882883369923, 0.000500494614244], "mean": [0.958342730999, 3.47029614449, 1.77029800415, 2.56140398979, 6.36688709259, 8.93383789062, 8.48297691345, 15.1940259933, 30.5045318604, 57.9060974121, 23.991109848, 11.7850046158, 18.2330684662, 13.0085315704, 29.3395252228, 9.38785552979, 7.79998493195, 7.59318637848, 8.94552326202, 13.1209249496, 7.62750864029, 5.68151140213, 4.83306264877, 6.4342341423, 3.0391254425, 2.98811745644, 1.14056408405, 0.696823835373, 0.521678507328, 0.477377086878, 0.383508980274, 0.280672639608, 0.196936190128, 0.131819680333, 0.0875408053398, 0.0566847659647, 0.0156341642141, 0.00310954684392, 0.000279409781797, 5.21597066836e-05], "median": [0.479242831469, 1.60426771641, 1.20231974125, 0.996652662754, 1.24271762371, 3.44701266289, 3.20091676712, 1.57211565971, 1.83103621006, 3.55066180229, 2.64370417595, 1.59648513794, 2.70294928551, 2.51682925224, 1.55483520031, 0.793759584427, 1.11338067055, 1.31189143658, 1.30023169518, 1.0564250946, 0.856086134911, 0.626388609409, 0.276647865772, 0.293606311083, 0.152877673507, 0.145841345191, 0.0492317341268, 0.0231106951833, 0.0190375242382, 0.0115696694702, 0.00965202692896, 0.00514063425362, 0.00101860624272, 0.000479548121803, 0.000237080879742, 7.13762856321e-05, 2.5768082196e-05, 6.96945744494e-06, 1.14357717393e-05, 2.54393853538e-05], "min": [4.31860840491e-12, 7.48317380284e-11, 2.99441693663e-10, 2.55228860269e-09, 5.74779290829e-09, 9.97540716696e-09, 1.14788747396e-08, 1.72766814188e-08, 1.67183635824e-08, 1.52412500398e-08, 1.43036329447e-08, 5.6045501573e-09, 1.8579721095e-09, 1.5466631309e-09, 8.95037555182e-09, 2.19511964161e-08, 2.59928487623e-08, 1.22029746308e-08, 4.69811922699e-09, 1.26764554409e-08, 2.69143569653e-08, 2.35555823735e-08, 7.18314208115e-09, 2.29016960951e-09, 3.69711994352e-09, 6.8277583587e-09, 3.62388030695e-09, 2.903739027e-09, 2.7232889277e-09, 2.27600693847e-09, 2.21893592389e-09, 2.57388887981e-09, 1.75524705881e-09, 1.28458621518e-09, 1.1677818712e-09, 7.70598695965e-10, 3.03052610784e-10, 1.71457667508e-10, 4.30602879742e-11, 5.93198537166e-12], "var": [1.65450167656, 17.7582588196, 3.95354580879, 21.3328285217, 216.188247681, 213.416030884, 209.890975952, 922.947265625, 6150.796875, 13154.6933594, 2034.02722168, 511.062957764, 1174.75244141, 597.510437012, 6911.72021484, 490.746795654, 234.230133057, 156.071472168, 289.525146484, 880.275390625, 171.650756836, 97.7696533203, 85.4487075806, 184.498153687, 27.7056427002, 40.7387199402, 3.90954017639, 2.21400737762, 1.26827466488, 1.36531949043, 0.853398025036, 0.594322800636, 0.370949596167, 0.203578084707, 0.0951375812292, 0.0449362620711, 0.00362133956514, 0.000146128120832, 1.06407480871e-06, 4.4133705579e-09]}, "gfcc": {"mean": [-143.200363159, 174.698410034, -90.2791061401, 19.9651527405, -25.9442558289, 0.480663895607, -19.1833877563, 4.19675827026, -5.74320983887, -0.168242678046, -1.30444872379, -3.16498446465, 0.827628135681], "cov": [[24578.796875, -5479.69189453, -3738.41577148, 1679.53222656, -2680.93066406, 1041.26477051, -688.383850098, 1566.03942871, -126.803108215, 792.659973145, -21.2253704071, 611.262084961, -419.377410889], [-5479.69189453, 2232.16088867, 753.375, -459.142700195, 876.893676758, -422.290313721, 259.53805542, -481.618438721, 79.5986328125, -293.028259277, 71.9582519531, -261.516571045, 133.594909668], [-3738.41577148, 753.375, 2546.57714844, -66.1094818115, 762.544372559, 41.9260101318, 235.111923218, -151.291046143, 10.8767299652, 11.8052167892, 54.1792984009, 80.882194519, 123.647361755], [1679.53222656, -459.142700195, -66.1094818115, 530.60333252, -24.6863574982, 175.900283813, 16.3827476501, 52.0438842773, 24.9380187988, 34.115447998, 44.9780578613, 60.8287010193, 49.742313385], [-2680.93066406, 876.893676758, 762.544372559, -24.6863574982, 669.699890137, -68.5787811279, 157.544311523, -208.403793335, 49.704624176, -95.9646530151, 55.9298629761, -56.2486953735, 110.312393188], [1041.26477051, -422.290313721, 41.9260101318, 175.900283813, -68.5787811279, 241.360168457, -0.186022669077, 119.363540649, 32.5629196167, 65.0617446899, 0.0862337648869, 53.1035957336, -1.14218473434], [-688.383850098, 259.53805542, 235.111923218, 16.3827476501, 157.544311523, -0.186022669077, 151.93510437, -30.8890113831, 43.7805709839, -19.1216125488, 32.8708992004, -8.9705619812, 41.0883178711], [1566.03942871, -481.618438721, -151.291046143, 52.0438842773, -208.403793335, 119.363540649, -30.8890113831, 259.948364258, 45.4299507141, 106.256988525, -2.82301974297, 56.7874755859, -46.5242462158], [-126.803108215, 79.5986328125, 10.8767299652, 24.9380187988, 49.704624176, 32.5629196167, 43.7805709839, 45.4299507141, 152.971359253, 41.2359924316, 18.0631351471, -35.1435890198, 1.626121521], [792.659973145, -293.028259277, 11.8052167892, 34.115447998, -95.9646530151, 65.0617446899, -19.1216125488, 106.256988525, 41.2359924316, 151.409179688, 20.7129955292, 30.6405506134, -33.5552787781], [-21.2253704071, 71.9582519531, 54.1792984009, 44.9780578613, 55.9298629761, 0.0862337648869, 32.8708992004, -2.82301974297, 18.0631351471, 20.7129955292, 85.1706008911, 24.5480690002, 21.6098175049], [611.262084961, -261.516571045, 80.882194519, 60.8287010193, -56.2486953735, 53.1035957336, -8.9705619812, 56.7874755859, -35.1435890198, 30.6405506134, 24.5480690002, 123.843261719, 29.8859615326], [-419.377410889, 133.594909668, 123.647361755, 49.742313385, 110.312393188, -1.14218473434, 41.0883178711, -46.5242462158, 1.626121521, -33.5552787781, 21.6098175049, 29.8859615326, 94.4186782837]], "icov": [[0.000183389522135, -0.000207498014788, 0.000159943563631, -0.000600728555582, 0.000330895301886, -0.000154557143105, 0.000185589509783, -0.000590765383095, 0.000342701998306, -0.000431587861385, 0.000222382586799, -0.00059649074683, 0.000433473469457], [-0.000207498014788, 0.00489042792469, -0.000468039448606, 0.00331784808077, -0.00300111458637, 0.00301151932217, -0.00217656278983, 0.00202443334274, -0.00200033118017, 0.00417460920289, -0.00441445177421, 0.00627220468596, -0.00294568692334], [0.000159943563631, -0.000468039448606, 0.000943496241234, -0.000473614170915, -0.000595470250119, -0.000604107568506, -0.000306150090182, -0.000419994990807, 0.000709471467417, -0.00133818178438, 0.00108226586599, -0.00189323478844, 0.000865041278303], [-0.000600728555582, 0.00331784808077, -0.000473614170915, 0.00635966099799, -0.00247891736217, -0.000202329538297, -0.00172077631578, 0.00317763164639, -0.00205808226019, 0.00346453418024, -0.00439014332369, 0.00497567933053, -0.00418805284426], [0.000330895301886, -0.00300111458637, -0.000595470250119, -0.00247891736217, 0.00648360420018, -0.00198547076434, 0.000498059205711, -0.000254683051025, 0.000417504430516, -0.00161122763529, 0.000795347732492, -0.00199014507234, -0.000271323573543], [-0.000154557143105, 0.00301151932217, -0.000604107568506, -0.000202329538297, -0.00198547076434, 0.00958793517202, -0.00156906957272, -0.00116117892321, -0.00204816297628, 0.00177142350003, -0.000561109161936, 0.00247396877967, -0.00149335281458], [0.000185589509783, -0.00217656278983, -0.000306150090182, -0.00172077631578, 0.000498059205711, -0.00156906957272, 0.0114276204258, -0.00188214180525, -0.00116410979535, -0.000373573013349, -0.000787115597632, -0.0018017833354, -0.000652056303807], [-0.000590765383095, 0.00202443334274, -0.000419994990807, 0.00317763164639, -0.000254683051025, -0.00116117892321, -0.00188214180525, 0.0112322485074, -0.00440084375441, 1.41751315823e-05, -0.00113847071771, -0.00012479108409, 0.000405627622968], [0.000342701998306, -0.00200033118017, 0.000709471467417, -0.00205808226019, 0.000417504430516, -0.00204816297628, -0.00116410979535, -0.00440084375441, 0.0119120692834, -0.00508332578465, 0.000633978343103, 0.00227725272998, -0.000544445356354], [-0.000431587861385, 0.00417460920289, -0.00133818178438, 0.00346453418024, -0.00161122763529, 0.00177142350003, -0.000373573013349, 1.41751315823e-05, -0.00508332578465, 0.0159532539546, -0.00760832382366, 0.00466339150444, 0.000199337198865], [0.000222382586799, -0.00441445177421, 0.00108226586599, -0.00439014332369, 0.000795347732492, -0.000561109161936, -0.000787115597632, -0.00113847071771, 0.000633978343103, -0.00760832382366, 0.0209748055786, -0.0106841148809, 0.00284135737456], [-0.00059649074683, 0.00627220468596, -0.00189323478844, 0.00497567933053, -0.00199014507234, 0.00247396877967, -0.0018017833354, -0.00012479108409, 0.00227725272998, 0.00466339150444, -0.0106841148809, 0.0256821624935, -0.0126541052014], [0.000433473469457, -0.00294568692334, 0.000865041278303, -0.00418805284426, -0.000271323573543, -0.00149335281458, -0.000652056303807, 0.000405627622968, -0.000544445356354, 0.000199337198865, 0.00284135737456, -0.0126541052014, 0.0219757612795]]}, "melbands": {"dmean": [0.00139732158277, 0.000459537230199, 0.00021572431433, 0.000206966040423, 0.000118057585496, 0.000147872007801, 0.000210501864785, 0.000339303776855, 6.7005334131e-05, 2.91909509542e-05, 4.97216424264e-05, 2.49626336881e-05, 6.49755384075e-05, 2.27173932217e-05, 1.12601956062e-05, 8.00713587523e-06, 9.28660392674e-06, 8.07924971014e-06, 7.70385759097e-06, 1.08711647044e-05, 3.77656510864e-06, 2.8097476843e-06, 3.49582342096e-06, 2.49015261033e-06, 2.97027713714e-06, 1.02797093859e-06, 7.83232792401e-07, 1.05062974853e-06, 3.45763396581e-07, 2.23227445417e-07, 2.25787530894e-07, 1.14621236946e-07, 1.84875716513e-07, 1.20227724665e-07, 1.16436545738e-07, 1.07528364879e-07, 8.81459030211e-08, 8.67708251917e-08, 6.63747741214e-08, 7.7442976476e-08], "dmean2": [0.00203901622444, 0.000753725878894, 0.000311822193908, 0.000313844298944, 0.000171213061549, 0.000220280693611, 0.000263385038124, 0.00048840692034, 9.50714529608e-05, 4.03282065236e-05, 7.44065910112e-05, 3.94937014789e-05, 0.00010719862621, 3.77531687263e-05, 1.89439178939e-05, 1.36360540637e-05, 1.58264156198e-05, 1.37099759741e-05, 1.30945199999e-05, 1.88733865798e-05, 6.42100394543e-06, 4.8103129302e-06, 6.17073328613e-06, 4.30911086369e-06, 5.12623182658e-06, 1.75831235083e-06, 1.36414587359e-06, 1.83074814686e-06, 5.7390298025e-07, 3.66641472738e-07, 3.71599526261e-07, 1.82108976787e-07, 2.96166319913e-07, 1.80095327096e-07, 1.80875574074e-07, 1.48357329977e-07, 1.2914173908e-07, 1.25726302258e-07, 9.38058946076e-08, 1.04122150901e-07], "dvar": [5.95265419179e-06, 7.36745050745e-07, 1.93636708445e-07, 2.6175473522e-07, 5.13816686976e-08, 1.15112257504e-07, 3.7937917341e-07, 6.07626475357e-07, 2.07688408693e-08, 4.57487114858e-09, 1.28262582777e-08, 3.107957669e-09, 4.30812434615e-08, 4.89920015667e-09, 6.49339082504e-10, 2.76481698647e-10, 3.70171809871e-10, 3.64822005938e-10, 3.83519854763e-10, 8.55416626422e-10, 5.63876480231e-11, 3.52671607196e-11, 9.27438958964e-11, 6.7444480556e-11, 7.02482447212e-11, 5.97971845651e-12, 3.45416252025e-12, 8.80618841737e-12, 7.22853146697e-13, 3.26169077641e-13, 4.07931473973e-13, 1.19635068995e-13, 3.34829955645e-13, 1.2892006798e-13, 1.22428814048e-13, 1.16138774487e-13, 9.29151436238e-14, 1.09805712429e-13, 5.67645024952e-14, 9.48876868463e-14], "dvar2": [1.51186350195e-05, 2.01002603717e-06, 4.26142747756e-07, 7.42879876725e-07, 1.10928588981e-07, 2.90909611067e-07, 4.88727039283e-07, 1.29219552036e-06, 4.01044708553e-08, 8.21916312788e-09, 2.83012351332e-08, 7.89623033626e-09, 1.15454191985e-07, 1.33887958498e-08, 1.80572234942e-09, 7.7648115715e-10, 1.03571695664e-09, 1.01944785946e-09, 1.06703623715e-09, 2.47758946692e-09, 1.58039928366e-10, 9.96196181102e-11, 2.8200339286e-10, 2.06777983625e-10, 2.07331929403e-10, 1.71344813338e-11, 1.02534959689e-11, 2.60990066364e-11, 1.95302021083e-12, 8.76356170791e-13, 1.08349559793e-12, 2.95037621721e-13, 8.57696834562e-13, 2.63734482387e-13, 2.65049646727e-13, 2.01313480317e-13, 1.85327624015e-13, 2.14911882778e-13, 1.10438683209e-13, 1.75484315122e-13], "max": [0.0544235110283, 0.0194809325039, 0.0157198682427, 0.012537621893, 0.00764989340678, 0.00833134911954, 0.0224305633456, 0.0159919504076, 0.00331038655713, 0.00211174739525, 0.00264657242224, 0.00129351671785, 0.00430188979954, 0.00193240493536, 0.000391668261727, 0.000243199683609, 0.000331221206579, 0.000278263178188, 0.00042001021211, 0.00060813309392, 9.19482190511e-05, 8.1113728811e-05, 0.000150844454765, 0.000192292005522, 0.00019552402955, 5.25934883626e-05, 3.62045975635e-05, 6.09708840784e-05, 2.11740116356e-05, 1.42208227771e-05, 1.33482571982e-05, 9.8704958873e-06, 1.4022491996e-05, 7.11163102096e-06, 6.26380233371e-06, 6.71454381518e-06, 7.12589462637e-06, 6.20878427071e-06, 4.65433140562e-06, 4.99744737681e-06], "mean": [0.00725354719907, 0.00209645414725, 0.000565752212424, 0.000587858376093, 0.000326281209709, 0.000330788665451, 0.000466705678264, 0.000644769519567, 0.000154742141603, 6.50881920592e-05, 8.90582377906e-05, 4.69824699394e-05, 0.000101334400824, 3.58469878847e-05, 1.85734243132e-05, 1.33239218485e-05, 1.45489038914e-05, 1.31731585498e-05, 1.43511515489e-05, 1.80717106559e-05, 7.35042249289e-06, 5.58951387575e-06, 5.80445566811e-06, 4.59341208625e-06, 5.38730137123e-06, 2.31483318203e-06, 1.76224705228e-06, 2.05020273825e-06, 7.86275109022e-07, 4.35923936948e-07, 4.06395258779e-07, 2.49111991479e-07, 3.43046338003e-07, 2.28323386864e-07, 2.22089312274e-07, 2.00099563585e-07, 1.5437632328e-07, 1.4508746915e-07, 1.14440354082e-07, 1.11744121511e-07], "median": [0.00429773842916, 0.00119849841576, 0.00019682283164, 0.000170952247572, 0.000137765426189, 3.36049706675e-05, 2.69314932666e-05, 3.95897404815e-05, 1.82643962034e-05, 9.06343666429e-06, 1.25447895698e-05, 9.1594620244e-06, 4.77336516269e-06, 2.44658349402e-06, 1.96239329853e-06, 2.38533834818e-06, 2.44984721576e-06, 1.85195881386e-06, 1.55452789841e-06, 8.9438805162e-07, 1.04209368601e-06, 7.05695754277e-07, 3.68870757939e-07, 1.59078140882e-07, 2.4631111728e-07, 1.04595471839e-07, 1.01914373829e-07, 9.10556323674e-08, 3.53134588238e-08, 1.56723718447e-08, 1.23829968501e-08, 1.13782139266e-08, 8.10671885176e-09, 5.53352252908e-09, 5.27884091994e-09, 5.29234478464e-09, 1.89907045645e-09, 6.58961718525e-10, 4.70191219293e-10, 3.55899781868e-10], "min": [6.05563640682e-14, 1.219166776e-13, 5.2387890033e-13, 5.8402588321e-13, 4.19894262589e-13, 3.84788961761e-13, 2.46000133241e-13, 1.6776821089e-13, 1.04845778869e-13, 3.07830882096e-14, 8.12989253148e-15, 4.35727258243e-15, 2.23880904592e-14, 5.28568481302e-14, 6.17333807229e-14, 5.06367612229e-14, 1.90212191972e-14, 7.73184125638e-15, 8.27710092848e-15, 2.48577386837e-14, 3.36085766693e-14, 2.71192861597e-14, 1.25509572828e-14, 2.60931739303e-15, 1.68191033644e-15, 2.09009149032e-15, 3.41818960018e-15, 4.93384621556e-15, 2.2525833263e-15, 2.22429539048e-15, 1.31169732855e-15, 1.17436311225e-15, 1.82022615805e-15, 1.22107835572e-15, 1.33759123162e-15, 1.26561545396e-15, 1.65966280432e-15, 8.85648967561e-16, 1.58076687336e-15, 9.85714687093e-16], "var": [7.92453574832e-05, 5.72256203668e-06, 1.40489646583e-06, 1.24363339182e-06, 2.32764918451e-07, 4.26129787456e-07, 1.41999100833e-06, 1.67443351984e-06, 8.35505815644e-08, 1.63015307919e-08, 2.86273564853e-08, 7.84350184801e-09, 8.32450197663e-08, 8.79138983834e-09, 1.28064192584e-09, 5.64433777495e-10, 6.42840003451e-10, 6.645842765e-10, 8.56898163537e-10, 1.57572033199e-09, 1.42330564001e-10, 9.26312845873e-11, 1.50980949964e-10, 1.37915970311e-10, 1.43003053843e-10, 1.7988780604e-11, 1.0941327705e-11, 2.14207367122e-11, 2.14624975778e-12, 8.10712337106e-13, 8.45862551009e-13, 2.64900921294e-13, 7.22832655276e-13, 3.15797897815e-13, 2.95840202379e-13, 2.8081901496e-13, 1.89183941408e-13, 2.09284426269e-13, 1.24118244979e-13, 1.66964884843e-13]}, "mfcc": {"mean": [-777.86517334, 183.410522461, 19.2008571625, 29.465555191, 17.4189682007, 7.89558458328, 3.41977262497, 5.92136478424, 3.46405482292, 9.19501304626, 1.6498156786, 1.98907530308, 4.96723508835], "cov": [[19564.2949219, -1468.25830078, -3628.68115234, -193.564285278, -1269.47314453, -904.125610352, -369.501739502, 225.432647705, -60.0304260254, 317.727478027, 101.538703918, 475.495300293, 577.241455078], [-1468.25830078, 1096.83325195, 91.1273422241, 39.0690727234, 220.164962769, 74.2951660156, 69.0041351318, -0.635882914066, -3.4360370636, -41.8593711853, -44.608581543, -68.1207885742, -64.6428833008], [-3628.68115234, 91.1273422241, 1788.09692383, 270.819488525, 338.626831055, 307.45135498, 209.683135986, 23.3173828125, 80.13331604, -76.5845336914, 48.3573379517, -25.9592323303, -61.2736701965], [-193.564285278, 39.0690727234, 270.819488525, 371.12677002, 189.276168823, 150.844665527, 108.960769653, 63.1304779053, 27.463848114, 17.6700057983, -0.0730774998665, 6.98599767685, 13.3558320999], [-1269.47314453, 220.164962769, 338.626831055, 189.276168823, 337.448730469, 187.352462769, 91.7563552856, 24.7111110687, 36.4346504211, -8.30226421356, -5.53800439835, -25.0868968964, -24.9064979553], [-904.125610352, 74.2951660156, 307.45135498, 150.844665527, 187.352462769, 237.865234375, 96.0166168213, 15.1151065826, 28.4687538147, 23.2931747437, 11.8429412842, -32.7409286499, -28.5776290894], [-369.501739502, 69.0041351318, 209.683135986, 108.960769653, 91.7563552856, 96.0166168213, 128.212432861, 51.4932060242, 6.62870311737, -20.7916965485, -10.9760484695, -4.82872915268, 2.60023474693], [225.432647705, -0.635882914066, 23.3173828125, 63.1304779053, 24.7111110687, 15.1151065826, 51.4932060242, 104.606910706, 41.7261009216, 4.62495136261, -1.97276866436, 16.9060955048, 27.1418781281], [-60.0304260254, -3.4360370636, 80.13331604, 27.463848114, 36.4346504211, 28.4687538147, 6.62870311737, 41.7261009216, 96.8324966431, 56.5077476501, 28.9177303314, 11.4655809402, 1.87615180016], [317.727478027, -41.8593711853, -76.5845336914, 17.6700057983, -8.30226421356, 23.2931747437, -20.7916965485, 4.62495136261, 56.5077476501, 124.065734863, 64.1633987427, 15.1639699936, 6.26092910767], [101.538703918, -44.608581543, 48.3573379517, -0.0730774998665, -5.53800439835, 11.8429412842, -10.9760484695, -1.97276866436, 28.9177303314, 64.1633987427, 94.925201416, 49.5866355896, 16.0787067413], [475.495300293, -68.1207885742, -25.9592323303, 6.98599767685, -25.0868968964, -32.7409286499, -4.82872915268, 16.9060955048, 11.4655809402, 15.1639699936, 49.5866355896, 98.6666793823, 63.0021018982], [577.241455078, -64.6428833008, -61.2736701965, 13.3558320999, -24.9064979553, -28.5776290894, 2.60023474693, 27.1418781281, 1.87615180016, 6.26092910767, 16.0787067413, 63.0021018982, 88.7712249756]], "icov": [[0.000137268812978, 7.41041949368e-05, 0.000230392863159, -0.000235485480516, 0.000309089577058, 9.9777316791e-05, -8.47927003633e-05, -0.000106985018647, -4.81215574837e-05, -8.49531061249e-05, -3.38993522746e-05, -0.000122399040265, -0.000390128756408], [7.41041949368e-05, 0.0012154186843, 0.000246818904998, 0.00016273012443, -0.000940387195442, 0.000620008213446, -0.000814504979644, 0.000112477035145, -1.59740939125e-05, 2.48704564001e-05, -7.60180409998e-05, 0.000308020593366, 0.000268043222604], [0.000230392863159, 0.000246818904998, 0.00150191993453, -0.000774522544816, 0.000337862817105, -0.000310932431603, -0.00133481260855, 0.00097696960438, -0.00201844144613, 0.00233647786081, -0.00214111898094, 0.000578989856876, -0.000575345824473], [-0.000235485480516, 0.00016273012443, -0.000774522544816, 0.00553702935576, -0.00261523784138, -0.00102194747888, -0.00123867276125, -0.0019205994904, 0.00223546125926, -0.00287801353261, 0.00249805743806, -0.00158606888726, 0.00067178561585], [0.000309089577058, -0.000940387195442, 0.000337862817105, -0.00261523784138, 0.00819387566298, -0.00410758797079, 0.000564594753087, 0.000538394029718, -0.002744194353, 0.00231097312644, -0.000151108164573, -0.000561928085517, -0.000951337569859], [9.9777316791e-05, 0.000620008213446, -0.000310932431603, -0.00102194747888, -0.00410758797079, 0.0118310321122, -0.00602974928916, 0.00218872958794, 0.000198567984626, -0.0033479607664, -0.00164000596851, 0.0034936205484, -4.50281404483e-05], [-8.47927003633e-05, -0.000814504979644, -0.00133481260855, -0.00123867276125, 0.000564594753087, -0.00602974928916, 0.0190145038068, -0.00900601223111, 0.00445077940822, 0.00122225855011, 0.00176788307726, -0.00154181662947, 0.000230955673032], [-0.000106985018647, 0.000112477035145, 0.00097696960438, -0.0019205994904, 0.000538394029718, 0.00218872958794, -0.00900601223111, 0.0199868548661, -0.0115374848247, 0.0042190128006, -0.000810686382465, 0.00201154546812, -0.00458515435457], [-4.81215574837e-05, -1.59740939125e-05, -0.00201844144613, 0.00223546125926, -0.002744194353, 0.000198567984626, 0.00445077940822, -0.0115374848247, 0.0238807797432, -0.0134286740795, 0.00466738687828, -0.0045930845663, 0.00411973707378], [-8.49531061249e-05, 2.48704564001e-05, 0.00233647786081, -0.00287801353261, 0.00231097312644, -0.0033479607664, 0.00122225855011, 0.0042190128006, -0.0134286740795, 0.0250324681401, -0.0170650165528, 0.00872461311519, -0.00372167327441], [-3.38993522746e-05, -7.60180409998e-05, -0.00214111898094, 0.00249805743806, -0.000151108164573, -0.00164000596851, 0.00176788307726, -0.000810686382465, 0.00466738687828, -0.0170650165528, 0.0307143684477, -0.0186134148389, 0.0066890460439], [-0.000122399040265, 0.000308020593366, 0.000578989856876, -0.00158606888726, -0.000561928085517, 0.0034936205484, -0.00154181662947, 0.00201154546812, -0.0045930845663, 0.00872461311519, -0.0186134148389, 0.0314755253494, -0.0174298658967], [-0.000390128756408, 0.000268043222604, -0.000575345824473, 0.00067178561585, -0.000951337569859, -4.50281404483e-05, 0.000230955673032, -0.00458515435457, 0.00411973707378, -0.00372167327441, 0.0066890460439, -0.0174298658967, 0.0259465444833]]}, "spectral_contrast_coeffs": {"dmean": [0.0346779040992, 0.0353756546974, 0.0320255532861, 0.025946393609, 0.0186510402709, 0.0150346690789], "dmean2": [0.0562046915293, 0.0553776994348, 0.0506960488856, 0.0421406775713, 0.0300040934235, 0.0243215858936], "dvar": [0.000892857380677, 0.000891499978025, 0.000719322706573, 0.000469857506687, 0.000263129099039, 0.000261560053332], "dvar2": [0.00242149760015, 0.00215724110603, 0.00177457125392, 0.00120132986922, 0.000635918462649, 0.000613774696831], "max": [-0.293390423059, -0.430057644844, -0.490087687969, -0.552977323532, -0.587736845016, -0.675907611847], "mean": [-0.705173254013, -0.707770287991, -0.733535349369, -0.756343781948, -0.774088382721, -0.792382359505], "median": [-0.713835895061, -0.710828542709, -0.732549667358, -0.755363464355, -0.771236181259, -0.781517505646], "min": [-0.956027746201, -0.957310855389, -0.966781198978, -0.960744202137, -0.958634734154, -0.962136983871], "var": [0.00651604728773, 0.00669035222381, 0.0048515717499, 0.00400677602738, 0.00286350841634, 0.00247265025973]}, "spectral_contrast_valleys": {"dmean": [0.274853527546, 0.275451749563, 0.26266643405, 0.235273167491, 0.211690291762, 0.259683728218], "dmean2": [0.450589984655, 0.441417813301, 0.420216262341, 0.372084736824, 0.309794694185, 0.367493182421], "dvar": [0.0990284606814, 0.0975441858172, 0.103777609766, 0.107792109251, 0.129282668233, 0.177343025804], "dvar2": [0.197078645229, 