{"lowlevel": {"average_loudness": 0.960033655167, "barkbands_crest": {"dmean": 2.54552769661, "dmean2": 4.12577581406, "dvar": 6.49337530136, "dvar2": 16.9058208466, "max": 26.2048282623, "mean": 12.2629671097, "median": 11.6140737534, "min": 2.60620832443, "var": 20.3483161926}, "barkbands_flatness_db": {"dmean": 0.027318296954, "dmean2": 0.0397942177951, "dvar": 0.000845701782964, "dvar2": 0.00172425783239, "max": 0.519813895226, "mean": 0.186713993549, "median": 0.172832086682, "min": 0.0295722968876, "var": 0.00687330495566}, "barkbands_kurtosis": {"dmean": 6.17787313461, "dmean2": 9.43994808197, "dvar": 112.566894531, "dvar2": 237.88873291, "max": 332.834838867, "mean": 13.9953603745, "median": 8.55236721039, "min": -1.82704901695, "var": 485.776153564}, "barkbands_skewness": {"dmean": 0.694901943207, "dmean2": 1.05642235279, "dvar": 0.558240056038, "dvar2": 1.27514851093, "max": 14.7282342911, "mean": 2.82871556282, "median": 2.73175406456, "min": -3.04764723778, "var": 2.19330000877}, "barkbands_spread": {"dmean": 5.54892063141, "dmean2": 8.82177448273, "dvar": 79.4726257324, "dvar2": 201.119750977, "max": 100.098884583, "mean": 16.1572570801, "median": 13.4419755936, "min": 0.291043788195, "var": 165.743835449}, "dissonance": {"dmean": 0.0161504019052, "dmean2": 0.0266029592603, "dvar": 0.000266757939244, "dvar2": 0.00066054367926, "max": 0.500000119209, "mean": 0.460236012936, "median": 0.472005605698, "min": 0.128285750747, "var": 0.0018342792755}, "dynamic_complexity": 2.72700715065, "erbbands_crest": {"dmean": 2.19510555267, "dmean2": 3.57358694077, "dvar": 5.04569482803, "dvar2": 13.3328065872, "max": 31.7749500275, "mean": 8.67710590363, "median": 7.57793092728, "min": 2.37923693657, "var": 16.2072677612}, "erbbands_flatness_db": {"dmean": 0.021331332624, "dmean2": 0.0299586113542, "dvar": 0.000556757790036, "dvar2": 0.00108740630094, "max": 0.477502703667, "mean": 0.149880409241, "median": 0.137533500791, "min": 0.0350341536105, "var": 0.00409754971042}, "erbbands_kurtosis": {"dmean": 1.17172920704, "dmean2": 1.75331258774, "dvar": 5.90218639374, "dvar2": 12.3524847031, "max": 56.7324333191, "mean": 1.09013533592, "median": -0.730676412582, "min": -1.87831139565, "var": 29.636384964}, "erbbands_skewness": {"dmean": 0.394204348326, "dmean2": 0.594031155109, "dvar": 0.151660740376, "dvar2": 0.326372504234, "max": 6.52665185928, "mean": 0.343968123198, "median": 0.144603684545, "min": -5.52382326126, "var": 1.44724488258}, "erbbands_spread": {"dmean": 8.75458908081, "dmean2": 13.4974660873, "dvar": 84.3429946899, "dvar2": 188.303222656, "max": 122.284156799, "mean": 49.6559906006, "median": 50.4441184998, "min": 2.44525742531, "var": 431.999328613}, "hfc": {"dmean": 7.76117324829, "dmean2": 12.105430603, "dvar": 266.708526611, "dvar2": 662.62878418, "max": 212.719024658, "mean": 19.7126522064, "median": 15.0314350128, "min": 1.03769834315e-16, "var": 355.101287842}, "melbands_crest": {"dmean": 2.67503499985, "dmean2": 4.34269285202, "dvar": 6.27656936646, "dvar2": 16.0159950256, "max": 34.2717895508, "mean": 15.7647895813, "median": 15.1341295242, "min": 1.53213822842, "var": 22.2924518585}, "melbands_flatness_db": {"dmean": 0.0319717042148, "dmean2": 0.0459849871695, "dvar": 0.00118241913151, "dvar2": 0.00240853033029, "max": 0.665373682976, "mean": 0.290414303541, "median": 0.280184566975, "min": 0.00409250287339, "var": 0.00915651302785}, "melbands_kurtosis": {"dmean": 13.4828720093, "dmean2": 21.2649536133, "dvar": 355.539276123, "dvar2": 859.612487793, "max": 347.074584961, "mean": 33.4373664856, "median": 26.92096138, "min": -1.91296875477, "var": 781.391357422}, "melbands_skewness": {"dmean": 0.913909137249, "dmean2": 1.41183590889, "dvar": 0.977457106113, "dvar2": 2.2927441597, "max": 14.5428304672, "mean": 4.37607479095, "median": 4.25342130661, "min": -1.60195088387, "var": 3.0994682312}, "melbands_spread": {"dmean": 4.4710688591, "dmean2": 7.04141569138, "dvar": 57.8502616882, "dvar2": 140.949798584, "max": 156.353820801, "mean": 12.0261230469, "median": 8.3690032959, "min": 0.279385209084, "var": 186.778533936}, "pitch_salience": {"dmean": 0.0706286802888, "dmean2": 0.114994011819, "dvar": 0.00463320547715, "dvar2": 0.012118360959, "max": 0.891380012035, "mean": 0.527708351612, "median": 0.543527007103, "min": 0.0475686639547, "var": 0.0139581514522}, "silence_rate_20dB": {"dmean": 0, "dmean2": 0, "dvar": 0, "dvar2": 0, "max": 1, "mean": 1, "median": 1, "min": 1, "var": 0}, "silence_rate_30dB": {"dmean": 0.0521655902267, "dmean2": 0.104343667626, "dvar": 0.0494413636625, "dvar2": 0.126473814249, "max": 1, "mean": 0.963273108006, "median": 1, "min": 0, "var": 0.0353755317628}, "silence_rate_60dB": {"dmean": 0.0062215840444, "dmean2": 0.0124446572736, "dvar": 0.00618232879788, "dvar2": 0.0134844258428, "max": 1, "mean": 0.0612513460219, "median": 0, "min": 0, "var": 0.0575017370284}, "spectral_centroid": {"dmean": 208.857055664, "dmean2": 328.31640625, "dvar": 75500.3125, "dvar2": 169437.484375, "max": 11580.2001953, "mean": 1019.71911621, "median": 949.717712402, "min": 125.773414612, "var": 612649.5625}, "spectral_complexity": {"dmean": 2.9624311924, "dmean2": 4.62606191635, "dvar": 15.020693779, "dvar2": 32.7800598145, "max": 51, "mean": 16.1764564514, "median": 15, "min": 0, "var": 69.1380233765}, "spectral_decrease": {"dmean": 4.1809040674e-09, "dmean2": 6.87499479568e-09, "dvar": 3.9428391078e-17, "dvar2": 1.00199021342e-16, "max": 1.60992817394e-28, "mean": -1.25902026582e-08, "median": -1.23145280639e-08, "min": -5.7862596492e-08, "var": 6.48798385537e-17}, "spectral_energy": {"dmean": 0.0161693636328, "dmean2": 0.026488583535, "dvar": 0.000579393934458, "dvar2": 0.00146990723442, "max": 0.220968663692, "mean": 0.0493062511086, "median": 0.0483155697584, "min": 1.00814325443e-20, "var": 0.000961685087532}, "spectral_energyband_high": {"dmean": 0.000496113207191, "dmean2": 0.000804817071185, "dvar": 2.7327148473e-06, "dvar2": 7.09590131009e-06, "max": 0.0229568071663, "mean": 0.00064493220998, "median": 0.000189280937775, "min": 7.15430127384e-21, "var": 2.41407519752e-06}, "spectral_energyband_low": {"dmean": 0.0125766852871, "dmean2": 0.0205054599792, "dvar": 0.00045875296928, "dvar2": 0.00118373741861, "max": 0.206272736192, "mean": 0.0305822044611, "median": 0.0269935019314, "min": 1.48783694786e-23, "var": 0.000661794038024}, "spectral_energyband_middle_high": {"dmean": 0.00118465174455, "dmean2": 0.00177766941488, "dvar": 4.21410913987e-06, "dvar2": 8.82148287928e-06, "max": 0.0515168868005, "mean": 0.00349462800659, "median": 0.00242344127037, "min": 1.17120484756e-21, "var": 1.58867151185e-05}, "spectral_energyband_middle_low": {"dmean": 0.00721866590902, "dmean2": 0.0117833632976, "dvar": 0.000131524808239, "dvar2": 0.000344260770362, "max": 0.154871270061, "mean": 0.0178607273847, "median": 0.014773959294, "min": 1.96348779352e-22, "var": 0.000215175983612}, "spectral_entropy": {"dmean": 0.229537650943, "dmean2": 0.328797131777, "dvar": 0.0796246305108, "dvar2": 0.158887505531, "max": 9.82655239105, "mean": 7.08253288269, "median": 7.20762777328, "min": 3.59037399292, "var": 0.568903565407}, "spectral_flux": {"dmean": 0.0319635309279, "dmean2": 0.0498681291938, "dvar": 0.00189167482313, "dvar2": 0.00401335489005, "max": 0.40850302577, "mean": 0.0908261835575, "median": 0.0764509215951, "min": 6.40669114982e-11, "var": 0.00360388960689}, "spectral_kurtosis": {"dmean": 3.0875890255, "dmean2": 4.89113664627, "dvar": 34.7310905457, "dvar2": 78.1013336182, "max": 193.327896118, "mean": 8.08021831512, "median": 5.39973640442, "min": -1.2534083128, "var": 105.914802551}, "spectral_rms": {"dmean": 0.00106736645103, "dmean2": 0.0016956133768, "dvar": 1.92127276932e-06, "dvar2": 4.5773704187e-06, "max": 0.0146826151758, "mean": 0.006491381675, "median": 0.0068656494841, "min": 3.13616710726e-12, "var": 5.96555946686e-06}, "spectral_rolloff": {"dmean": 383.424102783, "dmean2": 675.470214844, "dvar": 1111706.75, "dvar2": 2947378, "max": 19379.8828125, "mean": 736.168212891, "median": 322.998046875, "min": 86.1328125, "var": 2156071.5}, "spectral_skewness": {"dmean": 0.317047655582, "dmean2": 0.493080794811, "dvar": 0.185309693217, "dvar2": 0.401989668608, "max": 11.4611959457, "mean": 1.99650800228, "median": 1.76006352901, "min": -0.0524261146784, "var": 0.893828511238}, "spectral_spread": {"dmean": 824327, "dmean2": 1173080.375, "dvar": 1136060399620.0, "dvar2": 2381942620160.0, "max": 42158552, "mean": 4698904, "median": 4323704, "min": 619772.875, "var": 8290591309820.0}, "spectral_strongpeak": {"dmean": 0.306127786636, "dmean2": 0.536955296993, "dvar": 0.632860064507, "dvar2": 1.64641928673, "max": 16.3543357849, "mean": 0.564403116703, "median": 0.427593022585, "min": 0, "var": 0.646280646324}, "zerocrossingrate": {"dmean": 0.00979915820062, "dmean2": 0.0122492164373, "dvar": 0.000190180318896, "dvar2": 0.000286948139546, "max": 0.5244140625, "mean": 0.0423784181476, "median": 0.03466796875, "min": 0.0029296875, "var": 0.00157517672051}, "barkbands": {"dmean": [0.00036690745037, 0.00903467554599, 0.00428351759911, 0.00289645255543, 0.00393822835758, 0.00123634457123, 0.000894310942385, 0.000571908662096, 0.000382490863558, 0.000209641963011, 0.00013039719488, 0.000139746887726, 0.000158133116201, 0.000180237620953, 0.000234307764913, 0.000339032121701, 0.000328897353029, 0.000211498161661, 0.000132368979394, 6.00916719122e-05, 5.42203015357e-05, 6.56879128655e-05, 8.95959383342e-05, 0.000101454417745, 0.00010418855527, 6.5237574745e-05, 3.37369892804e-05], "dmean2": [0.000657826196402, 0.0146618587896, 0.00720849819481, 0.00472416635603, 0.00657728593796, 0.00199894211255, 0.00147707632277, 0.000947322696447, 0.000642298720777, 0.000348655245034, 0.000222667775233, 0.000228181044804, 0.000251664867392, 0.000286187540041, 0.000377786083845, 0.000539341534022, 0.000530026678462, 0.000332905561663, 0.000197767745703, 9.94197325781e-05, 8.86792113306e-05, 0.000107026047772, 0.000149042738485, 0.000170731669641, 0.00017415297043, 0.000106799576315, 5.30468023499e-05], "dvar": [3.91091361962e-07, 0.000267708004685, 8.32507139421e-05, 2.47486350418e-05, 5.17002263223e-05, 4.94789128425e-06, 4.32574461229e-06, 2.70271107183e-06, 1.20101890388e-06, 1.31470059728e-07, 6.82901273308e-08, 9.0452651591e-08, 1.03658429396e-07, 1.66829408954e-07, 2.37208709564e-07, 1.32226023197e-06, 6.2338853013e-07, 2.77429336393e-07, 3.83246998581e-08, 1.4213860311e-08, 2.16505036121e-08, 5.64164963635e-08, 1.32550923126e-07, 1.75254683654e-07, 1.2744700939e-07, 3.98523525291e-08, 1.24749011121e-08], "dvar2": [1.14247893634e-06, 0.0007026848034, 0.000223951472435, 6.46057305858e-05, 0.000144100471516, 1.29001036839e-05, 1.14686390589e-05, 6.94772234056e-06, 3.11547364618e-06, 3.51373984131e-07, 1.90820472312e-07, 2.2142701539e-07, 2.45232797624e-07, 3.98709460114e-07, 5.72885653582e-07, 3.08426547235e-06, 1.53096834765e-06, 7.32281478122e-07, 8.29493203014e-08, 3.68229677861e-08, 5.69196423328e-08, 1.44024255633e-07, 3.47808537526e-07, 4.68690075195e-07, 3.39060335364e-07, 1.0052924182e-07, 2.87584516201e-08], "max": [0.0127396341413, 0.179538980126, 0.0974724665284, 0.10288066417, 0.0807727724314, 0.0334339439869, 0.0354721322656, 0.0402678735554, 0.0357170403004, 0.00568082137033, 0.00464136805385, 0.0060414406471, 0.0057666846551, 0.0082222763449, 0.010554516688, 0.0408078767359, 0.0243495348841, 0.023269886151, 0.00284752296284, 0.00198962911963, 0.00314578972757, 0.00391628220677, 0.00588247505948, 0.00674482155591, 0.00566592579708, 0.00293594924733, 0.00207766424865], "mean": [0.000447995931609, 0.0201098993421, 0.00682669784874, 0.00613039219752, 0.00717214075848, 0.00197209767066, 0.00122194073629, 0.000706157181412, 0.000513110193424, 0.000329047616106, 0.00019204657292, 0.000189460944966, 0.000240474560997, 0.000282019929728, 0.000395342824049, 0.000556313199922, 0.000624036299996, 0.000386221974622, 0.000290744384984, 0.000119532014651, 8.54646932567e-05, 8.17914042273e-05, 9.44967396208e-05, 9.85452061286e-05, 0.000123385398183, 7.85693482612e-05, 3.84298255085e-05], "median": [0.000247670221142, 0.0155321620405, 0.0039145485498, 0.00410940637812, 0.00487826531753, 0.00117849325761, 0.000509886536747, 0.000190470120288, 0.00017722028133, 0.000181441573659, 9.44920902839e-05, 5.88381954003e-05, 9.91455744952e-05, 0.000113948808576, 0.000176610381459, 0.000153828048497, 0.00036496084067, 0.000189941798453, 0.000137683164212, 5.54004727746e-05, 3.24066895701e-05, 2.25088988373e-05, 1.62265914696e-05, 1.26449394884e-05, 1.62589967658e-05, 6.56746942695e-06, 1.97635472432e-06], "min": [9.18882340126e-25, 7.79990795431e-24, 1.17951833473e-24, 1.66346625767e-24, 1.06804422272e-23, 1.02285377356e-23, 1.69105272353e-23, 8.4542254767e-24, 8.8356491907e-24, 2.09985196198e-23, 1.98865207775e-23, 2.95527773925e-23, 3.38690645453e-23, 6.04991690819e-23, 5.44020252801e-23, 5.27124556151e-23, 1.06607003519e-22, 1.12026402208e-22, 1.16049908369e-22, 1.75947952819e-22, 2.8582556103e-22, 3.20032311685e-22, 3.91562785448e-22, 5.99942577129e-22, 9.41537423471e-22, 1.3330615358e-21, 1.80547536962e-21], "var": [3.67871678009e-07, 0.000400872144382, 8.69118375704e-05, 5.34712307854e-05, 6.24973472441e-05, 6.4742766881e-06, 4.75125580124e-06, 2.87342049887e-06, 1.68410463175e-06, 1.96456525714e-07, 8.49526387015e-08, 1.39624631856e-07, 1.78376652116e-07, 2.90410383741e-07, 4.23943333772e-07, 2.88578644358e-06, 1.10506516648e-06, 4.0274545654e-07, 1.1148922141e-07, 2.98784712527e-08, 2.2859058646e-08, 5.00835817263e-08, 1.03249213623e-07, 1.28307164005e-07, 1.10562929478e-07, 4.19851815536e-08, 1.50414951605e-08]}, "erbbands": {"dmean": [0.213914901018, 2.26860904694, 4.79212474823, 7.62859535217, 11.0343465805, 15.4880027771, 7.63957691193, 11.557510376, 12.067076683, 16.4253063202, 9.28022861481, 9.94845199585, 7.24530553818, 4.88859605789, 5.46960639954, 5.70613002777, 7.19293403625, 6.36599683762, 14.5677900314, 8.29197597504, 23.643951416, 13.195227623, 13.3414182663, 6.69380712509, 4.45479536057, 2.95154833794, 2.48446345329, 1.84753763676, 2.08912491798, 2.70685148239, 2.61739015579, 2.70755672455, 1.3238158226, 1.04058516026, 0.769754707813, 0.315648376942, 0.119703695178, 0.0333617813885, 0.00576228741556, 0.000329959613737], "dmean2": [0.344523251057, 3.69413948059, 8.18086910248, 12.5904216766, 18.0211772919, 25.9691314697, 12.5130691528, 18.9630451202, 19.6410388947, 27.4366188049, 15.5588588715, 16.61277771, 12.0714616776, 8.18170070648, 9.14902687073, 9.19483661652, 11.398100853, 10.0285024643, 23.1503639221, 13.1135368347, 37.8280563354, 20.7509365082, 21.7261276245, 10.6745500565, 7.19388341904, 4.89006900787, 4.07566690445, 3.0484457016, 3.40190410614, 4.43836212158, 4.38416481018, 4.57183408737, 2.21807169914, 1.7549996376, 1.28166341782, 0.5218359828, 0.192575246096, 0.0527409203351, 0.00905975326896, 0.000525753595866], "dvar": [0.101850159466, 18.8247375488, 102.602272034, 201.14630127, 275.729431152, 1218.16418457, 189.862442017, 508.486419678, 697.604919434, 2233.01489258, 679.488769531, 1021.0043335, 165.199050903, 84.8126907349, 123.630340576, 143.616485596, 224.144348145, 127.337730408, 1032.34057617, 264.834747314, 6176.97802734, 741.823181152, 1290.63085938, 121.04825592, 66.9090118408, 34.7415275574, 32.5493240356, 44.7219467163, 49.3201026917, 119.975898743, 116.189720154, 133.933654785, 27.6573886871, 15.9548749924, 6.23727607727, 0.940422356129, 0.136341795325, 0.0121376495808, 0.000364711857401, 1.24015980418e-06], "dvar2": [0.260329902172, 50.5641555786, 283.655212402, 522.070495605, 803.262817383, 3361.3203125, 520.825683594, 1322.36853027, 1733.47155762, 6000.53222656, 1792.45812988, 2618.99926758, 448.116546631, 227.172805786, 328.03793335, 345.946990967, 521.24395752, 300.2527771, 2457.90161133, 586.765625, 14500.53125, 1852.06689453, 3455.87280273, 283.448638916, 163.234542847, 90.7695999146, 84.7508239746, 120.455673218, 125.434532166, 303.050994873, 309.807617188, 355.770172119, 74.5111923218, 42.3026046753, 16.7319602966, 2.52107524872, 0.324484586716, 0.0289485622197, 0.000856775848661, 2.88914816338e-06], "max": [3.58216643333, 46.625629425, 97.8715667725, 218.15411377, 326.826141357, 348.21697998, 180.312240601, 334.08972168, 645.539001465, 994.252075195, 641.297729492, 1103.58251953, 190.413223267, 124.900375366, 247.14225769, 260.801086426, 306.335205078, 185.771881104, 696.084594727, 385.25958252, 2765.37231445, 707.71484375, 1580.20690918, 179.595794678, 154.888137817, 82.2834625244, 82.0657958984, 197.040710449, 109.194801331, 172.304412842, 208.925186157, 209.22795105, 94.6490249634, 64.8605041504, 38.159160614, 14.0874118805, 6.68757200241, 1.94407701492, 0.407795071602, 0.0213068407029], "mean": [0.485864818096, 4.79563474655, 8.3935880661, 15.7562303543, 24.5576686859, 23.4717197418, 13.3792104721, 16.9021873474, 18.2880554199, 19.970199585, 11.8501873016, 13.5481929779, 11.2903223038, 8.31395530701, 8.36106395721, 8.42833328247, 11.0616579056, 11.4297819138, 24.3922901154, 16.1195354462, 39.3559684753, 27.9643039703, 27.4883422852, 18.0415897369, 11.7029628754, 6.16065406799, 4.16293764114, 2.7734079361, 2.73520326614, 2.94347715378, 2.76932239532, 2.49467873573, 1.34574639797, 1.05950176716, 0.968846797943, 0.401119798422, 0.144087150693, 0.0398338511586, 0.00656409654766, 0.000392509740777], "median": [0.377499431372, 3.48307180405, 5.73834705353, 11.097445488, 17.4551753998, 13.0755414963, 8.55650043488, 9.2647228241, 8.52023029327, 4.95240402222, 4.11629009247, 4.59145402908, 5.39832496643, 4.72881650925, 3.99635601044, 2.862814188, 4.67278909683, 6.34114074707, 10.247300148, 7.9126958847, 12.3860397339, 17.020029068, 18.557806015, 8.79018592834, 4.88749837875, 3.26953840256, 1.65119361877, 1.13318300247, 0.796080708504, 0.573881626129, 0.462875574827, 0.340872853994, 0.174652993679, 0.13272356987, 0.108310423791, 0.0399172976613, 0.0111669981852, 0.00222323345952, 0.000366397056496, 8.51452205097e-05], "min": [1.30414800395e-22, 2.07424484911e-21, 2.65939980575e-21, 6.40322087375e-21, 2.05282543528e-20, 4.65260207863e-20, 5.82783379732e-20, 7.05233769241e-20, 2.85042070538e-19, 3.0391049975e-19, 4.7207812774e-19, 2.55702413651e-19, 6.98841007275e-19, 9.96189431527e-19, 1.00412292078e-18, 1.17271680528e-18, 1.54739239964e-18, 3.07031803753e-18, 2.3999973389e-18, 3.60961436111e-18, 4.02455049025e-18, 6.23124833449e-18, 6.27682474547e-18, 7.19253560386e-18, 8.61156146315e-18, 1.06837936542e-17, 1.07058479437e-17, 1.24201590837e-17, 1.03651802259e-17, 1.19716799535e-17, 1.21759174642e-17, 1.05540627828e-17, 1.08839266947e-17, 8.41091226196e-18, 7.13400678525e-18, 4.62280473237e-18, 2.30765110211e-18, 9.90966613139e-19, 2.50041809924e-19, 2.4971118971e-20], "var": [0.210168227553, 25.4163169861, 100.59387207, 327.237579346, 587.752929688, 1158.83337402, 255.60333252, 591.250976562, 978.717346191, 2320.7434082, 635.951660156, 1489.5057373, 258.645843506, 120.816696167, 171.181945801, 247.568984985, 378.671173096, 253.424301147, 1866.26257324, 635.249755859, 13165.2832031, 1646.25500488, 1897.23339844, 446.77835083, 246.337738037, 79.2227783203, 43.4402618408, 37.6910095215, 45.9993362427, 101.355491638, 87.8403167725, 97.596244812, 20.3731250763, 12.253613472, 6.04139661789, 0.943857073784, 0.158122837543, 0.01442308072, 0.000433633802459, 1.32726586344e-06]}, "gfcc": {"mean": [-15.5193500519, 109.795677185, -84.3670730591, 41.1154174805, -27.9790992737, 0.984408318996, -36.3323173523, 8.79806518555, -19.3767185211, -3.54766464233, -14.0385828018, -0.0465360581875, -9.45528507233], "cov": [[17042.0839844, -1834.19140625, -963.242919922, 781.790283203, 43.780330658, 681.133911133, -336.639068604, 517.158935547, -151.859680176, 345.164428711, -229.616790771, 198.278808594, -265.903076172], [-1834.19140625, 2142.51904297, -657.489135742, 176.61668396, 293.99621582, -251.126708984, 279.579467773, -280.390289307, 123.41544342, -235.78225708, 160.882598877, -214.412322998, 184.456970215], [-963.242919922, -657.489135742, 1223.60266113, -154.380859375, -33.174243927, 192.229309082, -23.1690044403, 71.6259002686, -95.0632095337, 26.7376079559, -81.6918792725, 92.2847366333, -81.3317489624], [781.790283203, 176.61668396, -154.380859375, 478.173126221, 163.38583374, 54.7997932434, 76.7883605957, 28.7250862122, 4.73770189285, -34.5760726929, 23.4713935852, -17.4138813019, 14.7838344574], [43.780330658, 293.99621582, -33.174243927, 163.38583374, 581.29876709, 55.4942893982, 128.299209595, 12.8025779724, -29.4043617249, -74.5111236572, -41.5404167175, -11.4945363998, 21.6902046204], [681.133911133, -251.126708984, 192.229309082, 54.7997932434, 55.4942893982, 239.183761597, 20.0463981628, 53.7709197998, -23.7196216583, 19.399969101, -37.2235794067, 28.1267681122, -19.5835781097], [-336.639068604, 279.579467773, -23.1690044403, 76.7883605957, 128.299209595, 20.0463981628, 170.606674194, -5.2309422493, 22.3117198944, -39.0698776245, 15.2147760391, -39.7336997986, 23.4253578186], [517.158935547, -280.390289307, 71.6259002686, 28.7250862122, 12.8025779724, 53.7709197998, -5.2309422493, 133.392807007, -3.45179128647, 39.0521354675, -35.2437591553, 30.6387138367, -41.4052581787], [-151.859680176, 123.41544342, -95.0632095337, 4.73770189285, -29.4043617249, -23.7196216583, 22.3117198944, -3.45179128647, 97.0722885132, 10.7261400223, 43.16664505, -17.2958984375, 21.5390129089], [345.164428711, -235.78225708, 26.7376079559, -34.5760726929, -74.5111236572, 19.399969101, -39.0698776245, 39.0521354675, 10.7261400223, 103.95690918, 3.05133533478, 31.4712505341, -19.4975719452], [-229.616790771, 160.882598877, -81.6918792725, 23.4713935852, -41.5404167175, -37.2235794067, 15.2147760391, -35.2437591553, 43.16664505, 3.05133533478, 107.893295288, -2.01556038857, 18.7506389618], [198.278808594, -214.412322998, 92.2847366333, -17.4138813019, -11.4945363998, 28.1267681122, -39.7336997986, 30.6387138367, -17.2958984375, 31.4712505341, -2.01556038857, 93.9510421753, -3.02742385864], [-265.903076172, 184.456970215, -81.3317489624, 14.7838344574, 21.6902046204, -19.5835781097, 23.4253578186, -41.4052581787, 21.5390129089, -19.4975719452, 18.7506389618, -3.02742385864, 78.3368911743]], "icov": [[0.000108356820419, 1.59770752362e-05, 0.00017927060253, -0.000141982411151, 7.04145077179e-06, -0.000317238649586, 0.000188565827557, -0.000145362268086, 0.000112973990326, -0.000175069406396, 0.000111867622763, -8.25780880405e-05, 0.000224019822781], [1.59770752362e-05, 0.00154114828911, 0.000300330168102, -9.69833999989e-05, -0.000413985399064, 0.000672376074363, -0.0012112413533, 0.00146938755643, -0.000551066827029, 0.00139317312278, -0.000902826257516, 0.00130548502784, -0.00105814996641], [0.00017927060253, 0.000300330168102, 0.00152070156764, 0.000177272915607, 8.79319486558e-05, -0.00119331129827, -0.000332846451784, 8.13452497823e-05, 0.00064877216937, 0.000275237049209, 0.000274653662927, -0.000885915069375, 0.00105672213249], [-0.000141982411151, -9.69833999989e-05, 0.000177272915607, 0.0029513000045, -0.000495494925417, -0.000437397306086, -0.0006233449094, -0.001030066167, 0.000476875953609, 0.000851608696394, -0.00137112406082, 0.000349724694388, -0.000534145860001], [7.04145077179e-06, -0.000413985399064, 8.79319486558e-05, -0.000495494925417, 0.00262385443784, -0.000427470367867, -0.00133792462293, -0.000518034095876, 0.000712423236109, 0.000766078184824, 0.00134198425803, -0.00117907079402, 0.000104416452814], [-0.000317238649586, 0.000672376074363, -0.00119331129827, -0.000437397306086, -0.000427470367867, 0.00697859795764, -0.00195947359316, 0.000206729047932, -0.000381807505619, 6.8724497396e-05, 0.000470230617793, 0.000134128669742, -0.00124354369473], [0.000188565827557, -0.0012112413533, -0.000332846451784, -0.0006233449094, -0.00133792462293, -0.00195947359316, 0.0105537315831, -0.00283889449202, -0.000752344611101, 7.34521236154e-05, -0.00100329879206, 0.0026462438982, -0.000944082217757], [-0.000145362268086, 0.00146938755643, 8.13452497823e-05, -0.001030066167, -0.000518034095876, 0.000206729047932, -0.00283889449202, 0.0145438211039, -0.00383172510192, -0.00149200495798, 0.00349994236603, -0.0026553873904, 0.00479859160259], [0.000112973990326, -0.000551066827029, 0.00064877216937, 0.000476875953609, 0.000712423236109, -0.000381807505619, -0.000752344611101, -0.00383172510192, 0.0158298611641, -0.00287472479977, -0.00513527914882, 0.00274016312324, -0.0035612815991], [-0.000175069406396, 0.00139317312278, 0.000275237049209, 0.000851608696394, 0.000766078184824, 6.8724497396e-05, 7.34521236154e-05, -0.00149200495798, -0.00287472479977, 0.0156540498137, -0.00199064402841, -0.00177750783041, 0.000339236808941], [0.000111867622763, -0.000902826257516, 0.000274653662927, -0.00137112406082, 0.00134198425803, 0.000470230617793, -0.00100329879206, 0.00349994236603, -0.00513527914882, -0.00199064402841, 0.0149873094633, -0.0042517343536, 0.00211023562588], [-8.25780880405e-05, 0.00130548502784, -0.000885915069375, 0.000349724694388, -0.00117907079402, 0.000134128669742, 0.0026462438982, -0.0026553873904, 0.00274016312324, -0.00177750783041, -0.0042517343536, 0.0173587352037, -0.0056821834296], [0.000224019822781, -0.00105814996641, 0.00105672213249, -0.000534145860001, 0.000104416452814, -0.00124354369473, -0.000944082217757, 0.00479859160259, -0.0035612815991, 0.000339236808941, 0.00211023562588, -0.0056821834296, 0.0200330540538]]}, "melbands": {"dmean": [0.00224056467414, 0.00264671607874, 0.00130995421205, 0.00100708566606, 0.000327055779053, 0.000253847567365, 0.000183408294106, 0.000170948609593, 6.92901521688e-05, 6.07821602898e-05, 3.56642667612e-05, 2.05697269848e-05, 1.82236308319e-05, 1.73081043613e-05, 1.54702556756e-05, 1.45124249684e-05, 1.25966025735e-05, 2.54304723057e-05, 1.4191669834e-05, 1.55839443323e-05, 3.03004853777e-05, 1.3162817595e-05, 1.96227501874e-05, 7.43714417695e-06, 5.95569645157e-06, 4.34364847024e-06, 2.44473949351e-06, 1.95740267372e-06, 1.73580849605e-06, 1.16099147363e-06, 1.14970771392e-06, 1.04833759451e-06, 1.63205402259e-06, 1.49600123223e-06, 1.61187858794e-06, 1.50998300796e-06, 1.71001295257e-06, 9.33509340939e-07, 8.84619794306e-07, 8.64379614995e-07], "dmean2": [0.00360370939597, 0.00444022472948, 0.00214200140908, 0.00168102723546, 0.000542990630493, 0.000413317029597, 0.000298767612549, 0.000284731213469, 0.000116584014904, 0.000101550234831, 5.9537935158e-05, 3.43937317666e-05, 3.10244358843e-05, 2.82231994788e-05, 2.49207423622e-05, 2.30035730056e-05, 2.01826223929e-05, 4.03689991799e-05, 2.29695324379e-05, 2.48225314863e-05, 4.88516343466e-05, 2.08514229598e-05, 3.19891551044e-05, 1.17870640679e-05, 9.48169690673e-06, 6.69702149025e-06, 3.96305676986e-06, 3.26125928041e-06, 2.83903614218e-06, 1.91931030713e-06, 1.92636821339e-06, 1.72332590864e-06, 2.70521900347e-06, 2.4876774205e-06, 2.72449165095e-06, 2.53728785538e-06, 2.92275535685e-06, 1.57687247793e-06, 1.49565926222e-06, 1.46174602378e-06], "dvar": [1.40539950735e-05, 2.76799801213e-05, 4.99480074723e-06, 3.34164269589e-06, 4.32421416008e-07, 2.3869256438e-07, 1.52072601622e-07, 2.45327356652e-07, 3.64269681086e-08, 3.67615022867e-08, 3.95171984025e-09, 1.58776014558e-09, 1.35220179498e-09, 1.44058909246e-09, 1.13036213722e-09, 7.46345540925e-10, 6.08611883113e-10, 3.32456995267e-09, 7.61441520947e-10, 1.77518777456e-09, 9.04457042594e-09, 8.31800517354e-10, 2.16162709954e-09, 3.16893122854e-10, 1.01938499308e-10, 5.92751889239e-11, 2.14584548047e-11, 1.66944669894e-11, 1.31720710728e-11, 9.06402904122e-12, 2.11135917777e-11, 1.00999078892e-11, 4.75523023735e-11, 3.8027751087e-11, 4.49171012884e-11, 4.1816515528e-11, 5.54927041818e-11, 1.56680710073e-11, 1.18698297719e-11, 1.08635210203e-11], "dvar2": [3.56608798029e-05, 7.58876776672e-05, 1.3103944184e-05, 9.37303320825e-06, 1.19759374684e-06, 6.1597614831e-07, 3.78251712618e-07, 6.53252129723e-07, 9.63817115007e-08, 9.4600643763e-08, 1.07444195763e-08, 4.20984846983e-09, 3.74819775217e-09, 3.53841356215e-09, 2.81273626612e-09, 1.78654568916e-09, 1.45783696226e-09, 7.91066678829e-09, 1.86998572183e-09, 4.02556388224e-09, 2.13454303122e-08, 2.01241401321e-09, 5.78989656219e-09, 8.29532997848e-10, 2.38658343088e-10, 1.33788924384e-10, 5.27155159802e-11, 4.44541695122e-11, 3.35278783903e-11, 2.38156942084e-11, 5.7849357249e-11, 2.61880222369e-11, 1.22638996181e-10, 9.70992938831e-11, 1.21132784359e-10, 1.10398280795e-10, 1.48872844608e-10, 4.29286259318e-11, 3.16393716782e-11, 2.88933668657e-11], "max": [0.0432650744915, 0.0504973046482, 0.0337249562144, 0.0216231793165, 0.00782381091267, 0.00739297829568, 0.00832050014287, 0.0105162281543, 0.00488200923428, 0.00653429934755, 0.000941651291214, 0.000610712042544, 0.000679893128108, 0.000847838819027, 0.000613805896137, 0.000547630595975, 0.000477015186334, 0.00125610153191, 0.000641319842543, 0.00128301046789, 0.00314197735861, 0.000914640375413, 0.00131127086934, 0.000786172051448, 0.000169260209077, 0.000134983594762, 8.84915716597e-05, 6.01740721322e-05, 5.17375665368e-05, 3.74681512767e-05, 0.000150880558067, 5.69178773731e-05, 0.000126273371279, 0.000102764737676, 0.000128126543132, 0.000117769028293, 0.000145810554386, 9.28959998419e-05, 6.05101158726e-05, 5.42479683645e-05], "mean": [0.0051744338125, 0.00527898967266, 0.00299075432122, 0.00185239082202, 0.000545196002349, 0.000384436512832, 0.000274122285191, 0.000206480021006, 8.74989927979e-05, 8.19621636765e-05, 5.42272391613e-05, 3.32671697834e-05, 2.69662068604e-05, 2.42937203438e-05, 2.15232521441e-05, 2.30246732826e-05, 2.06259283004e-05, 4.06085855502e-05, 2.42199184868e-05, 2.66087827185e-05, 4.85135060444e-05, 2.48102787737e-05, 3.85438652302e-05, 1.5201620954e-05, 1.45724279719e-05, 9.90841817838e-06, 5.23050539414e-06, 3.5790246784e-06, 2.9020736747e-06, 1.66731501849e-06, 1.62903040746e-06, 1.45031708598e-06, 1.73631917733e-06, 1.58545833528e-06, 1.72012937583e-06, 1.40839847518e-06, 1.54653696427e-06, 9.36743845159e-07, 8.65236870595e-07, 8.83495602011e-07], "median": [0.00393899204209, 0.004342015367, 0.00213265954517, 0.00128408824094, 0.00033687724499, 0.000212010549149, 0.000126344180899, 4.85570781166e-05, 3.11887124553e-05, 2.73001878668e-05, 2.56995808741e-05, 1.82377243618e-05, 1.36099652082e-05, 8.23263235361e-06, 6.40067037239e-06, 1.12580728455e-05, 1.0271118299e-05, 1.49181068991e-05, 1.02007015812e-05, 9.88537431112e-06, 1.46242728079e-05, 1.4687669136e-05, 2.49634831562e-05, 9.57555494097e-06, 5.35988010597e-06, 3.10148402605e-06, 2.45245814767e-06, 1.65536800978e-06, 1.08340532279e-06, 6.49366768357e-07, 6.29526937246e-07, 4.60783809331e-07, 3.0286022934e-07, 2.8366386573e-07, 2.4957071787e-07, 2.08933144563e-07, 1.81825626555e-07, 1.18972437235e-07, 9.83335439741e-08, 1.01892233317e-07], "min": [1.94723293592e-24, 1.84263136039e-24, 2.33544558687e-24, 2.88721986906e-24, 2.2639195686e-24, 1.4497593025e-24, 3.79837156953e-24, 3.07598462013e-24, 3.30179960412e-24, 1.20832280182e-24, 3.12247594036e-24, 4.46786125371e-24, 3.23720195396e-24, 3.10213535914e-24, 3.92920848939e-24, 3.18309654827e-24, 5.40212776199e-24, 2.45598333598e-24, 4.7528628937e-24, 4.14970536759e-24, 4.61162839267e-24, 5.90171021783e-24, 5.77021341581e-24, 4.94546762244e-24, 5.39350354015e-24, 4.1957961437e-24, 5.58914538338e-24, 5.74670812185e-24, 5.65377320747e-24, 6.37609487862e-24, 5.53128046383e-24, 4.84353732716e-24, 5.66160028537e-24, 6.17114723773e-24, 6.58649315395e-24, 6.17497124096e-24, 6.56340635069e-24, 6.63506016444e-24, 7.11130811469e-24, 6.6238417735e-24], "var": [2.5313183869e-05, 2.89555810014e-05, 9.66414518189e-06, 4.04381353292e-06, 4.82424979964e-07, 2.97425231111e-07, 2.0779317822e-07, 2.58902190353e-07, 3.40750077044e-08, 5.24703516191e-08, 6.12235151465e-09, 2.14015405398e-09, 1.70934821853e-09, 2.2289303736e-09, 1.85372694972e-09, 1.25736721035e-09, 1.11383169354e-09, 5.84881343357e-09, 1.45051182177e-09, 3.93946253396e-09, 1.86990387618e-08, 1.51993662101e-09, 3.73929243125e-09, 5.01801100672e-10, 3.72822023254e-10, 2.30100744014e-10, 5.06522428168e-11, 3.09823312838e-11, 2.30571412657e-11, 9.1073589642e-12, 1.67113666655e-11, 1.00282724833e-11, 3.824798811e-11, 3.13291580178e-11, 3.35955915864e-11, 3.08938881421e-11, 3.94199430043e-11, 1.09867635822e-11, 8.86987271825e-12, 8.37011883414e-12]}, "mfcc": {"mean": [-669.117919922, 143.796432495, 10.3598461151, 45.2795600891, 25.4669532776, 4.62684869766, 0.335700154305, 7.90592765808, 0.515368878841, 0.0723099261522, -0.55212700367, -0.922769904137, -3.09203219414], "cov": [[11037.6191406, -776.337890625, -827.236694336, 45.6211547852, 386.880950928, 169.365402222, 131.607437134, 234.174957275, 160.065856934, 162.221252441, 104.309906006, 74.6581115723, 67.5155715942], [-776.337890625, 1551.62145996, -477.105712891, 271.83581543, 51.7497825623, 101.02331543, 91.3094482422, 12.8300418854, 39.9484596252, -41.580909729, -40.4119491577, -13.7655620575, -11.2065591812], [-827.236694336, -477.105712891, 1000.23614502, -179.421020508, -75.1568908691, -11.0009498596, -17.6428394318, -0.758122265339, -57.3635139465, 7.57956409454, 19.6494178772, -15.8279027939, -9.62977600098], [45.6211547852, 271.83581543, -179.421020508, 384.992156982, 123.883972168, 81.364074707, 79.5890426636, 85.6394119263, 32.4793434143, -0.0130489701405, 2.76610374451, -7.16115760803, -8.52594661713], [386.880950928, 51.7497825623, -75.1568908691, 123.883972168, 289.755828857, 113.76638031, 107.709854126, 95.9589080811, 60.3942260742, -15.6619644165, -10.4280004501, 5.19895029068, -10.9997224808], [169.365402222, 101.02331543, -11.0009498596, 81.364074707, 113.76638031, 178.916870117, 99.7322692871, 66.5342941284, 41.3862609863, -2.93027615547, -20.1372661591, 0.273751318455, 9.86825942993], [131.607437134, 91.3094482422, -17.6428394318, 79.5890426636, 107.709854126, 99.7322692871, 162.609176636, 78.1037902832, 49.7099723816, 3.17457008362, -2.95271515846, 0.681357502937, -10.24061203], [234.174957275, 12.8300418854, -0.758122265339, 85.6394119263, 95.9589080811, 66.5342941284, 78.1037902832, 136.665298462, 48.6984062195, -9.95454120636, 14.8070173264, 7.83909797668, -11.5096578598], [160.065856934, 39.9484596252, -57.3635139465, 32.4793434143, 60.3942260742, 41.3862609863, 49.7099723816, 48.6984062195, 105.614479065, 20.2567024231, -9.64045333862, 3.46009254456, -3.79352211952], [162.221252441, -41.580909729, 7.57956409454, -0.0130489701405, -15.6619644165, -2.93027615547, 3.17457008362, -9.95454120636, 20.2567024231, 83.1749343872, 14.405872345, -6.42691850662, 5.92791461945], [104.309906006, -40.4119491577, 19.6494178772, 2.76610374451, -10.4280004501, -20.1372661591, -2.95271515846, 14.8070173264, -9.64045333862, 14.405872345, 95.3325881958, 20.9577350616, -19.1816291809], [74.6581115723, -13.7655620575, -15.8279027939, -7.16115760803, 5.19895029068, 0.273751318455, 0.681357502937, 7.83909797668, 3.46009254456, -6.42691850662, 20.9577350616, 82.1111602783, 7.51272773743], [67.5155715942, -11.2065591812, -9.62977600098, -8.52594661713, -10.9997224808, 9.86825942993, -10.24061203, -11.5096578598, -3.79352211952, 5.92791461945, -19.1816291809, 7.51272773743, 99.9843215942]], "icov": [[0.000122055542306, 9.34499985306e-05, 0.00015593576245, 7.85533920862e-05, -0.000116587238153, -9.18656442082e-05, 3.52066344931e-05, -0.000190118487808, 5.06143769599e-05, -0.000246936804615, -9.70320979832e-05, -2.29067754844e-05, -7.26001526345e-05], [9.34499985306e-05, 0.00096859986661, 0.0004554077168, -0.000461067829747, 0.000270373537205, -0.000461445975816, -0.00037297810195, 0.000377102493076, -0.000165641962667, 0.000394222530304, 9.96481503535e-06, 0.000103100304841, 9.50105750235e-05], [0.00015593576245, 0.0004554077168, 0.00150999450125, 0.000557854946237, 0.000175398512511, -0.000536943320185, -0.000169267048477, -0.000730412022676, 0.000826537085231, -0.000433779001469, -0.000187297730008, 0.00030526536284, 0.000107829830085], [7.85533920862e-05, -0.000461067829747, 0.000557854946237, 0.00398522429168, -0.000980454147793, -0.000429720093962, -7.81994458521e-05, -0.00208831834607, 0.00102405331563, -0.00104895886034, -0.000238927474129, 0.000506353739183, -7.85836436989e-06], [-0.000116587238153, 0.000270373537205, 0.000175398512511, -0.000980454147793, 0.00607132073492, -0.00185307441279, -0.00149062578566, -0.00114331697114, -0.00127588445321, 0.00153093214612, 0.000422552402597, -0.000142709526699, 0.000561473658308], [-9.18656442082e-05, -0.000461445975816, -0.000536943320185, -0.000429720093962, -0.00185307441279, 0.0102943545207, -0.00401767110452, -0.00118111097254, -0.000236837251578, -0.000145290177898, 0.00181024661288, -0.00023363919172, -0.00148093188182], [3.52066344931e-05, -0.00037297810195, -0.000169267048477, -7.81994458521e-05, -0.00149062578566, -0.00401767110452, 0.0118810124695, -0.00327974976972, -0.00137093791272, -0.00122704927344, -6.54940449749e-05, 7.65685836086e-05, 0.000985745573416], [-0.000190118487808, 0.000377102493076, -0.000730412022676, -0.00208831834607, -0.00114331697114, -0.00118111097254, -0.00327974976972, 0.0144616076723, -0.00463308859617, 0.00387050537392, -0.00312804616988, -8.96186611499e-05, 0.000243205649895], [5.06143769599e-05, -0.000165641962667, 0.000826537085231, 0.00102405331563, -0.00127588445321, -0.000236837251578, -0.00137093791272, -0.00463308859617, 0.0145052131265, -0.00516914250329, 0.00281239976175, -0.0010969430441, 0.000802232534625], [-0.000246936804615, 0.000394222530304, -0.000433779001469, -0.00104895886034, 0.00153093214612, -0.000145290177898, -0.00122704927344, 0.00387050537392, -0.00516914250329, 0.0156802330166, -0.00359023315832, 0.00214873254299, -0.00139366101939], [-9.70320979832e-05, 9.96481503535e-06, -0.000187297730008, -0.000238927474129, 0.000422552402597, 0.00181024661288, -6.54940449749e-05, -0.00312804616988, 0.00281239976175, -0.00359023315832, 0.0137979816645, -0.00387694197707, 0.00278722052462], [-2.29067754844e-05, 0.000103100304841, 0.00030526536284, 0.000506353739183, -0.000142709526699, -0.00023363919172, 7.65685836086e-05, -8.96186611499e-05, -0.0010969430441, 0.00214873254299, -0.00387694197707, 0.013709613122, -0.00183843041304], [-7.26001526345e-05, 9.50105750235e-05, 0.000107829830085, -7.85836436989e-06, 0.000561473658308, -0.00148093188182, 0.000985745573416, 0.000243205649895, 0.000802232534625, -0.00139366101939, 0.00278722052462, -0.00183843041304, 0.0111937727779]]}, "spectral_contrast_coeffs": {"dmean": [0.0477886274457, 0.0483820065856, 0.0358245112002, 0.0303506553173, 0.0252575147897, 0.0190303977579], "dmean2": [0.0795399919152, 0.0792215317488, 0.059178031981, 0.0494069196284, 0.0398929901421, 0.0298205371946], "dvar": [0.00175124360248, 0.00176712090615, 0.000845090602525, 0.000683461257722, 0.000579040846787, 0.000377347314497], "dvar2": [0.00468537956476, 0.0044707399793, 0.00221638311632, 0.00167968194, 0.0012973996345, 0.000840192020405], "max": [-0.261683225632, -0.393965661526, -0.489573895931, -0.513438344002, -0.541327774525, -0.571770608425], "mean": [-0.64016187191, -0.714460611343, -0.777172625065, -0.766809880733, -0.750325918198, -0.784940779209], "median": [-0.645903944969, -0.723366737366, -0.781423807144, -0.76815611124, -0.749997496605, -0.789074420929], "min": [-0.97179889679, -0.974615037441, -0.974811851978, -0.968533575535, -0.964677631855, -0.964121043682], "var": [0.0053390013054, 0.00590287148952, 0.00290604424663, 0.00350532424636, 0.00407993327826, 0.00203410699032]}, "spectral_contrast_valleys": {"dmean": [0.355121195316, 0.41180151701, 0.347508043051, 0.330475628376, 0.340149641037, 0.496176540852], "dmean2": [0.564340233803, 0.663572072983, 0.556109189987, 0.505160927773, 0.493931055069, 0.64381736517], "dvar": [0.133604824543, 0.199720337987, 0.145338907838, 0.153614759445, 0.204689651728, 0.362095892429], "dvar2": [0.26803740859, 0.426663070917, 0.292893767357, 0.294011771679, 0.394562631845, 0.677857160568], "max": [-4.97200393677, -4.35204648972, -5.62932872772, -5.704757