{"lowlevel": {"average_loudness": 0.881288290024, "barkbands_crest": {"dmean": 2.21773481369, "dmean2": 3.68009662628, "dvar": 5.06366300583, "dvar2": 12.928147316, "max": 26.9924182892, "mean": 13.9649391174, "median": 12.9421615601, "min": 2.45360589027, "var": 27.9774570465}, "barkbands_flatness_db": {"dmean": 0.0400987789035, "dmean2": 0.0623433031142, "dvar": 0.00204081367701, "dvar2": 0.00464689917862, "max": 0.806455910206, "mean": 0.401657491922, "median": 0.409351378679, "min": 0.0240624323487, "var": 0.0262990035117}, "barkbands_kurtosis": {"dmean": 29.4237804413, "dmean2": 46.1918106079, "dvar": 65031.9023438, "dvar2": 143711.890625, "max": 9669.20507812, "mean": 40.876121521, "median": -0.318254947662, "min": -1.99254131317, "var": 144096.578125}, "barkbands_skewness": {"dmean": 1.10304760933, "dmean2": 1.70874905586, "dvar": 7.99784374237, "dvar2": 15.2366847992, "max": 32.2801055908, "mean": -0.37002414465, "median": -0.00860696006566, "min": -89.1907577515, "var": 24.4665203094}, "barkbands_spread": {"dmean": 3.70986151695, "dmean2": 5.79270029068, "dvar": 19.7455730438, "dvar2": 39.4976119995, "max": 100.100311279, "mean": 18.5237884521, "median": 18.496257782, "min": 0.0049791499041, "var": 158.557907104}, "dissonance": {"dmean": 0.0848592221737, "dmean2": 0.147084459662, "dvar": 0.00655275955796, "dvar2": 0.0182788614184, "max": 0.499988585711, "mean": 0.341318011284, "median": 0.352135211229, "min": 0.0129907159135, "var": 0.0118712447584}, "dynamic_complexity": 3.21883630753, "erbbands_crest": {"dmean": 2.54492211342, "dmean2": 3.93263149261, "dvar": 9.47637176514, "dvar2": 22.5585861206, "max": 35.0067329407, "mean": 20.9364929199, "median": 20.3985290527, "min": 2.76061630249, "var": 62.7319641113}, "erbbands_flatness_db": {"dmean": 0.030784426257, "dmean2": 0.0462580658495, "dvar": 0.00143820315134, "dvar2": 0.00316840852611, "max": 0.77613645792, "mean": 0.419368833303, "median": 0.448017477989, "min": 0.0552847124636, "var": 0.0245778262615}, "erbbands_kurtosis": {"dmean": 9.41495132446, "dmean2": 15.1046333313, "dvar": 636.20098877, "dvar2": 1554.28051758, "max": 388.930389404, "mean": 17.7143630981, "median": 4.38245201111, "min": -1.91456651688, "var": 1415.86779785}, "erbbands_skewness": {"dmean": 0.917442202568, "dmean2": 1.40720081329, "dvar": 2.06052803993, "dvar2": 4.54566049576, "max": 14.0683708191, "mean": -0.578515231609, "median": -0.265967220068, "min": -15.5646944046, "var": 10.1654272079}, "erbbands_spread": {"dmean": 2.88089132309, "dmean2": 4.56950235367, "dvar": 25.9553012848, "dvar2": 57.7024917603, "max": 136.324401855, "mean": 10.5246343613, "median": 6.4778380394, "min": 0.139960840344, "var": 168.575637817}, "hfc": {"dmean": 11.3150157928, "dmean2": 15.98487854, "dvar": 368.750061035, "dvar2": 747.42980957, "max": 314.613800049, "mean": 32.3502883911, "median": 25.5576953888, "min": 1.15689917223e-16, "var": 823.503662109}, "melbands_crest": {"dmean": 3.29810237885, "dmean2": 5.32532548904, "dvar": 9.95605278015, "dvar2": 25.6222858429, "max": 39.5259056091, "mean": 17.1357574463, "median": 16.1687202454, "min": 1.6147248745, "var": 46.3578071594}, "melbands_flatness_db": {"dmean": 0.0447823964059, "dmean2": 0.0694736093283, "dvar": 0.00231340667233, "dvar2": 0.00523095671088, "max": 0.863370358944, "mean": 0.468865215778, "median": 0.454315811396, "min": 0.00348298135214, "var": 0.0313940942287}, "melbands_kurtosis": {"dmean": 10.7404899597, "dmean2": 17.7944984436, "dvar": 6094.67529297, "dvar2": 16531.6738281, "max": 2958.23681641, "mean": 13.0055942535, "median": -0.231873750687, "min": -1.98454105854, "var": 5138.36621094}, "melbands_skewness": {"dmean": 0.958840847015, "dmean2": 1.54555439949, "dvar": 3.52224588394, "dvar2": 8.54814624786, "max": 43.4456062317, "mean": 0.748419284821, "median": 0.63239222765, "min": -20.4044685364, "var": 6.24557733536}, "melbands_spread": {"dmean": 5.57254076004, "dmean2": 9.0032377243, "dvar": 54.4292945862, "dvar2": 118.637031555, "max": 157.135467529, "mean": 28.812582016, "median": 26.1376094818, "min": 0.162861227989, "var": 631.840637207}, "pitch_salience": {"dmean": 0.0526161380112, "dmean2": 0.0858220234513, "dvar": 0.00561748398468, "dvar2": 0.0134124355391, "max": 0.859983921051, "mean": 0.390904843807, "median": 0.390331745148, "min": 0.0141861969605, "var": 0.018927147612}, "silence_rate_20dB": {"dmean": 0, "dmean2": 0, "dvar": 0, "dvar2": 0, "max": 1, "mean": 1, "median": 1, "min": 1, "var": 0}, "silence_rate_30dB": {"dmean": 0.0437636747956, "dmean2": 0.0875592827797, "dvar": 0.0418482944369, "dvar2": 0.0842699408531, "max": 1, "mean": 0.947502732277, "median": 1, "min": 0, "var": 0.0497412420809}, "silence_rate_60dB": {"dmean": 0.00218818383291, "dmean2": 0.00437796441838, "dvar": 0.00218337657861, "dvar2": 0.00508838379756, "max": 1, "mean": 0.0597885511816, "median": 0, "min": 0, "var": 0.0562172010541}, "spectral_centroid": {"dmean": 135.905197144, "dmean2": 210.224349976, "dvar": 74735.125, "dvar2": 134959.625, "max": 11139.2441406, "mean": 1307.11083984, "median": 1173.76391602, "min": 331.801849365, "var": 385230.875}, "spectral_complexity": {"dmean": 1.12764406204, "dmean2": 1.8438526392, "dvar": 4.78091716766, "dvar2": 10.3981256485, "max": 42, "mean": 5.5432009697, "median": 5, "min": 0, "var": 17.7005329132}, "spectral_decrease": {"dmean": 3.97194899193e-09, "dmean2": 6.39573549677e-09, "dvar": 8.45848490792e-17, "dvar2": 2.19948330729e-16, "max": 3.49151737147e-18, "mean": -9.60174961762e-09, "median": -7.08032343866e-09, "min": -1.04388163891e-07, "var": 1.07454566601e-16}, "spectral_energy": {"dmean": 0.0158234443516, "dmean2": 0.0252575203776, "dvar": 0.00127391179558, "dvar2": 0.00329956319183, "max": 0.401970952749, "mean": 0.0391734354198, "median": 0.0292145125568, "min": 1.03945066737e-20, "var": 0.00165760552045}, "spectral_energyband_high": {"dmean": 0.000376897805836, "dmean2": 0.000584490422625, "dvar": 1.36605535772e-06, "dvar2": 2.6798431918e-06, "max": 0.0169123653322, "mean": 0.000492591061629, "median": 9.45509964367e-06, "min": 7.87066391812e-21, "var": 2.58574982581e-06}, "spectral_energyband_low": {"dmean": 0.0104100331664, "dmean2": 0.0178288314492, "dvar": 0.000921831699088, "dvar2": 0.00246181967668, "max": 0.343833327293, "mean": 0.0148382894695, "median": 0.00753717264161, "min": 1.16703867748e-22, "var": 0.000930605339818}, "spectral_energyband_middle_high": {"dmean": 0.0057575777173, "dmean2": 0.00784827489406, "dvar": 9.36164506129e-05, "dvar2": 0.000209440040635, "max": 0.19344355166, "mean": 0.0180184841156, "median": 0.0147305782884, "min": 1.18615942889e-21, "var": 0.000190024933545}, "spectral_energyband_middle_low": {"dmean": 0.00240031047724, "dmean2": 0.00365294003859, "dvar": 4.37531416537e-05, "dvar2": 0.000112882160465, "max": 0.075414121151, "mean": 0.00607713125646, "median": 0.00136983173434, "min": 3.76628197008e-22, "var": 8.12588477856e-05}, "spectral_entropy": {"dmean": 0.40653821826, "dmean2": 0.633308172226, "dvar": 0.25346750021, "dvar2": 0.604824066162, "max": 9.79642677307, "mean": 5.41452312469, "median": 5.27695512772, "min": 2.37706923485, "var": 1.80287909508}, "spectral_flux": {"dmean": 0.0409347526729, "dmean2": 0.0664959326386, "dvar": 0.00348445540294, "dvar2": 0.00775210000575, "max": 0.62256026268, "mean": 0.0712356418371, "median": 0.0520029366016, "min": 1.01953452625e-10, "var": 0.00562938814983}, "spectral_kurtosis": {"dmean": 29.5651950836, "dmean2": 48.7418022156, "dvar": 3297.21728516, "dvar2": 9246.44335938, "max": 1076.00854492, "mean": 65.7364501953, "median": 26.0879917145, "min": -1.35915255547, "var": 8848.61914062}, "spectral_rms": {"dmean": 0.0010212281486, "dmean2": 0.00156316370703, "dvar": 2.61653235611e-06, "dvar2": 6.23015239398e-06, "max": 0.0198032017797, "mean": 0.00556601025164, "median": 0.00533872283995, "min": 3.18449086545e-12, "var": 7.23758921595e-06}, "spectral_rolloff": {"dmean": 206.28503418, "dmean2": 385.588867188, "dvar": 615989.5, "dvar2": 1396063.75, "max": 18776.953125, "mean": 1989.58203125, "median": 1399.65820312, "min": 21.533203125, "var": 9350057}, "spectral_skewness": {"dmean": 1.48447370529, "dmean2": 2.42132139206, "dvar": 3.00608873367, "dvar2": 7.92085552216, "max": 28.2587947845, "mean": 4.98695373535, "median": 3.77019643784, "min": -0.755212366581, "var": 14.5161218643}, "spectral_spread": {"dmean": 862481.5625, "dmean2": 1297795.625, "dvar": 1572244553730.0, "dvar2": 2569852682240.0, "max": 38957732, "mean": 3229219.25, "median": 2087709.125, "min": 126095.039062, "var": 10233320570900.0}, "spectral_strongpeak": {"dmean": 1.83148133755, "dmean2": 3.18697547913, "dvar": 5.6109046936, "dvar2": 13.3816213608, "max": 20.2731971741, "mean": 3.63667321205, "median": 3.57562756538, "min": 0, "var": 9.62170791626}, "zerocrossingrate": {"dmean": 0.00757619459182, "dmean2": 0.0089810974896, "dvar": 0.000135865702759, "dvar2": 0.00015238301421, "max": 0.515625, "mean": 0.0705675855279, "median": 0.05078125, "min": 0, "var": 0.00661664037034}, "barkbands": {"dmean": [0.000353053823346, 0.00818446744233, 0.00239341985434, 0.000357616867404, 0.000390484579839, 0.000237669810303, 0.000467623729492, 0.000415946065914, 0.00100092764478, 0.00102130067535, 0.00243773777038, 0.000335553078912, 0.0013455892913, 0.000687366467901, 0.00104649318382, 0.000503473216668, 2.23248734983e-05, 2.19198918785e-05, 3.25955625158e-05, 5.02119692101e-05, 0.000112430185254, 5.08001903654e-05, 4.4375185098e-05, 1.53782875714e-05, 0.000102264486486, 9.3957700301e-05, 1.45741398683e-06], "dmean2": [0.0005993261002, 0.0138724995777, 0.00429644621909, 0.00065993075259, 0.000753283384256, 0.00044942740351, 0.000714696245268, 0.000577824364882, 0.001252277405, 0.00133004586678, 0.00339298183098, 0.000564289744943, 0.00187586410902, 0.00102644425351, 0.0015646009706, 0.000785622163676, 3.39857360814e-05, 3.83293809136e-05, 5.91416282987e-05, 8.72550954227e-05, 0.000199524933123, 8.78194550751e-05, 7.26284342818e-05, 2.36271480389e-05, 0.000135368594783, 0.000132502507768, 2.29385523198e-06], "dvar": [1.165904564e-06, 0.000410711742006, 0.000124848491396, 2.62973890131e-06, 4.21705499321e-06, 1.60499007507e-06, 3.54218514076e-06, 2.7004380172e-06, 7.16932936484e-06, 1.07651349026e-05, 3.36466218869e-05, 2.03556555789e-06, 1.51000976985e-05, 1.44553896462e-05, 1.61762436619e-05, 7.79753099778e-06, 3.62502738938e-08, 1.80763226609e-08, 1.3186046921e-08, 9.40070208344e-08, 4.522296706e-07, 8.54943564832e-08, 9.35918151868e-08, 1.15753184815e-08, 1.3581292535e-07, 2.32931483879e-07, 1.42991687935e-10], "dvar2": [3.33562616106e-06, 0.00109469308518, 0.00034849360236, 7.55606697567e-06, 1.23918407553e-05, 4.68378038931e-06, 8.1185489762e-06, 5.25648056282e-06, 1.20938202599e-05, 2.27707732847e-05, 7.88267207099e-05, 5.06348897034e-06, 2.99712228298e-05, 2.97902734019e-05, 3.61755119229e-05, 1.69670584e-05, 7.49358619601e-08, 4.64532021738e-08, 3.97489969828e-08, 2.43029006697e-07, 1.05106084902e-06, 2.11943842032e-07, 2.47191906055e-07, 2.75002953742e-08, 2.30481546737e-07, 4.84218560359e-07, 3.50196399657e-10], "max": [0.017895238474, 0.242716744542, 0.121149614453, 0.0255138799548, 0.0235256310552, 0.0159107297659, 0.0249837171286, 0.0238123759627, 0.0484878309071, 0.0713327154517, 0.110209241509, 0.0316746011376, 0.0945781171322, 0.132258579135, 0.101785629988, 0.0915948003531, 0.00773730454966, 0.0028135003522, 0.00191043119412, 0.00625131372362, 0.0159730967134, 0.0102700535208, 0.0105252601206, 0.00443262094632, 0.00507663842291, 0.00583420041949, 0.000509362784214], "mean": [0.000414668844314, 0.011943099089, 0.0022562041413, 0.00048827851424, 0.000240613255301, 0.00015523332695, 0.00103397422936, 0.00109202519525, 0.00301088788547, 0.00289310375229, 0.00578022003174, 0.000417987757828, 0.00350613193586, 0.00148224539589, 0.00263339234516, 0.00124784128275, 2.45752762567e-05, 1.83648680832e-05, 2.77913204627e-05, 3.76915195375e-05, 9.56822404987e-05, 5.1391285524e-05, 6.87327701598e-05, 2.314907033e-05, 0.000130264525069, 9.81178091024e-05, 1.8154372583e-06], "median": [0.000147995888256, 0.00611845916137, 0.00062111025909, 2.49217264354e-05, 6.09474511748e-07, 5.30931629328e-07, 1.01144305518e-05, 1.30226517285e-05, 0.000112428628199, 0.000115233196993, 0.0049008904025, 0.000124762256746, 2.86318700091e-05, 4.39122868556e-06, 9.12807900022e-06, 1.04260550415e-06, 3.5051687064e-07, 2.36218198779e-07, 9.10637083962e-07, 5.6537345472e-07, 1.37112601806e-06, 8.10739322787e-07, 2.72800690482e-07, 7.35055181167e-08, 2.4627881956e-08, 9.13315378881e-09, 3.06884140322e-09], "min": [1.07329480202e-23, 7.62820527854e-24, 8.80744015582e-23, 1.83907205943e-23, 1.06377426063e-22, 7.90267665096e-23, 5.94701094974e-23, 5.75041608365e-23, 5.17437502007e-23, 3.79586015195e-23, 5.47031113996e-23, 6.35580498171e-23, 5.44398716709e-23, 9.36489218548e-23, 9.45068869753e-23, 1.05109051324e-22, 1.27354600685e-22, 1.87301907921e-22, 2.86760657814e-22, 1.81215423208e-22, 5.72123832758e-22, 5.1250897044e-22, 7.0855643017e-22, 8.39126667718e-22, 1.21232295376e-21, 1.64689276968e-21, 2.38451371337e-21], "var": [9.19180308756e-07, 0.000479369075038, 8.24631424621e-05, 1.92417451217e-06, 2.26085558097e-06, 8.92399270924e-07, 1.05174067357e-05, 1.03765205495e-05, 2.91365377052e-05, 2.78771694866e-05, 5.35658327863e-05, 2.768320428e-06, 4.01924044127e-05, 3.66087588191e-05, 3.4820754081e-05, 1.94309341168e-05, 5.39045075243e-08, 1.37469022832e-08, 1.13607434571e-08, 6.9225649213e-08, 4.2097715891e-07, 1.33411504066e-07, 1.91332460986e-07, 1.87481248304e-08, 3.1259051525e-07, 3.10047312269e-07, 1.70545258471e-10]}, "erbbands": {"dmean": [0.218955904245, 1.89036142826, 3.31644225121, 1.58893418312, 1.0809584856, 1.38232326508, 1.71582496166, 2.11801958084, 5.13820791245, 8.77647590637, 8.37568283081, 29.0856876373, 13.5652980804, 40.2842140198, 116.149887085, 19.203042984, 61.6736373901, 48.13073349, 66.1991882324, 28.5365543365, 13.650929451, 1.26359498501, 1.10262048244, 1.67780947685, 1.60064339638, 2.43726181984, 5.82055282593, 3.14135408401, 2.07463383675, 1.06797373295, 1.46341717243, 0.458616197109, 0.238644808531, 0.232865840197, 1.03304362297, 0.770952045918, 0.0437825620174, 0.00355338770896, 0.000308410963044, 3.25208020513e-05], "dmean2": [0.358060985804, 3.2565305233, 5.86927509308, 2.84701490402, 2.0687456131, 2.65421485901, 3.27631044388, 3.96310472488, 8.06702327728, 12.7113351822, 11.7037181854, 35.4562835693, 18.8299312592, 53.0550422668, 160.808959961, 27.6522884369, 84.8277816772, 68.5720672607, 95.6996002197, 43.9117774963, 20.4291496277, 2.00527763367, 1.92254567146, 3.02646684647, 2.87686896324, 4.21073818207, 10.0972633362, 5.67563295364, 3.60123443604, 1.74688947201, 2.45624446869, 0.708607017994, 0.362598150969, 0.338779896498, 1.37990677357, 1.14047622681, 0.0623297654092, 0.00541214644909, 0.000462384952698, 4.94223895657e-05], "dvar": [0.164655923843, 28.3086528778, 217.449676514, 46.1080970764, 25.9965553284, 54.0133666992, 84.7107543945, 114.785362244, 433.297607422, 1283.65905762, 1118.14501953, 5747.15234375, 3988.43798828, 14468.1005859, 68463.921875, 3574.1940918, 29184.3964844, 33548.9453125, 56942.8789062, 38716.3203125, 4422.34667969, 54.1826324463, 43.064365387, 69.0353622437, 51.8995666504, 196.233947754, 1627.10705566, 303.218597412, 151.129241943, 43.1131362915, 141.237609863, 8.1600151062, 2.61897683144, 0.791587173939, 15.3160619736, 14.2232074738, 0.0387547984719, 0.000540128792636, 6.26731980446e-06, 1.13902194343e-08], "dvar2": [0.422568053007, 76.3799514771, 596.048278809, 130.059997559, 76.1635894775, 158.767654419, 248.428268433, 335.393188477, 1013.2019043, 2999.21557617, 2100.86328125, 8952.44433594, 9793.87695312, 32945.5117188, 154312.203125, 7990.11376953, 56082.4882812, 63547.8515625, 109957.570312, 95026.5625, 8852.12011719, 135.824111938, 117.194602966, 197.895706177, 147.196578979, 516.391235352, 3671.09838867, 854.280090332, 367.384552002, 95.0840759277, 427.946594238, 19.1403274536, 6.42296028137, 1.61167705059, 24.0795650482, 26.1928291321, 0.0822082683444, 0.0012793878559, 1.51060303324e-05, 2.68317403851e-08], "max": [5.1761932373, 63.9720077515, 143.411178589, 88.8764877319, 54.4891014099, 84.6038513184, 99.6393737793, 142.021224976, 378.521118164, 797.75201416, 599.726196289, 1269.52148438, 1975.29003906, 2742.44433594, 5090.10107422, 1313.92590332, 4106.01367188, 6253.33300781, 8287.35449219, 8294.34472656, 2516.13110352, 194.767959595, 146.757125854, 192.954025269, 133.7709198, 288.424133301, 1019.85205078, 348.042694092, 417.884613037, 223.529968262, 435.447509766, 103.425788879, 70.4128875732, 26.3537807465, 52.2084503174, 43.4002532959, 3.89289855957, 0.951748371124, 0.111446231604, 0.00390448491089], "mean": [0.325569450855, 2.69524645805, 3.35427188873, 2.18201899529, 0.815497934818, 0.874569058418, 1.09439265728, 1.61087763309, 10.4417953491, 21.2734050751, 23.1270771027, 90.6864089966, 37.117641449, 115.431617737, 282.345306396, 45.1352729797, 165.06427002, 114.869392395, 167.951507568, 64.5311508179, 33.4983940125, 2.00620985031, 1.02584564686, 1.34472739697, 1.36321294308, 1.84007513523, 4.84948062897, 2.3679959774, 2.00806212425, 1.54189014435, 2.17728281021, 0.748524188995, 0.354270845652, 0.379386514425, 1.37938308716, 0.882901608944, 0.051820654422, 0.00446779513732, 0.000405108876294, 6.54604882584e-05], "median": [0.150662183762, 1.38245391846, 1.16794335842, 0.670635938644, 0.0502265691757, 0.0147753413767, 0.00542499870062, 0.0279451794922, 0.143934771419, 1.20513081551, 1.75701272488, 4.6810708046, 9.48763751984, 29.4251232147, 242.583236694, 30.3844146729, 9.23218154907, 25.2452945709, 8.13467884064, 2.62679672241, 0.481489300728, 0.160647496581, 0.0878514647484, 0.0509822517633, 0.0755092799664, 0.0564763620496, 0.060986712575, 0.0404755063355, 0.0327947922051, 0.0314846634865, 0.0116807054728, 0.00382363167591, 0.0014055055799, 0.000494900159538, 0.000250488636084, 8.99183360161e-05, 3.31651135639e-05, 9.4238694146e-06, 2.08956025745e-05, 3.62721802958e-05], "min": [4.94189323057e-22, 2.39632830013e-21, 6.6471923832e-20, 1.13407172839e-19, 1.302266369e-19, 4.45110902397e-19, 4.13317207427e-19, 6.61444585372e-19, 1.02416137112e-18, 7.09827413376e-19, 1.5433365263e-18, 9.77232933429e-19, 1.21562007871e-18, 1.46935866219e-18, 2.16908077192e-18, 2.90797784526e-18, 2.4889767438e-18, 4.52106565293e-18, 5.37359976485e-18, 5.08470859028e-18, 5.52355602938e-18, 8.00853604325e-18, 8.3576252869e-18, 1.25349237762e-17, 1.32750262585e-17, 1.00903552576e-17, 2.30684129229e-17, 1.76955042674e-17, 1.72065627704e-17, 1.96913388843e-17, 2.28434859707e-17, 1.81645801948e-17, 1.23559673866e-17, 1.14993275637e-17, 9.78272926934e-18, 5.98718455886e-18, 3.27552624466e-18, 1.28614415357e-18, 3.26925973114e-19, 3.6373209179e-20], "var": [0.289718717337, 29.0954055786, 153.737945557, 33.3882713318, 14.2171020508, 29.0445594788, 46.0779190063, 65.2939376831, 1213.86376953, 3398.90234375, 4562.89941406, 25685.1796875, 4881.62695312, 34146.796875, 119038.054688, 6875.85498047, 82242.546875, 85472.4296875, 141098.1875, 44586.921875, 13046.125, 72.5431747437, 29.816652298, 46.8611869812, 40.0638542175, 140.24848938, 1520.27124023, 207.178726196, 218.918640137, 108.219947815, 244.630645752, 18.0635967255, 3.98077750206, 1.86362218857, 37.2220687866, 22.4971485138, 0.0591590441763, 0.000679572636727, 7.99914687377e-06, 1.61042592595e-08]}, "gfcc": {"mean": [-189.171112061, 109.963531494, -143.542419434, -39.0644645691, -17.9126033783, 52.9301300049, 11.3045787811, 4.19521951675, -1.66028141975, 9.70402240753, -8.74276542664, -9.60891151428, -4.63135480881], "cov": [[37754.609375, 4820.34814453, 1418.95861816, 1752.14746094, -827.079406738, 1975.35632324, 251.159423828, 2100.69628906, 224.436523438, 370.404937744, -1477.97460938, -371.155700684, -279.883483887], [4820.34814453, 6247.1875, 1342.81762695, -656.026611328, 2140.9621582, 474.903625488, 653.764404297, 233.702407837, 595.947143555, -238.896179199, -147.662307739, -634.301696777, -229.435180664], [1418.95861816, 1342.81762695, 4329.93310547, 1199.53381348, 424.996856689, 758.675476074, -583.449279785, 503.346038818, -514.919311523, 42.413974762, -342.426055908, 25.0519275665, -508.955596924], [1752.14746094, -656.026611328, 1199.53381348, 1996.87805176, 274.590545654, 315.900726318, -199.408798218, 147.372268677, -153.72833252, 107.897209167, -390.472869873, -56.0155677795, -55.0244865417], [-827.079406738, 2140.9621582, 424.996856689, 274.590545654, 2677.24267578, 738.503662109, 329.522460938, -134.547653198, 180.57170105, -109.274864197, -196.028259277, -491.584564209, -5.84093904495], [1975.35632324, 474.903625488, 758.675476074, 315.900726318, 738.503662109, 1208.83300781, 404.533599854, -91.4737091064, -232.36038208, -155.552337646, -47.7207374573, -87.6514892578, -225.092376709], [251.159423828, 653.764404297, -583.449279785, -199.408798218, 329.522460938, 404.533599854, 1038.84240723, -116.07232666, -113.644035339, -194.043060303, 92.9839553833, -52.9911117554, 13.9212779999], [2100.69628906, 233.702407837, 503.346038818, 147.372268677, -134.547653198, -91.4737091064, -116.07232666, 819.712463379, 149.246994019, -161.369857788, -331.107330322, 77.3897781372, 147.412078857], [224.436523438, 595.947143555, -514.919311523, -153.72833252, 180.57170105, -232.36038208, -113.644035339, 149.246994019, 854.700927734, 67.0740966797, -177.424331665, -181.52911377, 148.182037354], [370.404937744, -238.896179199, 42.413974762, 107.897209167, -109.274864197, -155.552337646, -194.043060303, -161.369857788, 67.0740966797, 527.068054199, 107.088256836, -116.169219971, -78.3709564209], [-1477.97460938, -147.662307739, -342.426055908, -390.472869873, -196.028259277, -47.7207374573, 92.9839553833, -331.107330322, -177.424331665, 107.088256836, 637.323608398, 39.6589775085, -266.94128418], [-371.155700684, -634.301696777, 25.0519275665, -56.0155677795, -491.584564209, -87.6514892578, -52.9911117554, 77.3897781372, -181.52911377, -116.169219971, 39.6589775085, 376.88873291, 117.644386292], [-279.883483887, -229.435180664, -508.955596924, -55.0244865417, -5.84093904495, -225.092376709, 13.9212779999, 147.412078857, 148.182037354, -78.3709564209, -266.94128418, 117.644386292, 441.856658936]], "icov": [[0.000214745363337, -0.000569056894165, 0.000648957153317, -0.000382400728995, 0.000519715365954, -0.000894752738532, 0.000541721645277, -0.000703611993231, 0.000541797257029, -0.000755782646593, 0.000618713966105, -0.000335375283612, 0.000456490379293], [-0.000569056894165, 0.00195863028057, -0.00204798718914, 0.00128198997118, -0.0016374909319, 0.00261782482266, -0.00185163866263, 0.00185523752589, -0.00178893841803, 0.00218028412201, -0.00167662894819, 0.00123939896002, -0.00114768953063], [0.000648957153317, -0.00204798718914, 0.00277868285775, -0.00144691055175, 0.00159173854627, -0.00304810027592, 0.00222789426334, -0.00247580069117, 0.00216299365275, -0.00262880395167, 0.00241784751415, -0.00176945910789, 0.00233232905157], [-0.000382400728995, 0.00128198997118, -0.00144691055175, 0.00155110273045, -0.00111670501065, 0.00167330936529, -0.00117712875362, 0.00129032344557, -0.0010347540956, 0.00119256484322, -0.000571019190829, 0.00072152755456, -0.000584289140534], [0.000519715365954, -0.0016374909319, 0.00159173854627, -0.00111670501065, 0.00214077648707, -0.00269078183919, 0.00154205108993, -0.00152879627421, 0.00143014511559, -0.00160643621348, 0.00116581993643, 0.00019622297259, 0.000179846640094], [-0.000894752738532, 0.00261782482266, -0.00304810027592, 0.00167330936529, -0.00269078183919, 0.00550075015053, -0.00312927458435, 0.00318164331838, -0.00236339098774, 0.00342542491853, -0.00202087499201, 0.00103277293965, -0.000801975256763], [0.000541721645277, -0.00185163866263, 0.00222789426334, -0.00117712875362, 0.00154205108993, -0.00312927458435, 0.00328206433915, -0.00189697451424, 0.00198909873143, -0.00168978003785, 0.0012721538078, -0.00070061191218, 0.000745329831261], [-0.000703611993231, 0.00185523752589, -0.00247580069117, 0.00129032344557, -0.00152879627421, 0.00318164331838, -0.00189697451424, 0.00427621416748, -0.00219601741992, 0.00301364599727, -0.00139077263884, 0.000954790913966, -0.00176314404234], [0.000541797257029, -0.00178893841803, 0.00216299365275, -0.0010347540956, 0.00143014511559, -0.00236339098774, 0.00198909873143, -0.00219601741992, 0.00345716113225, -0.0022481624037, 0.00195912318304, -0.000261056033196, 0.000956711242907], [-0.000755782646593, 0.00218028412201, -0.00262880395167, 0.00119256484322, -0.00160643621348, 0.00342542491853, -0.00168978003785, 0.00301364599727, -0.0022481624037, 0.00553989503533, -0.00304886838421, 0.00278605916537, -0.00230169761926], [0.000618713966105, -0.00167662894819, 0.00241784751415, -0.000571019190829, 0.00116581993643, -0.00202087499201, 0.0012721538078, -0.00139077263884, 0.00195912318304, -0.00304886838421, 0.00623941561207, -0.00317585119046, 0.00506229512393], [-0.000335375283612, 0.00123939896002, -0.00176945910789, 0.00072152755456, 0.00019622297259, 0.00103277293965, -0.00070061191218, 0.000954790913966, -0.000261056033196, 0.00278605916537, -0.00317585119046, 0.00733016058803, -0.00457353238016], [0.000456490379293, -0.00114768953063, 0.00233232905157, -0.000584289140534, 0.000179846640094, -0.000801975256763, 0.000745329831261, -0.00176314404234, 0.000956711242907, -0.00230169761926, 0.00506229512393, -0.00457353238016, 0.00827563088387]]}, "melbands": {"dmean": [0.00215302594006, 0.00201939186081, 0.000277415849268, 8.43508896651e-05, 6.24591048108e-05, 4.65733137389e-05, 8.61511143739e-05, 9.55472205533e-05, 6.40287762508e-05, 0.000191009909031, 6.74706316204e-05, 0.000160675335792, 0.000338153855409, 0.000126886588987, 5.32255144208e-05, 0.000157497066539, 8.33512895042e-05, 0.00010253086657, 4.42173441115e-05, 5.19444110978e-05, 7.20528214515e-06, 1.13899022836e-06, 9.62566218732e-07, 1.04085643216e-06, 1.43463182667e-06, 1.37362178521e-06, 1.28347369355e-06, 1.6866073338e-06, 3.76809339286e-06, 2.71100520877e-06, 1.69644295056e-06, 1.33161233862e-06, 7.69615894569e-07, 6.25060806669e-07, 9.72429575086e-07, 5.3006658618e-07, 2.27566346211e-07, 1.61091307405e-07, 1.91635450619e-07, 1.70553050793e-07], "dmean2": [0.00360733969137, 0.00348372291774, 0.000501847476698, 0.000162565585924, 0.000119427473692, 8.7746688223e-05, 0.000133068446303, 0.000135788563057, 9.26146385609e-05, 0.000234115563217, 9.44812418311e-05, 0.000210620331927, 0.00047497547348, 0.000177124646143, 7.76809320087e-05, 0.000216747110244, 0.000122245357488, 0.000147892802488, 6.6403998062e-05, 8.10784695204e-05, 1.09782013169e-05, 1.76228422788e-06, 1.66689630987e-06, 1.82866745035e-06, 2.62564390141e-06, 2.51463029599e-06, 2.31993180932e-06, 3.05680418933e-06, 6.58033923173e-06, 4.70148779641e-06, 3.19358014167e-06, 2.33426499108e-06, 1.37425365665e-06, 9.98817199616e-07, 1.65533481322e-06, 8.44976966619e-07, 3.511915736e-07, 2.51545515084e-07, 2.95826509955e-07, 2.54167474623e-07], "dvar": [2.1104069674e-05, 5.69773728785e-05, 1.36281198593e-06, 1.91071151789e-07, 1.10324045011e-07, 5.78387577832e-08, 1.19013016331e-07, 1.46928655909e-07, 6.69779467444e-08, 2.54459763482e-07, 1.05197621281e-07, 2.46800112791e-07, 7.06520665972e-07, 7.6921487846e-08, 5.22474685738e-08, 2.00194236299e-07, 1.73332793452e-07, 1.64858832363e-07, 4.83132502893e-08, 9.88012658354e-08, 2.31357510927e-09, 9.04102973043e-11, 3.23458898555e-11, 4.31907218323e-11, 5.70363374586e-11, 2.28709343131e-11, 1.29349767009e-10, 1.08262537823e-10, 6.30218710551e-10, 2.828122736e-10, 1.30810681731e-10, 7.92679463735e-11, 2.1023040947e-11, 2.41951458868e-11, 6.87443088565e-11, 9.56270826413e-12, 4.25574289351e-12, 1.29853387158e-12, 1.40855838278e-12, 3.42926072738e-13], "dvar2": [5.60490079806e-05, 0.000153754765051, 3.85705379813e-06, 5.61457568438e-07, 3.23775424249e-07, 1.68964163549e-07, 2.70665765356e-07, 3.32241853584e-07, 1.33228752475e-07, 3.97972968358e-07, 2.58161776401e-07, 5.20648086422e-07, 1.7069447722e-06, 1.71644799707e-07, 1.13346018793e-07, 3.74950531068e-07, 3.35143994334e-07, 2.7946884984e-07, 9.76302345634e-08, 2.30108895494e-07, 5.25769117132e-09, 2.06908379319e-10, 9.00723454156e-11, 1.10934442188e-10, 1.66971658722e-10, 7.25485643782e-11, 3.67520153199e-10, 2.9803379209e-10, 1.51313950258e-09, 6.54842846615e-10, 3.81985693076e-10, 1.98383837136e-10, 5.98403340768e-11, 5.2827953817e-11, 2.07667300023e-10, 2.38756028836e-11, 1.01498306287e-11, 3.21078732178e-12, 3.52057163804e-12, 6.52824799427e-13], "max": [0.0540382601321, 0.0769814476371, 0.0148355234414, 0.00511045334861, 0.00360818905756, 0.00310519314371, 0.00566400680691, 0.00851711258292, 0.00435032276437, 0.0082423100248, 0.0105409342796, 0.0108124706894, 0.0163043532521, 0.00465847970918, 0.00412627216429, 0.0106958551332, 0.0127530442551, 0.0164011381567, 0.00735404063016, 0.0107685215771, 0.00201953365467, 0.000310502597131, 0.000139206211315, 0.000165568490047, 0.000177665409865, 7.46041623643e-05, 0.000277056969935, 0.000238045511651, 0.000550035445485, 0.00042304926319, 0.000268641946604, 0.000289726885967, 0.000121487573779, 0.000163274744409, 0.000286096968921, 0.000106048493763, 9.42657716223e-05, 4.88444457005e-05, 5.14662642672e-05, 9.96257858787e-06], "mean": [0.00321775441989, 0.00247782934457, 0.000340818107361, 5.26398907823e-05, 4.04117454309e-05, 3.21771767631e-05, 0.000183907468454, 0.000237943153479, 0.000158632610692, 0.000589625735302, 0.000177769732545, 0.000454635941423, 0.000797453452833, 0.000295143108815, 0.000121851931908, 0.000415901944507, 0.000182361894986, 0.00025435295538, 0.000106970052002, 0.000126261802507, 1.50577288878e-05, 1.21453592783e-06, 9.55021505433e-07, 8.46906630159e-07, 1.10339499315e-06, 1.13924591005e-06, 9.47382090999e-07, 1.17232696084e-06, 2.97556721307e-06, 2.21267691813e-06, 1.17591969229e-06, 1.19179492231e-06, 8.6485471229e-07, 8.68900770001e-07, 1.33472872221e-06, 8.56453823417e-07, 3.30325292452e-07, 2.31182852417e-07, 2.49443729672e-07, 2.93798848361e-07], "median": [0.0016568209976, 0.00110074784607, 0.000107202904474, 4.62303518134e-07, 9.28386612031e-08, 1.86743790209e-07, 1.13411340408e-06, 1.37628394441e-05, 7.2374255069e-06, 2.19579687837e-05, 5.35189283255e-05, 1.89669790416e-05, 0.000712226843461, 0.000275922822766, 2.37775429923e-06, 7.55855035095e-06, 2.47493471761e-06, 5.30097395313e-06, 9.50707658376e-07, 1.09958982364e-07, 4.38584919493e-08, 1.94257712138e-08, 3.30285239158e-08, 1.07199227273e-08, 7.30050953024e-09, 3.58409870671e-08, 1.96410034903e-08, 2.1876953582e-08, 2.99208942067e-08, 1.63337716685e-08, 1.20269501025e-08, 1.01282351395e-08, 1.28431221214e-08, 9.17863562933e-09, 3.92758403578e-09, 1.86809456793e-09, 1.01814301434e-09, 5.00551822213e-10, 2.77861456066e-10, 1.78868878042e-10], "min": [3.73920621277e-24, 2.48188956755e-23, 1.8673866439e-23, 2.11118962869e-23, 1.70662499557e-23, 1.59387105535e-23, 1.52731501855e-23, 9.41168489003e-24, 1.16838819761e-23, 6.26068137275e-24, 6.23468525048e-24, 5.92326544763e-24, 7.37058855044e-24, 7.52353526933e-24, 5.53689873119e-24, 5.76534377744e-24, 9.37179613835e-24, 8.59159929245e-24, 7.34977603318e-24, 7.23846460401e-24, 6.09249898877e-24, 8.74931467551e-24, 7.79953640082e-24, 8.01174550635e-24, 9.98127480689e-24, 1.24409943853e-23, 6.03196929708e-24, 6.14995725052e-24, 1.47788783413e-23, 1.30814106009e-23, 9.37625478019e-24, 9.81005175855e-24, 9.60056185656e-24, 1.17935707184e-23, 1.54737133375e-23, 8.68974305539e-24, 1.18506945031e-23, 7.59822225325e-24, 9.66407068146e-24, 9.62803945961e-24], "var": [2.93196371786e-05, 4.64902550448e-05, 9.32456657665e-07, 1.0204050227e-07, 5.99864335982e-08, 3.23889288723e-08, 3.62747329063e-07, 4.19234737592e-07, 2.45990975145e-07, 1.11899998956e-06, 1.26895741914e-07, 6.73202066537e-07, 1.04554203517e-06, 1.40256787518e-07, 1.12973644661e-07, 6.00070904966e-07, 4.25709600904e-07, 4.12105578107e-07, 9.6254524351e-08, 2.0563308567e-07, 4.14700140894e-09, 1.17573561997e-10, 2.22679062689e-11, 3.25414938052e-11, 3.62725162406e-11, 1.85837074895e-11, 7.95062279901e-11, 6.88683346461e-11, 5.35808064583e-10, 2.63501387376e-10, 7.75444847223e-11, 1.02355991738e-10, 3.26418440888e-11, 4.78101794266e-11, 1.05380877635e-10, 2.72558520892e-11, 6.56660793449e-12, 1.94225408326e-12, 1.87177183475e-12, 9.97246881428e-13]}, "mfcc": {"mean": [-839.262512207, 142.877624512, -10.435508728, -35.2491073608, -12.5425357819, 32.9712524414, 28.2656021118, 19.5033607483, 24.3813266754, 25.5657978058, 12.7734174728, 4.92880439758, 9.65912628174], "cov": [[17038.1933594, 2985.01342773, 1055.59191895, 804.59753418, -15.2157869339, -529.671813965, -400.195983887, 544.59979248, 937.424133301, 254.968338013, -323.608825684, -492.605041504, 12.2325134277], [2985.01342773, 4826.34472656, 1173.52185059, -282.482757568, 601.252441406, 275.605682373, 301.818115234, 514.515625, 787.28894043, 484.75894165, 164.236038208, 75.6701965332, 175.612960815], [1055.59191895, 1173.52185059, 2654.78027344, 746.494873047, 638.006347656, 203.863555908, 226.687652588, 357.746520996, 115.044265747, -126.631950378, 144.173431396, 202.385757446, -78.6755981445], [804.59753418, -282.482757568, 746.494873047, 1298.68395996, 580.186035156, 91.4160079956, -37.8407554626, -49.0349769592, 190.375106812, 36.3776855469, -39.3539199829, -102.95111084, -137.788742065], [-15.2157869339, 601.252441406, 638.006347656, 580.186035156, 1634.06652832, 662.453613281, 197.649200439, 118.34210968, 232.714645386, 345.412780762, 76.1362304688, -189.781311035, -125.071846008], [-529.671813965, 275.605682373, 203.863555908, 91.4160079956, 662.453613281, 1319.68713379, 750.140075684, -5.83894968033, -90.1210479736, 74.1511077881, 320.359558105, 128.287078857, -141.648834229], [-400.195983887, 301.818115234, 226.687652588, -37.8407554626, 197.649200439, 750.140075684, 1134.23046875, 285.09173584, -262.28918457, -225.874679565, 172.747879028, 298.428924561, 40.2277793884], [544.59979248, 514.515625, 357.746520996, -49.0349769592, 118.34210968, -5.83894968033, 285.09173584, 878.363525391, 398.676239014, -47.02602005, -324.516143799, -93.6283111572, 294.449157715], [937.424133301, 787.28894043, 115.044265747, 190.375106812, 232.714645386, -90.1210479736, -262.28918457, 398.676239014, 1416.06213379, 469.469909668, -600.491455078, -556.815429688, 197.389175415], [254.968338013, 484.75894165, -126.631950378, 36.3776855469, 345.412780762, 74.1511077881, -225.874679565, -47.02602005, 469.469909668, 834.51184082, 83.0605773926, -336.914031982, -117.883094788], [-323.608825684, 164.236038208, 144.173431396, -39.3539199829, 76.1362304688, 320.359558105, 172.747879028, -324.516143799, -600.491455078, 83.0605773926, 837.424316406, 397.267608643, -322.370269775], [-492.605041504, 75.6701965332, 202.385757446, -102.95111084, -189.781311035, 128.287078857, 298.428924561, -93.6283111572, -556.815429688, -336.914031982, 397.267608643, 797.063476562, 81.9664230347], [12.2325134277, 175.612960815, -78.6755981445, -137.788742065, -125.071846008, -141.648834229, 40.2277793884, 294.449157715, 197.389175415, -117.883094788, -322.370269775, 81.9664230347, 524.183898926]], "icov": [[7.61710252846e-05, -6.58459175611e-05, 1.10663349915e-05, -8.85401532287e-05, 5.2436353144e-05, -1.57216436492e-06, 3.64013685612e-05, -4.69398291898e-05, 2.12392624235e-05, 1.65765577549e-05, 7.92983701103e-06, 4.77428729937e-05, 2.74709655059e-05], [-6.58459175611e-05, 0.000405485770898, -0.000174912071088, 0.000310498318868, -0.000167099671671, 0.000113613954454, -0.000165073302924, 5.09319761477e-05, -0.000318841921398, -9.40458994592e-05, -0.000266041606665, -9.90877888398e-05, -0.000153259708895], [1.10663349915e-05, -0.000174912071088, 0.000650581496302, -0.000386621133657, -8.86404886842e-05, 2.53350526691e-06, 9.95822556433e-05, -0.000329022819642, 5.09064830112e-06, 0.000224975054152, -7.25087884348e-05, -0.000179349866812, 0.000243203132413], [-8.85401532287e-05, 0.000310498318868, -0.000386621133657, 0.00140389124863, -0.000524725299329, 0.000237697109696, -0.000199982547201, 0.000376478565158, -0.000419232819695, 0.000113143774797, -4.34087960457e-05, -8.47285191412e-05, 0.000121811164718], [5.2436353144e-05, -0.000167099671671, -8.86404886842e-05, -0.000524725299329, 0.00121508492157, -0.000688615778927, 0.000275346363196, -0.00025721124257, 0.000325501896441, -0.000407329876907, 0.000219451787416, 0.000213820167119, 1.80652405106e-05], [-1.57216436492e-06, 0.000113613954454, 2.53350526691e-06, 0.000237697109696, -0.000688615778927, 0.00192570395302, -0.00132775038946, 0.000489686965011, -0.000508410623297, 0.000101270765299, -0.000644578307401, 0.000107045518234, 8.80624793353e-06], [3.64013685612e-05, -0.000165073302924, 9.95822556433e-05, -0.000199982547201, 0.000275346363196, -0.00132775038946, 0.00219190469943, -0.000949117005803, 0.000496408087201, 0.000221388690989, 0.000257564184722, -0.000371131463908, 0.000167959893588], [-4.69398291898e-05, 5.09319761477e-05, -0.000329022819642, 0.000376478565158, -0.00025721124257, 0.000489686965011, -0.000949117005803, 0.00223124842159, -0.000525589392055, 0.000150279433001, 6.74945913488e-05, 0.000326233508531, -0.000853740843013], [2.12392624235e-05, -0.000318841921398, 5.09064830112e-06, -0.000419232819695, 0.000325501896441, -0.000508410623297, 0.000496408087201, -0.000525589392055, 0.00210712919943, -0.00101442006417, 0.00140487682074, 0.000242822148721, -1.27245266413e-06], [1.65765577549e-05, -9.40458994592e-05, 0.000224975054152, 0.000113143774797, -0.000407329876907, 0.000101270765299, 0.000221388690989, 0.000150279433001, -0.00101442006417, 0.00258253910579, -0.0015040965518, 0.000950040470343, -0.000187391357031], [7.92983701103e-06, -0.000266041606665, -7.25087884348e-05, -4.34087960457e-05, 0.000219451787416, -0.000644578307401, 0.000257564184722, 6.74945913488e-05, 0.00140487682074, -0.0015040965518, 0.00422660401091, -0.00184670335148, 0.00190797552932], [4.77428729937e-05, -9.90877888398e-05, -0.000179349866812, -8.47285191412e-05, 0.000213820167119, 0.000107045518234, -0.000371131463908, 0.000326233508531, 0.000242822148721, 0.000950040470343, -0.00184670335148, 0.00319577101618, -0.00160515529569], [2.74709655059e-05, -0.000153259708895, 0.000243203132413, 0.000121811164718, 1.80652405106e-05, 8.80624793353e-06, 0.000167959893588, -0.000853740843013, -1.27245266413e-06, -0.000187391357031, 0.00190797552932, -0.00160515529569, 0.00388305424713]]}, "spectral_contrast_coeffs": {"dmean": [0.047681350261, 0.0478628575802, 0.0611843205988, 0.0428231358528, 0.0435541495681, 0.0430458635092], "dmean2": [0.0782370641828, 0.0775019079447, 0.0948802381754, 0.0630641132593, 0.0662629529834, 0.067430511117], "dvar": [0.0023964731954, 0.00350492773578, 0.0064413077198, 0.00273673678748, 0.00252327974886, 0.00242424337193], "dvar2": [0.00576367927715, 0.00704062916338, 0.0134201869369, 0.00510901818052, 0.005356839858, 0.00554569391534], "max": [-0.353014409542, -0.270584315062, -0.276768863201, -0.240797653794, -0.378183811903, -0.342647790909], "mean": [-0.634296476841, -0.66924238205, -0.546172261238, -0.557729661465, -0.778716802597, -0.803933262825], "median": [-0.610292732716, -0.684413015842, -0.482832372189, -0.506728947163, -0.795009076595, -0.816072523594], "min": [-0.959920048714, -0.961843371391, -0.956600010395, -0.970589756966, -0.961757004261, -0.962798535824], "var": [0.0284714214504, 0.0208129025996, 0.0302411057055, 0.021896764636, 0.00901063065976, 0.0123365372419]}, "spectral_contrast_valleys": {"dmean": [0.630208492279, 0.643269479275, 0.750387609005, 0.578284800053, 0.554938495159, 0.70941400528], "dmean2": [1.03362727165, 1.07799708843, 1.2439494133, 0.923343479633, 0.823717296124, 1.13800239563], "dvar": [0.574454843998, 0.745023190975, 0.97812306881, 0.591123640537, 0.448135823011, 0.543570756912], "dvar2": [1.21828055382, 1.62231063843, 2.23354578018, 1.31214737892, 0.86260509491, 1.29811155796], "max": [-4.86221265793, -4.50285625458, -4.61872911453