{"lowlevel": {"average_loudness": 0.884193241596, "barkbands_crest": {"dmean": 1.4074088335, "dmean2": 2.30617046356, "dvar": 2.02720713615, "dvar2": 5.83556461334, "max": 21.6741065979, "mean": 13.2061395645, "median": 13.1322174072, "min": 3.80355501175, "var": 16.7058868408}, "barkbands_flatness_db": {"dmean": 0.0126445721835, "dmean2": 0.0205513760448, "dvar": 0.000138807983603, "dvar2": 0.000377318705432, "max": 0.48191088438, "mean": 0.296367794275, "median": 0.294152379036, "min": 0.0481570959091, "var": 0.00392543105409}, "barkbands_kurtosis": {"dmean": 3.09884548187, "dmean2": 4.95439147949, "dvar": 19.6395187378, "dvar2": 47.7232398987, "max": 107.424407959, "mean": 11.6037693024, "median": 6.47758769989, "min": -1.85890209675, "var": 197.427108765}, "barkbands_skewness": {"dmean": 0.375576585531, "dmean2": 0.593056440353, "dvar": 0.139202624559, "dvar2": 0.353119641542, "max": 8.9924697876, "mean": 2.39474415779, "median": 2.1067481041, "min": -2.23183679581, "var": 2.3522362709}, "barkbands_spread": {"dmean": 0.842342376709, "dmean2": 1.34480619431, "dvar": 3.13668894768, "dvar2": 6.01264047623, "max": 120.118148804, "mean": 4.95369148254, "median": 3.97931814194, "min": 0.386498034, "var": 36.9941291809}, "dissonance": {"dmean": 0.0319664627314, "dmean2": 0.0542809329927, "dvar": 0.000979205244221, "dvar2": 0.00272292550653, "max": 0.499934852123, "mean": 0.38464102149, "median": 0.39158308506, "min": 0.105918250978, "var": 0.00335048767738}, "dynamic_complexity": 3.68219232559, "erbbands_crest": {"dmean": 1.92251336575, "dmean2": 3.15156912804, "dvar": 3.24631690979, "dvar2": 9.58911418915, "max": 30.4507446289, "mean": 12.5090379715, "median": 11.1975545883, "min": 2.66661477089, "var": 31.7826690674}, "erbbands_flatness_db": {"dmean": 0.0100720738992, "dmean2": 0.0162584483624, "dvar": 0.000108497020847, "dvar2": 0.000260550063103, "max": 0.436784595251, "mean": 0.272374302149, "median": 0.26957243681, "min": 0.0420116111636, "var": 0.00257729087025}, "erbbands_kurtosis": {"dmean": 1.05452275276, "dmean2": 1.77401483059, "dvar": 2.4710829258, "dvar2": 7.4779419899, "max": 30.1319503784, "mean": 1.86017251015, "median": 0.432327985764, "min": -1.7005712986, "var": 15.6794929504}, "erbbands_skewness": {"dmean": 0.260950475931, "dmean2": 0.417580187321, "dvar": 0.064330175519, "dvar2": 0.157089605927, "max": 4.17728614807, "mean": 0.864555954933, "median": 0.763066232204, "min": -2.73849892616, "var": 0.672461628914}, "erbbands_spread": {"dmean": 2.57496809959, "dmean2": 4.12532043457, "dvar": 6.38530349731, "dvar2": 16.1925010681, "max": 132.779602051, "mean": 18.5780944824, "median": 16.9151229858, "min": 1.47705829144, "var": 125.856330872}, "hfc": {"dmean": 1.4504224062, "dmean2": 2.38260102272, "dvar": 4.1574511528, "dvar2": 10.9709920883, "max": 48.6165313721, "mean": 9.56936740875, "median": 9.23673248291, "min": 1.06957556785e-16, "var": 29.8011703491}, "melbands_crest": {"dmean": 1.70765531063, "dmean2": 2.80883431435, "dvar": 3.65640234947, "dvar2": 10.9010877609, "max": 30.7188434601, "mean": 18.6548423767, "median": 18.3121795654, "min": 1.5980900526, "var": 37.94373703}, "melbands_flatness_db": {"dmean": 0.0136093888432, "dmean2": 0.0222630817443, "dvar": 0.00018234574236, "dvar2": 0.000456385139842, "max": 0.609599113464, "mean": 0.401501834393, "median": 0.400830835104, "min": 0.00400563236326, "var": 0.00615766365081}, "melbands_kurtosis": {"dmean": 4.77887248993, "dmean2": 7.56454086304, "dvar": 53.5766983032, "dvar2": 132.337127686, "max": 212.571151733, "mean": 18.0319004059, "median": 9.60572624207, "min": -1.7841258049, "var": 539.807556152}, "melbands_skewness": {"dmean": 0.451756894588, "dmean2": 0.717478990555, "dvar": 0.196001380682, "dvar2": 0.499149262905, "max": 12.0919828415, "mean": 2.94310045242, "median": 2.59068369865, "min": -1.12519180775, "var": 3.4441215992}, "melbands_spread": {"dmean": 1.14700567722, "dmean2": 1.82896876335, "dvar": 11.0293188095, "dvar2": 19.3160495758, "max": 156.820281982, "mean": 6.72629547119, "median": 4.80584430695, "min": 0.423498928547, "var": 182.048080444}, "pitch_salience": {"dmean": 0.0478000380099, "dmean2": 0.0755088180304, "dvar": 0.00198127073236, "dvar2": 0.00519619975239, "max": 0.900963902473, "mean": 0.430722862482, "median": 0.444659650326, "min": 0.0562992095947, "var": 0.0228686984628}, "silence_rate_20dB": {"dmean": 0, "dmean2": 0, "dvar": 0, "dvar2": 0, "max": 1, "mean": 1, "median": 1, "min": 1, "var": 0}, "silence_rate_30dB": {"dmean": 0.00199800194241, "dmean2": 0.00399700226262, "dvar": 0.00199390039779, "dvar2": 0.00398120190948, "max": 1, "mean": 0.996754050255, "median": 1, "min": 0, "var": 0.00323536782525}, "silence_rate_60dB": {"dmean": 0.000499500485603, "dmean2": 0.000999250565656, "dvar": 0.000499239948113, "dvar2": 0.000998207251541, "max": 1, "mean": 0.0724094882607, "median": 0, "min": 0, "var": 0.0671666413546}, "spectral_centroid": {"dmean": 37.9676246643, "dmean2": 59.7865257263, "dvar": 46441.140625, "dvar2": 63975.4140625, "max": 11697.8837891, "mean": 466.794433594, "median": 342.09274292, "min": 179.906738281, "var": 1158479.75}, "spectral_complexity": {"dmean": 1.24875128269, "dmean2": 2.11191606522, "dvar": 1.36221575737, "dvar2": 3.45535302162, "max": 20, "mean": 10.0032463074, "median": 10, "min": 0, "var": 14.6160268784}, "spectral_decrease": {"dmean": 1.38412914463e-09, "dmean2": 2.36023955935e-09, "dvar": 2.37427326262e-18, "dvar2": 7.1020395633e-18, "max": 1.68619752752e-28, "mean": -9.31980004282e-09, "median": -8.68572325174e-09, "min": -3.10782795054e-08, "var": 3.57768221162e-17}, "spectral_energy": {"dmean": 0.00534303486347, "dmean2": 0.00910669285804, "dvar": 3.55112933903e-05, "dvar2": 0.000105946717667, "max": 0.120629183948, "mean": 0.0360429175198, "median": 0.033613294363, "min": 1.0130750765e-20, "var": 0.000528282369487}, "spectral_energyband_high": {"dmean": 9.23762058846e-07, "dmean2": 1.56164446707e-06, "dvar": 2.24507587e-12, "dvar2": 6.67368287369e-12, "max": 2.73119694612e-05, "mean": 3.96932864533e-06, "median": 2.82593282463e-06, "min": 7.10296356928e-21, "var": 1.30611736704e-11}, "spectral_energyband_low": {"dmean": 0.00195038935635, "dmean2": 0.00327598582953, "dvar": 8.65212405188e-06, "dvar2": 2.8026443033e-05, "max": 0.076328240335, "mean": 0.0112760411575, "median": 0.00592500437051, "min": 2.56489146096e-23, "var": 0.000214516374399}, "spectral_energyband_middle_high": {"dmean": 0.000372229522327, "dmean2": 0.000510377751198, "dvar": 1.055377993e-06, "dvar2": 2.29668307838e-06, "max": 0.0278486721218, "mean": 0.00141223566607, "median": 0.000977023271844, "min": 1.19861277842e-21, "var": 5.19815921507e-06}, "spectral_energyband_middle_low": {"dmean": 0.00484934868291, "dmean2": 0.00827043689787, "dvar": 2.98004561046e-05, "dvar2": 8.97469799384e-05, "max": 0.116527602077, "mean": 0.0281339548528, "median": 0.0233298875391, "min": 1.69879264808e-22, "var": 0.000431000371464}, "spectral_entropy": {"dmean": 0.105361409485, "dmean2": 0.173362374306, "dvar": 0.0108473254368, "dvar2": 0.0249248482287, "max": 9.8220872879, "mean": 5.96763467789, "median": 5.95930147171, "min": 4.1278014183, "var": 0.4208804667}, "spectral_flux": {"dmean": 0.0105345686898, "dmean2": 0.0170421488583, "dvar": 0.000181882729521, "dvar2": 0.000420925149228, "max": 0.201914951205, "mean": 0.0420023538172, "median": 0.03906885162, "min": 6.36688410327e-11, "var": 0.000529755605385}, "spectral_kurtosis": {"dmean": 10.4803342819, "dmean2": 17.7318058014, "dvar": 126.993583679, "dvar2": 329.882202148, "max": 219.294296265, "mean": 35.9262084961, "median": 28.2398777008, "min": -1.2525986433, "var": 679.05480957}, "spectral_rms": {"dmean": 0.000438767077867, "dmean2": 0.000739358947612, "dvar": 2.12371745079e-07, "dvar2": 6.09073424584e-07, "max": 0.0108483638614, "mean": 0.00549765955657, "median": 0.00572655722499, "min": 3.14382873033e-12, "var": 4.93961124448e-06}, "spectral_rolloff": {"dmean": 71.4989700317, "dmean2": 121.161621094, "dvar": 112755.3125, "dvar2": 139518.328125, "max": 19961.2792969, "mean": 634.194274902, "median": 409.130859375, "min": 150.732421875, "var": 3755134.75}, "spectral_skewness": {"dmean": 0.612184107304, "dmean2": 1.03367996216, "dvar": 0.330899626017, "dvar2": 0.877088546753, "max": 12.3641834259, "mean": 4.24992418289, "median": 3.90075159073, "min": -0.0736608803272, "var": 2.50786852837}, "spectral_spread": {"dmean": 201086.078125, "dmean2": 337670.0625, "dvar": 583967506432, "dvar2": 803212558336, "max": 42245736, "mean": 2188125.25, "median": 1611239.5, "min": 490109.15625, "var": 16573870899200.0}, "spectral_strongpeak": {"dmean": 0.226512938738, "dmean2": 0.39792239666, "dvar": 0.128373324871, "dvar2": 0.344920605421, "max": 5.55541801453, "mean": 1.03657412529, "median": 0.932034492493, "min": 0, "var": 0.529396414757}, "zerocrossingrate": {"dmean": 0.00223811832257, "dmean2": 0.00298421201296, "dvar": 5.65054942854e-05, "dvar2": 6.74245602568e-05, "max": 0.5166015625, "mean": 0.0223977845162, "median": 0.01611328125, "min": 0.005859375, "var": 0.0025921696797}, "barkbands": {"dmean": [1.46238392063e-06, 9.39054225455e-05, 0.000937070115469, 0.00259245699272, 0.00201235571876, 0.000840062624775, 0.0010065776296, 0.000337276433129, 0.000292091834126, 0.000173751817783, 0.000181035487913, 5.39727880096e-05, 6.39745776425e-05, 5.13442100782e-05, 3.76035131922e-05, 3.76036005036e-05, 8.48892523209e-06, 4.70169243272e-06, 2.42887017521e-06, 1.0082268318e-06, 4.17705365408e-07, 1.38247386872e-07, 5.77692063075e-08, 5.20066052445e-08, 3.90882384238e-08, 2.54220253737e-08, 9.08928665666e-09], "dmean2": [2.31181411436e-06, 0.000159907445777, 0.00153559225146, 0.00421159295365, 0.0034158823546, 0.00131446588784, 0.0017507027369, 0.000468508835183, 0.000386420142604, 0.000218827612116, 0.000246513198363, 8.08869444882e-05, 9.92561399471e-05, 7.82794013503e-05, 6.09101516602e-05, 6.19419952272e-05, 1.4264704987e-05, 7.82033293945e-06, 4.07548532166e-06, 1.72964109879e-06, 6.94779942023e-07, 2.27050335866e-07, 9.58294350539e-08, 8.46995504844e-08, 6.45069491156e-08, 4.28106545769e-08, 1.52075720905e-08], "dvar": [1.20583343657e-11, 3.62902952133e-08, 2.45316346081e-06, 9.58969940257e-06, 4.8406550377e-06, 2.41269162871e-06, 6.01121655563e-06, 8.94472236723e-07, 5.48509319742e-07, 3.14430025128e-07, 1.68170657844e-07, 3.02195033441e-08, 7.770898236e-08, 1.51558936068e-07, 3.68207953017e-09, 3.63841157203e-09, 2.06470590625e-10, 6.12954201284e-11, 1.40559647255e-11, 3.17713108426e-12, 4.38179250913e-13, 3.18978987646e-14, 1.20268420941e-14, 5.71074695237e-15, 2.53661973154e-15, 1.20341083662e-15, 7.80347697678e-17], "dvar2": [3.09868242176e-11, 1.00842392214e-07, 6.4731866587e-06, 2.90166117338e-05, 1.61126135936e-05, 6.47960268907e-06, 1.8222070139e-05, 1.99690521185e-06, 1.02329659057e-06, 5.262983791e-07, 1.92995358361e-07, 6.97130602134e-08, 1.95271240955e-07, 3.82261390541e-07, 8.35583247039e-09, 9.33845445417e-09, 5.77185244044e-10, 1.58353261059e-10, 3.8839355343e-11, 9.07613654372e-12, 1.29584439967e-12, 8.59639982353e-14, 3.19780890678e-14, 1.39789963866e-14, 6.79006894453e-15, 3.45374952562e-15, 2.1813174946e-16], "max": [8.19346023491e-05, 0.00235880399123, 0.0532077364624, 0.0837907195091, 0.0324938930571, 0.0259227734059, 0.0632154271007, 0.0236159674823, 0.0221427120268, 0.0172253847122, 0.0228485446423, 0.0072953030467, 0.010143995285, 0.017610412091, 0.00119064352475, 0.00112022727262, 0.000256283179624, 0.000156760972459, 5.24696661159e-05, 3.09507195198e-05, 1.39568746818e-05, 3.15325723932e-06, 3.12310862682e-06, 2.27386999541e-06, 1.0111600659e-06, 5.75758747345e-07, 1.27264144112e-07], "mean": [1.97379972633e-06, 0.00011564509623, 0.00644636014476, 0.0146251572296, 0.00630691926926, 0.00202987436205, 0.00309739564545, 0.000982717028819, 0.000952323433012, 0.000458822614746, 0.000508427794557, 0.000121564720757, 0.000110323941044, 9.36148571782e-05, 7.65179793234e-05, 7.62222989579e-05, 1.79417038453e-05, 1.03871852843e-05, 5.7482648117e-06, 2.55745362665e-06, 1.3391761513e-06, 4.9453194606e-07, 2.11401697925e-07, 2.14276965949e-07, 1.72994631953e-07, 9.93923663373e-08, 4.13824920997e-08], "median": [9.02860222141e-07, 4.58118665847e-05, 0.00126707379241, 0.00971869099885, 0.00512112630531, 0.00140816567, 0.000983485020697, 0.000446178513812, 0.000496642489452, 0.000243352507823, 0.000241717338213, 5.46431110706e-05, 4.48506179964e-05, 1.9728215193e-05, 4.49646177003e-05, 3.77420437871e-05, 1.02997191789e-05, 6.36358618067e-06, 2.9313594041e-06, 1.22101459965e-06, 8.54537745454e-07, 3.65890514331e-07, 1.37780588716e-07, 1.5136012621e-07, 1.4083859412e-07, 7.99694674924e-08, 3.93058350312e-08], "min": [1.00399126129e-24, 1.62312065693e-24, 2.41052660682e-24, 1.88639026367e-24, 1.0949329411e-23, 1.03721885176e-23, 9.05916346187e-24, 2.98531846971e-24, 2.16485883374e-23, 1.44543583198e-23, 1.70517191378e-23, 2.51375923257e-23, 3.67092225505e-23, 4.73687370867e-23, 7.28654472955e-23, 4.67443252812e-23, 1.03180513602e-22, 1.14366958824e-22, 1.38938978902e-22, 2.11638027033e-22, 2.91763525323e-22, 3.35712619805e-22, 4.15723133729e-22, 5.4147680116e-22, 1.00542369622e-21, 1.42356642412e-21, 1.98768290217e-21], "var": [1.42405236908e-11, 4.09610514396e-08, 0.000128702668007, 0.000246446172241, 2.63115362031e-05, 5.46893670617e-06, 4.71773128083e-05, 2.4957757887e-06, 1.86846546057e-06, 9.76380306383e-07, 3.06779134007e-06, 7.49910427089e-08, 8.62915214839e-08, 2.81839533045e-07, 1.10072404524e-08, 1.16245324477e-08, 5.79704562131e-10, 1.53140652936e-10, 4.90095429517e-11, 1.17648078779e-11, 2.02768335976e-12, 1.98274027947e-13, 5.84842572049e-14, 4.97684914656e-14, 1.93923128017e-14, 5.13230010587e-15, 3.32685716092e-16]}, "erbbands": {"dmean": [0.00253787916154, 0.029222311452, 0.648915410042, 4.9695982933, 10.9970312119, 4.36412191391, 3.83407235146, 9.62904834747, 17.6484355927, 8.32835388184, 3.79105901718, 7.72650003433, 4.70384597778, 7.10002470016, 5.60191011429, 2.12560129166, 2.93861198425, 2.06934928894, 2.21762514114, 2.17783904076, 1.26893973351, 0.454591870308, 0.294852793217, 0.155651792884, 0.0867884531617, 0.0454873889685, 0.0272922553122, 0.00966087449342, 0.00470445118845, 0.00439916923642, 0.00124445243273, 0.00130082934629, 0.000783925002906, 0.000535488885362, 0.000298934290186, 0.000163577773492, 3.99957716581e-05, 9.34786112339e-06, 3.03557635561e-06, 5.86390251556e-06], "dmean2": [0.00422153295949, 0.0491909347475, 1.06566810608, 8.25846862793, 18.9593334198, 6.60782051086, 5.35830783844, 14.9422073364, 31.0801639557, 12.3878555298, 5.32802963257, 10.2807569504, 5.84102582932, 8.66615581512, 8.58912467957, 3.1970512867, 4.5265750885, 3.15333127975, 3.46164321899, 3.54372811317, 2.10792613029, 0.761993587017, 0.488304138184, 0.264831900597, 0.144424647093, 0.0781485289335, 0.0463994219899, 0.0163447912782, 0.00777082704008, 0.00730399368331, 0.00209661829285, 0.00210870010778, 0.00132165011019, 0.000878343824297, 0.000498863402754, 0.000277268816717, 6.68294305797e-05, 1.56074056576e-05, 5.21628544448e-06, 9.99045823846e-06], "dvar": [3.13058844768e-05, 0.00268026068807, 1.13405275345, 39.7718391418, 176.080657959, 36.0850410461, 34.6674728394, 335.16809082, 1989.56689453, 429.569274902, 87.2134933472, 461.315704346, 159.872512817, 331.076660156, 75.0526733398, 44.3247070312, 134.4400177, 74.0143127441, 252.192047119, 8.71537780762, 3.44063186646, 0.628952383995, 0.269852697849, 0.062368132174, 0.0214328151196, 0.0061008259654, 0.00203879852779, 0.000204423660762, 3.84195627703e-05, 4.62846255687e-05, 2.75797242466e-06, 3.56705118065e-06, 1.52033442191e-06, 5.2585329513e-07, 1.93652851976e-07, 5.4160615548e-08, 2.72660205525e-09, 1.05862998923e-10, 8.38147433402e-12, 4.29278383673e-11], "dvar2": [8.43097732286e-05, 0.00740715349093, 3.02438998222, 134.745574951, 598.350585938, 87.1600494385, 81.0021057129, 879.546020508, 6356.10302734, 967.398132324, 194.822891235, 911.375793457, 270.889434814, 523.352355957, 186.490600586, 100.15423584, 331.783355713, 191.07093811, 623.52532959, 21.1733322144, 9.15229415894, 1.72320103645, 0.681720495224, 0.182605415583, 0.0590051412582, 0.0179351177067, 0.00613500503823, 0.000574064266402, 0.000106773411972, 0.000119121010357, 7.85985230323e-06, 8.96846086107e-06, 4.07827246818e-06, 1.3313041336e-06, 5.30430327217e-07, 1.56713312549e-07, 7.75796316077e-09, 2.9322805295e-10, 2.40004127683e-11, 1.27636831659e-10], "max": [0.0661246180534, 0.833755373955, 34.01927948, 116.065383911, 301.959991455, 102.215324402, 86.3525543213, 324.447998047, 1141.65930176, 630.066589355, 196.96182251, 663.742858887, 367.911529541, 821.265686035, 215.790756226, 276.990661621, 398.750427246, 300.212280273, 739.328369141, 46.4170379639, 33.5396308899, 14.0831632614, 10.4099082947, 5.07980966568, 2.99135065079, 1.53955519199, 0.943680107594, 0.23538634181, 0.106079392135, 0.163783460855, 0.0364810116589, 0.057342056185, 0.0288961511105, 0.0161222498864, 0.00658641057089, 0.00409516552463, 0.000801996153314, 0.000175255045178, 6.05251625529e-05, 0.000133417954203], "mean": [0.00445562181994, 0.109996594489, 4.45678377151, 27.9853897095, 44.3768348694, 13.6846084595, 12.3464822769, 24.811498642, 52.527885437, 27.2377262115, 12.4980964661, 25.0605354309, 14.5236701965, 21.2079391479, 12.2157287598, 5.15650177002, 5.4395108223, 3.96385240555, 4.66877889633, 4.83561706543, 2.93496823311, 1.10382854939, 0.687848865986, 0.364122211933, 0.22205016017, 0.121178627014, 0.0837920382619, 0.0331035144627, 0.0177179202437, 0.0140412580222, 0.00525940116495, 0.00487895356491, 0.00315541983582, 0.00206184643321, 0.00117655354552, 0.000550616183318, 0.000166752404766, 4.39071118308e-05, 2.32056190725e-05, 4.00901662942e-05], "median": [0.00213545979932, 0.0420052409172, 1.37321460247, 21.5010490417, 20.5826263428, 10.4820785522, 8.25438976288, 15.3751688004, 14.7899208069, 16.7883853912, 8.14480018616, 12.0153827667, 8.69880199432, 8.56757831573, 7.31410837173, 2.88601660728, 2.2529156208, 1.50983762741, 1.80120384693, 3.21986913681, 1.89927303791, 0.705286026001, 0.415504932404, 0.208451136947, 0.107820823789, 0.0630870237947, 0.052512511611, 0.0216637123376, 0.0138549879193, 0.00909159425646, 0.00393159268424, 0.00356814567931, 0.00215755612589, 0.00165812461637, 0.000910039234441, 0.000425495352829, 0.000143600234878, 4.00609387725e-05, 2.33027203649e-05, 3.74847186322e-05], "min": [8.5184936591e-23, 3.95161833955e-22, 3.55417092943e-21, 5.43841889457e-21, 1.71015795016e-20, 3.92480301615e-20, 5.23263340262e-20, 7.87607904308e-20, 1.01821215891e-19, 1.67895588966e-19, 1.98256956081e-19, 5.15631668533e-19, 5.57717635822e-19, 6.15261954399e-19, 9.36143356886e-19, 1.44598543321e-18, 1.97255155057e-18, 2.02286212299e-18, 2.7993146437e-18, 2.9846634851e-18, 3.45493530888e-18, 6.333905998e-18, 6.38802511676e-18, 9.18301422625e-18, 8.51034019877e-18, 9.65705902759e-18, 9.18400932453e-18, 1.0629864787e-17, 1.13434139444e-17, 1.14719561573e-17, 1.23674445176e-17, 1.08809306465e-17, 1.04570957083e-17, 8.33061287682e-18, 6.952739253e-18, 4.11606603091e-18, 2.38233599884e-18, 9.70978207227e-19, 2.66484170098e-19, 2.69378022697e-20], "var": [4.26249571319e-05, 0.0221603047103, 51.5021896362, 647.730651855, 2782.98974609, 157.515014648, 151.835372925, 937.573486328, 15121.6835938, 1274.28186035, 249.797485352, 1450.57922363, 505.389709473, 4356.09423828, 371.696044922, 110.812583923, 172.826477051, 121.403015137, 502.560028076, 26.3068733215, 11.6521091461, 1.94933998585, 0.681388676167, 0.193527877331, 0.0853155255318, 0.02313740924, 0.00844715349376, 0.00108768243808, 0.00024252597359, 0.000260271888692, 2.06370914384e-05, 2.32052825595e-05, 1.17914169095e-05, 3.17987746712e-06, 9.77688500825e-07, 1.95886826759e-07, 1.1090520502e-08, 5.41982236868e-10, 1.18377543878e-10, 6.30915597544e-10]}, "gfcc": {"mean": [-132.448944092, 185.347229004, -94.7256317139, -12.5840921402, -42.2843666077, -15.9677381516, -38.224773407, -11.0094051361, -22.1563148499, -17.9398040771, -24.1311950684, -15.6551408768, -8.95037555695], "cov": [[18386.5957031, 3644.24707031, -3110.42578125, -421.774475098, -31.2225418091, -470.289367676, -767.662841797, -592.038391113, -398.879455566, -502.054443359, -333.202972412, -449.039703369, 72.0200195312], [3644.24707031, 1221.64001465, -357.463623047, -293.397979736, 23.3717918396, -86.0665664673, -84.0615768433, -138.371078491, -12.3282775879, -158.238815308, -61.4222869873, -90.7136611938, 66.4592895508], [-3110.42578125, -357.463623047, 1049.97021484, 45.3311538696, -61.2990608215, 102.450035095, 164.28213501, 158.682647705, 126.891319275, 49.2411460876, 11.7376117706, 70.8040847778, -10.2755298615], [-421.774475098, -293.397979736, 45.3311538696, 206.307571411, 52.8430786133, 19.5139045715, 13.3632535934, 24.8347568512, -23.0648078918, 10.2568359375, -7.38735532761, -15.6359167099, -32.5772094727], [-31.2225418091, 23.3717918396, -61.2990608215, 52.8430786133, 186.735946655, 43.5144767761, 21.9554901123, -43.9564590454, -15.7127494812, -45.7665252686, -13.2402448654, -38.5623703003, 8.3476228714], [-470.289367676, -86.0665664673, 102.450035095, 19.5139045715, 43.5144767761, 100.501083374, 61.1674499512, 27.9085445404, 2.45748996735, 16.4576129913, 7.81528282166, 18.6048221588, -1.73594081402], [-767.662841797, -84.0615768433, 164.28213501, 13.3632535934, 21.9554901123, 61.1674499512, 123.084503174, 44.0242500305, 6.56468963623, -5.70982170105, 17.4105415344, 9.73315620422, -4.8130941391], [-592.038391113, -138.371078491, 158.682647705, 24.8347568512, -43.9564590454, 27.9085445404, 44.0242500305, 104.613983154, 42.7337036133, 37.5382957458, 9.99611759186, 32.4243240356, -1.10683834553], [-398.879455566, -12.3282775879, 126.891319275, -23.0648078918, -15.7127494812, 2.45748996735, 6.56468963623, 42.7337036133, 78.4884490967, 35.5770683289, 6.97324800491, 13.097079277, 7.42921876907], [-502.054443359, -158.238815308, 49.2411460876, 10.2568359375, -45.7665252686, 16.4576129913, -5.70982170105, 37.5382957458, 35.5770683289, 107.976272583, 56.3053855896, 40.5989189148, -12.0422782898], [-333.202972412, -61.4222869873, 11.7376117706, -7.38735532761, -13.2402448654, 7.81528282166, 17.4105415344, 9.99611759186, 6.97324800491, 56.3053855896, 82.1029205322, 36.5101356506, -7.12730550766], [-449.039703369, -90.7136611938, 70.8040847778, -15.6359167099, -38.5623703003, 18.6048221588, 9.73315620422, 32.4243240356, 13.097079277, 40.5989189148, 36.5101356506, 85.895111084, 23.3293056488], [72.0200195312, 66.4592895508, -10.2755298615, -32.5772094727, 8.3476228714, -1.73594081402, -4.8130941391, -1.10683834553, 7.42921876907, -12.0422782898, -7.12730550766, 23.3293056488, 55.8521232605]], "icov": [[0.00175885937642, -0.00567782763392, 0.00329520250671, -0.00528868660331, 0.00363023579121, -0.00298754987307, 0.00456345966086, -0.00225799670443, 0.00238345935941, 0.000149754094309, 0.00166477262974, 0.000610959483311, 0.00139518256765], [-0.00567782763392, 0.0204188767821, -0.0102962423116, 0.0194152425975, -0.0113326758146, 0.00892262440175, -0.0136937173083, 0.00780262844637, -0.00900834891945, 0.0026458571665, -0.00685760937631, 8.68209972396e-05, -0.00574211310595], [0.00329520250671, -0.0102962423116, 0.00808286201209, -0.010438516736, 0.00798484869301, -0.00675010774285, 0.00686246529222, -0.00386865250766, 0.000832962803543, 0.0019306828035, 0.0033012253698, 0.000221966853132, 0.00314662791789], [-0.00528868660331, 0.0194152425975, -0.010438516736, 0.0271132551134, -0.0159032810479, 0.0113237351179, -0.0117970220745, 0.00180851039477, -0.00133783766069, -0.00177878513932, -0.00327267544344, 0.0002675812284, -0.00137568428181], [0.00363023579121, -0.0113326758146, 0.00798484869301, -0.0159032810479, 0.0206194166094, -0.0153804467991, 0.0093264169991, 0.00247382814996, -0.00283248187043, 0.00836926884949, -0.0022922786884, 0.00624035485089, -0.00242806156166], [-0.00298754987307, 0.00892262440175, -0.00675010774285, 0.0113237351179, -0.0153804467991, 0.0282026231289, -0.0172118842602, 0.000256115599768, 0.00400886964053, -0.0124443024397, 0.00664879661053, -0.00758233573288, 0.00109457480721], [0.00456345966086, -0.0136937173083, 0.00686246529222, -0.0117970220745, 0.0093264169991, -0.0172118842602, 0.0313951931894, -0.0128845302388, 0.00773412268609, 0.0103994673118, -0.00612955307588, 0.00649995030835, 0.00302904541604], [-0.00225799670443, 0.00780262844637, -0.00386865250766, 0.00180851039477, 0.00247382814996, 0.000256115599768, -0.0128845302388, 0.0265618059784, -0.0152502488345, -0.000250107725151, 0.000449216808192, -0.00446911295876, -0.00307677872479], [0.00238345935941, -0.00900834891945, 0.000832962803543, -0.00133783766069, -0.00283248187043, 0.00400886964053, 0.00773412268609, -0.0152502488345, 0.0343651510775, -0.0153613416478, 0.00814414862543, 0.00340707041323, -0.000336130440701], [0.000149754094309, 0.0026458571665, 0.0019306828035, -0.00177878513932, 0.00836926884949, -0.0124443024397, 0.0103994673118, -0.000250107725151, -0.0153613416478, 0.0345734581351, -0.0202935375273, 0.00121456885245, 0.00163050624542], [0.00166477262974, -0.00685760937631, 0.0033012253698, -0.00327267544344, -0.0022922786884, 0.00664879661053, -0.00612955307588, 0.000449216808192, 0.00814414862543, -0.0202935375273, 0.032279022038, -0.0113865295425, 0.00815817434341], [0.000610959483311, 8.68209972396e-05, 0.000221966853132, 0.0002675812284, 0.00624035485089, -0.00758233573288, 0.00649995030835, -0.00446911295876, 0.00340707041323, 0.00121456885245, -0.0113865295425, 0.027926877141, -0.0147003438324], [0.00139518256765, -0.00574211310595, 0.00314662791789, -0.00137568428181, -0.00242806156166, 0.00109457480721, 0.00302904541604, -0.00307677872479, -0.000336130440701, 0.00163050624542, 0.00815817434341, -0.0147003438324, 0.0308891050518]]}, "melbands": {"dmean": [2.44331713475e-05, 0.000241016052314, 0.00106472999323, 0.000485702505102, 0.000167356382008, 0.000228752905969, 0.000233698810916, 9.06147397473e-05, 2.93858993246e-05, 4.94265004818e-05, 2.33998052863e-05, 2.92597324005e-05, 1.86367906281e-05, 7.82372353569e-06, 7.27159977032e-06, 6.62506818117e-06, 4.18694889959e-06, 4.10955817642e-06, 2.91046035272e-06, 3.82632924811e-06, 1.04104458387e-06, 5.62279353744e-07, 3.41086746403e-07, 1.87534112683e-07, 1.39597332804e-07, 9.22058447372e-08, 4.06059967872e-08, 3.62937413456e-08, 2.40440218846e-08, 1.12813189901e-08, 5.25193888379e-09, 2.99954594496e-09, 3.62973961998e-09, 2.0670050116e-09, 8.53730419692e-10, 8.7776552693e-10, 8.93079721287e-10, 7.19611370492e-10, 5.0531762108e-10, 5.23209364722e-10], "dmean2": [4.1364612116e-05, 0.000394202972529, 0.00178371940274, 0.000831137178466, 0.000233455750276, 0.000369154062355, 0.000409541360568, 0.000129730251501, 4.13707603002e-05, 6.51675436529e-05, 2.88689006993e-05, 3.57531789632e-05, 2.72895431408e-05, 1.18046264106e-05, 1.10066193884e-05, 1.02364592749e-05, 6.40578446109e-06, 6.40373355054e-06, 4.65223456558e-06, 6.29606302027e-06, 1.74586546109e-06, 9.50125411237e-07, 5.69417522911e-07, 3.13510327032e-07, 2.37347137499e-07, 1.54503084104e-07, 6.77251108527e-08, 6.28680538739e-08, 4.09789819855e-08, 1.88929529799e-08, 8.87359874469e-09, 5.03494979043e-09, 5.98811000785e-09, 3.4351117506e-09, 1.459169785e-09, 1.44525846846e-09, 1.45829759379e-09, 1.20826726402e-09, 8.56674620131e-10, 8.54859905086e-10], "dvar": [2.77246425817e-09, 1.63473487191e-07, 1.46488946484e-06, 3.07485237272e-07, 6.26412983706e-08, 1.77210196739e-07, 3.34007495439e-07, 5.6088282463e-08, 5.38502709091e-09, 1.94181524193e-08, 4.88063189863e-09, 5.75787906243e-09, 1.18195397913e-09, 1.50563533863e-10, 9.20688691952e-10, 1.08306219548e-09, 3.33119254403e-10, 1.31342148268e-09, 3.36655148203e-11, 3.47025914949e-11, 1.99933450871e-12, 1.04191666146e-12, 2.88286457423e-13, 8.6143101658e-14, 5.15571506115e-14, 2.7714038814e-14, 5.89721066779e-15, 4.23457308376e-15, 1.52627904381e-15, 2.80169752771e-16, 5.95566732316e-17, 1.94619749353e-17, 2.45360712119e-17, 1.53295129439e-17, 1.46989622619e-18, 1.24430670236e-18, 2.0811942794e-18, 1.53516129351e-18, 3.44439790675e-19, 5.76970833266e-19], "dvar2": [7.63374430335e-09, 4.24091723517e-07, 4.67763084089e-06, 1.0422354535e-06, 1.37741352546e-07, 5.22112429735e-07, 1.05118317606e-06, 1.23873803659e-07, 1.16487326451e-08, 3.73622341954e-08, 8.20675882807e-09, 9.39118116605e-09, 2.12293960189e-09, 3.66628172266e-10, 1.96138105757e-09, 2.70386335544e-09, 8.51673231939e-10, 3.25445825844e-09, 7.05228722642e-11, 8.80682887727e-11, 5.34484696085e-12, 2.86392437543e-12, 7.75982197335e-13, 2.23031892976e-13, 1.50208187902e-13, 7.55376867285e-14, 1.65015875584e-14, 1.2743420109e-14, 4.57030518031e-15, 7.93644989984e-16, 1.70932731064e-16, 5.54537912189e-17, 6.37926055915e-17, 3.9342450321e-17, 4.30543497008e-18, 3.46267089517e-18, 4.95482634485e-18, 4.05300715768e-18, 9.75877597995e-19, 1.39197643288e-18], "max": [0.000638756377157, 0.0132330451161, 0.0303488317877, 0.0106588248163, 0.00440963543952, 0.00628263456747, 0.0147189497948, 0.00580603582785, 0.00192514236551, 0.00432898150757, 0.00210734456778, 0.00301762344316, 0.0015625328524, 0.000247374671744, 0.0013363759499, 0.00123202276882, 0.000697895186022, 0.00168719468638, 0.00013293819211, 0.000105728795461, 2.40792414843e-05, 1.76618868863e-05, 8.1183943621e-06, 5.94217135585e-06, 4.53253733212e-06, 3.42290150002e-06, 1.29767749968e-06, 9.2889501957e-07, 7.27880490103e-07, 3.18262721066e-07, 1.06742675143e-07, 7.39087440138e-08, 7.18834698432e-08, 1.03404197205e-07, 2.42818618545e-08, 2.23666649646e-08, 4.55111965891e-08, 2.74572027337e-08, 9.59339097051e-09, 1.74078067516e-08], "mean": [2.94519795716e-05, 0.00163653295022, 0.00610885303468, 0.00183948827907, 0.000525497132912, 0.000566770730074, 0.000706539547537, 0.000275436323136, 9.22768304008e-05, 0.000161262316396, 6.7641667556e-05, 8.37551124278e-05, 4.66907695227e-05, 1.70487237483e-05, 1.43486022353e-05, 1.05487688415e-05, 7.29657176635e-06, 8.0095451267e-06, 6.16088709648e-06, 7.4036015576e-06, 2.34809022004e-06, 1.15313014248e-06, 7.60123896271e-07, 4.29626339837e-07, 2.79483629129e-07, 2.02956968565e-07, 9.69372067061e-08, 7.82101636787e-08, 6.23717966164e-08, 3.05025480429e-08, 1.48529908373e-08, 9.35651911504e-09, 1.05806341466e-08, 6.21530116263e-09, 2.82169820842e-09, 2.84649970261e-09, 2.98781421826e-09, 2.37131247971e-09, 1.7835426469e-09, 1.68969915837e-09], "median": [1.12758816613e-05, 0.000338282057783, 0.00473304186016, 0.00117955228779, 0.000325096247252, 0.000351535301888, 0.000225152762141, 0.000155892499606, 5.49148426217e-05, 6.83106845827e-05, 3.75955460186e-05, 3.2576812373e-05, 2.54700153164e-05, 1.07411342469e-05, 5.53165045858e-06, 3.49643505615e-06, 2.24270365834e-06, 2.3801289899e-06, 3.19091464007e-06, 3.65411301573e-06, 1.64395498814e-06, 6.62317916067e-07, 4.32832678143e-07, 2.80974063571e-07, 1.47439322973e-07, 8.39713791834e-08, 4.06388984686e-08, 3.85039413686e-08, 3.64239696182e-08, 1.89334592449e-08, 9.29403132233e-09, 6.67084076866e-09, 7.36963690073e-09, 3.44009887243e-09, 2.04040362384e-09, 2.27858709678e-09, 1.99063299178e-09, 1.44041101269e-09, 1.44562573023e-09, 1.30387634023e-09], "min": [9.11462018629e-25, 1.85436803294e-24, 1.20215696638e-24, 1.66162485911e-24, 2.16326407253e-24, 2.25969857111e-24, 1.78254027537e-24, 1.74474259674e-24, 1.54839590629e-24, 3.69897115116e-24, 2.14840193308e-24, 2.33685666182e-24, 2.43927171213e-24, 2.8206275841e-24, 3.96447806603e-24, 3.1706031609e-24, 3.81850527198e-24, 3.86696144751e-24, 3.85378825926e-24, 3.00378156198e-24, 3.85056300145e-24, 5.51987511286e-24, 4.50931037225e-24, 6.25274977078e-24, 6.78771342707e-24, 4.81382843104e-24, 5.30946461019e-24, 5.75030848302e-24, 3.97800071967e-24, 4.65090735486e-24, 5.23603625384e-24, 6.41231976582e-24, 5.23738205055e-24, 4.81285773769e-24, 6.84170464514e-24, 5.67464528373e-24, 6.50453681678e-24, 6.01043694424e-24, 6.88129362967e-24, 6.32055276001e-24], "var": [3.13196579782e-09, 8.11145400803e-06, 3.21783481922e-05, 3.31831415679e-06, 3.33729900603e-07, 4.95829340252e-07, 2.51475762525e-06, 1.63118173191e-07, 1.67905476189e-08, 6.61360388676e-08, 1.50592107673e-08, 6.29235188399e-08, 1.46398235756e-08, 3.75152381382e-10, 2.39060615748e-09, 1.15619702701e-09, 5.87922155404e-10, 2.5875699361e-09, 1.14227037551e-10, 1.04664651945e-10, 6.1692066386e-12, 2.84888258817e-12, 8.03160706345e-13, 2.34787964895e-13, 1.3706561114e-13, 9.08097246488e-14, 1.98309471194e-14, 1.01963335914e-14, 5.15719736881e-15, 1.06661766262e-15, 2.43639842264e-16, 8.71144865064e-17, 1.05465164141e-16, 7.71237461284e-17, 6.75485200788e-18, 5.73129003251e-18, 1.22989001962e-17, 9.59379459998e-18, 1.95788481112e-18, 2.69062559276e-18]}, "mfcc": {"mean": [-781.855163574, 226.343231201, -1.71346998215, 11.5643606186, 3.09820246696, -7.48665142059, -12.0292711258, -7.4440870285, -1.94229185581, -10.2969083786, -16.0306167603, -11.4122581482, -7.34072685242], "cov": [[6946.70166016, 2673.40722656, -1554.50646973, -103.597755432, -89.998374939, -89.9267959595, -165.211456299, -248.453033447, -220.973587036, -222.735687256, -337.320861816, -256.651855469, -174.867675781], [2673.40722656, 1993.28417969, -195.808151245, -197.255554199, 4.12520503998, -68.1071548462, -111.732063293, -43.6334953308, 30.4006576538, -111.155799866, -174.650314331, -119.635246277, -51.7156028748], [-1554.50646973, -195.808151245, 715.286743164, 17.8861351013, 35.2021827698, -16.1910190582, -1.01359736919, 81.8450775146, 115.983963013, 60.6005439758, 76.6156997681, 65.3538208008, 46.601108551], [-103.597755432, -197.255554199, 17.8861351013, 135.753768921, 31.3421421051, 8.59242153168, 15.7207555771, 3.10440063477, -6.08328914642, 7.70042228699, 13.8166007996, 9.33778572083, -16.9387950897], [-89.998374939, 4.12520503998, 35.2021827698, 31.3421421051, 96.0916061401, 36.8292350769, 5.37886810303, 10.1145839691, 22.3168125153, 1.64530432224, -1.09251022339, -1.59287583828, -4.90627908707], [-89.9267959595, -68.1071548462, -16.1910190582, 8.59242153168, 36.8292350769, 85.6637954712, 48.6196403503, 12.2976236343, 1.7775888443, 4.80254650116, 10.1108169556, -1.84741449356, -2.11108255386], [-165.211456299, -111.732063293, -1.01359736919, 15.7207555771, 5.37886810303, 48.6196403503, 100.469795227, 40.3442649841, -1.26175701618, 15.9861631393, 13.443154335, 17.0863056183, 3.03141760826], [-248.453033447, -43.6334953308, 81.8450775146, 3.10440063477, 10.1145839691, 12.2976236343, 40.3442649841, 80.3028793335, 48.2162132263, 7.92291593552, 1.43778645992, 3.36633086205, 12.0487279892], [-220.973587036, 30.4006576538, 115.983963013, -6.08328914642, 22.3168125153, 1.7775888443, -1.26175701618, 48.2162132263, 88.6654129028, 23.3737201691, -5.37311029434, -3.71347165108, 8.51825809479], [-222.735687256, -111.155799866, 60.6005439758, 7.70042228699, 1.64530432224, 4.80254650116, 15.9861631393, 7.92291593552, 23.3737201691, 81.8694763184, 46.4228935242, 14.3810148239, 6.28505802155], [-337.320861816, -174.650314331, 76.6156997681, 13.8166007996, -1.09251022339, 10.1108169556, 13.443154335, 1.43778645992, -5.37311029434, 46.4228935242, 84.5594406128, 40.6681022644, 14.0150165558], [-256.651855469, -119.635246277, 65.3538208008, 9.33778572083, -1.59287583828, -1.84741449356, 17.0863056183, 3.36633086205, -3.71347165108, 14.3810148239, 40.6681022644, 79.1751861572, 38.9157600403], [-174.867675781, -51.7156028748, 46.601108551, -16.9387950897, -4.90627908707, -2.11108255386, 3.03141760826, 12.0487279892, 8.51825809479, 6.28505802155, 14.0150165558, 38.9157600403, 94.8680801392]], "icov": [[0.00156308943406, -0.00207635574043, 0.00273714167997, -0.00250235456042, 0.0012667918345, -0.000327698740875, 0.000886038062163, 8.01162386779e-05, 0.000804247625638, -0.00102862389758, 0.000529589306097, -0.000260014378, 2.06513414014e-06], [-0.00207635574043, 0.00353504694067, -0.00354698789306, 0.0044049625285, -0.00224219518714, 0.00103890884202, -0.00117196503561, 0.000354636722477, -0.00157976138871, 0.00180611433461, 8.69047580636e-05, 0.000657738943119, 0.000267750321655], [0.00273714167997, -0.00354698789306, 0.00706023955718, -0.00440654717386, 0.00170122168493, 0.00028950930573, 0.00195890245959, -0.000745877099689, -0.00126504199579, -0.00132280541584, -0.00107825221494, -0.00136246578768, -9.72315392573e-05], [-0.00250235456042, 0.0044049625285, -0.00440654717386, 0.0143242944032, -0.0064627234824, 0.0030500611756, -0.00289862276986, 1.05209937828e-05, -0.000233686980209, 0.00182927423157, -0.000549910473637, -0.000176576388185, 0.00238935928792], [0.0012667918345, -0.00224219518714, 0.00170122168493, -0.0064627234824, 0.0172274075449, -0.00961934868246, 0.00464772433043, -0.000280095409835, -0.00244756788015, -0.000906424946152, 0.00173796003219, -0.00187004345935, 0.00047727645142], [-0.000327698740875, 0.00103890884202, 0.00028950930573, 0.0030500611756, -0.00961934868246, 0.0239024180919, -0.0141905555502, 0.00583647144958, -0.004036414437, 0.00477082468569, -0.00623516505584, 0.00589178083465, -0.00133808841929], [0.000886038062163, -0.00117196503561, 0.00195890245959, -0.00289862276986, 0.00464772433043, -0.0141905555502, 0.0258440077305, -0.0168509613723, 0.0105471871793, -0.00851194933057, 0.00641537131742, -0.00781942997128, 0.00263018440455], [8.01162386779e-05, 0.000354636722477, -0.000745877099689, 1.05209937828e-05, -0.000280095409835, 0.00583647144958, -0.0168509613723, 0.0318882986903, -0.0185370314866, 0.00835089944303, -0.00465988134965, 0.00534162204713, -0.00307843089104], [0.000804247625638, -0.00157976138871, -0.00126504199579, -0.000233686980209, -0.00244756788015, -0.004036414437, 0.0105471871793, -0.0185370314866, 0.030346384272, -0.0131383696571, 0.0102584697306, -0.00202696514316, 0.000463411939563], [-0.00102862389758, 0.00180611433461, -0.00132280541584, 0.00182927423157, -0.000906424946152, 0.00477082468569, -0.00851194933057, 0.00835089944303, -0.0131383696571, 0.025169050321, -0.0158820860088, 0.00529680447653, -0.00097865681164], [0.000529589306097, 8.69047580636e-05, -0.00107825221494, -0.000549910473637, 0.00173796003219, -0.00623516505584, 0.00641537131742, -0.00465988134965, 0.0102584697306, -0.0158820860088, 0.029480593279, -0.0113677568734, 0.00223201187328], [-0.000260014378, 0.000657738943119, -0.00136246578768, -0.000176576388185, -0.00187004345935, 0.00589178083465, -0.00781942997128, 0.00534162204713, -0.00202696514316, 0.00529680447653, -0.0113677568734, 0.0243818983436, -0.00836835056543], [2.06513414014e-06, 0.000267750321655, -9.72315392573e-05, 0.00238935928792, 0.00047727645142, -0.00133808841929, 0.00263018440455, -0.00307843089104, 0.000463411939563, -0.00097865681164, 0.00223201187328, -0.00836835056543, 0.0145932044834]]}, "spectral_contrast_coeffs": {"dmean": [0.0372489728034, 0.03482343629, 0.0255065504462, 0.0226972829551, 0.0160497128963, 0.00973751302809], "dmean2": [0.0631749331951, 0.0579440034926, 0.0402829758823, 0.0373356044292, 0.0271519124508, 0.0165571123362], "dvar": [0.000932418741286, 0.000955888885073, 0.000467799312901, 0.00032723302138, 0.00015517634165, 5.79981606279e-05], "dvar2": [0.00260883197188, 0.00257793394849, 0.00113720004447, 0.000846928742249, 0.000430471933214, 0.0001576054201], "max": [-0.203074932098, -0.390972465277, -0.476124674082, -0.576285123825, -0.700840234756, -0.745422720909], "mean": [-0.441406100988, -0.654057621956, -0.697966396809, -0.742181181908, -0.786892533302, -0.817249894142], "median": [-0.42706745863, -0.653919458389, -0.698599457741, -0.735590457916, -0.778481245041, -0.813139081001], "min": [-0.981002092361, -0.976240694523, -0.975263774395, -0.971087574959, -0.964981436729, -0.965094566345], "var": [0.0135644581169, 0.00734644895419, 0.00475821457803, 0.0036432610359, 0.00188185961451, 0.000972179695964]}, "spectral_contrast_valleys": {"dmean": [0.399682283401, 0.259399682283, 0.234389334917, 0.193028435111, 0.136762678623, 0.104603864253], "dmean2": [0.671219468117, 0.407875031233, 0.375032544136, 0.318499922752, 0.222861751914, 0.1685