{"lowlevel": {"average_loudness": 0.962795913219, "barkbands_crest": {"dmean": 2.55771565437, "dmean2": 4.00555753708, "dvar": 5.77927398682, "dvar2": 12.9390726089, "max": 25.4768848419, "mean": 11.694890976, "median": 10.9030637741, "min": 3.36234903336, "var": 14.8258085251}, "barkbands_flatness_db": {"dmean": 0.0366565100849, "dmean2": 0.0560374073684, "dvar": 0.00164806121029, "dvar2": 0.00352067360654, "max": 0.572132945061, "mean": 0.232864245772, "median": 0.226500988007, "min": 0.0355850085616, "var": 0.00641033798456}, "barkbands_kurtosis": {"dmean": 3.69269895554, "dmean2": 5.80699491501, "dvar": 29.0447216034, "dvar2": 66.5696105957, "max": 87.4386978149, "mean": 6.63344526291, "median": 4.01900100708, "min": -1.93608736992, "var": 74.8599777222}, "barkbands_skewness": {"dmean": 0.545126616955, "dmean2": 0.838176965714, "dvar": 0.328018933535, "dvar2": 0.647796332836, "max": 6.7858080864, "mean": 1.68038237095, "median": 1.5243871212, "min": -8.24759197235, "var": 1.33601498604}, "barkbands_spread": {"dmean": 4.01787042618, "dmean2": 6.60044813156, "dvar": 44.4023971558, "dvar2": 112.329627991, "max": 148.177474976, "mean": 10.9500102997, "median": 8.28824138641, "min": 0.689378559589, "var": 183.073654175}, "dissonance": {"dmean": 0.0379028916359, "dmean2": 0.0618143230677, "dvar": 0.00106754398439, "dvar2": 0.00273864297196, "max": 0.4998075068, "mean": 0.397838652134, "median": 0.406066983938, "min": 0.133943840861, "var": 0.00349767645821}, "dynamic_complexity": 4.22106218338, "erbbands_crest": {"dmean": 3.07833313942, "dmean2": 4.8317065239, "dvar": 8.47000026703, "dvar2": 20.2618999481, "max": 32.7030296326, "mean": 12.2874040604, "median": 11.3408765793, "min": 3.05666851997, "var": 25.0331821442}, "erbbands_flatness_db": {"dmean": 0.0311006307602, "dmean2": 0.0477213561535, "dvar": 0.00121702393517, "dvar2": 0.00265357154422, "max": 0.507663547993, "mean": 0.224576950073, "median": 0.226778462529, "min": 0.0535817965865, "var": 0.00475002638996}, "erbbands_kurtosis": {"dmean": 1.67134225368, "dmean2": 2.67081904411, "dvar": 8.45518493652, "dvar2": 21.1776447296, "max": 54.8588562012, "mean": 1.63698709011, "median": 0.300022125244, "min": -1.77697110176, "var": 17.8180141449}, "erbbands_skewness": {"dmean": 0.496320158243, "dmean2": 0.757661819458, "dvar": 0.230065271258, "dvar2": 0.494958072901, "max": 6.1518573761, "mean": 0.732043087482, "median": 0.681320309639, "min": -4.23496770859, "var": 0.941097855568}, "erbbands_spread": {"dmean": 6.57023906708, "dmean2": 10.8708295822, "dvar": 93.8050765991, "dvar2": 236.821716309, "max": 121.139678955, "mean": 22.7943592072, "median": 20.0326099396, "min": 1.94471383095, "var": 191.299560547}, "hfc": {"dmean": 5.19573259354, "dmean2": 7.08838605881, "dvar": 54.4922370911, "dvar2": 111.819313049, "max": 85.7546691895, "mean": 10.9878406525, "median": 7.8690662384, "min": 1.20821878092e-16, "var": 115.01625061}, "melbands_crest": {"dmean": 2.85143876076, "dmean2": 4.49915647507, "dvar": 7.35398864746, "dvar2": 17.0643882751, "max": 32.3825073242, "mean": 13.6008796692, "median": 12.9370012283, "min": 2.12604355812, "var": 18.5890216827}, "melbands_flatness_db": {"dmean": 0.0407507829368, "dmean2": 0.0627358257771, "dvar": 0.00210499903187, "dvar2": 0.00450349692255, "max": 0.759036242962, "mean": 0.32469201088, "median": 0.314064502716, "min": 0.00776004139334, "var": 0.00965270679444}, "melbands_kurtosis": {"dmean": 4.81543159485, "dmean2": 7.46700191498, "dvar": 42.407169342, "dvar2": 90.7294540405, "max": 84.3993606567, "mean": 9.57552623749, "median": 6.34055137634, "min": -1.83681929111, "var": 103.954521179}, "melbands_skewness": {"dmean": 0.58561193943, "dmean2": 0.895800411701, "dvar": 0.346183806658, "dvar2": 0.732554256916, "max": 8.76328086853, "mean": 2.08915901184, "median": 1.90771269798, "min": -0.769408345222, "var": 1.23937380314}, "melbands_spread": {"dmean": 3.43961167336, "dmean2": 5.3615193367, "dvar": 23.037530899, "dvar2": 50.4535713196, "max": 136.495727539, "mean": 10.7288780212, "median": 9.2891254425, "min": 0.754846572876, "var": 79.2116699219}, "pitch_salience": {"dmean": 0.0731346234679, "dmean2": 0.113260962069, "dvar": 0.00481650512666, "dvar2": 0.0113725503907, "max": 0.971983194351, "mean": 0.522894859314, "median": 0.51974517107, "min": 0.166312292218, "var": 0.0130255036056}, "silence_rate_20dB": {"dmean": 0, "dmean2": 0, "dvar": 0, "dvar2": 0, "max": 1, "mean": 1, "median": 1, "min": 1, "var": 0}, "silence_rate_30dB": {"dmean": 0.010966415517, "dmean2": 0.0219403505325, "dvar": 0.010846064426, "dvar2": 0.0276290848851, "max": 1, "mean": 0.992120563984, "median": 1, "min": 0, "var": 0.00781756825745}, "silence_rate_60dB": {"dmean": 0.0171350240707, "dmean2": 0.0342817977071, "dvar": 0.0168415289372, "dvar2": 0.0365344285965, "max": 1, "mean": 0.0856457725167, "median": 0, "min": 0, "var": 0.0783093124628}, "spectral_centroid": {"dmean": 133.368667603, "dmean2": 214.405517578, "dvar": 65840.15625, "dvar2": 134435.109375, "max": 11346.3574219, "mean": 575.163757324, "median": 502.448822021, "min": 142.138366699, "var": 159892.453125}, "spectral_complexity": {"dmean": 2.13776564598, "dmean2": 3.2492287159, "dvar": 8.41370487213, "dvar2": 17.4714756012, "max": 39, "mean": 9.97601890564, "median": 10, "min": 0, "var": 22.7113208771}, "spectral_decrease": {"dmean": 2.69785060958e-09, "dmean2": 3.51377993368e-09, "dvar": 1.27477052355e-17, "dvar2": 2.28577862691e-17, "max": 2.63771750778e-16, "mean": -6.55887388845e-09, "median": -4.92361618143e-09, "min": -4.66408778266e-08, "var": 3.45716298898e-17}, "spectral_energy": {"dmean": 0.0105601297691, "dmean2": 0.0137087469921, "dvar": 0.00019380064623, "dvar2": 0.000345369102433, "max": 0.181902572513, "mean": 0.0257513187826, "median": 0.0192786864936, "min": 1.1106642942e-20, "var": 0.000530741177499}, "spectral_energyband_high": {"dmean": 0.000194504187675, "dmean2": 0.000340748840244, "dvar": 2.63095927266e-07, "dvar2": 7.13097449534e-07, "max": 0.0032128454186, "mean": 0.000143360884977, "median": 2.00040467462e-05, "min": 8.08131063099e-21, "var": 1.81561205181e-07}, "spectral_energyband_low": {"dmean": 0.00387185299769, "dmean2": 0.00549403904006, "dvar": 3.55479969585e-05, "dvar2": 7.14255002094e-05, "max": 0.0558577775955, "mean": 0.00636042607948, "median": 0.00302720931359, "min": 7.1642788623e-23, "var": 6.79840086377e-05}, "spectral_energyband_middle_high": {"dmean": 0.00143254513387, "dmean2": 0.00191776175052, "dvar": 4.3939776333e-06, "dvar2": 7.65071581554e-06, "max": 0.0243062712252, "mean": 0.00274893362075, "median": 0.00152977847029, "min": 1.85580878483e-21, "var": 1.0794589798e-05}, "spectral_energyband_middle_low": {"dmean": 0.00718001183122, "dmean2": 0.00964452046901, "dvar": 0.000120285214507, "dvar2": 0.000232656646403, "max": 0.158658921719, "mean": 0.0168844442815, "median": 0.0115962484851, "min": 1.82162965062e-22, "var": 0.000296464306302}, "spectral_entropy": {"dmean": 0.353586912155, "dmean2": 0.544665157795, "dvar": 0.174113705754, "dvar2": 0.377008616924, "max": 9.79315757751, "mean": 6.52103328705, "median": 6.45889902115, "min": 4.46643686295, "var": 0.545506775379}, "spectral_flux": {"dmean": 0.0273768212646, "dmean2": 0.0421737395227, "dvar": 0.000762758892961, "dvar2": 0.00167885411065, "max": 0.32225099206, "mean": 0.0652946829796, "median": 0.0567416958511, "min": 1.0538805939e-10, "var": 0.00185907655396}, "spectral_kurtosis": {"dmean": 8.46259784698, "dmean2": 13.5895528793, "dvar": 137.229385376, "dvar2": 346.36505127, "max": 319.572814941, "mean": 24.1642150879, "median": 14.4706726074, "min": -1.21418702602, "var": 1174.02099609}, "spectral_rms": {"dmean": 0.000943771272432, "dmean2": 0.00118692032993, "dvar": 1.01044042822e-06, "dvar2": 1.65421329257e-06, "max": 0.0133216334507, "mean": 0.00450615724549, "median": 0.00433687400073, "min": 3.29176985149e-12, "var": 4.81778670292e-06}, "spectral_rolloff": {"dmean": 218.534866333, "dmean2": 384.779998779, "dvar": 492324.9375, "dvar2": 959830.8125, "max": 19789.0136719, "mean": 908.689819336, "median": 516.796875, "min": 107.666015625, "var": 5087676}, "spectral_skewness": {"dmean": 0.664586603642, "dmean2": 1.06021499634, "dvar": 0.494130343199, "dvar2": 1.21115899086, "max": 13.4382896423, "mean": 3.34603357315, "median": 2.99773931503, "min": 0.00277435197495, "var": 3.09375476837}, "spectral_spread": {"dmean": 922972.3125, "dmean2": 1451843.375, "dvar": 1551982264320.0, "dvar2": 3262161354750.0, "max": 41211216, "mean": 3393271.25, "median": 2761495.75, "min": 337645.21875, "var": 5838930968580.0}, "spectral_strongpeak": {"dmean": 0.452506065369, "dmean2": 0.72975975275, "dvar": 0.395521312952, "dvar2": 0.956200003624, "max": 6.24943685532, "mean": 0.913294255733, "median": 0.642008841038, "min": 0, "var": 0.654931902885}, "zerocrossingrate": {"dmean": 0.00682840729132, "dmean2": 0.00899294577539, "dvar": 0.000145298137795, "dvar2": 0.000149405896082, "max": 0.76806640625, "mean": 0.0370203852654, "median": 0.02734375, "min": 0.0029296875, "var": 0.00409912271425}, "barkbands": {"dmean": [1.93061914615e-05, 0.00351932365447, 0.000585941772442, 0.000309174181893, 0.00271453056484, 0.00285214441828, 0.00208669248968, 0.0009169455152, 0.000124418758787, 0.000187248297152, 0.000288565264782, 0.000719305244274, 0.000253539561527, 0.000178977672476, 4.72246865684e-05, 6.02811524004e-05, 3.13806958729e-05, 3.95547285734e-05, 2.88218107016e-05, 2.29369488807e-05, 2.27611235459e-05, 3.9611099055e-05, 3.30521688738e-05, 4.501960575e-05, 2.75259480986e-05, 1.95209668163e-05, 4.34498269897e-06], "dmean2": [3.46566848748e-05, 0.00492892507464, 0.000998752308078, 0.000468763959361, 0.00386696890928, 0.00392171554267, 0.00304889539257, 0.00129015673883, 0.000166199650266, 0.000268178759143, 0.00038734060945, 0.00102347298525, 0.000392410467612, 0.000267351832008, 6.8027395173e-05, 9.7257689049e-05, 4.80011876789e-05, 6.83367834426e-05, 4.92435319757e-05, 4.01111174142e-05, 3.83736878575e-05, 7.04094709363e-05, 5.79104162171e-05, 8.20400891826e-05, 5.07307704538e-05, 3.62596365449e-05, 7.78695812187e-06], "dvar": [8.7388390968e-10, 3.0912051443e-05, 7.19525417026e-07, 4.29616022757e-07, 2.4635633963e-05, 2.18810473598e-05, 2.10215275729e-05, 3.94331300413e-06, 5.3809316114e-08, 1.61464058124e-07, 5.35532876711e-07, 3.06344554701e-06, 3.43547071679e-07, 1.55079078468e-07, 7.50618500689e-09, 1.30911699259e-08, 4.52280612961e-09, 1.20644436663e-08, 3.97236421534e-09, 3.80959397361e-09, 3.12270809211e-09, 8.30757063142e-09, 9.04334118701e-09, 1.9717738553e-08, 7.48826156638e-09, 3.47648154708e-09, 1.43392797636e-10], "dvar2": [2.45918130304e-09, 5.95649726165e-05, 1.97269059754e-06, 9.13346241305e-07, 4.86110366182e-05, 4.05942701036e-05, 5.02539696754e-05, 7.40275663702e-06, 8.68688374567e-08, 3.2224730262e-07, 7.39114796033e-07, 5.37839969184e-06, 6.6255472575e-07, 3.47866745187e-07, 1.70184275561e-08, 3.04637950421e-08, 9.33055144259e-09, 3.36105827614e-08, 1.05826991614e-08, 9.65078239545e-09, 7.8817290472e-09, 2.18619575776e-08, 2.48723104335e-08, 5.54322276969e-08, 2.11047410659e-08, 9.83428005696e-09, 3.99046684585e-10], "max": [0.000305985391606, 0.0515865683556, 0.00940478406847, 0.0115363113582, 0.067334368825, 0.0781442523003, 0.0942202657461, 0.0412033088505, 0.00554136093706, 0.00984934810549, 0.010932170786, 0.0181136988103, 0.00688512157649, 0.00447005359456, 0.00127393181901, 0.00155771325808, 0.00112418329809, 0.00109767727554, 0.000697077077348, 0.000629274116363, 0.000513356353622, 0.000836848514155, 0.000673014845233, 0.000907815236133, 0.00074163149111, 0.000501411384903, 0.000103002945252], "mean": [1.94886160898e-05, 0.005049362313, 0.000973575457465, 0.000837261381093, 0.00576478522271, 0.00551008898765, 0.00293665169738, 0.00137060391717, 0.000313547934638, 0.000328666559653, 0.000487652170705, 0.00109087408055, 0.000391746754758, 0.000246480689384, 6.81861347402e-05, 9.61258920142e-05, 4.79691407236e-05, 3.60758313036e-05, 2.71508451988e-05, 1.83261327038e-05, 1.80346341949e-05, 2.96786238323e-05, 2.41064644797e-05, 2.95537902275e-05, 1.71856390807e-05, 1.19304868349e-05, 6.21555545877e-06], "median": [8.99173119251e-06, 0.00172383501194, 0.000646196422167, 0.000285852205707, 0.0025975718163, 0.00283220410347, 0.000819715321995, 0.000376698910259, 5.92856522417e-05, 0.000103844562545, 8.75012337929e-05, 0.00015588158567, 7.12719484e-05, 6.11564973951e-05, 2.33129467233e-05, 2.357959238e-05, 1.66094123415e-05, 1.11520776045e-05, 7.29044177206e-06, 3.16504520015e-06, 2.71529484053e-06, 3.0166754641e-06, 2.39373503064e-06, 1.71903036517e-06, 7.12307667072e-07, 3.45135134694e-07, 2.15979071072e-07], "min": [6.34104066101e-24, 1.34382455204e-23, 3.96740931539e-23, 1.41581820706e-23, 1.98463014931e-23, 2.14268095602e-23, 5.30504604249e-23, 2.66192845205e-23, 3.13979356716e-23, 1.31672875767e-22, 5.84543343305e-23, 4.60334795641e-23, 8.30306647439e-23, 2.237400116e-22, 2.23197174323e-22, 1.42900486907e-22, 1.58791982557e-22, 2.35562171427e-22, 4.56420429964e-22, 2.41315832568e-22, 3.77104441803e-22, 5.20539801647e-22, 8.82897971885e-22, 9.90559890694e-22, 1.10408962197e-21, 1.84219928076e-21, 2.40580311282e-21], "var": [8.62505844523e-10, 5.83381442993e-05, 1.09150494154e-06, 2.14003739529e-06, 6.73214453855e-05, 5.35780163773e-05, 3.0900042475e-05, 8.27215444588e-06, 3.40456494996e-07, 3.90208953149e-07, 1.59447768056e-06, 6.06633875577e-06, 7.01408964687e-07, 2.34711620806e-07, 1.25469741263e-08, 2.83235053189e-08, 9.9306474155e-09, 8.35524094356e-09, 3.28650950898e-09, 3.08940828475e-09, 2.606719951e-09, 6.15778450452e-09, 6.03136829369e-09, 1.20317480423e-08, 4.48922854446e-09, 2.05769334904e-09, 1.39857805892e-10]}, "erbbands": {"dmean": [0.0627269819379, 0.9123057127, 1.01316320896, 0.771476328373, 2.20273280144, 8.92168998718, 24.1389923096, 21.9454975128, 30.9648838043, 30.8429737091, 8.98304367065, 3.32884192467, 4.9005818367, 5.68960285187, 15.1298742294, 34.7133102417, 11.715886116, 8.62436294556, 4.47758054733, 2.48610329628, 3.28025698662, 1.64541828632, 1.93708479404, 1.82786095142, 1.41300010681, 1.07342672348, 0.913047730923, 0.909278810024, 1.50059568882, 1.34760785103, 0.920255601406, 0.866600751877, 0.655254542828, 0.384358912706, 0.17551022768, 0.066463522613, 0.0412333980203, 0.00861277710646, 0.000791268947069, 4.6552526328e-05], "dmean2": [0.0789918452501, 1.30281555653, 1.68686211109, 1.20363032818, 2.67508816719, 12.4962854385, 36.3624153137, 29.8405227661, 41.8726844788, 46.3261909485, 13.0346736908, 4.34592533112, 7.14386034012, 8.60511207581, 19.6700725555, 48.8113708496, 17.4193992615, 13.1612234116, 6.49661016464, 3.58211135864, 5.29193162918, 2.5258910656, 3.26864266396, 3.17814826965, 2.41480183601, 1.86783266068, 1.53593063354, 1.57750284672, 2.66222381592, 2.34977650642, 1.62773418427, 1.58170068264, 1.17934238911, 0.716111183167, 0.321523010731, 0.121627919376, 0.0767519101501, 0.0161088593304, 0.0014368762495, 7.48568563722e-05], "dvar": [0.00849398877472, 2.12295627594, 2.45325446129, 1.62432920933, 17.6218700409, 296.499389648, 1927.24487305, 1358.14758301, 4403.78222656, 3251.84472656, 287.526489258, 37.4000587463, 111.345100403, 127.397949219, 1251.78466797, 6938.18652344, 573.730712891, 417.0340271, 72.6947250366, 16.1612586975, 39.203125, 11.3891363144, 28.5936107635, 22.7814865112, 12.1350564957, 7.50728178024, 5.55650997162, 4.74621486664, 12.7511081696, 10.9159879684, 8.08381080627, 7.40993213654, 3.75094270706, 1.61965966225, 0.268893659115, 0.0399776473641, 0.0175920464098, 0.000723821809515, 5.0232747526e-06, 9.05516905902e-09], "dvar2": [0.0150448419154, 4.18481016159, 6.39916753769, 3.75714635849, 25.8236999512, 519.630249023, 4322.11914062, 2606.81933594, 9530.33984375, 7410.22949219, 604.650634766, 58.0288200378, 223.249984741, 279.711395264, 1753.4473877, 11961.8125, 1086.34533691, 999.122070312, 152.64302063, 31.6710586548, 94.0140838623, 25.0117816925, 78.4784011841, 63.3084945679, 31.7677192688, 18.8915481567, 13.7465419769, 12.2562589645, 34.5883216858, 29.1082935333, 22.4427642822, 20.8402423859, 10.3718299866, 4.61386394501, 0.753062069416, 0.112441852689, 0.0498849898577, 0.00205937237479, 1.41513201015e-05, 2.31116565885e-08], "max": [0.977497518063, 12.9909934998, 15.1173591614, 20.6061706543, 88.237411499, 283.961181641, 655.434997559, 499.47769165, 1506.51379395, 919.571105957, 262.97744751, 158.157958984, 233.705459595, 148.678314209, 536.626525879, 876.665283203, 287.607574463, 229.831420898, 94.4769058228, 52.6271972656, 80.8410720825, 43.9238700867, 52.2108459473, 41.0836868286, 42.4716148376, 25.8599452972, 27.0363349915, 15.6578302383, 36.9287643433, 23.1022186279, 22.6095676422, 16.8517341614, 13.7742033005, 10.4889621735, 3.83911800385, 1.37078845501, 1.28038668633, 0.228649318218, 0.0171772353351, 0.00130261760205], "mean": [0.0908330902457, 1.30464470387, 1.56206977367, 2.02297353745, 7.37720727921, 18.7870197296, 41.9495544434, 42.0836601257, 51.6165809631, 43.0310897827, 14.3857069016, 8.90836811066, 9.54497432709, 9.93251609802, 26.5537509918, 53.3512077332, 19.5631160736, 11.7180099487, 6.82899284363, 3.91541814804, 5.45191669464, 2.52506136894, 1.8425797224, 1.69083929062, 1.30373990536, 0.886910617352, 0.74754011631, 0.709987223148, 1.08671629429, 1.00257158279, 0.647040903568, 0.567036569118, 0.445563793182, 0.235829144716, 0.110939487815, 0.0419768802822, 0.0250433683395, 0.0055006025359, 0.000991183100268, 0.000119682677905], "median": [0.0306814201176, 0.447558999062, 0.969327330589, 1.09029603004, 2.86424875259, 7.08950805664, 21.4618988037, 21.350692749, 17.7957992554, 14.6614131927, 6.22280454636, 2.19555211067, 3.77589464188, 3.1915500164, 7.99192762375, 11.3503761292, 7.01413440704, 3.86375331879, 2.5958507061, 1.67976379395, 1.86129367352, 0.997595489025, 0.601670742035, 0.514232933521, 0.309672296047, 0.171231940389, 0.124349303544, 0.0970826074481, 0.110873878002, 0.104452379048, 0.0562187619507, 0.0341118723154, 0.025496583432, 0.00947853177786, 0.00502151902765, 0.00144834490493, 0.000570279080421, 0.000549453485291, 5.38722160854e-05, 3.95829883928e-05], "min": [9.29742728626e-22, 1.56833777355e-21, 2.92803777644e-20, 6.79950541454e-20, 5.03069664311e-20, 3.73303702388e-20, 1.48260311627e-19, 2.41393714168e-19, 6.53985897788e-19, 4.78223769498e-19, 1.03678890356e-18, 5.89273180324e-19, 2.00528391459e-18, 4.53640571739e-18, 2.4726655693e-18, 1.74316816285e-18, 4.55590484597e-18, 7.76760645495e-18, 1.35165224655e-17, 1.3024354137e-17, 6.56221446451e-18, 9.16471533674e-18, 1.56139191452e-17, 1.55585096247e-17, 2.13631056438e-17, 1.08660074811e-17, 1.46446950779e-17, 1.54391160294e-17, 1.97777974563e-17, 2.85835370867e-17, 2.23877574297e-17, 1.75961532584e-17, 1.91614717993e-17, 1.2001015914e-17, 8.22214468309e-18, 6.81948169709e-18, 3.31679738735e-18, 1.33215638534e-18, 3.72672576506e-19, 3.4376908937e-20], "var": [0.0175848640501, 3.91442108154, 3.4071586132, 6.73585319519, 165.918823242, 935.313720703, 3526.19042969, 3158.18798828, 7939.93652344, 5151.61865234, 555.223205566, 256.442657471, 299.967468262, 273.251922607, 3789.78344727, 13465.0136719, 1217.38110352, 507.211975098, 130.107406616, 32.6387863159, 78.7403869629, 20.424200058, 20.7925453186, 15.7530012131, 10.0873718262, 6.25780630112, 4.88290596008, 3.70787262917, 8.95899677277, 7.90885210037, 5.21144676208, 4.5270190239, 2.40413951874, 0.940132915974, 0.164576664567, 0.0242420844734, 0.0103865489364, 0.000420063937781, 4.02204659622e-06, 2.69815867426e-08]}, "gfcc": {"mean": [-99.7129592896, 146.293609619, -89.2097549438, -0.151591017842, -43.1801834106, 2.38623356819, -34.5639686584, -13.4621095657, -13.8662347794, -0.461213201284, 1.8410705328, 5.56006622314, -7.31318569183], "cov": [[28238.3847656, -660.38671875, -2750.83911133, 1319.6081543, -2024.91210938, 178.01940918, -1521.5760498, -183.1743927, -984.135192871, 496.715179443, 381.255432129, 1050.06311035, 245.463439941], [-660.38671875, 2708.4362793, -272.132598877, -453.973022461, 500.326721191, -218.839508057, 117.400657654, -357.30380249, 68.1923217773, -346.203338623, 29.6381664276, -139.758102417, 211.289901733], [-2750.83911133, -272.132598877, 931.404052734, 26.3311100006, 162.605697632, 96.9304885864, 213.636978149, 216.342941284, 205.183624268, 56.3257598877, -77.8350753784, -49.9199371338, -83.5615234375], [1319.6081543, -453.973022461, 26.3311100006, 489.57409668, -216.39616394, 189.535430908, -172.647903442, 130.833129883, -39.9743995667, 108.129699707, 3.34136652946, 67.580947876, -34.5189819336], [-2024.91210938, 500.326721191, 162.605697632, -216.39616394, 626.664428711, -74.4797668457, 284.626739502, -142.805755615, 121.004219055, -80.4600753784, 64.766456604, -67.6622848511, 54.5484542847], [178.01940918, -218.839508057, 96.9304885864, 189.535430908, -74.4797668457, 320.317687988, -50.818862915, 116.726356506, -47.0139007568, 61.8208808899, -19.4079036713, 35.8717689514, -47.0166053772], [-1521.5760498, 117.400657654, 213.636978149, -172.647903442, 284.626739502, -50.818862915, 335.87902832, 1.51913905144, 128.781784058, -41.9765319824, 16.9332351685, -47.5691413879, 29.4508094788], [-183.1743927, -357.30380249, 216.342941284, 130.833129883, -142.805755615, 116.726356506, 1.51913905144, 248.952575684, 71.5774841309, 83.5722579956, -66.4008865356, -9.08632946014, -73.1572265625], [-984.135192871, 68.1923217773, 205.183624268, -39.9743995667, 121.004219055, -47.0139007568, 128.781784058, 71.5774841309, 191.060119629, 34.9428215027, 8.89843177795, -37.6257667542, -5.71474266052], [496.715179443, -346.203338623, 56.3257598877, 108.129699707, -80.4600753784, 61.8208808899, -41.9765319824, 83.5722579956, 34.9428215027, 176.167877197, 53.7357177734, 44.618560791, -45.7687530518], [381.255432129, 29.6381664276, -77.8350753784, 3.34136652946, 64.766456604, -19.4079036713, 16.9332351685, -66.4008865356, 8.89843177795, 53.7357177734, 158.659347534, 77.1035842896, 42.2873382568], [1050.06311035, -139.758102417, -49.9199371338, 67.580947876, -67.6622848511, 35.8717689514, -47.5691413879, -9.08632946014, -37.6257667542, 44.618560791, 77.1035842896, 142.660003662, 48.4387741089], [245.463439941, 211.289901733, -83.5615234375, -34.5189819336, 54.5484542847, -47.0166053772, 29.4508094788, -73.1572265625, -5.71474266052, -45.7687530518, 42.2873382568, 48.4387741089, 115.640304565]], "icov": [[0.000108319276478, -0.00010299722635, 0.00025704325526, -0.000233566650422, 0.000140048286994, 0.00017778815527, -0.000114782364108, -2.04807133741e-06, 0.000207531513297, -0.000358503079042, 0.000301530933939, -0.000775361375418, 0.000191324623302], [-0.00010299722635, 0.000873643322848, -0.000142813310958, 0.000667214801069, -0.0004030285927, -0.000627624220215, 0.000896335986909, 0.000344581378158, -0.00113450805657, 0.00145304528996, -0.000740762567148, 0.00160260230768, -0.00123839196749], [0.00025704325526, -0.000142813310958, 0.00263258139603, -0.000661406607833, -0.000255193095654, 7.90425037849e-05, -0.000909580092411, -0.000781327951699, -0.000980625278316, -0.000699594907928, 0.00187922548503, -0.00285373581573, 0.00149287842214], [-0.000233566650422, 0.000667214801069, -0.000661406607833, 0.00445300154388, -0.000304043845972, -0.00206919456832, 0.00240716035478, -0.00102434214205, -0.00106299296021, 0.000726653030142, -0.00148735463154, 0.00209711352363, -0.00193040852901], [0.000140048286994, -0.0004030285927, -0.000255193095654, -0.000304043845972, 0.004441246856, -0.000791405385826, -0.00264935521409, 0.00320647493936, -0.00119943474419, -0.000240043314989, -0.000773680803832, 0.000274641584838, 0.000464044976979], [0.00017778815527, -0.000627624220215, 7.90425037849e-05, -0.00206919456832, -0.000791405385826, 0.00613859156147, -0.000862444227096, -0.00305099668913, 0.00413804035634, -0.00170885678381, 0.000887733651325, -0.0027562242467, 0.00172548228875], [-0.000114782364108, 0.000896335986909, -0.000909580092411, 0.00240716035478, -0.00264935521409, -0.000862444227096, 0.00821514148265, -0.00197792239487, -0.00272922730073, 0.00267348834313, -0.002295559505, 0.0025725690648, -0.00309210107662], [-2.04807133741e-06, 0.000344581378158, -0.000781327951699, -0.00102434214205, 0.00320647493936, -0.00305099668913, -0.00197792239487, 0.0132763739675, -0.00595867773518, -0.00196059350856, 0.00462003843859, -0.00123575015459, 0.00241186819039], [0.000207531513297, -0.00113450805657, -0.000980625278316, -0.00106299296021, -0.00119943474419, 0.00413804035634, -0.00272922730073, -0.00595867773518, 0.0145097654313, -0.00479739671573, -0.00132247118745, 0.00113809341565, -0.0013946791878], [-0.000358503079042, 0.00145304528996, -0.000699594907928, 0.000726653030142, -0.000240043314989, -0.00170885678381, 0.00267348834313, -0.00196059350856, -0.00479739671573, 0.0149685945362, -0.00734877353534, 0.00154811062384, 0.00304081337526], [0.000301530933939, -0.000740762567148, 0.00187922548503, -0.00148735463154, -0.000773680803832, 0.000887733651325, -0.002295559505, 0.00462003843859, -0.00132247118745, -0.00734877353534, 0.0163656938821, -0.0098954057321, 0.00104707758874], [-0.000775361375418, 0.00160260230768, -0.00285373581573, 0.00209711352363, 0.000274641584838, -0.0027562242467, 0.0025725690648, -0.00123575015459, 0.00113809341565, 0.00154811062384, -0.0098954057321, 0.0226643942297, -0.0106115862727], [0.000191324623302, -0.00123839196749, 0.00149287842214, -0.00193040852901, 0.000464044976979, 0.00172548228875, -0.00309210107662, 0.00241186819039, -0.0013946791878, 0.00304081337526, 0.00104707758874, -0.0106115862727, 0.018999170512]]}, "melbands": {"dmean": [0.000827186217066, 0.000798491004389, 0.000163468619576, 0.000299821811495, 0.000809162040241, 0.000511404767167, 0.000477090361528, 0.000317076803185, 5.46999217477e-05, 1.93509404198e-05, 2.47396274062e-05, 2.28897533816e-05, 4.10717111663e-05, 9.78161551757e-05, 4.9632453738e-05, 1.59402807185e-05, 1.82050334843e-05, 9.07649700821e-06, 2.91195328828e-06, 4.27834447692e-06, 3.63425715477e-06, 1.81601649274e-06, 1.81878829153e-06, 1.73753562649e-06, 1.52286929733e-06, 9.1935811497e-07, 1.10865846636e-06, 5.86918929457e-07, 5.50965523871e-07, 5.37712651294e-07, 5.22617654042e-07, 9.90187345451e-07, 6.85879911089e-07, 7.6226820056e-07, 5.53655297608e-07, 5.16803879691e-07, 4.84089184738e-07, 4.67216267452e-07, 4.00975181947e-07, 3.06854019527e-07], "dmean2": [0.00109423557296, 0.00122295983601, 0.000231991900364, 0.000394460832467, 0.00120758870617, 0.000690802291501, 0.000656688120216, 0.000474145781482, 7.9342709796e-05, 2.55669801845e-05, 3.61754537153e-05, 3.49034489773e-05, 5.43979331269e-05, 0.000137221257319, 7.08597435732e-05, 2.47008229053e-05, 2.78390489257e-05, 1.32787390612e-05, 4.23728306487e-06, 6.58720909996e-06, 5.88735019846e-06, 2.79149048765e-06, 2.97862766274e-06, 3.04333138956e-06, 2.68035500994e-06, 1.52885286298e-06, 1.96003020392e-06, 1.01452292256e-06, 9.23124389374e-07, 9.25254425965e-07, 9.13633584787e-07, 1.79664993993e-06, 1.19584990443e-06, 1.33790103973e-06, 9.79778747023e-07, 9.40073164202e-07, 8.84564258286e-07, 8.3035172338e-07, 7.43794146274e-07, 5.74545197196e-07], "dvar": [1.60335332566e-06, 1.61524883424e-06, 7.42373202911e-08, 2.88057179887e-07, 2.07605694413e-06, 7.28640202396e-07, 1.04588355043e-06, 3.51259330955e-07, 1.03853539102e-08, 1.28303812019e-09, 2.94638624609e-09, 2.46976550322e-09, 1.05476223311e-08, 5.16377411941e-08, 8.14523826165e-09, 1.31707333928e-09, 1.80780435066e-09, 3.64412056086e-10, 3.25466494033e-11, 5.74247940865e-11, 4.8860901436e-11, 1.65516420014e-11, 2.15870064879e-11, 2.56758243139e-11, 1.69750984103e-11, 5.15568273837e-12, 8.45759486751e-12, 2.27406873714e-12, 2.15404213563e-12, 2.06335491228e-12, 1.50316803275e-12, 6.04188010386e-12, 2.31940074785e-12, 3.96464762062e-12, 3.02311756357e-12, 2.94680577682e-12, 2.22783857334e-12, 1.70903352234e-12, 1.85814254608e-12, 1.18137465956e-12], "dvar2": [2.90850630336e-06, 3.69113718079e-06, 1.53751955168e-07, 4.68344182991e-07, 4.54435075881e-06, 1.34557046749e-06, 2.32293791669e-06, 7.53965423428e-07, 2.27552199306e-08, 2.03759054074e-09, 5.86113246825e-09, 5.26342081031e-09, 1.44475276187e-08, 9.27188708033e-08, 1.39075400085e-08, 2.92547475134e-09, 4.27071800146e-09, 7.33851146517e-10, 7.05111247168e-11, 1.26491983554e-10, 1.16260390204e-10, 3.40746181271e-11, 5.98096572269e-11, 7.07272712619e-11, 4.77799570742e-11, 1.35583905214e-11, 2.19611082791e-11, 5.70282146159e-12, 5.20793000738e-12, 5.48703660633e-12, 3.92076041772e-12, 1.67023096742e-11, 5.95604295051e-12, 1.07345738201e-11, 8.39717878565e-12, 8.3434951656e-12, 6.24486616932e-12, 4.63433198067e-12, 5.30403542268e-12, 3.37957244655e-12], "max": [0.0124395182356, 0.0115265334025, 0.00517613161355, 0.00821003969759, 0.0194431114942, 0.0131016355008, 0.0229152012616, 0.0108486087993, 0.00138458900619, 0.000842360197566, 0.00130561739206, 0.000741706229746, 0.00153721694369, 0.00225855922326, 0.000790019403212, 0.00044674059609, 0.000522621849086, 0.000223325114348, 6.36091353954e-05, 9.88572792266e-05, 8.50765354699e-05, 6.86083876644e-05, 6.10230563325e-05, 4.98615991091e-05, 3.30348229909e-05, 2.95608915621e-05, 3.11805779347e-05, 1.4220418052e-05, 1.77422280103e-05, 1.15990942504e-05, 8.9370078058e-06, 2.45446935878e-05, 1.29501686388e-05, 1.41283817356e-05, 1.45955264088e-05, 1.22192914205e-05, 1.12207262646e-05, 1.01440418803e-05, 9.39838719205e-06, 1.04257442217e-05], "mean": [0.00120204500854, 0.00121311773546, 0.000504155468661, 0.000822450150736, 0.00145035097376, 0.000992046436295, 0.000758249138016, 0.000447674246971, 9.17478828342e-05, 5.06603755639e-05, 4.64456425107e-05, 3.66284984921e-05, 7.07021317794e-05, 0.000145733982208, 8.26572941151e-05, 2.32261627389e-05, 2.390728514e-05, 1.34393430926e-05, 3.93063101001e-06, 7.01107273926e-06, 5.79859215577e-06, 2.79022265204e-06, 1.9049605271e-06, 1.53555083671e-06, 1.35777770538e-06, 9.31795796077e-07, 8.77487821072e-07, 4.94424341468e-07, 4.60643178712e-07, 4.10761685998e-07, 4.04691377298e-07, 6.83975315496e-07, 5.21915922036e-07, 5.60758905976e-07, 3.8859968754e-07, 3.42759562955e-07, 3.16291107083e-07, 3.29538067945e-07, 2.49228321536e-07, 1.86132865565e-07], "median": [0.000413975212723, 0.000615841476247, 0.000260584172793, 0.000358431454515, 0.000755345448852, 0.00049690331798, 0.000242442882154, 0.000147020691657, 3.96729810745e-05, 1.09616739792e-05, 1.72172913153e-05, 8.64260528033e-06, 1.46074453369e-05, 2.41328689299e-05, 2.7856165616e-05, 6.60424166199e-06, 6.09473090663e-06, 4.08430378229e-06, 1.48667447775e-06, 1.99408896151e-06, 2.06041977435e-06, 9.55343466558e-07, 5.91119885485e-07, 4.40811447788e-07, 3.83241626878e-07, 2.53360695979e-07, 1.47368410808e-07, 9.5215888507e-08, 7.90744678625e-08, 5.8193919017e-08, 5.43973648348e-08, 6.49084341831e-08, 5.43083906734e-08, 5.79783865362e-08, 3.33377627726e-08, 2.09596588974e-08, 1.91874480748e-08, 1.99195113737e-08, 1.09312630059e-08, 6.16863182756e-09], "min": [5.90994513682e-24, 1.11086540703e-23, 1.08131948958e-23, 2.93622075304e-24, 4.51098709611e-24, 4.724980605e-24, 1.06653805059e-23, 4.55430384284e-24, 9.53614663049e-24, 3.01636606279e-24, 1.05962258035e-23, 1.93103809485e-23, 7.93227644762e-24, 4.99758647916e-24, 6.48260411703e-24, 9.21639448433e-24, 1.5059307349e-23, 2.47536048138e-23, 1.43329258052e-23, 1.31949513509e-23, 6.92138038543e-24, 8.946268e-24, 1.17418608861e-23, 1.28377369893e-23, 1.11025009553e-23, 2.32733467682e-23, 6.58958706642e-24, 7.34252087943e-24, 9.90523334879e-24, 7.46936892413e-24, 9.40670086683e-24, 1.0792787853e-23, 1.13991718202e-23, 1.80544512785e-23, 1.22488278688e-23, 1.1350631631e-23, 1.01312987961e-23, 1.3146329909e-23, 1.29990282788e-23, 8.57588202778e-24], "var": [3.22393634633e-06, 2.64772938863e-06, 4.38189971419e-07, 1.44236582855e-06, 4.07777770306e-06, 1.77578476723e-06, 1.79379264864e-06, 6.17422415417e-07, 2.02399945692e-08, 9.14355613446e-09, 7.82028752866e-09, 5.16292741892e-09, 3.18942703359e-08, 9.97400917413e-08, 1.78644459226e-08, 1.97890259734e-09, 2.34655250786e-09, 6.92955526294e-10, 4.83728196388e-11, 1.31963676098e-10, 8.93582360884e-11, 3.61176956398e-11, 1.74011482307e-11, 1.75329698676e-11, 1.11633879224e-11, 4.52604186768e-12, 6.49935444005e-12, 1.94827942841e-12, 1.97304325655e-12, 1.53007977382e-12, 1.15308576489e-12, 3.97217155002e-12, 1.84171319688e-12, 2.7502954341e-12, 1.93837936154e-12, 1.79230588704e-12, 1.36707192875e-12, 1.16045779756e-12, 1.07863598695e-12, 6.75846965198e-13]}, "mfcc": {"mean": [-740.456237793, 177.861785889, 14.5766639709, 11.0023670197, 7.96313476562, 9.78858184814, -6.10735988617, -3.61961770058, -14.0552043915, -9.63024139404, -0.839646935463, 5.12042379379, 7.05027341843], "cov": [[12456.4648438, 810.831665039, -182.919570923, 65.5749130249, -298.038330078, -125.663818359, -449.930419922, -226.503936768, -498.939483643, -256.443145752, 62.4333724976, 238.696624756, 372.935180664], [810.831665039, 2374.48950195, -316.536376953, -73.8333053589, 61.6703224182, 29.9148178101, -64.060585022, -77.1619491577, -113.310928345, -153.56829834, -142.60987854, -29.6439476013, 0.521807014942], [-182.919570923, -316.536376953, 701.508666992, 115.817085266, 25.3730049133, 24.9482917786, 3.69918584824, 135.672698975, 156.276870728, 109.742538452, 76.9422302246, 53.0191650391, 19.1488323212], [65.5749130249, -73.8333053589, 115.817085266, 238.742904663, 65.8825683594, 34.5084838867, 5.07292604446, 17.6311149597, 44.2350883484, 33.8446922302, 35.8104553223, 66.5881118774, 56.6065864563], [-298.038330078, 61.6703224182, 25.3730049133, 65.8825683594, 190.230789185, 104.72039032, 50.0715827942, 18.9226264954, 2.95208215714, 6.88227319717, 6.64162158966, 19.8233470917, 9.70654964447], [-125.663818359, 29.9148178101, 24.9482917786, 34.5084838867, 104.72039032, 196.367980957, 106.903617859, 30.2280368805, -1.90995740891, 6.19983673096, 20.7970046997, 2.86276698112, 26.2622909546], [-449.930419922, -64.060585022, 3.69918584824, 5.07292604446, 50.0715827942, 106.903617859, 165.17868042, 54.7881202698, 19.6553039551, 23.7801685333, 18.1702041626, -15.4777402878, -16.3136425018], [-226.503936768, -77.1619491577, 135.672698975, 17.6311149597, 18.9226264954, 30.2280368805, 54.7881202698, 134.365539551, 92.1968841553, 38.0364723206, 23.8994064331, 12.9117469788, -2.1201376915], [-498.939483643, -113.310928345, 156.276870728, 44.2350883484, 2.95208215714, -1.90995740891, 19.6553039551, 92.1968841553, 187.96647644, 95.8292999268, 38.9040374756, 24.4759197235, 1.77136838436], [-256.443145752, -153.56829834, 109.742538452, 33.8446922302, 6.88227319717, 6.19983673096, 23.7801685333, 38.0364723206, 95.8292999268, 145.029876709, 82.9920425415, 16.6084289551, -4.55129671097], [62.4333724976, -142.60987854, 76.9422302246, 35.8104553223, 6.64162158966, 20.7970046997, 18.1702041626, 23.8994064331, 38.9040374756, 82.9920425415, 110.137489319, 52.2125434875, 23.5083408356], [238.696624756, -29.6439476013, 53.0191650391, 66.5881118774, 19.8233470917, 2.86276698112, -15.4777402878, 12.9117469788, 24.4759197235, 16.6084289551, 52.2125434875, 129.832672119, 87.6969604492], [372.935180664, 0.521807014942, 19.1488323212, 56.6065864563, 9.70654964447, 26.2622909546, -16.3136425018, -2.1201376915, 1.77136838436, -4.55129671097, 23.5083408356, 87.6969604492, 133.650375366]], "icov": [[0.000121187113109, -3.73479815607e-05, -5.99160603088e-06, -7.6626878581e-05, 0.000247244955972, -0.000138708943268, 0.000346452259691, -0.000202562121558, 0.000413674395531, 2.3837243134e-05, -0.000199016518309, -2.00812446565e-05, -0.000212812272366], [-3.73479815607e-05, 0.000508610042743, 0.000180026574526, 0.0001193133794, -0.000225817711907, -0.000247338204645, 0.000252332712989, -1.4245418356e-07, -0.000120348682685, 5.0691764045e-05, 0.000606215151493, -0.000215345833567, 0.000159696210176], [-5.99160603088e-06, 0.000180026574526, 0.00220720237121, -0.000688788190018, 0.000143786426634, -0.000647215987556, 0.00119889189955, -0.00190192973241, -0.000407240178902, -0.000644797866698, -9.59808021435e-05, -0.00022543790692, 0.000372659356799], [-7.6626878581e-05, 0.0001193133794, -0.000688788190018, 0.0059502562508, -0.00205031572841, 0.000238011532929, -0.000364527048077, 0.00122202420607, -0.00121089315508, -0.000203071118449, 0.000144937541336, -0.0014602181036, -0.00118933152407], [0.000247244955972, -0.000225817711907, 0.000143786426634, -0.00205031572841, 0.00929846335202, -0.00545197911561, 0.00143773015589, -0.00110435823444, 0.00181434873957, -0.00157426344231, 0.00211395369843, -0.00305355014279, 0.00226689153351], [-0.000138708943268, -0.000247338204645, -0.000647215987556, 0.000238011532929, -0.00545197911561, 0.0126692792401, -0.0072694583796, 0.00094700261252, -0.000478674919577, 0.0022833335679, -0.00354152731597, 0.00435456540436, -0.00473620602861], [0.000346452259691, 0.000252332712989, 0.00119889189955, -0.000364527048077, 0.00143773015589, -0.0072694583796, 0.0133023029193, -0.00542346714064, 0.00233981478959, -0.00193465792108, 7.32828993932e-05, -0.000417636852944, 0.00204086164013], [-0.000202562121558, -1.4245418356e-07, -0.00190192973241, 0.00122202420607, -0.00110435823444, 0.00094700261252, -0.00542346714064, 0.015693757683, -0.00792472157627, 0.00379691459239, -0.00165889551863, -0.000148992505274, 0.000425107398769], [0.000413674395531, -0.000120348682685, -0.000407240178902, -0.00121089315508, 0.00181434873957, -0.000478674919577, 0.00233981478959, -0.00792472157627, 0.0146503532305, -0.00919312611222, 0.00459411880001, -0.00257558864541, -8.57417762745e-05], [2.3837243134e-05, 5.0691764045e-05, -0.000644797866698, -0.000203071118449, -0.00157426344231, 0.0022833335679, -0.00193465792108, 0.00379691459239, -0.00919312611222, 0.0210675727576, -0.0153805306181, 0.00541566871107, -0.000407540239394], [-0.000199016518309, 0.000606215151493, -9.59808021435e-05, 0.000144937541336, 0.00211395369843, -0.00354152731597, 7.32828993932e-05, -0.00165889551863, 0.00459411880001, -0.0153805306181, 0.0252866279334, -0.0107154557481, 0.00302903959528], [-2.00812446565e-05, -0.000215345833567, -0.00022543790692, -0.0014602181036, -0.00305355014279, 0.00435456540436, -0.000417636852944, -0.000148992505274, -0.00257558864541, 0.00541566871107, -0.0107154557481, 0.020714821294, -0.0114686395973], [-0.000212812272366, 0.000159696210176, 0.000372659356799, -0.00118933152407, 0.00226689153351, -0.00473620602861, 0.00204086164013, 0.000425107398769, -8.57417762745e-05, -0.000407540239394, 0.00302903959528, -0.0114686395973, 0.0165274441242]]}, "spectral_contrast_coeffs": {"dmean": [0.0469275638461, 0.0530524626374, 0.04738676548, 0.0348233543336, 0.0218649748713, 0.0188992042094], "dmean2": [0.0730942711234, 0.0822465643287, 0.0746486783028, 0.0551604703069, 0.0347143262625, 0.0319251306355], "dvar": [0.00160467601381, 0.00225411332212, 0.00184505491052, 0.00101069966331, 0.00041869431152, 0.000353552663], "dvar2": [0.00372386025265, 0.00532459793612, 0.00405581854284, 0.00217758771032, 0.000939532415941, 0.000977304531261], "max": [-0.238715603948, -0.330276399851, -0.491392582655, -0.541797697544, -0.650812864304, -0.698884189129], "mean": [-0.603216469288, -0.627120912075, -0.714040338993, -0.74641340971, -0.809190154076, -0.801939666271], "median": [-0.613371372223, -0.621874451637, -0.713499963284, -0.745666861534, -0.81328690052, -0.798176050186], "min": [-0.979478538036, -0.970244646072, -0.982004284859, -0.958052814007, -0.961208403111, -0.957436084747], "var": [0.0113195125014, 0.00660427799448, 0.00638233497739, 0.00519004603848, 0.00207229238003, 0.0014537430834]}, "spectral_contrast_valleys": {"dmean": [0.414621472359, 0.465032935143, 0.43360671401, 0.41893017292, 0.481973797083, 0.687636911869], "dmean2": [0.65224558115, 0.688454985619, 0.662821233273, 0.612002313137, 0.682530879974, 0.951859354973], "dvar": [0.161098524928, 0.234214216471, 0.217376351357, 0.223507598042, 0.310455322266, 0.5491502285], "dvar2": [0.309451282024, 0.415615022182, 0.391685336828, 0.401988089085, 0.613213181496,