{"lowlevel": {"average_loudness": 0.453403413296, "barkbands_crest": {"dmean": 1.82072603703, "dmean2": 2.75770235062, "dvar": 3.13326644897, "dvar2": 7.11913728714, "max": 25.9221229553, "mean": 9.8416929245, "median": 8.53428077698, "min": 2.95328021049, "var": 21.5159702301}, "barkbands_flatness_db": {"dmean": 0.0137018505484, "dmean2": 0.0199579261243, "dvar": 0.000168620390468, "dvar2": 0.000334905664204, "max": 0.479426532984, "mean": 0.203627750278, "median": 0.216059356928, "min": 0.0193456634879, "var": 0.00653923489153}, "barkbands_kurtosis": {"dmean": 1.3805450201, "dmean2": 2.03433680534, "dvar": 5.19577169418, "dvar2": 9.07899856567, "max": 70.260597229, "mean": 2.55035161972, "median": 1.2285323143, "min": -1.33793962002, "var": 24.7235031128}, "barkbands_skewness": {"dmean": 0.324579536915, "dmean2": 0.479829251766, "dvar": 0.0990822315216, "dvar2": 0.193989753723, "max": 8.0509147644, "mean": 1.21894264221, "median": 1.10570383072, "min": -2.06901144981, "var": 0.856242716312}, "barkbands_spread": {"dmean": 2.12469530106, "dmean2": 3.24761986732, "dvar": 7.60665893555, "dvar2": 15.8701705933, "max": 71.6231842041, "mean": 12.5563116074, "median": 10.5509929657, "min": 0.816403448582, "var": 55.753200531}, "dissonance": {"dmean": 0.0224664527923, "dmean2": 0.0373127534986, "dvar": 0.000448024424259, "dvar2": 0.00122596859001, "max": 0.499999880791, "mean": 0.43641769886, "median": 0.445441067219, "min": 0.203975483775, "var": 0.00179093389306}, "dynamic_complexity": 5.88190698624, "erbbands_crest": {"dmean": 2.10689115524, "dmean2": 3.14421844482, "dvar": 3.79214811325, "dvar2": 8.2474155426, "max": 28.8328990936, "mean": 10.0871944427, "median": 8.80875968933, "min": 2.48404526711, "var": 22.9176254272}, "erbbands_flatness_db": {"dmean": 0.0117519134656, "dmean2": 0.016808707267, "dvar": 0.000129169973661, "dvar2": 0.000232321632211, "max": 0.461566269398, "mean": 0.251543551683, "median": 0.272400289774, "min": 0.0510236546397, "var": 0.0054250122048}, "erbbands_kurtosis": {"dmean": 0.632715344429, "dmean2": 0.960714936256, "dvar": 0.664204597473, "dvar2": 1.27610087395, "max": 17.1520938873, "mean": 0.274572432041, "median": -0.109983205795, "min": -1.59320962429, "var": 2.43469381332}, "erbbands_skewness": {"dmean": 0.276373803616, "dmean2": 0.414821058512, "dvar": 0.0588469728827, "dvar2": 0.122745014727, "max": 4.06493759155, "mean": 0.519439041615, "median": 0.443892717361, "min": -1.02384662628, "var": 0.328731417656}, "erbbands_spread": {"dmean": 3.19385457039, "dmean2": 4.78419828415, "dvar": 8.61388492584, "dvar2": 20.3347167969, "max": 71.9711914062, "mean": 21.4135951996, "median": 20.3594493866, "min": 4.4125919342, "var": 68.414352417}, "hfc": {"dmean": 2.59872055054, "dmean2": 3.97400546074, "dvar": 26.8701992035, "dvar2": 56.9338226318, "max": 129.571517944, "mean": 15.7623949051, "median": 4.71306371689, "min": 1.06951925339e-16, "var": 316.854736328}, "melbands_crest": {"dmean": 2.57111954689, "dmean2": 3.80280089378, "dvar": 6.10861492157, "dvar2": 14.104973793, "max": 31.070526123, "mean": 13.1624736786, "median": 11.9476442337, "min": 1.59942746162, "var": 30.6567516327}, "melbands_flatness_db": {"dmean": 0.0150556238368, "dmean2": 0.0221018586308, "dvar": 0.000223671231652, "dvar2": 0.000451922009233, "max": 0.55818939209, "mean": 0.265914648771, "median": 0.267591416836, "min": 0.00407533952966, "var": 0.00737811904401}, "melbands_kurtosis": {"dmean": 2.07104706764, "dmean2": 3.06415081024, "dvar": 9.04800510406, "dvar2": 16.7537136078, "max": 87.2895126343, "mean": 4.89433479309, "median": 3.24801540375, "min": -1.38151419163, "var": 42.6390686035}, "melbands_skewness": {"dmean": 0.366253048182, "dmean2": 0.541864454746, "dvar": 0.115993969142, "dvar2": 0.247169166803, "max": 7.78778219223, "mean": 1.63547456264, "median": 1.54350352287, "min": -0.807128429413, "var": 0.815972447395}, "melbands_spread": {"dmean": 2.99028563499, "dmean2": 4.60327720642, "dvar": 18.3726520538, "dvar2": 45.7463874817, "max": 167.147003174, "mean": 17.1437263489, "median": 14.8514108658, "min": 0.95272898674, "var": 227.748519897}, "pitch_salience": {"dmean": 0.0544901899993, "dmean2": 0.0839186385274, "dvar": 0.0021715441253, "dvar2": 0.00521491607651, "max": 0.857636034489, "mean": 0.579246222973, "median": 0.589961707592, "min": 0.12184792012, "var": 0.0134596545249}, "silence_rate_20dB": {"dmean": 0, "dmean2": 0, "dvar": 0, "dvar2": 0, "max": 1, "mean": 1, "median": 1, "min": 1, "var": 0}, "silence_rate_30dB": {"dmean": 0.00480000022799, "dmean2": 0.00960256066173, "dvar": 0.00477689644322, "dvar2": 0.0116440067068, "max": 1, "mean": 0.99546790123, "median": 1, "min": 0, "var": 0.00451175868511}, "silence_rate_60dB": {"dmean": 0.0341333337128, "dmean2": 0.0682848766446, "dvar": 0.0329698510468, "dvar2": 0.0726956650615, "max": 1, "mean": 0.229005604982, "median": 0, "min": 0, "var": 0.176551550627}, "spectral_centroid": {"dmean": 101.231407166, "dmean2": 158.10395813, "dvar": 38384.0585938, "dvar2": 60963.1054688, "max": 11660.8408203, "mean": 991.669555664, "median": 822.42980957, "min": 292.890655518, "var": 1360459.625}, "spectral_complexity": {"dmean": 2.03626656532, "dmean2": 3.38010144234, "dvar": 4.50750303268, "dvar2": 11.9966726303, "max": 55, "mean": 17.3687019348, "median": 12, "min": 0, "var": 149.368682861}, "spectral_decrease": {"dmean": 1.16918141835e-09, "dmean2": 1.75210013165e-09, "dvar": 3.8685280967e-18, "dvar2": 9.09366713956e-18, "max": 1.53793594965e-28, "mean": -6.20166362708e-09, "median": -2.33768293612e-09, "min": -3.64422199084e-08, "var": 4.71841920112e-17}, "spectral_energy": {"dmean": 0.00453344872221, "dmean2": 0.00680164294317, "dvar": 5.64234687772e-05, "dvar2": 0.000132989764097, "max": 0.14095710218, "mean": 0.0248361807317, "median": 0.00922112446278, "min": 1.00746139588e-20, "var": 0.000743694719858}, "spectral_energyband_high": {"dmean": 9.10768430913e-05, "dmean2": 0.00014004863624, "dvar": 1.3104862262e-07, "dvar2": 2.52751391372e-07, "max": 0.00905875954777, "mean": 0.00027164578205, "median": 4.48060245617e-06, "min": 7.23955984587e-21, "var": 5.07566198849e-07}, "spectral_energyband_low": {"dmean": 0.00285411300138, "dmean2": 0.0043559577316, "dvar": 4.76347740914e-05, "dvar2": 0.000109443710244, "max": 0.108530730009, "mean": 0.00691245682538, "median": 0.000462853495264, "min": 1.87173295194e-23, "var": 0.000198786903638}, "spectral_energyband_middle_high": {"dmean": 0.00117512291763, "dmean2": 0.00177100009751, "dvar": 3.36028415404e-06, "dvar2": 7.79751098889e-06, "max": 0.0338202565908, "mean": 0.0057183848694, "median": 0.00113154109567, "min": 1.29962948442e-21, "var": 4.59062503069e-05}, "spectral_energyband_middle_low": {"dmean": 0.00289850332774, "dmean2": 0.00443384004757, "dvar": 1.77072433871e-05, "dvar2": 4.69806946057e-05, "max": 0.0786162540317, "mean": 0.0127017591149, "median": 0.00737282074988, "min": 1.59769286555e-22, "var": 0.000148749808432}, "spectral_entropy": {"dmean": 0.10109397769, "dmean2": 0.150092765689, "dvar": 0.0118474196643, "dvar2": 0.0222507864237, "max": 9.82075119019, "mean": 6.92665147781, "median": 6.75716590881, "min": 4.5333070755, "var": 0.47468662262}, "spectral_flux": {"dmean": 0.0109410369769, "dmean2": 0.0181149095297, "dvar": 0.000184165197425, "dvar2": 0.000493274186738, "max": 0.283408790827, "mean": 0.0544092431664, "median": 0.031451433897, "min": 6.35732300136e-11, "var": 0.00209659198299}, "spectral_kurtosis": {"dmean": 7.57982587814, "dmean2": 13.4608697891, "dvar": 84.6772003174, "dvar2": 257.239624023, "max": 157.530838013, "mean": 16.2259578705, "median": 11.3687953949, "min": -1.25753629208, "var": 246.375198364}, "spectral_rms": {"dmean": 0.000382455793442, "dmean2": 0.000560559565201, "dvar": 2.0621733654e-07, "dvar2": 4.84920747112e-07, "max": 0.011726854369, "mean": 0.00409333128482, "median": 0.00299936975352, "min": 3.13510632385e-12, "var": 7.47509875509e-06}, "spectral_rolloff": {"dmean": 196.394805908, "dmean2": 325.675109863, "dvar": 215234.140625, "dvar2": 428236.5, "max": 19530.6152344, "mean": 1224.18615723, "median": 968.994140625, "min": 258.3984375, "var": 4215355}, "spectral_skewness": {"dmean": 0.550894021988, "dmean2": 0.969334661961, "dvar": 0.339279830456, "dvar2": 1.04507601261, "max": 9.91923236847, "mean": 2.43485617638, "median": 2.18303132057, "min": -0.0634946301579, "var": 1.15791714191}, "spectral_spread": {"dmean": 256577.921875, "dmean2": 417261.625, "dvar": 666169311232, "dvar2": 1494007021570.0, "max": 41394492, "mean": 2813276.25, "median": 1988599.5, "min": 509037.03125, "var": 18869452275700.0}, "spectral_strongpeak": {"dmean": 0.351645976305, "dmean2": 0.581683933735, "dvar": 0.346742838621, "dvar2": 0.870655238628, "max": 6.70183134079, "mean": 0.897080898285, "median": 0.559293031693, "min": 0, "var": 0.873517990112}, "zerocrossingrate": {"dmean": 0.00466861994937, "dmean2": 0.00577979627997, "dvar": 0.00012248888379, "dvar2": 0.000165267148986, "max": 0.69970703125, "mean": 0.0445146933198, "median": 0.03466796875, "min": 0.01123046875, "var": 0.00327607640065}, "barkbands": {"dmean": [0.000654158298858, 0.00168943230528, 0.000898881524336, 0.0008927998133, 0.000978569616564, 0.00124236871488, 0.00088187342044, 0.000683659920469, 0.000782624003477, 0.000590996409301, 0.000440832896857, 0.00029100177926, 0.000453226588434, 0.00028788036434, 0.000287315691821, 0.00013217049127, 0.000127737192088, 6.57492710161e-05, 6.3909610617e-05, 4.1226092435e-05, 2.87757993647e-05, 1.80784627446e-05, 9.61630757956e-06, 9.55321138463e-06, 1.00151955849e-05, 1.64956054505e-05, 8.47412684379e-06], "dmean2": [0.00080671912292, 0.00253170798533, 0.0015269931173, 0.0015246970579, 0.00160840421449, 0.00193702813704, 0.00132813001983, 0.00105568568688, 0.00102310895454, 0.000803018047009, 0.000635985459667, 0.000463098287582, 0.000719491508789, 0.00047923103557, 0.000477085850434, 0.000225921568926, 0.000215676467633, 0.000113648689876, 0.000109117019747, 7.12111213943e-05, 4.83239637106e-05, 2.9695496778e-05, 1.54398239829e-05, 1.4463237676e-05, 1.39567937367e-05, 2.46192284976e-05, 1.23102763609e-05], "dvar": [3.25244877786e-06, 2.21947684622e-05, 5.04036779603e-06, 4.50006064057e-06, 3.31509363605e-06, 4.31205035056e-06, 2.70708255812e-06, 2.35086713474e-06, 2.20138326767e-06, 1.47929802097e-06, 7.88733984791e-07, 3.1466947803e-07, 7.77680043029e-07, 3.31144718757e-07, 2.73899729564e-07, 8.98308698538e-08, 6.02820051654e-08, 2.0031807324e-08, 1.55286539183e-08, 8.17666023778e-09, 4.39974012778e-09, 2.36721398039e-09, 7.8176742857e-10, 2.13389683701e-09, 3.58439522508e-09, 2.53740477518e-08, 6.50102283117e-09], "dvar2": [5.09140454596e-06, 5.3449832194e-05, 1.33009070851e-05, 1.29587633637e-05, 9.07931826077e-06, 1.20812919704e-05, 6.81327355778e-06, 5.85693669564e-06, 3.29872364091e-06, 2.7181367841e-06, 1.55821498993e-06, 6.92781270573e-07, 1.82919768577e-06, 8.77813420175e-07, 7.33430908895e-07, 2.53076706258e-07, 1.65525037232e-07, 5.83692738587e-08, 4.38149463378e-08, 2.39504895916e-08, 1.2016772466e-08, 6.51088205572e-09, 1.83482040672e-09, 4.28315738432e-09, 5.757065491e-09, 5.80802606009e-08, 1.39070639449e-08], "max": [0.0471280291677, 0.0773317813873, 0.0244865771383, 0.0280003324151, 0.034946937114, 0.0370529405773, 0.0256385467947, 0.0298668015748, 0.0501734651625, 0.0192866753787, 0.0192763898522, 0.0182366147637, 0.0162267833948, 0.00920250639319, 0.00814347434789, 0.0078467130661, 0.00389147805981, 0.00198086444288, 0.00230086175725, 0.00176595919766, 0.00138119852636, 0.00105724262539, 0.000764774507843, 0.0016682643909, 0.00145152001642, 0.00327662727796, 0.00171931169461], "mean": [0.00166290916968, 0.00355196883902, 0.00115664536133, 0.0011838885257, 0.00201193452813, 0.00298791192472, 0.00239614886232, 0.00157392420806, 0.00205517164432, 0.00145878619514, 0.0010643247515, 0.000624796375632, 0.000819883367512, 0.000575077603571, 0.000539662141819, 0.000256628060015, 0.000271248427453, 0.000161814386956, 0.000158854643814, 0.000104178143374, 7.58733513067e-05, 4.62021489511e-05, 2.75337915809e-05, 2.51996571023e-05, 1.93865889742e-05, 1.75741042767e-05, 8.72306372912e-06], "median": [1.89995688515e-07, 2.71368662652e-05, 0.000182403862709, 0.000263208494289, 0.000858988962136, 0.00153573811986, 0.000756839755923, 0.00040079120663, 0.000614976976067, 0.000170048791915, 0.000239964851062, 0.000129882057081, 0.000197912100703, 0.00013483595103, 0.000153864864842, 5.3065308748e-05, 4.65884368168e-05, 1.13076475827e-05, 1.6841753677e-05, 5.24299048266e-06, 2.11933297578e-06, 5.0358153203e-07, 1.46217715269e-07, 6.33962784491e-08, 2.1212844814e-08, 7.91564058744e-09, 2.48592124663e-09], "min": [1.16448885816e-24, 6.28184690526e-24, 1.48658194905e-24, 2.64159027685e-24, 1.39395382267e-23, 1.1065145236e-23, 9.93153397137e-24, 7.4869447451e-24, 2.3510871209e-23, 1.10329463004e-23, 2.1308306875e-23, 2.31218207878e-23, 3.37978998253e-23, 4.42796272016e-23, 5.58121993452e-23, 7.94033623949e-23, 9.55843258215e-23, 9.09235967539e-23, 1.4331064409e-22, 1.69526132801e-22, 2.40090737894e-22, 3.13961566325e-22, 3.81112864943e-22, 6.37303130574e-22, 9.45375856552e-22, 1.29528799789e-21, 1.94617402584e-21], "var": [1.6955738829e-05, 7.03503101249e-05, 6.3846005105e-06, 5.54458893021e-06, 8.78337050381e-06, 1.45210296978e-05, 1.20036547742e-05, 8.22318725113e-06, 1.32564700834e-05, 7.19679337635e-06, 4.01649913329e-06, 9.89723162093e-07, 1.93230653167e-06, 8.47420096761e-07, 6.50763979593e-07, 1.66788154843e-07, 1.61576636515e-07, 7.53426334654e-08, 5.98398059992e-08, 3.71468900084e-08, 2.189055337e-08, 1.1011638712e-08, 5.41323519343e-09, 8.94005758312e-09, 9.44424538574e-09, 2.63647308429e-08, 7.49518669352e-09]}, "erbbands": {"dmean": [0.101228058338, 0.2581589818, 0.898558795452, 2.27405166626, 2.52775979042, 3.87443804741, 5.56874704361, 11.3208742142, 11.5910644531, 18.0481777191, 13.2683477402, 16.9051685333, 17.9580116272, 16.8876209259, 15.0408153534, 13.2928590775, 21.6829204559, 15.4776124954, 12.3647699356, 13.0113706589, 7.09667634964, 5.31280565262, 3.99257898331, 3.7240447998, 2.56093049049, 2.09558868408, 1.38988077641, 0.914821267128, 0.710542082787, 0.40057054162, 0.273174881935, 0.242187827826, 0.146945357323, 0.0931612402201, 0.077399790287, 0.0634552165866, 0.0302163995802, 0.00936488527805, 0.00105210079346, 0.000125086095068], "dmean2": [0.136762648821, 0.432619571686, 1.53855061531, 3.91406035423, 4.23370409012, 6.34368276596, 8.64495849609, 17.5265960693, 18.0453968048, 26.9842853546, 19.6119098663, 22.0465240479, 23.970249176, 23.5079841614, 21.6879959106, 20.9193668365, 34.2488021851, 25.7623577118, 20.4287204742, 21.7277393341, 12.0077829361, 8.97126102448, 6.8943862915, 6.42172384262, 4.39912414551, 3.62742900848, 2.35844254494, 1.52658140659, 1.19445312023, 0.663977622986, 0.440762847662, 0.371143609285, 0.232060968876, 0.139319360256, 0.106544286013, 0.0934674218297, 0.045384477824, 0.0140055278316, 0.00143750163261, 0.000184624208487], "dvar": [0.0788546949625, 0.569925665855, 5.41886138916, 30.5842266083, 24.5881786346, 59.6545333862, 125.627075195, 405.225860596, 428.922607422, 1462.12341309, 657.954040527, 915.961914062, 1733.9901123, 1278.1015625, 859.141113281, 659.400085449, 1919.8347168, 999.930725098, 688.014709473, 717.917175293, 318.19354248, 98.9282226562, 55.3751869202, 55.0370140076, 27.290309906, 22.0886955261, 10.0286827087, 5.67868995667, 4.03080463409, 1.19804775715, 0.704476833344, 1.35773384571, 0.494006842375, 0.205377370119, 0.266611397266, 0.335110872984, 0.0869777426124, 0.00841929763556, 8.666505164e-05, 1.43190004565e-06], "dvar2": [0.163336396217, 1.59985625744, 14.1285324097, 87.8141937256, 68.1654434204, 162.233322144, 312.605865479, 1090.49755859, 1162.85412598, 3709.4206543, 1433.24438477, 1366.94238281, 2912.68212891, 2494.92089844, 1706.36694336, 1387.24450684, 4500.77636719, 2679.60327148, 1866.76208496, 1917.27368164, 870.763122559, 274.087554932, 164.537460327, 159.18699646, 78.1323852539, 64.4682617188, 27.8573513031, 15.4105195999, 11.3885641098, 3.10955023766, 1.64097368717, 2.8284945488, 1.14890122414, 0.353265494108, 0.417291969061, 0.769449412823, 0.200021162629, 0.0189844910055, 0.000164563927683, 3.13460986945e-06], "max": [3.92883658409, 11.0315828323, 27.4439811707, 78.8743743896, 76.8456115723, 179.992340088, 248.419509888, 357.997589111, 328.253753662, 634.756591797, 623.353820801, 960.780151367, 1046.69458008, 823.651672363, 598.27722168, 939.205871582, 795.702392578, 483.032684326, 481.833526611, 551.006286621, 542.112670898, 155.253372192, 110.662208557, 119.934196472, 87.7685089111, 94.4149475098, 64.6511611938, 49.4491920471, 48.3726005554, 23.8686695099, 23.590965271, 44.0675811768, 26.1859855652, 11.8663682938, 12.3113956451, 12.1773748398, 5.93947172165, 1.80913746357, 0.210136666894, 0.0270525850356], "mean": [0.202213212848, 0.408171951771, 1.17671489716, 3.15542578697, 4.09874105453, 7.74315500259, 13.4049224854, 26.7805099487, 28.753320694, 46.5549697876, 34.5104026794, 47.8880996704, 43.2452507019, 47.7937316895, 39.7051506042, 30.5821971893, 40.684879303, 30.9185638428, 26.6400566101, 24.3737354279, 15.1104764938, 13.2280387878, 10.0823259354, 8.73092746735, 6.79704904556, 5.2726521492, 3.72140407562, 2.48634195328, 1.75539505482, 1.07663965225, 0.770836234093, 0.598816752434, 0.368430793285, 0.21066185832, 0.135161429644, 0.0747995227575, 0.0314315930009, 0.00944542977959, 0.00122471957002, 0.000142504359246], "median": [0.000229313503951, 0.0109929377213, 0.181921362877, 0.675467193127, 1.62276673317, 3.00346946716, 5.76086759567, 12.7457141876, 12.9941148758, 12.1326522827, 11.3021125793, 15.1462984085, 9.62318325043, 6.42308092117, 9.63376998901, 6.95854711533, 10.0268640518, 7.23356056213, 6.15706205368, 6.36162948608, 2.80388212204, 2.16472053528, 0.996820092201, 0.982777357101, 0.507220983505, 0.26859587431, 0.131626188755, 0.0485545881093, 0.0197749696672, 0.00807280000299, 0.00391588127241, 0.00178326352034, 0.000784982985351, 0.000284658046439, 0.000149580169818, 5.10222889716e-05, 1.49311090354e-05, 4.54964538221e-06, 4.86112776343e-06, 1.04975570139e-05], "min": [2.21367799573e-22, 1.23506870404e-21, 1.71717060806e-21, 8.65055871865e-21, 1.6110400639e-20, 3.60559660271e-20, 5.12394962494e-20, 9.20822304655e-20, 1.47669316929e-19, 1.82115702575e-19, 2.95392633242e-19, 3.14149470619e-19, 7.09604178008e-19, 5.25765820108e-19, 1.18790239376e-18, 1.34142556449e-18, 1.77042583199e-18, 1.96470305412e-18, 2.72906715736e-18, 3.60529606472e-18, 5.36935632831e-18, 6.05279611145e-18, 7.16612620844e-18, 7.31752590314e-18, 7.16181577027e-18, 8.75537591163e-18, 9.36144204746e-18, 1.00597843165e-17, 1.18900711415e-17, 1.31157799285e-17, 1.17444856993e-17, 1.07223981734e-17, 9.49376861159e-18, 9.55299308909e-18, 7.24467693377e-18, 3.87227232974e-18, 2.60371310541e-18, 1.01093030703e-18, 2.44166216786e-19, 2.64596951068e-20], "var": [0.258971780539, 0.94503480196, 6.71210956573, 39.0359573364, 38.1321907043, 187.87538147, 395.058563232, 1370.78930664, 1639.48254395, 5901.89794922, 3211.98193359, 7031.4609375, 6786.59863281, 7711.80126953, 4365.63525391, 2141.42504883, 4722.03369141, 2365.28613281, 1688.54321289, 1558.14221191, 591.574645996, 359.382293701, 236.977127075, 175.038375854, 124.294967651, 94.2819519043, 48.7587928772, 27.2689342499, 16.3816413879, 6.67514610291, 4.48349571228, 5.01120901108, 1.80920636654, 0.742705225945, 0.606920301914, 0.374245554209, 0.0886511802673, 0.00882482901216, 0.000121756318549, 1.53191444952e-06]}, "gfcc": {"mean": [-110.679397583, 161.011154175, -157.188446045, -5.90273094177, -49.6624679565, -18.5160808563, -32.019618988, -11.2963533401, -18.5911903381, -7.82954120636, -9.46128749847, -11.5987701416, -6.18241548538], "cov": [[32880.2148438, -2166.17871094, -423.159393311, 2227.640625, -1340.70043945, 2138.58349609, -106.076522827, 1395.94177246, -59.3669662476, 933.709228516, -56.669342041, 738.876953125, -124.64176178], [-2166.17871094, 2377.82421875, -795.075561523, -560.555053711, 272.717254639, -727.73815918, -81.3406143188, -519.396057129, -30.100944519, -353.633972168, -12.9984807968, -328.110961914, 64.6696014404], [-423.159393311, -795.075561523, 962.166870117, 318.122467041, 164.796432495, 399.872619629, 141.407302856, 237.049789429, 92.4551467896, 185.515457153, 10.3880882263, 160.457290649, 8.98071575165], [2227.640625, -560.555053711, 318.122467041, 535.883728027, -5.30076265335, 397.408508301, 104.023002625, 244.096740723, 57.4463615417, 148.587203979, 8.46721076965, 125.685272217, -3.77959823608], [-1340.70043945, 272.717254639, 164.796432495, -5.30076265335, 224.908493042, -19.5911693573, 58.5523834229, -45.0167884827, 39.1685218811, -25.6924514771, 4.00510692596, -28.0642929077, 24.8352832794], [2138.58349609, -727.73815918, 399.872619629, 397.408508301, -19.5911693573, 511.54675293, 131.370056152, 311.782592773, 60.1201629639, 179.843978882, 5.43624305725, 147.313690186, -12.0088691711], [-106.076522827, -81.3406143188, 141.407302856, 104.023002625, 58.5523834229, 131.370056152, 125.576339722, 97.5522842407, 48.6275596619, 31.1837158203, 5.45173025131, 16.9342098236, 4.24570083618], [1395.94177246, -519.396057129, 237.049789429, 244.096740723, -45.0167884827, 311.782592773, 97.5522842407, 271.285888672, 65.590965271, 124.128944397, 7.25456762314, 95.6848907471, -18.2099819183], [-59.3669662476, -30.100944519, 92.4551467896, 57.4463615417, 39.1685218811, 60.1201629639, 48.6275596619, 65.590965271, 84.2233047485, 50.3647880554, 20.9163570404, 19.6656208038, 10.5874853134], [933.709228516, -353.633972168, 185.515457153, 148.587203979, -25.6924514771, 179.843978882, 31.1837158203, 124.128944397, 50.3647880554, 134.312057495, 32.2468757629, 78.766204834, -0.840486466885], [-56.669342041, -12.9984807968, 10.3880882263, 8.46721076965, 4.00510692596, 5.43624305725, 5.45173025131, 7.25456762314, 20.9163570404, 32.2468757629, 68.762802124, 37.0924568176, 10.0562839508], [738.876953125, -328.110961914, 160.457290649, 125.685272217, -28.0642929077, 147.313690186, 16.9342098236, 95.6848907471, 19.6656208038, 78.766204834, 37.0924568176, 120.766456604, 23.9868049622], [-124.64176178, 64.6696014404, 8.98071575165, -3.77959823608, 24.8352832794, -12.0088691711, 4.24570083618, -18.2099819183, 10.5874853134, -0.840486466885, 10.0562839508, 23.9868049622, 65.3375549316]], "icov": [[0.000157119924552, -0.000409795262385, 0.000187548677786, -0.00039992434904, 0.000709355401341, -0.000545051880181, 0.000574994133785, -0.000377591728466, 0.00057483377168, -0.0009427901241, 0.000614639138803, -0.00055634486489, 0.000148382314364], [-0.000409795262385, 0.00267276237719, 0.000516513013281, 0.00102121802047, -0.00365696288645, 0.00163105409592, -0.00159708282445, 0.00185875198804, -0.00269648409449, 0.00360811082646, -0.00231010606512, 0.0030032445211, -0.00139110116288], [0.000187548677786, 0.000516513013281, 0.00353202503175, -0.000286927097477, -0.00311887264252, -0.000737594498787, -0.000117645548016, -0.000102095225884, 0.00050555402413, -0.00311185745522, 0.00277962186374, -0.00295281596482, 0.000907866924535], [-0.00039992434904, 0.00102121802047, -0.000286927097477, 0.00551210157573, -0.00218922039494, -0.00177066226024, -0.00158574059606, 0.00106884911656, -0.00194053421728, 0.00187387340702, -0.000919728074223, 0.000296031852486, -0.000136332047987], [0.000709355401341, -0.00365696288645, -0.00311887264252, -0.00218922039494, 0.0158179067075, -0.00450747553259, -0.000397491676267, 0.00266619864851, -0.0015725888079, -0.000632072915323, 0.000783942698035, -0.00018878983974, -0.000601865409408], [-0.000545051880181, 0.00163105409592, -0.000737594498787, -0.00177066226024, -0.00450747553259, 0.0154376337305, -0.00661783106625, -0.00666486658156, 0.00454120803624, -0.00378665444441, 0.00189053860959, -0.00195323117077, 0.000109530396003], [0.000574994133785, -0.00159708282445, -0.000117645548016, -0.00158574059606, -0.000397491676267, -0.00661783106625, 0.0212913528085, -0.00686184084043, -0.00297727901489, 0.00328007014468, -0.00245235301554, 0.00393699947745, -0.00230240053497], [-0.000377591728466, 0.00185875198804, -0.000102095225884, 0.00106884911656, 0.00266619864851, -0.00666486658156, -0.00686184084043, 0.0211424324661, -0.011432081461, 0.00321059417911, 0.00107906979974, -0.00203231512569, 0.00408959854394], [0.00057483377168, -0.00269648409449, 0.00050555402413, -0.00194053421728, -0.0015725888079, 0.00454120803624, -0.00297727901489, -0.011432081461, 0.0303470268846, -0.0164929963648, -8.13158567325e-06, 0.000549807737116, -0.0033068258781], [-0.0009427901241, 0.00360811082646, -0.00311185745522, 0.00187387340702, -0.000632072915323, -0.00378665444441, 0.00328007014468, 0.00321059417911, -0.0164929963648, 0.0339168421924, -0.0130110634491, 0.00397442048416, -0.000955326016992], [0.000614639138803, -0.00231010606512, 0.00277962186374, -0.000919728074223, 0.000783942698035, 0.00189053860959, -0.00245235301554, 0.00107906979974, -8.13158567325e-06, -0.0130110634491, 0.0285609662533, -0.0167066473514, 0.00510475365445], [-0.00055634486489, 0.0030032445211, -0.00295281596482, 0.000296031852486, -0.00018878983974, -0.00195323117077, 0.00393699947745, -0.00203231512569, 0.000549807737116, 0.00397442048416, -0.0167066473514, 0.0320790186524, -0.0139638427645], [0.000148382314364, -0.00139110116288, 0.000907866924535, -0.000136332047987, -0.000601865409408, 0.000109530396003, -0.00230240053497, 0.00408959854394, -0.0033068258781, -0.000955326016992, 0.00510475365445, -0.0139638427645, 0.0232350118458]]}, "melbands": {"dmean": [0.00064586836379, 0.000416041701101, 0.000367670261767, 0.000211932507227, 0.000184691831237, 0.000249759264989, 0.000180078888661, 0.000185658413102, 0.000112642032036, 0.000106045772554, 9.06813293113e-05, 7.01336757629e-05, 6.28626657999e-05, 3.35695658578e-05, 4.70510785817e-05, 3.49008114426e-05, 3.14374519803e-05, 2.03265772143e-05, 1.78634581971e-05, 1.37250044645e-05, 9.18131172511e-06, 6.02617592449e-06, 6.24554786555e-06, 3.71805572286e-06, 3.33939988195e-06, 2.36963751377e-06, 1.54607130298e-06, 1.49530842464e-06, 1.0066902405e-06, 7.58050987315e-07, 5.5741838878e-07, 4.72767879955e-07, 3.13196721891e-07, 2.18384158757e-07, 1.81600157134e-07, 1.55160236659e-07, 1.54880297032e-07, 1.18360453882e-07, 9.16913833748e-08, 8.12602749534e-08], "dmean2": [0.000885943532921, 0.00070854020305, 0.000624056090601, 0.000352493312676, 0.000289361545583, 0.000389530468965, 0.000279355881503, 0.000281631830148, 0.000161523959832, 0.000138735893415, 0.000121337179735, 9.74122012849e-05, 9.01199309737e-05, 5.30509205419e-05, 7.36702859285e-05, 5.57793646294e-05, 5.24783608853e-05, 3.37631463481e-05, 2.97823462461e-05, 2.30968635151e-05, 1.55255183927e-05, 1.01340747278e-05, 1.08542317321e-05, 6.51371919957e-06, 5.7487018239e-06, 4.07439438277e-06, 2.64960249297e-06, 2.58264867625e-06, 1.74405806774e-06, 1.28249246245e-06, 9.45491990478e-07, 8.11358802366e-07, 5.1393448075e-07, 3.5919038055e-07, 2.97491027368e-07, 2.43104864239e-07, 2.42747717039e-07, 1.87032696886e-07, 1.49905417857e-07, 1.21532536923e-07], "dvar": [3.24743518831e-06, 1.17463378047e-06, 7.06795731276e-07, 1.82497728929e-07, 1.26014413127e-07, 1.89939797224e-07, 9.76064811198e-08, 1.63720187629e-07, 3.96029093963e-08, 3.78754805297e-08, 4.3586794618e-08, 2.40773427862e-08, 1.60437405583e-08, 4.1226257963e-09, 7.59235607717e-09, 3.94129395787e-09, 4.46995596093e-09, 1.72676228871e-09, 9.71755675927e-10, 8.01418598151e-10, 5.30205379601e-10, 1.49377038516e-10, 1.51394063952e-10, 7.16829789971e-11, 4.60567105287e-11, 2.2888581655e-11, 1.0649580176e-11, 1.27111611167e-11, 5.62587476605e-12, 3.30812916123e-12, 2.04331712141e-12, 1.73989197615e-12, 7.63573449261e-13, 3.5252408089e-13, 2.98220839299e-13, 3.01506026092e-13, 5.78946233402e-13, 3.29443666357e-13, 1.55102805057e-13, 1.80494711516e-13], "dvar2": [6.93660877005e-06, 3.09879192173e-06, 2.00692852559e-06, 4.88263538045e-07, 3.24785645489e-07, 5.26437531789e-07, 2.6222508609e-07, 4.19252017991e-07, 8.25982695574e-08, 5.717007312e-08, 7.30424574158e-08, 4.67985508124e-08, 3.1037636461e-08, 8.97153196178e-09, 1.77967525161e-08, 9.74004343846e-09, 1.19574901092e-08, 4.69301397743e-09, 2.62110488869e-09, 2.19885731845e-09, 1.43851652812e-09, 4.09214689912e-10, 4.37989838842e-10, 2.09560840903e-10, 1.32795094365e-10, 6.43972999925e-11, 2.93095894777e-11, 3.77794982798e-11, 1.62375998064e-11, 9.2561808912e-12, 5.64514060497e-12, 5.04491587394e-12, 1.98676513609e-12, 9.18867954815e-13, 7.2847403023e-13, 6.57604016813e-13, 1.28020218124e-12, 8.1798039479e-13, 3.75900916297e-13, 3.09137643869e-13], "max": [0.0273891240358, 0.0128232231364, 0.0115426825359, 0.00937122758478, 0.00692682107911, 0.00760700507089, 0.00519131869078, 0.00752855464816, 0.00498975394294, 0.00575711904094, 0.00534141296521, 0.00340164895169, 0.00286246393807, 0.00204027211294, 0.00148470001295, 0.00105827592779, 0.00107205240056, 0.000694569607731, 0.000481782888528, 0.000524539442267, 0.000675529998261, 0.000196779132239, 0.000168048893102, 0.000146749443957, 0.000113046626211, 7.34983987059e-05, 6.80427838233e-05, 7.15352434781e-05, 4.33630375483e-05, 3.34092219418e-05, 2.50293596764e-05, 2.85204951069e-05, 1.82554413186e-05, 1.43730330819e-05, 1.39667590702e-05, 1.95571719814e-05, 2.72209545074e-05, 2.12466384255e-05, 9.83134577837e-06, 1.18812467917e-05], "mean": [0.00141294335481, 0.000588742259424, 0.000559484702535, 0.000409109488828, 0.00045406492427, 0.00059552968014, 0.000462550902739, 0.000472160463687, 0.000293235905701, 0.000287531205686, 0.000211193080759, 0.000191900966456, 0.000153866756591, 7.40776231396e-05, 9.28727822611e-05, 6.86557687004e-05, 5.76581551286e-05, 4.2040785047e-05, 3.48337489413e-05, 2.47434836638e-05, 1.71091378434e-05, 1.36907628985e-05, 1.24923353724e-05, 7.69436155679e-06, 6.99291013007e-06, 5.44972954231e-06, 3.96258019464e-06, 3.36025277647e-06, 2.40275380747e-06, 1.83629856565e-06, 1.31626302391e-06, 1.06181869342e-06, 7.38653284316e-07, 5.42146096905e-07, 4.570516694e-07, 3.83947110549e-07, 3.55167912858e-07, 2.7606077424e-07, 1.98521163952e-07, 1.68870030848e-07], "median": [4.42409964307e-06, 7.03209661879e-05, 0.000151484186063, 0.000166860656464, 0.000205026677577, 0.000284876412479, 0.000208220648346, 0.000120114869787, 9.5196563052e-05, 8.88863141881e-05, 4.02183686674e-05, 2.2907541279e-05, 3.71732021449e-05, 1.43544084494e-05, 2.29381366808e-05, 1.81697741937e-05, 1.2808176507e-05, 1.05397548396e-05, 8.60502495925e-06, 6.25791108178e-06, 2.83870554085e-06, 2.2119318146e-06, 1.83431791356e-06, 5.90482954976e-07, 8.68819142852e-07, 5.17739749739e-07, 2.51376633287e-07, 1.45526030337e-07, 7.37207415114e-08, 5.52708137036e-08, 2.13649649083e-08, 1.23052954493e-08, 6.12820816315e-09, 3.78362274844e-09, 2.18761653237e-09, 1.58499879888e-09, 9.07303399078e-10, 5.61206581207e-10, 3.67727820416e-10, 1.96358540538e-10], "min": [2.0486360749e-24, 1.4347373201e-24, 1.59518364101e-24, 1.84423787563e-24, 1.74580243137e-24, 2.33768575463e-24, 2.25643110924e-24, 1.99969987751e-24, 2.1943270484e-24, 2.70188094368e-24, 2.95920520159e-24, 1.52391025544e-24, 4.17787243508e-24, 1.7010424636e-24, 3.71789710757e-24, 2.64181746879e-24, 3.54811294152e-24, 3.5430961806e-24, 4.45183751657e-24, 3.43181827802e-24, 5.3049042053e-24, 4.78373141535e-24, 4.33676874291e-24, 4.08210038245e-24, 5.27969536621e-24, 4.45393273114e-24, 5.23331902245e-24, 5.00233542181e-24, 4.38920156627e-24, 5.72167086001e-24, 4.50894867953e-24, 6.50844246712e-24, 5.23933645344e-24, 6.62928885806e-24, 6.48555603454e-24, 5.98397184416e-24, 6.40545785924e-24, 5.02752059507e-24, 6.49858131138e-24, 7.33477820965e-24], "var": [1.17196150313e-05, 1.63545746545e-06, 1.00890599697e-06, 4.08962335996e-07, 4.05321145536e-07, 6.39929965018e-07, 3.94856016328e-07, 6.07354138538e-07, 2.17468155483e-07, 2.49176821399e-07, 1.71048185393e-07, 1.40755943789e-07, 8.31178752492e-08, 1.37292808233e-08, 2.07401456009e-08, 1.08656168507e-08, 9.52106393726e-09, 4.14368805934e-09, 2.51374432381e-09, 1.65082547632e-09, 8.99439744906e-10, 4.29379254374e-10, 3.97033267374e-10, 1.79877834849e-10, 1.20399565318e-10, 7.68553484742e-11, 4.97361457574e-11, 4.26895081784e-11, 2.09546373309e-11, 1.37285989868e-11, 8.04255793907e-12, 6.1513025576e-12, 2.98832443166e-12, 1.86959692519e-12, 1.53981265672e-12, 1.53297199153e-12, 1.87237421748e-12, 1.06928029799e-12, 4.95189176122e-13, 5.58916574047e-13]}, "mfcc": {"mean": [-725.390869141, 180.372848511, -36.0495986938, 2.62369012833, -6.20939922333, -11.0510177612, -8.54556083679, -11.7676105499, -8.90822124481, -3.02635073662, -6.10952758789, -4.65014505386, -5.12727069855], "cov": [[16540.2597656, -1243.62341309, 321.049743652, 1219.37561035, -294.104919434, 1044.33959961, 461.983428955, 906.683837891, 595.366271973, 534.441589355, 536.754211426, 626.890197754, 413.66986084], [-1243.62341309, 1867.94616699, -391.67086792, -127.162460327, 120.93409729, -259.92175293, -105.441368103, -245.04119873, -131.287689209, -114.686256409, -146.365646362, -133.604400635, -108.764328003], [321.049743652, -391.67086792, 458.527679443, 46.3301239014, 101.606208801, 152.446914673, 85.9606246948, 124.171913147, 104.23399353, 66.0063400269, 71.6304016113, 58.0540428162, 43.5008773804], [1219.37561035, -127.162460327, 46.3301239014, 286.486907959, 37.4819259644, 146.481887817, 92.5259399414, 102.475776672, 102.140563965, 71.5220031738, 75.5110702515, 71.6109771729, 44.7173538208], [-294.104919434, 120.93409729, 101.606208801, 37.4819259644, 162.553817749, 49.7258911133, 33.7186164856, 13.9780349731, 25.206363678, 7.19053697586, 7.70380735397, -0.0618656612933, -1.12500059605], [1044.33959961, -259.92175293, 152.446914673, 146.481887817, 49.7258911133, 215.541671753, 109.504684448, 130.399490356, 112.250236511, 84.5698318481, 86.4479064941, 71.7700881958, 47.7924613953], [461.983428955, -105.441368103, 85.9606246948, 92.5259399414, 33.7186164856, 109.504684448, 115.203987122, 99.3283157349, 71.6231002808, 55.8125839233, 50.9556922913, 42.0853424072, 27.877325058], [906.683837891, -245.04119873, 124.171913147, 102.475776672, 13.9780349731, 130.399490356, 99.3283157349, 187.419876099, 116.20489502, 82.7966384888, 83.1495513916, 70.4850921631, 50.2888679504], [595.366271973, -131.287689209, 104.23399353, 102.140563965, 25.206363678, 112.250236511, 71.6231002808, 116.20489502, 141.034240723, 87.7243347168, 61.7079620361, 49.6010856628, 29.7490119934], [534.441589355, -114.686256409, 66.0063400269, 71.5220031738, 7.19053697586, 84.5698318481, 55.8125839233, 82.7966384888, 87.7243347168, 117.2423172, 80.3662643433, 41.938293457, 32.6563644409], [536.754211426, -146.365646362, 71.6304016113, 75.5110702515, 7.70380735397, 86.4479064941, 50.9556922913, 83.1495513916, 61.7079620361, 80.3662643433, 109.564544678, 69.5963516235, 37.5614967346], [626.890197754, -133.604400635, 58.0540428162, 71.6109771729, -0.0618656612933, 71.7700881958, 42.0853424072, 70.4850921631, 49.6010856628, 41.938293457, 69.5963516235, 98.3130569458, 53.8319129944], [413.66986084, -108.764328003, 43.5008773804, 44.7173538208, -1.12500059605, 47.7924613953, 27.877325058, 50.2888679504, 29.7490119934, 32.6563644409, 37.5614967346, 53.8319129944, 69.2224349976]], "icov": [[0.000164738637977, -0.000121015305922, -6.4950560045e-05, -0.000493562489282, 0.000615212891717, -0.000788865145296, 0.000640755228233, -0.00070007040631, 0.000581021944527, -0.000447550992249, 0.000547114759684, -0.00054626876954, 7.96070162323e-05], [-0.000121015305922, 0.00107616756577, 0.000911333307158, 0.000489487196319, -0.00188657629769, 0.0015911856899, -0.00114577915519, 0.0013109697029, -0.00111781631131, 0.000264745904133, -0.000298642262351, 0.000275764468824, 0.000208060635487], [-6.4950560045e-05, 0.000911333307158, 0.00440246192738, 0.00175188318826, -0.00328249623999, -0.000602536543738, -0.000816191721242, 0.000189660320757, -0.00213815248571, 0.000891701085493, -0.000919712940231, 0.000115520539111, -0.000617245794274], [-0.000493562489282, 0.000489487196319, 0.00175188318826, 0.00802548788488, -0.00284462748095, -0.000305695110001, -0.00382943637669, 0.00311126653105, -0.00462866434827, 0.00240240362473, -0.00282195629552, 0.000473064603284, -0.0011007838184], [0.000615212891717, -0.00188657629769, -0.00328249623999, -0.00284462748095, 0.0124173620716, -0.00517900660634, 0.00137076515239, -0.00165019009728, 0.00223908340558, -0.000126885905047, 0.00128014362417, -0.00021043275774, 0.000250574317761], [-0.000788865145296, 0.0015911856899, -0.000602536543738, -0.000305695110001, -0.00517900660634, 0.0191036704928, -0.00960402283818, 0.00348738906905, -0.00642797024921, 0.00239277118817, -0.00535263074562, 0.00214425311424, -0.00127842056099], [0.000640755228233, -0.00114577915519, -0.000816191721242, -0.00382943637669, 0.00137076515239, -0.00960402283818, 0.0246331356466, -0.0109874336049, 0.00523313274607, -0.0051264972426, 0.00494958460331, -0.00303231715225, 0.00191414589062], [-0.00070007040631, 0.0013109697029, 0.000189660320757, 0.00311126653105, -0.00165019009728, 0.00348738906905, -0.0109874336049, 0.0210346467793, -0.012358861044, 0.00514083448797, -0.00767270708457, 0.00275488430634, -0.00426954496652], [0.000581021944527, -0.00111781631131, -0.00213815248571, -0.00462866434827, 0.00223908340558, -0.00642797024921, 0.00523313274607, -0.012358861044, 0.0271401405334, -0.0159555952996, 0.0111162085086, -0.00728981755674, 0.00595126347616], [-0.000447550992249, 0.000264745904133, 0.000891701085493, 0.00240240362473, -0.000126885905047, 0.00239277118817, -0.0051264972426, 0.00514083448797, -0.0159555952996, 0.0304327346385, -0.0215663667768, 0.0122217359021, -0.00764798605815], [0.000547114759684, -0.000298642262351, -0.000919712940231, -0.00282195629552, 0.00128014362417, -0.00535263074562, 0.00494958460331, -0.00767270708457, 0.0111162085086, -0.0215663667768, 0.035894267261, -0.0198146179318, 0.00728835584596], [-0.00054626876954, 0.000275764468824, 0.000115520539111, 0.000473064603284, -0.00021043275774, 0.00214425311424, -0.00303231715225, 0.00275488430634, -0.00728981755674, 0.0122217359021, -0.0198146179318, 0.0328151918948, -0.0163447670639], [7.96070162323e-05, 0.000208060635487, -0.000617245794274, -0.0011007838184, 0.000250574317761, -0.00127842056099, 0.00191414589062, -0.00426954496652, 0.00595126347616, -0.00764798605815, 0.00728835584596, -0.0163447670639, 0.0284203123301]]}, "spectral_contrast_coeffs": {"dmean": [0.0425357744098, 0.0391125380993, 0.0317872799933, 0.0269478168339, 0.0183144919574, 0.0146545823663], "dmean2": [0.0707192644477, 0.0627395063639, 0.0510293915868, 0.0445509329438, 0.0307600535452, 0.0249188430607], "dvar": [0.00130331574474, 0.00106654968113, 0.000677617266774, 0.000468069018098, 0.000229723329539, 0.000158040929819], "dvar2": [0.00357351778075, 0.00280772382393, 0.00172782305162, 0.00125205772929, 0.000616750796326, 0.000444650329882], "max": [-0.278960198164, -0.433369249105, -0.510237574577, -0.567275881767, -0.631756365299, -0.626706063747], "mean": [-0.573908507824, -0.69869607687, -0.721064865589, -0.749850928783, -0.772256910801, -0.754569470882], "median": [-0.568352043629, -0.701895713806, -0.723822712898, -0.751865565777, -0.778009474277, -0.74853682518], "min": [-0.978596150875, -0.976341724396, -0.976553380489, -0.971935153008, -0.967042803764, -0.96437048912], "var": [0.0132431443781, 0.00588493281975, 0.00405847048387, 0.00294178142212, 0.00208609504625, 0.00180936045945]}, "spectral_contrast_valleys": {"dmean": [0.393046855927, 0.290847569704, 0.249202802777, 0.214454904199, 0.16103515029, 0.179040759802], "dmean2": [0.647696435452, 0.474927157164, 0.413984209299, 0.358122676611, 0.263099133968, 0.284270912409], "dvar": [0.148442804813, 0.110741771758, 0.090514421463, 0.0824476256967, 0.0695999935269, 0.0776947438717], "dvar2": [0.321204870939, 0.206861883402, 0.16349413991, 0.14937081933, 0.12598092854, 0.153848201036], "max": [-5.37749195099, -4.7262063026