{"lowlevel": {"average_loudness": 0.793708324432, "barkbands_crest": {"dmean": 2.76236557961, "dmean2": 4.22601509094, "dvar": 8.40599060059, "dvar2": 17.04920578, "max": 26.2834682465, "mean": 11.0096979141, "median": 9.88530731201, "min": 2.18851852417, "var": 27.968290329}, "barkbands_flatness_db": {"dmean": 0.0232283957303, "dmean2": 0.0336952991784, "dvar": 0.000624971522484, "dvar2": 0.00112876761705, "max": 0.586563110352, "mean": 0.166641756892, "median": 0.14885725081, "min": 0.0247065015137, "var": 0.00617233663797}, "barkbands_kurtosis": {"dmean": 4.92341709137, "dmean2": 7.133893013, "dvar": 519.188598633, "dvar2": 1097.87231445, "max": 1094.07910156, "mean": 6.55527973175, "median": 1.15776968002, "min": -1.94578707218, "var": 833.302490234}, "barkbands_skewness": {"dmean": 0.633091270924, "dmean2": 0.886973202229, "dvar": 0.813519239426, "dvar2": 1.46198177338, "max": 24.2375049591, "mean": 1.5662560463, "median": 1.20242536068, "min": -9.18707847595, "var": 2.98196911812}, "barkbands_spread": {"dmean": 6.75918388367, "dmean2": 10.1135854721, "dvar": 89.2543487549, "dvar2": 186.505142212, "max": 119.911590576, "mean": 24.4220199585, "median": 20.8883590698, "min": 0.084919385612, "var": 315.210205078}, "dissonance": {"dmean": 0.0200334787369, "dmean2": 0.0331252999604, "dvar": 0.000400131248171, "dvar2": 0.00106739520561, "max": 0.499999970198, "mean": 0.450532525778, "median": 0.460927784443, "min": 0.216107115149, "var": 0.00149532279465}, "dynamic_complexity": 4.30617427826, "erbbands_crest": {"dmean": 2.26238560677, "dmean2": 3.6304371357, "dvar": 4.88845443726, "dvar2": 11.8198213577, "max": 26.4555168152, "mean": 8.30126667023, "median": 7.53653478622, "min": 2.14850950241, "var": 13.0258131027}, "erbbands_flatness_db": {"dmean": 0.0205858796835, "dmean2": 0.0287212617695, "dvar": 0.000425864098361, "dvar2": 0.000775123538915, "max": 0.41249024868, "mean": 0.170442715287, "median": 0.162703171372, "min": 0.0433731302619, "var": 0.00399876944721}, "erbbands_kurtosis": {"dmean": 0.914381623268, "dmean2": 1.4242169857, "dvar": 2.29997420311, "dvar2": 5.18119049072, "max": 37.6296539307, "mean": 0.402906924486, "median": -0.127495765686, "min": -1.858066082, "var": 4.53116893768}, "erbbands_skewness": {"dmean": 0.363483220339, "dmean2": 0.541271209717, "dvar": 0.140195652843, "dvar2": 0.301311075687, "max": 4.95921850204, "mean": 0.259855002165, "median": 0.226711854339, "min": -4.92248868942, "var": 0.677371442318}, "erbbands_spread": {"dmean": 9.97166442871, "dmean2": 15.04545784, "dvar": 161.235992432, "dvar2": 369.302429199, "max": 194.44682312, "mean": 37.6382255554, "median": 33.3387680054, "min": 3.98306846619, "var": 374.710693359}, "hfc": {"dmean": 8.75600337982, "dmean2": 12.9825716019, "dvar": 187.897018433, "dvar2": 384.90814209, "max": 193.896408081, "mean": 22.4232349396, "median": 15.3278770447, "min": 1.10462076195e-16, "var": 582.182556152}, "melbands_crest": {"dmean": 2.88613319397, "dmean2": 4.37938213348, "dvar": 8.6928319931, "dvar2": 17.9988479614, "max": 33.5125541687, "mean": 14.2234992981, "median": 13.3263120651, "min": 1.00184106827, "var": 33.0716285706}, "melbands_flatness_db": {"dmean": 0.0291056782007, "dmean2": 0.0401245318353, "dvar": 0.00106086838059, "dvar2": 0.00175746285822, "max": 0.730451881886, "mean": 0.215761572123, "median": 0.198380500078, "min": -2.32973349057e-07, "var": 0.0104456357658}, "melbands_kurtosis": {"dmean": 9.12921047211, "dmean2": 13.2828989029, "dvar": 489.910614014, "dvar2": 1030.73974609, "max": 638.792602539, "mean": 14.8078451157, "median": 5.75701618195, "min": -1.84920036793, "var": 911.052734375}, "melbands_skewness": {"dmean": 0.81602782011, "dmean2": 1.1617462635, "dvar": 1.21072793007, "dvar2": 2.33918213844, "max": 21.531665802, "mean": 2.6084382534, "median": 2.14802098274, "min": -3.43955135345, "var": 3.56553506851}, "melbands_spread": {"dmean": 8.48943996429, "dmean2": 12.4141273499, "dvar": 158.639633179, "dvar2": 308.328552246, "max": 243.299118042, "mean": 26.9775333405, "median": 21.0037441254, "min": 0.214966088533, "var": 583.354125977}, "pitch_salience": {"dmean": 0.0731991901994, "dmean2": 0.113531462848, "dvar": 0.00604629376903, "dvar2": 0.0135212130845, "max": 0.995947480202, "mean": 0.514136373997, "median": 0.530034065247, "min": 0.0353640280664, "var": 0.016568697989}, "silence_rate_20dB": {"dmean": 0, "dmean2": 0, "dvar": 0, "dvar2": 0, "max": 1, "mean": 1, "median": 1, "min": 1, "var": 0}, "silence_rate_30dB": {"dmean": 0.00235798489302, "dmean2": 0.00471647549421, "dvar": 0.00235249474645, "dvar2": 0.00576653564349, "max": 1, "mean": 0.997427940369, "median": 1, "min": 0, "var": 0.00256497226655}, "silence_rate_60dB": {"dmean": 0.0158628076315, "dmean2": 0.031729016453, "dvar": 0.0156094627455, "dvar2": 0.032866474241, "max": 1, "mean": 0.101811170578, "median": 0, "min": 0, "var": 0.0914554521441}, "spectral_centroid": {"dmean": 276.074127197, "dmean2": 406.375152588, "dvar": 134765.484375, "dvar2": 267158.28125, "max": 11589.5830078, "mean": 1338.64147949, "median": 1226.39074707, "min": 91.2386322021, "var": 574343.625}, "spectral_complexity": {"dmean": 3.41929268837, "dmean2": 4.85411071777, "dvar": 21.9026603699, "dvar2": 32.7924232483, "max": 60, "mean": 16.9826393127, "median": 16, "min": 0, "var": 120.438713074}, "spectral_decrease": {"dmean": 2.48240672462e-09, "dmean2": 3.62772345497e-09, "dvar": 1.53871806675e-17, "dvar2": 3.24638479576e-17, "max": 1.38631554996e-28, "mean": -6.27202378922e-09, "median": -4.6375152607e-09, "min": -3.99057107359e-08, "var": 3.46053689327e-17}, "spectral_energy": {"dmean": 0.00994482915848, "dmean2": 0.0145393917337, "dvar": 0.000231792306295, "dvar2": 0.000490527250804, "max": 0.160023674369, "mean": 0.0257058441639, "median": 0.019484911114, "min": 1.04762990035e-20, "var": 0.000540960987564}, "spectral_energyband_high": {"dmean": 0.000683615275193, "dmean2": 0.00105629651807, "dvar": 2.03296008294e-06, "dvar2": 4.15617068938e-06, "max": 0.0218074209988, "mean": 0.00110589410178, "median": 0.000230023011682, "min": 7.56870341265e-21, "var": 4.7634675866e-06}, "spectral_energyband_low": {"dmean": 0.00631692027673, "dmean2": 0.0093252742663, "dvar": 0.000179012698936, "dvar2": 0.000361433019862, "max": 0.0931010469794, "mean": 0.00980824884027, "median": 0.00390511425212, "min": 2.63865800197e-23, "var": 0.000266540562734}, "spectral_energyband_middle_high": {"dmean": 0.00200632261112, "dmean2": 0.00272886105813, "dvar": 1.10096116259e-05, "dvar2": 2.01664424822e-05, "max": 0.130656391382, "mean": 0.00535495532677, "median": 0.00313532794826, "min": 1.26259507763e-21, "var": 4.52780768683e-05}, "spectral_energyband_middle_low": {"dmean": 0.00471300445497, "dmean2": 0.00770523538813, "dvar": 5.88721159147e-05, "dvar2": 0.000157576971105, "max": 0.148529529572, "mean": 0.0101674310863, "median": 0.0069305091165, "min": 2.54114185677e-22, "var": 0.000118344774819}, "spectral_entropy": {"dmean": 0.195482745767, "dmean2": 0.276232093573, "dvar": 0.0510933175683, "dvar2": 0.0985902175307, "max": 9.80060768127, "mean": 7.42797374725, "median": 7.50490140915, "min": 4.72828197479, "var": 0.444590270519}, "spectral_flux": {"dmean": 0.0296590663493, "dmean2": 0.0460844635963, "dvar": 0.001585680875, "dvar2": 0.00276550278068, "max": 0.301043212414, "mean": 0.0824565291405, "median": 0.0709238052368, "min": 6.44111847192e-11, "var": 0.00385534367524}, "spectral_kurtosis": {"dmean": 3.12060928345, "dmean2": 5.21984386444, "dvar": 38.1193313599, "dvar2": 112.168983459, "max": 111.843772888, "mean": 6.91077661514, "median": 4.31140518188, "min": -1.44336521626, "var": 111.060546875}, "spectral_rms": {"dmean": 0.000856311351527, "dmean2": 0.00121411541477, "dvar": 1.30940759391e-06, "dvar2": 2.56459270531e-06, "max": 0.0124948248267, "mean": 0.00446280790493, "median": 0.00436000805348, "min": 3.19699540278e-12, "var": 5.16221689395e-06}, "spectral_rolloff": {"dmean": 641.135925293, "dmean2": 1045.84472656, "dvar": 1540640, "dvar2": 3308664.75, "max": 19121.484375, "mean": 1798.2833252, "median": 1119.7265625, "min": 64.599609375, "var": 4384280}, "spectral_skewness": {"dmean": 0.328775852919, "dmean2": 0.528974056244, "dvar": 0.18880495429, "dvar2": 0.533239424229, "max": 8.2698841095, "mean": 1.76242935658, "median": 1.63457322121, "min": -0.526105225086, "var": 0.705685555935}, "spectral_spread": {"dmean": 910324.625, "dmean2": 1268732.125, "dvar": 1589923414020.0, "dvar2": 3010726461440.0, "max": 50477976, "mean": 4627297, "median": 4022267.25, "min": 640470.625, "var": 6068150730750.0}, "spectral_strongpeak": {"dmean": 0.486944943666, "dmean2": 0.826279997826, "dvar": 1.55481934547, "dvar2": 3.76699924469, "max": 18.6768932343, "mean": 0.822838664055, "median": 0.351203739643, "min": 0, "var": 1.89595961571}, "zerocrossingrate": {"dmean": 0.0137012870982, "dmean2": 0.0152004687116, "dvar": 0.000324372551404, "dvar2": 0.000355308380676, "max": 0.525390625, "mean": 0.0648002773523, "median": 0.05126953125, "min": 0.00244140625, "var": 0.0028558364138}, "barkbands": {"dmean": [6.0913269408e-05, 0.00481974380091, 0.00259969197214, 0.00180398544762, 0.0015747572761, 0.000729913299438, 0.000857145292684, 0.00103036139626, 0.000505268690176, 0.000335213553626, 0.000257537176367, 0.000514950137585, 0.00036915965029, 0.000352151691914, 0.000366376887541, 0.000383215170586, 0.000332125491695, 0.000181864321348, 0.0002394515177, 8.64126486704e-05, 0.000100533594377, 0.000114190734166, 0.000200137161301, 0.000141378186527, 0.000107271494926, 6.40368889435e-05, 1.42336702424e-07], "dmean2": [0.000103311816929, 0.00732378754765, 0.00479879835621, 0.00337556749582, 0.00252350792289, 0.00115730648395, 0.00131514749955, 0.00148378417362, 0.000743631622754, 0.000484777003294, 0.000403016543714, 0.00078614987433, 0.00056493136799, 0.000548676180188, 0.00058637483744, 0.000585341709666, 0.000514127721544, 0.000293448363664, 0.000347805500496, 0.000135278402013, 0.000162430107594, 0.000183517535334, 0.00029619250563, 0.000220107496716, 0.000167765480001, 0.000103589234641, 2.40870065227e-07], "dvar": [1.47192267264e-08, 0.000115148483019, 6.00007842877e-05, 2.63678011834e-05, 7.67486380937e-06, 2.51454434874e-06, 4.02187151849e-06, 9.18862315302e-06, 1.56674752816e-06, 2.48187302532e-06, 6.4234615138e-07, 1.2692190694e-06, 6.07639037753e-07, 7.59353667945e-07, 1.0380307458e-06, 6.41749238639e-07, 5.2428691788e-07, 2.71536066521e-07, 1.97510942712e-07, 4.37338343318e-08, 9.02494861066e-08, 7.01110280943e-08, 2.07567239841e-07, 1.54289296006e-07, 1.11088453991e-07, 1.74278778076e-08, 7.67362627434e-13], "dvar2": [4.15957508437e-08, 0.000236925014178, 0.000167651407537, 7.57937959861e-05, 1.89285183296e-05, 6.38758274363e-06, 8.73278713698e-06, 1.72654854396e-05, 3.15721831612e-06, 4.11477867601e-06, 1.35226252951e-06, 2.72037254945e-06, 1.42088379107e-06, 1.84701264061e-06, 2.49498452831e-06, 1.4000753481e-06, 1.23985194023e-06, 7.28232066649e-07, 4.06448464219e-07, 9.30456209858e-08, 2.10522628663e-07, 1.57541862222e-07, 3.99363329961e-07, 3.20555642475e-07, 2.1037227782e-07, 4.3122135196e-08, 1.97215746338e-12], "max": [0.00100334477611, 0.0787778347731, 0.0461013838649, 0.0463303029537, 0.057080257684, 0.0320865511894, 0.0492331236601, 0.145748749375, 0.0436476506293, 0.120522290468, 0.056735791266, 0.0390370041132, 0.016978437081, 0.0186278466135, 0.0212349016219, 0.0168874040246, 0.0127432160079, 0.00635851360857, 0.00919134449214, 0.00357500067912, 0.00412435503677, 0.0054173390381, 0.00826570019126, 0.0124430265278, 0.013048203662, 0.00175964878872, 2.6958201488e-05], "mean": [6.77882417222e-05, 0.00731105078012, 0.00173329073004, 0.00142497313209, 0.00293152150698, 0.00143619044684, 0.00143243849743, 0.00190268666483, 0.000971319386736, 0.000602892134339, 0.000407647894463, 0.000845736649353, 0.000539904285688, 0.000483291049022, 0.000538360211067, 0.000650695699733, 0.000545485003386, 0.000251692632446, 0.000455298548331, 0.000125684615341, 0.000124584315927, 0.000166717290995, 0.000334330426995, 0.000227967917453, 0.000134711473947, 5.94952070969e-05, 1.28134885813e-07], "median": [1.03231659523e-05, 0.00328526459634, 0.00021221008501, 0.000317795143928, 0.001123974449, 0.000647079548799, 0.00040396687109, 0.000355277617928, 0.000314215983963, 0.000134048023028, 0.000138213028549, 0.000281460175756, 0.000160931012942, 0.000128925559693, 0.000132236236823, 0.000215936481254, 0.000149082392454, 8.16829124233e-05, 0.00013754691463, 3.66958956874e-05, 2.26232023124e-05, 3.93033405999e-05, 4.47849124612e-05, 4.6719211241e-05, 1.13064534162e-05, 3.27210295836e-06, 1.02209996022e-09], "min": [1.66066619589e-24, 1.16146815198e-23, 5.91243359854e-24, 1.08629325758e-23, 1.95945412683e-23, 2.45900092615e-23, 3.90073794712e-23, 1.02501856566e-23, 5.99911489698e-23, 4.41719413772e-23, 2.78331742151e-23, 4.8155187233e-23, 2.88949021074e-23, 5.76058607844e-23, 6.87031710349e-23, 8.73863318331e-23, 1.53641844184e-22, 1.48020598078e-22, 1.5817111747e-22, 2.56944340926e-22, 2.56874290078e-22, 3.60305516297e-22, 5.91986971698e-22, 7.07421076311e-22, 1.24689813401e-21, 1.52884383729e-21, 1.93596452489e-21], "var": [1.67248419558e-08, 0.00014989945339, 3.62359605788e-05, 1.56656114996e-05, 2.28806002269e-05, 6.71517864248e-06, 8.66417394718e-06, 2.89849358523e-05, 4.91283981319e-06, 8.51585991768e-06, 1.32267871322e-06, 3.1316735658e-06, 1.10168809897e-06, 1.15557759273e-06, 1.69810755324e-06, 1.50028563439e-06, 1.13477346986e-06, 2.80172741896e-07, 5.68127177303e-07, 7.34260297008e-08, 1.27939458139e-07, 1.21147110121e-07, 6.52980531868e-07, 3.14150383929e-07, 2.01173889991e-07, 1.784825443e-08, 8.12399301477e-13]}, "erbbands": {"dmean": [0.116856627166, 1.21552121639, 2.81959652901, 4.93520593643, 5.5533323288, 5.5224275589, 3.83765864372, 7.56784152985, 10.7428817749, 15.939912796, 20.5569438934, 9.98600101471, 11.1553468704, 11.9747409821, 11.2855329514, 17.1176052094, 14.0273981094, 20.1916885376, 15.5536470413, 16.3101825714, 20.0064582825, 17.6197223663, 10.1910667419, 9.10018444061, 11.6874008179, 4.21300029755, 3.99419760704, 3.87118506432, 4.13462972641, 5.55964899063, 5.05971956253, 3.50757718086, 2.05665588379, 1.36196160316, 0.674003839493, 0.356878221035, 0.110870145261, 0.00611407309771, 0.000134088419145, 1.87517307495e-05], "dmean2": [0.166578739882, 1.85503458977, 4.93991804123, 9.29874515533, 9.621717453, 8.66055774689, 5.97069311142, 11.8597841263, 16.729681015, 23.6314926147, 29.2924842834, 14.8206186295, 15.9878416061, 18.0423088074, 17.2702941895, 26.1135578156, 21.1075363159, 31.1590042114, 24.2442455292, 24.391084671, 30.471540451, 26.8069553375, 15.9290351868, 12.9308958054, 16.8635826111, 6.55685567856, 6.45486927032, 6.26314783096, 6.65887260437, 8.60662078857, 7.46933364868, 5.53946208954, 3.12786698341, 2.11041498184, 1.06174969673, 0.564465820789, 0.184322535992, 0.0103573398665, 0.000221903799684, 2.85930200334e-05], "dvar": [0.0583084076643, 7.46206045151, 59.3862724304, 216.8253479, 144.299301147, 133.229431152, 92.2807006836, 306.105133057, 689.471801758, 1296.26550293, 3335.97802734, 794.300598145, 1449.54284668, 1332.06518555, 621.102355957, 1370.42492676, 761.206970215, 2377.88574219, 2639.65820312, 1372.95385742, 1690.42199707, 1623.14208984, 729.968811035, 305.087860107, 563.177185059, 114.68989563, 146.57762146, 122.769477844, 98.7935180664, 138.795501709, 133.646469116, 94.6976013184, 32.7025260925, 20.6762752533, 3.26444220543, 0.511047840118, 0.0585463680327, 0.000218597386265, 8.79906991713e-08, 7.78870079543e-10], "dvar2": [0.0992144718766, 16.3015766144, 159.074111938, 620.677185059, 402.490325928, 305.50088501, 186.372131348, 790.758178711, 1458.96435547, 2637.41064453, 6492.30175781, 1778.13537598, 2483.63720703, 2491.91088867, 1331.64941406, 3076.53027344, 1725.06396484, 5755.73632812, 6451.90185547, 3036.74121094, 3758.30810547, 3692.33862305, 1882.29174805, 588.430847168, 1192.12365723, 251.986206055, 338.602386475, 288.697845459, 228.851776123, 282.419921875, 265.825439453, 204.723831177, 67.1400146484, 38.6707763672, 6.85339593887, 1.21688938141, 0.149685263634, 0.000573017809074, 2.2512372766e-07, 1.80509573955e-09], "max": [2.11510753632, 20.7754745483, 47.5159988403, 96.9415206909, 178.836761475, 224.502990723, 280.00793457, 367.42956543, 783.648376465, 1169.82714844, 2441.82958984, 1249.42944336, 2260.81591797, 2018.60852051, 876.88684082, 853.788818359, 626.235412598, 1166.88769531, 1571.24890137, 878.400756836, 1052.98571777, 794.38873291, 351.486450195, 304.34173584, 568.864318848, 171.531417847, 203.322174072, 171.036224365, 182.798690796, 241.230026245, 194.43069458, 308.909454346, 176.697219849, 171.319671631, 88.0255355835, 9.40046787262, 2.93564534187, 0.179883554578, 0.00363522092812, 0.000305791094434], "mean": [0.193438053131, 1.68933975697, 2.29506230354, 3.6179561615, 7.38589286804, 10.2658071518, 8.10875797272, 14.8967638016, 18.7928924561, 28.8399124146, 38.6972389221, 19.3828754425, 21.8634128571, 21.1133899689, 19.7538032532, 28.3420219421, 23.2770576477, 30.1075077057, 23.5497570038, 29.3328418732, 36.2008666992, 30.3897018433, 15.8723220825, 17.7443370819, 20.4850540161, 6.43326282501, 5.05403184891, 4.85847902298, 6.12946987152, 9.09803676605, 8.20988559723, 5.80190372467, 3.11322855949, 1.78305196762, 0.797506928444, 0.356179922819, 0.0957842618227, 0.00534936925396, 0.000137942886795, 4.0071496187e-05], "median": [0.0737673640251, 0.794461369514, 0.545334398746, 0.822896540165, 2.39425134659, 2.55492377281, 3.47028613091, 6.06007051468, 6.52802801132, 9.90563392639, 9.80133152008, 7.66809415817, 7.16902303696, 8.07869529724, 6.90314388275, 10.0642442703, 8.73556518555, 9.25690937042, 6.85337018967, 8.66596412659, 12.5999116898, 9.13032722473, 5.38836145401, 5.95683050156, 6.15108728409, 2.00501775742, 0.927553236485, 0.948370099068, 1.38206601143, 1.49774813652, 1.1937674284, 1.18644857407, 0.542916119099, 0.167536363006, 0.0624495223165, 0.0186774227768, 0.00538676511496, 0.000410931446822, 2.89111922029e-05, 3.01173040498e-05], "min": [1.17119338699e-22, 2.20820287191e-21, 9.41178217866e-21, 3.2164229879e-20, 7.20925256214e-20, 4.49841367375e-20, 1.097459939e-19, 2.74682279601e-19, 4.64661316175e-19, 1.67226412775e-19, 6.46657594549e-19, 1.30375927491e-18, 1.1953033855e-18, 7.88859971412e-19, 1.08221187253e-18, 2.36348641384e-18, 1.55967075846e-18, 2.73652294982e-18, 4.14853162918e-18, 4.0721419132e-18, 4.8218905622e-18, 7.71638494988e-18, 8.88192131046e-18, 6.37542674244e-18, 1.0883374138e-17, 1.43691182024e-17, 1.09871497361e-17, 9.72414254809e-18, 1.14089737982e-17, 1.25799000677e-17, 1.48715857568e-17, 1.49312999252e-17, 1.25139506118e-17, 1.05519799421e-17, 9.58305365973e-18, 5.27250299115e-18, 2.89670109876e-18, 1.17901723321e-18, 2.8743339799e-19, 2.65290878054e-20], "var": [0.100512348115, 8.66152095795, 41.3519439697, 124.795722961, 181.442687988, 419.146118164, 340.170532227, 858.677490234, 1373.04125977, 3305.74365234, 9923.26171875, 1808.37878418, 5263.35888672, 3582.02197266, 1496.13928223, 2892.88598633, 1595.60803223, 4266.34033203, 3204.48413086, 3320.77612305, 4396.21972656, 3554.72607422, 907.876953125, 845.989807129, 1359.30737305, 189.370010376, 214.54776001, 171.337036133, 171.106292725, 402.205200195, 367.756774902, 188.391571045, 65.0824356079, 38.7791061401, 5.27199983597, 0.607049524784, 0.0523681305349, 0.000188916630577, 8.67991971631e-08, 1.43771028416e-09]}, "gfcc": {"mean": [-38.4072723389, 102.707229614, -123.404808044, 28.0889911652, -56.227848053, 15.9031352997, -42.0826263428, 13.6424226761, -13.6097106934, 0.781064867973, -6.86821508408, 2.67358446121, -10.1944055557], "cov": [[21170.8339844, -3529.47070312, 807.474304199, 1939.94677734, -723.917907715, 2372.23828125, -768.030822754, 1086.73852539, -271.916381836, 415.454071045, -535.286315918, 304.376434326, -994.680480957], [-3529.47070312, 2774.7722168, -553.402832031, -457.300842285, 602.666137695, -811.403747559, 490.578552246, -290.477386475, 303.488952637, -222.461395264, 358.846954346, -184.502258301, 362.288116455], [807.474304199, -553.402832031, 1203.90209961, 344.669433594, 107.925125122, 512.699462891, -13.6302661896, 159.822982788, -68.0646820068, 69.5874328613, -162.231658936, 67.8178710938, -125.644264221], [1939.94677734, -457.300842285, 344.669433594, 592.461791992, 89.4490585327, 419.121368408, -35.6406784058, 142.146469116, 26.2290859222, 42.0911560059, -52.425868988, -1.52929258347, -77.7971420288], [-723.917907715, 602.666137695, 107.925125122, 89.4490585327, 487.624237061, -46.7515869141, 162.596115112, 14.7159347534, 108.26033783, 4.84262418747, 38.8751487732, -47.673789978, 78.8563079834], [2372.23828125, -811.403747559, 512.699462891, 419.121368408, -46.7515869141, 694.456604004, -6.90919685364, 231.841827393, -47.4894790649, 87.896522522, -85.3344650269, 50.8970489502, -167.384872437], [-768.030822754, 490.578552246, -13.6302661896, -35.6406784058, 162.596115112, -6.90919685364, 341.865142822, 1.34014606476, 75.5642471313, 2.60890746117, 103.139190674, -16.2030506134, 60.9826698303], [1086.73852539, -290.477386475, 159.822982788, 142.146469116, 14.7159347534, 231.841827393, 1.34014606476, 216.760177612, 26.4258003235, 53.3281784058, -24.9963855743, 19.3867225647, -59.8916854858], [-271.916381836, 303.488952637, -68.0646820068, 26.2290859222, 108.26033783, -47.4894790649, 75.5642471313, 26.4258003235, 169.860900879, 5.2956700325, 72.9380340576, -18.1064834595, 50.5900192261], [415.454071045, -222.461395264, 69.5874328613, 42.0911560059, 4.84262418747, 87.896522522, 2.60890746117, 53.3281784058, 5.2956700325, 147.165878296, -3.38940739632, 40.6482467651, -8.40764713287], [-535.286315918, 358.846954346, -162.231658936, -52.425868988, 38.8751487732, -85.3344650269, 103.139190674, -24.9963855743, 72.9380340576, -3.38940739632, 175.382629395, 8.11127281189, 65.2572860718], [304.376434326, -184.502258301, 67.8178710938, -1.52929258347, -47.673789978, 50.8970489502, -16.2030506134, 19.3867225647, -18.1064834595, 40.6482467651, 8.11127281189, 115.296813965, -0.827133178711], [-994.680480957, 362.288116455, -125.644264221, -77.7971420288, 78.8563079834, -167.384872437, 60.9826698303, -59.8916854858, 50.5900192261, -8.40764713287, 65.2572860718, -0.827133178711, 180.872848511]], "icov": [[0.000184099088074, -0.00036351691233, 0.000289448740659, -0.000503572111484, 0.000351323047653, -0.000453670683783, 0.00037488155067, -0.000479735026602, 0.000238129563513, -0.000429645413533, 0.00053952075541, -0.000610676710494, 0.00058273866307], [-0.00036351691233, 0.00260306894779, -0.000772293540649, 0.00158832536545, -0.00209639314562, 0.00185009127017, -0.00179880147334, 0.00153125473298, -0.00143735564779, 0.00251238001511, -0.00284395017661, 0.00248261354864, -0.00177049217746], [0.000289448740659, -0.000772293540649, 0.00195637647994, -0.000913554395083, 0.000107638617919, -0.00177422736306, 0.00061856553657, -0.000643789360765, 0.000652143964544, -0.000760127382819, 0.002081630053, -0.00190868624486, 0.00101667002309], [-0.000503572111484, 0.00158832536545, -0.000913554395083, 0.00520600890741, -0.00231828098185, -0.00103940418921, -0.000245987757808, 0.00186770269647, -0.00202697026543, 0.00192767276894, -0.00209670769982, 0.00276315468363, -0.00217025913298], [0.000351323047653, -0.00209639314562, 0.000107638617919, -0.00231828098185, 0.00508294906467, -0.000486000761157, 0.000112107743917, -0.00174601457547, 9.40022364375e-05, -0.0023909015581, 0.00276176002808, -0.00108159845695, 0.000788199016824], [-0.000453670683783, 0.00185009127017, -0.00177422736306, -0.00103940418921, -0.000486000761157, 0.00697877537459, -0.00276713515632, -0.00135207199492, 0.000235192856053, 0.0011143265292, -0.0023796048481, 0.00155724049546, 0.000127009028802], [0.00037488155067, -0.00179880147334, 0.00061856553657, -0.000245987757808, 0.000112107743917, -0.00276713515632, 0.00599610852078, -0.000970390916336, 0.000488672754727, -0.00173096801154, -0.000223704540986, -0.00125241768546, 0.000893704767805], [-0.000479735026602, 0.00153125473298, -0.000643789360765, 0.00186770269647, -0.00174601457547, -0.00135207199492, -0.000970390916336, 0.00967550184578, -0.00342093268409, 0.000408164371038, -0.00127944350243, 0.00163461617194, -0.000863347493578], [0.000238129563513, -0.00143735564779, 0.000652143964544, -0.00202697026543, 9.40022364375e-05, 0.000235192856053, 0.000488672754727, -0.00342093268409, 0.010274422355, -0.00175842444878, -0.00137282663491, -0.000428922299761, 0.000186756253242], [-0.000429645413533, 0.00251238001511, -0.000760127382819, 0.00192767276894, -0.0023909015581, 0.0011143265292, -0.00173096801154, 0.000408164371038, -0.00175842444878, 0.0108005879447, -0.00260552600957, -8.27053372632e-05, -0.00236803037114], [0.00053952075541, -0.00284395017661, 0.002081630053, -0.00209670769982, 0.00276176002808, -0.0023796048481, -0.000223704540986, -0.00127944350243, -0.00137282663491, -0.00260552600957, 0.0130310589448, -0.00505806133151, 0.000991408945993], [-0.000610676710494, 0.00248261354864, -0.00190868624486, 0.00276315468363, -0.00108159845695, 0.00155724049546, -0.00125241768546, 0.00163461617194, -0.000428922299761, -8.27053372632e-05, -0.00505806133151, 0.0141239184886, -0.00358656910248], [0.00058273866307, -0.00177049217746, 0.00101667002309, -0.00217025913298, 0.000788199016824, 0.000127009028802, 0.000893704767805, -0.000863347493578, 0.000186756253242, -0.00236803037114, 0.000991408945993, -0.00358656910248, 0.0107027795166]]}, "melbands": {"dmean": [0.00122513924725, 0.00140436168294, 0.000879522820469, 0.000389800406992, 0.000153651606524, 0.000162176904269, 0.000167434220202, 0.000200832510018, 0.000148999781231, 6.75094343023e-05, 5.86573332839e-05, 5.08928605996e-05, 3.26675290125e-05, 6.05391651334e-05, 3.52968563675e-05, 4.34684516222e-05, 3.59093392035e-05, 2.36931828113e-05, 3.21664592775e-05, 2.4819826649e-05, 2.44520633714e-05, 2.00427493837e-05, 1.4144450688e-05, 7.83663926995e-06, 7.81540893513e-06, 1.04654754978e-05, 5.02252896695e-06, 2.79287837657e-06, 2.49708887168e-06, 2.47443790613e-06, 2.25216263061e-06, 2.20555421038e-06, 2.57806891568e-06, 4.01393936045e-06, 3.67787856703e-06, 2.18605532609e-06, 2.3519125989e-06, 1.47093373926e-06, 1.43494025906e-06, 1.08573567559e-06], "dmean2": [0.00185066997074, 0.00219727354124, 0.00163419020828, 0.000640593643766, 0.000235296232859, 0.000254382932326, 0.00026015410549, 0.000293136254186, 0.000212517552427, 0.00010019835463, 8.38319974719e-05, 7.58433670853e-05, 5.06355208927e-05, 9.25716522033e-05, 5.52920464543e-05, 6.64467661409e-05, 5.60894914088e-05, 3.72603317373e-05, 5.08808952873e-05, 3.82992620871e-05, 3.80120327463e-05, 3.08219823637e-05, 2.21738100663e-05, 1.26814275063e-05, 1.15164975796e-05, 1.56239202624e-05, 7.29430303181e-06, 4.59148623122e-06, 4.0475406422e-06, 4.04829825129e-06, 3.62762216355e-06, 3.57561771125e-06, 4.12409099226e-06, 6.11384530202e-06, 5.35543904334e-06, 3.44611157743e-06, 3.76195748686e-06, 2.27765781347e-06, 2.22056155508e-06, 1.68836970715e-06], "dvar": [7.12760811439e-06, 1.08104622996e-05, 6.15894305156e-06, 5.22369759892e-07, 1.26684156498e-07, 1.3444605429e-07, 1.47317891219e-07, 2.22831104679e-07, 1.56915277216e-07, 3.68752850477e-08, 4.43227605729e-08, 2.85059726934e-08, 5.82477399647e-09, 2.20755094205e-08, 5.03914643346e-09, 9.47339273694e-09, 7.75911779272e-09, 8.4748865703e-09, 8.49683701176e-09, 3.19773785229e-09, 2.57165200246e-09, 2.1945296691e-09, 1.16955145568e-09, 4.36863295539e-10, 2.42501324577e-10, 4.37162611666e-10, 1.06779855791e-10, 6.92676124792e-11, 5.6732417375e-11, 5.67384611516e-11, 4.24442737901e-11, 2.96200355909e-11, 3.33866510827e-11, 8.47495407186e-11, 8.32154345431e-11, 2.6203679851e-11, 4.77123861253e-11, 1.58211863749e-11, 2.93051902189e-11, 1.13206440749e-11], "dvar2": [1.34221718326e-05, 2.58334112004e-05, 1.76074954652e-05, 1.35640107146e-06, 2.57071917531e-07, 3.41619539768e-07, 3.18339033356e-07, 4.28545348541e-07, 3.05815973434e-07, 8.05831987805e-08, 7.4539968864e-08, 5.10318010072e-08, 1.2363228663e-08, 4.70358543225e-08, 1.1614025297e-08, 2.22502691827e-08, 1.8674462865e-08, 2.08083292819e-08, 1.95754683574e-08, 7.3863439809e-09, 5.88058668427e-09, 5.00913532875e-09, 2.87243939745e-09, 1.15423781644e-09, 4.88827867073e-10, 9.69063607137e-10, 2.14788811737e-10, 1.69453048815e-10, 1.29409427618e-10, 1.37556674384e-10, 1.00206683229e-10, 7.05166619541e-11, 7.45767891885e-11, 1.67960506614e-10, 1.66280114677e-10, 5.99013894043e-11, 1.06433799274e-10, 3.46672031359e-11, 5.70639299702e-11, 2.12214690265e-11], "max": [0.0201627556235, 0.0225459448993, 0.0196074321866, 0.0152335576713, 0.00986810959876, 0.0075524058193, 0.0108322082087, 0.0207942035049, 0.0160052012652, 0.00836986117065, 0.0134856374934, 0.0111822066829, 0.00409887684509, 0.00522559462115, 0.00185801275074, 0.00204865681008, 0.0020231064409, 0.00290450453758, 0.00225708633661, 0.0010039213812, 0.0011174029205, 0.000938434677664, 0.000751814164687, 0.000279301864794, 0.000287952221697, 0.000464998040115, 0.000203554751351, 0.000132492728881, 0.000131375607452, 9.7879441455e-05, 0.00010586634744, 0.000100111123174, 0.000115264723718, 0.000167859383509, 0.00013779332221, 0.000133286521304, 0.000242556474404, 0.00013082640362, 0.000239503860939, 0.000143210083479], "mean": [0.00196036649868, 0.00160492956638, 0.000733842374757, 0.000659017823637, 0.000320643157465, 0.000320056889905, 0.000295181758702, 0.000369098532246, 0.000277838960756, 0.000125544334878, 0.000111868626846, 8.91203453648e-05, 5.6540917285e-05, 9.42809929256e-05, 5.39575848961e-05, 6.42329760012e-05, 5.10372447025e-05, 3.18682141369e-05, 4.75402084703e-05, 4.01305587729e-05, 4.18817289756e-05, 3.24826360156e-05, 2.06120876101e-05, 1.12260513561e-05, 1.41689697557e-05, 1.83308129635e-05, 8.09738048702e-06, 3.52272377313e-06, 3.1025995213e-06, 2.91376613859e-06, 2.74796047961e-06, 3.22493292515e-06, 3.56777445631e-06, 6.51578284305e-06, 5.46935598322e-06, 3.54172152583e-06, 3.55129191121e-06, 2.17760475607e-06, 1.89680292806e-06, 1.34253059514e-06], "median": [0.000858103681821, 0.00058590201661, 0.000172946165549, 0.000211707796552, 0.000117169918667, 0.00013167441648, 0.00010166921129, 0.000104033751995, 6.6991589847e-05, 4.26194637839e-05, 3.31780756824e-05, 3.06418805849e-05, 2.15117270272e-05, 2.77390190604e-05, 1.72752916114e-05, 1.77629553946e-05, 1.3794185179e-05, 8.53952315083e-06, 1.08390204332e-05, 1.15749044198e-05, 1.42392009366e-05, 9.02800366021e-06, 5.55674796487e-06, 3.76573802896e-06, 4.37357357441e-06, 5.23945982422e-06, 2.4465491606e-06, 7.67266044477e-07, 5.35940500868e-07, 4.38016940052e-07, 5.27001304818e-07, 7.41985388686e-07, 7.69057066918e-07, 8.23615607715e-07, 6.18761760052e-07, 7.08441291408e-07, 6.95114920291e-07, 3.84057983638e-07, 1.94039117218e-07, 1.08946011323e-07], "min": [1.92277548684e-24, 4.53123045022e-24, 6.51301233835e-24, 5.18807035536e-24, 3.24098888074e-24, 5.85145820044e-24, 7.27540932678e-24, 1.17074689172e-24, 6.48598044171e-24, 7.87328306254e-24, 5.62191703196e-24, 2.11639054919e-24, 3.75863980117e-24, 5.35880312665e-24, 4.14956573921e-24, 3.81655086909e-24, 5.22965239697e-24, 6.74121086557e-24, 4.74282463868e-24, 7.5050222816e-24, 4.33121831758e-24, 6.60598945679e-24, 9.0695464491e-24, 5.6951730222e-24, 5.08340902362e-24, 5.50920931899e-24, 6.68772609619e-24, 9.89525741379e-24, 6.18891001873e-24, 6.9999043888e-24, 5.26395759115e-24, 6.80918937635e-24, 6.55541400643e-24, 5.54313231007e-24, 7.7312478677e-24, 8.66766441638e-24, 9.05976930704e-24, 7.76617468428e-24, 7.92907840551e-24, 8.53464432396e-24], "var": [1.03749262053e-05, 1.06909201349e-05, 3.73361876882e-06, 1.32082323034e-06, 4.78998458675e-07, 3.69941147937e-07, 3.01358170418e-07, 6.6079996941e-07, 4.67416526817e-07, 9.08453259285e-08, 1.609105027e-07, 8.17012804077e-08, 1.32508573003e-08, 5.25821732822e-08, 9.84754411348e-09, 1.78712866727e-08, 1.3388886444e-08, 8.72482175396e-09, 1.48949101941e-08, 6.42647535187e-09, 5.98061422608e-09, 4.40990355344e-09, 1.80017067919e-09, 5.02721808626e-10, 6.12821293711e-10, 1.05974673481e-09, 2.39792324885e-10, 8.91852494633e-11, 8.28165175326e-11, 7.56844031891e-11, 5.60402106664e-11, 4.90653906393e-11, 5.65014320053e-11, 2.64556654361e-10, 1.96785879258e-10, 6.10199182849e-11, 8.0992101914e-11, 2.92543766989e-11, 5.10679588894e-11, 2.11025225072e-11]}, "mfcc": {"mean": [-670.070129395, 123.936691284, -0.137286752462, 11.6953077316, 11.0739974976, 0.419927120209, -7.37048482895, 10.6240663528, -5.4761724472, 5.65338802338, 1.79687452316, 1.92654132843, 5.50284337997], "cov": [[13425.1142578, -1666.99145508, 180.555938721, 338.948699951, 433.246887207, 685.7734375, 185.222213745, 648.19152832, -97.7758560181, 420.066040039, 261.048522949, 100.943702698, 83.679397583], [-1666.99145508, 1947.14660645, -318.819244385, 181.124481201, 27.5927734375, -118.008789062, 74.3327941895, 42.703666687, 19.6317119598, 49.1881561279, 33.9717292786, 8.784948349, 15.6047039032], [180.555938721, -318.819244385, 832.74395752, -2.19315075874, 149.352172852, 183.882965088, 96.9692687988, 100.971076965, 68.6223144531, -5.44181537628, 11.1929454803, -3.75283265114, 26.1048049927], [338.948699951, 181.124481201, -2.19315075874, 353.103607178, 185.671844482, 145.008621216, 73.3130874634, 69.9305419922, 69.9720840454, 72.9069671631, 20.9522819519, 16.8331775665, 6.59113264084], [433.246887207, 27.5927734375, 149.352172852, 185.671844482, 380.347717285, 133.239105225, 41.3625450134, 90.9234008789, 80.1155776978, 84.2293167114, 33.871471405, -7.19169950485, 2.00669026375], [685.7734375, -118.008789062, 183.882965088, 145.008621216, 133.239105225, 309.022247314, 151.997436523, 107.087669373, 67.7498550415, 60.9391288757, 52.9598884583, 42.5387077332, 6.52250146866], [185.222213745, 74.3327941895, 96.9692687988, 73.3130874634, 41.3625450134, 151.997436523, 253.79989624, 96.1726226807, 77.1607284546, 47.9645309448, 52.8352241516, 52.1728096008, 24.2588615417], [648.19152832, 42.703666687, 100.971076965, 69.9305419922, 90.9234008789, 107.087669373, 96.1726226807, 227.810501099, 26.8965377808, 75.1834945679, 54.3711700439, 22.3043231964, 21.5670852661], [-97.7758560181, 19.6317119598, 68.6223144531, 69.9720840454, 80.1155776978, 67.7498550415, 77.1607284546, 26.8965377808, 168.809585571, 55.9062347412, 18.5000190735, 14.4159164429, 5.91581916809], [420.066040039, 49.1881561279, -5.44181537628, 72.9069671631, 84.2293167114, 60.9391288757, 47.9645309448, 75.1834945679, 55.9062347412, 139.839385986, 66.2338790894, 19.1199150085, 7.50601053238], [261.048522949, 33.9717292786, 11.1929454803, 20.9522819519, 33.871471405, 52.9598884583, 52.8352241516, 54.3711700439, 18.5000190735, 66.2338790894, 112.175300598, 44.3380508423, 17.1885700226], [100.943702698, 8.784948349, -3.75283265114, 16.8331775665, -7.19169950485, 42.5387077332, 52.1728096008, 22.3043231964, 14.4159164429, 19.1199150085, 44.3380508423, 94.5433731079, 35.4303207397], [83.679397583, 15.6047039032, 26.1048049927, 6.59113264084, 2.00669026375, 6.52250146866, 24.2588615417, 21.5670852661, 5.91581916809, 7.50601053238, 17.1885700226, 35.4303207397, 100.103996277]], "icov": [[0.000120041069749, 0.000116761519166, 6.66499399813e-05, -4.52247986686e-05, -2.75107449852e-05, -0.000166406578501, 4.4358544983e-05, -0.000242920577875, 0.000232677382883, -0.000256270752288, -1.6346166376e-05, 3.24819302477e-05, -8.31933284644e-05], [0.000116761519166, 0.000762326584663, 0.000247575546382, -0.000515893218108, -5.73033685214e-05, 0.000485137774376, -0.000401428260375, -0.000379517849069, 0.000242642214289, -0.000166869984241, -0.000254283397226, 0.000151970030856, -0.000110400389531], [6.66499399813e-05, 0.000247575546382, 0.00176415836904, 0.000609367154539, -0.000657299766317, -0.000946222688071, -0.000144653982716, -0.000645534193609, -0.000389518158045, 0.000797195767518, -5.4910837207e-05, 0.000621279992629, -0.000592739437707], [-4.52247986686e-05, -0.000515893218108, 0.000609367154539, 0.00511524640024, -0.00178882991895, -0.00207242951728, 0.000105589460873, 8.37142870296e-05, -0.000558629108127, -0.000820547051262, 0.00144929834642, -0.00040228193393, -0.000262151763309], [-2.75107449852e-05, -5.73033685214e-05, -0.000657299766317, -0.00178882991895, 0.00454512191936, -0.000663427344989, 0.0010298511479, -0.000544365029782, -0.000973865098786, -0.00104331795592, -0.000459865055745, 0.00112214882392, -4.14770220232e-05], [-0.000166406578501, 0.000485137774376, -0.000946222688071, -0.00207242951728, -0.000663427344989, 0.00749916536734, -0.00296732666902, -0.000461459334474, -0.000121904333355, 0.000330192793626, -0.000834855134599, -0.00139972055331, 0.00141107768286], [4.4358544983e-05, -0.000401428260375, -0.000144653982716, 0.000105589460873, 0.0010298511479, -0.00296732666902, 0.00741535285488, -0.00167797051836, -0.00226545706391, 0.000512540282216, -0.000838139560074, -0.00152195198461, -0.000428496714449], [-0.000242920577875, -0.000379517849069, -0.000645534193609, 8.37142870296e-05, -0.000544365029782, -0.000461459334474, -0.00167797051836, 0.00731596071273, 0.000939174438827, -0.00214867526665, -0.000604462693445, 0.000438480608864, -0.000649327121209], [0.000232677382883, 0.000242642214289, -0.000389518158045, -0.000558629108127, -0.000973865098786, -0.000121904333355, -0.00226545706391, 0.000939174438827, 0.00895501300693, -0.00379330548458, 0.00143170473166, -0.000424826808739, -6.00945168117e-05], [-0.000256270752288, -0.000166869984241, 0.000797195767518, -0.000820547051262, -0.00104331795592, 0.000330192793626, 0.000512540282216, -0.00214867526665, -0.00379330548458, 0.0144255198538, -0.00671739922836, 0.0011579337297, 0.000310598145006], [-1.6346166376e-05, -0.000254283397226, -5.4910837207e-05, 0.00144929834642, -0.000459865055745, -0.000834855134599, -0.000838139560074, -0.000604462693445, 0.00143170473166, -0.00671739922836, 0.0159301590174, -0.00561966234818, 4.19033822254e-05], [3.24819302477e-05, 0.000151970030856, 0.000621279992629, -0.00040228193393, 0.00112214882392, -0.00139972055331, -0.00152195198461, 0.000438480608864, -0.000424826808739, 0.0011579337297, -0.00561966234818, 0.0163081530482, -0.00471211783588], [-8.31933284644e-05, -0.000110400389531, -0.000592739437707, -0.000262151763309, -4.14770220232e-05, 0.00141107768286, -0.000428496714449, -0.000649327121209, -6.00945168117e-05, 0.000310598145006, 4.19033822254e-05, -0.00471211783588, 0.0120416739956]]}, "spectral_contrast_coeffs": {"dmean": [0.0484199672937, 0.0477324686944, 0.0398212149739, 0.0333308130503, 0.0271997917444, 0.0236784741282], "dmean2": [0.0799147039652, 0.0763984918594, 0.0638361498713, 0.0524360165, 0.0414948984981, 0.0362429656088], "dvar": [0.00194645475131, 0.00184252799954, 0.00115426105913, 0.000835531682242, 0.000605714973062, 0.000502154172864], "dvar2": [0.00531739043072, 0.00445452565327, 0.0028355915565, 0.00189886707813, 0.00126074056607, 0.00109603977762], "max": [-0.283586144447, -0.357897669077, -0.434831619263, -0.513124704361, -0.493690937757, -0.576324403286], "mean": [-0.639020979404, -0.690301597118, -0.738082945347, -0.752869486809, -0.754303753376, -0.779716074467], "median": [-0.649606764317, -0.693283617496, -0.744755148888, -0.758481264114, -0.76098382473, -0.782734513283], "min": [-0.980345726013, -0.986267209053, -0.996998250484, -0.987740457058, -0.989513337612, -0.962869346142], "var": [0.00771739147604, 0.00725406780839, 0.00555302854627, 0.00409886892885, 0.00368627603166, 0.00201062089764]}, "spectral_contrast_valleys": {"dmean": [0.413044065237, 0.387871772051, 0.337408363819, 0.324481993914, 0.313325673342, 0.481865048409], "dmean2": [0.635631501675, 0.632983744144, 0.533711612225, 0.486267358065, 0.429023385048, 0.640996813774], "dvar": [0.189802765846, 0.16243250668, 0.131078317761, 0.143981099129, 0.14933873713, 0.304159283638], "dvar2": [0.343319624662, 0.378134787083, 0.271080821753, 0.262956768274, 0.247094959021, 0.571429848671], "max": [-5.33378887177, -5.06416