{"lowlevel": {"average_loudness": 0.718681693077, "barkbands_crest": {"dmean": 1.86209619045, "dmean2": 2.87236785889, "dvar": 3.31345582008, "dvar2": 7.80017471313, "max": 25.7831535339, "mean": 10.320110321, "median": 9.69325447083, "min": 3.64925527573, "var": 12.2216835022}, "barkbands_flatness_db": {"dmean": 0.0228185746819, "dmean2": 0.0359587706625, "dvar": 0.000488165998831, "dvar2": 0.00110032386146, "max": 0.567970991135, "mean": 0.348276466131, "median": 0.352257788181, "min": 0.0388650633395, "var": 0.00425143959001}, "barkbands_kurtosis": {"dmean": 1.10128855705, "dmean2": 1.67843127251, "dvar": 6.68413496017, "dvar2": 14.6647720337, "max": 101.687301636, "mean": 1.58674824238, "median": 0.652950882912, "min": -1.69137132168, "var": 29.2558174133}, "barkbands_skewness": {"dmean": 0.311416178942, "dmean2": 0.460430175066, "dvar": 0.12465313822, "dvar2": 0.261346876621, "max": 8.10486125946, "mean": 0.544354498386, "median": 0.482184171677, "min": -3.41061544418, "var": 0.726130962372}, "barkbands_spread": {"dmean": 0.968319118023, "dmean2": 1.465528965, "dvar": 1.37490713596, "dvar2": 3.20994257927, "max": 35.1313705444, "mean": 5.96604347229, "median": 5.41898441315, "min": 0.386885643005, "var": 8.87013816833}, "dissonance": {"dmean": 0.0424821265042, "dmean2": 0.0709474235773, "dvar": 0.00139099184889, "dvar2": 0.00379112246446, "max": 0.500000059605, "mean": 0.386280208826, "median": 0.390877008438, "min": 0.110135436058, "var": 0.00353948189877}, "dynamic_complexity": 5.23622703552, "erbbands_crest": {"dmean": 2.4582297802, "dmean2": 3.74550247192, "dvar": 5.93886756897, "dvar2": 13.3768939972, "max": 31.8437252045, "mean": 13.2970314026, "median": 12.3371429443, "min": 2.57599234581, "var": 22.6372451782}, "erbbands_flatness_db": {"dmean": 0.0161637328565, "dmean2": 0.0246658567339, "dvar": 0.000280221516732, "dvar2": 0.000630628084764, "max": 0.563947081566, "mean": 0.393956691027, "median": 0.401167631149, "min": 0.0760529786348, "var": 0.00391605915502}, "erbbands_kurtosis": {"dmean": 0.91105401516, "dmean2": 1.36931669712, "dvar": 1.94277739525, "dvar2": 4.21097040176, "max": 59.5266456604, "mean": 1.38078510761, "median": 0.979684710503, "min": -1.65392208099, "var": 5.20321035385}, "erbbands_skewness": {"dmean": 0.298037856817, "dmean2": 0.43622392416, "dvar": 0.0869844183326, "dvar2": 0.18541033566, "max": 2.74865293503, "mean": 0.13251516223, "median": 0.164090797305, "min": -3.53965520859, "var": 0.445393115282}, "erbbands_spread": {"dmean": 1.64769566059, "dmean2": 2.48878979683, "dvar": 4.68262958527, "dvar2": 10.379529953, "max": 73.2897186279, "mean": 9.74982452393, "median": 8.85171890259, "min": 0.875731348991, "var": 33.7894477844}, "hfc": {"dmean": 3.00523591042, "dmean2": 4.24024343491, "dvar": 15.9749221802, "dvar2": 30.0344486237, "max": 94.3676834106, "mean": 14.1753911972, "median": 12.1936569214, "min": 1.08747707979e-16, "var": 125.650100708}, "melbands_crest": {"dmean": 2.10255670547, "dmean2": 3.246052742, "dvar": 4.37771558762, "dvar2": 10.2370357513, "max": 33.6099395752, "mean": 12.2224702835, "median": 11.3384742737, "min": 1.79511022568, "var": 18.8236351013}, "melbands_flatness_db": {"dmean": 0.0227948464453, "dmean2": 0.0356017425656, "dvar": 0.00067483028397, "dvar2": 0.00140304665547, "max": 0.719598650932, "mean": 0.43074464798, "median": 0.432366371155, "min": 0.00405685277656, "var": 0.00672237714753}, "melbands_kurtosis": {"dmean": 1.25562977791, "dmean2": 1.92568039894, "dvar": 20.2873191833, "dvar2": 42.7578964233, "max": 196.918624878, "mean": 1.92316281796, "median": 0.541862010956, "min": -1.82477033138, "var": 86.6015319824}, "melbands_skewness": {"dmean": 0.306733816862, "dmean2": 0.457502216101, "dvar": 0.137862384319, "dvar2": 0.287669807673, "max": 10.5590829849, "mean": 0.669062077999, "median": 0.563259363174, "min": -2.71887993813, "var": 0.86549115181}, "melbands_spread": {"dmean": 1.68463480473, "dmean2": 2.52661275864, "dvar": 7.8219704628, "dvar2": 16.3079528809, "max": 151.184631348, "mean": 10.8165063858, "median": 9.74011421204, "min": 0.702856719494, "var": 81.8896255493}, "pitch_salience": {"dmean": 0.0516195595264, "dmean2": 0.0798780918121, "dvar": 0.00243202759884, "dvar2": 0.00572218000889, "max": 0.900944709778, "mean": 0.56201249361, "median": 0.566500663757, "min": 0.120883278549, "var": 0.00966672319919}, "silence_rate_20dB": {"dmean": 0, "dmean2": 0, "dvar": 0, "dvar2": 0, "max": 1, "mean": 1, "median": 1, "min": 1, "var": 0}, "silence_rate_30dB": {"dmean": 0.00116805371363, "dmean2": 0.00233644852415, "dvar": 0.00116671109572, "dvar2": 0.0029151791241, "max": 1, "mean": 0.99810218811, "median": 1, "min": 0, "var": 0.00189426448196}, "silence_rate_60dB": {"dmean": 0.0207329541445, "dmean2": 0.0414719618857, "dvar": 0.0203008018434, "dvar2": 0.0476346090436, "max": 1, "mean": 0.105839416385, "median": 0, "min": 0, "var": 0.0946354195476}, "spectral_centroid": {"dmean": 52.2403717041, "dmean2": 76.2283630371, "dvar": 23031.1210938, "dvar2": 24005.0722656, "max": 11755.4238281, "mean": 683.620117188, "median": 638.391601562, "min": 215.891998291, "var": 467483.71875}, "spectral_complexity": {"dmean": 1.28544318676, "dmean2": 2.0738902092, "dvar": 1.62809824944, "dvar2": 3.65127825737, "max": 24, "mean": 11.023065567, "median": 11, "min": 0, "var": 20.1014270782}, "spectral_decrease": {"dmean": 1.25041688115e-09, "dmean2": 1.78991532707e-09, "dvar": 2.95420069789e-18, "dvar2": 5.92510961697e-18, "max": 3.29555573819e-20, "mean": -5.85223292049e-09, "median": -5.00596231134e-09, "min": -4.09703098114e-08, "var": 2.182069865e-17}, "spectral_energy": {"dmean": 0.00498180650175, "dmean2": 0.00712450128049, "dvar": 4.64467520942e-05, "dvar2": 9.27357905312e-05, "max": 0.161346912384, "mean": 0.023373471573, "median": 0.0199900381267, "min": 9.9924096543e-21, "var": 0.000345359323546}, "spectral_energyband_high": {"dmean": 6.37325683783e-07, "dmean2": 8.890443155e-07, "dvar": 3.12013566026e-12, "dvar2": 5.98238993066e-12, "max": 4.93491024827e-05, "mean": 1.70584382886e-06, "median": 2.47706964274e-07, "min": 7.03528904762e-21, "var": 1.38649040166e-11}, "spectral_energyband_low": {"dmean": 0.000273340119747, "dmean2": 0.000421180477133, "dvar": 7.65843992667e-07, "dvar2": 1.788526788e-06, "max": 0.0281924661249, "mean": 0.000975844857749, "median": 0.000113928654173, "min": 2.58686754805e-23, "var": 4.7311182243e-06}, "spectral_energyband_middle_high": {"dmean": 0.00155956880189, "dmean2": 0.00225007697009, "dvar": 6.1509963416e-06, "dvar2": 1.23549361888e-05, "max": 0.0836758241057, "mean": 0.00570706743747, "median": 0.00403519812971, "min": 1.12671198179e-21, "var": 3.61613529094e-05}, "spectral_energyband_middle_low": {"dmean": 0.00412060134113, "dmean2": 0.00590609107167, "dvar": 3.58921352017e-05, "dvar2": 7.32227636036e-05, "max": 0.159002274275, "mean": 0.0172886494547, "median": 0.0129948109388, "min": 1.95855785463e-22, "var": 0.00025267348974}, "spectral_entropy": {"dmean": 0.17523470521, "dmean2": 0.278674006462, "dvar": 0.0434347204864, "dvar2": 0.105363287032, "max": 9.82515716553, "mean": 5.86116695404, "median": 5.82650756836, "min": 3.96233892441, "var": 0.272035896778}, "spectral_flux": {"dmean": 0.0187692157924, "dmean2": 0.0305219814181, "dvar": 0.000474734290037, "dvar2": 0.00123359251302, "max": 0.254949092865, "mean": 0.0470019355416, "median": 0.0412726849318, "min": 6.56318888126e-11, "var": 0.00100513594225}, "spectral_kurtosis": {"dmean": 33.4507293701, "dmean2": 57.3386573792, "dvar": 1066.66320801, "dvar2": 2832.6472168, "max": 460.343933105, "mean": 81.7860488892, "median": 68.1009674072, "min": -1.23801660538, "var": 3666.07128906}, "spectral_rms": {"dmean": 0.000491963466629, "dmean2": 0.000692213652655, "dvar": 3.45243648781e-07, "dvar2": 6.64653441618e-07, "max": 0.0125463791192, "mean": 0.00430729240179, "median": 0.00441616075113, "min": 3.12228953629e-12, "var": 4.25054895459e-06}, "spectral_rolloff": {"dmean": 81.4599761963, "dmean2": 144.870300293, "dvar": 104859.9375, "dvar2": 212154.5625, "max": 19552.1484375, "mean": 961.468322754, "median": 882.861328125, "min": 21.533203125, "var": 1456602.875}, "spectral_skewness": {"dmean": 1.78774797916, "dmean2": 3.12489914894, "dvar": 2.31896591187, "dvar2": 6.51680326462, "max": 17.5197925568, "mean": 5.78399467468, "median": 5.36652374268, "min": -0.113695152104, "var": 6.98332309723}, "spectral_spread": {"dmean": 258913.796875, "dmean2": 451810.03125, "dvar": 319773966336, "dvar2": 461319733248, "max": 42620764, "mean": 1201538.75, "median": 926149.5, "min": 218304.40625, "var": 6861319831550.0}, "spectral_strongpeak": {"dmean": 0.544545471668, "dmean2": 0.893802821636, "dvar": 0.502365469933, "dvar2": 1.14696598053, "max": 9.89987182617, "mean": 1.76180016994, "median": 1.55104613304, "min": 0, "var": 1.67801868916}, "zerocrossingrate": {"dmean": 0.00253266049549, "dmean2": 0.00326887471601, "dvar": 6.55327312415e-05, "dvar2": 0.000137784896651, "max": 0.5283203125, "mean": 0.0329740233719, "median": 0.03076171875, "min": 0.005859375, "var": 0.0010243532015}, "barkbands": {"dmean": [1.93150244741e-05, 8.5983039753e-05, 0.000109432294266, 0.000245505128987, 0.00119440583512, 0.000861498119775, 0.00101869786158, 0.00146002066322, 0.00135493918788, 0.000931931193918, 0.000495437416248, 0.000436419475591, 0.00022612423345, 0.000107814958028, 3.78081676899e-05, 2.42997430178e-05, 2.13732491829e-05, 7.98208384367e-06, 4.25186135544e-06, 1.29757620471e-06, 3.08179153308e-07, 8.83829258669e-08, 3.05255341004e-08, 1.04745669915e-08, 3.04454284006e-09, 1.25468035961e-09, 9.53767509415e-10], "dmean2": [3.31983028445e-05, 0.000136260830914, 0.000170017519849, 0.000381450896384, 0.00186582130846, 0.00127367023379, 0.00143531314097, 0.00213241996244, 0.0018590769032, 0.00134729221463, 0.000715572852641, 0.000649166875519, 0.000338860205375, 0.000157661546837, 5.35268954991e-05, 3.70405250578e-05, 3.08478083753e-05, 1.14906815725e-05, 6.03453054282e-06, 1.74495710326e-06, 4.4592144377e-07, 1.27202824274e-07, 4.46850698665e-08, 1.59529669475e-08, 4.74360239977e-09, 2.16527240582e-09, 1.75560299631e-09], "dvar": [6.17755357979e-09, 2.21286867941e-07, 1.15574501081e-07, 4.33843268866e-07, 6.75612636769e-06, 2.37968401962e-06, 4.23741130362e-06, 8.36288836581e-06, 6.58151975585e-06, 4.38813776782e-06, 1.13440421501e-06, 7.27851727333e-07, 3.19473969057e-07, 5.60896431523e-08, 8.00105226517e-09, 3.26018789742e-09, 3.51186724146e-09, 3.07403213995e-10, 1.21772730788e-10, 1.0215805632e-11, 8.75147122738e-13, 7.8205420384e-14, 1.77882339934e-14, 2.09538544624e-15, 1.96852098068e-16, 1.81365404264e-17, 2.4014480069e-18], "dvar2": [1.61632538465e-08, 5.14223586379e-07, 2.61668475332e-07, 1.14213742108e-06, 1.77783695108e-05, 5.39679786016e-06, 8.64445519255e-06, 1.8339149392e-05, 1.16594774227e-05, 8.90491719474e-06, 2.44406305683e-06, 1.52768780026e-06, 7.50261392568e-07, 1.21535663311e-07, 1.4968131623e-08, 7.40454453307e-09, 6.86276591111e-09, 5.49584766585e-10, 2.25128429787e-10, 1.83606272547e-11, 1.72186646451e-12, 1.50729309676e-13, 2.95156253767e-14, 4.38737867448e-15, 3.58915547141e-16, 3.73948337164e-17, 7.2012036295e-18], "max": [0.00187428737991, 0.0191375631839, 0.0115643348545, 0.0183068886399, 0.0854867771268, 0.0365193784237, 0.0473553314805, 0.0717494636774, 0.0664843022823, 0.0728973299265, 0.0241293869913, 0.0214154906571, 0.0193297229707, 0.00715147471055, 0.00351083511487, 0.00117425061762, 0.00244396459311, 0.000480039394461, 0.000333483709255, 8.26274481369e-05, 3.8894602767e-05, 1.14218646559e-05, 8.04936735221e-06, 1.48391347921e-06, 8.25556412565e-07, 2.67107253649e-07, 3.60416301248e-08], "mean": [1.60570471053e-05, 0.00022032787092, 0.000360105477739, 0.000685742939822, 0.00335518922657, 0.00245223450474, 0.00279901758768, 0.00358889158815, 0.00387897598557, 0.0025787584018, 0.00120231811889, 0.00115065171849, 0.000599160499405, 0.000271939119557, 8.44188471092e-05, 4.80988674099e-05, 4.57933092548e-05, 1.85158351087e-05, 1.28433848658e-05, 3.38692825608e-06, 7.16641920917e-07, 1.98073465185e-07, 6.8885057658e-08, 2.02180139297e-08, 5.30017674194e-09, 1.66294122916e-09, 9.08140340705e-10], "median": [2.10943835555e-06, 1.08839617496e-06, 3.78794647986e-05, 0.000223613227718, 0.00144907529466, 0.00144109199755, 0.00101593567524, 0.0010428186506, 0.00166901003104, 0.000689269450959, 0.000304920598865, 0.000412040244555, 0.000188948848518, 8.39641870698e-05, 1.99560563487e-05, 1.06442530523e-05, 9.28136432776e-06, 6.40338294033e-06, 3.43602459907e-06, 7.58379428589e-07, 5.7651025287e-08, 1.13399352131e-08, 2.44685605111e-09, 1.07433650864e-09, 6.37147667959e-10, 5.19393084097e-10, 3.73162445388e-10], "min": [1.084226797e-24, 3.51193538598e-24, 2.59389969082e-24, 8.99264059667e-25, 1.33879035729e-23, 1.3651537732e-23, 4.99570622919e-24, 4.26728114121e-24, 1.5260443214e-23, 2.21420571212e-23, 1.0746770441e-23, 2.75713071044e-23, 4.04790625988e-23, 3.74754368368e-23, 6.27817791319e-23, 6.5721623912e-23, 6.68497518044e-23, 1.00444125516e-22, 9.42337896408e-23, 1.9173297118e-22, 2.80026663448e-22, 3.8003274397e-22, 3.62174270984e-22, 6.35397242627e-22, 9.70090502682e-22, 1.42139335845e-21, 2.10495231377e-21], "var": [4.61322180456e-09, 1.11444967388e-06, 7.19956460671e-07, 1.37825384172e-06, 3.41898339684e-05, 9.81363791652e-06, 2.03319686989e-05, 3.54421426891e-05, 3.30059192493e-05, 2.11814458453e-05, 4.45004980065e-06, 3.3494334275e-06, 1.54465601554e-06, 2.33248783843e-07, 3.31116964958e-08, 1.05464126321e-08, 9.52733625326e-09, 1.28478250261e-09, 5.66462432516e-10, 4.28230714777e-11, 3.43237959756e-12, 3.2516049857e-13, 7.5031804771e-14, 6.36635595925e-15, 6.24057135483e-16, 4.22101266861e-17, 2.27727061936e-18]}, "erbbands": {"dmean": [0.00132559251506, 0.0233638565987, 0.104223318398, 0.514477849007, 2.63881707191, 4.06426954269, 5.24618959427, 7.1636300087, 15.8098526001, 13.7714300156, 35.2748908997, 32.9273719788, 17.9879646301, 32.2782745361, 18.2956199646, 16.263463974, 10.52064991, 6.38635921478, 2.39742827415, 1.36999666691, 1.52969992161, 0.857363939285, 0.549983084202, 0.250851273537, 0.189398735762, 0.0682336986065, 0.0178637225181, 0.00775025831535, 0.00337681756355, 0.00189249159303, 0.000773833598942, 0.000313735654345, 0.000124770842376, 4.7291185183e-05, 1.82297699212e-05, 7.47222793507e-06, 2.9890152291e-06, 8.19134527319e-07, 2.44861644205e-06, 5.67010647501e-06], "dmean2": [0.00224773865193, 0.0367359742522, 0.161929473281, 0.787933647633, 4.2130522728, 6.41472911835, 7.66313791275, 10.7803430557, 22.4702396393, 19.8351688385, 51.507434845, 45.4030685425, 25.2035312653, 46.6850776672, 26.6407394409, 24.0801200867, 15.7475376129, 9.37209510803, 3.46662211418, 1.9662977457, 2.29956436157, 1.25454246998, 0.789756774902, 0.351100087166, 0.262606799603, 0.092448964715, 0.0256345812231, 0.0108530065045, 0.00481939688325, 0.00270732189529, 0.00112917262595, 0.000475836015539, 0.000186551958905, 7.26721482351e-05, 2.85952246486e-05, 1.18725020002e-05, 4.77632011098e-06, 1.34857737066e-06, 3.48949811269e-06, 8.09934772406e-06], "dvar": [4.35678921349e-05, 0.0170390717685, 0.154193237424, 1.74133467674, 36.5050697327, 123.665405273, 114.876243591, 197.325332642, 895.925048828, 1161.4708252, 4592.44482422, 4528.87695312, 1219.08911133, 5667.703125, 1102.33483887, 1183.98840332, 744.030761719, 215.076812744, 31.5668964386, 10.9233484268, 13.0751371384, 4.59461307526, 1.61721456051, 0.261352330446, 0.313030600548, 0.0283511169255, 0.00215988396667, 0.000783838506322, 0.000112006397103, 4.7072142479e-05, 1.14414742711e-05, 1.59278999945e-06, 3.03274930502e-07, 4.58576323581e-08, 5.98101079774e-09, 7.25050186556e-10, 4.51474586882e-11, 2.26143995023e-12, 1.10068169856e-11, 5.95666085901e-11], "dvar2": [0.000121034179756, 0.0385046377778, 0.333692312241, 4.50819635391, 96.4177780151, 328.912628174, 246.662109375, 468.531005859, 1857.61706543, 2254.51367188, 9979.8984375, 8209.00097656, 2183.45922852, 11801.8769531, 2398.28100586, 2449.02929688, 1730.43823242, 462.780517578, 62.8840293884, 19.6114807129, 29.3737411499, 8.73098182678, 2.88591694832, 0.462751984596, 0.577964067459, 0.0525580495596, 0.00425967294723, 0.00145768059883, 0.000218037792365, 8.58182102093e-05, 2.20153142436e-05, 3.22969344779e-06, 6.31281125152e-07, 9.20989862152e-08, 1.28714017222e-08, 1.47058398792e-09, 1.02994536511e-10, 5.42150135549e-12, 2.16525200547e-11, 1.18287060702e-10], "max": [0.238496944308, 5.15049505234, 14.6901845932, 30.3478565216, 132.327377319, 383.413299561, 349.618408203, 295.720458984, 529.048278809, 1317.22521973, 1729.69677734, 1871.45678711, 676.551269531, 2689.52832031, 741.023132324, 876.31036377, 1032.12182617, 438.238891602, 225.88633728, 68.5154190063, 79.4421081543, 76.2142410278, 33.5685997009, 15.4070768356, 21.6772651672, 5.04756450653, 1.6178021431, 1.25660967827, 0.298630148172, 0.300529509783, 0.156232088804, 0.0462282337248, 0.0184615720063, 0.0105978492647, 0.0037319441326, 0.00171812076587, 0.000323010870488, 7.44753488107e-05, 7.71583509049e-05, 0.000181118273758], "mean": [0.00192145851906, 0.0652880892158, 0.351458877325, 1.70346426964, 6.47303390503, 10.6765928268, 16.0908546448, 20.1217823029, 40.0899925232, 45.1244316101, 92.013923645, 93.7776489258, 62.6164016724, 88.6790313721, 52.9066963196, 44.929069519, 29.7142238617, 16.7615833282, 6.44258975983, 3.06079244614, 3.34554433823, 2.02947878838, 1.36015093327, 0.70875364542, 0.596573531628, 0.186141192913, 0.0438485480845, 0.0181159079075, 0.00779524398968, 0.00425703823566, 0.00171961239539, 0.000640065525658, 0.000258003507042, 0.000101127494418, 4.32294218626e-05, 2.1423882572e-05, 1.03446027424e-05, 2.5649114832e-06, 1.16435994642e-05, 2.6694529879e-05], "median": [0.000118377029139, 0.00155199691653, 0.0342956855893, 0.545809745789, 2.50883126259, 3.26689958572, 6.05956792831, 10.035692215, 18.065612793, 12.7735328674, 38.4030075073, 41.8751525879, 28.689081192, 33.6316795349, 28.6853370667, 19.492307663, 10.8966026306, 6.35498523712, 1.98292469978, 0.899925708771, 0.870404243469, 0.534432768822, 0.446311593056, 0.288763046265, 0.144694626331, 0.0463116317987, 0.00812060013413, 0.00182729377411, 0.000584047578741, 0.000159890740179, 8.86153429747e-05, 5.07109289174e-05, 3.16427904181e-05, 2.46427516686e-05, 1.88196536328e-05, 1.37741262733e-05, 7.98691507953e-06, 2.04059642783e-06, 1.00303659565e-05, 2.29498946283e-05], "min": [9.12449849976e-23, 6.33439655892e-22, 2.97614677051e-21, 4.09757568139e-21, 2.49547078369e-20, 3.39908870096e-20, 4.67333910885e-20, 1.41811611572e-19, 7.26337860854e-20, 1.77868815138e-19, 9.90417403987e-20, 3.94322038636e-19, 9.62144538671e-19, 7.71379835611e-19, 6.91127909954e-19, 1.47753875467e-18, 2.14985998961e-18, 2.15504848001e-18, 2.88072658677e-18, 3.47855669204e-18, 3.69749981965e-18, 3.86334456939e-18, 4.95879474384e-18, 6.90843339144e-18, 6.08412392279e-18, 8.60671335758e-18, 9.68423604662e-18, 1.21029981845e-17, 1.35989683844e-17, 1.08274600374e-17, 1.03812118133e-17, 1.19566666254e-17, 1.06279937044e-17, 8.91250217771e-18, 6.56361115898e-18, 4.2656099459e-18, 2.58021124985e-18, 1.03473201557e-18, 2.6629593481e-19, 2.86027811334e-20], "var": [6.2650135078e-05, 0.0942845642567, 1.11124503613, 7.57724237442, 109.644668579, 566.468566895, 623.17578125, 798.241394043, 3429.37133789, 7980.62207031, 19223.0371094, 21109.5566406, 8090.98242188, 26082.9707031, 4631.06787109, 5263.21826172, 3703.76660156, 864.514221191, 151.698577881, 35.2628822327, 47.2294616699, 15.0608301163, 6.32365751266, 1.17725539207, 1.39748990536, 0.118918724358, 0.00841458048671, 0.00269090966322, 0.000427529390436, 0.000195166983758, 4.02516816393e-05, 5.3534113249e-06, 9.82548385764e-07, 1.49445142483e-07, 1.79702404068e-08, 1.97195992868e-09, 1.3924522646e-10, 6.80116943666e-12, 8.38756911148e-11, 4.46554571099e-10]}, "gfcc": {"mean": [-198.903335571, 227.141555786, -157.776199341, -63.5915412903, -39.2958488464, -42.5699806213, -18.6472415924, -16.3321056366, -28.2758731842, -23.0480651855, -4.8861823082, -17.310792923, -9.95622444153], "cov": [[17610.0683594, 2238.39013672, -3765.0847168, -294.752624512, -277.371337891, -965.887817383, 253.953521729, -639.496704102, 227.903076172, -322.008239746, 78.5646743774, -260.060760498, 284.447021484], [2238.39013672, 1523.96142578, 95.3430404663, -529.735656738, 323.931732178, -267.344451904, -48.5394935608, -2.50504636765, -115.856246948, -162.570327759, 39.3785667419, -96.1104888916, 30.4525470734], [-3765.0847168, 95.3430404663, 1548.15563965, 45.8901786804, 205.470397949, 327.45602417, -161.550109863, 203.937561035, 35.9378890991, 4.18258571625, -91.1034927368, 59.9000816345, -44.7722969055], [-294.752624512, -529.735656738, 45.8901786804, 701.272033691, 45.2871589661, 263.051635742, 155.486434937, 24.9540672302, 120.747756958, 81.0770111084, -40.6248779297, 36.9183158875, -4.73783397675], [-277.371337891, 323.931732178, 205.470397949, 45.2871589661, 367.580566406, 58.9789428711, 53.0688285828, 98.4592971802, -19.016620636, -1.58555936813, 12.8844366074, -9.32985687256, 11.9094181061], [-965.887817383, -267.344451904, 327.45602417, 263.051635742, 58.9789428711, 400.005981445, 72.9579925537, 35.3451499939, 89.2720870972, 58.0503578186, -35.4713592529, 18.9183044434, -15.4196138382], [253.953521729, -48.5394935608, -161.550109863, 155.486434937, 53.0688285828, 72.9579925537, 220.327880859, 28.3536071777, -40.48595047, 30.8244152069, 55.9417495728, -26.0709152222, -20.0801925659], [-639.496704102, -2.50504636765, 203.937561035, 24.9540672302, 98.4592971802, 35.3451499939, 28.3536071777, 168.658599854, 37.2049942017, -5.82065868378, -3.13607001305, 50.0411148071, 4.68005228043], [227.903076172, -115.856246948, 35.9378890991, 120.747756958, -19.016620636, 89.2720870972, -40.48595047, 37.2049942017, 220.060745239, 29.3325309753, -77.579536438, 64.2112197876, 48.0945243835], [-322.008239746, -162.570327759, 4.18258571625, 81.0770111084, -1.58555936813, 58.0503578186, 30.8244152069, -5.82065868378, 29.3325309753, 121.618309021, 43.313785553, -19.7577915192, -19.1631126404], [78.5646743774, 39.3785667419, -91.1034927368, -40.6248779297, 12.8844366074, -35.4713592529, 55.9417495728, -3.13607001305, -77.579536438, 43.313785553, 127.312736511, -15.5624752045, -30.5845127106], [-260.060760498, -96.1104888916, 59.9000816345, 36.9183158875, -9.32985687256, 18.9183044434, -26.0709152222, 50.0411148071, 64.2112197876, -19.7577915192, -15.5624752045, 118.246269226, 47.9921531677], [284.447021484, 30.4525470734, -44.7722969055, -4.73783397675, 11.9094181061, -15.4196138382, -20.0801925659, 4.68005228043, 48.0945243835, -19.1631126404, -30.5845127106, 47.9921531677, 90.999710083]], "icov": [[0.000624964537565, -0.00159898528364, 0.00158008083235, -0.00106990302447, 0.00111872924026, -0.000375666073523, 0.000568482093513, -2.68532785412e-05, -0.00126026244834, 0.000806356023531, -0.000655891490169, 0.000881840707734, -0.000629606249277], [-0.00159898528364, 0.00636527175084, -0.00482525583357, 0.00418344372883, -0.00512368418276, 0.00232688547112, -0.00294425990433, 0.00213084323332, 0.000693184498232, 0.00144089211244, -0.000462599069579, -6.74914263072e-05, 0.000834517588373], [0.00158008083235, -0.00482525583357, 0.00581737328321, -0.00320194079541, 0.00318832951598, -0.00294708297588, 0.00406428892165, -0.00267206854187, -0.000956173927989, 0.000292260781862, -1.16874525702e-05, 0.0011468839366, -0.00055307301227], [-0.00106990302447, 0.00418344372883, -0.00320194079541, 0.00538570294157, -0.00366578041576, 0.000747964193579, -0.00403179228306, 0.00225063809194, -0.000113807858725, -0.000526655174326, 0.00148551096208, -0.0017519016983, 0.00162289792206], [0.00111872924026, -0.00512368418276, 0.00318832951598, -0.00366578041576, 0.00813858769834, -0.00225271238014, 0.00214198627509, -0.00439769588411, 0.000672560359817, -0.00142811238766, -4.43118588009e-05, 0.00164345663507, -0.00269033457153], [-0.000375666073523, 0.00232688547112, -0.00294708297588, 0.000747964193579, -0.00225271238014, 0.00641647493467, -0.00425590155646, 0.00334957917221, -0.00280690635554, 0.00073268316919, -0.000147162281792, 6.26027249382e-05, 0.000810530851595], [0.000568482093513, -0.00294425990433, 0.00406428892165, -0.00403179228306, 0.00214198627509, -0.00425590155646, 0.0122753977776, -0.00611795065925, 0.00356885790825, -0.00111022859346, -0.00218277983367, 0.00219389935955, -0.000990705331787], [-2.68532785412e-05, 0.00213084323332, -0.00267206854187, 0.00225063809194, -0.00439769588411, 0.00334957917221, -0.00611795065925, 0.0138672553003, -0.00558864464983, 0.00379699422047, -0.00203378964216, -0.00318855163641, 0.00200461922213], [-0.00126026244834, 0.000693184498232, -0.000956173927989, -0.000113807858725, 0.000672560359817, -0.00280690635554, 0.00356885790825, -0.00558864464983, 0.0163875482976, -0.0108633730561, 0.0100850109011, -0.0074711390771, 0.000123301942949], [0.000806356023531, 0.00144089211244, 0.000292260781862, -0.000526655174326, -0.00142811238766, 0.00073268316919, -0.00111022859346, 0.00379699422047, -0.0108633730561, 0.0212271288037, -0.0131924971938, 0.00950197223574, -0.00224915076979], [-0.000655891490169, -0.000462599069579, -1.16874525702e-05, 0.00148551096208, -4.43118588009e-05, -0.000147162281792, -0.00218277983367, -0.00203378964216, 0.0100850109011, -0.0131924971938, 0.0205803681165, -0.00907030235976, 0.00547271454707], [0.000881840707734, -6.74914263072e-05, 0.0011468839366, -0.0017519016983, 0.00164345663507, 6.26027249382e-05, 0.00219389935955, -0.00318855163641, -0.0074711390771, 0.00950197223574, -0.00907030235976, 0.0207027178258, -0.00983447767794], [-0.000629606249277, 0.000834517588373, -0.00055307301227, 0.00162289792206, -0.00269033457153, 0.000810530851595, -0.000990705331787, 0.00200461922213, 0.000123301942949, -0.00224915076979, 0.00547271454707, -0.00983447767794, 0.0191450435668]]}, "melbands": {"dmean": [1.8245420506e-05, 4.69631813758e-05, 0.000129944062792, 0.00026272321702, 0.000176897607162, 0.000167549733305, 0.000236728359596, 0.000183971744264, 0.000282767956378, 0.000190441729501, 9.13704570848e-05, 0.000138607400004, 7.51668121666e-05, 5.50722252228e-05, 2.94754863717e-05, 1.79654125532e-05, 1.12673678814e-05, 4.27554277849e-06, 2.35869833887e-06, 1.5687320456e-06, 1.98034058485e-06, 9.48607748796e-07, 9.49412765294e-07, 4.18915135469e-07, 1.86704937732e-07, 1.86139288871e-07, 7.60956027079e-08, 3.98821136116e-08, 1.38530342753e-08, 7.5362454055e-09, 3.99218391678e-09, 2.2339023964e-09, 1.69844149855e-09, 9.81099868014e-10, 5.51468815058e-10, 2.95633351133e-10, 1.70544314781e-10, 9.71875219191e-11, 6.50971082594e-11, 3.37806865813e-11], "dmean2": [2.95022582577e-05, 7.30133906472e-05, 0.000202984214411, 0.000418101553805, 0.00026175819221, 0.000250118115218, 0.000336460070685, 0.000267029827228, 0.000404454418458, 0.000262968882453, 0.000128078245325, 0.000200320064323, 0.000108392363472, 8.21015928523e-05, 4.40529984189e-05, 2.66808256129e-05, 1.65219917108e-05, 6.14178316027e-06, 3.35954155162e-06, 2.29490478887e-06, 3.01121099255e-06, 1.40299675877e-06, 1.37156371238e-06, 6.19257832568e-07, 2.61217905972e-07, 2.6223673899e-07, 1.03336489587e-07, 5.47663852046e-08, 2.02749035338e-08, 1.05759658808e-08, 5.54301449185e-09, 3.17946402539e-09, 2.47515519192e-09, 1.38708655673e-09, 8.26572033041e-10, 4.42983816296e-10, 2.5986346408e-10, 1.4658463332e-10, 1.00677861881e-10, 5.22148227433e-11], "dvar": [8.30061530621e-09, 3.82725389159e-08, 9.29000165684e-08, 3.68029361653e-07, 1.49865527987e-07, 1.06608013084e-07, 2.0069968798e-07, 1.62934000514e-07, 2.50482912634e-07, 1.39761283435e-07, 3.18699555635e-08, 1.10572834444e-07, 2.40464625989e-08, 1.16457439248e-08, 4.19495549409e-09, 1.54238155581e-09, 6.51976306276e-10, 1.13452566786e-10, 3.24064108881e-11, 1.53265490577e-11, 2.25080388355e-11, 7.16011971935e-12, 6.34782070658e-12, 6.76275225056e-13, 1.82231766027e-13, 3.19253304348e-13, 3.61790946594e-14, 9.80333825592e-15, 1.56518644345e-15, 6.17081501525e-16, 1.89207162498e-16, 4.97386382393e-17, 3.19790374006e-17, 1.70327009862e-17, 6.86704623667e-18, 1.26757188087e-18, 5.40012558594e-19, 1.82268899009e-19, 1.10941670551e-19, 2.3284302216e-20], "dvar2": [2.09388701933e-08, 8.20047318939e-08, 2.27261523378e-07, 1.01892362636e-06, 3.32275504888e-07, 2.45904544727e-07, 4.16127477365e-07, 3.33378892492e-07, 5.19688455825e-07, 2.54693787838e-07, 5.69823619401e-08, 2.29305641142e-07, 5.20399439097e-08, 2.44147564388e-08, 9.80006120699e-09, 3.45890849296e-09, 1.39190270421e-09, 2.31467220391e-10, 6.26908386314e-11, 3.00630249861e-11, 5.04127919965e-11, 1.43438151981e-11, 1.1805841027e-11, 1.42087058265e-12, 3.23174511241e-13, 5.90916475907e-13, 6.27393577086e-14, 1.87544631111e-14, 3.15909132722e-15, 1.17623092578e-15, 3.51480900735e-16, 1.0170497313e-16, 6.34548512037e-17, 2.78331287611e-17, 1.40438658225e-17, 2.66277648948e-18, 1.10535773024e-18, 3.76488670864e-19, 2.52815036325e-19, 4.56554907398e-20], "max": [0.00386015162803, 0.00725773628801, 0.00836393516511, 0.0152193270624, 0.0173539221287, 0.0067933127284, 0.00812973175198, 0.0123088676482, 0.0119001921266, 0.0107067553326, 0.00342222931795, 0.01197116822, 0.0035718230065, 0.00290706707165, 0.00218690256588, 0.00134120555595, 0.000747941492591, 0.000377972406568, 0.000175296838279, 8.25291790534e-05, 0.000132698289235, 0.000124644342577, 9.00914310478e-05, 1.54660792759e-05, 1.48156841533e-05, 2.11701881199e-05, 4.84221118313e-06, 3.03790557155e-06, 1.59533647093e-06, 8.84911742105e-07, 5.00329065289e-07, 2.22828191454e-07, 1.34752767167e-07, 2.51306488508e-07, 1.0655332261e-07, 3.75751483261e-08, 2.61031232185e-08, 1.34497950555e-08, 1.49863765841e-08, 6.29936236507e-09], "mean": [3.83656661143e-05, 0.000155248359079, 0.000381985330023, 0.000665402738377, 0.00054257089505, 0.000462304480607, 0.000615174067207, 0.00054830632871, 0.000772890402004, 0.000542430614587, 0.000306332018226, 0.000372403534129, 0.000196062028408, 0.000143150435179, 7.92868013377e-05, 4.93156221637e-05, 2.85022470052e-05, 1.05133030956e-05, 5.29361295776e-06, 3.01565069094e-06, 4.09140511692e-06, 1.97391750589e-06, 2.04695038519e-06, 9.21178923363e-07, 4.84796203182e-07, 5.66707285543e-07, 2.21049177185e-07, 9.49962810637e-08, 2.80745737768e-08, 1.52093040384e-08, 8.23363865976e-09, 4.50142323416e-09, 3.19908854962e-09, 1.99635996623e-09, 1.07602315946e-09, 5.35417044034e-10, 3.04160890918e-10, 1.79712786319e-10, 1.08383295394e-10, 5.7541537507e-11], "median": [5.80001142225e-07, 1.14160584417e-05, 0.000175271794433, 0.000230142148212, 0.000203985400731, 0.000236574123846, 0.000286376976874, 0.000162993062986, 0.000355375930667, 0.000239454006078, 0.000120383905596, 0.000123389210785, 7.43030686863e-05, 5.05169955431e-05, 2.88767914753e-05, 1.86855431821e-05, 9.11044662644e-06, 2.37002086578e-06, 1.30368857754e-06, 7.31203840587e-07, 9.65095296124e-07, 4.57104420093e-07, 3.36319260441e-07, 3.38353856932e-07, 1.58752953894e-07, 1.19251325259e-07, 5.03954211695e-08, 2.16839914913e-08, 2.96195334926e-09, 1.19435084045e-09, 6.26929397285e-10, 3.18021164958e-10, 1.03573545573e-10, 4.72298658516e-11, 4.07212180642e-11, 2.54150988449e-11, 1.57119456334e-11, 9.4185839683e-12, 7.74722300201e-12, 6.19396374468e-12], "min": [8.05622375216e-25, 1.7987310538e-24, 1.49065819056e-24, 2.92817673839e-24, 2.16809702887e-24, 3.11908344404e-24, 1.02655672609e-24, 1.95944726374e-24, 6.64042944758e-25, 2.4668467395e-24, 4.58348696317e-24, 3.10472873936e-24, 1.47931880809e-24, 3.01537111197e-24, 1.96588929911e-24, 4.44336593931e-24, 3.14303010568e-24, 3.99317919235e-24, 3.13749624643e-24, 4.37442107392e-24, 3.81724112238e-24, 3.35583480119e-24, 3.53194444841e-24, 4.43739071238e-24, 5.41212065751e-24, 3.94917574219e-24, 4.62864846113e-24, 5.79480339352e-24, 5.45687865312e-24, 4.98989114103e-24, 6.70557801848e-24, 7.08085887261e-24, 6.5479103615e-24, 5.45789352267e-24, 5.57953587426e-24, 5.02971875598e-24, 5.93107832604e-24, 6.53111551283e-24, 6.60373370903e-24, 7.63645913019e-24], "var": [2.98484010841e-08, 2.73132286566e-07, 3.16671929568e-07, 1.41074133353e-06, 9.71981421571e-07, 4.22753771545e-07, 7.91554327861e-07, 9.86182726592e-07, 1.17210367989e-06, 6.62935690343e-07, 2.10483079854e-07, 5.1058009376e-07, 9.5191730054e-08, 5.32725827895e-08, 2.01097893893e-08, 7.57323181944e-09, 2.70288991189e-09, 5.30842536595e-10, 1.38421538121e-10, 3.92056907772e-11, 7.36118041522e-11, 1.86209398595e-11, 2.01746345324e-11, 2.15400332119e-12, 7.69086454678e-13, 1.43607781916e-12, 1.70124534577e-13, 3.61953881851e-14, 4.92907784358e-15, 1.86772035419e-15, 6.43732334419e-16, 1.57529903746e-16, 9.40368831201e-17, 6.58644084758e-17, 1.78484764325e-17, 3.89422735756e-18, 1.4889547777e-18, 5.48201077971e-19, 2.85746931818e-19, 6.97932413995e-20]}, "mfcc": {"mean": [-803.716186523, 233.903884888, -31.4324741364, -28.9075527191, -20.2754821777, -28.9947738647, -5.01375389099, -5.83700323105, -19.4275074005, -11.3617782593, -7.08371639252, -9.71614646912, -7.48412656784], "cov": [[8058.26904297, 3517.10522461, -2439.13085938, -132.977920532, -239.672683716, -460.411468506, -149.814193726, -182.638702393, -94.7567596436, 8.97425746918, -81.0613327026, -108.127670288, -58.7099151611], [3517.10522461, 2494.21142578, -520.752441406, -357.800598145, 24.6349143982, -284.886932373, -148.313354492, -37.5624237061, -101.550666809, -103.922966003, -67.9782485962, -63.1096229553, -84.5876693726], [-2439.13085938, -520.752441406, 1349.09387207, 22.4156951904, 150.914779663, 248.853683472, -22.3812236786, 112.811531067, 93.9273223877, -60.4672050476, 7.4746427536, 55.9660491943, -6.21541070938], [-132.977920532, -357.800598145, 22.4156951904, 356.252288818, 100.679855347, 100.876777649, 76.1879806519, 54.7204170227, 109.000106812, 67.6741714478, 24.5186862946, 35.027885437, 39.9030570984], [-239.672683716, 24.6349143982, 150.914779663, 100.679855347, 285.120697021, 120.1664505, -11.8210639954, 95.044128418, 122.900588989, 19.3081588745, 14.6265525818, 48.0102310181, 5.22490358353], [-460.411468506, -284.886932373, 248.853683472, 100.876777649, 120.1664505, 369.393280029, 104.586967468, 26.3730831146, 134.064788818, 87.2495422363, 39.2730827332, 15.1221475601, 22.4196224213], [-149.814193726, -148.313354492, -22.3812236786, 76.1879806519, -11.8210639954, 104.586967468, 318.37121582, 48.673789978, -86.92628479, 118.838088989, 60.7433929443, -67.1599349976, 43.4813995361], [-182.638702393, -37.5624237061, 112.811531067, 54.7204170227, 95.044128418, 26.3730831146, 48.673789978, 193.654815674, 110.675201416, -24.9430484772, 14.0451221466, 59.0321502686, 19.8886623383], [-94.7567596436, -101.550666809, 93.9273223877, 109.000106812, 122.900588989, 134.064788818, -86.92628479, 110.675201416, 283.141143799, 14.315820694, -20.0973834991, 94.2121734619, 16.458782196], [8.97425746918, -103.922966003, -60.4672050476, 67.6741714478, 19.3081588745, 87.2495422363, 118.838088989, -24.9430484772, 14.315820694, 165.755493164, 60.6315841675, -47.3091506958, 39.1210212708], [-81.0613327026, -67.9782485962, 7.4746427536, 24.5186862946, 14.6265525818, 39.2730827332, 60.7433929443, 14.0451221466, -20.0973834991, 60.6315841675, 101.211090088, 33.7785263062, 17.5742321014], [-108.127670288, -63.1096229553, 55.9660491943, 35.027885437, 48.0102310181, 15.1221475601, -67.1599349976, 59.0321502686, 94.2121734619, -47.3091506958, 33.7785263062, 155.981872559, 41.9075012207], [-58.7099151611, -84.5876693726, -6.21541070938, 39.9030570984, 5.22490358353, 22.4196224213, 43.4813995361, 19.8886623383, 16.458782196, 39.1210212708, 17.5742321014, 41.9075012207, 101.114074707]], "icov": [[0.029423378408, -0.0415776148438, 0.041728977114, -0.0419731959701, 0.0425971485674, -0.0432305373251, 0.0430376976728, -0.0420868806541, 0.0379288047552, -0.0346575081348, 0.0260954163969, -0.0178370382637, 0.00867875944823], [-0.0415776148438, 0.0593393817544, -0.058753747493, 0.0599482394755, -0.0607700496912, 0.0614952109754, -0.0610292106867, 0.0597522817552, -0.0539994053543, 0.0494635775685, -0.0371441170573, 0.0256189480424, -0.0122833754867], [0.041728977114, -0.058753747493, 0.0602860823274, -0.0593678802252, 0.0602325126529, -0.0624996386468, 0.0619820989668, -0.0610000155866, 0.0549458600581, -0.0492182187736, 0.037418872118, -0.0254075098783, 0.0124281095341], [-0.0419731959701, 0.0599482394755, -0.0593678802252, 0.0646272823215, -0.0626949518919, 0.063187636435, -0.0642790272832, 0.0625761449337, -0.0579525902867, 0.051229275763, -0.038844935596, 0.0262985527515, -0.0133474376053], [0.0425971485674, -0.0607700496912, 0.0602325126529, -0.0626949518919, 0.0684680193663, -0.06602755934, 0.0665103942156, -0.0672206506133, 0.0595249384642, -0.0561744235456, 0.0418135896325, -0.0292524974793, 0.0149638513103], [-0.0432305373251, 0.0614952109754, -0.0624996386468, 0.063187636435, -0.06602755934, 0.0730908364058, -0.071884393692, 0.0722972527146, -0.06835539639, 0.0598461553454, -0.0470836758614, 0.031898625195, -0.0156025458127], [0.0430376976728, -0.0610292106867, 0.0619820989668, -0.0642790272832, 0.0665103942156, -0.071884393692, 0.0800720825791, -0.0784514844418, 0.0736794322729, -0.0678055658937, 0.0487477071583, -0.0318029634655, 0.0155604686588], [-0.0420868806541, 0.0597522817552, -0.0610000155866, 0.0625761449337, -0.0672206506133, 0.0722972527146, -0.0784514844418, 0.0871042907238, -0.0787971168756, 0.0741669088602, -0.0566539764404, 0.0376276858151, -0.020466055721], [0.0379288047552, -0.0539994053543, 0.0549458600581, -0.0579525902867, 0.0595249384642, -0.06835539639, 0.0736794322729, -0.0787971168756, 0.0824329182506, -0.0751778334379, 0.0610031597316, -0.0442206710577, 0.022385276854], [-0.0346575081348, 0.0494635775685, -0.0492182187736, 0.051229275763, -0.0561744235456, 0.0598461553454, -0.0678055658937, 0.0741669088602, -0.0751778334379, 0.0867636948824, -0.0667396858335, 0.0501460209489, -0.0282988641411], [0.0260954163969, -0.0371441170573, 0.037418872118, -0.038844935596, 0.0418135896325, -0.0470836758614, 0.0487477071583, -0.0566539764404, 0.0610031597316, -0.0667396858335, 0.0664687380195, -0.0452480502427, 0.0232607871294], [-0.0178370382637, 0.0256189480424, -0.0254075098783, 0.0262985527515, -0.0292524974793, 0.031898625195, -0.0318029634655, 0.0376276858151, -0.0442206710577, 0.0501460209489, -0.0452480502427, 0.0433502532542, -0.0224574226886], [0.00867875944823, -0.0122833754867, 0.0124281095341, -0.0133474376053, 0.0149638513103, -0.0156025458127, 0.0155604686588, -0.020466055721, 0.022385276854, -0.0282988641411, 0.0232607871294, -0.0224574226886, 0.0232748668641]]}, "spectral_contrast_coeffs": {"dmean": [0.0533193834126, 0.0426969490945, 0.0412550829351, 0.0427570603788, 0.033128965646, 0.0482848770916], "dmean2": [0.081223115325, 0.0682488679886, 0.0654822587967, 0.0655429512262, 0.0507033839822, 0.0837571397424], "dvar": [0.00234227930196, 0.00145406404044, 0.00137335795444, 0.00148869340774, 0.00113024411257, 0.00155548879411], "dvar2": [0.00493041984737, 0.00352808553725, 0.00333163700998, 0.00342029496096, 0.00236627622508, 0.00430320668966], "max": [-0.174890190363, -0.401871562004, -0.42313927412, -0.441143006086, -0.461804568768, -0.622176647186], "mean": [-0.467213839293, -0.658442556858, -0.656606078148, -0.692555785179, -0.683882594109, -0.825476109982], "median": [-0.449455022812, -0.65489757061, -0.649281978607, -0.685024261475, -0.678251445293, -0.833504676819], "min": [-0.985704362392, -0.973660945892, -0.969786643982, -0.970946013927, -0.966646075249, -0.963775455952], "var": [0.0154498862103, 0.00670332228765, 0.00737664988264, 0.00838966481388, 0.00810054782778, 0.00586198735982]}, "spectral_contrast_valleys": {"dmean": [0.657163202763, 0.357927769423, 0.363297224045, 0.488593012094, 0.490404039621, 0.821503996849], "dmean2": [1.02201533318, 0.572607278824, 0.589712500572, 0.761694729328, 0.777844071388, 1.46786153316], "dvar": [0.354649782181, 0.135851204395, 0.140613213181, 0.255213737488, 0.309717804193, 0.422325402498], "dv