{"lowlevel": {"average_loudness": 0.707599937916, "barkbands_crest": {"dmean": 2.25728034973, "dmean2": 3.60373473167, "dvar": 4.68790721893, "dvar2": 12.2371444702, "max": 25.8137969971, "mean": 10.1569232941, "median": 9.14285755157, "min": 2.60303807259, "var": 19.4008350372}, "barkbands_flatness_db": {"dmean": 0.0176716018468, "dmean2": 0.0256785359234, "dvar": 0.000279804226011, "dvar2": 0.000570738746319, "max": 0.476115584373, "mean": 0.158233210444, "median": 0.136964276433, "min": 0.0346744172275, "var": 0.00546937668696}, "barkbands_kurtosis": {"dmean": 1.92951524258, "dmean2": 3.11396360397, "dvar": 18.171169281, "dvar2": 49.2054748535, "max": 102.282623291, "mean": 2.2383749485, "median": 0.76044356823, "min": -1.79230761528, "var": 28.6339988708}, "barkbands_skewness": {"dmean": 0.464014679193, "dmean2": 0.71142745018, "dvar": 0.26620143652, "dvar2": 0.645398855209, "max": 8.9046792984, "mean": 0.865715324879, "median": 0.745010018349, "min": -3.96385145187, "var": 0.960288047791}, "barkbands_spread": {"dmean": 4.04062509537, "dmean2": 6.01481533051, "dvar": 31.389257431, "dvar2": 66.6060409546, "max": 86.4771728516, "mean": 17.405216217, "median": 15.3250789642, "min": 0.656302690506, "var": 142.397140503}, "dissonance": {"dmean": 0.0305436495692, "dmean2": 0.0516733378172, "dvar": 0.0010845324723, "dvar2": 0.00303505803458, "max": 0.499805450439, "mean": 0.435881972313, "median": 0.448193132877, "min": 0.122012607753, "var": 0.00232782936655}, "dynamic_complexity": 3.82774209976, "erbbands_crest": {"dmean": 3.16145467758, "dmean2": 5.15137577057, "dvar": 8.2422618866, "dvar2": 21.4784641266, "max": 32.5941352844, "mean": 12.4359521866, "median": 11.124165535, "min": 2.86063075066, "var": 31.0985012054}, "erbbands_flatness_db": {"dmean": 0.0198192819953, "dmean2": 0.0294100660831, "dvar": 0.000345102074789, "dvar2": 0.000744577671867, "max": 0.473763674498, "mean": 0.210002452135, "median": 0.192814260721, "min": 0.062369890511, "var": 0.0053820963949}, "erbbands_kurtosis": {"dmean": 1.62740707397, "dmean2": 2.67254424095, "dvar": 7.98307991028, "dvar2": 21.3008956909, "max": 46.0164451599, "mean": 1.70598483086, "median": 0.733258843422, "min": -1.60152041912, "var": 11.9493541718}, "erbbands_skewness": {"dmean": 0.437925159931, "dmean2": 0.671369194984, "dvar": 0.211342856288, "dvar2": 0.514225780964, "max": 5.67626190186, "mean": 0.384272038937, "median": 0.341693401337, "min": -3.81275486946, "var": 0.622530043125}, "erbbands_spread": {"dmean": 5.22123003006, "dmean2": 8.11184978485, "dvar": 33.9838371277, "dvar2": 78.498336792, "max": 92.174041748, "mean": 23.100446701, "median": 21.0657920837, "min": 1.09580695629, "var": 195.101898193}, "hfc": {"dmean": 8.4132270813, "dmean2": 12.491724968, "dvar": 193.794784546, "dvar2": 422.053436279, "max": 279.26864624, "mean": 24.2072906494, "median": 20.6138916016, "min": 1.1362580381e-16, "var": 445.22869873}, "melbands_crest": {"dmean": 2.30458950996, "dmean2": 3.56375432014, "dvar": 5.17111110687, "dvar2": 13.0997390747, "max": 30.4916782379, "mean": 11.963142395, "median": 10.6898469925, "min": 1.75514340401, "var": 25.8745594025}, "melbands_flatness_db": {"dmean": 0.017465820536, "dmean2": 0.0242128074169, "dvar": 0.000285537302261, "dvar2": 0.000532419420779, "max": 0.519083619118, "mean": 0.212560579181, "median": 0.199141651392, "min": 0.00219732592814, "var": 0.00596164399758}, "melbands_kurtosis": {"dmean": 2.45069408417, "dmean2": 3.87930059433, "dvar": 22.2337970734, "dvar2": 56.4083557129, "max": 115.178276062, "mean": 3.73781061172, "median": 1.87693715096, "min": -1.75483238697, "var": 39.8715171814}, "melbands_skewness": {"dmean": 0.483204066753, "dmean2": 0.740109264851, "dvar": 0.230983689427, "dvar2": 0.553693175316, "max": 7.6655921936, "mean": 1.275182724, "median": 1.15365493298, "min": -3.15839958191, "var": 1.06824743748}, "melbands_spread": {"dmean": 5.07929468155, "dmean2": 7.54311275482, "dvar": 48.3102416992, "dvar2": 93.1676177979, "max": 158.736755371, "mean": 24.0423069, "median": 21.7593765259, "min": 0.803768396378, "var": 281.425872803}, "pitch_salience": {"dmean": 0.0555523373187, "dmean2": 0.0882956832647, "dvar": 0.00233517214656, "dvar2": 0.00595320574939, "max": 0.940287530422, "mean": 0.510137498379, "median": 0.516085267067, "min": 0.148086473346, "var": 0.0103301452473}, "silence_rate_20dB": {"dmean": 0, "dmean2": 0, "dvar": 0, "dvar2": 0, "max": 1, "mean": 1, "median": 1, "min": 1, "var": 0}, "silence_rate_30dB": {"dmean": 0.00358715141192, "dmean2": 0.00717547303066, "dvar": 0.00357443792745, "dvar2": 0.00842789467424, "max": 1, "mean": 0.996087372303, "median": 1, "min": 0, "var": 0.00389728345908}, "silence_rate_60dB": {"dmean": 0.00750040775165, "dmean2": 0.0150032611564, "dvar": 0.00744446180761, "dvar2": 0.0157586745918, "max": 1, "mean": 0.120965115726, "median": 0, "min": 0, "var": 0.106326326728}, "spectral_centroid": {"dmean": 177.217300415, "dmean2": 261.459747314, "dvar": 57952.3125, "dvar2": 106661.398438, "max": 11323.7236328, "mean": 1231.43908691, "median": 1088.48413086, "min": 363.312561035, "var": 369312.21875}, "spectral_complexity": {"dmean": 1.69052660465, "dmean2": 2.79712986946, "dvar": 2.4669713974, "dvar2": 6.15108966827, "max": 33, "mean": 14.6866645813, "median": 16, "min": 0, "var": 40.9609222412}, "spectral_decrease": {"dmean": 1.38747235923e-09, "dmean2": 2.00380290138e-09, "dvar": 3.47303029837e-18, "dvar2": 6.48648649303e-18, "max": 9.61395399474e-29, "mean": -6.0319194084e-09, "median": -5.3962385671e-09, "min": -5.88986353023e-08, "var": 2.16156141064e-17}, "spectral_energy": {"dmean": 0.00585358589888, "dmean2": 0.00848835613579, "dvar": 5.83780893066e-05, "dvar2": 0.000111900088086, "max": 0.233098417521, "mean": 0.0249615199864, "median": 0.0226202271879, "min": 1.04976336394e-20, "var": 0.000350509973941}, "spectral_energyband_high": {"dmean": 0.000379201926989, "dmean2": 0.000537003506906, "dvar": 1.18933519389e-06, "dvar2": 2.47166485678e-06, "max": 0.0196283459663, "mean": 0.000597822596319, "median": 0.000134585396154, "min": 7.11609263813e-21, "var": 1.95348798115e-06}, "spectral_energyband_low": {"dmean": 0.000324817112414, "dmean2": 0.000401819648687, "dvar": 2.56900221984e-07, "dvar2": 5.30465683823e-07, "max": 0.0131531972438, "mean": 0.00147873640526, "median": 0.000636451703031, "min": 3.29215574011e-23, "var": 4.45088699053e-06}, "spectral_energyband_middle_high": {"dmean": 0.00394072057679, "dmean2": 0.00638143112883, "dvar": 2.7329504519e-05, "dvar2": 7.10848617018e-05, "max": 0.077178940177, "mean": 0.009770385921, "median": 0.00793203338981, "min": 1.16314084633e-21, "var": 7.32346525183e-05}, "spectral_energyband_middle_low": {"dmean": 0.00341834221035, "dmean2": 0.00423051975667, "dvar": 3.60467165592e-05, "dvar2": 4.93268671562e-05, "max": 0.226090371609, "mean": 0.0136106358841, "median": 0.00955969654024, "min": 1.91090497615e-22, "var": 0.000225828203838}, "spectral_entropy": {"dmean": 0.156718254089, "dmean2": 0.228649839759, "dvar": 0.0247506741434, "dvar2": 0.0523836798966, "max": 9.81379508972, "mean": 6.99275636673, "median": 7.11920452118, "min": 4.27636623383, "var": 0.361747086048}, "spectral_flux": {"dmean": 0.0150737231597, "dmean2": 0.0251194164157, "dvar": 0.000246409064857, "dvar2": 0.000700398755725, "max": 0.220856279135, "mean": 0.0619339905679, "median": 0.0616459399462, "min": 6.81101841593e-11, "var": 0.000954574206844}, "spectral_kurtosis": {"dmean": 2.40362739563, "dmean2": 3.9063782692, "dvar": 10.0632448196, "dvar2": 25.6671657562, "max": 71.2026824951, "mean": 8.94858551025, "median": 7.10099601746, "min": -1.22712469101, "var": 48.7232627869}, "spectral_rms": {"dmean": 0.000544815906323, "dmean2": 0.000793778570369, "dvar": 3.22669563957e-07, "dvar2": 6.82124436935e-07, "max": 0.0150802219287, "mean": 0.00452646333724, "median": 0.00469771400094, "min": 3.2002490935e-12, "var": 3.86380361306e-06}, "spectral_rolloff": {"dmean": 503.057678223, "dmean2": 846.356262207, "dvar": 1576082.375, "dvar2": 3495325.5, "max": 19056.8847656, "mean": 1870.88232422, "median": 1313.52539062, "min": 21.533203125, "var": 3946786.25}, "spectral_skewness": {"dmean": 0.249860033393, "dmean2": 0.397577822208, "dvar": 0.067246325314, "dvar2": 0.160225659609, "max": 6.89759874344, "mean": 2.29442167282, "median": 2.11065721512, "min": -0.0208302401006, "var": 0.632944703102}, "spectral_spread": {"dmean": 544829.25, "dmean2": 775449.5625, "dvar": 685778862080, "dvar2": 1378003714050.0, "max": 41613680, "mean": 4267651, "median": 3865297, "min": 1174914.25, "var": 3296482557950.0}, "spectral_strongpeak": {"dmean": 1.06737840176, "dmean2": 1.78335702419, "dvar": 3.72372746468, "dvar2": 10.1403570175, "max": 44.4833259583, "mean": 2.14550757408, "median": 1.62129330635, "min": 0, "var": 4.3416185379}, "zerocrossingrate": {"dmean": 0.0114295864478, "dmean2": 0.0123858768493, "dvar": 0.000274351419648, "dvar2": 0.00034946273081, "max": 0.51220703125, "mean": 0.070290453732, "median": 0.0546875, "min": 0.0087890625, "var": 0.00244575575925}, "barkbands": {"dmean": [0.000180150294909, 8.74863835634e-05, 0.000138526040246, 0.000379124801839, 0.000660358055029, 0.000720411131624, 0.00137511163484, 0.000468470243504, 0.00137247215025, 0.000734710716642, 0.00124507304281, 0.00117195060011, 0.00166204874404, 0.000409817439504, 0.000330028880853, 0.000116623647045, 0.000163427466759, 7.22422919353e-05, 0.000179859707714, 5.86818568991e-05, 7.57923771744e-05, 5.06512733409e-05, 3.46053711837e-05, 8.29501441331e-05, 4.95332096762e-05, 0.000113021516881, 2.3289821911e-05], "dmean2": [0.00033517475822, 0.000135488095111, 0.000177120920853, 0.000395679584472, 0.00079145678319, 0.000830931821838, 0.00164350715932, 0.000561578490306, 0.00199837656692, 0.00113977352157, 0.00203623669222, 0.0019203327829, 0.00277279224247, 0.000658201635815, 0.000531622557901, 0.000189205267816, 0.000256659550359, 0.000116380382678, 0.000291247124551, 9.57125594141e-05, 0.000116834504297, 8.15965686343e-05, 5.19185960002e-05, 0.000124809215777, 7.46231162339e-05, 0.000169523409568, 3.86605825042e-05], "dvar": [4.329909018e-07, 4.61768401294e-08, 7.88541214547e-08, 4.89453327646e-07, 1.50158018641e-06, 1.29247621317e-06, 1.87363220903e-05, 2.61244372268e-06, 1.12729312605e-05, 5.73712077312e-06, 8.58657858771e-06, 5.99637633059e-06, 1.21506882351e-05, 8.15686576061e-07, 6.17404054992e-07, 9.58719255095e-08, 1.77146958436e-07, 2.57556873606e-08, 3.53193428282e-07, 3.1674819212e-08, 8.07431774774e-08, 3.18435269264e-08, 5.10932345321e-08, 8.08769939908e-08, 1.84808932602e-08, 2.35660834846e-07, 1.84237567424e-08], "dvar2": [1.46716138261e-06, 1.11630590993e-07, 1.46106089005e-07, 7.9364491512e-07, 2.26957581617e-06, 1.61678894983e-06, 2.19528192247e-05, 3.10075711241e-06, 2.17429296754e-05, 1.29077880047e-05, 2.31112007896e-05, 1.57585182023e-05, 3.27904563164e-05, 1.96587348e-06, 1.54869621838e-06, 2.51012494346e-07, 4.41284726094e-07, 6.32993817362e-08, 8.6736912408e-07, 8.2777745547e-08, 1.75492814947e-07, 7.55976188316e-08, 1.02533775248e-07, 1.86938009961e-07, 4.4270223043e-08, 5.24766448962e-07, 4.72041854493e-08], "max": [0.0147412065417, 0.00928744114935, 0.00839985348284, 0.0280164275318, 0.0541705675423, 0.0448391400278, 0.184282556176, 0.104553192854, 0.0916428938508, 0.060226213187, 0.0424999520183, 0.0352711975574, 0.0688680410385, 0.0160239413381, 0.0132536878809, 0.00756904948503, 0.00791895762086, 0.00237244041637, 0.00897638965398, 0.00338823464699, 0.00750591931865, 0.00362284574658, 0.0058288294822, 0.00443570781499, 0.00178845180199, 0.010807489045, 0.00295644206926], "mean": [0.000160278228577, 0.000420122727519, 0.00042915600352, 0.00141521519981, 0.00235778070055, 0.00242628529668, 0.00341668794863, 0.00138656026684, 0.00256531476043, 0.00131635798607, 0.00184724258725, 0.0019208274316, 0.00252896710299, 0.000687662512064, 0.000559987733141, 0.000208425641176, 0.000310477858875, 0.000114011025289, 0.000225892930757, 9.79369578999e-05, 0.00012542460172, 8.21693829494e-05, 4.90173479193e-05, 0.00010088091949, 7.37413574825e-05, 0.000116036491818, 1.90739119716e-05], "median": [3.28869327859e-06, 5.03561896039e-05, 7.82466813689e-05, 0.000328947731759, 0.000547014991753, 0.000859117833897, 0.00106680649333, 0.000199824076844, 0.000609648704994, 0.000303048756905, 0.000534285441972, 0.000499413232319, 0.00108014768921, 0.000199155620066, 0.000116793904454, 4.88660443807e-05, 9.29049856495e-05, 4.53159591416e-05, 7.29362800485e-05, 3.33035277436e-05, 3.33969437634e-05, 1.41812979564e-05, 8.14616669231e-06, 1.30120970425e-05, 1.63287077157e-05, 5.0822150115e-06, 8.84401288204e-07], "min": [3.24701853907e-24, 1.02454004263e-23, 2.07121130186e-24, 2.62308202229e-24, 2.99026782247e-23, 2.03658373966e-23, 1.52149275175e-23, 2.33453098154e-23, 3.9176694265e-23, 2.91555796158e-23, 2.30980429424e-23, 2.74861006603e-23, 3.80164534228e-23, 8.01336645774e-23, 7.77351424614e-23, 1.27000925942e-22, 1.73713835627e-22, 1.25921322462e-22, 1.94375768809e-22, 2.22745844911e-22, 3.64030100973e-22, 4.12136934188e-22, 5.18832479456e-22, 7.20964391793e-22, 1.04343442252e-21, 1.48687118648e-21, 2.10042341914e-21], "var": [3.7166535094e-07, 1.04759476471e-06, 6.98507960806e-07, 7.4966669672e-06, 1.93753567146e-05, 1.51249314513e-05, 8.95295379451e-05, 2.9418264603e-05, 3.26837034663e-05, 1.17927302199e-05, 1.37873366839e-05, 1.25980459416e-05, 1.88331287063e-05, 1.68528913491e-06, 1.3238492329e-06, 2.31236114701e-07, 4.01408982498e-07, 4.52654198568e-08, 3.57057928113e-07, 5.72595624249e-08, 1.39583974601e-07, 6.23547933287e-08, 6.91461679025e-08, 9.99849874006e-08, 2.52934917455e-08, 2.88288021011e-07, 1.43506202477e-08]}, "erbbands": {"dmean": [0.00186708231922, 0.0243309158832, 0.138937219977, 0.660523951054, 1.22243094444, 3.63338518143, 3.34727025032, 6.24977684021, 10.8026199341, 27.3202266693, 12.7660074234, 34.1485748291, 12.9642534256, 32.8950920105, 49.6484031677, 41.3050041199, 80.7952041626, 19.7463665009, 16.9178390503, 16.8244152069, 6.39023923874, 7.97683048248, 4.60622406006, 8.89010620117, 5.22288322449, 2.89156341553, 2.19961023331, 3.8346965313, 1.99962818623, 0.784488201141, 1.12562322617, 1.50813674927, 1.45402562618, 0.515830636024, 0.412322789431, 0.416128635406, 0.242455720901, 0.0319321230054, 0.00542569393292, 0.000202505645575], "dmean2": [0.00311996485107, 0.0372317321599, 0.18614448607, 0.678119122982, 1.5124335289, 4.34615850449, 3.99044370651, 7.19694185257, 14.9314250946, 30.0207977295, 16.7879676819, 49.7717056274, 19.7865848541, 52.0962677002, 81.9852294922, 67.2763595581, 134.080444336, 31.9115009308, 27.1488323212, 26.9444046021, 10.3230895996, 12.6233911514, 7.29054689407, 13.9691257477, 8.46883487701, 4.66441488266, 3.5227265358, 5.89760065079, 3.25799655914, 1.21687710285, 1.66973304749, 2.30722165108, 2.19689226151, 0.769019305706, 0.627227783203, 0.611234664917, 0.372407734394, 0.0511247999966, 0.00906978361309, 0.000328721856931], "dvar": [2.13877992792e-05, 0.00355657073669, 0.0750449895859, 1.24056732655, 4.78069734573, 47.4235229492, 26.7894859314, 92.3484039307, 445.851470947, 11643.1074219, 1061.26647949, 7952.95507812, 666.894287109, 7837.05078125, 9833.41113281, 4720.77050781, 28411.8886719, 1681.13806152, 1914.33886719, 2134.06738281, 361.468353271, 395.74029541, 95.3861312866, 818.070617676, 236.769195557, 61.7176475525, 91.2959213257, 240.133743286, 60.7568626404, 12.2215719223, 50.3807487488, 43.633895874, 27.1277256012, 2.53644299507, 1.58950841427, 3.62331271172, 0.965326428413, 0.0180543288589, 0.00137004244607, 1.43422596466e-06], "dvar2": [5.97132457187e-05, 0.00869098491967, 0.168259292841, 1.61432087421, 10.8537044525, 72.1630706787, 38.8803672791, 111.233657837, 887.585144043, 12887.5351562, 1562.58996582, 15176.7675781, 1646.3145752, 18085.6269531, 26890.28125, 12191.1953125, 77036.9765625, 4140.37548828, 4468.60742188, 5435.82910156, 961.610168457, 1008.11242676, 236.912521362, 1908.78723145, 596.648681641, 159.888565063, 220.020736694, 513.600646973, 143.15246582, 27.9063415527, 99.2080764771, 106.574913025, 59.7954521179, 5.98933124542, 3.80262422562, 7.98576545715, 2.22225451469, 0.0455796904862, 0.00349931186065, 3.63959293281e-06], "max": [0.111693374813, 2.61424970627, 6.38203763962, 46.809513092, 63.0434837341, 323.702453613, 214.113067627, 348.844696045, 669.375793457, 4824.92333984, 2028.6373291, 2427.66113281, 419.804870605, 2244.75048828, 1303.94421387, 1054.90979004, 3160.35302734, 923.405822754, 886.604980469, 1133.66394043, 503.447509766, 333.550750732, 183.057388306, 450.469177246, 250.906799316, 146.262634277, 256.908752441, 466.386291504, 156.001358032, 98.6670150757, 183.977584839, 144.393676758, 97.418182373, 26.1118202209, 16.9866333008, 43.3594703674, 18.8393955231, 2.14916157722, 0.794931232929, 0.0254316814244], "mean": [0.00537083949894, 0.120534420013, 0.488441795111, 2.59533452988, 4.52459812164, 12.1669406891, 12.3957204819, 21.3345680237, 25.9188213348, 69.9217910767, 33.4934196472, 64.0966720581, 27.1835536957, 58.6996307373, 79.2957992554, 76.2435302734, 127.916191101, 34.5765342712, 30.0010719299, 29.3374652863, 12.9326496124, 15.9208040237, 9.22262382507, 11.4973077774, 7.84159040451, 5.03128910065, 3.85980010033, 6.27620458603, 3.25835704803, 1.19333541393, 1.52196967602, 1.83638393879, 1.77664065361, 0.781499624252, 0.548482596874, 0.455298155546, 0.241041019559, 0.0282984972, 0.00431773811579, 0.00020781045896], "median": [0.000806321622804, 0.0182500816882, 0.139357984066, 0.933213710785, 1.86560487747, 2.39687681198, 4.99545955658, 8.67879867554, 11.5070037842, 14.523399353, 8.19667243958, 14.3345909119, 13.2715711594, 22.0815963745, 31.7031116486, 39.7465744019, 59.7744598389, 15.4612636566, 9.1967830658, 6.44592285156, 3.32022881508, 5.15832233429, 4.01072454453, 4.60270118713, 2.98619747162, 2.00467824936, 1.0568883419, 1.3976931572, 0.591476678848, 0.39141830802, 0.181727007031, 0.24965827167, 0.232732594013, 0.160749346018, 0.106901213527, 0.0283699929714, 0.0101776784286, 0.00177702703513, 0.000205615477171, 5.03861920151e-05], "min": [4.75969488668e-22, 1.95309015241e-21, 4.47906952198e-21, 5.26261231825e-21, 5.48194628547e-20, 7.60898630069e-20, 1.8053258228e-19, 2.47668964788e-19, 2.39600748491e-19, 2.91032202342e-19, 4.75928808588e-19, 6.948037455e-19, 6.37570653628e-19, 1.2318635278e-18, 1.2788128518e-18, 1.2061148429e-18, 1.9337882127e-18, 3.78741848814e-18, 4.31164502853e-18, 4.12129505315e-18, 7.18717630067e-18, 8.38476673716e-18, 8.43555645395e-18, 8.92821695498e-18, 7.86132022809e-18, 1.1983017291e-17, 1.25770818633e-17, 1.68974056709e-17, 1.55063939374e-17, 1.53807716721e-17, 1.53641701572e-17, 1.40707309944e-17, 1.31769764046e-17, 9.89896882491e-18, 8.65005100423e-18, 5.54232310311e-18, 2.86171859668e-18, 1.24437122245e-18, 2.89629174776e-19, 2.82969214084e-20], "var": [0.000128412546474, 0.0788243785501, 0.598162412643, 21.1913070679, 47.7178878784, 602.370605469, 352.523773193, 1046.55566406, 2332.61401367, 58253.5, 10607.9150391, 23816.6894531, 1649.828125, 15548.4052734, 16837.4472656, 11344.9941406, 43888.8085938, 3127.5546875, 3837.43896484, 4670.37451172, 966.698425293, 899.551452637, 223.557144165, 856.076599121, 327.836273193, 116.321182251, 159.445297241, 408.37789917, 102.711982727, 15.175743103, 69.1691818237, 45.7858352661, 34.9898223877, 3.38799071312, 1.94309139252, 4.58197021484, 1.09809935093, 0.0155971990898, 0.00106822536327, 1.15300008474e-06]}, "gfcc": {"mean": [-30.72240448, 79.2138824463, -128.611343384, -15.1158218384, -67.094833374, 3.81203222275, -41.4279594421, -1.75972151756, -37.8325767517, 1.82245528698, -11.104683876, -2.01482057571, -15.5103816986], "cov": [[13315.6835938, -118.594276428, -187.267654419, 353.074188232, 426.005981445, 353.650634766, -241.780670166, -326.882873535, -341.328857422, -86.0799026489, -101.227348328, 140.768264771, 125.835235596], [-118.594276428, 1819.13354492, -372.825134277, 83.9508285522, 166.941848755, -59.6337242126, 104.033111572, -234.662826538, 143.485748291, -130.52192688, 28.1443939209, -110.804008484, 200.15486145], [-187.267654419, -372.825134277, 466.251342773, 201.950210571, 85.4819488525, 9.83635425568, -21.870721817, 95.7062225342, -33.520690918, 18.5515384674, -16.1283740997, 40.8554801941, -27.9070777893], [353.074188232, 83.9508285522, 201.950210571, 908.317626953, 408.685180664, -10.1627140045, -93.4356155396, -54.4725494385, 64.9591903687, -117.895370483, -135.824966431, 49.9832000732, 230.905349731], [426.005981445, 166.941848755, 85.4819488525, 408.685180664, 390.378570557, 37.145198822, -11.1555547714, -74.3852996826, 44.1669502258, -74.516746521, -70.4708786011, 16.5114383698, 133.031082153], [353.650634766, -59.6337242126, 9.83635425568, -10.1627140045, 37.145198822, 153.200744629, 45.832901001, -26.9857788086, -32.961605072, 12.5488433838, -14.3528289795, -17.3444404602, 0.20674481988], [-241.780670166, 104.033111572, -21.870721817, -93.4356155396, -11.1555547714, 45.832901001, 159.75201416, 4.74814081192, 1.5707423687, 17.3726615906, 27.6235866547, -25.6966743469, -40.8260498047], [-326.882873535, -234.662826538, 95.7062225342, -54.4725494385, -74.3852996826, -26.9857788086, 4.74814081192, 184.881118774, 20.3573284149, 33.7407455444, 16.6768226624, 12.2763595581, -74.1476364136], [-341.328857422, 143.485748291, -33.520690918, 64.9591903687, 44.1669502258, -32.961605072, 1.5707423687, 20.3573284149, 193.932540894, 7.06204223633, -30.4435653687, 11.6664972305, 60.645904541], [-86.0799026489, -130.52192688, 18.5515384674, -117.895370483, -74.516746521, 12.5488433838, 17.3726615906, 33.7407455444, 7.06204223633, 116.441108704, 49.8744049072, 13.0373296738, -50.0534896851], [-101.227348328, 28.1443939209, -16.1283740997, -135.824966431, -70.4708786011, -14.3528289795, 27.6235866547, 16.6768226624, -30.4435653687, 49.8744049072, 139.738464355, 17.2046146393, -45.8125915527], [140.768264771, -110.804008484, 40.8554801941, 49.9832000732, 16.5114383698, -17.3444404602, -25.6966743469, 12.2763595581, 11.6664972305, 13.0373296738, 17.2046146393, 114.150558472, 18.9582633972], [125.835235596, 200.15486145, -27.9070777893, 230.905349731, 133.031082153, 0.20674481988, -40.8260498047, -74.1476364136, 60.645904541, -50.0534896851, -45.8125915527, 18.9582633972, 244.324447632]], "icov": [[9.67781743384e-05, -1.25591059259e-05, 8.90868541319e-05, 3.78179584004e-06, -0.000115499628009, -0.000234339589952, 0.000205323609407, 3.63300896424e-05, 0.000179318289156, -3.48647809005e-05, 4.69130391139e-05, -0.000170694183907, 4.58556605736e-05], [-1.25591059259e-05, 0.00110083504114, 0.000451613363111, -1.7949994799e-05, -0.000257233477896, 0.000666000240017, -0.000794232008047, 0.000925086555071, -0.000787046039477, 0.000924042018596, -0.000967839267105, 0.000979611417279, -0.000412105611758], [8.90868541319e-05, 0.000451613363111, 0.00350793800317, -0.000817634456325, -0.000844107533339, -0.000142204255098, -1.37613988045e-05, -0.00146161671728, 0.000941873528063, -0.000738652655855, -2.76327446045e-05, -0.000390470348066, 0.000411412242102], [3.78179584004e-06, -1.7949994799e-05, -0.000817634456325, 0.002900298452, -0.00218852958642, 0.000524651666638, 0.000667533779051, -0.000249091623118, 7.09691230441e-05, 0.000637983786874, 0.00100998790003, -0.000449618615676, -0.00125715893228], [-0.000115499628009, -0.000257233477896, -0.000844107533339, -0.00218852958642, 0.00609614048153, -0.00129604013637, -0.00087025371613, 0.001350831124, -0.00113901740406, 0.00135113520082, -8.55475591379e-05, -0.000250468641752, -0.000248579919571], [-0.000234339589952, 0.000666000240017, -0.000142204255098, 0.000524651666638, -0.00129604013637, 0.00968371797353, -0.00348098366521, 0.00121375638992, 0.00126081716735, -0.00189939013217, 0.00151440268382, 0.00152545399033, -0.000989300198853], [0.000205323609407, -0.000794232008047, -1.37613988045e-05, 0.000667533779051, -0.00087025371613, -0.00348098366521, 0.00909445527941, -0.000794427003711, -0.000292943412205, -0.000317557511153, -0.00107078370638, 0.000406067847507, 0.00144318270031], [3.63300896424e-05, 0.000925086555071, -0.00146161671728, -0.000249091623118, 0.001350831124, 0.00121375638992, -0.000794427003711, 0.00898989103734, -0.00254145381041, 0.000519184046425, -0.000914434203878, 0.0003868911881, 0.00168659212068], [0.000179318289156, -0.000787046039477, 0.000941873528063, 7.09691230441e-05, -0.00113901740406, 0.00126081716735, -0.000292943412205, -0.00254145381041, 0.00810360349715, -0.00319470395334, 0.00293500442058, -0.00142737897113, -0.00161305931397], [-3.48647809005e-05, 0.000924042018596, -0.000738652655855, 0.000637983786874, 0.00135113520082, -0.00189939013217, -0.000317557511153, 0.000519184046425, -0.00319470395334, 0.0138260023668, -0.00452716695145, -0.000381252146326, 0.000750238308683], [4.69130391139e-05, -0.000967839267105, -2.76327446045e-05, 0.00100998790003, -8.55475591379e-05, 0.00151440268382, -0.00107078370638, -0.000914434203878, 0.00293500442058, -0.00452716695145, 0.0114398812875, -0.00285536819138, 0.000110537293949], [-0.000170694183907, 0.000979611417279, -0.000390470348066, -0.000449618615676, -0.000250468641752, 0.00152545399033, 0.000406067847507, 0.0003868911881, -0.00142737897113, -0.000381252146326, -0.00285536819138, 0.0113880941644, -0.00115678505972], [4.58556605736e-05, -0.000412105611758, 0.000411412242102, -0.00125715893228, -0.000248579919571, -0.000989300198853, 0.00144318270031, 0.00168659212068, -0.00161305931397, 0.000750238308683, 0.000110537293949, -0.00115678505972, 0.00719576980919]]}, "melbands": {"dmean": [2.38510783674e-05, 5.72056233068e-05, 0.000134396963404, 0.000160570954904, 0.000123474848806, 0.000139673269587, 0.000186967590707, 0.00025731525966, 0.000139339157613, 0.000192732419237, 6.71767993481e-05, 0.000135224458063, 0.00019888508541, 0.000107562380435, 0.000212724538869, 0.000110666951514, 3.29332069668e-05, 3.26313383994e-05, 1.85336266441e-05, 1.57141621457e-05, 6.76829495205e-06, 8.05862873676e-06, 8.61791522766e-06, 4.51287405667e-06, 7.91388720245e-06, 7.06463697497e-06, 1.89198260614e-06, 1.76430228294e-06, 1.52241807427e-06, 1.43253384977e-06, 2.66917663794e-06, 1.34750030156e-06, 7.43379303003e-07, 4.1092880565e-07, 6.45418481326e-07, 9.79799665402e-07, 8.17213788196e-07, 1.26520251342e-06, 5.02569037053e-07, 4.13442990066e-07], "dmean2": [3.89319429814e-05, 7.88274119259e-05, 0.00014396525512, 0.000201153219678, 0.000140147210914, 0.000161778662005, 0.000245842820732, 0.000284540030407, 0.000195254746359, 0.000281626096694, 0.00010282414587, 0.000213154446101, 0.000326027657138, 0.000179675771506, 0.000350926013198, 0.00018331380852, 5.30480210728e-05, 5.23638991581e-05, 2.99307303067e-05, 2.50142020377e-05, 1.10279070213e-05, 1.29016289065e-05, 1.3577468053e-05, 7.26344933355e-06, 1.24403477457e-05, 1.17247082017e-05, 3.07008212985e-06, 2.85674263978e-06, 2.50914558819e-06, 2.25503004003e-06, 4.16791681346e-06, 2.2795663881e-06, 1.1913778053e-06, 6.5659730808e-07, 9.66367906585e-07, 1.52793381858e-06, 1.26585382532e-06, 1.93692244466e-06, 7.58222256536e-07, 6.21237290943e-07], "dvar": [3.35602856616e-09, 1.34199797941e-08, 5.72202196736e-08, 8.50202184211e-08, 3.55720075618e-08, 4.58111841795e-08, 1.77974882831e-07, 9.76179080681e-07, 1.24486362552e-07, 2.34239095676e-07, 2.19223377229e-08, 1.48729640159e-07, 1.86785072742e-07, 8.42418899083e-08, 1.47252592342e-07, 4.76927404236e-08, 5.24621590614e-09, 7.05262026557e-09, 1.95728167007e-09, 1.74724756885e-09, 4.9394133228e-10, 4.2482622975e-10, 6.4424121593e-10, 1.11445463968e-10, 7.34131699875e-10, 5.32054733604e-10, 3.68374393489e-11, 2.3704947727e-11, 4.15485354455e-11, 2.56440545882e-11, 1.38918446191e-10, 2.99369938561e-11, 9.24306291228e-12, 5.92790920517e-12, 2.83704986587e-11, 2.30343955715e-11, 1.07376390765e-11, 2.13677773392e-11, 6.15573998025e-12, 1.73001164176e-12], "dvar2": [9.17434839209e-09, 3.15646317972e-08, 1.01164680189e-07, 1.47251384419e-07, 4.40268799196e-08, 5.50221095352e-08, 2.72414467872e-07, 1.08631115836e-06, 2.2457290072e-07, 4.50379474159e-07, 5.4173060704e-08, 3.37406959261e-07, 5.04688500769e-07, 2.23549335487e-07, 3.9177351141e-07, 1.2918845016e-07, 1.28947181821e-08, 1.64726738916e-08, 5.0079971281e-09, 4.35221103601e-09, 1.31216126853e-09, 1.1160496971e-09, 1.5871584047e-09, 2.73621209024e-10, 1.72011660471e-09, 1.35769839815e-09, 9.88254617029e-11, 6.09108111171e-11, 1.06053707483e-10, 5.736197628e-11, 2.99306995855e-10, 7.64294114108e-11, 2.3000171212e-11, 1.34687304712e-11, 5.5481574196e-11, 5.58095063219e-11, 2.56838942475e-11, 4.91741959652e-11, 1.3241618739e-11, 4.21033173603e-12], "max": [0.00180743681267, 0.00344322458841, 0.00918635725975, 0.0112048145384, 0.00725714256987, 0.00806011166424, 0.0144058018923, 0.0440763197839, 0.0134582351893, 0.0130075188354, 0.00269805383869, 0.00995177030563, 0.00629380624741, 0.00455126492307, 0.00710736773908, 0.00373092642985, 0.00159410806373, 0.00174684845842, 0.000921964820009, 0.0011034165509, 0.00055547663942, 0.000445105571998, 0.000549095391762, 0.000180329065188, 0.000417748407926, 0.00037859621807, 0.000139673255035, 8.47122573759e-05, 0.000129146355903, 0.000122303637909, 0.000374499737518, 0.000112181616714, 7.10296590114e-05, 6.40901489533e-05, 0.000145337879076, 9.65700746747e-05, 7.42082265788e-05, 9.57274896791e-05, 5.45241600776e-05, 3.07382142637e-05], "mean": [9.18136356631e-05, 0.000222007161938, 0.000525986833964, 0.000572545570321, 0.000501274422277, 0.000478286994621, 0.000458601949504, 0.00068140384974, 0.000310044328216, 0.000359703641152, 0.000131937878905, 0.000240133085754, 0.000301838037558, 0.000168667174876, 0.000351894326741, 0.000169633945916, 5.45607072127e-05, 5.42229099665e-05, 3.25681721733e-05, 2.74830581475e-05, 1.23596046251e-05, 1.48437275129e-05, 1.5325136701e-05, 7.00782447893e-06, 9.44381008594e-06, 9.12335599423e-06, 3.17342323797e-06, 2.97048745779e-06, 2.36960318034e-06, 2.35432275986e-06, 4.17780211137e-06, 2.04715183827e-06, 9.8579812402e-07, 5.59506247555e-07, 8.35052730963e-07, 1.17542970202e-06, 9.99488634079e-07, 1.50962046064e-06, 6.76624893003e-07, 6.16453860403e-07], "median": [1.18053721962e-05, 4.57086171082e-05, 0.00019346337649, 0.000195370870642, 0.000200565409614, 0.000189861166291, 0.000185252953088, 0.00013233567006, 6.44883330096e-05, 8.07543692645e-05, 4.54730579804e-05, 8.44276728458e-05, 0.000108507192635, 3.559821198e-05, 0.000165687379194, 7.27618607925e-05, 1.54663503054e-05, 1.16998835438e-05, 7.27499400455e-06, 4.91221999255e-06, 2.1718269636e-06, 4.61836407339e-06, 3.93889104089e-06, 2.13071643884e-06, 3.15163379128e-06, 2.83906138066e-06, 1.22621247556e-06, 1.06407651401e-06, 4.50248478501e-07, 6.52647258903e-07, 8.00421162239e-07, 2.66332023102e-07, 2.89436968615e-07, 1.65475697145e-07, 8.81971971012e-08, 9.02675481029e-08, 1.54809313813e-07, 1.88422973224e-07, 1.1728360505e-07, 1.24514713207e-07], "min": [4.92180928947e-24, 2.06211474954e-24, 2.08567250276e-24, 5.58819953915e-24, 8.07293665791e-24, 6.02197403498e-24, 3.48834805048e-24, 3.57285240837e-24, 3.83179245064e-24, 5.35180553599e-24, 2.51362500789e-24, 5.09365632678e-24, 3.83859243164e-24, 2.46705795701e-24, 4.90001897911e-24, 4.63314062956e-24, 6.92249346817e-24, 6.26860271953e-24, 5.59705134737e-24, 4.57148326121e-24, 9.36877716767e-24, 8.05646287562e-24, 9.82878562733e-24, 5.29855584716e-24, 7.47508816569e-24, 7.25603095864e-24, 4.17866129598e-24, 8.69126319036e-24, 5.81854179588e-24, 9.17177887811e-24, 8.73930718607e-24, 7.91752395983e-24, 8.86118540707e-24, 7.7037489654e-24, 7.44188816564e-24, 9.25883441217e-24, 7.10754761476e-24, 8.35014395772e-24, 7.20476604386e-24, 6.88372884329e-24], "var": [4.31039985926e-08, 1.37567283787e-07, 8.24234973607e-07, 9.64808009485e-07, 5.95653546043e-07, 5.35589947503e-07, 9.13440032946e-07, 5.21580614077e-06, 6.81727442498e-07, 7.01815622506e-07, 5.25064969281e-08, 2.98911515983e-07, 3.05731646222e-07, 1.51659619974e-07, 2.69514970341e-07, 7.47016812852e-08, 1.00589767627e-08, 1.44614356046e-08, 4.41507586046e-09, 3.87194143414e-09, 1.29416632966e-09, 8.65858218457e-10, 1.36789146676e-09, 2.23106214059e-10, 7.45876471697e-10, 5.74861713787e-10, 5.93383397973e-11, 4.44149578227e-11, 6.89715853874e-11, 4.7593439606e-11, 2.3534024729e-10, 4.78239219059e-11, 9.99603698426e-12, 7.03099124061e-12, 3.87203775987e-11, 2.42330704114e-11, 1.19631188636e-11, 2.57543240206e-11, 7.72231931179e-12, 2.23571183268e-12]}, "mfcc": {"mean": [-679.060180664, 130.463623047, -13.1140146255, -11.2823619843, -12.8198947906, -7.93463563919, 2.17700862885, -10.7127485275, -13.4219913483, -13.5032758713, 0.516902565956, -0.70796751976, -7.31841039658], "cov": [[8590.54003906, 770.788330078, -486.223937988, 442.891479492, 462.978271484, 569.133239746, 273.141784668, -63.0684814453, 47.971446991, -101.01751709, -379.162689209, -234.833236694, -76.8337936401], [770.788330078, 1421.79455566, -283.251251221, -95.7026443481, -132.579818726, 69.2942886353, 8.85405540466, -39.713722229, -44.4666404724, -7.31432533264, -51.905040741, 15.9885597229, 94.6933822632], [-486.223937988, -283.251251221, 341.130157471, 57.9274024963, 36.8305206299, -59.2590713501, 22.6732349396, 26.2833652496, -15.5471334457, 40.7009277344, 51.2618560791, -0.559377729893, -58.7258682251], [442.891479492, -95.7026443481, 57.9274024963, 619.467163086, 380.047515869, 156.48387146, -51.5734024048, 52.4006385803, 142.576660156, 16.2093391418, -92.5813293457, -131.245178223, -35.0774002075], [462.978271484, -132.579818726, 36.8305206299, 380.047515869, 413.920257568, 146.05821228, -51.1893997192, 18.6891403198, 142.524612427, 18.3611717224, -98.9218063354, -125.921676636, -45.1628570557], [569.133239746, 69.2942886353, -59.2590713501, 156.48387146, 146.05821228, 274.716156006, 46.8639183044, -3.9592833519, 72.1766967773, -8.13691520691, -63.3968391418, -75.0521392822, -11.3595333099], [273.141784668, 8.85405540466, 22.6732349396, -51.5734024048, -51.1893997192, 46.8639183044, 229.991989136, 5.27074289322, -103.049301147, 44.3964805603, -32.1557617188, -20.7484111786, -38.653465271], [-63.0684814453, -39.713722229, 26.2833652496, 52.4006385803, 18.6891403198, -3.9592833519, 5.27074289322, 124.034614563, 6.71743154526, 17.1276683807, 28.1572341919, 12.4208726883, -3.8025636673], [47.971446991, -44.4666404724, -15.5471334457, 142.576660156, 142.524612427, 72.1766967773, -103.049301147, 6.71743154526, 257.030792236, -24.7406806946, -45.3928794861, -35.5177879333, 33.0761032104], [-101.01751709, -7.31432533264, 40.7009277344, 16.2093391418, 18.3611717224, -8.13691520691, 44.3964805603, 17.1276683807, -24.7406806946, 195.828186035, 5.23069810867, -36.3448257446, -35.8866119385], [-379.162689209, -51.905040741, 51.2618560791, -92.5813293457, -98.9218063354, -63.3968391418, -32.1557617188, 28.1572341919, -45.3928794861, 5.23069810867, 211.95526123, 88.7657775879, -33.0039863586], [-234.833236694, 15.9885597229, -0.559377729893, -131.245178223, -125.921676636, -75.0521392822, -20.7484111786, 12.4208726883, -35.5177879333, -36.3448257446, 88.7657775879, 174.970733643, 57.260848999], [-76.8337936401, 94.6933822632, -58.7258682251, -35.0774002075, -45.1628570557, -11.3595333099, -38.653465271, -3.8025636673, 33.0761032104, -35.8866119385, -33.0039863586, 57.260848999, 179.509735107]], "icov": [[0.000164378216141, -6.2455132138e-05, 0.000183306576218, -2.4953553293e-05, -0.000173330088728, -0.000139959403896, -0.000196482535102, 3.05740104523e-05, 4.56934576505e-05, 0.000110317778308, 0.0001240313577, -7.3406190495e-05, 0.000124123602291], [-6.2455132138e-05, 0.000924830557778, 0.000560272601433, -0.000123300647829, 0.000483077892568, -0.000241474917857, 0.000208041703445, 9.95485679596e-05, 0.000188582314877, -0.000237343105255, 8.09536577435e-05, 4.32948581874e-05, -0.000283353292616], [0.000183306576218, 0.000560272601433, 0.00431567849591, -0.00058322068071, -0.000492393621244, 0.0010017111199, -0.00109745177906, 1.46586335177e-05, -7.61569463066e-05, -0.000302507658489, -0.000755750748795, -0.000196076391148, 0.000661459052935], [-2.4953553293e-05, -0.000123300647829, -0.00058322068071, 0.00403576390818, -0.00315467687324, -0.000543920497876, 0.000426895683631, -0.00131058646366, -1.76844696398e-05, 0.000136771806865, 7.38297239877e-05, 0.000728697224986, -0.000300033803796], [-0.000173330088728, 0.000483077892568, -0.000492393621244, -0.00315467687324, 0.0075889788568, -0.0014712366974, 0.00160678382963, 9.31127942749e-06, -0.00113903544843, -0.000656947784591, 0.00146241404582, 0.000900952436496, 0.00111587264109], [-0.000139959403896, -0.000241474917857, 0.0010017111199, -0.000543920497876, -0.0014712366974, 0.00624105148017, -0.0025536576286, 0.000476473825984, -0.00152716448065, 0.000667730229907, -0.000925252970774, 0.00111991574522, -0.00033856293885], [-0.000196482535102, 0.000208041703445, -0.00109745177906, 0.000426895683631, 0.00160678382963, -0.0025536576286, 0.00770242931321, -0.00107839866541, 0.0028303139843, -0.00134236074518, 0.00232562911697, -0.000158269307576, 0.00109710777178], [3.05740104523e-05, 9.95485679596e-05, 1.46586335177e-05, -0.00131058646366, 9.31127942749e-06, 0.000476473825984, -0.00107839866541, 0.00926015153527, -0.000484750577016, -0.000668069114909, -0.00151209975593, -0.000886028225068, -0.000333902513376], [4.56934576505e-05, 0.000188582314877, -7.61569463066e-05, -1.76844696398e-05, -0.00113903544843, -0.00152716448065, 0.0028303139843, -0.000484750577016, 0.00642815511674, 0.000138688716106, 0.000798482564278, 0.000167128906469, -0.000955543247983], [0.000110317778308, -0.000237343105255, -0.000302507658489, 0.000136771806865, -0.000656947784591, 0.000667730229907, -0.00134236074518, -0.000668069114909, 0.000138688716106, 0.00601840764284, -0.000659341341816, 0.00150403229054, 0.000250580575084], [0.0001240313577, 8.09536577435e-05, -0.000755750748795, 7.38297239877e-05, 0.00146241404582, -0.000925252970774, 0.00232562911697, -0.00151209975593, 0.000798482564278, -0.000659341341816, 0.00851630233228, -0.0040727541782, 0.00314167281613], [-7.3406190495e-05, 4.32948581874e-05, -0.000196076391148, 0.000728697224986, 0.000900952436496, 0.00111991574522, -0.000158269307576, -0.000886028225068, 0.000167128906469, 0.00150403229054, -0.0040727541782, 0.0109567390755, -0.00370526965708], [0.000124123602291, -0.000283353292616, 0.000661459052935, -0.000300033803796, 0.00111587264109, -0.00033856293885, 0.00109710777178, -0.000333902513376, -0.000955543247983, 0.000250580575084, 0.00314167281613, -0.00370526965708, 0.00840527750552]]}, "spectral_contrast_coeffs": {"dmean": [0.0334737189114, 0.0359081737697, 0.0388188920915, 0.0325915329158, 0.0236688368022, 0.0158835817128], "dmean2": [0.0531141236424, 0.0557932183146, 0.0635156184435, 0.0536016114056, 0.0377389974892, 0.025022694841], "dvar": [0.000828837393783, 0.00083517015446, 0.00105279660784, 0.000699848460499, 0.000461439922219, 0.000233982718782], "dvar2": [0.00223823543638, 0.0020533693023, 0.00286233960651, 0.00183736195322, 0.0010778963333, 0.000499268760905], "max": [-0.30758997798, -0.330136150122, -0.344525873661, -0.356399416924, -0.564018845558, -0.567760467529], "mean": [-0.588380277157, -0.640676140785, -0.657690942287, -0.64907926321, -0.742268681526, -0.758845567703], "median": [-0.591016411781, -0.647846102715, -0.662808418274, -0.655654847622, -0.743814826012, -0.759091675282], "min": [-0.964445888996, -0.983632683754, -0.974949657917, -0.974860548973, -0.968079864979, -0.963353872299], "var": [0.00843642093241, 0.00756085943431, 0.00577030796558, 0.00613259430975, 0.0019598370418, 0.00172063801438]}, "spectral_contrast_valleys": {"dmean": [0.311865478754, 0.263616889715, 0.247507795691, 0.210604920983, 0.195990398526, 0.220165356994], "dmean2": [0.523311018944, 0.428876757622, 0.408615916967, 0.347868055105, 0.304158896208, 0.312576234341], "dvar": [0.0987056717277, 0.08107136935, 0.0761927813292, 0.0723695233464, 0.0738691166043, 0.0972428247333], "dvar2": [0.238072738051, 0.