{"lowlevel": {"average_loudness": 0.888917028904, "barkbands_crest": {"dmean": 3.0809738636, "dmean2": 5.01892995834, "dvar": 10.6846551895, "dvar2": 27.5978126526, "max": 26.8453159332, "mean": 15.853603363, "median": 15.1086673737, "min": 2.66429233551, "var": 39.4792175293}, "barkbands_flatness_db": {"dmean": 0.0335996448994, "dmean2": 0.0522576719522, "dvar": 0.00123796460684, "dvar2": 0.00274061318487, "max": 0.731468200684, "mean": 0.243127897382, "median": 0.233058318496, "min": 0.0231109634042, "var": 0.0104614421725}, "barkbands_kurtosis": {"dmean": 66.2551498413, "dmean2": 116.514778137, "dvar": 149104.328125, "dvar2": 428025.6875, "max": 10136.0986328, "mean": 113.885398865, "median": 11.1212329865, "min": -1.80001521111, "var": 385759.3125}, "barkbands_skewness": {"dmean": 1.81746208668, "dmean2": 2.97273349762, "dvar": 11.3551054001, "dvar2": 31.2136192322, "max": 76.8945236206, "mean": 4.60423088074, "median": 2.7890996933, "min": -8.5042886734, "var": 50.0524902344}, "barkbands_spread": {"dmean": 4.68349838257, "dmean2": 7.71787261963, "dvar": 70.7240905762, "dvar2": 170.536056519, "max": 123.169448853, "mean": 9.81688976288, "median": 5.93208837509, "min": 0.0123064769432, "var": 137.906768799}, "dissonance": {"dmean": 0.0308911576867, "dmean2": 0.0513823851943, "dvar": 0.000857775215991, "dvar2": 0.00233351951465, "max": 0.500000119209, "mean": 0.425342291594, "median": 0.436504125595, "min": 0.184047818184, "var": 0.00285873771645}, "dynamic_complexity": 3.24252104759, "erbbands_crest": {"dmean": 3.8579018116, "dmean2": 6.39556646347, "dvar": 12.5586338043, "dvar2": 32.4820175171, "max": 30.870634079, "mean": 12.4535303116, "median": 11.2523889542, "min": 2.66512131691, "var": 34.5265464783}, "erbbands_flatness_db": {"dmean": 0.0229401439428, "dmean2": 0.0358757562935, "dvar": 0.000450083898613, "dvar2": 0.00113680853974, "max": 0.451820403337, "mean": 0.190735772252, "median": 0.179521501064, "min": 0.0481055937707, "var": 0.00670285196975}, "erbbands_kurtosis": {"dmean": 3.05611515045, "dmean2": 5.15545797348, "dvar": 79.9567565918, "dvar2": 246.554244995, "max": 328.379608154, "mean": 5.46432685852, "median": 1.66754341125, "min": -1.85479199886, "var": 540.244567871}, "erbbands_skewness": {"dmean": 0.567896544933, "dmean2": 0.908349514008, "dvar": 0.406660139561, "dvar2": 1.0685904026, "max": 15.2819976807, "mean": 1.1051466465, "median": 0.875319480896, "min": -3.27685642242, "var": 2.43379569054}, "erbbands_spread": {"dmean": 11.5594015121, "dmean2": 18.3278274536, "dvar": 258.98739624, "dvar2": 624.065979004, "max": 199.648788452, "mean": 37.1877479553, "median": 24.809677124, "min": 0.838219225407, "var": 1173.18457031}, "hfc": {"dmean": 9.72473812103, "dmean2": 14.7252454758, "dvar": 576.659729004, "dvar2": 1062.15625, "max": 330.594116211, "mean": 15.3477516174, "median": 7.7038807869, "min": 1.17328820097e-16, "var": 971.322387695}, "melbands_crest": {"dmean": 3.31729221344, "dmean2": 5.18473720551, "dvar": 12.7801332474, "dvar2": 30.7081050873, "max": 36.6206092834, "mean": 20.0560321808, "median": 19.2283096313, "min": 1.50574862957, "var": 62.456653595}, "melbands_flatness_db": {"dmean": 0.036906413734, "dmean2": 0.05647996068, "dvar": 0.00174273015, "dvar2": 0.00356451398693, "max": 0.877752125263, "mean": 0.330322861671, "median": 0.32345199585, "min": 0.00411217752844, "var": 0.0163925327361}, "melbands_kurtosis": {"dmean": 44.6091079712, "dmean2": 74.7171630859, "dvar": 10975.8808594, "dvar2": 31244.9042969, "max": 2474.82080078, "mean": 75.3190078735, "median": 20.2205677032, "min": -1.66472709179, "var": 21848.6523438}, "melbands_skewness": {"dmean": 1.63900125027, "dmean2": 2.60958433151, "dvar": 4.55595302582, "dvar2": 12.1756477356, "max": 34.5145759583, "mean": 4.79952907562, "median": 3.39684677124, "min": -1.06304192543, "var": 19.7712020874}, "melbands_spread": {"dmean": 4.04294681549, "dmean2": 6.38374948502, "dvar": 67.7924499512, "dvar2": 145.70614624, "max": 207.332260132, "mean": 10.0201005936, "median": 5.98225355148, "min": 0.173944711685, "var": 254.501861572}, "pitch_salience": {"dmean": 0.0891777575016, "dmean2": 0.148467943072, "dvar": 0.0117837386206, "dvar2": 0.0305508226156, "max": 0.98387491703, "mean": 0.392281740904, "median": 0.406307071447, "min": 0.0257197991014, "var": 0.03577760607}, "silence_rate_20dB": {"dmean": 0, "dmean2": 0, "dvar": 0, "dvar2": 0, "max": 1, "mean": 1, "median": 1, "min": 1, "var": 0}, "silence_rate_30dB": {"dmean": 0.080608792603, "dmean2": 0.161240309477, "dvar": 0.0741106644273, "dvar2": 0.145953372121, "max": 1, "mean": 0.886149048805, "median": 1, "min": 0, "var": 0.100885555148}, "silence_rate_60dB": {"dmean": 0.0166290868074, "dmean2": 0.0332628600299, "dvar": 0.0163511000574, "dvar2": 0.0375089980662, "max": 1, "mean": 0.0463576167822, "median": 0, "min": 0, "var": 0.0442095026374}, "spectral_centroid": {"dmean": 191.820922852, "dmean2": 300.672912598, "dvar": 102013.421875, "dvar2": 211938.515625, "max": 10973.8095703, "mean": 783.428283691, "median": 667.839111328, "min": 68.2726821899, "var": 332070.78125}, "spectral_complexity": {"dmean": 2.4799888134, "dmean2": 3.73276948929, "dvar": 24.7365016937, "dvar2": 41.2141189575, "max": 79, "mean": 9.89629459381, "median": 8, "min": 0, "var": 84.517074585}, "spectral_decrease": {"dmean": 5.36628652625e-09, "dmean2": 8.23973422825e-09, "dvar": 1.13083636549e-16, "dvar2": 2.63019082595e-16, "max": 2.85963325781e-16, "mean": -1.21983081414e-08, "median": -7.29080662509e-09, "min": -9.02622545595e-08, "var": 2.0370892242e-16}, "spectral_energy": {"dmean": 0.0209534801543, "dmean2": 0.0321228168905, "dvar": 0.00167127163149, "dvar2": 0.00387003226206, "max": 0.344474762678, "mean": 0.0474313013256, "median": 0.0286482125521, "min": 1.09317007048e-20, "var": 0.00300520961173}, "spectral_energyband_high": {"dmean": 0.000479404203361, "dmean2": 0.000717114773579, "dvar": 1.83551355804e-06, "dvar2": 3.13260238727e-06, "max": 0.0193732362241, "mean": 0.000588613620494, "median": 5.63113899261e-05, "min": 7.95979020574e-21, "var": 3.30769148604e-06}, "spectral_energyband_low": {"dmean": 0.0164389703423, "dmean2": 0.0265414863825, "dvar": 0.00134681886993, "dvar2": 0.0031124772504, "max": 0.309627562761, "mean": 0.0361542254686, "median": 0.0193187817931, "min": 1.38405342898e-22, "var": 0.0025719802361}, "spectral_energyband_middle_high": {"dmean": 0.00254451436922, "dmean2": 0.00395071785897, "dvar": 6.80188459228e-05, "dvar2": 0.000137253096909, "max": 0.137869045138, "mean": 0.00352794164792, "median": 0.000977783114649, "min": 1.60394460716e-21, "var": 0.00010648350144}, "spectral_energyband_middle_low": {"dmean": 0.00683872681111, "dmean2": 0.0120720062405, "dvar": 0.000387085863622, "dvar2": 0.00112937099766, "max": 0.176113590598, "mean": 0.00860134884715, "median": 0.00492405099794, "min": 4.29473092903e-22, "var": 0.000232961319853}, "spectral_entropy": {"dmean": 0.25753903389, "dmean2": 0.382988989353, "dvar": 0.0836988762021, "dvar2": 0.1948684901, "max": 9.81075000763, "mean": 7.06313848495, "median": 7.10432434082, "min": 3.55823755264, "var": 0.723153531551}, "spectral_flux": {"dmean": 0.0405280962586, "dmean2": 0.0612996555865, "dvar": 0.00463277241215, "dvar2": 0.00780145591125, "max": 0.55954003334, "mean": 0.0913925915956, "median": 0.0522339679301, "min": 1.0455477456e-10, "var": 0.00990072172135}, "spectral_kurtosis": {"dmean": 3.65513777733, "dmean2": 6.03500699997, "dvar": 41.8212013245, "dvar2": 119.578613281, "max": 105.132331848, "mean": 10.0476169586, "median": 5.61943340302, "min": -1.2394657135, "var": 168.742446899}, "spectral_rms": {"dmean": 0.00121393310837, "dmean2": 0.00183776882477, "dvar": 3.3938974866e-06, "dvar2": 7.64076958149e-06, "max": 0.0183322913945, "mean": 0.00587448105216, "median": 0.00528672663495, "min": 3.26574249414e-12, "var": 1.17649587992e-05}, "spectral_rolloff": {"dmean": 273.547729492, "dmean2": 474.158569336, "dvar": 700820.5625, "dvar2": 1680689, "max": 19853.6132812, "mean": 749.868835449, "median": 495.263671875, "min": 43.06640625, "var": 2462899.75}, "spectral_skewness": {"dmean": 0.361010551453, "dmean2": 0.579445362091, "dvar": 0.191893935204, "dvar2": 0.505462825298, "max": 8.00671100616, "mean": 2.28899383545, "median": 2.03179264069, "min": 0.00732710212469, "var": 1.33027648926}, "spectral_spread": {"dmean": 978340.875, "dmean2": 1495687.875, "dvar": 1968896081920.0, "dvar2": 3914979606530.0, "max": 41048912, "mean": 5280109.5, "median": 4596132.5, "min": 631521.0625, "var": 9253137940480.0}, "spectral_strongpeak": {"dmean": 0.361178934574, "dmean2": 0.608118057251, "dvar": 0.249631986022, "dvar2": 0.654679954052, "max": 5.39560699463, "mean": 0.81973528862, "median": 0.609682440758, "min": 3.32442184892e-09, "var": 0.467493653297}, "zerocrossingrate": {"dmean": 0.00802498776466, "dmean2": 0.00967787858099, "dvar": 0.000144762088894, "dvar2": 0.000171381048858, "max": 0.82958984375, "mean": 0.037076830864, "median": 0.0302734375, "min": 0.001953125, "var": 0.00272081466392}, "barkbands": {"dmean": [0.000653657480143, 0.0135062839836, 0.00624786736444, 0.00292989821173, 0.00200795382261, 0.00100184197072, 0.000447349593742, 0.000632840616163, 0.000748662743717, 0.000808511627838, 0.000427497579949, 0.000157772519742, 0.000183000360266, 0.000336205848726, 0.000586783280596, 0.000281331682345, 0.000246141455136, 0.000127660867292, 7.29627136025e-05, 6.96078277542e-05, 7.04401900293e-05, 0.000100985816971, 0.00010526382539, 6.84357946739e-05, 7.14465350029e-05, 5.10203717567e-05, 5.6534054238e-06], "dmean2": [0.000704534759279, 0.0227282848209, 0.0117921717465, 0.00564407883212, 0.00363113661297, 0.00153219583444, 0.000649039342534, 0.000929161848035, 0.00115994771477, 0.00134599360172, 0.000714767898899, 0.000259449472651, 0.00028293064679, 0.000624542939477, 0.000903952517547, 0.000442009826656, 0.000431312742876, 0.000203851130209, 0.000117398223665, 0.000117071489512, 0.00010406592628, 0.000139683485031, 0.000168729427969, 0.0001111732563, 0.000121562850836, 8.55544567457e-05, 9.32712373469e-06], "dvar": [1.57709087034e-06, 0.000833042082377, 0.00050318177091, 0.000123581092339, 5.11622456543e-05, 3.87354748455e-06, 6.98679741618e-07, 9.09922562187e-07, 2.9431701023e-06, 3.06197421196e-06, 1.36021549224e-06, 3.43176253637e-07, 4.7868030606e-07, 2.49970253208e-06, 9.77308809524e-06, 1.97308690986e-06, 1.10955340915e-06, 4.15323995639e-07, 1.49768723645e-07, 1.12135033703e-07, 1.1235295716e-07, 1.69697443653e-07, 7.83968019391e-08, 3.04155385322e-08, 3.16262571687e-08, 1.90857907256e-08, 2.06578948392e-10], "dvar2": [2.16169269152e-06, 0.00215547299013, 0.00144805479795, 0.000362670456525, 0.000149134342792, 1.00963670775e-05, 1.5686413235e-06, 2.11052201848e-06, 6.90315982865e-06, 8.06882781035e-06, 3.42012867804e-06, 8.28107374673e-07, 9.62217768574e-07, 7.71363920649e-06, 1.97708704945e-05, 4.01895294999e-06, 3.10393670588e-06, 8.83792324657e-07, 3.1841042869e-07, 2.50716198025e-07, 2.04504161161e-07, 3.08154852746e-07, 1.65075874747e-07, 6.05598700076e-08, 7.72631167933e-08, 4.65393021898e-08, 4.96563123953e-10], "max": [0.0138693144545, 0.239318713546, 0.170061558485, 0.0993024259806, 0.0633855909109, 0.0218845009804, 0.0112754106522, 0.0134512670338, 0.0322674140334, 0.0250847674906, 0.0210883840919, 0.00907856598496, 0.0101177906618, 0.0250539090484, 0.0520563796163, 0.0195642150939, 0.0124108046293, 0.00957665871829, 0.00619245599955, 0.0046350704506, 0.00432240171358, 0.00762529997155, 0.00394226144999, 0.00232235761359, 0.00139450060669, 0.00103392032906, 0.000109246764623], "mean": [0.00160818954464, 0.0278765335679, 0.00537515012547, 0.00214741495438, 0.00184417527635, 0.00150470016524, 0.000733518332709, 0.00103549030609, 0.00104821147397, 0.00103401800152, 0.000478460890008, 0.00017410160217, 0.000229209166719, 0.000311887299176, 0.000642967759632, 0.000328504916979, 0.00021057309641, 0.000134363566758, 8.48007184686e-05, 8.36547114886e-05, 8.22400834295e-05, 0.000109295207949, 0.000144127960084, 9.35892676353e-05, 6.8879504397e-05, 4.22970006184e-05, 4.99354791827e-06], "median": [6.37998527964e-05, 0.0113652320579, 0.000186163902981, 0.000101735597127, 0.000445864570793, 0.000664956052788, 0.000322431878885, 0.000551488890778, 0.000235748506384, 0.000181625611731, 9.5972471172e-05, 3.57447897841e-05, 2.49145014095e-05, 4.05617320212e-05, 6.72350870445e-05, 2.17039687413e-05, 2.24883624469e-05, 1.19283831737e-05, 1.06444513222e-05, 8.23738719191e-06, 5.92144897382e-06, 8.71423981152e-06, 1.08255553641e-05, 9.89753061731e-06, 6.71526095175e-06, 2.61667014456e-06, 2.74326282579e-07], "min": [2.21593237087e-24, 1.25742572891e-22, 1.07873328798e-23, 3.42578388652e-24, 1.45500559828e-22, 1.20885032494e-22, 4.48820897413e-23, 1.34497692005e-23, 9.21604170573e-23, 4.17221433023e-23, 1.21548622288e-22, 4.4639174225e-23, 9.69751128409e-23, 1.2338291953e-22, 1.18598383476e-22, 2.32519389765e-22, 1.1092953214e-22, 3.0569218358e-22, 2.85870166381e-22, 3.04027623961e-22, 5.06363478931e-22, 4.34772471137e-22, 5.43245515662e-22, 9.89927590279e-22, 1.29250403834e-21, 1.8032993757e-21, 2.36285050744e-21], "var": [8.76048306964e-06, 0.00153570459224, 0.000316591875162, 6.96872593835e-05, 3.07665904984e-05, 5.44195154362e-06, 1.23443896882e-06, 1.82959115591e-06, 4.82935820401e-06, 4.11856444771e-06, 1.51717449626e-06, 4.01096258429e-07, 7.62891829709e-07, 1.82096664503e-06, 1.19147734949e-05, 2.89829495159e-06, 8.54893755786e-07, 4.85777832182e-07, 1.92886346895e-07, 1.53523515678e-07, 1.71265853055e-07, 2.44734394528e-07, 1.35140496127e-07, 5.73330503073e-08, 3.2974757147e-08, 1.61463837856e-08, 1.86507392863e-10]}, "erbbands": {"dmean": [0.404947847128, 3.26382660866, 7.07204818726, 8.8343000412, 7.42379283905, 6.74045991898, 7.39848423004, 7.55910253525, 9.34591197968, 11.6941175461, 8.95248222351, 19.2122077942, 17.2947864532, 26.6064186096, 14.4780721664, 6.19669628143, 7.98664999008, 12.5072832108, 32.8308143616, 22.1189308167, 13.265291214, 12.0517053604, 8.58458423615, 4.10888767242, 3.66751813889, 3.66575741768, 3.25702166557, 3.05211377144, 3.26412129402, 3.14178299904, 2.95554161072, 1.75884759426, 1.0599809885, 0.71708548069, 0.540248334408, 0.319670081139, 0.0774913057685, 0.00890298373997, 0.000968737353105, 8.64643589011e-05], "dmean2": [0.667461872101, 5.41538667679, 12.4341783524, 16.7883586884, 14.1370687485, 11.970788002, 12.4991025925, 11.326915741, 12.9205198288, 17.1314411163, 13.7583417892, 30.1228523254, 27.8768577576, 44.6258888245, 24.2926883698, 10.4551849365, 12.588561058, 22.3703861237, 54.0730438232, 31.0407848358, 19.2879199982, 21.0384960175, 14.7904729843, 6.3444185257, 5.50349760056, 6.19918346405, 5.46872234344, 4.23487043381, 4.55559110641, 5.15402173996, 4.58033514023, 2.67647027969, 1.81272292137, 1.23500168324, 0.94074267149, 0.537525236607, 0.129742816091, 0.0149172842503, 0.00162362842821, 0.000135907015647], "dvar": [0.59184974432, 60.0860137939, 539.690856934, 1109.24523926, 814.815734863, 505.741577148, 422.189147949, 199.70111084, 284.041320801, 311.837890625, 214.777481079, 2276.58276367, 1630.89562988, 4193.29248047, 1624.37133789, 525.479309082, 927.770629883, 2508.44238281, 37848.9375, 12230.6738281, 4015.98144531, 2591.10791016, 1679.34106445, 395.72644043, 357.25680542, 315.727050781, 252.238265991, 238.333480835, 203.187088013, 80.4415054321, 57.6943244934, 20.8501625061, 6.98779964447, 3.10268735886, 1.90664505959, 0.763769090176, 0.0436419844627, 0.000553823250812, 6.34063098914e-06, 3.19007611438e-08], "dvar2": [1.81244802475, 140.384307861, 1479.6081543, 3227.29296875, 2380.30834961, 1460.82702637, 1208.96179199, 500.950378418, 572.086486816, 705.901245117, 521.465942383, 5441.41552734, 3994.38598633, 10850.7080078, 4378.46582031, 1267.27099609, 1953.58032227, 7202.86132812, 101645.171875, 21393.6152344, 7830.06982422, 7014.28857422, 3784.93920898, 832.356567383, 698.942871094, 765.224121094, 572.770568848, 450.791687012, 344.942596436, 169.781311035, 114.073097229, 36.6363449097, 15.3481311798, 6.99073505402, 4.88524436951, 1.87975978851, 0.107036009431, 0.0013582597021, 1.56144742505e-05, 7.31379827812e-08], "max": [6.56118488312, 63.5745697021, 185.841003418, 280.499267578, 261.545623779, 218.435134888, 194.174636841, 179.085357666, 255.552490234, 240.104263306, 222.585327148, 877.227294922, 552.059082031, 956.862304688, 709.715454102, 345.201049805, 424.141204834, 812.616333008, 3398.82324219, 1941.94689941, 1065.20581055, 574.107543945, 523.473693848, 313.289154053, 292.417297363, 246.249557495, 208.283889771, 268.363128662, 256.008209229, 130.045410156, 100.839164734, 68.7853393555, 29.0680618286, 17.8955135345, 10.4162244797, 6.68783283234, 1.62514543533, 0.175177812576, 0.0188821554184, 0.00180622027256], "mean": [0.942001521587, 5.58544254303, 7.13817119598, 7.45340204239, 5.29373550415, 6.62553119659, 8.83881759644, 11.5485544205, 15.340637207, 19.5243091583, 14.7306070328, 26.3811759949, 22.8591556549, 35.1675834656, 17.2091426849, 7.26616811752, 10.3197040558, 14.6455383301, 30.6305351257, 25.8579502106, 15.5975627899, 10.9944124222, 8.7095413208, 4.95457601547, 4.32081365585, 4.08103275299, 3.5133728981, 3.39791345596, 3.8600628376, 3.73680281639, 3.9691722393, 2.53586959839, 1.3628963232, 0.769516170025, 0.483327388763, 0.265157431364, 0.0637249574065, 0.00754228699952, 0.000855088466778, 0.000112674773845], "median": [0.429819971323, 1.63854920864, 0.768717348576, 0.466904342175, 0.769394040108, 1.47172105312, 2.76705145836, 5.14544200897, 5.54137897491, 10.2278013229, 8.85016155243, 5.35059261322, 7.30826807022, 5.55588722229, 4.19070291519, 1.75296211243, 1.47377884388, 2.71848702431, 3.00778698921, 2.66653871536, 1.37206375599, 1.18250501156, 0.778515398502, 0.669009268284, 0.414287209511, 0.374773621559, 0.254399806261, 0.251285135746, 0.2961627841, 0.33619555831, 0.308482915163, 0.244603097439, 0.140872657299, 0.0792836993933, 0.0423003993928, 0.0166169647127, 0.00393269117922, 0.000593226228375, 7.69366888562e-05, 4.6450390073e-05], "min": [2.4805137184e-21, 3.09118138081e-20, 2.96607645239e-20, 8.77518753353e-21, 4.38663604671e-20, 6.03988309831e-19, 8.67675342838e-19, 1.27511845639e-18, 6.62608376795e-19, 6.51214584242e-19, 7.25258726197e-19, 1.91647573607e-18, 1.1201177343e-18, 4.25129434463e-18, 2.55592315911e-18, 2.34257177244e-18, 4.27973612281e-18, 6.07953100244e-18, 4.78685615454e-18, 8.40821151726e-18, 1.28937100582e-17, 7.57659225354e-18, 1.80457639717e-17, 9.39492135557e-18, 1.83497809709e-17, 1.23524998455e-17, 1.73437374401e-17, 2.0134214693e-17, 1.50328826675e-17, 1.94801679457e-17, 1.53825567279e-17, 1.89169439753e-17, 1.68733082453e-17, 1.34992707867e-17, 9.58810856045e-18, 5.72333131425e-18, 3.95391174747e-18, 1.11083511346e-18, 3.46613052638e-19, 3.69459800544e-20], "var": [1.59101891518, 85.9767303467, 391.042724609, 685.330749512, 449.754425049, 336.296783447, 325.111907959, 312.458740234, 646.797180176, 676.215087891, 341.222076416, 3505.46362305, 2230.71630859, 5632.56640625, 1756.75610352, 640.740539551, 1465.6920166, 2619.65991211, 30589.1796875, 18630.2890625, 6107.76464844, 2181.25512695, 1815.11242676, 521.737304688, 500.522674561, 393.498809814, 312.564788818, 328.597351074, 320.221038818, 117.657264709, 106.282646179, 44.1572608948, 11.5576639175, 3.97786521912, 1.70263016224, 0.638491630554, 0.0365902334452, 0.000469412800157, 5.43235728401e-06, 3.50591200515e-08]}, "gfcc": {"mean": [-70.5156555176, 97.1817474365, -88.6213684082, 10.631187439, -56.5092124939, 17.4664173126, -34.0812606812, 13.6432332993, -6.63628768921, 2.33056640625, -11.008638382, 2.81491827965, -5.228038311], "cov": [[13369.5957031, -186.10206604, -578.622924805, 639.620117188, -393.236968994, 746.946289062, -525.036315918, 62.7645072937, -81.6682128906, 136.550567627, -290.93536377, 112.986663818, -198.990539551], [-186.10206604, 2238.97314453, -470.334075928, -537.635070801, 165.81489563, -562.180236816, 100.630821228, -198.573410034, 44.5100059509, -73.0119628906, 152.57862854, -54.9870033264, 175.639846802], [-578.622924805, -470.334075928, 2711.04370117, 1624.48266602, 811.567016602, 916.16796875, 441.071166992, 354.65524292, 227.837295532, -8.26565265656, 3.31788897514, -37.418422699, -145.770629883], [639.620117188, -537.635070801, 1624.48266602, 1781.24926758, 765.522399902, 941.963439941, 465.480529785, 330.459472656, 201.778701782, -7.85269355774, -19.1385154724, -63.8880958557, -90.6177062988], [-393.236968994, 165.81489563, 811.567016602, 765.522399902, 697.650878906, 434.183410645, 400.555297852, 184.079147339, 144.964477539, -20.0156059265, 17.8093662262, -22.2880096436, 10.1120929718], [746.946289062, -562.180236816, 916.16796875, 941.963439941, 434.183410645, 838.956726074, 326.357299805, 298.419006348, 125.818489075, -19.8527412415, -52.7252998352, -22.2890739441, -32.1271781921], [-525.036315918, 100.630821228, 441.071166992, 465.480529785, 400.555297852, 326.357299805, 432.507019043, 187.969650269, 129.453598022, -19.3837051392, -2.54096865654, -25.8132266998, 32.1587867737], [62.7645072937, -198.573410034, 354.65524292, 330.459472656, 184.079147339, 298.419006348, 187.969650269, 241.041992188, 102.500167847, 34.9914360046, 8.19100475311, -8.60295391083, 2.55989336967], [-81.6682128906, 44.5100059509, 227.837295532, 201.778701782, 144.964477539, 125.818489075, 129.453598022, 102.500167847, 172.377151489, 66.5878067017, 62.3267021179, 11.6665382385, -17.642244339], [136.550567627, -73.0119628906, -8.26565265656, -7.85269355774, -20.0156059265, -19.8527412415, -19.3837051392, 34.9914360046, 66.5878067017, 163.810592651, 67.0609207153, 27.8773040771, -17.7400588989], [-290.93536377, 152.57862854, 3.31788897514, -19.1385154724, 17.8093662262, -52.7252998352, -2.54096865654, 8.19100475311, 62.3267021179, 67.0609207153, 151.687591553, 33.7708854675, 35.7930984497], [112.986663818, -54.9870033264, -37.418422699, -63.8880958557, -22.2880096436, -22.2890739441, -25.8132266998, -8.60295391083, 11.6665382385, 27.8773040771, 33.7708854675, 139.264556885, 28.3837223053], [-198.990539551, 175.639846802, -145.770629883, -90.6177062988, 10.1120929718, -32.1271781921, 32.1587867737, 2.55989336967, -17.642244339, -17.7400588989, 35.7930984497, 28.3837223053, 143.459106445]], "icov": [[0.00016357768618, -0.000252036814345, 0.000167409845744, -0.000240019304329, 0.000216152999201, -0.000461064046249, 0.000481643597595, -0.000158963419381, 9.09798473003e-05, -0.000343723455444, 0.000502692593727, -0.000368040608009, 0.000246424373472], [-0.000252036814345, 0.00134605949279, -0.000278598658042, 0.000645122199785, -0.00105223630089, 0.00139715219848, -0.00101792823989, 0.000897439313121, -0.000916728517041, 0.00113098043948, -0.00134180136956, 0.00129282940179, -0.0011678544106], [0.000167409845744, -0.000278598658042, 0.00108390231617, -0.000826639530715, -0.000189055906958, -0.000580631021876, 0.000765504490118, -0.000534162740223, 8.6734922661e-05, -7.06032733433e-05, 0.000242378126131, -0.000589957460761, 0.000931929564103], [-0.000240019304329, 0.000645122199785, -0.000826639530715, 0.00275689642876, -0.00149894179776, -0.000773744715843, -0.000794376130216, 0.000938601908274, -0.000374923693016, 0.000423114397563, -0.00120303151198, 0.00129324244335, -7.70913320594e-05], [0.000216152999201, -0.00105223630089, -0.000189055906958, -0.00149894179776, 0.0053938110359, -0.00106914609205, -0.00216731498949, 0.000216875661863, 0.000266393792117, -0.000612820032984, 0.000566065427847, -0.00113406009041, 0.000351634371327], [-0.000461064046249, 0.00139715219848, -0.000580631021876, -0.000773744715843, -0.00106914609205, 0.00611632596701, -0.00166860292666, -0.0021859605331, -0.000733440101612, 0.00200433866121, -0.000460840557935, 0.0008490003529, -0.00146602443419], [0.000481643597595, -0.00101792823989, 0.000765504490118, -0.000794376130216, -0.00216731498949, -0.00166860292666, 0.00855726934969, -0.00309315184131, -0.00230838172138, 4.06854342145e-05, 0.00306578027084, -0.000560038664844, -0.000826513918582], [-0.000158963419381, 0.000897439313121, -0.000534162740223, 0.000938601908274, 0.000216875661863, -0.0021859605331, -0.00309315184131, 0.0110038109124, -0.00309264566749, -0.0014514955692, -0.000480488757603, 0.00164400972426, -0.00204214127734], [9.09798473003e-05, -0.000916728517041, 8.6734922661e-05, -0.000374923693016, 0.000266393792117, -0.000733440101612, -0.00230838172138, -0.00309264566749, 0.0134656624869, -0.00341501785442, -0.00370708294213, -0.00163300626446, 0.00397118041292], [-0.000343723455444, 0.00113098043948, -7.06032733433e-05, 0.000423114397563, -0.000612820032984, 0.00200433866121, 4.06854342145e-05, -0.0014514955692, -0.00341501785442, 0.0106670474634, -0.00442341016605, 9.6127136203e-05, 0.000826641975436], [0.000502692593727, -0.00134180136956, 0.000242378126131, -0.00120303151198, 0.000566065427847, -0.000460840557935, 0.00306578027084, -0.000480488757603, -0.00370708294213, -0.00442341016605, 0.0132654644549, -0.00230868766084, -0.00285117211752], [-0.000368040608009, 0.00129282940179, -0.000589957460761, 0.00129324244335, -0.00113406009041, 0.0008490003529, -0.000560038664844, 0.00164400972426, -0.00163300626446, 9.6127136203e-05, -0.00230868766084, 0.00967277865857, -0.00303633813746], [0.000246424373472, -0.0011678544106, 0.000931929564103, -7.70913320594e-05, 0.000351634371327, -0.00146602443419, -0.000826513918582, -0.00204214127734, 0.00397118041292, 0.000826641975436, -0.00285117211752, -0.00303633813746, 0.0114118400961]]}, "melbands": {"dmean": [0.00367798749357, 0.00360129377805, 0.00151539139915, 0.000478692294564, 0.000269035837846, 0.000185971090104, 0.000130328160594, 0.000140784104588, 7.34683490009e-05, 0.000126286235172, 8.60784130055e-05, 0.000112183355668, 4.77646062791e-05, 2.56839557551e-05, 1.50935329657e-05, 2.06651257031e-05, 2.38766097027e-05, 5.37194428034e-05, 4.41483316536e-05, 2.62897920038e-05, 1.33544335768e-05, 1.15124294098e-05, 1.31354490804e-05, 5.32033254785e-06, 3.20101821671e-06, 3.0309788599e-06, 2.305890348e-06, 2.4591008696e-06, 2.24280302064e-06, 2.02384785553e-06, 2.0145223516e-06, 2.19893672693e-06, 1.53261726155e-06, 1.89489423974e-06, 1.73816670213e-06, 1.66861309481e-06, 8.52005541674e-07, 7.76396120727e-07, 6.20217861069e-07, 6.13887436884e-07], "dmean2": [0.00611883075908, 0.00578185729682, 0.00286907609552, 0.000887108733878, 0.000453163025668, 0.000274891557638, 0.000181206487468, 0.000205645192182, 0.000113206864626, 0.000197203349671, 0.000139714873512, 0.000188802427147, 7.95797095634e-05, 4.2378436774e-05, 2.6557030651e-05, 3.22524938383e-05, 4.34698886238e-05, 9.60307661444e-05, 6.3865139964e-05, 4.05230784963e-05, 2.03713098017e-05, 2.01089715119e-05, 2.37898548221e-05, 7.92111131886e-06, 5.13297527505e-06, 4.8069919103e-06, 3.55096904059e-06, 4.17757064497e-06, 3.73315219804e-06, 2.82750920633e-06, 2.84350494439e-06, 3.04225409309e-06, 2.32319166571e-06, 3.20774711327e-06, 2.68590429187e-06, 2.64272557615e-06, 1.32992613544e-06, 1.33886885578e-06, 1.05651429294e-06, 1.05353865365e-06], "dvar": [5.22102345712e-05, 0.000101196979813, 3.26148838212e-05, 3.16554610436e-06, 5.84976248774e-07, 1.13777723243e-07, 5.3469779715e-08, 4.58511770773e-08, 1.72135337095e-08, 9.99017473191e-08, 4.10063840661e-08, 7.56090869913e-08, 1.59211523965e-08, 7.1883792252e-09, 3.41780515001e-09, 6.05053296354e-09, 8.79357653361e-09, 1.10284858579e-07, 4.97038996627e-08, 1.75669381264e-08, 4.63230742653e-09, 2.37123964908e-09, 3.83500120549e-09, 7.61364193913e-10, 2.52906251497e-10, 2.88110729718e-10, 1.1407134265e-10, 1.40608413801e-10, 1.08290973411e-10, 9.67483176906e-11, 1.23535390251e-10, 1.09783425406e-10, 2.81853030498e-11, 2.80085329929e-11, 1.90983687198e-11, 1.8375618735e-11, 5.2450183953e-12, 3.92177609831e-12, 2.2305417062e-12, 2.31384919905e-12], "dvar2": [0.000151516433107, 0.000240679466515, 9.48088563746e-05, 9.2534810392e-06, 1.66778806943e-06, 2.76210130323e-07, 1.08280318045e-07, 1.03322157941e-07, 4.04511162344e-08, 2.36028583345e-07, 1.0168369613e-07, 1.98014788566e-07, 4.11674889733e-08, 1.83697537182e-08, 9.14256759188e-09, 1.23414922726e-08, 2.63003112622e-08, 3.16842033499e-07, 9.71227436253e-08, 3.83349885169e-08, 9.58865786771e-09, 6.36785113528e-09, 1.05796340577e-08, 1.42363443256e-09, 5.92580096104e-10, 6.04985117558e-10, 2.01581404347e-10, 3.62123997455e-10, 2.76027145585e-10, 1.9429811926e-10, 2.78426365297e-10, 2.13087561485e-10, 5.17965531577e-11, 6.65723795534e-11, 3.91622324847e-11, 3.59870570843e-11, 9.18419507112e-12, 8.90827342448e-12, 5.02962298546e-12, 5.27057217314e-12], "max": [0.0583114773035, 0.080797791481, 0.0487913638353, 0.0157817509025, 0.00778698921204, 0.0045777708292, 0.00341993849725, 0.00286203576252, 0.00238350057043, 0.00602986011654, 0.00271892594174, 0.0042174574919, 0.00199258886278, 0.00129345036112, 0.000869708193932, 0.0011774020968, 0.00144892837852, 0.0056106406264, 0.00357296643779, 0.00211979704909, 0.00121656095143, 0.000613052339759, 0.000615252822172, 0.000536838953849, 0.000269349140581, 0.00024861827842, 0.000147521990584, 0.000163227086887, 0.000136718619615, 0.000139576630318, 0.000197414876311, 0.000199175992748, 7.16358044883e-05, 8.3106358943e-05, 5.62593704672e-05, 5.74827681703e-05, 3.48354878952e-05, 2.33568061958e-05, 1.81414598046e-05, 1.47412238221e-05], "mean": [0.00812645163387, 0.0051629813388, 0.00125037692487, 0.00038763799239, 0.000323674757965, 0.000289473187877, 0.000211892504012, 0.000228826960665, 0.000114373753604, 0.000172124186065, 0.00011084794096, 0.000145451151184, 5.59846012038e-05, 2.71749795502e-05, 1.75351760845e-05, 2.49396762229e-05, 2.634194243e-05, 4.56272973679e-05, 4.62520911242e-05, 2.84113993985e-05, 1.53779346874e-05, 1.07917230707e-05, 1.07737942017e-05, 5.96156905885e-06, 3.71439045921e-06, 3.37467622558e-06, 2.85603755401e-06, 2.59898979493e-06, 2.14522560782e-06, 2.10014195545e-06, 2.00579688681e-06, 2.37315225604e-06, 1.80783263204e-06, 2.223815045e-06, 2.1606822429e-06, 2.38015559262e-06, 1.23872177937e-06, 9.85646920526e-07, 7.26989128452e-07, 6.25439554369e-07], "median": [0.0036890131887, 0.00106187036727, 8.79790604813e-05, 8.85636254679e-05, 9.96468806989e-05, 0.000127046747366, 7.8883691458e-05, 0.000112862602691, 6.16278266534e-05, 3.0288245398e-05, 3.33080242854e-05, 1.80834449566e-05, 1.26184686451e-05, 5.02442435391e-06, 2.95897393698e-06, 2.03865056392e-06, 4.67146219307e-06, 3.77717060474e-06, 5.1537545005e-06, 1.97264694179e-06, 1.29321222175e-06, 1.21437165035e-06, 9.09676600713e-07, 4.59989763613e-07, 5.34000037078e-07, 2.62874436885e-07, 2.47800585385e-07, 2.26989016028e-07, 1.54663212015e-07, 1.44842317695e-07, 1.28536171928e-07, 1.71445563524e-07, 1.51288674033e-07, 1.77389395617e-07, 1.75031502181e-07, 1.94834285594e-07, 1.17963921298e-07, 9.64552242522e-08, 7.10416685479e-08, 6.01412537549e-08], "min": [2.97203914022e-23, 2.65224471112e-23, 1.55701095763e-24, 1.92866741006e-23, 3.45458283159e-23, 2.58918537916e-23, 1.07754100361e-23, 6.2499303819e-24, 9.09505111103e-24, 1.1433241145e-23, 5.29045227351e-24, 1.61887731496e-23, 1.20171228549e-23, 4.77360678006e-24, 8.5143019678e-24, 8.64085418965e-24, 1.19289518715e-23, 7.45879503256e-24, 1.01394003976e-23, 1.26574365185e-23, 1.60972668623e-23, 7.81225283861e-24, 9.08865502681e-24, 1.84929254132e-23, 4.97929476692e-24, 1.42898650438e-23, 1.09811354939e-23, 7.73673991732e-24, 1.27385282641e-23, 7.74215308085e-24, 1.29680599662e-23, 7.27267592374e-24, 1.01891088898e-23, 1.07033870355e-23, 7.84420880502e-24, 1.07953839942e-23, 1.15378188575e-23, 1.05217320905e-23, 1.29484307403e-23, 1.15144204542e-23], "var": [0.000113682370284, 0.000109557098767, 1.95463817363e-05, 1.76887829184e-06, 4.740026327e-07, 1.98801529905e-07, 1.18942928395e-07, 9.87432855482e-08, 2.69596931446e-08, 1.58197153155e-07, 5.46640421817e-08, 1.00939487879e-07, 1.78719297139e-08, 7.43849648543e-09, 4.36932978687e-09, 9.10512287788e-09, 8.1627318238e-09, 7.56198801355e-08, 6.16282633814e-08, 2.30341221652e-08, 6.27248653018e-09, 2.04056349595e-09, 2.79261991309e-09, 1.00998243102e-09, 2.92550539349e-10, 3.65357022414e-10, 1.82230286416e-10, 1.61479038474e-10, 1.16078514856e-10, 1.25478405444e-10, 1.35873201579e-10, 1.45918568895e-10, 4.51812302849e-11, 3.62735778914e-11, 3.30474501931e-11, 3.4923411385e-11, 1.11744884179e-11, 6.30734397003e-12, 3.29719584968e-12, 2.7695959675e-12]}, "mfcc": {"mean": [-723.67755127, 138.331710815, 20.8242435455, 4.85923910141, 7.04844093323, 2.02512407303, -9.19811344147, 9.02498531342, 4.20064783096, 10.0850982666, 1.04363894463, -0.719440758228, 2.41853761673], "cov": [[9854.484375, -786.546142578, -64.1087341309, -28.1482181549, 19.7600345612, 310.722900391, -224.387405396, 61.1647415161, -53.923500061, 62.5114898682, -87.7597885132, -9.00200653076, -62.5702819824], [-786.546142578, 2419.17651367, -736.948181152, -252.068664551, -394.186553955, -516.858154297, -267.337402344, -351.252441406, -169.350921631, -192.492660522, -84.6095962524, -108.386962891, -8.87340927124], [-64.1087341309, -736.948181152, 1833.05908203, 792.297363281, 808.305175781, 678.439758301, 441.677856445, 506.57635498, 229.691726685, 290.044464111, 166.011901855, 158.601608276, 95.1005325317], [-28.1482181549, -252.068664551, 792.297363281, 828.425170898, 547.00592041, 529.171142578, 387.059783936, 358.139190674, 225.201522827, 190.819595337, 143.060150146, 138.497711182, 84.7854232788], [19.7600345612, -394.186553955, 808.305175781, 547.00592041, 637.824035645, 512.941650391, 354.068847656, 365.162353516, 201.224334717, 188.6431427, 115.014381409, 117.881629944, 72.9483261108], [310.722900391, -516.858154297, 678.439758301, 529.171142578, 512.941650391, 612.350097656, 399.3699646, 408.467132568, 250.475631714, 215.823440552, 114.796234131, 88.2213973999, 50.8197212219], [-224.387405396, -267.337402344, 441.677856445, 387.059783936, 354.068847656, 399.3699646, 405.736816406, 334.797851562, 245.775131226, 165.857894897, 84.9819107056, 66.5519866943, 26.5941314697], [61.1647415161, -351.252441406, 506.57635498, 358.139190674, 365.162353516, 408.467132568, 334.797851562, 451.129577637, 251.655639648, 194.113983154, 70.5161437988, 42.3569488525, 25.0057182312], [-53.923500061, -169.350921631, 229.691726685, 225.201522827, 201.224334717, 250.475631714, 245.775131226, 251.655639648, 252.907363892, 135.380889893, 84.528465271, 29.9580955505, 8.1732749939], [62.5114898682, -192.492660522, 290.044464111, 190.819595337, 188.6431427, 215.823440552, 165.857894897, 194.113983154, 135.380889893, 212.3855896, 101.167480469, 68.3539352417, 8.22598743439], [-87.7597885132, -84.6095962524, 166.011901855, 143.060150146, 115.014381409, 114.796234131, 84.9819107056, 70.5161437988, 84.528465271, 101.167480469, 165.779067993, 97.6473312378, 41.8450088501], [-9.00200653076, -108.386962891, 158.601608276, 138.497711182, 117.881629944, 88.2213973999, 66.5519866943, 42.3569488525, 29.9580955505, 68.3539352417, 97.6473312378, 166.996276855, 71.2797470093], [-62.5702819824, -8.87340927124, 95.1005325317, 84.7854232788, 72.9483261108, 50.8197212219, 26.5941314697, 25.0057182312, 8.1732749939, 8.22598743439, 41.8450088501, 71.2797470093, 133.792572021]], "icov": [[0.000126104860101, 1.64509674505e-05, 3.37416277034e-05, 3.2105729133e-06, 6.3642844907e-05, -0.00037091554259, 0.000419326592237, -2.62540361291e-05, -8.0198442447e-05, -4.64188415208e-05, 0.000171862979187, -0.000130092914333, 8.51026488817e-05], [1.64509674505e-05, 0.000582709151786, 0.000187715122593, -0.000369100482203, -0.000167723701452, 0.000773805833887, -0.000184739605174, 0.000139882671647, 8.70817802934e-06, -0.000128387167933, -8.15945895738e-05, 0.000464118551463, -0.000259467371507], [3.37416277034e-05, 0.000187715122593, 0.00144696282223, -0.00055375212105, -0.00134060636628, 0.000192639461602, 0.000232495789533, -0.000503658724483, 0.000790616730228, -0.000551559089217, -0.00020386466349, 0.000318853912177, -6.41695805825e-05], [3.2105729133e-06, -0.000369100482203, -0.00055375212105, 0.00375813455321, -0.000889933260623, -0.00176867190748, -0.000845907721668, 0.000270466611255, -0.000170369850821, 0.000676421972457, -0.000467785604997, -0.000914876989555, -0.000133764828206], [6.3642844907e-05, -0.000167723701452, -0.00134060636628, -0.000889933260623, 0.00735896453261, -0.00347011070698, -0.000432877452113, -0.00088810530724, 0.000592905213125, 0.00059137592325, 0.000184633929166, -0.00138694513589, -0.00029815043672], [-0.00037091554259, 0.000773805833887, 0.000192639461602, -0.00176867190748, -0.00347011070698, 0.0109089808539, -0.00443020043895, -0.00169447471853, 0.000710849533789, -0.00142426730599, -0.0011670718668, 0.00219179363921, -0.000951148045715], [0.000419326592237, -0.000184739605174, 0.000232495789533, -0.000845907721668, -0.000432877452113, -0.00443020043895, 0.0127647724003, -0.00190223788377, -0.0059051415883, 0.000241127811023, 0.0022622642573, -0.00246891286224, 0.00124540680554], [-2.62540361291e-05, 0.000139882671647, -0.000503658724483, 0.000270466611255, -0.00088810530724, -0.00169447471853, -0.00190223788377, 0.0096772192046, -0.00448499014601, -0.00302368868142, 0.00275701261126, 0.00106360157952, -0.00108813529368], [-8.0198442447e-05, 8.70817802934e-06, 0.000790616730228, -0.000170369850821, 0.000592905213125, 0.000710849533789, -0.0059051415883, -0.00448499014601, 0.0143144177273, -0.00109506282024, -0.00497844489291, 0.00280072423629, 0.000185603639693], [-4.64188415208e-05, -0.000128387167933, -0.000551559089217, 0.000676421972457, 0.00059137592325, -0.00142426730599, 0.000241127811023, -0.00302368868142, -0.00109506282024, 0.0115810316056, -0.00417663622648, -0.00231237872504, 0.00256201857701], [0.000171862979187, -8.15945895738e-05, -0.00020386466349, -0.000467785604997, 0.000184633929166, -0.0011670718668, 0.0022622642573, 0.00275701261126, -0.00497844489291, -0.00417663622648, 0.0136240916327, -0.00558619247749, -0.000830051023513], [-0.000130092914333, 0.000464118551463, 0.000318853912177, -0.000914876989555, -0.00138694513589, 0.00219179363921, -0.00246891286224, 0.00106360157952, 0.00280072423629, -0.00231237872504, -0.00558619247749, 0.0129701541737, -0.00465309573337], [8.51026488817e-05, -0.000259467371507, -6.41695805825e-05, -0.000133764828206, -0.00029815043672, -0.000951148045715, 0.00124540680554, -0.00108813529368, 0.000185603639693, 0.00256201857701, -0.000830051023513, -0.00465309573337, 0.0106766391546]]}, "spectral_contrast_coeffs": {"dmean": [0.0489547550678, 0.0443927943707, 0.0459091253579, 0.0300339665264, 0.0204111542553, 0.0186490695924], "dmean2": [0.0774834230542, 0.0694882571697, 0.0749332234263, 0.0508320778608, 0.0343893393874, 0.0308800712228], "dvar": [0.00190138677135, 0.00130528095178, 0.00140227854718, 0.000613502517808, 0.000373711140128, 0.000440086965682], "dvar2": [0.00434660539031, 0.0031157459598, 0.00358819961548, 0.00169927440584, 0.000976246374194, 0.00106170622166], "max": [-0.193728223443, -0.360449284315, -0.462804615498, -0.590068221092, -0.658472776413, -0.608861863613], "mean": [-0.643931031227, -0.709458708763, -0.726062893867, -0.781196415424, -0.814845383167, -0.813505887985], "median": [-0.654445528984, -0.710294008255, -0.727271318436, -0.784877538681, -0.817925930023, -0.821595609188], "min": [-0.966006934643, -0.972018063068, -0.963616967201, -0.961743295193, -0.959021925926, -0.960911333561], "var": [0.0108884759247, 0.0076742595993, 0.00793797988445, 0.00351914484054, 0.00174283853266, 0.00206523993984]}, "spectral_contrast_valleys": {"dmean": [0.473218023777, 0.432656615973, 0.401564776897, 0.318888872862, 0.275279849768, 0.396426230669], "dmean2": [0.771632671356, 0.703146219254, 0.648589253426, 0.516578912735, 0.448896914721, 0.612853348255], "dvar": [0.278083950281, 0.266802310944, 0.223357111216, 0.189884290099, 0.19035539031, 0.269043207169], "dvar2": [0.576670527458, 0.566670894623, 0.443492233753, 0.332981199026, 0.34212076664, 0.599226057529], "max": [-4.65621948242, -4.63764476776, -4.666