{"lowlevel": {"average_loudness": 0.82360470295, "barkbands_crest": {"dmean": 4.16042947769, "dmean2": 6.23411226273, "dvar": 13.3330869675, "dvar2": 26.3078517914, "max": 26.7643871307, "mean": 15.9003753662, "median": 15.4773025513, "min": 2.49179625511, "var": 41.6276817322}, "barkbands_flatness_db": {"dmean": 0.0615216344595, "dmean2": 0.0865135118365, "dvar": 0.00305609079078, "dvar2": 0.0060253967531, "max": 0.584933161736, "mean": 0.197549328208, "median": 0.175737813115, "min": 0.0196658018976, "var": 0.0105501301587}, "barkbands_kurtosis": {"dmean": 77.8362503052, "dmean2": 125.347198486, "dvar": 38709.5273438, "dvar2": 95859.7265625, "max": 3347.00415039, "mean": 78.9487609863, "median": 11.7672586441, "min": -1.93625557423, "var": 40281.8710938}, "barkbands_skewness": {"dmean": 2.84020376205, "dmean2": 4.13539409637, "dvar": 14.1582670212, "dvar2": 30.6067485809, "max": 44.4940185547, "mean": 5.16966724396, "median": 3.42784547806, "min": -3.16114020348, "var": 31.0086536407}, "barkbands_spread": {"dmean": 11.7721176147, "dmean2": 17.854139328, "dvar": 200.586685181, "dvar2": 434.886352539, "max": 134.901016235, "mean": 22.4200744629, "median": 14.7707014084, "min": 0.06422816962, "var": 536.612487793}, "dissonance": {"dmean": 0.0121390521526, "dmean2": 0.0206101499498, "dvar": 0.000189701648196, "dvar2": 0.000509325880557, "max": 0.500000119209, "mean": 0.480629205704, "median": 0.485428750515, "min": 0.338372498751, "var": 0.000294425291941}, "dynamic_complexity": 4.83253526688, "erbbands_crest": {"dmean": 3.23582601547, "dmean2": 5.22557115555, "dvar": 9.33246994019, "dvar2": 22.5715293884, "max": 26.8782043457, "mean": 8.24230194092, "median": 7.10011100769, "min": 1.95078361034, "var": 19.0953521729}, "erbbands_flatness_db": {"dmean": 0.0228229910135, "dmean2": 0.034773811698, "dvar": 0.000480728253024, "dvar2": 0.00106340798084, "max": 0.370949059725, "mean": 0.116189599037, "median": 0.106072038412, "min": 0.0207565352321, "var": 0.00188501831144}, "erbbands_kurtosis": {"dmean": 1.83909511566, "dmean2": 2.95104980469, "dvar": 11.5010118484, "dvar2": 29.0187587738, "max": 75.2558822632, "mean": 0.86619758606, "median": -0.330464363098, "min": -1.86996221542, "var": 13.7709550858}, "erbbands_skewness": {"dmean": 0.678615927696, "dmean2": 0.989060282707, "dvar": 0.485269159079, "dvar2": 1.02532505989, "max": 8.09849834442, "mean": 0.110170513391, "median": -0.0126397339627, "min": -4.28084135056, "var": 1.57774174213}, "erbbands_spread": {"dmean": 19.5352096558, "dmean2": 30.3466644287, "dvar": 364.046356201, "dvar2": 865.400878906, "max": 212.880981445, "mean": 66.4638519287, "median": 64.7100601196, "min": 4.11466598511, "var": 923.59954834}, "hfc": {"dmean": 13.2006835938, "dmean2": 19.8652095795, "dvar": 416.112854004, "dvar2": 949.045410156, "max": 249.286270142, "mean": 19.9704399109, "median": 8.47309303284, "min": 1.05338420219e-16, "var": 848.282348633}, "melbands_crest": {"dmean": 4.44880723953, "dmean2": 6.84474802017, "dvar": 13.5995883942, "dvar2": 32.1373443604, "max": 39.6302375793, "mean": 21.1787376404, "median": 21.3011798859, "min": 1.7992348671, "var": 42.8713912964}, "melbands_flatness_db": {"dmean": 0.0719314962626, "dmean2": 0.100227043033, "dvar": 0.00403781002387, "dvar2": 0.00788592919707, "max": 0.719372391701, "mean": 0.286618441343, "median": 0.267394930124, "min": 0.00487359566614, "var": 0.016715798527}, "melbands_kurtosis": {"dmean": 82.884475708, "dmean2": 128.360565186, "dvar": 15757.1025391, "dvar2": 34922.4609375, "max": 1991.48425293, "mean": 127.64264679, "median": 59.8372573853, "min": -1.74881124496, "var": 31071.2011719}, "melbands_skewness": {"dmean": 2.69535422325, "dmean2": 4.11311578751, "dvar": 7.7232208252, "dvar2": 18.2413959503, "max": 36.2259902954, "mean": 7.24674844742, "median": 6.62884521484, "min": -1.67888641357, "var": 20.6691856384}, "melbands_spread": {"dmean": 10.197388649, "dmean2": 15.9547605515, "dvar": 297.277587891, "dvar2": 642.356750488, "max": 251.196228027, "mean": 18.0118122101, "median": 7.0011100769, "min": 0.131308034062, "var": 873.145751953}, "pitch_salience": {"dmean": 0.130681425333, "dmean2": 0.1967163831, "dvar": 0.013188444078, "dvar2": 0.0294036734849, "max": 0.938142776489, "mean": 0.405256092548, "median": 0.409658372402, "min": 0.0249715670943, "var": 0.038716390729}, "silence_rate_20dB": {"dmean": 0.00267127598636, "dmean2": 0.00534297153354, "dvar": 0.00266418419778, "dvar2": 0.00782890338451, "max": 1, "mean": 0.998585879803, "median": 1, "min": 0, "var": 0.00141204788815}, "silence_rate_30dB": {"dmean": 0.115493401885, "dmean2": 0.231004953384, "dvar": 0.102154009044, "dvar2": 0.233123987913, "max": 1, "mean": 0.829051792622, "median": 1, "min": 0, "var": 0.141720846295}, "silence_rate_60dB": {"dmean": 0.049811437726, "dmean2": 0.0996307060122, "dvar": 0.0473372936249, "dvar2": 0.103356100619, "max": 1, "mean": 0.135438755155, "median": 0, "min": 0, "var": 0.117074005306}, "spectral_centroid": {"dmean": 472.538970947, "dmean2": 686.889465332, "dvar": 261803.4375, "dvar2": 477158, "max": 11529.7578125, "mean": 1429.93981934, "median": 1145.3125, "min": 71.9766387939, "var": 1197944}, "spectral_complexity": {"dmean": 6.42049026489, "dmean2": 9.48267459869, "dvar": 65.3590774536, "dvar2": 134.726455688, "max": 57, "mean": 10.8679389954, "median": 7, "min": 0, "var": 122.381530762}, "spectral_decrease": {"dmean": 8.79614336924e-09, "dmean2": 1.38450593212e-08, "dvar": 2.0281427034e-16, "dvar2": 5.14150693049e-16, "max": 1.39382949627e-11, "mean": -1.35081021924e-08, "median": -6.046896317e-09, "min": -1.36282977792e-07, "var": 3.16954884893e-16}, "spectral_energy": {"dmean": 0.0337817333639, "dmean2": 0.0532167851925, "dvar": 0.00295549165457, "dvar2": 0.00747284898534, "max": 0.518331408501, "mean": 0.0527940429747, "median": 0.0243395715952, "min": 1.01089023724e-20, "var": 0.00463936245069}, "spectral_energyband_high": {"dmean": 0.00104699761141, "dmean2": 0.0016259488184, "dvar": 3.58492775376e-06, "dvar2": 8.51606546348e-06, "max": 0.0277772378176, "mean": 0.00147194543388, "median": 0.000284208130324, "min": 7.1748119603e-21, "var": 9.37361164688e-06}, "spectral_energyband_low": {"dmean": 0.0307778529823, "dmean2": 0.0479803904891, "dvar": 0.00270208693109, "dvar2": 0.00694936932996, "max": 0.511915385723, "mean": 0.0441402085125, "median": 0.016881223768, "min": 2.82477300871e-23, "var": 0.00401956168935}, "spectral_energyband_middle_high": {"dmean": 0.00136693369132, "dmean2": 0.00205165660009, "dvar": 5.69395615457e-06, "dvar2": 1.23306717796e-05, "max": 0.0430304370821, "mean": 0.00171507068444, "median": 0.000597913865931, "min": 1.3326346169e-21, "var": 8.97124482435e-06}, "spectral_energyband_middle_low": {"dmean": 0.00802067946643, "dmean2": 0.0135919190943, "dvar": 0.000390317640267, "dvar2": 0.00100624933839, "max": 0.195732846856, "mean": 0.00740969879553, "median": 0.0022434387356, "min": 1.98259160651e-22, "var": 0.000306279398501}, "spectral_entropy": {"dmean": 0.30981862545, "dmean2": 0.461461305618, "dvar": 0.101894922554, "dvar2": 0.210717439651, "max": 9.81269741058, "mean": 7.75441408157, "median": 7.8643040657, "min": 5.62980699539, "var": 0.273085296154}, "spectral_flux": {"dmean": 0.0518749132752, "dmean2": 0.0824273377657, "dvar": 0.00394088635221, "dvar2": 0.00934907607734, "max": 0.589429914951, "mean": 0.118861526251, "median": 0.0907902345061, "min": 6.66997151955e-11, "var": 0.00944447889924}, "spectral_kurtosis": {"dmean": 1.32904875278, "dmean2": 2.12680220604, "dvar": 2.6699461937, "dvar2": 6.90016078949, "max": 33.3822135925, "mean": 2.95162844658, "median": 2.47879219055, "min": -1.2279728651, "var": 4.82504224777}, "spectral_rms": {"dmean": 0.00201545166783, "dmean2": 0.00304741435684, "dvar": 5.83497012485e-06, "dvar2": 1.35396030601e-05, "max": 0.0224875342101, "mean": 0.00585863599554, "median": 0.0048729791306, "min": 3.14043691226e-12, "var": 1.71828887687e-05}, "spectral_rolloff": {"dmean": 829.624938965, "dmean2": 1407.34924316, "dvar": 2845489, "dvar2": 6476634.5, "max": 18733.8867188, "mean": 1412.59875488, "median": 172.265625, "min": 21.533203125, "var": 6879500.5}, "spectral_skewness": {"dmean": 0.257046371698, "dmean2": 0.401862382889, "dvar": 0.0713319182396, "dvar2": 0.170187592506, "max": 4.11903142929, "mean": 1.29345178604, "median": 1.24321627617, "min": -0.0367364510894, "var": 0.184073269367}, "spectral_spread": {"dmean": 958686.5625, "dmean2": 1392897.75, "dvar": 1294566031360.0, "dvar2": 2605609123840.0, "max": 41058896, "mean": 6310700, "median": 5849489.5, "min": 1993386.5, "var": 5710260207620.0}, "spectral_strongpeak": {"dmean": 0.274427801371, "dmean2": 0.449478209019, "dvar": 0.322015970945, "dvar2": 0.931870043278, "max": 20.7424640656, "mean": 0.525718688965, "median": 0.389076918364, "min": 0, "var": 0.601536512375}, "zerocrossingrate": {"dmean": 0.0197559781373, "dmean2": 0.0228843037039, "dvar": 0.000571100390516, "dvar2": 0.000652369344607, "max": 0.51904296875, "mean": 0.0624320283532, "median": 0.0419921875, "min": 0, "var": 0.00499663315713}, "barkbands": {"dmean": [0.000575739599299, 0.0256861262023, 0.00846386142075, 0.00427872594446, 0.00328936800361, 0.000647355453111, 0.000284734327579, 0.000263657828327, 0.000270804361207, 0.000162575699505, 0.000119324206025, 0.000165091900271, 9.52529298957e-05, 0.000162700467627, 0.000133198016556, 0.000156769310706, 0.000194462569198, 0.000186168443179, 0.000143443816341, 0.000159657953191, 0.000211313657928, 0.00022697665554, 0.000158067952725, 0.000179835114977, 0.000136045273393, 9.60892502917e-05, 6.03015942033e-05], "dmean2": [0.000892890326213, 0.040807839483, 0.0133142024279, 0.0077643529512, 0.0057148183696, 0.00113227684051, 0.000488987891003, 0.000472456857096, 0.000486797624035, 0.000254005077295, 0.000197824265342, 0.00026208977215, 0.000159696646733, 0.000248479598667, 0.000200258320547, 0.00025371403899, 0.000303584645735, 0.000306852336507, 0.000223899580305, 0.000258583924733, 0.000349594803993, 0.000386888626963, 0.000255166494753, 0.000274176010862, 0.000201322895009, 0.000142569988384, 9.25327112782e-05], "dvar": [1.03966488041e-06, 0.0021255442407, 0.000419555639382, 0.000166986021213, 8.96026467672e-05, 2.99203361465e-06, 4.69974793305e-07, 5.17632997799e-07, 1.36451137678e-06, 2.28247472478e-07, 7.86810545605e-08, 3.23667052271e-07, 4.81785207285e-08, 1.98445448518e-07, 7.32811358262e-08, 8.45294039209e-08, 1.65549550957e-07, 1.15550967905e-07, 6.68127100312e-08, 9.41291133927e-08, 2.39868910512e-07, 5.47307422494e-07, 9.07210662149e-08, 1.53679295067e-07, 6.35640517999e-08, 6.58684911059e-08, 5.23446885836e-08], "dvar2": [2.0088709789e-06, 0.00584653392434, 0.000979300239123, 0.000469160266221, 0.000246760551818, 8.33207923279e-06, 1.28607746319e-06, 1.47480295709e-06, 3.81709560315e-06, 4.62240222987e-07, 1.80276472861e-07, 6.70120130053e-07, 1.18320208742e-07, 3.7294574895e-07, 1.39404761512e-07, 2.06993760798e-07, 3.79257983241e-07, 3.08543945948e-07, 1.6706177064e-07, 2.43395248845e-07, 6.81493077082e-07, 1.5193326135e-06, 2.44107752678e-07, 3.20805639831e-07, 1.29833594542e-07, 1.4265485504e-07, 1.11856721219e-07], "max": [0.0116296159104, 0.454120397568, 0.29435184598, 0.167735129595, 0.118021771312, 0.0246756132692, 0.011955182068, 0.0121707245708, 0.0205295626074, 0.0121648833156, 0.00537014659494, 0.0143825877458, 0.00320225115865, 0.0105365943164, 0.00586274918169, 0.00338664022274, 0.00760771939531, 0.00408744998276, 0.00500206975266, 0.00371868023649, 0.00915783364326, 0.0167161617428, 0.00428137090057, 0.00933361519128, 0.00403898535296, 0.00307323667221, 0.00297493278049], "mean": [0.000835897808429, 0.032677449286, 0.00871912576258, 0.00359247298911, 0.00259107816964, 0.000526277231984, 0.000239611763391, 0.000202228999115, 0.000191896251636, 0.000178528076503, 0.000109993197839, 0.000199321075343, 9.15956188692e-05, 0.000186991412193, 0.000160227660672, 0.000160273819347, 0.000200507885893, 0.000197670698981, 0.000180719900527, 0.000183868818567, 0.000269119685981, 0.000243728252826, 0.000203237650567, 0.000285714078927, 0.000189851241885, 0.000116669587442, 5.98779297434e-05], "median": [0.000168962229509, 0.00846858415753, 0.00164480588865, 0.000568138726521, 0.000512172176968, 0.000129718202516, 6.01700448897e-05, 4.35746296716e-05, 2.10543803405e-05, 1.81809118658e-05, 1.52096454258e-05, 2.83102399408e-05, 1.65295969055e-05, 3.11621042783e-05, 3.74377304979e-05, 4.40153344243e-05, 4.65009034087e-05, 5.38310632692e-05, 5.47907111468e-05, 4.93780244142e-05, 5.36754378118e-05, 3.41669474437e-05, 2.9799693948e-05, 2.8903294151e-05, 2.38133161474e-05, 1.41089340104e-05, 2.39576070271e-06], "min": [5.12540087847e-25, 1.14350555251e-23, 1.57813754014e-24, 1.42251153407e-23, 1.74345296693e-23, 1.87283057301e-23, 1.32895736388e-23, 1.27256335437e-23, 3.33804724996e-23, 1.83700966148e-23, 3.77565395318e-23, 4.05767425115e-23, 5.94426003399e-23, 8.96484441214e-23, 5.50400307367e-23, 5.24334891555e-23, 1.48211085899e-22, 1.55295321885e-22, 2.20394913196e-22, 2.72877513676e-22, 4.37677448265e-22, 3.94271317278e-22, 5.01820498397e-22, 7.6859225391e-22, 1.03870307462e-21, 1.53985456848e-21, 1.85555756103e-21], "var": [2.42592523136e-06, 0.00280206860043, 0.000429479172453, 0.000105896237073, 6.10436618445e-05, 1.95562165572e-06, 3.30461432441e-07, 3.14792146128e-07, 8.4722637439e-07, 4.22699514502e-07, 1.12105396965e-07, 4.91747357501e-07, 4.84917421772e-08, 3.41864677011e-07, 1.2479542022e-07, 8.48080574656e-08, 1.95265414504e-07, 1.14368475579e-07, 9.15438391758e-08, 1.14082467917e-07, 4.47026565098e-07, 4.77241485441e-07, 2.28612933029e-07, 6.20303467258e-07, 1.81178094749e-07, 8.41776426341e-08, 5.6232948964e-08]}, "erbbands": {"dmean": [0.793478488922, 5.6985001564, 9.68188667297, 11.8501825333, 12.4365472794, 10.4325294495, 7.09019374847, 4.63234186172, 3.74379682541, 5.44965028763, 5.32795906067, 6.4167509079, 5.71782541275, 5.49337816238, 4.62066698074, 6.71930408478, 4.39105176926, 8.40760803223, 6.53028869629, 7.81572437286, 10.8310565948, 8.71199607849, 9.29534816742, 8.7953081131, 7.26256656647, 7.8345246315, 10.7792282104, 6.42486715317, 8.2072725296, 6.56892061234, 3.92228198051, 3.18757677078, 3.13186693192, 1.85421025753, 0.953326463699, 0.464095413685, 0.147276952863, 0.0621198713779, 0.0100446371362, 0.000526264193468], "dmean2": [1.21919202805, 9.08428478241, 14.8148059845, 20.130979538, 21.7573509216, 18.3288116455, 12.4968891144, 8.17291069031, 6.6765832901, 9.25964832306, 9.59894657135, 11.5371904373, 9.48319244385, 8.59629821777, 7.64851617813, 10.5346765518, 7.21760034561, 12.9938812256, 9.77859115601, 11.8998355865, 17.1376838684, 13.4820241928, 15.3723220825, 13.9449119568, 11.2756099701, 12.6955509186, 17.9116535187, 10.6386861801, 14.101893425, 11.0627603531, 6.10763645172, 4.8534154892, 4.84632968903, 2.78426790237, 1.41958212852, 0.698749482632, 0.217054590583, 0.094728268683, 0.0153169883415, 0.000798760214821], "dvar": [2.47573637962, 100.745071411, 438.830810547, 989.254333496, 1313.67053223, 974.192871094, 391.738006592, 168.003677368, 119.74206543, 108.561637878, 278.709991455, 885.590576172, 300.20010376, 227.520401001, 102.22467804, 620.236755371, 91.0959854126, 608.233520508, 125.510009766, 310.338378906, 475.623809814, 254.397140503, 279.931152344, 238.192214966, 159.722351074, 227.133483887, 848.600830078, 170.486785889, 784.339904785, 309.014312744, 51.7892494202, 48.2813987732, 53.0293807983, 15.8507118225, 3.10572600365, 1.14034545422, 0.153734281659, 0.0563786886632, 0.00130677374545, 3.3967392028e-06], "dvar2": [6.60097360611, 275.303436279, 983.829711914, 2500.75073242, 3630.85986328, 2720.94287109, 1098.37475586, 470.413299561, 335.778961182, 282.082122803, 794.391296387, 2489.93847656, 729.304443359, 447.859008789, 254.779800415, 1192.58227539, 213.960983276, 1186.18640137, 254.499679565, 602.798522949, 1138.72888184, 592.484436035, 751.133239746, 621.846679688, 397.637084961, 591.686462402, 2453.24511719, 461.096923828, 2184.03491211, 857.789428711, 125.161170959, 109.771026611, 119.488059998, 33.6059646606, 6.72216176987, 2.56667399406, 0.321141690016, 0.120586872101, 0.00278867199086, 7.16601425665e-06], "max": [13.4716768265, 121.403579712, 284.097473145, 375.069885254, 447.585174561, 409.177642822, 300.672119141, 170.224655151, 221.126586914, 102.171150208, 347.215026855, 491.697570801, 440.623077393, 389.660949707, 169.71244812, 677.024169922, 126.225921631, 582.568786621, 197.767974854, 385.893341064, 374.714935303, 250.20791626, 219.414855957, 198.248199463, 224.274810791, 187.915176392, 581.747497559, 157.285675049, 664.718017578, 371.672912598, 108.056793213, 246.7915802, 119.420082092, 58.2681884766, 28.8851165771, 15.0357627869, 4.7368478775, 3.1347053051, 0.454881280661, 0.023557882756], "mean": [0.961622357368, 7.20649147034, 11.3496055603, 11.0613441467, 10.8706874847, 7.96151733398, 5.44725370407, 3.72530269623, 3.08002972603, 4.58558702469, 4.04089164734, 4.59566783905, 5.52576160431, 5.65258264542, 4.41599798203, 8.69609642029, 4.57824087143, 9.5027551651, 7.94927978516, 8.99679946899, 11.0269651413, 9.34592723846, 10.0126285553, 9.55419063568, 9.54220581055, 9.22111225128, 14.453494072, 7.09635305405, 8.43947219849, 7.63554239273, 5.42767572403, 5.55493688583, 4.38657808304, 2.60360407829, 1.22553443909, 0.562116920948, 0.182760506868, 0.0655340701342, 0.0104332156479, 0.000569116382394], "median": [0.179964244366, 2.00138449669, 3.63734316826, 3.23832678795, 2.54088044167, 1.40796363354, 1.03798639774, 0.991058468819, 0.708203613758, 1.09961938858, 0.824969649315, 0.582899391651, 0.579819321632, 0.601995229721, 0.957721948624, 1.12800776958, 1.01331591606, 1.5856102705, 1.98423528671, 2.3105661869, 3.00911307335, 2.52933430672, 2.87955641747, 2.7440495491, 2.9245557785, 2.35568094254, 2.42421889305, 1.75880801678, 1.22804784775, 1.08921122551, 0.833170294762, 0.629952609539, 0.451401561499, 0.26963236928, 0.159839659929, 0.0768754258752, 0.0217239111662, 0.00380794145167, 0.000442670338089, 7.5075593486e-05], "min": [3.80496240773e-22, 8.55131380686e-22, 3.34604089742e-21, 2.70640280925e-20, 4.98214146427e-20, 6.33253352442e-20, 9.80229253026e-20, 2.16007295599e-19, 2.02487610098e-19, 1.49241141038e-19, 3.6034112303e-19, 8.55293896634e-19, 7.97470197805e-19, 9.47251358537e-19, 1.97000424787e-18, 2.00586562935e-18, 2.94642065064e-18, 3.43781060225e-18, 5.7300827624e-18, 3.21054396972e-18, 3.78712525261e-18, 1.05743518689e-17, 9.23662711047e-18, 8.80432184283e-18, 1.17790022919e-17, 1.42064415544e-17, 1.85320055511e-17, 1.49058856281e-17, 1.3957061489e-17, 1.28021833506e-17, 1.607714856e-17, 1.4756746618e-17, 1.37579078304e-17, 1.22550017211e-17, 7.69760298689e-18, 5.24029960914e-18, 3.16701875986e-18, 9.45374072136e-19, 2.36823851476e-19, 2.62053903828e-20], "var": [3.17666172981, 132.266464233, 521.786865234, 790.087097168, 899.41973877, 631.152893066, 249.300842285, 107.52495575, 77.1191101074, 87.9615478516, 167.373580933, 543.976745605, 356.812713623, 439.127593994, 109.783058167, 1069.08276367, 105.424224854, 961.780517578, 206.674606323, 514.087219238, 508.396820068, 307.424957275, 274.884979248, 261.532073975, 248.915176392, 299.325408936, 1714.04931641, 179.387481689, 623.589050293, 382.510345459, 161.198303223, 273.293579102, 137.500564575, 41.0382957458, 6.82131576538, 1.52541589737, 0.210073083639, 0.0610925294459, 0.00146860850509, 3.83503902412e-06]}, "gfcc": {"mean": [-50.0773735046, 56.5111160278, -72.1167449951, 59.4420623779, -33.9730148315, 21.8821411133, -27.2485580444, 11.39057827, -19.1326751709, 5.86699295044, -14.5578718185, -0.107699818909, -11.5573310852], "cov": [[14336.5820312, -649.223693848, -4.3752913475, -351.091339111, 246.526687622, -57.209941864, -624.150756836, -131.935974121, -499.353118896, -157.251647949, -477.08203125, -38.95520401, -292.199859619], [-649.223693848, 2299.87036133, 366.693115234, 264.670288086, 545.129943848, -74.1956176758, 279.081054688, -23.1058444977, 143.267044067, -187.453384399, 64.1212768555, -35.4837913513, 44.0943527222], [-4.3752913475, 366.693115234, 1405.28161621, 171.773101807, 542.162658691, 178.51385498, 242.661193848, 15.9225034714, 67.0085678101, -24.2606086731, -13.1192426682, 29.2197399139, 38.6157035828], [-351.091339111, 264.670288086, 171.773101807, 588.216491699, 221.429138184, 79.5957870483, 56.8075370789, 33.7332458496, 48.4388999939, -28.5011386871, 15.3718900681, -64.534324646, -13.270647049], [246.526687622, 545.129943848, 542.162658691, 221.429138184, 740.143676758, 125.602844238, 166.53604126, 4.92972803116, 60.4222183228, -30.0756988525, 6.03348445892, -39.0464782715, -35.7860832214], [-57.209941864, -74.1956176758, 178.51385498, 79.5957870483, 125.602844238, 243.637969971, 131.559844971, 75.841003418, 40.8772201538, 17.2651004791, 6.78549146652, -5.97050666809, 5.79086685181], [-624.150756836, 279.081054688, 242.661193848, 56.8075370789, 166.53604126, 131.559844971, 252.117630005, 99.3826675415, 101.097343445, -0.811900317669, 37.0620002747, -4.33160638809, 26.0603027344], [-131.935974121, -23.1058444977, 15.9225034714, 33.7332458496, 4.92972803116, 75.841003418, 99.3826675415, 148.034851074, 78.5476989746, 31.3531074524, 14.7990379333, 6.18674278259, 9.78921794891], [-499.353118896, 143.267044067, 67.0085678101, 48.4388999939, 60.4222183228, 40.8772201538, 101.097343445, 78.5476989746, 143.529251099, 50.5243835449, 63.9168510437, -0.921370148659, 21.824754715], [-157.251647949, -187.453384399, -24.2606086731, -28.5011386871, -30.0756988525, 17.2651004791, -0.811900317669, 31.3531074524, 50.5243835449, 111.336097717, 58.9987869263, 24.3457183838, 7.3140130043], [-477.08203125, 64.1212768555, -13.1192426682, 15.3718900681, 6.03348445892, 6.78549146652, 37.0620002747, 14.7990379333, 63.9168510437, 58.9987869263, 119.47568512, 41.1169548035, 42.942817688], [-38.95520401, -35.4837913513, 29.2197399139, -64.534324646, -39.0464782715, -5.97050666809, -4.33160638809, 6.18674278259, -0.921370148659, 24.3457183838, 41.1169548035, 82.6518859863, 48.3239517212], [-292.199859619, 44.0943527222, 38.6157035828, -13.270647049, -35.7860832214, 5.79086685181, 26.0603027344, 9.78921794891, 21.824754715, 7.3140130043, 42.942817688, 48.3239517212, 82.773727417]], "icov": [[0.000103775360913, -3.17604935844e-05, -2.2458998501e-05, 8.3316313976e-05, -0.000102057529148, -0.000122627810924, 0.000397996773245, -0.00025928276591, 0.000194101521629, -1.17129966384e-05, 0.000215392385144, -0.000117393567052, 0.000183554540854], [-3.17604935844e-05, 0.000964301754721, 0.000110732136818, -0.000193810294149, -0.000485356897116, 0.000964183942415, -0.0011003233958, 0.000678539334331, -0.00113627756946, 0.00198471988551, -0.000614346296061, -0.000287595175905, -0.000108809203084], [-2.2458998501e-05, 0.000110732136818, 0.00129518308677, -0.000278085528407, -0.000737694383133, -8.4699036961e-05, -0.00122727104463, 0.0011541970307, -0.000611365132499, -0.00031736472738, 0.00150750705507, -0.00146198528819, -0.000589533592574], [8.3316313976e-05, -0.000193810294149, -0.000278085528407, 0.00248735700734, -0.000512236380018, -0.000832704536151, 0.00168230116833, -0.00145080138464, 0.0002973395749, 0.000892918324098, -0.00151809537783, 0.00270479382016, -0.000544192793313], [-0.000102057529148, -0.000485356897116, -0.000737694383133, -0.000512236380018, 0.00283847819082, -0.000779435329605, -0.000774442509282, 0.000993382651359, -0.000248908880167, -0.00039651041152, -0.000513046630658, 1.80381703103e-05, 0.0019246567972], [-0.000122627810924, 0.000964183942415, -8.4699036961e-05, -0.000832704536151, -0.000779435329605, 0.00781231001019, -0.00460692867637, -0.00113783974666, 0.00120960816275, -0.00052254111506, 3.34353026119e-05, 0.000446917692898, -0.000890057126526], [0.000397996773245, -0.0011003233958, -0.00122727104463, 0.00168230116833, -0.000774442509282, -0.00460692867637, 0.0135501148179, -0.0062475707382, -0.00175299437251, 0.00271820393391, -0.00234765629284, 0.00282463268377, -0.00091541535221], [-0.00025928276591, 0.000678539334331, 0.0011541970307, -0.00145080138464, 0.000993382651359, -0.00113783974666, -0.0062475707382, 0.0157952662557, -0.00810575205833, -0.00145019940101, 0.00543197710067, -0.00560958869755, 0.00128240243066], [0.000194101521629, -0.00113627756946, -0.000611365132499, 0.0002973395749, -0.000248908880167, 0.00120960816275, -0.00175299437251, -0.00810575205833, 0.0200652610511, -0.00707722501829, -0.00598823511973, 0.0076142186299, -0.0030620766338], [-1.17129966384e-05, 0.00198471988551, -0.00031736472738, 0.000892918324098, -0.00039651041152, -0.00052254111506, 0.00271820393391, -0.00145019940101, -0.00707722501829, 0.021382112056, -0.00942507013679, -0.00288581638597, 0.00492457812652], [0.000215392385144, -0.000614346296061, 0.00150750705507, -0.00151809537783, -0.000513046630658, 3.34353026119e-05, -0.00234765629284, 0.00543197710067, -0.00598823511973, -0.00942507013679, 0.022305464372, -0.00863734260201, -0.00410423148423], [-0.000117393567052, -0.000287595175905, -0.00146198528819, 0.00270479382016, 1.80381703103e-05, 0.000446917692898, 0.00282463268377, -0.00560958869755, 0.0076142186299, -0.00288581638597, -0.00863734260201, 0.0279965195805, -0.0130110494792], [0.000183554540854, -0.000108809203084, -0.000589533592574, -0.000544192793313, 0.0019246567972, -0.000890057126526, -0.00091541535221, 0.00128240243066, -0.0030620766338, 0.00492457812652, -0.00410423148423, -0.0130110494792, 0.0241031982005]]}, "melbands": {"dmean": [0.00717705395073, 0.00540747726336, 0.00203703902662, 0.000836097518913, 0.000279727537418, 0.000106652718387, 5.66853996133e-05, 5.95044330112e-05, 4.16276852775e-05, 4.12766457885e-05, 2.75983056781e-05, 2.19349676627e-05, 1.54249682964e-05, 1.99071509996e-05, 1.16024493764e-05, 1.04502923932e-05, 1.67409034475e-05, 1.07341184048e-05, 9.42054703046e-06, 1.13200267151e-05, 1.42566777868e-05, 1.04131495391e-05, 6.9732236625e-06, 9.71854569798e-06, 6.98763142282e-06, 5.42982934348e-06, 5.34436321686e-06, 5.15287092639e-06, 7.75335229264e-06, 4.20653896072e-06, 3.88108355764e-06, 4.84477186546e-06, 4.31384478361e-06, 3.75191120838e-06, 2.57716942542e-06, 1.98528891815e-06, 1.87643297522e-06, 2.17506112676e-06, 2.34499043472e-06, 1.38199766297e-06], "dmean2": [0.0111330281943, 0.00826334953308, 0.00341304810718, 0.00145486381371, 0.000495782704093, 0.000187432902749, 0.000100373923487, 0.000101834040834, 7.52516498324e-05, 7.45554280002e-05, 4.56177367596e-05, 3.40547267115e-05, 2.58555501205e-05, 3.16791665682e-05, 1.87570876733e-05, 1.74481065187e-05, 2.56364419329e-05, 1.63443710335e-05, 1.47059881783e-05, 1.79877406481e-05, 2.26853226195e-05, 1.63447402883e-05, 1.12388870548e-05, 1.61387124535e-05, 1.11500494313e-05, 8.49154639582e-06, 8.43470206746e-06, 8.49029947858e-06, 1.30200633066e-05, 6.89793705533e-06, 6.55014855511e-06, 8.37306561152e-06, 7.30558849682e-06, 6.35602418697e-06, 4.04155525757e-06, 3.05802154799e-06, 2.87449461212e-06, 3.37250094162e-06, 3.68057362721e-06, 2.04897378353e-06], "dvar": [0.000176450819708, 9.61218247539e-05, 2.78774205071e-05, 5.64452830076e-06, 6.49050832635e-07, 8.5210473344e-08, 2.49568294919e-08, 1.41495615225e-08, 1.81039503389e-08, 3.90376406756e-08, 7.11097314365e-09, 3.81100884184e-09, 1.12993114865e-09, 5.59575008552e-09, 8.82522888102e-10, 6.58312515611e-10, 2.73683586904e-09, 3.62155250233e-10, 3.75977748934e-10, 4.73585337613e-10, 9.65475033254e-10, 4.45671416438e-10, 1.38214703571e-10, 3.39936578886e-10, 1.51077997335e-10, 1.08016512401e-10, 8.13187781001e-11, 1.12662532081e-10, 5.2145360252e-10, 7.23056892138e-11, 7.48085551838e-11, 2.44253839377e-10, 1.9543221208e-10, 7.3381474508e-11, 2.4742955948e-11, 1.59588522952e-11, 1.76026623833e-11, 2.69686026982e-11, 3.40405585664e-11, 8.10076571794e-12], "dvar2": [0.000479437148897, 0.000225452182349, 7.0318201324e-05, 1.54124791152e-05, 1.82949349892e-06, 2.38085775095e-07, 6.97493973689e-08, 3.76080642184e-08, 5.15017646308e-08, 1.10045490942e-07, 1.70908123209e-08, 7.36914884669e-09, 2.74814748735e-09, 1.22801067093e-08, 1.75614289777e-09, 1.66310054617e-09, 5.15364284581e-09, 7.62719887248e-10, 7.47568562609e-10, 1.07400466298e-09, 2.30198970996e-09, 1.02332220475e-09, 3.49925116661e-10, 9.13024045257e-10, 3.9294723031e-10, 2.68233463219e-10, 2.02635727642e-10, 3.01850738849e-10, 1.53085399912e-09, 1.92967544721e-10, 2.07833153465e-10, 6.80548006837e-10, 5.35539446123e-10, 2.09228426251e-10, 6.06668673631e-11, 3.86861376267e-11, 3.89064787332e-11, 6.45430445201e-11, 7.88736645441e-11, 1.69291993618e-11], "max": [0.109381467104, 0.130896762013, 0.0587203316391, 0.028983624652, 0.0123447561637, 0.00370017555542, 0.00307836825959, 0.00148252083454, 0.00288982270285, 0.00327818933874, 0.00215469067916, 0.001617767266, 0.000500519294292, 0.00201525958255, 0.000668149616104, 0.000393764843466, 0.00132253090851, 0.000342003651895, 0.000420016411226, 0.000344843429048, 0.000588876078837, 0.000377879536245, 0.000168649174157, 0.000218079876504, 0.000172658808879, 0.000221979847993, 0.000104901169834, 0.00015440666175, 0.000463222968392, 9.08619549591e-05, 0.000110844150186, 0.000360333157005, 0.000313347030897, 0.000136748436489, 6.93676338415e-05, 0.000111245390144, 0.00014760241902, 0.000104761325929, 9.09001682885e-05, 3.88893822674e-05], "mean": [0.00904907658696, 0.00731366500258, 0.00198397878557, 0.000692369416356, 0.00021122576436, 8.67010021466e-05, 4.71003731946e-05, 4.94275918754e-05, 3.10327886837e-05, 2.93112079817e-05, 2.71207027254e-05, 2.2762837034e-05, 1.40206220749e-05, 2.26734337048e-05, 1.40217307489e-05, 1.00499673863e-05, 1.89757975022e-05, 1.27385155793e-05, 1.11404597192e-05, 1.20646691357e-05, 1.40147994898e-05, 1.07270006993e-05, 7.91289312474e-06, 9.75722832663e-06, 7.40235327612e-06, 6.9973502832e-06, 6.26927567282e-06, 5.72325825487e-06, 1.01982741398e-05, 5.21309448231e-06, 3.90296281694e-06, 4.68857797387e-06, 4.86580529468e-06, 4.1452340156e-06, 3.19962873618e-06, 3.22015557686e-06, 3.24811389874e-06, 2.91522565021e-06, 3.14682074531e-06, 1.89538195627e-06], "median": [0.00211738445796, 0.00260270643048, 0.000630203634501, 0.000158534618095, 4.21626973548e-05, 2.30533969443e-05, 1.13138994493e-05, 1.1807383089e-05, 5.72294902668e-06, 3.2530383578e-06, 2.77643721347e-06, 2.14558031075e-06, 2.44084685619e-06, 3.39412599715e-06, 1.90032233149e-06, 1.85921317097e-06, 2.83254280475e-06, 3.05907155962e-06, 2.75726051768e-06, 3.00720603263e-06, 3.49585843651e-06, 2.44456578002e-06, 2.39980772676e-06, 2.51796996054e-06, 1.99345686269e-06, 2.1079522412e-06, 1.75027673777e-06, 1.48007688949e-06, 1.40419399486e-06, 1.37133281441e-06, 9.02370743461e-07, 6.94991172168e-07, 5.89798105466e-07, 5.86253690926e-07, 5.00005114645e-07, 3.61407444416e-07, 3.60837702829e-07, 3.19485963018e-07, 2.64816037543e-07, 2.00969083153e-07], "min": [5.11198196004e-24, 2.42956320097e-24, 7.47992309418e-24, 4.32221189263e-24, 4.06799042187e-24, 4.35356832475e-24, 3.28185167841e-24, 1.60750426784e-24, 2.93830216254e-24, 5.48917343529e-24, 3.61258378229e-24, 3.91682850078e-24, 6.21799374258e-24, 3.60436897926e-24, 7.34649594953e-24, 5.69411239872e-24, 6.28388650513e-24, 8.13861327257e-24, 3.40063342314e-24, 5.40263105525e-24, 3.48431933784e-24, 8.23599341816e-24, 7.7364456722e-24, 7.36204992e-24, 5.83517650579e-24, 7.39852842598e-24, 7.77381085784e-24, 8.49071897103e-24, 9.56473968286e-24, 7.70343578762e-24, 8.84733379843e-24, 7.13630238362e-24, 8.24382838467e-24, 6.53767725784e-24, 8.40020822621e-24, 9.67071525686e-24, 8.06752428324e-24, 9.77736925125e-24, 9.11983080978e-24, 9.77553593851e-24], "var": [0.000234641993302, 0.000136454371386, 2.2841790269e-05, 3.93893424189e-06, 4.05306792572e-07, 5.51306627017e-08, 1.63357931626e-08, 1.0823822727e-08, 1.08647997266e-08, 2.38050930079e-08, 8.82090755994e-09, 7.64033902811e-09, 1.34466826562e-09, 7.24350801562e-09, 1.57479806973e-09, 6.10970496417e-10, 4.54581261522e-09, 5.59262192112e-10, 6.07628725113e-10, 6.16996453928e-10, 1.01399222352e-09, 5.23562970756e-10, 1.64778052314e-10, 3.04538422258e-10, 1.65675168029e-10, 1.51476400867e-10, 1.03911594607e-10, 1.30173968826e-10, 1.01198882607e-09, 1.12065738633e-10, 6.25821477973e-11, 1.85269480313e-10, 2.18632820181e-10, 1.04297230574e-10, 5.61466637072e-11, 8.06965466671e-11, 9.52504741747e-11, 6.32334809514e-11, 7.45856779116e-11, 2.03999768467e-11]}, "mfcc": {"mean": [-705.558898926, 88.6821746826, 27.5718955994, 46.4073486328, 23.2176704407, 19.8974399567, 10.5316944122, 9.40381145477, 6.16116762161, 6.9063167572, 2.5754904747, 3.88657212257, 2.30137467384], "cov": [[12775.5771484, -335.039428711, -557.809082031, -217.041900635, 199.307098389, -160.33682251, -222.339050293, -212.220458984, -182.269500732, -287.942169189, -249.513961792, -234.691619873, -185.60319519], [-335.039428711, 2024.76269531, 188.873214722, 418.683288574, 326.098449707, 176.967605591, 148.781265259, 227.828308105, 87.6329421997, -2.11220836639, 12.3428907394, -13.1480112076, 25.8062763214], [-557.809082031, 188.873214722, 779.612426758, 161.421829224, 158.366485596, 162.981033325, 144.870437622, 113.074943542, 126.038093567, 5.23520183563, 30.5568408966, 6.79698133469, 30.4864006042], [-217.041900635, 418.683288574, 161.421829224, 538.184326172, 317.513214111, 151.336730957, 99.7123565674, 91.4424819946, 40.6599655151, 42.2661323547, 11.9827041626, 14.6918258667, -3.98962283134], [199.307098389, 326.098449707, 158.366485596, 317.513214111, 459.453735352, 221.21661377, 150.526809692, 85.3797836304, 66.3194274902, 34.770526886, 32.5600852966, 11.8103208542, 3.41740131378], [-160.33682251, 176.967605591, 162.981033325, 151.336730957, 221.21661377, 222.861434937, 140.028106689, 80.4344024658, 59.6326789856, 37.069229126, 37.0187797546, 11.3336753845, 7.4472990036], [-222.339050293, 148.781265259, 144.870437622, 99.7123565674, 150.526809692, 140.028106689, 177.283584595, 112.691833496, 81.0651092529, 45.8664741516, 30.5620651245, 13.3842611313, 14.6511945724], [-212.220458984, 227.828308105, 113.074943542, 91.4424819946, 85.3797836304, 80.4344024658, 112.691833496, 167.560913086, 104.726615906, 48.6981163025, 27.7602424622, 10.7053375244, 11.8001184464], [-182.269500732, 87.6329421997, 126.038093567, 40.6599655151, 66.3194274902, 59.6326789856, 81.0651092529, 104.726615906, 134.12461853, 63.1584205627, 33.8784637451, 15.861987114, 14.128282547], [-287.942169189, -2.11220836639, 5.23520183563, 42.2661323547, 34.770526886, 37.069229126, 45.8664741516, 48.6981163025, 63.1584205627, 112.50315094, 64.5569381714, 37.1680603027, 21.6198062897], [-249.513961792, 12.3428907394, 30.5568408966, 11.9827041626, 32.5600852966, 37.0187797546, 30.5620651245, 27.7602424622, 33.8784637451, 64.5569381714, 90.2124328613, 45.3780097961, 26.4781856537], [-234.691619873, -13.1480112076, 6.79698133469, 14.6918258667, 11.8103208542, 11.3336753845, 13.3842611313, 10.7053375244, 15.861987114, 37.1680603027, 45.3780097961, 73.4295120239, 45.2453193665], [-185.60319519, 25.8062763214, 30.4864006042, -3.98962283134, 3.41740131378, 7.4472990036, 14.6511945724, 11.8001184464, 14.128282547, 21.6198062897, 26.4781856537, 45.2453193665, 65.7615280151]], "icov": [[9.58938908298e-05, 1.80015395017e-05, 5.88444636378e-05, 8.13376536826e-05, -0.000210407029954, 7.97322572907e-05, 9.5680479717e-05, -2.35050283663e-05, -4.17590999859e-05, 0.000145147816511, 6.74835828249e-05, 0.000157444912475, 5.17996340932e-05], [1.80015395017e-05, 0.000719803385437, 7.74567015469e-05, -0.000387488602428, -0.000217109743971, -4.14626738348e-05, 0.000318792444887, -0.00111733656377, 0.000185532320756, 0.000649443129078, -0.000371640606318, 0.000724575656932, -0.000747887708712], [5.88444636378e-05, 7.74567015469e-05, 0.00202166615054, -0.000644515152089, 0.000405306724133, -0.000860764994286, -0.000619440339506, 0.000611183349974, -0.00240419269539, 0.00235704309307, -0.00116389489267, 0.00104964640923, -0.0012478196295], [8.13376536826e-05, -0.000387488602428, -0.000644515152089, 0.00411093048751, -0.00278701935895, 0.000124874073663, 0.00119419093244, -0.00172078609467, 0.00234542647377, -0.00271570682526, 0.00252565019764, -0.00190212146845, 0.00178392126691], [-0.000210407029954, -0.000217109743971, 0.000405306724133, -0.00278701935895, 0.00665538432077, -0.00407369202003, -0.00186101975851, 0.00221255328506, -0.00214571203105, 0.00161046080757, -0.00139984174166, 7.53233107389e-05, -0.000289206305752], [7.97322572907e-05, -4.14626738348e-05, -0.000860764994286, 0.000124874073663, -0.00407369202003, 0.0133155826479, -0.00688607199118, 0.000543969275896, 0.0011907183798, -0.000107978863525, -0.00234664487652, 0.000682956597302, 0.00104287359864], [9.5680479717e-05, 0.000318792444887, -0.000619440339506, 0.00119419093244, -0.00186101975851, -0.00688607199118, 0.0175395198166, -0.00792333576828, 0.000356254779035, -0.00219525815919, 0.00204757368192, 0.000107126506919, -0.0013577954378], [-2.35050283663e-05, -0.00111733656377, 0.000611183349974, -0.00172078609467, 0.00221255328506, 0.000543969275896, -0.00792333576828, 0.0183250270784, -0.0106672458351, 0.00144699926022, -0.00123520207126, 0.000541391258594, 0.000225765630603], [-4.17590999859e-05, 0.000185532320756, -0.00240419269539, 0.00234542647377, -0.00214571203105, 0.0011907183798, 0.000356254779035, -0.0106672458351, 0.0212920252234, -0.00962558761239, 0.00278750271536, -0.000621505023446, 0.000772946397774], [0.000145147816511, 0.000649443129078, 0.00235704309307, -0.00271570682526, 0.00161046080757, -0.000107978863525, -0.00219525815919, 0.00144699926022, -0.00962558761239, 0.0230033826083, -0.0128402467817, 8.56604219734e-06, -0.00127521413378], [6.74835828249e-05, -0.000371640606318, -0.00116389489267, 0.00252565019764, -0.00139984174166, -0.00234664487652, 0.00204757368192, -0.00123520207126, 0.00278750271536, -0.0128402467817, 0.0256424602121, -0.0110613573343, 0.00204133265652], [0.000157444912475, 0.000724575656932, 0.00104964640923, -0.00190212146845, 7.53233107389e-05, 0.000682956597302, 0.000107126506919, 0.000541391258594, -0.000621505023446, 8.56604219734e-06, -0.0110613573343, 0.0327338837087, -0.0185814015567], [5.17996340932e-05, -0.000747887708712, -0.0012478196295, 0.00178392126691, -0.000289206305752, 0.00104287359864, -0.0013577954378, 0.000225765630603, 0.000772946397774, -0.00127521413378, 0.00204133265652, -0.0185814015567, 0.0287074260414]]}, "spectral_contrast_coeffs": {"dmean": [0.0630092173815, 0.0519418716431, 0.0380346365273, 0.0296261999756, 0.0221147295088, 0.0228160899132], "dmean2": [0.102784335613, 0.0854681357741, 0.0614498853683, 0.0481667332351, 0.0356643460691, 0.0372308045626], "dvar": [0.00274657295085, 0.00170991336927, 0.00117952970322, 0.000668095541187, 0.000381635763915, 0.000486258621095], "dvar2": [0.0069963154383, 0.00465136300772, 0.00283072143793, 0.00174687884282, 0.000944197643548, 0.00123839988373], "max": [-0.3288410604, -0.529172837734, -0.491558998823, -0.535707592964, -0.628542900085, -0.608711481094], "mean": [-0.654699444771, -0.790399312973, -0.834749341011, -0.829833447933, -0.824585795403, -0.783998072147], "median": [-0.650677204132, -0.793072521687, -0.846313655376, -0.836883544922, -0.830543577671, -0.784535348415], "min": [-0.972164988518, -0.969009280205, -0.971112787724, -0.970158696175, -0.965255916119, -0.96132004261], "var": [0.00815113727003, 0.0039270715788, 0.00335015240125, 0.00238004745916, 0.00172785599716, 0.00113486591727]}, "spectral_contrast_valleys": {"dmean": [0.564193427563, 0.748088002205, 0.751964092255, 0.684154510498, 0.648898899555, 0.677543699741], "dmean2": [0.856893956661, 1.11896371841, 1.05086576939, 0.958655834198, 0.890388965607, 0.872727811337], "dvar": [0.271588772535, 0.4864757061, 0.434156060219, 0.407526940107, 0.373114466667, 0.359898269176], "dvar2": [0.538404285908, 1.14041173458, 0.988119184971, 0.896651744843, 0.831571578979, 0.75982862711], "max": [-4.80204820633, -4.47126674652, -5.27856445312, -5.85977602005, -5.39358520508, -7.410473346