{"lowlevel": {"average_loudness": 0.0432217791677, "barkbands_crest": {"dmean": 3.44255232811, "dmean2": 5.97308111191, "dvar": 6.93706941605, "dvar2": 20.111448288, "max": 26.6285572052, "mean": 17.0706310272, "median": 16.6719760895, "min": 2.93750762939, "var": 11.2999401093}, "barkbands_flatness_db": {"dmean": 0.0600184202194, "dmean2": 0.105207286775, "dvar": 0.00217836000957, "dvar2": 0.00679935747758, "max": 0.850009858608, "mean": 0.597870469093, "median": 0.611143052578, "min": 0.0301759652793, "var": 0.0101552577689}, "barkbands_kurtosis": {"dmean": 62.9753799438, "dmean2": 112.391662598, "dvar": 18685.7265625, "dvar2": 54482.9296875, "max": 5217.06152344, "mean": 80.104019165, "median": 40.8882675171, "min": -1.86391341686, "var": 16613.9511719}, "barkbands_skewness": {"dmean": 1.97241663933, "dmean2": 3.423838377, "dvar": 5.94445371628, "dvar2": 17.0107803345, "max": 50.6234741211, "mean": 2.69691634178, "median": 1.73443651199, "min": -9.72661781311, "var": 10.879357338}, "barkbands_spread": {"dmean": 0.347829669714, "dmean2": 0.613633275032, "dvar": 4.08413982391, "dvar2": 12.2544994354, "max": 103.769248962, "mean": 0.709502577782, "median": 0.324077785015, "min": 0.0244429595768, "var": 9.02910709381}, "dissonance": {"dmean": 0.0394681692123, "dmean2": 0.0686532333493, "dvar": 0.00128005864099, "dvar2": 0.00391105795279, "max": 0.500000119209, "mean": 0.408758312464, "median": 0.415399551392, "min": 0.181836113334, "var": 0.00287248683162}, "dynamic_complexity": 7.16613149643, "erbbands_crest": {"dmean": 3.95368528366, "dmean2": 6.74371528625, "dvar": 10.2981042862, "dvar2": 28.3059215546, "max": 30.7155704498, "mean": 21.7341194153, "median": 22.7251548767, "min": 2.72630357742, "var": 24.8651943207}, "erbbands_flatness_db": {"dmean": 0.0511398129165, "dmean2": 0.0883439108729, "dvar": 0.0015707348939, "dvar2": 0.00470899697393, "max": 0.577728867531, "mean": 0.38206499815, "median": 0.391571760178, "min": 0.0698952749372, "var": 0.00776999723166}, "erbbands_kurtosis": {"dmean": 72.295463562, "dmean2": 122.723701477, "dvar": 4036.45166016, "dvar2": 11284.8847656, "max": 545.69342041, "mean": 161.323165894, "median": 149.039733887, "min": -1.8927115202, "var": 12239.7197266}, "erbbands_skewness": {"dmean": 2.37120437622, "dmean2": 4.04262018204, "dvar": 3.41410946846, "dvar2": 9.82495117188, "max": 18.3178863525, "mean": 8.72777080536, "median": 8.85953140259, "min": -2.59684967995, "var": 11.9530410767}, "erbbands_spread": {"dmean": 4.59425973892, "dmean2": 7.96736621857, "dvar": 87.1457748413, "dvar2": 244.781799316, "max": 167.096221924, "mean": 8.26424789429, "median": 2.28399991989, "min": 0.350924193859, "var": 334.077941895}, "hfc": {"dmean": 6.20681524277, "dmean2": 10.6188983917, "dvar": 125.572647095, "dvar2": 349.4375, "max": 185.570327759, "mean": 8.64677715302, "median": 2.98314619064, "min": 4.76083954482e-07, "var": 206.104049683}, "melbands_crest": {"dmean": 3.91324806213, "dmean2": 6.72652006149, "dvar": 9.37367248535, "dvar2": 26.2989826202, "max": 39.3023643494, "mean": 25.6069278717, "median": 25.9412879944, "min": 1.95713865757, "var": 19.4401378632}, "melbands_flatness_db": {"dmean": 0.0654979869723, "dmean2": 0.115098446608, "dvar": 0.00258299941197, "dvar2": 0.00810750387609, "max": 1, "mean": 0.755062520504, "median": 0.77242577076, "min": 0.0108337895945, "var": 0.0152795836329}, "melbands_kurtosis": {"dmean": 54.1187438965, "dmean2": 94.6421051025, "dvar": 15930.3886719, "dvar2": 45573.8828125, "max": 6447.35107422, "mean": 82.1483154297, "median": 29.6118717194, "min": -1.67191886902, "var": 20766.7226562}, "melbands_skewness": {"dmean": 1.28954529762, "dmean2": 2.22373127937, "dvar": 3.70227313042, "dvar2": 10.4889373779, "max": 43.2666969299, "mean": 2.19053149223, "median": 0.997477054596, "min": -1.37689697742, "var": 10.6474208832}, "melbands_spread": {"dmean": 0.273707181215, "dmean2": 0.475673675537, "dvar": 5.22720241547, "dvar2": 14.1084251404, "max": 230.87890625, "mean": 1.2400084734, "median": 0.308293581009, "min": 0.0309124961495, "var": 88.0647125244}, "pitch_salience": {"dmean": 0.105699628592, "dmean2": 0.181394279003, "dvar": 0.00666082603857, "dvar2": 0.0189438723028, "max": 0.922732055187, "mean": 0.259344756603, "median": 0.241143912077, "min": 0.0243231412023, "var": 0.015430749394}, "silence_rate_20dB": {"dmean": 0.0476379953325, "dmean2": 0.095277801156, "dvar": 0.0453329570591, "dvar2": 0.10738196224, "max": 1, "mean": 0.943229615688, "median": 1, "min": 0, "var": 0.053513109684}, "silence_rate_30dB": {"dmean": 0.102362953126, "dmean2": 0.204729780555, "dvar": 0.091780424118, "dvar2": 0.213093191385, "max": 1, "mean": 0.69628983736, "median": 1, "min": 0, "var": 0.211260557175}, "silence_rate_60dB": {"dmean": 0.0350558049977, "dmean2": 0.0700939893723, "dvar": 0.0338235087693, "dvar2": 0.0848015919328, "max": 1, "mean": 0.0785803645849, "median": 0, "min": 0, "var": 0.0724124833941}, "spectral_centroid": {"dmean": 26.7211971283, "dmean2": 45.8119773865, "dvar": 12707.0576172, "dvar2": 35620.1523438, "max": 4695.10351562, "mean": 172.246887207, "median": 105.988388062, "min": 62.8819465637, "var": 170592.53125}, "spectral_complexity": {"dmean": 0.386561304331, "dmean2": 0.729041934013, "dvar": 0.45469558239, "dvar2": 1.11268174648, "max": 46, "mean": 1.50644254684, "median": 1, "min": 0, "var": 4.78669261932}, "spectral_decrease": {"dmean": 1.7433375632e-08, "dmean2": 2.99106375223e-08, "dvar": 9.44497640363e-16, "dvar2": 2.64977592175e-15, "max": 1.00434051809e-14, "mean": -2.43671713918e-08, "median": -9.73280478433e-09, "min": -5.06738672357e-07, "var": 1.42575793819e-15}, "spectral_energy": {"dmean": 0.0663552433252, "dmean2": 0.113843679428, "dvar": 0.0136877615005, "dvar2": 0.0383986271918, "max": 1.9293782711, "mean": 0.0927505940199, "median": 0.0370108373463, "min": 4.26347256111e-11, "var": 0.0206639822572}, "spectral_energyband_high": {"dmean": 8.23469179068e-07, "dmean2": 1.35080108521e-06, "dvar": 1.31440733298e-10, "dvar2": 2.80938772246e-10, "max": 0.00109507050365, "mean": 2.21235200115e-06, "median": 8.1014098896e-07, "min": 3.02636804506e-11, "var": 6.22434215281e-10}, "spectral_energyband_low": {"dmean": 0.0661154016852, "dmean2": 0.113425880671, "dvar": 0.0136825172231, "dvar2": 0.0383901819587, "max": 1.91166841984, "mean": 0.0914194732904, "median": 0.0355459004641, "min": 9.67265764013e-13, "var": 0.0205741096288}, "spectral_energyband_middle_high": {"dmean": 2.64405116468e-05, "dmean2": 4.36853079009e-05, "dvar": 2.72057434358e-07, "dvar2": 7.7002658827e-07, "max": 0.0444238036871, "mean": 9.24416672206e-05, "median": 5.64564857086e-07, "min": 5.39362565027e-12, "var": 2.29482407121e-06}, "spectral_energyband_middle_low": {"dmean": 0.000806715746876, "dmean2": 0.00141116464511, "dvar": 1.11729177661e-05, "dvar2": 2.95174304483e-05, "max": 0.25994771719, "mean": 0.00130299851298, "median": 0.000291206932161, "min": 8.83739696006e-13, "var": 7.7761374996e-05}, "spectral_entropy": {"dmean": 0.460403233767, "dmean2": 0.77924823761, "dvar": 0.128509297967, "dvar2": 0.361145466566, "max": 9.17339992523, "mean": 4.18433952332, "median": 3.99618721008, "min": 2.50214624405, "var": 0.977208852768}, "spectral_flux": {"dmean": 0.0633326619864, "dmean2": 0.107283741236, "dvar": 0.00579245574772, "dvar2": 0.0158314537257, "max": 1.06386601925, "mean": 0.141565173864, "median": 0.107795387506, "min": 0.000112015208288, "var": 0.0137225091457}, "spectral_kurtosis": {"dmean": 28.602148056, "dmean2": 49.16822052, "dvar": 1268.43981934, "dvar2": 3856.39453125, "max": 623.992919922, "mean": 63.1988639832, "median": 48.811466217, "min": 0.579592227936, "var": 2804.00073242}, "spectral_rms": {"dmean": 0.00284952041693, "dmean2": 0.00480737490579, "dvar": 1.05496383185e-05, "dvar2": 2.96332273138e-05, "max": 0.0433857142925, "mean": 0.00755243282765, "median": 0.00600900454447, "min": 2.0394816147e-07, "var": 3.34480137099e-05}, "spectral_rolloff": {"dmean": 19.1994762421, "dmean2": 36.1018829346, "dvar": 50921.7382812, "dvar2": 122518.492188, "max": 19896.6796875, "mean": 226.359130859, "median": 107.666015625, "min": 21.533203125, "var": 2171815.5}, "spectral_skewness": {"dmean": 1.34601795673, "dmean2": 2.25188493729, "dvar": 1.60452985764, "dvar2": 4.69987392426, "max": 21.5981674194, "mean": 6.20932340622, "median": 5.91933488846, "min": 0.413893759251, "var": 8.15663337708}, "spectral_spread": {"dmean": 908926.125, "dmean2": 1631695.125, "dvar": 575909658624, "dvar2": 1820993257470.0, "max": 21472590, "mean": 2362554.5, "median": 2086665.875, "min": 175335.984375, "var": 2403314696190.0}, "spectral_strongpeak": {"dmean": 0.37011924386, "dmean2": 0.605258703232, "dvar": 0.19547624886, "dvar2": 0.503514766693, "max": 6.37353944778, "mean": 0.661576867104, "median": 0.41894865036, "min": 0, "var": 0.474238395691}, "zerocrossingrate": {"dmean": 0.00118438247591, "dmean2": 0.00176142842975, "dvar": 2.72100896836e-05, "dvar2": 3.59409459634e-05, "max": 0.7578125, "mean": 0.00960491225123, "median": 0.00439453125, "min": 0.0009765625, "var": 0.00298532447778}, "barkbands": {"dmean": [0.00232908129692, 0.041027776897, 0.0325233601034, 0.000705796352122, 0.00013355469855, 2.58320178546e-05, 6.32389492239e-05, 6.51957743685e-05, 2.1485331672e-05, 1.9078150217e-05, 9.56906205829e-06, 7.01563658367e-06, 5.36834113518e-06, 2.42757437263e-06, 3.16168029713e-06, 1.82389248948e-06, 2.53255848293e-06, 1.18550588013e-06, 7.10887718469e-07, 4.1186970634e-07, 2.33302785091e-07, 2.13758880818e-07, 3.4923314729e-07, 3.22571303002e-08, 1.46911878218e-08, 9.14899356275e-09, 9.59637525e-09], "dmean2": [0.00403250660747, 0.0718980804086, 0.05530372262, 0.00123019260354, 0.000234447201365, 4.47683996754e-05, 0.000106190338556, 0.000120042932394, 3.76254429284e-05, 3.28223468387e-05, 1.705134855e-05, 1.17348890853e-05, 9.25407221075e-06, 4.24337576987e-06, 5.26855546923e-06, 3.13973782795e-06, 4.41393831352e-06, 1.96333280655e-06, 1.16477360734e-06, 6.71053385304e-07, 3.85941746117e-07, 3.61157162843e-07, 5.87427507526e-07, 5.27050190158e-08, 2.35461641296e-08, 1.59869024685e-08, 1.70260072707e-08], "dvar": [1.98551497306e-05, 0.00525864260271, 0.00376905035228, 3.70512429981e-06, 2.89544323095e-06, 1.09769153767e-07, 1.9157441784e-06, 2.37572839978e-06, 1.9996413414e-07, 1.49293370555e-07, 3.7876382919e-08, 1.98878939983e-08, 1.31119932689e-08, 2.56640553253e-09, 5.29014876349e-09, 1.61513169505e-09, 2.99908808898e-09, 6.3687144447e-10, 1.85370788164e-10, 6.1949924357e-11, 2.69660405117e-11, 4.13023565002e-12, 1.70675485463e-12, 3.86890931618e-13, 8.72596198315e-14, 2.16327234175e-14, 7.23754416858e-15], "dvar2": [5.44592512597e-05, 0.0153058804572, 0.0103876627982, 9.1654355856e-06, 8.90237424755e-06, 3.12623171794e-07, 4.86060162075e-06, 7.28156101104e-06, 5.94380026087e-07, 4.20125957135e-07, 1.16096387615e-07, 5.68195268613e-08, 3.75548516729e-08, 7.60307106162e-09, 1.40963258843e-08, 4.65305438624e-09, 8.81475337167e-09, 1.75439118788e-09, 4.90619267435e-10, 1.57427168523e-10, 6.13011169603e-11, 9.92152714152e-12, 4.02504678892e-12, 9.3427143192e-13, 1.62317547099e-13, 4.93776704637e-14, 2.03871258932e-14], "max": [0.193420007825, 1.20282828808, 1.07662475109, 0.115822941065, 0.106079861522, 0.0242855306715, 0.127549916506, 0.12100739032, 0.0309686865658, 0.0272189751267, 0.0118946619332, 0.00821947772056, 0.00908441655338, 0.00315745989792, 0.00772387161851, 0.00314284535125, 0.00408962601796, 0.00169628462754, 0.00101757876109, 0.000646533851977, 0.000436794187408, 0.000196906519704, 0.000124621539726, 5.62627683394e-05, 3.45591615769e-05, 2.12975828617e-05, 1.43477655001e-05], "mean": [0.00256573944353, 0.0501603893936, 0.0386304929852, 0.000806299503893, 0.000214179075556, 3.8307352952e-05, 0.000115725255455, 8.83122120285e-05, 3.29231515934e-05, 3.36381453963e-05, 1.75813638634e-05, 1.33519806695e-05, 9.24694086279e-06, 4.09027461501e-06, 6.36450431557e-06, 3.21673837789e-06, 3.96997938878e-06, 2.71507610705e-06, 1.43505451433e-06, 8.72780276495e-07, 5.29941758032e-07, 4.0637715415e-07, 7.1541444413e-07, 7.72144161942e-08, 2.81183378803e-08, 2.7815099557e-08, 5.22191037078e-08], "median": [0.00101839751005, 0.0187882743776, 0.0100729465485, 0.00021244904201, 3.08542148559e-05, 4.90347656523e-06, 5.6301234963e-07, 1.93690425476e-07, 1.16423109375e-07, 6.64376500481e-08, 4.69121133051e-08, 4.55075337413e-08, 3.45684760816e-08, 4.47582486629e-08, 8.00559547542e-08, 5.11039601747e-08, 6.66100463675e-09, 1.95374028067e-08, 9.40096427371e-08, 7.94333772092e-08, 4.38345137965e-09, 1.34784727379e-07, 5.48467937733e-07, 1.24865318085e-09, 1.38611833123e-09, 3.59286467244e-09, 4.24879580407e-08], "min": [9.45022272242e-13, 8.35298898192e-14, 2.89811916327e-14, 2.29574456776e-14, 1.23968733499e-13, 2.22599093021e-13, 8.4980193184e-14, 1.60698386022e-13, 1.93805719086e-13, 1.30960062131e-13, 1.80719137978e-14, 1.43001577376e-13, 5.64719440915e-13, 5.8095661528e-13, 6.8100830964e-13, 3.03593332114e-13, 4.60365849175e-13, 3.2957967952e-13, 1.99200356731e-12, 7.61842086812e-13, 1.43044690676e-12, 2.05188015016e-12, 3.33650620153e-12, 2.76535283388e-12, 4.48267378078e-12, 6.77081654632e-12, 9.92513363163e-12], "var": [2.40597764787e-05, 0.00671085482463, 0.00500657362863, 7.02471197656e-06, 6.58653425489e-06, 2.15018616245e-07, 5.63386220165e-06, 3.2020298022e-06, 3.56953250957e-07, 3.80998244509e-07, 9.6172023234e-08, 5.55850228068e-08, 2.85183823223e-08, 5.37169464465e-09, 1.36664688455e-08, 3.31745697579e-09, 5.41891509442e-09, 2.22974749775e-09, 5.7387145036e-10, 2.01208216755e-10, 9.19801249055e-11, 1.97251000256e-11, 8.06649712304e-12, 1.64151504889e-12, 2.50788457926e-13, 1.4625866978e-13, 2.17835291634e-14]}, "erbbands": {"dmean": [0.602563083172, 11.3867807388, 41.2016525269, 11.835682869, 1.0044273138, 0.384665995836, 0.39106079936, 0.15539316833, 0.712656080723, 1.22956109047, 0.839225769043, 0.530577242374, 0.384662032127, 0.705082297325, 0.380826979876, 0.243904814124, 0.257145315409, 0.134855523705, 0.126514941454, 0.138641178608, 0.128428354859, 0.101130537689, 0.0779327452183, 0.0414026118815, 0.0308365095407, 0.0162860937417, 0.0142763331532, 0.00629696575925, 0.00652347272262, 0.01149743516, 0.0103949615732, 0.00121411809232, 0.000372343463823, 0.000191499420907, 0.000106145467726, 5.59588443139e-05, 2.57235387835e-05, 5.41634426554e-06, 2.94231194857e-05, 7.17121220077e-05], "dmean2": [1.05911660194, 19.9096031189, 70.0114593506, 20.3755607605, 1.7434899807, 0.671597838402, 0.683730781078, 0.269868671894, 1.21680653095, 2.11276912689, 1.50249671936, 0.942857682705, 0.637079596519, 1.20414674282, 0.667267560959, 0.408868044615, 0.443118482828, 0.23181630671, 0.223476678133, 0.232337966561, 0.216354325414, 0.174453794956, 0.133009746671, 0.068436332047, 0.0537295341492, 0.0257765781134, 0.0236538965255, 0.0100212665275, 0.0107950661331, 0.0195693336427, 0.0176017172635, 0.00199245428666, 0.000605957116932, 0.000306343834382, 0.0001619579416, 9.03393738554e-05, 4.15732101828e-05, 9.29284760787e-06, 5.02992334077e-05, 0.000123014731798], "dvar": [1.04242026806, 424.713134766, 5963.88964844, 502.875946045, 35.020149231, 20.6917152405, 35.4203338623, 3.27335381508, 254.887191772, 722.318054199, 331.320556641, 129.710342407, 58.330291748, 221.607788086, 65.9194030762, 24.9541416168, 31.644618988, 8.06431007385, 7.71364450455, 10.3120193481, 7.49705266953, 4.95176172256, 2.7388753891, 0.705204069614, 0.378751069307, 0.0931298956275, 0.10750298202, 0.0184748936445, 0.00587951811031, 0.00303633674048, 0.00119810714386, 0.000328260386596, 5.80737068958e-05, 1.60900217452e-05, 3.68198038814e-06, 6.14557222889e-07, 6.48756284249e-08, 5.18508658232e-09, 2.7831865701e-09, 1.59879718353e-08], "dvar2": [3.066385746, 1226.71142578, 16317.6542969, 1414.27563477, 104.287124634, 63.3041572571, 103.146072388, 9.10510921478, 647.210876465, 2068.43041992, 1002.71972656, 390.794677734, 162.810943604, 630.506774902, 195.946395874, 69.4907608032, 89.7663040161, 23.4650154114, 22.3921146393, 27.0233345032, 21.2151889801, 13.9437150955, 7.69350814819, 1.84541487694, 1.07018876076, 0.222273156047, 0.253404825926, 0.0438918285072, 0.0136219095439, 0.00746202887967, 0.00283786002547, 0.00079421675764, 0.0001410752011, 3.32647578034e-05, 6.4786454459e-06, 1.32030299937e-06, 1.6470697517e-07, 1.39567539748e-08, 7.73029462664e-09, 4.48337793557e-08], "max": [31.8525676727, 343.664093018, 1322.99609375, 512.237060547, 365.490997314, 334.930328369, 389.70980835, 142.761108398, 1776.03723145, 1875.01086426, 1667.90808105, 809.663452148, 662.338745117, 979.871032715, 637.93182373, 321.45489502, 477.41519165, 223.269958496, 259.008270264, 321.018951416, 201.553039551, 190.867401123, 117.086387634, 60.7276115417, 43.0909309387, 25.9693546295, 26.8950309753, 11.235408783, 7.52766656876, 4.63333272934, 3.5715842247, 1.66720080376, 0.692929208279, 0.40668118, 0.244271486998, 0.0993536412716, 0.0349653549492, 0.0119770718738, 0.00232232594863, 0.00208758725785], "mean": [0.760900080204, 13.6805210114, 50.3309288025, 14.8608856201, 1.6135904789, 0.638032436371, 0.51936686039, 0.2663641572, 1.19880998135, 2.30907487869, 1.25930643082, 0.787422001362, 0.788450539112, 1.20830118656, 0.758715212345, 0.500236868858, 0.462765157223, 0.273365616798, 0.251701772213, 0.275681555271, 0.227160662413, 0.191210106015, 0.177897140384, 0.0933870449662, 0.0620326288044, 0.0360480770469, 0.0285916887224, 0.0150633063167, 0.013221022673, 0.0230108834803, 0.0195684749633, 0.00294194137678, 0.000822590256575, 0.000373452989152, 0.000244771857979, 0.000157509930432, 7.27498845663e-05, 2.10511716432e-05, 4.80718117615e-05, 0.000101137971797], "median": [0.358583211899, 4.50832748413, 13.6090011597, 4.59252262115, 0.502229690552, 0.131250143051, 0.0668621733785, 0.0365270078182, 0.014005006291, 0.00682371016592, 0.00423161219805, 0.00294399401173, 0.00226813461632, 0.00213600276038, 0.00201366888359, 0.00187713978812, 0.00166960118804, 0.00204632431269, 0.00352438725531, 0.00419833511114, 0.00204007606953, 0.000477594265249, 0.000846334150992, 0.00305110076442, 0.00556687358767, 0.00368598569185, 0.00053638976533, 0.000348880013917, 0.00278449454345, 0.0159707590938, 0.0145003115758, 0.000622377556283, 6.97904033586e-05, 4.22874327342e-05, 3.19904575008e-05, 2.3669710572e-05, 1.80098159035e-05, 1.01802706922e-05, 2.18804325414e-05, 4.07594925491e-05], "min": [2.54156157925e-11, 1.5103179124e-11, 5.02953338699e-11, 1.34213348768e-10, 2.30366781206e-10, 4.19315582256e-10, 1.1916539977e-09, 1.91328197729e-09, 1.20449072938e-09, 2.13938644578e-09, 4.38289582405e-09, 4.30115409955e-09, 4.16296064287e-09, 2.20397122774e-09, 1.10324316349e-09, 9.88803439128e-09, 2.35300881002e-08, 1.70360401341e-08, 5.12478557368e-08, 2.1176086662e-08, 1.58626587421e-08, 2.73280189589e-08, 2.51659475481e-08, 5.27552259655e-08, 9.46176825778e-08, 4.30908428939e-08, 4.0814853719e-08, 7.36986933703e-08, 6.17347808429e-08, 7.42380024121e-08, 1.0051760313e-07, 5.03366628379e-08, 5.57867281259e-08, 4.68026257749e-08, 3.50050690656e-08, 2.34463808368e-08, 1.44563845339e-08, 5.60140245298e-09, 1.40244105218e-09, 1.31373023571e-10], "var": [1.31204688549, 543.00402832, 8240.89160156, 676.862121582, 81.3142929077, 47.5580482483, 47.7825698853, 9.87690162659, 671.737243652, 1883.11157227, 567.392089844, 209.925018311, 189.96307373, 503.163970947, 178.278167725, 76.1860427856, 70.8715209961, 22.6282310486, 19.8848056793, 26.3648490906, 16.4269790649, 11.7653245926, 9.65791225433, 2.50844311714, 1.02656006813, 0.332984089851, 0.277308881283, 0.0687828958035, 0.0283355508, 0.0140305487439, 0.00606507388875, 0.00153990753461, 0.000166120167705, 3.73601724277e-05, 1.22535966511e-05, 3.50020241058e-06, 4.30389235362e-07, 2.47566198652e-08, 4.8578403522e-09, 2.41826256797e-08]}, "gfcc": {"mean": [-321.918945312, 145.904571533, 20.0279445648, 81.1444625854, 4.38347196579, 19.7442874908, 6.66159820557, -19.1518363953, 11.7284164429, -17.896982193, -1.78194832802, -9.87378501892, -23.7198696136], "cov": [[3681.24853516, 1482.50292969, 989.571228027, 1.01389634609, 60.2623176575, -104.179450989, -144.268508911, 37.9435310364, -153.881149292, -14.7027187347, -56.3614730835, -136.584152222, 47.2222061157], [1482.50292969, 980.3046875, 680.092041016, 85.4335098267, 59.6779022217, -97.1566772461, -85.7212295532, -46.0105400085, -51.1809654236, -20.3952465057, 18.9245223999, -70.7586746216, 6.83360671997], [989.571228027, 680.092041016, 932.211486816, 84.0647201538, 169.0340271, -7.26596212387, -14.2452783585, -0.637335479259, -33.0606613159, -11.4578227997, 15.4857845306, -91.1531295776, 34.2811393738], [1.01389634609, 85.4335098267, 84.0647201538, 218.988510132, 83.891960144, 67.6447525024, 66.2486801147, -44.7678184509, 33.0140686035, -31.1969661713, -16.3895130157, -9.00396156311, -28.1154079437], [60.2623176575, 59.6779022217, 169.0340271, 83.891960144, 196.549118042, 74.3293457031, 53.5480804443, 47.4782524109, -9.41719722748, -18.8490123749, -5.46236658096, -41.1499519348, 4.08603382111], [-104.179450989, -97.1566772461, -7.26596212387, 67.6447525024, 74.3293457031, 118.652641296, 70.0484848022, 13.6494693756, 30.8790512085, -20.7075271606, -15.1866512299, -8.17142486572, -18.027425766], [-144.268508911, -85.7212295532, -14.2452783585, 66.2486801147, 53.5480804443, 70.0484848022, 98.2904968262, 18.3687572479, 22.1981315613, 9.37403392792, -12.6185855865, -7.42191457748, -3.74244999886], [37.9435310364, -46.0105400085, -0.637335479259, -44.7678184509, 47.4782524109, 13.6494693756, 18.3687572479, 79.6855621338, -0.348876416683, 6.50411367416, 9.96960449219, -8.48489952087, 12.1504507065], [-153.881149292, -51.1809654236, -33.0606613159, 33.0140686035, -9.41719722748, 30.8790512085, 22.1981315613, -0.348876416683, 67.792755127, 7.78785133362, 11.2100982666, 24.227689743, -9.63957977295], [-14.7027187347, -20.3952465057, -11.4578227997, -31.1969661713, -18.8490123749, -20.7075271606, 9.37403392792, 6.50411367416, 7.78785133362, 56.6359596252, 16.1058654785, 9.88779830933, 27.7842998505], [-56.3614730835, 18.9245223999, 15.4857845306, -16.3895130157, -5.46236658096, -15.1866512299, -12.6185855865, 9.96960449219, 11.2100982666, 16.1058654785, 56.8188285828, 18.5512218475, 5.42542123795], [-136.584152222, -70.7586746216, -91.1531295776, -9.00396156311, -41.1499519348, -8.17142486572, -7.42191457748, -8.48489952087, 24.227689743, 9.88779830933, 18.5512218475, 55.5648918152, 11.8990402222], [47.2222061157, 6.83360671997, 34.2811393738, -28.1154079437, 4.08603382111, -18.027425766, -3.74244999886, 12.1504507065, -9.63957977295, 27.7842998505, 5.42542123795, 11.8990402222, 50.6096992493]], "icov": [[0.00153529341333, -0.00269392761402, -0.000113827889436, -0.00133012689184, 0.00255365809426, -0.00405394285917, 0.0030748846475, -0.00492271175608, 0.00357912993059, -0.00338744465262, 0.00340918824077, -0.00131067342591, 0.000512495229486], [-0.00269392761402, 0.00764600280672, -0.00178062985651, 0.000321411906043, -0.00370502169244, 0.00874629803002, -0.00334085593931, 0.00797101482749, -0.00538684055209, 0.00543429236859, -0.00627003517002, 0.00301866000518, 7.27780643501e-05], [-0.000113827889436, -0.00178062985651, 0.00321471551433, 0.00122276041657, -0.00210289331153, 9.81021657935e-05, -0.00118819496129, 0.00226733274758, -0.00233352743089, 0.00197443342768, -0.00181101856288, 0.00364737492055, -0.00377090601251], [-0.00133012689184, 0.000321411906043, 0.00122276041657, 0.0171965342015, -0.0107778031379, 0.00712876673788, -0.0148278428242, 0.0185772050172, -0.0110698118806, 0.0114805195481, -0.00348235550337, -0.000149988554767, -0.000226944510359], [0.00255365809426, -0.00370502169244, -0.00210289331153, -0.0107778031379, 0.020618069917, -0.0148816490546, 0.00898014288396, -0.0203853882849, 0.0126568535343, -0.00659259548411, 0.00360388681293, 0.00258453097194, -0.00281678535976], [-0.00405394285917, 0.00874629803002, 9.81021657935e-05, 0.00712876673788, -0.0148816490546, 0.0365259237587, -0.0227558016777, 0.0187232922763, -0.0199786685407, 0.0207966547459, -0.00829116255045, 0.00462874723598, -0.000892164942343], [0.0030748846475, -0.00334085593931, -0.00118819496129, -0.0148278428242, 0.00898014288396, -0.0227558016777, 0.0383355095983, -0.0224310476333, 0.0123381782323, -0.0251412708312, 0.0123612461612, -0.00212348205969, 0.00486533949152], [-0.00492271175608, 0.00797101482749, 0.00226733274758, 0.0185772050172, -0.0203853882849, 0.0187232922763, -0.0224310476333, 0.046609532088, -0.0209197308868, 0.0206628087908, -0.016939336434, 0.00935918651521, -0.00794507097453], [0.00357912993059, -0.00538684055209, -0.00233352743089, -0.0110698118806, 0.0126568535343, -0.0199786685407, 0.0123381782323, -0.0209197308868, 0.0389675572515, -0.0212069172412, 0.00784464273602, -0.0174000523984, 0.0129298008978], [-0.00338744465262, 0.00543429236859, 0.00197443342768, 0.0114805195481, -0.00659259548411, 0.0207966547459, -0.0251412708312, 0.0206628087908, -0.0212069172412, 0.0505302846432, -0.0188839398324, 0.0134351672605, -0.0243267770857], [0.00340918824077, -0.00627003517002, -0.00181101856288, -0.00348235550337, 0.00360388681293, -0.00829116255045, 0.0123612461612, -0.016939336434, 0.00784464273602, -0.0188839398324, 0.0345842577517, -0.0165309384465, 0.0107348142192], [-0.00131067342591, 0.00301866000518, 0.00364737492055, -0.000149988554767, 0.00258453097194, 0.00462874723598, -0.00212348205969, 0.00935918651521, -0.0174000523984, 0.0134351672605, -0.0165309384465, 0.0437237881124, -0.0219003427774], [0.000512495229486, 7.27780643501e-05, -0.00377090601251, -0.000226944510359, -0.00281678535976, -0.000892164942343, 0.00486533949152, -0.00794507097453, 0.0129298008978, -0.0243267770857, 0.0107348142192, -0.0219003427774, 0.0436923131347]]}, "melbands": {"dmean": [0.00809098128229, 0.0190325882286, 0.00205286405981, 3.58257457265e-05, 1.32410796141e-05, 3.55331940227e-06, 1.23416048154e-05, 1.47344162542e-05, 5.81606036576e-06, 3.3954695482e-06, 1.95022244043e-06, 2.99309476759e-06, 1.27955354401e-06, 9.02867327568e-07, 4.81180734369e-07, 5.33278523562e-07, 2.69411742693e-07, 1.96694145416e-07, 2.50593700457e-07, 1.37146159318e-07, 1.74865434133e-07, 1.18228051349e-07, 1.00022603533e-07, 5.04809953839e-08, 3.68394026395e-08, 2.66276316552e-08, 2.00098959624e-08, 1.10119762198e-08, 1.09403943682e-08, 6.73082478642e-09, 3.2821747542e-09, 3.56386853362e-09, 5.4991349252e-09, 8.01414401508e-09, 8.50861248125e-09, 1.42723355356e-09, 5.82113690584e-10, 2.91441093481e-10, 1.93390081726e-10, 1.48262402355e-10], "dmean2": [0.0141889052466, 0.0325420312583, 0.00352626526728, 6.36439872324e-05, 2.31338763115e-05, 6.24082986178e-06, 2.11728583963e-05, 2.59359221673e-05, 1.02873273136e-05, 5.98847509536e-06, 3.21745187648e-06, 5.12056931257e-06, 2.26584302254e-06, 1.52519237417e-06, 8.06084983651e-07, 9.21083255889e-07, 4.68081282179e-07, 3.44939735442e-07, 4.14876183186e-07, 2.28563564519e-07, 3.00493553596e-07, 2.03568177426e-07, 1.74026766331e-07, 8.60413678083e-08, 5.98514660055e-08, 4.608236992e-08, 3.34821876891e-08, 1.75130647762e-08, 1.82336066246e-08, 1.10287405874e-08, 5.5534457033e-09, 5.94587978853e-09, 9.25476761893e-09, 1.36882860602e-08, 1.44666465474e-08, 2.44375453207e-09, 9.59424539815e-10, 4.7843506934e-10, 3.32168265116e-10, 2.45409081945e-10], "dvar": [0.000187872661627, 0.00123360648286, 1.50642163135e-05, 1.89968119457e-07, 3.64535885922e-08, 1.7300965105e-09, 7.54214042331e-08, 1.10326290326e-07, 1.50680339317e-08, 5.09455366782e-09, 1.51198709109e-09, 4.00341093609e-09, 6.79511003021e-10, 3.46344342095e-10, 1.01587030454e-10, 1.35298341974e-10, 3.12540895941e-11, 1.71408772592e-11, 3.34919349199e-11, 9.48892700525e-12, 1.42743551354e-11, 6.92366520019e-12, 4.49904393254e-12, 1.14142159266e-12, 5.24132549428e-13, 2.98651755453e-13, 1.4649666571e-13, 4.09415983917e-14, 6.23184433202e-14, 2.07022526427e-14, 4.9958104873e-15, 2.2582379065e-15, 1.56147739206e-15, 9.3111409628e-16, 5.83240311821e-16, 2.70079658075e-16, 1.2561477432e-16, 3.31673088203e-17, 2.04320824316e-17, 9.47690984353e-18], "dvar2": [0.000551089819055, 0.00341680715792, 4.2275962187e-05, 6.08006587299e-07, 1.05312565779e-07, 4.93839591442e-09, 1.94931061515e-07, 3.27990051119e-07, 4.5468315335e-08, 1.53533203928e-08, 4.19480805647e-09, 1.13525748802e-08, 2.05975436707e-09, 9.82333658861e-10, 2.68153943495e-10, 3.94294319417e-10, 9.17031728331e-11, 5.08094608054e-11, 8.85155421182e-11, 2.53138482398e-11, 4.08935246776e-11, 1.94196395076e-11, 1.29596351012e-11, 3.17451815703e-12, 1.39283788496e-12, 8.44878745958e-13, 4.05992215758e-13, 9.68698320343e-14, 1.49343035226e-13, 5.05727052033e-14, 1.29756604495e-14, 5.6535845104e-15, 3.81354011073e-15, 2.31173544866e-15, 1.44409069579e-15, 7.16296376461e-16, 3.14255576178e-16, 8.18504282021e-17, 5.08753299848e-17, 1.90353929303e-17], "max": [0.216607943177, 0.582354307175, 0.0858521163464, 0.0254938658327, 0.0127914678305, 0.00305437808856, 0.0276549011469, 0.0250169690698, 0.0107308430597, 0.00473861722276, 0.00333579909056, 0.00424860138446, 0.00185938633513, 0.00121809460688, 0.000829680764582, 0.00096504035173, 0.000363403290976, 0.000330959592247, 0.000564208254218, 0.000256546889432, 0.000268910313025, 0.000211868711631, 0.000158372844453, 7.69798280089e-05, 4.77096364193e-05, 4.20427386416e-05, 2.90665648208e-05, 1.65865858435e-05, 1.99367623281e-05, 1.29685140564e-05, 6.17956220594e-06, 4.48281480203e-06, 3.49788342646e-06, 2.72590227723e-06, 2.1470093543e-06, 1.5002441387e-06, 8.72421480835e-07, 5.50746221961e-07, 3.67459250583e-07, 3.3271879829e-07], "mean": [0.0103709390387, 0.0242222752422, 0.00256683770567, 5.41768822586e-05, 1.81973136932e-05, 5.7292531892e-06, 2.08132587431e-05, 2.54141923506e-05, 8.68069673743e-06, 4.8808738029e-06, 3.86092597182e-06, 4.97258633914e-06, 2.4818550628e-06, 1.73791306679e-06, 9.40133077165e-07, 9.33576018269e-07, 4.58770131218e-07, 3.4463178622e-07, 4.83726182665e-07, 2.43039238512e-07, 2.8465413493e-07, 1.98892820436e-07, 2.02115899128e-07, 1.08365817653e-07, 7.3790765498e-08, 4.82487614306e-08, 3.83140843496e-08, 2.07913970485e-08, 1.93347862165e-08, 1.3495993656e-08, 7.23712334505e-09, 6.64666588435e-09, 8.97404461853e-09, 1.4770867196e-08, 1.50303378632e-08, 2.60741095381e-09, 1.26835975056e-09, 5.50806955602e-10, 3.15255405114e-10, 2.5160834527e-10], "median": [0.00456315046176, 0.00737335532904, 0.00077836192213, 9.62706235441e-06, 2.32816955759e-06, 7.74641534917e-07, 1.74329898073e-07, 5.99009553071e-08, 2.92727371232e-08, 1.63175322143e-08, 1.04643564924e-08, 8.33507929343e-09, 6.50837206351e-09, 5.37590150174e-09, 4.09890166253e-09, 3.33493455074e-09, 3.69256980548e-09, 5.22426324423e-09, 6.18779782968e-09, 4.67915928226e-09, 1.73130332293e-09, 3.8937469915e-10, 4.21468859813e-10, 9.56845602751e-10, 2.43487630058e-09, 3.9095606752e-09, 3.9508987193e-09, 1.99412752977e-09, 3.13443548894e-10, 7.23243548384e-11, 1.07999401089e-10, 5.72218661343e-10, 3.93470767079e-09, 1.0922024174e-08, 1.1758816143e-08, 4.9494908172e-10, 1.52873685932e-11, 1.5170774359e-11, 1.49790388426e-11, 1.34867030738e-11], "min": [2.19384081214e-13, 2.18861675338e-14, 2.57558731287e-14, 2.23271261099e-14, 3.73085283912e-14, 4.23834720846e-14, 1.82499685936e-14, 2.50854126696e-14, 3.98917823687e-14, 2.46972886207e-14, 2.07372943958e-14, 9.83995040803e-15, 2.73734112905e-15, 7.79893050097e-15, 6.27394254713e-14, 3.77029408128e-14, 3.05191154737e-14, 9.11265691812e-14, 4.04273951826e-14, 2.42528487392e-14, 1.46305019423e-14, 2.57919702848e-14, 3.08050094222e-14, 1.34212446725e-14, 4.08298815222e-14, 9.20421101532e-14, 3.13599176466e-14, 3.05835543522e-14, 1.79149772274e-14, 4.64238768413e-14, 3.91965038443e-14, 3.41705762535e-14, 4.20777677295e-14, 4.25608678888e-14, 6.40234867617e-14, 4.33158757886e-14, 2.74731765251e-14, 3.31380668077e-14, 4.77189360075e-14, 3.74116698992e-14], "var": [0.000246675277594, 0.0017533620121, 2.0346362362e-05, 3.74797707536e-07, 5.4839315311e-08, 4.40495462328e-09, 1.96058067559e-07, 2.33635589098e-07, 2.65896957785e-08, 8.14869416388e-09, 4.63232696646e-09, 8.71154259841e-09, 1.88374404964e-09, 9.4574026388e-10, 2.84510137671e-10, 2.89879814597e-10, 6.80633813199e-11, 3.811028923e-11, 8.1012835329e-11, 2.03729914883e-11, 2.66480552902e-11, 1.34637943155e-11, 1.29188690995e-11, 3.58077543311e-12, 1.60121601308e-12, 6.78833562712e-13, 3.82291827318e-13, 1.18410625272e-13, 1.34539677576e-13, 6.05292793427e-14, 1.59511042341e-14, 9.32909297908e-15, 6.23630760273e-15, 3.85920789208e-15, 2.32383976123e-15, 1.12008661742e-15, 4.61316483569e-16, 8.82403190247e-17, 3.48731670016e-17, 2.24037005088e-17]}, "mfcc": {"mean": [-985.218933105, 148.675735474, 105.541381836, 76.7294158936, 51.4848175049, 48.1979255676, 20.9177246094, 25.5005092621, 5.91020154953, 22.2852935791, 8.74832725525, -9.58686637878, 15.3960504532], "cov": [[1595.53015137, 966.12310791, 220.041183472, 77.2116928101, -63.8634681702, -83.9331741333, -85.1597976685, -60.460975647, -76.2807998657, -70.590637207, -29.5466747284, 29.1320533752, -15.3157920837], [966.12310791, 1049.41894531, 530.812988281, 222.027252197, 70.45337677, -13.7152423859, -22.1038341522, -54.3370094299, -52.3564033508, -41.2332458496, -11.1630868912, 33.5066719055, 10.7029695511], [220.041183472, 530.812988281, 464.159790039, 225.509765625, 105.784561157, 61.2397613525, 1.69921052456, 0.822147369385, -20.9299945831, -5.29117107391, 8.2926902771, -2.51956129074, 28.8102912903], [77.2116928101, 222.027252197, 225.509765625, 160.036346436, 97.8232269287, 61.2960662842, 34.3350524902, 18.2952747345, 3.46183276176, 12.4064159393, 6.66958665848, -12.0205373764, 12.8539686203], [-63.8634681702, 70.45337677, 105.784561157, 97.8232269287, 111.423324585, 82.3159103394, 59.3393669128, 36.1550292969, 27.95835495, 27.7143764496, 7.52440500259, -3.48950123787, 1.63179409504], [-83.9331741333, -13.7152423859, 61.2397613525, 61.2960662842, 82.3159103394, 110.741729736, 61.5098495483, 65.1452713013, 38.2795028687, 31.4098377228, 22.5842266083, -9.47956085205, 10.8259305954], [-85.1597976685, -22.1038341522, 1.69921052456, 34.3350524902, 59.3393669128, 61.5098495483, 94.4024581909, 54.9680252075, 41.5190620422, 35.2095031738, 14.8030395508, 7.52884721756, -2.92119073868], [-60.460975647, -54.3370094299, 0.822147369385, 18.2952747345, 36.1550292969, 65.1452713013, 54.9680252075, 82.5390090942, 46.0859718323, 33.5835990906, 24.7816028595, -1.9740588665, 8.70144462585], [-76.2807998657, -52.3564033508, -20.9299945831, 3.46183276176, 27.95835495, 38.2795028687, 41.5190620422, 46.0859718323, 58.7690925598, 33.5475082397, 17.236371994, 6.76168823242, 1.48551547527], [-70.590637207, -41.2332458496, -5.29117107391, 12.4064159393, 27.7143764496, 31.4098377228, 35.2095031738, 33.5835990906, 33.5475082397, 50.0424041748, 21.604385376, 5.09588527679, 8.87930107117], [-29.5466747284, -11.1630868912, 8.2926902771, 6.66958665848, 7.52440500259, 22.5842266083, 14.8030395508, 24.7816028595, 17.236371994, 21.604385376, 39.0627632141, 11.2487182617, 9.43622493744], [29.1320533752, 33.5066719055, -2.51956129074, -12.0205373764, -3.48950123787, -9.47956085205, 7.52884721756, -1.9740588665, 6.76168823242, 5.09588527679, 11.2487182617, 35.2863311768, 8.97906684875], [-15.3157920837, 10.7029695511, 28.8102912903, 12.8539686203, 1.63179409504, 10.8259305954, -2.92119073868, 8.70144462585, 1.48551547527, 8.87930107117, 9.43622493744, 8.97906684875, 35.379650116]], "icov": [[0.0170361045748, -0.0302876494825, 0.0430100336671, -0.0469768457115, 0.0420150011778, -0.0327107720077, 0.0289681181312, -0.0192659925669, 0.0127673838288, -0.0122129609808, 0.0182792730629, -0.020897641778, 0.0167399924248], [-0.0302876494825, 0.0569792464375, -0.0806265696883, 0.083571113646, -0.0737948715687, 0.0595405139029, -0.0524303689599, 0.0344973616302, -0.0226095188409, 0.0224086456001, -0.0314397476614, 0.0335391312838, -0.0274857282639], [0.0430100336671, -0.0806265696883, 0.124397575855, -0.137564361095, 0.111754357815, -0.0896660014987, 0.0803723856807, -0.0499279461801, 0.0338310450315, -0.0317419022322, 0.0472597740591, -0.0574059933424, 0.0413985997438], [-0.0469768457115, 0.083571113646, -0.137564361095, 0.183725774288, -0.152848273516, 0.10878431052, -0.0919114425778, 0.0540448836982, -0.0342892184854, 0.0397525504231, -0.0635168328881, 0.0854733064771, -0.0607542879879], [0.0420150011778, -0.0737948715687, 0.111754357815, -0.152848273516, 0.165925234556, -0.118066556752, 0.0700091794133, -0.0367435477674, 0.0282628163695, -0.044414550066, 0.0656666457653, -0.0762417167425, 0.0601284876466], [-0.0327107720077, 0.0595405139029, -0.0896660014987, 0.10878431052, -0.118066556752, 0.112232364714, -0.0643381103873, 0.0206778440624, -0.0260862037539, 0.0350773334503, -0.052765570581, 0.0633728578687, -0.0476918406785], [0.0289681181312, -0.0524303689599, 0.0803723856807, -0.0919114425778, 0.0700091794133, -0.0643381103873, 0.0814441367984, -0.0453574582934, 0.0221135690808, -0.0299154482782, 0.0394491814077, -0.0526764504611, 0.0401102341712], [-0.0192659925669, 0.0344973616302, -0.0499279461801, 0.0540448836982, -0.0367435477674, 0.0206778440624, -0.0453574582934, 0.0627714768052, -0.0311154667288, 0.0137806059793, -0.0281398016959, 0.0322575718164, -0.0244038309902], [0.0127673838288, -0.0226095188409, 0.0338310450315, -0.0342892184854, 0.0282628163695, -0.0260862037539, 0.0221135690808, -0.0311154667288, 0.0518705658615, -0.0253227446228, 0.0165989771485, -0.0255898777395, 0.0196772143245], [-0.0122129609808, 0.0224086456001, -0.0317419022322, 0.0397525504231, -0.044414550066, 0.0350773334503, -0.0299154482782, 0.0137806059793, -0.0253227446228, 0.0554552227259, -0.0327735058963, 0.0261618327349, -0.0259578879923], [0.0182792730629, -0.0314397476614, 0.0472597740591, -0.0635168328881, 0.0656666457653, -0.052765570581, 0.0394491814077, -0.0281398016959, 0.0165989771485, -0.0327735058963, 0.0704884827137, -0.0488163270056, 0.0264287795871], [-0.020897641778, 0.0335391312838, -0.0574059933424, 0.0854733064771, -0.0762417167425, 0.0633728578687, -0.0526764504611, 0.0322575718164, -0.0255898777395, 0.0261618327349, -0.0488163270056, 0.0899270698428, -0.046952098608], [0.0167399924248, -0.0274857282639, 0.0413985997438, -0.0607542879879, 0.0601284876466, -0.0476918406785, 0.0401102341712, -0.0244038309902, 0.0196772143245, -0.0259578879923, 0.0264287795871, -0.046952098608, 0.0638773366809]]}, "spectral_contrast_coeffs": {"dmean": [0.0713151916862, 0.041112896055, 0.0261244215071, 0.0260997992009, 0.0331795476377, 0.0419434793293], "dmean2": [0.12094283849, 0.0706579461694, 0.0451232604682, 0.0450612902641, 0.0566126853228, 0.0731275305152], "dvar": [0.00297245662659, 0.001014275942, 0.000428489496699, 0.000422949931817, 0.000689521955792, 0.00121056463104], "dvar2": [0.00844897795469, 0.00301612704061, 0.00125283852685, 0.00124379701447, 0.00205647014081, 0.00367472972721], "max": [-0.192971527576, -0.521784186363, -0.653233528137, -0.722612023354, -0.663881838322, -0.664673924446], "mean": [-0.558830797672, -0.802779078484, -0.88694614172, -0.872162818909, -0.765708804131, -0.769503414631], "median": [-0.554389297962, -0.802225708961, -0.889462709427, -0.874688506126, -0.762858510017, -0.759402155876], "min": [-0.96534216404, -0.979552686214, -0.961561918259, -0.961356937885, -0.94770270586, -0.957245647907], "var": [0.0114219980314, 0.00326657574624, 0.000663716637064, 0.00062915624585, 0.00129128829576, 0.00244839279912]}, "spectral_contrast_valleys": {"dmean": [0.379783779383, 0.344208359718, 0.351950079203, 0.360429406166, 0.436944633722, 0.488417267799], "dmean2": [0.65564507246, 0.59411996603, 0.603857815266, 0.61687374115, 0.73403441906, 0.882951796055], "dvar": [0.0900576934218, 0.0797034949064, 0.0886362418532, 0.0866833925247, 0.123325318098, 0.247178375721], "dvar2": [0.257839858532, 0.22398583591, 0.247000321746, 0.243572980165, 0.356619387865, 0.787098646164], "max": [-4.8130645752, -4.26202774048, -4.80478620529, -5.65067052841, -6.