{"lowlevel": {"average_loudness": 0.250055044889, "barkbands_crest": {"dmean": 2.03486323357, "dmean2": 3.31702780724, "dvar": 4.20046377182, "dvar2": 13.6029615402, "max": 26.117723465, "mean": 11.3295888901, "median": 10.2023239136, "min": 3.05274558067, "var": 23.0445270538}, "barkbands_flatness_db": {"dmean": 0.0149283362553, "dmean2": 0.0243210736662, "dvar": 0.000215387379285, "dvar2": 0.000686524435878, "max": 0.509040594101, "mean": 0.189005658031, "median": 0.175022870302, "min": 0.0309733785689, "var": 0.00401673000306}, "barkbands_kurtosis": {"dmean": 2.67889261246, "dmean2": 4.3937997818, "dvar": 27.9910755157, "dvar2": 78.6616592407, "max": 220.490539551, "mean": 5.73594903946, "median": 2.50668764114, "min": -1.81356012821, "var": 105.286743164}, "barkbands_skewness": {"dmean": 0.413136482239, "dmean2": 0.670198440552, "dvar": 0.205181986094, "dvar2": 0.636311709881, "max": 11.9353628159, "mean": 1.82504892349, "median": 1.53303313255, "min": -2.18915820122, "var": 1.60768032074}, "barkbands_spread": {"dmean": 2.10587525368, "dmean2": 3.39136648178, "dvar": 4.16514873505, "dvar2": 11.7453069687, "max": 115.781219482, "mean": 12.0794210434, "median": 11.4607162476, "min": 0.275836646557, "var": 44.0533828735}, "dissonance": {"dmean": 0.0195807572454, "dmean2": 0.032840359956, "dvar": 0.000337061734172, "dvar2": 0.000928638968617, "max": 0.500000119209, "mean": 0.444408267736, "median": 0.448375821114, "min": 0.257523357868, "var": 0.000861036998685}, "dynamic_complexity": 2.20572090149, "erbbands_crest": {"dmean": 2.02480912209, "dmean2": 3.14546942711, "dvar": 3.25923490524, "dvar2": 8.21713542938, "max": 29.5503940582, "mean": 9.30834102631, "median": 8.38244915009, "min": 2.31783175468, "var": 15.9957380295}, "erbbands_flatness_db": {"dmean": 0.00897646974772, "dmean2": 0.013757086359, "dvar": 5.44867762073e-05, "dvar2": 0.000132907051011, "max": 0.335292547941, "mean": 0.200855046511, "median": 0.200529426336, "min": 0.0312897674739, "var": 0.00117233383935}, "erbbands_kurtosis": {"dmean": 0.471630454063, "dmean2": 0.753400206566, "dvar": 0.278324872255, "dvar2": 0.699989378452, "max": 10.1345052719, "mean": -0.169675275683, "median": -0.429980278015, "min": -1.79490590096, "var": 1.11848020554}, "erbbands_skewness": {"dmean": 0.2525139153, "dmean2": 0.397671788931, "dvar": 0.0447714701295, "dvar2": 0.11536476016, "max": 2.82749247551, "mean": 0.299280583858, "median": 0.280525028706, "min": -2.61777114868, "var": 0.309595763683}, "erbbands_spread": {"dmean": 3.79920268059, "dmean2": 6.0084233284, "dvar": 10.7733926773, "dvar2": 28.9024677277, "max": 97.910774231, "mean": 29.1565418243, "median": 28.0471343994, "min": 6.01021623611, "var": 92.8090515137}, "hfc": {"dmean": 2.52629137039, "dmean2": 4.02529716492, "dvar": 7.03927183151, "dvar2": 20.1937999725, "max": 74.6089935303, "mean": 16.1007289886, "median": 14.1498842239, "min": 1.18366885443e-16, "var": 88.1089706421}, "melbands_crest": {"dmean": 2.55362939835, "dmean2": 4.19269752502, "dvar": 6.06364154816, "dvar2": 18.8671627045, "max": 31.7490215302, "mean": 15.4361057281, "median": 15.2106323242, "min": 1.60111439228, "var": 29.1589870453}, "melbands_flatness_db": {"dmean": 0.0175553448498, "dmean2": 0.0287319906056, "dvar": 0.000298920611385, "dvar2": 0.000955228460953, "max": 0.652653694153, "mean": 0.276289731264, "median": 0.259405791759, "min": 0.00277533149347, "var": 0.00720617780462}, "melbands_kurtosis": {"dmean": 4.86370134354, "dmean2": 7.97504711151, "dvar": 65.112953186, "dvar2": 197.401107788, "max": 155.810745239, "mean": 12.6420783997, "median": 6.59652662277, "min": -1.37893855572, "var": 271.260192871}, "melbands_skewness": {"dmean": 0.507542192936, "dmean2": 0.823018074036, "dvar": 0.293635606766, "dvar2": 0.919622898102, "max": 11.064289093, "mean": 2.64174604416, "median": 2.24010848999, "min": -0.742338478565, "var": 2.2547762394}, "melbands_spread": {"dmean": 2.7942814827, "dmean2": 4.50570631027, "dvar": 10.0368690491, "dvar2": 27.1584701538, "max": 165.572784424, "mean": 14.5066213608, "median": 12.6496801376, "min": 0.423893153667, "var": 207.87046814}, "pitch_salience": {"dmean": 0.0534569397569, "dmean2": 0.0873687267303, "dvar": 0.00225796923041, "dvar2": 0.00663994252682, "max": 0.924099087715, "mean": 0.482423663139, "median": 0.495249927044, "min": 0.084804341197, "var": 0.0156415514648}, "silence_rate_20dB": {"dmean": 0, "dmean2": 0, "dvar": 0, "dvar2": 0, "max": 1, "mean": 1, "median": 1, "min": 1, "var": 0}, "silence_rate_30dB": {"dmean": 0.0154777504504, "dmean2": 0.0309574343264, "dvar": 0.0152409886941, "dvar2": 0.0362340509892, "max": 1, "mean": 0.92061907053, "median": 1, "min": 0, "var": 0.0730759724975}, "silence_rate_60dB": {"dmean": 0.000124820566271, "dmean2": 0.000249656732194, "dvar": 0.000124789497931, "dvar2": 0.000249594391789, "max": 1, "mean": 0.0202820766717, "median": 0, "min": 0, "var": 0.0198713447899}, "spectral_centroid": {"dmean": 106.640151978, "dmean2": 171.622467041, "dvar": 14688.8847656, "dvar2": 33142.7851562, "max": 11189.6611328, "mean": 832.337646484, "median": 762.364929199, "min": 123.3983078, "var": 231040.015625}, "spectral_complexity": {"dmean": 1.91037881374, "dmean2": 3.20521783829, "dvar": 2.53560352325, "dvar2": 6.96717309952, "max": 39, "mean": 18.1962051392, "median": 19, "min": 0, "var": 39.7198181152}, "spectral_decrease": {"dmean": 2.83854806327e-09, "dmean2": 4.69297223304e-09, "dvar": 1.98828378135e-17, "dvar2": 6.37393682472e-17, "max": 5.86426345188e-18, "mean": -1.15071534523e-08, "median": -8.3500903969e-09, "min": -1.02224952059e-07, "var": 1.14867064419e-16}, "spectral_energy": {"dmean": 0.0108941085637, "dmean2": 0.0180008206517, "dvar": 0.000288675480988, "dvar2": 0.000925620843191, "max": 0.390914350748, "mean": 0.0448909364641, "median": 0.0328933298588, "min": 1.0631490688e-20, "var": 0.00167283986229}, "spectral_energyband_high": {"dmean": 3.412296428e-05, "dmean2": 5.80142987019e-05, "dvar": 6.94248880606e-09, "dvar2": 2.0442479709e-08, "max": 0.00241150078364, "mean": 0.000114945141831, "median": 4.78054971609e-05, "min": 7.81403355011e-21, "var": 4.10392182459e-08}, "spectral_energyband_low": {"dmean": 0.00919768866152, "dmean2": 0.01551367715, "dvar": 0.000292047538096, "dvar2": 0.000937679375056, "max": 0.368864685297, "mean": 0.0250331182033, "median": 0.0102387536317, "min": 1.19453092179e-22, "var": 0.00154332211241}, "spectral_energyband_middle_high": {"dmean": 0.00097673793789, "dmean2": 0.00149846158456, "dvar": 1.16310764042e-06, "dvar2": 2.78969105239e-06, "max": 0.027634119615, "mean": 0.00457048788667, "median": 0.00383294420317, "min": 1.57255970663e-21, "var": 1.09139109554e-05}, "spectral_energyband_middle_low": {"dmean": 0.0036757318303, "dmean2": 0.00538743613288, "dvar": 1.79267426574e-05, "dvar2": 4.47002021247e-05, "max": 0.157407030463, "mean": 0.0171887390316, "median": 0.0143027473241, "min": 2.30855183556e-22, "var": 0.000145130456076}, "spectral_entropy": {"dmean": 0.0905382633209, "dmean2": 0.144751951098, "dvar": 0.00752835907042, "dvar2": 0.0221553891897, "max": 9.80944061279, "mean": 6.89464712143, "median": 6.94405889511, "min": 5.06868028641, "var": 0.17585682869}, "spectral_flux": {"dmean": 0.0154877426103, "dmean2": 0.0259240549058, "dvar": 0.000290681782644, "dvar2": 0.000830045028124, "max": 0.302685767412, "mean": 0.0662494525313, "median": 0.0591250136495, "min": 1.03109118466e-10, "var": 0.00117416714784}, "spectral_kurtosis": {"dmean": 3.57166147232, "dmean2": 6.28965902328, "dvar": 15.3343629837, "dvar2": 46.8203582764, "max": 81.2208404541, "mean": 11.1878080368, "median": 9.3414888382, "min": -1.16687512398, "var": 61.2042961121}, "spectral_rms": {"dmean": 0.000723690260202, "dmean2": 0.00118292402476, "dvar": 7.30189697151e-07, "dvar2": 2.40402073359e-06, "max": 0.0195289496332, "mean": 0.00607701297849, "median": 0.00566489668563, "min": 3.2205878589e-12, "var": 6.86571729602e-06}, "spectral_rolloff": {"dmean": 176.313156128, "dmean2": 305.498809814, "dvar": 74938.28125, "dvar2": 177293.34375, "max": 19379.8828125, "mean": 1000.34503174, "median": 689.0625, "min": 86.1328125, "var": 3910183}, "spectral_skewness": {"dmean": 0.295157432556, "dmean2": 0.513585686684, "dvar": 0.0745350122452, "dvar2": 0.224263101816, "max": 7.48560714722, "mean": 2.23145222664, "median": 2.09730172157, "min": 0.00245377817191, "var": 0.53293043375}, "spectral_spread": {"dmean": 156586.15625, "dmean2": 263277.59375, "dvar": 70735077376, "dvar2": 101404770304, "max": 39207916, "mean": 2684286.75, "median": 2545105, "min": 1001866.1875, "var": 1010470617090.0}, "spectral_strongpeak": {"dmean": 0.349383831024, "dmean2": 0.590705811977, "dvar": 0.238174811006, "dvar2": 0.623329937458, "max": 9.48357963562, "mean": 0.991225063801, "median": 0.761561632156, "min": 0, "var": 0.60767865181}, "zerocrossingrate": {"dmean": 0.00352895422839, "dmean2": 0.00462663406506, "dvar": 1.57350368681e-05, "dvar2": 2.26027823373e-05, "max": 0.5283203125, "mean": 0.0368849784136, "median": 0.03125, "min": 0.0029296875, "var": 0.00277192564681}, "barkbands": {"dmean": [0.000108448934043, 0.00351343420334, 0.00587067427114, 0.00126308295876, 0.00174845708534, 0.000942602928262, 0.000686493061949, 0.00107203202788, 0.000565305934288, 0.000314285338391, 0.000307065260131, 0.000212578364881, 0.00042170076631, 0.000206229422474, 0.000237736196141, 0.000213397404877, 0.000153828135808, 7.77048771852e-05, 7.23760822439e-05, 4.27134946221e-05, 1.56308087753e-05, 5.90463332628e-06, 1.99118289856e-06, 1.09345421606e-06, 3.87063778362e-07, 2.93807005391e-07, 2.41905212306e-07], "dmean2": [0.000170427854755, 0.00559855625033, 0.0102592622861, 0.00183335773181, 0.00261185504496, 0.00127028778661, 0.00102825975046, 0.00149127934128, 0.000724303477909, 0.000435933208792, 0.000452663138276, 0.000304063840304, 0.000656356045511, 0.000338832673151, 0.000389954686398, 0.00036216940498, 0.000259125547018, 0.000132841683808, 0.000121764460346, 7.24422861822e-05, 2.68654930551e-05, 1.01154846561e-05, 3.39219991474e-06, 1.83163547263e-06, 6.42037321086e-07, 4.77901551221e-07, 4.03523955583e-07], "dvar": [5.04137140922e-08, 9.74801296252e-05, 0.000167485908605, 3.82334746973e-06, 9.54467941483e-06, 2.10678354051e-06, 1.05716583221e-06, 2.79445293927e-06, 1.09357722522e-06, 2.49601214364e-07, 2.51903145454e-07, 1.25989416233e-07, 3.87160696391e-07, 8.10892899494e-08, 1.08678065658e-07, 1.27700786834e-07, 1.0067140721e-07, 2.22810125905e-08, 1.56717572253e-08, 7.46284278819e-09, 2.00094962821e-09, 2.42986020194e-10, 2.74242278192e-11, 9.46866977186e-12, 7.7027544499e-13, 2.58121079849e-13, 1.94218813666e-13], "dvar2": [1.18110278891e-07, 0.000249282864388, 0.000607116846368, 7.84466828918e-06, 2.46730960498e-05, 4.08930418416e-06, 2.70455780083e-06, 6.02711861575e-06, 1.71235285507e-06, 4.65773013048e-07, 5.45170337318e-07, 2.50579461181e-07, 9.43471832215e-07, 2.16171144984e-07, 2.85280862045e-07, 3.78696483949e-07, 2.81810372371e-07, 6.59174332895e-08, 4.36859011188e-08, 2.13997122245e-08, 6.01295235825e-09, 7.31011751132e-10, 8.16559944661e-11, 2.81260327528e-11, 2.15412757076e-12, 6.57628736623e-13, 5.5037918667e-13], "max": [0.00360339134932, 0.280291199684, 0.312776684761, 0.0598307959735, 0.115873202682, 0.0532472841442, 0.0306182205677, 0.0828040987253, 0.0452404618263, 0.0143441325054, 0.0113357231021, 0.0108226491138, 0.00938556715846, 0.00550899561495, 0.00675029493868, 0.00737652182579, 0.0107125742361, 0.00432049110532, 0.00253829080611, 0.00205195974559, 0.00172450230457, 0.000457520596683, 0.000163548422279, 9.80628901743e-05, 2.87136790575e-05, 1.81722425623e-05, 1.09440425149e-05], "mean": [0.000155292611453, 0.0118122864515, 0.0111314468086, 0.0030087698251, 0.00467592151836, 0.00292827235535, 0.00168920657597, 0.00319414911792, 0.00152867566794, 0.00079520867439, 0.000645700551104, 0.000536562234629, 0.000780461065006, 0.00037489971146, 0.000463520060293, 0.00038888657582, 0.00029424513923, 0.000152488311869, 0.000174009241164, 9.37422882998e-05, 3.76350144506e-05, 1.56440892169e-05, 5.91454454479e-06, 3.96211999032e-06, 1.70287353285e-06, 1.4899458165e-06, 8.77742479588e-07], "median": [1.86509205378e-05, 0.00123925553635, 0.00460971845314, 0.00140159286093, 0.00265987962484, 0.0013667284511, 0.00100994273089, 0.00149116385728, 0.000580232241191, 0.000378735770937, 0.000287446717266, 0.000248362193815, 0.000445985933766, 0.000239022047026, 0.000300944142509, 0.000230099249166, 0.000162281547091, 8.77020211192e-05, 9.57318843575e-05, 3.98868796765e-05, 1.48745584738e-05, 6.95132166584e-06, 2.55336180999e-06, 1.46192678585e-06, 9.51461288423e-07, 9.80867184808e-07, 4.51103574051e-07], "min": [1.76619152754e-24, 4.19397931815e-23, 6.76689049684e-23, 1.30013041425e-23, 3.41732429995e-23, 5.90157003724e-23, 6.28305559794e-23, 3.5794667704e-23, 2.01034133502e-23, 7.7057946395e-23, 7.65808370087e-23, 6.51815444927e-23, 4.74062553113e-23, 1.19823516017e-22, 1.55345745874e-22, 7.14201342102e-23, 1.96463220982e-22, 3.03704784213e-22, 2.76466944391e-22, 2.86175285157e-22, 4.65000409335e-22, 5.22078698879e-22, 6.5982426376e-22, 9.82845361155e-22, 1.07945353377e-21, 1.58799744948e-21, 2.64580201468e-21], "var": [9.35981105954e-08, 0.0010361581808, 0.00031029919046, 1.7015128833e-05, 3.93548725697e-05, 2.18876957661e-05, 4.7380540309e-06, 2.30553232541e-05, 8.21106823423e-06, 1.36884000312e-06, 9.41310247526e-07, 6.37503319467e-07, 8.99114354524e-07, 1.7431122501e-07, 2.72844772553e-07, 2.50042774042e-07, 2.58053177049e-07, 4.45101449031e-08, 4.71608210262e-08, 2.17230837762e-08, 6.10295769476e-09, 9.51954848283e-10, 1.26607460627e-10, 6.47543893506e-11, 6.24305208224e-12, 3.03128485854e-12, 1.48599502928e-12]}, "erbbands": {"dmean": [0.0429486446083, 1.0415135622, 5.67755508423, 5.69243860245, 3.39939880371, 7.77567243576, 6.15646362305, 9.35742664337, 7.67165136337, 25.4902095795, 12.6189527512, 14.3116416931, 7.11048316956, 11.5681343079, 11.1334295273, 10.5684175491, 19.3748207092, 12.6111316681, 8.93314170837, 13.2843351364, 9.24664115906, 5.21392250061, 4.65097379684, 3.77520895004, 3.3161239624, 2.31489753723, 0.915686428547, 0.405567377806, 0.205332785845, 0.127515807748, 0.0602537281811, 0.0306526571512, 0.0133943511173, 0.00608606543392, 0.00249983556569, 0.000905229360797, 0.000767582852859, 0.000350517861079, 3.45602638845e-05, 1.2049601537e-05], "dmean2": [0.0652885138988, 1.68851864338, 9.91414451599, 9.23891830444, 5.0248041153, 11.652513504, 9.11366558075, 12.411734581, 9.71996498108, 39.2851524353, 17.6212615967, 17.9173202515, 10.4877185822, 15.3764209747, 17.124458313, 15.2332859039, 30.3654747009, 20.2540569305, 15.1330518723, 21.9589576721, 15.6470308304, 8.76431274414, 7.9369893074, 6.1921377182, 5.6730556488, 3.92380094528, 1.57643485069, 0.68590337038, 0.347902834415, 0.216943323612, 0.102567009628, 0.0519902780652, 0.0223349984735, 0.0101037910208, 0.00416482752189, 0.0014848530991, 0.00124345358927, 0.000579805113375, 5.7487111917e-05, 1.99061632884e-05], "dvar": [0.0183912608773, 7.11834812164, 131.266189575, 110.270874023, 27.7018013, 264.844787598, 93.7386398315, 249.677017212, 150.37411499, 2049.47460938, 306.774658203, 751.067077637, 94.2928161621, 335.078460693, 313.82232666, 308.420043945, 889.97265625, 310.928405762, 136.457748413, 488.682434082, 235.581100464, 96.3230667114, 76.8560562134, 38.9906082153, 47.1517829895, 23.740530014, 5.67149734497, 1.15873360634, 0.214934304357, 0.125565335155, 0.0319026373327, 0.00848630536348, 0.00106815621257, 0.000176255460246, 3.76520692953e-05, 5.55627821086e-06, 1.60542811045e-06, 3.63409611737e-07, 5.209402687e-09, 3.37859684674e-10], "dvar2": [0.04248220101, 18.4228744507, 461.547149658, 357.470336914, 75.9688491821, 679.302734375, 233.139923096, 448.730499268, 268.576629639, 5799.95556641, 585.971801758, 1094.31738281, 222.271240234, 594.072998047, 763.422668457, 610.081420898, 2205.2746582, 741.435791016, 383.881256104, 1344.63171387, 683.394897461, 271.026611328, 222.70703125, 103.197753906, 137.63494873, 67.82762146, 17.0589141846, 3.29446601868, 0.624648809433, 0.36461648345, 0.0959774032235, 0.0259497109801, 0.00304367206991, 0.000491793965921, 0.000106825944385, 1.51045724124e-05, 4.10843085774e-06, 1.0212216921e-06, 1.4694768069e-08, 1.0831683328e-09], "max": [4.5992808342, 73.1385955811, 289.707000732, 227.721893311, 182.797241211, 528.994445801, 334.272094727, 664.580810547, 462.203186035, 1680.81762695, 578.996276855, 1216.07641602, 247.223220825, 516.931213379, 310.919616699, 555.908996582, 466.45223999, 587.933959961, 176.438659668, 481.330169678, 387.020599365, 263.348602295, 217.560760498, 120.909767151, 165.558609009, 131.524261475, 88.3993225098, 36.9991722107, 14.0000514984, 10.1163311005, 6.00709295273, 3.21479153633, 1.23996078968, 0.392399221659, 0.20771189034, 0.077588647604, 0.0573563314974, 0.0170230735093, 0.00249466625974, 0.000425764359534], "mean": [0.211809322238, 3.21443843842, 11.1045236588, 13.4658956528, 10.0276021957, 18.5037345886, 16.2003688812, 30.2632808685, 24.3467350006, 64.1489715576, 38.8637390137, 40.6045379639, 19.0705184937, 31.6720256805, 24.7657833099, 27.2649078369, 36.4165649414, 25.6955661774, 18.330537796, 27.2340240479, 19.6978225708, 11.4258432388, 9.88122272491, 9.11315059662, 7.18823051453, 5.0794005394, 2.33319020271, 1.06482636929, 0.554690778255, 0.346471875906, 0.176187455654, 0.0987870022655, 0.0508956797421, 0.024626923725, 0.0104489307851, 0.00434635207057, 0.00327215809375, 0.00132706598379, 0.000154066263349, 5.37285886821e-05], "median": [0.0166893098503, 0.508678734303, 5.29882669449, 5.80923652649, 6.6874461174, 8.42204666138, 10.0265617371, 11.8360061646, 13.6377487183, 28.4881534576, 23.1811332703, 15.3780994415, 12.7803688049, 15.2422199249, 14.7078084946, 14.5929040909, 21.5360221863, 17.0509147644, 13.6926746368, 16.2478523254, 12.9153289795, 6.99100112915, 6.0453004837, 4.98328304291, 3.70453071594, 2.03565001488, 0.95718562603, 0.436942368746, 0.264075160027, 0.140293508768, 0.0687844008207, 0.0374323055148, 0.0207823477685, 0.0126823782921, 0.00579724833369, 0.00249115470797, 0.00225560413674, 0.000738701724913, 9.0146495495e-05, 4.05373175454e-05], "min": [1.50193057902e-21, 9.64728873855e-21, 5.41850314808e-20, 7.90190452653e-20, 5.50367528619e-20, 1.57870676929e-19, 2.66827088161e-19, 4.83782836805e-19, 1.18540689325e-18, 4.01169568994e-19, 9.00216214546e-19, 5.31909497313e-19, 1.30964187323e-18, 3.46203272533e-18, 2.8551257604e-18, 3.04824989276e-18, 2.43591207353e-18, 4.99986798357e-18, 8.87693672009e-18, 5.62297445361e-18, 4.90716213001e-18, 1.08844784242e-17, 1.61649620539e-17, 1.34327530577e-17, 1.66695190665e-17, 1.2790469646e-17, 1.27737423996e-17, 2.33959483213e-17, 1.97843503811e-17, 1.61422824158e-17, 2.02949391947e-17, 2.05093774967e-17, 1.38487471509e-17, 1.32041286082e-17, 7.25410182967e-18, 5.65358427218e-18, 2.7682500826e-18, 1.28515618973e-18, 3.79074902748e-19, 4.03231484691e-20], "var": [0.423045992851, 66.3815307617, 272.972473145, 369.80166626, 136.14616394, 980.638549805, 368.552612305, 3065.17797852, 1093.52294922, 9517.14941406, 2096.28076172, 6062.36181641, 403.808258057, 2081.73339844, 891.354370117, 1531.85180664, 1870.43029785, 881.562194824, 287.443817139, 1163.00769043, 588.156982422, 252.857192993, 164.343475342, 125.679954529, 99.7207641602, 69.332862854, 17.9705200195, 4.39379119873, 0.95012897253, 0.532516658306, 0.125228270888, 0.040937833488, 0.00858376454562, 0.00146898988169, 0.000255366292549, 4.11743749282e-05, 1.31865399453e-05, 2.55952545558e-06, 4.36004867765e-08, 2.05162509204e-09]}, "gfcc": {"mean": [-34.0685882568, 143.302078247, -125.841079712, 10.889913559, -36.4850006104, -7.40676355362, -29.5965976715, -3.6127910614, -19.1159305573, -1.59271466732, -13.8735055923, -8.1381444931, -15.3126173019], "cov": [[14106.09375, 1878.05664062, -1134.9855957, 232.001052856, -272.18927002, -528.003540039, -86.7484359741, -69.7414169312, -219.620727539, -104.750114441, -267.732574463, -130.243377686, -151.877090454], [1878.05664062, 1377.19665527, 343.278900146, 104.678482056, 295.600952148, 160.445205688, 81.5766906738, -66.9629135132, 128.026351929, -58.7306442261, 98.6545181274, -86.3589859009, 30.2386455536], [-1134.9855957, 343.278900146, 615.075744629, 274.765838623, 248.499725342, 283.31451416, 127.545402527, 1.52784383297, 186.729370117, -25.3514671326, 100.81615448, -28.743188858, 66.9716644287], [232.001052856, 104.678482056, 274.765838623, 318.682952881, 134.818603516, 148.606735229, 94.1125106812, 15.5188980103, 103.010192871, -18.7151889801, 17.8664398193, -12.9905691147, 28.7859649658], [-272.18927002, 295.600952148, 248.499725342, 134.818603516, 269.882598877, 146.819442749, 80.0195541382, 7.04486656189, 58.5245552063, 5.7674279213, 56.5511856079, -20.4549331665, 20.3010311127], [-528.003540039, 160.445205688, 283.31451416, 148.606735229, 146.819442749, 252.033676147, 93.610458374, -11.087937355, 93.5480422974, -28.0442180634, 47.5968551636, -18.3442573547, 21.8293895721], [-86.7484359741, 81.5766906738, 127.545402527, 94.1125106812, 80.0195541382, 93.610458374, 144.894271851, 55.3421134949, 52.6508712769, 2.47044730186, 7.34621238708, -11.2261924744, 4.15245914459], [-69.7414169312, -66.9629135132, 1.52784383297, 15.5188980103, 7.04486656189, -11.087937355, 55.3421134949, 93.3684844971, 35.9413909912, 22.3052940369, -10.8240976334, 7.04239416122, -0.12352155149], [-219.620727539, 128.026351929, 186.729370117, 103.010192871, 58.5245552063, 93.5480422974, 52.6508712769, 35.9413909912, 148.666137695, 16.7755298615, 35.051902771, -2.66960978508, 31.6016540527], [-104.750114441, -58.7306442261, -25.3514671326, -18.7151889801, 5.7674279213, -28.0442180634, 2.47044730186, 22.3052940369, 16.7755298615, 74.1587371826, 32.7207489014, 15.0487194061, -2.77019166946], [-267.732574463, 98.6545181274, 100.81615448, 17.8664398193, 56.5511856079, 47.5968551636, 7.34621238708, -10.8240976334, 35.051902771, 32.7207489014, 99.3582611084, 30.3892688751, 22.8231964111], [-130.243377686, -86.3589859009, -28.743188858, -12.9905691147, -20.4549331665, -18.3442573547, -11.2261924744, 7.04239416122, -2.66960978508, 15.0487194061, 30.3892688751, 79.1096572876, 44.9555587769], [-151.877090454, 30.2386455536, 66.9716644287, 28.7859649658, 20.3010311127, 21.8293895721, 4.15245914459, -0.12352155149, 31.6016540527, -2.77019166946, 22.8231964111, 44.9555587769, 82.4520950317]], "icov": [[0.000436891190475, -0.0012372052297, 0.00172074290458, -0.00211913767271, 0.0010521147633, -0.000116423354484, 0.000268861622317, -0.000576467718929, 0.000707419239916, -0.000593960983679, 0.000370504887542, -6.93825495546e-06, -3.18344355037e-05], [-0.0012372052297, 0.00508600613102, -0.0043625049293, 0.00658741220832, -0.00486125750467, 0.00183197006118, -0.00209557311609, 0.00356571539305, -0.00423474377021, 0.00443023862317, -0.0031936368905, 0.00214084400795, -0.000589120434597], [0.00172074290458, -0.0043625049293, 0.0137751996517, -0.0101094022393, 0.00184832932428, -0.00219118106179, 4.93007828481e-05, -0.00151403190102, -0.00134572875686, 0.00157506391406, -0.00403293780982, 0.00485069397837, -0.00372937414795], [-0.00211913767271, 0.00658741220832, -0.0101094022393, 0.0165747534484, -0.0069618136622, 0.00103193160612, -0.00346096418798, 0.00477695511654, -0.00617420347407, 0.00413078768179, 0.00029430448194, -0.00133243959863, 0.000877953891177], [0.0010521147633, -0.00486125750467, 0.00184832932428, -0.0069618136622, 0.0122483195737, -0.004287797492, 0.00161818496417, -0.00511588854715, 0.00752802891657, -0.00693690497428, 0.00114865193609, 0.000541193701793, -0.00105101487134], [-0.000116423354484, 0.00183197006118, -0.00219118106179, 0.00103193160612, -0.004287797492, 0.0131808435544, -0.00642400374636, 0.00701808650047, -0.00610461784527, 0.00710941758007, -0.00342943915166, 0.000343961612089, 0.00177364877891], [0.000268861622317, -0.00209557311609, 4.93007828481e-05, -0.00346096418798, 0.00161818496417, -0.00642400374636, 0.0164240524173, -0.0119077768177, 0.00468848925084, -0.00376276043244, 0.00264561991207, -0.000508522323798, 0.000510947022121], [-0.000576467718929, 0.00356571539305, -0.00151403190102, 0.00477695511654, -0.00511588854715, 0.00701808650047, -0.0119077768177, 0.0249795913696, -0.0108936652541, 0.000635117932688, 0.00284353038296, -0.00344265042804, 0.00251767691225], [0.000707419239916, -0.00423474377021, -0.00134572875686, -0.00617420347407, 0.00752802891657, -0.00610461784527, 0.00468848925084, -0.0108936652541, 0.0207205396146, -0.0102441413328, 0.00229348172434, 0.00123227783479, -0.00397752318531], [-0.000593960983679, 0.00443023862317, 0.00157506391406, 0.00413078768179, -0.00693690497428, 0.00710941758007, -0.00376276043244, 0.000635117932688, -0.0102441413328, 0.0292058456689, -0.0148369790986, 0.00308788125403, 0.00190675398335], [0.000370504887542, -0.0031936368905, -0.00403293780982, 0.00029430448194, 0.00114865193609, -0.00342943915166, 0.00264561991207, 0.00284353038296, 0.00229348172434, -0.0148369790986, 0.0268863476813, -0.0148139875382, 0.0047801323235], [-6.93825495546e-06, 0.00214084400795, 0.00485069397837, -0.00133243959863, 0.000541193701793, 0.000343961612089, -0.000508522323798, -0.00344265042804, 0.00123227783479, 0.00308788125403, -0.0148139875382, 0.0326472073793, -0.0185448434204], [-3.18344355037e-05, -0.000589120434597, -0.00372937414795, 0.000877953891177, -0.00105101487134, 0.00177364877891, 0.000510947022121, 0.00251767691225, -0.00397752318531, 0.00190675398335, 0.0047801323235, -0.0185448434204, 0.0251521989703]]}, "melbands": {"dmean": [0.000683771679178, 0.00244166236371, 0.000905363995116, 0.000364847335732, 0.000268244417384, 0.000200419905013, 0.00011758376786, 0.000282518944005, 9.64955761447e-05, 8.73897370184e-05, 3.55512711394e-05, 4.9011221563e-05, 4.19529606006e-05, 2.66318911599e-05, 3.72014474124e-05, 3.56075361196e-05, 2.56411058217e-05, 1.38335635711e-05, 1.48922326844e-05, 2.28422704822e-05, 1.02711046566e-05, 6.48170635031e-06, 5.69364692637e-06, 4.68250527774e-06, 3.31131309395e-06, 2.86775684799e-06, 1.61268417287e-06, 1.70258840626e-06, 7.38072117201e-07, 4.42894787511e-07, 2.67561915734e-07, 1.44786241663e-07, 1.06264522515e-07, 6.06281318483e-08, 4.46680701316e-08, 2.39525679291e-08, 2.17478515196e-08, 1.12901190619e-08, 1.01762083204e-08, 5.3057100935e-09], "dmean2": [0.00107823649887, 0.00419930927455, 0.00148462865036, 0.000537641579285, 0.000402117264457, 0.000266559945885, 0.00015386971063, 0.000424664031016, 0.000132320128614, 0.000110409586341, 5.26966286998e-05, 6.51021109661e-05, 6.2448598328e-05, 3.96329160139e-05, 5.61465021747e-05, 5.56116792723e-05, 4.18172494392e-05, 2.36248306464e-05, 2.39939345192e-05, 3.84796621802e-05, 1.73352036654e-05, 1.08732874651e-05, 9.67330561252e-06, 8.06097614259e-06, 5.39370739716e-06, 4.87836859975e-06, 2.76555556411e-06, 2.8969413961e-06, 1.26694442315e-06, 7.64254195929e-07, 4.56894241552e-07, 2.46079451927e-07, 1.79870511374e-07, 1.04360580622e-07, 7.62156275869e-08, 4.12216181189e-08, 3.7121186125e-08, 1.90742426298e-08, 1.69708016529e-08, 8.98884700007e-09], "dvar": [4.23576375397e-06, 2.16171556531e-05, 2.64730510935e-06, 4.23678670813e-07, 2.07540935548e-07, 1.02561436677e-07, 3.25372369048e-08, 2.48468012387e-07, 1.96322886836e-08, 2.45554954148e-08, 2.42643660719e-09, 6.42627417946e-09, 4.91453544527e-09, 1.7238181993e-09, 3.20059356795e-09, 2.54088305951e-09, 1.27825061647e-09, 3.30804633686e-10, 4.97205776551e-10, 1.29755617362e-09, 3.97656380047e-10, 1.72080377725e-10, 1.57914972765e-10, 1.13150863679e-10, 3.35839238363e-11, 3.60029714375e-11, 7.81122475729e-12, 1.47826334507e-11, 2.91830188487e-12, 2.37628102959e-12, 7.70315668891e-13, 1.07968342112e-13, 8.55135122327e-14, 2.62610605191e-14, 2.06177594122e-14, 4.77065938904e-15, 4.59080210709e-15, 6.47935576601e-16, 1.00034114615e-15, 1.29667019644e-16], "dvar2": [1.06682100522e-05, 7.15520582162e-05, 8.77946513356e-06, 1.07278697214e-06, 5.42642453638e-07, 1.89258869909e-07, 5.8926371338e-08, 6.6410314048e-07, 3.61460976706e-08, 3.70314587883e-08, 5.70852520809e-09, 1.14277796115e-08, 1.08764659501e-08, 3.75711461942e-09, 7.60973506431e-09, 6.24719342923e-09, 3.2290352614e-09, 9.53320644648e-10, 1.24298960014e-09, 3.80659903598e-09, 1.12062303881e-09, 4.84731865757e-10, 4.57563098522e-10, 3.41942973936e-10, 8.77030323365e-11, 1.04137580503e-10, 2.26972884931e-11, 4.25064809739e-11, 8.73990289862e-12, 7.21344208324e-12, 2.16732079332e-12, 3.22634930924e-13, 2.41896970119e-13, 7.7739294765e-14, 6.11196070968e-14, 1.47387307301e-14, 1.40027336379e-14, 1.91974024737e-15, 2.76558904256e-15, 3.75000332233e-16], "max": [0.0644379928708, 0.107471860945, 0.0356942564249, 0.0262760780752, 0.0114379934967, 0.0128690376878, 0.00698142219335, 0.0204403307289, 0.00413169153035, 0.00653544487432, 0.00127036450431, 0.00230067712255, 0.00140691490378, 0.00119398720562, 0.000883185770363, 0.00109925062861, 0.000986396800727, 0.000273562502116, 0.000435235648183, 0.000685896317009, 0.000681815028656, 0.00043403665768, 0.000355061463779, 0.000344884349033, 0.000117089861305, 0.000150492298417, 4.71301864309e-05, 0.000100108991319, 4.10887878388e-05, 6.61365702399e-05, 3.3974989492e-05, 1.11088729682e-05, 6.82526570017e-06, 5.50253162146e-06, 5.14711700816e-06, 1.97498729904e-06, 2.04802267945e-06, 6.85578527282e-07, 1.17294098345e-06, 3.5452467273e-07], "mean": [0.0027538544964, 0.00551330670714, 0.00225487258285, 0.00100645318162, 0.000681816367432, 0.000633084389847, 0.000352751842001, 0.000748510297853, 0.000288412615191, 0.000237642860156, 8.95895500435e-05, 0.00012958588195, 8.8330503786e-05, 6.39442005195e-05, 7.57000452722e-05, 6.96673378116e-05, 4.59181210317e-05, 2.64506816166e-05, 3.0280338251e-05, 4.18372655986e-05, 1.99412352231e-05, 1.28021129058e-05, 1.02327066998e-05, 8.5754045358e-06, 7.1071435741e-06, 5.76063303015e-06, 3.47331842931e-06, 3.41231248058e-06, 1.64069456332e-06, 9.37868264828e-07, 5.68198231576e-07, 3.34603925012e-07, 2.40361060833e-07, 1.56759412562e-07, 1.10796129604e-07, 6.46735500709e-08, 5.90601345607e-08, 3.60587826265e-08, 3.018377015e-08, 1.8053230022e-08], "median": [0.000250998215051, 0.00238597951829, 0.00118654058315, 0.000545902643353, 0.000418581272243, 0.000269320706138, 0.000195149361389, 0.000314126053127, 0.000162104479386, 8.75008990988e-05, 5.65759910387e-05, 5.79764673603e-05, 4.41784068244e-05, 3.14752069244e-05, 4.45560071967e-05, 3.9454553189e-05, 2.8338687116e-05, 1.93889754883e-05, 1.8430648197e-05, 2.40990484599e-05, 1.20073600556e-05, 7.38339258533e-06, 5.21665742781e-06, 4.58527165392e-06, 3.37428582498e-06, 2.78802053799e-06, 1.78027789843e-06, 1.1854162949e-06, 6.38788492324e-07, 3.42562429978e-07, 1.97044471406e-07, 1.59930451105e-07, 9.62707247254e-08, 6.33936707573e-08, 4.07248563761e-08, 2.63936144052e-08, 2.00396641503e-08, 1.54732742175e-08, 1.12479829895e-08, 1.01438359934e-08], "min": [1.29259553043e-23, 2.34315544004e-23, 1.29069082577e-23, 7.53557486446e-24, 8.19734870013e-24, 1.18032374199e-23, 1.66315339544e-23, 4.16746893746e-24, 6.96787269174e-24, 2.98683840746e-24, 6.56247273381e-24, 1.41306271592e-23, 8.87292050189e-24, 9.25582411895e-24, 5.25742779501e-24, 5.17308357588e-24, 1.01477631121e-23, 1.52244143588e-23, 8.67677023781e-24, 5.42029522864e-24, 6.13675842428e-24, 1.13747155544e-23, 1.19571544377e-23, 1.67105746617e-23, 9.43466519706e-24, 1.28928823108e-23, 1.22575250603e-23, 6.92055760351e-24, 7.29990819105e-24, 9.35412959838e-24, 1.58017185464e-23, 1.21873874372e-23, 7.99054565838e-24, 1.01957873863e-23, 1.26487101391e-23, 1.11564834959e-23, 1.25337052632e-23, 8.73687118359e-24, 1.02870199388e-23, 1.20818370592e-23], "var": [6.3736581069e-05, 6.82778190821e-05, 8.51281129144e-06, 2.03503191187e-06, 6.88165187057e-07, 1.18593743537e-06, 2.33356885815e-07, 1.38289260576e-06, 1.29234976498e-07, 1.89164424569e-07, 9.97710802864e-09, 3.81496896296e-08, 1.54839767674e-08, 7.9186674995e-09, 7.8563147099e-09, 7.23707360706e-09, 3.03023650616e-09, 6.40854036504e-10, 1.31619792842e-09, 2.71246203276e-09, 1.03950736907e-09, 4.32622104807e-10, 2.97207897182e-10, 1.92853857883e-10, 9.51125289639e-11, 7.0679129216e-11, 2.08749614816e-11, 3.93580307234e-11, 8.5147843637e-12, 6.46777683494e-12, 2.29522065416e-12, 3.54682971361e-13, 2.62207871518e-13, 1.16558333623e-13, 6.2226889223e-14, 1.46709376012e-14, 1.8291883172e-14, 3.63145724971e-15, 4.75410497712e-15, 6.76608965355e-16]}, "mfcc": {"mean": [-674.248291016, 181.520599365, -25.5337276459, 25.427110672, 3.71978497505, 2.88827967644, -2.39245653152, -3.73784375191, -3.15940690041, 1.63471603394, -1.85724067688, -0.0374763719738, -0.114894285798], "cov": [[6206.53564453, 688.480407715, -675.082519531, 391.893951416, -337.549835205, -214.462860107, -95.7943725586, -39.1053886414, 17.8395595551, 59.0955696106, -95.1040878296, -162.759185791, -36.1948242188], [688.480407715, 1269.48669434, 147.339111328, 87.2313842773, 234.966262817, 164.55506897, 97.0782012939, 44.4788665771, 34.6853752136, 24.2183589935, 73.2386398315, 68.5616378784, 29.0519237518], [-675.082519531, 147.339111328, 522.477233887, 99.3209991455, 221.091827393, 250.274261475, 47.8988571167, 130.638977051, 105.131484985, 48.4782295227, 19.4059066772, 123.89365387, 33.4777450562], [391.893951416, 87.2313842773, 99.3209991455, 202.370391846, 83.0485687256, 64.6858291626, 43.3025474548, 45.9624290466, 62.5291481018, 40.8704223633, 13.5458335876, 23.126493454, 21.4645652771], [-337.549835205, 234.966262817, 221.091827393, 83.0485687256, 260.32699585, 177.809738159, 67.6864242554, 54.3901863098, 47.0872497559, 16.8656730652, 28.4778671265, 70.5440444946, 27.2756938934], [-214.462860107, 164.55506897, 250.274261475, 64.6858291626, 177.809738159, 239.643798828, 83.3814239502, 82.2501449585, 59.6889381409, 26.8421611786, 20.2257061005, 74.3916091919, 23.7069740295], [-95.7943725586, 97.0782012939, 47.8988571167, 43.3025474548, 67.6864242554, 83.3814239502, 125.778823853, 46.8973007202, 19.209526062, 12.5287342072, 27.1792163849, 23.6630401611, 18.9956817627], [-39.1053886414, 44.4788665771, 130.638977051, 45.9624290466, 54.3901863098, 82.2501449585, 46.8973007202, 115.553321838, 72.9149856567, 26.221364975, 9.55773544312, 28.064573288, 8.82082462311], [17.8395595551, 34.6853752136, 105.131484985, 62.5291481018, 47.0872497559, 59.6889381409, 19.209526062, 72.9149856567, 114.461387634, 50.6831703186, 12.7256669998, 19.0179977417, 5.73394680023], [59.0955696106, 24.2183589935, 48.4782295227, 40.8704223633, 16.8656730652, 26.8421611786, 12.5287342072, 26.221364975, 50.6831703186, 81.9206695557, 28.6685562134, 9.00948524475, 6.78864955902], [-95.1040878296, 73.2386398315, 19.4059066772, 13.5458335876, 28.4778671265, 20.2257061005, 27.1792163849, 9.55773544312, 12.7256669998, 28.6685562134, 88.3799285889, 39.0524940491, 6.53428030014], [-162.759185791, 68.5616378784, 123.89365387, 23.126493454, 70.5440444946, 74.3916091919, 23.6630401611, 28.064573288, 19.0179977417, 9.00948524475, 39.0524940491, 115.21912384, 33.7678489685], [-36.1948242188, 29.0519237518, 33.4777450562, 21.4645652771, 27.2756938934, 23.7069740295, 18.9956817627, 8.82082462311, 5.73394680023, 6.78864955902, 6.53428030014, 33.7678489685, 66.1091766357]], "icov": [[0.000453341635875, -0.000412410416175, 0.00108399684541, -0.00144122145139, 0.000950089714024, -0.000853294273838, 0.000911831855774, -0.000630593916867, 0.000295677920803, -0.000395377166569, 0.000728896062355, -0.000385706924135, 0.000224505551159], [-0.000412410416175, 0.0013600619277, -0.000826147908811, 0.00123042333871, -0.0016943133669, 0.000626506865956, -0.000985163962469, 0.000581823289394, -0.000195231477846, 0.000394533330109, -0.00120481511112, 0.000424881320214, -0.000246310926741], [0.00108399684541, -0.000826147908811, 0.00829234346747, -0.00383560801856, 0.000549613439944, -0.00564079592004, 0.00488450517878, -0.00469258055091, 0.000664804363623, -0.00214412924834, 0.00299185351469, -0.00389138306491, 0.00087579106912], [-0.00144122145139, 0.00123042333871, -0.00383560801856, 0.0115201808512, -0.00465556746349, 0.00372614222579, -0.00447600707412, 0.00234504579566, -0.00348520721309, -0.000419892923674, -0.00162895803805, 0.00153903721366, -0.00184970756527], [0.000950089714024, -0.0016943133669, 0.000549613439944, -0.00465556746349, 0.0118315648288, -0.00662938412279, 0.00112847518176, 0.000956932082772, -0.000226820629905, 0.00121254858095, 0.000298724364256, -0.000846474256832, -0.000160138122737], [-0.000853294273838, 0.000626506865956, -0.00564079592004, 0.00372614222579, -0.00662938412279, 0.0157239921391, -0.00694853346795, -2.91367796308e-05, -0.000952323025558, -0.000359967496479, 0.000613482436165, -0.00112901709508, 0.000636780168861], [0.000911831855774, -0.000985163962469, 0.00488450517878, -0.00447600707412, 0.00112847518176, -0.00694853346795, 0.0158102829009, -0.00696523999795, 0.00356357684359, -0.000618700636551, -0.00182296999265, 0.00041591716581, -0.00195324490778], [-0.000630593916867, 0.000581823289394, -0.00469258055091, 0.00234504579566, 0.000956932082772, -2.91367796308e-05, -0.00696523999795, 0.0211882777512, -0.0111721763387, 0.00304255797528, -0.000705488899257, 0.000859142513946, 9.1360132501e-05], [0.000295677920803, -0.000195231477846, 0.000664804363623, -0.00348520721309, -0.000226820629905, -0.000952323025558, 0.00356357684359, -0.0111721763387, 0.0209085922688, -0.00881421007216, 0.0011240405729, -0.000179135313374, 0.00101645244285], [-0.000395377166569, 0.000394533330109, -0.00214412924834, -0.000419892923674, 0.00121254858095, -0.000359967496479, -0.000618700636551, 0.00304255797528, -0.00881421007216, 0.0207151137292, -0.00749342143536, 0.00348287448287, -0.0021681743674], [0.000728896062355, -0.00120481511112, 0.00299185351469, -0.00162895803805, 0.000298724364256, 0.000613482436165, -0.00182296999265, -0.000705488899257, 0.0011240405729, -0.00749342143536, 0.0186736136675, -0.00802633818239, 0.0031430919189], [-0.000385706924135, 0.000424881320214, -0.00389138306491, 0.00153903721366, -0.000846474256832, -0.00112901709508, 0.00041591716581, 0.000859142513946, -0.000179135313374, 0.00348287448287, -0.00802633818239, 0.0171562768519, -0.00671904487535], [0.000224505551159, -0.000246310926741, 0.00087579106912, -0.00184970756527, -0.000160138122737, 0.000636780168861, -0.00195324490778, 9.1360132501e-05, 0.00101645244285, -0.0021681743674, 0.0031430919189, -0.00671904487535, 0.0191573258489]]}, "spectral_contrast_coeffs": {"dmean": [0.043585319072, 0.0361592024565, 0.0296271815896, 0.0265813563019, 0.0187519248575, 0.0121597722173], "dmean2": [0.0729658231139, 0.058075312525, 0.0471214801073, 0.0439894720912, 0.031315676868, 0.0205038450658], "dvar": [0.0012455675751, 0.000838698237203, 0.000538562482689, 0.000425581529271, 0.000214664425584, 9.16321296245e-05], "dvar2": [0.00363262929022, 0.00222813524306, 0.00136698258575, 0.00118676619604, 0.000593898701482, 0.000257502513705], "max": [-0.24246917665, -0.356797844172, -0.438786804676, -0.500880718231, -0.56647837162, -0.623798310757], "mean": [-0.558308362961, -0.672370672226, -0.721150100231, -0.71783220768, -0.733318686485, -0.757587313652], "median": [-0.556709170341, -0.67355889082, -0.719584703445, -0.716989278793, -0.7312322855, -0.753701329231], "min": [-0.969370484352, -0.964161515236, -0.961004853249, -0.968541562557, -0.956207931042, -0.964400053024], "var": [0.00910029839724, 0.00553800584748, 0.00383149343543, 0.00271024415269, 0.00280560995452, 0.00165238813497]}, "spectral_contrast_valleys": {"dmean": [0.354585289955, 0.258994936943, 0.230227321386, 0.180808782578, 0.127926468849, 0.0841273739934], "dmean2": [0.591429591179, 0.422039210796, 0.380279451609, 0.303220152855, 0.213876992464, 0.140199571848], "dvar": [0.0939455553889, 0.0526439547539, 0.0426688268781, 0.0286458879709, 0.0199031829834, 0.0114405574277], "dvar2": [0.24666261673, 0.118915997446, 0.0965394005179, 0.061787456274, 0.0365973599255, 0.0174774415791], "