{"lowlevel": {"average_loudness": 0.89182639122, "barkbands_crest": {"dmean": 2.38775706291, "dmean2": 3.73068284988, "dvar": 6.4991440773, "dvar2": 15.3549461365, "max": 25.3350887299, "mean": 11.1320695877, "median": 10.3797512054, "min": 2.71231365204, "var": 19.9971389771}, "barkbands_flatness_db": {"dmean": 0.0219471119344, "dmean2": 0.0325028933585, "dvar": 0.000539176573511, "dvar2": 0.00118234159891, "max": 0.606523454189, "mean": 0.157117933035, "median": 0.135721698403, "min": 0.0238204784691, "var": 0.00945449527353}, "barkbands_kurtosis": {"dmean": 3.67232394218, "dmean2": 5.59159851074, "dvar": 51.7620506287, "dvar2": 118.516921997, "max": 195.939926147, "mean": 6.17183208466, "median": 2.84704232216, "min": -1.88635802269, "var": 119.051834106}, "barkbands_skewness": {"dmean": 0.555755198002, "dmean2": 0.821190774441, "dvar": 0.453355967999, "dvar2": 1.02387881279, "max": 11.4974355698, "mean": 1.87880682945, "median": 1.65281426907, "min": -2.12303614616, "var": 1.70748448372}, "barkbands_spread": {"dmean": 4.63164710999, "dmean2": 7.18558073044, "dvar": 35.6186561584, "dvar2": 88.9303131104, "max": 96.4401855469, "mean": 18.8906841278, "median": 16.2331867218, "min": 0.464814931154, "var": 156.760055542}, "dissonance": {"dmean": 0.0189703479409, "dmean2": 0.0316588133574, "dvar": 0.000349309528247, "dvar2": 0.000951227732003, "max": 0.49997445941, "mean": 0.449192672968, "median": 0.459449589252, "min": 0.200274080038, "var": 0.00137793214526}, "dynamic_complexity": 4.16463327408, "erbbands_crest": {"dmean": 2.07386612892, "dmean2": 3.22653841972, "dvar": 4.18352603912, "dvar2": 9.37176704407, "max": 30.7531967163, "mean": 9.35939216614, "median": 8.40805435181, "min": 2.59992146492, "var": 17.866727829}, "erbbands_flatness_db": {"dmean": 0.0184269305319, "dmean2": 0.0248129628599, "dvar": 0.000410468899645, "dvar2": 0.000739036127925, "max": 0.503724813461, "mean": 0.156749635935, "median": 0.135848745704, "min": 0.0378161519766, "var": 0.00612367037684}, "erbbands_kurtosis": {"dmean": 0.760756373405, "dmean2": 1.17044258118, "dvar": 1.51236200333, "dvar2": 3.33511376381, "max": 48.2821350098, "mean": 0.618250966072, "median": -0.0474120378494, "min": -1.64644813538, "var": 8.04003334045}, "erbbands_skewness": {"dmean": 0.287710517645, "dmean2": 0.429864168167, "dvar": 0.091176636517, "dvar2": 0.211413741112, "max": 6.69118404388, "mean": 0.343031734228, "median": 0.276352405548, "min": -4.19217300415, "var": 0.595407187939}, "erbbands_spread": {"dmean": 7.66091871262, "dmean2": 11.0930976868, "dvar": 100.005607605, "dvar2": 213.153045654, "max": 150.555007935, "mean": 37.8737602234, "median": 35.8676376343, "min": 2.29137635231, "var": 381.219848633}, "hfc": {"dmean": 5.48029327393, "dmean2": 7.78197288513, "dvar": 108.319290161, "dvar2": 235.633483887, "max": 159.693115234, "mean": 16.7866287231, "median": 14.0624189377, "min": 1.16996306725e-16, "var": 269.793151855}, "melbands_crest": {"dmean": 2.758279562, "dmean2": 4.34767341614, "dvar": 7.3979973793, "dvar2": 18.549861908, "max": 33.3531417847, "mean": 13.9731168747, "median": 13.3018016815, "min": 1.8663957119, "var": 20.8826065063}, "melbands_flatness_db": {"dmean": 0.02566803433, "dmean2": 0.0384177044034, "dvar": 0.000752820866182, "dvar2": 0.00166625797283, "max": 0.750491201878, "mean": 0.244986057281, "median": 0.223104178905, "min": 0.00569807318971, "var": 0.0125075876713}, "melbands_kurtosis": {"dmean": 8.85706424713, "dmean2": 13.5834875107, "dvar": 327.035980225, "dvar2": 795.37097168, "max": 346.513336182, "mean": 16.5184593201, "median": 8.57947540283, "min": -1.41534638405, "var": 723.92590332}, "melbands_skewness": {"dmean": 0.752772986889, "dmean2": 1.11570382118, "dvar": 0.949735045433, "dvar2": 2.14822363853, "max": 14.4336147308, "mean": 2.90578055382, "median": 2.59937572479, "min": -0.867284715176, "var": 2.95918178558}, "melbands_spread": {"dmean": 4.67105579376, "dmean2": 7.20817327499, "dvar": 36.3796463013, "dvar2": 86.30128479, "max": 181.715438843, "mean": 17.7389087677, "median": 14.2140865326, "min": 0.573276221752, "var": 241.312744141}, "pitch_salience": {"dmean": 0.0634164810181, "dmean2": 0.100622095168, "dvar": 0.00409250287339, "dvar2": 0.009825931862, "max": 0.915183842182, "mean": 0.516404986382, "median": 0.522874772549, "min": 0.0938019827008, "var": 0.0115004768595}, "silence_rate_20dB": {"dmean": 0, "dmean2": 0, "dvar": 0, "dvar2": 0, "max": 1, "mean": 1, "median": 1, "min": 1, "var": 0}, "silence_rate_30dB": {"dmean": 0.0353008583188, "dmean2": 0.0706098154187, "dvar": 0.0340582169592, "dvar2": 0.0752543285489, "max": 1, "mean": 0.968370378017, "median": 1, "min": 0, "var": 0.030633976683}, "silence_rate_60dB": {"dmean": 0.0112320920452, "dmean2": 0.0224667582661, "dvar": 0.0111080240458, "dvar2": 0.0256288964301, "max": 1, "mean": 0.08377263695, "median": 0, "min": 0, "var": 0.0767561495304}, "spectral_centroid": {"dmean": 176.142700195, "dmean2": 267.649475098, "dvar": 51850.7304688, "dvar2": 107192.835938, "max": 11256.2304688, "mean": 1006.43878174, "median": 883.995483398, "min": 181.889328003, "var": 349477.78125}, "spectral_complexity": {"dmean": 2.68699145317, "dmean2": 4.14740943909, "dvar": 13.8611555099, "dvar2": 28.3769321442, "max": 56, "mean": 16.8082733154, "median": 16, "min": 0, "var": 87.3752365112}, "spectral_decrease": {"dmean": 3.3338103389e-09, "dmean2": 5.10251307873e-09, "dvar": 4.99841189754e-17, "dvar2": 1.22512847023e-16, "max": 4.68837191194e-29, "mean": -7.51079287653e-09, "median": -5.59377211218e-09, "min": -8.6324860149e-08, "var": 6.7506739186e-17}, "spectral_energy": {"dmean": 0.0129443285987, "dmean2": 0.0197260640562, "dvar": 0.000743432261515, "dvar2": 0.001813677256, "max": 0.331508874893, "mean": 0.0298701263964, "median": 0.0226690098643, "min": 1.0444417007e-20, "var": 0.00102951051667}, "spectral_energyband_high": {"dmean": 0.000339606223861, "dmean2": 0.000485565076815, "dvar": 5.45274758679e-07, "dvar2": 1.18137347727e-06, "max": 0.0116920415312, "mean": 0.000647901906632, "median": 0.000366295716958, "min": 7.43875043036e-21, "var": 9.66010588854e-07}, "spectral_energyband_low": {"dmean": 0.00771352509037, "dmean2": 0.0130602670833, "dvar": 0.000568400078919, "dvar2": 0.00148992112372, "max": 0.279199033976, "mean": 0.0108071127906, "median": 0.00547551177442, "min": 2.2940624171e-23, "var": 0.000491689192131}, "spectral_energyband_middle_high": {"dmean": 0.00117966742255, "dmean2": 0.00174957374111, "dvar": 3.16663999911e-06, "dvar2": 6.82908148519e-06, "max": 0.0371805727482, "mean": 0.00418637692928, "median": 0.00298348255455, "min": 1.28293804595e-21, "var": 1.65574929269e-05}, "spectral_energyband_middle_low": {"dmean": 0.00645993743092, "dmean2": 0.00911660306156, "dvar": 0.000175353750819, "dvar2": 0.000359603494871, "max": 0.187322035432, "mean": 0.0150813739747, "median": 0.009481145069, "min": 3.29737345547e-22, "var": 0.000347421388142}, "spectral_entropy": {"dmean": 0.194653525949, "dmean2": 0.269011169672, "dvar": 0.0490691773593, "dvar2": 0.0920672267675, "max": 9.81585693359, "mean": 7.18521261215, "median": 7.36810493469, "min": 4.20659828186, "var": 0.600662469864}, "spectral_flux": {"dmean": 0.0270129069686, "dmean2": 0.0421998687088, "dvar": 0.00193834654056, "dvar2": 0.00405195448548, "max": 0.485315531492, "mean": 0.0711688548326, "median": 0.0563421547413, "min": 6.63281096713e-11, "var": 0.00387806678191}, "spectral_kurtosis": {"dmean": 3.90085291862, "dmean2": 6.48283243179, "dvar": 196.344512939, "dvar2": 601.087219238, "max": 537.042297363, "mean": 15.0273370743, "median": 4.94320964813, "min": -1.23464798927, "var": 2307.2265625}, "spectral_rms": {"dmean": 0.000911306065973, "dmean2": 0.0013212285703, "dvar": 2.09536187867e-06, "dvar2": 4.6733880481e-06, "max": 0.0179839730263, "mean": 0.00477706687525, "median": 0.00470277667046, "min": 3.19212711819e-12, "var": 6.32133969702e-06}, "spectral_rolloff": {"dmean": 303.266204834, "dmean2": 511.560974121, "dvar": 260115.75, "dvar2": 628584.75, "max": 19186.0839844, "mean": 1111.80737305, "median": 861.328125, "min": 64.599609375, "var": 2383198.5}, "spectral_skewness": {"dmean": 0.279736071825, "dmean2": 0.440748631954, "dvar": 0.163036093116, "dvar2": 0.433074325323, "max": 19.4772491455, "mean": 2.36076259613, "median": 1.74443650246, "min": -0.0330092795193, "var": 4.90703105927}, "spectral_spread": {"dmean": 802843.3125, "dmean2": 1130061.375, "dvar": 1288347975680.0, "dvar2": 2532338040830.0, "max": 41476828, "mean": 4757810.5, "median": 4629403, "min": 215782.953125, "var": 4546654896130.0}, "spectral_strongpeak": {"dmean": 0.365065306425, "dmean2": 0.610800266266, "dvar": 0.597346305847, "dvar2": 1.45390975475, "max": 15.834939003, "mean": 0.707334399223, "median": 0.458208799362, "min": 0, "var": 0.761063814163}, "zerocrossingrate": {"dmean": 0.00880042277277, "dmean2": 0.0111880432814, "dvar": 0.000100931290945, "dvar2": 0.000142847013194, "max": 0.50537109375, "mean": 0.0523031689227, "median": 0.046875, "min": 0.00537109375, "var": 0.00170210911892}, "barkbands": {"dmean": [0.000184603326488, 0.00611133035272, 0.00193215615582, 0.001622730284, 0.00488350912929, 0.000653630355373, 0.000119874675875, 0.000134624555358, 0.000265006470727, 0.000284683890641, 0.000579633982852, 0.000164518554811, 0.00011545860616, 0.000131619293825, 0.000304354791297, 0.000167922422406, 0.000301250373013, 9.4803290267e-05, 9.85235892585e-05, 9.03422478586e-05, 6.50564397802e-05, 3.84741833841e-05, 5.222418622e-05, 5.12084880029e-05, 7.49199025449e-05, 4.94339037687e-05, 2.76165992545e-05], "dmean2": [0.000290438823868, 0.0102862752974, 0.00345778581686, 0.00255995895714, 0.00680647650734, 0.000965721264947, 0.000190901235328, 0.000187468351214, 0.000397216470446, 0.000421239266871, 0.000833461410366, 0.000250048324233, 0.000182624833542, 0.000207531978958, 0.000469434162369, 0.000267380877631, 0.000486717704916, 0.000155906353029, 0.000161337724421, 0.00014658125292, 9.94693400571e-05, 6.01061037742e-05, 7.80630434747e-05, 7.44014105294e-05, 0.000110005814349, 7.63847492635e-05, 4.35739093518e-05], "dvar": [2.38557703369e-07, 0.000398516829591, 3.02309199469e-05, 1.1781631656e-05, 0.000104621809442, 1.87588045719e-06, 4.77256030251e-08, 7.46253903117e-08, 2.83947201751e-07, 2.57086128386e-07, 9.84995949693e-07, 9.05672195017e-08, 3.83955374161e-08, 6.80362006733e-08, 6.13283020812e-07, 1.77390646172e-07, 6.13097313362e-07, 2.93052586642e-08, 3.6354077082e-08, 2.65440949221e-08, 1.57099950826e-08, 9.07543729056e-09, 1.87811775021e-08, 1.19361693862e-08, 2.89583983459e-08, 1.38612969991e-08, 5.15172260407e-09], "dvar2": [6.18401998054e-07, 0.00104729144368, 8.74649558682e-05, 2.89138970402e-05, 0.000214781612158, 4.4418707148e-06, 1.1889420648e-07, 1.36990479405e-07, 6.15751787336e-07, 5.48736466044e-07, 1.86907641364e-06, 2.03180206881e-07, 9.3234866938e-08, 1.60953590012e-07, 1.1863327245e-06, 4.25031856821e-07, 1.37704171266e-06, 7.96194115082e-08, 9.32015353783e-08, 6.92213717457e-08, 3.55146383413e-08, 2.14865103487e-08, 4.48651178431e-08, 2.5393029901e-08, 6.57506262769e-08, 3.23229762955e-08, 1.25031380804e-08], "max": [0.00612468505278, 0.236550241709, 0.0780036076903, 0.0567570813, 0.151567071676, 0.0421646274626, 0.00375659950078, 0.00783016253263, 0.016693353653, 0.0140996854752, 0.0197688546032, 0.00666056200862, 0.00399652449414, 0.00992940180004, 0.0306560583413, 0.0108797196299, 0.0338953323662, 0.0022427556105, 0.00276142777875, 0.00223661353812, 0.00245983363129, 0.00154396111611, 0.00232766405679, 0.00187677890062, 0.00286034750752, 0.00174962822348, 0.00132235419005], "mean": [0.000285472866381, 0.00736680720001, 0.0024889651686, 0.00240082875825, 0.00923878420144, 0.00173913920298, 0.000283520232188, 0.000407481420552, 0.000630807073321, 0.000670615409035, 0.00104739388917, 0.000333103351295, 0.000222534363274, 0.000244856957579, 0.000596392259467, 0.00028755312087, 0.000510110810865, 0.000172316402313, 0.000191294733668, 0.000191749539226, 0.000139667114126, 7.42257907405e-05, 7.50626859372e-05, 8.43760572025e-05, 9.79806427495e-05, 6.22067891527e-05, 2.68772728305e-05], "median": [5.31570403837e-05, 0.00278557045385, 0.00113287358545, 0.00103669113014, 0.00394817907363, 0.000927194312681, 0.000154746929184, 0.000173931795871, 0.000220053072553, 0.000302656844724, 0.000471746869152, 0.000145956117194, 0.000115530230687, 0.000110557113658, 0.000189054291695, 0.000100761957583, 0.000182490271982, 7.43394994061e-05, 7.75801381678e-05, 8.23817390483e-05, 9.10100498004e-05, 3.28989699483e-05, 2.67739305855e-05, 2.78278494079e-05, 3.21837578667e-05, 1.72681757249e-05, 4.51137566415e-06], "min": [9.05783423124e-24, 5.40227370126e-24, 9.74698706235e-24, 8.59483362217e-24, 1.6101561421e-23, 4.66180980701e-23, 5.77357703983e-23, 1.26142613723e-23, 1.11442645138e-22, 1.87122271671e-23, 4.12320681981e-23, 8.80408844361e-23, 7.85594705529e-23, 5.36094851277e-23, 8.33999336891e-23, 9.63262968345e-23, 1.02668593362e-22, 1.62004375625e-22, 2.12565399292e-22, 2.03828417668e-22, 4.18001313536e-22, 2.5051079528e-22, 4.77540142284e-22, 8.47821858647e-22, 1.03017166384e-21, 1.56360581981e-21, 2.2721253944e-21], "var": [3.32233724976e-07, 0.000328129477566, 2.29448742175e-05, 1.53700948431e-05, 0.000209802339668, 6.02081763645e-06, 1.24508233057e-07, 4.42604658701e-07, 1.4216617501e-06, 1.12668226393e-06, 2.85007672574e-06, 2.42968155817e-07, 9.93022908347e-08, 1.9083257996e-07, 1.85149337995e-06, 3.11228035343e-07, 1.09835696094e-06, 5.72461544834e-08, 7.52581286179e-08, 6.4284094492e-08, 3.41493056055e-08, 1.61057460701e-08, 2.32370940267e-08, 2.53441712061e-08, 3.71140380651e-08, 1.64511924083e-08, 4.9974651084e-09]}, "erbbands": {"dmean": [0.191054522991, 1.36166799068, 2.43901395798, 3.02801156044, 19.3509883881, 11.2782592773, 6.8674530983, 4.95867538452, 2.37704014778, 1.38452160358, 3.99917316437, 6.95875310898, 8.54108524323, 10.8273239136, 16.3968963623, 8.02027797699, 5.55254650116, 5.62334251404, 16.6167984009, 8.49659729004, 13.8010530472, 11.8269147873, 5.00731992722, 5.58506011963, 4.151242733, 4.75770235062, 3.11745452881, 2.11431479454, 1.27356088161, 1.26557660103, 1.65520083904, 1.1873472929, 0.803694784641, 0.550190806389, 0.649406313896, 0.315529435873, 0.0773601457477, 0.0250171665102, 0.00388029124588, 0.000318007223541], "dmean2": [0.303870856762, 2.38782405853, 4.39027690887, 4.89226388931, 26.4581604004, 17.418094635, 10.5322380066, 7.44348287582, 3.75521063805, 2.19492077827, 5.60361862183, 10.3419322968, 12.447807312, 15.78079319, 23.8397769928, 12.0910491943, 8.73354625702, 8.81987190247, 25.1896076202, 13.6306600571, 21.8727226257, 19.0219364166, 8.14893817902, 9.18795967102, 6.68223333359, 7.72390365601, 4.90035629272, 3.27568125725, 1.98058855534, 1.87174069881, 2.51973867416, 1.75628733635, 1.15751755238, 0.790372312069, 0.988580107689, 0.495270758867, 0.118585415184, 0.038215238601, 0.00613414309919, 0.000505393138155], "dvar": [0.320415735245, 21.9912395477, 56.8025436401, 34.1158905029, 1901.35656738, 476.64831543, 160.130371094, 134.449478149, 16.515619278, 9.44861698151, 56.826335907, 217.003356934, 238.804199219, 312.260559082, 772.216308594, 216.811599731, 85.6511230469, 91.1799850464, 2188.57763672, 259.694824219, 1100.88000488, 938.661193848, 77.9255981445, 116.735168457, 61.0792922974, 77.8834991455, 32.8081245422, 21.996263504, 8.77434253693, 8.88951873779, 24.2548866272, 6.13564920425, 3.46718907356, 1.39968085289, 2.67511558533, 0.713491439819, 0.0329319499433, 0.0041000014171, 0.000110444554593, 6.59212901155e-07], "dvar2": [0.791465997696, 60.0544891357, 163.937469482, 86.9508285522, 3750.25024414, 1181.75415039, 388.612030029, 320.124023438, 41.032333374, 22.5108852386, 105.032051086, 458.307373047, 493.488006592, 624.692199707, 1515.96789551, 480.754455566, 203.829483032, 213.801712036, 4135.38574219, 631.70135498, 2649.59155273, 2168.32397461, 209.367156982, 303.395568848, 158.415023804, 203.755004883, 77.4911575317, 51.9271316528, 19.6793556213, 17.769525528, 60.5775718689, 12.6061830521, 7.5711979866, 2.8104224205, 6.38918304443, 1.72910034657, 0.0761108994484, 0.00954464543611, 0.000272891484201, 1.61098330409e-06], "max": [6.39139890671, 54.9209709167, 98.2002105713, 80.2658615112, 623.186828613, 408.330627441, 198.770675659, 421.97946167, 79.6963806152, 82.0901794434, 222.567871094, 494.547729492, 574.614990234, 352.935852051, 542.586120605, 344.104278564, 186.644546509, 216.611907959, 1878.81213379, 235.81137085, 933.159851074, 1260.05371094, 122.636505127, 188.874404907, 115.874519348, 119.843788147, 103.894012451, 85.8878097534, 48.1434822083, 44.3944206238, 78.0155715942, 56.4747085571, 27.3964920044, 25.0927696228, 24.0690937042, 12.7380895615, 3.57052707672, 1.27243793011, 0.186783462763, 0.012436138466], "mean": [0.227144256234, 1.56477677822, 3.15868616104, 5.27145910263, 29.4606246948, 23.6936359406, 18.0773277283, 12.3621864319, 5.75051927567, 3.56966876984, 12.8263568878, 17.3212356567, 20.8492584229, 24.5126075745, 31.6493911743, 17.2807559967, 11.8760137558, 11.9031295776, 32.4194335938, 17.147146225, 25.770986557, 21.5272026062, 10.1266012192, 10.5084629059, 8.81338977814, 9.70333480835, 7.00715017319, 4.18994379044, 2.56795930862, 2.20410227776, 2.24012231827, 2.02762079239, 1.22781479359, 0.834507346153, 0.792469322681, 0.380894333124, 0.0972874164581, 0.0273831356317, 0.00381810497493, 0.000324479740812], "median": [0.0537324734032, 0.619356751442, 1.62461090088, 3.07326936722, 8.40193367004, 11.4752855301, 10.9998016357, 5.65165090561, 2.99874687195, 1.94081437588, 6.67014217377, 6.34999847412, 11.1086463928, 13.1472415924, 15.9970264435, 8.86867904663, 6.7440328598, 6.61202144623, 10.1570768356, 7.72216939926, 9.38820457458, 8.38433551788, 5.18256855011, 4.86684989929, 3.81921863556, 4.4303612709, 4.5931186676, 2.52286100388, 1.26123976707, 0.737364411354, 0.789879560471, 0.729748725891, 0.367931962013, 0.256963610649, 0.253424584866, 0.105055645108, 0.0255346875638, 0.00579174887389, 0.000670442241244, 7.29772582417e-05], "min": [3.23399977822e-22, 4.98453008965e-22, 7.58552652148e-21, 2.28008054544e-20, 5.31489166777e-20, 6.64707864587e-20, 1.4367106189e-19, 2.53484277139e-19, 9.46796512597e-19, 3.05884204391e-19, 5.55365651148e-19, 2.79464562274e-18, 1.95301395809e-18, 8.7457558011e-19, 1.90946413961e-18, 3.61071037542e-18, 4.47848818526e-18, 2.55276684469e-18, 3.39111604987e-18, 5.34619568474e-18, 6.06666131288e-18, 6.60040911571e-18, 8.37154590943e-18, 8.91284297612e-18, 1.14696152361e-17, 1.02835325363e-17, 1.71597741263e-17, 1.39627260218e-17, 1.01298680211e-17, 1.36449629352e-17, 1.35678473682e-17, 1.83534966662e-17, 1.38313755308e-17, 1.07527126885e-17, 7.69375907859e-18, 5.4731625321e-18, 2.87134677222e-18, 1.27164212647e-18, 2.74262407892e-19, 3.56896478003e-20], "var": [0.318795502186, 15.9727058411, 40.5673980713, 47.6688613892, 3335.68481445, 1027.39221191, 463.789306641, 432.251190186, 60.2846221924, 28.5668697357, 348.298248291, 1082.65258789, 1127.68017578, 1202.48278809, 2246.83520508, 589.766967773, 246.989776611, 250.232559204, 6281.65625, 631.918823242, 2147.64599609, 1670.65075684, 170.320114136, 222.131439209, 146.759994507, 172.908401489, 78.3978500366, 36.9344139099, 17.3577785492, 17.800485611, 24.9119281769, 13.790930748, 6.21612787247, 2.44638347626, 2.95296812057, 0.739531040192, 0.0410602837801, 0.00443933112547, 0.000103365324321, 6.40566156562e-07]}, "gfcc": {"mean": [-33.2435760498, 96.1066055298, -91.1610336304, 18.0705184937, -44.2413024902, 10.0552024841, -34.9059104919, 1.43194162846, -32.3620986938, -6.04585599899, -21.8406867981, 0.975614130497, -2.65187525749], "cov": [[25979.1054688, -2833.98291016, -2432.45043945, 1592.47790527, 1101.21191406, 1491.12646484, 169.576568604, 549.135803223, -737.419006348, -63.6774864197, -491.280700684, 383.004058838, 275.121582031], [-2833.98291016, 2331.75, 175.833984375, -420.960510254, -187.969467163, -284.685302734, 90.3868713379, -157.132858276, 152.347442627, -97.1123504639, 99.4583892822, -153.43598938, 15.0657320023], [-2432.45043945, 175.833984375, 1464.70153809, -98.3923416138, -177.509307861, -95.1745681763, 2.46230578423, -29.2788295746, 131.592803955, 74.6861190796, 72.2462463379, -25.097984314, -129.51902771], [1592.47790527, -420.960510254, -98.3923416138, 496.289733887, 237.182312012, 94.0548248291, 28.3497161865, 87.1728439331, -9.69713115692, 49.12915802, -32.0637817383, 34.8487434387, 27.7718544006], [1101.21191406, -187.969467163, -177.509307861, 237.182312012, 315.143249512, 120.413635254, 54.0939712524, 62.0142173767, -0.8363956213, 39.3235778809, -19.4109230042, 38.3624229431, 44.2064933777], [1491.12646484, -284.685302734, -95.1745681763, 94.0548248291, 120.413635254, 279.851837158, 72.7934570312, 71.7663421631, -34.8584594727, 38.960521698, -16.6660518646, 82.2255935669, 38.9439544678], [169.576568604, 90.3868713379, 2.46230578423, 28.3497161865, 54.0939712524, 72.7934570312, 126.026260376, 53.2699050903, 27.9086666107, 26.2356758118, 13.3798341751, 26.9289245605, 13.1619787216], [549.135803223, -157.132858276, -29.2788295746, 87.1728439331, 62.0142173767, 71.7663421631, 53.2699050903, 149.458831787, 51.0185165405, 40.9332199097, -6.83348178864, 52.4718017578, -3.67716360092], [-737.419006348, 152.347442627, 131.592803955, -9.69713115692, -0.8363956213, -34.8584594727, 27.9086666107, 51.0185165405, 143.010238647, 62.3624801636, 31.8924865723, 11.7681274414, -10.0968856812], [-63.6774864197, -97.1123504639, 74.6861190796, 49.12915802, 39.3235778809, 38.960521698, 26.2356758118, 40.9332199097, 62.3624801636, 133.792327881, 35.578327179, 43.298324585, 9.55347537994], [-491.280700684, 99.4583892822, 72.2462463379, -32.0637817383, -19.4109230042, -16.6660518646, 13.3798341751, -6.83348178864, 31.8924865723, 35.578327179, 86.3523864746, 20.8596916199, -2.06881093979], [383.004058838, -153.43598938, -25.097984314, 34.8487434387, 38.3624229431, 82.2255935669, 26.9289245605, 52.4718017578, 11.7681274414, 43.298324585, 20.8596916199, 116.019180298, 38.3448677063], [275.121582031, 15.0657320023, -129.51902771, 27.7718544006, 44.2064933777, 38.9439544678, 13.1619787216, -3.67716360092, -10.0968856812, 9.55347537994, -2.06881093979, 38.3448677063, 86.005821228]], "icov": [[9.14603297133e-05, -2.55381219176e-05, 8.49039788591e-05, -0.000192257168237, 1.88139983948e-05, -0.000347103137756, 0.000121626842883, -0.000200161521207, 0.000346635992173, -2.5583040042e-05, 0.000207028962905, -5.12661972607e-05, 9.35459902394e-05], [-2.55381219176e-05, 0.000859505787957, -3.62966165994e-05, 0.000519426190294, -8.14580052975e-05, 0.000540997833014, -0.00119569990784, 0.000687699473929, -0.00121429329738, 0.00086617434863, -0.000737582915463, 0.00091204571072, -0.000945102714468], [8.49039788591e-05, -3.62966165994e-05, 0.00104010466021, -0.000379059143597, 0.000508593337145, -0.000448554026661, -0.0001269261993, 0.000593252014369, -0.000515112187713, -0.000359846220817, 8.89614020707e-05, -0.000431515189121, 0.00158399809152], [-0.000192257168237, 0.000519426190294, -0.000379059143597, 0.00417948141694, -0.00258344481699, 0.00134943518788, -0.000267204886768, -0.00093912682496, -0.000124453639728, -0.000447956932476, -0.000197445173399, 0.000936436699703, -0.00106592220254], [1.88139983948e-05, -8.14580052975e-05, 0.000508593337145, -0.00258344481699, 0.00618988415226, -0.00157970364671, -0.00101383763831, 0.000208560653846, -0.000669246655889, -0.000469280668767, 0.000393325724872, 0.000416524009779, -0.000950672547333], [-0.000347103137756, 0.000540997833014, -0.000448554026661, 0.00134943518788, -0.00157970364671, 0.00838812254369, -0.00372354104184, -0.000429645733675, 0.00154515518807, -0.00111975090113, 0.000547556206584, -0.00247624213807, -0.00110747222789], [0.000121626842883, -0.00119569990784, -0.0001269261993, -0.000267204886768, -0.00101383763831, -0.00372354104184, 0.0131895812228, -0.00433417689055, 0.000522399612237, -0.000522753165569, -0.00135554745793, 0.000460942421341, -0.000399832613766], [-0.000200161521207, 0.000687699473929, 0.000593252014369, -0.00093912682496, 0.000208560653846, -0.000429645733675, -0.00433417689055, 0.0146199502051, -0.00701946392655, 0.000697533949278, 0.00260370597243, -0.00486846547574, 0.00442381808534], [0.000346635992173, -0.00121429329738, -0.000515112187713, -0.000124453639728, -0.000669246655889, 0.00154515518807, 0.000522399612237, -0.00701946392655, 0.0159794781357, -0.00599310128018, -0.000143987359479, -6.96970746503e-05, 0.000201873219339], [-2.5583040042e-05, 0.00086617434863, -0.000359846220817, -0.000447956932476, -0.000469280668767, -0.00111975090113, -0.000522753165569, 0.000697533949278, -0.00599310128018, 0.0131524372846, -0.00418160110712, -0.00104147358797, -0.00140988314524], [0.000207028962905, -0.000737582915463, 8.89614020707e-05, -0.000197445173399, 0.000393325724872, 0.000547556206584, -0.00135554745793, 0.00260370597243, -0.000143987359479, -0.00418160110712, 0.0172204766423, -0.00541020045057, 0.0028072334826], [-5.12661972607e-05, 0.00091204571072, -0.000431515189121, 0.000936436699703, 0.000416524009779, -0.00247624213807, 0.000460942421341, -0.00486846547574, -6.96970746503e-05, -0.00104147358797, -0.00541020045057, 0.0173738002777, -0.00808808580041], [9.35459902394e-05, -0.000945102714468, 0.00158399809152, -0.00106592220254, -0.000950672547333, -0.00110747222789, -0.000399832613766, 0.00442381808534, 0.000201873219339, -0.00140988314524, 0.0028072334826, -0.00808808580041, 0.0193172898144]]}, "melbands": {"dmean": [0.00169531884603, 0.00143719848711, 0.00100878195371, 0.00117687205784, 0.000278431543848, 0.000112424801046, 3.32329291268e-05, 1.52206421262e-05, 3.77931391995e-05, 4.08516352763e-05, 4.28770290455e-05, 4.18772797275e-05, 8.06983080111e-05, 1.78205918928e-05, 1.54166536959e-05, 1.04377968455e-05, 1.18853722597e-05, 2.56653402175e-05, 1.65298079082e-05, 1.00259630926e-05, 2.04676598514e-05, 1.7176498659e-05, 5.7793436099e-06, 4.85779992232e-06, 5.02380544276e-06, 3.47556101588e-06, 3.11501139549e-06, 3.29278464051e-06, 2.2715491923e-06, 1.74967942712e-06, 1.284736868e-06, 7.50975800656e-07, 7.82566530688e-07, 6.89538865117e-07, 9.98525024443e-07, 8.15871146642e-07, 7.69993732774e-07, 5.80556331897e-07, 5.26558778802e-07, 4.55599376892e-07], "dmean2": [0.00277219968848, 0.00257424870506, 0.0014952897327, 0.00164925807621, 0.000436603295384, 0.000167498539668, 5.2719758969e-05, 2.3594011509e-05, 5.38318599865e-05, 6.09809685557e-05, 6.27275658189e-05, 6.14064847468e-05, 0.000116589049867, 2.69652628049e-05, 2.36823780142e-05, 1.65457531693e-05, 1.87515470316e-05, 3.90721033909e-05, 2.59513744822e-05, 1.59996270668e-05, 3.25529872498e-05, 2.77012532024e-05, 9.62820286077e-06, 7.83172890806e-06, 8.32180739962e-06, 5.66215294384e-06, 5.0325193115e-06, 5.40102018931e-06, 3.64283141607e-06, 2.79083633359e-06, 2.02726982934e-06, 1.20793333735e-06, 1.20368861189e-06, 1.03566480902e-06, 1.56754640557e-06, 1.21720972857e-06, 1.16623857593e-06, 8.6018434331e-07, 7.64156084188e-07, 6.6913014507e-07], "dvar": [2.84882898995e-05, 2.22708131332e-05, 4.37887138105e-06, 6.39529116597e-06, 2.61684789393e-07, 6.25186160619e-08, 3.28752824963e-09, 9.98338078873e-10, 4.25552837413e-09, 7.05427805059e-09, 5.97061466934e-09, 5.01508745643e-09, 1.91885423106e-08, 1.07819253525e-09, 6.52447873506e-10, 3.3064689875e-10, 4.3308229225e-10, 4.96182872567e-09, 1.36131028672e-09, 3.9892708581e-10, 2.57794052771e-09, 2.19089790754e-09, 1.1679991696e-10, 7.87501799882e-11, 9.93287466167e-11, 4.72872990764e-11, 3.03316538552e-11, 3.86994152002e-11, 1.68030381276e-11, 1.18545806851e-11, 8.06791439212e-12, 2.94257435259e-12, 3.77751866246e-12, 2.49012377558e-12, 1.02647283035e-11, 3.71582972725e-12, 2.67908720382e-12, 1.78443013404e-12, 1.654424861e-12, 1.00446062058e-12], "dvar2": [7.31764303055e-05, 6.26626278972e-05, 9.39423716773e-06, 1.33459579956e-05, 6.54378993659e-07, 1.47412663409e-07, 8.16274514648e-09, 2.34258701326e-09, 8.3340845336e-09, 1.50071848282e-08, 1.24473489294e-08, 1.0161675057e-08, 3.67722954309e-08, 2.41188713446e-09, 1.52661416841e-09, 8.2097473264e-10, 1.02459207785e-09, 9.54834966649e-09, 2.9384716882e-09, 9.76480341031e-10, 6.19877393859e-09, 4.99298558054e-09, 3.16288689683e-10, 2.00689215246e-10, 2.60149457532e-10, 1.24054544415e-10, 7.78251352251e-11, 1.02376447597e-10, 4.09887748742e-11, 2.87413304961e-11, 1.9562223369e-11, 7.16522804631e-12, 8.31295622616e-12, 4.82847529321e-12, 2.61969491239e-11, 8.46772912205e-12, 5.64885811738e-12, 4.00018516575e-12, 3.6685975438e-12, 2.0067318033e-12], "max": [0.0612161904573, 0.0563521869481, 0.0303616616875, 0.0356245264411, 0.00932474341244, 0.00880241952837, 0.00106232019607, 0.000738086760975, 0.0017618475249, 0.00322956452146, 0.00281966105103, 0.00145192642231, 0.00275969668292, 0.000692924368195, 0.000605682027526, 0.000349762907717, 0.000495278276503, 0.00278843706474, 0.00114107888658, 0.000506525160745, 0.00153859099373, 0.00201136153191, 0.000238083215663, 0.000161908363225, 0.000180158458534, 0.000117185016279, 8.76818448887e-05, 8.4308667283e-05, 7.62303316151e-05, 6.85190461809e-05, 5.39869070053e-05, 2.87719758489e-05, 3.11265794153e-05, 2.3244852855e-05, 5.2975879953e-05, 3.59836230928e-05, 4.60077499156e-05, 2.1034720703e-05, 2.28577973758e-05, 2.41298366745e-05], "mean": [0.00202332530171, 0.00183395459317, 0.00166957615875, 0.00205969810486, 0.000719441159163, 0.000289121817332, 7.85368465586e-05, 4.05431965191e-05, 0.000114946786198, 9.90591870504e-05, 0.000100279641629, 9.24198466237e-05, 0.000146506252349, 3.64081424777e-05, 3.39699763572e-05, 2.0234096155e-05, 2.19310168177e-05, 4.91321225127e-05, 3.25486143993e-05, 1.87163677765e-05, 3.54124858859e-05, 2.81344382529e-05, 9.84199778031e-06, 8.61539683683e-06, 8.54998506838e-06, 6.36180448055e-06, 6.53293318464e-06, 6.15144972471e-06, 4.58571230411e-06, 3.36851985594e-06, 2.19598996409e-06, 1.42554381455e-06, 1.34522042572e-06, 1.13446890282e-06, 1.251498702e-06, 1.2306508097e-06, 1.27525709104e-06, 8.53857955008e-07, 7.39404129035e-07, 6.81611311393e-07], "median": [0.000644400133751, 0.00098880007863, 0.000772640516516, 0.000805522082373, 0.000451728352346, 0.00013840624888, 4.03118938266e-05, 2.18998229684e-05, 6.1073777033e-05, 3.71517708118e-05, 5.01815338794e-05, 4.77763824165e-05, 6.64370527375e-05, 1.63766635524e-05, 2.00804533961e-05, 1.09276898002e-05, 1.10349883471e-05, 1.58362072398e-05, 1.11576118798e-05, 8.04105911811e-06, 1.14673011922e-05, 9.50579487835e-06, 4.45028035756e-06, 3.68601240552e-06, 3.34930086865e-06, 2.61258492174e-06, 2.51782853411e-06, 2.69239353656e-06, 2.7407431844e-06, 1.9768040147e-06, 1.06346669781e-06, 6.92330104357e-07, 4.47526360858e-07, 3.58852787485e-07, 4.1639208348e-07, 4.46910320306e-07, 3.91556682189e-07, 2.42736120981e-07, 2.07109110306e-07, 1.9432944498e-07], "min": [2.86660279208e-24, 2.80798115771e-24, 5.59755345733e-24, 3.87833800506e-24, 5.95732057291e-24, 7.1556152763e-24, 1.39346488668e-23, 2.36970699928e-24, 5.77853195406e-24, 1.8354470858e-23, 9.17578629151e-24, 2.06158325451e-24, 5.30201105793e-24, 1.05220452683e-23, 9.88597883182e-24, 6.30981636309e-24, 4.4283657492e-24, 4.78406313136e-24, 6.9520962625e-24, 5.64853241004e-24, 8.03547365352e-24, 6.80282800201e-24, 7.92422691094e-24, 6.05563670196e-24, 7.04336904695e-24, 8.2574157249e-24, 7.44265809388e-24, 6.10442617122e-24, 1.01694686199e-23, 7.94351692666e-24, 8.13438103381e-24, 5.89266079995e-24, 5.18394461283e-24, 8.23635313873e-24, 7.58584029248e-24, 9.12259418953e-24, 1.04162818979e-23, 7.58167195146e-24, 9.59943299661e-24, 8.4596875496e-24], "var": [2.52492627624e-05, 1.58129660122e-05, 7.06170567355e-06, 1.16951196105e-05, 7.75865260039e-07, 2.10525698208e-07, 1.14402478602e-08, 3.22613979975e-09, 2.50070719687e-08, 3.49055930826e-08, 2.76037486202e-08, 1.94132070419e-08, 5.59710073844e-08, 2.86676504757e-09, 1.784264958e-09, 7.14670600477e-10, 1.07868303179e-09, 1.36964715125e-08, 4.17143164455e-09, 8.23219659107e-10, 4.76170036734e-09, 3.64318308854e-09, 1.94227495198e-10, 1.57969026748e-10, 1.68790981192e-10, 8.80341771703e-11, 7.94051560615e-11, 7.51398387955e-11, 3.61173764507e-11, 2.20331114464e-11, 1.21421830923e-11, 5.10850953553e-12, 7.19679003891e-12, 4.88610193972e-12, 9.43328574976e-12, 5.46337064131e-12, 6.19038761224e-12, 3.10239225802e-12, 2.41351817004e-12, 1.72985909451e-12]}, "mfcc": {"mean": [-679.385559082, 134.85005188, 7.87683439255, 19.6551094055, 8.82890224457, 7.88782644272, 5.08203649521, 3.11971020699, 1.87254416943, -4.52522420883, -15.8914270401, -4.9805560112, -7.11234092712], "cov": [[15441.8554688, -1088.19433594, -1172.69262695, 759.450500488, 648.524169922, 600.466003418, 725.041687012, 509.733062744, 430.782409668, 261.029418945, -223.997543335, -234.767456055, -32.8515167236], [-1088.19433594, 1739.26220703, 0.138716876507, -159.441360474, -170.831939697, -29.51404953, -73.5405349731, 6.44720458984, -3.21924161911, -69.0500335693, -29.9300022125, 101.965591431, -1.21448969841], [-1172.69262695, 0.138716876507, 829.862915039, -54.9847106934, -22.3456630707, -18.9148902893, -70.334022522, -33.2497749329, -91.3673400879, -29.2820262909, 69.9477310181, 39.0640525818, -7.35133218765], [759.450500488, -159.441360474, -54.9847106934, 364.350799561, 154.405273438, 67.6214599609, 42.7565155029, 18.9588165283, 42.2917785645, 47.5187301636, 37.7626686096, -21.8373336792, 20.8838043213], [648.524169922, -170.831939697, -22.3456630707, 154.405273438, 204.240509033, 81.7037963867, 55.0488395691, 29.0148277283, 36.5820541382, 41.0038490295, 10.4529314041, -23.5033626556, 6.61843729019], [600.466003418, -29.51404953, -18.9148902893, 67.6214599609, 81.7037963867, 181.902191162, 84.5754623413, 54.8308677673, 51.9494514465, 31.3140468597, 6.49628639221, 8.50538444519, 30.518951416], [725.041687012, -73.5405349731, -70.334022522, 42.7565155029, 55.0488395691, 84.5754623413, 148.15020752, 60.3632164001, 29.1328907013, 23.1793937683, -19.057970047, -4.64288473129, 1.08523416519], [509.733062744, 6.44720458984, -33.2497749329, 18.9588165283, 29.0148277283, 54.8308677673, 60.3632164001, 148.390426636, 69.1696166992, 17.1100158691, 21.2013149261, 28.9262390137, 21.0420284271], [430.782409668, -3.21924161911, -91.3673400879, 42.2917785645, 36.5820541382, 51.9494514465, 29.1328907013, 69.1696166992, 118.947593689, 39.2152481079, 8.39764499664, 15.7580709457, 21.530424118], [261.029418945, -69.0500335693, -29.2820262909, 47.5187301636, 41.0038490295, 31.3140468597, 23.1793937683, 17.1100158691, 39.2152481079, 85.078125, 34.9306640625, 2.94044756889, 12.9649047852], [-223.997543335, -29.9300022125, 69.9477310181, 37.7626686096, 10.4529314041, 6.49628639221, -19.057970047, 21.2013149261, 8.39764499664, 34.9306640625, 116.424827576, 45.5045166016, 30.8483486176], [-234.767456055, 101.965591431, 39.0640525818, -21.8373336792, -23.5033626556, 8.50538444519, -4.64288473129, 28.9262390137, 15.7580709457, 2.94044756889, 45.5045166016, 125.499298096, 52.1141815186], [-32.8515167236, -1.21448969841, -7.35133218765, 20.8838043213, 6.61843729019, 30.518951416, 1.08523416519, 21.0420284271, 21.530424118, 12.9649047852, 30.8483486176, 52.1141815186, 91.4914474487]], "icov": [[0.00011269695824, 3.79062839784e-05, 8.92291864147e-05, -0.000124990649056, -6.34997850284e-05, -0.000101719953818, -0.000216462954995, -0.000240845343797, -3.34315664077e-05, -0.000132950823172, 0.000228453893214, 6.08734371781e-05, 8.81576997926e-05], [3.79062839784e-05, 0.000701848417521, 7.66810699133e-05, -3.20764338539e-05, 0.000440172239905, -0.000347070686985, 0.000336795754265, -0.000206619457458, -7.09770174581e-05, 0.000197408269742, 0.000390516419429, -0.00066634855466, 0.00040048151277], [8.92291864147e-05, 7.66810699133e-05, 0.00157610152382, 0.000116351009638, -0.00027006858727, -0.000616158649791, 0.000554914120585, -0.000420667580329, 0.00123783142772, 0.000202746436116, -0.000717786024325, -0.00040705446736, 0.000602227577474], [-0.000124990649056, -3.20764338539e-05, 0.000116351009638, 0.00451699038967, -0.00288465479389, 0.000145956204506, -0.000169493738213, 0.000959999160841, -0.000664710649289, 0.000243183982093, -0.00187441718299, 0.000885624031071, -0.000876287987921], [-6.34997850284e-05, 0.000440172239905, -0.00027006858727, -0.00288465479389, 0.00904997531325, -0.00232016667724, -0.000345316162566, -0.000276655366179, -0.000190442064195, -0.00148902449291, 0.000454098451883, 0.000688024505507, 0.000517595559359], [-0.000101719953818, -0.000347070686985, -0.000616158649791, 0.000145956204506, -0.00232016667724, 0.00980802904814, -0.0044135786593, 0.000274255900877, -0.00236506736837, 6.89599037287e-05, -0.000398323958507, 0.000635160424281, -0.0029192159418], [-0.000216462954995, 0.000336795754265, 0.000554914120585, -0.000169493738213, -0.000345316162566, -0.0044135786593, 0.0127957724035, -0.00422000139952, 0.00314135663211, -0.00258226902224, 0.00317735294811, -0.00137831293978, 0.00166648207232], [-0.000240845343797, -0.000206619457458, -0.000420667580329, 0.000959999160841, -0.000276655366179, 0.000274255900877, -0.00422000139952, 0.0125133413821, -0.00668556988239, 0.003194704419, -0.00356092117727, -0.00086119142361, -0.000429727748269], [-3.34315664077e-05, -7.09770174581e-05, 0.00123783142772, -0.000664710649289, -0.000190442064195, -0.00236506736837, 0.00314135663211, -0.00668556988239, 0.0159850884229, -0.00600820314139, 0.00256315991282, -0.00131984346081, -0.000481477734866], [-0.000132950823172, 0.000197408269742, 0.000202746436116, 0.000243183982093, -0.00148902449291, 6.89599037287e-05, -0.00258226902224, 0.003194704419, -0.00600820314139, 0.0186215732247, -0.00688577350229, 0.00144902314059, -0.000432324392023], [0.000228453893214, 0.000390516419429, -0.000717786024325, -0.00187441718299, 0.000454098451883, -0.000398323958507, 0.00317735294811, -0.00356092117727, 0.00256315991282, -0.00688577350229, 0.0150911686942, -0.00415519857779, -0.00101021374576], [6.08734371781e-05, -0.00066634855466, -0.00040705446736, 0.000885624031071, 0.000688024505507, 0.000635160424281, -0.00137831293978, -0.00086119142361, -0.00131984346081, 0.00144902314059, -0.00415519857779, 0.0134415607899, -0.00641920883209], [8.81576997926e-05, 0.00040048151277, 0.000602227577474, -0.000876287987921, 0.000517595559359, -0.0029192159418, 0.00166648207232, -0.000429727748269, -0.000481477734866, -0.000432324392023, -0.00101021374576, -0.00641920883209, 0.0164023656398]]}, "spectral_contrast_coeffs": {"dmean": [0.0487921983004, 0.0354520529509, 0.0359731502831, 0.029110159725, 0.0238776113838, 0.0212663449347], "dmean2": [0.0767435058951, 0.0571151711047, 0.0559048093855, 0.0453849434853, 0.0375069379807, 0.0325559303164], "dvar": [0.00183138193097, 0.000977210933343, 0.000894970551599, 0.000651193200611, 0.000505865667947, 0.000452547043096], "dvar2": [0.00429125782102, 0.00244480324909, 0.0020799189806, 0.00143390451558, 0.00109677109867, 0.00092562584905], "max": [-0.219267860055, -0.437536239624, -0.489281892776, -0.524718284607, -0.593299150467, -0.577620327473], "mean": [-0.602247059345, -0.697936058044, -0.718163907528, -0.756741046906, -0.775294065475, -0.779354095459], "median": [-0.61832678318, -0.699355363846, -0.715935647488, -0.758746504784, -0.77766752243, -0.773719549179], "min": [-0.973340809345, -0.967291772366, -0.968515336514, -0.963644742966, -0.964032530785, -0.964185774326], "var": [0.0112689789385, 0.00496457051486, 0.00495302351192, 0.00465935049579, 0.00375501951203, 0.00243251095526]}, "spectral_contrast_valleys": {"dmean": [0.374202609062, 0.30436617136, 0.305302619934, 0.305636823177, 0.299490362406, 0.403126001358], "dmean2": [0.618513822556, 0.48708280921, 0.469924807549, 0.45383438468, 0.433963865042, 0.524279594421], "dvar": [0.148409843445, 0.102261967957, 0.0921397507191, 0.107610300183, 0.126136645675, 0.23239518702], "dvar2": [0.330024898052, 0.208209693432, 0.178716361523, 0.188124716282, 0.222474589944, 0.420825719833], "max": [