{"lowlevel": {"average_loudness": 0.940856337547, "barkbands_crest": {"dmean": 3.19855260849, "dmean2": 5.12177467346, "dvar": 12.2258024216, "dvar2": 29.0254402161, "max": 26.1596069336, "mean": 15.6169261932, "median": 15.2055740356, "min": 2.68333125114, "var": 36.256855011}, "barkbands_flatness_db": {"dmean": 0.0495883561671, "dmean2": 0.0710546448827, "dvar": 0.00360406260006, "dvar2": 0.00734967784956, "max": 0.566497385502, "mean": 0.252051860094, "median": 0.260290771723, "min": 0.023480610922, "var": 0.0130974436179}, "barkbands_kurtosis": {"dmean": 23.1069316864, "dmean2": 35.9792480469, "dvar": 3636.03759766, "dvar2": 8120.51123047, "max": 674.921203613, "mean": 32.0671768188, "median": 8.16235256195, "min": -1.85172140598, "var": 5538.46533203}, "barkbands_skewness": {"dmean": 1.41194605827, "dmean2": 2.11158037186, "dvar": 4.88461589813, "dvar2": 10.4083919525, "max": 23.2967472076, "mean": 3.28737521172, "median": 2.30639863014, "min": -2.969643116, "var": 12.5542650223}, "barkbands_spread": {"dmean": 7.81666517258, "dmean2": 12.7175779343, "dvar": 217.519180298, "dvar2": 525.209106445, "max": 101.860870361, "mean": 13.0537157059, "median": 5.38751173019, "min": 0.222499787807, "var": 280.484375}, "dissonance": {"dmean": 0.0352818742394, "dmean2": 0.0558109842241, "dvar": 0.00123538728803, "dvar2": 0.00284860678948, "max": 0.499999761581, "mean": 0.424465745687, "median": 0.437827974558, "min": 0.159980088472, "var": 0.0032501288224}, "dynamic_complexity": 2.97683930397, "erbbands_crest": {"dmean": 3.0508813858, "dmean2": 4.91921138763, "dvar": 8.8737859726, "dvar2": 21.8042087555, "max": 31.3711738586, "mean": 10.697725296, "median": 9.98612976074, "min": 2.12018990517, "var": 20.8628730774}, "erbbands_flatness_db": {"dmean": 0.0319633409381, "dmean2": 0.0447514280677, "dvar": 0.00139459315687, "dvar2": 0.00249712285586, "max": 0.481924235821, "mean": 0.193220615387, "median": 0.196467265487, "min": 0.0431016534567, "var": 0.00700750108808}, "erbbands_kurtosis": {"dmean": 2.49516487122, "dmean2": 3.95294332504, "dvar": 23.83618927, "dvar2": 56.5450325012, "max": 79.0003433228, "mean": 2.60625529289, "median": 0.609191894531, "min": -1.83684360981, "var": 38.3167533875}, "erbbands_skewness": {"dmean": 0.625277996063, "dmean2": 0.972376585007, "dvar": 0.526814222336, "dvar2": 1.36744606495, "max": 6.69177484512, "mean": 0.789951860905, "median": 0.688071072102, "min": -4.47811746597, "var": 1.30434608459}, "erbbands_spread": {"dmean": 12.6134901047, "dmean2": 18.4849643707, "dvar": 285.474731445, "dvar2": 532.918823242, "max": 146.561477661, "mean": 35.7804222107, "median": 28.5784740448, "min": 1.1131414175, "var": 689.924255371}, "hfc": {"dmean": 10.3696432114, "dmean2": 15.683057785, "dvar": 406.117767334, "dvar2": 936.090698242, "max": 179.527618408, "mean": 17.0577754974, "median": 8.83857631683, "min": 3.88334431278e-09, "var": 507.869293213}, "melbands_crest": {"dmean": 3.52467370033, "dmean2": 5.47103881836, "dvar": 13.3708486557, "dvar2": 29.8363132477, "max": 34.8950233459, "mean": 18.8892936707, "median": 18.2505912781, "min": 1.51515722275, "var": 49.6825447083}, "melbands_flatness_db": {"dmean": 0.0564735047519, "dmean2": 0.080758459866, "dvar": 0.0048097986728, "dvar2": 0.00957977119833, "max": 0.701137006283, "mean": 0.340587496758, "median": 0.353192210197, "min": 0.00293132290244, "var": 0.0203322209418}, "melbands_kurtosis": {"dmean": 35.0930595398, "dmean2": 50.0081634521, "dvar": 6605.94091797, "dvar2": 13005.0048828, "max": 1073.375, "mean": 51.5800132751, "median": 16.0891304016, "min": -1.83573162556, "var": 11404.8662109}, "melbands_skewness": {"dmean": 1.42084395885, "dmean2": 2.01523590088, "dvar": 3.43542551994, "dvar2": 6.66096067429, "max": 22.3698291779, "mean": 4.04297208786, "median": 3.10549926758, "min": -2.9555208683, "var": 11.451634407}, "melbands_spread": {"dmean": 6.24833917618, "dmean2": 10.2498693466, "dvar": 117.655090332, "dvar2": 283.095825195, "max": 149.184326172, "mean": 12.7929477692, "median": 5.45302963257, "min": 0.254763036966, "var": 362.144073486}, "pitch_salience": {"dmean": 0.0831281542778, "dmean2": 0.132018342614, "dvar": 0.0100524462759, "dvar2": 0.0235681161284, "max": 0.869975864887, "mean": 0.425081849098, "median": 0.437911301851, "min": 0.0223637912422, "var": 0.0310158077627}, "silence_rate_20dB": {"dmean": 0, "dmean2": 0, "dvar": 0, "dvar2": 0, "max": 1, "mean": 1, "median": 1, "min": 1, "var": 0}, "silence_rate_30dB": {"dmean": 0.0897567644715, "dmean2": 0.17954428494, "dvar": 0.081701092422, "dvar2": 0.158611014485, "max": 1, "mean": 0.842781305313, "median": 1, "min": 0, "var": 0.132500723004}, "silence_rate_60dB": {"dmean": 0.0222679004073, "dmean2": 0.0443721078336, "dvar": 0.0217721182853, "dvar2": 0.046514917165, "max": 1, "mean": 0.0662784725428, "median": 0, "min": 0, "var": 0.0618866793811}, "spectral_centroid": {"dmean": 297.427001953, "dmean2": 480.544830322, "dvar": 244120.453125, "dvar2": 566656.375, "max": 4004.89990234, "mean": 868.93939209, "median": 540.297424316, "min": 118.318328857, "var": 579269.375}, "spectral_complexity": {"dmean": 3.96197319031, "dmean2": 6.07555246353, "dvar": 49.8427391052, "dvar2": 87.3202972412, "max": 60, "mean": 10.5319404602, "median": 8, "min": 0, "var": 90.4595718384}, "spectral_decrease": {"dmean": 5.16524201188e-09, "dmean2": 7.3921717636e-09, "dvar": 6.53138039728e-17, "dvar2": 1.35171661775e-16, "max": 1.79504045227e-18, "mean": -1.3051893788e-08, "median": -7.81538744832e-09, "min": -6.3922037441e-08, "var": 1.75674937663e-16}, "spectral_energy": {"dmean": 0.0200720969588, "dmean2": 0.0286168530583, "dvar": 0.000943533377722, "dvar2": 0.0019448188832, "max": 0.244316980243, "mean": 0.0508078671992, "median": 0.030935075134, "min": 3.58541701103e-13, "var": 0.00254763290286}, "spectral_energyband_high": {"dmean": 0.000678105745465, "dmean2": 0.00108163931873, "dvar": 2.58196428149e-06, "dvar2": 6.18792546447e-06, "max": 0.0104450257495, "mean": 0.00069998431718, "median": 1.99059886654e-05, "min": 2.57726674203e-13, "var": 2.58439672507e-06}, "spectral_energyband_low": {"dmean": 0.0165837034583, "dmean2": 0.0238079819828, "dvar": 0.000967048981693, "dvar2": 0.00201932061464, "max": 0.23168541491, "mean": 0.0375001505017, "median": 0.00763555010781, "min": 6.5450201953e-15, "var": 0.00251351040788}, "spectral_energyband_middle_high": {"dmean": 0.002008468844, "dmean2": 0.00308749522083, "dvar": 2.3576325475e-05, "dvar2": 5.51795965293e-05, "max": 0.0672176927328, "mean": 0.00334575306624, "median": 0.000786505581345, "min": 5.29846857307e-14, "var": 5.32751873834e-05}, "spectral_energyband_middle_low": {"dmean": 0.00439362507313, "dmean2": 0.00693598156795, "dvar": 5.67919341847e-05, "dvar2": 0.000134047018946, "max": 0.0888864099979, "mean": 0.00995666068047, "median": 0.00664805714041, "min": 4.78855804225e-15, "var": 0.000111574576295}, "spectral_entropy": {"dmean": 0.416835695505, "dmean2": 0.604018270969, "dvar": 0.266182482243, "dvar2": 0.50804746151, "max": 8.88369083405, "mean": 6.9109044075, "median": 6.8123755455, "min": 4.00000047684, "var": 0.844862341881}, "spectral_flux": {"dmean": 0.0466888174415, "dmean2": 0.0727640241385, "dvar": 0.00357873435132, "dvar2": 0.00833728071302, "max": 0.455989539623, "mean": 0.0904436782002, "median": 0.0605135634542, "min": 5.12613223691e-06, "var": 0.0066739236936}, "spectral_kurtosis": {"dmean": 6.07008075714, "dmean2": 9.60348320007, "dvar": 69.5678863525, "dvar2": 162.175064087, "max": 215.381271362, "mean": 12.493555069, "median": 7.89805698395, "min": -0.120227336884, "var": 208.299789429}, "spectral_rms": {"dmean": 0.00133011559956, "dmean2": 0.00183867558371, "dvar": 3.08786343339e-06, "dvar2": 5.57358680453e-06, "max": 0.0154388481751, "mean": 0.00609457306564, "median": 0.0054936837405, "min": 1.87028543763e-08, "var": 1.24248126667e-05}, "spectral_rolloff": {"dmean": 603.520568848, "dmean2": 1087.95495605, "dvar": 2342002.5, "dvar2": 6022720.5, "max": 19121.484375, "mean": 1223.40209961, "median": 452.197265625, "min": 64.599609375, "var": 6420058}, "spectral_skewness": {"dmean": 0.593154430389, "dmean2": 0.899529516697, "dvar": 0.461149573326, "dvar2": 0.996931195259, "max": 12.5242881775, "mean": 2.39985537529, "median": 2.18557524681, "min": -0.346137523651, "var": 1.51580131054}, "spectral_spread": {"dmean": 1016414.625, "dmean2": 1439512.25, "dvar": 2010150600700.0, "dvar2": 3317479243780.0, "max": 11736117, "mean": 4444123, "median": 3466994.5, "min": 606742, "var": 6875305738240.0}, "spectral_strongpeak": {"dmean": 0.319496691227, "dmean2": 0.502001285553, "dvar": 0.32837292552, "dvar2": 0.7886698246, "max": 10.7382183075, "mean": 0.877898931503, "median": 0.647289216518, "min": 0, "var": 1.14359354973}, "zerocrossingrate": {"dmean": 0.0129614500329, "dmean2": 0.0162644423544, "dvar": 0.000354315212462, "dvar2": 0.000479101610836, "max": 0.5234375, "mean": 0.0442577339709, "median": 0.02490234375, "min": 0.001953125, "var": 0.00418220926076}, "barkbands": {"dmean": [0.000787191442214, 0.01493744459, 0.0030517487321, 0.000931798713282, 0.0019890035037, 0.000574818928726, 0.000940783706028, 0.0007319652359, 0.000541858549695, 0.000300451793009, 0.000241171874222, 0.000518756511156, 0.000342552841175, 0.000297367194435, 0.000282545835944, 0.000149567407789, 0.000179321170435, 0.000202296592761, 0.000111516041216, 8.45829417813e-05, 0.00011433634063, 0.000103716825834, 0.000118046395073, 0.000116719500511, 0.000101588339021, 8.32929290482e-05, 3.44193358615e-05], "dmean2": [0.00124208722264, 0.0212375000119, 0.0055276369676, 0.00169235898647, 0.00328605808318, 0.0009246476111, 0.00130796444137, 0.0011340995552, 0.000868331873789, 0.000479437352624, 0.000350599293597, 0.000838809413835, 0.000561930355616, 0.000493198283948, 0.000473336403957, 0.000244478957029, 0.000291651580483, 0.00032142517739, 0.000170296116266, 0.000131771550514, 0.00018687613192, 0.000166553538293, 0.000187904806808, 0.000190468606888, 0.0001670467027, 0.000138940362376, 5.90516719967e-05], "dvar": [3.10256723424e-06, 0.0007957170601, 0.000113103960757, 9.5372352007e-06, 1.81856285053e-05, 2.62479193225e-06, 3.45097100762e-06, 4.69800124847e-06, 3.15797865369e-06, 8.34139086692e-07, 1.84993936614e-07, 2.65759649665e-06, 1.99809028345e-06, 2.01054422178e-06, 8.55705593494e-07, 1.85472657677e-07, 3.58976109283e-07, 4.64007541723e-07, 1.12554054965e-07, 7.60311422709e-08, 8.88191777904e-08, 6.30917327271e-08, 7.33491916094e-08, 9.04449848349e-08, 6.38715889067e-08, 4.84606808016e-08, 7.71769137486e-09], "dvar2": [7.44780072637e-06, 0.00165086740162, 0.000319973914884, 2.74125250144e-05, 4.13907328038e-05, 5.86214036957e-06, 7.83480027167e-06, 1.08946260298e-05, 8.10748042568e-06, 1.87236480542e-06, 4.12513600168e-07, 6.3048901211e-06, 4.46162448497e-06, 4.86775388708e-06, 2.0852507987e-06, 4.38785576762e-07, 8.53962944802e-07, 1.07303719687e-06, 2.29029481602e-07, 1.5584592461e-07, 2.07031376931e-07, 1.53945904913e-07, 1.77071868279e-07, 2.25208637517e-07, 1.61276602739e-07, 1.25730750256e-07, 2.0119923505e-08], "max": [0.0165336225182, 0.212370201945, 0.108266189694, 0.0347541421652, 0.0757702812552, 0.0620668381453, 0.0442213900387, 0.0524147264659, 0.0410558320582, 0.0135962320492, 0.00559894228354, 0.0280512049794, 0.0398768857121, 0.0449757836759, 0.023924395442, 0.0117307174951, 0.012300176546, 0.0164609476924, 0.00532048987225, 0.012779940851, 0.00272772205062, 0.00179999915417, 0.00181966554374, 0.00241038692184, 0.00202732393518, 0.00187636329792, 0.000625081185717], "mean": [0.00113961251918, 0.0325622372329, 0.00315772765316, 0.00117953075096, 0.00379652599804, 0.000949503504671, 0.00174227869138, 0.0013325108448, 0.000819470966235, 0.000353227340383, 0.000368849636288, 0.000894652039278, 0.00036469422048, 0.000442435703008, 0.000287800881779, 0.000147308994201, 0.000191082115634, 0.000201038797968, 0.000121547505842, 0.000106009632873, 0.000114414695418, 0.000104933511466, 0.000116768875159, 0.000109476815851, 9.77695235633e-05, 7.72778003011e-05, 2.92571585305e-05], "median": [2.22244016186e-05, 0.00413693720475, 0.00136488641147, 0.000150486695929, 0.000940150988754, 0.000357440876542, 0.000400427175919, 5.06018623128e-05, 0.000117770709039, 3.59710284101e-05, 0.000106756808236, 3.0866911402e-05, 4.51676351076e-05, 1.48194567373e-05, 4.08855303249e-05, 1.72601939994e-05, 1.18415227917e-05, 1.76081593963e-05, 9.62343074207e-06, 1.0473328075e-05, 4.46457397629e-06, 3.16656610266e-06, 1.97318763639e-06, 9.98354380499e-07, 5.75585204388e-07, 1.08215317596e-06, 1.54006457365e-07], "min": [8.10219031894e-15, 2.71548344384e-15, 9.0309845508e-17, 2.39743675995e-16, 3.77613905331e-16, 8.50638184176e-16, 7.79539615012e-16, 1.15724327937e-16, 2.04919610435e-15, 4.44327564921e-15, 1.54116278912e-15, 3.55809403208e-15, 3.54965228997e-15, 2.21881085215e-15, 5.46339935572e-15, 5.7101692759e-15, 3.20018280132e-15, 8.21930278829e-15, 1.13178645058e-14, 1.31888882885e-14, 1.03931925186e-14, 1.96483369803e-14, 2.40136771281e-14, 2.50427171269e-14, 4.27984233611e-14, 5.69533772899e-14, 7.50634973558e-14], "var": [4.94522782901e-06, 0.00204617949203, 6.98178482708e-05, 8.58411658555e-06, 3.44889012922e-05, 4.99617954119e-06, 8.50176729728e-06, 2.16573989746e-05, 9.60851593845e-06, 1.06083189166e-06, 3.95396966724e-07, 8.97427617019e-06, 2.95983090837e-06, 4.77106868857e-06, 1.08237577479e-06, 2.08319320905e-07, 4.77671392218e-07, 5.2292205055e-07, 1.44090037679e-07, 1.06360815266e-07, 9.21780838326e-08, 6.27874072734e-08, 7.45603401242e-08, 7.78904549747e-08, 5.64408253467e-08, 4.15166923062e-08, 6.05759131744e-09]}, "erbbands": {"dmean": [0.54458129406, 3.30678391457, 4.46396875381, 2.95116662979, 5.01691579819, 8.46799373627, 3.12187385559, 5.89258480072, 9.03894805908, 14.5359582901, 16.9298744202, 10.9767074585, 11.3037624359, 8.63399600983, 9.59642124176, 19.8537254333, 15.272819519, 14.9708251953, 14.2951955795, 11.9091444016, 8.05837631226, 10.4451436996, 11.7130441666, 6.72419929504, 5.2187962532, 4.29389333725, 3.17548322678, 5.56068658829, 3.77782154083, 3.60319590569, 3.19269132614, 2.64739274979, 1.71689856052, 1.14078807831, 0.736441016197, 0.378243535757, 0.145208820701, 0.0437102094293, 0.00659315660596, 0.000224024930503], "dmean2": [0.734935641289, 4.8626947403, 7.60260105133, 5.4500837326, 8.56470584869, 14.1083469391, 4.90162086487, 9.66481304169, 13.0918779373, 20.4415111542, 25.9109458923, 17.7636356354, 17.9507484436, 12.2753973007, 14.9445028305, 32.2030754089, 25.545124054, 24.6091709137, 24.1503295898, 18.6329650879, 13.0698137283, 16.8696784973, 18.5502567291, 10.4711723328, 7.88614940643, 6.71228981018, 4.93140459061, 9.24231910706, 6.01475286484, 5.76962375641, 5.02733039856, 4.32475137711, 2.80112218857, 1.88477551937, 1.20629227161, 0.622698187828, 0.245468765497, 0.0756207108498, 0.0113226650283, 0.000369191548089], "dvar": [1.01584470272, 50.2461280823, 176.328811646, 113.754707336, 116.343673706, 443.936157227, 43.2099914551, 334.600006104, 524.663085938, 693.481140137, 2852.17993164, 1292.77087402, 1560.14538574, 213.457778931, 600.392456055, 3986.95922852, 3736.59912109, 4115.86425781, 2922.25170898, 1549.24938965, 480.343902588, 1127.96716309, 1619.81933594, 471.903656006, 245.658737183, 175.997314453, 68.8544540405, 213.997467041, 83.2282943726, 76.8491210938, 51.5077934265, 45.3187141418, 18.6956596375, 8.71786499023, 3.15947914124, 0.896819829941, 0.141814276576, 0.0138409463689, 0.000283881643554, 2.8500960525e-07], "dvar2": [1.81023824215, 120.966270447, 476.186950684, 329.564910889, 305.804107666, 991.099182129, 96.7385940552, 808.150268555, 1191.44812012, 1632.77612305, 6511.31494141, 3317.2277832, 3603.68310547, 472.935211182, 1254.2557373, 9836.94726562, 9339.72558594, 10545.5410156, 6606.25537109, 3512.38061523, 1171.20593262, 2679.86181641, 3749.89404297, 1026.31848145, 477.209899902, 364.496520996, 139.491790771, 530.697937012, 202.434661865, 189.963806152, 120.514808655, 114.129806519, 45.6035385132, 21.9289951324, 7.91559171677, 2.26085805893, 0.37176284194, 0.0369006618857, 0.000741153780837, 7.25538711777e-07], "max": [9.37285614014, 54.6721229553, 119.223297119, 116.302848816, 152.501495361, 311.394378662, 134.77986145, 733.659912109, 689.388366699, 659.863098145, 1485.19714355, 791.748168945, 513.950256348, 240.083587646, 875.811889648, 1351.05944824, 2161.17211914, 1873.38220215, 1994.59008789, 1307.89379883, 414.044525146, 610.505371094, 733.586303711, 384.99420166, 478.876586914, 518.140075684, 75.3444213867, 127.636764526, 60.4726982117, 69.8092498779, 49.3189659119, 50.4108810425, 34.7223587036, 25.169095993, 13.582695961, 7.67972946167, 3.07485175133, 0.898313581944, 0.125758424401, 0.00467929802835], "mean": [1.04900658131, 6.62982749939, 6.09469413757, 3.69176650047, 10.2453460693, 12.5692939758, 5.27986621857, 9.10462379456, 16.462020874, 27.0609130859, 36.1336898804, 16.7603378296, 12.2841415405, 15.0940561295, 13.8654737473, 34.6020469666, 20.549785614, 23.7484416962, 14.5300140381, 13.8792572021, 8.54303455353, 10.8964443207, 11.5975551605, 7.29484605789, 6.09023332596, 5.24518013, 3.72722005844, 5.15921211243, 3.71514177322, 3.61399912834, 3.17856621742, 2.45903348923, 1.67779612541, 1.09111905098, 0.706252455711, 0.355468422174, 0.135549858212, 0.0374008379877, 0.00556351756677, 0.000237896849285], "median": [0.102703563869, 0.931408047676, 2.26508545876, 1.27371799946, 3.38784599304, 3.17251992226, 2.07957673073, 2.88047480583, 4.96282052994, 8.9507188797, 2.34048199654, 2.65943789482, 1.78705275059, 5.50244951248, 3.41570496559, 1.47723603249, 2.41904234886, 1.37718474865, 1.75777411461, 2.11230540276, 1.07560026646, 0.814515054226, 1.07272696495, 0.673670947552, 0.577842652798, 0.420253843069, 0.221153318882, 0.153194993734, 0.118074670434, 0.100148111582, 0.0458453670144, 0.0257179196924, 0.0130957411602, 0.00588698871434, 0.00497044762596, 0.00343672465533, 0.00218092557043, 0.000435291207395, 5.53519130335e-05, 6.78567885188e-05], "min": [1.91021406592e-13, 2.54525323344e-13, 1.36110645866e-13, 4.73372046856e-13, 9.75632660598e-13, 9.37868381047e-13, 6.1204795572e-12, 6.34202022495e-12, 1.00261708658e-11, 6.73075484237e-12, 1.03333452905e-11, 5.34844842026e-11, 7.30789456727e-11, 1.38713499021e-10, 6.00304042586e-11, 1.78167369747e-10, 1.61132926446e-10, 8.78095512968e-11, 1.49892501189e-10, 3.67317509742e-10, 3.23616550224e-10, 1.94211327575e-10, 5.21992116198e-10, 4.03764299772e-10, 5.85711867895e-10, 8.33364155461e-10, 4.05971700701e-10, 4.65941951688e-10, 7.07940539524e-10, 6.41042940952e-10, 5.19798926124e-10, 5.54065682223e-10, 5.21107323959e-10, 4.3727732546e-10, 3.02282726627e-10, 1.9785402483e-10, 1.05418181129e-10, 4.27228426247e-11, 1.09194884038e-11, 1.1396735335e-12], "var": [2.70699310303, 102.783607483, 154.282501221, 79.1035461426, 220.247360229, 549.346862793, 83.3168106079, 531.230163574, 965.636352539, 1619.23046875, 18171.5, 2949.10864258, 1586.36181641, 602.041137695, 1339.23046875, 14240.9921875, 6248.28222656, 13547.8544922, 3372.22290039, 2677.81005859, 585.992614746, 1476.61633301, 1737.56054688, 579.010986328, 342.714324951, 243.119171143, 93.8931655884, 194.06918335, 80.5450439453, 76.9036102295, 53.8124694824, 38.7419891357, 17.1345500946, 7.61883640289, 2.87074685097, 0.803028583527, 0.127182722092, 0.0105631286278, 0.000221240828978, 2.38772997818e-07]}, "gfcc": {"mean": [-76.5946502686, 110.759437561, -83.9522705078, 17.7589569092, -40.4175109863, 4.37355136871, -24.533914566, 3.68885803223, -14.4928379059, 5.04038524628, -10.4851474762, 3.23137998581, -10.8719320297], "cov": [[18302.4570312, -2094.88085938, -181.472808838, 566.117736816, -588.754089355, 482.204101562, -538.686889648, 295.001251221, -257.125488281, 78.5935211182, -215.884231567, 20.5246696472, -231.578430176], [-2094.88085938, 4343.64697266, -34.8646354675, -60.7531738281, 1011.42529297, -458.022125244, 410.64263916, -293.109039307, 158.269943237, -200.955871582, 147.166381836, -77.1686019897, 179.756057739], [-181.472808838, -34.8646354675, 2382.19921875, 1203.7467041, 352.453033447, 519.679626465, 126.958717346, 164.3409729, 171.18081665, 59.3825683594, -44.6994247437, 190.500640869, 50.4578742981], [566.117736816, -60.7531738281, 1203.7467041, 1238.16894531, 376.4034729, 361.838287354, 107.532966614, 168.724533081, 137.678024292, 41.0413398743, 50.748462677, 88.7434768677, 56.2829475403], [-588.754089355, 1011.42529297, 352.453033447, 376.4034729, 935.356140137, 251.366882324, 245.566574097, 20.0418643951, 47.6260108948, -40.1119270325, 56.7838821411, 15.2805833817, 112.717208862], [482.204101562, -458.022125244, 519.679626465, 361.838287354, 251.366882324, 501.309356689, 88.1101455688, 96.3786621094, -5.76355409622, 64.3189620972, 9.02657413483, 65.4428939819, 34.4315757751], [-538.686889648, 410.64263916, 126.958717346, 107.532966614, 245.566574097, 88.1101455688, 290.853149414, 74.0693511963, 48.5823059082, 9.00614547729, 85.9451522827, -0.665918290615, 68.1167602539], [295.001251221, -293.109039307, 164.3409729, 168.724533081, 20.0418643951, 96.3786621094, 74.0693511963, 203.599884033, 62.8802032471, 52.8150444031, 35.985370636, 39.9701156616, 21.8631191254], [-257.125488281, 158.269943237, 171.18081665, 137.678024292, 47.6260108948, -5.76355409622, 48.5823059082, 62.8802032471, 180.711837769, 61.4107017517, 62.3286399841, 14.5670166016, 16.6536273956], [78.5935211182, -200.955871582, 59.3825683594, 41.0413398743, -40.1119270325, 64.3189620972, 9.00614547729, 52.8150444031, 61.4107017517, 146.426971436, 69.1301727295, 32.7690086365, -13.4318275452], [-215.884231567, 147.166381836, -44.6994247437, 50.748462677, 56.7838821411, 9.02657413483, 85.9451522827, 35.985370636, 62.3286399841, 69.1301727295, 156.137756348, 9.005443573, 15.7126207352], [20.5246696472, -77.1686019897, 190.500640869, 88.7434768677, 15.2805833817, 65.4428939819, -0.665918290615, 39.9701156616, 14.5670166016, 32.7690086365, 9.005443573, 122.46521759, 39.2697525024], [-231.578430176, 179.756057739, 50.4578742981, 56.2829475403, 112.717208862, 34.4315757751, 68.1167602539, 21.8631191254, 16.6536273956, -13.4318275452, 15.7126207352, 39.2697525024, 105.995223999]], "icov": [[7.10088424967e-05, -3.66741332982e-05, 6.33615491097e-05, -8.51833538036e-05, 7.16671929695e-05, -0.000137466195156, 0.000150195613969, -0.000187064099009, 0.000111556786578, -2.72724828392e-05, 7.71460836404e-05, 8.47459796205e-06, 0.000107351130282], [-3.66741332982e-05, 0.000727828592062, -0.00019410107052, 0.00016587562277, -0.000820665212814, 0.00109108816832, -0.000733755878173, 0.0011445353739, -0.000540515815374, 0.000385257473681, -0.000386317318771, -0.000119067342894, -0.000321253639413], [6.33615491097e-05, -0.00019410107052, 0.00121598318219, -0.0010085881222, 0.000377074000426, -0.000843379704747, -0.000317163299769, 7.81969065429e-05, -0.000588144292124, -5.04355084558e-05, 0.00125736335758, -0.00119101977907, 0.000825857394375], [-8.51833538036e-05, 0.00016587562277, -0.0010085881222, 0.0021472107619, -0.000638624827843, -5.10074933118e-05, 0.000507917429786, -0.000560363521799, -0.000540487992112, 0.000772640691139, -0.00128594506532, 0.000525134149939, -0.000463674630737], [7.16671929695e-05, -0.000820665212814, 0.000377074000426, -0.000638624827843, 0.00279393652454, -0.00206645252183, -0.00029471720336, -0.00046372655197, 0.00015106065257, 0.000398553005653, 0.000352449715137, 0.000236640291405, -0.000420014141127], [-0.000137466195156, 0.00109108816832, -0.000843379704747, -5.10074933118e-05, -0.00206645252183, 0.00551582081243, -0.001527364715, 0.000881578424014, 0.00121508014854, -0.00182285485789, 5.0656413805e-05, -0.000321623316268, -0.000826944131404], [0.000150195613969, -0.000733755878173, -0.000317163299769, 0.000507917429786, -0.00029471720336, -0.001527364715, 0.00763315195218, -0.00356793124229, 0.000855744990986, 0.000628112524282, -0.00305785308592, 0.00242304173298, -0.00240534148179], [-0.000187064099009, 0.0011445353739, 7.81969065429e-05, -0.000560363521799, -0.00046372655197, 0.000881578424014, -0.00356793124229, 0.00954691506922, -0.00285231298767, -0.000493823376019, 0.000266408984317, -0.00189609942026, -0.000510360056069], [0.000111556786578, -0.000540515815374, -0.000588144292124, -0.000540487992112, 0.00015106065257, 0.00121508014854, 0.000855744990986, -0.00285231298767, 0.00964376237243, -0.00374409556389, -0.00143420905806, 0.00153946597129, -0.00113698898349], [-2.72724828392e-05, 0.000385257473681, -5.04355084558e-05, 0.000772640691139, 0.000398553005653, -0.00182285485789, 0.000628112524282, -0.000493823376019, -0.00374409556389, 0.0132429441437, -0.00543540529907, -0.00276154279709, 0.00286259199493], [7.71460836404e-05, -0.000386317318771, 0.00125736335758, -0.00128594506532, 0.000352449715137, 5.0656413805e-05, -0.00305785308592, 0.000266408984317, -0.00143420905806, -0.00543540529907, 0.0121242487803, -0.000879321713001, 0.000491915619932], [8.47459796205e-06, -0.000119067342894, -0.00119101977907, 0.000525134149939, 0.000236640291405, -0.000321623316268, 0.00242304173298, -0.00189609942026, 0.00153946597129, -0.00276154279709, -0.000879321713001, 0.0128939244896, -0.00604313751683], [0.000107351130282, -0.000321253639413, 0.000825857394375, -0.000463674630737, -0.000420014141127, -0.000826944131404, -0.00240534148179, -0.000510360056069, -0.00113698898349, 0.00286259199493, 0.000491915619932, -0.00604313751683, 0.0151404887438]]}, "melbands": {"dmean": [0.00416872045025, 0.0029827139806, 0.000542724737898, 0.000517865701113, 0.000150026404299, 0.000123085017549, 0.000162435593666, 0.000160726602189, 0.000137330003781, 6.75888222759e-05, 5.55379992875e-05, 3.35262484441e-05, 3.13196978823e-05, 5.01326612721e-05, 5.26192452526e-05, 2.91221058433e-05, 2.88439568976e-05, 2.36144096561e-05, 2.15725121961e-05, 1.19862334031e-05, 9.37417007663e-06, 1.10702712846e-05, 1.04833925434e-05, 1.05563967736e-05, 5.10767131345e-06, 3.67126631318e-06, 3.82692678613e-06, 2.68174244411e-06, 1.87459124845e-06, 2.09333597923e-06, 3.99749751523e-06, 2.50552966463e-06, 1.48726326188e-06, 2.18847640099e-06, 1.88523438283e-06, 1.56931150741e-06, 1.80954714324e-06, 1.30925252506e-06, 1.02096282717e-06, 9.36094465942e-07], "dmean2": [0.0059302104637, 0.00470906635746, 0.000991882872768, 0.00085930939531, 0.000237763553741, 0.000200009293621, 0.000228266289923, 0.000232502774452, 0.000209959238418, 0.000109774569864, 8.84113032953e-05, 4.82128561998e-05, 4.73170912301e-05, 8.04267183412e-05, 8.77984202816e-05, 4.90600141347e-05, 4.80720846099e-05, 3.97792537115e-05, 3.58805991709e-05, 1.91096150957e-05, 1.57046488312e-05, 1.81718751264e-05, 1.6660476831e-05, 1.69137601915e-05, 7.96710264694e-06, 5.56689019504e-06, 5.7706838561e-06, 4.21653885496e-06, 2.851618774e-06, 3.34125775225e-06, 6.72315673e-06, 4.04007687393e-06, 2.38559846366e-06, 3.55077509084e-06, 2.94840901915e-06, 2.53351709034e-06, 3.04069567392e-06, 2.15420936911e-06, 1.63717140822e-06, 1.57016802405e-06], "dvar": [6.03029693593e-05, 5.46390801901e-05, 3.35933918905e-06, 1.27339023948e-06, 1.04053270888e-07, 1.38445628295e-07, 1.27081207779e-07, 8.78471269061e-08, 2.00384491222e-07, 5.32723198887e-08, 3.70233550484e-08, 3.3522384868e-09, 4.1045784549e-09, 2.64877044742e-08, 3.3912602504e-08, 1.9284092545e-08, 1.73657248581e-08, 1.12100009275e-08, 4.89286611227e-09, 1.41257239239e-09, 7.97378219008e-10, 1.36754929603e-09, 1.295905383e-09, 1.50375067953e-09, 2.75231337721e-10, 1.07102438029e-10, 1.72161104817e-10, 6.43434680536e-11, 2.50501442506e-11, 2.89766197148e-11, 1.14405880602e-10, 3.7180338669e-11, 1.21512105933e-11, 2.91257330753e-11, 1.72908944107e-11, 1.37456391755e-11, 2.37772596751e-11, 1.08703497592e-11, 6.65346597262e-12, 5.95091424055e-12], "dvar2": [0.000107375875814, 0.000137706942041, 9.70069322648e-06, 2.96470238936e-06, 2.24677265237e-07, 3.20304650359e-07, 2.87449722691e-07, 2.09408412388e-07, 4.5077834443e-07, 1.38714526088e-07, 8.51036006111e-08, 7.54057083441e-09, 8.86718698467e-09, 6.03721161951e-08, 8.64373816967e-08, 4.82176609751e-08, 4.54115571813e-08, 2.4379383845e-08, 1.20940653048e-08, 3.18440629421e-09, 2.04030348172e-09, 3.32689675808e-09, 2.84208945267e-09, 3.64136898412e-09, 6.02885796841e-10, 2.09526090922e-10, 3.44845457745e-10, 1.35581393335e-10, 5.17289579227e-11, 6.34086116946e-11, 2.92199375806e-10, 9.13643605216e-11, 2.89643396073e-11, 7.34011185166e-11, 3.96702046213e-11, 3.36139484303e-11, 6.19548787273e-11, 2.66671129623e-11, 1.63210365361e-11, 1.5198897696e-11], "max": [0.0620728209615, 0.060948047787, 0.0196814835072, 0.0199012681842, 0.00436981488019, 0.0147397620603, 0.00947101600468, 0.00842732097954, 0.0133461738005, 0.00584252970293, 0.00259067164734, 0.000925774977077, 0.00193041900638, 0.00375921092927, 0.00567315379158, 0.00433659553528, 0.00377188925631, 0.00410064216703, 0.00194099545479, 0.000974452879746, 0.000636228709482, 0.000803848030046, 0.000548371346667, 0.00115510215983, 0.000296723883366, 0.00013876488083, 0.000672249530908, 0.00024832400959, 4.86768440169e-05, 5.44475115021e-05, 9.10422386369e-05, 4.2159746954e-05, 2.99700332107e-05, 4.45182849944e-05, 2.56501371041e-05, 3.0196406442e-05, 3.916874266e-05, 2.68727635557e-05, 2.07783505175e-05, 2.10908892768e-05], "mean": [0.00922188628465, 0.00532625149935, 0.000755028799176, 0.000996081391349, 0.000216832515434, 0.00019350531511, 0.00030411122134, 0.000290826428682, 0.000300083542243, 9.25908898353e-05, 5.8858673583e-05, 5.86636488151e-05, 4.4297434215e-05, 7.8680619481e-05, 8.78078499227e-05, 3.36871271429e-05, 4.55251647509e-05, 2.22158578254e-05, 2.2556325348e-05, 1.31320712171e-05, 9.39380424825e-06, 1.14813474283e-05, 1.03076981759e-05, 1.02310104921e-05, 5.41464805792e-06, 4.10335132983e-06, 4.42432610726e-06, 3.23752124132e-06, 2.21054847316e-06, 2.25529447562e-06, 3.4602451251e-06, 2.31403282669e-06, 1.65571782418e-06, 2.10233952203e-06, 1.85245448847e-06, 1.60672141192e-06, 1.52820257426e-06, 1.25475401092e-06, 9.83149789135e-07, 8.87953490292e-07], "median": [0.00108047609683, 0.00144685572013, 0.000412976893131, 0.000271368829999, 8.09966295492e-05, 6.32195515209e-05, 8.0287703895e-05, 8.8061329734e-05, 8.44031910674e-06, 1.61639236467e-05, 5.96475592829e-06, 2.17714514292e-05, 1.49670404426e-05, 3.11980988954e-06, 3.03397905554e-06, 5.02967714056e-06, 1.42784847412e-06, 1.88424507996e-06, 3.3453522974e-06, 1.55809891567e-06, 9.3237110832e-07, 7.40799521282e-07, 7.53205370074e-07, 8.24141352496e-07, 4.52313656751e-07, 3.58857562333e-07, 4.28666282914e-07, 1.52278929022e-07, 1.13791521983e-07, 9.54569259193e-08, 8.12592944044e-08, 6.17322442054e-08, 6.2838211079e-08, 5.03796364626e-08, 2.87407555533e-08, 1.68165854575e-08, 1.41486449223e-08, 9.35785315903e-09, 7.02163394095e-09, 3.996545761e-09], "min": [1.62081977919e-15, 1.42406328996e-16, 1.02015059981e-16, 5.78133338423e-17, 1.78808933098e-16, 1.45435993795e-16, 1.56073139426e-16, 5.69214610884e-17, 1.26310717765e-16, 3.2509915962e-16, 3.91582934469e-16, 6.12919287501e-16, 2.0418512699e-16, 2.53426434467e-16, 6.63694571645e-16, 2.22760638933e-16, 1.55933153996e-16, 2.05096494737e-16, 4.75672527354e-16, 4.63832753757e-16, 3.4704498919e-16, 1.47077980398e-16, 4.53657452841e-16, 3.47789081165e-16, 3.34974107947e-16, 3.68294478268e-16, 3.86399145771e-16, 6.18268935838e-16, 1.6943256954e-16, 3.64603955717e-16, 2.31256247045e-16, 4.2764152408e-16, 3.54052069246e-16, 3.83536412638e-16, 2.49569814049e-16, 4.76055809763e-16, 2.61529892794e-16, 3.5433863108e-16, 3.94459008372e-16, 3.59122011422e-16], "var": [0.000166327750776, 8.07817123132e-05, 2.31291869568e-06, 2.36821188082e-06, 1.47267442685e-07, 2.40361799797e-07, 2.77669499837e-07, 2.22692335683e-07, 1.42392718772e-06, 8.72585275147e-08, 3.87313505712e-08, 9.45697919974e-09, 7.04040115096e-09, 8.75453096683e-08, 1.19326045933e-07, 2.66759858647e-08, 5.67820279684e-08, 1.24363594978e-08, 5.8198912356e-09, 2.12979567316e-09, 9.21198561876e-10, 1.90827065261e-09, 1.39766187512e-09, 1.61572499824e-09, 3.2355076951e-10, 1.49458528886e-10, 2.36371949791e-10, 8.85093318082e-11, 3.44414878561e-11, 3.50364459667e-11, 9.55479168008e-11, 3.40454608949e-11, 1.40781700533e-11, 2.76281480333e-11, 1.82720540087e-11, 1.3957655344e-11, 1.81203281546e-11, 9.85305413648e-12, 6.03815044839e-12, 5.12851480033e-12]}, "mfcc": {"mean": [-731.877563477, 152.133483887, 15.8480958939, 26.4993629456, 6.48452281952, 8.09322738647, 1.19278097153, 4.48022794724, -0.778214335442, 3.18953943253, 2.33705997467, 2.34999966621, 4.5517578125], "cov": [[10675.4521484, -2679.11254883, -364.044830322, -398.820648193, -122.134620667, -108.328544617, -93.5578765869, -0.490327060223, -54.4625778198, 54.2316131592, 74.3028793335, 109.839508057, -117.413902283], [-2679.11254883, 3770.93896484, -534.523620605, 415.434356689, 288.149047852, 102.347259521, 174.926177979, 44.1931838989, -3.14340138435, 11.7885046005, -84.285736084, -127.783058167, 58.4819602966], [-364.044830322, -534.523620605, 1977.6159668, 799.161621094, 420.27154541, 435.227600098, 69.1903610229, 262.916229248, 203.92489624, 33.3926353455, 87.630317688, 54.5125007629, 30.2218360901], [-398.820648193, 415.434356689, 799.161621094, 1007.13757324, 489.963989258, 323.181945801, 173.647079468, 236.213790894, 135.572433472, 73.615776062, 72.5043869019, 36.6106948853, 33.6422080994], [-122.134620667, 288.149047852, 420.27154541, 489.963989258, 622.284057617, 372.734466553, 211.589691162, 202.104934692, 134.89414978, 73.3790130615, 21.826423645, 2.02966713905, -6.69895029068], [-108.328544617, 102.347259521, 435.227600098, 323.181945801, 372.734466553, 435.182800293, 202.616439819, 150.451187134, 100.681800842, 52.2894248962, 38.8252601624, 8.68529129028, 28.1448154449], [-93.5578765869, 174.926177979, 69.1903610229, 173.647079468, 211.589691162, 202.616439819, 348.339660645, 154.066055298, 78.9945144653, 80.9759674072, 14.7199277878, 3.96337246895, 30.1527500153], [-0.490327060223, 44.1931838989, 262.916229248, 236.213790894, 202.104934692, 150.451187134, 154.066055298, 196.322052002, 110.124176025, 47.0240516663, 22.6745223999, 9.32745742798, 12.3305749893], [-54.4625778198, -3.14340138435, 203.92489624, 135.572433472, 134.89414978, 100.681800842, 78.9945144653, 110.124176025, 162.220550537, 52.7875976562, -8.48996353149, -1.13791787624, 1.24254393578], [54.2316131592, 11.7885046005, 33.3926353455, 73.615776062, 73.3790130615, 52.2894248962, 80.9759674072, 47.0240516663, 52.7875976562, 117.170372009, 61.5024681091, 28.0617179871, 28.5939235687], [74.3028793335, -84.285736084, 87.630317688, 72.5043869019, 21.826423645, 38.8252601624, 14.7199277878, 22.6745223999, -8.48996353149, 61.5024681091, 132.712280273, 86.768409729, 27.7895412445], [109.839508057, -127.783058167, 54.5125007629, 36.6106948853, 2.02966713905, 8.68529129028, 3.96337246895, 9.32745742798, -1.13791787624, 28.0617179871, 86.768409729, 127.168655396, 48.0613975525], [-117.413902283, 58.4819602966, 30.2218360901, 33.6422080994, -6.69895029068, 28.1448154449, 30.1527500153, 12.3305749893, 1.24254393578, 28.5939235687, 27.7895412445, 48.0613975525, 107.098022461]], "icov": [[0.000123735575471, 9.79916294455e-05, 7.39423194318e-05, -1.90135469893e-05, -9.76682713372e-06, -5.55646256544e-05, 8.28378688311e-05, -0.000168543003383, 0.00014601383009, -0.000177508947672, 0.000137703231303, -0.000129300926346, 0.000145318394061], [9.79916294455e-05, 0.000441365380539, 0.00028059160104, -0.000306350149913, -0.00016338552814, 2.80575477518e-06, -2.49534750765e-05, 4.30738473369e-05, 2.70546515821e-05, 0.000115656206617, -6.02873769822e-05, 0.000476810673717, -0.000354943331331], [7.39423194318e-05, 0.00028059160104, 0.00115699064918, -0.00077213923214, 0.000255422957707, -0.000851375167258, 0.000665136612952, -0.000571553537156, -0.000584847992286, 0.000523711380083, -0.000351726717781, 0.000203461502679, -0.000170922270627], [-1.90135469893e-05, -0.000306350149913, -0.00077213923214, 0.00243519758806, -0.00126835191622, 0.00045212241821, -1.25832946196e-06, -0.000940066121984, 0.000307422364131, -1.11290464702e-05, -0.000655603653286, -3.54191324732e-05, -0.000304777175188], [-9.76682713372e-06, -0.00016338552814, 0.000255422957707, -0.00126835191622, 0.00510971341282, -0.00343119143508, 0.000519858731423, -0.00193788914476, 0.000528124510311, -0.0022910903208, 0.00265304674394, -0.00184676644858, 0.00244883610867], [-5.55646256544e-05, 2.80575477518e-06, -0.000851375167258, 0.00045212241821, -0.00343119143508, 0.00690086418763, -0.0027087002527, 0.00167490995955, -0.00170607212931, 0.00297735305503, -0.00383036700077, 0.00268162717111, -0.00240721669979], [8.28378688311e-05, -2.49534750765e-05, 0.000665136612952, -1.25832946196e-06, 0.000519858731423, -0.0027087002527, 0.00667369086295, -0.00516545865685, 0.00232910993509, -0.00448762765154, 0.00352176232263, -0.00155049341265, 0.000330381764797], [-0.000168543003383, 4.30738473369e-05, -0.000571553537156, -0.000940066121984, -0.00193788914476, 0.00167490995955, -0.00516545865685, 0.0156321004033, -0.0078786239028, 0.0047544897534, -0.00552142038941, 0.00293324072845, -0.00172018865123], [0.00014601383009, 2.70546515821e-05, -0.000584847992286, 0.000307422364131, 0.000528124510311, -0.00170607212931, 0.00232910993509, -0.0078786239028, 0.0150282969698, -0.00942025426775, 0.00939078442752, -0.00462312297896, 0.00292522110976], [-0.000177508947672, 0.000115656206617, 0.000523711380083, -1.11290464702e-05, -0.0022910903208, 0.00297735305503, -0.00448762765154, 0.0047544897534, -0.00942025426775, 0.0215976517648, -0.0151895200834, 0.00730495667085, -0.00560559611768], [0.000137703231303, -6.02873769822e-05, -0.000351726717781, -0.000655603653286, 0.00265304674394, -0.00383036700077, 0.00352176232263, -0.00552142038941, 0.00939078442752, -0.0151895200834, 0.0260148756206, -0.0157439559698, 0.00556726800278], [-0.000129300926346, 0.000476810673717, 0.000203461502679, -3.54191324732e-05, -0.00184676644858, 0.00268162717111, -0.00155049341265, 0.00293324072845, -0.00462312297896, 0.00730495667085, -0.0157439559698, 0.0201840549707, -0.00803913734853], [0.000145318394061, -0.000354943331331, -0.000170922270627, -0.000304777175188, 0.00244883610867, -0.00240721669979, 0.000330381764797, -0.00172018865123, 0.00292522110976, -0.00560559611768, 0.00556726800278, -0.00803913734853, 0.014350919053]]}, "spectral_contrast_coeffs": {"dmean": [0.0529621504247, 0.0550431497395, 0.046545907855, 0.0320059731603, 0.0221472047269, 0.0212714206427], "dmean2": [0.0852791965008, 0.0858495607972, 0.0710761100054, 0.0501567907631, 0.035570949316, 0.0340214930475], "dvar": [0.0022217084188, 0.00234191701747, 0.00150808913168, 0.000852650438901, 0.000420724827563, 0.000449606886832], "dvar2": [0.00541493436322, 0.00524970749393, 0.00338426721282, 0.00191910529975, 0.000949973065872, 0.00107114273123], "max": [-0.266558527946, -0.3998041749, -0.456542849541, -0.500330507755, -0.570322394371, -0.410605400801], "mean": [-0.613973140717, -0.683741509914, -0.746215939522, -0.788772642612, -0.814750909805, -0.788341343403], "median": [-0.6112216115, -0.687280535698, -0.745130956173, -0.794142127037, -0.823365688324, -0.78870344162], "min": [-0.976800084114, -0.959251821041, -0.969509363174, -0.956361651421, -0.940195739269, -0.933623075485], "var": [0.00828704051673, 0.00843935459852, 0.00569557305425, 0.00459670089185, 0.00221275119111, 0.00140802771784]}, "spectral_contrast_valleys": {"dmean": [0.487705945969, 0.482772618532, 0.526693940163, 0.58167642355, 0.536960124969, 0.682040393353], "dmean2": [0.760787189007, 0.748180150986, 0.804276823997, 0.875354349613, 0.750960409641, 0.8601526618], "dvar": [0.251818478107, 0.23880328238, 0.394910186529, 0.574611485004, 0.45236364007, 0.759486615658], "dvar2": [0.521549284458, 0.512349843979, 0.84492456913, 1.28333938122, 0.875305056572, 1.21616840363], "max": [-5.04623746872, -4.799015522, -5.34325504303, -5.39811849594, -5.48179674149, -7.73857975006], "mean": [-7.78104639053, -7.45419120789, -8.3265476