{"lowlevel": {"average_loudness": 0.908459842205, "barkbands_crest": {"dmean": 1.12743353844, "dmean2": 1.75170874596, "dvar": 1.73852908611, "dvar2": 3.91726446152, "max": 24.7647342682, "mean": 6.96118402481, "median": 6.20524692535, "min": 2.38224554062, "var": 9.6182718277}, "barkbands_flatness_db": {"dmean": 0.0117877479643, "dmean2": 0.0171888824552, "dvar": 0.00033122903551, "dvar2": 0.000688906176947, "max": 0.483541280031, "mean": 0.179405972362, "median": 0.16968563199, "min": 0.0523408651352, "var": 0.00234965281561}, "barkbands_kurtosis": {"dmean": 0.730612337589, "dmean2": 1.11121475697, "dvar": 4.5993013382, "dvar2": 10.5568704605, "max": 43.9704437256, "mean": 0.886294662952, "median": -0.773203372955, "min": -1.92932426929, "var": 23.1351490021}, "barkbands_skewness": {"dmean": 0.258277922869, "dmean2": 0.390181362629, "dvar": 0.125275507569, "dvar2": 0.259843111038, "max": 5.4245672226, "mean": 0.540106892586, "median": 0.348482608795, "min": -4.5188164711, "var": 1.03941380978}, "barkbands_spread": {"dmean": 2.27388381958, "dmean2": 3.38260817528, "dvar": 8.40525913239, "dvar2": 18.2672729492, "max": 53.8288383484, "mean": 19.0834617615, "median": 20.0156097412, "min": 0.691718280315, "var": 56.2389030457}, "dissonance": {"dmean": 0.0111300805584, "dmean2": 0.0187821127474, "dvar": 0.000193022759049, "dvar2": 0.000513012229931, "max": 0.500000059605, "mean": 0.470505028963, "median": 0.475375801325, "min": 0.274534076452, "var": 0.000525174138602}, "dynamic_complexity": 4.27035045624, "erbbands_crest": {"dmean": 1.82075119019, "dmean2": 2.86983394623, "dvar": 3.72625255585, "dvar2": 9.11235618591, "max": 32.1413841248, "mean": 8.78023910522, "median": 7.7453584671, "min": 3.30156850815, "var": 16.1789302826}, "erbbands_flatness_db": {"dmean": 0.0110796606168, "dmean2": 0.0164461024106, "dvar": 0.000168541009771, "dvar2": 0.000361883227015, "max": 0.42148399353, "mean": 0.247438564897, "median": 0.245074376464, "min": 0.102558173239, "var": 0.00105179473758}, "erbbands_kurtosis": {"dmean": 0.591486811638, "dmean2": 0.905368566513, "dvar": 1.6888217926, "dvar2": 3.90112757683, "max": 39.0745239258, "mean": 0.415857672691, "median": -0.152478694916, "min": -1.60172176361, "var": 7.12262439728}, "erbbands_skewness": {"dmean": 0.214318320155, "dmean2": 0.327136367559, "dvar": 0.0636517703533, "dvar2": 0.136266648769, "max": 4.54236078262, "mean": -0.376541465521, "median": -0.415130376816, "min": -4.9900727272, "var": 0.428725481033}, "erbbands_spread": {"dmean": 2.77116894722, "dmean2": 4.18570804596, "dvar": 10.337231636, "dvar2": 24.1957740784, "max": 64.4321746826, "mean": 22.0399398804, "median": 21.8875045776, "min": 1.18696987629, "var": 55.4665107727}, "hfc": {"dmean": 5.72597169876, "dmean2": 7.99112415314, "dvar": 134.09161377, "dvar2": 280.28717041, "max": 184.15814209, "mean": 18.3994159698, "median": 13.3589315414, "min": 1.27272404562e-16, "var": 357.133026123}, "melbands_crest": {"dmean": 1.50041401386, "dmean2": 2.34072422981, "dvar": 3.19881057739, "dvar2": 7.35584688187, "max": 29.0855445862, "mean": 10.3124017715, "median": 9.42673110962, "min": 1.88868153095, "var": 17.064125061}, "melbands_flatness_db": {"dmean": 0.0161304287612, "dmean2": 0.0225138068199, "dvar": 0.00069467315916, "dvar2": 0.00132859090809, "max": 0.628263175488, "mean": 0.238157302141, "median": 0.222376540303, "min": 0.00694080488756, "var": 0.00619538128376}, "melbands_kurtosis": {"dmean": 1.45983207226, "dmean2": 2.23025536537, "dvar": 17.9039134979, "dvar2": 41.4196090698, "max": 91.6217803955, "mean": 3.73333454132, "median": 0.492070913315, "min": -1.74582183361, "var": 91.4365081787}, "melbands_skewness": {"dmean": 0.303730607033, "dmean2": 0.453235656023, "dvar": 0.192526206374, "dvar2": 0.401117146015, "max": 7.45325469971, "mean": 1.32880616188, "median": 1.03967440128, "min": -3.47546839714, "var": 1.57478988171}, "melbands_spread": {"dmean": 4.12393808365, "dmean2": 6.30220365524, "dvar": 28.4255084991, "dvar2": 58.1476593018, "max": 127.495513916, "mean": 28.9593811035, "median": 29.9541893005, "min": 0.596709549427, "var": 160.401367188}, "pitch_salience": {"dmean": 0.0396917723119, "dmean2": 0.0631123185158, "dvar": 0.00162484473549, "dvar2": 0.00398951536044, "max": 0.903971076012, "mean": 0.575382888317, "median": 0.57916533947, "min": 0.174330934882, "var": 0.00687842397019}, "silence_rate_20dB": {"dmean": 0, "dmean2": 0, "dvar": 0, "dvar2": 0, "max": 1, "mean": 1, "median": 1, "min": 1, "var": 0}, "silence_rate_30dB": {"dmean": 0, "dmean2": 0, "dvar": 0, "dvar2": 0, "max": 1, "mean": 1, "median": 1, "min": 1, "var": 0}, "silence_rate_60dB": {"dmean": 0.0170660857111, "dmean2": 0.0341383703053, "dvar": 0.0167741309851, "dvar2": 0.0366039648652, "max": 1, "mean": 0.129424571991, "median": 0, "min": 0, "var": 0.112671487033}, "spectral_centroid": {"dmean": 133.826324463, "dmean2": 193.432266235, "dvar": 53047.9023438, "dvar2": 82460.859375, "max": 11143.7568359, "mean": 1363.80444336, "median": 1398.41027832, "min": 150.465332031, "var": 275164.25}, "spectral_complexity": {"dmean": 2.33551192284, "dmean2": 3.42800068855, "dvar": 9.9692401886, "dvar2": 17.1392383575, "max": 45, "mean": 19.330368042, "median": 20, "min": 0, "var": 91.512298584}, "spectral_decrease": {"dmean": 9.87925852236e-10, "dmean2": 1.34173516741e-09, "dvar": 3.00893255068e-18, "dvar2": 5.97457832632e-18, "max": 1.43477880849e-28, "mean": -4.11794287558e-09, "median": -3.48971718189e-09, "min": -2.31126566774e-08, "var": 1.01711054562e-17}, "spectral_energy": {"dmean": 0.00421731593087, "dmean2": 0.00573299033567, "dvar": 5.68349169043e-05, "dvar2": 0.000113613758003, "max": 0.103936076164, "mean": 0.017210893333, "median": 0.0145476702601, "min": 1.10024626135e-20, "var": 0.00018616487796}, "spectral_energyband_high": {"dmean": 6.1640595959e-05, "dmean2": 8.82672684384e-05, "dvar": 2.72612474816e-08, "dvar2": 6.20550011377e-08, "max": 0.00379520864226, "mean": 0.000116253831948, "median": 3.73222028429e-05, "min": 8.08818656983e-21, "var": 4.97210237427e-08}, "spectral_energyband_low": {"dmean": 0.000832470133901, "dmean2": 0.00122135225683, "dvar": 2.73915725302e-06, "dvar2": 5.54275220566e-06, "max": 0.0294885542244, "mean": 0.00293836602941, "median": 0.00205037463456, "min": 5.83513911378e-23, "var": 9.95724258246e-06}, "spectral_energyband_middle_high": {"dmean": 0.00275087612681, "dmean2": 0.00393953220919, "dvar": 2.88895698759e-05, "dvar2": 6.04359120189e-05, "max": 0.0792106762528, "mean": 0.00874042883515, "median": 0.00638727610931, "min": 1.34046344923e-21, "var": 8.12261569081e-05}, "spectral_energyband_middle_low": {"dmean": 0.00146866776049, "dmean2": 0.00200886605307, "dvar": 6.61933381707e-06, "dvar2": 1.27275361592e-05, "max": 0.0332630164921, "mean": 0.00606219796464, "median": 0.00502248061821, "min": 2.57591156381e-22, "var": 2.52967911365e-05}, "spectral_entropy": {"dmean": 0.108634322882, "dmean2": 0.164699986577, "dvar": 0.0294471904635, "dvar2": 0.0658060014248, "max": 9.79039287567, "mean": 6.93839406967, "median": 6.9989027977, "min": 4.80731630325, "var": 0.136077746749}, "spectral_flux": {"dmean": 0.0158611629158, "dmean2": 0.0239084307104, "dvar": 0.000588721595705, "dvar2": 0.00133966491558, "max": 0.272731274366, "mean": 0.0428836941719, "median": 0.0357530675828, "min": 1.04892622366e-10, "var": 0.00113844533917}, "spectral_kurtosis": {"dmean": 6.00269556046, "dmean2": 10.6058626175, "dvar": 33.8324699402, "dvar2": 91.9087295532, "max": 123.258537292, "mean": 12.2583503723, "median": 10.2033128738, "min": -1.20001530647, "var": 74.0502624512}, "spectral_rms": {"dmean": 0.000451320491266, "dmean2": 0.000597604899667, "dvar": 4.81463416691e-07, "dvar2": 8.69969937867e-07, "max": 0.0100698089227, "mean": 0.00373715348542, "median": 0.00376733974554, "min": 3.27629525072e-12, "var": 2.82477071778e-06}, "spectral_rolloff": {"dmean": 191.936187744, "dmean2": 312.19519043, "dvar": 140793.375, "dvar2": 213538.046875, "max": 19013.8183594, "mean": 1705.67114258, "median": 1830.32226562, "min": 107.666015625, "var": 534677.9375}, "spectral_skewness": {"dmean": 0.476627796888, "dmean2": 0.832464575768, "dvar": 0.195704221725, "dvar2": 0.52001708746, "max": 8.89687824249, "mean": 1.93579244614, "median": 1.7320151329, "min": 5.2958541346e-05, "var": 0.674573540688}, "spectral_spread": {"dmean": 177573.390625, "dmean2": 287265.59375, "dvar": 312204886016, "dvar2": 523847335936, "max": 41553572, "mean": 1983714, "median": 1899205.875, "min": 773038.4375, "var": 470821863424}, "spectral_strongpeak": {"dmean": 0.611939787865, "dmean2": 1.04974925518, "dvar": 1.30922472477, "dvar2": 3.19237661362, "max": 17.2154560089, "mean": 1.22067725658, "median": 0.52113699913, "min": 0, "var": 2.56949520111}, "zerocrossingrate": {"dmean": 0.00465081678703, "dmean2": 0.00546818273142, "dvar": 5.16459695064e-05, "dvar2": 4.38401621068e-05, "max": 0.5185546875, "mean": 0.0529579073191, "median": 0.0546875, "min": 0.00439453125, "var": 0.000380203768145}, "barkbands": {"dmean": [3.30811667482e-06, 0.000303667387925, 0.000501133850776, 0.000250780169154, 0.000343114661518, 0.00029374047881, 0.000405935366871, 0.000277669838397, 0.000356209231541, 0.000478724075947, 0.000420427968493, 0.000406874925829, 0.000414580572397, 0.000413008849137, 0.000666966079734, 0.000406818377087, 0.000502617331222, 0.000230837336858, 0.000222447517444, 4.25826838182e-05, 2.21454065468e-05, 1.38657478601e-05, 6.47777642371e-06, 3.18880734085e-06, 4.50526272289e-07, 4.92512839401e-08, 1.35780968691e-08], "dmean2": [5.15199781148e-06, 0.000472693092888, 0.000730307947379, 0.000382719445042, 0.000519037013873, 0.000432552245911, 0.000569680181798, 0.000363104831195, 0.000490456819534, 0.000618193938863, 0.000605093548074, 0.000571146374568, 0.00062847690424, 0.000631307833828, 0.00109503639396, 0.000628273759503, 0.000756528112106, 0.000332475086907, 0.000321219675243, 6.15702811047e-05, 3.24192042171e-05, 1.98817160708e-05, 9.38874745771e-06, 4.45638124802e-06, 6.38471988168e-07, 7.08268785843e-08, 2.19489741937e-08], "dvar": [3.67906191623e-11, 3.43849734463e-07, 1.267388825e-06, 2.14243129903e-07, 4.87895590595e-07, 3.64797273278e-07, 9.53853373176e-07, 5.69850612919e-07, 6.74314605931e-07, 1.19988999359e-06, 1.20911545309e-06, 1.39175392633e-06, 2.43753402174e-06, 5.33701893346e-07, 1.37581275794e-06, 7.18339435934e-07, 1.84994610208e-06, 3.19890148148e-07, 4.74579792353e-07, 1.52731605141e-08, 2.9992932582e-09, 1.44872946972e-09, 5.52519807684e-10, 2.71307476485e-10, 6.9003748028e-12, 4.61065850755e-14, 4.95507656699e-16], "dvar2": [8.55690726609e-11, 7.96948825155e-07, 2.66587653641e-06, 4.55927249732e-07, 1.11502049549e-06, 8.50498224736e-07, 2.00508566195e-06, 1.00476722764e-06, 1.42838302963e-06, 2.47001776188e-06, 2.55515283243e-06, 2.96073380923e-06, 5.61576871405e-06, 1.21324399061e-06, 3.4891136238e-06, 1.5937957869e-06, 4.10439133702e-06, 7.31117040687e-07, 1.06422419321e-06, 3.64074956849e-08, 6.90422163885e-09, 3.04498226633e-09, 1.06968756075e-09, 4.83317497135e-10, 1.23537508348e-11, 8.43323959385e-14, 1.16565836641e-15], "max": [7.41116964491e-05, 0.010724584572, 0.0237262174487, 0.00922150444239, 0.0133238732815, 0.015065501444, 0.014462986961, 0.0170825645328, 0.0136227821931, 0.0237915925682, 0.0304975695908, 0.0339124016464, 0.0497728213668, 0.0107703693211, 0.0292105227709, 0.0210588388145, 0.039395775646, 0.0113017773256, 0.0192725267261, 0.00268291844986, 0.00111597473733, 0.000886461115442, 0.000748945749365, 0.000625511456747, 0.00010709631897, 9.03527961782e-06, 4.41672000306e-07], "mean": [7.84745589044e-06, 0.000899077567738, 0.00158092554193, 0.000755954883061, 0.00122845743317, 0.000931428745389, 0.00102478091139, 0.000761877396144, 0.000947470485698, 0.00119572482072, 0.000999561627395, 0.000876249687281, 0.000894073746167, 0.000945150270127, 0.00124031922314, 0.000876992708072, 0.00102349033114, 0.000449155602837, 0.000421624805313, 7.14806446922e-05, 3.7194124161e-05, 2.45696555794e-05, 1.10648152258e-05, 5.57490557185e-06, 7.51563391077e-07, 1.0098680292e-07, 3.3977695324e-08], "median": [2.98043278235e-06, 0.000563809822779, 0.000924584572203, 0.00044892920414, 0.000765044300351, 0.000493114697747, 0.000366088526789, 0.000251346325967, 0.000413811503677, 0.000588673457969, 0.00044755692943, 0.000249801436439, 0.000373960938305, 0.00044239620911, 0.000820635352284, 0.000475495879073, 0.000446482328698, 0.000133625144372, 0.0001252576767, 2.36058967857e-05, 1.157839597e-05, 6.14504642726e-06, 9.78011939878e-07, 1.92154118395e-07, 6.15298034745e-08, 5.28616297402e-08, 2.62539323614e-08], "min": [4.56724305495e-23, 1.56168032393e-23, 1.24308259683e-23, 1.22928786506e-23, 3.56128541981e-23, 1.72075033894e-23, 1.00908026216e-23, 7.78733572029e-23, 7.90408776535e-23, 6.07137960461e-23, 3.30785659648e-23, 3.96554003058e-23, 1.14244148959e-22, 9.95585250204e-23, 7.67233747079e-23, 9.85850706634e-23, 1.34810749878e-22, 1.53477937821e-22, 2.96730370287e-22, 3.80478570288e-22, 5.37125924034e-22, 6.29738800152e-22, 5.38156163755e-22, 9.06687795354e-22, 1.18573806357e-21, 1.98691670997e-21, 2.51345190499e-21], "var": [9.85954512478e-11, 1.19755679862e-06, 4.17111414208e-06, 8.29128055102e-07, 2.32591173699e-06, 1.51236645252e-06, 2.6231953143e-06, 1.94266090148e-06, 1.83008501153e-06, 3.19452055919e-06, 2.92127197099e-06, 3.38655945598e-06, 6.03053149462e-06, 1.75225829935e-06, 2.53580697063e-06, 1.53625001076e-06, 3.07712934955e-06, 5.95079313825e-07, 8.59016950017e-07, 2.13202824284e-08, 4.83332351919e-09, 2.96868019056e-09, 1.28401067556e-09, 6.6950889277e-10, 1.49145990697e-11, 8.7842913824e-14, 1.18230330498e-15]}, "erbbands": {"dmean": [0.00488396733999, 0.08546295017, 0.465140491724, 0.782153010368, 0.803906917572, 1.37814176083, 1.66467487812, 2.89436078072, 4.90918254852, 6.8345952034, 5.48224020004, 9.92580986023, 9.6954908371, 14.9550199509, 17.6384086609, 20.3935508728, 19.1170406342, 19.5526218414, 29.6930351257, 31.2118530273, 19.931219101, 19.235584259, 16.9455108643, 13.6798772812, 7.49697256088, 2.19428014755, 1.0198931694, 0.882104516029, 0.546442091465, 0.252806127071, 0.158256962895, 0.0694424137473, 0.0460161566734, 0.00835701171309, 0.00168506533373, 0.000346303888364, 8.4493898612e-05, 1.58608363563e-05, 4.11318887927e-06, 5.37425057701e-06], "dmean2": [0.00749044120312, 0.133530363441, 0.697241187096, 1.14657044411, 1.18189513683, 2.13010454178, 2.51376104355, 4.31296920776, 6.68137359619, 9.51749515533, 7.0992307663, 13.4442644119, 13.0153636932, 19.5518989563, 25.4043178558, 28.5257339478, 29.0694408417, 29.6150436401, 48.4547691345, 50.1096343994, 30.4426040649, 28.6839923859, 24.0762290955, 20.0226593018, 10.9439096451, 3.18762564659, 1.48465740681, 1.29144322872, 0.790134012699, 0.358310699463, 0.227330282331, 0.0988254249096, 0.0629876852036, 0.0118665304035, 0.00242088874802, 0.000490798498504, 0.000123959223856, 2.42689511651e-05, 5.99870418228e-06, 7.30100600776e-06], "dvar": [8.34216698422e-05, 0.0280666667968, 1.0629338026, 2.45215749741, 2.45445489883, 10.1116132736, 9.11384105682, 44.4523735046, 128.919158936, 294.844940186, 276.923278809, 527.053894043, 727.683227539, 1224.05883789, 2070.11157227, 3414.90917969, 5750.34912109, 1259.92834473, 3123.1340332, 4144.70751953, 2180.52685547, 2126.39770508, 1799.88000488, 1809.61181641, 463.679748535, 42.8007507324, 7.46253299713, 4.97518777847, 2.06839752197, 0.692513406277, 0.336690425873, 0.0950384959579, 0.0686760693789, 0.00224290182814, 9.56830263021e-05, 3.66772792404e-06, 1.28448192527e-07, 2.4436730417e-09, 4.88782209151e-11, 9.68189486916e-11], "dvar2": [0.000198319452466, 0.0646389424801, 2.30767059326, 5.07559394836, 5.15388298035, 24.2490634918, 21.2469367981, 102.551811218, 252.998092651, 562.695495605, 496.055664062, 1102.29638672, 1492.02246094, 2478.11450195, 4590.49169922, 7183.99267578, 13337.9238281, 2846.04858398, 8316.25195312, 9798.29199219, 4606.79003906, 4884.97607422, 4115.1171875, 4208.31738281, 959.640808105, 101.718696594, 17.2837409973, 11.2875032425, 4.60789680481, 1.50794529915, 0.621734559536, 0.167747035623, 0.127274930477, 0.00399375893176, 0.00017175496032, 6.64484423396e-06, 2.50250479894e-07, 5.36918909333e-09, 9.65571927969e-11, 1.94733090764e-10], "max": [0.145786881447, 3.1105260849, 22.2895298004, 30.116394043, 28.0671958923, 68.0933151245, 67.3110198975, 186.057373047, 198.585632324, 355.366729736, 465.458740234, 385.266235352, 678.430419922, 893.762390137, 851.453125, 1684.31518555, 2500.98730469, 556.233215332, 1812.75695801, 1548.67797852, 1478.46887207, 1031.66796875, 968.416442871, 1185.66552734, 617.147827148, 177.832000732, 54.8066558838, 48.612159729, 29.6133098602, 21.105512619, 14.3895635605, 10.2588996887, 10.4287691116, 1.84234857559, 0.472390294075, 0.0951501503587, 0.0180069990456, 0.00199219537899, 0.000153114524437, 0.000146858554217], "mean": [0.0150224482641, 0.25422385335, 1.43369519711, 2.63399267197, 2.84511590004, 4.41991567612, 5.56474399567, 8.75273036957, 14.1118621826, 16.9794445038, 15.6359109879, 26.7542648315, 26.5678386688, 37.6695251465, 42.4793434143, 45.6885986328, 43.5911331177, 48.5655899048, 58.9127922058, 64.5820388794, 47.5118751526, 44.028263092, 33.0512390137, 24.9376564026, 14.6004648209, 3.87086057663, 1.77028822899, 1.57562112808, 0.993543565273, 0.432413607836, 0.278005540371, 0.123868815601, 0.0784442722797, 0.0143378078938, 0.00282273860648, 0.00064101384487, 0.000181129973498, 4.33842578786e-05, 1.55662946781e-05, 2.14573265112e-05], "median": [0.0124380812049, 0.15745164454, 0.864157497883, 1.65312874317, 1.77134752274, 2.06734466553, 2.82617926598, 4.19268512726, 5.70416975021, 5.54847717285, 7.06915998459, 11.7804613113, 13.6768026352, 19.5770969391, 21.1049442291, 17.4923229218, 20.8602714539, 25.3863124847, 37.5272521973, 42.5802841187, 27.1026477814, 20.9361286163, 10.2751379013, 7.51212501526, 4.57507944107, 1.38475751877, 0.672892928123, 0.405005842447, 0.268533498049, 0.0761099308729, 0.0261140745133, 0.00712679186836, 0.00196433183737, 0.000780431495514, 0.000429071427789, 0.000229175348068, 0.000104917933641, 3.26050576405e-05, 1.3113717614e-05, 1.7923392079e-05], "min": [8.92524750745e-22, 2.36166991714e-21, 8.52484665258e-21, 4.10553002465e-20, 6.08357800944e-20, 1.62931949528e-19, 9.88176520008e-20, 1.62487960335e-19, 1.02786005753e-19, 8.23868994971e-19, 1.40628479632e-18, 1.32016123248e-18, 2.87792099693e-18, 9.12372977816e-19, 1.77247289721e-18, 1.98102539556e-18, 5.65494126197e-18, 5.89029193062e-18, 3.88221793583e-18, 3.73938162843e-18, 6.71207973917e-18, 6.94561474638e-18, 8.22263023811e-18, 1.50320372889e-17, 1.68236360495e-17, 1.60218780059e-17, 1.55842581028e-17, 2.26941964138e-17, 2.32514332509e-17, 2.01460963153e-17, 1.6269658304e-17, 1.58853369565e-17, 1.63316488735e-17, 1.17243082826e-17, 9.1409479562e-18, 6.96581118822e-18, 3.54217556654e-18, 1.51360744829e-18, 3.31812284089e-19, 3.78651489672e-20], "var": [0.000217673805309, 0.0969997793436, 3.24561190605, 9.76656532288, 9.69143486023, 45.7943000793, 47.9130020142, 177.341629028, 453.496490479, 871.501281738, 840.46685791, 1448.86499023, 1965.7722168, 3222.47338867, 4665.16259766, 8334.59179688, 14094.3505859, 4301.13427734, 5824.29589844, 7789.27783203, 4304.6640625, 4006.53979492, 3235.71240234, 2895.81689453, 1008.24786377, 59.3791465759, 11.0881814957, 10.2226848602, 3.79809570312, 1.26488268375, 0.882723867893, 0.248549997807, 0.157082378864, 0.00520671950653, 0.000186330347788, 6.56048996461e-06, 2.31463246791e-07, 4.48714931878e-09, 1.6530572744e-10, 3.07231712293e-10]}, "gfcc": {"mean": [-80.9361419678, 157.049331665, -172.375717163, 16.1408195496, -26.3274917603, -5.70434761047, -21.9336776733, -5.31564855576, -10.7694921494, -10.3898019791, -13.0476818085, -5.23722887039, -7.91781711578], "cov": [[10009.8798828, -1019.59869385, -2860.26269531, 712.845092773, -929.972229004, -502.082641602, -29.8683509827, -270.78137207, 336.436401367, -12.8451480865, 269.879547119, 39.2483253479, -80.693321228], [-1019.59869385, 1034.85424805, 706.199645996, -47.9472579956, 470.327392578, -91.2501907349, 90.0399551392, -63.1449127197, -86.0212783813, -37.002658844, -177.059616089, -31.0778865814, 50.6751937866], [-2860.26269531, 706.199645996, 1389.90002441, 62.7370414734, 476.66796875, 271.385070801, 31.7059135437, 76.3019332886, -165.433685303, -78.5349578857, -151.118301392, -100.756828308, 27.4579296112], [712.845092773, -47.9472579956, 62.7370414734, 357.30368042, 15.2805805206, 78.8880233765, 17.7145423889, -42.1213989258, -15.8831043243, -64.4985733032, -0.644447267056, -44.3248786926, -22.7453536987], [-929.972229004, 470.327392578, 476.66796875, 15.2805805206, 451.48916626, 136.524597168, 88.278213501, -12.5741634369, -81.3304748535, -14.0229797363, -102.369544983, -64.1400222778, -0.0848999992013], [-502.082641602, -91.2501907349, 271.385070801, 78.8880233765, 136.524597168, 329.751190186, 64.7502593994, 74.3848342896, -33.0207023621, -32.0178794861, 8.6619310379, -87.7750778198, -42.9039726257], [-29.8683509827, 90.0399551392, 31.7059135437, 17.7145423889, 88.278213501, 64.7502593994, 146.636383057, 49.8077392578, 14.212469101, 0.0719124376774, -13.1981716156, -24.0318012238, -28.1191825867], [-270.78137207, -63.1449127197, 76.3019332886, -42.1213989258, -12.5741634369, 74.3848342896, 49.8077392578, 151.430145264, 41.8544082642, 14.010635376, 16.3208351135, -26.6317310333, -21.1735363007], [336.436401367, -86.0212783813, -165.433685303, -15.8831043243, -81.3304748535, -33.0207023621, 14.212469101, 41.8544082642, 101.820999146, 35.0882987976, 25.1027603149, 11.9130458832, -13.7609767914], [-12.8451480865, -37.002658844, -78.5349578857, -64.4985733032, -14.0229797363, -32.0178794861, 0.0719124376774, 14.010635376, 35.0882987976, 84.414604187, 25.0749740601, 13.565829277, -1.47492277622], [269.879547119, -177.059616089, -151.118301392, -0.644447267056, -102.369544983, 8.6619310379, -13.1981716156, 16.3208351135, 25.1027603149, 25.0749740601, 90.1311416626, 19.5261421204, -16.8602466583], [39.2483253479, -31.0778865814, -100.756828308, -44.3248786926, -64.1400222778, -87.7750778198, -24.0318012238, -26.6317310333, 11.9130458832, 13.565829277, 19.5261421204, 85.9943237305, 29.9265155792], [-80.693321228, 50.6751937866, 27.4579296112, -22.7453536987, -0.0848999992013, -42.9039726257, -28.1191825867, -21.1735363007, -13.7609767914, -1.47492277622, -16.8602466583, 29.9265155792, 60.02942276]], "icov": [[0.00120568228886, -0.00299913971685, 0.004142801743, -0.00344691658393, 0.0018131067045, -0.00216313591227, 0.00199574767612, -0.0017069518799, 0.000930850976147, -0.000653436873108, -3.70633497369e-05, 0.000755402958021, -0.000448847131338], [-0.00299913971685, 0.0136804962531, -0.0133505612612, 0.0100548984483, -0.00916058849543, 0.0118769304827, -0.00915054511279, 0.00765941711143, -0.00577099015936, 0.00495788641274, -0.0010408925591, 0.00157855823636, -0.00105319870636], [0.004142801743, -0.0133505612612, 0.0174920950085, -0.0129825742915, 0.00713430484757, -0.0112436199561, 0.0101672364399, -0.00957844872028, 0.0066538141109, -0.00378799531609, 0.00196237699129, 0.000356770324288, -0.000917408498935], [-0.00344691658393, 0.0100548984483, -0.0129825742915, 0.0142523078248, -0.0058301766403, 0.00721901794896, -0.00768178701401, 0.00836300477386, -0.00516331009567, 0.0056243701838, -0.00167003949173, 0.000717344053555, 0.000847719260491], [0.0018131067045, -0.00916058849543, 0.00713430484757, -0.0058301766403, 0.0121449818835, -0.00948786083609, 0.0028699231334, -0.00242522871122, 0.00539542781189, -0.00624520145357, 0.00461346004158, -0.000542018620763, 0.00107232283335], [-0.00216313591227, 0.0118769304827, -0.0112436199561, 0.00721901794896, -0.00948786083609, 0.0170606728643, -0.00882710143924, 0.00471312832087, -0.0044424100779, 0.00655141938478, -0.00570448860526, 0.00637749349698, -0.000986969447695], [0.00199574767612, -0.00915054511279, 0.0101672364399, -0.00768178701401, 0.0028699231334, -0.00882710143924, 0.017211580649, -0.00951476488262, 0.00326352566481, -0.00300963339396, 0.0029042144306, -0.00346055184491, 0.00446267146617], [-0.0017069518799, 0.00765941711143, -0.00957844872028, 0.00836300477386, -0.00242522871122, 0.00471312832087, -0.00951476488262, 0.0178025439382, -0.00956240855157, 0.00316783948801, -0.00307192071341, 0.0044350605458, -0.00121093622874], [0.000930850976147, -0.00577099015936, 0.0066538141109, -0.00516331009567, 0.00539542781189, -0.0044424100779, 0.00326352566481, -0.00956240855157, 0.0211796015501, -0.00861063692719, 0.00370908319019, -0.00360375153832, 0.00359344971366], [-0.000653436873108, 0.00495788641274, -0.00378799531609, 0.0056243701838, -0.00624520145357, 0.00655141938478, -0.00300963339396, 0.00316783948801, -0.00861063692719, 0.0209948867559, -0.00783917307854, 0.00308179995045, -0.00201494968496], [-3.70633497369e-05, -0.0010408925591, 0.00196237699129, -0.00167003949173, 0.00461346004158, -0.00570448860526, 0.0029042144306, -0.00307192071341, 0.00370908319019, -0.00783917307854, 0.0235056672245, -0.00849190447479, 0.00699787307531], [0.000755402958021, 0.00157855823636, 0.000356770324288, 0.000717344053555, -0.000542018620763, 0.00637749349698, -0.00346055184491, 0.0044350605458, -0.00360375153832, 0.00308179995045, -0.00849190447479, 0.0250361803919, -0.0113246608526], [-0.000448847131338, -0.00105319870636, -0.000917408498935, 0.000847719260491, 0.00107232283335, -0.000986969447695, 0.00446267146617, -0.00121093622874, 0.00359344971366, -0.00201494968496, 0.00699787307531, -0.0113246608526, 0.0270298756659]]}, "melbands": {"dmean": [6.34778334643e-05, 0.000197568020667, 0.000132518747705, 7.22957702237e-05, 6.12508374616e-05, 6.12475269008e-05, 7.89497207734e-05, 7.11706743459e-05, 4.58953327325e-05, 6.03459811828e-05, 4.84600968775e-05, 6.26444088994e-05, 5.81622662139e-05, 5.25520299561e-05, 4.84582669742e-05, 3.58572942787e-05, 4.02359255531e-05, 4.78882684547e-05, 3.89860579162e-05, 4.4423766667e-05, 2.39313994825e-05, 2.1873291189e-05, 2.349753413e-05, 1.10970995593e-05, 1.19965043268e-05, 6.23116466159e-06, 2.60368142335e-06, 1.3948808828e-06, 6.63952050672e-07, 6.35718095054e-07, 5.19910770436e-07, 3.72139794536e-07, 1.45694812659e-07, 1.60172362484e-07, 1.14914627147e-07, 3.12544656822e-08, 5.2491856195e-08, 4.51818067404e-08, 8.35339264427e-09, 6.46617159816e-09], "dmean2": [9.80170152616e-05, 0.000296011945466, 0.000192368999706, 0.000110477376438, 9.29105954128e-05, 9.04951739358e-05, 0.000108977154014, 9.88509200397e-05, 5.9562822571e-05, 8.2580394519e-05, 6.53775787214e-05, 8.15960447653e-05, 8.41895962367e-05, 7.35118956072e-05, 7.09755549906e-05, 5.4692834965e-05, 6.07066613156e-05, 7.79029360274e-05, 6.4243657107e-05, 6.93778638379e-05, 3.69240588043e-05, 3.29809408868e-05, 3.45079752151e-05, 1.59514511324e-05, 1.78183836397e-05, 9.11256302061e-06, 3.79884772883e-06, 2.09754307434e-06, 9.75152033789e-07, 9.62194690146e-07, 7.59751230817e-07, 5.43565988664e-07, 2.10364859754e-07, 2.31349147839e-07, 1.63961715316e-07, 4.66566838497e-08, 7.4379940429e-08, 6.13155677343e-08, 1.19783516439e-08, 9.3937266854e-09], "dvar": [1.43660905394e-08, 1.71620314404e-07, 6.69182753654e-08, 2.49786999973e-08, 1.25736727696e-08, 1.82909865032e-08, 3.42702257683e-08, 3.1472168871e-08, 1.72150684818e-08, 1.94744327331e-08, 1.77543153512e-08, 2.31295604891e-08, 2.36032011713e-08, 1.9380715699e-08, 2.60217127845e-08, 1.09006874638e-08, 5.66095215149e-09, 7.686365322e-09, 5.19910292596e-09, 7.85522225044e-09, 4.77787898134e-09, 3.07625080964e-09, 5.00509278467e-09, 8.03295152618e-10, 1.60510760239e-09, 3.19425763617e-10, 5.35615891917e-11, 1.99095601117e-11, 3.48104856572e-12, 3.16739126247e-12, 2.04960527717e-12, 1.10919823673e-12, 1.76404355533e-13, 3.80429005355e-13, 1.93815517563e-13, 1.71032926591e-14, 6.88327162195e-14, 6.98022369072e-14, 2.68473000687e-15, 1.42682339976e-15], "dvar2": [3.34556489179e-08, 3.67413178992e-07, 1.34531745744e-07, 5.82449608544e-08, 2.95615354418e-08, 4.21629060554e-08, 7.07747318529e-08, 5.89007420615e-08, 3.13253885054e-08, 4.10643430371e-08, 3.66473962288e-08, 4.68587408875e-08, 5.0276668162e-08, 4.12822842577e-08, 5.88820761038e-08, 2.55080649936e-08, 1.25401271589e-08, 2.02166798857e-08, 1.32787763008e-08, 1.78861654376e-08, 1.03552899589e-08, 7.09404801569e-09, 1.16464828892e-08, 1.8444776817e-09, 3.74868758257e-09, 6.46493081291e-10, 1.15397288947e-10, 4.89097790046e-11, 8.06042645823e-12, 7.85780468471e-12, 4.35578829949e-12, 2.48998955135e-12, 3.96969946064e-13, 8.23132469303e-13, 3.47969184933e-13, 3.61258027345e-14, 1.22910457311e-13, 1.24136581548e-13, 6.28970413621e-15, 2.62097722506e-15], "max": [0.0018476897385, 0.00841951742768, 0.00435685459524, 0.00345315830782, 0.00223866896704, 0.00361685291864, 0.00296395877376, 0.00321391713805, 0.00343038188294, 0.00216499133967, 0.00333393132314, 0.00394531851634, 0.00424875784665, 0.00412615202367, 0.00509234983474, 0.00318159046583, 0.00126960675698, 0.0027598158922, 0.0014127921313, 0.00201544328593, 0.00263888551854, 0.00171146425419, 0.00242866599001, 0.000476795888972, 0.00117464258801, 0.000483733107103, 0.000176676054252, 0.000122307159472, 4.03460508096e-05, 3.00410010823e-05, 3.7646972487e-05, 2.43661852437e-05, 9.18514069781e-06, 1.97368608497e-05, 1.16080809676e-05, 4.62263960799e-06, 8.06910611573e-06, 1.16591763799e-05, 1.69611121237e-06, 1.55112388711e-06], "mean": [0.000192771898583, 0.000637492921669, 0.000466476049041, 0.000249566423008, 0.000208683137316, 0.000187904588529, 0.000217276989133, 0.000179483380634, 0.000129097257741, 0.000161121191923, 0.000129862033646, 0.000152435677592, 0.00013685610611, 0.000115029324661, 0.000106140694697, 8.0927653471e-05, 9.40345416893e-05, 9.25197455217e-05, 7.82582064858e-05, 8.84761830093e-05, 5.16840664204e-05, 4.98245062772e-05, 4.18912532041e-05, 2.0747367671e-05, 2.06884087675e-05, 1.19870446724e-05, 4.84700785819e-06, 2.17176943806e-06, 1.1329402696e-06, 9.40839072427e-07, 9.47936825924e-07, 6.62659317641e-07, 2.46088916356e-07, 2.5781659474e-07, 1.99905841214e-07, 4.9286647652e-08, 9.29473884526e-08, 7.72604664689e-08, 1.33685977843e-08, 1.04787272193e-08], "median": [0.000139691517688, 0.000414366339101, 0.00030779701774, 0.000147059385199, 0.000112679488666, 9.03521722648e-05, 8.8409979071e-05, 5.96036479692e-05, 5.73290672037e-05, 7.08876104909e-05, 6.53047754895e-05, 7.03748009983e-05, 6.06640896876e-05, 4.28098974226e-05, 4.33479581261e-05, 3.91557914554e-05, 4.19126481574e-05, 5.55612932658e-05, 5.02931543451e-05, 5.18307097082e-05, 2.55046015809e-05, 2.28475219046e-05, 1.02567537397e-05, 6.69470637149e-06, 5.74495379624e-06, 3.39702091878e-06, 1.71902115653e-06, 6.98022063261e-07, 3.87377554034e-07, 2.8030299859e-07, 1.85155670351e-07, 1.65102761684e-07, 5.56201342761e-08, 2.43308839742e-08, 1.42652432089e-08, 5.46866552043e-09, 3.11202330572e-09, 1.29531874116e-09, 6.87548851186e-10, 5.81726555815e-10], "min": [8.75741548815e-24, 4.33707600423e-24, 6.55684105581e-24, 9.03525703213e-24, 4.05891812702e-24, 3.50060182135e-24, 1.604662002e-24, 1.20513680956e-23, 1.08449788905e-23, 1.0036672564e-23, 1.46339551266e-23, 3.77115902374e-24, 4.59406795449e-24, 5.40766793213e-24, 6.68644814153e-24, 1.2932637745e-23, 1.07641845454e-23, 5.59125519187e-24, 6.66060900258e-24, 4.57212578841e-24, 8.46843996135e-24, 7.63700107763e-24, 6.66127006801e-24, 8.04438541516e-24, 1.28474273566e-23, 1.00512609687e-23, 1.55957201428e-23, 9.29090081911e-24, 6.92785535574e-24, 1.67702456782e-23, 1.08392320388e-23, 1.2533933244e-23, 1.33746570206e-23, 9.97064648392e-24, 8.86296823271e-24, 9.54262317852e-24, 9.59857471594e-24, 1.03816469598e-23, 1.26130630926e-23, 8.76384076022e-24], "var": [4.43253824756e-08, 5.56909071747e-07, 2.63243407517e-07, 1.01762616112e-07, 6.62207426672e-08, 7.36426173376e-08, 1.08357475881e-07, 9.85812818044e-08, 5.13934068636e-08, 5.30884385341e-08, 4.77850861103e-08, 6.07266201769e-08, 5.61914603736e-08, 4.70523247031e-08, 6.33287271512e-08, 2.7587230278e-08, 1.99435756798e-08, 1.48080498974e-08, 1.00487085319e-08, 1.53236889844e-08, 7.82520093168e-09, 5.59167911973e-09, 7.81043585363e-09, 1.43297118615e-09, 2.44914333258e-09, 7.19676429561e-10, 1.04905223397e-10, 2.38831177057e-11, 5.55050710255e-12, 3.76085187298e-12, 5.27922627488e-12, 2.02055603152e-12, 2.78676523047e-13, 6.79209997707e-13, 5.31788859909e-13, 2.83773401506e-14, 1.73099788626e-13, 1.65028499763e-13, 4.2454824446e-15, 3.10088322309e-15]}, "mfcc": {"mean": [-706.90045166, 180.747711182, -63.2861099243, 24.0636425018, 4.54528522491, 7.06324243546, -4.75614261627, 6.67112064362, 1.81391692162, 0.133435994387, -1.67135715485, -4.96056842804, -1.92497944832], "cov": [[10132.0830078, -698.341430664, -2706.6730957, 652.665344238, -1113.62402344, -201.134979248, -716.868774414, -83.6824874878, -422.899597168, -51.4378585815, 107.040863037, 171.376831055, 26.0730361938], [-698.341430664, 1211.51538086, 12.4495887756, 158.132415771, 226.562484741, 45.8440208435, 98.3522949219, -83.0492248535, 155.581466675, -54.3266372681, -56.4635658264, -84.3739242554, -9.49659824371], [-2706.6730957, 12.4495887756, 1310.61157227, -63.6009025574, 443.080566406, 142.200180054, 278.691894531, 119.49987793, 123.623680115, 45.4147872925, -54.0829582214, -56.87940979, -60.6724662781], [652.665344238, 158.132415771, -63.6009025574, 337.463195801, 0.135662019253, 63.7928009033, -17.0097637177, -13.6512470245, -1.3103979826, -42.3516731262, -33.8615036011, -33.8574409485, -13.8302984238], [-1113.62402344, 226.562484741, 443.080566406, 0.135662019253, 371.403808594, 141.168731689, 184.678421021, 36.9757385254, 75.0693283081, 38.6875534058, -27.0173778534, -61.2802963257, -37.1065673828], [-201.134979248, 45.8440208435, 142.200180054, 63.7928009033, 141.168731689, 217.342269897, 133.363265991, 45.9135704041, 24.441860199, 21.4715442657, -14.6278848648, -30.2741127014, -16.6112518311], [-716.868774414, 98.3522949219, 278.691894531, -17.0097637177, 184.678421021, 133.363265991, 249.191329956, 75.7612533569, 64.0621032715, 57.7625770569, 1.28657925129, -22.2221508026, -4.62607097626], [-83.6824874878, -83.0492248535, 119.49987793, -13.6512470245, 36.9757385254, 45.9135704041, 75.7612533569, 131.564468384, 37.2071685791, 42.6927108765, 20.011297226, 7.78354501724, 3.96649718285], [-422.899597168, 155.581466675, 123.623680115, -1.3103979826, 75.0693283081, 24.441860199, 64.0621032715, 37.2071685791, 114.696517944, 41.2204818726, 9.08409118652, -11.4012126923, -2.49709486961], [-51.4378585815, -54.3266372681, 45.4147872925, -42.3516731262, 38.6875534058, 21.4715442657, 57.7625770569, 42.6927108765, 41.2204818726, 114.067832947, 42.3835983276, 8.18030071259, 4.55842733383], [107.040863037, -56.4635658264, -54.0829582214, -33.8615036011, -27.0173778534, -14.6278848648, 1.28657925129, 20.011297226, 9.08409118652, 42.3835983276, 83.8581924438, 40.8801841736, 12.2066287994], [171.376831055, -84.3739242554, -56.87940979, -33.8574409485, -61.2802963257, -30.2741127014, -22.2221508026, 7.78354501724, -11.4012126923, 8.18030071259, 40.8801841736, 96.8775558472, 28.0079307556], [26.0730361938, -9.49659824371, -60.6724662781, -13.8302984238, -37.1065673828, -16.6112518311, -4.62607097626, 3.96649718285, -2.49709486961, 4.55842733383, 12.2066287994, 28.0079307556, 71.5195465088]], "icov": [[0.000423299730755, 9.68534877757e-05, 0.000748433638364, -0.000790778954979, 0.00018076885317, -7.89001569501e-05, 0.00034284213325, -0.000673140573781, 0.000733804656193, -0.000684459169861, 0.000273441401077, -0.000444557808805, 0.000672187772579], [9.68534877757e-05, 0.00175228004809, 0.000753189611714, -0.000781569455285, -0.00128050509375, 0.000648742832709, -0.000703130150214, 0.0012034245301, -0.00263298326172, 0.00139407790266, 0.000150719293742, 0.000236818406847, -0.000239976943703], [0.000748433638364, 0.000753189611714, 0.00303141423501, -0.00137720128987, -0.00168700667564, 0.000622699211817, -0.000214718675124, -0.00164884584956, 1.17558238344e-05, -0.00036352063762, 0.00144631788135, -0.0012406592723, 0.0017419961514], [-0.000790778954979, -0.000781569455285, -0.00137720128987, 0.00531975273043, 0.00033837769297, -0.00176576746162, 0.000363416096661, 0.000779691152275, -0.00117157190107, 0.0019146646373, -5.76513630222e-05, 0.00144491333049, -0.000928339082748], [0.00018076885317, -0.00128050509375, -0.00168700667564, 0.00033837769297, 0.00809083413333, -0.00264178146608, -0.00147550040856, 0.000600416155066, 0.00101250770967, -0.00195632199757, -8.11701538623e-05, 0.00150067848153, 0.00144002342131], [-7.89001569501e-05, 0.000648742832709, 0.000622699211817, -0.00176576746162, -0.00264178146608, 0.00889641325921, -0.00401982758194, -0.000824930728413, 0.000270293559879, 0.000545582559425, 0.000680420082062, 0.000247456046054, 0.000544723938219], [0.00034284213325, -0.000703130150214, -0.000214718675124, 0.000363416096661, -0.00147550040856, -0.00401982758194, 0.0102678332478, -0.00330113363452, 0.000587783579249, -0.00291086500511, 0.000242503563641, -0.000315908837365, -0.000893805699889], [-0.000673140573781, 0.0012034245301, -0.00164884584956, 0.000779691152275, 0.000600416155066, -0.000824930728413, -0.00330113363452, 0.0130861103535, -0.00494704814628, 0.000417662668042, -0.00175985635724, 0.00048848480219, -0.00175245292485], [0.000733804656193, -0.00263298326172, 1.17558238344e-05, -0.00117157190107, 0.00101250770967, 0.000270293559879, 0.000587783579249, -0.00494704814628, 0.0179166551679, -0.00661073671654, -0.000253960723057, -0.000335089338478, 0.00128824450076], [-0.000684459169861, 0.00139407790266, -0.00036352063762, 0.0019146646373, -0.00195632199757, 0.000545582559425, -0.00291086500511, 0.000417662668042, -0.00661073671654, 0.0166840814054, -0.00682898983359, 0.00227667251602, -0.00162346172146], [0.000273441401077, 0.000150719293742, 0.00144631788135, -5.76513630222e-05, -8.11701538623e-05, 0.000680420082062, 0.000242503563641, -0.00175985635724, -0.000253960723057, -0.00682898983359, 0.0200117863715, -0.00743526173756, 0.00128796033096], [-0.000444557808805, 0.000236818406847, -0.0012406592723, 0.00144491333049, 0.00150067848153, 0.000247456046054, -0.000315908837365, 0.00048848480219, -0.000335089338478, 0.00227667251602, -0.00743526173756, 0.016385409981, -0.00509553728625], [0.000672187772579, -0.000239976943703, 0.0017419961514, -0.000928339082748, 0.00144002342131, 0.000544723938219, -0.000893805699889, -0.00175245292485, 0.00128824450076, -0.00162346172146, 0.00128796033096, -0.00509553728625, 0.0178406797349]]}, "spectral_contrast_coeffs": {"dmean": [0.0324863009155, 0.0314860753715, 0.0290731042624, 0.0307976491749, 0.0232452359051, 0.0192016493529], "dmean2": [0.0530851073563, 0.050395168364, 0.0442627780139, 0.048197735101, 0.0347160585225, 0.0277224797755], "dvar": [0.000962408084888, 0.00100163009483, 0.00091642368352, 0.000985474325716, 0.000679538934492, 0.000626620661933], "dvar2": [0.00243162643164, 0.00236520380713, 0.00194797839504, 0.00218736566603, 0.00136956281494, 0.00116322108079], "max": [-0.3321159482, -0.417108416557, -0.387325763702, -0.463232457638, -0.464084684849, -0.559996068478], "mean": [-0.652808845043, -0.71457785368, -0.705736160278, -0.694259285927, -0.681037724018, -0.713905096054], "median": [-0.658149838448, -0.716854929924, -0.716142296791, -0.703934907913, -0.679025411606, -0.698560476303], "min": [-0.940792262554, -0.964385032654, -0.955343067646, -0.962730884552, -0.962026059628, -0.960122644901], "var": [0.00488235522062, 0.00642936863005, 0.00678600277752, 0.00604791985825, 0.00519637111574, 0.00516838626936]}, "spectral_contrast_valleys": {"dmean": [0.35070502758, 0.286147922277, 0.27707695961, 0.287420719862, 0.290197759867, 0.201234653592], "dmean2": [0.542093873024, 0.451801002026, 0.422587573528, 0.434905350208, 0.413205802441, 0.29354339838], "dvar": [0.212767198682, 0.157735645771, 0.157986566424, 0.180207177997, 0.208924844861, 0.105296462774], "dvar2": [0.350684940815, 0.273363739252, 0.275