{"lowlevel": {"average_loudness": 0.954154074192, "barkbands_crest": {"dmean": 3.88899827003, "dmean2": 6.32651948929, "dvar": 14.0784187317, "dvar2": 33.3300323486, "max": 26.5377235413, "mean": 19.1402683258, "median": 20.7583885193, "min": 2.29285860062, "var": 31.884771347}, "barkbands_flatness_db": {"dmean": 0.0479173436761, "dmean2": 0.0754159167409, "dvar": 0.00190565991215, "dvar2": 0.00450210319832, "max": 0.518953502178, "mean": 0.175105959177, "median": 0.169596269727, "min": 0.0108205024153, "var": 0.00569064961746}, "barkbands_kurtosis": {"dmean": 29.6008205414, "dmean2": 48.4779891968, "dvar": 2467.57202148, "dvar2": 6264.31884766, "max": 868.495300293, "mean": 41.6445236206, "median": 19.7357959747, "min": -1.47081875801, "var": 3678.00512695}, "barkbands_skewness": {"dmean": 1.96157169342, "dmean2": 3.13403964043, "dvar": 4.31046533585, "dvar2": 10.5845918655, "max": 24.7036418915, "mean": 5.13155555725, "median": 4.30739212036, "min": -2.2624642849, "var": 10.4760484695}, "barkbands_spread": {"dmean": 8.12565040588, "dmean2": 13.331530571, "dvar": 84.2919311523, "dvar2": 200.429931641, "max": 81.6279678345, "mean": 15.9218635559, "median": 11.225069046, "min": 0.143994897604, "var": 191.406311035}, "dissonance": {"dmean": 0.0123970238492, "dmean2": 0.0213761422783, "dvar": 0.000145641854033, "dvar2": 0.000418708397774, "max": 0.500000178814, "mean": 0.479796946049, "median": 0.482469081879, "min": 0.233112588525, "var": 0.000188327554497}, "dynamic_complexity": 3.25004553795, "erbbands_crest": {"dmean": 1.83536744118, "dmean2": 3.03944325447, "dvar": 2.94850730896, "dvar2": 7.55152606964, "max": 21.200756073, "mean": 5.66189908981, "median": 5.05211353302, "min": 2.00755405426, "var": 5.79866123199}, "erbbands_flatness_db": {"dmean": 0.0112996948883, "dmean2": 0.0178323127329, "dvar": 0.000179367838427, "dvar2": 0.000390953151509, "max": 0.269473582506, "mean": 0.0748394429684, "median": 0.0676061809063, "min": 0.0384413227439, "var": 0.000695900525898}, "erbbands_kurtosis": {"dmean": 0.416687548161, "dmean2": 0.678440511227, "dvar": 0.261338919401, "dvar2": 0.668962359428, "max": 11.9525365829, "mean": -0.696488857269, "median": -0.814628124237, "min": -1.90749502182, "var": 0.461527347565}, "erbbands_skewness": {"dmean": 0.28922650218, "dmean2": 0.471608191729, "dvar": 0.0747367218137, "dvar2": 0.18424744904, "max": 3.34756731987, "mean": 0.0397247448564, "median": 0.0140914544463, "min": -1.68082773685, "var": 0.194406211376}, "erbbands_spread": {"dmean": 13.6990280151, "dmean2": 22.1213493347, "dvar": 212.097106934, "dvar2": 443.547027588, "max": 196.793380737, "mean": 74.6248855591, "median": 70.013923645, "min": 12.8189086914, "var": 694.440795898}, "hfc": {"dmean": 13.5866708755, "dmean2": 19.9560413361, "dvar": 476.533569336, "dvar2": 1075.88317871, "max": 284.257476807, "mean": 27.1441402435, "median": 16.4261112213, "min": 1.10014664128e-16, "var": 880.085449219}, "melbands_crest": {"dmean": 3.5048327446, "dmean2": 5.79954242706, "dvar": 10.1300134659, "dvar2": 26.9663333893, "max": 34.1787834167, "mean": 21.5094470978, "median": 21.4229812622, "min": 1.56432700157, "var": 24.0505161285}, "melbands_flatness_db": {"dmean": 0.0540864989161, "dmean2": 0.0855714529753, "dvar": 0.0024368816521, "dvar2": 0.00575648387894, "max": 0.676110625267, "mean": 0.284188449383, "median": 0.282340437174, "min": 0.00379580678418, "var": 0.00768761802465}, "melbands_kurtosis": {"dmean": 69.9326553345, "dmean2": 113.689758301, "dvar": 7810.77294922, "dvar2": 19017.1738281, "max": 940.378417969, "mean": 121.729988098, "median": 77.9451828003, "min": -1.4142241478, "var": 15923.4130859}, "melbands_skewness": {"dmean": 2.47323250771, "dmean2": 3.97386264801, "dvar": 5.85517549515, "dvar2": 13.8667812347, "max": 25.881401062, "mean": 8.27380084991, "median": 7.65062618256, "min": -0.301170408726, "var": 15.6860570908}, "melbands_spread": {"dmean": 5.10534715652, "dmean2": 8.46964645386, "dvar": 51.7393417358, "dvar2": 123.819602966, "max": 167.879104614, "mean": 8.62599563599, "median": 4.96960258484, "min": 0.233782798052, "var": 164.033966064}, "pitch_salience": {"dmean": 0.119975909591, "dmean2": 0.197168946266, "dvar": 0.0132472570986, "dvar2": 0.0323973074555, "max": 0.97852909565, "mean": 0.329555362463, "median": 0.300634503365, "min": 0.0548222921789, "var": 0.0288187544793}, "silence_rate_20dB": {"dmean": 0.00120380404405, "dmean2": 0.00240789796226, "dvar": 0.00120254885405, "dvar2": 0.00312441121787, "max": 1, "mean": 0.999157428741, "median": 1, "min": 0, "var": 0.000841749075335}, "silence_rate_30dB": {"dmean": 0.179366797209, "dmean2": 0.358776777983, "dvar": 0.147206142545, "dvar2": 0.286131978035, "max": 1, "mean": 0.682835817337, "median": 1, "min": 0, "var": 0.216571077704}, "silence_rate_60dB": {"dmean": 0.00770434550941, "dmean2": 0.0152901513502, "dvar": 0.00764507055283, "dvar2": 0.0179456751794, "max": 1, "mean": 0.0507944151759, "median": 0, "min": 0, "var": 0.0482144281268}, "spectral_centroid": {"dmean": 318.267883301, "dmean2": 523.684875488, "dvar": 104216.3125, "dvar2": 238625.984375, "max": 11436.8378906, "mean": 1173.45422363, "median": 1105.86206055, "min": 113.742507935, "var": 515285.625}, "spectral_complexity": {"dmean": 6.7723608017, "dmean2": 9.74259567261, "dvar": 64.8301773071, "dvar2": 128.931121826, "max": 59, "mean": 17.227973938, "median": 15, "min": 0, "var": 156.735214233}, "spectral_decrease": {"dmean": 1.10275824028e-08, "dmean2": 1.75932566293e-08, "dvar": 1.40798461939e-16, "dvar2": 3.67476906186e-16, "max": 6.4328181877e-20, "mean": -2.14787387876e-08, "median": -1.80877748335e-08, "min": -1.35901714771e-07, "var": 2.98279423062e-16}, "spectral_energy": {"dmean": 0.0423802249134, "dmean2": 0.0676471889019, "dvar": 0.00206980155781, "dvar2": 0.00535357370973, "max": 0.519750654697, "mean": 0.08352766186, "median": 0.0710535570979, "min": 1.03023438901e-20, "var": 0.00443396391347}, "spectral_energyband_high": {"dmean": 0.000865631795023, "dmean2": 0.00127843301743, "dvar": 2.64413188233e-06, "dvar2": 6.29260739515e-06, "max": 0.0219857506454, "mean": 0.00156811496709, "median": 0.000714079476893, "min": 6.93098027991e-21, "var": 4.52835865872e-06}, "spectral_energyband_low": {"dmean": 0.0400986857712, "dmean2": 0.064458206296, "dvar": 0.00194855930749, "dvar2": 0.005181026645, "max": 0.497620254755, "mean": 0.0724532306194, "median": 0.0579618439078, "min": 2.43117543544e-23, "var": 0.00386984273791}, "spectral_energyband_middle_high": {"dmean": 0.00212798570283, "dmean2": 0.00319726322778, "dvar": 1.3163845324e-05, "dvar2": 2.75010479527e-05, "max": 0.0431881994009, "mean": 0.00330165377818, "median": 0.00157009833492, "min": 1.14718237954e-21, "var": 2.19140383706e-05}, "spectral_energyband_middle_low": {"dmean": 0.00536970188841, "dmean2": 0.00898185744882, "dvar": 8.07896867627e-05, "dvar2": 0.000210422716918, "max": 0.0758681595325, "mean": 0.00790123641491, "median": 0.00421351706609, "min": 1.98347008201e-22, "var": 9.44905623328e-05}, "spectral_entropy": {"dmean": 0.164133429527, "dmean2": 0.264118105173, "dvar": 0.0394722186029, "dvar2": 0.0877627581358, "max": 9.82685184479, "mean": 7.92919397354, "median": 7.99851131439, "min": 5.42621040344, "var": 0.133744746447}, "spectral_flux": {"dmean": 0.0552500970662, "dmean2": 0.0877661630511, "dvar": 0.00296490546316, "dvar2": 0.00682660704479, "max": 0.541121006012, "mean": 0.134452819824, "median": 0.121290907264, "min": 6.50195106089e-11, "var": 0.00675207702443}, "spectral_kurtosis": {"dmean": 0.867868304253, "dmean2": 1.37106752396, "dvar": 2.61147379875, "dvar2": 6.29078578949, "max": 46.1880531311, "mean": 3.31578636169, "median": 3.09194278717, "min": -1.25876450539, "var": 5.85493850708}, "spectral_rms": {"dmean": 0.00226008938625, "dmean2": 0.00354088214226, "dvar": 4.2565975491e-06, "dvar2": 1.10084893095e-05, "max": 0.02251829952, "mean": 0.00821046158671, "median": 0.00832589622587, "min": 3.17034181026e-12, "var": 1.40788279168e-05}, "spectral_rolloff": {"dmean": 379.442382812, "dmean2": 668.512634277, "dvar": 878793.375, "dvar2": 2144022.5, "max": 19466.015625, "mean": 524.529174805, "median": 129.19921875, "min": 64.599609375, "var": 2818405}, "spectral_skewness": {"dmean": 0.148145720363, "dmean2": 0.230517357588, "dvar": 0.0374066084623, "dvar2": 0.0818190947175, "max": 5.11824941635, "mean": 1.48058307171, "median": 1.48079574108, "min": -0.0468634553254, "var": 0.114759378135}, "spectral_spread": {"dmean": 703325.75, "dmean2": 1120023.75, "dvar": 887673913344, "dvar2": 1678193852420.0, "max": 42805864, "mean": 7065898, "median": 7119007, "min": 1451323.625, "var": 6252414894080.0}, "spectral_strongpeak": {"dmean": 0.226743161678, "dmean2": 0.363223135471, "dvar": 0.0521058440208, "dvar2": 0.134804725647, "max": 2.53903794289, "mean": 0.574188709259, "median": 0.539448976517, "min": 0, "var": 0.124555326998}, "zerocrossingrate": {"dmean": 0.0131556149572, "dmean2": 0.0160285700113, "dvar": 0.000232290360145, "dvar2": 0.000358694262104, "max": 0.52490234375, "mean": 0.0440467521548, "median": 0.03271484375, "min": 0.00244140625, "var": 0.00243343343027}, "barkbands": {"dmean": [0.00118040002417, 0.0364512205124, 0.00749059068039, 0.00241087260656, 0.00193192833103, 0.000970727123786, 0.000660242279992, 0.000246026058448, 0.000321625324432, 0.000234858394833, 0.000320369261317, 0.000301433145069, 0.000231832018471, 0.000318282836815, 0.000343998195603, 0.000317236583214, 0.000233487618971, 0.000233937680605, 0.000188336358406, 0.000160706316819, 0.000129556865431, 0.000122285899124, 0.000180846589501, 0.000139645155286, 0.000113740446977, 0.000117613046314, 5.97000980633e-05], "dmean2": [0.00190198328346, 0.058728300035, 0.0129087362438, 0.00419818982482, 0.00332579179667, 0.00153680262156, 0.00114306295291, 0.000408198364312, 0.000542263675015, 0.000389723049011, 0.000528990174644, 0.000500405556522, 0.000370156602003, 0.000500452821143, 0.00058117788285, 0.000518534798175, 0.000371119589545, 0.000380530458642, 0.000310080533382, 0.00026373466244, 0.000202254625037, 0.000193354513613, 0.000274972640909, 0.000219844761887, 0.000174533866812, 0.000171744890395, 8.40992288431e-05], "dvar": [3.23305062011e-06, 0.00179119512904, 0.00019267720927, 2.42836595135e-05, 1.02041431091e-05, 3.36466655426e-06, 2.17327533392e-06, 3.45323741158e-07, 3.13731788992e-07, 1.84644179058e-07, 2.25436423307e-07, 3.07970111635e-07, 1.82654318337e-07, 4.38235701949e-07, 4.54704917274e-07, 3.78593597361e-07, 2.13505600755e-07, 2.00509674642e-07, 1.39090843732e-07, 1.06076718964e-07, 6.03217955586e-08, 5.66633175936e-08, 1.65972323884e-07, 9.7333561655e-08, 5.33427133576e-08, 6.04428436191e-08, 1.27355432866e-08], "dvar2": [8.17280306364e-06, 0.00474343448877, 0.000514498213306, 6.45415857434e-05, 2.60580600298e-05, 8.06588923297e-06, 5.88814691582e-06, 9.37161075854e-07, 7.95932749043e-07, 4.78548997762e-07, 5.60337866773e-07, 7.43695920846e-07, 4.32412292639e-07, 1.03592708456e-06, 1.15189857297e-06, 8.58568796502e-07, 5.19549814726e-07, 4.50147808806e-07, 3.58013039659e-07, 2.65223377482e-07, 1.39973778346e-07, 1.44196491192e-07, 3.9917858885e-07, 2.49564465093e-07, 1.25400944739e-07, 1.41767245054e-07, 2.71541242824e-08], "max": [0.0182792805135, 0.457288920879, 0.119724541903, 0.0457171835005, 0.0376392006874, 0.0263548083603, 0.0185099411756, 0.0110295750201, 0.0126880118623, 0.00546548143029, 0.00678948173299, 0.00812933966517, 0.00846934597939, 0.0106138475239, 0.0118577508256, 0.00735162850469, 0.0090662650764, 0.00591057958081, 0.0111013818532, 0.00541942100972, 0.00511609297246, 0.00544088101014, 0.00487206410617, 0.00341854128055, 0.0027290370781, 0.00282536377199, 0.00208102446049], "mean": [0.00127693940885, 0.0617803819478, 0.00777097837999, 0.00258841947652, 0.00246200105175, 0.00137186259963, 0.000629321439192, 0.000296598649584, 0.000430489890277, 0.000269762385869, 0.000388911052141, 0.0003566974774, 0.000279484054772, 0.000406036211643, 0.000398325239075, 0.000355222116923, 0.000298536353512, 0.000265082198894, 0.000233593804296, 0.000212288869079, 0.000198282898054, 0.000204155832762, 0.000294382596621, 0.000235156810959, 0.000209546793485, 0.000199939371669, 0.000115417213237], "median": [0.00042881682748, 0.0476583838463, 0.00366913434118, 0.00100844074041, 0.0011114475783, 0.000422419339884, 0.000195449974854, 0.000121680845041, 0.000224631919991, 0.00011299608741, 0.000179419439519, 0.000115090733743, 0.000105629856989, 0.000165662699146, 0.0001357907895, 0.000123286474263, 0.00011408841965, 8.84337205207e-05, 8.73976387084e-05, 7.73528881837e-05, 7.42960983189e-05, 9.78955649771e-05, 0.000123923120555, 9.66257939581e-05, 7.68706522649e-05, 7.5521049439e-05, 4.09777640016e-05], "min": [1.25227448298e-24, 3.14620053766e-24, 5.25460564512e-24, 3.51260552332e-24, 1.32957062435e-23, 1.59667435146e-23, 1.36482308271e-23, 1.07771549964e-23, 1.79557852897e-23, 2.72149660118e-23, 2.20219798697e-23, 4.40950526824e-23, 5.52590374567e-23, 3.64608102514e-23, 7.09126946998e-23, 7.91121401922e-23, 6.68573248691e-23, 1.32683652711e-22, 1.12954784208e-22, 2.15810482755e-22, 2.5347575108e-22, 3.10591148641e-22, 3.87570366717e-22, 6.1965834423e-22, 9.51055251173e-22, 1.42765769659e-21, 2.0451525677e-21], "var": [3.602247034e-06, 0.0033023096621, 0.000161861273227, 2.13340481423e-05, 1.34023184728e-05, 5.95220990363e-06, 1.67212317592e-06, 3.12682715276e-07, 3.88848462762e-07, 1.95186999008e-07, 3.05992614358e-07, 3.72624953116e-07, 2.43468065264e-07, 5.53109657631e-07, 5.15618012287e-07, 4.60935609681e-07, 2.92052618533e-07, 2.33346568734e-07, 1.61264821941e-07, 1.27064666344e-07, 9.13997766361e-08, 8.67567990781e-08, 2.43947766876e-07, 1.3672122634e-07, 1.01652915419e-07, 9.07323922661e-08, 2.7024514182e-08]}, "erbbands": {"dmean": [1.00057578087, 8.66225528717, 9.15753746033, 8.79699325562, 6.21503067017, 7.7882604599, 5.31475973129, 9.54688358307, 10.5176448822, 8.17241382599, 4.66156005859, 7.48730707169, 9.17659664154, 6.11823987961, 13.8551044464, 12.4230060577, 11.5324630737, 15.4702320099, 13.9329776764, 22.6873531342, 15.885140419, 11.5509691238, 11.6421718597, 12.0938653946, 8.39685726166, 8.48048305511, 5.44554853439, 4.94076681137, 4.14279508591, 5.59625720978, 4.52726364136, 3.20759963989, 2.18312644958, 1.29864454269, 0.830259740353, 0.547819018364, 0.214194208384, 0.0522788614035, 0.00993953086436, 0.000675866904203], "dmean2": [1.6292283535, 13.8749637604, 15.3833780289, 15.200012207, 10.9677257538, 13.2516469955, 8.53511333466, 15.3855667114, 18.2743721008, 13.6044244766, 7.65070724487, 12.552614212, 15.5169553757, 10.0092926025, 23.1316070557, 20.1054344177, 18.2988452911, 25.1807537079, 22.7424240112, 37.9311714172, 25.839302063, 18.3526058197, 18.4511852264, 19.6850681305, 13.6779088974, 13.9479532242, 8.45225048065, 7.84969997406, 6.57871818542, 8.8464679718, 6.81203746796, 4.98952245712, 3.46475505829, 2.04911828041, 1.25326108932, 0.831197619438, 0.312829583883, 0.0751729160547, 0.0141764953732, 0.000971644534729], "dvar": [1.43446552753, 104.130279541, 184.219955444, 306.829162598, 118.519691467, 183.855834961, 65.1542282104, 392.629638672, 661.520324707, 302.086181641, 107.017715454, 180.615005493, 284.709503174, 97.1390075684, 411.285858154, 548.924072266, 460.563659668, 1305.11999512, 800.304016113, 1950.28491211, 931.381835938, 460.809051514, 480.575561523, 639.64654541, 250.257537842, 300.68170166, 103.509483337, 95.9376754761, 58.6349220276, 169.421005249, 93.1667327881, 50.1706008911, 22.2447242737, 6.92787218094, 2.98094582558, 1.57019388676, 0.192012444139, 0.00820612814277, 0.000350321846781, 1.64647565271e-06], "dvar2": [3.78608369827, 275.048461914, 463.32611084, 808.61932373, 321.53515625, 456.741088867, 156.074768066, 979.654052734, 1776.77392578, 824.511901855, 277.560394287, 437.385192871, 775.215026855, 229.085571289, 1035.38769531, 1264.75109863, 1082.73168945, 3432.71118164, 1952.50891113, 4900.84814453, 2104.8605957, 1042.61950684, 1067.36779785, 1629.48986816, 613.832824707, 753.38684082, 239.60736084, 231.524032593, 151.015930176, 425.932373047, 225.277755737, 127.035919189, 56.8812904358, 17.120256424, 6.99724578857, 3.80968689919, 0.439661681652, 0.0170481614769, 0.000749994942453, 3.56691975867e-06], "max": [11.6458330154, 119.370956421, 129.306365967, 132.948486328, 106.740356445, 196.545471191, 100.298446655, 265.781890869, 366.664367676, 369.955505371, 152.546051025, 378.482299805, 207.101867676, 121.040679932, 239.157577515, 403.153442383, 428.02130127, 564.659057617, 338.555175781, 888.08795166, 380.524780273, 399.020782471, 337.517822266, 622.518066406, 344.975219727, 308.348144531, 191.305938721, 196.143218994, 159.385543823, 227.095840454, 168.587738037, 84.0221405029, 50.2307281494, 39.2222747803, 17.5640068054, 14.2583990097, 5.02980613708, 1.35082447529, 0.361828386784, 0.0223154202104], "mean": [1.63740682602, 14.0833292007, 13.0808353424, 9.81800365448, 6.75333070755, 9.92904281616, 7.65849208832, 12.4025630951, 9.91787242889, 9.42109489441, 5.99993419647, 9.90762615204, 10.6641101837, 8.42026042938, 17.0658531189, 15.3593835831, 14.4479589462, 19.1608734131, 17.0435504913, 26.3526096344, 18.4138259888, 15.1944608688, 14.046333313, 14.2794456482, 10.714302063, 11.2050323486, 8.1911649704, 7.62247896194, 6.72555065155, 9.06521034241, 7.59070062637, 5.28532648087, 3.65145206451, 2.31823134422, 1.49162459373, 0.909133851528, 0.35944378376, 0.0978764072061, 0.0189940556884, 0.0013702242868], "median": [1.17781233788, 10.8315191269, 8.42362117767, 4.24337387085, 3.24919176102, 3.80700516701, 3.17978620529, 3.49228835106, 2.2217669487, 4.01062297821, 2.88930606842, 5.02860641479, 5.36971187592, 4.08763790131, 7.71064567566, 5.20801544189, 5.73682975769, 8.21900177002, 6.40499973297, 9.13205623627, 6.39678668976, 6.17349243164, 4.80013895035, 5.03038978577, 3.81282305717, 4.18849468231, 3.0747423172, 2.98770427704, 3.19309258461, 4.12600803375, 3.14705133438, 2.22495150566, 1.43051552773, 0.880992412567, 0.524850487709, 0.318222939968, 0.137564301491, 0.0399830415845, 0.00672780210152, 0.000531254103407], "min": [8.27169316065e-23, 1.62632695131e-21, 8.29394613161e-21, 1.6496311091e-20, 2.23227936112e-20, 5.76620302557e-20, 6.7628018598e-20, 1.33331885844e-19, 1.5892513834e-19, 3.11994251533e-19, 2.94422376233e-19, 4.29182479877e-19, 8.12344921472e-19, 9.20048076527e-19, 1.28673000424e-18, 2.32852459128e-18, 2.41645368359e-18, 1.3702669743e-18, 2.7952403656e-18, 4.81548901144e-18, 5.22467458095e-18, 4.3199701878e-18, 7.12811477775e-18, 6.393382352e-18, 8.62554329704e-18, 1.05707660409e-17, 9.41470172556e-18, 1.29944631384e-17, 9.85171944115e-18, 1.21250814253e-17, 1.15078599317e-17, 1.19336610782e-17, 1.00269411103e-17, 8.32490119469e-18, 7.43506495946e-18, 5.04953645704e-18, 2.45329196538e-18, 9.72772258578e-19, 2.70517399367e-19, 3.06824262845e-20], "var": [2.61175608635, 184.579193115, 226.249511719, 270.712310791, 102.614356995, 284.753326416, 117.846832275, 586.116455078, 564.446777344, 274.5703125, 110.743507385, 242.256866455, 266.356872559, 134.407012939, 552.797790527, 698.45690918, 626.407897949, 1355.51855469, 928.431762695, 2289.81567383, 1168.91394043, 658.845275879, 610.923034668, 715.229370117, 314.88659668, 372.04397583, 152.648849487, 138.448944092, 88.4487228394, 222.912307739, 146.873336792, 69.9378662109, 32.9683952332, 12.1258125305, 5.51618671417, 2.24070453644, 0.286943525076, 0.0172423962504, 0.000725994061213, 3.46099704984e-06]}, "gfcc": {"mean": [14.9662752151, 59.8181343079, -61.8927192688, 38.8266448975, -24.5555095673, 27.2654495239, -19.6301956177, 11.5851421356, -11.8824539185, 5.58872032166, -11.8859825134, 5.02206993103, -9.51222038269], "cov": [[20060.2402344, 5.41688108444, -391.151794434, 232.861312866, -325.594055176, 47.4751319885, -358.576171875, 80.0777053833, -281.770080566, 117.894294739, -133.772262573, 114.139396667, -119.723976135], [5.41688108444, 875.761901855, -218.903900146, 43.9744873047, 204.663635254, -67.4285964966, 83.9198074341, -43.7916069031, 61.257396698, -55.3722229004, 27.1714553833, -56.1334228516, 62.9793167114], [-391.151794434, -218.903900146, 436.716888428, 65.2488021851, -56.7627716064, 92.2546157837, 43.9044647217, 47.0631637573, 22.7649440765, 7.96398162842, -1.44336569309, 41.7493286133, -1.70307779312], [232.861312866, 43.9744873047, 65.2488021851, 133.526092529, -0.327224075794, 86.7028579712, 3.21190905571, 14.2329349518, 10.8134622574, -11.7005271912, -20.10597229, -3.92021274567, -7.50824213028], [-325.594055176, 204.663635254, -56.7627716064, -0.327224075794, 142.064041138, -4.40399694443, 54.1329689026, 3.21237134933, 24.5030937195, -9.55288314819, 16.489151001, -16.1836986542, 23.020275116], [47.4751319885, -67.4285964966, 92.2546157837, 86.7028579712, -4.40399694443, 198.741638184, 23.7071743011, 50.7365112305, 24.7873744965, -7.15584039688, -44.685546875, -0.877570688725, -45.3793411255], [-358.576171875, 83.9198074341, 43.9044647217, 3.21190905571, 54.1329689026, 23.7071743011, 95.0564117432, 35.3140525818, 25.0630626678, -1.54464006424, 11.5885953903, -8.91570091248, 14.4117136002], [80.0777053833, -43.7916069031, 47.0631637573, 14.2329349518, 3.21237134933, 50.7365112305, 35.3140525818, 66.3186569214, 18.123090744, 10.8353776932, -17.8335075378, -7.80753135681, -20.4950275421], [-281.770080566, 61.257396698, 22.7649440765, 10.8134622574, 24.5030937195, 24.7873744965, 25.0630626678, 18.123090744, 57.3743286133, 7.70310306549, 11.3338909149, 1.40224778652, 3.69022297859], [117.894294739, -55.3722229004, 7.96398162842, -11.7005271912, -9.55288314819, -7.15584039688, -1.54464006424, 10.8353776932, 7.70310306549, 43.0341110229, 13.4758987427, 4.92593288422, -3.41303873062], [-133.772262573, 27.1714553833, -1.44336569309, -20.10597229, 16.489151001, -44.685546875, 11.5885953903, -17.8335075378, 11.3338909149, 13.4758987427, 58.317527771, 27.8545722961, 29.6662425995], [114.139396667, -56.1334228516, 41.7493286133, -3.92021274567, -16.1836986542, -0.877570688725, -8.91570091248, -7.80753135681, 1.40224778652, 4.92593288422, 27.8545722961, 50.9938735962, 21.1896133423], [-119.723976135, 62.9793167114, -1.70307779312, -7.50824213028, 23.020275116, -45.3793411255, 14.4117136002, -20.4950275421, 3.69022297859, -3.41303873062, 29.6662425995, 21.1896133423, 60.1495780945]], "icov": [[7.55334622227e-05, -0.000152461216203, 7.8118602687e-05, -0.000156113397679, 0.000133138077217, 2.80550975731e-05, 0.000235682862694, -0.000424480531365, 0.000516954052728, -0.000394970003981, 0.000185729993973, -0.00051140418509, 9.62385747698e-05], [-0.000152461216203, 0.00323191005737, 0.0010086967377, -0.00185407081153, -0.0023891844321, 0.00146497425158, -0.00253232568502, 0.00307318940759, -0.00418503023684, 0.00314457458444, 0.000105734186945, 0.00223726616241, -0.000621907296591], [7.8118602687e-05, 0.0010086967377, 0.00406454224139, -0.00243956712075, 0.00127515557688, 0.00050725589972, -0.00348259531893, 4.07759434893e-05, -0.00135294022039, 9.51222464209e-05, 0.00157929491252, -0.003716471605, 0.000271615193924], [-0.000156113397679, -0.00185407081153, -0.00243956712075, 0.0140826767311, 0.00100384547841, -0.00779903074726, 0.00500174053013, -0.00143961526919, 0.00136173760984, 0.00146630476229, -0.00321880914271, 0.0059436224401, -0.00514429155737], [0.000133138077217, -0.0023891844321, 0.00127515557688, 0.00100384547841, 0.0137693937868, -0.00218631210737, -0.0038627544418, -0.00136653776281, 0.000465968827484, -8.47126575536e-05, -0.00323938112706, 0.00250127119943, -0.00284820748493], [2.80550975731e-05, 0.00146497425158, 0.00050725589972, -0.00779903074726, -0.00218631210737, 0.0146977007389, -0.00619514053687, 0.000634424388409, -0.00574491498992, 0.000761625007726, 0.0111523158848, -0.0110440505669, 0.00997447781265], [0.000235682862694, -0.00253232568502, -0.00348259531893, 0.00500174053013, -0.0038627544418, -0.00619514053687, 0.0288239698857, -0.0181289501488, 0.00442273775116, 0.00312468130141, -0.0137727651745, 0.0122038349509, -0.0102329272777], [-0.000424480531365, 0.00307318940759, 4.07759434893e-05, -0.00143961526919, -0.00136653776281, 0.000634424388409, -0.0181289501488, 0.0372572354972, -0.0110028134659, -0.0069009391591, 0.0143553437665, -0.00407783640549, 0.0084387306124], [0.000516954052728, -0.00418503023684, -0.00135294022039, 0.00136173760984, 0.000465968827484, -0.00574491498992, 0.00442273775116, -0.0110028134659, 0.031334027648, -0.00711839832366, -0.00869830325246, -9.65851504588e-05, -0.0017808850389], [-0.000394970003981, 0.00314457458444, 9.51222464209e-05, 0.00146630476229, -8.47126575536e-05, 0.000761625007726, 0.00312468130141, -0.0069009391591, -0.00711839832366, 0.0358306355774, -0.0153488619253, 0.00873533822596, 0.000576736812945], [0.000185729993973, 0.000105734186945, 0.00157929491252, -0.00321880914271, -0.00323938112706, 0.0111523158848, -0.0137727651745, 0.0143553437665, -0.00869830325246, -0.0153488619253, 0.0513806752861, -0.0303814075887, 0.00277090840973], [-0.00051140418509, 0.00223726616241, -0.003716471605, 0.0059436224401, 0.00250127119943, -0.0110440505669, 0.0122038349509, -0.00407783640549, -9.65851504588e-05, 0.00873533822596, -0.0303814075887, 0.0526394993067, -0.0193845964968], [9.62385747698e-05, -0.000621907296591, 0.000271615193924, -0.00514429155737, -0.00284820748493, 0.00997447781265, -0.0102329272777, 0.0084387306124, -0.0017808850389, 0.000576736812945, 0.00277090840973, -0.0193845964968, 0.0363800562918]]}, "melbands": {"dmean": [0.00979129504412, 0.00693331146613, 0.00140951841604, 0.000475295790238, 0.00021991909307, 0.000207780103665, 0.000152482767589, 8.06990574347e-05, 3.80279889214e-05, 4.74276348541e-05, 4.60350274807e-05, 2.35540319409e-05, 4.8980662541e-05, 3.66624008166e-05, 2.71903609246e-05, 2.30923469644e-05, 3.08631606458e-05, 2.38673710555e-05, 2.49601853284e-05, 2.83540230157e-05, 1.82699841389e-05, 1.16536457426e-05, 1.33776311486e-05, 1.17445270007e-05, 9.91292472463e-06, 6.57972850604e-06, 5.3886878959e-06, 5.76830143473e-06, 3.46903311765e-06, 3.44215550285e-06, 3.01565910377e-06, 2.31381500271e-06, 2.52695713243e-06, 3.82909638574e-06, 3.06368269776e-06, 2.04139792004e-06, 1.96036285161e-06, 1.67288783359e-06, 1.29637408008e-06, 1.04394257505e-06], "dmean2": [0.0158780999482, 0.0111001254991, 0.00243085459806, 0.000834279169794, 0.000354372226866, 0.000333148665959, 0.000265006674454, 0.000134267320391, 6.24973690719e-05, 7.97168468125e-05, 7.80912887421e-05, 3.86572755815e-05, 8.13037477201e-05, 6.20119462837e-05, 4.19016978412e-05, 3.71285022993e-05, 5.05009338667e-05, 3.93776244891e-05, 4.22353768954e-05, 4.72473875561e-05, 3.01169075101e-05, 1.87353543879e-05, 2.12141476368e-05, 1.92400475498e-05, 1.63953682204e-05, 1.06497363959e-05, 8.90576302481e-06, 9.55782070378e-06, 5.48101252207e-06, 5.43498799743e-06, 4.9584386943e-06, 3.78021081815e-06, 3.98649717681e-06, 6.04030537943e-06, 4.61400486529e-06, 3.19365426549e-06, 3.09492020278e-06, 2.69118390861e-06, 2.09526433537e-06, 1.64756806953e-06], "dvar": [0.000130701897433, 6.49733119644e-05, 7.41215126254e-06, 6.37465404907e-07, 1.24009090996e-07, 1.78491745828e-07, 1.30706879986e-07, 3.2933140659e-08, 5.93533933113e-09, 6.96192126171e-09, 7.17353154656e-09, 1.54516544004e-09, 5.3110356113e-09, 4.31326574457e-09, 2.32936425704e-09, 1.80622694579e-09, 5.54798473829e-09, 2.40717468181e-09, 2.31529351247e-09, 2.9882345487e-09, 1.26285137902e-09, 4.49134063274e-10, 7.88739129565e-10, 5.5671756094e-10, 4.70340877357e-10, 1.50044213165e-10, 1.01755708026e-10, 1.41037181933e-10, 4.43684256002e-11, 4.51024044501e-11, 3.98972868632e-11, 1.81350802431e-11, 2.4371487467e-11, 9.40980002251e-11, 4.50352359571e-11, 1.7863370505e-11, 2.01736301275e-11, 1.43105362629e-11, 6.70541660391e-12, 4.46183845079e-12], "dvar2": [0.000344865984516, 0.000168328013388, 1.94313652173e-05, 1.67944631357e-06, 2.97395558846e-07, 4.41888431624e-07, 3.52162032868e-07, 9.07645585357e-08, 1.50349510619e-08, 1.74171503886e-08, 1.96359017934e-08, 3.68831787334e-09, 1.32391653196e-08, 1.08065849602e-08, 5.07920949744e-09, 4.41181136068e-09, 1.4743632093e-08, 5.97622529241e-09, 5.84655479585e-09, 7.22835924449e-09, 3.00986235935e-09, 1.02895736376e-09, 1.87008941666e-09, 1.37075029105e-09, 1.22355447996e-09, 3.67350039276e-10, 2.53505993975e-10, 3.56474960661e-10, 1.06861866578e-10, 1.04789954491e-10, 1.00274649695e-10, 4.81311518419e-11, 6.16097242667e-11, 2.33136704386e-10, 1.08267748933e-10, 4.31152717695e-11, 5.24179345762e-11, 3.71266420385e-11, 1.68025315883e-11, 1.08807494265e-11], "max": [0.106746554375, 0.10353308171, 0.0198039002717, 0.00951101817191, 0.00543378805742, 0.0062218895182, 0.00489747757092, 0.00382151757367, 0.00115906517021, 0.00209399824962, 0.00102376518771, 0.000493476807605, 0.0010416326113, 0.000912530871574, 0.00081173813669, 0.000627180037554, 0.0012517045252, 0.000607968657278, 0.000829813769087, 0.000795523868874, 0.00044169605826, 0.000347307039192, 0.000762184849009, 0.000389242195524, 0.000559758394957, 0.00025803927565, 0.000165937875863, 0.000194334992557, 0.000124689147924, 0.000195070038899, 0.00012570884428, 6.4660271164e-05, 0.000119423893921, 0.000145301455632, 0.000126244092826, 6.11593495705e-05, 5.12253463967e-05, 4.23617675551e-05, 4.59109978692e-05, 3.4142358345e-05], "mean": [0.0166428349912, 0.0114802541211, 0.0015920457663, 0.000579310115427, 0.000321513070958, 0.000277209997876, 0.000145653903019, 9.36415453907e-05, 4.90280508529e-05, 6.26180190011e-05, 5.20192697877e-05, 3.09478855343e-05, 5.96242898609e-05, 4.16069524363e-05, 3.50563241227e-05, 2.82512573904e-05, 3.72986614821e-05, 2.77539911622e-05, 2.91397864203e-05, 3.22478081216e-05, 2.00706163014e-05, 1.49178395077e-05, 1.58222319442e-05, 1.27938201331e-05, 1.14200083772e-05, 8.13702263258e-06, 6.84362430547e-06, 7.41257281334e-06, 4.84404927192e-06, 4.98936697113e-06, 4.37462176706e-06, 3.56372129318e-06, 4.10339953305e-06, 5.8842197177e-06, 4.86164572067e-06, 3.41305735674e-06, 3.09740426019e-06, 2.63458946392e-06, 2.21448772209e-06, 1.86056001894e-06], "median": [0.0124682746828, 0.00869116187096, 0.000716097885743, 0.000267378520221, 0.000133505513077, 7.86411110312e-05, 3.61936763511e-05, 4.05127793783e-05, 2.36370833591e-05, 3.25168366544e-05, 2.5569643185e-05, 1.41195760079e-05, 2.76436148852e-05, 1.33085359266e-05, 1.32651821332e-05, 1.1392741726e-05, 1.50415162352e-05, 1.00335146271e-05, 9.98089308268e-06, 1.12005127448e-05, 6.57452437736e-06, 6.16365559836e-06, 4.7777321015e-06, 4.19387106376e-06, 3.81425343221e-06, 2.84798716166e-06, 2.46542845161e-06, 2.71743579106e-06, 1.83418569577e-06, 1.79716516868e-06, 1.6382953163e-06, 1.70481575879e-06, 1.89987372323e-06, 2.36533333009e-06, 1.93750611288e-06, 1.46165507431e-06, 1.3038832094e-06, 1.02354238152e-06, 8.40799202706e-07, 7.03977434569e-07], "min": [1.01189002693e-24, 4.25997273936e-24, 2.71268814087e-24, 2.78173003615e-24, 2.14098880994e-24, 3.1570706465e-24, 2.67791495495e-24, 3.56835787336e-24, 2.46057352037e-24, 2.37368206938e-24, 3.44548884307e-24, 3.61476537713e-24, 4.22285091731e-24, 3.54250611264e-24, 4.99225535716e-24, 4.64534115232e-24, 1.80332399921e-24, 3.06479660034e-24, 6.13463007756e-24, 4.31746018896e-24, 5.51711449412e-24, 3.66764548462e-24, 3.86685534572e-24, 5.5108556717e-24, 4.09082557849e-24, 4.41867538184e-24, 7.15581959127e-24, 6.78233734e-24, 4.46757568606e-24, 5.78617483294e-24, 6.82230892207e-24, 5.02719361222e-24, 6.19366487783e-24, 5.97018768313e-24, 6.24517236735e-24, 5.43672956788e-24, 7.46390921781e-24, 5.47220109291e-24, 6.14706765302e-24, 6.71767125615e-24], "var": [0.000243805145146, 0.000116835151857, 6.63590435579e-06, 7.2550551522e-07, 2.2892353968e-07, 2.79976944739e-07, 1.11097740785e-07, 2.86200432242e-08, 6.74159750247e-09, 8.79318662328e-09, 6.57578569374e-09, 2.03523309317e-09, 7.21601400855e-09, 4.88424412026e-09, 3.43539530157e-09, 2.32553820645e-09, 5.59902924024e-09, 2.63782928833e-09, 2.66660293846e-09, 3.51387074993e-09, 1.48685563861e-09, 6.27868090852e-10, 1.00149133431e-09, 5.86527548752e-10, 5.1466342299e-10, 1.89834023501e-10, 1.22276508363e-10, 1.68803748757e-10, 5.7954849253e-11, 6.71425623433e-11, 5.36032815357e-11, 2.48713376283e-11, 3.79017060792e-11, 1.19084839212e-10, 6.81320000417e-11, 2.79946534704e-11, 2.56154958356e-11, 1.89084286423e-11, 1.12572468708e-11, 7.93105772029e-12]}, "mfcc": {"mean": [-643.296081543, 104.74672699, 28.0549449921, 30.5517063141, 24.669046402, 23.6292858124, 11.539311409, 15.6401824951, 8.49511528015, 9.33646678925, 4.1713309288, 3.67466568947, 5.06349372864], "cov": [[10226.0693359, 170.498428345, -148.814910889, 74.5445785522, -8.06823348999, -123.922607422, -52.3110466003, -179.857894897, -138.968109131, -110.648460388, -75.0343017578, 13.7694921494, -2.2754304409], [170.498428345, 824.755981445, -219.156051636, 156.045425415, 70.5848007202, 35.9986534119, 46.2125015259, 14.8505344391, 49.4386672974, 18.0841217041, 4.37062740326, -1.16847240925, -10.9338655472], [-148.814910889, -219.156051636, 464.134368896, 4.14888572693, 13.1749992371, 58.7605552673, 8.03922080994, 82.2901611328, 15.2195634842, 32.2888336182, 15.0391044617, -5.44739866257, 30.0560512543], [74.5445785522, 156.045425415, 4.14888572693, 106.216423035, 19.2850532532, 0.801235735416, 20.4965686798, -7.28014421463, 11.1876688004, -0.853891253471, -6.43590164185, 0.227136015892, -0.832071900368], [-8.06823348999, 70.5848007202, 13.1749992371, 19.2850532532, 76.3229217529, 49.3790054321, 8.82133197784, 31.6856937408, 13.863322258, 14.9905080795, 6.01330089569, 0.287611186504, 1.5405228138], [-123.922607422, 35.9986534119, 58.7605552673, 0.801235735416, 49.3790054321, 92.8999328613, 22.0805301666, 50.5583724976, 19.9490318298, 25.4314594269, 10.1464233398, 0.0175349693745, 4.16236162186], [-52.3110466003, 46.2125015259, 8.03922080994, 20.4965686798, 8.82133197784, 22.0805301666, 67.3217010498, 28.841424942, 29.2614574432, 12.0985021591, 11.9340982437, 9.14266586304, -2.79542613029], [-179.857894897, 14.8505344391, 82.2901611328, -7.28014421463, 31.6856937408, 50.5583724976, 28.841424942, 91.9269104004, 34.5576171875, 30.7464942932, 17.1271266937, 0.264197975397, 5.28555822372], [-138.968109131, 49.4386672974, 15.2195634842, 11.1876688004, 13.863322258, 19.9490318298, 29.2614574432, 34.5576171875, 60.1449775696, 33.3611526489, 16.013004303, 4.93292570114, -4.75246953964], [-110.648460388, 18.0841217041, 32.2888336182, -0.853891253471, 14.9905080795, 25.4314594269, 12.0985021591, 30.7464942932, 33.3611526489, 52.0870056152, 26.3488426208, 1.8020182848, -2.7303609848], [-75.0343017578, 4.37062740326, 15.0391044617, -6.43590164185, 6.01330089569, 10.1464233398, 11.9340982437, 17.1271266937, 16.013004303, 26.3488426208, 46.5189781189, 19.9853229523, -3.62989258766], [13.7694921494, -1.16847240925, -5.44739866257, 0.227136015892, 0.287611186504, 0.0175349693745, 9.14266586304, 0.264197975397, 4.93292570114, 1.8020182848, 19.9853229523, 40.3349571228, 12.7519512177], [-2.2754304409, -10.9338655472, 30.0560512543, -0.832071900368, 1.5405228138, 4.16236162186, -2.79542613029, 5.28555822372, -4.75246953964, -2.7303609848, -3.62989258766, 12.7519512177, 44.893901825]], "icov": [[0.0001053938322, -4.24493628088e-05, -3.95582574129e-05, 2.3853383027e-05, -0.00013264354493, 0.000137458962854, -7.44457502151e-05, 0.000140933523653, 0.000227438955335, -5.3915544413e-05, 0.000170413622982, -0.000158487600856, 7.21023752703e-05], [-4.24493628088e-05, 0.00249691540375, 0.00166472618002, -0.00379803287797, -0.000283792644041, -0.00105400220491, 0.000519442197401, -0.00121977564413, -0.001022492419, 0.000312275544275, -0.00117924169172, 0.00117881631013, -0.000814963015728], [-3.95582574129e-05, 0.00166472618002, 0.00403040181845, -0.0034716881346, 0.00148870958947, -0.00205615069717, 0.00131600839086, -0.0035383196082, 0.000168764483533, -0.000309557653964, -0.00168078904971, 0.00192723353393, -0.0024054304231], [2.3853383027e-05, -0.00379803287797, -0.0034716881346, 0.017868893221, -0.00498266052455, 0.00404536770657, -0.00571874249727, 0.00605892250314, -0.000745002063923, -0.000665212166496, 0.00454603787512, -0.00192517670803, 0.00125321163796], [-0.00013264354493, -0.000283792644041, 0.00148870958947, -0.00498266052455, 0.0235826764256, -0.0119374971837, 0.00464721443132, -0.00470388494432, -0.000495584565215, 0.000536969862878, -0.00131783797406, -0.00020017051429, -9.36313954298e-05], [0.000137458962854, -0.00105400220491, -0.00205615069717, 0.00404536770657, -0.0119374971837, 0.0230811238289, -0.00528188142926, -0.00434489082545, 0.00372469634749, -0.00633759889752, 0.00389696308412, -0.00128926138859, 0.000344279746059], [-7.44457502151e-05, 0.000519442197401, 0.00131600839086, -0.00571874249727, 0.00464721443132, -0.00528188142926, 0.0237642712891, -0.00591798499227, -0.00930174160749, 0.00584312900901, -0.0034162865486, -0.0030674636364, 0.00160818675067], [0.000140933523653, -0.00121977564413, -0.0035383196082, 0.00605892250314, -0.00470388494432, -0.00434489082545, -0.00591798499227, 0.0243394877762, -0.00655545853078, -0.0015160383191, -0.00202071596868, 0.00323467515409, -0.00234695058316], [0.000227438955335, -0.001022492419, 0.000168764483533, -0.000745002063923, -0.000495584565215, 0.00372469634749, -0.00930174160749, -0.00655545853078, 0.0358949676156, -0.0209292490035, 0.00682595232502, -0.00612981524318, 0.00432001240551], [-5.3915544413e-05, 0.000312275544275, -0.000309557653964, -0.000665212166496, 0.000536969862878, -0.00633759889752, 0.00584312900901, -0.0015160383191, -0.0209292490035, 0.0469639077783, -0.0247987490147, 0.0125442817807, -0.00354784214869], [0.000170413622982, -0.00117924169172, -0.00168078904971, 0.00454603787512, -0.00131783797406, 0.00389696308412, -0.0034162865486, -0.00202071596868, 0.00682595232502, -0.0247987490147, 0.0480210110545, -0.0266443844885, 0.0113054206595], [-0.000158487600856, 0.00117881631013, 0.00192723353393, -0.00192517670803, -0.00020017051429, -0.00128926138859, -0.0030674636364, 0.00323467515409, -0.00612981524318, 0.0125442817807, -0.0266443844885, 0.04431540519, -0.0161202568561], [7.21023752703e-05, -0.000814963015728, -0.0024054304231, 0.00125321163796, -9.36313954298e-05, 0.000344279746059, 0.00160818675067, -0.00234695058316, 0.00432001240551, -0.00354784214869, 0.0113054206595, -0.0161202568561, 0.0297958422452]]}, "spectral_contrast_coeffs": {"dmean": [0.0525279864669, 0.0484060384333, 0.0402463674545, 0.0304466076195, 0.0216495636851, 0.0157260745764], "dmean2": [0.0880417972803, 0.0783977508545, 0.0653479546309, 0.050066433847, 0.0357137992978, 0.0256511438638], "dvar": [0.00186512281653, 0.00160698394757, 0.00107748084702, 0.000586931302678, 0.000346654618625, 0.000217883585719], "dvar2": [0.0051243333146, 0.00418878067285, 0.00281466636807, 0.00151157996152, 0.000875327445101, 0.000517277920153], "max": [-0.4576138556, -0.509840250015, -0.61393225193, -0.629876792431, -0.663694560528, -0.695707321167], "mean": [-0.684894025326, -0.763425409794, -0.8028408885, -0.802152693272, -0.812368273735, -0.794265449047], "median": [-0.686593174934, -0.768609285355, -0.804218411446, -0.802815914154, -0.813604474068, -0.795897603035], "min": [-0.980841994286, -0.98277258873, -0.976816773415, -0.970788061619, -0.968753516674, -0.966542899609], "var": [0.00435024267063, 0.00465246429667, 0.00264192046598, 0.00171731249429, 0.00116626603995, 0.000817333406303]}, "spectral_contrast_valleys": {"dmean": [0.468414157629, 0.533358156681, 0.508527457714, 0.464515537024, 0.461840122938, 0.364126861095], "dmean2": [0.716679334641, 0.821389257908, 0.789830744267, 0.679080486298, 0.658395290375, 0.494608044624], "dvar": [0.168210938573, 0.278417289257, 0.301481515169, 0.25116109848, 0.277038991451, 0.228854939342], "dvar2": [0.356065899134, 0.599867045879, 0.637039244175, 0.493173420429, 0.567724049091, 0.435508400202], "max": [-4.80230998993, -4.73993682861, -5.24346828461, -5.58231925964, -5.64479970932, -7.56990480423], "mean": [-6.60644197464