{"lowlevel": {"average_loudness": 0.879614472389, "barkbands_crest": {"dmean": 3.81121611595, "dmean2": 5.83106946945, "dvar": 14.7011356354, "dvar2": 30.9731044769, "max": 26.8676490784, "mean": 16.6131839752, "median": 18.0184364319, "min": 1.9506547451, "var": 46.9451828003}, "barkbands_flatness_db": {"dmean": 0.0696434825659, "dmean2": 0.0952134355903, "dvar": 0.00654412386939, "dvar2": 0.0120730670169, "max": 0.875455439091, "mean": 0.270481854677, "median": 0.233154475689, "min": 0.0189378652722, "var": 0.0288585610688}, "barkbands_kurtosis": {"dmean": 77.6271438599, "dmean2": 120.52041626, "dvar": 40178.4570312, "dvar2": 94066.46875, "max": 5098.54443359, "mean": 91.5074691772, "median": 16.8924636841, "min": -1.92358732224, "var": 51773.7578125}, "barkbands_skewness": {"dmean": 2.76052331924, "dmean2": 4.04236364365, "dvar": 13.7250871658, "dvar2": 29.6139602661, "max": 60.2984657288, "mean": 4.89292001724, "median": 3.17376422882, "min": -2.61750745773, "var": 30.0737609863}, "barkbands_spread": {"dmean": 9.63027954102, "dmean2": 15.031162262, "dvar": 240.834960938, "dvar2": 517.240600586, "max": 129.296005249, "mean": 15.330493927, "median": 7.12493991852, "min": 0.039948772639, "var": 429.61114502}, "dissonance": {"dmean": 0.0275110658258, "dmean2": 0.0443795621395, "dvar": 0.00127581926063, "dvar2": 0.00311379297636, "max": 0.500000178814, "mean": 0.457219898701, "median": 0.47629237175, "min": 0.103743351996, "var": 0.00275253527798}, "dynamic_complexity": 3.26215100288, "erbbands_crest": {"dmean": 3.54694652557, "dmean2": 5.57995080948, "dvar": 12.8863267899, "dvar2": 28.7372074127, "max": 28.7993221283, "mean": 10.2857036591, "median": 8.27545166016, "min": 2.09176540375, "var": 35.7598114014}, "erbbands_flatness_db": {"dmean": 0.0336009785533, "dmean2": 0.0486983433366, "dvar": 0.00186819699593, "dvar2": 0.00354035617784, "max": 0.577224850655, "mean": 0.172583207488, "median": 0.143794178963, "min": 0.0282434765249, "var": 0.00781597476453}, "erbbands_kurtosis": {"dmean": 8.07249164581, "dmean2": 12.0682735443, "dvar": 517.335876465, "dvar2": 997.190063477, "max": 436.956207275, "mean": 9.86777687073, "median": 0.590766429901, "min": -1.9590754509, "var": 1070.61193848}, "erbbands_skewness": {"dmean": 1.02208888531, "dmean2": 1.47691702843, "dvar": 1.76484012604, "dvar2": 3.28521537781, "max": 17.2235336304, "mean": 1.0578469038, "median": 0.53350019455, "min": -4.15276432037, "var": 5.68904447556}, "erbbands_spread": {"dmean": 19.6913261414, "dmean2": 29.8302726746, "dvar": 537.63092041, "dvar2": 1156.11425781, "max": 243.515197754, "mean": 51.0433731079, "median": 43.6359863281, "min": 0.596937596798, "var": 1575.47644043}, "hfc": {"dmean": 16.6879310608, "dmean2": 26.6399402618, "dvar": 993.815307617, "dvar2": 2445.11767578, "max": 374.898040771, "mean": 19.3717937469, "median": 8.31566619873, "min": 2.68904631895e-08, "var": 1032.35107422}, "melbands_crest": {"dmean": 4.68926668167, "dmean2": 7.18945550919, "dvar": 21.1054134369, "dvar2": 46.1105499268, "max": 36.6952133179, "mean": 22.2276535034, "median": 23.0381145477, "min": 1.77996861935, "var": 74.2299423218}, "melbands_flatness_db": {"dmean": 0.0818175747991, "dmean2": 0.111896410584, "dvar": 0.00904959440231, "dvar2": 0.0170382726938, "max": 1, "mean": 0.369065195322, "median": 0.334836781025, "min": 0.00490433210507, "var": 0.0401600673795}, "melbands_kurtosis": {"dmean": 93.3961715698, "dmean2": 144.381057739, "dvar": 25837.7011719, "dvar2": 57080.1289062, "max": 2915.65161133, "mean": 129.355758667, "median": 36.9843292236, "min": -1.88451755047, "var": 45436.1210938}, "melbands_skewness": {"dmean": 2.85755205154, "dmean2": 4.31195020676, "dvar": 11.7529268265, "dvar2": 25.4070453644, "max": 35.7933044434, "mean": 6.47535610199, "median": 4.42078304291, "min": -2.08534908295, "var": 32.9042015076}, "melbands_spread": {"dmean": 9.05153179169, "dmean2": 14.4637298584, "dvar": 354.425262451, "dvar2": 794.766723633, "max": 213.025909424, "mean": 13.4246473312, "median": 4.60892295837, "min": 0.0894287377596, "var": 559.428955078}, "pitch_salience": {"dmean": 0.123396381736, "dmean2": 0.189315482974, "dvar": 0.0174773745239, "dvar2": 0.0351633690298, "max": 0.962510228157, "mean": 0.380968958139, "median": 0.346849143505, "min": 0.00958918500692, "var": 0.0551210008562}, "silence_rate_20dB": {"dmean": 0.000233795071836, "dmean2": 0.000467617501272, "dvar": 0.000233716156799, "dvar2": 0.000701110577211, "max": 1, "mean": 0.999883115292, "median": 1, "min": 0, "var": 0.000116870978673}, "silence_rate_30dB": {"dmean": 0.127184525132, "dmean2": 0.254383921623, "dvar": 0.111034587026, "dvar2": 0.233145996928, "max": 1, "mean": 0.793629467487, "median": 1, "min": 0, "var": 0.163762971759}, "silence_rate_60dB": {"dmean": 0.0224443282932, "dmean2": 0.0448328256607, "dvar": 0.0219476856291, "dvar2": 0.0508932359517, "max": 1, "mean": 0.0408533029258, "median": 0, "min": 0, "var": 0.0391887612641}, "spectral_centroid": {"dmean": 447.557617188, "dmean2": 683.046936035, "dvar": 356845.375, "dvar2": 729273.0625, "max": 4550.3828125, "mean": 1125.00378418, "median": 828.880249023, "min": 50.9154396057, "var": 984598.75}, "spectral_complexity": {"dmean": 6.12110567093, "dmean2": 9.26963996887, "dvar": 60.8525428772, "dvar2": 131.37979126, "max": 61, "mean": 11.3948564529, "median": 7, "min": 0, "var": 127.85647583}, "spectral_decrease": {"dmean": 7.96354626686e-09, "dmean2": 1.2300375829e-08, "dvar": 1.18899205946e-16, "dvar2": 3.26361741638e-16, "max": -2.94077021865e-20, "mean": -1.54586548007e-08, "median": -1.05535491457e-08, "min": -1.36897583047e-07, "var": 2.32517743801e-16}, "spectral_energy": {"dmean": 0.0309729892761, "dmean2": 0.0479104481637, "dvar": 0.00173457153141, "dvar2": 0.00476039480418, "max": 0.519476950169, "mean": 0.0601011775434, "median": 0.0420256108046, "min": 2.55003440239e-12, "var": 0.00337295653298}, "spectral_energyband_high": {"dmean": 0.00139713578392, "dmean2": 0.00223323842511, "dvar": 1.06096686068e-05, "dvar2": 2.58051477431e-05, "max": 0.0435100086033, "mean": 0.00134365737904, "median": 0.000177487760084, "min": 1.8252233492e-12, "var": 1.0908747754e-05}, "spectral_energyband_low": {"dmean": 0.0259218271822, "dmean2": 0.0393787994981, "dvar": 0.00155145151075, "dvar2": 0.00426106480882, "max": 0.517879366875, "mean": 0.049090642482, "median": 0.0280164033175, "min": 4.20992823664e-14, "var": 0.00320105976425}, "spectral_energyband_middle_high": {"dmean": 0.00145593960769, "dmean2": 0.00239556189626, "dvar": 7.53046879254e-06, "dvar2": 1.95545726456e-05, "max": 0.0530918911099, "mean": 0.00170733360574, "median": 0.000506983778905, "min": 3.85718231443e-13, "var": 8.34530692373e-06}, "spectral_energyband_middle_low": {"dmean": 0.0104680713266, "dmean2": 0.0178040023893, "dvar": 0.000531509984285, "dvar2": 0.00140519009437, "max": 0.225745156407, "mean": 0.00936273485422, "median": 0.00210909219459, "min": 5.58216565691e-14, "var": 0.000404004211305}, "spectral_entropy": {"dmean": 0.420644193888, "dmean2": 0.609029889107, "dvar": 0.361871927977, "dvar2": 0.672358393669, "max": 8.77618789673, "mean": 7.19352436066, "median": 7.63579750061, "min": 3.27375078201, "var": 1.36406004429}, "spectral_flux": {"dmean": 0.0566033646464, "dmean2": 0.0834057033062, "dvar": 0.00362401246093, "dvar2": 0.00648044096306, "max": 0.602824926376, "mean": 0.125582426786, "median": 0.0971121937037, "min": 3.71221790374e-06, "var": 0.00865127053112}, "spectral_kurtosis": {"dmean": 8.62059116364, "dmean2": 13.5865545273, "dvar": 626.258422852, "dvar2": 1424.06506348, "max": 732.746887207, "mean": 14.5973138809, "median": 2.87015318871, "min": -1.28567922115, "var": 1456.90991211}, "spectral_rms": {"dmean": 0.00193143251818, "dmean2": 0.00288976402953, "dvar": 4.42596729044e-06, "dvar2": 1.10926694106e-05, "max": 0.0225123688579, "mean": 0.00674179662019, "median": 0.00640317099169, "min": 4.98782348757e-08, "var": 1.31839542519e-05}, "spectral_rolloff": {"dmean": 754.55456543, "dmean2": 1317.06018066, "dvar": 3785135.5, "dvar2": 8508265, "max": 18540.0878906, "mean": 976.558349609, "median": 150.732421875, "min": 43.06640625, "var": 4466812}, "spectral_skewness": {"dmean": 0.698231935501, "dmean2": 1.03928470612, "dvar": 1.73178434372, "dvar2": 3.49921870232, "max": 23.8951339722, "mean": 2.22534227371, "median": 1.33316588402, "min": -0.0311925690621, "var": 5.34983730316}, "spectral_spread": {"dmean": 1004426.125, "dmean2": 1453631.75, "dvar": 1400081743870.0, "dvar2": 2812029435900.0, "max": 22801378, "mean": 5029008, "median": 5107085, "min": 148428.515625, "var": 5164226314240.0}, "spectral_strongpeak": {"dmean": 0.326349049807, "dmean2": 0.53795260191, "dvar": 0.308312296867, "dvar2": 0.799918293953, "max": 7.56848144531, "mean": 0.559393167496, "median": 0.440523803234, "min": 0, "var": 0.323413342237}, "zerocrossingrate": {"dmean": 0.0158489197493, "dmean2": 0.0187976863235, "dvar": 0.000573605007958, "dvar2": 0.000762524607126, "max": 0.517578125, "mean": 0.0395088009536, "median": 0.02392578125, "min": 0.001953125, "var": 0.002165481681}, "barkbands": {"dmean": [0.00144608085975, 0.0232107751071, 0.00560283195227, 0.00336943008006, 0.00408710446209, 0.00102135643829, 0.000615139491856, 0.00149610161316, 0.0010474632727, 0.000477859895909, 0.000176462854142, 0.000140733551234, 0.000127692372189, 0.000183797281352, 0.000115689261293, 0.000142586693983, 0.000133476685733, 0.000128627711092, 0.000170467712451, 0.000200935959583, 0.000270592223387, 0.000343647785485, 0.000267343712039, 0.00015469151549, 0.000127424529637, 0.000121239216242, 6.10329625488e-05], "dmean2": [0.00212542898953, 0.0358704477549, 0.00923455227166, 0.00610278919339, 0.00745765119791, 0.00177754275501, 0.0010843812488, 0.00254657468759, 0.00179000047501, 0.000766651122831, 0.00030340871308, 0.000243070666329, 0.000222538947128, 0.000330514390953, 0.000193172032596, 0.000246842391789, 0.000227634212933, 0.000209061283385, 0.000283757835859, 0.000327025220031, 0.000433575798525, 0.000548558309674, 0.000436928326963, 0.00024734553881, 0.00020602272707, 0.000201106158784, 0.000105118640931], "dvar": [5.20526691616e-06, 0.00141713453922, 0.000207005694392, 9.63332786341e-05, 0.000150552048581, 6.81663641444e-06, 2.07230664273e-06, 2.99858493236e-05, 1.08112781163e-05, 2.71399972007e-06, 1.14695509978e-07, 8.30476309943e-08, 7.15604500101e-08, 2.35086062617e-07, 7.26125364281e-08, 1.20822178928e-07, 9.58697441433e-08, 7.44172297118e-08, 2.18335884483e-07, 2.50448835004e-07, 3.77598468049e-07, 6.37709490547e-07, 4.11704320413e-07, 1.71243286218e-07, 1.27155146856e-07, 2.76394303e-07, 1.13677415925e-07], "dvar2": [1.1245287169e-05, 0.0039770975709, 0.000517670123372, 0.000269198761089, 0.000418146752054, 1.78431091626e-05, 5.64172250961e-06, 7.79569309088e-05, 2.86052363663e-05, 5.72375256525e-06, 3.09607202098e-07, 2.23277567102e-07, 1.96263812313e-07, 6.66537971483e-07, 1.81178421599e-07, 3.36744307106e-07, 2.60734452695e-07, 1.86338297681e-07, 5.59197303573e-07, 5.57479893359e-07, 8.83315578903e-07, 1.52884854288e-06, 1.04400851342e-06, 4.13663968857e-07, 3.18882740658e-07, 6.97701636909e-07, 2.87208223426e-07], "max": [0.0230439268053, 0.498140722513, 0.203672632575, 0.133221209049, 0.151765748858, 0.033842548728, 0.0188528019935, 0.0783203244209, 0.041432518512, 0.0329332314432, 0.00428796513006, 0.00400656508282, 0.00518083153293, 0.0119162146002, 0.00811759848148, 0.00837111286819, 0.00405856361613, 0.00342826684937, 0.00989307183772, 0.00950388330966, 0.00856516417116, 0.01282169763, 0.0112389493734, 0.00788625236601, 0.00638590566814, 0.00604132702574, 0.0105547336861], "mean": [0.0025861330796, 0.0398835726082, 0.00533411186188, 0.00255393330008, 0.00304309022613, 0.000883587868884, 0.000551908044145, 0.00114953366574, 0.000915558426641, 0.000444608274847, 0.000172427753569, 0.000137504946906, 0.000127187435282, 0.000160808645887, 0.00012630551646, 0.000135218084324, 0.000133123277919, 0.000135011068778, 0.000177717869519, 0.000207184697501, 0.000263503752649, 0.000323310436215, 0.000244123875746, 0.000149279949255, 0.000117361953016, 9.84114085441e-05, 4.70060695079e-05], "median": [0.000971635279711, 0.0194703713059, 0.000670512323268, 0.000339570193319, 0.000423874589615, 0.00014870983432, 8.96210549399e-05, 7.28477753e-05, 7.78671819717e-05, 3.59428413503e-05, 3.12026204483e-05, 2.18159148062e-05, 2.30159275816e-05, 2.08890160138e-05, 1.61136467796e-05, 1.97978843062e-05, 2.10695816349e-05, 2.46690015047e-05, 3.30645925715e-05, 3.59790792572e-05, 3.89578272006e-05, 4.38317583757e-05, 2.38688899117e-05, 1.28351075546e-05, 8.70052735991e-06, 3.63019671568e-06, 4.34599201071e-07], "min": [6.51419090653e-14, 1.24264451336e-14, 1.31952920694e-15, 1.84432403364e-15, 3.53148025688e-15, 1.71790597562e-14, 2.86682663218e-15, 2.12251929967e-15, 2.66970503999e-14, 1.64827495457e-14, 1.64657563707e-14, 3.25793367707e-14, 1.77433734345e-14, 2.52407737587e-14, 2.80794827087e-14, 4.24366691418e-14, 6.36928322042e-14, 5.94129576808e-14, 4.29089611607e-14, 8.2941771127e-14, 1.34908807758e-13, 8.09001438973e-14, 2.11777603375e-13, 1.63059669933e-13, 2.81676266513e-13, 4.16722781499e-13, 5.23607958207e-13], "var": [1.23969894048e-05, 0.00250329985283, 0.000178243630216, 6.2993800384e-05, 9.51866677497e-05, 5.26097892362e-06, 1.60573029007e-06, 2.21774917009e-05, 8.68712959345e-06, 3.32900958711e-06, 1.05572723896e-07, 7.86158409483e-08, 6.9542998915e-08, 1.75309622819e-07, 8.74346923752e-08, 1.07228004254e-07, 9.03194035118e-08, 8.40488993958e-08, 2.10669597323e-07, 2.92471384e-07, 4.23675714956e-07, 6.70384167734e-07, 3.83160738693e-07, 1.78091070779e-07, 1.20027493722e-07, 2.21540460643e-07, 1.04349069829e-07]}, "erbbands": {"dmean": [0.888554871082, 4.74207687378, 6.86955785751, 8.86312580109, 10.6592521667, 13.8235864639, 14.2890510559, 7.95866107941, 9.44301891327, 10.1494102478, 43.0039215088, 23.550113678, 18.8260250092, 9.26678466797, 6.66503095627, 5.70043945312, 5.7935833931, 9.03943920135, 6.97416114807, 6.9178943634, 7.71197652817, 7.30319166183, 7.03561973572, 7.70402479172, 8.96656227112, 9.82313728333, 9.7053976059, 11.3039875031, 12.3245258331, 10.1197738647, 7.72086048126, 3.74848127365, 2.55961036682, 1.55658268929, 0.793789565563, 0.419815629721, 0.237950235605, 0.0799603834748, 0.0098924105987, 0.000513522711117], "dmean2": [1.27421057224, 7.43404817581, 10.8114786148, 15.5722742081, 19.2798480988, 25.2627372742, 25.5864582062, 13.7361440659, 16.6210155487, 17.4962692261, 74.1571578979, 39.5735855103, 29.307598114, 15.8185129166, 11.4523153305, 9.78103160858, 10.0156612396, 16.0795173645, 12.1749982834, 11.6886148453, 13.1931734085, 12.3897752762, 11.5421285629, 12.9505777359, 14.623717308, 15.8817329407, 15.5213098526, 18.234664917, 19.5892906189, 16.5466594696, 12.7169189453, 6.05656766891, 4.11687421799, 2.47871494293, 1.29997050762, 0.69438034296, 0.393792539835, 0.136946201324, 0.0169571507722, 0.00086676212959], "dvar": [1.81591784954, 68.6001815796, 244.990402222, 581.429382324, 1038.08117676, 2030.35168457, 2866.171875, 333.939300537, 594.317626953, 514.574035645, 30193.3535156, 5209.30566406, 5204.83740234, 598.393859863, 187.447067261, 132.664108276, 143.767974854, 559.826904297, 339.827667236, 237.565765381, 398.276794434, 265.234924316, 226.89251709, 459.196838379, 446.257843018, 592.966064453, 541.335693359, 662.613098145, 846.783081055, 497.660827637, 364.411376953, 106.076431274, 46.8731384277, 16.4234714508, 5.49306678772, 2.36496329308, 1.17286479473, 0.160737395287, 0.00259971711785, 1.37013312269e-05], "dvar2": [4.51727104187, 194.555023193, 585.53338623, 1577.76696777, 2931.78540039, 5605.13183594, 7862.21191406, 863.250427246, 1599.90930176, 1346.18530273, 79883.0625, 13481.9560547, 10507.8457031, 1621.25305176, 509.14730835, 355.468109131, 396.792480469, 1570.99755859, 935.455566406, 608.254455566, 1114.86901855, 716.69519043, 569.891601562, 1204.40869141, 1035.71936035, 1309.7467041, 1246.71508789, 1550.81835938, 2020.57067871, 1239.36242676, 940.131958008, 265.550445557, 112.864555359, 40.2014007568, 13.9105072021, 6.00771093369, 2.93063163757, 0.412666112185, 0.00664912443608, 3.41064951499e-05], "max": [19.4763240814, 91.6133422852, 221.769973755, 312.75491333, 444.508239746, 637.599487305, 729.549743652, 193.648193359, 360.796875, 254.945495605, 2427.6171875, 973.161682129, 1535.19958496, 385.770233154, 200.657821655, 149.515319824, 208.366744995, 557.838500977, 518.567932129, 490.240356445, 357.912322998, 218.94140625, 203.348251343, 457.571777344, 375.688659668, 462.526092529, 340.41796875, 423.128326416, 502.350372314, 290.495788574, 334.442596436, 191.845855713, 141.508346558, 71.1336288452, 42.3879165649, 18.8946056366, 13.8501520157, 6.42162704468, 1.21585059166, 0.162224411964], "mean": [1.57867097855, 7.06793022156, 7.93056774139, 7.3234834671, 8.11843490601, 10.2601175308, 10.8678007126, 7.20639038086, 8.74326610565, 8.97504329681, 31.5462417603, 21.5830688477, 17.9444274902, 8.8679933548, 6.49884366989, 5.74106168747, 5.89236450195, 8.20494174957, 6.86546516418, 7.17765951157, 7.69805669785, 7.40192604065, 7.41007852554, 8.11109733582, 9.36766433716, 10.0190238953, 9.65457439423, 10.9550352097, 11.7684621811, 9.36888122559, 6.9011464119, 3.56063199043, 2.40719795227, 1.47400987148, 0.71865940094, 0.362016499043, 0.190189167857, 0.0599298588932, 0.00772265670821, 0.000456442008726], "median": [0.695820569992, 3.00261068344, 1.68582630157, 1.57545232773, 1.17956209183, 1.35642588139, 1.4121748209, 1.26165390015, 1.34404349327, 1.82288432121, 1.73984980583, 1.8791526556, 1.30130529404, 1.36567401886, 1.26785457134, 1.00859284401, 1.14508426189, 1.15160667896, 0.944102883339, 1.00241041183, 1.16144096851, 1.23456120491, 1.40387916565, 1.56269288063, 1.8091558218, 1.73934316635, 1.50832724571, 1.5515563488, 1.5280816555, 1.22389936447, 0.652927398682, 0.331553786993, 0.186039865017, 0.111220955849, 0.0526204109192, 0.0173630006611, 0.00563898775727, 0.00101906689815, 0.000110217399197, 7.85113370512e-05], "min": [1.0428671815e-12, 8.49954167378e-13, 1.00704058807e-12, 4.93275776128e-12, 6.04055477513e-12, 1.58979201331e-11, 3.11292033817e-11, 1.93549481997e-10, 6.48435818928e-11, 5.13438007388e-11, 1.13870579632e-10, 5.34577493383e-10, 5.567243333e-10, 5.62671964577e-10, 7.32578830931e-10, 1.40449418762e-09, 1.04055752903e-09, 1.51252166347e-09, 1.10932996122e-09, 1.86290516346e-09, 2.5876645271e-09, 3.61655105863e-09, 3.40118888609e-09, 1.76152836762e-09, 2.72706390803e-09, 4.426149669e-09, 4.43951719831e-09, 5.19464915527e-09, 3.10854519903e-09, 4.25529433912e-09, 6.10358430464e-09, 3.53165519051e-09, 3.20691850852e-09, 3.32872618358e-09, 1.70349545581e-09, 1.48563417124e-09, 7.69193930772e-10, 2.97733504517e-10, 7.1602931917e-11, 7.76864163277e-12], "var": [4.45223140717, 94.5617752075, 263.321990967, 403.346282959, 642.496765137, 1311.33569336, 1851.7064209, 277.301818848, 477.092102051, 414.798370361, 21250.8066406, 4480.81347656, 6838.57324219, 488.582824707, 155.843093872, 131.096588135, 142.773178101, 423.198181152, 309.258361816, 260.385314941, 359.528869629, 259.627349854, 250.522094727, 407.016357422, 545.99206543, 692.629516602, 631.21887207, 736.887390137, 902.983886719, 483.643127441, 322.906860352, 102.923286438, 47.4252815247, 16.8382968903, 4.97655820847, 1.9866194725, 0.948105692863, 0.122206434608, 0.00237830053084, 1.44751493281e-05]}, "gfcc": {"mean": [-75.534828186, 92.2299957275, -60.9565887451, 52.8596458435, -41.730052948, 20.9231109619, -15.3112077713, 10.0818452835, -9.7146730423, 3.78863549232, -10.4560842514, 1.75662994385, -5.63117694855], "cov": [[17601.7832031, -4750.6484375, -3927.64599609, 266.403869629, -1894.15100098, 253.23526001, -1088.27770996, 274.741912842, -673.172607422, 329.180206299, -516.136535645, 199.167282104, -513.640197754], [-4750.6484375, 3759.84106445, 689.042907715, -1060.15478516, 272.042602539, -342.746398926, 262.553131104, -255.850372314, 315.588592529, -283.184997559, 164.548583984, -206.474258423, 223.762557983], [-3927.64599609, 689.042907715, 2694.61010742, 405.231994629, 625.138549805, 65.4596786499, 360.105102539, 23.731678009, 173.721466064, -12.2425785065, 67.4227142334, -43.8926200867, 60.6762809753], [266.403869629, -1060.15478516, 405.231994629, 1498.51318359, 383.508117676, 217.931869507, 144.044692993, 31.3639431, 50.633014679, 17.4293861389, 150.695007324, 19.5183506012, 23.4000434875], [-1894.15100098, 272.042602539, 625.138549805, 383.508117676, 895.252197266, 179.277236938, 300.987091064, -25.3912601471, 124.650474548, -13.7228498459, 109.796096802, -7.44896030426, 64.2734298706], [253.23526001, -342.746398926, 65.4596786499, 217.931869507, 179.277236938, 374.596893311, 110.259117126, 78.441116333, 31.4362792969, 15.7512311935, 8.58680725098, 3.13220286369, -0.101360291243], [-1088.27770996, 262.553131104, 360.105102539, 144.044692993, 300.987091064, 110.259117126, 333.487854004, 57.4087295532, 151.883758545, -18.9462985992, 72.9694213867, -19.1155414581, 46.4476280212], [274.741912842, -255.850372314, 23.731678009, 31.3639431, -25.3912601471, 78.441116333, 57.4087295532, 181.869750977, 30.5271148682, 69.5968093872, -16.4748382568, 18.3639564514, -18.2378139496], [-673.172607422, 315.588592529, 173.721466064, 50.633014679, 124.650474548, 31.4362792969, 151.883758545, 30.5271148682, 193.322067261, 0.578614413738, 73.3482208252, -22.2125453949, 39.4082641602], [329.180206299, -283.184997559, -12.2425785065, 17.4293861389, -13.7228498459, 15.7512311935, -18.9462985992, 69.5968093872, 0.578614413738, 118.726631165, 14.6691913605, 41.0507774353, -17.2970237732], [-516.136535645, 164.548583984, 67.4227142334, 150.695007324, 109.796096802, 8.58680725098, 72.9694213867, -16.4748382568, 73.3482208252, 14.6691913605, 143.658050537, 17.6471805573, 76.6978683472], [199.167282104, -206.474258423, -43.8926200867, 19.5183506012, -7.44896030426, 3.13220286369, -19.1155414581, 18.3639564514, -22.2125453949, 41.0507774353, 17.6471805573, 87.3072738647, 18.2113170624], [-513.640197754, 223.762557983, 60.6762809753, 23.4000434875, 64.2734298706, -0.101360291243, 46.4476280212, -18.2378139496, 39.4082641602, -17.2970237732, 76.6978683472, 18.2113170624, 112.07183075]], "icov": [[0.000158139213454, 9.42048063735e-05, 0.000153914646944, -6.19166166871e-05, 0.000176809597178, -0.000132277404191, 0.000116619339678, 2.71910885203e-05, -3.17670783261e-05, -0.000140224277857, 0.000213438790524, -2.76004539046e-05, 0.000168797501829], [9.42048063735e-05, 0.0010673525976, -0.000120694676298, 0.000862299464643, -0.000190542836208, 0.000470121565741, 0.000122351804748, 0.000198300069314, -0.000866447051521, 0.00154781679157, -0.00124720553868, 0.00142802018672, -0.000557704246603], [0.000153914646944, -0.000120694676298, 0.000681803969201, -0.000350944465026, -1.10913049411e-06, -5.79712395847e-05, -0.000246360199526, 3.77490032406e-05, 4.20415344706e-05, -0.000718931783922, 0.00093137571821, -0.000117952797154, 1.53882156155e-05], [-6.19166166871e-05, 0.000862299464643, -0.000350944465026, 0.00175370310899, -0.000567786919419, 0.000134108879138, 0.000182610994671, -0.000191457409528, -0.000379613047699, 0.00199252483435, -0.00285500613973, 0.00113083503675, 0.000248422846198], [0.000176809597178, -0.000190542836208, -1.10913049411e-06, -0.000567786919419, 0.0023660287261, -0.000913585769013, -0.00151161255781, 0.00133567361627, 0.000385284278309, -0.00135620927904, 0.000529791985173, -0.000512082711793, 0.000171868523466], [-0.000132277404191, 0.000470121565741, -5.79712395847e-05, 0.000134108879138, -0.000913585769013, 0.00402528000996, -0.000734096218366, -0.00137287634425, -0.00015866929607, 0.00113719212823, -0.000230258825468, 0.00087475462351, -0.000686348765157], [0.000116619339678, 0.000122351804748, -0.000246360199526, 0.000182610994671, -0.00151161255781, -0.000734096218366, 0.00769111607224, -0.00300007336773, -0.00361821847036, 0.00311381090432, -0.00150902662426, -8.69915602379e-05, 0.000375667266781], [2.71910885203e-05, 0.000198300069314, 3.77490032406e-05, -0.000191457409528, 0.00133567361627, -0.00137287634425, -0.00300007336773, 0.0104051455855, -0.00132330670021, -0.00644215289503, 0.00382195995189, -3.90881250496e-05, -0.00122060393915], [-3.17670783261e-05, -0.000866447051521, 4.20415344706e-05, -0.000379613047699, 0.000385284278309, -0.00015866929607, -0.00361821847036, -0.00132330670021, 0.0106348218396, -0.00186523864977, -0.00305412057787, 0.00175365852192, 0.0004816785804], [-0.000140224277857, 0.00154781679157, -0.000718931783922, 0.00199252483435, -0.00135620927904, 0.00113719212823, 0.00311381090432, -0.00644215289503, -0.00186523864977, 0.0190892759711, -0.00839686114341, -0.00366365234368, 0.00462406128645], [0.000213438790524, -0.00124720553868, 0.00093137571821, -0.00285500613973, 0.000529791985173, -0.000230258825468, -0.00150902662426, 0.00382195995189, -0.00305412057787, -0.00839686114341, 0.0200835876167, -0.00240685325116, -0.00907182507217], [-2.76004539046e-05, 0.00142802018672, -0.000117952797154, 0.00113083503675, -0.000512082711793, 0.00087475462351, -8.69915602379e-05, -3.90881250496e-05, 0.00175365852192, -0.00366365234368, -0.00240685325116, 0.0182625837624, -0.00532830832526], [0.000168797501829, -0.000557704246603, 1.53882156155e-05, 0.000248422846198, 0.000171868523466, -0.000686348765157, 0.000375667266781, -0.00122060393915, 0.0004816785804, 0.00462406128645, -0.00907182507217, -0.00532830832526, 0.0179148241878]]}, "melbands": {"dmean": [0.00696251401678, 0.00415759952739, 0.00157048495021, 0.000838708539959, 0.00056421244517, 0.000180602262844, 0.000137818948133, 0.000122116063721, 0.000372977665393, 0.000133819296025, 9.10525632207e-05, 3.69169938494e-05, 2.29360830417e-05, 1.71275969478e-05, 1.25476808535e-05, 1.3470081285e-05, 1.77472084033e-05, 1.20315180538e-05, 8.68197639647e-06, 1.02462536233e-05, 8.78079299582e-06, 7.78993580752e-06, 7.1884769568e-06, 5.93902313994e-06, 6.39489735477e-06, 6.96643337506e-06, 6.88604905008e-06, 6.41648512101e-06, 5.49684000362e-06, 7.07939716449e-06, 6.44918100079e-06, 6.57574992147e-06, 7.12274595571e-06, 5.16163618158e-06, 4.96257280247e-06, 2.90830689664e-06, 2.09577456189e-06, 1.82649841918e-06, 1.63629124472e-06, 1.2145949313e-06], "dmean2": [0.0105735091493, 0.00638575898483, 0.00272558955476, 0.00152621720918, 0.00101257034112, 0.000311062089168, 0.000243014059379, 0.000207306511584, 0.000648007844575, 0.00022174626065, 0.000142258722917, 6.36402546661e-05, 3.95461538574e-05, 2.95988284051e-05, 2.15188247239e-05, 2.35734514717e-05, 3.16792320518e-05, 2.13410621654e-05, 1.43476418089e-05, 1.78546524694e-05, 1.49688139572e-05, 1.34186957439e-05, 1.20479162433e-05, 9.91910565062e-06, 1.08343801912e-05, 1.14867325465e-05, 1.11747740448e-05, 1.04660903162e-05, 8.82809035829e-06, 1.1683793673e-05, 1.04702221506e-05, 1.03568927443e-05, 1.18311172628e-05, 8.44962687552e-06, 8.24695780466e-06, 4.74925491289e-06, 3.4303798202e-06, 2.98721329273e-06, 2.63112247012e-06, 1.94714061763e-06], "dvar": [0.00012191371934, 5.93512741034e-05, 1.78676236828e-05, 5.66948028791e-06, 4.69660244562e-06, 1.76513054839e-07, 1.18039160668e-07, 7.72430865936e-08, 2.40348163061e-06, 1.46070561868e-07, 1.2656015258e-07, 1.0380619031e-08, 2.10015405067e-09, 1.25150456665e-09, 6.68050503805e-10, 9.22215304122e-10, 2.13078710232e-09, 1.07471220812e-09, 3.84676623888e-10, 5.86369341971e-10, 5.42595801623e-10, 3.31142890886e-10, 2.71077493785e-10, 1.68771038811e-10, 3.56631141285e-10, 3.23945537062e-10, 2.74281097834e-10, 2.66403676896e-10, 1.87340656876e-10, 2.92871393803e-10, 2.38624509041e-10, 2.5539667603e-10, 2.73097627845e-10, 1.30778762819e-10, 1.54497165061e-10, 5.62246568747e-11, 3.95257784835e-11, 2.79927747648e-11, 1.68970532011e-11, 1.02459906878e-11], "dvar2": [0.000332572846673, 0.000145008205436, 4.80924209114e-05, 1.60105246323e-05, 1.28311139633e-05, 4.52148810837e-07, 3.18708941904e-07, 1.95042460405e-07, 6.41152882963e-06, 3.69727075622e-07, 2.539353261e-07, 2.83868040185e-08, 5.68203040174e-09, 3.37699868069e-09, 1.80501458225e-09, 2.54713761194e-09, 5.98813754138e-09, 3.01557157023e-09, 9.63418678168e-10, 1.59643076536e-09, 1.5193815095e-09, 9.11419384408e-10, 6.94245549937e-10, 4.43504066805e-10, 9.47757761161e-10, 8.2372175747e-10, 5.87616677539e-10, 6.25499374518e-10, 4.18975076855e-10, 7.27921389831e-10, 5.6751858768e-10, 5.75326730701e-10, 7.01894153909e-10, 3.22478127535e-10, 4.01879862721e-10, 1.42875086762e-10, 9.97308763351e-11, 6.84824141839e-11, 4.15144967014e-11, 2.50807066088e-11], "max": [0.157871216536, 0.0913389250636, 0.0585724711418, 0.0296180155128, 0.0314326286316, 0.00479047931731, 0.00474613346159, 0.00330770341679, 0.0214075576514, 0.00483544776216, 0.00761579535902, 0.00161703291815, 0.000656656106003, 0.000495154294185, 0.000383208302082, 0.000519484456163, 0.00101501226891, 0.000833590980619, 0.000599171034992, 0.000731872569304, 0.000455777422758, 0.000251007673796, 0.000246326788329, 0.00016465227236, 0.000419023388531, 0.000351545080775, 0.000339807709679, 0.000293435063213, 0.000194732798263, 0.000253109115874, 0.000280894804746, 0.000315190962283, 0.000195941378479, 0.000170986080775, 0.000210253056139, 0.000177615234861, 0.000133032212034, 0.000118739742902, 8.14464656287e-05, 5.86810492678e-05], "mean": [0.0122765442356, 0.00598539365456, 0.00132505001966, 0.000628889887594, 0.000430738407886, 0.000164744546055, 0.000126025566715, 0.000109921405965, 0.00026886202977, 0.000126134109451, 8.62274828251e-05, 3.44350446539e-05, 2.230998507e-05, 1.63545282703e-05, 1.32872173708e-05, 1.29898926389e-05, 1.56949263328e-05, 1.1220826309e-05, 9.35294883675e-06, 9.60695615504e-06, 8.88540489541e-06, 7.75038006395e-06, 7.09593905412e-06, 6.26166411166e-06, 6.55012127027e-06, 6.94945310897e-06, 7.13459030521e-06, 6.32637011222e-06, 5.6361800489e-06, 6.51622485748e-06, 6.19889260633e-06, 6.39568816041e-06, 6.43170369585e-06, 4.7847611313e-06, 4.33415334555e-06, 2.70349846687e-06, 1.96721634893e-06, 1.67193695688e-06, 1.54462475166e-06, 1.14364343062e-06], "median": [0.00590796163306, 0.00237739132717, 0.000290048134048, 9.24650958041e-05, 5.42093621334e-05, 2.79829073406e-05, 2.01369821298e-05, 1.82230360224e-05, 1.39020876304e-05, 1.08754629764e-05, 5.92608103034e-06, 5.32728245162e-06, 4.29756028097e-06, 2.6545444598e-06, 2.39667133428e-06, 2.27631812777e-06, 2.00037038667e-06, 1.42697058436e-06, 1.20190873076e-06, 1.3061962818e-06, 1.31443584905e-06, 1.20967729345e-06, 1.22019173432e-06, 1.15417446978e-06, 1.23490133319e-06, 1.24072471408e-06, 1.30788953356e-06, 1.05990443444e-06, 8.87633746061e-07, 9.37989227623e-07, 8.17412797005e-07, 8.06016714705e-07, 8.42267695589e-07, 5.96075778958e-07, 3.93159837131e-07, 2.56566920598e-07, 1.72757268047e-07, 1.25728035982e-07, 1.05088894031e-07, 8.47315106967e-08], "min": [9.58936841608e-15, 6.2713207684e-16, 8.53712596137e-16, 7.43638652938e-16, 1.11541724242e-15, 3.97683747505e-15, 9.39114322467e-16, 5.25656047451e-16, 1.15485689639e-15, 3.81189813736e-15, 2.9595534465e-15, 2.35438567513e-15, 2.5530993928e-15, 3.14796470243e-15, 2.65423216209e-15, 2.34703787607e-15, 2.88722975005e-15, 1.52905159441e-15, 1.89158360165e-15, 3.58942451025e-15, 2.77006624697e-15, 4.17012065274e-15, 3.37191873137e-15, 2.21611495803e-15, 1.14782821699e-15, 2.37509944234e-15, 1.9601449895e-15, 3.10554868056e-15, 2.04168440441e-15, 3.85924982021e-15, 2.78187198043e-15, 1.55926716546e-15, 1.65797392651e-15, 3.00521063994e-15, 3.96861151458e-15, 2.91956777391e-15, 1.81547811486e-15, 1.63429872035e-15, 3.83953258727e-15, 2.38820600665e-15], "var": [0.000242418303969, 8.53659803397e-05, 1.27486346173e-05, 3.48193498212e-06, 3.06413676299e-06, 1.48585471038e-07, 9.20777196711e-08, 6.78926497244e-08, 1.65591052337e-06, 1.40482370625e-07, 1.66666879409e-07, 7.98554466996e-09, 1.80597514721e-09, 1.12324904933e-09, 6.97295166052e-10, 8.21710477439e-10, 1.59368573893e-09, 9.03727703783e-10, 4.62425070458e-10, 5.27170584963e-10, 5.01934271924e-10, 3.07691594426e-10, 2.66409144745e-10, 1.74362260741e-10, 2.97002616945e-10, 3.2772121128e-10, 3.482584221e-10, 2.8390684248e-10, 2.31432997766e-10, 2.80057144142e-10, 2.57994098307e-10, 2.97967872598e-10, 2.44795544946e-10, 1.29030425233e-10, 1.31835736772e-10, 5.38908709324e-11, 3.67195822359e-11, 2.64101570474e-11, 1.74577713397e-11, 1.03410249114e-11]}, "mfcc": {"mean": [-729.323547363, 117.175354004, 43.8108482361, 43.5406761169, 11.7486858368, 21.2200679779, 8.97564411163, 14.4912939072, 9.31231117249, 8.35796737671, 6.4638299942, 3.13734388351, 3.61209702492], "cov": [[17968.4296875, -3902.1652832, -3270.61157227, -1061.40588379, -1321.45861816, -613.84387207, -779.273681641, -460.174438477, -471.924499512, -223.279647827, -150.440048218, -262.156738281, -216.221466064], [-3902.1652832, 3519.95166016, 411.79196167, -641.896728516, -107.170883179, -196.597991943, -105.43737793, -47.3512573242, 65.306060791, -6.09178352356, -26.4032802582, -28.6085205078, -22.2766208649], [-3270.61157227, 411.79196167, 1829.54736328, 533.017944336, 335.635131836, 155.790649414, 163.391311646, 109.879684448, 125.040840149, 71.7472839355, 62.8847541809, 58.4062156677, 47.7301025391], [-1061.40588379, -641.896728516, 533.017944336, 986.146240234, 426.764099121, 278.020904541, 222.974395752, 136.292327881, 41.6552696228, 57.4918136597, 61.9905471802, 77.1119155884, 60.5509681702], [-1321.45861816, -107.170883179, 335.635131836, 426.764099121, 522.065795898, 308.541442871, 220.781784058, 121.516677856, 73.8795013428, 43.2435684204, 39.5167503357, 59.4490737915, 47.5898704529], [-613.84387207, -196.597991943, 155.790649414, 278.020904541, 308.541442871, 363.782226562, 214.853439331, 155.639953613, 75.4095611572, 56.3282279968, 40.6682891846, 49.4183540344, 46.1366119385], [-779.273681641, -105.43737793, 163.391311646, 222.974395752, 220.781784058, 214.853439331, 243.852508545, 138.591445923, 84.5112838745, 53.7494735718, 32.4408149719, 49.227897644, 37.7902526855], [-460.174438477, -47.3512573242, 109.879684448, 136.292327881, 121.516677856, 155.639953613, 138.591445923, 180.881378174, 102.4790802, 69.756729126, 46.6020736694, 38.5690765381, 40.3559913635], [-471.924499512, 65.306060791, 125.040840149, 41.6552696228, 73.8795013428, 75.4095611572, 84.5112838745, 102.4790802, 133.633163452, 76.4666519165, 51.6033172607, 36.5198898315, 37.7813720703], [-223.279647827, -6.09178352356, 71.7472839355, 57.4918136597, 43.2435684204, 56.3282279968, 53.7494735718, 69.756729126, 76.4666519165, 100.810310364, 62.2985191345, 44.2024612427, 28.9645214081], [-150.440048218, -26.4032802582, 62.8847541809, 61.9905471802, 39.5167503357, 40.6682891846, 32.4408149719, 46.6020736694, 51.6033172607, 62.2985191345, 91.7200088501, 48.4654197693, 35.3740234375], [-262.156738281, -28.6085205078, 58.4062156677, 77.1119155884, 59.4490737915, 49.4183540344, 49.227897644, 38.5690765381, 36.5198898315, 44.2024612427, 48.4654197693, 77.6553268433, 39.6349945068], [-216.221466064, -22.2766208649, 47.7301025391, 60.5509681702, 47.5898704529, 46.1366119385, 37.7902526855, 40.3559913635, 37.7813720703, 28.9645214081, 35.3740234375, 39.6349945068, 69.2672729492]], "icov": [[0.000149520041305, 0.000165422563441, 0.000155440604431, 6.09035414527e-05, 0.00019930167764, -0.000137840703246, 0.000283540430246, 3.22813252751e-06, 6.37114353594e-05, -4.43337376055e-05, -0.000108841180918, 0.000147798156831, 0.000112695786811], [0.000165422563441, 0.000564498011954, 7.90547346696e-06, 0.000454749242635, -2.55468767136e-05, 8.06516618468e-05, 0.000348183471942, -9.76311348495e-05, -4.24202698923e-05, -5.35353537998e-05, -1.94951226149e-05, 0.000105961255031, 0.000120550292195], [0.000155440604431, 7.90547346696e-06, 0.000941714330111, -0.00043924167403, 3.90598943341e-05, 4.41931069872e-06, 0.000262298271991, 0.000217518288991, -0.000636416429188, 5.95528108533e-05, -0.000200317750569, 0.000228061180678, 0.000217237771722], [6.09035414527e-05, 0.000454749242635, -0.00043924167403, 0.00231426791288, -0.00129492266569, 0.00028539536288, -0.000357003009412, -0.000850924348924, 0.00175263558049, -0.000555522216018, -0.000392969406676, -0.00019050751871, -0.000407882325817], [0.00019930167764, -2.55468767136e-05, 3.90598943341e-05, -0.00129492266569, 0.00570896361023, -0.00364560680464, -0.000939560297411, 0.00191791856196, -0.00151995732449, 0.00134883553255, -0.000193220475921, -0.000581480446272, 0.000316486606607], [-0.000137840703246, 8.06516618468e-05, 4.41931069872e-06, 0.00028539536288, -0.00364560680464, 0.00892003811896, -0.00359277334064, -0.00380981038325, 0.00228197057731, -0.000960432982538, -0.000154472130816, 0.000674810260534, -0.00106406072155], [0.000283540430246, 0.000348183471942, 0.000262298271991, -0.000357003009412, -0.000939560297411, -0.00359277334064, 0.0123328166083, -0.00397650618106, -0.00218484993093, 0.000400505203288, 0.00226043723524, -0.00284577230923, 0.00125349790324], [3.22813252751e-06, -9.76311348495e-05, 0.000217518288991, -0.000850924348924, 0.00191791856196, -0.00380981038325, -0.00397650618106, 0.0160099286586, -0.00748537527397, -0.00170028500725, -0.000454369612271, 0.00159152841661, -0.00125039648265], [6.37114353594e-05, -4.24202698923e-05, -0.000636416429188, 0.00175263558049, -0.00151995732449, 0.00228197057731, -0.00218484993093, -0.00748537527397, 0.0209476929158, -0.00956521369517, -0.00140659103636, 0.00214541237801, -0.00376622588374], [-4.43337376055e-05, -5.35353537998e-05, 5.95528108533e-05, -0.000555522216018, 0.00134883553255, -0.000960432982538, 0.000400505203288, -0.00170028500725, -0.00956521369517, 0.0256084650755, -0.00971329864115, -0.00513287447393, 0.00318055041134], [-0.000108841180918, -1.94951226149e-05, -0.000200317750569, -0.000392969406676, -0.000193220475921, -0.000154472130816, 0.00226043723524, -0.000454369612271, -0.00140659103636, -0.00971329864115, 0.0233389846981, -0.00741128763184, -0.00344664161094], [0.000147798156831, 0.000105961255031, 0.000228061180678, -0.00019050751871, -0.000581480446272, 0.000674810260534, -0.00284577230923, 0.00159152841661, 0.00214541237801, -0.00513287447393, -0.00741128763184, 0.0254526752979, -0.00872292835265], [0.000112695786811, 0.000120550292195, 0.000217237771722, -0.000407882325817, 0.000316486606607, -0.00106406072155, 0.00125349790324, -0.00125039648265, -0.00376622588374, 0.00318055041134, -0.00344664161094, -0.00872292835265, 0.0230459198356]]}, "spectral_contrast_coeffs": {"dmean": [0.0655551999807, 0.0540543943644, 0.041995190084, 0.0280783604831, 0.0244692005217, 0.0269609931856], "dmean2": [0.105950586498, 0.087425455451, 0.0659146904945, 0.0460410155356, 0.039292935282, 0.0411857254803], "dvar": [0.00348460068926, 0.00206134584732, 0.00138055719435, 0.000549760763533, 0.000520727189723, 0.00071725633461], "dvar2": [0.00844535045326, 0.00508598517627, 0.00301703088917, 0.00142862682696, 0.00119189498946, 0.00156540249009], "max": [-0.317609369755, -0.509314000607, -0.469011157751, -0.688650250435, -0.649254024029, -0.492921620607], "mean": [-0.665636539459, -0.782285690308, -0.824447214603, -0.844699084759, -0.836009323597, -0.770550429821], "median": [-0.673129677773, -0.790139138699, -0.835348129272, -0.846443593502, -0.836923956871, -0.766746640205], "min": [-0.91015547514, -0.977047026157, -0.970482230186, -0.970404684544, -0.94649797678, -0.953680634499], "var": [0.00761518161744, 0.00517526175827, 0.00414540618658, 0.0013584648259, 0.00151940213982, 0.00249570608139]}, "spectral_contrast_valleys": {"dmean": [0.506945014, 0.760742068291, 0.733074963093, 0.738921761513, 0.728734433651, 0.782475173473], "dmean2": [0.784771203995, 1.13100838661, 1.07191622257, 1.05618548393, 0.991530716419, 1.00556850433], "dvar": [0.211479663849, 0.636047720909, 0.704582035542, 0.734207332134, 0.784626364708, 0.829575181007], "dvar2": [0.454394102097, 1.31367862225, 1.46151530743, 1.49246561527, 1.59637796879, 1.51795709133], "max": [-4.97528791428, -4.31683683395, -5.07617855072, -5.40310