{"lowlevel": {"average_loudness": 0.612437129021, "barkbands_crest": {"dmean": 2.57442092896, "dmean2": 4.00501251221, "dvar": 5.21394443512, "dvar2": 12.0588665009, "max": 25.2515525818, "mean": 10.9294319153, "median": 9.95445251465, "min": 3.14388179779, "var": 22.1083507538}, "barkbands_flatness_db": {"dmean": 0.022263109684, "dmean2": 0.0327680781484, "dvar": 0.000465998571599, "dvar2": 0.00103855971247, "max": 0.531655967236, "mean": 0.186516404152, "median": 0.179487913847, "min": 0.0281755607575, "var": 0.00527631118894}, "barkbands_kurtosis": {"dmean": 4.18652868271, "dmean2": 6.29916238785, "dvar": 192.488861084, "dvar2": 448.466522217, "max": 406.161254883, "mean": 8.11938858032, "median": 0.832316398621, "min": -1.83744478226, "var": 1001.94061279}, "barkbands_skewness": {"dmean": 0.535274267197, "dmean2": 0.810172379017, "dvar": 0.340315908194, "dvar2": 0.858631908894, "max": 15.1939048767, "mean": 1.07551312447, "median": 0.829971313477, "min": -4.71674108505, "var": 4.35076189041}, "barkbands_spread": {"dmean": 3.49520945549, "dmean2": 5.29842948914, "dvar": 18.4177360535, "dvar2": 44.3009567261, "max": 112.204811096, "mean": 16.1817913055, "median": 14.6002206802, "min": 0.395210683346, "var": 145.950408936}, "dissonance": {"dmean": 0.0231388360262, "dmean2": 0.039071906358, "dvar": 0.000578113307711, "dvar2": 0.00161578273401, "max": 0.499954134226, "mean": 0.45537263155, "median": 0.463393419981, "min": 0.215255588293, "var": 0.00113001267891}, "dynamic_complexity": 5.66210699081, "erbbands_crest": {"dmean": 2.8490896225, "dmean2": 4.4827466011, "dvar": 7.69695138931, "dvar2": 18.2695236206, "max": 32.1160621643, "mean": 12.1828660965, "median": 10.3987798691, "min": 2.27521896362, "var": 41.9392204285}, "erbbands_flatness_db": {"dmean": 0.0207524243742, "dmean2": 0.0297756958753, "dvar": 0.000457257032394, "dvar2": 0.000986282364465, "max": 0.481049448252, "mean": 0.224302381277, "median": 0.227029293776, "min": 0.0370840057731, "var": 0.00534056220204}, "erbbands_kurtosis": {"dmean": 1.91018414497, "dmean2": 2.89809823036, "dvar": 14.0575609207, "dvar2": 32.9078178406, "max": 85.0604705811, "mean": 2.72730708122, "median": 0.213186502457, "min": -1.65194702148, "var": 49.9224281311}, "erbbands_skewness": {"dmean": 0.41402682662, "dmean2": 0.632980883121, "dvar": 0.213091462851, "dvar2": 0.506579041481, "max": 8.23174858093, "mean": 0.133633643389, "median": 0.0575339831412, "min": -5.24973535538, "var": 1.63999414444}, "erbbands_spread": {"dmean": 5.15936565399, "dmean2": 7.95081138611, "dvar": 26.5158996582, "dvar2": 64.3936233521, "max": 144.915725708, "mean": 25.288274765, "median": 23.0820560455, "min": 1.09324669838, "var": 337.106750488}, "hfc": {"dmean": 4.94066333771, "dmean2": 6.76230669022, "dvar": 73.3046035767, "dvar2": 143.857376099, "max": 162.878982544, "mean": 16.7497901917, "median": 10.7258653641, "min": 1.18820683345e-16, "var": 343.89831543}, "melbands_crest": {"dmean": 3.0070681572, "dmean2": 4.74547147751, "dvar": 7.05751228333, "dvar2": 17.4212303162, "max": 33.6034469604, "mean": 13.565703392, "median": 12.6302289963, "min": 1.60025763512, "var": 29.8264884949}, "melbands_flatness_db": {"dmean": 0.0240664742887, "dmean2": 0.0353843234479, "dvar": 0.000565453083254, "dvar2": 0.00129320856649, "max": 0.68049710989, "mean": 0.240020334721, "median": 0.227323293686, "min": 0.00259816227481, "var": 0.00782998651266}, "melbands_kurtosis": {"dmean": 6.42807483673, "dmean2": 10.0335350037, "dvar": 389.452209473, "dvar2": 992.778381348, "max": 701.946228027, "mean": 17.5450744629, "median": 2.40741157532, "min": -1.90719747543, "var": 4514.27490234}, "melbands_skewness": {"dmean": 0.602401912212, "dmean2": 0.920871078968, "dvar": 0.389452219009, "dvar2": 1.016523242, "max": 19.4413280487, "mean": 1.78829467297, "median": 1.37803161144, "min": -3.4555978775, "var": 6.60525751114}, "melbands_spread": {"dmean": 4.89439821243, "dmean2": 7.51218223572, "dvar": 28.7080402374, "dvar2": 71.8180847168, "max": 154.120620728, "mean": 23.132440567, "median": 20.8732585907, "min": 0.332763284445, "var": 314.418365479}, "pitch_salience": {"dmean": 0.0642594695091, "dmean2": 0.102377548814, "dvar": 0.00313514913432, "dvar2": 0.00834399927408, "max": 0.811984777451, "mean": 0.501751363277, "median": 0.507647514343, "min": 0.094616509974, "var": 0.0138574130833}, "silence_rate_20dB": {"dmean": 0, "dmean2": 0, "dvar": 0, "dvar2": 0, "max": 1, "mean": 1, "median": 1, "min": 1, "var": 0}, "silence_rate_30dB": {"dmean": 0.00187178282067, "dmean2": 0.00374444178306, "dvar": 0.00186816533096, "dvar2": 0.00466607138515, "max": 1, "mean": 0.998596489429, "median": 1, "min": 0, "var": 0.0014014976332}, "silence_rate_60dB": {"dmean": 0.0299485251307, "dmean2": 0.0599110685289, "dvar": 0.0290539450943, "dvar2": 0.0670873448253, "max": 1, "mean": 0.153684213758, "median": 0, "min": 0, "var": 0.130066484213}, "spectral_centroid": {"dmean": 159.982711792, "dmean2": 242.300140381, "dvar": 36305.8007812, "dvar2": 70935.1328125, "max": 10647.8447266, "mean": 1154.31225586, "median": 1116.46362305, "min": 125.719207764, "var": 336333.03125}, "spectral_complexity": {"dmean": 2.10996723175, "dmean2": 3.21834778786, "dvar": 4.00101518631, "dvar2": 8.59907150269, "max": 44, "mean": 13.6933336258, "median": 14, "min": 0, "var": 57.2387733459}, "spectral_decrease": {"dmean": 1.35484112818e-09, "dmean2": 1.95497640298e-09, "dvar": 3.72785197146e-18, "dvar2": 8.31243558286e-18, "max": 4.20635444913e-18, "mean": -4.74814232376e-09, "median": -3.28086335877e-09, "min": -3.07967980007e-08, "var": 2.10590555574e-17}, "spectral_energy": {"dmean": 0.00549329211935, "dmean2": 0.0078841811046, "dvar": 6.13606680417e-05, "dvar2": 0.00013453963038, "max": 0.131006926298, "mean": 0.0194398406893, "median": 0.0135621838272, "min": 1.10737091983e-20, "var": 0.00035168605973}, "spectral_energyband_high": {"dmean": 9.40984900808e-05, "dmean2": 0.000129469539388, "dvar": 9.26997145712e-08, "dvar2": 1.67229217141e-07, "max": 0.00853469781578, "mean": 0.000197316068807, "median": 5.68190771446e-05, "min": 8.2801474019e-21, "var": 2.1943898787e-07}, "spectral_energyband_low": {"dmean": 0.00167020200752, "dmean2": 0.00280621019192, "dvar": 1.62220330822e-05, "dvar2": 4.59473085357e-05, "max": 0.0454778186977, "mean": 0.0025934970472, "median": 0.000639530946501, "min": 6.36286244691e-23, "var": 2.43442536885e-05}, "spectral_energyband_middle_high": {"dmean": 0.00277451332659, "dmean2": 0.00396076124161, "dvar": 3.1561270589e-05, "dvar2": 6.44300453132e-05, "max": 0.116204097867, "mean": 0.0076935547404, "median": 0.00445966003463, "min": 1.53253343441e-21, "var": 0.000120106938994}, "spectral_energyband_middle_low": {"dmean": 0.00297262589447, "dmean2": 0.00419396813959, "dvar": 2.06371769309e-05, "dvar2": 4.26853548561e-05, "max": 0.0927981510758, "mean": 0.00988932512701, "median": 0.00527244526893, "min": 4.43888522515e-22, "var": 0.000140948701301}, "spectral_entropy": {"dmean": 0.169120013714, "dmean2": 0.251788645983, "dvar": 0.0398196130991, "dvar2": 0.0957783535123, "max": 9.79521274567, "mean": 7.09951448441, "median": 7.12800264359, "min": 4.71002721786, "var": 0.355028420687}, "spectral_flux": {"dmean": 0.0145979356021, "dmean2": 0.0238676462322, "dvar": 0.000287761795335, "dvar2": 0.00075011246372, "max": 0.22445756197, "mean": 0.0552351996303, "median": 0.0521791763604, "min": 1.05231691416e-10, "var": 0.00108952214941}, "spectral_kurtosis": {"dmean": 4.05016279221, "dmean2": 7.04106998444, "dvar": 27.8273620605, "dvar2": 79.8167800903, "max": 91.3509216309, "mean": 9.40363025665, "median": 7.21890926361, "min": -1.1640535593, "var": 64.3695449829}, "spectral_rms": {"dmean": 0.000563831592444, "dmean2": 0.00079874554649, "dvar": 3.90548791529e-07, "dvar2": 8.56679378103e-07, "max": 0.0113053806126, "mean": 0.00379841495305, "median": 0.00363749894314, "min": 3.28688595438e-12, "var": 4.53764732811e-06}, "spectral_rolloff": {"dmean": 289.218231201, "dmean2": 491.217926025, "dvar": 465530.09375, "dvar2": 996078.4375, "max": 19164.5507812, "mean": 1674.35253906, "median": 1313.52539062, "min": 86.1328125, "var": 6378053}, "spectral_skewness": {"dmean": 0.357735484838, "dmean2": 0.607901096344, "dvar": 0.156522884965, "dvar2": 0.453337013721, "max": 7.42334032059, "mean": 1.97319328785, "median": 1.81880772114, "min": 0.0552894100547, "var": 0.543943405151}, "spectral_spread": {"dmean": 368369.78125, "dmean2": 551744.375, "dvar": 477852106752, "dvar2": 780193103872, "max": 39884060, "mean": 3295973.5, "median": 2654737, "min": 824567.1875, "var": 3840958529540.0}, "spectral_strongpeak": {"dmean": 0.765421152115, "dmean2": 1.20136868954, "dvar": 1.39463925362, "dvar2": 3.1701977253, "max": 17.9035263062, "mean": 1.86957871914, "median": 0.93177062273, "min": 0, "var": 5.19758415222}, "zerocrossingrate": {"dmean": 0.00656072236598, "dmean2": 0.00794562604278, "dvar": 8.84006876731e-05, "dvar2": 0.000113927060738, "max": 0.5205078125, "mean": 0.0608851872385, "median": 0.05078125, "min": 0.00341796875, "var": 0.00407947879285}, "barkbands": {"dmean": [3.75403624275e-06, 0.000406384584494, 0.0009515468264, 0.000977547722869, 0.00109373801388, 0.00102223060094, 0.000327758869389, 0.000422760116635, 0.000553199031856, 0.000526239455212, 0.000399333715905, 0.000861371867359, 0.00118199863937, 0.000440522853751, 0.000436616042862, 0.000193459374714, 0.000163496442838, 9.12907926249e-05, 8.0464866187e-05, 3.98362717533e-05, 2.17075012188e-05, 1.27560642795e-05, 1.66640547832e-05, 5.10343625137e-06, 7.19105628377e-06, 1.65431374626e-05, 1.75790864887e-05], "dmean2": [6.49465164315e-06, 0.000661575875711, 0.00160217226949, 0.00164097116794, 0.00165916595142, 0.00141973886639, 0.000424907309934, 0.000519946683198, 0.000720003910828, 0.000761850911658, 0.000629193789791, 0.00125878385734, 0.00164331018459, 0.000637858000118, 0.000686745566782, 0.000323329790263, 0.000270048243692, 0.00014710794494, 0.00012860193965, 6.23218220426e-05, 3.33735442837e-05, 2.02694300242e-05, 2.27256405196e-05, 7.20804018783e-06, 9.88334977592e-06, 2.36016403505e-05, 2.40222125285e-05], "dvar": [2.56318799519e-10, 1.91059689314e-06, 6.42636496195e-06, 5.52252186026e-06, 4.36046684626e-06, 3.76700336346e-06, 1.26722284222e-06, 1.95095435629e-06, 2.063248985e-06, 2.44308148467e-06, 9.6255189419e-07, 1.25372116599e-05, 1.73331882252e-05, 1.58247212312e-06, 1.843576797e-06, 4.25583863262e-07, 1.25258381445e-07, 3.22715791867e-08, 4.37433449463e-08, 7.76570985295e-09, 1.97030414206e-09, 2.04278505223e-09, 1.25410908325e-08, 7.54136531e-10, 8.34378399706e-10, 8.84271855739e-09, 1.47841427989e-08], "dvar2": [7.27685356416e-10, 5.52101346329e-06, 1.74536617124e-05, 1.49882853293e-05, 8.50537981023e-06, 6.81835535943e-06, 1.35735399454e-06, 2.53431562669e-06, 2.72190982287e-06, 4.91594119012e-06, 2.18758873416e-06, 2.94813598885e-05, 2.96021662507e-05, 3.34678566105e-06, 4.3126269702e-06, 1.31149238314e-06, 3.17078047374e-07, 8.26685493394e-08, 1.02923337408e-07, 1.77469736684e-08, 4.41268532825e-09, 5.05518471527e-09, 2.05528465358e-08, 1.62066959852e-09, 1.66401681323e-09, 1.58303201658e-08, 3.05933305356e-08], "max": [0.000409659580328, 0.0313340947032, 0.0354717373848, 0.0360034704208, 0.0824456140399, 0.0451089665294, 0.048337418586, 0.063334710896, 0.0547535419464, 0.0694689154625, 0.0290939584374, 0.106626972556, 0.11310582608, 0.0308825466782, 0.0357966050506, 0.0243500117213, 0.00604726653546, 0.00423999363557, 0.00614881096408, 0.00207423768006, 0.000879459781572, 0.00167561520357, 0.00398997031152, 0.00138324720319, 0.000739194045309, 0.00258672819473, 0.0042283963412], "mean": [3.75794866159e-06, 0.000669836706948, 0.00124622043222, 0.00126543431543, 0.00243814545684, 0.00249729701318, 0.000786143995356, 0.00113006203901, 0.00122216029558, 0.00095441529993, 0.000724553887267, 0.00163915380836, 0.00213172985241, 0.000826077826787, 0.000743104727007, 0.000317052035825, 0.000280796026345, 0.000170571642229, 0.000150899286382, 7.92642094893e-05, 4.69969709229e-05, 2.44413658947e-05, 2.92984786938e-05, 1.10462215162e-05, 1.2440471437e-05, 1.98764446395e-05, 1.90864539036e-05], "median": [1.20834428685e-07, 7.26628641132e-05, 0.000276273232885, 0.000385239429306, 0.00111727160402, 0.000754633627366, 0.000120318982226, 0.000123016594443, 0.000273799581919, 0.000221585069085, 0.000195037893718, 0.000211895356188, 0.000275396858342, 0.000157515547471, 0.000201021961402, 0.00011685051868, 9.46043655858e-05, 7.09396554157e-05, 5.31983350811e-05, 3.2060630474e-05, 1.77816036739e-05, 6.87879764882e-06, 2.76031960311e-06, 1.19136473131e-06, 5.0751185654e-07, 1.97549127279e-07, 6.48175486617e-08], "min": [1.96093592316e-23, 3.58007545548e-23, 5.91359716838e-24, 1.89747190556e-23, 7.24512574549e-23, 5.56237373195e-23, 1.67307653987e-22, 1.80635578888e-23, 1.01848474632e-22, 2.27840810353e-23, 5.17837012724e-23, 1.3709941838e-22, 1.3533548753e-22, 1.03994529704e-22, 7.30191363325e-23, 1.93520656209e-22, 2.07422998066e-22, 2.71664636879e-22, 2.33752941029e-22, 3.19675822287e-22, 3.90203798989e-22, 6.1845483279e-22, 7.87719543398e-22, 1.05144450352e-21, 1.18090776096e-21, 1.54414001433e-21, 2.67088057182e-21], "var": [2.63193578043e-10, 3.28011219608e-06, 7.59956446927e-06, 7.12608971298e-06, 2.28679600696e-05, 2.49287750194e-05, 7.2516390901e-06, 1.6108419004e-05, 1.05149474621e-05, 5.70674728806e-06, 2.77460276266e-06, 3.3210071706e-05, 5.04523668496e-05, 4.05371429224e-06, 3.69493591279e-06, 7.85251870639e-07, 2.50046213068e-07, 7.88882061897e-08, 8.50237569239e-08, 1.97420568782e-08, 6.32729380001e-09, 3.16719717119e-09, 2.80275695985e-08, 1.42832901062e-09, 1.98208693902e-09, 1.32332891312e-08, 1.85000015307e-08]}, "erbbands": {"dmean": [0.0035897619091, 0.123728074133, 0.855005025864, 2.41900801659, 3.31049466133, 3.77100610733, 5.58229207993, 9.69414138794, 7.43052053452, 5.00973463058, 8.90611457825, 11.6731653214, 18.8085536957, 12.6800317764, 19.5338249207, 41.6423950195, 56.6544494629, 29.3640594482, 21.099445343, 14.5998678207, 9.71180915833, 6.32579851151, 4.8768286705, 4.98527383804, 3.03778386116, 2.07310605049, 1.10647380352, 0.68466758728, 0.443418443203, 0.700060963631, 0.316861599684, 0.131984218955, 0.072385661304, 0.0549056194723, 0.0682968944311, 0.0579268187284, 0.0280705075711, 0.0174572635442, 0.00214058044367, 0.00020396184118], "dmean2": [0.00577909965068, 0.202262088656, 1.43126416206, 4.07496452332, 5.44377613068, 5.63276433945, 8.19640445709, 13.4334344864, 9.41231250763, 6.12844657898, 11.3452281952, 15.8803310394, 24.9458770752, 19.4477405548, 29.9607582092, 60.7212524414, 78.5705795288, 41.5208473206, 32.2688026428, 23.9464015961, 15.8209009171, 10.2168083191, 7.98210716248, 7.95639038086, 4.82239103317, 3.25678229332, 1.68318152428, 1.0526034832, 0.698143303394, 0.949063897133, 0.45594599843, 0.199100136757, 0.0996585041285, 0.0776803791523, 0.0942249596119, 0.0819520503283, 0.0405244901776, 0.0250461325049, 0.00289483810775, 0.000283829052933], "dvar": [0.000165375837241, 0.160426482558, 4.77312850952, 34.3604202271, 42.0476799011, 70.0624008179, 128.090591431, 401.145751953, 495.006195068, 461.217346191, 603.062927246, 943.24206543, 2092.34692383, 2104.28344727, 1939.70983887, 31706.3652344, 40464.9492188, 5421.7421875, 5437.56005859, 1105.95874023, 603.604919434, 160.312683105, 91.5487670898, 185.950927734, 76.3804855347, 25.570854187, 5.30598640442, 2.32999157906, 1.47520935535, 27.3963832855, 2.32612085342, 0.566112339497, 0.0907729044557, 0.0437023118138, 0.0922960191965, 0.0892361328006, 0.0273840203881, 0.0140769733116, 0.000182188305189, 2.04260095416e-06], "dvar2": [0.000432548462413, 0.468750238419, 13.5776414871, 93.5699615479, 115.876358032, 119.626937866, 248.407653809, 742.799255371, 593.248535156, 514.877502441, 990.076049805, 1466.82531738, 3716.34741211, 4378.42431641, 4386.79101562, 74804.21875, 68827.3984375, 10877.7832031, 12151.5039062, 3032.9387207, 1702.32519531, 371.880462646, 220.93296814, 451.883056641, 175.426513672, 58.3925476074, 12.2199249268, 5.08046913147, 3.68370199203, 44.4247055054, 3.92995667458, 1.26947641373, 0.177098080516, 0.0873581767082, 0.188142821193, 0.157641112804, 0.0507421381772, 0.02862640284, 0.000337181787472, 4.58159456684e-06], "max": [0.300074577332, 8.6504650116, 27.7721157074, 75.7480239868, 98.1942672729, 350.789001465, 468.141265869, 480.407043457, 721.659790039, 1168.76843262, 617.169921875, 1083.29956055, 1217.57702637, 2536.25683594, 1033.98950195, 5461.953125, 5646.37011719, 1813.06213379, 2193.61376953, 710.337036133, 743.442626953, 279.569732666, 289.127502441, 434.344573975, 262.164978027, 135.343490601, 59.2923316956, 32.8582458496, 28.6225070953, 214.429428101, 57.5734214783, 39.7245903015, 10.8244600296, 6.59995412827, 9.79163837433, 8.59851646423, 4.65856790543, 3.51100802422, 0.446781516075, 0.0549531504512], "mean": [0.00619616452605, 0.204880058765, 1.18562161922, 3.2807328701, 5.30463171005, 8.09192562103, 11.6822309494, 23.5153236389, 19.6213855743, 14.4120235443, 22.9734687805, 25.4205913544, 37.7701072693, 23.3874320984, 36.9407043457, 80.3490600586, 106.153549194, 57.8092193604, 35.829284668, 27.7328262329, 18.2824478149, 12.3185787201, 9.45926570892, 9.69825267792, 6.14781045914, 4.15478181839, 2.4544699192, 1.43102681637, 0.913569271564, 1.14516079426, 0.618685543537, 0.264935791492, 0.164265200496, 0.112900465727, 0.104845590889, 0.0745587274432, 0.0334147810936, 0.0180150624365, 0.00253388495184, 0.000240166453295], "median": [0.000821741414256, 0.0281777326018, 0.275509268045, 0.978468298912, 2.35725069046, 3.42758727074, 4.47590637207, 6.4068031311, 3.23457551003, 2.39013719559, 4.15088701248, 7.5207233429, 8.35144901276, 9.85597705841, 13.1640319824, 15.3374443054, 16.8129692078, 13.4795866013, 11.3585205078, 10.1661548615, 7.48253965378, 5.35448360443, 4.585542202, 3.5957839489, 2.52750253677, 1.658816576, 1.04529583454, 0.478040397167, 0.281048297882, 0.14905616641, 0.073227122426, 0.0350635610521, 0.0154701108113, 0.00726026296616, 0.00321993720718, 0.00116476905532, 0.000309641152853, 8.14916638774e-05, 2.44785878749e-05, 2.04485622817e-05], "min": [1.54751881287e-21, 6.19595073799e-21, 9.82558574244e-21, 3.67842888629e-20, 1.30034239859e-19, 2.45507929589e-19, 2.80362916608e-19, 6.63912478729e-19, 2.90172022392e-18, 7.65943139336e-19, 3.20979475088e-19, 2.07176772914e-18, 1.84486340172e-18, 7.24990254389e-19, 4.24577498199e-18, 4.71159057701e-18, 5.48051451338e-18, 4.00930513797e-18, 5.04461307803e-18, 9.2761001693e-18, 8.81295099098e-18, 1.2894139365e-17, 1.15167835562e-17, 1.41393787135e-17, 1.19990505328e-17, 1.49473654271e-17, 1.51119396274e-17, 1.62487157452e-17, 1.81969841682e-17, 2.74820302958e-17, 2.36293191332e-17, 1.96495513741e-17, 1.72083246651e-17, 1.38971057838e-17, 7.97854991886e-18, 5.75449658459e-18, 2.9710576048e-18, 1.48377590328e-18, 3.70988204134e-19, 3.67629340321e-20], "var": [0.000345451844623, 0.269007205963, 5.89717388153, 46.2351722717, 68.9750061035, 365.976135254, 616.015625, 2562.01831055, 3489.53125, 4485.14941406, 3195.98657227, 3576.09545898, 7825.65185547, 3796.16479492, 5036.38330078, 82649.40625, 119481.351562, 16770.8105469, 9919.20898438, 2690.14575195, 1395.42443848, 382.133911133, 211.571166992, 350.888549805, 166.464599609, 60.8314666748, 15.7196655273, 6.90059089661, 3.24270319939, 56.9232673645, 6.55411672592, 0.883313417435, 0.266464710236, 0.131467401981, 0.180934563279, 0.147465199232, 0.038991458714, 0.0170235279948, 0.000267489318503, 2.39862288254e-06]}, "gfcc": {"mean": [-111.146987915, 117.261932373, -142.603790283, 9.54797744751, -43.0602302551, -3.54753994942, -32.3735275269, -14.4780817032, -29.6749820709, -9.7178440094, -15.4030771255, -7.32983398438, -10.0991687775], "cov": [[46285.390625, 3550.31982422, -5686.73193359, -1315.30236816, -1670.96142578, -932.01184082, -864.97265625, -366.708221436, -614.717468262, -195.347747803, -44.6367454529, -33.5180664062, 43.9605178833], [3550.31982422, 2771.79174805, -1035.68286133, 17.8770904541, 56.7982063293, -466.46762085, 120.874549866, -316.823974609, 112.58681488, -173.519363403, 169.519256592, -181.008117676, 217.388763428], [-5686.73193359, -1035.68286133, 2123.93164062, 394.282623291, 298.529846191, 263.353942871, 108.102546692, 303.666473389, 74.1366424561, 142.823959351, -40.8745117188, 88.9257888794, -136.419036865], [-1315.30236816, 17.8770904541, 394.282623291, 460.540313721, 54.8047943115, 36.6973876953, 30.6061859131, 69.5419692993, 76.1993789673, -33.7047462463, -7.20475387573, -0.900818586349, 32.9818458557], [-1670.96142578, 56.7982063293, 298.529846191, 54.8047943115, 409.527496338, 103.206947327, 98.952331543, 18.9052562714, 44.1337776184, 47.5336685181, 25.2446613312, 0.399417877197, -18.876625061], [-932.01184082, -466.46762085, 263.353942871, 36.6973876953, 103.206947327, 320.845428467, 37.0715522766, 74.8979263306, -26.3733081818, 47.9892311096, -15.7019290924, 45.0690193176, -50.4817352295], [-864.97265625, 120.874549866, 108.102546692, 30.6061859131, 98.952331543, 37.0715522766, 195.033905029, 34.2967987061, 35.7163009644, -10.4636335373, 42.6214027405, -13.9119768143, -17.4590587616], [-366.708221436, -316.823974609, 303.666473389, 69.5419692993, 18.9052562714, 74.8979263306, 34.2967987061, 200.427398682, 55.2382392883, 60.1437797546, -16.8043498993, 27.7918167114, -36.0349006653], [-614.717468262, 112.58681488, 74.1366424561, 76.1993789673, 44.1337776184, -26.3733081818, 35.7163009644, 55.2382392883, 180.380447388, 32.4818878174, 9.68082046509, -5.98396015167, 24.59948349], [-195.347747803, -173.519363403, 142.823959351, -33.7047462463, 47.5336685181, 47.9892311096, -10.4636335373, 60.1437797546, 32.4818878174, 141.945571899, 32.5002288818, 3.86694717407, -26.4678249359], [-44.6367454529, 169.519256592, -40.8745117188, -7.20475387573, 25.2446613312, -15.7019290924, 42.6214027405, -16.8043498993, 9.68082046509, 32.5002288818, 131.985366821, 20.7282886505, -8.3249540329], [-33.5180664062, -181.008117676, 88.9257888794, -0.900818586349, 0.399417877197, 45.0690193176, -13.9119768143, 27.7918167114, -5.98396015167, 3.86694717407, 20.7282886505, 107.992507935, -2.22769904137], [43.9605178833, 217.388763428, -136.419036865, 32.9818458557, -18.876625061, -50.4817352295, -17.4590587616, -36.0349006653, 24.59948349, -26.4678249359, -8.3249540329, -2.22769904137, 148.611251831]], "icov": [[5.16955587955e-05, -0.000112937748781, 0.000120398901345, 7.18373757991e-06, 0.000112329507829, -5.58357487535e-06, 0.000134307192639, -0.000232281381614, 0.000199204776436, -0.000160702271387, 0.000173553838977, -0.000206234966754, 0.000175702720298], [-0.000112937748781, 0.00114063196816, -1.54696317622e-05, -0.000182159259566, -0.000655627227388, 0.000769765814766, -0.00062870309921, 0.00100233394187, -0.000841655069962, 0.00099572900217, -0.00143748067785, 0.00140313571319, -0.00100433023181], [0.000120398901345, -1.54696317622e-05, 0.00123527750839, -0.000777215056587, -0.0002537536202, 0.000228874647291, -9.73028581939e-05, -0.000984044047073, 0.000652948394418, -0.00101160118356, 0.000781727256253, -0.000926605483983, 0.000830564880744], [7.18373757991e-06, -0.000182159259566, -0.000777215056587, 0.00343187968247, 3.6168810766e-05, -0.000690192799084, 0.000880140520167, -0.000988140702248, -0.00117505341768, 0.00238169846125, -0.00104442855809, 0.00105054676533, -0.00100089341868], [0.000112329507829, -0.000655627227388, -0.0002537536202, 3.6168810766e-05, 0.00388367683627, -0.0011999446433, -0.00110418291297, 0.000622731575277, -5.99203740421e-05, -0.00170130631886, 0.000933790404815, -0.000781388720497, 0.000539346016012], [-5.58357487535e-06, 0.000769765814766, 0.000228874647291, -0.000690192799084, -0.0011999446433, 0.00523087754846, -0.00138056941796, -0.000189748869161, 0.00118799414486, -0.00120614201296, 0.000737597350962, -0.00124040746596, 0.000266431830823], [0.000134307192639, -0.00062870309921, -9.73028581939e-05, 0.000880140520167, -0.00110418291297, -0.00138056941796, 0.00865601375699, -0.0030418720562, -0.000697117531672, 0.0035152870696, -0.00334742269479, 0.00204908079468, 0.0008500701515], [-0.000232281381614, 0.00100233394187, -0.000984044047073, -0.000988140702248, 0.000622731575277, -0.000189748869161, -0.0030418720562, 0.0104612689465, -0.00302428356372, -0.00272967014462, 0.00150376220699, -0.000951594032813, 0.000196812063223], [0.000199204776436, -0.000841655069962, 0.000652948394418, -0.00117505341768, -5.99203740421e-05, 0.00118799414486, -0.000697117531672, -0.00302428356372, 0.0087222205475, -0.00323752989061, 0.00163944158703, -0.00142582075205, -0.000336792494636], [-0.000160702271387, 0.00099572900217, -0.00101160118356, 0.00238169846125, -0.00170130631886, -0.00120614201296, 0.0035152870696, -0.00272967014462, -0.00323752989061, 0.0140041550621, -0.00683836219832, 0.00474755465984, -0.00102276855614], [0.000173553838977, -0.00143748067785, 0.000781727256253, -0.00104442855809, 0.000933790404815, 0.000737597350962, -0.00334742269479, 0.00150376220699, 0.00163944158703, -0.00683836219832, 0.0135685252026, -0.0063541806303, 0.00251687224954], [-0.000206234966754, 0.00140313571319, -0.000926605483983, 0.00105054676533, -0.000781388720497, -0.00124040746596, 0.00204908079468, -0.000951594032813, -0.00142582075205, 0.00474755465984, -0.0063541806303, 0.0142649384215, -0.00264641596004], [0.000175702720298, -0.00100433023181, 0.000830564880744, -0.00100089341868, 0.000539346016012, 0.000266431830823, 0.0008500701515, 0.000196812063223, -0.000336792494636, -0.00102276855614, 0.00251687224954, -0.00264641596004, 0.0094121992588]]}, "melbands": {"dmean": [7.06461214577e-05, 0.000353415292921, 0.000432200584328, 0.000223658222239, 0.000200937123736, 0.000211836857488, 0.000105216480733, 6.37969133095e-05, 7.41772455513e-05, 7.85371012171e-05, 9.41115358728e-05, 5.13318336743e-05, 5.84945955779e-05, 9.99010662781e-05, 0.000117023664643, 0.000114215377835, 5.07584409206e-05, 3.10700306727e-05, 2.73122441286e-05, 1.75208297151e-05, 1.15269085654e-05, 7.74531963543e-06, 5.71148075323e-06, 5.22815753357e-06, 4.30712134403e-06, 2.70036230177e-06, 1.58957277563e-06, 1.37433801228e-06, 8.25596430332e-07, 5.69904443637e-07, 3.90829285379e-07, 2.76403312682e-07, 2.94989803251e-07, 4.43731096311e-07, 2.25796142672e-07, 9.58422106123e-08, 7.96014134608e-08, 5.59996813365e-08, 4.53979644988e-08, 4.96463492539e-08], "dmean2": [0.000113656009489, 0.000589765608311, 0.000722179247532, 0.00035390938865, 0.00029128609458, 0.000291146046948, 0.000133117137011, 7.75606167736e-05, 9.50249304879e-05, 0.000105684135633, 0.000125242208014, 7.94004299678e-05, 9.14048723644e-05, 0.000146141872392, 0.000164695215062, 0.000157893548021, 7.2676120908e-05, 4.72941719636e-05, 4.3639964133e-05, 2.96219841402e-05, 1.87098030437e-05, 1.24838770716e-05, 9.53377366386e-06, 8.48370564199e-06, 6.89326770953e-06, 4.32729757449e-06, 2.55614349953e-06, 2.17953311221e-06, 1.27393718685e-06, 8.83016070929e-07, 6.22087441116e-07, 4.50732926538e-07, 4.34015049677e-07, 5.97357939114e-07, 3.3072927863e-07, 1.47241266291e-07, 1.21868296787e-07, 7.90440282117e-08, 6.80770995132e-08, 7.31637967988e-08], "dvar": [6.04334715604e-08, 8.37382685859e-07, 9.51892502599e-07, 1.58037650522e-07, 1.73362934675e-07, 1.89328702049e-07, 1.02395617319e-07, 7.25288842318e-08, 3.74362620903e-08, 3.94911872093e-08, 5.24760466192e-08, 4.07549372028e-08, 1.93112281721e-08, 1.55260380552e-07, 1.49963284457e-07, 1.39987733405e-07, 1.98923384431e-08, 1.15129843437e-08, 6.48622489052e-09, 3.82569309565e-09, 7.43013428561e-10, 2.7420929416e-10, 2.13900910873e-10, 1.36468364387e-10, 1.64997807084e-10, 5.83763454243e-11, 1.24680777855e-11, 1.17739255845e-11, 3.81603776356e-12, 1.79848236997e-12, 8.48925638987e-13, 5.58053982799e-13, 2.87948441133e-12, 1.18649473926e-11, 1.8498464479e-12, 1.90787137607e-13, 2.02395636058e-13, 5.8720599726e-14, 2.58650726163e-14, 3.858642667e-14], "dvar2": [1.67619603531e-07, 2.40732424572e-06, 2.60996148427e-06, 3.6575880813e-07, 3.11555112376e-07, 3.38892874652e-07, 1.20295766237e-07, 8.10709650523e-08, 6.13807173977e-08, 5.88649804456e-08, 9.29666583716e-08, 8.45187244636e-08, 4.34590674558e-08, 3.70705294017e-07, 2.75816717021e-07, 2.49053243806e-07, 4.10264817674e-08, 2.50447182992e-08, 1.58373403281e-08, 1.2076284861e-08, 1.93432980744e-09, 6.35742847255e-10, 5.73109226742e-10, 3.69110020326e-10, 3.97995386647e-10, 1.35537983614e-10, 3.03052513639e-11, 2.64151599899e-11, 8.64687748486e-12, 3.72633868206e-12, 2.03438503023e-12, 1.47776257377e-12, 6.19470360425e-12, 1.93266201653e-11, 3.06483289268e-12, 4.02925820963e-13, 4.61886930612e-13, 1.15878715044e-13, 5.32549027934e-14, 8.24815882912e-14], "max": [0.00586910452694, 0.0122674843296, 0.0132667971775, 0.0100649874657, 0.0167278684676, 0.0102545116097, 0.0111410496756, 0.0146808773279, 0.00467174733058, 0.00612919032574, 0.00610160268843, 0.0113177811727, 0.00433856062591, 0.0117747811601, 0.0104574728757, 0.0086202705279, 0.00346552557312, 0.00325196608901, 0.00183798687067, 0.00227437098511, 0.000783765222877, 0.000360858713975, 0.000401937722927, 0.000231783997151, 0.000418514275225, 0.000230106437812, 6.00866187597e-05, 8.48692943691e-05, 5.37983396498e-05, 4.04461352446e-05, 2.02867904591e-05, 1.87967616512e-05, 6.78332071402e-05, 0.000135715323268, 5.53680438315e-05, 2.25102012337e-05, 2.29054930969e-05, 9.3586049843e-06, 4.60545106762e-06, 5.83967403145e-06], "mean": [0.000120210410387, 0.000520626723301, 0.00063268566737, 0.000451918254839, 0.000431975844549, 0.000523929775227, 0.000274104473647, 0.000180082133738, 0.000186380580999, 0.000167708785739, 0.000185593802598, 8.78442006069e-05, 0.000108563435788, 0.000181643932592, 0.000221168127609, 0.000204499083338, 9.48444430833e-05, 4.94982596138e-05, 5.10437967023e-05, 2.84495217784e-05, 2.04470106837e-05, 1.39284084071e-05, 9.02607644093e-06, 9.58901455306e-06, 7.61362207413e-06, 5.00711621498e-06, 3.03426895698e-06, 2.59814873971e-06, 1.6628831645e-06, 1.08827612166e-06, 7.44369629047e-07, 5.25020993791e-07, 4.91642026645e-07, 6.9127952429e-07, 4.17223134264e-07, 1.83721098779e-07, 1.50673471921e-07, 1.17840329494e-07, 9.80635590508e-08, 9.41368156759e-08], "median": [1.34117681228e-05, 0.000114388079965, 0.000227004624321, 0.000221373833483, 0.000164088036399, 0.000140355667099, 4.30381805927e-05, 2.30086134252e-05, 3.17959675158e-05, 4.34752255387e-05, 3.67875945813e-05, 3.22319137922e-05, 3.27573907271e-05, 2.85831902147e-05, 3.4714161302e-05, 2.73830028164e-05, 1.73618609551e-05, 1.428419273e-05, 1.3659781871e-05, 9.13693202165e-06, 6.60472187519e-06, 5.12350061399e-06, 3.75883269044e-06, 3.25454834638e-06, 2.3404370495e-06, 1.71316469277e-06, 1.29221598399e-06, 8.50168248689e-07, 6.33832485164e-07, 3.61862134923e-07, 2.05744427717e-07, 1.5029020517e-07, 1.01399436403e-07, 6.60072245751e-08, 3.86648757456e-08, 2.40845405841e-08, 1.47024454833e-08, 9.88889325981e-09, 7.21768111944e-09, 4.75582018211e-09], "min": [1.30333737049e-23, 5.89658577739e-24, 8.9461125944e-24, 1.27572581886e-23, 1.11461139193e-23, 1.80612023501e-23, 3.91316597737e-23, 6.22386050113e-24, 2.04911629398e-24, 1.55986010628e-23, 9.24391074156e-24, 2.15970571821e-24, 1.07436875725e-23, 1.64675629044e-23, 1.16980735838e-23, 1.28683250709e-23, 7.31439167727e-24, 9.61852343051e-24, 7.41631250623e-24, 1.37170289643e-23, 9.80517659816e-24, 1.42951377901e-23, 9.24770989568e-24, 1.31318961211e-23, 1.1218902115e-23, 8.90396217851e-24, 7.46746540277e-24, 1.11327466713e-23, 9.40076389965e-24, 1.02071722269e-23, 8.68669174141e-24, 7.23994845137e-24, 1.69528464674e-23, 1.42745280101e-23, 1.38656882242e-23, 1.25924367465e-23, 1.16860615988e-23, 1.06824522448e-23, 1.59229554235e-23, 9.57752080724e-24], "var": [1.15728333583e-07, 1.11466124508e-06, 1.30916168928e-06, 5.55691030968e-07, 9.41045357195e-07, 1.28202987071e-06, 6.89506975959e-07, 7.10663869086e-07, 1.83730847425e-07, 1.70082202544e-07, 1.96041725076e-07, 7.16958012958e-08, 5.85579904566e-08, 3.82793928111e-07, 4.40053838702e-07, 3.88802163798e-07, 5.70866376393e-08, 2.11097681557e-08, 1.74274834563e-08, 6.65015864598e-09, 1.78575210175e-09, 6.10075323593e-10, 3.32707472683e-10, 3.20561771572e-10, 2.87703083579e-10, 1.25499138859e-10, 2.65243382813e-11, 2.85950482043e-11, 9.4459726499e-12, 4.43060605565e-12, 2.25765478361e-12, 1.13070468787e-12, 4.10698428391e-12, 2.48104922024e-11, 5.17772673694e-12, 3.77295146081e-13, 3.16671954501e-13, 1.50738864208e-13, 9.10049488025e-14, 9.98492263806e-14]}, "mfcc": {"mean": [-725.320800781, 147.748016357, -35.9032592773, 14.5462818146, -3.23018574715, 5.68426942825, -0.201694145799, -4.71995401382, -9.6457195282, -7.84324932098, -8.74612140656, -7.55155611038, -6.42002391815], "cov": [[18686.1894531, 3453.98999023, -1629.98449707, 183.733352661, -557.327331543, -186.808807373, -400.146148682, -269.04397583, -386.269958496, -98.5405654907, -61.1842842102, -94.2151412964, -251.654510498], [3453.98999023, 2433.05664062, -693.47833252, 214.628479004, -82.7480163574, -29.2440929413, 4.10432529449, -152.752258301, -132.546676636, -102.669448853, -58.2038917542, -45.5614547729, -72.2590026855], [-1629.98449707, -693.47833252, 971.328308105, 154.845809937, 164.422744751, -11.5349473953, 80.3580551147, 131.395080566, 136.632125854, 71.0226287842, 26.7432098389, 35.4805297852, 77.1511077881], [183.733352661, 214.628479004, 154.845809937, 344.83215332, 85.7210845947, -16.1813087463, -12.5192565918, 29.3325004578, 63.0155067444, 42.8604049683, 10.8411483765, 3.4282708168, -8.67320823669], [-557.327331543, -82.7480163574, 164.422744751, 85.7210845947, 255.504821777, 87.3087615967, 70.3771972656, 41.0028839111, 63.0688896179, 43.3499908447, 41.783203125, 17.8697547913, 20.8689193726], [-186.808807373, -29.2440929413, -11.5349473953, -16.1813087463, 87.3087615967, 185.610107422, 84.9745864868, 51.9993743896, 12.4962997437, 11.1179189682, 17.1335372925, 17.8269634247, 35.2242698669], [-400.146148682, 4.10432529449, 80.3580551147, -12.5192565918, 70.3771972656, 84.9745864868, 209.92918396, 63.1617355347, -7.24704647064, 10.1507825851, 28.9280223846, 43.7362594604, 18.2060184479], [-269.04397583, -152.752258301, 131.395080566, 29.3325004578, 41.0028839111, 51.9993743896, 63.1617355347, 164.805755615, 44.3789710999, 17.102853775, 17.0194396973, 36.6296615601, 57.8317985535], [-386.269958496, -132.546676636, 136.632125854, 63.0155067444, 63.0688896179, 12.4962997437, -7.24704647064, 44.3789710999, 162.994979858, 64.8589019775, 8.18717956543, -10.6162614822, 15.0865545273], [-98.5405654907, -102.669448853, 71.0226287842, 42.8604049683, 43.3499908447, 11.1179189682, 10.1507825851, 17.102853775, 64.8589019775, 131.374343872, 61.8878250122, 30.4269218445, 3.48450756073], [-61.1842842102, -58.2038917542, 26.7432098389, 10.8411483765, 41.783203125, 17.1335372925, 28.9280223846, 17.0194396973, 8.18717956543, 61.8878250122, 133.219268799, 72.4451675415, 15.1503448486], [-94.2151412964, -45.5614547729, 35.4805297852, 3.4282708168, 17.8697547913, 17.8269634247, 43.7362594604, 36.6296615601, -10.6162614822, 30.4269218445, 72.4451675415, 159.015197754, 40.6109695435], [-251.654510498, -72.2590026855, 77.1511077881, -8.67320823669, 20.8689193726, 35.2242698669, 18.2060184479, 57.8317985535, 15.0865545273, 3.48450756073, 15.1503448486, 40.6109695435, 154.501846313]], "icov": [[8.47631599754e-05, -0.00011139747221, 3.23251188092e-05, -7.08361494617e-06, 0.000100414588815, -3.96430950786e-05, 0.000174996355781, -0.000118999974802, 0.000133944820845, -0.000122611891129, -3.04159748339e-05, 9.79024753178e-06, 7.89165496826e-05], [-0.00011139747221, 0.000846569426358, 0.000533356040251, -0.000823809648864, -6.38024575892e-05, 0.000201604460017, -0.000756295106839, 0.000618455640506, -7.7228723967e-05, 0.000512423343025, 0.00013945979299, 3.66191816283e-05, -0.000305129593471], [3.23251188092e-05, 0.000533356040251, 0.00197735079564, -0.000959018128924, -0.000659366312902, 0.00109976204112, -0.00088259234326, -0.000379459001124, -0.000517867971212, 5.15420724696e-05, 0.00030950125074, 9.99897656584e-06, -0.00063833972672], [-7.08361494617e-06, -0.000823809648864, -0.000959018128924, 0.00457329349592, -0.00131522677839, 0.00054075405933, 0.00118425744586, -0.00111938791815, -0.000536444713362, -0.000983042642474, 0.000226208256208, -0.000258841668256, 0.000793017388787], [0.000100414588815, -6.38024575892e-05, -0.000659366312902, -0.00131522677839, 0.00656728865579, -0.00282066920772, -0.00087147182785, 0.00082008051686, -0.00129074568395, 0.000121322889754, -0.00157641386613, 0.000427300401498, 0.000106448365841], [-3.96430950786e-05, 0.000201604460017, 0.00109976204112, 0.00054075405933, -0.00282066920772, 0.00861870590597, -0.00257556489669, -0.00147977541201, -0.000124505633721, -0.000223318027565, 0.000388610642403, 0.000375644478481, -0.00133530586027], [0.000174996355781, -0.000756295106839, -0.00088259234326, 0.00118425744586, -0.00087147182785, -0.00257556489669, 0.00784990284592, -0.00248165475205, 0.00171098217834, -0.00062085344689, -0.000320861639921, -0.00109887460712, 0.00131457322277], [-0.000118999974802, 0.000618455640506, -0.000379459001124, -0.00111938791815, 0.00082008051686, -0.00147977541201, -0.00248165475205, 0.00974546838552, -0.00230295863003, 0.00115768820979, 6.45769250696e-05, -0.00105543329846, -0.00243689282797], [0.000133944820845, -7.7228723967e-05, -0.000517867971212, -0.000536444713362, -0.00129074568395, -0.000124505633721, 0.00171098217834, -0.00230295863003, 0.0102502834052, -0.00496417051181, 0.00144087930676, 0.00141375348903, -0.000128170649987], [-0.000122611891129, 0.000512423343025, 5.15420724696e-05, -0.000983042642474, 0.000121322889754, -0.000223318027565, -0.00062085344689, 0.00115768820979, -0.00496417051181, 0.0131795294583, -0.00536858383566, -0.000532507314347, 0.000487273850013], [-3.04159748339e-05, 0.00013945979299, 0.00030950125074, 0.000226208256208, -0.00157641386613, 0.000388610642403, -0.000320861639921, 6.45769250696e-05, 0.00144087930676, -0.00536858383566, 0.0128776626661, -0.00457080872729, -6.9151596108e-05], [9.79024753178e-06, 3.66191816283e-05, 9.99897656584e-06, -0.000258841668256, 0.000427300401498, 0.000375644478481, -0.00109887460712, -0.00105543329846, 0.00141375348903, -0.000532507314347, -0.00457080872729, 0.00949667301029, -0.00177929818165], [7.89165496826e-05, -0.000305129593471, -0.00063833972672, 0.000793017388787, 0.000106448365841, -0.00133530586027, 0.00131457322277, -0.00243689282797, -0.000128170649987, 0.000487273850013, -6.9151596108e-05, -0.00177929818165, 0.0083448253572]]}, "spectral_contrast_coeffs": {"dmean": [0.0492269285023, 0.0433834381402, 0.0377865061164, 0.0313757397234, 0.0209574326873, 0.0152108473703], "dmean2": [0.0811408907175, 0.0685543194413, 0.0608327463269, 0.0504015535116, 0.0339968800545, 0.0242952611297], "dvar": [0.00154730817303, 0.00124920695089, 0.000928787922021, 0.000688681669999, 0.000345263251802, 0.00021969313093], "dvar2": [0.00414887908846, 0.00317491055466, 0.00233410368674, 0.00172564096283, 0.000869963492732, 0.000502132694237], "max": [-0.237360432744, -0.389825463295, -0.398165851831, -0.449742376804, -0.540187954903, -0.629948616028], "mean": [-0.583033442497, -0.706388175488, -0.744258642197, -0.743435978889, -0.786840796471, -0.745394766331], "median": [-0.579711616039, -0.705465018749, -0.744228839874, -0.744575917721, -0.788922905922, -0.732990980148], "min": [-0.972519278526, -0.961858570576, -0.968979001045, -0.963062644005, -0.96379327774, -0.961524307728], "var": [0.010670392774, 0.0102282445878, 0.00774801149964, 0.00789619330317, 0.00375354243442, 0.00343064730987]}, "spectral_contrast_valleys": {"dmean": [0.45665204525, 0.32748824358, 0.282463490963, 0.247609838843, 0.22873775661, 0.284681081772], "dmean2": [0.759516716003, 0.528990924358, 0.452054083347, 0.384992003441, 0.330368220806, 0.370538294315], "dvar": [0.153271943331, 0.0960520282388, 0.0791552960873, 0.0729687958956, 0.0882006213069, 0.17196251452], "