{"lowlevel": {"average_loudness": 0.938382029533, "barkbands_crest": {"dmean": 1.84454369545, "dmean2": 2.92780828476, "dvar": 3.26693511009, "dvar2": 8.12940311432, "max": 23.2085762024, "mean": 10.0665969849, "median": 9.51045227051, "min": 2.83408951759, "var": 13.1086730957}, "barkbands_flatness_db": {"dmean": 0.020258737728, "dmean2": 0.0284214336425, "dvar": 0.000420924363425, "dvar2": 0.000831786193885, "max": 0.355220407248, "mean": 0.133555352688, "median": 0.132695317268, "min": 0.0286145303398, "var": 0.00205983128399}, "barkbands_kurtosis": {"dmean": 2.42324233055, "dmean2": 3.82384753227, "dvar": 15.6220293045, "dvar2": 39.2764282227, "max": 66.7626953125, "mean": 5.04711961746, "median": 3.24849677086, "min": -1.92023265362, "var": 42.8892021179}, "barkbands_skewness": {"dmean": 0.44216221571, "dmean2": 0.673574447632, "dvar": 0.258173465729, "dvar2": 0.601724565029, "max": 7.71282482147, "mean": 1.92439520359, "median": 1.81870865822, "min": -2.36692619324, "var": 1.08375668526}, "barkbands_spread": {"dmean": 5.88915920258, "dmean2": 8.29058265686, "dvar": 68.4158859253, "dvar2": 127.523574829, "max": 100.30556488, "mean": 21.7911720276, "median": 17.6353149414, "min": 1.84339046478, "var": 208.658187866}, "dissonance": {"dmean": 0.0147371254861, "dmean2": 0.0239811744541, "dvar": 0.000192776758922, "dvar2": 0.000489584403113, "max": 0.49999153614, "mean": 0.457718223333, "median": 0.462194442749, "min": 0.289741337299, "var": 0.000649485853501}, "dynamic_complexity": 2.56119322777, "erbbands_crest": {"dmean": 1.85772335529, "dmean2": 2.82276821136, "dvar": 4.20313119888, "dvar2": 9.14867115021, "max": 30.7151184082, "mean": 8.63191223145, "median": 7.11357116699, "min": 2.3260884285, "var": 23.2102622986}, "erbbands_flatness_db": {"dmean": 0.0156179312617, "dmean2": 0.0214655250311, "dvar": 0.000285920046736, "dvar2": 0.000548268726561, "max": 0.316167414188, "mean": 0.133356973529, "median": 0.130902439356, "min": 0.0519048310816, "var": 0.00117597694043}, "erbbands_kurtosis": {"dmean": 0.519388914108, "dmean2": 0.777185320854, "dvar": 0.610213637352, "dvar2": 1.21048426628, "max": 27.7193489075, "mean": 0.0363523587584, "median": -0.466014266014, "min": -1.77710664272, "var": 3.14684438705}, "erbbands_skewness": {"dmean": 0.25967746973, "dmean2": 0.380023956299, "dvar": 0.0636581704021, "dvar2": 0.140516862273, "max": 4.14815425873, "mean": 0.249491408467, "median": 0.237250700593, "min": -2.29190826416, "var": 0.36753448844}, "erbbands_spread": {"dmean": 7.67458105087, "dmean2": 11.3663368225, "dvar": 70.7458953857, "dvar2": 152.766311646, "max": 132.558044434, "mean": 46.2625694275, "median": 45.9849586487, "min": 3.66197133064, "var": 329.54486084}, "hfc": {"dmean": 11.0323429108, "dmean2": 14.8354282379, "dvar": 559.114196777, "dvar2": 1146.85791016, "max": 257.741363525, "mean": 23.2225780487, "median": 12.9072418213, "min": 1.20532682515e-16, "var": 936.674987793}, "melbands_crest": {"dmean": 2.45567321777, "dmean2": 4.02877664566, "dvar": 6.35522460938, "dvar2": 16.9516124725, "max": 30.3281173706, "mean": 14.4994249344, "median": 13.9952659607, "min": 1.97868144512, "var": 20.0070075989}, "melbands_flatness_db": {"dmean": 0.0241943672299, "dmean2": 0.0334972850978, "dvar": 0.000604095694143, "dvar2": 0.00114079960622, "max": 0.462528377771, "mean": 0.212490171194, "median": 0.213859975338, "min": 0.00642904732376, "var": 0.00338445906527}, "melbands_kurtosis": {"dmean": 6.73608636856, "dmean2": 10.8755273819, "dvar": 161.678344727, "dvar2": 417.27822876, "max": 258.920806885, "mean": 17.5363941193, "median": 12.252040863, "min": -1.61603045464, "var": 336.410095215}, "melbands_skewness": {"dmean": 0.608220040798, "dmean2": 0.952855348587, "dvar": 0.588625073433, "dvar2": 1.43930482864, "max": 13.1740007401, "mean": 3.27855467796, "median": 3.10682749748, "min": -0.908765435219, "var": 2.30624032021}, "melbands_spread": {"dmean": 6.13236713409, "dmean2": 9.0435256958, "dvar": 109.71232605, "dvar2": 239.466506958, "max": 180.091690063, "mean": 19.0130004883, "median": 15.106218338, "min": 1.57483780384, "var": 235.048706055}, "pitch_salience": {"dmean": 0.0550430826843, "dmean2": 0.0869463682175, "dvar": 0.00288409832865, "dvar2": 0.00716385385022, "max": 0.827069282532, "mean": 0.539829015732, "median": 0.544322609901, "min": 0.180641785264, "var": 0.00981362350285}, "silence_rate_20dB": {"dmean": 0, "dmean2": 0, "dvar": 0, "dvar2": 0, "max": 1, "mean": 1, "median": 1, "min": 1, "var": 0}, "silence_rate_30dB": {"dmean": 0.00972986780107, "dmean2": 0.0194622278214, "dvar": 0.00963484495878, "dvar2": 0.0272797029465, "max": 1, "mean": 0.994239628315, "median": 1, "min": 0, "var": 0.00572734512389}, "silence_rate_60dB": {"dmean": 0.00614517973736, "dmean2": 0.0121638923883, "dvar": 0.00610777968541, "dvar2": 0.0143212778494, "max": 1, "mean": 0.00972862262279, "median": 0, "min": 0, "var": 0.00963456463069}, "spectral_centroid": {"dmean": 232.658035278, "dmean2": 332.941101074, "dvar": 86078.1953125, "dvar2": 160482.84375, "max": 10642.0107422, "mean": 1167.99755859, "median": 1021.76477051, "min": 258.789733887, "var": 313112.84375}, "spectral_complexity": {"dmean": 3.73396492004, "dmean2": 5.02023029327, "dvar": 21.7008934021, "dvar2": 30.8521823883, "max": 58, "mean": 18.5078086853, "median": 16, "min": 0, "var": 83.6785583496}, "spectral_decrease": {"dmean": 2.41155850844e-09, "dmean2": 3.84169718259e-09, "dvar": 1.72918550178e-17, "dvar2": 4.32588626626e-17, "max": 6.0738606361e-29, "mean": -8.30260660223e-09, "median": -6.96935753552e-09, "min": -4.54229152069e-08, "var": 3.41032041264e-17}, "spectral_energy": {"dmean": 0.00977820064873, "dmean2": 0.0152837736532, "dvar": 0.000267557799816, "dvar2": 0.000651683134492, "max": 0.183693438768, "mean": 0.0334422551095, "median": 0.0279605668038, "min": 1.07034222818e-20, "var": 0.000549466523807}, "spectral_energyband_high": {"dmean": 0.00109797762707, "dmean2": 0.00156763836276, "dvar": 8.55854250403e-06, "dvar2": 1.89805523405e-05, "max": 0.0293264575303, "mean": 0.00143429427408, "median": 0.000326252309605, "min": 7.62225931835e-21, "var": 1.13492396849e-05}, "spectral_energyband_low": {"dmean": 0.0063129067421, "dmean2": 0.0107727963477, "dvar": 0.000208818091778, "dvar2": 0.000567714741919, "max": 0.15982452035, "mean": 0.015493423678, "median": 0.010706695728, "min": 8.45959036194e-23, "var": 0.000270328106126}, "spectral_energyband_middle_high": {"dmean": 0.00150827143807, "dmean2": 0.00201332219876, "dvar": 7.88702982391e-06, "dvar2": 1.49363668243e-05, "max": 0.0559872053564, "mean": 0.00458729965612, "median": 0.00279334094375, "min": 1.75902946096e-21, "var": 2.75475904346e-05}, "spectral_energyband_middle_low": {"dmean": 0.00432425644249, "dmean2": 0.00648597767577, "dvar": 3.59038494935e-05, "dvar2": 8.13387378003e-05, "max": 0.101916722953, "mean": 0.0141342068091, "median": 0.0111043313518, "min": 3.62549465852e-22, "var": 0.000113620299089}, "spectral_entropy": {"dmean": 0.179066315293, "dmean2": 0.235672086477, "dvar": 0.0377011522651, "dvar2": 0.0626793429255, "max": 9.78221607208, "mean": 7.51581907272, "median": 7.49024629593, "min": 5.89436531067, "var": 0.174186661839}, "spectral_flux": {"dmean": 0.025390015915, "dmean2": 0.0391130372882, "dvar": 0.00127464602701, "dvar2": 0.0025316500105, "max": 0.346158802509, "mean": 0.0704329386353, "median": 0.0544756278396, "min": 1.03457346856e-10, "var": 0.00266184145585}, "spectral_kurtosis": {"dmean": 1.31806623936, "dmean2": 2.09324240685, "dvar": 2.18620252609, "dvar2": 5.55189180374, "max": 32.4236030579, "mean": 3.85880422592, "median": 3.44238209724, "min": -1.25515031815, "var": 5.42628288269}, "spectral_rms": {"dmean": 0.000753478612751, "dmean2": 0.00114806462079, "dvar": 1.12985480882e-06, "dvar2": 2.56583007285e-06, "max": 0.0133870495483, "mean": 0.00538795581087, "median": 0.0052228923887, "min": 3.23146457509e-12, "var": 3.59658110938e-06}, "spectral_rolloff": {"dmean": 511.412506104, "dmean2": 818.397766113, "dvar": 1232384.5, "dvar2": 2586742, "max": 18669.2871094, "mean": 1178.07861328, "median": 710.595703125, "min": 107.666015625, "var": 2055351.75}, "spectral_skewness": {"dmean": 0.19035948813, "dmean2": 0.288886129856, "dvar": 0.0335434526205, "dvar2": 0.0739602446556, "max": 4.19395256042, "mean": 1.50203835964, "median": 1.49844229221, "min": 0.0160091239959, "var": 0.152828916907}, "spectral_spread": {"dmean": 674362.25, "dmean2": 882970.625, "dvar": 639658491904, "dvar2": 1019111931900.0, "max": 41365924, "mean": 4867156.5, "median": 4695598, "min": 1832809.75, "var": 1748449099780.0}, "spectral_strongpeak": {"dmean": 0.368140429258, "dmean2": 0.65350407362, "dvar": 1.99441230297, "dvar2": 5.64785766602, "max": 43.2079925537, "mean": 0.642217159271, "median": 0.303169608116, "min": 7.39265582084e-09, "var": 1.62380588055}, "zerocrossingrate": {"dmean": 0.0120374988765, "dmean2": 0.0134763745591, "dvar": 0.00025282939896, "dvar2": 0.000296370330034, "max": 0.5224609375, "mean": 0.0534422956407, "median": 0.04443359375, "min": 0.00439453125, "var": 0.00112284359057}, "barkbands": {"dmean": [0.000223159891902, 0.00366624374874, 0.00293556647375, 0.00199821568094, 0.00215456797741, 0.000440802046796, 0.000287316390313, 0.000432822795119, 0.000448106700787, 0.000480850430904, 0.000482902833028, 0.000176202040166, 0.00018422633002, 0.000283882953227, 0.00016280534328, 0.000223201452172, 0.000167153237271, 0.000156243579113, 0.000126792787341, 0.000121079436212, 0.000132100642077, 0.000379179458832, 0.000189006430446, 0.000273438170552, 8.94805198186e-05, 4.80496273667e-05, 1.01676268969e-05], "dmean2": [0.000399965269025, 0.0061104753986, 0.00532581377774, 0.00314459973015, 0.00352630973794, 0.00068392715184, 0.000400913442718, 0.000540772918612, 0.000548817159142, 0.000605351931881, 0.000710607040673, 0.000265344686341, 0.000267579569481, 0.000406853592722, 0.0002562845184, 0.000353546784027, 0.000256857951172, 0.000242457070271, 0.000187061319593, 0.000182188450708, 0.000183133030077, 0.000608998467214, 0.000285087880911, 0.000400774297304, 0.00013120782387, 7.41952098906e-05, 1.64985067386e-05], "dvar": [2.74362861319e-07, 6.48327695671e-05, 6.46023545414e-05, 8.67836115503e-06, 1.08783297037e-05, 6.8076064963e-07, 4.08297097465e-07, 1.82608198429e-06, 2.13308271668e-06, 2.56851740232e-06, 2.23616507355e-06, 1.13225880227e-07, 3.58182717264e-07, 5.84527981573e-07, 6.96815263268e-08, 2.72423648084e-07, 7.54528315383e-08, 1.10244243956e-07, 7.18930337484e-08, 7.52416084993e-08, 9.49315150933e-08, 1.4362441334e-06, 3.07520934939e-07, 7.84504493367e-07, 4.56614550615e-08, 4.39444960421e-08, 2.74557532265e-09], "dvar2": [9.36930973694e-07, 0.000158238646691, 0.000194460924831, 2.16196312977e-05, 2.82981163764e-05, 1.97835402105e-06, 7.50615754441e-07, 3.00413648802e-06, 2.83686404146e-06, 3.86648389394e-06, 5.18302613273e-06, 2.37540405124e-07, 7.61135709126e-07, 9.78870843937e-07, 1.68182111793e-07, 6.21409867563e-07, 1.58518432158e-07, 2.45443260383e-07, 1.46529046674e-07, 1.67987565192e-07, 1.75378190193e-07, 3.68812675333e-06, 7.33109231987e-07, 1.7705292521e-06, 1.00921333512e-07, 1.19796453646e-07, 7.47484207864e-09], "max": [0.00692377053201, 0.101578302681, 0.080762386322, 0.050293110311, 0.0449926219881, 0.0216095466167, 0.0196800380945, 0.0403785780072, 0.0407913587987, 0.0485816188157, 0.0317111238837, 0.0152816511691, 0.0213033016771, 0.0233005695045, 0.0033098666463, 0.0108370715752, 0.004779915791, 0.0042641996406, 0.00884735863656, 0.00720938993618, 0.00507544912398, 0.0121970549226, 0.00696654850617, 0.0178561899811, 0.00255963928066, 0.00486698932946, 0.00134858000092], "mean": [0.000348440429661, 0.00940554589033, 0.00395298842341, 0.00383130903356, 0.0045426399447, 0.0013712545624, 0.00100223149639, 0.00136855617166, 0.00118770636618, 0.00116858724505, 0.00101918925066, 0.000332543684635, 0.000358201563358, 0.000495420536026, 0.000283339410089, 0.000370010006009, 0.000325002154568, 0.000284302688669, 0.000248904165346, 0.000214536456042, 0.000223437833483, 0.000420386204496, 0.000225673051318, 0.000302986154566, 0.00010071577708, 4.94573432661e-05, 8.9354280135e-06], "median": [4.12691078964e-05, 0.00615737680346, 0.00230381754227, 0.00251787062734, 0.00334609206766, 0.000894453027286, 0.000382111844374, 0.000459771661554, 0.000200772832613, 0.000318118720315, 0.000258556508925, 0.000129708525492, 0.000122853598441, 0.000126827013446, 0.000163752963999, 0.000151665459271, 0.000159399001859, 0.000123683828861, 0.000132409768412, 7.17127259122e-05, 7.04948470229e-05, 6.89038206474e-05, 3.2891297451e-05, 4.05762111768e-05, 1.69921113411e-05, 5.89092542214e-06, 8.17588386326e-07], "min": [1.13431482992e-24, 2.61768424154e-23, 2.52353953008e-23, 4.90342748931e-23, 5.23007743522e-23, 7.91603111945e-23, 4.6311219345e-24, 9.78339488639e-23, 6.08917883099e-23, 6.43789006098e-23, 7.02969982296e-23, 3.82277482386e-23, 1.67265673966e-22, 1.2521165057e-22, 1.08563744596e-22, 2.31698141386e-22, 1.50278153906e-22, 3.78071572651e-22, 3.4465438972e-22, 1.75310023093e-22, 3.46268815651e-22, 4.40127940538e-22, 5.69691111944e-22, 8.66338304737e-22, 9.92595530483e-22, 1.78819747302e-21, 2.70717130366e-21], "var": [4.17272104869e-07, 0.000114424714411, 4.63102878712e-05, 1.71586580109e-05, 1.78339960257e-05, 2.05255037145e-06, 3.17802619065e-06, 8.46599959914e-06, 1.18197276606e-05, 8.62275555846e-06, 6.13049041931e-06, 4.42552959612e-07, 9.15503505894e-07, 1.74548995346e-06, 1.27109572645e-07, 5.09672418048e-07, 2.18177760303e-07, 2.10766216924e-07, 1.61212881267e-07, 2.02180061137e-07, 2.04995146191e-07, 1.38690018048e-06, 3.74015314719e-07, 8.55439850511e-07, 5.86001718261e-08, 3.06799989858e-08, 1.85827042642e-09]}, "erbbands": {"dmean": [0.110288627446, 0.905476629734, 3.15103173256, 4.71745252609, 9.01234531403, 5.94991350174, 4.89132452011, 3.74968385696, 4.5188794136, 6.36283016205, 8.04940414429, 12.4122657776, 15.9867486954, 8.83203315735, 20.4456443787, 8.87708759308, 8.74797439575, 15.191321373, 7.58391618729, 11.9434547424, 8.46431350708, 7.69597625732, 9.69299793243, 7.66726255417, 5.48411130905, 5.72571849823, 4.14239501953, 6.37928915024, 10.0193338394, 14.9651727676, 4.06000375748, 2.20756292343, 6.45979738235, 1.53430199623, 0.70828473568, 0.220834985375, 0.107564695179, 0.0142411561683, 0.0020116919186, 5.54966754862e-05], "dmean2": [0.176548957825, 1.53494358063, 5.77942895889, 7.62130308151, 14.573307991, 9.95740890503, 7.64012479782, 5.8960108757, 6.28258800507, 8.77799034119, 9.69361305237, 14.3357696533, 20.2308311462, 12.4506654739, 29.3957920074, 12.9599914551, 12.6067495346, 21.6819477081, 11.3164491653, 18.9330768585, 13.0691518784, 11.6603450775, 14.8651971817, 11.450715065, 8.19217586517, 8.5079460144, 5.75856256485, 9.11955451965, 16.1174888611, 23.8628768921, 5.83996105194, 3.12130498886, 9.68354988098, 2.15076994896, 1.06080174446, 0.310204029083, 0.179110601544, 0.0224628578871, 0.00332057708874, 8.47293049446e-05], "dvar": [0.0597200877964, 4.67275333405, 80.3929977417, 55.789516449, 196.535812378, 83.6835632324, 58.7151985168, 62.8775749207, 97.9877319336, 154.120223999, 1213.96691895, 1676.0411377, 2885.39331055, 1337.43261719, 3837.70581055, 268.528411865, 654.339660645, 1629.09558105, 166.42729187, 502.558807373, 275.464050293, 173.20111084, 396.063201904, 342.345336914, 95.9443817139, 161.442611694, 69.1300354004, 283.632324219, 968.446289062, 2362.56860352, 96.8784713745, 24.3102226257, 435.893798828, 23.7678127289, 3.57312250137, 0.200518593192, 0.705860197544, 0.00261987815611, 0.000136509785079, 3.05066585327e-08], "dvar2": [0.149440079927, 12.399646759, 242.054992676, 151.657821655, 505.483215332, 229.983169556, 154.577423096, 189.950546265, 182.961730957, 287.503997803, 1953.05786133, 2120.14453125, 4171.77783203, 2475.24462891, 8407.05078125, 535.86138916, 1397.5111084, 2758.76855469, 334.983581543, 1240.54675293, 610.976928711, 363.525268555, 861.208679199, 689.888183594, 218.02432251, 357.501861572, 125.274971008, 591.566345215, 2531.73217773, 5866.23242188, 200.185836792, 46.5372276306, 1003.17980957, 52.524559021, 8.38388538361, 0.407602399588, 1.97938084602, 0.00701925018802, 0.00037408733624, 7.9296256672e-08], "max": [4.02311134338, 27.7385349274, 94.516960144, 121.131515503, 184.409210205, 156.609695435, 252.128707886, 232.942703247, 295.618621826, 463.878936768, 1156.42346191, 1175.43457031, 1219.58435059, 1823.76660156, 1528.71887207, 781.088439941, 896.525512695, 1192.5020752, 277.390991211, 426.916564941, 352.390045166, 184.740005493, 291.905883789, 629.346130371, 185.548248291, 316.44039917, 242.359680176, 195.238632202, 372.167785645, 459.426147461, 126.951515198, 78.9479904175, 326.422424316, 120.214927673, 37.6259536743, 4.22165679932, 20.7703361511, 0.877701938152, 0.304396092892, 0.00390278501436], "mean": [0.281666815281, 2.05995869637, 4.37739038467, 9.3675069809, 15.6639938354, 13.0577516556, 12.7707166672, 11.5852022171, 15.7091083527, 21.8410606384, 25.2994194031, 35.1611709595, 40.0857391357, 18.8940429688, 46.0377006531, 19.2181568146, 18.1703910828, 27.5074977875, 14.6853981018, 20.0301361084, 16.2969837189, 15.2380199432, 19.3646812439, 14.4277830124, 10.8001022339, 10.1169528961, 7.94245052338, 9.49225711823, 11.5997152328, 16.0105419159, 5.35526180267, 3.06557846069, 6.72314834595, 1.78812897205, 0.730769336224, 0.257860571146, 0.0942555889487, 0.0134446220472, 0.00173470529262, 8.39338317746e-05], "median": [0.147629782557, 1.53355014324, 2.69028782845, 6.47639322281, 10.0062131882, 9.73637962341, 9.00497531891, 7.2626991272, 6.39148950577, 10.8722381592, 6.18323612213, 6.56595516205, 10.241399765, 6.81956291199, 12.1685800552, 8.73422336578, 7.3821105957, 7.71816825867, 8.00694465637, 10.3504056931, 8.91394996643, 7.98264598846, 8.33647537231, 7.028881073, 5.28250074387, 3.57627987862, 3.04544973373, 2.62144708633, 2.37734365463, 1.75335931778, 0.864385128021, 0.533455729485, 0.730615973473, 0.260411024094, 0.112343654037, 0.0394198261201, 0.00904530100524, 0.00150158675388, 0.00015415600501, 4.01471625082e-05], "min": [1.04016831118e-21, 4.90622752901e-21, 2.1624074794e-20, 1.23553654576e-19, 1.61206903135e-19, 1.90129247404e-19, 1.10489319078e-19, 8.80830926698e-19, 3.5002879158e-19, 9.24398012573e-19, 1.82673615219e-18, 1.46768910152e-18, 1.5667430493e-18, 3.09739662206e-18, 1.88345716756e-18, 1.89511296957e-18, 7.32574973279e-18, 7.99397104702e-18, 6.06206632458e-18, 6.98128029286e-18, 1.19134083881e-17, 1.05070507999e-17, 2.33007778831e-17, 1.53118013526e-17, 1.54504864541e-17, 8.49321342419e-18, 1.08326175085e-17, 1.89720110431e-17, 1.45354973108e-17, 1.69267937437e-17, 1.41784414907e-17, 1.66540623695e-17, 1.3150346152e-17, 8.74441990442e-18, 8.95713105329e-18, 5.22610353546e-18, 3.88024965957e-18, 1.34623210423e-18, 3.89806511371e-19, 4.1821256569e-20], "var": [0.15068076551, 5.88344287872, 56.5379600525, 86.3404006958, 291.949188232, 142.962783813, 165.034591675, 179.5418396, 727.465759277, 1043.05615234, 5036.21191406, 9462.47070312, 9852.25195312, 3653.40527344, 12382.9628906, 1181.2557373, 1720.32299805, 4777.76464844, 410.539978027, 855.634521484, 557.143676758, 395.13571167, 921.795715332, 722.541564941, 253.302474976, 408.489318848, 212.537460327, 450.632049561, 935.051147461, 2373.0637207, 159.900283813, 47.9550094604, 452.685302734, 27.5385322571, 3.72976350784, 0.288880676031, 0.429158836603, 0.00191514554899, 9.01694584172e-05, 2.61810146895e-08]}, "gfcc": {"mean": [17.9130706787, 96.433265686, -103.460678101, 40.9443054199, -52.2602577209, 15.7339420319, -36.851764679, 6.21012830734, -25.1877937317, -2.8938395977, -17.4011230469, -0.591336369514, -10.8164520264], "cov": [[3453.69628906, -1320.08215332, 340.958953857, -52.1635131836, -200.235015869, 405.776428223, -25.4270534515, 179.78062439, 23.5487651825, 126.996734619, -102.631866455, 139.55506897, -81.3621368408], [-1320.08215332, 1228.58483887, -190.182266235, -69.7925949097, 144.824356079, -134.355331421, 150.50642395, -2.04362392426, 121.955558777, 5.98122501373, 117.904296875, -104.963439941, 76.9290390015], [340.958953857, -190.182266235, 339.273040771, 78.9171905518, 59.0871238708, 86.6272888184, 37.4737663269, 64.7857437134, 51.3451499939, 60.87317276, 14.943687439, 57.6726913452, -11.7105998993], [-52.1635131836, -69.7925949097, 78.9171905518, 264.832061768, 73.084197998, 32.6893463135, 11.7237195969, -11.5602121353, 2.52496242523, 5.99357366562, 53.6647644043, 44.5516586304, 33.9309501648], [-200.235015869, 144.824356079, 59.0871238708, 73.084197998, 179.063247681, 44.2445716858, 57.1710357666, 19.4821796417, 21.4368667603, 12.4199256897, 36.6004943848, 19.9790782928, 31.2522926331], [405.776428223, -134.355331421, 86.6272888184, 32.6893463135, 44.2445716858, 204.264129639, 50.7025299072, 46.9287910461, 25.9342956543, 26.9143295288, 23.7004089355, 36.3552970886, 40.6295814514], [-25.4270534515, 150.50642395, 37.4737663269, 11.7237195969, 57.1710357666, 50.7025299072, 134.567520142, 58.4684066772, 55.950592041, 29.9645309448, 29.2539787292, -4.60477018356, 17.8970355988], [179.78062439, -2.04362392426, 64.7857437134, -11.5602121353, 19.4821796417, 46.9287910461, 58.4684066772, 109.987190247, 60.6159858704, 31.3758907318, 1.87260651588, 4.34019470215, -0.324182063341], [23.5487651825, 121.955558777, 51.3451499939, 2.52496242523, 21.4368667603, 25.9342956543, 55.950592041, 60.6159858704, 124.156707764, 42.3795623779, 28.1627826691, 1.7250803709, 7.67940855026], [126.996734619, 5.98122501373, 60.87317276, 5.99357366562, 12.4199256897, 26.9143295288, 29.9645309448, 31.3758907318, 42.3795623779, 86.2540435791, 29.7824783325, 9.58956050873, -1.43462491035], [-102.631866455, 117.904296875, 14.943687439, 53.6647644043, 36.6004943848, 23.7004089355, 29.2539787292, 1.87260651588, 28.1627826691, 29.7824783325, 91.731590271, 31.3788356781, 28.9085979462], [139.55506897, -104.963439941, 57.6726913452, 44.5516586304, 19.9790782928, 36.3552970886, -4.60477018356, 4.34019470215, 1.7250803709, 9.58956050873, 31.3788356781, 89.1536407471, 23.4009056091], [-81.3621368408, 76.9290390015, -11.7105998993, 33.9309501648, 31.2522926331, 40.6295814514, 17.8970355988, -0.324182063341, 7.67940855026, -1.43462491035, 28.9085979462, 23.4009056091, 84.8365707397]], "icov": [[0.000777076696977, 0.000553973484784, 1.52710781549e-05, 0.000194123596884, 0.000653073308058, -0.00116323819384, -4.60348710476e-05, -0.000533871003427, -0.000159012241056, -0.000726169091649, 0.00041084739496, -0.000512830389198, 0.000495136482641], [0.000553973484784, 0.00315949344076, 0.000634676543996, 0.0016024808865, -0.00167359423358, 0.0016679916298, -0.00197539362125, 0.000628376321401, -0.0022936866153, 0.000542438297998, -0.00345685472712, 0.00294930255041, -0.00206898385659], [1.52710781549e-05, 0.000634676543996, 0.00508743338287, -0.000928978261072, -0.00141551380511, -0.0006575587322, -0.000228172633797, -0.0010677188402, -0.00126128119882, -0.00218986649998, 0.00100100878626, -0.00201242929325, 0.00168449140619], [0.000194123596884, 0.0016024808865, -0.000928978261072, 0.00602892693132, -0.00228938693181, 0.00112825003453, -0.000758001464419, 0.00135406572372, -0.000890879018698, 0.00134202640038, -0.00424315826967, 0.00102932646405, -0.00207307515666], [0.000653073308058, -0.00167359423358, -0.00141551380511, -0.00228938693181, 0.00993156805634, -0.00307495496236, -0.00133355287835, -0.00104655360337, 0.00193260144442, -0.000640319602098, 0.00204518670216, -0.00283533358015, 0.000854952668305], [-0.00116323819384, 0.0016679916298, -0.0006575587322, 0.00112825003453, -0.00307495496236, 0.0109363337979, -0.00307022919878, -7.45785437175e-05, -0.000796571199317, 0.00144527340308, -0.00382615206763, 0.00247881747782, -0.00591096794233], [-4.60348710476e-05, -0.00197539362125, -0.000228172633797, -0.000758001464419, -0.00133355287835, -0.00307022919878, 0.0142198605463, -0.00532174902037, -0.000497022701893, -0.00122996978462, -0.000102127691207, 0.00078421382932, 0.000802965078037], [-0.000533871003427, 0.000628376321401, -0.0010677188402, 0.00135406572372, -0.00104655360337, -7.45785437175e-05, -0.00532174902037, 0.0172904375941, -0.00617057969794, -0.00049714097986, 0.00179006916005, 0.000365041370969, -0.000321288971463], [-0.000159012241056, -0.0022936866153, -0.00126128119882, -0.000890879018698, 0.00193260144442, -0.000796571199317, -0.000497022701893, -0.00617057969794, 0.0151530401781, -0.00352001469582, -0.000169946128153, -0.00108516565524, 0.000786488468293], [-0.000726169091649, 0.000542438297998, -0.00218986649998, 0.00134202640038, -0.000640319602098, 0.00144527340308, -0.00122996978462, -0.00049714097986, -0.00352001469582, 0.018358560279, -0.00753408763558, 0.00272377044894, 0.000219008506974], [0.00041084739496, -0.00345685472712, 0.00100100878626, -0.00424315826967, 0.00204518670216, -0.00382615206763, -0.000102127691207, 0.00179006916005, -0.000169946128153, -0.00753408763558, 0.0239334218204, -0.0101004876196, 0.000989884603769], [-0.000512830389198, 0.00294930255041, -0.00201242929325, 0.00102932646405, -0.00283533358015, 0.00247881747782, 0.00078421382932, 0.000365041370969, -0.00108516565524, 0.00272377044894, -0.0101004876196, 0.0208718385547, -0.00633349642158], [0.000495136482641, -0.00206898385659, 0.00168449140619, -0.00207307515666, 0.000854952668305, -0.00591096794233, 0.000802965078037, -0.000321288971463, 0.000786488468293, 0.000219008506974, 0.000989884603769, -0.00633349642158, 0.0188875142485]]}, "melbands": {"dmean": [0.000956201576628, 0.00146621465683, 0.000929563073441, 0.000523155089468, 0.000195254193386, 8.33105368656e-05, 6.59244833514e-05, 7.5186653703e-05, 6.84565675328e-05, 7.40703253541e-05, 7.8645942267e-05, 3.48396242771e-05, 6.7311048042e-05, 3.09337920044e-05, 1.78241461981e-05, 1.76228641067e-05, 3.3073949453e-05, 1.22898609334e-05, 1.14506765385e-05, 2.1952242605e-05, 8.06050684332e-06, 7.88246325101e-06, 1.12212028398e-05, 7.5665066106e-06, 6.74583134241e-06, 4.12738427258e-06, 4.5930351007e-06, 3.80334449801e-06, 2.51112328442e-06, 3.49293236468e-06, 3.9031237975e-06, 3.88298121834e-06, 1.08603835542e-05, 7.10565609552e-06, 2.21461209549e-06, 1.53941198278e-06, 1.15870568607e-06, 4.26184169555e-06, 3.78108961741e-06, 7.09676839961e-07], "dmean2": [0.0015646093525, 0.00264520174824, 0.00149992597289, 0.000866335758474, 0.000308446848067, 0.000130205618916, 9.10087110242e-05, 0.000102364057966, 8.21555513539e-05, 8.73657554621e-05, 0.000100321711216, 4.95522435813e-05, 9.9783152109e-05, 4.39078066847e-05, 2.65524759016e-05, 2.52772188105e-05, 4.74569824291e-05, 1.82097501238e-05, 1.80977331183e-05, 3.49882102455e-05, 1.24559519463e-05, 1.21881157611e-05, 1.76724915946e-05, 1.15831089715e-05, 1.01932128018e-05, 6.31079137747e-06, 7.11515804142e-06, 5.69077701584e-06, 3.81740846933e-06, 4.81903998661e-06, 5.7794732129e-06, 6.01094006925e-06, 1.81013438123e-05, 1.12389307105e-05, 3.19239984492e-06, 2.22898029278e-06, 1.65671895047e-06, 6.47887873129e-06, 5.54594544155e-06, 1.01857915524e-06], "dvar": [4.15845352109e-06, 1.64963257703e-05, 1.8793491563e-06, 6.73015676966e-07, 8.46555892053e-08, 2.79789311719e-08, 2.16201492265e-08, 2.35482175981e-08, 7.90090552982e-08, 5.88966102555e-08, 7.11335914616e-08, 2.47153995048e-08, 4.34535998295e-08, 4.63508031956e-09, 8.20506274035e-10, 6.06825389937e-09, 8.42339265006e-09, 4.64804778e-10, 3.94750288013e-10, 2.42782793869e-09, 1.71427427809e-10, 1.74777067818e-10, 4.75258665755e-10, 2.41098474518e-10, 3.17286585894e-10, 5.0576490912e-11, 1.21879339954e-10, 6.96864094207e-11, 2.57756732625e-11, 6.00484106883e-11, 1.19988519121e-10, 1.05313792409e-10, 1.43726885948e-09, 5.26782506505e-10, 2.67375652868e-11, 1.26301139686e-11, 6.70118171023e-12, 1.61407040511e-10, 2.6682264731e-10, 2.48317035337e-12], "dvar2": [9.69086249825e-06, 4.85974160256e-05, 4.97284599987e-06, 1.79542962542e-06, 2.20952102836e-07, 8.36021385453e-08, 3.95832664424e-08, 4.38364153865e-08, 1.30455816816e-07, 7.59440936804e-08, 1.03149808695e-07, 4.53374155995e-08, 1.01537750652e-07, 9.47058076406e-09, 1.78636083703e-09, 1.28927997167e-08, 1.42066580722e-08, 8.97282914636e-10, 9.94514026686e-10, 5.62041257979e-09, 3.85308340789e-10, 3.91638999009e-10, 1.02855901574e-09, 5.16197029565e-10, 6.48403997161e-10, 1.20117540914e-10, 2.8883673231e-10, 1.55925633516e-10, 5.54065925085e-11, 1.13445176864e-10, 2.69737593372e-10, 2.57819265936e-10, 3.85645515522e-09, 1.28887867046e-09, 5.46558284742e-11, 2.44738292132e-11, 1.38071628783e-11, 3.74301728501e-10, 6.25704543733e-10, 5.44296118593e-12], "max": [0.0287939962, 0.0423701442778, 0.0177847892046, 0.0110355196521, 0.00777244241908, 0.0047280122526, 0.0044175372459, 0.00543584488332, 0.00926600862294, 0.00794063694775, 0.00603126408532, 0.00805478356779, 0.00430414592847, 0.00180929154158, 0.000821685709525, 0.00290758931078, 0.00273961597122, 0.000515336287208, 0.000263245223323, 0.00101446185727, 0.000231897764024, 0.000222895963816, 0.000381277408451, 0.000228522869293, 0.000633941614069, 0.000114885850053, 0.000288538460154, 0.000224231363973, 0.000155692949193, 0.000133470704895, 0.000125249731354, 0.000149414132466, 0.000384040293284, 0.000222982300329, 9.18200894375e-05, 4.95899839734e-05, 4.51569103461e-05, 0.000130972432089, 0.000446597114205, 2.10266698559e-05], "mean": [0.00259870290756, 0.00249680038542, 0.00188172981143, 0.0010269038612, 0.000505359901581, 0.00025586981792, 0.0002305766684, 0.000254635408055, 0.000210818572668, 0.000202794966754, 0.000192692517885, 6.63578684907e-05, 0.000142407938256, 7.01093813404e-05, 3.60860030924e-05, 3.41205377481e-05, 5.73281176912e-05, 2.2792874006e-05, 1.95176235138e-05, 3.53799696313e-05, 1.51670601554e-05, 1.43827546708e-05, 2.13503881241e-05, 1.38776085805e-05, 1.17231629702e-05, 7.55118526286e-06, 7.79982929089e-06, 6.3435481934e-06, 4.57155420008e-06, 5.75647254664e-06, 5.25862742506e-06, 4.98265717397e-06, 1.08270705823e-05, 7.65878485254e-06, 2.95201721201e-06, 2.11039241549e-06, 1.59528531185e-06, 4.41139445684e-06, 3.97080202674e-06, 8.59035651501e-07], "median": [0.00156342657283, 0.00177427474409, 0.00133727036882, 0.000723098171875, 0.000369431509171, 0.00016345421318, 9.00215381989e-05, 0.000123826321214, 4.39535069745e-05, 3.80192723242e-05, 4.52964741271e-05, 2.08331312024e-05, 3.73893817596e-05, 2.61411933025e-05, 1.77314359462e-05, 1.07761143227e-05, 1.34500514832e-05, 1.13698588393e-05, 1.10623932414e-05, 1.48837516463e-05, 8.94299228094e-06, 7.66978337197e-06, 8.12590042187e-06, 6.3069501266e-06, 5.21930724062e-06, 3.92275705963e-06, 2.81020402326e-06, 2.20936703954e-06, 1.7471186311e-06, 1.88576177607e-06, 1.28159172164e-06, 1.20365177736e-06, 1.2293405689e-06, 8.38894607114e-07, 4.71895191367e-07, 3.39369648827e-07, 2.71712508493e-07, 5.01594968227e-07, 4.0783396571e-07, 1.35481116104e-07], "min": [7.89303140644e-24, 9.52551436321e-24, 2.09115382387e-23, 1.43321684987e-23, 3.83883224536e-24, 1.8035466552e-23, 4.9079805578e-24, 1.47717549273e-23, 1.38889170224e-23, 8.98654250465e-24, 7.39206449972e-24, 1.23250081664e-23, 8.1042370809e-24, 3.58758714679e-24, 7.32948021981e-24, 2.01474160115e-23, 1.3844041881e-23, 8.70274742742e-24, 7.6149248052e-24, 1.55132873336e-23, 1.25602409663e-23, 9.78498728101e-24, 1.72516843333e-23, 1.81780926036e-23, 1.19000109315e-23, 1.20994207688e-23, 8.86972482636e-24, 4.9461030499e-24, 5.15838749165e-24, 1.00536835605e-23, 1.21036459078e-23, 1.00995786991e-23, 4.97775136056e-24, 1.12606644113e-23, 7.22408209198e-24, 9.72961003433e-24, 1.0445426364e-23, 9.45213925497e-24, 8.3603928386e-24, 6.62866013591e-24], "var": [9.47997250478e-06, 1.29897780425e-05, 3.15571310239e-06, 9.84349981081e-07, 2.19081059072e-07, 7.96618664367e-08, 1.66431448179e-07, 1.52679959342e-07, 3.27170027958e-07, 3.17160100849e-07, 2.41999515538e-07, 6.76674645206e-08, 1.1678829992e-07, 1.79315744475e-08, 2.80288992016e-09, 1.43400127328e-08, 2.46256135483e-08, 1.20850696117e-09, 6.30804131152e-10, 4.54111903636e-09, 3.40560218914e-10, 3.26071142309e-10, 1.36210775992e-09, 4.6556303257e-10, 6.54497012142e-10, 1.05167187459e-10, 2.78933182107e-10, 1.60356367074e-10, 7.06513181292e-11, 1.28056870663e-10, 1.62093616307e-10, 1.3084004713e-10, 1.20009180371e-09, 5.4794846438e-10, 4.8244259282e-11, 2.35246370994e-11, 1.33739980895e-11, 1.69033481656e-10, 2.55246268566e-10, 4.01394325764e-12]}, "mfcc": {"mean": [-628.739135742, 123.466308594, 9.99108505249, 30.1921138763, 9.80512619019, 9.2312374115, 1.48474442959, 6.2101521492, 0.759535849094, -3.34689617157, -1.54538369179, -2.7903213501, -2.2750825882], "cov": [[3119.04980469, -1133.83215332, 347.554626465, -331.640075684, -25.4910049438, 94.709815979, 5.17455720901, 109.440948486, 83.1734008789, 70.2410812378, 65.1098175049, -38.2524986267, 69.3046569824], [-1133.83215332, 1048.63134766, -191.182357788, 56.4128952026, -39.8055038452, -53.799785614, 7.59080123901, -18.7690353394, 40.2271690369, 81.373588562, 62.7356185913, 67.9547576904, -27.764541626], [347.554626465, -191.182357788, 252.112670898, 11.92141819, 44.3990936279, 46.9599723816, 13.0752868652, 40.0431671143, 35.0995178223, 25.1041545868, 60.2682952881, 6.29021072388, 47.0483856201], [-331.640075684, 56.4128952026, 11.92141819, 219.457611084, 53.3523101807, 23.1861686707, 25.0736274719, -1.78808891773, -17.0063743591, -3.58548212051, -2.84459996223, 36.8072166443, 12.4941806793], [-25.4910049438, -39.8055038452, 44.3990936279, 53.3523101807, 132.598175049, 58.3663330078, 33.4358825684, 31.7830219269, 10.1134185791, -8.02703666687, 4.46854019165, 6.5950884819, 19.1232070923], [94.709815979, -53.799785614, 46.9599723816, 23.1861686707, 58.3663330078, 116.579231262, 56.7392578125, 29.6480083466, 9.42529582977, 8.55052280426, 5.82529830933, -0.844511151314, 28.0061893463], [5.17455720901, 7.59080123901, 13.0752868652, 25.0736274719, 33.4358825684, 56.7392578125, 105.417457581, 34.9398574829, 12.724776268, 24.7025489807, -12.2029809952, 12.3467941284, 12.1565217972], [109.440948486, -18.7690353394, 40.0431671143, -1.78808891773, 31.7830219269, 29.6480083466, 34.9398574829, 96.7031478882, 42.6501960754, 20.5731124878, 22.6537055969, 6.10870170593, 15.0167732239], [83.1734008789, 40.2271690369, 35.0995178223, -17.0063743591, 10.1134185791, 9.42529582977, 12.724776268, 42.6501960754, 96.363861084, 51.6947212219, 31.2160396576, 0.9713935256, 7.41779088974], [70.2410812378, 81.373588562, 25.1041545868, -3.58548212051, -8.02703666687, 8.55052280426, 24.7025489807, 20.5731124878, 51.6947212219, 123.406242371, 42.4968070984, 19.4278354645, -7.74630117416], [65.1098175049, 62.7356185913, 60.2682952881, -2.84459996223, 4.46854019165, 5.82529830933, -12.2029809952, 22.6537055969, 31.2160396576, 42.4968070984, 126.422721863, 29.3175430298, 3.17258763313], [-38.2524986267, 67.9547576904, 6.29021072388, 36.8072166443, 6.5950884819, -0.844511151314, 12.3467941284, 6.10870170593, 0.9713935256, 19.4278354645, 29.3175430298, 84.4879150391, 20.0918388367], [69.3046569824, -27.764541626, 47.0483856201, 12.4941806793, 19.1232070923, 28.0061893463, 12.1565217972, 15.0167732239, 7.41779088974, -7.74630117416, 3.17258763313, 20.0918388367, 89.4481430054]], "icov": [[0.000833774218336, 0.000883929780684, -0.000266413378995, 0.00105284980964, 0.000357456563506, -0.00040633516619, 0.00012329906167, -0.000318419857649, -0.000234743347391, -0.000642028055154, -0.000243741218583, -0.00051616464043, -0.000202618553885], [0.000883929780684, 0.00236860173754, 0.00115616724361, 0.000675654271618, 0.000429349194746, 6.02590398557e-06, -0.000259073596681, 7.9058962001e-05, -0.000969919899944, -0.00122132245451, -0.00132196152117, -0.00102356425487, -0.00047243773588], [-0.000266413378995, 0.00115616724361, 0.00703784544021, -0.000943108869251, -0.000973592395894, -0.000389623775845, -8.80074640008e-06, -0.000184178134077, -0.00104734033812, -0.000798131979536, -0.00334799988195, 0.00092579977354, -0.00271399412304], [0.00105284980964, 0.000675654271618, -0.000943108869251, 0.007132016588, -0.00182687514462, -0.000591566553339, -0.000392857356928, 0.000229886602028, 0.00090226723114, -0.000759830640163, 0.000454399705632, -0.00291529297829, -1.7496122382e-05], [0.000357456563506, 0.000429349194746, -0.000973592395894, -0.00182687514462, 0.0115614989772, -0.00460061058402, -0.000212326267501, -0.00212519825436, -0.00121030246373, 0.00173385534436, 2.57322171819e-05, -0.000556456274353, 0.000352531147655], [-0.00040633516619, 6.02590398557e-06, -0.000389623775845, -0.000591566553339, -0.00460061058402, 0.0156870000064, -0.00708469562232, 0.000130333384732, 0.00110457115807, -0.000247837189818, -0.00169891654514, 0.00301374495029, -0.00311254197732], [0.00012329906167, -0.000259073596681, -8.80074640008e-06, -0.000392857356928, -0.000212326267501, -0.00708469562232, 0.0163439586759, -0.00447316002101, 0.000843543151859, -0.00332542159595, 0.0042639602907, -0.0025859142188, 0.00074856437277], [-0.000318419857649, 7.9058962001e-05, -0.000184178134077, 0.000229886602028, -0.00212519825436, 0.000130333384732, -0.00447316002101, 0.0159762445837, -0.00599222490564, 0.00141796167009, -0.00197724113241, -5.12642400281e-05, -0.000623278028797], [-0.000234743347391, -0.000969919899944, -0.00104734033812, 0.00090226723114, -0.00121030246373, 0.00110457115807, 0.000843543151859, -0.00599222490564, 0.0175468567759, -0.0059307962656, -0.000610175658949, 0.00247953482904, -0.0013941245852], [-0.000642028055154, -0.00122132245451, -0.000798131979536, -0.000759830640163, 0.00173385534436, -0.000247837189818, -0.00332542159595, 0.00141796167009, -0.0059307962656, 0.0136153381318, -0.00212538568303, -0.00163438264281, 0.00267852912657], [-0.000243741218583, -0.00132196152117, -0.00334799988195, 0.000454399705632, 2.57322171819e-05, -0.00169891654514, 0.0042639602907, -0.00197724113241, -0.000610175658949, -0.00212538568303, 0.0128715420142, -0.00395388063043, 0.00205304706469], [-0.00051616464043, -0.00102356425487, 0.00092579977354, -0.00291529297829, -0.000556456274353, 0.00301374495029, -0.0025859142188, -5.12642400281e-05, 0.00247953482904, -0.00163438264281, -0.00395388063043, 0.0168609451503, -0.00445635337383], [-0.000202618553885, -0.00047243773588, -0.00271399412304, -1.7496122382e-05, 0.000352531147655, -0.00311254197732, 0.00074856437277, -0.000623278028797, -0.0013941245852, 0.00267852912657, 0.00205304706469, -0.00445635337383, 0.0147977862507]]}, "spectral_contrast_coeffs": {"dmean": [0.0437930896878, 0.0344329401851, 0.0328638032079, 0.0296040233225, 0.0218220688403, 0.0193399079144], "dmean2": [0.0724080875516, 0.0548615641892, 0.0511156655848, 0.0464620962739, 0.0348686426878, 0.0305420570076], "dvar": [0.00159644789528, 0.000954197486863, 0.000875458063092, 0.000624760752544, 0.000361065234756, 0.000368650420569], "dvar2": [0.00425856467336, 0.00236453744583, 0.00208493508399, 0.00146550731733, 0.000835096579976, 0.000804260722362], "max": [-0.323587656021, -0.428008437157, -0.474433213472, -0.526945531368, -0.60384362936, -0.629982352257], "mean": [-0.645373225212, -0.688384532928, -0.723235666752, -0.747679948807, -0.770309865475, -0.74477905035], "median": [-0.657167553902, -0.687586426735, -0.728818595409, -0.749134898186, -0.773976027966, -0.743796825409], "min": [-0.944563746452, -0.94761133194, -0.960853636265, -0.946274876595, -0.962152957916, -0.957872211933], "var": [0.00786253996193, 0.00349878217094, 0.00490791583434, 0.00268633314408, 0.00143139832653, 0.000930873502512]}, "spectral_contrast_valleys": {"dmean": [0.311125904322, 0.294328123331, 0.325832009315, 0.294873416424, 0.297134369612, 0.471016317606], "dmean2": [0.508123159409, 0.46313020587, 0.501184523106, 0.431363880634, 0.382236123085, 0.535620391369], "dvar": [0.14578640461, 0.116369180381, 0.146018117666, 0.142276376486, 0.14632153511, 0.267903983593], "dvar2": [0.28091558814, 0.202079355717, 0.250354886055, 0.214582264423, 0.188219457865, 0.384731680155], "max": [-4.96725034714, -5.2268910408, -5.19326114655, -5.96384716034, -5.7558965683, -