{"lowlevel": {"average_loudness": 0.965618431568, "barkbands_crest": {"dmean": 2.70189833641, "dmean2": 4.07117652893, "dvar": 10.8162508011, "dvar2": 18.8047790527, "max": 26.3545684814, "mean": 12.0112686157, "median": 10.5575857162, "min": 1.79434943199, "var": 50.8786849976}, "barkbands_flatness_db": {"dmean": 0.0357050821185, "dmean2": 0.051767654717, "dvar": 0.00243661575951, "dvar2": 0.00470988033339, "max": 0.610147535801, "mean": 0.16310466826, "median": 0.143342211843, "min": 0.0187287274748, "var": 0.0106089981273}, "barkbands_kurtosis": {"dmean": 34.3385047913, "dmean2": 51.6252822876, "dvar": 22231.6640625, "dvar2": 45200.65625, "max": 2852.93432617, "mean": 42.4991264343, "median": 3.03274250031, "min": -1.94294536114, "var": 31225.4003906}, "barkbands_skewness": {"dmean": 1.54143333435, "dmean2": 2.17499041557, "dvar": 7.93457555771, "dvar2": 14.8758049011, "max": 44.704750061, "mean": 2.51801395416, "median": 1.1926984787, "min": -5.02392816544, "var": 23.0752658844}, "barkbands_spread": {"dmean": 11.49933815, "dmean2": 18.2703132629, "dvar": 246.1275177, "dvar2": 553.040039062, "max": 120.686058044, "mean": 29.8566951752, "median": 23.9334106445, "min": 0.110278323293, "var": 604.125488281}, "dissonance": {"dmean": 0.0106785167009, "dmean2": 0.0173710677773, "dvar": 0.000245625386015, "dvar2": 0.000584484194405, "max": 0.500000178814, "mean": 0.479004830122, "median": 0.491142809391, "min": 0.252396225929, "var": 0.000795094121713}, "dynamic_complexity": 7.44768476486, "erbbands_crest": {"dmean": 2.33545732498, "dmean2": 3.74965119362, "dvar": 6.56213855743, "dvar2": 14.7954463959, "max": 26.1597061157, "mean": 7.78407239914, "median": 6.40231466293, "min": 2.02902674675, "var": 19.5292930603}, "erbbands_flatness_db": {"dmean": 0.0218152031302, "dmean2": 0.0327273085713, "dvar": 0.000931574439164, "dvar2": 0.00188138720114, "max": 0.474089741707, "mean": 0.135936126113, "median": 0.113631509244, "min": 0.046235781163, "var": 0.00454908842221}, "erbbands_kurtosis": {"dmean": 2.30572724342, "dmean2": 3.65939617157, "dvar": 26.4232578278, "dvar2": 62.4825057983, "max": 96.1916275024, "mean": 2.88495063782, "median": -0.0288445949554, "min": -1.8958439827, "var": 61.9689903259}, "erbbands_skewness": {"dmean": 0.565281808376, "dmean2": 0.827068030834, "dvar": 0.626368880272, "dvar2": 1.26141679287, "max": 9.02835941315, "mean": 0.0031931088306, "median": -0.242722511292, "min": -4.23470115662, "var": 2.77058601379}, "erbbands_spread": {"dmean": 14.8570995331, "dmean2": 22.0400257111, "dvar": 342.536529541, "dvar2": 699.913818359, "max": 211.233322144, "mean": 52.4220733643, "median": 44.7799835205, "min": 2.53933501244, "var": 1048.80834961}, "hfc": {"dmean": 16.2213096619, "dmean2": 23.7829837799, "dvar": 1326.69616699, "dvar2": 2402.89282227, "max": 344.156921387, "mean": 25.1857948303, "median": 4.84235525131, "min": 6.12237181485e-06, "var": 2687.65209961}, "melbands_crest": {"dmean": 3.4411842823, "dmean2": 5.32392501831, "dvar": 16.1749744415, "dvar2": 32.0519371033, "max": 34.0732269287, "mean": 16.5675525665, "median": 16.6511650085, "min": 2.37836575508, "var": 73.7776412964}, "melbands_flatness_db": {"dmean": 0.0439520739019, "dmean2": 0.0627570450306, "dvar": 0.0037364512682, "dvar2": 0.00681604584679, "max": 0.741868257523, "mean": 0.203910365701, "median": 0.190473407507, "min": 0.0109222019091, "var": 0.0204121936113}, "melbands_kurtosis": {"dmean": 38.0306663513, "dmean2": 57.8925056458, "dvar": 6627.75878906, "dvar2": 15730.46875, "max": 1236.02685547, "mean": 68.9809494019, "median": 11.2340908051, "min": -1.86810994148, "var": 13717.9179688}, "melbands_skewness": {"dmean": 1.65661454201, "dmean2": 2.39877080917, "dvar": 4.88511133194, "dvar2": 10.1115407944, "max": 24.8594093323, "mean": 4.55925369263, "median": 3.04845619202, "min": -3.01803612709, "var": 20.3072338104}, "melbands_spread": {"dmean": 19.2079162598, "dmean2": 30.4562854767, "dvar": 1009.47900391, "dvar2": 2313.34082031, "max": 273.686553955, "mean": 47.5429763794, "median": 24.371427536, "min": 0.178501963615, "var": 2975.58276367}, "pitch_salience": {"dmean": 0.0894247069955, "dmean2": 0.13336700201, "dvar": 0.0125359380618, "dvar2": 0.0247879158705, "max": 0.96249294281, "mean": 0.54508972168, "median": 0.597572684288, "min": 0.0418202094734, "var": 0.0466846041381}, "silence_rate_20dB": {"dmean": 0, "dmean2": 0, "dvar": 0, "dvar2": 0, "max": 1, "mean": 1, "median": 1, "min": 1, "var": 0}, "silence_rate_30dB": {"dmean": 0.063939191401, "dmean2": 0.127892673016, "dvar": 0.0598522722721, "dvar2": 0.119808919728, "max": 1, "mean": 0.906672656536, "median": 1, "min": 0, "var": 0.0846206247807}, "silence_rate_60dB": {"dmean": 0.0827185362577, "dmean2": 0.165455564857, "dvar": 0.0758714228868, "dvar2": 0.14367172122, "max": 1, "mean": 0.439476907253, "median": 0, "min": 0, "var": 0.246333792806}, "spectral_centroid": {"dmean": 475.220489502, "dmean2": 714.802978516, "dvar": 416408.96875, "dvar2": 848936.8125, "max": 11188.6503906, "mean": 2123.79199219, "median": 2221.47338867, "min": 93.5072937012, "var": 1759302.875}, "spectral_complexity": {"dmean": 3.8524479866, "dmean2": 5.67758512497, "dvar": 49.91979599, "dvar2": 87.8349075317, "max": 64, "mean": 9.23583316803, "median": 4, "min": 0, "var": 178.960586548}, "spectral_decrease": {"dmean": 3.32950289561e-09, "dmean2": 5.12159914479e-09, "dvar": 6.12984045817e-17, "dvar2": 1.36294059839e-16, "max": 6.9447871065e-11, "mean": -5.94038329638e-09, "median": -7.38202832196e-10, "min": -6.03518017783e-08, "var": 1.23969677517e-16}, "spectral_energy": {"dmean": 0.0136890532449, "dmean2": 0.0208709686995, "dvar": 0.000914648815524, "dvar2": 0.00201288005337, "max": 0.231388092041, "mean": 0.0247048567981, "median": 0.00476395711303, "min": 1.28164068247e-09, "var": 0.00187347701285}, "spectral_energyband_high": {"dmean": 0.00166666414589, "dmean2": 0.00241217622533, "dvar": 1.46094325828e-05, "dvar2": 2.64552818408e-05, "max": 0.035963434726, "mean": 0.00246365694329, "median": 0.000292097771307, "min": 2.68053274022e-10, "var": 2.93101093121e-05}, "spectral_energyband_low": {"dmean": 0.0099056372419, "dmean2": 0.0151077127084, "dvar": 0.000670828274451, "dvar2": 0.00132172263693, "max": 0.204750061035, "mean": 0.0176294501871, "median": 0.000272857083473, "min": 1.1407407137e-11, "var": 0.00145536777563}, "spectral_energyband_middle_high": {"dmean": 0.00110980332829, "dmean2": 0.00172701373231, "dvar": 9.45715237322e-06, "dvar2": 1.85599492397e-05, "max": 0.0305346380919, "mean": 0.00175578566268, "median": 0.000387095555197, "min": 5.25595511558e-10, "var": 1.84576128959e-05}, "spectral_energyband_middle_low": {"dmean": 0.00450682453811, "dmean2": 0.00836060289294, "dvar": 0.000271545141004, "dvar2": 0.000781574868597, "max": 0.129565551877, "mean": 0.00343706575222, "median": 0.000525344337802, "min": 4.67541456939e-12, "var": 0.000157093876624}, "spectral_entropy": {"dmean": 0.248756155372, "dmean2": 0.368314653635, "dvar": 0.148281112313, "dvar2": 0.312147110701, "max": 9.80253982544, "mean": 7.88732528687, "median": 8.234582901, "min": 4.68970489502, "var": 0.709575414658}, "spectral_flux": {"dmean": 0.0370495580137, "dmean2": 0.0543178133667, "dvar": 0.0036704079248, "dvar2": 0.00693748611957, "max": 0.446538150311, "mean": 0.0700254961848, "median": 0.0320775210857, "min": 3.58000106644e-05, "var": 0.00767134875059}, "spectral_kurtosis": {"dmean": 1.71087026596, "dmean2": 2.8792757988, "dvar": 49.4871711731, "dvar2": 150.308517456, "max": 184.934387207, "mean": 3.68557715416, "median": 1.80398654938, "min": -1.19515192509, "var": 144.884994507}, "spectral_rms": {"dmean": 0.00107134738937, "dmean2": 0.00150812300853, "dvar": 3.62832815881e-06, "dvar2": 6.58874978399e-06, "max": 0.0150247961283, "mean": 0.00343537330627, "median": 0.00215586717241, "min": 1.11820440907e-06, "var": 1.23003674162e-05}, "spectral_rolloff": {"dmean": 1354.29638672, "dmean2": 2312.42749023, "dvar": 5839315, "dvar2": 13226201, "max": 15525.4394531, "mean": 3895.02001953, "median": 2648.58398438, "min": 64.599609375, "var": 17635632}, "spectral_skewness": {"dmean": 0.259657949209, "dmean2": 0.398432463408, "dvar": 0.200415343046, "dvar2": 0.503378450871, "max": 10.8893375397, "mean": 1.2973177433, "median": 1.13710379601, "min": -0.0305587220937, "var": 0.826214969158}, "spectral_spread": {"dmean": 906613.6875, "dmean2": 1350671.75, "dvar": 1774707146750.0, "dvar2": 4065045250050.0, "max": 40153424, "mean": 6756852.5, "median": 6868559, "min": 394256.8125, "var": 5355133206530.0}, "spectral_strongpeak": {"dmean": 0.312900930643, "dmean2": 0.525606513023, "dvar": 0.514798283577, "dvar2": 1.26515269279, "max": 10.6706819534, "mean": 0.4789108634, "median": 0.207103312016, "min": 0.000171598629095, "var": 0.914213895798}, "zerocrossingrate": {"dmean": 0.026128122583, "dmean2": 0.0272865965962, "dvar": 0.00106196082197, "dvar2": 0.00114098319318, "max": 0.552734375, "mean": 0.12317687273, "median": 0.08740234375, "min": 0.001953125, "var": 0.0119191175327}, "barkbands": {"dmean": [0.000201952832867, 0.00810510758311, 0.00453222822398, 0.00159044004977, 0.00212865625508, 0.00063920521643, 0.000248432479566, 8.04907613201e-05, 8.54834579513e-05, 0.000114420086902, 0.000107656233013, 0.000142523262184, 0.000200341863092, 0.000142842225614, 0.000146871549077, 0.000104293190816, 9.22604740481e-05, 0.000127573148347, 0.000128812040202, 0.00017390420544, 0.000246036011958, 0.000321278959746, 0.00037458067527, 0.000327768502757, 0.000256374158198, 0.000180185757927, 3.12729971483e-05], "dmean2": [0.000254382932326, 0.00974822323769, 0.00767818512395, 0.0030285557732, 0.00403124000877, 0.00117618695367, 0.000454790482763, 0.000142328601214, 0.000144309175084, 0.000204535041121, 0.000178042377229, 0.000242394846282, 0.000313191092573, 0.000238373060711, 0.000233095968724, 0.000164865748957, 0.000151288186316, 0.000191089086002, 0.000210850528674, 0.000255405990174, 0.000365684652934, 0.000457375688711, 0.000549587770365, 0.00050199351972, 0.000374818220735, 0.000272618461167, 5.37214764336e-05], "dvar": [2.24090385359e-07, 0.00035979191307, 0.00025245177676, 4.14348323829e-05, 5.79732441111e-05, 5.61090064366e-06, 6.36785330244e-07, 5.79064582951e-08, 4.72902783599e-08, 7.9114130358e-08, 1.14932255713e-07, 1.55499236598e-07, 5.38281199169e-07, 1.78909061788e-07, 1.55832367454e-07, 1.06675067002e-07, 7.49920729959e-08, 8.87789823878e-08, 1.01568488731e-07, 1.59032509828e-07, 3.14539335022e-07, 5.53249776658e-07, 7.28313068521e-07, 6.60901037008e-07, 3.46425878206e-07, 2.3938437721e-07, 8.66192717552e-09], "dvar2": [3.38327936333e-07, 0.000485243130242, 0.000659381272271, 0.000121132696222, 0.000168197570019, 1.61668522196e-05, 1.82755536571e-06, 1.57131680112e-07, 1.25162856079e-07, 2.2648427489e-07, 2.72302713711e-07, 3.92772165014e-07, 1.11374345124e-06, 4.3534637939e-07, 3.389591825e-07, 2.47992318236e-07, 1.9188586009e-07, 1.90995194771e-07, 2.4306231694e-07, 3.45378680322e-07, 6.69771395678e-07, 1.10061751002e-06, 1.43714009937e-06, 1.42367366607e-06, 6.35494359358e-07, 5.0955674169e-07, 2.27325589464e-08], "max": [0.00400909455493, 0.172185823321, 0.135235518217, 0.0554960668087, 0.0617965310812, 0.0204969774932, 0.00720616197214, 0.00218988768756, 0.00197015167214, 0.00275093130767, 0.00452598137781, 0.00414622202516, 0.00876302365214, 0.00509237963706, 0.0046123941429, 0.00387341622263, 0.00326659390703, 0.00377462012693, 0.0034161596559, 0.00562975183129, 0.00519867893308, 0.00675240019336, 0.00895089190453, 0.00745594035834, 0.00564141571522, 0.00512926280499, 0.000884613196831], "mean": [0.000310989882564, 0.0133472830057, 0.00341351446696, 0.00111036677845, 0.00150387978647, 0.000456042442238, 0.000174617031007, 7.06540013198e-05, 8.91200179467e-05, 0.000121221804875, 0.000143064346048, 0.000183728625416, 0.000250307406532, 0.000163466087542, 0.000191098239156, 0.000136016766191, 0.000128346335259, 0.000179125621798, 0.00016446938389, 0.000226721807849, 0.000327093817759, 0.000426956132287, 0.000473899388453, 0.000462373485789, 0.000390749366488, 0.000223581388127, 3.60325138899e-05], "median": [6.20042044375e-07, 3.18589591188e-05, 8.2571132225e-05, 0.000101135330624, 0.000134603265906, 4.32602901128e-05, 1.93679188669e-05, 1.34448282552e-05, 2.16567987081e-05, 2.53317484749e-05, 2.89296003757e-05, 2.64018435701e-05, 3.12689699058e-05, 1.8246450054e-05, 1.84562850336e-05, 1.69695522345e-05, 2.07592493098e-05, 4.42761302111e-05, 4.06433973694e-05, 6.01394458499e-05, 4.77395478811e-05, 4.38267525169e-05, 4.97008768434e-05, 5.52001329197e-05, 3.62856007996e-05, 2.24295035878e-05, 9.84625557976e-07], "min": [1.20082302392e-13, 5.15153631558e-12, 5.09784488928e-13, 5.27333493712e-13, 2.77761667833e-12, 8.73136307179e-13, 1.77064987021e-13, 9.65533330914e-14, 1.8078496599e-13, 1.37363956472e-13, 7.7810078259e-13, 6.81395478236e-13, 1.02596772224e-12, 5.91446683296e-12, 1.07808328237e-11, 3.7199691244e-11, 4.14575838936e-11, 5.4551755474e-11, 2.96489985341e-11, 2.22629675112e-11, 5.26347299079e-11, 2.76507376024e-11, 1.717377629e-11, 1.33882479755e-11, 1.70432019192e-11, 2.18833805243e-11, 8.79975953216e-12], "var": [5.1106542287e-07, 0.000923960760701, 0.000185549608432, 2.24232462642e-05, 3.31004193868e-05, 3.24441384691e-06, 3.8532661506e-07, 4.06608506864e-08, 4.22610355599e-08, 6.99402278315e-08, 1.59465301408e-07, 2.36400779841e-07, 7.52885512156e-07, 2.19620375219e-07, 2.66106439994e-07, 1.61688319622e-07, 1.07893789902e-07, 1.51745211951e-07, 1.46022799186e-07, 2.54733038219e-07, 5.13034478899e-07, 9.76669070951e-07, 1.23515940231e-06, 1.1666569435e-06, 7.3016474289e-07, 3.73972852685e-07, 9.09786557202e-09]}, "erbbands": {"dmean": [0.289452821016, 1.66650009155, 4.60598993301, 5.23792648315, 6.0949883461, 7.11269712448, 6.82082796097, 5.27235841751, 3.58281803131, 3.02903199196, 1.6329048872, 2.06424975395, 2.54833292961, 4.00400304794, 5.11349344254, 5.81788635254, 9.19685077667, 7.21698760986, 8.82658100128, 5.49497509003, 6.13505363464, 5.1498837471, 7.17585420609, 6.69939756393, 5.97335720062, 7.73889017105, 9.86724853516, 10.8050413132, 10.8728675842, 10.9768695831, 9.97690486908, 7.77501106262, 5.17707777023, 3.06573939323, 1.7520365715, 0.907550513744, 0.31343048811, 0.0620399042964, 0.00514915911481, 0.00018313912733], "dmean2": [0.333996146917, 2.23006606102, 7.46374797821, 9.45281028748, 11.525888443, 13.4486894608, 12.5964479446, 9.7678232193, 6.57028388977, 5.54465532303, 2.86862444878, 3.47880578041, 4.45599460602, 7.07485389709, 8.5480632782, 9.55335235596, 14.4260387421, 11.9908504486, 14.347278595, 8.37511825562, 10.0381832123, 8.4657793045, 10.8195457458, 10.8281507492, 9.44057273865, 11.172170639, 15.6972904205, 16.2211475372, 15.3782215118, 15.6609315872, 14.47701931, 11.7416229248, 7.84930372238, 4.52162361145, 2.61436271667, 1.35423064232, 0.476647943258, 0.103809200227, 0.00871549732983, 0.000309431401547], "dvar": [0.446751773357, 17.0542449951, 244.806121826, 398.736724854, 524.927124023, 611.52923584, 620.221191406, 366.091918945, 143.377487183, 89.9005661011, 23.8702583313, 29.2124195099, 44.8465614319, 91.7021408081, 282.91217041, 258.147064209, 1163.79138184, 519.358154297, 526.122924805, 261.051971436, 466.863586426, 207.905807495, 249.969039917, 271.914581299, 235.007263184, 258.91784668, 638.029785156, 638.793334961, 599.175109863, 713.386352539, 522.434692383, 373.130523682, 149.534423828, 50.3844718933, 17.3489456177, 6.02554798126, 0.735798954964, 0.0339424312115, 0.000225171184866, 1.99129445377e-07], "dvar2": [0.593684196472, 23.922044754, 621.720336914, 1125.4083252, 1522.56115723, 1778.54858398, 1781.73400879, 1058.12414551, 408.552154541, 255.992675781, 65.2913818359, 77.7256317139, 122.624206543, 251.476608276, 703.493286133, 577.544616699, 2399.20532227, 1168.5892334, 1205.26647949, 476.253936768, 1156.63366699, 518.509399414, 540.222351074, 612.090332031, 519.50579834, 514.036499023, 1557.77954102, 1407.31115723, 1150.84240723, 1319.20214844, 1006.15270996, 792.883605957, 313.839019775, 90.6640701294, 34.5940475464, 11.9642877579, 1.63480722904, 0.0885220915079, 0.00058051222004, 5.13807719926e-07], "max": [6.24368524551, 39.3462486267, 132.084060669, 171.843780518, 188.494873047, 187.396820068, 223.998916626, 163.861083984, 124.972770691, 68.6096954346, 44.2576560974, 51.9545707703, 67.3439941406, 82.0207443237, 216.874862671, 174.960464478, 446.688079834, 258.651275635, 295.989013672, 206.896530151, 272.89743042, 160.604858398, 210.433486938, 183.076690674, 156.149078369, 223.067245483, 308.917358398, 195.69694519, 205.103317261, 276.799346924, 235.440002441, 178.931137085, 117.890327454, 73.486907959, 42.678855896, 26.8578033447, 8.94590854645, 1.92264187336, 0.14481754601, 0.00405810493976], "mean": [0.464998751879, 2.71325922012, 4.06800889969, 3.7982711792, 4.40208101273, 4.98084831238, 4.68028783798, 3.77118849754, 2.62184238434, 2.19148802757, 1.50105452538, 2.16686415672, 2.93079590797, 4.72666025162, 6.80330133438, 8.03008842468, 11.5863952637, 8.69311714172, 10.2844991684, 8.02959918976, 7.85602521896, 7.52308750153, 10.3920555115, 8.67532634735, 8.38018417358, 10.4488563538, 12.5405426025, 13.7151908875, 14.8097839355, 14.7116355896, 13.031504631, 10.4676618576, 7.34413337708, 4.73234987259, 2.55646181107, 1.17542815208, 0.377900183201, 0.0710174813867, 0.0060523240827, 0.000238097258261], "median": [0.000500721973367, 0.00976216699928, 0.127694323659, 0.338647693396, 0.478087961674, 0.350226283073, 0.353505671024, 0.414106041193, 0.315399557352, 0.281964480877, 0.333538711071, 0.524320065975, 0.661441802979, 1.04874801636, 1.17415833473, 1.13274562359, 1.42152345181, 1.01707589626, 1.05850172043, 0.995836138725, 0.980365812778, 1.43744003773, 2.64295721054, 2.16961431503, 1.97453606129, 2.66471195221, 1.89993143082, 1.94164454937, 1.61492013931, 1.55572497845, 1.42918562889, 1.21744525433, 0.860074460506, 0.459613204002, 0.231792956591, 0.116092696786, 0.0311198793352, 0.0039089936763, 0.000213523919228, 2.84196521534e-05], "min": [5.38233208003e-11, 9.85519887919e-10, 9.24340493036e-10, 1.09194675524e-09, 4.13286738166e-09, 1.06384190346e-08, 1.37204798634e-08, 4.00975608272e-09, 1.57493418307e-09, 3.29497518159e-09, 2.95781910076e-09, 4.25090806999e-09, 3.38328209892e-09, 1.43877274539e-08, 3.80198628136e-08, 2.37847288531e-08, 4.3148563833e-08, 1.70455166426e-07, 3.87211230191e-07, 8.4065328565e-07, 4.07652169088e-06, 2.64965387942e-06, 3.53797304342e-06, 2.05907986128e-06, 1.39573319302e-06, 1.57936256073e-06, 1.38391533255e-06, 1.46138813761e-06, 1.25293468045e-06, 7.00750092619e-07, 4.75936047906e-07, 3.5550081634e-07, 2.3216784939e-07, 2.23506731345e-07, 1.35630756404e-07, 1.01225360538e-07, 5.56452839362e-08, 1.70530061183e-08, 5.36186162137e-09, 4.47369169487e-10], "var": [1.14296245575, 40.1574897766, 205.277587891, 241.319656372, 292.027496338, 357.625396729, 363.081420898, 208.998916626, 86.5770874023, 55.9353065491, 16.8684921265, 25.5328235626, 40.0534553528, 105.525726318, 384.403106689, 457.251220703, 1625.70263672, 682.804077148, 748.736816406, 528.812194824, 576.563659668, 328.946807861, 451.73336792, 405.818725586, 394.806793213, 479.053100586, 851.589172363, 928.487243652, 1112.26098633, 1267.90026855, 923.137023926, 626.344055176, 278.857727051, 112.940414429, 31.9373817444, 9.81946563721, 1.11511421204, 0.0376021228731, 0.000249297125265, 2.53878027934e-07]}, "gfcc": {"mean": [-98.9773025513, 28.4378643036, -91.3492965698, 42.2151756287, -56.8366699219, 23.3329982758, -36.8596115112, 4.24451446533, -32.0278739929, -3.10900712013, -19.3794384003, 0.231864660978, -12.1894483566], "cov": [[22839.4550781, -3951.78979492, 132.101119995, 348.667022705, 593.837158203, 944.183654785, 205.182449341, 621.822814941, 50.5351257324, 996.156921387, 218.109024048, 775.192260742, -327.129058838], [-3951.78979492, 3866.9309082, 791.249328613, 203.827133179, 402.747070312, 207.54800415, 173.555206299, 97.649055481, 285.094940186, -148.296920776, 202.298934937, -176.605712891, 233.199508667], [132.101119995, 791.249328613, 2544.31616211, 703.630981445, 719.61706543, 782.191101074, 264.060516357, 411.995483398, 160.033081055, 83.2578353882, -66.6535873413, -113.620117188, -13.0220956802], [348.667022705, 203.827133179, 703.630981445, 1061.54553223, 220.121994019, 388.800292969, 185.927780151, 238.479263306, 176.982192993, 147.993972778, 151.211105347, 48.9810714722, 29.2754249573], [593.837158203, 402.747070312, 719.61706543, 220.121994019, 538.026733398, 377.180969238, 214.994430542, 214.316009521, 110.78704071, 113.345756531, 11.2545948029, 22.0728473663, -10.3916692734], [944.183654785, 207.54800415, 782.191101074, 388.800292969, 377.180969238, 587.351135254, 157.98815918, 289.083709717, 96.8787994385, 117.393768311, -23.8235969543, -11.9350509644, -1.05300962925], [205.182449341, 173.555206299, 264.060516357, 185.927780151, 214.994430542, 157.98815918, 263.230499268, 133.088348389, 133.205215454, 96.7488174438, 55.1741867065, 50.9056816101, 4.89681434631], [621.822814941, 97.649055481, 411.995483398, 238.479263306, 214.316009521, 289.083709717, 133.088348389, 265.646514893, 99.3296585083, 106.838897705, 23.1361484528, 27.3619422913, 6.23663806915], [50.5351257324, 285.094940186, 160.033081055, 176.982192993, 110.78704071, 96.8787994385, 133.205215454, 99.3296585083, 163.725296021, 71.9573516846, 103.147720337, 44.8379173279, 43.1213760376], [996.156921387, -148.296920776, 83.2578353882, 147.993972778, 113.345756531, 117.393768311, 96.7488174438, 106.838897705, 71.9573516846, 159.570770264, 72.5645523071, 81.6675415039, -4.04748058319], [218.109024048, 202.298934937, -66.6535873413, 151.211105347, 11.2545948029, -23.8235969543, 55.1741867065, 23.1361484528, 103.147720337, 72.5645523071, 197.582901001, 90.4503250122, 50.3691864014], [775.192260742, -176.605712891, -113.620117188, 48.9810714722, 22.0728473663, -11.9350509644, 50.9056816101, 27.3619422913, 44.8379173279, 81.6675415039, 90.4503250122, 115.931739807, 8.28743267059], [-327.129058838, 233.199508667, -13.0220956802, 29.2754249573, -10.3916692734, -1.05300962925, 4.89681434631, 6.23663806915, 43.1213760376, -4.04748058319, 50.3691864014, 8.28743267059, 72.4073028564]], "icov": [[8.86642446858e-05, 4.42128948634e-05, -4.56208545074e-06, 6.11749783275e-05, 8.51456661621e-07, -0.000199691494345, 0.000166956189787, 2.04549778573e-05, -7.97767825134e-06, -0.000282884197077, -1.42161979966e-05, -0.000460415874841, 0.000268316915026], [4.42128948634e-05, 0.000590150943026, -8.3625809566e-06, 0.000120414762932, -0.000585011206567, -4.0638838982e-05, -1.21716648209e-05, 9.50526373344e-06, -0.000443187833298, 0.000607620924711, -0.00105833669659, 0.00129156303592, -0.000949370849412], [-4.56208545074e-06, -8.3625809566e-06, 0.000913235999178, -0.000332589668687, -0.000831243873108, -0.000379655422876, 0.000118196818221, -0.000301984866383, -0.000165223231306, 0.000459882634459, 4.45842815679e-05, 0.000883422268089, 0.000190209291759], [6.11749783275e-05, 0.000120414762932, -0.000332589668687, 0.00178370589856, 0.000680473283865, -0.0011478724191, -0.000309129012749, -4.12409535784e-05, -0.000298990140436, -0.00039081016439, -0.00172368169297, 0.000290064286673, 0.000535067578312], [8.51456661621e-07, -0.000585011206567, -0.000831243873108, 0.000680473283865, 0.00576211651787, -0.00217748200521, -0.00229875231162, 0.000213528808672, 0.000577938510105, -0.00131358590443, 0.000547699281015, -0.00221912469715, 0.00185109220911], [-0.000199691494345, -4.0638838982e-05, -0.000379655422876, -0.0011478724191, -0.00217748200521, 0.00668054632843, 0.00036479550181, -0.00371211161837, 0.000351792172296, -0.000934312003665, 0.00187129504047, 0.0024193492718, -0.00213614921086], [0.000166956189787, -1.21716648209e-05, 0.000118196818221, -0.000309129012749, -0.00229875231162, 0.00036479550181, 0.00969393365085, -0.000548679672647, -0.00679652951658, -0.00140503630973, 0.00238386495039, -0.00297183496878, 0.00265769963153], [2.04549778573e-05, 9.50526373344e-06, -0.000301984866383, -4.12409535784e-05, 0.000213528808672, -0.00371211161837, -0.000548679672647, 0.0106313750148, -0.00292989285663, -0.00297293253243, 0.0014827507548, -0.00100592477247, -0.000215418185689], [-7.97767825134e-06, -0.000443187833298, -0.000165223231306, -0.000298990140436, 0.000577938510105, 0.000351792172296, -0.00679652951658, -0.00292989285663, 0.0196410547942, -0.00165078078862, -0.0061610955745, 0.00170520727988, -0.00541602866724], [-0.000282884197077, 0.000607620924711, 0.000459882634459, -0.00039081016439, -0.00131358590443, -0.000934312003665, -0.00140503630973, -0.00297293253243, -0.00165078078862, 0.0177994798869, -0.00317802187055, -0.00464935181662, 0.00187567959074], [-1.42161979966e-05, -0.00105833669659, 4.45842815679e-05, -0.00172368169297, 0.000547699281015, 0.00187129504047, 0.00238386495039, 0.0014827507548, -0.0061610955745, -0.00317802187055, 0.0167165156454, -0.0102528035641, -0.00309747061692], [-0.000460415874841, 0.00129156303592, 0.000883422268089, 0.000290064286673, -0.00221912469715, 0.0024193492718, -0.00297183496878, -0.00100592477247, 0.00170520727988, -0.00464935181662, -0.0102528035641, 0.0274931117892, -0.00348380231299], [0.000268316915026, -0.000949370849412, 0.000190209291759, 0.000535067578312, 0.00185109220911, -0.00213614921086, 0.00265769963153, -0.000215418185689, -0.00541602866724, 0.00187567959074, -0.00309747061692, -0.00348380231299, 0.0238556414843]]}, "melbands": {"dmean": [0.00246217218228, 0.00200864183716, 0.000944063591305, 0.000477553374367, 0.000259765336523, 0.000113979869639, 5.46766277694e-05, 2.98626437143e-05, 1.179202809e-05, 1.35940863402e-05, 1.28523442982e-05, 1.62705728144e-05, 1.52716784214e-05, 1.60563031386e-05, 2.02898136195e-05, 1.8397329768e-05, 1.33388666654e-05, 1.47324099089e-05, 8.85176268639e-06, 6.57420832795e-06, 8.21767753223e-06, 5.58718420507e-06, 5.51466609977e-06, 6.67826543577e-06, 5.77646778765e-06, 4.02438809033e-06, 5.12388123752e-06, 5.36674770046e-06, 6.28619045528e-06, 6.29089799986e-06, 6.69486053084e-06, 6.11068389844e-06, 6.46121634418e-06, 6.49976209388e-06, 5.79442485105e-06, 5.82981056141e-06, 4.43074850409e-06, 3.96976474804e-06, 3.07809523292e-06, 2.49133199759e-06], "dmean2": [0.00289562507533, 0.00310774124227, 0.00169094162993, 0.000904003798496, 0.000482860661577, 0.000210309255635, 0.00010027387907, 5.42177695024e-05, 2.05933156394e-05, 2.31739359151e-05, 2.25230469368e-05, 2.88593237201e-05, 2.54333808698e-05, 2.68157928076e-05, 3.18929633067e-05, 2.94813144137e-05, 2.24810501095e-05, 2.41932884819e-05, 1.41453265314e-05, 9.929855878e-06, 1.37568249556e-05, 9.31966042117e-06, 8.8094648163e-06, 1.03184638647e-05, 9.55798623181e-06, 6.20605942458e-06, 8.101160347e-06, 7.79924812377e-06, 1.0363904039e-05, 9.27304063225e-06, 1.04386008388e-05, 8.94842924026e-06, 9.35027219384e-06, 9.69162465481e-06, 8.41153632791e-06, 8.90370665729e-06, 6.85755367158e-06, 6.04870274401e-06, 4.75849583381e-06, 3.61911884283e-06], "dvar": [3.24982356688e-05, 3.89229026041e-05, 1.22665487652e-05, 2.94974711323e-06, 8.81289224708e-07, 1.71867881704e-07, 3.27455040861e-08, 8.55507931163e-09, 1.13152753833e-09, 1.28350730044e-09, 1.14454146161e-09, 1.51405543658e-09, 2.37842878725e-09, 2.17273865566e-09, 4.47672698911e-09, 4.37387503993e-09, 1.71517278158e-09, 1.48012568868e-09, 5.96389659879e-10, 4.09404121715e-10, 9.62641411029e-10, 2.98128965959e-10, 1.22081803e-10, 3.07548986278e-10, 2.10020223435e-10, 9.3116188371e-11, 1.44576378647e-10, 1.32757027593e-10, 2.63719573956e-10, 2.32565758318e-10, 2.72524863787e-10, 1.89885621116e-10, 2.68288669059e-10, 2.55822252271e-10, 1.79027084823e-10, 1.92027005408e-10, 1.37697256375e-10, 9.0366956973e-11, 4.99702293433e-11, 3.4262197246e-11], "dvar2": [4.31905500591e-05, 9.26493303268e-05, 3.4396234696e-05, 8.56886981637e-06, 2.53989855992e-06, 4.96008908613e-07, 9.34883317427e-08, 2.42131683592e-08, 3.07267500332e-09, 3.44903905436e-09, 3.14753623165e-09, 4.21692103458e-09, 5.77235237387e-09, 5.28787058585e-09, 9.63671631382e-09, 9.35983290873e-09, 3.98034405436e-09, 3.48992057475e-09, 1.14329823386e-09, 8.26751611616e-10, 2.45184672565e-09, 7.57174711818e-10, 2.7867219643e-10, 7.07338687622e-10, 5.01605035286e-10, 1.8959545045e-10, 3.24138993424e-10, 2.7199750785e-10, 6.81385559087e-10, 5.00410990423e-10, 6.56106002861e-10, 3.75168035527e-10, 5.41119149489e-10, 5.11400255476e-10, 3.51910917074e-10, 3.91894794394e-10, 3.20399345943e-10, 1.9736433321e-10, 1.03681251085e-10, 6.13784856274e-11], "max": [0.0527872629464, 0.0548173896968, 0.0294988732785, 0.0140602095053, 0.00818157661706, 0.00358062144369, 0.00180076854303, 0.00069336197339, 0.000297819817206, 0.000344524713, 0.000344503467204, 0.000351500319084, 0.000639938167296, 0.000563134730328, 0.000795320840552, 0.00079439941328, 0.000505425967276, 0.000503984687384, 0.000309955037665, 0.000269161188044, 0.000380782497814, 0.000200865688385, 0.000122237805044, 0.000239628468989, 0.000163750344655, 0.000102098492789, 0.000130206055474, 0.000163725620951, 0.000204757292522, 0.000156347654411, 0.00013542783563, 0.000114651731565, 0.000171914361999, 0.000165334393387, 0.000141898010042, 0.000121135555673, 0.000111027198727, 9.16098288144e-05, 6.61138037685e-05, 6.83242469677e-05], "mean": [0.00397514039651, 0.00260706804693, 0.000706868595444, 0.000337750127073, 0.000181927462108, 8.21055655251e-05, 3.95934075641e-05, 2.21333248192e-05, 1.13389305625e-05, 1.39406793096e-05, 1.45567710206e-05, 1.85692533705e-05, 2.06970962608e-05, 2.09928875847e-05, 2.57951032836e-05, 2.2377971618e-05, 1.52192569658e-05, 1.63800141308e-05, 1.33054072649e-05, 8.62890556164e-06, 9.54134520725e-06, 7.77019431553e-06, 8.22239326226e-06, 8.88809245225e-06, 6.92504818289e-06, 5.60569424124e-06, 6.85399254508e-06, 6.88031832397e-06, 7.60676130085e-06, 7.99232293502e-06, 7.93949311628e-06, 8.07787819213e-06, 8.71451720741e-06, 8.06309981272e-06, 7.40794394005e-06, 7.41322173781e-06, 5.94838820689e-06, 5.30407351107e-06, 4.51383766631e-06, 3.80233927899e-06], "median": [6.60464365865e-06, 4.93108746014e-05, 7.01388562447e-05, 3.38000390911e-05, 1.29578529595e-05, 9.19634203456e-06, 4.5592692004e-06, 2.9741547678e-06, 2.76210585071e-06, 3.29735871674e-06, 3.23942344949e-06, 4.06385970564e-06, 3.79018752028e-06, 3.21455240737e-06, 2.6167881515e-06, 3.06578704112e-06, 1.69330303379e-06, 1.6545636754e-06, 1.30249406993e-06, 1.23703114241e-06, 1.04992136585e-06, 1.29210229716e-06, 2.01396392185e-06, 2.1263722374e-06, 1.51067615661e-06, 9.41502264595e-07, 1.66023630754e-06, 1.72086413386e-06, 1.15697457659e-06, 1.11378653855e-06, 1.01115654161e-06, 8.96773826753e-07, 8.66250843501e-07, 8.50644596539e-07, 8.01861972377e-07, 7.60922546306e-07, 7.32060470909e-07, 6.19370382537e-07, 4.86971828195e-07, 3.48331525402e-07], "min": [9.50608949196e-13, 7.6271947742e-13, 2.6265567412e-13, 5.25308854575e-13, 5.04240475329e-13, 1.03045996486e-13, 2.71750090692e-14, 3.31720260527e-14, 2.91787061635e-14, 2.34254449334e-14, 1.4950309396e-14, 4.92978223618e-14, 1.09402165604e-13, 9.66417158972e-14, 6.20218665922e-14, 1.10442918374e-13, 3.63996349338e-13, 5.98922495799e-13, 9.39613296023e-13, 1.15405222271e-12, 4.56636594856e-12, 1.85218854143e-12, 4.21398940048e-12, 1.86718435852e-12, 1.04054720569e-12, 1.27087359733e-12, 3.09390208765e-13, 6.78697332709e-13, 5.78937126103e-13, 7.19810712771e-13, 5.31281615923e-13, 2.14637742258e-13, 4.80613162115e-13, 2.98224552692e-13, 2.39483698714e-13, 1.44657276067e-13, 1.63912503362e-13, 1.38466508767e-13, 1.38744593071e-13, 1.45810812968e-13], "var": [8.27834883239e-05, 4.81580500491e-05, 7.56305462346e-06, 1.67137557128e-06, 5.17858495641e-07, 9.87910055983e-08, 1.97864427065e-08, 5.41697042777e-09, 8.38920211077e-10, 1.09240805291e-09, 1.0028931019e-09, 1.63122049202e-09, 3.43990769203e-09, 3.13687920084e-09, 6.93034518662e-09, 5.81582026982e-09, 2.12586415138e-09, 1.93502924795e-09, 1.28388000231e-09, 6.75584921339e-10, 1.00314645479e-09, 4.10300793341e-10, 2.40106046157e-10, 4.45332659638e-10, 2.75730493993e-10, 1.72371686369e-10, 2.4597276993e-10, 2.18116080752e-10, 3.18355980466e-10, 3.54080542664e-10, 3.31382726815e-10, 3.27076254969e-10, 4.68702854306e-10, 3.94693666639e-10, 3.04159669673e-10, 3.16126153033e-10, 2.11175271714e-10, 1.55674972913e-10, 1.03383822336e-10, 7.53488868521e-11]}, "mfcc": {"mean": [-745.672180176, 61.1958198547, 21.6683044434, 22.0540447235, 7.96640729904, 14.0162220001, 7.30414056778, 6.69680213928, -2.56299567223, -3.18459129333, -5.6782207489, -4.37773513794, -6.95895671844], "cov": [[20591.2519531, -2316.99780273, -925.910583496, -311.748962402, 122.703819275, 370.502990723, 213.742935181, 91.7719192505, -28.8760490417, 163.73664856, 435.718658447, 573.072753906, 526.104309082], [-2316.99780273, 2462.69995117, 707.384887695, 112.165237427, 481.438171387, 178.515991211, 210.273132324, 175.787261963, 187.51335144, 152.469192505, 47.0321121216, 51.2330589294, 14.7983789444], [-925.910583496, 707.384887695, 1673.00317383, 481.889282227, 666.957458496, 376.517578125, 355.990264893, 300.916259766, 315.765167236, 293.26965332, 181.998092651, 85.6374740601, 73.1221389771], [-311.748962402, 112.165237427, 481.889282227, 615.283508301, 238.053985596, 219.97644043, 143.427062988, 151.082366943, 73.8344345093, 125.716758728, 144.157531738, 103.122276306, 58.1160049438], [122.703819275, 481.438171387, 666.957458496, 238.053985596, 558.218017578, 292.27520752, 265.638580322, 202.343215942, 207.059265137, 185.627243042, 123.099822998, 87.6649093628, 77.6450042725], [370.502990723, 178.515991211, 376.517578125, 219.97644043, 292.27520752, 309.857391357, 202.208145142, 154.540206909, 149.767486572, 144.234466553, 112.950401306, 83.4900970459, 78.9226226807], [213.742935181, 210.273132324, 355.990264893, 143.427062988, 265.638580322, 202.208145142, 223.66003418, 153.406585693, 157.714736938, 131.185531616, 107.455360413, 82.0864715576, 66.2332992554], [91.7719192505, 175.787261963, 300.916259766, 151.082366943, 202.343215942, 154.540206909, 153.406585693, 180.621582031, 140.846572876, 120.558265686, 100.931213379, 73.4054718018, 55.783908844], [-28.8760490417, 187.51335144, 315.765167236, 73.8344345093, 207.059265137, 149.767486572, 157.714736938, 140.846572876, 204.999176025, 143.932647705, 78.7939758301, 37.7056732178, 51.5771102905], [163.73664856, 152.469192505, 293.26965332, 125.716758728, 185.627243042, 144.234466553, 131.185531616, 120.558265686, 143.932647705, 161.803421021, 100.102371216, 56.1393966675, 60.7527656555], [435.718658447, 47.0321121216, 181.998092651, 144.157531738, 123.099822998, 112.950401306, 107.455360413, 100.931213379, 78.7939758301, 100.102371216, 131.604034424, 91.7997436523, 66.8566589355], [573.072753906, 51.2330589294, 85.6374740601, 103.122276306, 87.6649093628, 83.4900970459, 82.0864715576, 73.4054718018, 37.7056732178, 56.1393966675, 91.7997436523, 114.431365967, 73.5166168213], [526.104309082, 14.7983789444, 73.1221389771, 58.1160049438, 77.6450042725, 78.9226226807, 66.2332992554, 55.783908844, 51.5771102905, 60.7527656555, 66.8566589355, 73.5166168213, 91.7228546143]], "icov": [[8.00656489446e-05, 8.31929137348e-05, 3.93507471017e-05, 0.000147474740515, -0.000112991292553, -0.000115271548566, 5.95263081777e-05, 5.32353114977e-05, 0.00013883972133, -8.44757232699e-05, -0.000108885928057, -0.000316224613925, -0.00016729652998], [8.31929137348e-05, 0.000613199488726, -5.77117425564e-05, 0.000244225782808, -0.000546287104953, 6.20734426775e-05, 8.83221146069e-05, -0.000101871242805, 0.000142326622154, -0.000389060616726, 0.000496360997204, -0.000928562192712, 0.000282480003079], [3.93507471017e-05, -5.77117425564e-05, 0.00144875666592, -0.00057143723825, -0.00114234909415, 0.000293417804642, -0.000383837439585, -0.000115585324238, -0.000299028353766, -0.000675220158882, -0.000179758513696, 0.000681692268699, 0.000252748111961], [0.000147474740515, 0.000244225782808, -0.00057143723825, 0.0033713306766, -0.000195307802642, -0.0018463099841, 0.00113803509157, -0.00129176618066, 0.00238046934828, -0.000801642949227, -0.00199971743859, -0.00125562865287, 0.000808388984296], [-0.000112991292553, -0.000546287104953, -0.00114234909415, -0.000195307802642, 0.00634828070179, -0.00183670979459, -0.00343178375624, -0.00055095308926, 0.000209404854104, -0.00081315258285, 0.00161404593382, 0.000301157357171, -0.000206707161851], [-0.000115271548566, 6.20734426775e-05, 0.000293417804642, -0.0018463099841, -0.00183670979459, 0.0105290571228, -0.0057012042962, -0.000576722552069, 0.000273365265457, -0.00176707701758, 0.000970088352915, 0.00187561428174, -0.00264391279779], [5.95263081777e-05, 8.83221146069e-05, -0.000383837439585, 0.00113803509157, -0.00343178375624, -0.0057012042962, 0.0223300755024, -0.00312826083973, -0.00750742387027, 0.00283038197085, -0.0032985471189, -0.00619640713558, 0.00253544514999], [5.32353114977e-05, -0.000101871242805, -0.000115585324238, -0.00129176618066, -0.00055095308926, -0.000576722552069, -0.00312826083973, 0.0201506670564, -0.00822874065489, 8.7178144895e-05, -0.00335912080482, -0.00525841629133, 0.00282056839205], [0.00013883972133, 0.000142326622154, -0.000299028353766, 0.00238046934828, 0.000209404854104, 0.000273365265457, -0.00750742387027, -0.00822874065489, 0.023290026933, -0.013008562848, 0.00242221727967, 0.00682369852439, -0.00379089801572], [-8.44757232699e-05, -0.000389060616726, -0.000675220158882, -0.000801642949227, -0.00081315258285, -0.00176707701758, 0.00283038197085, 8.7178144895e-05, -0.013008562848, 0.0279347002506, -0.0128187434748, 0.00537093402818, -0.00444346666336], [-0.000108885928057, 0.000496360997204, -0.000179758513696, -0.00199971743859, 0.00161404593382, 0.000970088352915, -0.0032985471189, -0.00335912080482, 0.00242221727967, -0.0128187434748, 0.0322712622583, -0.0159027744085, 0.000530799035914], [-0.000316224613925, -0.000928562192712, 0.000681692268699, -0.00125562865287, 0.000301157357171, 0.00187561428174, -0.00619640713558, -0.00525841629133, 0.00682369852439, 0.00537093402818, -0.0159027744085, 0.0362923368812, -0.0168721731752], [-0.00016729652998, 0.000282480003079, 0.000252748111961, 0.000808388984296, -0.000206707161851, -0.00264391279779, 0.00253544514999, 0.00282056839205, -0.00379089801572, -0.00444346666336, 0.000530799035914, -0.0168721731752, 0.0282174870372]]}, "spectral_contrast_coeffs": {"dmean": [0.0516540296376, 0.0421550795436, 0.031520485878, 0.0263122040778, 0.0241714902222, 0.0223294682801], "dmean2": [0.0843914151192, 0.0690079107881, 0.0523722805083, 0.0425758734345, 0.0363586060703, 0.0323038510978], "dvar": [0.00278948480263, 0.00147620495409, 0.000723166856915, 0.000559530453756, 0.000542161811609, 0.000619336613454], "dvar2": [0.00709664588794, 0.00391982542351, 0.00181419670116, 0.00135260133538, 0.00110306357965, 0.00112540868577], "max": [-0.338964611292, -0.455611467361, -0.548848092556, -0.667686522007, -0.623372554779, -0.488704264164], "mean": [-0.653414607048, -0.811825335026, -0.848741352558, -0.845002830029, -0.827947080135, -0.800789773464], "median": [-0.663071274757, -0.827758193016, -0.856492638588, -0.854453682899, -0.834749877453, -0.808308124542], "min": [-0.960204184055, -0.973413705826, -0.971904635429, -0.96707624197, -0.954613208771, -0.958216845989], "var": [0.00812357850373, 0.00621072435752, 0.00287312781438, 0.00252783438191, 0.00306674372405, 0.0032408204861]}, "spectral_contrast_valleys": {"dmean": [0.585684299469, 0.569262325764, 0.515251159668, 0.519084751606, 0.510366499424, 0.571648359299], "dmean2": [0.829770445824, 0.859726369381, 0.788223266602, 0.761880934238, 0.713976621628, 0.736177444458], "dvar": [0.595161437988, 0.596326291561, 0.538126051426, 0.585210323334, 0.601750969887, 0.73914116621], "dvar2": [0.876784145832, 1.13306117058, 1.07848501205, 1.16435885429, 1.13456428051, 1.35430908203], "max": [-5.00884580612, -5.21719932556, -5.54301595688, -5.49309110641, -5.42121887207, -7.12651109695], "me