{"lowlevel": {"average_loudness": 0.283896297216, "barkbands_crest": {"dmean": 1.6554363966, "dmean2": 2.39549994469, "dvar": 3.56500411034, "dvar2": 8.43821430206, "max": 26.5722484589, "mean": 16.3471012115, "median": 16.7108879089, "min": 4.97727823257, "var": 28.986284256}, "barkbands_flatness_db": {"dmean": 0.0145079148933, "dmean2": 0.0212935879827, "dvar": 0.000233516824665, "dvar2": 0.000528775679413, "max": 0.528983831406, "mean": 0.368616849184, "median": 0.369925558567, "min": 0.076907351613, "var": 0.00353501806967}, "barkbands_kurtosis": {"dmean": 3.24998855591, "dmean2": 5.01626348495, "dvar": 76.976776123, "dvar2": 210.825393677, "max": 315.278015137, "mean": 8.27164363861, "median": 3.50662255287, "min": -1.93115735054, "var": 250.515151978}, "barkbands_skewness": {"dmean": 0.454969286919, "dmean2": 0.687734782696, "dvar": 0.267713069916, "dvar2": 0.661068499088, "max": 9.16096305847, "mean": -0.246626630425, "median": -0.280142724514, "min": -10.9038906097, "var": 3.55163192749}, "barkbands_spread": {"dmean": 1.30889821053, "dmean2": 1.89508605003, "dvar": 8.13286876678, "dvar2": 19.6425971985, "max": 147.975784302, "mean": 6.23385095596, "median": 4.46584606171, "min": 0.131733730435, "var": 95.2975692749}, "dissonance": {"dmean": 0.0514222569764, "dmean2": 0.0898176506162, "dvar": 0.00242760847323, "dvar2": 0.00687131937593, "max": 0.5, "mean": 0.320622205734, "median": 0.319654166698, "min": 0.0660078525543, "var": 0.00780055718496}, "dynamic_complexity": 7.33956098557, "erbbands_crest": {"dmean": 1.74235963821, "dmean2": 2.55194020271, "dvar": 4.85885810852, "dvar2": 11.3920221329, "max": 34.3190460205, "mean": 21.5968055725, "median": 21.445936203, "min": 3.3336725235, "var": 63.4832115173}, "erbbands_flatness_db": {"dmean": 0.013534815982, "dmean2": 0.0200817417353, "dvar": 0.000238126129261, "dvar2": 0.000567037903238, "max": 0.562413573265, "mean": 0.39618074894, "median": 0.408542901278, "min": 0.0339845083654, "var": 0.00636532716453}, "erbbands_kurtosis": {"dmean": 2.69764018059, "dmean2": 3.73893809319, "dvar": 15.4318332672, "dvar2": 29.801361084, "max": 82.4639129639, "mean": 9.44895935059, "median": 5.24063062668, "min": -1.72490239143, "var": 138.28968811}, "erbbands_skewness": {"dmean": 0.371583878994, "dmean2": 0.528835117817, "dvar": 0.17256718874, "dvar2": 0.361172169447, "max": 5.42886543274, "mean": 0.533561050892, "median": 0.694909095764, "min": -7.17813825607, "var": 2.18873143196}, "erbbands_spread": {"dmean": 1.38582444191, "dmean2": 2.05949091911, "dvar": 8.19192409515, "dvar2": 23.3815040588, "max": 151.946502686, "mean": 7.58912229538, "median": 4.90091276169, "min": 0.252027511597, "var": 143.410629272}, "hfc": {"dmean": 2.85612988472, "dmean2": 2.83025431633, "dvar": 28.5958595276, "dvar2": 36.1759872437, "max": 97.1669006348, "mean": 13.0768051147, "median": 6.53115081787, "min": 1.14859719056e-16, "var": 281.613616943}, "melbands_crest": {"dmean": 1.80616462231, "dmean2": 2.70289587975, "dvar": 3.83371329308, "dvar2": 9.15500354767, "max": 33.8159217834, "mean": 18.2447624207, "median": 17.9138641357, "min": 1.8815176487, "var": 36.7017593384}, "melbands_flatness_db": {"dmean": 0.0141903916374, "dmean2": 0.0212623625994, "dvar": 0.000240514083998, "dvar2": 0.00055779167451, "max": 0.67752969265, "mean": 0.489355146885, "median": 0.485907554626, "min": 0.00623620394617, "var": 0.00620983913541}, "melbands_kurtosis": {"dmean": 2.30553102493, "dmean2": 3.67557501793, "dvar": 27.3512859344, "dvar2": 85.6837615967, "max": 163.721420288, "mean": 5.98274850845, "median": 2.67612552643, "min": -1.86079657078, "var": 125.822761536}, "melbands_skewness": {"dmean": 0.387491047382, "dmean2": 0.583837091923, "dvar": 0.201675131917, "dvar2": 0.547575414181, "max": 11.0861930847, "mean": 0.113067917526, "median": 0.0607190430164, "min": -5.60343122482, "var": 2.92226815224}, "melbands_spread": {"dmean": 1.61830210686, "dmean2": 2.20832681656, "dvar": 10.9248008728, "dvar2": 17.9627914429, "max": 241.599319458, "mean": 9.3572883606, "median": 6.45928287506, "min": 0.451323479414, "var": 139.658187866}, "pitch_salience": {"dmean": 0.0461666621268, "dmean2": 0.0709528625011, "dvar": 0.00259157898836, "dvar2": 0.00626577762887, "max": 0.851775944233, "mean": 0.407603025436, "median": 0.39410623908, "min": 0.0718529745936, "var": 0.02265750058}, "silence_rate_20dB": {"dmean": 0, "dmean2": 0, "dvar": 0, "dvar2": 0, "max": 1, "mean": 1, "median": 1, "min": 1, "var": 0}, "silence_rate_30dB": {"dmean": 0.00182940775994, "dmean2": 0.00365965231322, "dvar": 0.00182605453301, "dvar2": 0.00410368479788, "max": 1, "mean": 0.996570646763, "median": 1, "min": 0, "var": 0.00341742881574}, "silence_rate_60dB": {"dmean": 0.0224102456123, "dmean2": 0.0448307394981, "dvar": 0.0219090823084, "dvar2": 0.044195804745, "max": 1, "mean": 0.226108819246, "median": 0, "min": 0, "var": 0.174983561039}, "spectral_centroid": {"dmean": 33.6092185974, "dmean2": 47.0510215759, "dvar": 16263.5556641, "dvar2": 22817.7539062, "max": 11295.1523438, "mean": 665.748168945, "median": 626.038330078, "min": 180.18927002, "var": 219522.0625}, "spectral_complexity": {"dmean": 0.732220470905, "dmean2": 1.27538883686, "dvar": 1.11764383316, "dvar2": 2.47088527679, "max": 21, "mean": 5.93941450119, "median": 6, "min": 0, "var": 9.23171138763}, "spectral_decrease": {"dmean": 8.86340834061e-10, "dmean2": 9.52818712818e-10, "dvar": 2.37470153538e-18, "dvar2": 3.70012818605e-18, "max": 7.72327267109e-15, "mean": -4.47949233262e-09, "median": -2.90380741674e-09, "min": -4.3249169579e-08, "var": 2.46232610116e-17}, "spectral_energy": {"dmean": 0.00360000529326, "dmean2": 0.00384524022229, "dvar": 3.92319452658e-05, "dvar2": 6.01252104389e-05, "max": 0.17074470222, "mean": 0.018092719838, "median": 0.0115298740566, "min": 1.0720419874e-20, "var": 0.000405151426094}, "spectral_energyband_high": {"dmean": 3.56047422656e-07, "dmean2": 5.13877068897e-07, "dvar": 2.7981258803e-12, "dvar2": 7.00759372405e-12, "max": 4.5019769459e-05, "mean": 8.07293304206e-07, "median": 1.26082113638e-07, "min": 7.94219323068e-21, "var": 4.99225790915e-12}, "spectral_energyband_low": {"dmean": 0.000344950152794, "dmean2": 0.000590206473134, "dvar": 6.06976641393e-07, "dvar2": 1.77810727564e-06, "max": 0.0205598715693, "mean": 0.00117706309538, "median": 0.0003872330999, "min": 5.63542225177e-23, "var": 3.17308581543e-06}, "spectral_energyband_middle_high": {"dmean": 0.00200178218074, "dmean2": 0.00188248197082, "dvar": 1.95850407181e-05, "dvar2": 1.99969435926e-05, "max": 0.0887834206223, "mean": 0.00837582536042, "median": 0.00106580439024, "min": 1.60719163438e-21, "var": 0.000221532725845}, "spectral_energyband_middle_low": {"dmean": 0.00183552235831, "dmean2": 0.00219065696001, "dvar": 2.0824445528e-05, "dvar2": 3.9225389628e-05, "max": 0.160692125559, "mean": 0.00920381490141, "median": 0.003929189872, "min": 2.93553141483e-22, "var": 0.000217049499042}, "spectral_entropy": {"dmean": 0.119112037122, "dmean2": 0.179997295141, "dvar": 0.0209721662104, "dvar2": 0.0459780544043, "max": 9.80483150482, "mean": 5.14800310135, "median": 5.08207607269, "min": 3.77580738068, "var": 0.414759814739}, "spectral_flux": {"dmean": 0.009332052432, "dmean2": 0.0144212897867, "dvar": 0.000290544208838, "dvar2": 0.000700452073943, "max": 0.289529383183, "mean": 0.024721045047, "median": 0.0191544778645, "min": 1.03539461727e-10, "var": 0.00051150721265}, "spectral_kurtosis": {"dmean": 22.6135177612, "dmean2": 39.0083503723, "dvar": 571.08026123, "dvar2": 1559.27478027, "max": 361.608184814, "mean": 117.988967896, "median": 106.180374146, "min": -1.18080484867, "var": 4680.74365234}, "spectral_rms": {"dmean": 0.000372149108443, "dmean2": 0.000420841766754, "dvar": 2.77504085489e-07, "dvar2": 4.45206552513e-07, "max": 0.0129065951332, "mean": 0.00355896516703, "median": 0.00335390167311, "min": 3.23402936375e-12, "var": 4.98522967973e-06}, "spectral_rolloff": {"dmean": 65.6088562012, "dmean2": 117.279632568, "dvar": 243688.046875, "dvar2": 518447.25, "max": 19724.4140625, "mean": 942.516296387, "median": 667.529296875, "min": 21.533203125, "var": 4224421.5}, "spectral_skewness": {"dmean": 1.08742642403, "dmean2": 1.92090201378, "dvar": 1.00877285004, "dvar2": 2.81364965439, "max": 15.878657341, "mean": 8.21323776245, "median": 7.91967201233, "min": -0.0218075718731, "var": 8.82569503784}, "spectral_spread": {"dmean": 330297.1875, "dmean2": 591282.125, "dvar": 402718294016, "dvar2": 819288932352, "max": 39546612, "mean": 1483989.125, "median": 1052353.375, "min": 280193.28125, "var": 4083821051900.0}, "spectral_strongpeak": {"dmean": 0.397255480289, "dmean2": 0.434214264154, "dvar": 0.37645688653, "dvar2": 0.502524137497, "max": 11.9926652908, "mean": 2.57240438461, "median": 1.87953054905, "min": 0, "var": 6.31083774567}, "zerocrossingrate": {"dmean": 0.00248930766247, "dmean2": 0.00300741940737, "dvar": 0.000107618412585, "dvar2": 0.000120962460642, "max": 0.72412109375, "mean": 0.0374255180359, "median": 0.02978515625, "min": 0.005859375, "var": 0.00375434756279}, "barkbands": {"dmean": [8.6481726612e-05, 0.000119728138088, 0.000222106478759, 0.000138884002808, 0.000241178902797, 0.000326730456436, 0.000435533147538, 0.000396483548684, 0.000537534768227, 0.000557052553631, 0.0012775612995, 0.00014489601017, 6.55716357869e-05, 0.000140272677527, 2.7418589525e-05, 7.90223130025e-05, 1.49476791194e-05, 1.20308902751e-06, 1.68007431967e-06, 3.23195280316e-07, 6.19681799208e-08, 1.26902559572e-08, 1.10388151953e-08, 1.17786838061e-08, 2.69194533331e-08, 9.31157284612e-09, 9.39260935695e-09], "dmean2": [0.000134917761898, 0.000211457212572, 0.000385426945286, 0.000225965632126, 0.00039306023973, 0.000488018355099, 0.000645871914458, 0.000451816129498, 0.00051593920216, 0.000556884449907, 0.0011557159014, 0.000146692138514, 6.75430710544e-05, 0.000179324342753, 3.25794062519e-05, 9.15820637601e-05, 2.07183911698e-05, 1.5789344161e-06, 2.15335444409e-06, 4.86180965709e-07, 8.88910633989e-08, 1.91365057134e-08, 1.5686476118e-08, 1.46688927671e-08, 3.01918703371e-08, 1.1739810013e-08, 1.61383226782e-08], "dvar": [2.03766532536e-08, 7.2779663185e-08, 3.40364408657e-07, 8.2092753928e-08, 2.38165938526e-07, 3.1303434298e-06, 7.31047202862e-06, 2.52569452641e-06, 5.77948367209e-06, 3.44509294337e-06, 1.32187378767e-05, 3.64755180726e-07, 8.07009783443e-08, 6.64984952436e-07, 1.70840507963e-07, 1.30927872988e-07, 5.70248692711e-09, 1.50792017761e-11, 3.61888782829e-11, 2.66984307926e-12, 5.05262640808e-14, 1.18587619583e-15, 1.20678700407e-15, 1.1660057558e-15, 7.73920790192e-15, 6.82912743367e-16, 6.05648740494e-17], "dvar2": [4.49840342753e-08, 2.25691820788e-07, 1.08228471163e-06, 1.81049173875e-07, 5.7571975276e-07, 4.94551522934e-06, 1.78951577254e-05, 4.43850740339e-06, 7.79238325777e-06, 3.53967743649e-06, 1.16776100185e-05, 5.14397754614e-07, 9.56846122335e-08, 1.21349512483e-06, 3.17470210121e-07, 2.50190339557e-07, 1.28911912256e-08, 2.11266767969e-11, 5.32895151617e-11, 6.76615274225e-12, 1.03094155391e-13, 2.93306990261e-15, 2.28189977188e-15, 1.85351582342e-15, 9.22483084657e-15, 1.01604111358e-15, 1.78206123572e-16], "max": [0.00335715804249, 0.0049544852227, 0.015210038051, 0.00633693672717, 0.0135472370312, 0.105339847505, 0.160054117441, 0.0548374466598, 0.0796718299389, 0.067482508719, 0.0808409899473, 0.0251365713775, 0.0123858926818, 0.0291221942753, 0.0245357025415, 0.012347326614, 0.00243342551403, 0.000131388500449, 0.000195580112631, 4.42701239081e-05, 6.62418187858e-06, 7.73241026764e-07, 7.37177572319e-07, 7.34064826702e-07, 2.16223816096e-06, 7.09020127942e-07, 1.42649852819e-07], "mean": [0.000124106110889, 0.000303680717479, 0.000624054751825, 0.000525789917447, 0.000755448942073, 0.00144213461317, 0.00164470192976, 0.00162959215231, 0.00211189803667, 0.00294104870409, 0.00475865462795, 0.000365325220628, 0.000212217331864, 0.000340609927662, 5.49526994291e-05, 0.000212337297853, 3.95301685785e-05, 2.58117438534e-06, 3.2370946883e-06, 4.93492507303e-07, 1.27793384763e-07, 2.78214695726e-08, 2.66989417241e-08, 3.16686730173e-08, 6.90416399607e-08, 2.91445161338e-08, 6.86461945065e-08], "median": [4.08124760725e-05, 9.46352229221e-05, 0.000150306499563, 0.000115585673484, 0.000440594943939, 0.000209458448808, 0.000125792255858, 5.62705390621e-05, 3.35313743562e-05, 2.07802677323e-05, 2.89787712973e-05, 5.114358828e-06, 1.34641652494e-06, 1.5707471448e-06, 4.19706339017e-07, 6.43789121568e-07, 2.5804487791e-07, 1.44802669411e-07, 8.58022488615e-08, 2.44998243915e-08, 7.51093853779e-09, 4.71942485092e-09, 3.7931853214e-09, 4.77146233635e-09, 5.64828184224e-09, 8.29980173478e-09, 7.04006808405e-08], "min": [1.10631462624e-23, 1.23117671361e-23, 1.40907297301e-23, 2.56052259149e-23, 7.00309375344e-24, 8.80625875773e-23, 3.50722793741e-23, 8.18012912875e-23, 4.62977605891e-23, 5.67324024357e-23, 6.40789188956e-23, 9.96519135298e-23, 1.26539726302e-22, 1.12663864928e-22, 1.24310834525e-22, 1.42043582015e-22, 3.01278929645e-22, 1.92057287675e-22, 3.30593581484e-22, 2.22983967309e-22, 4.24815355196e-22, 4.2150325011e-22, 5.81171019733e-22, 1.18266279346e-21, 1.56732934425e-21, 1.61189440658e-21, 2.23938996399e-21], "var": [5.02298256322e-08, 2.78623133454e-07, 1.49211189182e-06, 6.98690939771e-07, 1.22714652662e-06, 3.15490688081e-05, 9.37807853916e-05, 2.02074079425e-05, 5.18088199897e-05, 7.49120881665e-05, 0.000139679061249, 1.84925897884e-06, 6.4460567728e-07, 1.90735704564e-06, 4.29131972624e-07, 4.36699735928e-07, 2.98319413616e-08, 7.40561917345e-11, 1.32830690891e-10, 3.64739575348e-12, 1.54847190842e-13, 3.1704720619e-15, 4.0236517155e-15, 6.06242994987e-15, 3.76476160088e-14, 3.83135956636e-15, 3.56667204062e-16]}, "erbbands": {"dmean": [0.00195641815662, 0.0335078164935, 0.189920604229, 0.36646181345, 0.765738606453, 0.847775220871, 1.06076467037, 3.64715456963, 6.5453414917, 5.63145828247, 10.2793607712, 13.2702331543, 16.1281967163, 16.0997714996, 55.7011070251, 8.30783748627, 3.60361909866, 5.23076438904, 4.04616832733, 3.01775598526, 2.53156852722, 1.05315458775, 0.107156835496, 0.151716142893, 0.0105852866545, 0.0145041355863, 0.00559049518779, 0.00293177366257, 0.000742719799746, 0.000536783481948, 0.000352070142981, 0.000214236220927, 0.000207491902984, 0.000179074893822, 0.000293251534458, 6.92255052854e-05, 1.27130369947e-05, 3.56982423e-06, 2.66453503173e-06, 4.22807443101e-06], "dmean2": [0.00344468909316, 0.0591852143407, 0.330591291189, 0.610892236233, 1.24283313751, 1.39125728607, 1.64568960667, 5.33424711227, 9.94270896912, 6.43092393875, 12.0382471085, 12.180273056, 15.6784601212, 17.6202354431, 48.0445404053, 7.9780421257, 3.65684342384, 6.65109395981, 5.04096603394, 3.47312927246, 2.9731695652, 1.45346522331, 0.140719726682, 0.20216730237, 0.0145656112581, 0.0217673741281, 0.00864566583186, 0.00419074716046, 0.00101729982998, 0.000807587639429, 0.000500043679494, 0.000292383076157, 0.000260973523837, 0.000210976490052, 0.00034595260513, 8.46839757287e-05, 1.56894548127e-05, 5.31922523805e-06, 3.60345825356e-06, 4.51784217148e-06], "dvar": [1.37525366881e-05, 0.00570229440928, 0.20760910213, 0.825723528862, 2.63534379005, 4.10839033127, 17.0899009705, 442.682098389, 1241.26220703, 519.924865723, 2321.8605957, 2881.33911133, 2938.58764648, 3368.296875, 29526.3886719, 1052.83813477, 203.009719849, 1495.07263184, 344.949798584, 286.544677734, 150.081222534, 28.0831317902, 0.129669070244, 0.297851353884, 0.000788593955804, 0.00417093187571, 0.00132082414348, 0.000100385921542, 5.33935553904e-06, 2.62598837253e-06, 1.45155240716e-06, 3.733931635e-07, 4.0057520323e-07, 3.09122867748e-07, 9.98201585389e-07, 4.39066205615e-08, 1.10640563378e-09, 2.46169386958e-11, 1.13101411917e-11, 5.3254702731e-11], "dvar2": [4.29387546319e-05, 0.017388837412, 0.632260978222, 2.20672154427, 6.30398321152, 10.8188333511, 37.1498794556, 666.495910645, 2736.8894043, 1117.02709961, 4477.16357422, 2848.63598633, 2948.42529297, 5604.08837891, 21815.9335938, 1373.80700684, 229.189651489, 2796.13500977, 593.299621582, 526.506469727, 303.415588379, 63.8597335815, 0.24194034934, 0.483991086483, 0.00140419893432, 0.0104651432484, 0.00338738039136, 0.000185041935765, 9.27314795263e-06, 6.03036960456e-06, 2.74587932836e-06, 6.59345914755e-07, 6.57172165575e-07, 3.96357194177e-07, 1.35235825383e-06, 6.32128163147e-08, 1.4087702116e-09, 3.7722321794e-11, 1.86685267939e-11, 8.00720115213e-11], "max": [0.0701779201627, 1.41983234882, 12.0068082809, 21.989988327, 41.333114624, 47.0282936096, 189.334014893, 1288.76623535, 2375.6574707, 801.905029297, 1665.26428223, 2021.19470215, 2607.51416016, 1796.30615234, 4001.7722168, 1356.21350098, 643.071594238, 1478.23046875, 506.392364502, 870.086975098, 377.320861816, 169.780654907, 9.59657669067, 16.9176502228, 0.786867618561, 1.52518224716, 1.03782451153, 0.321485280991, 0.0792091563344, 0.0325544849038, 0.030176224187, 0.014103914611, 0.0164140015841, 0.0120305623859, 0.0242270957679, 0.00539874844253, 0.00105055363383, 0.000211669801502, 9.25492568058e-05, 0.000193636573385], "mean": [0.00415752548724, 0.0897050276399, 0.539254844189, 1.36623477936, 2.10677647591, 2.69473767281, 3.80643486977, 17.9677753448, 25.7877407074, 23.2055835724, 42.098690033, 54.2191696167, 86.2084655762, 73.7954711914, 198.941558838, 26.996887207, 11.6530580521, 11.9532413483, 10.413775444, 7.93463850021, 6.60329246521, 2.793186903, 0.284061461687, 0.306270420551, 0.0231056623161, 0.023530812934, 0.00829954445362, 0.00626741116866, 0.00181967194658, 0.00109793955926, 0.000862032989971, 0.00059572479222, 0.000555857026484, 0.000494768377393, 0.000702564197127, 0.000195464293938, 4.88953992317e-05, 2.04807874979e-05, 1.82546118594e-05, 2.21701629926e-05], "median": [0.00198421976529, 0.0277335457504, 0.144738763571, 0.343806862831, 0.707523226738, 1.35128414631, 1.46027684212, 2.41382360458, 2.60834884644, 1.99453341961, 2.2726316452, 1.75717329979, 1.92485237122, 2.26221990585, 2.59283590317, 1.0664024353, 0.575567245483, 0.331752717495, 0.30314540863, 0.426624834538, 0.219751030207, 0.0843285173178, 0.0215321648866, 0.0129158254713, 0.00310179241933, 0.00149926589802, 0.000578954117373, 0.000286883849185, 0.000198520952836, 0.000141465789056, 0.000118329422548, 0.000106063584099, 9.41975886235e-05, 7.38729868317e-05, 5.2229337598e-05, 2.9520922908e-05, 2.02247392735e-05, 1.74348842847e-05, 1.51538179125e-05, 1.45206113302e-05], "min": [7.93411913203e-22, 1.46306005745e-21, 1.00025700818e-20, 6.97255159869e-20, 3.08746068364e-20, 2.96100964802e-20, 1.35088029059e-19, 8.34006248474e-19, 8.70064654037e-19, 7.98869477209e-19, 1.74537425354e-18, 1.10221971719e-18, 1.47169803236e-18, 1.59404724734e-18, 3.93707117738e-18, 3.68932479366e-18, 5.1823609839e-18, 6.94207110464e-18, 5.81605908809e-18, 6.15263557062e-18, 1.08901305493e-17, 1.60591309119e-17, 1.19669153932e-17, 1.32949224338e-17, 1.4231028671e-17, 9.31480891325e-18, 1.51149952326e-17, 1.96506978464e-17, 1.63515971611e-17, 1.45661311176e-17, 1.75816891782e-17, 2.67042571812e-17, 1.8933553762e-17, 1.82307662244e-17, 9.94753756176e-18, 4.72292667371e-18, 3.75370550151e-18, 1.1331521362e-18, 3.21030320846e-19, 3.39274170535e-20], "var": [5.26694093423e-05, 0.022531427443, 0.97055375576, 4.68199872971, 11.8971118927, 17.4317855835, 81.8124389648, 4905.12011719, 19657.2636719, 5592.22949219, 14081.1152344, 30945.8945312, 64872.0195312, 41011.1445312, 307933.90625, 6931.8515625, 1579.81726074, 3515.44433594, 1387.8815918, 837.158325195, 405.395507812, 145.144256592, 0.740610003471, 1.07092654705, 0.00285526667722, 0.00689780246466, 0.00148512248415, 0.000381175981602, 2.27746058954e-05, 6.70053441354e-06, 5.05241223436e-06, 1.94554399968e-06, 1.84660314062e-06, 1.63788422469e-06, 4.13603356719e-06, 2.27854172863e-07, 7.44502814953e-09, 1.9563747844e-10, 1.33750371889e-10, 5.53765477918e-10]}, "gfcc": {"mean": [-237.4609375, 198.760894775, -83.0272598267, -55.0560188293, -29.0322208405, -6.82659435272, -26.4299030304, -3.82624149323, -10.124464035, -12.948890686, -11.3650817871, -4.55131959915, -1.18659090996], "cov": [[13370.6289062, 2741.59643555, -5308.97802734, -835.032043457, 1483.33203125, 331.278076172, -32.2714920044, 159.107025146, -446.165710449, -477.344238281, -286.14630127, 58.2657203674, 512.81072998], [2741.59643555, 2676.50488281, 13.4059972763, -655.56427002, 145.013442993, -215.562820435, -186.33732605, -270.683105469, 104.634643555, -26.4112262726, -11.7817420959, -254.811340332, -130.703857422], [-5308.97802734, 13.4059972763, 3242.19116211, 334.638946533, -800.65838623, -182.408569336, -61.2839813232, -282.834899902, 75.0537719727, 150.183914185, 190.612915039, -42.6498641968, -316.295288086], [-835.032043457, -655.56427002, 334.638946533, 512.181884766, 58.9988937378, 101.024345398, 58.3822212219, 20.9989757538, -134.918716431, -56.7405586243, -20.9876213074, 87.708404541, 10.7205343246], [1483.33203125, 145.013442993, -800.65838623, 58.9988937378, 461.894622803, 111.616127014, -14.584649086, 16.5517120361, -37.9556083679, -77.6804733276, -82.356300354, -18.6805286407, 57.1845626831], [331.278076172, -215.562820435, -182.408569336, 101.024345398, 111.616127014, 226.92956543, 87.3476104736, 29.5952529907, -128.823669434, -77.8760681152, -20.9818553925, 91.1062545776, 76.0959243774], [-32.2714920044, -186.33732605, -61.2839813232, 58.3822212219, -14.584649086, 87.3476104736, 188.178604126, 116.264595032, -35.4951972961, -61.1737861633, -67.4580612183, -24.7024841309, 14.0382728577], [159.107025146, -270.683105469, -282.834899902, 20.9989757538, 16.5517120361, 29.5952529907, 116.264595032, 208.550491333, 41.9591331482, -41.5960731506, -73.4936752319, -25.4606876373, 14.3920660019], [-446.165710449, 104.634643555, 75.0537719727, -134.918716431, -37.9556083679, -128.823669434, -35.4951972961, 41.9591331482, 282.263763428, 143.007919312, -43.605594635, -163.350036621, -104.693183899], [-477.344238281, -26.4112262726, 150.183914185, -56.7405586243, -77.6804733276, -77.8760681152, -61.1737861633, -41.5960731506, 143.007919312, 181.515777588, 78.3353424072, -50.3479118347, -91.5335693359], [-286.14630127, -11.7817420959, 190.612915039, -20.9876213074, -82.356300354, -20.9818553925, -67.4580612183, -73.4936752319, -43.605594635, 78.3353424072, 196.924926758, 123.428512573, -36.8375091553], [58.2657203674, -254.811340332, -42.6498641968, 87.708404541, -18.6805286407, 91.1062545776, -24.7024841309, -25.4606876373, -163.350036621, -50.3479118347, 123.428512573, 266.518035889, 122.471855164], [512.81072998, -130.703857422, -316.295288086, 10.7205343246, 57.1845626831, 76.0959243774, 14.0382728577, 14.3920660019, -104.693183899, -91.5335693359, -36.8375091553, 122.471855164, 193.525588989]], "icov": [[0.00151456007734, -0.00248013297096, 0.00321837561205, -0.00264726160094, 0.00244387378916, -0.00207474455237, 0.00136409583502, -0.000674213108141, 0.000941783888265, 0.000189322498045, -0.000528691452928, 0.000513370148838, -6.32905503153e-05], [-0.00248013297096, 0.00514513114467, -0.00577044812962, 0.00635122647509, -0.00561257684603, 0.00449032709002, -0.00259234709665, 0.00184551114216, -0.000604273809586, 2.31105772741e-07, 0.00154208787717, -0.000999882700853, 0.000807044270914], [0.00321837561205, -0.00577044812962, 0.0088537465781, -0.00889059901237, 0.00949682481587, -0.00649373326451, 0.00322319148108, 0.00152958615217, -0.00223850714974, 0.00487606460229, -0.00437355972826, 0.00284276716411, 0.000400891876779], [-0.00264726160094, 0.00635122647509, -0.00889059901237, 0.0146740917116, -0.0125174177811, 0.00845242384821, -0.00399208068848, -0.00195542746224, 0.00808213278651, -0.00890363845974, 0.0109705403447, -0.00744957756251, 0.00373465381563], [0.00244387378916, -0.00561257684603, 0.00949682481587, -0.0125174177811, 0.0168253481388, -0.011003004387, 0.0058146067895, 0.0036372509785, -0.00836156122386, 0.0111033469439, -0.00895756203681, 0.00707409158349, -0.000842770445161], [-0.00207474455237, 0.00449032709002, -0.00649373326451, 0.00845242384821, -0.011003004387, 0.0161801837385, -0.00823978893459, -6.23429441475e-05, 0.00725425593555, -0.0085583711043, 0.00969272479415, -0.00884313043207, 0.00225815852173], [0.00136409583502, -0.00259234709665, 0.00322319148108, -0.00399208068848, 0.0058146067895, -0.00823978893459, 0.0153942676261, -0.00746005447581, 0.0022905911319, 0.00199649785645, -0.00204218737781, 0.0061978478916, -0.00104402250145], [-0.000674213108141, 0.00184551114216, 0.00152958615217, -0.00195542746224, 0.0036372509785, -6.23429441475e-05, -0.00746005447581, 0.0170611739159, -0.012020139955, 0.0117481760681, -0.00368520268239, -0.000626932131127, 0.00261261081323], [0.000941783888265, -0.000604273809586, -0.00223850714974, 0.00808213278651, -0.00836156122386, 0.00725425593555, 0.0022905911319, -0.012020139955, 0.0273716691881, -0.0249242633581, 0.0181101188064, -0.00568509567529, 0.00339994276874], [0.000189322498045, 2.31105772741e-07, 0.00487606460229, -0.00890363845974, 0.0111033469439, -0.0085583711043, 0.00199649785645, 0.0117481760681, -0.0249242633581, 0.0367251858115, -0.0253183804452, 0.0130667509511, -0.00217494531535], [-0.000528691452928, 0.00154208787717, -0.00437355972826, 0.0109705403447, -0.00895756203681, 0.00969272479415, -0.00204218737781, -0.00368520268239, 0.0181101188064, -0.0253183804452, 0.0376107804477, -0.0251136384904, 0.0148188071325], [0.000513370148838, -0.000999882700853, 0.00284276716411, -0.00744957756251, 0.00707409158349, -0.00884313043207, 0.0061978478916, -0.000626932131127, -0.00568509567529, 0.0130667509511, -0.0251136384904, 0.0270263329148, -0.0147719653323], [-6.32905503153e-05, 0.000807044270914, 0.000400891876779, 0.00373465381563, -0.000842770445161, 0.00225815852173, -0.00104402250145, 0.00261261081323, 0.00339994276874, -0.00217494531535, 0.0148188071325, -0.0147719653323, 0.0185506381094]]}, "melbands": {"dmean": [2.74287340289e-05, 7.97279790277e-05, 7.38765520509e-05, 5.35623912583e-05, 3.96706127503e-05, 7.81769340392e-05, 9.76806186372e-05, 6.85432460159e-05, 9.81856283033e-05, 7.32773187337e-05, 8.25263778097e-05, 6.09518683632e-05, 0.000156502486789, 6.97849100106e-05, 7.72828298068e-06, 5.63155845157e-06, 1.15171451398e-05, 8.24449398351e-06, 2.2683827865e-06, 7.59483782531e-06, 1.56244391292e-06, 1.26530301259e-06, 1.66985188343e-07, 5.97749689746e-08, 1.39358476758e-07, 5.46441425442e-09, 2.1261639116e-09, 1.3513909991e-08, 5.98851679356e-09, 5.54076562409e-10, 2.37007546922e-09, 4.27442414797e-10, 2.69308353396e-10, 2.83552126223e-10, 1.82151890793e-10, 1.7730118762e-10, 1.70421038392e-10, 1.56743479307e-10, 1.55129742385e-10, 1.56443871746e-10], "dmean2": [4.82054565509e-05, 0.000138710267493, 0.000121729688544, 8.78877472132e-05, 6.18525446043e-05, 0.000117864365166, 0.000145764352055, 7.69330072217e-05, 0.000111000867037, 6.76090639899e-05, 8.04848677944e-05, 6.86835264787e-05, 0.000138929957757, 6.00006023888e-05, 8.76684316609e-06, 5.9931467149e-06, 1.47199834828e-05, 1.03492029666e-05, 2.78079505733e-06, 8.71336305863e-06, 1.87674640983e-06, 1.76274488695e-06, 2.27916913786e-07, 7.75387718477e-08, 1.85594814184e-07, 8.45151149065e-09, 3.03195069051e-09, 2.03662686715e-08, 9.25034537858e-09, 8.6448070924e-10, 3.33557315102e-09, 5.73623537559e-10, 4.19259571505e-10, 4.25581653252e-10, 2.66277611072e-10, 2.59865962082e-10, 2.54972293279e-10, 2.1239006387e-10, 2.00286523477e-10, 2.10984230087e-10], "dvar": [3.14415693481e-09, 3.39387220549e-08, 2.37418174009e-08, 1.14020677344e-08, 1.8073659902e-08, 1.71990620856e-07, 3.30954293304e-07, 6.69613555715e-08, 2.28998715102e-07, 8.54880539691e-08, 8.13380509612e-08, 5.46954872505e-08, 2.13873079247e-07, 4.77296815404e-08, 1.60857926979e-09, 8.0916828793e-10, 7.54659534863e-09, 1.3832827106e-09, 1.91134330585e-09, 1.0854322996e-09, 1.0702483344e-10, 4.56929077908e-11, 5.17786497272e-13, 3.35436363473e-14, 2.60029140147e-13, 4.25666243247e-16, 5.78837302212e-17, 4.10095998908e-15, 1.80471380841e-15, 7.41809534919e-18, 7.3923854177e-17, 1.83069586578e-18, 6.38652088882e-19, 8.78650892193e-19, 3.96117098113e-19, 3.39211182023e-19, 2.88209396802e-19, 2.61715086126e-19, 2.23421974589e-19, 2.65673300453e-19], "dvar2": [1.00480628262e-08, 1.02117880374e-07, 6.17229574118e-08, 2.71074043212e-08, 3.94610282228e-08, 2.65728715476e-07, 7.66780487993e-07, 1.24490568965e-07, 4.27679481163e-07, 8.3811244167e-08, 8.18208150122e-08, 8.68848459845e-08, 1.70713505554e-07, 3.64552619203e-08, 2.70688560455e-09, 1.21121768171e-09, 1.40046427788e-08, 2.3205788402e-09, 3.53649354246e-09, 2.02188932263e-09, 2.38662478669e-10, 1.02879420261e-10, 1.11224473642e-12, 4.95896692579e-14, 4.2015420006e-13, 1.11368040136e-15, 1.15068062691e-16, 1.03300284247e-14, 4.63300255907e-15, 1.81557806475e-17, 1.29595908581e-16, 2.83468364593e-18, 1.60645702448e-18, 1.87446943661e-18, 8.0022832816e-19, 6.42818235736e-19, 6.02887642628e-19, 5.07395948161e-19, 3.94472404562e-19, 4.37612251651e-19], "max": [0.000905682332814, 0.00483461748809, 0.00402862858027, 0.00349390762858, 0.00616737175733, 0.0250368993729, 0.0368251428008, 0.00710249692202, 0.0183890536427, 0.0108667667955, 0.0129564628005, 0.00664876913652, 0.0107650440186, 0.00499622756615, 0.00135985063389, 0.00107184168883, 0.00340124638751, 0.00116778037045, 0.00265465653501, 0.00115660426673, 0.000463886302896, 0.000217411885387, 2.17926753976e-05, 4.75692149848e-06, 1.58410803124e-05, 6.1950942154e-07, 2.36974230461e-07, 1.54674205533e-06, 1.2477164546e-06, 8.25557364692e-08, 2.98457905501e-07, 5.09983202335e-08, 1.5828394595e-08, 2.79252283519e-08, 1.47491387992e-08, 1.35882229912e-08, 1.14594778111e-08, 1.31805455439e-08, 1.15544045443e-08, 1.07035420527e-08], "mean": [6.57144191791e-05, 0.000240559980739, 0.000274867430562, 0.00016454514116, 0.000149115381646, 0.000361124053597, 0.000377071963158, 0.000272832432529, 0.000397467694711, 0.000297455640975, 0.000438449205831, 0.000285906717181, 0.000572312972508, 0.000229623881751, 2.28798689932e-05, 1.75771656359e-05, 2.58722211584e-05, 2.1628664399e-05, 4.69903761768e-06, 2.07565008168e-05, 3.74505680156e-06, 3.3423145851e-06, 4.33245503473e-07, 1.29735255427e-07, 2.74783218401e-07, 1.06355555474e-08, 4.17934042929e-09, 2.06336103759e-08, 8.16520273617e-09, 9.91079329715e-10, 4.98018781769e-09, 9.70719393756e-10, 5.27594801181e-10, 5.48358525254e-10, 4.34849073416e-10, 4.01387367788e-10, 3.96653876411e-10, 3.82547826749e-10, 3.68398200834e-10, 3.99067029422e-10], "median": [2.79565974779e-05, 6.95431954227e-05, 7.64769065427e-05, 9.36433571042e-05, 6.01506617386e-05, 5.6578865042e-05, 3.50128902937e-05, 1.14180729724e-05, 1.37642164191e-05, 5.69806798012e-06, 2.90009802484e-06, 2.27201144298e-06, 3.5307930375e-06, 9.95695700112e-07, 2.91528067464e-07, 1.08064142523e-07, 1.99403189072e-07, 1.47764268377e-07, 4.29110258438e-08, 7.49198107997e-08, 6.33202006384e-08, 1.36244224791e-08, 6.99626667711e-09, 6.92794444035e-09, 5.22711829376e-09, 8.81912320949e-10, 5.56260038032e-10, 6.2188737493e-10, 3.0287183872e-10, 1.45952971931e-10, 1.30262772791e-10, 1.0148436258e-10, 8.11519740296e-11, 6.59377552559e-11, 6.08300354532e-11, 6.00155272701e-11, 5.86468582031e-11, 5.80476361423e-11, 5.70189589988e-11, 5.24534859991e-11], "min": [6.30049044947e-24, 4.02069071642e-24, 1.03050832758e-23, 1.89028132008e-24, 3.32319765339e-24, 1.91810282704e-23, 1.23933069547e-23, 1.08905711065e-23, 1.36200448269e-23, 6.53323675981e-24, 7.71745069047e-24, 6.57815804962e-24, 1.05899306935e-23, 1.12362830873e-23, 1.02297407485e-23, 1.27459254128e-23, 1.27873003784e-23, 8.50595345284e-24, 9.68629841519e-24, 8.43975461225e-24, 1.40415095428e-23, 1.95772525927e-23, 1.01329435711e-23, 9.99720585287e-24, 1.04805827391e-23, 1.33123953848e-23, 6.35099293019e-24, 6.59027298097e-24, 8.67288036468e-24, 1.01105359771e-23, 1.29377684963e-23, 1.04716670332e-23, 5.93703659245e-24, 9.2843611622e-24, 9.37885249915e-24, 1.25152648507e-23, 1.67783693678e-23, 1.18456631483e-23, 1.5627836248e-23, 1.51831995319e-23], "var": [1.12604272573e-08, 1.61792556241e-07, 1.5995648539e-07, 6.22532567718e-08, 9.28912342602e-08, 1.84930411251e-06, 4.76149898532e-06, 6.83902612764e-07, 1.38452264764e-06, 9.40645293213e-07, 1.78922414307e-06, 7.34580623885e-07, 2.26682300308e-06, 4.47511183665e-07, 8.4302929082e-09, 4.58604976217e-09, 1.81615682493e-08, 6.44464792643e-09, 4.862170222e-09, 3.9179401945e-09, 1.80031947683e-10, 2.35099273382e-10, 2.91292250737e-12, 1.50361494089e-13, 9.34943095166e-13, 1.20045225642e-15, 1.75403741536e-16, 6.46857631885e-15, 1.94536129996e-15, 1.21158294102e-17, 2.94796555932e-16, 7.35651257977e-18, 1.44939155618e-18, 1.92269737505e-18, 1.27593157493e-18, 1.14698497418e-18, 1.08685783584e-18, 9.67829440828e-19, 8.7989817716e-19, 1.17716517582e-18]}, "mfcc": {"mean": [-882.839050293, 221.21496582, 31.2380256653, -11.5744571686, 0.216423243284, -5.6078619957, -6.40312099457, 2.0583460331, 3.82917428017, -4.65898942947, -7.78310585022, -2.56343603134, 2.88880515099], "cov": [[6148.49902344, 3036.71875, -2396.70581055, -1015.26116943, 469.041656494, 46.3208198547, -71.8373641968, 224.29675293, 253.776901245, -166.072113037, -295.501678467, -103.296829224, -49.150642395], [3036.71875, 2329.55249023, -432.319274902, -604.74005127, 72.2958145142, 27.054983139, -130.695053101, -61.4393157959, 7.34729576111, -10.1570119858, -56.2225189209, -81.8794021606, -127.933898926], [-2396.70581055, -432.319274902, 1956.83813477, 515.702026367, -374.48046875, 19.7423667908, 40.250213623, -227.495758057, -265.665802002, -3.03985857964, 105.2710495, 38.8349494934, 32.9272575378], [-1015.26116943, -604.74005127, 515.702026367, 459.565856934, 18.8774147034, 26.3389720917, 94.1776123047, 16.0467681885, -55.9631118774, -62.9413146973, -17.950838089, 28.2050743103, 56.896484375], [469.041656494, 72.2958145142, -374.48046875, 18.8774147034, 291.245910645, 111.465339661, -5.71957588196, 43.1553268433, 43.4663543701, -42.7100563049, -59.2956123352, 4.44086170197, 49.7415962219], [46.3208198547, 27.054983139, 19.7423667908, 26.3389720917, 111.465339661, 179.835632324, 82.9437561035, -9.67917251587, -20.9337291718, -55.8550720215, -72.834777832, -11.8075199127, 60.0260467529], [-71.8373641968, -130.695053101, 40.250213623, 94.1776123047, -5.71957588196, 82.9437561035, 190.947387695, 110.599983215, -2.10081577301, -87.3106613159, -99.8350372314, -38.8260307312, 39.5040397644], [224.29675293, -61.4393157959, -227.495758057, 16.0467681885, 43.1553268433, -9.67917251587, 110.599983215, 218.117721558, 132.556411743, -50.8005943298, -102.20778656, -54.0235557556, 2.48674368858], [253.776901245, 7.34729576111, -265.665802002, -55.9631118774, 43.4663543701, -20.9337291718, -2.10081577301, 132.556411743, 225.044296265, 116.773376465, -24.3763847351, -66.5309677124, -98.3442611694], [-166.072113037, -10.1570119858, -3.03985857964, -62.9413146973, -42.7100563049, -55.8550720215, -87.3106613159, -50.8005943298, 116.773376465, 302.534515381, 207.595687866, -46.6339912415, -248.284439087], [-295.501678467, -56.2225189209, 105.2710495, -17.950838089, -59.2956123352, -72.834777832, -99.8350372314, -102.20778656, -24.3763847351, 207.595687866, 291.036895752, 74.4602584839, -160.076171875], [-103.296829224, -81.8794021606, 38.8349494934, 28.2050743103, 4.44086170197, -11.8075199127, -38.8260307312, -54.0235557556, -66.5309677124, -46.6339912415, 74.4602584839, 210.67010498, 210.166015625], [-49.150642395, -127.933898926, 32.9272575378, 56.896484375, 49.7415962219, 60.0260467529, 39.5040397644, 2.48674368858, -98.3442611694, -248.284439087, -160.076171875, 210.166015625, 534.539611816]], "icov": [[0.00601896177977, -0.00798757467419, 0.0075124152936, -0.00521274702623, 0.0028160342481, -6.82688114466e-05, -0.00311449449509, 0.00428886665031, -0.00517821963876, 0.00528412219137, -0.00234423018992, 0.000814212311525, -0.000830782635603], [-0.00798757467419, 0.0114965215325, -0.0107176089659, 0.00918405689299, -0.00576907582581, 0.00188934477046, 0.00238556344993, -0.00411363132298, 0.00574123160914, -0.00591690512374, 0.00322679104283, -0.00142454565503, 0.00170159467962], [0.0075124152936, -0.0107176089659, 0.0126798693091, -0.0122402980924, 0.0115410732105, -0.00850805453956, 0.00470481952652, -0.00156972848345, 0.00028717314126, 0.00189231033437, -0.000824097893201, 0.000803624978289, -0.00144245871343], [-0.00521274702623, 0.00918405689299, -0.0122402980924, 0.0185573138297, -0.0180430971086, 0.0168876685202, -0.0159945618361, 0.0112424343824, -0.00812606234103, 0.0049650426954, -0.00202324334532, -0.000519682944287, 0.00181943282951], [0.0028160342481, -0.00576907582581, 0.0115410732105, -0.0180430971086, 0.0297258961946, -0.031553786248, 0.0313167534769, -0.0266719199717, 0.0199580397457, -0.0127972112969, 0.00750317238271, -0.00307834707201, -0.00014030917373], [-6.82688114466e-05, 0.00188934477046, -0.00850805453956, 0.0168876685202, -0.031553786248, 0.0463353954256, -0.0469346083701, 0.0445112586021, -0.0345825180411, 0.023517690599, -0.0138179380447, 0.00759241636842, -0.00239501171745], [-0.00311449449509, 0.00238556344993, 0.00470481952652, -0.0159945618361, 0.0313167534769, -0.0469346083701, 0.0630945339799, -0.0612359493971, 0.0513821318746, -0.0366333946586, 0.0251308754086, -0.0116757983342, 0.00422966154292], [0.00428886665031, -0.00411363132298, -0.00156972848345, 0.0112424343824, -0.0266719199717, 0.0445112586021, -0.0612359493971, 0.0779029652476, -0.0697702392936, 0.0539363212883, -0.0366351418197, 0.0208827648312, -0.00700872810557], [-0.00517821963876, 0.00574123160914, 0.00028717314126, -0.00812606234103, 0.0199580397457, -0.0345825180411, 0.0513821318746, -0.0697702392936, 0.0771902427077, -0.0629928484559, 0.0466404780746, -0.0251996349543, 0.00911604706198], [0.00528412219137, -0.00591690512374, 0.00189231033437, 0.0049650426954, -0.0127972112969, 0.023517690599, -0.0366333946586, 0.0539363212883, -0.0629928484559, 0.0628022700548, -0.0473191216588, 0.0260682627559, -0.00740753533319], [-0.00234423018992, 0.00322679104283, -0.000824097893201, -0.00202324334532, 0.00750317238271, -0.0138179380447, 0.0251308754086, -0.0366351418197, 0.0466404780746, -0.0473191216588, 0.0495347194374, -0.0326492264867, 0.014262182638], [0.000814212311525, -0.00142454565503, 0.000803624978289, -0.000519682944287, -0.00307834707201, 0.00759241636842, -0.0116757983342, 0.0208827648312, -0.0251996349543, 0.0260682627559, -0.0326492264867, 0.0327751636505, -0.0152522213757], [-0.000830782635603, 0.00170159467962, -0.00144245871343, 0.00181943282951, -0.00014030917373, -0.00239501171745, 0.00422966154292, -0.00700872810557, 0.00911604706198, -0.00740753533319, 0.014262182638, -0.0152522213757, 0.0106031186879]]}, "spectral_contrast_coeffs": {"dmean": [0.0364249274135, 0.0323004759848, 0.0258420091122, 0.0211734957993, 0.0155402431265, 0.0125750368461], "dmean2": [0.0625582337379, 0.055360365659, 0.0387677066028, 0.0319520160556, 0.0237303189933, 0.0216769371182], "dvar": [0.000919171492569, 0.000840596505441, 0.000647414417472, 0.000417575531173, 0.000214452753426, 0.000169603561517], "dvar2": [0.00273156003095, 0.00229099905118, 0.00135304324795, 0.000907763664145, 0.000449532177299, 0.000534513965249], "max": [-0.420066803694, -0.290504992008, -0.320377647877, -0.449340075254, -0.579666912556, -0.773315191269], "mean": [-0.656026482582, -0.664162635803, -0.621627926826, -0.690903425217, -0.790506124496, -0.875722050667], "median": [-0.642725229263, -0.670119404793, -0.632895410061, -0.679679512978, -0.779481768608, -0.885493516922], "min": [-0.959272801876, -0.965124070644, -0.972785115242, -0.95536762476, -0.965919613838, -0.96055150032], "var": [0.00662555079907, 0.0121906334534, 0.0216612890363, 0.0120785022154, 0.00558150839061, 0.000841953326017]}, "spectral_contrast_valleys": {"dmean": [0.346591860056, 0.288694500923, 0.258773803711, 0.229813918471, 0.163026094437, 0.223032042384], "dmean2": [0.592053830624, 0.489683777094, 0.426042199135, 0.372038394213, 0.256797939539, 0.380785107613],