{"lowlevel": {"average_loudness": 0.941070556641, "barkbands_crest": {"dmean": 2.35892009735, "dmean2": 3.74228310585, "dvar": 6.4809422493, "dvar2": 15.9922456741, "max": 26.8370399475, "mean": 16.2940216064, "median": 17.222454071, "min": 2.82786536217, "var": 26.3181991577}, "barkbands_flatness_db": {"dmean": 0.0282123684883, "dmean2": 0.0414061062038, "dvar": 0.000821794616058, "dvar2": 0.00167453137692, "max": 0.680463135242, "mean": 0.325904607773, "median": 0.324530571699, "min": 0.013963428326, "var": 0.0115717751905}, "barkbands_kurtosis": {"dmean": 11.8699522018, "dmean2": 18.4278030396, "dvar": 894.51965332, "dvar2": 2182.65405273, "max": 1281.22558594, "mean": 25.1204566956, "median": 12.5338277817, "min": -1.77770626545, "var": 2020.77282715}, "barkbands_skewness": {"dmean": 0.856980741024, "dmean2": 1.30644547939, "dvar": 1.2203977108, "dvar2": 2.89035320282, "max": 30.5197811127, "mean": 3.18560862541, "median": 2.97237801552, "min": -5.21597576141, "var": 6.28831148148}, "barkbands_spread": {"dmean": 2.10872197151, "dmean2": 3.0905122757, "dvar": 10.6930675507, "dvar2": 21.9287204742, "max": 87.8323898315, "mean": 7.1281542778, "median": 4.39097881317, "min": 0.0796739533544, "var": 76.1835708618}, "dissonance": {"dmean": 0.0281515009701, "dmean2": 0.0468146540225, "dvar": 0.000798162887804, "dvar2": 0.00216043670662, "max": 0.500000178814, "mean": 0.435164272785, "median": 0.444836556911, "min": 0.199702009559, "var": 0.00216112332419}, "dynamic_complexity": 4.69994163513, "erbbands_crest": {"dmean": 2.52482533455, "dmean2": 3.94104862213, "dvar": 6.75825023651, "dvar2": 15.7582054138, "max": 33.9260978699, "mean": 11.9370107651, "median": 10.9348421097, "min": 2.37998533249, "var": 30.7767124176}, "erbbands_flatness_db": {"dmean": 0.0167937576771, "dmean2": 0.0247602201998, "dvar": 0.000304168759612, "dvar2": 0.000616452423856, "max": 0.53159815073, "mean": 0.26074180007, "median": 0.256969481707, "min": 0.0459467507899, "var": 0.00399072980508}, "erbbands_kurtosis": {"dmean": 1.76573383808, "dmean2": 2.71009588242, "dvar": 14.4592523575, "dvar2": 30.9480056763, "max": 99.8627700806, "mean": 2.1021361351, "median": 0.349143743515, "min": -1.87733137608, "var": 38.0758361816}, "erbbands_skewness": {"dmean": 0.427208632231, "dmean2": 0.643507778645, "dvar": 0.213421478868, "dvar2": 0.467013329268, "max": 8.48024940491, "mean": 0.91478407383, "median": 0.862407624722, "min": -5.90697193146, "var": 1.22004830837}, "erbbands_spread": {"dmean": 5.95521116257, "dmean2": 8.8968038559, "dvar": 47.4423980713, "dvar2": 100.198921204, "max": 133.630004883, "mean": 28.8608932495, "median": 26.3297233582, "min": 0.513672530651, "var": 279.315246582}, "hfc": {"dmean": 3.91177296638, "dmean2": 6.20722532272, "dvar": 109.780715942, "dvar2": 290.132720947, "max": 119.275306702, "mean": 11.8974580765, "median": 10.4003458023, "min": 1.05329367554e-16, "var": 147.869262695}, "melbands_crest": {"dmean": 2.76977348328, "dmean2": 4.34056949615, "dvar": 8.76849651337, "dvar2": 21.0911216736, "max": 36.3026123047, "mean": 20.9639320374, "median": 21.6816883087, "min": 1.55413007736, "var": 51.8972167969}, "melbands_flatness_db": {"dmean": 0.0310809146613, "dmean2": 0.0436687842011, "dvar": 0.00113447243348, "dvar2": 0.00212970818393, "max": 0.865162551403, "mean": 0.415345042944, "median": 0.417223095894, "min": 0.00302656646818, "var": 0.020932931453}, "melbands_kurtosis": {"dmean": 15.1183576584, "dmean2": 23.2306747437, "dvar": 571.266479492, "dvar2": 1301.72192383, "max": 438.615539551, "mean": 36.7913894653, "median": 22.7355632782, "min": -1.81238305569, "var": 2105.70483398}, "melbands_skewness": {"dmean": 0.905204892159, "dmean2": 1.38660037518, "dvar": 1.07293057442, "dvar2": 2.465310812, "max": 16.636133194, "mean": 3.89770817757, "median": 3.67651700974, "min": -4.45500326157, "var": 5.81024646759}, "melbands_spread": {"dmean": 2.55465936661, "dmean2": 3.84886145592, "dvar": 22.2254276276, "dvar2": 52.3918533325, "max": 165.111541748, "mean": 10.5159358978, "median": 4.1669921875, "min": 0.226874604821, "var": 555.342529297}, "pitch_salience": {"dmean": 0.0693217068911, "dmean2": 0.111792638898, "dvar": 0.00682543730363, "dvar2": 0.0172997564077, "max": 0.921804487705, "mean": 0.407190561295, "median": 0.366905927658, "min": 0.041360296309, "var": 0.0276079252362}, "silence_rate_20dB": {"dmean": 0.00224215257913, "dmean2": 0.00448476197198, "dvar": 0.0022372934036, "dvar2": 0.00670744944364, "max": 1, "mean": 0.998879015446, "median": 1, "min": 0, "var": 0.00111965695396}, "silence_rate_30dB": {"dmean": 0.047900531441, "dmean2": 0.0958108231425, "dvar": 0.0456026904285, "dvar2": 0.0988534167409, "max": 1, "mean": 0.549271345139, "median": 1, "min": 0, "var": 0.247578516603}, "silence_rate_60dB": {"dmean": 0.0158989001065, "dmean2": 0.0318010412157, "dvar": 0.0156476907432, "dvar2": 0.0354755334556, "max": 1, "mean": 0.148578420281, "median": 0, "min": 0, "var": 0.126500055194}, "spectral_centroid": {"dmean": 122.852249146, "dmean2": 182.120483398, "dvar": 44023.734375, "dvar2": 83101.765625, "max": 11868.1708984, "mean": 879.09387207, "median": 459.736633301, "min": 107.747543335, "var": 3433161.25}, "spectral_complexity": {"dmean": 2.22441911697, "dmean2": 3.27448773384, "dvar": 11.2550086975, "dvar2": 17.6582584381, "max": 56, "mean": 9.47640895844, "median": 8, "min": 0, "var": 48.6076583862}, "spectral_decrease": {"dmean": 6.02383387616e-09, "dmean2": 9.52927337039e-09, "dvar": 1.56932904337e-16, "dvar2": 4.16357933492e-16, "max": 2.30030135514e-28, "mean": -2.09406074703e-08, "median": -1.22193526408e-08, "min": -1.31149420213e-07, "var": 4.0482865041e-16}, "spectral_energy": {"dmean": 0.0230351649225, "dmean2": 0.036435905844, "dvar": 0.00230314675719, "dvar2": 0.00611434644088, "max": 0.504453361034, "mean": 0.0801138430834, "median": 0.0481760725379, "min": 9.72305896734e-21, "var": 0.00587807036936}, "spectral_energyband_high": {"dmean": 4.0882423491e-05, "dmean2": 5.92759533902e-05, "dvar": 2.46703315554e-08, "dvar2": 5.36897992731e-08, "max": 0.00316613074392, "mean": 6.25955071882e-05, "median": 9.61582918535e-06, "min": 6.90666488575e-21, "var": 3.67403245605e-08}, "spectral_energyband_low": {"dmean": 0.0182175207883, "dmean2": 0.0281477924436, "dvar": 0.00128023920115, "dvar2": 0.00340455956757, "max": 0.326851338148, "mean": 0.0629910081625, "median": 0.0131430225447, "min": 7.82135708232e-24, "var": 0.00481243850663}, "spectral_energyband_middle_high": {"dmean": 0.000862617394887, "dmean2": 0.0012887394987, "dvar": 5.48741809325e-06, "dvar2": 1.25411434055e-05, "max": 0.0460676513612, "mean": 0.00188647408504, "median": 0.000632106384728, "min": 1.13816538385e-21, "var": 1.05718618215e-05}, "spectral_energyband_middle_low": {"dmean": 0.00888773333281, "dmean2": 0.0155220553279, "dvar": 0.00110556662548, "dvar2": 0.00321418396197, "max": 0.408793181181, "mean": 0.0155942384154, "median": 0.00948200095445, "min": 1.14301123649e-22, "var": 0.000740073504858}, "spectral_entropy": {"dmean": 0.210987135768, "dmean2": 0.300961464643, "dvar": 0.056387282908, "dvar2": 0.109685964882, "max": 9.83118915558, "mean": 6.56404352188, "median": 6.54266500473, "min": 3.96025753021, "var": 0.796806514263}, "spectral_flux": {"dmean": 0.0363737121224, "dmean2": 0.0594170503318, "dvar": 0.00360867683776, "dvar2": 0.00712828617543, "max": 0.667205691338, "mean": 0.0819496810436, "median": 0.0600002519786, "min": 6.12214307028e-11, "var": 0.00753395771608}, "spectral_kurtosis": {"dmean": 10.5388021469, "dmean2": 17.6853427887, "dvar": 306.971160889, "dvar2": 837.825744629, "max": 594.496704102, "mean": 23.1700572968, "median": 9.65861606598, "min": -1.27477145195, "var": 2142.97314453}, "spectral_rms": {"dmean": 0.00111377611756, "dmean2": 0.00169954833109, "dvar": 3.75488457394e-06, "dvar2": 9.08961828827e-06, "max": 0.0221844445914, "mean": 0.00742012774572, "median": 0.00685573089868, "min": 3.07992065011e-12, "var": 2.31016201724e-05}, "spectral_rolloff": {"dmean": 138.59185791, "dmean2": 221.535491943, "dvar": 165288.140625, "dvar2": 371588.0625, "max": 19702.8808594, "mean": 1013.31939697, "median": 279.931640625, "min": 21.533203125, "var": 10941629}, "spectral_skewness": {"dmean": 0.720841944218, "dmean2": 1.18463659286, "dvar": 0.628966391087, "dvar2": 1.58953762054, "max": 19.9493923187, "mean": 2.69974184036, "median": 2.08298897743, "min": -0.110352791846, "var": 5.24963092804}, "spectral_spread": {"dmean": 330898.96875, "dmean2": 540745.625, "dvar": 327049773056, "dvar2": 643020881920, "max": 43365048, "mean": 3419886.25, "median": 2300692, "min": 157691.6875, "var": 44827748073500.0}, "spectral_strongpeak": {"dmean": 0.221293121576, "dmean2": 0.373438566923, "dvar": 0.121710471809, "dvar2": 0.277101784945, "max": 10.79991436, "mean": 0.709205329418, "median": 0.504994213581, "min": 0, "var": 0.46870726347}, "zerocrossingrate": {"dmean": 0.00388101977296, "dmean2": 0.00477964198217, "dvar": 4.5774737373e-05, "dvar2": 7.2025191912e-05, "max": 0.53271484375, "mean": 0.0348065458238, "median": 0.01416015625, "min": 0.00146484375, "var": 0.00796828605235}, "barkbands": {"dmean": [0.00157009135, 0.01618039608, 0.00260200095363, 0.00161038804799, 0.00522118993104, 0.00234034098685, 0.000539785309229, 0.000300208223052, 0.000307032372802, 0.000182932330063, 0.000283255038084, 0.000135451744427, 0.000105423401692, 8.8271619461e-05, 0.000125502687297, 9.90177868516e-05, 7.19382660463e-05, 5.32715530426e-05, 6.12443836872e-05, 2.49880959018e-05, 2.11830174521e-05, 6.32850151305e-06, 6.31790044281e-07, 9.43763964756e-08, 1.4827860717e-08, 3.42927175545e-09, 3.01372327094e-09], "dmean2": [0.00241204001941, 0.0246819201857, 0.00434469850734, 0.00286015612073, 0.00925307441503, 0.00384375359863, 0.00091237470042, 0.000495637359563, 0.000495504529681, 0.000292993703624, 0.000459172471892, 0.000221603084356, 0.000161708798259, 0.000135487833177, 0.000190769758774, 0.00015722385433, 0.000109832508315, 7.96163076302e-05, 9.16220451472e-05, 3.58877732651e-05, 3.14992030326e-05, 8.81525284058e-06, 8.28893121252e-07, 1.43149478049e-07, 2.38786590501e-08, 6.20544682306e-09, 5.64338797915e-09], "dvar": [1.15171305879e-05, 0.00100267818198, 5.96909958404e-05, 4.32074957644e-05, 0.000480363873066, 4.25646103395e-05, 3.48496473634e-06, 8.20653212941e-07, 1.07042239961e-06, 5.12461383551e-07, 1.04737102902e-06, 1.97755468889e-07, 1.49080960909e-07, 1.30067149939e-07, 1.79674870537e-07, 7.78601929596e-08, 3.48073463385e-08, 2.94133037926e-08, 2.04053414166e-08, 1.05500239655e-08, 4.53855264482e-09, 8.84852802141e-10, 8.79526746572e-12, 5.11912628715e-14, 1.84508911615e-15, 5.60904423578e-17, 2.81990800816e-17], "dvar2": [2.9560060284e-05, 0.00273373094387, 0.000165282239323, 0.000125688820845, 0.00140554609243, 0.000114212351036, 9.33440242079e-06, 1.95567508854e-06, 2.57850456364e-06, 1.16080150292e-06, 2.70980467576e-06, 5.15898364029e-07, 3.1461894423e-07, 2.5230559686e-07, 4.07859545248e-07, 1.82681375804e-07, 7.71276518208e-08, 5.91766919911e-08, 4.60842422001e-08, 2.21337117523e-08, 9.81173897685e-09, 1.727470611e-09, 1.31328116784e-11, 1.12993659839e-13, 4.52821484262e-15, 1.67255258114e-16, 9.30625636202e-17], "max": [0.0615944117308, 0.304035842419, 0.113808780909, 0.116180106997, 0.269932210445, 0.0879435092211, 0.0310662426054, 0.0286061409861, 0.0301667638123, 0.0271884519607, 0.0250012055039, 0.00970655120909, 0.0192738305777, 0.022149335593, 0.0249536335468, 0.00852122250944, 0.00653804978356, 0.00382667034864, 0.00284004746936, 0.00198389706202, 0.00143651396502, 0.00146470614709, 0.00023879026412, 5.90194258621e-06, 7.21806372894e-07, 2.37893075905e-07, 1.42325603747e-07], "mean": [0.0061288876459, 0.0480515882373, 0.00844416208565, 0.00173349143006, 0.00674671353772, 0.00506425835192, 0.000821576162707, 0.000613517884631, 0.000503237068187, 0.000300873856759, 0.000404791528126, 0.000199875692488, 0.000160232972121, 0.000158011433086, 0.000217293127207, 0.000158337526955, 0.000128363797558, 8.25349343359e-05, 0.000117355572002, 3.53425748472e-05, 3.29793365381e-05, 9.21052014746e-06, 1.17543424949e-06, 1.74153257149e-07, 2.21290932245e-08, 3.92218435508e-09, 2.65752686524e-09], "median": [0.000639933568891, 0.00924365781248, 0.0023031369783, 0.000570268428419, 0.00149299157783, 0.000862124667037, 0.000217515334953, 0.000108928448753, 0.000109376102046, 4.7124325647e-05, 4.07796942454e-05, 2.1261999791e-05, 2.25039948418e-05, 1.70998373505e-05, 2.3857504857e-05, 1.73520857061e-05, 1.67727721418e-05, 9.20148977457e-06, 1.33029798235e-05, 5.24748475073e-06, 4.40402254753e-06, 9.54458755587e-07, 2.54158351254e-07, 6.41215009978e-08, 1.11955245075e-08, 1.86408888325e-09, 6.912575512e-10], "min": [1.67216152631e-25, 8.65235952874e-25, 3.39033558358e-25, 3.18072094296e-25, 5.15036201523e-24, 4.82533396734e-24, 6.89925914793e-24, 4.86958196437e-24, 1.08401108299e-23, 1.02426544015e-23, 1.13395899449e-23, 2.27542494713e-23, 2.98761945864e-23, 1.77722536446e-23, 2.77048360121e-23, 4.81368130848e-23, 3.78707350364e-23, 5.74070804581e-23, 1.11421743479e-22, 1.58525675737e-22, 2.26877254622e-22, 2.77770748451e-22, 3.48534272709e-22, 5.14770287556e-22, 7.98371816191e-22, 1.1359394077e-21, 1.88748358228e-21], "var": [0.00010563514661, 0.00310469721444, 0.000151715634274, 2.74059948424e-05, 0.000303858454572, 0.000102660946141, 4.53376469522e-06, 3.10074324261e-06, 2.05361334338e-06, 1.07926098281e-06, 1.37115227972e-06, 3.07987761516e-07, 3.51733547177e-07, 3.70348345768e-07, 3.90950361862e-07, 1.58327480904e-07, 9.08920725351e-08, 5.27961176999e-08, 6.11337824807e-08, 1.50217420725e-08, 7.48471862266e-09, 2.02151739792e-09, 2.59583257667e-11, 9.49479075007e-14, 2.04546005378e-15, 4.64785970225e-17, 2.26350844328e-17]}, "erbbands": {"dmean": [0.660432517529, 3.04972934723, 3.42697191238, 4.15373134613, 10.0361166, 20.5875720978, 21.3802242279, 19.0582275391, 8.98075294495, 6.41737508774, 6.05488681793, 7.65817832947, 5.37672376633, 6.60949754715, 11.6687488556, 5.80586719513, 4.80482053757, 4.04787158966, 5.43189239502, 6.72741603851, 4.66229629517, 3.78427433968, 2.92873215675, 3.16789221764, 2.17777848244, 1.14743173122, 1.14099133015, 0.640370488167, 0.305097132921, 0.0748794078827, 0.0138739170507, 0.00382471294142, 0.000881054031197, 0.000266557122814, 5.83902292419e-05, 2.0787871108e-05, 9.50466710492e-06, 2.28774047173e-06, 1.0256693713e-05, 2.50446155405e-05], "dmean2": [0.983746230602, 4.73839473724, 5.57719278336, 7.30928230286, 17.9439182281, 36.271030426, 36.9199066162, 30.3259410858, 15.0960979462, 10.5924520493, 9.78664588928, 12.259095192, 8.74052047729, 10.5911836624, 18.8772506714, 9.39246273041, 7.32334089279, 6.18608236313, 8.35534095764, 10.2261695862, 7.26268100739, 5.75181293488, 4.37853908539, 4.84820508957, 3.1979033947, 1.64282763004, 1.76485955715, 0.927703142166, 0.444724023342, 0.0989300385118, 0.0189068354666, 0.00564483646303, 0.00132630136795, 0.000415180140408, 9.19732847251e-05, 3.39149883075e-05, 1.56743244588e-05, 3.9967299017e-06, 1.6140171283e-05, 3.95834540541e-05], "dvar": [1.65055274963, 43.3725013733, 91.6094207764, 227.639373779, 1971.14672852, 6690.01123047, 5247.48876953, 2963.41699219, 1059.49584961, 366.718322754, 383.280639648, 726.297729492, 332.297332764, 562.913818359, 2029.45837402, 365.903839111, 308.919311523, 367.028961182, 220.972717285, 812.489990234, 161.381942749, 99.4459686279, 77.2848129272, 62.2518463135, 30.9573898315, 21.1637439728, 17.8001594543, 5.36625671387, 2.3029999733, 0.138227179646, 0.00225960463285, 7.79623078415e-05, 5.75561898586e-06, 5.9766978211e-07, 1.75861920582e-08, 2.00267424866e-09, 3.49982015591e-10, 1.80968746932e-11, 4.62960059178e-10, 2.73135358775e-09], "dvar2": [4.40318489075, 116.565361023, 243.108062744, 664.397583008, 5712.86181641, 19619.1152344, 15153.5341797, 7574.61230469, 2884.4909668, 847.788391113, 916.886047363, 1721.15661621, 760.642883301, 1362.97302246, 5258.36425781, 942.492431641, 655.655151367, 653.975158691, 503.922729492, 1866.29516602, 365.963134766, 221.875808716, 165.619400024, 134.649734497, 67.4086532593, 43.3803749084, 43.0897979736, 11.403629303, 5.09729623795, 0.194766059518, 0.00376129732467, 0.00016737356782, 1.28156880237e-05, 1.40744509736e-06, 4.04142532773e-08, 5.21791942987e-09, 9.34435639977e-10, 5.35894731368e-11, 1.22493870602e-09, 7.25395610246e-09], "max": [11.9138851166, 72.3712463379, 138.270004272, 262.301239014, 584.1875, 1040.18200684, 870.315246582, 976.294128418, 574.383239746, 640.673461914, 779.037231445, 856.728393555, 697.902160645, 925.522277832, 1303.99206543, 457.067779541, 962.799743652, 1433.36560059, 400.556793213, 1931.51538086, 341.083740234, 322.307128906, 199.263427734, 161.924331665, 101.375671387, 96.6655197144, 67.6650085449, 75.7095031738, 65.4580154419, 24.1913757324, 3.16295933723, 0.303063243628, 0.0525583662093, 0.0155491838232, 0.00275732856244, 0.00143367133569, 0.000510299461894, 0.000111123204988, 0.000230527512031, 0.000551711418666], "mean": [2.19685411453, 7.53110837936, 10.8370943069, 6.77590894699, 11.2321081161, 27.3751049042, 34.1641120911, 42.731174469, 15.3619995117, 11.4627332687, 13.3038978577, 13.562371254, 8.95676612854, 10.0799484253, 17.2657051086, 9.63087749481, 7.72738647461, 7.40106391907, 10.3061990738, 11.3543434143, 8.08641815186, 6.84922361374, 5.04035806656, 6.1610827446, 3.91856789589, 1.72115588188, 1.66230154037, 0.960123360157, 0.408171504736, 0.118882119656, 0.0276556611061, 0.00788139086217, 0.00154569919687, 0.000449476094218, 0.000128041327116, 5.52682031412e-05, 2.82654691546e-05, 4.31958505942e-06, 3.62976388715e-05, 8.72819364304e-05], "median": [0.323905616999, 1.83075749874, 3.031052351, 2.69738769531, 3.15603137016, 5.66229867935, 9.10381793976, 6.85128736496, 4.13425970078, 3.77128624916, 2.737814188, 2.99444937706, 1.99659383297, 2.18001580238, 2.34560728073, 1.26217758656, 1.38910222054, 0.965387821198, 1.35021424294, 1.35340034962, 1.14804971218, 0.930800974369, 0.583992362022, 0.640262663364, 0.55774897337, 0.272221535444, 0.234240248799, 0.118403382599, 0.0423202253878, 0.0161330420524, 0.00661510461941, 0.00237695500255, 0.000738688162528, 0.00024577594013, 9.40928293858e-05, 4.85685159219e-05, 2.23967672355e-05, 3.26008944285e-06, 2.36311861954e-05, 5.45755247003e-05], "min": [2.05704710709e-23, 3.8067695934e-22, 1.21360482117e-21, 4.41147618357e-21, 1.18422448057e-20, 1.47768045458e-20, 3.54362881948e-20, 4.2193216426e-20, 7.85053596425e-20, 1.41309021801e-19, 1.69287682238e-19, 2.69800543969e-19, 3.45768397835e-19, 5.5820453501e-19, 8.28978593012e-19, 1.17963275898e-18, 1.68670533123e-18, 1.57857183546e-18, 2.0511148904e-18, 2.68305626977e-18, 3.3011283118e-18, 2.52225897613e-18, 3.37407964477e-18, 5.81085612204e-18, 6.22033947658e-18, 7.69967424715e-18, 8.68232428301e-18, 8.10715251588e-18, 9.55312212926e-18, 1.07682165347e-17, 8.93234127752e-18, 9.70446143978e-18, 8.1962547571e-18, 7.43841173222e-18, 6.21106471396e-18, 3.9467938583e-18, 1.73492903036e-18, 9.73887711634e-19, 2.10192409763e-19, 2.59255189924e-20], "var": [6.58621692657, 92.5351257324, 211.960876465, 161.703140259, 1229.09899902, 4559.17724609, 4500.59082031, 9039.62792969, 1692.31555176, 831.894042969, 1821.4597168, 1536.1418457, 712.242614746, 1000.35766602, 2573.2824707, 666.395263672, 758.475769043, 963.73046875, 745.885070801, 1466.89819336, 341.957794189, 246.11831665, 163.53717041, 188.05921936, 71.7910690308, 32.1297149658, 21.5357284546, 9.34734916687, 4.03147268295, 0.434080004692, 0.00729044806212, 0.000199679619982, 8.57695340528e-06, 7.45580166495e-07, 2.70749946907e-08, 3.22717830237e-09, 7.29125371191e-10, 2.29179800137e-11, 1.17133558408e-09, 6.899075089e-09]}, "gfcc": {"mean": [-175.394958496, 194.774383545, -108.845115662, 35.1798324585, -25.0456809998, -18.1553382874, -6.07712459564, -15.1869621277, -2.06359839439, -9.95348453522, 0.995987176895, -5.9817738533, 6.03706598282], "cov": [[50717.4453125, 7430.03662109, -5500.18701172, 4289.36132812, -532.484802246, -646.101379395, 1312.97937012, -610.649169922, 876.339355469, -63.9737815857, 711.077941895, -120.760307312, 737.086181641], [7430.03662109, 2258.42822266, -183.380325317, -44.1403503418, 114.823532104, -88.7067260742, 157.458023071, -55.8651657104, 26.3298091888, -5.24642848969, 93.7319641113, -66.5324935913, 54.6370506287], [-5500.18701172, -183.380325317, 2324.68334961, -427.314941406, 562.076049805, 250.18270874, 180.367233276, 299.533905029, 39.7087440491, 161.317321777, 40.9065475464, 48.3252639771, -81.1179199219], [4289.36132812, -44.1403503418, -427.314941406, 1178.27392578, 41.7465705872, -111.232650757, 261.06451416, 36.5943145752, 223.372802734, 6.14519071579, 65.9154968262, 37.7653846741, 111.245529175], [-532.484802246, 114.823532104, 562.076049805, 41.7465705872, 519.642944336, 81.4245681763, 120.82926178, 143.124450684, 85.2465286255, 66.4710693359, 9.53866195679, 32.6087989807, 21.4680938721], [-646.101379395, -88.7067260742, 250.18270874, -111.232650757, 81.4245681763, 293.671875, 122.907546997, 2.59215641022, 41.9929962158, 100.010704041, 49.7005462646, 3.25601649284, -2.03783583641], [1312.97937012, 157.458023071, 180.367233276, 261.06451416, 120.82926178, 122.907546997, 361.493865967, 64.7365570068, 93.0506668091, 109.608932495, 93.3894195557, 20.9270744324, 48.9852714539], [-610.649169922, -55.8651657104, 299.533905029, 36.5943145752, 143.124450684, 2.59215641022, 64.7365570068, 213.160385132, 98.1558532715, 12.0893182755, 8.25647449493, 22.4591464996, -11.5621137619], [876.339355469, 26.3298091888, 39.7087440491, 223.372802734, 85.2465286255, 41.9929962158, 93.0506668091, 98.1558532715, 238.982131958, 98.3498306274, 41.289478302, 18.5518569946, 15.4765195847], [-63.9737815857, -5.24642848969, 161.317321777, 6.14519071579, 66.4710693359, 100.010704041, 109.608932495, 12.0893182755, 98.3498306274, 170.868850708, 72.1059417725, 3.8157749176, 2.04683446884], [711.077941895, 93.7319641113, 40.9065475464, 65.9154968262, 9.53866195679, 49.7005462646, 93.3894195557, 8.25647449493, 41.289478302, 72.1059417725, 133.538772583, 41.8750610352, 27.6383323669], [-120.760307312, -66.5324935913, 48.3252639771, 37.7653846741, 32.6087989807, 3.25601649284, 20.9270744324, 22.4591464996, 18.5518569946, 3.8157749176, 41.8750610352, 91.570098877, 39.42603302], [737.086181641, 54.6370506287, -81.1179199219, 111.245529175, 21.4680938721, -2.03783583641, 48.9852714539, -11.5621137619, 15.4765195847, 2.04683446884, 27.6383323669, 39.42603302, 94.9190216064]], "icov": [[0.000284310226562, -0.000893169664778, 0.000410310458392, -0.00084675027756, 0.000147261409438, -0.000285678572254, -7.18611554476e-05, 0.000182902964298, -0.00027999834856, 0.000240319946897, -0.000509478908498, 0.000156762835104, -0.000206985409022], [-0.000893169664778, 0.003476876067, -0.00123519578483, 0.00312581798062, -0.00088035594672, 0.00157260557171, -0.00049162999494, 0.000149568208144, 7.20952084521e-05, 0.000268393574515, 0.000533294747584, 0.000656305579469, 0.000274793477729], [0.000410310458392, -0.00123519578483, 0.00143483211286, -0.000991846085526, -0.000429250561865, -0.0006401600549, -0.000315271085128, -0.000598954560701, 0.00015250184515, -0.000212779443245, -0.000692936533596, -0.000158894908964, 0.000334000156727], [-0.00084675027756, 0.00312581798062, -0.000991846085526, 0.00468860939145, -0.000957200769335, 0.00242347456515, -0.0019356404664, 0.000893778866157, -0.00190249818843, 0.00159908772912, 0.000396962219384, 0.000453409942565, -0.000218477332965], [0.000147261409438, -0.00088035594672, -0.000429250561865, -0.000957200769335, 0.00350057566538, -0.000886279216502, 0.000264422676992, -0.00158129748888, 0.000376751442673, -0.00125700654462, 0.00152067327872, -0.000957002630457, -0.00110123981722], [-0.000285678572254, 0.00157260557171, -0.0006401600549, 0.00242347456515, -0.000886279216502, 0.00648498861119, -0.00275301677175, 0.00224222964607, -0.00192101986613, 9.9832417618e-05, -0.000956841511652, 0.00104079500306, 0.000116728107969], [-7.18611554476e-05, -0.00049162999494, -0.000315271085128, -0.0019356404664, 0.000264422676992, -0.00275301677175, 0.00690702907741, -0.00296292454004, 0.00283539877273, -0.00384594406933, -0.000371827802155, 6.78197247908e-05, -0.00150347291492], [0.000182902964298, 0.000149568208144, -0.000598954560701, 0.000893778866157, -0.00158129748888, 0.00224222964607, -0.00296292454004, 0.010764522478, -0.00663727335632, 0.00572599703446, -0.00208784732968, 0.000153910470544, 0.00168304762337], [-0.00027999834856, 7.20952084521e-05, 0.00015250184515, -0.00190249818843, 0.000376751442673, -0.00192101986613, 0.00283539877273, -0.00663727335632, 0.0119867287576, -0.00870934408158, 0.00309981615283, -0.00235566846095, 0.000403891783208], [0.000240319946897, 0.000268393574515, -0.000212779443245, 0.00159908772912, -0.00125700654462, 9.9832417618e-05, -0.00384594406933, 0.00572599703446, -0.00870934408158, 0.0166736263782, -0.00751917576417, 0.00422488665208, 0.000387119740481], [-0.000509478908498, 0.000533294747584, -0.000692936533596, 0.000396962219384, 0.00152067327872, -0.000956841511652, -0.000371827802155, -0.00208784732968, 0.00309981615283, -0.00751917576417, 0.0159334372729, -0.00777037860826, 0.000409806030802], [0.000156762835104, 0.000656305579469, -0.000158894908964, 0.000453409942565, -0.000957002630457, 0.00104079500306, 6.78197247908e-05, 0.000153910470544, -0.00235566846095, 0.00422488665208, -0.00777037860826, 0.0187345501035, -0.00726588629186], [-0.000206985409022, 0.000274793477729, 0.000334000156727, -0.000218477332965, -0.00110123981722, 0.000116728107969, -0.00150347291492, 0.00168304762337, 0.000403891783208, 0.000387119740481, 0.000409806030802, -0.00726588629186, 0.0165829006582]]}, "melbands": {"dmean": [0.00500360969454, 0.00245420867577, 0.000840435619466, 0.00112319528125, 0.000803541450296, 0.000417142611695, 0.000127045321278, 6.69698856655e-05, 4.98804802191e-05, 4.66257406515e-05, 2.652922376e-05, 2.58900818153e-05, 3.88377011404e-05, 2.08904511965e-05, 1.22454830489e-05, 9.46204545471e-06, 7.83449286246e-06, 9.15618147701e-06, 8.76625381352e-06, 8.70566600497e-06, 5.35310709893e-06, 4.05244418289e-06, 4.09412359659e-06, 2.12322856896e-06, 2.83086842501e-06, 2.35068819165e-06, 8.6938507593e-07, 8.00553266345e-07, 8.10736992207e-07, 5.63533944842e-07, 3.01016115145e-07, 1.84392263236e-07, 9.3259025391e-08, 2.5011120286e-08, 8.35988878123e-09, 4.1728496214e-09, 1.73761760536e-09, 6.21706019999e-10, 3.95787763674e-10, 1.66735236728e-10], "dmean2": [0.00752794696018, 0.00391871063039, 0.00148208974861, 0.00197755289264, 0.00140165514313, 0.000670179142617, 0.000213829654967, 0.000110239991045, 8.0133555457e-05, 7.49386526877e-05, 4.31633852713e-05, 4.15394570155e-05, 6.27843837719e-05, 3.38409772667e-05, 1.92192237591e-05, 1.45831036207e-05, 1.21059038065e-05, 1.39644989758e-05, 1.34084948513e-05, 1.34544425237e-05, 8.2979513536e-06, 6.25409893473e-06, 6.2712615545e-06, 3.21012521454e-06, 4.38479810327e-06, 3.52324218511e-06, 1.33919991185e-06, 1.17303750358e-06, 1.28169563141e-06, 8.59823273913e-07, 4.26401840059e-07, 2.69694453436e-07, 1.32425526544e-07, 3.18191410997e-08, 1.19785479313e-08, 6.30751051389e-09, 2.67979816115e-09, 9.48679912405e-10, 6.47136677578e-10, 2.62618066182e-10], "dvar": [9.28864828893e-05, 3.52652969013e-05, 1.04894315882e-05, 2.21396185225e-05, 8.01771420811e-06, 1.39304904678e-06, 2.06611787235e-07, 3.84507252704e-08, 2.32263346334e-08, 2.62618282676e-08, 8.57773940766e-09, 9.77914371703e-09, 2.03078958094e-08, 5.41586597791e-09, 1.62083491073e-09, 1.43654588225e-09, 1.2049139464e-09, 7.41014860584e-10, 8.86576423387e-10, 9.65778568229e-10, 2.22842813646e-10, 1.10861743396e-10, 1.49948595207e-10, 4.51800021006e-11, 5.07987783782e-11, 3.48076706347e-11, 8.36446883978e-12, 1.16465682584e-11, 1.17185419354e-11, 2.84504256091e-12, 1.27775502852e-12, 8.34335259301e-13, 2.26744675553e-13, 1.57205655828e-14, 8.8462109308e-16, 7.82096622191e-17, 1.86029726846e-17, 2.45655477931e-18, 1.7817743364e-18, 1.8723472272e-19], "dvar2": [0.000252759666182, 9.11049282877e-05, 3.0524781323e-05, 6.4631960413e-05, 2.33814644162e-05, 3.61770412383e-06, 5.61509239105e-07, 8.89852245223e-08, 5.51174288432e-08, 6.28747187648e-08, 1.95433518257e-08, 2.33140617922e-08, 5.25477830138e-08, 1.4248447755e-08, 3.64502117378e-09, 2.80399903296e-09, 2.24513008185e-09, 1.7008834341e-09, 1.98343541591e-09, 2.26096785738e-09, 5.0403597962e-10, 2.49093912164e-10, 3.6641836787e-10, 8.99847973912e-11, 1.14082708558e-10, 8.0998707741e-11, 1.70263560195e-11, 2.53493320085e-11, 2.94719318394e-11, 6.56919484088e-12, 2.56051516795e-12, 1.96909003859e-12, 3.89457102635e-13, 1.83528780145e-14, 1.89509243564e-15, 1.82668531366e-16, 4.29001574443e-17, 5.48294435643e-18, 4.53917801321e-18, 4.27846815833e-19], "max": [0.0848023071885, 0.0741871446371, 0.053135253489, 0.0585268065333, 0.034549895674, 0.0197425894439, 0.00797594152391, 0.00624962057918, 0.00583031401038, 0.00452970340848, 0.00344240944833, 0.00414464669302, 0.00361517374404, 0.00160717044491, 0.00191235344391, 0.00210290960968, 0.00241815042682, 0.000929204572458, 0.0016557504423, 0.00175943248905, 0.000372053094907, 0.000268787349341, 0.000364093633834, 0.000125323786051, 0.000148977749632, 0.000128671730636, 5.35958097316e-05, 7.15120404493e-05, 5.75795820623e-05, 4.68446341984e-05, 3.3879539842e-05, 4.03591475333e-05, 2.5918978281e-05, 9.80960066954e-06, 1.81274663191e-06, 3.12887237897e-07, 9.25756182824e-08, 3.37889503044e-08, 1.8890519371e-08, 9.3526315581e-09], "mean": [0.0160331837833, 0.00698301848024, 0.00132022972684, 0.00141877157148, 0.00127538922243, 0.00094259751495, 0.000208441269933, 0.000121821882203, 0.000107922416646, 7.81072667451e-05, 4.24765421485e-05, 3.85108869523e-05, 5.66437702219e-05, 3.13340460707e-05, 1.98186753551e-05, 1.3925075109e-05, 1.40285119414e-05, 1.66400659509e-05, 1.4314407963e-05, 1.37936949614e-05, 8.85457848199e-06, 6.87252031639e-06, 6.69637574902e-06, 3.4413189951e-06, 5.25151563124e-06, 4.14797841586e-06, 1.35348318508e-06, 1.07056223442e-06, 1.07540574845e-06, 8.82007952896e-07, 4.23487847456e-07, 2.39890880493e-07, 1.31644611656e-07, 4.05005131654e-08, 1.56252291106e-08, 8.52577919375e-09, 3.13722714473e-09, 1.02450647965e-09, 5.14195741541e-10, 2.61186211548e-10], "median": [0.00273564388044, 0.00174980971497, 0.000533709651791, 0.000314955483191, 0.000358076184057, 0.000149823303218, 4.98617591802e-05, 3.49702968379e-05, 2.09516329051e-05, 1.67048820003e-05, 7.65418644733e-06, 6.87841657054e-06, 6.34940124655e-06, 3.21811239701e-06, 3.02883654513e-06, 1.98369889404e-06, 1.46164018133e-06, 1.99955798053e-06, 1.65866981661e-06, 1.43041495448e-06, 1.10582334401e-06, 9.22583978991e-07, 5.40175335573e-07, 4.1344122792e-07, 4.62433376924e-07, 4.68195139547e-07, 2.11753558688e-07, 1.50175395675e-07, 1.51824423256e-07, 1.03593443157e-07, 4.81384425655e-08, 2.27670078345e-08, 1.27571961883e-08, 6.36921626551e-09, 3.78200759599e-09, 2.25543694832e-09, 1.02246999756e-09, 4.80062101182e-10, 2.28201665897e-10, 1.28359670115e-10], "min": [2.87378749069e-25, 6.33252372425e-25, 9.94818288078e-25, 9.15226364261e-25, 1.1347601419e-24, 1.02307420102e-24, 1.10779431237e-24, 1.45135388621e-24, 1.47394055165e-24, 1.31946008995e-24, 1.46744901526e-24, 1.9817945099e-24, 2.55482188816e-24, 2.5185806321e-24, 2.22064443427e-24, 2.40701518971e-24, 2.25511962798e-24, 2.53910718728e-24, 1.91664761533e-24, 3.64721990363e-24, 2.90444622464e-24, 2.16904385917e-24, 2.14967890167e-24, 3.20922618525e-24, 3.34066934472e-24, 3.7352315371e-24, 3.67625669026e-24, 4.35444474921e-24, 3.9101752479e-24, 5.2298756446e-24, 4.52193490775e-24, 5.05028514864e-24, 4.61544608502e-24, 4.28023857601e-24, 3.86400953001e-24, 5.38674694649e-24, 4.58799490881e-24, 4.14098529915e-24, 5.68763230081e-24, 5.86315345779e-24], "var": [0.000339921418345, 7.78073226684e-05, 7.14542557034e-06, 1.42015396705e-05, 6.10574625171e-06, 4.08340383729e-06, 3.27166873149e-07, 9.20812226468e-08, 1.11411019077e-07, 5.30998498505e-08, 1.7983124323e-08, 1.81763866181e-08, 2.62274326701e-08, 7.10538961002e-09, 3.7424139343e-09, 3.14995873829e-09, 3.37504513226e-09, 2.40264452778e-09, 1.73140468629e-09, 1.80941384098e-09, 4.82547390934e-10, 2.42239978077e-10, 3.4248082148e-10, 8.50191722579e-11, 1.48845588632e-10, 8.50831211041e-11, 1.45132942123e-11, 1.55431691823e-11, 1.19864361492e-11, 4.92820367848e-12, 2.29607825808e-12, 1.36385531774e-12, 5.91265317956e-13, 5.26096940805e-14, 2.23860516509e-15, 2.33604010617e-16, 3.28257659454e-17, 3.73220790457e-18, 1.67131646311e-18, 2.57232775332e-19]}, "mfcc": {"mean": [-781.61114502, 195.985321045, -2.44488477707, 51.8996009827, 4.10802078247, 10.5463161469, 2.6892156601, 1.35072445869, 2.55816864967, -0.20788231492, -2.13752627373, -0.590581178665, 1.15640819073], "cov": [[15131.5527344, 4521.95019531, -2449.76318359, 2518.89428711, -242.084365845, 676.868591309, -19.0553741455, 293.462036133, 211.94078064, 194.545883179, 41.4765510559, 144.292816162, 129.128860474], [4521.95019531, 3334.72290039, 326.862365723, 538.320983887, 251.244522095, 222.683990479, 323.004241943, 111.754814148, 158.658554077, 157.924728394, 170.448669434, 158.510253906, 153.715942383], [-2449.76318359, 326.862365723, 1336.53662109, -286.918365479, 236.938232422, -21.0013885498, 196.446762085, 46.5659446716, 42.0091133118, 33.9995422363, 101.824630737, 73.0433502197, 48.6873664856], [2518.89428711, 538.320983887, -286.918365479, 956.108215332, 149.139389038, 79.8069229126, -8.25271892548, 169.757553101, 131.227310181, 47.8952102661, 40.1946601868, 70.8976135254, -5.32901382446], [-242.084365845, 251.244522095, 236.938232422, 149.139389038, 364.480621338, 31.9020233154, 43.737663269, 91.0490493774, 94.3567352295, 76.1888961792, 66.2786331177, 54.1391334534, 32.3061752319], [676.868591309, 222.683990479, -21.0013885498, 79.8069229126, 31.9020233154, 279.219726562, 92.9579696655, -1.81307780743, 39.4572639465, 64.7492446899, 29.7742595673, 4.96600914001, 70.4249420166], [-19.0553741455, 323.004241943, 196.446762085, -8.25271892548, 43.737663269, 92.9579696655, 248.685714722, 42.4825325012, 22.1081829071, 34.7720375061, 23.7974147797, 39.5321426392, 34.636806488], [293.462036133, 111.754814148, 46.5659446716, 169.757553101, 91.0490493774, -1.81307780743, 42.4825325012, 176.647216797, 81.4626235962, 20.4631748199, 39.2925605774, 51.6253662109, 18.0012073517], [211.94078064, 158.658554077, 42.0091133118, 131.227310181, 94.3567352295, 39.4572639465, 22.1081829071, 81.4626235962, 151.51399231, 71.6728286743, 56.7424087524, 36.8677444458, 35.8545646667], [194.545883179, 157.924728394, 33.9995422363, 47.8952102661, 76.1888961792, 64.7492446899, 34.7720375061, 20.4631748199, 71.6728286743, 130.571350098, 75.7208328247, 27.8688144684, 41.9229850769], [41.4765510559, 170.448669434, 101.824630737, 40.1946601868, 66.2786331177, 29.7742595673, 23.7974147797, 39.2925605774, 56.7424087524, 75.7208328247, 163.82989502, 85.5839996338, 40.6735572815], [144.292816162, 158.510253906, 73.0433502197, 70.8976135254, 54.1391334534, 4.96600914001, 39.5321426392, 51.6253662109, 36.8677444458, 27.8688144684, 85.5839996338, 116.738212585, 46.7360801697], [129.128860474, 153.715942383, 48.6873664856, -5.32901382446, 32.3061752319, 70.4249420166, 34.636806488, 18.0012073517, 35.8545646667, 41.9229850769, 40.6735572815, 46.7360801697, 128.779678345]], "icov": [[0.00523071596399, -0.00729305949062, 0.00743842916563, -0.00707314768806, 0.00728578586131, -0.00799931120127, 0.00670871511102, -0.00681326631457, 0.00572211528197, -0.00476875109598, 0.00425337580964, -0.0038285118062, 0.00205554463901], [-0.00729305949062, 0.0105895372108, -0.0104349004105, 0.00957608409226, -0.0102185029536, 0.0111788101494, -0.00983437150717, 0.00977865792811, -0.00804104004055, 0.00661176862195, -0.00612020306289, 0.00533758476377, -0.00317522557452], [0.00743842916563, -0.0104349004105, 0.0117597412318, -0.00956461858004, 0.00953137595206, -0.0110254539177, 0.00870385859162, -0.00965657643974, 0.00792423915118, -0.00616388581693, 0.00539093092084, -0.00531953526661, 0.00283048464917], [-0.00707314768806, 0.00957608409226, -0.00956461858004, 0.0114299962297, -0.0103219151497, 0.0101387808099, -0.00845925416797, 0.00792529899627, -0.00835533440113, 0.00653271656483, -0.00520295044407, 0.00405941298231, -0.00166703457944], [0.00728578586131, -0.0102185029536, 0.00953137595206, -0.0103219151497, 0.0144045352936, -0.0112764006481, 0.00987293384969, -0.0105442591012, 0.00730325980112, -0.00843162182719, 0.00641703698784, -0.00593414762989, 0.00307085597888], [-0.00799931120127, 0.0111788101494, -0.0110254539177, 0.0101387808099, -0.0112764006481, 0.0179206933826, -0.0126333208755, 0.0117429783568, -0.00910481531173, 0.00630589900538, -0.00750786950812, 0.00832537654787, -0.00611744308844], [0.00670871511102, -0.00983437150717, 0.00870385859162, -0.00845925416797, 0.00987293384969, -0.0126333208755, 0.015261715278, -0.0107697295025, 0.0082675004378, -0.00763423694298, 0.00751705653965, -0.00748694175854, 0.00372998346575], [-0.00681326631457, 0.00977865792811, -0.00965657643974, 0.00792529899627, -0.0105442591012, 0.0117429783568, -0.0107697295025, 0.0190242957324, -0.0118606286123, 0.00846910756081, -0.00607647234574, 0.00345282326452, -0.00318960566074], [0.00572211528197, -0.00804104004055, 0.00792423915118, -0.00835533440113, 0.00730325980112, -0.00910481531173, 0.0082675004378, -0.0118606286123, 0.0189792495221, -0.0103542581201, 0.00423219241202, -0.00369391264394, 0.00119048834313], [-0.00476875109598, 0.00661176862195, -0.00616388581693, 0.00653271656483, -0.00843162182719, 0.00630589900538, -0.00763423694298, 0.00846910756081, -0.0103542581201, 0.0199414975941, -0.0104229226708, 0.00696775130928, -0.00381915876642], [0.00425337580964, -0.00612020306289, 0.00539093092084, -0.00520295044407, 0.00641703698784, -0.00750786950812, 0.00751705653965, -0.00607647234574, 0.00423219241202, -0.0104229226708, 0.0176680032164, -0.0128397233784, 0.00340476934798], [-0.0038285118062, 0.00533758476377, -0.00531953526661, 0.00405941298231, -0.00593414762989, 0.00832537654787, -0.00748694175854, 0.00345282326452, -0.00369391264394, 0.00696775130928, -0.0128397233784, 0.0220713913441, -0.00708083668724], [0.00205554463901, -0.00317522557452, 0.00283048464917, -0.00166703457944, 0.00307085597888, -0.00611744308844, 0.00372998346575, -0.00318960566074, 0.00119048834313, -0.00381915876642, 0.00340476934798, -0.00708083668724, 0.0127789396793]]}, "spectral_contrast_coeffs": {"dmean": [0.0432409755886, 0.0431881435215, 0.0351768471301, 0.0281817149371, 0.019629670307, 0.0238546710461], "dmean2": [0.0698881670833, 0.070181235671, 0.0564472861588, 0.0449976287782, 0.0312327481806, 0.0372604876757], "dvar": [0.00181871559471, 0.00145221326966, 0.00094928254839, 0.000609799462836, 0.000324210675899, 0.000717272050679], "dvar2": [0.00470705330372, 0.00363469612785, 0.00229122466408, 0.00147829693742, 0.000738991249818, 0.00166839442682], "max": [-0.317237854004, -0.314979076385, -0.452833473682, -0.485488831997, -0.503171205521, -0.495146274567], "mean": [-0.667688906193, -0.707410752773, -0.778469800949, -0.802102267742, -0.815582156181, -0.710672199726], "median": [-0.686981260777, -0.718407869339, -0.78576695919, -0.809425830841, -0.821916520596, -0.699404776096], "min": [-0.984217941761, -0.981087088585, -0.98247897625, -0.973788678646, -0.970533072948, -0.964897096157], "var": [0.0127302939072, 0.013320052065, 0.00715881027281, 0.00501886382699, 0.00351541582495, 0.00924313347787]}, "spectral_contrast_valleys": {"dmean": [0.369892716408, 0.378739655018, 0.376812815666, 0.374731659889, 0.296097993851, 0.268651127815], "dmean2": [0.587554872036, 0.615905702114, 0.588205993176, 0.55717509985, 0.406056731939, 0.416504710913], "dvar": [0.178569838405, 0.156946212053, 0.176453053951, 0.185900777578, 0.142320126295, 0.0935326963663], "dvar2": [0.3636893332, 0.358702212572, 0.379007577896, 0.3641546