{"lowlevel": {"average_loudness": 0.941054284573, "barkbands_crest": {"dmean": 3.37247467041, "dmean2": 5.18290519714, "dvar": 11.2768011093, "dvar2": 24.2187862396, "max": 26.5441818237, "mean": 14.9177732468, "median": 14.8765926361, "min": 2.51127719879, "var": 39.9797286987}, "barkbands_flatness_db": {"dmean": 0.0388793721795, "dmean2": 0.0571956411004, "dvar": 0.00169969000854, "dvar2": 0.00380756426603, "max": 0.690828442574, "mean": 0.167334109545, "median": 0.150056049228, "min": 0.0206459928304, "var": 0.00703138485551}, "barkbands_kurtosis": {"dmean": 12.1734628677, "dmean2": 18.7586040497, "dvar": 3205.41479492, "dvar2": 7692.54101562, "max": 3405.45141602, "mean": 16.2114982605, "median": 3.36278915405, "min": -1.83107280731, "var": 3871.41699219}, "barkbands_skewness": {"dmean": 1.06774842739, "dmean2": 1.5843462944, "dvar": 2.14217925072, "dvar2": 4.46103096008, "max": 39.134475708, "mean": 2.63011026382, "median": 1.91237294674, "min": -2.05520772934, "var": 6.49236726761}, "barkbands_spread": {"dmean": 8.08000087738, "dmean2": 12.7867355347, "dvar": 88.0779418945, "dvar2": 210.307800293, "max": 83.9740219116, "mean": 21.1838302612, "median": 18.7384681702, "min": 0.0334099717438, "var": 215.147766113}, "dissonance": {"dmean": 0.0184657815844, "dmean2": 0.0309213846922, "dvar": 0.000326090987073, "dvar2": 0.000864788424224, "max": 0.500000178814, "mean": 0.469517201185, "median": 0.476002007723, "min": 0.171409621835, "var": 0.000614800432231}, "dynamic_complexity": 2.46352648735, "erbbands_crest": {"dmean": 3.34198474884, "dmean2": 5.5017914772, "dvar": 10.1797485352, "dvar2": 25.6953449249, "max": 31.2547245026, "mean": 8.95559406281, "median": 7.80992078781, "min": 2.53660774231, "var": 20.601474762}, "erbbands_flatness_db": {"dmean": 0.0210180282593, "dmean2": 0.0310120470822, "dvar": 0.000571296783164, "dvar2": 0.001094910549, "max": 0.428950369358, "mean": 0.149628967047, "median": 0.13716609776, "min": 0.0477464385331, "var": 0.00287489732727}, "erbbands_kurtosis": {"dmean": 1.00016951561, "dmean2": 1.60667908192, "dvar": 5.86911916733, "dvar2": 12.2874670029, "max": 176.703292847, "mean": 0.350721567869, "median": -0.14103269577, "min": -1.77462637424, "var": 11.8100748062}, "erbbands_skewness": {"dmean": 0.426800638437, "dmean2": 0.666859447956, "dvar": 0.179224148393, "dvar2": 0.417523801327, "max": 10.5812368393, "mean": 0.288170844316, "median": 0.263279289007, "min": -2.17347931862, "var": 0.504654288292}, "erbbands_spread": {"dmean": 11.147562027, "dmean2": 16.2410430908, "dvar": 120.399559021, "dvar2": 241.93145752, "max": 201.732910156, "mean": 45.0564575195, "median": 41.2307853699, "min": 1.31674420834, "var": 524.875}, "hfc": {"dmean": 8.93888664246, "dmean2": 14.2167654037, "dvar": 306.447937012, "dvar2": 822.873474121, "max": 203.209732056, "mean": 19.7990398407, "median": 14.9963960648, "min": 1.16637005937e-16, "var": 366.504241943}, "melbands_crest": {"dmean": 4.2393860817, "dmean2": 6.6016368866, "dvar": 18.2001266479, "dvar2": 39.1215133667, "max": 38.5070228577, "mean": 21.0570049286, "median": 21.5991020203, "min": 2.58507323265, "var": 65.9319839478}, "melbands_flatness_db": {"dmean": 0.0469039343297, "dmean2": 0.0686235576868, "dvar": 0.00246889400296, "dvar2": 0.00542399287224, "max": 0.836232841015, "mean": 0.228643447161, "median": 0.213889747858, "min": 0.00580351380631, "var": 0.0112623879686}, "melbands_kurtosis": {"dmean": 24.4662342072, "dmean2": 36.9919090271, "dvar": 2384.17041016, "dvar2": 5106.18603516, "max": 1134.88867188, "mean": 41.4129829407, "median": 13.5986919403, "min": -1.64174580574, "var": 7161.64306641}, "melbands_skewness": {"dmean": 1.45582938194, "dmean2": 2.16179943085, "dvar": 2.96989011765, "dvar2": 6.1556968689, "max": 31.1525096893, "mean": 4.30827665329, "median": 3.30699777603, "min": -1.43176281452, "var": 11.6878662109}, "melbands_spread": {"dmean": 9.05485153198, "dmean2": 14.5765542984, "dvar": 148.434448242, "dvar2": 360.203186035, "max": 178.452606201, "mean": 19.7608661652, "median": 15.3433055878, "min": 0.129925072193, "var": 315.116455078}, "pitch_salience": {"dmean": 0.102685779333, "dmean2": 0.158119022846, "dvar": 0.0105627225712, "dvar2": 0.0235132258385, "max": 0.971387922764, "mean": 0.417194575071, "median": 0.429459244013, "min": 0.0202205535024, "var": 0.0345100089908}, "silence_rate_20dB": {"dmean": 0, "dmean2": 0, "dvar": 0, "dvar2": 0, "max": 1, "mean": 1, "median": 1, "min": 1, "var": 0}, "silence_rate_30dB": {"dmean": 0.0734042525291, "dmean2": 0.146824136376, "dvar": 0.0680171400309, "dvar2": 0.144423097372, "max": 1, "mean": 0.884161233902, "median": 1, "min": 0, "var": 0.102426432073}, "silence_rate_60dB": {"dmean": 0.0223404262215, "dmean2": 0.0446856059134, "dvar": 0.0218421649188, "dvar2": 0.0492773316801, "max": 1, "mean": 0.040314860642, "median": 0, "min": 0, "var": 0.0386864170432}, "spectral_centroid": {"dmean": 384.246124268, "dmean2": 603.208984375, "dvar": 189292.03125, "dvar2": 427718.625, "max": 11270.5136719, "mean": 1479.45153809, "median": 1418.96105957, "min": 63.3207817078, "var": 490264.65625}, "spectral_complexity": {"dmean": 5.17638301849, "dmean2": 8.06553936005, "dvar": 32.2792129517, "dvar2": 74.143447876, "max": 58, "mean": 17.852355957, "median": 17, "min": 0, "var": 85.8011856079}, "spectral_decrease": {"dmean": 4.83939022189e-09, "dmean2": 7.0562902188e-09, "dvar": 5.30610554918e-17, "dvar2": 1.14278072119e-16, "max": 1.74654113397e-20, "mean": -1.15752269991e-08, "median": -7.93124321774e-09, "min": -8.43732621547e-08, "var": 1.37906029713e-16}, "spectral_energy": {"dmean": 0.0186574999243, "dmean2": 0.0271964725107, "dvar": 0.000772125320509, "dvar2": 0.00166141905356, "max": 0.320627421141, "mean": 0.0454835630953, "median": 0.0317967422307, "min": 1.05872106759e-20, "var": 0.00200946978293}, "spectral_energyband_high": {"dmean": 0.000753318949137, "dmean2": 0.00121160002891, "dvar": 2.8577348985e-06, "dvar2": 7.68524932937e-06, "max": 0.0221152659506, "mean": 0.00121994211804, "median": 0.000657616066746, "min": 7.37043775179e-21, "var": 3.27841644321e-06}, "spectral_energyband_low": {"dmean": 0.0148561289534, "dmean2": 0.0215680319816, "dvar": 0.000642116647214, "dvar2": 0.00138456560671, "max": 0.313037753105, "mean": 0.0312781333923, "median": 0.0180961806327, "min": 5.14790936779e-23, "var": 0.00179557979573}, "spectral_energyband_middle_high": {"dmean": 0.00201515574008, "dmean2": 0.00332774035633, "dvar": 9.66416519077e-06, "dvar2": 2.5971161449e-05, "max": 0.0314120315015, "mean": 0.00410567782819, "median": 0.00316560338251, "min": 1.41135107077e-21, "var": 1.39525182021e-05}, "spectral_energyband_middle_low": {"dmean": 0.00773524167016, "dmean2": 0.0129029816017, "dvar": 0.000390290544601, "dvar2": 0.000995948794298, "max": 0.204898819327, "mean": 0.0102297719568, "median": 0.0044891606085, "min": 2.33186172867e-22, "var": 0.000371753936633}, "spectral_entropy": {"dmean": 0.234772950411, "dmean2": 0.357734382153, "dvar": 0.0711708143353, "dvar2": 0.162440016866, "max": 9.80851554871, "mean": 7.74975728989, "median": 7.8716468811, "min": 4.33706712723, "var": 0.213884815574}, "spectral_flux": {"dmean": 0.0425456613302, "dmean2": 0.0642204731703, "dvar": 0.00248292321339, "dvar2": 0.00469216518104, "max": 0.465319693089, "mean": 0.103907816112, "median": 0.0812208130956, "min": 1.05203734613e-10, "var": 0.00574379973114}, "spectral_kurtosis": {"dmean": 1.76703357697, "dmean2": 2.85136270523, "dvar": 10.945482254, "dvar2": 29.0433559418, "max": 53.100315094, "mean": 3.5010163784, "median": 2.28550386429, "min": -1.20455622673, "var": 17.7011318207}, "spectral_rms": {"dmean": 0.00128370919265, "dmean2": 0.00182178278919, "dvar": 2.47714433499e-06, "dvar2": 4.78356605527e-06, "max": 0.0176863577217, "mean": 0.00595118198544, "median": 0.00556966895238, "min": 3.21387404537e-12, "var": 8.95747780305e-06}, "spectral_rolloff": {"dmean": 681.293823242, "dmean2": 1140.18273926, "dvar": 1187448.625, "dvar2": 2688543, "max": 19832.0800781, "mean": 1280.85791016, "median": 839.794921875, "min": 43.06640625, "var": 2350811.75}, "spectral_skewness": {"dmean": 0.254201114178, "dmean2": 0.389211654663, "dvar": 0.102790363133, "dvar2": 0.257422745228, "max": 5.99049949646, "mean": 1.36686980724, "median": 1.25726258755, "min": -0.0297177564353, "var": 0.253727436066}, "spectral_spread": {"dmean": 598525.6875, "dmean2": 844786.625, "dvar": 628742094848, "dvar2": 965478842368, "max": 40630092, "mean": 5149350.5, "median": 5184243, "min": 1294956.25, "var": 3194594263040.0}, "spectral_strongpeak": {"dmean": 0.312234908342, "dmean2": 0.523558676243, "dvar": 0.232449516654, "dvar2": 0.600840985775, "max": 6.55525970459, "mean": 0.648283004761, "median": 0.465947926044, "min": 0, "var": 0.34237241745}, "zerocrossingrate": {"dmean": 0.0130298892036, "dmean2": 0.0151592651382, "dvar": 0.000205853677471, "dvar2": 0.000269043986918, "max": 0.52294921875, "mean": 0.0534534752369, "median": 0.04443359375, "min": 0.001953125, "var": 0.00151893612929}, "barkbands": {"dmean": [0.000760043214541, 0.0122127886862, 0.00356340734288, 0.00371618475765, 0.00396567676216, 0.000645769992843, 0.000831574609037, 0.000443463388365, 0.000462321884697, 0.000879809318576, 0.000279834552202, 0.000247271265835, 0.00028695302899, 0.000249008036917, 0.00038412923459, 0.000214159532334, 0.000172408064827, 0.000145366167999, 0.000214884261368, 0.000183155556442, 0.000203436735319, 0.000166559562786, 0.000147088154336, 0.000107667969132, 6.24225649517e-05, 3.311358887e-05, 4.35245192421e-06], "dmean2": [0.00108549313154, 0.0174846667796, 0.00590451667085, 0.0066306265071, 0.00714024389163, 0.00110994023271, 0.00136949098669, 0.000742401694879, 0.000726203026716, 0.00139478989877, 0.000468994636321, 0.000419172662077, 0.000473937689094, 0.000415755697759, 0.000633660936728, 0.000373927527107, 0.000305180758005, 0.000256661354797, 0.00037837374839, 0.000320189225022, 0.00034561517532, 0.000268714327831, 0.000230519595789, 0.000169653489138, 9.96172602754e-05, 5.58691426704e-05, 7.57325142331e-06], "dvar": [2.73372643278e-06, 0.000515378720593, 0.000153153756401, 0.000149595580297, 0.000152812281158, 1.72137004029e-06, 2.41365864895e-06, 7.21724688901e-07, 8.59478177517e-07, 2.599343361e-06, 3.302629068e-07, 2.68549428029e-07, 2.72033702231e-07, 2.58494537775e-07, 5.35299079729e-07, 2.1851522547e-07, 1.20520510904e-07, 1.12585283318e-07, 3.11066258973e-07, 2.8479479397e-07, 2.67250982233e-07, 9.86817667581e-08, 7.99579851218e-08, 5.06152701973e-08, 2.1666462402e-08, 1.31686128668e-08, 5.38528333038e-10], "dvar2": [5.24294182469e-06, 0.00105604657438, 0.000379924429581, 0.000416767405113, 0.000422593875555, 4.71682415082e-06, 5.88754028286e-06, 1.79778805887e-06, 1.92433117263e-06, 6.06422599958e-06, 8.34675006445e-07, 7.04929107087e-07, 6.85810277901e-07, 6.62411196117e-07, 1.36701351039e-06, 6.12792632637e-07, 3.42154208965e-07, 3.25703865656e-07, 8.97256597909e-07, 8.19361957838e-07, 7.61355465784e-07, 2.54871082461e-07, 1.93326059161e-07, 1.27377347781e-07, 5.47395160311e-08, 3.56510909683e-08, 1.38332356681e-09], "max": [0.0293272826821, 0.286142110825, 0.15075583756, 0.148786693811, 0.156397089362, 0.0195402670652, 0.0251507088542, 0.0209875665605, 0.0354358479381, 0.0289238169789, 0.0143896248192, 0.0118626570329, 0.012492608279, 0.0105453329161, 0.0101150218397, 0.00606595445424, 0.00421489961445, 0.00500434078276, 0.00738758826628, 0.00830409768969, 0.00667736306787, 0.00496627390385, 0.00450306665152, 0.00285242148675, 0.00185338535812, 0.00167354184669, 0.000657643773593], "mean": [0.0012401335407, 0.0257771126926, 0.00302387354895, 0.00281784916297, 0.00365707487799, 0.000809102435596, 0.00123544945382, 0.000694239453878, 0.000791140191723, 0.00125230499543, 0.000364002888091, 0.000309467111947, 0.000381640857086, 0.000354058633093, 0.000521195237525, 0.000272256933386, 0.000208735087654, 0.000177582012839, 0.000274272984825, 0.00023842167866, 0.000285134534352, 0.000261001317995, 0.000226470088819, 0.000168882441358, 9.7254080174e-05, 3.91238172597e-05, 5.55711540073e-06], "median": [0.000403075217037, 0.0144717022777, 0.000150139792822, 0.000198521913262, 0.000512540340424, 0.000301427557133, 0.000513125094585, 0.000235440995311, 0.00032364303479, 0.000547083152924, 0.000164940356626, 0.00013759311696, 0.000204115407541, 0.000158540453413, 0.000239535598666, 0.000129330379423, 0.000119144991913, 9.59663666436e-05, 0.000141954544233, 0.00011760788766, 0.000147134720464, 0.000132896064315, 0.00010836810543, 8.39785352582e-05, 3.85048988392e-05, 8.11898553366e-06, 1.97418401626e-07], "min": [3.65793150073e-25, 1.00397775205e-23, 1.75648794676e-24, 4.31248736759e-23, 1.46928199274e-23, 1.39064186905e-23, 6.72704671024e-23, 5.89885761791e-23, 2.51093653048e-23, 3.53998522873e-23, 2.51260686456e-23, 9.45732711982e-23, 5.88224420724e-23, 1.15728734695e-22, 6.48729042413e-23, 9.53857411326e-23, 1.58229960183e-22, 2.0811155373e-22, 1.71388690197e-22, 3.01957274292e-22, 3.6242468699e-22, 5.70551866476e-22, 5.04262862247e-22, 7.19271105016e-22, 1.12536438017e-21, 1.54980264723e-21, 2.44615300734e-21], "var": [7.19091985957e-06, 0.00142601015978, 0.000129493229906, 9.66619991232e-05, 0.000130363507196, 1.93105665858e-06, 4.46590911451e-06, 1.82590383702e-06, 2.55463896792e-06, 4.17973114963e-06, 4.17343358095e-07, 3.13812648756e-07, 3.45345142705e-07, 3.71767669094e-07, 7.69074745222e-07, 2.12669476696e-07, 9.73602567456e-08, 8.62270184143e-08, 2.40119902628e-07, 2.07749110359e-07, 2.33055942545e-07, 1.39918455488e-07, 1.22593647234e-07, 6.69304114354e-08, 3.07767429319e-08, 1.18550360639e-08, 7.90513932092e-10]}, "erbbands": {"dmean": [0.498752325773, 2.35037970543, 3.83007979393, 8.22811126709, 15.6274337769, 11.9465494156, 6.41953039169, 5.38515138626, 11.6847934723, 11.4252481461, 7.58273696899, 11.6198625565, 13.2160205841, 28.3244514465, 11.3744363785, 10.3973999023, 13.4304742813, 11.9326963425, 22.0605068207, 11.5086297989, 11.0122480392, 9.18521118164, 7.3799161911, 10.8086519241, 9.78695106506, 9.28634738922, 8.07591629028, 8.24572563171, 5.95915365219, 5.41305446625, 4.03432703018, 2.57244729996, 1.67056047916, 0.807486474514, 0.40581870079, 0.184268072248, 0.0534555763006, 0.00925090257078, 0.000716306793038, 4.17409719375e-05], "dmean2": [0.66929256916, 3.46038198471, 5.98078250885, 13.9772911072, 27.5450401306, 21.0713119507, 11.3206624985, 9.29638576508, 18.9819869995, 19.3475189209, 12.5092668533, 18.0537223816, 21.0240459442, 45.1336364746, 18.9012050629, 17.4847126007, 22.051902771, 19.808259964, 36.1442260742, 19.4918479919, 19.3484954834, 16.3006763458, 12.9261636734, 19.3096656799, 16.869726181, 16.1865882874, 13.7764663696, 14.0286684036, 9.72854232788, 8.62202453613, 6.34773349762, 4.02829456329, 2.68746519089, 1.27941465378, 0.66118901968, 0.312540054321, 0.0892287045717, 0.015965981409, 0.00124794209842, 6.66062478558e-05], "dvar": [0.80962240696, 23.0962467194, 144.961776733, 645.2421875, 2298.61035156, 1843.23083496, 275.612121582, 112.466705322, 482.24041748, 499.738098145, 202.487854004, 589.994995117, 652.854553223, 2876.23803711, 535.458007812, 473.230010986, 585.155944824, 576.022766113, 1844.90576172, 476.67489624, 619.336303711, 398.07989502, 212.153121948, 1161.52172852, 409.647155762, 805.321350098, 386.117858887, 434.221832275, 147.492706299, 93.7308349609, 59.4090766907, 24.960319519, 13.8963565826, 3.0301232338, 1.1089977026, 0.379961937666, 0.0378692671657, 0.00169801979791, 1.58314924192e-05, 2.02419681017e-08], "dvar2": [1.47093391418, 50.7039527893, 348.772705078, 1700.46362305, 6096.15429688, 5034.09521484, 775.586303711, 308.178833008, 1130.74523926, 1335.89221191, 493.498352051, 1280.54663086, 1463.56799316, 6853.50927734, 1351.91174316, 1247.46740723, 1468.1673584, 1462.77990723, 4634.87597656, 1275.41186523, 1758.36633301, 1143.16113281, 601.999694824, 3386.70678711, 1148.51037598, 2321.51538086, 1094.28869629, 1228.57458496, 385.889678955, 231.633682251, 148.93107605, 61.2659873962, 35.2385787964, 7.51382780075, 2.86657428741, 1.04995560646, 0.100085631013, 0.00463707000017, 4.1029536078e-05, 4.67603449295e-08], "max": [14.6371364594, 56.893032074, 179.404678345, 318.938018799, 431.853668213, 659.003234863, 223.562789917, 173.906616211, 379.564758301, 417.176544189, 513.592102051, 963.037414551, 662.94128418, 972.152160645, 731.37298584, 589.228515625, 620.539245605, 578.620422363, 643.342102051, 490.059631348, 301.041931152, 222.838867188, 203.066848755, 426.175445557, 306.169158936, 466.22958374, 264.116455078, 274.836761475, 183.001785278, 165.078857422, 112.114494324, 65.7495574951, 48.5470428467, 22.3195838928, 13.9193496704, 10.5771875381, 3.00055003166, 0.70313668251, 0.0994252860546, 0.00531481392682], "mean": [1.05724382401, 4.51364850998, 4.02659273148, 6.7483124733, 13.2333440781, 10.8545055389, 6.53307533264, 6.96292304993, 17.268781662, 17.972322464, 13.0434274673, 20.530538559, 20.7594795227, 39.1404190063, 16.4403820038, 14.2166023254, 18.6002407074, 18.4200267792, 29.9516944885, 17.1977405548, 13.8424692154, 11.2565631866, 9.76903343201, 12.4958734512, 13.5161571503, 12.0064897537, 11.3958492279, 11.2800455093, 9.15951156616, 8.25303649902, 6.32761573792, 4.13273859024, 2.47580718994, 1.271889925, 0.593408644199, 0.225827500224, 0.0615559853613, 0.0106174936518, 0.00093527440913, 9.31881004362e-05], "median": [0.506336152554, 2.35977816582, 0.761616110802, 0.585474193096, 1.17199623585, 1.70628345013, 1.99752473831, 2.77033019066, 6.67721366882, 7.77244710922, 6.09385871887, 8.42211532593, 10.4933748245, 16.3471736908, 8.67925739288, 7.04189300537, 10.2085037231, 9.20463943481, 13.8499517441, 8.88842487335, 7.52449083328, 6.5469584465, 5.83792066574, 5.88434839249, 7.42185974121, 6.07070350647, 6.012840271, 5.40478420258, 4.61546850204, 3.89773011208, 3.17648100853, 2.06122136116, 1.17631518841, 0.551987707615, 0.202580809593, 0.0565498434007, 0.0115028265864, 0.0013151000021, 6.41789083602e-05, 4.47619968327e-05], "min": [1.67043013242e-22, 3.12521214859e-21, 4.01298273127e-21, 6.32332855517e-20, 1.13969901225e-19, 3.4720518471e-20, 6.25848276502e-20, 2.01572425223e-19, 1.05929442007e-18, 4.80741914078e-19, 1.46912839579e-18, 6.73407323089e-19, 1.23048213618e-18, 1.35839786309e-18, 2.49963806792e-18, 3.40953322621e-18, 2.50403846198e-18, 5.26495372729e-18, 4.51214740516e-18, 7.22084172442e-18, 7.18968762101e-18, 8.96632185708e-18, 1.24423167708e-17, 1.000502496e-17, 1.24454294514e-17, 1.41204015358e-17, 1.19113023863e-17, 1.95976788779e-17, 1.76117174888e-17, 1.87412938266e-17, 1.49695338675e-17, 1.06956148923e-17, 1.35640886595e-17, 1.10281332268e-17, 8.8053219042e-18, 4.86557976061e-18, 2.49583096915e-18, 1.15044320953e-18, 3.12484304347e-19, 3.45861694761e-20], "var": [2.59751629829, 50.1143531799, 146.335159302, 479.224884033, 1907.99804688, 1418.74926758, 208.313903809, 129.204986572, 958.502624512, 901.016296387, 470.34564209, 1834.2130127, 1224.28625488, 4412.54638672, 686.601135254, 566.857543945, 772.059570312, 913.202514648, 2570.41699219, 696.132507324, 489.305664062, 301.251953125, 183.927307129, 754.28314209, 411.274871826, 571.438293457, 351.447814941, 374.867492676, 191.299865723, 151.788497925, 89.1538467407, 35.8609085083, 17.0131721497, 4.52389240265, 1.41889238358, 0.326738208532, 0.0360053405166, 0.00170713814441, 2.21089430852e-05, 5.05906925241e-08]}, "gfcc": {"mean": [-2.74155902863, 78.7208328247, -120.851119995, 35.8386650085, -61.738899231, 25.9590797424, -27.4649925232, 13.2729263306, -13.2823133469, 7.91726922989, -9.55069065094, 0.809412360191, -4.3449640274], "cov": [[5779.54736328, -1503.44555664, 861.770263672, 924.035095215, -425.265930176, 476.479370117, -556.307006836, -16.9365882874, -556.030456543, -102.874931335, -512.242614746, -2.6264526844, -306.135528564], [-1503.44555664, 1946.86340332, 37.0255241394, -21.5012226105, 581.32232666, -41.0594558716, 460.520385742, -32.8900260925, 383.797454834, 3.33729410172, 362.991210938, -58.6232528687, 229.533111572], [861.770263672, 37.0255241394, 1344.53808594, 544.840454102, 427.380554199, 384.462036133, 58.3835487366, 148.211807251, -52.8062782288, 7.92015552521, -67.3416366577, 19.0584774017, -55.9805526733], [924.035095215, -21.5012226105, 544.840454102, 675.83984375, 245.007293701, 327.840332031, 65.716217041, 52.820274353, -23.0422000885, -38.5743675232, -46.1076011658, -27.8021640778, -12.3027439117], [-425.265930176, 581.32232666, 427.380554199, 245.007293701, 657.763549805, 234.775192261, 351.848175049, 142.544906616, 214.301818848, 78.8680953979, 150.96963501, 21.9177436829, 85.5568161011], [476.479370117, -41.0594558716, 384.462036133, 327.840332031, 234.775192261, 446.256866455, 145.448608398, 166.898742676, 59.9130973816, 67.5710601807, 13.6868114471, 16.2291145325, 13.4061565399], [-556.307006836, 460.520385742, 58.3835487366, 65.716217041, 351.848175049, 145.448608398, 407.123901367, 173.683273315, 262.55770874, 99.1041641235, 176.905776978, 29.9432754517, 106.601196289], [-16.9365882874, -32.8900260925, 148.211807251, 52.820274353, 142.544906616, 166.898742676, 173.683273315, 253.126144409, 148.822113037, 129.345336914, 69.981918335, 63.5274620056, 36.9989624023], [-556.030456543, 383.797454834, -52.8062782288, -23.0422000885, 214.301818848, 59.9130973816, 262.55770874, 148.822113037, 306.836791992, 154.606628418, 187.316207886, 37.9745826721, 101.770317078], [-102.874931335, 3.33729410172, 7.92015552521, -38.5743675232, 78.8680953979, 67.5710601807, 99.1041641235, 129.345336914, 154.606628418, 199.773010254, 125.448776245, 84.1535491943, 39.5918693542], [-512.242614746, 362.991210938, -67.3416366577, -46.1076011658, 150.96963501, 13.6868114471, 176.905776978, 69.981918335, 187.316207886, 125.448776245, 229.545822144, 81.6082305908, 101.332626343], [-2.6264526844, -58.6232528687, 19.0584774017, -27.8021640778, 21.9177436829, 16.2291145325, 29.9432754517, 63.5274620056, 37.9745826721, 84.1535491943, 81.6082305908, 136.94708252, 67.8911437988], [-306.135528564, 229.533111572, -55.9805526733, -12.3027439117, 85.5568161011, 13.4061565399, 106.601196289, 36.9989624023, 101.770317078, 39.5918693542, 101.332626343, 67.8911437988, 145.03352356]], "icov": [[0.000386967760278, -5.1748676924e-05, -1.89853963093e-05, -0.000547963369172, 0.000338068522979, -0.000180253206054, 5.52448072995e-05, 3.53035611624e-05, 0.000238278225879, -0.000472631829325, 0.00065702421125, -0.00053240795387, 0.000364508508937], [-5.1748676924e-05, 0.00175231671892, -0.000422680459451, 0.000505059433635, -0.000809754012153, 0.00028383906465, -0.000202624374651, 0.000969864137005, -0.00104407616891, 0.00159240106586, -0.00267712213099, 0.00227340264246, -0.00154563237447], [-1.89853963093e-05, -0.000422680459451, 0.00175050320104, -0.000808538286947, -0.00111170473974, -0.000299496809021, 0.00090364186326, -0.0011289480608, 0.000766240118537, -0.000260673492448, 0.000838064821437, -0.00110000569839, 0.00100611883681], [-0.000547963369172, 0.000505059433635, -0.000808538286947, 0.00396389747038, -0.00090250489302, -0.00165057100821, 7.82955467002e-05, 0.000971967703663, -0.00107402529102, 0.00212748791091, -0.0014524681028, 0.00134357484058, -0.000993571942672], [0.000338068522979, -0.000809754012153, -0.00111170473974, -0.00090250489302, 0.00506562180817, -0.000649171706755, -0.00320056872442, 0.000980091863312, -4.51428923043e-06, -0.00109476735815, 0.00109835097101, -0.00121901475359, 0.000768886413425], [-0.000180253206054, 0.00028383906465, -0.000299496809021, -0.00165057100821, -0.000649171706755, 0.00553159695119, -0.00110191933345, -0.00243652402423, 0.00196263729595, -0.00183423119597, -0.000296805112157, 0.00211955234408, -0.0014434378827], [5.52448072995e-05, -0.000202624374651, 0.00090364186326, 7.82955467002e-05, -0.00320056872442, -0.00110191933345, 0.0106669580564, -0.00407613022253, -0.00459671719, 0.00400935346261, -0.00255286577158, 0.000506746233441, -0.000340385828167], [3.53035611624e-05, 0.000969864137005, -0.0011289480608, 0.000971967703663, 0.000980091863312, -0.00243652402423, -0.00407613022253, 0.0120698334649, -0.00441008619964, -0.00238299323246, 0.00306743569672, -0.00341838900931, 0.00095233466709], [0.000238278225879, -0.00104407616891, 0.000766240118537, -0.00107402529102, -4.51428923043e-06, 0.00196263729595, -0.00459671719, -0.00441008619964, 0.0182591024786, -0.0100170914084, -0.00295165576972, 0.00724394666031, -0.00472169788554], [-0.000472631829325, 0.00159240106586, -0.000260673492448, 0.00212748791091, -0.00109476735815, -0.00183423119597, 0.00400935346261, -0.00238299323246, -0.0100170914084, 0.0193784274161, -0.00719994073734, -0.00517476024106, 0.00423024920747], [0.00065702421125, -0.00267712213099, 0.000838064821437, -0.0014524681028, 0.00109835097101, -0.000296805112157, -0.00255286577158, 0.00306743569672, -0.00295165576972, -0.00719994073734, 0.0195750705898, -0.00952586252242, 0.00111633015331], [-0.00053240795387, 0.00227340264246, -0.00110000569839, 0.00134357484058, -0.00121901475359, 0.00211955234408, 0.000506746233441, -0.00341838900931, 0.00724394666031, -0.00517476024106, -0.00952586252242, 0.022743223235, -0.0116707189009], [0.000364508508937, -0.00154563237447, 0.00100611883681, -0.000993571942672, 0.000768886413425, -0.0014434378827, -0.000340385828167, 0.00095233466709, -0.00472169788554, 0.00423024920747, 0.00111633015331, -0.0116707189009, 0.0169432740659]]}, "melbands": {"dmean": [0.00381187815219, 0.00214336789213, 0.00161999999546, 0.00102007586975, 0.000272669189144, 0.000122304089018, 0.000176393281436, 0.000120744974993, 6.60979858367e-05, 6.81108649587e-05, 7.06729115336e-05, 0.000125395818031, 3.83897058782e-05, 2.91368014587e-05, 3.19762330037e-05, 2.40814497374e-05, 2.39450619119e-05, 3.57427052222e-05, 1.99445585167e-05, 1.58836792252e-05, 1.217337649e-05, 9.37268850976e-06, 9.351789231e-06, 6.58174758428e-06, 9.40270547289e-06, 8.81662708707e-06, 5.50927416043e-06, 6.51040045341e-06, 5.43164605915e-06, 4.76283003081e-06, 5.10757809025e-06, 3.49561787516e-06, 3.24543066199e-06, 3.04708623844e-06, 2.49700951827e-06, 1.91555045603e-06, 1.49328991483e-06, 1.27691430407e-06, 9.14545182695e-07, 6.40671601104e-07], "dmean2": [0.00529250036925, 0.00326479156502, 0.00271871057339, 0.00180663156789, 0.000483782612719, 0.000210290250834, 0.000286568480078, 0.000204633703106, 0.000107085761556, 0.000106697196316, 0.00011222041212, 0.000199815636734, 6.39232166577e-05, 4.90475431434e-05, 5.33895072294e-05, 4.00307544624e-05, 4.00142162107e-05, 5.86732166994e-05, 3.35531804012e-05, 2.73565474345e-05, 2.15013442357e-05, 1.67742200574e-05, 1.62897376867e-05, 1.15441271191e-05, 1.68494025274e-05, 1.53166711243e-05, 9.49095647229e-06, 1.14145714178e-05, 9.31086833589e-06, 8.12500456959e-06, 8.70053008839e-06, 5.71941109229e-06, 5.35549270353e-06, 4.87741226607e-06, 3.98623797082e-06, 3.00701049127e-06, 2.36047253566e-06, 2.07347920878e-06, 1.46275397128e-06, 1.01445573364e-06], "dvar": [4.73789186799e-05, 2.71064582194e-05, 2.26122010645e-05, 1.00011529867e-05, 6.48341881515e-07, 5.61920465714e-08, 1.08386863928e-07, 5.68345868146e-08, 1.51068455523e-08, 1.87956352704e-08, 1.78310788357e-08, 5.8504110001e-08, 6.05110628271e-09, 3.75737574387e-09, 3.49030937485e-09, 2.04291406014e-09, 2.56062082649e-09, 4.86256857002e-09, 1.73435532602e-09, 1.08349329508e-09, 7.7450079683e-10, 4.65853133846e-10, 2.93497282033e-10, 2.26119012403e-10, 9.58213841606e-10, 3.8361447352e-10, 1.62524063652e-10, 4.19761364556e-10, 1.62155303074e-10, 1.43642819861e-10, 1.42032038908e-10, 5.30032649715e-11, 3.71655622944e-11, 3.28093455182e-11, 2.26882540533e-11, 1.36924577579e-11, 8.31604837076e-12, 7.77305390193e-12, 4.43330311697e-12, 1.7646665379e-12], "dvar2": [9.2089350801e-05, 6.26917462796e-05, 5.83785913477e-05, 2.68733911071e-05, 1.81034147317e-06, 1.52814806142e-07, 2.53780655157e-07, 1.50395351284e-07, 3.58228078312e-08, 4.16791294811e-08, 3.99292687803e-08, 1.38839524766e-07, 1.53450105955e-08, 9.67215463277e-09, 9.08761510487e-09, 5.24996313089e-09, 6.46318287778e-09, 1.2282638906e-08, 4.64155958113e-09, 2.9683597802e-09, 2.1995361088e-09, 1.34629252191e-09, 8.20449097549e-10, 6.52039588989e-10, 2.79458345354e-09, 1.08422426592e-09, 4.60095794796e-10, 1.21021193067e-09, 4.59933896524e-10, 4.06323946711e-10, 3.98339194962e-10, 1.38877659372e-10, 9.87758000393e-11, 7.96921209578e-11, 5.79255497735e-11, 3.3264814514e-11, 2.09633595205e-11, 1.98028312498e-11, 1.12334308522e-11, 4.41760560424e-12], "max": [0.100379854441, 0.0719409957528, 0.057643443346, 0.0417439751327, 0.0123162474483, 0.00374393770471, 0.00579755054787, 0.00510644773021, 0.00397534156218, 0.005179959815, 0.00324461935088, 0.00442794756964, 0.00195873226039, 0.00145291560329, 0.00136860110797, 0.000826600997243, 0.00130455940962, 0.00105932320002, 0.000915641721804, 0.000553265854251, 0.000350919319317, 0.000244346214458, 0.000242650770815, 0.000221602851525, 0.000378261582227, 0.000282078777673, 0.000151471555, 0.000331835704856, 0.000186862322153, 0.000153217712068, 0.000160785202752, 0.000112143003207, 8.52720186231e-05, 9.47846419876e-05, 6.92691028235e-05, 5.19324930792e-05, 4.02682962886e-05, 4.07632578572e-05, 2.71875123872e-05, 1.73326116055e-05], "mean": [0.00816733762622, 0.00336678302847, 0.00139484112151, 0.00093300989829, 0.000263658148469, 0.000156564710778, 0.000263521651505, 0.000190213802853, 0.000116080489533, 0.000117055395094, 0.000106383253296, 0.000169722654391, 5.25464674865e-05, 3.77519281756e-05, 4.20492760895e-05, 3.28727437591e-05, 3.43625688402e-05, 4.74486805615e-05, 2.76909104286e-05, 2.20277524932e-05, 1.42462713484e-05, 1.07066925921e-05, 1.18744501378e-05, 7.91978982306e-06, 1.0067351468e-05, 1.11882918645e-05, 7.49318405724e-06, 7.95868527348e-06, 7.28807754058e-06, 6.36994263914e-06, 6.70580311635e-06, 5.17932630828e-06, 4.85314512844e-06, 4.43495264335e-06, 3.80019355362e-06, 2.97106566904e-06, 2.32678985412e-06, 1.84423026894e-06, 1.29952445604e-06, 1.00720546925e-06], "median": [0.00437241885811, 0.00147383310832, 0.000121546800074, 0.000112360503408, 7.39767274354e-05, 5.93097138335e-05, 0.000103615762782, 7.89771947893e-05, 5.4270371038e-05, 4.77520443383e-05, 5.07562981511e-05, 6.69755754643e-05, 2.50547036558e-05, 1.76364992512e-05, 2.22507114813e-05, 1.75479926838e-05, 1.50766863953e-05, 2.15700729314e-05, 1.39213989314e-05, 9.69282518781e-06, 7.59232989367e-06, 5.73886336497e-06, 6.97323866916e-06, 3.97807252739e-06, 4.16354578192e-06, 5.52454321223e-06, 3.93122581954e-06, 3.69869053429e-06, 3.73085254068e-06, 2.90680191029e-06, 3.08020571538e-06, 2.40491181103e-06, 2.46901868195e-06, 1.98175007426e-06, 1.91641470337e-06, 1.4186067574e-06, 1.15205489237e-06, 8.53133997225e-07, 5.78327785661e-07, 4.10961973785e-07], "min": [2.0396834897e-24, 4.83033495105e-24, 1.67435395812e-23, 4.74228584668e-24, 1.99223192853e-24, 4.32252073167e-24, 1.53075965858e-23, 6.52738341189e-24, 1.03412075833e-23, 4.04006553468e-24, 6.35584955235e-24, 5.35514202319e-24, 6.69256891329e-24, 1.04364365052e-23, 8.08739095627e-24, 4.66965897301e-24, 9.26568645799e-24, 8.21890747981e-24, 6.49320522431e-24, 9.23955307392e-24, 8.45841590583e-24, 1.03936897104e-23, 8.04652638366e-24, 1.00068899093e-23, 7.37200613349e-24, 6.90498470038e-24, 9.50204101811e-24, 8.92363479177e-24, 6.46404261436e-24, 9.00350853614e-24, 1.07117797266e-23, 1.04305894681e-23, 9.17245966507e-24, 1.02215847156e-23, 8.12889766166e-24, 7.19441697764e-24, 5.86194097858e-24, 8.94636818533e-24, 7.86333552653e-24, 9.49710590429e-24], "var": [0.000144260411616, 4.10731554439e-05, 1.79566341103e-05, 8.91130184755e-06, 4.54120851145e-07, 6.74561704272e-08, 2.19040117599e-07, 1.11515355172e-07, 3.92909562663e-08, 5.56778161354e-08, 3.29197682447e-08, 8.93993359341e-08, 7.88202747515e-09, 4.6051122915e-09, 4.08042089006e-09, 2.46436249185e-09, 4.05314404262e-09, 6.48410658499e-09, 2.29644347982e-09, 1.44374301403e-09, 5.66078572906e-10, 3.34619831843e-10, 2.72543654312e-10, 1.79287001911e-10, 6.10317074656e-10, 3.539002702e-10, 1.41995901148e-10, 2.91865892565e-10, 1.44919271028e-10, 1.29932731241e-10, 1.29328839304e-10, 6.70203892383e-11, 5.01277734599e-11, 4.97311775094e-11, 3.28309358866e-11, 1.99228706449e-11, 1.15266537634e-11, 9.4012853058e-12, 5.38290375815e-12, 3.00902445322e-12]}, "mfcc": {"mean": [-640.264770508, 102.999977112, 3.25621795654, 14.8711824417, -1.22165024281, 11.579996109, 1.66948235035, 7.36069059372, 5.13645172119, 10.6185932159, 2.99129414558, 2.62153244019, 2.12373995781], "cov": [[5001.46972656, -1532.54931641, 660.00402832, 350.58782959, 17.8006401062, 238.589630127, -111.027481079, -40.7628250122, -176.157440186, -196.178283691, -249.252044678, -288.202026367, -277.038391113], [-1532.54931641, 1644.87011719, -129.603530884, 89.181060791, 184.576629639, 96.4713363647, 167.09362793, 94.8244400024, 114.800613403, 145.74822998, 169.063140869, 165.59954834, 149.615463257], [660.00402832, -129.603530884, 852.922241211, 318.844512939, 332.308349609, 232.945526123, 156.02571106, 125.838882446, 60.4437179565, 7.09510707855, -13.7537479401, -31.1734867096, -54.0076446533], [350.58782959, 89.181060791, 318.844512939, 417.007385254, 256.398406982, 214.004486084, 141.285675049, 119.466796875, 68.9481124878, 38.5606498718, 14.3389844894, 1.69644510746, 1.36558532715], [17.8006401062, 184.576629639, 332.308349609, 256.398406982, 394.777984619, 252.018981934, 204.56451416, 143.288848877, 111.997955322, 74.3718032837, 56.4745674133, 43.439037323, 44.1663246155], [238.589630127, 96.4713363647, 232.945526123, 214.004486084, 252.018981934, 326.965484619, 192.4453125, 140.690673828, 98.9054794312, 83.3237838745, 56.6300010681, 29.5813388824, 21.3766002655], [-111.027481079, 167.09362793, 156.02571106, 141.285675049, 204.56451416, 192.4453125, 238.523544312, 166.343994141, 121.037513733, 96.3866500854, 80.9508972168, 63.7590904236, 57.2970199585], [-40.7628250122, 94.8244400024, 125.838882446, 119.466796875, 143.288848877, 140.690673828, 166.343994141, 191.964080811, 140.054763794, 97.5010299683, 68.3779754639, 51.909160614, 48.8217811584], [-176.157440186, 114.800613403, 60.4437179565, 68.9481124878, 111.997955322, 98.9054794312, 121.037513733, 140.054763794, 189.760314941, 147.151824951, 94.7395858765, 64.5191040039, 62.1304855347], [-196.178283691, 145.74822998, 7.09510707855, 38.5606498718, 74.3718032837, 83.3237838745, 96.3866500854, 97.5010299683, 147.151824951, 185.563018799, 128.255432129, 80.6920623779, 67.7597503662], [-249.252044678, 169.063140869, -13.7537479401, 14.3389844894, 56.4745674133, 56.6300010681, 80.9508972168, 68.3779754639, 94.7395858765, 128.255432129, 164.421600342, 126.760009766, 82.4852905273], [-288.202026367, 165.59954834, -31.1734867096, 1.69644510746, 43.439037323, 29.5813388824, 63.7590904236, 51.909160614, 64.5191040039, 80.6920623779, 126.760009766, 173.16758728, 127.537124634], [-277.038391113, 149.615463257, -54.0076446533, 1.36558532715, 44.1663246155, 21.3766002655, 57.2970199585, 48.8217811584, 62.1304855347, 67.7597503662, 82.4852905273, 127.537124634, 159.042709351]], "icov": [[0.000380847865017, 0.000296336016618, -0.000166125610122, -0.000283377681626, 0.000261762819719, -0.000494288862683, 0.000358631601557, -0.000179218695848, 0.000346396205714, -9.24111882341e-05, -2.17857268581e-06, 0.000158595910762, 2.82135006273e-05], [0.000296336016618, 0.0010064477101, 0.000178571135621, -0.000377102172934, -0.000266890710918, -0.000132099943585, -0.000149401588715, 9.58874006756e-05, 0.000402206962463, -0.000260524713667, -0.000310256291414, -4.65796074423e-05, -9.83272257145e-05], [-0.000166125610122, 0.000178571135621, 0.002288634656, -0.000609016104136, -0.00173592625652, 0.00027879641857, -6.85093837092e-05, -0.000419418443926, -2.12263730646e-05, 0.000228385732044, 0.000273667334113, -0.00073055177927, 0.00127795571461], [-0.000283377681626, -0.000377102172934, -0.000609016104136, 0.00497881975025, -0.00188834790606, -0.00100641639438, 0.000663231418002, -0.00150024751201, 0.00051283108769, -0.000208351746551, 0.000600652187131, -8.09154425951e-06, 7.62337949709e-05], [0.000261762819719, -0.000266890710918, -0.00173592625652, -0.00188834790606, 0.00850644055754, -0.00295624788851, -0.00299677974544, 0.00207761977799, -0.00228331726976, 0.00164899299853, -0.000384889455745, 0.000853388977703, -0.00168456835672], [-0.000494288862683, -0.000132099943585, 0.00027879641857, -0.00100641639438, -0.00295624788851, 0.00886120833457, -0.00403128983453, -0.000476403190987, 0.00110212690197, -0.0019317161059, 8.82691383595e-05, -0.000122166471556, 0.00103971629869], [0.000358631601557, -0.000149401588715, -6.85093837092e-05, 0.000663231418002, -0.00299677974544, -0.00403128983453, 0.0168962739408, -0.0104134911671, 0.00233640568331, -0.000346649088897, -0.00183385307901, 0.000324125168845, -0.000853936828207], [-0.000179218695848, 9.58874006756e-05, -0.000419418443926, -0.00150024751201, 0.00207761977799, -0.000476403190987, -0.0104134911671, 0.0214627739042, -0.0122395092621, 0.00336214108393, 0.000395817623939, -0.000592908356339, -0.000262621470029], [0.000346396205714, 0.000402206962463, -2.12263730646e-05, 0.00051283108769, -0.00228331726976, 0.00110212690197, 0.00233640568331, -0.0122395092621, 0.0241215750575, -0.0151015007868, 0.00260813347995, 0.000127508974401, -0.000829289550893], [-9.24111882341e-05, -0.000260524713667, 0.000228385732044, -0.000208351746551, 0.00164899299853, -0.0019317161059, -0.000346649088897, 0.00336214108393, -0.0151015007868, 0.0249088760465, -0.0152536043897, 0.00659097079188, -0.00302921864204], [-2.17857268581e-06, -0.000310256291414, 0.000273667334113, 0.000600652187131, -0.000384889455745, 8.82691383595e-05, -0.00183385307901, 0.000395817623939, 0.00260813347995, -0.0152536043897, 0.0288475528359, -0.0189713090658, 0.00674171606079], [0.000158595910762, -4.65796074423e-05, -0.00073055177927, -8.09154425951e-06, 0.000853388977703, -0.000122166471556, 0.000324125168845, -0.000592908356339, 0.000127508974401, 0.00659097079188, -0.0189713090658, 0.0281020626426, -0.0156371165067], [2.82135006273e-05, -9.83272257145e-05, 0.00127795571461, 7.62337949709e-05, -0.00168456835672, 0.00103971629869, -0.000853936828207, -0.000262621470029, -0.000829289550893, -0.00302921864204, 0.00674171606079, -0.0156371165067, 0.0182364322245]]}, "spectral_contrast_coeffs": {"dmean": [0.0596401132643, 0.0505042262375, 0.0455392152071, 0.0355931967497, 0.025473209098, 0.0196058172733], "dmean2": [0.0946138873696, 0.0824687331915, 0.0737811923027, 0.0580557473004, 0.040958032012, 0.0315831415355], "dvar": [0.00345674599521, 0.00175727717578, 0.00144713872578, 0.000902587198652, 0.000547797069885, 0.000366460793884], "dvar2": [0.00760263996199, 0.00446644239128, 0.00363045628183, 0.00226213200949, 0.0012308221776, 0.000839326065034], "max": [-0.226399168372, -0.492127716541, -0.487610399723, -0.539641737938, -0.590279996395, -0.570806860924], "mean": [-0.644146978855, -0.747353851795, -0.766811132431, -0.785417079926, -0.798462331295, -0.754982948303], "median": [-0.666862607002, -0.751812517643, -0.772830545902, -0.793139755726, -0.806180417538, -0.757692694664], "min": [-0.969456076622, -0.972195446491, -0.954986214638, -0.963193655014, -0.962899804115, -0.962003350258], "var": [0.0150642581284, 0.0043212804012, 0.00398689135909, 0.00288209924474, 0.00174803379923, 0.00126951548737]}, "spectral_contrast_valleys": {"dmean": [0.514642715454, 0.491777718067, 0.436711221933, 0.432660281658, 0.452260524035, 0.473064810038], "dmean2": [0.771008253098, 0.788879394531, 0.705286979675, 0.672715723515, 0.673431634903, 0.653608083725], "dvar": [0.317895770073, 0.250124871731, 0.203558668494, 0.225391954184, 0.287506312132, 0.400198400021], "dvar2": [0.551607310772, 0.543532788754, 0.439681708813, 0.463000774384, 0.598118126392, 0.726498365402], "max": [-5.15333366394, -4.52498245239, -5.22122955322, -5.4366979599, -5.29954242706, -7.53039979935], "mean": [-7.68573570251, -6.8422293663, -7.