{"lowlevel": {"average_loudness": 0.133563041687, "barkbands_crest": {"dmean": 1.25986540318, "dmean2": 1.84803688526, "dvar": 1.61180984974, "dvar2": 3.88685154915, "max": 21.0352058411, "mean": 9.88031864166, "median": 9.45997905731, "min": 3.76364254951, "var": 8.69765090942}, "barkbands_flatness_db": {"dmean": 0.0125840436667, "dmean2": 0.0193248055875, "dvar": 0.000189194121049, "dvar2": 0.000401291646995, "max": 0.521248042583, "mean": 0.2945522964, "median": 0.295969218016, "min": 0.0535334870219, "var": 0.0035559181124}, "barkbands_kurtosis": {"dmean": 1.12264275551, "dmean2": 1.59299099445, "dvar": 2.68969488144, "dvar2": 5.01138544083, "max": 51.8753585815, "mean": 3.88948774338, "median": 2.2955493927, "min": -1.82549464703, "var": 26.6977462769}, "barkbands_skewness": {"dmean": 0.235594004393, "dmean2": 0.333551138639, "dvar": 0.061850912869, "dvar2": 0.122332140803, "max": 5.5933470726, "mean": 1.32954287529, "median": 1.25423300266, "min": -2.21371293068, "var": 1.04031074047}, "barkbands_spread": {"dmean": 0.89372754097, "dmean2": 1.33757352829, "dvar": 1.23314023018, "dvar2": 2.9309899807, "max": 38.2440834045, "mean": 7.06987428665, "median": 6.51590919495, "min": 0.877810895443, "var": 12.7924118042}, "dissonance": {"dmean": 0.0278484318405, "dmean2": 0.046511080116, "dvar": 0.000749097322114, "dvar2": 0.00197939970531, "max": 0.500000059605, "mean": 0.413265913725, "median": 0.422488540411, "min": 0.154247716069, "var": 0.00276630511507}, "dynamic_complexity": 7.94245672226, "erbbands_crest": {"dmean": 1.60678601265, "dmean2": 2.34872555733, "dvar": 2.59593749046, "dvar2": 5.92845773697, "max": 33.3280143738, "mean": 11.5169916153, "median": 10.3662605286, "min": 2.62350749969, "var": 25.4488925934}, "erbbands_flatness_db": {"dmean": 0.00880090799183, "dmean2": 0.0130857592449, "dvar": 0.000103809332359, "dvar2": 0.000216955173528, "max": 0.47741740942, "mean": 0.295308113098, "median": 0.293600231409, "min": 0.0751390308142, "var": 0.00235844030976}, "erbbands_kurtosis": {"dmean": 0.599218249321, "dmean2": 0.876898050308, "dvar": 0.585008561611, "dvar2": 1.1486030817, "max": 33.8709373474, "mean": 1.13738572598, "median": 0.590108633041, "min": -1.53082430363, "var": 4.50812673569}, "erbbands_skewness": {"dmean": 0.194102749228, "dmean2": 0.283012509346, "dvar": 0.036239746958, "dvar2": 0.0760601088405, "max": 2.41385650635, "mean": 0.507076442242, "median": 0.541485607624, "min": -4.42926645279, "var": 0.359203189611}, "erbbands_spread": {"dmean": 2.03639030457, "dmean2": 3.0454852581, "dvar": 4.51981735229, "dvar2": 10.3432188034, "max": 54.3821640015, "mean": 17.0633945465, "median": 16.1192016602, "min": 1.72817206383, "var": 57.7199821472}, "hfc": {"dmean": 1.34378921986, "dmean2": 1.80357348919, "dvar": 13.3796052933, "dvar2": 22.6244029999, "max": 112.006530762, "mean": 7.36508750916, "median": 2.70908045769, "min": 1.05393053844e-16, "var": 120.973091125}, "melbands_crest": {"dmean": 1.72892451286, "dmean2": 2.51345324516, "dvar": 3.25090956688, "dvar2": 7.30373954773, "max": 31.1420478821, "mean": 14.8920135498, "median": 14.1611661911, "min": 1.50374412537, "var": 26.1211223602}, "melbands_flatness_db": {"dmean": 0.0137413507327, "dmean2": 0.0196432247758, "dvar": 0.000341026898241, "dvar2": 0.000662798411213, "max": 0.683514595032, "mean": 0.385298937559, "median": 0.386703580618, "min": 0.00311680953018, "var": 0.00800328049809}, "melbands_kurtosis": {"dmean": 1.90151691437, "dmean2": 2.64854812622, "dvar": 10.291510582, "dvar2": 18.8386116028, "max": 121.741706848, "mean": 7.36727905273, "median": 4.0654463768, "min": -1.83567738533, "var": 99.1243743896}, "melbands_skewness": {"dmean": 0.287698030472, "dmean2": 0.40592110157, "dvar": 0.0996868908405, "dvar2": 0.193645581603, "max": 8.20547676086, "mean": 1.87221193314, "median": 1.6859408617, "min": -1.03256869316, "var": 1.47627162933}, "melbands_spread": {"dmean": 1.25346171856, "dmean2": 1.85195744038, "dvar": 5.39874458313, "dvar2": 13.001326561, "max": 156.122070312, "mean": 10.0143089294, "median": 8.17823600769, "min": 0.621310114861, "var": 194.428527832}, "pitch_salience": {"dmean": 0.0396161489189, "dmean2": 0.0575306713581, "dvar": 0.00157699710689, "dvar2": 0.00361368991435, "max": 0.875576376915, "mean": 0.533201694489, "median": 0.531563282013, "min": 0.137401893735, "var": 0.0133375329897}, "silence_rate_20dB": {"dmean": 0, "dmean2": 0, "dvar": 0, "dvar2": 0, "max": 1, "mean": 1, "median": 1, "min": 1, "var": 0}, "silence_rate_30dB": {"dmean": 0.00924333650619, "dmean2": 0.0184886604548, "dvar": 0.00915712863207, "dvar2": 0.0207259338349, "max": 1, "mean": 0.983879625797, "median": 1, "min": 0, "var": 0.0158602204174}, "silence_rate_60dB": {"dmean": 0.0156921762973, "dmean2": 0.0313877239823, "dvar": 0.0154444742948, "dvar2": 0.0329828038812, "max": 1, "mean": 0.37452980876, "median": 0, "min": 0, "var": 0.234250500798}, "spectral_centroid": {"dmean": 39.7435150146, "dmean2": 59.1266136169, "dvar": 11093.7304688, "dvar2": 19122.7363281, "max": 11565.09375, "mean": 594.387939453, "median": 455.152008057, "min": 149.357971191, "var": 1304400.875}, "spectral_complexity": {"dmean": 1.18422186375, "dmean2": 1.92196071148, "dvar": 2.09350705147, "dvar2": 4.59847450256, "max": 33, "mean": 9.20913505554, "median": 8, "min": 0, "var": 40.1503372192}, "spectral_decrease": {"dmean": 8.58267013015e-10, "dmean2": 1.14926979045e-09, "dvar": 3.50801218006e-18, "dvar2": 6.44313023481e-18, "max": 1.1142702443e-21, "mean": -5.13942932656e-09, "median": -1.91339988298e-09, "min": -5.46041327709e-08, "var": 4.9209401466e-17}, "spectral_energy": {"dmean": 0.00334843504243, "dmean2": 0.00448119360954, "dvar": 5.40215405636e-05, "dvar2": 9.87150269793e-05, "max": 0.210206478834, "mean": 0.0200653728098, "median": 0.00747533887625, "min": 9.83998304719e-21, "var": 0.000750148610678}, "spectral_energyband_high": {"dmean": 8.61935313878e-06, "dmean2": 1.30676562549e-05, "dvar": 1.51531787118e-09, "dvar2": 3.64700047939e-09, "max": 0.000794124032836, "mean": 1.54312456289e-05, "median": 9.79793526312e-07, "min": 7.00734262138e-21, "var": 1.9738277679e-09}, "spectral_energyband_low": {"dmean": 0.00184628064744, "dmean2": 0.00249873008579, "dvar": 1.79196867975e-05, "dvar2": 3.74460105377e-05, "max": 0.143670991063, "mean": 0.0079154362902, "median": 0.00204134592786, "min": 9.32360935882e-24, "var": 0.000174674714799}, "spectral_energyband_middle_high": {"dmean": 0.000507852528244, "dmean2": 0.000671941088513, "dvar": 2.53213488577e-06, "dvar2": 4.04070442528e-06, "max": 0.0506539940834, "mean": 0.00187225837726, "median": 0.000480796850752, "min": 1.13798171179e-21, "var": 1.2787574633e-05}, "spectral_energyband_middle_low": {"dmean": 0.00215522036888, "dmean2": 0.00297309388407, "dvar": 2.16884636757e-05, "dvar2": 4.3373558583e-05, "max": 0.127301111817, "mean": 0.0126624982804, "median": 0.00455119507387, "min": 1.66531376991e-22, "var": 0.000300241314108}, "spectral_entropy": {"dmean": 0.090670324862, "dmean2": 0.139308676124, "dvar": 0.0137608172372, "dvar2": 0.0315001867712, "max": 9.82474040985, "mean": 6.3117389679, "median": 6.26274108887, "min": 4.79364871979, "var": 0.314548879862}, "spectral_flux": {"dmean": 0.00926852226257, "dmean2": 0.0148926209658, "dvar": 0.000252852012636, "dvar2": 0.000586116453633, "max": 0.222495943308, "mean": 0.0289413295686, "median": 0.0197240319103, "min": 6.15696521544e-11, "var": 0.000908818212338}, "spectral_kurtosis": {"dmean": 16.2248477936, "dmean2": 28.5938072205, "dvar": 328.581054688, "dvar2": 942.753723145, "max": 519.349121094, "mean": 41.7644767761, "median": 26.3382778168, "min": -1.25831365585, "var": 2080.36743164}, "spectral_rms": {"dmean": 0.000289566989522, "dmean2": 0.000382599624572, "dvar": 2.10332288475e-07, "dvar2": 3.80573709435e-07, "max": 0.0143205961213, "mean": 0.00346326176077, "median": 0.00270055793226, "min": 3.09838396259e-12, "var": 7.58184205552e-06}, "spectral_rolloff": {"dmean": 58.7668533325, "dmean2": 98.9560394287, "dvar": 47305.1679688, "dvar2": 98145.5859375, "max": 19767.4804688, "mean": 761.926635742, "median": 538.330078125, "min": 107.666015625, "var": 3916887.5}, "spectral_skewness": {"dmean": 0.966038107872, "dmean2": 1.69929385185, "dvar": 0.81268376112, "dvar2": 2.38610768318, "max": 18.800157547, "mean": 4.00531053543, "median": 3.37094473839, "min": -0.0719749182463, "var": 5.13999080658}, "spectral_spread": {"dmean": 215685.90625, "dmean2": 370176.96875, "dvar": 156017737728, "dvar2": 303727411200, "max": 42662148, "mean": 1935704, "median": 1447015.5, "min": 224229.46875, "var": 17903359361000.0}, "spectral_strongpeak": {"dmean": 0.190780058503, "dmean2": 0.323351323605, "dvar": 0.173008859158, "dvar2": 0.425878018141, "max": 6.43295049667, "mean": 0.603861987591, "median": 0.312986314297, "min": 0, "var": 0.563710033894}, "zerocrossingrate": {"dmean": 0.00230233208276, "dmean2": 0.00298689771444, "dvar": 3.08853559545e-05, "dvar2": 6.08775226283e-05, "max": 0.5263671875, "mean": 0.0261258538812, "median": 0.02001953125, "min": 0.00390625, "var": 0.00275751296431}, "barkbands": {"dmean": [2.38494249061e-06, 0.000543409143575, 0.00127887213603, 0.000653639668599, 0.000628524110653, 0.000580343767069, 0.000494954059832, 0.000661938334815, 0.000265049369773, 0.000310871313559, 0.000201940478291, 7.47870799387e-05, 7.50542385504e-05, 8.85759582161e-05, 6.19276906946e-05, 2.78054867522e-05, 2.26458323596e-05, 1.11228591777e-05, 1.04267364804e-05, 6.00148132435e-06, 2.78595825876e-06, 1.4846968952e-06, 6.71823613629e-07, 2.35745503119e-07, 2.36449437807e-08, 2.36769848172e-09, 6.56857068737e-10], "dmean2": [4.09129279433e-06, 0.000711570086423, 0.00179543811828, 0.000886465131771, 0.000785596203059, 0.000849863165058, 0.000732931133825, 0.000883584725671, 0.000408803054597, 0.000440690986579, 0.000268245115876, 0.000104423888843, 0.000112156492833, 0.000130222164444, 9.79746910161e-05, 4.40884286945e-05, 3.8236794353e-05, 1.89160746231e-05, 1.72275340447e-05, 9.81569792202e-06, 4.27583472629e-06, 2.25919666264e-06, 1.06459890503e-06, 3.94566285422e-07, 3.87791772027e-08, 4.02812849742e-09, 1.2021018625e-09], "dvar": [4.04419830957e-11, 2.16234184336e-06, 1.00699980976e-05, 2.26357883548e-06, 1.58068746714e-06, 2.65713129011e-06, 2.1342175387e-06, 3.75135687136e-06, 8.18807222913e-07, 6.65505183406e-07, 1.00098395706e-06, 1.19177833824e-07, 9.92976438852e-08, 7.68532331108e-08, 3.05494900488e-08, 4.71689753923e-09, 2.79258727254e-09, 8.92525719998e-10, 8.76847594533e-10, 5.97008165126e-10, 1.19606990978e-10, 5.13082007436e-11, 1.17394696394e-11, 2.77295222374e-12, 1.38133506234e-14, 7.20007982192e-17, 2.64617973088e-18], "dvar2": [1.13729331508e-10, 4.01377701564e-06, 2.16118969547e-05, 4.75212209494e-06, 2.73476985058e-06, 7.29209477868e-06, 4.68921098218e-06, 7.03270598024e-06, 2.00373892767e-06, 1.43250474594e-06, 1.60126251103e-06, 2.09706655596e-07, 2.35662099612e-07, 1.32304521117e-07, 7.07188547722e-08, 1.05250128613e-08, 7.85592302321e-09, 2.45499465201e-09, 2.34891861517e-09, 1.54619561599e-09, 2.89136381504e-10, 1.22857349294e-10, 2.90668114578e-11, 7.54695785032e-12, 3.5986784299e-14, 1.93318131029e-16, 8.41825597144e-18], "max": [0.000111906083475, 0.0756939947605, 0.0724349543452, 0.0454747565091, 0.0461403876543, 0.052910361439, 0.0485867522657, 0.0673520565033, 0.0233340896666, 0.0231215022504, 0.0334829352796, 0.0296987704933, 0.0161309428513, 0.0100930044428, 0.00512964092195, 0.00141546956729, 0.000883539265487, 0.000498030567542, 0.000681871955749, 0.000602131069172, 0.000400029472075, 0.000132999353809, 6.28369452897e-05, 4.26000988227e-05, 3.73905459128e-06, 3.17835741726e-07, 4.28525233076e-08], "mean": [2.51508981819e-06, 0.00239564711228, 0.00365128181875, 0.00279519031756, 0.00273342174478, 0.00168329267763, 0.00128517497797, 0.00240006274544, 0.000625767628662, 0.00131958688144, 0.000401308003347, 0.00014384536189, 0.000169660052052, 0.000182642135769, 0.000119442942378, 5.15828905918e-05, 4.24192548962e-05, 2.25247094932e-05, 2.00431259145e-05, 1.13343439807e-05, 5.33331103725e-06, 2.18412583308e-06, 8.4926028876e-07, 2.5656595426e-07, 4.17423322574e-08, 5.75498004807e-09, 5.83987025404e-10], "median": [4.4055309445e-07, 0.000408145948313, 0.000845202128403, 0.00044788554078, 0.000647875247523, 0.00039711772115, 0.00034129965934, 0.000308118964313, 0.000141682423418, 0.000130599204567, 3.85237872251e-05, 2.38912380155e-05, 2.78350034932e-05, 2.26785050472e-05, 2.486446283e-05, 9.28307144932e-06, 8.24955077405e-06, 3.04227864945e-06, 2.4084620236e-06, 8.67823928274e-07, 3.78641573207e-07, 8.43702778752e-08, 2.01607299744e-08, 7.02852620549e-09, 2.60225108129e-09, 3.55882906478e-10, 1.22107102207e-10], "min": [2.01807481457e-25, 1.44924259861e-24, 9.21424974409e-26, 6.18920791233e-25, 5.04224152842e-24, 7.18235371668e-24, 6.96284607005e-24, 3.60168409117e-24, 1.51358915434e-23, 1.06640339204e-23, 1.28401548479e-23, 2.59326047683e-23, 3.13147897322e-23, 2.72318444797e-23, 4.98166166518e-23, 4.60304503382e-23, 3.82741174826e-23, 9.25452234069e-23, 1.14964662955e-22, 1.73892711415e-22, 2.33551093611e-22, 3.13756159567e-22, 3.55437954211e-22, 5.94530865101e-22, 8.25310721907e-22, 1.28679293782e-21, 2.00660990934e-21], "var": [4.31805841083e-11, 3.0917031836e-05, 4.56449852209e-05, 2.86099639197e-05, 2.20560759772e-05, 1.1729117432e-05, 6.5640711e-06, 3.07164373226e-05, 1.95949110093e-06, 7.26289408703e-06, 2.85193164018e-06, 2.71763525461e-07, 2.00696220531e-07, 2.86693932594e-07, 6.67182575853e-08, 1.19346514893e-08, 6.38725383695e-09, 2.07066275237e-09, 1.75813785752e-09, 8.09819433734e-10, 1.87417248387e-10, 5.99923444256e-11, 1.19757953554e-11, 1.98181336793e-12, 1.50042891116e-14, 1.56016454393e-16, 2.1637950878e-18]}, "erbbands": {"dmean": [0.00431354623288, 0.162889808416, 1.19040977955, 1.86303627491, 2.03593468666, 1.86678469181, 3.86038804054, 5.38336706161, 6.02839565277, 15.4525032043, 7.74960184097, 7.23718881607, 11.1875143051, 4.68352079391, 8.47855472565, 3.6387219429, 3.70266652107, 4.81131505966, 3.31366968155, 2.51140570641, 1.14577877522, 0.861760318279, 0.734231591225, 0.635846555233, 0.359951496124, 0.290141552687, 0.160665333271, 0.0993914008141, 0.0630447342992, 0.027088496834, 0.0186976715922, 0.00869309995323, 0.00206391070969, 0.000469562073704, 9.62654376053e-05, 2.0681274691e-05, 3.01211002807e-06, 5.36870686574e-07, 1.58603711498e-06, 3.72941326532e-06], "dmean2": [0.0061710420996, 0.213607937098, 1.6724395752, 2.51221013069, 2.57267713547, 2.32534193993, 5.21184062958, 8.22671985626, 7.9534945488, 22.6929149628, 10.0902872086, 11.0740356445, 16.1541213989, 6.6621131897, 11.2641916275, 4.87536764145, 5.41819381714, 7.0678896904, 5.05828332901, 4.06415128708, 1.84360957146, 1.43865025043, 1.25083494186, 1.05314719677, 0.598958432674, 0.474545091391, 0.251384824514, 0.152321264148, 0.0962537378073, 0.0422139540315, 0.0295016448945, 0.0143857821822, 0.00341926235706, 0.000766420329455, 0.000153444823809, 3.37098281307e-05, 4.96311395182e-06, 8.99969847978e-07, 2.11717974707e-06, 4.98606596011e-06], "dvar": [0.000135378024424, 0.191439405084, 9.15619277954, 18.4357070923, 18.0445308685, 15.8861885071, 68.3895950317, 296.805206299, 320.905609131, 2287.11230469, 604.854736328, 619.159545898, 981.623168945, 214.143035889, 1907.78674316, 306.30657959, 222.596664429, 214.951705933, 95.0410461426, 53.4862670898, 6.43775892258, 4.92814016342, 3.89922809601, 2.87740755081, 1.31792926788, 1.56073176861, 0.466258943081, 0.173456937075, 0.0877562537789, 0.0162903238088, 0.00862740073353, 0.00299759302288, 0.000240191977355, 6.06091907684e-06, 1.96222543991e-07, 5.99987215466e-09, 1.38180022979e-10, 1.79095486271e-12, 1.25439936216e-11, 6.81093306754e-11], "dvar2": [0.000284387613647, 0.357139527798, 19.4501457214, 39.3145675659, 33.4183921814, 27.101228714, 136.08706665, 833.950317383, 636.985473633, 5355.79931641, 938.376953125, 1518.4777832, 2209.67285156, 411.390472412, 3166.38452148, 527.896057129, 515.797363281, 374.334747314, 208.599182129, 146.254714966, 15.0280942917, 13.3985395432, 10.6538171768, 7.85916662216, 3.62274718285, 4.01696777344, 1.16732358932, 0.418818354607, 0.209584906697, 0.0391855761409, 0.0214258339256, 0.00802795961499, 0.000654895207845, 1.58375005412e-05, 4.91080243137e-07, 1.53567718542e-08, 3.74956871108e-10, 4.79906522508e-12, 2.2487572568e-11, 1.23644372518e-10], "max": [0.540289819241, 22.1302242279, 78.8646850586, 123.87159729, 200.495742798, 121.800239563, 179.329925537, 610.039611816, 736.861633301, 1318.01464844, 841.046264648, 632.184570312, 887.375183105, 483.470214844, 1635.91552734, 1533.08398438, 675.218017578, 519.907714844, 297.133148193, 276.285461426, 53.9104728699, 52.001625061, 37.3392372131, 36.166229248, 30.242641449, 30.0545501709, 17.7160263062, 13.8587083817, 6.50194883347, 2.46634936333, 1.34136152267, 1.34802246094, 0.856520056725, 0.0957804918289, 0.0159863643348, 0.00223145470954, 0.000578191771638, 4.58197464468e-05, 0.000106190040242, 0.000238150896621], "mean": [0.0168481878936, 0.726668179035, 3.69721221924, 8.34119987488, 9.21333694458, 7.23923206329, 10.4183311462, 14.7744998932, 19.0126838684, 47.6844177246, 27.0734214783, 19.2188224792, 49.4943161011, 12.3690862656, 16.5760231018, 7.7708363533, 8.76468276978, 10.3825407028, 6.71930551529, 4.98288822174, 2.47558903694, 1.82813215256, 1.49744713306, 1.25554788113, 0.736822962761, 0.542021811008, 0.306385606527, 0.175231903791, 0.0924980416894, 0.0392859317362, 0.023658214137, 0.00937723554671, 0.00257026287727, 0.000745484081563, 0.000217283697566, 6.39290956315e-05, 1.01569994513e-05, 1.51455390096e-06, 9.51015408646e-06, 2.236182263e-05], "median": [0.00337547319941, 0.15020570159, 0.996015131474, 1.41292881966, 1.83987355232, 1.60139548779, 2.46998620033, 2.97899794579, 5.82682752609, 6.19615411758, 5.31124734879, 4.75327253342, 4.27066659927, 3.12050318718, 1.67252242565, 1.38554632664, 1.52623033524, 1.64248168468, 1.34824609756, 1.10239315033, 0.563676059246, 0.382100045681, 0.241908043623, 0.160431534052, 0.0799779817462, 0.0385870486498, 0.0203737448901, 0.0124105550349, 0.00381226674654, 0.00132058002055, 0.00053441838827, 0.000215395426494, 9.48895831243e-05, 4.33157656516e-05, 1.84365526366e-05, 7.07367598807e-06, 2.96552320833e-06, 5.27990607679e-07, 3.56112605004e-06, 8.36625349621e-06], "min": [7.57238626974e-23, 3.10138733756e-22, 3.98557697136e-22, 2.0346924488e-21, 1.36075734409e-20, 1.71776607309e-20, 6.48668121651e-20, 9.45074529357e-20, 1.03882918331e-19, 1.11014617541e-19, 2.08437662416e-19, 3.37290184298e-19, 4.67472489487e-19, 6.13289852422e-19, 7.31545453948e-19, 9.17068054972e-19, 1.3211799054e-18, 1.68362480723e-18, 2.04399100417e-18, 3.27087893719e-18, 4.02247550768e-18, 3.17919940797e-18, 6.43791651541e-18, 6.33135662736e-18, 7.08355952124e-18, 7.94986825831e-18, 1.05119716974e-17, 9.5038842033e-18, 1.02298402428e-17, 1.11472306914e-17, 1.09934396175e-17, 1.11657338945e-17, 9.48642572929e-18, 8.37829487605e-18, 5.54013355603e-18, 4.47301969423e-18, 2.10084292087e-18, 9.76727836267e-19, 2.50256514992e-19, 2.5966079923e-20], "var": [0.00151211488992, 2.64144539833, 45.8437271118, 236.941268921, 305.733551025, 152.160888672, 326.158599854, 1258.12878418, 1268.52539062, 11607.6132812, 3686.76538086, 1633.97814941, 10865.7822266, 610.650756836, 5202.37060547, 732.557556152, 489.352294922, 795.235717773, 222.483520508, 107.023292542, 19.9002571106, 12.3569850922, 8.74101638794, 6.39845466614, 2.47107791901, 2.01802992821, 0.649819791317, 0.246587589383, 0.103936389089, 0.0185143258423, 0.0089886393398, 0.00228090817109, 0.00017674578703, 6.01264446232e-06, 2.93376047011e-07, 1.5611457016e-08, 2.74792300026e-10, 5.5673512675e-12, 1.6865066288e-10, 9.32253496622e-10]}, "gfcc": {"mean": [-206.400283813, 224.912231445, -125.004188538, -1.94332742691, -32.3261299133, -18.5540885925, -16.9493923187, -11.9024133682, -6.64991807938, -13.5241680145, -8.55070877075, -20.5300979614, -4.92968177795], "cov": [[28071.1445312, 262.20993042, -4200.45556641, 2592.49291992, -1751.39099121, -149.813323975, 57.2665328979, -465.449005127, 65.8762893677, -371.969543457, -57.5232276917, -565.260253906, -8.38388633728], [262.20993042, 1233.30566406, 181.412094116, -463.718658447, 249.001266479, -86.3690261841, 5.26197338104, 20.35546875, 27.461435318, 21.7562980652, 17.0829696655, -2.52280497551, -18.5458431244], [-4200.45556641, 181.412094116, 1074.60717773, -409.866790771, 350.926300049, 132.859649658, 7.29020357132, 97.7132110596, 20.5292110443, 76.8424835205, 35.4334869385, 117.597511292, 21.6384239197], [2592.49291992, -463.718658447, -409.866790771, 627.324829102, -164.627990723, 11.6806964874, 19.9938087463, -55.9835472107, 7.86091423035, -38.4450645447, -11.1123895645, -52.2305335999, 25.4653434753], [-1751.39099121, 249.001266479, 350.926300049, -164.627990723, 335.287689209, -9.3831949234, 31.7503318787, 49.2745056152, 10.6124687195, 33.0321235657, 7.40689134598, 30.0092124939, 7.26705408096], [-149.813323975, -86.3690261841, 132.859649658, 11.6806964874, -9.3831949234, 149.59437561, 34.511264801, 18.5683860779, 24.5216026306, 4.40964126587, 13.7914838791, 21.9032211304, 6.19615125656], [57.2665328979, 5.26197338104, 7.29020357132, 19.9938087463, 31.7503318787, 34.511264801, 123.492019653, 36.7188339233, 57.5232696533, 8.63801383972, -1.20202386379, -0.275960236788, -0.408170223236], [-465.449005127, 20.35546875, 97.7132110596, -55.9835472107, 49.2745056152, 18.5683860779, 36.7188339233, 86.6680984497, 33.1163368225, 14.7909536362, -4.40212154388, 9.22529315948, 3.70356321335], [65.8762893677, 27.461435318, 20.5292110443, 7.86091423035, 10.6124687195, 24.5216026306, 57.5232696533, 33.1163368225, 116.273605347, 53.6165542603, 33.4998283386, 3.30865979195, -17.7298049927], [-371.969543457, 21.7562980652, 76.8424835205, -38.4450645447, 33.0321235657, 4.40964126587, 8.63801383972, 14.7909536362, 53.6165542603, 84.8843841553, 53.3734016418, 18.7588691711, -12.6075153351], [-57.5232276917, 17.0829696655, 35.4334869385, -11.1123895645, 7.40689134598, 13.7914838791, -1.20202386379, -4.40212154388, 33.4998283386, 53.3734016418, 87.305809021, 32.3795509338, -8.03025341034], [-565.260253906, -2.52280497551, 117.597511292, -52.2305335999, 30.0092124939, 21.9032211304, -0.275960236788, 9.22529315948, 3.30865979195, 18.7588691711, 32.3795509338, 63.9246139526, 24.2790775299], [-8.38388633728, -18.5458431244, 21.6384239197, 25.4653434753, 7.26705408096, 6.19615125656, -0.408170223236, 3.70356321335, -17.7298049927, -12.6075153351, -8.03025341034, 24.2790775299, 54.497959137]], "icov": [[0.000335937482305, -0.000901022169273, 0.000650198489893, -0.0012727821013, 0.00104892731179, -0.000631478906143, -4.78341535199e-05, -0.00013636793301, 4.67202844447e-05, 0.000276977400063, -0.000510964542627, 0.000731151958462, -0.000299278617604], [-0.000901022169273, 0.00391641911119, -0.001417997526, 0.0047466987744, -0.00387664628215, 0.00206310581416, 0.000234734761762, 0.00106683606282, -0.00126272975467, 0.000330669543473, 0.000276427861536, -0.000398891890654, -0.000365062733181], [0.000650198489893, -0.001417997526, 0.00393626792356, -0.00136554671917, -0.000274707766948, -0.00357461115345, 0.0010844306089, -0.000811278936453, 3.76362222596e-05, -0.00065293663647, 0.000159300892847, -0.00087985227583, -0.000524391769432], [-0.0012727821013, 0.0047466987744, -0.00136554671917, 0.00858640205115, -0.00478317122906, 0.00171511585359, 3.58346660505e-05, 0.00220104842447, -0.00189665274229, 0.000242803158471, 0.000199644127861, 0.000716901617125, -0.00260780449025], [0.00104892731179, -0.00387664628215, -0.000274707766948, -0.00478317122906, 0.00958193931729, 0.000317914702464, -0.00243928702548, -0.00164259504527, 0.00186089531053, -0.000476030807476, -0.00142204307485, 0.00241576111875, -0.000824743241537], [-0.000631478906143, 0.00206310581416, -0.00357461115345, 0.00171511585359, 0.000317914702464, 0.0114322993904, -0.00270539172925, -2.34580857068e-05, -0.00130179082043, 0.00237783184275, -0.001234791358, -0.00184328132309, 0.000627772533335], [-4.78341535199e-05, 0.000234734761762, 0.0010844306089, 3.58346660505e-05, -0.00243928702548, -0.00270539172925, 0.0132723124698, -0.00279125990346, -0.00682085799053, 0.00242386618629, 0.00153918191791, -0.000781399372499, -0.000536222942173], [-0.00013636793301, 0.00106683606282, -0.000811278936453, 0.00220104842447, -0.00164259504527, -2.34580857068e-05, -0.00279125990346, 0.0170876327902, -0.00445015635341, -0.000802786904387, 0.00311340508051, 0.000320666760672, -0.00264232722111], [4.67202844447e-05, -0.00126272975467, 3.76362222596e-05, -0.00189665274229, 0.00186089531053, -0.00130179082043, -0.00682085799053, -0.00445015635341, 0.0195977222174, -0.0107842180878, -0.000644217943773, -0.000312471296638, 0.00452517764643], [0.000276977400063, 0.000330669543473, -0.00065293663647, 0.000242803158471, -0.000476030807476, 0.00237783184275, 0.00242386618629, -0.000802786904387, -0.0107842180878, 0.0288473088294, -0.0144946612418, 0.00286154379137, -7.87556928117e-05], [-0.000510964542627, 0.000276427861536, 0.000159300892847, 0.000199644127861, -0.00142204307485, -0.001234791358, 0.00153918191791, 0.00311340508051, -0.000644217943773, -0.0144946612418, 0.0275254976004, -0.0166442170739, 0.00789706129581], [0.000731151958462, -0.000398891890654, -0.00087985227583, 0.000716901617125, 0.00241576111875, -0.00184328132309, -0.000781399372499, 0.000320666760672, -0.000312471296638, 0.00286154379137, -0.0166442170739, 0.0386710651219, -0.019269425422], [-0.000299278617604, -0.000365062733181, -0.000524391769432, -0.00260780449025, -0.000824743241537, 0.000627772533335, -0.000536222942173, -0.00264232722111, 0.00452517764643, -7.87556928117e-05, 0.00789706129581, -0.019269425422, 0.0310221500695]]}, "melbands": {"dmean": [9.30959431571e-05, 0.000474354630569, 0.000312197924359, 0.00012743496336, 0.000129528241814, 0.000116684866953, 9.26763532334e-05, 0.000172426633071, 5.46890296391e-05, 4.42951168225e-05, 5.51223929506e-05, 1.82992171176e-05, 2.81442153209e-05, 1.27187031467e-05, 7.81005928729e-06, 6.93239189786e-06, 1.02731510196e-05, 5.30707893631e-06, 3.30038574248e-06, 3.3173682823e-06, 1.26217469187e-06, 1.13077385322e-06, 9.28090400976e-07, 5.16859415711e-07, 5.97698829097e-07, 3.25468391793e-07, 1.80473719524e-07, 2.21765787956e-07, 1.1714543291e-07, 9.2210314051e-08, 4.85095235092e-08, 4.13748253436e-08, 2.07419450504e-08, 1.42763223465e-08, 1.16477805179e-08, 8.66297877877e-09, 3.98407618007e-09, 1.59684176992e-09, 6.93029356125e-10, 2.96094843089e-10], "dmean2": [0.000124985235743, 0.000651807640679, 0.000416165188653, 0.000161892021424, 0.000173264954356, 0.000174648477696, 0.000124843325466, 0.000247760763159, 7.03248733771e-05, 6.90187443979e-05, 7.95317537268e-05, 2.65048929577e-05, 3.74408991775e-05, 1.71191168192e-05, 1.11385297714e-05, 1.02952544694e-05, 1.51486328832e-05, 8.08883942227e-06, 5.30126681042e-06, 5.39031634617e-06, 2.07408038477e-06, 1.88942851764e-06, 1.58391424065e-06, 8.84217627117e-07, 9.91589217847e-07, 5.41156680356e-07, 3.03349310116e-07, 3.6132021819e-07, 1.89004765616e-07, 1.43949407061e-07, 7.5349078088e-08, 6.3869016742e-08, 3.2339411149e-08, 2.29524239614e-08, 1.84565838168e-08, 1.4601056364e-08, 6.621619697e-09, 2.70076849773e-09, 1.14043730015e-09, 4.92444918176e-10], "dvar": [6.36003321119e-08, 1.39244104957e-06, 4.49032313554e-07, 6.84992969013e-08, 7.58495559694e-08, 1.2588644438e-07, 7.84405571608e-08, 2.78840985857e-07, 2.97701685525e-08, 2.41604727336e-08, 2.39512711886e-08, 3.44933215324e-09, 2.07846007072e-08, 3.6377130197e-09, 7.66991303802e-10, 1.18833920482e-09, 1.03390740414e-09, 2.23874072058e-10, 8.0830037108e-11, 7.13987827194e-11, 7.82564551355e-12, 9.77492913001e-12, 5.67646016997e-12, 2.10843083444e-12, 2.59631595736e-12, 1.10587916862e-12, 2.20611940174e-13, 1.05653571829e-12, 3.46795969762e-13, 1.86983851254e-13, 3.44991809913e-14, 4.0371077656e-14, 1.06156623341e-14, 5.10831552094e-15, 3.04504787e-15, 2.70703704305e-15, 5.9223225477e-16, 2.26340861913e-16, 1.24772742506e-17, 2.56391579178e-18], "dvar2": [1.21198667102e-07, 2.89170793621e-06, 9.55356767918e-07, 1.28950318867e-07, 1.49132191041e-07, 3.48209766798e-07, 1.59929513188e-07, 6.25755035344e-07, 4.46015739897e-08, 6.00977330123e-08, 5.37968176673e-08, 6.84125378569e-09, 3.38361516583e-08, 6.13870243527e-09, 1.53543477932e-09, 2.94313284854e-09, 1.76328429635e-09, 4.86664653021e-10, 1.97735633423e-10, 1.83898354877e-10, 2.03813337735e-11, 2.6375719317e-11, 1.5980283069e-11, 5.85542551945e-12, 7.10962668946e-12, 2.9456161902e-12, 6.21194881558e-13, 2.7258573003e-12, 9.23582499542e-13, 4.77978117155e-13, 8.00240543318e-14, 9.74049196877e-14, 2.54545123586e-14, 1.26963005132e-14, 7.42586839188e-15, 7.22835470814e-15, 1.57947663043e-15, 6.29561737909e-16, 3.24738535343e-17, 6.71008003004e-18], "max": [0.0128425499424, 0.0391006320715, 0.0193877629936, 0.0108864754438, 0.00612478889525, 0.0121435755864, 0.0113843847066, 0.0151241021231, 0.0060513317585, 0.00440074875951, 0.0044222776778, 0.00213239551522, 0.00511930091307, 0.00324850808829, 0.00184163753875, 0.00219908589497, 0.00118612439837, 0.000432514207205, 0.00024362905242, 0.000269599026069, 5.01881841046e-05, 7.36938309274e-05, 4.29463798355e-05, 3.5645934986e-05, 3.01300442516e-05, 2.23733168241e-05, 9.34765921556e-06, 2.47623538598e-05, 1.76582925633e-05, 1.93373143702e-05, 3.3397527659e-06, 3.58670013156e-06, 3.118292625e-06, 1.37242091114e-06, 8.77821605627e-07, 8.90153501132e-07, 6.10334041085e-07, 9.22390881897e-07, 6.98509481367e-08, 6.57614762645e-08], "mean": [0.000394592439989, 0.00168576766737, 0.00144650915172, 0.000582594599109, 0.000364817853551, 0.00033003979479, 0.000279051891994, 0.000561057531741, 0.000186679622857, 0.000114010224934, 0.000241926289164, 4.13795169152e-05, 5.52879246243e-05, 2.49074564636e-05, 1.81217219506e-05, 1.56103760673e-05, 2.08094388654e-05, 1.07193354779e-05, 6.6082398007e-06, 6.0717161432e-06, 2.43892463914e-06, 2.10654297916e-06, 1.66718075434e-06, 1.00958334315e-06, 1.06340507955e-06, 5.6983316199e-07, 3.81052160492e-07, 3.65508327604e-07, 2.03098124985e-07, 1.52894045868e-07, 8.14620904066e-08, 5.55499184429e-08, 3.21194093544e-08, 1.81038011249e-08, 1.51998591491e-08, 8.76795347438e-09, 4.34320401865e-09, 1.8801999957e-09, 9.51833833973e-10, 4.80109452194e-10], "median": [6.86023558956e-05, 0.000452011736343, 0.000284563633613, 0.000131013337523, 8.43647358124e-05, 6.958177255e-05, 8.28943884699e-05, 6.7331129685e-05, 3.96735704271e-05, 2.65327525995e-05, 1.87923888006e-05, 1.04864284367e-05, 4.95994027006e-06, 3.54059557139e-06, 3.43363444699e-06, 2.8595547974e-06, 2.55788904724e-06, 1.88782462374e-06, 1.43767738336e-06, 1.19451021874e-06, 5.30943168542e-07, 3.73651261043e-07, 2.9306960414e-07, 1.26383781662e-07, 1.223448578e-07, 5.75618130938e-08, 3.5932970377e-08, 2.27561400834e-08, 1.23787762263e-08, 9.66981872352e-09, 5.21066878534e-09, 2.02823624562e-09, 1.0095482228e-09, 5.26892640629e-10, 3.04809427698e-10, 1.52591189684e-10, 1.01266661723e-10, 6.47721806746e-11, 3.71477917871e-11, 2.8587465728e-11], "min": [1.19542295387e-24, 5.01656765583e-25, 7.47898711072e-25, 6.96820559104e-25, 1.89180796315e-24, 2.17482818176e-24, 1.46095471786e-24, 9.74018984236e-25, 1.11722386259e-24, 2.04692543003e-24, 2.20682773273e-24, 2.1172001177e-24, 1.8300521844e-24, 2.7223860024e-24, 1.3829825227e-24, 2.9548909213e-24, 2.72036217975e-24, 2.4073827989e-24, 3.55452085866e-24, 3.67887649733e-24, 4.5123029161e-24, 2.2714435267e-24, 4.71000131971e-24, 4.71840584379e-24, 3.53756587122e-24, 3.80093694519e-24, 3.5911232158e-24, 4.27684450197e-24, 5.05257757843e-24, 4.65159760816e-24, 4.05664226331e-24, 5.0495373085e-24, 4.05065244246e-24, 4.95630104926e-24, 4.96233149645e-24, 6.24641679543e-24, 6.31974141657e-24, 5.20162219685e-24, 6.26362185177e-24, 5.57275522035e-24], "var": [8.63922821281e-07, 9.76223600446e-06, 5.96442077949e-06, 1.0651666571e-06, 3.87898410281e-07, 5.54722362267e-07, 2.84295595065e-07, 1.67034795595e-06, 1.74340399894e-07, 5.75444438766e-08, 2.63286722202e-07, 7.86157539068e-09, 5.73711211871e-08, 9.33139432391e-09, 1.97893279541e-09, 1.92641103069e-09, 3.84254361663e-09, 5.64597923969e-10, 1.83573919954e-10, 1.54246559969e-10, 1.98552164293e-11, 2.07261915963e-11, 1.09884601418e-11, 4.36081249236e-12, 5.12934139607e-12, 1.8044726954e-12, 5.49966376693e-13, 1.17575144499e-12, 3.66531593488e-13, 2.18052951997e-13, 5.44919063214e-14, 4.51689805892e-14, 1.30177927154e-14, 4.97918068945e-15, 3.44949572616e-15, 2.08225029457e-15, 4.56981210126e-16, 1.50722088191e-16, 1.19611590433e-17, 2.53757133004e-18]}, "mfcc": {"mean": [-809.640563965, 214.805450439, 1.1912612915, 13.7854976654, 2.23613929749, -0.178429231048, -4.69164800644, -2.35690951347, 1.59552550316, 3.40052461624, -0.205986425281, -2.67659640312, -4.08809375763], "cov": [[12687.4521484, 2231.98193359, -3218.11669922, 1563.47192383, -749.295166016, 119.955368042, -148.665222168, -41.2967185974, -97.8122329712, 128.224731445, -73.2163696289, -40.6246948242, -146.956359863], [2231.98193359, 1266.96618652, -409.283447266, 160.39024353, 89.0149230957, -27.3450469971, 23.5046329498, -1.6218495369, 50.5220108032, 53.9565124512, 40.9840507507, -9.12178611755, -27.1811141968], [-3218.11669922, -409.283447266, 1172.5760498, -391.580230713, 189.611572266, 55.4605522156, 50.905380249, 49.913143158, 29.6070137024, -5.29093313217, 40.5603485107, 42.055480957, 65.9785919189], [1563.47192383, 160.39024353, -391.580230713, 407.687286377, -58.029132843, 32.8981208801, 5.47064733505, -11.3569326401, -6.08684539795, -2.2722568512, -24.2269687653, -12.7039346695, -5.67154121399], [-749.295166016, 89.0149230957, 189.611572266, -58.029132843, 254.55682373, 5.46938228607, 23.1576328278, 17.1624259949, 35.6418380737, 0.225070685148, 10.4894952774, 6.85206651688, 19.8013744354], [119.955368042, -27.3450469971, 55.4605522156, 32.8981208801, 5.46938228607, 115.727096558, 25.9296760559, 17.2872714996, 1.80274569988, 6.33967685699, 7.11638069153, 17.3049240112, 16.9257411957], [-148.665222168, 23.5046329498, 50.905380249, 5.47064733505, 23.1576328278, 25.9296760559, 74.6471099854, 26.2085838318, 18.6522750854, -1.13262462616, -0.11341021955, 1.42354655266, 1.73228335381], [-41.2967185974, -1.6218495369, 49.913143158, -11.3569326401, 17.1624259949, 17.2872714996, 26.2085838318, 85.16456604, 44.8236160278, 14.0651750565, 3.03580451012, -3.24773240089, -3.66904735565], [-97.8122329712, 50.5220108032, 29.6070137024, -6.08684539795, 35.6418380737, 1.80274569988, 18.6522750854, 44.8236160278, 86.6834411621, 35.694896698, 11.3601331711, -1.07500553131, -5.33015203476], [128.224731445, 53.9565124512, -5.29093313217, -2.2722568512, 0.225070685148, 6.33967685699, -1.13262462616, 14.0651750565, 35.694896698, 74.6766052246, 46.1471862793, 19.8674640656, 5.35291051865], [-73.2163696289, 40.9840507507, 40.5603485107, -24.2269687653, 10.4894952774, 7.11638069153, -0.11341021955, 3.03580451012, 11.3601331711, 46.1471862793, 85.5149002075, 48.7298583984, 18.1897830963], [-40.6246948242, -9.12178611755, 42.055480957, -12.7039346695, 6.85206651688, 17.3049240112, 1.42354655266, -3.24773240089, -1.07500553131, 19.8674640656, 48.7298583984, 79.2247467041, 41.2090950012], [-146.956359863, -27.1811141968, 65.9785919189, -5.67154121399, 19.8013744354, 16.9257411957, 1.73228335381, -3.66904735565, -5.33015203476, 5.35291051865, 18.1897830963, 41.2090950012, 61.8652267456]], "icov": [[0.00270391255617, -0.00357575714588, 0.00410533603281, -0.00398642430082, 0.00436169793829, -0.00477133365348, 0.00487945228815, -0.00504926638678, 0.00470320275053, -0.00481289345771, 0.00497377756983, -0.00414816709235, 0.00170378130861], [-0.00357575714588, 0.00579343736172, -0.00497428094968, 0.00516051100567, -0.00642869854346, 0.00647935038432, -0.00697591016069, 0.00692774867639, -0.00650832848623, 0.00603054650128, -0.00728402193636, 0.00582303572446, -0.00209893216379], [0.00410533603281, -0.00497428094968, 0.00804897490889, -0.00459634466097, 0.00570259010419, -0.00805076491088, 0.00665976852179, -0.00788245722651, 0.00684933969751, -0.00680995965376, 0.006765733473, -0.00566459866241, 0.00124764104839], [-0.00398642430082, 0.00516051100567, -0.00459634466097, 0.00997027475387, -0.00634749559686, 0.00531713152304, -0.00788543652743, 0.00780527060851, -0.00732996407896, 0.00725241145119, -0.00676057394594, 0.00667817378417, -0.00384519435465], [0.00436169793829, -0.00642869854346, 0.00570259010419, -0.00634749559686, 0.012365183793, -0.00755752716213, 0.00746568990871, -0.00763424998149, 0.00519995484501, -0.00606188457459, 0.00746045447886, -0.00597366830334, 0.00107892300002], [-0.00477133365348, 0.00647935038432, -0.00805076491088, 0.00531713152304, -0.00755752716213, 0.01936400868, -0.0115988189355, 0.00694442586973, -0.00634228717536, 0.00672126701102, -0.0078842304647, 0.00552528118715, -0.00404620496556], [0.00487945228815, -0.00697591016069, 0.00665976852179, -0.00788543652743, 0.00746568990871, -0.0115988189355, 0.025905655697, -0.0126362955198, 0.0063145365566, -0.00596586894244, 0.00879325158894, -0.00801026728004, 0.00381988612935], [-0.00504926638678, 0.00692774867639, -0.00788245722651, 0.00780527060851, -0.00763424998149, 0.00694442586973, -0.0126362955198, 0.0274013560265, -0.0177469048649, 0.0097266100347, -0.00965749658644, 0.00880315713584, -0.00270075304434], [0.00470320275053, -0.00650832848623, 0.00684933969751, -0.00732996407896, 0.00519995484501, -0.00634228717536, 0.0063145365566, -0.0177469048649, 0.030197257176, -0.0194110125303, 0.0122877843678, -0.00804043933749, 0.0052015860565], [-0.00481289345771, 0.00603054650128, -0.00680995965376, 0.00725241145119, -0.00606188457459, 0.00672126701102, -0.00596586894244, 0.0097266100347, -0.0194110125303, 0.0360322594643, -0.023578254506, 0.010191922076, -0.00465671764687], [0.00497377756983, -0.00728402193636, 0.006765733473, -0.00676057394594, 0.00746045447886, -0.0078842304647, 0.00879325158894, -0.00965749658644, 0.0122877843678, -0.023578254506, 0.0370012894273, -0.0228491798043, 0.00716902827844], [-0.00414816709235, 0.00582303572446, -0.00566459866241, 0.00667817378417, -0.00597366830334, 0.00552528118715, -0.00801026728004, 0.00880315713584, -0.00804043933749, 0.010191922076, -0.0228491798043, 0.0359732471406, -0.0183136668056], [0.00170378130861, -0.00209893216379, 0.00124764104839, -0.00384519435465, 0.00107892300002, -0.00404620496556, 0.00381988612935, -0.00270075304434, 0.0052015860565, -0.00465671764687, 0.00716902827844, -0.0183136668056, 0.0290427729487]]}, "spectral_contrast_coeffs": {"dmean": [0.0312790647149, 0.0298203080893, 0.026543546468, 0.0220640525222, 0.0162834133953, 0.0183313451707], "dmean2": [0.050819080323, 0.0481430739164, 0.0427027158439, 0.0359002612531, 0.0272433254868, 0.0310620944947], "dvar": [0.000762093695812, 0.000706666149199, 0.000568596355151, 0.000397285650251, 0.000211955688428, 0.000357501528924], "dvar2": [0.00206306367181, 0.00183430418838, 0.0014235052513, 0.00097912340425, 0.000538094434887, 0.000957829644904], "max": [-0.289749264717, -0.491037160158, -0.516251921654, -0.60147112608, -0.634929895401, -0.617597460747], "mean": [-0.607624769211, -0.710590600967, -0.750219583511, -0.777014732361, -0.789869427681, -0.769401967525], "median": [-0.609398603439, -0.710232019424, -0.757949352264, -0.778828620911, -0.789723753929, -0.75747191906], "min": [-0.983192920685, -0.980120301247, -0.976065039635, -0.971746921539, -0.978111863136, -0.965325713158], "var": [0.00760912336409, 0.00534289050847, 0.00478531839326, 0.00238646753132, 0.00154623296112, 0.00456105498597]}, "spectral_contrast_valleys": {"dmean": [0.312399804592, 0.255969047546, 0.251554638147, 0.210433468223, 0.169307619333, 0.268132060766], "dmean2": [0.513404011726, 0.415581226349, 0.404131621122, 0.347909808159, 0.279356360435, 0.455648928881], "dvar": [0.0979572832584, 0.0772790163755, 0.0760321393609