{"lowlevel": {"average_loudness": 0.966945469379, "barkbands_crest": {"dmean": 2.53452706337, "dmean2": 3.73945498466, "dvar": 8.09486293793, "dvar2": 16.4930877686, "max": 26.6033420563, "mean": 14.8165655136, "median": 14.6378488541, "min": 3.13202095032, "var": 40.096824646}, "barkbands_flatness_db": {"dmean": 0.0276618823409, "dmean2": 0.0402764715254, "dvar": 0.00111939269118, "dvar2": 0.0023351747077, "max": 0.548630535603, "mean": 0.202678129077, "median": 0.157002747059, "min": 0.051308400929, "var": 0.0156504195184}, "barkbands_kurtosis": {"dmean": 8.57849597931, "dmean2": 12.8967113495, "dvar": 290.187408447, "dvar2": 722.127380371, "max": 409.320251465, "mean": 15.4477596283, "median": 5.14830493927, "min": -1.91076517105, "var": 944.935241699}, "barkbands_skewness": {"dmean": 1.03532803059, "dmean2": 1.45090150833, "dvar": 1.35795915127, "dvar2": 2.83610510826, "max": 16.9124240875, "mean": 2.64692354202, "median": 2.27658414841, "min": -4.95117378235, "var": 6.40788078308}, "barkbands_spread": {"dmean": 9.55990123749, "dmean2": 13.3807668686, "dvar": 152.396011353, "dvar2": 269.060638428, "max": 87.6493377686, "mean": 23.5233135223, "median": 15.4427623749, "min": 0.297384738922, "var": 480.956329346}, "dissonance": {"dmean": 0.0221085213125, "dmean2": 0.0358478650451, "dvar": 0.00059873360442, "dvar2": 0.00159777502995, "max": 0.499831855297, "mean": 0.439124375582, "median": 0.453055530787, "min": 0.190902456641, "var": 0.00229251664132}, "dynamic_complexity": 3.55526804924, "erbbands_crest": {"dmean": 2.95479750633, "dmean2": 4.48453521729, "dvar": 9.71220111847, "dvar2": 20.211687088, "max": 32.4464378357, "mean": 13.0811271667, "median": 11.3875932693, "min": 2.68318128586, "var": 49.4727745056}, "erbbands_flatness_db": {"dmean": 0.0207762382925, "dmean2": 0.0315739884973, "dvar": 0.000567680341192, "dvar2": 0.00132463511545, "max": 0.480558127165, "mean": 0.201481178403, "median": 0.153697162867, "min": 0.0652601271868, "var": 0.0113085377961}, "erbbands_kurtosis": {"dmean": 2.34441566467, "dmean2": 3.68947958946, "dvar": 17.0343532562, "dvar2": 41.9926300049, "max": 83.4722900391, "mean": 2.29542922974, "median": 0.0516510009766, "min": -1.88668811321, "var": 43.2283325195}, "erbbands_skewness": {"dmean": 0.685530781746, "dmean2": 0.96079146862, "dvar": 0.531260550022, "dvar2": 1.05107569695, "max": 7.44390201569, "mean": 0.791371822357, "median": 0.661050319672, "min": -4.60957098007, "var": 2.21240592003}, "erbbands_spread": {"dmean": 13.4824438095, "dmean2": 20.1307125092, "dvar": 213.995437622, "dvar2": 498.909118652, "max": 125.135848999, "mean": 45.068107605, "median": 41.0492630005, "min": 1.20319926739, "var": 774.404785156}, "hfc": {"dmean": 17.7655906677, "dmean2": 25.7266292572, "dvar": 988.441101074, "dvar2": 2109.61791992, "max": 273.371398926, "mean": 25.2353878021, "median": 8.82706356049, "min": 1.21729937116e-16, "var": 1364.75537109}, "melbands_crest": {"dmean": 2.57476186752, "dmean2": 3.86542367935, "dvar": 8.34682846069, "dvar2": 18.6506290436, "max": 33.2068023682, "mean": 18.46916008, "median": 18.5856723785, "min": 1.84384608269, "var": 43.5208854675}, "melbands_flatness_db": {"dmean": 0.0360822565854, "dmean2": 0.0501928552985, "dvar": 0.00199776887894, "dvar2": 0.00406722771004, "max": 0.627604603767, "mean": 0.248335927725, "median": 0.20991230011, "min": 0.00457444088534, "var": 0.0191531237215}, "melbands_kurtosis": {"dmean": 13.8350381851, "dmean2": 20.6287994385, "dvar": 360.13168335, "dvar2": 759.513061523, "max": 259.491363525, "mean": 30.4849205017, "median": 19.1274261475, "min": -1.91746115685, "var": 1219.10205078}, "melbands_skewness": {"dmean": 1.08179736137, "dmean2": 1.57907390594, "dvar": 1.37519931793, "dvar2": 2.92061710358, "max": 13.4126377106, "mean": 4.02574491501, "median": 3.72476506233, "min": -3.50323104858, "var": 5.26507663727}, "melbands_spread": {"dmean": 14.3869400024, "dmean2": 20.7729034424, "dvar": 515.249572754, "dvar2": 943.509887695, "max": 180.972579956, "mean": 26.2053661346, "median": 11.7941360474, "min": 0.457247883081, "var": 1153.41052246}, "pitch_salience": {"dmean": 0.0668467581272, "dmean2": 0.099583260715, "dvar": 0.00511145591736, "dvar2": 0.011874425225, "max": 0.882302463055, "mean": 0.447193264961, "median": 0.469116955996, "min": 0.0502933450043, "var": 0.026174781844}, "silence_rate_20dB": {"dmean": 0, "dmean2": 0, "dvar": 0, "dvar2": 0, "max": 1, "mean": 1, "median": 1, "min": 1, "var": 0}, "silence_rate_30dB": {"dmean": 0, "dmean2": 0, "dvar": 0, "dvar2": 0, "max": 1, "mean": 1, "median": 1, "min": 1, "var": 0}, "silence_rate_60dB": {"dmean": 0.0198237877339, "dmean2": 0.0396621376276, "dvar": 0.0194307472557, "dvar2": 0.0424946732819, "max": 1, "mean": 0.0943119302392, "median": 0, "min": 0, "var": 0.0854179561138}, "spectral_centroid": {"dmean": 408.723602295, "dmean2": 570.967285156, "dvar": 330864.3125, "dvar2": 555427.9375, "max": 10963.2568359, "mean": 1207.99499512, "median": 814.666687012, "min": 214.583862305, "var": 919391.4375}, "spectral_complexity": {"dmean": 4.00146865845, "dmean2": 5.82739639282, "dvar": 32.6119499207, "dvar2": 62.0712738037, "max": 55, "mean": 12.4388990402, "median": 10, "min": 0, "var": 91.8666305542}, "spectral_decrease": {"dmean": 1.24337795615e-09, "dmean2": 1.8230761345e-09, "dvar": 4.61757943244e-18, "dvar2": 1.08406816923e-17, "max": 4.4710286705e-18, "mean": -4.26696677991e-09, "median": -3.80655240662e-09, "min": -3.18868664806e-08, "var": 9.21415840349e-18}, "spectral_energy": {"dmean": 0.00602099252865, "dmean2": 0.00882767233998, "dvar": 0.000105306724436, "dvar2": 0.000246533687459, "max": 0.145144015551, "mean": 0.0183934513479, "median": 0.0159046687186, "min": 1.10530329142e-20, "var": 0.000189258586033}, "spectral_energyband_high": {"dmean": 0.00169202813413, "dmean2": 0.00239531649277, "dvar": 1.01185241874e-05, "dvar2": 1.84307536983e-05, "max": 0.0251213703305, "mean": 0.00219693756662, "median": 0.000251662364462, "min": 7.73748945509e-21, "var": 1.64125212905e-05}, "spectral_energyband_low": {"dmean": 0.000778675195761, "dmean2": 0.0012843896402, "dvar": 4.16718103224e-06, "dvar2": 1.14942376968e-05, "max": 0.0257356222719, "mean": 0.00177260965575, "median": 0.00094397662906, "min": 7.07673044795e-23, "var": 6.23918094789e-06}, "spectral_energyband_middle_high": {"dmean": 0.00287439790554, "dmean2": 0.00470074638724, "dvar": 7.21754840924e-05, "dvar2": 0.000185759970918, "max": 0.129943862557, "mean": 0.0030268188566, "median": 0.000954936898779, "min": 1.51191914843e-21, "var": 6.01771462243e-05}, "spectral_energyband_middle_low": {"dmean": 0.00296472897753, "dmean2": 0.00380100216717, "dvar": 1.27620869534e-05, "dvar2": 2.26649226533e-05, "max": 0.0562187731266, "mean": 0.0117129255086, "median": 0.0107081430033, "min": 4.46307106941e-22, "var": 6.70456574881e-05}, "spectral_entropy": {"dmean": 0.277968555689, "dmean2": 0.387090146542, "dvar": 0.122356541455, "dvar2": 0.256934583187, "max": 9.8084154129, "mean": 7.17563772202, "median": 7.51025485992, "min": 4.3590836525, "var": 1.22601985931}, "spectral_flux": {"dmean": 0.0222125947475, "dmean2": 0.0330346263945, "dvar": 0.0011230710661, "dvar2": 0.00237629469484, "max": 0.36200889945, "mean": 0.0553026124835, "median": 0.0427960306406, "min": 1.05133401984e-10, "var": 0.00203168392181}, "spectral_kurtosis": {"dmean": 4.36298274994, "dmean2": 7.17735290527, "dvar": 71.2872009277, "dvar2": 178.91847229, "max": 93.4238967896, "mean": 10.1301717758, "median": 3.04894971848, "min": -1.21032333374, "var": 268.240234375}, "spectral_rms": {"dmean": 0.000631372444332, "dmean2": 0.000893206975888, "dvar": 7.92546131834e-07, "dvar2": 1.68113490417e-06, "max": 0.0118997441605, "mean": 0.00390009884723, "median": 0.00393913080916, "min": 3.28381592751e-12, "var": 2.73410796581e-06}, "spectral_rolloff": {"dmean": 1037.48120117, "dmean2": 1630.14099121, "dvar": 2986967, "dvar2": 4730987, "max": 19509.0820312, "mean": 2222.57495117, "median": 538.330078125, "min": 193.798828125, "var": 9637894}, "spectral_skewness": {"dmean": 0.453542381525, "dmean2": 0.683890759945, "dvar": 0.368110895157, "dvar2": 0.899595916271, "max": 7.68620967865, "mean": 1.88266718388, "median": 1.46648454666, "min": 0.011672466062, "var": 1.89817285538}, "spectral_spread": {"dmean": 757148.625, "dmean2": 1091194.375, "dvar": 1061085577220.0, "dvar2": 1722363936770.0, "max": 40992432, "mean": 5150740.5, "median": 5526001, "min": 782099.1875, "var": 5918325997570.0}, "spectral_strongpeak": {"dmean": 0.666366517544, "dmean2": 1.14178609848, "dvar": 3.19275164604, "dvar2": 8.39394187927, "max": 19.4542770386, "mean": 1.26576864719, "median": 0.978257775307, "min": 0, "var": 2.65213489532}, "zerocrossingrate": {"dmean": 0.022631585598, "dmean2": 0.0231272801757, "dvar": 0.000717295042705, "dvar2": 0.000828810909297, "max": 0.517578125, "mean": 0.0747378543019, "median": 0.05126953125, "min": 0.0078125, "var": 0.00539494911209}, "barkbands": {"dmean": [1.41713462654e-06, 0.000212897270103, 0.000518261047546, 0.000276556878816, 0.00187479960732, 0.00111771933734, 0.000523752882145, 9.46816289797e-05, 0.000172483327333, 8.61874723341e-05, 0.000103281898191, 6.6320055339e-05, 0.000321892992361, 0.000241911111516, 0.000810431723949, 0.00034098685137, 0.000521600362845, 0.000410794542404, 0.00020355390734, 0.000259668566287, 0.000315369659802, 0.000356270495104, 0.000368365319446, 0.000340492289979, 0.000193988191313, 6.47573178867e-05, 4.57122087028e-06], "dmean2": [2.13208681998e-06, 0.00035443546949, 0.000873401411809, 0.000384215178201, 0.00256702466868, 0.00127848249394, 0.000771938939579, 0.000142819422763, 0.000223588387598, 0.000130234679091, 0.000160383715411, 0.000110000248242, 0.000503341958392, 0.000379507342586, 0.00131925882306, 0.000597338948864, 0.000918396865018, 0.000701397948433, 0.00033437559614, 0.000412174587836, 0.000456367095467, 0.000510019715875, 0.000526461924892, 0.000491888669785, 0.000282047432847, 9.46596701397e-05, 7.38939388611e-06], "dvar": [7.70407782708e-12, 2.21652314281e-07, 2.05298715628e-06, 4.82583288886e-07, 8.73939461599e-06, 3.72483259525e-06, 2.61428385784e-06, 4.03498816581e-08, 1.07409356076e-07, 1.90272579914e-08, 4.03943367644e-08, 2.19135678492e-08, 1.90938385458e-06, 2.21150503421e-06, 4.03327030654e-05, 5.27858264832e-06, 7.99242206995e-06, 2.69807105724e-06, 3.84700143741e-07, 4.15131353293e-07, 3.19795788073e-07, 3.89462343264e-07, 5.9776073158e-07, 5.49141020656e-07, 1.52259417519e-07, 1.34414124275e-08, 1.12425992127e-10], "dvar2": [1.57604831963e-11, 5.97028872562e-07, 5.76891352466e-06, 1.02063813756e-06, 1.72621603269e-05, 4.27273334935e-06, 5.11911957801e-06, 8.59781934537e-08, 1.70158301671e-07, 4.24042276848e-08, 9.03253791762e-08, 5.61654331932e-08, 4.79127447761e-06, 5.42360703548e-06, 0.000101081721368, 1.42834551298e-05, 2.22304479394e-05, 7.102440577e-06, 1.04249534161e-06, 1.0793689853e-06, 6.08428877058e-07, 7.41147800909e-07, 1.2249406609e-06, 1.0540089761e-06, 3.11469477765e-07, 2.65525450516e-08, 2.82238593607e-10], "max": [2.81317952613e-05, 0.00614179624245, 0.0218176059425, 0.0178191028535, 0.0478625707328, 0.0317439064384, 0.0299642682076, 0.00390723533928, 0.00457876175642, 0.00211289292201, 0.00209197378717, 0.00226323655806, 0.0158897545189, 0.0261166822165, 0.124593809247, 0.0385192483664, 0.0422645956278, 0.0160059873015, 0.00677969446406, 0.00815974734724, 0.00502268550918, 0.00444327620789, 0.00611062021926, 0.00699119595811, 0.00293760420755, 0.000727861595806, 9.57853335422e-05], "mean": [1.76691389697e-06, 0.000439275085228, 0.00105483899824, 0.000743234588299, 0.00569450948387, 0.00366263790056, 0.0011013939511, 0.000159935036208, 0.000290655705612, 0.00015397577954, 0.000131393404445, 8.81414816831e-05, 0.000342366052791, 0.000249436794547, 0.000734325731173, 0.000290606199997, 0.000402802339522, 0.000329492846504, 0.000221097710892, 0.000297697173664, 0.000422662938945, 0.000456689565908, 0.000429476174759, 0.00040116821765, 0.000217138032895, 7.29054372641e-05, 3.82961525247e-06], "median": [3.35324472189e-07, 0.00018707694835, 0.000204582189326, 9.3199123512e-05, 0.00267745088786, 0.000966511317529, 0.000382933736546, 7.6645927038e-05, 0.000113052432425, 7.39129754947e-05, 6.23021333013e-05, 4.24676072726e-05, 6.29599962849e-05, 2.93104203593e-05, 0.000114110021968, 4.45907608082e-05, 6.50026850053e-05, 5.15839310538e-05, 5.98724363954e-05, 4.70843842777e-05, 4.56002126157e-05, 4.57888745586e-05, 3.89351553167e-05, 3.12745796691e-05, 2.18801960727e-05, 9.63720685832e-06, 3.76977567385e-07], "min": [3.14262285624e-24, 1.62224338444e-23, 3.99696256925e-23, 2.04595903598e-23, 2.37930041563e-23, 1.02803677903e-22, 8.62899603253e-23, 1.08002984399e-22, 9.66664284133e-23, 3.5306066192e-23, 1.0493802628e-22, 1.22204373959e-22, 1.3824801248e-22, 9.70464006232e-23, 1.62381855034e-22, 1.88298144581e-22, 2.36241399599e-22, 1.12652202408e-22, 2.30407085318e-22, 3.28596892492e-22, 5.78221563472e-22, 4.97618305775e-22, 6.49659797307e-22, 7.83534869799e-22, 1.07215521987e-21, 2.0702535411e-21, 2.13636700169e-21], "var": [1.2577280363e-11, 4.63801796968e-07, 3.26941085405e-06, 3.97215262637e-06, 4.61437630292e-05, 3.06126676151e-05, 6.40466896584e-06, 7.24065785107e-08, 2.52931812383e-07, 4.53057680261e-08, 4.8176019618e-08, 2.24178045016e-08, 1.85312921985e-06, 2.26864858632e-06, 3.40787664754e-05, 3.59266277883e-06, 5.11173902851e-06, 1.92535935639e-06, 2.98988283021e-07, 4.20080311869e-07, 6.36821596345e-07, 6.78828484979e-07, 7.75479350068e-07, 7.56122517487e-07, 1.96929292429e-07, 1.76844654476e-08, 9.43485706228e-11]}, "erbbands": {"dmean": [0.00308355735615, 0.0637447685003, 0.462291151285, 0.851328015327, 1.35640859604, 8.71192455292, 9.29920196533, 10.7143802643, 8.48369789124, 4.03278064728, 1.18972945213, 4.76590299606, 2.21083140373, 3.16401457787, 4.91458320618, 2.97848558426, 13.2248945236, 15.7264547348, 42.7013587952, 14.2783689499, 28.998041153, 25.2077884674, 23.424905777, 9.30458450317, 10.1504573822, 11.1133708954, 11.7275094986, 15.3444356918, 11.9166908264, 12.8512401581, 9.4267616272, 8.50625038147, 4.36954402924, 2.76706290245, 1.12167060375, 0.39410918951, 0.103136911988, 0.0139354001731, 0.000708596955519, 3.63181825378e-05], "dmean2": [0.00455436436459, 0.107510387897, 0.777568280697, 1.32867562771, 1.85214745998, 12.6086931229, 11.6019363403, 12.331319809, 11.8124961853, 6.2199678421, 1.84295582771, 6.09787845612, 3.04647326469, 5.00893068314, 7.660572052, 4.89502239227, 21.0544681549, 24.2409744263, 69.6083679199, 23.4424266815, 50.8377723694, 43.5216941833, 40.1350402832, 15.4248685837, 16.5954303741, 17.348154068, 17.5559959412, 21.3262653351, 16.9945392609, 18.3473510742, 13.6213550568, 12.6021633148, 6.17507457733, 4.01945352554, 1.6244584322, 0.569312989712, 0.151850998402, 0.0208572912961, 0.00113749247976, 5.61774286325e-05], "dvar": [4.37557100668e-05, 0.0215125977993, 1.59358561039, 4.69081449509, 9.01060199738, 229.97744751, 426.869812012, 379.740966797, 641.350402832, 65.0833129883, 5.27493810654, 82.8809585571, 11.269446373, 30.2478885651, 119.649276733, 47.0102005005, 2960.90649414, 5770.06494141, 96888.6015625, 7974.09033203, 30512.2441406, 10331.8154297, 8318.56054688, 699.609863281, 1423.73425293, 627.996765137, 483.061767578, 793.739562988, 453.668884277, 646.030578613, 390.983612061, 365.687957764, 82.026550293, 34.2693481445, 4.55023860931, 0.493318885565, 0.036054585129, 0.000720595708117, 2.98057898362e-06, 4.5657002623e-09], "dvar2": [0.000103540143755, 0.0587031207979, 4.41263484955, 12.436507225, 17.1323318481, 503.805450439, 535.990234375, 399.363616943, 1267.34509277, 127.92691803, 12.4505567551, 129.11151123, 20.3258495331, 71.396446228, 277.02255249, 121.118240356, 7587.44042969, 14212.6523438, 245156.09375, 20014, 83168.4375, 28287.9648438, 22108.8320312, 1874.01635742, 4027.59350586, 1563.46166992, 989.898010254, 1605.97497559, 849.200439453, 1213.05712891, 820.860656738, 766.957885742, 146.151504517, 69.8798294067, 9.3944644928, 0.963237404823, 0.0754779055715, 0.00163795205299, 7.6768164945e-06, 1.13860449957e-08], "max": [0.0802515074611, 1.88808083534, 19.4279766083, 25.9053974152, 73.8875808716, 242.406906128, 492.558654785, 331.992279053, 471.675170898, 129.172286987, 42.322052002, 130.065811157, 61.5038566589, 82.398475647, 125.997367859, 113.807342529, 608.427856445, 1301.59729004, 6047.94482422, 1739.37988281, 2586.46972656, 1325.25415039, 843.817016602, 299.138427734, 597.00994873, 294.643432617, 173.047454834, 322.605834961, 154.790283203, 195.678955078, 166.158294678, 177.858184814, 81.4362640381, 45.6465110779, 14.5967931747, 4.62886238098, 1.27953922749, 0.189609199762, 0.0183739364147, 0.000595239398535], "mean": [0.0072601409629, 0.133216783404, 0.97088599205, 1.91373586655, 4.54623317719, 24.2721424103, 28.9931602478, 37.5258102417, 21.0500221252, 8.40481472015, 2.46394872665, 8.15710926056, 4.75643730164, 4.83518743515, 6.29765701294, 4.20223855972, 14.2145586014, 16.8376941681, 38.5899162292, 14.5998077393, 23.3115673065, 19.8542861938, 18.6226081848, 10.0549535751, 11.0200824738, 13.4241228104, 14.9739551544, 19.8623580933, 15.7157669067, 15.6991939545, 11.032910347, 9.64503765106, 5.39561462402, 3.08803367615, 1.24599802494, 0.453366219997, 0.111664995551, 0.0140417702496, 0.000621230516117, 4.92665567435e-05], "median": [0.00276027875952, 0.0692688673735, 0.255339294672, 0.73293697834, 1.23474693298, 9.1007232666, 14.2120113373, 10.3640089035, 9.29391384125, 4.83156061172, 1.64791440964, 3.19044208527, 2.32722043991, 2.42041039467, 2.89270305634, 2.14799261093, 3.14989471436, 2.7108206749, 5.94864320755, 3.3110909462, 3.53673672676, 3.32237195969, 3.00882315636, 3.02577328682, 2.81412529945, 2.373016119, 1.80153930187, 1.93068981171, 1.64525449276, 1.3513032198, 1.03235507011, 0.720802426338, 0.486131995916, 0.276143461466, 0.136566996574, 0.0562825351954, 0.0135216051713, 0.0020700993482, 7.72374987719e-05, 2.57834180957e-05], "min": [4.10007413641e-22, 4.43275104275e-21, 3.58201355419e-20, 6.81540473064e-20, 3.58282296335e-20, 1.29834979805e-19, 4.0633055563e-19, 9.90420363742e-19, 1.01995071161e-18, 1.40719293723e-18, 2.57866938519e-18, 2.41964453281e-18, 1.32213085292e-18, 3.25909140666e-18, 3.88360635849e-18, 5.19830778534e-18, 7.27114919491e-18, 4.95422829327e-18, 4.84666503514e-18, 1.07657292026e-17, 1.16390482954e-17, 1.13474307335e-17, 8.64512348932e-18, 8.20015491369e-18, 1.25230984022e-17, 1.2979238052e-17, 2.1234485676e-17, 2.47991775124e-17, 2.06770172284e-17, 1.57405737319e-17, 1.95815290036e-17, 1.53949015713e-17, 1.44919727214e-17, 1.14142619639e-17, 9.11189902745e-18, 7.36860844186e-18, 3.66861549984e-18, 1.32008254692e-18, 2.58243900233e-19, 3.34134373938e-20], "var": [0.00011336652824, 0.0392363555729, 2.61629962921, 10.1256418228, 99.4848251343, 1042.8737793, 2015.19250488, 3710.43554688, 1671.12683105, 166.375946045, 9.97884750366, 195.569519043, 41.1204833984, 51.6407012939, 131.501358032, 48.9294624329, 2750.57861328, 5853.87060547, 80752.2890625, 6709.58007812, 20360.6992188, 6873.76220703, 5820.50097656, 539.371032715, 1001.26727295, 736.772155762, 845.50201416, 1552.54663086, 806.693237305, 926.664306641, 502.796020508, 456.793579102, 124.738945007, 43.9693603516, 5.91287708282, 0.677618503571, 0.0441313199699, 0.000767468416598, 2.38439042732e-06, 4.52130732853e-09]}, "gfcc": {"mean": [-79.941986084, 80.3381500244, -114.153717041, 20.9764785767, -70.2806625366, -10.4459352493, -54.8174324036, -13.1189517975, -29.8247451782, 1.06761908531, -11.3994073868, 4.07005691528, -5.63545417786], "cov": [[37297.96875, -4521.85498047, 1101.98352051, 4588.30859375, -1325.26501465, 3015.45507812, -733.380065918, 1909.34228516, -395.710540771, 496.282775879, -1817.23510742, 275.878082275, -450.569976807], [-4521.85498047, 4475.45849609, -1172.57141113, -1345.41687012, 861.47869873, -1426.39233398, 288.032501221, -862.606811523, 111.725059509, -618.985473633, 430.633911133, -365.612182617, 227.483062744], [1101.98352051, -1172.57141113, 1010.15124512, 537.62121582, -63.028087616, 617.121765137, -34.1696624756, 356.562744141, -47.6832084656, 234.640319824, -200.894363403, 106.073493958, -159.761138916], [4588.30859375, -1345.41687012, 537.62121582, 1025.70910645, -169.700576782, 711.639709473, -62.4500808716, 429.319976807, -27.3688278198, 127.703712463, -361.313232422, 91.2141952515, -89.3765258789], [-1325.26501465, 861.47869873, -63.028087616, -169.700576782, 484.588104248, -192.770721436, 141.452178955, -77.0827255249, 58.9679298401, -114.540840149, 4.82203817368, -96.8087005615, -3.96198797226], [3015.45507812, -1426.39233398, 617.121765137, 711.639709473, -192.770721436, 828.918334961, -48.6785392761, 466.550811768, -11.2152986526, 290.298400879, -242.512512207, 70.8170089722, -157.650604248], [-733.380065918, 288.032501221, -34.1696624756, -62.4500808716, 141.452178955, -48.6785392761, 150.381881714, -2.37845396996, 61.8352622986, 0.840637505054, 56.2563552856, -24.2617759705, 6.18018388748], [1909.34228516, -862.606811523, 356.562744141, 429.319976807, -77.0827255249, 466.550811768, -2.37845396996, 380.308624268, 28.179983139, 167.028274536, -157.179794312, 80.700302124, -81.0238723755], [-395.710540771, 111.725059509, -47.6832084656, -27.3688278198, 58.9679298401, -11.2152986526, 61.8352622986, 28.179983139, 125.707725525, 44.4291229248, 13.5672464371, -37.1576766968, 21.0521850586], [496.282775879, -618.985473633, 234.640319824, 127.703712463, -114.540840149, 290.298400879, 0.840637505054, 167.028274536, 44.4291229248, 308.3230896, 46.9783935547, 37.1055870056, -91.1902084351], [-1817.23510742, 430.633911133, -200.894363403, -361.313232422, 4.82203817368, -242.512512207, 56.2563552856, -157.179794312, 13.5672464371, 46.9783935547, 312.560638428, 36.9614372253, 28.6430549622], [275.878082275, -365.612182617, 106.073493958, 91.2141952515, -96.8087005615, 70.8170089722, -24.2617759705, 80.700302124, -37.1576766968, 37.1055870056, 36.9614372253, 164.633117676, 30.9128379822], [-450.569976807, 227.483062744, -159.761138916, -89.3765258789, -3.96198797226, -157.650604248, 6.18018388748, -81.0238723755, 21.0521850586, -91.1902084351, 28.6430549622, 30.9128379822, 120.999526978]], "icov": [[0.000133115026983, -0.000253717880696, 0.00029030587757, -0.000655651732814, 0.000310835952405, 7.44876815588e-05, 0.000280850072159, -0.000380741315894, 0.000456622743513, -0.000466202764073, 0.000411713961512, -0.000157441012561, 0.000221585694817], [-0.000253717880696, 0.00148672796786, -0.000440059491666, 0.00136073143221, -0.0016059614718, 0.000276123435469, -0.000697440118529, 0.000865628826432, -0.000857989012729, 0.00176663033199, -0.00177249265835, 0.00164380494971, -0.000913045369089], [0.00029030587757, -0.000440059491666, 0.00296030426398, -0.00128520617727, -4.31860244134e-05, -0.00112943805289, 0.000349373498466, 3.19956379826e-05, 0.00118345208466, -0.00162367126904, 0.00207232846878, -0.00238702725619, 0.00208797375672], [-0.000655651732814, 0.00136073143221, -0.00128520617727, 0.00690189097077, -0.00131894520018, -0.00311156176031, -0.00215071090497, 0.00228648423217, -0.00272173131816, 0.00327971880324, 0.000442284421297, -0.00102413562126, -0.000952613539994], [0.000310835952405, -0.0016059614718, -4.31860244134e-05, -0.00131894520018, 0.00583532778546, 0.000903622072656, -0.00252083875239, -0.00150060898159, 0.000163730204804, -0.000495835498441, 0.00269316951744, -0.000909441907424, 0.00283043226227], [7.44876815588e-05, 0.000276123435469, -0.00112943805289, -0.00311156176031, 0.000903622072656, 0.00976150017232, -0.00029285706114, -0.00632653664798, 0.00340208900161, -0.00383442733437, 0.000125928869238, 0.00393851706758, -2.26266693062e-05], [0.000280850072159, -0.000697440118529, 0.000349373498466, -0.00215071090497, -0.00252083875239, -0.00029285706114, 0.0135877048597, -0.00261228485033, -0.00314861536026, 0.000286584632704, -0.00360795902088, 0.000965906772763, -0.000306562666083], [-0.000380741315894, 0.000865628826432, 3.19956379826e-05, 0.00228648423217, -0.00150060898159, -0.00632653664798, -0.00261228485033, 0.0154358921573, -0.00764527823776, 0.00142239488196, 0.00330107077025, -0.00850098021328, 0.00465613882989], [0.000456622743513, -0.000857989012729, 0.00118345208466, -0.00272173131816, 0.000163730204804, 0.00340208900161, -0.00314861536026, -0.00764527823776, 0.0201573055238, -0.00805498659611, 0.00108344387263, 0.00789818540215, -0.0095070740208], [-0.000466202764073, 0.00176663033199, -0.00162367126904, 0.00327971880324, -0.000495835498441, -0.00383442733437, 0.000286584632704, 0.00142239488196, -0.00805498659611, 0.0134323723614, -0.006813892629, 0.000542133755516, 0.00414625648409], [0.000411713961512, -0.00177249265835, 0.00207232846878, 0.000442284421297, 0.00269316951744, 0.000125928869238, -0.00360795902088, 0.00330107077025, 0.00108344387263, -0.006813892629, 0.013891318813, -0.00896388385445, 0.0042533390224], [-0.000157441012561, 0.00164380494971, -0.00238702725619, -0.00102413562126, -0.000909441907424, 0.00393851706758, 0.000965906772763, -0.00850098021328, 0.00789818540215, 0.000542133755516, -0.00896388385445, 0.0201405864209, -0.0122140608728], [0.000221585694817, -0.000913045369089, 0.00208797375672, -0.000952613539994, 0.00283043226227, -2.26266693062e-05, -0.000306562666083, 0.00465613882989, -0.0095070740208, 0.00414625648409, 0.0042533390224, -0.0122140608728, 0.0229485481977]]}, "melbands": {"dmean": [4.20513060817e-05, 0.000186814169865, 0.000148622042616, 0.00032218254637, 0.000376080133719, 0.000223351162276, 0.000127424995298, 3.82681610063e-05, 8.6060817921e-06, 3.19180071529e-05, 1.02820777101e-05, 1.28905776364e-05, 1.41720738611e-05, 1.01075265775e-05, 8.27438361739e-06, 4.05089558626e-05, 2.75809961749e-05, 5.98956612521e-05, 4.86849057779e-05, 1.2274738765e-05, 4.09213171224e-05, 2.11720835068e-05, 4.57525202364e-05, 5.58005331186e-06, 7.72552266426e-06, 8.35623359308e-06, 7.25853988115e-06, 7.85902466305e-06, 8.36550225358e-06, 6.84655969962e-06, 9.79423930403e-06, 6.60575005895e-06, 7.46642672311e-06, 7.51446441427e-06, 5.98545375396e-06, 4.19684693043e-06, 6.10721735939e-06, 3.27466591443e-06, 2.34028016166e-06, 2.45128012466e-06], "dmean2": [6.80309312884e-05, 0.000314002012601, 0.000220093657845, 0.000465692806756, 0.000485586555442, 0.000256653729593, 0.000179769573151, 5.93076438236e-05, 1.34875799631e-05, 4.07503212045e-05, 1.43639599628e-05, 2.05081050808e-05, 2.20077727136e-05, 1.61766638485e-05, 1.44596770042e-05, 6.28934431006e-05, 4.24258760177e-05, 9.79981996352e-05, 7.82865899964e-05, 2.12459854083e-05, 7.21823744243e-05, 3.73266411771e-05, 7.85709707998e-05, 9.45858391788e-06, 1.29527697936e-05, 1.37275801535e-05, 1.2533689187e-05, 1.20772201626e-05, 1.26851964524e-05, 1.0198336895e-05, 1.36513026519e-05, 9.52699883783e-06, 1.09447055365e-05, 1.07628893602e-05, 8.72663258633e-06, 6.2917233663e-06, 9.15334749152e-06, 4.65873335997e-06, 3.38724112225e-06, 3.64358629668e-06], "dvar": [8.16766565492e-09, 2.50130085533e-07, 1.25379017391e-07, 3.38617610396e-07, 4.53357131391e-07, 1.52010997567e-07, 1.44445152728e-07, 4.83602180523e-09, 2.65496402641e-10, 3.87588094952e-09, 2.52911330767e-10, 5.3353871321e-10, 8.95748919483e-10, 4.60975757566e-10, 5.92798421462e-10, 3.17713251263e-08, 2.77654397252e-08, 1.71218289324e-07, 1.55005196234e-07, 2.12467354821e-09, 6.28324343666e-08, 1.91034210673e-08, 3.78498405951e-08, 2.24999963105e-10, 5.6848298291e-10, 6.43214315144e-10, 1.08135700394e-09, 2.70202055175e-10, 2.69821887056e-10, 1.50505677365e-10, 3.49558687551e-10, 1.38304409592e-10, 1.9679283203e-10, 2.43052467042e-10, 1.68991987071e-10, 7.38431885083e-11, 2.03436559265e-10, 4.51387607847e-11, 2.26535682574e-11, 2.93732711765e-11], "dvar2": [2.15265369974e-08, 6.93935817253e-07, 3.07485350959e-07, 7.1512198474e-07, 6.49833339139e-07, 1.6546731274e-07, 2.83001014623e-07, 9.71020330809e-09, 6.29228613658e-10, 6.01167515768e-09, 4.67438421303e-10, 1.25877941404e-09, 2.02943550853e-09, 1.1482291784e-09, 1.67780445093e-09, 7.92130450122e-08, 6.80602241232e-08, 4.36862450215e-07, 3.82245417541e-07, 5.66890800968e-09, 1.72161961132e-07, 5.32279713639e-08, 1.01029797861e-07, 6.080712045e-10, 1.538892902e-09, 1.74818060028e-09, 3.16023696101e-09, 6.24948093275e-10, 5.89780946303e-10, 3.11366737948e-10, 7.28386406745e-10, 2.7641292033e-10, 4.04642597207e-10, 4.5975989682e-10, 3.69744124207e-10, 1.59964791413e-10, 4.3712664044e-10, 7.83407921867e-11, 4.18767763521e-11, 6.31541208218e-11], "max": [0.00109472242184, 0.00727629289031, 0.00669426936656, 0.0107756704092, 0.0138707542792, 0.00645602075383, 0.00705360341817, 0.00113094551489, 0.000296180485748, 0.000889714632649, 0.000304729706841, 0.000355397263775, 0.000315684941597, 0.000252091878792, 0.000280006730463, 0.00209720782004, 0.00298142968677, 0.00793559476733, 0.00777420168743, 0.000838923617266, 0.00341525068507, 0.00215285806917, 0.00175161566585, 0.000138538569445, 0.00026847308618, 0.000314120523399, 0.000508439028636, 0.000188040547073, 0.00013741083967, 9.85809165286e-05, 0.000236332125496, 8.97158533917e-05, 0.000103189362562, 0.000124095851788, 0.000110985965875, 7.13740300853e-05, 0.0001359473099, 5.9577592765e-05, 4.15948597947e-05, 4.16424263676e-05], "mean": [9.43803679547e-05, 0.000401377270464, 0.000393439782783, 0.000929518719204, 0.00118720834143, 0.000763714022469, 0.000303062493913, 7.65665608924e-05, 1.63652530318e-05, 5.37040359632e-05, 2.19719240704e-05, 1.89068014151e-05, 1.79745529749e-05, 1.40372630995e-05, 9.51792571868e-06, 4.23015080742e-05, 2.91769683827e-05, 5.40965920663e-05, 4.49393010058e-05, 1.29588333948e-05, 3.14188982884e-05, 1.6819612938e-05, 3.34370452038e-05, 6.12360963714e-06, 8.01666647021e-06, 8.77924503584e-06, 7.17287639418e-06, 9.47212083702e-06, 1.02453986983e-05, 8.41750625113e-06, 1.25666947497e-05, 8.32218393043e-06, 9.04346325115e-06, 8.95008633961e-06, 6.82530890117e-06, 4.84926022182e-06, 6.61694411974e-06, 4.04426555178e-06, 2.77179105979e-06, 2.61879836216e-06], "median": [3.82423604606e-05, 0.000141637399793, 0.00011880054808, 0.000375921285013, 0.000633773510344, 0.000201929127797, 0.000134340487421, 4.49594699603e-05, 9.69035681919e-06, 1.98107409233e-05, 1.04427990664e-05, 8.16460851638e-06, 8.27629628475e-06, 7.23206994735e-06, 4.06211256632e-06, 6.40181633571e-06, 3.52404185833e-06, 7.7779059211e-06, 6.4948749241e-06, 3.34940204993e-06, 3.96120367441e-06, 3.1246454455e-06, 3.27627412844e-06, 2.00237536774e-06, 2.29563283938e-06, 2.04092225431e-06, 1.58835962338e-06, 1.50727942128e-06, 1.10392716124e-06, 1.05234505554e-06, 1.13617602437e-06, 8.75016837654e-07, 8.805598668e-07, 7.07139065526e-07, 6.03216392392e-07, 4.59596208202e-07, 4.27228741273e-07, 3.3641933328e-07, 2.80862423097e-07, 2.13318614328e-07], "min": [4.13173038301e-24, 1.45467796857e-23, 1.08608886372e-23, 5.15316207701e-24, 1.30105559032e-23, 2.04845404525e-23, 1.72095654718e-23, 1.56868398882e-23, 2.10773930886e-23, 1.5107820717e-23, 5.73372071034e-24, 1.21773207832e-23, 1.26686493874e-23, 1.56949809328e-23, 1.21454523804e-23, 1.42811623303e-23, 8.57089011597e-24, 6.89088223397e-24, 1.32935889408e-23, 1.15086057604e-23, 1.48279139351e-23, 1.1081903797e-23, 1.11606983797e-23, 6.9580971274e-24, 6.08068264127e-24, 9.63387860803e-24, 7.18951972914e-24, 9.14197097995e-24, 1.49189547945e-23, 1.18690228974e-23, 1.5404394552e-23, 1.15877221983e-23, 9.22775960339e-24, 8.37686031e-24, 9.25946392317e-24, 1.45465351388e-23, 7.27526180979e-24, 9.61849266494e-24, 8.96811550277e-24, 9.88665409675e-24], "var": [1.93768112666e-08, 3.96240380951e-07, 6.32423052593e-07, 1.6576437929e-06, 2.29334887081e-06, 1.43885813486e-06, 3.74856085728e-07, 1.20315419849e-08, 4.96458985033e-10, 9.05339359036e-09, 9.44755718102e-10, 9.21540566079e-10, 1.02082431397e-09, 4.9342102626e-10, 4.13454132042e-10, 3.14125401246e-08, 2.84607075685e-08, 1.40725902043e-07, 1.3438287283e-07, 1.61155588874e-09, 4.13756424678e-08, 1.2213583922e-08, 2.60100030403e-08, 1.73399669623e-10, 4.18300394323e-10, 5.04716934913e-10, 6.77090439272e-10, 3.53623186289e-10, 4.37617136972e-10, 2.32634786435e-10, 7.05472069651e-10, 2.39873843011e-10, 2.82987994149e-10, 3.31172894663e-10, 2.0298497605e-10, 9.60544907502e-11, 2.38716130196e-10, 6.96064941796e-11, 3.32654945256e-11, 3.43841170813e-11]}, "mfcc": {"mean": [-707.795776367, 101.919700623, 8.68051242828, 17.252948761, -1.47802352905, -4.40022373199, -16.5692081451, -15.8546800613, -17.2017307281, -12.5913619995, -10.8860855103, -9.36403083801, -5.27943611145], "cov": [[19148.2089844, -3199.35131836, 1736.625, 1484.49768066, 358.383636475, 1224.41467285, 265.565063477, 743.612304688, 1019.85510254, 680.089477539, 73.1843643188, 307.340667725, 310.977539062], [-3199.35131836, 3419.70532227, -912.873962402, -229.439361572, 62.0340843201, -434.391693115, -76.7805862427, -238.864898682, -364.329650879, -212.205596924, -58.9525794983, -240.461517334, -150.98223877], [1736.625, -912.873962402, 737.69140625, 197.365158081, 94.3613510132, 271.716766357, 94.5070495605, 136.065414429, 166.422836304, 108.000106812, 57.2722053528, 117.304260254, 34.4725646973], [1484.49768066, -229.439361572, 197.365158081, 333.168395996, 129.623962402, 182.398925781, 82.3076858521, 135.739990234, 171.326629639, 66.3683013916, -1.61959946156, 66.6632919312, 64.4238586426], [358.383636475, 62.0340843201, 94.3613510132, 129.623962402, 190.752304077, 101.978881836, 63.2566146851, 91.2205123901, 121.02797699, 65.3317260742, -8.77907371521, 23.4092445374, 31.4747180939], [1224.41467285, -434.391693115, 271.716766357, 182.398925781, 101.978881836, 261.40725708, 110.36668396, 98.0538635254, 153.346542358, 153.533355713, 67.8993988037, 60.6110725403, 54.6965293884], [265.565063477, -76.7805862427, 94.5070495605, 82.3076858521, 63.2566146851, 110.36668396, 136.683822632, 82.5311889648, 46.0699577332, 70.5563354492, 72.9121551514, 46.5418243408, 33.5750770569], [743.612304688, -238.864898682, 136.065414429, 135.739990234, 91.2205123901, 98.0538635254, 82.5311889648, 195.551055908, 158.678283691, 26.4953308105, -0.145118370652, 64.9565353394, 35.634601593], [1019.85510254, -364.329650879, 166.422836304, 171.326629639, 121.02797699, 153.346542358, 46.0699577332, 158.678283691, 290.541107178, 134.027618408, -37.5371704102, 45.4636688232, 67.5587081909], [680.089477539, -212.205596924, 108.000106812, 66.3683013916, 65.3317260742, 153.533355713, 70.5563354492, 26.4953308105, 134.027618408, 256.872619629, 105.79095459, 4.64294290543, 61.4224891663], [73.1843643188, -58.9525794983, 57.2722053528, -1.61959946156, -8.77907371521, 67.8993988037, 72.9121551514, -0.145118370652, -37.5371704102, 105.79095459, 174.480682373, 46.8016090393, 8.53227329254], [307.340667725, -240.461517334, 117.304260254, 66.6632919312, 23.4092445374, 60.6110725403, 46.5418243408, 64.9565353394, 45.4636688232, 4.64294290543, 46.8016090393, 114.673225403, 53.5736618042], [310.977539062, -150.98223877, 34.4725646973, 64.4238586426, 31.4747180939, 54.6965293884, 33.5750770569, 35.634601593, 67.5587081909, 61.4224891663, 8.53227329254, 53.5736618042, 116.254119873]], "icov": [[0.000113646485261, 9.23977040657e-06, -7.67718083807e-05, -0.000417153496528, 0.000265481212409, -0.000289131130558, 0.000445458688773, -0.000471840408863, 0.000349891604856, -0.000420751428464, 0.000251737714279, -2.97969218082e-05, 5.62953209737e-05], [9.23977040657e-06, 0.000661521975417, 0.00050601986004, -0.000322741921991, -0.00115144159645, 0.00087621784769, -0.000569401716348, 0.000572932884097, 5.84799781791e-05, 0.000415500660893, -0.000580945168622, 0.000835191691294, 0.000155783476657], [-7.67718083807e-05, 0.00050601986004, 0.00308567588218, 0.000119932483358, -0.000874724879395, -0.0021108284127, 0.00025776727125, -0.000156824928126, 0.000741577008739, -0.00031279376708, 0.000672343070619, -0.00203412189148, 0.00170702347532], [-0.000417153496528, -0.000322741921991, 0.000119932483358, 0.00835390109569, -0.00223829480819, -0.00333157321438, -0.00114207074512, 0.000748708611354, -0.00312502984889, 0.00413876026869, -0.00140827160794, 0.000359489000402, -0.00212741573341], [0.000265481212409, -0.00115144159645, -0.000874724879395, -0.00223829480819, 0.0116558372974, -0.0025335426908, -0.000506380631123, -0.00350553449243, 0.000465680175694, -0.00402000965551, 0.00461895298213, -0.00218775100075, 0.00107379816473], [-0.000289131130558, 0.00087621784769, -0.0021108284127, -0.00333157321438, -0.0025335426908, 0.0176235940307, -0.00836053583771, 0.0048900381662, -0.00383055629209, -0.00228828098625, -0.00202520051971, 0.000477841851534, 0.00105689570773], [0.000445458688773, -0.000569401716348, 0.00025776727125, -0.00114207074512, -0.000506380631123, -0.00836053583771, 0.0222409591079, -0.0124504333362, 0.0087934974581, -0.00475170556456, -0.00132663862314, -0.00135668355506, -0.00178802898154], [-0.000471840408863, 0.000572932884097, -0.000156824928126, 0.000748708611354, -0.00350553449243, 0.0048900381662, -0.0124504333362, 0.0232584644109, -0.01754771173, 0.013675685972, -0.0091702695936, 0.00275356625207, -0.000871175085194], [0.000349891604856, 5.84799781791e-05, 0.000741577008739, -0.00312502984889, 0.000465680175694, -0.00383055629209, 0.0087934974581, -0.01754771173, 0.0267540216446, -0.021534929052, 0.0190007835627, -0.011164595373, 0.00474802823737], [-0.000420751428464, 0.000415500660893, -0.00031279376708, 0.00413876026869, -0.00402000965551, -0.00228828098625, -0.00475170556456, 0.013675685972, -0.021534929052, 0.0304399169981, -0.0244309082627, 0.0188436936587, -0.011649236083], [0.000251737714279, -0.000580945168622, 0.000672343070619, -0.00140827160794, 0.00461895298213, -0.00202520051971, -0.00132663862314, -0.0091702695936, 0.0190007835627, -0.0244309082627, 0.0304888468236, -0.0199728179723, 0.0108820265159], [-2.97969218082e-05, 0.000835191691294, -0.00203412189148, 0.000359489000402, -0.00218775100075, 0.000477841851534, -0.00135668355506, 0.00275356625207, -0.011164595373, 0.0188436936587, -0.0199728179723, 0.0301583837718, -0.0144163863733], [5.62953209737e-05, 0.000155783476657, 0.00170702347532, -0.00212741573341, 0.00107379816473, 0.00105689570773, -0.00178802898154, -0.000871175085194, 0.00474802823737, -0.011649236083, 0.0108820265159, -0.0144163863733, 0.018562272191]]}, "spectral_contrast_coeffs": {"dmean": [0.0402750261128, 0.0434858724475, 0.0374419987202, 0.0343822464347, 0.0253991447389, 0.019719241187], "dmean2": [0.06311044842, 0.0681141614914, 0.0558420866728, 0.0547967776656, 0.0411334224045, 0.031133685261], "dvar": [0.00125570886303, 0.00153164786752, 0.00105851353146, 0.000922626524698, 0.000586823211052, 0.000380473647965], "dvar2": [0.00283792521805, 0.00358113925904, 0.00243358220905, 0.00213208491914, 0.00143389380537, 0.000869945797604], "max": [-0.239279687405, -0.350384473801, -0.565705418587, -0.474832892418, -0.569558560848, -0.639942228794], "mean": [-0.527596414089, -0.644373178482, -0.763895213604, -0.762201488018, -0.79048126936, -0.775320589542], "median": [-0.539567053318, -0.656448721886, -0.762688338757, -0.767197966576, -0.792868971825, -0.776648402214], "min": [-0.958014547825, -0.973343074322, -0.973291277885, -0.953398704529, -0.95947176218, -0.96110534668], "var": [0.0158058293164, 0.0108936047181, 0.0042752828449, 0.00315048801713, 0.00219084694982, 0.00200867140666]}, "spectral_contrast_valleys": {"dmean": [0.424526751041, 0.360383212566, 0.366021454334, 0.366821885109, 0.425142168999, 0.593787372112], "dmean2": [0.683210074902, 0.575146377087, 0.578214585781, 0.558900475502, 0.593163073063, 0.767084717751], "dvar": [0.198553234339, 0.176418676972, 0.226542383432, 0.263681411743, 0.360086917877, 0.494410991669], "dvar2": [0.350384801626, 0.290620416403, 0.403224468231, 0.465978235006, 0.646758973598, 0.902574777603], "max": [-5.98195457458, -5.38554000854, -6.04188585281, -5.76933288574, -5.40727519989, -7.30876302719], "mean": [-8.9474067688, -7.82006072998, -8.38606071472, -8.74348926544, -8.42184