{"lowlevel": {"average_loudness": 0.98203933239, "barkbands_crest": {"dmean": 4.11206960678, "dmean2": 6.42961645126, "dvar": 19.9515762329, "dvar2": 38.8977737427, "max": 26.6460533142, "mean": 17.3048152924, "median": 18.7726593018, "min": 2.10355448723, "var": 43.0256118774}, "barkbands_flatness_db": {"dmean": 0.0698287859559, "dmean2": 0.0955381914973, "dvar": 0.00424521462992, "dvar2": 0.00843442045152, "max": 0.705104649067, "mean": 0.259026885033, "median": 0.248027980328, "min": 0.0231558792293, "var": 0.0135203748941}, "barkbands_kurtosis": {"dmean": 67.8817062378, "dmean2": 103.835960388, "dvar": 19805.7421875, "dvar2": 41848.265625, "max": 2494.80639648, "mean": 85.8695602417, "median": 26.9924736023, "min": -1.93782901764, "var": 30095.53125}, "barkbands_skewness": {"dmean": 2.79802560806, "dmean2": 4.16563463211, "dvar": 11.1675271988, "dvar2": 22.9956207275, "max": 41.5471343994, "mean": 5.80928850174, "median": 4.27824640274, "min": -2.18949222565, "var": 24.1768875122}, "barkbands_spread": {"dmean": 10.4243412018, "dmean2": 16.4182014465, "dvar": 253.794387817, "dvar2": 577.096252441, "max": 108.82069397, "mean": 12.3906497955, "median": 5.49524450302, "min": 0.0641927719116, "var": 318.862670898}, "dissonance": {"dmean": 0.0372636318207, "dmean2": 0.0604410208762, "dvar": 0.00155945622828, "dvar2": 0.00389653164893, "max": 0.5, "mean": 0.434949815273, "median": 0.451048016548, "min": 0.0673703029752, "var": 0.00334922876209}, "dynamic_complexity": 3.39670610428, "erbbands_crest": {"dmean": 3.43657946587, "dmean2": 5.4770450592, "dvar": 9.53799724579, "dvar2": 21.4074764252, "max": 26.7090015411, "mean": 9.57440662384, "median": 8.59014892578, "min": 2.45663881302, "var": 20.749288559}, "erbbands_flatness_db": {"dmean": 0.0364064238966, "dmean2": 0.0508534125984, "dvar": 0.00138401333243, "dvar2": 0.0025974563323, "max": 0.467237740755, "mean": 0.148161694407, "median": 0.128644526005, "min": 0.0448177978396, "var": 0.0040044891648}, "erbbands_kurtosis": {"dmean": 4.37584877014, "dmean2": 6.62354564667, "dvar": 45.7673072815, "dvar2": 97.0412445068, "max": 97.8056716919, "mean": 4.0646572113, "median": 0.645024418831, "min": -1.95173490047, "var": 77.0388336182}, "erbbands_skewness": {"dmean": 0.951177716255, "dmean2": 1.36132848263, "dvar": 0.83391135931, "dvar2": 1.891933918, "max": 8.39764595032, "mean": 1.1634594202, "median": 1.06044387817, "min": -6.29750013351, "var": 2.03083157539}, "erbbands_spread": {"dmean": 27.3296527863, "dmean2": 39.6897010803, "dvar": 721.640197754, "dvar2": 1426.65686035, "max": 236.731796265, "mean": 61.3605499268, "median": 53.6821594238, "min": 1.47295713425, "var": 1783.46826172}, "hfc": {"dmean": 15.7841825485, "dmean2": 24.6980934143, "dvar": 689.240600586, "dvar2": 1758.59277344, "max": 291.574279785, "mean": 17.9544639587, "median": 8.79594802856, "min": 9.19609596806e-11, "var": 657.284179688}, "melbands_crest": {"dmean": 4.34578943253, "dmean2": 6.23187208176, "dvar": 18.6608409882, "dvar2": 35.5074310303, "max": 37.8509597778, "mean": 23.0331001282, "median": 23.5003032684, "min": 3.07645630836, "var": 68.2774353027}, "melbands_flatness_db": {"dmean": 0.0817064121366, "dmean2": 0.111193813384, "dvar": 0.00573182338849, "dvar2": 0.011819456704, "max": 0.865246653557, "mean": 0.369276195765, "median": 0.362909257412, "min": 0.0174142625183, "var": 0.0185444336385}, "melbands_kurtosis": {"dmean": 117.024291992, "dmean2": 181.797119141, "dvar": 41749.9257812, "dvar2": 93924.375, "max": 3195.7590332, "mean": 163.807983398, "median": 62.058013916, "min": -1.93748390675, "var": 69732.40625}, "melbands_skewness": {"dmean": 3.23892593384, "dmean2": 4.79906606674, "dvar": 14.020816803, "dvar2": 29.1885662079, "max": 46.4923248291, "mean": 7.61983585358, "median": 5.79321575165, "min": -0.861103355885, "var": 34.5809898376}, "melbands_spread": {"dmean": 7.57483148575, "dmean2": 12.3379077911, "dvar": 323.353790283, "dvar2": 809.092346191, "max": 231.657836914, "mean": 8.50340270996, "median": 3.45272064209, "min": 0.119794867933, "var": 312.561157227}, "pitch_salience": {"dmean": 0.13913525641, "dmean2": 0.214632540941, "dvar": 0.0218460094184, "dvar2": 0.042805634439, "max": 0.917542517185, "mean": 0.384482830763, "median": 0.364233493805, "min": 0.0152352461591, "var": 0.051438357681}, "silence_rate_20dB": {"dmean": 0, "dmean2": 0, "dvar": 0, "dvar2": 0, "max": 1, "mean": 1, "median": 1, "min": 1, "var": 0}, "silence_rate_30dB": {"dmean": 0.167608991265, "dmean2": 0.335260123014, "dvar": 0.139510527253, "dvar2": 0.252281606197, "max": 1, "mean": 0.747110545635, "median": 1, "min": 0, "var": 0.188946664333}, "silence_rate_60dB": {"dmean": 0.0434727966785, "dmean2": 0.0868308618665, "dvar": 0.0415845699608, "dvar2": 0.0963876545429, "max": 1, "mean": 0.0682160779834, "median": 0, "min": 0, "var": 0.0635574832559}, "spectral_centroid": {"dmean": 417.588989258, "dmean2": 652.827514648, "dvar": 362328.1875, "dvar2": 853985.0625, "max": 5218.11669922, "mean": 729.428710938, "median": 471.803405762, "min": 63.6104011536, "var": 471757.5}, "spectral_complexity": {"dmean": 4.34200286865, "dmean2": 6.33262109756, "dvar": 40.1239891052, "dvar2": 61.1944732666, "max": 59, "mean": 9.28944683075, "median": 7, "min": 0, "var": 93.5378570557}, "spectral_decrease": {"dmean": 8.23665580185e-09, "dmean2": 1.16759331092e-08, "dvar": 9.49618563334e-17, "dvar2": 2.10877812239e-16, "max": -4.15132658769e-27, "mean": -1.68456768534e-08, "median": -1.17067280314e-08, "min": -7.0536891883e-08, "var": 2.1246249177e-16}, "spectral_energy": {"dmean": 0.031851593405, "dmean2": 0.0453831776977, "dvar": 0.00140122405719, "dvar2": 0.00308641628362, "max": 0.271739959717, "mean": 0.0652079954743, "median": 0.0458059683442, "min": 8.34114678369e-15, "var": 0.00312719400972}, "spectral_energyband_high": {"dmean": 0.00141267094295, "dmean2": 0.00233455910347, "dvar": 9.40790960158e-06, "dvar2": 2.47251991823e-05, "max": 0.0396876707673, "mean": 0.00111634994391, "median": 0.000150871797814, "min": 5.08328654438e-15, "var": 7.22522781871e-06}, "spectral_energyband_low": {"dmean": 0.0283079184592, "dmean2": 0.0383176729083, "dvar": 0.00117269007023, "dvar2": 0.00257904874161, "max": 0.258176118135, "mean": 0.051653124392, "median": 0.033453784883, "min": 1.49534323006e-16, "var": 0.00258533726446}, "spectral_energyband_middle_high": {"dmean": 0.00124041805975, "dmean2": 0.00179834850132, "dvar": 7.35647699912e-06, "dvar2": 1.4021113202e-05, "max": 0.0334557294846, "mean": 0.00137259869371, "median": 0.000222939444939, "min": 1.60015842214e-15, "var": 1.1165975593e-05}, "spectral_energyband_middle_low": {"dmean": 0.0114585710689, "dmean2": 0.0200137291104, "dvar": 0.000558056170121, "dvar2": 0.00153574266005, "max": 0.228650689125, "mean": 0.0130810802802, "median": 0.00525619229302, "min": 2.59692069527e-16, "var": 0.000433416978922}, "spectral_entropy": {"dmean": 0.530189216137, "dmean2": 0.741670906544, "dvar": 0.252245098352, "dvar2": 0.519663333893, "max": 8.76133728027, "mean": 7.19190597534, "median": 7.33397579193, "min": 4.14485406876, "var": 0.71445196867}, "spectral_flux": {"dmean": 0.0604336149991, "dmean2": 0.0933814644814, "dvar": 0.00442406209186, "dvar2": 0.00819870270789, "max": 0.480090022087, "mean": 0.128248199821, "median": 0.0975247770548, "min": 6.73777594784e-06, "var": 0.00883361976594}, "spectral_kurtosis": {"dmean": 5.20022392273, "dmean2": 7.91755008698, "dvar": 143.709976196, "dvar2": 338.515106201, "max": 201.725997925, "mean": 6.58659934998, "median": 2.97153663635, "min": -1.42786860466, "var": 161.822631836}, "spectral_rms": {"dmean": 0.00196264171973, "dmean2": 0.00267962669022, "dvar": 4.17413502873e-06, "dvar2": 8.48442959978e-06, "max": 0.0162822641432, "mean": 0.00711606722325, "median": 0.00668496452272, "min": 2.85266610334e-09, "var": 1.2979146959e-05}, "spectral_rolloff": {"dmean": 602.315185547, "dmean2": 1102.46948242, "dvar": 2759050.75, "dvar2": 6610820, "max": 19939.7460938, "mean": 634.541015625, "median": 193.798828125, "min": 43.06640625, "var": 2465682.75}, "spectral_skewness": {"dmean": 0.708809196949, "dmean2": 0.992302060127, "dvar": 0.792384505272, "dvar2": 1.6726872921, "max": 11.9799575806, "mean": 1.96563839912, "median": 1.66180515289, "min": -0.495295524597, "var": 1.53984642029}, "spectral_spread": {"dmean": 1736126.625, "dmean2": 2417084.5, "dvar": 3160318935040.0, "dvar2": 6035337117700.0, "max": 19557614, "mean": 7082068.5, "median": 6780332, "min": 418450.0625, "var": 9635035611140.0}, "spectral_strongpeak": {"dmean": 0.237916529179, "dmean2": 0.36099332571, "dvar": 0.139605104923, "dvar2": 0.39475363493, "max": 4.61260318756, "mean": 0.547397077084, "median": 0.492165416479, "min": 2.51166375165e-06, "var": 0.148218527436}, "zerocrossingrate": {"dmean": 0.0158933438361, "dmean2": 0.0196241457015, "dvar": 0.000392736139474, "dvar2": 0.000572621182073, "max": 0.5009765625, "mean": 0.0333058126271, "median": 0.02392578125, "min": 0.001953125, "var": 0.00112703209743}, "barkbands": {"dmean": [0.000897849735338, 0.0267094243318, 0.00531497038901, 0.00504044210538, 0.00416784873232, 0.00234985607676, 0.00091417011572, 0.00041037905612, 0.000302164728055, 0.000205012314836, 0.000160435694852, 0.000191531813471, 0.000156896130648, 0.000160889321705, 0.000146754842717, 0.000117740004498, 0.000102796169813, 0.000104397659015, 6.94414993632e-05, 5.46710434719e-05, 0.000156486872584, 0.000204101132113, 0.000328303169226, 0.000459276663605, 0.000192768769921, 6.76936688251e-05, 7.05989259586e-06], "dmean2": [0.00102275400423, 0.0373143739998, 0.00956741534173, 0.00929830409586, 0.00733037851751, 0.00403214199468, 0.00159881019499, 0.000648092769552, 0.000482469884446, 0.000337029836373, 0.000263117748545, 0.000311024341499, 0.00024057344126, 0.000248543597991, 0.000221822338062, 0.00016937921464, 0.000154740409926, 0.000152227148646, 0.000101031691884, 8.05810414022e-05, 0.000261666049482, 0.000345805368852, 0.00055181409698, 0.000773438485339, 0.000315649143886, 0.000108648826426, 1.10335777208e-05], "dvar": [1.32756622406e-06, 0.00121859833598, 9.95370501187e-05, 0.000140875665238, 9.77288073045e-05, 2.2939808332e-05, 5.42915586266e-06, 1.03141439922e-06, 5.69579242438e-07, 2.14856044067e-07, 2.02268012117e-07, 2.30595375683e-07, 1.90842698089e-07, 2.64819618678e-07, 1.52805867515e-07, 1.00160654881e-07, 6.26468832365e-08, 7.76989210749e-08, 3.05665146527e-08, 1.74224510374e-08, 2.67239386176e-07, 3.20040300039e-07, 6.20980586064e-07, 1.13024213988e-06, 2.06413830028e-07, 1.79806463052e-08, 1.58075982859e-10], "dvar2": [2.21462732952e-06, 0.00269449315965, 0.0002696342126, 0.000396393210394, 0.000276709004538, 6.28721027169e-05, 1.42040080391e-05, 2.43173576564e-06, 1.33775313316e-06, 5.58260808248e-07, 5.01810518472e-07, 5.28984912762e-07, 3.88501348425e-07, 6.43141902401e-07, 3.14542660362e-07, 1.99352584218e-07, 1.29933866333e-07, 1.53028651084e-07, 6.18949869136e-08, 3.65365053767e-08, 7.21362482636e-07, 8.37789855268e-07, 1.63528181929e-06, 3.01147906612e-06, 5.50039999325e-07, 4.65191085652e-08, 3.70470737421e-10], "max": [0.014676396735, 0.241343915462, 0.0835548043251, 0.111868754029, 0.116765774786, 0.0632742494345, 0.044464558363, 0.0258036777377, 0.0172803569585, 0.0111761596054, 0.0119800325483, 0.00489468965679, 0.0120993619785, 0.0116385854781, 0.00481329159811, 0.00431449431926, 0.0038039854262, 0.00417750841007, 0.00226908293553, 0.00166901329067, 0.0089046349749, 0.0102377915755, 0.00857503153384, 0.0105117699131, 0.00501782819629, 0.00147316046059, 0.000120262702694], "mean": [0.001948652789, 0.0435919687152, 0.00413962733001, 0.00367411784828, 0.0045772427693, 0.00289068021812, 0.000985799357295, 0.000523535709362, 0.000334742944688, 0.000212508850382, 0.00014692491095, 0.000179011040018, 0.000154990178999, 0.000149653264089, 0.000150060513988, 0.000123138699564, 0.000106685540231, 0.000101078192529, 7.36191213946e-05, 5.56616578251e-05, 0.000124096288346, 0.000151915897732, 0.000245513045229, 0.00034312880598, 0.000160781564773, 5.6700384448e-05, 6.19665388513e-06], "median": [0.0010412200354, 0.0243033394217, 0.000736566027626, 0.000705542392097, 0.00142454204615, 0.00101843872108, 0.00021912009106, 0.000152333508595, 5.11348152941e-05, 4.9328271416e-05, 1.83789125003e-05, 1.83987940545e-05, 1.14040012704e-05, 9.92990135273e-06, 1.12862753667e-05, 6.54401810607e-06, 7.78947469371e-06, 5.83298697165e-06, 6.50725041851e-06, 4.52845688415e-06, 8.28482461657e-06, 1.10743785626e-05, 2.1828316676e-05, 2.89207782771e-05, 2.56986859313e-05, 7.71610757511e-06, 9.74106797003e-07], "min": [7.99926136335e-17, 8.04506864044e-17, 2.22466817762e-17, 1.66852685853e-17, 7.85605720873e-17, 7.37087806003e-17, 5.6235926884e-17, 1.35222324933e-17, 1.22775167501e-17, 4.65558027522e-17, 3.71760444444e-17, 1.04017564982e-16, 2.00767428458e-16, 2.53426831514e-16, 1.28846866758e-16, 6.46988514357e-17, 1.25437770903e-16, 3.4138228277e-16, 2.60596886003e-16, 2.18953583177e-16, 4.24655468243e-16, 4.52910316842e-16, 3.37590142735e-16, 4.24105982089e-16, 5.3239260636e-16, 8.33133771865e-16, 2.25844246496e-15], "var": [5.27183829035e-06, 0.00226565939374, 7.30013998691e-05, 8.76186168171e-05, 7.19197341823e-05, 2.34465624089e-05, 5.6104640862e-06, 1.42016585869e-06, 8.01805299488e-07, 2.11381589565e-07, 1.92988920844e-07, 2.48562031402e-07, 2.53398184213e-07, 2.71829719622e-07, 1.96128524976e-07, 1.43230096228e-07, 8.94376270821e-08, 1.01677919417e-07, 4.2581810078e-08, 2.19229399079e-08, 1.8886200337e-07, 2.34106025232e-07, 4.62567157911e-07, 8.38132677927e-07, 1.59373584552e-07, 1.55675863311e-08, 1.56177556998e-10]}, "erbbands": {"dmean": [0.926985144615, 5.73149681091, 6.38537454605, 12.5044145584, 15.9747848511, 12.5136651993, 16.0297851562, 19.8080825806, 18.1987819672, 8.55453300476, 8.49680614471, 6.64771986008, 6.8991932869, 6.71161794662, 6.06165981293, 8.41795730591, 7.46355772018, 9.01939582825, 6.95076417923, 7.65375518799, 6.06544303894, 5.58430242538, 5.95346975327, 3.84219837189, 3.43914437294, 2.63803887367, 5.69631528854, 5.49865293503, 4.90673398972, 9.87018585205, 10.3935194016, 9.93417072296, 6.96502113342, 2.73621082306, 1.02456665039, 0.419987112284, 0.0945623517036, 0.0143211875111, 0.00125502189621, 7.75699445512e-05], "dmean2": [1.20443487167, 8.34200572968, 10.3960914612, 22.9281196594, 29.1593914032, 21.6486167908, 26.6180438995, 34.8554382324, 31.5549678802, 14.2113418579, 13.4216127396, 10.5655994415, 11.2267112732, 11.0764942169, 9.87285327911, 13.5487642288, 11.6317949295, 14.0392532349, 10.2702150345, 11.4671049118, 8.76776885986, 8.23526763916, 8.76596546173, 5.53867340088, 5.11427640915, 3.87108325958, 9.28655815125, 9.26404190063, 8.22570419312, 16.7694358826, 17.5447101593, 16.9682197571, 11.5957679749, 4.42872047424, 1.69830822945, 0.682853758335, 0.151591598988, 0.0224185679108, 0.00198368681595, 0.000118373252917], "dvar": [1.25658380985, 65.8456573486, 115.912322998, 783.332824707, 1480.34106445, 903.590698242, 857.526000977, 2127.36157227, 1982.85876465, 355.904052734, 540.946105957, 255.357421875, 249.739578247, 211.837814331, 379.860229492, 449.704315186, 439.298065186, 877.435913086, 309.489135742, 537.546508789, 234.572631836, 169.99105835, 256.696533203, 90.6355361938, 75.6934051514, 40.1734542847, 274.317169189, 365.168457031, 197.026687622, 618.456054688, 701.530029297, 670.125366211, 202.09954834, 36.8001976013, 6.64727687836, 0.876295626163, 0.0293001290411, 0.000630246824585, 5.22018990523e-06, 1.34592106349e-08], "dvar2": [2.28427624702, 150.780090332, 293.510009766, 2185.1706543, 4171.04248047, 2559.10400391, 2333.55615234, 5983.52734375, 5247.47412109, 921.347412109, 1262.88195801, 594.028442383, 618.593200684, 531.193969727, 944.249572754, 1039.73937988, 943.426147461, 2152.00976562, 613.579833984, 1187.49267578, 428.282226562, 335.934875488, 503.05456543, 170.487258911, 164.33380127, 82.453704834, 701.685791016, 999.003540039, 517.331848145, 1612.1315918, 1868.33532715, 1816.09460449, 527.54083252, 96.1801300049, 17.994096756, 2.33237481117, 0.0729307457805, 0.00148086750414, 1.27391213027e-05, 3.19378408165e-08], "max": [10.0214748383, 58.8022689819, 79.5274276733, 233.734176636, 452.028900146, 400.925415039, 412.294006348, 753.015930176, 734.639343262, 506.58782959, 577.901367188, 389.302124023, 406.626983643, 337.101715088, 619.92791748, 218.475906372, 499.194702148, 608.15423584, 367.349914551, 363.994140625, 242.041656494, 181.663360596, 251.968582153, 136.305847168, 127.369895935, 84.3445510864, 259.972045898, 332.132598877, 237.427352905, 349.572814941, 308.447357178, 285.187133789, 127.771354675, 66.2484207153, 33.2751655579, 10.9382076263, 1.69961583614, 0.235966518521, 0.0223943572491, 0.00132780522108], "mean": [1.73744380474, 7.74117994308, 6.22994375229, 9.40116500854, 13.4557170868, 14.4386825562, 21.2104530334, 21.7983493805, 19.9770469666, 10.3486919403, 10.7687864304, 7.75710630417, 7.59841489792, 6.50238275528, 5.78434562683, 7.83290958405, 7.33265829086, 8.34847640991, 7.41306495667, 7.48577737808, 6.84966468811, 5.91488981247, 5.75642871857, 4.10440301895, 3.5077521801, 2.69002962112, 4.72187662125, 4.30758190155, 3.84723830223, 7.22239732742, 7.66104507446, 7.16622018814, 5.40913152695, 2.30219268799, 0.845318317413, 0.347681641579, 0.0797948241234, 0.0126451104879, 0.00110876304097, 0.000114380542072], "median": [0.986173212528, 3.29363203049, 1.5047545433, 2.29836654663, 3.2968146801, 3.65288686752, 8.97540664673, 5.98382234573, 4.07229328156, 2.92959284782, 3.09806251526, 1.5562980175, 1.82390356064, 1.12245821953, 0.7525203228, 0.840274572372, 0.589871048927, 0.598826885223, 0.629679441452, 0.44762378931, 0.425733327866, 0.398509711027, 0.316070795059, 0.313166409731, 0.326226383448, 0.240804314613, 0.341838240623, 0.270582288504, 0.33893468976, 0.553539156914, 0.625298500061, 0.457548618317, 0.570734143257, 0.389596760273, 0.109862059355, 0.0432537794113, 0.0109759634361, 0.00184041331522, 0.000189378479263, 7.68497702666e-05], "min": [3.55360729856e-15, 1.38841253083e-14, 2.67182499405e-14, 4.31528592157e-14, 1.16837366605e-13, 2.97668302767e-13, 4.93654596367e-13, 6.26067177701e-13, 7.92411926007e-13, 6.72237385115e-13, 1.83399316241e-13, 2.63209782745e-13, 9.35368752938e-13, 1.96580902598e-12, 1.46850522194e-12, 5.14545654348e-12, 9.2425364237e-12, 9.84130051757e-12, 1.15251263394e-11, 6.18004128775e-12, 2.34925620624e-12, 8.04091342121e-12, 1.65009915454e-11, 1.9691717007e-11, 7.46117317235e-12, 9.38506130449e-12, 2.25679527149e-11, 1.05145241472e-11, 1.35458207151e-11, 1.41619589319e-11, 9.80467183137e-12, 9.14914585065e-12, 7.89477077462e-12, 5.1206040276e-12, 4.16824083929e-12, 2.90877846983e-12, 1.79274455524e-12, 9.08552204824e-13, 2.87988898137e-13, 3.56864162515e-14], "var": [3.69287919998, 93.2986602783, 110.918922424, 503.647918701, 934.94128418, 721.033569336, 1108.19702148, 1836.95153809, 2102.44628906, 410.545593262, 690.970947266, 361.560546875, 320.714630127, 216.916946411, 345.924621582, 481.33706665, 546.216369629, 856.566955566, 429.669921875, 618.109741211, 391.871948242, 259.699951172, 329.942810059, 135.063583374, 94.3122406006, 51.3118209839, 221.805130005, 248.998428345, 145.920959473, 460.207702637, 505.717102051, 469.020355225, 160.599349976, 29.683216095, 4.98867368698, 0.707439363003, 0.0272368006408, 0.000647365173791, 4.84659858557e-06, 1.52604595627e-08]}, "gfcc": {"mean": [-60.88098526, 94.6080474854, -38.7745742798, 37.0260505676, -52.9280776978, 26.5774269104, -37.0185775757, 11.9323606491, -13.855635643, 4.35313463211, -5.07236146927, 3.7595603466, -4.34398555756], "cov": [[13438.5869141, -1746.11425781, -964.866333008, 711.064453125, -504.392608643, 272.112640381, -599.826538086, 284.311981201, -337.989227295, 57.4798812866, -378.528106689, 143.380386353, -320.220397949], [-1746.11425781, 1908.11401367, 168.278930664, -540.425170898, 318.860321045, -284.22567749, 63.2127952576, -76.7776107788, 99.803527832, -140.057601929, 195.855926514, -162.557830811, 214.354705811], [-964.866333008, 168.278930664, 1691.69189453, 128.237457275, -205.828430176, 187.321350098, 60.160446167, 161.317810059, 86.7201538086, 5.49778652191, 96.6004180908, -12.7310256958, 41.0700149536], [711.064453125, -540.425170898, 128.237457275, 634.842590332, 158.084396362, 160.055511475, 145.957580566, 9.7240190506, 35.6164169312, 56.1531410217, -13.1314220428, 70.2916870117, -35.5522232056], [-504.392608643, 318.860321045, -205.828430176, 158.084396362, 854.983398438, 159.414306641, 236.8412323, 83.8940734863, 79.7735977173, 66.6696853638, 135.861282349, 5.11929941177, 91.64868927], [272.112640381, -284.22567749, 187.321350098, 160.055511475, 159.414306641, 410.532226562, 107.042182922, 87.0804519653, 88.5616073608, 13.124789238, 67.1787109375, 35.7195129395, 9.13576889038], [-599.826538086, 63.2127952576, 60.160446167, 145.957580566, 236.8412323, 107.042182922, 360.083190918, 30.5348644257, 78.8897094727, 50.1726112366, 51.7427330017, 61.2274780273, 39.3897857666], [284.311981201, -76.7776107788, 161.317810059, 9.7240190506, 83.8940734863, 87.0804519653, 30.5348644257, 247.658325195, 21.8339099884, 42.2940750122, 66.1954574585, 10.2519187927, 35.1383361816], [-337.989227295, 99.803527832, 86.7201538086, 35.6164169312, 79.7735977173, 88.5616073608, 78.8897094727, 21.8339099884, 188.739028931, 16.5418643951, 72.2253646851, 12.3220186234, 25.7423763275], [57.4798812866, -140.057601929, 5.49778652191, 56.1531410217, 66.6696853638, 13.124789238, 50.1726112366, 42.2940750122, 16.5418643951, 132.480987549, 12.5202693939, 28.9953536987, -5.10226583481], [-378.528106689, 195.855926514, 96.6004180908, -13.1314220428, 135.861282349, 67.1787109375, 51.7427330017, 66.1954574585, 72.2253646851, 12.5202693939, 150.861877441, 15.8163070679, 75.7239074707], [143.380386353, -162.557830811, -12.7310256958, 70.2916870117, 5.11929941177, 35.7195129395, 61.2274780273, 10.2519187927, 12.3220186234, 28.9953536987, 15.8163070679, 102.636291504, 8.50837993622], [-320.220397949, 214.354705811, 41.0700149536, -35.5522232056, 91.64868927, 9.13576889038, 39.3897857666, 35.1383361816, 25.7423763275, -5.10226583481, 75.7239074707, 8.50837993622, 107.597419739]], "icov": [[0.000145134865306, -0.000231551020988, 0.000182340372703, -0.00036157912109, 0.000192520165001, -0.000348069355823, 0.000381330493838, -0.000444284640253, 0.000198612091481, -0.000184441902093, 0.000386174127925, -0.000425335078035, 0.000280811276753], [-0.000231551020988, 0.00273853889666, -0.000900436949451, 0.00218973658048, -0.00148730201181, 0.00250238273293, -0.00150321505498, 0.00196788972244, -0.00122695951723, 0.00214960239828, -0.00218486995436, 0.0030304598622, -0.00242207292467], [0.000182340372703, -0.000900436949451, 0.00117579638027, -0.00111428729724, 0.00104790343903, -0.00120140309446, 0.000470504572149, -0.00127799459733, 0.000415672344388, -0.00073800428072, 0.00037302824785, -0.000509134144522, 0.000617354933638], [-0.00036157912109, 0.00218973658048, -0.00111428729724, 0.00418144837022, -0.00175120704807, 0.00165059196297, -0.00189413316548, 0.00221747951582, -0.00114678870887, 0.00137625925709, -0.00127284694463, 0.00143628148362, -0.00118893932085], [0.000192520165001, -0.00148730201181, 0.00104790343903, -0.00175120704807, 0.00295252678916, -0.00189953902736, -0.000104268096038, -0.00142570154276, 0.000975408242084, -0.00180975196417, -9.1879395768e-05, -0.000207422490348, 0.000469378341222], [-0.000348069355823, 0.00250238273293, -0.00120140309446, 0.00165059196297, -0.00189953902736, 0.00596366869286, -0.00186511408538, 0.00121869810391, -0.00218876963481, 0.00286192283966, -0.00292846444063, 0.00217473390512, -0.00107236625627], [0.000381330493838, -0.00150321505498, 0.000470504572149, -0.00189413316548, -0.000104268096038, -0.00186511408538, 0.00568791525438, -0.00139025098179, -0.00027695929748, -0.00173593009822, 0.00247323117219, -0.00405742228031, 0.000507253454998], [-0.000444284640253, 0.00196788972244, -0.00127799459733, 0.00221747951582, -0.00142570154276, 0.00121869810391, -0.00139025098179, 0.0073658018373, -0.000385883584386, -0.000130915708723, -0.00352202099748, 0.00263008195907, -0.00245092529804], [0.000198612091481, -0.00122695951723, 0.000415672344388, -0.00114678870887, 0.000975408242084, -0.00218876963481, -0.00027695929748, -0.000385883584386, 0.0079751862213, -0.00147582846694, -0.00248966366053, -0.000782674469519, 0.00191628723405], [-0.000184441902093, 0.00214960239828, -0.00073800428072, 0.00137625925709, -0.00180975196417, 0.00286192283966, -0.00173593009822, -0.000130915708723, -0.00147582846694, 0.0110175767913, -0.00192514725495, 0.00012388821051, 0.000102461774077], [0.000386174127925, -0.00218486995436, 0.00037302824785, -0.00127284694463, -9.1879395768e-05, -0.00292846444063, 0.00247323117219, -0.00352202099748, -0.00248966366053, -0.00192514725495, 0.0166860334575, -0.0044647664763, -0.00537502625957], [-0.000425335078035, 0.0030304598622, -0.000509134144522, 0.00143628148362, -0.000207422490348, 0.00217473390512, -0.00405742228031, 0.00263008195907, -0.000782674469519, 0.00012388821051, -0.0044647664763, 0.0165793374181, -0.0039914380759], [0.000280811276753, -0.00242207292467, 0.000617354933638, -0.00118893932085, 0.000469378341222, -0.00107236625627, 0.000507253454998, -0.00245092529804, 0.00191628723405, 0.000102461774077, -0.00537502625957, -0.0039914380759, 0.0182771254331]]}, "melbands": {"dmean": [0.00788727030158, 0.00440729223192, 0.00222683441825, 0.00102755695116, 0.000539831293281, 0.000452410662547, 0.000252767029451, 8.83116372279e-05, 6.70788140269e-05, 4.16314833274e-05, 3.4274708014e-05, 2.67810319201e-05, 2.02779046958e-05, 2.2883850761e-05, 1.88450030691e-05, 1.51050317072e-05, 1.71045503521e-05, 1.08185722638e-05, 1.06119368866e-05, 8.91490162758e-06, 7.15473242963e-06, 5.69851499677e-06, 6.15955468675e-06, 4.91576884087e-06, 2.96710504699e-06, 2.64106188297e-06, 2.2582373731e-06, 1.593768161e-06, 2.57624446931e-06, 5.14697512699e-06, 2.64996197075e-06, 1.90736386685e-06, 5.84785266255e-06, 5.1486213124e-06, 5.95026403971e-06, 4.86437966174e-06, 7.15712303645e-06, 5.2968248383e-06, 3.3511030324e-06, 2.04033904083e-06], "dmean2": [0.0106898322701, 0.00643922481686, 0.00406016176566, 0.00184084463399, 0.000898922211491, 0.000789723359048, 0.000437499023974, 0.000145065700053, 0.000105995728518, 6.61937665427e-05, 5.58366373298e-05, 4.44353536295e-05, 3.32486051775e-05, 3.7826175685e-05, 2.98793711409e-05, 2.32188485825e-05, 2.6869452995e-05, 1.6072377548e-05, 1.61190218932e-05, 1.33043677124e-05, 1.05102180896e-05, 8.53402434586e-06, 9.45391730056e-06, 7.15081523595e-06, 4.31793068856e-06, 3.94930611947e-06, 3.44797103935e-06, 2.34279946199e-06, 4.06681874665e-06, 8.79805975273e-06, 4.46221883976e-06, 3.16058731187e-06, 1.00343522718e-05, 8.75776095199e-06, 1.00770812423e-05, 8.11143308965e-06, 1.24263588077e-05, 8.9643881438e-06, 5.32054764335e-06, 3.37953633789e-06], "dvar": [9.63251295616e-05, 3.92808542529e-05, 2.4763876354e-05, 6.50542779113e-06, 9.70321025306e-07, 1.00674492387e-06, 3.77144942831e-07, 3.99782997818e-08, 3.4828186557e-08, 1.07292912332e-08, 6.27515728269e-09, 3.53124751662e-09, 3.96154398175e-09, 3.43654860124e-09, 2.75025513474e-09, 1.77695513859e-09, 3.26956195451e-09, 7.7142059407e-10, 8.46414105471e-10, 7.10980774254e-10, 3.21353138544e-10, 1.81854697967e-10, 2.51243165161e-10, 2.07762071436e-10, 5.45278058817e-11, 4.82264540802e-11, 3.29589099068e-11, 1.47398378225e-11, 4.40510128374e-11, 3.46668943552e-10, 7.76903472111e-11, 3.33558389243e-11, 2.67511901519e-10, 1.53311474627e-10, 2.34728708692e-10, 1.30156593836e-10, 3.94599103393e-10, 1.16571002851e-10, 4.32444566267e-11, 2.52786871296e-11], "dvar2": [0.000205017975532, 8.78166829352e-05, 6.86708299327e-05, 1.84782493307e-05, 2.66070833277e-06, 2.80553967968e-06, 9.98879045255e-07, 1.01472153347e-07, 8.19444210265e-08, 2.45300881829e-08, 1.56397863549e-08, 8.95517437982e-09, 9.70107372211e-09, 8.06691069499e-09, 6.05755134941e-09, 3.77348863267e-09, 8.18681478165e-09, 1.59306823289e-09, 1.76890058157e-09, 1.56603030543e-09, 6.05258176911e-10, 3.66816604869e-10, 5.41909628282e-10, 4.31180924299e-10, 1.07142045236e-10, 1.04873512652e-10, 7.50710396624e-11, 3.05580769022e-11, 1.01183700307e-10, 9.58061852074e-10, 2.08837017124e-10, 8.76581793263e-11, 7.01082358834e-10, 4.00831784431e-10, 6.27678242715e-10, 3.4052216602e-10, 1.07933362248e-09, 3.04355457503e-10, 1.09920635094e-10, 6.71409039477e-11], "max": [0.0708612725139, 0.0468449927866, 0.0466200709343, 0.0299330465496, 0.0132999550551, 0.0151155339554, 0.0102500040084, 0.00544280838221, 0.00445642508566, 0.00290049193427, 0.00206464785151, 0.00155442208052, 0.00175496493466, 0.000697254377883, 0.00140051287599, 0.000659411307424, 0.00117676123045, 0.000726704252884, 0.00035837807809, 0.00039556491538, 0.00029345729854, 0.000202434021048, 0.000208377212402, 0.000233824146562, 0.000120916083688, 8.45693575684e-05, 8.09202028904e-05, 4.78632828163e-05, 9.1433605121e-05, 0.000351532857167, 0.000138098126627, 9.60276083788e-05, 0.000289315852569, 0.000145334066474, 0.000181937546586, 0.000134762987727, 0.000218388377107, 9.30224123294e-05, 6.26763576292e-05, 5.51563971385e-05], "mean": [0.0135681657121, 0.00563959171996, 0.00175315293018, 0.00100061029661, 0.000725534395315, 0.000516802363563, 0.000280064181425, 0.00010844762437, 8.34497914184e-05, 4.6964851208e-05, 3.70708403352e-05, 2.54127116932e-05, 1.88764934137e-05, 2.14402698475e-05, 1.78119043994e-05, 1.48337057908e-05, 1.54508488777e-05, 1.13392279673e-05, 1.06516135929e-05, 8.72848977451e-06, 8.02430349722e-06, 6.14846112512e-06, 5.60376656722e-06, 4.70229861094e-06, 3.14324006467e-06, 2.74717535831e-06, 2.20129868467e-06, 1.60377692282e-06, 2.29619990932e-06, 3.8439357013e-06, 2.11165342989e-06, 1.57160968683e-06, 4.18080435338e-06, 3.77950686925e-06, 4.36188884123e-06, 3.71342957806e-06, 4.99317275171e-06, 3.99944156015e-06, 2.87471971205e-06, 1.65821688825e-06], "median": [0.00790910050273, 0.00226325308904, 0.000444282690296, 0.000252161553362, 0.000294539320748, 0.000148435909068, 5.82925276831e-05, 3.20044127875e-05, 2.30604455282e-05, 7.73369356466e-06, 8.6734407887e-06, 3.96741961595e-06, 2.41743919105e-06, 2.21294340008e-06, 1.5360398038e-06, 1.09560824058e-06, 1.0466801541e-06, 9.72990164883e-07, 7.70001179262e-07, 4.74680518892e-07, 4.88066291382e-07, 4.32666780625e-07, 3.16768932862e-07, 2.60063700352e-07, 2.35065243714e-07, 2.53087506508e-07, 1.81909683761e-07, 1.29457845333e-07, 1.68699301639e-07, 2.27311502954e-07, 1.20834869222e-07, 1.16036297015e-07, 2.52119207289e-07, 3.12381104095e-07, 3.67196435036e-07, 2.25298919077e-07, 2.73748298696e-07, 3.51673719479e-07, 4.69113217605e-07, 2.61075740582e-07], "min": [3.08733285322e-17, 1.56692823436e-17, 9.14389106482e-18, 1.45968509512e-17, 1.70794267646e-17, 1.41826253702e-17, 1.20850764894e-17, 6.46724751275e-18, 1.07040821199e-18, 1.85502366118e-18, 4.80093807728e-18, 8.0398208412e-18, 4.63639655061e-18, 9.41040617664e-18, 1.79539568498e-17, 1.93752351219e-17, 1.91256830029e-17, 2.23256361657e-17, 8.59891056286e-18, 6.90183662606e-18, 1.37013121328e-18, 6.87287703281e-18, 1.07798318049e-17, 1.89021771471e-17, 1.62993110746e-17, 8.03495040175e-18, 2.89926163635e-18, 7.21570906872e-18, 1.43546061458e-17, 1.20143153239e-17, 3.63028767257e-18, 5.94260159179e-18, 1.16772168904e-17, 5.80259589644e-18, 4.02325388463e-18, 8.81394112618e-18, 3.90796724112e-18, 5.29195083453e-18, 5.22753331715e-18, 4.16162010801e-18], "var": [0.000215124513488, 5.47472700418e-05, 1.61302450579e-05, 4.31583112004e-06, 1.24064297324e-06, 9.28808049139e-07, 4.0076608343e-07, 4.90446616652e-08, 4.21004173745e-08, 1.65096860627e-08, 7.96064991704e-09, 3.48530293515e-09, 3.72210862132e-09, 3.59585050624e-09, 3.18966608681e-09, 2.22446527864e-09, 3.04858338573e-09, 1.03781605532e-09, 1.05044639653e-09, 8.39611269399e-10, 5.32107469198e-10, 2.82703360721e-10, 2.89314683322e-10, 2.51506704352e-10, 7.9138806619e-11, 6.19778672828e-11, 3.72195226028e-11, 1.8566590973e-11, 4.45225904755e-11, 2.26170956963e-10, 5.5781313596e-11, 2.53222859348e-11, 1.92822965928e-10, 1.1450545373e-10, 1.67589095379e-10, 9.91927859295e-11, 2.66341726451e-10, 9.10777564478e-11, 3.81278932038e-11, 1.90904202169e-11]}, "mfcc": {"mean": [-726.143981934, 129.963546753, 68.3803405762, 22.561580658, 23.5149402618, 10.8276729584, 4.31733226776, 7.32825899124, 0.980226457119, 5.37047195435, 2.75147175789, 3.99926257133, 2.68067312241], "cov": [[12541.9648438, -1844.55371094, -1279.26647949, -121.58480835, -133.599487305, -127.440132141, -346.125061035, -16.8402023315, -205.238571167, -105.779220581, -196.692703247, 64.4364318848, -223.416351318], [-1844.55371094, 2181.31713867, 16.3094978333, -153.720169067, 150.027359009, -256.055389404, 101.176841736, -137.182815552, 62.3626174927, -45.0500907898, 43.076877594, -58.9229164124, 17.8264083862], [-1279.26647949, 16.3094978333, 1702.34155273, -72.4273681641, -60.1241073608, -114.405464172, -44.137008667, 48.402381897, -17.2224807739, 45.0152664185, 58.3103599548, -15.3078269958, 10.0570554733], [-121.58480835, -153.720169067, -72.4273681641, 512.848937988, 28.6788349152, 148.839889526, 97.3639526367, 29.7286128998, 46.6992645264, 22.5527229309, 25.0210723877, 20.562122345, 58.5964508057], [-133.599487305, 150.027359009, -60.1241073608, 28.6788349152, 477.857299805, 92.5281524658, 167.013153076, 72.019821167, 68.7201919556, 68.9193572998, 62.9782867432, 58.2206726074, 46.2863883972], [-127.440132141, -256.055389404, -114.405464172, 148.839889526, 92.5281524658, 413.28225708, 107.40184021, 130.341522217, 54.0791893005, 54.5441970825, 41.7500495911, 57.083782196, 52.8948745728], [-346.125061035, 101.176841736, -44.137008667, 97.3639526367, 167.013153076, 107.40184021, 307.690612793, 103.514678955, 103.131317139, 36.2884292603, 45.5260429382, 67.8183288574, 61.410320282], [-16.8402023315, -137.182815552, 48.402381897, 29.7286128998, 72.019821167, 130.341522217, 103.514678955, 207.79737854, 61.3948669434, 51.3677444458, 37.3770141602, 57.5509414673, 46.4226760864], [-205.238571167, 62.3626174927, -17.2224807739, 46.6992645264, 68.7201919556, 54.0791893005, 103.131317139, 61.3948669434, 113.429267883, 49.7333908081, 41.2340011597, 38.6970024109, 25.7281608582], [-105.779220581, -45.0500907898, 45.0152664185, 22.5527229309, 68.9193572998, 54.5441970825, 36.2884292603, 51.3677444458, 49.7333908081, 114.910415649, 63.560092926, 31.8683547974, 26.1984558105], [-196.692703247, 43.076877594, 58.3103599548, 25.0210723877, 62.9782867432, 41.7500495911, 45.5260429382, 37.3770141602, 41.2340011597, 63.560092926, 94.8310317993, 31.0361652374, 41.4961013794], [64.4364318848, -58.9229164124, -15.3078269958, 20.562122345, 58.2206726074, 57.083782196, 67.8183288574, 57.5509414673, 38.6970024109, 31.8683547974, 31.0361652374, 93.5862197876, 32.5347938538], [-223.416351318, 17.8264083862, 10.0570554733, 58.5964508057, 46.2863883972, 52.8948745728, 61.410320282, 46.4226760864, 25.7281608582, 26.1984558105, 41.4961013794, 32.5347938538, 97.2290496826]], "icov": [[0.000111989618745, 9.2284521088e-05, 9.05866909306e-05, -6.45389377496e-07, -4.26646765845e-05, 0.000111437060696, 7.9773752077e-05, -8.34062666399e-05, 0.000106839841465, 4.51138075732e-05, 4.4701941988e-06, -0.000182271032827, 0.000199213071028], [9.2284521088e-05, 0.000694418849889, 7.62032505008e-05, 0.000199372516363, -0.000235424638959, 0.000400991877541, -0.000187142126379, 0.000372539652744, -0.000530204037204, 0.000572153308894, -0.000525659008417, 0.000394892675104, -0.000130708096549], [9.05866909306e-05, 7.62032505008e-05, 0.000722234835848, 2.33395694522e-05, 7.26193466107e-05, 0.000361655256711, 7.91949787526e-05, -0.000439528696006, 0.000365844578482, -0.000137946044561, -0.00053422403289, 5.46395640413e-05, 0.000184005199117], [-6.45389377496e-07, 0.000199372516363, 2.33395694522e-05, 0.00245927390642, 0.000157170157763, -0.000722467550077, -0.000585141708143, 0.000768000609241, -0.000722430006135, 8.5811901954e-05, 5.23599082953e-05, 0.000569514522795, -0.00124633288942], [-4.26646765845e-05, -0.000235424638959, 7.26193466107e-05, 0.000157170157763, 0.00289549888112, -0.000298020342598, -0.00131683715153, 1.23013287521e-05, 0.000410569045926, -0.0011628952343, -0.000496518448927, -0.00042768244748, 1.21748380479e-05], [0.000111437060696, 0.000400991877541, 0.000361655256711, -0.000722467550077, -0.000298020342598, 0.0038356538862, -0.000207092787605, -0.00169805670157, 0.000231837795582, -0.000280073960312, -0.000454014749266, -0.000386460742448, -8.55166872498e-05], [7.9773752077e-05, -0.000187142126379, 7.91949787526e-05, -0.000585141708143, -0.00131683715153, -0.000207092787605, 0.00645117461681, -0.00131772854365, -0.00378616899252, 0.00173205218744, 0.000287651753752, -0.0016612772597, -0.00117551162839], [-8.34062666399e-05, 0.000372539652744, -0.000439528696006, 0.000768000609241, 1.23013287521e-05, -0.00169805670157, -0.00131772854365, 0.00834718812257, -0.00213464093395, -0.00109788984992, 0.000773936626501, -0.00143804878462, -0.00190097512677], [0.000106839841465, -0.000530204037204, 0.000365844578482, -0.000722430006135, 0.000410569045926, 0.000231837795582, -0.00378616899252, -0.00213464093395, 0.0167372822762, -0.00446575134993, -0.00180271256249, -0.00204684957862, 0.00205790763721], [4.51138075732e-05, 0.000572153308894, -0.000137946044561, 8.5811901954e-05, -0.0011628952343, -0.000280073960312, 0.00173205218744, -0.00109788984992, -0.00446575134993, 0.0166578888893, -0.00901677086949, -0.000515712832566, 0.0008115338278], [4.4701941988e-06, -0.000525659008417, -0.00053422403289, 5.23599082953e-05, -0.000496518448927, -0.000454014749266, 0.000287651753752, 0.000773936626501, -0.00180271256249, -0.00901677086949, 0.0209624804556, -0.00179871101864, -0.00537551799789], [-0.000182271032827, 0.000394892675104, 5.46395640413e-05, 0.000569514522795, -0.00042768244748, -0.000386460742448, -0.0016612772597, -0.00143804878462, -0.00204684957862, -0.000515712832566, -0.00179871101864, 0.016061373055, -0.00261659407988], [0.000199213071028, -0.000130708096549, 0.000184005199117, -0.00124633288942, 1.21748380479e-05, -8.55166872498e-05, -0.00117551162839, -0.00190097512677, 0.00205790763721, 0.0008115338278, -0.00537551799789, -0.00261659407988, 0.0155961690471]]}, "spectral_contrast_coeffs": {"dmean": [0.0624630860984, 0.0569253899157, 0.0426995307207, 0.0329763069749, 0.0267352405936, 0.0295239686966], "dmean2": [0.0999121069908, 0.0900934636593, 0.0668557062745, 0.0528858751059, 0.0415605083108, 0.0433913730085], "dvar": [0.00329481763765, 0.00216559157707, 0.00129918626044, 0.000927773362491, 0.000576375576202, 0.00082585751079], "dvar2": [0.00842320825905, 0.00536450138316, 0.00307080056518, 0.00212319358252, 0.00126160983928, 0.00181311671622], "max": [-0.307451158762, -0.394321501255, -0.503751397133, -0.582450330257, -0.564166247845, -0.57902276516], "mean": [-0.669675469398, -0.727284908295, -0.810910522938, -0.840012669563, -0.83488702774, -0.821479797363], "median": [-0.678814649582, -0.731596231461, -0.822494387627, -0.848719537258, -0.840909481049, -0.829179763794], "min": [-0.970841944218, -0.97300028801, -0.972080171108, -0.97572696209, -0.948036134243, -0.927543997765], "var": [0.00757383415475, 0.00689353002235, 0.00414303969592, 0.00237748469226, 0.00171033048537, 0.00195172987878]}, "spectral_contrast_valleys": {"dmean": [0.550507843494, 0.683886766434, 0.766986966133, 0.821467518806, 0.840381324291, 0.892727315426], "dmean2": [0.825657427311, 1.08908557892, 1.162322402, 1.18090105057, 1.11225640774, 1.14219844341], "dvar": [0.28967949748, 0.488753825426, 0.583664596081, 0.635991454124, 0.619986534119, 0.68057012558], "dvar2": [0.572391629219, 1.13316845894, 1.39440584183, 1.44310128689, 1.39815557003, 1.43476772308], "max": [-4.77538347244, -4.67571306229, -5.26218128204, -5.51861858368, -5.61557197571, -7.13296175003], "mean": [-6.85102891922, -7.23203468323,