{"lowlevel": {"average_loudness": 0.943322896957, "barkbands_crest": {"dmean": 2.68246459961, "dmean2": 4.31627893448, "dvar": 7.1561088562, "dvar2": 18.6205062866, "max": 25.5567893982, "mean": 12.8686523438, "median": 12.1427650452, "min": 3.07158541679, "var": 22.1203937531}, "barkbands_flatness_db": {"dmean": 0.0285778287798, "dmean2": 0.0422196798027, "dvar": 0.00097608397482, "dvar2": 0.00203558546491, "max": 0.451927632093, "mean": 0.195216357708, "median": 0.187012702227, "min": 0.0467271953821, "var": 0.00545493327081}, "barkbands_kurtosis": {"dmean": 5.36690998077, "dmean2": 8.27672195435, "dvar": 115.746322632, "dvar2": 264.75012207, "max": 394.291809082, "mean": 10.1626291275, "median": 6.13002920151, "min": -1.74306333065, "var": 270.279632568}, "barkbands_skewness": {"dmean": 0.643707096577, "dmean2": 0.97909963131, "dvar": 0.568860113621, "dvar2": 1.29416131973, "max": 17.0417308807, "mean": 2.3416185379, "median": 2.12915945053, "min": -2.46612548828, "var": 2.10182142258}, "barkbands_spread": {"dmean": 3.94871306419, "dmean2": 6.23247051239, "dvar": 43.5319709778, "dvar2": 99.382850647, "max": 104.914283752, "mean": 11.9895000458, "median": 9.22975921631, "min": 0.353411585093, "var": 94.8502731323}, "dissonance": {"dmean": 0.0241260733455, "dmean2": 0.0400376357138, "dvar": 0.000560443731956, "dvar2": 0.00145264191087, "max": 0.499999970198, "mean": 0.433592796326, "median": 0.441990673542, "min": 0.235013961792, "var": 0.0017711018445}, "dynamic_complexity": 3.05935621262, "erbbands_crest": {"dmean": 2.39594125748, "dmean2": 3.72522211075, "dvar": 7.27766418457, "dvar2": 16.0760040283, "max": 32.4665184021, "mean": 11.3828792572, "median": 10.0311107635, "min": 2.38079023361, "var": 31.2413444519}, "erbbands_flatness_db": {"dmean": 0.0209100954235, "dmean2": 0.0290943905711, "dvar": 0.000715317204595, "dvar2": 0.00132970814593, "max": 0.395919591188, "mean": 0.173422515392, "median": 0.162464737892, "min": 0.0412395261228, "var": 0.00392590323463}, "erbbands_kurtosis": {"dmean": 1.27573430538, "dmean2": 1.96097040176, "dvar": 3.99880599976, "dvar2": 8.77077960968, "max": 41.9642333984, "mean": 1.76646959782, "median": 0.860694885254, "min": -1.72988522053, "var": 10.836356163}, "erbbands_skewness": {"dmean": 0.359714925289, "dmean2": 0.555460333824, "dvar": 0.17353309691, "dvar2": 0.400426864624, "max": 5.22846746445, "mean": 0.779519736767, "median": 0.756411731243, "min": -3.33396887779, "var": 0.724449157715}, "erbbands_spread": {"dmean": 7.31922340393, "dmean2": 11.2799482346, "dvar": 99.9532623291, "dvar2": 216.440811157, "max": 156.740814209, "mean": 32.0160980225, "median": 27.9790039062, "min": 1.70207679272, "var": 333.50958252}, "hfc": {"dmean": 5.64907503128, "dmean2": 8.52226924896, "dvar": 99.9469985962, "dvar2": 242.980392456, "max": 116.633636475, "mean": 16.160867691, "median": 12.7226543427, "min": 1.13461280895e-16, "var": 178.198791504}, "melbands_crest": {"dmean": 3.48799657822, "dmean2": 5.52846956253, "dvar": 12.2760038376, "dvar2": 29.2835826874, "max": 36.2386894226, "mean": 17.0972709656, "median": 15.7967395782, "min": 1.83985936642, "var": 43.2368392944}, "melbands_flatness_db": {"dmean": 0.0329968295991, "dmean2": 0.0489064715803, "dvar": 0.00133188511245, "dvar2": 0.00277120503597, "max": 0.579548299313, "mean": 0.292290270329, "median": 0.286389112473, "min": 0.00498516205698, "var": 0.00805689767003}, "melbands_kurtosis": {"dmean": 9.70859050751, "dmean2": 15.0500059128, "dvar": 346.998199463, "dvar2": 774.885986328, "max": 590.196899414, "mean": 20.2196826935, "median": 12.4696912766, "min": -1.67993164062, "var": 808.202636719}, "melbands_skewness": {"dmean": 0.802511334419, "dmean2": 1.23377931118, "dvar": 0.913997411728, "dvar2": 2.05128145218, "max": 19.3295326233, "mean": 3.092908144, "median": 2.75854301453, "min": -1.81565570831, "var": 3.30399298668}, "melbands_spread": {"dmean": 3.15409302711, "dmean2": 4.9818353653, "dvar": 23.7082195282, "dvar2": 52.8215560913, "max": 159.007415771, "mean": 10.7832546234, "median": 8.71257781982, "min": 0.447674065828, "var": 81.96875}, "pitch_salience": {"dmean": 0.0740482881665, "dmean2": 0.118534356356, "dvar": 0.00509830284864, "dvar2": 0.0128492349759, "max": 0.917181253433, "mean": 0.486541718245, "median": 0.490553021431, "min": 0.0802747830749, "var": 0.0192593615502}, "silence_rate_20dB": {"dmean": 0.000271333614364, "dmean2": 0.00054274086142, "dvar": 0.00027128556394, "dvar2": 0.000813919003122, "max": 1, "mean": 0.999864339828, "median": 1, "min": 0, "var": 0.000135619658977}, "silence_rate_30dB": {"dmean": 0.0862840861082, "dmean2": 0.172591581941, "dvar": 0.0788400545716, "dvar2": 0.164783656597, "max": 1, "mean": 0.854449272156, "median": 1, "min": 0, "var": 0.124362483621}, "silence_rate_60dB": {"dmean": 0.00895400904119, "dmean2": 0.0177747625858, "dvar": 0.00887490808964, "dvar2": 0.0188164319843, "max": 1, "mean": 0.0514107421041, "median": 0, "min": 0, "var": 0.0487659350038}, "spectral_centroid": {"dmean": 187.164672852, "dmean2": 301.320037842, "dvar": 108215.570312, "dvar2": 247792.40625, "max": 10991.1708984, "mean": 797.168945312, "median": 665.918029785, "min": 134.863296509, "var": 249832.859375}, "spectral_complexity": {"dmean": 3.6125357151, "dmean2": 5.92618703842, "dvar": 32.8321647644, "dvar2": 79.3738861084, "max": 55, "mean": 14.3438682556, "median": 13, "min": 0, "var": 61.6600990295}, "spectral_decrease": {"dmean": 5.61313662217e-09, "dmean2": 8.38282865345e-09, "dvar": 7.29617107757e-17, "dvar2": 1.55125825718e-16, "max": 1.8649792613e-21, "mean": -1.48227599084e-08, "median": -1.11038129802e-08, "min": -9.84371766322e-08, "var": 1.83694870601e-16}, "spectral_energy": {"dmean": 0.0215441994369, "dmean2": 0.0321680828929, "dvar": 0.00106227968354, "dvar2": 0.00225668563507, "max": 0.373817950487, "mean": 0.0574101805687, "median": 0.0433119237423, "min": 1.04318049261e-20, "var": 0.00268357759342}, "spectral_energyband_high": {"dmean": 0.000299020233797, "dmean2": 0.000487481389428, "dvar": 5.73409977278e-07, "dvar2": 1.53753433096e-06, "max": 0.0136300977319, "mean": 0.000446855061455, "median": 0.000155753223225, "min": 7.60611960288e-21, "var": 6.27650649676e-07}, "spectral_energyband_low": {"dmean": 0.0184943694621, "dmean2": 0.0280278045684, "dvar": 0.00101177475881, "dvar2": 0.00223400001414, "max": 0.360517531633, "mean": 0.0368702672422, "median": 0.0187749899924, "min": 2.12487131668e-23, "var": 0.00228030211292}, "spectral_energyband_middle_high": {"dmean": 0.00156040897127, "dmean2": 0.00231707026251, "dvar": 1.49818506543e-05, "dvar2": 3.38652353093e-05, "max": 0.0734613090754, "mean": 0.00358891417272, "median": 0.00190690439194, "min": 1.42890957467e-21, "var": 2.91798933176e-05}, "spectral_energyband_middle_low": {"dmean": 0.0054202680476, "dmean2": 0.00816344842315, "dvar": 6.95617272868e-05, "dvar2": 0.000156377645908, "max": 0.111966341734, "mean": 0.0177067089826, "median": 0.0140387909487, "min": 2.40395023633e-22, "var": 0.000214364292333}, "spectral_entropy": {"dmean": 0.212412595749, "dmean2": 0.30489897728, "dvar": 0.0784539878368, "dvar2": 0.147478595376, "max": 9.81684207916, "mean": 7.13391685486, "median": 7.22997570038, "min": 4.93293809891, "var": 0.407284528017}, "spectral_flux": {"dmean": 0.0390412174165, "dmean2": 0.062111761421, "dvar": 0.00253040087409, "dvar2": 0.00609563430771, "max": 0.456963390112, "mean": 0.0909065082669, "median": 0.0722751691937, "min": 6.63279084434e-11, "var": 0.00469793984666}, "spectral_kurtosis": {"dmean": 4.04037189484, "dmean2": 6.53347063065, "dvar": 47.1530990601, "dvar2": 116.145530701, "max": 97.5476989746, "mean": 9.9263420105, "median": 5.22003364563, "min": -1.21800208092, "var": 122.492881775}, "spectral_rms": {"dmean": 0.0012522500474, "dmean2": 0.00185148429591, "dvar": 2.58855516222e-06, "dvar2": 5.21582342117e-06, "max": 0.0190971326083, "mean": 0.00675034988672, "median": 0.00650042528287, "min": 3.19019918989e-12, "var": 1.04425407699e-05}, "spectral_rolloff": {"dmean": 237.831771851, "dmean2": 406.445495605, "dvar": 773896.9375, "dvar2": 1697144.5, "max": 20564.2089844, "mean": 646.172607422, "median": 452.197265625, "min": 64.599609375, "var": 1277646.125}, "spectral_skewness": {"dmean": 0.384124457836, "dmean2": 0.602927982807, "dvar": 0.254577070475, "dvar2": 0.612114489079, "max": 7.45131587982, "mean": 2.16732025146, "median": 1.86919403076, "min": -0.0155276814476, "var": 1.01489472389}, "spectral_spread": {"dmean": 655823.875, "dmean2": 879290.6875, "dvar": 1174345089020.0, "dvar2": 1999469281280.0, "max": 40943752, "mean": 4153464.5, "median": 4147145.5, "min": 802738.125, "var": 4144903225340.0}, "spectral_strongpeak": {"dmean": 0.377994030714, "dmean2": 0.643965303898, "dvar": 0.482727468014, "dvar2": 1.15750443935, "max": 11.1325445175, "mean": 0.753232777119, "median": 0.463223516941, "min": 0, "var": 0.821965456009}, "zerocrossingrate": {"dmean": 0.00789444334805, "dmean2": 0.00943091697991, "dvar": 0.000164250493981, "dvar2": 0.000185778451851, "max": 0.51220703125, "mean": 0.0334312357008, "median": 0.02734375, "min": 0.001953125, "var": 0.000901585619431}, "barkbands": {"dmean": [0.00153790484183, 0.0166771207005, 0.00192083208822, 0.00138861732557, 0.00268117198721, 0.00118166313041, 0.00157110893633, 0.000678728567436, 0.000281023705611, 0.000506540352944, 0.00058962253388, 0.000326328619849, 8.75130208442e-05, 7.52921987441e-05, 8.53136589285e-05, 0.000100330929854, 0.000127264240291, 0.000129088162794, 0.000110983914055, 9.69695392996e-05, 0.000102787569631, 6.09967792116e-05, 3.23064305121e-05, 2.97214810416e-05, 2.18719906115e-05, 2.53065500146e-05, 1.23140753203e-05], "dmean2": [0.00197952776216, 0.0258235689253, 0.00315096625127, 0.00227390904911, 0.0042104148306, 0.00180199195165, 0.0024542408064, 0.00100953353103, 0.000454326742329, 0.000735868117772, 0.000813994847704, 0.000536615669262, 0.000136480957735, 0.000125396487419, 0.000143552882946, 0.000174784174305, 0.000222927366849, 0.000230473931879, 0.000194108011783, 0.000172758896952, 0.000185471653822, 0.00010374627891, 5.04060371895e-05, 4.39375289716e-05, 3.2323099731e-05, 3.84690210922e-05, 1.9682038328e-05], "dvar": [8.1904736362e-06, 0.000875414931215, 1.26210015878e-05, 6.5788858592e-06, 1.70891780726e-05, 3.55243150807e-06, 1.68884307641e-05, 3.44176146427e-06, 4.11246958265e-07, 1.62933588399e-06, 5.66350308873e-06, 3.96513905798e-06, 8.31732762663e-08, 2.23143850064e-08, 2.41161171033e-08, 5.1742119922e-08, 7.37851948429e-08, 1.27934114857e-07, 6.5300817198e-08, 7.87438949601e-08, 1.09315685393e-07, 3.35514300787e-08, 6.24117513226e-09, 3.45027206805e-09, 1.72926883923e-09, 3.65863450646e-09, 1.3979171154e-09], "dvar2": [1.31884999064e-05, 0.00205228477716, 3.31915071001e-05, 1.56633159349e-05, 3.98905431211e-05, 7.75235002948e-06, 4.34268913523e-05, 6.98541225574e-06, 1.07172945718e-06, 3.35483628078e-06, 1.16211804198e-05, 1.0195500181e-05, 1.83125649755e-07, 5.7210375104e-08, 6.42074624579e-08, 1.44030579463e-07, 2.04695439265e-07, 3.5632797335e-07, 1.82738247645e-07, 2.21512266307e-07, 3.11302187583e-07, 9.11568491802e-08, 1.54778536654e-08, 7.35988736622e-09, 3.62437457824e-09, 8.56254711579e-09, 3.34709593375e-09], "max": [0.0380208715796, 0.314561665058, 0.049411226064, 0.057576879859, 0.0630627349019, 0.0341666042805, 0.0570281893015, 0.0782618448138, 0.0120154321194, 0.0345851778984, 0.056369997561, 0.0681129917502, 0.0135685717687, 0.00187995529268, 0.00247200694866, 0.00317345140502, 0.00344488909468, 0.00456852978095, 0.0035627533216, 0.00540934642777, 0.00845851842314, 0.00295355287381, 0.00159939564764, 0.000733451975975, 0.000676767202094, 0.000613255717326, 0.000404881604481], "mean": [0.00312999030575, 0.0292713474482, 0.00367402494885, 0.00211546383798, 0.0060875066556, 0.0036325736437, 0.00279237050563, 0.00171592389233, 0.00051525735762, 0.00128865789156, 0.00126934703439, 0.000444149016403, 0.000148165578139, 0.000116405026347, 0.000135304639116, 0.000130973290652, 0.000159631803399, 0.000136351838592, 0.000147482627654, 0.000115366783575, 0.000120693650388, 8.6380787252e-05, 5.44087051821e-05, 4.51036248705e-05, 3.65460291505e-05, 2.84638899757e-05, 1.23545187307e-05], "median": [0.00113368383609, 0.0131932497025, 0.00198122067377, 0.00107484264299, 0.00366463535465, 0.0018435663078, 0.00100361183286, 0.000703226891346, 0.000249480333878, 0.000606253743172, 0.000244907598244, 7.33243286959e-05, 6.10390270595e-05, 6.03841326665e-05, 7.62659983593e-05, 6.61368467263e-05, 8.10477649793e-05, 5.19511158927e-05, 6.00375897193e-05, 4.12544977735e-05, 4.04350284953e-05, 2.54357037193e-05, 1.48217723108e-05, 1.14671838674e-05, 1.10165992737e-05, 2.96089183394e-06, 2.89857553071e-07], "min": [3.94691328912e-24, 6.06621848214e-24, 5.18705785239e-24, 3.594431304e-24, 2.69962843025e-23, 1.43929533869e-23, 1.48985075198e-23, 3.72428680202e-23, 3.63502024862e-23, 6.28613278656e-23, 3.68401166627e-23, 3.33830883623e-23, 4.09964038913e-23, 4.84536795777e-23, 8.51998870829e-23, 7.18174613601e-23, 1.45364333016e-22, 1.81597029938e-22, 1.88896580775e-22, 2.18026008074e-22, 3.7107088019e-22, 3.62862031476e-22, 4.73089603627e-22, 8.36660120548e-22, 1.11370509172e-21, 1.37840228189e-21, 2.25639300883e-21], "var": [2.55749873759e-05, 0.00167542241979, 2.10669422813e-05, 1.07303430923e-05, 4.51565028925e-05, 2.07812245208e-05, 2.7796757422e-05, 1.22007886603e-05, 6.32794638022e-07, 4.64871982331e-06, 1.38137129397e-05, 4.55310828329e-06, 1.37182880167e-07, 3.05055145589e-08, 3.16313339965e-08, 4.55323281301e-08, 6.23680520562e-08, 8.89775861879e-08, 5.70777523023e-08, 5.84279042926e-08, 8.04894426665e-08, 3.49869253569e-08, 1.16274039286e-08, 6.23507689923e-09, 3.44604433877e-09, 4.33005853395e-09, 1.45676504193e-09]}, "erbbands": {"dmean": [0.773128569126, 2.87921214104, 2.7139787674, 2.94117641449, 7.27220106125, 8.21767425537, 13.9188938141, 9.97752571106, 21.8731975555, 22.5524177551, 8.18061447144, 6.87389564514, 15.1161222458, 10.2607393265, 29.4562034607, 14.6029081345, 4.61500358582, 3.68740916252, 4.21803951263, 5.15205335617, 5.1717581749, 6.66231441498, 7.6922712326, 5.70507860184, 5.38396453857, 4.69062805176, 4.51484203339, 3.49303746223, 2.46657538414, 1.380864501, 0.854165673256, 0.678351163864, 0.485399454832, 0.26564475894, 0.157255873084, 0.109614804387, 0.046104002744, 0.0124322557822, 0.00212363083847, 0.000138885472552], "dmean2": [1.13881111145, 4.74080324173, 4.51846981049, 4.75730133057, 11.8073978424, 12.9974422455, 21.8839988708, 15.4773616791, 31.9710998535, 36.0250320435, 12.6283035278, 10.9213314056, 22.2695980072, 14.4944820404, 41.4929428101, 23.1142597198, 7.13932847977, 6.08834409714, 7.04504346848, 8.77858543396, 9.01691818237, 11.6651449203, 13.7683353424, 9.92865753174, 9.52459621429, 8.37567138672, 8.15884208679, 6.21890068054, 4.2569694519, 2.2442150116, 1.34010434151, 1.00863492489, 0.733460187912, 0.399306058884, 0.231434345245, 0.163443818688, 0.0712329000235, 0.0197740066797, 0.00341785047203, 0.000219592795474], "dvar": [1.99180042744, 28.3178157806, 26.3510341644, 23.3234806061, 199.293273926, 166.168441772, 721.968200684, 249.206573486, 2846.85424805, 2819.05932617, 312.6925354, 250.742507935, 929.250854492, 1607.06164551, 16730.4414062, 9355.87792969, 189.157409668, 60.4952125549, 72.4607696533, 102.488273621, 138.503723145, 228.947570801, 462.225952148, 163.767471313, 179.361495972, 203.738021851, 239.608612061, 110.860168457, 60.6731643677, 12.4616279602, 4.42492771149, 1.94725513458, 0.986235976219, 0.270754516125, 0.0960850790143, 0.0665702149272, 0.0129805654287, 0.00108510255814, 4.32995839219e-05, 1.59497830055e-07], "dvar2": [4.26394701004, 74.9573516846, 70.3253097534, 56.7526626587, 475.394134521, 391.880981445, 1732.89770508, 571.467224121, 6683.421875, 7143.62255859, 707.619628906, 643.235168457, 2115.58056641, 3122.32885742, 35985.4648438, 23854.9335938, 422.553100586, 149.650527954, 195.390304565, 272.298461914, 384.121154785, 633.435913086, 1298.50695801, 456.546112061, 496.49307251, 576.302856445, 684.203674316, 312.196258545, 167.18862915, 31.7563247681, 10.9985742569, 4.27690982819, 2.21872925758, 0.589677274227, 0.205983370543, 0.15203589201, 0.0310870409012, 0.00264889397658, 0.000104917860881, 3.82313118052e-07], "max": [17.1218605042, 56.2690963745, 60.9753913879, 76.3967437744, 228.239227295, 225.088989258, 524.355224609, 263.192749023, 821.310546875, 1372.16784668, 648.000549316, 358.5987854, 748.973937988, 1279.42956543, 2902.59619141, 3411.84423828, 549.76361084, 198.131988525, 112.745010376, 163.251586914, 160.234573364, 149.882843018, 271.837005615, 157.386535645, 151.61680603, 275.993713379, 446.071228027, 132.347717285, 129.773178101, 56.5678939819, 55.6956329346, 19.6475257874, 12.3848419189, 10.8847761154, 4.00793170929, 3.47631549835, 1.09218645096, 0.349885106087, 0.0739423781633, 0.00464243022725], "mean": [1.30381703377, 4.62791347504, 5.28585767746, 5.32630634308, 10.4682559967, 20.1258831024, 33.6025238037, 28.3937568665, 46.6305656433, 45.0756988525, 19.4096603394, 14.3351869583, 40.5638389587, 23.5393753052, 60.5926895142, 22.7707195282, 8.24527454376, 6.11009311676, 6.73797082901, 7.94467687607, 6.98931074142, 8.25266361237, 8.28126144409, 7.42565774918, 6.60460186005, 5.46854686737, 5.37902736664, 4.25583457947, 3.27700209618, 2.19047665596, 1.4421274662, 1.04746115208, 0.710656523705, 0.444319695234, 0.240579605103, 0.134972319007, 0.0491726025939, 0.012569822371, 0.00212176889181, 0.0001808063098], "median": [0.456989467144, 2.2418923378, 2.84469389915, 3.29940319061, 5.21675491333, 11.6034402847, 16.0572776794, 16.6698760986, 17.5986747742, 19.2558460236, 10.7712173462, 8.17341041565, 18.6610221863, 9.24798774719, 10.8812141418, 4.3513584137, 3.65671491623, 3.21891736984, 4.05154705048, 4.33447027206, 3.76294732094, 4.08236789703, 3.46543598175, 3.07333087921, 2.67059230804, 1.99026870728, 1.96896982193, 1.31951856613, 0.950922131538, 0.597331285477, 0.400978684425, 0.266209155321, 0.183824524283, 0.135627418756, 0.0672198086977, 0.0204387847334, 0.00391407404095, 0.000572765362449, 8.31212455523e-05, 6.5566462581e-05], "min": [3.11456876153e-22, 1.04777611099e-21, 5.08128528069e-21, 9.82034639337e-21, 3.10270084019e-20, 6.10816724562e-20, 6.41994325071e-20, 1.01133208416e-19, 1.86138100948e-19, 3.00916984812e-19, 5.01030793348e-19, 7.54260557352e-19, 1.35812158477e-18, 1.62172502083e-18, 1.52283609559e-18, 1.49424583849e-18, 1.96892064127e-18, 2.9243467156e-18, 3.7324965906e-18, 5.06734937794e-18, 4.65406554208e-18, 8.03259541855e-18, 1.06938927023e-17, 1.23565811546e-17, 9.99740249063e-18, 1.08758368683e-17, 1.44177696573e-17, 1.51932663708e-17, 1.30268522224e-17, 1.44781191005e-17, 1.53136575459e-17, 1.5961387942e-17, 1.41166974211e-17, 1.06563784072e-17, 8.64856456067e-18, 4.60897385894e-18, 2.67928908246e-18, 1.20481255042e-18, 2.99255023865e-19, 3.35971522692e-20], "var": [4.17131471634, 39.8960342407, 40.9300575256, 41.7710876465, 282.039245605, 531.909545898, 2173.37695312, 1040.10107422, 6449.03808594, 5702.56884766, 882.206481934, 439.048431396, 3669.42285156, 3710.01000977, 35943.265625, 11288.5693359, 321.263366699, 90.5088195801, 83.9985275269, 126.913879395, 117.956130981, 186.733474731, 314.369171143, 142.786239624, 144.897613525, 145.853057861, 165.663116455, 91.8039779663, 57.2847213745, 18.2667713165, 8.74498939514, 3.68463015556, 1.52571415901, 0.537658572197, 0.163264006376, 0.0880571007729, 0.0140944942832, 0.00111847766675, 4.33321110904e-05, 1.62734806963e-07]}, "gfcc": {"mean": [-21.9933071136, 127.012489319, -91.1943664551, 24.9270782471, -50.0569381714, 2.87194514275, -27.0219936371, 9.60338020325, -16.7453136444, 1.57533240318, -9.04054260254, 5.5272693634, 0.392905950546], "cov": [[9970.05761719, -2144.64428711, 648.889953613, 1214.70019531, -575.881469727, 690.784545898, 24.1601448059, 435.955627441, -81.165512085, 401.18927002, 1.39640569687, 264.287689209, -140.58416748], [-2144.64428711, 2520.27587891, -369.444610596, -345.802703857, 629.34387207, -218.76524353, 267.0887146, -151.12739563, 268.107940674, -186.582626343, 232.071548462, -126.954246521, 198.43800354], [648.889953613, -369.444610596, 690.773498535, 37.5729141235, 36.2216453552, 122.877212524, 36.9574241638, 85.0720748901, 66.3217010498, 110.352493286, -0.770445823669, 82.9587478638, -28.5103206635], [1214.70019531, -345.802703857, 37.5729141235, 639.55456543, -81.5288238525, 129.439041138, 14.0349178314, 117.522064209, -0.831424772739, 33.4438209534, -1.60469079018, -37.7446327209, -8.40248966217], [-575.881469727, 629.34387207, 36.2216453552, -81.5288238525, 429.465576172, 60.2489852905, 213.882766724, 20.4809169769, 109.646728516, -47.66979599, 54.670539856, -19.9104709625, 49.0158462524], [690.784545898, -218.76524353, 122.877212524, 129.439041138, 60.2489852905, 282.948272705, 131.547607422, 112.434150696, -1.64310908318, 20.5822620392, -19.6234531403, 30.0978717804, -11.0604791641], [24.1601448059, 267.0887146, 36.9574241638, 14.0349178314, 213.882766724, 131.547607422, 244.342544556, 77.1878814697, 75.1133422852, -33.8261909485, 20.3655910492, -6.13247346878, 36.622592926], [435.955627441, -151.12739563, 85.0720748901, 117.522064209, 20.4809169769, 112.434150696, 77.1878814697, 150.667495728, 42.3342247009, 34.639377594, -13.6556911469, 5.86226272583, 1.05891120434], [-81.165512085, 268.107940674, 66.3217010498, -0.831424772739, 109.646728516, -1.64310908318, 75.1133422852, 42.3342247009, 143.539031982, 30.7789516449, 41.5820198059, -20.3569068909, 23.6269302368], [401.18927002, -186.582626343, 110.352493286, 33.4438209534, -47.66979599, 20.5822620392, -33.8261909485, 34.639377594, 30.7789516449, 110.974197388, 36.5720214844, 33.5050926208, -24.9582672119], [1.39640569687, 232.071548462, -0.770445823669, -1.60469079018, 54.670539856, -19.6234531403, 20.3655910492, -13.6556911469, 41.5820198059, 36.5720214844, 127.314613342, 45.199054718, 33.6642723083], [264.287689209, -126.954246521, 82.9587478638, -37.7446327209, -19.9104709625, 30.0978717804, -6.13247346878, 5.86226272583, -20.3569068909, 33.5050926208, 45.199054718, 104.282722473, 24.3591308594], [-140.58416748, 198.43800354, -28.5103206635, -8.40248966217, 49.0158462524, -11.0604791641, 36.622592926, 1.05891120434, 23.6269302368, -24.9582672119, 33.6642723083, 24.3591308594, 88.0850067139]], "icov": [[0.000197648085305, -3.65168234566e-05, -6.46313492325e-06, -0.000325403962051, 0.000262071262114, -0.000208718789509, -0.000207966426387, 1.84076216101e-05, -8.12270081951e-06, -0.000434533925727, 0.000220194764552, -0.0005726001109, 0.000232033766224], [-3.65168234566e-05, 0.00174398696981, 0.000299795210594, 0.00067172589479, -0.00130342959892, 0.000176680376171, 0.000213346342207, 0.000697651004884, -0.00164137117099, 0.00212837872095, -0.00310642202385, 0.00262637948617, -0.00167138990946], [-6.46313492325e-06, 0.000299795210594, 0.00232657487504, -0.000113822978165, -0.000727528764401, -0.000358664779924, 0.000205436444958, 0.00033481331775, -0.00185108918231, -0.00112519343384, 0.00128797523212, -0.00225973315537, 0.000637224991806], [-0.000325403962051, 0.00067172589479, -0.000113822978165, 0.00308894272894, -0.000218572226004, -0.000735824811272, 0.000983593403362, -0.00152401602827, 0.000266049813945, 0.0014951255871, -0.00316637544893, 0.00453619053587, -0.00182823452633], [0.000262071262114, -0.00130342959892, -0.000727528764401, -0.000218572226004, 0.00665516778827, -0.000726904778276, -0.00418532732874, 0.000577478785999, -0.000615654862486, -0.000151931264554, 0.000420530966949, -0.00110783253331, 0.00130459130742], [-0.000208718789509, 0.000176680376171, -0.000358664779924, -0.000735824811272, -0.000726904778276, 0.00849431008101, -0.00461543025449, -0.00264496705495, 0.00290052569471, -0.00124661112204, 0.00149072124623, -0.00194262492005, 0.00134066608734], [-0.000207966426387, 0.000213346342207, 0.000205436444958, 0.000983593403362, -0.00418532732874, -0.00461543025449, 0.0134663507342, -0.00359310302883, -0.00370357464999, 0.00616068998352, -0.00250747520477, 0.00114230194595, -0.00107702147216], [1.84076216101e-05, 0.000697651004884, 0.00033481331775, -0.00152401602827, 0.000577478785999, -0.00264496705495, -0.00359310302883, 0.0144610088319, -0.00432705925778, -0.00375218596309, 0.00348530593328, -0.000870283693075, -0.0019065765664], [-8.12270081951e-06, -0.00164137117099, -0.00185108918231, 0.000266049813945, -0.000615654862486, 0.00290052569471, -0.00370357464999, -0.00432705925778, 0.0182451754808, -0.00899683404714, -0.000876980833709, 0.00629786076024, -0.00343993864954], [-0.000434533925727, 0.00212837872095, -0.00112519343384, 0.0014951255871, -0.000151931264554, -0.00124661112204, 0.00616068998352, -0.00375218596309, -0.00899683404714, 0.0256690122187, -0.011173534207, -0.000480737537146, 0.00579140521586], [0.000220194764552, -0.00310642202385, 0.00128797523212, -0.00316637544893, 0.000420530966949, 0.00149072124623, -0.00250747520477, 0.00348530593328, -0.000876980833709, -0.011173534207, 0.0224824249744, -0.0136885615066, 0.000680633005686], [-0.0005726001109, 0.00262637948617, -0.00225973315537, 0.00453619053587, -0.00110783253331, -0.00194262492005, 0.00114230194595, -0.000870283693075, 0.00629786076024, -0.000480737537146, -0.0136885615066, 0.0281703639776, -0.011605466716], [0.000232033766224, -0.00167138990946, 0.000637224991806, -0.00182823452633, 0.00130459130742, 0.00134066608734, -0.00107702147216, -0.0019065765664, -0.00343993864954, 0.00579140521586, 0.000680633005686, -0.011605466716, 0.0209461636841]]}, "melbands": {"dmean": [0.00547893531621, 0.0020853986498, 0.000650239235256, 0.000469082355266, 0.00051454117056, 0.000225879950449, 0.000335658987751, 0.000231647689361, 5.64886104257e-05, 4.34217618022e-05, 7.54787179176e-05, 4.02881742048e-05, 8.27143958304e-05, 5.82072025281e-05, 1.83466399903e-05, 8.08424647403e-06, 7.39345205147e-06, 7.02990564605e-06, 5.82147958994e-06, 8.13903625385e-06, 6.15276712779e-06, 7.06577111487e-06, 8.1210555436e-06, 5.85726320423e-06, 4.68725602332e-06, 4.19831167164e-06, 3.513712727e-06, 3.14851604344e-06, 2.84865654976e-06, 2.75715865428e-06, 1.87018179076e-06, 1.51535346049e-06, 1.00981037576e-06, 7.42859867842e-07, 5.2379044746e-07, 4.57818117638e-07, 4.04916931984e-07, 3.68650574956e-07, 2.67917329211e-07, 2.2343549233e-07], "dmean2": [0.00827682670206, 0.00346682756208, 0.00105055246968, 0.00075594172813, 0.000806812488008, 0.000347381574102, 0.000498853332829, 0.000366886117263, 8.74933029991e-05, 6.92595785949e-05, 0.000111341389129, 5.77161699766e-05, 0.000115916373034, 8.8561042503e-05, 2.92738095595e-05, 1.2570335457e-05, 1.22958172142e-05, 1.17898207463e-05, 9.84878170129e-06, 1.40419042509e-05, 1.0776650015e-05, 1.23183999676e-05, 1.43758161357e-05, 1.0555206245e-05, 8.1313382907e-06, 7.4604040492e-06, 6.2302860897e-06, 5.64554557059e-06, 5.13386839884e-06, 4.96397478855e-06, 3.29742601934e-06, 2.63583842752e-06, 1.72731574821e-06, 1.19021979117e-06, 8.47087676448e-07, 7.085575362e-07, 6.09579501543e-07, 5.75375054268e-07, 4.07673240943e-07, 3.41074013477e-07], "dvar": [9.65237413766e-05, 1.46992024384e-05, 1.13602300189e-06, 5.88751959185e-07, 8.818753372e-07, 1.23178949707e-07, 7.27008284684e-07, 3.1348784546e-07, 1.33487647602e-08, 9.70083924301e-09, 2.30780727861e-08, 3.1218782226e-08, 1.14603857071e-07, 7.49492485852e-08, 1.23605516933e-08, 1.26370924836e-09, 2.18791137985e-10, 2.16636292238e-10, 1.24991003658e-10, 3.15411863294e-10, 1.87588541922e-10, 2.41137415591e-10, 4.40379427369e-10, 2.81801498803e-10, 1.01073219239e-10, 1.02156595683e-10, 8.49427611582e-11, 9.78253658634e-11, 9.73825325934e-11, 6.74503161657e-11, 3.46177218835e-11, 2.278212341e-11, 9.6025973631e-12, 3.3891533243e-12, 1.82286217371e-12, 1.00702204821e-12, 7.10909467145e-13, 6.17315226714e-13, 2.47981214556e-13, 2.15348490993e-13], "dvar2": [0.000216478409129, 3.89058404835e-05, 2.70065038421e-06, 1.37976735459e-06, 2.12614781958e-06, 2.77616607036e-07, 1.77301603799e-06, 7.52270295834e-07, 3.0934337758e-08, 2.49483065318e-08, 5.25703569565e-08, 6.09043553368e-08, 2.42700991748e-07, 1.83653384056e-07, 3.10013206217e-08, 2.75201772482e-09, 5.63114999075e-10, 5.86652615375e-10, 3.33929744967e-10, 8.72339811497e-10, 5.21450049806e-10, 6.69630517702e-10, 1.23027377175e-09, 7.93611731886e-10, 2.81435208471e-10, 2.84957585306e-10, 2.35827801731e-10, 2.7838745198e-10, 2.77823319905e-10, 1.92542662369e-10, 9.72627950402e-11, 6.27380786211e-11, 2.61001359414e-11, 8.51435155019e-12, 4.67343871935e-12, 2.40437379208e-12, 1.56711449373e-12, 1.43954520613e-12, 5.28191368681e-13, 5.00624986344e-13], "max": [0.112703740597, 0.0420155860484, 0.021700438112, 0.00935514550656, 0.0153122851625, 0.00554926227778, 0.0129786254838, 0.0175880789757, 0.00396137172356, 0.00225609866902, 0.00372342159972, 0.00568408798426, 0.00750725204125, 0.00749107310548, 0.00392146315426, 0.00182778190356, 0.000197059925995, 0.000198157140403, 0.000204687632504, 0.000274355872534, 0.000188935708138, 0.000163391567185, 0.000222745802603, 0.000213762643398, 0.000124651574879, 0.000157260263222, 0.00011822997476, 0.000199091227842, 0.000254737708019, 0.000232402133406, 6.78399519529e-05, 9.45979045355e-05, 4.88539590151e-05, 2.7312507882e-05, 3.70410853066e-05, 2.09858953895e-05, 1.28869723994e-05, 1.04783748611e-05, 1.21604180094e-05, 9.72004545474e-06], "mean": [0.00955392420292, 0.0038953893818, 0.00113264494576, 0.000972138892394, 0.00124840869103, 0.000664501450956, 0.000684380356688, 0.000486845267005, 0.000128168816445, 8.88796203071e-05, 0.000200022870558, 8.45864924486e-05, 0.000175194887561, 9.7378884675e-05, 2.89323525067e-05, 1.32424611365e-05, 1.14460908662e-05, 1.07683054011e-05, 9.04751232156e-06, 1.13919850264e-05, 7.77317018219e-06, 8.80130119185e-06, 8.82065887708e-06, 5.89167984799e-06, 6.08174650552e-06, 5.25683617525e-06, 3.92587207898e-06, 3.53905284101e-06, 3.35000163432e-06, 3.07862683258e-06, 2.27875034398e-06, 1.973856115e-06, 1.38721725307e-06, 1.158126679e-06, 8.41220696657e-07, 7.23846540041e-07, 5.88806528867e-07, 5.02560226323e-07, 4.28208721814e-07, 3.56879127139e-07], "median": [0.00387468189001, 0.00211486034095, 0.000725740334019, 0.000613131327555, 0.000644471962005, 0.000377977907192, 0.000257235398749, 0.000205811142223, 7.51331026549e-05, 4.94916675962e-05, 9.10923554329e-05, 2.71334938589e-05, 3.41584382113e-05, 1.53775981744e-05, 8.41041219246e-06, 5.37596406502e-06, 5.66694779991e-06, 6.27084773441e-06, 5.02405146108e-06, 5.9392359617e-06, 3.96995710616e-06, 4.23648089054e-06, 3.72716203856e-06, 2.18944160224e-06, 2.3890547709e-06, 2.02117121262e-06, 1.35276172841e-06, 1.21789071272e-06, 1.19336323223e-06, 9.56994767876e-07, 6.50328956908e-07, 5.59716227144e-07, 3.76095044885e-07, 2.8772487326e-07, 2.32994437965e-07, 1.89368904557e-07, 1.37457249139e-07, 1.26148449908e-07, 1.12679174435e-07, 1.14646965699e-07], "min": [2.93387901945e-24, 2.11126137559e-24, 1.97384515856e-24, 3.09210518994e-24, 2.46447207096e-24, 2.10582829332e-24, 3.06587517041e-24, 4.19077977721e-24, 3.67759420392e-24, 4.49343296881e-24, 7.3740398169e-24, 7.02632807368e-24, 5.37360334052e-24, 4.02890551946e-24, 4.32424518161e-24, 4.54257348118e-24, 5.29615021583e-24, 4.92942455821e-24, 6.53778414849e-24, 6.09755361502e-24, 5.32815075288e-24, 7.79551636565e-24, 8.82823232047e-24, 9.67216360549e-24, 9.74648376909e-24, 5.67331329209e-24, 5.06962841247e-24, 7.53840608625e-24, 8.3213300243e-24, 7.4645710721e-24, 8.26453835001e-24, 7.73215426888e-24, 5.81450203918e-24, 8.11138494957e-24, 7.33626205701e-24, 1.0728468868e-23, 7.81250764068e-24, 9.18909121954e-24, 8.22068872773e-24, 9.21472367693e-24], "var": [0.000196600551135, 2.17049382627e-05, 1.92523702935e-06, 1.23448126033e-06, 2.37929043578e-06, 5.92221340412e-07, 1.47145999563e-06, 7.63790865221e-07, 3.39083641165e-08, 1.69686877882e-08, 9.04273491642e-08, 7.03563145521e-08, 2.63065089712e-07, 1.07244460423e-07, 1.56980046739e-08, 1.92541138588e-09, 3.16983744808e-10, 2.36061087344e-10, 1.50636295104e-10, 3.12761122556e-10, 1.56869420231e-10, 2.06867925567e-10, 3.15406090134e-10, 1.86678353331e-10, 9.30578114566e-11, 8.49363149258e-11, 6.48798584302e-11, 6.81504158662e-11, 6.71109834371e-11, 4.9712334943e-11, 2.88815794197e-11, 2.1152453053e-11, 9.95598395392e-12, 5.08989074846e-12, 3.23744308271e-12, 2.06732547747e-12, 1.19700115705e-12, 8.34193228817e-13, 5.15258517277e-13, 3.6650286213e-13]}, "mfcc": {"mean": [-673.325500488, 159.139938354, 16.0996265411, 30.1231784821, 3.29307103157, 0.51759314537, 0.138925999403, 5.02272129059, 4.27919054031, -0.606922984123, -3.26524782181, 1.0033980608, 3.42062044144], "cov": [[7598.89355469, -1849.78662109, 613.520446777, 512.872924805, -91.3101654053, 246.719787598, 169.375091553, 154.873779297, 89.6347198486, 94.4265594482, 189.317321777, 120.982345581, 143.038238525], [-1849.78662109, 2507.19873047, -468.538391113, -94.3683242798, 237.833343506, 27.6760005951, 57.4300117493, 80.7649841309, 72.7548294067, 26.6408596039, -16.1292438507, 104.988128662, 99.5944671631], [613.520446777, -468.538391113, 498.465576172, 65.05909729, -3.08515739441, 38.1070404053, -23.3967971802, -3.60455656052, 15.3224401474, 22.3082046509, 42.9871025085, 32.8486328125, 19.4938869476], [512.872924805, -94.3683242798, 65.05909729, 332.539825439, 68.9499130249, 26.9166183472, 28.3781433105, 30.5904579163, 29.7126960754, 44.3005828857, 37.4321174622, 16.3084888458, 5.18672466278], [-91.3101654053, 237.833343506, -3.08515739441, 68.9499130249, 150.453323364, 60.4516944885, 56.0807723999, 49.7697029114, 48.5885009766, 37.4268417358, 28.117401123, 30.4123744965, 25.4843482971], [246.719787598, 27.6760005951, 38.1070404053, 26.9166183472, 60.4516944885, 147.835266113, 98.0513763428, 81.802230835, 56.6398391724, 30.7285308838, 20.4753475189, 27.6102294922, 30.1139888763], [169.375091553, 57.4300117493, -23.3967971802, 28.3781433105, 56.0807723999, 98.0513763428, 171.267105103, 121.255714417, 74.5632095337, 30.0030460358, 10.5306663513, 15.9136562347, 39.3542404175], [154.873779297, 80.7649841309, -3.60455656052, 30.5904579163, 49.7697029114, 81.802230835, 121.255714417, 163.209411621, 111.045097351, 51.562587738, 7.33877277374, 6.95440196991, 26.156999588], [89.6347198486, 72.7548294067, 15.3224401474, 29.7126960754, 48.5885009766, 56.6398391724, 74.5632095337, 111.045097351, 146.433776855, 84.2080764771, 22.1384334564, -2.57056903839, 4.94814872742], [94.4265594482, 26.6408596039, 22.3082046509, 44.3005828857, 37.4268417358, 30.7285308838, 30.0030460358, 51.562587738, 84.2080764771, 111.271942139, 54.7884902954, 3.27654194832, -13.5923032761], [189.317321777, -16.1292438507, 42.9871025085, 37.4321174622, 28.117401123, 20.4753475189, 10.5306663513, 7.33877277374, 22.1384334564, 54.7884902954, 89.1838684082, 38.4764862061, 3.77249765396], [120.982345581, 104.988128662, 32.8486328125, 16.3084888458, 30.4123744965, 27.6102294922, 15.9136562347, 6.95440196991, -2.57056903839, 3.27654194832, 38.4764862061, 112.440299988, 68.1666183472], [143.038238525, 99.5944671631, 19.4938869476, 5.18672466278, 25.4843482971, 30.1139888763, 39.3542404175, 26.156999588, 4.94814872742, -13.5923032761, 3.77249765396, 68.1666183472, 114.274757385]], "icov": [[0.000213725768845, 0.000125652732095, -4.39738614659e-05, -0.000282777735265, 0.000311595620587, -0.000291381293209, 3.44008185493e-05, -0.000131460794364, -3.33257048624e-05, 0.000100700381154, -0.000356987759005, 1.64643745393e-06, -0.000306931848172], [0.000125652732095, 0.000753202359192, 0.000598555663601, 0.000142292949022, -0.000993833411485, 6.12122357779e-06, 0.000460043811472, -0.000298486760585, -0.000186582648894, -0.000110766617581, 0.000204226991627, -0.000621429702733, -0.000433520559454], [-4.39738614659e-05, 0.000598555663601, 0.00292219384573, -0.000136194503284, -0.000471040955745, -0.00100398343056, 0.00160925055388, -9.14157935767e-05, -0.000785637297668, 0.000241435292992, -0.000623869127594, -0.000587670714594, -0.000688697793521], [-0.000282777735265, 0.000142292949022, -0.000136194503284, 0.00406829221174, -0.00248410389759, 0.000923890271224, -0.000108973072201, -0.000400601362344, 0.000771980267018, -0.00122632621787, 0.000219386216486, -0.000172931177076, 0.000424880767241], [0.000311595620587, -0.000993833411485, -0.000471040955745, -0.00248410389759, 0.012093635276, -0.00321677420288, -0.00139697187115, 0.000839333690237, -0.00143449264579, -0.000140781106893, -0.00200041872449, -0.000182047762792, -0.000671088637318], [-0.000291381293209, 6.12122357779e-06, -0.00100398343056, 0.000923890271224, -0.00321677420288, 0.0132944360375, -0.00552684254944, -0.00153964816127, 0.000130958767841, -0.00044031109428, 0.000401748897275, -0.00172809220385, 0.000918002449907], [3.44008185493e-05, 0.000460043811472, 0.00160925055388, -0.000108973072201, -0.00139697187115, -0.00552684254944, 0.0164978224784, -0.00969509594142, 0.000630346883554, 0.0016394603299, -0.00187295977958, 0.00157751783263, -0.00311946030706], [-0.000131460794364, -0.000298486760585, -9.14157935767e-05, -0.000400601362344, 0.000839333690237, -0.00153964816127, -0.00969509594142, 0.0220146793872, -0.0118228644133, 0.000549599062651, 0.00259761838242, -0.000291872653179, -0.00035756159923], [-3.33257048624e-05, -0.000186582648894, -0.000785637297668, 0.000771980267018, -0.00143449264579, 0.000130958767841, 0.000630346883554, -0.0118228644133, 0.0234559997916, -0.0139469755813, 0.00359511747956, 0.00135564664379, -0.000524087285157], [0.000100700381154, -0.000110766617581, 0.000241435292992, -0.00122632621787, -0.000140781106893, -0.00044031109428, 0.0016394603299, 0.000549599062651, -0.0139469755813, 0.0263585075736, -0.0136898988858, 0.00215823110193, 0.0023456083145], [-0.000356987759005, 0.000204226991627, -0.000623869127594, 0.000219386216486, -0.00200041872449, 0.000401748897275, -0.00187295977958, 0.00259761838242, 0.00359511747956, -0.0136898988858, 0.0240093395114, -0.00899223424494, 0.00354338507168], [1.64643745393e-06, -0.000621429702733, -0.000587670714594, -0.000172931177076, -0.000182047762792, -0.00172809220385, 0.00157751783263, -0.000291872653179, 0.00135564664379, 0.00215823110193, -0.00899223424494, 0.0192334242165, -0.0103109991178], [-0.000306931848172, -0.000433520559454, -0.000688697793521, 0.000424880767241, -0.000671088637318, 0.000918002449907, -0.00311946030706, -0.00035756159923, -0.000524087285157, 0.0023456083145, 0.00354338507168, -0.0103109991178, 0.0170103106648]]}, "spectral_contrast_coeffs": {"dmean": [0.0473621599376, 0.0400068759918, 0.0338813923299, 0.0264306627214, 0.0194673407823, 0.0189245641232], "dmean2": [0.0771844610572, 0.0655043050647, 0.0551327355206, 0.0433123670518, 0.0321037657559, 0.0316904485226], "dvar": [0.00163477892056, 0.00116993067786, 0.000933535106014, 0.000444328703452, 0.000279491738183, 0.000396162009565], "dvar2": [0.00409945985302, 0.00288743199781, 0.00226620072499, 0.00113489222713, 0.000679250399116, 0.00103367283009], "max": [-0.238254278898, -0.405675709248, -0.462205827236, -0.595387518406, -0.647093951702, -0.634867191315], "mean": [-0.652301549911, -0.682794094086, -0.712686479092, -0.787658274174, -0.804275393486, -0.776020228863], "median": [-0.669261813164, -0.684252500534, -0.713130235672, -0.78966999054, -0.807726383209, -0.775126218796], "min": [-0.964210689068, -0.971823394299, -0.971089720726, -0.966630518436, -0.961485385895, -0.96237719059], "var": [0.00854448508471, 0.00657180510461, 0.00483346870169, 0.00197356450371, 0.00112849555444, 0.00121806608513]}, "spectral_contrast_valleys": {"dmean": [0.370691388845, 0.326351463795, 0.320601135492, 0.312648743391, 0.34617048502, 0.437270253897], "dmean2": [0.589858829975, 0.530236065388, 0.510932683945, 0.485798805952, 0.509922385216, 0.566021442413], "dvar": [0.173048362136, 0.147494003177, 0.144562676549, 0.162095531821, 0.29065823555, 0.376471340656], "dvar2": [0.302649378777, 0.262360036373, 0.253312706947, 0.281860232353, 0.538464844227, 0.