{"lowlevel": {"average_loudness": 0.595295071602, "barkbands_crest": {"dmean": 1.26437652111, "dmean2": 2.09100317955, "dvar": 2.27828001976, "dvar2": 6.79839897156, "max": 25.2953948975, "mean": 13.9490976334, "median": 13.5002002716, "min": 4.05283021927, "var": 19.7385234833}, "barkbands_flatness_db": {"dmean": 0.014309246093, "dmean2": 0.0239177644253, "dvar": 0.000317988247843, "dvar2": 0.000932716124225, "max": 0.526576936245, "mean": 0.389199763536, "median": 0.406168460846, "min": 0.0406386964023, "var": 0.00755320349708}, "barkbands_kurtosis": {"dmean": 1.64788734913, "dmean2": 2.71892523766, "dvar": 7.49193763733, "dvar2": 24.4203872681, "max": 40.0300865173, "mean": 5.95318603516, "median": 4.15329742432, "min": -1.77188372612, "var": 34.9815788269}, "barkbands_skewness": {"dmean": 0.261533886194, "dmean2": 0.419741034508, "dvar": 0.129957839847, "dvar2": 0.435648322105, "max": 5.68292808533, "mean": 1.38967633247, "median": 1.31029081345, "min": -2.0426325798, "var": 1.25234973431}, "barkbands_spread": {"dmean": 0.914622247219, "dmean2": 1.4335796833, "dvar": 6.14475822449, "dvar2": 13.8612785339, "max": 92.8171615601, "mean": 5.78388357162, "median": 3.42304420471, "min": 0.680527687073, "var": 110.91204071}, "dissonance": {"dmean": 0.0319041348994, "dmean2": 0.0549995116889, "dvar": 0.00119018903933, "dvar2": 0.00343173881993, "max": 0.499741047621, "mean": 0.369496434927, "median": 0.369746387005, "min": 0.161018058658, "var": 0.00440066028386}, "dynamic_complexity": 9.42771244049, "erbbands_crest": {"dmean": 1.49865972996, "dmean2": 2.38999867439, "dvar": 3.48810386658, "dvar2": 11.0630054474, "max": 28.2300548553, "mean": 14.918264389, "median": 15.0756568909, "min": 2.19258904457, "var": 28.0201091766}, "erbbands_flatness_db": {"dmean": 0.0104478634894, "dmean2": 0.0173328090459, "dvar": 0.000139668845804, "dvar2": 0.000370380963432, "max": 0.473329097033, "mean": 0.365406274796, "median": 0.390456736088, "min": 0.0503426603973, "var": 0.00691910134628}, "erbbands_kurtosis": {"dmean": 0.840476632118, "dmean2": 1.31075322628, "dvar": 2.04131937027, "dvar2": 4.97305345535, "max": 70.1876525879, "mean": 3.43543958664, "median": 1.3101568222, "min": -1.7737197876, "var": 81.0429611206}, "erbbands_skewness": {"dmean": 0.213431224227, "dmean2": 0.331142932177, "dvar": 0.0624274201691, "dvar2": 0.19076359272, "max": 5.70435762405, "mean": 1.14437544346, "median": 1.13011980057, "min": -1.13439798355, "var": 0.907871901989}, "erbbands_spread": {"dmean": 1.45803165436, "dmean2": 2.23347043991, "dvar": 5.56683015823, "dvar2": 11.9856004715, "max": 124.300842285, "mean": 13.3893432617, "median": 10.0720396042, "min": 1.74593746662, "var": 167.569992065}, "hfc": {"dmean": 1.52326643467, "dmean2": 2.25093150139, "dvar": 20.1666374207, "dvar2": 40.941242218, "max": 126.563278198, "mean": 7.52294206619, "median": 3.98070192337, "min": 1.18006578804e-16, "var": 127.033103943}, "melbands_crest": {"dmean": 1.49712061882, "dmean2": 2.48497915268, "dvar": 3.19176769257, "dvar2": 9.16069221497, "max": 28.6441841125, "mean": 16.5183963776, "median": 16.2121582031, "min": 1.62326514721, "var": 31.4308223724}, "melbands_flatness_db": {"dmean": 0.0157190021127, "dmean2": 0.0262713208795, "dvar": 0.000467345584184, "dvar2": 0.00125028553884, "max": 0.690326094627, "mean": 0.513782560825, "median": 0.534997284412, "min": 0.00423821853474, "var": 0.0151949096471}, "melbands_kurtosis": {"dmean": 2.19365739822, "dmean2": 3.52064347267, "dvar": 20.2733974457, "dvar2": 53.4576683044, "max": 146.58416748, "mean": 8.27712059021, "median": 5.52762317657, "min": -1.39384305477, "var": 95.9574737549}, "melbands_skewness": {"dmean": 0.272021502256, "dmean2": 0.432605564594, "dvar": 0.146548196673, "dvar2": 0.456114798784, "max": 10.1837024689, "mean": 1.73799669743, "median": 1.55130922794, "min": -0.346250534058, "var": 1.32351231575}, "melbands_spread": {"dmean": 1.35614323616, "dmean2": 2.18307852745, "dvar": 15.4093093872, "dvar2": 38.1178321838, "max": 166.385574341, "mean": 9.85244941711, "median": 4.66348409653, "min": 0.558338344097, "var": 549.084655762}, "pitch_salience": {"dmean": 0.035708039999, "dmean2": 0.0595025531948, "dvar": 0.00203052838333, "dvar2": 0.00576643832028, "max": 0.82652926445, "mean": 0.47353836894, "median": 0.481630772352, "min": 0.151435226202, "var": 0.0190285369754}, "silence_rate_20dB": {"dmean": 0, "dmean2": 0, "dvar": 0, "dvar2": 0, "max": 1, "mean": 1, "median": 1, "min": 1, "var": 0}, "silence_rate_30dB": {"dmean": 0.00255427835509, "dmean2": 0.00511182099581, "dvar": 0.0025477190502, "dvar2": 0.00508573930711, "max": 1, "mean": 0.985960423946, "median": 1, "min": 0, "var": 0.013842208311}, "silence_rate_60dB": {"dmean": 0.00766283506528, "dmean2": 0.0153354629874, "dvar": 0.00760417617857, "dvar2": 0.0151002574712, "max": 1, "mean": 0.281429469585, "median": 0, "min": 0, "var": 0.20222838223}, "spectral_centroid": {"dmean": 33.945022583, "dmean2": 50.8328781128, "dvar": 42141.5898438, "dvar2": 53528.6132812, "max": 11034.1591797, "mean": 519.017028809, "median": 378.707946777, "min": 154.703186035, "var": 528169.875}, "spectral_complexity": {"dmean": 0.636015295982, "dmean2": 1.10031950474, "dvar": 0.993957698345, "dvar2": 2.05317831039, "max": 18, "mean": 7.11104011536, "median": 8, "min": 0, "var": 16.1944465637}, "spectral_decrease": {"dmean": 9.39065381012e-10, "dmean2": 1.43928147178e-09, "dvar": 4.71624760386e-18, "dvar2": 1.21187419131e-17, "max": 4.63808053524e-20, "mean": -4.92051510648e-09, "median": -3.25039883897e-09, "min": -5.19737746174e-08, "var": 3.52443725733e-17}, "spectral_energy": {"dmean": 0.00367884524167, "dmean2": 0.00562858814374, "dvar": 7.34041168471e-05, "dvar2": 0.000186710676644, "max": 0.207640618086, "mean": 0.0192535053939, "median": 0.0125792091712, "min": 1.03874764463e-20, "var": 0.000546916038729}, "spectral_energyband_high": {"dmean": 1.91670004313e-08, "dmean2": 2.8207239211e-08, "dvar": 1.2536310389e-14, "dvar2": 2.47818699426e-14, "max": 3.1871934425e-06, "mean": 5.37410258517e-08, "median": 2.50895375586e-08, "min": 7.66005274817e-21, "var": 2.01996961367e-14}, "spectral_energyband_low": {"dmean": 0.000727554317564, "dmean2": 0.00106846308336, "dvar": 3.92927358916e-06, "dvar2": 8.72386681294e-06, "max": 0.0441318005323, "mean": 0.00380781129934, "median": 0.00149260170292, "min": 6.75377189776e-24, "var": 3.54226940544e-05}, "spectral_energyband_middle_high": {"dmean": 0.000328579655616, "dmean2": 0.000362462393241, "dvar": 1.88678961877e-06, "dvar2": 3.04114109895e-06, "max": 0.0377364382148, "mean": 0.00132515071891, "median": 0.000361950456863, "min": 1.46094686948e-21, "var": 8.3241120592e-06}, "spectral_energyband_middle_low": {"dmean": 0.00323453499004, "dmean2": 0.00515481689945, "dvar": 5.57686653337e-05, "dvar2": 0.000161273332196, "max": 0.15376368165, "mean": 0.0148916291073, "median": 0.00840516481549, "min": 1.76992429901e-22, "var": 0.000353678478859}, "spectral_entropy": {"dmean": 0.106998689473, "dmean2": 0.173613786697, "dvar": 0.0316390655935, "dvar2": 0.0834026038647, "max": 9.80386638641, "mean": 5.34613418579, "median": 5.17993927002, "min": 4.19347238541, "var": 0.773415446281}, "spectral_flux": {"dmean": 0.00903216842562, "dmean2": 0.0141477603465, "dvar": 0.000378579017706, "dvar2": 0.000825180730317, "max": 0.280443996191, "mean": 0.0240036938339, "median": 0.0156868789345, "min": 1.01918973261e-10, "var": 0.000891496893018}, "spectral_kurtosis": {"dmean": 26.9280567169, "dmean2": 46.7423629761, "dvar": 876.264221191, "dvar2": 2459.75024414, "max": 358.100524902, "mean": 138.027145386, "median": 138.590896606, "min": -1.23505580425, "var": 5430.63183594}, "spectral_rms": {"dmean": 0.000340405007591, "dmean2": 0.000517864944413, "dvar": 4.25282337346e-07, "dvar2": 1.05939284367e-06, "max": 0.014232927002, "mean": 0.00356570864096, "median": 0.00350319850259, "min": 3.18341381901e-12, "var": 6.06962112215e-06}, "spectral_rolloff": {"dmean": 88.1126403809, "dmean2": 153.029815674, "dvar": 289654.34375, "dvar2": 603738.6875, "max": 19272.2167969, "mean": 1184.54138184, "median": 409.130859375, "min": 107.666015625, "var": 11809449}, "spectral_skewness": {"dmean": 1.26954293251, "dmean2": 2.20567536354, "dvar": 1.9933642149, "dvar2": 5.51930427551, "max": 15.5718431473, "mean": 8.62043476105, "median": 8.80746078491, "min": 0.0400791056454, "var": 9.68766593933}, "spectral_spread": {"dmean": 276872.28125, "dmean2": 468257.5, "dvar": 709185175552, "dvar2": 814180663296, "max": 41368200, "mean": 1466694.75, "median": 837687, "min": 282556, "var": 5723325988860.0}, "spectral_strongpeak": {"dmean": 0.199226051569, "dmean2": 0.325242042542, "dvar": 0.129876807332, "dvar2": 0.277549237013, "max": 7.4879527092, "mean": 1.05288624763, "median": 0.731494247913, "min": 1.61359137163e-09, "var": 1.23722541332}, "zerocrossingrate": {"dmean": 0.00279966625385, "dmean2": 0.00365103338845, "dvar": 0.000149765866809, "dvar2": 0.000280562293483, "max": 0.515625, "mean": 0.0374658480287, "median": 0.017578125, "min": 0.00390625, "var": 0.00819051265717}, "barkbands": {"dmean": [6.39572931505e-07, 0.000155559566338, 0.00050259148702, 0.000253539532423, 0.000334814336384, 0.00223305122927, 0.000686736311764, 0.000342659448506, 5.07946242578e-05, 8.23379814392e-05, 9.97346869553e-05, 3.83189362765e-05, 5.23954076925e-05, 1.71151914401e-05, 5.93946533627e-05, 2.28517801588e-05, 1.57395425049e-05, 7.04440253685e-07, 9.68935978563e-07, 9.783925492e-08, 6.21764906228e-09, 1.64338853637e-09, 1.08365405538e-09, 1.02457109463e-09, 1.08685449529e-09, 1.17026510704e-09, 1.37970690428e-09], "dmean2": [1.0971325537e-06, 0.000228523786063, 0.000724040612113, 0.00039672999992, 0.000486188888317, 0.00384966260754, 0.00101035099942, 0.000498805427924, 8.48312629387e-05, 9.26814827835e-05, 0.000129897031002, 5.38205822522e-05, 5.85687339481e-05, 2.17172328121e-05, 8.27503172331e-05, 2.30520636251e-05, 1.87260029634e-05, 8.21618584723e-07, 1.24002883695e-06, 1.36190848821e-07, 8.94493634718e-09, 2.74622680152e-09, 1.88356152897e-09, 1.82637405199e-09, 1.94761873296e-09, 2.07576400513e-09, 2.44275599748e-09], "dvar": [1.64071837713e-12, 2.90847225415e-07, 2.10374128073e-06, 3.13685546871e-07, 7.73976580604e-07, 3.79244665965e-05, 7.11066923031e-06, 1.0137215213e-05, 4.75424180024e-08, 1.90965550928e-07, 2.53287595342e-07, 2.77699925277e-08, 3.92128391979e-08, 5.01755215154e-09, 4.72089851655e-07, 2.50503600085e-08, 3.0364159187e-08, 5.45183655165e-11, 1.83492346317e-10, 2.7320663093e-12, 9.0495761299e-16, 2.65430628409e-17, 4.43319301569e-18, 2.75262340005e-18, 2.59890429092e-18, 2.45152924349e-18, 2.92823094897e-18], "dvar2": [4.49545218759e-12, 7.2531031492e-07, 4.20059268436e-06, 7.09400069354e-07, 1.53500923261e-06, 0.000134910427732, 1.35805303216e-05, 2.06410186365e-05, 1.22605527508e-07, 2.33283088846e-07, 3.36741578622e-07, 6.22139140205e-08, 5.22555225757e-08, 8.06676769827e-09, 1.13028761461e-06, 3.15965635878e-08, 6.41396979972e-08, 6.80694112187e-11, 4.02263250487e-10, 5.5138727785e-12, 1.57783793931e-15, 6.099865418e-17, 9.94607593362e-18, 9.12535394729e-18, 8.61582723357e-18, 8.03294779749e-18, 9.6883115655e-18], "max": [2.54274546023e-05, 0.013762710616, 0.0365433543921, 0.0197600182146, 0.0216921567917, 0.0973448380828, 0.0899232104421, 0.135464936495, 0.00338891544379, 0.0134212523699, 0.0203674472868, 0.00328527903184, 0.00418266374618, 0.0017042910913, 0.0256139691919, 0.00695820618421, 0.0068745194003, 0.000324916152749, 0.000469432561658, 5.92453689023e-05, 9.00668965187e-07, 1.43617512549e-07, 5.41942064558e-08, 2.65284274548e-08, 2.54416345769e-08, 2.52764760234e-08, 2.69957656229e-08], "mean": [1.10624228e-06, 0.000676850613672, 0.00240319850855, 0.00101242796518, 0.00177046807948, 0.00670754071325, 0.00353721203282, 0.00164968264289, 0.000125149643281, 0.0003565759107, 0.000346222543158, 0.000157562390086, 0.000191361876205, 5.94504017499e-05, 0.000132386921905, 8.2803730038e-05, 3.89236374758e-05, 1.95696361516e-06, 2.41179736804e-06, 2.18797623575e-07, 1.27171144726e-08, 3.49506801278e-09, 2.56783994068e-09, 2.82548828778e-09, 3.7803609132e-09, 5.15530729217e-09, 6.49945164355e-09], "median": [2.85621382545e-07, 0.000152534688823, 0.000572047138121, 0.000337759091053, 0.000583469402045, 0.0020181608852, 0.000291225325782, 4.01079232688e-05, 3.52015813405e-05, 5.65391128475e-05, 1.38503810376e-05, 1.92168117792e-05, 8.13292172097e-06, 2.88734690912e-06, 4.38642200606e-06, 1.50899052187e-06, 3.65460635976e-07, 1.39352325235e-08, 1.5190758873e-08, 3.66361940785e-09, 2.11300954511e-09, 1.77382630806e-09, 1.9510164595e-09, 2.48600162678e-09, 3.4710829766e-09, 4.90789586749e-09, 6.25046991942e-09], "min": [3.03805362401e-24, 3.33430087063e-24, 1.70703110116e-24, 1.28923506186e-23, 4.05330427728e-23, 2.29044359659e-23, 2.19066988924e-23, 2.86347357809e-23, 4.58979753487e-23, 2.72288783627e-23, 3.6737820336e-23, 1.03700555955e-22, 1.25396849867e-22, 7.89450089654e-23, 1.61753909132e-22, 1.85021998931e-22, 1.05894378132e-22, 3.57565329057e-22, 1.70764934723e-22, 1.99813532179e-22, 3.53513789935e-22, 6.68689495234e-22, 5.31898237479e-22, 9.67038961508e-22, 1.23456161163e-21, 1.83971369996e-21, 2.18634438188e-21], "var": [4.64080640236e-12, 1.27743362555e-06, 2.0805222448e-05, 4.30210957347e-06, 8.92533626029e-06, 0.0001070473445, 7.94443112682e-05, 7.35105932108e-05, 7.89265115486e-08, 1.45296974097e-06, 1.39976668834e-06, 1.06774692199e-07, 2.46135755333e-07, 2.59921382195e-08, 7.12763039701e-07, 1.09728723885e-07, 6.86175454234e-08, 2.82600998158e-10, 4.3548359363e-10, 6.12291987945e-12, 1.88452485259e-15, 4.59107937803e-17, 1.05173516801e-17, 2.18071878955e-18, 2.0522965179e-18, 2.00640453752e-18, 2.53403720087e-18]}, "erbbands": {"dmean": [0.00254164403304, 0.0464821532369, 0.417437076569, 0.872718989849, 0.710668087006, 1.24873530865, 6.3816652298, 23.2500324249, 12.3216047287, 8.63411140442, 4.09827184677, 1.33615815639, 1.29640877247, 2.88625860214, 4.48700714111, 1.94017744064, 2.42144012451, 1.16252100468, 2.20648288727, 2.08847045898, 1.26333844662, 0.622249126434, 0.102953903377, 0.0626847222447, 0.0167964752764, 0.00279273721389, 0.000524642004166, 0.00013960027718, 6.47874912829e-05, 4.12723711634e-05, 3.13697164529e-05, 2.28518019867e-05, 1.74649576365e-05, 1.28593110276e-05, 8.69385439728e-06, 5.36479910807e-06, 2.78560196421e-06, 9.4123265626e-07, 1.76733715307e-06, 4.10672646467e-06], "dmean2": [0.00360057107173, 0.0667092502117, 0.576692521572, 1.38284933567, 1.06197667122, 1.87990701199, 10.6724328995, 41.2653656006, 16.9396934509, 12.0900096893, 5.91385412216, 2.09851145744, 1.87644267082, 3.14446973801, 5.68679618835, 2.55923891068, 2.66934847832, 1.44474077225, 2.93663167953, 2.76862549782, 1.3413412571, 0.712861895561, 0.109668321908, 0.0773656442761, 0.0222061816603, 0.00390544650145, 0.000727226783056, 0.000204860596568, 0.000106160427094, 6.87171923346e-05, 5.39202374057e-05, 4.01532633987e-05, 3.05255889543e-05, 2.22706203203e-05, 1.5038554011e-05, 9.00876693777e-06, 4.73216050523e-06, 1.56819930908e-06, 2.71756357506e-06, 6.26731525699e-06], "dvar": [4.16316652263e-05, 0.0258104708046, 1.60119950771, 4.7095489502, 2.61246204376, 12.2338209152, 264.206329346, 4603.07470703, 1196.24853516, 2887.45214844, 737.434448242, 29.4091663361, 18.6803760529, 261.489746094, 604.71697998, 59.8048286438, 75.5500717163, 15.70728302, 185.383758545, 741.893127441, 68.8707733154, 25.4234523773, 0.894252240658, 0.88831371069, 0.0384169481695, 0.00156424299348, 1.53657529154e-05, 2.78244925767e-07, 4.35082796457e-08, 1.55275508007e-08, 3.76004916092e-09, 1.34113808947e-09, 6.87191636928e-10, 3.17993076315e-10, 1.37433828207e-10, 4.82462472751e-11, 1.26083267091e-11, 1.17529488745e-12, 1.65519768031e-11, 9.31909202584e-11], "dvar2": [7.78567336965e-05, 0.0627894029021, 2.91561198235, 11.6748352051, 5.16391658783, 26.091501236, 858.990905762, 16381.2802734, 2185.84863281, 4381.11035156, 1646.93359375, 70.6518249512, 36.1413269043, 306.657501221, 766.469238281, 127.72379303, 99.0673294067, 25.6863269806, 405.500915527, 1778.85852051, 118.39515686, 50.2240524292, 1.08078110218, 1.96275532246, 0.0825323015451, 0.00343145919032, 2.8166012271e-05, 5.63095795769e-07, 9.97764360022e-08, 2.86269674632e-08, 8.65764260283e-09, 4.21002033235e-09, 2.16341411452e-09, 9.87560255794e-10, 4.103984097e-10, 1.35432789983e-10, 3.30717814245e-11, 3.18635482582e-12, 4.02389510601e-11, 2.33791652704e-10], "max": [0.185359284282, 4.27411222458, 37.96900177, 56.5606117249, 37.0321464539, 92.2625045776, 246.486801147, 1103.66101074, 745.420471191, 2274.47363281, 1087.0423584, 84.0819244385, 83.1751251221, 500.598937988, 1042.98181152, 169.940231323, 212.757568359, 75.9378433228, 440.221588135, 1022.1005249, 246.918441772, 188.438461304, 32.6305122375, 34.0036735535, 6.0461359024, 1.41016089916, 0.119133733213, 0.0100789191201, 0.00555047718808, 0.00459281215444, 0.00182398618199, 0.000791423779447, 0.000562588800676, 0.000402276666136, 0.000285911897663, 0.000183792959433, 9.72451234702e-05, 3.06158181047e-05, 0.000103056685475, 0.000237437372562], "mean": [0.0116297658533, 0.220088794827, 2.11093902588, 3.85271501541, 3.35134029388, 6.23752784729, 21.5662345886, 65.2719116211, 63.5493927002, 43.9189071655, 19.0204696655, 4.5548787117, 5.73572444916, 11.8419885635, 16.5979881287, 8.5817232132, 9.01199626923, 4.25970315933, 6.82730913162, 4.40860033035, 4.42769479752, 1.75230884552, 0.286588519812, 0.166254222393, 0.0383126661181, 0.00639270246029, 0.00110448920168, 0.000313685188303, 0.000149183775648, 9.90555199678e-05, 8.25625320431e-05, 6.96178030921e-05, 5.96961690462e-05, 5.0409911637e-05, 3.95975184802e-05, 2.77488870779e-05, 1.54002282216e-05, 4.88754676553e-06, 1.0033964827e-05, 2.15584095713e-05], "median": [0.00251706829295, 0.0546831227839, 0.461072087288, 1.28509986401, 1.69912731647, 1.98340523243, 5.71549844742, 20.0599842072, 10.1676902771, 3.26055240631, 1.63464796543, 1.5132060051, 1.68331861496, 1.84905147552, 1.98637878895, 1.58822798729, 1.2367837429, 0.804664194584, 0.496268332005, 0.177238553762, 0.104731917381, 0.0287681333721, 0.0030205284711, 0.00100037851371, 0.000544088950846, 0.000253533216892, 0.000120565047837, 8.05895033409e-05, 7.00477830833e-05, 6.54185569147e-05, 6.26223554718e-05, 5.7897374063e-05, 5.11734288011e-05, 4.37836715719e-05, 3.45145926985e-05, 2.39189757849e-05, 1.31575752675e-05, 4.42755617769e-06, 6.78970172885e-06, 1.39340545502e-05], "min": [2.54643542899e-22, 1.61539414696e-22, 1.8135329085e-21, 1.35587536289e-20, 5.76414282886e-20, 1.30066331882e-19, 3.07058904258e-19, 1.71338353449e-19, 3.15057042848e-19, 3.73523021573e-19, 8.09103769338e-19, 8.39968462932e-19, 9.29499132013e-19, 1.0288852962e-18, 2.65166704027e-18, 4.53698060792e-18, 5.45312325458e-18, 3.93851750268e-18, 6.45878090559e-18, 7.60930228369e-18, 9.81332254429e-18, 7.8477478486e-18, 1.64982893709e-17, 1.48613220998e-17, 8.43988426292e-18, 9.40879979189e-18, 1.01930141619e-17, 1.61576315793e-17, 2.54195530457e-17, 2.01203346023e-17, 1.60852632018e-17, 1.9676077402e-17, 1.54965951558e-17, 1.19238846306e-17, 1.01044553783e-17, 6.53607142125e-18, 3.50997838838e-18, 1.27752658595e-18, 2.71479539667e-19, 3.46113403237e-20], "var": [0.000506491225678, 0.127469494939, 17.9654636383, 45.0175704956, 26.2661266327, 131.992523193, 1236.98510742, 12192.2841797, 15269.671875, 30371.203125, 4419.14599609, 80.089050293, 116.796638489, 2000.31713867, 3470.50097656, 276.318145752, 475.963867188, 66.2777862549, 515.820983887, 1038.9720459, 236.316604614, 69.6441421509, 3.72428131104, 2.22500276566, 0.0755578652024, 0.00310588558204, 2.79154301097e-05, 6.11053337707e-07, 8.89145397309e-08, 3.58393350552e-08, 9.07281361151e-09, 2.01526617616e-09, 1.15545473189e-09, 7.17858106292e-10, 4.21663565175e-10, 2.17767068267e-10, 7.18294035362e-11, 4.14337487931e-12, 1.26566826464e-10, 6.91962209753e-10]}, "gfcc": {"mean": [-272.662261963, 224.852050781, -66.9161987305, -51.7362785339, -18.473733902, -6.16858530045, -41.1925468445, -19.8969917297, -12.0005693436, -4.89394378662, -5.12162542343, -5.54445838928, -2.79209184647], "cov": [[18090.25, 9007.015625, -4030.66479492, -3097.33959961, 1842.10046387, -1594.93395996, -950.094482422, -317.332519531, 819.456970215, -376.064727783, 576.584106445, -129.925384521, 559.531921387], [9007.015625, 5822.69970703, -718.464172363, -1597.43017578, 695.781066895, -396.712249756, -305.927276611, -288.750244141, 407.008422852, -145.100723267, 200.772674561, -208.273086548, 214.474411011], [-4030.66479492, -718.464172363, 2657.10717773, 1033.24023438, -674.255981445, 740.40612793, 509.336486816, 6.54929590225, -243.484054565, 111.320411682, -241.816970825, -194.703262329, -273.103515625], [-3097.33959961, -1597.43017578, 1033.24023438, 1064.52062988, -196.46711731, 207.617034912, 274.58807373, 192.160263062, -179.955459595, 36.1240539551, -101.450759888, -3.49642181396, -151.162612915], [1842.10046387, 695.781066895, -674.255981445, -196.46711731, 419.768310547, -216.85496521, -139.867141724, 49.5831832886, 139.789810181, -54.8322639465, 86.087890625, 47.2734069824, 95.4119796753], [-1594.93395996, -396.712249756, 740.40612793, 207.617034912, -216.85496521, 397.529785156, 163.080413818, -56.3154373169, -56.873260498, 94.4693069458, -86.7472076416, -27.2897052765, -47.7708740234], [-950.094482422, -305.927276611, 509.336486816, 274.58807373, -139.867141724, 163.080413818, 199.072784424, 50.020565033, -57.4857711792, 48.9372215271, -39.57239151, -63.3524169922, -72.8682632446], [-317.332519531, -288.750244141, 6.54929590225, 192.160263062, 49.5831832886, -56.3154373169, 50.020565033, 183.757781982, 56.7515449524, -18.2858600616, 5.27565765381, 10.4170198441, -47.3487129211], [819.456970215, 407.008422852, -243.484054565, -179.955459595, 139.789810181, -56.873260498, -57.4857711792, 56.7515449524, 157.292709351, 9.90121078491, 27.4327011108, 7.30778169632, 33.2017631531], [-376.064727783, -145.100723267, 111.320411682, 36.1240539551, -54.8322639465, 94.4693069458, 48.9372215271, -18.2858600616, 9.90121078491, 89.8006896973, 13.397149086, 1.37322819233, 4.84645032883], [576.584106445, 200.772674561, -241.816970825, -101.450759888, 86.087890625, -86.7472076416, -39.57239151, 5.27565765381, 27.4327011108, 13.397149086, 87.4895019531, 51.4308433533, 32.8293495178], [-129.925384521, -208.273086548, -194.703262329, -3.49642181396, 47.2734069824, -27.2897052765, -63.3524169922, 10.4170198441, 7.30778169632, 1.37322819233, 51.4308433533, 132.491531372, 59.2657203674], [559.531921387, 214.474411011, -273.103515625, -151.162612915, 95.4119796753, -47.7708740234, -72.8682632446, -47.3487129211, 33.2017631531, 4.84645032883, 32.8293495178, 59.2657203674, 104.009941101]], "icov": [[0.00250262883492, -0.00409334572032, 0.00439449120313, -0.00392099004239, 0.00232584984042, 0.000228669960052, -0.00109765667003, 0.00284997629933, -0.00331622012891, 0.00312489550561, -0.0029068836011, 0.00215754122473, -8.12249854789e-05], [-0.00409334572032, 0.00825978349894, -0.0100272176787, 0.0105597143993, -0.00842254702002, 0.00337652070448, -0.00034088382381, -0.00361381866969, 0.0058900299482, -0.00632738415152, 0.00576445180923, -0.0043817893602, 0.000491544022225], [0.00439449120313, -0.0100272176787, 0.0164699386805, -0.0193500947207, 0.0179028008133, -0.0122399935499, 0.00158625771292, 0.00765801686794, -0.0142642222345, 0.0180885326117, -0.0164651982486, 0.0118889817968, -0.00315446779132], [-0.00392099004239, 0.0105597143993, -0.0193500947207, 0.0284124389291, -0.0263371113688, 0.0184629727155, -0.00622637057677, -0.0126650938764, 0.024074755609, -0.0285238754004, 0.0284376554191, -0.019372811541, 0.00802237447351], [0.00232584984042, -0.00842254702002, 0.0179028008133, -0.0263371113688, 0.0326581299305, -0.0214237514883, 0.00883986987174, 0.00637013558298, -0.0231199618429, 0.0312199778855, -0.0320823043585, 0.0217390749604, -0.0134535478428], [0.000228669960052, 0.00337652070448, -0.0122399935499, 0.0184629727155, -0.0214237514883, 0.0308847483248, -0.0168671850115, 0.00523763103411, 0.00861179735512, -0.027457062155, 0.033648815006, -0.0257172249258, 0.0134699670598], [-0.00109765667003, -0.00034088382381, 0.00158625771292, -0.00622637057677, 0.00883986987174, -0.0168671850115, 0.0311264917254, -0.0188271813095, 0.0103910351172, -0.000690605142154, -0.0164094418287, 0.0209997221828, -0.0109672416002], [0.00284997629933, -0.00361381866969, 0.00765801686794, -0.0126650938764, 0.00637013558298, 0.00523763103411, -0.0188271813095, 0.0388429500163, -0.0345018208027, 0.0230486039072, -0.0100256735459, -0.00433569680899, 0.0104504646733], [-0.00331622012891, 0.0058900299482, -0.0142642222345, 0.024074755609, -0.0231199618429, 0.00861179735512, 0.0103910351172, -0.0345018208027, 0.050879906863, -0.0425519309938, 0.0317969508469, -0.0125986905769, 0.00285029318184], [0.00312489550561, -0.00632738415152, 0.0180885326117, -0.0285238754004, 0.0312199778855, -0.027457062155, -0.000690605142154, 0.0230486039072, -0.0425519309938, 0.069977261126, -0.0583216622472, 0.0327134281397, -0.0188731253147], [-0.0029068836011, 0.00576445180923, -0.0164651982486, 0.0284376554191, -0.0320823043585, 0.033648815006, -0.0164094418287, -0.0100256735459, 0.0317969508469, -0.0583216622472, 0.0817669481039, -0.050537083298, 0.0262274164706], [0.00215754122473, -0.0043817893602, 0.0118889817968, -0.019372811541, 0.0217390749604, -0.0257172249258, 0.0209997221828, -0.00433569680899, -0.0125986905769, 0.0327134281397, -0.050537083298, 0.0497526228428, -0.028425199911], [-8.12249854789e-05, 0.000491544022225, -0.00315446779132, 0.00802237447351, -0.0134535478428, 0.0134699670598, -0.0109672416002, 0.0104504646733, 0.00285029318184, -0.0188731253147, 0.0262274164706, -0.028425199911, 0.0359043478966]]}, "melbands": {"dmean": [3.33023599524e-05, 0.000163745266036, 0.0001327709615, 6.85584600433e-05, 0.00020186821348, 0.000485737255076, 0.000176908317371, 9.48971064645e-05, 2.7244022931e-05, 8.01834903541e-06, 6.62429101794e-06, 1.20044769574e-05, 1.35063464768e-05, 7.37651907912e-06, 3.70493580704e-06, 5.74322348257e-06, 1.78880986823e-06, 2.66209053734e-06, 4.99694942846e-06, 1.98601992452e-06, 1.32658590246e-06, 8.54581685417e-07, 1.70962067614e-07, 2.90058039809e-08, 5.9668899155e-08, 1.64317643936e-08, 6.81860790053e-09, 6.52200848883e-10, 3.80461578908e-10, 1.47532153161e-10, 5.6785853797e-11, 4.20455892325e-11, 2.68075821958e-11, 2.19761518011e-11, 1.98372169385e-11, 1.6684764681e-11, 1.42703245054e-11, 1.32534235323e-11, 1.20303923073e-11, 1.15140171703e-11], "dmean2": [4.79183072457e-05, 0.000228273842367, 0.000208423167351, 0.000100881181424, 0.000338268844644, 0.000849142263178, 0.000246172276093, 0.000135515554575, 3.92293841287e-05, 1.32155482788e-05, 9.53203925746e-06, 1.29206691781e-05, 1.72989948624e-05, 9.10487779038e-06, 4.69792939839e-06, 6.5006765908e-06, 2.30785985877e-06, 3.45613830177e-06, 7.09207324689e-06, 2.01738089345e-06, 1.4980062133e-06, 1.00341230791e-06, 1.82535089266e-07, 3.15897352721e-08, 7.60959650847e-08, 2.16518181162e-08, 9.62285007233e-09, 9.86387416191e-10, 5.49856382648e-10, 2.12489567608e-10, 9.17390052813e-11, 6.9429691163e-11, 4.6175167856e-11, 3.71786386399e-11, 3.41439029827e-11, 2.96750471418e-11, 2.53663097471e-11, 2.36587902047e-11, 2.12074923595e-11, 2.036121792e-11], "dvar": [1.02674553304e-08, 2.46083402544e-07, 9.93060496057e-08, 3.06553680218e-08, 2.70334595598e-07, 1.89850720744e-06, 3.14955570957e-07, 4.66389138865e-07, 2.76523195453e-08, 1.1923927401e-09, 5.06698183411e-10, 5.11335596087e-09, 4.46163639367e-09, 1.11553366544e-09, 1.85425064192e-10, 5.75672010061e-10, 5.5348090694e-11, 1.22501203625e-10, 5.87939652519e-09, 1.87213494707e-10, 1.11947985604e-10, 6.4883466655e-11, 4.03035981325e-12, 1.21443816375e-13, 8.94405318037e-13, 4.2073691807e-14, 1.15162751975e-14, 4.19529066028e-17, 8.69888692042e-18, 3.79232609902e-19, 2.87272556598e-20, 1.84650009488e-20, 7.60960684771e-21, 3.26106141807e-21, 1.68400290712e-21, 6.67364208913e-22, 4.59699365026e-22, 3.63709204979e-22, 2.69465292675e-22, 2.22201947405e-22], "dvar2": [2.34100827612e-08, 4.80655899082e-07, 2.36134440001e-07, 5.65153932541e-08, 9.03128125174e-07, 6.70797271596e-06, 5.9337435232e-07, 7.91419722646e-07, 6.42060982159e-08, 3.01939562242e-09, 9.52928180808e-10, 5.98141314256e-09, 5.75039438289e-09, 1.55076673725e-09, 3.33843369615e-10, 7.77260034113e-10, 9.72041336311e-11, 2.05279668264e-10, 1.42222180699e-08, 2.38428748967e-10, 2.21045931559e-10, 1.33564478921e-10, 4.8411678312e-12, 1.1682779852e-13, 1.98042537231e-12, 7.20418868875e-14, 2.39521655954e-14, 1.10003176243e-16, 1.45979957692e-17, 7.62049031506e-19, 6.24499455116e-20, 4.43859203647e-20, 1.48828743035e-20, 6.08597852958e-21, 3.66474615573e-21, 2.16936476305e-21, 1.51744314376e-21, 1.19613537652e-21, 8.89268837799e-22, 7.35989352139e-22], "max": [0.00226584146731, 0.0139804976061, 0.00784318894148, 0.00499842595309, 0.00691939424723, 0.0220839548856, 0.0147442379966, 0.0296509359032, 0.00635337363929, 0.000566434580833, 0.000427731953096, 0.00221992167644, 0.00273279589601, 0.00135144137312, 0.000359638012014, 0.000519516528584, 0.000173457388883, 0.000269802723778, 0.00287885055877, 0.000599677383434, 0.000398278149078, 0.000312008080073, 8.95392586244e-05, 1.65637011378e-05, 3.44701802533e-05, 7.56199460739e-06, 3.83938731829e-06, 1.88071325624e-07, 8.05167985618e-08, 9.86756276689e-09, 2.93325541634e-09, 3.13714054734e-09, 2.46792541958e-09, 2.23407736755e-09, 1.38656452986e-09, 5.03882935377e-10, 3.37673111694e-10, 3.02291525145e-10, 2.66180993913e-10, 2.32519836718e-10], "mean": [0.000147312879562, 0.000838234787807, 0.000629350135569, 0.000337249803124, 0.00067933590617, 0.00142047612462, 0.000929775298573, 0.000466484663775, 0.000121008182759, 2.21652499022e-05, 2.85615515168e-05, 4.813214764e-05, 4.79268928757e-05, 3.01836098515e-05, 1.41479285958e-05, 2.15309537452e-05, 6.0379070419e-06, 9.67134928942e-06, 9.09027130547e-06, 6.34827983959e-06, 4.52981612398e-06, 2.29443730859e-06, 3.96308820427e-07, 8.47274463922e-08, 1.56017023301e-07, 3.27958353807e-08, 1.54063393154e-08, 1.11454379059e-09, 6.7838551443e-10, 3.16335957429e-10, 1.07410545735e-10, 8.28878424231e-11, 5.27140449347e-11, 4.59480960224e-11, 4.19620345415e-11, 3.75819618481e-11, 3.47596361416e-11, 3.35220254333e-11, 3.27204964512e-11, 3.26947566243e-11], "median": [3.37425371981e-05, 0.000234526101849, 0.00024880951969, 0.000131583408802, 0.000186955163372, 0.000415739108576, 0.000109147207695, 1.82325966307e-05, 7.44211456549e-06, 7.4179006333e-06, 7.24331448509e-06, 4.8997576414e-06, 2.59393414126e-06, 4.45987916464e-06, 1.98944053409e-06, 8.50942171837e-07, 6.1822203179e-07, 7.97170514488e-07, 2.14202358961e-07, 1.54445444878e-07, 1.06939417321e-07, 1.83575554757e-08, 2.16939066711e-09, 5.00888441834e-10, 4.70296135369e-10, 2.80958173393e-10, 2.14282591671e-10, 1.09817578642e-10, 6.62178922806e-11, 4.98024850526e-11, 3.96398816549e-11, 3.59905646952e-11, 3.41126085712e-11, 3.27417398749e-11, 3.17619125445e-11, 3.15199186196e-11, 3.05730128713e-11, 2.96257671173e-11, 2.9407112162e-11, 2.98563500312e-11], "min": [1.49571094327e-24, 5.79605787957e-25, 4.541996035e-24, 5.8202232529e-24, 1.04320946147e-23, 3.89510721575e-24, 4.66694371378e-24, 4.63425371229e-24, 7.01040018314e-24, 5.52471516894e-24, 4.80089702865e-24, 4.01842195246e-24, 6.7807533073e-24, 1.01366109855e-23, 1.51406657296e-23, 9.56533527284e-24, 7.3180756577e-24, 8.90364742301e-24, 1.45399307953e-23, 8.45509795686e-24, 1.23024822433e-23, 5.61103232919e-24, 1.5877269333e-23, 1.45978584293e-23, 1.23618156274e-23, 5.05562415925e-24, 7.16195061823e-24, 6.06608122034e-24, 4.88126381109e-24, 8.48309068608e-24, 9.12692266932e-24, 1.44201312228e-23, 1.35195407922e-23, 1.01778352786e-23, 8.89678669972e-24, 1.04356192453e-23, 1.19652023967e-23, 1.00553188692e-23, 1.09291826924e-23, 9.55310713995e-24], "var": [6.53550600305e-08, 2.45140950028e-06, 9.86380428003e-07, 3.82731798254e-07, 1.15033037673e-06, 5.30373836227e-06, 3.76896582566e-06, 4.3356221795e-06, 1.54540359176e-07, 2.09208672608e-09, 3.23199755847e-09, 3.91890537799e-08, 2.56478571714e-08, 6.28718144213e-09, 8.84997686246e-10, 3.69752695129e-09, 1.89906396164e-10, 7.46690709263e-10, 8.09357736387e-09, 7.90539078643e-10, 3.15173581678e-10, 1.63435959211e-10, 1.38673126801e-11, 7.13498054042e-13, 2.26636895015e-12, 8.45205388967e-14, 2.50887194863e-14, 3.94146466449e-17, 1.45978865814e-17, 8.65104982482e-19, 5.50382392021e-20, 3.38375839465e-20, 1.40884303331e-20, 7.31348426635e-21, 3.6432527884e-21, 6.17275555156e-22, 3.88777134576e-22, 3.00377154345e-22, 2.38465002853e-22, 1.94136169664e-22]}, "mfcc": {"mean": [-887.659545898, 230.082504272, 36.0766830444, -13.8516149521, 16.6678752899, 11.3989171982, -11.686882019, -13.2147674561, -5.7944483757, -6.94693088531, -9.12160015106, -1.78700530529, 4.93685102463], "cov": [[9457.21582031, 6614.77392578, -2220.78735352, -1924.08520508, 585.280700684, -319.436767578, -1146.54980469, -489.348815918, -98.6350860596, -360.225402832, -438.571533203, 89.1068344116, 447.552032471], [6614.77392578, 5179.52246094, -754.835388184, -1308.0333252, 240.474136353, -11.2458171844, -645.108093262, -405.636016846, -81.6265640259, -156.312484741, -228.130126953, 21.820558548, 214.039764404], [-2220.78735352, -754.835388184, 1839.26818848, 803.973205566, -310.751098633, 308.089294434, 565.979309082, 110.144882202, 2.76519155502, 255.632949829, 265.190673828, -88.1189346313, -261.648651123], [-1924.08520508, -1308.0333252, 803.973205566, 976.417236328, 79.8185424805, -40.9995727539, 335.15032959, 272.792358398, 47.1650314331, 126.040222168, 168.636260986, -29.521024704, -107.177246094], [585.280700684, 240.474136353, -310.751098633, 79.8185424805, 295.181243896, -47.0952072144, -140.930465698, 51.6755752563, 62.5053367615, -61.0865402222, -71.3101119995, 32.9903335571, 90.0311813354], [-319.436767578, -11.2458171844, 308.089294434, -40.9995727539, -47.0952072144, 232.431869507, 106.636497498, -61.6522331238, 13.8411846161, 32.8112831116, -6.89912509918, -2.62440919876, -25.2295761108], [-1146.54980469, -645.108093262, 565.979309082, 335.15032959, -140.930465698, 106.636497498, 298.192993164, 81.3887710571, -22.9338264465, 94.6987457275, 110.964935303, -27.5538921356, -97.834197998], [-489.348815918, -405.636016846, 110.144882202, 272.792358398, 51.6755752563, -61.6522331238, 81.3887710571, 138.726348877, 41.8101806641, 25.6005325317, 52.4320678711, 4.13100671768, -13.5888643265], [-98.6350860596, -81.6265640259, 2.76519155502, 47.1650314331, 62.5053367615, 13.8411846161, -22.9338264465, 41.8101806641, 88.767364502, 43.9357643127, 5.21205425262, 8.64725494385, 18.0544109344], [-360.225402832, -156.312484741, 255.632949829, 126.040222168, -61.0865402222, 32.8112831116, 94.6987457275, 25.6005325317, 43.9357643127, 138.439987183, 106.764335632, -27.0498828888, -54.8964729309], [-438.571533203, -228.130126953, 265.190673828, 168.636260986, -71.3101119995, -6.89912509918, 110.964935303, 52.4320678711, 5.21205425262, 106.764335632, 138.686569214, -1.00893390179, -61.4311599731], [89.1068344116, 21.820558548, -88.1189346313, -29.521024704, 32.9903335571, -2.62440919876, -27.5538921356, 4.13100671768, 8.64725494385, -27.0498828888, -1.00893390179, 74.2654876709, 64.5880508423], [447.552032471, 214.039764404, -261.648651123, -107.177246094, 90.0311813354, -25.2295761108, -97.834197998, -13.5888643265, 18.0544109344, -54.8964729309, -61.4311599731, 64.5880508423, 123.387275696]], "icov": [[-58.0330047607, 80.6063766479, -76.3210830688, 69.4854507446, -60.6054115295, 50.3469810486, -39.4890861511, 28.9046878815, -19.4447517395, 11.7166938782, -6.04408740997, 2.49788022041, -0.68549066782], [80.6063766479, -111.904792786, 105.801795959, -96.1017913818, 83.5609436035, -69.160736084, 54.0249519348, -39.3737602234, 26.3737697601, -15.8236017227, 8.12624263763, -3.34235644341, 0.909433484077], [-76.3210830688, 105.801795959, -99.5985717773, 89.8384857178, -77.3805923462, 63.3090248108, -48.8155593872, 35.0771789551, -23.1528129578, 13.6832952499, -6.91730594635, 2.7956764698, -0.736735999584], [69.4854507446, -96.1017913818, 89.8384857178, -80.1065979004, 67.9069366455, -54.449005127, 40.996006012, -28.6765670776, 18.3739433289, -10.5144996643, 5.12595653534, -1.98499703407, 0.482916265726], [-60.6054115295, 83.5609436035, -77.3805923462, 67.9069366455, -56.2390975952, 43.7136192322, -31.6418590546, 21.0692310333, -12.724565506, 6.76742172241, -3.00409436226, 1.02150666714, -0.180068954825], [50.3469810486, -69.160736084, 63.3090248108, -54.449005127, 43.7136192322, -32.4492378235, 22.0329627991, -13.3723230362, 7.04854822159, -3.01990747452, 0.891563653946, -0.0578014701605, -0.126948714256], [-39.4890861511, 54.0249519348, -48.8155593872, 40.996006012, -31.6418590546, 22.0329627991, -13.4579677582, 6.73652505875, -2.28553152084, -0.0715404897928, 0.832803547382, -0.725162386894, 0.373695909977], [28.9046878815, -39.3737602234, 35.0771789551, -28.6765670776, 21.0692310333, -13.3723230362, 6.73652505875, -1.78356468678, -1.08661627769, 2.17257332802, -1.96848797798, 1.22456741333, -0.526426970959], [-19.4447517395, 26.3737697601, -23.1528129578, 18.3739433289, -12.724565506, 7.04854822159, -2.28553152084, -1.08661627769, 2.8056614399, -3.08402991295, 2.37486290932, -1.373493433, 0.555847287178], [11.7166938782, -15.8236017227, 13.6832952499, -10.5144996643, 6.76742172241, -3.01990747452, -0.0715404897928, 2.17257332802, -3.08402991295, 3.00196480751, -2.19692111015, 1.24132168293, -0.496421188116], [-6.04408740997, 8.12624263763, -6.91730594635, 5.12595653534, -3.00409436226, 0.891563653946, 0.832803547382, -1.96848797798, 2.37486290932, -2.19692111015, 1.58708035946, -0.888455152512, 0.358784884214], [2.49788022041, -3.34235644341, 2.7956764698, -1.98499703407, 1.02150666714, -0.0578014701605, -0.725162386894, 1.22456741333, -1.373493433, 1.24132168293, -0.888455152512, 0.523901462555, -0.218835443258], [-0.68549066782, 0.909433484077, -0.736735999584, 0.482916265726, -0.180068954825, -0.126948714256, 0.373695909977, -0.526426970959, 0.555847287178, -0.496421188116, 0.358784884214, -0.218835443258, 0.108865194023]]}, "spectral_contrast_coeffs": {"dmean": [0.0310259666294, 0.0287826582789, 0.0197449307889, 0.0197885017842, 0.0141940647736, 0.0162112619728], "dmean2": [0.0527344234288, 0.0470147430897, 0.0309339351952, 0.0313519723713, 0.0223377998918, 0.0282640885562], "dvar": [0.000721492047887, 0.000933608505875, 0.000513754202984, 0.000692631700076, 0.000325062079355, 0.000328038702719], "dvar2": [0.00202240422368, 0.00250953994691, 0.00113266799599, 0.00152886344586, 0.00054382259259, 0.000968531589024], "max": [-0.331957489252, -0.315614759922, -0.495282590389, -0.484881997108, -0.50350600481, -0.759493887424], "mean": [-0.616842269897, -0.606328487396, -0.721962928772, -0.698704361916, -0.774443268776, -0.894798159599], "median": [-0.619599044323, -0.600109815598, -0.705197930336, -0.685300052166, -0.777320742607, -0.894254982471], "min": [-0.962438225746, -0.956193387508, -0.96196436882, -0.958190202713, -0.966529428959, -0.962894916534], "var": [0.00928311049938, 0.0185657441616, 0.00802003126591, 0.0103212660179, 0.013350459747, 0.000434859102825]}, "spectral_contrast_valleys": {"dmean": [0.3281455338, 0.251568824053, 0.236462041736, 0.263974308968, 0.209868550301, 0.35464528203], "dmean2": [0.556677520275, 0.405435979366, 0.369341343641, 0.421557307243, 0.335054367781, 0.619899511337], "dvar": [0.18893609941, 0.221932172775, 0.202903702855, 0.27127417922, 0.192458957434, 0.249542117119], "dvar2": [0.335202783346, 0.336971700191, 0.307021468878, 0.463953971863, 0.280648052692, 0.561947345734], "max": [-5.71954774857, -5.25037384033, -6.28844833374, -6.5906701088, -8.35217666626, -12.0538959503], "mean": [-8.51172828674, -8.25267505646, -9.37568473816, -10.9792575836, -12.5876150131, -14.2470798492], "median": [-8.25283908844, -7.74