{"lowlevel": {"average_loudness": 0.982521474361, "barkbands_crest": {"dmean": 3.2803709507, "dmean2": 5.03250598907, "dvar": 8.39545536041, "dvar2": 17.4604911804, "max": 26.6941356659, "mean": 14.2928180695, "median": 13.1051521301, "min": 2.47573399544, "var": 31.411655426}, "barkbands_flatness_db": {"dmean": 0.0537165291607, "dmean2": 0.0740125775337, "dvar": 0.00372899114154, "dvar2": 0.00704935984686, "max": 0.775189340115, "mean": 0.324782401323, "median": 0.308190435171, "min": 0.0237775240093, "var": 0.0206548124552}, "barkbands_kurtosis": {"dmean": 37.8458862305, "dmean2": 61.1095962524, "dvar": 19871.8261719, "dvar2": 52596.671875, "max": 2485.38769531, "mean": 43.8899459839, "median": 13.409570694, "min": -1.93254685402, "var": 17995.6113281}, "barkbands_skewness": {"dmean": 1.64233863354, "dmean2": 2.42038917542, "dvar": 6.33558320999, "dvar2": 15.1053829193, "max": 36.9751052856, "mean": 3.31879329681, "median": 2.54164767265, "min": -3.26349163055, "var": 12.5408210754}, "barkbands_spread": {"dmean": 4.61056089401, "dmean2": 7.68015527725, "dvar": 125.360733032, "dvar2": 329.536987305, "max": 109.51965332, "mean": 7.38973236084, "median": 2.77178645134, "min": 0.0223223008215, "var": 139.639282227}, "dissonance": {"dmean": 0.037177670747, "dmean2": 0.0618530660868, "dvar": 0.00158785842359, "dvar2": 0.0040372768417, "max": 0.500000119209, "mean": 0.434192538261, "median": 0.45162498951, "min": 0.105280973017, "var": 0.00339057738893}, "dynamic_complexity": 3.71955013275, "erbbands_crest": {"dmean": 3.38402628899, "dmean2": 5.4108300209, "dvar": 9.08686447144, "dvar2": 20.3542575836, "max": 30.1080303192, "mean": 12.0176706314, "median": 11.291062355, "min": 2.59846138954, "var": 24.4821777344}, "erbbands_flatness_db": {"dmean": 0.03526128456, "dmean2": 0.0505847148597, "dvar": 0.00199100002646, "dvar2": 0.00365637522191, "max": 0.618818998337, "mean": 0.232300207019, "median": 0.208362430334, "min": 0.0555244684219, "var": 0.00983733218163}, "erbbands_kurtosis": {"dmean": 6.1991019249, "dmean2": 9.80589771271, "dvar": 180.506256104, "dvar2": 424.551269531, "max": 320.429077148, "mean": 8.84645366669, "median": 3.02494525909, "min": -1.88327050209, "var": 371.367645264}, "erbbands_skewness": {"dmean": 0.836600601673, "dmean2": 1.26866495609, "dvar": 0.983670890331, "dvar2": 2.24445462227, "max": 15.980635643, "mean": 1.52327036858, "median": 1.33833789825, "min": -4.43628931046, "var": 3.06669139862}, "erbbands_spread": {"dmean": 12.1274051666, "dmean2": 18.9353485107, "dvar": 371.266479492, "dvar2": 876.755615234, "max": 171.638076782, "mean": 29.5233230591, "median": 22.504327774, "min": 0.579089105129, "var": 740.850341797}, "hfc": {"dmean": 5.23706674576, "dmean2": 8.5621137619, "dvar": 111.072944641, "dvar2": 290.267272949, "max": 111.305168152, "mean": 10.1580276489, "median": 6.15007734299, "min": 1.17015179678e-16, "var": 134.857513428}, "melbands_crest": {"dmean": 4.33742618561, "dmean2": 6.64666604996, "dvar": 13.3745441437, "dvar2": 30.2940292358, "max": 38.8541221619, "mean": 19.2579364777, "median": 17.38463974, "min": 2.10388970375, "var": 53.4467468262}, "melbands_flatness_db": {"dmean": 0.0630123391747, "dmean2": 0.0869716778398, "dvar": 0.00533418823034, "dvar2": 0.0103452596813, "max": 0.938713312149, "mean": 0.450152307749, "median": 0.436701655388, "min": 0.00631794659421, "var": 0.028076980263}, "melbands_kurtosis": {"dmean": 37.3400421143, "dmean2": 57.1568984985, "dvar": 9696.28222656, "dvar2": 22713.4179688, "max": 2637.84130859, "mean": 54.3657150269, "median": 19.5535049438, "min": -1.83090007305, "var": 13494.0810547}, "melbands_skewness": {"dmean": 1.62629556656, "dmean2": 2.39443683624, "dvar": 4.81183481216, "dvar2": 10.689666748, "max": 35.4721488953, "mean": 3.96131849289, "median": 3.0197198391, "min": -2.45143389702, "var": 12.6593914032}, "melbands_spread": {"dmean": 4.15265798569, "dmean2": 6.87943220139, "dvar": 106.156608582, "dvar2": 278.034332275, "max": 163.164352417, "mean": 6.61687994003, "median": 2.40285921097, "min": 0.0435502231121, "var": 131.545043945}, "pitch_salience": {"dmean": 0.102133847773, "dmean2": 0.143937170506, "dvar": 0.0083647435531, "dvar2": 0.0156702511013, "max": 0.98248821497, "mean": 0.467254132032, "median": 0.514453053474, "min": 0.0130370156839, "var": 0.038046091795}, "silence_rate_20dB": {"dmean": 0, "dmean2": 0, "dvar": 0, "dvar2": 0, "max": 1, "mean": 1, "median": 1, "min": 1, "var": 0}, "silence_rate_30dB": {"dmean": 0.0967216938734, "dmean2": 0.193465873599, "dvar": 0.0873661339283, "dvar2": 0.156505793333, "max": 1, "mean": 0.721376240253, "median": 1, "min": 0, "var": 0.200996756554}, "silence_rate_60dB": {"dmean": 0.0290630087256, "dmean2": 0.0580165088177, "dvar": 0.028214354068, "dvar2": 0.0606899857521, "max": 1, "mean": 0.0698593482375, "median": 0, "min": 0, "var": 0.0649816095829}, "spectral_centroid": {"dmean": 228.144973755, "dmean2": 368.485168457, "dvar": 225433.71875, "dvar2": 533991.3125, "max": 11227.1757812, "mean": 561.848083496, "median": 297.542388916, "min": 47.5311660767, "var": 376973.40625}, "spectral_complexity": {"dmean": 2.68797945976, "dmean2": 4.2342748642, "dvar": 25.311290741, "dvar2": 52.172454834, "max": 50, "mean": 7.11321640015, "median": 5, "min": 0, "var": 42.7258300781}, "spectral_decrease": {"dmean": 6.15066264587e-09, "dmean2": 9.43933375908e-09, "dvar": 7.35216260236e-17, "dvar2": 1.34809422841e-16, "max": 1.54045927899e-29, "mean": -1.59740984884e-08, "median": -7.82691422785e-09, "min": -6.13395414462e-08, "var": 2.72242027311e-16}, "spectral_energy": {"dmean": 0.0235023964196, "dmean2": 0.0361080765724, "dvar": 0.00107136298902, "dvar2": 0.00196509202942, "max": 0.234074622393, "mean": 0.0612113103271, "median": 0.0304662585258, "min": 1.05554781212e-20, "var": 0.00395221961662}, "spectral_energyband_high": {"dmean": 0.000249829899985, "dmean2": 0.000437519542174, "dvar": 5.6313206187e-07, "dvar2": 1.56371004323e-06, "max": 0.00713861174881, "mean": 0.000239610453718, "median": 1.45595704453e-05, "min": 7.7894855114e-21, "var": 4.36554529415e-07}, "spectral_energyband_low": {"dmean": 0.0215223357081, "dmean2": 0.0294341109693, "dvar": 0.000790980877355, "dvar2": 0.00130521936808, "max": 0.232708841562, "mean": 0.0495061725378, "median": 0.01789432019, "min": 7.61989084237e-23, "var": 0.00357463373803}, "spectral_energyband_middle_high": {"dmean": 0.00095463352045, "dmean2": 0.00160154397599, "dvar": 8.34822094475e-06, "dvar2": 2.23519455176e-05, "max": 0.033553738147, "mean": 0.00128446076997, "median": 0.000184726290172, "min": 1.43209319009e-21, "var": 9.96612652671e-06}, "spectral_energyband_middle_low": {"dmean": 0.00947266444564, "dmean2": 0.0149992173538, "dvar": 0.000359628116712, "dvar2": 0.000852549914271, "max": 0.159554094076, "mean": 0.0134975966066, "median": 0.00827968306839, "min": 3.41225432246e-22, "var": 0.000354105432052}, "spectral_entropy": {"dmean": 0.435796737671, "dmean2": 0.639863848686, "dvar": 0.305370807648, "dvar2": 0.613026082516, "max": 9.80407238007, "mean": 6.27048873901, "median": 6.37721157074, "min": 3.50958895683, "var": 1.20153868198}, "spectral_flux": {"dmean": 0.0470594875515, "dmean2": 0.0750813111663, "dvar": 0.00318467919715, "dvar2": 0.00581586360931, "max": 0.412623286247, "mean": 0.129788383842, "median": 0.0924618020654, "min": 1.02739858288e-10, "var": 0.0103867435828}, "spectral_kurtosis": {"dmean": 19.5914669037, "dmean2": 31.6066913605, "dvar": 2173.08056641, "dvar2": 5579.78369141, "max": 944.544128418, "mean": 39.8572807312, "median": 11.6054534912, "min": -1.1537052393, "var": 5946.06298828}, "spectral_rms": {"dmean": 0.0014738230966, "dmean2": 0.00214240164496, "dvar": 3.34505512001e-06, "dvar2": 5.13153736392e-06, "max": 0.0151117667556, "mean": 0.00661217607558, "median": 0.00545189669356, "min": 3.20905411619e-12, "var": 1.59975861607e-05}, "spectral_rolloff": {"dmean": 289.101226807, "dmean2": 521.788696289, "dvar": 949124.625, "dvar2": 2579333.5, "max": 18604.6875, "mean": 447.820251465, "median": 215.33203125, "min": 43.06640625, "var": 763251.625}, "spectral_skewness": {"dmean": 1.08445000648, "dmean2": 1.69892144203, "dvar": 3.05454754829, "dvar2": 7.06333827972, "max": 24.2273654938, "mean": 3.87623906136, "median": 2.71446299553, "min": -0.382475018501, "var": 11.7027206421}, "spectral_spread": {"dmean": 814299, "dmean2": 1251780.25, "dvar": 1625002737660.0, "dvar2": 2989162496000.0, "max": 39309668, "mean": 3326883.75, "median": 3162066.25, "min": 82220.3515625, "var": 3892215283710.0}, "spectral_strongpeak": {"dmean": 0.288225084543, "dmean2": 0.464952707291, "dvar": 0.15756765008, "dvar2": 0.363129496574, "max": 6.37007570267, "mean": 0.564621508121, "median": 0.410714805126, "min": 0, "var": 0.30260258913}, "zerocrossingrate": {"dmean": 0.00629123300314, "dmean2": 0.00793455634266, "dvar": 0.000113233414595, "dvar2": 0.000148652514326, "max": 0.50048828125, "mean": 0.0195789821446, "median": 0.01171875, "min": 0.00146484375, "var": 0.000413048866903}, "barkbands": {"dmean": [0.00172693026252, 0.0202124658972, 0.0113839320838, 0.00629901653156, 0.0037497645244, 0.0014854617184, 0.000124566751765, 0.000176803921931, 0.000134063142468, 0.000117492978461, 0.000243328191573, 0.000241745990934, 0.000123739053379, 8.77623897395e-05, 5.29884455318e-05, 7.81635317253e-05, 8.71196752996e-05, 8.46349648782e-05, 7.19037561794e-05, 6.93179536029e-05, 5.51742705284e-05, 4.91782884637e-05, 4.61639647256e-05, 3.10964933306e-05, 1.99236037588e-05, 1.23558274936e-05, 3.1389661217e-06], "dmean2": [0.00265850336291, 0.0298756305128, 0.0180116035044, 0.0107429362833, 0.00647066440433, 0.002590325661, 0.000202997165616, 0.000315387063893, 0.000239722416154, 0.000209369987715, 0.000407347659348, 0.000405447295634, 0.000209100020584, 0.000138191273436, 8.56668120832e-05, 0.000136685805046, 0.000149697691086, 0.000149443003465, 0.000123212608742, 0.000122511570225, 9.45130013861e-05, 8.74602119438e-05, 8.47090705065e-05, 5.50373079022e-05, 3.51973430952e-05, 2.21013615374e-05, 5.64751326237e-06], "dvar": [5.97697317062e-06, 0.000806934898719, 0.000558752799407, 0.000210420184885, 6.28228663118e-05, 1.09235625132e-05, 7.57031841658e-08, 1.74468482328e-07, 1.23919249972e-07, 1.55169544769e-07, 5.9185219925e-07, 8.22833499114e-07, 2.52405158108e-07, 1.44729682461e-07, 2.50479672559e-08, 9.08010662215e-08, 1.11311571516e-07, 1.04120914557e-07, 6.77290117324e-08, 6.11106614201e-08, 2.54737901884e-08, 2.6959098065e-08, 2.58568864098e-08, 1.1478717532e-08, 3.37086025759e-09, 1.42334199982e-09, 1.31053626284e-10], "dvar2": [1.35247955768e-05, 0.00174054841045, 0.00120414735284, 0.000543099478818, 0.000177960086148, 3.09341412503e-05, 1.76976925559e-07, 4.81040046907e-07, 3.40037729529e-07, 4.3358730295e-07, 1.44598891438e-06, 2.02219644052e-06, 6.09592063938e-07, 3.67422046565e-07, 5.88154627224e-08, 2.47626019245e-07, 2.9424657555e-07, 2.93705625154e-07, 1.8465618723e-07, 1.73505597445e-07, 6.84069334511e-08, 7.59801750405e-08, 7.37927408068e-08, 2.94954549673e-08, 9.17296016922e-09, 4.01572597397e-09, 3.75653980145e-10], "max": [0.0179363433272, 0.22836047411, 0.150345623493, 0.104601748288, 0.066196590662, 0.0265377052128, 0.00989965442568, 0.00463092979044, 0.0053748562932, 0.00541903357953, 0.0154470801353, 0.0185782052577, 0.0139401052147, 0.0102401897311, 0.00350047484972, 0.00608034338802, 0.00548867182806, 0.00536150345579, 0.00294261495583, 0.00275549292564, 0.00217938842252, 0.00188473192975, 0.00141998869367, 0.00268853874877, 0.000484788615722, 0.000351770315319, 0.000116541385069], "mean": [0.00188745174091, 0.0325086116791, 0.0118102924898, 0.00593050615862, 0.00539892399684, 0.00170406105462, 0.000158350623678, 0.000153148095706, 0.000118880358059, 9.89052932709e-05, 0.000330071867211, 0.000257676816545, 0.000111542263767, 0.000102655612864, 5.93973345531e-05, 7.0471149229e-05, 9.04012849787e-05, 8.6315558292e-05, 6.98425938026e-05, 6.74810871715e-05, 6.03454609518e-05, 4.20378346462e-05, 3.23525709973e-05, 2.83137014776e-05, 1.91697690752e-05, 1.15449647637e-05, 2.67870541393e-06], "median": [0.000653280760162, 0.00945681892335, 0.00206273491494, 0.00160408217926, 0.00391386589035, 0.000830368429888, 5.51448574697e-05, 2.35325787799e-05, 1.43441702676e-05, 1.20765153042e-05, 1.99802070711e-05, 1.21983603094e-05, 6.99971678841e-06, 7.72435669205e-06, 6.39661539026e-06, 5.63421826882e-06, 5.04157151227e-06, 2.94150299851e-06, 2.69417887466e-06, 2.41341422225e-06, 3.77198466595e-06, 1.31314891405e-06, 3.85837523709e-07, 2.59362167299e-07, 8.05179183772e-07, 6.44813155759e-07, 2.02587671083e-07], "min": [3.62186646634e-23, 2.6052096685e-23, 1.29571389759e-23, 5.17441193876e-23, 7.2060594602e-23, 3.99371025351e-23, 1.86435994238e-23, 5.17683973708e-23, 9.20776497711e-23, 3.54799690008e-23, 9.14911285327e-23, 1.23281768629e-22, 1.5068696056e-22, 8.48828407296e-23, 9.81004450103e-23, 1.35186361265e-22, 2.22286235615e-22, 1.12436155495e-22, 1.91529445067e-22, 3.67429296303e-22, 6.24606180802e-22, 3.91949264183e-22, 4.53034260305e-22, 1.10248897902e-21, 1.30231095517e-21, 1.33154136928e-21, 2.58917265642e-21], "var": [7.64759624872e-06, 0.00210382114165, 0.000637099146843, 0.000161931457114, 4.74446569569e-05, 8.57660870679e-06, 1.24880614294e-07, 1.36821000751e-07, 1.02623815224e-07, 1.0863155353e-07, 1.37310223636e-06, 1.31570641315e-06, 2.51949671792e-07, 1.88932972378e-07, 3.20313553459e-08, 7.10302359153e-08, 1.21817762988e-07, 9.6973550967e-08, 5.79117021005e-08, 4.991392899e-08, 2.57346552957e-08, 1.75699490512e-08, 1.63009001852e-08, 1.64300004712e-08, 2.79622147659e-09, 1.00931818459e-09, 7.98341670549e-11]}, "erbbands": {"dmean": [0.837299287319, 4.58759593964, 11.8881006241, 14.7801761627, 16.1483078003, 11.3116416931, 13.5397415161, 11.2070407867, 3.23191261292, 2.5114338398, 3.70323324203, 3.06720209122, 3.50924301147, 5.624958992, 10.1689405441, 9.34841060638, 6.13529872894, 4.57123088837, 2.9369866848, 4.26062726974, 3.08816242218, 4.62745952606, 4.37590456009, 3.91981053352, 3.15603590012, 3.25832462311, 2.63227915764, 2.07124853134, 1.50090396404, 1.92073976994, 1.20798182487, 0.713293969631, 0.503703534603, 0.24165943265, 0.149916037917, 0.0593679435551, 0.0228432957083, 0.00545595958829, 0.000457882706542, 4.41986085207e-05], "dmean2": [1.27491247654, 6.19775056839, 17.5458164215, 21.6690444946, 27.6181411743, 19.7343978882, 23.7420406342, 19.4748744965, 5.41497468948, 4.19324493408, 6.68446826935, 5.48733758926, 6.30834531784, 9.44709873199, 16.9399280548, 15.6246461868, 10.1396064758, 7.11921453476, 4.77292060852, 7.40738201141, 5.26901769638, 7.91345500946, 7.61251211166, 6.69258260727, 5.52318286896, 5.74413919449, 4.55338382721, 3.57305598259, 2.63580608368, 3.51540613174, 2.18741416931, 1.25963890553, 0.903174996376, 0.422694534063, 0.267295926809, 0.105537459254, 0.0410474948585, 0.00986877176911, 0.000811215024441, 7.28492959752e-05], "dvar": [1.3096228838, 44.0751914978, 533.339904785, 821.822937012, 1180.27099609, 556.791687012, 1023.09533691, 603.469116211, 38.6097259521, 30.6696815491, 87.7669754028, 65.7386856079, 135.381774902, 308.802276611, 1119.1529541, 1299.6328125, 536.726623535, 283.494354248, 92.7883148193, 236.184356689, 121.291664124, 312.24395752, 273.812164307, 210.508285522, 110.867286682, 138.648406982, 62.0391197205, 39.6578941345, 20.2880783081, 49.9964561462, 16.5063781738, 6.399995327, 2.99105119705, 0.586088240147, 0.181483641267, 0.0302685443312, 0.00572064938024, 0.000419496122049, 2.36170944845e-06, 7.17819759188e-09], "dvar2": [2.85925340652, 90.8867950439, 1123.20007324, 1530.84667969, 3228.92675781, 1600.2442627, 2979.06958008, 1648.20166016, 95.9694900513, 73.0602645874, 244.575256348, 182.326934814, 384.584594727, 781.010192871, 2728.171875, 3131.20410156, 1283.98657227, 678.586975098, 236.574783325, 631.969848633, 316.850402832, 834.042907715, 754.897338867, 576.551818848, 307.345916748, 392.373901367, 170.491714478, 108.54385376, 55.933391571, 143.66456604, 46.5611457825, 16.0412998199, 8.03585910797, 1.58992445469, 0.505346477032, 0.0848611965775, 0.0162619743496, 0.00120547716506, 6.72441274219e-06, 1.8797569723e-08], "max": [7.68517017365, 53.5433578491, 156.758880615, 203.481140137, 281.28012085, 231.755737305, 361.306549072, 264.271148682, 153.709686279, 146.8565979, 87.8103790283, 135.596664429, 151.854675293, 348.482269287, 729.93347168, 771.077819824, 605.872070312, 451.243713379, 203.554641724, 331.390899658, 244.064208984, 232.050201416, 255.983230591, 191.62878418, 118.410713196, 131.199508667, 85.9630203247, 84.4325866699, 48.9273719788, 79.5075302124, 35.5720329285, 83.0232315063, 36.2499160767, 7.40020990372, 3.65939259529, 2.39132070541, 0.742548823357, 0.215016156435, 0.0153746223077, 0.000864932488184], "mean": [1.10763263702, 6.58209609985, 13.6098890305, 18.170791626, 18.7249488831, 16.5525665283, 17.8455562592, 12.0172147751, 3.73934102058, 3.00529694557, 3.05292916298, 2.72482299805, 3.00420331955, 5.56546926498, 14.2178564072, 10.7988929749, 6.18770027161, 5.69795942307, 3.29706835747, 4.20197820663, 3.07985115051, 4.94831895828, 4.50663661957, 4.52410936356, 3.17885017395, 3.1326816082, 2.87656497955, 2.08584570885, 1.43396377563, 1.32897520065, 0.875249445438, 0.676523506641, 0.419923812151, 0.212707176805, 0.145260483027, 0.0564310848713, 0.0210515838116, 0.0045470087789, 0.00044285756303, 8.81732121343e-05], "median": [0.299499839544, 1.95183897018, 3.27003645897, 4.79636621475, 10.2602748871, 11.9124794006, 10.9183855057, 5.21309041977, 1.39526712894, 0.624524652958, 0.492051929235, 0.370077431202, 0.476809173822, 0.600867092609, 0.933310210705, 0.61963313818, 0.489681005478, 0.531525492668, 0.396911710501, 0.453798145056, 0.368158489466, 0.286510884762, 0.179317891598, 0.182904645801, 0.106910936534, 0.125391960144, 0.174621507525, 0.125741973519, 0.0564541891217, 0.0195524152368, 0.0109565602615, 0.00484295981005, 0.00538300257176, 0.00673941196874, 0.00624373694882, 0.00284483260475, 0.00112511124462, 0.000270642602118, 7.87937169662e-05, 4.85112323076e-05], "min": [1.52867662402e-21, 3.41785899618e-21, 1.65698203055e-20, 8.04694935447e-20, 2.91854083828e-19, 1.91738527285e-19, 9.03033785582e-20, 4.81665616328e-19, 3.17244987267e-19, 3.82673862196e-19, 1.92478683327e-18, 1.98848863263e-18, 1.1755872254e-18, 1.73579860398e-18, 3.55386280142e-18, 5.98520635642e-18, 7.29627480602e-18, 5.38548386871e-18, 4.43006999528e-18, 4.95821034074e-18, 9.55513300533e-18, 1.23805032179e-17, 6.94242100204e-18, 7.48163191922e-18, 1.31286657481e-17, 1.7997562503e-17, 2.11018836608e-17, 2.47468169797e-17, 1.32693807509e-17, 1.30471537162e-17, 1.4837846714e-17, 2.42755821109e-17, 1.47943734097e-17, 1.43365918064e-17, 9.58706383134e-18, 4.02256194805e-18, 2.74167587144e-18, 1.43187011305e-18, 3.8355002741e-19, 3.50643735742e-20], "var": [2.56298017502, 105.475158691, 727.072021484, 1106.8717041, 899.619812012, 428.184417725, 737.851257324, 512.676086426, 48.3166046143, 47.761756897, 62.4175796509, 53.3648948669, 91.8485794067, 311.5362854, 2620.75170898, 2330.73706055, 662.14050293, 436.230712891, 95.6610870361, 202.044189453, 104.35861969, 340.257232666, 257.313873291, 231.998977661, 96.2185134888, 110.530792236, 61.2855415344, 33.4139289856, 15.35110569, 29.0338973999, 11.1732311249, 10.7981023788, 3.01833772659, 0.464277893305, 0.155510351062, 0.0239073652774, 0.00384083832614, 0.000248950498644, 1.53590258378e-06, 8.66027694002e-09]}, "gfcc": {"mean": [-128.918930054, 147.205093384, -53.3270225525, 36.3333625793, -20.4510154724, 2.44948840141, -18.6550006866, -9.13051605225, -24.5359420776, 2.14506936073, -11.7841968536, 4.03961181641, 1.15936207771], "cov": [[16688.8886719, -4359.83740234, -1388.13708496, 1287.64208984, -940.678710938, 1137.94128418, -1127.19628906, 621.417724609, -1104.09741211, 252.00944519, -515.477416992, 393.854003906, -460.376098633], [-4359.83740234, 3532.06762695, 1109.18103027, -734.071899414, 566.002380371, -613.189025879, 353.606445312, -483.446655273, 260.896789551, -326.094299316, 224.680389404, -303.408721924, 321.244476318], [-1388.13708496, 1109.18103027, 2099.41333008, 108.406776428, 205.831130981, -150.401947021, -71.2165527344, -168.1431427, 4.44728374481, -91.088973999, 72.2133865356, -106.70098114, 162.045608521], [1287.64208984, -734.071899414, 108.406776428, 706.258911133, 31.7380580902, 147.74647522, 16.7241153717, 146.364730835, 1.33089017868, -11.420797348, 49.8413352966, 28.7712345123, -77.06690979], [-940.678710938, 566.002380371, 205.831130981, 31.7380580902, 577.242004395, 100.620864868, 261.903289795, 8.94395160675, 133.282821655, -6.52847862244, 30.9585170746, -47.4692268372, 78.4721450806], [1137.94128418, -613.189025879, -150.401947021, 147.74647522, 100.620864868, 569.789428711, 19.802728653, 137.520904541, 3.55842638016, 45.3602218628, -0.961107432842, -23.4713306427, -41.0667152405], [-1127.19628906, 353.606445312, -71.2165527344, 16.7241153717, 261.903289795, 19.802728653, 431.417999268, 53.4632720947, 204.767700195, 29.3324222565, 63.6431350708, -30.1313056946, 16.3951797485], [621.417724609, -483.446655273, -168.1431427, 146.364730835, 8.94395160675, 137.520904541, 53.4632720947, 319.01864624, 61.4576034546, 37.2231445312, 38.9691314697, -5.4061088562, -83.7448196411], [-1104.09741211, 260.896789551, 4.44728374481, 1.33089017868, 133.282821655, 3.55842638016, 204.767700195, 61.4576034546, 312.489074707, 13.9007663727, 72.0393753052, -75.7937545776, 12.3796367645], [252.00944519, -326.094299316, -91.088973999, -11.420797348, -6.52847862244, 45.3602218628, 29.3324222565, 37.2231445312, 13.9007663727, 199.471008301, -66.938079834, 92.8779678345, -7.99251270294], [-515.477416992, 224.680389404, 72.2133865356, 49.8413352966, 30.9585170746, -0.961107432842, 63.6431350708, 38.9691314697, 72.0393753052, -66.938079834, 216.562286377, -38.604675293, -1.78601431847], [393.854003906, -303.408721924, -106.70098114, 28.7712345123, -47.4692268372, -23.4713306427, -30.1313056946, -5.4061088562, -75.7937545776, 92.8779678345, -38.604675293, 183.439453125, 22.5919132233], [-460.376098633, 321.244476318, 162.045608521, -77.06690979, 78.4721450806, -41.0667152405, 16.3951797485, -83.7448196411, 12.3796367645, -7.99251270294, -1.78601431847, 22.5919132233, 140.952575684]], "icov": [[0.000173815016751, -0.000180358343641, 0.000130488784635, -0.000409519270761, 0.000211280348594, -0.000349369016476, 0.000313037540764, -0.000332228111802, 0.000430017273175, -0.000220918489504, 0.000353913404979, -0.000131387263536, 0.00012687506387], [-0.000180358343641, 0.00205393857323, -0.000660197343677, 0.00191849260591, -0.00141362519935, 0.00166061811615, -0.00120259146206, 0.00157343316823, -0.000566469097976, 0.00158303545322, -0.00155155465472, 0.00158704677597, -0.00125123781618], [0.000130488784635, -0.000660197343677, 0.000892211741302, -0.00100491649937, 0.000230229517911, -0.000395012728404, 0.000802757684141, -0.00041568785673, 0.000482945644762, -0.000854636600707, 0.000337744655553, 0.000178697824595, -0.000343171966961], [-0.000409519270761, 0.00191849260591, -0.00100491649937, 0.00402802787721, -0.00155912304763, 0.00143862119876, -0.00149673025589, 0.00120595062617, -0.00125113746617, 0.00234968168661, -0.00190937134903, 0.000298434664728, -3.50117852577e-06], [0.000211280348594, -0.00141362519935, 0.000230229517911, -0.00155912304763, 0.00398318003863, -0.00185410492122, -0.000842828769237, -0.00125221523922, 0.000576657243073, -0.000855196849443, 0.00155669054948, -0.000725831079762, -0.000572046788875], [-0.000349369016476, 0.00166061811615, -0.000395012728404, 0.00143862119876, -0.00185410492122, 0.00389879150316, -0.000901748950128, 0.000799142115284, -0.000462591473479, 0.000433731096564, -0.00165699992795, 0.00233243941329, -0.00126688892487], [0.000313037540764, -0.00120259146206, 0.000802757684141, -0.00149673025589, -0.000842828769237, -0.000901748950128, 0.0055404342711, -0.00119272922166, -0.00127512926701, -0.00167482846882, 0.000486884819111, -0.00112740974873, 0.0010793277761], [-0.000332228111802, 0.00157343316823, -0.00041568785673, 0.00120595062617, -0.00125221523922, 0.000799142115284, -0.00119272922166, 0.00613004947081, -0.00171580864117, 0.000648099230602, -0.00217149429955, 0.00100898800883, 0.00117512908764], [0.000430017273175, -0.000566469097976, 0.000482945644762, -0.00125113746617, 0.000576657243073, -0.000462591473479, -0.00127512926701, -0.00171580864117, 0.0070172464475, -0.00259880907834, -0.000323219923303, 0.002726592822, -0.00107544509228], [-0.000220918489504, 0.00158303545322, -0.000854636600707, 0.00234968168661, -0.000855196849443, 0.000433731096564, -0.00167482846882, 0.000648099230602, -0.00259880907834, 0.0102695096284, 0.00136036123149, -0.00425955280662, 0.000630662660114], [0.000353913404979, -0.00155155465472, 0.000337744655553, -0.00190937134903, 0.00155669054948, -0.00165699992795, 0.000486884819111, -0.00217149429955, -0.000323219923303, 0.00136036123149, 0.00759828928858, -0.00198003812693, 0.00108278600965], [-0.000131387263536, 0.00158704677597, 0.000178697824595, 0.000298434664728, -0.000725831079762, 0.00233243941329, -0.00112740974873, 0.00100898800883, 0.002726592822, -0.00425955280662, -0.00198003812693, 0.011812902987, -0.00467364117503], [0.00012687506387, -0.00125123781618, -0.000343171966961, -3.50117852577e-06, -0.000572046788875, -0.00126688892487, 0.0010793277761, 0.00117512908764, -0.00107544509228, 0.000630662660114, 0.00108278600965, -0.00467364117503, 0.0121683180332]]}, "melbands": {"dmean": [0.00602702749893, 0.00505467690527, 0.00245031318627, 0.000904518936295, 0.0004743472673, 0.000249418255407, 4.50919578725e-05, 3.00838401017e-05, 2.89201234409e-05, 1.93233099708e-05, 1.75112745637e-05, 2.1814239517e-05, 3.43135907315e-05, 2.56116727542e-05, 2.32970633078e-05, 1.05052367871e-05, 8.93664582691e-06, 5.27703696207e-06, 4.68679081678e-06, 6.90713386575e-06, 3.07082495965e-06, 4.86927092425e-06, 5.22494246979e-06, 3.82239022656e-06, 3.30038369611e-06, 2.40429585574e-06, 2.13789280679e-06, 2.32986690207e-06, 1.88927799627e-06, 1.41670454923e-06, 1.14857914468e-06, 7.70433132402e-07, 1.16141609396e-06, 1.0109924915e-06, 7.02459260538e-07, 5.55117821932e-07, 4.02279226819e-07, 3.7677864384e-07, 2.65319386017e-07, 1.85459896329e-07], "dmean2": [0.00952492374927, 0.00638918532059, 0.00354231358506, 0.00154362223111, 0.000827623356599, 0.00043278731755, 7.54579305067e-05, 5.12185470143e-05, 5.21397778357e-05, 3.45469015883e-05, 3.15472898365e-05, 3.68031833204e-05, 5.77064165554e-05, 4.29571155109e-05, 3.93357477151e-05, 1.72428299265e-05, 1.39687208502e-05, 8.76047943166e-06, 7.69242342358e-06, 1.21792363643e-05, 5.23595508639e-06, 8.34579714137e-06, 8.87486112333e-06, 6.70868530506e-06, 5.61358592677e-06, 4.16001557824e-06, 3.79211201107e-06, 4.11314522353e-06, 3.34356900566e-06, 2.42006785811e-06, 1.99552277991e-06, 1.34123433781e-06, 2.08948904401e-06, 1.8785873408e-06, 1.27749513013e-06, 1.00407385162e-06, 7.03131206592e-07, 6.78782896557e-07, 4.70927204788e-07, 3.22398960861e-07], "dvar": [7.75649677962e-05, 6.48276327411e-05, 2.17008655454e-05, 3.44667273566e-06, 1.20666641124e-06, 2.96110727049e-07, 7.65100960365e-09, 4.21350820901e-09, 5.49144241191e-09, 2.65205324368e-09, 3.53978912848e-09, 4.7589652219e-09, 1.17473888395e-08, 6.46932596382e-09, 1.16243317194e-08, 1.43356004845e-09, 1.4169202478e-09, 4.39328184942e-10, 2.21737489481e-10, 7.44000194786e-10, 1.14567584586e-10, 3.47657402866e-10, 4.97105190345e-10, 1.96438476596e-10, 1.52094656314e-10, 6.41507194588e-11, 4.82284455428e-11, 7.4841896569e-11, 3.62123282749e-11, 1.87333898394e-11, 1.16893517435e-11, 4.46799151496e-12, 1.88664518036e-11, 1.39583466313e-11, 5.57033499188e-12, 3.48118235627e-12, 2.38535623545e-12, 1.79225753162e-12, 7.93727009032e-13, 3.38939244509e-13], "dvar2": [0.000164243814652, 0.000118917356303, 4.18514173361e-05, 9.50928097154e-06, 3.5236939766e-06, 8.17891987026e-07, 1.86182624873e-08, 1.0660931693e-08, 1.51836374584e-08, 7.36237071308e-09, 1.0050779764e-08, 1.20403562676e-08, 2.8770637428e-08, 1.6434917427e-08, 3.05225071884e-08, 3.46982731436e-09, 3.4361222756e-09, 1.16582432597e-09, 5.32055566271e-10, 2.04164640749e-09, 2.94748725427e-10, 9.10399200471e-10, 1.1974942149e-09, 5.54300383371e-10, 4.13045958547e-10, 1.74571065936e-10, 1.35555108804e-10, 2.10956849211e-10, 1.01916843021e-10, 4.97323883464e-11, 3.18078723083e-11, 1.1969421114e-11, 5.41680797439e-11, 4.02589975246e-11, 1.5755823729e-11, 9.33830963945e-12, 6.03452010584e-12, 4.77569849985e-12, 2.18053179679e-12, 9.17931746239e-13], "max": [0.0621557459235, 0.0682471692562, 0.0389257222414, 0.0158810969442, 0.0133689334616, 0.00544834975153, 0.00230553117581, 0.00130161177367, 0.000674392911606, 0.000741179450415, 0.000793847662862, 0.00128684157971, 0.00223373691551, 0.00140235573053, 0.00269290152937, 0.000824118964374, 0.00103395502083, 0.000524380942807, 0.000357123353751, 0.000595941848587, 0.00022985607211, 0.000333846954163, 0.000612548261415, 0.000249314238317, 0.000176426401595, 8.65254696691e-05, 8.08600307209e-05, 9.35418429435e-05, 6.52986054774e-05, 7.17286093277e-05, 4.59076327388e-05, 2.2793903554e-05, 4.91162063554e-05, 4.03639496653e-05, 2.29764100368e-05, 3.71927817469e-05, 5.55704609724e-05, 3.51062044501e-05, 1.2689200048e-05, 5.42149564353e-06], "mean": [0.0094171622768, 0.00779686169699, 0.00323928706348, 0.0012565322686, 0.000660527846776, 0.000273845216725, 5.20978974237e-05, 3.3280794014e-05, 2.36367995967e-05, 1.70832445292e-05, 1.45617950693e-05, 1.94869917323e-05, 4.65079137939e-05, 2.93860903184e-05, 2.46466879616e-05, 9.87094881566e-06, 1.09950442493e-05, 5.18480146638e-06, 5.03376531924e-06, 6.2005374275e-06, 2.94183519145e-06, 4.81039114675e-06, 5.26640224052e-06, 3.93200252802e-06, 3.69192844119e-06, 2.26265819947e-06, 2.06991103369e-06, 2.1923190161e-06, 1.86272802694e-06, 1.55194425133e-06, 1.10204246084e-06, 7.73677300003e-07, 8.69637858614e-07, 6.65861080051e-07, 4.92372180361e-07, 4.58233387235e-07, 3.95553229282e-07, 3.11178240509e-07, 2.13721406794e-07, 1.64971652339e-07], "median": [0.00268577551469, 0.00225577736273, 0.001146633178, 0.000870513147675, 0.000424930709414, 0.0001259992423, 1.76615321834e-05, 5.85762745686e-06, 3.2172979445e-06, 2.1065020519e-06, 1.99819146474e-06, 1.75539844349e-06, 2.80585163637e-06, 1.80512790848e-06, 8.73141630109e-07, 8.44174508075e-07, 8.18617365894e-07, 4.44751918849e-07, 5.41370582141e-07, 4.36749388655e-07, 3.38134782396e-07, 2.95921296356e-07, 1.60933367965e-07, 1.30813717192e-07, 1.4107368429e-07, 8.32970386e-08, 5.91479398793e-08, 7.30720870479e-08, 9.98177398515e-08, 8.68878586857e-08, 5.99171841031e-08, 3.2569545283e-08, 1.36184912236e-08, 7.47888595498e-09, 6.14083628392e-09, 3.55603058111e-09, 2.16182605151e-09, 2.89341750559e-09, 3.63108187962e-09, 5.13906117661e-09], "min": [1.24384984294e-23, 6.56692467033e-24, 2.19999580286e-23, 1.91472382024e-23, 3.77601959021e-24, 9.84269245623e-24, 4.76237063976e-24, 5.56335791482e-24, 1.82475344514e-23, 1.08070693908e-23, 5.51957219027e-24, 6.06861583043e-24, 1.25967565488e-23, 8.99409190352e-24, 2.02579874891e-23, 1.45319538339e-23, 9.23581702868e-24, 6.43782048344e-24, 6.90209510288e-24, 6.5801057472e-24, 1.27719254794e-23, 1.38059951195e-23, 7.61996010435e-24, 5.99374504192e-24, 5.9143059599e-24, 7.45445471986e-24, 1.2106775319e-23, 1.15928687269e-23, 1.29184911024e-23, 1.36805331034e-23, 1.36989861377e-23, 6.73792368217e-24, 8.87123470614e-24, 6.75606511641e-24, 7.98909021001e-24, 1.15796695062e-23, 1.53058831799e-23, 1.04879270342e-23, 9.28978221434e-24, 1.34199297479e-23], "var": [0.000174066066393, 0.00015762046678, 2.97562110063e-05, 2.72165357273e-06, 8.89323757747e-07, 2.47004066978e-07, 1.04814228408e-08, 5.57543700097e-09, 4.15346956828e-09, 2.13208783961e-09, 2.37628206001e-09, 4.45171899344e-09, 2.75056795118e-08, 9.0054648183e-09, 1.81720736236e-08, 1.36218736291e-09, 2.14141038235e-09, 3.70621755508e-10, 2.62537491746e-10, 5.89845838839e-10, 9.93132381888e-11, 3.28315236109e-10, 6.28941065894e-10, 2.02727473697e-10, 1.67799552031e-10, 5.29714848374e-11, 4.28106265715e-11, 6.03136221522e-11, 3.02072707126e-11, 1.96909155648e-11, 9.75346105964e-12, 3.91152258153e-12, 1.11318272308e-11, 7.97297210892e-12, 3.55158762642e-12, 3.8621319684e-12, 4.23705211541e-12, 1.86562896208e-12, 6.31106495189e-13, 2.58826570202e-13]}, "mfcc": {"mean": [-788.570800781, 173.531311035, 40.6059303284, 47.3588066101, 20.8919754028, 22.9766044617, 13.6137504578, 0.733148753643, 3.10682272911, -7.92844867706, -4.8676276207, -0.494494348764, 0.367167830467], "cov": [[12866.7246094, -2374.72265625, -2129.64160156, 448.686798096, -401.76864624, 114.086647034, 77.6195068359, 45.7794265747, -92.5447845459, -334.466522217, -79.1840286255, 33.2662582397, -15.2519159317], [-2374.72265625, 2866.63427734, 749.093139648, -58.5691299438, 175.593719482, 0.413060694933, 16.7312316895, -184.824737549, 45.3247261047, -124.776550293, -109.316902161, -100.059707642, -141.901977539], [-2129.64160156, 749.093139648, 1697.63232422, 233.759613037, 240.793060303, 29.1379871368, -46.1731376648, -51.0779724121, -154.701309204, 22.0054683685, -104.330345154, -90.1808929443, -35.6848602295], [448.686798096, -58.5691299438, 233.759613037, 654.228942871, 56.6422653198, 12.8177700043, 36.5654945374, 30.6496353149, 1.89278423786, -61.7762794495, 24.8949069977, -12.3550634384, 76.3683853149], [-401.76864624, 175.593719482, 240.793060303, 56.6422653198, 373.934906006, 106.926643372, 97.5190658569, 81.3896713257, 47.8145256042, 57.3331718445, 7.6580991745, 31.5261383057, -34.8481903076], [114.086647034, 0.413060694933, 29.1379871368, 12.8177700043, 106.926643372, 391.041412354, 99.1113586426, 27.8984718323, 129.958358765, -24.3362293243, 28.3251743317, 20.9310817719, 6.03272867203], [77.6195068359, 16.7312316895, -46.1731376648, 36.5654945374, 97.5190658569, 99.1113586426, 236.876327515, 125.836769104, 27.1272182465, 69.0532226562, 47.7647399902, 36.0126953125, 12.8701553345], [45.7794265747, -184.824737549, -51.0779724121, 30.6496353149, 81.3896713257, 27.8984718323, 125.836769104, 230.970474243, 30.626285553, 144.659225464, 69.0111465454, 57.0803451538, 42.3761291504], [-92.5447845459, 45.3247261047, -154.701309204, 1.89278423786, 47.8145256042, 129.958358765, 27.1272182465, 30.626285553, 284.54989624, 27.7436771393, 86.2976150513, 41.4598503113, 12.2958078384], [-334.466522217, -124.776550293, 22.0054683685, -61.7762794495, 57.3331718445, -24.3362293243, 69.0532226562, 144.659225464, 27.7436771393, 287.194793701, 94.4085998535, 64.6285247803, 29.852268219], [-79.1840286255, -109.316902161, -104.330345154, 24.8949069977, 7.6580991745, 28.3251743317, 47.7647399902, 69.0111465454, 86.2976150513, 94.4085998535, 163.696395874, 63.835308075, 44.099697113], [33.2662582397, -100.059707642, -90.1808929443, -12.3550634384, 31.5261383057, 20.9310817719, 36.0126953125, 57.0803451538, 41.4598503113, 64.6285247803, 63.835308075, 116.324417114, 30.0494499207], [-15.2519159317, -141.901977539, -35.6848602295, 76.3683853149, -34.8481903076, 6.03272867203, 12.8701553345, 42.3761291504, 12.2958078384, 29.852268219, 44.099697113, 30.0494499207, 116.501617432]], "icov": [[0.000132128319819, 7.18018782209e-05, 0.000168619095348, -0.00017449700681, 6.85563136358e-05, -0.000101120887848, -1.87266377907e-05, -4.00946264563e-05, 0.000113898844575, 6.74347611493e-05, 0.000139571959153, -5.68772666156e-05, 0.000245721050305], [7.18018782209e-05, 0.000517550215591, -0.000144907098729, 2.92179393e-05, -6.86453277012e-05, 0.000178032161784, -0.000428910047049, 0.000396928924602, -0.000295205943985, 0.000187894838746, 0.000134818314109, 7.31663458282e-05, 0.000362608639989], [0.000168619095348, -0.000144907098729, 0.00117733364459, -0.000614171440247, -0.000488225778099, -0.00048998510465, 0.000540183333214, 0.000100452001789, 0.000829007767607, -0.000536744017154, 0.000396863179049, 0.000415892369347, 0.000184455842827], [-0.00017449700681, 2.92179393e-05, -0.000614171440247, 0.00228286371566, -0.000447855767561, 0.000508477678522, -0.000404581485782, -0.000254829443293, -0.000365260522813, 0.00106442568358, -0.00080896448344, 0.000560838205274, -0.00176737003494], [6.85563136358e-05, -6.86453277012e-05, -0.000488225778099, -0.000447855767561, 0.00421056104824, -0.000689155713189, -0.000828179181553, -0.00110316055361, -0.000527684751432, -0.00026859267382, 0.000781845010351, -0.00134072569199, 0.00203168182634], [-0.000101120887848, 0.000178032161784, -0.00048998510465, 0.000508477678522, -0.000689155713189, 0.00395114580169, -0.00181775109377, 0.000492749910336, -0.00196243752725, 0.00104276591446, -7.53866788727e-06, -3.77112774004e-05, -0.000716449052561], [-1.87266377907e-05, -0.000428910047049, 0.000540183333214, -0.000404581485782, -0.000828179181553, -0.00181775109377, 0.00751425372437, -0.00362738990225, 0.00126836565323, -0.000189493192011, -0.000907231878955, 4.22177254222e-05, 0.00048871972831], [-4.00946264563e-05, 0.000396928924602, 0.000100452001789, -0.000254829443293, -0.00110316055361, 0.000492749910336, -0.00362738990225, 0.00957146566361, -0.000290108437184, -0.00331071787514, 0.00012046838674, -0.000627024506684, -0.00176516571082], [0.000113898844575, -0.000295205943985, 0.000829007767607, -0.000365260522813, -0.000527684751432, -0.00196243752725, 0.00126836565323, -0.000290108437184, 0.00570315029472, -0.000113839989353, -0.00243109534495, -0.000189471669728, 0.000454255379736], [6.74347611493e-05, 0.000187894838746, -0.000536744017154, 0.00106442568358, -0.00026859267382, 0.00104276591446, -0.000189493192011, -0.00331071787514, -0.000113839989353, 0.0068372967653, -0.00256841839291, -0.000924771884456, -6.28414418316e-05], [0.000139571959153, 0.000134818314109, 0.000396863179049, -0.00080896448344, 0.000781845010351, -7.53866788727e-06, -0.000907231878955, 0.00012046838674, -0.00243109534495, -0.00256841839291, 0.0111976116896, -0.00318671343848, -0.00137700466439], [-5.68772666156e-05, 7.31663458282e-05, 0.000415892369347, 0.000560838205274, -0.00134072569199, -3.77112774004e-05, 4.22177254222e-05, -0.000627024506684, -0.000189471669728, -0.000924771884456, -0.00318671343848, 0.0126006295905, -0.00212111882865], [0.000245721050305, 0.000362608639989, 0.000184455842827, -0.00176737003494, 0.00203168182634, -0.000716449052561, 0.00048871972831, -0.00176516571082, 0.000454255379736, -6.28414418316e-05, -0.00137700466439, -0.00212111882865, 0.0125418351963]]}, "spectral_contrast_coeffs": {"dmean": [0.0541642196476, 0.0522283352911, 0.0392648801208, 0.0324810855091, 0.0285040121526, 0.0303826294839], "dmean2": [0.0829810500145, 0.0830425173044, 0.0630680993199, 0.0513913668692, 0.0455854013562, 0.0482643172145], "dvar": [0.00186932517681, 0.00198794342577, 0.00118079804815, 0.000947606051341, 0.000944210274611, 0.00100343790837], "dvar2": [0.00439693685621, 0.00489343469962, 0.00272444891743, 0.00208080536686, 0.00219193543307, 0.0024846852757], "max": [-0.327337920666, -0.349037021399, -0.465166717768, -0.497007191181, -0.521667003632, -0.549587666988], "mean": [-0.638454437256, -0.697620809078, -0.804405212402, -0.817878425121, -0.826276779175, -0.763153672218], "median": [-0.64194214344, -0.688646972179, -0.822422862053, -0.837200760841, -0.840571403503, -0.768634200096], "min": [-0.971212685108, -0.959966301918, -0.972888231277, -0.981926977634, -0.978779256344, -0.965368211269], "var": [0.00749970460311, 0.0107839936391, 0.00604395708069, 0.00522405328229, 0.00441934494302, 0.00465002609417]}, "spectral_contrast_valleys": {"dmean": [0.513382136822, 0.572502911091, 0.549372255802, 0.560241103172, 0.625399053097, 0.750030219555], "dmean2": [0.782086312771, 0.877059817314, 0.840642571449, 0.841995835304, 0.930117785931, 1.05427050591], "dvar": [0.444866776466, 0.432815790176, 0.452688217163, 0.535977780819, 0.748663425446, 1.11190521717], "dvar2": [0.722439110279, 0.849597871304, 0.924388110638, 1.08720517159, 1.59170198441, 1.97988533974], "ma