{"lowlevel": {"average_loudness": 0.914034664631, "barkbands_crest": {"dmean": 2.27644515038, "dmean2": 3.60854673386, "dvar": 7.8203420639, "dvar2": 21.597530365, "max": 26.8615894318, "mean": 14.0399627686, "median": 13.566991806, "min": 3.63662290573, "var": 21.1721420288}, "barkbands_flatness_db": {"dmean": 0.0317538008094, "dmean2": 0.0468954332173, "dvar": 0.00158748275135, "dvar2": 0.00372707191855, "max": 0.581937611103, "mean": 0.257661193609, "median": 0.244995892048, "min": 0.0562034063041, "var": 0.00939862336963}, "barkbands_kurtosis": {"dmean": 9.03692245483, "dmean2": 13.9594745636, "dvar": 567.295349121, "dvar2": 1048.41333008, "max": 1207.14672852, "mean": 22.3463916779, "median": 8.81781005859, "min": -1.75123810768, "var": 4295.70605469}, "barkbands_skewness": {"dmean": 0.770397782326, "dmean2": 1.17804551125, "dvar": 1.28166663647, "dvar2": 2.90193772316, "max": 24.4155635834, "mean": 2.77789235115, "median": 2.22133421898, "min": -1.69337487221, "var": 5.54169225693}, "barkbands_spread": {"dmean": 2.67029070854, "dmean2": 4.39632368088, "dvar": 29.8775196075, "dvar2": 73.0593032837, "max": 118.678665161, "mean": 9.54183101654, "median": 5.48525905609, "min": 0.104920074344, "var": 305.010192871}, "dissonance": {"dmean": 0.0298029761761, "dmean2": 0.04907374084, "dvar": 0.000928630470298, "dvar2": 0.00213543139398, "max": 0.499887257814, "mean": 0.395840078592, "median": 0.403176486492, "min": 0.0889438688755, "var": 0.0040659494698}, "dynamic_complexity": 3.55449771881, "erbbands_crest": {"dmean": 2.16738390923, "dmean2": 3.28072428703, "dvar": 7.30961847305, "dvar2": 16.6671409607, "max": 33.1342124939, "mean": 13.2764968872, "median": 12.4853820801, "min": 2.66817927361, "var": 30.768611908}, "erbbands_flatness_db": {"dmean": 0.0290814787149, "dmean2": 0.0378078147769, "dvar": 0.00151676509995, "dvar2": 0.00286390515976, "max": 0.520544111729, "mean": 0.238087013364, "median": 0.224929690361, "min": 0.0687249973416, "var": 0.0083936220035}, "erbbands_kurtosis": {"dmean": 2.79245901108, "dmean2": 4.00291585922, "dvar": 29.4377479553, "dvar2": 58.8165664673, "max": 118.085830688, "mean": 6.98364830017, "median": 2.63997793198, "min": -1.73582589626, "var": 144.3697052}, "erbbands_skewness": {"dmean": 0.424296498299, "dmean2": 0.619007706642, "dvar": 0.318412750959, "dvar2": 0.684621989727, "max": 8.87843132019, "mean": 1.78516662121, "median": 1.47950327396, "min": -1.17532980442, "var": 1.97166776657}, "erbbands_spread": {"dmean": 6.34244298935, "dmean2": 9.80351638794, "dvar": 113.543235779, "dvar2": 270.20022583, "max": 109.846855164, "mean": 22.1285743713, "median": 18.1073913574, "min": 0.751316249371, "var": 282.206939697}, "hfc": {"dmean": 5.00019073486, "dmean2": 7.89301395416, "dvar": 205.61340332, "dvar2": 565.735107422, "max": 180.090194702, "mean": 9.25927066803, "median": 5.85621356964, "min": 6.17843340933e-08, "var": 181.141143799}, "melbands_crest": {"dmean": 2.70696258545, "dmean2": 4.23507070541, "dvar": 10.7740192413, "dvar2": 26.3467025757, "max": 33.4774360657, "mean": 17.8996334076, "median": 16.8915901184, "min": 2.35901403427, "var": 36.994304657}, "melbands_flatness_db": {"dmean": 0.0344137735665, "dmean2": 0.0514170750976, "dvar": 0.00197505531833, "dvar2": 0.0047971624881, "max": 0.686173141003, "mean": 0.346611022949, "median": 0.344242453575, "min": 0.0149332173169, "var": 0.013368666172}, "melbands_kurtosis": {"dmean": 11.7296419144, "dmean2": 18.1864871979, "dvar": 572.362304688, "dvar2": 1442.24133301, "max": 296.393371582, "mean": 25.8960494995, "median": 13.317565918, "min": -1.13368165493, "var": 1195.4465332}, "melbands_skewness": {"dmean": 0.82071352005, "dmean2": 1.27064096928, "dvar": 1.4142793417, "dvar2": 3.30146718025, "max": 13.1732416153, "mean": 2.97628855705, "median": 2.51969766617, "min": -0.876373946667, "var": 3.7893948555}, "melbands_spread": {"dmean": 2.56086111069, "dmean2": 4.21786689758, "dvar": 34.0296707153, "dvar2": 82.1692428589, "max": 147.303161621, "mean": 9.70419692993, "median": 5.70674991608, "min": 0.276967376471, "var": 369.705352783}, "pitch_salience": {"dmean": 0.0668163895607, "dmean2": 0.107335835695, "dvar": 0.00671396125108, "dvar2": 0.0174291711301, "max": 0.85862827301, "mean": 0.476588487625, "median": 0.496528685093, "min": 0.0484659001231, "var": 0.0202915873379}, "silence_rate_20dB": {"dmean": 0, "dmean2": 0, "dvar": 0, "dvar2": 0, "max": 1, "mean": 1, "median": 1, "min": 1, "var": 0}, "silence_rate_30dB": {"dmean": 0.0424453578889, "dmean2": 0.0849176198244, "dvar": 0.040643081069, "dvar2": 0.0922832787037, "max": 1, "mean": 0.964217841625, "median": 1, "min": 0, "var": 0.0345026142895}, "silence_rate_60dB": {"dmean": 0.0386442840099, "dmean2": 0.0769961997867, "dvar": 0.0371511541307, "dvar2": 0.081842392683, "max": 1, "mean": 0.113362886012, "median": 0, "min": 0, "var": 0.100511111319}, "spectral_centroid": {"dmean": 106.047019958, "dmean2": 174.222061157, "dvar": 88658.4375, "dvar2": 184257.921875, "max": 10960.859375, "mean": 603.39855957, "median": 446.927246094, "min": 169.76902771, "var": 388927.34375}, "spectral_complexity": {"dmean": 2.01773834229, "dmean2": 3.16223073006, "dvar": 18.8963718414, "dvar2": 44.5454139709, "max": 49, "mean": 8.5044336319, "median": 8, "min": 0, "var": 31.6230812073}, "spectral_decrease": {"dmean": 4.38382885548e-09, "dmean2": 7.06971725606e-09, "dvar": 1.10068755122e-16, "dvar2": 2.92984143653e-16, "max": -1.39621728448e-19, "mean": -7.27512228238e-09, "median": -4.61663729467e-09, "min": -1.01429591837e-07, "var": 9.74331278966e-17}, "spectral_energy": {"dmean": 0.0169510617852, "dmean2": 0.0272871237248, "dvar": 0.00161742162891, "dvar2": 0.00430076336488, "max": 0.387994706631, "mean": 0.0282978713512, "median": 0.0180393122137, "min": 6.13099284882e-12, "var": 0.00144364091102}, "spectral_energyband_high": {"dmean": 0.000254258222412, "dmean2": 0.000456772919279, "dvar": 1.547645752e-06, "dvar2": 4.51058485851e-06, "max": 0.0144664356485, "mean": 0.000203074654564, "median": 1.73065436684e-05, "min": 4.32573291423e-12, "var": 9.33764113142e-07}, "spectral_energyband_low": {"dmean": 0.0116242775694, "dmean2": 0.020202903077, "dvar": 0.00143180275336, "dvar2": 0.00382950971834, "max": 0.357154458761, "mean": 0.0115725137293, "median": 0.00172186898999, "min": 1.29761110711e-13, "var": 0.00104693474714}, "spectral_energyband_middle_high": {"dmean": 0.000853291014209, "dmean2": 0.00133166252635, "dvar": 8.11986501503e-06, "dvar2": 2.02357787202e-05, "max": 0.0487187318504, "mean": 0.00157944683451, "median": 0.000576823716983, "min": 9.62775649135e-13, "var": 1.15738739623e-05}, "spectral_energyband_middle_low": {"dmean": 0.00593070639297, "dmean2": 0.00801721867174, "dvar": 0.00016675934603, "dvar2": 0.000402803503675, "max": 0.190446689725, "mean": 0.0153766814619, "median": 0.0104323811829, "min": 1.88177639161e-13, "var": 0.00031146677793}, "spectral_entropy": {"dmean": 0.308796882629, "dmean2": 0.436367601156, "dvar": 0.192410439253, "dvar2": 0.411854326725, "max": 9.82798194885, "mean": 6.29097032547, "median": 6.30239772797, "min": 3.11968803406, "var": 1.06028568745}, "spectral_flux": {"dmean": 0.0420040637255, "dmean2": 0.0652427896857, "dvar": 0.00505212927237, "dvar2": 0.010529704392, "max": 0.54867875576, "mean": 0.0665397047997, "median": 0.0323193073273, "min": 1.11402896437e-05, "var": 0.00730921234936}, "spectral_kurtosis": {"dmean": 9.79374980927, "dmean2": 15.6679906845, "dvar": 285.054107666, "dvar2": 648.024475098, "max": 242.082458496, "mean": 23.9183769226, "median": 11.8333520889, "min": -1.18895971775, "var": 945.241455078}, "spectral_rms": {"dmean": 0.00119352072943, "dmean2": 0.00178660033271, "dvar": 4.53167513115e-06, "dvar2": 1.11698900582e-05, "max": 0.019455883652, "mean": 0.00450633931905, "median": 0.00419515511021, "min": 7.73398767251e-08, "var": 7.30043848307e-06}, "spectral_rolloff": {"dmean": 188.641662598, "dmean2": 334.094055176, "dvar": 474162.1875, "dvar2": 1122414.125, "max": 18324.7558594, "mean": 772.276977539, "median": 430.6640625, "min": 64.599609375, "var": 2768346.75}, "spectral_skewness": {"dmean": 0.684647619724, "dmean2": 1.08430457115, "dvar": 0.838340878487, "dvar2": 1.92630267143, "max": 13.1670732498, "mean": 3.30509328842, "median": 2.79913854599, "min": 0.00799682829529, "var": 3.66068696976}, "spectral_spread": {"dmean": 734223.5625, "dmean2": 1025503.9375, "dvar": 1266061934590.0, "dvar2": 2197110128640.0, "max": 39511736, "mean": 3512726.25, "median": 3160981.5, "min": 337395.84375, "var": 4906178052100.0}, "spectral_strongpeak": {"dmean": 0.274335712194, "dmean2": 0.440785378218, "dvar": 0.156560137868, "dvar2": 0.363617449999, "max": 7.02698659897, "mean": 0.795392513275, "median": 0.568549990654, "min": 0, "var": 0.459045380354}, "zerocrossingrate": {"dmean": 0.00523761659861, "dmean2": 0.00647606980056, "dvar": 7.28826780687e-05, "dvar2": 9.17495344765e-05, "max": 0.45703125, "mean": 0.0320117995143, "median": 0.02099609375, "min": 0.00341796875, "var": 0.00187876599375}, "barkbands": {"dmean": [0.000435305846622, 0.00951293762773, 0.0019027646631, 0.00125997280702, 0.0029706931673, 0.00111691746861, 0.0017479499802, 0.000216988511966, 0.000112366826215, 0.000263487279881, 0.00015707561397, 8.95848934306e-05, 8.9405257313e-05, 4.94180276291e-05, 9.68908207142e-05, 6.06875546509e-05, 7.1492344432e-05, 6.41855658614e-05, 5.36326297151e-05, 8.28128759167e-05, 5.30140641786e-05, 7.50408216845e-05, 4.63204123662e-05, 1.43698298416e-05, 1.0408878552e-05, 4.63732658318e-06, 3.20715457747e-06], "dmean2": [0.0007114430191, 0.0169891435653, 0.00334962876514, 0.0021001372952, 0.0038143794518, 0.00150218175258, 0.00269021978602, 0.000342792685842, 0.000156786365551, 0.000365750835044, 0.000241756948526, 0.000147164406371, 0.000143356548506, 8.99677033885e-05, 0.000156428533955, 0.00010210624896, 0.000129177395138, 0.000117908792163, 9.84119906207e-05, 0.000154170586029, 9.62542399066e-05, 0.000140068863402, 8.34259335534e-05, 2.44586317422e-05, 1.7271588149e-05, 7.15362284609e-06, 5.44044632989e-06], "dvar": [1.4753427422e-06, 0.00103940686677, 4.37363851233e-05, 2.23679217015e-05, 5.30953475391e-05, 3.56101031684e-06, 1.51599515448e-05, 3.02095429561e-07, 1.49677163108e-07, 1.31659226099e-06, 2.76652599496e-07, 1.90191641991e-07, 9.1980354e-08, 4.00552977453e-08, 1.10001252551e-07, 3.75483466541e-08, 8.59927311581e-08, 9.795115119e-08, 7.01687810079e-08, 1.64449829754e-07, 6.56353833506e-08, 1.66096754128e-07, 6.40110826566e-08, 3.05522029898e-09, 1.08549325084e-09, 9.60763066327e-11, 6.12281406132e-11], "dvar2": [3.61552270078e-06, 0.00282021448947, 0.000122872574138, 5.89295013924e-05, 0.000118693351396, 7.0651558417e-06, 3.84532249882e-05, 7.73049237068e-07, 2.85094387209e-07, 2.24508426072e-06, 6.97855455201e-07, 4.83367387005e-07, 2.49727776236e-07, 1.15682148305e-07, 2.72717130656e-07, 1.00887163512e-07, 2.49367076322e-07, 2.8421220577e-07, 2.05000887377e-07, 4.77481592043e-07, 1.90063744299e-07, 4.86382759846e-07, 1.87138368801e-07, 8.78563088946e-09, 3.04586644795e-09, 2.24982796282e-10, 1.59519494836e-10], "max": [0.0137294735759, 0.2994620502, 0.101598486304, 0.0908672958612, 0.0913706198335, 0.0222954582423, 0.0402816198766, 0.00867035333067, 0.00869317632169, 0.0376138016582, 0.00782794505358, 0.00861218385398, 0.0059829344973, 0.00240407092497, 0.00523373391479, 0.00213409145363, 0.00456586293876, 0.00463399803266, 0.00376611016691, 0.00461948756129, 0.00459181144834, 0.00466637313366, 0.0034597911872, 0.000731593172532, 0.000385988125345, 8.55389880599e-05, 6.84975166223e-05], "mean": [0.000367216765881, 0.00838357303292, 0.00239797658287, 0.00126568553969, 0.00634215399623, 0.00416711904109, 0.00294584524818, 0.000362305290764, 0.00027772699832, 0.000619682949036, 0.000247421761742, 0.000105005710793, 0.000170716739376, 4.25138023274e-05, 0.000129218096845, 8.12493599369e-05, 6.82241588947e-05, 5.64186448173e-05, 4.28164239565e-05, 5.72390890738e-05, 4.07851657656e-05, 5.56200247956e-05, 3.85530111089e-05, 1.53117762238e-05, 1.06493553176e-05, 4.51750565844e-06, 2.32895740737e-06], "median": [1.05352282844e-05, 0.000478722271509, 0.000393944559619, 0.000202982570045, 0.00204770313576, 0.00239387992769, 0.0015060598962, 0.000101805359009, 4.74502012366e-05, 6.43740204396e-05, 2.42127553065e-05, 9.85150836641e-06, 4.89925369038e-05, 7.88121906226e-06, 3.14608696499e-05, 1.99088535737e-05, 1.62671422004e-05, 8.641889508e-06, 6.17474461251e-06, 3.22343930748e-06, 2.4840221613e-06, 2.8082586141e-06, 2.15974409912e-06, 1.92569223145e-06, 1.0888613815e-06, 3.11459928071e-07, 3.07554586243e-08], "min": [1.97818324221e-13, 4.09351507769e-14, 9.60733059676e-15, 1.10609263786e-14, 4.46931954065e-14, 1.67327004981e-14, 6.61736485581e-15, 1.71530677032e-14, 8.58278563238e-14, 2.21736657627e-14, 9.31493109643e-14, 1.21587947501e-13, 3.21017084443e-14, 1.31752871417e-13, 2.07534158045e-13, 7.96153033365e-14, 7.6609061434e-14, 4.20059901576e-14, 6.1418040521e-14, 1.50025161023e-13, 1.53606578954e-13, 5.12570563251e-13, 4.10041439821e-13, 4.73087064315e-13, 6.76384458425e-13, 8.72414120112e-13, 1.26449480227e-12], "var": [1.27862290356e-06, 0.000720056938007, 3.40103069902e-05, 1.69958002516e-05, 0.000131013672217, 1.90586488316e-05, 1.94318199647e-05, 4.57909834495e-07, 5.33785225798e-07, 4.48096943728e-06, 3.78543404622e-07, 1.98146878461e-07, 1.08750278116e-07, 2.49394549456e-08, 1.28261831378e-07, 3.69018628987e-08, 5.27044718979e-08, 5.9085877524e-08, 4.10424014774e-08, 9.38524351568e-08, 4.04590849712e-08, 9.63662785125e-08, 3.88383121219e-08, 2.24907559243e-09, 8.32600988154e-10, 1.02262670554e-10, 4.5556725059e-11]}, "erbbands": {"dmean": [0.279101133347, 2.13749909401, 2.86015462875, 2.70910787582, 7.02591276169, 7.08922863007, 18.4844760895, 8.01145458221, 20.8749923706, 19.0487270355, 3.51266098022, 2.7969686985, 3.96566367149, 8.87626552582, 6.74457359314, 3.2859723568, 4.35761070251, 2.50508713722, 5.28811836243, 3.05157804489, 3.71386265755, 3.90360355377, 3.7940120697, 2.34731841087, 2.9818854332, 3.94089651108, 2.91949272156, 2.1116039753, 2.63212895393, 1.95060515404, 1.30512738228, 0.450941413641, 0.212998241186, 0.134678855538, 0.0614744797349, 0.0224940311164, 0.00834382418543, 0.00263868481852, 0.000566498201806, 4.76669920317e-05], "dmean2": [0.487150460482, 3.86589717865, 5.11771154404, 4.56211996078, 11.4885091782, 9.56401538849, 20.4529018402, 10.8458652496, 30.8367824554, 30.55676651, 5.32233285904, 3.70100736618, 5.68811750412, 12.6462488174, 10.5571298599, 5.23750543594, 6.9075717926, 4.52372694016, 8.53333091736, 5.15541934967, 6.30781507492, 6.95096158981, 6.99644947052, 4.29824399948, 5.43470191956, 7.30235338211, 5.36044740677, 3.86809372902, 4.9334359169, 3.50156211853, 2.39062285423, 0.794883430004, 0.36163559556, 0.23125731945, 0.0982187911868, 0.0344222597778, 0.0129853961989, 0.00428886944428, 0.00095372350188, 7.95657251729e-05], "dvar": [0.82296192646, 55.3240356445, 103.175315857, 60.865562439, 961.065673828, 280.291351318, 1396.58959961, 224.134338379, 1929.1184082, 2871.03295898, 82.6409072876, 101.85785675, 235.690292358, 1463.58447266, 494.690856934, 212.921844482, 192.832290649, 115.823776245, 331.102325439, 89.1237335205, 171.60244751, 259.666625977, 377.342834473, 115.213600159, 214.260192871, 376.377258301, 215.487930298, 125.266601562, 221.804244995, 97.8742218018, 50.2064170837, 4.44307088852, 0.565641641617, 0.233273595572, 0.0246677026153, 0.00227156141773, 0.000331151211867, 3.87489817513e-05, 1.89594766198e-06, 1.13296110271e-08], "dvar2": [2.16868901253, 154.123260498, 291.780944824, 163.161453247, 2499.93847656, 630.439453125, 1538.22460938, 428.313690186, 4675.99902344, 7726.86425781, 204.658889771, 177.990402222, 414.417785645, 2578.74389648, 1285.46643066, 502.476867676, 519.274597168, 330.592773438, 805.135009766, 248.299209595, 465.478179932, 750.40020752, 1100.30847168, 334.894836426, 624.666992188, 1093.37011719, 622.818786621, 367.93270874, 653.449035645, 282.451843262, 147.130447388, 13.0527515411, 1.60037052631, 0.670263171196, 0.064560316503, 0.00522399926558, 0.000792214181274, 9.77855816018e-05, 4.92348772241e-06, 2.93176363186e-08], "max": [8.43756580353, 70.5543289185, 127.002624512, 125.921836853, 541.60546875, 200.534393311, 705.318054199, 194.490905762, 579.210205078, 746.209533691, 161.094146729, 244.940689087, 436.870025635, 1378.66674805, 295.211395264, 314.957733154, 251.955429077, 162.416931152, 297.503570557, 150.262786865, 160.275024414, 282.439483643, 309.030487061, 117.453819275, 190.939575195, 236.001617432, 151.93359375, 210.614013672, 197.961257935, 115.865921021, 92.1664810181, 29.704957962, 9.41896152496, 6.06090116501, 1.72856009007, 0.499613076448, 0.18052431941, 0.0718710198998, 0.0130543690175, 0.000880747393239], "mean": [0.232787102461, 1.87358427048, 3.30157971382, 3.11470127106, 6.90729284286, 15.5183477402, 54.1349258423, 32.6157684326, 43.2041778564, 28.9446430206, 6.94920873642, 7.66566944122, 8.41868400574, 20.2316169739, 10.3622617722, 4.74977350235, 8.86598682404, 2.45988059044, 7.02786684036, 3.87447929382, 4.79050922394, 3.90010213852, 3.41324090958, 1.89157378674, 2.37064957619, 2.80385422707, 2.10893249512, 1.60127496719, 1.90937423706, 1.60776126385, 1.04217743874, 0.435585528612, 0.224889442325, 0.134390518069, 0.0641619339585, 0.0234963539988, 0.00768211763352, 0.00213189190254, 0.000422479119152, 5.34711034561e-05], "median": [0.00764588825405, 0.115577295423, 0.52442586422, 0.877920627594, 1.32822346687, 5.67770195007, 24.4441051483, 17.3847846985, 25.1364746094, 10.9406166077, 2.64017057419, 1.26128745079, 1.36897993088, 4.07712554932, 2.42998170853, 1.09821414948, 2.59221220016, 0.649633824825, 1.32164764404, 1.24830317497, 1.09613013268, 0.90892624855, 0.630018353462, 0.262206792831, 0.347645014524, 0.195306867361, 0.113562092185, 0.0949746370316, 0.0925594046712, 0.0767894983292, 0.0614754632115, 0.0506624206901, 0.0264544151723, 0.014694839716, 0.00589325185865, 0.00195646006614, 0.000444670266006, 6.70112931402e-05, 1.89640632016e-05, 2.34742401517e-05], "min": [1.31391273729e-12, 1.03321544029e-11, 1.15239172371e-11, 4.04930984577e-11, 7.19344028788e-11, 1.76048453593e-10, 1.62747509913e-10, 1.00374847323e-10, 9.15197154172e-11, 1.51841261786e-10, 6.21934059808e-10, 1.7380469286e-09, 1.23336352242e-09, 2.14783901775e-09, 3.85868315078e-09, 5.13449061046e-09, 1.95462579455e-09, 3.16890824692e-09, 8.90655726948e-09, 1.0428238717e-08, 5.35764099752e-09, 3.98808897017e-09, 3.14812442781e-09, 1.58598745248e-09, 4.78818895644e-09, 7.93628451845e-09, 7.76448239037e-09, 5.71772140745e-09, 1.58004809236e-08, 2.03958983036e-08, 1.21278533882e-08, 1.00066124276e-08, 8.36586266928e-09, 7.84690890043e-09, 4.30032098819e-09, 2.92607649222e-09, 1.79316905768e-09, 6.60858534562e-10, 1.64053270968e-10, 2.04732099329e-11], "var": [0.608609437943, 36.1486320496, 70.2865219116, 48.3964614868, 729.464538574, 734.815795898, 8231.72558594, 1334.03662109, 3190.05249023, 3086.57470703, 145.97756958, 414.203613281, 1031.84033203, 3776.67016602, 573.586547852, 293.414886475, 262.882324219, 75.1687393188, 400.6534729, 74.3606948853, 161.622161865, 163.453369141, 222.977737427, 69.4130325317, 124.987052917, 215.614318848, 127.962982178, 73.5881271362, 125.619010925, 62.1345100403, 29.5267524719, 2.82386159897, 0.44103744626, 0.163337379694, 0.0234696436673, 0.00265753618442, 0.000325821252773, 3.21769948641e-05, 1.42800809044e-06, 9.09201425259e-09]}, "gfcc": {"mean": [-130.458969116, 137.442245483, -91.0932769775, 10.6023273468, -55.1384429932, -10.7540054321, -44.2781982422, -6.02284955978, -15.5299835205, -0.616216182709, 0.0428002402186, 7.38047647476, 0.714540541172], "cov": [[32655.8535156, 2314.00341797, -1112.18310547, 1449.58398438, -1032.31396484, 820.649902344, -661.422363281, 298.702789307, -127.231361389, 50.5109672546, -766.653320312, -510.334381104, -666.798400879], [2314.00341797, 3992.29370117, -199.642959595, -301.961456299, 737.654968262, -669.171630859, 107.213020325, -274.419036865, 197.986068726, -318.645263672, 279.059234619, -141.794311523, 228.802719116], [-1112.18310547, -199.642959595, 997.211730957, 229.836074829, 293.567321777, 158.981170654, 81.3797683716, 124.619651794, 64.5214309692, 124.222702026, 11.6616754532, 43.9973678589, -27.8014583588], [1449.58398438, -301.961456299, 229.836074829, 681.594604492, 95.3564376831, 296.81539917, 63.3276290894, 131.381469727, 107.086006165, 90.8820648193, -108.978797913, -93.2343673706, -112.062721252], [-1032.31396484, 737.654968262, 293.567321777, 95.3564376831, 703.210876465, -0.426676690578, 211.687484741, 68.7667312622, 137.53692627, 3.33766460419, 56.6421508789, -27.662065506, 39.307849884], [820.649902344, -669.171630859, 158.981170654, 296.81539917, -0.426676690578, 500.894714355, 70.2864074707, 173.809860229, 11.8668584824, 100.17855072, -113.06312561, -9.34832000732, -102.313339233], [-661.422363281, 107.213020325, 81.3797683716, 63.3276290894, 211.687484741, 70.2864074707, 263.593017578, 92.8874893188, 44.3421058655, 27.5934333801, 25.3659744263, 9.35959148407, -2.88185334206], [298.702789307, -274.419036865, 124.619651794, 131.381469727, 68.7667312622, 173.809860229, 92.8874893188, 268.73916626, 87.4240951538, 100.221252441, -40.3135643005, 1.38112282753, -76.6404800415], [-127.231361389, 197.986068726, 64.5214309692, 107.086006165, 137.53692627, 11.8668584824, 44.3421058655, 87.4240951538, 175.231674194, 71.8244247437, 28.247428894, -19.3092899323, -0.823462188244], [50.5109672546, -318.645263672, 124.222702026, 90.8820648193, 3.33766460419, 100.17855072, 27.5934333801, 100.221252441, 71.8244247437, 179.170257568, 18.107629776, 14.5108938217, -29.0646457672], [-766.653320312, 279.059234619, 11.6616754532, -108.978797913, 56.6421508789, -113.06312561, 25.3659744263, -40.3135643005, 28.247428894, 18.107629776, 164.958877563, 59.6287384033, 80.3331375122], [-510.334381104, -141.794311523, 43.9973678589, -93.2343673706, -27.662065506, -9.34832000732, 9.35959148407, 1.38112282753, -19.3092899323, 14.5108938217, 59.6287384033, 134.998123169, 66.7393951416], [-666.798400879, 228.802719116, -27.8014583588, -112.062721252, 39.307849884, -102.313339233, -2.88185334206, -76.6404800415, -0.823462188244, -29.0646457672, 80.3331375122, 66.7393951416, 145.421310425]], "icov": [[9.24151972868e-05, -0.000254615413724, 0.000124183876324, -0.000251124060014, 0.000180779694347, -0.000136223985464, 0.00026202033041, -0.000189159414731, 0.000445246172603, -0.000455200031865, 0.000411448330851, -0.000309112278046, 0.000241488291067], [-0.000254615413724, 0.00132741325069, -0.00029138152604, 0.000778326473664, -0.000950536807068, 0.000692908884957, -0.000728738028556, 0.000652011600323, -0.00193872128148, 0.00229624193162, -0.00191876187455, 0.00174507009797, -0.000931269139983], [0.000124183876324, -0.00029138152604, 0.00162436778191, -0.000774802058004, -0.000616024131887, -0.000156944210175, 0.0007599046221, -0.000414414913394, 0.00115291727707, -0.00135677983053, 0.00041064620018, -0.00130382296629, 0.000700976001099], [-0.000251124060014, 0.000778326473664, -0.000774802058004, 0.00338761880994, -0.000394986098399, -0.000885907444172, -0.0010239102412, 0.00108927709516, -0.00298688490875, 0.00133382366039, -0.000492612423841, 0.00220640655607, -0.000367229018593], [0.000180779694347, -0.000950536807068, -0.000616024131887, -0.000394986098399, 0.00347615801729, -0.000542515132111, -0.00136861065403, -0.000392401532736, -0.000461991818156, -0.000431180757005, 0.00105275958776, 7.97940519988e-05, -0.000359884143109], [-0.000136223985464, 0.000692908884957, -0.000156944210175, -0.000885907444172, -0.000542515132111, 0.00436677923426, -0.000856048543938, -0.00103420577943, 0.000488056510221, -0.000154102206579, 0.000758760899771, -0.000294679193757, -8.25325478218e-05], [0.00026202033041, -0.000728738028556, 0.0007599046221, -0.0010239102412, -0.00136861065403, -0.000856048543938, 0.00674219243228, -0.00240908004344, 0.00239057419822, -0.00125531689264, -0.0002111276699, -0.00135617877822, 0.000837562780362], [-0.000189159414731, 0.000652011600323, -0.000414414913394, 0.00108927709516, -0.000392401532736, -0.00103420577943, -0.00240908004344, 0.0084916325286, -0.00473114801571, -0.000407931976952, 0.000632684619632, -0.00158085941803, 0.00294064264745], [0.000445246172603, -0.00193872128148, 0.00115291727707, -0.00298688490875, -0.000461991818156, 0.000488056510221, 0.00239057419822, -0.00473114801571, 0.0142705133185, -0.00673839449883, 0.000983089208603, -0.000329805567162, -0.000624850392342], [-0.000455200031865, 0.00229624193162, -0.00135677983053, 0.00133382366039, -0.000431180757005, -0.000154102206579, -0.00125531689264, -0.000407931976952, -0.00673839449883, 0.0136375529692, -0.00595631124452, 0.0023866025731, -0.000280774984276], [0.000411448330851, -0.00191876187455, 0.00041064620018, -0.000492612423841, 0.00105275958776, 0.000758760899771, -0.0002111276699, 0.000632684619632, 0.000983089208603, -0.00595631124452, 0.0143827237189, -0.00553373480216, -0.0014075320214], [-0.000309112278046, 0.00174507009797, -0.00130382296629, 0.00220640655607, 7.97940519988e-05, -0.000294679193757, -0.00135617877822, -0.00158085941803, -0.000329805567162, 0.0023866025731, -0.00553373480216, 0.0160393770784, -0.00762995937839], [0.000241488291067, -0.000931269139983, 0.000700976001099, -0.000367229018593, -0.000359884143109, -8.25325478218e-05, 0.000837562780362, 0.00294064264745, -0.000624850392342, -0.000280774984276, -0.0014075320214, -0.00762995937839, 0.015125291422]]}, "melbands": {"dmean": [0.00257216906175, 0.00200186227448, 0.0006479039439, 0.000433884997619, 0.000625433633104, 0.000178730668267, 0.000334582378855, 0.000170163810253, 2.26284519158e-05, 1.62391042977e-05, 2.16030657612e-05, 3.86387218896e-05, 2.47113075602e-05, 1.12148964035e-05, 1.01465357147e-05, 7.15691339792e-06, 4.39842960986e-06, 7.9160236055e-06, 6.09387825534e-06, 3.46371280102e-06, 4.62576144855e-06, 3.92730953536e-06, 4.55241752206e-06, 2.68076314569e-06, 1.7185852812e-06, 2.39812811742e-06, 2.05171772905e-06, 2.76882860817e-06, 2.11131441574e-06, 1.25160784137e-06, 1.19632125006e-06, 1.53552696247e-06, 1.46197419326e-06, 9.37325751238e-07, 8.28142333376e-07, 4.8074997494e-07, 2.0978286841e-07, 1.44191460549e-07, 1.36496069558e-07, 1.10017786881e-07], "dmean2": [0.00456036673859, 0.00361252226867, 0.00107676431071, 0.000680871773511, 0.000686299812514, 0.000245253264438, 0.000502773618791, 0.000274794758298, 3.32890813297e-05, 2.21123736992e-05, 3.07742302539e-05, 5.42960733583e-05, 3.78412732971e-05, 1.86213819688e-05, 1.62574870046e-05, 1.18607486002e-05, 8.06821935839e-06, 1.28380452225e-05, 1.00806282717e-05, 5.86527130508e-06, 7.91235197539e-06, 7.0051428338e-06, 8.25832012197e-06, 4.90901038575e-06, 3.16193586514e-06, 4.38958750237e-06, 3.78072309104e-06, 5.1398405958e-06, 3.91618732465e-06, 2.26303041018e-06, 2.20041329158e-06, 2.89629133476e-06, 2.72378952104e-06, 1.64602386121e-06, 1.51890901634e-06, 8.76067645095e-07, 3.62314182212e-07, 2.42488852109e-07, 2.37701144101e-07, 1.90800108157e-07], "dvar": [7.32157495804e-05, 4.95245149068e-05, 4.79799473396e-06, 2.70726172857e-06, 1.66739107499e-06, 1.04300220016e-07, 5.09975450314e-07, 2.32470384276e-07, 3.87499232701e-09, 3.28564575547e-09, 7.45820827319e-09, 2.90964781158e-08, 6.46159881157e-09, 3.08799585902e-09, 1.45001100016e-09, 6.6115546371e-10, 3.68599456513e-10, 7.15547343599e-10, 4.36477298749e-10, 1.19321830194e-10, 2.89543056198e-10, 2.86435236641e-10, 3.81677356387e-10, 2.03259908904e-10, 6.39571937078e-11, 1.50750342764e-10, 7.40700764612e-11, 2.04141231697e-10, 1.26550700474e-10, 3.41507169765e-11, 4.03988856257e-11, 8.81301490119e-11, 6.7351214883e-11, 2.34528889365e-11, 1.98385301242e-11, 6.18025812818e-12, 8.4719541495e-13, 2.23346243843e-13, 2.74617486954e-13, 1.51714835898e-13], "dvar2": [0.000195041240659, 0.00013904334628, 1.25827864395e-05, 7.16720523997e-06, 1.83243503216e-06, 2.04254973823e-07, 1.25277688312e-06, 6.25821257927e-07, 9.0848564227e-09, 6.0443365868e-09, 1.25717143362e-08, 5.08767357132e-08, 1.61452451408e-08, 7.9125390684e-09, 3.79509845772e-09, 1.84495163591e-09, 1.06306397019e-09, 1.76287173748e-09, 1.15906306775e-09, 3.30504235091e-10, 7.89385223854e-10, 8.25854662434e-10, 1.10989695212e-09, 5.8994814589e-10, 1.8666010404e-10, 4.39841080224e-10, 2.14500958662e-10, 5.93760374201e-10, 3.6753439181e-10, 9.77759331833e-11, 1.1944757683e-10, 2.60320959233e-10, 1.97599589469e-10, 6.75448239007e-11, 5.80231314384e-11, 1.81345164579e-11, 2.48426886701e-12, 6.20283880683e-13, 7.91815506392e-13, 4.36136424285e-13], "max": [0.080045260489, 0.077555693686, 0.0397188477218, 0.0240642633289, 0.0241596288979, 0.00407032528892, 0.0087641980499, 0.00672100810334, 0.00105026050005, 0.00135628087446, 0.00253578322008, 0.00614372454584, 0.00117569579743, 0.00108704017475, 0.000526014599018, 0.000564615242183, 0.000246078008786, 0.000429152831202, 0.000301443855278, 0.000175910492544, 0.000211174570723, 0.000298660714179, 0.000293478544336, 0.000218724599108, 9.06123896129e-05, 0.000176263536559, 9.1655907454e-05, 0.000177261783392, 0.000126804603497, 0.000109517408418, 0.000112768917461, 0.00013332015078, 0.000106563929876, 6.7255095928e-05, 5.68941723031e-05, 3.31082155753e-05, 1.34870397233e-05, 6.49513776807e-06, 6.4308464971e-06, 5.13404529556e-06], "mean": [0.00224135746248, 0.00205297698267, 0.000699747412, 0.000592309515923, 0.00178454106208, 0.000706131977495, 0.000668947817758, 0.000255478487816, 4.88552832394e-05, 4.1334911657e-05, 4.53342945548e-05, 8.96909841686e-05, 3.97045769205e-05, 1.27872017401e-05, 1.81354589586e-05, 1.28525653054e-05, 3.5817713524e-06, 1.02026215245e-05, 7.79547826824e-06, 4.3186014409e-06, 5.70355041418e-06, 3.56469013241e-06, 4.64570530312e-06, 2.10488246921e-06, 1.35787934141e-06, 1.91356616597e-06, 1.50352263972e-06, 1.94979224943e-06, 1.47570995068e-06, 9.37558411351e-07, 9.13441510875e-07, 1.08717051717e-06, 1.08775816443e-06, 8.19492640858e-07, 6.59871375319e-07, 3.91777064124e-07, 2.19228184051e-07, 1.57205064966e-07, 1.33070017228e-07, 1.06683032186e-07], "median": [0.000123912541312, 0.000233677536016, 0.000174365966814, 0.000230145291425, 0.000758690934163, 0.000374822848244, 0.000387465464883, 8.97884674487e-05, 1.42006338137e-05, 6.31805733065e-06, 6.34977732261e-06, 1.49009065353e-05, 5.63281901123e-06, 1.48777166942e-06, 5.11927373736e-06, 3.53825089405e-06, 5.67624965697e-07, 1.93495225176e-06, 2.1786945581e-06, 1.05269850792e-06, 1.02325088847e-06, 6.06920423252e-07, 7.58642613619e-07, 2.65110912778e-07, 1.52065169345e-07, 2.88269973225e-07, 1.48045899095e-07, 1.10414546839e-07, 5.66755034015e-08, 5.37471471773e-08, 4.82019046899e-08, 5.06699961988e-08, 4.69650558443e-08, 3.51661952891e-08, 3.37723520261e-08, 2.9436488802e-08, 2.66921418302e-08, 1.68151768065e-08, 1.49751109291e-08, 1.02578745498e-08], "min": [2.23751647364e-14, 9.79805531143e-15, 6.23518528408e-15, 1.00405820201e-14, 5.85131630513e-15, 2.41386411693e-15, 1.5565334725e-15, 2.06193886801e-15, 5.96159745376e-15, 1.19602991858e-14, 5.84647805293e-15, 7.57543577564e-15, 1.23442346568e-14, 1.55536255533e-14, 6.70575486144e-15, 3.21343082013e-15, 6.78018618761e-15, 1.48406457343e-14, 1.79680489237e-14, 7.1454225593e-15, 6.33115284645e-15, 4.21366195787e-15, 3.29488362592e-15, 2.05929591345e-15, 9.61995435229e-16, 2.88258483313e-15, 5.00739705099e-15, 4.9599725233e-15, 4.39529123275e-15, 3.77951140911e-15, 2.83619241509e-15, 1.0396647566e-14, 8.46320507842e-15, 1.07332034021e-14, 6.16538722812e-15, 6.11087303467e-15, 6.04401545359e-15, 4.18600633214e-15, 9.2300375581e-15, 5.67419282201e-15], "var": [5.27627744304e-05, 3.23893218592e-05, 3.71683131561e-06, 2.15637192014e-06, 9.78118805506e-06, 6.05846878443e-07, 7.89333057583e-07, 2.50327957474e-07, 8.71115890533e-09, 1.23832712973e-08, 3.46889628133e-08, 7.93132102217e-08, 9.09946074046e-09, 3.05544967105e-09, 1.66696434434e-09, 6.70866195929e-10, 2.25478427596e-10, 8.34421698404e-10, 4.28637569883e-10, 1.02148414727e-10, 2.66250410608e-10, 1.74811401465e-10, 2.55505200331e-10, 1.16774492853e-10, 3.84701923095e-11, 8.72382235895e-11, 4.36349498201e-11, 1.16070375533e-10, 7.33206134695e-11, 2.12514849468e-11, 2.36304465578e-11, 4.87725901333e-11, 3.88004975371e-11, 1.54211088343e-11, 1.17952670201e-11, 3.66662039272e-12, 5.61651094556e-13, 1.91004113567e-13, 1.87870091662e-13, 1.0458177564e-13]}, "mfcc": {"mean": [-766.918151855, 165.354858398, 21.8292217255, 19.7590389252, 6.66819858551, -5.38606119156, -14.315905571, -7.50583648682, -11.3682365417, -7.80763244629, -7.13930654526, 0.138417869806, 7.64755010605], "cov": [[14302.8330078, 490.658569336, -137.427307129, 347.95501709, -283.343322754, 426.272277832, -86.1452560425, 93.5790023804, 82.803024292, 155.003341675, -20.9299964905, 52.6988792419, -6.98151922226], [490.658569336, 2926.81689453, 52.6509246826, 237.233001709, 424.265441895, -136.781341553, -19.2038002014, 12.5402383804, -9.26967048645, -23.2323455811, -2.1048438549, 16.908082962, 79.771446228], [-137.427307129, 52.6509246826, 572.706115723, 204.318847656, 179.144042969, 101.84098053, 39.3588256836, 43.1453475952, 62.061706543, 53.113483429, 55.5567550659, 46.7574386597, 33.2960968018], [347.95501709, 237.233001709, 204.318847656, 394.738067627, 197.941452026, 130.773956299, 72.6716842651, 60.9008560181, 81.6643829346, 74.3801727295, 72.7977371216, 44.3206596375, 29.5753898621], [-283.343322754, 424.265441895, 179.144042969, 197.941452026, 400.365631104, 148.631134033, 87.9555435181, 77.1830825806, 96.4921035767, 92.4255142212, 65.2392501831, 25.838060379, 30.1170520782], [426.272277832, -136.781341553, 101.84098053, 130.773956299, 148.631134033, 284.309020996, 118.825080872, 86.5216293335, 87.6285018921, 77.7113342285, 41.2885437012, 4.98848152161, 10.4643144608], [-86.1452560425, -19.2038002014, 39.3588256836, 72.6716842651, 87.9555435181, 118.825080872, 212.931900024, 103.106956482, 76.7508468628, 46.9446525574, 31.7434005737, 55.8185691833, 13.5707235336], [93.5790023804, 12.5402383804, 43.1453475952, 60.9008560181, 77.1830825806, 86.5216293335, 103.106956482, 162.447616577, 101.077514648, 47.873046875, 20.3432979584, 42.9917488098, 11.6856184006], [82.803024292, -9.26967048645, 62.061706543, 81.6643829346, 96.4921035767, 87.6285018921, 76.7508468628, 101.077514648, 166.964477539, 100.098953247, 59.5635757446, 48.2909202576, 16.0727443695], [155.003341675, -23.2323455811, 53.113483429, 74.3801727295, 92.4255142212, 77.7113342285, 46.9446525574, 47.873046875, 100.098953247, 160.444198608, 90.5705413818, 44.6706924438, 24.0013332367], [-20.9299964905, -2.1048438549, 55.5567550659, 72.7977371216, 65.2392501831, 41.2885437012, 31.7434005737, 20.3432979584, 59.5635757446, 90.5705413818, 122.167533875, 63.5007324219, 24.4555282593], [52.6988792419, 16.908082962, 46.7574386597, 44.3206596375, 25.838060379, 4.98848152161, 55.8185691833, 42.9917488098, 48.2909202576, 44.6706924438, 63.5007324219, 126.661903381, 46.600189209], [-6.98151922226, 79.771446228, 33.2960968018, 29.5753898621, 30.1170520782, 10.4643144608, 13.5707235336, 11.6856184006, 16.0727443695, 24.0013332367, 24.4555282593, 46.600189209, 102.990242004]], "icov": [[9.52911286731e-05, -6.36680051684e-05, 3.95627939724e-05, -0.000113888454507, 0.000270906981314, -0.000339011166943, 0.000209864345379, -4.0769635234e-05, 3.57735843863e-05, -0.000196909444639, 0.0002051545016, -0.000207926219446, 9.35577045311e-05], [-6.36680051684e-05, 0.000558395578992, 0.000127067512949, -0.000193719926756, -0.0009637127514, 0.000881202460732, -0.000121333003335, -8.25000388431e-05, 9.64188948274e-05, 0.000313882948831, 8.77943239175e-06, 0.00020734591817, -0.000388743384974], [3.95627939724e-05, 0.000127067512949, 0.00235631526448, -0.000932316761464, -0.000696363102179, -0.000306049128994, 0.000511858612299, 2.0160288841e-05, -7.77068125899e-05, 0.000247898657108, 7.88312827353e-05, -0.000687071180437, -0.000178275629878], [-0.000113888454507, -0.000193719926756, -0.000932316761464, 0.00430022738874, -0.00103916949593, -0.000712454901077, -0.000313106691465, 9.06656205188e-05, -0.000422470882768, 0.000497961242218, -0.00144638039637, 4.62829257231e-06, -9.26657230593e-05], [0.000270906981314, -0.0009637127514, -0.000696363102179, -0.00103916949593, 0.00602874858305, -0.00265120435506, 0.000104104474303, -0.000352139468305, -0.000489628640935, -0.00151986104902, -0.000164615135873, 0.000339674181305, 0.000137007678859], [-0.000339011166943, 0.000881202460732, -0.000306049128994, -0.000712454901077, -0.00265120435506, 0.00830588769168, -0.00332846888341, -0.000983666977845, -0.000373079528799, -0.00035020353971, -0.00104883720633, 0.0036223216448, -0.00117053755093], [0.000209864345379, -0.000121333003335, 0.000511858612299, -0.000313106691465, 0.000104104474303, -0.00332846888341, 0.00896147917956, -0.00334978825413, 0.000111649467726, -7.5063398981e-05, 0.00104120932519, -0.00375593081117, 0.000991916516796], [-4.0769635234e-05, -8.25000388431e-05, 2.0160288841e-05, 9.06656205188e-05, -0.000352139468305, -0.000983666977845, -0.00334978825413, 0.0129816047847, -0.00652665784582, 0.000810142373666, 0.00278934836388, -0.00215189484879, 0.000341042818036], [3.57735843863e-05, 9.64188948274e-05, -7.77068125899e-05, -0.000422470882768, -0.000489628640935, -0.000373079528799, 0.000111649467726, -0.00652665784582, 0.0146549083292, -0.00611179927364, -0.000485463358928, -0.00101373228244, 0.000692323199473], [-0.000196909444639, 0.000313882948831, 0.000247898657108, 0.000497961242218, -0.00151986104902, -0.00035020353971, -7.5063398981e-05, 0.000810142373666, -0.00611179927364, 0.0154319526628, -0.00862730294466, 0.00158079550602, -0.00139080395456], [0.0002051545016, 8.77943239175e-06, 7.88312827353e-05, -0.00144638039637, -0.000164615135873, -0.00104883720633, 0.00104120932519, 0.00278934836388, -0.000485463358928, -0.00862730294466, 0.019187791273, -0.00774952722713, 0.00113451166544], [-0.000207926219446, 0.00020734591817, -0.000687071180437, 4.62829257231e-06, 0.000339674181305, 0.0036223216448, -0.00375593081117, -0.00215189484879, -0.00101373228244, 0.00158079550602, -0.00774952722713, 0.0160486605018, -0.00531380204484], [9.35577045311e-05, -0.000388743384974, -0.000178275629878, -9.26657230593e-05, 0.000137007678859, -0.00117053755093, 0.000991916516796, 0.000341042818036, 0.000692323199473, -0.00139080395456, 0.00113451166544, -0.00531380204484, 0.0123618440703]]}, "spectral_contrast_coeffs": {"dmean": [0.0514850504696, 0.0370959341526, 0.035480171442, 0.0329071432352, 0.0246490594, 0.0216572340578], "dmean2": [0.0812034532428, 0.0582472495735, 0.0558610968292, 0.0520481169224, 0.0384746901691, 0.0331069007516], "dvar": [0.00321415485814, 0.00159166066442, 0.00150625337847, 0.00122402410489, 0.000800674897619, 0.000525416340679], "dvar2": [0.00687093567103, 0.0037404820323, 0.00328491837718, 0.00272602797486, 0.00167269259691, 0.00120366492774], "max": [-0.22125698626, -0.382771581411, -0.454832494259, -0.578791797161, -0.606105029583, -0.650031208992], "mean": [-0.597114026546, -0.601518809795, -0.714340031147, -0.750352919102, -0.781871199608, -0.798854351044], "median": [-0.614100635052, -0.588727474213, -0.71047526598, -0.746402144432, -0.783887267113, -0.795350551605], "min": [-0.962904751301, -0.970079302788, -0.960370182991, -0.967524051666, -0.964566171169, -0.963361561298], "var": [0.0180116444826, 0.00850574765354, 0.00812711846083, 0.00566574186087, 0.00405004248023, 0.00245955586433]}, "spectral_contrast_valleys": {"dmean": [0.506855666637, 0.378552764654, 0.441045284271, 0.499977469444, 0.511230885983, 0.620625913143], "dmean2": [0.775184333324, 0.567314445972, 0.666998684406, 0.75117701292, 0.707404732704, 0.770845890045], "dvar": [0.412484943867, 0.292325824499, 0.395258724689, 0.546443521976, 0.642664313316, 0.661782324314], "dvar2": [0.636186480522, 0.474448889494, 0.681381642818, 1.04926645756