{"lowlevel": {"average_loudness": 0.91120672226, "barkbands_crest": {"dmean": 3.00302028656, "dmean2": 4.37127447128, "dvar": 11.3535861969, "dvar2": 20.9499645233, "max": 26.672410965, "mean": 14.0849952698, "median": 13.559261322, "min": 2.26330780983, "var": 45.0074424744}, "barkbands_flatness_db": {"dmean": 0.0418950989842, "dmean2": 0.0540993697941, "dvar": 0.0023001069203, "dvar2": 0.00419640447944, "max": 0.596809267998, "mean": 0.181407347322, "median": 0.154394626617, "min": 0.0188360530883, "var": 0.011357598938}, "barkbands_kurtosis": {"dmean": 23.6836605072, "dmean2": 32.9090805054, "dvar": 4366.28027344, "dvar2": 8580.24316406, "max": 1472.40881348, "mean": 33.8900642395, "median": 3.5565199852, "min": -1.94106388092, "var": 8675.14746094}, "barkbands_skewness": {"dmean": 1.50500226021, "dmean2": 1.97362804413, "dvar": 4.02633714676, "dvar2": 6.66847229004, "max": 34.1369552612, "mean": 3.13581466675, "median": 1.93529963493, "min": -3.85859465599, "var": 16.2130432129}, "barkbands_spread": {"dmean": 11.6338367462, "dmean2": 16.6757297516, "dvar": 237.839782715, "dvar2": 448.911773682, "max": 124.563621521, "mean": 26.2715587616, "median": 19.7910900116, "min": 0.0626520961523, "var": 634.996276855}, "dissonance": {"dmean": 0.0148896267638, "dmean2": 0.024232417345, "dvar": 0.000270275049843, "dvar2": 0.000678255746607, "max": 0.500000119209, "mean": 0.471903204918, "median": 0.480162471533, "min": 0.270369559526, "var": 0.000706963473931}, "dynamic_complexity": 5.07289409637, "erbbands_crest": {"dmean": 2.90176081657, "dmean2": 4.65843153, "dvar": 8.8045091629, "dvar2": 21.5716075897, "max": 30.7936210632, "mean": 9.03396987915, "median": 7.93276643753, "min": 2.37285995483, "var": 20.5540390015}, "erbbands_flatness_db": {"dmean": 0.0205651260912, "dmean2": 0.0304552577436, "dvar": 0.00053122418467, "dvar2": 0.00106675492134, "max": 0.482560515404, "mean": 0.145934268832, "median": 0.130667671561, "min": 0.041313264519, "var": 0.0041461000219}, "erbbands_kurtosis": {"dmean": 1.31067442894, "dmean2": 2.08335566521, "dvar": 5.29402685165, "dvar2": 12.5160226822, "max": 45.2976455688, "mean": 0.652097046375, "median": -0.0854256153107, "min": -1.89961206913, "var": 7.8534655571}, "erbbands_skewness": {"dmean": 0.485537350178, "dmean2": 0.705442786217, "dvar": 0.283620595932, "dvar2": 0.591448426247, "max": 6.02861404419, "mean": 0.00328942597844, "median": -0.0896085724235, "min": -4.71252679825, "var": 0.977242827415}, "erbbands_spread": {"dmean": 13.9691972733, "dmean2": 20.3007678986, "dvar": 227.273590088, "dvar2": 469.800415039, "max": 204.406173706, "mean": 51.7684059143, "median": 45.3396530151, "min": 1.22034490108, "var": 993.476379395}, "hfc": {"dmean": 31.0289592743, "dmean2": 44.4002876282, "dvar": 5751.52587891, "dvar2": 13316.9902344, "max": 692.059570312, "mean": 40.0608062744, "median": 11.8282022476, "min": 1.10127670234e-16, "var": 6633.93164062}, "melbands_crest": {"dmean": 3.64461684227, "dmean2": 5.7123041153, "dvar": 18.7765445709, "dvar2": 40.6913604736, "max": 37.4910850525, "mean": 18.8200721741, "median": 18.9684066772, "min": 1.77209687233, "var": 70.8420181274}, "melbands_flatness_db": {"dmean": 0.0517933703959, "dmean2": 0.0652448832989, "dvar": 0.00340758333914, "dvar2": 0.00617054384202, "max": 0.727770745754, "mean": 0.250234901905, "median": 0.235549852252, "min": 0.00425675231963, "var": 0.0210519693792}, "melbands_kurtosis": {"dmean": 42.7485733032, "dmean2": 59.6990699768, "dvar": 7079.44482422, "dvar2": 12625.0869141, "max": 1609.41186523, "mean": 75.6126174927, "median": 20.8586368561, "min": -1.84969890118, "var": 17501.3535156}, "melbands_skewness": {"dmean": 1.79763281345, "dmean2": 2.4517250061, "dvar": 4.92380905151, "dvar2": 8.81299781799, "max": 28.7235088348, "mean": 5.32823085785, "median": 4.17844486237, "min": -1.97630643845, "var": 22.1454715729}, "melbands_spread": {"dmean": 13.3125495911, "dmean2": 20.8661460876, "dvar": 542.758422852, "dvar2": 1297.32678223, "max": 237.462768555, "mean": 27.1906147003, "median": 13.6104793549, "min": 0.157939061522, "var": 1156.04614258}, "pitch_salience": {"dmean": 0.095665961504, "dmean2": 0.142780303955, "dvar": 0.0121994977817, "dvar2": 0.0247015524656, "max": 0.998439252377, "mean": 0.437631309032, "median": 0.45263132453, "min": 0.0201465524733, "var": 0.0398675650358}, "silence_rate_20dB": {"dmean": 0, "dmean2": 0, "dvar": 0, "dvar2": 0, "max": 1, "mean": 1, "median": 1, "min": 1, "var": 0}, "silence_rate_30dB": {"dmean": 0.0667079389095, "dmean2": 0.133426204324, "dvar": 0.062262147665, "dvar2": 0.116871930659, "max": 1, "mean": 0.80198097229, "median": 1, "min": 0, "var": 0.158795297146}, "silence_rate_60dB": {"dmean": 0.0407057739794, "dmean2": 0.0814178436995, "dvar": 0.0390450172126, "dvar2": 0.0840816870332, "max": 1, "mean": 0.241971671581, "median": 0, "min": 0, "var": 0.183444410563}, "spectral_centroid": {"dmean": 418.690979004, "dmean2": 574.835876465, "dvar": 249841.828125, "dvar2": 490908.03125, "max": 11777.4384766, "mean": 1653.27661133, "median": 1572.89624023, "min": 88.2790222168, "var": 1222160.875}, "spectral_complexity": {"dmean": 5.8199968338, "dmean2": 8.56667423248, "dvar": 65.6948928833, "dvar2": 113.103546143, "max": 64, "mean": 13.8201656342, "median": 9, "min": 0, "var": 180.100524902}, "spectral_decrease": {"dmean": 4.98272090255e-09, "dmean2": 7.26238935655e-09, "dvar": 7.8756726389e-17, "dvar2": 1.619094876e-16, "max": 1.21382279922e-23, "mean": -1.37874538453e-08, "median": -8.34832381003e-09, "min": -7.9882404691e-08, "var": 2.7679387649e-16}, "spectral_energy": {"dmean": 0.0201682820916, "dmean2": 0.0292033068836, "dvar": 0.00114972318988, "dvar2": 0.00234794942662, "max": 0.307774841785, "mean": 0.0556707680225, "median": 0.0376763343811, "min": 1.01454833041e-20, "var": 0.00407621683553}, "spectral_energyband_high": {"dmean": 0.00270980177447, "dmean2": 0.00385098555125, "dvar": 4.34696594311e-05, "dvar2": 0.000100241421023, "max": 0.0607486106455, "mean": 0.00312397722155, "median": 0.000383926730137, "min": 6.90043760515e-21, "var": 5.09631754539e-05}, "spectral_energyband_low": {"dmean": 0.0184386707842, "dmean2": 0.0272323749959, "dvar": 0.00120658811647, "dvar2": 0.00245254999027, "max": 0.295466125011, "mean": 0.0459949746728, "median": 0.0233244355768, "min": 2.32549521096e-23, "var": 0.00376314343885}, "spectral_energyband_middle_high": {"dmean": 0.00182571006007, "dmean2": 0.00283863418736, "dvar": 1.1986939171e-05, "dvar2": 2.63573474513e-05, "max": 0.0433432757854, "mean": 0.00311303744093, "median": 0.00110757164657, "min": 1.37090575565e-21, "var": 2.36537725868e-05}, "spectral_energyband_middle_low": {"dmean": 0.00334701128304, "dmean2": 0.00580572523177, "dvar": 8.43519082991e-05, "dvar2": 0.000231728190556, "max": 0.135714530945, "mean": 0.004549077712, "median": 0.00217425008304, "min": 2.40463408407e-22, "var": 6.60692167003e-05}, "spectral_entropy": {"dmean": 0.239171311259, "dmean2": 0.334606319666, "dvar": 0.102463558316, "dvar2": 0.198805421591, "max": 9.82576179504, "mean": 7.69730138779, "median": 7.86935901642, "min": 4.45519733429, "var": 0.485378950834}, "spectral_flux": {"dmean": 0.0498814620078, "dmean2": 0.070491604507, "dvar": 0.00367752765305, "dvar2": 0.00717022689059, "max": 0.469115316868, "mean": 0.0985345765948, "median": 0.0626580864191, "min": 6.62581794986e-11, "var": 0.00891399756074}, "spectral_kurtosis": {"dmean": 2.35420155525, "dmean2": 3.86290025711, "dvar": 31.7968444824, "dvar2": 87.7283325195, "max": 239.425186157, "mean": 5.62613964081, "median": 2.74639368057, "min": -1.25323438644, "var": 154.411636353}, "spectral_rms": {"dmean": 0.00122527568601, "dmean2": 0.00171688152477, "dvar": 3.19514902003e-06, "dvar2": 5.31050363861e-06, "max": 0.0173282474279, "mean": 0.00597474863753, "median": 0.00606278795749, "min": 3.14611379483e-12, "var": 1.86154284165e-05}, "spectral_rolloff": {"dmean": 1306.27905273, "dmean2": 2023.24475098, "dvar": 6777030.5, "dvar2": 12064224, "max": 19250.6835938, "mean": 2642.7956543, "median": 732.12890625, "min": 21.533203125, "var": 15031916}, "spectral_skewness": {"dmean": 0.302177876234, "dmean2": 0.464727193117, "dvar": 0.162907168269, "dvar2": 0.401618272066, "max": 11.6846199036, "mean": 1.52009141445, "median": 1.28439950943, "min": -0.581823945045, "var": 0.962761044502}, "spectral_spread": {"dmean": 875409.125, "dmean2": 1261932.375, "dvar": 1381450907650.0, "dvar2": 2545346936830.0, "max": 42813756, "mean": 5858169.5, "median": 5420105, "min": 358303.34375, "var": 9114777288700.0}, "spectral_strongpeak": {"dmean": 0.377716571093, "dmean2": 0.646543979645, "dvar": 1.28019177914, "dvar2": 3.39338040352, "max": 35.9888916016, "mean": 0.697828233242, "median": 0.563303172588, "min": 0, "var": 1.14296746254}, "zerocrossingrate": {"dmean": 0.0245543643832, "dmean2": 0.0273296535015, "dvar": 0.00114389229566, "dvar2": 0.00146687042434, "max": 0.52001953125, "mean": 0.0848695412278, "median": 0.05810546875, "min": 0.0009765625, "var": 0.00664094183594}, "barkbands": {"dmean": [0.00133590388577, 0.0169126987457, 0.00534914853051, 0.00197606510483, 0.00123238167726, 0.000227868411457, 0.000197488887352, 0.000140989286592, 0.000196977503947, 0.000223971379455, 0.000184426084161, 0.000151068350533, 0.000215563195525, 0.000378652475774, 0.000370819383534, 0.000220688350964, 0.000227829325013, 0.000235882078414, 0.000278618681477, 0.000219264911721, 0.000272772886092, 0.0003285081184, 0.000378151104087, 0.000463564647362, 0.000176957328222, 0.0010443610372, 5.68614414078e-05], "dmean2": [0.00208843289874, 0.0245818328112, 0.00933269504458, 0.00352166430093, 0.00229123840109, 0.000375489209546, 0.000333503761794, 0.000237997170188, 0.000318872422213, 0.00035861870856, 0.000302871776512, 0.000260814529611, 0.000362454797141, 0.000664375547785, 0.000624809181318, 0.000359191850293, 0.000353117211489, 0.000357198237907, 0.000429909472587, 0.000308631715598, 0.00038414352457, 0.000461288815131, 0.000564016227145, 0.000730277155526, 0.000245018687565, 0.00156507454813, 9.23050320125e-05], "dvar": [9.07296725927e-06, 0.00119504157919, 0.000255958439084, 4.77951070934e-05, 1.59680348588e-05, 3.05825153646e-07, 2.17130875058e-07, 9.14043880584e-08, 1.41589950431e-07, 1.94550253241e-07, 1.82469904075e-07, 1.68787238408e-07, 3.23880982478e-07, 1.21624054827e-06, 1.08383335373e-06, 2.87680677502e-07, 3.21783488744e-07, 3.09894488737e-07, 3.9470990032e-07, 2.47071710646e-07, 3.16063449191e-07, 3.67910701016e-07, 8.89318584996e-07, 1.70461032667e-06, 1.37628703101e-07, 1.13846026579e-05, 2.37423627425e-08], "dvar2": [2.4839395337e-05, 0.00227755028754, 0.000689772190526, 0.000136809525429, 4.59489274363e-05, 8.51545621572e-07, 5.67619508729e-07, 2.33785968362e-07, 3.40318109693e-07, 4.61488184555e-07, 4.59037664768e-07, 4.56436453078e-07, 9.15228213216e-07, 3.77569494958e-06, 3.20128833664e-06, 7.28834891106e-07, 7.1335193752e-07, 6.44940428174e-07, 8.2956097458e-07, 4.5875154342e-07, 6.08358675436e-07, 7.72381440584e-07, 2.03984927793e-06, 4.3566765271e-06, 2.52261031619e-07, 2.70132513833e-05, 5.99282969915e-08], "max": [0.0373668968678, 0.289155393839, 0.166079282761, 0.122937254608, 0.0436092615128, 0.00766550097615, 0.0080898925662, 0.00596818048507, 0.00808246899396, 0.00997534487396, 0.00720428768545, 0.009008907713, 0.0115969143808, 0.0312574468553, 0.0203649289906, 0.0123332906514, 0.0217982884496, 0.011736119166, 0.0129413353279, 0.0139503385872, 0.0127131342888, 0.00791155267507, 0.00961976312101, 0.0122988736257, 0.00425397278741, 0.0248444397002, 0.00136201723944], "mean": [0.00179114460479, 0.0363460406661, 0.00684608379379, 0.00227117352188, 0.00101068022195, 0.000398923904868, 0.000243227987085, 0.000164722077898, 0.00027859734837, 0.000359532510629, 0.000187027137144, 0.000162487136549, 0.000266495131655, 0.000480370537844, 0.000476322456961, 0.000253003119724, 0.000288593902951, 0.000283575005597, 0.000314669130603, 0.000276809732895, 0.000346837245161, 0.000429030507803, 0.000412979657995, 0.000514539307915, 0.000213888488361, 0.000998130417429, 5.53866411792e-05], "median": [0.000194014879526, 0.010664312169, 0.00069173250813, 0.000295943988021, 0.00019250420155, 0.000172453728737, 7.20781026757e-05, 4.17685696448e-05, 0.000104311693576, 0.000103291429696, 3.89304295823e-05, 2.27826931223e-05, 6.25424145255e-05, 6.95158887538e-05, 8.38095293147e-05, 7.01382450643e-05, 8.34779784782e-05, 5.59122563573e-05, 5.99348641117e-05, 4.56679081253e-05, 5.2874424e-05, 6.44358879072e-05, 4.32071719842e-05, 4.8717341997e-05, 2.3034215701e-05, 1.95492302737e-05, 1.84783743862e-06], "min": [9.33259132909e-25, 1.87980366954e-24, 2.89299018936e-24, 7.47690944831e-25, 1.71797307524e-23, 1.4838792327e-23, 2.02357636997e-23, 1.0772768141e-23, 2.77084521505e-23, 3.03679357648e-23, 2.97681900622e-23, 2.40548176244e-23, 4.78806131509e-23, 3.3626177428e-23, 5.5357411567e-23, 4.30439239252e-23, 7.74518845984e-23, 1.05698077984e-22, 1.7084393441e-22, 1.61108570424e-22, 2.66173003775e-22, 3.69972659592e-22, 4.45083804558e-22, 6.58825376527e-22, 8.33840315154e-22, 1.34284522856e-21, 1.98232521134e-21], "var": [1.31068745759e-05, 0.0032567253802, 0.000222239177674, 3.39864636771e-05, 9.66051084106e-06, 4.21572281084e-07, 2.50341372521e-07, 1.13428328063e-07, 2.12406320088e-07, 4.40084278353e-07, 1.7935535368e-07, 1.89183282373e-07, 4.27333475272e-07, 1.5710364778e-06, 1.53628388944e-06, 3.15942486395e-07, 4.42987158067e-07, 4.60831245164e-07, 5.3234856523e-07, 4.75910411524e-07, 6.04365254731e-07, 6.45256875487e-07, 9.99741473606e-07, 1.72591683167e-06, 2.49270698305e-07, 1.14111326184e-05, 2.20145466301e-08]}, "erbbands": {"dmean": [0.669702589512, 3.65163874626, 6.0538687706, 6.40418291092, 5.17755222321, 3.64349341393, 1.90087389946, 1.87185800076, 2.48169779778, 2.9563369751, 3.5233798027, 4.47216463089, 6.57784461975, 6.58761835098, 6.47703886032, 6.84297657013, 9.01566314697, 20.6936855316, 17.2785129547, 17.1056270599, 11.6561784744, 11.7561502457, 12.1631593704, 14.4271192551, 12.8872699738, 10.5809412003, 10.6846151352, 11.3693990707, 10.6039228439, 18.6013088226, 7.30218505859, 9.26031494141, 6.96546173096, 1.8330000639, 1.46558582783, 1.28238999844, 2.19588685036, 0.620956718922, 0.0152022363618, 0.000592884956859], "dmean2": [0.918732047081, 5.12715435028, 9.83837795258, 11.280415535, 9.3716583252, 6.68114852905, 3.30228829384, 3.0951666832, 4.27202892303, 4.95742607117, 5.86066532135, 7.22855901718, 10.2185916901, 10.8518161774, 10.6512956619, 11.6307172775, 15.1268558502, 36.486782074, 29.6681537628, 28.6245231628, 18.2518825531, 17.884552002, 18.1068286896, 22.3769836426, 19.7451438904, 14.9654579163, 14.7835998535, 16.7187843323, 14.737622261, 27.5712013245, 10.4868059158, 13.8173217773, 11.4703330994, 2.60850381851, 2.0224852562, 1.92374563217, 3.19813847542, 0.977357685566, 0.0232700295746, 0.000910815608222], "dvar": [2.07647943497, 49.7964515686, 230.994354248, 469.460266113, 238.677581787, 142.203704834, 47.5164222717, 17.8651218414, 34.0751686096, 49.1878967285, 60.5708351135, 73.6822128296, 171.054428101, 197.509841919, 190.948501587, 391.549865723, 594.336303711, 4198.06689453, 2818.57641602, 2389.88720703, 736.793151855, 612.486938477, 741.479309082, 1376.65649414, 891.499816895, 620.705749512, 522.284484863, 497.444091797, 371.778106689, 2372.66772461, 251.452896118, 569.686218262, 420.643798828, 15.0721988678, 10.1231708527, 10.7447319031, 50.689617157, 4.58406591415, 0.00196274369955, 2.39712358052e-06], "dvar2": [3.83398127556, 98.39112854, 594.805908203, 1285.07458496, 674.429748535, 406.644927979, 135.81338501, 49.1721572876, 95.1690826416, 120.933517456, 147.637832642, 178.518218994, 383.961334229, 497.727416992, 463.012420654, 1058.86425781, 1688.98046875, 13079.3037109, 8635.05761719, 6708.21630859, 1707.55419922, 1301.13439941, 1491.03259277, 2861.86181641, 1901.05688477, 1191.42211914, 1044.07666016, 929.045349121, 730.852111816, 5743.57177734, 558.728820801, 1366.71923828, 1129.67932129, 31.9346122742, 18.2849578857, 23.9461345673, 114.980026245, 11.5353517532, 0.00485571008176, 5.64674610359e-06], "max": [10.6706962585, 68.6599731445, 173.094894409, 298.181915283, 180.64515686, 140.608657837, 90.9888381958, 60.5239906311, 82.9912490845, 154.260726929, 164.672271729, 224.034225464, 425.12902832, 240.346832275, 226.570510864, 457.579284668, 548.855102539, 1966.34338379, 1251.87890625, 1467.99267578, 644.18737793, 672.161315918, 506.771362305, 1110.10131836, 524.125671387, 880.924255371, 566.379699707, 508.294128418, 311.003692627, 480.505462646, 181.611404419, 219.286300659, 199.447021484, 48.2226104736, 37.4961090088, 29.6233577728, 51.7328834534, 16.0709190369, 0.339047163725, 0.0161515772343], "mean": [1.27671670914, 7.15121841431, 9.32175350189, 7.61027526855, 5.54244232178, 3.07513833046, 2.42755937576, 3.30982089043, 3.03108716011, 3.72436976433, 4.38414764404, 6.31426811218, 11.4057531357, 8.90090465546, 7.22075748444, 8.31242084503, 12.0758171082, 26.482635498, 23.4581069946, 20.4910049438, 14.7160015106, 14.8155031204, 15.0147714615, 17.1795425415, 14.9320411682, 13.3446769714, 13.3404493332, 14.5119495392, 13.8839702606, 19.8931083679, 8.61266040802, 10.4345598221, 7.69233894348, 2.23605132103, 1.70753109455, 1.44497692585, 2.13209652901, 0.543224275112, 0.0143459411338, 0.000638017198071], "median": [0.210133209825, 2.28142642975, 2.89513659477, 1.65325772762, 0.977765798569, 0.627200901508, 0.88080483675, 1.37795591354, 1.10499215126, 1.01764953136, 1.2887045145, 2.72201037407, 4.18315982819, 2.35754871368, 1.88644611835, 1.47657167912, 3.06396865845, 3.30248761177, 3.93699216843, 5.26511287689, 4.69966936111, 4.15385770798, 3.33990645409, 3.37226200104, 2.78417921066, 2.31540846825, 2.13289737701, 2.00778508186, 2.13700389862, 1.90297102928, 1.14124429226, 1.05850279331, 0.74816095829, 0.318095058203, 0.142137408257, 0.0701011270285, 0.0350945405662, 0.00655960151926, 0.000374873925466, 0.000102995159978], "min": [3.3166426137e-23, 9.3932558371e-22, 4.16953999079e-21, 6.63091324257e-21, 1.81250135612e-20, 5.874289036e-20, 7.87557304119e-20, 1.28713245346e-19, 2.11817509474e-19, 2.99777414271e-19, 3.42706149358e-19, 5.00196064712e-19, 6.86378600768e-19, 1.00836821848e-18, 1.05597039478e-18, 1.38620219521e-18, 2.12758401572e-18, 2.81015939513e-18, 3.51188131738e-18, 3.8326714715e-18, 2.69569352158e-18, 3.92198257583e-18, 4.71618639249e-18, 8.82966086654e-18, 8.92089144348e-18, 9.36035099623e-18, 1.35743994658e-17, 9.5098787812e-18, 1.19902997891e-17, 1.34709903087e-17, 1.31309983975e-17, 1.33681088929e-17, 1.11887063545e-17, 7.64063588529e-18, 7.24634452988e-18, 4.76554798196e-18, 2.29599157778e-18, 1.08365033962e-18, 2.62622063818e-19, 3.00151629488e-20], "var": [5.60878896713, 118.328193665, 253.03364563, 347.841827393, 170.411895752, 88.2376174927, 32.936214447, 27.7381572723, 31.8207588196, 73.109085083, 78.8971786499, 104.228752136, 399.42590332, 341.490875244, 206.773529053, 485.990142822, 821.546691895, 5345.22802734, 3788.62084961, 2751.48950195, 969.454406738, 914.551269531, 1134.75061035, 1946.8536377, 1205.0201416, 1145.68457031, 933.212036133, 983.915344238, 718.867919922, 2519.35595703, 338.136993408, 638.614746094, 393.262207031, 24.5513496399, 17.6196250916, 13.7437782288, 53.4751281738, 4.01267337799, 0.00184751092456, 2.54119800047e-06]}, "gfcc": {"mean": [-48.148765564, 56.1283378601, -97.2863235474, 34.5974197388, -42.2136116028, 19.7656764984, -25.7945747375, 8.51891326904, -12.5853261948, 2.10858631134, -17.0159435272, 1.80200469494, -9.46903991699], "cov": [[22460.1464844, -4465.56445312, 2115.34643555, 2234.40576172, 808.169799805, 1804.24450684, 210.889175415, 762.770690918, -262.732208252, 552.550354004, -750.205444336, 105.128982544, -980.09552002], [-4465.56445312, 4464.93701172, -95.1573791504, -41.0630111694, 530.325927734, -425.111877441, 468.352508545, -341.394226074, 335.479309082, -321.477661133, 400.028503418, -308.594512939, 388.952148438], [2115.34643555, -95.1573791504, 2587.50634766, 552.026489258, 942.175598145, 700.27532959, 464.710174561, 280.822052002, 91.2028045654, 44.5013160706, -253.679718018, 82.730140686, -376.403198242], [2234.40576172, -41.0630111694, 552.026489258, 982.63293457, 383.71182251, 359.557800293, 310.376251221, 172.778793335, 123.454589844, 11.8288373947, -11.44323349, -57.605091095, -20.6157207489], [808.169799805, 530.325927734, 942.175598145, 383.71182251, 847.530273438, 382.000244141, 367.406066895, 169.100692749, 125.130744934, 27.9677734375, -21.1840400696, -24.8221111298, -102.264122009], [1804.24450684, -425.111877441, 700.27532959, 359.557800293, 382.000244141, 513.822875977, 223.089065552, 207.386032104, 54.0900878906, 104.924758911, -71.5016479492, 33.4261817932, -135.726242065], [210.889175415, 468.352508545, 464.710174561, 310.376251221, 367.406066895, 223.089065552, 391.759765625, 120.024154663, 138.596618652, -4.45475578308, 31.8829917908, -27.9765434265, 9.30368709564], [762.770690918, -341.394226074, 280.822052002, 172.778793335, 169.100692749, 207.386032104, 120.024154663, 262.372161865, 68.2582321167, 95.6835708618, -20.5429668427, 57.2141151428, -27.795671463], [-262.732208252, 335.479309082, 91.2028045654, 123.454589844, 125.130744934, 54.0900878906, 138.596618652, 68.2582321167, 207.264663696, 29.4284648895, 76.9675292969, -19.5769958496, 63.3541526794], [552.550354004, -321.477661133, 44.5013160706, 11.8288373947, 27.9677734375, 104.924758911, -4.45475578308, 95.6835708618, 29.4284648895, 174.677520752, 35.846244812, 47.9295578003, -20.1588859558], [-750.205444336, 400.028503418, -253.679718018, -11.44323349, -21.1840400696, -71.5016479492, 31.8829917908, -20.5429668427, 76.9675292969, 35.846244812, 198.017379761, 13.2291574478, 115.605392456], [105.128982544, -308.594512939, 82.730140686, -57.605091095, -24.8221111298, 33.4261817932, -27.9765434265, 57.2141151428, -19.5769958496, 47.9295578003, 13.2291574478, 140.590667725, 0.598320364952], [-980.09552002, 388.952148438, -376.403198242, -20.6157207489, -102.264122009, -135.726242065, 9.30368709564, -27.795671463, 63.3541526794, -20.1588859558, 115.605392456, 0.598320364952, 216.030334473]], "icov": [[0.000101341815025, 5.9667190726e-06, 5.67041824979e-05, -0.000235858737142, 1.49407042045e-05, -0.000175022112671, 7.70752158132e-05, 2.73899968306e-05, 7.131829625e-05, -0.000224884875934, 0.000226392177865, -8.00599736976e-05, 0.000259806955], [5.9667190726e-06, 0.000801926420536, -0.000209666701267, 0.000301414984278, -0.000625247892458, 0.000637807301246, -0.000604322762229, 0.000592928030528, -0.000274148711469, 0.000737882161047, -0.00118722335901, 0.00120428891387, -0.000765013566706], [5.67041824979e-05, -0.000209666701267, 0.00120669882745, -0.000328701833496, -0.000526841089595, -0.000575918180402, -0.000302935513901, 0.000196750406758, -0.000424260360887, -0.000137718408951, 0.00138662056997, -0.00159283331595, 0.00150697526988], [-0.000235858737142, 0.000301414984278, -0.000328701833496, 0.00236682337709, -0.000247922289418, -0.000366371852579, -0.000805527262855, -0.000331416522386, -0.000287755829049, 0.00133013224695, -0.00124624161981, 0.00164895947091, -0.00144423241727], [1.49407042045e-05, -0.000625247892458, -0.000526841089595, -0.000247922289418, 0.0034073041752, -0.00126231147442, -0.00077641045209, -0.000821549270768, 0.00025104850647, -0.000369283166947, 3.46954293491e-05, 6.02612053626e-05, 0.000872686970979], [-0.000175022112671, 0.000637807301246, -0.000575918180402, -0.000366371852579, -0.00126231147442, 0.00670431507751, -0.00206667860039, -0.000869008246809, 7.8241348092e-05, -0.00148083502427, -0.000338194164215, 0.000390050758142, 0.0006297485088], [7.70752158132e-05, -0.000604322762229, -0.000302935513901, -0.000805527262855, -0.00077641045209, -0.00206667860039, 0.00723155029118, -0.00163581699599, -0.00142654438969, 0.00142128067091, -0.000490815495141, 0.000288419541903, -0.000542014488019], [2.73899968306e-05, 0.000592928030528, 0.000196750406758, -0.000331416522386, -0.000821549270768, -0.000869008246809, -0.00163581699599, 0.00848046317697, -0.00201317132451, -0.00261821947061, 0.00191697536502, -0.00224923482165, -0.00107891426887], [7.131829625e-05, -0.000274148711469, -0.000424260360887, -0.000287755829049, 0.00025104850647, 7.8241348092e-05, -0.00142654438969, -0.00201317132451, 0.00878420472145, -0.00141101016197, -0.00200230302289, 0.0019373173127, -0.00162074831314], [-0.000224884875934, 0.000737882161047, -0.000137718408951, 0.00133013224695, -0.000369283166947, -0.00148083502427, 0.00142128067091, -0.00261821947061, -0.00141101016197, 0.0113811055198, -0.0052441121079, 0.00046467964421, 0.00031577484333], [0.000226392177865, -0.00118722335901, 0.00138662056997, -0.00124624161981, 3.46954293491e-05, -0.000338194164215, -0.000490815495141, 0.00191697536502, -0.00200230302289, -0.0052441121079, 0.0129581047222, -0.00459791300818, -0.00129030656535], [-8.00599736976e-05, 0.00120428891387, -0.00159283331595, 0.00164895947091, 6.02612053626e-05, 0.000390050758142, 0.000288419541903, -0.00224923482165, 0.0019373173127, 0.00046467964421, -0.00459791300818, 0.0128776310012, -0.00327759981155], [0.000259806955, -0.000765013566706, 0.00150697526988, -0.00144423241727, 0.000872686970979, 0.0006297485088, -0.000542014488019, -0.00107891426887, -0.00162074831314, 0.00031577484333, -0.00129030656535, -0.00327759981155, 0.0115705579519]]}, "melbands": {"dmean": [0.00502426968887, 0.00323232472874, 0.00103233882692, 0.00032746620127, 7.64258875279e-05, 4.23800011049e-05, 3.92681722587e-05, 3.07912341668e-05, 2.94474757538e-05, 2.82853943645e-05, 3.26957633661e-05, 2.64402642642e-05, 2.62359171757e-05, 1.76769117388e-05, 1.76928060682e-05, 2.33439150179e-05, 4.22803022957e-05, 2.69945503533e-05, 2.35607531067e-05, 1.87760397239e-05, 1.40302563523e-05, 1.25153565023e-05, 1.25693804875e-05, 1.18662228488e-05, 1.21261346067e-05, 9.4203342087e-06, 8.41630298964e-06, 6.99297424944e-06, 6.62724687572e-06, 6.75369301462e-06, 7.01269436831e-06, 5.98399174123e-06, 7.35302955945e-06, 1.10552546175e-05, 3.9118181121e-06, 4.24915970143e-06, 6.6020770646e-06, 6.89566468282e-06, 1.48209733197e-06, 1.49611571487e-06], "dmean2": [0.00730443932116, 0.00478795031086, 0.00177341070957, 0.000604066124652, 0.000135131238494, 7.00153468642e-05, 6.72306487104e-05, 5.20922367286e-05, 4.85610835312e-05, 4.56922862213e-05, 5.07246477355e-05, 4.36988302681e-05, 4.3284973799e-05, 3.05599496642e-05, 2.95130976156e-05, 4.00842473027e-05, 7.47961748857e-05, 4.652403004e-05, 3.89286433347e-05, 3.18173006235e-05, 2.21965619858e-05, 1.9391254682e-05, 1.89361435332e-05, 1.84259079106e-05, 1.89535912796e-05, 1.44842142618e-05, 1.2455059732e-05, 1.0211548215e-05, 9.37428558245e-06, 9.53237304202e-06, 1.05403141788e-05, 8.54386144056e-06, 1.12002180686e-05, 1.65013352671e-05, 5.76942375119e-06, 6.24238236924e-06, 1.00531551652e-05, 1.1696760339e-05, 2.15364343603e-06, 2.1567936983e-06], "dvar": [0.000118023293908, 3.97898365918e-05, 1.08309377538e-05, 1.02440344563e-06, 7.82989317827e-08, 9.43137390408e-09, 8.46825276568e-09, 4.7499311151e-09, 3.89225540687e-09, 2.87321277881e-09, 4.25482671318e-09, 3.39184502707e-09, 3.64976204814e-09, 2.12429096536e-09, 2.44937692351e-09, 3.97959887266e-09, 1.85414030796e-08, 6.5444956121e-09, 3.68257269123e-09, 2.51354892455e-09, 1.19607912463e-09, 7.73100417018e-10, 9.3812357882e-10, 8.21493650882e-10, 1.04481501229e-09, 4.34202174215e-10, 4.22954227197e-10, 3.11504072537e-10, 1.97659513756e-10, 2.39326530815e-10, 1.85482545989e-10, 1.29926472359e-10, 2.27212831883e-10, 9.10443054281e-10, 7.52789219849e-11, 9.24892037957e-11, 3.09705705526e-10, 4.54785487047e-10, 9.51652211895e-12, 9.93253482934e-12], "dvar2": [0.00022026366787, 8.7874228484e-05, 2.87990333163e-05, 2.94001279144e-06, 2.24259480319e-07, 2.60888217696e-08, 2.3269636884e-08, 1.19722267655e-08, 9.37770661125e-09, 6.99854840747e-09, 9.5566710101e-09, 8.50133297092e-09, 9.13553499515e-09, 5.81025183521e-09, 6.75668632155e-09, 1.183230669e-08, 5.77612802033e-08, 2.00092209468e-08, 9.98472415858e-09, 6.9713177453e-09, 2.73612266177e-09, 1.70769798302e-09, 2.00671634865e-09, 1.85617510251e-09, 2.18570894717e-09, 9.1283614001e-10, 8.79619155292e-10, 6.14148953915e-10, 4.02861410898e-10, 5.09400632787e-10, 3.60542040667e-10, 2.56938137433e-10, 5.4659882176e-10, 2.10806772039e-09, 1.76458528345e-10, 2.18747311931e-10, 7.53373863294e-10, 1.25185162236e-09, 1.98490980596e-11, 2.10652797289e-11], "max": [0.0871676951647, 0.071451805532, 0.0480616688728, 0.0106010306627, 0.00379151920788, 0.00136588804889, 0.00132258736994, 0.00135339330882, 0.00124426244292, 0.00120941444766, 0.00210115755908, 0.00107547838707, 0.00107674545143, 0.00103159679566, 0.00110450549982, 0.00144278921653, 0.0040210550651, 0.00196956563741, 0.00127190398052, 0.00136029790156, 0.00118188047782, 0.00109458679799, 0.000964191043749, 0.000758222595323, 0.0010522181401, 0.000470812083222, 0.000289004470687, 0.000774125161115, 0.000344634870999, 0.000431023509009, 0.000282504537608, 0.00024422025308, 0.000176962290425, 0.000290971598588, 0.00010399758321, 9.19014782994e-05, 0.000154212801135, 0.000191051498405, 4.15692957176e-05, 4.1729730583e-05], "mean": [0.0107239708304, 0.00653928006068, 0.0013244576985, 0.000298489641864, 9.08294314286e-05, 7.49319879105e-05, 4.76213208458e-05, 3.80047204089e-05, 3.71907517547e-05, 4.04338388762e-05, 5.63320681977e-05, 3.52313290932e-05, 2.71513126791e-05, 1.89444326679e-05, 2.29381330428e-05, 2.77686540358e-05, 5.26392359461e-05, 3.58036413672e-05, 2.93959983537e-05, 2.16506523429e-05, 1.70861658262e-05, 1.51943022502e-05, 1.49583293023e-05, 1.37073102451e-05, 1.40265083246e-05, 1.09158427222e-05, 9.75770308287e-06, 8.7320286184e-06, 7.97680604592e-06, 8.31466149975e-06, 8.65311722009e-06, 7.46560863263e-06, 9.27803375816e-06, 1.1419866496e-05, 4.51481628261e-06, 4.86285853185e-06, 7.16750218999e-06, 7.25725931261e-06, 1.9223414256e-06, 1.75537172709e-06], "median": [0.00253139669076, 0.00343118794262, 0.000283417582978, 5.63732282899e-05, 3.23814456351e-05, 3.19477221637e-05, 1.60808504006e-05, 1.08458243631e-05, 1.14548620331e-05, 1.67913494806e-05, 1.99027763301e-05, 8.25288771011e-06, 5.98911128691e-06, 2.54586507253e-06, 5.03245382788e-06, 5.98614133196e-06, 6.01480178375e-06, 5.92165770286e-06, 6.15052613284e-06, 5.58869669476e-06, 5.14797011419e-06, 4.19232355853e-06, 3.20958156408e-06, 2.72113265964e-06, 2.53087000601e-06, 2.06996401175e-06, 1.60534511906e-06, 1.36715902954e-06, 1.26850443394e-06, 1.15689954328e-06, 1.10005646548e-06, 1.04337868834e-06, 1.24831694848e-06, 9.09467871679e-07, 5.94789412389e-07, 5.60100374969e-07, 6.17613864051e-07, 5.5861897863e-07, 3.22334699376e-07, 2.02375986191e-07], "min": [5.30821249072e-25, 1.63430936697e-24, 3.40525693691e-24, 1.86940727167e-24, 2.9658134894e-24, 2.99812128777e-24, 3.60673556197e-24, 3.83245430494e-24, 3.05349833724e-24, 2.79518090345e-24, 3.30028992157e-24, 3.55331587362e-24, 3.39633137019e-24, 3.10819617747e-24, 4.64526029407e-24, 4.51203667554e-24, 5.07818045354e-24, 3.28157005507e-24, 5.2306203293e-24, 4.86025447303e-24, 2.53315641504e-24, 3.74317733857e-24, 5.05455959146e-24, 4.75326126846e-24, 6.56699369566e-24, 4.80667543478e-24, 5.75471624333e-24, 4.71108955332e-24, 7.29673775908e-24, 6.75517291473e-24, 5.00552951961e-24, 5.83393207771e-24, 6.60539662782e-24, 7.26624434078e-24, 6.28300968624e-24, 7.63011905509e-24, 7.72751418903e-24, 7.19403122466e-24, 6.46076134743e-24, 6.30995362489e-24], "var": [0.000325542292558, 7.71890845499e-05, 8.80379411683e-06, 6.45792738396e-07, 5.15455944594e-08, 1.42021336913e-08, 8.29663626689e-09, 6.69614141913e-09, 5.17193399219e-09, 4.13101419738e-09, 9.95980897756e-09, 6.14214812344e-09, 3.64197183522e-09, 2.37898611921e-09, 3.5559299949e-09, 4.54348292322e-09, 2.31220784741e-08, 8.68851035563e-09, 4.97549912382e-09, 2.74393863187e-09, 1.54858492696e-09, 1.06617259465e-09, 1.30690314126e-09, 1.10430686817e-09, 1.43816158982e-09, 6.17701112482e-10, 5.85720860702e-10, 5.66507285527e-10, 3.36001837464e-10, 4.04748790039e-10, 3.45352052511e-10, 2.31394806094e-10, 3.25665744372e-10, 9.69228031167e-10, 9.80139164275e-11, 1.10537246023e-10, 3.34671235169e-10, 3.97676752639e-10, 1.64102360173e-11, 1.63208873499e-11]}, "mfcc": {"mean": [-692.200256348, 89.6612167358, 10.0910053253, 24.4911842346, 11.2658691406, 15.2527418137, 1.17901563644, 10.5827178955, 7.11912059784, 8.75895786285, 1.60778522491, -0.211809188128, -4.21301698685], "cov": [[13458.9111328, -1948.69030762, 191.894348145, 712.007141113, 844.09387207, 937.02734375, 494.850219727, 547.091003418, 328.366516113, 428.020904541, 374.193908691, 185.392608643, -27.9039363861], [-1948.69030762, 2846.51782227, 237.723403931, 322.196746826, 242.393966675, 186.536819458, 216.006881714, 89.180015564, 106.623252869, 49.841884613, 48.0485305786, 13.4071798325, 36.1683044434], [191.894348145, 237.723403931, 1318.52978516, 322.686859131, 398.836669922, 397.02835083, 257.608734131, 331.947387695, 159.633102417, 148.84538269, 84.5979156494, 60.9631309509, -0.708469867706], [712.007141113, 322.196746826, 322.686859131, 644.387451172, 305.179656982, 291.910003662, 241.130065918, 238.970611572, 201.714416504, 108.85332489, 86.8800888062, 73.6432495117, 39.7247047424], [844.09387207, 242.393966675, 398.836669922, 305.179656982, 503.447601318, 327.666137695, 253.157516479, 237.053573608, 156.346481323, 144.247589111, 121.94493866, 56.3048400879, 18.7244663239], [937.02734375, 186.536819458, 397.02835083, 291.910003662, 327.666137695, 427.027008057, 263.58013916, 234.602600098, 150.233047485, 140.304992676, 112.23273468, 66.4752044678, 12.5718841553], [494.850219727, 216.006881714, 257.608734131, 241.130065918, 253.157516479, 263.58013916, 317.902252197, 205.264434814, 139.65246582, 103.895172119, 97.1175231934, 64.9610900879, 38.6637840271], [547.091003418, 89.180015564, 331.947387695, 238.970611572, 237.053573608, 234.602600098, 205.264434814, 306.185333252, 170.129272461, 107.692962646, 78.5269927979, 57.9132423401, 30.1574020386], [328.366516113, 106.623252869, 159.633102417, 201.714416504, 156.346481323, 150.233047485, 139.65246582, 170.129272461, 214.197052002, 118.724052429, 69.1448135376, 32.7999572754, 25.0922698975], [428.020904541, 49.841884613, 148.84538269, 108.85332489, 144.247589111, 140.304992676, 103.895172119, 107.692962646, 118.724052429, 186.923370361, 98.6107406616, 37.0931854248, 14.1617307663], [374.193908691, 48.0485305786, 84.5979156494, 86.8800888062, 121.94493866, 112.23273468, 97.1175231934, 78.5269927979, 69.1448135376, 98.6107406616, 146.415863037, 74.2715606689, 19.5152072906], [185.392608643, 13.4071798325, 60.9631309509, 73.6432495117, 56.3048400879, 66.4752044678, 64.9610900879, 57.9132423401, 32.7999572754, 37.0931854248, 74.2715606689, 117.966644287, 55.0862236023], [-27.9039363861, 36.1683044434, -0.708469867706, 39.7247047424, 18.7244663239, 12.5718841553, 38.6637840271, 30.1574020386, 25.0922698975, 14.1617307663, 19.5152072906, 55.0862236023, 105.99382019]], "icov": [[0.000119262833323, 0.000103504920844, 9.91283377516e-05, -7.5030096923e-05, -0.000105592298496, -0.000255523977103, 5.66573835385e-05, -6.44363535685e-05, 9.42664119066e-05, -8.76183403307e-05, -6.59826328047e-05, 2.9471324936e-08, 7.30119427317e-05], [0.000103504920844, 0.000480229733512, 4.73210893688e-05, -0.000213841267396, -0.000185916491318, -0.000189821992535, -0.000193464307813, 0.000195312110009, 1.06593361124e-05, 1.71231513377e-05, -9.96467133518e-05, 0.000184321703273, -6.80601006025e-05], [9.91283377516e-05, 4.73210893688e-05, 0.00130067684222, -8.5285420937e-05, -0.00045659794705, -0.000791738159023, 0.000252216414083, -0.00100091274362, 0.000514711195137, -0.000415408518165, 0.000517616514117, -0.000292597338557, 0.0004083707463], [-7.5030096923e-05, -0.000213841267396, -8.5285420937e-05, 0.00296421535313, -0.00058240594808, -0.000594447890762, -0.000305017689243, -0.000148719977005, -0.00180387182627, 0.000737250549719, 0.000586894864682, -0.000886655587237, -5.00407913933e-05], [-0.000105592298496, -0.000185916491318, -0.00045659794705, -0.00058240594808, 0.00503305345774, -0.00147437548731, -0.000915634736884, -0.000797225977294, 0.00030862132553, -0.00042051350465, -0.00155651452951, 0.00127521168906, -0.000295591162285], [-0.000255523977103, -0.000189821992535, -0.000791738159023, -0.000594447890762, -0.00147437548731, 0.00794663839042, -0.00301444041543, -0.000888261885848, 0.000480226124637, -0.00128160312306, 3.3433563658e-05, -0.000876518141013, 0.00139215798117], [5.66573835385e-05, -0.000193464307813, 0.000252216414083, -0.000305017689243, -0.000915634736884, -0.00301444041543, 0.00849982723594, -0.00208112061955, -0.000743182783481, 0.000665511644911, -0.00141969451215, 4.64283984911e-05, -0.0014678897569], [-6.44363535685e-05, 0.000195312110009, -0.00100091274362, -0.000148719977005, -0.000797225977294, -0.000888261885848, -0.00208112061955, 0.00959061924368, -0.00455107307062, 0.000670715875458, 0.000730828614905, -0.00128773821052, -0.000235487124883], [9.42664119066e-05, 1.06593361124e-05, 0.000514711195137, -0.00180387182627, 0.00030862132553, 0.000480226124637, -0.000743182783481, -0.00455107307062, 0.0120187718421, -0.0048900633119, -0.000310129253194, 0.00174030289054, -0.000884075067006], [-8.76183403307e-05, 1.71231513377e-05, -0.000415408518165, 0.000737250549719, -0.00042051350465, -0.00128160312306, 0.000665511644911, 0.000670715875458, -0.0048900633119, 0.0119608743116, -0.00605662399903, 0.00192105828319, -0.000839003885631], [-6.59826328047e-05, -9.96467133518e-05, 0.000517616514117, 0.000586894864682, -0.00155651452951, 3.3433563658e-05, -0.00141969451215, 0.000730828614905, -0.000310129253194, -0.00605662399903, 0.0167733859271, -0.00936152320355, 0.0030407414306], [2.9471324936e-08, 0.000184321703273, -0.000292597338557, -0.000886655587237, 0.00127521168906, -0.000876518141013, 4.64283984911e-05, -0.00128773821052, 0.00174030289054, 0.00192105828319, -0.00936152320355, 0.0181359630078, -0.0078749191016], [7.30119427317e-05, -6.80601006025e-05, 0.0004083707463, -5.00407913933e-05, -0.000295591162285, 0.00139215798117, -0.0014678897569, -0.000235487124883, -0.000884075067006, -0.000839003885631, 0.0030407414306, -0.0078749191016, 0.0138422101736]]}, "spectral_contrast_coeffs": {"dmean": [0.0533989556134, 0.0438225343823, 0.0406851135194, 0.0347222387791, 0.0220601968467, 0.0213040728122], "dmean2": [0.0855319425464, 0.0712258294225, 0.0651339367032, 0.0572068840265, 0.0362591147423, 0.0324145033956], "dvar": [0.0026164369192, 0.00138587714173, 0.00119607499801, 0.000940275669564, 0.000336511817295, 0.0003936807625], "dvar2": [0.00612414348871, 0.00348770734854, 0.00292690610513, 0.00246707629412, 0.000852416909765, 0.000827707466669], "max": [-0.312571793795, -0.540448188782, -0.51663839817, -0.503233790398, -0.586326003075, -0.485577583313], "mean": [-0.631200194359, -0.767949640751, -0.765718758106, -0.78315103054, -0.809844017029, -0.761933684349], "median": [-0.632298588753, -0.77140557766, -0.767786026001, -0.790289402008, -0.811204910278, -0.765425026417], "min": [-0.980437934399, -0.987331628799, -0.996551930904, -0.992205440998, -0.977342903614, -0.96381688118], "var": [0.0100483912975, 0.0038978906814, 0.00396028021351, 0.00376165332273, 0.00145710620563, 0.00226091383956]}, "spectral_contrast_valleys": {"dmean": [0.528298974037, 0.495984733105, 0.464148521423, 0.454011827707, 0.477089852095, 0.506854295731], "dmean2": [0.8139757514, 0.789021670818, 0.69781690836, 0.654799699783, 0.604831755161, 0.631526947021], "dvar": [0.343392729759, 0.295497775078, 0.248587712646, 0.293747603893, 0.281214088202, 0.429701000452], "dvar2": [0.595244050026, 0.666491627693, 0.517834424973, 0.577078640461, 0.462570935488, 0.726821124554], "max": [-5.37760019302, -5.0831193924, -5.32209730148, -5.51292562485, -5.1940407753, -7.18840312958], "mean": [-8.17918300629, -7.70508241653, -8.1756124496