{"lowlevel": {"average_loudness": 0.246551066637, "barkbands_crest": {"dmean": 2.10811018944, "dmean2": 3.18906664848, "dvar": 3.64798307419, "dvar2": 8.21907997131, "max": 25.3957557678, "mean": 10.6951389313, "median": 9.83053779602, "min": 2.96211767197, "var": 17.8772392273}, "barkbands_flatness_db": {"dmean": 0.0174830947071, "dmean2": 0.02408009395, "dvar": 0.000268179632258, "dvar2": 0.000475404318422, "max": 0.563754320145, "mean": 0.249874636531, "median": 0.247895106673, "min": 0.0727899745107, "var": 0.00556379090995}, "barkbands_kurtosis": {"dmean": 2.16145682335, "dmean2": 3.29549527168, "dvar": 29.0469551086, "dvar2": 70.5022277832, "max": 196.460891724, "mean": 4.87344169617, "median": 1.4644780159, "min": -1.9613032341, "var": 304.740600586}, "barkbands_skewness": {"dmean": 0.406664818525, "dmean2": 0.581207633018, "dvar": 0.18655847013, "dvar2": 0.37869399786, "max": 7.48843383789, "mean": 0.643705785275, "median": 0.84334731102, "min": -12.0907716751, "var": 2.8200032711}, "barkbands_spread": {"dmean": 1.87422478199, "dmean2": 2.72283935547, "dvar": 4.36495685577, "dvar2": 8.53738594055, "max": 152.683624268, "mean": 9.55366039276, "median": 7.99425458908, "min": 0.215800955892, "var": 74.0671157837}, "dissonance": {"dmean": 0.0347066707909, "dmean2": 0.0574594065547, "dvar": 0.00105475133751, "dvar2": 0.00280769378878, "max": 0.500000119209, "mean": 0.407774299383, "median": 0.420088559389, "min": 0.103397361934, "var": 0.00354801281355}, "dynamic_complexity": 5.55315923691, "erbbands_crest": {"dmean": 2.69135737419, "dmean2": 4.11535930634, "dvar": 5.76199054718, "dvar2": 13.2906942368, "max": 32.4200668335, "mean": 11.8891372681, "median": 10.9482374191, "min": 3.27695941925, "var": 24.9957561493}, "erbbands_flatness_db": {"dmean": 0.0172743741423, "dmean2": 0.0223878398538, "dvar": 0.000274265243206, "dvar2": 0.000430769752711, "max": 0.562683105469, "mean": 0.282920986414, "median": 0.286203920841, "min": 0.0387063249946, "var": 0.00527116889134}, "erbbands_kurtosis": {"dmean": 1.2517799139, "dmean2": 1.856772542, "dvar": 3.44092106819, "dvar2": 7.40360021591, "max": 53.1835441589, "mean": 1.90158808231, "median": 0.673475027084, "min": -1.76256787777, "var": 13.3600616455}, "erbbands_skewness": {"dmean": 0.354797780514, "dmean2": 0.507211387157, "dvar": 0.105386853218, "dvar2": 0.214778259397, "max": 5.51291513443, "mean": 0.32740047574, "median": 0.360226809978, "min": -3.62639451027, "var": 0.741496384144}, "erbbands_spread": {"dmean": 2.91540002823, "dmean2": 4.17708778381, "dvar": 9.33990859985, "dvar2": 18.0550270081, "max": 211.290863037, "mean": 15.3347349167, "median": 13.5169801712, "min": 0.812111079693, "var": 114.020141602}, "hfc": {"dmean": 3.63325023651, "dmean2": 4.08664274216, "dvar": 35.4520492554, "dvar2": 47.883682251, "max": 212.460510254, "mean": 12.2121887207, "median": 6.23072099686, "min": 1.24130984354e-16, "var": 337.836364746}, "melbands_crest": {"dmean": 2.64334774017, "dmean2": 4.02917098999, "dvar": 5.81622505188, "dvar2": 12.9961585999, "max": 31.3752231598, "mean": 13.369977951, "median": 12.5960960388, "min": 1.94600009918, "var": 23.3396015167}, "melbands_flatness_db": {"dmean": 0.0185447856784, "dmean2": 0.0250431895256, "dvar": 0.000324158289004, "dvar2": 0.000602452433668, "max": 0.70031017065, "mean": 0.333153367043, "median": 0.336491495371, "min": 0.00620001321658, "var": 0.0097082182765}, "melbands_kurtosis": {"dmean": 2.33114671707, "dmean2": 3.40657877922, "dvar": 29.0093021393, "dvar2": 49.657333374, "max": 496.484069824, "mean": 4.41715621948, "median": 2.35588026047, "min": -1.84237670898, "var": 200.041900635}, "melbands_skewness": {"dmean": 0.436163812876, "dmean2": 0.61412113905, "dvar": 0.186405360699, "dvar2": 0.359984427691, "max": 19.2968349457, "mean": 1.18197083473, "median": 1.20651829243, "min": -4.1484670639, "var": 1.64274060726}, "melbands_spread": {"dmean": 2.92993021011, "dmean2": 4.2193312645, "dvar": 14.344042778, "dvar2": 32.5135917664, "max": 228.902832031, "mean": 15.1671295166, "median": 11.7094812393, "min": 0.370153516531, "var": 296.782989502}, "pitch_salience": {"dmean": 0.0563651993871, "dmean2": 0.0869832858443, "dvar": 0.00224254652858, "dvar2": 0.00559415621683, "max": 0.903287887573, "mean": 0.536694049835, "median": 0.536306977272, "min": 0.131922021508, "var": 0.010245628655}, "silence_rate_20dB": {"dmean": 0, "dmean2": 0, "dvar": 0, "dvar2": 0, "max": 1, "mean": 1, "median": 1, "min": 1, "var": 0}, "silence_rate_30dB": {"dmean": 0.00493522500619, "dmean2": 0.0098719727248, "dvar": 0.00491106882691, "dvar2": 0.0110090468079, "max": 1, "mean": 0.992444097996, "median": 1, "min": 0, "var": 0.00749888643622}, "silence_rate_60dB": {"dmean": 0.0586057975888, "dmean2": 0.117229677737, "dvar": 0.055173818022, "dvar2": 0.114278741181, "max": 1, "mean": 0.166692361236, "median": 0, "min": 0, "var": 0.138901486993}, "spectral_centroid": {"dmean": 79.6926574707, "dmean2": 111.195739746, "dvar": 15872.890625, "dvar2": 25155.7988281, "max": 11054.3232422, "mean": 759.9609375, "median": 649.759399414, "min": 108.391105652, "var": 325721.90625}, "spectral_complexity": {"dmean": 1.60549044609, "dmean2": 2.4149312973, "dvar": 2.19124937057, "dvar2": 4.46512651443, "max": 33, "mean": 11.4515037537, "median": 11, "min": 0, "var": 36.4202957153}, "spectral_decrease": {"dmean": 1.24914245614e-09, "dmean2": 1.48523582322e-09, "dvar": 2.68326926877e-18, "dvar2": 3.94762806995e-18, "max": 1.63479825804e-15, "mean": -4.69075489562e-09, "median": -3.07863601279e-09, "min": -4.60132625335e-08, "var": 2.60760680999e-17}, "spectral_energy": {"dmean": 0.00501890899613, "dmean2": 0.00593905057758, "dvar": 4.38559436589e-05, "dvar2": 6.36028926237e-05, "max": 0.178585290909, "mean": 0.0188116580248, "median": 0.0122672971338, "min": 1.06199553959e-20, "var": 0.000429649458965}, "spectral_energyband_high": {"dmean": 1.05598837763e-05, "dmean2": 1.45958038047e-05, "dvar": 1.07857944798e-09, "dvar2": 2.00740779555e-09, "max": 0.0010178911034, "mean": 2.99694293062e-05, "median": 2.32655315813e-06, "min": 8.1766916642e-21, "var": 5.26296650705e-09}, "spectral_energyband_low": {"dmean": 0.00121564685833, "dmean2": 0.00182295450941, "dvar": 5.89015371588e-06, "dvar2": 1.25260212371e-05, "max": 0.122584864497, "mean": 0.00356687232852, "median": 0.00159878958948, "min": 4.24149809027e-23, "var": 3.24145548802e-05}, "spectral_energyband_middle_high": {"dmean": 0.00211272970773, "dmean2": 0.00251205870882, "dvar": 1.79224171006e-05, "dvar2": 2.4018345357e-05, "max": 0.138549566269, "mean": 0.00616619503126, "median": 0.00182410189882, "min": 1.24169362103e-21, "var": 0.000146281905472}, "spectral_energyband_middle_low": {"dmean": 0.00304487394169, "dmean2": 0.00384610542096, "dvar": 1.9132894522e-05, "dvar2": 3.31453848048e-05, "max": 0.114190623164, "mean": 0.00963398069143, "median": 0.00527405040339, "min": 1.99052338203e-22, "var": 0.000134837828227}, "spectral_entropy": {"dmean": 0.138296917081, "dmean2": 0.184371158481, "dvar": 0.0184581112117, "dvar2": 0.0325445085764, "max": 9.78554725647, "mean": 6.3960647583, "median": 6.34383678436, "min": 4.5232167244, "var": 0.483577370644}, "spectral_flux": {"dmean": 0.0128084151074, "dmean2": 0.0202646087855, "dvar": 0.000171256979229, "dvar2": 0.0004290069337, "max": 0.210679888725, "mean": 0.0486911870539, "median": 0.0447433032095, "min": 1.03053170164e-10, "var": 0.00083039799938}, "spectral_kurtosis": {"dmean": 11.9559650421, "dmean2": 20.0957489014, "dvar": 174.599487305, "dvar2": 455.239654541, "max": 302.31817627, "mean": 36.063243866, "median": 26.7308921814, "min": -1.23251152039, "var": 1053.55664062}, "spectral_rms": {"dmean": 0.000556550861802, "dmean2": 0.000637464399915, "dvar": 2.93723644518e-07, "dvar2": 3.88058651879e-07, "max": 0.0131996041164, "mean": 0.00372338108718, "median": 0.0034594933968, "min": 3.218840125e-12, "var": 4.48925493401e-06}, "spectral_rolloff": {"dmean": 126.168792725, "dmean2": 213.718490601, "dvar": 123071.101562, "dvar2": 248807.234375, "max": 19896.6796875, "mean": 1211.34875488, "median": 861.328125, "min": 86.1328125, "var": 6554168}, "spectral_skewness": {"dmean": 0.734802186489, "dmean2": 1.24362540245, "dvar": 0.507340252399, "dvar2": 1.39125967026, "max": 13.286819458, "mean": 3.98708415031, "median": 3.55381679535, "min": 0.0023602610454, "var": 3.58307266235}, "spectral_spread": {"dmean": 275997.9375, "dmean2": 431142.75, "dvar": 218111655936, "dvar2": 348958130176, "max": 41499032, "mean": 2164465, "median": 1617261.625, "min": 314738.09375, "var": 5758941396990.0}, "spectral_strongpeak": {"dmean": 0.52259850502, "dmean2": 0.78854829073, "dvar": 0.826314747334, "dvar2": 1.60108470917, "max": 19.1729755402, "mean": 1.33139097691, "median": 0.666070282459, "min": 0, "var": 3.80312824249}, "zerocrossingrate": {"dmean": 0.00375865120441, "dmean2": 0.00443106004968, "dvar": 8.001561946e-05, "dvar2": 0.00011416849884, "max": 0.779296875, "mean": 0.0449704378843, "median": 0.03125, "min": 0.0029296875, "var": 0.00879176147282}, "barkbands": {"dmean": [1.51451704369e-05, 0.000699984899256, 0.000523061491549, 0.000361292739399, 0.00101009826176, 0.000698418763932, 0.00108809291851, 0.00070050614886, 0.000607475114521, 0.000817674561404, 0.000365421670722, 0.000676979601849, 0.000384609826142, 0.000432828819612, 0.000300378917018, 0.000123301782878, 7.03507830622e-05, 2.70811506198e-05, 2.26294723689e-05, 6.33266472505e-06, 5.65027357879e-06, 2.23545248446e-06, 1.3890809214e-06, 1.03132344975e-06, 1.09465838705e-06, 6.19310753791e-07, 1.42642988976e-07], "dmean2": [2.73718542303e-05, 0.00114975310862, 0.000739127630368, 0.000551671662834, 0.00142971298192, 0.000955527822953, 0.00151463784277, 0.000853866047692, 0.000781981507316, 0.00101222994272, 0.00048074463848, 0.000962637888733, 0.000503362040035, 0.000529273005668, 0.000441659474745, 0.000205079792067, 0.000109398613859, 4.32034830737e-05, 3.44973232131e-05, 9.74790600594e-06, 8.81317919266e-06, 3.28586975229e-06, 2.01359353014e-06, 1.29306226881e-06, 1.33022854243e-06, 8.61643059125e-07, 2.18856783363e-07], "dvar": [4.91641005684e-10, 2.33411265071e-06, 1.12667783014e-06, 8.52205971569e-07, 4.40177382188e-06, 1.61109642249e-06, 4.45479872724e-06, 2.0398340439e-06, 1.610870072e-06, 4.87626039103e-06, 1.14185274924e-06, 2.56490466199e-06, 2.89372837869e-06, 3.73490456695e-06, 1.4267802726e-06, 1.79056144134e-07, 3.99711588273e-08, 8.68482175065e-09, 6.65974431158e-09, 5.90145543544e-10, 5.97038030126e-10, 5.62486134059e-11, 2.33273279165e-11, 1.46420289088e-11, 1.96318655776e-11, 9.55702964683e-12, 6.997230486e-13], "dvar2": [1.50629508866e-09, 6.16718261881e-06, 2.03204263016e-06, 1.86190015938e-06, 8.47472074383e-06, 2.99129510495e-06, 8.86005636858e-06, 3.14296698889e-06, 2.44290322371e-06, 6.71426505505e-06, 1.83541555998e-06, 4.81805136587e-06, 3.1072256661e-06, 3.99447935706e-06, 2.95811491924e-06, 4.80499465993e-07, 1.02462792029e-07, 2.24039489183e-08, 1.50906487306e-08, 1.44269507452e-09, 1.50805790078e-09, 1.26237617581e-10, 5.56130176632e-11, 2.33023652457e-11, 2.66817574979e-11, 1.74864671354e-11, 1.45601683921e-12], "max": [0.000317644764436, 0.0700935572386, 0.0270443186164, 0.0292672198266, 0.0482806041837, 0.0302579011768, 0.0449427068233, 0.0536322034895, 0.0248171072453, 0.0713911652565, 0.0220783893019, 0.0317437499762, 0.115388661623, 0.0882609263062, 0.0526847988367, 0.0121631622314, 0.00405875360593, 0.00300229690038, 0.00201080925763, 0.000955139345024, 0.000899197417311, 0.000196309309104, 0.000165138830198, 9.22148610698e-05, 0.000100022582046, 5.47183517483e-05, 1.45683370647e-05], "mean": [1.86763627426e-05, 0.00169161311351, 0.00137341325171, 0.000725919438992, 0.00262369168922, 0.00144014635589, 0.00193932827096, 0.00148089847062, 0.00120347703341, 0.00181881722528, 0.000590590236243, 0.00128247134853, 0.000847209244967, 0.000865140231326, 0.000516875181347, 0.000164227662026, 0.000111746427137, 4.07723164244e-05, 3.90625828004e-05, 1.25572678371e-05, 1.05078206616e-05, 4.94880850965e-06, 3.43166220773e-06, 2.4772668894e-06, 2.4978573947e-06, 1.00623276467e-06, 1.8558311865e-07], "median": [1.0139618098e-05, 0.000505766307469, 0.000471056962851, 0.000140783376992, 0.000684848462697, 0.000583083427045, 0.00068131275475, 0.000350943300873, 0.000250605953624, 0.000345209031366, 8.34044913063e-05, 0.000271301454632, 9.07097273739e-05, 7.59024478612e-05, 7.64183860156e-05, 1.98279212782e-05, 1.75862714968e-05, 5.90656463828e-06, 3.98455540562e-06, 1.36174867293e-06, 8.04292085377e-07, 2.41005437829e-07, 8.85609168222e-08, 5.16827824981e-08, 6.35332568777e-08, 2.65715538461e-08, 4.41893632797e-08], "min": [1.05245191361e-23, 2.45694831008e-23, 8.97441771254e-24, 6.93494563756e-24, 1.52418718506e-23, 2.54275602395e-23, 2.30802241522e-23, 3.55205669385e-23, 4.4850535305e-23, 1.12966585567e-22, 4.21285991506e-23, 9.065320679e-23, 8.33226253204e-23, 1.45386433744e-22, 9.37608012639e-23, 1.41429229764e-22, 1.19327871554e-22, 1.39084394366e-22, 1.98291131606e-22, 2.99288198129e-22, 4.44142573591e-22, 4.30558767457e-22, 6.70616840198e-22, 8.59400064816e-22, 1.11078602869e-21, 1.90610524348e-21, 2.82617605778e-21], "var": [6.12337069938e-10, 9.44706971495e-06, 5.04745275975e-06, 3.45170383298e-06, 2.03919898922e-05, 5.6587691688e-06, 1.21170560305e-05, 1.07929336082e-05, 6.00623070568e-06, 2.52239497058e-05, 2.85416922452e-06, 8.2903807197e-06, 1.58648108481e-05, 2.34492690652e-05, 5.5571122175e-06, 2.2659068577e-07, 7.28010220996e-08, 1.2251720527e-08, 1.62460480624e-08, 1.12115750017e-09, 1.09258735392e-09, 1.84575660311e-10, 8.5612752998e-11, 5.67055777334e-11, 7.01700225703e-11, 1.91647375053e-11, 7.8371472723e-13]}, "erbbands": {"dmean": [0.00743567291647, 0.198189735413, 0.617671370506, 0.929744899273, 2.45545601845, 3.0017850399, 5.36853933334, 6.65880250931, 15.9423685074, 11.2179355621, 15.6264696121, 12.8491306305, 14.685962677, 31.1904525757, 16.4990882874, 25.3833217621, 18.1513843536, 23.231628418, 18.1829605103, 6.37603378296, 8.5443944931, 3.08164715767, 1.85837781429, 0.877996087074, 1.1261472702, 0.316974878311, 0.301136702299, 0.122782543302, 0.0816696733236, 0.0483155734837, 0.0378943495452, 0.0250215753913, 0.016057793051, 0.0138779357076, 0.00675740651786, 0.00293408147991, 0.00100501754787, 0.000285173300654, 2.47560346907e-05, 6.23534424449e-06], "dmean2": [0.012065153569, 0.323569446802, 0.899123847485, 1.33989500999, 3.66378593445, 4.20426893234, 8.02816867828, 9.11737918854, 22.0347251892, 15.1870412827, 18.7749595642, 16.2083473206, 18.7812099457, 38.4849395752, 22.511182785, 35.3745765686, 23.0914649963, 28.4621181488, 25.6076660156, 9.48835372925, 14.0181703568, 4.78215932846, 2.94775676727, 1.30490648746, 1.71016323566, 0.475194603205, 0.473152518272, 0.186104014516, 0.12116343528, 0.0723745301366, 0.0516853481531, 0.0327705517411, 0.0201879795641, 0.0173185337335, 0.0091793788597, 0.00409836135805, 0.00132012262475, 0.000405393104302, 3.58135584975e-05, 7.43476311982e-06], "dvar": [0.000302649801597, 0.181831389666, 1.62451791763, 5.38665390015, 36.7852897644, 42.7827072144, 136.428924561, 170.969894409, 1066.3638916, 387.84967041, 1159.84191895, 750.6953125, 787.104492188, 6394.04248047, 1228.87365723, 4373.08984375, 6868.65625, 10367.1474609, 3642.44335938, 958.587585449, 820.787780762, 79.5168228149, 34.2902488708, 8.7507610321, 17.2105693817, 1.60631132126, 1.91295492649, 0.17100122571, 0.070738106966, 0.0296742469072, 0.0136492140591, 0.00735311070457, 0.00398093974218, 0.00327236787416, 0.000743032724131, 0.000168813072378, 3.06072215608e-05, 3.10907898893e-06, 1.74932353048e-08, 7.31589788749e-11], "dvar2": [0.000700983335264, 0.474206000566, 2.99782299995, 10.0956077576, 76.1292724609, 79.5415649414, 319.68560791, 319.39251709, 2048.64672852, 707.0859375, 1800.93493652, 1098.47668457, 1147.60107422, 9407.66699219, 2174.45385742, 7667.92041016, 7245.46142578, 10905.9785156, 6864.74609375, 2176.64160156, 2208.58154297, 207.854660034, 89.8115386963, 18.4031486511, 41.1617965698, 3.82729554176, 4.91721391678, 0.431367456913, 0.162617847323, 0.0714788064361, 0.0262653194368, 0.0123128257692, 0.00605616765097, 0.00494327396154, 0.00115445978008, 0.000310459116008, 5.55742517463e-05, 5.91025082031e-06, 3.75689808152e-08, 1.12498357852e-10], "max": [1.0856180191, 18.6678504944, 36.185798645, 92.0215454102, 162.560043335, 140.83555603, 339.404510498, 341.910400391, 712.730224609, 361.171295166, 1527.79919434, 690.872436523, 617.725158691, 2355.58666992, 632.535522461, 1481.7520752, 5696.76025391, 4784.49169922, 2599.19628906, 1863.70410156, 824.772033691, 188.488311768, 140.886322021, 84.2458190918, 118.32460022, 56.9183921814, 51.9598960876, 9.91572093964, 9.22203159332, 6.40904951096, 2.50693750381, 1.92907309532, 1.46976530552, 1.3542727232, 0.570359647274, 0.253506481647, 0.097846724093, 0.0324300453067, 0.00246120709926, 0.000214086452615], "mean": [0.0174322742969, 0.484946608543, 1.69036233425, 2.2520468235, 4.51525878906, 7.58355617523, 13.1757545471, 13.1097173691, 28.5639705658, 21.5341854095, 35.5030250549, 27.4012069702, 33.3887290955, 67.0163269043, 31.9878139496, 52.0425872803, 42.5480155945, 48.8008766174, 34.6209220886, 10.9631624222, 11.7353973389, 5.24613285065, 3.03771424294, 1.72861635685, 1.86476242542, 0.687224447727, 0.536357402802, 0.263114273548, 0.185420677066, 0.115864813328, 0.0988368839025, 0.0580982491374, 0.0383364111185, 0.0310882218182, 0.0153158716857, 0.00557869207114, 0.00151918746997, 0.00034095052979, 3.94452508772e-05, 2.32040765695e-05], "median": [0.00591278867796, 0.151512429118, 0.584629833698, 0.730456531048, 1.14224267006, 2.09472107887, 2.94524288177, 4.8711233139, 9.50274467468, 8.83323097229, 9.50231361389, 7.59722995758, 10.9756450653, 12.4019794464, 10.5750761032, 11.3529462814, 5.48791360855, 4.9185628891, 5.5111451149, 2.71486759186, 1.75397014618, 0.90604865551, 0.478116452694, 0.241463914514, 0.174473449588, 0.0815436467528, 0.0439902767539, 0.0198609158397, 0.00967817567289, 0.0040217959322, 0.00249926443212, 0.00130376743618, 0.000784976873547, 0.000715013884474, 0.000439620955149, 0.0001304486359, 5.29821554665e-05, 1.80597107828e-05, 1.27596322272e-05, 1.49858142322e-05], "min": [8.16204868923e-22, 5.30997163949e-21, 1.00417294905e-20, 1.88320639612e-20, 3.52771496309e-20, 5.98185999725e-20, 6.95738834408e-20, 2.24672309784e-19, 4.06539108542e-19, 2.48759964318e-19, 1.03060283335e-18, 1.04857498651e-18, 3.08879415049e-18, 2.47842502111e-18, 2.45499802539e-18, 3.17025386324e-18, 4.56824638071e-18, 8.68356918983e-18, 4.91313809634e-18, 4.53287200181e-18, 8.06768938322e-18, 6.08544244869e-18, 9.07316133218e-18, 5.2149320477e-18, 1.29210657483e-17, 1.61441452266e-17, 1.99143285795e-17, 1.54874184141e-17, 1.58442111908e-17, 1.16056988546e-17, 1.90395371052e-17, 1.93466345251e-17, 1.39041450909e-17, 1.18574214955e-17, 9.54933281488e-18, 6.36430695347e-18, 3.52093604995e-18, 1.6147378262e-18, 4.43883314669e-19, 3.48804583661e-20], "var": [0.00106340448838, 0.773238480091, 8.50684356689, 28.0010547638, 98.1686859131, 182.419830322, 636.040100098, 534.888793945, 3001.03930664, 1094.43847656, 6904.35546875, 3162.46704102, 3240.87768555, 30547.5605469, 3323.07763672, 15477.6230469, 38921.8945312, 68394.984375, 18790.1972656, 1984.80615234, 1045.52270508, 145.194732666, 56.231552124, 24.027759552, 37.2186431885, 3.4681930542, 3.14090919495, 0.507306694984, 0.247089073062, 0.0977390259504, 0.068813495338, 0.0282959789038, 0.0153831066564, 0.0114939725026, 0.00238977232948, 0.000420893309638, 5.47542986169e-05, 4.11253904531e-06, 2.04258867598e-08, 6.59628462962e-10]}, "gfcc": {"mean": [-143.007949829, 171.019210815, -128.540115356, -23.2455024719, -37.5147590637, -3.61144399643, -27.7445259094, -4.65834760666, -15.8100481033, -3.58208727837, -9.0114364624, -6.55097532272, -3.91906714439], "cov": [[22665.5488281, 2673.06567383, -3277.9375, 1528.77111816, -591.39263916, 804.69708252, -756.58581543, 231.132171631, -583.830322266, 0.771916270256, -92.5309448242, 91.8446960449, 58.7615394592], [2673.06567383, 2908.74609375, 110.312034607, -281.729156494, 286.331420898, -272.869689941, -13.720082283, -120.484733582, 159.393432617, -51.5446434021, 16.8610057831, -174.412338257, -70.9383468628], [-3277.9375, 110.312034607, 2123.15673828, 383.453582764, 486.335205078, 283.623077393, 53.8553314209, 243.291946411, 163.292129517, -59.852809906, -44.0536994934, -91.9470596313, -187.047073364], [1528.77111816, -281.729156494, 383.453582764, 996.294799805, 193.888336182, 379.219146729, 28.7560920715, 172.462005615, -61.1818695068, -87.5313262939, -30.7123374939, 6.17827129364, -53.2730827332], [-591.39263916, 286.331420898, 486.335205078, 193.888336182, 552.382080078, 284.596832275, 123.613777161, 91.4074172974, 28.2727527618, -68.1242980957, 2.88637256622, -37.5114517212, -54.5082130432], [804.69708252, -272.869689941, 283.623077393, 379.219146729, 284.596832275, 533.73638916, 40.1023254395, 206.862335205, -67.5784225464, -72.0159835815, -27.1075000763, 11.0798568726, -24.515296936], [-756.58581543, -13.720082283, 53.8553314209, 28.7560920715, 123.613777161, 40.1023254395, 234.84703064, 51.9149742126, 22.2118148804, -52.6590118408, -21.7134780884, -13.9172382355, 1.00922060013], [231.132171631, -120.484733582, 243.291946411, 172.462005615, 91.4074172974, 206.862335205, 51.9149742126, 265.455078125, 54.2573394775, -26.2543792725, -37.4500732422, -10.9404239655, -22.8513126373], [-583.830322266, 159.393432617, 163.292129517, -61.1818695068, 28.2727527618, -67.5784225464, 22.2118148804, 54.2573394775, 192.250671387, 52.6125450134, 35.8318862915, -33.6386146545, -30.9901199341], [0.771916270256, -51.5446434021, -59.852809906, -87.5313262939, -68.1242980957, -72.0159835815, -52.6590118408, -26.2543792725, 52.6125450134, 150.187469482, 65.6712341309, 15.7056827545, -21.6439800262], [-92.5309448242, 16.8610057831, -44.0536994934, -30.7123374939, 2.88637256622, -27.1075000763, -21.7134780884, -37.4500732422, 35.8318862915, 65.6712341309, 110.982719421, 28.30950737, -5.72619724274], [91.8446960449, -174.412338257, -91.9470596313, 6.17827129364, -37.5114517212, 11.0798568726, -13.9172382355, -10.9404239655, -33.6386146545, 15.7056827545, 28.30950737, 94.9699707031, 40.6838645935], [58.7615394592, -70.9383468628, -187.047073364, -53.2730827332, -54.5082130432, -24.515296936, 1.00922060013, -22.8513126373, -30.9901199341, -21.6439800262, -5.72619724274, 40.6838645935, 91.1830444336]], "icov": [[0.000443875294877, -0.000797088083345, 0.000893098476809, -0.000846057781018, 0.000755378627218, -0.00109455012716, 0.00102806685027, -0.000676792406011, 0.000619692786131, -0.000699741765857, 0.000733562279493, -0.00070671789581, 0.000813770922832], [-0.000797088083345, 0.0019384281477, -0.0015181931667, 0.00157675205264, -0.00190915982239, 0.0024341463577, -0.0014847163111, 0.00118256348651, -0.00132905866485, 0.00170246313792, -0.00150718714576, 0.0019098528428, -0.00133980985265], [0.000893098476809, -0.0015181931667, 0.00260083423927, -0.00181272206828, 0.000850987504236, -0.00199489714578, 0.00245303404517, -0.00167758297175, 0.000645111489575, -0.00100120215211, 0.00187406199984, -0.00168586603831, 0.00289573287591], [-0.000846057781018, 0.00157675205264, -0.00181272206828, 0.00310734426603, -0.00132261030376, 0.00128609326202, -0.00190207734704, 0.00106266431976, -0.000953751499765, 0.00201773247682, -0.00166145956609, 0.00105552317109, -0.000709141721018], [0.000755378627218, -0.00190915982239, 0.000850987504236, -0.00132261030376, 0.00574540393427, -0.00470952410251, -0.000228881253861, 0.000284970068606, 0.000401133729611, -0.000675026851241, 0.000274968246231, -0.00107143446803, 0.00171457463875], [-0.00109455012716, 0.0024341463577, -0.00199489714578, 0.00128609326202, -0.00470952410251, 0.00859512761235, -0.00131695473101, -0.00227327062748, 0.00120557285845, 0.00226976163685, -0.00283415731974, 0.00189650559332, -0.0018769511953], [0.00102806685027, -0.0014847163111, 0.00245303404517, -0.00190207734704, -0.000228881253861, -0.00131695473101, 0.00822068937123, -0.00280872825533, 0.000665493076667, 0.00037004679325, 0.00192269554827, -0.00149945286103, 0.00192112929653], [-0.000676792406011, 0.00118256348651, -0.00167758297175, 0.00106266431976, 0.000284970068606, -0.00227327062748, -0.00280872825533, 0.00930616352707, -0.005176583305, 0.000816647312604, 0.0020457522478, 1.49693178173e-05, -0.000985525432043], [0.000619692786131, -0.00132905866485, 0.000645111489575, -0.000953751499765, 0.000401133729611, 0.00120557285845, 0.000665493076667, -0.005176583305, 0.0110033098608, -0.00357272289693, -0.00263700284995, 0.00231825513765, 0.000283700675936], [-0.000699741765857, 0.00170246313792, -0.00100120215211, 0.00201773247682, -0.000675026851241, 0.00226976163685, 0.00037004679325, 0.000816647312604, -0.00357272289693, 0.0136397248134, -0.00633095623925, -0.00070603156928, 0.00324857234955], [0.000733562279493, -0.00150718714576, 0.00187406199984, -0.00166145956609, 0.000274968246231, -0.00283415731974, 0.00192269554827, 0.0020457522478, -0.00263700284995, -0.00633095623925, 0.016963031143, -0.00673918798566, 0.00279527180828], [-0.00070671789581, 0.0019098528428, -0.00168586603831, 0.00105552317109, -0.00107143446803, 0.00189650559332, -0.00149945286103, 1.49693178173e-05, 0.00231825513765, -0.00070603156928, -0.00673918798566, 0.0191039349884, -0.00933725200593], [0.000813770922832, -0.00133980985265, 0.00289573287591, -0.000709141721018, 0.00171457463875, -0.0018769511953, 0.00192112929653, -0.000985525432043, 0.000283700675936, 0.00324857234955, 0.00279527180828, -0.00933725200593, 0.0203872174025]]}, "melbands": {"dmean": [0.000130484171677, 0.000307035283186, 0.000179840557394, 0.000218745015445, 0.000173043939867, 0.000147566359374, 0.000239068584051, 0.000122825731523, 0.000118305550131, 8.5696898168e-05, 7.74560685386e-05, 0.000134024390718, 5.42829438928e-05, 8.35654791445e-05, 4.85933160235e-05, 3.32620584231e-05, 4.72087740491e-05, 2.86990416498e-05, 1.64985631272e-05, 6.40225380266e-06, 1.01387913674e-05, 3.39032203556e-06, 2.60384490502e-06, 1.62616345278e-06, 6.37715459106e-07, 1.09463837816e-06, 4.2391039301e-07, 1.88266156442e-07, 2.82750164615e-07, 5.83825077172e-08, 8.91363356459e-08, 5.57870443174e-08, 3.50014772721e-08, 3.11547552201e-08, 2.60252281947e-08, 1.63014188814e-08, 1.61801807508e-08, 1.09588791375e-08, 1.40719995656e-08, 1.16995302335e-08], "dmean2": [0.000215502164792, 0.000465528282803, 0.000265196984401, 0.000309537368594, 0.000255335093243, 0.00020041714015, 0.000331248622388, 0.000162524389452, 0.000142460761708, 0.000109469066956, 9.89610125544e-05, 0.000165449819178, 7.28414888727e-05, 0.000118952222692, 6.37122502667e-05, 4.51326777693e-05, 5.6692671933e-05, 4.01141151087e-05, 2.4163065973e-05, 1.03753327494e-05, 1.66396985151e-05, 5.28570808456e-06, 4.22985431214e-06, 2.59026910499e-06, 9.87032080957e-07, 1.68271719758e-06, 6.41108272248e-07, 2.94370522624e-07, 4.50293811127e-07, 9.10533657361e-08, 1.38595311228e-07, 8.46185415071e-08, 5.26863139783e-08, 4.94838197085e-08, 3.67430423864e-08, 2.24120189074e-08, 2.21196589933e-08, 1.46212766339e-08, 1.86130506563e-08, 1.52633301553e-08], "dvar": [8.70026752864e-08, 3.84026378697e-07, 1.62739624443e-07, 2.61952237679e-07, 1.38632714197e-07, 7.91221737018e-08, 2.26456862151e-07, 4.49334187635e-08, 6.83363836629e-08, 3.30579190688e-08, 2.30023253778e-08, 1.24394034628e-07, 1.76984720213e-08, 4.0282642999e-08, 2.91971762323e-08, 1.23763150839e-08, 5.38399156369e-08, 8.62809823587e-09, 8.96194674027e-09, 2.65938354671e-10, 1.08696496248e-09, 1.15805989798e-10, 1.00419103588e-10, 3.42824761634e-11, 6.4920607952e-12, 1.81392938864e-11, 2.30591739279e-12, 5.82357296067e-13, 1.93405664747e-12, 3.83471737437e-14, 1.17307368246e-13, 4.23816424934e-14, 1.18089098341e-14, 1.89436987418e-14, 6.71964366068e-15, 2.48769023806e-15, 3.41701751834e-15, 1.77665944192e-15, 3.30858290153e-15, 2.21196153198e-15], "dvar2": [2.26704159445e-07, 7.98460064289e-07, 3.28640879843e-07, 4.95895108088e-07, 3.15338752443e-07, 1.44239152178e-07, 4.42178617277e-07, 7.73188375547e-08, 1.07355845103e-07, 4.89140639104e-08, 3.29412763733e-08, 1.80025267582e-07, 2.83818142321e-08, 7.6646337277e-08, 3.41380754776e-08, 1.49075081168e-08, 5.51478365196e-08, 1.59738302585e-08, 1.99267056189e-08, 6.8427014055e-10, 2.9292275272e-09, 2.97379204595e-10, 2.75101663672e-10, 8.65448546161e-11, 1.40737161508e-11, 4.27563227878e-11, 5.65366330141e-12, 1.40817284049e-12, 4.98387442427e-12, 1.01746553077e-13, 3.04774434856e-13, 1.03655365541e-13, 2.67725024008e-14, 5.05148596292e-14, 1.38973949265e-14, 4.48193042128e-15, 6.07899071454e-15, 2.90225526751e-15, 5.73133578221e-15, 3.43250233941e-15], "max": [0.015767229721, 0.0209946073592, 0.0128314010799, 0.0120044201612, 0.011209060438, 0.00672689918429, 0.0106277000159, 0.00427009398118, 0.0125091876835, 0.00423722341657, 0.00367775768973, 0.0106737008318, 0.00285989209078, 0.00384473451413, 0.0108663514256, 0.00709050148726, 0.0109197571874, 0.00399837223813, 0.0057492852211, 0.000363259459846, 0.00094986037584, 0.000256574887317, 0.000242759226239, 0.000239823566517, 7.79932379373e-05, 0.000126173239551, 3.7530589907e-05, 3.30452276103e-05, 5.22083464602e-05, 5.12956557941e-06, 9.25488257053e-06, 8.11007885204e-06, 2.75858087662e-06, 5.58690544494e-06, 1.90321009086e-06, 1.17682770906e-06, 1.30983539748e-06, 1.02226897525e-06, 1.16631542824e-06, 1.07156404283e-06], "mean": [0.000315104174661, 0.000838898005895, 0.000415495276684, 0.000458523485577, 0.000450661347713, 0.00028821171145, 0.000433686975157, 0.000246327574132, 0.000271330471151, 0.000172463012859, 0.000173249223735, 0.000286573020276, 9.3381262559e-05, 0.000158382914378, 0.000104811027995, 6.87963911332e-05, 9.79592368822e-05, 5.38653803233e-05, 2.74720132438e-05, 9.08488254936e-06, 1.35763139042e-05, 5.34301580046e-06, 3.88630542147e-06, 2.333054681e-06, 1.15013881441e-06, 1.76432547505e-06, 7.17046646059e-07, 3.72062118004e-07, 4.48020898602e-07, 1.21661159369e-07, 1.65984744172e-07, 1.14565089859e-07, 7.08806950911e-08, 6.36461336967e-08, 6.31314804878e-08, 3.96810300174e-08, 3.28959828266e-08, 2.5224105471e-08, 2.86041608177e-08, 2.50929730328e-08], "median": [9.84744983725e-05, 0.000317826023092, 0.000152401451487, 0.000129146515974, 0.000106903426058, 0.000105421429907, 0.000150556763401, 9.60543256951e-05, 6.96774222888e-05, 4.2588715587e-05, 5.31986806891e-05, 4.81366987515e-05, 2.67028044618e-05, 3.21845109283e-05, 1.30160760818e-05, 9.96123890218e-06, 7.54469101594e-06, 7.92337777966e-06, 4.40125586465e-06, 2.03375884666e-06, 1.7203706193e-06, 8.62305967075e-07, 4.70933770202e-07, 3.08462318799e-07, 1.37021245905e-07, 1.57477458629e-07, 6.98480491224e-08, 4.32088640423e-08, 2.99425657602e-08, 1.33306379269e-08, 9.37521260624e-09, 5.72841241109e-09, 3.00955216304e-09, 1.66923919132e-09, 1.51366186252e-09, 9.46780209787e-10, 6.52940312929e-10, 5.30720967173e-10, 4.59701055e-10, 6.28508911582e-10], "min": [7.89122097067e-24, 5.86432452181e-24, 3.6295837348e-24, 3.56675530244e-24, 2.50513469518e-24, 5.73292198867e-24, 5.89044449524e-24, 3.47268561164e-24, 8.80624992249e-24, 6.1026681947e-24, 1.56778610734e-23, 1.01394627176e-23, 7.57135365082e-24, 7.01046092543e-24, 1.00568926467e-23, 1.15310449089e-23, 1.63529445703e-23, 6.36260496271e-24, 7.39002371656e-24, 8.13594771157e-24, 9.04675704641e-24, 5.13475874096e-24, 1.00914368657e-23, 6.17253918279e-24, 3.01843287836e-24, 1.06145936408e-23, 6.77040976311e-24, 1.21646706097e-23, 1.16645209629e-23, 1.09644424083e-23, 8.85693186906e-24, 9.18876226454e-24, 7.77506909098e-24, 5.74818881377e-24, 9.17332031232e-24, 1.47388941374e-23, 1.13955312271e-23, 1.03303465463e-23, 8.56005432258e-24, 1.10343031412e-23], "var": [3.10564701067e-07, 2.06781351153e-06, 6.91279410603e-07, 8.50203434766e-07, 7.51893537654e-07, 2.54200955396e-07, 6.46153750949e-07, 1.54095815219e-07, 4.09858216699e-07, 1.27043506382e-07, 9.88235768773e-08, 6.06145647453e-07, 3.99437425358e-08, 1.2877245581e-07, 1.52796232555e-07, 6.39266062308e-08, 3.52230017597e-07, 4.46508039431e-08, 2.14980033775e-08, 3.92524374115e-10, 1.38332001409e-09, 1.79235834508e-10, 1.58058732769e-10, 4.90171861434e-11, 1.5695424127e-11, 3.98272595459e-11, 4.30616002925e-12, 1.12754185329e-12, 2.84477909979e-12, 9.6309861941e-14, 2.8311969197e-13, 1.19447908595e-13, 3.52145375848e-14, 3.98245245646e-14, 2.98875914252e-14, 1.14714544491e-14, 1.03699507816e-14, 6.70349201292e-15, 1.01619948757e-14, 7.53467485615e-15]}, "mfcc": {"mean": [-774.69543457, 205.864028931, -21.5254859924, -8.72462558746, 0.272024720907, -1.63361573219, -3.25441980362, -4.15770578384, -2.28166460991, -0.812902808189, -2.47415590286, -1.91292572021, 1.03085112572], "cov": [[12171.1416016, 1014.84533691, -1697.05517578, 700.141357422, 55.2996673584, 368.664520264, 255.550323486, 372.222503662, 3.62992668152, -27.3226470947, -48.4426651001, -17.2044277191, 69.4003753662], [1014.84533691, 2467.75097656, 94.5589981079, -0.632378876209, 344.902099609, 65.4804153442, 25.6771717072, 71.4542999268, 78.0094528198, 82.27759552, 100.721382141, 34.1010017395, 61.901184082], [-1697.05517578, 94.5589981079, 1362.44726562, 322.988220215, 417.557098389, 137.371643066, 15.9883136749, 123.096244812, 92.8594589233, 130.969070435, 134.788223267, 39.6417999268, -16.8629264832], [700.141357422, -0.632378876209, 322.988220215, 676.118041992, 327.573760986, 205.162567139, 187.327804565, 225.596069336, 100.467750549, 73.2818908691, 62.6332397461, 27.4650917053, -2.55766510963], [55.2996673584, 344.902099609, 417.557098389, 327.573760986, 572.20892334, 300.049072266, 211.371337891, 242.880187988, 108.242156982, 74.2900543213, 70.6889648438, 33.2728385925, 7.64221382141], [368.664520264, 65.4804153442, 137.371643066, 205.162567139, 300.049072266, 314.967468262, 210.831878662, 174.736816406, 49.4508628845, 20.4785194397, 33.8656005859, 31.0202159882, -2.93836331367], [255.550323486, 25.6771717072, 15.9883136749, 187.327804565, 211.371337891, 210.831878662, 280.220123291, 213.950668335, 80.54712677, 14.9651355743, -4.25438165665, 1.11855220795, -5.12984609604], [372.222503662, 71.4542999268, 123.096244812, 225.596069336, 242.880187988, 174.736816406, 213.950668335, 331.991699219, 178.708847046, 59.9613075256, 18.9825839996, -14.5698680878, -2.00572872162], [3.62992668152, 78.0094528198, 92.8594589233, 100.467750549, 108.242156982, 49.4508628845, 80.54712677, 178.708847046, 188.444915771, 87.9937667847, 18.8454532623, -18.0008831024, -5.69158029556], [-27.3226470947, 82.27759552, 130.969070435, 73.2818908691, 74.2900543213, 20.4785194397, 14.9651355743, 59.9613075256, 87.9937667847, 137.234802246, 88.3642501831, 20.5676765442, -0.740186810493], [-48.4426651001, 100.721382141, 134.788223267, 62.6332397461, 70.6889648438, 33.8656005859, -4.25438165665, 18.9825839996, 18.8454532623, 88.3642501831, 143.623672485, 74.3702011108, 15.834227562], [-17.2044277191, 34.1010017395, 39.6417999268, 27.4650917053, 33.2728385925, 31.0202159882, 1.11855220795, -14.5698680878, -18.0008831024, 20.5676765442, 74.3702011108, 105.604759216, 43.5393676758], [69.4003753662, 61.901184082, -16.8629264832, -2.55766510963, 7.64221382141, -2.93836331367, -5.12984609604, -2.00572872162, -5.69158029556, -0.740186810493, 15.834227562, 43.5393676758, 88.2431945801]], "icov": [[0.000159958173754, -8.95783887245e-05, 0.000277645391179, -0.000279802654404, 0.000156129302923, -0.000362939346815, 0.000434807647252, -0.000460663344711, 0.000427497987403, -0.00029650691431, 0.000168111844687, 4.89494013891e-05, -5.80491905566e-05], [-8.95783887245e-05, 0.000553896359634, -3.98934244004e-05, 0.000306151487166, -0.000725776015315, 0.000487609999254, -0.000242270238232, 0.000474811793538, -0.00050055567408, 0.000318895356031, -0.000589025206864, 0.000289747316856, -0.000307927140966], [0.000277645391179, -3.98934244004e-05, 0.00164060923271, -0.000713161251042, -0.000814529834315, -0.000422591343522, 0.00150278024375, -0.000756951340009, 0.000618238409515, -0.000704654667061, -0.000246954936301, 0.000223408453166, 0.000197143075638], [-0.000279802654404, 0.000306151487166, -0.000713161251042, 0.00286286463961, -0.00102404761128, 0.000696427479852, -0.00123944354709, -0.000114146314445, -0.000245323433774, -3.22142159348e-06, -0.000360395206371, -0.000387794192648, 0.000229377590586], [0.000156129302923, -0.000725776015315, -0.000814529834315, -0.00102404761128, 0.00609472300857, -0.00425606966019, 0.000478903937619, -0.00182875618339, 0.000805155665148, -0.00104206078686, 0.000600818253588, 5.89710834902e-05, -0.000575995421968], [-0.000362939346815, 0.000487609999254, -0.000422591343522, 0.000696427479852, -0.00425606966019, 0.0111312288791, -0.00592363718897, 0.000536848790944, 0.000425174133852, 0.00162897352129, -0.00136740307789, -0.00194635777734, 0.00153669668362], [0.000434807647252, -0.000242270238232, 0.00150278024375, -0.00123944354709, 0.000478903937619, -0.00592363718897, 0.0128603847697, -0.00733501184732, 0.00341123854741, -0.00247891992331, 0.00373956467956, -0.0015067786444, 0.000693059701007], [-0.000460663344711, 0.000474811793538, -0.000756951340009, -0.000114146314445, -0.00182875618339, 0.000536848790944, -0.00733501184732, 0.0157024040818, -0.0126006994396, 0.00597931351513, -0.00496247084811, 0.0036187232472, -0.00166958139744], [0.000427497987403, -0.00050055567408, 0.000618238409515, -0.000245323433774, 0.000805155665148, 0.000425174133852, 0.00341123854741, -0.0126006994396, 0.0205104928464, -0.0131061049178, 0.00736058875918, -0.00147291226313, 0.0006012088852], [-0.00029650691431, 0.000318895356031, -0.000704654667061, -3.22142159348e-06, -0.00104206078686, 0.00162897352129, -0.00247891992331, 0.00597931351513, -0.0131061049178, 0.0234982650727, -0.0158551130444, 0.00534783722833, -0.000430807704106], [0.000168111844687, -0.000589025206864, -0.000246954936301, -0.000360395206371, 0.000600818253588, -0.00136740307789, 0.00373956467956, -0.00496247084811, 0.00736058875918, -0.0158551130444, 0.0244706887752, -0.014341160655, 0.00325710023753], [4.89494013891e-05, 0.000289747316856, 0.000223408453166, -0.000387794192648, 5.89710834902e-05, -0.00194635777734, -0.0015067786444, 0.0036187232472, -0.00147291226313, 0.00534783722833, -0.014341160655, 0.0230402816087, -0.00913046393543], [-5.80491905566e-05, -0.000307927140966, 0.000197143075638, 0.000229377590586, -0.000575995421968, 0.00153669668362, 0.000693059701007, -0.00166958139744, 0.0006012088852, -0.000430807704106, 0.00325710023753, -0.00913046393543, 0.0156973972917]]}, "spectral_contrast_coeffs": {"dmean": [0.0447438061237, 0.0424440056086, 0.0361096970737, 0.0309834480286, 0.0202107429504, 0.0138902859762], "dmean2": [0.0734101012349, 0.0647746920586, 0.0526706799865, 0.0455750524998, 0.0307841356844, 0.0214214902371], "dvar": [0.00136975152418, 0.00114874891005, 0.00089619559003, 0.000643497274723, 0.000280447304249, 0.000184323056601], "dvar2": [0.00361843593419, 0.00260827108286, 0.00187290704343, 0.0013193184277, 0.00061712122988, 0.000405191764003], "max": [-0.232800781727, -0.36370164156, -0.366206198931, -0.331140637398, -0.579679131508, -0.59842634201], "mean": [-0.616291821003, -0.706804156303, -0.688633620739, -0.719675421715, -0.77154815197, -0.804237067699], "median": [-0.620698392391, -0.70979142189, -0.70013064146, -0.719868242741, -0.774181306362, -0.802424430847], "min": [-0.974314451218, -0.966569542885, -0.971986532211, -0.965472817421, -0.954977273941, -0.958182156086], "var": [0.0102560706437, 0.00685823708773, 0.00952514447272, 0.00696268957108, 0.00323781673796, 0.0028598124627]}, "spectral_contrast_valleys": {"dmean": [0.413340181112, 0.313614755869, 0.269592821598, 0.237629145384, 0.203246071935, 0.216734036803], "dmean2": [0.694157660007, 0.493266165257, 0.41465434432, 0.356973916292, 0.273624509573, 0.275893628597], "dvar": [0.154850363731, 0.0860370323062, 0.0650035962462, 0.0559487231076, 0.059826333