{"lowlevel": {"average_loudness": 0.692155838013, "barkbands_crest": {"dmean": 1.69236588478, "dmean2": 2.66455364227, "dvar": 5.1782374382, "dvar2": 13.1941604614, "max": 26.3578701019, "mean": 17.4897060394, "median": 17.6828956604, "min": 4.76781082153, "var": 23.7692947388}, "barkbands_flatness_db": {"dmean": 0.0592373348773, "dmean2": 0.0847116261721, "dvar": 0.0052298461087, "dvar2": 0.0103255556896, "max": 0.901806771755, "mean": 0.547034084797, "median": 0.584237396717, "min": 0.0870738849044, "var": 0.0201260969043}, "barkbands_kurtosis": {"dmean": 16.8459377289, "dmean2": 26.3136692047, "dvar": 3220.34277344, "dvar2": 8554.11328125, "max": 1430.82141113, "mean": 37.7269859314, "median": 7.39154100418, "min": -1.96183168888, "var": 15618.6337891}, "barkbands_skewness": {"dmean": 0.759227693081, "dmean2": 1.09895813465, "dvar": 1.45659399033, "dvar2": 2.93790125847, "max": 25.333158493, "mean": 2.93184137344, "median": 2.20922040939, "min": -1.91745793819, "var": 9.96381568909}, "barkbands_spread": {"dmean": 1.00426208973, "dmean2": 1.60318875313, "dvar": 4.69953155518, "dvar2": 11.6976327896, "max": 30.6790332794, "mean": 2.92335057259, "median": 1.98861193657, "min": 0.0253483336419, "var": 10.7051382065}, "dissonance": {"dmean": 0.0581786036491, "dmean2": 0.0960153117776, "dvar": 0.00363941723481, "dvar2": 0.00854165665805, "max": 0.49634796381, "mean": 0.242596685886, "median": 0.229609176517, "min": 0.0188966877759, "var": 0.0110104586929}, "dynamic_complexity": 3.77521491051, "erbbands_crest": {"dmean": 2.31156277657, "dmean2": 3.51285123825, "dvar": 8.6369972229, "dvar2": 20.9916954041, "max": 33.7749557495, "mean": 18.3723526001, "median": 17.9829692841, "min": 3.37656784058, "var": 30.8291854858}, "erbbands_flatness_db": {"dmean": 0.0441251434386, "dmean2": 0.0619607493281, "dvar": 0.00340721663088, "dvar2": 0.00645177159458, "max": 0.647750258446, "mean": 0.423147171736, "median": 0.452146649361, "min": 0.0465483590961, "var": 0.0126247825101}, "erbbands_kurtosis": {"dmean": 4.89877700806, "dmean2": 7.58208656311, "dvar": 192.443878174, "dvar2": 506.659576416, "max": 284.871551514, "mean": 9.79020309448, "median": 1.61071872711, "min": -1.89339244366, "var": 867.197021484}, "erbbands_skewness": {"dmean": 0.604972720146, "dmean2": 0.877711176872, "dvar": 0.700315833092, "dvar2": 1.60629010201, "max": 14.2726192474, "mean": 0.558780014515, "median": 0.239120647311, "min": -6.91034078598, "var": 5.28303813934}, "erbbands_spread": {"dmean": 3.40485286713, "dmean2": 5.19322824478, "dvar": 62.9989395142, "dvar2": 133.507385254, "max": 109.623023987, "mean": 9.6418056488, "median": 7.66918611526, "min": 0.431832879782, "var": 92.4766769409}, "hfc": {"dmean": 1.9480124712, "dmean2": 2.81434464455, "dvar": 11.5684614182, "dvar2": 24.9624519348, "max": 77.2009887695, "mean": 7.22757482529, "median": 5.01825618744, "min": 1.17913431649e-16, "var": 52.7032699585}, "melbands_crest": {"dmean": 2.03073906898, "dmean2": 3.32889461517, "dvar": 8.52475643158, "dvar2": 22.0041332245, "max": 33.1740989685, "mean": 24.0876541138, "median": 24.3408432007, "min": 2.59681558609, "var": 28.5657711029}, "melbands_flatness_db": {"dmean": 0.0678645372391, "dmean2": 0.0991347059608, "dvar": 0.00633616326377, "dvar2": 0.0127973752096, "max": 1, "mean": 0.694992601871, "median": 0.735054731369, "min": 0.011098000221, "var": 0.0239607337862}, "melbands_kurtosis": {"dmean": 10.2635908127, "dmean2": 15.0742950439, "dvar": 1728.95068359, "dvar2": 3642.69018555, "max": 924.698974609, "mean": 19.3871002197, "median": 8.90619087219, "min": -1.93227112293, "var": 2887.53686523}, "melbands_skewness": {"dmean": 0.637075841427, "dmean2": 0.940988183022, "dvar": 1.05777108669, "dvar2": 2.40259838104, "max": 19.6910190582, "mean": 2.72498035431, "median": 2.50434303284, "min": -0.909429728985, "var": 3.42236876488}, "melbands_spread": {"dmean": 1.02805995941, "dmean2": 1.59147977829, "dvar": 6.58183670044, "dvar2": 10.2170324326, "max": 133.516952515, "mean": 3.20880484581, "median": 2.20662021637, "min": 0.1951559484, "var": 14.591044426}, "pitch_salience": {"dmean": 0.0512336865067, "dmean2": 0.0786428004503, "dvar": 0.006118866615, "dvar2": 0.0150316851214, "max": 0.869315505028, "mean": 0.274920195341, "median": 0.273209035397, "min": 0.00789195857942, "var": 0.0222622025758}, "silence_rate_20dB": {"dmean": 0, "dmean2": 0, "dvar": 0, "dvar2": 0, "max": 1, "mean": 1, "median": 1, "min": 1, "var": 0}, "silence_rate_30dB": {"dmean": 0.0181939210743, "dmean2": 0.0363959148526, "dvar": 0.0178627427667, "dvar2": 0.042174577713, "max": 1, "mean": 0.954081654549, "median": 1, "min": 0, "var": 0.0438088998199}, "silence_rate_60dB": {"dmean": 0.000443754164735, "dmean2": 0.00066577893449, "dvar": 0.00044354001875, "dvar2": 0.000665327068418, "max": 1, "mean": 0.015306122601, "median": 0, "min": 0, "var": 0.0150718251243}, "spectral_centroid": {"dmean": 46.8321342468, "dmean2": 73.1823730469, "dvar": 33174.6289062, "dvar2": 45591.7851562, "max": 10948.8535156, "mean": 266.320526123, "median": 236.539733887, "min": 73.6954650879, "var": 44253.4414062}, "spectral_complexity": {"dmean": 0.752607047558, "dmean2": 1.25210833549, "dvar": 1.98515617847, "dvar2": 4.41670942307, "max": 17, "mean": 3.93411707878, "median": 4, "min": 0, "var": 4.49990749359}, "spectral_decrease": {"dmean": 2.81082002118e-09, "dmean2": 4.26574597867e-09, "dvar": 1.89095721417e-17, "dvar2": 5.19152846119e-17, "max": 7.12895126348e-29, "mean": -1.01700008415e-08, "median": -7.63867724629e-09, "min": -6.57288836692e-08, "var": 7.22923297542e-17}, "spectral_energy": {"dmean": 0.0107673732564, "dmean2": 0.016318557784, "dvar": 0.000276896927971, "dvar2": 0.000758848735131, "max": 0.252633929253, "mean": 0.039039414376, "median": 0.029342321679, "min": 1.04260251631e-20, "var": 0.00106709997635}, "spectral_energyband_high": {"dmean": 2.17751767195e-05, "dmean2": 3.38440258929e-05, "dvar": 5.61996538195e-09, "dvar2": 1.32709780942e-08, "max": 0.000625045620836, "mean": 1.84685013664e-05, "median": 1.5549415977e-08, "min": 7.79303010958e-21, "var": 5.40282574235e-09}, "spectral_energyband_low": {"dmean": 0.0091659585014, "dmean2": 0.0145484376699, "dvar": 0.000210367390537, "dvar2": 0.000616457662545, "max": 0.147311329842, "mean": 0.0285531282425, "median": 0.0219313129783, "min": 1.86796661444e-23, "var": 0.00046848753118}, "spectral_energyband_middle_high": {"dmean": 0.000241626432398, "dmean2": 0.000350820395397, "dvar": 1.05570313735e-06, "dvar2": 1.9910487481e-06, "max": 0.0314908325672, "mean": 0.000321252766298, "median": 2.50729754043e-05, "min": 1.26226983974e-21, "var": 1.76845060196e-06}, "spectral_energyband_middle_low": {"dmean": 0.00437768967822, "dmean2": 0.00629523023963, "dvar": 8.45524118631e-05, "dvar2": 0.000198601657758, "max": 0.249502420425, "mean": 0.0168759245425, "median": 0.00700520072132, "min": 4.13443565526e-22, "var": 0.000820040120743}, "spectral_entropy": {"dmean": 0.362423360348, "dmean2": 0.480106592178, "dvar": 0.348362475634, "dvar2": 0.625761330128, "max": 9.79220199585, "mean": 4.37452793121, "median": 4.12537002563, "min": 2.48935341835, "var": 1.12529504299}, "spectral_flux": {"dmean": 0.0235648844391, "dmean2": 0.0347068980336, "dvar": 0.00117958977353, "dvar2": 0.00250355503522, "max": 0.386359930038, "mean": 0.04676656425, "median": 0.0265933070332, "min": 1.02107912403e-10, "var": 0.00254229875281}, "spectral_kurtosis": {"dmean": 119.869636536, "dmean2": 201.58114624, "dvar": 17236.7207031, "dvar2": 48215.953125, "max": 1097.4822998, "mean": 255.025588989, "median": 234.88092041, "min": -1.18385243416, "var": 37575.1640625}, "spectral_rms": {"dmean": 0.000794793711975, "dmean2": 0.00116446532775, "dvar": 1.11641054445e-06, "dvar2": 2.91416245091e-06, "max": 0.0156994313002, "mean": 0.00572254741564, "median": 0.00535038858652, "min": 3.18931534828e-12, "var": 5.33988486495e-06}, "spectral_rolloff": {"dmean": 56.4771652222, "dmean2": 99.1688613892, "dvar": 88418.09375, "dvar2": 105206.445312, "max": 18863.0859375, "mean": 272.169677734, "median": 172.265625, "min": 86.1328125, "var": 109702.523438}, "spectral_skewness": {"dmean": 2.85680294037, "dmean2": 4.51543188095, "dvar": 8.82467651367, "dvar2": 21.3717250824, "max": 27.8251552582, "mean": 12.4738864899, "median": 13.4655628204, "min": 0.0232047662139, "var": 32.2270545959}, "spectral_spread": {"dmean": 707621.6875, "dmean2": 1024498.5, "dvar": 1066227400700.0, "dvar2": 1453578649600.0, "max": 40245832, "mean": 1517632, "median": 833737, "min": 89894.6484375, "var": 3915599839230.0}, "spectral_strongpeak": {"dmean": 0.181953027844, "dmean2": 0.299585193396, "dvar": 0.207367390394, "dvar2": 0.555119276047, "max": 9.52105522156, "mean": 0.812099039555, "median": 0.649130105972, "min": 0, "var": 0.397108465433}, "zerocrossingrate": {"dmean": 0.00218756939285, "dmean2": 0.00275663263164, "dvar": 4.17868832301e-05, "dvar2": 3.0549672374e-05, "max": 0.5, "mean": 0.0100155062973, "median": 0.00732421875, "min": 0.0029296875, "var": 0.000145091442391}, "barkbands": {"dmean": [0.000287656672299, 0.00247831991874, 0.00525043020025, 0.00282883504406, 0.000525883748196, 0.00047563679982, 0.000616370409261, 0.000388417043723, 0.000325061817421, 0.000198230045498, 4.04332131438e-05, 3.73814000341e-05, 2.62231387751e-05, 2.63012716459e-05, 1.18790767374e-05, 2.05056699087e-06, 2.46841386797e-06, 4.91791524837e-06, 2.07618495551e-06, 5.13631948706e-06, 1.44255739087e-06, 4.3405143515e-06, 2.67538780463e-06, 2.64025857177e-06, 3.55041038347e-06, 3.47197260453e-06, 1.80161009666e-06], "dmean2": [0.000476280110888, 0.00384242832661, 0.00853938423097, 0.00428975280374, 0.000854689162225, 0.000760407885537, 0.000810717232525, 0.000527545984369, 0.000361309881555, 0.000287756236503, 7.02034158166e-05, 5.54667640245e-05, 4.07810366596e-05, 2.9395599995e-05, 2.25861513172e-05, 3.68846849597e-06, 4.55432564195e-06, 9.18716341403e-06, 3.59825253327e-06, 9.24969754124e-06, 2.34458775594e-06, 7.09022106093e-06, 3.95190181735e-06, 4.23461688115e-06, 5.34933815288e-06, 5.3066178225e-06, 2.61230502474e-06], "dvar": [1.53456835505e-06, 4.82429823023e-05, 8.23235750431e-05, 6.49336288916e-05, 4.66644041808e-06, 1.80849679055e-06, 1.559661996e-06, 2.01588773052e-06, 1.68425651736e-06, 4.29935425927e-06, 4.99332379889e-08, 4.25794794978e-08, 2.23633609409e-08, 6.60865495661e-08, 2.12311923597e-09, 4.86128810817e-11, 6.9724261087e-11, 4.20391665923e-10, 6.42918288052e-11, 4.35205010918e-10, 2.47328789393e-11, 2.44821884987e-10, 8.55474718842e-11, 8.49392500779e-11, 1.42063208419e-10, 1.40298814233e-10, 3.82385581532e-11], "dvar2": [3.61668480764e-06, 0.000135008871439, 0.000239657339989, 0.000167476915522, 7.98140354163e-06, 5.11740245202e-06, 2.93698371934e-06, 3.82783264286e-06, 2.30878663388e-06, 9.66243715084e-06, 1.10967832256e-07, 8.04096558227e-08, 4.46283792144e-08, 6.99695874573e-08, 6.17609874354e-09, 1.36862549072e-10, 1.97250063505e-10, 1.21177001766e-09, 1.77427753045e-10, 1.21466314784e-09, 6.06779695933e-11, 5.88690929337e-10, 1.97976066096e-10, 2.10029618697e-10, 3.18083892559e-10, 3.26562249464e-10, 9.02300179018e-11], "max": [0.0144979916513, 0.0905555933714, 0.0983284711838, 0.181310221553, 0.114523366094, 0.0210577659309, 0.0212916582823, 0.0236688926816, 0.0371353290975, 0.0809237137437, 0.007742844522, 0.00585989747196, 0.00416826596484, 0.0132042737678, 0.000405253376812, 5.10170284542e-05, 7.04320336808e-05, 0.000180644288776, 7.31531981728e-05, 0.000183754804311, 4.44164252258e-05, 0.000125701451907, 8.47761912155e-05, 9.45747015066e-05, 0.000109230291855, 0.000100513359939, 5.60597036383e-05], "mean": [0.000220741523663, 0.00670910347253, 0.0149598531425, 0.010111913085, 0.00174063723534, 0.00124127673917, 0.00178892991971, 0.000874168763403, 0.000952593516558, 0.000248917291174, 3.66543899872e-05, 5.2054925618e-05, 2.56782677752e-05, 4.14227906731e-05, 7.22957520338e-06, 1.37325866945e-06, 1.76985702183e-06, 3.21978041029e-06, 1.56843589139e-06, 3.35393110618e-06, 1.16914895898e-06, 3.349498229e-06, 2.42264582084e-06, 2.17800720748e-06, 3.14706403515e-06, 3.04357240566e-06, 1.7015057665e-06], "median": [1.792733201e-06, 0.00376625545323, 0.0107207940891, 0.000206570854061, 3.63475810445e-05, 0.000134513858939, 0.000637067249045, 0.000110439883429, 5.5628897826e-06, 1.40940792335e-05, 2.89164177047e-07, 1.32143827614e-06, 1.36702681175e-07, 1.78656733851e-07, 7.84174858381e-08, 1.41740601478e-08, 1.47047813925e-08, 5.67566615928e-09, 3.28095550728e-09, 2.56476528904e-09, 2.86867996024e-09, 2.06875139241e-09, 1.86880599884e-09, 1.69311220599e-09, 1.7437378208e-09, 1.92796756338e-09, 2.46738363074e-09], "min": [1.54050635061e-23, 6.82867187413e-24, 2.33258655774e-24, 3.8679987996e-24, 5.91637474762e-23, 1.87830842313e-23, 1.11528649909e-22, 9.02252150391e-23, 1.2080234725e-22, 1.03085705143e-22, 5.93549862923e-23, 3.35615255437e-23, 2.96059087522e-23, 7.28605374252e-23, 6.88899669864e-23, 1.28171582904e-22, 1.80278370048e-22, 1.49604113283e-22, 3.34863048165e-22, 2.3472471669e-22, 4.37510386458e-22, 5.21955207437e-22, 7.83824261844e-22, 8.49074140624e-22, 1.03021225546e-21, 1.58398534079e-21, 2.62878382371e-21], "var": [1.30092951167e-06, 7.55003857194e-05, 0.000235079030972, 0.000467930454761, 0.000100287448731, 5.5536193031e-06, 7.10896301825e-06, 3.84403119824e-06, 1.51823514898e-05, 4.38086863142e-06, 5.69476306111e-08, 9.16584852462e-08, 3.50901601109e-08, 2.15747945731e-07, 1.17569298741e-09, 3.07353274775e-11, 4.89308003837e-11, 2.5517943314e-10, 4.63077770574e-11, 2.7750579612e-10, 2.1845353651e-11, 2.11676440265e-10, 8.87058412835e-11, 7.59022150687e-11, 1.48939777178e-10, 1.41069628201e-10, 4.04645310315e-11]}, "erbbands": {"dmean": [0.0490169972181, 0.684492766857, 4.88395500183, 9.27184009552, 3.79898381233, 1.36778783798, 2.90555095673, 3.83894228935, 9.10857105255, 6.8030295372, 9.93724822998, 8.36272525787, 7.46759557724, 2.90951371193, 1.42506074905, 1.60556924343, 1.25104725361, 1.59320020676, 0.605802953243, 0.335985153913, 0.128975063562, 0.164165988564, 0.278698086739, 0.123684339225, 0.17577445507, 0.232564345002, 0.0770259648561, 0.0858974829316, 0.148195758462, 0.125369057059, 0.0648157820106, 0.0441783182323, 0.0531335026026, 0.0491952896118, 0.0217976309359, 0.0123144742101, 0.00631037633866, 0.00197921227664, 0.000346833170624, 2.48636169999e-05], "dmean2": [0.0783959701657, 1.07814490795, 7.85116004944, 14.7914619446, 5.46002483368, 2.40408611298, 4.81478071213, 6.11812067032, 12.2580165863, 9.25752925873, 13.5178756714, 8.91187858582, 10.0512399673, 4.59406471252, 2.26496195793, 2.44748830795, 1.95188939571, 1.73409736156, 1.09897089005, 0.630503833294, 0.233196914196, 0.307662218809, 0.524799585342, 0.215957656503, 0.313077270985, 0.418984532356, 0.125327885151, 0.143875911832, 0.241082280874, 0.199877604842, 0.0934959724545, 0.0694930553436, 0.0852853655815, 0.0792723447084, 0.0313540548086, 0.0186397731304, 0.00961033720523, 0.00290154432878, 0.000504420488141, 3.80137753382e-05], "dvar": [0.0312643125653, 2.9672498703, 65.3346405029, 429.292755127, 222.340332031, 18.390663147, 141.753952026, 127.908226013, 366.284637451, 351.016082764, 1301.59790039, 1069.19714355, 7386.15771484, 131.867370605, 48.1545181274, 75.2934799194, 49.7825393677, 242.742874146, 7.04974651337, 1.46223843098, 0.197270393372, 0.346479356289, 1.34506094456, 0.221625670791, 0.519438922405, 0.874478816986, 0.0763494595885, 0.0966336801648, 0.281013548374, 0.199248760939, 0.0497086159885, 0.0225673746318, 0.0346754267812, 0.0301385689527, 0.00503179896623, 0.00171660620254, 0.000465373217594, 4.52623535239e-05, 1.37669803735e-06, 3.34265415347e-09], "dvar2": [0.0724991187453, 8.73034381866, 183.832305908, 1272.30749512, 352.551239014, 47.9888687134, 386.181182861, 368.20501709, 727.495910645, 679.171875, 2515.78515625, 1293.51794434, 16332.4970703, 298.721343994, 98.8930206299, 151.974472046, 103.231651306, 247.72958374, 20.0628566742, 4.21208906174, 0.556727766991, 0.998088896275, 3.88699388504, 0.612804532051, 1.47203278542, 2.45309376717, 0.197580456734, 0.234720438719, 0.667126715183, 0.485064029694, 0.11118324101, 0.0551740974188, 0.0849824100733, 0.0738056004047, 0.0105074234307, 0.00394731201231, 0.00109264603816, 0.00010091085278, 3.22963228427e-06, 8.11839395709e-09], "max": [2.10518026352, 23.5363273621, 80.8836593628, 328.835723877, 757.103271484, 99.1292114258, 246.463241577, 230.960693359, 360.788116455, 400.622497559, 620.692993164, 1000.65142822, 3389.91137695, 255.242935181, 241.421035767, 148.481674194, 172.014373779, 809.490112305, 29.527967453, 8.41450023651, 3.30972743034, 5.0762834549, 10.3322896957, 4.20306825638, 6.40224313736, 8.11478042603, 2.59250354767, 2.7502117157, 4.34860563278, 3.79187107086, 2.0635972023, 1.59219682217, 1.88260233402, 1.68329918385, 0.659744858742, 0.361074268818, 0.180817008018, 0.0586439669132, 0.0104658268392, 0.0005719284527], "mean": [0.0959194377065, 2.05376005173, 14.4106941223, 30.2484951019, 17.5682239532, 2.44462013245, 4.96724176407, 11.4776687622, 27.6553039551, 18.0353870392, 23.7021179199, 25.3312530518, 11.1248559952, 3.90759825706, 1.80471885204, 1.93372046947, 1.2518787384, 2.52328228951, 0.450222432613, 0.207639113069, 0.0865996703506, 0.111598908901, 0.182338058949, 0.0918324738741, 0.119217716157, 0.151927575469, 0.0613365955651, 0.0655518323183, 0.115081310272, 0.102035649121, 0.0608046501875, 0.0381375811994, 0.0433820411563, 0.0391278602183, 0.0207992754877, 0.0110594546422, 0.00558678992093, 0.00186285423115, 0.0003362960706, 5.6786058849e-05], "median": [0.024510037154, 1.38889038563, 10.6031570435, 8.10164833069, 0.591354608536, 0.250415414572, 0.561378121376, 2.06115722656, 6.57514286041, 7.84258270264, 2.85377240181, 0.583142280579, 0.334739506245, 0.291003316641, 0.0682729631662, 0.0700013190508, 0.0208371914923, 0.0169785544276, 0.0100646726787, 0.00257607409731, 0.0010596010834, 0.000759726739489, 0.000394395552576, 0.000226024611038, 0.000161531061167, 0.000128331768792, 0.000132041954203, 9.54813731369e-05, 7.80614354881e-05, 7.53414205974e-05, 6.90321612637e-05, 5.07291479153e-05, 4.35786641901e-05, 3.7005822378e-05, 2.91771830234e-05, 2.2180731321e-05, 1.29602030938e-05, 2.28368003263e-06, 1.48834860738e-05, 3.37634264724e-05], "min": [4.37056406474e-22, 8.05197974754e-22, 1.51659607123e-21, 8.78963330589e-21, 7.94677067371e-20, 2.79981508798e-19, 1.44386301701e-19, 2.23554892174e-19, 1.31331103964e-18, 1.83587132807e-18, 2.57870598793e-18, 2.66671221484e-18, 2.43416920398e-18, 2.63417341108e-18, 2.71429433201e-18, 1.36365573326e-18, 1.88911839167e-18, 3.65059909251e-18, 2.20699107978e-18, 6.4219002308e-18, 7.28188103618e-18, 9.84426488947e-18, 7.62791053875e-18, 1.49702882562e-17, 1.45854176608e-17, 1.2407959824e-17, 1.43522950031e-17, 2.07193440603e-17, 1.84133018245e-17, 2.15718033124e-17, 2.18677999684e-17, 1.94210261863e-17, 1.36609572995e-17, 1.09726161728e-17, 7.28221190842e-18, 4.63442620639e-18, 3.11006613392e-18, 1.62888282147e-18, 3.51764474999e-19, 3.74437424504e-20], "var": [0.0368712842464, 4.81453227997, 174.48109436, 2227.85864258, 4736.60400391, 82.9685440063, 178.423477173, 528.55267334, 1866.07104492, 920.719177246, 2628.18261719, 10008.5449219, 8536.52734375, 180.803955078, 77.5744476318, 105.166320801, 71.8690643311, 804.846618652, 4.85176753998, 0.840429246426, 0.123933836818, 0.223476931453, 0.814372181892, 0.158823236823, 0.330954730511, 0.555766403675, 0.0628819689155, 0.0807787179947, 0.247359544039, 0.180470824242, 0.0538272336125, 0.0214331522584, 0.0309640839696, 0.0263846963644, 0.00598254194483, 0.00178956775926, 0.000466710713226, 4.97295623063e-05, 1.4499593135e-06, 4.65366234437e-09]}, "gfcc": {"mean": [-272.524871826, 216.068359375, 7.53836488724, -21.0661907196, -34.5042381287, 1.02530860901, -7.86203193665, 1.69422066212, 2.7921667099, 0.803389966488, -5.03393507004, -18.238986969, -17.110200882], "cov": [[15619.7539062, -3187.0637207, -2857.45629883, 454.834350586, -1472.91772461, 314.468688965, -550.476867676, 382.278015137, -958.651123047, -334.593292236, -924.950927734, -52.3014564514, -511.78805542], [-3187.0637207, 3150.48779297, 505.924682617, -1296.19006348, 272.469940186, -311.020477295, 160.221481323, -308.907531738, 437.724029541, -84.8531570435, 174.905975342, -354.653656006, 129.476074219], [-2857.45629883, 505.924682617, 1217.12268066, 330.239715576, 202.572921753, -245.479064941, -33.3864250183, -134.585769653, 174.89906311, 95.9085769653, 227.412185669, 67.6032180786, 132.957046509], [454.834350586, -1296.19006348, 330.239715576, 1118.24279785, 115.987113953, -14.0561742783, -197.518005371, -12.393327713, -164.555587769, 98.7245635986, 102.86869812, 300.965484619, 122.789230347], [-1472.91772461, 272.469940186, 202.572921753, 115.987113953, 485.911651611, 131.034896851, 26.4965305328, -127.760498047, 22.8652362823, -2.54405331612, 129.789764404, 51.5192947388, 120.535224915], [314.468688965, -311.020477295, -245.479064941, -14.0561742783, 131.034896851, 344.798522949, 176.939071655, 98.2067718506, -73.0258102417, -42.5317878723, -47.6716308594, 0.190514162183, -23.4067745209], [-550.476867676, 160.221481323, -33.3864250183, -197.518005371, 26.4965305328, 176.939071655, 331.80758667, 187.919876099, 87.4888916016, -43.1316337585, -45.6448707581, -92.2580184937, -50.9540405273], [382.278015137, -308.907531738, -134.585769653, -12.393327713, -127.760498047, 98.2067718506, 187.919876099, 314.506652832, 118.480651855, 46.1662788391, -41.9323730469, 4.97062015533, -43.8602333069], [-958.651123047, 437.724029541, 174.89906311, -164.555587769, 22.8652362823, -73.0258102417, 87.4888916016, 118.480651855, 271.370117188, 131.09664917, 113.01738739, 14.5502376556, 66.9777374268], [-334.593292236, -84.8531570435, 95.9085769653, 98.7245635986, -2.54405331612, -42.5317878723, -43.1316337585, 46.1662788391, 131.09664917, 229.697631836, 205.995330811, 181.421066284, 110.401283264], [-924.950927734, 174.905975342, 227.412185669, 102.86869812, 129.789764404, -47.6716308594, -45.6448707581, -41.9323730469, 113.01738739, 205.995330811, 322.64730835, 260.494750977, 199.108215332], [-52.3014564514, -354.653656006, 67.6032180786, 300.965484619, 51.5192947388, 0.190514162183, -92.2580184937, 4.97062015533, 14.5502376556, 181.421066284, 260.494750977, 392.499664307, 263.848968506], [-511.78805542, 129.476074219, 132.957046509, 122.789230347, 120.535224915, -23.4067745209, -50.9540405273, -43.8602333069, 66.9777374268, 110.401283264, 199.108215332, 263.848968506, 310.689025879]], "icov": [[0.000380584882805, -0.000859209743794, 0.000704233709257, -0.00101789983455, 0.00111420254689, -0.00108774111141, 0.00129804376047, -0.00112981384154, 0.00111460697372, -0.000628847978078, 0.00107165297959, -0.000703380210325, 0.00051881041145], [-0.000859209743794, 0.00685204798356, -0.00181823584717, 0.00579194631428, -0.0023618042469, 0.00439690658823, -0.00422319211066, 0.00693197967485, -0.00836100522429, 0.008500023745, -0.0105986818671, 0.00862251687795, -0.00599658535793], [0.000704233709257, -0.00181823584717, 0.00329893268645, -0.00345826824196, 0.00246622227132, -0.00136906700209, 0.00116520537995, -0.000353293347871, -0.000145674115629, 0.000162242140505, 0.000478521629702, -0.000733921071514, 0.0012444416061], [-0.00101789983455, 0.00579194631428, -0.00345826824196, 0.00835700985044, -0.00544956373051, 0.0060207224451, -0.00335930823348, 0.00249524321407, -0.00182950205635, 0.00297305942513, -0.0054932567291, 0.00460715498775, -0.00459845550358], [0.00111420254689, -0.0023618042469, 0.00246622227132, -0.00544956373051, 0.0107979318127, -0.00945138279349, 0.00466172024608, 0.00223408988677, -0.0044397781603, 0.00523776002228, -0.0031397792045, 0.00102661096025, 0.000332933850586], [-0.00108774111141, 0.00439690658823, -0.00136906700209, 0.0060207224451, -0.00945138279349, 0.0157389491796, -0.00980447698385, 0.000449526676675, 0.00424472521991, -0.0026619550772, -0.00159026647452, 0.00282146967947, -0.00345588102937], [0.00129804376047, -0.00422319211066, 0.00116520537995, -0.00335930823348, 0.00466172024608, -0.00980447698385, 0.0159601904452, -0.0113276485354, 0.00405193399638, 0.00132685946301, 0.000676536583342, -0.00034247894655, 0.00171065854374], [-0.00112981384154, 0.00693197967485, -0.000353293347871, 0.00249524321407, 0.00223408988677, 0.000449526676675, -0.0113276485354, 0.0250635743141, -0.0235153604299, 0.0113462368026, -0.00632546329871, 0.00133871880826, -0.00078286632197], [0.00111460697372, -0.00836100522429, -0.000145674115629, -0.00182950205635, -0.0044397781603, 0.00424472521991, 0.00405193399638, -0.0235153604299, 0.0374800935388, -0.026435546577, 0.0144241247326, -0.00291883503087, 4.16448492615e-05], [-0.000628847978078, 0.008500023745, 0.000162242140505, 0.00297305942513, 0.00523776002228, -0.0026619550772, 0.00132685946301, 0.0113462368026, -0.026435546577, 0.0374728031456, -0.0286982376128, 0.0103131104261, -0.00421934342012], [0.00107165297959, -0.0105986818671, 0.000478521629702, -0.0054932567291, -0.0031397792045, -0.00159026647452, 0.000676536583342, -0.00632546329871, 0.0144241247326, -0.0286982376128, 0.0418703667819, -0.0282619241625, 0.012720964849], [-0.000703380210325, 0.00862251687795, -0.000733921071514, 0.00460715498775, 0.00102661096025, 0.00282146967947, -0.00034247894655, 0.00133871880826, -0.00291883503087, 0.0103131104261, -0.0282619241625, 0.0345160327852, -0.020547484979], [0.00051881041145, -0.00599658535793, 0.0012444416061, -0.00459845550358, 0.000332933850586, -0.00345588102937, 0.00171065854374, -0.00078286632197, 4.16448492615e-05, -0.00421934342012, 0.012720964849, -0.020547484979, 0.0184253100306]]}, "melbands": {"dmean": [0.000550176016986, 0.00200926349498, 0.00142006529495, 0.000143151948578, 8.97584977793e-05, 8.94819531823e-05, 0.000137839131639, 7.13556873961e-05, 8.28938718769e-05, 4.66109631816e-05, 3.60740632459e-05, 1.13001296995e-05, 5.41947383681e-06, 4.5893607421e-06, 2.90091907118e-06, 3.26131294059e-06, 2.65525682153e-06, 8.31198292417e-07, 8.63243656113e-07, 1.57506946152e-07, 1.39947587741e-07, 1.34287844844e-07, 2.68493806743e-07, 2.13358887891e-07, 8.58064908016e-08, 7.73255663944e-08, 1.9384944494e-07, 1.48906309505e-07, 5.05022512698e-08, 4.11700078473e-08, 5.35109734301e-08, 9.37142701218e-08, 6.94583732752e-08, 6.85789842692e-08, 3.84869558445e-08, 2.57192223074e-08, 2.87526695786e-08, 3.56989673378e-08, 4.10749017021e-08, 4.17218366522e-08], "dmean2": [0.000847018614877, 0.00322549138218, 0.00222038989887, 0.000217196517042, 0.000150537845911, 0.000142978911754, 0.000184560733032, 9.78968746495e-05, 0.000110760978714, 5.086119927e-05, 4.89010744786e-05, 1.81455434358e-05, 9.02197371033e-06, 6.64566596242e-06, 4.86896806251e-06, 4.26764790973e-06, 2.86047338705e-06, 1.5598778873e-06, 1.65001563346e-06, 2.84099257897e-07, 2.52478969287e-07, 2.48080056053e-07, 5.1060470696e-07, 3.92595893572e-07, 1.47863403299e-07, 1.33660179813e-07, 3.53356739424e-07, 2.69203837888e-07, 8.12932015037e-08, 7.07307492576e-08, 8.93134952662e-08, 1.53326240593e-07, 1.125074931e-07, 1.08069919236e-07, 5.5289966383e-08, 3.67585180072e-08, 4.73033878734e-08, 5.80948871232e-08, 6.50034408523e-08, 6.74645690424e-08], "dvar": [2.86882732325e-06, 1.11780127554e-05, 9.81552420853e-06, 3.33926749363e-07, 1.23169954236e-07, 6.62814159114e-08, 7.80545974521e-08, 3.88033463139e-08, 8.22312458126e-08, 3.60241365627e-08, 1.76987697387e-07, 1.85691317878e-09, 9.09020303475e-10, 6.53844367537e-10, 2.22815862982e-10, 5.40157585327e-10, 6.92686186188e-10, 1.75207643532e-11, 1.02538446484e-11, 2.84193160541e-13, 2.3423407311e-13, 2.10472522115e-13, 1.14806547515e-12, 7.90386256878e-13, 1.01294359456e-13, 8.9052897001e-14, 6.69535553301e-13, 3.55710822126e-13, 3.30831451914e-14, 2.2653040671e-14, 3.7914014647e-14, 1.15637005722e-13, 6.10444447812e-14, 5.95305461827e-14, 1.81443537495e-14, 7.04254151401e-15, 1.052544909e-14, 1.60040556518e-14, 2.07526206099e-14, 2.19050529804e-14], "dvar2": [7.23734638086e-06, 3.22115374729e-05, 2.72210872936e-05, 5.38934557426e-07, 3.31880443127e-07, 1.88424806424e-07, 1.52453665692e-07, 7.42476089499e-08, 1.59284411438e-07, 4.7276429882e-08, 3.89279591673e-07, 4.25527835191e-09, 1.90477034145e-09, 1.19346654781e-09, 4.97041907632e-10, 6.40499042692e-10, 7.03332669882e-10, 5.1617987662e-11, 2.97422121653e-11, 7.95479188163e-13, 6.58337371163e-13, 6.01257379388e-13, 3.33405113413e-12, 2.25784690423e-12, 2.7643222455e-13, 2.45735289756e-13, 1.90580277254e-12, 9.96804743782e-13, 8.51037041403e-14, 5.93064483699e-14, 9.04525274668e-14, 2.78808578872e-13, 1.45402936111e-13, 1.46069828867e-13, 4.04883239566e-14, 1.49900403234e-14, 2.74905915225e-14, 4.03680113967e-14, 5.01747928416e-14, 5.36645787487e-14], "max": [0.0221285577863, 0.03341601789, 0.0600984878838, 0.0307640507817, 0.00713770883158, 0.00472332211211, 0.00509624928236, 0.00371443131007, 0.00474253622815, 0.00539465760812, 0.0166186243296, 0.000853106786963, 0.00114955217578, 0.000831800629385, 0.000313230411848, 0.00112151715439, 0.00137197691947, 4.457500836e-05, 2.4254213713e-05, 4.08850473832e-06, 3.78410254598e-06, 3.95433062295e-06, 9.6049880085e-06, 8.44479654916e-06, 2.8823815228e-06, 2.78703191725e-06, 7.05953880242e-06, 5.14331532031e-06, 1.76822948106e-06, 1.27845487441e-06, 1.74558601884e-06, 2.81395114143e-06, 2.12289160118e-06, 2.12271379496e-06, 1.27713030906e-06, 7.45374279632e-07, 1.13129965484e-06, 1.32556351673e-06, 1.26355666907e-06, 1.46439003856e-06], "mean": [0.00137904577423, 0.00595034053549, 0.00493580847979, 0.00056961493101, 0.000140781179653, 0.000254082668107, 0.0004177755618, 0.000183878597454, 0.000202423805604, 0.0001385112555, 5.02409202454e-05, 1.50470095832e-05, 5.83579821978e-06, 6.69236032991e-06, 2.5173535505e-06, 4.15425120082e-06, 4.28718703915e-06, 5.47087608993e-07, 5.07483719048e-07, 1.10848446866e-07, 9.46801606005e-08, 9.58456851663e-08, 1.68470876361e-07, 1.45367479831e-07, 6.52107985388e-08, 5.87100004168e-08, 1.23620566228e-07, 9.6935359295e-08, 4.10117664273e-08, 3.03621234821e-08, 4.11980529691e-08, 7.14662675705e-08, 5.49632090951e-08, 5.6844211116e-08, 3.62909808871e-08, 2.50426381854e-08, 2.31669083917e-08, 2.88624875111e-08, 3.32925509383e-08, 3.28770752844e-08], "median": [0.000588768278249, 0.00442758528516, 0.00134807429276, 5.75119520363e-06, 8.3715422079e-06, 4.22134908149e-05, 0.000130760396132, 8.48957788548e-05, 1.23437912407e-05, 1.72455122538e-06, 1.1792691339e-06, 9.02571173356e-07, 1.12490454285e-07, 1.51563057216e-07, 7.72713661945e-08, 1.33191573326e-08, 2.02655332515e-08, 1.23049428424e-08, 4.41715020116e-09, 1.36630773362e-09, 8.92827034527e-10, 7.10790148961e-10, 3.65004415581e-10, 2.12088985263e-10, 1.65212551972e-10, 1.15067205764e-10, 9.36031044341e-11, 7.68235267068e-11, 7.2274873586e-11, 7.68336921864e-11, 4.50402284913e-11, 3.89374157916e-11, 3.94663121628e-11, 3.34560296134e-11, 3.6401725384e-11, 2.46699882744e-11, 2.1212871737e-11, 1.95815690052e-11, 1.75087635362e-11, 1.64465212282e-11], "min": [3.88211901538e-24, 9.40911675335e-25, 1.91953346574e-24, 1.56054815076e-23, 5.91360624028e-24, 6.32455267923e-24, 1.86667540691e-23, 1.77353412651e-23, 2.50231144089e-23, 1.45442300873e-23, 1.23663791877e-23, 1.14797705278e-23, 9.08846570019e-24, 3.6355767111e-24, 4.58290636154e-24, 4.25125740407e-24, 6.74474811787e-24, 3.00494986498e-24, 6.12318528355e-24, 1.09109331842e-23, 7.6163068895e-24, 1.00113619618e-23, 9.68112979853e-24, 5.12984098207e-24, 1.3065274451e-23, 1.20461269038e-23, 7.59594086751e-24, 8.40457536018e-24, 8.56135988737e-24, 1.00791401019e-23, 1.23964915862e-23, 9.93201912083e-24, 1.06263792228e-23, 1.31263125636e-23, 1.29650260072e-23, 1.07994355839e-23, 1.27064176809e-23, 1.00317903038e-23, 8.67748731237e-24, 9.2467853507e-24], "var": [4.32993829236e-06, 2.43444028456e-05, 6.71882662573e-05, 7.37393384043e-06, 1.52654422436e-07, 2.49691510135e-07, 3.97236107119e-07, 9.77034133598e-08, 2.18237175886e-07, 3.13624411774e-07, 2.06707454709e-07, 2.69941113906e-09, 1.18049314768e-09, 1.64661639879e-09, 2.11447248599e-10, 1.61613944449e-09, 2.31485719482e-09, 9.37724464051e-12, 5.65438581374e-12, 1.87813550519e-13, 1.48649132283e-13, 1.46935035753e-13, 6.76708689085e-13, 4.9799791027e-13, 7.58960019939e-14, 6.42626753135e-14, 4.06199298373e-13, 2.2597113796e-13, 2.795020007e-14, 1.69863851717e-14, 3.23520134564e-14, 9.86008488941e-14, 5.46301996967e-14, 5.46605539694e-14, 1.94739295084e-14, 8.36761486923e-15, 8.70310852601e-15, 1.37898539294e-14, 1.86475150371e-14, 1.90207922926e-14]}, "mfcc": {"mean": [-911.893859863, 207.712234497, 98.4837493896, 25.4745616913, 2.99354743958, 4.7278842926, 5.75267982483, 5.24330711365, 7.60162496567, 14.1275167465, 15.6060323715, 11.2740907669, 8.39621448517], "cov": [[8348.8671875, 149.122009277, -1472.90222168, -1174.71105957, -694.736938477, -291.425201416, -80.8115463257, 70.0264892578, -74.7291488647, -87.373374939, -145.454528809, -453.840301514, -371.610961914], [149.122009277, 1990.06677246, 205.028381348, -729.146118164, -516.281433105, -175.918701172, -94.5493087769, -119.51322937, 22.1939067841, 120.521812439, 88.8183135986, 15.1455926895, -154.035858154], [-1472.90222168, 205.028381348, 754.585693359, 472.558959961, 110.258323669, -58.5353889465, -107.172027588, -113.271911621, -49.2298202515, -8.06445503235, 12.4282102585, 114.72290802, 143.781234741], [-1174.71105957, -729.146118164, 472.558959961, 908.281799316, 539.290527344, 98.0106811523, -90.8309707642, -121.437614441, -128.338500977, -147.531311035, -96.6926040649, 60.9948539734, 203.188552856], [-694.736938477, -516.281433105, 110.258323669, 539.290527344, 512.674621582, 225.770324707, 7.80304956436, -81.9565734863, -112.672660828, -139.201293945, -99.3852996826, 9.27227687836, 112.212341309], [-291.425201416, -175.918701172, -58.5353889465, 98.0106811523, 225.770324707, 231.194900513, 138.849090576, 26.5160217285, -38.8386383057, -64.6125106812, -43.9382286072, -6.01160526276, 19.0835609436], [-80.8115463257, -94.5493087769, -107.172027588, -90.8309707642, 7.80304956436, 138.849090576, 219.670181274, 165.476669312, 65.5601730347, 15.4120254517, 14.8813619614, 7.80347681046, -23.1993923187], [70.0264892578, -119.51322937, -113.271911621, -121.437614441, -81.9565734863, 26.5160217285, 165.476669312, 232.129318237, 170.653594971, 94.4281997681, 41.577835083, 3.44862890244, -18.0265579224], [-74.7291488647, 22.1939067841, -49.2298202515, -128.338500977, -112.672660828, -38.8386383057, 65.5601730347, 170.653594971, 229.793823242, 176.038162231, 75.5291213989, 18.4243927002, -13.0329227448], [-87.373374939, 120.521812439, -8.06445503235, -147.531311035, -139.201293945, -64.6125106812, 15.4120254517, 94.4281997681, 176.038162231, 206.743881226, 138.755310059, 49.2896690369, -22.3626079559], [-145.454528809, 88.8183135986, 12.4282102585, -96.6926040649, -99.3852996826, -43.9382286072, 14.8813619614, 41.577835083, 75.5291213989, 138.755310059, 179.514099121, 122.910957336, 18.2804374695], [-453.840301514, 15.1455926895, 114.72290802, 60.9948539734, 9.27227687836, -6.01160526276, 7.80347681046, 3.44862890244, 18.4243927002, 49.2896690369, 122.910957336, 192.257095337, 151.849899292], [-371.610961914, -154.035858154, 143.781234741, 203.188552856, 112.212341309, 19.0835609436, -23.1993923187, -18.0265579224, -13.0329227448, -22.3626079559, 18.2804374695, 151.849899292, 257.598083496]], "icov": [[0.000275106314803, -0.0001754257828, 0.000798905035481, -0.000581889471505, 0.000795517291408, -0.000235727813561, 0.000430374639109, -0.000470773607958, 0.000525245675817, 8.43238958623e-05, -0.000520609610248, 0.00100237026345, -0.000538263295311], [-0.0001754257828, 0.00216186419129, -0.00347880693153, 0.00544956326485, -0.00407376512885, 0.00297820311971, -0.0018122746842, 0.00264734541997, -0.00159005308524, 0.000759595481213, 0.000693665351719, -0.00105115748011, 0.000814776227344], [0.000798905035481, -0.00347880693153, 0.010821595788, -0.014743338339, 0.0148300053552, -0.0102314120159, 0.00574707100168, -0.00400406867266, 0.00464313197881, -0.00521191535518, 0.00316508440301, -0.00180592213292, -0.000180984279723], [-0.000581889471505, 0.00544956326485, -0.014743338339, 0.0285287722945, -0.032972253859, 0.028971619904, -0.0164869613945, 0.0092942668125, -0.00497396150604, 0.00557676935568, -0.00363957392983, 0.00430642906576, -0.00252003758214], [0.000795517291408, -0.00407376512885, 0.0148300053552, -0.032972253859, 0.051513697952, -0.0542926304042, 0.0368722453713, -0.0176739431918, 0.00591010274366, -0.00373678747565, 0.00632351869717, -0.00919415615499, 0.0050538382493], [-0.000235727813561, 0.00297820311971, -0.0102314120159, 0.028971619904, -0.0542926304042, 0.0796564891934, -0.0679297447205, 0.0396596305072, -0.0128531828523, 0.00585822854191, -0.0105516817421, 0.0192656591535, -0.0120435757563], [0.000430374639109, -0.0018122746842, 0.00574707100168, -0.0164869613945, 0.0368722453713, -0.0679297447205, 0.0818422734737, -0.0611790902913, 0.0270777568221, -0.0111663928255, 0.0168491508812, -0.026466185227, 0.0162002407014], [-0.000470773607958, 0.00264734541997, -0.00400406867266, 0.0092942668125, -0.0176739431918, 0.0396596305072, -0.0611790902913, 0.0679992362857, -0.0476990304887, 0.0290337409824, -0.0256149340421, 0.0254561696202, -0.0132637917995], [0.000525245675817, -0.00159005308524, 0.00464313197881, -0.00497396150604, 0.00591010274366, -0.0128531828523, 0.0270777568221, -0.0476990304887, 0.0661766007543, -0.060781404376, 0.0438649989665, -0.0271065570414, 0.00955463387072], [8.43238958623e-05, 0.000759595481213, -0.00521191535518, 0.00557676935568, -0.00373678747565, 0.00585822854191, -0.0111663928255, 0.0290337409824, -0.060781404376, 0.079428344965, -0.0645260512829, 0.0389657132328, -0.0132644083351], [-0.000520609610248, 0.000693665351719, 0.00316508440301, -0.00363957392983, 0.00632351869717, -0.0105516817421, 0.0168491508812, -0.0256149340421, 0.0438649989665, -0.0645260512829, 0.0785987302661, -0.06089053303, 0.0254538916051], [0.00100237026345, -0.00105115748011, -0.00180592213292, 0.00430642906576, -0.00919415615499, 0.0192656591535, -0.026466185227, 0.0254561696202, -0.0271065570414, 0.0389657132328, -0.06089053303, 0.065941773355, -0.0321349613369], [-0.000538263295311, 0.000814776227344, -0.000180984279723, -0.00252003758214, 0.0050538382493, -0.0120435757563, 0.0162002407014, -0.0132637917995, 0.00955463387072, -0.0132644083351, 0.0254538916051, -0.0321349613369, 0.0213716346771]]}, "spectral_contrast_coeffs": {"dmean": [0.0505254417658, 0.0420863926411, 0.0329610668123, 0.0258951168507, 0.0196743197739, 0.0260490141809], "dmean2": [0.0785037428141, 0.0655658692122, 0.0509916357696, 0.0425327271223, 0.0337737835944, 0.0425810851157], "dvar": [0.0028554063756, 0.0021271891892, 0.00117609708104, 0.00062814442208, 0.000390843313653, 0.000583508051932], "dvar2": [0.00621039001271, 0.00469228159636, 0.00238917861134, 0.00155158818234, 0.00107276393101, 0.00142871739808], "max": [-0.155184954405, -0.261653989553, -0.389199256897, -0.513561964035, -0.737118959427, -0.720795154572], "mean": [-0.443356603384, -0.58399617672, -0.724745392799, -0.808838367462, -0.87647986412, -0.899754881859], "median": [-0.424951732159, -0.585991978645, -0.731685578823, -0.816379308701, -0.880500912666, -0.901879072189], "min": [-0.95977973938, -0.964112102985, -0.949514806271, -0.968838989735, -0.968415439129, -0.965043783188], "var": [0.0148714231327, 0.0113394856453, 0.0110919103026, 0.00461930595338, 0.00100102252327, 0.00177132501267]}, "spectral_contrast_valleys": {"dmean": [0.564542770386, 0.453574210405, 0.539173841476, 0.605534613132, 0.645299553871, 0.897487282753], "dmean2": [0.849870979786, 0.686627745628, 0.761084854603, 0.86927229166, 0.938051760197, 1.34358680248], "dvar": [0.459694862366, 0.3762627244, 0.597682416439, 0.772053956985, 0.883677482605, 0.77690076828], "dvar2": [0.79737496376, 0.631666839123, 1.00176334381, 1.41922307014, 1.52590286732, 1.72478985786], "max": [-5.17025