{"lowlevel": {"average_loudness": 0.749117076397, "barkbands_crest": {"dmean": 2.66763496399, "dmean2": 4.20737409592, "dvar": 6.14504957199, "dvar2": 16.0158443451, "max": 26.5023269653, "mean": 13.4617061615, "median": 12.9765577316, "min": 3.50837397575, "var": 24.4608383179}, "barkbands_flatness_db": {"dmean": 0.0254157632589, "dmean2": 0.0389970988035, "dvar": 0.000764612108469, "dvar2": 0.00185316114221, "max": 0.73099976778, "mean": 0.201488360763, "median": 0.171908721328, "min": 0.0261428914964, "var": 0.0127398679033}, "barkbands_kurtosis": {"dmean": 6.89375305176, "dmean2": 10.7286138535, "dvar": 194.931228638, "dvar2": 475.181243896, "max": 368.143249512, "mean": 15.1003274918, "median": 6.6470708847, "min": -1.96740078926, "var": 599.940917969}, "barkbands_skewness": {"dmean": 0.670738935471, "dmean2": 1.0183634758, "dvar": 0.601544678211, "dvar2": 1.40340602398, "max": 14.8604545593, "mean": 2.27570700645, "median": 2.16843104362, "min": -11.4272651672, "var": 5.31542396545}, "barkbands_spread": {"dmean": 4.66003131866, "dmean2": 7.00843572617, "dvar": 70.3281097412, "dvar2": 128.944320679, "max": 128.292053223, "mean": 17.7744197845, "median": 12.7004089355, "min": 0.249048680067, "var": 376.957641602}, "dissonance": {"dmean": 0.0232769232243, "dmean2": 0.0391129143536, "dvar": 0.000961363955867, "dvar2": 0.00256315502338, "max": 0.500000119209, "mean": 0.446299135685, "median": 0.463379442692, "min": 0.0481131859124, "var": 0.00310872076079}, "dynamic_complexity": 5.34669542313, "erbbands_crest": {"dmean": 2.53915715218, "dmean2": 3.9208843708, "dvar": 6.47209072113, "dvar2": 14.9045991898, "max": 34.6729774475, "mean": 11.9196805954, "median": 9.92394447327, "min": 2.24261116982, "var": 50.3877487183}, "erbbands_flatness_db": {"dmean": 0.0152050852776, "dmean2": 0.0222036540508, "dvar": 0.000318062637234, "dvar2": 0.00062168558361, "max": 0.643728196621, "mean": 0.171932861209, "median": 0.141661673784, "min": 0.031549859792, "var": 0.0116837332025}, "erbbands_kurtosis": {"dmean": 1.66289103031, "dmean2": 2.41604971886, "dvar": 13.7762126923, "dvar2": 26.6986789703, "max": 130.566513062, "mean": 3.32611513138, "median": 0.475180864334, "min": -1.87801873684, "var": 101.651260376}, "erbbands_skewness": {"dmean": 0.376012593508, "dmean2": 0.542580544949, "dvar": 0.182033270597, "dvar2": 0.342681050301, "max": 8.40721130371, "mean": 0.515183091164, "median": 0.603351533413, "min": -8.11426925659, "var": 2.19074940681}, "erbbands_spread": {"dmean": 7.49911832809, "dmean2": 11.176779747, "dvar": 116.011367798, "dvar2": 232.918655396, "max": 216.528060913, "mean": 41.0156517029, "median": 38.2807655334, "min": 0.260476619005, "var": 623.522583008}, "hfc": {"dmean": 4.89584445953, "dmean2": 6.79499912262, "dvar": 145.184295654, "dvar2": 222.648986816, "max": 490.996307373, "mean": 20.888261795, "median": 11.5589189529, "min": 1.105100262e-16, "var": 993.168945312}, "melbands_crest": {"dmean": 3.45768070221, "dmean2": 5.32064676285, "dvar": 9.80623245239, "dvar2": 23.2450523376, "max": 38.3288650513, "mean": 18.7657985687, "median": 18.5119037628, "min": 1.69305634499, "var": 34.8711395264}, "melbands_flatness_db": {"dmean": 0.0294023845345, "dmean2": 0.0450837165117, "dvar": 0.00107275985647, "dvar2": 0.00257868226618, "max": 0.838181853294, "mean": 0.293187201023, "median": 0.264294296503, "min": 0.00309403566644, "var": 0.01512592379}, "melbands_kurtosis": {"dmean": 14.0477724075, "dmean2": 21.7860393524, "dvar": 657.456237793, "dvar2": 1564.14013672, "max": 550.734619141, "mean": 32.4057044983, "median": 17.0684318542, "min": -1.84267580509, "var": 1804.17114258}, "melbands_skewness": {"dmean": 0.894492328167, "dmean2": 1.35706996918, "dvar": 1.1382008791, "dvar2": 2.6071035862, "max": 22.3963909149, "mean": 3.52609014511, "median": 3.34580588341, "min": -6.53938150406, "var": 7.44929647446}, "melbands_spread": {"dmean": 4.38527679443, "dmean2": 6.6537566185, "dvar": 53.0418128967, "dvar2": 104.928962708, "max": 179.962524414, "mean": 15.2747468948, "median": 10.5354528427, "min": 0.336659669876, "var": 336.070343018}, "pitch_salience": {"dmean": 0.0730884820223, "dmean2": 0.11448328197, "dvar": 0.00508345104754, "dvar2": 0.012540156953, "max": 0.84490531683, "mean": 0.458862215281, "median": 0.457059085369, "min": 0.0413316972554, "var": 0.018107900396}, "silence_rate_20dB": {"dmean": 0, "dmean2": 0, "dvar": 0, "dvar2": 0, "max": 1, "mean": 1, "median": 1, "min": 1, "var": 0}, "silence_rate_30dB": {"dmean": 0.0356835760176, "dmean2": 0.0713748261333, "dvar": 0.0344109199941, "dvar2": 0.081755772233, "max": 1, "mean": 0.960236430168, "median": 1, "min": 0, "var": 0.0381831340492}, "silence_rate_60dB": {"dmean": 0.000859845255036, "dmean2": 0.00171987526119, "dvar": 0.00085910060443, "dvar2": 0.00171684822999, "max": 1, "mean": 0.177538961172, "median": 0, "min": 0, "var": 0.146000355482}, "spectral_centroid": {"dmean": 186.109039307, "dmean2": 276.245391846, "dvar": 91617.453125, "dvar2": 161828.34375, "max": 11644.7421875, "mean": 1151.88098145, "median": 946.546630859, "min": 133.61050415, "var": 1305586.125}, "spectral_complexity": {"dmean": 2.48086833954, "dmean2": 3.97226691246, "dvar": 12.0079126358, "dvar2": 27.3048362732, "max": 61, "mean": 13.6410531998, "median": 12, "min": 0, "var": 116.882026672}, "spectral_decrease": {"dmean": 3.31074989646e-09, "dmean2": 5.25002175067e-09, "dvar": 2.28027373994e-17, "dvar2": 6.00970008426e-17, "max": 4.54867239228e-19, "mean": -1.01937507324e-08, "median": -8.51057713191e-09, "min": -5.61286022105e-08, "var": 7.30722485753e-17}, "spectral_energy": {"dmean": 0.0126681057736, "dmean2": 0.0200553275645, "dvar": 0.000332284660544, "dvar2": 0.00087190233171, "max": 0.214312359691, "mean": 0.0403681620955, "median": 0.0338731110096, "min": 9.90075335723e-21, "var": 0.00112234987319}, "spectral_energyband_high": {"dmean": 0.000371238798834, "dmean2": 0.000494333740789, "dvar": 1.4539532458e-06, "dvar2": 2.08407072932e-06, "max": 0.0418065972626, "mean": 0.00113809166942, "median": 0.000234189399634, "min": 7.07231749694e-21, "var": 8.98122016224e-06}, "spectral_energyband_low": {"dmean": 0.0110842790455, "dmean2": 0.0176441520452, "dvar": 0.000307983864332, "dvar2": 0.000840868102387, "max": 0.197501763701, "mean": 0.024921072647, "median": 0.0166858825833, "min": 1.44251262901e-23, "var": 0.000645555497613}, "spectral_energyband_middle_high": {"dmean": 0.000918245816138, "dmean2": 0.00143998814747, "dvar": 2.53436610365e-06, "dvar2": 6.02134923611e-06, "max": 0.0420303829014, "mean": 0.00331825576723, "median": 0.0013391841203, "min": 1.20054491965e-21, "var": 2.19900375669e-05}, "spectral_energyband_middle_low": {"dmean": 0.00469268811867, "dmean2": 0.00786329712719, "dvar": 9.99829790089e-05, "dvar2": 0.000271169265034, "max": 0.124065175653, "mean": 0.0113632977009, "median": 0.00741341616958, "min": 1.87608907342e-22, "var": 0.000171050764038}, "spectral_entropy": {"dmean": 0.171104282141, "dmean2": 0.255739241838, "dvar": 0.0508016645908, "dvar2": 0.107378050685, "max": 9.82074642181, "mean": 7.21139526367, "median": 7.39205312729, "min": 3.55910158157, "var": 0.759240448475}, "spectral_flux": {"dmean": 0.0252081155777, "dmean2": 0.0395817421377, "dvar": 0.000924278807361, "dvar2": 0.00198418344371, "max": 0.346339285374, "mean": 0.0818700790405, "median": 0.0719627961516, "min": 6.26920945712e-11, "var": 0.00399415427819}, "spectral_kurtosis": {"dmean": 6.25793981552, "dmean2": 10.8171052933, "dvar": 675.791809082, "dvar2": 2094.81152344, "max": 759.171569824, "mean": 19.8428020477, "median": 3.7147359848, "min": -1.3226583004, "var": 3938.02636719}, "spectral_rms": {"dmean": 0.00085147912614, "dmean2": 0.00131689570844, "dvar": 1.08210895178e-06, "dvar2": 2.70707346317e-06, "max": 0.0144597794861, "mean": 0.00553551502526, "median": 0.00574864679947, "min": 3.10793686793e-12, "var": 8.74167199072e-06}, "spectral_rolloff": {"dmean": 332.762237549, "dmean2": 561.657897949, "dvar": 1127246.375, "dvar2": 2203654, "max": 19466.015625, "mean": 1148.06323242, "median": 473.73046875, "min": 43.06640625, "var": 5922422}, "spectral_skewness": {"dmean": 0.348454654217, "dmean2": 0.565948903561, "dvar": 0.606312870979, "dvar2": 1.75128090382, "max": 20.873041153, "mean": 2.27689242363, "median": 1.60772788525, "min": -0.358485817909, "var": 6.98961257935}, "spectral_spread": {"dmean": 501401.90625, "dmean2": 710310.1875, "dvar": 1068278218750.0, "dvar2": 1735568916480.0, "max": 49807364, "mean": 5293711.5, "median": 4771142.5, "min": 125434.195312, "var": 16808158429200.0}, "spectral_strongpeak": {"dmean": 0.337104320526, "dmean2": 0.576569080353, "dvar": 0.520755708218, "dvar2": 1.30813288689, "max": 14.0391044617, "mean": 0.676586568356, "median": 0.365813165903, "min": 0, "var": 1.04776036739}, "zerocrossingrate": {"dmean": 0.00816181208938, "dmean2": 0.00940572563559, "dvar": 0.000227918470046, "dvar2": 0.000221462774789, "max": 0.5185546875, "mean": 0.0464917756617, "median": 0.03564453125, "min": 0.001953125, "var": 0.0034909772221}, "barkbands": {"dmean": [0.00163007306401, 0.00843494385481, 0.00395263172686, 0.00211692578159, 0.00167052284814, 0.000386939616874, 0.00109168200288, 0.000744718417991, 0.000399064476369, 0.000177242749487, 0.000269264710369, 0.000152011038153, 0.000172767249751, 0.000159085961059, 0.000209321558941, 0.000184098724276, 0.000135472393595, 8.73945100466e-05, 8.38046544231e-05, 8.28758711577e-05, 8.10516430647e-05, 7.81820272096e-05, 3.95462884626e-05, 0.00010184013081, 0.00010587102588, 4.37373855675e-05, 1.1402529708e-05], "dmean2": [0.00274869450368, 0.013066643849, 0.006318484433, 0.00383530231193, 0.00291546853259, 0.000630333554, 0.00158385722898, 0.00115577108227, 0.000587216054555, 0.000281908578472, 0.000440651201643, 0.000241544548771, 0.000289100338705, 0.000250301643973, 0.000320915860357, 0.000279357511317, 0.000204482028494, 0.000136451984872, 0.000131314052851, 0.000128013591166, 0.000128321364173, 0.00011638077558, 6.37841876596e-05, 0.000143699711771, 0.000147139886394, 5.56560516998e-05, 1.51268377522e-05], "dvar": [5.80339201406e-06, 0.000194136970094, 0.000122628116515, 4.25342295785e-05, 1.17409454106e-05, 8.82867993823e-07, 4.69039332529e-06, 3.76257435164e-06, 1.38162704388e-06, 1.72405094645e-07, 3.72982242425e-07, 2.15564412542e-07, 2.70369696409e-07, 2.16471335079e-07, 5.34067794433e-07, 3.8515801748e-07, 1.11448500206e-07, 4.84376805332e-08, 3.9773674132e-08, 4.60800961832e-08, 4.34244427083e-08, 5.04158705894e-08, 9.71691083151e-09, 1.95445693407e-07, 3.07346851969e-07, 7.25882642882e-08, 6.9986212381e-09], "dvar2": [1.85995831998e-05, 0.00054239819292, 0.000294542667689, 0.000119929776702, 3.34255782946e-05, 2.17515093937e-06, 9.30248097575e-06, 8.00918769528e-06, 2.74223020824e-06, 4.09714630223e-07, 9.68813651525e-07, 5.14765588377e-07, 6.74368379805e-07, 4.58637515521e-07, 1.20837933082e-06, 8.49870218644e-07, 2.37668501768e-07, 1.07194161103e-07, 8.96387177818e-08, 1.07156431284e-07, 9.89223281067e-08, 1.06166133662e-07, 2.1924464022e-08, 3.44855351386e-07, 5.54334917524e-07, 1.02494247756e-07, 1.09519548985e-08], "max": [0.0271830037236, 0.18652510643, 0.131029695272, 0.0634449645877, 0.0474287755787, 0.0348778888583, 0.0523401908576, 0.0536003150046, 0.0584756210446, 0.0193020366132, 0.0176848210394, 0.0208121780306, 0.015645749867, 0.0145935919136, 0.0340369343758, 0.0183455273509, 0.00897663179785, 0.0057088281028, 0.00560065871105, 0.00641835434362, 0.00565000157803, 0.00937102548778, 0.00203110510483, 0.0156776830554, 0.0267457589507, 0.0188163239509, 0.00365412794054], "mean": [0.00238629383966, 0.0166356377304, 0.00558619806543, 0.00223347358406, 0.0025454282295, 0.000711874628905, 0.00282199098729, 0.00166738545522, 0.00126637250651, 0.000306782254484, 0.000550860713702, 0.00029597102548, 0.000279617117485, 0.000309857743559, 0.000441985088401, 0.000412044435507, 0.000296346464893, 0.000200173904886, 0.000193894520635, 0.0001893878798, 0.000189989776118, 0.000203199946554, 8.84586042957e-05, 0.000233408485656, 0.000216827189433, 8.43657835503e-05, 2.02898427233e-05], "median": [0.00155487202574, 0.0101937670261, 0.00200028065592, 0.000870933115948, 0.0015150681138, 0.000301157648209, 0.00067934585968, 0.000175175664481, 0.000126037819427, 7.88597608334e-05, 9.2719514214e-05, 5.08258126501e-05, 4.13198431488e-05, 5.31127225258e-05, 5.69897747482e-05, 4.5478449465e-05, 5.35317412869e-05, 4.46353769803e-05, 5.14406856382e-05, 4.01265097025e-05, 4.17959163315e-05, 3.93503796658e-05, 1.64473403856e-05, 1.82466901606e-05, 1.5647345208e-05, 3.13301688948e-06, 4.8026464583e-07], "min": [9.42212112537e-25, 1.82390340807e-24, 9.15157338932e-25, 1.80052551515e-24, 1.3526840911e-23, 8.46190109331e-24, 2.15058628893e-24, 1.17682924595e-23, 1.30339771835e-23, 2.50964122088e-23, 1.58396958881e-23, 2.42672894207e-23, 2.31420329819e-23, 3.60173883811e-23, 2.99443458577e-23, 5.48896422938e-23, 7.15177699468e-23, 1.0353464904e-22, 1.25384303823e-22, 1.82604840765e-22, 2.66813886996e-22, 3.53526335979e-22, 3.51923143427e-22, 6.17204570297e-22, 8.4319612976e-22, 1.35838515731e-21, 1.95397811949e-21], "var": [6.92880075803e-06, 0.000365169922588, 0.000128957530251, 2.83034714812e-05, 1.23373947645e-05, 1.48148001244e-06, 3.10297000397e-05, 1.75495206349e-05, 2.00481499633e-05, 3.79349813784e-07, 1.67448592947e-06, 8.36323295061e-07, 8.647414802e-07, 9.31861166009e-07, 2.65402923105e-06, 1.66112420175e-06, 4.7114338031e-07, 1.92897445572e-07, 1.32176822376e-07, 1.32401410724e-07, 1.44617999354e-07, 2.61420126435e-07, 3.22876587688e-08, 9.22473134324e-07, 1.08659162379e-06, 2.74524637689e-07, 2.16241353712e-08]}, "erbbands": {"dmean": [0.325686216354, 1.71716988087, 4.21821594238, 4.72741413116, 7.06092882156, 5.49931955338, 3.66626787186, 3.53807497025, 11.0592393875, 20.9431610107, 10.8158922195, 9.91133308411, 5.36315631866, 5.92516326904, 11.1026182175, 6.03177785873, 7.42158699036, 7.4321770668, 9.44669342041, 9.85944652557, 8.90855407715, 7.14570331573, 4.92693805695, 3.57732987404, 4.48337650299, 3.49847722054, 3.65880990028, 3.08171129227, 2.79898262024, 2.09603714943, 0.965341150761, 1.97771668434, 1.822052598, 1.55032706261, 0.545128762722, 0.240266174078, 0.0747264549136, 0.0166349019855, 0.0017961327685, 8.81017622305e-05], "dmean2": [0.487253189087, 2.73419189453, 6.57340335846, 7.66759300232, 12.7571840286, 9.42485809326, 6.25241136551, 5.70982265472, 16.3953380585, 30.7328948975, 16.5408000946, 14.4193239212, 8.23601341248, 9.6200466156, 17.9775314331, 9.797290802, 12.3272504807, 11.909693718, 14.4162874222, 14.6893892288, 13.302277565, 10.8617305756, 7.43299627304, 5.6634349823, 6.94450092316, 5.40049028397, 5.75787639618, 4.73006248474, 4.22036027908, 3.32233428955, 1.5169262886, 2.84350037575, 2.6252477169, 2.15384197235, 0.764782488346, 0.313824087381, 0.0971586927772, 0.0213618576527, 0.00237836875021, 0.00011432532483], "dvar": [0.266962826252, 10.1292495728, 120.418045044, 161.037460327, 406.653656006, 95.5904388428, 62.5664215088, 100.501571655, 539.184997559, 2121.58764648, 1068.6138916, 950.268371582, 160.422119141, 188.871948242, 648.532714844, 388.497833252, 488.715667725, 390.851745605, 1018.8001709, 1185.21130371, 900.00390625, 320.223205566, 149.627456665, 83.3323059082, 128.626419067, 81.6521148682, 82.2752532959, 77.6184005737, 68.3430938721, 25.8326721191, 6.35230731964, 61.3576698303, 74.9369354248, 62.253162384, 10.0085086823, 2.20204043388, 0.229493558407, 0.0136320386082, 0.000172453306732, 2.84019762375e-07], "dvar2": [0.701058268547, 27.5693054199, 280.545043945, 396.112792969, 1157.56225586, 269.057678223, 171.061340332, 251.286437988, 1110.23754883, 4303.01757812, 2178.61621094, 1763.15197754, 351.92098999, 480.961730957, 1658.71228027, 942.836914062, 1236.22851562, 836.671264648, 2255.55541992, 2751.06445312, 1971.78393555, 701.326477051, 309.531188965, 205.972640991, 274.507751465, 183.488800049, 187.002197266, 173.562957764, 153.142929077, 57.2226028442, 14.0841970444, 116.491088867, 137.658843994, 111.431037903, 19.9347610474, 3.46913027763, 0.3671194911, 0.0221447944641, 0.000293373770546, 4.39492396254e-07], "max": [6.06821155548, 43.4644966125, 137.76965332, 157.619186401, 210.208984375, 133.715682983, 203.098754883, 417.60723877, 611.813110352, 1615.35510254, 1448.46887207, 1775.9161377, 709.124084473, 322.385986328, 823.379333496, 968.813415527, 643.053771973, 764.764404297, 1126.02478027, 2248.12548828, 1090.29760742, 480.70526123, 332.979370117, 343.132110596, 340.863983154, 278.779266357, 195.603775024, 344.404541016, 356.71496582, 153.644271851, 60.8551940918, 258.588592529, 360.994384766, 330.921691895, 165.991195679, 98.9478302002, 32.3699455261, 4.97368764877, 0.535669565201, 0.0250798370689], "mean": [0.607862889767, 3.16833496094, 7.11692285538, 6.3393907547, 8.09788990021, 9.16711235046, 6.07037830353, 6.70999288559, 26.5682373047, 58.325012207, 27.1029376984, 32.3980102539, 11.7382030487, 11.3038358688, 24.3895072937, 13.1334819794, 13.0761175156, 13.440656662, 20.5732192993, 24.0636730194, 21.5823059082, 17.4286937714, 12.4125585556, 8.69720840454, 10.4713506699, 8.7624206543, 8.03834915161, 7.67582607269, 7.27463579178, 4.75716209412, 2.38383078575, 4.33158254623, 4.01174116135, 3.1612071991, 1.05821335316, 0.45721501112, 0.136987581849, 0.0301181674004, 0.00314197572879, 0.000182526171557], "median": [0.330520153046, 1.81494343281, 3.36531186104, 3.08685088158, 4.11657953262, 5.34829044342, 3.37107133865, 3.23736715317, 7.93797111511, 12.3714351654, 5.09005069733, 3.37829041481, 3.27160525322, 2.99412465096, 4.75057649612, 2.39635276794, 2.3636136055, 2.97731661797, 3.13679218292, 2.78080677986, 2.85373282433, 3.32881045341, 2.84707450867, 2.50705099106, 2.7694132328, 2.03089642525, 1.70784687996, 1.55141222477, 1.38316559792, 0.929713249207, 0.4307551682, 0.424691468477, 0.263220995665, 0.211297497153, 0.0767318606377, 0.0208528637886, 0.00455008354038, 0.00071256730007, 0.000100613171526, 5.26964795426e-05], "min": [6.1878501841e-23, 6.35924378417e-22, 2.29463052317e-21, 5.9152275293e-21, 1.39878358002e-20, 2.57268857855e-20, 5.18719792253e-20, 8.6331909954e-20, 7.8903582484e-20, 1.51104791883e-19, 3.17494485619e-19, 3.55240623976e-19, 8.58861630014e-19, 8.60683908903e-19, 8.77944273155e-19, 1.27176558318e-18, 1.2899955065e-18, 2.38920594063e-18, 3.34465848474e-18, 1.75211039886e-18, 3.65852472355e-18, 4.19581327299e-18, 6.03216457262e-18, 6.85096129607e-18, 7.48933876099e-18, 8.9490412269e-18, 8.72705407464e-18, 1.03466952207e-17, 1.28331736723e-17, 1.06643069333e-17, 1.08805824035e-17, 1.1309017293e-17, 9.56826615192e-18, 8.85216927819e-18, 6.19360996226e-18, 4.31942052629e-18, 2.39818912208e-18, 9.15463014391e-19, 2.30712072424e-19, 2.62189176939e-20], "var": [0.556985974312, 16.6209068298, 151.287643433, 153.717010498, 273.931243896, 147.860794067, 82.7758026123, 139.831115723, 3078.34716797, 17204.1328125, 5134.58496094, 15651.4082031, 541.654785156, 450.21496582, 3395.11303711, 1559.74401855, 1661.13513184, 1065.77197266, 3801.78710938, 7782.62011719, 4482.06542969, 1455.26782227, 693.51550293, 252.0496521, 443.939697266, 269.103942871, 231.399002075, 314.176116943, 350.443969727, 99.2023696899, 24.3254871368, 255.815185547, 330.660766602, 241.991592407, 26.7747516632, 7.73323297501, 0.772187888622, 0.0436365306377, 0.000476189714391, 8.35467062643e-07]}, "gfcc": {"mean": [-61.4422340393, 108.149963379, -82.2173690796, 31.852388382, -49.1419410706, 16.2105178833, -28.564371109, 10.6870088577, -14.5449552536, 5.69362068176, -11.2393903732, -1.70365798473, -7.76112651825], "cov": [[32192.9707031, -4136.71386719, -1153.90454102, 5195.59472656, -1502.74902344, 327.675018311, -750.991455078, 1451.57641602, 197.01461792, 1048.27111816, -186.516860962, -15.4150733948, -610.115112305], [-4136.71386719, 2760.125, -515.649536133, -1407.96166992, 550.478637695, -4.29377985001, 336.454956055, -299.786193848, 69.2115783691, -452.817504883, 112.853881836, -21.0949935913, 99.9930648804], [-1153.90454102, -515.649536133, 1157.16137695, 208.191345215, -96.9837799072, 39.0042037964, 34.9535484314, -19.1183681488, -116.602134705, 82.3685836792, 47.2319641113, 11.0481319427, 10.2129936218], [5195.59472656, -1407.96166992, 208.191345215, 1824.92431641, -304.033874512, -103.261184692, -214.691146851, 367.167144775, 74.3617782593, 283.958709717, -5.31394386292, -21.7981967926, -109.791130066], [-1502.74902344, 550.478637695, -96.9837799072, -304.033874512, 542.770263672, -13.5399932861, -22.4478378296, -7.58180618286, 90.4629821777, -142.687042236, 14.9794816971, -18.7783737183, 58.7371368408], [327.675018311, -4.29377985001, 39.0042037964, -103.261184692, -13.5399932861, 241.235549927, 98.3140487671, -49.2555046082, -27.1286430359, 18.7016048431, 22.0301952362, -8.06198120117, 1.86132287979], [-750.991455078, 336.454956055, 34.9535484314, -214.691146851, -22.4478378296, 98.3140487671, 371.643554688, -66.1617736816, -58.2738876343, -66.9586639404, 62.164352417, 32.6595687866, -10.1777658463], [1451.57641602, -299.786193848, -19.1183681488, 367.167144775, -7.58180618286, -49.2555046082, -66.1617736816, 252.108474731, 70.5039367676, 39.0183563232, 2.80676794052, -1.60224318504, -21.036863327], [197.01461792, 69.2115783691, -116.602134705, 74.3617782593, 90.4629821777, -27.1286430359, -58.2738876343, 70.5039367676, 179.100189209, 22.6157493591, -18.6452865601, -23.8465061188, 17.2259235382], [1048.27111816, -452.817504883, 82.3685836792, 283.958709717, -142.687042236, 18.7016048431, -66.9586639404, 39.0183563232, 22.6157493591, 220.5050354, -8.3217830658, -26.075592041, -16.5258102417], [-186.516860962, 112.853881836, 47.2319641113, -5.31394386292, 14.9794816971, 22.0301952362, 62.164352417, 2.80676794052, -18.6452865601, -8.3217830658, 113.238365173, 16.8835639954, -12.978304863], [-15.4150733948, -21.0949935913, 11.0481319427, -21.7981967926, -18.7783737183, -8.06198120117, 32.6595687866, -1.60224318504, -23.8465061188, -26.075592041, 16.8835639954, 116.373268127, 1.68847179413], [-610.115112305, 99.9930648804, 10.2129936218, -109.791130066, 58.7371368408, 1.86132287979, -10.1777658463, -21.036863327, 17.2259235382, -16.5258102417, -12.978304863, 1.68847179413, 85.9991073608]], "icov": [[0.000117902884085, -9.8018492281e-05, 0.000162426411407, -0.000285191665171, 0.000145018420881, -0.000453551037936, 0.000178582849912, -0.000404217687901, 0.000202410417842, -0.000201662871405, 0.000279797211988, -0.000184316260857, 0.000366615713574], [-9.8018492281e-05, 0.00121636141557, 0.000152334527229, 0.000677378091495, -0.000437031005276, 0.000855958496686, -0.000760637572967, 0.0010277160909, -0.000993677647784, 0.00137294386514, -0.00137818208896, 0.000848750176374, -0.000583429588005], [0.000162426411407, 0.000152334527229, 0.00131186586805, -0.000442488933913, 4.76216591778e-05, -0.000540694221854, 1.54372155521e-05, -0.000295816687867, 0.000836763822008, -0.000357111217454, -0.000245294126216, -6.78649448673e-05, -0.00010877103341], [-0.000285191665171, 0.000677378091495, -0.000442488933913, 0.00194677314721, -0.000175958353793, 0.00147796864621, -0.000411476765294, -2.47656153078e-05, -0.000881968124304, 0.000158690600074, -0.00117147131823, 0.000708834209945, -0.000223086506594], [0.000145018420881, -0.000437031005276, 4.76216591778e-05, -0.000175958353793, 0.00319408811629, -0.00084381661145, 0.000917433004361, -0.000851304270327, -0.001106034033, 0.00127592193894, -0.000273612851743, 0.000196972745471, -0.00053471326828], [-0.000453551037936, 0.000855958496686, -0.000540694221854, 0.00147796864621, -0.00084381661145, 0.00698547251523, -0.00225591170602, 0.00228182831779, -0.000777099106926, 5.30721699761e-05, -0.00192727241665, 0.00159250898287, -0.00170179794077], [0.000178582849912, -0.000760637572967, 1.54372155521e-05, -0.000411476765294, 0.000917433004361, -0.00225591170602, 0.00442654639482, -0.000757561763749, 0.000852883851621, 0.000218022949412, -0.000601712032221, -0.00116004655138, 0.00118801742792], [-0.000404217687901, 0.0010277160909, -0.000295816687867, -2.47656153078e-05, -0.000851304270327, 0.00228182831779, -0.000757561763749, 0.00828558858484, -0.00317934760824, 0.0019803897012, -0.00226801703684, 0.000638339319266, -0.000927350309212], [0.000202410417842, -0.000993677647784, 0.000836763822008, -0.000881968124304, -0.001106034033, -0.000777099106926, 0.000852883851621, -0.00317934760824, 0.0092787258327, -0.00292485812679, 0.00207395572215, 4.10709290009e-05, -0.0006469617947], [-0.000201662871405, 0.00137294386514, -0.000357111217454, 0.000158690600074, 0.00127592193894, 5.30721699761e-05, 0.000218022949412, 0.0019803897012, -0.00292485812679, 0.00917583983392, -0.00216832244769, 0.00224961480126, -0.00116667535622], [0.000279797211988, -0.00137818208896, -0.000245294126216, -0.00117147131823, -0.000273612851743, -0.00192727241665, -0.000601712032221, -0.00226801703684, 0.00207395572215, -0.00216832244769, 0.0123632391915, -0.00234414637089, 0.00280329049565], [-0.000184316260857, 0.000848750176374, -6.78649448673e-05, 0.000708834209945, 0.000196972745471, 0.00159250898287, -0.00116004655138, 0.000638339319266, 4.10709290009e-05, 0.00224961480126, -0.00234414637089, 0.0102148391306, -0.00166187260766], [0.000366615713574, -0.000583429588005, -0.00010877103341, -0.000223086506594, -0.00053471326828, -0.00170179794077, 0.00118801742792, -0.000927350309212, -0.0006469617947, -0.00116667535622, 0.00280329049565, -0.00166187260766, 0.0153123084456]]}, "melbands": {"dmean": [0.0025480648037, 0.00200289255008, 0.000903366541024, 0.000431241089245, 0.000153901419253, 7.75751032052e-05, 0.000185220953426, 0.00022100051865, 8.29726050142e-05, 5.89684641454e-05, 2.60683482338e-05, 2.39831297222e-05, 3.82361395168e-05, 1.9667444576e-05, 1.84245072887e-05, 1.50204814418e-05, 1.50177884279e-05, 1.56527585204e-05, 1.50031137309e-05, 1.3871954252e-05, 1.06137613329e-05, 7.710889804e-06, 7.21670267012e-06, 3.73675288756e-06, 3.09562028633e-06, 3.53363475369e-06, 3.08083144773e-06, 2.48234641731e-06, 2.55873442256e-06, 2.30173804994e-06, 1.89246304672e-06, 1.78510049409e-06, 1.6586681113e-06, 1.08889366857e-06, 5.01637316574e-07, 8.43916495796e-07, 1.46663921896e-06, 1.32324566948e-06, 1.49861978116e-06, 1.36882840707e-06], "dmean2": [0.0039225439541, 0.00321397953667, 0.00146480218973, 0.00076028535841, 0.000261633103946, 0.000125484599266, 0.000270890188403, 0.000327333807945, 0.000126573504531, 8.59196516103e-05, 4.04654274462e-05, 3.88863445551e-05, 6.26517939963e-05, 3.15219258482e-05, 3.00387218886e-05, 2.54540336755e-05, 2.3861965019e-05, 2.42168662226e-05, 2.2352740416e-05, 2.08319233934e-05, 1.60191957548e-05, 1.18973885037e-05, 1.08531485239e-05, 5.92297874391e-06, 4.96403663419e-06, 5.58615420232e-06, 4.78785386804e-06, 3.87089494325e-06, 4.07598190577e-06, 3.72484510081e-06, 2.86992121801e-06, 2.73741829915e-06, 2.58412683252e-06, 1.78310381216e-06, 8.13084341189e-07, 1.29788702452e-06, 2.10701796277e-06, 1.95656480173e-06, 2.20667288886e-06, 1.93595633391e-06], "dvar": [1.63990644069e-05, 1.96565579245e-05, 5.99890108788e-06, 9.10464507342e-07, 9.08750763529e-08, 4.11590406202e-08, 1.42383157709e-07, 2.28135391467e-07, 6.33598205013e-08, 3.11800825159e-08, 4.04632327644e-09, 3.34167249427e-09, 7.79730768841e-09, 2.57739962706e-09, 4.42866765482e-09, 1.58805923967e-09, 1.7860430912e-09, 2.89044188584e-09, 3.04482283831e-09, 2.39877806507e-09, 1.19920984254e-09, 3.9321221279e-10, 3.21818738325e-10, 8.87656684267e-11, 6.80342657211e-11, 7.21020049221e-11, 7.76452444007e-11, 4.58332191644e-11, 4.23700068086e-11, 3.6925334318e-11, 3.38709477132e-11, 2.81954442433e-11, 2.47841400181e-11, 6.08187979145e-12, 1.69792988263e-12, 7.25941355639e-12, 3.88234722148e-11, 4.01217080392e-11, 5.85745132953e-11, 5.42676008297e-11], "dvar2": [4.61749659735e-05, 4.71027706226e-05, 1.49418028741e-05, 2.59445209849e-06, 2.51145422681e-07, 1.00587740803e-07, 2.89587148927e-07, 4.76023217288e-07, 1.29631303025e-07, 5.78943044616e-08, 8.89652351788e-09, 8.44052205906e-09, 2.04080947697e-08, 6.15162454309e-09, 1.1044289927e-08, 4.0410772506e-09, 3.80143250212e-09, 6.5293992435e-09, 6.48740039466e-09, 5.2599680167e-09, 2.64316235565e-09, 8.75823469304e-10, 6.57079168853e-10, 2.07136779951e-10, 1.73049463648e-10, 1.62152680172e-10, 1.81292897361e-10, 1.0516391924e-10, 9.8753255573e-11, 8.96229965242e-11, 7.70256289306e-11, 6.44302458608e-11, 5.83196407833e-11, 1.42319055846e-11, 3.93555197112e-12, 1.60224247064e-11, 7.60555785018e-11, 8.25148421812e-11, 1.15977720483e-10, 1.02136729629e-10], "max": [0.0507094711065, 0.0522011443973, 0.025027230382, 0.0136158894747, 0.00600686948746, 0.00835684407502, 0.0100041376427, 0.0153489168733, 0.0112971551716, 0.00985480193049, 0.00359150627628, 0.00133265717886, 0.00270659057423, 0.00213498808444, 0.00216690893285, 0.00120167387649, 0.00157856242731, 0.00186129403301, 0.00242225127295, 0.00165565707721, 0.00111692980863, 0.000522498623468, 0.000600304803811, 0.000253212550888, 0.000333783507813, 0.000261963607045, 0.000345816923073, 0.000190428108908, 0.000138850708026, 0.000157915026648, 0.000242007532506, 0.000216029016883, 0.000205547607038, 5.68164541619e-05, 2.58465061052e-05, 7.90904960013e-05, 0.000238548745983, 0.000219002482481, 0.000501132046338, 0.000320041639498], "mean": [0.004932789132, 0.00394283933565, 0.00121993082576, 0.000636088720057, 0.000258346961346, 0.000141658063512, 0.000456912064692, 0.000599916907959, 0.000215635169297, 0.000183461786946, 5.1609287766e-05, 4.13442176068e-05, 8.19003689685e-05, 4.14440764871e-05, 3.4713812056e-05, 2.28787375818e-05, 2.56612966041e-05, 3.2755342545e-05, 3.23521562677e-05, 2.95206173178e-05, 2.43712656811e-05, 1.71971259988e-05, 1.58083712449e-05, 8.46072634886e-06, 6.64301933284e-06, 7.61742239774e-06, 6.88036334395e-06, 5.6388662415e-06, 5.02098464494e-06, 4.7684884521e-06, 4.38189681518e-06, 4.25396274295e-06, 3.70370321434e-06, 2.15140312321e-06, 1.15131058465e-06, 1.78221876013e-06, 3.00492297356e-06, 2.6662471555e-06, 3.03060278384e-06, 2.59644230027e-06], "median": [0.00296708755195, 0.0022111479193, 0.000603445456363, 0.000371544068912, 0.000151352316607, 6.2183040427e-05, 0.000127308390802, 0.000114728645713, 2.9223425372e-05, 1.86384240806e-05, 1.29521595227e-05, 9.19473313843e-06, 1.48296776388e-05, 7.61838964536e-06, 5.07741788169e-06, 4.20690730607e-06, 5.12409951625e-06, 4.51925279776e-06, 3.86336068914e-06, 3.20541698784e-06, 2.93843754662e-06, 3.01883892462e-06, 2.91575497613e-06, 1.90924765775e-06, 1.70947043898e-06, 1.92992115444e-06, 1.56065902956e-06, 1.00582599316e-06, 9.63410229815e-07, 9.37784363941e-07, 7.86230941685e-07, 6.98520466358e-07, 6.57268458326e-07, 4.21684973162e-07, 1.85247657214e-07, 2.45363793283e-07, 2.38727324131e-07, 1.67736260437e-07, 1.58145013529e-07, 1.76416563136e-07], "min": [7.29617155416e-25, 1.62082832575e-24, 2.33039924366e-24, 2.04851498475e-24, 2.01002863056e-24, 1.66092573113e-24, 9.85029017282e-25, 1.51669474195e-24, 2.15000627895e-24, 1.91645848593e-24, 4.07611687248e-24, 3.26034397748e-24, 2.49255670248e-24, 2.39929125538e-24, 3.12461375342e-24, 3.16735640663e-24, 3.63910686365e-24, 4.15010413678e-24, 2.22453687119e-24, 2.43973674563e-24, 3.6637181406e-24, 3.86630353752e-24, 4.09190355692e-24, 4.63589059867e-24, 4.54014812833e-24, 4.80262345074e-24, 4.04469062617e-24, 4.90698935407e-24, 4.80813995505e-24, 5.02908253966e-24, 5.3410734778e-24, 5.85676526218e-24, 5.79630104595e-24, 5.76792808577e-24, 5.50377958938e-24, 4.95419439621e-24, 6.85996756396e-24, 6.29476923575e-24, 6.32938603e-24, 6.74296292564e-24], "var": [3.20886902045e-05, 3.05672183458e-05, 5.61070055483e-06, 8.52083701375e-07, 1.29776665858e-07, 6.39931840851e-08, 8.50804667607e-07, 1.74659726326e-06, 3.78127111844e-07, 4.84125223466e-07, 1.23412613462e-08, 6.93804969032e-09, 3.8077047293e-08, 1.27158106267e-08, 1.60202890953e-08, 3.56026985671e-09, 4.69410688098e-09, 1.12660050178e-08, 1.60251296677e-08, 9.65708846223e-09, 6.46026876439e-09, 1.60089197454e-09, 1.28915200737e-09, 3.44406697605e-10, 1.66961708348e-10, 2.26521454372e-10, 2.29795960038e-10, 1.27936730654e-10, 9.96905683004e-11, 9.69861066458e-11, 1.27988300513e-10, 1.31115771018e-10, 8.88106602148e-11, 1.83013101202e-11, 5.44379168479e-12, 2.54034900754e-11, 1.47930959149e-10, 1.37856656646e-10, 2.57425247785e-10, 1.71528638515e-10]}, "mfcc": {"mean": [-700.3828125, 128.285995483, 29.0116500854, 28.159330368, 7.87925243378, 8.67374610901, 3.54040074348, 3.76380062103, 6.71682310104, 3.32647800446, 4.54464101791, 3.49473190308, 4.49421405792], "cov": [[18072.9863281, -1355.99768066, -952.449035645, 1615.89697266, 691.430419922, 158.644393921, -163.424041748, 152.987014771, 218.053146362, 585.989746094, 677.081237793, 510.370910645, 3.78491234779], [-1355.99768066, 1346.4621582, -96.6087875366, -51.7460975647, -8.21219825745, 28.540184021, 65.2254943848, 171.148727417, -69.0816040039, -9.62362670898, -0.928433418274, -33.8918800354, 46.7774734497], [-952.449035645, -96.6087875366, 766.36505127, 18.8894367218, -55.1036758423, 31.3830852509, 115.528190613, -41.3357467651, -27.7235927582, -55.1321105957, -14.0786046982, -13.9080200195, -44.6735839844], [1615.89697266, -51.7460975647, 18.8894367218, 667.638549805, 235.956100464, -50.5561714172, -52.3578796387, 9.34509658813, 31.7113246918, 87.1841888428, 96.7507324219, 60.0376434326, -8.93631744385], [691.430419922, -8.21219825745, -55.1036758423, 235.956100464, 540.107788086, -67.1718292236, -105.519485474, -41.6226501465, 55.6923446655, 97.5329055786, 25.9941062927, 25.6884365082, -32.683631897], [158.644393921, 28.540184021, 31.3830852509, -50.5561714172, -67.1718292236, 245.743438721, 72.4104690552, -18.6418247223, -25.5632953644, 9.81839847565, 25.2910366058, 1.78698158264, -22.096988678], [-163.424041748, 65.2254943848, 115.528190613, -52.3578796387, -105.519485474, 72.4104690552, 255.566482544, 70.1961135864, -64.7225799561, -1.73319602013, -3.84360694885, 14.832570076, -17.3971881866], [152.987014771, 171.148727417, -41.3357467651, 9.34509658813, -41.6226501465, -18.6418247223, 70.1961135864, 244.21321106, 4.77312469482, -25.2391834259, -42.5636138916, 30.9391517639, 36.4344940186], [218.053146362, -69.0816040039, -27.7235927582, 31.7113246918, 55.6923446655, -25.5632953644, -64.7225799561, 4.77312469482, 160.452545166, 26.4084911346, -4.20706510544, -6.92954063416, 7.07617282867], [585.989746094, -9.62362670898, -55.1321105957, 87.1841888428, 97.5329055786, 9.81839847565, -1.73319602013, -25.2391834259, 26.4084911346, 177.626022339, 62.0473594666, -14.9555082321, -40.5249328613], [677.081237793, -0.928433418274, -14.0786046982, 96.7507324219, 25.9941062927, 25.2910366058, -3.84360694885, -42.5636138916, -4.20706510544, 62.0473594666, 169.586257935, 28.6770782471, -18.0217761993], [510.370910645, -33.8918800354, -13.9080200195, 60.0376434326, 25.6884365082, 1.78698158264, 14.832570076, 30.9391517639, -6.92954063416, -14.9555082321, 28.6770782471, 101.777503967, 28.8544940948], [3.78491234779, 46.7774734497, -44.6735839844, -8.93631744385, -32.683631897, -22.096988678, -17.3971881866, 36.4344940186, 7.07617282867, -40.5249328613, -18.0217761993, 28.8544940948, 107.081504822]], "icov": [[0.000117888797831, 0.00013532282901, 0.000131493899971, -0.000187603407539, -1.46975226016e-05, -0.000143412311445, 3.22659579979e-05, -0.000182540257811, -2.81148786598e-05, -0.000197886693059, -0.00025075598387, -0.000314771838021, -2.12228314922e-05], [0.00013532282901, 0.00107400910929, 0.000222853865125, -0.000135320937261, -0.000237530635786, -0.000333848554874, -1.27687644635e-05, -0.000982934725471, 0.000450708699645, -0.000155487607117, -0.000674510141835, 0.00050679652486, -0.000540006149095], [0.000131493899971, 0.000222853865125, 0.00172563281376, -0.000459632108686, 8.68532708864e-07, -0.00011376918701, -0.000905710272491, 0.000278590334347, -0.000215607360587, 0.000599837221671, -0.000212367071072, -4.68296238978e-05, 0.000532546895556], [-0.000187603407539, -0.000135320937261, -0.000459632108686, 0.00238180486485, -0.000683900550939, 0.000475039763842, 0.000272210105322, -0.000194981665118, 9.09275695449e-05, -0.000235400657402, -0.000530598976184, -0.000254930462688, -4.30880609201e-05], [-1.46975226016e-05, -0.000237530635786, 8.68532708864e-07, -0.000683900550939, 0.00276933074929, 0.000467302277684, 0.000830040313303, 0.000521415146068, -0.000393147172872, -0.00121880858205, 0.000871859490871, -0.00132806820329, 0.00101602636278], [-0.000143412311445, -0.000333848554874, -0.00011376918701, 0.000475039763842, 0.000467302277684, 0.00498686730862, -0.00129803654272, 0.000991523498669, -3.47028835677e-05, 2.42296082433e-05, -0.000202402792638, -0.000171303763636, 0.000790096819401], [3.22659579979e-05, -1.27687644635e-05, -0.000905710272491, 0.000272210105322, 0.000830040313303, -0.00129803654272, 0.00634180381894, -0.00209052953869, 0.00198849244043, -0.00137497950345, 0.00023244365002, -0.00137993646786, 0.00113562028855], [-0.000182540257811, -0.000982934725471, 0.000278590334347, -0.000194981665118, 0.000521415146068, 0.000991523498669, -0.00209052953869, 0.00645672529936, -0.00119778793305, 0.000423217774369, 0.00221330206841, -0.00153564231005, -0.000611381663475], [-2.81148786598e-05, 0.000450708699645, -0.000215607360587, 9.09275695449e-05, -0.000393147172872, -3.47028835677e-05, 0.00198849244043, -0.00119778793305, 0.00767300324515, -0.00128627440426, 0.00027530072839, 0.000881756306626, -0.000859907944687], [-0.000197886693059, -0.000155487607117, 0.000599837221671, -0.000235400657402, -0.00121880858205, 2.42296082433e-05, -0.00137497950345, 0.000423217774369, -0.00128627440426, 0.00898602418602, -0.00238203420304, 0.00291394745, 0.00187078374438], [-0.00025075598387, -0.000674510141835, -0.000212367071072, -0.000530598976184, 0.000871859490871, -0.000202402792638, 0.00023244365002, 0.00221330206841, 0.00027530072839, -0.00238203420304, 0.00909911748022, -0.00279780849814, 0.00104528118391], [-0.000314771838021, 0.00050679652486, -4.68296238978e-05, -0.000254930462688, -0.00132806820329, -0.000171303763636, -0.00137993646786, -0.00153564231005, 0.000881756306626, 0.00291394745, -0.00279780849814, 0.0151018276811, -0.00388921052217], [-2.12228314922e-05, -0.000540006149095, 0.000532546895556, -4.30880609201e-05, 0.00101602636278, 0.000790096819401, 0.00113562028855, -0.000611381663475, -0.000859907944687, 0.00187078374438, 0.00104528118391, -0.00388921052217, 0.0126483244821]]}, "spectral_contrast_coeffs": {"dmean": [0.0421074293554, 0.0395838171244, 0.0323038175702, 0.0275037512183, 0.021165035665, 0.0164820048958], "dmean2": [0.0667491331697, 0.0623560249805, 0.051311455667, 0.0426130667329, 0.0324723385274, 0.0250760428607], "dvar": [0.00160247692838, 0.00132868811488, 0.000742719275877, 0.000755676126573, 0.000477346184198, 0.000232938793488], "dvar2": [0.0038002836518, 0.00319174188189, 0.00179138523526, 0.00154885509983, 0.000965116894804, 0.00047785253264], "max": [-0.312083661556, -0.390263974667, -0.332694888115, -0.410923063755, -0.470799952745, -0.555021166801], "mean": [-0.698131084442, -0.723196089268, -0.774255633354, -0.785113215446, -0.787520170212, -0.778164684772], "median": [-0.706618785858, -0.736447393894, -0.793239235878, -0.814743280411, -0.802758336067, -0.773536801338], "min": [-0.9787966609, -0.978546798229, -0.977412045002, -0.975748598576, -0.966511011124, -0.966450154781], "var": [0.00593717815354, 0.009192885831, 0.00831675902009, 0.00938855390996, 0.00688419491053, 0.00446080137044]}, "spectral_contrast_valleys": {"dmean": [0.279773950577, 0.304830819368, 0.293116599321, 0.318711996078, 0.254752904177, 0.287554711103], "dmean2": [0.45810097456, 0.497241050005, 0.467804312706, 0.506706297398, 0.395166605711, 0.415887176991], "dvar": [0.0935996174812, 0.123303547502, 0.127288579941, 0.176020398736, 0.128571718931, 0.163568139076], "dvar2": [0.201913520694, 0.268068701029, 0.265126079321, 0.395273119211, 0.268313884735, 0