{"lowlevel": {"average_loudness": 0.981319069862, "barkbands_crest": {"dmean": 1.85723268986, "dmean2": 3.0884206295, "dvar": 4.06946134567, "dvar2": 11.1401901245, "max": 25.5211200714, "mean": 10.2107696533, "median": 9.67861747742, "min": 3.04347443581, "var": 11.7161254883}, "barkbands_flatness_db": {"dmean": 0.0241228714585, "dmean2": 0.0366871207952, "dvar": 0.00108340382576, "dvar2": 0.00240710214712, "max": 0.650672614574, "mean": 0.180300846696, "median": 0.151698231697, "min": 0.0405520386994, "var": 0.00991464965045}, "barkbands_kurtosis": {"dmean": 4.52481937408, "dmean2": 6.90801382065, "dvar": 250.055938721, "dvar2": 424.380615234, "max": 833.12310791, "mean": 9.26647090912, "median": 3.78691673279, "min": -1.93080282211, "var": 1071.43371582}, "barkbands_skewness": {"dmean": 0.533841013908, "dmean2": 0.82985407114, "dvar": 0.488480418921, "dvar2": 1.10733616352, "max": 21.7235813141, "mean": 2.15649652481, "median": 1.91239213943, "min": -3.97772216797, "var": 2.29039597511}, "barkbands_spread": {"dmean": 4.01814842224, "dmean2": 6.415371418, "dvar": 25.1388645172, "dvar2": 61.5007705688, "max": 97.7788314819, "mean": 16.8567295074, "median": 14.7755222321, "min": 0.144618809223, "var": 114.913528442}, "dissonance": {"dmean": 0.0197049826384, "dmean2": 0.0333318635821, "dvar": 0.000656435964629, "dvar2": 0.00184801069554, "max": 0.500000059605, "mean": 0.453831613064, "median": 0.465817093849, "min": 0.111594699323, "var": 0.00193456315901}, "dynamic_complexity": 1.76346075535, "erbbands_crest": {"dmean": 2.43395328522, "dmean2": 3.81209135056, "dvar": 6.85837602615, "dvar2": 15.2523412704, "max": 33.3679771423, "mean": 10.3388967514, "median": 8.93651390076, "min": 2.23368120193, "var": 31.6704769135}, "erbbands_flatness_db": {"dmean": 0.0216111503541, "dmean2": 0.0297783445567, "dvar": 0.000764846219681, "dvar2": 0.00148690398782, "max": 0.551865875721, "mean": 0.167034104466, "median": 0.147717550397, "min": 0.0614012852311, "var": 0.00543349934742}, "erbbands_kurtosis": {"dmean": 1.62631416321, "dmean2": 2.41178035736, "dvar": 63.8003082275, "dvar2": 101.456138611, "max": 421.251312256, "mean": 2.27899742126, "median": -0.0592867136002, "min": -1.93118155003, "var": 391.676177979}, "erbbands_skewness": {"dmean": 0.372234165668, "dmean2": 0.551315128803, "dvar": 0.258233129978, "dvar2": 0.543528735638, "max": 15.6260328293, "mean": 0.204087346792, "median": 0.126117348671, "min": -5.54469776154, "var": 1.91410732269}, "erbbands_spread": {"dmean": 8.28112697601, "dmean2": 12.6319618225, "dvar": 116.20652771, "dvar2": 263.682891846, "max": 189.618011475, "mean": 39.2275009155, "median": 36.7925033569, "min": 0.403949230909, "var": 369.29284668}, "hfc": {"dmean": 5.65452337265, "dmean2": 8.5371761322, "dvar": 74.8787612915, "dvar2": 178.458557129, "max": 136.936843872, "mean": 21.6545505524, "median": 19.372543335, "min": 1.08423790669e-16, "var": 194.712142944}, "melbands_crest": {"dmean": 2.53195214272, "dmean2": 4.11665582657, "dvar": 6.66845369339, "dvar2": 16.165145874, "max": 37.9206161499, "mean": 16.002450943, "median": 15.3409938812, "min": 1.65282380581, "var": 26.0728435516}, "melbands_flatness_db": {"dmean": 0.0279667191207, "dmean2": 0.0430154316127, "dvar": 0.00151912891306, "dvar2": 0.00340827298351, "max": 0.790895819664, "mean": 0.26951110363, "median": 0.24302136898, "min": 0.0033289687708, "var": 0.0134333558381}, "melbands_kurtosis": {"dmean": 10.8522539139, "dmean2": 17.294878006, "dvar": 702.342163086, "dvar2": 1700.80456543, "max": 693.342163086, "mean": 23.7077217102, "median": 12.5621643066, "min": -1.72690427303, "var": 1790.48864746}, "melbands_skewness": {"dmean": 0.78790551424, "dmean2": 1.23441588879, "dvar": 1.12747466564, "dvar2": 2.72509479523, "max": 20.6168498993, "mean": 3.47402954102, "median": 3.11346101761, "min": -3.37833166122, "var": 3.35609912872}, "melbands_spread": {"dmean": 4.13158655167, "dmean2": 6.62769937515, "dvar": 32.3374328613, "dvar2": 80.7547225952, "max": 159.302246094, "mean": 15.7331953049, "median": 12.5578298569, "min": 0.170402124524, "var": 266.370269775}, "pitch_salience": {"dmean": 0.0565807968378, "dmean2": 0.0938226953149, "dvar": 0.00346423848532, "dvar2": 0.00957160722464, "max": 0.890783786774, "mean": 0.504549860954, "median": 0.506122112274, "min": 0.0174676533788, "var": 0.00987079180777}, "silence_rate_20dB": {"dmean": 0, "dmean2": 0, "dvar": 0, "dvar2": 0, "max": 1, "mean": 1, "median": 1, "min": 1, "var": 0}, "silence_rate_30dB": {"dmean": 0.00424718623981, "dmean2": 0.008494974114, "dvar": 0.00422911532223, "dvar2": 0.0123867876828, "max": 1, "mean": 0.997735023499, "median": 1, "min": 0, "var": 0.00225992663763}, "silence_rate_60dB": {"dmean": 0.000141572876601, "dmean2": 0.00028316580574, "dvar": 0.00014153282973, "dvar2": 0.000283085624687, "max": 1, "mean": 0.0350368060172, "median": 0, "min": 0, "var": 0.0338099040091}, "spectral_centroid": {"dmean": 183.961578369, "dmean2": 288.507995605, "dvar": 58007.6210938, "dvar2": 136752.484375, "max": 11864.3222656, "mean": 1042.85009766, "median": 849.215942383, "min": 121.719810486, "var": 964561.375}, "spectral_complexity": {"dmean": 3.16755151749, "dmean2": 5.04700565338, "dvar": 15.3549137115, "dvar2": 35.589756012, "max": 58, "mean": 19.2551670074, "median": 19, "min": 0, "var": 101.118621826}, "spectral_decrease": {"dmean": 2.71655986595e-09, "dmean2": 4.39078906567e-09, "dvar": 1.35055209634e-17, "dvar2": 3.48865871799e-17, "max": 7.37211589446e-19, "mean": -1.27095445279e-08, "median": -1.22340111375e-08, "min": -4.64921043886e-08, "var": 2.4623624971e-17}, "spectral_energy": {"dmean": 0.0105501329526, "dmean2": 0.0169733483344, "dvar": 0.000199800095288, "dvar2": 0.000513342034537, "max": 0.177925825119, "mean": 0.0499327071011, "median": 0.0480827763677, "min": 9.89340889812e-21, "var": 0.000372231035726}, "spectral_energyband_high": {"dmean": 0.000391075824155, "dmean2": 0.000633100513369, "dvar": 7.36652964406e-07, "dvar2": 1.9363744741e-06, "max": 0.0105056837201, "mean": 0.000598881568294, "median": 0.000266373768682, "min": 7.18919230138e-21, "var": 9.40504037317e-07}, "spectral_energyband_low": {"dmean": 0.00878165755421, "dmean2": 0.0143963741139, "dvar": 0.000185606913874, "dvar2": 0.000489086727612, "max": 0.14874972403, "mean": 0.0283364783973, "median": 0.0247984603047, "min": 1.45790440968e-23, "var": 0.000308031478198}, "spectral_energyband_middle_high": {"dmean": 0.00177176471334, "dmean2": 0.00262408028357, "dvar": 6.28003317615e-06, "dvar2": 1.3468121324e-05, "max": 0.0491472706199, "mean": 0.00600273627788, "median": 0.00485280808061, "min": 1.06896534404e-21, "var": 2.67217183136e-05}, "spectral_energyband_middle_low": {"dmean": 0.00477973930538, "dmean2": 0.00770327728242, "dvar": 5.57333514735e-05, "dvar2": 0.000140588526847, "max": 0.0987976267934, "mean": 0.0190133545548, "median": 0.0176672711968, "min": 1.88616162811e-22, "var": 0.000123858757433}, "spectral_entropy": {"dmean": 0.216836899519, "dmean2": 0.312267452478, "dvar": 0.107582353055, "dvar2": 0.225905686617, "max": 9.83475971222, "mean": 7.20413255692, "median": 7.38485050201, "min": 3.5922665596, "var": 0.72078371048}, "spectral_flux": {"dmean": 0.0287652406842, "dmean2": 0.0438814982772, "dvar": 0.00125810119789, "dvar2": 0.00230690883473, "max": 0.321018338203, "mean": 0.0804493129253, "median": 0.067980453372, "min": 6.41635841681e-11, "var": 0.00263315066695}, "spectral_kurtosis": {"dmean": 4.18950510025, "dmean2": 6.62801599503, "dvar": 179.909103394, "dvar2": 427.754486084, "max": 344.147277832, "mean": 9.25261306763, "median": 4.65770435333, "min": -1.2546325922, "var": 425.560028076}, "spectral_rms": {"dmean": 0.0006946704234, "dmean2": 0.0011044862913, "dvar": 7.28647819415e-07, "dvar2": 1.82513997515e-06, "max": 0.0131752109155, "mean": 0.00677324132994, "median": 0.0068490896374, "min": 3.10678392734e-12, "var": 2.83786084765e-06}, "spectral_rolloff": {"dmean": 265.701507568, "dmean2": 460.614990234, "dvar": 270266.5625, "dvar2": 642733.75, "max": 19681.3476562, "mean": 1051.39709473, "median": 624.462890625, "min": 43.06640625, "var": 4996100.5}, "spectral_skewness": {"dmean": 0.376920640469, "dmean2": 0.578460514545, "dvar": 0.565888345242, "dvar2": 1.29811894894, "max": 15.318696022, "mean": 1.92932927608, "median": 1.62863957882, "min": -0.104583144188, "var": 1.79445254803}, "spectral_spread": {"dmean": 635416.375, "dmean2": 884042.6875, "dvar": 821574041600, "dvar2": 1621413855230.0, "max": 42723332, "mean": 4478619, "median": 4164454.25, "min": 284889.40625, "var": 10983102742500.0}, "spectral_strongpeak": {"dmean": 0.291471719742, "dmean2": 0.52563136816, "dvar": 0.457843124866, "dvar2": 1.19098484516, "max": 13.4407787323, "mean": 0.646976590157, "median": 0.543886184692, "min": 0, "var": 0.46544238925}, "zerocrossingrate": {"dmean": 0.00654529128224, "dmean2": 0.00818024948239, "dvar": 4.82466020912e-05, "dvar2": 6.80413795635e-05, "max": 0.529296875, "mean": 0.0434853360057, "median": 0.0341796875, "min": 0.00244140625, "var": 0.0032933652401}, "barkbands": {"dmean": [0.00104372377973, 0.00573415169492, 0.00379680539481, 0.00288595049642, 0.00223267031834, 0.000760783790611, 0.00036208552774, 0.000520782719832, 0.000540317851119, 0.000375925912522, 0.000391488603782, 0.000246269482886, 0.000438986025983, 0.000244270515395, 0.00030165881617, 0.000229961107834, 0.000404032733059, 0.000167656340636, 0.000188742968021, 0.000106596009573, 0.000135410882649, 9.72119159997e-05, 6.33795643807e-05, 3.97035764763e-05, 2.48631095019e-05, 1.13414716907e-05, 2.81382267531e-06], "dmean2": [0.00132557656616, 0.00963037461042, 0.00643843272701, 0.00480412924662, 0.00377746601589, 0.00117710116319, 0.00053475482855, 0.00076379760867, 0.000771258084569, 0.000545428425539, 0.000559155945666, 0.000369246467017, 0.000627625267953, 0.000379797827918, 0.000484525080537, 0.000369201414287, 0.000629520334769, 0.000269329088042, 0.00030097697163, 0.000176324960194, 0.000237938380451, 0.000168429818586, 0.000102265068563, 5.73132638237e-05, 3.51264025085e-05, 1.59281025844e-05, 4.24782456321e-06], "dvar": [3.30639227286e-06, 0.000124582860735, 3.60948470188e-05, 1.83969204954e-05, 2.48537617153e-05, 1.78602260803e-06, 3.76324294393e-07, 8.31153272429e-07, 1.53331495767e-06, 7.46732268908e-07, 6.38239384898e-07, 4.61648056671e-07, 1.50886626216e-06, 3.51569724444e-07, 2.96373315223e-07, 3.36711480031e-07, 1.84799671388e-06, 1.68157697544e-07, 4.15125867903e-07, 5.28899519736e-08, 1.08465762594e-07, 5.67289077935e-08, 1.69013532059e-08, 6.20210016677e-09, 2.3712283248e-09, 4.0977277127e-10, 2.179514208e-11], "dvar2": [5.43326950719e-06, 0.000329836504534, 0.000101697245555, 4.72553510917e-05, 6.90818706062e-05, 4.26552242061e-06, 7.41177927921e-07, 1.76361731974e-06, 2.97875294564e-06, 1.69813961293e-06, 1.30972819079e-06, 9.3076948815e-07, 2.76205696537e-06, 7.93450453784e-07, 7.1108991051e-07, 7.48214915802e-07, 4.18598938268e-06, 4.12867166233e-07, 9.73674900706e-07, 1.42914629464e-07, 3.04060193912e-07, 1.56660831863e-07, 4.22419290658e-08, 1.16905409797e-08, 4.70838124045e-09, 7.52372331103e-10, 4.90247009655e-11], "max": [0.0276538766921, 0.118518166244, 0.0913986191154, 0.0649521499872, 0.0623709149659, 0.0290686935186, 0.0155217312276, 0.0233183912933, 0.0313128642738, 0.0195984039456, 0.0304068122059, 0.0170409698039, 0.0357483923435, 0.0199655164033, 0.0161168891937, 0.018540494144, 0.0320389568806, 0.0110637200996, 0.0183080285788, 0.00388028519228, 0.00420993100852, 0.00337158353068, 0.0019867757801, 0.00150901195593, 0.00213452940807, 0.000628624868114, 7.03498881194e-05], "mean": [0.00164606643375, 0.0117452852428, 0.0111109269783, 0.00714569538832, 0.00523378048092, 0.00269468687475, 0.000997917493805, 0.00120473350398, 0.00142071757, 0.000918887439184, 0.000879747909494, 0.000463127886178, 0.000820594024844, 0.000507406017277, 0.000670708483085, 0.000427987630246, 0.000698161544278, 0.000308264017804, 0.000337739416864, 0.000195666216314, 0.00016304080782, 0.000117407500511, 9.17476136237e-05, 7.237331738e-05, 4.02521145588e-05, 1.6602465621e-05, 3.17204603562e-06], "median": [0.000156249996508, 0.00718048401177, 0.0100101688877, 0.00553668430075, 0.0038730930537, 0.00100913993083, 0.000381943391403, 0.000606424815487, 0.000293656717986, 0.000334321870469, 0.000381755700801, 0.000155525485752, 0.000252438359894, 0.000175531371497, 0.00035188079346, 0.000177404726855, 0.000167532722116, 0.000151135813212, 0.000142140794196, 0.000115777664178, 6.3106228481e-05, 3.79501434509e-05, 3.35729382641e-05, 2.74768644886e-05, 1.56419628183e-05, 6.53385586702e-06, 9.92232457975e-07], "min": [3.64240203426e-25, 3.04181570167e-24, 1.03552686345e-24, 1.05574438237e-24, 6.01044562171e-24, 4.07941904423e-24, 7.9589423128e-24, 6.08379193653e-24, 8.53788890886e-24, 1.21385948125e-23, 1.77295731142e-23, 2.36318177853e-23, 1.99595535201e-23, 2.91228608209e-23, 3.08719263754e-23, 7.17143540843e-23, 6.92390852686e-23, 8.83478586133e-23, 1.55944926752e-22, 1.50143757251e-22, 1.78586522153e-22, 3.07169082656e-22, 3.97719661797e-22, 5.90953349342e-22, 9.3645630096e-22, 1.34872636963e-21, 1.72841933543e-21], "var": [8.66557002155e-06, 0.000179700582521, 6.88216241542e-05, 3.96442119381e-05, 2.94691235467e-05, 1.33759758683e-05, 2.87474335892e-06, 2.91212631964e-06, 7.46059185985e-06, 2.48669175562e-06, 2.30939303947e-06, 1.27819282625e-06, 4.21573668064e-06, 9.23262746255e-07, 1.12635029836e-06, 6.86101827796e-07, 3.42562998412e-06, 2.66092342827e-07, 6.26495932465e-07, 7.11885377314e-08, 9.49419387553e-08, 5.22476284459e-08, 2.45596734061e-08, 1.64407989445e-08, 4.97592322901e-09, 8.72296235244e-10, 2.84045009735e-11]}, "erbbands": {"dmean": [0.20466914773, 1.31094634533, 3.90647673607, 6.77337503433, 10.5230464935, 5.83768558502, 5.01366472244, 6.752825737, 4.0436167717, 10.6523246765, 8.94037055969, 14.8543615341, 8.52645683289, 12.1676855087, 16.040397644, 12.3270406723, 20.2431373596, 12.3249673843, 17.2073497772, 11.2873010635, 14.5803031921, 19.7134914398, 9.25091266632, 10.0608940125, 7.28676795959, 4.79042005539, 5.14666557312, 5.69415616989, 3.50432157516, 2.71875619888, 1.70125949383, 1.00712752342, 0.617055118084, 0.340232044458, 0.150276467204, 0.0599089935422, 0.0205334592611, 0.00332619156688, 0.0005299844197, 3.28364367306e-05], "dmean2": [0.298695057631, 2.32484507561, 6.73653316498, 11.2592782974, 17.580406189, 10.003537178, 8.09314823151, 10.4104623795, 5.99872732162, 15.8780450821, 12.87525177, 20.9858093262, 12.2221755981, 17.6186027527, 23.1273078918, 17.8983020782, 28.8703937531, 18.6967582703, 27.2045612335, 18.8162536621, 22.695898056, 30.9258060455, 14.8373088837, 15.7996692657, 11.9365520477, 7.97625350952, 8.90046405792, 10.1479921341, 6.08173704147, 4.68505048752, 2.66870760918, 1.54909455776, 0.875116407871, 0.489847034216, 0.210653245449, 0.0844265371561, 0.0292909871787, 0.00477608619258, 0.000801221467555, 4.92374929308e-05], "dvar": [0.144807323813, 7.98278236389, 44.5831604004, 82.792640686, 472.381408691, 160.042938232, 86.5688018799, 172.783416748, 55.3518753052, 383.896606445, 363.82699585, 1195.078125, 323.077301025, 838.397521973, 1166.34191895, 1036.94921875, 3425.0690918, 884.869873047, 1145.16259766, 384.921600342, 1610.46533203, 4327.50048828, 471.050567627, 930.37701416, 539.501159668, 102.064804077, 143.69342041, 205.815139771, 76.1447906494, 42.4740524292, 13.0584020615, 3.77932524681, 1.6319205761, 0.450390189886, 0.0968759059906, 0.0138904945925, 0.00116525369231, 3.22373634845e-05, 7.50141452954e-07, 1.99722460792e-09], "dvar2": [0.272991865873, 22.5912342072, 126.391059875, 218.874008179, 1230.73657227, 460.914367676, 224.898727417, 397.568023682, 113.271911621, 864.350646973, 724.279724121, 2294.95947266, 760.320251465, 1859.46582031, 2380.97607422, 1996.06921387, 6236.75683594, 1921.59155273, 2717.66088867, 1002.8951416, 3375.28393555, 10051.8330078, 1120.1036377, 2210.16845703, 1347.94360352, 274.886566162, 392.464202881, 586.192687988, 210.862457275, 117.038475037, 31.8038597107, 7.92277669907, 3.12714362144, 0.9090924263, 0.186054632068, 0.0255741458386, 0.00222438969649, 6.65656771162e-05, 1.7468715896e-06, 4.36705915874e-09], "max": [3.99900698662, 30.0435218811, 76.2836837769, 189.325317383, 268.875793457, 168.115570068, 255.118637085, 328.589202881, 235.590270996, 411.044494629, 639.421508789, 913.350463867, 551.271911621, 709.10723877, 1489.10168457, 857.284484863, 1773.81591797, 1035.08654785, 986.12322998, 680.081176758, 1084.68054199, 1579.07995605, 690.322143555, 685.937316895, 782.434570312, 160.419342041, 156.533157349, 161.113891602, 118.899917603, 90.877571106, 58.4172134399, 40.6284370422, 28.9521446228, 14.9406652451, 19.3796062469, 3.77225494385, 0.755354464054, 0.10329542309, 0.0113058844581, 0.000546977506019], "mean": [0.393962025642, 2.43345189095, 10.5918960571, 21.4136600494, 24.0552101135, 12.7995214462, 14.5811080933, 24.886390686, 11.9377307892, 26.71667099, 23.7871513367, 40.3156852722, 23.9248199463, 28.1796169281, 37.2353782654, 25.41888237, 38.7093238831, 26.9951572418, 39.488948822, 24.353849411, 28.8720741272, 34.9771614075, 18.7882404327, 19.1276550293, 13.4261770248, 8.94020366669, 7.11023044586, 6.20307064056, 4.22439146042, 3.27804851532, 2.56781888008, 1.74478840828, 1.09127771854, 0.54356533289, 0.243795186281, 0.0927605777979, 0.0277001094073, 0.00420678034425, 0.000620970618911, 8.44578607939e-05], "median": [0.119214631617, 1.56287670135, 8.76163959503, 19.3553504944, 18.6705932617, 7.72732830048, 8.22525691986, 7.17844390869, 6.25425672531, 10.632188797, 12.5856742859, 9.85591506958, 12.7160177231, 10.664305687, 18.5619754791, 11.1052513123, 13.7993927002, 12.3321352005, 18.6857185364, 14.6133842468, 10.5676555634, 8.16300010681, 8.84274482727, 8.12638282776, 6.78084373474, 5.31282615662, 3.05380249023, 2.210324049, 1.39808273315, 0.925361394882, 0.959651350975, 0.679390311241, 0.387372493744, 0.197754085064, 0.10144739598, 0.0361692681909, 0.0102949682623, 0.00153778493404, 0.000210010999581, 6.70395093039e-05], "min": [7.35265379776e-23, 3.96088095497e-22, 1.6796762638e-21, 4.55375892297e-21, 8.61297531515e-21, 1.53279200913e-20, 3.07852228627e-20, 5.85246180759e-20, 1.43076319029e-19, 1.30370462929e-19, 1.15788406103e-19, 3.47544328761e-19, 5.35918634947e-19, 5.8765800678e-19, 1.31176938177e-18, 1.33835341569e-18, 1.08137983224e-18, 1.76173216375e-18, 2.37808904678e-18, 3.1967037905e-18, 4.38376814691e-18, 4.39749272763e-18, 6.1567536893e-18, 5.76914223093e-18, 7.83253847868e-18, 7.3628512648e-18, 1.04403138681e-17, 8.41777289796e-18, 1.02397060259e-17, 1.14730141213e-17, 1.17566427728e-17, 1.12903991118e-17, 1.02893534063e-17, 8.34140344791e-18, 6.47528936266e-18, 3.91317268872e-18, 2.08868439985e-18, 9.29558792415e-19, 2.45475669545e-19, 2.54679911785e-20], "var": [0.356781482697, 7.77282381058, 67.9007339478, 212.85484314, 564.537963867, 227.774383545, 322.005767822, 1585.93151855, 329.934234619, 2019.51342773, 1415.91760254, 5907.94628906, 1121.76647949, 2860.84814453, 4141.88574219, 3071.50537109, 9570.11621094, 2471.68823242, 4415.47802734, 892.649536133, 3617.29150391, 7965.41064453, 917.329711914, 1530.20068359, 710.107421875, 141.044296265, 147.79145813, 162.385269165, 69.3810577393, 40.4685173035, 19.9813327789, 8.82502555847, 4.10222291946, 0.959211945534, 0.196738496423, 0.0315101034939, 0.00220287474804, 4.95806634717e-05, 9.54533561526e-07, 3.24973603583e-09]}, "gfcc": {"mean": [-14.4007205963, 112.32358551, -96.8499679565, 38.8658943176, -38.3984451294, 16.7386341095, -30.3644828796, 4.66540050507, -21.3899860382, -4.40643024445, -15.7419052124, -7.87055778503, -13.2867927551], "cov": [[30071.9042969, 1235.83874512, -2544.30981445, 889.509643555, -979.933837891, 159.626480103, -969.192199707, 267.909942627, -856.673828125, -209.089248657, -777.361083984, -1.8462780714, 69.4927902222], [1235.83874512, 1970.25805664, -47.195640564, -142.680664062, 459.83480835, -31.6558380127, 114.483482361, -324.074676514, -18.1704311371, -213.085083008, 170.167190552, -181.908294678, -0.21117465198], [-2544.30981445, -47.195640564, 929.646911621, 10.9462337494, 25.7480239868, 66.6702270508, 79.0135726929, -102.127120972, 89.7855453491, -32.3573646545, 23.6667194366, 23.045835495, -44.9789047241], [889.509643555, -142.680664062, 10.9462337494, 447.031097412, 59.413269043, 40.2963180542, -37.5492973328, -45.293346405, -24.3248806, -28.4348583221, -9.3573589325, 11.7065448761, 23.6444549561], [-979.933837891, 459.83480835, 25.7480239868, 59.413269043, 604.449157715, 97.8150177002, 83.0896453857, -215.601150513, -27.0302009583, -55.4228553772, 128.533248901, -45.95728302, -17.1617641449], [159.626480103, -31.6558380127, 66.6702270508, 40.2963180542, 97.8150177002, 287.764251709, 59.8891792297, -130.938293457, -78.453163147, -26.1913776398, 28.4039363861, -9.56062221527, -4.82382297516], [-969.192199707, 114.483482361, 79.0135726929, -37.5492973328, 83.0896453857, 59.8891792297, 166.117538452, -27.9829101562, 16.8507652283, -16.9055709839, 44.843536377, 4.71441841125, 9.96287727356], [267.909942627, -324.074676514, -102.127120972, -45.293346405, -215.601150513, -130.938293457, -27.9829101562, 304.900085449, 93.2697525024, 72.5085678101, -71.9431304932, 54.5088310242, 31.1172351837], [-856.673828125, -18.1704311371, 89.7855453491, -24.3248806, -27.0302009583, -78.453163147, 16.8507652283, 93.2697525024, 164.970458984, 51.571521759, 1.22673356533, -3.98342609406, -3.3964111805], [-209.089248657, -213.085083008, -32.3573646545, -28.4348583221, -55.4228553772, -26.1913776398, -16.9055709839, 72.5085678101, 51.571521759, 125.245498657, 8.37995624542, 9.88039016724, -12.7423009872], [-777.361083984, 170.167190552, 23.6667194366, -9.3573589325, 128.533248901, 28.4039363861, 44.843536377, -71.9431304932, 1.22673356533, 8.37995624542, 132.914535522, 6.64520597458, -7.05305337906], [-1.8462780714, -181.908294678, 23.045835495, 11.7065448761, -45.95728302, -9.56062221527, 4.71441841125, 54.5088310242, -3.98342609406, 9.88039016724, 6.64520597458, 105.689735413, 30.245262146], [69.4927902222, -0.21117465198, -44.9789047241, 23.6444549561, -17.1617641449, -4.82382297516, 9.96287727356, 31.1172351837, -3.3964111805, -12.7423009872, -7.05305337906, 30.245262146, 88.0625610352]], "icov": [[0.000203746356419, -0.000647049862891, 0.000373871356715, -0.000561778375413, 0.000322862091707, -0.000681392208207, 0.000810730503872, -0.000464673968963, 0.000801835150924, -0.000683517137077, 0.00134502758738, -0.00102961016819, 0.000670898181852], [-0.000647049862891, 0.0032591400668, -0.00100038701203, 0.00225159944966, -0.00132256816141, 0.00282735843211, -0.00280174403451, 0.00215615867637, -0.00309933279641, 0.00406631827354, -0.00545477680862, 0.00490735238418, -0.00279834191315], [0.000373871356715, -0.00100038701203, 0.00221595703624, -0.000996193732135, 0.0008314732695, -0.00146015675273, 0.0010016822489, 0.000351861148374, -0.000316476012813, -0.000351271417458, 0.00263870274648, -0.00282024592161, 0.00206318870187], [-0.000561778375413, 0.00225159944966, -0.000996193732135, 0.00422571506351, -0.00133196264505, 0.00173862313386, -0.00137224490754, 0.00184701511171, -0.00267864740454, 0.00294399517588, -0.00377586553805, 0.0029811093118, -0.00286003760993], [0.000322862091707, -0.00132256816141, 0.0008314732695, -0.00133196264505, 0.00331726740114, -0.00133805803489, 0.000627245812211, 0.000541810353752, 0.000685509352479, -0.00090584019199, 0.000701550452504, -0.00160715018865, 0.00133865885437], [-0.000681392208207, 0.00282735843211, -0.00146015675273, 0.00173862313386, -0.00133805803489, 0.00787137728184, -0.00486540747806, 0.00352383474819, -0.000692327332217, 0.00200636731461, -0.00454963278025, 0.00438336562365, -0.00279867532663], [0.000810730503872, -0.00280174403451, 0.0010016822489, -0.00137224490754, 0.000627245812211, -0.00486540747806, 0.0116659374908, -0.00287092081271, 0.00170527433511, -0.00139074900653, 0.00337295932695, -0.00452036783099, 0.00147114042193], [-0.000464673968963, 0.00215615867637, 0.000351861148374, 0.00184701511171, 0.000541810353752, 0.00352383474819, -0.00287092081271, 0.009984430857, -0.00587386172265, 0.000398901378503, -0.00041709234938, -0.000448723207228, -0.0028970784042], [0.000801835150924, -0.00309933279641, -0.000316476012813, -0.00267864740454, 0.000685509352479, -0.000692327332217, 0.00170527433511, -0.00587386172265, 0.0147068547085, -0.00684346957132, 0.00475580850616, -0.00155405933037, 0.0023873122409], [-0.000683517137077, 0.00406631827354, -0.000351271417458, 0.00294399517588, -0.00090584019199, 0.00200636731461, -0.00139074900653, 0.000398901378503, -0.00684346957132, 0.0168547332287, -0.00911560468376, 0.00536989420652, -0.000870482355822], [0.00134502758738, -0.00545477680862, 0.00263870274648, -0.00377586553805, 0.000701550452504, -0.00454963278025, 0.00337295932695, -0.00041709234938, 0.00475580850616, -0.00911560468376, 0.0219658836722, -0.0114906383678, 0.00551054859534], [-0.00102961016819, 0.00490735238418, -0.00282024592161, 0.0029811093118, -0.00160715018865, 0.00438336562365, -0.00452036783099, -0.000448723207228, -0.00155405933037, 0.00536989420652, -0.0114906383678, 0.0208049528301, -0.00816849153489], [0.000670898181852, -0.00279834191315, 0.00206318870187, -0.00286003760993, 0.00133865885437, -0.00279867532663, 0.00147114042193, -0.0028970784042, 0.0023873122409, -0.000870482355822, 0.00551054859534, -0.00816849153489, 0.0168189164251]]}, "melbands": {"dmean": [0.00160861061886, 0.00187108700629, 0.00125116645359, 0.00057122396538, 0.000183171374374, 0.000147138882312, 6.2524472014e-05, 0.000117561525258, 7.37539085094e-05, 8.99789374671e-05, 4.21708355134e-05, 5.03239680256e-05, 5.63449757465e-05, 3.26760819007e-05, 3.73011353076e-05, 4.15650829382e-05, 2.29752313317e-05, 2.84148518404e-05, 1.67178804986e-05, 1.65493456734e-05, 2.08515775739e-05, 2.51985729847e-05, 1.22460369312e-05, 8.34909315017e-06, 8.92143543751e-06, 7.11354095984e-06, 3.92518677472e-06, 3.31858996105e-06, 3.50636832991e-06, 3.05383900923e-06, 3.42904468198e-06, 2.00186968868e-06, 1.85413318832e-06, 1.38526036153e-06, 1.06094626062e-06, 8.09734274299e-07, 5.74572084133e-07, 4.56252138292e-07, 3.85465085628e-07, 2.60176165057e-07], "dmean2": [0.00255655543879, 0.0032426789403, 0.00207968289033, 0.000960831181146, 0.000297158461763, 0.000225662486628, 9.19244630495e-05, 0.000175078035682, 0.000106244850031, 0.000127430015709, 6.0684455093e-05, 7.30338870198e-05, 8.10248311609e-05, 4.75363922305e-05, 5.26652438566e-05, 6.08143636782e-05, 3.51980306732e-05, 4.46891936008e-05, 2.71112094197e-05, 2.77371891571e-05, 3.1828887586e-05, 3.93369373342e-05, 1.99706355488e-05, 1.3503567061e-05, 1.40705324156e-05, 1.15594630188e-05, 6.517552265e-06, 5.56696750209e-06, 6.09516337136e-06, 5.26489657204e-06, 6.17880459686e-06, 3.48201729139e-06, 3.23962876791e-06, 2.38434131461e-06, 1.68717519955e-06, 1.28301257973e-06, 8.78452226516e-07, 6.55395297144e-07, 5.68432085402e-07, 3.81015240691e-07], "dvar": [9.02908959688e-06, 1.1630064364e-05, 3.08908306579e-06, 1.60840204444e-06, 1.04055224881e-07, 7.44835801925e-08, 1.17182326065e-08, 4.39599112667e-08, 2.42938931194e-08, 4.74100971815e-08, 8.35073521444e-09, 1.60962141393e-08, 1.33737527719e-08, 6.5773346769e-09, 1.0616457935e-08, 1.31461010966e-08, 3.99744948254e-09, 3.11735948166e-09, 6.86673606864e-10, 1.29188482134e-09, 4.49476278419e-09, 7.49738138239e-09, 1.49218237766e-09, 3.77543690755e-10, 8.07114264312e-10, 9.60125534633e-10, 5.57019014247e-11, 5.76115960493e-11, 7.23085410992e-11, 5.25217057346e-11, 7.43644798518e-11, 2.30983513566e-11, 2.79775352191e-11, 9.03111526535e-12, 5.72705511487e-12, 2.39193799316e-12, 1.31034723003e-12, 8.9341853143e-13, 7.46678326807e-13, 2.55406074979e-13], "dvar2": [2.08291730814e-05, 3.27889065375e-05, 7.98151449999e-06, 4.37941025666e-06, 2.79880566723e-07, 1.72092867956e-07, 2.39311592765e-08, 1.00348593435e-07, 4.87223736911e-08, 8.99917438346e-08, 1.98854515077e-08, 3.55186031697e-08, 2.8232731708e-08, 1.28542749778e-08, 1.81978645486e-08, 2.67398512221e-08, 8.81173978229e-09, 7.38147587498e-09, 1.70412406408e-09, 3.35737593282e-09, 9.21942522325e-09, 1.71354486156e-08, 3.56399643131e-09, 9.26562437886e-10, 1.91349691647e-09, 2.31757879554e-09, 1.48810741507e-10, 1.55817012071e-10, 1.98693603237e-10, 1.46220618946e-10, 2.1149780538e-10, 6.37815356086e-11, 7.90762733072e-11, 2.43910482089e-11, 1.41021135741e-11, 5.59734637112e-12, 2.70420491555e-12, 1.70916124136e-12, 1.58488142315e-12, 5.26997282618e-13], "max": [0.032330263406, 0.0374448187649, 0.0293212644756, 0.0163452364504, 0.0077255629003, 0.00638908986002, 0.00314343511127, 0.00482264580205, 0.00481633655727, 0.00617641117424, 0.00295163271949, 0.00314429984428, 0.00408571213484, 0.00204287166707, 0.00335139338858, 0.00417800014839, 0.00237037427723, 0.00147909019142, 0.000601958716288, 0.000980598968454, 0.00175748218317, 0.00201941188425, 0.00106260541361, 0.000504483236, 0.000643665553071, 0.00113242212683, 0.000123310397612, 0.000133194218506, 0.000127811479615, 0.000110395143565, 0.000100615354313, 7.53229833208e-05, 7.72234852775e-05, 4.00783428631e-05, 4.09227213822e-05, 2.53413545579e-05, 2.93154753308e-05, 1.90618247871e-05, 2.55900249613e-05, 1.78686077561e-05], "mean": [0.00332689122297, 0.00493529718369, 0.00390744348988, 0.00131500465795, 0.000521646579728, 0.000537779298611, 0.000181108800462, 0.000287684728391, 0.000197648550966, 0.000238182197791, 0.000112558627734, 0.000112158588308, 0.000126867031213, 6.77911593812e-05, 7.19584350009e-05, 7.59884642321e-05, 4.77117719129e-05, 6.38344718027e-05, 3.77311407647e-05, 3.02356038446e-05, 3.70271845895e-05, 4.17448136432e-05, 2.09812405956e-05, 1.5216985048e-05, 1.57967679115e-05, 1.14348968054e-05, 7.47067406337e-06, 5.54460211788e-06, 4.61262743556e-06, 3.84592112823e-06, 3.49428501067e-06, 2.4214732548e-06, 2.08493452192e-06, 1.68321059846e-06, 1.51389053826e-06, 1.30054900183e-06, 9.68377662502e-07, 7.87843077887e-07, 6.26311475571e-07, 3.95144951426e-07], "median": [0.00167518435046, 0.00409578718245, 0.00363909523003, 0.0010058931075, 0.000331417511916, 0.000169729857589, 8.81475716596e-05, 0.000125864869915, 8.6255473434e-05, 5.04740746692e-05, 5.63182220503e-05, 3.32887429977e-05, 5.66983435419e-05, 2.69920910796e-05, 2.60928918578e-05, 2.48625547101e-05, 1.69783525052e-05, 2.82907039946e-05, 2.29689067055e-05, 1.53978980961e-05, 1.13090000013e-05, 8.59680767462e-06, 7.62820673117e-06, 7.6315491242e-06, 6.17431578576e-06, 4.72998544865e-06, 4.49682374892e-06, 3.08158996631e-06, 1.89029549347e-06, 1.52373411311e-06, 1.12793497919e-06, 8.33904778119e-07, 5.82798747928e-07, 4.82399684643e-07, 5.39822281098e-07, 5.24715062511e-07, 3.51271097543e-07, 2.64744556944e-07, 2.29237201665e-07, 1.35871516704e-07], "min": [1.48436051674e-24, 9.13163295778e-25, 1.14102103509e-24, 1.55930378185e-24, 1.14312167307e-24, 1.36880807274e-24, 2.03024398011e-24, 1.52632259209e-24, 6.63964403794e-25, 1.68772116671e-24, 2.44809729072e-24, 1.48425678153e-24, 2.76162591598e-24, 2.78797781452e-24, 2.84964957958e-24, 1.95205662314e-24, 2.41846491411e-24, 3.30240229385e-24, 3.04121873118e-24, 3.77021515167e-24, 3.61971232386e-24, 2.94826153147e-24, 4.64109550293e-24, 4.02533395171e-24, 3.48945245575e-24, 4.71097359077e-24, 5.51555373282e-24, 4.07180377548e-24, 4.40746921825e-24, 4.79932798431e-24, 4.74940768293e-24, 4.66487177061e-24, 4.92422478156e-24, 5.86762274925e-24, 5.9745418009e-24, 4.8047652081e-24, 6.19991896709e-24, 6.00064205281e-24, 5.94435367178e-24, 6.39534781788e-24], "var": [1.76545854629e-05, 1.4187884517e-05, 6.08128812019e-06, 1.79304004178e-06, 3.50169841568e-07, 6.50130516533e-07, 7.09793894771e-08, 1.98358378611e-07, 9.5662855415e-08, 2.38686368448e-07, 2.72865605666e-08, 5.48734711003e-08, 4.60759856935e-08, 1.98258724993e-08, 3.27163895975e-08, 3.10074632637e-08, 1.03575716892e-08, 1.12571534316e-08, 2.36008057541e-09, 2.08880335251e-09, 8.9646041701e-09, 1.33466970809e-08, 2.33108954362e-09, 6.25678009403e-10, 1.26811083856e-09, 1.14368603477e-09, 9.21390394537e-11, 6.85256920652e-11, 6.91697255029e-11, 5.14176513866e-11, 5.55555566828e-11, 2.16772069045e-11, 2.20990014482e-11, 9.52493032363e-12, 7.76768666749e-12, 4.60138264297e-12, 3.08338445922e-12, 2.19724889325e-12, 1.51383712423e-12, 5.03958203293e-13]}, "mfcc": {"mean": [-651.946838379, 138.374313354, 9.25674819946, 32.1528511047, 16.8520641327, 14.0800361633, 6.32835102081, 7.29836130142, 0.684710860252, 4.1039185524, -1.70722091198, -0.516332626343, -3.17118048668], "cov": [[14354.5419922, 32.9501838684, -1066.2767334, 223.122512817, -393.482269287, -440.742279053, -273.580810547, 52.7288208008, 226.954788208, 259.8722229, -369.976287842, -439.671508789, -182.674484253], [32.9501838684, 1901.56262207, -10.9709682465, 55.5776176453, 238.138198853, 166.098999023, 188.746856689, 35.9653663635, -76.3431396484, -11.6396884918, 59.3449783325, 33.2561302185, -14.8255271912], [-1066.2767334, -10.9709682465, 844.227722168, 33.3018875122, -1.57742571831, 119.293708801, -19.9132137299, 47.669303894, -3.88572692871, -63.8799781799, 13.0616350174, 29.936498642, 33.438331604], [223.122512817, 55.5776176453, 33.3018875122, 357.792877197, 115.591567993, 9.64664363861, -13.3195419312, 23.7235488892, 20.3071231842, -26.6621780396, -4.79145526886, 44.3725280762, 18.2302875519], [-393.482269287, 238.138198853, -1.57742571831, 115.591567993, 313.097930908, 181.603240967, 94.2942962646, 3.49681186676, -55.0289306641, -37.5214233398, 44.9444389343, 56.0124359131, -19.5843925476], [-440.742279053, 166.098999023, 119.293708801, 9.64664363861, 181.603240967, 399.829925537, 194.573074341, 10.4685783386, -83.4661483765, -76.2900238037, 32.1080589294, 51.2186431885, -37.4276046753], [-273.580810547, 188.746856689, -19.9132137299, -13.3195419312, 94.2942962646, 194.573074341, 204.31980896, 34.9344787598, -65.443359375, -50.7237091064, 4.5969376564, 23.5543823242, -19.8625545502], [52.7288208008, 35.9653663635, 47.669303894, 23.7235488892, 3.49681186676, 10.4685783386, 34.9344787598, 108.652641296, 39.9359931946, -28.6577835083, -19.598531723, 10.2665500641, 22.8813552856], [226.954788208, -76.3431396484, -3.88572692871, 20.3071231842, -55.0289306641, -83.4661483765, -65.443359375, 39.9359931946, 125.005737305, 53.1472434998, -24.2090492249, -22.8076171875, 19.6184482574], [259.8722229, -11.6396884918, -63.8799781799, -26.6621780396, -37.5214233398, -76.2900238037, -50.7237091064, -28.6577835083, 53.1472434998, 132.188674927, 28.8876399994, -47.2705688477, -20.3358402252], [-369.976287842, 59.3449783325, 13.0616350174, -4.79145526886, 44.9444389343, 32.1080589294, 4.5969376564, -19.598531723, -24.2090492249, 28.8876399994, 109.514396667, 54.1024284363, -16.6462936401], [-439.671508789, 33.2561302185, 29.936498642, 44.3725280762, 56.0124359131, 51.2186431885, 23.5543823242, 10.2665500641, -22.8076171875, -47.2705688477, 54.1024284363, 137.573013306, 47.9331626892], [-182.674484253, -14.8255271912, 33.438331604, 18.2302875519, -19.5843925476, -37.4276046753, -19.8625545502, 22.8813552856, 19.6184482574, -20.3358402252, -16.6462936401, 47.9331626892, 102.747459412]], "icov": [[0.000104812126665, -3.3209729736e-05, 0.000144454155816, -0.000130908170831, 0.000158530732733, -0.000144233868923, 0.000293988501653, -0.000283130968455, 0.000201189512154, -0.000286101683741, 0.000412947672885, 8.63100103743e-06, 0.00022316572722], [-3.3209729736e-05, 0.000641832011752, -8.26637478895e-05, 1.86698780453e-05, -0.000463320000563, 0.000257397798123, -0.000694842659868, -5.46747687622e-05, 0.000110385146399, -0.000101797792013, -0.000400560646085, 0.000197146800929, -0.00025763278245], [0.000144454155816, -8.26637478895e-05, 0.00171002128627, -0.00033830353641, 0.000678289798088, -0.00139178964309, 0.0017958113458, -0.0013516220497, 0.00058190402342, 0.000217594846617, -0.000161028001457, 0.000614766962826, -0.000362060236512], [-0.000130908170831, 1.86698780453e-05, -0.00033830353641, 0.00382590387017, -0.00202713464387, 0.00067172391573, 0.00025592854945, 9.59919489105e-05, -0.00115094752982, 0.000667152984533, 0.000651602167636, -0.00133533438202, 0.000167950187461], [0.000158530732733, -0.000463320000563, 0.000678289798088, -0.00202713464387, 0.00615430576727, -0.00258912099525, 0.000771705294028, -0.000820505782031, 0.00136618281249, -0.000560928194318, -0.00053875928279, -0.000479119713418, 0.000680104771163], [-0.000144233868923, 0.000257397798123, -0.00139178964309, 0.00067172391573, -0.00258912099525, 0.00726728048176, -0.00651852693409, 0.00279384059832, -0.00187540403567, 0.00231133820489, -0.00121206277981, -0.000681992969476, 0.00132324395236], [0.000293988501653, -0.000694842659868, 0.0017958113458, 0.00025592854945, 0.000771705294028, -0.00651852693409, 0.0149859990925, -0.00785849522799, 0.00702541368082, -0.00307621248066, 0.00387083063833, -0.00114251929335, 0.00142209313344], [-0.000283130968455, -5.46747687622e-05, -0.0013516220497, 9.59919489105e-05, -0.000820505782031, 0.00279384059832, -0.00785849522799, 0.0180925223976, -0.0111744040623, 0.00759321218356, -0.00326928775758, 0.00153355719522, -0.0023839995265], [0.000201189512154, 0.000110385146399, 0.00058190402342, -0.00115094752982, 0.00136618281249, -0.00187540403567, 0.00702541368082, -0.0111744040623, 0.0201759673655, -0.0113587984815, 0.00701492326334, -0.00272436789237, 0.000119255775644], [-0.000286101683741, -0.000101797792013, 0.000217594846617, 0.000667152984533, -0.000560928194318, 0.00231133820489, -0.00307621248066, 0.00759321218356, -0.0113587984815, 0.0200972706079, -0.0124017884955, 0.0088627608493, -0.00226049567573], [0.000412947672885, -0.000400560646085, -0.000161028001457, 0.000651602167636, -0.00053875928279, -0.00121206277981, 0.00387083063833, -0.00326928775758, 0.00701492326334, -0.0124017884955, 0.023295013234, -0.0134903425351, 0.00781882368028], [8.63100103743e-06, 0.000197146800929, 0.000614766962826, -0.00133533438202, -0.000479119713418, -0.000681992969476, -0.00114251929335, 0.00153355719522, -0.00272436789237, 0.0088627608493, -0.0134903425351, 0.0193801540881, -0.00977389048785], [0.00022316572722, -0.00025763278245, -0.000362060236512, 0.000167950187461, 0.000680104771163, 0.00132324395236, 0.00142209313344, -0.0023839995265, 0.000119255775644, -0.00226049567573, 0.00781882368028, -0.00977389048785, 0.0169539190829]]}, "spectral_contrast_coeffs": {"dmean": [0.0445618256927, 0.0403443984687, 0.0354559160769, 0.0302956365049, 0.0227066781372, 0.0219423640519], "dmean2": [0.0742847397923, 0.0658423826098, 0.0570081956685, 0.0485611483455, 0.035956967622, 0.0352720022202], "dvar": [0.0015374023933, 0.00122305494733, 0.000916820659768, 0.00069673411781, 0.000412640569266, 0.000600243918598], "dvar2": [0.00412550522014, 0.00307108811103, 0.00228759995662, 0.00167653337121, 0.000951329246163, 0.00148614740465], "max": [-0.275701552629, -0.433058261871, -0.39186835289, -0.421344280243, -0.559369444847, -0.560879647732], "mean": [-0.599894940853, -0.699123799801, -0.730630576611, -0.745708763599, -0.781550347805, -0.774955272675], "median": [-0.590655624866, -0.696538388729, -0.728060662746, -0.74546277523, -0.779759883881, -0.772720575333], "min": [-0.980726420879, -0.977216243744, -0.975272595882, -0.973711907864, -0.968721568584, -0.965172290802], "var": [0.00775634497404, 0.00629377644509, 0.00568855274469, 0.00445735314861, 0.0024115818087, 0.0019797089044]}, "spectral_contrast_valleys": {"dmean": [0.330292105675, 0.349605292082, 0.327396869659, 0.299592584372, 0.310123801231, 0.419942229986], "dmean2": [0.552682518959, 0.577049314976, 0.534089922905, 0.47208148241, 0.450288802385, 0.55474871397], "dvar": [0.0934322178364, 0.133945539594, 0.119695745409, 0.12195597589, 0.193671777844, 0.313077479601], "dvar2": [0.237138077617, 0.319765359163, 0.278905451298, 0.261165440083, 0.383497834206, 0.626613140106], "max": [-5.02559566498, -5.00087404251, -5.15315675735, -6.00170612335, 