{"lowlevel": {"average_loudness": 0.949622750282, "barkbands_crest": {"dmean": 2.88679218292, "dmean2": 4.52074718475, "dvar": 9.47312355042, "dvar2": 20.0102901459, "max": 26.6232776642, "mean": 13.8975458145, "median": 12.4626665115, "min": 2.22090244293, "var": 45.4743385315}, "barkbands_flatness_db": {"dmean": 0.027963520959, "dmean2": 0.0430582426488, "dvar": 0.00102774985135, "dvar2": 0.002337096259, "max": 0.430506676435, "mean": 0.150201559067, "median": 0.13277810812, "min": 0.0152906756848, "var": 0.00519981235266}, "barkbands_kurtosis": {"dmean": 11.7471952438, "dmean2": 18.190776825, "dvar": 1348.05029297, "dvar2": 3187.25610352, "max": 708.411376953, "mean": 17.2271137238, "median": 2.50676679611, "min": -1.92580592632, "var": 2582.89208984}, "barkbands_skewness": {"dmean": 0.96050298214, "dmean2": 1.44290781021, "dvar": 1.93727362156, "dvar2": 4.08461046219, "max": 24.7054576874, "mean": 2.62536597252, "median": 1.6985669136, "min": -1.61624443531, "var": 8.01184368134}, "barkbands_spread": {"dmean": 6.3442325592, "dmean2": 10.5997648239, "dvar": 93.8607788086, "dvar2": 248.077896118, "max": 118.983276367, "mean": 20.5616054535, "median": 18.5122375488, "min": 0.269759654999, "var": 242.009216309}, "dissonance": {"dmean": 0.016816617921, "dmean2": 0.0284622721374, "dvar": 0.000311346229864, "dvar2": 0.000803411530796, "max": 0.500000119209, "mean": 0.469728320837, "median": 0.477997004986, "min": 0.287816256285, "var": 0.000779699243139}, "dynamic_complexity": 4.61958837509, "erbbands_crest": {"dmean": 2.3674428463, "dmean2": 3.70961689949, "dvar": 5.5272359848, "dvar2": 13.5675163269, "max": 25.4730052948, "mean": 8.12734222412, "median": 7.11503410339, "min": 2.07209062576, "var": 16.1197013855}, "erbbands_flatness_db": {"dmean": 0.014961052686, "dmean2": 0.0222376789898, "dvar": 0.000379733071895, "dvar2": 0.000781572656706, "max": 0.403693288565, "mean": 0.129927933216, "median": 0.125742137432, "min": 0.0290007777512, "var": 0.00255483435467}, "erbbands_kurtosis": {"dmean": 0.7179505229, "dmean2": 1.14406871796, "dvar": 2.08675217628, "dvar2": 5.61691665649, "max": 58.6208152771, "mean": 0.217817157507, "median": -0.174429774284, "min": -1.8366676569, "var": 3.67316150665}, "erbbands_skewness": {"dmean": 0.312165111303, "dmean2": 0.490766525269, "dvar": 0.110968776047, "dvar2": 0.287623286247, "max": 6.24045944214, "mean": 0.213720232248, "median": 0.150623574853, "min": -1.99845063686, "var": 0.377700924873}, "erbbands_spread": {"dmean": 8.85663986206, "dmean2": 13.6306724548, "dvar": 107.142974854, "dvar2": 244.758987427, "max": 164.386703491, "mean": 42.6142997742, "median": 35.2587280273, "min": 2.04124879837, "var": 481.242156982}, "hfc": {"dmean": 8.77097702026, "dmean2": 12.6859035492, "dvar": 452.434448242, "dvar2": 990.921081543, "max": 227.485656738, "mean": 17.5960006714, "median": 10.9140262604, "min": 6.72584832273e-09, "var": 754.381103516}, "melbands_crest": {"dmean": 3.10394215584, "dmean2": 4.74053668976, "dvar": 10.0973443985, "dvar2": 20.1488037109, "max": 38.5579872131, "mean": 17.9143810272, "median": 16.5900650024, "min": 2.5656170845, "var": 54.9893455505}, "melbands_flatness_db": {"dmean": 0.0339212752879, "dmean2": 0.0525979474187, "dvar": 0.00157175993081, "dvar2": 0.00359685346484, "max": 0.568604290485, "mean": 0.234921678901, "median": 0.212126404047, "min": 0.0102680213749, "var": 0.00803882628679}, "melbands_kurtosis": {"dmean": 22.8362293243, "dmean2": 34.588924408, "dvar": 2443.43969727, "dvar2": 5549.56591797, "max": 1022.97998047, "mean": 41.7102432251, "median": 10.7587223053, "min": -1.22114813328, "var": 7258.51220703}, "melbands_skewness": {"dmean": 1.23017406464, "dmean2": 1.83328509331, "dvar": 2.43755912781, "dvar2": 5.17031764984, "max": 27.5768184662, "mean": 4.11473274231, "median": 2.96334028244, "min": -1.60819518566, "var": 11.8071632385}, "melbands_spread": {"dmean": 6.42319011688, "dmean2": 10.5130243301, "dvar": 106.210884094, "dvar2": 279.907531738, "max": 175.053314209, "mean": 18.579750061, "median": 15.8560123444, "min": 0.352355182171, "var": 246.403305054}, "pitch_salience": {"dmean": 0.0816448777914, "dmean2": 0.121988229454, "dvar": 0.00673067942262, "dvar2": 0.0138061689213, "max": 0.872137069702, "mean": 0.435895889997, "median": 0.471238076687, "min": 0.0338053181767, "var": 0.032655723393}, "silence_rate_20dB": {"dmean": 0, "dmean2": 0, "dvar": 0, "dvar2": 0, "max": 1, "mean": 1, "median": 1, "min": 1, "var": 0}, "silence_rate_30dB": {"dmean": 0.0893335193396, "dmean2": 0.178692221642, "dvar": 0.0813597142696, "dvar2": 0.159727081656, "max": 1, "mean": 0.851648330688, "median": 1, "min": 0, "var": 0.126348152757}, "silence_rate_60dB": {"dmean": 0.034944344312, "dmean2": 0.0697576105595, "dvar": 0.0337229184806, "dvar2": 0.0679847821593, "max": 1, "mean": 0.161735698581, "median": 0, "min": 0, "var": 0.135589897633}, "spectral_centroid": {"dmean": 278.527923584, "dmean2": 464.373901367, "dvar": 142088.390625, "dvar2": 400570.09375, "max": 4242.91748047, "mean": 1388.16552734, "median": 1367.56103516, "min": 136.691757202, "var": 371554.96875}, "spectral_complexity": {"dmean": 4.11413288116, "dmean2": 6.23308897018, "dvar": 37.5164451599, "dvar2": 74.3731994629, "max": 63, "mean": 17.1277828217, "median": 17, "min": 0, "var": 147.513427734}, "spectral_decrease": {"dmean": 5.22934051617e-09, "dmean2": 8.32970581399e-09, "dvar": 8.30357449326e-17, "dvar2": 1.98920076069e-16, "max": -8.82511176091e-20, "mean": -1.03617763259e-08, "median": -5.20086862466e-09, "min": -6.85802845624e-08, "var": 1.62378968846e-16}, "spectral_energy": {"dmean": 0.0201047118753, "dmean2": 0.031684178859, "dvar": 0.00120252394117, "dvar2": 0.00282992282882, "max": 0.263793230057, "mean": 0.0407038554549, "median": 0.0208308808506, "min": 9.4313478468e-13, "var": 0.00244165072218}, "spectral_energyband_high": {"dmean": 0.00069896603236, "dmean2": 0.0011115197558, "dvar": 4.55866438642e-06, "dvar2": 1.12570951387e-05, "max": 0.0223162006587, "mean": 0.000931796501391, "median": 0.000223703478696, "min": 4.83651421863e-13, "var": 5.55613905817e-06}, "spectral_energyband_low": {"dmean": 0.0186475552619, "dmean2": 0.0300194453448, "dvar": 0.0011118754046, "dvar2": 0.00272590224631, "max": 0.246592491865, "mean": 0.0317008048296, "median": 0.0109580280259, "min": 1.79021985495e-13, "var": 0.00204950664192}, "spectral_energyband_middle_high": {"dmean": 0.00134756392799, "dmean2": 0.00212949654087, "dvar": 5.29868020749e-06, "dvar2": 1.26256563817e-05, "max": 0.0243544429541, "mean": 0.00370115367696, "median": 0.0027124597691, "min": 8.99618988787e-14, "var": 1.42736043927e-05}, "spectral_energyband_middle_low": {"dmean": 0.00455668056384, "dmean2": 0.0080715212971, "dvar": 0.000146826467244, "dvar2": 0.000403256679419, "max": 0.100236661732, "mean": 0.00605939887464, "median": 0.00384156475775, "min": 1.7051887246e-13, "var": 0.000103926635347}, "spectral_entropy": {"dmean": 0.15754853189, "dmean2": 0.253324657679, "dvar": 0.0504123866558, "dvar2": 0.129102751613, "max": 8.70551967621, "mean": 7.68595790863, "median": 7.68956947327, "min": 5.57290077209, "var": 0.195993453264}, "spectral_flux": {"dmean": 0.0403979830444, "dmean2": 0.0608882308006, "dvar": 0.00375027488917, "dvar2": 0.00684428866953, "max": 0.518549025059, "mean": 0.0904164016247, "median": 0.0609229505062, "min": 2.22595390369e-05, "var": 0.00828938838094}, "spectral_kurtosis": {"dmean": 1.51876664162, "dmean2": 2.5457971096, "dvar": 8.59915542603, "dvar2": 22.470741272, "max": 86.9502716064, "mean": 4.95522928238, "median": 4.40588188171, "min": -0.382281780243, "var": 19.2408428192}, "spectral_rms": {"dmean": 0.0012726073619, "dmean2": 0.00191621901467, "dvar": 3.34733726959e-06, "dvar2": 6.89815624355e-06, "max": 0.0160424206406, "mean": 0.00524176424369, "median": 0.00450808275491, "min": 3.03336697982e-08, "var": 1.22349692901e-05}, "spectral_rolloff": {"dmean": 516.461364746, "dmean2": 905.455322266, "dvar": 1223968.125, "dvar2": 3178043, "max": 16257.5683594, "mean": 1166.67333984, "median": 818.26171875, "min": 43.06640625, "var": 2646373}, "spectral_skewness": {"dmean": 0.191824987531, "dmean2": 0.311073988676, "dvar": 0.0678113549948, "dvar2": 0.173964112997, "max": 6.80689573288, "mean": 1.57237434387, "median": 1.53654408455, "min": 0.247904747725, "var": 0.227925598621}, "spectral_spread": {"dmean": 476472.34375, "dmean2": 720355.125, "dvar": 470327885824, "dvar2": 948531560448, "max": 14894214, "mean": 4835144.5, "median": 4237057, "min": 861046.9375, "var": 3553111310340.0}, "spectral_strongpeak": {"dmean": 0.257560938597, "dmean2": 0.450230151415, "dvar": 0.165393993258, "dvar2": 0.461555212736, "max": 3.8017141819, "mean": 0.459441095591, "median": 0.344328641891, "min": 0, "var": 0.19771425426}, "zerocrossingrate": {"dmean": 0.0094236144796, "dmean2": 0.0109450416639, "dvar": 0.000142930803122, "dvar2": 0.00017619576829, "max": 0.49267578125, "mean": 0.0481049902737, "median": 0.0419921875, "min": 0.00244140625, "var": 0.00148657010868}, "barkbands": {"dmean": [0.000291049131192, 0.0133536309004, 0.00935032684356, 0.0030245736707, 0.000963991275057, 0.000464452023152, 0.00043466486386, 0.000187172656297, 0.000377225136617, 0.000399104581447, 0.000363210856449, 0.000211303296965, 0.000139218434924, 0.000203926407266, 0.0001555041963, 0.000140244868817, 0.000156125839567, 0.000154017179739, 0.00014430002193, 0.000131471417262, 0.000125942373415, 0.000181656796485, 8.2369078882e-05, 9.55951472861e-05, 0.000108328626084, 6.12098956481e-05, 2.36886298808e-05], "dmean2": [0.000460292591015, 0.0196838136762, 0.0162254199386, 0.00563748925924, 0.00174866651651, 0.00077672774205, 0.000775651598815, 0.000322748470353, 0.000579581712373, 0.000631352711935, 0.000580893247388, 0.000327597110299, 0.000219900015509, 0.000333133444656, 0.000245896488195, 0.00022661301773, 0.000248244963586, 0.000261264620349, 0.000245545554208, 0.000215048596147, 0.000212136277696, 0.000324425840518, 0.000121796074382, 0.000149838553625, 0.000169916602317, 9.0787812951e-05, 3.73512229999e-05], "dvar": [2.89520386332e-07, 0.000575893966015, 0.000740053888876, 8.99758888409e-05, 7.63273874327e-06, 7.79699348641e-07, 8.63322384248e-07, 2.55731663401e-07, 6.42495535885e-07, 5.08469895522e-07, 6.6396614784e-07, 1.92048176473e-07, 7.09507119723e-08, 1.51008720195e-07, 6.77762983514e-08, 5.62834578943e-08, 5.6874362997e-08, 1.20842102547e-07, 1.33943657943e-07, 8.20558483383e-08, 1.3931926901e-07, 4.78117271996e-07, 5.2552135088e-08, 9.53441698925e-08, 1.14953600416e-07, 3.93947878763e-08, 7.89996690287e-09], "dvar2": [6.95345363511e-07, 0.00126330251805, 0.00194325426128, 0.000254626385868, 2.18331788346e-05, 2.22966809815e-06, 2.57578312812e-06, 6.89383341523e-07, 1.63743732173e-06, 1.30248781716e-06, 1.87669627394e-06, 4.10507055904e-07, 1.67388762407e-07, 3.95773696482e-07, 1.62061851938e-07, 1.35945057878e-07, 1.39824578582e-07, 3.32531470804e-07, 3.6897370137e-07, 2.10333396922e-07, 3.7285082044e-07, 1.34446020184e-06, 1.20263749182e-07, 2.34881738947e-07, 2.61512127508e-07, 8.18215752929e-08, 1.89128925854e-08], "max": [0.00946812331676, 0.232489779592, 0.177389249206, 0.0774935334921, 0.0271352790296, 0.0142563581467, 0.00938225723803, 0.0125952968374, 0.00994684919715, 0.00824269186705, 0.0142238019034, 0.00695048971102, 0.00397144490853, 0.00459266919643, 0.00296533480287, 0.00272987759672, 0.00233385711908, 0.00400881003588, 0.00338742183521, 0.00297519518062, 0.00353023200296, 0.00704457750544, 0.00260575162247, 0.00458684330806, 0.0036675229203, 0.00241338601336, 0.001099448069], "mean": [0.000491456885356, 0.0224052853882, 0.00717381713912, 0.00234754174016, 0.00102650164627, 0.000841571833007, 0.000631956383586, 0.000253776001045, 0.000864523171913, 0.000900272454601, 0.000607286172453, 0.000353316019755, 0.000232928607147, 0.000339213671396, 0.000253735284787, 0.000237256928813, 0.000276691367617, 0.000223041526624, 0.000204165189643, 0.000197607878363, 0.000155149711645, 0.000171672800207, 0.000118805692182, 0.000135590307764, 0.000144462959724, 8.28105185064e-05, 3.33199932356e-05], "median": [9.25668500713e-05, 0.00652971398085, 0.000974866910838, 0.000454564462416, 0.000435133377323, 0.000529958459083, 0.000344872882124, 9.48264059843e-05, 0.000305712368572, 0.000246754992986, 0.00020923394186, 0.000151861313498, 0.000131600914756, 0.000168771337485, 0.000142322271131, 0.000152905166033, 0.000175843815668, 0.000117163981486, 0.000105438302853, 0.00010138910875, 4.53358188679e-05, 3.35182121489e-05, 2.61319873971e-05, 2.10837060877e-05, 1.44421737787e-05, 4.98419149153e-06, 7.23191078578e-06], "min": [3.15637612076e-14, 1.03165434908e-13, 2.81846350729e-14, 5.4373890915e-14, 6.22685158102e-14, 3.37524231925e-14, 1.08343526886e-14, 3.36927260045e-15, 4.44557703773e-15, 8.34161519291e-15, 1.46849297384e-15, 9.66356087897e-15, 8.56757817225e-15, 5.391229184e-15, 1.00351449156e-14, 9.222733593e-15, 1.32297068062e-14, 7.92237115347e-15, 1.39330643309e-14, 1.03238425431e-14, 3.09714378438e-14, 3.97084573339e-14, 3.99484454848e-14, 4.62194369691e-14, 7.97061459261e-14, 1.18901592673e-13, 1.33817246563e-13], "var": [8.57689201439e-07, 0.0011859301012, 0.000535218627192, 5.3433184803e-05, 5.17230637342e-06, 9.96960238808e-07, 7.74600891873e-07, 3.67032271242e-07, 1.83539521004e-06, 2.04745651899e-06, 1.35076049901e-06, 4.24632105478e-07, 1.21517757634e-07, 2.48829877592e-07, 1.20627760225e-07, 8.65595950472e-08, 1.04481053143e-07, 1.28455909021e-07, 1.31085016619e-07, 9.88127837331e-08, 1.3328070736e-07, 3.45306943927e-07, 7.86899931882e-08, 1.24057834228e-07, 1.72608807247e-07, 6.90426915639e-08, 1.06692343849e-08]}, "erbbands": {"dmean": [0.406962275505, 3.02706956863, 8.1857919693, 13.0912904739, 5.24144172668, 2.73331570625, 2.42160797119, 4.24427223206, 5.99379634857, 5.67195701599, 4.29104280472, 7.80292034149, 11.34623909, 11.156504631, 11.8693752289, 7.82976007462, 7.13120651245, 7.76565933228, 8.65298652649, 7.70104026794, 8.27430534363, 9.17374229431, 8.47720623016, 6.64250946045, 8.15086269379, 6.42127132416, 5.63925886154, 5.43459272385, 6.76655912399, 2.57707285881, 2.64694285393, 2.04497146606, 1.70198738575, 1.2099199295, 0.739794194698, 0.36228081584, 0.094439342618, 0.0210197884589, 0.00420012511313, 0.000238484033616], "dmean2": [0.618535637856, 4.35072898865, 13.687245369, 23.848657608, 9.50221538544, 4.93183517456, 4.00146341324, 7.17108392715, 10.6581449509, 9.97040557861, 6.838285923, 11.7985057831, 17.8902378082, 17.1039962769, 19.0553417206, 12.3613643646, 11.0691986084, 12.9777336121, 13.4498291016, 12.3228874207, 13.1747589111, 14.6768865585, 14.1324081421, 11.1922950745, 14.0394144058, 10.5766782761, 9.50947952271, 9.38886165619, 11.9422903061, 4.23449850082, 3.99104547501, 3.17131018639, 2.72990369797, 1.91223704815, 1.10829925537, 0.557830691338, 0.140471532941, 0.0312753431499, 0.0066919834353, 0.00037125457311], "dvar": [0.47226446867, 30.4533920288, 472.840698242, 1634.46826172, 244.049133301, 60.1689605713, 18.2661323547, 68.5074920654, 146.126434326, 188.595321655, 111.385307312, 284.457336426, 364.917541504, 308.048339844, 659.161743164, 263.971282959, 177.836624146, 289.441619873, 189.791748047, 179.172790527, 192.027053833, 209.889801025, 384.247924805, 204.709091187, 537.817749023, 200.507919312, 290.219818115, 298.514343262, 629.31427002, 58.2896766663, 60.1005325317, 39.9607810974, 31.1440486908, 13.1761493683, 5.54269695282, 1.47470426559, 0.0929194763303, 0.00602860702202, 0.000247054646024, 6.44045144327e-07], "dvar2": [1.12937915325, 64.6871643066, 1226.13220215, 4505.37939453, 686.280639648, 173.51701355, 51.1214332581, 195.669006348, 442.630096436, 543.186096191, 277.066314697, 686.498352051, 931.778930664, 758.91192627, 1804.95275879, 586.493591309, 399.0440979, 793.311401367, 439.847564697, 445.961090088, 463.602844238, 506.135406494, 1040.78552246, 536.549377441, 1510.79260254, 517.5078125, 773.959472656, 827.119018555, 1747.67724609, 140.889129639, 143.387771606, 98.024307251, 78.2603759766, 30.3521900177, 12.0973978043, 3.35635113716, 0.183315351605, 0.0126279331744, 0.000594139273744, 1.53741063968e-06], "max": [6.59843826294, 56.2041015625, 159.343521118, 256.532989502, 138.964416504, 83.9735717773, 62.7315597534, 125.189125061, 131.426055908, 137.964385986, 233.564163208, 244.394073486, 186.865768433, 281.995117188, 351.070098877, 252.41847229, 177.861206055, 207.27722168, 167.700210571, 145.612716675, 153.177764893, 131.291427612, 244.661376953, 126.422531128, 220.537216187, 139.194229126, 186.441772461, 154.457473755, 250.376953125, 95.4038467407, 87.4085998535, 83.3975830078, 81.1005172729, 37.6798820496, 27.7562446594, 15.1809387207, 3.5319340229, 1.02365648746, 0.213060125709, 0.00988468248397], "mean": [0.67568141222, 4.93262720108, 7.91104602814, 9.67663192749, 4.85491228104, 3.04795575142, 4.45598697662, 7.4664144516, 8.5958108902, 7.95597410202, 7.91679811478, 17.3100624084, 24.9537982941, 27.0135860443, 20.4316310883, 13.9448060989, 12.9239015579, 12.72178936, 16.4232635498, 13.1994695663, 14.0090150833, 15.9412508011, 13.0435810089, 10.9581022263, 10.8405857086, 9.41919231415, 6.96560192108, 6.02026081085, 6.42450332642, 3.75213289261, 3.54297065735, 2.83282804489, 2.29099845886, 1.61919856071, 0.982471585274, 0.457778334618, 0.13177613914, 0.030286392197, 0.00593275669962, 0.000374421331799], "median": [0.171015739441, 1.58754754066, 1.88233780861, 1.73783445358, 1.60538804531, 1.37248253822, 2.91483592987, 4.65381669998, 4.54498958588, 4.22275590897, 3.26936912537, 6.86458015442, 10.1017875671, 13.4550666809, 9.01195907593, 7.0085811615, 7.32978439331, 7.13540506363, 8.92228794098, 8.41051006317, 9.19999504089, 9.83778953552, 7.3473906517, 6.26036024094, 5.5627746582, 4.82378959656, 2.31169843674, 1.68307805061, 1.37667012215, 0.98251414299, 0.68195104599, 0.466596186161, 0.312124937773, 0.203498274088, 0.0827493965626, 0.0268927589059, 0.00850604102015, 0.00323686841875, 0.00124034145847, 0.000123911333503], "min": [4.08168290833e-12, 1.88307962973e-11, 3.18040177527e-11, 1.18346499267e-10, 2.02855066078e-10, 1.94896418448e-10, 2.64735317002e-10, 2.68407823745e-10, 1.89984541987e-10, 8.25415152894e-11, 9.1401088087e-11, 1.08526625187e-10, 1.53974638595e-10, 2.56915599905e-10, 1.07588910003e-10, 3.94811655591e-10, 3.7410807785e-10, 3.30906274604e-10, 5.37372979448e-10, 5.747871068e-10, 4.793787034e-10, 6.84156731268e-10, 3.91478405248e-10, 9.92138149414e-10, 3.09043179936e-10, 5.24404741853e-10, 5.29325583365e-10, 1.60976032504e-09, 1.41192746383e-09, 1.23604870783e-09, 1.40150835382e-09, 9.27625698477e-10, 8.9307744533e-10, 8.59840754153e-10, 5.57088652986e-10, 4.47912817947e-10, 2.27006427544e-10, 7.708309685e-11, 2.25820698946e-11, 1.63701452567e-12], "var": [1.00992190838, 62.0229187012, 400.401275635, 1028.70666504, 155.346923828, 41.1365013123, 25.6002655029, 81.8543319702, 142.448623657, 165.952026367, 225.346450806, 744.522521973, 1151.26574707, 1350.34106445, 1331.54724121, 567.784118652, 360.456298828, 370.540771484, 448.033752441, 285.802154541, 299.067840576, 371.616241455, 412.177734375, 259.97744751, 455.243591309, 232.073013306, 279.99887085, 240.038360596, 462.179992676, 80.1620178223, 79.5476455688, 53.1079444885, 37.4740257263, 19.8465595245, 8.65998744965, 2.19509601593, 0.172188133001, 0.0101901525632, 0.000334963056957, 8.90867340786e-07]}, "gfcc": {"mean": [-33.5129089355, 84.1443328857, -101.861076355, 29.5419960022, -38.5023117065, 15.0673685074, -20.1713562012, 14.1028347015, -15.5175085068, 2.75968837738, -9.39366817474, 2.81903123856, -4.13993549347], "cov": [[20140.0253906, -948.933898926, 233.640594482, 513.095458984, 181.981201172, 596.282836914, 106.665161133, 194.858444214, 46.619354248, -220.251678467, -70.6031723022, -62.2476501465, -33.2442512512], [-948.933898926, 1631.44274902, -422.089416504, -256.227722168, -24.9097137451, -387.602355957, 117.586090088, -107.319404602, 106.385826111, -48.2324409485, 136.303527832, -12.5213451385, 109.663009644], [233.640594482, -422.089416504, 1310.02648926, 381.998687744, 136.498504639, 412.436126709, 105.719993591, 123.312133789, 89.5791015625, 130.791412354, -2.35483431816, 57.0938835144, -59.3514900208], [513.095458984, -256.227722168, 381.998687744, 350.464233398, 122.570831299, 214.598831177, 68.4636154175, 66.0473709106, 43.1957206726, 42.4252967834, 11.7533340454, 19.9554462433, -13.5474872589], [181.981201172, -24.9097137451, 136.498504639, 122.570831299, 238.962051392, 120.996688843, 107.562362671, 58.0694236755, 50.3302154541, 19.8737335205, 26.0289001465, 11.1013298035, 14.9168958664], [596.282836914, -387.602355957, 412.436126709, 214.598831177, 120.996688843, 376.726074219, 80.130569458, 114.629096985, 46.5929450989, 38.8424415588, -18.8098335266, 23.0667266846, -13.812371254], [106.665161133, 117.586090088, 105.719993591, 68.4636154175, 107.562362671, 80.130569458, 187.072387695, 75.4214630127, 91.0117416382, 18.6170043945, 39.4672927856, 9.5608253479, 37.1803894043], [194.858444214, -107.319404602, 123.312133789, 66.0473709106, 58.0694236755, 114.629096985, 75.4214630127, 129.873901367, 58.714805603, 34.4488258362, -0.86614304781, 3.58040881157, 8.143658638], [46.619354248, 106.385826111, 89.5791015625, 43.1957206726, 50.3302154541, 46.5929450989, 91.0117416382, 58.714805603, 124.204566956, 43.393196106, 45.4058609009, 12.6319494247, 31.4614772797], [-220.251678467, -48.2324409485, 130.791412354, 42.4252967834, 19.8737335205, 38.8424415588, 18.6170043945, 34.4488258362, 43.393196106, 99.2766876221, 40.8807144165, 28.3433475494, 1.29884529114], [-70.6031723022, 136.303527832, -2.35483431816, 11.7533340454, 26.0289001465, -18.8098335266, 39.4672927856, -0.86614304781, 45.4058609009, 40.8807144165, 95.7438735962, 46.7683563232, 37.3996315002], [-62.2476501465, -12.5213451385, 57.0938835144, 19.9554462433, 11.1013298035, 23.0667266846, 9.5608253479, 3.58040881157, 12.6319494247, 28.3433475494, 46.7683563232, 75.2051010132, 31.5730342865], [-33.2442512512, 109.663009644, -59.3514900208, -13.5474872589, 14.9168958664, -13.812371254, 37.1803894043, 8.143658638, 31.4614772797, 1.29884529114, 37.3996315002, 31.5730342865, 77.1979370117]], "icov": [[5.71735690755e-05, 2.79239393421e-05, 1.68821134139e-05, -6.24679742032e-05, 1.91633153008e-05, -6.86811545165e-05, 3.03703782265e-05, -5.35199724254e-05, -6.28047273494e-05, 0.000245656585321, -0.000137888258905, 6.67264685035e-05, 2.29720608331e-05], [2.79239393421e-05, 0.00127178465482, -0.000137091104989, 0.000448979408247, -7.9193880083e-05, 0.00100619613659, -0.000812394078821, 0.000728945946321, -0.00099927035626, 0.00096055935137, -0.00145400210749, 0.000956387782935, -0.000607157824561], [1.68821134139e-05, -0.000137091104989, 0.00160408299416, -0.000975527102128, 0.000256506289588, -0.00111843156628, -0.000418423878727, 0.000484010874061, -0.000489005993586, -0.00133264390752, 0.00118447793648, -0.00135926355142, 0.00136865954846], [-6.24679742032e-05, 0.000448979408247, -0.000975527102128, 0.00562210939825, -0.00142168998718, -0.00132755213417, -0.00020941789262, 0.000459302478703, -0.000201804883545, 0.000177897542017, -0.00162878399715, 0.000785883399658, 0.000208437530091], [1.91633153008e-05, -7.9193880083e-05, 0.000256506289588, -0.00142168998718, 0.00669718300924, -0.00123268889729, -0.0030047269538, -0.000141811629874, 0.000728015555069, 3.80754063372e-05, -0.00115961011034, 0.000519388820976, 6.79560835124e-05], [-6.86811545165e-05, 0.00100619613659, -0.00111843156628, -0.00132755213417, -0.00123268889729, 0.00730252964422, -0.000807401840575, -0.00266544474289, -0.000634750176687, 0.000987272360362, 0.00146092195064, -0.00163382710889, -0.000134425819851], [3.03703782265e-05, -0.000812394078821, -0.000418423878727, -0.00020941789262, -0.0030047269538, -0.000807401840575, 0.0126381739974, -0.00417827581987, -0.00441044615582, 0.00281511363573, -0.00248857308179, 0.00166707788594, -0.00212737428956], [-5.35199724254e-05, 0.000728945946321, 0.000484010874061, 0.000459302478703, -0.000141811629874, -0.00266544474289, -0.00417827581987, 0.0156697463244, -0.00429756147787, -0.004160980694, 0.00438550487161, 0.00023379229242, -0.0010947707342], [-6.28047273494e-05, -0.00099927035626, -0.000489005993586, -0.000201804883545, 0.000728015555069, -0.000634750176687, -0.00441044615582, -0.00429756147787, 0.0183331817389, -0.00479450356215, -0.00434558093548, 0.00400912528858, -0.00362092582509], [0.000245656585321, 0.00096055935137, -0.00133264390752, 0.000177897542017, 3.80754063372e-05, 0.000987272360362, 0.00281511363573, -0.004160980694, -0.00479450356215, 0.0194721892476, -0.00889831781387, -0.00165815476794, 0.00361576117575], [-0.000137888258905, -0.00145400210749, 0.00118447793648, -0.00162878399715, -0.00115961011034, 0.00146092195064, -0.00248857308179, 0.00438550487161, -0.00434558093548, -0.00889831781387, 0.0273780357093, -0.0130268344656, -0.00216283439659], [6.67264685035e-05, 0.000956387782935, -0.00135926355142, 0.000785883399658, 0.000519388820976, -0.00163382710889, 0.00166707788594, 0.00023379229242, 0.00400912528858, -0.00165815476794, -0.0130268344656, 0.0266389809549, -0.00964721199125], [2.29720608331e-05, -0.000607157824561, 0.00136865954846, 0.000208437530091, 6.79560835124e-05, -0.000134425819851, -0.00212737428956, -0.0010947707342, -0.00362092582509, 0.00361576117575, -0.00216283439659, -0.00964721199125, 0.0224260929972]]}, "melbands": {"dmean": [0.00372684909962, 0.00372667144984, 0.00202300189994, 0.000265178532572, 8.09964112705e-05, 9.2821814178e-05, 9.02452738956e-05, 5.73816942051e-05, 4.0234066546e-05, 5.01286704093e-05, 6.09447997704e-05, 4.88099540235e-05, 5.07999757247e-05, 1.87237001228e-05, 2.58978798229e-05, 1.28045294332e-05, 1.58825478138e-05, 1.61052594194e-05, 1.18532943816e-05, 9.75074362941e-06, 1.00676788861e-05, 1.04098335214e-05, 7.93580238678e-06, 8.04414958111e-06, 5.24892766407e-06, 6.28102270639e-06, 5.62602144782e-06, 4.07825109505e-06, 3.4338640944e-06, 3.31722958435e-06, 3.37805181516e-06, 4.69787710244e-06, 2.34615504269e-06, 1.1196923424e-06, 1.51467747855e-06, 1.43566239785e-06, 1.29359455059e-06, 1.20726451769e-06, 1.21160360322e-06, 9.65314939094e-07], "dmean2": [0.00549047626555, 0.00593429710716, 0.00366070284508, 0.000484789168695, 0.000134404879645, 0.000156106500071, 0.00016126720584, 0.000100836827187, 6.16366014583e-05, 7.71680352045e-05, 9.62973863352e-05, 7.55596120143e-05, 8.15364910522e-05, 2.96000271192e-05, 3.97418589273e-05, 2.07359444175e-05, 2.66297593043e-05, 2.53125763265e-05, 1.85495664482e-05, 1.60205818247e-05, 1.61515636137e-05, 1.69151189766e-05, 1.28213478092e-05, 1.36337375807e-05, 8.76032208907e-06, 1.09846514533e-05, 9.453669918e-06, 6.72357418807e-06, 5.78489289182e-06, 5.68610494156e-06, 5.90281342738e-06, 8.39443964651e-06, 4.11774499298e-06, 1.72995123648e-06, 2.32121669796e-06, 2.22115136239e-06, 2.06034042094e-06, 1.99506803256e-06, 1.96919017981e-06, 1.52069071646e-06], "dvar": [4.24418576586e-05, 6.0537517129e-05, 3.78946897399e-05, 6.20291757514e-07, 2.0723573968e-08, 3.26427169739e-08, 3.50542563865e-08, 2.01101801878e-08, 9.06945718526e-09, 1.1756660534e-08, 1.06676507627e-08, 6.15300432827e-09, 1.38472850963e-08, 1.40107059288e-09, 3.23376569966e-09, 7.04183045208e-10, 1.24223820119e-09, 6.90215273824e-10, 4.10707717835e-10, 2.80411666109e-10, 2.65174854297e-10, 2.6854454771e-10, 2.30469504592e-10, 3.05361735897e-10, 1.1940466671e-10, 3.03506358934e-10, 1.80237533232e-10, 7.04127520179e-11, 9.5204934214e-11, 9.57395204781e-11, 1.31786914714e-10, 3.18641057984e-10, 7.51647563635e-11, 8.19500543814e-12, 1.906637348e-11, 1.75152878312e-11, 1.71289458312e-11, 1.69125546901e-11, 1.35399972484e-11, 8.37963552713e-12], "dvar2": [9.49657114688e-05, 0.00015335912758, 0.000103928672615, 1.77206379703e-06, 5.80093590941e-08, 9.34270545372e-08, 1.05385169036e-07, 5.76412837461e-08, 2.16153335231e-08, 2.98093389972e-08, 2.72441749161e-08, 1.50057317683e-08, 3.88811152163e-08, 3.15595261036e-09, 6.80542910914e-09, 1.78766523806e-09, 3.4468414789e-09, 1.62753066579e-09, 9.50676204425e-10, 7.03030189619e-10, 6.47362219386e-10, 6.55688170426e-10, 5.86905857247e-10, 8.46051895209e-10, 3.06919878401e-10, 8.62802163049e-10, 4.80896211741e-10, 1.81163417601e-10, 2.51353216019e-10, 2.61522387079e-10, 3.6772609957e-10, 8.94080254277e-10, 2.06730702002e-10, 1.64649804207e-11, 4.4787271114e-11, 4.34540285699e-11, 4.31003323309e-11, 4.36523490965e-11, 3.33615912673e-11, 1.89320174121e-11], "max": [0.0617090165615, 0.0625389143825, 0.0387156754732, 0.00697771832347, 0.00185722694732, 0.00278338813223, 0.00200600433163, 0.00165045587346, 0.00152936624363, 0.00144939916208, 0.00103837670758, 0.00124786200467, 0.00186105747707, 0.000411919812905, 0.000958410091698, 0.00036096185795, 0.000405420956668, 0.000304453889839, 0.000298827682855, 0.000166570986039, 0.000166393714608, 0.000153368280735, 0.000151691114297, 0.000209483172512, 0.000102686986793, 0.000176223999006, 0.00014464367996, 8.48370327731e-05, 0.000111445500806, 9.16317148949e-05, 0.000110537846922, 0.000173334003193, 0.000100734396256, 3.49375040969e-05, 5.0574009947e-05, 4.78521869809e-05, 5.65668888157e-05, 6.55591647956e-05, 4.01895449613e-05, 3.25662986143e-05], "mean": [0.00633488316089, 0.0050848457031, 0.00155006186105, 0.000264940113993, 0.000149946543388, 0.000168717131601, 0.000128165003844, 7.83559153206e-05, 7.86447126302e-05, 0.000110862347356, 0.000130919346702, 0.000118008138088, 8.48805648275e-05, 2.98438535538e-05, 4.44218021585e-05, 2.0462919565e-05, 2.50122502621e-05, 2.9009363061e-05, 1.89489801414e-05, 1.64400844369e-05, 1.54825247591e-05, 1.6977368432e-05, 1.23877061924e-05, 1.15710863611e-05, 8.39841231937e-06, 8.16117608338e-06, 7.56835515858e-06, 5.85689394939e-06, 4.20907554144e-06, 3.92574747821e-06, 3.40345854966e-06, 4.06307253797e-06, 2.64714094556e-06, 1.86308898265e-06, 2.0450172542e-06, 1.85625958693e-06, 1.70830526258e-06, 1.60416391282e-06, 1.51297501816e-06, 1.311012511e-06], "median": [0.00173557642847, 0.00155967636965, 0.000308645889163, 0.000108013220597, 0.000103716549347, 0.000107646352262, 6.79104341543e-05, 3.91969515476e-05, 2.76295213553e-05, 4.03549456678e-05, 4.64374606963e-05, 5.07330914843e-05, 3.01514992316e-05, 1.541234451e-05, 1.81713112397e-05, 1.12700672616e-05, 1.3174059859e-05, 1.3125825717e-05, 9.85335464065e-06, 9.6295698313e-06, 9.3441849458e-06, 9.79180003924e-06, 6.7231922003e-06, 5.76290221943e-06, 4.46006743005e-06, 4.18992931372e-06, 3.56506257049e-06, 2.97316023534e-06, 1.40618044497e-06, 1.11031158667e-06, 8.14941586214e-07, 7.61176238484e-07, 5.81557060286e-07, 5.43666089925e-07, 4.01629620228e-07, 3.08067200194e-07, 2.68202313691e-07, 2.07155409271e-07, 1.91797752791e-07, 1.70685950707e-07], "min": [3.39894873857e-14, 1.96568106979e-14, 2.35495217077e-14, 1.41321950006e-14, 9.2846017265e-15, 6.04732735242e-15, 2.709863592e-15, 7.55461591755e-16, 7.27981090089e-16, 6.90276530173e-16, 7.89646359199e-16, 1.11782747467e-15, 2.35276238943e-16, 7.92795415938e-16, 1.22540383534e-15, 7.42705063811e-16, 5.60678583419e-16, 8.30386102863e-16, 6.83794504665e-16, 8.12241915979e-16, 5.55577327494e-16, 8.64742235659e-16, 2.67929729637e-16, 4.35642941407e-16, 9.06366440539e-16, 2.61559830115e-16, 2.00092012326e-16, 3.91704483697e-16, 2.00952412512e-16, 7.03384894427e-16, 9.71937484448e-16, 5.40767962263e-16, 1.12082046559e-15, 4.93992420635e-16, 8.92370915152e-16, 4.89845188507e-16, 6.47967234458e-16, 5.77001755345e-16, 6.90840283539e-16, 7.01093299728e-16], "var": [9.17869620025e-05, 7.95631422079e-05, 2.42269670707e-05, 4.00997919314e-07, 2.82992935752e-08, 4.03627211654e-08, 3.22434274835e-08, 1.90595272898e-08, 2.11469171063e-08, 3.08390788462e-08, 3.37956151952e-08, 2.80314864654e-08, 2.84672356798e-08, 2.05092520744e-09, 7.98724375528e-09, 1.02277963876e-09, 1.53037393869e-09, 1.64160951499e-09, 7.15580872335e-10, 4.36850583485e-10, 3.95325688851e-10, 4.60434329552e-10, 3.18894077811e-10, 3.37969485731e-10, 1.56207241586e-10, 2.52860399286e-10, 1.838531688e-10, 8.41025374343e-11, 9.58687990105e-11, 8.76153941065e-11, 9.75238709233e-11, 2.17324644392e-10, 6.5513879044e-11, 1.58508466769e-11, 2.5940746079e-11, 2.23044482189e-11, 2.09529078116e-11, 1.89333930478e-11, 1.70217537981e-11, 1.32521086119e-11]}, "mfcc": {"mean": [-678.91217041, 120.050895691, 1.16738665104, 24.9710121155, 8.43189907074, 7.37605810165, 9.90256595612, 10.7417078018, 6.77526664734, 6.13009166718, 1.26029932499, 1.10529732704, 3.74323320389], "cov": [[14752.0996094, -269.81439209, -6.78878641129, 223.992767334, 397.163146973, 430.032501221, 272.77746582, 440.592254639, 209.891204834, 75.0087280273, -91.7956008911, -80.8250808716, -99.320930481], [-269.81439209, 1388.36328125, -263.706695557, 32.919002533, -146.454025269, -175.890396118, -27.5851573944, -39.4654159546, -23.7742919922, -9.87288665771, -36.2931137085, -16.5301780701, 38.242099762], [-6.78878641129, -263.706695557, 1007.57574463, 126.480583191, 199.056289673, 260.718231201, 97.5957107544, 106.555160522, 115.455497742, 55.4229927063, 106.125205994, 128.554931641, 39.0554580688], [223.992767334, 32.919002533, 126.480583191, 224.211898804, 75.17918396, 78.9029846191, 60.9528503418, 39.9492301941, 33.8640708923, 32.7958450317, 31.7577800751, 35.7240180969, 28.6465244293], [397.163146973, -146.454025269, 199.056289673, 75.17918396, 187.070678711, 134.316360474, 72.1961517334, 65.8575439453, 48.80286026, 38.2293891907, 37.1413612366, 36.039604187, 17.7871761322], [430.032501221, -175.890396118, 260.718231201, 78.9029846191, 134.316360474, 215.37651062, 93.5045852661, 93.2348251343, 68.608543396, 44.4231910706, 51.2399635315, 44.1560592651, 20.4353027344], [272.77746582, -27.5851573944, 97.5957107544, 60.9528503418, 72.1961517334, 93.5045852661, 116.494216919, 78.7602310181, 57.8560218811, 42.2873458862, 32.9620323181, 25.8498516083, 20.0501365662], [440.592254639, -39.4654159546, 106.555160522, 39.9492301941, 65.8575439453, 93.2348251343, 78.7602310181, 134.986740112, 85.94972229, 47.93592453, 33.6859664917, 25.3205451965, 13.1727895737], [209.891204834, -23.7742919922, 115.455497742, 33.8640708923, 48.80286026, 68.608543396, 57.8560218811, 85.94972229, 113.357826233, 69.4738998413, 43.4734611511, 25.8233833313, 4.3688044548], [75.0087280273, -9.87288665771, 55.4229927063, 32.7958450317, 38.2293891907, 44.4231910706, 42.2873458862, 47.93592453, 69.4738998413, 94.9046173096, 61.6630706787, 22.5261802673, 0.499102175236], [-91.7956008911, -36.2931137085, 106.125205994, 31.7577800751, 37.1413612366, 51.2399635315, 32.9620323181, 33.6859664917, 43.4734611511, 61.6630706787, 88.0847167969, 50.4900054932, 9.01900291443], [-80.8250808716, -16.5301780701, 128.554931641, 35.7240180969, 36.039604187, 44.1560592651, 25.8498516083, 25.3205451965, 25.8233833313, 22.5261802673, 50.4900054932, 77.5894317627, 34.5067749023], [-99.320930481, 38.242099762, 39.0554580688, 28.6465244293, 17.7871761322, 20.4353027344, 20.0501365662, 13.1727895737, 4.3688044548, 0.499102175236, 9.01900291443, 34.5067749023, 60.9838943481]], "icov": [[8.56892947922e-05, -7.29825114831e-06, 5.25578761881e-05, -5.04329909745e-05, -0.000115793838631, -0.000123377350974, 2.26742704399e-05, -0.000279870175291, 6.0601025325e-05, -6.29589922028e-05, 0.000290258438326, -7.34931745683e-05, 0.000257111911196], [-7.29825114831e-06, 0.000905930646695, 4.9566027883e-05, -0.00039244434447, 0.000511508784257, 0.000780399190262, -0.000277735176496, -7.16308641131e-05, -0.000135777008836, -0.000238892156631, 0.000192183928448, 5.38818203495e-05, -0.000778520014137], [5.25578761881e-05, 4.9566027883e-05, 0.00183502177242, -0.000234807070228, -0.000643829873297, -0.00160099531058, 0.0005419497611, 0.000446158577688, -0.00149982771836, 0.00129481952172, -0.000346894899849, -0.00193823804148, 0.000684213300701], [-5.04329909745e-05, -0.00039244434447, -0.000234807070228, 0.00598249631003, -0.00114827521611, -0.000747665471863, -0.00167483766563, 0.000830390199553, 0.000398566480726, -0.00102740712464, 0.000163669159519, -0.00065792829264, -0.00121121329721], [-0.000115793838631, 0.000511508784257, -0.000643829873297, -0.00114827521611, 0.0109458332881, -0.00418713781983, -0.00162061734591, -0.000225984913413, 0.00122871703934, -0.00223393691704, 0.00130928226281, -0.00088017975213, -0.000530822959263], [-0.000123377350974, 0.000780399190262, -0.00160099531058, -0.000747665471863, -0.00418713781983, 0.0134738180786, -0.00397085445002, -0.00274168839678, -0.000131632637931, 0.00154635147192, -0.0029312975239, 0.00154456135351, -0.0011534509249], [2.26742704399e-05, -0.000277735176496, 0.0005419497611, -0.00167483766563, -0.00162061734591, -0.00397085445002, 0.0186276417226, -0.00609668204561, -0.000686855695676, -0.00203824322671, -0.000189514190424, 0.000778158660978, -0.00269979052246], [-0.000279870175291, -7.16308641131e-05, 0.000446158577688, 0.000830390199553, -0.000225984913413, -0.00274168839678, -0.00609668204561, 0.0203234404325, -0.0121965454891, 0.00303911254741, -0.00100195151754, 0.000170436469489, -0.00158693920821], [6.0601025325e-05, -0.000135777008836, -0.00149982771836, 0.000398566480726, 0.00122871703934, -0.000131632637931, -0.000686855695676, -0.0121965454891, 0.0278936177492, -0.0165703594685, 0.00555367115885, -0.0032098935917, 0.00263548153453], [-6.29589922028e-05, -0.000238892156631, 0.00129481952172, -0.00102740712464, -0.00223393691704, 0.00154635147192, -0.00203824322671, 0.00303911254741, -0.0165703594685, 0.0343734063208, -0.0223837625235, 0.0084854690358, -0.000737521448173], [0.000290258438326, 0.000192183928448, -0.000346894899849, 0.000163669159519, 0.00130928226281, -0.0029312975239, -0.000189514190424, -0.00100195151754, 0.00555367115885, -0.0223837625235, 0.0379412993789, -0.0210700519383, 0.00747289694846], [-7.34931745683e-05, 5.38818203495e-05, -0.00193823804148, -0.00065792829264, -0.00088017975213, 0.00154456135351, 0.000778158660978, 0.000170436469489, -0.0032098935917, 0.0084854690358, -0.0210700519383, 0.0347910635173, -0.0155660286546], [0.000257111911196, -0.000778520014137, 0.000684213300701, -0.00121121329721, -0.000530822959263, -0.0011534509249, -0.00269979052246, -0.00158693920821, 0.00263548153453, -0.000737521448173, 0.00747289694846, -0.0155660286546, 0.0267270859331]]}, "spectral_contrast_coeffs": {"dmean": [0.0525395385921, 0.041675593704, 0.03719490394, 0.028027780354, 0.0202587191015, 0.0160447526723], "dmean2": [0.0850916951895, 0.0667130723596, 0.0597370415926, 0.045246321708, 0.0329174138606, 0.0265177693218], "dvar": [0.00297172926366, 0.00124336406589, 0.00103712326381, 0.000550877477508, 0.000345320120687, 0.000293560064165], "dvar2": [0.00722275022417, 0.00310077611357, 0.00256564840674, 0.00131119519938, 0.000829837750643, 0.000792637059931], "max": [-0.358896076679, -0.502658128738, -0.544752955437, -0.623821258545, -0.622097551823, -0.663010597229], "mean": [-0.69710123539, -0.751243293285, -0.76685500145, -0.801313340664, -0.805385053158, -0.778958499432], "median": [-0.710885822773, -0.75403034687, -0.765312612057, -0.800799608231, -0.804047703743, -0.774539113045], "min": [-0.932488799095, -0.944974958897, -0.954684138298, -0.953371882439, -0.937344193459, -0.918857753277], "var": [0.00694106100127, 0.00450423778966, 0.00486041978002, 0.00244694482535, 0.00152547040489, 0.00118419085629]}, "spectral_contrast_valleys": {"dmean": [0.409817159176, 0.405102461576, 0.365878582001, 0.329902797937, 0.314587116241, 0.343325644732], "dmean2": [0.637454688549, 0.641107857227, 0.568985044956, 0.500295162201, 0.462638288736, 0.473781824112], "dvar": [0.220923319459, 0.2062471807, 0.181522324681, 0.16173492372, 0.223197937012, 0.344671219587], "dvar2": [0.41296339035, 0.456200569868, 0.373473882675, 0.314797312021, 0.445885002613, 0.641872346401], "max": [-5.2915058136, -4.63376331329, -5.43473339081, -5.7950835228, -5.38972091675, -7.3765912056], "mean": [-7.40920209885, -7.25065994263, -7.61519050598, -7