{"lowlevel": {"average_loudness": 0.337194144726, "barkbands_crest": {"dmean": 2.41809487343, "dmean2": 4.16432476044, "dvar": 5.25386857986, "dvar2": 15.3089399338, "max": 25.9204463959, "mean": 12.5238933563, "median": 11.6766777039, "min": 3.1670358181, "var": 21.1927490234}, "barkbands_flatness_db": {"dmean": 0.024814883247, "dmean2": 0.0429055802524, "dvar": 0.000549289397895, "dvar2": 0.00154747616034, "max": 0.539824306965, "mean": 0.360766142607, "median": 0.360363483429, "min": 0.0385686866939, "var": 0.00403945939615}, "barkbands_kurtosis": {"dmean": 2.33070254326, "dmean2": 3.98366427422, "dvar": 14.3364496231, "dvar2": 42.0613250732, "max": 72.4204025269, "mean": 4.35765028, "median": 2.765822649, "min": -1.88422513008, "var": 38.1059761047}, "barkbands_skewness": {"dmean": 0.436065107584, "dmean2": 0.724519908428, "dvar": 0.208995968103, "dvar2": 0.572537899017, "max": 7.37836313248, "mean": 1.30016386509, "median": 1.27464461327, "min": -5.20167922974, "var": 1.02550005913}, "barkbands_spread": {"dmean": 1.28718364239, "dmean2": 2.04830098152, "dvar": 2.77338027954, "dvar2": 5.68399524689, "max": 104.341064453, "mean": 6.3882226944, "median": 4.81231975555, "min": 0.351870298386, "var": 22.1024570465}, "dissonance": {"dmean": 0.0365271307528, "dmean2": 0.0629634559155, "dvar": 0.00121625303291, "dvar2": 0.00341602764092, "max": 0.500000059605, "mean": 0.402183711529, "median": 0.407119572163, "min": 0.109672449529, "var": 0.00227082567289}, "dynamic_complexity": 5.37748241425, "erbbands_crest": {"dmean": 2.65611720085, "dmean2": 4.34342479706, "dvar": 7.42668914795, "dvar2": 19.03606987, "max": 32.5771217346, "mean": 13.7618665695, "median": 12.514248848, "min": 2.38741159439, "var": 32.1197128296}, "erbbands_flatness_db": {"dmean": 0.0160794258118, "dmean2": 0.026398146525, "dvar": 0.000293112359941, "dvar2": 0.000734038534574, "max": 0.513847947121, "mean": 0.384518146515, "median": 0.387612640858, "min": 0.0395309403539, "var": 0.00230436888523}, "erbbands_kurtosis": {"dmean": 1.2413277626, "dmean2": 1.95396161079, "dvar": 9.60144901276, "dvar2": 22.6021785736, "max": 80.5319976807, "mean": 1.49862718582, "median": 0.312993645668, "min": -1.75379085541, "var": 20.5367679596}, "erbbands_skewness": {"dmean": 0.339693695307, "dmean2": 0.536488711834, "dvar": 0.14735545218, "dvar2": 0.335421800613, "max": 6.41754388809, "mean": 0.433671742678, "median": 0.545535862446, "min": -6.77529096603, "var": 1.18384361267}, "erbbands_spread": {"dmean": 2.24157118797, "dmean2": 3.49151563644, "dvar": 5.8323802948, "dvar2": 13.1233320236, "max": 78.4686813354, "mean": 13.4217176437, "median": 12.4720287323, "min": 0.956865429878, "var": 37.5733642578}, "hfc": {"dmean": 2.6504740715, "dmean2": 3.57490181923, "dvar": 37.6299552917, "dvar2": 68.7459945679, "max": 133.135864258, "mean": 8.98167991638, "median": 3.89203858376, "min": 1.13552098708e-16, "var": 174.075210571}, "melbands_crest": {"dmean": 2.96611142159, "dmean2": 5.12084531784, "dvar": 7.24098110199, "dvar2": 21.568195343, "max": 32.8013153076, "mean": 15.5018806458, "median": 14.7024021149, "min": 1.00058555603, "var": 27.7284088135}, "melbands_flatness_db": {"dmean": 0.0275322739035, "dmean2": 0.0469110347331, "dvar": 0.000811045523733, "dvar2": 0.00209490582347, "max": 0.695329546928, "mean": 0.475102394819, "median": 0.477134823799, "min": -3.45146169423e-08, "var": 0.00801129825413}, "melbands_kurtosis": {"dmean": 2.66726112366, "dmean2": 4.55680894852, "dvar": 15.3751802444, "dvar2": 44.9511604309, "max": 84.1690673828, "mean": 5.29093837738, "median": 3.84048557281, "min": -1.89185273647, "var": 40.5934638977}, "melbands_skewness": {"dmean": 0.451809197664, "dmean2": 0.749446809292, "dvar": 0.188532307744, "dvar2": 0.525083839893, "max": 6.66487360001, "mean": 1.58464181423, "median": 1.57669341564, "min": -3.21087002754, "var": 0.883306622505}, "melbands_spread": {"dmean": 2.05837726593, "dmean2": 3.28662490845, "dvar": 10.3985691071, "dvar2": 24.1844406128, "max": 154.623443604, "mean": 9.76622104645, "median": 6.83685970306, "min": 0.673175811768, "var": 93.7744064331}, "pitch_salience": {"dmean": 0.0601054430008, "dmean2": 0.102028049529, "dvar": 0.00297282310203, "dvar2": 0.00823547225446, "max": 0.996092200279, "mean": 0.499319136143, "median": 0.49999666214, "min": 0.0973894745111, "var": 0.0119466688484}, "silence_rate_20dB": {"dmean": 0, "dmean2": 0, "dvar": 0, "dvar2": 0, "max": 1, "mean": 1, "median": 1, "min": 1, "var": 0}, "silence_rate_30dB": {"dmean": 0.00794847216457, "dmean2": 0.015899123624, "dvar": 0.00788584258407, "dvar2": 0.0200324058533, "max": 1, "mean": 0.990134298801, "median": 1, "min": 0, "var": 0.00976949185133}, "silence_rate_60dB": {"dmean": 0.0433054678142, "dmean2": 0.0866228044033, "dvar": 0.0414278209209, "dvar2": 0.0999554470181, "max": 1, "mean": 0.224856123328, "median": 0, "min": 0, "var": 0.174286901951}, "spectral_centroid": {"dmean": 60.5226554871, "dmean2": 97.0311050415, "dvar": 14974.3017578, "dvar2": 23736.2753906, "max": 11568.9472656, "mean": 524.492248535, "median": 450.149719238, "min": 174.311660767, "var": 331010.5}, "spectral_complexity": {"dmean": 1.29806768894, "dmean2": 2.12033987045, "dvar": 1.99598538876, "dvar2": 4.16344738007, "max": 28, "mean": 9.25746822357, "median": 8, "min": 0, "var": 22.8816375732}, "spectral_decrease": {"dmean": 1.18913423552e-09, "dmean2": 1.74416003862e-09, "dvar": 4.97832365092e-18, "dvar2": 1.00649575041e-17, "max": 9.45036911638e-29, "mean": -4.28025526134e-09, "median": -2.36059549685e-09, "min": -5.33045287909e-08, "var": 2.9771490869e-17}, "spectral_energy": {"dmean": 0.00471470504999, "dmean2": 0.00688175950199, "dvar": 7.91279817349e-05, "dvar2": 0.000158745184308, "max": 0.212430506945, "mean": 0.016969319433, "median": 0.00927733443677, "min": 1.01932602546e-20, "var": 0.000470991362818}, "spectral_energyband_high": {"dmean": 2.63107313003e-06, "dmean2": 3.81257086701e-06, "dvar": 2.48167791872e-10, "dvar2": 5.60699209284e-10, "max": 0.00041434209561, "mean": 3.47687932845e-06, "median": 4.82395350332e-08, "min": 7.08818337039e-21, "var": 3.42247841179e-10}, "spectral_energyband_low": {"dmean": 0.000599911087193, "dmean2": 0.000909634283744, "dvar": 3.11306575895e-06, "dvar2": 6.15753242528e-06, "max": 0.0625011175871, "mean": 0.00198121904396, "median": 0.000459564646007, "min": 2.01112988038e-23, "var": 2.25440289796e-05}, "spectral_energyband_middle_high": {"dmean": 0.00114712771028, "dmean2": 0.00149740697816, "dvar": 1.13352034532e-05, "dvar2": 2.02546361834e-05, "max": 0.0735447928309, "mean": 0.00291558378376, "median": 0.000606619461905, "min": 1.30522446461e-21, "var": 3.62685277651e-05}, "spectral_energyband_middle_low": {"dmean": 0.00377761828713, "dmean2": 0.00584186986089, "dvar": 5.82026841585e-05, "dvar2": 0.000129902007757, "max": 0.183845862746, "mean": 0.0126348081976, "median": 0.00664635654539, "min": 1.64198721606e-22, "var": 0.000299603649182}, "spectral_entropy": {"dmean": 0.168715670705, "dmean2": 0.28603965044, "dvar": 0.0343898646533, "dvar2": 0.0908242613077, "max": 9.81503009796, "mean": 5.70683526993, "median": 5.68124198914, "min": 4.3787560463, "var": 0.243249386549}, "spectral_flux": {"dmean": 0.0157430004328, "dmean2": 0.0250834897161, "dvar": 0.000544128764886, "dvar2": 0.00134591257665, "max": 0.30910179019, "mean": 0.0392592139542, "median": 0.0315380506217, "min": 6.5125717319e-11, "var": 0.00102793169208}, "spectral_kurtosis": {"dmean": 38.4787788391, "dmean2": 67.4690704346, "dvar": 1458.71240234, "dvar2": 4180.16552734, "max": 501.719146729, "mean": 117.038032532, "median": 95.0199127197, "min": -1.25158941746, "var": 7270.85888672}, "spectral_rms": {"dmean": 0.000509163830429, "dmean2": 0.00076607830124, "dvar": 4.32158032027e-07, "dvar2": 8.26916732422e-07, "max": 0.0143961552531, "mean": 0.00345990830101, "median": 0.00300849764608, "min": 3.15351304098e-12, "var": 4.58447948404e-06}, "spectral_rolloff": {"dmean": 92.1561965942, "dmean2": 162.507980347, "dvar": 99195.515625, "dvar2": 176632.453125, "max": 19315.2832031, "mean": 733.079284668, "median": 581.396484375, "min": 129.19921875, "var": 1037743.75}, "spectral_skewness": {"dmean": 1.86919498444, "dmean2": 3.30048656464, "dvar": 2.65733242035, "dvar2": 7.46299552917, "max": 18.2478237152, "mean": 7.10103034973, "median": 6.52549171448, "min": -0.0421425886452, "var": 12.011054039}, "spectral_spread": {"dmean": 292631.625, "dmean2": 520736.09375, "dvar": 197258838016, "dvar2": 444796108800, "max": 42237488, "mean": 1018096.125, "median": 850482.25, "min": 163788.546875, "var": 4295446233090.0}, "spectral_strongpeak": {"dmean": 0.432719141245, "dmean2": 0.689788937569, "dvar": 0.799439072609, "dvar2": 1.57869040966, "max": 13.8855018616, "mean": 1.13013935089, "median": 0.515276193619, "min": 0, "var": 2.38315796852}, "zerocrossingrate": {"dmean": 0.00261665764265, "dmean2": 0.00335800438188, "dvar": 4.61818199256e-05, "dvar2": 7.95987652964e-05, "max": 0.517578125, "mean": 0.0255437064916, "median": 0.02197265625, "min": 0.00341796875, "var": 0.000767276447732}, "barkbands": {"dmean": [2.15746495087e-05, 0.000131078064442, 0.000377081072656, 0.00027791823959, 0.00203269580379, 0.000530536926817, 0.00083685311256, 0.00116389908362, 0.000178962465725, 0.000218883884372, 9.08083893592e-05, 0.000398703850806, 0.000263741821982, 0.000277590297628, 0.000157875678269, 3.03583656205e-05, 1.20363474707e-05, 6.20996797807e-06, 4.91900254929e-06, 1.69794134308e-06, 8.24900439511e-07, 8.17074351289e-07, 1.16800670469e-07, 5.34001678432e-08, 9.11442388229e-09, 1.31793786995e-09, 8.31618496289e-10], "dmean2": [3.63417384506e-05, 0.000204807598493, 0.000584054214414, 0.000460444396595, 0.00352168548852, 0.000817979511339, 0.00118760159239, 0.00168129440863, 0.000251966324868, 0.000319439830491, 0.000127938721562, 0.000518597254995, 0.000351243943442, 0.000403415440815, 0.000227046999498, 4.68195066787e-05, 1.92058341781e-05, 9.62079229794e-06, 7.06013906893e-06, 2.56156704381e-06, 1.21569519251e-06, 1.17083277473e-06, 1.79894726671e-07, 8.24215149464e-08, 1.53646748657e-08, 2.30275332136e-09, 1.54317980616e-09], "dvar": [2.05352068683e-09, 2.02497218993e-07, 1.42448755014e-06, 5.37812638868e-07, 1.13327050713e-05, 2.11038354792e-06, 1.06749102997e-05, 1.70308667293e-05, 2.55709380781e-07, 6.70772180911e-07, 2.78696745681e-07, 3.3765477383e-06, 1.47856894728e-06, 2.04708112506e-06, 1.71832994056e-06, 1.94160225675e-08, 2.31939600859e-09, 6.17391082702e-10, 4.89397466996e-10, 1.56603133239e-10, 2.66917633829e-11, 2.92703812577e-11, 6.56166852624e-13, 2.84048934547e-13, 5.45770305915e-15, 4.32920690011e-17, 6.63475324115e-18], "dvar2": [5.19888221362e-09, 4.50719170431e-07, 2.75459615295e-06, 1.35074469654e-06, 3.18003585562e-05, 4.22571383751e-06, 2.23847637244e-05, 4.04929087381e-05, 4.85949783524e-07, 1.45139381402e-06, 4.92419133025e-07, 6.04162914897e-06, 2.20489027924e-06, 3.81749578082e-06, 3.75552326659e-06, 4.34662439375e-08, 6.04780137081e-09, 1.47385958993e-09, 8.43501879455e-10, 3.97692795362e-10, 6.05878056059e-11, 6.33565630515e-11, 1.4473167673e-12, 6.58822497425e-13, 1.42086143131e-14, 1.04310618529e-16, 2.10666143338e-17], "max": [0.00114905112423, 0.0220049880445, 0.042229257524, 0.0221263822168, 0.0700750201941, 0.0436204001307, 0.123747631907, 0.106740452349, 0.0125175090507, 0.0410393476486, 0.0209913607687, 0.0426026172936, 0.0390517711639, 0.0380688756704, 0.048219781369, 0.00522337807342, 0.00121288117953, 0.000546733324882, 0.000849668576848, 0.000523825816344, 0.000155484041898, 0.0001728322095, 2.7332771424e-05, 1.92606075871e-05, 2.32157276514e-06, 2.4189213832e-07, 9.42151956451e-08], "mean": [3.85834209737e-05, 0.00031626643613, 0.00110295764171, 0.000755811401177, 0.00411900132895, 0.00134996534325, 0.00232100160792, 0.00350063364021, 0.000500861788169, 0.00047108498984, 0.000216979751713, 0.000688704370987, 0.000698489195202, 0.000530126970261, 0.000245332252234, 6.31406510365e-05, 2.50616340054e-05, 1.15091606858e-05, 9.33552837523e-06, 2.32437218983e-06, 1.0466491176e-06, 9.44201701714e-07, 1.17700516e-07, 4.90768314876e-08, 7.80570186265e-09, 1.36203981427e-09, 8.74812333684e-10], "median": [6.3653824327e-06, 6.9104724389e-05, 0.000148030550918, 0.000182219228009, 0.0023723943159, 0.000436440168414, 0.000423796096584, 0.00060006219428, 6.38597848592e-05, 8.85823683348e-05, 3.29139438691e-05, 7.6777592767e-05, 4.84793781652e-05, 4.5971628424e-05, 1.89418715308e-05, 1.19428486869e-05, 2.08871324503e-06, 9.5550012702e-07, 3.69562371816e-07, 4.75462762495e-08, 1.36800597517e-08, 2.68353561594e-09, 7.11286973765e-10, 4.3311290665e-10, 3.88730103662e-10, 3.61161933693e-10, 3.7027012012e-10], "min": [1.74970808171e-24, 1.01702062048e-23, 1.26524808943e-24, 4.70429558739e-25, 1.5510160289e-23, 2.32482641468e-23, 1.63710994151e-23, 1.06845458816e-23, 1.87652969957e-23, 3.26666101783e-23, 3.01583070233e-23, 2.01070231777e-23, 3.87600147794e-23, 5.89077715788e-23, 6.24999033533e-23, 6.61741082163e-23, 1.01934624554e-22, 1.39423011331e-22, 1.67973692405e-22, 2.19377699147e-22, 1.75894651065e-22, 3.69364618228e-22, 3.75865286471e-22, 6.0688394725e-22, 8.82321813123e-22, 1.36106905143e-21, 2.1248448362e-21], "var": [1.00914974155e-08, 8.62567276272e-07, 8.87999703991e-06, 3.44455656887e-06, 2.82008786598e-05, 8.9584655143e-06, 4.62129100924e-05, 7.69030084484e-05, 1.35403786317e-06, 1.81556845291e-06, 1.23344113945e-06, 6.47888919048e-06, 6.42018812869e-06, 5.19989998793e-06, 2.08904702959e-06, 3.81316240805e-08, 5.57948354185e-09, 1.31633037803e-09, 1.44789658041e-09, 1.60141677696e-10, 3.71762447215e-11, 4.04165624579e-11, 7.34926279989e-13, 2.75575325363e-13, 4.50198307927e-15, 4.28720663907e-17, 4.51255189648e-18]}, "erbbands": {"dmean": [0.000991460750811, 0.0412980802357, 0.336090087891, 0.784495532513, 2.5624101162, 10.4403142929, 6.04336547852, 3.87870526314, 8.0839881897, 21.076461792, 22.1611022949, 4.56467056274, 4.43143844604, 7.21990060806, 9.30745506287, 11.6246604919, 11.8732423782, 16.2800235748, 8.79563808441, 4.66549062729, 1.15610396862, 0.570349633694, 0.323660373688, 0.257324159145, 0.226476401091, 0.0878143981099, 0.0465310439467, 0.0328301824629, 0.0273168738931, 0.0106662036851, 0.0037181249354, 0.00205577956513, 0.000401537050493, 0.000176430126885, 3.0926639738e-05, 8.84096243681e-06, 3.01662203128e-06, 7.95321398073e-07, 2.29988609135e-06, 5.34812670594e-06], "dmean2": [0.00148811517283, 0.0637050569057, 0.509961426258, 1.2519557476, 4.46356630325, 18.4034175873, 9.25738239288, 5.91946554184, 11.2644100189, 31.6059322357, 31.0525283813, 6.33141946793, 6.3164358139, 10.6323385239, 11.9858217239, 15.0605192184, 15.1651706696, 23.124332428, 12.6468830109, 6.92071199417, 1.78377115726, 0.906211197376, 0.495900988579, 0.37911054492, 0.323922216892, 0.130757704377, 0.0710077360272, 0.0476557053626, 0.0387000367045, 0.0152047798038, 0.00569089036435, 0.00311079761013, 0.00065468082903, 0.00029947317671, 5.10797981406e-05, 1.43108200064e-05, 4.75235538033e-06, 1.28919236886e-06, 3.31260798703e-06, 7.75908756623e-06], "dvar": [6.81525125401e-06, 0.0210538655519, 1.31690895557, 5.06919956207, 14.0761365891, 335.782287598, 179.916625977, 153.828918457, 826.875305176, 11843.4404297, 5605.73681641, 151.480056763, 186.397521973, 906.09576416, 1621.5736084, 1936.20739746, 3137.64111328, 7558.01611328, 5375.16601562, 441.183288574, 13.6303043365, 6.04361915588, 1.63925635815, 0.818170547485, 1.57372009754, 0.613604545593, 0.0594494268298, 0.0554031655192, 0.0343256406486, 0.00572623917833, 0.000655347830616, 0.000396287010517, 1.84243344847e-05, 3.2301209103e-06, 5.06352648699e-08, 2.19257723089e-09, 1.24852073125e-10, 6.53935152556e-12, 1.97483106257e-11, 1.03306536936e-10], "dvar2": [1.42167964441e-05, 0.0429151132703, 2.20979976654, 11.9035148621, 40.4172821045, 969.430786133, 387.86630249, 297.836761475, 1286.9552002, 29941.1074219, 11765.9267578, 304.193878174, 381.67376709, 1910.64086914, 2962.52416992, 3342.38012695, 4171.30371094, 13831.2080078, 11712.8916016, 962.673339844, 29.6684494019, 15.5442152023, 3.81137251854, 1.74069499969, 2.48334813118, 1.59429585934, 0.13617348671, 0.124230831861, 0.0741708353162, 0.0126238837838, 0.00143783946987, 0.000917047320399, 4.86392673338e-05, 8.73626959219e-06, 1.19617027394e-07, 5.14259967943e-09, 2.75666434124e-10, 1.56072446633e-11, 3.85294435246e-11, 2.05130759601e-10], "max": [0.10346198827, 7.28238534927, 50.5873527527, 78.3758392334, 96.740562439, 374.228088379, 270.552947998, 446.601409912, 1060.78686523, 3347.54785156, 2693.84326172, 353.279449463, 504.540649414, 1415.60754395, 857.415588379, 1002.90185547, 1932.56787109, 2402.7956543, 2689.34423828, 578.076965332, 99.7424621582, 69.1859817505, 32.8961639404, 22.1464118958, 56.2280235291, 36.0564079285, 6.08003759384, 6.80655288696, 6.96682977676, 2.93299531937, 0.990890443325, 0.74072933197, 0.185892537236, 0.0697367265821, 0.00955301057547, 0.00167100166436, 0.000448021717602, 9.37338918447e-05, 0.000106206796772, 0.000243090631557], "mean": [0.00267999968491, 0.106558807194, 0.974172055721, 2.53277349472, 5.67705440521, 17.7783966064, 13.2777605057, 10.8444375992, 22.7384223938, 54.838684082, 72.1522445679, 15.0973939896, 12.1600456238, 15.135684967, 18.1018638611, 23.0648880005, 32.7659835815, 34.0106887817, 13.3906927109, 9.34740447998, 2.77960419655, 1.28618061543, 0.671458125114, 0.496181100607, 0.398256480694, 0.122940629721, 0.0654125139117, 0.0398287214339, 0.0320896916091, 0.0122860912234, 0.00382030010223, 0.00189859955572, 0.000364540028386, 0.000156532492838, 3.82866819564e-05, 1.63294516824e-05, 7.78114190325e-06, 1.91631852431e-06, 8.37341849547e-06, 1.92452025658e-05], "median": [0.000946970074438, 0.0271929241717, 0.170675963163, 0.572088718414, 3.31752729416, 9.24249839783, 5.15141963959, 2.91647100449, 5.37568855286, 7.80198287964, 13.5262365341, 3.39642930031, 2.25268054008, 2.90254259109, 2.58266496658, 3.67128324509, 2.98269939423, 3.36889672279, 0.960441470146, 1.35204565525, 0.563952922821, 0.152977854013, 0.0697784796357, 0.0338954739273, 0.0136889498681, 0.00383646017872, 0.00120385852642, 0.000290434458293, 0.000126621831441, 4.74737898912e-05, 2.65656926786e-05, 1.73080879904e-05, 1.36970866151e-05, 1.1340905985e-05, 8.83990287548e-06, 6.54648329146e-06, 3.7820682337e-06, 8.88260956344e-07, 4.48582068202e-06, 1.04165619632e-05], "min": [1.80342526528e-22, 7.29254524735e-22, 2.16324269756e-21, 3.9664934037e-21, 3.77332249686e-21, 4.61928156335e-20, 7.42146122465e-20, 2.10934067655e-19, 1.39700013338e-19, 1.91186552247e-19, 4.188393101e-19, 4.13102192167e-19, 1.00785702086e-18, 1.13114405186e-18, 1.45772591784e-18, 1.03573145654e-18, 2.05571173986e-18, 3.04503815724e-18, 3.02459480199e-18, 3.80884370678e-18, 4.05233300548e-18, 5.6360306724e-18, 7.26001368951e-18, 6.5525811191e-18, 9.6228534549e-18, 1.07812404934e-17, 9.38095854683e-18, 9.1952912409e-18, 1.36998306524e-17, 1.14005191852e-17, 9.21992716108e-18, 1.25961740191e-17, 9.89899364033e-18, 8.46975375484e-18, 6.89104688215e-18, 4.47621095703e-18, 2.63900580022e-18, 1.05370857279e-18, 2.58241625487e-19, 2.93586238805e-20], "var": [3.35839868058e-05, 0.101952075958, 8.15132236481, 43.3741264343, 48.2007598877, 668.143554688, 467.689788818, 715.917297363, 4111.50439453, 38461.4921875, 27661.1015625, 865.674621582, 912.379394531, 2111.79858398, 3754.40917969, 4188.33642578, 14717.3046875, 20059.3613281, 6590.69921875, 826.364318848, 49.9884986877, 14.0322198868, 4.0594534874, 2.27641892433, 4.50242757797, 0.551342904568, 0.0898148864508, 0.0727295428514, 0.0494144558907, 0.00797247886658, 0.000755525368731, 0.000386128987884, 1.41812497532e-05, 2.38838424593e-06, 5.16226492664e-08, 2.51861109746e-09, 2.20314905208e-10, 1.19770695098e-11, 1.16497381186e-10, 6.10844708149e-10]}, "gfcc": {"mean": [-229.511001587, 253.507446289, -122.509277344, -53.1250419617, -16.7874889374, -26.7887115479, -31.5945682526, -25.0532302856, -13.7362527847, -13.3067874908, -7.76587486267, -18.0612220764, -8.86617088318], "cov": [[14011.5039062, -829.233764648, -4167.27050781, 1823.46032715, -262.152282715, -897.638061523, 632.119628906, -280.056060791, 129.911209106, 148.151245117, -4.47186326981, -314.378204346, -184.430953979], [-829.233764648, 993.688964844, 616.763305664, -601.324645996, 261.764221191, 56.2427482605, -151.946426392, 58.2782211304, -42.0848922729, -75.8044891357, 8.40327835083, 27.6934871674, 43.980682373], [-4167.27050781, 616.763305664, 1725.08752441, -689.726928711, 57.8224067688, 422.389465332, -221.811721802, 80.5034103394, -17.7172870636, -72.2773895264, 20.1194419861, 77.7004623413, 26.6171607971], [1823.46032715, -601.324645996, -689.726928711, 768.436706543, -66.3341598511, -39.3778190613, 263.693786621, -4.7784075737, 76.5120315552, 63.8857803345, -17.9744739532, -13.9409303665, -31.2762393951], [-262.152282715, 261.764221191, 57.8224067688, -66.3341598511, 321.201080322, 17.2033233643, -12.0185680389, 60.74376297, -27.5046749115, -9.03506374359, 7.39443397522, 24.6937828064, 31.6093082428], [-897.638061523, 56.2427482605, 422.389465332, -39.3778190613, 17.2033233643, 376.5050354, 69.5730667114, -10.955332756, -0.920310199261, -34.6320610046, -5.35950469971, 49.487663269, 0.856916308403], [632.119628906, -151.946426392, -221.811721802, 263.693786621, -12.0185680389, 69.5730667114, 247.100784302, 36.2342414856, 3.58188295364, 17.2315044403, -9.31528568268, 4.8564620018, -11.0735435486], [-280.056060791, 58.2782211304, 80.5034103394, -4.7784075737, 60.74376297, -10.955332756, 36.2342414856, 136.675552368, 40.2314491272, -5.55767297745, 10.0606250763, 17.2241954803, 13.9708175659], [129.911209106, -42.0848922729, -17.7172870636, 76.5120315552, -27.5046749115, -0.920310199261, 3.58188295364, 40.2314491272, 114.05216217, 34.1560287476, -3.32596802711, 5.06266546249, -1.32266139984], [148.151245117, -75.8044891357, -72.2773895264, 63.8857803345, -9.03506374359, -34.6320610046, 17.2315044403, -5.55767297745, 34.1560287476, 88.1506271362, 21.4637088776, -27.2407512665, -10.1841020584], [-4.47186326981, 8.40327835083, 20.1194419861, -17.9744739532, 7.39443397522, -5.35950469971, -9.31528568268, 10.0606250763, -3.32596802711, 21.4637088776, 64.9703140259, 18.6964435577, -17.5349369049], [-314.378204346, 27.6934871674, 77.7004623413, -13.9409303665, 24.6937828064, 49.487663269, 4.8564620018, 17.2241954803, 5.06266546249, -27.2407512665, 18.6964435577, 103.894256592, 34.934135437], [-184.430953979, 43.980682373, 26.6171607971, -31.2762393951, 31.6093082428, 0.856916308403, -11.0735435486, 13.9708175659, -1.32266139984, -10.1841020584, -17.5349369049, 34.934135437, 72.1007385254]], "icov": [[0.00070348160807, -0.00155892129987, 0.00178488518577, -0.00130297977012, 0.00107708165888, -0.000423934921855, 0.000178762624273, 0.000586945272516, -0.000553984951694, 0.000876945268828, -0.00161041598767, 0.00141904654447, 7.3324999903e-06], [-0.00155892129987, 0.00679071666673, -0.0046648834832, 0.0056034475565, -0.00515950052068, 0.00227817823179, -0.00300344312564, 0.00088746304391, -0.00185529969167, 0.00113504240289, 0.00204512942582, -0.00184353487566, -0.000858594605234], [0.00178488518577, -0.0046648834832, 0.0065577365458, -0.00286405952647, 0.00385571480729, -0.00380676821806, 0.00283617922105, -0.00136151118204, 0.000234641120187, 0.000188165256986, -0.00277943746187, 0.0025785129983, 0.000907790265046], [-0.00130297977012, 0.0056034475565, -0.00286405952647, 0.00800646096468, -0.00417817384005, 0.0016024914803, -0.00499904016033, 0.00132282520644, -0.00344615778886, 0.000178033311386, 0.00245818658732, -0.00228219223209, 0.00023349809635], [0.00107708165888, -0.00515950052068, 0.00385571480729, -0.00417817384005, 0.00804571527988, -0.00295671378262, 0.00397942401469, -0.0043276627548, 0.00446716463193, -0.00300159491599, -0.000360933627235, 0.000254011567449, 7.12705077603e-05], [-0.000423934921855, 0.00227817823179, -0.00380676821806, 0.0016024914803, -0.00295671378262, 0.00760381761938, -0.00599940959364, 0.00551813608035, -0.0039577097632, 0.0040382174775, -0.000888163456693, -0.00080674875062, -0.000485722441226], [0.000178762624273, -0.00300344312564, 0.00283617922105, -0.00499904016033, 0.00397942401469, -0.00599940959364, 0.0136372912675, -0.00925550051033, 0.0087397666648, -0.00732344901189, 0.00513037340716, -0.00295043061487, 0.00309155415744], [0.000586945272516, 0.00088746304391, -0.00136151118204, 0.00132282520644, -0.0043276627548, 0.00551813608035, -0.00925550051033, 0.0183720216155, -0.0123150683939, 0.0104712229222, -0.00930103752762, 0.00508338306099, -0.00458512175828], [-0.000553984951694, -0.00185529969167, 0.000234641120187, -0.00344615778886, 0.00446716463193, -0.0039577097632, 0.0087397666648, -0.0123150683939, 0.0211141966283, -0.014144201763, 0.0106753353029, -0.00756966788322, 0.00460367416963], [0.000876945268828, 0.00113504240289, 0.000188165256986, 0.000178033311386, -0.00300159491599, 0.0040382174775, -0.00732344901189, 0.0104712229222, -0.014144201763, 0.0271863862872, -0.0175439529121, 0.0130761070177, -0.0073489965871], [-0.00161041598767, 0.00204512942582, -0.00277943746187, 0.00245818658732, -0.000360933627235, -0.000888163456693, 0.00513037340716, -0.00930103752762, 0.0106753353029, -0.0175439529121, 0.0335744433105, -0.0169225540012, 0.0135668823496], [0.00141904654447, -0.00184353487566, 0.0025785129983, -0.00228219223209, 0.000254011567449, -0.00080674875062, -0.00295043061487, 0.00508338306099, -0.00756966788322, 0.0130761070177, -0.0169225540012, 0.0227208659053, -0.0121435234323], [7.3324999903e-06, -0.000858594605234, 0.000907790265046, 0.00023349809635, 7.12705077603e-05, -0.000485722441226, 0.00309155415744, -0.00458512175828, 0.00460367416963, -0.0073489965871, 0.0135668823496, -0.0121435234323, 0.0237455815077]]}, "melbands": {"dmean": [2.17365140998e-05, 0.00013482401846, 0.000142493969179, 0.000485387980007, 0.000257218867773, 9.24302366911e-05, 0.000128780317027, 0.000238401422394, 0.000156487949425, 2.29634279094e-05, 2.28303724725e-05, 3.11500698444e-05, 2.21881582547e-05, 5.35967483302e-05, 1.78376358235e-05, 3.33168063662e-05, 2.75551392406e-05, 1.28941719595e-05, 9.58187138167e-06, 3.59699424735e-06, 1.21733444303e-06, 6.71604880154e-07, 3.8119694068e-07, 3.11078650839e-07, 2.09243424365e-07, 2.00439430387e-07, 8.71421335091e-08, 5.74151535204e-08, 3.20344852867e-08, 1.76886487679e-08, 2.17034301642e-08, 1.73301994977e-08, 1.26645565146e-08, 3.03911340538e-09, 2.29013452646e-09, 1.74059278102e-09, 9.41392963583e-10, 2.45191561499e-10, 2.25070212467e-10, 1.1364029856e-10], "dmean2": [3.36346784024e-05, 0.000205096977879, 0.000232842940022, 0.00086076540174, 0.000409375992604, 0.000140123083838, 0.000180804461706, 0.000356348929927, 0.000217662935029, 3.22684281855e-05, 3.2509175071e-05, 4.61754498247e-05, 2.91497781291e-05, 6.97201976436e-05, 2.28439621424e-05, 4.42487071268e-05, 3.94699309254e-05, 1.88974772755e-05, 1.38770374178e-05, 5.48061689187e-06, 1.90923401533e-06, 1.07481923806e-06, 5.76806939989e-07, 4.91216439968e-07, 3.06888239265e-07, 2.90117981194e-07, 1.31684160465e-07, 8.74565060371e-08, 4.84103814813e-08, 2.63641997122e-08, 3.1762183994e-08, 2.55352645695e-08, 1.77091319387e-08, 4.60271154523e-09, 3.51871554116e-09, 2.72124722756e-09, 1.42110856416e-09, 4.14880241273e-10, 3.82183867886e-10, 1.95697291705e-10], "dvar": [4.64157645652e-09, 2.04637800039e-07, 1.08228469742e-07, 6.23317362169e-07, 2.57319925367e-07, 8.11203832995e-08, 1.88322545114e-07, 1.28488420614e-06, 2.94857329664e-07, 4.05963040961e-09, 4.90829199506e-09, 1.70370384467e-08, 9.72821023737e-09, 6.59168151174e-08, 6.84500012227e-09, 2.14340456495e-08, 2.18685247688e-08, 1.06579660653e-08, 4.70285366205e-09, 2.88140650229e-10, 1.82199290377e-11, 8.70175546203e-12, 2.03327393984e-12, 1.96941941921e-12, 5.62540411388e-13, 1.27718148557e-12, 1.62934946026e-13, 3.25573688018e-13, 3.10575234963e-14, 1.43430257363e-14, 2.55505591185e-14, 1.35242294794e-14, 1.41281910758e-14, 3.36545989339e-16, 2.50022923736e-16, 1.8096390403e-16, 1.29156629354e-16, 6.81448593978e-18, 9.20739785635e-18, 1.31103288083e-18], "dvar2": [1.05420987495e-08, 3.56167788595e-07, 2.57602692955e-07, 1.85898716154e-06, 5.85046564083e-07, 1.52154171928e-07, 3.16582656978e-07, 3.27974385073e-06, 6.24806659744e-07, 7.73376029883e-09, 1.00217798504e-08, 3.60602818716e-08, 1.75073697761e-08, 1.16311063891e-07, 8.70034622125e-09, 3.55146596576e-08, 4.04704607604e-08, 2.31879067059e-08, 1.03389314887e-08, 6.42449538013e-10, 4.1952327029e-11, 2.25828366424e-11, 4.30189391054e-12, 5.02118051998e-12, 1.16529323083e-12, 2.14094562391e-12, 3.30844292934e-13, 8.49872201693e-13, 7.41106056189e-14, 3.25822403996e-14, 5.76939551363e-14, 3.04599078707e-14, 3.15509235762e-14, 7.14786063776e-16, 5.69664014802e-16, 4.12052200323e-16, 2.99540125725e-16, 1.85481967844e-17, 2.46955185468e-17, 3.60617328976e-18], "max": [0.00318321748637, 0.0203000288457, 0.0109365480021, 0.01453960035, 0.00905113946646, 0.0107545442879, 0.013717411086, 0.0311319958419, 0.02028263174, 0.00175866205245, 0.00251777702942, 0.00608177576214, 0.00312864826992, 0.00602613156661, 0.00301415892318, 0.00335426535457, 0.00413250224665, 0.00370969693176, 0.0024239574559, 0.000636856071651, 0.000138108298415, 7.70759652369e-05, 3.30882394337e-05, 3.47566456185e-05, 2.0466190108e-05, 4.89612539241e-05, 1.25439573821e-05, 2.60354463535e-05, 4.56669886262e-06, 3.4949412111e-06, 4.50495372206e-06, 3.41669419868e-06, 5.15142528457e-06, 5.73446982344e-07, 5.58287069907e-07, 4.61326521872e-07, 4.50625009307e-07, 1.15800652623e-07, 1.36712969834e-07, 4.34621512113e-08], "mean": [5.45020157006e-05, 0.000394853355829, 0.000434213143308, 0.000921718601603, 0.000543138652574, 0.000248492666287, 0.000368149747374, 0.000637488206849, 0.000511821883265, 6.85283448547e-05, 6.03718108323e-05, 6.34324314888e-05, 4.75111119158e-05, 8.87271744432e-05, 4.94011146657e-05, 8.33492304082e-05, 5.54899597773e-05, 1.85546232387e-05, 1.65431938512e-05, 7.46966225051e-06, 2.72631291409e-06, 1.39721066716e-06, 7.79528647854e-07, 5.13593590767e-07, 3.96695810423e-07, 3.46765972381e-07, 1.34492196935e-07, 7.36052214734e-08, 4.44524808074e-08, 2.28666117152e-08, 2.46283420324e-08, 1.93192395415e-08, 1.52176582446e-08, 3.31291971634e-09, 2.29311969413e-09, 1.56516510863e-09, 8.49053050089e-10, 2.10542250301e-10, 1.84487744526e-10, 9.25634638382e-11], "median": [1.5174937289e-05, 8.29164928291e-05, 0.00014705825015, 0.000517426175065, 0.000244450115133, 6.74609327689e-05, 8.40284337755e-05, 9.19578233152e-05, 9.85252554528e-05, 1.17082681754e-05, 9.75657167146e-06, 1.08343720058e-05, 7.14540101399e-06, 7.82758888818e-06, 7.43155487726e-06, 6.52860308037e-06, 5.26496751263e-06, 7.21013748262e-07, 1.27571593111e-06, 1.29226350509e-06, 3.23498539956e-07, 1.19705674706e-07, 5.19104688124e-08, 3.15564463449e-08, 2.18809930175e-08, 9.49910727854e-09, 3.57685880914e-09, 1.27162191887e-09, 5.5012072675e-10, 2.94638091702e-10, 8.51283418757e-11, 6.5612570932e-11, 3.52669629611e-11, 1.66986997147e-11, 1.14082120486e-11, 7.91024190594e-12, 5.47212795909e-12, 4.68309202181e-12, 4.36691394851e-12, 3.61149586799e-12], "min": [2.87002980107e-24, 1.4906936893e-24, 6.96478439991e-25, 8.71627895574e-25, 2.74500047519e-24, 5.38383368317e-24, 2.70906016956e-24, 1.50880810505e-24, 3.3879240851e-24, 2.91103045219e-24, 5.05436987041e-24, 3.6220895562e-24, 4.90886447644e-24, 1.99924726856e-24, 3.88840229249e-24, 3.25586088095e-24, 4.84783070263e-24, 4.24073005529e-24, 4.91910310213e-24, 3.58115871927e-24, 4.1682065224e-24, 5.21809045711e-24, 5.86047843046e-24, 3.26476120412e-24, 4.43181701566e-24, 6.7936188398e-24, 6.63379719813e-24, 6.96683297307e-24, 6.43485791631e-24, 3.88199871409e-24, 4.48523354856e-24, 7.43486572586e-24, 6.72644812259e-24, 5.51788678895e-24, 5.29446994211e-24, 5.48740441471e-24, 6.96792948973e-24, 6.15455591517e-24, 5.2680628233e-24, 6.76475441928e-24], "var": [1.93838527451e-08, 1.23958079712e-06, 8.78811533767e-07, 1.48115975662e-06, 6.5289793838e-07, 3.75369950234e-07, 9.80189724942e-07, 4.32308343079e-06, 1.42202236475e-06, 2.2442064207e-08, 2.38509674233e-08, 3.93190013881e-08, 3.42978196954e-08, 1.25457546574e-07, 3.31427010281e-08, 7.53599920245e-08, 5.70237332909e-08, 1.36023050601e-08, 6.28805052472e-09, 5.42413503002e-10, 7.19461157317e-11, 2.02817190126e-11, 5.91611048345e-12, 3.14740963327e-12, 1.71416852067e-12, 3.52699250014e-12, 3.30374779183e-13, 2.81639484954e-13, 4.48462440957e-14, 1.98838934548e-14, 3.17145737298e-14, 1.68194773295e-14, 1.99626133088e-14, 4.39397017899e-16, 2.70618847486e-16, 1.86383525229e-16, 1.24008217516e-16, 4.98144584415e-18, 6.59642251875e-18, 9.5549979681e-19]}, "mfcc": {"mean": [-828.16619873, 240.737335205, 1.88618826866, -18.3280162811, 5.02824068069, 0.37622204423, -9.66513061523, -14.3127117157, -12.0501251221, -5.25511169434, -3.03667330742, -3.78027248383, -2.98483681679], "cov": [[6548.17236328, 1441.73083496, -2964.43310547, 506.592498779, 160.137115479, -342.214050293, -82.0222930908, -8.29850482941, -72.7879180908, 157.977279663, 223.588638306, -3.26434445381, -4.83078861237], [1441.73083496, 960.043334961, -455.895690918, -146.17237854, 171.270645142, -83.9888916016, -41.0187911987, -28.6002502441, -25.5069351196, 4.42694282532, 7.0321764946, 11.4657211304, -0.305515140295], [-2964.43310547, -455.895690918, 1758.46936035, -229.278182983, -180.171173096, 268.030212402, 50.1486663818, 5.8326292038, 52.1838645935, -84.4363021851, -94.5384597778, 28.8929405212, -21.8328800201], [506.592498779, -146.17237854, -229.278182983, 310.331756592, -12.4800691605, -33.6121444702, 45.7193412781, 35.4370613098, 25.3511543274, 49.2577667236, 53.0149307251, 24.6169681549, 37.5240898132], [160.137115479, 171.270645142, -180.171173096, -12.4800691605, 254.26600647, -1.54669725895, -22.1918373108, 38.5571632385, 25.3560028076, 3.06236171722, -9.99530220032, 7.68675661087, 36.6722412109], [-342.214050293, -83.9888916016, 268.030212402, -33.6121444702, -1.54669725895, 219.392196655, 81.0250473022, 29.9397716522, 33.4845123291, -17.2181015015, 1.18605959415, -5.48898887634, -42.8380088806], [-82.0222930908, -41.0187911987, 50.1486663818, 45.7193412781, -22.1918373108, 81.0250473022, 203.335754395, 88.0324859619, 9.46375465393, 17.807882309, 18.4784622192, 2.81804013252, -23.702501297], [-8.29850482941, -28.6002502441, 5.8326292038, 35.4370613098, 38.5571632385, 29.9397716522, 88.0324859619, 174.371688843, 81.6946182251, -26.1026706696, -2.66748356819, 21.3790225983, 11.1197328568], [-72.7879180908, -25.5069351196, 52.1838645935, 25.3511543274, 25.3560028076, 33.4845123291, 9.46375465393, 81.6946182251, 129.008148193, 17.6322345734, -25.1481246948, 16.6503982544, 20.771194458], [157.977279663, 4.42694282532, -84.4363021851, 49.2577667236, 3.06236171722, -17.2181015015, 17.807882309, -26.1026706696, 17.6322345734, 121.640167236, 49.9836120605, -13.1555175781, 5.55980443954], [223.588638306, 7.0321764946, -94.5384597778, 53.0149307251, -9.99530220032, 1.18605959415, 18.4784622192, -2.66748356819, -25.1481246948, 49.9836120605, 104.086051941, 17.7778644562, -25.6991138458], [-3.26434445381, 11.4657211304, 28.8929405212, 24.6169681549, 7.68675661087, -5.48898887634, 2.81804013252, 21.3790225983, 16.6503982544, -13.1555175781, 17.7778644562, 81.5116348267, 41.4440956116], [-4.83078861237, -0.305515140295, -21.8328800201, 37.5240898132, 36.6722412109, -42.8380088806, -23.702501297, 11.1197328568, 20.771194458, 5.55980443954, -25.6991138458, 41.4440956116, 130.358596802]], "icov": [[0.00966139696538, -0.0131411487237, 0.0141670005396, -0.0137446541339, 0.0142264030874, -0.0145340366289, 0.0138636846095, -0.0129442289472, 0.010804656893, -0.00918907765299, 0.00740981753916, -0.00498239696026, 0.00321817700751], [-0.0131411487237, 0.0195097252727, -0.0188107285649, 0.0199323762208, -0.0202067866921, 0.0202771537006, -0.0195048004389, 0.0184313505888, -0.0153027670458, 0.0128027992323, -0.0104957623407, 0.00611630594358, -0.00422145053744], [0.0141670005396, -0.0188107285649, 0.0218493714929, -0.019255829975, 0.0214413739741, -0.0224047768861, 0.0204168427736, -0.0190056394786, 0.0158430356532, -0.0137399965897, 0.0116867786273, -0.00832733232528, 0.00463523808867], [-0.0137446541339, 0.0199323762208, -0.019255829975, 0.0251263100654, -0.0201187618077, 0.02153769508, -0.0216645915061, 0.0195867158473, -0.0177983231843, 0.0137240225449, -0.0135980416089, 0.00692537752911, -0.00642470922321], [0.0142264030874, -0.0202067866921, 0.0214413739741, -0.0201187618077, 0.0266645718366, -0.0234851762652, 0.0227271951735, -0.0222936030477, 0.0176810435951, -0.0156265180558, 0.0127402180806, -0.00785699579865, 0.00353610236198], [-0.0145340366289, 0.0202771537006, -0.0224047768861, 0.02153769508, -0.0234851762652, 0.0311583690345, -0.0265442337841, 0.024725208059, -0.0230714846402, 0.0194830484688, -0.0164736155421, 0.0103466724977, -0.00422458071262], [0.0138636846095, -0.0195048004389, 0.0204168427736, -0.0216645915061, 0.0227271951735, -0.0265442337841, 0.0326707549393, -0.0301027167588, 0.0258539654315, -0.0225412268192, 0.0178332980722, -0.0111386273056, 0.00741421757266], [-0.0129442289472, 0.0184313505888, -0.0190056394786, 0.0195867158473, -0.0222936030477, 0.024725208059, -0.0301027167588, 0.0384177789092, -0.0320711098611, 0.0267263930291, -0.0212400667369, 0.0117922034115, -0.00757754174992], [0.010804656893, -0.0153027670458, 0.0158430356532, -0.0177983231843, 0.0176810435951, -0.0230714846402, 0.0258539654315, -0.0320711098611, 0.0379729755223, -0.0271216705441, 0.0244149956852, -0.0146872857586, 0.00761102652177], [-0.00918907765299, 0.0128027992323, -0.0137399965897, 0.0137240225449, -0.0156265180558, 0.0194830484688, -0.0225412268192, 0.0267263930291, -0.0271216705441, 0.0333010479808, -0.0252910032868, 0.0163315720856, -0.00941897928715], [0.00740981753916, -0.0104957623407, 0.0116867786273, -0.0135980416089, 0.0127402180806, -0.0164736155421, 0.0178332980722, -0.0212400667369, 0.0244149956852, -0.0252910032868, 0.0336503870785, -0.0179858021438, 0.0117187676951], [-0.00498239696026, 0.00611630594358, -0.00832733232528, 0.00692537752911, -0.00785699579865, 0.0103466724977, -0.0111386273056, 0.0117922034115, -0.0146872857586, 0.0163315720856, -0.0179858021438, 0.0260297656059, -0.0111567676067], [0.00321817700751, -0.00422145053744, 0.00463523808867, -0.00642470922321, 0.00353610236198, -0.00422458071262, 0.00741421757266, -0.00757754174992, 0.00761102652177, -0.00941897928715, 0.0117187676951, -0.0111567676067, 0.0150638818741]]}, "spectral_contrast_coeffs": {"dmean": [0.0492247380316, 0.0323906950653, 0.0273551866412, 0.0258559286594, 0.0192806851119, 0.0406484939158], "dmean2": [0.0856842473149, 0.0523221865296, 0.0437530167401, 0.0412210710347, 0.0312210842967, 0.0711743310094], "dvar": [0.00147914106492, 0.000938904762734, 0.000754600507207, 0.000717328162864, 0.00038974135532, 0.00124436337501], "dvar2": [0.00434345798567, 0.00225467677228, 0.0018392392667, 0.00167433999013, 0.000961711979471, 0.0034450313542], "max": [-0.248735770583, -0.304254472256, -0.508660554886, -0.490585029125, -0.582478880882, -0.610988020897], "mean": [-0.524191379547, -0.678063929081, -0.74323284626, -0.690542697906, -0.736844360828, -0.84952133894], "median": [-0.515306830406, -0.686602652073, -0.752065360546, -0.69014275074, -0.73093855381, -0.873808026314], "min": [-0.978006720543, -0.997204124928, -0.998851418495, -0.988260746002, -0.988891780376, -0.96415412426], "var": [0.0082672983408, 0.00691037997603, 0.00434880843386, 0.00359397218563, 0.00313168019056, 0.00631803367287]}, "spectral_contrast_valleys": {"dmean": [0.404510855675, 0.291589170694, 0.265022695065, 0.269743382931, 0.276342183352, 0.79586571455], "dmean2": [0.677959322929, 0.471870243549, 0.422721982002, 0.433925002813, 0.435632795095, 1.4110904932], "dvar": [0.146390870214, 0.10288258642, 0.100514292717, 0.122647598386, 0.184121191502, 0.384785562754], "dvar2": [0.331755667925,