{"lowlevel": {"average_loudness": 0.8748665452, "barkbands_crest": {"dmean": 2.6631565094, "dmean2": 4.15418434143, "dvar": 11.0488643646, "dvar2": 24.8240146637, "max": 26.9964179993, "mean": 16.1453857422, "median": 15.4725046158, "min": 2.52613711357, "var": 37.4915809631}, "barkbands_flatness_db": {"dmean": 0.0470363534987, "dmean2": 0.0633630007505, "dvar": 0.00285444082692, "dvar2": 0.00594069063663, "max": 0.868732511997, "mean": 0.30449038744, "median": 0.277286887169, "min": 0.0210954193026, "var": 0.022810023278}, "barkbands_kurtosis": {"dmean": 90.9619598389, "dmean2": 149.715560913, "dvar": 1271531.875, "dvar2": 3461949.75, "max": 57535.6015625, "mean": 93.0989074707, "median": 13.2939815521, "min": -1.96813058853, "var": 846492.1875}, "barkbands_skewness": {"dmean": 2.063372612, "dmean2": 2.95290756226, "dvar": 29.6808891296, "dvar2": 66.8337631226, "max": 191.841918945, "mean": 3.80111694336, "median": 2.50736689568, "min": -7.34942436218, "var": 45.5456809998}, "barkbands_spread": {"dmean": 8.12515640259, "dmean2": 12.5058012009, "dvar": 193.562606812, "dvar2": 411.828338623, "max": 152.11126709, "mean": 19.2988433838, "median": 7.22718286514, "min": 0.00379235297441, "var": 779.422485352}, "dissonance": {"dmean": 0.0396269634366, "dmean2": 0.0595513693988, "dvar": 0.00181180075742, "dvar2": 0.00380328926258, "max": 0.500000119209, "mean": 0.365658849478, "median": 0.385468035936, "min": 0.0402560383081, "var": 0.0100164962932}, "dynamic_complexity": 6.58818626404, "erbbands_crest": {"dmean": 3.10499763489, "dmean2": 4.59823656082, "dvar": 13.7067661285, "dvar2": 28.1592884064, "max": 34.2746429443, "mean": 16.3274250031, "median": 15.6952543259, "min": 2.70867228508, "var": 57.8371009827}, "erbbands_flatness_db": {"dmean": 0.0430383197963, "dmean2": 0.0541013665497, "dvar": 0.00246035819873, "dvar2": 0.00477799540386, "max": 0.681130230427, "mean": 0.249405518174, "median": 0.22379784286, "min": 0.0459915138781, "var": 0.0163874402642}, "erbbands_kurtosis": {"dmean": 19.3848743439, "dmean2": 27.5373687744, "dvar": 2278.39257812, "dvar2": 4495.66992188, "max": 654.807678223, "mean": 27.9243183136, "median": 5.38553333282, "min": -1.96169149876, "var": 4375.41503906}, "erbbands_skewness": {"dmean": 1.37865710258, "dmean2": 1.87407004833, "dvar": 3.02354049683, "dvar2": 6.18014526367, "max": 19.5484199524, "mean": 2.33548521996, "median": 1.69186913967, "min": -6.72773122787, "var": 10.7419395447}, "erbbands_spread": {"dmean": 18.5801239014, "dmean2": 27.2934017181, "dvar": 605.827575684, "dvar2": 1194.65478516, "max": 196.369277954, "mean": 35.2819595337, "median": 20.4279174805, "min": 0.214705303311, "var": 1430.81176758}, "hfc": {"dmean": 5.85474777222, "dmean2": 9.00075149536, "dvar": 182.76461792, "dvar2": 448.254516602, "max": 126.920417786, "mean": 8.85552310944, "median": 3.34464716911, "min": 2.84813166974e-12, "var": 199.375823975}, "melbands_crest": {"dmean": 3.08283782005, "dmean2": 4.63991117477, "dvar": 16.1971244812, "dvar2": 34.8427696228, "max": 37.8053741455, "mean": 19.7347583771, "median": 19.8469409943, "min": 1.90627765656, "var": 47.2630996704}, "melbands_flatness_db": {"dmean": 0.0528884828091, "dmean2": 0.0702745243907, "dvar": 0.00358795071952, "dvar2": 0.00708657922223, "max": 0.975267469883, "mean": 0.393256813288, "median": 0.372634202242, "min": 0.020633449778, "var": 0.0291833672673}, "melbands_kurtosis": {"dmean": 54.3958702087, "dmean2": 80.3918991089, "dvar": 17395.296875, "dvar2": 38827.7929688, "max": 4988.7109375, "mean": 78.6267776489, "median": 24.0498542786, "min": -1.95878243446, "var": 28195.4707031}, "melbands_skewness": {"dmean": 2.17283344269, "dmean2": 3.06998157501, "dvar": 8.83774757385, "dvar2": 17.3514080048, "max": 51.9584541321, "mean": 4.17109918594, "median": 2.91102385521, "min": -5.75277137756, "var": 23.1024932861}, "melbands_spread": {"dmean": 8.01870632172, "dmean2": 11.9488286972, "dvar": 506.822631836, "dvar2": 979.762207031, "max": 275.71383667, "mean": 15.7353248596, "median": 4.74292373657, "min": 0.113176874816, "var": 1334.90014648}, "pitch_salience": {"dmean": 0.0854032114148, "dmean2": 0.133279234171, "dvar": 0.0132772205397, "dvar2": 0.0321414060891, "max": 0.983287274837, "mean": 0.401112288237, "median": 0.401484161615, "min": 0.00767033593729, "var": 0.0302812941372}, "silence_rate_20dB": {"dmean": 0, "dmean2": 0, "dvar": 0, "dvar2": 0, "max": 1, "mean": 1, "median": 1, "min": 1, "var": 0}, "silence_rate_30dB": {"dmean": 0.0775432735682, "dmean2": 0.15510495007, "dvar": 0.0715348720551, "dvar2": 0.149541139603, "max": 1, "mean": 0.930409014225, "median": 1, "min": 0, "var": 0.0647492781281}, "silence_rate_60dB": {"dmean": 0.0993597358465, "dmean2": 0.198624446988, "dvar": 0.089489094913, "dvar2": 0.169837027788, "max": 1, "mean": 0.358032017946, "median": 0, "min": 0, "var": 0.229833528399}, "spectral_centroid": {"dmean": 257.884399414, "dmean2": 372.312988281, "dvar": 316933, "dvar2": 562833.375, "max": 5924.17919922, "mean": 870.444885254, "median": 447.009643555, "min": 86.0651626587, "var": 1183096.5}, "spectral_complexity": {"dmean": 1.72705709934, "dmean2": 2.80315423012, "dvar": 18.373292923, "dvar2": 41.6271400452, "max": 57, "mean": 4.80035543442, "median": 4, "min": 0, "var": 23.9628944397}, "spectral_decrease": {"dmean": 4.54404114336e-09, "dmean2": 6.96915458676e-09, "dvar": 1.22595816547e-16, "dvar2": 2.87174794654e-16, "max": 1.17282197842e-10, "mean": -6.13412787231e-09, "median": -1.31388555591e-09, "min": -8.245574179e-08, "var": 1.35473854014e-16}, "spectral_energy": {"dmean": 0.0176204461604, "dmean2": 0.0270047262311, "dvar": 0.00182413484436, "dvar2": 0.00426755798981, "max": 0.318179547787, "mean": 0.023954777047, "median": 0.00528045929968, "min": 2.86114971149e-16, "var": 0.00202058791183}, "spectral_energyband_high": {"dmean": 0.000419532123487, "dmean2": 0.000673185626511, "dvar": 1.17251340725e-06, "dvar2": 2.9234165595e-06, "max": 0.0118871247396, "mean": 0.000429622450611, "median": 3.74840892619e-05, "min": 2.27929948661e-16, "var": 1.10084920379e-06}, "spectral_energyband_low": {"dmean": 0.0127838393673, "dmean2": 0.0208403039724, "dvar": 0.00122597126756, "dvar2": 0.00300413672812, "max": 0.257130861282, "mean": 0.0110446298495, "median": 0.000870048883371, "min": 4.07402871218e-18, "var": 0.00103517330717}, "spectral_energyband_middle_high": {"dmean": 0.000310918869218, "dmean2": 0.000474094238598, "dvar": 8.88997419679e-07, "dvar2": 1.85227224847e-06, "max": 0.0189332682639, "mean": 0.000367151253158, "median": 5.5137250456e-05, "min": 4.3983224725e-17, "var": 1.0761351632e-06}, "spectral_energyband_middle_low": {"dmean": 0.006300420966, "dmean2": 0.00985562056303, "dvar": 0.000268035248155, "dvar2": 0.000710833934136, "max": 0.175035521388, "mean": 0.0127554116771, "median": 0.00250558089465, "min": 6.64210439526e-18, "var": 0.000420699914685}, "spectral_entropy": {"dmean": 0.514110445976, "dmean2": 0.650971770287, "dvar": 0.411358207464, "dvar2": 0.780477046967, "max": 9.23408222198, "mean": 6.2016210556, "median": 6.38128948212, "min": 2.2361805439, "var": 2.22734618187}, "spectral_flux": {"dmean": 0.039857134223, "dmean2": 0.0614551268518, "dvar": 0.00540174404159, "dvar2": 0.0107116373256, "max": 0.540424048901, "mean": 0.0613925606012, "median": 0.0201857239008, "min": 2.73059481515e-06, "var": 0.00887372437865}, "spectral_kurtosis": {"dmean": 17.3187236786, "dmean2": 26.6986026764, "dvar": 3039.66625977, "dvar2": 9093.63378906, "max": 929.218322754, "mean": 30.6929073334, "median": 7.30058479309, "min": -1.15605318546, "var": 6857.9453125}, "spectral_rms": {"dmean": 0.0012493057875, "dmean2": 0.00173174613155, "dvar": 5.72021190237e-06, "dvar2": 1.14536560432e-05, "max": 0.0176187139004, "mean": 0.00352946179919, "median": 0.0022697285749, "min": 5.28333765626e-10, "var": 1.09133479782e-05}, "spectral_rolloff": {"dmean": 751.580993652, "dmean2": 1351.43640137, "dvar": 6033601, "dvar2": 12695689, "max": 18540.0878906, "mean": 2167.91015625, "median": 366.064453125, "min": 43.06640625, "var": 20679834}, "spectral_skewness": {"dmean": 1.0598347187, "dmean2": 1.41659140587, "dvar": 2.41779756546, "dvar2": 5.74996232986, "max": 27.3350658417, "mean": 3.36248540878, "median": 2.36130285263, "min": -0.0707893520594, "var": 12.3157548904}, "spectral_spread": {"dmean": 1585539.25, "dmean2": 2130419.5, "dvar": 3486911561730.0, "dvar2": 6979242688510.0, "max": 26337674, "mean": 5802881, "median": 5853071.5, "min": 129001.671875, "var": 11219993886700.0}, "spectral_strongpeak": {"dmean": 0.30045774579, "dmean2": 0.451582252979, "dvar": 0.38922688365, "dvar2": 1.03486895561, "max": 13.2300186157, "mean": 0.779802203178, "median": 0.458587706089, "min": 0, "var": 0.71482950449}, "zerocrossingrate": {"dmean": 0.0183945521712, "dmean2": 0.019800780341, "dvar": 0.000867988215759, "dvar2": 0.000912706251256, "max": 0.69677734375, "mean": 0.0752160325646, "median": 0.03076171875, "min": 0.001953125, "var": 0.0115084955469}, "barkbands": {"dmean": [0.000760005961638, 0.0102574117482, 0.00203048507683, 0.00158482987899, 0.00301665719599, 0.00166796194389, 0.000332713447278, 0.000214174462599, 0.000115852359158, 7.18123919796e-05, 4.64738877781e-05, 2.7986283385e-05, 3.01391519315e-05, 2.75623497146e-05, 2.34762301261e-05, 2.85339083348e-05, 2.56951789197e-05, 4.30665895692e-05, 4.11196961068e-05, 3.60866542906e-05, 4.21549630119e-05, 0.000106888233859, 0.000142338962178, 4.89839003421e-05, 3.08402231894e-05, 2.78049865301e-05, 1.64194098033e-05], "dmean2": [0.00126741919667, 0.0173282902688, 0.00348955346271, 0.00289272214286, 0.00484358100221, 0.0022428710945, 0.000468962825835, 0.000296000100207, 0.000173780252226, 0.000105436891317, 7.05181300873e-05, 4.55062763649e-05, 4.72000137961e-05, 4.49408289569e-05, 3.76170064555e-05, 4.55260596937e-05, 4.1004470404e-05, 7.25816062186e-05, 6.84145052219e-05, 5.99057348154e-05, 6.95198250469e-05, 0.000171042716829, 0.000225658819545, 8.31825163914e-05, 5.12944207003e-05, 4.59684924863e-05, 2.74638059636e-05], "dvar": [5.9652516029e-06, 0.000887919508386, 4.07987499784e-05, 2.99137573165e-05, 8.49693678902e-05, 2.81396660284e-05, 2.10671510104e-06, 1.11860606467e-06, 2.48110694656e-07, 9.72654063958e-08, 7.17206987133e-08, 2.24574954188e-08, 1.27179813347e-08, 1.62784452584e-08, 9.91414594864e-09, 1.39632847507e-08, 1.56098796111e-08, 4.28511022221e-08, 2.30096919296e-08, 2.08285815262e-08, 1.92622877648e-08, 7.9688589949e-08, 1.27178282128e-07, 2.75533924565e-08, 7.81425146812e-09, 6.06388228519e-09, 1.73047798313e-09], "dvar2": [1.48678109326e-05, 0.00228545907885, 0.000108531377919, 8.28446500236e-05, 0.00021522960742, 5.92949800193e-05, 4.34329604104e-06, 2.3554616746e-06, 4.78111473967e-07, 2.06489090715e-07, 1.63171122836e-07, 5.84784700663e-08, 3.04866105694e-08, 4.09132532297e-08, 2.0199845352e-08, 2.98365563367e-08, 3.8837839611e-08, 1.11876403253e-07, 5.53963594996e-08, 5.00529324654e-08, 4.83332627255e-08, 1.99926034838e-07, 3.14791122946e-07, 7.5651477971e-08, 2.00298728714e-08, 1.56315191902e-08, 5.09185005271e-09], "max": [0.0484158061445, 0.235768154263, 0.120493024588, 0.0673946067691, 0.133854180574, 0.1057324633, 0.0391627550125, 0.0310748200864, 0.0207998901606, 0.00616737967357, 0.00869825296104, 0.00504589639604, 0.00215815613046, 0.00332982908003, 0.00188696151599, 0.00295082246885, 0.00407920125872, 0.00410789204761, 0.00244019995444, 0.00258367368951, 0.00185969553422, 0.00267284899019, 0.00355213275179, 0.00435331277549, 0.00109622511081, 0.000754490552936, 0.00146018422674], "mean": [0.000581752625294, 0.00809162855148, 0.00175010925159, 0.00135911570396, 0.0065033826977, 0.00386129529215, 0.000556327926461, 0.000301521737128, 0.000130867992993, 8.68969145813e-05, 5.60840708204e-05, 2.78562638414e-05, 3.32887393597e-05, 2.59261214524e-05, 2.2456579245e-05, 3.43652427546e-05, 2.24511895794e-05, 3.27618909068e-05, 3.2528747397e-05, 2.82046166831e-05, 3.41782761097e-05, 9.68870153883e-05, 0.000126347324112, 3.86582942156e-05, 2.48220549111e-05, 2.33283644775e-05, 7.1723407018e-05], "median": [3.97295508492e-07, 0.000352083705366, 0.000141524578794, 4.67763129564e-05, 0.000409365748055, 0.000270259770332, 3.01197069348e-05, 2.3681554012e-05, 1.21720513562e-05, 7.62225863582e-06, 3.83554879591e-06, 2.26798056246e-06, 2.01805892175e-06, 8.30941985441e-07, 7.8846960605e-07, 7.37893003588e-07, 8.59259102981e-07, 5.35423225756e-07, 7.38632763841e-07, 5.23623327808e-07, 9.84677399174e-07, 4.59447937828e-06, 2.66338702204e-06, 9.24808944092e-07, 9.17743477657e-07, 1.30272746901e-06, 1.35336688345e-06], "min": [1.2172676157e-18, 1.78616707904e-18, 1.13746195398e-18, 1.06787217963e-18, 2.29499068924e-18, 1.65140240005e-18, 9.91459922977e-19, 4.48116359755e-19, 1.46910740608e-19, 3.5277862428e-19, 1.3115675497e-18, 3.55887592952e-18, 5.73343780697e-18, 6.02281908606e-18, 3.47959893961e-18, 5.61356816927e-19, 4.35755520689e-18, 1.17773818451e-17, 4.63449651674e-18, 1.09207527756e-17, 1.02962711177e-17, 2.01611394219e-17, 1.9911812296e-17, 2.21408109296e-17, 3.93848218207e-17, 4.45007519296e-17, 6.53470897207e-17], "var": [4.81613733427e-06, 0.000666434527375, 3.60786980309e-05, 3.20748331433e-05, 0.000194185937289, 8.315974992e-05, 4.77100820717e-06, 1.76013952569e-06, 3.40269991739e-07, 1.16724670818e-07, 8.0853254758e-08, 1.82413923966e-08, 1.50580010683e-08, 1.42102507539e-08, 1.17660405863e-08, 2.36537083254e-08, 1.32207942372e-08, 3.14587502714e-08, 2.01623802099e-08, 1.79779977572e-08, 1.58615449664e-08, 7.13876104896e-08, 1.20647086987e-07, 1.88418116664e-08, 6.25242480012e-09, 4.88273599331e-09, 3.88765357684e-08]}, "erbbands": {"dmean": [0.347232043743, 2.08237147331, 2.69434809685, 3.99325871468, 5.7414560318, 11.5424156189, 14.5299301147, 14.3791694641, 6.58506774902, 4.95861959457, 3.69071316719, 3.2246825695, 2.12674951553, 1.44559645653, 2.15349984169, 1.35379302502, 1.46915507317, 1.39213812351, 1.20219528675, 1.31348228455, 1.53433263302, 1.44695663452, 1.95559179783, 2.50271034241, 1.8584048748, 1.72618424892, 1.4886020422, 1.81395816803, 4.02316331863, 4.62557649612, 3.75332212448, 1.28893601894, 0.72708427906, 0.357459098101, 0.215428352356, 0.153536379337, 0.0414677336812, 0.0112102879211, 0.00390173867345, 0.00012595768203], "dmean2": [0.592716753483, 3.52706551552, 4.54217720032, 7.1588845253, 10.3198385239, 18.3248519897, 21.3173408508, 19.1002864838, 8.90574550629, 6.86614704132, 5.18941164017, 4.72857189178, 3.10694599152, 2.1936609745, 3.24314761162, 2.18278312683, 2.30239915848, 2.25372958183, 1.92684054375, 2.02934145927, 2.4290189743, 2.32389593124, 3.24957633018, 4.17853069305, 3.12134337425, 2.84125757217, 2.47970604897, 2.98075723648, 6.41814947128, 7.3874874115, 5.95025062561, 2.14099740982, 1.25492727757, 0.604532420635, 0.355932205915, 0.255057901144, 0.0684688091278, 0.0185119770467, 0.00652438635007, 0.000202614886803], "dvar": [1.05539214611, 38.1782531738, 64.3517684937, 172.165344238, 419.026031494, 1410.3885498, 1960.55041504, 2673.97192383, 824.596923828, 619.299316406, 354.08984375, 186.59185791, 88.0447540283, 56.4601974487, 143.425430298, 56.8095932007, 31.0632381439, 40.3984375, 20.2946434021, 32.2138137817, 42.5922546387, 49.8802337646, 89.2281112671, 97.0693359375, 43.3686103821, 46.963054657, 28.6250171661, 32.8140335083, 111.923843384, 131.492965698, 90.8127593994, 13.7558450699, 7.7704334259, 1.2523162365, 0.385698676109, 0.187664225698, 0.0131821008399, 0.000738666509278, 0.000110215536552, 1.08838563051e-07], "dvar2": [2.68710017204, 99.9451751709, 165.240600586, 478.965057373, 1175.14807129, 3477.4465332, 4443.65087891, 5407.046875, 1629.93945312, 1309.3861084, 732.503967285, 357.040985107, 182.388305664, 124.068214417, 313.742279053, 148.665786743, 74.1712493896, 103.090896606, 41.4570236206, 64.9282989502, 97.9947280884, 121.688491821, 231.140640259, 237.058181763, 105.873931885, 108.714836121, 70.2339782715, 83.7217330933, 280.010101318, 325.691558838, 224.217224121, 36.3327064514, 21.7656536102, 3.34370422363, 0.979150354862, 0.485417127609, 0.0339591428638, 0.00196780636907, 0.000322979758494, 3.02830670762e-07], "max": [8.36769962311, 49.5144462585, 82.9867935181, 286.294494629, 328.889282227, 657.688354492, 660.175964355, 1189.1229248, 691.342041016, 776.506408691, 774.330627441, 549.078796387, 239.922943115, 212.140823364, 444.762390137, 256.0390625, 113.40171051, 170.214706421, 97.9726257324, 144.158172607, 191.985961914, 166.802307129, 207.001480103, 152.194976807, 85.7273101807, 122.929237366, 76.7130584717, 77.8586273193, 103.225791931, 100.616249084, 97.1044845581, 78.8946228027, 75.4416809082, 20.4900341034, 6.42080116272, 4.00101327896, 1.1554671526, 0.679912447929, 0.375847607851, 0.0198389533907], "mean": [0.264300107956, 1.65791165829, 2.31282877922, 3.55092740059, 7.34109258652, 25.4682807922, 36.114906311, 31.9599514008, 12.6620588303, 7.3754658699, 5.0998840332, 3.84489965439, 2.70491027832, 1.73789584637, 2.67708420753, 1.42225778103, 1.64962172508, 1.42250549793, 1.19728755951, 1.45198750496, 1.68400394917, 1.24767518044, 1.54104101658, 1.95419549942, 1.44491827488, 1.38027870655, 1.18584179878, 1.50836253166, 3.6778523922, 4.10081958771, 3.35707902908, 1.07191491127, 0.5477668643, 0.281239300966, 0.176134809852, 0.127266809344, 0.0351599417627, 0.0260419119149, 0.0170120354742, 0.000553997466341], "median": [0.0027347097639, 0.0938206538558, 0.285795718431, 0.211597830057, 0.367581009865, 1.59435141087, 3.14595389366, 3.14394307137, 0.98525673151, 0.689056098461, 0.468404144049, 0.467914074659, 0.349416464567, 0.156637787819, 0.219592928886, 0.144865706563, 0.125910848379, 0.0754593238235, 0.0529290400445, 0.051027558744, 0.0551682710648, 0.0481732040644, 0.0358075983822, 0.036990236491, 0.0306551549584, 0.027743190527, 0.0316002070904, 0.0489068366587, 0.164633437991, 0.124766334891, 0.0731601193547, 0.0233722813427, 0.0132134994492, 0.00792606268078, 0.00664018280804, 0.0040339184925, 0.00251841894351, 0.0012033941457, 0.000265240232693, 3.4583870729e-05], "min": [6.58261993489e-17, 3.60319901298e-16, 1.17795368491e-15, 2.71871974498e-15, 5.09949494334e-15, 8.12709393462e-15, 1.13421726574e-14, 1.39166522205e-14, 1.47130165039e-14, 1.28474535426e-14, 8.27914651305e-15, 3.56834101316e-15, 5.66225770427e-15, 2.61598604107e-14, 7.68001791719e-14, 1.59613370698e-13, 2.55196065018e-13, 3.09235818376e-13, 2.52389580589e-13, 1.05687878696e-13, 4.61964044492e-14, 2.74310305373e-13, 5.99817504693e-13, 4.83052129113e-13, 1.28213371452e-13, 5.18901544996e-13, 7.27224216176e-13, 2.37962915432e-13, 7.91316068661e-13, 3.66811670014e-13, 7.17464336639e-13, 3.62250756735e-13, 4.87874280905e-13, 4.18924796112e-13, 2.70806055531e-13, 1.70909876421e-13, 9.37250968567e-14, 3.93514973211e-14, 1.01688863357e-14, 7.99209043536e-16], "var": [0.801643788815, 27.8272380829, 52.4069442749, 164.010940552, 530.114807129, 3485.96313477, 6568.07958984, 7764.63916016, 2099.14379883, 1050.1776123, 567.877319336, 260.412384033, 112.591461182, 62.1934280396, 176.394302368, 45.4096260071, 36.1456489563, 35.7971191406, 24.9366703033, 43.3052024841, 53.8190345764, 43.3840141296, 67.4298095703, 82.0056762695, 36.962474823, 42.9625015259, 23.9954338074, 26.6482753754, 101.485061646, 123.597938538, 86.0701370239, 10.7170534134, 4.93660068512, 0.911875665188, 0.314466059208, 0.150179058313, 0.0107001848519, 0.00459846435115, 0.00226323120296, 3.61571278518e-06]}, "gfcc": {"mean": [-185.36026001, 82.4195632935, -32.9989776611, 17.6100196838, -64.7305831909, -5.23687839508, -31.6377296448, -14.3810119629, -12.3276672363, -4.00960493088, -11.3906564713, 11.4459199905, -9.67374897003], "cov": [[26865.4003906, -200.911819458, -1896.46777344, 877.890563965, 303.426391602, 1197.51733398, 39.9655189514, 312.444519043, 188, 148.722503662, -194.468231201, 149.828338623, -451.54397583], [-200.911819458, 5338.63427734, -48.4973526001, -1163.41247559, 208.69569397, -731.599731445, -290.443267822, -339.19329834, 4.26391029358, -317.97479248, 324.303619385, -177.832473755, 357.520233154], [-1896.46777344, -48.4973526001, 2517.04614258, 787.459899902, -428.493377686, -178.4972229, 73.018119812, -157.433273315, -22.0548019409, -98.2759170532, -11.1601476669, 118.892173767, 118.389625549], [877.890563965, -1163.41247559, 787.459899902, 1825.32702637, 22.3487968445, 773.198730469, 123.921585083, 458.740447998, 7.69478130341, 116.757614136, 41.4590187073, 149.074310303, -1.78977692127], [303.426391602, 208.69569397, -428.493377686, 22.3487968445, 863.723205566, 228.444992065, 220.727737427, 70.7136154175, 80.7168579102, -43.2938575745, -19.5891246796, -72.2440338135, 38.3879394531], [1197.51733398, -731.599731445, -178.4972229, 773.198730469, 228.444992065, 1045.17297363, 347.496704102, 447.921936035, 115.696388245, 114.701766968, -5.87306594849, 3.89077329636, -100.438766479], [39.9655189514, -290.443267822, 73.018119812, 123.921585083, 220.727737427, 347.496704102, 530.395141602, 218.130447388, 130.556625366, 99.1496582031, -44.0170288086, -70.3556671143, -121.271156311], [312.444519043, -339.19329834, -157.433273315, 458.740447998, 70.7136154175, 447.921936035, 218.130447388, 500.512023926, 178.184707642, 154.050811768, 60.9549636841, -4.04859924316, -65.2599563599], [188, 4.26391029358, -22.0548019409, 7.69478130341, 80.7168579102, 115.696388245, 130.556625366, 178.184707642, 350.239501953, 159.124908447, 31.2901306152, 31.4881954193, -34.2839355469], [148.722503662, -317.97479248, -98.2759170532, 116.757614136, -43.2938575745, 114.701766968, 99.1496582031, 154.050811768, 159.124908447, 317.585021973, 86.4980773926, 52.2727775574, -62.036315918], [-194.468231201, 324.303619385, -11.1601476669, 41.4590187073, -19.5891246796, -5.87306594849, -44.0170288086, 60.9549636841, 31.2901306152, 86.4980773926, 244.99382019, 81.1600341797, 63.3156280518], [149.828338623, -177.832473755, 118.892173767, 149.074310303, -72.2440338135, 3.89077329636, -70.3556671143, -4.04859924316, 31.4881954193, 52.2727775574, 81.1600341797, 204.786499023, 91.3474960327], [-451.54397583, 357.520233154, 118.389625549, -1.78977692127, 38.3879394531, -100.438766479, -121.271156311, -65.2599563599, -34.2839355469, -62.036315918, 63.3156280518, 91.3474960327, 241.212585449]], "icov": [[4.75853303215e-05, -2.9546841688e-05, 5.85796951782e-05, -6.03309090366e-05, 1.35060208777e-05, -3.82310208806e-05, 2.9932821235e-06, 7.00029559084e-05, -3.53802934114e-05, 1.1961533346e-05, 8.2917533291e-05, -0.000132190922159, 0.000132392378873], [-2.9546841688e-05, 0.000361665501259, -8.53332967381e-05, 0.000194122039829, -5.16612562933e-05, 5.2511360991e-05, 6.74921029713e-05, -4.00039880333e-06, -0.000223749986617, 0.000321910512866, -0.000716998765711, 0.00071459292667, -0.000516528729349], [5.85796951782e-05, -8.53332967381e-05, 0.00102563912515, -0.000975081755314, 0.000698798510712, 0.000472149025882, -0.00102068693377, 0.00108643830754, -0.000733475433663, 0.000577911385335, -4.8010773753e-05, 5.62841814826e-05, -0.000372656271793], [-6.03309090366e-05, 0.000194122039829, -0.000975081755314, 0.00198542373255, -0.000656589400023, -0.000985700520687, 0.00119224854279, -0.00174507405609, 0.00115412718151, -0.000534812919796, 0.000104797967651, -0.000659307872411, 0.000162652620929], [1.35060208777e-05, -5.16612562933e-05, 0.000698798510712, -0.000656589400023, 0.00202830997296, 2.60559204435e-06, -0.00132869172376, 0.00107040151488, -0.000980782904662, 0.0007640987169, -0.000255415885476, 0.000867950497195, -0.00115065393038], [-3.82310208806e-05, 5.2511360991e-05, 0.000472149025882, -0.000985700520687, 2.60559204435e-06, 0.00251648947597, -0.00123040738981, -0.000695294060279, -0.000164187251357, 0.000484836433316, -2.91627857223e-05, -4.33643726865e-05, -2.22920971282e-05], [2.9932821235e-06, 6.74921029713e-05, -0.00102068693377, 0.00119224854279, -0.00132869172376, -0.00123040738981, 0.00432179542258, -0.00167513650376, 0.000428929226473, -0.00110310735181, 0.000656775839161, 0.000121367251268, 0.00139300886076], [7.00029559084e-05, -4.00039880333e-06, 0.00108643830754, -0.00174507405609, 0.00107040151488, -0.000695294060279, -0.00167513650376, 0.00606136629358, -0.00258988910355, 0.000206815166166, -0.00148561480455, 0.0017478573136, -0.000658233475406], [-3.53802934114e-05, -0.000223749986617, -0.000733475433663, 0.00115412718151, -0.000980782904662, -0.000164187251357, 0.000428929226473, -0.00258988910355, 0.00548552395776, -0.00244109285995, 0.00126831349917, -0.00189784297254, 0.000774292740971], [1.1961533346e-05, 0.000321910512866, 0.000577911385335, -0.000534812919796, 0.0007640987169, 0.000484836433316, -0.00110310735181, 0.000206815166166, -0.00244109285995, 0.00612867018208, -0.00241634692065, -0.000402899895562, 0.00085537758423], [8.2917533291e-05, -0.000716998765711, -4.8010773753e-05, 0.000104797967651, -0.000255415885476, -2.91627857223e-05, 0.000656775839161, -0.00148561480455, 0.00126831349917, -0.00241634692065, 0.00725104380399, -0.00308754108846, 2.38084940065e-05], [-0.000132190922159, 0.00071459292667, 5.62841814826e-05, -0.000659307872411, 0.000867950497195, -4.33643726865e-05, 0.000121367251268, 0.0017478573136, -0.00189784297254, -0.000402899895562, -0.00308754108846, 0.00996672641486, -0.00429874612018], [0.000132392378873, -0.000516528729349, -0.000372656271793, 0.000162652620929, -0.00115065393038, -2.22920971282e-05, 0.00139300886076, -0.000658233475406, 0.000774292740971, 0.00085537758423, 2.38084940065e-05, -0.00429874612018, 0.0079910857603]]}, "melbands": {"dmean": [0.00298845116049, 0.00188137846999, 0.000745679892134, 0.000569654861465, 0.000561360851862, 0.000313963799272, 9.22865365283e-05, 5.23321068613e-05, 2.80430649582e-05, 1.87167115655e-05, 1.03330348793e-05, 6.03762691753e-06, 6.65999687044e-06, 4.26931592301e-06, 2.97731708088e-06, 3.00284136756e-06, 2.77025878859e-06, 1.92607626559e-06, 1.70398789123e-06, 2.11034239328e-06, 1.81151449397e-06, 1.45355102177e-06, 1.62847970842e-06, 2.1378987185e-06, 2.06401637115e-06, 1.51251833813e-06, 1.32549143927e-06, 1.07800963178e-06, 8.13078713691e-07, 1.12701047783e-06, 9.50791900323e-07, 1.70856947079e-06, 2.97161136587e-06, 2.84195516542e-06, 2.63302649728e-06, 9.05131514628e-07, 7.67441463267e-07, 5.22952859683e-07, 3.97094510163e-07, 2.69300670652e-07], "dmean2": [0.00506566604599, 0.00313072325662, 0.00133850704879, 0.000956911593676, 0.000828029413242, 0.000416939525167, 0.000125921345898, 7.21399483155e-05, 3.9737788029e-05, 2.76687678706e-05, 1.51880049089e-05, 9.20589354791e-06, 1.01484520201e-05, 6.66353207635e-06, 4.76854211229e-06, 4.7266630645e-06, 4.51081314168e-06, 3.08828089146e-06, 2.70807208835e-06, 3.29166641677e-06, 2.91455216939e-06, 2.34386061493e-06, 2.65352309725e-06, 3.65772098121e-06, 3.44223394677e-06, 2.5500544325e-06, 2.25728786063e-06, 1.75945910996e-06, 1.34331628487e-06, 1.89716092791e-06, 1.54853148615e-06, 2.74574586001e-06, 4.74268426842e-06, 4.64651384391e-06, 4.16272951043e-06, 1.4901436316e-06, 1.30422336042e-06, 9.06350351215e-07, 6.86976363795e-07, 4.49870498187e-07], "dvar": [7.54274296924e-05, 2.9705452107e-05, 5.70361999053e-06, 3.22955702359e-06, 2.75753268397e-06, 1.17372326258e-06, 1.58563295827e-07, 6.93324011536e-08, 1.96119476215e-08, 6.31639540671e-09, 2.1846497944e-09, 1.13311515726e-09, 1.48721823745e-09, 4.03123451287e-10, 1.54303958499e-10, 1.42458697616e-10, 1.75622627552e-10, 4.95706843628e-11, 6.61374635613e-11, 7.34968474969e-11, 7.11979572521e-11, 6.0943389224e-11, 5.51235446178e-11, 1.21240753548e-10, 6.54475085238e-11, 3.16739412476e-11, 3.04326112921e-11, 1.91115318016e-11, 9.43001319392e-12, 1.4757237099e-11, 8.98392384791e-12, 2.11840857356e-11, 6.19112885958e-11, 5.07415012785e-11, 4.49044308681e-11, 6.17694003585e-12, 5.35212239111e-12, 4.03419051637e-12, 2.62479556319e-12, 5.77186193805e-13], "dvar2": [0.000192718129256, 7.58921523811e-05, 1.57648482855e-05, 8.550565326e-06, 6.37079074295e-06, 2.40067129198e-06, 3.14286836556e-07, 1.46829478354e-07, 3.99329032064e-08, 1.21414984733e-08, 4.5351042921e-09, 2.48817211279e-09, 3.42408279508e-09, 9.51869805199e-10, 3.90664528505e-10, 3.34835825733e-10, 4.56020665673e-10, 1.03010065755e-10, 1.29620536526e-10, 1.63485849858e-10, 1.75710959671e-10, 1.56197318968e-10, 1.28310903569e-10, 3.27363108843e-10, 1.59103050179e-10, 7.94025054041e-11, 7.87338805264e-11, 4.36509717261e-11, 2.27193437674e-11, 3.82126968956e-11, 2.28225372628e-11, 5.33052942064e-11, 1.55999282936e-10, 1.28248023312e-10, 1.10393798269e-10, 1.60872582616e-11, 1.43021592833e-11, 1.13000312232e-11, 7.42369447165e-12, 1.48882046015e-12], "max": [0.0704136043787, 0.0482802912593, 0.0399255603552, 0.0271628312767, 0.0245259236544, 0.0247616041452, 0.00933583173901, 0.00769177358598, 0.00578565755859, 0.00297928974032, 0.00117626343854, 0.000963549362496, 0.0011776384199, 0.000554855389055, 0.000312390446197, 0.000242068970692, 0.00034706457518, 0.00015338670346, 0.000171598323504, 0.000197878107429, 0.000260897213593, 0.000235636674915, 0.00015240025823, 0.000245162140345, 0.000134621062898, 7.90430131019e-05, 8.48576091812e-05, 7.96658569016e-05, 4.8966587201e-05, 5.0163231208e-05, 4.24173485953e-05, 5.3716772527e-05, 7.18897936167e-05, 6.11673967796e-05, 6.24118256383e-05, 3.97445619456e-05, 5.26741969225e-05, 5.6955654145e-05, 3.76013194909e-05, 1.04554201243e-05], "mean": [0.00233506783843, 0.00159896409605, 0.000689707056154, 0.0010988090653, 0.00137912062928, 0.000701148470398, 0.000169008781086, 7.54245920689e-05, 3.71692294721e-05, 2.17446031456e-05, 1.28544861582e-05, 6.94072969054e-06, 7.99512054073e-06, 4.82747782371e-06, 3.1569679777e-06, 3.20615276905e-06, 2.70255509349e-06, 1.87315458788e-06, 1.62589503816e-06, 2.55035524788e-06, 1.80270944838e-06, 1.23395898299e-06, 1.3449277958e-06, 1.59100886776e-06, 1.60383206094e-06, 1.17053173199e-06, 9.59218709795e-07, 8.90870808234e-07, 6.57019540995e-07, 8.68665665621e-07, 8.09760308584e-07, 1.55596421791e-06, 2.68552071248e-06, 2.43368367592e-06, 2.37163089878e-06, 7.5989760262e-07, 6.23847313364e-07, 3.88040433563e-07, 2.99846988128e-07, 2.14703447909e-07], "median": [6.28958077868e-05, 0.000204471885809, 4.18830895796e-05, 5.78971958021e-05, 0.000123107296531, 5.30749093741e-05, 1.00004417618e-05, 5.76779211769e-06, 2.98138320431e-06, 2.33168248087e-06, 1.43680335896e-06, 4.01213100076e-07, 5.77586433792e-07, 4.12254365756e-07, 2.81390470036e-07, 1.65491570669e-07, 9.63450759173e-08, 7.1994264772e-08, 4.95628356134e-08, 6.81481040488e-08, 5.49640759573e-08, 4.57047164559e-08, 2.89939947606e-08, 2.58242671691e-08, 2.67782649388e-08, 2.16698161637e-08, 1.37153222113e-08, 1.90725586435e-08, 1.49144412376e-08, 2.04562606854e-08, 2.62160941844e-08, 6.61215580067e-08, 9.52633456563e-08, 6.01040852644e-08, 4.73933816636e-08, 1.2827380047e-08, 1.44257388257e-08, 9.08633879249e-09, 7.33632843364e-09, 5.41674394228e-09], "min": [6.00310199538e-19, 5.77346941951e-19, 5.36275304887e-19, 4.76990598301e-19, 3.99349254658e-19, 3.13917472307e-19, 2.21003608671e-19, 1.31707716711e-19, 5.99600930937e-20, 1.91720303462e-20, 2.75068185206e-20, 9.34440605595e-20, 2.12737256767e-19, 3.61034507179e-19, 5.00813451642e-19, 5.88542417952e-19, 5.74268124012e-19, 4.36391539862e-19, 2.27917313477e-19, 6.17145173236e-20, 4.80683571996e-20, 2.28958216881e-19, 4.80400753774e-19, 5.74367127192e-19, 3.9056811207e-19, 1.0446089786e-19, 9.85964134987e-20, 4.10776884067e-19, 5.3821561211e-19, 2.34116153289e-19, 1.00826918945e-19, 4.46621799485e-19, 4.1370192396e-19, 1.10407803014e-19, 4.20181462343e-19, 3.31881844808e-19, 2.04234822347e-19, 4.39986001515e-19, 1.8209285171e-19, 4.17621674389e-19], "var": [5.73227007408e-05, 2.33895989368e-05, 5.52001165488e-06, 6.9695838647e-06, 8.31513625599e-06, 3.3701785469e-06, 3.94306226781e-07, 1.14966411502e-07, 3.16857651228e-08, 8.71108341016e-09, 2.75181522014e-09, 1.24144006186e-09, 1.62657332048e-09, 4.31560148728e-10, 1.45689849074e-10, 1.65501071181e-10, 1.49014467432e-10, 5.96100044326e-11, 7.96721230656e-11, 1.28694624402e-10, 6.84870216094e-11, 4.79685353938e-11, 5.16068993095e-11, 8.23094786773e-11, 5.58018076191e-11, 2.58227311062e-11, 2.29819219211e-11, 1.78080172136e-11, 8.14491789985e-12, 1.127825177e-11, 7.41835325807e-12, 1.87633901472e-11, 5.54115538176e-11, 4.574560869e-11, 4.30658043948e-11, 5.02205005012e-12, 3.97779769193e-12, 2.55275141303e-12, 1.62030783755e-12, 4.57960817705e-13]}, "mfcc": {"mean": [-845.813781738, 121.604957581, 62.9158859253, 26.0402679443, -0.569111645222, 10.4646644592, -16.2529773712, 2.51487708092, -10.6391067505, -9.16924667358, -2.56585788727, -6.14295578003, 2.29564118385], "cov": [[16148.4580078, 493.267364502, -542.774658203, 155.477661133, 127.529121399, 798.39239502, 259.452087402, 707.18560791, 215.543136597, 399.208496094, 338.529907227, 141.02696228, 132.776306152], [493.267364502, 4111.45263672, -414.266021729, -429.599182129, 87.9230957031, -466.765014648, -127.058944702, -248.961410522, -64.0936203003, -267.757049561, -93.1229858398, -14.5286798477, -121.274658203], [-542.774658203, -414.266021729, 2096.61279297, 781.002563477, 84.1744613647, 205.69744873, 31.2797908783, 176.850418091, -7.64070272446, 12.9715270996, -20.8090686798, -72.193687439, 34.9254722595], [155.477661133, -429.599182129, 781.002563477, 811.010864258, 324.391082764, 207.633575439, 162.721511841, 152.895767212, 57.3013114929, 61.0412025452, 3.02656149864, -14.2401723862, 45.5956420898], [127.529121399, 87.9230957031, 84.1744613647, 324.391082764, 564.78894043, 210.622360229, 204.084259033, 189.509780884, 111.0287323, 84.3397674561, -32.0159378052, 0.848215818405, 24.5057315826], [798.39239502, -466.765014648, 205.69744873, 207.633575439, 210.622360229, 583.048583984, 272.200836182, 316.705566406, 198.694671631, 182.489700317, 118.412322998, -5.25408887863, 71.7108459473], [259.452087402, -127.058944702, 31.2797908783, 162.721511841, 204.084259033, 272.200836182, 488.626708984, 281.942749023, 164.464355469, 161.852432251, 89.3847885132, 55.7041015625, -35.9482498169], [707.18560791, -248.961410522, 176.850418091, 152.895767212, 189.509780884, 316.705566406, 281.942749023, 462.598510742, 254.091598511, 208.808105469, 139.866714478, 26.661485672, 50.9580574036], [215.543136597, -64.0936203003, -7.64070272446, 57.3013114929, 111.0287323, 198.694671631, 164.464355469, 254.091598511, 348.218414307, 225.703140259, 132.955841064, 60.5596351624, 68.5524520874], [399.208496094, -267.757049561, 12.9715270996, 61.0412025452, 84.3397674561, 182.489700317, 161.852432251, 208.808105469, 225.703140259, 362.063293457, 213.170043945, 118.927810669, 100.060066223], [338.529907227, -93.1229858398, -20.8090686798, 3.02656149864, -32.0159378052, 118.412322998, 89.3847885132, 139.866714478, 132.955841064, 213.170043945, 303.898101807, 176.182128906, 105.138542175], [141.02696228, -14.5286798477, -72.193687439, -14.2401723862, 0.848215818405, -5.25408887863, 55.7041015625, 26.661485672, 60.5596351624, 118.927810669, 176.182128906, 240.771514893, 153.322525024], [132.776306152, -121.274658203, 34.9254722595, 45.5956420898, 24.5057315826, 71.7108459473, -35.9482498169, 50.9580574036, 68.5524520874, 100.060066223, 105.138542175, 153.322525024, 268.574707031]], "icov": [[8.35748724057e-05, -5.07704244228e-05, 8.71552329045e-05, -0.000132538320031, 0.000140781587106, -0.000201467075385, 0.000177259527845, -0.000260072149104, 0.000181518480531, -0.000145599173266, 0.000173100372194, -0.00023869764118, 0.00013735840912], [-5.07704244228e-05, 0.000369632442016, -0.000140308518894, 0.000405787141062, -0.000488735560793, 0.000484541320475, -0.000295826495858, 0.000394974660594, -0.000410988810472, 0.000535949482583, -0.000567671959288, 0.000441098847659, -0.000182311661774], [8.71552329045e-05, -0.000140308518894, 0.00100807356648, -0.0012566621881, 0.000801069894806, -0.000488449411932, 0.000632231880445, -0.000894521654118, 0.000544925918803, -0.000379260716727, 0.000670153996907, -0.000549583346583, 0.000341086590197], [-0.000132538320031, 0.000405787141062, -0.0012566621881, 0.00341744394973, -0.00213412637822, 0.000765993667301, -0.00124093750492, 0.00130381854251, -0.000606423767749, 0.000865517999046, -0.00150916131679, 0.00161956553347, -0.00109272950795], [0.000140781587106, -0.000488735560793, 0.000801069894806, -0.00213412637822, 0.00405473448336, -0.00141254346818, 0.000517725246027, -0.00171898934059, 0.000660527148284, -0.00136160477996, 0.00305710430257, -0.00218801712617, 0.000761493400205], [-0.000201467075385, 0.000484541320475, -0.000488449411932, 0.000765993667301, -0.00141254346818, 0.00468254229054, -0.00231862766668, 0.000339089572662, -0.00103795167524, 0.000952137925196, -0.00286002876237, 0.00419848319143, -0.00261118146591], [0.000177259527845, -0.000295826495858, 0.000632231880445, -0.00124093750492, 0.000517725246027, -0.00231862766668, 0.0057041766122, -0.00309490715154, 0.000794907391537, -0.00147761637345, 0.00268528121524, -0.00500743230805, 0.00398481497541], [-0.000260072149104, 0.000394974660594, -0.000894521654118, 0.00130381854251, -0.00171898934059, 0.000339089572662, -0.00309490715154, 0.00736429728568, -0.0032092127949, 0.000982210971415, -0.00332843209617, 0.00396106299013, -0.00204839650542], [0.000181518480531, -0.000410988810472, 0.000544925918803, -0.000606423767749, 0.000660527148284, -0.00103795167524, 0.000794907391537, -0.0032092127949, 0.00698533188552, -0.00338577479124, 0.00125673215371, -0.00102847605012, 0.000262526067672], [-0.000145599173266, 0.000535949482583, -0.000379260716727, 0.000865517999046, -0.00136160477996, 0.000952137925196, -0.00147761637345, 0.000982210971415, -0.00338577479124, 0.00788150448352, -0.00475898897275, 0.00169287261087, -0.0014733056305], [0.000173100372194, -0.000567671959288, 0.000670153996907, -0.00150916131679, 0.00305710430257, -0.00286002876237, 0.00268528121524, -0.00332843209617, 0.00125673215371, -0.00475898897275, 0.0122477952391, -0.00939345639199, 0.00332288839854], [-0.00023869764118, 0.000441098847659, -0.000549583346583, 0.00161956553347, -0.00218801712617, 0.00419848319143, -0.00500743230805, 0.00396106299013, -0.00102847605012, 0.00169287261087, -0.00939345639199, 0.016777779907, -0.00849841535091], [0.00013735840912, -0.000182311661774, 0.000341086590197, -0.00109272950795, 0.000761493400205, -0.00261118146591, 0.00398481497541, -0.00204839650542, 0.000262526067672, -0.0014733056305, 0.00332288839854, -0.00849841535091, 0.00929662771523]]}, "spectral_contrast_coeffs": {"dmean": [0.0468797981739, 0.0457537807524, 0.0422497987747, 0.034390732646, 0.0264364946634, 0.0195172913373], "dmean2": [0.0703061968088, 0.0699080750346, 0.0644721016288, 0.0541170835495, 0.041079018265, 0.0292633865029], "dvar": [0.00273382221349, 0.00318022840656, 0.00174779340159, 0.00121256557759, 0.000663256330881, 0.000407696905313], "dvar2": [0.00574930291623, 0.00683401944116, 0.00390284298919, 0.00275694951415, 0.00156400934793, 0.000963693950325], "max": [-0.144549250603, -0.226752176881, -0.410864710808, -0.463151186705, -0.596854627132, -0.610901117325], "mean": [-0.581747710705, -0.632730662823, -0.748159885406, -0.78847938776, -0.81955999136, -0.796125352383], "median": [-0.600020110607, -0.644993066788, -0.750637590885, -0.792070269585, -0.824368715286, -0.796202421188], "min": [-0.948725342751, -0.971665024757, -0.975029349327, -0.983219087124, -0.964653253555, -0.95914965868], "var": [0.021103259176, 0.0200544670224, 0.00828711409122, 0.00818896200508, 0.00281673017889, 0.00184643035755]}, "spectral_contrast_valleys": {"dmean": [0.75737452507, 0.611766755581, 0.551899671555, 0.5765183568, 0.714985013008, 0.938275098801], "dmean2": [1.04573857784, 0.956078648567, 0.816822886467, 0.807321250439, 0.890592813492, 1.11445844173], "dvar": [1.01681697369, 0.831319272518, 0.557667732239, 0.598916471004, 0.745272576809, 0.956860363483], "dvar2": [1.8251940012, 1.83171987534, 1.1008541584, 1.11919939518, 1.44945716858, 2.10454630852], "max": [-4.68413686752, -4.82958364487, -6.28981924057, -6.0456