{"lowlevel": {"average_loudness": 0.864865481853, "barkbands_crest": {"dmean": 3.07698655128, "dmean2": 5.08013057709, "dvar": 7.88347578049, "dvar2": 19.6625137329, "max": 26.1575889587, "mean": 10.6225557327, "median": 9.61474227905, "min": 2.48820018768, "var": 21.8338241577}, "barkbands_flatness_db": {"dmean": 0.0259542763233, "dmean2": 0.0394331514835, "dvar": 0.000619313796051, "dvar2": 0.00135971617419, "max": 0.488530129194, "mean": 0.127140894532, "median": 0.117794632912, "min": 0.0173538159579, "var": 0.00306499120779}, "barkbands_kurtosis": {"dmean": 4.83493471146, "dmean2": 7.69978523254, "dvar": 194.029678345, "dvar2": 518.434143066, "max": 588.370361328, "mean": 5.67990398407, "median": 1.03094244003, "min": -1.95831847191, "var": 286.789978027}, "barkbands_skewness": {"dmean": 0.779010593891, "dmean2": 1.181838274, "dvar": 0.834268450737, "dvar2": 1.90532779694, "max": 21.8393211365, "mean": 1.51520562172, "median": 1.20599234104, "min": -3.07847905159, "var": 2.95788240433}, "barkbands_spread": {"dmean": 8.36646938324, "dmean2": 13.2643880844, "dvar": 86.7063293457, "dvar2": 202.826278687, "max": 129.158355713, "mean": 28.7637348175, "median": 27.5936641693, "min": 0.186305209994, "var": 272.8855896}, "dissonance": {"dmean": 0.017416363582, "dmean2": 0.0284184869379, "dvar": 0.00049182906514, "dvar2": 0.00122082838789, "max": 0.500000059605, "mean": 0.467737466097, "median": 0.479421079159, "min": 0.13715068996, "var": 0.00119717163034}, "dynamic_complexity": 3.78598093987, "erbbands_crest": {"dmean": 3.14384222031, "dmean2": 5.00806903839, "dvar": 9.62240314484, "dvar2": 22.4153556824, "max": 34.8621177673, "mean": 10.492939949, "median": 9.24134635925, "min": 2.29161906242, "var": 31.4894771576}, "erbbands_flatness_db": {"dmean": 0.0228014551103, "dmean2": 0.0328740142286, "dvar": 0.000497359666042, "dvar2": 0.00096279400168, "max": 0.546303808689, "mean": 0.144847497344, "median": 0.134338870645, "min": 0.0250731445849, "var": 0.00331924436614}, "erbbands_kurtosis": {"dmean": 1.77591741085, "dmean2": 2.81360220909, "dvar": 24.6351242065, "dvar2": 57.2858581543, "max": 278.681549072, "mean": 1.52977156639, "median": 0.0376100540161, "min": -1.8819617033, "var": 74.5844421387}, "erbbands_skewness": {"dmean": 0.523626804352, "dmean2": 0.774874567986, "dvar": 0.311472535133, "dvar2": 0.64444231987, "max": 11.7300357819, "mean": -0.187441989779, "median": -0.326879173517, "min": -5.45229816437, "var": 1.51659178734}, "erbbands_spread": {"dmean": 11.7443828583, "dmean2": 17.6998939514, "dvar": 169.246902466, "dvar2": 367.131469727, "max": 164.146514893, "mean": 43.1125411987, "median": 39.2220001221, "min": 0.189171776175, "var": 582.131286621}, "hfc": {"dmean": 8.31685447693, "dmean2": 11.2969846725, "dvar": 169.205200195, "dvar2": 328.14654541, "max": 279.850402832, "mean": 16.8056564331, "median": 10.7745771408, "min": 1.07032611845e-16, "var": 377.538970947}, "melbands_crest": {"dmean": 3.98905658722, "dmean2": 6.53143405914, "dvar": 12.3626232147, "dvar2": 30.7544651031, "max": 39.6954345703, "mean": 15.3664464951, "median": 14.4270591736, "min": 1.50922870636, "var": 36.9517822266}, "melbands_flatness_db": {"dmean": 0.0325042493641, "dmean2": 0.0491246469319, "dvar": 0.000990985543467, "dvar2": 0.00216761021875, "max": 0.540353834629, "mean": 0.198221087456, "median": 0.191465690732, "min": 0.00268871407025, "var": 0.00502373091877}, "melbands_kurtosis": {"dmean": 14.3926420212, "dmean2": 22.531162262, "dvar": 986.02947998, "dvar2": 2356.29321289, "max": 867.544067383, "mean": 21.5464916229, "median": 7.58561229706, "min": -1.9261803627, "var": 1861.30993652}, "melbands_skewness": {"dmean": 1.16149377823, "dmean2": 1.74704158306, "dvar": 1.92404401302, "dvar2": 4.20736074448, "max": 26.4468135834, "mean": 3.08564043045, "median": 2.55796504021, "min": -6.76666164398, "var": 6.58737802505}, "melbands_spread": {"dmean": 11.0158948898, "dmean2": 17.1791744232, "dvar": 175.211914062, "dvar2": 411.982818604, "max": 230.765686035, "mean": 30.8274230957, "median": 24.7955284119, "min": 0.2304995507, "var": 660.829223633}, "pitch_salience": {"dmean": 0.0846874937415, "dmean2": 0.136382415891, "dvar": 0.00568493828177, "dvar2": 0.0144446054474, "max": 0.878883481026, "mean": 0.522599577904, "median": 0.53214597702, "min": 0.0241063050926, "var": 0.0155014507473}, "silence_rate_20dB": {"dmean": 0, "dmean2": 0, "dvar": 0, "dvar2": 0, "max": 1, "mean": 1, "median": 1, "min": 1, "var": 0}, "silence_rate_30dB": {"dmean": 0.00794401392341, "dmean2": 0.0158895291388, "dvar": 0.00788002181798, "dvar2": 0.0205590073019, "max": 1, "mean": 0.994231700897, "median": 1, "min": 0, "var": 0.00573550956324}, "silence_rate_60dB": {"dmean": 0.0393417812884, "dmean2": 0.0786910057068, "dvar": 0.0377940200269, "dvar2": 0.0878094732761, "max": 1, "mean": 0.104680851102, "median": 0, "min": 0, "var": 0.0937298163772}, "spectral_centroid": {"dmean": 343.192016602, "dmean2": 531.239074707, "dvar": 142090.5625, "dvar2": 317119.65625, "max": 11714.0810547, "mean": 1818.40222168, "median": 1766.45361328, "min": 179.867462158, "var": 1203643.75}, "spectral_complexity": {"dmean": 5.02515602112, "dmean2": 6.96112728119, "dvar": 39.8036003113, "dvar2": 69.7936019897, "max": 59, "mean": 14.4492673874, "median": 12, "min": 0, "var": 118.186096191}, "spectral_decrease": {"dmean": 2.55957322004e-09, "dmean2": 3.70965214103e-09, "dvar": 1.7908117809e-17, "dvar2": 3.73990391027e-17, "max": 3.88790946836e-20, "mean": -4.773217821e-09, "median": -3.12409520475e-09, "min": -5.48841931902e-08, "var": 2.93210877168e-17}, "spectral_energy": {"dmean": 0.0103005440906, "dmean2": 0.0147997261956, "dvar": 0.000279089203104, "dvar2": 0.000576664227992, "max": 0.225831225514, "mean": 0.0195394884795, "median": 0.0128059890121, "min": 9.85291016764e-21, "var": 0.000472550076665}, "spectral_energyband_high": {"dmean": 0.000404430640629, "dmean2": 0.000573762983549, "dvar": 7.25891538877e-07, "dvar2": 1.51982737862e-06, "max": 0.0300654545426, "mean": 0.000726099591702, "median": 0.000360064470442, "min": 7.16834314942e-21, "var": 1.41742896176e-06}, "spectral_energyband_low": {"dmean": 0.00537642417476, "dmean2": 0.0084369154647, "dvar": 0.000139751413371, "dvar2": 0.000316360383295, "max": 0.164524227381, "mean": 0.00734483124688, "median": 0.00365187088028, "min": 9.9710464364e-24, "var": 0.000165637087775}, "spectral_energyband_middle_high": {"dmean": 0.00262818764895, "dmean2": 0.00372667238116, "dvar": 2.30456626014e-05, "dvar2": 4.73247455375e-05, "max": 0.11393237114, "mean": 0.00465189339593, "median": 0.002375285374, "min": 1.04325953521e-21, "var": 4.7526184062e-05}, "spectral_energyband_middle_low": {"dmean": 0.00448327418417, "dmean2": 0.00685270642862, "dvar": 8.35827377159e-05, "dvar2": 0.000191163417185, "max": 0.187679544091, "mean": 0.00744606740773, "median": 0.0040339352563, "min": 1.31907009684e-22, "var": 0.000132543485961}, "spectral_entropy": {"dmean": 0.20411580801, "dmean2": 0.289199024439, "dvar": 0.0473034828901, "dvar2": 0.0887460410595, "max": 9.82080459595, "mean": 7.58514785767, "median": 7.67230844498, "min": 4.08382797241, "var": 0.285434514284}, "spectral_flux": {"dmean": 0.0294527914375, "dmean2": 0.0442623756826, "dvar": 0.00125496950932, "dvar2": 0.00258301803842, "max": 0.464710056782, "mean": 0.0772475749254, "median": 0.0625875517726, "min": 6.43773714892e-11, "var": 0.00288688740693}, "spectral_kurtosis": {"dmean": 1.38120603561, "dmean2": 2.20758199692, "dvar": 2.93434691429, "dvar2": 7.41877603531, "max": 33.9696655273, "mean": 4.34080791473, "median": 3.62841844559, "min": -1.27863264084, "var": 8.79322052002}, "spectral_rms": {"dmean": 0.00101349456236, "dmean2": 0.00140033080243, "dvar": 1.5079209561e-06, "dvar2": 2.74557442026e-06, "max": 0.0148432860151, "mean": 0.00384490797296, "median": 0.00353463552892, "min": 3.10041857639e-12, "var": 4.27956274507e-06}, "spectral_rolloff": {"dmean": 652.897766113, "dmean2": 1115.3269043, "dvar": 1063072.625, "dvar2": 2416753, "max": 19466.015625, "mean": 1927.52758789, "median": 1679.58984375, "min": 21.533203125, "var": 5733557.5}, "spectral_skewness": {"dmean": 0.222290158272, "dmean2": 0.342433750629, "dvar": 0.0494554974139, "dvar2": 0.112239465117, "max": 4.67999505997, "mean": 1.43775165081, "median": 1.37671875954, "min": -0.255892008543, "var": 0.225536093116}, "spectral_spread": {"dmean": 699433.1875, "dmean2": 1003460.75, "dvar": 847832875008, "dvar2": 1632526008320.0, "max": 49648952, "mean": 5269813.5, "median": 4713431, "min": 1289302.625, "var": 13038464794600.0}, "spectral_strongpeak": {"dmean": 0.615083813667, "dmean2": 0.998742103577, "dvar": 1.24398744106, "dvar2": 2.83079957962, "max": 14.8769102097, "mean": 0.968110322952, "median": 0.32314646244, "min": 0, "var": 2.30455756187}, "zerocrossingrate": {"dmean": 0.0119103863835, "dmean2": 0.0142630031332, "dvar": 0.000184598582564, "dvar2": 0.000244180584559, "max": 0.52587890625, "mean": 0.0749621838331, "median": 0.06640625, "min": 0.001953125, "var": 0.00344191747718}, "barkbands": {"dmean": [0.000453002663562, 0.00405542133376, 0.0013686825987, 0.00108028005343, 0.00144963350613, 0.000644789659418, 0.00034727959428, 0.000685032980982, 0.00133829796687, 0.000403459736845, 0.000429305830039, 0.000380345270969, 0.000335755670676, 0.000223647584789, 0.000227407785133, 0.000608372210991, 0.000443091208581, 0.000260409433395, 0.000216824249947, 0.000208146855584, 0.000148012084537, 7.06317659933e-05, 3.84985978599e-05, 4.95322492498e-05, 3.65477608284e-05, 1.71135361597e-05, 5.0318749345e-06], "dmean2": [0.000716922921129, 0.00655071018264, 0.00231043156236, 0.00179002818186, 0.00235158624128, 0.0010351035744, 0.000546918599866, 0.00108654506039, 0.00210914295167, 0.000650550995488, 0.000636726210359, 0.000639559177216, 0.00053726445185, 0.000340989354299, 0.000355242576916, 0.00095778569812, 0.000675187271554, 0.000408007326769, 0.000326903857058, 0.000316336343531, 0.000220236208406, 0.000105222236016, 5.83515611652e-05, 7.52786218072e-05, 5.40305372851e-05, 2.46314521064e-05, 7.72074690758e-06], "dvar": [1.11403949177e-06, 0.000109057174996, 6.10157394476e-06, 4.65508946945e-06, 1.00013330666e-05, 3.85064458897e-06, 1.62091578204e-06, 1.18354846563e-05, 4.49643557658e-05, 5.6145763665e-06, 2.62216099145e-06, 2.75410866379e-06, 1.95156849259e-06, 7.20955256384e-07, 3.10492168865e-07, 1.94301219381e-06, 8.48545766985e-07, 2.84684318785e-07, 2.62792639205e-07, 3.58949506563e-07, 1.98408486085e-07, 1.8800994539e-08, 6.73039224353e-09, 3.27057954053e-08, 1.94820195532e-08, 1.63304114675e-09, 1.9091905834e-10], "dvar2": [2.4697187655e-06, 0.000263079593424, 1.64603588928e-05, 1.2032430277e-05, 2.43402300839e-05, 8.67800463311e-06, 3.92118545278e-06, 2.86912963929e-05, 0.000103411519376, 1.40225138239e-05, 5.19056629855e-06, 6.9036404966e-06, 4.38870893049e-06, 1.57782062615e-06, 7.2527308248e-07, 4.86647240905e-06, 1.83656231911e-06, 6.75292426422e-07, 5.87216106851e-07, 8.34806030525e-07, 4.2180914761e-07, 4.09029787818e-08, 1.54932902063e-08, 6.99772328971e-08, 4.48859331925e-08, 3.81321374476e-09, 4.84715267923e-10], "max": [0.0154850697145, 0.153191030025, 0.0483348853886, 0.0430204793811, 0.133164569736, 0.0636772587895, 0.0371000245214, 0.103589348495, 0.183331951499, 0.129417955875, 0.0508461929858, 0.060545258224, 0.0398001782596, 0.0322129279375, 0.015701636672, 0.0299811474979, 0.01982129924, 0.00923571549356, 0.0266773886979, 0.0279118549079, 0.0247490685433, 0.00325913960114, 0.0020316618029, 0.00759580545127, 0.00775463413447, 0.00141460751183, 0.000582130509429], "mean": [0.000474729778944, 0.00450744107366, 0.00180743623059, 0.00144666119013, 0.00200294097885, 0.000872488250025, 0.000499729649164, 0.000864241505042, 0.00161410903092, 0.000515718129463, 0.000585674482863, 0.000368630717276, 0.000368805136532, 0.000298833620036, 0.000301479711197, 0.000828906369861, 0.000645171210635, 0.000360756792361, 0.000307165755657, 0.000302991131321, 0.000227848417126, 0.000116665731184, 6.0707636294e-05, 7.13808476576e-05, 5.65324735362e-05, 2.60438901023e-05, 6.39048948869e-06], "median": [0.000102056277683, 0.00163993076421, 0.000776111031882, 0.000568017712794, 0.000927259214222, 0.000275434314972, 7.74452491896e-05, 6.59281940898e-05, 8.99436854525e-05, 7.16139620636e-05, 5.62481873203e-05, 3.90027198591e-05, 4.61919189547e-05, 5.9128706198e-05, 9.15352939046e-05, 0.000278981082374, 0.000206389318919, 0.000123714620713, 0.000123313904624, 0.000111243061838, 8.36888430058e-05, 5.39053944522e-05, 2.65910693997e-05, 2.4862751161e-05, 2.13711628021e-05, 1.30163562062e-05, 2.54931865129e-06], "min": [2.38593100848e-25, 3.87191825501e-24, 1.38485330633e-24, 5.76690158052e-25, 4.78461493956e-24, 6.12948946547e-24, 3.45487865443e-24, 6.73971518529e-24, 1.51883492159e-23, 1.57361642052e-23, 1.8146602854e-23, 2.99280069707e-23, 4.12929619491e-23, 2.45281688775e-23, 4.05940595861e-23, 5.84013544321e-23, 7.39294944389e-23, 8.64824045208e-23, 1.43181409741e-22, 1.48128110353e-22, 2.35592034545e-22, 3.23189951495e-22, 4.27383179484e-22, 4.94841262953e-22, 8.92906231257e-22, 1.34265519513e-21, 1.93534312969e-21], "var": [1.29328907406e-06, 0.000109071123006, 8.04086448625e-06, 5.8281289057e-06, 1.21656139527e-05, 5.59527597943e-06, 2.40502367888e-06, 1.85958524526e-05, 6.36941622361e-05, 5.93524327996e-06, 5.03507226313e-06, 4.06769049732e-06, 2.22867015509e-06, 1.17188210425e-06, 4.49504540256e-07, 2.27823920795e-06, 1.32572915845e-06, 4.16252873947e-07, 3.59548721462e-07, 4.82480686514e-07, 3.14514977617e-07, 3.59806229255e-08, 1.05494777358e-08, 4.16350367516e-08, 3.27265858857e-08, 2.26870611186e-09, 1.88362894726e-10]}, "erbbands": {"dmean": [0.165282353759, 0.755197286606, 1.47821247578, 2.42191624641, 5.38379049301, 4.21938323975, 4.5199971199, 5.25169563293, 3.96616744995, 8.842710495, 17.0139808655, 35.7882232666, 15.4906215668, 13.0783100128, 17.7417182922, 16.0404071808, 16.1778202057, 11.4652614594, 9.91216373444, 20.890001297, 34.5998191833, 20.317363739, 12.4524145126, 12.1700611115, 11.4056081772, 9.50044536591, 7.61241817474, 4.52864217758, 2.77521371841, 1.56945097446, 1.05375623703, 0.885105371475, 0.932673871517, 0.4934014678, 0.228957355022, 0.0857730731368, 0.0308426246047, 0.00603562220931, 0.000877621991094, 5.74179430259e-05], "dmean2": [0.265135526657, 1.25413405895, 2.4682738781, 4.04377174377, 8.85822105408, 6.85879516602, 7.25697517395, 8.36747932434, 6.19082450867, 13.8532390594, 26.9294815063, 55.0415382385, 25.3332920074, 19.7386875153, 26.4493846893, 26.3087615967, 25.763212204, 17.5922546387, 14.8775644302, 32.1781234741, 53.4274978638, 30.7998409271, 19.172290802, 18.3862247467, 17.0163822174, 14.2201166153, 11.2722253799, 6.75318384171, 4.12480211258, 2.36714839935, 1.59085953236, 1.34310269356, 1.42720794678, 0.747019648552, 0.335532873869, 0.124938264489, 0.0451938211918, 0.00873362645507, 0.00135184114333, 8.7979118689e-05], "dvar": [0.218438923359, 3.39262366295, 7.45248889923, 19.9923305511, 136.293579102, 83.5772628784, 258.924194336, 345.650390625, 231.030410767, 1113.16711426, 7089.14990234, 35585.8476562, 6959.609375, 3477.64453125, 4492.30175781, 4220.02636719, 4678.91015625, 1792.51904297, 1239.29748535, 1859.40075684, 6586.23486328, 1883.75219727, 638.834289551, 541.656188965, 986.42980957, 531.14453125, 489.051696777, 171.257217407, 30.0814914703, 9.69951057434, 5.40258598328, 6.35022449493, 13.8757181168, 4.700963974, 0.518076241016, 0.044429499656, 0.00566732138395, 0.000194140142412, 5.11765074407e-06, 3.65806229752e-08], "dvar2": [0.518888652325, 8.55589771271, 19.4669685364, 53.3955230713, 327.878051758, 212.666915894, 555.25012207, 729.022155762, 532.814025879, 2576.76123047, 17006.5253906, 79880.9375, 17751.8457031, 8093.06591797, 9520.93554688, 10841.0332031, 10600.3613281, 4176.17138672, 2503.41186523, 4457.62255859, 16363.2841797, 4078.89086914, 1519.13415527, 1190.71435547, 2145.69995117, 1155.06896973, 1024.79943848, 392.408508301, 65.07396698, 22.2084789276, 12.1989164352, 14.2476663589, 29.8923435211, 11.5334177017, 1.04028725624, 0.10106972605, 0.0136180771515, 0.000462899421109, 1.29715626827e-05, 9.51912255687e-08], "max": [6.6206073761, 25.6301250458, 50.0011405945, 96.8606719971, 226.065261841, 381.619506836, 1048.27062988, 723.577941895, 488.637298584, 1037.20446777, 2756.62426758, 5715.67333984, 4582.80810547, 2263.51586914, 3145.39355469, 1931.50317383, 2099.72607422, 1418.89318848, 1276.23388672, 907.926513672, 2140.81933594, 1435.59680176, 580.135742188, 351.549133301, 1649.13659668, 650.253479004, 994.375854492, 856.434631348, 150.134460449, 76.4246444702, 69.8081359863, 96.7580871582, 154.695709229, 109.618347168, 39.342754364, 8.05508804321, 2.79541516304, 0.508877694607, 0.0738787204027, 0.0103024756536], "mean": [0.169372096658, 0.860421955585, 2.0287463665, 3.51897192001, 7.03388166428, 5.88708353043, 6.16324615479, 7.14106607437, 5.97353219986, 11.2813596725, 22.9357032776, 43.9000511169, 17.5498504639, 18.5483474731, 24.4214115143, 16.3725643158, 17.7687206268, 15.868927002, 14.1376876831, 28.8001098633, 49.6381454468, 29.4787025452, 18.1779594421, 17.9106407166, 16.0812759399, 14.4659976959, 11.7155361176, 7.11940765381, 4.51697826385, 2.48465847969, 1.66196084023, 1.25688552856, 1.33099615574, 0.739559650421, 0.353462606668, 0.131782650948, 0.0455691926181, 0.00884205289185, 0.00110350933392, 8.154236275e-05], "median": [0.0459282808006, 0.348316818476, 0.973525881767, 1.89138638973, 2.87575030327, 2.76617765427, 2.51595830917, 2.08402705193, 1.36275231838, 1.63846194744, 2.0157892704, 2.32650899887, 2.4417784214, 2.92201590538, 2.84463000298, 2.05810260773, 2.33942103386, 3.38310933113, 3.65011906624, 11.1895904541, 16.2604866028, 10.6384296417, 7.31646680832, 7.29793310165, 6.21880912781, 5.59696674347, 3.9999024868, 2.87890720367, 2.03923559189, 1.14818644524, 0.701673328876, 0.47543373704, 0.418109863997, 0.252099335194, 0.1435611099, 0.0647934675217, 0.0217826403677, 0.00438473979011, 0.000435614696471, 4.33765380876e-05], "min": [3.83848640873e-23, 6.29148151594e-22, 2.45689141112e-21, 3.02380638901e-21, 6.17052260819e-21, 1.83687943506e-20, 4.01136811349e-20, 6.23600930176e-20, 9.33526506395e-20, 1.64056682517e-19, 2.06392639297e-19, 4.20395185134e-19, 3.47734166712e-19, 8.16520942794e-19, 1.24118109702e-18, 1.37687066733e-18, 1.71882392723e-18, 1.83174576477e-18, 2.26331442807e-18, 3.46362380724e-18, 3.72899472148e-18, 4.22745706732e-18, 4.78495818862e-18, 6.64785660924e-18, 8.14845612541e-18, 7.86383651152e-18, 7.93833405184e-18, 9.59216339982e-18, 1.1324341641e-17, 1.08148653853e-17, 1.1619820482e-17, 9.87927034581e-18, 8.81751620079e-18, 7.36714515936e-18, 6.21028426905e-18, 3.99088134418e-18, 2.43682776247e-18, 1.03190481563e-18, 2.51104659463e-19, 2.78692302576e-20], "var": [0.217318356037, 3.18084335327, 9.3783454895, 23.7117958069, 171.050216675, 95.6852874756, 319.406799316, 549.188903809, 391.422302246, 1455.59313965, 12043.0429688, 51051.9023438, 7096.50927734, 4687.68847656, 8540.38378906, 4970.20654297, 5147.95214844, 2744.96728516, 2076.86230469, 2468.49316406, 8111.96875, 2931.71630859, 917.42401123, 881.123413086, 1335.29772949, 866.732666016, 842.793273926, 246.642745972, 58.4720878601, 15.5114364624, 8.74056339264, 8.20477581024, 17.4075164795, 6.12640523911, 1.11101830006, 0.069196164608, 0.00719613023102, 0.000239381828578, 5.2001187214e-06, 3.247123459e-08]}, "gfcc": {"mean": [-39.9993476868, 65.1935195923, -102.151725769, 43.8892745972, -38.4059486389, 9.68824958801, -32.935749054, 13.0539674759, -23.3757514954, 1.9621232748, -20.3369903564, 1.30694639683, -6.5896654129], "cov": [[24918.1230469, 1433.90783691, -1731.18823242, 813.443237305, -608.681396484, -8.24142360687, -806.227233887, 120.580802917, -413.427032471, -153.061065674, -659.180175781, -31.2664756775, -122.87600708], [1433.90783691, 937.119934082, -234.326843262, -2.99178767204, -21.7591514587, -108.089782715, -39.1457633972, -17.5279216766, 6.50277423859, -32.8044433594, -36.6706695557, -50.3900260925, -3.46964836121], [-1731.18823242, -234.326843262, 1285.57299805, 223.955368042, 146.263198853, -22.1965637207, -89.3244781494, -54.2432899475, 34.1598243713, 55.7816772461, 20.5839881897, -19.0013217926, -75.5658187866], [813.443237305, -2.99178767204, 223.955368042, 522.575622559, 75.5904006958, -21.9474811554, -108.471298218, -31.8853855133, 10.6235256195, 14.429353714, -37.9364051819, -15.5547218323, -8.47861099243], [-608.681396484, -21.7591514587, 146.263198853, 75.5904006958, 349.538604736, -0.584265053272, -76.1325683594, 6.09447622299, 36.0527229309, -26.3658657074, 1.03784692287, 28.6556529999, 1.83361554146], [-8.24142360687, -108.089782715, -22.1965637207, -21.9474811554, -0.584265053272, 264.433502197, 121.476333618, -22.9828014374, -49.6347999573, 11.5802907944, 23.3519096375, -1.8419380188, 0.859371602535], [-806.227233887, -39.1457633972, -89.3244781494, -108.471298218, -76.1325683594, 121.476333618, 285.087677002, 11.0430774689, -30.0384464264, 27.3053207397, 54.0859184265, -12.6069660187, -0.0450899787247], [120.580802917, -17.5279216766, -54.2432899475, -31.8853855133, 6.09447622299, -22.9828014374, 11.0430774689, 139.839508057, 57.3401679993, -15.9824333191, -4.5208029747, 12.7924623489, 3.4786696434], [-413.427032471, 6.50277423859, 34.1598243713, 10.6235256195, 36.0527229309, -49.6347999573, -30.0384464264, 57.3401679993, 144.124557495, 26.0619773865, -25.0168628693, -3.29314494133, 15.7985668182], [-153.061065674, -32.8044433594, 55.7816772461, 14.429353714, -26.3658657074, 11.5802907944, 27.3053207397, -15.9824333191, 26.0619773865, 118.162689209, 42.6701889038, -12.6398525238, -5.9152674675], [-659.180175781, -36.6706695557, 20.5839881897, -37.9364051819, 1.03784692287, 23.3519096375, 54.0859184265, -4.5208029747, -25.0168628693, 42.6701889038, 149.236328125, 42.992351532, -13.7691850662], [-31.2664756775, -50.3900260925, -19.0013217926, -15.5547218323, 28.6556529999, -1.8419380188, -12.6069660187, 12.7924623489, -3.29314494133, -12.6398525238, 42.992351532, 97.4974441528, 31.7370376587], [-122.87600708, -3.46964836121, -75.5658187866, -8.47861099243, 1.83361554146, 0.859371602535, -0.0450899787247, 3.4786696434, 15.7985668182, -5.9152674675, -13.7691850662, 31.7370376587, 97.0995483398]], "icov": [[0.000105765175249, -0.000154309236677, 0.00013549005962, -0.000169261591509, 0.000188089717994, -0.000205375574296, 0.00036762090167, -0.000378607888706, 0.000527588301338, -0.000385665596696, 0.000605019042268, -0.000419512245571, 0.000344567990396], [-0.000154309236677, 0.00147783500142, 7.13113477104e-05, 0.000192101302673, -0.00032297935104, 0.000840593944304, -0.000543076428585, 0.000922086066566, -0.000921367784031, 0.00096224976005, -0.00106576981489, 0.00140720105264, -0.000507366785314], [0.00013549005962, 7.13113477104e-05, 0.00118657399435, -0.000531047058757, -8.13096703496e-05, -0.000141342185088, 0.00057151063811, -3.06523761537e-05, 0.000348505709553, -0.000729924649931, 0.00062834226992, -0.000417978997575, 0.00117976183537], [-0.000169261591509, 0.000192101302673, -0.000531047058757, 0.0025707129389, -0.000592483091168, 0.000166541940416, 0.00015113336849, 0.000779363675974, -0.00062761513982, 5.04909803567e-05, -0.000448076665634, 0.00083977956092, -0.000647102307994], [0.000188089717994, -0.00032297935104, -8.13096703496e-05, -0.000592483091168, 0.00385836325586, -0.00104153633583, 0.00148255052045, -0.000480187969515, -0.000349556066794, 0.000610167393461, 0.000454853929114, -0.00147967447992, 0.000707894505467], [-0.000205375574296, 0.000840593944304, -0.000141342185088, 0.000166541940416, -0.00104153633583, 0.00576452491805, -0.00303496047854, 0.00127601076383, 0.000425561069278, 0.000318617065204, -0.000747837882955, 0.000884507142473, -0.000848766241688], [0.00036762090167, -0.000543076428585, 0.00057151063811, 0.00015113336849, 0.00148255052045, -0.00303496047854, 0.00686753494665, -0.00236280192621, 0.00218703318387, -0.00172917894088, 0.000168969942024, 0.000305227993522, 0.000453486863989], [-0.000378607888706, 0.000922086066566, -3.06523761537e-05, 0.000779363675974, -0.000480187969515, 0.00127601076383, -0.00236280192621, 0.0113038932905, -0.00678071798757, 0.00398562802002, -0.00257991743274, 0.000246262206929, 8.94616459846e-05], [0.000527588301338, -0.000921367784031, 0.000348505709553, -0.00062761513982, -0.000349556066794, 0.000425561069278, 0.00218703318387, -0.00678071798757, 0.0139555511996, -0.00647781323642, 0.00552522297949, -0.00179679132998, -0.00019656526274], [-0.000385665596696, 0.00096224976005, -0.000729924649931, 5.04909803567e-05, 0.000610167393461, 0.000318617065204, -0.00172917894088, 0.00398562802002, -0.00647781323642, 0.0141013739631, -0.00732106436044, 0.0047616106458, -0.00185671157669], [0.000605019042268, -0.00106576981489, 0.00062834226992, -0.000448076665634, 0.000454853929114, -0.000747837882955, 0.000168969942024, -0.00257991743274, 0.00552522297949, -0.00732106436044, 0.0149899153039, -0.00910087488592, 0.00502324290574], [-0.000419512245571, 0.00140720105264, -0.000417978997575, 0.00083977956092, -0.00147967447992, 0.000884507142473, 0.000305227993522, 0.000246262206929, -0.00179679132998, 0.0047616106458, -0.00910087488592, 0.0183478053659, -0.00742623256519], [0.000344567990396, -0.000507366785314, 0.00117976183537, -0.000647102307994, 0.000707894505467, -0.000848766241688, 0.000453486863989, 8.94616459846e-05, -0.00019656526274, -0.00185671157669, 0.00502324290574, -0.00742623256519, 0.0146278496832]]}, "melbands": {"dmean": [0.00126730185002, 0.000794014427811, 0.000497131550219, 0.000362386927009, 0.000150653999299, 0.00011608278146, 6.27643021289e-05, 0.00010754608229, 0.00015227154654, 0.000221903886995, 7.17417569831e-05, 5.21134461451e-05, 6.15842654952e-05, 4.33819441241e-05, 4.07654915762e-05, 3.22405612678e-05, 2.08710280276e-05, 1.68201459019e-05, 1.79199123522e-05, 3.86286810681e-05, 4.3796859245e-05, 2.54067726928e-05, 1.21063503684e-05, 1.38606292239e-05, 9.82814981398e-06, 8.71302017913e-06, 8.05351373856e-06, 6.30411204838e-06, 5.3497301451e-06, 3.63107301382e-06, 2.47380921792e-06, 1.7800276737e-06, 1.11894462407e-06, 8.42244674004e-07, 6.25545510502e-07, 5.56515601602e-07, 5.50472577743e-07, 6.82812924424e-07, 5.7737008774e-07, 3.9420962139e-07], "dmean2": [0.00203721947037, 0.0013038435718, 0.000812121899799, 0.000591937219724, 0.000238506137975, 0.000185522570973, 9.83321297099e-05, 0.000169529987033, 0.000240422625211, 0.000343538471498, 0.000119195334264, 7.97631873866e-05, 9.10749731702e-05, 7.00809978298e-05, 6.78229116602e-05, 5.12316546519e-05, 3.21136103594e-05, 2.52846275544e-05, 2.80546846625e-05, 6.01267565798e-05, 6.75830960972e-05, 3.90122513636e-05, 1.90535574802e-05, 2.1955511329e-05, 1.5037178855e-05, 1.32379027491e-05, 1.22702231238e-05, 9.61330897553e-06, 8.03528928373e-06, 5.47811941942e-06, 3.80545566259e-06, 2.69780866802e-06, 1.69103952885e-06, 1.30976638957e-06, 9.61601244853e-07, 8.45585645948e-07, 8.5114322701e-07, 1.05567835362e-06, 8.91428101113e-07, 6.04023512096e-07], "dvar": [1.18091984405e-05, 2.33319337894e-06, 8.7398228743e-07, 5.3025047464e-07, 2.82627524939e-07, 1.4933968373e-07, 5.65707125588e-08, 1.9797195705e-07, 5.05234254433e-07, 1.40513884617e-06, 1.71221657297e-07, 6.20822717678e-08, 5.57463870621e-08, 3.71164716739e-08, 2.35228387879e-08, 1.95331573138e-08, 7.00730407033e-09, 4.86534990074e-09, 1.80405868022e-09, 6.833499544e-09, 1.06069029115e-08, 3.19717363695e-09, 5.6397209125e-10, 9.2640156657e-10, 3.80334819194e-10, 6.71603772595e-10, 7.99164678877e-10, 2.48961101734e-10, 2.51190762635e-10, 1.46857248584e-10, 4.34676947214e-11, 1.31702513478e-11, 5.89223505057e-12, 3.1528868058e-12, 1.96156329027e-12, 1.78317603738e-12, 3.32349208917e-12, 8.50195521623e-12, 5.87868816126e-12, 3.52155912937e-12], "dvar2": [2.83268982457e-05, 5.78946128371e-06, 2.19378580368e-06, 1.32714694701e-06, 6.16864099356e-07, 3.22669023944e-07, 1.32427047106e-07, 4.68440020995e-07, 1.20569575301e-06, 3.19568289342e-06, 4.39809696218e-07, 1.44787392742e-07, 1.09885363031e-07, 8.73459669037e-08, 6.11152586316e-08, 4.41227498982e-08, 1.65081655013e-08, 9.68399671564e-09, 4.48145520693e-09, 1.62679523186e-08, 2.59399914881e-08, 6.98318425307e-09, 1.33645050582e-09, 2.24986274056e-09, 8.37548974619e-10, 1.53424328797e-09, 1.82221104872e-09, 5.43373346318e-10, 5.41864331183e-10, 3.10640124734e-10, 1.04906680565e-10, 2.8451328099e-11, 1.39883261224e-11, 7.61073495892e-12, 4.49538453337e-12, 4.21226118222e-12, 7.23645752695e-12, 1.78425278025e-11, 1.44356557957e-11, 8.7796037801e-12], "max": [0.0507508590817, 0.0260895062238, 0.0188868306577, 0.0112140979618, 0.0378279611468, 0.0139603931457, 0.00709246192127, 0.0143719390035, 0.0255093481392, 0.0339575596154, 0.0234838798642, 0.010222624056, 0.00807404145598, 0.00905450526625, 0.00334357144311, 0.003750968026, 0.00292613380589, 0.00296645448543, 0.00168952392414, 0.00187509320676, 0.00265988940373, 0.00169708172325, 0.000384519225918, 0.000603636261076, 0.000356558011845, 0.00177662121132, 0.00183672609273, 0.00043032472604, 0.000608990259934, 0.000722067488823, 0.000391825626139, 0.000124417405459, 0.000119596064906, 3.90729874198e-05, 3.95490096707e-05, 4.22345729021e-05, 8.78677747096e-05, 0.000131766297272, 8.56599363033e-05, 0.000114965441753], "mean": [0.00137109658681, 0.00108875986189, 0.000738464004826, 0.000498510722537, 0.0002162327728, 0.00015768565936, 9.29851012188e-05, 0.00013127544662, 0.00020166602917, 0.000264816975687, 7.79578840593e-05, 7.21229807823e-05, 8.56377082528e-05, 4.69297738164e-05, 3.85426719731e-05, 3.71028399968e-05, 2.81135980913e-05, 2.24766881729e-05, 2.33074206335e-05, 5.28080418007e-05, 6.16710167378e-05, 3.53894938598e-05, 1.60124200193e-05, 1.8965698473e-05, 1.3823793779e-05, 1.20143404274e-05, 1.05656699816e-05, 9.38905577641e-06, 7.89981822891e-06, 5.35711205885e-06, 3.71454871129e-06, 2.77670255855e-06, 1.71805686477e-06, 1.2377887515e-06, 9.47891464875e-07, 8.12719463283e-07, 7.3403487022e-07, 9.46083787312e-07, 8.08962624887e-07, 5.7730841263e-07], "median": [0.000465089746285, 0.000553956837393, 0.000393265800085, 0.000226359465159, 9.99222684186e-05, 4.75335436931e-05, 1.79003927769e-05, 1.65187757375e-05, 1.54842873599e-05, 1.27731273096e-05, 1.01243213066e-05, 1.00940005723e-05, 8.99466704141e-06, 5.24811684954e-06, 4.52877702628e-06, 5.2782424973e-06, 5.60021862839e-06, 4.37365360995e-06, 7.64637388784e-06, 1.80120769073e-05, 1.74417782546e-05, 1.06946272354e-05, 5.99583518124e-06, 6.07372385275e-06, 5.28942473466e-06, 4.53415395896e-06, 3.67620395991e-06, 3.29522958964e-06, 2.42962732955e-06, 1.8900153691e-06, 1.46867580497e-06, 1.16542150863e-06, 7.75716728185e-07, 5.37061339401e-07, 3.84918337204e-07, 3.1215074614e-07, 2.60677779806e-07, 2.86454167053e-07, 2.36847142787e-07, 1.99996193828e-07], "min": [7.6963907667e-25, 1.47195291799e-24, 1.03068868091e-24, 6.09558737921e-25, 1.530699291e-24, 1.30067031065e-24, 1.22315999355e-24, 1.8816657757e-24, 1.78631931353e-24, 2.25069983755e-24, 1.42886484231e-24, 2.94232180329e-24, 3.2583755723e-24, 2.79708205823e-24, 3.34271604434e-24, 3.7797718071e-24, 2.72468060156e-24, 3.33028320204e-24, 3.40501554547e-24, 4.47973676578e-24, 3.83378550771e-24, 3.82529933653e-24, 4.24672263716e-24, 4.06680910266e-24, 5.09773118779e-24, 4.5641042563e-24, 4.95917920827e-24, 4.4780221766e-24, 4.60438428298e-24, 4.59648305215e-24, 5.23424120085e-24, 5.38722894051e-24, 5.07984652777e-24, 5.69764491785e-24, 6.31510252002e-24, 5.14218626081e-24, 5.4803090053e-24, 5.72400431057e-24, 5.6062116002e-24, 5.76783460575e-24], "var": [1.17596346172e-05, 2.71207113656e-06, 1.12573468414e-06, 6.59618478949e-07, 3.38378328024e-07, 2.32323941418e-07, 9.31674932758e-08, 2.42130056449e-07, 8.42245242438e-07, 1.96703558686e-06, 1.68967190461e-07, 8.34329227928e-08, 1.10512765161e-07, 6.99870597032e-08, 1.98957152975e-08, 2.29197549828e-08, 1.03888480041e-08, 8.10891620517e-09, 2.21223039887e-09, 8.83406503505e-09, 1.35563382742e-08, 4.8224126914e-09, 7.45987327466e-10, 1.33403921243e-09, 5.89857274136e-10, 8.1553319653e-10, 9.32747101778e-10, 4.11933626099e-10, 4.08393097118e-10, 2.26438923168e-10, 5.74923858521e-11, 2.50989524303e-11, 8.7547833566e-12, 4.39922490797e-12, 3.03482542915e-12, 2.44892279198e-12, 4.1243874635e-12, 1.0732952721e-11, 6.36223712602e-12, 4.79081791599e-12]}, "mfcc": {"mean": [-681.334411621, 98.5031967163, 0.0511903688312, 38.8826828003, 15.9434900284, 6.24517202377, 4.72151041031, 5.69835519791, 7.96907138824, 0.8695987463, -4.72825431824, -1.3095754385, 1.15122067928], "cov": [[11327.8261719, 627.773254395, -617.138977051, 399.00378418, 6.20447540283, -35.1994285583, -200.679611206, -26.9996814728, 205.274841309, -210.619918823, -180.114318848, 5.16446781158, -44.498714447], [627.773254395, 912.339538574, -108.901855469, 38.9832725525, 34.801612854, -67.8627853394, -46.8533172607, -4.76252174377, -13.1670942307, 9.20955753326, 7.35438108444, -29.1939601898, -10.3118515015], [-617.138977051, -108.901855469, 864.459899902, 193.91847229, 107.545135498, 86.9248428345, 19.1526126862, -61.631778717, -28.1823940277, 29.3306407928, 21.3743209839, 35.8865661621, 31.6137695312], [399.00378418, 38.9832725525, 193.91847229, 464.910736084, 197.742004395, -11.1785879135, -84.4692230225, -33.5951805115, 18.2626686096, -5.14907360077, -28.4180412292, 23.3005657196, 31.1387195587], [6.20447540283, 34.801612854, 107.545135498, 197.742004395, 427.574768066, -8.86007022858, -94.5005264282, 18.7872047424, 15.3011426926, -23.415895462, -43.3287620544, 14.5578174591, 30.4810504913], [-35.1994285583, -67.8627853394, 86.9248428345, -11.1785879135, -8.86007022858, 235.186950684, 113.50088501, -24.3316898346, 2.85722541809, 5.1392660141, 6.30360507965, 4.21375417709, -6.44513082504], [-200.679611206, -46.8533172607, 19.1526126862, -84.4692230225, -94.5005264282, 113.50088501, 231.321731567, 36.6384735107, -54.3620262146, 5.92482089996, 38.4235877991, -6.12475681305, -11.3948993683], [-26.9996814728, -4.76252174377, -61.631778717, -33.5951805115, 18.7872047424, -24.3316898346, 36.6384735107, 145.442932129, 20.9900455475, -18.1510391235, 4.8838891983, -1.32330143452, -3.55032157898], [205.274841309, -13.1670942307, -28.1823940277, 18.2626686096, 15.3011426926, 2.85722541809, -54.3620262146, 20.9900455475, 161.097335815, 29.1359291077, -26.7878398895, -4.51365470886, -10.6611680984], [-210.619918823, 9.20955753326, 29.3306407928, -5.14907360077, -23.415895462, 5.1392660141, 5.92482089996, -18.1510391235, 29.1359291077, 115.935890198, 33.7650032043, -4.95262098312, -1.53170311451], [-180.114318848, 7.35438108444, 21.3743209839, -28.4180412292, -43.3287620544, 6.30360507965, 38.4235877991, 4.8838891983, -26.7878398895, 33.7650032043, 114.038749695, 31.7275600433, -11.1711616516], [5.16446781158, -29.1939601898, 35.8865661621, 23.3005657196, 14.5578174591, 4.21375417709, -6.12475681305, -1.32330143452, -4.51365470886, -4.95262098312, 31.7275600433, 92.2208557129, 29.1105422974], [-44.498714447, -10.3118515015, 31.6137695312, 31.1387195587, 30.4810504913, -6.44513082504, -11.3948993683, -3.55032157898, -10.6611680984, -1.53170311451, -11.1711616516, 29.1105422974, 87.1552886963]], "icov": [[0.000110029621283, -7.12002656655e-05, 8.60777581693e-05, -0.000135781418066, 6.84148908476e-05, -4.2985262553e-05, 1.34118554342e-05, 4.9193007726e-05, -0.000145583457197, 0.000210615631659, 8.20756686153e-05, -7.96035819803e-05, 6.46955231787e-05], [-7.12002656655e-05, 0.00121517223306, 0.000113847338071, -5.51518969587e-05, -0.000148787512444, 0.000248613185249, 9.94105284917e-05, 4.72481806355e-05, 0.000252876954619, -0.000238825319684, -0.000341544742696, 0.000498690526001, -1.24354446598e-05], [8.60777581693e-05, 0.000113847338071, 0.00150658306666, -0.000639294274151, -0.000166929152329, -0.000429053849075, -0.000134555157274, 0.000449648243375, 0.000141662370879, -0.000193367159227, -0.000186062883586, -0.000237793341512, -0.000163773875101], [-0.000135781418066, -5.51518969587e-05, -0.000639294274151, 0.00321394507773, -0.00121138803661, 0.000190241073142, 0.000346098793671, 0.000525373208802, -0.000124020851217, -0.000162776181241, 0.000168935221154, -0.000313155731419, -0.000379634206183], [6.84148908476e-05, -0.000148787512444, -0.000166929152329, -0.00121138803661, 0.00346416351385, -0.000866381102242, 0.00162108463701, -0.0014330111444, 0.000503518385813, 0.000174475921085, 0.00082263792865, -0.00023450878507, -0.000362921884516], [-4.2985262553e-05, 0.000248613185249, -0.000429053849075, 0.000190241073142, -0.000866381102242, 0.00698000472039, -0.00461692502722, 0.00266098417342, -0.00200705276802, 0.000579035200644, 0.00032353415736, -0.000559086154681, 0.000411944667576], [1.34118554342e-05, 9.94105284917e-05, -0.000134555157274, 0.000346098793671, 0.00162108463701, -0.00461692502722, 0.00905866455287, -0.00380684691481, 0.00343418586999, -0.000970329972915, -0.00107044447213, 0.000981041113846, 2.82320161205e-06], [4.9193007726e-05, 4.72481806355e-05, 0.000449648243375, 0.000525373208802, -0.0014330111444, 0.00266098417342, -0.00380684691481, 0.00958183314651, -0.00314531521872, 0.00243850052357, -0.00124058593065, 0.000190420076251, -0.000294049241347], [-0.000145583457197, 0.000252876954619, 0.000141662370879, -0.000124020851217, 0.000503518385813, -0.00200705276802, 0.00343418586999, -0.00314531521872, 0.00926881935447, -0.00395750300959, 0.00276493933052, -0.000984781305306, 0.00169243174605], [0.000210615631659, -0.000238825319684, -0.000193367159227, -0.000162776181241, 0.000174475921085, 0.000579035200644, -0.000970329972915, 0.00243850052357, -0.00395750300959, 0.011966465041, -0.00472305435687, 0.00251051108353, -0.0015558594605], [8.20756686153e-05, -0.000341544742696, -0.000186062883586, 0.000168935221154, 0.00082263792865, 0.00032353415736, -0.00107044447213, -0.00124058593065, 0.00276493933052, -0.00472305435687, 0.0138973770663, -0.0063922223635, 0.00372592848726], [-7.96035819803e-05, 0.000498690526001, -0.000237793341512, -0.000313155731419, -0.00023450878507, -0.000559086154681, 0.000981041113846, 0.000190420076251, -0.000984781305306, 0.00251051108353, -0.0063922223635, 0.0153732290491, -0.00563725503162], [6.46955231787e-05, -1.24354446598e-05, -0.000163773875101, -0.000379634206183, -0.000362921884516, 0.000411944667576, 2.82320161205e-06, -0.000294049241347, 0.00169243174605, -0.0015558594605, 0.00372592848726, -0.00563725503162, 0.0143862944096]]}, "spectral_contrast_coeffs": {"dmean": [0.0515834391117, 0.0545951463282, 0.0470450073481, 0.0409128032625, 0.0299018230289, 0.0231573078781], "dmean2": [0.0849764347076, 0.0863257199526, 0.0709833949804, 0.0621155649424, 0.0451647080481, 0.034440279007], "dvar": [0.00180154258851, 0.00237287394702, 0.00191371748224, 0.00131488824263, 0.000784596253652, 0.000462681840872], "dvar2": [0.00477766385302, 0.00534335244447, 0.00363894482143, 0.00272482936271, 0.00152743316721, 0.00096545368433], "max": [-0.311296790838, -0.300190657377, -0.319877624512, -0.458173692226, -0.497201859951, -0.483185052872], "mean": [-0.683355927467, -0.72864317894, -0.762194991112, -0.753146052361, -0.767921388149, -0.768059313297], "median": [-0.682433247566, -0.741770267487, -0.785418331623, -0.755847096443, -0.774440169334, -0.766466498375], "min": [-0.986091077328, -0.978500366211, -0.97324192524, -0.972398877144, -0.96860653162, -0.964187979698], "var": [0.00669517647475, 0.00984473712742, 0.00990807823837, 0.0061386981979, 0.00426497822627, 0.00278971390799]}, "spectral_contrast_valleys": {"dmean": [0.450521588326, 0.528047561646, 0.51551514864, 0.496216952801, 0.436188220978, 0.38475728035], "dmean2": [0.699740588665, 0.794940650463, 0.738053381443, 0.674169182777, 0.573716044426, 0.494101315737], "dvar": [0.181801065803, 0.254878550768, 0.248857006431, 0.243327438831, 0.207863718271, 0.160181388259], "dvar2": [0.358918339014, 0.517410516739, 0.463090360165, 0.434890061617, 0.3497