{"lowlevel": {"average_loudness": 0.891701757908, "barkbands_crest": {"dmean": 1.43128085136, "dmean2": 2.18910574913, "dvar": 2.47291588783, "dvar2": 5.76235294342, "max": 24.544921875, "mean": 12.0674829483, "median": 11.2885551453, "min": 3.58603239059, "var": 23.8399333954}, "barkbands_flatness_db": {"dmean": 0.0117314867675, "dmean2": 0.0181405134499, "dvar": 0.000180551331141, "dvar2": 0.000327889458276, "max": 0.457524567842, "mean": 0.235915973783, "median": 0.224658131599, "min": 0.052575007081, "var": 0.00456544058397}, "barkbands_kurtosis": {"dmean": 1.63870322704, "dmean2": 2.50830054283, "dvar": 6.16302251816, "dvar2": 14.0204057693, "max": 67.9370498657, "mean": 5.27717161179, "median": 2.52176952362, "min": -1.95578551292, "var": 69.9678649902}, "barkbands_skewness": {"dmean": 0.296625167131, "dmean2": 0.451483517885, "dvar": 0.0926431119442, "dvar2": 0.204668626189, "max": 4.85034608841, "mean": 1.26151144505, "median": 1.21709990501, "min": -1.95887935162, "var": 0.828390419483}, "barkbands_spread": {"dmean": 1.46872127056, "dmean2": 2.32315969467, "dvar": 13.7479095459, "dvar2": 27.6120319366, "max": 157.316650391, "mean": 9.23075485229, "median": 7.77627086639, "min": 0.355385899544, "var": 128.682601929}, "dissonance": {"dmean": 0.0262036267668, "dmean2": 0.0442645400763, "dvar": 0.000703586207237, "dvar2": 0.00184095092118, "max": 0.499986827374, "mean": 0.413190752268, "median": 0.424117654562, "min": 0.102329701185, "var": 0.00350567535497}, "dynamic_complexity": 4.66306352615, "erbbands_crest": {"dmean": 2.14776587486, "dmean2": 3.31740832329, "dvar": 5.93688249588, "dvar2": 12.6062726974, "max": 32.5532569885, "mean": 15.1583871841, "median": 13.5613918304, "min": 2.27394604683, "var": 47.9934539795}, "erbbands_flatness_db": {"dmean": 0.0113059487194, "dmean2": 0.0165879130363, "dvar": 0.000206869342946, "dvar2": 0.00034010753734, "max": 0.462538212538, "mean": 0.277631819248, "median": 0.265534639359, "min": 0.0499908216298, "var": 0.00412366027012}, "erbbands_kurtosis": {"dmean": 1.17320692539, "dmean2": 1.81940710545, "dvar": 2.97475337982, "dvar2": 6.59383153915, "max": 29.3447265625, "mean": 2.47572183609, "median": 0.840182542801, "min": -1.4528195858, "var": 18.4940853119}, "erbbands_skewness": {"dmean": 0.286842316389, "dmean2": 0.442127108574, "dvar": 0.0737157911062, "dvar2": 0.176838740706, "max": 4.38002681732, "mean": 0.908716082573, "median": 0.7481726408, "min": -1.90236365795, "var": 0.841570556164}, "erbbands_spread": {"dmean": 2.66497135162, "dmean2": 4.15376710892, "dvar": 9.52997875214, "dvar2": 20.0118122101, "max": 64.3375244141, "mean": 16.4709148407, "median": 16.2681808472, "min": 1.04845201969, "var": 77.9133987427}, "hfc": {"dmean": 2.68375468254, "dmean2": 3.85176110268, "dvar": 30.9328708649, "dvar2": 65.1126098633, "max": 79.7447280884, "mean": 12.2963600159, "median": 9.82700634003, "min": 1.2020541016e-16, "var": 101.801925659}, "melbands_crest": {"dmean": 1.94039928913, "dmean2": 3.0872130394, "dvar": 4.63544988632, "dvar2": 11.4287481308, "max": 30.627538681, "mean": 14.997505188, "median": 13.5509090424, "min": 1.66161048412, "var": 34.9923591614}, "melbands_flatness_db": {"dmean": 0.012013591826, "dmean2": 0.0186725277454, "dvar": 0.000205784235732, "dvar2": 0.000344325089827, "max": 0.58522439003, "mean": 0.305700480938, "median": 0.287350803614, "min": 0.0029057553038, "var": 0.00739178108051}, "melbands_kurtosis": {"dmean": 1.76836311817, "dmean2": 2.75059175491, "dvar": 4.03556156158, "dvar2": 9.18071365356, "max": 44.2537956238, "mean": 5.64101028442, "median": 4.33532714844, "min": -1.50213909149, "var": 30.3182601929}, "melbands_skewness": {"dmean": 0.316089242697, "dmean2": 0.489407062531, "dvar": 0.0953707993031, "dvar2": 0.218433365226, "max": 4.63657093048, "mean": 1.36838698387, "median": 1.39887690544, "min": -1.7488309145, "var": 0.678593933582}, "melbands_spread": {"dmean": 2.0432498455, "dmean2": 3.23198533058, "dvar": 13.8164396286, "dvar2": 28.7726554871, "max": 146.109558105, "mean": 12.2493286133, "median": 11.0683097839, "min": 0.641734242439, "var": 96.7450332642}, "pitch_salience": {"dmean": 0.0462846122682, "dmean2": 0.075196839869, "dvar": 0.00237244740129, "dvar2": 0.00602882867679, "max": 0.965808331966, "mean": 0.521940469742, "median": 0.522569537163, "min": 0.191047206521, "var": 0.0113006131724}, "silence_rate_20dB": {"dmean": 0, "dmean2": 0, "dvar": 0, "dvar2": 0, "max": 1, "mean": 1, "median": 1, "min": 1, "var": 0}, "silence_rate_30dB": {"dmean": 0.00177567324135, "dmean2": 0.0035523979459, "dvar": 0.00177260919008, "dvar2": 0.00472375145182, "max": 1, "mean": 0.998816549778, "median": 1, "min": 0, "var": 0.00118205102626}, "silence_rate_60dB": {"dmean": 0.00177567324135, "dmean2": 0.0035523979459, "dvar": 0.00177251209971, "dvar2": 0.00413183541968, "max": 1, "mean": 0.111538462341, "median": 0, "min": 0, "var": 0.0990977808833}, "spectral_centroid": {"dmean": 69.3861236572, "dmean2": 110.987686157, "dvar": 26686.6367188, "dvar2": 35195.546875, "max": 11319.0947266, "mean": 736.408874512, "median": 681.947021484, "min": 339.191680908, "var": 140661.265625}, "spectral_complexity": {"dmean": 1.5898194313, "dmean2": 2.66311430931, "dvar": 2.13713812828, "dvar2": 5.43285608292, "max": 24, "mean": 13.1402368546, "median": 14, "min": 0, "var": 25.361825943}, "spectral_decrease": {"dmean": 1.10013675947e-09, "dmean2": 1.62746627286e-09, "dvar": 4.43616093973e-18, "dvar2": 9.2242657234e-18, "max": 5.02371663941e-29, "mean": -5.68019276059e-09, "median": -4.64327243321e-09, "min": -3.31117000485e-08, "var": 2.10982970056e-17}, "spectral_energy": {"dmean": 0.00438182568178, "dmean2": 0.00646940153092, "dvar": 7.10706517566e-05, "dvar2": 0.00014782519429, "max": 0.131046518683, "mean": 0.0225536543876, "median": 0.0183393955231, "min": 1.07133831843e-20, "var": 0.000330915965606}, "spectral_energyband_high": {"dmean": 7.52890719014e-06, "dmean2": 1.28503506858e-05, "dvar": 1.5857075375e-10, "dvar2": 4.16595480335e-10, "max": 0.000264917558525, "mean": 2.37428776018e-05, "median": 1.86193647096e-05, "min": 7.88686583369e-21, "var": 5.30564037149e-10}, "spectral_energyband_low": {"dmean": 0.000352910516085, "dmean2": 0.000498403504025, "dvar": 3.37997647648e-07, "dvar2": 8.26098130347e-07, "max": 0.0286790262908, "mean": 0.00190725817811, "median": 0.00130693800747, "min": 7.29635563485e-23, "var": 6.93446691002e-06}, "spectral_energyband_middle_high": {"dmean": 0.00141783768777, "dmean2": 0.00195428589359, "dvar": 1.63506138051e-05, "dvar2": 3.48784851667e-05, "max": 0.064775146544, "mean": 0.00431008869782, "median": 0.00248756958172, "min": 1.27198103303e-21, "var": 4.11636610806e-05}, "spectral_energyband_middle_low": {"dmean": 0.00360299274325, "dmean2": 0.00539266364649, "dvar": 4.61367017124e-05, "dvar2": 9.28417721298e-05, "max": 0.126656979322, "mean": 0.0170316807926, "median": 0.0120658008382, "min": 3.44315722267e-22, "var": 0.000270865682978}, "spectral_entropy": {"dmean": 0.0923517197371, "dmean2": 0.143443778157, "dvar": 0.0141203068197, "dvar2": 0.0229472517967, "max": 9.81690311432, "mean": 6.53382396698, "median": 6.6562962532, "min": 4.39589691162, "var": 0.361971616745}, "spectral_flux": {"dmean": 0.0136577868834, "dmean2": 0.0216643344611, "dvar": 0.000655233801808, "dvar2": 0.00152744632214, "max": 0.275474667549, "mean": 0.0396622829139, "median": 0.0344045385718, "min": 1.03505475024e-10, "var": 0.000932427530643}, "spectral_kurtosis": {"dmean": 7.41634702682, "dmean2": 13.0050125122, "dvar": 76.3142547607, "dvar2": 222.955947876, "max": 213.009384155, "mean": 25.9745960236, "median": 12.0503330231, "min": -1.21012866497, "var": 1529.49182129}, "spectral_rms": {"dmean": 0.000402387813665, "dmean2": 0.000598615035415, "dvar": 4.3750048917e-07, "dvar2": 8.84327619133e-07, "max": 0.0113070886582, "mean": 0.00423735706136, "median": 0.00422990508378, "min": 3.23296792983e-12, "var": 4.04836964663e-06}, "spectral_rolloff": {"dmean": 101.29901886, "dmean2": 174.286758423, "dvar": 211046.890625, "dvar2": 345049.03125, "max": 19272.2167969, "mean": 885.943725586, "median": 753.662109375, "min": 236.865234375, "var": 1938811.625}, "spectral_skewness": {"dmean": 0.513974845409, "dmean2": 0.897980868816, "dvar": 0.24127599597, "dvar2": 0.6915320158, "max": 11.7735128403, "mean": 3.03994441032, "median": 2.27324175835, "min": -0.017848752439, "var": 5.23928833008}, "spectral_spread": {"dmean": 193839.59375, "dmean2": 320864.21875, "dvar": 409489244160, "dvar2": 530752471040, "max": 40580952, "mean": 2078422, "median": 2115418.5, "min": 470334.78125, "var": 1306331447300.0}, "spectral_strongpeak": {"dmean": 0.430028140545, "dmean2": 0.681387364864, "dvar": 0.615633785725, "dvar2": 1.39674079418, "max": 7.88087558746, "mean": 1.61035180092, "median": 1.21541106701, "min": 0, "var": 2.1930782795}, "zerocrossingrate": {"dmean": 0.00274067535065, "dmean2": 0.00357277900912, "dvar": 6.6875720222e-05, "dvar2": 6.48408531561e-05, "max": 0.509765625, "mean": 0.0339080989361, "median": 0.03125, "min": 0.01220703125, "var": 0.00100508565083}, "barkbands": {"dmean": [8.4973447656e-07, 0.000186149045476, 0.000165584337083, 0.000271096592769, 0.000703169789631, 0.00112945330329, 0.00123987125698, 0.000887352158315, 0.000425728765549, 0.000986395636573, 0.000492801598739, 0.000129120962811, 0.000247714895522, 7.60273833293e-05, 0.000116055925901, 6.33458039374e-05, 7.80068221502e-05, 3.02158732666e-05, 2.41075958911e-05, 1.03427501017e-05, 3.30924331138e-06, 9.69102757153e-07, 2.56449197877e-07, 1.27655894744e-07, 6.63578063609e-08, 2.18373426009e-08, 1.88179587468e-08], "dmean2": [1.41887881e-06, 0.000246209150646, 0.000253087258898, 0.000399495125748, 0.00109049922321, 0.00177564355545, 0.00171428895555, 0.00144078140147, 0.000604108558036, 0.00119096762501, 0.000760983908549, 0.000197537025088, 0.000367242610082, 0.000117971139844, 0.000193004394532, 0.000106479448732, 0.000134131070809, 4.96408356412e-05, 4.06424114772e-05, 1.77390356839e-05, 5.69363965042e-06, 1.66556037584e-06, 4.38611976961e-07, 2.14138609067e-07, 1.05963238184e-07, 3.48676145734e-08, 3.04135880924e-08], "dvar": [1.90158761133e-12, 1.14034094167e-07, 9.96000366627e-08, 3.6147801552e-07, 4.61298532173e-06, 5.09083702127e-06, 1.24942771436e-05, 3.7564188915e-06, 3.34405376634e-06, 1.57712274813e-05, 4.83647727378e-06, 8.82139516989e-08, 1.91862454813e-07, 1.37345272933e-08, 2.47445761659e-08, 7.13052239476e-09, 1.65044848899e-08, 3.39347039358e-09, 1.15339870987e-09, 3.22513737938e-10, 2.34442621566e-11, 3.17427768098e-12, 2.76078395171e-13, 4.67907776327e-14, 1.47446531845e-14, 1.73676567241e-15, 1.03933176678e-15], "dvar2": [5.14526919335e-12, 1.88241628507e-07, 2.81901435528e-07, 8.70628355187e-07, 1.13159794637e-05, 1.14733447845e-05, 2.03489325941e-05, 9.75993498287e-06, 7.90080594015e-06, 2.99547682516e-05, 1.19343203551e-05, 2.1776969561e-07, 3.71828775769e-07, 3.0234755144e-08, 6.55580265629e-08, 1.90521571852e-08, 4.51970301185e-08, 7.09961112122e-09, 3.09546921429e-09, 8.69680549798e-10, 6.76511416331e-11, 9.19236041452e-12, 7.75822114885e-13, 1.31359807472e-13, 3.60692141573e-14, 4.19041852677e-15, 2.82359301176e-15], "max": [4.25055732194e-05, 0.0230959691107, 0.00875745899975, 0.0145672503859, 0.0837809368968, 0.0475451685488, 0.0886764675379, 0.0300705265254, 0.0459464415908, 0.060266084969, 0.0437651872635, 0.00526777142659, 0.00674671400338, 0.00171590968966, 0.00209011998959, 0.0011264096247, 0.00300490786321, 0.00263417535461, 0.000525534444023, 0.000496441440191, 9.34312483878e-05, 3.68095279555e-05, 1.73527459992e-05, 3.80526216759e-06, 2.62465800915e-06, 1.099644237e-06, 8.11991299088e-07], "mean": [9.91410047391e-07, 0.000946870015468, 0.00069984048605, 0.001035787398, 0.00249562831596, 0.0037240725942, 0.00531210517511, 0.00222257617861, 0.0011507847812, 0.00264238123782, 0.000921562779695, 0.00022609642474, 0.000428151834058, 0.000143293218571, 0.000186837904039, 0.000121988225146, 0.000140945034218, 6.44500105409e-05, 5.29421231477e-05, 2.36305113503e-05, 8.39486710902e-06, 2.62827006736e-06, 8.49238517731e-07, 4.56331008536e-07, 2.5981591989e-07, 1.02849732286e-07, 6.45341415861e-08], "median": [5.66588880702e-07, 0.000403937126976, 0.000356586737325, 0.000265836832114, 0.0012279713992, 0.00197151349857, 0.00102654332295, 0.000830188801046, 0.000235936895479, 0.000406267645303, 0.000287071568891, 9.27735309233e-05, 0.000174487882759, 7.79989277362e-05, 0.000131194930873, 9.27459914237e-05, 0.000107333966298, 4.8370242439e-05, 4.30739783042e-05, 1.75507375388e-05, 6.17849445916e-06, 1.65948517861e-06, 6.02846284892e-07, 2.817699567e-07, 1.23778448824e-07, 5.15113214306e-08, 2.26230980616e-08], "min": [1.35417330272e-23, 2.81174765299e-23, 1.78591687614e-23, 4.84353906265e-23, 1.12370812568e-22, 6.85536156291e-23, 1.87690030642e-23, 2.59345611433e-23, 5.61990819767e-23, 4.12744678941e-23, 4.80932458747e-23, 1.39777203567e-22, 1.64922580372e-22, 1.06218391705e-22, 1.15385005911e-22, 1.38417030662e-22, 1.23711603159e-22, 1.56013349392e-22, 1.77419828429e-22, 2.15588768664e-22, 5.58043082118e-22, 4.57624092866e-22, 8.0012614187e-22, 8.26346515208e-22, 1.31261830011e-21, 1.66444955702e-21, 2.37171483014e-21], "var": [1.85485784718e-12, 3.41003760695e-06, 1.27856674226e-06, 3.13244095196e-06, 1.75111472345e-05, 2.56170696957e-05, 0.000115631148219, 1.14712502182e-05, 9.26827851799e-06, 5.04294548591e-05, 7.36930905987e-06, 1.47549783946e-07, 4.76455682019e-07, 3.68891122093e-08, 3.73987028013e-08, 1.45145193642e-08, 2.3194319354e-08, 7.88854492839e-09, 2.35707453555e-09, 5.8028121197e-10, 6.76122699494e-11, 1.09210271035e-11, 8.10465626902e-13, 2.59022485535e-13, 1.14680563223e-13, 1.81455819473e-14, 1.05960365807e-14]}, "erbbands": {"dmean": [0.00155394198373, 0.0544271916151, 0.206768453121, 0.427516311407, 1.5731048584, 2.89638447762, 4.4406414032, 11.5758981705, 10.7017393112, 32.2948455811, 9.26858997345, 11.6661672592, 21.0796432495, 24.7715015411, 19.3527050018, 7.0494389534, 12.1640396118, 4.58106231689, 5.53573417664, 4.67388248444, 3.22585868835, 3.23176503181, 1.8312703371, 1.79254150391, 0.825730204582, 0.58366894722, 0.226097509265, 0.072323821485, 0.0306442268193, 0.0197762753814, 0.00813267752528, 0.00361588830128, 0.00181652058382, 0.000926525448449, 0.000435756868683, 0.000137499067932, 3.8645346649e-05, 1.46189813677e-05, 5.21711763213e-06, 5.0153535085e-06], "dmean2": [0.00219829380512, 0.0725120976567, 0.30706551671, 0.63670694828, 2.43548941612, 4.53740549088, 6.85782337189, 18.5253753662, 13.9923801422, 49.4549369812, 14.4956293106, 16.191198349, 25.9941577911, 31.0370292664, 29.7986774445, 10.3764848709, 17.9466304779, 7.08526039124, 9.19456386566, 7.87163591385, 5.47194099426, 5.54659700394, 3.02656054497, 3.00014090538, 1.395403862, 0.989050865173, 0.391254544258, 0.125277817249, 0.0526462420821, 0.0337610952556, 0.0138799306005, 0.0061153024435, 0.00304777710699, 0.00153224309906, 0.000700109812897, 0.000223173410632, 6.11261639278e-05, 2.32753955061e-05, 8.35838000057e-06, 7.37591835787e-06], "dvar": [9.50723006099e-06, 0.00929468125105, 0.132330745459, 0.712242901325, 18.405330658, 100.267906189, 84.0955886841, 573.614440918, 934.044677734, 7159.93847656, 600.504638672, 2485.57324219, 11702.359375, 10815.5830078, 6352.37548828, 180.657546997, 480.712402344, 48.1960792542, 77.3385467529, 41.4947624207, 25.2419128418, 21.9741439819, 8.33172798157, 7.75160360336, 1.46722686291, 1.12920677662, 0.145138040185, 0.0138501925394, 0.00220137275755, 0.00173354998697, 0.000251437944826, 4.44804318249e-05, 9.24302366911e-06, 2.75696447716e-06, 6.61485273667e-07, 7.79538922302e-08, 5.26860732819e-09, 5.74758740601e-10, 6.45658249088e-11, 9.27574059228e-11], "dvar2": [1.52116708705e-05, 0.0165518354625, 0.380207747221, 1.65456664562, 50.9993858337, 256.312255859, 164.873413086, 1333.84399414, 1561.42077637, 14018.6865234, 1405.70288086, 5775.17382812, 21724.6992188, 19863.3984375, 15758.5556641, 403.624145508, 927.905395508, 107.714538574, 204.47795105, 107.841529846, 70.1498718262, 59.1463508606, 19.5729579926, 20.0305347443, 4.05352497101, 2.94564843178, 0.411814123392, 0.0404972545803, 0.00653594871983, 0.0046209609136, 0.000736203102861, 0.000131185515784, 2.51869041676e-05, 6.96337974659e-06, 1.5817795429e-06, 1.93884204691e-07, 1.2928324189e-08, 1.57065793704e-09, 1.72407810251e-10, 1.93266208592e-10], "max": [0.220774561167, 6.35136413574, 9.09554672241, 19.5126914978, 128.009246826, 386.045166016, 257.020599365, 588.075073242, 845.747192383, 2497.68286133, 512.161071777, 1274.19189453, 2332.12304688, 1968.5826416, 1746.44372559, 220.304336548, 339.251464844, 94.4909362793, 124.557151794, 97.942855835, 119.273658752, 79.4170532227, 96.2627334595, 63.9020271301, 27.985584259, 32.3000793457, 9.44447231293, 1.78652369976, 0.804727852345, 0.854381024837, 0.448647379875, 0.123334728181, 0.072847135365, 0.0385227613151, 0.0190563555807, 0.00590987317264, 0.0018482147716, 0.000495204585604, 0.000184029107913, 0.000148038074258], "mean": [0.00713949324563, 0.27900120616, 0.969476282597, 1.73793077469, 6.34489488602, 9.20930194855, 14.1267604828, 38.6571846008, 50.9355621338, 105.278114319, 29.2061843872, 33.8460235596, 57.3774414062, 65.0079193115, 38.526512146, 14.101269722, 21.8483543396, 9.42670822144, 8.92004299164, 8.42007732391, 6.72358036041, 6.30398845673, 4.06673574448, 3.71551370621, 1.98876285553, 1.31463086605, 0.570774257183, 0.199423745275, 0.09292550385, 0.0554254278541, 0.0262408535928, 0.0116665856913, 0.00641539460048, 0.00338727817871, 0.00159974792041, 0.000570453994442, 0.000173017222551, 5.51409757463e-05, 2.24622708629e-05, 2.62327248493e-05], "median": [0.00269067101181, 0.131674125791, 0.583519697189, 0.909699440002, 3.44842100143, 3.84792470932, 7.63679885864, 20.350818634, 14.091627121, 31.8454704285, 12.7336769104, 8.35100746155, 8.29929542542, 14.0678424835, 15.0816516876, 7.90738105774, 9.49942493439, 5.84036445618, 6.05219697952, 6.15143299103, 5.49760723114, 5.00454807281, 3.26076793671, 2.86510467529, 1.61874651909, 0.992564678192, 0.437913060188, 0.134449750185, 0.0680791884661, 0.0319317728281, 0.0160024166107, 0.00738804787397, 0.00389362638816, 0.00172785110772, 0.000803086091764, 0.000284297741018, 8.85679328348e-05, 2.93799330393e-05, 1.67465404957e-05, 2.17287997657e-05], "min": [1.7642603282e-21, 3.08032810878e-21, 1.71897275512e-20, 8.63716986339e-20, 3.9907907679e-19, 2.94877170473e-19, 2.08140071266e-19, 6.72893540531e-19, 4.23235904303e-19, 4.79560803561e-19, 4.83850924109e-19, 1.2092337274e-18, 1.64059724991e-18, 1.60995165578e-18, 2.05504482549e-18, 6.30513582912e-18, 8.53919060418e-18, 4.51524354219e-18, 5.50756745532e-18, 7.09375452229e-18, 7.46198555249e-18, 7.11295503866e-18, 9.46627891829e-18, 9.95261231482e-18, 7.95332091018e-18, 1.0008034243e-17, 1.90348585717e-17, 2.1723051633e-17, 2.18191402417e-17, 2.44208002848e-17, 1.82855636312e-17, 1.98144399031e-17, 1.15907194409e-17, 1.01577804037e-17, 1.07756239371e-17, 6.07826210738e-18, 3.18571800479e-18, 1.44100456516e-18, 3.79534530825e-19, 2.87448784842e-20], "var": [0.000278244755464, 0.261257886887, 1.72811675072, 6.2694940567, 89.3283004761, 297.772644043, 468.680236816, 2823.23217773, 9939.26171875, 52795.1796875, 2135.11376953, 7164.92529297, 38973.2421875, 35425.8515625, 9768.40820312, 378.679351807, 1184.24365234, 126.33404541, 102.872177124, 75.6596069336, 38.7202072144, 37.2027053833, 18.1933498383, 14.7056188583, 3.4355275631, 1.9096570015, 0.340532720089, 0.0458459332585, 0.00884301774204, 0.0056195477955, 0.00110277126078, 0.000180606977665, 5.08748998982e-05, 1.75300283445e-05, 4.18081526732e-06, 5.66578194139e-07, 4.96666423544e-08, 4.83308548738e-09, 4.5947709526e-10, 4.24164703361e-10]}, "gfcc": {"mean": [-112.670036316, 173.116760254, -140.341400146, -5.81140327454, -49.5287818909, -23.789516449, -29.2288570404, -6.23049163818, -17.8333835602, -7.14380931854, -4.49445343018, -5.7541847229, -6.29967927933], "cov": [[21148.5039062, -298.662322998, -3969.2746582, 3318.11108398, 582.141662598, 325.083557129, 375.297729492, 206.514373779, -56.8286552429, -3.19987893105, -106.250816345, -552.999023438, -77.6696395874], [-298.662322998, 917.927734375, 175.66734314, -332.072570801, 21.558347702, -143.057785034, -4.89423322678, -103.372695923, 5.66535806656, -104.220397949, 38.7054748535, -26.0004577637, 27.7881832123], [-3969.2746582, 175.66734314, 1054.78088379, -585.345703125, -131.358428955, -31.5556354523, -96.0114593506, -34.1962661743, 8.0552778244, 1.0783239603, 7.94908809662, 137.217208862, 15.2951898575], [3318.11108398, -332.072570801, -585.345703125, 860.741210938, 203.124542236, 159.822753906, 89.1815261841, 85.6023254395, 9.25340270996, 59.1045608521, -9.57328605652, -80.9057617188, -25.5781383514], [582.141662598, 21.558347702, -131.358428955, 203.124542236, 165.021072388, 79.4440002441, 59.9568862915, 5.14793348312, -7.80267429352, -6.76844215393, 7.45296192169, -19.6977081299, -5.04666900635], [325.083557129, -143.057785034, -31.5556354523, 159.822753906, 79.4440002441, 175.935684204, 71.8332061768, 38.6311073303, -40.8872261047, -7.21995592117, -26.0259666443, 15.9451770782, 8.75127696991], [375.297729492, -4.89423322678, -96.0114593506, 89.1815261841, 59.9568862915, 71.8332061768, 118.599189758, 32.1573486328, -12.4761695862, -28.8126049042, -11.0008821487, -9.07508087158, 19.5889339447], [206.514373779, -103.372695923, -34.1962661743, 85.6023254395, 5.14793348312, 38.6311073303, 32.1573486328, 83.8714294434, 29.7442436218, 21.5173931122, -14.9310235977, -3.61263751984, -0.513009727001], [-56.8286552429, 5.66535806656, 8.0552778244, 9.25340270996, -7.80267429352, -40.8872261047, -12.4761695862, 29.7442436218, 98.4118728638, 64.6366195679, 25.9158611298, -19.6458873749, -23.9054546356], [-3.19987893105, -104.220397949, 1.0783239603, 59.1045608521, -6.76844215393, -7.21995592117, -28.8126049042, 21.5173931122, 64.6366195679, 108.149360657, 38.8487625122, -9.4384059906, -46.5229530334], [-106.250816345, 38.7054748535, 7.94908809662, -9.57328605652, 7.45296192169, -26.0259666443, -11.0008821487, -14.9310235977, 25.9158611298, 38.8487625122, 67.5326309204, 12.4742698669, -16.6368522644], [-552.999023438, -26.0004577637, 137.217208862, -80.9057617188, -19.6977081299, 15.9451770782, -9.07508087158, -3.61263751984, -19.6458873749, -9.4384059906, 12.4742698669, 72.4732894897, 26.8845882416], [-77.6696395874, 27.7881832123, 15.2951898575, -25.5781383514, -5.04666900635, 8.75127696991, 19.5889339447, -0.513009727001, -23.9054546356, -46.5229530334, -16.6368522644, 26.8845882416, 73.0491333008]], "icov": [[0.000562540895771, -0.0010026054224, 0.00155336793978, -0.00191361352336, 0.00181480124593, -0.00055942410836, 0.000160475843586, 0.000169611739693, 3.28431415255e-05, 2.77786002698e-05, 0.000974024238531, -0.00092383910669, 0.000725049641915], [-0.0010026054224, 0.00402298942208, -0.0032130361069, 0.00402340386063, -0.00460716290399, 0.00195387308486, -0.000489832949825, 0.000709846033715, -0.00133934698533, 0.00307444692589, -0.00405555777252, 0.004075974226, -0.00183488277253], [0.00155336793978, -0.0032130361069, 0.00649886066094, -0.00403030170128, 0.00496295792982, -0.00281627592631, 0.00150725070853, 0.00044148604502, -0.000927725923248, -0.000791050493717, 0.00426832865924, -0.00604088464752, 0.00276905461214], [-0.00191361352336, 0.00402340386063, -0.00403030170128, 0.00995359569788, -0.00913010910153, 0.000702272925992, 0.000580645923037, -0.00233992584981, 0.000491114100441, -0.00159504299518, -0.00360290310346, 0.00476816482842, -0.00355360889807], [0.00181480124593, -0.00460716290399, 0.00496295792982, -0.00913010910153, 0.0193759258837, -0.00728967133909, -0.00199102866463, 0.00423738965765, -0.00283994385973, 0.0032049077563, 4.14326459577e-05, -0.00250377575867, 0.00426434539258], [-0.00055942410836, 0.00195387308486, -0.00281627592631, 0.000702272925992, -0.00728967133909, 0.0166410189122, -0.00683782808483, -0.00339505448937, 0.00809204299003, -0.00572807341814, 0.00467209517956, -0.00354204094037, 0.000177841138793], [0.000160475843586, -0.000489832949825, 0.00150725070853, 0.000580645923037, -0.00199102866463, -0.00683782808483, 0.0170879401267, -0.00591704854742, -0.00193100655451, 0.00637353863567, -0.00481452280656, 0.00381437363103, -0.00277069187723], [0.000169611739693, 0.000709846033715, 0.00044148604502, -0.00233992584981, 0.00423738965765, -0.00339505448937, -0.00591704854742, 0.023684695363, -0.0111324349418, -0.000290019379463, 0.00740048289299, -0.00420825742185, 0.000857494655065], [3.28431415255e-05, -0.00133934698533, -0.000927725923248, 0.000491114100441, -0.00283994385973, 0.00809204299003, -0.00193100655451, -0.0111324349418, 0.0283816512674, -0.0170955006033, -0.00145731482189, 0.00589712709188, -0.00391730945557], [2.77786002698e-05, 0.00307444692589, -0.000791050493717, -0.00159504299518, 0.0032049077563, -0.00572807341814, 0.00637353863567, -0.000290019379463, -0.0170955006033, 0.0346751622856, -0.0149472216144, 0.00279586645775, 0.00971951987594], [0.000974024238531, -0.00405555777252, 0.00426832865924, -0.00360290310346, 4.14326459577e-05, 0.00467209517956, -0.00481452280656, 0.00740048289299, -0.00145731482189, -0.0149472216144, 0.0340491086245, -0.0175989735872, 0.00544459419325], [-0.00092383910669, 0.004075974226, -0.00604088464752, 0.00476816482842, -0.00250377575867, -0.00354204094037, 0.00381437363103, -0.00420825742185, 0.00589712709188, 0.00279586645775, -0.0175989735872, 0.0354252643883, -0.0137348286808], [0.000725049641915, -0.00183488277253, 0.00276905461214, -0.00355360889807, 0.00426434539258, 0.000177841138793, -0.00277069187723, 0.000857494655065, -0.00391730945557, 0.00971951987594, 0.00544459419325, -0.0137348286808, 0.0255595855415]]}, "melbands": {"dmean": [3.25458531734e-05, 9.71950430539e-05, 0.000113001973659, 0.000155601388542, 0.000158282069606, 0.000240176013904, 0.000182894640602, 0.000329218426486, 6.53319948469e-05, 7.04717604094e-05, 0.000107366962766, 0.000105933577288, 6.95104972692e-05, 2.27971268032e-05, 2.48586529779e-05, 1.87622536032e-05, 8.74066063261e-06, 8.68477673066e-06, 5.48247999177e-06, 6.68013308314e-06, 3.94872813558e-06, 3.92716083297e-06, 3.2342625218e-06, 1.59968442404e-06, 1.5931333337e-06, 8.85355234459e-07, 3.6536061998e-07, 4.1503852799e-07, 1.88510114185e-07, 7.29704936475e-08, 5.03826065312e-08, 1.97584579809e-08, 2.10062243156e-08, 8.41568414955e-09, 6.19114493006e-09, 2.87660473219e-09, 2.17357487564e-09, 1.55342305685e-09, 1.33807764868e-09, 8.25675916527e-10], "dmean2": [4.32543165516e-05, 0.000138457748108, 0.00017159152776, 0.000240066161496, 0.000247858057264, 0.000381757243304, 0.000239337794483, 0.000509107136168, 9.80547556537e-05, 9.78100069915e-05, 0.0001325931662, 0.000132026543724, 0.000107747509901, 3.47129025613e-05, 3.66972708434e-05, 2.7833668355e-05, 1.36311518872e-05, 1.44755540532e-05, 9.12155064725e-06, 1.12338711915e-05, 6.77627167534e-06, 6.77705293128e-06, 5.50260483578e-06, 2.55792247117e-06, 2.69099336947e-06, 1.49472953126e-06, 6.18397166363e-07, 7.0281777198e-07, 3.27170994296e-07, 1.26269554812e-07, 8.759879222e-08, 3.40431043355e-08, 3.63935512837e-08, 1.41913556462e-08, 1.06117044041e-08, 4.87622164869e-09, 3.69863983884e-09, 2.62628874204e-09, 2.21766560671e-09, 1.34140032415e-09], "dvar": [3.73516995111e-09, 2.66322359721e-08, 5.92866946647e-08, 3.05976612935e-07, 9.23718630474e-08, 2.38857893464e-07, 2.69248118911e-07, 6.68838424644e-07, 3.9933578222e-08, 8.61920668171e-08, 2.90588729968e-07, 2.20045663468e-07, 9.75233476197e-08, 4.7070827236e-09, 1.63237601214e-09, 9.18052189824e-10, 1.92087443174e-10, 1.8265935986e-10, 5.18150626572e-11, 7.54588197482e-11, 6.02751598633e-11, 4.1451182764e-11, 2.92023488724e-11, 1.48817399376e-11, 5.97199503391e-12, 1.87841213938e-12, 3.02628310866e-13, 5.3957467834e-13, 1.28603047265e-13, 1.14838414589e-14, 9.10180524022e-15, 9.67171018295e-16, 1.59885356789e-15, 3.26672708608e-16, 1.7808745955e-16, 1.80478798997e-17, 1.61506385944e-17, 7.8544678639e-18, 5.90037195357e-18, 2.08535168916e-18], "dvar2": [5.69427838215e-09, 7.04936340412e-08, 1.6528224478e-07, 7.21879018784e-07, 2.0373900611e-07, 5.52985056856e-07, 4.55640304153e-07, 1.38969880936e-06, 9.47460279122e-08, 1.988245657e-07, 5.42352950106e-07, 4.04881149052e-07, 2.42487459445e-07, 1.15860814276e-08, 3.23704618665e-09, 1.77544268176e-09, 4.26485874394e-10, 4.87638651681e-10, 1.34324509848e-10, 1.98462801748e-10, 1.71874930954e-10, 1.13849922545e-10, 7.59152671281e-11, 2.9896814191e-11, 1.59927193016e-11, 5.17255032209e-12, 8.35262414789e-13, 1.40475391736e-12, 3.67443190675e-13, 3.2481548511e-14, 2.72588280615e-14, 2.80074683911e-15, 4.65068987756e-15, 8.3851237814e-16, 5.3163954113e-16, 5.23261750007e-17, 4.63162446293e-17, 2.19096255289e-17, 1.52555001314e-17, 5.2974391779e-18], "max": [0.00439068768173, 0.0064716571942, 0.00530037749559, 0.0232369601727, 0.00705173099414, 0.0114175146446, 0.0128030199558, 0.0233805030584, 0.00368777802214, 0.0070920959115, 0.0115136066452, 0.00899945851415, 0.00630776677281, 0.00203930982389, 0.00061477557756, 0.000435442663729, 0.000206105498364, 0.000187636745977, 8.2468992332e-05, 0.000100945719169, 0.00020286628569, 0.000128001440316, 0.000162389856996, 0.000189032769413, 3.61703350791e-05, 2.99477742374e-05, 1.1762320355e-05, 2.13567782339e-05, 9.32427155931e-06, 1.84751854704e-06, 1.46823481373e-06, 5.07559775542e-07, 8.00903990239e-07, 5.46907756416e-07, 3.78905099296e-07, 7.49024948732e-08, 6.74877114193e-08, 7.20491684092e-08, 4.30671072138e-08, 2.78476370852e-08], "mean": [0.000162309719599, 0.000475163338706, 0.000455383036751, 0.00060296227457, 0.000498207460623, 0.000793666753452, 0.000853417965118, 0.00102700409479, 0.000197810411919, 0.000196752327611, 0.000286208407488, 0.000272259727353, 0.000132742905407, 4.24534700869e-05, 4.51547675766e-05, 3.40043079632e-05, 1.60767776833e-05, 1.34681349664e-05, 9.36123615247e-06, 1.20906261145e-05, 7.1256999945e-06, 6.97866335031e-06, 5.41718873137e-06, 3.25127280121e-06, 2.94845790449e-06, 1.77265565071e-06, 8.68742745297e-07, 8.58017472183e-07, 4.19686472242e-07, 1.65665241525e-07, 1.06745901007e-07, 5.02526944501e-08, 4.92730833912e-08, 2.17373727907e-08, 1.6699539529e-08, 8.93365559307e-09, 5.89016435626e-09, 4.60619986598e-09, 3.78384967803e-09, 2.53173371156e-09], "median": [6.46956905257e-05, 0.00029019266367, 0.000251293939073, 0.000295323290629, 0.0002910203184, 0.000418484094553, 0.000202263647225, 0.000333296629833, 8.1047808635e-05, 4.16554612457e-05, 3.59025470971e-05, 5.18854503753e-05, 4.4576197979e-05, 1.99098030862e-05, 2.41186535277e-05, 1.68540718732e-05, 8.4450457507e-06, 9.10512972041e-06, 6.74660714139e-06, 8.90026421985e-06, 5.44513750356e-06, 5.11253347213e-06, 3.38820564139e-06, 2.26438305617e-06, 2.13469138544e-06, 1.26979648485e-06, 7.01906287759e-07, 6.22231368652e-07, 2.98378893149e-07, 1.22134849789e-07, 5.62440050089e-08, 3.84368092909e-08, 2.51737546364e-08, 1.43999727698e-08, 9.37037114568e-09, 6.6041732083e-09, 3.55281271069e-09, 2.86774759495e-09, 1.9947479224e-09, 1.23057197765e-09], "min": [1.21757951262e-23, 6.63077980517e-24, 2.48342816186e-23, 2.8557156044e-23, 7.05743128145e-24, 1.43086620215e-23, 6.51221992757e-24, 5.36262003014e-24, 3.71730112316e-24, 8.55596328992e-24, 8.20320204805e-24, 6.37553557624e-24, 5.90330568901e-24, 1.2876717762e-23, 2.41900094509e-23, 1.18702882303e-23, 8.56496813715e-24, 8.82548314022e-24, 9.79334289572e-24, 9.20210979106e-24, 7.76650127269e-24, 5.61515215527e-24, 1.00062083335e-23, 6.96442615845e-24, 8.08594418537e-24, 7.00345189629e-24, 4.36365036155e-24, 7.2585561024e-24, 1.14010090773e-23, 1.20985041124e-23, 1.2538657732e-23, 1.35514565267e-23, 7.37653813939e-24, 1.7334448464e-23, 1.01474917439e-23, 1.1011629701e-23, 1.20251534589e-23, 8.88824096953e-24, 5.95410241485e-24, 9.37171961885e-24], "var": [1.17357984664e-07, 4.26696402656e-07, 4.01079944368e-07, 1.23970471577e-06, 4.49625900956e-07, 1.16919329685e-06, 2.65290259449e-06, 4.49222807219e-06, 1.24443545246e-07, 2.45968635681e-07, 9.61674004429e-07, 7.15344071978e-07, 1.46898599951e-07, 7.65385710366e-09, 4.02784694487e-09, 2.38592079427e-09, 5.05122776939e-10, 2.41530767608e-10, 9.00121366332e-11, 1.47387838045e-10, 7.06600472578e-11, 6.14512815633e-11, 4.85124891647e-11, 3.32063196384e-11, 1.01306523934e-11, 3.62121508994e-12, 6.65937194711e-13, 8.99442846591e-13, 2.74411298806e-13, 2.58469766044e-14, 2.29110062492e-14, 2.60455622083e-15, 4.96886806331e-15, 7.57472447972e-16, 5.93833570557e-16, 8.04827677773e-17, 5.16374346442e-17, 2.87965030072e-17, 2.39189795857e-17, 1.02668574023e-17]}, "mfcc": {"mean": [-736.648071289, 195.792221069, -30.6113700867, 22.4513683319, -11.2891530991, -12.1326284409, -8.43567943573, -6.28386259079, -9.11749076843, -5.52915048599, -5.7552728653, 0.104930728674, 3.1300945282], "cov": [[10682.6396484, 2384.26049805, -2766.48022461, 1027.14587402, 545.674438477, 603.016418457, 457.151794434, 368.474487305, 217.920608521, 314.430145264, 126.250190735, 70.3498153687, 34.9473075867], [2384.26049805, 1150.36938477, -626.642822266, 165.119918823, 95.6753311157, 93.2395935059, 98.0921936035, 63.8496284485, 23.7873420715, 26.3200283051, -12.6865377426, 12.0780220032, -6.77265405655], [-2766.48022461, -626.642822266, 972.175354004, -230.177108765, -144.836898804, -159.000015259, -130.9740448, -78.1298065186, -52.4286994934, -95.5740814209, -48.2922058105, -39.8808135986, -21.4839286804], [1027.14587402, 165.119918823, -230.177108765, 287.391448975, 137.395675659, 101.863639832, 58.1575660706, 39.9477043152, 31.1425857544, 66.197052002, 45.2957496643, 47.295539856, 27.9830474854], [545.674438477, 95.6753311157, -144.836898804, 137.395675659, 137.12437439, 87.0335540771, 37.0321922302, 27.152961731, 11.8130283356, 30.1428699493, 23.5479717255, 29.5518665314, 18.9167079926], [603.016418457, 93.2395935059, -159.000015259, 101.863639832, 87.0335540771, 150.797836304, 108.800559998, 63.8497047424, 25.5528907776, 23.1729888916, 6.57659244537, 7.65661048889, 9.76774501801], [457.151794434, 98.0921936035, -130.9740448, 58.1575660706, 37.0321922302, 108.800559998, 153.285980225, 94.3294219971, 33.2035255432, 7.92513656616, -20.7431335449, -20.5731773376, -10.907752037], [368.474487305, 63.8496284485, -78.1298065186, 39.9477043152, 27.152961731, 63.8497047424, 94.3294219971, 114.742721558, 53.136882782, 8.00451469421, -25.8517894745, -36.8808479309, -19.0641708374], [217.920608521, 23.7873420715, -52.4286994934, 31.1425857544, 11.8130283356, 25.5528907776, 33.2035255432, 53.136882782, 79.1500244141, 38.6784515381, -6.23156690598, -24.4987831116, -18.4360771179], [314.430145264, 26.3200283051, -95.5740814209, 66.197052002, 30.1428699493, 23.1729888916, 7.92513656616, 8.00451469421, 38.6784515381, 89.3756027222, 52.1265296936, 19.5417957306, -3.74701213837], [126.250190735, -12.6865377426, -48.2922058105, 45.2957496643, 23.5479717255, 6.57659244537, -20.7431335449, -25.8517894745, -6.23156690598, 52.1265296936, 100.603370667, 68.5308532715, 19.752866745], [70.3498153687, 12.0780220032, -39.8808135986, 47.295539856, 29.5518665314, 7.65661048889, -20.5731773376, -36.8808479309, -24.4987831116, 19.5417957306, 68.5308532715, 107.688812256, 52.0664710999], [34.9473075867, -6.77265405655, -21.4839286804, 27.9830474854, 18.9167079926, 9.76774501801, -10.907752037, -19.0641708374, -18.4360771179, -3.74701213837, 19.752866745, 52.0664710999, 75.1823959351]], "icov": [[0.000664975086693, -0.000523138674907, 0.00130911706947, -0.00118193705566, 0.000697812298313, -0.000932547729462, 0.00103102705907, -0.00103777472395, 0.000267635972705, 2.7008838515e-05, -0.000283923436655, 0.000560223590583, 4.33917957707e-05], [-0.000523138674907, 0.00184677250218, -7.87425742601e-05, 0.000594631070271, -0.000589838658925, 0.0011175184045, -0.000945464649703, 0.000654735835269, 1.45526319102e-05, 0.000359230616596, 0.0010469435947, -0.00109870813321, 0.000705083657522], [0.00130911706947, -7.87425742601e-05, 0.00465316046029, -0.00209611211903, 0.00181569147389, -0.00132497632876, 0.00272489129566, -0.00221518939361, 0.000578884093557, 0.001335819019, -0.000157050875714, 0.000780863920227, 0.000752173946239], [-0.00118193705566, 0.000594631070271, -0.00209611211903, 0.0102172708139, -0.00755701679736, 0.00182539364323, -0.00282952794805, 0.0015079054283, -0.000926709733903, -0.00323999184184, 0.000696857576258, -0.00207835296169, -0.00129526166711], [0.000697812298313, -0.000589838658925, 0.00181569147389, -0.00755701679736, 0.0203242842108, -0.0116096949205, 0.00826219469309, -0.00451639620587, 0.0026842225343, -0.000350970542058, 0.00111033057328, -0.0015492560342, 0.000824012677185], [-0.000932547729462, 0.0011175184045, -0.00132497632876, 0.00182539364323, -0.0116096949205, 0.0247295536101, -0.0168682802469, 0.00392800662667, -0.00197989703156, 0.000482409639517, -0.00180901773274, 0.000668188906275, -0.00271584396251], [0.00103102705907, -0.000945464649703, 0.00272489129566, -0.00282952794805, 0.00826219469309, -0.0168682802469, 0.0267759840935, -0.0162411443889, 0.00531023880467, -0.00152423593681, 0.00362093281001, -0.00201057689264, 0.00281378487125], [-0.00103777472395, 0.000654735835269, -0.00221518939361, 0.0015079054283, -0.00451639620587, 0.00392800662667, -0.0162411443889, 0.0289617069066, -0.0145509392023, 0.00595008768141, -0.00219572614878, 0.00422398466617, -0.000659252458718], [0.000267635972705, 1.45526319102e-05, 0.000578884093557, -0.000926709733903, 0.0026842225343, -0.00197989703156, 0.00531023880467, -0.0145509392023, 0.0290332138538, -0.0155962342396, 0.00643952889368, 0.000594388635363, 0.00128847104497], [2.7008838515e-05, 0.000359230616596, 0.001335819019, -0.00323999184184, -0.000350970542058, 0.000482409639517, -0.00152423593681, 0.00595008768141, -0.0155962342396, 0.0297956392169, -0.0161572191864, 0.0040020220913, 0.00205471878871], [-0.000283923436655, 0.0010469435947, -0.000157050875714, 0.000696857576258, 0.00111033057328, -0.00180901773274, 0.00362093281001, -0.00219572614878, 0.00643952889368, -0.0161572191864, 0.0297731310129, -0.0174396578223, 0.00487529765815], [0.000560223590583, -0.00109870813321, 0.000780863920227, -0.00207835296169, -0.0015492560342, 0.000668188906275, -0.00201057689264, 0.00422398466617, 0.000594388635363, 0.0040020220913, -0.0174396578223, 0.0285325683653, -0.0131129352376], [4.33917957707e-05, 0.000705083657522, 0.000752173946239, -0.00129526166711, 0.000824012677185, -0.00271584396251, 0.00281378487125, -0.000659252458718, 0.00128847104497, 0.00205471878871, 0.00487529765815, -0.0131129352376, 0.0226465836167]]}, "spectral_contrast_coeffs": {"dmean": [0.0346082262695, 0.0354761816561, 0.0298825278878, 0.02629949525, 0.0181132759899, 0.0119637772441], "dmean2": [0.0587589889765, 0.0588666312397, 0.0474161989987, 0.0432029925287, 0.0305973254144, 0.0203264374286], "dvar": [0.000946257438045, 0.00122190348338, 0.0007559680962, 0.000461406743852, 0.0001963662653, 8.96887795534e-05], "dvar2": [0.00271739810705, 0.00318102538586, 0.00177294388413, 0.00120208808221, 0.000555435370188, 0.000258495012531], "max": [-0.321024596691, -0.341161370277, -0.46178996563, -0.571120977402, -0.647559762001, -0.68693459034], "mean": [-0.579148411751, -0.630613744259, -0.688206970692, -0.724135696888, -0.756417810917, -0.761391043663], "median": [-0.584967017174, -0.635309457779, -0.691759943962, -0.717520654202, -0.747895121574, -0.746830821037], "min": [-0.953117609024, -0.979864418507, -0.967137336731, -0.959988117218, -0.970771193504, -0.963028550148], "var": [0.0056440923363, 0.0075179846026, 0.00605123071, 0.00305422581732, 0.00216700695455, 0.0025510659907]}, "spectral_contrast_valleys": {"dmean": [0.338082939386, 0.288847327232, 0.275417268276, 0.208636060357, 0.14054878056, 0.107401788235], "dmean2": [0.56901460886, 0.469223111868, 0.448388189077, 0.344299674034, 0.232835963368, 0.176620095968], "dvar": [0.127693161368, 0.132626861334,