{"lowlevel": {"average_loudness": 0.88722127676, "barkbands_crest": {"dmean": 3.35843968391, "dmean2": 5.42287540436, "dvar": 10.714094162, "dvar2": 24.4657688141, "max": 26.6149196625, "mean": 16.4572143555, "median": 17.1992301941, "min": 2.84034872055, "var": 36.7315483093}, "barkbands_flatness_db": {"dmean": 0.0575459785759, "dmean2": 0.0823455527425, "dvar": 0.00396929541603, "dvar2": 0.00851729977876, "max": 0.838860929012, "mean": 0.27615275979, "median": 0.247720420361, "min": 0.0300433039665, "var": 0.0177186783403}, "barkbands_kurtosis": {"dmean": 21.6701641083, "dmean2": 34.4224624634, "dvar": 3145.97998047, "dvar2": 7627.93994141, "max": 1073.85302734, "mean": 25.6058120728, "median": 6.36667823792, "min": -1.9677349329, "var": 4248.27832031}, "barkbands_skewness": {"dmean": 1.47144854069, "dmean2": 2.23455739021, "dvar": 3.68706083298, "dvar2": 8.53514862061, "max": 26.5041980743, "mean": 2.6974439621, "median": 2.1200170517, "min": -7.66510295868, "var": 10.2521476746}, "barkbands_spread": {"dmean": 5.76045894623, "dmean2": 9.0208158493, "dvar": 78.3360977173, "dvar2": 181.858154297, "max": 126.588943481, "mean": 11.7432804108, "median": 7.58743810654, "min": 0.0614625327289, "var": 171.118515015}, "dissonance": {"dmean": 0.0364502444863, "dmean2": 0.0620985925198, "dvar": 0.00179594091605, "dvar2": 0.00509162247181, "max": 0.500000178814, "mean": 0.450376927853, "median": 0.468742251396, "min": 0.146654084325, "var": 0.00289408117533}, "dynamic_complexity": 4.07215881348, "erbbands_crest": {"dmean": 4.10548353195, "dmean2": 6.6373295784, "dvar": 14.9711790085, "dvar2": 35.5788841248, "max": 34.5724945068, "mean": 13.1632394791, "median": 11.3515472412, "min": 2.32338666916, "var": 52.1311721802}, "erbbands_flatness_db": {"dmean": 0.035541113466, "dmean2": 0.0531017966568, "dvar": 0.00146228005178, "dvar2": 0.00286073982716, "max": 0.688201665878, "mean": 0.247652739286, "median": 0.213638097048, "min": 0.0336426272988, "var": 0.0168731324375}, "erbbands_kurtosis": {"dmean": 3.89678621292, "dmean2": 6.24759674072, "dvar": 88.4427185059, "dvar2": 178.605743408, "max": 246.135223389, "mean": 4.55905532837, "median": 0.851786255836, "min": -1.92262065411, "var": 182.705886841}, "erbbands_skewness": {"dmean": 0.737236320972, "dmean2": 1.13901388645, "dvar": 0.711617588997, "dvar2": 1.52717649937, "max": 12.3609495163, "mean": 0.356212705374, "median": 0.241048291326, "min": -6.89890050888, "var": 2.39146089554}, "erbbands_spread": {"dmean": 10.2647218704, "dmean2": 15.1607475281, "dvar": 199.166107178, "dvar2": 422.727264404, "max": 201.850219727, "mean": 27.9977340698, "median": 21.8741760254, "min": 0.183437302709, "var": 599.086303711}, "hfc": {"dmean": 9.4912109375, "dmean2": 14.4641361237, "dvar": 185.839141846, "dvar2": 428.012542725, "max": 161.499267578, "mean": 20.5830745697, "median": 14.9165887833, "min": 1.34340987152e-16, "var": 411.19418335}, "melbands_crest": {"dmean": 3.96881365776, "dmean2": 6.23579692841, "dvar": 15.7456645966, "dvar2": 35.5219192505, "max": 37.8825340271, "mean": 21.4111747742, "median": 22.0833454132, "min": 1.9296797514, "var": 61.1387825012}, "melbands_flatness_db": {"dmean": 0.0661192461848, "dmean2": 0.0938283205032, "dvar": 0.00527850771323, "dvar2": 0.011272889562, "max": 1, "mean": 0.354041546583, "median": 0.331951797009, "min": 0.00513518368825, "var": 0.0250656809658}, "melbands_kurtosis": {"dmean": 30.0684585571, "dmean2": 46.3148765564, "dvar": 4480.73388672, "dvar2": 9563.11230469, "max": 1072.35107422, "mean": 42.6586647034, "median": 14.1723775864, "min": -1.93993699551, "var": 8777.70214844}, "melbands_skewness": {"dmean": 1.63683462143, "dmean2": 2.4691362381, "dvar": 3.8946826458, "dvar2": 8.79810810089, "max": 25.5645465851, "mean": 3.64109706879, "median": 3.02682828903, "min": -4.38625192642, "var": 12.4238100052}, "melbands_spread": {"dmean": 7.00925970078, "dmean2": 11.0575675964, "dvar": 210.984069824, "dvar2": 442.176605225, "max": 311.543182373, "mean": 13.6775026321, "median": 7.05607843399, "min": 0.170701816678, "var": 457.757171631}, "pitch_salience": {"dmean": 0.105503730476, "dmean2": 0.16269788146, "dvar": 0.0106720114127, "dvar2": 0.0234917923808, "max": 0.952866733074, "mean": 0.403466552496, "median": 0.381680041552, "min": 0.00828097481281, "var": 0.0401158630848}, "silence_rate_20dB": {"dmean": 0, "dmean2": 0, "dvar": 0, "dvar2": 0, "max": 1, "mean": 1, "median": 1, "min": 1, "var": 0}, "silence_rate_30dB": {"dmean": 0.134606391191, "dmean2": 0.269237965345, "dvar": 0.116480007768, "dvar2": 0.228403359652, "max": 1, "mean": 0.731841981411, "median": 1, "min": 0, "var": 0.19625864923}, "silence_rate_60dB": {"dmean": 0.0391275845468, "dmean2": 0.0781688839197, "dvar": 0.0375931300223, "dvar2": 0.0823508054018, "max": 1, "mean": 0.108947962523, "median": 0, "min": 0, "var": 0.0970525741577}, "spectral_centroid": {"dmean": 293.216491699, "dmean2": 429.099700928, "dvar": 152788.296875, "dvar2": 309238.84375, "max": 10968.1113281, "mean": 1104.06604004, "median": 932.14855957, "min": 80.4023666382, "var": 720551.1875}, "spectral_complexity": {"dmean": 5.15903759003, "dmean2": 7.52527618408, "dvar": 36.4861564636, "dvar2": 74.4272155762, "max": 59, "mean": 14.9085550308, "median": 12, "min": 0, "var": 140.842880249}, "spectral_decrease": {"dmean": 5.17069143058e-09, "dmean2": 7.47387574052e-09, "dvar": 4.01359646827e-17, "dvar2": 8.78705362037e-17, "max": 2.27663071316e-28, "mean": -1.69972249608e-08, "median": -1.5893760974e-08, "min": -7.12438321671e-08, "var": 1.98699476926e-16}, "spectral_energy": {"dmean": 0.0199332050979, "dmean2": 0.0288363080472, "dvar": 0.000579021929298, "dvar2": 0.00126768334303, "max": 0.271529555321, "mean": 0.0660184770823, "median": 0.0616843551397, "min": 1.13258732693e-20, "var": 0.00290780933574}, "spectral_energyband_high": {"dmean": 0.000470901402878, "dmean2": 0.000701361335814, "dvar": 1.27922385218e-06, "dvar2": 2.82693463305e-06, "max": 0.0199647024274, "mean": 0.000702485151123, "median": 6.27755653113e-05, "min": 8.2094274985e-21, "var": 2.22386233872e-06}, "spectral_energyband_low": {"dmean": 0.018131531775, "dmean2": 0.0269959699363, "dvar": 0.000688151922077, "dvar2": 0.00151232571807, "max": 0.265141010284, "mean": 0.0497984439135, "median": 0.042005289346, "min": 2.00516467199e-23, "var": 0.0025034758728}, "spectral_energyband_middle_high": {"dmean": 0.00424829404801, "dmean2": 0.00679748831317, "dvar": 4.70985542051e-05, "dvar2": 0.000115439623187, "max": 0.0722403973341, "mean": 0.00666523026302, "median": 0.00349997915328, "min": 1.53404340254e-21, "var": 7.66630037106e-05}, "spectral_energyband_middle_low": {"dmean": 0.0064548747614, "dmean2": 0.00971081387252, "dvar": 0.00011189912766, "dvar2": 0.00024150016543, "max": 0.167167633772, "mean": 0.00983153283596, "median": 0.00430224277079, "min": 3.3274165604e-22, "var": 0.000182702526217}, "spectral_entropy": {"dmean": 0.379428744316, "dmean2": 0.560875058174, "dvar": 0.187912642956, "dvar2": 0.37084031105, "max": 9.78249073029, "mean": 6.99659013748, "median": 7.16909122467, "min": 2.68414306641, "var": 0.935539126396}, "spectral_flux": {"dmean": 0.0442086197436, "dmean2": 0.0688763186336, "dvar": 0.00204241485335, "dvar2": 0.00452347425744, "max": 0.449072003365, "mean": 0.110092297196, "median": 0.0942250192165, "min": 1.06423085622e-10, "var": 0.00599059136584}, "spectral_kurtosis": {"dmean": 16.3737716675, "dmean2": 26.7899188995, "dvar": 2077.48095703, "dvar2": 5174.67871094, "max": 1062.21386719, "mean": 33.7796401978, "median": 6.80940723419, "min": -1.30062007904, "var": 6870.07275391}, "spectral_rms": {"dmean": 0.00122957385611, "dmean2": 0.00175125722308, "dvar": 1.67628809322e-06, "dvar2": 3.41502232004e-06, "max": 0.016275960952, "mean": 0.00704674329609, "median": 0.00775756780058, "min": 3.32409880871e-12, "var": 1.4751616618e-05}, "spectral_rolloff": {"dmean": 363.910339355, "dmean2": 604.132446289, "dvar": 746445.875, "dvar2": 1397320.125, "max": 19293.75, "mean": 955.497497559, "median": 452.197265625, "min": 21.533203125, "var": 2337053.5}, "spectral_skewness": {"dmean": 0.883976638317, "dmean2": 1.39460647106, "dvar": 1.93103933334, "dvar2": 4.4530377388, "max": 27.6798973083, "mean": 3.12503552437, "median": 1.96145367622, "min": -0.405749380589, "var": 10.3653621674}, "spectral_spread": {"dmean": 682250.375, "dmean2": 987976.875, "dvar": 858133823488, "dvar2": 1509516902400.0, "max": 40206348, "mean": 3423564.75, "median": 3102489.75, "min": 99899.8046875, "var": 4512505397250.0}, "spectral_strongpeak": {"dmean": 0.415289312601, "dmean2": 0.679675877094, "dvar": 0.581885695457, "dvar2": 1.46709930897, "max": 11.3295259476, "mean": 0.903604507446, "median": 0.609807491302, "min": 0, "var": 1.02472877502}, "zerocrossingrate": {"dmean": 0.00952470675111, "dmean2": 0.010991265066, "dvar": 0.000258490501437, "dvar2": 0.000297924154438, "max": 0.517578125, "mean": 0.0386554300785, "median": 0.02685546875, "min": 0.00146484375, "var": 0.00197558337823}, "barkbands": {"dmean": [0.000932514318265, 0.0138270165771, 0.00677403621376, 0.00234809424728, 0.00290954555385, 0.00111420685425, 0.00167238700669, 0.000618930382188, 0.000783954630606, 0.00122283352539, 0.00153888331261, 0.000649347610306, 0.000597544887569, 0.000267797528068, 0.000490644422825, 0.000327600340825, 0.000183834243217, 0.000127179111587, 0.000170806873939, 0.000105972481833, 9.6405230579e-05, 0.000114770584332, 0.000103197809949, 8.7053012976e-05, 4.45960831712e-05, 9.30946771405e-06, 1.00649651813e-06], "dmean2": [0.00156067847274, 0.0204578060657, 0.0104929804802, 0.00419922545552, 0.00481520127505, 0.00184970768169, 0.00275618978776, 0.00105908187106, 0.00123512593564, 0.00192048226018, 0.00253064371645, 0.00114669289906, 0.000968079490121, 0.000452095729997, 0.00081640254939, 0.00055627792608, 0.000300744286506, 0.00020825889078, 0.000275684898952, 0.000166996964253, 0.000148125604028, 0.000172028681845, 0.00015443006123, 0.000132868764922, 6.76775816828e-05, 1.4390274373e-05, 1.61612990723e-06], "dvar": [5.07615777678e-06, 0.00041857000906, 0.000336332333973, 4.75914421258e-05, 5.23036869708e-05, 4.86293265567e-06, 1.27356261146e-05, 2.29290867537e-06, 4.28579141953e-06, 9.63047386904e-06, 1.07024643512e-05, 1.85236513062e-06, 6.04973820373e-06, 5.40556357009e-07, 2.1630471565e-06, 1.0940809716e-06, 1.58621006108e-07, 7.59744835932e-08, 1.68308972093e-07, 4.67642777835e-08, 4.56515643066e-08, 7.98829375981e-08, 7.69932100297e-08, 5.76521124174e-08, 1.85827317978e-08, 6.93103519023e-10, 3.80602147021e-11], "dvar2": [1.30696535052e-05, 0.000973242335021, 0.000775871623773, 0.000134853398777, 0.000132810178911, 1.26494715005e-05, 3.01090694848e-05, 5.71816326556e-06, 9.53584094532e-06, 2.13048024307e-05, 2.63234414888e-05, 5.06747664986e-06, 1.49006809806e-05, 1.4707977698e-06, 5.84458803132e-06, 2.97771703117e-06, 4.25463326792e-07, 1.97323245743e-07, 4.26701376455e-07, 1.16240919112e-07, 1.05959365726e-07, 1.77049301442e-07, 1.7615110437e-07, 1.34066524993e-07, 4.32970530539e-08, 1.63561242328e-09, 1.07316565356e-10], "max": [0.059457436204, 0.230846747756, 0.201503843069, 0.0754159912467, 0.110028766096, 0.0472453124821, 0.0462427325547, 0.0274694282562, 0.0391998142004, 0.0593178644776, 0.032252535224, 0.0270669963211, 0.0647613480687, 0.0151499640197, 0.0245107263327, 0.0196359697729, 0.00869291555136, 0.00659954221919, 0.00777173275128, 0.00421829428524, 0.00470224814489, 0.00486986618489, 0.00612355815247, 0.00506090419367, 0.0027939020656, 0.000563715177123, 0.000540619774256], "mean": [0.00179554754868, 0.0403787009418, 0.00674598990008, 0.00194054620806, 0.00299134710804, 0.00135670404416, 0.00172475283034, 0.000654025876429, 0.000964081962593, 0.00147357478272, 0.00199376419187, 0.000632799929008, 0.000695386028383, 0.000302344211377, 0.000548463372979, 0.000390810630051, 0.000232663980569, 0.000168724815012, 0.000251123594353, 0.000162679207278, 0.000150295047206, 0.000152779583004, 0.000131632594275, 0.000108965556137, 5.43276037206e-05, 1.30271446324e-05, 2.98491499962e-06], "median": [0.000721275340766, 0.032765828073, 0.000298506900435, 0.000341866747476, 0.000654378905892, 0.000330731767463, 0.000278768740827, 0.000128731640871, 0.000181690789759, 0.000292175333016, 0.000478386587929, 0.000196852706722, 0.000133889931021, 7.53697750042e-05, 9.88184328889e-05, 6.3302271883e-05, 4.50987718068e-05, 3.23936910718e-05, 2.89551535388e-05, 1.89846468857e-05, 1.48676117533e-05, 1.03742268038e-05, 7.87156750448e-06, 4.88166506329e-06, 2.01053398996e-06, 4.49595802365e-07, 3.14001624702e-08], "min": [3.09757140437e-24, 1.21264289996e-23, 1.61470617348e-24, 1.66078823267e-23, 5.20075642201e-23, 3.82008512371e-23, 1.08477537876e-22, 3.4076695891e-23, 4.31930533462e-23, 1.14984315058e-22, 9.09639864323e-23, 6.52549274896e-23, 1.10095030898e-22, 1.0923907264e-22, 1.08123509724e-22, 8.64455173849e-23, 1.83802180158e-22, 2.19823197299e-22, 2.14862234082e-22, 4.10775372888e-22, 3.35573477363e-22, 4.24884573007e-22, 6.49585934682e-22, 7.34810124992e-22, 1.38086070064e-21, 1.81207463917e-21, 2.9479004509e-21], "var": [1.02880576378e-05, 0.00182482297532, 0.000370613968698, 3.12769006996e-05, 4.96606771776e-05, 7.33653087082e-06, 1.44635305332e-05, 2.93512471217e-06, 6.17688965576e-06, 1.39283902172e-05, 1.41112013807e-05, 1.62138678661e-06, 6.77048910802e-06, 5.49245214643e-07, 2.0775955818e-06, 1.28253464027e-06, 2.17524728896e-07, 1.23494288573e-07, 3.29602698912e-07, 1.35284977887e-07, 1.19823639011e-07, 1.26642717646e-07, 9.97562921157e-08, 6.9966091587e-08, 2.14597495329e-08, 1.38756350854e-09, 6.24029050655e-10]}, "erbbands": {"dmean": [0.510718822479, 2.8608109951, 6.98799848557, 7.09473085403, 9.24245643616, 9.5145816803, 10.4009790421, 8.71187973022, 24.7609996796, 16.1838302612, 13.6156053543, 19.7262821198, 17.6989364624, 43.7066116333, 75.6098709106, 26.2213535309, 29.023065567, 12.6849517822, 24.0417137146, 20.0944881439, 15.3776502609, 9.5105676651, 7.31976604462, 8.05735874176, 8.0105266571, 5.24896097183, 4.21748209, 3.93129992485, 3.81092476845, 3.75283169746, 2.97863435745, 2.14899539948, 1.27095282078, 0.618260920048, 0.250333875418, 0.0671769157052, 0.0127936499193, 0.00175466807559, 0.000185857497854, 2.92708518828e-05], "dmean2": [0.749682784081, 4.35291576385, 10.27622509, 11.3246688843, 15.733253479, 16.138010025, 17.9859638214, 14.2016487122, 40.6990776062, 26.9102993011, 22.7367324829, 30.8531169891, 28.3603057861, 68.9059448242, 124.108398438, 44.403427124, 46.9588775635, 21.0531978607, 38.9388656616, 34.6463012695, 25.9331359863, 15.5481348038, 11.7981185913, 12.9643659592, 12.7238063812, 8.20882987976, 6.5538225174, 6.0112657547, 5.74791908264, 5.70454931259, 4.46198177338, 3.28710603714, 1.93210101128, 0.938762009144, 0.38110691309, 0.10344940424, 0.0199610907584, 0.00273981178179, 0.000291863107122, 4.37734415755e-05], "dvar": [0.612881243229, 20.6992645264, 290.080413818, 348.070892334, 644.850341797, 613.411254883, 553.620544434, 267.22644043, 3296.43286133, 1014.8338623, 1008.99029541, 3003.23730469, 1745.79406738, 11960.8007812, 28224.3535156, 2638.50415039, 14370.2988281, 1259.6328125, 4127.49902344, 5663.21777344, 1904.76940918, 395.172515869, 204.684234619, 380.902770996, 409.747070312, 112.599716187, 87.7690505981, 81.6596603394, 84.1149902344, 93.605255127, 63.0963897705, 33.2681503296, 13.5164365768, 3.45620560646, 0.646717250347, 0.0422584265471, 0.00120623072144, 4.34123940067e-05, 1.17299907743e-06, 5.66104318978e-09], "dvar2": [1.273619771, 51.2025413513, 646.407958984, 832.150146484, 1709.07727051, 1630.75622559, 1494.60229492, 681.385009766, 7939.77734375, 2547.79980469, 2425.65527344, 6632.74609375, 3570.08618164, 27002.3027344, 70293.609375, 6960.45068359, 35193.9414062, 3312.89086914, 10735.0869141, 15870.4091797, 5207.79980469, 1060.10900879, 522.474609375, 969.110168457, 1025.56481934, 271.289367676, 204.117553711, 189.471115112, 186.802017212, 213.088745117, 144.933258057, 77.4348373413, 31.6386623383, 7.99368190765, 1.53865253925, 0.100892178714, 0.0028793758247, 0.000116268129204, 3.34603055308e-06, 1.57797881428e-08], "max": [10.6182069778, 57.0469055176, 218.865905762, 185.434356689, 529.314147949, 376.568603516, 357.798217773, 368.453033447, 768.554504395, 674.163146973, 578.49786377, 1035.24584961, 2336.60864258, 1769.81555176, 1705.86791992, 868.366394043, 3147.90722656, 1003.0357666, 1431.70446777, 1559.0925293, 817.639831543, 358.077331543, 258.226470947, 427.486663818, 523.255004883, 216.680511475, 211.24357605, 160.003814697, 174.626144409, 163.016784668, 182.118408203, 102.698822021, 88.7160491943, 39.2901000977, 17.3143539429, 4.59373140335, 0.955839395523, 0.393469750881, 0.0891297161579, 0.00686074327677], "mean": [1.61276972294, 7.2586979866, 8.74627780914, 6.87564134598, 8.58855056763, 9.60667324066, 10.7851085663, 11.0310754776, 25.276802063, 17.737493515, 15.7882890701, 24.6532363892, 22.6074523926, 53.0892410278, 98.1838607788, 30.6568317413, 34.5086250305, 15.6594028473, 29.5776538849, 22.0639762878, 18.8234043121, 12.4915933609, 10.1624155045, 11.033654213, 12.1120977402, 8.04204654694, 6.64207363129, 5.85540151596, 5.25209331512, 4.80564594269, 3.79439020157, 2.73051142693, 1.51915597916, 0.753048956394, 0.297272533178, 0.0838220641017, 0.0190068818629, 0.00365051487461, 0.000522984657437, 0.000104536200524], "median": [0.975899338722, 5.93731164932, 1.59752011299, 1.18734097481, 1.64552927017, 2.13347053528, 2.817237854, 2.68122792244, 4.00802946091, 4.02068519592, 3.83684062958, 4.50088453293, 6.75786304474, 14.1064453125, 23.1265525818, 12.0797405243, 7.01249313354, 5.11032676697, 5.58175992966, 5.11213684082, 3.66284394264, 2.77899932861, 2.19516658783, 1.63722014427, 1.30156803131, 0.939822673798, 0.698627591133, 0.555490076542, 0.391053855419, 0.323058187962, 0.208272069693, 0.129798591137, 0.0662979334593, 0.0287431273609, 0.0105953142047, 0.00292884651572, 0.000674842507578, 9.51349065872e-05, 4.95820204378e-05, 7.73824576754e-05], "min": [4.0363735552e-22, 2.620303001e-21, 2.05157250707e-21, 2.92264947023e-20, 1.38138335116e-19, 1.36280565008e-19, 3.18363671497e-19, 3.18457711593e-19, 1.04593142067e-18, 1.43552749213e-18, 9.31910673691e-19, 1.33052518517e-18, 3.04161900618e-18, 3.96386562538e-18, 2.77583284727e-18, 3.18516317339e-18, 4.63349686897e-18, 5.44499496429e-18, 5.33858975901e-18, 6.03660901405e-18, 5.15823957006e-18, 1.16247008476e-17, 1.13658462555e-17, 9.06719901432e-18, 1.56322130716e-17, 1.93468280853e-17, 1.42779959861e-17, 1.25468872894e-17, 1.35785552212e-17, 1.99816279941e-17, 1.68673856321e-17, 1.59209818235e-17, 1.28259755466e-17, 1.27773604876e-17, 1.14929036791e-17, 6.62628332527e-18, 3.44380331899e-18, 1.2522663512e-18, 3.98661712473e-19, 5.01338659632e-20], "var": [3.45554757118, 61.0153961182, 393.657806396, 332.30871582, 524.32409668, 538.505004883, 534.040161133, 460.83581543, 3506.46459961, 1401.10498047, 1332.41516113, 4315.14746094, 3413.64086914, 16122.953125, 35789.2890625, 2805.04541016, 16280.3955078, 1280.81237793, 5212.609375, 4219.29931641, 2038.3449707, 568.735961914, 378.04574585, 624.08996582, 852.040649414, 318.213623047, 259.941101074, 174.39364624, 144.0443573, 129.075363159, 82.0818786621, 42.2496604919, 15.4029359818, 4.03864145279, 0.700028300285, 0.0523624494672, 0.00355778890662, 0.000412488472648, 1.56024088938e-05, 8.92249190088e-08]}, "gfcc": {"mean": [-89.6839981079, 119.528114319, -120.066001892, 13.2568254471, -43.1392593384, 20.4703674316, -12.9073982239, 6.98840427399, -7.95682859421, -1.50548648834, -1.72777080536, 3.14372944832, 1.55380690098], "cov": [[26656.4257812, -2412.35839844, 1981.38085938, 6393.65576172, -259.204284668, 1727.64599609, -1352.23632812, 859.533203125, -846.962158203, 729.08001709, -192.224655151, 258.549133301, -455.9347229], [-2412.35839844, 5481.01318359, 1743.76281738, -879.565734863, 1122.11425781, -645.336975098, 339.705352783, -800.15032959, 239.78604126, -343.87689209, 313.202941895, -172.604293823, 294.571807861], [1981.38085938, 1743.76281738, 4483.20507812, 1985.62438965, 493.69418335, 421.594207764, -274.202392578, 8.25775146484, -40.061050415, -3.4724817276, -3.77649760246, -131.790664673, -89.289024353], [6393.65576172, -879.565734863, 1985.62438965, 3250.07202148, 279.901428223, 732.488586426, -393.463592529, 343.791717529, -134.390609741, 175.440200806, -53.7736282349, -43.3793487549, -109.610267639], [-259.204284668, 1122.11425781, 493.69418335, 279.901428223, 899.83972168, 103.014915466, 227.453857422, -76.2571640015, 158.194213867, -39.0971221924, 72.9818115234, -28.9174766541, 121.526199341], [1727.64599609, -645.336975098, 421.594207764, 732.488586426, 103.014915466, 589.646911621, 65.7308959961, 266.442565918, -2.10876178741, 114.484130859, 19.4656143188, 52.5010108948, -44.7379379272], [-1352.23632812, 339.705352783, -274.202392578, -393.463592529, 227.453857422, 65.7308959961, 489.076812744, 86.9216842651, 98.6078720093, -32.7110061646, 121.531448364, 31.8953800201, 62.2711257935], [859.533203125, -800.15032959, 8.25775146484, 343.791717529, -76.2571640015, 266.442565918, 86.9216842651, 402.68057251, 105.788459778, 159.262817383, -4.68948125839, 57.3437461853, -40.1834144592], [-846.962158203, 239.78604126, -40.061050415, -134.390609741, 158.194213867, -2.10876178741, 98.6078720093, 105.788459778, 277.249755859, 91.0476837158, 70.3090286255, -3.20288872719, 60.4163856506], [729.08001709, -343.87689209, -3.4724817276, 175.440200806, -39.0971221924, 114.484130859, -32.7110061646, 159.262817383, 91.0476837158, 202.548538208, 70.250541687, 54.8574562073, -26.3084697723], [-192.224655151, 313.202941895, -3.77649760246, -53.7736282349, 72.9818115234, 19.4656143188, 121.531448364, -4.68948125839, 70.3090286255, 70.250541687, 189.74055481, 60.9525756836, 41.9868469238], [258.549133301, -172.604293823, -131.790664673, -43.3793487549, -28.9174766541, 52.5010108948, 31.8953800201, 57.3437461853, -3.20288872719, 54.8574562073, 60.9525756836, 110.904159546, 29.1217556], [-455.9347229, 294.571807861, -89.289024353, -109.610267639, 121.526199341, -44.7379379272, 62.2711257935, -40.1834144592, 60.4163856506, -26.3084697723, 41.9868469238, 29.1217556, 122.567459106]], "icov": [[0.000184293327038, -0.000322763080476, 0.00024978237343, -0.000408934720326, 0.000142388831591, -0.000288805342279, 0.000284116715193, -0.000342174869729, 0.000632090843283, -0.00061736284988, 0.000501079950482, -0.000554030877538, 0.000290293421131], [-0.000322763080476, 0.00133578316309, -0.00083044229541, 0.000961512327194, -0.000804512936156, 0.000993062625639, -0.000602337939199, 0.00125805893913, -0.00134131952655, 0.00150837772526, -0.00202404940501, 0.00165143085178, -0.000991541310214], [0.00024978237343, -0.00083044229541, 0.000887935457285, -0.000850891985465, 0.000324692839058, -0.000736164569389, 0.000656470365357, -0.000780158501584, 0.000839264306705, -0.000688520900439, 0.000932594353799, -0.000905884429812, 0.000965256185737], [-0.000408934720326, 0.000961512327194, -0.000850891985465, 0.00189606996719, -0.00104448769707, 0.00023068083101, 0.000581185042392, -0.000437441107351, -0.000271944241831, 0.00162993709091, -0.00259358156472, 0.00283022155054, -0.0013752290979], [0.000142388831591, -0.000804512936156, 0.000324692839058, -0.00104448769707, 0.00289696268737, -0.00101458677091, -0.00161982013378, 0.00165577593725, -0.00118089525495, -0.00150884047616, 0.00282626273111, -0.00147909740917, -0.000469738501124], [-0.000288805342279, 0.000993062625639, -0.000736164569389, 0.00023068083101, -0.00101458677091, 0.0043656709604, -0.00129690079484, -0.000623959174845, -0.000295348203508, 0.000658478587866, -0.0013105472317, 0.000197330591618, -4.8200807214e-05], [0.000284116715193, -0.000602337939199, 0.000656470365357, 0.000581185042392, -0.00161982013378, -0.00129690079484, 0.0069468896836, -0.00562735460699, 0.0023585872259, 0.00382969412021, -0.00521147390828, 0.00145449407864, 0.000359923171345], [-0.000342174869729, 0.00125805893913, -0.000780158501584, -0.000437441107351, 0.00165577593725, -0.000623959174845, -0.00562735460699, 0.011900103651, -0.00635726377368, -0.00377263058908, 0.00550571549684, -0.00374634121545, 0.000962989171967], [0.000632090843283, -0.00134131952655, 0.000839264306705, -0.000271944241831, -0.00118089525495, -0.000295348203508, 0.0023585872259, -0.00635726377368, 0.0122028868645, -0.00587107706815, -0.00137030682527, 0.00489478884265, -0.00424516480416], [-0.00061736284988, 0.00150837772526, -0.000688520900439, 0.00162993709091, -0.00150884047616, 0.000658478587866, 0.00382969412021, -0.00377263058908, -0.00587107706815, 0.018019117415, -0.00974099524319, -0.00100970512722, 0.00392670743167], [0.000501079950482, -0.00202404940501, 0.000932594353799, -0.00259358156472, 0.00282626273111, -0.0013105472317, -0.00521147390828, 0.00550571549684, -0.00137030682527, -0.00974099524319, 0.0178794935346, -0.00952095165849, 0.000982504803687], [-0.000554030877538, 0.00165143085178, -0.000905884429812, 0.00283022155054, -0.00147909740917, 0.000197330591618, 0.00145449407864, -0.00374634121545, 0.00489478884265, -0.00100970512722, -0.00952095165849, 0.0222490187734, -0.009241707623], [0.000290293421131, -0.000991541310214, 0.000965256185737, -0.0013752290979, -0.000469738501124, -4.8200807214e-05, 0.000359923171345, 0.000962989171967, -0.00424516480416, 0.00392670743167, 0.000982504803687, -0.009241707623, 0.0164706092328]]}, "melbands": {"dmean": [0.00411127367988, 0.00333416135982, 0.00122324412223, 0.000678468088154, 0.000372762646293, 0.000206215510843, 0.000363935978385, 0.000164322453202, 0.000124573198264, 0.000112203815661, 9.26732755033e-05, 0.000184066288057, 0.000216061176616, 0.000120366064948, 6.96229108144e-05, 4.45899277111e-05, 2.32327383856e-05, 3.79795856134e-05, 3.00068040815e-05, 2.79038904409e-05, 1.58458278747e-05, 9.39114306675e-06, 1.02234644146e-05, 5.8983728195e-06, 6.98462326909e-06, 7.44491171645e-06, 3.92400397686e-06, 3.5766424844e-06, 3.11173926093e-06, 2.20045421884e-06, 2.49090112447e-06, 2.23002598432e-06, 2.35670836446e-06, 2.00491535907e-06, 1.83622216809e-06, 1.52461609559e-06, 1.2263149074e-06, 9.68900394582e-07, 6.807302384e-07, 4.79742084281e-07], "dmean2": [0.00606410158798, 0.00502943061292, 0.00186834600754, 0.00112647074275, 0.000642558676191, 0.000338026555255, 0.000595478632022, 0.000276606704574, 0.000204023657716, 0.000176741581527, 0.000149325933307, 0.00028982348158, 0.000356303731678, 0.000200420676265, 0.000114919777843, 7.25626814528e-05, 3.90204841096e-05, 6.17162804701e-05, 5.10808386025e-05, 4.76067471027e-05, 2.68660987786e-05, 1.56663772941e-05, 1.64892808243e-05, 9.66271727521e-06, 1.13895321192e-05, 1.19198530228e-05, 6.24063886789e-06, 5.66819016967e-06, 4.8912766033e-06, 3.42445764545e-06, 3.83080441679e-06, 3.42868406733e-06, 3.60991020898e-06, 3.08925677928e-06, 2.77558160633e-06, 2.3016925752e-06, 1.89820138985e-06, 1.4780176798e-06, 1.04641378584e-06, 7.32473608878e-07], "dvar": [3.67479551642e-05, 4.18749259552e-05, 8.88905651664e-06, 3.10584073304e-06, 7.55587223011e-07, 1.48748696915e-07, 6.65768311592e-07, 1.14978107035e-07, 8.03395963089e-08, 9.34436457101e-08, 4.85862265975e-08, 2.34867428617e-07, 2.19433090365e-07, 6.11994650512e-08, 5.59114141652e-08, 2.89747408289e-08, 4.66269423072e-09, 1.03747987978e-08, 1.02736388286e-08, 1.03757242798e-08, 1.68360603237e-09, 4.24591029002e-10, 5.30685051459e-10, 1.87292945042e-10, 3.41118855385e-10, 4.35707081525e-10, 7.23438184358e-11, 5.56064048973e-11, 6.21963383574e-11, 2.38297021005e-11, 3.56063963036e-11, 2.88867471609e-11, 3.61125018777e-11, 2.7555372914e-11, 2.35558829387e-11, 1.73172136353e-11, 1.12205262442e-11, 7.83246124209e-12, 3.93560271178e-12, 2.14674155188e-12], "dvar2": [8.21683424874e-05, 9.18803125387e-05, 2.01215116249e-05, 7.92231730884e-06, 2.04873867915e-06, 3.7861269675e-07, 1.57983072313e-06, 2.94266754963e-07, 1.86608119179e-07, 2.08495549714e-07, 1.00451920559e-07, 5.27950419382e-07, 5.47568049569e-07, 1.55750527142e-07, 1.40624862865e-07, 7.12446208695e-08, 1.24627348441e-08, 2.70183395656e-08, 2.83116161626e-08, 2.84652372784e-08, 4.61187354972e-09, 1.17858223181e-09, 1.39234046515e-09, 4.96951924056e-10, 8.78183137321e-10, 1.08526188036e-09, 1.82458478881e-10, 1.36046757193e-10, 1.49475973266e-10, 5.75112769907e-11, 8.30842408761e-11, 6.50062573215e-11, 8.54402382178e-11, 6.29910776317e-11, 5.47939645046e-11, 4.01176418474e-11, 2.67537016846e-11, 1.82048803116e-11, 9.4366511133e-12, 4.88591502326e-12], "max": [0.0696310997009, 0.08426951617, 0.0314446315169, 0.0286198779941, 0.0123992674053, 0.00857224408537, 0.0109967431054, 0.00765056349337, 0.00465563079342, 0.00554733769968, 0.0115384981036, 0.0079104155302, 0.00464047538117, 0.00384512613527, 0.00618709437549, 0.0039171250537, 0.00180937885307, 0.00215585203841, 0.00210776482709, 0.00178439903539, 0.000775674474426, 0.000421606004238, 0.000607580528595, 0.000345212611137, 0.000367808941519, 0.000459807895822, 0.000184079719475, 0.000164037875948, 0.000194696738617, 0.000131829699967, 0.000107482970634, 9.15977507248e-05, 0.000103974518424, 9.85940932878e-05, 0.000111204528366, 0.0001053074011, 6.15967946942e-05, 6.87160209054e-05, 3.99043674406e-05, 3.03242359223e-05], "mean": [0.0125659117475, 0.00621037278324, 0.00128075690009, 0.000687137013301, 0.000388265936635, 0.000254774786299, 0.000378678232664, 0.000178400907316, 0.000145255413372, 0.000139725219924, 0.000115253482363, 0.00021421792917, 0.000278456573142, 0.000145444486407, 7.77680397732e-05, 5.29805583938e-05, 2.64064674411e-05, 4.65722478111e-05, 3.21283987432e-05, 3.1767947803e-05, 1.88129815797e-05, 1.17226654766e-05, 1.30075013658e-05, 7.60902594266e-06, 8.70448002388e-06, 1.05377739601e-05, 5.61369824936e-06, 5.21461197422e-06, 4.60242654299e-06, 3.13521263706e-06, 3.55363818016e-06, 2.93683660857e-06, 2.98550185107e-06, 2.49366621574e-06, 2.3123354822e-06, 1.88438878013e-06, 1.50882908656e-06, 1.14113652216e-06, 7.93987283032e-07, 5.83394751175e-07], "median": [0.00891301222146, 0.00347890215926, 0.000229972909437, 0.000146221020259, 0.000103698192106, 5.96794052399e-05, 6.04584420216e-05, 4.03819722123e-05, 3.21412517224e-05, 2.58845957433e-05, 3.1515268347e-05, 4.09288622905e-05, 6.94272093824e-05, 4.49622348242e-05, 1.5909630747e-05, 1.16110613817e-05, 6.9202924351e-06, 8.41227938508e-06, 6.95364315106e-06, 4.96444590681e-06, 3.54003623215e-06, 2.4364840101e-06, 2.1982200451e-06, 1.24864720874e-06, 1.02409489955e-06, 1.00521560853e-06, 6.66859591547e-07, 5.57027533432e-07, 4.08954974773e-07, 3.06453387111e-07, 2.92485310638e-07, 2.17253102619e-07, 1.86941207403e-07, 1.66561193282e-07, 1.23598056234e-07, 9.24966485627e-08, 7.01270579384e-08, 4.67399416948e-08, 3.19576187735e-08, 2.04184935626e-08], "min": [3.81166782008e-24, 1.69343725283e-24, 8.16498804808e-24, 1.05056835043e-23, 9.33769447028e-24, 6.92696946494e-24, 1.85064212456e-23, 1.40933803027e-23, 6.73965680958e-24, 7.46227785345e-24, 1.51238614146e-23, 1.58065195539e-23, 1.07579091569e-23, 7.38012035676e-24, 1.22998774246e-23, 7.79163674771e-24, 1.06531870829e-23, 8.52335099124e-24, 7.73375171221e-24, 6.74099945084e-24, 5.69659415512e-24, 1.13148023575e-23, 1.3006269233e-23, 8.95124413459e-24, 6.78592744598e-24, 9.2907556687e-24, 1.54902510175e-23, 1.2057706593e-23, 8.61498349627e-24, 7.94494713148e-24, 6.63954168324e-24, 6.45342020785e-24, 1.05615182903e-23, 1.18955254684e-23, 8.85718272683e-24, 1.2192294152e-23, 8.5994981567e-24, 7.98239356979e-24, 1.08907407116e-23, 1.03374794266e-23], "var": [0.000188575038919, 7.68200843595e-05, 9.7659885796e-06, 2.81556867776e-06, 7.12815847237e-07, 2.54085080087e-07, 7.39266511118e-07, 1.54815325004e-07, 1.0813233331e-07, 1.3370917884e-07, 9.13878466235e-08, 3.13702571475e-07, 2.77568830143e-07, 7.07277649781e-08, 6.10286363667e-08, 3.23266391433e-08, 4.44150272116e-09, 1.30450645841e-08, 8.02317590143e-09, 1.11404414582e-08, 1.71574920937e-09, 5.60844537478e-10, 7.2661987538e-10, 2.82754764047e-10, 4.74912886794e-10, 8.06237965278e-10, 1.62289556793e-10, 1.43871040081e-10, 1.49311993325e-10, 5.9112853501e-11, 6.67314745129e-11, 4.86186126081e-11, 4.96518104409e-11, 3.65309692218e-11, 3.08712187758e-11, 2.12722773424e-11, 1.33435632335e-11, 8.97863901284e-12, 4.35380594424e-12, 2.5556492686e-12]}, "mfcc": {"mean": [-720.680053711, 140.757125854, -2.3883228302, 7.04720544815, 0.938283979893, 12.4994153976, 8.88308525085, 14.6764278412, 6.79269361496, 4.62426328659, 0.281669229269, 4.91307115555, 8.07522583008], "cov": [[19452.3632812, -1429.98510742, 375.701873779, 2396.19360352, 955.95916748, 972.159790039, 46.0443496704, -1.07330393791, -369.854370117, 232.586166382, 219.89831543, 111.292144775, -48.1228103638], [-1429.98510742, 4833.65478516, 640.082275391, 282.968139648, 471.255157471, 211.141815186, 88.9848098755, -193.071289062, -129.459335327, -210.523513794, -102.530723572, -24.8583030701, 45.1772346497], [375.701873779, 640.082275391, 3144.02758789, 1499.50805664, 776.68548584, 436.819610596, 132.847839355, 71.8760681152, -22.7786865234, 69.0589904785, 76.4880981445, -6.30613851547, -100.411437988], [2396.19360352, 282.968139648, 1499.50805664, 1711.26293945, 826.059509277, 497.461120605, 164.48979187, 86.1224060059, 34.7923088074, 145.987976074, 72.8695755005, 38.2991981506, 40.4493484497], [955.95916748, 471.255157471, 776.68548584, 826.059509277, 795.002441406, 455.036071777, 107.330467224, 59.9216003418, 80.8451538086, 95.0428924561, 28.1308097839, 8.79055690765, 29.5899524689], [972.159790039, 211.141815186, 436.819610596, 497.461120605, 455.036071777, 429.317779541, 189.959732056, 107.097900391, 48.7723503113, 72.4082794189, 58.9408226013, 42.1543235779, 32.9409255981], [46.0443496704, 88.9848098755, 132.847839355, 164.48979187, 107.330467224, 189.959732056, 323.832977295, 193.21055603, 59.1896057129, 43.5824279785, 65.922454834, 49.5289955139, 38.350353241], [-1.07330393791, -193.071289062, 71.8760681152, 86.1224060059, 59.9216003418, 107.097900391, 193.21055603, 239.723480225, 143.529388428, 91.1997909546, 77.0263137817, 43.5922660828, 36.976108551], [-369.854370117, -129.459335327, -22.7786865234, 34.7923088074, 80.8451538086, 48.7723503113, 59.1896057129, 143.529388428, 223.725631714, 148.067871094, 51.3948097229, 16.634054184, 50.0318908691], [232.586166382, -210.523513794, 69.0589904785, 145.987976074, 95.0428924561, 72.4082794189, 43.5824279785, 91.1997909546, 148.067871094, 200.862182617, 105.231948853, 44.7531166077, 56.3510055542], [219.89831543, -102.530723572, 76.4880981445, 72.8695755005, 28.1308097839, 58.9408226013, 65.922454834, 77.0263137817, 51.3948097229, 105.231948853, 174.477783203, 115.540168762, 34.7442131042], [111.292144775, -24.8583030701, -6.30613851547, 38.2991981506, 8.79055690765, 42.1543235779, 49.5289955139, 43.5922660828, 16.634054184, 44.7531166077, 115.540168762, 140.172119141, 72.2902374268], [-48.1228103638, 45.1772346497, -100.411437988, 40.4493484497, 29.5899524689, 32.9409255981, 38.350353241, 36.976108551, 50.0318908691, 56.3510055542, 34.7442131042, 72.2902374268, 143.602722168]], "icov": [[9.48334345594e-05, 1.26011846078e-05, 9.93781213765e-05, -0.000193890809896, 0.000105875660665, -0.000278197287116, 0.000260043219896, -0.000271042605164, 0.000479233422084, -0.000274721416645, 2.34246163018e-05, -1.88989849903e-06, 0.000130380678456], [1.26011846078e-05, 0.000281648535747, -4.96170760016e-05, 5.15116007591e-05, -0.000241631656536, 7.23208795534e-05, -0.000383256730856, 0.000647001841571, -0.000335233693477, 0.000596222060267, -0.000333063129801, 0.000241740621277, -0.000322906591464], [9.93781213765e-05, -4.96170760016e-05, 0.000722424534615, -0.000708228675649, -2.86765916826e-05, -0.00017550260236, 0.000397788389819, -0.000613908458035, 0.000706510909367, -0.000252282625297, -0.000221676236833, 4.28708517575e-05, 0.000736451882403], [-0.000193890809896, 5.15116007591e-05, -0.000708228675649, 0.00214735255577, -0.00157910643611, 0.000692931062076, -0.000784026342444, 0.000282375985989, 0.000297301419778, -0.000780442904215, 0.000609104754403, -0.000323426385876, -0.000660034012981], [0.000105875660665, -0.000241631656536, -2.86765916826e-05, -0.00157910643611, 0.0058766673319, -0.00542572932318, 0.00186035200022, 0.000687689695042, -0.00201777205803, 0.000502279901411, 0.000134439833346, 0.000638792698737, 4.78414003737e-05], [-0.000278197287116, 7.23208795534e-05, -0.00017550260236, 0.000692931062076, -0.00542572932318, 0.0100525841117, -0.00442941905931, 0.000305451481836, 0.000608732399996, -0.000559592153877, 0.000167252874235, -0.00124772568233, 7.75745647843e-05], [0.000260043219896, -0.000383256730856, 0.000397788389819, -0.000784026342444, 0.00186035200022, -0.00442941905931, 0.0101262349635, -0.00919468514621, 0.00455716112629, -0.000972071837168, 0.000152872104081, 0.000300046638586, -0.000391658686567], [-0.000271042605164, 0.000647001841571, -0.000613908458035, 0.000282375985989, 0.000687689695042, 0.000305451481836, -0.00919468514621, 0.0186426825821, -0.0127337770537, 0.00582542596385, -0.00466009415686, 0.00145312724635, -0.000813164806459], [0.000479233422084, -0.000335233693477, 0.000706510909367, 0.000297301419778, -0.00201777205803, 0.000608732399996, 0.00455716112629, -0.0127337770537, 0.020440435037, -0.0138717247173, 0.00593306310475, -0.0013939550845, 0.000602322921623], [-0.000274721416645, 0.000596222060267, -0.000252282625297, -0.000780442904215, 0.000502279901411, -0.000559592153877, -0.000972071837168, 0.00582542596385, -0.0138717247173, 0.0220123622566, -0.0153670907021, 0.00982292927802, -0.00648348033428], [2.34246163018e-05, -0.000333063129801, -0.000221676236833, 0.000609104754403, 0.000134439833346, 0.000167252874235, 0.000152872104081, -0.00466009415686, 0.00593306310475, -0.0153670907021, 0.0278241056949, -0.0225227046758, 0.00944824051112], [-1.88989849903e-06, 0.000241740621277, 4.28708517575e-05, -0.000323426385876, 0.000638792698737, -0.00124772568233, 0.000300046638586, 0.00145312724635, -0.0013939550845, 0.00982292927802, -0.0225227046758, 0.0293076820672, -0.01292857714], [0.000130380678456, -0.000322906591464, 0.000736451882403, -0.000660034012981, 4.78414003737e-05, 7.75745647843e-05, -0.000391658686567, -0.000813164806459, 0.000602322921623, -0.00648348033428, 0.00944824051112, -0.01292857714, 0.0146527783945]]}, "spectral_contrast_coeffs": {"dmean": [0.0549006685615, 0.0587518922985, 0.0467258654535, 0.0363790877163, 0.0270451679826, 0.0227537322789], "dmean2": [0.0882018357515, 0.0928497761488, 0.077454842627, 0.0583698526025, 0.0427459031343, 0.0367122106254], "dvar": [0.00268463464454, 0.00234107812867, 0.0015879344428, 0.00120800116565, 0.000789667246863, 0.000497311761137], "dvar2": [0.00624445173889, 0.00599540863186, 0.00413282960653, 0.00281973113306, 0.00172754435334, 0.00123539788183], "max": [-0.162789925933, -0.392716646194, -0.47786924243, -0.494030475616, -0.531398713589, -0.563153684139], "mean": [-0.686603307724, -0.757375717163, -0.772522449493, -0.80162280798, -0.810003578663, -0.778118669987], "median": [-0.709054291248, -0.7678180933, -0.785794615746, -0.815122306347, -0.82037460804, -0.772585332394], "min": [-0.978613436222, -0.959655702114, -0.966550946236, -0.959004640579, -0.959863960743, -0.965358495712], "var": [0.0164950992912, 0.00633608922362, 0.00669017015025, 0.00424659997225, 0.0031398430001, 0.00289031676948]}, "spectral_contrast_valleys": {"dmean": [0.50682258606, 0.63457018137, 0.590665578842, 0.608090877533, 0.631975531578, 0.76564759016], "dmean2": [0.792155742645, 0.982991039753, 0.923608422279, 0.914718091488, 0.886244893074, 1.02217817307], "dvar": [0.2748041749, 0.437091529369, 0.379363059998, 0.462244838476, 0.549233257771, 0.711613476276], "dvar2": [0.554630637169, 0.963810026646, 0.832771003246, 1.00107455254, 1.10801017284, 1.43415856361], "max": [-4.89406013489, -4.15824604034, -4.89830303192, -5.33969688416, -5.50654172897, -7.32018661499], "mean": [-7.85790681839, -7.26330280