{"lowlevel": {"average_loudness": 0.893863677979, "barkbands_crest": {"dmean": 1.8283727169, "dmean2": 2.92755794525, "dvar": 4.82548618317, "dvar2": 12.3623342514, "max": 26.7047691345, "mean": 14.5368843079, "median": 14.0709438324, "min": 2.89521837234, "var": 25.7371749878}, "barkbands_flatness_db": {"dmean": 0.0211660247296, "dmean2": 0.0308742765337, "dvar": 0.000643383886199, "dvar2": 0.0013882330386, "max": 0.461008667946, "mean": 0.209430128336, "median": 0.202375680208, "min": 0.0290341153741, "var": 0.0056910593994}, "barkbands_kurtosis": {"dmean": 4.89512348175, "dmean2": 7.46921825409, "dvar": 206.080459595, "dvar2": 570.342102051, "max": 598.568115234, "mean": 14.0555677414, "median": 7.16817474365, "min": -1.71487426758, "var": 518.854125977}, "barkbands_skewness": {"dmean": 0.528178155422, "dmean2": 0.790233075619, "dvar": 0.551387131214, "dvar2": 1.32545936108, "max": 22.9323692322, "mean": 2.6646835804, "median": 2.30158376694, "min": -2.26603531837, "var": 3.54289078712}, "barkbands_spread": {"dmean": 2.43479681015, "dmean2": 3.6954934597, "dvar": 13.2546062469, "dvar2": 29.575750351, "max": 82.1193008423, "mean": 11.0673303604, "median": 9.18071556091, "min": 0.328955262899, "var": 69.7331924438}, "dissonance": {"dmean": 0.0235061403364, "dmean2": 0.0390111543238, "dvar": 0.000506008102093, "dvar2": 0.00127549516037, "max": 0.499892532825, "mean": 0.432473391294, "median": 0.441264748573, "min": 0.223070263863, "var": 0.00198005163111}, "dynamic_complexity": 3.95004630089, "erbbands_crest": {"dmean": 2.12754535675, "dmean2": 3.26251077652, "dvar": 5.86542987823, "dvar2": 12.9224796295, "max": 32.5501365662, "mean": 12.5489473343, "median": 11.2846679688, "min": 2.50961279869, "var": 39.4063949585}, "erbbands_flatness_db": {"dmean": 0.0182411354035, "dmean2": 0.0256823934615, "dvar": 0.000562949688174, "dvar2": 0.00112585618626, "max": 0.440952986479, "mean": 0.173244968057, "median": 0.157879561186, "min": 0.0497897639871, "var": 0.00567319849506}, "erbbands_kurtosis": {"dmean": 1.1291410923, "dmean2": 1.67909216881, "dvar": 3.39231014252, "dvar2": 7.0026974678, "max": 63.4766693115, "mean": 2.11125421524, "median": 0.88049530983, "min": -1.69175183773, "var": 17.0722503662}, "erbbands_skewness": {"dmean": 0.282970905304, "dmean2": 0.419064551592, "dvar": 0.0870042964816, "dvar2": 0.176883146167, "max": 5.31646966934, "mean": 0.91158002615, "median": 0.819863975048, "min": -2.49406719208, "var": 0.759854078293}, "erbbands_spread": {"dmean": 7.00061750412, "dmean2": 10.278345108, "dvar": 88.2810287476, "dvar2": 179.434783936, "max": 138.414718628, "mean": 34.3400726318, "median": 28.8680648804, "min": 1.81254279613, "var": 474.947418213}, "hfc": {"dmean": 3.96367025375, "dmean2": 5.72748374939, "dvar": 59.4811935425, "dvar2": 131.61907959, "max": 133.349136353, "mean": 13.9719648361, "median": 10.3475399017, "min": 1.1209333592e-16, "var": 175.046112061}, "melbands_crest": {"dmean": 1.9291523695, "dmean2": 3.11701965332, "dvar": 5.43240213394, "dvar2": 14.0442914963, "max": 38.7933273315, "mean": 17.2673873901, "median": 17.5552806854, "min": 1.73693358898, "var": 21.1612529755}, "melbands_flatness_db": {"dmean": 0.0234161261469, "dmean2": 0.0338579080999, "dvar": 0.000794866471551, "dvar2": 0.0016968640266, "max": 0.613997638226, "mean": 0.310521274805, "median": 0.305319547653, "min": 0.00443560210988, "var": 0.0074341930449}, "melbands_kurtosis": {"dmean": 10.062921524, "dmean2": 15.304684639, "dvar": 367.440673828, "dvar2": 781.68145752, "max": 417.333770752, "mean": 29.4742126465, "median": 13.6087112427, "min": -1.5078316927, "var": 1901.19995117}, "melbands_skewness": {"dmean": 0.707743048668, "dmean2": 1.06698942184, "dvar": 0.808619081974, "dvar2": 1.78175568581, "max": 15.1489038467, "mean": 3.49295020103, "median": 2.91556215286, "min": -1.35491216183, "var": 6.06192064285}, "melbands_spread": {"dmean": 2.04398274422, "dmean2": 3.20098423958, "dvar": 14.124786377, "dvar2": 29.3834819794, "max": 168.446166992, "mean": 10.0231237411, "median": 8.08498573303, "min": 0.577160716057, "var": 102.743911743}, "pitch_salience": {"dmean": 0.0518619343638, "dmean2": 0.0835563540459, "dvar": 0.00354524701834, "dvar2": 0.00908133015037, "max": 0.911832690239, "mean": 0.413204878569, "median": 0.420465350151, "min": 0.0352206639946, "var": 0.0137321874499}, "silence_rate_20dB": {"dmean": 0, "dmean2": 0, "dvar": 0, "dvar2": 0, "max": 1, "mean": 1, "median": 1, "min": 1, "var": 0}, "silence_rate_30dB": {"dmean": 0.0441076979041, "dmean2": 0.0882273316383, "dvar": 0.0421607121825, "dvar2": 0.0928989127278, "max": 1, "mean": 0.948863625526, "median": 1, "min": 0, "var": 0.0485235825181}, "silence_rate_60dB": {"dmean": 0.00595318619162, "dmean2": 0.0119079835713, "dvar": 0.00591796077788, "dvar2": 0.01284904778, "max": 1, "mean": 0.0495129860938, "median": 0, "min": 0, "var": 0.047060854733}, "spectral_centroid": {"dmean": 104.037940979, "dmean2": 161.649871826, "dvar": 27500.3359375, "dvar2": 59380.359375, "max": 11647.4306641, "mean": 759.616027832, "median": 658.173522949, "min": 165.881011963, "var": 406645.71875}, "spectral_complexity": {"dmean": 2.36747384071, "dmean2": 3.89012169838, "dvar": 14.0199804306, "dvar2": 33.8519744873, "max": 49, "mean": 12.0879325867, "median": 11, "min": 0, "var": 36.2939910889}, "spectral_decrease": {"dmean": 3.20368931384e-09, "dmean2": 5.21096410466e-09, "dvar": 5.67156453171e-17, "dvar2": 1.52294671032e-16, "max": 1.86832570392e-23, "mean": -1.14465361634e-08, "median": -9.75040936879e-09, "min": -9.68344835428e-08, "var": 8.45775235677e-17}, "spectral_energy": {"dmean": 0.0123787978664, "dmean2": 0.0200877096504, "dvar": 0.00083617301425, "dvar2": 0.00223799934611, "max": 0.369282603264, "mean": 0.0444691553712, "median": 0.0379807651043, "min": 1.04698285771e-20, "var": 0.00126808264758}, "spectral_energyband_high": {"dmean": 0.000168334576301, "dmean2": 0.000250025477726, "dvar": 1.58082727353e-07, "dvar2": 3.78650867106e-07, "max": 0.00650785537437, "mean": 0.000310162518872, "median": 0.000104628656118, "min": 6.98956470056e-21, "var": 2.8928110396e-07}, "spectral_energyband_low": {"dmean": 0.00924416910857, "dmean2": 0.0157170332968, "dvar": 0.000628704030532, "dvar2": 0.00174941646401, "max": 0.350793868303, "mean": 0.0278052166104, "median": 0.021940715611, "min": 4.95733540367e-23, "var": 0.000724344456103}, "spectral_energyband_middle_high": {"dmean": 0.000660334830172, "dmean2": 0.00101653393358, "dvar": 2.38325060309e-06, "dvar2": 5.72454973735e-06, "max": 0.026974324137, "mean": 0.00196190085262, "median": 0.0011767684482, "min": 1.29309140524e-21, "var": 5.82276243222e-06}, "spectral_energyband_middle_low": {"dmean": 0.00449755229056, "dmean2": 0.00653512496501, "dvar": 7.90025806054e-05, "dvar2": 0.000146438906086, "max": 0.246820479631, "mean": 0.0152654955164, "median": 0.00914127193391, "min": 2.56384565228e-22, "var": 0.000345337728504}, "spectral_entropy": {"dmean": 0.1965649575, "dmean2": 0.282698184252, "dvar": 0.0670254603028, "dvar2": 0.14264498651, "max": 9.81496429443, "mean": 7.06775569916, "median": 7.11957883835, "min": 4.72427654266, "var": 0.455278873444}, "spectral_flux": {"dmean": 0.0258511546999, "dmean2": 0.0411145575345, "dvar": 0.00210334523581, "dvar2": 0.00436060735956, "max": 0.48197132349, "mean": 0.0604178607464, "median": 0.0417021997273, "min": 6.52035717086e-11, "var": 0.00339106703177}, "spectral_kurtosis": {"dmean": 3.8429608345, "dmean2": 6.26990175247, "dvar": 44.0366172791, "dvar2": 113.418319702, "max": 144.099594116, "mean": 9.01271343231, "median": 5.39036989212, "min": -1.24839687347, "var": 110.4295578}, "spectral_rms": {"dmean": 0.000777651323006, "dmean2": 0.00122555764392, "dvar": 2.05724927582e-06, "dvar2": 5.12261885888e-06, "max": 0.018980929628, "mean": 0.00608908990398, "median": 0.00608723284677, "min": 3.19600791145e-12, "var": 6.30762315268e-06}, "spectral_rolloff": {"dmean": 107.445167542, "dmean2": 178.99609375, "dvar": 157109.6875, "dvar2": 276908.4375, "max": 19336.8164062, "mean": 555.090637207, "median": 409.130859375, "min": 21.533203125, "var": 1204759}, "spectral_skewness": {"dmean": 0.357939988375, "dmean2": 0.563630461693, "dvar": 0.224981918931, "dvar2": 0.568375349045, "max": 9.76058483124, "mean": 2.11628007889, "median": 1.88422560692, "min": -0.0428862124681, "var": 0.833461344242}, "spectral_spread": {"dmean": 635214.5, "dmean2": 874496.625, "dvar": 943148957696, "dvar2": 1822735073280.0, "max": 41936760, "mean": 4635498, "median": 4521057.5, "min": 668804.375, "var": 7643881537540.0}, "spectral_strongpeak": {"dmean": 0.268530130386, "dmean2": 0.45495891571, "dvar": 0.369423180819, "dvar2": 0.873850464821, "max": 8.49589824677, "mean": 0.845434546471, "median": 0.567289829254, "min": 0, "var": 1.00611817837}, "zerocrossingrate": {"dmean": 0.00584979588166, "dmean2": 0.00689969817176, "dvar": 8.16788597149e-05, "dvar2": 0.000102227793832, "max": 0.51318359375, "mean": 0.0300821419805, "median": 0.0244140625, "min": 0.00244140625, "var": 0.00105345272459}, "barkbands": {"dmean": [0.000481950381072, 0.00752136437222, 0.00200157472864, 0.000959674536716, 0.00118377921171, 0.00103702687193, 0.00118081853725, 0.00106726225931, 0.000465344637632, 0.000333693460561, 7.49293540139e-05, 0.000104444668978, 8.6887528596e-05, 0.000147755737999, 0.000108026812086, 6.36676850263e-05, 6.40288708382e-05, 5.94055054535e-05, 3.9908769395e-05, 3.30400471285e-05, 4.54019718745e-05, 3.03084743791e-05, 2.59154894593e-05, 2.53549551417e-05, 2.65489925368e-05, 1.77773981704e-05, 3.8363823478e-06], "dmean2": [0.00084841507487, 0.0128602655604, 0.00346289714798, 0.00161542242859, 0.00199743267149, 0.00161722314078, 0.00148733751848, 0.00146189075895, 0.000661092752125, 0.000446744030342, 0.000118892960018, 0.000159611896379, 0.000145259618876, 0.000226046977332, 0.000178397182026, 0.000103489895992, 0.000103330923594, 9.79112446657e-05, 6.56808333588e-05, 5.56046070415e-05, 7.49631944927e-05, 4.86112330691e-05, 4.14970745624e-05, 3.57807330147e-05, 3.73174370907e-05, 2.73003988696e-05, 5.64400124858e-06], "dvar": [1.26408133383e-06, 0.000436312227976, 2.56079383689e-05, 5.07523327542e-06, 1.00278157333e-05, 5.78022763875e-06, 1.99123114726e-05, 1.49958523252e-05, 2.63750644081e-06, 9.75134980763e-07, 6.68171722396e-08, 7.59297620334e-08, 9.10642086183e-08, 1.20676702409e-07, 8.43558822794e-08, 2.08561843351e-08, 1.98050589262e-08, 1.78702599385e-08, 8.39825098353e-09, 6.72097799637e-09, 1.6049837015e-08, 6.28090823795e-09, 4.33685531931e-09, 2.77312750541e-09, 2.96114843756e-09, 1.67147751196e-09, 6.79013512084e-11], "dvar2": [3.50609138877e-06, 0.00121926458087, 7.18366936781e-05, 1.34573638206e-05, 2.66951301455e-05, 1.26819659272e-05, 2.70454511337e-05, 2.2118752895e-05, 4.95378480991e-06, 1.42880799103e-06, 1.51603060772e-07, 1.75079890141e-07, 2.54135898103e-07, 2.58919158114e-07, 2.28941743785e-07, 5.1482938801e-08, 5.10944921928e-08, 4.57444926383e-08, 2.15281499294e-08, 1.76736811852e-08, 4.32886615442e-08, 1.63551785448e-08, 1.13692060211e-08, 5.85764992067e-09, 5.87139981079e-09, 3.94443233631e-09, 1.52515999829e-10], "max": [0.0143402032554, 0.308177798986, 0.0922507196665, 0.0260981023312, 0.0546709932387, 0.0668639093637, 0.203571230173, 0.147305384278, 0.0606186650693, 0.0264684930444, 0.0120459645987, 0.00568790454417, 0.00619360711426, 0.00939762406051, 0.00823582988232, 0.00244345865212, 0.00407185126096, 0.00446035712957, 0.00139358045999, 0.00120633468032, 0.0026067411527, 0.00118867133278, 0.00109551195055, 0.000761717965361, 0.000713360903319, 0.000365443906048, 7.4709430919e-05], "mean": [0.000483525946038, 0.0215750094503, 0.0051867919974, 0.00137953553349, 0.00192465493456, 0.00334784178995, 0.00386395654641, 0.00283801113255, 0.00121187814511, 0.000859467487317, 0.000135023568873, 0.000245320377871, 0.000141594617162, 0.000326731969835, 0.000193089072127, 0.000105566432467, 0.00012569068349, 0.000119837357488, 6.79447693983e-05, 5.17037478858e-05, 7.69643447711e-05, 5.02479088027e-05, 4.11972614529e-05, 4.31286171079e-05, 4.30490872532e-05, 2.53861162491e-05, 6.04711112828e-06], "median": [0.000104615202872, 0.014421088621, 0.00327066867612, 0.000690554210451, 0.000857537728734, 0.00118753488641, 0.000627253728453, 0.000467382604256, 0.000295290054055, 0.00021811426268, 4.26810656791e-05, 8.7764543423e-05, 4.89106969326e-05, 9.38314333325e-05, 8.39424756123e-05, 4.95762360515e-05, 5.13810009579e-05, 3.84429804399e-05, 2.43902140937e-05, 1.72260006366e-05, 2.26635202125e-05, 1.6045589291e-05, 9.46697036852e-06, 9.40999598242e-06, 8.55725193105e-06, 4.41483643954e-06, 1.10496694106e-06], "min": [2.30612047158e-24, 5.78226523829e-24, 4.7173594198e-24, 4.79926211442e-24, 1.08620593068e-23, 1.58388518069e-23, 1.54189364139e-23, 5.04277953156e-24, 2.01121476181e-23, 2.20663264743e-23, 2.69060386149e-23, 3.05416524025e-23, 3.2063488151e-23, 2.79104888947e-23, 7.32084377062e-23, 5.89681225935e-23, 7.56388739789e-23, 1.00372938708e-22, 1.400017828e-22, 1.9316366194e-22, 2.83675441747e-22, 3.14491352687e-22, 4.18126925436e-22, 6.0615587281e-22, 1.00589463987e-21, 1.32844923648e-21, 2.05255841912e-21], "var": [1.12190946311e-06, 0.000556394108571, 3.56852106052e-05, 4.98396684634e-06, 1.05838171294e-05, 3.08721464535e-05, 0.00011691598047, 7.34514105716e-05, 1.08702224679e-05, 4.57456826553e-06, 1.67622445701e-07, 2.17236646449e-07, 9.08668909005e-08, 4.98620011058e-07, 1.33510567935e-07, 3.14583097349e-08, 4.75933426003e-08, 7.10645693403e-08, 1.3234702223e-08, 9.09088715417e-09, 2.06536299174e-08, 9.63009050281e-09, 5.80522652172e-09, 6.08861272511e-09, 6.99047886243e-09, 2.53673504425e-09, 1.29957405948e-10]}, "erbbands": {"dmean": [0.190856978297, 1.79352676868, 2.72068285942, 2.3839173317, 5.01299667358, 3.07464790344, 3.87853479385, 9.59370040894, 12.4302711487, 29.324048996, 18.3696289062, 9.25797939301, 15.8797874451, 3.86276626587, 2.99161624908, 4.47844219208, 3.90777349472, 8.09127044678, 5.02974700928, 5.14593791962, 3.589646101, 2.97617435455, 3.2832403183, 2.14554214478, 2.15791273117, 1.38755679131, 1.64572584629, 1.86824834347, 0.988578796387, 1.14677417278, 0.651805639267, 0.595443189144, 0.388110637665, 0.408916980028, 0.123340405524, 0.0778725594282, 0.0305294543505, 0.00717872101814, 0.000673778587952, 4.16042712459e-05], "dmean2": [0.334071606398, 3.04010868073, 4.64380741119, 4.03365850449, 8.5568857193, 5.18508577347, 6.22069692612, 15.1277065277, 17.3809051514, 36.9523582458, 25.0487174988, 12.8761615753, 20.8793239594, 5.82881975174, 4.71977090836, 6.8472867012, 6.43282318115, 12.3623838425, 8.39266967773, 8.30665683746, 5.91694259644, 4.8365240097, 5.42107248306, 3.47305607796, 3.59854412079, 2.32649588585, 2.83273911476, 3.03268957138, 1.54952383041, 1.8674467802, 1.05885767937, 0.882548511028, 0.557306826115, 0.581026852131, 0.183901011944, 0.120307214558, 0.0468996092677, 0.0110118687153, 0.000999441486783, 6.19212733e-05], "dvar": [0.327920228243, 23.3334026337, 46.8700828552, 26.1119632721, 223.210968018, 54.1401023865, 67.8481445312, 579.884277344, 1111.3326416, 15488.3203125, 3769.18383789, 1297.25512695, 1945.4909668, 106.091598511, 74.6518096924, 140.837890625, 172.994903564, 376.22857666, 275.927459717, 121.524963379, 66.969367981, 47.6494140625, 60.9742050171, 22.2151050568, 23.9635066986, 11.8376274109, 20.547706604, 25.2960987091, 7.59416294098, 8.0295124054, 2.76474094391, 1.63177347183, 0.625640511513, 0.700508594513, 0.0663805603981, 0.0320193655789, 0.0047283177264, 0.000262630608631, 2.13786961467e-06, 6.16229378636e-09], "dvar2": [0.93352240324, 64.7213058472, 131.156799316, 71.1795654297, 597.702453613, 143.72644043, 163.278121948, 1274.94067383, 2180.95996094, 19482.8554688, 6567.79150391, 2456.49047852, 3001.68579102, 244.496673584, 172.734146118, 325.249389648, 479.308227539, 811.691040039, 765.998596191, 291.823028564, 172.122573853, 123.955467224, 156.451095581, 54.5660896301, 64.502746582, 31.1369934082, 57.2777938843, 66.0748825073, 19.6414089203, 20.8134975433, 7.24142313004, 3.55298089981, 1.32235813141, 1.38805413246, 0.13962559402, 0.0760916173458, 0.0112737799063, 0.000629239191767, 4.88667956233e-06, 1.36568942821e-08], "max": [7.052734375, 74.3472518921, 107.514038086, 65.4539489746, 222.211547852, 135.992599487, 211.956771851, 598.333312988, 971.312072754, 5324.80322266, 1520.79174805, 1717.71911621, 1042.66369629, 331.628753662, 369.736480713, 263.092254639, 258.742706299, 489.473846436, 481.49017334, 304.94744873, 155.776153564, 209.825180054, 271.202667236, 84.3362350464, 69.6908340454, 63.1957206726, 71.1410980225, 98.7097930908, 43.8320922852, 42.7934951782, 28.0404815674, 18.7413730621, 11.5669870377, 10.9120521545, 3.15318918228, 1.7592291832, 0.529659628868, 0.139049679041, 0.0132485041395, 0.000767232035287], "mean": [0.387057781219, 5.52879905701, 8.06315040588, 5.10409975052, 5.77365064621, 5.83106899261, 10.939953804, 29.5963439941, 43.229598999, 82.7102279663, 53.5440673828, 26.9461116791, 44.3231582642, 9.27897453308, 6.53787612915, 10.458117485, 7.32161951065, 18.4089622498, 8.56818294525, 9.54287147522, 6.38060760498, 6.37442111969, 7.14657878876, 3.89656472206, 3.63965082169, 2.3399553299, 2.57892274857, 3.11823773384, 1.75727665424, 1.71188032627, 1.0700956583, 0.990621745586, 0.661359369755, 0.649538934231, 0.198825404048, 0.112072296441, 0.0430046394467, 0.0105710029602, 0.00106155860703, 9.740376845e-05], "median": [0.26029971242, 3.53651571274, 6.66176366806, 3.61317491531, 2.29805922508, 2.33147096634, 5.02880477905, 9.68383789062, 10.5138950348, 8.23815155029, 10.3010025024, 7.98774242401, 11.6015930176, 3.91470932961, 2.97087955475, 4.06212091446, 3.13184022903, 5.37872648239, 3.68629574776, 4.18169784546, 3.35879611969, 2.62464785576, 2.38030028343, 1.56725037098, 1.20146179199, 0.866470098495, 0.847977399826, 0.840105295181, 0.585249900818, 0.470861464739, 0.229978531599, 0.199706494808, 0.154803976417, 0.125678271055, 0.0443618893623, 0.0202578883618, 0.00726058753207, 0.00195410032757, 0.000220292597078, 6.42222366878e-05], "min": [3.28203345563e-22, 1.5755803497e-21, 4.64365705735e-21, 1.7429178567e-20, 3.23169222502e-20, 3.80732430524e-20, 7.76127025146e-20, 1.93640719577e-19, 2.65287834288e-19, 2.13488155818e-19, 1.6684413901e-19, 5.94889529888e-19, 9.05286624905e-19, 1.52691585377e-18, 1.09618150551e-18, 1.4758861512e-18, 1.86481024181e-18, 2.37831321273e-18, 3.21276391569e-18, 3.71383994547e-18, 3.05620943821e-18, 4.27695845031e-18, 6.69515024717e-18, 4.77079354781e-18, 9.04028669309e-18, 9.71530825915e-18, 8.43758304645e-18, 1.37278886187e-17, 9.12464422632e-18, 1.20326249667e-17, 1.3077576592e-17, 1.08154121517e-17, 1.08976090892e-17, 9.16010628636e-18, 7.02313480467e-18, 4.55434478333e-18, 2.62519312476e-18, 9.44087806284e-19, 2.5455516584e-19, 2.75955368725e-20], "var": [0.282069325447, 34.0104179382, 60.8230400085, 31.3519649506, 181.076934814, 93.8515167236, 299.428436279, 2856.00073242, 7411.54833984, 85334.6953125, 19410.7988281, 5664.42675781, 8846.24609375, 299.543182373, 182.937286377, 388.329162598, 187.459381104, 1561.17907715, 303.955230713, 316.818145752, 98.3347167969, 123.862510681, 257.492431641, 40.5100135803, 37.095413208, 16.6954250336, 22.4451675415, 36.2910041809, 11.3449583054, 10.9431018829, 3.98726534843, 3.42520308495, 1.3573526144, 1.63729023933, 0.141331225634, 0.0491420701146, 0.00716010527685, 0.000423856370617, 3.79244374926e-06, 1.16909344428e-08]}, "gfcc": {"mean": [-43.5567855835, 124.534309387, -86.2664794922, 25.3790569305, -41.5852279663, 8.42245864868, -22.6189441681, 11.2579221725, -7.04350137711, 7.81803655624, -10.8330621719, -1.77988195419, -8.12389755249], "cov": [[15921.1669922, -1733.01989746, 500.160491943, 694.477966309, -644.704589844, 487.554199219, -675.116699219, 457.421478271, -21.5223140717, 416.75302124, -382.223449707, 35.4859771729, -334.339813232], [-1733.01989746, 2964.3671875, -1120.03393555, -432.13067627, 641.023010254, -565.035217285, 468.66418457, -164.451019287, 425.519439697, -265.032684326, 246.953552246, -237.962509155, 195.104568481], [500.160491943, -1120.03393555, 1220.67932129, 206.443389893, -301.72958374, 359.387145996, -237.047409058, -1.85090053082, -235.736221313, 114.561714172, -104.199447632, 167.306777954, -35.8945159912], [694.477966309, -432.13067627, 206.443389893, 353.082458496, -21.2309627533, 118.691001892, -21.0021591187, 36.55991745, -55.9250068665, 28.1036872864, -16.2721557617, 4.24811029434, -30.6561012268], [-644.704589844, 641.023010254, -301.72958374, -21.2309627533, 370.550231934, -52.026222229, 191.708206177, 3.86469244957, 128.078262329, -82.4047775269, 48.3836555481, -70.7683258057, 46.3756904602], [487.554199219, -565.035217285, 359.387145996, 118.691001892, -52.026222229, 295.745880127, -44.8243560791, 41.3823661804, -97.3297271729, 36.4364395142, -71.3154830933, 55.2746658325, -20.0202026367], [-675.116699219, 468.66418457, -237.047409058, -21.0021591187, 191.708206177, -44.8243560791, 245.091339111, 28.4519309998, 97.7256317139, -64.1759338379, 39.9339561462, -71.723449707, 36.9114875793], [457.421478271, -164.451019287, -1.85090053082, 36.55991745, 3.86469244957, 41.3823661804, 28.4519309998, 136.873580933, 54.640083313, 19.5848312378, -35.520652771, -0.0454792529345, -24.5008010864], [-21.5223140717, 425.519439697, -235.736221313, -55.9250068665, 128.078262329, -97.3297271729, 97.7256317139, 54.640083313, 185.531814575, 18.2067260742, 35.5129051208, -78.939125061, -5.23766279221], [416.75302124, -265.032684326, 114.561714172, 28.1036872864, -82.4047775269, 36.4364395142, -64.1759338379, 19.5848312378, 18.2067260742, 139.598312378, 23.513874054, 1.1458286047, -62.4943847656], [-382.223449707, 246.953552246, -104.199447632, -16.2721557617, 48.3836555481, -71.3154830933, 39.9339561462, -35.520652771, 35.5129051208, 23.513874054, 109.612762451, 10.3326835632, 12.0748872757], [35.4859771729, -237.962509155, 167.306777954, 4.24811029434, -70.7683258057, 55.2746658325, -71.723449707, -0.0454792529345, -78.939125061, 1.1458286047, 10.3326835632, 126.929244995, 45.2801437378], [-334.339813232, 195.104568481, -35.8945159912, -30.6561012268, 46.3756904602, -20.0202026367, 36.9114875793, -24.5008010864, -5.23766279221, -62.4943847656, 12.0748872757, 45.2801437378, 100.581443787]], "icov": [[0.000124074140331, -0.000256769155385, 0.000150674211909, -0.000376857584342, 0.000202376832021, -0.000228915145271, 0.0003492035612, -0.000384856248274, 0.000131472115754, -0.000536886160262, 0.000687497551553, -0.000345511449268, 0.000234909515711], [-0.000256769155385, 0.00273838825524, -0.000525174895301, 0.00200868118554, -0.00128739222419, 0.00127262435853, -0.00083857140271, 0.00257139955647, -0.00341177266091, 0.00430970313028, -0.00458951387554, 0.0031244722195, -0.00231506698765], [0.000150674211909, -0.000525174895301, 0.00212628534064, -0.0011832434684, 0.000965115264989, -0.0017313847784, 0.000246387673542, 0.000731828738935, 0.000162507538334, -0.00194072024897, 0.00267112674192, -0.00279880338348, 0.000957907876], [-0.000376857584342, 0.00200868118554, -0.0011832434684, 0.00584053667262, -0.00177605752833, 0.00024007531465, -7.24863348296e-05, -0.00093708850909, 0.000733358145226, 0.00337608554401, -0.00664840033278, 0.00611702445894, -0.00294597493485], [0.000202376832021, -0.00128739222419, 0.000965115264989, -0.00177605752833, 0.00733699928969, -0.00308147096075, -0.00169198703952, 0.000996805727482, -0.00358633580618, 0.00183402828407, 0.000740744057111, -0.00210207956843, 0.00165071024094], [-0.000228915145271, 0.00127262435853, -0.0017313847784, 0.00024007531465, -0.00308147096075, 0.00920225679874, -0.0029871230945, 0.000126545346575, 0.00254294555634, -0.00216235639527, 0.00299988221377, -0.00117688870523, -0.000436176953372], [0.0003492035612, -0.00083857140271, 0.000246387673542, -7.24863348296e-05, -0.00169198703952, -0.0029871230945, 0.0130659341812, -0.00802215561271, 0.00246374774724, 0.00221451348625, -0.0067880935967, 0.00989597290754, -0.00584611995146], [-0.000384856248274, 0.00257139955647, 0.000731828738935, -0.00093708850909, 0.000996805727482, 0.000126545346575, -0.00802215561271, 0.0230698697269, -0.0160865802318, 0.00400124769658, 0.00815837830305, -0.0138526130468, 0.00874275248498], [0.000131472115754, -0.00341177266091, 0.000162507538334, 0.000733358145226, -0.00358633580618, 0.00254294555634, 0.00246374774724, -0.0160865802318, 0.0267278868705, -0.0131075838581, -0.000575852929614, 0.0108556495979, -0.00689662480727], [-0.000536886160262, 0.00430970313028, -0.00194072024897, 0.00337608554401, 0.00183402828407, -0.00216235639527, 0.00221451348625, 0.00400124769658, -0.0131075838581, 0.0265677478164, -0.017105653882, 0.00525512453169, 0.00459047826007], [0.000687497551553, -0.00458951387554, 0.00267112674192, -0.00664840033278, 0.000740744057111, 0.00299988221377, -0.0067880935967, 0.00815837830305, -0.000575852929614, -0.017105653882, 0.0350700244308, -0.0236745979637, 0.0106382258236], [-0.000345511449268, 0.0031244722195, -0.00279880338348, 0.00611702445894, -0.00210207956843, -0.00117688870523, 0.00989597290754, -0.0138526130468, 0.0108556495979, 0.00525512453169, -0.0236745979637, 0.03930805251, -0.0236379392445], [0.000234909515711, -0.00231506698765, 0.000957907876, -0.00294597493485, 0.00165071024094, -0.000436176953372, -0.00584611995146, 0.00874275248498, -0.00689662480727, 0.00459047826007, 0.0106382258236, -0.0236379392445, 0.0299422070384]]}, "melbands": {"dmean": [0.00194471178111, 0.00176544243004, 0.000512262282427, 0.000281785352854, 0.000133510067826, 0.000218577391934, 0.000204950367333, 0.000299155799439, 0.000133489345899, 6.13164156675e-05, 7.90713602328e-05, 1.49883981067e-05, 1.09552456706e-05, 1.16265700854e-05, 8.8613232947e-06, 1.17081217468e-05, 1.52077391249e-05, 7.80178197601e-06, 7.38950120649e-06, 5.51876837562e-06, 4.59324201074e-06, 3.45011881109e-06, 3.43579517903e-06, 3.02987177747e-06, 1.71644455804e-06, 1.60457125276e-06, 1.4636192418e-06, 8.92744253633e-07, 1.02020339909e-06, 1.27499959035e-06, 1.01078080661e-06, 6.13198778865e-07, 5.95043161411e-07, 6.64243941628e-07, 3.97660528506e-07, 3.54418489223e-07, 3.77928841999e-07, 2.64070308731e-07, 3.33146971343e-07, 3.48295913e-07], "dmean2": [0.00334979943, 0.00299405539408, 0.000864908157382, 0.000480285991216, 0.000216032189201, 0.000339619553415, 0.000281235261355, 0.000383736129152, 0.000185537195648, 8.53158999234e-05, 0.000103871600004, 2.32688726101e-05, 1.73241860466e-05, 1.75813402166e-05, 1.43703291542e-05, 1.87157911569e-05, 2.32226848311e-05, 1.30856524265e-05, 1.22099318105e-05, 8.94090135262e-06, 7.5939897215e-06, 5.59953696211e-06, 5.58543752049e-06, 5.04510398969e-06, 2.75220463664e-06, 2.72437705462e-06, 2.4413002393e-06, 1.51372762502e-06, 1.77961624104e-06, 2.14071064875e-06, 1.60690581197e-06, 9.74956265054e-07, 9.85066776593e-07, 1.0800400787e-06, 6.63691707814e-07, 5.60586670417e-07, 5.62838124551e-07, 3.93797137122e-07, 4.93233073939e-07, 4.97523217291e-07], "dvar": [3.1125426176e-05, 2.05182532227e-05, 1.4494445395e-06, 6.41646295207e-07, 7.17831767361e-08, 2.8808000252e-07, 3.21453541119e-07, 1.55229145093e-06, 2.21499320219e-07, 5.00011729798e-08, 4.82083741815e-08, 1.76810810437e-09, 1.25962384967e-09, 9.72893876572e-10, 6.35005659166e-10, 1.34705724353e-09, 1.34520916628e-09, 6.68007427151e-10, 3.51115969632e-10, 1.49743120681e-10, 1.06635061892e-10, 5.86267770442e-11, 7.40723593573e-11, 4.13984020675e-11, 1.5385146282e-11, 1.47177825482e-11, 1.23869664526e-11, 4.89821768215e-12, 7.14677275693e-12, 1.83404229304e-11, 6.58182015834e-12, 2.50932911602e-12, 2.82075231228e-12, 2.68364280451e-12, 1.12885438844e-12, 6.75832165838e-13, 6.23045885717e-13, 2.96998943451e-13, 4.6178582876e-13, 5.08974318855e-13], "dvar2": [8.75539335539e-05, 5.68306604691e-05, 3.88933676732e-06, 1.71115163994e-06, 1.80391552362e-07, 6.18183491952e-07, 6.02144211825e-07, 2.00216163648e-06, 4.06822891819e-07, 9.50925880261e-08, 7.4634058933e-08, 4.19722345768e-09, 2.82524403872e-09, 2.16474527193e-09, 1.68186997662e-09, 3.57321727762e-09, 2.81853118622e-09, 1.84997450692e-09, 9.48090606023e-10, 3.50309475872e-10, 2.77760203726e-10, 1.50604154148e-10, 1.85446796808e-10, 1.08752389039e-10, 3.72793844405e-11, 4.04007140242e-11, 3.26626989344e-11, 1.30687483405e-11, 1.99232765702e-11, 5.09734650322e-11, 1.67954782027e-11, 6.43890409741e-12, 7.75602498893e-12, 6.97740389771e-12, 3.07293036503e-12, 1.62096898404e-12, 1.3159452911e-12, 6.52230494006e-13, 9.4240132191e-13, 1.00716700605e-12], "max": [0.0777674615383, 0.0635925680399, 0.013578181155, 0.0137236202136, 0.00571585725993, 0.0151137998328, 0.0158456936479, 0.0483888238668, 0.0119126895443, 0.00931014120579, 0.0051452005282, 0.00144670449663, 0.00179041107185, 0.000756832712796, 0.000328583701048, 0.00069925020216, 0.00111883319914, 0.000702629098669, 0.000475796550745, 0.000311091862386, 0.000183779629879, 0.000173269916559, 0.000301061169012, 0.000140950694913, 6.74239854561e-05, 5.4216125136e-05, 5.1511444326e-05, 4.29022693424e-05, 4.59792827314e-05, 0.000102312224044, 4.8087007599e-05, 2.31423509831e-05, 2.77462113445e-05, 2.21694463107e-05, 2.11081278394e-05, 1.3636512449e-05, 1.05972030724e-05, 7.47745980334e-06, 8.87849182618e-06, 9.30518945097e-06], "mean": [0.00502583337948, 0.00570317916572, 0.000950788846239, 0.000391574314563, 0.000360027916031, 0.000698628951795, 0.000702397839632, 0.000832393590827, 0.000378585449653, 0.000168346610735, 0.000218023953494, 3.20408762491e-05, 2.09896988963e-05, 2.87533002847e-05, 1.61470088642e-05, 2.26674619626e-05, 3.42909952451e-05, 1.21048260553e-05, 1.34032752612e-05, 9.7218544397e-06, 7.43631608202e-06, 6.50990159556e-06, 7.36640595278e-06, 5.60798707738e-06, 2.8009617381e-06, 2.56140447163e-06, 2.31129547501e-06, 1.37553627155e-06, 1.49209608935e-06, 1.96932273866e-06, 1.64574487371e-06, 1.02851186057e-06, 8.83458199041e-07, 9.39395988553e-07, 5.88330294704e-07, 5.94595746861e-07, 6.113345421e-07, 4.22761615937e-07, 5.51444372832e-07, 5.39461382232e-07], "median": [0.00358752417378, 0.00482456851751, 0.000646330649033, 0.000165389472386, 0.000160371564562, 0.000218729459448, 0.000163342061569, 8.53286037454e-05, 6.39703503111e-05, 4.6659122745e-05, 5.48916505068e-05, 1.16267856356e-05, 8.05093623057e-06, 1.01988107417e-05, 6.48119657853e-06, 7.38700327929e-06, 9.49943205342e-06, 4.23788469561e-06, 5.90948184254e-06, 4.02433852287e-06, 3.62131368092e-06, 2.57429292105e-06, 1.98023417397e-06, 1.91406593331e-06, 1.02135436464e-06, 8.1666536289e-07, 6.82872155267e-07, 4.72308954613e-07, 4.83055998757e-07, 5.31257342118e-07, 4.23285314355e-07, 3.3539663491e-07, 2.59338719388e-07, 2.33016365314e-07, 1.28275530642e-07, 1.02250140799e-07, 1.24448803263e-07, 9.30996719717e-08, 1.17496327334e-07, 9.62603223797e-08], "min": [3.76898610638e-24, 2.4917915074e-24, 3.99583528702e-24, 2.0767554163e-24, 3.0015500717e-24, 4.86450446116e-24, 5.21333717573e-24, 2.52322426181e-24, 9.64694746944e-25, 3.28913937267e-24, 4.19015421051e-24, 5.75580881568e-24, 2.95549262496e-24, 2.4005311475e-24, 2.11537666571e-24, 3.22341049597e-24, 3.93295794527e-24, 3.84583259703e-24, 3.9657792921e-24, 4.61324279651e-24, 3.39197843572e-24, 2.39949418984e-24, 5.02429218182e-24, 5.83148227017e-24, 3.22924688338e-24, 5.43017610591e-24, 5.50188001232e-24, 6.73283947364e-24, 4.36485850202e-24, 5.61454039364e-24, 6.65191812198e-24, 4.76906412454e-24, 6.05501507956e-24, 5.7076330802e-24, 7.094269508e-24, 6.60004736202e-24, 5.61249921605e-24, 7.19155893458e-24, 7.21911147942e-24, 6.35038826831e-24], "var": [3.43507199432e-05, 2.71604312729e-05, 1.441624363e-06, 5.83342227856e-07, 2.78975534229e-07, 1.5827944253e-06, 1.97726103579e-06, 8.33274862089e-06, 1.07588061837e-06, 2.04154744665e-07, 2.18789878659e-07, 4.68948924137e-09, 3.19484083633e-09, 3.17436876784e-09, 8.57399207188e-10, 2.36523511887e-09, 5.95322768859e-09, 7.30716209763e-10, 6.46050934971e-10, 3.44706624356e-10, 1.45447154321e-10, 1.29532107263e-10, 3.19330201171e-10, 1.26490914965e-10, 2.57474267601e-11, 2.13833013796e-11, 1.91511858455e-11, 6.7780121793e-12, 7.61545861094e-12, 1.88901914944e-11, 9.93377081981e-12, 3.81500300101e-12, 3.59453157343e-12, 3.30983265968e-12, 1.34014099731e-12, 1.26566509009e-12, 1.31273540215e-12, 5.75673840195e-13, 1.0150795135e-12, 1.2031535707e-12]}, "mfcc": {"mean": [-694.148925781, 156.229598999, 18.7806358337, 27.9755306244, 10.6897754669, 6.32743310928, 0.988836228848, 2.72036552429, 10.0010643005, 7.3444070816, 9.13720321655, 5.32863426208, 1.59339559078], "cov": [[9233.54394531, -688.614318848, 351.193756104, 207.973892212, 74.2928619385, 48.8099021912, -171.257629395, 0.385784059763, 50.9094390869, 159.710327148, 248.758407593, 96.16822052, -100.079666138], [-688.614318848, 2716.79467773, -904.684265137, 51.2091674805, 50.6826629639, -173.386322021, -17.6582069397, 27.9626636505, 120.616111755, 41.3392791748, 29.4350681305, 82.5007476807, 80.3311157227], [351.193756104, -904.684265137, 1119.93371582, -21.1477222443, 6.53432893753, 191.269989014, 8.42814254761, -46.0243682861, -89.9387741089, -85.8397521973, -78.052696228, -81.289604187, -0.226856335998], [207.973892212, 51.2091674805, -21.1477222443, 211.871246338, 38.5610809326, 7.82711410522, 29.3722839355, 18.9356689453, 3.81821632385, 29.629858017, 26.1092720032, 16.6065998077, 9.19918060303], [74.2928619385, 50.6826629639, 6.53432893753, 38.5610809326, 139.593032837, 54.4434661865, 26.9019126892, 42.6141853333, 24.1430072784, 10.738284111, 1.33767724037, -2.64469027519, -5.20447492599], [48.8099021912, -173.386322021, 191.269989014, 7.82711410522, 54.4434661865, 170.924530029, 79.6267471313, 16.6993579865, -9.2995557785, 0.142118409276, -10.4193649292, -23.2338523865, -5.22462034225], [-171.257629395, -17.6582069397, 8.42814254761, 29.3722839355, 26.9019126892, 79.6267471313, 137.773803711, 64.6071929932, 21.2730121613, 9.40952301025, -10.8513679504, -9.70932102203, -6.68718385696], [0.385784059763, 27.9626636505, -46.0243682861, 18.9356689453, 42.6141853333, 16.6993579865, 64.6071929932, 134.127822876, 77.8555603027, 11.2874851227, -11.3109369278, -9.20329475403, -20.9326076508], [50.9094390869, 120.616111755, -89.9387741089, 3.81821632385, 24.1430072784, -9.2995557785, 21.2730121613, 77.8555603027, 127.580970764, 64.1182556152, 21.1812705994, 5.33718776703, -20.8256530762], [159.710327148, 41.3392791748, -85.8397521973, 29.629858017, 10.738284111, 0.142118409276, 9.40952301025, 11.2874851227, 64.1182556152, 120.956993103, 81.753578186, 31.1746292114, -5.21634244919], [248.758407593, 29.4350681305, -78.052696228, 26.1092720032, 1.33767724037, -10.4193649292, -10.8513679504, -11.3109369278, 21.1812705994, 81.753578186, 122.821327209, 61.1180381775, 6.04127311707], [96.16822052, 82.5007476807, -81.289604187, 16.6065998077, -2.64469027519, -23.2338523865, -9.70932102203, -9.20329475403, 5.33718776703, 31.1746292114, 61.1180381775, 80.9363174438, 34.393535614], [-100.079666138, 80.3311157227, -0.226856335998, 9.19918060303, -5.20447492599, -5.22462034225, -6.68718385696, -20.9326076508, -20.8256530762, -5.21634244919, 6.04127311707, 34.393535614, 73.9591293335]], "icov": [[0.000130195665406, 1.67314137798e-05, -4.03704980272e-05, -0.000137625043862, -5.53222662347e-07, -0.000127683902974, 0.00031360425055, -0.000122887751786, 5.07845788889e-06, -1.11570680019e-05, -0.000184883494512, -0.000159507602802, 0.000249436125159], [1.67314137798e-05, 0.000576299440581, 0.000435484864283, -0.00012334465282, -0.000316604418913, 0.000142686723848, -0.0001056527326, 0.000523119641002, -0.00085140398005, 0.000526069488842, -4.49724975624e-05, 0.000125174017739, -0.000717500981409], [-4.03704980272e-05, 0.000435484864283, 0.00168868037872, -0.000185103810509, 0.000274399179034, -0.0018432677025, 0.000823582522571, 0.000332034920575, -0.000386494008126, 0.000904877088033, 4.59080911241e-05, 0.00100359029602, -0.000957353506237], [-0.000137625043862, -0.00012334465282, -0.000185103810509, 0.00568630453199, -0.00160833459813, 0.00130083737895, -0.00169877696317, -0.000699095369782, 0.00181914237328, -0.00186244642828, -0.000135776906973, -1.37402230393e-05, -0.000734486151487], [-5.53222662347e-07, -0.000316604418913, 0.000274399179034, -0.00160833459813, 0.010107091628, -0.00472033768892, 0.00271108327433, -0.00355095602572, 0.000159422095749, -0.000270938238828, 0.000410199165344, -0.000568027840927, 0.000418331415858], [-0.000127683902974, 0.000142686723848, -0.0018432677025, 0.00130083737895, -0.00472033768892, 0.0134739801288, -0.00843311101198, 0.00268842838705, 0.00061665737303, -0.000844832567964, -0.00126565562095, 0.00248212250881, -0.000813981692772], [0.00031360425055, -0.0001056527326, 0.000823582522571, -0.00169877696317, 0.00271108327433, -0.00843311101198, 0.0160374883562, -0.00839967560023, 0.00315472343937, -0.00284638442099, 0.00226042000577, -0.00154392444529, 0.000641597085632], [-0.000122887751786, 0.000523119641002, 0.000332034920575, -0.000699095369782, -0.00355095602572, 0.00268842838705, -0.00839967560023, 0.0194605328143, -0.0130436206236, 0.00692226132378, -0.000825631665066, 0.000467345817015, 0.000707430241164], [5.07845788889e-06, -0.00085140398005, -0.000386494008126, 0.00181914237328, 0.000159422095749, 0.00061665737303, 0.00315472343937, -0.0130436206236, 0.0227574128658, -0.0143973026425, 0.00525962375104, -0.00215986254625, 0.00331991654821], [-1.11570680019e-05, 0.000526069488842, 0.000904877088033, -0.00186244642828, -0.000270938238828, -0.000844832567964, -0.00284638442099, 0.00692226132378, -0.0143973026425, 0.0257713235915, -0.0156910158694, 0.00461082719266, -0.00182784115896], [-0.000184883494512, -4.49724975624e-05, 4.59080911241e-05, -0.000135776906973, 0.000410199165344, -0.00126565562095, 0.00226042000577, -0.000825631665066, 0.00525962375104, -0.0156910158694, 0.0257757287472, -0.0158879775554, 0.00538318278268], [-0.000159507602802, 0.000125174017739, 0.00100359029602, -1.37402230393e-05, -0.000568027840927, 0.00248212250881, -0.00154392444529, 0.000467345817015, -0.00215986254625, 0.00461082719266, -0.0158879775554, 0.0299305934459, -0.0131229078397], [0.000249436125159, -0.000717500981409, -0.000957353506237, -0.000734486151487, 0.000418331415858, -0.000813981692772, 0.000641597085632, 0.000707430241164, 0.00331991654821, -0.00182784115896, 0.00538318278268, -0.0131229078397, 0.0214252192527]]}, "spectral_contrast_coeffs": {"dmean": [0.0394194684923, 0.0415196083486, 0.0354474969208, 0.0288373716176, 0.0199786331505, 0.0141029870138], "dmean2": [0.0662423372269, 0.0677599981427, 0.0562977567315, 0.0467880368233, 0.0325219705701, 0.0234828516841], "dvar": [0.00113800319377, 0.00142951600719, 0.00109109107871, 0.000734889472369, 0.000324817490764, 0.000163837510627], "dvar2": [0.00309758586809, 0.00359139032662, 0.00257390690967, 0.00172330858186, 0.000788580218796, 0.000446941325208], "max": [-0.335713088512, -0.290164113045, -0.415834903717, -0.502079308033, -0.595743715763, -0.618335187435], "mean": [-0.660351932049, -0.657351791859, -0.712184846401, -0.762617170811, -0.796111941338, -0.781482517719], "median": [-0.658863961697, -0.661442756653, -0.718609213829, -0.766351342201, -0.798942446709, -0.784328043461], "min": [-0.971930861473, -0.980886101723, -0.971952557564, -0.97170317173, -0.963432788849, -0.963078737259], "var": [0.00562765775248, 0.00920372735709, 0.00732763623819, 0.00401073042303, 0.00191229511984, 0.00119365402497]}, "spectral_contrast_valleys": {"dmean": [0.374136179686, 0.341394871473, 0.341447234154, 0.338454097509, 0.299922257662, 0.349672973156], "dmean2": [0.614497601986, 0.557405352592, 0.549010634422, 0.532133162022, 0.454523831606, 0.470343530178], "dvar": [0.144142657518, 0.123075544834, 0.145873516798, 0.179091930389, 0.164543703198, 0.233247861266], "dvar2": [0.316828161478, 0.272348970175, 0.317197799683, 0.38848349452, 0.351952880621, 0.476949989796], "max": [-4.83408212662, -4.71628236771, -5.44447660446, -5.46686220169, -5