{"lowlevel": {"average_loudness": 0.953676939011, "barkbands_crest": {"dmean": 2.87747716904, "dmean2": 4.15961360931, "dvar": 10.7976999283, "dvar2": 17.1283531189, "max": 26.6088180542, "mean": 12.6596221924, "median": 9.90894317627, "min": 2.04937148094, "var": 50.7810707092}, "barkbands_flatness_db": {"dmean": 0.0335201919079, "dmean2": 0.0484309867024, "dvar": 0.00173158932012, "dvar2": 0.00291481381282, "max": 0.49028980732, "mean": 0.167652860284, "median": 0.150326371193, "min": 0.0149196106941, "var": 0.00802069529891}, "barkbands_kurtosis": {"dmean": 11.4095001221, "dmean2": 16.1630382538, "dvar": 559.671020508, "dvar2": 1047.7734375, "max": 602.693115234, "mean": 21.0763931274, "median": 1.51638841629, "min": -1.94859290123, "var": 1704.42114258}, "barkbands_skewness": {"dmean": 1.08150982857, "dmean2": 1.47493112087, "dvar": 1.90864098072, "dvar2": 2.79471206665, "max": 19.5948352814, "mean": 2.71009373665, "median": 1.34381508827, "min": -6.44338941574, "var": 10.7410783768}, "barkbands_spread": {"dmean": 9.94414329529, "dmean2": 14.331823349, "dvar": 179.768554688, "dvar2": 321.131958008, "max": 116.033798218, "mean": 25.4647064209, "median": 18.6796321869, "min": 0.111469484866, "var": 520.717102051}, "dissonance": {"dmean": 0.0162918176502, "dmean2": 0.0267427321523, "dvar": 0.000300779385725, "dvar2": 0.0007906552637, "max": 0.500000059605, "mean": 0.467349886894, "median": 0.475270658731, "min": 0.169710457325, "var": 0.00090060592629}, "dynamic_complexity": 2.66590499878, "erbbands_crest": {"dmean": 2.56244921684, "dmean2": 4.06443786621, "dvar": 6.45115470886, "dvar2": 15.1345291138, "max": 34.2604370117, "mean": 8.755651474, "median": 7.72375774384, "min": 2.16908740997, "var": 19.4892959595}, "erbbands_flatness_db": {"dmean": 0.023455299437, "dmean2": 0.0331514552236, "dvar": 0.00061383692082, "dvar2": 0.00122279464267, "max": 0.560206055641, "mean": 0.145783543587, "median": 0.127352714539, "min": 0.0345770269632, "var": 0.0053402739577}, "erbbands_kurtosis": {"dmean": 1.1984616518, "dmean2": 1.89838993549, "dvar": 11.6369781494, "dvar2": 25.5641593933, "max": 157.944335938, "mean": 0.718223810196, "median": -0.313672542572, "min": -1.86949074268, "var": 27.2162036896}, "erbbands_skewness": {"dmean": 0.482418566942, "dmean2": 0.716453790665, "dvar": 0.270210385323, "dvar2": 0.611745417118, "max": 11.0068464279, "mean": 0.03354909271, "median": -0.0763993710279, "min": -9.4494972229, "var": 0.910243332386}, "erbbands_spread": {"dmean": 13.1755743027, "dmean2": 18.5377826691, "dvar": 212.488174438, "dvar2": 393.339874268, "max": 177.852981567, "mean": 49.9119987488, "median": 44.0851783752, "min": 0.330802857876, "var": 879.673950195}, "hfc": {"dmean": 13.6903085709, "dmean2": 20.9461212158, "dvar": 350.641998291, "dvar2": 848.021362305, "max": 173.2628479, "mean": 27.7217197418, "median": 21.0151977539, "min": 1.25221168697e-16, "var": 582.016296387}, "melbands_crest": {"dmean": 3.8646440506, "dmean2": 5.49393606186, "dvar": 15.7729721069, "dvar2": 28.5847911835, "max": 36.3335571289, "mean": 18.8053340912, "median": 15.6263198853, "min": 1.76536202431, "var": 102.243309021}, "melbands_flatness_db": {"dmean": 0.0402408204973, "dmean2": 0.0584407709539, "dvar": 0.00276927370578, "dvar2": 0.00449771853164, "max": 0.628509581089, "mean": 0.234875008464, "median": 0.200811997056, "min": 0.00433586305007, "var": 0.0138228116557}, "melbands_kurtosis": {"dmean": 33.5998954773, "dmean2": 46.4050483704, "dvar": 4684.23583984, "dvar2": 7701.59765625, "max": 1615.82983398, "mean": 68.6706390381, "median": 10.6467990875, "min": -1.79826307297, "var": 16300.8164062}, "melbands_skewness": {"dmean": 1.58146250248, "dmean2": 2.13966107368, "dvar": 4.70134305954, "dvar2": 6.7881231308, "max": 32.6488876343, "mean": 4.90421581268, "median": 2.82392144203, "min": -6.96445798874, "var": 26.0158004761}, "melbands_spread": {"dmean": 10.8378543854, "dmean2": 16.0961647034, "dvar": 229.550292969, "dvar2": 471.835571289, "max": 262.263458252, "mean": 26.5729427338, "median": 20.5656108856, "min": 0.191548720002, "var": 724.329772949}, "pitch_salience": {"dmean": 0.0916986837983, "dmean2": 0.13067497313, "dvar": 0.0108522381634, "dvar2": 0.0191077701747, "max": 0.920789778233, "mean": 0.456382870674, "median": 0.507941484451, "min": 0.0495187416673, "var": 0.048370230943}, "silence_rate_20dB": {"dmean": 0, "dmean2": 0, "dvar": 0, "dvar2": 0, "max": 1, "mean": 1, "median": 1, "min": 1, "var": 0}, "silence_rate_30dB": {"dmean": 0.0788816809654, "dmean2": 0.157779112458, "dvar": 0.072661601007, "dvar2": 0.138483807445, "max": 1, "mean": 0.741114199162, "median": 1, "min": 0, "var": 0.191853865981}, "silence_rate_60dB": {"dmean": 0.0257613584399, "dmean2": 0.0515278615057, "dvar": 0.0250937547535, "dvar2": 0.0592627115548, "max": 1, "mean": 0.070187702775, "median": 0, "min": 0, "var": 0.0652562379837}, "spectral_centroid": {"dmean": 416.687347412, "dmean2": 590.509460449, "dvar": 200261.25, "dvar2": 408496.46875, "max": 10886.6308594, "mean": 1745.39196777, "median": 1720.7434082, "min": 136.484176636, "var": 758814.4375}, "spectral_complexity": {"dmean": 5.37314033508, "dmean2": 8.66746520996, "dvar": 56.9211425781, "dvar2": 135.461624146, "max": 59, "mean": 16.286441803, "median": 15, "min": 0, "var": 98.9725341797}, "spectral_decrease": {"dmean": 4.07140321457e-09, "dmean2": 4.76898742718e-09, "dvar": 2.78713643578e-17, "dvar2": 3.4077875856e-17, "max": 9.66162771155e-17, "mean": -1.41697737988e-08, "median": -6.41922781597e-09, "min": -5.43640332751e-08, "var": 2.15300925646e-16}, "spectral_energy": {"dmean": 0.0156716033816, "dmean2": 0.0182394832373, "dvar": 0.000378408585675, "dvar2": 0.000474370608572, "max": 0.207106024027, "mean": 0.0559945106506, "median": 0.0284984502941, "min": 1.06895605442e-20, "var": 0.00305465771817}, "spectral_energyband_high": {"dmean": 0.00107143388595, "dmean2": 0.00160242593847, "dvar": 2.42988926402e-06, "dvar2": 5.45995953871e-06, "max": 0.0199571792036, "mean": 0.00151409546379, "median": 0.0007328777574, "min": 7.8837630986e-21, "var": 4.03177773478e-06}, "spectral_energyband_low": {"dmean": 0.0147117432207, "dmean2": 0.0180681534111, "dvar": 0.000572161457967, "dvar2": 0.000747416401282, "max": 0.204046323895, "mean": 0.042957585305, "median": 0.0077718058601, "min": 6.17730216717e-23, "var": 0.0033040328417}, "spectral_energyband_middle_high": {"dmean": 0.00267668999732, "dmean2": 0.00440024537966, "dvar": 1.90590435523e-05, "dvar2": 4.87674878968e-05, "max": 0.051264628768, "mean": 0.00524301687256, "median": 0.00277817621827, "min": 1.44271183848e-21, "var": 3.63425970136e-05}, "spectral_energyband_middle_low": {"dmean": 0.00499713793397, "dmean2": 0.0083944555372, "dvar": 9.73742935457e-05, "dvar2": 0.00025267462479, "max": 0.0679222047329, "mean": 0.00757102295756, "median": 0.00489566521719, "min": 2.56597671268e-22, "var": 8.54409736348e-05}, "spectral_entropy": {"dmean": 0.271626740694, "dmean2": 0.387719988823, "dvar": 0.0745809450746, "dvar2": 0.163400322199, "max": 9.80724906921, "mean": 7.58948564529, "median": 7.61800050735, "min": 4.29899787903, "var": 0.379946649075}, "spectral_flux": {"dmean": 0.0444149672985, "dmean2": 0.0576384328306, "dvar": 0.00225607748143, "dvar2": 0.00377947743982, "max": 0.426080852747, "mean": 0.105919092894, "median": 0.0832880884409, "min": 1.03390331019e-10, "var": 0.00684736156836}, "spectral_kurtosis": {"dmean": 2.1739757061, "dmean2": 3.38560461998, "dvar": 21.9368877411, "dvar2": 55.5803451538, "max": 168.786010742, "mean": 5.56575107574, "median": 3.663595438, "min": -1.30666804314, "var": 105.546203613}, "spectral_rms": {"dmean": 0.00105571909808, "dmean2": 0.00126237608492, "dvar": 1.36042910981e-06, "dvar2": 1.73675164206e-06, "max": 0.0142145929858, "mean": 0.00638106931001, "median": 0.0052728895098, "min": 3.22937141438e-12, "var": 1.39107323776e-05}, "spectral_rolloff": {"dmean": 978.541564941, "dmean2": 1562.734375, "dvar": 2860833.25, "dvar2": 5665476.5, "max": 19832.0800781, "mean": 2261.37353516, "median": 1464.2578125, "min": 64.599609375, "var": 8433693}, "spectral_skewness": {"dmean": 0.275791972876, "dmean2": 0.419944345951, "dvar": 0.11422085762, "dvar2": 0.274808168411, "max": 11.0216531754, "mean": 1.58822321892, "median": 1.4532430172, "min": -0.31283223629, "var": 0.657164931297}, "spectral_spread": {"dmean": 1232273.25, "dmean2": 1696913, "dvar": 2032064397310.0, "dvar2": 3459947692030.0, "max": 40727876, "mean": 5808358, "median": 5459486, "min": 441388.46875, "var": 6964073988100.0}, "spectral_strongpeak": {"dmean": 0.530457496643, "dmean2": 0.898597359657, "dvar": 1.09659445286, "dvar2": 2.74877619743, "max": 14.8414459229, "mean": 0.994853377342, "median": 0.74307847023, "min": 0, "var": 1.53878951073}, "zerocrossingrate": {"dmean": 0.0208057537675, "dmean2": 0.0216681025922, "dvar": 0.000613120268099, "dvar2": 0.000634692958556, "max": 0.72705078125, "mean": 0.08012804389, "median": 0.0673828125, "min": 0.001953125, "var": 0.00596340745687}, "barkbands": {"dmean": [0.00130773580167, 0.0138352466747, 0.00434300350025, 0.00245918612927, 0.00174203584902, 0.000820135523099, 0.000405018043239, 0.000488535035402, 0.000469831138616, 0.000415634218371, 0.000177346504643, 0.000347881315975, 0.000396257091779, 0.000313670781907, 0.000374375726096, 0.000393074093154, 0.000625209009741, 0.000228998076636, 0.000442859367467, 0.000368269393221, 0.00020007987041, 0.000134078538395, 0.000118369243864, 0.000185881770449, 0.000242072943365, 0.000185403798241, 3.2053252653e-05], "dmean2": [0.00138220668305, 0.0182643141598, 0.00770063186064, 0.00436554895714, 0.00297868135385, 0.00139397743624, 0.000689989246894, 0.000769842532463, 0.000743200536817, 0.000605237088166, 0.000286797585431, 0.000543399481103, 0.00067121203756, 0.00052808172768, 0.000605954555795, 0.000658189179376, 0.00108874693979, 0.000389696244383, 0.000721056479961, 0.000606950139627, 0.000308518472593, 0.0002111345093, 0.000180237897439, 0.000287671049591, 0.00037300621625, 0.00028229833697, 4.96869433846e-05], "dvar": [4.54175687992e-06, 0.000703816418536, 0.000150298001245, 4.16249422415e-05, 1.3053726434e-05, 1.90898595065e-06, 7.1476102903e-07, 1.45046999478e-06, 1.14986357858e-06, 9.86197619568e-07, 1.85297281519e-07, 6.50606352792e-07, 8.15776445506e-07, 4.22535464395e-07, 4.67682809813e-07, 5.68127745737e-07, 3.36553148372e-06, 2.88287594685e-07, 9.21881678551e-07, 5.41983524727e-07, 1.26869664996e-07, 5.90121693733e-08, 5.5296307977e-08, 1.11402968628e-07, 1.47790075289e-07, 9.0241812245e-08, 3.03800362644e-09], "dvar2": [4.16316470364e-06, 0.00116976140998, 0.000419312244048, 0.000115648341307, 3.5479752114e-05, 4.96841175845e-06, 1.87824832665e-06, 3.61879597222e-06, 2.33103423852e-06, 1.8235339212e-06, 4.12974003439e-07, 1.31832155148e-06, 2.05277297027e-06, 1.03843262877e-06, 1.12776092465e-06, 1.45430669818e-06, 9.32542934606e-06, 7.58377723287e-07, 2.3349825824e-06, 1.39516123454e-06, 2.56125616716e-07, 1.49479703282e-07, 1.08930770182e-07, 2.4613953542e-07, 3.33891989612e-07, 1.96602954361e-07, 6.94317314753e-09], "max": [0.0199471339583, 0.194532975554, 0.0837947279215, 0.0416564904153, 0.0280956290662, 0.0223120395094, 0.0166135802865, 0.024625947699, 0.026250300929, 0.0280295219272, 0.0117036122829, 0.0210603196174, 0.0167079363018, 0.012296628207, 0.0110149271786, 0.011691682972, 0.0499165430665, 0.00776089169085, 0.0181476008147, 0.0118626467884, 0.00517666060477, 0.00424780044705, 0.00800066627562, 0.00858371984214, 0.0062582497485, 0.00490433583036, 0.000881654210389], "mean": [0.00344885652885, 0.0350929908454, 0.00328992307186, 0.00192378612701, 0.00206440570764, 0.00127297278959, 0.000549442193005, 0.000733420893084, 0.000750605890062, 0.000746056844946, 0.000249313743552, 0.00050432945136, 0.00052161491476, 0.000397744850488, 0.00051119341515, 0.000509405217599, 0.00065933825681, 0.000311670795782, 0.0006371360505, 0.000507338438183, 0.000266837392701, 0.000172383151948, 0.000151632484631, 0.000225198964472, 0.000263825757429, 0.000198355715838, 3.44151339959e-05], "median": [0.000126574683236, 0.00380584318191, 0.000514066428877, 0.000368077773601, 0.000733608729206, 0.000643069855869, 0.000253223668551, 0.000222699774895, 0.000211461869185, 0.000203922245419, 6.67166314088e-05, 8.89104703674e-05, 0.000105135397462, 6.78969081491e-05, 0.000165777339134, 0.00015980155149, 0.000189684069483, 9.53174603637e-05, 0.000175952474819, 0.000130413129227, 8.30323406262e-05, 5.22414338775e-05, 5.00087844557e-05, 6.58836070215e-05, 6.05871318839e-05, 3.64567313227e-05, 5.22942218595e-06], "min": [5.74115493551e-24, 4.26167084134e-23, 2.77721558241e-24, 2.16688289305e-23, 3.78891565163e-23, 3.70788322835e-23, 2.24051800984e-23, 4.85930397453e-23, 8.06161950159e-23, 2.8133559826e-23, 3.01183338635e-23, 4.67084447318e-23, 1.07556703697e-22, 1.72254442952e-22, 1.46356619061e-22, 8.30993776842e-23, 2.01102026027e-22, 1.4864064275e-22, 2.8009396275e-22, 3.35168697055e-22, 3.81341218087e-22, 5.3850018284e-22, 5.79219087553e-22, 7.98420788676e-22, 1.07143375924e-21, 1.70100060033e-21, 2.86645486646e-21], "var": [2.98665800074e-05, 0.00270582386293, 9.57623487921e-05, 2.76316422969e-05, 1.1325194464e-05, 2.75098545899e-06, 8.17012050902e-07, 2.08995606954e-06, 2.52572795034e-06, 3.24208713209e-06, 3.07891838247e-07, 1.54767144522e-06, 1.29862371523e-06, 8.58897749367e-07, 7.66242180816e-07, 7.5457796811e-07, 2.50328912443e-06, 4.05209277687e-07, 1.46135130308e-06, 8.81951791598e-07, 2.55807321992e-07, 9.52372474217e-08, 9.4735867151e-08, 1.64499468269e-07, 1.90164143987e-07, 1.20279949556e-07, 4.38640812561e-09]}, "erbbands": {"dmean": [0.622445940971, 3.13063073158, 4.6629524231, 7.5077214241, 7.0225815773, 5.37790679932, 5.29794359207, 7.53176784515, 6.82591915131, 7.22499275208, 9.04821777344, 12.0115633011, 11.3940153122, 10.4723930359, 8.33531570435, 15.8965473175, 17.886138916, 16.7782363892, 19.2576713562, 17.7355365753, 26.09126091, 28.2501811981, 13.6890573502, 14.9461774826, 26.5708026886, 16.4134941101, 10.2421064377, 6.24736309052, 4.1750535965, 4.95146131516, 3.0626950264, 3.44456982613, 3.39950656891, 2.4243414402, 1.88064479828, 0.891226172447, 0.342159956694, 0.0631265416741, 0.00550459977239, 0.000157212940394], "dmean2": [0.721898317337, 4.42192983627, 7.55560350418, 13.3686294556, 12.471944809, 9.18942928314, 8.62218952179, 12.9381885529, 11.507191658, 11.5083122253, 14.3818750381, 18.4265708923, 16.7534332275, 15.8387355804, 13.2632827759, 24.6338348389, 30.1399078369, 27.9693889618, 31.1644611359, 29.1957855225, 44.4586486816, 49.442615509, 23.3066768646, 24.5321044922, 43.5232696533, 26.8708648682, 16.4893283844, 9.11340427399, 6.6523900032, 7.66641139984, 4.6646232605, 5.32706832886, 5.31086540222, 3.79071998596, 2.91309714317, 1.34896707535, 0.528862059116, 0.098252736032, 0.00853629875928, 0.000237712039961], "dvar": [1.11821901798, 40.3218078613, 142.280609131, 410.469940186, 307.064117432, 118.94581604, 101.213912964, 167.130691528, 207.394363403, 373.551361084, 457.098602295, 730.402587891, 616.257507324, 1003.45770264, 304.404876709, 1419.85827637, 1604.0916748, 1139.70629883, 1229.51269531, 1311.30358887, 3391.60253906, 6232.34960938, 1029.01306152, 907.637329102, 3628.52832031, 1043.78271484, 352.47265625, 163.604690552, 54.6311721802, 82.7391662598, 36.4959335327, 49.5027923584, 36.2194442749, 16.2547416687, 9.27570533752, 2.07218050957, 0.313200086355, 0.0129672177136, 8.58954663272e-05, 6.06464425346e-08], "dvar2": [1.20753645897, 82.3463516235, 359.831604004, 1150.92724609, 843.919311523, 324.557220459, 235.029006958, 443.945922852, 547.713623047, 953.243774414, 1087.62023926, 1448.70007324, 1072.86022949, 1955.42382812, 684.841308594, 2848.50805664, 4087.22192383, 2767.89892578, 2983.35644531, 3272.07910156, 9134.40332031, 17263.3867188, 2726.15380859, 2331.48144531, 9294.05957031, 2625.96313477, 831.907897949, 262.552703857, 128.447753906, 185.241912842, 73.2448730469, 109.757461548, 79.7735595703, 38.2781677246, 20.718793869, 4.4043264389, 0.685936927795, 0.0295450557023, 0.000198527603061, 1.35977160198e-07], "max": [8.56617832184, 47.1526107788, 82.0467300415, 131.670379639, 131.023010254, 95.5127944946, 293.942626953, 118.560722351, 289.372192383, 611.488891602, 455.204315186, 616.574035645, 848.86328125, 883.584777832, 405.174835205, 1067.17541504, 690.645690918, 681.622375488, 540.978881836, 700.282592773, 1123.05786133, 1932.72814941, 430.69934082, 499.023101807, 1264.02905273, 598.12713623, 307.203826904, 275.430053711, 121.572601318, 194.08782959, 232.054962158, 261.389038086, 139.74357605, 64.824432373, 79.7611846924, 34.7724571228, 10.1742448807, 1.92453145981, 0.141846850514, 0.00493089528754], "mean": [1.68163025379, 5.11670446396, 4.30478525162, 5.9549241066, 6.24811983109, 6.59816789627, 8.43958377838, 11.1377010345, 9.85393333435, 10.7617120743, 13.9584207535, 20.4000778198, 20.1824169159, 18.2024993896, 13.4224634171, 24.5298461914, 24.8966503143, 23.1237449646, 26.6159248352, 25.3379383087, 32.5284919739, 29.9855632782, 18.5815296173, 21.3478679657, 38.7055702209, 24.2186794281, 13.4088392258, 8.61729240417, 5.53002309799, 6.3995847702, 4.07789516449, 4.30748033524, 3.9024245739, 2.75806260109, 1.95555877686, 0.966977059841, 0.357416957617, 0.0642401650548, 0.00593455694616, 0.000252055964665], "median": [0.129323244095, 0.594888091087, 1.08648633957, 1.20125889778, 1.69542551041, 2.23067045212, 3.4382545948, 5.59968185425, 4.52218532562, 3.69763422012, 5.10735607147, 6.95143032074, 6.8190369606, 5.25061416626, 4.79623985291, 5.49608278275, 6.18571329117, 5.65055084229, 9.00934886932, 8.80495929718, 11.7311725616, 8.96426200867, 6.44204616547, 6.73924541473, 10.2140750885, 6.31086301804, 4.46915054321, 2.66552019119, 1.86791706085, 1.9100458622, 1.37409377098, 1.29268479347, 1.04192233086, 0.706783533096, 0.39602124691, 0.185459718108, 0.0605263262987, 0.0101715512574, 0.000940978294238, 0.000138064438943], "min": [1.85790622083e-21, 7.16574770869e-21, 3.87829082802e-21, 4.24053720973e-20, 8.53383432537e-20, 1.80073225621e-19, 8.11500370066e-20, 4.56361179113e-19, 3.59172471921e-19, 4.98000520571e-19, 1.1904053389e-18, 1.93416850899e-18, 1.22314525094e-18, 1.0263853496e-18, 1.53606157621e-18, 1.87826619562e-18, 5.34395816119e-18, 9.81718961365e-18, 7.33337468367e-18, 6.0946365612e-18, 6.80818240992e-18, 1.0124275453e-17, 8.06911544259e-18, 9.85910120093e-18, 1.65282233829e-17, 1.49925294885e-17, 1.51724594697e-17, 1.42091116935e-17, 1.76881340882e-17, 2.40556480209e-17, 1.27306901303e-17, 1.38754733565e-17, 1.58295684396e-17, 9.51497586814e-18, 8.72821212749e-18, 6.27614149429e-18, 3.44370219616e-18, 1.28751572243e-18, 4.30209528005e-19, 4.21682265242e-20], "var": [6.57051134109, 77.2403259277, 119.011390686, 264.372680664, 211.231155396, 113.744499207, 196.63571167, 210.275360107, 243.690872192, 515.838989258, 730.023132324, 1671.49768066, 1721.7701416, 2664.32861328, 631.52545166, 3327.32958984, 2676.25317383, 2389.26904297, 2067.53100586, 1965.93933105, 3260.21948242, 4709.00830078, 1335.41687012, 1286.24145508, 5867.97998047, 2042.41967773, 548.4140625, 396.020629883, 90.5177612305, 166.447692871, 66.7812652588, 75.7851333618, 51.104133606, 21.1895503998, 11.2477407455, 2.7534468174, 0.415675163269, 0.0160633698106, 0.000125314443721, 1.32926857077e-07]}, "gfcc": {"mean": [-6.78101539612, 59.1163063049, -103.253555298, 25.4950714111, -46.2344589233, 8.43595123291, -35.0679283142, 13.5261735916, -23.1394100189, 6.51480865479, -13.8650941849, 0.451285898685, -7.02516698837], "cov": [[14296.9365234, -1430.12194824, 671.49609375, 777.029174805, 246.891281128, 643.898681641, -129.353302002, 587.631469727, -505.787628174, 514.060913086, -58.0327682495, 286.344940186, -205.374633789], [-1430.12194824, 2934.50634766, -284.172485352, 29.698923111, 268.911071777, -297.049346924, 244.478805542, -163.421340942, 290.262420654, -196.794219971, 117.624588013, -226.163375854, 163.02482605], [671.49609375, -284.172485352, 2392.14477539, 970.939086914, 533.11315918, 772.479125977, 326.144714355, 360.15057373, 194.524429321, 217.761077881, 81.8822860718, 206.266143799, 36.4291915894], [777.029174805, 29.698923111, 970.939086914, 979.805480957, 391.027526855, 435.123077393, 290.912475586, 178.415496826, 134.243652344, 137.399032593, 92.7010116577, 120.815338135, 57.9429931641], [246.891281128, 268.911071777, 533.11315918, 391.027526855, 664.778869629, 289.613494873, 252.436645508, 206.474121094, 113.573829651, 90.1099624634, 128.906463623, 67.781791687, 63.1662254333], [643.898681641, -297.049346924, 772.479125977, 435.123077393, 289.613494873, 628.353515625, 251.589767456, 200.061050415, 134.743515015, 158.310638428, 82.8678131104, 130.608627319, 28.5545272827], [-129.353302002, 244.478805542, 326.144714355, 290.912475586, 252.436645508, 251.589767456, 408.616973877, 143.016647339, 146.408905029, 87.3798522949, 115.420883179, 21.8488082886, 70.8338012695], [587.631469727, -163.421340942, 360.15057373, 178.415496826, 206.474121094, 200.061050415, 143.016647339, 304.222564697, 80.1510238647, 94.5409240723, 70.1485366821, 79.0792770386, 44.2364654541], [-505.787628174, 290.262420654, 194.524429321, 134.243652344, 113.573829651, 134.743515015, 146.408905029, 80.1510238647, 277.093444824, 47.7669677734, 50.1094779968, 39.0603103638, 72.3688735962], [514.060913086, -196.794219971, 217.761077881, 137.399032593, 90.1099624634, 158.310638428, 87.3798522949, 94.5409240723, 47.7669677734, 184.661682129, 78.4453811646, 51.0130653381, 18.7931442261], [-58.0327682495, 117.624588013, 81.8822860718, 92.7010116577, 128.906463623, 82.8678131104, 115.420883179, 70.1485366821, 50.1094779968, 78.4453811646, 168.395858765, 41.1351127625, 39.5551567078], [286.344940186, -226.163375854, 206.266143799, 120.815338135, 67.781791687, 130.608627319, 21.8488082886, 79.0792770386, 39.0603103638, 51.0130653381, 41.1351127625, 160.996109009, 54.178730011], [-205.374633789, 163.02482605, 36.4291915894, 57.9429931641, 63.1662254333, 28.5545272827, 70.8338012695, 44.2364654541, 72.3688735962, 18.7931442261, 39.5551567078, 54.178730011, 128.514129639]], "icov": [[0.000120292701467, -8.30548087833e-05, 7.92542778072e-05, -0.000114275331725, 3.597585237e-05, -0.000112740657642, 0.000105756276753, -0.000310100760544, 0.000369082612451, -0.000422839104431, 0.000297551421681, -0.00024760258384, 0.000249266566243], [-8.30548087833e-05, 0.000809658318758, -0.000111597786599, -3.80060714633e-06, -0.000383234524634, 0.000462142634206, -0.000222941642278, 0.000715014524758, -0.00102549605072, 0.00114930898417, -0.000936915515922, 0.00137198111042, -0.00104463461321], [7.92542778072e-05, -0.000111597786599, 0.00098310096655, -0.000652289832942, -8.47514384077e-05, -0.000714870751835, 0.00026319315657, -0.000616277044173, 0.000202607014216, -0.000407373678172, 0.000596708443481, -0.000423054763814, 0.000491372542456], [-0.000114275331725, -3.80060714633e-06, -0.000652289832942, 0.00222575152293, -0.000477734924061, -0.000166258992977, -0.000803509261459, 0.000686592131387, -0.000205953139812, 3.47339737345e-05, -3.55771990144e-05, -0.000404861115385, -0.000225598923862], [3.597585237e-05, -0.000383234524634, -8.47514384077e-05, -0.000477734924061, 0.00278267986141, -0.000530113175046, -0.000322983745718, -0.0012299164664, 0.00051460263785, 4.12968402088e-05, -0.000701606099028, -0.000239889457589, 0.000155756337335], [-0.000112740657642, 0.000462142634206, -0.000714870751835, -0.000166258992977, -0.000530113175046, 0.00427185883746, -0.00159460084978, 0.000362424238119, -0.00118972663768, -0.000528018339537, 1.17569425129e-05, -0.00112855841871, 0.000796065258328], [0.000105756276753, -0.000222941642278, 0.00026319315657, -0.000803509261459, -0.000322983745718, -0.00159460084978, 0.00541351269931, -0.0011886410648, -0.000586298468988, -0.000311747542582, -0.0015589868417, 0.0021437604446, -0.00137028470635], [-0.000310100760544, 0.000715014524758, -0.000616277044173, 0.000686592131387, -0.0012299164664, 0.000362424238119, -0.0011886410648, 0.00652247015387, -0.00164350506384, 0.000422843033448, -0.00121918180957, 5.490859985e-05, -0.00138768623583], [0.000369082612451, -0.00102549605072, 0.000202607014216, -0.000205953139812, 0.00051460263785, -0.00118972663768, -0.000586298468988, -0.00164350506384, 0.00694186380133, -0.00228790892288, 0.00169393897522, -0.00178477773443, -0.000517075124662], [-0.000422839104431, 0.00114930898417, -0.000407373678172, 3.47339737345e-05, 4.12968402088e-05, -0.000528018339537, -0.000311747542582, 0.000422843033448, -0.00228790892288, 0.010986966081, -0.0050724898465, 0.00198394409381, -0.00150398549158], [0.000297551421681, -0.000936915515922, 0.000596708443481, -3.55771990144e-05, -0.000701606099028, 1.17569425129e-05, -0.0015589868417, -0.00121918180957, 0.00169393897522, -0.0050724898465, 0.0109991105273, -0.00343107315712, 0.00098103156779], [-0.00024760258384, 0.00137198111042, -0.000423054763814, -0.000404861115385, -0.000239889457589, -0.00112855841871, 0.0021437604446, 5.490859985e-05, -0.00178477773443, 0.00198394409381, -0.00343107315712, 0.0129415914416, -0.00635038083419], [0.000249266566243, -0.00104463461321, 0.000491372542456, -0.000225598923862, 0.000155756337335, 0.000796065258328, -0.00137028470635, -0.00138768623583, -0.000517075124662, -0.00150398549158, 0.00098103156779, -0.00635038083419, 0.0133330123499]]}, "melbands": {"dmean": [0.00432682596147, 0.00266438769177, 0.00128140393645, 0.00043598661432, 0.000188906939002, 0.000166187004652, 9.82931087492e-05, 8.68738061399e-05, 7.09635787643e-05, 7.67097299104e-05, 5.78050858167e-05, 4.47150632681e-05, 2.46952768066e-05, 3.62455175491e-05, 4.29679457739e-05, 3.87243890145e-05, 3.27710804413e-05, 3.10903669742e-05, 2.26302581723e-05, 2.92268505291e-05, 3.48108369508e-05, 3.53737777914e-05, 1.8454500605e-05, 1.04291921161e-05, 1.24992920973e-05, 2.03548861464e-05, 1.71425435838e-05, 1.00344614111e-05, 7.02890611137e-06, 5.09314622832e-06, 3.47869922734e-06, 2.43287831836e-06, 2.7821738513e-06, 2.7655237318e-06, 1.73166108652e-06, 1.93947198568e-06, 2.23120923692e-06, 2.39443397732e-06, 2.37580707108e-06, 1.9717572286e-06], "dmean2": [0.00549783557653, 0.00387830520049, 0.00227488204837, 0.000763367628679, 0.000312905583996, 0.000284856505459, 0.000165940800798, 0.000137687617098, 0.000112000401714, 0.000118233023386, 8.46856564749e-05, 6.73930408084e-05, 3.95317183575e-05, 5.62472632737e-05, 7.11087777745e-05, 6.4560881583e-05, 5.46737974219e-05, 5.02882685396e-05, 3.71586465917e-05, 4.80538474221e-05, 6.00964558544e-05, 6.20175051154e-05, 3.16456171277e-05, 1.69181294041e-05, 2.05859669222e-05, 3.28375390382e-05, 2.85112037091e-05, 1.64995963132e-05, 1.15529928735e-05, 7.79236415838e-06, 5.27280781171e-06, 3.92333322452e-06, 4.4937128223e-06, 4.19266780227e-06, 2.66392703452e-06, 3.06684023599e-06, 3.45299031324e-06, 3.81686595574e-06, 3.68655082639e-06, 3.14964222525e-06], "dvar": [6.27023473498e-05, 3.17145932058e-05, 1.16418104881e-05, 9.73537908067e-07, 1.16882318935e-07, 8.04792747999e-08, 4.06724609547e-08, 5.51842056495e-08, 2.79686034332e-08, 3.03138634195e-08, 1.65550009257e-08, 1.9067279311e-08, 3.37366801162e-09, 6.81440193162e-09, 1.04643058663e-08, 8.33082225427e-09, 4.86459139637e-09, 3.32375593715e-09, 1.97868277318e-09, 2.9860118822e-09, 7.84751996719e-09, 1.21631780203e-08, 2.43364461916e-09, 6.08115835465e-10, 6.92765567134e-10, 1.98285277087e-09, 1.49971157715e-09, 3.81910753022e-10, 1.70772826436e-10, 1.23917209827e-10, 6.26915672153e-11, 2.27498055116e-11, 2.92242306743e-11, 2.79928545621e-11, 1.15396685263e-11, 2.05352124194e-11, 2.03119448344e-11, 1.90883038542e-11, 1.72801495335e-11, 1.16978614295e-11], "dvar2": [8.49423377076e-05, 6.45487962174e-05, 3.24843276758e-05, 2.67557243205e-06, 2.76614343875e-07, 2.13158216411e-07, 1.06565359204e-07, 1.39932367915e-07, 6.28743421771e-08, 6.13508177594e-08, 2.8262002516e-08, 3.68595678424e-08, 7.5825594692e-09, 1.33432589422e-08, 2.53088057178e-08, 1.99889473862e-08, 1.15045599713e-08, 8.2323774464e-09, 4.90778351292e-09, 7.31766158779e-09, 2.14918927099e-08, 3.37791377092e-08, 6.02773875258e-09, 1.46796474976e-09, 1.793733162e-09, 5.01857488899e-09, 3.88445364763e-09, 9.48631839748e-10, 4.22903240205e-10, 2.39487041309e-10, 1.12741482816e-10, 5.01076680148e-11, 7.41686850825e-11, 5.56558271692e-11, 2.33662568461e-11, 4.30115006111e-11, 4.57888310601e-11, 4.20990568795e-11, 4.02409147671e-11, 2.86054166465e-11], "max": [0.0579523332417, 0.0383168160915, 0.0217244755477, 0.00728019187227, 0.0080152573064, 0.00231666653417, 0.00392196886241, 0.00680124666542, 0.00326465582475, 0.00382882333361, 0.00449327658862, 0.00398531835526, 0.00178409705404, 0.00249651866034, 0.00272950110957, 0.00224829209037, 0.00156596687157, 0.00101755571086, 0.000824563205242, 0.000915162730962, 0.00209343456663, 0.00304673938081, 0.000828292279039, 0.000555165635888, 0.000481547642266, 0.000967601721641, 0.000476664485177, 0.000334380718414, 0.000193272746401, 0.000211452512303, 0.000191974060726, 9.61071345955e-05, 0.000160048424732, 0.000140259988257, 0.000120372700621, 0.000201738323085, 0.000134818663355, 8.58780622366e-05, 9.83365025604e-05, 5.84833760513e-05], "mean": [0.0118624716997, 0.00369618344121, 0.00103564560413, 0.000454257475212, 0.000302651402308, 0.000246507348493, 0.000140155214467, 0.000128046041937, 0.000108334563265, 0.000128530649818, 9.89482941804e-05, 7.60856710258e-05, 3.59186706191e-05, 5.75230988034e-05, 5.82480497542e-05, 4.94594896736e-05, 4.2933595978e-05, 4.13517591369e-05, 3.01063882944e-05, 4.07860461564e-05, 3.92141446355e-05, 3.58789875463e-05, 2.07686116482e-05, 1.44048290167e-05, 1.6138123101e-05, 2.81476513919e-05, 2.36909618252e-05, 1.42296266858e-05, 8.60709860717e-06, 6.43810290057e-06, 4.49186245532e-06, 3.05739149553e-06, 3.30579496222e-06, 3.50348113898e-06, 2.29117972594e-06, 2.32131583289e-06, 2.73862997346e-06, 2.7134285574e-06, 2.61948343905e-06, 2.22521407522e-06], "median": [0.00112099049147, 0.00081865437096, 0.000261335400864, 0.00014256691793, 0.000121750497783, 0.000126648985315, 6.36149052298e-05, 3.96425020881e-05, 3.77488322556e-05, 3.88402258977e-05, 3.01941363432e-05, 1.81270606845e-05, 9.77531635726e-06, 1.43669803947e-05, 1.27384628286e-05, 1.02827170849e-05, 7.78202047513e-06, 1.26843006001e-05, 9.93478897726e-06, 1.38587765832e-05, 1.25213709907e-05, 9.71431109065e-06, 5.53817881155e-06, 4.59920738649e-06, 4.67514018965e-06, 7.19715626474e-06, 5.86285204918e-06, 3.62984997082e-06, 2.61265699919e-06, 1.60045328812e-06, 1.11412964543e-06, 8.88346903594e-07, 9.64773562373e-07, 1.0309361187e-06, 6.95953133345e-07, 6.64644630888e-07, 7.88377974459e-07, 7.35389676265e-07, 6.05093759987e-07, 5.74118871555e-07], "min": [1.45779065593e-23, 4.24803885158e-24, 8.54900080357e-24, 9.34673560512e-24, 4.39424238745e-24, 9.30655813035e-24, 5.23663421041e-24, 6.83143840932e-24, 1.04708931606e-23, 1.18506282388e-23, 5.93993960058e-24, 4.00213670793e-24, 4.85507205131e-24, 5.16268717801e-24, 6.47736134746e-24, 1.30497654456e-23, 1.9141075621e-23, 1.02905982119e-23, 1.08264659028e-23, 6.24696584262e-24, 9.30856578136e-24, 1.1585410047e-23, 1.06846555333e-23, 4.01261909164e-24, 7.87296988476e-24, 1.14392546317e-23, 1.29098254654e-23, 8.957440637e-24, 8.86047543225e-24, 9.6699981823e-24, 8.18411082528e-24, 8.53032294392e-24, 1.31890719706e-23, 1.38929149695e-23, 6.82681726214e-24, 7.64315813699e-24, 8.4655898069e-24, 1.09722521312e-23, 9.9541230034e-24, 7.57363188111e-24], "var": [0.000308741291519, 4.71840539831e-05, 7.56884810471e-06, 7.32920625524e-07, 2.105729493e-07, 1.00388668045e-07, 4.92212137715e-08, 7.78328370643e-08, 4.85157585217e-08, 7.15579844268e-08, 4.6628972683e-08, 5.30702202184e-08, 6.06936279013e-09, 1.69551785945e-08, 1.68148019952e-08, 1.3429795942e-08, 1.11772093803e-08, 5.36806199491e-09, 2.83808865298e-09, 4.73870898077e-09, 6.47558495714e-09, 8.85419648711e-09, 2.76340617056e-09, 9.26513477051e-10, 9.12363684602e-10, 3.18002824073e-09, 2.26448948482e-09, 7.48012762841e-10, 2.35107794344e-10, 2.30557503644e-10, 1.39147193767e-10, 4.04927584519e-11, 4.08694085519e-11, 5.38762263969e-11, 2.12842712205e-11, 3.02267516572e-11, 3.08600055232e-11, 2.61125565615e-11, 2.26847759327e-11, 1.40475296326e-11]}, "mfcc": {"mean": [-656.919006348, 101.059829712, 1.00039660931, 22.0045490265, 10.4260034561, -1.07111978531, 3.18538784981, -0.0828267335892, 1.69309008121, 6.10929918289, -3.32113146782, -0.904614448547, 3.17754197121], "cov": [[8856.98535156, -1004.50665283, -58.1465492249, 432.524017334, 308.736114502, 177.289321899, 482.226257324, 77.1158218384, -19.836391449, 133.988754272, 29.8996067047, 75.4756622314, 191.508651733], [-1004.50665283, 2144.05859375, -241.960678101, 154.993011475, 77.7134552002, -91.5404815674, -22.7678279877, -15.980597496, 52.3214569092, 86.5944747925, -33.3676261902, -7.79477405548, 6.1061372757], [-58.1465492249, -241.960678101, 1819.07653809, 445.45425415, 481.143493652, 558.706054688, 319.472808838, 352.612335205, 290.496734619, 165.401016235, 198.991333008, 156.258758545, 101.400672913], [432.524017334, 154.993011475, 445.45425415, 699.825195312, 293.625976562, 264.650543213, 259.560394287, 186.361450195, 138.066894531, 119.389755249, 61.9456253052, 94.3780517578, 101.884086609], [308.736114502, 77.7134552002, 481.143493652, 293.625976562, 547.934082031, 264.546936035, 250.366775513, 223.592605591, 151.665481567, 118.192420959, 79.7449417114, 122.832565308, 106.570022583], [177.289321899, -91.5404815674, 558.706054688, 264.650543213, 264.546936035, 521.127502441, 239.235916138, 209.211517334, 168.696136475, 110.610374451, 158.036758423, 88.3717956543, 69.4131469727], [482.226257324, -22.7678279877, 319.472808838, 259.560394287, 250.366775513, 239.235916138, 449.364807129, 194.122116089, 93.5634078979, 179.441894531, 90.2851333618, 89.4518585205, 121.847312927], [77.1158218384, -15.980597496, 352.612335205, 186.361450195, 223.592605591, 209.211517334, 194.122116089, 298.449859619, 171.145202637, 99.271987915, 74.8983306885, 93.2855606079, 86.4951477051], [-19.836391449, 52.3214569092, 290.496734619, 138.066894531, 151.665481567, 168.696136475, 93.5634078979, 171.145202637, 247.148925781, 97.5587387085, 67.5002746582, 65.9273376465, 61.600025177], [133.988754272, 86.5944747925, 165.401016235, 119.389755249, 118.192420959, 110.610374451, 179.441894531, 99.271987915, 97.5587387085, 235.562164307, 80.7868270874, 52.8890838623, 74.032371521], [29.8996067047, -33.3676261902, 198.991333008, 61.9456253052, 79.7449417114, 158.036758423, 90.2851333618, 74.8983306885, 67.5002746582, 80.7868270874, 149.603790283, 73.6263427734, 24.5107040405], [75.4756622314, -7.79477405548, 156.258758545, 94.3780517578, 122.832565308, 88.3717956543, 89.4518585205, 93.2855606079, 65.9273376465, 52.8890838623, 73.6263427734, 146.523345947, 79.0532836914], [191.508651733, 6.1061372757, 101.400672913, 101.884086609, 106.570022583, 69.4131469727, 121.847312927, 86.4951477051, 61.600025177, 74.032371521, 24.5107040405, 79.0532836914, 164.204772949]], "icov": [[0.000135972179123, 7.86104938015e-05, 5.56337654416e-05, -8.31711222418e-05, -7.1890091931e-05, 9.44841394812e-06, -0.00012517729192, 9.01223975234e-05, 7.13652025297e-06, -1.76811875008e-06, -4.81663676055e-07, 4.18062772951e-05, -7.8111748735e-05], [7.86104938015e-05, 0.000569028663449, 0.000149579092977, -0.000233289902098, -0.000206287193578, 0.000127094550407, 7.05122511135e-05, 0.000148854232975, -0.000182607400347, -0.000289641815471, 6.51189329801e-05, 6.8514040322e-05, 4.53468819614e-05], [5.56337654416e-05, 0.000149579092977, 0.000993664842099, -0.000238836160861, -0.00038627567119, -0.000516496773344, 2.4956469133e-05, -0.000202052586246, -0.000317355617881, -3.99708056875e-07, -0.000244335155003, -1.01021078081e-05, 0.000181642259122], [-8.31711222418e-05, -0.000233289902098, -0.000238836160861, 0.00231027975678, -0.00032802450005, -0.000574198435061, -0.00056762911845, -4.52258755104e-05, -0.000184517848538, -6.43282182864e-05, 0.000839519838337, -0.000481502298499, -7.4930365372e-05], [-7.1890091931e-05, -0.000206287193578, -0.00038627567119, -0.00032802450005, 0.00357435597107, -0.000608629838098, -0.00060627667699, -0.000896336394362, -0.000101483630715, -8.90832452569e-05, 0.000984217622317, -0.00147453520913, 3.4318985854e-05], [9.44841394812e-06, 0.000127094550407, -0.000516496773344, -0.000574198435061, -0.000608629838098, 0.00475255958736, -0.000974089081865, -0.000538860913366, -0.000978863681667, 0.00106614292599, -0.00376211875118, 0.00159441994037, -0.000267368159257], [-0.00012517729192, 7.05122511135e-05, 2.4956469133e-05, -0.00056762911845, -0.00060627667699, -0.000974089081865, 0.00527343759313, -0.00183351675514, 0.00185357488226, -0.00256632640958, -4.07628685934e-05, 0.000280973734334, -0.00132941582706], [9.01223975234e-05, 0.000148854232975, -0.000202052586246, -4.52258755104e-05, -0.000896336394362, -0.000538860913366, -0.00183351675514, 0.00822577159852, -0.00371189485304, 0.000480498187244, 0.000501047063153, -0.00140506238677, -0.000343178486219], [7.13652025297e-06, -0.000182607400347, -0.000317355617881, -0.000184517848538, -0.000101483630715, -0.000978863681667, 0.00185357488226, -0.00371189485304, 0.00822606682777, -0.0020736688748, -0.000106864077679, -0.000181629045983, -0.000679230492096], [-1.76811875008e-06, -0.000289641815471, -3.99708056875e-07, -6.43282182864e-05, -8.90832452569e-05, 0.00106614292599, -0.00256632640958, 0.000480498187244, -0.0020736688748, 0.00798684731126, -0.00365670723841, 0.00152443884872, -0.00169970956631], [-4.81663676055e-07, 6.51189329801e-05, -0.000244335155003, 0.000839519838337, 0.000984217622317, -0.00376211875118, -4.07628685934e-05, 0.000501047063153, -0.000106864077679, -0.00365670723841, 0.014798682183, -0.00689058937132, 0.00314310542308], [4.18062772951e-05, 6.8514040322e-05, -1.01021078081e-05, -0.000481502298499, -0.00147453520913, 0.00159441994037, 0.000280973734334, -0.00140506238677, -0.000181629045983, 0.00152443884872, -0.00689058937132, 0.0139438901097, -0.00523533299565], [-7.8111748735e-05, 4.53468819614e-05, 0.000181642259122, -7.4930365372e-05, 3.4318985854e-05, -0.000267368159257, -0.00132941582706, -0.000343178486219, -0.000679230492096, -0.00169970956631, 0.00314310542308, -0.00523533299565, 0.0104441111907]]}, "spectral_contrast_coeffs": {"dmean": [0.0592044442892, 0.0501386374235, 0.045785907656, 0.0403171814978, 0.0327889099717, 0.0229379478842], "dmean2": [0.0896245986223, 0.0797262489796, 0.0699052140117, 0.0623613744974, 0.0491688251495, 0.0347763746977], "dvar": [0.00262559670955, 0.00186582957394, 0.00158479216043, 0.00125084724277, 0.00099075876642, 0.000484210584546], "dvar2": [0.00563198933378, 0.00452229939401, 0.00340919569135, 0.0027803555131, 0.00198334641755, 0.0010777291609], "max": [-0.263834476471, -0.39128690958, -0.417613744736, -0.480569928885, -0.476502627134, -0.568731307983], "mean": [-0.645464777946, -0.718869149685, -0.734854340553, -0.750493466854, -0.75702881813, -0.791619896889], "median": [-0.664839863777, -0.722388327122, -0.74114215374, -0.754800796509, -0.764493048191, -0.800316512585], "min": [-0.949199318886, -0.969415605068, -0.97728151083, -0.960917294025, -0.966050565243, -0.959940969944], "var": [0.0147788869217, 0.00615977216512, 0.00776105187833, 0.00582390837371, 0.00476278411224, 0.00231947493739]}, "spectral_contrast_valleys": {"dmean": [0.530761420727, 0.49032574892, 0.441371053457, 0.447780132294, 0.479983538389, 0.507695674896], "dmean2": [0.759086191654, 0.761077105999, 0.710739016533, 0.696009933949, 0.702032327652, 0.688319861889], "dvar": [0.278035789728, 0.265325337648, 0.206206291914, 0.251507759094, 0.250034451485, 0.308482050896], "dvar2": [0.477164149284, 0.589118361473, 0.484641820192, 0.583442986012, 0.514470458031, 0.567719578743], "max": [-5.28980398178, -4.70573711395, -5.39623069763, -5.29876613617, -5.19691896439, -7.57715654373], "mean": [-7.796