{"lowlevel": {"average_loudness": 0.622103750706, "barkbands_crest": {"dmean": 1.63861894608, "dmean2": 2.68000912666, "dvar": 2.60563254356, "dvar2": 6.90370082855, "max": 26.9488868713, "mean": 11.488360405, "median": 10.1896657944, "min": 4.44529819489, "var": 23.7929840088}, "barkbands_flatness_db": {"dmean": 0.014655620791, "dmean2": 0.0233350154012, "dvar": 0.000262774177827, "dvar2": 0.000588230497669, "max": 0.834440529346, "mean": 0.256917566061, "median": 0.245819061995, "min": 0.0595364235342, "var": 0.00784427579492}, "barkbands_kurtosis": {"dmean": 70.7609329224, "dmean2": 80.9673843384, "dvar": 607827.3125, "dvar2": 1016543.3125, "max": 44638.7617188, "mean": 473.523925781, "median": 3.89925336838, "min": -1.50197076797, "var": 15212859}, "barkbands_skewness": {"dmean": 0.561661303043, "dmean2": 0.746950805187, "dvar": 4.44313383102, "dvar2": 7.40821170807, "max": 163.337188721, "mean": 3.79999279976, "median": 1.40608870983, "min": -2.05186724663, "var": 282.56918335}, "barkbands_spread": {"dmean": 1.24125695229, "dmean2": 1.98137807846, "dvar": 10.6475315094, "dvar2": 29.22605896, "max": 104.593055725, "mean": 7.07295370102, "median": 6.04362535477, "min": 0.0042000869289, "var": 29.8542823792}, "dissonance": {"dmean": 0.02674189955, "dmean2": 0.0455764494836, "dvar": 0.000666561711114, "dvar2": 0.00185555010103, "max": 0.499999880791, "mean": 0.429473221302, "median": 0.435893267393, "min": 0.267067998648, "var": 0.00187235081103}, "dynamic_complexity": 7.56685304642, "erbbands_crest": {"dmean": 1.77712249756, "dmean2": 2.74210953712, "dvar": 3.38171505928, "dvar2": 7.05247354507, "max": 33.8644866943, "mean": 11.5203313828, "median": 10.2833061218, "min": 2.64764261246, "var": 30.209197998}, "erbbands_flatness_db": {"dmean": 0.011360838078, "dmean2": 0.0175635609776, "dvar": 0.000113907699415, "dvar2": 0.000243597853114, "max": 0.420986711979, "mean": 0.242284789681, "median": 0.247744619846, "min": 0.0433208197355, "var": 0.00407147593796}, "erbbands_kurtosis": {"dmean": 1.27340698242, "dmean2": 1.92991328239, "dvar": 8.34550476074, "dvar2": 15.0692558289, "max": 104.225135803, "mean": 2.86940407753, "median": 0.782627224922, "min": -1.69929802418, "var": 89.6461257935}, "erbbands_skewness": {"dmean": 0.258232176304, "dmean2": 0.393430262804, "dvar": 0.0658503174782, "dvar2": 0.140964820981, "max": 7.3896112442, "mean": 0.709767043591, "median": 0.518633842468, "min": -2.11573576927, "var": 1.30375432968}, "erbbands_spread": {"dmean": 2.52942013741, "dmean2": 3.77781891823, "dvar": 10.8034029007, "dvar2": 24.9884643555, "max": 178.115356445, "mean": 18.5610046387, "median": 15.6553955078, "min": 1.59473717213, "var": 270.135162354}, "hfc": {"dmean": 1.52052628994, "dmean2": 2.2904818058, "dvar": 15.3159275055, "dvar2": 30.7622108459, "max": 74.3623886108, "mean": 7.41164684296, "median": 3.53111934662, "min": 1.10412008607e-16, "var": 108.409568787}, "melbands_crest": {"dmean": 1.99015855789, "dmean2": 3.14167118073, "dvar": 4.22090339661, "dvar2": 9.67764854431, "max": 39.9992752075, "mean": 14.1088666916, "median": 13.1640090942, "min": 1.63556540012, "var": 43.8403549194}, "melbands_flatness_db": {"dmean": 0.0159590449184, "dmean2": 0.0250121057034, "dvar": 0.000286192051135, "dvar2": 0.000612532778177, "max": 0.834046423435, "mean": 0.364799767733, "median": 0.366668760777, "min": 0.00289910892025, "var": 0.00957173854113}, "melbands_kurtosis": {"dmean": 380.869293213, "dmean2": 465.587005615, "dvar": 29392596, "dvar2": 41445764, "max": 260570.71875, "mean": 1524.29248047, "median": 5.36629486084, "min": -1.66180586815, "var": 228080144}, "melbands_skewness": {"dmean": 0.997433066368, "dmean2": 1.39923870564, "dvar": 80.2711029053, "dvar2": 118.029136658, "max": 449.224456787, "mean": 6.15634822845, "median": 1.66466498375, "min": -0.818098783493, "var": 1172.09204102}, "melbands_spread": {"dmean": 1.86765646935, "dmean2": 3.02439379692, "dvar": 26.8381843567, "dvar2": 63.9449119568, "max": 160.689254761, "mean": 12.4560308456, "median": 7.13695526123, "min": 0.0019960841164, "var": 570.743530273}, "pitch_salience": {"dmean": 0.0526038892567, "dmean2": 0.087918497622, "dvar": 0.00273976032622, "dvar2": 0.0070843892172, "max": 0.970995128155, "mean": 0.556149661541, "median": 0.57589173317, "min": 0.000809390563518, "var": 0.0202718097717}, "silence_rate_20dB": {"dmean": 0, "dmean2": 0, "dvar": 0, "dvar2": 0, "max": 1, "mean": 1, "median": 1, "min": 1, "var": 0}, "silence_rate_30dB": {"dmean": 0.0089801158756, "dmean2": 0.0179717577994, "dvar": 0.00889971014112, "dvar2": 0.0189320426434, "max": 1, "mean": 0.986538469791, "median": 1, "min": 0, "var": 0.013280313462}, "silence_rate_60dB": {"dmean": 0.0166773572564, "dmean2": 0.0333761237562, "dvar": 0.0163994301111, "dvar2": 0.0450990535319, "max": 1, "mean": 0.215384617448, "median": 0, "min": 0, "var": 0.168990507722}, "spectral_centroid": {"dmean": 67.5657958984, "dmean2": 110.788360596, "dvar": 110348.179688, "dvar2": 256178.765625, "max": 11643.6416016, "mean": 891.180236816, "median": 430.717590332, "min": 213.649688721, "var": 4005682}, "spectral_complexity": {"dmean": 1.11353433132, "dmean2": 1.86777925491, "dvar": 1.51823282242, "dvar2": 3.7566010952, "max": 25, "mean": 9.56730747223, "median": 10, "min": 0, "var": 31.5058040619}, "spectral_decrease": {"dmean": 1.00051378293e-09, "dmean2": 1.52897672301e-09, "dvar": 4.381741968e-18, "dvar2": 9.1289546645e-18, "max": 2.54545349532e-20, "mean": -4.72928629591e-09, "median": -2.78009393284e-09, "min": -4.42997460937e-08, "var": 3.49008610085e-17}, "spectral_energy": {"dmean": 0.00390678271651, "dmean2": 0.00596574461088, "dvar": 6.75753035466e-05, "dvar2": 0.0001406356605, "max": 0.172674044967, "mean": 0.0185216311365, "median": 0.0108379460871, "min": 1.02561857579e-20, "var": 0.000537834304851}, "spectral_energyband_high": {"dmean": 1.4603707541e-06, "dmean2": 2.26401448344e-06, "dvar": 5.52122757236e-11, "dvar2": 1.37221789487e-10, "max": 0.000221701702685, "mean": 4.16900320488e-06, "median": 3.06790525428e-06, "min": 7.15779336543e-21, "var": 7.53170581458e-11}, "spectral_energyband_low": {"dmean": 0.00129166443367, "dmean2": 0.00204895320348, "dvar": 5.56133727514e-06, "dvar2": 1.23860772874e-05, "max": 0.0493514761329, "mean": 0.00430586654693, "median": 0.00241468870081, "min": 9.73709790204e-24, "var": 3.46216147591e-05}, "spectral_energyband_middle_high": {"dmean": 0.000540274893865, "dmean2": 0.000756211753469, "dvar": 4.81047163703e-06, "dvar2": 8.51273762237e-06, "max": 0.0593577437103, "mean": 0.00214437162504, "median": 0.000543549540453, "min": 1.21201528538e-21, "var": 2.54447277257e-05}, "spectral_energyband_middle_low": {"dmean": 0.00326381088234, "dmean2": 0.00496534164995, "dvar": 5.70211814193e-05, "dvar2": 0.000125922437292, "max": 0.166654914618, "mean": 0.013706644997, "median": 0.00717381201684, "min": 1.29861285097e-22, "var": 0.000369557121303}, "spectral_entropy": {"dmean": 0.097051911056, "dmean2": 0.1509296, "dvar": 0.0109348287806, "dvar2": 0.0243101846427, "max": 9.81716251373, "mean": 6.26755428314, "median": 6.10918045044, "min": 4.60819721222, "var": 0.759499311447}, "spectral_flux": {"dmean": 0.0112583450973, "dmean2": 0.0183408651501, "dvar": 0.000486780132633, "dvar2": 0.00123824214097, "max": 0.291564941406, "mean": 0.0338641963899, "median": 0.0305797681212, "min": 6.41272035473e-11, "var": 0.000862535147462}, "spectral_kurtosis": {"dmean": 12.0155286789, "dmean2": 21.2128429413, "dvar": 206.66583252, "dvar2": 592.701049805, "max": 207.766281128, "mean": 45.0074577332, "median": 39.8132972717, "min": -1.26340460777, "var": 744.324768066}, "spectral_rms": {"dmean": 0.000371404457837, "dmean2": 0.00057562161237, "dvar": 3.3155461665e-07, "dvar2": 6.92750575126e-07, "max": 0.0129793100059, "mean": 0.00349435140379, "median": 0.00325170834549, "min": 3.16323161241e-12, "var": 5.85937368669e-06}, "spectral_rolloff": {"dmean": 94.5026855469, "dmean2": 163.253677368, "dvar": 379632.25, "dvar2": 691866.0625, "max": 19724.4140625, "mean": 1201.06433105, "median": 495.263671875, "min": 21.533203125, "var": 12207023}, "spectral_skewness": {"dmean": 0.719140708447, "dmean2": 1.26063740253, "dvar": 0.57274979353, "dvar2": 1.67238485813, "max": 10.9513626099, "mean": 4.82570981979, "median": 4.82207584381, "min": -0.0763032436371, "var": 2.73755407333}, "spectral_spread": {"dmean": 301530.96875, "dmean2": 504322.34375, "dvar": 830315233280, "dvar2": 1231419080700.0, "max": 42354804, "mean": 3267879.5, "median": 1522899.625, "min": 370497.125, "var": 54014246912000.0}, "spectral_strongpeak": {"dmean": 0.239592701197, "dmean2": 0.394370406866, "dvar": 0.338662713766, "dvar2": 0.715085208416, "max": 11.7070827484, "mean": 0.759469151497, "median": 0.377371072769, "min": 0, "var": 1.21265184879}, "zerocrossingrate": {"dmean": 0.00321376137435, "dmean2": 0.00452020578086, "dvar": 0.000167650170624, "dvar2": 0.000218888191739, "max": 0.5126953125, "mean": 0.0393269844353, "median": 0.02099609375, "min": 0, "var": 0.00848982855678}, "barkbands": {"dmean": [7.0071087066e-06, 0.000633001560345, 0.000424001569627, 0.000976467854343, 0.000498333480209, 0.00151987071149, 0.000932853145059, 0.000126944927615, 0.000261334644165, 0.000416027905885, 0.000122691053548, 9.67319283518e-05, 6.08290029049e-05, 7.07545477781e-05, 3.02476182696e-05, 8.83640404936e-06, 1.18155803648e-05, 2.52379049925e-06, 3.64421862287e-06, 1.20929303193e-06, 5.08623486439e-07, 3.16222212859e-07, 3.68627780745e-07, 4.18894330778e-07, 1.71115686953e-07, 2.78524396435e-07, 1.03217978165e-07], "dmean2": [1.18236685012e-05, 0.00117485562805, 0.00058116420405, 0.00138010573573, 0.000811297330074, 0.00230218307115, 0.00155525968876, 0.000207979159313, 0.000376673473511, 0.000521977664903, 0.000181898401934, 0.000161483170814, 7.49772661948e-05, 9.71140325419e-05, 4.87608740514e-05, 1.34427737066e-05, 1.83680585906e-05, 3.97043004341e-06, 5.54056123292e-06, 1.82538417448e-06, 7.66501557337e-07, 5.22795005509e-07, 5.83806638588e-07, 6.97660198057e-07, 2.81411388414e-07, 4.2372815301e-07, 1.47350519342e-07], "dvar": [1.01832896282e-10, 7.85675297266e-07, 1.41017847e-06, 5.91572643316e-06, 7.95281835053e-07, 2.24163613893e-05, 1.91595536307e-05, 3.22536465092e-07, 1.02283422621e-06, 3.25428891301e-06, 1.64857272011e-06, 8.96069067835e-08, 9.74858878067e-08, 3.07741885308e-08, 1.1309523984e-08, 5.16579057308e-10, 2.69325406421e-09, 2.33101982161e-10, 2.02588723575e-09, 1.52397719444e-10, 1.11682026474e-11, 5.68901566481e-12, 6.97423401582e-13, 5.75599572346e-13, 6.64008914042e-14, 1.64499842784e-13, 2.59474601229e-14], "dvar2": [2.79442441409e-10, 2.6678019367e-06, 2.5372401069e-06, 1.16904138849e-05, 2.11019232665e-06, 4.12782792409e-05, 5.17964217579e-05, 7.95435994405e-07, 2.52632730735e-06, 4.35627589468e-06, 3.51249673258e-06, 2.86621798296e-07, 1.28624009221e-07, 5.44779581446e-08, 2.54262211286e-08, 1.10733611169e-09, 6.92064627827e-09, 6.5578531494e-10, 3.82773901464e-09, 3.62855107072e-10, 2.67381151942e-11, 1.55956931397e-11, 1.66930748738e-12, 1.61473482155e-12, 1.83651867585e-13, 3.97551810265e-13, 6.01666950311e-14], "max": [0.000195435699425, 0.0073589803651, 0.0317158848047, 0.0452590472996, 0.0242136567831, 0.149995744228, 0.101715326309, 0.0164416991174, 0.018788183108, 0.0552259460092, 0.0460744947195, 0.00472325645387, 0.0123348627239, 0.00670918170363, 0.00235914136283, 0.00090067111887, 0.00141076697037, 0.000424017256591, 0.00149192276876, 0.000418488576543, 9.97604802251e-05, 7.41424300941e-05, 1.58904003911e-05, 2.05053092941e-05, 5.5957884797e-06, 4.38126789959e-06, 1.83048678082e-06], "mean": [1.28307710838e-05, 0.00112517667003, 0.00181722245179, 0.00265701347962, 0.00144880136941, 0.00531232310459, 0.00264523061924, 0.000291001371806, 0.000742417818401, 0.00133442622609, 0.00035530680907, 0.000272029079497, 0.000177550027729, 0.00019777615671, 6.6090382461e-05, 2.59504049609e-05, 2.46782674367e-05, 5.18757315149e-06, 5.29159706275e-06, 1.59128023824e-06, 7.30101135105e-07, 5.2355818525e-07, 5.03737624058e-07, 9.10605649551e-07, 3.92034934293e-07, 5.0353497727e-07, 2.29890162018e-07], "median": [7.11278107701e-06, 0.000791984493844, 0.0004048901028, 0.00112953269854, 0.0007819965831, 0.00139125483111, 0.000579934974667, 0.000117425581266, 0.000230505364016, 0.000239660555962, 4.94260602864e-05, 3.30485818267e-05, 4.49245344498e-05, 8.01917631179e-05, 1.48590424942e-05, 4.14327132603e-06, 4.99744783156e-06, 1.20066999898e-06, 5.67694996789e-07, 4.78757556266e-07, 2.41793657096e-07, 2.43575755121e-07, 6.77678428929e-08, 7.12479163667e-07, 2.63247557086e-07, 3.22228117966e-07, 9.4707452547e-08], "min": [1.25119640595e-24, 5.29500676195e-24, 1.66743462246e-24, 2.18461774838e-24, 8.6606601204e-24, 9.40269976432e-24, 1.18863068398e-23, 1.18580522088e-23, 1.41634721719e-23, 1.98964604249e-23, 2.59012696354e-23, 1.70536644688e-23, 3.18501233642e-23, 3.65569566185e-23, 4.04706375643e-23, 4.33687421361e-23, 7.36479152719e-23, 1.0358692843e-22, 1.5300727185e-22, 1.73233842165e-22, 2.17153490047e-22, 3.69340636857e-22, 3.9708698273e-22, 5.26411350162e-22, 8.91494813947e-22, 1.23102791867e-21, 2.06550129155e-21], "var": [3.02711605782e-10, 1.4715362795e-06, 1.63478562172e-05, 1.96858491108e-05, 4.7833023018e-06, 0.000154806868522, 6.4124862547e-05, 5.95572544171e-07, 2.92782533506e-06, 1.90972641576e-05, 4.43812405138e-06, 3.03702790916e-07, 4.62575684423e-07, 1.7823239773e-07, 2.47267060161e-08, 5.71894620549e-09, 4.74058259314e-09, 3.11077580362e-10, 2.80782175288e-09, 1.44885575759e-10, 1.50704171364e-11, 5.20768280929e-12, 1.10343212432e-12, 9.70859460533e-13, 1.73533794756e-13, 3.55023952944e-13, 8.91988238372e-14]}, "erbbands": {"dmean": [0.0104994820431, 0.167183458805, 0.372903496027, 2.26575303078, 1.79403948784, 2.4099676609, 5.02559947968, 13.9684772491, 13.5586109161, 11.7151155472, 2.12053155899, 5.38511943817, 11.5409803391, 10.5476703644, 4.07257413864, 4.59797286987, 3.14507818222, 3.81285333633, 1.44510424137, 1.24826693535, 0.52721786499, 0.439581930637, 0.222976282239, 0.126587852836, 0.217681840062, 0.0572483837605, 0.028213236481, 0.00955817755312, 0.0145916929469, 0.00358176091686, 0.00979173742235, 0.00863064825535, 0.00948042050004, 0.00217971228994, 0.00155805388931, 0.000467501871753, 0.00091450632317, 2.01910788746e-05, 1.6895146473e-05, 5.40015298611e-06], "dmean2": [0.019479079172, 0.309428840876, 0.540066003799, 3.21135473251, 2.6555583477, 3.95135903358, 7.43859291077, 21.8355293274, 24.1872425079, 17.7860546112, 3.26501083374, 7.42806720734, 14.8420753479, 14.4681177139, 5.90885877609, 7.88826704025, 3.87460851669, 5.22130155563, 2.18822550774, 2.00462579727, 0.839843571186, 0.6531432271, 0.319694161415, 0.191814482212, 0.329506158829, 0.0880277380347, 0.0419539995492, 0.0148281287402, 0.0239452570677, 0.00564978411421, 0.0155822159722, 0.0145667521283, 0.0156402438879, 0.00372014637105, 0.00254706526175, 0.000713770452421, 0.00139649503399, 3.04405930365e-05, 2.44382699748e-05, 8.10258825368e-06], "dvar": [0.000234346589423, 0.0538021959364, 0.728998124599, 24.6261825562, 20.3764877319, 18.1871795654, 342.288330078, 1812.98937988, 2652.56079102, 5869.65429688, 68.6916885376, 392.517333984, 2499.96289062, 3160.84082031, 1285.10327148, 210.7681427, 250.936203003, 86.6869277954, 36.6263656616, 8.89311599731, 2.14520478249, 4.08646917343, 3.05774068832, 0.327985823154, 10.348490715, 0.169632807374, 0.0496132485569, 0.0038456430193, 0.00855347234756, 0.000586492475122, 0.000365513202269, 0.00021184545767, 0.000269457930699, 1.07428941192e-05, 6.18095009486e-06, 4.53193905514e-07, 1.71288161255e-06, 7.82375109143e-10, 7.83582476682e-10, 9.21133724852e-11], "dvar2": [0.000789495941717, 0.181857809424, 1.51752614975, 49.7729072571, 41.7389221191, 49.0119438171, 571.586853027, 3644.21337891, 7355.44482422, 14786.1435547, 165.466186523, 810.560241699, 3816.33862305, 4873.81054688, 2469.02832031, 683.948913574, 329.452056885, 154.835861206, 79.9422988892, 19.4288768768, 5.00106477737, 10.2561740875, 8.18420886993, 0.71304911375, 19.5228061676, 0.378675848246, 0.119323268533, 0.00940474495292, 0.0234264284372, 0.00121898809448, 0.00093615881633, 0.000626767578069, 0.000750082544982, 3.14831231663e-05, 1.69764152815e-05, 1.07353741896e-06, 4.15407157561e-06, 1.81797654708e-09, 1.73068481768e-09, 1.92453358805e-10], "max": [0.194542437792, 1.98776447773, 22.0636024475, 79.3886489868, 83.8755722046, 105.739173889, 621.554199219, 1185.6751709, 1307.04284668, 2217.25317383, 186.650375366, 459.79977417, 1678.16967773, 1941.00085449, 1331.5078125, 234.698287964, 633.82989502, 346.782684326, 145.55078125, 69.3025054932, 59.088394165, 56.1109390259, 53.3497390747, 13.467341423, 106.616775513, 9.93307781219, 7.00662994385, 1.57180178165, 2.92532610893, 0.656748771667, 0.209999680519, 0.303598344326, 0.379621624947, 0.0743825063109, 0.0297869034111, 0.00822743959725, 0.0140153495595, 0.00036319391802, 0.000362090329872, 0.000191782935872], "mean": [0.0146457916126, 0.322335571051, 1.52556324005, 6.37261009216, 5.19484519958, 6.78156232834, 20.3900108337, 46.6904907227, 34.6920051575, 33.8092384338, 5.91689062119, 15.2783975601, 38.3969421387, 31.5376224518, 14.0263662338, 11.9145269394, 9.73276233673, 10.7767801285, 3.67951869965, 3.25042009354, 1.48574185371, 1.07478737831, 0.490849643946, 0.259376257658, 0.285285353661, 0.0802412703633, 0.0406127385795, 0.0156152145937, 0.0243764836341, 0.0066132619977, 0.0144018894061, 0.0179537255317, 0.0158139616251, 0.00516176829115, 0.00332717993297, 0.00111679139081, 0.00164695014246, 5.20274770679e-05, 4.61695053673e-05, 2.48466694757e-05], "median": [0.00932108238339, 0.239914476871, 0.639326453209, 2.66183018684, 2.41093087196, 3.65276360512, 6.3931517601, 12.8396663666, 5.42119550705, 9.30055046082, 2.65810155869, 5.39504146576, 9.64369297028, 4.18684387207, 2.29362750053, 1.81683266163, 2.77334880829, 4.57180976868, 1.39170253277, 0.856842398643, 0.27561840415, 0.192436337471, 0.0790529847145, 0.0749879926443, 0.0246656388044, 0.0215631052852, 0.0127665689215, 0.0057973889634, 0.0112549383193, 0.003879444208, 0.00214121537283, 0.00573750445619, 0.0117012467235, 0.00452865660191, 0.00164092867635, 0.000778147485107, 0.0010592227336, 3.76346251869e-05, 2.73209807347e-05, 1.71833889908e-05], "min": [9.98227997346e-23, 6.24309569102e-22, 2.24992076483e-21, 6.227580299e-21, 2.57770142231e-20, 2.48470192609e-20, 4.78429601762e-20, 9.10964961317e-20, 1.4784867295e-19, 1.51181836002e-19, 3.50580417651e-19, 3.47076196233e-19, 3.32520402392e-19, 7.01458620323e-19, 8.89140989927e-19, 1.17190410033e-18, 1.55122069491e-18, 2.29362480726e-18, 3.21884803589e-18, 2.11283724655e-18, 3.8384269942e-18, 5.34722841974e-18, 5.45061152065e-18, 7.54826958937e-18, 7.58093991484e-18, 8.28328077499e-18, 1.12192764684e-17, 9.67229652166e-18, 1.09555175223e-17, 1.13058665621e-17, 1.31308602583e-17, 1.12752765958e-17, 1.00115985643e-17, 9.28585759181e-18, 6.53077250225e-18, 4.63631631409e-18, 2.24826263605e-18, 9.78128253044e-19, 2.72204951214e-19, 2.75019135981e-20], "var": [0.000303437089315, 0.114475741982, 7.44962739944, 93.0165252686, 69.9075622559, 103.263771057, 2392.16748047, 11021.8925781, 10248.2060547, 12466.7294922, 150.199005127, 1273.15649414, 12586.09375, 16360.3613281, 4132.59912109, 559.407470703, 1209.32592773, 500.918701172, 83.136428833, 51.3718948364, 19.7774143219, 8.61332607269, 3.61768746376, 0.704948484898, 14.0244092941, 0.196066007018, 0.0655919834971, 0.00516146142036, 0.00817350763828, 0.000830839155242, 0.000622057239525, 0.000564889574889, 0.000350630929461, 2.2405260097e-05, 1.66589779838e-05, 1.40000668125e-06, 3.72006502403e-06, 2.73122124916e-09, 2.81002265901e-09, 7.36688599012e-10]}, "gfcc": {"mean": [-210.019485474, 164.737854004, -76.2248535156, -20.8766098022, -35.901386261, 7.65681409836, -38.9642524719, -1.12144041061, -19.1142063141, -2.26679348946, -8.29130935669, -7.70178461075, -5.42039394379], "cov": [[68300.0859375, 11807.7089844, -6184.58447266, -3473.02880859, -2284.75878906, -194.524932861, -2598.75463867, -460.053161621, -1318.6697998, -615.848999023, -693.329284668, -776.354248047, -293.906036377], [11807.7089844, 2786.20678711, -1195.05358887, -759.174377441, -289.444641113, -300.506988525, -561.259521484, -247.291748047, -249.377029419, -162.460037231, -76.0414505005, -36.1109848022, 56.0831375122], [-6184.58447266, -1195.05358887, 1026.45581055, 477.832977295, 122.336303711, 190.887130737, 226.441741943, 82.1893310547, 92.9117126465, 72.3067016602, 9.83332824707, 4.85908269882, -50.2768211365], [-3473.02880859, -759.174377441, 477.832977295, 446.801300049, 65.9077301025, 125.71660614, 172.162582397, 73.4910430908, 49.9341430664, 38.6758728027, 17.9221839905, -18.3624897003, -46.2370643616], [-2284.75878906, -289.444641113, 122.336303711, 65.9077301025, 206.831802368, -39.0095329285, 95.133972168, -4.67277622223, 60.6715278625, 6.66907787323, 48.8442192078, 46.162940979, 22.9046115875], [-194.524932861, -300.506988525, 190.887130737, 125.71660614, -39.0095329285, 266.174102783, 71.3426437378, 95.5754776001, 18.8780441284, 8.99899864197, -24.5937633514, -92.5011138916, -81.4026031494], [-2598.75463867, -561.259521484, 226.441741943, 172.162582397, 95.133972168, 71.3426437378, 222.727508545, 67.1341781616, 61.7242889404, 11.7827987671, 20.0402393341, 0.0995605140924, -11.206492424], [-460.053161621, -247.291748047, 82.1893310547, 73.4910430908, -4.67277622223, 95.5754776001, 67.1341781616, 118.804779053, 34.7808532715, 14.8302135468, 1.44727349281, -35.7870025635, -40.2640266418], [-1318.6697998, -249.377029419, 92.9117126465, 49.9341430664, 60.6715278625, 18.8780441284, 61.7242889404, 34.7808532715, 95.9381332397, 35.0514717102, 31.4618091583, 15.0845527649, 4.16462564468], [-615.848999023, -162.460037231, 72.3067016602, 38.6758728027, 6.66907787323, 8.99899864197, 11.7827987671, 14.8302135468, 35.0514717102, 103.139450073, 20.4614944458, 25.6567363739, 6.71349000931], [-693.329284668, -76.0414505005, 9.83332824707, 17.9221839905, 48.8442192078, -24.5937633514, 20.0402393341, 1.44727349281, 31.4618091583, 20.4614944458, 70.6753768921, 38.1934394836, 25.4075260162], [-776.354248047, -36.1109848022, 4.85908269882, -18.3624897003, 46.162940979, -92.5011138916, 0.0995605140924, -35.7870025635, 15.0845527649, 25.6567363739, 38.1934394836, 131.57510376, 76.0591125488], [-293.906036377, 56.0831375122, -50.2768211365, -46.2370643616, 22.9046115875, -81.4026031494, -11.206492424, -40.2640266418, 4.16462564468, 6.71349000931, 25.4075260162, 76.0591125488, 108.788299561]], "icov": [[0.000200493406737, -0.00056715181563, 0.000522394781001, 8.92328098416e-05, 0.000601050676778, -0.000646830361802, 0.000268278206931, -0.000432021275628, 0.00044047733536, -0.000274626596365, 0.000346376153175, -4.66855926788e-05, 0.000322412524838], [-0.00056715181563, 0.00302787567489, -0.000745378551073, 0.000386198895285, -0.00136294472031, 0.00198165234178, 0.00091957784025, 0.00207229680382, -0.000515035644639, 0.00159753509797, -0.00122015958186, 0.000594092241954, -0.000851305027027], [0.000522394781001, -0.000745378551073, 0.00403422163799, -0.00146060693078, 0.00106023123953, -0.00266428524628, 0.0013449563412, -4.73062427773e-05, 0.000834548089188, -0.000857371778693, 0.00205575861037, -0.00090483011445, 0.00111689034384], [8.92328098416e-05, 0.000386198895285, -0.00146060693078, 0.00571081694216, 0.000741417752579, -0.000307774782414, -0.00131708709523, -0.000229365978157, 0.00167668890208, -0.000302809639834, -0.00159208988771, 0.000670655921567, 0.00104463961907], [0.000601050676778, -0.00136294472031, 0.00106023123953, 0.000741417752579, 0.0107435323298, -0.000246805691859, -0.00205268268473, 0.000991540378891, -0.00199802359566, 0.00110725115519, -0.00255532958545, -0.000865173351485, 0.0020502761472], [-0.000646830361802, 0.00198165234178, -0.00266428524628, -0.000307774782414, -0.000246805691859, 0.00996740814298, -0.00161481683608, -0.00191577919759, -0.00150534778368, 0.000690460787155, -0.00119451014325, 0.00356518034823, 0.000305036839563], [0.000268278206931, 0.00091957784025, 0.0013449563412, -0.00131708709523, -0.00205268268473, -0.00161481683608, 0.0117476256564, -0.00290930946358, -0.000515449733939, 0.00188325776253, 0.00122893473599, 0.000225431518629, -0.000871366239153], [-0.000432021275628, 0.00207229680382, -4.73062427773e-05, -0.000229365978157, 0.000991540378891, -0.00191577919759, -0.00290930946358, 0.0166157055646, -0.00448996759951, 0.000482340779854, -0.00203355052508, 0.000670176290441, 0.00200140033849], [0.00044047733536, -0.000515035644639, 0.000834548089188, 0.00167668890208, -0.00199802359566, -0.00150534778368, -0.000515449733939, -0.00448996759951, 0.0196949243546, -0.00461679045111, -0.00350895733573, 0.000778739689849, -6.07787369518e-05], [-0.000274626596365, 0.00159753509797, -0.000857371778693, -0.000302809639834, 0.00110725115519, 0.000690460787155, 0.00188325776253, 0.000482340779854, -0.00461679045111, 0.0135298352689, -0.00244168261997, -0.00249403622001, 0.000221345311729], [0.000346376153175, -0.00122015958186, 0.00205575861037, -0.00159208988771, -0.00255532958545, -0.00119451014325, 0.00122893473599, -0.00203355052508, -0.00350895733573, -0.00244168261997, 0.0222489573061, -0.00389778031968, -0.00132975657471], [-4.66855926788e-05, 0.000594092241954, -0.00090483011445, 0.000670655921567, -0.000865173351485, 0.00356518034823, 0.000225431518629, 0.000670176290441, 0.000778739689849, -0.00249403622001, -0.00389778031968, 0.0168837457895, -0.00821421202272], [0.000322412524838, -0.000851305027027, 0.00111689034384, 0.00104463961907, 0.0020502761472, 0.000305036839563, -0.000871366239153, 0.00200140033849, -6.07787369518e-05, 0.000221345311729, -0.00132975657471, -0.00821421202272, 0.0179519820958]]}, "melbands": {"dmean": [0.000146856167703, 0.000194764768821, 0.000361344806151, 0.000107890991785, 0.000171143998159, 0.000313835393172, 0.000201881426619, 0.000105597377114, 1.82371950359e-05, 3.5791672417e-05, 5.81636559218e-05, 4.44553916168e-05, 1.72967211256e-05, 1.25148162624e-05, 8.26833547762e-06, 5.15355623065e-06, 7.97255415819e-06, 2.29955048781e-06, 2.12502413888e-06, 1.03356364889e-06, 7.27816996005e-07, 4.77418211631e-07, 4.97219389217e-07, 1.05101143788e-07, 1.06350135809e-07, 1.22412401993e-07, 1.27191569277e-07, 2.12141060274e-08, 1.50216514783e-08, 1.43939526964e-08, 4.38582370421e-09, 1.03528572382e-08, 2.68669309023e-09, 1.99277772062e-09, 3.2188651744e-09, 1.02758024312e-08, 4.41281944319e-09, 9.5410150891e-09, 4.21306900478e-09, 2.34934360854e-09], "dmean2": [0.000272836099612, 0.000321296567563, 0.000514451065101, 0.00016952304577, 0.00025605756673, 0.000488884223159, 0.000353847106453, 0.000162081225426, 2.67442846962e-05, 5.04519084643e-05, 7.51270199544e-05, 6.12453004578e-05, 2.52163590631e-05, 2.05044943868e-05, 1.20729309856e-05, 6.41185033601e-06, 1.11542749437e-05, 3.39608891409e-06, 3.50616073774e-06, 1.62445803653e-06, 1.15842647119e-06, 7.51885693262e-07, 6.97891266555e-07, 1.59063120009e-07, 1.61974512025e-07, 1.86216041698e-07, 1.92004009136e-07, 3.29553415668e-08, 2.22236771208e-08, 2.21715410476e-08, 7.0597927504e-09, 1.71688405715e-08, 4.36880887023e-09, 3.08906433766e-09, 5.11810105408e-09, 1.6545703474e-08, 7.60914353748e-09, 1.59230406638e-08, 7.14631376297e-09, 3.93132992826e-09], "dvar": [4.34352038781e-08, 1.27076475565e-07, 7.40433335977e-07, 3.59053977661e-08, 3.02700982502e-07, 8.83259303919e-07, 6.05283503319e-07, 4.73995697803e-07, 5.92996185489e-09, 1.74169407785e-08, 6.16476469872e-08, 5.93265028215e-08, 3.20661506237e-08, 1.37398370459e-09, 9.38392363814e-10, 4.69275507342e-10, 3.96886329357e-10, 8.26687815425e-11, 3.02194415325e-11, 7.4558449692e-12, 4.05150912819e-12, 2.60919020764e-12, 2.08872086294e-11, 1.06883828231e-13, 2.92704147595e-13, 4.34377837519e-12, 2.01616110959e-12, 2.14327016692e-14, 1.98376031043e-14, 5.0777905711e-15, 1.36418076051e-15, 6.81270293543e-15, 8.06946318932e-17, 2.94433972891e-16, 4.02252042359e-17, 3.82130020308e-16, 8.90360336868e-17, 3.14515165307e-16, 2.39613130351e-17, 8.86517917486e-18], "dvar2": [1.48021726432e-07, 2.87485391937e-07, 1.46807190049e-06, 8.56830837392e-08, 5.04864885897e-07, 1.7577814333e-06, 1.65627784554e-06, 1.19051969705e-06, 1.44131719892e-08, 4.02898265861e-08, 9.43866567127e-08, 8.82117134893e-08, 6.4171217673e-08, 4.38220570942e-09, 1.57553114999e-09, 6.47179088098e-10, 7.30872251609e-10, 1.7958649845e-10, 7.34349178688e-11, 1.52184098656e-11, 1.0088319069e-11, 6.51854785427e-12, 5.53871254416e-11, 2.38820248299e-13, 6.43744552022e-13, 8.126326001e-12, 4.14647049335e-12, 5.00012764483e-14, 4.82938613145e-14, 1.16019678267e-14, 3.6588291194e-15, 1.88494205867e-14, 1.72821455717e-16, 6.14138062033e-16, 1.02287566362e-16, 9.9445225546e-16, 2.61503555364e-16, 8.76876459085e-16, 7.15663695789e-17, 2.63742567846e-17], "max": [0.00198511383496, 0.00884724128991, 0.0150889502838, 0.00337499147281, 0.0185032188892, 0.0274139326066, 0.0200579129159, 0.0198646169156, 0.00216730101965, 0.00254780636169, 0.0082630449906, 0.00861197337508, 0.00637975661084, 0.000558407045901, 0.00111317529809, 0.000829310331028, 0.000794167048298, 0.00021677899349, 0.000103100814158, 7.30573083274e-05, 7.06787322997e-05, 3.78447330149e-05, 0.000138646282721, 1.14911445053e-05, 1.40925922096e-05, 6.96952920407e-05, 3.9243921492e-05, 4.69904762213e-06, 4.43486032964e-06, 1.9103943032e-06, 1.05347623958e-06, 2.64809568762e-06, 1.86021992477e-07, 4.28289638421e-07, 1.00051749996e-07, 2.00663691885e-07, 2.48404404601e-07, 4.24208849381e-07, 7.58771534493e-08, 4.31462545691e-08], "mean": [0.000230999619816, 0.000716652488336, 0.00112261157483, 0.000352693285095, 0.000688246102072, 0.00105362012982, 0.000529794953763, 0.000295271544019, 4.30866275565e-05, 0.000104803053546, 0.000191964019905, 0.000129867315991, 5.3416024457e-05, 3.55448828486e-05, 2.19460980588e-05, 1.67614034581e-05, 2.1169300453e-05, 5.74478735871e-06, 4.9837253755e-06, 2.60380534201e-06, 1.72386239683e-06, 1.0736907825e-06, 9.98897007776e-07, 2.16019799382e-07, 2.0970455239e-07, 1.64720532325e-07, 1.56630491688e-07, 3.05798479872e-08, 2.00094341096e-08, 2.08303507776e-08, 5.95047122687e-09, 1.60788715675e-08, 5.51897727519e-09, 2.95447000198e-09, 4.40560254944e-09, 1.72207510474e-08, 6.91171386791e-09, 1.27866037758e-08, 7.19898363144e-09, 3.61375795954e-09], "median": [0.00015997592709, 0.000345072621712, 0.000503555231262, 0.000215760228457, 0.00024889485212, 0.000294878613204, 9.24282358028e-05, 8.16210813355e-05, 2.04973257496e-05, 3.44643412973e-05, 4.74819607916e-05, 1.55283596541e-05, 7.88661600382e-06, 3.75482977688e-06, 6.1964692577e-06, 4.34307321484e-06, 9.00625036593e-06, 2.16112084672e-06, 1.174176532e-06, 5.04167132931e-07, 3.06915467263e-07, 2.41861471295e-07, 6.48857820806e-08, 5.59302648639e-08, 6.04949477179e-08, 8.48392112118e-09, 2.30843362203e-08, 9.23756271476e-09, 4.60617588516e-09, 8.90770390782e-09, 8.85639450665e-10, 6.56233822838e-09, 3.68114139171e-09, 1.11729714369e-09, 6.67140009902e-10, 2.2495378893e-09, 1.17988785409e-09, 7.36119787348e-09, 5.17493248253e-09, 2.35851471686e-09], "min": [1.55596088516e-24, 9.76754458032e-25, 1.48088528863e-24, 1.0445047908e-24, 2.19516008551e-24, 2.18531391813e-24, 2.6478171504e-24, 1.36629022594e-24, 3.28538833907e-24, 2.09096398449e-24, 1.65746519555e-24, 2.0194675485e-24, 3.22122101253e-24, 1.77807828087e-24, 2.07756971797e-24, 3.36829840907e-24, 3.92729826271e-24, 4.99838835627e-24, 3.70065694692e-24, 2.69264180476e-24, 4.62397722128e-24, 4.93559857809e-24, 4.70914540562e-24, 4.32108027166e-24, 6.0945938089e-24, 5.14594478859e-24, 6.19653002064e-24, 4.3745737185e-24, 5.10456785082e-24, 5.45691454629e-24, 5.00587819614e-24, 6.20801504656e-24, 5.27737295971e-24, 5.03636175367e-24, 6.05892230763e-24, 6.30713975804e-24, 6.54521324607e-24, 6.6795779519e-24, 6.39722767341e-24, 6.93451728609e-24], "var": [6.59879262344e-08, 1.25438953091e-06, 2.8311785627e-06, 1.80571504416e-07, 2.23341862693e-06, 5.5977957345e-06, 2.45586556957e-06, 9.76916794571e-07, 1.16663754213e-08, 5.51451115882e-08, 3.11327653435e-07, 3.09897558282e-07, 9.4719190713e-08, 5.18584775122e-09, 4.15174294943e-09, 2.38060815505e-09, 2.25684471111e-09, 2.12063713811e-10, 9.72585276204e-11, 4.97307958702e-11, 2.82057363576e-11, 6.66591955245e-12, 2.44947621214e-11, 4.53012817146e-13, 6.11548572199e-13, 5.96916743464e-12, 2.44109810491e-12, 2.60673068146e-14, 2.55033759953e-14, 7.50177355538e-15, 1.39568064527e-15, 6.11260733463e-15, 1.23457341698e-16, 3.94545988067e-16, 6.35105634724e-17, 7.60608905097e-16, 1.30939660177e-16, 3.45481445779e-16, 4.80842505444e-17, 1.51672796647e-17]}, "mfcc": {"mean": [-825.801696777, 207.51133728, 15.676820755, -9.69372653961, 16.2317008972, 1.07576429844, -1.11971759796, -5.78592443466, -3.49946546555, -0.0838263705373, -2.98820447922, -2.59917998314, -7.5832362175], "cov": [[14804.7841797, 8067.01660156, -1022.29504395, -1153.44177246, 111.277252197, -506.528991699, -205.989135742, -255.289215088, -166.953475952, -184.116943359, -294.508270264, -104.161361694, -159.542388916], [8067.01660156, 5140.35253906, -431.625274658, -688.871765137, 179.636810303, -255.567184448, -220.895309448, -244.987014771, -116.654548645, -262.987426758, -168.191665649, -61.211555481, 3.06453704834], [-1022.29504395, -431.625274658, 573.086486816, 141.382415771, 58.0234909058, 147.057937622, 82.202796936, 45.8720092773, 20.5467624664, 162.631912231, 46.9787063599, 11.6472234726, -115.419319153], [-1153.44177246, -688.871765137, 141.382415771, 266.479064941, 21.9361839294, 65.4245986938, 45.2639961243, 27.0670948029, 2.24498653412, 15.3753061295, 28.2525405884, -5.91263818741, -12.9151773453], [111.277252197, 179.636810303, 58.0234909058, 21.9361839294, 113.330307007, 15.8730983734, -9.71261787415, -9.49059581757, -17.2955303192, -11.9454364777, -4.30006313324, 9.32217884064, 0.603810012341], [-506.528991699, -255.567184448, 147.057937622, 65.4245986938, 15.8730983734, 113.528640747, 43.9290771484, 19.0455551147, 9.99058151245, 43.4063491821, 18.7663154602, -0.321082532406, -27.9492053986], [-205.989135742, -220.895309448, 82.202796936, 45.2639961243, -9.71261787415, 43.9290771484, 102.8618927, 51.2960548401, 7.7524356842, 86.0692062378, 11.1831159592, 2.80516886711, -47.9699668884], [-255.289215088, -244.987014771, 45.8720092773, 27.0670948029, -9.49059581757, 19.0455551147, 51.2960548401, 100.025115967, 13.5109634399, 82.7709732056, -7.10943555832, 13.557431221, -46.318775177], [-166.953475952, -116.654548645, 20.5467624664, 2.24498653412, -17.2955303192, 9.99058151245, 7.7524356842, 13.5109634399, 61.1686897278, 10.4191875458, 13.930893898, 2.63189721107, 1.00132060051], [-184.116943359, -262.987426758, 162.631912231, 15.3753061295, -11.9454364777, 43.4063491821, 86.0692062378, 82.7709732056, 10.4191875458, 272.255432129, 35.2959747314, 16.7568035126, -130.11706543], [-294.508270264, -168.191665649, 46.9787063599, 28.2525405884, -4.30006313324, 18.7663154602, 11.1831159592, -7.10943555832, 13.930893898, 35.2959747314, 98.2532577515, 11.3381557465, -8.22803974152], [-104.161361694, -61.211555481, 11.6472234726, -5.91263818741, 9.32217884064, -0.321082532406, 2.80516886711, 13.557431221, 2.63189721107, 16.7568035126, 11.3381557465, 61.9065551758, 15.2302331924], [-159.542388916, 3.06453704834, -115.419319153, -12.9151773453, 0.603810012341, -27.9492053986, -47.9699668884, -46.318775177, 1.00132060051, -130.11706543, -8.22803974152, 15.2302331924, 151.886138916]], "icov": [[0.000889368937351, -0.00144747027662, 0.00084486923879, -0.00029384350637, 0.00079786835704, 0.000521982728969, -0.00111586879939, -8.84084729478e-05, -0.000274588994216, -0.000543579400983, 0.000263115565758, -0.000273181562079, 0.000871723284945], [-0.00144747027662, 0.0028056576848, -0.00134944228921, 0.00154585251585, -0.00218600360677, -0.000453657965409, 0.00164566771127, 0.000839124200866, 0.000669240602292, 0.00121696467977, -0.000148668201291, 0.000676875642966, -0.00080798525596], [0.00084486923879, -0.00134944228921, 0.00428380444646, -0.00117632688489, -0.000589419039898, -0.00256920349784, -0.000981148798019, 0.000859159044921, -0.0012436627876, -0.00161663023755, 0.000216617961996, -0.00101145496592, 0.002288086107], [-0.00029384350637, 0.00154585251585, -0.00117632688489, 0.00772615568712, -0.00285530788824, -0.000483832176542, -0.00140001764521, -5.62870991416e-05, 0.00147614860907, 0.00214503309689, -0.000931469083298, 0.00190756632946, 0.000472339685075], [0.00079786835704, -0.00218600360677, -0.000589419039898, -0.00285530788824, 0.0131129063666, -0.00117407122161, 0.000918129400816, -0.000945232226513, 0.00236757029779, -0.000278079183772, 0.000476186396554, -0.00290584703907, -1.16165911095e-05], [0.000521982728969, -0.000453657965409, -0.00256920349784, -0.000483832176542, -0.00117407122161, 0.0157746262848, -0.00500085670501, 0.00072882702807, -0.00104000384454, 0.000494051317219, -0.00040621298831, 0.00107538350858, 0.000414481386542], [-0.00111586879939, 0.00164566771127, -0.000981148798019, -0.00140001764521, 0.000918129400816, -0.00500085670501, 0.0189125295728, -0.00530063267797, 0.000857000588439, -0.00245173065923, -0.000613075681031, 0.000892721815035, -0.000865893438458], [-8.84084729478e-05, 0.000839124200866, 0.000859159044921, -5.62870991416e-05, -0.000945232226513, 0.00072882702807, -0.00530063267797, 0.0190069638193, -0.00333028938621, -0.00278588966466, 0.00476858206093, -0.00400095805526, 0.00309326220304], [-0.000274588994216, 0.000669240602292, -0.0012436627876, 0.00147614860907, 0.00236757029779, -0.00104000384454, 0.000857000588439, -0.00333028938621, 0.0191808175296, 0.00094948936021, -0.00282464525662, 0.000743698561564, -0.0016078382032], [-0.000543579400983, 0.00121696467977, -0.00161663023755, 0.00214503309689, -0.000278079183772, 0.000494051317219, -0.00245173065923, -0.00278588966466, 0.00094948936021, 0.00976129621267, -0.00239288131706, -0.00197269557975, 0.00525066908449], [0.000263115565758, -0.000148668201291, 0.000216617961996, -0.000931469083298, 0.000476186396554, -0.00040621298831, -0.000613075681031, 0.00476858206093, -0.00282464525662, -0.00239288131706, 0.0129970544949, -0.00265701231547, 0.00048793895985], [-0.000273181562079, 0.000676875642966, -0.00101145496592, 0.00190756632946, -0.00290584703907, 0.00107538350858, 0.000892721815035, -0.00400095805526, 0.000743698561564, -0.00197269557975, -0.00265701231547, 0.0203604716808, -0.00551617797464], [0.000871723284945, -0.00080798525596, 0.002288086107, 0.000472339685075, -1.16165911095e-05, 0.000414481386542, -0.000865893438458, 0.00309326220304, -0.0016078382032, 0.00525066908449, 0.00048793895985, -0.00551617797464, 0.0151291778311]]}, "spectral_contrast_coeffs": {"dmean": [0.0373828038573, 0.0318886786699, 0.0233498625457, 0.0213201269507, 0.0160861164331, 0.0170105341822], "dmean2": [0.0632785707712, 0.0521901659667, 0.0373798646033, 0.0341330394149, 0.0266497656703, 0.0292008128017], "dvar": [0.00112261227332, 0.000750831619371, 0.0004301565059, 0.000351029419107, 0.000197777699213, 0.000336282566423], "dvar2": [0.00316522875801, 0.00200201850384, 0.00101756909862, 0.000866561080329, 0.00048994331155, 0.00100248865783], "max": [-0.416816651821, -0.392522901297, -0.46309441328, -0.585710167885, -0.580128490925, -0.66054546833], "mean": [-0.654882788658, -0.69668006897, -0.755156040192, -0.746656119823, -0.76728951931, -0.783276200294], "median": [-0.644585192204, -0.695139825344, -0.752658069134, -0.730500519276, -0.764985442162, -0.764050006866], "min": [-0.977091312408, -0.987392485142, -0.996571063995, -0.998021066189, -0.990811944008, -0.964254677296], "var": [0.0102639636025, 0.0127340015024, 0.00776514410973, 0.00553896836936, 0.00580244744197, 0.00330269313417]}, "spectral_contrast_valleys": {"dmean": [0.377347946167, 0.284131586552, 0.232567831874, 0.216270655394, 0.174618452787, 0.237427711487], "dmean2": [0.638214766979, 0.46502