{"lowlevel": {"average_loudness": 0.676920056343, "barkbands_crest": {"dmean": 2.31613969803, "dmean2": 3.99803614616, "dvar": 5.16712141037, "dvar2": 16.3814945221, "max": 25.0417060852, "mean": 12.0387458801, "median": 11.5788192749, "min": 3.72961544991, "var": 11.3702306747}, "barkbands_flatness_db": {"dmean": 0.0176511090249, "dmean2": 0.0300109591335, "dvar": 0.000302651984384, "dvar2": 0.000900994578842, "max": 0.496810227633, "mean": 0.357020497322, "median": 0.361665278673, "min": 0.0537027716637, "var": 0.00207496900111}, "barkbands_kurtosis": {"dmean": 2.40087771416, "dmean2": 3.97939634323, "dvar": 18.2541828156, "dvar2": 45.9211578369, "max": 170.305374146, "mean": 5.14867973328, "median": 3.93095159531, "min": -1.27082228661, "var": 38.1916770935}, "barkbands_skewness": {"dmean": 0.472201168537, "dmean2": 0.787284255028, "dvar": 0.248084366322, "dvar2": 0.689210772514, "max": 10.6720495224, "mean": 0.918882489204, "median": 0.90430855751, "min": -2.08198475838, "var": 0.997643113136}, "barkbands_spread": {"dmean": 0.754760324955, "dmean2": 1.25123226643, "dvar": 1.41377925873, "dvar2": 3.53685331345, "max": 49.2250175476, "mean": 3.16862106323, "median": 2.59183096886, "min": 0.541428267956, "var": 8.08216953278}, "dissonance": {"dmean": 0.040176615119, "dmean2": 0.06831805408, "dvar": 0.00128470233176, "dvar2": 0.00363149796613, "max": 0.499999880791, "mean": 0.307553172112, "median": 0.300853490829, "min": 0.13221731782, "var": 0.00384320458397}, "dynamic_complexity": 5.71615505219, "erbbands_crest": {"dmean": 2.08168911934, "dmean2": 3.21035051346, "dvar": 4.03815031052, "dvar2": 8.94506072998, "max": 30.1215229034, "mean": 13.2228364944, "median": 12.3420782089, "min": 2.44095277786, "var": 22.1090106964}, "erbbands_flatness_db": {"dmean": 0.0135382097214, "dmean2": 0.0221218001097, "dvar": 0.000167524005519, "dvar2": 0.000461747491499, "max": 0.468916267157, "mean": 0.366686373949, "median": 0.37668389082, "min": 0.0365363880992, "var": 0.00239498005249}, "erbbands_kurtosis": {"dmean": 1.44670212269, "dmean2": 2.28371763229, "dvar": 3.4837846756, "dvar2": 9.00202655792, "max": 45.5179405212, "mean": 3.03198289871, "median": 1.92874646187, "min": -1.20879042149, "var": 15.1518945694}, "erbbands_skewness": {"dmean": 0.322647333145, "dmean2": 0.504636645317, "dvar": 0.0945900976658, "dvar2": 0.250826090574, "max": 5.04735136032, "mean": 0.813141167164, "median": 0.774772644043, "min": -1.38250648975, "var": 0.52645689249}, "erbbands_spread": {"dmean": 1.28936111927, "dmean2": 2.01166534424, "dvar": 2.07391357422, "dvar2": 4.36097669601, "max": 78.9371795654, "mean": 7.53589963913, "median": 6.92121505737, "min": 1.04984891415, "var": 19.7992973328}, "hfc": {"dmean": 2.08722162247, "dmean2": 3.49087619781, "dvar": 15.1781206131, "dvar2": 41.3840026855, "max": 57.6828308105, "mean": 7.51594781876, "median": 5.91319465637, "min": 1.11889161275e-16, "var": 53.2063369751}, "melbands_crest": {"dmean": 2.47032165527, "dmean2": 4.12798213959, "dvar": 5.58124685287, "dvar2": 16.3619842529, "max": 34.2024726868, "mean": 13.4406824112, "median": 12.7376098633, "min": 1.76877856255, "var": 16.0344982147}, "melbands_flatness_db": {"dmean": 0.0165182761848, "dmean2": 0.0274664890021, "dvar": 0.000247791991569, "dvar2": 0.000671441841405, "max": 0.579906105995, "mean": 0.466962069273, "median": 0.47348767519, "min": 0.00383252557367, "var": 0.00334106641822}, "melbands_kurtosis": {"dmean": 1.72777950764, "dmean2": 2.69905948639, "dvar": 7.35605287552, "dvar2": 16.0282344818, "max": 98.4120101929, "mean": 4.07672691345, "median": 2.78983187675, "min": -1.56988334656, "var": 41.1914596558}, "melbands_skewness": {"dmean": 0.335911154747, "dmean2": 0.532534480095, "dvar": 0.103487059474, "dvar2": 0.25391125679, "max": 7.63329362869, "mean": 1.08164191246, "median": 1.05207085609, "min": -1.21276390553, "var": 0.700929105282}, "melbands_spread": {"dmean": 0.963617146015, "dmean2": 1.54158842564, "dvar": 11.1268024445, "dvar2": 16.9366531372, "max": 162.112243652, "mean": 5.28782653809, "median": 4.11072158813, "min": 0.609500348568, "var": 112.119514465}, "pitch_salience": {"dmean": 0.0607027336955, "dmean2": 0.100165970623, "dvar": 0.00350606138818, "dvar2": 0.0100142592564, "max": 0.835454761982, "mean": 0.584266722202, "median": 0.590878844261, "min": 0.145425930619, "var": 0.0112599916756}, "silence_rate_20dB": {"dmean": 0, "dmean2": 0, "dvar": 0, "dvar2": 0, "max": 1, "mean": 1, "median": 1, "min": 1, "var": 0}, "silence_rate_30dB": {"dmean": 0.00176834664308, "dmean2": 0.00353773590177, "dvar": 0.00176529365126, "dvar2": 0.00470437156036, "max": 1, "mean": 0.998821437359, "median": 1, "min": 0, "var": 0.0011771946447}, "silence_rate_60dB": {"dmean": 0.00589448865503, "dmean2": 0.0117924530059, "dvar": 0.0058593666181, "dvar2": 0.0134222023189, "max": 1, "mean": 0.175898641348, "median": 0, "min": 0, "var": 0.144961476326}, "spectral_centroid": {"dmean": 25.0892868042, "dmean2": 37.5785102844, "dvar": 16480.8417969, "dvar2": 16971.015625, "max": 10555.0742188, "mean": 397.456329346, "median": 369.439819336, "min": 185.84916687, "var": 115008.304688}, "spectral_complexity": {"dmean": 0.814618349075, "dmean2": 1.38797163963, "dvar": 0.732215166092, "dvar2": 1.74331641197, "max": 19, "mean": 7.67913961411, "median": 8, "min": 0, "var": 11.3069143295}, "spectral_decrease": {"dmean": 1.49861612009e-09, "dmean2": 2.53047649501e-09, "dvar": 6.81155730682e-18, "dvar2": 1.88142991331e-17, "max": 1.34493260349e-18, "mean": -5.38483124757e-09, "median": -4.36884306509e-09, "min": -3.71760684459e-08, "var": 2.41111716923e-17}, "spectral_energy": {"dmean": 0.00584106938913, "dmean2": 0.00986118335277, "dvar": 0.000103990940261, "dvar2": 0.00028715172084, "max": 0.145494654775, "mean": 0.0210052542388, "median": 0.0170566122979, "min": 1.03528729933e-20, "var": 0.000367871660274}, "spectral_energyband_high": {"dmean": 6.23334983629e-08, "dmean2": 1.02138741909e-07, "dvar": 7.84725118951e-15, "dvar2": 2.01101833889e-14, "max": 2.35225525103e-06, "mean": 2.64319680809e-07, "median": 2.09685310892e-07, "min": 7.49343320809e-21, "var": 4.65137165438e-14}, "spectral_energyband_low": {"dmean": 0.000460616254713, "dmean2": 0.0006438245764, "dvar": 1.25212432067e-06, "dvar2": 1.89434376807e-06, "max": 0.0292225535959, "mean": 0.00125076284166, "median": 0.00048574039829, "min": 5.29381203211e-23, "var": 6.51974096399e-06}, "spectral_energyband_middle_high": {"dmean": 0.000156488225912, "dmean2": 0.000200341033633, "dvar": 1.5133700515e-07, "dvar2": 2.14312450453e-07, "max": 0.0150568904355, "mean": 0.000750833016355, "median": 0.000332898111083, "min": 1.71600920286e-21, "var": 1.74102535766e-06}, "spectral_energyband_middle_low": {"dmean": 0.00570644857362, "dmean2": 0.00971148256212, "dvar": 0.00010169352754, "dvar2": 0.000283633358777, "max": 0.138199403882, "mean": 0.0194857362658, "median": 0.0156948044896, "min": 3.43330466551e-22, "var": 0.000329020636855}, "spectral_entropy": {"dmean": 0.119822226465, "dmean2": 0.200205653906, "dvar": 0.0139116793871, "dvar2": 0.0389111936092, "max": 9.80481052399, "mean": 5.39489936829, "median": 5.3624162674, "min": 4.52407884598, "var": 0.159707531333}, "spectral_flux": {"dmean": 0.0168917216361, "dmean2": 0.0265071950853, "dvar": 0.000662258651573, "dvar2": 0.00148600281682, "max": 0.316727489233, "mean": 0.0431832820177, "median": 0.0355689711869, "min": 1.01749067505e-10, "var": 0.00128034246154}, "spectral_kurtosis": {"dmean": 28.5682373047, "dmean2": 49.6640548706, "dvar": 683.142883301, "dvar2": 1936.48486328, "max": 242.584732056, "mean": 104.444831848, "median": 105.923187256, "min": -1.1772172451, "var": 2360.23120117}, "spectral_rms": {"dmean": 0.000533303827979, "dmean2": 0.000885938410647, "dvar": 5.46827891412e-07, "dvar2": 1.45776709815e-06, "max": 0.0119141098112, "mean": 0.00398943992332, "median": 0.00407928880304, "min": 3.17810686622e-12, "var": 4.57729765913e-06}, "spectral_rolloff": {"dmean": 56.2601165771, "dmean2": 91.4265899658, "dvar": 151416.078125, "dvar2": 161518.75, "max": 19056.8847656, "mean": 600.747924805, "median": 495.263671875, "min": 21.533203125, "var": 2303293}, "spectral_skewness": {"dmean": 1.36213612556, "dmean2": 2.39732861519, "dvar": 1.33344662189, "dvar2": 3.74006152153, "max": 12.5295505524, "mean": 7.59678459167, "median": 7.66418552399, "min": 0.02692864649, "var": 4.32886171341}, "spectral_spread": {"dmean": 260236.046875, "dmean2": 449543.03125, "dvar": 327375880192, "dvar2": 415244255232, "max": 39162220, "mean": 1057686.375, "median": 867409.625, "min": 335773.8125, "var": 1332270989310.0}, "spectral_strongpeak": {"dmean": 0.334766000509, "dmean2": 0.56714451313, "dvar": 0.170288279653, "dvar2": 0.409987658262, "max": 4.72466993332, "mean": 0.956957399845, "median": 0.77733361721, "min": 0, "var": 0.578931987286}, "zerocrossingrate": {"dmean": 0.00175985600799, "dmean2": 0.00228090095334, "dvar": 8.79656872712e-05, "dvar2": 8.58027560753e-05, "max": 0.5224609375, "mean": 0.0209819953889, "median": 0.017578125, "min": 0.00244140625, "var": 0.00166246236768}, "barkbands": {"dmean": [0.000129343548906, 9.59037060966e-05, 0.000262985849986, 0.000404807156883, 0.00219689356163, 0.00349829415791, 0.00100834108889, 0.000486230128445, 0.000146530073835, 0.000183697411558, 4.06910658057e-05, 4.3259922677e-05, 3.82757252737e-06, 1.59762166732e-05, 1.00911238405e-05, 7.31568434276e-07, 9.56290477916e-07, 1.97730159357e-07, 1.57955312829e-07, 4.69330565522e-08, 3.39847154862e-08, 2.04092973632e-08, 9.78911440797e-09, 8.42839664728e-09, 2.99542701754e-09, 2.56462628911e-09, 1.57801038903e-09], "dmean2": [0.000225234805839, 0.000145797355799, 0.000363222439773, 0.000622870284133, 0.00369159155525, 0.00629465421662, 0.00145967584103, 0.000763888354413, 0.000204558542464, 0.000234260020079, 5.32828562427e-05, 5.93398945057e-05, 5.55134101887e-06, 2.2279096811e-05, 1.58869588631e-05, 1.09383336167e-06, 1.49889899603e-06, 3.12025491667e-07, 2.55760141954e-07, 7.77050459533e-08, 5.4745957101e-08, 3.43985639972e-08, 1.61491726658e-08, 1.33298643235e-08, 4.82482631625e-09, 4.48675852027e-09, 2.84938828088e-09], "dvar": [2.85853420934e-08, 3.14736148255e-08, 6.68700977258e-07, 4.04395251508e-07, 1.6315963876e-05, 6.57687996863e-05, 3.73855277758e-06, 9.61357159213e-07, 7.07842900738e-07, 1.37193850946e-07, 2.24960778894e-08, 9.79946968016e-09, 3.75555531118e-10, 2.16846451906e-09, 1.664403948e-09, 9.58854783767e-12, 1.77054690353e-11, 1.3168977085e-13, 1.09639070555e-13, 2.29185029143e-15, 2.90255003497e-15, 1.09553473217e-15, 2.90452335704e-16, 2.01562329174e-16, 4.15558632175e-17, 2.48769235565e-16, 1.07854253656e-16], "dvar2": [7.85097853395e-08, 5.36867332812e-08, 9.41388293541e-07, 9.56784560913e-07, 4.54683904536e-05, 0.000202175753657, 7.31683894628e-06, 2.32707611758e-06, 1.18374680369e-06, 2.13966544038e-07, 3.32445928564e-08, 1.97982146233e-08, 7.07631175878e-10, 3.51013640376e-09, 3.75280961862e-09, 1.71187317793e-11, 4.1559065217e-11, 2.54633065935e-13, 2.85076866627e-13, 6.25983351932e-15, 6.87030752859e-15, 3.10381311005e-15, 7.76863520294e-16, 5.03392580526e-16, 1.02628887552e-16, 7.10015574217e-16, 3.04197192279e-16], "max": [0.0019686401356, 0.00585714587942, 0.0230585504323, 0.015138075687, 0.0748829767108, 0.0986403226852, 0.0527740046382, 0.0281677134335, 0.0333823673427, 0.0143934683874, 0.00644389307126, 0.00351333688013, 0.0008939706604, 0.00169339799322, 0.00118879112415, 9.9905897514e-05, 0.000147511338582, 1.42353674164e-05, 8.83870779944e-06, 6.9902711175e-07, 1.60019135365e-06, 5.44300860383e-07, 4.12273863049e-07, 2.2687964929e-07, 1.83601301273e-07, 4.00226326747e-07, 2.86992872134e-07], "mean": [0.000133807130624, 0.000187861631275, 0.000631155911833, 0.00103602430318, 0.00690193427727, 0.00582451745868, 0.00367802288383, 0.00130605092272, 0.000346904475009, 0.000578786828555, 0.000154961351654, 0.000126132261357, 9.79845299298e-06, 6.23491578153e-05, 2.10549442272e-05, 2.20677338802e-06, 2.43980298364e-06, 5.96363804561e-07, 3.65123952406e-07, 1.25197701095e-07, 9.47538367768e-08, 5.22443954765e-08, 2.4717456526e-08, 2.28726015905e-08, 8.10525158101e-09, 4.79923079055e-09, 2.85008261436e-09], "median": [6.02149229962e-05, 7.19733652659e-05, 0.000102354701085, 0.000699450611137, 0.00460179522634, 0.00285566365346, 0.00229735858738, 0.000708673731424, 6.84509504936e-05, 0.000253314850852, 2.57068495557e-05, 2.73884470516e-05, 2.04132948056e-06, 9.85406222753e-06, 2.47374873652e-06, 5.52710048396e-07, 9.17049987947e-07, 4.39468294644e-07, 2.44721405807e-07, 1.17596485438e-07, 6.18345978864e-08, 3.53799727293e-08, 1.79664141342e-08, 1.38065345823e-08, 5.83313397584e-09, 3.02294900223e-09, 2.30182251038e-09], "min": [1.26577552183e-23, 1.36026062678e-23, 2.33434985908e-23, 7.25333936524e-24, 6.05747672002e-23, 1.0487863452e-22, 5.2048398816e-23, 5.02646012935e-23, 5.68243457519e-23, 2.1327170117e-23, 1.65521975821e-22, 4.34849855237e-23, 9.76674802802e-23, 1.70778200208e-22, 1.36148657973e-22, 1.22954713209e-22, 1.64522697313e-22, 2.96373426504e-22, 1.78300904018e-22, 4.29384538533e-22, 4.85350647796e-22, 4.30498384888e-22, 6.04658223537e-22, 8.53126235104e-22, 1.22104136875e-21, 1.41972375012e-21, 2.53552203693e-21], "var": [3.21228696976e-08, 2.43392122456e-07, 3.54427629645e-06, 1.40488975831e-06, 6.65602710797e-05, 7.60000693845e-05, 1.90179234778e-05, 3.61547085959e-06, 2.28312092077e-06, 9.99071289698e-07, 2.21560668479e-07, 6.50950084946e-08, 1.5085045435e-09, 2.21492193475e-08, 5.34595034907e-09, 5.53869554387e-11, 5.82648027048e-11, 7.74791418089e-13, 3.37564747205e-13, 5.71867729833e-15, 1.24977500611e-14, 2.53423215742e-15, 6.06376910896e-16, 6.13332057244e-16, 1.03816116724e-16, 1.60851689032e-16, 6.69251319537e-17]}, "erbbands": {"dmean": [0.00160890107509, 0.0269844699651, 0.188586816192, 0.854073047638, 4.01776647568, 9.01593017578, 9.16767978668, 32.5419235229, 27.4852313995, 16.5852870941, 8.07345867157, 3.71197605133, 6.14521980286, 2.70042181015, 1.27344429493, 2.21147298813, 0.279484450817, 0.832253456116, 0.694284260273, 0.120513655245, 0.036341894418, 0.0393847972155, 0.0147342393175, 0.00602707499638, 0.00871834624559, 0.00222926610149, 0.00182735326234, 0.00107914197724, 0.00055692991009, 0.000408284977311, 0.000371460599126, 0.000218798537389, 0.000137657349114, 3.68093569705e-05, 2.46101080847e-05, 1.20831809909e-05, 6.06572984907e-06, 1.07233688595e-06, 2.81403163171e-06, 6.48023024041e-06], "dmean2": [0.00262313429266, 0.0405105277896, 0.260941624641, 1.27772915363, 6.94383764267, 15.2040882111, 12.9779338837, 59.8375282288, 46.8445091248, 24.5606956482, 11.6299104691, 4.98404788971, 7.86736822128, 3.53538751602, 1.64262986183, 3.01026034355, 0.386504113674, 1.17468774319, 1.07238924503, 0.188587710261, 0.0567521676421, 0.0601627416909, 0.0230787228793, 0.00974069815129, 0.0142260314897, 0.00373566453345, 0.0029261179734, 0.00178458937444, 0.000917843542993, 0.000665045867208, 0.000610253715422, 0.000343521445757, 0.000219639332499, 5.95469900873e-05, 3.96376344725e-05, 2.02587671083e-05, 1.05310036815e-05, 1.85334010894e-06, 4.74004809803e-06, 1.09311122287e-05], "dvar": [4.80735116071e-06, 0.00249660410918, 0.297284334898, 2.94323205948, 29.008644104, 419.58694458, 421.867889404, 6621.74462891, 3895.62255859, 1621.31140137, 211.518417358, 492.581848145, 93.3470230103, 120.167381287, 23.3474960327, 25.487033844, 0.939783394337, 5.79950046539, 6.89981269836, 0.153058543801, 0.0224124677479, 0.0430085211992, 0.00121399201453, 4.47720049124e-05, 0.000455919856904, 5.78894560022e-06, 9.13305484573e-06, 2.71238309324e-06, 5.49144544948e-07, 3.8058576024e-07, 5.12678298037e-07, 1.26751842799e-07, 7.268140223e-08, 4.32272395656e-09, 5.17387910293e-09, 3.33862781865e-09, 2.06827843741e-09, 3.76259752521e-11, 2.59908414235e-11, 1.28492105844e-10], "dvar2": [1.04024829852e-05, 0.00425300979987, 0.432924628258, 5.32126092911, 84.5255737305, 1193.92626953, 748.525512695, 20197.890625, 10627.5546875, 3149.66455078, 447.473144531, 776.495483398, 142.982635498, 189.953018188, 33.1112861633, 50.6372146606, 1.66613411903, 9.6267080307, 15.3384799957, 0.312805324793, 0.0464882329106, 0.104149371386, 0.00255446392111, 0.000113868401968, 0.00118627492338, 1.54807457875e-05, 2.15524687519e-05, 6.93941728969e-06, 1.44530667967e-06, 9.66820266513e-07, 1.36441337872e-06, 3.06069580347e-07, 1.89284875773e-07, 1.06054329763e-08, 1.33855309059e-08, 9.53433065831e-09, 5.95780091928e-09, 1.09019696048e-10, 7.12270936676e-11, 3.54641038758e-10], "max": [0.0567665584385, 1.61968636513, 15.5180702209, 40.5658149719, 100.849884033, 315.770446777, 482.977630615, 1016.63037109, 882.940795898, 1332.09411621, 407.097625732, 918.889770508, 191.081787109, 472.073120117, 214.426193237, 182.182434082, 44.5980072021, 86.3274383545, 85.6537780762, 13.8806581497, 5.08656024933, 10.0254144669, 1.01797354221, 0.185120567679, 0.564722716808, 0.0387271642685, 0.100732907653, 0.0293164011091, 0.0122035779059, 0.0119407158345, 0.0166649855673, 0.00501035572961, 0.00599877675995, 0.00141273706686, 0.00270458846353, 0.00170094985515, 0.00141203647945, 0.000226070391363, 7.46617806726e-05, 0.000162140699103], "mean": [0.00317016104236, 0.0571206919849, 0.475999206305, 2.58908677101, 16.1282138824, 20.7269611359, 25.5823974609, 45.9702568054, 62.17445755, 56.07604599, 25.0040721893, 10.8036155701, 18.8122272491, 9.59276866913, 5.12659645081, 6.66763210297, 1.01562273502, 3.222407341, 1.87764406204, 0.331303834915, 0.108237944543, 0.10972879082, 0.0457217656076, 0.0196922104806, 0.0172998551279, 0.00600202986971, 0.00498637277633, 0.00267071113922, 0.001622412703, 0.00118234811816, 0.000860198924784, 0.000566036207601, 0.000329738017172, 0.000115971291962, 6.77340503898e-05, 3.14013705065e-05, 1.47695918713e-05, 3.0402086395e-06, 1.01813684523e-05, 2.33613773162e-05], "median": [0.00204593152739, 0.0231727920473, 0.120177097619, 1.55652213097, 10.6965293884, 9.82359790802, 13.2309246063, 19.7170619965, 28.0063896179, 26.6080703735, 14.4283275604, 3.3643655777, 9.12588119507, 2.77245807648, 1.27227520943, 1.51352989674, 0.269542038441, 0.530629456043, 0.284858703613, 0.0862900167704, 0.0393817052245, 0.0488470643759, 0.0271900258958, 0.0162182096392, 0.00985934212804, 0.00537725165486, 0.00365197658539, 0.00182843836956, 0.00122598698363, 0.000856226193719, 0.000522312708199, 0.000330588431098, 0.00021924378234, 9.6453455626e-05, 5.01139111293e-05, 2.41885863943e-05, 1.15790280688e-05, 2.66336769528e-06, 8.26376617624e-06, 1.8989045202e-05], "min": [4.47236927824e-22, 3.23322121668e-21, 1.86261428407e-20, 3.48851209506e-20, 8.67876476974e-20, 1.7930253886e-19, 5.43476635903e-19, 9.01645169054e-19, 4.97893659176e-19, 1.13815337358e-18, 1.24853783459e-18, 1.5035975289e-18, 9.56720922189e-19, 2.63284785415e-18, 5.36968141029e-18, 2.59992110269e-18, 3.84369158521e-18, 7.68875546306e-18, 7.21151939891e-18, 7.32330293253e-18, 6.12055378415e-18, 8.32616512666e-18, 1.7269607168e-17, 1.34557561234e-17, 1.06552302805e-17, 2.33171957639e-17, 1.87586546933e-17, 1.84878804285e-17, 1.56555494911e-17, 1.55954498565e-17, 1.61269431785e-17, 1.68051022407e-17, 1.43501939644e-17, 1.12870159431e-17, 9.80906339132e-18, 4.84774243788e-18, 3.12087118067e-18, 1.30759284346e-18, 3.79626580518e-19, 3.45972039362e-20], "var": [2.37025487877e-05, 0.0189820639789, 1.54889476299, 14.2601213455, 292.038726807, 1112.57800293, 1570.0949707, 6536.73388672, 8898.00390625, 7607.71679688, 1053.71911621, 1669.83605957, 648.057678223, 717.590820312, 244.097137451, 174.93119812, 5.59260749817, 57.5507965088, 26.671787262, 0.830848395824, 0.10173112154, 0.0970999374986, 0.00651784334332, 0.000309059949359, 0.00121886655688, 1.77346137207e-05, 3.61193051504e-05, 6.98253188602e-06, 1.84317207186e-06, 1.16139312922e-06, 1.0217571571e-06, 4.12330621202e-07, 1.35273126034e-07, 1.33254829393e-08, 7.86898102234e-09, 2.62551869135e-09, 1.2720068332e-09, 2.48097341282e-11, 8.42236558274e-11, 4.55251614184e-10]}, "gfcc": {"mean": [-224.218734741, 225.858917236, -85.4596099854, -34.3766212463, -60.0514144897, -29.2353897095, -31.6831893921, -21.8726940155, -13.6658496857, -15.1158704758, -5.07646894455, -13.5146064758, -4.0651640892], "cov": [[15388.2724609, 3593.48120117, -1727.49987793, -1258.55505371, -48.041267395, -437.218414307, -224.552963257, -808.059143066, 34.6507987976, -309.376800537, 355.75491333, -450.120727539, -28.1635627747], [3593.48120117, 1286.98693848, -263.161529541, -403.087524414, 72.628364563, -156.165008545, -11.6050863266, -218.099655151, 10.1149873734, -88.7949981689, 76.2932281494, -146.182983398, -55.0972175598], [-1727.49987793, -263.161529541, 612.16796875, 230.174987793, 2.56997823715, 93.0999832153, 27.4865894318, 129.820022583, -5.37164306641, 37.0272598267, -62.5337600708, 28.5928497314, -42.7615394592], [-1258.55505371, -403.087524414, 230.174987793, 385.775024414, -50.7005653381, 23.8166866302, 40.7612075806, 127.266716003, 16.4338645935, 8.99366950989, -37.8503189087, 52.2090797424, 8.50781345367], [-48.041267395, 72.628364563, 2.56997823715, -50.7005653381, 153.122161865, 47.8566169739, 8.26864910126, -18.2388305664, -6.59431409836, 11.1886825562, -4.19638729095, -22.6049633026, -26.5007572174], [-437.218414307, -156.165008545, 93.0999832153, 23.8166866302, 47.8566169739, 151.341766357, 20.2672710419, 39.7878265381, -11.6357584, 21.1848125458, -25.3439598083, 2.35739612579, -11.5246706009], [-224.552963257, -11.6050863266, 27.4865894318, 40.7612075806, 8.26864910126, 20.2672710419, 77.9262695312, 56.7709999084, 15.4152297974, -2.15405750275, -6.99937200546, 3.27492785454, -10.5278615952], [-808.059143066, -218.099655151, 129.820022583, 127.266716003, -18.2388305664, 39.7878265381, 56.7709999084, 165.892623901, 45.3640899658, 20.1336364746, -30.5481338501, 38.330078125, 8.97529983521], [34.6507987976, 10.1149873734, -5.37164306641, 16.4338645935, -6.59431409836, -11.6357584, 15.4152297974, 45.3640899658, 63.6720161438, 22.6908760071, 13.7789173126, 7.22391271591, 0.461723208427], [-309.376800537, -88.7949981689, 37.0272598267, 8.99366950989, 11.1886825562, 21.1848125458, -2.15405750275, 20.1336364746, 22.6908760071, 64.5765075684, 26.6323814392, 13.7246389389, -7.03141069412], [355.75491333, 76.2932281494, -62.5337600708, -37.8503189087, -4.19638729095, -25.3439598083, -6.99937200546, -30.5481338501, 13.7789173126, 26.6323814392, 80.425491333, 9.40533924103, -10.5073385239], [-450.120727539, -146.182983398, 28.5928497314, 52.2090797424, -22.6049633026, 2.35739612579, 3.27492785454, 38.330078125, 7.22391271591, 13.7246389389, 9.40533924103, 61.9064712524, 29.0344295502], [-28.1635627747, -55.0972175598, -42.7615394592, 8.50781345367, -26.5007572174, -11.5246706009, -10.5278615952, 8.97529983521, 0.461723208427, -7.03141069412, -10.5073385239, 29.0344295502, 64.4816207886]], "icov": [[0.000472365121823, -0.00128987967037, 0.00089045491768, -0.000450021907454, 0.00084811571287, -0.00115658598952, 0.00136839377228, -0.000259854277829, -0.000253829639405, 0.000652096001431, -0.00103070994373, 0.00102998677175, -0.00040332658682], [-0.00128987967037, 0.00606148317456, -0.00335626443848, 0.00311320298351, -0.00317905028351, 0.00474520027637, -0.00542783131823, 0.00238205376081, -0.0021205896046, 0.00221814610995, 9.87613238976e-05, 0.00101459515281, 0.000119561707834], [0.00089045491768, -0.00335626443848, 0.004987295717, -0.00263965525664, 0.00205111736432, -0.00326454406604, 0.00417054491118, -0.00252351444215, 0.00206424645148, -0.00196567620151, 0.00106762466021, -0.000522546819411, 0.00264857546426], [-0.000450021907454, 0.00311320298351, -0.00263965525664, 0.00614971946925, -0.000538480177056, 0.00271283555776, -0.00320773711428, -0.000261966051767, -0.00152014498599, 0.00265912874602, -0.000256589875789, -0.000253010395681, 5.09055826114e-05], [0.00084811571287, -0.00317905028351, 0.00205111736432, -0.000538480177056, 0.0103420671076, -0.00509490445256, 0.00156036135741, 0.00053060031496, 0.000168585247593, -0.00198485306464, 0.000634553958662, 0.00111708720215, 0.00198877067305], [-0.00115658598952, 0.00474520027637, -0.00326454406604, 0.00271283555776, -0.00509490445256, 0.0136659359559, -0.00578816141933, -0.000634836789686, 0.00326841929927, -0.00355891883373, 0.00337056978606, -9.9237789982e-05, 0.000700939155649], [0.00136839377228, -0.00542783131823, 0.00417054491118, -0.00320773711428, 0.00156036135741, -0.00578816141933, 0.0249911043793, -0.010340988636, 0.00087512267055, 0.00412515131757, -0.003975905478, 0.00185153924394, 0.00323716527782], [-0.000259854277829, 0.00238205376081, -0.00252351444215, -0.000261966051767, 0.00053060031496, -0.000634836789686, -0.010340988636, 0.0196148902178, -0.0126668224111, 0.000341032806318, 0.00582400709391, -0.00552053609863, -0.000468359154183], [-0.000253829639405, -0.0021205896046, 0.00206424645148, -0.00152014498599, 0.000168585247593, 0.00326841929927, 0.00087512267055, -0.0126668224111, 0.0308529231697, -0.0128324478865, -0.000724465586245, 0.000436754606199, 0.000271148310276], [0.000652096001431, 0.00221814610995, -0.00196567620151, 0.00265912874602, -0.00198485306464, -0.00355891883373, 0.00412515131757, 0.000341032806318, -0.0128324478865, 0.0338569357991, -0.0156885217875, 0.00452049588785, -0.00110813858919], [-0.00103070994373, 9.87613238976e-05, 0.00106762466021, -0.000256589875789, 0.000634553958662, 0.00337056978606, -0.003975905478, 0.00582400709391, -0.000724465586245, -0.0156885217875, 0.0291604902595, -0.0165094174445, 0.0102594019845], [0.00102998677175, 0.00101459515281, -0.000522546819411, -0.000253010395681, 0.00111708720215, -9.9237789982e-05, 0.00185153924394, -0.00552053609863, 0.000436754606199, 0.00452049588785, -0.0165094174445, 0.0399736687541, -0.0176838077605], [-0.00040332658682, 0.000119561707834, 0.00264857546426, 5.09055826114e-05, 0.00198877067305, 0.000700939155649, 0.00323716527782, -0.000468359154183, 0.000271148310276, -0.00110813858919, 0.0102594019845, -0.0176838077605, 0.0282319188118]]}, "melbands": {"dmean": [2.28081698879e-05, 7.96054082457e-05, 0.000211188045796, 0.000466282304842, 0.000342816812918, 0.000743832148146, 0.000396635587094, 0.000163104996318, 6.01132778684e-05, 2.05390952033e-05, 3.03197739413e-05, 1.11003391794e-05, 5.80026835451e-06, 4.76198783872e-06, 2.61086529463e-06, 4.5450300945e-07, 1.81965413049e-06, 1.14381771255e-06, 3.68529811112e-07, 8.96586840327e-08, 4.61917615269e-08, 5.1229278597e-08, 2.44136000305e-08, 9.44363254263e-09, 5.0880104574e-09, 8.37967384371e-09, 2.61213228825e-09, 1.5619655569e-09, 1.62880431365e-09, 6.38654185092e-10, 8.97976915049e-10, 3.6712549667e-10, 3.9069203428e-10, 1.63053306967e-10, 3.19704818175e-10, 1.18593482257e-10, 1.20734908182e-10, 1.42292511107e-10, 3.90004001316e-11, 3.30117079506e-11], "dmean2": [3.56187629222e-05, 0.000108872663986, 0.000332287629135, 0.000805988849606, 0.000506800482981, 0.00135436002165, 0.00067843234865, 0.00024659675546, 8.61053049448e-05, 2.71378903562e-05, 3.88732114516e-05, 1.47226746776e-05, 7.55460223445e-06, 6.55667918181e-06, 3.59049340659e-06, 6.96764232089e-07, 2.55232998825e-06, 1.75173954631e-06, 5.75534841118e-07, 1.36995666367e-07, 7.38878469519e-08, 7.91444847437e-08, 3.87095582255e-08, 1.50005536881e-08, 8.29087998255e-09, 1.36603093281e-08, 4.30969571141e-09, 2.63208654872e-09, 2.5737822984e-09, 1.0678539164e-09, 1.49320233955e-09, 6.07587924417e-10, 6.32399910216e-10, 2.68871758191e-10, 5.25841314936e-10, 1.90568463787e-10, 1.90884710816e-10, 2.26576729601e-10, 6.53904916326e-11, 5.42596523267e-11], "dvar": [1.22877208408e-09, 4.55982274161e-08, 1.07647366576e-07, 5.51415041627e-07, 6.21918104571e-07, 3.30084026245e-06, 7.71091151819e-07, 1.55387468226e-07, 1.50716221725e-08, 1.45093554949e-08, 2.27989538359e-09, 2.35910402324e-09, 5.19182308256e-10, 1.13900638921e-10, 3.94316870822e-11, 4.17547506987e-12, 2.75477401307e-11, 1.76770525301e-11, 1.98906711414e-12, 1.04014873429e-13, 4.53591394859e-14, 7.12386421554e-14, 6.69977989103e-15, 2.16856686942e-16, 2.83564793173e-17, 4.31315661838e-16, 1.63944302276e-17, 2.79072561381e-18, 9.48351239918e-18, 6.28590574103e-19, 2.44896601757e-18, 2.81244251701e-19, 4.0237161752e-19, 3.83691087554e-20, 4.12742239353e-19, 2.99314916911e-20, 3.53632991993e-20, 6.24841507224e-20, 1.77624014913e-20, 3.00242752641e-21], "dvar2": [2.22322271703e-09, 6.58262138131e-08, 2.36805490772e-07, 1.60547790529e-06, 1.40061786169e-06, 1.00173583633e-05, 2.14999545278e-06, 3.17171497954e-07, 3.03313960615e-08, 2.28255156998e-08, 3.48200801525e-09, 3.77577613619e-09, 7.6141948302e-10, 2.34952890477e-10, 7.9667057673e-11, 1.02307667546e-11, 4.30143039243e-11, 3.89031203085e-11, 4.48052142263e-12, 1.89625225244e-13, 1.03124709564e-13, 1.71722987392e-13, 1.59494745427e-14, 4.54590671391e-16, 7.31086379048e-17, 1.09936025059e-15, 4.485365034e-17, 7.67966309377e-18, 2.19716111353e-17, 1.62984183399e-18, 6.36191971022e-18, 7.54733704663e-19, 1.05055567049e-18, 9.82549494644e-20, 1.10785612588e-18, 7.35460305917e-20, 8.53193568737e-20, 1.5672868947e-19, 4.68058501714e-20, 7.41537450012e-21], "max": [0.00111590721644, 0.00600920151919, 0.00643499661237, 0.0126704275608, 0.0155388051644, 0.022431248799, 0.0122222881764, 0.0123188653961, 0.00321024889126, 0.005000194069, 0.000943995430134, 0.00208426918834, 0.000990156200714, 0.000369391898857, 0.000221708833124, 5.40332257515e-05, 0.000195823595277, 0.000142601449625, 3.9910653868e-05, 1.03863376353e-05, 7.62096897233e-06, 1.24681646412e-05, 2.19214552999e-06, 4.84353961383e-07, 1.1900285557e-07, 5.48716627691e-07, 9.96909577111e-08, 2.01922087939e-08, 1.04376397303e-07, 1.118012527e-08, 2.62850274879e-08, 9.68107904953e-09, 1.27024337715e-08, 3.4262075399e-09, 1.50701620072e-08, 2.16544715492e-09, 2.55172860619e-09, 4.61283944375e-09, 4.2549288537e-09, 1.20070997589e-09], "mean": [4.74100379506e-05, 0.000200183611014, 0.000820272252895, 0.0013506381074, 0.000904421613086, 0.00115871231537, 0.000922637525946, 0.000524538569152, 0.000170985658769, 5.55683982384e-05, 9.19274243643e-05, 3.71991227439e-05, 2.13431285374e-05, 1.36958560688e-05, 8.30372664495e-06, 1.00599186226e-06, 7.04997137291e-06, 3.32536956194e-06, 7.90984813648e-07, 2.43614920237e-07, 1.07919497339e-07, 1.31294314087e-07, 6.37165413764e-08, 2.62594834766e-08, 1.37798519262e-08, 1.56433035414e-08, 5.92119864251e-09, 3.49272299971e-09, 3.86081566717e-09, 1.42991862795e-09, 1.74579051215e-09, 9.13149167392e-10, 9.35352795217e-10, 4.61569032995e-10, 6.17224105159e-10, 3.03172070781e-10, 2.87109613861e-10, 2.88753132516e-10, 9.19901793628e-11, 8.21880202784e-11], "median": [2.61968652921e-05, 5.33568600076e-05, 0.000581025728025, 0.000903700885829, 0.000407124229241, 0.000503014249261, 0.000481264345581, 0.000239960863837, 8.29573837109e-05, 1.54558983922e-05, 4.36471091234e-05, 9.25850872591e-06, 3.55487463821e-06, 3.05178855342e-06, 1.88192052519e-06, 2.74031322078e-07, 1.06701554614e-06, 4.87669922222e-07, 1.23937866192e-07, 6.74961597724e-08, 3.57758338509e-08, 5.61129667176e-08, 2.88739627763e-08, 1.93627585077e-08, 1.14236344828e-08, 8.18541945335e-09, 4.76938888383e-09, 3.08703240748e-09, 2.47989406787e-09, 1.16882892254e-09, 9.24711418548e-10, 6.87900902907e-10, 5.80165637754e-10, 3.96056354379e-10, 3.09383879626e-10, 1.96716573586e-10, 1.71412939398e-10, 1.61068061666e-10, 7.41547517835e-11, 5.96017679655e-11], "min": [5.47017727026e-24, 8.62576643598e-24, 7.2712946283e-24, 9.00224714755e-24, 1.86746600331e-23, 1.9941995054e-23, 8.78079259221e-24, 1.08137912746e-23, 1.10068492039e-23, 9.08448589692e-24, 4.04538364047e-24, 8.97104848761e-24, 2.2655925848e-23, 5.32016984711e-24, 1.21255399534e-23, 5.71496633118e-24, 1.63313581805e-23, 1.18152628156e-23, 1.08549027607e-23, 9.87917885082e-24, 6.24063050069e-24, 7.02170140447e-24, 1.4303146306e-23, 1.67887050234e-23, 1.06841167413e-23, 4.66692911985e-24, 1.44721376669e-23, 1.38887844938e-23, 1.06670560465e-23, 1.05661631033e-23, 1.13880764916e-23, 1.00726256886e-23, 6.04311550724e-24, 9.73106469384e-24, 9.12471070334e-24, 1.02076281885e-23, 1.03720536224e-23, 9.77495533688e-24, 1.03454350888e-23, 9.32834883514e-24], "var": [8.77581918246e-09, 2.46517402047e-07, 7.40504560781e-07, 2.35744892052e-06, 2.11695419239e-06, 3.74188334717e-06, 1.70104817698e-06, 6.81665710545e-07, 6.68797852654e-08, 4.92954583819e-08, 1.58966368957e-08, 1.32762600913e-08, 5.14100140236e-09, 7.32454763508e-10, 2.68432637229e-10, 1.00608306408e-11, 2.92670387925e-10, 7.57785362238e-11, 6.24797045698e-12, 6.05022650903e-13, 1.52741128122e-13, 1.58436089769e-13, 2.58499361375e-14, 1.08639334084e-15, 1.4884801456e-16, 1.19909615667e-15, 3.99873170179e-17, 5.82231712302e-18, 3.4321771714e-17, 1.33426859103e-18, 4.9501138969e-18, 6.82148605911e-19, 9.9909397285e-19, 1.22720089163e-19, 7.17366595972e-19, 9.48861594846e-20, 1.06323139912e-19, 1.2839714603e-19, 1.79245127355e-20, 9.42832659871e-21]}, "mfcc": {"mean": [-856.04083252, 244.061584473, 35.3923873901, -7.24792098999, -5.96664476395, -16.7133388519, -14.4048681259, -13.1917238235, -13.0682697296, -7.15693378448, -5.07756280899, -7.62667226791, -6.88259744644], "cov": [[5270.68359375, 3828.87475586, -626.849609375, -786.192871094, -140.110305786, -151.444534302, -152.604949951, -268.354553223, -278.743591309, -126.34262085, -74.8129730225, -99.3063201904, -97.5007553101], [3828.87475586, 2925.54882812, -308.197753906, -574.794433594, -104.298400879, -118.308280945, -108.866523743, -187.746536255, -220.490280151, -94.1053924561, -35.1707267761, -52.543132782, -67.9366836548], [-626.849609375, -308.197753906, 341.044403076, 218.802871704, 3.66123151779, -6.89333677292, 25.8634777069, 56.6931190491, 41.2260131836, 18.0898628235, 29.1250152588, 32.0586128235, 16.4538555145], [-786.192871094, -574.794433594, 218.802871704, 297.070709229, 51.4675979614, 5.42975664139, 31.2714881897, 65.5698471069, 72.8987731934, 31.2238769531, 15.3760824203, 20.1643924713, 23.7329883575], [-140.110305786, -104.298400879, 3.66123151779, 51.4675979614, 88.7923736572, 55.2136459351, 14.3639316559, 5.823554039, 3.32519507408, 6.62387752533, 4.34179162979, 6.43019104004, 5.72783327103], [-151.444534302, -118.308280945, -6.89333677292, 5.42975664139, 55.2136459351, 105.065002441, 50.8143386841, -5.17005872726, -3.29295253754, 1.07952141762, -0.706731259823, -3.91936850548, -8.82060146332], [-152.604949951, -108.866523743, 25.8634777069, 31.2714881897, 14.3639316559, 50.8143386841, 73.7952728271, 36.5057258606, 8.12993049622, 10.0291099548, 9.55112743378, 5.97905158997, 0.422702968121], [-268.354553223, -187.746536255, 56.6931190491, 65.5698471069, 5.823554039, -5.17005872726, 36.5057258606, 86.7687606812, 65.6289672852, 17.8117523193, 8.35891437531, 14.2956514359, 14.2925357819], [-278.743591309, -220.490280151, 41.2260131836, 72.8987731934, 3.32519507408, -3.29295253754, 8.12993049622, 65.6289672852, 107.326416016, 43.9223937988, -11.4460964203, -4.26499080658, 11.1513786316], [-126.34262085, -94.1053924561, 18.0898628235, 31.2238769531, 6.62387752533, 1.07952141762, 10.0291099548, 17.8117523193, 43.9223937988, 56.1317634583, 19.2258453369, -2.48840451241, 5.04998111725], [-74.8129730225, -35.1707267761, 29.1250152588, 15.3760824203, 4.34179162979, -0.706731259823, 9.55112743378, 8.35891437531, -11.4460964203, 19.2258453369, 65.9496536255, 45.1071929932, 8.5747385025], [-99.3063201904, -52.543132782, 32.0586128235, 20.1643924713, 6.43019104004, -3.91936850548, 5.97905158997, 14.2956514359, -4.26499080658, -2.48840451241, 45.1071929932, 74.9432983398, 37.5064201355], [-97.5007553101, -67.9366836548, 16.4538555145, 23.7329883575, 5.72783327103, -8.82060146332, 0.422702968121, 14.2925357819, 11.1513786316, 5.04998111725, 8.5747385025, 37.5064201355, 51.736656189]], "icov": [[0.450868308544, -0.631743252277, 0.614559710026, -0.58413040638, 0.535855293274, -0.47479480505, 0.409153133631, -0.338037848473, 0.271811693907, -0.211153760552, 0.152249753475, -0.0987762510777, 0.05080415681], [-0.631743252277, 0.886050641537, -0.862369179726, 0.821667194366, -0.754601716995, 0.67067605257, -0.578639805317, 0.479419469833, -0.385487228632, 0.300117999315, -0.216060549021, 0.140432998538, -0.0717537850142], [0.614559710026, -0.862369179726, 0.847462952137, -0.808982670307, 0.745840132236, -0.66543340683, 0.578094542027, -0.48382794857, 0.391963779926, -0.305597096682, 0.219535008073, -0.14488850534, 0.0742681771517], [-0.58413040638, 0.821667194366, -0.808982670307, 0.783148288727, -0.726662039757, 0.655255258083, -0.574497699738, 0.484343856573, -0.398013442755, 0.31162878871, -0.224471151829, 0.148076295853, -0.0755643323064], [0.535855293274, -0.754601716995, 0.745840132236, -0.726662039757, 0.703686833382, -0.641708016396, 0.568918943405, -0.487899959087, 0.404606372118, -0.321407228708, 0.229907214642, -0.151902988553, 0.0741097405553], [-0.47479480505, 0.67067605257, -0.66543340683, 0.655255258083, -0.641708016396, 0.614555358887, -0.555347502232, 0.48223349452, -0.400973618031, 0.320676833391, -0.227895513177, 0.149758204818, -0.0715849846601], [0.409153133631, -0.578639805317, 0.578094542027, -0.574497699738, 0.568918943405, -0.555347502232, 0.531406879425, -0.466107338667, 0.392107903957, -0.31666752696, 0.225268885493, -0.148663461208, 0.074520111084], [-0.338037848473, 0.479419469833, -0.48382794857, 0.484343856573, -0.487899959087, 0.48223349452, -0.466107338667, 0.443032443523, -0.375746488571, 0.302413731813, -0.219337403774, 0.141931444407, -0.0732434988022], [0.271811693907, -0.385487228632, 0.391963779926, -0.398013442755, 0.404606372118, -0.400973618031, 0.392107903957, -0.375746488571, 0.343626707792, -0.282526642084, 0.207961037755, -0.135247379541, 0.0685086622834], [-0.211153760552, 0.300117999315, -0.305597096682, 0.31162878871, -0.321407228708, 0.320676833391, -0.31666752696, 0.302413731813, -0.282526642084, 0.261973023415, -0.191681861877, 0.131834238768, -0.0687818080187], [0.152249753475, -0.216060549021, 0.219535008073, -0.224471151829, 0.229907214642, -0.227895513177, 0.225268885493, -0.219337403774, 0.207961037755, -0.191681861877, 0.172229409218, -0.121287696064, 0.0640746057034], [-0.0987762510777, 0.140432998538, -0.14488850534, 0.148076295853, -0.151902988553, 0.149758204818, -0.148663461208, 0.141931444407, -0.135247379541, 0.131834238768, -0.121287696064, 0.109549067914, -0.0622684434056], [0.05080415681, -0.0717537850142, 0.0742681771517, -0.0755643323064, 0.0741097405553, -0.0715849846601, 0.074520111084, -0.0732434988022, 0.0685086622834, -0.0687818080187, 0.0640746057034, -0.0622684434056, 0.0575790554285]]}, "spectral_contrast_coeffs": {"dmean": [0.043067317456, 0.0388286262751, 0.0272806640714, 0.0197159424424, 0.0127236507833, 0.019142203033], "dmean2": [0.073136664927, 0.0661581903696, 0.0422578379512, 0.0323876999319, 0.0210549160838, 0.0333082601428], "dvar": [0.00116821320262, 0.00135817623232, 0.000588933820836, 0.000289892806904, 9.92398272501e-05, 0.000292295473628], "dvar2": [0.00326682650484, 0.00385663006455, 0.00140689918771, 0.000714905268978, 0.000260778149823, 0.000881127663888], "max": [-0.253897041082, -0.419145733118, -0.493068903685, -0.590693771839, -0.672164320946, -0.755230903625], "mean": [-0.502976715565, -0.650248348713, -0.690110445023, -0.771516680717, -0.813654839993, -0.823485374451], "median": [-0.490374088287, -0.643447399139, -0.685259640217, -0.781756997108, -0.812294244766, -0.816289544106], "min": [-0.957888782024, -0.955323755741, -0.978115797043, -0.963116884232, -0.95947432518, -0.964196205139], "var": [0.0103337606415, 0.00638087838888, 0.0045747263357, 0.00401702523232, 0.00118754210416, 0.000951084890403]}, "spectral_contrast_valleys": {"dmean": [0.433427602053, 0.301386922598, 0.259924054146, 0.209463387728, 0.129806980491, 0.288576245308], "dmean2": [0.73221218586, 0.499625831842, 0.4281219244, 0.350476861, 0.217852830887, 0.50307559967], "dvar": [0.148222953081, 0.122242599726, 0.0985477641225, 0.0700458213687, 0.0501988492906, 0.102275379002