{"lowlevel": {"average_loudness": 0.00781009765342, "barkbands_crest": {"dmean": 2.10631775856, "dmean2": 3.63066267967, "dvar": 5.44146108627, "dvar2": 16.4470939636, "max": 26.6118068695, "mean": 13.3432006836, "median": 12.2358627319, "min": 3.93450474739, "var": 25.052110672}, "barkbands_flatness_db": {"dmean": 0.0219407882541, "dmean2": 0.0382060781121, "dvar": 0.000544685230125, "dvar2": 0.00159323832486, "max": 0.655505955219, "mean": 0.419739216566, "median": 0.417099297047, "min": 0.073688454926, "var": 0.00310291675851}, "barkbands_kurtosis": {"dmean": 10.5860157013, "dmean2": 19.3779678345, "dvar": 14164.9580078, "dvar2": 52367.6484375, "max": 4293.11230469, "mean": 12.8967666626, "median": 1.81508564949, "min": -1.85761117935, "var": 12069.6005859}, "barkbands_skewness": {"dmean": 0.597937047482, "dmean2": 1.01692223549, "dvar": 2.13729763031, "dvar2": 7.27820396423, "max": 51.4523620605, "mean": 0.575336515903, "median": 0.423134207726, "min": -7.09502410889, "var": 6.11118268967}, "barkbands_spread": {"dmean": 1.01543986797, "dmean2": 1.73074364662, "dvar": 1.91459679604, "dvar2": 5.57282114029, "max": 40.6950531006, "mean": 4.20343399048, "median": 3.84087276459, "min": 0.0847223624587, "var": 6.81992959976}, "dissonance": {"dmean": 0.0497631765902, "dmean2": 0.08592030406, "dvar": 0.00261444039643, "dvar2": 0.0069444719702, "max": 0.500000178814, "mean": 0.309017747641, "median": 0.308436006308, "min": 0.0647230818868, "var": 0.00797975622118}, "dynamic_complexity": 12.7484693527, "erbbands_crest": {"dmean": 1.91511976719, "dmean2": 2.98212647438, "dvar": 4.62769556046, "dvar2": 10.6575307846, "max": 33.8867530823, "mean": 16.8370933533, "median": 15.2853946686, "min": 3.25343108177, "var": 47.6016693115}, "erbbands_flatness_db": {"dmean": 0.0146045796573, "dmean2": 0.0238188169897, "dvar": 0.000228157892707, "dvar2": 0.000548619835172, "max": 0.587899029255, "mean": 0.415857791901, "median": 0.419444769621, "min": 0.032955955714, "var": 0.00424483278766}, "erbbands_kurtosis": {"dmean": 1.95605027676, "dmean2": 2.95297765732, "dvar": 13.7701644897, "dvar2": 29.0259284973, "max": 114.77104187, "mean": 6.29990625381, "median": 1.56635689735, "min": -1.68782353401, "var": 128.548217773}, "erbbands_skewness": {"dmean": 0.308440685272, "dmean2": 0.489850580692, "dvar": 0.144794687629, "dvar2": 0.326382339001, "max": 7.4754357338, "mean": 0.706054329872, "median": 0.535894036293, "min": -4.04606628418, "var": 1.78167104721}, "erbbands_spread": {"dmean": 1.21883940697, "dmean2": 1.86806333065, "dvar": 4.7401766777, "dvar2": 11.5042991638, "max": 115.627784729, "mean": 7.68984985352, "median": 6.72454547882, "min": 0.387699484825, "var": 41.5601005554}, "hfc": {"dmean": 1.32179820538, "dmean2": 1.89462602139, "dvar": 33.7268867493, "dvar2": 67.1098175049, "max": 170.913574219, "mean": 5.71762657166, "median": 0.561555862427, "min": 1.13631693336e-16, "var": 238.898788452}, "melbands_crest": {"dmean": 2.42974758148, "dmean2": 4.08708095551, "dvar": 7.22896432877, "dvar2": 19.5883731842, "max": 39.5976486206, "mean": 17.6613025665, "median": 16.623210907, "min": 2.04750227928, "var": 37.9007072449}, "melbands_flatness_db": {"dmean": 0.0225050840527, "dmean2": 0.0387115105987, "dvar": 0.000519416760653, "dvar2": 0.00136287673377, "max": 0.786750912666, "mean": 0.561552584171, "median": 0.560174763203, "min": 0.00763710867614, "var": 0.00496545620263}, "melbands_kurtosis": {"dmean": 4.45464086533, "dmean2": 7.82725286484, "dvar": 2142.64941406, "dvar2": 7525.89501953, "max": 2257.16967773, "mean": 8.01868057251, "median": 2.11149716377, "min": -1.85245680809, "var": 1913.68127441}, "melbands_skewness": {"dmean": 0.425540089607, "dmean2": 0.683137774467, "dvar": 0.629282414913, "dvar2": 1.96012830734, "max": 29.5151252747, "mean": 0.91992521286, "median": 0.875177025795, "min": -4.51259279251, "var": 2.73544383049}, "melbands_spread": {"dmean": 0.974479913712, "dmean2": 1.58968544006, "dvar": 5.56982517242, "dvar2": 7.91075801849, "max": 133.130050659, "mean": 5.33739995956, "median": 4.94388484955, "min": 0.0375331528485, "var": 13.017996788}, "pitch_salience": {"dmean": 0.0578257739544, "dmean2": 0.0986055359244, "dvar": 0.00410693045706, "dvar2": 0.011483695358, "max": 0.891693294048, "mean": 0.495982468128, "median": 0.516995072365, "min": 0.0268657207489, "var": 0.0200870055705}, "silence_rate_20dB": {"dmean": 0, "dmean2": 0, "dvar": 0, "dvar2": 0, "max": 1, "mean": 1, "median": 1, "min": 1, "var": 0}, "silence_rate_30dB": {"dmean": 0.00870448257774, "dmean2": 0.0174114909023, "dvar": 0.00862907525152, "dvar2": 0.0200114008039, "max": 1, "mean": 0.967943131924, "median": 1, "min": 0, "var": 0.0310263019055}, "silence_rate_60dB": {"dmean": 0.0211809072644, "dmean2": 0.0423679612577, "dvar": 0.0207316633314, "dvar2": 0.0437672324479, "max": 1, "mean": 0.58964318037, "median": 1, "min": 0, "var": 0.24194380641}, "spectral_centroid": {"dmean": 25.6136608124, "dmean2": 41.2667884827, "dvar": 18691.2011719, "dvar2": 20094.96875, "max": 11025.8476562, "mean": 406.387084961, "median": 395.714416504, "min": 123.979049683, "var": 30239.8378906}, "spectral_complexity": {"dmean": 0.617147803307, "dmean2": 1.07341849804, "dvar": 0.959298312664, "dvar2": 2.22744679451, "max": 24, "mean": 4.83608913422, "median": 4, "min": 0, "var": 17.4965343475}, "spectral_decrease": {"dmean": 6.8209837778e-10, "dmean2": 9.98681470854e-10, "dvar": 6.35038633094e-18, "dvar2": 1.29064875171e-17, "max": 2.78772823439e-20, "mean": -3.4579459296e-09, "median": -4.73462380413e-10, "min": -7.78737430096e-08, "var": 6.14988337528e-17}, "spectral_energy": {"dmean": 0.00269105448388, "dmean2": 0.00393631774932, "dvar": 0.000100453558844, "dvar2": 0.000203897550819, "max": 0.309415727854, "mean": 0.0135697349906, "median": 0.00184414989781, "min": 1.04332541077e-20, "var": 0.000957102922257}, "spectral_energyband_high": {"dmean": 7.1091483278e-07, "dmean2": 1.06878098904e-06, "dvar": 1.04350993124e-10, "dvar2": 2.50009929426e-10, "max": 0.000463246484287, "mean": 9.89624481917e-07, "median": 3.01816038828e-09, "min": 7.76251974655e-21, "var": 1.17766671415e-10}, "spectral_energyband_low": {"dmean": 0.000521539361216, "dmean2": 0.000761869363487, "dvar": 3.5167686292e-06, "dvar2": 7.43796272218e-06, "max": 0.0941647589207, "mean": 0.00301823951304, "median": 0.000145931568113, "min": 2.21215325382e-23, "var": 7.99568442744e-05}, "spectral_energyband_middle_high": {"dmean": 0.0001251402864, "dmean2": 0.00017423988902, "dvar": 8.65830770636e-07, "dvar2": 1.86575368843e-06, "max": 0.0625023245811, "mean": 0.000465679535409, "median": 2.62778685283e-05, "min": 1.48262451472e-21, "var": 2.33511104852e-06}, "spectral_energyband_middle_low": {"dmean": 0.0024293018505, "dmean2": 0.0035578366369, "dvar": 9.14726333576e-05, "dvar2": 0.000185920667718, "max": 0.297759383917, "mean": 0.010189563036, "median": 0.00130570947658, "min": 2.96207576388e-22, "var": 0.000678485317621}, "spectral_entropy": {"dmean": 0.119235262275, "dmean2": 0.193483874202, "dvar": 0.0282953251153, "dvar2": 0.0676464661956, "max": 9.80055332184, "mean": 5.08861398697, "median": 5.06509113312, "min": 3.60020875931, "var": 0.264420032501}, "spectral_flux": {"dmean": 0.00805989746004, "dmean2": 0.013175630942, "dvar": 0.000527628115378, "dvar2": 0.00129496946465, "max": 0.450660616159, "mean": 0.018771879375, "median": 0.010729894042, "min": 1.02143300762e-10, "var": 0.000780026253778}, "spectral_kurtosis": {"dmean": 51.3141326904, "dmean2": 90.7314224243, "dvar": 3168.34594727, "dvar2": 9577.57714844, "max": 691.969909668, "mean": 202.252304077, "median": 190.936767578, "min": -1.14839446545, "var": 12609.9853516}, "spectral_rms": {"dmean": 0.0002544017334, "dmean2": 0.000380643905373, "dvar": 3.73793227482e-07, "dvar2": 6.95854510013e-07, "max": 0.0173743776977, "mean": 0.00237586232834, "median": 0.00134133151732, "min": 3.19042080081e-12, "var": 7.59403064876e-06}, "spectral_rolloff": {"dmean": 47.9578208923, "dmean2": 84.6070785522, "dvar": 104591.671875, "dvar2": 117536.679688, "max": 19035.3515625, "mean": 480.686126709, "median": 495.263671875, "min": 21.533203125, "var": 123663.382812}, "spectral_skewness": {"dmean": 1.61074650288, "dmean2": 2.84026432037, "dvar": 2.46846485138, "dvar2": 6.93031549454, "max": 20.9722194672, "mean": 10.7672805786, "median": 11.0263309479, "min": -0.0127568673342, "var": 14.552901268}, "spectral_spread": {"dmean": 300323.65625, "dmean2": 529400.5625, "dvar": 217593266176, "dvar2": 312382193664, "max": 38944264, "mean": 910143.25, "median": 689675.1875, "min": 160646.640625, "var": 1358470184960.0}, "spectral_strongpeak": {"dmean": 0.188288882375, "dmean2": 0.295032799244, "dvar": 0.241663783789, "dvar2": 0.488097041845, "max": 10.9230012894, "mean": 0.805909216404, "median": 0.25311923027, "min": 0, "var": 2.32681941986}, "zerocrossingrate": {"dmean": 0.00185784883797, "dmean2": 0.00248058489524, "dvar": 6.80020166328e-05, "dvar2": 7.81487833592e-05, "max": 0.494140625, "mean": 0.0183762740344, "median": 0.01806640625, "min": 0.00048828125, "var": 0.000123828125652}, "barkbands": {"dmean": [4.00748067477e-05, 0.000268716190476, 0.000269670475973, 0.000111094093882, 0.000317685538903, 0.00037291913759, 0.000475229462609, 0.00139558839146, 0.000311273324769, 4.51544437965e-05, 5.51450502826e-05, 1.88029225683e-05, 1.65469864442e-05, 1.49680317918e-05, 1.32917193696e-05, 4.97232076668e-06, 9.79750348051e-06, 1.02276590042e-06, 2.03327044801e-06, 1.03621687231e-06, 1.78174502707e-07, 1.03250521022e-07, 1.16045718812e-07, 2.11145003703e-08, 1.42116229895e-09, 6.35138275307e-10, 7.16460502037e-10], "dmean2": [7.23475386621e-05, 0.000375197123503, 0.000418837269535, 0.000173527034349, 0.000544131209608, 0.000678353942931, 0.000653319584671, 0.00194698164705, 0.000441145646619, 7.07470171619e-05, 7.79365509516e-05, 2.61382483586e-05, 2.02627179533e-05, 2.13958483073e-05, 1.67717917066e-05, 6.84070937496e-06, 1.30068510771e-05, 1.40897657275e-06, 2.74608942163e-06, 1.63692379829e-06, 2.61996774498e-07, 1.71917662328e-07, 1.7902449656e-07, 3.75516435724e-08, 2.60150168074e-09, 1.13959242043e-09, 1.29083999045e-09], "dvar": [5.15587794681e-09, 1.2244613572e-06, 8.90753483418e-07, 9.66468718389e-08, 8.43670591166e-07, 4.15196609538e-06, 4.39372070105e-06, 6.25925677014e-05, 1.08320327854e-05, 7.61773364388e-08, 4.50852724043e-07, 2.6525192709e-08, 1.22781598222e-08, 5.81111425646e-09, 1.46799967737e-08, 2.47855047597e-09, 8.53305515136e-09, 6.92063212293e-11, 3.99931698869e-10, 3.82481851746e-10, 4.79540972903e-12, 2.92085930095e-12, 5.04802970258e-12, 1.12396406743e-13, 5.95971746413e-16, 9.29565637334e-18, 3.14936507123e-18], "dvar2": [1.5509083795e-08, 2.09186896427e-06, 2.22484140977e-06, 2.06508531164e-07, 2.42876558332e-06, 1.24729886011e-05, 8.56276710692e-06, 0.000122873898363, 1.92139123101e-05, 1.99227514486e-07, 9.94519723463e-07, 6.02429466312e-08, 1.75619803144e-08, 1.11965414717e-08, 2.62104737914e-08, 4.98512742197e-09, 1.66662239565e-08, 1.49444664976e-10, 8.11733347206e-10, 9.70705293923e-10, 1.16859135216e-11, 7.75475690606e-12, 1.14722554373e-11, 3.0891128956e-13, 1.73524037783e-15, 2.57913045566e-17, 1.02125819465e-17], "max": [0.00118749076501, 0.0722526460886, 0.042594961822, 0.0156774669886, 0.0322426520288, 0.0620425529778, 0.0963391885161, 0.273022830486, 0.149536371231, 0.0106598408893, 0.0504782795906, 0.0107623962685, 0.00574710220098, 0.00306875980459, 0.00555249350145, 0.00228497711942, 0.00446912739426, 0.000363999104593, 0.000922384439036, 0.00105127028655, 0.000101827732578, 6.03837434028e-05, 0.000136303948238, 1.26591112348e-05, 1.33994205953e-06, 1.68788460542e-07, 3.45054829154e-08], "mean": [3.96651957999e-05, 0.00146943517029, 0.00144160061609, 0.000351106602466, 0.00126570148859, 0.00079045270104, 0.00201636599377, 0.00476805772632, 0.000919492391404, 0.000136451446451, 0.000137349197757, 6.40649159322e-05, 4.48037244496e-05, 4.5541626605e-05, 3.71790993086e-05, 1.14058366307e-05, 2.21253067139e-05, 2.01402190214e-06, 4.90783668283e-06, 1.41532132147e-06, 2.9765166687e-07, 8.94288945119e-08, 1.25415027696e-07, 1.83458759295e-08, 1.17104081987e-09, 7.31277316479e-10, 2.20069007462e-09], "median": [1.52200382217e-05, 3.16773803206e-05, 4.38293354819e-05, 4.77795329061e-05, 0.000220123678446, 0.000105292507214, 0.000148418999743, 7.69673642935e-05, 1.03484508145e-05, 7.93875551608e-06, 6.02417730988e-06, 1.23982931655e-06, 3.63533501968e-07, 6.91133095643e-07, 7.86149740861e-08, 5.43726805802e-08, 3.13103249994e-08, 3.43032091621e-09, 2.48434983696e-09, 4.66631289164e-10, 1.95397586999e-10, 1.3638271068e-10, 1.03164199405e-10, 1.01808214636e-10, 1.1296811403e-10, 2.41849901217e-10, 1.80969528252e-09], "min": [4.82849737846e-23, 5.98716712526e-24, 2.21746059166e-24, 5.73023512843e-24, 1.94118568599e-23, 2.12026026692e-23, 8.17871675218e-23, 8.28622713397e-23, 6.07548988547e-23, 6.63547510527e-23, 3.9750650527e-23, 8.75524659398e-23, 8.562635791e-23, 1.53391112634e-22, 1.7690621056e-22, 1.5492506213e-22, 1.49807487935e-22, 1.39504005258e-22, 2.89010135706e-22, 4.89038225429e-22, 3.60625453037e-22, 4.49388334528e-22, 6.19555199089e-22, 9.07261833657e-22, 1.32833160154e-21, 1.61863756435e-21, 2.33206226342e-21], "var": [5.38600009037e-09, 2.74011217698e-05, 1.84530945262e-05, 9.03997488422e-07, 8.73708086147e-06, 5.84633153267e-06, 3.93122063542e-05, 0.000445588957518, 4.92636499985e-05, 2.49387539952e-07, 7.80391303579e-07, 7.08061946852e-08, 6.96070401318e-08, 3.56242004784e-08, 6.83410803504e-08, 6.04261929382e-09, 2.18662261631e-08, 1.40068678878e-10, 1.36965228048e-09, 4.06514655271e-10, 6.69884850715e-12, 2.17303562297e-12, 5.68911194196e-12, 8.01431471642e-14, 3.45494813018e-16, 8.35154716376e-18, 2.87384154894e-18]}, "erbbands": {"dmean": [0.0018274160102, 0.0801367685199, 0.342245817184, 0.232999637723, 1.01744794846, 0.9280154109, 0.7070505023, 3.82974720001, 5.085272789, 21.6910915375, 22.1753005981, 9.10116386414, 1.70104765892, 1.17756557465, 2.13507294655, 0.83254045248, 0.804597258568, 0.781531870365, 0.85205167532, 0.33141463995, 0.252732604742, 0.573786556721, 0.0986910685897, 0.121701993048, 0.0820043161511, 0.0292127504945, 0.0140881026164, 0.00723823346198, 0.00392026593909, 0.00241313548759, 0.0036660975311, 0.000874782970641, 0.000187891797395, 2.63554811681e-05, 1.00211173049e-05, 3.48171010955e-06, 1.52741642978e-06, 4.75395296462e-07, 1.30598334636e-06, 3.02775174532e-06], "dmean2": [0.00251898099668, 0.113244690001, 0.525076508522, 0.353089720011, 1.72851872444, 1.59476995468, 1.07881140709, 6.96355581284, 7.49064064026, 30.0895080566, 30.8164138794, 12.4479970932, 2.57429361343, 1.82166016102, 3.07046294212, 1.09225749969, 0.970461547375, 1.11386227608, 1.09308791161, 0.415988266468, 0.345219224691, 0.750402390957, 0.140876531601, 0.158858373761, 0.120488591492, 0.0457008220255, 0.0211055036634, 0.0107023920864, 0.00661892257631, 0.00387796526775, 0.00552177987993, 0.00148696149699, 0.000342712708516, 4.69431324746e-05, 1.78893151315e-05, 5.8864688981e-06, 2.53430539487e-06, 8.11079473806e-07, 1.90708988157e-06, 4.4236398935e-06], "dvar": [5.05992211401e-05, 0.105152375996, 1.50143015385, 0.427718192339, 6.29715204239, 15.3250589371, 6.84345722198, 427.156433105, 496.67376709, 14345.0947266, 20215.078125, 7969.3203125, 94.7084655762, 46.7686500549, 1202.3416748, 35.1705284119, 30.2040138245, 14.7717599869, 49.4398384094, 5.08204841614, 4.85034132004, 36.8743476868, 0.953167915344, 1.6943526268, 1.01339030266, 0.203810185194, 0.0495623722672, 0.00817987695336, 0.00419868249446, 0.0015912016388, 0.00594899337739, 0.000204110241611, 1.32513750941e-05, 1.69121207705e-07, 2.88205335153e-08, 4.23827695162e-10, 2.89257593572e-11, 1.91937286377e-12, 2.39455330564e-11, 1.29548663463e-10], "dvar2": [7.5457523053e-05, 0.18792514503, 3.6663877964, 0.905956983566, 16.6132526398, 46.8593292236, 16.2410354614, 1283.09936523, 1039.24621582, 29290.0136719, 38709, 13930.3427734, 218.775772095, 127.257995605, 2721.4465332, 73.6722946167, 41.9368896484, 28.4711990356, 87.0817947388, 9.44513130188, 9.95780754089, 69.680847168, 2.35077357292, 3.21765422821, 2.5807826519, 0.52238214016, 0.114120818675, 0.0197695344687, 0.0111961066723, 0.00392423756421, 0.013164809905, 0.000537223182619, 3.84199811378e-05, 4.81835627397e-07, 8.35695601609e-08, 1.10123388186e-09, 7.13827122412e-11, 5.18495532967e-12, 4.82274185865e-11, 2.62501853587e-10], "max": [0.52001863718, 20.4061260223, 51.1259727478, 23.5073051453, 138.080551147, 139.104797363, 120.633605957, 616.638244629, 760.71484375, 4875.14990234, 5651.14404297, 4113.37060547, 401.365936279, 190.205718994, 2698.39404297, 384.101867676, 292.314971924, 151.669006348, 324.281616211, 70.8129959106, 95.3575592041, 314.621520996, 39.2396354675, 61.3608093262, 49.4025993347, 23.4693622589, 12.8651332855, 4.6743350029, 2.14634537697, 2.18921613693, 4.86928510666, 0.534127533436, 0.18555906415, 0.0186074059457, 0.00973771419376, 0.00108992203604, 0.000149502491695, 3.2214607927e-05, 0.00015114134294, 0.000350993796019], "mean": [0.00877967942506, 0.446206271648, 1.93413174152, 0.995813965797, 4.11577510834, 3.22816514969, 2.74854302406, 7.64464855194, 20.0585594177, 75.6221237183, 82.970664978, 31.0568466187, 5.31080389023, 3.69853615761, 5.50717496872, 2.96845149994, 2.44305443764, 2.44640946388, 2.47812461853, 0.859003245831, 0.652151405811, 1.26747703552, 0.208738565445, 0.317400425673, 0.142302557826, 0.0425869189203, 0.0196645427495, 0.0121387317777, 0.0036363012623, 0.00268508587033, 0.00400012964383, 0.000800998881459, 0.000158890165039, 3.00315787172e-05, 1.56064033945e-05, 9.29571342567e-06, 5.31516525371e-06, 1.52792017616e-06, 6.73654221828e-06, 1.52094653458e-05], "median": [0.000611124385614, 0.00870830751956, 0.0535793937743, 0.142754465342, 0.658495247364, 0.492968678474, 0.400978624821, 1.08474969864, 2.39045381546, 3.01531124115, 1.41618871689, 0.622784733772, 0.2915148139, 0.278720915318, 0.266176819801, 0.0897254496813, 0.0389073602855, 0.0419086739421, 0.01388199348, 0.0065376739949, 0.00346568645909, 0.00189911574125, 0.000525621813722, 0.00026448641438, 6.56269403407e-05, 2.56512976193e-05, 1.19169053505e-05, 8.29205509945e-06, 5.89365299675e-06, 4.90197817271e-06, 4.14778423874e-06, 3.53241102857e-06, 2.94484357255e-06, 2.43854083237e-06, 1.94950871446e-06, 1.45963235809e-06, 1.01733189695e-06, 6.34392335996e-07, 1.13083353881e-06, 2.07602511182e-06], "min": [3.27815150267e-22, 1.22612945848e-21, 3.08132997476e-21, 6.78303369592e-21, 4.1867720855e-20, 6.11505740162e-20, 2.20604338929e-19, 1.7102111676e-19, 1.22794775818e-18, 1.29401394992e-18, 1.63574521523e-18, 1.22133951566e-18, 2.29599860882e-18, 1.21309231816e-18, 2.44919556019e-18, 3.44377891716e-18, 4.39790879948e-18, 6.17518327335e-18, 1.21598602342e-17, 6.14717411062e-18, 8.49012307742e-18, 8.28751593972e-18, 8.27102195831e-18, 1.3241077939e-17, 1.24977742678e-17, 2.52954180512e-17, 1.64672303933e-17, 1.53324659787e-17, 1.99650463315e-17, 1.28106048764e-17, 1.76454879645e-17, 1.90889131703e-17, 1.42997045141e-17, 1.55214932923e-17, 9.07512340459e-18, 6.53127046498e-18, 3.14396130708e-18, 1.05531082164e-18, 3.61650601639e-19, 3.22124422303e-20], "var": [0.00110252958257, 2.35272908211, 33.1720581055, 5.135201931, 122.857276917, 58.5096206665, 49.6953430176, 532.982788086, 3164.85205078, 100207.25, 166778.25, 39004.1875, 409.707824707, 101.448204041, 1812.49987793, 144.32019043, 180.705825806, 90.0349884033, 235.471511841, 16.8515148163, 12.9477519989, 94.7373046875, 1.5848275423, 6.64112472534, 1.27628064156, 0.213221743703, 0.0587615780532, 0.0114493472502, 0.00311343418434, 0.00155276688747, 0.00699111539871, 0.000159266026458, 7.99938425189e-06, 1.09239373103e-07, 1.76440213551e-08, 7.28219262669e-10, 1.44824430226e-10, 7.64084542165e-12, 2.23208979078e-10, 1.21271037656e-09]}, "gfcc": {"mean": [-363.755432129, 246.745574951, -61.443359375, -62.9109687805, -30.7215023041, -24.3180999756, -25.1906871796, -9.36917209625, -4.64824390411, -9.15184116364, -3.43232727051, -10.5227174759, -10.7329111099], "cov": [[23465.1914062, 3281.20678711, -6056.50732422, 844.900756836, 1799.06762695, -1081.25756836, 240.235198975, 605.145690918, 305.716247559, -498.892944336, 228.32220459, -900.608703613, -328.54901123], [3281.20678711, 1604.06445312, -424.705291748, -321.825561523, 450.74230957, -5.36363315582, -89.7353439331, -3.56971669197, -51.0070648193, -223.741653442, -0.566070735455, -120.5962677, -36.3859863281], [-6056.50732422, -424.705291748, 2544.25292969, 53.4049835205, -474.91027832, 437.309082031, 77.1031723022, -147.08644104, -56.5546836853, 86.895362854, -112.470085144, 138.904342651, 6.83561992645], [844.900756836, -321.825561523, 53.4049835205, 679.965698242, 130.623458862, -53.2724380493, 206.557647705, 138.426040649, 43.0670928955, -1.90808796883, -9.73620414734, -67.216217041, -58.9550666809], [1799.06762695, 450.74230957, -474.91027832, 130.623458862, 522.93536377, -7.23208999634, -2.65468478203, 122.094535828, -6.22008752823, -105.15020752, 29.6409282684, -37.039100647, -26.6827983856], [-1081.25756836, -5.36363315582, 437.309082031, -53.2724380493, -7.23208999634, 298.769989014, 62.057636261, -96.7234802246, -28.8585929871, 19.3495674133, -42.264755249, 39.7707138062, 41.9494476318], [240.235198975, -89.7353439331, 77.1031723022, 206.557647705, -2.65468478203, 62.057636261, 207.703613281, 66.9833602905, -5.32637166977, 11.4333972931, -28.01130867, -54.219329834, -17.2512321472], [605.145690918, -3.56971669197, -147.08644104, 138.426040649, 122.094535828, -96.7234802246, 66.9833602905, 213.720932007, 76.5073547363, -36.0966339111, 19.7678585052, -37.8924484253, -68.093170166], [305.716247559, -51.0070648193, -56.5546836853, 43.0670928955, -6.22008752823, -28.8585929871, -5.32637166977, 76.5073547363, 136.531967163, 49.5207099915, 9.41640472412, -23.5198364258, -24.6071720123], [-498.892944336, -223.741653442, 86.895362854, -1.90808796883, -105.15020752, 19.3495674133, 11.4333972931, -36.0966339111, 49.5207099915, 145.006332397, 32.7158699036, -2.93771004677, 21.0346183777], [228.32220459, -0.566070735455, -112.470085144, -9.73620414734, 29.6409282684, -42.264755249, -28.01130867, 19.7678585052, 9.41640472412, 32.7158699036, 94.1031570435, 38.8988380432, -10.0567588806], [-900.608703613, -120.5962677, 138.904342651, -67.216217041, -37.039100647, 39.7707138062, -54.219329834, -37.8924484253, -23.5198364258, -2.93771004677, 38.8988380432, 151.754867554, 65.4479217529], [-328.54901123, -36.3859863281, 6.83561992645, -58.9550666809, -26.6827983856, 41.9494476318, -17.2512321472, -68.093170166, -24.6071720123, 21.0346183777, -10.0567588806, 65.4479217529, 109.237724304]], "icov": [[0.000853111792821, -0.00163373269606, 0.00175950280391, -0.00189933739603, 0.000838290376123, -0.000185351032997, -0.000624177744612, 0.000975901435595, -0.00189197738655, 0.0015085961204, -0.00216434686445, 0.00209176912904, -0.000496974098496], [-0.00163373269606, 0.00611863378435, -0.00459780404344, 0.00693956576288, -0.00561614334583, 0.0036597030703, -0.00364078721032, 0.00433156639338, -0.00190704618581, 0.0045454762876, -0.00107088661753, 0.000477572582895, -0.00118436559569], [0.00175950280391, -0.00459780404344, 0.00515047600493, -0.00600823108107, 0.00461956858635, -0.0038965807762, 0.00242572883144, -0.00225947587751, -2.36814685195e-05, -0.000912682386115, -0.00110284029506, 0.00178177235648, 0.00079633819405], [-0.00189933739603, 0.00693956576288, -0.00600823108107, 0.0113856252283, -0.00868393667042, 0.00778781110421, -0.00967813748866, 0.00786196812987, -0.00474921613932, 0.00489404425025, -0.000185818469618, -0.00159603205975, 0.000307104288368], [0.000838290376123, -0.00561614334583, 0.00461956858635, -0.00868393667042, 0.0121030714363, -0.0104575902224, 0.0120873283595, -0.0138766672462, 0.00936335884035, -0.00636748224497, 0.00167861860245, 0.000193768559257, -0.000720237498172], [-0.000185351032997, 0.0036597030703, -0.0038965807762, 0.00778781110421, -0.0104575902224, 0.0168228615075, -0.0167409479618, 0.0178189687431, -0.0127241248265, 0.00811225641519, -0.00224943761714, -0.00117789395154, 0.000627601577435], [-0.000624177744612, -0.00364078721032, 0.00242572883144, -0.00967813748866, 0.0120873283595, -0.0167409479618, 0.0285646636039, -0.0257098879665, 0.0215472243726, -0.016445338726, 0.00983993243426, -0.00102584064007, -0.0010579089867], [0.000975901435595, 0.00433156639338, -0.00225947587751, 0.00786196812987, -0.0138766672462, 0.0178189687431, -0.0257098879665, 0.0361535586417, -0.0281453784555, 0.0228398758918, -0.0144096165895, 0.00567904720083, 0.00153888540808], [-0.00189197738655, -0.00190704618581, -2.36814685195e-05, -0.00474921613932, 0.00936335884035, -0.0127241248265, 0.0215472243726, -0.0281453784555, 0.0340748243034, -0.0264552235603, 0.0184431467205, -0.01064575091, 0.00499071553349], [0.0015085961204, 0.0045454762876, -0.000912682386115, 0.00489404425025, -0.00636748224497, 0.00811225641519, -0.016445338726, 0.0228398758918, -0.0264552235603, 0.0391505435109, -0.0297164898366, 0.0218609590083, -0.0136122731492], [-0.00216434686445, -0.00107088661753, -0.00110284029506, -0.000185818469618, 0.00167861860245, -0.00224943761714, 0.00983993243426, -0.0144096165895, 0.0184431467205, -0.0297164898366, 0.0404896698892, -0.0272181518376, 0.0168596226722], [0.00209176912904, 0.000477572582895, 0.00178177235648, -0.00159603205975, 0.000193768559257, -0.00117789395154, -0.00102584064007, 0.00567904720083, -0.01064575091, 0.0218609590083, -0.0272181518376, 0.0324946567416, -0.0192267950624], [-0.000496974098496, -0.00118436559569, 0.00079633819405, 0.000307104288368, -0.000720237498172, 0.000627601577435, -0.0010579089867, 0.00153888540808, 0.00499071553349, -0.0136122731492, 0.0168596226722, -0.0192267950624, 0.0245732180774]]}, "melbands": {"dmean": [4.367515794e-05, 0.000156026144396, 6.00146122451e-05, 7.78677640483e-05, 2.61382629105e-05, 8.32582518342e-05, 8.21917928988e-05, 0.000263199879555, 0.000166422294569, 4.48154023616e-05, 7.0881760621e-06, 4.7468934099e-06, 7.81611379352e-06, 3.01607519759e-06, 2.00578301701e-06, 1.23176528177e-06, 1.63478819104e-06, 1.33788728363e-06, 6.85191253069e-07, 4.24319779313e-07, 2.59821206328e-07, 6.99868792253e-07, 1.9963593445e-07, 4.86859654814e-08, 1.15194779937e-07, 4.81646509343e-08, 5.99468492624e-08, 1.19385470398e-08, 1.16070966172e-08, 7.15637415993e-09, 2.85275092438e-09, 2.84710655052e-09, 1.13335973939e-09, 1.46592193939e-09, 2.91621149451e-09, 8.3850276722e-10, 3.79464598632e-10, 1.55742946317e-10, 3.56183901817e-11, 1.47525654887e-11], "dmean2": [6.02985855949e-05, 0.000232500664424, 9.54043425736e-05, 0.000134963658638, 4.04682141379e-05, 0.000150874562678, 0.000122162426123, 0.000368611275917, 0.000230448815273, 6.1664293753e-05, 1.11606314022e-05, 7.55176233724e-06, 1.10437158582e-05, 4.27466284236e-06, 2.47294178735e-06, 1.52534789777e-06, 2.38152529164e-06, 1.74220667759e-06, 8.72149485076e-07, 5.57628595743e-07, 3.69775250419e-07, 9.02140641301e-07, 2.97496313806e-07, 6.6253427633e-08, 1.50608485683e-07, 6.65413608658e-08, 9.4212467161e-08, 1.86601365471e-08, 1.76149050901e-08, 1.02825508108e-08, 4.32644409187e-09, 4.82850426309e-09, 1.87969639853e-09, 2.29444863109e-09, 4.33988178727e-09, 1.45434175813e-09, 6.66863564369e-10, 2.84279877416e-10, 6.52613449392e-11, 2.6900601538e-11], "dvar": [3.18362438634e-08, 3.26959508357e-07, 2.3720765796e-08, 4.59995561641e-08, 1.2139993899e-08, 2.09487197367e-07, 1.23873363123e-07, 2.21732625505e-06, 1.15728721539e-06, 2.26897498123e-07, 1.97788030398e-09, 8.60852056306e-10, 8.76477024292e-09, 2.36672947906e-09, 1.22196863739e-10, 6.04126887405e-11, 7.38213587481e-11, 1.02242894706e-10, 3.27014040846e-11, 1.66923835865e-11, 5.09856436584e-12, 5.55090903798e-11, 5.04228559947e-12, 1.96081784707e-13, 1.71947720819e-12, 2.0427539868e-13, 1.24353511429e-12, 2.61891118465e-14, 5.09370852247e-14, 8.26589976479e-15, 1.47184182448e-15, 2.52384880403e-15, 5.08102507229e-16, 5.21477739801e-16, 4.04239274297e-15, 2.79625295874e-16, 3.51220491043e-17, 1.0307488514e-17, 5.70292797386e-19, 7.46392337817e-20], "dvar2": [5.07923481052e-08, 7.30881936306e-07, 5.45624061488e-08, 1.3532442722e-07, 3.18581321324e-08, 6.1923924477e-07, 2.62487873215e-07, 4.52600670542e-06, 2.21486357077e-06, 3.9390999973e-07, 4.91392038171e-09, 2.47066700432e-09, 1.93172304819e-08, 5.53326406916e-09, 1.86355791909e-10, 9.37465868822e-11, 1.43081643755e-10, 1.81320375381e-10, 6.01665869904e-11, 3.22541750253e-11, 1.07225010121e-11, 1.02782789224e-10, 1.31022432487e-11, 3.80600607454e-13, 3.17293153557e-12, 4.68620585045e-13, 3.17867021767e-12, 6.25368287428e-14, 1.13706068758e-13, 1.9574260561e-14, 3.63209548903e-15, 6.656691325e-15, 1.36697543984e-15, 1.23394870371e-15, 8.59591650653e-15, 7.7385189465e-16, 9.70890472315e-17, 3.01276219012e-17, 1.61345828119e-18, 2.16935792912e-19], "max": [0.0123471524566, 0.0258895102888, 0.0059958435595, 0.00773085700348, 0.00428874697536, 0.0142514593899, 0.0117850452662, 0.0622017607093, 0.0431131087244, 0.0221240110695, 0.00199150876142, 0.000838503241539, 0.00707190763205, 0.00379755790345, 0.000515742052812, 0.000378086406272, 0.000346442335285, 0.000456493784441, 0.000251669407589, 0.000170954066562, 8.28461852507e-05, 0.000387632404454, 9.61117621046e-05, 2.30024525081e-05, 6.08454283793e-05, 1.57237554959e-05, 6.13531738054e-05, 8.99216865946e-06, 1.47041073433e-05, 3.57402177542e-06, 1.93189111997e-06, 1.83141162324e-06, 1.32079105697e-06, 1.14084980396e-06, 4.04663569498e-06, 6.08137725067e-07, 1.78177401722e-07, 1.67010341556e-07, 4.17751770954e-08, 1.47986680687e-08], "mean": [0.000232348626014, 0.000894315075129, 0.000278629973764, 0.000299371778965, 9.72646957962e-05, 0.000170031096786, 0.000326481735101, 0.000887801405042, 0.000617223093286, 0.000141423312016, 1.96382970898e-05, 1.36759708766e-05, 2.0339510229e-05, 8.74311353982e-06, 6.38090068605e-06, 3.76307934857e-06, 4.8374868129e-06, 3.8417383621e-06, 1.88519447875e-06, 9.74927729658e-07, 6.59951183479e-07, 1.5623282934e-06, 3.83770128565e-07, 9.51024006213e-08, 3.06891536184e-07, 8.6316795489e-08, 8.55371951047e-08, 1.6369854805e-08, 1.46609151486e-08, 1.18826131157e-08, 4.41257741457e-09, 2.39453123996e-09, 1.01305019928e-09, 1.68720726279e-09, 3.27768123753e-09, 6.47641273943e-10, 3.20224291528e-10, 1.15382495225e-10, 2.82461762313e-11, 1.2209717612e-11], "median": [9.91760589386e-06, 2.22919152293e-05, 4.31153239333e-05, 5.13557170052e-05, 1.39179601319e-05, 2.21874506678e-05, 3.28850182996e-05, 2.90701609629e-05, 1.00217694126e-05, 1.9435537979e-06, 9.2965967724e-07, 9.28073291107e-07, 9.46515797295e-07, 2.21986539373e-07, 1.20057336517e-07, 3.34707834782e-08, 7.32255927005e-08, 2.08754507014e-08, 5.32324140323e-09, 5.25056886858e-09, 2.03864214399e-09, 1.60197521915e-09, 7.17006676254e-10, 1.39395245347e-10, 1.89709137288e-10, 3.9066461871e-11, 2.53525759414e-11, 9.60126249339e-12, 6.0823819939e-12, 4.59440298306e-12, 3.79421624327e-12, 2.65685889088e-12, 2.28313591991e-12, 1.95590570649e-12, 1.67334288786e-12, 1.40292465145e-12, 1.28445453058e-12, 1.12965864961e-12, 1.04766217403e-12, 9.72633974229e-13], "min": [4.28906356296e-24, 1.5285245987e-24, 2.43129948382e-24, 3.76292804905e-24, 6.30150453016e-24, 4.90323319287e-24, 1.69210427512e-23, 1.50525972982e-23, 1.40334047858e-23, 7.15423871402e-24, 1.16418909101e-23, 5.02163845373e-24, 7.14481261506e-24, 1.07254554193e-23, 7.99903301286e-24, 8.52206199252e-24, 1.17682506499e-23, 1.97606091107e-23, 1.04362014246e-23, 1.03891679597e-23, 9.58514593675e-24, 8.58101830113e-24, 8.12496045688e-24, 6.65825346391e-24, 1.13682839715e-23, 1.01357692709e-23, 8.81894032787e-24, 1.96509606003e-23, 1.05925528672e-23, 9.22024333669e-24, 8.29395497317e-24, 1.19999880072e-23, 7.14191039579e-24, 7.90960379634e-24, 9.42191010508e-24, 1.36248631893e-23, 1.07238358879e-23, 1.04242919915e-23, 9.78594811359e-24, 1.41938527831e-23], "var": [7.19021102213e-07, 7.28402164896e-06, 4.20007751245e-07, 4.91265041092e-07, 5.92880482486e-08, 2.86136668137e-07, 8.37970503653e-07, 1.48448443724e-05, 9.4737542895e-06, 1.07976848085e-06, 7.7768982365e-09, 1.47723577815e-09, 1.5505031925e-08, 3.4868936627e-09, 7.58160811909e-10, 3.40679623401e-10, 4.28893809357e-10, 4.85179285636e-10, 1.47573606113e-10, 4.29573807081e-11, 1.49808377509e-11, 1.47221415614e-10, 6.82699860186e-12, 4.38849965482e-13, 7.0854446442e-12, 3.53229652559e-13, 1.30103133128e-12, 2.831079216e-14, 5.95614594971e-14, 1.24052413578e-14, 1.77217652005e-15, 1.87620868311e-15, 3.85432019434e-16, 5.6027613689e-16, 5.08632188695e-15, 1.83054579867e-16, 2.50870413287e-17, 5.98713492802e-18, 3.54078073323e-19, 4.37154193924e-20]}, "mfcc": {"mean": [-927.752990723, 198.81703186, 51.5955810547, -0.576109468937, -6.33082818985, -10.1224546432, -9.21100521088, -5.87001037598, -4.33332204819, -0.916670978069, 2.78276848793, 3.62986207008, 1.69691956043], "cov": [[9497.9921875, 5417.29394531, -2387.00952148, -770.626281738, 477.655303955, -42.4143486023, -30.1039295197, 147.686340332, 43.303024292, 165.444473267, 207.118392944, 176.270217896, -15.6367559433], [5417.29394531, 3899.9934082, -706.083068848, -641.767822266, 233.292572021, 59.9756546021, 19.8623828888, 91.2261810303, 20.9544258118, 29.5550174713, 98.4944534302, 73.9167022705, -46.2148284912], [-2387.00952148, -706.083068848, 1437.62817383, 263.648803711, -225.739624023, 63.4673042297, 64.6176986694, -0.781891703606, 2.00942850113, -69.3736724854, -66.2412796021, -49.5112419128, -18.3449611664], [-770.626281738, -641.767822266, 263.648803711, 489.594299316, 81.8069152832, -46.7973937988, 44.9987258911, 63.1775665283, 35.5837287903, 27.7663135529, 15.2136983871, 27.1122303009, 35.1436080933], [477.655303955, 233.292572021, -225.739624023, 81.8069152832, 306.681793213, 104.706329346, 37.3659362793, 77.3733215332, 39.3652839661, 15.3453092575, 31.491771698, 27.2298412323, 19.3632717133], [-42.4143486023, 59.9756546021, 63.4673042297, -46.7973937988, 104.706329346, 231.431518555, 119.72203064, 28.8874263763, 34.6117515564, 18.0498924255, -7.92312669754, -13.4833507538, -15.6151437759], [-30.1039295197, 19.8623828888, 64.6176986694, 44.9987258911, 37.3659362793, 119.72203064, 171.062255859, 86.0638961792, 22.2354927063, 5.87931919098, 4.37572240829, -5.95651054382, -15.7984313965], [147.686340332, 91.2261810303, -0.781891703606, 63.1775665283, 77.3733215332, 28.8874263763, 86.0638961792, 143.466659546, 50.8839111328, -10.037528038, 9.58494091034, 16.6771774292, 5.28520679474], [43.303024292, 20.9544258118, 2.00942850113, 35.5837287903, 39.3652839661, 34.6117515564, 22.2354927063, 50.8839111328, 108.472640991, 66.0070953369, 9.76393413544, 13.9769210815, 3.34050273895], [165.444473267, 29.5550174713, -69.3736724854, 27.7663135529, 15.3453092575, 18.0498924255, 5.87931919098, -10.037528038, 66.0070953369, 120.67565155, 64.5769119263, 22.4387130737, 3.2083003521], [207.118392944, 98.4944534302, -66.2412796021, 15.2136983871, 31.491771698, -7.92312669754, 4.37572240829, 9.58494091034, 9.76393413544, 64.5769119263, 104.014533997, 65.0355682373, 7.39142179489], [176.270217896, 73.9167022705, -49.5112419128, 27.1122303009, 27.2298412323, -13.4833507538, -5.95651054382, 16.6771774292, 13.9769210815, 22.4387130737, 65.0355682373, 92.5753936768, 44.2084007263], [-15.6367559433, -46.2148284912, -18.3449611664, 35.1436080933, 19.3632717133, -15.6151437759, -15.7984313965, 5.28520679474, 3.34050273895, 3.2083003521, 7.39142179489, 44.2084007263, 85.44871521]], "icov": [[0.0731822997332, -0.103167697787, 0.103929936886, -0.102960728109, 0.103651791811, -0.101255439222, 0.0985668376088, -0.0941864103079, 0.0856053754687, -0.0744460225105, 0.060001142323, -0.0391890332103, 0.0188436936587], [-0.103167697787, 0.145914420485, -0.146733865142, 0.146294131875, -0.147233992815, 0.143799141049, -0.139590129256, 0.132339939475, -0.11974324286, 0.103362210095, -0.0830888822675, 0.0537640973926, -0.0258119236678], [0.103929936886, -0.146733865142, 0.149345576763, -0.148554071784, 0.15046556294, -0.147058606148, 0.141577139497, -0.133121192455, 0.118238538504, -0.100211925805, 0.0801568105817, -0.0518985278904, 0.0253151450306], [-0.102960728109, 0.146294131875, -0.148554071784, 0.152406662703, -0.152937233448, 0.150580912828, -0.144138976932, 0.131437450647, -0.115093573928, 0.0942778140306, -0.0742444247007, 0.0472390390933, -0.0239568278193], [0.103651791811, -0.147233992815, 0.15046556294, -0.152937233448, 0.160253062844, -0.156025022268, 0.148561865091, -0.136723563075, 0.115272969007, -0.0932328477502, 0.0710896551609, -0.0454668551683, 0.0220053382218], [-0.101255439222, 0.143799141049, -0.147058606148, 0.150580912828, -0.156025022268, 0.160825625062, -0.153021514416, 0.137921065092, -0.117971226573, 0.0938725396991, -0.0712820291519, 0.045890275389, -0.0228243842721], [0.0985668376088, -0.139590129256, 0.141577139497, -0.144138976932, 0.148561865091, -0.153021514416, 0.15680450201, -0.143536016345, 0.124111615121, -0.103855155408, 0.0798561424017, -0.0508407317102, 0.026900915429], [-0.0941864103079, 0.132339939475, -0.133121192455, 0.131437450647, -0.136723563075, 0.137921065092, -0.143536016345, 0.151491120458, -0.138508811593, 0.124250158668, -0.0992851257324, 0.0633172169328, -0.0314394682646], [0.0856053754687, -0.11974324286, 0.118238538504, -0.115093573928, 0.115272969007, -0.117971226573, 0.124111615121, -0.138508811593, 0.154522627592, -0.143232345581, 0.120272517204, -0.0796601474285, 0.0376037359238], [-0.0744460225105, 0.103362210095, -0.100211925805, 0.0942778140306, -0.0932328477502, 0.0938725396991, -0.103855155408, 0.124250158668, -0.143232345581, 0.152453020215, -0.130861580372, 0.0856148451567, -0.0397135689855], [0.060001142323, -0.0830888822675, 0.0801568105817, -0.0742444247007, 0.0710896551609, -0.0712820291519, 0.0798561424017, -0.0992851257324, 0.120272517204, -0.130861580372, 0.134284481406, -0.0923622474074, 0.0419364832342], [-0.0391890332103, 0.0537640973926, -0.0518985278904, 0.0472390390933, -0.0454668551683, 0.045890275389, -0.0508407317102, 0.0633172169328, -0.0796601474285, 0.0856148451567, -0.0923622474074, 0.0800157040358, -0.0367992259562], [0.0188436936587, -0.0258119236678, 0.0253151450306, -0.0239568278193, 0.0220053382218, -0.0228243842721, 0.026900915429, -0.0314394682646, 0.0376037359238, -0.0397135689855, 0.0419364832342, -0.0367992259562, 0.0296717472374]]}, "spectral_contrast_coeffs": {"dmean": [0.0347064994276, 0.0307005345821, 0.0212130956352, 0.017408490181, 0.0139570795, 0.0267647970468], "dmean2": [0.059885982424, 0.0503891892731, 0.0332764051855, 0.0272343195975, 0.0223507881165, 0.0475559234619], "dvar": [0.000838695152197, 0.000909021822736, 0.000419947813498, 0.000339110556524, 0.000245992385317, 0.000885427114554], "dvar2": [0.00241111055948, 0.00219783606008, 0.000956360250711, 0.000750507810153, 0.000537338142749, 0.00252178753726], "max": [-0.353200674057, -0.278219223022, -0.445995628834, -0.49265640974, -0.522795200348, -0.60007584095], "mean": [-0.622005164623, -0.679347336292, -0.740265071392, -0.746563494205, -0.785158753395, -0.896520733833], "median": [-0.614553451538, -0.686975061893, -0.74855530262, -0.748522043228, -0.788387060165, -0.907040953636], "min": [-0.979129612446, -0.946177482605, -0.9586982131, -0.96371948719, -0.956811249256, -0.963888943195], "var": [0.00734832882881, 0.0101904952899, 0.00558232143521, 0.00467504747212, 0.00853026472032, 0.00247690617107]}, "spectral_contrast_valleys": {"dmean": [0.357859641314, 0.272153258324, 0.24274481833, 0.228982403874, 0.217287495732, 0.613106846809], "dmean2": [0.597583651543, 0.448753625154, 0.391216188669, 0.369307041168, 0.358055531979, 1.08673918247], "dvar": [0.133548378944, 0.128680735826, 0.121225692332, 0.125959917903, 0.13382871449, 0.37947127223], "dvar2": [0.276572436094, 0.223568961024, 0.208731517196, 0.223414883018, 0.256005167961, 1.09100878239], "max": [-5.77157926559, -4.40893268585, -5