{"lowlevel": {"average_loudness": 0.438076704741, "barkbands_crest": {"dmean": 2.32503318787, "dmean2": 3.62743330002, "dvar": 4.62086200714, "dvar2": 11.069270134, "max": 25.7535858154, "mean": 10.338722229, "median": 9.47657203674, "min": 3.28397083282, "var": 16.3344955444}, "barkbands_flatness_db": {"dmean": 0.0183829963207, "dmean2": 0.026356831193, "dvar": 0.000351196853444, "dvar2": 0.000705382029992, "max": 0.618545413017, "mean": 0.209479659796, "median": 0.201377123594, "min": 0.0454474054277, "var": 0.00357427936979}, "barkbands_kurtosis": {"dmean": 1.87326383591, "dmean2": 2.85384392738, "dvar": 27.8025302887, "dvar2": 66.7824249268, "max": 171.435897827, "mean": 2.64533305168, "median": 0.310998082161, "min": -1.9428704977, "var": 89.3657531738}, "barkbands_skewness": {"dmean": 0.432043433189, "dmean2": 0.628973186016, "dvar": 0.2398570925, "dvar2": 0.536928355694, "max": 11.0104179382, "mean": 0.700630366802, "median": 0.547767102718, "min": -3.07319092751, "var": 1.5725864172}, "barkbands_spread": {"dmean": 3.36420655251, "dmean2": 5.08088684082, "dvar": 17.3025550842, "dvar2": 41.5834579468, "max": 81.8599472046, "mean": 15.4482526779, "median": 14.4687080383, "min": 0.155815050006, "var": 62.1912345886}, "dissonance": {"dmean": 0.026684962213, "dmean2": 0.0442834123969, "dvar": 0.000720613228623, "dvar2": 0.00193338806275, "max": 0.499558150768, "mean": 0.434730112553, "median": 0.444971650839, "min": 0.0409599579871, "var": 0.00215130997822}, "dynamic_complexity": 5.81387233734, "erbbands_crest": {"dmean": 2.99046874046, "dmean2": 4.58721923828, "dvar": 7.328125, "dvar2": 16.7307071686, "max": 32.5326004028, "mean": 12.3709144592, "median": 11.0646018982, "min": 2.85194063187, "var": 28.9443073273}, "erbbands_flatness_db": {"dmean": 0.016680771485, "dmean2": 0.0239311605692, "dvar": 0.000332892814185, "dvar2": 0.000614409160335, "max": 0.582068383694, "mean": 0.267031669617, "median": 0.2663384974, "min": 0.0467380024493, "var": 0.00323475385085}, "erbbands_kurtosis": {"dmean": 1.29313528538, "dmean2": 1.99294090271, "dvar": 7.12868070602, "dvar2": 15.0979833603, "max": 80.3428421021, "mean": 1.32978129387, "median": 0.208277702332, "min": -1.77503049374, "var": 19.2039985657}, "erbbands_skewness": {"dmean": 0.363797694445, "dmean2": 0.535352945328, "dvar": 0.121972478926, "dvar2": 0.248252049088, "max": 7.18835639954, "mean": 0.128435745835, "median": 0.0377393439412, "min": -4.9222574234, "var": 0.778185367584}, "erbbands_spread": {"dmean": 4.4097905159, "dmean2": 6.72213888168, "dvar": 26.4730300903, "dvar2": 62.6073608398, "max": 100.680007935, "mean": 21.0004692078, "median": 19.2270240784, "min": 0.917962014675, "var": 128.266387939}, "hfc": {"dmean": 3.26346898079, "dmean2": 4.37093496323, "dvar": 48.8501548767, "dvar2": 82.7140045166, "max": 170.691101074, "mean": 12.0872249603, "median": 5.52924537659, "min": 1.19232142834e-16, "var": 331.829437256}, "melbands_crest": {"dmean": 2.91922450066, "dmean2": 4.54434347153, "dvar": 7.17608785629, "dvar2": 16.8003635406, "max": 31.9442272186, "mean": 13.6676645279, "median": 12.4185066223, "min": 1.9598146677, "var": 31.6458625793}, "melbands_flatness_db": {"dmean": 0.0205641556531, "dmean2": 0.0289533492178, "dvar": 0.000504272757098, "dvar2": 0.000924479449168, "max": 0.738030254841, "mean": 0.268320500851, "median": 0.257339894772, "min": 0.00658568134531, "var": 0.0055305310525}, "melbands_kurtosis": {"dmean": 3.082426548, "dmean2": 4.85010004044, "dvar": 70.6739273071, "dvar2": 179.191879272, "max": 192.217712402, "mean": 5.25860786438, "median": 1.58481693268, "min": -1.83069908619, "var": 178.859222412}, "melbands_skewness": {"dmean": 0.507463872433, "dmean2": 0.746810615063, "dvar": 0.337073385715, "dvar2": 0.778585791588, "max": 11.7619752884, "mean": 1.3475060463, "median": 1.1441450119, "min": -2.53072214127, "var": 2.02493238449}, "melbands_spread": {"dmean": 5.07067680359, "dmean2": 7.3880147934, "dvar": 35.5760154724, "dvar2": 64.9557647705, "max": 137.785766602, "mean": 22.4261684418, "median": 21.2573699951, "min": 0.509767532349, "var": 177.487411499}, "pitch_salience": {"dmean": 0.0590700954199, "dmean2": 0.0933179631829, "dvar": 0.00273078796454, "dvar2": 0.00680934777483, "max": 0.819549620152, "mean": 0.492292046547, "median": 0.494716405869, "min": 0.13169208169, "var": 0.0122175905854}, "silence_rate_20dB": {"dmean": 0, "dmean2": 0, "dvar": 0, "dvar2": 0, "max": 1, "mean": 1, "median": 1, "min": 1, "var": 0}, "silence_rate_30dB": {"dmean": 0.000728597457055, "dmean2": 0.00145772600081, "dvar": 0.000728059036192, "dvar2": 0.00145560386591, "max": 1, "mean": 0.999271690845, "median": 1, "min": 0, "var": 0.000727794133127}, "silence_rate_60dB": {"dmean": 0.0517304204404, "dmean2": 0.103498540819, "dvar": 0.0490545257926, "dvar2": 0.102990306914, "max": 1, "mean": 0.258557915688, "median": 0, "min": 0, "var": 0.191709667444}, "spectral_centroid": {"dmean": 178.33605957, "dmean2": 249.857055664, "dvar": 59760.3398438, "dvar2": 93382.0859375, "max": 11248.5107422, "mean": 1257.76953125, "median": 1179.14904785, "min": 250.993133545, "var": 375230.78125}, "spectral_complexity": {"dmean": 1.57522773743, "dmean2": 2.45408153534, "dvar": 2.69685316086, "dvar2": 5.20189285278, "max": 31, "mean": 11.0495262146, "median": 11, "min": 0, "var": 36.6771774292}, "spectral_decrease": {"dmean": 7.96207266784e-10, "dmean2": 1.06794684207e-09, "dvar": 1.50399106008e-18, "dvar2": 2.5383323362e-18, "max": -4.20239809703e-29, "mean": -3.06718406229e-09, "median": -1.86018822568e-09, "min": -2.48318947627e-08, "var": 1.23638305655e-17}, "spectral_energy": {"dmean": 0.00326715921983, "dmean2": 0.00437146192417, "dvar": 2.59866610577e-05, "dvar2": 4.37221751781e-05, "max": 0.10396822542, "mean": 0.0126726105809, "median": 0.00751243624836, "min": 1.09733044969e-20, "var": 0.000216510205064}, "spectral_energyband_high": {"dmean": 0.000103670434328, "dmean2": 0.000149188301293, "dvar": 4.1233789716e-07, "dvar2": 8.38364371702e-07, "max": 0.0158765949309, "mean": 0.000168217622559, "median": 2.35938132391e-05, "min": 7.72772969321e-21, "var": 6.44684064355e-07}, "spectral_energyband_low": {"dmean": 0.000841682369355, "dmean2": 0.0012791864574, "dvar": 5.36051857125e-06, "dvar2": 1.05745639303e-05, "max": 0.0489221662283, "mean": 0.00177611038089, "median": 0.000311787764076, "min": 4.4816790991e-23, "var": 1.66242807609e-05}, "spectral_energyband_middle_high": {"dmean": 0.00175443885382, "dmean2": 0.00243863207288, "dvar": 1.12412144517e-05, "dvar2": 2.08638757613e-05, "max": 0.0711636841297, "mean": 0.0058611202985, "median": 0.00243845721707, "min": 1.81398305147e-21, "var": 8.51118966239e-05}, "spectral_energyband_middle_low": {"dmean": 0.00165689934511, "dmean2": 0.00218345341273, "dvar": 7.92792798165e-06, "dvar2": 1.45419026012e-05, "max": 0.0654276460409, "mean": 0.00515212211758, "median": 0.00254079699516, "min": 4.72403685915e-22, "var": 5.25412833667e-05}, "spectral_entropy": {"dmean": 0.146832466125, "dmean2": 0.208367645741, "dvar": 0.0311290882528, "dvar2": 0.0578499883413, "max": 9.82033252716, "mean": 6.66890668869, "median": 6.72936677933, "min": 3.80365276337, "var": 0.258303284645}, "spectral_flux": {"dmean": 0.0107331369072, "dmean2": 0.0173311643302, "dvar": 0.000159752045874, "dvar2": 0.000378712051315, "max": 0.209019184113, "mean": 0.0399083606899, "median": 0.033823646605, "min": 1.04753539176e-10, "var": 0.000706576101948}, "spectral_kurtosis": {"dmean": 7.12872838974, "dmean2": 12.2998447418, "dvar": 336.555541992, "dvar2": 1046.59375, "max": 679.867980957, "mean": 15.0997400284, "median": 10.6366901398, "min": -1.19538700581, "var": 606.796813965}, "spectral_rms": {"dmean": 0.000417267641751, "dmean2": 0.00054936442757, "dvar": 2.34268526356e-07, "dvar2": 3.53689443955e-07, "max": 0.0100713660941, "mean": 0.00301598501392, "median": 0.00270725064911, "min": 3.27195085262e-12, "var": 3.26734152623e-06}, "spectral_rolloff": {"dmean": 265.302337646, "dmean2": 434.535308838, "dvar": 320922.6875, "dvar2": 565763.625, "max": 18820.0195312, "mean": 1465.71826172, "median": 1356.59179688, "min": 86.1328125, "var": 1611612.25}, "spectral_skewness": {"dmean": 0.519063293934, "dmean2": 0.881837964058, "dvar": 0.370066285133, "dvar2": 0.947588503361, "max": 21.6924381256, "mean": 2.31177520752, "median": 2.04782009125, "min": -0.0292879082263, "var": 1.77424144745}, "spectral_spread": {"dmean": 261939.015625, "dmean2": 407862.40625, "dvar": 459799658496, "dvar2": 590993752064, "max": 40412964, "mean": 2346943.75, "median": 2169233.5, "min": 238928.1875, "var": 1361687216130.0}, "spectral_strongpeak": {"dmean": 0.682137310505, "dmean2": 1.10548996925, "dvar": 1.73565125465, "dvar2": 4.30713891983, "max": 20.2699260712, "mean": 1.49557518959, "median": 0.833676278591, "min": 0, "var": 3.71052289009}, "zerocrossingrate": {"dmean": 0.00606891792268, "dmean2": 0.0068681454286, "dvar": 9.68853419181e-05, "dvar2": 7.59444665164e-05, "max": 0.5185546875, "mean": 0.0520805492997, "median": 0.048828125, "min": 0.00732421875, "var": 0.00115087407175}, "barkbands": {"dmean": [2.24456107389e-05, 0.000498151232023, 0.000356365693733, 0.000183243479114, 0.000349453650415, 0.000528964214027, 0.000525260868017, 0.000407146872021, 0.000260380242253, 0.000445435289294, 0.000526058254763, 0.000423519872129, 0.000576187565457, 0.000353934417944, 0.000187587822438, 0.000125709033455, 0.000168886705069, 0.00012229695858, 0.000163730728673, 0.000128458996187, 1.46468646562e-05, 1.20264840007e-05, 7.55745440983e-06, 1.76307253241e-06, 7.70510212078e-07, 3.7966614741e-07, 2.38463712776e-07], "dmean2": [3.6963756429e-05, 0.000717839691788, 0.000566445116419, 0.000308061542455, 0.000526593066752, 0.000678008887917, 0.000726421305444, 0.000519195746165, 0.000356821954483, 0.000664259947371, 0.000733633700293, 0.000607857597061, 0.000782188086305, 0.00052533793496, 0.000286609196337, 0.000191442624782, 0.000254099664744, 0.000189357393538, 0.000240878754994, 0.00018955982523, 2.20764632104e-05, 1.57741014846e-05, 1.07605892481e-05, 2.56184148384e-06, 1.10702455913e-06, 5.54704058686e-07, 3.74740153575e-07], "dvar": [1.8933454804e-09, 2.48474316322e-06, 1.01389264273e-06, 3.43681875847e-07, 7.71359452756e-07, 1.33531500524e-06, 1.98905217985e-06, 1.46161642078e-06, 3.95181501744e-07, 1.41020143474e-06, 2.16941066356e-06, 1.00930594726e-06, 3.24805614582e-06, 1.08340555016e-06, 2.04819500027e-07, 1.6071165021e-07, 2.66955765937e-07, 1.19582409752e-07, 4.28662929153e-07, 4.88922694331e-07, 2.22463758526e-09, 2.79012901672e-09, 1.16734732991e-09, 4.26412793963e-11, 1.37608440268e-11, 5.89922685354e-12, 3.44268190344e-12], "dvar2": [5.04378494526e-09, 4.75813112644e-06, 2.04280263461e-06, 9.90322519101e-07, 1.86551460502e-06, 2.16427361011e-06, 3.75830200028e-06, 2.37438985096e-06, 7.85011820881e-07, 3.16899536301e-06, 3.46077467839e-06, 1.91920253201e-06, 5.82761322221e-06, 2.48400897362e-06, 4.48082687399e-07, 3.25461741113e-07, 5.6270624782e-07, 2.72776844668e-07, 9.11525603442e-07, 9.831751413e-07, 4.52745796409e-09, 5.08707831415e-09, 2.44625542045e-09, 7.52153825334e-11, 3.10049867724e-11, 1.10075421e-11, 8.57041694557e-12], "max": [0.000581071071792, 0.0363536663353, 0.0247020311654, 0.0139772379771, 0.023876208812, 0.0286480728537, 0.0358106791973, 0.0352536700666, 0.0217722840607, 0.0212038531899, 0.0377971529961, 0.0268808342516, 0.0627302527428, 0.0303715486079, 0.00816389266402, 0.00908796861768, 0.0146267274395, 0.00613797875121, 0.01652094163, 0.0155359096825, 0.00128814275376, 0.00201961025596, 0.00104550749529, 0.000144761506817, 0.000152496853843, 6.74163311487e-05, 5.95067904214e-05], "mean": [3.0351404348e-05, 0.000996802584268, 0.000627718167379, 0.000277786632068, 0.0008159125573, 0.00145440699998, 0.000993743422441, 0.000845473376103, 0.000451586704003, 0.000797380693257, 0.000931880553253, 0.00079495360842, 0.0012702710228, 0.000780853035394, 0.000351100519765, 0.000224714371143, 0.000294260797091, 0.000203369403607, 0.000286183174467, 0.000172975167516, 3.3597840229e-05, 2.02147439268e-05, 1.14509803097e-05, 3.0468577279e-06, 1.47108994497e-06, 6.92873982189e-07, 4.28174104172e-07], "median": [7.07245499143e-06, 8.06253738119e-05, 8.03383154562e-05, 3.07462396449e-05, 0.000106708299427, 0.000281202723272, 0.000185552693438, 0.000124511076137, 0.000135529029649, 0.00015742998221, 0.000139547730214, 0.000205082658795, 0.000175888912054, 0.000106892650365, 7.81109702075e-05, 4.22773955506e-05, 6.44290994387e-05, 4.28304338129e-05, 2.44242983172e-05, 1.3118451534e-05, 3.61621368938e-06, 1.30815499233e-06, 4.45563557605e-07, 1.92517148889e-07, 1.21975020306e-07, 6.48110045631e-08, 6.05802252807e-09], "min": [6.04657347902e-24, 6.41570792341e-24, 2.69274861652e-23, 2.13813348845e-23, 3.63505369632e-23, 1.42176539788e-22, 1.53360706779e-22, 7.62671606692e-23, 2.51534515854e-23, 7.56153217478e-23, 1.55910507173e-22, 1.21693696964e-22, 7.73872232477e-23, 1.21367903721e-22, 1.02215623119e-22, 1.95918010811e-22, 2.71756195231e-22, 1.30751473608e-22, 4.51256862023e-22, 3.18868584078e-22, 4.4650284542e-22, 4.81580422784e-22, 5.15859799129e-22, 6.38753271488e-22, 1.23928346795e-21, 1.89083107882e-21, 2.52389586801e-21], "var": [3.55850171552e-09, 7.67356323195e-06, 3.25994096784e-06, 5.13222573773e-07, 4.18929494117e-06, 1.06657853394e-05, 5.610756034e-06, 6.15270209892e-06, 1.0130620467e-06, 3.27997804561e-06, 6.7611549639e-06, 3.33689445142e-06, 1.44369651025e-05, 3.53623158844e-06, 5.9102836758e-07, 4.32435996345e-07, 6.65202719574e-07, 2.17594248397e-07, 9.00408849702e-07, 7.10464519216e-07, 9.23081255877e-09, 8.59422311095e-09, 2.13189688125e-09, 9.93064588894e-11, 4.39838825084e-11, 1.42414430943e-11, 1.01450601392e-11]}, "erbbands": {"dmean": [0.00925232283771, 0.129439353943, 0.396732926369, 0.499089390039, 0.938668489456, 1.02658641338, 2.74290657043, 4.73280715942, 7.29692697525, 8.49472332001, 7.34251832962, 6.26355648041, 11.0810909271, 14.2521286011, 20.8845806122, 19.3840351105, 26.9622325897, 20.9137458801, 9.95396518707, 9.35021781921, 6.24554586411, 6.73450088501, 6.18279409409, 12.010093689, 4.50757741928, 6.04516744614, 1.75110018253, 0.552059471607, 0.428114563227, 0.336981356144, 0.16925431788, 0.0461685694754, 0.0273675937206, 0.0117264520377, 0.00336078298278, 0.00268346327357, 0.000421992939664, 0.00011652916146, 2.02747542062e-05, 8.54772770253e-06], "dmean2": [0.0119761452079, 0.191763520241, 0.636847376823, 0.829393029213, 1.46922957897, 1.50529634953, 3.57422447205, 6.14074516296, 10.0682325363, 11.3596057892, 9.4064245224, 8.53338623047, 16.1093349457, 21.0006656647, 29.0547180176, 27.5557155609, 36.4221496582, 30.4536151886, 14.6859607697, 14.4378910065, 9.3121213913, 10.3205757141, 9.63604736328, 17.6095409393, 6.4459233284, 8.82366466522, 2.55984807014, 0.809139788151, 0.56106865406, 0.476347953081, 0.240108862519, 0.0690612122416, 0.0386643558741, 0.0167147405446, 0.00466500548646, 0.00392487831414, 0.000624491192866, 0.000170951650944, 3.17308586091e-05, 1.26078930407e-05], "dvar": [0.00136623298749, 0.161799252033, 1.46632516384, 2.51224660873, 7.85504484177, 7.53083229065, 42.0873184204, 121.974395752, 413.486602783, 659.368591309, 474.519622803, 264.116088867, 1053.99304199, 1594.45263672, 3833.70629883, 2284.24633789, 7116.11230469, 3229.23852539, 579.295471191, 596.108154297, 307.161804199, 306.68145752, 305.904296875, 2747.06201172, 448.03692627, 1079.44104004, 119.915016174, 3.60849905014, 3.16017651558, 2.16492271423, 0.533804953098, 0.0219755265862, 0.0203662067652, 0.00375045253895, 0.000167092570337, 0.00036893694778, 4.34883349953e-06, 3.31929300046e-07, 1.50162122736e-08, 2.61178989547e-09], "dvar2": [0.00213910080492, 0.324812144041, 2.92521214485, 6.80154705048, 20.5061702728, 17.5640296936, 70.290977478, 206.631790161, 793.095214844, 1370.09069824, 725.554870605, 558.891601562, 2287.2253418, 3363.58569336, 6237.98388672, 4301.04394531, 12557.5244141, 7340.49267578, 1067.62231445, 1462.17797852, 610.767883301, 685.120788574, 699.621337891, 5921.53662109, 962.483764648, 2129.00390625, 249.011184692, 7.17447710037, 5.73361539841, 4.61984777451, 1.13067889214, 0.0463664345443, 0.0335885919631, 0.00820158142596, 0.000371074100258, 0.000660364865325, 8.75652767718e-06, 7.32355147193e-07, 3.64753311999e-08, 6.54448273352e-09], "max": [1.14028787613, 7.78907871246, 27.7639102936, 50.3918457031, 78.3829269409, 66.3170394897, 172.878738403, 249.946365356, 548.367675781, 727.501403809, 583.158569336, 611.866088867, 815.851379395, 790.010314941, 1833.2298584, 1389.41503906, 3175.45507812, 1603.16784668, 612.480529785, 437.439605713, 490.228271484, 411.864593506, 430.556030273, 1408.02844238, 801.44128418, 719.858520508, 256.178405762, 40.5505447388, 64.4001617432, 38.3412628174, 23.4671020508, 3.07048988342, 4.48507642746, 1.84100079536, 0.351435273886, 0.601408720016, 0.0565652512014, 0.0160581357777, 0.00370664289221, 0.00169146608096], "mean": [0.019567925483, 0.257549643517, 0.771193027496, 0.810110867023, 1.97001993656, 2.42604398727, 6.78614330292, 12.6875696182, 14.4446258545, 17.2986812592, 15.6775350571, 11.6039419174, 20.696685791, 26.5235118866, 38.0960273743, 40.0517997742, 61.8771858215, 48.2501144409, 21.57670784, 17.919008255, 12.8937263489, 12.5551614761, 11.0997619629, 20.7199306488, 7.90930557251, 8.34975719452, 2.76246213913, 1.25792527199, 0.802603960037, 0.479796648026, 0.259660691023, 0.0821283906698, 0.0461495481431, 0.0192190799862, 0.00699035217986, 0.00463349977508, 0.000853052828461, 0.000166719779372, 3.20135259244e-05, 2.52891732089e-05], "median": [0.00119466334581, 0.0241116024554, 0.101248219609, 0.189753204584, 0.17546902597, 0.363890647888, 1.11092591286, 2.40694332123, 3.15679049492, 2.708963871, 3.62360453606, 3.95466208458, 5.11290359497, 7.20134305954, 7.41682910919, 12.5531196594, 10.5953121185, 9.45420265198, 5.04633760452, 4.63128042221, 3.03786349297, 3.44848680496, 3.19066286087, 2.08257055283, 0.995677828789, 0.6777125597, 0.266880810261, 0.106541141868, 0.0601106062531, 0.0381243750453, 0.0131986727938, 0.0077731446363, 0.00260042864829, 0.00136861810461, 0.000971056055278, 0.000335629971232, 0.000105678554974, 2.81188131339e-05, 5.46969477e-06, 9.36400829232e-06], "min": [1.61415998985e-22, 1.98612628397e-21, 2.27973755629e-20, 5.63639900041e-20, 1.4111898998e-19, 8.69145811473e-20, 5.96224909589e-19, 1.10044572497e-18, 2.77956942889e-18, 1.49566021394e-18, 1.08351137328e-18, 5.13207357254e-19, 1.62533793895e-18, 5.52349647237e-18, 4.49470836989e-18, 4.91290276346e-18, 3.1010300129e-18, 6.21352144038e-18, 4.96120018506e-18, 7.09717656848e-18, 1.16836796525e-17, 1.40168401775e-17, 8.61668419268e-18, 2.02281377428e-17, 1.806960828e-17, 1.20903075795e-17, 1.80245782218e-17, 1.8895251991e-17, 1.85712585799e-17, 1.55153142531e-17, 1.2856960078e-17, 1.38773187964e-17, 1.24635529786e-17, 1.28378067109e-17, 9.1192137856e-18, 8.28041211262e-18, 3.06106457481e-18, 1.20428780772e-18, 3.65815714517e-19, 3.81925638558e-20], "var": [0.00503925932571, 0.473804414272, 4.84738254547, 3.76939439774, 35.3198204041, 34.7028541565, 277.111450195, 834.877075195, 1141.27624512, 2454.59423828, 1675.08898926, 697.739318848, 2521.08154297, 3718.58056641, 11711.7480469, 8194.92089844, 34052.859375, 10866.9326172, 2212.47827148, 1442.0213623, 1117.77026367, 780.49407959, 575.379821777, 5443.28857422, 750.710876465, 1617.03479004, 182.930099487, 14.4701681137, 11.6531629562, 3.30165529251, 1.00766420364, 0.0524343177676, 0.0401212014258, 0.00830241106451, 0.000616376462858, 0.000765907170717, 1.44161758726e-05, 4.20563026182e-07, 2.87314954051e-08, 7.73995445513e-09]}, "gfcc": {"mean": [-134.628814697, 136.7890625, -166.825942993, 1.53266203403, -44.4728164673, -2.5516602993, -23.2844657898, -1.93185937405, -15.2228708267, 1.65570485592, -0.148065209389, -2.41072559357, -7.63410043716], "cov": [[16481.9277344, -1206.99658203, -2984.6496582, 526.035583496, -368.536346436, -338.523803711, 345.2421875, 590.801391602, 85.0568389893, 339.367797852, 224.47366333, 236.207901001, -201.608901978], [-1206.99658203, 2581.29443359, 1192.77832031, 219.870758057, 560.621765137, -211.375518799, -93.1207885742, -536.911315918, -313.076934814, -398.462799072, -110.691139221, -207.178741455, 3.84154295921], [-2984.6496582, 1192.77832031, 2093.52539062, 377.898895264, 127.293884277, 171.692672729, -279.564697266, -457.44744873, -252.649978638, -399.604431152, -144.229492188, -177.206039429, -73.2200164795], [526.035583496, 219.870758057, 377.898895264, 679.628845215, 36.6248092651, 174.999633789, -10.2958431244, -53.0883369446, 22.8003005981, -216.40045166, -75.1107330322, -101.40398407, -83.4822463989], [-368.536346436, 560.621765137, 127.293884277, 36.6248092651, 716.016906738, 111.502868652, 80.4771118164, 126.373962402, -73.8323059082, -30.8914165497, -19.8716506958, 70.230255127, -48.5305366516], [-338.523803711, -211.375518799, 171.692672729, 174.999633789, 111.502868652, 417.337432861, 89.1682662964, 159.453872681, 127.99357605, -29.5366783142, -5.11807584763, 54.0722465515, -19.6613388062], [345.2421875, -93.1207885742, -279.564697266, -10.2958431244, 80.4771118164, 89.1682662964, 291.487182617, 172.910263062, 89.8982467651, 78.158416748, 34.5382270813, 22.612329483, 7.45622348785], [590.801391602, -536.911315918, -457.44744873, -53.0883369446, 126.373962402, 159.453872681, 172.910263062, 441.391906738, 162.449356079, 125.642364502, 52.7920532227, 95.9836502075, -1.03191423416], [85.0568389893, -313.076934814, -252.649978638, 22.8003005981, -73.8323059082, 127.99357605, 89.8982467651, 162.449356079, 276.98651123, 85.026512146, 33.3364067078, 55.4290885925, -6.59515762329], [339.367797852, -398.462799072, -399.604431152, -216.40045166, -30.8914165497, -29.5366783142, 78.158416748, 125.642364502, 85.026512146, 267.33493042, 76.4649276733, 76.626663208, 58.4117698669], [224.47366333, -110.691139221, -144.229492188, -75.1107330322, -19.8716506958, -5.11807584763, 34.5382270813, 52.7920532227, 33.3364067078, 76.4649276733, 170.181121826, 48.9469718933, 16.0407123566], [236.207901001, -207.178741455, -177.206039429, -101.40398407, 70.230255127, 54.0722465515, 22.612329483, 95.9836502075, 55.4290885925, 76.626663208, 48.9469718933, 257.282684326, 27.8252086639], [-201.608901978, 3.84154295921, -73.2200164795, -83.4822463989, -48.5305366516, -19.6613388062, 7.45622348785, -1.03191423416, -6.59515762329, 58.4117698669, 16.0407123566, 27.8252086639, 227.195632935]], "icov": [[0.000125076490804, -0.000136273520184, 0.000251280463999, -0.000299617211567, 0.00023565106676, -3.36983139277e-05, 7.54678694648e-05, -0.000217269145651, 0.000357363780495, -0.000226649630349, -3.15975194098e-05, -0.000179785085493, 0.000221034919377], [-0.000136273520184, 0.00161046884023, -0.000765330332797, 0.000434870220488, -0.00180267752148, 0.00124201376457, -0.00100872584153, 0.00172952306457, -0.001257673488, 0.00172215572093, -0.000361352082109, 0.000676526222378, -0.00100825133268], [0.000251280463999, -0.000765330332797, 0.00167618563864, -0.000651065493003, 0.000781447452027, -0.00136198685504, 0.000948306347709, -8.26718460303e-05, 0.00137054175138, -0.00032438209746, 6.04853448749e-05, -0.000214504747419, 0.000699630181771], [-0.000299617211567, 0.000434870220488, -0.000651065493003, 0.00312380096875, -0.000722194090486, -0.000645008520223, -0.000389383494621, 0.000854007317685, -0.00149630662054, 0.00232309172861, 0.000181947470992, 0.00108629884198, -0.000315235403832], [0.00023565106676, -0.00180267752148, 0.000781447452027, -0.000722194090486, 0.00397117296234, -0.0015672550071, 0.000580806809012, -0.00278706965037, 0.00275365519337, -0.00196595839225, 0.000641292252112, -0.00148620363325, 0.00162911065854], [-3.36983139277e-05, 0.00124201376457, -0.00136198685504, -0.000645008520223, -0.0015672550071, 0.00557173322886, -0.00155676458962, -0.000298909115372, -0.00246870075352, 0.00153446465265, -0.000183567171916, -0.00044590010657, -0.000928318419028], [7.54678694648e-05, -0.00100872584153, 0.000948306347709, -0.000389383494621, 0.000580806809012, -0.00155676458962, 0.00569800520316, -0.00196719658561, 0.000357432028977, -0.00162578735035, -0.000146411883179, 0.00040855849511, 0.000428636878496], [-0.000217269145651, 0.00172952306457, -8.26718460303e-05, 0.000854007317685, -0.00278706965037, -0.000298909115372, -0.00196719658561, 0.00683012092486, -0.00262767216191, 0.00144761207048, -0.000573600118514, 0.000667093030643, -0.000950166780967], [0.000357363780495, -0.001257673488, 0.00137054175138, -0.00149630662054, 0.00275365519337, -0.00246870075352, 0.000357432028977, -0.00262767216191, 0.00792147964239, -0.00286939297803, 0.000163550750585, -0.0013376584975, 0.0017011059681], [-0.000226649630349, 0.00172215572093, -0.00032438209746, 0.00232309172861, -0.00196595839225, 0.00153446465265, -0.00162578735035, 0.00144761207048, -0.00286939297803, 0.00948359724134, -0.00176251656376, 0.000466918194434, -0.00216265558265], [-3.15975194098e-05, -0.000361352082109, 6.04853448749e-05, 0.000181947470992, 0.000641292252112, -0.000183567171916, -0.000146411883179, -0.000573600118514, 0.000163550750585, -0.00176251656376, 0.00709910411388, -0.000947256456129, 0.000260401400737], [-0.000179785085493, 0.000676526222378, -0.000214504747419, 0.00108629884198, -0.00148620363325, -0.00044590010657, 0.00040855849511, 0.000667093030643, -0.0013376584975, 0.000466918194434, -0.000947256456129, 0.00552655383945, -0.000976225477643], [0.000221034919377, -0.00100825133268, 0.000699630181771, -0.000315235403832, 0.00162911065854, -0.000928318419028, 0.000428636878496, -0.000950166780967, 0.0017011059681, -0.00216265558265, 0.000260401400737, -0.000976225477643, 0.00568016897887]]}, "melbands": {"dmean": [0.000112481757242, 0.000192872481421, 9.48388696997e-05, 7.16890936019e-05, 8.38521737023e-05, 0.000106802144728, 0.000110014007078, 9.33761693886e-05, 5.69549811189e-05, 3.9485614252e-05, 5.60911030334e-05, 5.75771591684e-05, 6.89488006174e-05, 5.15978026669e-05, 5.67552160646e-05, 5.97026628384e-05, 3.90775494452e-05, 1.71149877133e-05, 1.20793356473e-05, 1.34392694235e-05, 7.77096011007e-06, 8.24263679533e-06, 6.47462775305e-06, 7.01366980138e-06, 1.07322020995e-05, 3.56178225047e-06, 2.81693723991e-06, 4.71846578876e-06, 1.76196920165e-06, 2.82915493699e-07, 3.84665952424e-07, 2.69456052138e-07, 2.4346766736e-07, 1.81748532668e-07, 1.28554191292e-07, 3.3269326849e-08, 3.14585584249e-08, 2.1649084303e-08, 1.48582843806e-08, 8.44907432906e-09], "dmean2": [0.000154629189637, 0.000302909058519, 0.000152966793394, 0.000111117122287, 0.000109376043838, 0.000137542490847, 0.000151487707626, 0.000123828926007, 7.31026666472e-05, 5.39591019333e-05, 8.1710939412e-05, 8.5378116637e-05, 9.60190009209e-05, 7.32327753212e-05, 7.85645388532e-05, 8.14695740701e-05, 5.75153535465e-05, 2.52607242146e-05, 1.85818898899e-05, 2.08156507142e-05, 1.16577539302e-05, 1.26791110233e-05, 1.0097743143e-05, 1.06282413981e-05, 1.57999384101e-05, 5.07642744196e-06, 4.21878030465e-06, 6.90573642714e-06, 2.6339582746e-06, 4.21604056555e-07, 5.71121290704e-07, 3.52984272922e-07, 3.57678516139e-07, 2.55778047631e-07, 1.80045901743e-07, 5.3115762455e-08, 4.72838301846e-08, 3.13249692852e-08, 2.21777956e-08, 1.22715988482e-08], "dvar": [1.4415522287e-07, 3.30853907826e-07, 6.46851958663e-08, 4.34726601384e-08, 3.84362977002e-08, 5.77447991645e-08, 9.20111205005e-08, 7.8257720304e-08, 2.58992045588e-08, 9.44324707319e-09, 2.66635478141e-08, 2.7547610415e-08, 3.96927077873e-08, 1.49226604407e-08, 1.86540543012e-08, 4.10745428781e-08, 1.44784362277e-08, 1.80365700153e-09, 8.88200291094e-10, 1.68641423048e-09, 6.96488977603e-10, 6.25278995248e-10, 4.23145934958e-10, 4.56042342778e-10, 2.39994335516e-09, 3.2016411744e-10, 1.93483548627e-10, 8.69493421707e-10, 1.58530841232e-10, 1.39809171185e-12, 2.18943548187e-12, 1.9977684871e-12, 2.33933228691e-12, 8.14958885965e-13, 4.18394648354e-13, 1.81360189453e-14, 1.44358859583e-14, 1.37921976696e-14, 7.29644768677e-15, 2.42133939445e-15], "dvar2": [2.49054238566e-07, 6.715401355e-07, 1.71916241243e-07, 1.09281010907e-07, 6.6036669466e-08, 9.67288045217e-08, 1.73333944531e-07, 1.55632420729e-07, 3.92616854583e-08, 1.97085618936e-08, 5.79037084947e-08, 5.95554467964e-08, 6.40103081651e-08, 2.70356288468e-08, 3.35041292487e-08, 7.73433654899e-08, 3.34507177513e-08, 3.32049054919e-09, 2.08760675413e-09, 3.64404928455e-09, 1.44299605598e-09, 1.39149192169e-09, 1.00540931136e-09, 1.03518005279e-09, 5.18204279487e-09, 6.87151946455e-10, 3.57403162621e-10, 1.76913239613e-09, 3.30941524185e-10, 2.74595905909e-12, 4.50093391377e-12, 3.6385430259e-12, 5.40006667854e-12, 1.70868386714e-12, 8.70883064014e-13, 4.50227657619e-14, 3.10262984738e-14, 2.28369840399e-14, 1.73441430895e-14, 5.19136625438e-15], "max": [0.0104835284874, 0.0121463835239, 0.00708140525967, 0.00464309193194, 0.00528851430863, 0.00552158104256, 0.00838072318584, 0.0081885010004, 0.00433498201892, 0.00331161613576, 0.00406374549493, 0.00324550434016, 0.00516578601673, 0.00291407201439, 0.00571013242006, 0.00702964700758, 0.00363368028775, 0.00126322754659, 0.000594135490246, 0.000848070892971, 0.000837734609377, 0.000680731085595, 0.000457055080915, 0.000392282614484, 0.00132628157735, 0.000695257564075, 0.000368727196474, 0.000703511701431, 0.000289915391477, 5.26720614289e-05, 3.378409383e-05, 5.83345026826e-05, 5.56330851396e-05, 2.61449476966e-05, 2.2516318495e-05, 2.37726703745e-06, 2.63237461695e-06, 3.64113770956e-06, 4.04321053793e-06, 1.05870537936e-06], "mean": [0.000230658886721, 0.000391788664274, 0.000173718071892, 0.000162711527082, 0.000209205725696, 0.000288468349027, 0.000215817824937, 0.000190809878404, 0.000117755625979, 6.92570320098e-05, 0.000102860329207, 0.000103457190562, 0.000122883400763, 9.70446126303e-05, 0.000120723088912, 0.000125308113638, 8.75913829077e-05, 3.44529289578e-05, 2.22257658606e-05, 2.45726532739e-05, 1.39870080602e-05, 1.43103989103e-05, 1.05794060801e-05, 1.15935881695e-05, 1.79218714038e-05, 6.0301827034e-06, 4.2224369281e-06, 6.16576835455e-06, 2.39636347033e-06, 6.31183752375e-07, 7.98778614808e-07, 5.10691052114e-07, 3.00203026882e-07, 2.67760952966e-07, 1.94380874063e-07, 5.12256939089e-08, 5.16519342852e-08, 3.42512862517e-08, 2.58155115063e-08, 1.19516307961e-08], "median": [1.823821367e-05, 4.90064994665e-05, 3.78662807634e-05, 1.67740363395e-05, 3.33269854309e-05, 5.77607570449e-05, 4.59942166344e-05, 2.65019225481e-05, 2.79083869827e-05, 2.17978631554e-05, 2.31383128266e-05, 2.5921206543e-05, 2.11774604395e-05, 2.45679621003e-05, 2.26067404583e-05, 1.53390228661e-05, 1.26893037304e-05, 7.12223936716e-06, 5.58765441383e-06, 4.34844787378e-06, 2.47599382419e-06, 3.21151901517e-06, 2.32970296565e-06, 2.05952164833e-06, 1.29812542582e-06, 6.39171958028e-07, 4.94719643029e-07, 3.31062437908e-07, 1.4071289911e-07, 6.61979129291e-08, 4.08254443585e-08, 2.25761915829e-08, 2.09682564645e-08, 1.18548193484e-08, 4.38819247606e-09, 3.45350792408e-09, 3.04897307402e-09, 1.53691259719e-09, 9.57492973797e-10, 7.46880390867e-10], "min": [1.94966459966e-24, 8.94859513967e-24, 1.28014525431e-23, 8.40148618088e-24, 1.56148405534e-23, 2.78043744811e-23, 3.89712464863e-23, 1.66005790525e-23, 7.71524187993e-24, 3.35682127176e-24, 7.98322897349e-24, 2.13052823823e-23, 1.85935351553e-23, 1.44359747053e-23, 9.31335495591e-24, 7.44931923536e-24, 1.18651046253e-23, 7.805773924e-24, 7.72337503586e-24, 1.25634027209e-23, 1.38019198641e-23, 1.2731853712e-23, 1.2893539432e-23, 6.44085878122e-24, 1.79972762178e-23, 1.46761639182e-23, 1.03167678836e-23, 7.62579373075e-24, 1.24321197001e-23, 1.12500045339e-23, 9.96938036216e-24, 9.59900780058e-24, 1.04468762904e-23, 8.2561827353e-24, 6.415143099e-24, 9.52389956493e-24, 8.22988447931e-24, 8.05202316645e-24, 1.11233410827e-23, 1.00277205704e-23], "var": [5.01270051245e-07, 1.01698549315e-06, 1.47679585893e-07, 1.91402776295e-07, 2.45538956278e-07, 4.13115998299e-07, 2.54494182172e-07, 3.14527142109e-07, 8.83363355797e-08, 2.45092017792e-08, 6.35144346006e-08, 6.19948323788e-08, 1.25843655496e-07, 4.83871147594e-08, 1.01727863466e-07, 1.30207681082e-07, 4.65353124923e-08, 6.66158816998e-09, 2.20518825422e-09, 4.52474724355e-09, 1.93728011411e-09, 1.47492085212e-09, 8.18017709125e-10, 8.39195934965e-10, 4.66313387903e-09, 5.38854516563e-10, 3.36343841667e-10, 1.22815579928e-09, 2.1871883471e-10, 6.43430274339e-12, 8.06903068667e-12, 7.67144681113e-12, 2.68088155841e-12, 1.38237793608e-12, 8.11331037076e-13, 2.73070056015e-14, 3.22477098193e-14, 2.53646218341e-14, 2.47493811469e-14, 3.46844342967e-15]}, "mfcc": {"mean": [-761.510681152, 164.525222778, -50.1132202148, 7.08228445053, -7.6295542717, -0.784462332726, 1.6536154747, -1.44798362255, -7.67595005035, 1.57323217392, 3.92793631554, 4.61253929138, 3.22693920135], "cov": [[9914.10449219, 698.832214355, -2849.84375, 220.707336426, -696.341186523, -351.132141113, -49.5516052246, 107.650863647, -26.6884498596, 240.693740845, 315.462646484, 366.849731445, 161.159637451], [698.832214355, 2223.46411133, 286.321533203, 360.740112305, 409.182983398, 118.776237488, 229.565185547, -63.0304718018, -192.111709595, -240.275772095, -170.424423218, -146.216567993, -159.26184082], [-2849.84375, 286.321533203, 2151.76928711, 312.479766846, 375.129547119, 297.975189209, -39.9075698853, -83.3367767334, -244.204833984, -211.785079956, -300.885040283, -337.300537109, -224.549743652], [220.707336426, 360.740112305, 312.479766846, 480.928466797, 225.641433716, 111.834526062, 45.0019226074, 41.6045570374, -89.5308837891, -80.2714767456, -52.4444961548, -120.519111633, -107.278427124], [-696.341186523, 409.182983398, 375.129547119, 225.641433716, 556.745239258, 185.493789673, 132.657516479, 185.048065186, -14.4608764648, -69.5801086426, -37.2741127014, -45.7690467834, -82.3959884644], [-351.132141113, 118.776237488, 297.975189209, 111.834526062, 185.493789673, 266.150634766, 46.9579200745, 105.468795776, 19.9464302063, -46.6269683838, 0.442348569632, -24.0898303986, -8.31618118286], [-49.5516052246, 229.565185547, -39.9075698853, 45.0019226074, 132.657516479, 46.9579200745, 257.258117676, 70.0380783081, 50.5280227661, 15.341381073, -9.64266490936, 21.1725330353, -39.8218078613], [107.650863647, -63.0304718018, -83.3367767334, 41.6045570374, 185.048065186, 105.468795776, 70.0380783081, 402.930786133, 112.935668945, 62.6272544861, 106.024032593, 89.9823379517, 43.649772644], [-26.6884498596, -192.111709595, -244.204833984, -89.5308837891, -14.4608764648, 19.9464302063, 50.5280227661, 112.935668945, 310.394134521, 75.0392837524, 85.9749450684, 61.8752098083, 54.3631706238], [240.693740845, -240.275772095, -211.785079956, -80.2714767456, -69.5801086426, -46.6269683838, 15.341381073, 62.6272544861, 75.0392837524, 252.518081665, 90.9178085327, 68.2323455811, 30.2803421021], [315.462646484, -170.424423218, -300.885040283, -52.4444961548, -37.2741127014, 0.442348569632, -9.64266490936, 106.024032593, 85.9749450684, 90.9178085327, 240.482513428, 87.9796981812, 82.1122665405], [366.849731445, -146.216567993, -337.300537109, -120.519111633, -45.7690467834, -24.0898303986, 21.1725330353, 89.9823379517, 61.8752098083, 68.2323455811, 87.9796981812, 275.787261963, 75.4902572632], [161.159637451, -159.26184082, -224.549743652, -107.278427124, -82.3959884644, -8.31618118286, -39.8218078613, 43.649772644, 54.3631706238, 30.2803421021, 82.1122665405, 75.4902572632, 280.534484863]], "icov": [[0.000258355110418, -0.00014879948867, 0.000376658717869, -0.0003932590771, 0.000401610479457, -0.000125914739328, 0.000168783895788, -0.000200821668841, 0.000201337548788, -0.000148561186506, 9.20031015994e-05, -7.9466830357e-05, 5.91174866713e-05], [-0.00014879948867, 0.000764249183703, -0.000106753810542, 7.04599506207e-06, -0.000581036321819, 4.40871735918e-05, -0.000599486520514, 0.000327876943629, 0.000168124912307, 0.000475606881082, 5.36704537808e-05, 0.000152176464326, -9.44074326981e-06], [0.000376658717869, -0.000106753810542, 0.00144918065052, -0.000547513074707, 0.000217845226871, -0.00104954384733, 0.00054232327966, -0.0001980815141, 0.000678190612234, -0.000202419716516, 0.000808513606898, 0.000491038605105, 0.000335929944413], [-0.0003932590771, 7.04599506207e-06, -0.000547513074707, 0.0038119032979, -0.00126870151144, -0.000413472327637, -0.000206784665352, -3.73420116375e-05, 0.000348650559317, 0.000402766396292, -0.000386785017326, 0.0011001797393, 0.00054705934599], [0.000401610479457, -0.000581036321819, 0.000217845226871, -0.00126870151144, 0.004302051384, -0.00110905757174, -0.000669124419801, -0.00178011029493, 0.000379794539185, 0.000110241431685, 0.000224253511988, -0.000185491488082, 0.000440090865595], [-0.000125914739328, 4.40871735918e-05, -0.00104954384733, -0.000413472327637, -0.00110905757174, 0.00626106932759, -0.000517776643392, -0.000736449146643, -0.000866360671353, 0.000904487329535, -0.000821398338303, -0.000225938507356, -0.000628412584774], [0.000168783895788, -0.000599486520514, 0.00054232327966, -0.000206784665352, -0.000669124419801, -0.000517776643392, 0.00549034774303, -0.000337084173225, -0.000793537765276, -0.00087979726959, 0.000816175423097, -0.000487668614369, 0.000678721058648], [-0.000200821668841, 0.000327876943629, -0.0001980815141, -3.73420116375e-05, -0.00178011029493, -0.000736449146643, -0.000337084173225, 0.00446394365281, -0.000946265645325, -0.000448662234703, -0.00106954504736, -0.000837173953187, -0.000388278247556], [0.000201337548788, 0.000168124912307, 0.000678190612234, 0.000348650559317, 0.000379794539185, -0.000866360671353, -0.000793537765276, -0.000946265645325, 0.00468212086707, -0.000469412712846, -0.000382067606552, 0.000366014952306, -6.68992943247e-05], [-0.000148561186506, 0.000475606881082, -0.000202419716516, 0.000402766396292, 0.000110241431685, 0.000904487329535, -0.00087979726959, -0.000448662234703, -0.000469412712846, 0.00554240820929, -0.00141309015453, -0.000211861231946, 0.000314811215503], [9.20031015994e-05, 5.36704537808e-05, 0.000808513606898, -0.000386785017326, 0.000224253511988, -0.000821398338303, 0.000816175423097, -0.00106954504736, -0.000382067606552, -0.00141309015453, 0.00666595436633, -0.00049725320423, -0.000790090474766], [-7.9466830357e-05, 0.000152176464326, 0.000491038605105, 0.0011001797393, -0.000185491488082, -0.000225938507356, -0.000487668614369, -0.000837173953187, 0.000366014952306, -0.000211861231946, -0.00049725320423, 0.00539452210069, -0.000408487947425], [5.91174866713e-05, -9.44074326981e-06, 0.000335929944413, 0.00054705934599, 0.000440090865595, -0.000628412584774, 0.000678721058648, -0.000388278247556, -6.68992943247e-05, 0.000314811215503, -0.000790090474766, -0.000408487947425, 0.00459094671533]]}, "spectral_contrast_coeffs": {"dmean": [0.0432765036821, 0.0412668325007, 0.0364505723119, 0.0287533253431, 0.022700926289, 0.0168097969145], "dmean2": [0.0717941820621, 0.0630026981235, 0.0566626861691, 0.044604100287, 0.0352819338441, 0.0255452673882], "dvar": [0.00128292501904, 0.00113779795356, 0.000855753081851, 0.000532580306754, 0.000400983408326, 0.000260874716332], "dvar2": [0.00320167746395, 0.00270552793518, 0.00210585515015, 0.00124341715127, 0.000879000115674, 0.000570279662497], "max": [-0.254355281591, -0.402269005775, -0.374189972878, -0.404021263123, -0.517208635807, -0.562198579311], "mean": [-0.666470766068, -0.682134151459, -0.685768425465, -0.691451191902, -0.725529193878, -0.734449505806], "median": [-0.67757666111, -0.685183763504, -0.693995594978, -0.700335323811, -0.727885246277, -0.72888314724], "min": [-0.961366951466, -0.963151335716, -0.956544935703, -0.96339738369, -0.963380992413, -0.959862828255], "var": [0.015162486583, 0.00789564847946, 0.00680163362995, 0.006756355986, 0.0053166905418, 0.00389047176577]}, "spectral_contrast_valleys": {"dmean": [0.412387400866, 0.329477548599, 0.272554695606, 0.242227345705, 0.240260004997, 0.215832009912], "dmean2": [0.689398825169, 0.515359938145, 0.4287