{"lowlevel": {"average_loudness": 0.952458560467, "barkbands_crest": {"dmean": 2.33950853348, "dmean2": 3.457873106, "dvar": 7.04946899414, "dvar2": 13.7805595398, "max": 26.9626026154, "mean": 13.3126506805, "median": 11.3786973953, "min": 2.89572286606, "var": 39.4521255493}, "barkbands_flatness_db": {"dmean": 0.0385830663145, "dmean2": 0.0493386462331, "dvar": 0.00146148703061, "dvar2": 0.00235057389364, "max": 0.670956552029, "mean": 0.243757992983, "median": 0.229178220034, "min": 0.0353077761829, "var": 0.0112806139514}, "barkbands_kurtosis": {"dmean": 34.1323165894, "dmean2": 50.1957778931, "dvar": 15118.3964844, "dvar2": 33556.1015625, "max": 3654.38623047, "mean": 56.6558990479, "median": 16.3190841675, "min": -1.93566381931, "var": 44321.390625}, "barkbands_skewness": {"dmean": 1.56587362289, "dmean2": 2.21360659599, "dvar": 5.66687440872, "dvar2": 12.4921836853, "max": 42.8687477112, "mean": 4.06246948242, "median": 3.1463329792, "min": -4.2305355072, "var": 17.3591651917}, "barkbands_spread": {"dmean": 8.13410663605, "dmean2": 12.9437084198, "dvar": 250.975036621, "dvar2": 565.503662109, "max": 156.558822632, "mean": 12.8674983978, "median": 4.89610481262, "min": 0.0259794704616, "var": 393.576568604}, "dissonance": {"dmean": 0.0221283640712, "dmean2": 0.0358150750399, "dvar": 0.000839576532599, "dvar2": 0.00231036078185, "max": 0.500000059605, "mean": 0.452034980059, "median": 0.458661586046, "min": 0.123881235719, "var": 0.00151258648839}, "dynamic_complexity": 5.40544986725, "erbbands_crest": {"dmean": 2.60844779015, "dmean2": 3.92125749588, "dvar": 7.18118524551, "dvar2": 16.0793933868, "max": 34.3530464172, "mean": 11.3898115158, "median": 10.7146396637, "min": 2.14542269707, "var": 27.9620857239}, "erbbands_flatness_db": {"dmean": 0.0232535805553, "dmean2": 0.0349281057715, "dvar": 0.000676678202581, "dvar2": 0.00133706547786, "max": 0.597665607929, "mean": 0.180146843195, "median": 0.1748624295, "min": 0.0309852771461, "var": 0.00465570157394}, "erbbands_kurtosis": {"dmean": 2.54361867905, "dmean2": 4.0335316658, "dvar": 47.7885093689, "dvar2": 102.090484619, "max": 231.83682251, "mean": 3.21204972267, "median": 0.719684839249, "min": -1.92065739632, "var": 126.458694458}, "erbbands_skewness": {"dmean": 0.673566401005, "dmean2": 0.998813331127, "dvar": 0.713900983334, "dvar2": 1.52176737785, "max": 13.4479398727, "mean": 1.13437855244, "median": 1.16208982468, "min": -6.3230676651, "var": 2.1768116951}, "erbbands_spread": {"dmean": 16.6333446503, "dmean2": 26.8756504059, "dvar": 512.069152832, "dvar2": 1168.98876953, "max": 175.240997314, "mean": 45.1081542969, "median": 36.7416381836, "min": 0.258196562529, "var": 886.922485352}, "hfc": {"dmean": 10.5619773865, "dmean2": 18.018901825, "dvar": 756.809204102, "dvar2": 1981.89038086, "max": 221.974243164, "mean": 9.94790077209, "median": 2.85119724274, "min": 1.1845855029e-16, "var": 667.003540039}, "melbands_crest": {"dmean": 2.72309184074, "dmean2": 4.02985620499, "dvar": 8.24819469452, "dvar2": 18.9714126587, "max": 38.5052337646, "mean": 19.3674621582, "median": 18.3834285736, "min": 2.72196745872, "var": 45.116191864}, "melbands_flatness_db": {"dmean": 0.0476862601936, "dmean2": 0.0598301067948, "dvar": 0.00233605131507, "dvar2": 0.00400582002476, "max": 0.815087378025, "mean": 0.339856564999, "median": 0.331955701113, "min": 0.00881604012102, "var": 0.0173008963466}, "melbands_kurtosis": {"dmean": 42.1359786987, "dmean2": 61.4048194885, "dvar": 7597.23974609, "dvar2": 16089.9189453, "max": 1280.07202148, "mean": 75.5710830688, "median": 33.7626419067, "min": -1.82185089588, "var": 15148.1875}, "melbands_skewness": {"dmean": 1.63946902752, "dmean2": 2.49279904366, "dvar": 4.97831249237, "dvar2": 9.8672170639, "max": 29.1337013245, "mean": 5.19306755066, "median": 4.19590568542, "min": -4.0466170311, "var": 13.9759130478}, "melbands_spread": {"dmean": 10.1002254486, "dmean2": 17.0902805328, "dvar": 566.754089355, "dvar2": 1431.22558594, "max": 238.050201416, "mean": 13.1564073563, "median": 4.12636804581, "min": 0.147990390658, "var": 727.958862305}, "pitch_salience": {"dmean": 0.0770063176751, "dmean2": 0.112269684672, "dvar": 0.00582916941494, "dvar2": 0.0126659888774, "max": 0.959480404854, "mean": 0.476129978895, "median": 0.50895524025, "min": 0.0221399106085, "var": 0.0306315701455}, "silence_rate_20dB": {"dmean": 0, "dmean2": 0, "dvar": 0, "dvar2": 0, "max": 1, "mean": 1, "median": 1, "min": 1, "var": 0}, "silence_rate_30dB": {"dmean": 0.0522403456271, "dmean2": 0.104491479695, "dvar": 0.0495069921017, "dvar2": 0.0975020229816, "max": 1, "mean": 0.899659335613, "median": 1, "min": 0, "var": 0.0902744159102}, "silence_rate_60dB": {"dmean": 0.126574441791, "dmean2": 0.253175020218, "dvar": 0.11054007709, "dvar2": 0.23244574666, "max": 1, "mean": 0.308144927025, "median": 0, "min": 0, "var": 0.213196367025}, "spectral_centroid": {"dmean": 371.035003662, "dmean2": 594.905151367, "dvar": 450841.3125, "dvar2": 1035388.25, "max": 11334.8076172, "mean": 806.892822266, "median": 450.431213379, "min": 61.8959388733, "var": 778070.6875}, "spectral_complexity": {"dmean": 2.21887254715, "dmean2": 3.47155404091, "dvar": 33.4516372681, "dvar2": 52.0310974121, "max": 54, "mean": 5.80881595612, "median": 4, "min": 0, "var": 63.1356468201}, "spectral_decrease": {"dmean": 5.98955862685e-09, "dmean2": 1.00876880182e-08, "dvar": 2.29180169291e-16, "dvar2": 6.15317290714e-16, "max": 8.10300172357e-17, "mean": -9.13620112897e-09, "median": -1.5430117184e-09, "min": -1.28732267513e-07, "var": 2.6343283172e-16}, "spectral_energy": {"dmean": 0.0234489906579, "dmean2": 0.0395143553615, "dvar": 0.00341766397469, "dvar2": 0.00918263290077, "max": 0.493290036917, "mean": 0.0353843383491, "median": 0.00662128860131, "min": 1.09013413992e-20, "var": 0.003887191182}, "spectral_energyband_high": {"dmean": 0.000984524260275, "dmean2": 0.00167798390612, "dvar": 7.61622777645e-06, "dvar2": 1.95559860003e-05, "max": 0.0230868030339, "mean": 0.000753528554924, "median": 7.10880203769e-06, "min": 7.57753098075e-21, "var": 6.87595047566e-06}, "spectral_energyband_low": {"dmean": 0.017836175859, "dmean2": 0.0299060251564, "dvar": 0.0026377462782, "dvar2": 0.00702163856477, "max": 0.434013783932, "mean": 0.0271955095232, "median": 0.00220231851563, "min": 3.2074734152e-23, "var": 0.00325789977796}, "spectral_energyband_middle_high": {"dmean": 0.000702856632415, "dmean2": 0.00116907211486, "dvar": 6.28225870969e-06, "dvar2": 1.6247808162e-05, "max": 0.0207732506096, "mean": 0.000716911279596, "median": 0.000111371511593, "min": 1.67267249163e-21, "var": 5.87286695009e-06}, "spectral_energyband_middle_low": {"dmean": 0.00682489434257, "dmean2": 0.0124177308753, "dvar": 0.000392837479012, "dvar2": 0.00112125044689, "max": 0.169419273734, "mean": 0.00776860816404, "median": 0.00258627906442, "min": 4.59332121876e-22, "var": 0.000251113437116}, "spectral_entropy": {"dmean": 0.348889708519, "dmean2": 0.499191880226, "dvar": 0.178168103099, "dvar2": 0.311941027641, "max": 9.80564880371, "mean": 6.91181468964, "median": 6.84165906906, "min": 3.21006822586, "var": 0.789517521858}, "spectral_flux": {"dmean": 0.0493891835213, "dmean2": 0.0844181403518, "dvar": 0.00819329172373, "dvar2": 0.014724357985, "max": 0.665368378162, "mean": 0.0764267891645, "median": 0.0404691882432, "min": 1.04409488e-10, "var": 0.0123511208221}, "spectral_kurtosis": {"dmean": 3.67420482635, "dmean2": 5.78089332581, "dvar": 18.4242324829, "dvar2": 39.2513465881, "max": 78.300201416, "mean": 8.22410297394, "median": 6.62251472473, "min": -1.16371262074, "var": 67.439956665}, "spectral_rms": {"dmean": 0.00146845646668, "dmean2": 0.00227069715038, "dvar": 7.0926726039e-06, "dvar2": 1.65361325344e-05, "max": 0.0219376068562, "mean": 0.00438989279792, "median": 0.00254161236808, "min": 3.26120445752e-12, "var": 1.52502198034e-05}, "spectral_rolloff": {"dmean": 728.336914062, "dmean2": 1299.70715332, "dvar": 3204287.75, "dvar2": 7698507.5, "max": 19961.2792969, "mean": 1060.95043945, "median": 279.931640625, "min": 21.533203125, "var": 5636811.5}, "spectral_skewness": {"dmean": 0.470038145781, "dmean2": 0.693365573883, "dvar": 0.224497795105, "dvar2": 0.424484699965, "max": 7.21088457108, "mean": 1.94374585152, "median": 1.90562343597, "min": -0.0201798602939, "var": 0.930344581604}, "spectral_spread": {"dmean": 924896.4375, "dmean2": 1414974.375, "dvar": 1936325214210.0, "dvar2": 3211025711100.0, "max": 39098524, "mean": 4313715.5, "median": 3153612.25, "min": 1100152.875, "var": 5010247647230.0}, "spectral_strongpeak": {"dmean": 0.151720032096, "dmean2": 0.242933437228, "dvar": 0.0510632321239, "dvar2": 0.126900181174, "max": 1.9916151762, "mean": 0.373224973679, "median": 0.293719768524, "min": 0, "var": 0.0926191806793}, "zerocrossingrate": {"dmean": 0.0135377813131, "dmean2": 0.0173606295139, "dvar": 0.000467443227535, "dvar2": 0.000665669504087, "max": 0.66943359375, "mean": 0.0383043475449, "median": 0.01953125, "min": 0.001953125, "var": 0.00365749490447}, "barkbands": {"dmean": [0.00159551622346, 0.00937396567315, 0.0084574688226, 0.00427349517122, 0.00159296451602, 0.000860422500409, 0.000351860071532, 3.80149758712e-05, 2.27519321925e-05, 1.27759958559e-05, 4.5741267968e-05, 3.0777129723e-05, 1.662700015e-05, 2.49363274634e-05, 7.50529725337e-05, 9.09978407435e-05, 0.00012580913608, 0.000117560077342, 0.000146804930409, 0.000183927826583, 0.000226475895033, 0.00030402286211, 0.000157777758432, 0.000116586845252, 5.02079274156e-05, 2.34756662394e-05, 7.9055016613e-06], "dmean2": [0.00261058122851, 0.013788250275, 0.0161805246025, 0.00786211434752, 0.00278668175451, 0.00150411063805, 0.000653524475638, 6.4728948928e-05, 3.99573073082e-05, 2.10211183003e-05, 6.746451254e-05, 4.498389535e-05, 2.89159233944e-05, 3.88856606151e-05, 0.000133878216729, 0.000162223848747, 0.000217503227759, 0.000201930713956, 0.000238249849644, 0.000304306333419, 0.000376047682948, 0.000515818654094, 0.000271882454399, 0.00020396905893, 8.67389753694e-05, 4.2792147724e-05, 1.46398606375e-05], "dvar": [1.55723100761e-05, 0.00055210100254, 0.00125934113748, 0.000207678385777, 1.84311720659e-05, 1.68607766682e-05, 2.51176038546e-06, 1.53615804521e-08, 6.42550235241e-09, 1.14324916201e-09, 1.64929403468e-08, 1.29816051242e-08, 2.01536320965e-09, 6.76356659568e-09, 7.27118134591e-08, 9.94893625261e-08, 2.66044935415e-07, 2.63675048018e-07, 3.81337429189e-07, 5.33041657036e-07, 6.53601546219e-07, 6.80708637901e-07, 1.524439881e-07, 5.27579793186e-08, 1.16518092952e-08, 3.90257826055e-09, 1.15602338813e-09], "dvar2": [3.99826822104e-05, 0.000964062055573, 0.00366227794439, 0.000605214678217, 5.11854850629e-05, 4.70825580123e-05, 7.35086359782e-06, 4.28988791157e-08, 1.80668422445e-08, 3.27978688652e-09, 3.43480870413e-08, 2.59227626032e-08, 5.60447954712e-09, 1.63191948843e-08, 2.30879777519e-07, 2.85077732087e-07, 7.10617655386e-07, 6.89606679316e-07, 8.70082203619e-07, 1.33449555051e-06, 1.62297089901e-06, 1.74866704583e-06, 4.05313926422e-07, 1.45322587741e-07, 3.18891260065e-08, 1.13115135036e-08, 3.33559535548e-09], "max": [0.056970320642, 0.191853180528, 0.263399422169, 0.146390631795, 0.0538708753884, 0.03560776636, 0.0160113312304, 0.00125569046941, 0.000705577840563, 0.000375008559786, 0.00182642298751, 0.00265104719438, 0.00046940825996, 0.000824758259114, 0.00217325333506, 0.00242397654802, 0.00426547788084, 0.00420445250347, 0.00513940956444, 0.00617900304496, 0.00728308036923, 0.00652953702956, 0.00315136136487, 0.0015009798808, 0.000773720850702, 0.000488475314341, 0.000313279713737], "mean": [0.00203083106317, 0.0181539449841, 0.00596775533631, 0.00447270600125, 0.00204488122836, 0.000782332266681, 0.000390847038943, 4.98758490721e-05, 2.26551037485e-05, 1.95108841581e-05, 6.97036666679e-05, 4.97820801684e-05, 1.9513305233e-05, 2.82094624708e-05, 6.29366040812e-05, 8.92337557161e-05, 0.000105023456854, 9.14136180654e-05, 0.000122877550893, 0.00014376436593, 0.000175686887815, 0.000231102079852, 0.000116429575428, 8.42872905196e-05, 3.87638319808e-05, 1.5551560864e-05, 4.87454735776e-06], "median": [0.000126198632643, 0.000672226771712, 0.000375857809559, 0.00111310405191, 0.000557483872399, 0.000214207422687, 6.09492090007e-05, 2.23444349103e-05, 1.01170307971e-05, 1.28169849631e-05, 1.51521926455e-05, 6.55130224914e-06, 8.60247200762e-06, 3.79642051485e-06, 6.42647864879e-06, 1.0444662621e-05, 9.74983413471e-06, 4.47267302661e-06, 4.87288161821e-06, 5.0730136536e-06, 1.22425672089e-06, 1.075568548e-06, 2.5805852033e-07, 2.69964942845e-07, 9.5718071691e-08, 8.80342128085e-08, 5.72993208436e-08], "min": [1.22371795487e-23, 9.28594125059e-24, 9.74791476277e-24, 1.35969580237e-23, 3.95739488397e-23, 3.55555387201e-23, 9.27199718746e-23, 1.87112328868e-22, 8.77673579612e-23, 1.8673503563e-23, 4.88164987962e-23, 1.78951707954e-22, 1.45219813699e-22, 8.27615748228e-23, 1.21854712941e-22, 1.20457646589e-22, 3.42823576088e-22, 1.43933541283e-22, 2.42245981617e-22, 5.36974361766e-22, 3.42532265533e-22, 5.29048897132e-22, 4.98365565311e-22, 1.10578891672e-21, 1.14815233767e-21, 1.67632493024e-21, 2.18482472024e-21], "var": [1.85086228157e-05, 0.00145699491259, 0.000679473567288, 0.000120739430713, 1.47329583342e-05, 1.06154220703e-05, 1.59818216616e-06, 1.11581037743e-08, 4.06141342779e-09, 8.63117632921e-10, 3.508661095e-08, 2.66648143565e-08, 1.74595793379e-09, 6.77708866803e-09, 5.68389175726e-08, 9.60417736451e-08, 2.18780144223e-07, 2.01596137117e-07, 3.52520800107e-07, 4.51829606618e-07, 5.74772798245e-07, 6.37562436623e-07, 1.3086589945e-07, 4.42171028681e-08, 1.05331370293e-08, 2.67818744959e-09, 6.87426060519e-10]}, "erbbands": {"dmean": [0.388585716486, 2.1360347271, 8.37625312805, 13.4341039658, 9.79463100433, 4.44896888733, 3.45067381859, 8.63164901733, 7.70875263214, 2.21165919304, 0.835508584976, 0.649521172047, 0.382402300835, 0.508287549019, 2.44224238396, 0.981788694859, 0.741859734058, 1.21010136604, 1.96340346336, 6.00959968567, 4.28112268448, 7.6932926178, 6.84784317017, 7.24198436737, 6.96940517426, 8.99597167969, 9.00972747803, 10.2105293274, 11.676981926, 6.96382570267, 4.21181154251, 3.44848275185, 1.26139378548, 0.687105536461, 0.287681311369, 0.103585556149, 0.0435516610742, 0.0117138242349, 0.00124867085833, 9.00272934814e-05], "dmean2": [0.489025503397, 3.24269795418, 15.7283811569, 24.9872207642, 17.3988323212, 7.84774923325, 5.91590213776, 15.1953306198, 14.703745842, 3.85043025017, 1.47929275036, 1.15323328972, 0.630510747433, 0.864396154881, 3.49608683586, 1.44412410259, 1.26845622063, 1.89590513706, 3.25204706192, 11.1038331985, 7.38879299164, 13.2886619568, 11.8114347458, 11.8403148651, 11.3311243057, 14.9483366013, 15.074631691, 17.0690364838, 19.7700443268, 11.8577871323, 7.24472665787, 6.14926576614, 2.14796161652, 1.16139745712, 0.504337847233, 0.183243885636, 0.0810756459832, 0.0219448376447, 0.00230171740986, 0.000163166216225], "dvar": [0.644343733788, 36.2363471985, 1204.67565918, 2502.93139648, 711.738098145, 200.635314941, 199.674667358, 1698.60681152, 1713.7824707, 41.8543739319, 11.1997737885, 5.99318265915, 1.10063397884, 2.00963616371, 44.1365699768, 10.4523744583, 3.92138576508, 15.2529201508, 41.6657485962, 565.391662598, 194.455825806, 1034.90734863, 921.47442627, 954.242004395, 857.47668457, 1307.88989258, 1210.35351562, 1081.49035645, 964.28918457, 344.664794922, 96.1241226196, 50.7521247864, 6.82066965103, 2.02550935745, 0.468577384949, 0.0700098723173, 0.0139103205875, 0.00174411258195, 2.97513633996e-05, 1.03251963424e-07], "dvar2": [0.901612222195, 79.8555984497, 3472.671875, 7285.95556641, 2038.42456055, 559.65057373, 538.569396973, 4770.91650391, 5000.08544922, 123.785736084, 31.6473083496, 16.9592590332, 3.08100128174, 5.78838443756, 86.807434082, 21.4798088074, 10.5784368515, 36.9394874573, 109.683029175, 1765.70117188, 534.80871582, 2763.24658203, 2428.23461914, 2282.04711914, 1919.13061523, 3290.69824219, 3162.25317383, 2679.42871094, 2495.26245117, 867.382141113, 252.201293945, 142.051422119, 17.6049137115, 5.4739317894, 1.29418158531, 0.197863429785, 0.0408515706658, 0.00510627031326, 8.53980964166e-05, 2.93822040476e-07], "max": [7.81418609619, 50.5113983154, 255.688919067, 464.416900635, 262.713928223, 196.858581543, 143.724075317, 370.594482422, 371.52532959, 69.7276000977, 32.4925498962, 21.526058197, 11.3659381866, 14.6700620651, 104.435127258, 75.6415786743, 19.8503742218, 39.5737228394, 59.8105278015, 203.553726196, 104.432182312, 262.600921631, 255.351348877, 268.172363281, 227.534423828, 301.678863525, 307.907073975, 290.286956787, 247.28755188, 144.326217651, 76.7759475708, 43.9156570435, 18.4158172607, 10.868514061, 4.65478467941, 1.96675550938, 0.899885356426, 0.341071546078, 0.0500939264894, 0.00305949011818], "mean": [0.682453691959, 3.49828577042, 6.06784486771, 11.9019851685, 12.5759477615, 5.14671039581, 3.39414620399, 8.2377614975, 6.1664648056, 4.05239105225, 0.898626446724, 0.637822270393, 0.581837534904, 0.829529166222, 3.82911252975, 1.58173274994, 0.927851140499, 1.42334520817, 1.99981832504, 4.98461151123, 4.43528318405, 6.29570484161, 5.32189941406, 5.89851522446, 5.94759130478, 6.9955124855, 6.74373817444, 7.82773160934, 8.81331253052, 5.27383089066, 3.10818791389, 2.39910578728, 0.990875244141, 0.554811120033, 0.204431936145, 0.0716929882765, 0.0282401703298, 0.00730779534206, 0.000782285293099, 7.90073972894e-05], "median": [0.0228156857193, 0.154195040464, 0.460064023733, 1.81430387497, 4.0162153244, 1.01216626167, 1.08142101765, 2.48331737518, 1.0597512722, 1.29038965702, 0.398822158575, 0.289216518402, 0.351390838623, 0.531717061996, 0.588856637478, 0.235744416714, 0.405359655619, 0.276689231396, 0.322218954563, 0.396117776632, 0.638503313065, 0.513654112816, 0.317137598991, 0.282294720411, 0.184580668807, 0.218604192138, 0.106239207089, 0.0379741303623, 0.0217656251043, 0.0435006245971, 0.00928675662726, 0.00439637945965, 0.00384999066591, 0.00196010316722, 0.000746576406527, 0.000421972188633, 0.000163223565323, 5.78087565373e-05, 2.10049984162e-05, 1.81260784302e-05], "min": [2.09728857425e-22, 2.4388372249e-21, 1.15706581461e-20, 3.43418571586e-20, 4.13715740462e-20, 1.41711031579e-19, 2.52402014705e-19, 3.65347401043e-19, 1.40505539913e-18, 1.22116270581e-18, 4.80364916174e-18, 2.37378936196e-18, 8.71096768647e-19, 1.67708211877e-18, 2.18163075617e-18, 8.77067048115e-18, 7.1618529934e-18, 5.02118194641e-18, 4.95944821653e-18, 5.94475681088e-18, 7.45735499542e-18, 1.87965346023e-17, 1.06528438644e-17, 1.01543343693e-17, 1.6667432917e-17, 2.21248347632e-17, 1.33171967533e-17, 1.82697016158e-17, 1.90618891797e-17, 1.50932602348e-17, 1.39493736724e-17, 2.207230714e-17, 1.84981027265e-17, 1.01856472913e-17, 9.62947420853e-18, 5.67399329943e-18, 3.29730756455e-18, 1.29796177279e-18, 2.90913295128e-19, 3.20810303728e-20], "var": [1.93412768841, 65.2509231567, 681.246520996, 1389.56091309, 511.201141357, 149.283508301, 145.139755249, 1046.9317627, 945.399719238, 59.5031547546, 7.00765705109, 3.65694594383, 0.879627585411, 1.51106393337, 103.169418335, 20.56823349, 3.69636464119, 15.3252296448, 42.8038024902, 411.383575439, 215.765594482, 835.454772949, 692.578674316, 830.646911621, 814.509155273, 1097.00524902, 965.748413086, 979.895507812, 897.260131836, 321.159515381, 85.1471481323, 39.6344070435, 6.5612154007, 1.9802185297, 0.370573610067, 0.0517038591206, 0.00907950755209, 0.00105648487806, 1.77804176928e-05, 6.44742783606e-08]}, "gfcc": {"mean": [-138.146118164, 111.515319824, -79.6964645386, 47.985408783, -36.2148323059, 3.10259652138, -30.5270423889, -3.62268042564, -21.3615016937, -5.95452880859, -11.8146839142, 1.37847995758, -7.99118518829], "cov": [[20529.5683594, -630.577819824, 1236.83605957, 2768.46704102, -997.170227051, 614.462890625, -1002.09454346, 104.906639099, 421.868377686, 615.924743652, -405.903015137, -494.40625, -126.436393738], [-630.577819824, 3685.48950195, 45.0011825562, -507.211547852, 904.011352539, -684.632080078, 301.108917236, -74.8441085815, 106.257385254, -128.126556396, 108.88319397, -353.343017578, 100.753250122], [1236.83605957, 45.0011825562, 1144.8939209, 543.096801758, 172.825012207, 242.732788086, 115.690353394, 133.544494629, 180.548248291, 107.871673584, -59.1916999817, -111.700469971, 36.1627731323], [2768.46704102, -507.211547852, 543.096801758, 765.312194824, -139.058181763, 263.621398926, -113.630279541, 86.0659332275, 120.088867188, 126.0258255, -69.0343551636, -94.5018005371, 12.9555387497], [-997.170227051, 904.011352539, 172.825012207, -139.058181763, 605.95513916, -32.3942337036, 292.024719238, 78.2187423706, 96.9424514771, -23.1843891144, 65.8699493408, -36.6343231201, 95.5468521118], [614.462890625, -684.632080078, 242.732788086, 263.621398926, -32.3942337036, 486.594787598, 133.070709229, 106.987869263, 30.0160770416, 16.1710796356, 48.1937599182, 108.065284729, 15.194773674], [-1002.09454346, 301.108917236, 115.690353394, -113.630279541, 292.024719238, 133.070709229, 320.267822266, 89.1242752075, 34.9129104614, -46.0425758362, 98.0056228638, 58.6227989197, 53.1430435181], [104.906639099, -74.8441085815, 133.544494629, 86.0659332275, 78.2187423706, 106.987869263, 89.1242752075, 133.167495728, 68.6321182251, 48.3189620972, 42.781578064, 13.1746063232, 33.0295410156], [421.868377686, 106.257385254, 180.548248291, 120.088867188, 96.9424514771, 30.0160770416, 34.9129104614, 68.6321182251, 134.672103882, 74.8595962524, 9.08854007721, -43.7578735352, 26.0377922058], [615.924743652, -128.126556396, 107.871673584, 126.0258255, -23.1843891144, 16.1710796356, -46.0425758362, 48.3189620972, 74.8595962524, 112.557052612, 4.1167807579, -23.2593746185, 4.23316574097], [-405.903015137, 108.88319397, -59.1916999817, -69.0343551636, 65.8699493408, 48.1937599182, 98.0056228638, 42.781578064, 9.08854007721, 4.1167807579, 125.229354858, 50.5054588318, 24.6194534302], [-494.40625, -353.343017578, -111.700469971, -94.5018005371, -36.6343231201, 108.065284729, 58.6227989197, 13.1746063232, -43.7578735352, -23.2593746185, 50.5054588318, 159.226501465, 22.8247661591], [-126.436393738, 100.753250122, 36.1627731323, 12.9555387497, 95.5468521118, 15.194773674, 53.1430435181, 33.0295410156, 26.0377922058, 4.23316574097, 24.6194534302, 22.8247661591, 70.9203338623]], "icov": [[0.00017264719645, -0.000309123395709, 0.000194029751583, -0.000686515704729, 0.000217249820707, -0.000337405363098, 0.000255777209532, -8.79586077644e-05, 3.38179256687e-06, -0.000631431001239, 0.000547563598957, -0.00055541965412, 0.000427448947448], [-0.000309123395709, 0.00164806062821, -0.00053244055016, 0.00143842957914, -0.00128747557756, 0.00163085211534, -0.000736048794352, 0.00099072069861, -0.000432264525443, 0.0023551278282, -0.00266668689437, 0.00325124477968, -0.00151095364708], [0.000194029751583, -0.00053244055016, 0.00214915792458, -0.00199961848557, 0.000160799885634, -0.000675531045999, -0.00113164773211, -0.000160329698701, -0.000431018561358, -0.00169240182731, 0.00225366628729, -0.000538425345439, 0.000872697506566], [-0.000686515704729, 0.00143842957914, -0.00199961848557, 0.00711188605055, -0.000189011378097, -0.00124853709713, 0.00117565086111, 0.000135246809805, -0.000627156172413, 0.00178213347681, -0.00225099152885, 0.00574454758316, -0.00491229770705], [0.000217249820707, -0.00128747557756, 0.000160799885634, -0.000189011378097, 0.00607655057684, -0.0005923245335, -0.0039199325256, -6.30260110484e-05, -0.00142504821997, -0.0018654523883, 0.00271490495652, 4.88671003041e-06, -0.00323357060552], [-0.000337405363098, 0.00163085211534, -0.000675531045999, -0.00124853709713, -0.0005923245335, 0.0073626213707, -0.00367416394874, -0.000772069324739, -0.000559039821383, 0.00354169658385, -0.00270599476062, -0.00133146566804, 0.00134916708339], [0.000255777209532, -0.000736048794352, -0.00113164773211, 0.00117565086111, -0.0039199325256, -0.00367416394874, 0.0141405789182, -0.00467708753422, -0.00153187802061, 0.00552826514468, -0.00370421051048, -0.00288225174882, 0.0019603993278], [-8.79586077644e-05, 0.00099072069861, -0.000160329698701, 0.000135246809805, -6.30260110484e-05, -0.000772069324739, -0.00467708753422, 0.0169888362288, -0.00331419589929, -0.00449310429394, -0.00283977179788, 0.00263183633797, -0.0040406207554], [3.38179256687e-06, -0.000432264525443, -0.000431018561358, -0.000627156172413, -0.00142504821997, -0.000559039821383, -0.00153187802061, -0.00331419589929, 0.0197000633925, -0.0112707205117, 0.00133857945912, 0.00293676415458, -0.00228427280672], [-0.000631431001239, 0.0023551278282, -0.00169240182731, 0.00178213347681, -0.0018654523883, 0.00354169658385, 0.00552826514468, -0.00449310429394, -0.0112707205117, 0.0260828640312, -0.00795523263514, 0.0017991932109, 0.000533963611815], [0.000547563598957, -0.00266668689437, 0.00225366628729, -0.00225099152885, 0.00271490495652, -0.00270599476062, -0.00370421051048, -0.00283977179788, 0.00133857945912, -0.00795523263514, 0.0180172156543, -0.00654833391309, 0.000883405446075], [-0.00055541965412, 0.00325124477968, -0.000538425345439, 0.00574454758316, 4.88671003041e-06, -0.00133146566804, -0.00288225174882, 0.00263183633797, 0.00293676415458, 0.0017991932109, -0.00654833391309, 0.021263897419, -0.0109271062538], [0.000427448947448, -0.00151095364708, 0.000872697506566, -0.00491229770705, -0.00323357060552, 0.00134916708339, 0.0019603993278, -0.0040406207554, -0.00228427280672, 0.000533963611815, 0.000883405446075, -0.0109271062538, 0.0259583257139]]}, "melbands": {"dmean": [0.00293444492854, 0.00376999960281, 0.00229255156592, 0.000466366444016, 0.000125639271573, 0.000190457023564, 0.000109772066935, 1.83169431693e-05, 5.89135697737e-06, 3.87685213354e-06, 1.88665319456e-06, 1.89493073322e-06, 6.61886406306e-06, 5.61202159588e-06, 1.24752273223e-06, 1.91262734006e-06, 2.34921890296e-06, 2.53541588791e-06, 6.32732826489e-06, 8.70437452249e-06, 4.29851343142e-06, 7.91165712144e-06, 7.32575699658e-06, 5.10569952894e-06, 6.15748876953e-06, 5.09787696501e-06, 4.74125226901e-06, 6.42906798021e-06, 5.47421359443e-06, 5.15773808729e-06, 6.41710130367e-06, 7.40328550819e-06, 4.77241428598e-06, 3.4559705e-06, 2.30233854381e-06, 2.0804527594e-06, 2.16237458517e-06, 8.52826303799e-07, 7.97555799181e-07, 4.88532350573e-07], "dmean2": [0.00391757162288, 0.00661322940141, 0.00421104487032, 0.000822775415145, 0.000217628301471, 0.000337889621733, 0.000208353463677, 3.14090611937e-05, 1.04819127955e-05, 6.7820969889e-06, 3.08661583404e-06, 3.26848089571e-06, 9.79803007795e-06, 7.93874278315e-06, 2.09494578485e-06, 3.27975362779e-06, 3.63314779861e-06, 3.93147956856e-06, 1.151307697e-05, 1.59066694323e-05, 7.22036429579e-06, 1.36218632178e-05, 1.26531258502e-05, 8.76168724062e-06, 1.01032492239e-05, 8.2931446741e-06, 7.73173724156e-06, 1.07584301077e-05, 9.13571238925e-06, 8.47069895826e-06, 1.08282256406e-05, 1.27015719045e-05, 7.88130455476e-06, 6.0094885157e-06, 3.93500386053e-06, 3.64481638826e-06, 3.87922591472e-06, 1.46830109315e-06, 1.34154640818e-06, 8.37648258312e-07], "dvar": [4.1129271267e-05, 0.000195281128981, 6.55486510368e-05, 1.52347365656e-06, 2.34534596188e-07, 8.52507469062e-07, 3.24379186623e-07, 2.46153808448e-09, 6.22936979777e-10, 1.890035628e-10, 2.45541555838e-11, 2.92856849882e-11, 3.32333049968e-10, 3.33875760372e-10, 1.44868266688e-11, 2.19106226218e-11, 5.84799847436e-11, 7.25518672917e-11, 5.6671284332e-10, 1.0475121881e-09, 1.71465674992e-10, 1.02828912052e-09, 1.08755415784e-09, 4.88646012542e-10, 7.2820771635e-10, 4.47978015794e-10, 3.98291205572e-10, 6.6074412608e-10, 4.41439856891e-10, 3.69074187878e-10, 3.9797190543e-10, 3.63292673722e-10, 1.80192666344e-10, 8.14051603903e-11, 2.47060791964e-11, 2.80112374268e-11, 1.86854212658e-11, 2.98328614416e-12, 3.09014641132e-12, 1.01285841693e-12], "dvar2": [5.69683725189e-05, 0.000548535666894, 0.000190446589841, 4.31523176303e-06, 6.22549862328e-07, 2.40011604546e-06, 9.47234411797e-07, 7.29383176079e-09, 1.75765857424e-09, 5.37058286731e-10, 6.88568160823e-11, 8.4718711213e-11, 7.09450498348e-10, 6.60811239062e-10, 3.72269021165e-11, 6.0269747526e-11, 1.41361020112e-10, 1.63508248607e-10, 1.82006920646e-09, 3.14544434943e-09, 4.56382931446e-10, 2.75290568119e-09, 2.86990031739e-09, 1.28758836926e-09, 1.78477099766e-09, 9.95718951735e-10, 9.09958219886e-10, 1.70211489348e-09, 1.15275922141e-09, 9.19495590779e-10, 9.93924831327e-10, 9.69943236839e-10, 4.23840823549e-10, 2.15060302899e-10, 6.42716782573e-11, 7.63587179597e-11, 5.30739237281e-11, 7.74873828296e-12, 7.96780783713e-12, 2.76339910156e-12], "max": [0.057723980397, 0.108120985329, 0.0765222385526, 0.0142347691581, 0.00474778562784, 0.00817148946226, 0.0052504572086, 0.00056727026822, 0.000246743526077, 0.000126719722175, 5.60926382605e-05, 5.59637046535e-05, 0.000263887865003, 0.000392471672967, 3.76750067517e-05, 5.067683378e-05, 8.21544163045e-05, 8.12945872894e-05, 0.000195600776351, 0.00025282255956, 9.98228861135e-05, 0.00025987252593, 0.0002773074375, 0.000185473429156, 0.000242797250394, 0.000155984729645, 0.000158803275554, 0.000223347815336, 0.000181537820026, 0.000182526884601, 0.000168342448887, 0.000150398016558, 0.000102302401501, 7.01914323145e-05, 3.72766080545e-05, 4.28038547398e-05, 3.0443254218e-05, 1.13666064863e-05, 1.36364424179e-05, 7.51630295781e-06], "mean": [0.00560092460364, 0.00368127808906, 0.00222663697787, 0.000605473003816, 0.000131325461552, 0.000173366322997, 9.58752279985e-05, 3.67484426533e-05, 5.37230926057e-06, 3.8684993342e-06, 2.87564444079e-06, 2.89795434583e-06, 1.00408587969e-05, 9.25071162783e-06, 1.4720208128e-06, 2.20696051656e-06, 2.71641624749e-06, 2.73489172287e-06, 5.10356176164e-06, 7.63569551054e-06, 4.52545737062e-06, 6.55062240185e-06, 5.64558968108e-06, 3.95669576392e-06, 4.91161790706e-06, 4.37420794697e-06, 3.96558152715e-06, 4.90796492159e-06, 4.11431165048e-06, 3.98820111513e-06, 4.85819964524e-06, 5.45941747987e-06, 3.79840435016e-06, 2.55282634498e-06, 1.73081696175e-06, 1.48299432112e-06, 1.48736148731e-06, 6.61819399284e-07, 6.39689346826e-07, 3.9405549046e-07], "median": [0.000227614596952, 0.000258521788055, 0.00045367758139, 0.000162057083799, 4.40798394266e-05, 4.85907876282e-05, 1.58193779498e-05, 1.33792855195e-05, 1.79299263436e-06, 1.79019593816e-06, 1.75919637968e-06, 1.9812332539e-06, 1.90180821846e-06, 1.08486483441e-06, 3.45542844116e-07, 1.00674719761e-06, 3.23823428516e-07, 4.7097412903e-07, 4.79055529468e-07, 6.96043457538e-07, 6.98800306509e-07, 6.41361793896e-07, 2.56301291301e-07, 2.05910012596e-07, 2.34883913208e-07, 1.42182074114e-07, 1.38070888056e-07, 1.44008794223e-07, 8.18264282998e-08, 3.18320267922e-08, 2.02506278413e-08, 1.17625313933e-08, 2.30436949522e-08, 1.95356086863e-08, 4.20708090587e-09, 3.82603815297e-09, 2.41143438551e-09, 1.89186044608e-09, 3.83814047211e-09, 8.96013596652e-10], "min": [2.61850071258e-24, 4.98662486245e-24, 5.5415072566e-24, 5.91415015987e-24, 9.12186212661e-24, 8.77835185657e-24, 2.03660298787e-23, 1.88815198728e-23, 3.52739343096e-23, 1.36236862089e-23, 3.7769236248e-24, 6.23960774252e-24, 6.23403483466e-24, 1.90459011305e-23, 1.98337380943e-23, 1.37492271111e-23, 8.34580837819e-24, 6.254983036e-24, 1.04006884844e-23, 7.8700211227e-24, 7.98137672808e-24, 1.80427587822e-23, 1.62360795603e-23, 7.0593087704e-24, 7.82352723867e-24, 1.14974623113e-23, 1.38590160387e-23, 1.59007332118e-23, 9.28811219581e-24, 8.76064114039e-24, 1.07252258608e-23, 1.0064507521e-23, 1.12963635227e-23, 7.94509701505e-24, 7.2950322418e-24, 1.08675134911e-23, 1.41154589417e-23, 1.27698878517e-23, 9.87864005882e-24, 8.4444712116e-24], "var": [0.000129148218548, 0.000138580377097, 3.72445465473e-05, 1.17405670608e-06, 1.77927745426e-07, 5.20534626958e-07, 1.8221143705e-07, 4.23516821613e-09, 3.82403331223e-10, 1.16090866087e-10, 2.01687052476e-11, 2.00454271237e-11, 6.89857670988e-10, 7.08137770644e-10, 1.41732615228e-11, 2.01403685396e-11, 5.89182660993e-11, 8.03709737651e-11, 4.08570899335e-10, 8.51353321174e-10, 2.08463732387e-10, 8.48152603705e-10, 8.16064715803e-10, 3.7031566702e-10, 6.06231898015e-10, 4.29463131724e-10, 3.69401953471e-10, 5.37741517981e-10, 3.56748852681e-10, 3.15858561528e-10, 3.61483232236e-10, 3.2221367241e-10, 1.88780699406e-10, 6.96536994749e-11, 2.30276353541e-11, 2.22570711861e-11, 1.40751551039e-11, 2.79902815335e-12, 3.06077906076e-12, 9.72546262273e-13]}, "mfcc": {"mean": [-784.122619629, 136.63053894, 23.6513538361, 49.0335845947, 19.022605896, 12.8986787796, 3.51125907898, 3.99032497406, -0.308971524239, -6.14085197449, -8.23757266998, 0.0604387298226, 4.86627292633], "cov": [[12438.9609375, -1739.10180664, 1519.61730957, 961.101074219, 289.476715088, 609.633789062, -601.208007812, -169.337524414, 32.3129425049, 256.348480225, 171.034835815, -3.75316739082, -142.009674072], [-1739.10180664, 4331.97265625, -641.711975098, 462.971038818, 281.738372803, -268.342132568, 246.043258667, -100.308815002, 115.347061157, 190.421890259, -58.7943954468, -174.760574341, 56.6941795349], [1519.61730957, -641.711975098, 883.417480469, 216.433441162, 99.7759246826, 267.540710449, 20.4564247131, 137.869674683, 95.0364151001, 91.5694503784, 98.9591064453, 60.3764724731, -48.5918312073], [961.101074219, 462.971038818, 216.433441162, 379.725341797, 156.729705811, 57.9194259644, 4.35912561417, -5.82213449478, 91.1038970947, 128.539367676, 43.4714622498, -43.4095039368, -28.4138317108], [289.476715088, 281.738372803, 99.7759246826, 156.729705811, 188.715713501, 95.8448257446, 73.6895446777, 63.3963241577, 99.0158233643, 94.9717330933, 45.7016944885, 3.62439703941, 11.9354734421], [609.633789062, -268.342132568, 267.540710449, 57.9194259644, 95.8448257446, 240.088867188, 81.89453125, 131.192626953, 82.6470947266, 45.0373458862, 59.1524238586, 54.5172080994, 18.0260391235], [-601.208007812, 246.043258667, 20.4564247131, 4.35912561417, 73.6895446777, 81.89453125, 236.7787323, 149.266418457, 65.5993347168, 22.0636825562, 48.9949836731, 62.5817108154, 48.0414733887], [-169.337524414, -100.308815002, 137.869674683, -5.82213449478, 63.3963241577, 131.192626953, 149.266418457, 181.58543396, 83.9177780151, 15.3866271973, 47.0260276794, 72.5411682129, 40.7937202454], [32.3129425049, 115.347061157, 95.0364151001, 91.1038970947, 99.0158233643, 82.6470947266, 65.5993347168, 83.9177780151, 131.573974609, 83.5422592163, 35.7498474121, 10.5039339066, 15.7369222641], [256.348480225, 190.421890259, 91.5694503784, 128.539367676, 94.9717330933, 45.0373458862, 22.0636825562, 15.3866271973, 83.5422592163, 153.754989624, 69.6079330444, -8.50595378876, -2.03670763969], [171.034835815, -58.7943954468, 98.9591064453, 43.4714622498, 45.7016944885, 59.1524238586, 48.9949836731, 47.0260276794, 35.7498474121, 69.6079330444, 91.1270523071, 43.5306968689, 16.8229217529], [-3.75316739082, -174.760574341, 60.3764724731, -43.4095039368, 3.62439703941, 54.5172080994, 62.5817108154, 72.5411682129, 10.5039339066, -8.50595378876, 43.5306968689, 102.137504578, 50.0651779175], [-142.009674072, 56.6941795349, -48.5918312073, -28.4138317108, 11.9354734421, 18.0260391235, 48.0414733887, 40.7937202454, 15.7369222641, -2.03670763969, 16.8229217529, 50.0651779175, 81.7486877441]], "icov": [[0.000187692203326, 5.02692564623e-05, -5.28287819179e-05, -0.000520589936059, -6.31307630101e-05, -0.000535820785444, 0.00053881353233, 0.000122144803754, 0.000397535826778, -3.52346796717e-05, 8.10918027128e-06, -0.000214735904592, -0.000118951917102], [5.02692564623e-05, 0.000521834474057, 0.000264744274318, -0.000781067239586, -0.000369264307665, 0.000357095705112, -0.00082865083823, 0.000373050075723, 0.000256155326497, -0.000490640406497, 0.000738322385587, 0.000356598873623, -0.000544564623851], [-5.28287819179e-05, 0.000264744274318, 0.00279017002322, -0.00180146831553, 0.000874237157404, -0.00171675404999, 0.000713456480298, -0.00184468133375, 0.000517153006513, -0.000589674280491, -0.000188780162716, -0.00132929324172, 0.00224782433361], [-0.000520589936059, -0.000781067239586, -0.00180146831553, 0.00827303063124, -0.00333902309649, 0.00182497408241, -0.00101042515598, 0.00207245210186, -0.00272309454158, -0.000365214742487, -0.00127858004998, 0.00199689576402, 0.00064201495843], [-6.31307630101e-05, -0.000369264307665, 0.000874237157404, -0.00333902309649, 0.0140186464414, -0.00376249151304, -0.00162151048426, 9.345455328e-05, -0.00388211989775, -0.00245371507481, 0.000145292622619, 0.000105666513264, -0.00021372831543], [-0.000535820785444, 0.000357095705112, -0.00171675404999, 0.00182497408241, -0.00376249151304, 0.0125598311424, -0.0011082541896, -0.00515097426251, -0.00155951222405, 0.000689901295118, -0.00114280101843, 0.00122717034537, -0.000762045674492], [0.00053881353233, -0.00082865083823, 0.000713456480298, -0.00101042515598, -0.00162151048426, -0.0011082541896, 0.0144279003143, -0.0111614540219, 0.00325133698061, 0.000619665777776, -0.0034050391987, -0.00139333726838, 9.91027045529e-05], [0.000122144803754, 0.000373050075723, -0.00184468133375, 0.00207245210186, 9.345455328e-05, -0.00515097426251, -0.0111614540219, 0.0279256608337, -0.0125743430108, 0.00613914988935, -0.00138331635389, -0.00481429230422, -0.000869884330314], [0.000397535826778, 0.000256155326497, 0.000517153006513, -0.00272309454158, -0.00388211989775, -0.00155951222405, 0.00325133698061, -0.0125743430108, 0.0250111427158, -0.0120627405122, 0.00697840331122, 0.00147929473314, -0.00230873050168], [-3.52346796717e-05, -0.000490640406497, -0.000589674280491, -0.000365214742487, -0.00245371507481, 0.000689901295118, 0.000619665777776, 0.00613914988935, -0.0120627405122, 0.0231886915863, -0.0175025202334, 0.00493298564106, 6.0620768636e-05], [8.10918027128e-06, 0.000738322385587, -0.000188780162716, -0.00127858004998, 0.000145292622619, -0.00114280101843, -0.0034050391987, -0.00138331635389, 0.00697840331122, -0.0175025202334, 0.0314033851027, -0.0113308252767, 0.000564989924897], [-0.000214735904592, 0.000356598873623, -0.00132929324172, 0.00199689576402, 0.000105666513264, 0.00122717034537, -0.00139333726838, -0.00481429230422, 0.00147929473314, 0.00493298564106, -0.0113308252767, 0.0265478994697, -0.0118699949235], [-0.000118951917102, -0.000544564623851, 0.00224782433361, 0.00064201495843, -0.00021372831543, -0.000762045674492, 9.91027045529e-05, -0.000869884330314, -0.00230873050168, 6.0620768636e-05, 0.000564989924897, -0.0118699949235, 0.022137189284]]}, "spectral_contrast_coeffs": {"dmean": [0.0486968010664, 0.0395576357841, 0.0297624524683, 0.0280626211315, 0.0204463023692, 0.0188460946083], "dmean2": [0.0774854719639, 0.0623564571142, 0.0466616675258, 0.0458999946713, 0.0341740958393, 0.0280242934823], "dvar": [0.0027604883071, 0.00124828051776, 0.000625630782451, 0.000736383139156, 0.000281018525129, 0.000354611256626], "dvar2": [0.00685789762065, 0.00302905612625, 0.00148853426799, 0.00195414456539, 0.000714294728823, 0.00085366651183], "max": [-0.314530849457, -0.422226041555, -0.42897990346, -0.634334445, -0.555364489555, -0.651430845261], "mean": [-0.639890730381, -0.706588447094, -0.797922194004, -0.808847427368, -0.820874750614, -0.781520426273], "median": [-0.638727068901, -0.701469957829, -0.803840279579, -0.809691786766, -0.821708440781, -0.784020841122], "min": [-0.985804736614, -0.964078724384, -0.980229735374, -0.970157384872, -0.959192156792, -0.961254179478], "var": [0.00732566323131, 0.00787938851863, 0.00401701778173, 0.00192371441517, 0.00126708659809, 0.00130273378454]}, "spectral_contrast_valleys": {"dmean": [0.456977456808, 0.429651618004, 0.346930801868, 0.377042710781, 0.471636980772, 0.713124454021], "dmean2": [0.696726441383, 0.678464412689, 0.54812335968, 0.576431691647, 0.674686253071, 0.978266775608], "dvar": [0.338873326778, 0.27048432827, 0.189458310604, 0.253197610378, 0.409455776215, 0.972358703613], "dvar2": [0.63344424963, 0.544103503227, 0.381445199251, 0.448164403439, 0.753149271011, 1.67434155941], "max": [-5.00504016876, -5.29535627365, -6.31517267227, -6.28847837448, -5.222972