{"lowlevel": {"average_loudness": 0.912414669991, "barkbands_crest": {"dmean": 2.08890771866, "dmean2": 3.32675433159, "dvar": 3.80035161972, "dvar2": 10.0055065155, "max": 24.9812736511, "mean": 12.0832366943, "median": 11.5389652252, "min": 2.91539764404, "var": 16.55119133}, "barkbands_flatness_db": {"dmean": 0.0235639493912, "dmean2": 0.0368340648711, "dvar": 0.000557978230063, "dvar2": 0.00132043461781, "max": 0.694685578346, "mean": 0.264015734196, "median": 0.240417897701, "min": 0.0385818518698, "var": 0.0126096466556}, "barkbands_kurtosis": {"dmean": 2.33493828773, "dmean2": 3.70673847198, "dvar": 8.94815158844, "dvar2": 22.4609565735, "max": 100.682792664, "mean": 6.50419950485, "median": 5.48998069763, "min": -1.62162184715, "var": 30.1380348206}, "barkbands_skewness": {"dmean": 0.371205836535, "dmean2": 0.580060005188, "dvar": 0.122576527297, "dvar2": 0.299583762884, "max": 7.45712280273, "mean": 1.87886250019, "median": 1.84498167038, "min": -1.92065918446, "var": 0.775802314281}, "barkbands_spread": {"dmean": 2.06622958183, "dmean2": 3.22637748718, "dvar": 11.6159200668, "dvar2": 25.1444187164, "max": 75.6178436279, "mean": 9.06834411621, "median": 7.54093551636, "min": 0.471505343914, "var": 44.4386329651}, "dissonance": {"dmean": 0.0322857126594, "dmean2": 0.0542489737272, "dvar": 0.00102402910125, "dvar2": 0.00282929185778, "max": 0.499999910593, "mean": 0.420419484377, "median": 0.436505615711, "min": 0.0203787703067, "var": 0.00395000167191}, "dynamic_complexity": 2.52270102501, "erbbands_crest": {"dmean": 2.34225010872, "dmean2": 3.70501041412, "dvar": 4.5046877861, "dvar2": 10.8191366196, "max": 30.4710102081, "mean": 10.6630296707, "median": 9.90808963776, "min": 2.38058781624, "var": 16.8916473389}, "erbbands_flatness_db": {"dmean": 0.0176735688001, "dmean2": 0.0268679838628, "dvar": 0.000349270761944, "dvar2": 0.000769830017816, "max": 0.589047670364, "mean": 0.234802216291, "median": 0.217429369688, "min": 0.0612258054316, "var": 0.0100244348869}, "erbbands_kurtosis": {"dmean": 1.07914412022, "dmean2": 1.65754520893, "dvar": 1.95111429691, "dvar2": 4.34455823898, "max": 50.6391296387, "mean": 1.70942342281, "median": 1.12573504448, "min": -1.71638190746, "var": 6.9749083519}, "erbbands_skewness": {"dmean": 0.288660049438, "dmean2": 0.444226682186, "dvar": 0.0682437121868, "dvar2": 0.161735713482, "max": 5.77572011948, "mean": 0.916255891323, "median": 0.969076991081, "min": -1.985445261, "var": 0.496934860945}, "erbbands_spread": {"dmean": 5.05411577225, "dmean2": 7.53543376923, "dvar": 38.1602134705, "dvar2": 71.5166931152, "max": 132.420913696, "mean": 26.4431037903, "median": 23.1375312805, "min": 1.41406822205, "var": 297.146972656}, "hfc": {"dmean": 3.9007461071, "dmean2": 6.02181148529, "dvar": 34.9104804993, "dvar2": 78.9614715576, "max": 110.368347168, "mean": 17.1835918427, "median": 16.0843658447, "min": 1.28288698515e-16, "var": 111.820487976}, "melbands_crest": {"dmean": 2.30313920975, "dmean2": 3.72489619255, "dvar": 4.51700925827, "dvar2": 12.2325382233, "max": 32.7908706665, "mean": 14.3246736526, "median": 13.6787157059, "min": 2.41186833382, "var": 19.6947746277}, "melbands_flatness_db": {"dmean": 0.0263228248805, "dmean2": 0.0412925034761, "dvar": 0.000763952906709, "dvar2": 0.00183117249981, "max": 0.883158802986, "mean": 0.362737715244, "median": 0.337204277515, "min": 0.0110118752345, "var": 0.0180342439562}, "melbands_kurtosis": {"dmean": 4.21749544144, "dmean2": 6.63423442841, "dvar": 28.3670406342, "dvar2": 70.746383667, "max": 123.380264282, "mean": 12.7095146179, "median": 9.57786941528, "min": -1.57678496838, "var": 132.851303101}, "melbands_skewness": {"dmean": 0.458165585995, "dmean2": 0.710430920124, "dvar": 0.185470640659, "dvar2": 0.447741687298, "max": 9.45543861389, "mean": 2.4667429924, "median": 2.30673933029, "min": -0.646035909653, "var": 1.52461183071}, "melbands_spread": {"dmean": 1.8221808672, "dmean2": 2.87940955162, "dvar": 6.85689496994, "dvar2": 14.9110994339, "max": 142.790863037, "mean": 8.67113304138, "median": 7.41893959045, "min": 0.755602896214, "var": 29.7709178925}, "pitch_salience": {"dmean": 0.0586201176047, "dmean2": 0.0940688103437, "dvar": 0.00281477509998, "dvar2": 0.00717250490561, "max": 0.926724433899, "mean": 0.530847430229, "median": 0.536705315113, "min": 0.151397660375, "var": 0.0112520856783}, "silence_rate_20dB": {"dmean": 0, "dmean2": 0, "dvar": 0, "dvar2": 0, "max": 1, "mean": 1, "median": 1, "min": 1, "var": 0}, "silence_rate_30dB": {"dmean": 0.0194345191121, "dmean2": 0.0388714745641, "dvar": 0.0190567448735, "dvar2": 0.0491590760648, "max": 1, "mean": 0.978560686111, "median": 1, "min": 0, "var": 0.0209779273719}, "silence_rate_60dB": {"dmean": 0.00125383993145, "dmean2": 0.00250783702359, "dvar": 0.00125215062872, "dvar2": 0.00300262658857, "max": 1, "mean": 0.0378635898232, "median": 0, "min": 0, "var": 0.0364308729768}, "spectral_centroid": {"dmean": 96.8883285522, "dmean2": 150.356430054, "dvar": 23402.2773438, "dvar2": 41173.7773438, "max": 11112.2871094, "mean": 613.372070312, "median": 534.539123535, "min": 191.241394043, "var": 105289.6875}, "spectral_complexity": {"dmean": 2.25615954399, "dmean2": 3.62206888199, "dvar": 8.32827758789, "dvar2": 17.8691482544, "max": 48, "mean": 14.0487709045, "median": 14, "min": 0, "var": 28.0868530273}, "spectral_decrease": {"dmean": 2.72098343856e-09, "dmean2": 4.32215951918e-09, "dvar": 8.39733161067e-18, "dvar2": 2.18845454127e-17, "max": 1.00619433554e-28, "mean": -1.41642253482e-08, "median": -1.47465630818e-08, "min": -4.20243289057e-08, "var": 5.01257554573e-17}, "spectral_energy": {"dmean": 0.0105041144416, "dmean2": 0.0166795942932, "dvar": 0.000124406942632, "dvar2": 0.000323751824908, "max": 0.16079954803, "mean": 0.0550174191594, "median": 0.0573582574725, "min": 1.12564135239e-20, "var": 0.000737568130717}, "spectral_energyband_high": {"dmean": 0.000178724818397, "dmean2": 0.000265066541033, "dvar": 2.75387463944e-07, "dvar2": 5.684752864e-07, "max": 0.00981030426919, "mean": 0.000357714714482, "median": 5.57481616852e-05, "min": 8.05025096834e-21, "var": 8.46472573812e-07}, "spectral_energyband_low": {"dmean": 0.00687428796664, "dmean2": 0.0106700165197, "dvar": 7.64618453104e-05, "dvar2": 0.000195412460016, "max": 0.122265733778, "mean": 0.0269051901996, "median": 0.0240296758711, "min": 8.89239100898e-23, "var": 0.000446723715868}, "spectral_energyband_middle_high": {"dmean": 0.000879301922396, "dmean2": 0.00139077776112, "dvar": 1.32998559366e-06, "dvar2": 3.27802717948e-06, "max": 0.0222776718438, "mean": 0.00259841582738, "median": 0.00218004337512, "min": 1.71655123234e-21, "var": 4.39045470557e-06}, "spectral_energyband_middle_low": {"dmean": 0.00709441304207, "dmean2": 0.0112829962745, "dvar": 6.74504699418e-05, "dvar2": 0.000175536042661, "max": 0.134105175734, "mean": 0.0270215068012, "median": 0.0254344046116, "min": 2.26216050344e-22, "var": 0.000270357064437}, "spectral_entropy": {"dmean": 0.194527953863, "dmean2": 0.297638386488, "dvar": 0.0501525551081, "dvar2": 0.111253708601, "max": 9.79417324066, "mean": 6.5866394043, "median": 6.6424908638, "min": 3.98584675789, "var": 0.630923569202}, "spectral_flux": {"dmean": 0.0215845480561, "dmean2": 0.0352198928595, "dvar": 0.000526404008269, "dvar2": 0.00132721150294, "max": 0.280320972204, "mean": 0.079364977777, "median": 0.073927924037, "min": 1.06096249841e-10, "var": 0.0016857428709}, "spectral_kurtosis": {"dmean": 21.9251270294, "dmean2": 38.2361564636, "dvar": 6388.75830078, "dvar2": 19280.3457031, "max": 1396.17614746, "mean": 51.8758010864, "median": 8.80284976959, "min": -1.2073174715, "var": 23503.5273438}, "spectral_rms": {"dmean": 0.000675869639963, "dmean2": 0.00107061280869, "dvar": 4.43019587237e-07, "dvar2": 1.16365765734e-06, "max": 0.0125250788406, "mean": 0.00697615370154, "median": 0.00748059293255, "min": 3.31388996105e-12, "var": 5.00906753587e-06}, "spectral_rolloff": {"dmean": 102.0546875, "dmean2": 176.644897461, "dvar": 96915.390625, "dvar2": 205614.625, "max": 19552.1484375, "mean": 520.278442383, "median": 430.6640625, "min": 64.599609375, "var": 258710.90625}, "spectral_skewness": {"dmean": 0.648636877537, "dmean2": 1.09387779236, "dvar": 1.30373501778, "dvar2": 3.85274481773, "max": 29.6224555969, "mean": 3.6625521183, "median": 2.2409760952, "min": 0.0121118472889, "var": 21.6171550751}, "spectral_spread": {"dmean": 481538.46875, "dmean2": 736829.75, "dvar": 476576645120, "dvar2": 928312852480, "max": 40668344, "mean": 3154614.25, "median": 2485917.5, "min": 70339.3671875, "var": 3699424100350.0}, "spectral_strongpeak": {"dmean": 0.28953769803, "dmean2": 0.497169792652, "dvar": 0.195100292563, "dvar2": 0.49294295907, "max": 5.71542930603, "mean": 0.787886142731, "median": 0.565172553062, "min": 0, "var": 0.50799113512}, "zerocrossingrate": {"dmean": 0.0046724206768, "dmean2": 0.0059630619362, "dvar": 5.90377312619e-05, "dvar2": 9.33120536502e-05, "max": 0.51123046875, "mean": 0.026320874691, "median": 0.02099609375, "min": 0.00244140625, "var": 0.000387167790905}, "barkbands": {"dmean": [0.000101962366898, 0.00603871420026, 0.00167773198336, 0.00256659626029, 0.00419556489214, 0.00212783366442, 0.000817107327748, 0.00114249752369, 0.000796125794295, 0.000510451500304, 0.000356400298188, 0.0001605811849, 9.80280019576e-05, 8.99472142919e-05, 7.19936942915e-05, 4.74618318549e-05, 0.000116235205496, 8.30192075227e-05, 3.99941345677e-05, 3.3903568692e-05, 4.52306121588e-05, 2.91991655104e-05, 3.55992960976e-05, 3.66095810023e-05, 2.91036576527e-05, 1.94469375856e-05, 1.13912346933e-06], "dmean2": [0.000172798783751, 0.00918333884329, 0.00287128030322, 0.00439486280084, 0.00637701759115, 0.00343443732709, 0.00125149753876, 0.00165853707585, 0.00129230495077, 0.000774750427809, 0.00060162198497, 0.000260907167103, 0.000154788125656, 0.000143517361721, 0.000113229572889, 7.84360308899e-05, 0.000193102212506, 0.00013234069047, 6.19433776592e-05, 5.20468856848e-05, 7.04978083377e-05, 4.31648040831e-05, 5.35885628778e-05, 5.65608606848e-05, 4.56357956864e-05, 3.1638686778e-05, 1.93558639694e-06], "dvar": [4.87431677243e-08, 7.15912683518e-05, 7.32572789275e-06, 1.51125150296e-05, 3.07229456666e-05, 1.06488214442e-05, 1.96036057787e-06, 3.17618696499e-06, 1.52408972554e-06, 6.59777697365e-07, 2.39722055539e-07, 8.14549565575e-08, 6.38317771973e-08, 5.54938637265e-08, 3.03864062801e-08, 1.73676042436e-08, 2.35248336367e-08, 1.2075314082e-08, 1.35969555615e-08, 9.33837629447e-09, 1.75200813857e-08, 7.60542739897e-09, 1.36945210727e-08, 1.38873987865e-08, 9.98094318305e-09, 4.58253079927e-09, 1.86208323066e-11], "dvar2": [1.32425640231e-07, 0.00017666273925, 2.14571282413e-05, 4.14401074522e-05, 7.90959602455e-05, 3.04016411974e-05, 4.35997026216e-06, 6.04892056799e-06, 3.79723769584e-06, 1.42070268794e-06, 6.6700329171e-07, 2.01215542006e-07, 1.44716523209e-07, 1.19905081419e-07, 6.57567440498e-08, 4.71342183062e-08, 6.21812219492e-08, 3.13298009758e-08, 3.07162970614e-08, 2.06859418483e-08, 3.86326703961e-08, 1.51813317473e-08, 3.05367358067e-08, 3.17072981204e-08, 2.24677201288e-08, 1.14541451879e-08, 4.88428568424e-11], "max": [0.00789016485214, 0.117226421833, 0.0432390086353, 0.058500662446, 0.13053907454, 0.0646467357874, 0.0512508004904, 0.0552579164505, 0.0253788698465, 0.0192358344793, 0.00858462974429, 0.00730787683278, 0.00777758192271, 0.0091349715367, 0.00643782084808, 0.00231258687563, 0.00265534920618, 0.00184694444761, 0.00236265198328, 0.00215821270831, 0.00396221363917, 0.00196845573373, 0.00452122790739, 0.00453195674345, 0.00202002725564, 0.000961617915891, 8.7011125288e-05], "mean": [0.000213533290662, 0.0215263236314, 0.00351309846155, 0.00360080599785, 0.0104667944834, 0.00531492102891, 0.00214192457497, 0.00342242070474, 0.00158217200078, 0.000986144761555, 0.00055147043895, 0.000302714674035, 0.000182607676834, 0.00016923849762, 0.000133587236633, 6.16301840637e-05, 0.000219931695028, 0.000175251974724, 5.84528352192e-05, 5.84396220802e-05, 8.31688957987e-05, 5.47265226487e-05, 6.95784619893e-05, 7.00219534338e-05, 3.61790625902e-05, 2.13024577533e-05, 9.82322944765e-07], "median": [4.99292073073e-05, 0.0169615782797, 0.00179813371506, 0.00214252667502, 0.00693628471345, 0.00270476564765, 0.000964715145528, 0.0016437030863, 0.000960467790719, 0.000473390624393, 0.000372408772819, 0.000159165909281, 3.05247740471e-05, 2.37085969275e-05, 3.48935864167e-05, 1.64679277077e-05, 0.000170888539287, 0.000141453696415, 1.54740046128e-05, 2.35819534282e-05, 3.38996178471e-05, 5.08748780703e-06, 3.43146348314e-06, 1.69299005393e-06, 8.81085952642e-07, 3.55343615865e-07, 1.54535513275e-08], "min": [5.45261407107e-24, 1.75262063506e-23, 4.76059538718e-23, 3.59022904196e-23, 9.32641028835e-23, 1.06440071086e-23, 1.23863831226e-23, 1.04077858659e-23, 3.73202300314e-23, 4.33330919341e-23, 5.05046769106e-23, 1.36814608039e-22, 6.4761542325e-23, 1.84507510159e-22, 1.3061456522e-22, 9.12890917885e-23, 1.05983904379e-22, 2.23665290695e-22, 4.31216765804e-22, 3.4770625906e-22, 5.94154786709e-22, 5.52050919925e-22, 7.35446464374e-22, 8.74989067019e-22, 9.96274929206e-22, 1.60783867702e-21, 2.81689632723e-21], "var": [3.32593629082e-07, 0.000380115001462, 2.49948534474e-05, 1.97130648303e-05, 0.00012403857545, 3.69788103853e-05, 8.98249982129e-06, 2.26139018196e-05, 3.69813710677e-06, 2.1962378014e-06, 3.6538455106e-07, 2.63824318836e-07, 2.18359645032e-07, 2.0462867667e-07, 1.3605134086e-07, 1.90249185295e-08, 4.48722836666e-08, 2.53055247867e-08, 1.97696596871e-08, 1.59188413562e-08, 4.10220621916e-08, 2.44257183368e-08, 5.11377535872e-08, 5.81674832745e-08, 1.29472166321e-08, 4.55792248388e-09, 1.49873724542e-11]}, "erbbands": {"dmean": [0.158182784915, 1.44075036049, 1.82795917988, 5.13118076324, 14.4719991684, 12.2158794403, 18.3587818146, 17.9783363342, 13.4392461777, 17.1675014496, 21.696937561, 19.2969589233, 17.596414566, 11.597492218, 16.7942409515, 6.69753503799, 4.35235834122, 4.61321592331, 4.29972457886, 2.31763720512, 2.92833542824, 4.98749446869, 5.12450885773, 2.07731413841, 2.03928613663, 1.55711364746, 1.88638234138, 1.5669157505, 1.09121775627, 1.06929254532, 1.06837689877, 0.818855285645, 0.581657350063, 0.326301902533, 0.220340773463, 0.111565992236, 0.0277695953846, 0.00236678961664, 0.000155180081492, 2.60626402451e-05], "dmean2": [0.247189193964, 2.17150640488, 3.07190275192, 8.83019256592, 22.6497135162, 18.9544296265, 27.5826377869, 29.1843833923, 19.9072418213, 25.9209823608, 31.8778457642, 31.3731784821, 27.4045333862, 18.0591392517, 28.2213306427, 10.7418928146, 6.78015899658, 7.07324886322, 6.86867189407, 3.6675965786, 4.85774850845, 8.26510620117, 8.41944313049, 3.30579853058, 3.14729189873, 2.40208888054, 3.00280022621, 2.4454061985, 1.60715270042, 1.62098300457, 1.5957993269, 1.2676115036, 0.917807340622, 0.515723288059, 0.346725285053, 0.179985120893, 0.0459925346076, 0.00380661780946, 0.000261001317995, 4.31673397543e-05], "dvar": [0.0529094301164, 4.02481222153, 7.09349393845, 60.2124633789, 408.615142822, 344.461151123, 1261.63098145, 847.73248291, 503.243713379, 832.538330078, 1403.41748047, 995.506591797, 707.891662598, 531.289306641, 524.950744629, 146.317565918, 127.187026978, 140.935943604, 110.155502319, 24.4056129456, 72.7546005249, 50.3475265503, 38.7996177673, 31.2602233887, 31.7731227875, 18.8126525879, 33.7037239075, 19.4966468811, 10.9727172852, 10.3557529449, 14.1079931259, 7.38924741745, 3.62676119804, 1.03284406662, 0.732848167419, 0.150757849216, 0.00957950390875, 8.20717104943e-05, 3.93069171878e-07, 4.02941857658e-09], "dvar2": [0.137382030487, 9.7853307724, 20.5608043671, 167.605255127, 1005.30395508, 916.689086914, 2844.49511719, 2513.12207031, 1114.31005859, 1718.56152344, 2572.53930664, 2457.49536133, 1606.80383301, 1183.18786621, 1450.9519043, 331.678466797, 278.216369629, 284.808074951, 237.628631592, 59.984161377, 197.217666626, 132.441177368, 102.900634766, 75.2658081055, 69.0323638916, 42.8284606934, 83.6258239746, 42.4108467102, 21.8768978119, 22.3540668488, 31.8130741119, 17.6004257202, 8.73517417908, 2.2314825058, 1.75374734402, 0.371314287186, 0.0241779554635, 0.000192492618226, 1.04123580513e-06, 1.10318136848e-08], "max": [4.16620588303, 29.7135677338, 59.6007118225, 101.907714844, 338.441162109, 523.402038574, 536.717712402, 647.407226562, 798.589233398, 872.881835938, 1445.58447266, 715.019226074, 718.459777832, 725.553894043, 329.614562988, 369.758758545, 388.338531494, 487.131286621, 396.700927734, 160.165298462, 147.803436279, 132.252059937, 103.971427917, 105.719299316, 121.103042603, 92.1207351685, 162.267822266, 141.856903076, 66.332649231, 66.9801712036, 158.010360718, 84.2894973755, 76.7289962769, 17.5629196167, 18.5185241699, 6.3214302063, 1.3673812151, 0.190728247166, 0.0149232055992, 0.00137558451388], "mean": [0.51864284277, 5.12358427048, 5.27106189728, 8.99767494202, 29.0918178558, 30.807806015, 34.3650054932, 44.6945304871, 37.8238601685, 44.8503913879, 67.7734603882, 41.5772476196, 36.8992576599, 22.3569355011, 27.8629455566, 13.7648162842, 8.84854793549, 9.80676937103, 8.09751701355, 4.08964109421, 4.19647455215, 11.072728157, 12.7515487671, 3.41719579697, 3.36602640152, 2.69373202324, 2.80667734146, 3.22894358635, 2.0695271492, 1.91579794884, 2.14787793159, 1.67300856113, 0.953151941299, 0.448717534542, 0.254723399878, 0.126574635506, 0.028726041317, 0.00256302929483, 0.000167730991961, 7.52797714085e-05], "median": [0.377848446369, 3.97321557999, 3.96415019035, 5.9464597702, 18.0861244202, 16.0542144775, 14.2135543823, 21.7747879028, 17.7333755493, 24.9320144653, 29.5453300476, 23.9828872681, 23.97838974, 10.0356264114, 20.1652412415, 7.38659906387, 2.24557542801, 2.02035903931, 2.20768117905, 1.47526443005, 1.64822924137, 9.24032402039, 11.4680633545, 1.44977593422, 1.23657822609, 1.00542831421, 0.717753529549, 1.48544001579, 0.263409346342, 0.136323481798, 0.0858763754368, 0.0418218523264, 0.0241550561041, 0.0128685776144, 0.00440713763237, 0.00164094450884, 0.000614995369688, 0.00010671770724, 3.64085863112e-05, 6.96432980476e-05], "min": [7.62134196778e-22, 3.96224764071e-21, 4.58332861039e-20, 9.50712088349e-20, 2.37543085019e-19, 3.53256165987e-19, 1.22892078107e-19, 7.58340703272e-20, 1.80684770588e-19, 1.76838858953e-19, 2.5652501892e-19, 1.01761547734e-18, 1.58191240436e-18, 1.63918659677e-18, 2.93898346975e-18, 4.77091266182e-18, 3.43108913938e-18, 8.79290840474e-18, 6.13304090268e-18, 6.25572915831e-18, 6.60191913392e-18, 6.69878984186e-18, 1.07067140018e-17, 1.31673232069e-17, 2.61521108136e-17, 2.08362461876e-17, 2.51767507205e-17, 1.9970947438e-17, 1.9657712338e-17, 1.68222083357e-17, 2.06324619719e-17, 1.92298448944e-17, 1.41201103683e-17, 9.28659709127e-18, 8.40958463708e-18, 5.95398649215e-18, 3.00131008134e-18, 1.38134509405e-18, 3.74420564236e-19, 4.42294022832e-20], "var": [0.282562434673, 22.2354011536, 33.460735321, 95.5053787231, 1061.65942383, 1685.57775879, 2433.40087891, 3005.82348633, 2435.05175781, 4172.35058594, 11816.6015625, 2683.08642578, 2305.54003906, 1528.90991211, 815.47857666, 601.841125488, 483.380706787, 635.995849609, 512.010437012, 57.276927948, 76.9262390137, 102.638679504, 95.375, 45.9667739868, 51.5792694092, 33.1828460693, 62.6932411194, 51.2210655212, 34.4124908447, 29.6410160065, 54.8893928528, 32.2611961365, 11.0449390411, 1.89621293545, 0.761000156403, 0.156390011311, 0.00905343517661, 8.92832904356e-05, 3.6181253904e-07, 4.03293576312e-09]}, "gfcc": {"mean": [-55.3614044189, 168.602233887, -87.7571411133, 20.8323726654, -57.4404296875, -9.33403205872, -15.4308395386, 8.8377866745, -17.5573253632, -9.43506813049, -11.0469245911, 2.2660138607, -4.44279241562], "cov": [[18851.046875, -5384.21826172, -3460.13891602, 3329.21899414, 331.630554199, 1846.93811035, -1105.09606934, 973.408630371, -184.749755859, 568.385620117, -144.631408691, 654.462524414, -39.7585792542], [-5384.21826172, 3332.03198242, 643.752746582, -897.948425293, 550.089599609, -892.893493652, 701.811035156, -559.714233398, 237.76020813, -200.150344849, 307.263244629, -188.832443237, 269.297943115], [-3460.13891602, 643.752746582, 2421.11572266, -692.639831543, -195.864044189, 371.729980469, -133.900802612, 132.517333984, 117.180953979, 70.8927764893, 16.7287082672, -101.961616516, -49.0496788025], [3329.21899414, -897.948425293, -692.639831543, 953.396240234, 190.948104858, 261.37902832, -69.8257141113, 178.255996704, -27.6315231323, 64.2018203735, 28.4201164246, 169.278320312, 42.8053359985], [331.630554199, 550.089599609, -195.864044189, 190.948104858, 462.061126709, -38.6381759644, 146.734161377, -73.3288421631, 103.381187439, 58.1567077637, 122.416252136, 19.9736194611, 105.860855103], [1846.93811035, -892.893493652, 371.729980469, 261.37902832, -38.6381759644, 710.346618652, -339.217773438, 236.101287842, 68.8987884521, 183.221557617, -10.1446828842, 26.0838031769, -51.7807388306], [-1105.09606934, 701.811035156, -133.900802612, -69.8257141113, 146.734161377, -339.217773438, 450.845092773, -7.92508888245, -11.4210042953, -140.432846069, 0.9791918993, 10.1191883087, 41.9676094055], [973.408630371, -559.714233398, 132.517333984, 178.255996704, -73.3288421631, 236.101287842, -7.92508888245, 312.695892334, -24.2719554901, 18.6577014923, -97.717048645, 66.9422225952, -57.840511322], [-184.749755859, 237.76020813, 117.180953979, -27.6315231323, 103.381187439, 68.8987884521, -11.4210042953, -24.2719554901, 157.231826782, 80.2507705688, 83.7842941284, -44.020236969, 21.7772407532], [568.385620117, -200.150344849, 70.8927764893, 64.2018203735, 58.1567077637, 183.221557617, -140.432846069, 18.6577014923, 80.2507705688, 178.603439331, 62.8781204224, -0.186426609755, -16.8980789185], [-144.631408691, 307.263244629, 16.7287082672, 28.4201164246, 122.416252136, -10.1446828842, 0.9791918993, -97.717048645, 83.7842941284, 62.8781204224, 152.126281738, 10.8351602554, 59.012348175], [654.462524414, -188.832443237, -101.961616516, 169.278320312, 19.9736194611, 26.0838031769, 10.1191883087, 66.9422225952, -44.020236969, -0.186426609755, 10.8351602554, 117.781776428, 28.1265182495], [-39.7585792542, 269.297943115, -49.0496788025, 42.8053359985, 105.860855103, -51.7807388306, 41.9676094055, -57.840511322, 21.7772407532, -16.8980789185, 59.012348175, 28.1265182495, 115.08769989]], "icov": [[0.000434457557276, -0.000338454090524, 0.000662909529638, -0.0008099511615, 7.86031014286e-05, -0.00080663053086, 0.000851390825119, -0.000711156928446, 0.000411934131989, -0.000580950116273, 0.000615409458987, -0.000650570786092, 0.000102917234472], [-0.000338454090524, 0.00432017818093, -0.00174360780511, 0.00278652412817, -0.00344268744811, 0.00270820921287, -0.00320286490023, 0.00231362879276, -0.00251495325938, 0.00348903355189, -0.00405943579972, 0.00234276731499, -0.0027923618909], [0.000662909529638, -0.00174360780511, 0.00217166519724, -0.00102844659705, 0.00116686034016, -0.00247353664599, 0.00207839580253, -0.00232186238281, 0.00134868000168, -0.00145858421456, 0.00114962772932, -0.00142372725531, 0.000795079453383], [-0.0008099511615, 0.00278652412817, -0.00102844659705, 0.00545976124704, -0.00309686292894, 0.00163330708165, -0.0023074306082, 0.000731944979634, -0.00130095612258, 0.00357832969166, -0.00441065616906, 0.000474020431284, -0.00155904598068], [7.86031014286e-05, -0.00344268744811, 0.00116686034016, -0.00309686292894, 0.00789171550423, -0.00257103727199, -0.000678611861076, 0.000255435996223, 0.000442999385996, -0.0054330015555, 0.00347042432986, -0.00136133446358, -0.000636318232864], [-0.00080663053086, 0.00270820921287, -0.00247353664599, 0.00163330708165, -0.00257103727199, 0.00758563121781, 0.000388647138607, -0.00129236339126, -0.00250156805851, 0.00167464266997, -0.00344582484104, 0.00357819488272, -0.00167912198231], [0.000851390825119, -0.00320286490023, 0.00207839580253, -0.0023074306082, -0.000678611861076, 0.000388647138607, 0.0101885683835, -0.00673200609162, 0.00149534048978, 0.00142644788139, 0.00121861533262, -0.00204606540501, 0.00303469016217], [-0.000711156928446, 0.00231362879276, -0.00232186238281, 0.000731944979634, 0.000255435996223, -0.00129236339126, -0.00673200609162, 0.013819665648, -0.00564144318923, 0.000360036065103, 0.00643014907837, -0.00532154645771, 0.000786462042015], [0.000411934131989, -0.00251495325938, 0.00134868000168, -0.00130095612258, 0.000442999385996, -0.00250156805851, 0.00149534048978, -0.00564144318923, 0.0182602629066, -0.00602894788608, -0.0064024371095, 0.00787026435137, -0.000808734097518], [-0.000580950116273, 0.00348903355189, -0.00145858421456, 0.00357832969166, -0.0054330015555, 0.00167464266997, 0.00142644788139, 0.000360036065103, -0.00602894788608, 0.0178887825459, -0.00876708887517, 0.000445483601652, 0.00324822729453], [0.000615409458987, -0.00405943579972, 0.00114962772932, -0.00441065616906, 0.00347042432986, -0.00344582484104, 0.00121861533262, 0.00643014907837, -0.0064024371095, -0.00876708887517, 0.0252719298005, -0.0107877943665, -0.000511150225066], [-0.000650570786092, 0.00234276731499, -0.00142372725531, 0.000474020431284, -0.00136133446358, 0.00357819488272, -0.00204606540501, -0.00532154645771, 0.00787026435137, 0.000445483601652, -0.0107877943665, 0.022159954533, -0.0068640280515], [0.000102917234472, -0.0027923618909, 0.000795079453383, -0.00155904598068, -0.000636318232864, -0.00167912198231, 0.00303469016217, 0.000786462042015, -0.000808734097518, 0.00324822729453, -0.000511150225066, -0.0068640280515, 0.01786528714]]}, "melbands": {"dmean": [0.00162183516659, 0.00119991053361, 0.00109132437501, 0.00101775769144, 0.000568864867091, 0.000391180830775, 0.000194691034267, 0.000200105539989, 0.000166069497936, 0.000125677834149, 8.72677264852e-05, 4.89100348204e-05, 4.91720784339e-05, 2.8496971936e-05, 1.18200296129e-05, 8.33039757708e-06, 9.403889635e-06, 7.34998866392e-06, 3.71147848455e-06, 2.90937146019e-06, 3.73083366867e-06, 4.11018845625e-06, 9.62185549724e-06, 2.52929612543e-06, 1.68201347606e-06, 1.676670081e-06, 1.44562613968e-06, 9.64004129855e-07, 1.1522818113e-06, 1.16455430543e-06, 8.86999373506e-07, 6.80248206208e-07, 5.83660153097e-07, 6.50911772482e-07, 7.11434381628e-07, 5.06430524183e-07, 5.25850396116e-07, 4.37675197418e-07, 3.6085302213e-07, 2.69704912625e-07], "dmean2": [0.00248275953345, 0.00188447965775, 0.00181872735266, 0.00157516193576, 0.000856228230987, 0.000630826805718, 0.00028792367084, 0.000299175415421, 0.00024763282272, 0.000205506265047, 0.000135918497108, 7.59687754908e-05, 8.2783306425e-05, 4.69616461487e-05, 1.82239218702e-05, 1.33300754896e-05, 1.4546310922e-05, 1.19070236906e-05, 5.83775636187e-06, 4.66242181574e-06, 6.26834435025e-06, 6.82351219439e-06, 1.57215745276e-05, 4.19039042754e-06, 2.70171449301e-06, 2.67472364612e-06, 2.27522946261e-06, 1.50399284848e-06, 1.86400325219e-06, 1.83841632406e-06, 1.41844770951e-06, 1.01866487512e-06, 8.92655634743e-07, 9.99302187665e-07, 1.0767605545e-06, 8.0427201965e-07, 8.21727610401e-07, 6.96234735642e-07, 5.86564112837e-07, 4.31893312225e-07], "dvar": [5.31841169504e-06, 2.47535808739e-06, 2.50802304436e-06, 1.93095911527e-06, 1.13410987979e-06, 3.74728728048e-07, 1.05109620563e-07, 1.12196538282e-07, 8.20149281822e-08, 3.99246466998e-08, 1.73715744012e-08, 1.01657668949e-08, 4.45802239568e-09, 1.60841273633e-09, 5.77804692981e-10, 4.82601458796e-10, 6.91402768371e-10, 3.01451003049e-10, 7.46614228775e-11, 3.85894163846e-11, 1.30767285889e-10, 5.65920123263e-11, 1.17971674096e-10, 2.41469760853e-11, 2.18275640618e-11, 2.80832093691e-11, 1.59037626818e-11, 7.23456320892e-12, 1.27245271611e-11, 8.86575795417e-12, 8.06152800764e-12, 4.45471003835e-12, 3.13064895188e-12, 4.16864329514e-12, 7.41591944103e-12, 2.65706033564e-12, 3.07688640191e-12, 2.36149966769e-12, 1.16579077121e-12, 8.21375682313e-13], "dvar2": [1.32693576234e-05, 6.62059392198e-06, 6.66504956826e-06, 5.15949750479e-06, 2.52018298852e-06, 1.09892835098e-06, 2.29370201055e-07, 2.2947354239e-07, 1.54286993848e-07, 1.00906e-07, 3.94279311422e-08, 2.23586535952e-08, 1.23098828908e-08, 4.15842205115e-09, 1.23795829143e-09, 1.19212151262e-09, 1.39393341314e-09, 6.80667633368e-10, 1.78180942223e-10, 1.00048073992e-10, 3.57541302121e-10, 1.47080181367e-10, 3.10388381664e-10, 6.12628489605e-11, 5.34413728548e-11, 6.74815273105e-11, 3.46335286838e-11, 1.70157516549e-11, 3.20838251799e-11, 1.99893972902e-11, 1.86765637677e-11, 9.34365432248e-12, 6.80866647784e-12, 9.45775402439e-12, 1.69072499057e-11, 6.71216034143e-12, 7.34354677762e-12, 5.82554404022e-12, 2.80931376252e-12, 1.83110319442e-12], "max": [0.0334055051208, 0.0278586149216, 0.0244417004287, 0.037259824574, 0.0154487630352, 0.0133855370805, 0.012050348334, 0.0106385182589, 0.0107649052516, 0.0039050008636, 0.00350121967494, 0.00319047598168, 0.00121921557002, 0.000914212956559, 0.000728457525838, 0.000737629539799, 0.00111900421325, 0.000593699864112, 0.000335032324074, 0.0001181277039, 0.000210404672544, 0.000136299699079, 0.000224122020882, 8.41891160235e-05, 8.2473634393e-05, 0.000121835342725, 0.000100926597952, 5.35816325282e-05, 9.38039593166e-05, 6.98259100318e-05, 0.000105756473204, 4.40877083747e-05, 4.0548031393e-05, 4.36729569628e-05, 0.000122139797895, 4.64143740828e-05, 5.14976636623e-05, 6.34623065707e-05, 3.9684924559e-05, 1.58096372616e-05], "mean": [0.00564372027293, 0.00436041457579, 0.0020455934573, 0.00243818107992, 0.00114624900743, 0.000995261361822, 0.000542267225683, 0.000529242679477, 0.000507270859089, 0.000247847026912, 0.000178920818144, 8.72276577866e-05, 8.0102829088e-05, 5.27581396454e-05, 2.36962023337e-05, 1.54020490299e-05, 1.90149603441e-05, 1.2963858353e-05, 6.71550378684e-06, 4.49487924925e-06, 4.71086923426e-06, 8.13933911559e-06, 2.16596654354e-05, 4.93030302096e-06, 2.35792981584e-06, 2.27589043789e-06, 2.58718796431e-06, 1.53022836002e-06, 1.51536153226e-06, 2.1176952032e-06, 1.71875149135e-06, 1.17496188068e-06, 1.02668923319e-06, 1.08766846552e-06, 1.34642948524e-06, 9.95819277705e-07, 1.02076512576e-06, 6.86262580984e-07, 5.21139725151e-07, 3.33154417831e-07], "median": [0.00437062373385, 0.00365726533346, 0.00138494744897, 0.00142023060471, 0.000592254626099, 0.00050075573381, 0.000249262113357, 0.000300113169942, 0.00021137308795, 0.000149230589159, 0.000114727125037, 3.08426824631e-05, 5.66732924199e-05, 3.55313459295e-05, 6.92435605743e-06, 2.61930404122e-06, 2.49544314102e-06, 3.17605713462e-06, 1.81161101409e-06, 1.71620104084e-06, 1.46349327679e-06, 5.98394672124e-06, 1.87158420886e-05, 3.64877814718e-06, 6.42348595647e-07, 5.19565446666e-07, 1.27052976495e-06, 4.30166522847e-07, 2.4467857429e-07, 1.02852459349e-06, 6.74034993153e-07, 1.28505462271e-07, 7.32074312282e-08, 7.28975209086e-08, 5.25073282631e-08, 2.67014392819e-08, 2.2255736809e-08, 1.69099472203e-08, 1.28413066847e-08, 9.37228517017e-09], "min": [5.92770870668e-24, 1.69031072096e-23, 1.93666188424e-23, 2.46249037348e-23, 5.68593033341e-24, 1.76596295509e-24, 2.62583573849e-24, 1.99754786496e-24, 1.98625591275e-24, 6.71591209634e-24, 7.67082743324e-24, 5.92854884354e-24, 8.09935876507e-24, 1.57401731963e-23, 7.30919466163e-24, 1.01127787087e-23, 1.63534320863e-23, 9.12375539279e-24, 1.14344867564e-23, 5.06213660045e-24, 8.75033703925e-24, 7.36065915823e-24, 8.05454121046e-24, 9.00312120544e-24, 1.04969019047e-23, 1.57005834229e-23, 1.9740609909e-23, 1.1503385079e-23, 1.05177940969e-23, 2.02010175323e-23, 9.87645175867e-24, 1.13541846605e-23, 9.45863236908e-24, 1.01856970664e-23, 1.10082478543e-23, 1.30970702787e-23, 1.1693892621e-23, 1.07322782773e-23, 7.36001071456e-24, 7.8656263786e-24], "var": [2.71866247203e-05, 1.41966420415e-05, 4.53021993962e-06, 8.42480130814e-06, 2.30474392993e-06, 1.39257736009e-06, 5.14916393968e-07, 5.58582541998e-07, 6.70666281621e-07, 9.31273049787e-08, 5.55475523356e-08, 2.94631465891e-08, 7.06268421524e-09, 4.24677093491e-09, 2.37894681732e-09, 1.34220567993e-09, 2.89665202935e-09, 1.22974297412e-09, 2.38732256186e-10, 6.24673437977e-11, 1.23755880543e-10, 9.70239652509e-11, 3.13155112952e-10, 3.49179678227e-11, 3.14656529998e-11, 3.61979786423e-11, 2.65522777376e-11, 1.2072654508e-11, 2.19539005031e-11, 1.84620686794e-11, 1.9788771316e-11, 1.25202296447e-11, 9.0619326279e-12, 1.01703532748e-11, 2.39587360368e-11, 1.09773197476e-11, 1.24487815889e-11, 6.58100917511e-12, 2.79420583893e-12, 1.17649097929e-12]}, "mfcc": {"mean": [-696.080200195, 185.524353027, 25.3996982574, 36.3347549438, -10.3543224335, -9.04024505615, 2.05290484428, 12.663230896, 5.68581008911, -10.0287246704, -0.358240455389, 10.8987693787, -6.93126535416], "cov": [[10984.3662109, -1919.53955078, -1625.92651367, -126.463745117, 624.748657227, 865.29083252, 106.866020203, 346.548400879, 55.7576255798, 261.264556885, 36.5895233154, -41.4715538025, 80.5478515625], [-1919.53955078, 2225.15380859, -295.191833496, 407.966369629, -88.4303207397, -55.0078773499, 183.921661377, -56.5662612915, 71.393196106, -252.048171997, 9.7831029892, 203.347702026, 19.531873703], [-1625.92651367, -295.191833496, 1706.00720215, -131.631881714, 113.522590637, -48.375453949, -52.347530365, 134.807815552, 15.9639978409, 221.006134033, 48.1240921021, -107.54699707, 109.717987061], [-126.463745117, 407.966369629, -131.631881714, 304.195495605, 60.8008956909, 46.0816574097, 104.13558197, 38.4491996765, 39.8103218079, -74.4481582642, 8.60082912445, 93.7231903076, 15.7984132767], [624.748657227, -88.4303207397, 113.522590637, 60.8008956909, 369.02154541, 284.347961426, -43.680683136, -24.4010810852, -4.11510658264, 160.403457642, 41.5969314575, -63.3897781372, 123.461975098], [865.29083252, -55.0078773499, -48.375453949, 46.0816574097, 284.347961426, 337.408355713, -29.3884372711, -28.7206916809, -18.8510742188, 158.596069336, 50.4282722473, -52.7349243164, 105.274047852], [106.866020203, 183.921661377, -52.347530365, 104.13558197, -43.680683136, -29.3884372711, 209.889923096, 135.147399902, 80.259223938, -93.7113952637, 6.22287988663, 100.310020447, -42.7567596436], [346.548400879, -56.5662612915, 134.807815552, 38.4491996765, -24.4010810852, -28.7206916809, 135.147399902, 249.58241272, 108.679077148, -20.5478649139, 12.3681459427, 66.1313476562, -23.4571971893], [55.7576255798, 71.393196106, 15.9639978409, 39.8103218079, -4.11510658264, -18.8510742188, 80.259223938, 108.679077148, 127.312332153, 11.5831842422, 15.9351119995, 31.428609848, -16.4956569672], [261.264556885, -252.048171997, 221.006134033, -74.4481582642, 160.403457642, 158.596069336, -93.7113952637, -20.5478649139, 11.5831842422, 253.312713623, 70.0045394897, -85.75365448, 78.4592590332], [36.5895233154, 9.7831029892, 48.1240921021, 8.60082912445, 41.5969314575, 50.4282722473, 6.22287988663, 12.3681459427, 15.9351119995, 70.0045394897, 86.2712860107, 25.046169281, 25.4084911346], [-41.4715538025, 203.347702026, -107.54699707, 93.7231903076, -63.3897781372, -52.7349243164, 100.310020447, 66.1313476562, 31.428609848, -85.75365448, 25.046169281, 143.285751343, -5.27561855316], [80.5478515625, 19.531873703, 109.717987061, 15.7984132767, 123.461975098, 105.274047852, -42.7567596436, -23.4571971893, -16.4956569672, 78.4592590332, 25.4084911346, -5.27561855316, 128.69493103]], "icov": [[0.000234414241277, 0.000185139782843, 0.000296822341625, 0.000192269464605, -0.000166184894624, -0.000498297333252, -4.66025558126e-05, -0.000555233971681, 0.000121735982248, 2.21073642024e-05, 0.000149437066284, -0.000106705883809, -3.2867086702e-05], [0.000185139782843, 0.00092143798247, 0.000110755114292, -0.000619067926891, 0.000412033754401, -0.00083677645307, -0.000169476246811, 0.000529254670255, -0.000935206364375, 0.000905454508029, -0.000279573287116, -0.000242484820774, -0.000571401615161], [0.000296822341625, 0.000110755114292, 0.00143453502096, 0.000323876301991, -0.00102805171628, 0.00124836573377, -0.000711802043952, -0.00191766244825, 0.00147633429151, -0.00119696778711, -0.000190584280062, 0.0011348760454, -0.00108317623381], [0.000192269464605, -0.000619067926891, 0.000323876301991, 0.00652997335419, -0.00241481256671, -0.000821118883323, -0.000896654033568, -0.00025938055478, -0.000632949406281, 0.00114195328206, 0.000831474957522, -0.00302266608924, 0.0004736269766], [-0.000166184894624, 0.000412033754401, -0.00102805171628, -0.00241481256671, 0.0107297124341, -0.00734174484387, 0.000641544989776, 0.00150015833788, -0.00269199814647, 0.000776493106969, -4.90157290187e-05, 0.00202010571957, -0.00331278750673], [-0.000498297333252, -0.00083677645307, 0.00124836573377, -0.000821118883323, -0.00734174484387, 0.0145826358348, -0.00380667578429, -0.00088821578538, 0.00543479062617, -0.00548352254555, -0.00177077297121, 0.0034620622173, -0.00230558752082], [-4.66025558126e-05, -0.000169476246811, -0.000711802043952, -0.000896654033568, 0.000641544989776, -0.00380667578429, 0.0139560624957, -0.00322099588811, -0.00469039799646, 0.00457980716601, -0.0006011093501, -0.00510550523177, 0.00383592769504], [-0.000555233971681, 0.000529254670255, -0.00191766244825, -0.00025938055478, 0.00150015833788, -0.00088821578538, -0.00322099588811, 0.0117928246036, -0.00726004270837, 0.00102208415046, 0.000844110792968, -0.0029591221828, 0.00045904176659], [0.000121735982248, -0.000935206364375, 0.00147633429151, -0.000632949406281, -0.00269199814647, 0.00543479062617, -0.00469039799646, -0.00726004270837, 0.0184070263058, -0.00699902093038, 0.000228781238548, 0.00209172535688, 0.000806920754258], [2.21073642024e-05, 0.000905454508029, -0.00119696778711, 0.00114195328206, 0.000776493106969, -0.00548352254555, 0.00457980716601, 0.00102208415046, -0.00699902093038, 0.0162632893771, -0.00969610363245, 0.00459356280044, -0.0025318923872], [0.000149437066284, -0.000279573287116, -0.000190584280062, 0.000831474957522, -4.90157290187e-05, -0.00177077297121, -0.0006011093501, 0.000844110792968, 0.000228781238548, -0.00969610363245, 0.0227466765791, -0.0106272110716, 0.00247301487252], [-0.000106705883809, -0.000242484820774, 0.0011348760454, -0.00302266608924, 0.00202010571957, 0.0034620622173, -0.00510550523177, -0.0029591221828, 0.00209172535688, 0.00459356280044, -0.0106272110716, 0.0211168415844, -0.00706700980663], [-3.2867086702e-05, -0.000571401615161, -0.00108317623381, 0.0004736269766, -0.00331278750673, -0.00230558752082, 0.00383592769504, 0.00045904176659, 0.000806920754258, -0.0025318923872, 0.00247301487252, -0.00706700980663, 0.0160341467708]]}, "spectral_contrast_coeffs": {"dmean": [0.0458695292473, 0.0414727814496, 0.0382960140705, 0.0336780436337, 0.0276644639671, 0.0248811673373], "dmean2": [0.0757899954915, 0.0686501786113, 0.0624328292906, 0.0549152493477, 0.0445821471512, 0.0401228554547], "dvar": [0.00143051741179, 0.00115721439943, 0.00105223141145, 0.00106348760892, 0.000691519642714, 0.000646167260129], "dvar2": [0.00387931149453, 0.00316699640825, 0.0027189552784, 0.00258751004003, 0.00162687245756, 0.00168206740636], "max": [-0.264393717051, -0.422524631023, -0.497894585133, -0.495275110006, -0.565725386143, -0.44188785553], "mean": [-0.610197901726, -0.678737282753, -0.717635452747, -0.761437356472, -0.752689182758, -0.724440217018], "median": [-0.622081160545, -0.681615233421, -0.72399276495, -0.770631730556, -0.748554766178, -0.732496917248], "min": [-0.9651029706, -0.9777597785, -0.972850263119, -0.95457971096, -0.962449073792, -0.965232670307], "var": [0.00840914342552, 0.00482463650405, 0.00435696681961, 0.00443583913147, 0.00534129049629, 0.00972240138799]}, "spectral_contrast_valleys": {"dmean": [0.311763346195, 0.314286023378, 0.331523954868, 0.430545508862, 0.367162495852, 0.535329937935], "dmean2": [0.525101304054, 0.526713430882, 0.536135792732, 0.676579594612, 0.572960734367, 0.836552679539], "dvar": [0.0817855745554, 0.080872297287, 0.108355149627, 0.211617842317, 0.175972595811, 0.325705617666], "dvar2": [0.195347160101, 0.193132832646, 0.252818614244, 0.474047541618, 0.397809565067, 0.813785851002], "max": [-5.11328077316, -4.73782014847, -5.23775529861, -6.30115032196, -5.