{"lowlevel": {"average_loudness": 0.949022054672, "barkbands_crest": {"dmean": 3.37452292442, "dmean2": 5.56332969666, "dvar": 10.6082649231, "dvar2": 27.2267837524, "max": 26.2715034485, "mean": 12.304473877, "median": 11.3120336533, "min": 2.34451007843, "var": 24.1534366608}, "barkbands_flatness_db": {"dmean": 0.0427109189332, "dmean2": 0.0642566606402, "dvar": 0.0017956198426, "dvar2": 0.00395746110007, "max": 0.440549522638, "mean": 0.180935129523, "median": 0.175875321031, "min": 0.0198221169412, "var": 0.00566421775147}, "barkbands_kurtosis": {"dmean": 9.06256198883, "dmean2": 15.0054712296, "dvar": 393.754974365, "dvar2": 1019.86535645, "max": 406.381622314, "mean": 12.0020513535, "median": 5.67528295517, "min": -1.84562730789, "var": 497.599609375}, "barkbands_skewness": {"dmean": 0.963050246239, "dmean2": 1.50791752338, "dvar": 1.24773526192, "dvar2": 3.01589155197, "max": 15.5617647171, "mean": 2.51900887489, "median": 2.19787526131, "min": -1.83930134773, "var": 3.07620596886}, "barkbands_spread": {"dmean": 7.57067394257, "dmean2": 11.2790575027, "dvar": 68.7010040283, "dvar2": 133.273895264, "max": 98.95287323, "mean": 16.7427597046, "median": 12.6538496017, "min": 0.402781754732, "var": 173.293624878}, "dissonance": {"dmean": 0.0240241680294, "dmean2": 0.0379602462053, "dvar": 0.000560163054615, "dvar2": 0.00136988284066, "max": 0.499918758869, "mean": 0.451714068651, "median": 0.461937487125, "min": 0.168879821897, "var": 0.00142214470543}, "dynamic_complexity": 2.8463113308, "erbbands_crest": {"dmean": 3.22631669044, "dmean2": 4.93370962143, "dvar": 10.4711275101, "dvar2": 22.1309204102, "max": 33.7563552856, "mean": 10.9204282761, "median": 9.31810188293, "min": 2.04168391228, "var": 38.0966720581}, "erbbands_flatness_db": {"dmean": 0.0273310095072, "dmean2": 0.0370299220085, "dvar": 0.000960861681961, "dvar2": 0.00164727889933, "max": 0.466415196657, "mean": 0.159700274467, "median": 0.145853623748, "min": 0.0224124062806, "var": 0.00448965048417}, "erbbands_kurtosis": {"dmean": 1.76951265335, "dmean2": 2.70894098282, "dvar": 8.75382328033, "dvar2": 19.3949451447, "max": 97.197807312, "mean": 1.5191835165, "median": -0.0507550239563, "min": -1.81129384041, "var": 28.8742809296}, "erbbands_skewness": {"dmean": 0.538962900639, "dmean2": 0.791063070297, "dvar": 0.251374930143, "dvar2": 0.549887001514, "max": 7.78218173981, "mean": 0.570323109627, "median": 0.459431350231, "min": -3.34308505058, "var": 1.06055021286}, "erbbands_spread": {"dmean": 12.584487915, "dmean2": 18.1804542542, "dvar": 160.64012146, "dvar2": 313.939025879, "max": 131.362121582, "mean": 42.3165206909, "median": 39.6117706299, "min": 0.706899285316, "var": 527.129577637}, "hfc": {"dmean": 10.1868247986, "dmean2": 14.4214010239, "dvar": 177.720062256, "dvar2": 382.497528076, "max": 112.202354431, "mean": 18.5924472809, "median": 12.8485136032, "min": 2.35857805508e-10, "var": 295.453430176}, "melbands_crest": {"dmean": 4.05473899841, "dmean2": 6.17097711563, "dvar": 14.1010789871, "dvar2": 31.4929561615, "max": 38.7190513611, "mean": 18.29296875, "median": 16.620382309, "min": 3.41833782196, "var": 53.6318473816}, "melbands_flatness_db": {"dmean": 0.0513614676893, "dmean2": 0.0764638856053, "dvar": 0.00246880762279, "dvar2": 0.00550709711388, "max": 0.573871910572, "mean": 0.26399102807, "median": 0.262006163597, "min": 0.0342836976051, "var": 0.0084587559104}, "melbands_kurtosis": {"dmean": 18.6918106079, "dmean2": 29.8256206512, "dvar": 1097.96252441, "dvar2": 2581.85107422, "max": 565.634887695, "mean": 29.7488059998, "median": 16.1336307526, "min": -1.67985892296, "var": 1842.86694336}, "melbands_skewness": {"dmean": 1.26109468937, "dmean2": 1.93853509426, "dvar": 1.96306610107, "dvar2": 4.3462061882, "max": 17.273853302, "mean": 3.817517519, "median": 3.37294840813, "min": -2.96853733063, "var": 5.70097875595}, "melbands_spread": {"dmean": 6.85218095779, "dmean2": 10.4356870651, "dvar": 74.2005615234, "dvar2": 154.937637329, "max": 125.046630859, "mean": 14.6738061905, "median": 10.472984314, "min": 0.317395299673, "var": 187.078536987}, "pitch_salience": {"dmean": 0.0921691805124, "dmean2": 0.147663399577, "dvar": 0.00834081228822, "dvar2": 0.0200244169682, "max": 0.852931082249, "mean": 0.466475278139, "median": 0.480904877186, "min": 0.0574514232576, "var": 0.022283108905}, "silence_rate_20dB": {"dmean": 0, "dmean2": 0, "dvar": 0, "dvar2": 0, "max": 1, "mean": 1, "median": 1, "min": 1, "var": 0}, "silence_rate_30dB": {"dmean": 0.082243822515, "dmean2": 0.164506033063, "dvar": 0.0754852667451, "dvar2": 0.141690820456, "max": 1, "mean": 0.870167613029, "median": 1, "min": 0, "var": 0.112970940769}, "silence_rate_60dB": {"dmean": 0.0181025806814, "dmean2": 0.0360974520445, "dvar": 0.0177749264985, "dvar2": 0.0432883277535, "max": 1, "mean": 0.0458100549877, "median": 0, "min": 0, "var": 0.0437113232911}, "spectral_centroid": {"dmean": 372.934387207, "dmean2": 559.291687012, "dvar": 140924.46875, "dvar2": 303236.3125, "max": 3633.03125, "mean": 1146.44189453, "median": 1003.20397949, "min": 153.189682007, "var": 387881.5625}, "spectral_complexity": {"dmean": 6.70555353165, "dmean2": 9.98435401917, "dvar": 63.3155326843, "dvar2": 125.716331482, "max": 57, "mean": 15.31620121, "median": 12, "min": 0, "var": 114.23538208}, "spectral_decrease": {"dmean": 7.88679788144e-09, "dmean2": 1.25967982711e-08, "dvar": 2.3024557792e-16, "dvar2": 5.5393366006e-16, "max": -2.75691640281e-20, "mean": -1.36558506725e-08, "median": -8.44982483983e-09, "min": -1.07582465603e-07, "var": 3.00586634932e-16}, "spectral_energy": {"dmean": 0.0304057486355, "dmean2": 0.0483535379171, "dvar": 0.00332940532826, "dvar2": 0.00797298643738, "max": 0.409030079842, "mean": 0.053226608783, "median": 0.0332945734262, "min": 1.25445484621e-13, "var": 0.00439097499475}, "spectral_energyband_high": {"dmean": 0.000708001898602, "dmean2": 0.00104991148692, "dvar": 1.31916078772e-06, "dvar2": 2.80533595287e-06, "max": 0.0078602777794, "mean": 0.000768591708038, "median": 0.00021612252749, "min": 1.37944304484e-14, "var": 1.69468535205e-06}, "spectral_energyband_low": {"dmean": 0.0271847080439, "dmean2": 0.0444604568183, "dvar": 0.00337665923871, "dvar2": 0.00835992395878, "max": 0.403221964836, "mean": 0.0377886071801, "median": 0.0157324634492, "min": 6.78517233176e-14, "var": 0.00395702570677}, "spectral_energyband_middle_high": {"dmean": 0.00178036571015, "dmean2": 0.00267403526232, "dvar": 7.20540310795e-06, "dvar2": 1.7104395738e-05, "max": 0.0329574383795, "mean": 0.0032962935511, "median": 0.00216083275154, "min": 5.7896607769e-15, "var": 1.29445943458e-05}, "spectral_energyband_middle_low": {"dmean": 0.00579182151705, "dmean2": 0.00923094060272, "dvar": 6.67733183946e-05, "dvar2": 0.000156537687872, "max": 0.0920147001743, "mean": 0.0131846517324, "median": 0.00922135449946, "min": 2.70923708408e-14, "var": 0.000146026737639}, "spectral_entropy": {"dmean": 0.340989559889, "dmean2": 0.471485972404, "dvar": 0.123937852681, "dvar2": 0.225489109755, "max": 8.93393230438, "mean": 7.3525261879, "median": 7.44338321686, "min": 4.69979286194, "var": 0.412516146898}, "spectral_flux": {"dmean": 0.05450733006, "dmean2": 0.0843731760979, "dvar": 0.00563325639814, "dvar2": 0.0104162637144, "max": 0.579507052898, "mean": 0.116533979774, "median": 0.0857803374529, "min": 6.28774523648e-06, "var": 0.0111124515533}, "spectral_kurtosis": {"dmean": 2.92119407654, "dmean2": 4.57671689987, "dvar": 17.6550807953, "dvar2": 40.2029151917, "max": 84.6720046997, "mean": 6.00024175644, "median": 4.05082893372, "min": -0.85142827034, "var": 39.3481330872}, "spectral_rms": {"dmean": 0.00167881546076, "dmean2": 0.00254147383384, "dvar": 5.50666391064e-06, "dvar2": 1.18510406537e-05, "max": 0.0199763290584, "mean": 0.00625841319561, "median": 0.00569934304804, "min": 1.10628137762e-08, "var": 1.27604362206e-05}, "spectral_rolloff": {"dmean": 467.668609619, "dmean2": 767.217895508, "dvar": 682327.1875, "dvar2": 1388549.625, "max": 11046.5332031, "mean": 886.902648926, "median": 581.396484375, "min": 21.533203125, "var": 1239163.625}, "spectral_skewness": {"dmean": 0.411814630032, "dmean2": 0.614902615547, "dvar": 0.191185250878, "dvar2": 0.41444838047, "max": 6.81469631195, "mean": 1.6971462965, "median": 1.54193997383, "min": 0.313533514738, "var": 0.545635998249}, "spectral_spread": {"dmean": 715410.5625, "dmean2": 953042.3125, "dvar": 628996571136, "dvar2": 1025346633730.0, "max": 27903628, "mean": 4647398.5, "median": 4631014, "min": 1032621.1875, "var": 2741257371650.0}, "spectral_strongpeak": {"dmean": 0.381172090769, "dmean2": 0.644597411156, "dvar": 0.434437602758, "dvar2": 1.03146886826, "max": 13.6327199936, "mean": 0.706134021282, "median": 0.443891108036, "min": 0, "var": 0.751781225204}, "zerocrossingrate": {"dmean": 0.0130044640973, "dmean2": 0.0145239112899, "dvar": 0.000181407798664, "dvar2": 0.000213026287383, "max": 0.45703125, "mean": 0.0450693406165, "median": 0.0361328125, "min": 0.00146484375, "var": 0.00102793902624}, "barkbands": {"dmean": [0.00200937874615, 0.0221998952329, 0.0073011405766, 0.00198050099425, 0.00195780582726, 0.0022085106466, 0.000578365230467, 0.000567737442907, 0.000693806505296, 0.000341443461366, 0.00025702547282, 0.00020537043747, 0.000164654658874, 0.000195634682314, 0.00015388544125, 0.000205343516427, 0.000210001278901, 0.000385742983781, 0.000271108845482, 0.000207896810025, 0.000180977382115, 0.000158672162797, 9.94178772089e-05, 8.45469839987e-05, 7.38184753573e-05, 2.18922523345e-05, 6.53447614241e-06], "dmean2": [0.00268570310436, 0.0370360426605, 0.0134925609455, 0.0033256537281, 0.00317653641105, 0.00355336256325, 0.000914778211154, 0.00088270381093, 0.00101980764885, 0.00052205886459, 0.00039139285218, 0.000330158945872, 0.000265192124061, 0.000309656665195, 0.000240263238084, 0.000333279604092, 0.000347062887158, 0.000612244068179, 0.000390193774365, 0.000340344238793, 0.000289453921141, 0.000239632863668, 0.000139812356792, 0.000116049857752, 0.000101019402791, 3.0496801628e-05, 9.40655081649e-06], "dvar": [1.56230635184e-05, 0.00262400717475, 0.000347040651832, 1.71917981788e-05, 1.16860119306e-05, 1.48494955283e-05, 2.4035689421e-06, 1.28162366764e-06, 2.04727962227e-06, 6.55841631669e-07, 3.82799157705e-07, 2.85955309209e-07, 9.64708277706e-08, 1.28350563955e-07, 7.63784342439e-08, 1.85892830018e-07, 2.34257598208e-07, 4.98414920003e-07, 2.2213180273e-07, 1.37019299018e-07, 1.12923693507e-07, 7.06344494006e-08, 2.90769772704e-08, 2.68885518295e-08, 2.25450680347e-08, 2.4474120508e-09, 2.18423709675e-10], "dvar2": [2.69370084425e-05, 0.0066799283959, 0.00101284682751, 4.12301924371e-05, 2.93543253065e-05, 3.51786948158e-05, 5.3448379731e-06, 2.79859000329e-06, 3.6477320009e-06, 1.43047157053e-06, 8.35804314647e-07, 7.02218528659e-07, 2.35340621657e-07, 3.1095132158e-07, 1.80501558589e-07, 4.81918448259e-07, 5.70647046061e-07, 1.26971769987e-06, 3.63819196991e-07, 3.59947705419e-07, 2.9638007959e-07, 1.66880425922e-07, 4.97053243009e-08, 4.93614891184e-08, 4.30067217394e-08, 4.6934474085e-09, 4.88951934496e-10], "max": [0.0370789729059, 0.349538803101, 0.150623708963, 0.080120049417, 0.0521553009748, 0.0584767796099, 0.0563384070992, 0.0256892386824, 0.0394389778376, 0.0271694362164, 0.0148508083075, 0.00810329150409, 0.00454908516258, 0.00703382957727, 0.004641586449, 0.00643216446042, 0.0135250566527, 0.00933389831334, 0.00876810867339, 0.00280250399373, 0.00356621597894, 0.00196108594537, 0.00136978377122, 0.00127560296096, 0.00119608221576, 0.00096692761872, 0.000273945363006], "mean": [0.00318906409666, 0.0257030203938, 0.00722788460553, 0.00308549706824, 0.00322794471867, 0.00301751960069, 0.000834922131617, 0.00094608560903, 0.00176626362372, 0.00066567392787, 0.000487111799885, 0.000234108694713, 0.00019408937078, 0.00026217623963, 0.000215556559851, 0.000210503756534, 0.000231264231843, 0.000485776487039, 0.00037101196358, 0.000204979194677, 0.000170937375515, 0.000155232410179, 0.000116776755021, 9.85065998975e-05, 8.52487428347e-05, 3.02341559291e-05, 9.2236623459e-06], "median": [0.000293237622827, 0.00760648632422, 0.0026832818985, 0.000878657912835, 0.00171122397296, 0.00132596096955, 0.000286611961201, 0.000336157390848, 0.000866150599904, 0.000177612790139, 6.58396529616e-05, 5.85052403039e-05, 6.60540827084e-05, 7.17442017049e-05, 9.05421402422e-05, 5.53481804673e-05, 7.58027963457e-05, 0.000136153757921, 0.000105162303953, 6.8512163125e-05, 4.44056495326e-05, 3.87055260944e-05, 2.61720706476e-05, 1.80350507435e-05, 1.18698953884e-05, 6.66282994644e-06, 1.64524590218e-06], "min": [2.82704903324e-14, 3.43906388014e-14, 1.45104011407e-14, 8.76921860051e-15, 7.92130897415e-15, 3.48722405593e-15, 3.61209704115e-15, 1.06835503308e-15, 1.61256734894e-15, 1.21543870448e-15, 7.34246063404e-16, 1.33026587894e-15, 2.76147563881e-16, 3.93079085821e-16, 1.67653390069e-16, 4.77780474723e-16, 2.40880526559e-16, 2.93245665076e-16, 7.22991007239e-16, 6.59474494683e-16, 7.13573694931e-16, 7.15110371516e-16, 8.03554587253e-16, 1.50396978417e-15, 1.84788983059e-15, 3.36473186857e-15, 4.7475794353e-15], "var": [3.7021782191e-05, 0.0026670768857, 0.000224688221351, 2.99083385471e-05, 2.12036811718e-05, 2.13329913095e-05, 3.25988185068e-06, 2.6920001801e-06, 1.06248380689e-05, 1.81532038823e-06, 1.22784035739e-06, 3.03356671338e-07, 1.38536677241e-07, 2.26241880341e-07, 1.19979816304e-07, 1.6585553908e-07, 2.67199425252e-07, 7.14253644674e-07, 5.45366503957e-07, 1.16767857605e-07, 9.50712930603e-08, 7.76710322725e-08, 4.72046757238e-08, 4.01904785008e-08, 3.38898011876e-08, 3.87521792433e-09, 3.21808579784e-10]}, "erbbands": {"dmean": [0.737862169743, 5.06367969513, 9.20702457428, 7.12953138351, 6.73892784119, 5.52506017685, 10.8778409958, 20.0779781342, 11.9140472412, 7.28923606873, 14.7220659256, 16.5622634888, 12.4043588638, 9.01176929474, 9.70360660553, 7.91450929642, 7.78394842148, 8.30298137665, 9.15218067169, 8.883061409, 10.7271251678, 12.647026062, 23.0136413574, 13.7145967484, 11.7663259506, 9.74542140961, 8.82511901855, 6.43140220642, 6.21429109573, 3.56761217117, 2.65797472, 2.01849913597, 1.4543261528, 1.05591332912, 0.369823455811, 0.128721341491, 0.036162622273, 0.00736814178526, 0.00110759201925, 9.21281025512e-05], "dmean2": [1.16040110588, 8.78771781921, 16.8608322144, 12.5231084824, 10.9824085236, 9.16955471039, 17.1277236938, 32.5267524719, 19.4580631256, 10.9209041595, 22.6940422058, 24.3563690186, 19.0473136902, 13.8657064438, 14.7511453629, 12.5609035492, 12.4933290482, 13.1324520111, 14.2090101242, 14.1377182007, 17.1763114929, 20.8487167358, 36.7399215698, 20.8763847351, 16.8512859344, 15.6993846893, 14.6568031311, 10.0204200745, 9.35409736633, 5.18603515625, 3.69136214256, 2.74529647827, 2.02906775475, 1.47002232075, 0.504536628723, 0.17863894999, 0.0516248047352, 0.0104994652793, 0.00159981055185, 0.000133051202283], "dvar": [2.45750379562, 165.685745239, 590.846191406, 215.751541138, 149.595840454, 98.5557785034, 383.304870605, 1434.95532227, 853.919921875, 391.475860596, 813.92199707, 1219.20495605, 945.97442627, 424.194519043, 556.035888672, 354.590148926, 217.019485474, 218.547149658, 251.941635132, 316.767974854, 409.006225586, 814.039794922, 2003.44885254, 420.281890869, 614.676208496, 271.434539795, 313.635284424, 128.829559326, 111.870269775, 33.0205383301, 21.1044273376, 15.1914129257, 8.66323661804, 4.92185544968, 0.514363646507, 0.074596516788, 0.00804053246975, 0.000233748869505, 6.1960322455e-06, 4.30272848462e-08], "dvar2": [5.65786266327, 447.040893555, 1693.85595703, 593.332641602, 359.027252197, 250.584899902, 850.398986816, 3441.52099609, 1969.9074707, 837.740356445, 1772.36914062, 2276.85693359, 1930.5748291, 978.655456543, 1181.67382812, 833.093078613, 526.394592285, 508.843811035, 587.919677734, 812.570495605, 1036.35827637, 2034.47900391, 5175.47851562, 918.98223877, 873.135681152, 710.895568848, 850.876281738, 318.562347412, 264.958129883, 70.4407272339, 37.2053909302, 26.2878074646, 16.7834701538, 9.9304151535, 0.947124958038, 0.137750461698, 0.0160850081593, 0.000485690659843, 1.39722014865e-05, 9.67366347027e-08], "max": [12.7898387909, 84.5455245972, 187.188110352, 187.406188965, 158.501358032, 152.9349823, 298.658660889, 619.395202637, 970.48236084, 555.602661133, 678.403808594, 827.263061523, 1105.3807373, 522.654541016, 802.949157715, 412.482330322, 222.148330688, 273.811828613, 241.257385254, 380.226043701, 262.092163086, 706.990539551, 608.363891602, 185.667221069, 610.672729492, 134.423278809, 170.309890747, 104.738540649, 83.5752487183, 43.4907035828, 38.2844314575, 32.9849319458, 23.6570320129, 18.6289901733, 9.07663440704, 5.16780471802, 1.78574287891, 0.25980758667, 0.0403837673366, 0.00468519702554], "mean": [0.944496631622, 4.89488315582, 9.08974647522, 9.96368503571, 11.5517396927, 8.23594379425, 15.8304796219, 25.3151569366, 15.6944885254, 12.443520546, 28.308095932, 42.5426521301, 27.0824584961, 19.2194080353, 17.9046039581, 9.97681331635, 9.56764793396, 11.0265827179, 13.3449249268, 11.217467308, 12.0080757141, 14.3727073669, 29.163230896, 18.2248802185, 15.8149404526, 10.0613355637, 7.94085645676, 6.32227373123, 5.99769973755, 3.94695353508, 3.08401036263, 2.30177783966, 1.66114270687, 1.1824644804, 0.449645370245, 0.170372232795, 0.0504506230354, 0.0107890795916, 0.00155697844457, 0.000145563783008], "median": [0.207367956638, 1.45888447762, 3.23601603508, 4.09773015976, 5.53970432281, 3.97421360016, 5.5616235733, 10.0822906494, 6.46713542938, 5.34174251556, 14.2166519165, 18.4964637756, 11.1692447662, 5.02377986908, 4.16324806213, 3.12913751602, 3.39615058899, 3.74943876266, 4.74188423157, 5.30725669861, 4.26455926895, 5.21869373322, 7.89335632324, 6.32816791534, 4.11570167542, 3.61168766022, 2.09590601921, 1.63856458664, 1.36117494106, 1.0885477066, 0.685519814491, 0.370001018047, 0.294388949871, 0.166647970676, 0.0716965794563, 0.0338383838534, 0.0102986693382, 0.00216362276115, 0.000344743428286, 6.77737552905e-05], "min": [1.38486661375e-12, 6.4373333053e-12, 1.61209830207e-11, 2.55154907619e-11, 2.92503347932e-11, 2.47891221439e-11, 1.97310345146e-11, 3.28396615457e-11, 5.2338910983e-11, 4.08437277055e-11, 1.98866097201e-11, 3.38524416832e-11, 5.35442454264e-11, 2.02164240209e-11, 5.26879130602e-11, 4.20396911727e-11, 1.29688473502e-11, 1.85868230529e-11, 1.60020937473e-11, 1.35562307907e-11, 2.45622047007e-11, 1.20641023213e-11, 1.54592658119e-11, 2.50001096214e-11, 3.55393353635e-11, 3.11344248993e-11, 3.83821377459e-11, 1.64433102551e-11, 3.26282646734e-11, 1.5863116376e-11, 2.68346230653e-11, 2.37252283791e-11, 2.8411712219e-11, 2.13791241654e-11, 1.21896858926e-11, 1.54787450218e-11, 4.28207252642e-12, 2.87742984821e-12, 6.26410598739e-13, 6.76294008859e-14], "var": [3.36033987999, 127.765182495, 383.016113281, 231.163345337, 281.068084717, 158.729431152, 672.531799316, 1828.30200195, 1040.68041992, 659.287780762, 1867.81994629, 5003.75195312, 4174.6328125, 1397.32385254, 1401.87426758, 447.97442627, 329.999969482, 389.574066162, 438.24407959, 355.191619873, 418.878143311, 867.201904297, 2788.85595703, 754.343444824, 1608.0838623, 250.338470459, 231.749786377, 125.476982117, 120.764831543, 45.0560646057, 33.6722450256, 23.3594036102, 12.2220640182, 6.83644866943, 0.85065728426, 0.12192607671, 0.0120786409825, 0.000401131401304, 8.62348497321e-06, 5.88113699962e-08]}, "gfcc": {"mean": [-13.8713312149, 96.3330459595, -97.8296203613, 32.8145027161, -50.7128562927, 4.77631378174, -26.5684871674, 15.4266462326, -15.5983610153, -0.52707862854, -14.1962966919, -2.12343215942, -9.39599990845], "cov": [[9284.80761719, -1050.25695801, 822.773742676, 1376.62121582, 127.779525757, 486.759796143, -322.967987061, -19.1090278625, -321.379577637, 217.954116821, 84.5950088501, 445.300048828, 29.4822845459], [-1050.25695801, 2457.60400391, 206.722259521, 233.26625061, 517.933349609, -232.620407104, 264.773132324, 13.5868062973, 148.91569519, -188.542282104, 191.680740356, -158.140487671, 81.2978668213], [822.773742676, 206.722259521, 1303.32580566, 446.416015625, 199.054885864, 278.313537598, 9.35711765289, -1.55101513863, -26.4637641907, 86.6407546997, -48.2896766663, 64.4312667847, -0.606267988682], [1376.62121582, 233.26625061, 446.416015625, 817.802307129, 180.046417236, 103.409576416, -47.2239151001, -41.3578529358, -21.5542049408, 25.6034507751, 58.3098907471, 17.1101608276, 16.3370704651], [127.779525757, 517.933349609, 199.054885864, 180.046417236, 494.746673584, 45.2166213989, 123.159179688, 66.7846603394, 50.861782074, -14.2920675278, 89.2817611694, 13.5870637894, 1.29063928127], [486.759796143, -232.620407104, 278.313537598, 103.409576416, 45.2166213989, 345.004089355, 107.997917175, 46.8219337463, -10.1621007919, 45.1565093994, -39.9691734314, 64.0822601318, 34.8803710938], [-322.967987061, 264.773132324, 9.35711765289, -47.2239151001, 123.159179688, 107.997917175, 291.509765625, 91.1006164551, 61.8918533325, -34.3534889221, 15.9664402008, -7.51894235611, 34.7940750122], [-19.1090278625, 13.5868062973, -1.55101513863, -41.3578529358, 66.7846603394, 46.8219337463, 91.1006164551, 174.508834839, 82.0960159302, 18.7249317169, 10.0301351547, -4.33890962601, -11.3553676605], [-321.379577637, 148.91569519, -26.4637641907, -21.5542049408, 50.861782074, -10.1621007919, 61.8918533325, 82.0960159302, 175.833435059, 61.5942649841, 35.1957817078, -22.5614738464, -0.812920928001], [217.954116821, -188.542282104, 86.6407546997, 25.6034507751, -14.2920675278, 45.1565093994, -34.3534889221, 18.7249317169, 61.5942649841, 142.336791992, 41.0739250183, 40.7577781677, -8.67454147339], [84.5950088501, 191.680740356, -48.2896766663, 58.3098907471, 89.2817611694, -39.9691734314, 15.9664402008, 10.0301351547, 35.1957817078, 41.0739250183, 144.103530884, 50.7211036682, 31.0914173126], [445.300048828, -158.140487671, 64.4312667847, 17.1101608276, 13.5870637894, 64.0822601318, -7.51894235611, -4.33890962601, -22.5614738464, 40.7577781677, 50.7211036682, 153.37361145, 66.25730896], [29.4822845459, 81.2978668213, -0.606267988682, 16.3370704651, 1.29063928127, 34.8803710938, 34.7940750122, -11.3553676605, -0.812920928001, -8.67454147339, 31.0914173126, 66.25730896, 117.75112915]], "icov": [[0.000212969433051, -1.26561599245e-05, 8.00428897492e-05, -0.000380544399377, 1.61467432918e-05, -0.00011001592793, 0.000131913955556, -0.000288832379738, 0.000419397692895, -0.000253479927778, 0.000168959319126, -0.000620023405645, 0.000262694287812], [-1.26561599245e-05, 0.00118534173816, -0.000550532306079, 4.97722103319e-05, -0.000609881069977, 0.00075884355465, -0.000563597888686, 0.00059820926981, -0.00103782780934, 0.00180942076258, -0.00176114938222, 0.00166224455461, -0.00116300699301], [8.00428897492e-05, -0.000550532306079, 0.00154603633564, -0.000701342418324, -0.000242253416218, -0.000877358950675, 0.000300690851873, -0.000239155298914, 0.000858552404679, -0.00183568208013, 0.00200657523237, -0.00132918253075, 0.000704747275449], [-0.000380544399377, 4.97722103319e-05, -0.000701342418324, 0.00251857028343, -0.000447626196546, -0.000505842792336, 0.0005868045846, 0.000916681659874, -0.00081223109737, 0.00096801307518, -0.00169639580417, 0.00202664476819, -0.000849117641337], [1.61467432918e-05, -0.000609881069977, -0.000242253416218, -0.000447626196546, 0.0035587719176, -0.000528613454662, -0.000577199505642, -0.000815490959212, -0.000167809906998, 0.000852803292219, -0.00149781617802, -0.00121571228374, 0.00182860577479], [-0.00011001592793, 0.00075884355465, -0.000877358950675, -0.000505842792336, -0.000528613454662, 0.00650413287804, -0.00327523099259, -0.000603962340392, 0.00111578963697, -0.00218072184362, 0.00246471655555, -0.000558568222914, -0.00193146930542], [0.000131913955556, -0.000563597888686, 0.000300690851873, 0.0005868045846, -0.000577199505642, -0.00327523099259, 0.00695716030896, -0.00195497157983, -0.00131196179427, 0.00236904900521, -0.000971606990788, 0.000388755026506, -0.000788278412074], [-0.000288832379738, 0.00059820926981, -0.000239155298914, 0.000916681659874, -0.000815490959212, -0.000603962340392, -0.00195497157983, 0.00966841634363, -0.0050290315412, 0.00200405321084, -0.00098046020139, 0.00041789439274, 0.00136543554254], [0.000419397692895, -0.00103782780934, 0.000858552404679, -0.00081223109737, -0.000167809906998, 0.00111578963697, -0.00131196179427, -0.0050290315412, 0.0132266720757, -0.0091104535386, 0.00193662336096, 0.0011245100759, -0.00142128870357], [-0.000253479927778, 0.00180942076258, -0.00183568208013, 0.00096801307518, 0.000852803292219, -0.00218072184362, 0.00236904900521, 0.00200405321084, -0.0091104535386, 0.0183861069381, -0.00824178103358, -0.000273667130386, 0.00242206943221], [0.000168959319126, -0.00176114938222, 0.00200657523237, -0.00169639580417, -0.00149781617802, 0.00246471655555, -0.000971606990788, -0.00098046020139, 0.00193662336096, -0.00824178103358, 0.0166740342975, -0.00687162205577, -0.000231682992307], [-0.000620023405645, 0.00166224455461, -0.00132918253075, 0.00202664476819, -0.00121571228374, -0.000558568222914, 0.000388755026506, 0.00041789439274, 0.0011245100759, -0.000273667130386, -0.00687162205577, 0.0171466358006, -0.00902244169265], [0.000262694287812, -0.00116300699301, 0.000704747275449, -0.000849117641337, 0.00182860577479, -0.00193146930542, -0.000788278412074, 0.00136543554254, -0.00142128870357, 0.00242206943221, -0.000231682992307, -0.00902244169265, 0.015574443154]]}, "melbands": {"dmean": [0.00623391522095, 0.00536971539259, 0.0011904751882, 0.000467936100904, 0.000329099333612, 0.000439578521764, 0.000167815553141, 8.28379925224e-05, 0.000124211641378, 9.88145256997e-05, 6.15586395725e-05, 3.59978075721e-05, 3.66972089978e-05, 2.33473547269e-05, 1.94348885998e-05, 1.54344234033e-05, 1.63119057106e-05, 1.60629151651e-05, 1.09027560029e-05, 1.51303038365e-05, 1.19140395327e-05, 1.19763590192e-05, 2.15063755604e-05, 1.69666836882e-05, 1.14582790047e-05, 1.01488603832e-05, 6.92511002853e-06, 6.42072109258e-06, 6.03016042078e-06, 3.87472482544e-06, 3.90506011172e-06, 3.82607095162e-06, 2.54905535257e-06, 1.81939196864e-06, 1.58102409387e-06, 1.4253196241e-06, 1.20397578485e-06, 1.04908247067e-06, 9.51150411765e-07, 8.70930307428e-07], "dmean2": [0.0101340441033, 0.00951376277953, 0.00207242299803, 0.000767138262745, 0.0005184460897, 0.000709726824425, 0.000274221471045, 0.000125083752209, 0.000189362472156, 0.000145419835462, 9.45571518969e-05, 5.56548402528e-05, 5.51370467292e-05, 3.71908245143e-05, 3.11620206048e-05, 2.49930562859e-05, 2.58649415628e-05, 2.50900957326e-05, 1.72800937435e-05, 2.50588109338e-05, 1.90493537957e-05, 1.99159221665e-05, 3.51943563146e-05, 2.64746631728e-05, 1.76700505108e-05, 1.44149835251e-05, 1.08186141006e-05, 1.03801021396e-05, 1.01007408375e-05, 6.21012668489e-06, 6.13106385572e-06, 5.89856790612e-06, 3.74431465389e-06, 2.69369866146e-06, 2.24463292398e-06, 1.86153044979e-06, 1.69131487837e-06, 1.47425976138e-06, 1.34737945245e-06, 1.21548498555e-06], "dvar": [0.000187317404198, 0.000189356025658, 5.53543441129e-06, 7.45458294205e-07, 3.22282005527e-07, 6.49735511615e-07, 1.59232314445e-07, 4.01844495457e-08, 5.1958704006e-08, 4.45964367657e-08, 2.37970425587e-08, 7.01723879004e-09, 7.82521336617e-09, 3.52791307279e-09, 1.75833381189e-09, 8.26252788411e-10, 9.13157160998e-10, 8.7204726773e-10, 4.42913566934e-10, 1.11426323723e-09, 4.59638077599e-10, 8.46607117744e-10, 1.68996205918e-09, 9.22258935887e-10, 3.14088005604e-10, 4.60160520799e-10, 1.36309546983e-10, 1.16679735318e-10, 1.55955859338e-10, 4.84760842578e-11, 5.03872325808e-11, 4.62256656564e-11, 1.71073884225e-11, 9.16744805068e-12, 8.09615829239e-12, 6.57810264593e-12, 5.93807511842e-12, 4.59991203114e-12, 3.86159810725e-12, 3.36026215533e-12], "dvar2": [0.000460175098851, 0.000519909895957, 1.51708090925e-05, 1.94388553609e-06, 7.05900959019e-07, 1.55231737153e-06, 3.70566198171e-07, 8.67868266141e-08, 1.1216607021e-07, 8.32304678511e-08, 4.83129802831e-08, 1.56973420928e-08, 1.65725211332e-08, 8.24156742851e-09, 4.24036361579e-09, 2.04843852991e-09, 2.13529238735e-09, 2.07570893807e-09, 1.1021530355e-09, 2.95679125628e-09, 1.13943798841e-09, 2.16484896676e-09, 4.39402780827e-09, 2.20731166678e-09, 6.90717372187e-10, 6.56901144591e-10, 3.18065046523e-10, 3.03062824836e-10, 4.26955526489e-10, 1.250635151e-10, 1.24664320533e-10, 1.13738907181e-10, 3.82194345616e-11, 1.84736097947e-11, 1.53952423726e-11, 1.14833949641e-11, 1.05595662422e-11, 9.07880454842e-12, 8.04776818103e-12, 6.80138194029e-12], "max": [0.106036290526, 0.092920653522, 0.0292309187353, 0.0143675738946, 0.00899983290583, 0.0133495088667, 0.0129369208589, 0.00510797137395, 0.00522124767303, 0.00479319319129, 0.00542399240658, 0.00231300340965, 0.00235844869167, 0.00142755988054, 0.000622474355623, 0.000402447010856, 0.000620535633061, 0.000524018600117, 0.00049355084775, 0.000530707184225, 0.000235254439758, 0.000700193690136, 0.00063270132523, 0.000457966409158, 0.000176105371793, 0.000488146673888, 0.000159893839736, 8.17002146505e-05, 0.000101580168121, 9.07677604118e-05, 5.8416306274e-05, 5.45335460629e-05, 3.57155113306e-05, 2.35397492361e-05, 2.43348586082e-05, 2.54552214756e-05, 2.15532745642e-05, 1.70323946804e-05, 1.81792875082e-05, 1.64414941537e-05], "mean": [0.0078039211221, 0.00544866826385, 0.00177885463927, 0.00074707379099, 0.000487530604005, 0.000573698664084, 0.000224411633098, 0.000138965915539, 0.00025934461155, 0.000250759185292, 0.000128771353047, 7.5001255027e-05, 7.20704483683e-05, 2.77847339021e-05, 2.30934929277e-05, 1.80214119609e-05, 2.13145412999e-05, 2.2755612008e-05, 1.44125415318e-05, 1.56736969075e-05, 1.34827823786e-05, 1.24538964883e-05, 2.64230311586e-05, 2.12454142456e-05, 1.42326753121e-05, 1.38397772389e-05, 7.82299593993e-06, 6.36361482975e-06, 5.20986304764e-06, 3.79455400434e-06, 3.730991466e-06, 3.58138004231e-06, 2.62182538791e-06, 2.07594530366e-06, 1.79195956207e-06, 1.61235107043e-06, 1.34765082294e-06, 1.16328635613e-06, 1.07973824015e-06, 9.62115223047e-07], "median": [0.00206685159355, 0.00193415407557, 0.000776629312895, 0.000352877395926, 0.000191326922504, 0.000242187015829, 9.42789192777e-05, 6.43023377052e-05, 0.000149013998453, 0.00011904592975, 4.57237983937e-05, 1.65903511515e-05, 1.13263840831e-05, 7.09591904524e-06, 7.21345622878e-06, 5.78728486289e-06, 6.4252235461e-06, 7.09896175977e-06, 6.18942522124e-06, 5.65857862966e-06, 5.13050099471e-06, 4.02459636462e-06, 6.5995109253e-06, 6.12201165495e-06, 4.43507178716e-06, 2.98832696899e-06, 2.37569679484e-06, 2.12745908357e-06, 1.28529563881e-06, 1.0468399978e-06, 8.55066048189e-07, 7.70443818965e-07, 6.51834966447e-07, 5.53497727651e-07, 3.93867253479e-07, 2.75947144246e-07, 1.98089225023e-07, 1.95252340518e-07, 1.92504700181e-07, 1.24402475876e-07], "min": [1.23173049383e-14, 8.62631397791e-15, 4.60787913834e-15, 1.98529826815e-15, 7.52694599814e-16, 7.38128544797e-16, 7.91771300166e-16, 3.98667676858e-16, 1.43987805683e-16, 2.37507191377e-16, 2.67861517015e-16, 7.79787994189e-17, 1.36692310908e-16, 1.86415513958e-16, 3.70047551919e-17, 3.00324498087e-17, 3.47454006842e-17, 2.98036152553e-17, 1.02394843415e-17, 2.86641342568e-17, 2.89864435282e-17, 1.10848993235e-17, 1.31157609034e-17, 1.6690071196e-17, 1.82419083472e-17, 3.7243856711e-17, 1.72282216676e-17, 2.19813139639e-17, 2.0331313635e-17, 2.45689036648e-17, 4.42351045303e-18, 1.81648316577e-17, 1.40988832594e-17, 7.76448632968e-18, 1.61718756294e-17, 1.46590334266e-17, 1.32767509301e-17, 1.35673303803e-17, 2.90064712252e-17, 1.57172770171e-17], "var": [0.000225207448239, 0.000135665090056, 6.26010614724e-06, 1.2543067669e-06, 5.95229380451e-07, 8.65360618718e-07, 1.97662984647e-07, 6.68023147909e-08, 1.32925691787e-07, 1.96006467945e-07, 1.06231397012e-07, 2.56437040491e-08, 2.67450808167e-08, 4.08784739392e-09, 2.19174767224e-09, 1.10154285693e-09, 1.66423130832e-09, 1.49127898919e-09, 5.58470159007e-10, 9.44200495567e-10, 5.2793469596e-10, 8.04234012719e-10, 2.29590235712e-09, 1.35024225134e-09, 5.33631250299e-10, 1.18454002163e-09, 1.99928476552e-10, 1.05966749264e-10, 1.11143885761e-10, 4.25734204834e-11, 4.87425134976e-11, 4.54889424739e-11, 2.15327512765e-11, 1.29368312937e-11, 1.18197561114e-11, 1.07239998132e-11, 8.62533742346e-12, 6.25365644685e-12, 5.26355608405e-12, 4.64461325303e-12]}, "mfcc": {"mean": [-663.736450195, 128.55065918, 10.8343715668, 33.1613273621, 4.51140451431, -1.64441263676, 0.487267971039, 8.82277965546, 4.20503854752, 6.93971729279, 5.72872447968, -1.91037511826, -3.6066057682], "cov": [[7589.91699219, -1033.48754883, 561.764892578, 691.364135742, 407.987854004, 444.506988525, 133.911651611, 27.0590019226, -129.98109436, -241.860595703, -114.588577271, 88.0946044922, 166.011978149], [-1033.48754883, 2123.59033203, -49.7375183105, 357.290283203, 236.659423828, -65.0576782227, 154.109268188, 174.513656616, -3.56041884422, 146.026123047, 93.51222229, -103.722236633, 32.7815856934], [561.764892578, -49.7375183105, 1033.94006348, 269.489257812, 190.481918335, 274.089813232, 74.5662384033, -14.7368154526, 101.371238708, -50.8436164856, -36.262424469, 81.0032196045, 6.64816951752], [691.364135742, 357.290283203, 269.489257812, 628.801086426, 289.828582764, 113.121871948, 69.6548080444, 28.1294765472, -46.3417472839, 5.97860956192, 39.0783538818, 1.55186963081, 43.9414405823], [407.987854004, 236.659423828, 190.481918335, 289.828582764, 367.182495117, 117.482376099, 76.0264129639, 41.196395874, -9.62659168243, 23.0736942291, 43.2258415222, 26.0248203278, 40.5771217346], [444.506988525, -65.0576782227, 274.089813232, 113.121871948, 117.482376099, 293.425842285, 118.438941956, 46.0088043213, 69.3921203613, -22.2741909027, -23.7432670593, 54.817615509, 20.6585865021], [133.911651611, 154.109268188, 74.5662384033, 69.6548080444, 76.0264129639, 118.438941956, 209.677581787, 124.916778564, 45.3602790833, 23.3215579987, 5.63482713699, -12.1882963181, 15.3589677811], [27.0590019226, 174.513656616, -14.7368154526, 28.1294765472, 41.196395874, 46.0088043213, 124.916778564, 186.203353882, 89.0579147339, 47.1468963623, 19.8906173706, -7.62617778778, 16.4864234924], [-129.98109436, -3.56041884422, 101.371238708, -46.3417472839, -9.62659168243, 69.3921203613, 45.3602790833, 89.0579147339, 175.281555176, 63.2880477905, 3.66106748581, 39.3125076294, 4.10387372971], [-241.860595703, 146.026123047, -50.8436164856, 5.97860956192, 23.0736942291, -22.2741909027, 23.3215579987, 47.1468963623, 63.2880477905, 139.705932617, 86.5501327515, 14.349237442, 10.9254722595], [-114.588577271, 93.51222229, -36.262424469, 39.0783538818, 43.2258415222, -23.7432670593, 5.63482713699, 19.8906173706, 3.66106748581, 86.5501327515, 138.774185181, 51.487449646, 15.2618608475], [88.0946044922, -103.722236633, 81.0032196045, 1.55186963081, 26.0248203278, 54.817615509, -12.1882963181, -7.62617778778, 39.3125076294, 14.349237442, 51.487449646, 133.716598511, 47.6624832153], [166.011978149, 32.7815856934, 6.64816951752, 43.9414405823, 40.5771217346, 20.6585865021, 15.3589677811, 16.4864234924, 4.10387372971, 10.9254722595, 15.2618608475, 47.6624832153, 99.0648727417]], "icov": [[0.000196839479031, 0.000141286102007, -1.62701780937e-05, -0.000198406909476, -6.25681059319e-05, -0.000165042671142, 5.6403758208e-05, -0.000235993458773, 0.000223788447329, 0.000118955831567, 7.18114533811e-05, 4.7681362048e-05, -0.000253336125752], [0.000141286102007, 0.000757820322178, -2.75046277238e-05, -0.000409584288718, -0.000248773867497, 0.000227888609516, -0.000185795419384, -0.000532280129846, 0.000291809003102, -0.000423707009759, 2.46968902502e-05, 0.000495087879244, -0.000339614343829], [-1.62701780937e-05, -2.75046277238e-05, 0.00165998504963, -0.000569893047214, -0.000331671413733, -0.000704053090885, -0.000412468391005, 0.00128641072661, -0.0017291122349, 0.001071516308, -0.000132843255415, -0.000334847019985, 0.000445312791271], [-0.000198406909476, -0.000409584288718, -0.000569893047214, 0.00318944384344, -0.0015480594011, -0.000403305049986, 0.000400269345846, -0.000243963018875, 0.00101415487006, -0.000132183617097, -0.000676233728882, 0.000766364100855, -0.000503684394062], [-6.25681059319e-05, -0.000248773867497, -0.000331671413733, -0.0015480594011, 0.00506823183969, -0.00129406061023, -1.83950669452e-05, -0.000618128164206, 0.00124750693794, -0.000878887192812, -0.000563605455682, -0.000291528034722, -0.000531944853719], [-0.000165042671142, 0.000227888609516, -0.000704053090885, -0.000403305049986, -0.00129406061023, 0.00795637536794, -0.004628081806, 0.00182640785351, -0.00268790381961, 0.00139701971784, 0.00149196584243, -0.00283056218177, 0.00080102623906], [5.6403758208e-05, -0.000185795419384, -0.000412468391005, 0.000400269345846, -1.83950669452e-05, -0.004628081806, 0.0116872033104, -0.00757347047329, 0.00314934598282, -0.0015741516836, -2.86732338282e-05, 0.00211271643639, -0.00073076406261], [-0.000235993458773, -0.000532280129846, 0.00128641072661, -0.000243963018875, -0.000618128164206, 0.00182640785351, -0.00757347047329, 0.0149204703048, -0.00906395725906, 0.00331489462405, -0.00340775214136, 0.00269086239859, -0.00160281942226], [0.000223788447329, 0.000291809003102, -0.0017291122349, 0.00101415487006, 0.00124750693794, -0.00268790381961, 0.00314934598282, -0.00906395725906, 0.0171486735344, -0.010933322832, 0.00791326258332, -0.00604438222945, 0.00244868802838], [0.000118955831567, -0.000423707009759, 0.001071516308, -0.000132183617097, -0.000878887192812, 0.00139701971784, -0.0015741516836, 0.00331489462405, -0.010933322832, 0.0208093449473, -0.0137572428212, 0.00589005742222, -0.00286783091724], [7.18114533811e-05, 2.46968902502e-05, -0.000132843255415, -0.000676233728882, -0.000563605455682, 0.00149196584243, -2.86732338282e-05, -0.00340775214136, 0.00791326258332, -0.0137572428212, 0.0202238615602, -0.0106564173475, 0.00387244438753], [4.7681362048e-05, 0.000495087879244, -0.000334847019985, 0.000766364100855, -0.000291528034722, -0.00283056218177, 0.00211271643639, 0.00269086239859, -0.00604438222945, 0.00589005742222, -0.0106564173475, 0.0176426265389, -0.00787264388055], [-0.000253336125752, -0.000339614343829, 0.000445312791271, -0.000503684394062, -0.000531944853719, 0.00080102623906, -0.00073076406261, -0.00160281942226, 0.00244868802838, -0.00286783091724, 0.00387244438753, -0.00787264388055, 0.0146617023274]]}, "spectral_contrast_coeffs": {"dmean": [0.0570813119411, 0.0551824383438, 0.0445397607982, 0.0332285538316, 0.031086018309, 0.0263024456799], "dmean2": [0.0902992263436, 0.0891954824328, 0.0690489858389, 0.0518409498036, 0.0436053238809, 0.0403994657099], "dvar": [0.00245789834298, 0.00211508246139, 0.00150343205314, 0.000771376187913, 0.00105538743082, 0.000732643646188], "dvar2": [0.00577931897715, 0.0051942197606, 0.00317554571666, 0.00169977627229, 0.00155394896865, 0.00180562760215], "max": [-0.277614414692, -0.36072576046, -0.414058715105, -0.59234559536, -0.505595088005, -0.630289852619], "mean": [-0.649688363075, -0.688684403896, -0.733212709427, -0.800516724586, -0.790182054043, -0.772819042206], "median": [-0.65969645977, -0.692233085632, -0.736144244671, -0.81022143364, -0.813514113426, -0.778726577759], "min": [-0.943273842335, -0.942774057388, -0.958498179913, -0.949501574039, -0.955489754677, -0.946213126183], "var": [0.00878290273249, 0.00583467772231, 0.00730201834813, 0.00260940007865, 0.00468009244651, 0.00156002514996]}, "spectral_contrast_valleys": {"dmean": [0.486101090908, 0.496342003345, 0.513116180897, 0.536531686783, 0.626276910305, 0.609443902969], "dmean2": [0.726645767689, 0.763872563839, 0.742241024971, 0.733459293842, 0.81636506319, 0.719810068607], "dvar": [0.235134273767, 0.225303024054, 0.243535280228, 0.25611191988, 0.358254253864, 0.444946616888], "dvar2": [0.432172060013, 0.493987172842, 0.502298116684, 0.490957021713, 0.722431778908, 0.809677481651], "max": [-4.84998321533, -4.63773536682, -5.22678565979, -5.81424283981, -5.4068608284, -7.92632