{"lowlevel": {"average_loudness": 0.515397667885, "barkbands_crest": {"dmean": 1.95311748981, "dmean2": 2.95961260796, "dvar": 4.03376340866, "dvar2": 8.27653121948, "max": 26.3309230804, "mean": 10.1878976822, "median": 8.9350566864, "min": 2.06791496277, "var": 27.2886180878}, "barkbands_flatness_db": {"dmean": 0.0142286559567, "dmean2": 0.0211621038616, "dvar": 0.000231024823734, "dvar2": 0.000469307997264, "max": 0.407599955797, "mean": 0.137442216277, "median": 0.132029697299, "min": 0.0295767225325, "var": 0.00431454507634}, "barkbands_kurtosis": {"dmean": 2.33555316925, "dmean2": 3.50239038467, "dvar": 49.7089118958, "dvar2": 115.784042358, "max": 305.210449219, "mean": 4.34949398041, "median": 0.348143815994, "min": -1.88890254498, "var": 209.006530762}, "barkbands_skewness": {"dmean": 0.38322520256, "dmean2": 0.561028063297, "dvar": 0.221816301346, "dvar2": 0.459754616022, "max": 15.6147518158, "mean": 1.16110372543, "median": 0.961702764034, "min": -11.4683885574, "var": 2.42185306549}, "barkbands_spread": {"dmean": 3.5642311573, "dmean2": 5.38659572601, "dvar": 15.7600603104, "dvar2": 37.490852356, "max": 128.452087402, "mean": 25.9750080109, "median": 22.7052326202, "min": 0.435642004013, "var": 309.620544434}, "dissonance": {"dmean": 0.018973371014, "dmean2": 0.0316557846963, "dvar": 0.000414996204199, "dvar2": 0.0011422582902, "max": 0.499978631735, "mean": 0.456493675709, "median": 0.468793153763, "min": 0.267192810774, "var": 0.00136991811451}, "dynamic_complexity": 3.41628170013, "erbbands_crest": {"dmean": 2.09281849861, "dmean2": 3.25824379921, "dvar": 4.16821718216, "dvar2": 10.2607564926, "max": 30.5548553467, "mean": 9.00864219666, "median": 7.91324901581, "min": 2.20520591736, "var": 20.3234157562}, "erbbands_flatness_db": {"dmean": 0.0103940451518, "dmean2": 0.0156836081296, "dvar": 0.000111177556391, "dvar2": 0.00024185141956, "max": 0.324975907803, "mean": 0.161579012871, "median": 0.160848483443, "min": 0.0286376811564, "var": 0.0021605535876}, "erbbands_kurtosis": {"dmean": 0.715082883835, "dmean2": 1.11533737183, "dvar": 2.16105794907, "dvar2": 5.26263809204, "max": 47.4511795044, "mean": 0.380721598864, "median": -0.257066488266, "min": -1.70587658882, "var": 5.75596427917}, "erbbands_skewness": {"dmean": 0.276984661818, "dmean2": 0.409904778004, "dvar": 0.0815703943372, "dvar2": 0.177035585046, "max": 6.14968633652, "mean": 0.171699225903, "median": 0.0298870950937, "min": -2.19558405876, "var": 0.622516810894}, "erbbands_spread": {"dmean": 4.98567676544, "dmean2": 7.69769859314, "dvar": 20.0138893127, "dvar2": 47.4544487, "max": 129.592651367, "mean": 35.3716964722, "median": 34.5206871033, "min": 3.13554549217, "var": 249.453323364}, "hfc": {"dmean": 4.09554386139, "dmean2": 6.43426561356, "dvar": 116.676750183, "dvar2": 324.410003662, "max": 261.529449463, "mean": 26.3504276276, "median": 13.2814846039, "min": 1.19324390016e-16, "var": 921.014648438}, "melbands_crest": {"dmean": 2.3084628582, "dmean2": 3.57004261017, "dvar": 5.21022939682, "dvar2": 12.0492391586, "max": 31.3316078186, "mean": 13.2570486069, "median": 12.3596982956, "min": 1.62726485729, "var": 28.4221458435}, "melbands_flatness_db": {"dmean": 0.0169571842998, "dmean2": 0.0249401908368, "dvar": 0.000325224915287, "dvar2": 0.000662683858536, "max": 0.473094850779, "mean": 0.184798642993, "median": 0.18103313446, "min": 0.00408482039347, "var": 0.00787220336497}, "melbands_kurtosis": {"dmean": 3.46757459641, "dmean2": 5.12351369858, "dvar": 38.8005447388, "dvar2": 86.8863143921, "max": 186.10055542, "mean": 8.4644985199, "median": 4.18203783035, "min": -1.67754149437, "var": 170.595748901}, "melbands_skewness": {"dmean": 0.453374832869, "dmean2": 0.669015169144, "dvar": 0.218178883195, "dvar2": 0.453128516674, "max": 8.87416648865, "mean": 2.15932869911, "median": 1.90178072453, "min": -1.11674833298, "var": 1.67160260677}, "melbands_spread": {"dmean": 5.62535858154, "dmean2": 8.61659812927, "dvar": 46.0405502319, "dvar2": 117.749252319, "max": 176.582092285, "mean": 31.1048088074, "median": 25.4841938019, "min": 0.579851925373, "var": 563.654724121}, "pitch_salience": {"dmean": 0.0509412139654, "dmean2": 0.0794326215982, "dvar": 0.00228369585238, "dvar2": 0.00523186009377, "max": 0.873796403408, "mean": 0.506449818611, "median": 0.519102871418, "min": 0.11452421546, "var": 0.0139777837321}, "silence_rate_20dB": {"dmean": 0, "dmean2": 0, "dvar": 0, "dvar2": 0, "max": 1, "mean": 1, "median": 1, "min": 1, "var": 0}, "silence_rate_30dB": {"dmean": 0.000606918882113, "dmean2": 0.00121396058239, "dvar": 0.000606585119385, "dvar2": 0.00141493522096, "max": 1, "mean": 0.999292016029, "median": 1, "min": 0, "var": 0.000707488507032}, "silence_rate_60dB": {"dmean": 0.0186121780425, "dmean2": 0.0372281223536, "dvar": 0.0182637795806, "dvar2": 0.039687499404, "max": 1, "mean": 0.0817234739661, "median": 0, "min": 0, "var": 0.0750488564372}, "spectral_centroid": {"dmean": 172.064178467, "dmean2": 261.459442139, "dvar": 35798.5273438, "dvar2": 77966.2734375, "max": 10968.2324219, "mean": 1514.14782715, "median": 1509.50231934, "min": 176.649307251, "var": 672425.3125}, "spectral_complexity": {"dmean": 2.34533691406, "dmean2": 3.87678289413, "dvar": 6.1786904335, "dvar2": 15.3101081848, "max": 61, "mean": 20.7951850891, "median": 17, "min": 0, "var": 178.323577881}, "spectral_decrease": {"dmean": 1.03762687331e-09, "dmean2": 1.47701806341e-09, "dvar": 2.02314563914e-18, "dvar2": 3.9323645197e-18, "max": 1.78610856032e-13, "mean": -5.30281107913e-09, "median": -4.52544046681e-09, "min": -3.02400025021e-08, "var": 1.73011492191e-17}, "spectral_energy": {"dmean": 0.00413627689704, "dmean2": 0.00589147768915, "dvar": 3.24330612784e-05, "dvar2": 6.33650342934e-05, "max": 0.119287319481, "mean": 0.0224040709436, "median": 0.0192312039435, "min": 1.05244968145e-20, "var": 0.000304578104988}, "spectral_energyband_high": {"dmean": 0.000359986035619, "dmean2": 0.000602817395702, "dvar": 1.92908146346e-06, "dvar2": 5.51214998268e-06, "max": 0.0321313738823, "mean": 0.00171985663474, "median": 0.000239699787926, "min": 7.36245432797e-21, "var": 8.76587637322e-06}, "spectral_energyband_low": {"dmean": 0.00145054969471, "dmean2": 0.00215866765939, "dvar": 1.19103751786e-05, "dvar2": 2.57753690676e-05, "max": 0.0743343159556, "mean": 0.00572217535228, "median": 0.00238657114096, "min": 5.18018513841e-23, "var": 7.30086758267e-05}, "spectral_energyband_middle_high": {"dmean": 0.00110289407894, "dmean2": 0.00164545804728, "dvar": 2.2746958166e-06, "dvar2": 4.67394329462e-06, "max": 0.031970448792, "mean": 0.00523344520479, "median": 0.00366518017836, "min": 1.33445245535e-21, "var": 2.3228887585e-05}, "spectral_energyband_middle_low": {"dmean": 0.00316162477247, "dmean2": 0.00440738582984, "dvar": 2.03908693948e-05, "dvar2": 3.86192768929e-05, "max": 0.0852364450693, "mean": 0.0107369404286, "median": 0.00747999874875, "min": 3.42868989232e-22, "var": 0.000108979606011}, "spectral_entropy": {"dmean": 0.115180119872, "dmean2": 0.173490077257, "dvar": 0.0191562585533, "dvar2": 0.0395876541734, "max": 9.80721950531, "mean": 7.40732288361, "median": 7.38836526871, "min": 5.04001426697, "var": 0.442839086056}, "spectral_flux": {"dmean": 0.012665277347, "dmean2": 0.0205551125109, "dvar": 0.000233139697229, "dvar2": 0.000547689152882, "max": 0.245440423489, "mean": 0.0558705665171, "median": 0.0510645397007, "min": 1.0258897204e-10, "var": 0.000996902235784}, "spectral_kurtosis": {"dmean": 1.32631969452, "dmean2": 2.24515533447, "dvar": 2.42205357552, "dvar2": 6.63683986664, "max": 26.3580417633, "mean": 5.81561946869, "median": 3.87216997147, "min": -1.23065519333, "var": 19.7578544617}, "spectral_rms": {"dmean": 0.000422222277848, "dmean2": 0.000597766018473, "dvar": 2.27940262221e-07, "dvar2": 4.21105198711e-07, "max": 0.0107878576964, "mean": 0.00428599491715, "median": 0.00433152960613, "min": 3.20434108934e-12, "var": 3.48787671101e-06}, "spectral_rolloff": {"dmean": 377.329101562, "dmean2": 616.496643066, "dvar": 378102.5625, "dvar2": 945351.9375, "max": 19982.8125, "mean": 2359.69677734, "median": 1593.45703125, "min": 107.666015625, "var": 8137061.5}, "spectral_skewness": {"dmean": 0.166967898607, "dmean2": 0.27332469821, "dvar": 0.031564515084, "dvar2": 0.0775816589594, "max": 4.19939899445, "mean": 1.73033022881, "median": 1.3741196394, "min": -0.0105595448986, "var": 0.51741206646}, "spectral_spread": {"dmean": 261756.21875, "dmean2": 418686.96875, "dvar": 161604993024, "dvar2": 259328983040, "max": 40911936, "mean": 4527766.5, "median": 4020779.25, "min": 2341232.75, "var": 2726381223940.0}, "spectral_strongpeak": {"dmean": 0.402231127024, "dmean2": 0.670960187912, "dvar": 0.485344439745, "dvar2": 1.18788564205, "max": 9.26935005188, "mean": 0.903116464615, "median": 0.586648583412, "min": 0, "var": 0.804918110371}, "zerocrossingrate": {"dmean": 0.00709361117333, "dmean2": 0.0084745073691, "dvar": 8.07130418252e-05, "dvar2": 9.34073032113e-05, "max": 0.85693359375, "mean": 0.0826474875212, "median": 0.06005859375, "min": 0.00390625, "var": 0.00925894919783}, "barkbands": {"dmean": [1.56220676217e-06, 0.000702512683347, 0.000697256880812, 0.000623954692855, 0.00128491432406, 0.00164840382058, 0.000185085489647, 0.00014178280253, 0.00063047936419, 0.000300724059343, 0.000443534780061, 9.24201522139e-05, 0.000276790757198, 0.000206212687772, 0.00026350832195, 0.000312784221023, 0.000289334653644, 0.000156233771122, 0.000179744456545, 0.000146114034578, 0.000130717744469, 0.000117638366646, 7.69405814935e-05, 0.000105222272396, 5.72005919821e-05, 1.7957896489e-05, 2.52440804616e-06], "dmean2": [2.65929202214e-06, 0.00108236540109, 0.00108994229231, 0.000923975661863, 0.00186071172357, 0.00225442298688, 0.000286150345346, 0.000206676704693, 0.000938855751883, 0.000418374169385, 0.000637030578218, 0.0001436494058, 0.000442885037046, 0.000331652292516, 0.000428523984738, 0.000502852664795, 0.000478281115647, 0.000249644363066, 0.000299876788631, 0.000246518931817, 0.000223747847485, 0.000199147048988, 0.000130712709506, 0.000176463465323, 9.45000501815e-05, 2.8170976293e-05, 4.60256296719e-06], "dvar": [1.33541537203e-11, 6.54277937429e-06, 3.14670455737e-06, 2.70363580057e-06, 7.33025581212e-06, 1.23378604258e-05, 1.32207532033e-07, 8.43065635081e-08, 9.8478358268e-07, 3.7651145135e-07, 7.24696747056e-07, 2.29810659391e-08, 1.69538964201e-07, 2.10406440715e-07, 1.65343422509e-07, 3.20951045296e-07, 1.95872061681e-07, 6.22468832034e-08, 7.15277082008e-08, 9.0781703932e-08, 2.20207695634e-07, 9.73876197463e-08, 5.73422660466e-08, 1.08879262939e-07, 3.82132441246e-08, 3.09378789254e-09, 3.35981326094e-10], "dvar2": [3.49188872262e-11, 1.38047716973e-05, 7.8701732491e-06, 6.27247891316e-06, 1.3435152141e-05, 2.07558496186e-05, 3.08496538537e-07, 1.65411350395e-07, 2.17839851757e-06, 7.39677034289e-07, 1.39287055845e-06, 5.11158475547e-08, 4.06501669659e-07, 4.56021609807e-07, 4.22683939405e-07, 8.16871477127e-07, 5.28624241269e-07, 1.60060011467e-07, 1.94622671756e-07, 2.55886845935e-07, 6.24127494575e-07, 2.87084162665e-07, 1.60793021564e-07, 3.0243825222e-07, 1.05015111274e-07, 7.34305327654e-09, 9.88742976382e-10], "max": [8.52657176438e-05, 0.0565531775355, 0.039443731308, 0.0283705834299, 0.0821953415871, 0.0801948979497, 0.0102788452059, 0.00624913815409, 0.0170553773642, 0.0172251258045, 0.0194977559149, 0.00329028000124, 0.00972816254944, 0.00944913737476, 0.00876714009792, 0.010830280371, 0.00619558896869, 0.00615176511928, 0.00424689194188, 0.00799203570932, 0.0106552131474, 0.00673522055149, 0.00636868085712, 0.00658758776262, 0.00382349616848, 0.00198283162899, 0.000472417043056], "mean": [2.13509565583e-06, 0.00312669505365, 0.00183595030103, 0.00128331652377, 0.00383811094798, 0.0031194400508, 0.000417354953242, 0.000410301669035, 0.00119294726755, 0.000653239665553, 0.000909857684746, 0.000200735754333, 0.000533501268364, 0.00036863895366, 0.000537127896678, 0.000617625250015, 0.000621648447122, 0.00034968109685, 0.000438227900304, 0.000384024140658, 0.000328905734932, 0.000336784287356, 0.000249147851719, 0.000367118336726, 0.00020734728605, 7.13734771125e-05, 2.84626867142e-06], "median": [4.82918494527e-07, 0.000754454056732, 0.000622508872766, 0.000344824802596, 0.0015399705153, 0.000781826733146, 0.000190236067283, 0.000175636028871, 0.000663123326376, 0.000233627244597, 0.000425816717325, 0.000117178577057, 0.000304202199914, 0.00010537559865, 0.000293153250823, 0.000244904629653, 0.000353522307705, 0.000143109937198, 0.000265052658506, 0.000164284050697, 7.23080229363e-05, 4.98737645103e-05, 7.5122020462e-06, 5.32914828e-06, 3.52056781594e-06, 2.23246524911e-06, 7.4460911037e-07], "min": [1.28620836034e-23, 1.52943042795e-23, 2.53546395152e-23, 8.14235483984e-24, 7.43586347713e-23, 6.69251858396e-23, 6.40818597691e-23, 8.90549651297e-24, 8.49784822258e-23, 8.72346749018e-23, 5.85683215759e-23, 1.01659381518e-22, 2.49400631328e-23, 1.04337248747e-22, 1.69787390911e-22, 1.53293912349e-22, 1.54331674647e-22, 1.46775661974e-22, 1.96166382089e-22, 4.42951734412e-22, 3.64098712939e-22, 4.59862185917e-22, 6.38789925121e-22, 1.04794675738e-21, 1.31798093867e-21, 1.5167136052e-21, 1.91537386687e-21], "var": [1.94800685999e-11, 4.0509406972e-05, 9.98664654617e-06, 7.08137486072e-06, 4.99159468745e-05, 4.472949513e-05, 4.73651709854e-07, 4.352540941e-07, 2.38049960899e-06, 1.33089690735e-06, 2.14365286411e-06, 7.41362455869e-08, 5.14514965744e-07, 4.86930446186e-07, 4.63309106635e-07, 8.19475133085e-07, 5.67479332858e-07, 2.15421664507e-07, 2.68056680852e-07, 3.07339121264e-07, 3.7960330701e-07, 3.40298186075e-07, 2.03553298661e-07, 5.55858036932e-07, 1.86276707836e-07, 2.60565027332e-08, 2.101102764e-10]}, "erbbands": {"dmean": [0.00910823792219, 0.196194604039, 0.705273449421, 1.52154779434, 1.84524810314, 5.64492559433, 9.87444019318, 13.6519212723, 3.66099905968, 2.86207509041, 3.04226493835, 17.9790859222, 11.9684000015, 3.93317246437, 21.2545700073, 4.41706418991, 12.8392705917, 10.2266454697, 13.420466423, 11.1411857605, 14.327252388, 14.4792346954, 9.53861236572, 8.91380023956, 9.06987285614, 6.29317760468, 5.16546106339, 5.76406049728, 4.60330533981, 2.59757351875, 2.43017792702, 2.28834557533, 2.0978884697, 0.826404333115, 0.361151486635, 0.11523745954, 0.0271713063121, 0.00446278555319, 0.000308034592308, 1.76086341526e-05], "dmean2": [0.014161019586, 0.301445245743, 1.09816896915, 2.23365902901, 2.88048911095, 8.21864032745, 14.1093873978, 18.8333034515, 5.60034275055, 4.38383245468, 4.50951385498, 26.8090133667, 16.8373203278, 5.71644496918, 30.4500541687, 6.64830303192, 20.6356086731, 16.4198303223, 21.6346473694, 18.2721405029, 23.1113948822, 23.6863040924, 15.0769968033, 14.838054657, 15.1683769226, 10.6453847885, 8.62648773193, 10.0710105896, 7.80667972565, 4.22178506851, 4.19541454315, 3.88012456894, 3.53244614601, 1.34054744244, 0.609240293503, 0.181977018714, 0.0433664731681, 0.00765020260587, 0.000553658930585, 3.02349635604e-05], "dvar": [0.00145418697502, 0.468494951725, 3.50637531281, 12.5976781845, 22.5970020294, 162.637466431, 351.098815918, 746.433044434, 58.536403656, 34.4922332764, 20.8987598419, 845.401245117, 535.820495605, 37.8079299927, 1858.49682617, 47.6106834412, 380.229644775, 492.149261475, 373.831329346, 382.007263184, 627.771606445, 521.527709961, 230.799636841, 194.707641602, 239.767089844, 153.384841919, 146.548309326, 557.637207031, 150.591751099, 49.0727615356, 61.0185470581, 54.5720291138, 39.593372345, 8.05178928375, 1.05127620697, 0.127388477325, 0.00773515505716, 0.00063454080373, 5.59979116588e-06, 1.34611486402e-08], "dvar2": [0.00302625168115, 0.993948161602, 8.8800201416, 29.3923015594, 53.5564918518, 321.604125977, 688.656494141, 1209.92224121, 129.192962646, 74.9969558716, 44.1391868591, 1908.86682129, 1036.21228027, 77.9680099487, 3586.01318359, 100.856773376, 922.442260742, 1082.33300781, 943.739196777, 1009.03265381, 1591.80371094, 1345.94042969, 583.825805664, 519.09362793, 654.99798584, 436.716278076, 385.696563721, 1651.67456055, 437.888519287, 126.339576721, 179.670440674, 161.448348999, 108.189796448, 20.9998588562, 3.02831339836, 0.303389161825, 0.0192255564034, 0.00179585895967, 1.64305220096e-05, 3.96238775124e-08], "max": [0.834950506687, 15.3447809219, 41.6152496338, 79.1606216431, 103.007484436, 350.167388916, 373.126159668, 590.742858887, 191.95401001, 108.726837158, 101.221977234, 489.454223633, 673.390197754, 142.400527954, 978.893371582, 171.992904663, 488.656280518, 467.617980957, 351.239471436, 334.724334717, 401.187835693, 381.811828613, 222.405761719, 330.60144043, 382.191986084, 259.15145874, 256.565124512, 546.988464355, 223.890472412, 210.857452393, 208.560089111, 152.410446167, 146.911392212, 57.6990852356, 20.4480228424, 15.1230211258, 2.12140226364, 0.717587769032, 0.0607040412724, 0.0039384458214], "mean": [0.034608785063, 0.871975660324, 2.28320121765, 3.58658099174, 4.01031017303, 16.2147026062, 23.9889030457, 26.2206249237, 8.24863529205, 8.19334125519, 8.33224487305, 33.7895126343, 26.3098335266, 10.5573186874, 43.7679519653, 11.3927736282, 25.0659332275, 20.3481082916, 28.6790008545, 25.5796318054, 33.7554359436, 32.1051368713, 22.8967494965, 20.5807247162, 22.6438827515, 17.2726726532, 13.9706878662, 13.4880685806, 12.4143724442, 8.1630525589, 7.62190818787, 7.20443725586, 6.16716432571, 2.77202796936, 1.26233494282, 0.460140615702, 0.1032807827, 0.0107761407271, 0.000447593687568, 5.44013091712e-05], "median": [0.0128038851544, 0.221757531166, 0.673781454563, 1.26401793957, 2.0992474556, 6.00334215164, 8.86007022858, 7.10825252533, 4.20588970184, 4.07316970825, 5.42380857468, 18.9259090424, 10.7828798294, 6.97941732407, 19.1643047333, 7.1893286705, 14.4297847748, 9.29004096985, 18.1823310852, 9.99418258667, 15.0903425217, 19.7329826355, 11.5507984161, 11.566277504, 10.9337072372, 7.948741436, 4.41834545135, 3.03539943695, 1.88775730133, 0.509230971336, 0.217032134533, 0.128833428025, 0.0681067332625, 0.041921287775, 0.0236940663308, 0.010865858756, 0.00386260356754, 0.000943748629652, 8.11579739093e-05, 3.3891217754e-05], "min": [2.93130488743e-22, 4.44663782196e-21, 2.62201326154e-20, 3.01205864716e-20, 5.00976638867e-20, 2.11524028378e-19, 9.41360591804e-19, 3.04806465601e-19, 9.90854943756e-19, 3.93117250074e-19, 6.01956857644e-19, 1.84947989672e-18, 2.68637760672e-18, 2.68842032924e-18, 1.55351053764e-18, 4.49271155589e-18, 1.86502923787e-18, 3.48099522049e-18, 5.10557339405e-18, 1.29640518431e-17, 7.37658577169e-18, 9.22594407286e-18, 6.84621327935e-18, 1.27573882117e-17, 9.86565991601e-18, 2.29404001056e-17, 1.12624362712e-17, 1.9427359081e-17, 1.69868139689e-17, 1.80387610606e-17, 1.73437672186e-17, 1.95349868593e-17, 1.83173571453e-17, 1.61734853229e-17, 8.32580613028e-18, 5.38943406972e-18, 2.71876379565e-18, 9.42185704465e-19, 2.57557417873e-19, 3.47995142195e-20], "var": [0.00375543697737, 3.14275074005, 15.6267938614, 39.8702316284, 47.8612365723, 937.122192383, 1547.13525391, 2852.33642578, 167.261505127, 146.037353516, 87.6176223755, 1914.56335449, 1979.09619141, 130.753067017, 5519.26757812, 190.995880127, 1156.22680664, 1141.73986816, 1048.78271484, 1245.20166016, 2043.9630127, 1458.87988281, 849.021240234, 622.135864258, 933.306274414, 537.522277832, 454.584564209, 745.669311523, 471.70980835, 219.458053589, 188.259902954, 200.830032349, 169.436553955, 35.3440361023, 6.41219234467, 1.01954448223, 0.0598995648324, 0.00093767704675, 3.82469806937e-06, 9.97881244302e-09]}, "gfcc": {"mean": [-17.6667823792, 81.0350341797, -121.402854919, 22.9636459351, -53.7828903198, 7.88395023346, -41.4873466492, 4.44423055649, -29.4157352448, -0.739990830421, -19.9213542938, 1.4819470644, -7.62818050385], "cov": [[20675.7714844, 446.44921875, -1443.38586426, 1901.86120605, -1093.92602539, 854.350524902, -741.896484375, 584.597961426, -419.046386719, 302.285064697, -300.81539917, 273.165130615, 21.7409629822], [446.44921875, 1966.76208496, -81.1960372925, -377.631744385, 275.013641357, -375.482208252, 145.933853149, -176.898086548, 18.3405418396, -39.5114822388, 16.7068805695, -50.5520629883, -52.4573936462], [-1443.38586426, -81.1960372925, 673.337524414, -99.4138717651, 105.234291077, 83.6277694702, 21.5399112701, -34.0881538391, 18.5658168793, -36.4421081543, 13.8115882874, -48.1901855469, -15.7809944153], [1901.86120605, -377.631744385, -99.4138717651, 767.420410156, -61.0286331177, 244.090759277, 58.0663642883, 184.325836182, 0.261317104101, 89.1359710693, -27.9727554321, 28.8271141052, 18.8591060638], [-1093.92602539, 275.013641357, 105.234291077, -61.0286331177, 299.116943359, -19.4659099579, 117.029533386, -29.0603694916, 49.190574646, -31.2331199646, -7.01888465881, -29.8310203552, -25.1385955811], [854.350524902, -375.482208252, 83.6277694702, 244.090759277, -19.4659099579, 338.186645508, 3.17426919937, 131.109680176, 12.5116930008, 23.9169940948, -7.87620973587, 13.0944623947, -10.6024255753], [-741.896484375, 145.933853149, 21.5399112701, 58.0663642883, 117.029533386, 3.17426919937, 190.961227417, 42.5038452148, 53.5427627563, 20.1883716583, 18.0026607513, -18.8028297424, -9.21441555023], [584.597961426, -176.898086548, -34.0881538391, 184.325836182, -29.0603694916, 131.109680176, 42.5038452148, 155.430969238, 46.6600036621, 42.7577896118, -0.435637325048, 24.5326595306, 17.0235996246], [-419.046386719, 18.3405418396, 18.5658168793, 0.261317104101, 49.190574646, 12.5116930008, 53.5427627563, 46.6600036621, 94.143989563, 35.1782836914, 23.6495571136, 3.85209751129, 7.80638647079], [302.285064697, -39.5114822388, -36.4421081543, 89.1359710693, -31.2331199646, 23.9169940948, 20.1883716583, 42.7577896118, 35.1782836914, 92.5640335083, 35.3497848511, 24.0500221252, 19.1547527313], [-300.81539917, 16.7068805695, 13.8115882874, -27.9727554321, -7.01888465881, -7.87620973587, 18.0026607513, -0.435637325048, 23.6495571136, 35.3497848511, 88.5762710571, 36.7698326111, 16.8031902313], [273.165130615, -50.5520629883, -48.1901855469, 28.8271141052, -29.8310203552, 13.0944623947, -18.8028297424, 24.5326595306, 3.85209751129, 24.0500221252, 36.7698326111, 76.4562988281, 47.4248809814], [21.7409629822, -52.4573936462, -15.7809944153, 18.8591060638, -25.1385955811, -10.6024255753, -9.21441555023, 17.0235996246, 7.80638647079, 19.1547527313, 16.8031902313, 47.4248809814, 79.7507019043]], "icov": [[0.000318102218444, -0.000593941833358, 0.000318062084261, -0.000508448574692, 0.000594856508542, -0.000752663007006, 0.00130697095301, -0.000799997185823, 0.000973127083853, -0.000848553900141, 0.000992203014903, -0.000738684320822, 0.000453769229352], [-0.000593941833358, 0.00190932000987, -0.000470586033771, 0.00112091633491, -0.00169015489519, 0.0020931859035, -0.00284028542228, 0.00161778391339, -0.00154991471209, 0.00130833790172, -0.00185562670231, 0.00121255242266, -0.0003609835112], [0.000318062084261, -0.000470586033771, 0.00229761516675, -0.000252332858508, -2.8612666938e-05, -0.00177312013693, 0.001439747517, -0.000104067912616, 0.000712951703463, -0.000305380555801, -0.000232157341088, 0.00138895784039, -0.000711594359018], [-0.000508448574692, 0.00112091633491, -0.000252332858508, 0.00328140589409, -0.00112593080848, 0.000293220218737, -0.00297160889022, -0.000355478812708, 0.000420900207246, -0.000873175333254, -0.000346369924955, 0.00103985227179, -0.000910243077669], [0.000594856508542, -0.00169015489519, -2.8612666938e-05, -0.00112593080848, 0.00774512579665, -0.0025375969708, -0.0012705802219, 0.00190241599921, -0.00231634499505, 0.000976641895249, 0.0039953943342, -0.00351950735785, 0.00178109668195], [-0.000752663007006, 0.0020931859035, -0.00177312013693, 0.000293220218737, -0.0025375969708, 0.00835437886417, -0.00186212814879, -0.00319346552715, -0.000773914041929, 0.00211396254599, -0.00293737556785, 0.000726825965103, 0.00169381347951], [0.00130697095301, -0.00284028542228, 0.001439747517, -0.00297160889022, -0.0012705802219, -0.00186212814879, 0.0154469627887, -0.00751764979213, 0.00320978695527, -0.0038386057131, 5.56554077775e-05, 0.00194986746646, 0.000941001810133], [-0.000799997185823, 0.00161778391339, -0.000104067912616, -0.000355478812708, 0.00190241599921, -0.00319346552715, -0.00751764979213, 0.020326089114, -0.0112319774926, 0.00189524842426, 0.00225265417248, -0.00319645483978, -0.00161617819685], [0.000973127083853, -0.00154991471209, 0.000712951703463, 0.000420900207246, -0.00231634499505, -0.000773914041929, 0.00320978695527, -0.0112319774926, 0.0237069670111, -0.0091936243698, -0.000593810284045, 0.00151647615712, -0.000196899592993], [-0.000848553900141, 0.00130833790172, -0.000305380555801, -0.000873175333254, 0.000976641895249, 0.00211396254599, -0.0038386057131, 0.00189524842426, -0.0091936243698, 0.0214507952332, -0.0087685296312, 0.0020875625778, -0.00266731530428], [0.000992203014903, -0.00185562670231, -0.000232157341088, -0.000346369924955, 0.0039953943342, -0.00293737556785, 5.56554077775e-05, 0.00225265417248, -0.000593810284045, -0.0087685296312, 0.0240796264261, -0.015471550636, 0.00523045007139], [-0.000738684320822, 0.00121255242266, 0.00138895784039, 0.00103985227179, -0.00351950735785, 0.000726825965103, 0.00194986746646, -0.00319645483978, 0.00151647615712, 0.0020875625778, -0.015471550636, 0.0341090373695, -0.0167507287115], [0.000453769229352, -0.0003609835112, -0.000711594359018, -0.000910243077669, 0.00178109668195, 0.00169381347951, 0.000941001810133, -0.00161617819685, -0.000196899592993, -0.00266731530428, 0.00523045007139, -0.0167507287115, 0.0230116322637]]}, "melbands": {"dmean": [0.000143176701386, 0.000327118352288, 0.000269108626526, 0.000231016194448, 0.000352088973159, 0.000306970847305, 4.93489860673e-05, 3.20926956192e-05, 3.32367017108e-05, 0.000112733716378, 5.78059007239e-05, 1.42751332532e-05, 6.07734727964e-05, 2.71780445473e-05, 1.90577047761e-05, 2.65984890575e-05, 2.17300766963e-05, 2.14261399378e-05, 1.63840049936e-05, 2.53550333582e-05, 1.55807229021e-05, 1.9585912014e-05, 1.06264023998e-05, 7.2404632192e-06, 8.22062611405e-06, 7.46868181523e-06, 6.53754614177e-06, 4.02240448238e-06, 3.73042462343e-06, 3.89289425584e-06, 3.66440440303e-06, 3.37044230037e-06, 1.93148002836e-06, 1.58768546044e-06, 1.61690445566e-06, 1.61579623636e-06, 1.59223770879e-06, 1.97237295652e-06, 9.38454149946e-07, 7.39585800602e-07], "dmean2": [0.000222760107135, 0.000495592772495, 0.000397603056626, 0.000346796790836, 0.000491814804263, 0.0004201506963, 7.69014732214e-05, 4.86039025418e-05, 4.93920488225e-05, 0.000168060490978, 8.116918616e-05, 2.12117301999e-05, 8.79451981746e-05, 3.88046937587e-05, 3.04843542835e-05, 4.26410333603e-05, 3.50637710653e-05, 3.4589877032e-05, 2.63434976659e-05, 4.10988031945e-05, 2.53628313658e-05, 3.2298376027e-05, 1.73051357706e-05, 1.15537231977e-05, 1.37662582347e-05, 1.25770402519e-05, 1.11152185127e-05, 6.79139066051e-06, 6.19482307229e-06, 6.73242902849e-06, 6.43454359306e-06, 5.78886465519e-06, 3.20323215419e-06, 2.55820532402e-06, 2.79465371023e-06, 2.7616481475e-06, 2.76927676168e-06, 3.32218496624e-06, 1.63652873653e-06, 1.21701225453e-06], "dvar": [3.11272742692e-07, 7.50621666157e-07, 3.86770580008e-07, 2.09401889606e-07, 4.15615886595e-07, 3.89510233845e-07, 1.11579012696e-08, 4.70555061582e-09, 2.80848899692e-09, 3.31802496589e-08, 1.33657280799e-08, 6.13676720551e-10, 1.3458703485e-08, 2.96089730512e-09, 1.10508280304e-09, 1.52238965878e-09, 2.63422039737e-09, 9.14501974147e-10, 9.85022174937e-10, 2.17468332231e-09, 7.91100795983e-10, 1.03347719271e-09, 3.05460490235e-10, 1.41902892214e-10, 1.70547728717e-10, 1.52072479609e-10, 2.00599079014e-10, 5.48753854857e-11, 4.90213182547e-11, 1.97166394322e-10, 1.94491756034e-10, 8.19192907953e-11, 2.04128658421e-11, 1.78789760774e-11, 2.46067662774e-11, 2.40536531665e-11, 2.82065291263e-11, 3.52459277042e-11, 9.35935877411e-12, 5.63044662977e-12], "dvar2": [6.56770964724e-07, 1.72614272742e-06, 8.94433071608e-07, 4.74340765777e-07, 7.38999744954e-07, 6.2638844156e-07, 2.51913565563e-08, 9.79656622491e-09, 6.07065508973e-09, 7.40411962852e-08, 2.59777497291e-08, 1.28023958101e-09, 2.61030503879e-08, 5.69215163893e-09, 2.61322186113e-09, 3.68778829696e-09, 5.79439429771e-09, 2.28775309807e-09, 2.4775017593e-09, 5.70222669083e-09, 2.07203143532e-09, 2.66764876855e-09, 8.41155423092e-10, 3.61984497932e-10, 4.5466458376e-10, 4.13124701115e-10, 5.53119328117e-10, 1.54140339381e-10, 1.25529822648e-10, 5.66816149572e-10, 5.76229397531e-10, 2.43085496177e-10, 5.33105365408e-11, 4.60289653614e-11, 7.22038609458e-11, 7.02098656991e-11, 8.54698672947e-11, 9.61092802565e-11, 2.66982720654e-11, 1.39787010092e-11], "max": [0.0124863339588, 0.02170528844, 0.0110488766804, 0.0100728748366, 0.0164334569126, 0.0138969225809, 0.0026671087835, 0.00139215542004, 0.0011698633898, 0.00333553506061, 0.00333865336142, 0.000520790577866, 0.00263919960707, 0.00128697184846, 0.000886411697138, 0.000834182021208, 0.00107375474181, 0.000547733041458, 0.000950872374233, 0.000921740953345, 0.000414788315538, 0.000534043530934, 0.000261446024524, 0.000231211801292, 0.000279759813566, 0.000254054932157, 0.000500019814353, 0.000147486091009, 0.000102720005088, 0.000344709609635, 0.000303890934447, 0.000159325252753, 0.000105431012344, 0.000106270621473, 0.000158134847879, 0.000100367768027, 0.000106773652078, 0.000138395524118, 6.03828048042e-05, 4.3728894525e-05], "mean": [0.000604632718023, 0.00127096904907, 0.000622009916697, 0.000633613555692, 0.000954425835516, 0.000584385474212, 0.000108565152914, 9.22952312976e-05, 7.95907471911e-05, 0.000209839941817, 0.0001238273544, 3.40112273989e-05, 0.000123959340272, 5.90733034187e-05, 3.58229444828e-05, 5.09475285071e-05, 3.77308424504e-05, 4.41017800767e-05, 3.41962841048e-05, 4.68255784654e-05, 3.57550525223e-05, 3.84966624551e-05, 2.26030388149e-05, 1.6441952539e-05, 1.64909088198e-05, 1.60222334671e-05, 1.57430113177e-05, 1.01132272903e-05, 9.05411889107e-06, 8.04345199867e-06, 7.75057287683e-06, 7.76420165494e-06, 5.25454061062e-06, 4.18364106736e-06, 4.32627621194e-06, 4.34852336184e-06, 4.33016975876e-06, 5.16957425134e-06, 2.57493024947e-06, 2.21319623961e-06], "median": [0.000175615190528, 0.000390031433199, 0.0002494881046, 0.000303612789139, 0.000363247992937, 0.000147490107338, 4.68003599963e-05, 4.1544863052e-05, 4.44569741376e-05, 0.000119399046525, 4.5864515414e-05, 1.74565266207e-05, 5.83960027143e-05, 2.78057705145e-05, 1.57905706146e-05, 3.10388422804e-05, 1.12242032628e-05, 2.8192269383e-05, 1.41185491884e-05, 1.81938557944e-05, 1.40933725561e-05, 2.15452637349e-05, 9.88894316833e-06, 6.37635866951e-06, 8.37769493955e-06, 7.32205808163e-06, 6.72350506647e-06, 4.73365253129e-06, 3.01204477182e-06, 1.89554111785e-06, 1.58053501309e-06, 1.15541297419e-06, 5.67366271298e-07, 1.71099685531e-07, 1.34825597797e-07, 7.66187824297e-08, 7.44972155076e-08, 4.81558508625e-08, 3.76371716015e-08, 3.41836603468e-08], "min": [4.3456099015e-24, 1.12022050851e-23, 5.63109661189e-24, 6.81453706443e-24, 2.8468642695e-23, 8.2187260418e-24, 1.46827572177e-23, 3.5818584389e-24, 7.84160083087e-24, 1.11050458206e-23, 1.34840751836e-23, 1.0977357639e-23, 6.04114335498e-24, 8.00657057881e-24, 1.04202348799e-23, 3.43076909301e-24, 6.85661096081e-24, 8.23260841601e-24, 1.34207438524e-23, 1.5355841741e-23, 7.05876524524e-24, 9.02308175292e-24, 7.27209532212e-24, 7.66892470074e-24, 1.08322056547e-23, 6.30880149353e-24, 8.07307786401e-24, 1.8128567916e-23, 6.38472067819e-24, 8.53759387488e-24, 1.19590942467e-23, 8.84569612319e-24, 9.49153812402e-24, 1.08338725178e-23, 9.44576999202e-24, 8.82762253099e-24, 1.44831517428e-23, 1.26698610777e-23, 1.31199133239e-23, 1.44134164388e-23], "var": [1.33877813369e-06, 5.06802416567e-06, 1.07304151697e-06, 9.43460008784e-07, 2.51672190643e-06, 1.48633580466e-06, 3.44090054227e-08, 2.18437072874e-08, 1.06106403663e-08, 7.26595246192e-08, 4.86164601909e-08, 2.01583394421e-09, 3.96182642248e-08, 9.37731226003e-09, 3.45841932869e-09, 4.1121062111e-09, 5.70941072198e-09, 2.47912401719e-09, 2.78751755012e-09, 4.99197350123e-09, 2.44575204533e-09, 2.45430231693e-09, 8.29916746437e-10, 4.91572560435e-10, 4.49561055049e-10, 4.61064797452e-10, 6.43803510503e-10, 1.7895314397e-10, 1.68979399917e-10, 2.77360828749e-10, 2.49396781005e-10, 1.96918162332e-10, 8.89963033823e-11, 6.33834165709e-11, 6.21435056192e-11, 7.02142580189e-11, 8.01804386774e-11, 1.25734977985e-10, 3.22577867196e-11, 2.33816802725e-11]}, "mfcc": {"mean": [-655.935546875, 116.686523438, -10.0744409561, 18.5656814575, 4.61012744904, 3.36149454117, -2.16420412064, -1.35686480999, -1.16541481018, -4.10972738266, -7.58452796936, -5.41382646561, -5.83834934235], "cov": [[12248.7089844, -2114.06762695, 218.523040771, 731.546020508, 192.90586853, 331.025817871, 181.85975647, 343.418334961, 234.465026855, 242.753356934, -15.9959697723, 106.50692749, 98.620513916], [-2114.06762695, 2250.36010742, -246.735458374, -15.078578949, -49.047618866, -53.7208061218, -42.611000061, -136.188720703, -43.3309516907, -111.566497803, 21.9616966248, -16.032333374, -28.2734928131], [218.523040771, -246.735458374, 468.895812988, -46.564743042, 98.3643722534, 51.588432312, 53.0633773804, 49.2317352295, -12.1962375641, 46.4548225403, 10.6672325134, 9.74155139923, -26.5744419098], [731.546020508, -15.078578949, -46.564743042, 395.179840088, -8.05224609375, 70.2805709839, 75.9069824219, 32.282245636, 81.4770355225, 35.8679847717, 49.8952102661, 15.4492444992, 32.6002426147], [192.90586853, -49.047618866, 98.3643722534, -8.05224609375, 175.355773926, 76.7679748535, 24.4403514862, 55.0745506287, 33.504070282, 13.8940124512, -5.78618574142, 13.2718353271, -6.38199329376], [331.025817871, -53.7208061218, 51.588432312, 70.2805709839, 76.7679748535, 129.756607056, 69.6606445312, 51.9558486938, 43.8053817749, 29.0591583252, 23.75897789, 31.4397277832, 19.5646076202], [181.85975647, -42.611000061, 53.0633773804, 75.9069824219, 24.4403514862, 69.6606445312, 116.552978516, 64.070892334, 37.9817695618, 34.4093513489, 27.7175006866, 23.7899055481, 26.5572910309], [343.418334961, -136.188720703, 49.2317352295, 32.282245636, 55.0745506287, 51.9558486938, 64.070892334, 124.365791321, 62.6208724976, 40.9228782654, 22.312210083, 28.25274086, 21.8289642334], [234.465026855, -43.3309516907, -12.1962375641, 81.4770355225, 33.504070282, 43.8053817749, 37.9817695618, 62.6208724976, 117.028465271, 53.9621429443, 21.1287937164, 19.1059207916, 20.1625328064], [242.753356934, -111.566497803, 46.4548225403, 35.8679847717, 13.8940124512, 29.0591583252, 34.4093513489, 40.9228782654, 53.9621429443, 101.883392334, 43.4804039001, 21.543340683, 27.2557964325], [-15.9959697723, 21.9616966248, 10.6672325134, 49.8952102661, -5.78618574142, 23.75897789, 27.7175006866, 22.312210083, 21.1287937164, 43.4804039001, 75.0481643677, 36.6269187927, 19.8564090729], [106.50692749, -16.032333374, 9.74155139923, 15.4492444992, 13.2718353271, 31.4397277832, 23.7899055481, 28.25274086, 19.1059207916, 21.543340683, 36.6269187927, 79.4064788818, 37.5227432251], [98.620513916, -28.2734928131, -26.5744419098, 32.6002426147, -6.38199329376, 19.5646076202, 26.5572910309, 21.8289642334, 20.1625328064, 27.2557964325, 19.8564090729, 37.5227432251, 92.3444137573]], "icov": [[0.000126443555928, 8.53147939779e-05, 1.00992347143e-05, -0.000279544183286, 3.49377260136e-05, -0.000216060769162, 0.000227323384024, -0.000279235071503, 0.000194834414287, -0.00029359725886, 0.000448797945864, -0.000194757492864, 6.82492318447e-05], [8.53147939779e-05, 0.000608877744526, 0.000243759423029, -5.85610723647e-05, -0.000258236570517, 7.78689063736e-05, -0.00028144477983, 0.000592840195168, -0.000245712435571, 0.000590798037592, -0.000566513335798, -1.04115124486e-05, 9.7906049632e-05], [1.00992347143e-05, 0.000243759423029, 0.00310729304329, 0.000279483298073, -0.00161505548749, 0.000178048197995, -0.00155005895067, -0.000115422575618, 0.00179750297684, -0.00183064292651, 6.97912983014e-05, -0.000352570612449, 0.00145921693183], [-0.000279544183286, -5.85610723647e-05, 0.000279483298073, 0.00438689673319, 0.000548834446818, -0.000789788435213, -0.00224721827544, 0.00195791223086, -0.00313489558175, 0.00197587534785, -0.003412241349, 0.00179215404205, -0.00069215480471], [3.49377260136e-05, -0.000258236570517, -0.00161505548749, 0.000548834446818, 0.0104651525617, -0.00672972714528, 0.00355144916102, -0.00361677352339, -0.00107278302312, 0.000111424393253, 0.00282676517963, -0.000401003053412, 0.000964203325566], [-0.000216060769162, 7.78689063736e-05, 0.000178048197995, -0.000789788435213, -0.00672972714528, 0.0175022948533, -0.0081304712221, 0.00222342275083, -0.00178303068969, 0.000996183371171, -0.00208473904058, -0.00250022020191, -0.000216457992792], [0.000227323384024, -0.00028144477983, -0.00155005895067, -0.00224721827544, 0.00355144916102, -0.0081304712221, 0.0187622029334, -0.00793264620006, 0.00184502324555, -0.00157549383584, 0.000699680997059, 0.000643630337436, -0.00188412284479], [-0.000279235071503, 0.000592840195168, -0.000115422575618, 0.00195791223086, -0.00361677352339, 0.00222342275083, -0.00793264620006, 0.0177781973034, -0.00723464647308, 0.00162338942755, -0.00306078488939, -0.0010544428369, -0.000699821335729], [0.000194834414287, -0.000245712435571, 0.00179750297684, -0.00313489558175, -0.00107278302312, -0.00178303068969, 0.00184502324555, -0.00723464647308, 0.0180579219013, -0.00896495673805, 0.00443850550801, -0.00154154829215, 0.0011991186766], [-0.00029359725886, 0.000590798037592, -0.00183064292651, 0.00197587534785, 0.000111424393253, 0.000996183371171, -0.00157549383584, 0.00162338942755, -0.00896495673805, 0.0209970213473, -0.0118621597067, 0.00367959286086, -0.00404833815992], [0.000448797945864, -0.000566513335798, 6.97912983014e-05, -0.003412241349, 0.00282676517963, -0.00208473904058, 0.000699680997059, -0.00306078488939, 0.00443850550801, -0.0118621597067, 0.0274694152176, -0.0106094619259, 0.00266772485338], [-0.000194757492864, -1.04115124486e-05, -0.000352570612449, 0.00179215404205, -0.000401003053412, -0.00250022020191, 0.000643630337436, -0.0010544428369, -0.00154154829215, 0.00367959286086, -0.0106094619259, 0.0214253570884, -0.00713720917702], [6.82492318447e-05, 9.7906049632e-05, 0.00145921693183, -0.00069215480471, 0.000964203325566, -0.000216457992792, -0.00188412284479, -0.000699821335729, 0.0011991186766, -0.00404833815992, 0.00266772485338, -0.00713720917702, 0.0155297033489]]}, "spectral_contrast_coeffs": {"dmean": [0.0421724542975, 0.0453015416861, 0.0363546386361, 0.0277613345534, 0.0199137702584, 0.015163927339], "dmean2": [0.0691988617182, 0.0732761919498, 0.0583090670407, 0.045845720917, 0.0325149595737, 0.0247812476009], "dvar": [0.0012133641867, 0.0014176138211, 0.000923889107071, 0.000474642001791, 0.000278112711385, 0.00019613619952], "dvar2": [0.00320988777094, 0.00348884658888, 0.00235046003945, 0.00127142108977, 0.000658963166643, 0.000451367261121], "max": [-0.194773063064, -0.340443491936, -0.488677889109, -0.558085501194, -0.585574388504, -0.617681086063], "mean": [-0.601770937443, -0.688934147358, -0.700329720974, -0.748623251915, -0.767821907997, -0.768582761288], "median": [-0.601430594921, -0.697293519974, -0.699424147606, -0.750741839409, -0.769586980343, -0.759808957577], "min": [-0.968039393425, -0.964715301991, -0.964384138584, -0.973320484161, -0.957022845745, -0.961810112], "var": [0.00927504710853, 0.0082883015275, 0.00426591886207, 0.00271326187067, 0.00286628655158, 0.00304686673917]}, "spectral_contrast_valleys": {"dmean": [0.359188377857, 0.319250255823, 0.271459192038, 0.227799594402, 0.181964755058, 0.137859582901], "dmean2": [0.604281306267, 0.532404065132, 0.447512000799, 0.368887335062, 0.288609951735, 0.223298817873], "dvar": [0.103896208107, 0.0877690091729, 0.0698926225305, 0.055897295475, 0.0528095439076, 0.0369249247015], "dvar2": [0.265515506268, 0.201849281788, 0.15145291388, 0.109278000891, 0.0932014137506, 0.070654720068], "max": [-5.40576