{"lowlevel": {"average_loudness": 0.969481766224, "barkbands_crest": {"dmean": 2.72531223297, "dmean2": 4.57298898697, "dvar": 5.70154809952, "dvar2": 16.0000991821, "max": 26.5758705139, "mean": 12.0946846008, "median": 11.4701547623, "min": 4.6220946312, "var": 13.7088518143}, "barkbands_flatness_db": {"dmean": 0.0296224169433, "dmean2": 0.0491991527379, "dvar": 0.000698853982612, "dvar2": 0.00179121119436, "max": 0.520453453064, "mean": 0.316491961479, "median": 0.314253270626, "min": 0.0719392821193, "var": 0.00222715246491}, "barkbands_kurtosis": {"dmean": 4.41717529297, "dmean2": 7.50540065765, "dvar": 73.5528640747, "dvar2": 188.561340332, "max": 209.596115112, "mean": 5.3666806221, "median": 2.55354356766, "min": -1.95712256432, "var": 124.618270874}, "barkbands_skewness": {"dmean": 0.759522974491, "dmean2": 1.24584901333, "dvar": 0.630654335022, "dvar2": 1.58381378651, "max": 12.2595796585, "mean": 1.1461455822, "median": 1.06705522537, "min": -8.57629108429, "var": 2.06385302544}, "barkbands_spread": {"dmean": 1.79054152966, "dmean2": 2.88209247589, "dvar": 5.0660905838, "dvar2": 11.1372346878, "max": 83.4208297729, "mean": 6.48984193802, "median": 5.55176115036, "min": 0.717449247837, "var": 28.5939121246}, "dissonance": {"dmean": 0.0416492782533, "dmean2": 0.0694931298494, "dvar": 0.00148425297812, "dvar2": 0.00404208851978, "max": 0.499999761581, "mean": 0.361039817333, "median": 0.366591900587, "min": 0.0870065763593, "var": 0.00464372197166}, "dynamic_complexity": 3.45577955246, "erbbands_crest": {"dmean": 2.62448811531, "dmean2": 3.73118376732, "dvar": 6.88384199142, "dvar2": 12.8027496338, "max": 33.7020187378, "mean": 14.2139787674, "median": 12.4027395248, "min": 2.66832327843, "var": 39.2507553101}, "erbbands_flatness_db": {"dmean": 0.0266425516456, "dmean2": 0.0396650806069, "dvar": 0.000927692046389, "dvar2": 0.00220966641791, "max": 0.533296823502, "mean": 0.288313806057, "median": 0.289816051722, "min": 0.0703295394778, "var": 0.00312286522239}, "erbbands_kurtosis": {"dmean": 2.13655734062, "dmean2": 2.92851161957, "dvar": 38.3099555969, "dvar2": 61.9953804016, "max": 353.059844971, "mean": 4.989777565, "median": 3.10318231583, "min": -1.63223779202, "var": 119.921730042}, "erbbands_skewness": {"dmean": 0.374500334263, "dmean2": 0.53634595871, "dvar": 0.160443872213, "dvar2": 0.310980290174, "max": 12.819565773, "mean": 0.786182403564, "median": 0.834500014782, "min": -4.36540603638, "var": 1.11712169647}, "erbbands_spread": {"dmean": 2.75239920616, "dmean2": 4.1607208252, "dvar": 12.100818634, "dvar2": 28.7715053558, "max": 102.960426331, "mean": 11.91755867, "median": 10.5668830872, "min": 0.457126617432, "var": 62.2599601746}, "hfc": {"dmean": 4.2111749649, "dmean2": 6.15363550186, "dvar": 47.9310722351, "dvar2": 106.5729599, "max": 93.727142334, "mean": 12.7540359497, "median": 9.30034732819, "min": 1.15283473757e-16, "var": 126.158508301}, "melbands_crest": {"dmean": 5.21825408936, "dmean2": 9.01700496674, "dvar": 21.0527954102, "dvar2": 58.3632659912, "max": 36.4211006165, "mean": 18.2327785492, "median": 17.4282226562, "min": 1.88565826416, "var": 41.3742485046}, "melbands_flatness_db": {"dmean": 0.0303432531655, "dmean2": 0.0498355515301, "dvar": 0.000768287864048, "dvar2": 0.00188980693929, "max": 0.624564409256, "mean": 0.424575358629, "median": 0.42605060339, "min": 0.00586830778047, "var": 0.00448470236734}, "melbands_kurtosis": {"dmean": 5.35507535934, "dmean2": 8.95076560974, "dvar": 120.805488586, "dvar2": 293.875274658, "max": 467.349060059, "mean": 7.22481966019, "median": 3.86391830444, "min": -1.8141528368, "var": 249.883880615}, "melbands_skewness": {"dmean": 0.750099420547, "dmean2": 1.21519124508, "dvar": 0.686152696609, "dvar2": 1.73174130917, "max": 13.6026086807, "mean": 1.63935625553, "median": 1.50823640823, "min": -2.95948529243, "var": 1.7003070116}, "melbands_spread": {"dmean": 2.08103394508, "dmean2": 3.28252148628, "dvar": 11.0199623108, "dvar2": 25.8176269531, "max": 158.576004028, "mean": 8.27273368835, "median": 6.34319448471, "min": 0.4929921031, "var": 134.911956787}, "pitch_salience": {"dmean": 0.0831243023276, "dmean2": 0.137971535325, "dvar": 0.00532833952457, "dvar2": 0.0141233410686, "max": 0.919402360916, "mean": 0.464683800936, "median": 0.461972564459, "min": 0.0741999074817, "var": 0.0141604784876}, "silence_rate_20dB": {"dmean": 0.0152883948758, "dmean2": 0.0305803306401, "dvar": 0.0150554813445, "dvar2": 0.0428524166346, "max": 1, "mean": 0.991314411163, "median": 1, "min": 0, "var": 0.00861073751003}, "silence_rate_30dB": {"dmean": 0.121843874454, "dmean2": 0.243715971708, "dvar": 0.106989830732, "dvar2": 0.207967311144, "max": 1, "mean": 0.842501461506, "median": 1, "min": 0, "var": 0.132684260607}, "silence_rate_60dB": {"dmean": 0.000694927060977, "dmean2": 0.00139001500793, "dvar": 0.00069443800021, "dvar2": 0.00161972735077, "max": 1, "mean": 0.0316155180335, "median": 0, "min": 0, "var": 0.0306159760803}, "spectral_centroid": {"dmean": 42.3837127686, "dmean2": 58.0047683716, "dvar": 10669.5390625, "dvar2": 14802.1210938, "max": 11471.3066406, "mean": 483.164489746, "median": 434.861877441, "min": 209.563064575, "var": 138152.859375}, "spectral_complexity": {"dmean": 1.33657634258, "dmean2": 2.14780497551, "dvar": 1.72175812721, "dvar2": 3.96594142914, "max": 20, "mean": 9.43891143799, "median": 9, "min": 0, "var": 7.61282110214}, "spectral_decrease": {"dmean": 1.17139311584e-08, "dmean2": 1.99930259015e-08, "dvar": 4.95014842342e-16, "dvar2": 1.28880615727e-15, "max": 1.1633006502e-15, "mean": -1.74669665398e-08, "median": -1.11629550048e-08, "min": -2.18034458044e-07, "var": 4.76870337821e-16}, "spectral_energy": {"dmean": 0.0445228591561, "dmean2": 0.0759189650416, "dvar": 0.00713803665712, "dvar2": 0.0185803622007, "max": 0.828385055065, "mean": 0.0670812577009, "median": 0.0429972857237, "min": 1.04419225405e-20, "var": 0.00690542021766}, "spectral_energyband_high": {"dmean": 1.01105706563e-05, "dmean2": 1.78043956112e-05, "dvar": 6.82144396524e-10, "dvar2": 1.89452253885e-09, "max": 0.000199942718609, "mean": 1.29361624204e-05, "median": 5.04754007125e-06, "min": 7.74915722537e-21, "var": 5.44477518627e-10}, "spectral_energyband_low": {"dmean": 0.037639759481, "dmean2": 0.0657995715737, "dvar": 0.00602644355968, "dvar2": 0.0160585399717, "max": 0.788248121738, "mean": 0.037496548146, "median": 0.0169653519988, "min": 2.35205047784e-23, "var": 0.00496590370312}, "spectral_energyband_middle_high": {"dmean": 0.00100810732692, "dmean2": 0.00128979829606, "dvar": 7.51629295337e-06, "dvar2": 1.11293757072e-05, "max": 0.0670848563313, "mean": 0.00236031506211, "median": 0.000691157067195, "min": 1.48273245614e-21, "var": 2.96537036775e-05}, "spectral_energyband_middle_low": {"dmean": 0.00569800380617, "dmean2": 0.00758644798771, "dvar": 6.18161211605e-05, "dvar2": 0.000118047370051, "max": 0.156177893281, "mean": 0.0227328836918, "median": 0.0189000871032, "min": 2.5094006183e-22, "var": 0.000261499691987}, "spectral_entropy": {"dmean": 0.25788167119, "dmean2": 0.407764017582, "dvar": 0.0818692296743, "dvar2": 0.205597028136, "max": 9.78143024445, "mean": 5.77490234375, "median": 5.71133852005, "min": 3.92516279221, "var": 0.294240266085}, "spectral_flux": {"dmean": 0.0676079168916, "dmean2": 0.111177243292, "dvar": 0.00942797120661, "dvar2": 0.020338634029, "max": 0.847546815872, "mean": 0.125336110592, "median": 0.0954529717565, "min": 1.02185725159e-10, "var": 0.0130471726879}, "spectral_kurtosis": {"dmean": 17.4271564484, "dmean2": 29.2542514801, "dvar": 245.062454224, "dvar2": 616.971496582, "max": 211.850921631, "mean": 43.6363296509, "median": 38.2640419006, "min": -1.17475831509, "var": 722.428405762}, "spectral_rms": {"dmean": 0.00216796947643, "dmean2": 0.00357150402851, "dvar": 9.13426993066e-06, "dvar2": 2.24183313549e-05, "max": 0.028428517282, "mean": 0.00715483538806, "median": 0.00647677201778, "min": 3.19174591271e-12, "var": 1.42536118801e-05}, "spectral_rolloff": {"dmean": 127.071372986, "dmean2": 224.533752441, "dvar": 325512.6875, "dvar2": 741170.9375, "max": 19875.1464844, "mean": 740.067443848, "median": 495.263671875, "min": 43.06640625, "var": 5245784.5}, "spectral_skewness": {"dmean": 1.01597595215, "dmean2": 1.70985913277, "dvar": 0.753163158894, "dvar2": 1.93826329708, "max": 12.2476873398, "mean": 4.77414608002, "median": 4.58208656311, "min": -0.0364951901138, "var": 2.27237653732}, "spectral_spread": {"dmean": 470518.75, "dmean2": 800181, "dvar": 538795212800, "dvar2": 1266276106240.0, "max": 40427452, "mean": 1837186.25, "median": 1463270.375, "min": 398280.5625, "var": 3701042315260.0}, "spectral_strongpeak": {"dmean": 0.55355232954, "dmean2": 0.969427585602, "dvar": 0.938352584839, "dvar2": 2.22640872002, "max": 10.7292222977, "mean": 0.807675540447, "median": 0.321165472269, "min": 0, "var": 1.67108094692}, "zerocrossingrate": {"dmean": 0.00338386720978, "dmean2": 0.00408526184037, "dvar": 7.41182666388e-05, "dvar2": 8.73157623573e-05, "max": 0.74560546875, "mean": 0.0260349754244, "median": 0.015625, "min": 0.00146484375, "var": 0.00582187948748}, "barkbands": {"dmean": [0.0170183535665, 0.0259635709226, 0.00229854881763, 0.000691904628184, 0.00312688294798, 0.000926039821934, 0.000573617988266, 0.00131513923407, 0.000930293637794, 0.000982438679785, 0.000379158038413, 7.81581620686e-05, 3.69017689081e-05, 3.66810745618e-05, 2.36208925344e-05, 1.8450216885e-05, 1.27720350065e-05, 5.97458802076e-06, 3.78201571039e-06, 3.78606546292e-06, 1.55215548148e-06, 1.22929714053e-06, 8.94632250947e-07, 1.30654495933e-06, 1.99305532078e-06, 1.97672261493e-06, 4.10251232097e-07], "dmean2": [0.0287032388151, 0.0463622547686, 0.0040002129972, 0.00107574393041, 0.00436999136582, 0.00127093167976, 0.000801990448963, 0.00174028403126, 0.00108794949483, 0.00113720376976, 0.000504109077156, 0.000124258498545, 6.23210507911e-05, 6.22882507741e-05, 3.90930435969e-05, 2.90070220217e-05, 2.04350835702e-05, 9.42813039728e-06, 5.83802466281e-06, 5.52017536393e-06, 2.43162139668e-06, 2.11402380046e-06, 1.65751339409e-06, 2.43988529292e-06, 3.72348404198e-06, 3.82055759474e-06, 7.93796743892e-07], "dvar": [0.00084464775864, 0.00375867728144, 3.61906968465e-05, 1.87803686913e-06, 2.84746856778e-05, 2.01074749384e-06, 6.59637805711e-07, 8.18086573418e-06, 9.33045521379e-06, 9.83706831903e-06, 3.44157047039e-06, 4.80681237036e-08, 9.70494529184e-09, 8.65724558707e-09, 3.6614233867e-09, 1.07350905942e-09, 4.57884230531e-10, 1.41186173863e-10, 6.68567978757e-11, 5.57935676826e-11, 1.28462136761e-11, 1.2244427694e-11, 9.36626557563e-12, 1.74576152145e-11, 4.21769702497e-11, 5.00804293868e-11, 2.26650534278e-12], "dvar2": [0.00212066248059, 0.0104565853253, 0.000101069672382, 4.72360579806e-06, 6.43677849439e-05, 4.52667472928e-06, 1.47573905451e-06, 1.45338017319e-05, 9.7488918982e-06, 1.38173409141e-05, 4.71622843179e-06, 1.12993049584e-07, 2.60672745611e-08, 2.35522836789e-08, 9.79525793809e-09, 2.67970645673e-09, 1.11927966895e-09, 3.43025191585e-10, 1.47613449242e-10, 1.21349139071e-10, 2.80650572226e-11, 3.04974621945e-11, 2.6846349796e-11, 5.06790061305e-11, 1.22742219166e-10, 1.45702422349e-10, 6.6022140012e-12], "max": [0.445884406567, 0.617929339409, 0.0909367054701, 0.0299758240581, 0.105060428381, 0.0288474466652, 0.0191838722676, 0.104680560529, 0.123409688473, 0.0769151076674, 0.064340993762, 0.00664162123576, 0.00199105381034, 0.00173187872861, 0.00110164016951, 0.00071695051156, 0.000341539154761, 0.000209308593185, 9.55147188506e-05, 0.000134571411763, 5.23186390637e-05, 6.81871388224e-05, 5.15558131156e-05, 4.49651670351e-05, 7.20339885447e-05, 6.62026941427e-05, 1.48682338477e-05], "mean": [0.01701759547, 0.0234893262386, 0.0022723081056, 0.00169591663871, 0.00815866701305, 0.00324688339606, 0.00150005694013, 0.00401852373034, 0.00247687962838, 0.00198441394605, 0.000877322105225, 0.000123332109069, 5.06096912432e-05, 4.30612271884e-05, 3.11792173306e-05, 2.79336491076e-05, 2.85495407297e-05, 1.16317969514e-05, 7.31643058316e-06, 1.04365517473e-05, 3.0775711366e-06, 1.50646246766e-06, 6.60174407585e-07, 1.13254259304e-06, 1.56157284437e-06, 1.14382601168e-06, 2.38680968323e-07], "median": [0.00581598002464, 0.0103451386094, 0.000686880550347, 0.000491457583848, 0.00580089818686, 0.00235377671197, 0.00108228682075, 0.0022320302669, 0.000392307847505, 0.000159851959324, 0.000162237585755, 4.41033953393e-05, 1.19060796351e-05, 9.68289259617e-06, 1.21301354739e-05, 1.51066442413e-05, 2.16467724385e-05, 3.85199246011e-06, 2.28579915529e-06, 4.33116110798e-06, 5.02731325014e-07, 2.60733884261e-07, 9.01270809095e-08, 3.50602874732e-07, 2.20902990122e-07, 4.11148803892e-08, 1.48629597518e-08], "min": [7.70932778972e-24, 1.06143640823e-23, 1.02106976462e-23, 3.99572642421e-24, 3.32176579196e-23, 8.30820290552e-23, 2.598896888e-23, 2.1842444594e-23, 6.31569424458e-23, 1.14696298786e-22, 6.22957903272e-23, 6.33662177776e-23, 5.701289613e-23, 6.34864780449e-23, 1.49406077642e-22, 2.37819449575e-22, 1.71035835869e-22, 1.97330399997e-22, 2.79163636996e-22, 2.7297669558e-22, 6.86129102012e-22, 4.97400151025e-22, 4.98571148774e-22, 5.97989180823e-22, 1.29574642074e-21, 1.97368666693e-21, 2.21001475288e-21], "var": [0.000909826776478, 0.00259823421948, 2.65855014732e-05, 7.27219048713e-06, 6.88673389959e-05, 9.74393879005e-06, 2.08843334804e-06, 4.72662031825e-05, 5.88385628362e-05, 3.60477388313e-05, 1.52694228746e-05, 8.49331982522e-08, 1.12621503234e-08, 9.46071843089e-09, 3.44077299985e-09, 1.52449319835e-09, 9.2173396693e-10, 4.02051864024e-10, 1.56743659718e-10, 1.80344711387e-10, 4.00692048985e-11, 1.96987773315e-11, 5.52991073072e-12, 1.00317202462e-11, 2.45006775285e-11, 2.69781696982e-11, 1.21193484935e-12]}, "erbbands": {"dmean": [1.38234055042, 3.5789232254, 3.53316998482, 2.10211873055, 6.28932714462, 12.2191123962, 9.01580429077, 7.46055412292, 7.71053218842, 23.712146759, 20.9790725708, 26.5530376434, 34.644115448, 10.400601387, 16.6519603729, 3.55009460449, 1.81809556484, 2.05475354195, 1.14665615559, 1.19441366196, 0.782460987568, 0.508051455021, 0.422503292561, 0.245919674635, 0.181563690305, 0.153419807553, 0.0812914967537, 0.0537656508386, 0.0439461842179, 0.0321697443724, 0.02606565319, 0.0252093113959, 0.0224090740085, 0.0203612595797, 0.0149486102164, 0.00878613907844, 0.00358513696119, 0.000802357797511, 8.7182786956e-05, 4.95677813888e-05], "dmean2": [2.44957447052, 6.55301237106, 6.28423309326, 3.45485877991, 9.3123922348, 16.9177818298, 12.0224618912, 10.7153253555, 9.62230396271, 33.9781417847, 26.8166732788, 30.307477951, 39.2201881409, 13.4554767609, 22.5342407227, 5.28070020676, 3.03595733643, 3.49942040443, 1.93570840359, 1.92309236526, 1.25683319569, 0.809295475483, 0.662365972996, 0.383576512337, 0.257872223854, 0.236259877682, 0.126022174954, 0.0869933441281, 0.0746626257896, 0.0580704845488, 0.0482207201421, 0.0472535192966, 0.0420038551092, 0.0375718995929, 0.0282754730433, 0.0170059613883, 0.00692567368969, 0.0015476543922, 0.000163274322404, 8.45694958116e-05], "dvar": [8.08351421356, 100.281578064, 92.4742202759, 21.2145252228, 149.022735596, 495.82321167, 205.000579834, 130.580459595, 110.692459106, 3096.69384766, 1791.10095215, 7318.69824219, 12714.4384766, 2668.58911133, 5744.50634766, 86.2331085205, 21.0014419556, 26.9118843079, 9.12795448303, 6.41573905945, 1.92604994774, 0.671476304531, 0.526571035385, 0.290108442307, 0.123294152319, 0.115444153547, 0.0276771169156, 0.0181611422449, 0.0164421014488, 0.012446870096, 0.00803253334016, 0.00691793113947, 0.00566232204437, 0.00423564016819, 0.00270593957976, 0.00103975413367, 0.000174945482286, 8.40581105876e-06, 7.78280337954e-08, 9.0450660295e-09], "dvar2": [21.8044567108, 287.233856201, 262.102081299, 58.0000534058, 368.960876465, 1031.79626465, 431.939483643, 308.379577637, 207.356033325, 6214.69287109, 3014.90112305, 7545.92089844, 17409.9785156, 4269.63671875, 8224.62988281, 157.349090576, 56.2783966064, 73.3353271484, 24.6429862976, 16.8303031921, 5.06181764603, 1.68721210957, 1.30614566803, 0.711129784584, 0.238600552082, 0.274173915386, 0.0596065893769, 0.0416791327298, 0.0392299033701, 0.0334848165512, 0.0230005960912, 0.0200808737427, 0.0164695885032, 0.0122927026823, 0.00790324714035, 0.0030328957364, 0.000509593752213, 2.4428100005e-05, 2.24504091761e-07, 2.36577566426e-08], "max": [26.1611995697, 104.21962738, 130.598358154, 76.2875595093, 254.036941528, 420.231842041, 295.544616699, 211.749023438, 231.272750854, 2231.95898438, 868.677368164, 3411.8737793, 3026.86254883, 2435.34838867, 3040.5, 353.699157715, 90.1441726685, 91.6955795288, 64.7576370239, 44.9559707642, 23.7775058746, 14.7292842865, 10.3215227127, 11.0604200363, 5.79884195328, 6.4756193161, 2.40197253227, 2.6088540554, 2.7615776062, 1.78626084328, 1.55311214924, 1.16317391396, 0.874678969383, 0.976792812347, 0.585657775402, 0.339879572392, 0.160761743784, 0.0289005953819, 0.00335912965238, 0.000926339766011], "mean": [1.26828014851, 3.08551192284, 3.29278349876, 3.58844327927, 15.9857215881, 28.8282375336, 28.7447280884, 24.7778644562, 24.0689811707, 62.0208320618, 67.9523162842, 74.3272094727, 72.8280105591, 20.9628143311, 38.3984603882, 7.17400026321, 2.70261478424, 2.55876994133, 1.37679505348, 1.90249013901, 1.28814315796, 1.20766496658, 1.01228106022, 0.503722071648, 0.531169176102, 0.337046027184, 0.16825298965, 0.103340469301, 0.0574763827026, 0.0271791350096, 0.0197253432125, 0.0208048801869, 0.0188041999936, 0.0170869324356, 0.0110524818301, 0.00518930051476, 0.0021037007682, 0.000468374812044, 7.12520122761e-05, 7.4641458923e-05], "median": [0.536574661732, 1.18769609928, 1.11056149006, 1.65249419212, 9.09131240845, 17.92304039, 20.6566677094, 16.0108642578, 16.0328826904, 34.9411468506, 33.3217353821, 16.4201965332, 8.06829929352, 3.15591216087, 8.25645828247, 2.77338194847, 1.03449094296, 0.765300452709, 0.458744943142, 1.17795145512, 0.735377073288, 0.912399768829, 0.686335146427, 0.250649422407, 0.248432964087, 0.156641840935, 0.0576749928296, 0.0255701467395, 0.00985665619373, 0.00282828928903, 0.00337408971973, 0.00496852071956, 0.00481649721041, 0.00237612728961, 0.00150843337178, 0.000351492024492, 9.62440899457e-05, 1.78828431672e-05, 2.43008362304e-05, 4.77077046526e-05], "min": [2.45854622673e-22, 2.62515359942e-21, 8.3108120535e-21, 1.63509761036e-20, 3.29138138415e-20, 1.75345927195e-19, 1.84296809829e-19, 8.1790905526e-19, 4.24512424934e-19, 6.09469828955e-19, 6.44846999586e-19, 1.47577572259e-18, 2.66672338178e-18, 2.89423175784e-18, 3.30242884652e-18, 2.0059320106e-18, 2.00695399224e-18, 3.75700595215e-18, 5.89113565485e-18, 9.86933342511e-18, 1.23768206099e-17, 1.133057941e-17, 1.12854972395e-17, 1.03592609214e-17, 1.48305079676e-17, 1.28862670871e-17, 2.28426984948e-17, 2.60921269843e-17, 1.79849231832e-17, 1.93531841412e-17, 1.30586862683e-17, 1.12270759544e-17, 1.03289546781e-17, 1.30293089488e-17, 1.00552199339e-17, 7.88379803406e-18, 3.55020500875e-18, 1.54009480548e-18, 3.28987901736e-19, 2.78037989787e-20], "var": [6.32538604736, 60.7145614624, 60.735370636, 26.1061439514, 406.354400635, 1196.85693359, 752.2109375, 640.371337891, 599.569763184, 13953.3427734, 9643.33984375, 45421.0117188, 48320.0898438, 7674.59423828, 25388.984375, 290.351623535, 23.9153652191, 28.8181743622, 7.87374401093, 6.9691734314, 2.91555976868, 1.50633704662, 1.29305541515, 0.548300147057, 0.414871245623, 0.261250048876, 0.0708636492491, 0.0526928119361, 0.0312177576125, 0.0109177930281, 0.00479575898498, 0.00396296847612, 0.00324722472578, 0.00258530396968, 0.00150821940042, 0.000555403938051, 9.42641927395e-05, 4.55000463262e-06, 4.47803287784e-08, 8.64111271426e-09]}, "gfcc": {"mean": [-116.246253967, 190.468597412, -84.6318054199, -4.88320875168, -45.5072975159, -18.3177642822, -24.3235168457, 12.9602804184, -13.6174583435, -6.59886980057, -0.398277401924, -7.13798904419, 7.08869552612], "cov": [[14974.9130859, 3481.63330078, -81.664390564, 1510.57128906, 201.594177246, 380.12789917, 185.677947998, 505.787689209, -305.554107666, 172.906066895, 71.068862915, -14.1224880219, 109.454444885], [3481.63330078, 1965.38867188, -231.662918091, 179.43536377, 195.761703491, -148.150314331, -61.1060905457, -44.9628982544, 2.16702055931, -136.765151978, 113.648696899, -54.3626213074, 154.375762939], [-81.664390564, -231.662918091, 630.130371094, 216.278137207, 144.459747314, 155.248733521, 44.0346641541, 119.859848022, 47.777557373, 84.0202941895, 21.2579345703, 52.1888885498, -90.5524520874], [1510.57128906, 179.43536377, 216.278137207, 625.245727539, 145.210128784, 97.4980545044, 163.460678101, 90.9005203247, -24.270526886, 71.7878036499, 56.690662384, 13.9324121475, -31.3297653198], [201.594177246, 195.761703491, 144.459747314, 145.210128784, 315.238037109, 123.019630432, 44.1178283691, 22.3894500732, 85.9097976685, 18.2551860809, 70.2495956421, 31.8959026337, 24.6027755737], [380.12789917, -148.150314331, 155.248733521, 97.4980545044, 123.019630432, 268.923217773, 134.175765991, 45.7869415283, 37.1918830872, 67.5259094238, 0.642889380455, 49.4556121826, -29.7252788544], [185.677947998, -61.1060905457, 44.0346641541, 163.460678101, 44.1178283691, 134.175765991, 326.20980835, 71.603477478, 14.8295478821, 47.1401634216, 17.3165721893, 33.5914535522, 17.5579547882], [505.787689209, -44.9628982544, 119.859848022, 90.9005203247, 22.3894500732, 45.7869415283, 71.603477478, 251.983520508, 33.3187561035, 29.6402435303, 40.9142532349, 7.64902305603, 50.3338623047], [-305.554107666, 2.16702055931, 47.777557373, -24.270526886, 85.9097976685, 37.1918830872, 14.8295478821, 33.3187561035, 185.07170105, 39.2447624207, 40.8907661438, 33.5213623047, 28.310426712], [172.906066895, -136.765151978, 84.0202941895, 71.7878036499, 18.2551860809, 67.5259094238, 47.1401634216, 29.6402435303, 39.2447624207, 153.563461304, 29.3634605408, 22.8452949524, -45.5028343201], [71.068862915, 113.648696899, 21.2579345703, 56.690662384, 70.2495956421, 0.642889380455, 17.3165721893, 40.9142532349, 40.8907661438, 29.3634605408, 145.946304321, 51.5620193481, 60.6086006165], [-14.1224880219, -54.3626213074, 52.1888885498, 13.9324121475, 31.8959026337, 49.4556121826, 33.5914535522, 7.64902305603, 33.5213623047, 22.8452949524, 51.5620193481, 136.717605591, 29.7971935272], [109.454444885, 154.375762939, -90.5524520874, -31.3297653198, 24.6027755737, -29.7252788544, 17.5579547882, 50.3338623047, 28.310426712, -45.5028343201, 60.6086006165, 29.7971935272, 162.765792847]], "icov": [[0.000539777160157, -0.00118221796583, 0.000477321795188, -0.00106542371213, 0.00096264918102, -0.00171135971323, 0.000943871913478, -0.00128615670837, 0.000841342378408, -0.00117901014164, 0.00106398470234, -0.000642657571007, -9.78463795036e-05], [-0.00118221796583, 0.0033320300281, -0.000774648680817, 0.00201107189059, -0.00265892990865, 0.0040845060721, -0.00195789965801, 0.00295437732711, -0.00183289858978, 0.00301991775632, -0.0026774990838, 0.00173305510543, -0.000120908283861], [0.000477321795188, -0.000774648680817, 0.00322617427446, -0.00155473907944, -0.000108614440251, -0.00202080258168, 0.00144180143252, -0.00252935173921, 0.000541586254258, -0.000884387409315, 0.000927113404032, -0.00150927563664, 0.00177295901813], [-0.00106542371213, 0.00201107189059, -0.00155473907944, 0.00476717343554, -0.00286312657408, 0.00382746942341, -0.0030738923233, 0.00202742987312, -0.000449782557553, 0.00148412829731, -0.00253159063868, 0.00134617066942, 0.000887468806468], [0.00096264918102, -0.00265892990865, -0.000108614440251, -0.00286312657408, 0.00818646512926, -0.00620069168508, 0.00232831342146, -0.0011395822512, -0.000863205408677, -0.000771095859818, -0.000306939153234, -0.000140612697578, -0.00093098502839], [-0.00171135971323, 0.0040845060721, -0.00202080258168, 0.00382746942341, -0.00620069168508, 0.0129792476073, -0.00536328181624, 0.00349971535616, -0.00210157223046, 0.00194329489022, -0.00123736367095, 0.000133084657136, 0.0010384459747], [0.000943871913478, -0.00195789965801, 0.00144180143252, -0.0030738923233, 0.00232831342146, -0.00536328181624, 0.00639158580452, -0.00283602252603, 0.00125907396432, -0.00231899530627, 0.00204359996133, -0.00138839008287, -0.00108525867108], [-0.00128615670837, 0.00295437732711, -0.00252935173921, 0.00202742987312, -0.0011395822512, 0.00349971535616, -0.00283602252603, 0.00891903974116, -0.00267212139443, 0.00228950986639, -0.00338668096811, 0.00316025549546, -0.00280755269341], [0.000841342378408, -0.00183289858978, 0.000541586254258, -0.000449782557553, -0.000863205408677, -0.00210157223046, 0.00125907396432, -0.00267212139443, 0.00884701125324, -0.00414271466434, 0.0016145039117, -0.00183911190834, -0.00113687699195], [-0.00117901014164, 0.00301991775632, -0.000884387409315, 0.00148412829731, -0.000771095859818, 0.00194329489022, -0.00231899530627, 0.00228950986639, -0.00414271466434, 0.0129844173789, -0.00582287600264, 0.00135280762333, 0.00400691758841], [0.00106398470234, -0.0026774990838, 0.000927113404032, -0.00253159063868, -0.000306939153234, -0.00123736367095, 0.00204359996133, -0.00338668096811, 0.0016145039117, -0.00582287600264, 0.0141010275111, -0.00475938245654, -0.00378836831078], [-0.000642657571007, 0.00173305510543, -0.00150927563664, 0.00134617066942, -0.000140612697578, 0.000133084657136, -0.00138839008287, 0.00316025549546, -0.00183911190834, 0.00135280762333, -0.00475938245654, 0.0110066067427, -0.00211870274507], [-9.78463795036e-05, -0.000120908283861, 0.00177295901813, 0.000887468806468, -0.00093098502839, 0.0010384459747, -0.00108525867108, -0.00280755269341, -0.00113687699195, 0.00400691758841, -0.00378836831078, -0.00211870274507, 0.0119135500863]]}, "melbands": {"dmean": [0.0101148663089, 0.0027889541816, 0.000455944566056, 0.000677824427839, 0.000390267756302, 0.000171918974956, 0.000114114242024, 0.000276017788565, 0.000177049718332, 0.000149361789227, 0.000169443941559, 3.80930359825e-05, 5.41505905858e-05, 1.88735666597e-05, 5.05176558363e-06, 2.86108661385e-06, 4.32062870459e-06, 1.74061676717e-06, 1.46717570715e-06, 1.89256650174e-06, 7.48362822378e-07, 5.17015564583e-07, 6.39133077129e-07, 3.21777889667e-07, 2.00514705284e-07, 1.37469513106e-07, 1.29630066681e-07, 1.11366560418e-07, 5.33390789315e-08, 4.91697456084e-08, 2.93475181934e-08, 3.00729858793e-08, 1.80335462119e-08, 1.69170188968e-08, 1.51577985719e-08, 1.47190890587e-08, 1.58553632446e-08, 1.51213477295e-08, 1.66042681826e-08, 1.78902261894e-08], "dmean2": [0.017807405442, 0.00506202504039, 0.000715741654858, 0.00097290170379, 0.000513900769874, 0.000239289380261, 0.000143952012877, 0.000389963068301, 0.000219017150812, 0.000171923820744, 0.000192620835151, 5.0948237913e-05, 7.23050106899e-05, 2.73525347438e-05, 8.26726227388e-06, 4.80030803374e-06, 7.34768855182e-06, 2.93529001283e-06, 2.42805867856e-06, 2.95929930871e-06, 1.22558049043e-06, 8.25823008199e-07, 1.02105298083e-06, 5.00401313275e-07, 3.17492862223e-07, 2.02064683208e-07, 1.82772112112e-07, 1.75945388037e-07, 8.38713702933e-08, 7.54619833288e-08, 4.95926002486e-08, 5.03465287238e-08, 3.21957038807e-08, 3.09610435067e-08, 2.80860099622e-08, 2.73383804483e-08, 2.9771664245e-08, 2.83976628879e-08, 3.11996046776e-08, 3.24812639008e-08], "dvar": [0.000443979603006, 6.09365342825e-05, 7.00736620729e-07, 1.56094540671e-06, 4.60362002741e-07, 6.85510457288e-08, 2.31754029301e-08, 4.38647390411e-07, 1.35874856255e-07, 2.19491795406e-07, 3.12910827915e-07, 4.93575633698e-08, 7.08581495701e-08, 6.25310603297e-09, 1.45816830832e-10, 4.31192061223e-11, 1.24337554142e-10, 2.03860643644e-11, 1.42743889625e-11, 1.10718769222e-11, 2.21863825055e-12, 8.80962728982e-13, 1.07008260759e-12, 4.84704778484e-13, 2.40798863054e-13, 1.09424039382e-13, 6.64067122146e-14, 7.20745213728e-14, 1.26489894879e-14, 1.39087629557e-14, 5.46024966371e-15, 9.12660043568e-15, 3.72387659107e-15, 3.66564900517e-15, 2.94814454797e-15, 2.73895620912e-15, 2.82036856909e-15, 2.84445628028e-15, 3.18306341842e-15, 3.25562216651e-15], "dvar2": [0.00119273585733, 0.000174238026375, 1.81702228019e-06, 3.67740904039e-06, 9.07187995836e-07, 1.55604070073e-07, 4.38660201496e-08, 8.47249737035e-07, 2.01624246188e-07, 2.28109627187e-07, 4.28351455639e-07, 7.9834187261e-08, 9.90626176645e-08, 9.68838342885e-09, 3.80232428876e-10, 1.13471773644e-10, 3.37713995657e-10, 5.52160608902e-11, 3.83472732735e-11, 2.72646506067e-11, 5.90040256238e-12, 2.18626028739e-12, 2.63883446344e-12, 1.1097300379e-12, 5.9406711321e-13, 2.14403066698e-13, 1.29167848834e-13, 1.73783256123e-13, 3.01361989833e-14, 2.80337903634e-14, 1.36114188158e-14, 2.09190337849e-14, 1.02281727128e-14, 1.0110996716e-14, 8.41642260171e-15, 7.93969805944e-15, 8.22225723921e-15, 8.28463443952e-15, 9.27380544455e-15, 9.38461090658e-15], "max": [0.205269992352, 0.0865968391299, 0.0135259255767, 0.0300956368446, 0.0151475016028, 0.00495015317574, 0.00315228360705, 0.0265863314271, 0.0104666315019, 0.018338592723, 0.0149597935379, 0.0108235450462, 0.00950072798878, 0.00378765747882, 0.000217621418415, 0.000108551612357, 0.000204746364034, 0.00010175297939, 8.58025814523e-05, 7.05643105903e-05, 2.19964513235e-05, 1.5793084458e-05, 1.81068371603e-05, 1.37581737363e-05, 1.01686810012e-05, 5.83858627579e-06, 3.12099678013e-06, 6.29440592093e-06, 2.3449508717e-06, 1.93793539438e-06, 1.13394412438e-06, 2.38347479353e-06, 1.02825174508e-06, 8.56805343119e-07, 9.28525480504e-07, 9.17046065751e-07, 6.16665090547e-07, 8.02973602276e-07, 6.97907012182e-07, 9.25033020849e-07], "mean": [0.00967637170106, 0.00245742686093, 0.000987056992017, 0.00167102366686, 0.00115957634989, 0.00058714824263, 0.000340710917953, 0.00074986659456, 0.000568668881897, 0.000399910553824, 0.000345698761521, 7.1205511631e-05, 0.000123447534861, 4.08233281632e-05, 6.91250806995e-06, 4.67647214464e-06, 5.06590640725e-06, 2.07069956559e-06, 1.97521239897e-06, 3.02844000544e-06, 1.14040517474e-06, 1.05944457118e-06, 1.58748264312e-06, 6.660973213e-07, 3.592214739e-07, 3.24231052673e-07, 4.06276001286e-07, 2.01210994533e-07, 1.00900962252e-07, 1.09655566405e-07, 4.46548078514e-08, 4.13934628796e-08, 1.51046659624e-08, 1.31755477639e-08, 1.12109859174e-08, 1.11515729984e-08, 1.35631141873e-08, 1.25219985492e-08, 1.33013289272e-08, 1.5768364392e-08], "median": [0.00429098727182, 0.000889458518941, 0.000523190479726, 0.00106708030216, 0.000837449042592, 0.000390333414543, 0.000234842096688, 0.000418501731474, 0.000244014372583, 7.99020708655e-05, 2.66454153461e-05, 7.55543896958e-06, 2.25734584092e-05, 1.42696599141e-05, 3.32087643073e-06, 1.00393356206e-06, 1.17819308798e-06, 6.20957735009e-07, 7.44515773476e-07, 1.91495496438e-06, 5.37116591204e-07, 6.94582979577e-07, 1.15443754112e-06, 1.69539703165e-07, 1.41720803981e-07, 1.27497656877e-07, 1.20510975421e-07, 5.734992925e-08, 3.56869840346e-08, 1.36762166036e-08, 9.50672962574e-09, 6.02227467894e-09, 1.78254688787e-09, 9.57109835831e-10, 1.54348334114e-09, 1.98738625556e-09, 3.18333137628e-09, 2.8420472642e-09, 2.06090855492e-09, 1.11530240599e-09], "min": [2.75613189421e-24, 4.47510851884e-24, 3.22104627984e-24, 6.89887260608e-24, 7.34587669372e-24, 1.75964859686e-23, 6.9186004396e-24, 6.57077825585e-24, 5.99626190263e-24, 9.14762474606e-24, 1.44207386457e-23, 1.27160449394e-23, 1.05233831764e-23, 8.44604814455e-24, 3.69314580781e-24, 5.56027307425e-24, 6.68027372722e-24, 8.15467132516e-24, 1.29146035959e-23, 1.25780124248e-23, 1.49251978397e-23, 1.1395412898e-23, 9.92865462907e-24, 1.01106014526e-23, 7.71996557903e-24, 1.09431573633e-23, 8.61454015644e-24, 8.69430582687e-24, 1.15020708367e-23, 1.74466307956e-23, 1.54739310631e-23, 9.87862901477e-24, 9.67419650004e-24, 1.13259694725e-23, 8.55233452976e-24, 5.59982892662e-24, 7.19468124605e-24, 5.76257960883e-24, 1.02847882513e-23, 1.16284495092e-23], "var": [0.000354228017386, 3.74048067897e-05, 1.48921571963e-06, 3.84175609724e-06, 1.37131019073e-06, 3.62600189874e-07, 1.16401437822e-07, 2.14765987039e-06, 7.84024393852e-07, 1.34416040964e-06, 1.19412322874e-06, 1.36078071478e-07, 3.06668084704e-07, 2.54182559445e-08, 1.49585427378e-10, 1.02304421878e-10, 1.37019867674e-10, 1.81594860676e-11, 1.3708460582e-11, 1.49061197413e-11, 3.28470410593e-12, 1.75003306117e-12, 2.46314362136e-12, 1.5535766033e-12, 3.96458555004e-13, 3.14405944855e-13, 3.10495796825e-13, 1.32009773121e-13, 2.11943398216e-14, 5.14305801723e-14, 1.04822969966e-14, 1.97932524591e-14, 2.86119047495e-15, 2.78797061765e-15, 1.78903776965e-15, 1.55930327024e-15, 1.61224632345e-15, 1.60898704655e-15, 1.84286332532e-15, 2.15061474725e-15]}, "mfcc": {"mean": [-772.31237793, 229.709320068, 19.9474925995, 24.1937351227, 2.38008475304, -20.7944164276, 1.21158492565, -0.595931053162, 5.64529561996, -0.526902973652, -5.03347539902, 7.83122396469, 3.9655213356], "cov": [[5695.40527344, 1924.62133789, 11.4537467957, 356.553955078, 3.73505449295, 159.366165161, 423.344573975, 210.580978394, 310.287109375, 120.619659424, 108.168746948, 136.011474609, 32.2762565613], [1924.62133789, 1793.42749023, -40.6120948792, 93.6285095215, 177.878036499, -100.763275146, 26.0166816711, 59.5659980774, 47.8119049072, 33.806640625, -83.3785247803, 8.04460430145, 42.3217926025], [11.4537467957, -40.6120948792, 468.722595215, 147.87651062, 82.2712783813, 34.1324882507, 52.9606552124, 58.8603057861, 15.8993310928, 16.4545211792, 49.1165809631, 26.9575996399, 67.2519073486], [356.553955078, 93.6285095215, 147.87651062, 363.184295654, 30.0737247467, 40.9640083313, 116.868682861, 55.5897102356, 38.0141830444, -32.7197265625, 52.6423873901, 105.774307251, 55.189907074], [3.73505449295, 177.878036499, 82.2712783813, 30.0737247467, 333.187133789, 41.5615577698, -15.2481393814, 23.0388069153, -7.74200391769, 89.6788253784, -44.4209747314, -16.8659152985, 98.2242279053], [159.366165161, -100.763275146, 34.1324882507, 40.9640083313, 41.5615577698, 324.381072998, 71.4826507568, 57.4130630493, 1.48188495636, 5.39310979843, 145.953689575, -7.81024169922, -56.6541595459], [423.344573975, 26.0166816711, 52.9606552124, 116.868682861, -15.2481393814, 71.4826507568, 265.254333496, 90.3562850952, 91.1226806641, -12.2530946732, 26.2488708496, 69.0992889404, 33.2810974121], [210.580978394, 59.5659980774, 58.8603057861, 55.5897102356, 23.0388069153, 57.4130630493, 90.3562850952, 184.44329834, 71.3992385864, 23.5471477509, 13.3711595535, -8.24782943726, 9.41977024078], [310.287109375, 47.8119049072, 15.8993310928, 38.0141830444, -7.74200391769, 1.48188495636, 91.1226806641, 71.3992385864, 164.545440674, 41.4029426575, -9.00814056396, 25.9748191833, 15.3027276993], [120.619659424, 33.806640625, 16.4545211792, -32.7197265625, 89.6788253784, 5.39310979843, -12.2530946732, 23.5471477509, 41.4029426575, 187.439590454, 30.4312820435, -59.5883216858, 5.72624015808], [108.168746948, -83.3785247803, 49.1165809631, 52.6423873901, -44.4209747314, 145.953689575, 26.2488708496, 13.3711595535, -9.00814056396, 30.4312820435, 276.823913574, 0.614957153797, -106.034622192], [136.011474609, 8.04460430145, 26.9575996399, 105.774307251, -16.8659152985, -7.81024169922, 69.0992889404, -8.24782943726, 25.9748191833, -59.5883216858, 0.614957153797, 235.588134766, 102.009643555], [32.2762565613, 42.3217926025, 67.2519073486, 55.189907074, 98.2242279053, -56.6541595459, 33.2810974121, 9.41977024078, 15.3027276993, 5.72624015808, -106.034622192, 102.009643555, 213.675720215]], "icov": [[0.000392691290472, -0.000449961691629, 2.38343764067e-05, -0.000151366009959, 0.000367692555301, -0.000309480674332, -0.000337470613886, 0.000128191924887, -0.000330086884787, -0.000330274284352, -3.56291129719e-05, -2.29740307987e-05, -0.000116991148388], [-0.000449961691629, 0.00116107682697, 0.000149071216583, -2.85344103759e-05, -0.000914281699806, 0.000695846101735, 0.000345995067619, -0.000364847015589, 0.000279136234894, 0.000453334272606, 8.28806805657e-05, -2.42150035774e-05, 0.00038597517414], [2.38343764067e-05, 0.000149071216583, 0.00279548205435, -0.00094651861582, -0.000518183922395, 0.000261816108832, -9.69625489233e-06, -0.000576773833018, -3.22707523992e-06, 0.000213424660615, -0.000899425533134, 0.00055136915762, -0.00104898423888], [-0.000151366009959, -2.85344103759e-05, -0.00094651861582, 0.00427095871419, -0.000578746607061, 0.000331991061103, -0.000948791392148, -0.000469646620331, -8.34325476262e-07, 0.000984224956483, -0.000926705368329, -0.00115653488319, -0.00018821687263], [0.000367692555301, -0.000914281699806, -0.000518183922395, -0.000578746607061, 0.00559680862352, -0.00201737228781, 0.000351318827597, 0.000150877342094, 0.000658397446387, -0.00277062389068, 0.00107275869232, 0.000678434211295, -0.0024953673128], [-0.000309480674332, 0.000695846101735, 0.000261816108832, 0.000331991061103, -0.00201737228781, 0.0053606168367, -0.000950267130975, -0.00127590703778, 0.000645314750727, 0.00130527489819, -0.00256339926273, 0.000128214451252, 0.00087924086256], [-0.000337470613886, 0.000345995067619, -9.69625489233e-06, -0.000948791392148, 0.000351318827597, -0.000950267130975, 0.00656906701624, -0.00166089728009, -0.00216396246105, 0.000775136461016, 1.94365056814e-05, -0.000653359631542, -0.000677074072883], [0.000128191924887, -0.000364847015589, -0.000576773833018, -0.000469646620331, 0.000150877342094, -0.00127590703778, -0.00166089728009, 0.00802589021623, -0.00263019721024, -0.000192033490748, 0.000234460647334, 0.00141469121445, -0.000512556463946], [-0.000330086884787, 0.000279136234894, -3.22707523992e-06, -8.34325476262e-07, 0.000658397446387, 0.000645314750727, -0.00216396246105, -0.00263019721024, 0.00993027351797, -0.00291399471462, 0.00137574947439, -0.00151450035628, 0.00108989572618], [-0.000330274284352, 0.000453334272606, 0.000213424660615, 0.000984224956483, -0.00277062389068, 0.00130527489819, 0.000775136461016, -0.000192033490748, -0.00291399471462, 0.00894342642277, -0.00281704496592, 0.00256263441406, -0.0015061753802], [-3.56291129719e-05, 8.28806805657e-05, -0.000899425533134, -0.000926705368329, 0.00107275869232, -0.00256339926273, 1.94365056814e-05, 0.000234460647334, 0.00137574947439, -0.00281704496592, 0.00736588425934, -0.002058488084, 0.00394019670784], [-2.29740307987e-05, -2.42150035774e-05, 0.00055136915762, -0.00115653488319, 0.000678434211295, 0.000128214451252, -0.000653359631542, 0.00141469121445, -0.00151450035628, 0.00256263441406, -0.002058488084, 0.00794170796871, -0.00487814750522], [-0.000116991148388, 0.00038597517414, -0.00104898423888, -0.00018821687263, -0.0024953673128, 0.00087924086256, -0.000677074072883, -0.000512556463946, 0.00108989572618, -0.0015061753802, 0.00394019670784, -0.00487814750522, 0.0107546914369]]}, "spectral_contrast_coeffs": {"dmean": [0.0553378947079, 0.0401219539344, 0.0525583289564, 0.0516198836267, 0.0365431196988, 0.0284525118768], "dmean2": [0.0862472876906, 0.0650472939014, 0.083530664444, 0.0841158777475, 0.060898181051, 0.0471387431026], "dvar": [0.00311102508567, 0.0012826413149, 0.002288994845, 0.00219110166654, 0.00150717468932, 0.000753508706111], "dvar2": [0.00656430236995, 0.00334774656221, 0.00568105233833, 0.00571844959632, 0.00372276315466, 0.0018043036107], "max": [-0.25735232234, -0.398426234722, -0.388447910547, -0.545117676258, -0.58381831646, -0.629894196987], "mean": [-0.600979685783, -0.658040523529, -0.642757475376, -0.71888256073, -0.71189814806, -0.772798776627], "median": [-0.614355444908, -0.661507546902, -0.64412099123, -0.711203098297, -0.702522218227, -0.770898103714], "min": [-0.979830801487, -0.977742016315, -0.953125655651, -0.960325837135, -0.954564154148, -0.957935869694], "var": [0.0119882877916, 0.0057354811579, 0.00743664707989, 0.00416756840423, 0.00343627412803, 0.00281899888068]}, "spectral_contrast_valleys": {"dmean": [0.536249041557, 0.338517487049, 0.56288766861, 0.707036375999, 0.562319278717, 0.616909980774], "dmean2": [0.832177937031, 0.543377399445, 0.886009693146, 1.127425313, 0.910487771034, 1.0260682106], "dvar": [0.371084988117, 0.121683530509, 0.31030064821