{"lowlevel": {"average_loudness": 0.895666718483, "barkbands_crest": {"dmean": 3.01557135582, "dmean2": 4.91317176819, "dvar": 9.85000419617, "dvar2": 22.4169063568, "max": 26.1865348816, "mean": 10.1859560013, "median": 9.09704971313, "min": 2.22848367691, "var": 25.5076560974}, "barkbands_flatness_db": {"dmean": 0.0370045043528, "dmean2": 0.0554371625185, "dvar": 0.00179960101377, "dvar2": 0.00358634884469, "max": 0.44020742178, "mean": 0.148496970534, "median": 0.135712996125, "min": 0.0187398772687, "var": 0.0054377047345}, "barkbands_kurtosis": {"dmean": 11.5112504959, "dmean2": 18.0687026978, "dvar": 1281.24377441, "dvar2": 2752.91845703, "max": 508.049560547, "mean": 13.0347900391, "median": 2.48961997032, "min": -1.88788950443, "var": 1829.17028809}, "barkbands_skewness": {"dmean": 1.03929722309, "dmean2": 1.57663953304, "dvar": 2.49467849731, "dvar2": 5.46083688736, "max": 19.6615524292, "mean": 2.16654586792, "median": 1.67439877987, "min": -2.16214179993, "var": 5.87954092026}, "barkbands_spread": {"dmean": 10.9547920227, "dmean2": 17.2180652618, "dvar": 226.737579346, "dvar2": 490.907196045, "max": 124.935089111, "mean": 26.9370803833, "median": 20.2334785461, "min": 0.245820045471, "var": 448.234649658}, "dissonance": {"dmean": 0.0285739582032, "dmean2": 0.0490223020315, "dvar": 0.00124034413602, "dvar2": 0.00342025188729, "max": 0.500000059605, "mean": 0.449884325266, "median": 0.460254579782, "min": 0.157226786017, "var": 0.00169399497099}, "dynamic_complexity": 4.07091426849, "erbbands_crest": {"dmean": 2.45630455017, "dmean2": 3.94286370277, "dvar": 7.1361322403, "dvar2": 15.7390527725, "max": 28.5080165863, "mean": 8.17290115356, "median": 6.99122142792, "min": 2.32794690132, "var": 17.1399612427}, "erbbands_flatness_db": {"dmean": 0.0285239182413, "dmean2": 0.0449042916298, "dvar": 0.00117848068476, "dvar2": 0.00238217692822, "max": 0.377142369747, "mean": 0.144866913557, "median": 0.136161893606, "min": 0.0432545542717, "var": 0.00267588719726}, "erbbands_kurtosis": {"dmean": 0.855911612511, "dmean2": 1.41140425205, "dvar": 2.40723633766, "dvar2": 5.46224975586, "max": 24.862071991, "mean": -0.0734818503261, "median": -0.563824295998, "min": -1.82282960415, "var": 3.78253006935}, "erbbands_skewness": {"dmean": 0.419615626335, "dmean2": 0.661428689957, "dvar": 0.270546793938, "dvar2": 0.633017003536, "max": 4.64379024506, "mean": 0.376896977425, "median": 0.3883228302, "min": -3.35399198532, "var": 0.512454688549}, "erbbands_spread": {"dmean": 14.5417461395, "dmean2": 23.2221012115, "dvar": 305.556427002, "dvar2": 675.565795898, "max": 185.297897339, "mean": 53.6227607727, "median": 49.9038505554, "min": 2.94467544556, "var": 613.348937988}, "hfc": {"dmean": 21.4339084625, "dmean2": 32.6946182251, "dvar": 1945.92919922, "dvar2": 3369.50439453, "max": 400.660614014, "mean": 25.8147621155, "median": 3.9418861866, "min": 1.25394283845e-09, "var": 3316.89819336}, "melbands_crest": {"dmean": 3.57489824295, "dmean2": 5.88727045059, "dvar": 10.9846067429, "dvar2": 27.3705940247, "max": 30.2739086151, "mean": 14.0033836365, "median": 13.3284511566, "min": 3.63103151321, "var": 26.375213623}, "melbands_flatness_db": {"dmean": 0.0487852282822, "dmean2": 0.0712461918592, "dvar": 0.0029390656855, "dvar2": 0.00590887572616, "max": 0.574159741402, "mean": 0.214875340462, "median": 0.206487581134, "min": 0.0135121131316, "var": 0.0111407395452}, "melbands_kurtosis": {"dmean": 22.769115448, "dmean2": 37.1798706055, "dvar": 4137.70117188, "dvar2": 10251.9384766, "max": 778.80090332, "mean": 31.5328922272, "median": 10.9028568268, "min": -1.75429272652, "var": 5142.68505859}, "melbands_skewness": {"dmean": 1.22876703739, "dmean2": 1.92493450642, "dvar": 3.45746707916, "dvar2": 8.02187633514, "max": 21.9778175354, "mean": 3.54815459251, "median": 2.83432173729, "min": -1.13981842995, "var": 7.19027519226}, "melbands_spread": {"dmean": 13.5120191574, "dmean2": 21.7090969086, "dvar": 527.916442871, "dvar2": 1300.13781738, "max": 218.933502197, "mean": 27.3907146454, "median": 17.3258285522, "min": 0.356447845697, "var": 867.726867676}, "pitch_salience": {"dmean": 0.0992411449552, "dmean2": 0.162905558944, "dvar": 0.00992283038795, "dvar2": 0.022925414145, "max": 0.904246449471, "mean": 0.519937932491, "median": 0.521854281425, "min": 0.0828160122037, "var": 0.0232576224953}, "silence_rate_20dB": {"dmean": 0, "dmean2": 0, "dvar": 0, "dvar2": 0, "max": 1, "mean": 1, "median": 1, "min": 1, "var": 0}, "silence_rate_30dB": {"dmean": 0.0144977560267, "dmean2": 0.0290055256337, "dvar": 0.0142872510478, "dvar2": 0.0329975113273, "max": 1, "mean": 0.985507249832, "median": 1, "min": 0, "var": 0.0142825031653}, "silence_rate_60dB": {"dmean": 0.12081463635, "dmean2": 0.241367399693, "dvar": 0.106219828129, "dvar2": 0.209355324507, "max": 1, "mean": 0.286404430866, "median": 0, "min": 0, "var": 0.204378500581}, "spectral_centroid": {"dmean": 376.346191406, "dmean2": 602.642333984, "dvar": 298331.4375, "dvar2": 696069.5, "max": 4799.82470703, "mean": 1301.17333984, "median": 1071.94494629, "min": 111.550933838, "var": 729263.875}, "spectral_complexity": {"dmean": 3.51536083221, "dmean2": 5.2458562851, "dvar": 36.9965553284, "dvar2": 58.3191795349, "max": 62, "mean": 9.09109687805, "median": 6, "min": 0, "var": 111.877616882}, "spectral_decrease": {"dmean": 2.75396372373e-09, "dmean2": 4.09619982378e-09, "dvar": 1.9474036883e-17, "dvar2": 4.46532741084e-17, "max": -6.32151174666e-21, "mean": -4.6972625789e-09, "median": -1.67190816747e-09, "min": -4.88043490066e-08, "var": 4.59698809458e-17}, "spectral_energy": {"dmean": 0.0118760569021, "dmean2": 0.0175399258733, "dvar": 0.0003475206031, "dvar2": 0.000767249439377, "max": 0.187339454889, "mean": 0.0200700331479, "median": 0.00726959016174, "min": 1.37595243901e-13, "var": 0.000788203906268}, "spectral_energyband_high": {"dmean": 0.00229845754802, "dmean2": 0.00359820108861, "dvar": 2.50696430157e-05, "dvar2": 4.41979391326e-05, "max": 0.0442376434803, "mean": 0.00247548217885, "median": 0.000115126560559, "min": 9.23939676395e-14, "var": 4.07466068282e-05}, "spectral_energyband_low": {"dmean": 0.00583462882787, "dmean2": 0.00866090878844, "dvar": 0.000189612212125, "dvar2": 0.000434056390077, "max": 0.165581002831, "mean": 0.00900821108371, "median": 0.000965687446296, "min": 1.4300104671e-15, "var": 0.000372391834389}, "spectral_energyband_middle_high": {"dmean": 0.00132494443096, "dmean2": 0.00188536255155, "dvar": 7.77745754021e-06, "dvar2": 1.40814081533e-05, "max": 0.0303778164089, "mean": 0.00202439073473, "median": 0.000531268946361, "min": 2.68659199705e-14, "var": 1.31873694045e-05}, "spectral_energyband_middle_low": {"dmean": 0.00597476074472, "dmean2": 0.00944468285888, "dvar": 0.000159810879268, "dvar2": 0.000390232307836, "max": 0.133995354176, "mean": 0.00752746779472, "median": 0.00200843834318, "min": 8.39767860962e-15, "var": 0.000170244093169}, "spectral_entropy": {"dmean": 0.373807668686, "dmean2": 0.568023085594, "dvar": 0.182799786329, "dvar2": 0.370041787624, "max": 8.89356899261, "mean": 7.50265407562, "median": 7.48702955246, "min": 5.12312746048, "var": 0.457476019859}, "spectral_flux": {"dmean": 0.0402726270258, "dmean2": 0.0647647753358, "dvar": 0.00218003196642, "dvar2": 0.0047288578935, "max": 0.363468170166, "mean": 0.0788158178329, "median": 0.0543908178806, "min": 5.21621223015e-05, "var": 0.00514698866755}, "spectral_kurtosis": {"dmean": 2.19268989563, "dmean2": 3.54659724236, "dvar": 9.58137989044, "dvar2": 23.2441711426, "max": 52.2626113892, "mean": 3.81831789017, "median": 2.65009069443, "min": -0.897880315781, "var": 20.3244915009}, "spectral_rms": {"dmean": 0.00120342941955, "dmean2": 0.00168594240677, "dvar": 2.1566193027e-06, "dvar2": 3.81079416911e-06, "max": 0.0135192526504, "mean": 0.00351910991594, "median": 0.00266313180327, "min": 1.15861666927e-08, "var": 7.19632816981e-06}, "spectral_rolloff": {"dmean": 1350.01135254, "dmean2": 2325.31225586, "dvar": 4886793, "dvar2": 10170560, "max": 16946.6308594, "mean": 2594.76220703, "median": 990.52734375, "min": 64.599609375, "var": 10220128}, "spectral_skewness": {"dmean": 0.35420101881, "dmean2": 0.542743384838, "dvar": 0.16886305809, "dvar2": 0.366061985493, "max": 4.9610877037, "mean": 1.50421917439, "median": 1.42646872997, "min": 0.00445990497246, "var": 0.436270624399}, "spectral_spread": {"dmean": 1312367.25, "dmean2": 2041356.375, "dvar": 2337103675390.0, "dvar2": 4783988539390.0, "max": 17773942, "mean": 6328947.5, "median": 6059462, "min": 1328171.25, "var": 6386190123010.0}, "spectral_strongpeak": {"dmean": 0.2786488235, "dmean2": 0.455976158381, "dvar": 0.224351584911, "dvar2": 0.583481609821, "max": 10.968372345, "mean": 0.414751887321, "median": 0.250677734613, "min": 1.42667317959e-07, "var": 0.221081122756}, "zerocrossingrate": {"dmean": 0.0224191378802, "dmean2": 0.0250574611127, "dvar": 0.000612772884779, "dvar2": 0.000715766334906, "max": 0.474609375, "mean": 0.0844613686204, "median": 0.0625, "min": 0.0029296875, "var": 0.00441689928994}, "barkbands": {"dmean": [7.89567275206e-05, 0.00352063798346, 0.00359185482375, 0.00139574578498, 0.00241394224577, 0.00144693977199, 0.000672793423291, 0.000447186670499, 0.000291710282909, 0.000303510169033, 0.000195641070604, 0.000205881064176, 0.000108009837277, 0.000174008237082, 0.000182193864021, 0.000107585634396, 0.000148281935253, 9.72149355221e-05, 0.00011274672579, 0.000193779662368, 0.000222385468078, 0.000434946705354, 0.000542763620615, 0.000634098832961, 0.000412343739299, 9.1866866569e-05, 1.78707086889e-05], "dmean2": [0.000122844270663, 0.00529277790338, 0.00581252528355, 0.0023179189302, 0.00426654331386, 0.00236536934972, 0.00118287932128, 0.000725598947611, 0.000478443223983, 0.000481659371872, 0.000303398672258, 0.000335257616825, 0.000156705660629, 0.000262259331066, 0.000305314839352, 0.000155288769747, 0.000229163066251, 0.000143318029586, 0.000158762792125, 0.00026518094819, 0.000323980813846, 0.000669652479701, 0.000835253566038, 0.000972780340817, 0.000676434254274, 0.000145777928992, 2.62298690359e-05], "dvar": [2.0501046194e-08, 7.2334180004e-05, 0.000135162321385, 1.80544539035e-05, 5.54013349756e-05, 9.72831730905e-06, 2.38293546317e-06, 1.15581474347e-06, 5.62085460842e-07, 6.62701665988e-07, 2.66761901457e-07, 4.22653357646e-07, 9.69225695258e-08, 2.42064345457e-07, 2.73035198006e-07, 1.22859063367e-07, 1.99029713599e-07, 7.15702768161e-08, 7.46219583903e-08, 3.74831813588e-07, 3.86842373246e-07, 1.03334730284e-06, 1.27853434151e-06, 1.64114521795e-06, 9.87516614259e-07, 9.52510106345e-08, 9.10959663258e-09], "dvar2": [4.62361029463e-08, 0.000152459353558, 0.000329881644575, 3.89238157368e-05, 0.000152479624376, 2.33977898461e-05, 6.29557416687e-06, 2.28644603339e-06, 1.08211781935e-06, 1.42194448927e-06, 5.51313746655e-07, 9.42941539961e-07, 1.74133745645e-07, 4.1195366407e-07, 6.61570652483e-07, 2.19479176167e-07, 3.59477212442e-07, 1.23223671267e-07, 1.12733808066e-07, 6.59037652895e-07, 7.94277525529e-07, 2.20935498874e-06, 2.53832399721e-06, 3.26832673636e-06, 2.17326214624e-06, 1.90944120959e-07, 2.08481569786e-08], "max": [0.00175208295695, 0.0851349234581, 0.134786218405, 0.0518069677055, 0.0744320377707, 0.0315801501274, 0.014369353652, 0.00841404870152, 0.00762911839411, 0.00630346173421, 0.0050763883628, 0.0071024056524, 0.00388902565464, 0.00564830098301, 0.00382937164977, 0.00565925892442, 0.00313560594805, 0.0021421064157, 0.0027235718444, 0.00718720676377, 0.00676956865937, 0.0104844029993, 0.00869975052774, 0.0105361556634, 0.00992164202034, 0.00585377682, 0.00302132545039], "mean": [0.000103598620626, 0.00466296356171, 0.00338806887157, 0.00155474478379, 0.00248180376366, 0.00167782837525, 0.000665034749545, 0.000556598417461, 0.000348265049979, 0.000424645782914, 0.000280758802546, 0.000250226759817, 0.000135982016218, 0.000227695229114, 0.000185212818906, 0.000120221666293, 0.000182927207788, 0.0001267833577, 0.000148746563355, 0.000231011130381, 0.000248985685175, 0.000422345066909, 0.000513015547767, 0.000597624282818, 0.000389039341826, 0.000123954596347, 2.19257071876e-05], "median": [2.36737505475e-05, 0.000266724789981, 0.00026639708085, 0.00012299240916, 0.000287533854134, 0.000490584119689, 0.000148497434566, 5.70521951886e-05, 3.80766141461e-05, 4.41949014203e-05, 5.71998934902e-05, 2.21221780521e-05, 1.97722401936e-05, 2.28015960602e-05, 1.85397711903e-05, 1.18709403978e-05, 1.92538900592e-05, 1.54409499373e-05, 1.65013170772e-05, 1.24748512462e-05, 1.07118057713e-05, 1.47435694089e-05, 1.12893467303e-05, 1.58059101523e-05, 1.45092890307e-05, 1.02886006061e-05, 3.05922526422e-07], "min": [2.87054277748e-16, 8.67717438887e-16, 3.19449185164e-16, 3.49663803305e-16, 5.12396064299e-15, 1.55007781089e-15, 5.46684169762e-16, 5.19122511752e-16, 2.65769610333e-16, 3.020809334e-16, 3.61966877454e-16, 1.52909934589e-16, 8.15644764965e-16, 4.9210390774e-16, 6.40664719897e-15, 7.47863346229e-15, 2.52902078721e-15, 3.53982607251e-15, 3.64077715323e-15, 3.24394857019e-15, 7.50966197322e-15, 1.11815396352e-14, 8.73319090113e-15, 1.35555790158e-14, 9.87538433732e-15, 1.85012951275e-14, 2.29032304867e-14], "var": [3.08111367531e-08, 0.000116289651487, 0.000126076105516, 2.12411687244e-05, 4.05348182539e-05, 9.7131860457e-06, 1.94817380361e-06, 1.69351267232e-06, 7.96171832462e-07, 9.6986468634e-07, 4.56598741039e-07, 5.43306555301e-07, 1.70762973539e-07, 3.95059259972e-07, 2.95905607572e-07, 1.72619294858e-07, 2.89897712946e-07, 1.179437632e-07, 1.52712914314e-07, 6.12162466496e-07, 5.97844575623e-07, 1.40199506404e-06, 1.66573022398e-06, 2.21618279284e-06, 1.30450666802e-06, 1.76690875264e-07, 1.55565729187e-08]}, "erbbands": {"dmean": [0.0655910670757, 0.92383235693, 3.26980924606, 5.12361431122, 7.31958770752, 7.67018222809, 8.2128162384, 13.5449953079, 10.9511384964, 11.2641649246, 6.44067525864, 7.5348367691, 9.88012123108, 5.67656040192, 10.1620893478, 8.69810581207, 4.58369255066, 9.30083274841, 7.29117012024, 9.70917606354, 7.02581119537, 5.60360479355, 4.4329791069, 7.12424707413, 5.89963102341, 9.53820800781, 9.68268013, 9.15044784546, 15.2612733841, 16.6447410583, 14.7318477631, 14.0971641541, 10.5375289917, 6.22179460526, 1.84976041317, 0.608403801918, 0.153215870261, 0.0269478410482, 0.00329516665079, 0.000171089326614], "dmean2": [0.0981931090355, 1.3632349968, 5.05750703812, 7.96746444702, 12.7201929092, 13.6066417694, 14.0285100937, 22.1677474976, 19.0045928955, 18.9827690125, 10.4847812653, 12.2690649033, 15.31062603, 9.2332572937, 15.7445335388, 13.6456708908, 6.73793125153, 13.6371116638, 11.6957788467, 15.9895496368, 10.0731592178, 8.27042198181, 6.36751461029, 10.540102005, 8.35175514221, 13.9913043976, 14.7838125229, 13.3036193848, 23.516992569, 26.9371299744, 22.749874115, 21.5080127716, 15.9133787155, 10.4392642975, 2.73315954208, 0.872070729733, 0.255435466766, 0.041194871068, 0.00519650336355, 0.000256231665844], "dvar": [0.0186526086181, 4.99840497971, 86.4544067383, 248.206893921, 623.429260254, 559.319519043, 388.630401611, 1015.7388916, 642.829589844, 628.633300781, 238.249389648, 409.976257324, 752.391601562, 317.222839355, 773.95690918, 671.26739502, 159.49949646, 667.0390625, 500.122467041, 835.529663086, 358.867004395, 235.841491699, 139.441070557, 497.399475098, 279.701690674, 939.489624023, 1000.78045654, 512.63458252, 1458.67529297, 1334.33032227, 943.762512207, 816.489990234, 479.866455078, 216.430892944, 22.6870517731, 3.53989982605, 0.267447143793, 0.0154736218974, 0.000315986952046, 6.73978320265e-07], "dvar2": [0.0383467823267, 10.6219110489, 204.551651001, 587.579772949, 1702.63537598, 1523.52429199, 998.518554688, 2418.18408203, 1657.73168945, 1355.98852539, 501.955230713, 773.570800781, 1624.22827148, 636.704101562, 1668.57202148, 1291.80761719, 275.459533691, 1161.85388184, 1079.47558594, 1743.06347656, 653.028442383, 411.874755859, 201.224441528, 830.40246582, 452.309295654, 1910.91833496, 2158.81054688, 921.706481934, 3068.18408203, 3142.92480469, 1915.77246094, 1581.83215332, 975.656738281, 483.912109375, 43.5968666077, 6.23381376266, 0.654516637325, 0.0379679389298, 0.000772317638621, 1.28241902075e-06], "max": [1.74055123329, 23.2594394684, 101.739044189, 186.928253174, 304.120574951, 228.575744629, 170.026611328, 347.080780029, 193.38079834, 211.324539185, 215.118667603, 209.079483032, 244.17250061, 153.920898438, 248.695571899, 239.230926514, 149.322601318, 284.876281738, 218.796096802, 224.309921265, 228.953887939, 133.783950806, 123.726501465, 212.18951416, 208.392990112, 356.562316895, 349.51159668, 238.551177979, 426.777557373, 259.497802734, 236.700286865, 231.565353394, 193.307861328, 135.195953369, 58.2982177734, 29.3716316223, 10.6526002884, 3.84593701363, 0.524618446827, 0.0246744528413], "mean": [0.0924283191562, 1.20274055004, 3.56500077248, 5.19908285141, 6.87445831299, 7.87385845184, 9.36114120483, 15.6362781525, 11.7056837082, 12.5771493912, 8.55513477325, 9.28039836884, 13.8004293442, 8.00733375549, 14.1595392227, 11.6179561615, 6.34067153931, 12.0934076309, 8.55063819885, 10.595580101, 8.15469741821, 7.26789569855, 6.52392053604, 9.41527271271, 7.19670963287, 10.9925880432, 10.6199808121, 10.6881761551, 15.2432384491, 14.5418252945, 13.7047281265, 13.4194335938, 9.70164775848, 5.76031637192, 1.89276874065, 0.731720209122, 0.195077776909, 0.0329316854477, 0.00382422585972, 0.000233360595303], "median": [0.00955537706614, 0.0530110672116, 0.325704962015, 0.468876481056, 0.445746302605, 1.07119369507, 2.11876392365, 4.67260980606, 3.3779835701, 2.25848579407, 0.995645642281, 1.21433484554, 1.41385257244, 1.46700835228, 2.54563140869, 1.3093162775, 1.11687648296, 1.28270626068, 0.994257807732, 0.998998761177, 0.971489369869, 0.992248058319, 0.933152019978, 0.93844461441, 0.812794268131, 0.618807017803, 0.486786574125, 0.413240373135, 0.553581297398, 0.494353532791, 0.297984451056, 0.371000081301, 0.237505197525, 0.145745635033, 0.101103916764, 0.0488692298532, 0.0189887695014, 0.00186879746616, 8.67078342708e-05, 1.49524439621e-05], "min": [2.75329567224e-14, 1.84427682002e-13, 4.14574163844e-13, 7.38800188561e-13, 6.45499842813e-12, 2.06703855421e-11, 2.06150183729e-11, 1.04465212522e-11, 7.45124448254e-12, 1.063773028e-11, 1.06674478279e-11, 6.52859537265e-12, 5.58024937022e-12, 9.77077706937e-12, 1.78035346882e-11, 1.02369007368e-11, 3.58082383189e-11, 2.48370976563e-11, 1.34370445326e-10, 4.64402322153e-10, 3.43804068548e-10, 1.46174822246e-10, 2.08256495382e-10, 1.11099608679e-10, 2.45214459849e-10, 1.50277443267e-10, 2.48395609637e-10, 3.62396529452e-10, 5.06883979234e-10, 2.51599324708e-10, 2.69348737758e-10, 2.67807859222e-10, 1.99545283075e-10, 1.15830858793e-10, 7.82548678635e-11, 6.05694938649e-11, 3.96811056236e-11, 1.52263410214e-11, 2.83459345406e-12, 3.11191122784e-13], "var": [0.0358393788338, 8.0994977951, 99.8563537598, 262.496673584, 479.091949463, 420.657867432, 358.120422363, 1014.22814941, 569.909484863, 758.313232422, 381.367797852, 578.633911133, 1116.15002441, 486.285980225, 1206.59887695, 1077.33666992, 291.555786133, 1089.59814453, 625.056762695, 1065.44470215, 506.244995117, 367.63494873, 286.093505859, 834.157592773, 483.887329102, 1364.16687012, 1332.70837402, 936.255493164, 2007.37097168, 1404.65576172, 1200.45947266, 1098.48156738, 642.919372559, 275.199035645, 35.3930397034, 6.3242726326, 0.421123743057, 0.0224397480488, 0.000463574862806, 1.42779992984e-06]}, "gfcc": {"mean": [-62.7175331116, 69.5438842773, -95.5976638794, 26.7285690308, -68.6936035156, 13.4198656082, -41.0882339478, 6.99891042709, -23.2131824493, 5.10207366943, -10.1113796234, 7.59854316711, -8.46173381805], "cov": [[9568.84082031, -2703.29541016, 909.871520996, 294.852111816, -689.708312988, 530.717712402, -546.660095215, -72.0916290283, -179.486099243, 119.8673172, -144.543334961, -2.98619198799, -166.533477783], [-2703.29541016, 2783.44555664, 152.541595459, 315.845062256, 815.047119141, -143.771606445, 395.185699463, -161.359024048, 122.753669739, -269.301727295, 67.9172439575, -185.062408447, -27.4896659851], [909.871520996, 152.541595459, 1410.5489502, 363.95223999, 479.226959229, 441.612304688, 94.0933837891, 123.810562134, -16.5007362366, 115.991424561, -42.9370307922, 16.5887928009, -182.884292603], [294.852111816, 315.845062256, 363.95223999, 495.45489502, 182.119110107, 175.550598145, 58.8280448914, -54.6482467651, -11.7135152817, -127.601783752, -13.9120721817, -99.142906189, -56.851272583], [-689.708312988, 815.047119141, 479.226959229, 182.119110107, 600.830322266, 115.632270813, 237.457290649, 66.1337051392, 42.7371368408, 28.8199462891, 26.1311569214, -4.87264251709, -48.6660461426], [530.717712402, -143.771606445, 441.612304688, 175.550598145, 115.632270813, 296.721496582, 34.9128074646, 49.0799407959, 14.2431430817, 87.0082702637, 34.2400360107, 28.0052261353, -46.9785232544], [-546.660095215, 395.185699463, 94.0933837891, 58.8280448914, 237.457290649, 34.9128074646, 289.244049072, 124.330406189, 40.8409576416, 12.9145116806, 83.1449813843, 27.0326709747, -5.01685523987], [-72.0916290283, -161.359024048, 123.810562134, -54.6482467651, 66.1337051392, 49.0799407959, 124.330406189, 296.785888672, 82.9172973633, 75.2755661011, 25.594121933, 134.756652832, 17.5606327057], [-179.486099243, 122.753669739, -16.5007362366, -11.7135152817, 42.7371368408, 14.2431430817, 40.8409576416, 82.9172973633, 219.062408447, 54.5345344543, 18.1866779327, -0.102342113853, 67.0805282593], [119.8673172, -269.301727295, 115.991424561, -127.601783752, 28.8199462891, 87.0082702637, 12.9145116806, 75.2755661011, 54.5345344543, 254.095825195, 56.6352539062, 63.3072395325, 3.98663330078], [-144.543334961, 67.9172439575, -42.9370307922, -13.9120721817, 26.1311569214, 34.2400360107, 83.1449813843, 25.594121933, 18.1866779327, 56.6352539062, 173.667678833, 75.526222229, -12.4877786636], [-2.98619198799, -185.062408447, 16.5887928009, -99.142906189, -4.87264251709, 28.0052261353, 27.0326709747, 134.756652832, -0.102342113853, 63.3072395325, 75.526222229, 226.214187622, 54.8846702576], [-166.533477783, -27.4896659851, -182.884292603, -56.851272583, -48.6660461426, -46.9785232544, -5.01685523987, 17.5606327057, 67.0805282593, 3.98663330078, -12.4877786636, 54.8846702576, 167.032440186]], "icov": [[0.00018581909535, 0.000199196307221, -0.000163312404766, -8.32556688692e-05, 7.43314230931e-05, -2.94146448141e-05, 4.53214197478e-05, 0.000164366094396, -9.92514324025e-05, 0.000137049297336, -6.03356711508e-05, 1.60240797413e-05, 3.51762391801e-05], [0.000199196307221, 0.00146312208381, -0.000252415338764, -5.22135742358e-05, -0.00154381385073, 0.000952428905293, -0.000691405555699, 0.00140338100027, -0.00118252669927, 0.00139176752418, -0.000658150704112, 8.13777078292e-05, 0.000160763054737], [-0.000163312404766, -0.000252415338764, 0.00256367539987, -0.000516200962011, -0.00134568568319, -0.0024133217521, 0.00057147629559, -0.000610839982983, 0.000202461742447, -0.000738252245355, 0.00178221112583, -0.000881786108948, 0.00179676513653], [-8.32556688692e-05, -5.22135742358e-05, -0.000516200962011, 0.00512167112902, -0.000742510601413, -0.00314496271312, 2.35682864513e-06, 6.37839002593e-06, 1.84250493476e-05, 0.00369104254059, -0.0012794570066, 0.00223001884297, -0.00093894865131], [7.43314230931e-05, -0.00154381385073, -0.00134568568319, -0.000742510601413, 0.00619723415002, 1.41126674862e-05, -0.00269218883477, 0.000194763968466, 0.000331574614393, -0.0022442182526, 0.00183420942631, -0.00119684578385, 0.000252956990153], [-2.94146448141e-05, 0.000952428905293, -0.0024133217521, -0.00314496271312, 1.41126674862e-05, 0.0102624455467, -0.000781453039963, 0.00103150459472, -0.00101869099308, -0.00239195325412, -0.00178452010732, -0.000901097781025, -0.000197933666641], [4.53214197478e-05, -0.000691405555699, 0.00057147629559, 2.35682864513e-06, -0.00269218883477, -0.000781453039963, 0.00992732867599, -0.00609568832442, 0.00248104217462, 0.000519509369042, -0.00517323194072, 0.00399848585948, -0.0022166413255], [0.000164366094396, 0.00140338100027, -0.000610839982983, 6.37839002593e-06, 0.000194763968466, 0.00103150459472, -0.00609568832442, 0.0107217300683, -0.00520656071603, 0.000290599622531, 0.0042513422668, -0.00692218448967, 0.00344117521308], [-9.92514324025e-05, -0.00118252669927, 0.000202461742447, 1.84250493476e-05, 0.000331574614393, -0.00101869099308, 0.00248104217462, -0.00520656071603, 0.00882868934423, -0.00196009338833, -0.00241770455614, 0.00448391679674, -0.00478657335043], [0.000137049297336, 0.00139176752418, -0.000738252245355, 0.00369104254059, -0.0022442182526, -0.00239195325412, 0.000519509369042, 0.000290599622531, -0.00196009338833, 0.00929675064981, -0.00333155854605, 0.00150588410906, -0.000706501014065], [-6.03356711508e-05, -0.000658150704112, 0.00178221112583, -0.0012794570066, 0.00183420942631, -0.00178452010732, -0.00517323194072, 0.0042513422668, -0.00241770455614, -0.00333155854605, 0.0132986158133, -0.0076912343502, 0.00534951779991], [1.60240797413e-05, 8.13777078292e-05, -0.000881786108948, 0.00223001884297, -0.00119684578385, -0.000901097781025, 0.00399848585948, -0.00692218448967, 0.00448391679674, 0.00150588410906, -0.0076912343502, 0.0130155086517, -0.0066198236309], [3.51762391801e-05, 0.000160763054737, 0.00179676513653, -0.00093894865131, 0.000252956990153, -0.000197933666641, -0.0022166413255, 0.00344117521308, -0.00478657335043, -0.000706501014065, 0.00534951779991, -0.0066198236309, 0.0118000544608]]}, "melbands": {"dmean": [0.000787545752246, 0.00142208870966, 0.000823501555715, 0.000538646185305, 0.000306359579554, 0.000295234814985, 0.000160742230946, 0.000119985867059, 4.82195391669e-05, 4.70833911095e-05, 4.88918449264e-05, 2.31284211623e-05, 2.90301832138e-05, 2.86424510705e-05, 1.29315358208e-05, 1.21315142678e-05, 1.86123106687e-05, 1.1455310414e-05, 1.25489868879e-05, 1.13352807602e-05, 8.81574396772e-06, 6.43697103442e-06, 5.95531309955e-06, 3.7482911921e-06, 6.21097888143e-06, 3.57623980562e-06, 5.08504035679e-06, 6.99475776855e-06, 6.13859219811e-06, 5.38838503417e-06, 5.0528869906e-06, 9.27873588807e-06, 8.35005994304e-06, 8.82429412741e-06, 7.46419027564e-06, 1.12551342681e-05, 7.29864677851e-06, 7.1330564424e-06, 8.06473872217e-06, 4.2583492359e-06], "dmean2": [0.00117263896391, 0.00208727875724, 0.0012764618732, 0.000957892974839, 0.000524029310327, 0.000481708149891, 0.000280505395494, 0.000200778362341, 7.84733711043e-05, 7.65348595451e-05, 7.61649789638e-05, 3.8376529119e-05, 4.55087574665e-05, 4.55019144283e-05, 2.02588707907e-05, 1.78227455763e-05, 2.75311358564e-05, 1.803478699e-05, 2.14146693907e-05, 1.77495276148e-05, 1.30246053232e-05, 1.0069932614e-05, 8.71534666658e-06, 5.64927859159e-06, 9.24101004784e-06, 5.08425864609e-06, 7.27863880456e-06, 1.03209476947e-05, 9.89271302387e-06, 8.15224666439e-06, 7.50061644794e-06, 1.44661898958e-05, 1.31450960907e-05, 1.43693796417e-05, 1.19767410069e-05, 1.65911187651e-05, 1.17956633403e-05, 1.07707219286e-05, 1.33845369419e-05, 7.06487480784e-06], "dvar": [3.26776716975e-06, 1.24449898067e-05, 5.6930766732e-06, 3.17712942888e-06, 5.53887900878e-07, 4.45028518925e-07, 1.40340532084e-07, 7.49405302258e-08, 1.3439731994e-08, 1.51382923974e-08, 1.90292883673e-08, 6.05647132446e-09, 6.21080253893e-09, 6.19567952498e-09, 1.44954748205e-09, 1.52825763156e-09, 3.03410696567e-09, 1.28379673558e-09, 1.31607269527e-09, 1.31144539672e-09, 7.10656866687e-10, 3.2907254699e-10, 4.40096653564e-10, 9.76875733083e-11, 4.02654964926e-10, 9.32684277033e-11, 2.65727467808e-10, 4.92569818267e-10, 4.79395745323e-10, 1.96359303817e-10, 1.70649980258e-10, 5.96020288679e-10, 3.26211863078e-10, 3.86875864677e-10, 2.4789692521e-10, 6.59290233518e-10, 2.24429516638e-10, 2.40592851197e-10, 3.18352177953e-10, 1.21408827436e-10], "dvar2": [6.49261028229e-06, 2.84675079456e-05, 1.1984455341e-05, 8.84019209479e-06, 1.41173688917e-06, 1.05737501599e-06, 3.65505769651e-07, 1.55336834951e-07, 2.77413487737e-08, 2.89256743002e-08, 4.17022540944e-08, 1.21559118327e-08, 1.37000339961e-08, 1.37206885853e-08, 2.87902612861e-09, 2.75643841086e-09, 5.35863620144e-09, 2.59529864266e-09, 3.48140183348e-09, 2.36775021811e-09, 1.33975686101e-09, 6.28803564773e-10, 7.05796143752e-10, 1.67883429381e-10, 6.7454586361e-10, 1.42320114027e-10, 5.33878274922e-10, 9.59586077265e-10, 1.01673414132e-09, 4.03378913605e-10, 2.99546609739e-10, 1.26048282922e-09, 7.52394591075e-10, 9.03957797505e-10, 5.38480537937e-10, 1.27794153038e-09, 4.52603565737e-10, 4.85797291283e-10, 7.18719639359e-10, 2.72664307799e-10], "max": [0.0197074171156, 0.0379717797041, 0.0271533001214, 0.018788959831, 0.00684291310608, 0.00711301062256, 0.00299938372336, 0.00235436181538, 0.00158338050824, 0.00115266279317, 0.00123163918033, 0.000685908948071, 0.000679640797898, 0.000838340492919, 0.000431993510574, 0.000477089779451, 0.000603271182626, 0.000330112903612, 0.000327650806867, 0.000464960758109, 0.000209298668779, 0.000141890384839, 0.000204102689167, 8.35135724628e-05, 0.000196766282897, 0.000121342134662, 0.000188714533579, 0.000245646951953, 0.000223118215217, 0.000177782727405, 0.000145120618981, 0.00027921088622, 0.000163532007718, 0.000149917890667, 0.000120418568258, 0.000253765669186, 9.76344163064e-05, 0.000134526446345, 0.000126894417917, 0.000113247835543], "mean": [0.00110199465416, 0.00186302943621, 0.000972306123003, 0.000516537635121, 0.000359274738003, 0.000344295694958, 0.000168268146808, 0.000137163093314, 6.38711717329e-05, 5.73986726522e-05, 6.7668275733e-05, 3.08568232867e-05, 4.03467129217e-05, 3.6924626329e-05, 1.70477633219e-05, 1.54139743245e-05, 2.37824770011e-05, 1.37097404149e-05, 1.23898407765e-05, 1.27676230477e-05, 1.00878132798e-05, 7.97982374934e-06, 7.76207434683e-06, 5.20680259797e-06, 8.06874777481e-06, 4.3947834456e-06, 5.61809338251e-06, 8.10924757388e-06, 6.89216903993e-06, 5.91296702623e-06, 6.12225494478e-06, 9.31836348173e-06, 7.5487050708e-06, 7.72774637881e-06, 6.78584183333e-06, 1.04236769403e-05, 7.18834553481e-06, 6.56297697788e-06, 7.24509573047e-06, 3.98361999032e-06], "median": [8.07626202004e-05, 0.000156498281285, 9.50039102463e-05, 5.21702677361e-05, 7.81995477155e-05, 9.98854447971e-05, 4.37440830865e-05, 1.9924595108e-05, 6.74492775943e-06, 6.03602939009e-06, 6.25270786259e-06, 5.01158137922e-06, 8.22523088573e-06, 3.77473747903e-06, 2.5244646622e-06, 1.8696978259e-06, 2.4032649435e-06, 1.41036002788e-06, 1.10638188744e-06, 1.21806442621e-06, 9.67410187513e-07, 1.03178581412e-06, 7.55422547627e-07, 7.01841827322e-07, 6.65497339014e-07, 5.2161254871e-07, 4.48277148735e-07, 3.77840990495e-07, 3.07604892669e-07, 2.60314777734e-07, 2.11204209677e-07, 2.85041096504e-07, 2.68176052032e-07, 2.36123995023e-07, 1.66055926343e-07, 1.40581178698e-07, 2.42227372382e-07, 1.75788585466e-07, 1.13893221965e-07, 1.11139591752e-07], "min": [2.57933655598e-16, 2.30457733204e-16, 2.39443561634e-16, 9.94904888692e-16, 8.11829887389e-16, 2.4206939024e-16, 1.13147878704e-16, 1.17677797671e-16, 8.45038647885e-17, 3.51408757351e-17, 2.86343226676e-17, 3.92654828194e-17, 5.64374082289e-17, 2.20255234589e-17, 6.7843322286e-17, 6.30328302727e-17, 4.2257610162e-17, 1.27712067602e-16, 5.85295531388e-16, 5.97386397314e-16, 3.4685649789e-16, 1.11601103898e-16, 2.15975388865e-16, 1.67989357746e-16, 7.07953048991e-17, 1.58250278798e-16, 1.44883569495e-16, 9.79768304045e-17, 1.51706909576e-16, 1.46159412871e-16, 2.2000895976e-16, 3.0743492278e-16, 1.6784058435e-16, 1.46365903622e-16, 2.04342238367e-16, 9.19583436769e-17, 1.86752474252e-16, 1.77271819762e-16, 7.10846725297e-17, 1.00666325448e-16], "var": [5.93635149926e-06, 1.99258265638e-05, 7.44929184293e-06, 2.21066375161e-06, 5.27101519765e-07, 4.49872175068e-07, 1.21194290159e-07, 9.63532400533e-08, 2.19717257721e-08, 2.18634799154e-08, 2.77625051837e-08, 9.26834875514e-09, 9.36922806005e-09, 8.35593017001e-09, 2.10238670917e-09, 2.74192846206e-09, 4.8575401479e-09, 1.6994015084e-09, 1.35466049489e-09, 1.81358628115e-09, 9.73135572124e-10, 4.66094329798e-10, 7.4114003823e-10, 1.73197109432e-10, 6.73450406552e-10, 1.71456251974e-10, 3.73223729699e-10, 7.57427898179e-10, 6.27271345977e-10, 3.07651598641e-10, 3.21193655006e-10, 8.12966083341e-10, 3.80992459803e-10, 4.08037076349e-10, 2.91643736938e-10, 8.47279690852e-10, 2.94469282291e-10, 3.15955567265e-10, 3.7337252734e-10, 1.55022786275e-10]}, "mfcc": {"mean": [-713.258666992, 104.687789917, 23.1419811249, 15.7056322098, -0.210763245821, 2.18191885948, -4.11651277542, 0.380209296942, -5.63987779617, -3.2996275425, -3.23814272881, 1.09365975857, 1.79357159138], "cov": [[8811.60546875, -2773.95751953, 944.575866699, -443.73425293, -57.7616081238, 97.8109664917, -238.275634766, -220.110305786, -218.988479614, -26.7628097534, -160.071731567, -118.50554657, -22.4429683685], [-2773.95751953, 2321.97729492, -166.658721924, 567.185302734, 325.430755615, 199.560256958, 256.972076416, 206.181106567, 99.0752487183, 48.7147064209, 69.607383728, 47.4166755676, -22.0846939087], [944.575866699, -166.658721924, 917.149353027, 149.554611206, 365.020782471, 266.679870605, 143.049865723, 116.454048157, 6.12291955948, 110.27960968, 57.5929794312, 21.4335365295, 21.5243549347], [-443.73425293, 567.185302734, 149.554611206, 416.414428711, 233.872451782, 167.38760376, 161.503494263, 139.210479736, 33.9708595276, 37.9256629944, -4.87234926224, -5.4037156105, -29.1350364685], [-57.7616081238, 325.430755615, 365.020782471, 233.872451782, 370.565246582, 226.505905151, 138.722076416, 102.832794189, 36.5471153259, 82.7527084351, 37.9056015015, 9.14282417297, -0.875621378422], [97.8109664917, 199.560256958, 266.679870605, 167.38760376, 226.505905151, 271.869445801, 136.367172241, 26.3928470612, -14.0395011902, 64.9705657959, 26.5499458313, 0.78764373064, -13.1908941269], [-238.275634766, 256.972076416, 143.049865723, 161.503494263, 138.722076416, 136.367172241, 274.046478271, 128.278167725, 10.3302631378, 20.1919288635, 65.3309402466, 71.0914382935, 49.9189300537], [-220.110305786, 206.181106567, 116.454048157, 139.210479736, 102.832794189, 26.3928470612, 128.278167725, 232.799407959, 73.4233169556, 2.661901474, 7.75801753998, 63.174446106, 52.0109291077], [-218.988479614, 99.0752487183, 6.12291955948, 33.9708595276, 36.5471153259, -14.0395011902, 10.3302631378, 73.4233169556, 194.627868652, 76.767288208, 14.3613977432, 19.4280605316, 27.6906738281], [-26.7628097534, 48.7147064209, 110.27960968, 37.9256629944, 82.7527084351, 64.9705657959, 20.1919288635, 2.661901474, 76.767288208, 161.624969482, 73.5206604004, 15.8785600662, -15.7799882889], [-160.071731567, 69.607383728, 57.5929794312, -4.87234926224, 37.9056015015, 26.5499458313, 65.3309402466, 7.75801753998, 14.3613977432, 73.5206604004, 149.057373047, 70.0642623901, 26.8293056488], [-118.50554657, 47.4166755676, 21.4335365295, -5.4037156105, 9.14282417297, 0.78764373064, 71.0914382935, 63.174446106, 19.4280605316, 15.8785600662, 70.0642623901, 142.726531982, 84.5964431763], [-22.4429683685, -22.0846939087, 21.5243549347, -29.1350364685, -0.875621378422, -13.1908941269, 49.9189300537, 52.0109291077, 27.6906738281, -15.7799882889, 26.8293056488, 84.5964431763, 142.680084229]], "icov": [[0.000216281725443, 0.000246528652497, -0.000172625295818, -6.00560488238e-05, 5.51365556021e-05, -0.000155777932378, 8.24045418995e-05, 3.1671985198e-05, 8.31503493828e-05, 8.55888447404e-06, 0.000158355745953, -2.84406887658e-05, 3.41320060215e-06], [0.000246528652497, 0.00110799632967, 0.000396215735236, -0.000990189262666, -0.000542292022146, -0.000316022371408, 0.000109351276478, -7.87126336945e-05, -0.000126375045511, 0.000325471541146, -0.000390269240597, -0.000146073827636, 0.000126718397951], [-0.000172625295818, 0.000396215735236, 0.00267639243975, 0.000232143836911, -0.00219409354031, -0.000948722881731, 0.000220679183258, -0.00121489434969, 0.000565170135815, -0.000611446273979, -0.000576106423978, 0.000392405869206, -0.000359336583642], [-6.00560488238e-05, -0.000990189262666, 0.000232143836911, 0.00639631506056, -0.0017953265924, -0.000887346977834, -0.00148388324305, -0.00205036741681, 0.000320129474858, -0.000694464892149, 0.00165280781221, 0.000600280356593, 0.00147626909893], [5.51365556021e-05, -0.000542292022146, -0.00219409354031, -0.0017953265924, 0.00948175229132, -0.00447925552726, 0.000984973856248, -0.00141070294194, -0.000645397929475, -0.000501655973494, -0.000925179920159, 0.00103009387385, -0.000664172461256], [-0.000155777932378, -0.000316022371408, -0.000948722881731, -0.000887346977834, -0.00447925552726, 0.0115526719019, -0.00446741795167, 0.00378550658934, 0.00155024672858, -0.00273898476735, 0.00252967118286, -0.000478202709928, 0.000316216028295], [8.24045418995e-05, 0.000109351276478, 0.000220679183258, -0.00148388324305, 0.000984973856248, -0.00446741795167, 0.00897216331214, -0.0037246462889, 0.000544041395187, 0.00175349786878, -0.00370033271611, -0.000547072559129, -0.00138618354686], [3.1671985198e-05, -7.87126336945e-05, -0.00121489434969, -0.00205036741681, -0.00141070294194, 0.00378550658934, -0.0037246462889, 0.0102838659659, -0.0031303409487, 0.00157630734611, 0.00236762268469, -0.00337655423209, -8.27848089102e-06], [8.31503493828e-05, -0.000126375045511, 0.000565170135815, 0.000320129474858, -0.000645397929475, 0.00155024672858, 0.000544041395187, -0.0031303409487, 0.00917815696448, -0.00627578422427, 0.00184975657612, 0.00118612824008, -0.00246268301271], [8.55888447404e-06, 0.000325471541146, -0.000611446273979, -0.000694464892149, -0.000501655973494, -0.00273898476735, 0.00175349786878, 0.00157630734611, -0.00627578422427, 0.0142160002142, -0.00674858829007, -0.000809323857538, 0.00309682847001], [0.000158355745953, -0.000390269240597, -0.000576106423978, 0.00165280781221, -0.000925179920159, 0.00252967118286, -0.00370033271611, 0.00236762268469, 0.00184975657612, -0.00674858829007, 0.0143084442243, -0.00562154315412, 0.000585828907788], [-2.84406887658e-05, -0.000146073827636, 0.000392405869206, 0.000600280356593, 0.00103009387385, -0.000478202709928, -0.000547072559129, -0.00337655423209, 0.00118612824008, -0.000809323857538, -0.00562154315412, 0.0155848693103, -0.00708240829408], [3.41320060215e-06, 0.000126718397951, -0.000359336583642, 0.00147626909893, -0.000664172461256, 0.000316216028295, -0.00138618354686, -8.27848089102e-06, -0.00246268301271, 0.00309682847001, 0.000585828907788, -0.00708240829408, 0.0128071708605]]}, "spectral_contrast_coeffs": {"dmean": [0.0649145394564, 0.059948310256, 0.0526146069169, 0.0415240302682, 0.0311603434384, 0.0241361968219], "dmean2": [0.105980500579, 0.094072856009, 0.0823333784938, 0.0649363324046, 0.0506747476757, 0.038766592741], "dvar": [0.00455433735624, 0.00314356642775, 0.00252511259168, 0.00137798616197, 0.00107850215863, 0.000590771320276], "dvar2": [0.00977170374244, 0.00702020619065, 0.00568064209074, 0.00298108789138, 0.00227592187002, 0.00139633228537], "max": [-0.278567820787, -0.365974843502, -0.445026963949, -0.502913832664, -0.551848948002, -0.624229669571], "mean": [-0.643384754658, -0.711135566235, -0.753571629524, -0.783060610294, -0.780951797962, -0.779745578766], "median": [-0.651641488075, -0.714119315147, -0.758233606815, -0.793343067169, -0.792783439159, -0.779763579369], "min": [-0.930802643299, -0.953628480434, -0.975684046745, -0.977698624134, -0.963359713554, -0.938097238541], "var": [0.0116065517068, 0.00728854630142, 0.00580641534179, 0.00438514631242, 0.00336531433277, 0.0017861375818]}, "spectral_contrast_valleys": {"dmean": [0.58283662796, 0.605222761631, 0.608778357506, 0.612914681435, 0.577076673508, 0.780179560184], "dmean2": [0.852636516094, 0.984141886234, 0.948156476021, 0.916318297386, 0.768910109997, 1.02961981297], "dvar": [0.29931011796, 0.459415972233, 0.518942177296, 0.470186054707, 0.504188835621, 0.864375054836], "dvar2": [0.500972151756, 0.959248065948, 1.10312819481, 0.912935137749, 0.894794344902, 1.56716549397], "max": [-5.60463094711, -4.764159679