{"lowlevel": {"average_loudness": 0.115201689303, "barkbands_crest": {"dmean": 1.37601315975, "dmean2": 1.99603736401, "dvar": 3.05110812187, "dvar2": 6.98586559296, "max": 26.767457962, "mean": 18.0653133392, "median": 17.9521522522, "min": 4.95912694931, "var": 23.8341026306}, "barkbands_flatness_db": {"dmean": 0.0208458732814, "dmean2": 0.0320624746382, "dvar": 0.000560583255719, "dvar2": 0.00125229707919, "max": 0.656845271587, "mean": 0.455054759979, "median": 0.465566188097, "min": 0.053385656327, "var": 0.00859489664435}, "barkbands_kurtosis": {"dmean": 5.91290092468, "dmean2": 8.58673477173, "dvar": 169.211303711, "dvar2": 435.076782227, "max": 475.22668457, "mean": 19.5623703003, "median": 6.87130355835, "min": -1.86825203896, "var": 1383.88220215}, "barkbands_skewness": {"dmean": 0.688785910606, "dmean2": 1.03561806679, "dvar": 0.796445250511, "dvar2": 1.79568946362, "max": 14.1483154297, "mean": 1.23510611057, "median": 0.965054452419, "min": -13.3629226685, "var": 8.95013618469}, "barkbands_spread": {"dmean": 0.813540637493, "dmean2": 1.20111274719, "dvar": 2.48435950279, "dvar2": 5.55739021301, "max": 69.7476272583, "mean": 3.35524201393, "median": 1.98058891296, "min": 0.0855621770024, "var": 25.9860115051}, "dissonance": {"dmean": 0.0581836029887, "dmean2": 0.101028509438, "dvar": 0.00359777268022, "dvar2": 0.0103241829202, "max": 0.499885350466, "mean": 0.289094895124, "median": 0.275616854429, "min": 0.0667819976807, "var": 0.00989694148302}, "dynamic_complexity": 9.94714164734, "erbbands_crest": {"dmean": 1.75979328156, "dmean2": 2.548589468, "dvar": 4.81099367142, "dvar2": 10.9216375351, "max": 34.0603942871, "mean": 21.7327518463, "median": 21.1064186096, "min": 2.55217409134, "var": 40.9977798462}, "erbbands_flatness_db": {"dmean": 0.0160171203315, "dmean2": 0.0239962432534, "dvar": 0.000325620610965, "dvar2": 0.000722853641491, "max": 0.652871370316, "mean": 0.500056684017, "median": 0.518619835377, "min": 0.0859418362379, "var": 0.00847271829844}, "erbbands_kurtosis": {"dmean": 3.29238724709, "dmean2": 4.77082490921, "dvar": 44.2195358276, "dvar2": 112.782249451, "max": 221.216308594, "mean": 10.0318508148, "median": 2.74997138977, "min": -1.91658449173, "var": 447.649810791}, "erbbands_skewness": {"dmean": 0.465771079063, "dmean2": 0.655712902546, "dvar": 0.423498362303, "dvar2": 0.844811677933, "max": 10.9597625732, "mean": 1.03559684753, "median": 1.06284785271, "min": -7.69749593735, "var": 5.22952318192}, "erbbands_spread": {"dmean": 1.07186126709, "dmean2": 1.5246090889, "dvar": 3.33379650116, "dvar2": 6.50390338898, "max": 80.1958084106, "mean": 5.67862272263, "median": 3.79504537582, "min": 0.305444836617, "var": 44.3999519348}, "hfc": {"dmean": 2.48144650459, "dmean2": 3.34509944916, "dvar": 54.0061225891, "dvar2": 99.525352478, "max": 222.477722168, "mean": 9.19307231903, "median": 3.4457552433, "min": 1.20071645129e-16, "var": 275.3777771}, "melbands_crest": {"dmean": 1.71035408974, "dmean2": 2.56404161453, "dvar": 5.75622653961, "dvar2": 13.4481163025, "max": 35.7236022949, "mean": 22.1281871796, "median": 22.1206054688, "min": 1.70777869225, "var": 42.2057914734}, "melbands_flatness_db": {"dmean": 0.0217513907701, "dmean2": 0.0335610806942, "dvar": 0.000701739045326, "dvar2": 0.0015615131706, "max": 0.765085995197, "mean": 0.553388655186, "median": 0.566451132298, "min": 0.00329168769531, "var": 0.0121716130525}, "melbands_kurtosis": {"dmean": 4.42394924164, "dmean2": 6.75836181641, "dvar": 58.4369468689, "dvar2": 155.647079468, "max": 182.677490234, "mean": 14.6238107681, "median": 6.77512550354, "min": -1.85615849495, "var": 509.921661377}, "melbands_skewness": {"dmean": 0.636911451817, "dmean2": 0.985469639301, "dvar": 0.620621740818, "dvar2": 1.43422818184, "max": 11.3839445114, "mean": 1.16742169857, "median": 1.13583564758, "min": -8.02317333221, "var": 5.17728233337}, "melbands_spread": {"dmean": 1.71332371235, "dmean2": 2.59011673927, "dvar": 16.2138538361, "dvar2": 37.6533966064, "max": 153.730728149, "mean": 7.31881093979, "median": 3.59615826607, "min": 0.249930098653, "var": 269.775543213}, "pitch_salience": {"dmean": 0.0410553887486, "dmean2": 0.0616600699723, "dvar": 0.00361502054147, "dvar2": 0.00904405489564, "max": 0.885625481606, "mean": 0.366553664207, "median": 0.374241530895, "min": 0.0548452623188, "var": 0.0206746347249}, "silence_rate_20dB": {"dmean": 0, "dmean2": 0, "dvar": 0, "dvar2": 0, "max": 1, "mean": 1, "median": 1, "min": 1, "var": 0}, "silence_rate_30dB": {"dmean": 0.00343642616645, "dmean2": 0.0068752146326, "dvar": 0.00342434132472, "dvar2": 0.00751580391079, "max": 1, "mean": 0.987289607525, "median": 1, "min": 0, "var": 0.012547810562}, "silence_rate_60dB": {"dmean": 0.0481099672616, "dmean2": 0.0962530076504, "dvar": 0.0457951910794, "dvar2": 0.0952393636107, "max": 1, "mean": 0.402954310179, "median": 0, "min": 0, "var": 0.24058072269}, "spectral_centroid": {"dmean": 42.0211753845, "dmean2": 59.4372367859, "dvar": 28018.7207031, "dvar2": 35358.5859375, "max": 11386.5888672, "mean": 759.249328613, "median": 649.09588623, "min": 361.637664795, "var": 237324.6875}, "spectral_complexity": {"dmean": 0.690034389496, "dmean2": 1.07115852833, "dvar": 2.1877450943, "dvar2": 4.34935569763, "max": 19, "mean": 3.80796980858, "median": 4, "min": 0, "var": 7.19533729553}, "spectral_decrease": {"dmean": 8.57279469635e-10, "dmean2": 1.15958698199e-09, "dvar": 6.0829249245e-18, "dvar2": 1.17641072506e-17, "max": 1.4801826307e-17, "mean": -3.48096795832e-09, "median": -1.24623644737e-09, "min": -6.8153660493e-08, "var": 3.80981820826e-17}, "spectral_energy": {"dmean": 0.00345713831484, "dmean2": 0.00466912146658, "dvar": 9.83351274044e-05, "dvar2": 0.000189417027286, "max": 0.277407109737, "mean": 0.0139718009159, "median": 0.00499823177233, "min": 1.08457086563e-20, "var": 0.000611988652963}, "spectral_energyband_high": {"dmean": 4.97798033905e-08, "dmean2": 7.748826647e-08, "dvar": 5.34894773873e-13, "dvar2": 1.31439119571e-12, "max": 3.31308256136e-05, "mean": 5.31391570746e-08, "median": 4.54170345776e-09, "min": 8.11782613139e-21, "var": 5.13066260484e-13}, "spectral_energyband_low": {"dmean": 9.17234647204e-05, "dmean2": 0.000145089550642, "dvar": 6.81758507426e-08, "dvar2": 1.68999875427e-07, "max": 0.00478471117094, "mean": 0.000105578292278, "median": 8.12389862404e-06, "min": 5.5134712978e-23, "var": 8.59390851815e-08}, "spectral_energyband_middle_high": {"dmean": 0.00105250510387, "dmean2": 0.00151468475815, "dvar": 1.77159781742e-05, "dvar2": 3.60098056262e-05, "max": 0.103590898216, "mean": 0.00253922212869, "median": 0.000521972193383, "min": 1.43654655602e-21, "var": 4.40029652964e-05}, "spectral_energyband_middle_low": {"dmean": 0.00271483534016, "dmean2": 0.00375266605988, "dvar": 7.50712715671e-05, "dvar2": 0.000153149856487, "max": 0.23240275681, "mean": 0.0114122470841, "median": 0.00295164738782, "min": 3.73321620259e-22, "var": 0.000482132687466}, "spectral_entropy": {"dmean": 0.164371535182, "dmean2": 0.240518406034, "dvar": 0.0613432824612, "dvar2": 0.12829375267, "max": 9.80547046661, "mean": 4.81361532211, "median": 4.72965812683, "min": 3.08541083336, "var": 0.670356273651}, "spectral_flux": {"dmean": 0.0132030593231, "dmean2": 0.0210110172629, "dvar": 0.0010134507902, "dvar2": 0.00245258375071, "max": 0.32089394331, "mean": 0.02078666538, "median": 0.0107535459101, "min": 1.04142729163e-10, "var": 0.00120681978296}, "spectral_kurtosis": {"dmean": 52.5386505127, "dmean2": 91.1565093994, "dvar": 3430.53857422, "dvar2": 9548.515625, "max": 712.62322998, "mean": 191.961486816, "median": 188.113739014, "min": -1.18563449383, "var": 11061.5234375}, "spectral_rms": {"dmean": 0.000371125352103, "dmean2": 0.000487248762511, "dvar": 6.56966278711e-07, "dvar2": 1.23839652133e-06, "max": 0.0164511725307, "mean": 0.00277734757401, "median": 0.00220823986456, "min": 3.25287236383e-12, "var": 5.91737807554e-06}, "spectral_rolloff": {"dmean": 69.6756057739, "dmean2": 123.047462463, "dvar": 151183.328125, "dvar2": 273086.1875, "max": 18906.1523438, "mean": 1145.73217773, "median": 710.595703125, "min": 366.064453125, "var": 4763332}, "spectral_skewness": {"dmean": 1.68852114677, "dmean2": 2.93302702904, "dvar": 3.0702111721, "dvar2": 8.25324058533, "max": 22.2140216827, "mean": 10.4278373718, "median": 11.1383609772, "min": -0.0736333876848, "var": 13.9486913681}, "spectral_spread": {"dmean": 362449.21875, "dmean2": 621683.5625, "dvar": 515734306816, "dvar2": 808743600128, "max": 39956440, "mean": 1247919.25, "median": 726010.3125, "min": 139655.03125, "var": 3492244094980.0}, "spectral_strongpeak": {"dmean": 0.377404540777, "dmean2": 0.547737717628, "dvar": 0.640684962273, "dvar2": 1.3546667099, "max": 16.5811462402, "mean": 1.90562045574, "median": 1.45208656788, "min": 0, "var": 3.15417075157}, "zerocrossingrate": {"dmean": 0.00251523568295, "dmean2": 0.00290769897401, "dvar": 5.61315428058e-05, "dvar2": 7.29597450118e-05, "max": 0.50927734375, "mean": 0.0407618395984, "median": 0.02880859375, "min": 0.015625, "var": 0.00282285129651}, "barkbands": {"dmean": [1.30955663735e-06, 5.45576003788e-05, 3.65624364349e-05, 1.94701242435e-05, 2.5237304726e-05, 0.000194496024051, 0.000922339328099, 0.00121189432684, 0.000497439526953, 0.000117588104331, 0.000244090973865, 0.000357236567652, 0.000343361723935, 0.000104666003608, 5.70352676732e-06, 5.05066100231e-06, 1.03306240362e-06, 4.4252965381e-07, 5.19400543908e-07, 4.48707595524e-08, 1.00870138908e-08, 4.76332573385e-09, 2.02954275608e-09, 6.5621447165e-10, 5.2802007211e-10, 5.19408072108e-10, 5.63881663584e-10], "dmean2": [2.13470252675e-06, 9.03207765077e-05, 6.15738535998e-05, 3.18392521876e-05, 3.90602144762e-05, 0.000286547379801, 0.00132320751436, 0.00164728518575, 0.000700136937667, 0.000185839337064, 0.000364622013876, 0.000537389714736, 0.000473801454064, 0.000145453013829, 1.04098326119e-05, 7.25599420548e-06, 1.70187831827e-06, 7.59128170102e-07, 8.20590173589e-07, 7.26224413938e-08, 1.6796651181e-08, 7.49153983293e-09, 3.36764216513e-09, 1.1491759766e-09, 9.34027299948e-10, 9.16786146998e-10, 9.94183180225e-10], "dvar": [1.45086139283e-11, 2.94658555333e-08, 1.07332880361e-08, 5.59504442776e-09, 7.07319074422e-08, 1.92432844415e-06, 2.69584161288e-05, 3.32642521244e-05, 6.06747562415e-06, 2.98687240274e-07, 3.02876787828e-06, 1.59014859946e-06, 8.76376907399e-06, 6.35759192846e-07, 4.65039784459e-09, 2.22375806658e-09, 2.51280315999e-11, 1.52750017496e-11, 6.95474303147e-11, 4.39136276171e-13, 7.73976101444e-15, 7.14847103088e-15, 4.27398425624e-16, 4.81618384315e-18, 2.04946569905e-18, 1.9502271866e-18, 2.21167726474e-18], "dvar2": [3.39614968092e-11, 7.83698297369e-08, 2.62743604651e-08, 1.32243247464e-08, 1.84356991895e-07, 4.09262565881e-06, 5.47202034795e-05, 6.36262702756e-05, 1.17188692457e-05, 6.58194664993e-07, 6.72917985867e-06, 4.0768013605e-06, 1.46332122313e-05, 1.13968610549e-06, 1.37486422247e-08, 4.51214665631e-09, 6.37071576048e-11, 3.69580095694e-11, 1.83151743771e-10, 1.11201911394e-12, 2.04878414987e-14, 1.50252870584e-14, 1.13269269113e-15, 1.39409959871e-17, 6.45832761061e-18, 6.14389309872e-18, 6.97837937045e-18], "max": [5.1656159485e-05, 0.00335016730241, 0.00177017296664, 0.00234117708169, 0.0128860305995, 0.0407719947398, 0.202798068523, 0.209033489227, 0.0529740266502, 0.0119577478617, 0.0594623312354, 0.019090257585, 0.10242652148, 0.0324795208871, 0.00248572533019, 0.00147544138599, 0.000163159420481, 0.000131601060275, 0.000365857209545, 2.92834811262e-05, 2.57874080489e-06, 3.77751621272e-06, 7.9848069845e-07, 5.32246389184e-08, 2.60236312499e-08, 2.50013503234e-08, 2.68109321411e-08], "mean": [1.20605022857e-06, 5.20166213391e-05, 4.0492235712e-05, 1.98488451133e-05, 4.1852297727e-05, 0.000698259449564, 0.00362742715515, 0.0050847157836, 0.00179042213131, 0.00021846537129, 0.000540281063877, 0.000924827414565, 0.000702370889485, 0.000217210836126, 4.52058111478e-06, 5.39137681699e-06, 1.40253985137e-06, 4.71225035881e-07, 5.85130067066e-07, 4.40604992491e-08, 1.08113820119e-08, 4.81931206053e-09, 2.05858596836e-09, 8.42401870482e-10, 8.1753576131e-10, 9.49720302401e-10, 1.11493436705e-09], "median": [2.1242530579e-07, 2.85582132165e-06, 3.47673267242e-06, 9.80158915809e-07, 1.85694420907e-06, 5.19963668921e-06, 4.74046864838e-05, 0.000321593659464, 9.50633038883e-05, 6.58145063426e-06, 1.26453569465e-05, 7.12051987648e-05, 4.47724778496e-06, 1.64416337611e-06, 1.66035732718e-07, 7.07442211478e-08, 7.21590751596e-08, 4.96854690724e-09, 6.93035628885e-09, 1.15440956794e-09, 7.15377868055e-10, 3.83684806149e-10, 3.52007478721e-10, 3.86718157497e-10, 4.791332886e-10, 6.1847588162e-10, 7.62879426297e-10], "min": [2.90453536593e-24, 2.00714061078e-23, 1.41051311748e-23, 2.5793776293e-23, 4.83318762985e-23, 2.34318951884e-23, 9.94722930572e-23, 8.08003908818e-23, 6.39915383509e-23, 5.93961522098e-23, 6.72179794532e-23, 9.76215748864e-23, 1.08315221856e-22, 5.06281399531e-23, 1.51377990091e-22, 3.75725285748e-22, 1.04241752401e-22, 1.09669058631e-22, 2.26799908388e-22, 3.39947654285e-22, 4.9255222842e-22, 6.4898316922e-22, 5.80112052854e-22, 1.09703516075e-21, 1.01778758261e-21, 1.52075156329e-21, 2.86296479436e-21], "var": [1.49984538678e-11, 2.86271149008e-08, 1.31041746343e-08, 5.65661695262e-09, 1.33038540184e-07, 9.06495733943e-06, 0.000153228378622, 0.000270798773272, 2.73957011814e-05, 6.40109135475e-07, 6.17561227045e-06, 4.11469636674e-06, 2.76502196357e-05, 1.64513107848e-06, 2.60756638504e-09, 2.73609224166e-09, 4.9438630273e-11, 1.9733183837e-11, 5.75604494624e-11, 4.20554270662e-13, 6.54674348383e-15, 7.42255395195e-15, 3.31393143814e-16, 3.85331996754e-18, 1.64950919043e-18, 1.58322720794e-18, 1.78436775441e-18]}, "erbbands": {"dmean": [0.000657177413814, 0.0152045246214, 0.0434560030699, 0.0564047805965, 0.0635297521949, 0.0974450781941, 0.231205761433, 2.31522083282, 10.4583873749, 15.3050489426, 30.7634925842, 10.3900995255, 4.31944179535, 3.60295557976, 12.1153059006, 15.1774215698, 15.5216264725, 7.36294841766, 2.91588616371, 0.368376404047, 0.19051964581, 0.0527732148767, 0.0332457311451, 0.027598509565, 0.0105318780988, 0.00183493318036, 0.00108634016942, 0.000394063070416, 0.000259119377006, 8.94449403859e-05, 5.2914088883e-05, 1.99267396965e-05, 1.06698671516e-05, 7.26074040358e-06, 5.03831370224e-06, 3.26663439409e-06, 1.76343769454e-06, 5.54842756628e-07, 1.76004425612e-06, 3.99214195568e-06], "dmean2": [0.0010795367416, 0.0250968653709, 0.0715954452753, 0.0934230461717, 0.10101313144, 0.153079628944, 0.37862443924, 3.27348041534, 15.1792697906, 21.9732971191, 40.5443191528, 14.7642755508, 6.58382368088, 5.85290241241, 18.3575439453, 21.8095378876, 21.2477397919, 9.80060482025, 4.45156431198, 0.58800214529, 0.274217665195, 0.0862833335996, 0.0560496598482, 0.0444092452526, 0.0166591536254, 0.00297758495435, 0.001716226805, 0.000643842096906, 0.00040310373879, 0.000141727505252, 8.81417945493e-05, 3.36041157425e-05, 1.77150432137e-05, 1.17417885122e-05, 7.93749677541e-06, 5.02147031511e-06, 2.64572508968e-06, 8.50453432122e-07, 2.36821597355e-06, 5.38193307875e-06], "dvar": [3.89719753002e-06, 0.00226882402785, 0.0151480175555, 0.0369279198349, 0.0640303194523, 2.31897878647, 2.29481840134, 236.984893799, 3335.24047852, 6972.99462891, 21272.4765625, 1881.01672363, 400.855194092, 247.416473389, 8916.44238281, 2312.09912109, 13825.0351562, 2030.57458496, 1030.4276123, 13.1400814056, 2.51838827133, 0.05367590487, 0.0758305042982, 0.100814975798, 0.0491983853281, 0.000665517582092, 0.000263443187578, 1.3768347344e-05, 2.47452080657e-05, 4.78701394968e-07, 6.7060557285e-07, 1.43062219848e-08, 1.1458023419e-09, 3.4968422602e-10, 1.56506280158e-10, 6.4616235973e-11, 1.89487210644e-11, 1.97128706587e-12, 2.48340514819e-11, 1.30294788847e-10], "dvar2": [1.04637911136e-05, 0.00600950000808, 0.0369327105582, 0.0876984000206, 0.158273771405, 6.05402231216, 5.27414703369, 475.201568604, 7098.94384766, 16098.0917969, 37722.0664062, 3826.24829102, 876.089477539, 621.623168945, 20884.0332031, 5425.32714844, 21975.9375, 3632.72949219, 1912.08227539, 35.0482826233, 5.14250135422, 0.137403711677, 0.181518241763, 0.268183141947, 0.129982754588, 0.00175334629603, 0.00066165602766, 3.61863785656e-05, 5.1963779697e-05, 1.05984486254e-06, 1.83233885309e-06, 3.93703807333e-08, 3.34254623979e-09, 9.72041891423e-10, 4.01221667001e-10, 1.50009907274e-10, 4.09584206829e-11, 4.56801176746e-12, 4.69594502173e-11, 2.49618575809e-10], "max": [0.0274438206106, 0.957216918468, 2.30797028542, 5.3331284523, 7.23351335526, 74.7910995483, 52.6788673401, 494.322937012, 1582.14111328, 2399.00170898, 5730.40722656, 782.006103516, 465.135894775, 348.178863525, 3189.95532227, 918.053283691, 4221.63671875, 1401.1328125, 1383.61047363, 147.599319458, 48.877456665, 5.88086462021, 9.32591056824, 13.2109699249, 9.84120750427, 0.940388560295, 0.730433285236, 0.132270678878, 0.22194480896, 0.0210827421397, 0.035396758467, 0.00460887560621, 0.00115178839769, 0.000554521277081, 0.00039230164839, 0.000265788869001, 0.00014757461031, 4.71623316116e-05, 0.000147301761899, 0.000324485590681], "mean": [0.000650612986647, 0.0145939206704, 0.0475070141256, 0.0623229295015, 0.0692860707641, 0.203753650188, 0.580157101154, 9.23100852966, 43.0440635681, 47.2351913452, 149.205612183, 40.3086471558, 9.66528129578, 5.82384824753, 26.8893375397, 42.4365348816, 34.0256233215, 15.2991294861, 6.21460437775, 0.446444481611, 0.220448225737, 0.0688940212131, 0.0391292758286, 0.0332387834787, 0.010860234499, 0.00183871714398, 0.0011001980165, 0.000451842730399, 0.000269213225693, 0.000102693826193, 6.03765147389e-05, 3.23624590237e-05, 2.33260143432e-05, 1.90289647435e-05, 1.52124057422e-05, 1.10830205813e-05, 6.40624921289e-06, 1.85138310371e-06, 7.1075478445e-06, 1.60427935043e-05], "median": [4.26891820098e-05, 0.000818651169538, 0.00365250371397, 0.00441126618534, 0.00454064458609, 0.0073878322728, 0.028569361195, 0.0934438481927, 0.641419410706, 5.0243601799, 8.01530265808, 3.33619379997, 1.56000971794, 0.642884671688, 1.50168299675, 4.56577301025, 1.41404867172, 0.557613670826, 0.0844132080674, 0.0217770617455, 0.0104612726718, 0.00499580660835, 0.00143901980482, 0.000657913624309, 0.000286022608634, 8.44087335281e-05, 4.87221223011e-05, 3.29414724547e-05, 2.12297181861e-05, 1.84031341632e-05, 1.49945672092e-05, 1.30995176733e-05, 1.13156438601e-05, 9.50885350903e-06, 7.38973903935e-06, 5.19652348885e-06, 2.98413760902e-06, 9.43555733102e-07, 2.62474759438e-06, 5.77813671043e-06], "min": [6.58827143575e-22, 4.01808677492e-21, 1.14864068927e-20, 7.03027717322e-20, 7.79264753854e-20, 2.03126335703e-19, 2.16338206618e-19, 2.15071534607e-19, 1.39006368111e-18, 1.36454660678e-18, 1.54377265728e-18, 1.23858292271e-18, 2.5180831616e-18, 1.34233008649e-18, 3.90491990774e-18, 3.87340846231e-18, 4.82756998429e-18, 2.58996763838e-18, 6.0545604877e-18, 1.74596419876e-17, 1.37392152029e-17, 6.8475938438e-18, 5.66106157132e-18, 8.66540016768e-18, 1.37334092222e-17, 1.70061567603e-17, 1.8047327343e-17, 2.26774377345e-17, 2.61419232572e-17, 2.00233906889e-17, 1.61610296372e-17, 2.55683462943e-17, 1.41076232497e-17, 1.02780971325e-17, 8.04767905702e-18, 5.29005865888e-18, 2.62814698673e-18, 1.32417285166e-18, 3.5096616816e-19, 4.67976623758e-20], "var": [3.94130256609e-06, 0.00222921883687, 0.0186847839504, 0.0406299941242, 0.0676692947745, 4.54295253754, 9.7285785675, 1302.96716309, 20700.6796875, 22451.0488281, 204479.515625, 8406.36230469, 842.480957031, 389.199768066, 16066.5322266, 8361.59179688, 45270.109375, 6336.42480469, 2296.78881836, 11.4271497726, 3.12150740623, 0.0841588973999, 0.100023776293, 0.0837819725275, 0.0400873236358, 0.000568323768675, 0.00024829726317, 1.21935136121e-05, 2.56577495747e-05, 4.91200978558e-07, 4.89932006076e-07, 1.25403314399e-08, 1.71362579682e-09, 8.79063988268e-10, 5.41662548148e-10, 2.88295692874e-10, 9.66569810301e-11, 7.45487872822e-12, 1.53509663314e-10, 8.03915545244e-10]}, "gfcc": {"mean": [-354.776702881, 192.140609741, -120.541923523, -104.739852905, -46.6535644531, -4.85889387131, -13.6105318069, 0.0146177178249, 3.90162611008, 8.27055740356, 5.37605714798, -14.9282798767, -20.8012828827], "cov": [[17836.9414062, 6940.08154297, -2021.53991699, -1295.87927246, 2636.8737793, 310.870544434, 1042.40270996, -154.081970215, 441.75592041, -424.660644531, 556.973693848, -487.891021729, -131.130218506], [6940.08154297, 3593.35424805, -596.849975586, -820.090209961, 1042.12341309, 210.900177002, 317.105712891, -180.53793335, 115.977020264, -211.272399902, 299.778747559, -131.121795654, -19.3715305328], [-2021.53991699, -596.849975586, 756.541992188, 156.867141724, -532.124084473, -215.523254395, -270.11114502, -19.0691318512, 2.44581532478, 71.4327316284, -43.0466995239, 118.691375732, 95.309387207], [-1295.87927246, -820.090209961, 156.867141724, 751.356384277, 67.1042480469, -140.753463745, -217.252166748, -88.1788406372, -148.93309021, 32.124797821, -90.698097229, 12.1738882065, 42.9536132812], [2636.8737793, 1042.12341309, -532.124084473, 67.1042480469, 890.922790527, 267.688781738, 210.122940063, -71.5495529175, -45.9642601013, -141.303222656, 65.773727417, -105.186264038, -50.6281509399], [310.870544434, 210.900177002, -215.523254395, -140.753463745, 267.688781738, 438.375854492, 327.2762146, 33.4434814453, -83.7419967651, -143.95274353, -57.0184860229, -8.40400886536, -69.7379760742], [1042.40270996, 317.105712891, -270.11114502, -217.252166748, 210.122940063, 327.2762146, 493.797088623, 202.439544678, 2.93686366081, -201.109191895, -100.933418274, -59.4810028076, -64.6704483032], [-154.081970215, -180.53793335, -19.0691318512, -88.1788406372, -71.5495529175, 33.4434814453, 202.439544678, 278.203277588, 146.112976074, -49.8064041138, -118.327514648, -76.4844970703, -39.5865135193], [441.75592041, 115.977020264, 2.44581532478, -148.93309021, -45.9642601013, -83.7419967651, 2.93686366081, 146.112976074, 269.25680542, 120.603607178, -4.45624542236, -107.929039001, -41.4451980591], [-424.660644531, -211.272399902, 71.4327316284, 32.124797821, -141.303222656, -143.95274353, -201.109191895, -49.8064041138, 120.603607178, 248.585418701, 108.121200562, -41.1614494324, -50.5183906555], [556.973693848, 299.778747559, -43.0466995239, -90.698097229, 65.773727417, -57.0184860229, -100.933418274, -118.327514648, -4.45624542236, 108.121200562, 233.515136719, 88.5058670044, -19.9096240997], [-487.891021729, -131.121795654, 118.691375732, 12.1738882065, -105.186264038, -8.40400886536, -59.4810028076, -76.4844970703, -107.929039001, -41.1614494324, 88.5058670044, 229.223983765, 101.520347595], [-131.130218506, -19.3715305328, 95.309387207, 42.9536132812, -50.6281509399, -69.7379760742, -64.6704483032, -39.5865135193, -41.4451980591, -50.5183906555, -19.9096240997, 101.520347595, 166.895828247]], "icov": [[0.000776541652158, -0.000909847090952, 0.000599742576014, -0.000405116239563, -0.00055616023019, 0.00221134000458, -0.00293249823153, 0.00282414187677, -0.00246524158865, 0.000929901667405, -0.000254751474131, -0.000178980088094, 0.000302912521875], [-0.000909847090952, 0.00269853812642, -0.00171305984259, 0.00250354385935, -0.00165764894336, -0.00069382210495, 0.00192192348186, -0.000535172526725, 0.00165331864264, 0.000501350092236, -0.0004387916415, 0.00111511035357, -0.000411008950323], [0.000599742576014, -0.00171305984259, 0.00503915455192, -0.00443186564371, 0.00564012723044, -0.00297894771211, 0.00152201543096, 0.00140289636329, -0.00595636107028, 0.0070367497392, -0.00544593110681, 0.00254534534179, -0.00162313063629], [-0.000405116239563, 0.00250354385935, -0.00443186564371, 0.0105911940336, -0.0109930075705, 0.00878862198442, -0.00256856670603, -0.0014434021432, 0.0112112937495, -0.0147947706282, 0.0151325976476, -0.00861850101501, 0.00413085240871], [-0.00055616023019, -0.00165764894336, 0.00564012723044, -0.0109930075705, 0.016492664814, -0.0150790894404, 0.00887538399547, -0.00195867964067, -0.0099533861503, 0.01942252554, -0.0202502179891, 0.0138060105965, -0.00675063626841], [0.00221134000458, -0.00069382210495, -0.00297894771211, 0.00878862198442, -0.0150790894404, 0.025112843141, -0.0203229784966, 0.0129788843915, 0.00271611637436, -0.0158913377672, 0.0208554789424, -0.0156534425914, 0.0100929401815], [-0.00293249823153, 0.00192192348186, 0.00152201543096, -0.00256856670603, 0.00887538399547, -0.0203229784966, 0.0265784133226, -0.0207265540957, 0.00748521322384, 0.00829477421939, -0.00995861459523, 0.00843569543213, -0.00465582124889], [0.00282414187677, -0.000535172526725, 0.00140289636329, -0.0014434021432, -0.00195867964067, 0.0129788843915, -0.0207265540957, 0.0331244654953, -0.0250275228173, 0.0138719305396, -0.00108029495459, -0.000610473623965, 0.00460814870894], [-0.00246524158865, 0.00165331864264, -0.00595636107028, 0.0112112937495, -0.0099533861503, 0.00271611637436, 0.00748521322384, -0.0250275228173, 0.0381580665708, -0.0350273251534, 0.0219666529447, -0.0101723689586, 0.00153209699783], [0.000929901667405, 0.000501350092236, 0.0070367497392, -0.0147947706282, 0.01942252554, -0.0158913377672, 0.00829477421939, 0.0138719305396, -0.0350273251534, 0.0569154061377, -0.0448486693203, 0.0292226932943, -0.00826217327267], [-0.000254751474131, -0.0004387916415, -0.00544593110681, 0.0151325976476, -0.0202502179891, 0.0208554789424, -0.00995861459523, -0.00108029495459, 0.0219666529447, -0.0448486693203, 0.0525935553014, -0.0360072664917, 0.017477100715], [-0.000178980088094, 0.00111511035357, 0.00254534534179, -0.00861850101501, 0.0138060105965, -0.0156534425914, 0.00843569543213, -0.000610473623965, -0.0101723689586, 0.0292226932943, -0.0360072664917, 0.0332535095513, -0.0166791006923], [0.000302912521875, -0.000411008950323, -0.00162313063629, 0.00413085240871, -0.00675063626841, 0.0100929401815, -0.00465582124889, 0.00460814870894, 0.00153209699783, -0.00826217327267, 0.017477100715, -0.0166791006923, 0.0176144372672]]}, "melbands": {"dmean": [1.08319891297e-05, 2.22478774958e-05, 9.29972247832e-06, 5.6749399846e-06, 7.01613316778e-06, 5.52988167328e-05, 0.000170719533344, 0.000171994834091, 0.000251821882557, 5.22493246535e-05, 2.06716849789e-05, 1.27455032271e-05, 3.44762520399e-05, 3.76875868824e-05, 3.25240689563e-05, 4.24253994424e-05, 9.84856524155e-06, 6.26574637863e-06, 4.0170846205e-07, 4.91750427045e-07, 1.46127831613e-07, 6.13081709844e-08, 2.988582537e-08, 2.02173477959e-08, 2.51126248685e-08, 1.55475863295e-08, 1.02833397353e-09, 1.27654486981e-09, 1.01641162153e-09, 3.90060678201e-10, 1.4209626531e-10, 1.35313468763e-10, 8.61758511772e-11, 3.95658436569e-11, 2.67519461444e-11, 1.99440516185e-11, 1.03880714794e-11, 6.66623483844e-12, 5.67317200162e-12, 4.98580950831e-12], "dmean2": [1.79016005859e-05, 3.59808145731e-05, 1.48956060002e-05, 8.92848220246e-06, 1.13763235277e-05, 7.90484045865e-05, 0.000247205520282, 0.000245853007073, 0.000333286385285, 7.59952454246e-05, 3.18914317177e-05, 2.11664792005e-05, 5.28757555003e-05, 5.66078924749e-05, 4.6699300583e-05, 5.72032731725e-05, 1.30307635118e-05, 9.54812458076e-06, 7.38756284591e-07, 7.3339441542e-07, 2.1225871194e-07, 1.02368403532e-07, 4.94476743995e-08, 3.44743469327e-08, 4.02185662551e-08, 2.42423450203e-08, 1.8671038049e-09, 2.03814187749e-09, 1.58136836959e-09, 6.5299149421e-10, 2.35280267491e-10, 2.11746370438e-10, 1.3610386429e-10, 6.49034229139e-11, 4.55020673917e-11, 3.37016144158e-11, 1.8017750486e-11, 1.17841170849e-11, 1.00254943236e-11, 8.79717392682e-12], "dvar": [1.13825493475e-09, 4.13841050317e-09, 1.05578079612e-09, 3.76457132134e-09, 2.6237034767e-09, 1.33692509507e-07, 9.07603123323e-07, 8.23294442398e-07, 1.34987124056e-06, 5.37618554119e-08, 9.99980898087e-09, 3.12164738503e-09, 7.07003238176e-08, 2.97525009074e-08, 1.28601440608e-08, 1.6598588104e-07, 2.69693933852e-09, 5.26554178037e-09, 2.23385875769e-11, 2.05305755036e-11, 1.15962914184e-12, 8.668807588e-14, 4.03234947332e-14, 2.72294885343e-14, 8.48023704752e-14, 1.36962679696e-13, 1.5210512094e-16, 4.41246064353e-16, 3.60822138896e-16, 1.24094677743e-17, 3.57442775222e-18, 7.83974983926e-18, 1.70310398007e-18, 1.10529980175e-19, 1.82240955814e-19, 8.80929904028e-20, 2.72095367555e-21, 5.00146699639e-22, 2.38183209116e-22, 1.75362113156e-22], "dvar2": [3.05146863333e-09, 1.03510258143e-08, 2.45027975687e-09, 1.01114929763e-08, 5.91029358787e-09, 2.85796062371e-07, 1.89150136976e-06, 1.92821948986e-06, 2.39603355112e-06, 1.12247420248e-07, 2.19110702915e-08, 7.82722597847e-09, 1.69772036429e-07, 7.41854009334e-08, 2.81496266297e-08, 2.73169121101e-07, 4.98842389618e-09, 9.64940483072e-09, 6.58974333434e-11, 4.42939296352e-11, 2.35618707704e-12, 2.20057750234e-13, 9.71771084825e-14, 6.64365074456e-14, 2.24755286539e-13, 3.59057374761e-13, 4.49297138987e-16, 1.10966006535e-15, 9.02877723588e-16, 3.2139407869e-17, 9.34866541572e-18, 1.64497355233e-17, 3.5968790884e-18, 2.44886613551e-19, 5.02987747581e-19, 2.40601533635e-19, 7.15221797423e-21, 1.57028495994e-21, 7.53391194567e-22, 5.53216868965e-22], "max": [0.000584732624702, 0.00132525758818, 0.00093505816767, 0.00291937752627, 0.00172109762207, 0.0100379036739, 0.0329860635102, 0.028235334903, 0.0431025214493, 0.0041276649572, 0.0022959811613, 0.00127748865634, 0.00874457042664, 0.00469195796177, 0.00221334397793, 0.0142590831965, 0.00155578996055, 0.00318842264824, 0.000169535880559, 0.000132094370201, 3.27386660501e-05, 8.16031570139e-06, 6.41002679913e-06, 5.35293702342e-06, 1.20194854389e-05, 1.64896064234e-05, 4.58167249917e-07, 9.35723278417e-07, 8.65336403422e-07, 1.04141157919e-07, 7.42967998235e-08, 1.25261991002e-07, 5.70305260794e-08, 9.73549241223e-09, 1.81869701521e-08, 1.29164980933e-08, 1.80137238459e-09, 6.52496112696e-10, 3.14739428964e-10, 2.44923109571e-10], "mean": [1.04356704469e-05, 2.41666293732e-05, 1.08335680125e-05, 8.97926292964e-06, 1.67287744262e-05, 0.000225458556088, 0.000690801593009, 0.000533773389179, 0.00121745851357, 0.000176633417141, 4.18624840677e-05, 1.82679304999e-05, 7.15576752555e-05, 9.61434197961e-05, 8.98990474525e-05, 8.58538696775e-05, 1.96168693947e-05, 1.32678842419e-05, 3.04459319977e-07, 5.01524993979e-07, 1.71655074155e-07, 7.95240637785e-08, 3.61748782041e-08, 2.2275131073e-08, 3.03457383666e-08, 1.49010190853e-08, 1.06162445501e-09, 1.20561227668e-09, 9.91270954209e-10, 4.00615457474e-10, 1.65810629116e-10, 1.33936944868e-10, 8.60950338799e-11, 4.16250089952e-11, 2.59908310152e-11, 2.00935448835e-11, 1.20906193044e-11, 8.95503549786e-12, 7.9589425328e-12, 7.35232621313e-12], "median": [6.13547229023e-07, 1.79358767127e-06, 7.85933309544e-07, 3.24063591961e-07, 4.50664515483e-07, 1.27149348828e-06, 7.48547608964e-06, 3.83261212846e-05, 4.74323533126e-05, 1.52107140821e-05, 1.62746130172e-06, 1.04093066966e-06, 1.64831578786e-06, 8.74392935657e-06, 3.95646020479e-06, 2.95962479413e-07, 3.20346430271e-07, 5.94362106199e-08, 1.17616174578e-08, 7.2525714323e-09, 6.0767679777e-09, 3.91919163789e-09, 9.81961290059e-10, 3.56249446609e-10, 2.84148621299e-10, 9.72595823323e-11, 6.57712426189e-11, 2.50087034415e-11, 1.98879576002e-11, 1.77201465307e-11, 1.11261347358e-11, 7.66121627943e-12, 7.49389786336e-12, 6.34956063422e-12, 5.48871321657e-12, 5.17008354531e-12, 4.91683386714e-12, 4.55185064988e-12, 4.35894202677e-12, 4.24127226395e-12], "min": [5.76448036918e-24, 6.23739143781e-24, 1.11312557241e-23, 1.03056993762e-23, 7.84770661427e-24, 5.41581015996e-24, 2.07582846529e-23, 1.5475961591e-23, 1.15787717825e-23, 8.85019657466e-24, 1.27513922189e-23, 5.04496073196e-24, 1.07786001896e-23, 1.06174643057e-23, 1.42198063068e-23, 7.72607294016e-24, 4.5252086805e-24, 8.11099367456e-24, 1.57558636397e-23, 2.69530736576e-23, 1.3459872931e-23, 6.29524097457e-24, 6.4037476088e-24, 4.30283786322e-24, 7.24737873224e-24, 8.54748224633e-24, 8.64903783269e-24, 1.3016301966e-23, 1.10095794515e-23, 1.18982407276e-23, 1.20104561914e-23, 1.6855357459e-23, 9.44755045108e-24, 1.22759654728e-23, 9.69014726754e-24, 9.42793858012e-24, 1.7797528748e-23, 1.00345237069e-23, 7.85191360948e-24, 9.0789031283e-24], "var": [1.10701225964e-09, 4.91081708631e-09, 1.20215448707e-09, 6.15142115024e-09, 1.11878337705e-08, 7.02777015249e-07, 5.14879184266e-06, 2.43187196247e-06, 1.22300716612e-05, 1.94709841139e-07, 2.0878415441e-08, 5.0462483081e-09, 1.22629771226e-07, 6.12251440657e-08, 4.90613558668e-08, 5.28919429144e-07, 8.91063578479e-09, 1.18486918055e-08, 1.21975129649e-11, 2.3191407128e-11, 1.51387062608e-12, 1.52248249815e-13, 5.96853838054e-14, 3.48868578069e-14, 7.1635649886e-14, 1.13843925064e-13, 8.84445995488e-17, 4.15347158488e-16, 3.40998153329e-16, 1.07184872635e-17, 3.32735407312e-18, 8.11736736926e-18, 1.76102140881e-18, 1.11053947394e-19, 1.29102459673e-19, 6.44815269454e-20, 2.19318922067e-21, 3.63704055295e-22, 1.8904570704e-22, 1.41837796604e-22]}, "mfcc": {"mean": [-939.524841309, 181.840576172, 12.5276050568, -55.2380104065, -34.33228302, -9.85425186157, -4.45151281357, -5.43189144135, -3.41812038422, 7.40804672241, 20.4348945618, 21.0537052155, 9.187292099], "cov": [[6135.02392578, 4836.41601562, -539.409667969, -1138.02478027, 225.21232605, 501.257568359, 345.01675415, 280.067382812, 111.155403137, 103.426704407, 298.808685303, 274.881195068, 32.9184532166], [4836.41601562, 4019.54785156, -172.69052124, -961.164489746, 29.0365276337, 356.217712402, 258.19708252, 204.194152832, 81.4921646118, 62.0415534973, 234.921356201, 281.255065918, 102.084625244], [-539.409667969, -172.69052124, 426.559112549, 151.882675171, -142.57585144, -118.549484253, -107.228622437, -106.306983948, -50.6938362122, -33.9478530884, -41.5735549927, 7.4651465416, 64.7626800537], [-1138.02478027, -961.164489746, 151.882675171, 533.108337402, 223.164901733, -92.1301956177, -198.516296387, -192.300384521, -99.0251617432, -17.4394111633, -85.9876861572, -188.386154175, -102.564002991], [225.21232605, 29.0365276337, -142.57585144, 223.164901733, 393.717987061, 163.088989258, -33.2756538391, -88.8791503906, -74.2554397583, -3.68061614037, -13.3335800171, -135.405441284, -136.646575928], [501.257568359, 356.217712402, -118.549484253, -92.1301956177, 163.088989258, 261.279815674, 195.256790161, 67.1061248779, -38.100528717, -43.6827278137, 2.27581644058, -14.14179039, -67.8981323242], [345.01675415, 258.19708252, -107.228622437, -198.516296387, -33.2756538391, 195.256790161, 325.83102417, 269.142211914, 68.2703552246, -87.8142471313, -46.8900718689, 57.9440612793, 1.41690421104], [280.067382812, 204.194152832, -106.306983948, -192.300384521, -88.8791503906, 67.1061248779, 269.142211914, 408.185150146, 251.210357666, -74.5161819458, -112.568954468, 107.277458191, 93.4993667603], [111.155403137, 81.4921646118, -50.6938362122, -99.0251617432, -74.2554397583, -38.100528717, 68.2703552246, 251.210357666, 286.105865479, 83.849571228, -49.9446296692, 35.8819122314, 63.1877937317], [103.426704407, 62.0415534973, -33.9478530884, -17.4394111633, -3.68061614037, -43.6827278137, -87.8142471313, -74.5161819458, 83.849571228, 270.392730713, 193.807510376, -67.1166000366, -132.488220215], [298.808685303, 234.921356201, -41.5735549927, -85.9876861572, -13.3335800171, 2.27581644058, -46.8900718689, -112.568954468, -49.9446296692, 193.807510376, 312.48449707, 100.186523438, -126.075126648], [274.881195068, 281.255065918, 7.4651465416, -188.386154175, -135.405441284, -14.14179039, 57.9440612793, 107.277458191, 35.8819122314, -67.1166000366, 100.186523438, 348.997009277, 205.414962769], [32.9184532166, 102.084625244, 64.7626800537, -102.564002991, -136.646575928, -67.8981323242, 1.41690421104, 93.4993667603, 63.1877937317, -132.488220215, -126.075126648, 205.414962769, 365.514434814]], "icov": [[20.5092697144, -28.7204856873, 27.8430118561, -26.3751831055, 24.2758693695, -21.5846881866, 18.4173221588, -14.8023347855, 11.0699310303, -7.39513444901, 4.25885772705, -1.92859959602, 0.579644620419], [-28.7204856873, 40.2216033936, -38.997467041, 36.9497680664, -34.0153503418, 30.2488327026, -25.8127384186, 20.7471733093, -15.5155200958, 10.3645048141, -5.968542099, 2.70259070396, -0.812178492546], [27.8430118561, -38.997467041, 37.8275909424, -35.8594360352, 33.0347900391, -29.3949489594, 25.0959835052, -20.174123764, 15.085896492, -10.0743618011, 5.79903078079, -2.62443161011, 0.787820756435], [-26.3751831055, 36.9497680664, -35.8594360352, 34.0319213867, -31.3850708008, 27.9615764618, -23.8972854614, 19.2295665741, -14.3849086761, 9.60777759552, -5.52703428268, 2.50059986115, -0.749079704285], [24.2758693695, -34.0153503418, 33.0347900391, -31.3850708008, 29.0014305115, -25.8976383209, 22.1897830963, -17.8925476074, 13.4063301086, -8.96227359772, 5.15958023071, -2.33275842667, 0.700744390488], [-21.5846881866, 30.2488327026, -29.3949489594, 27.9615764618, -25.8976383209, 23.2154331207, -19.9801826477, 16.1848621368, -12.1787385941, 8.17314052582, -4.72003364563, 2.1386859417, -0.643933951855], [18.4173221588, -25.8127384186, 25.0959835052, -23.8972854614, 22.1897830963, -19.9801826477, 17.323595047, -14.1508712769, 10.7427244186, -7.267370224, 4.23169898987, -1.92982590199, 0.587936460972], [-14.8023347855, 20.7471733093, -20.174123764, 19.2295665741, -17.8925476074, 16.1848621368, -14.1508712769, 11.7011890411, -9.00537014008, 6.17532157898, -3.64130067825, 1.67961537838, -0.516672730446], [11.0699310303, -15.5155200958, 15.085896492, -14.3849086761, 13.4063301086, -12.1787385941, 10.7427244186, -9.00537014008, 7.0659327507, -4.94601392746, 2.98111152649, -1.40333783627, 0.441147774458], [-7.39513444901, 10.3645048141, -10.0743618011, 9.60777759552, -8.96227359772, 8.17314052582, -7.267370224, 6.17532157898, -4.94601392746, 3.55205535889, -2.1953458786, 1.05860280991, -0.341102838516], [4.25885772705, -5.968542099, 5.79903078079, -5.52703428268, 5.15958023071, -4.72003364563, 4.23169898987, -3.64130067825, 2.98111152649, -2.1953458786, 1.40061151981, -0.692835509777, 0.233535036445], [-1.92859959602, 2.70259070396, -2.62443161011, 2.50059986115, -2.33275842667, 2.1386859417, -1.92982590199, 1.67961537838, -1.40333783627, 1.05860280991, -0.692835509777, 0.355055302382, -0.123622342944], [0.579644620419, -0.812178492546, 0.787820756435, -0.749079704285, 0.700744390488, -0.643933951855, 0.587936460972, -0.516672730446, 0.441147774458, -0.341102838516, 0.233535036445, -0.123622342944, 0.0499500073493]]}, "spectral_contrast_coeffs": {"dmean": [0.0380503982306, 0.0331587083638, 0.0297798868269, 0.0252791494131, 0.0224959012121, 0.0233211349696], "dmean2": [0.064377091825, 0.0544643513858, 0.0473121330142, 0.0377673842013, 0.0356177873909, 0.0405822098255], "dvar": [0.000971444183961, 0.0012249473948, 0.000891467556357, 0.000560961896554, 0.000418819545303, 0.000624440726824], "dvar2": [0.00255488744006, 0.00286981416866, 0.00204099854454, 0.00121136032976, 0.000953758484684, 0.00170595140662], "max": [-0.424719512463, -0.257023841143, -0.505984961987, -0.421925008297, -0.600168287754, -0.669312238693], "mean": [-0.766726970673, -0.579241454601, -0.706354022026, -0.680106937885, -0.804030895233, -0.901259243488], "median": [-0.775611758232, -0.577784121037, -0.696133434772, -0.676452279091, -0.798857390881, -0.901173114777], "min": [-0.974231541157, -0.955630242825, -0.96548050642, -0.964973688126, -0.954880177975, -0.961810588837], "var": [0.0044522061944, 0.0158995948732, 0.00854220055044, 0.00860157143325, 0.00417574495077, 0.00112571578939]}, "spectral_contrast_valleys": {"dmean": [0.504779934883, 0.365839570761, 0.387803465128, 0.333523631096, 0.279876351357, 0.535448908806], "dmean2": [0.795341670513, 0.601671516895, 0.605298280716, 0.517880141735, 0.449784785509, 0.936806678772], "dvar": [0.238646313548, 0.219865620136, 0.332991600037, 0.312360912561, 0.206286013126, 0.325282454491], "dvar2": [0.435010880232, 0.379077345133, 0.587811231613, 0.574136912823, 0.383338958025, 0.828526556492], "max": [-6.83386182785, -5.3114824295, -5.21372699738, -5.97237682343, -8.34807395935, -11.9531650543], "mean": [-10.49