{"lowlevel": {"average_loudness": 0.07473231107, "barkbands_crest": {"dmean": 2.08766484261, "dmean2": 3.43797779083, "dvar": 4.034491539, "dvar2": 11.6483831406, "max": 26.047618866, "mean": 13.0474748611, "median": 12.3399181366, "min": 3.50592088699, "var": 22.6161746979}, "barkbands_flatness_db": {"dmean": 0.0189811997116, "dmean2": 0.0314481407404, "dvar": 0.000318556674756, "dvar2": 0.000857404374983, "max": 0.562221944332, "mean": 0.378661811352, "median": 0.381307989359, "min": 0.0319696739316, "var": 0.00398664921522}, "barkbands_kurtosis": {"dmean": 2.07483911514, "dmean2": 3.31410741806, "dvar": 11.2646894455, "dvar2": 26.2921562195, "max": 89.8766784668, "mean": 5.14774465561, "median": 3.16211628914, "min": -1.7078551054, "var": 46.1809616089}, "barkbands_skewness": {"dmean": 0.387347877026, "dmean2": 0.620657026768, "dvar": 0.190018430352, "dvar2": 0.460134297609, "max": 8.29574966431, "mean": 0.974161148071, "median": 1.03668785095, "min": -4.91166591644, "var": 1.57554626465}, "barkbands_spread": {"dmean": 0.963329970837, "dmean2": 1.56149816513, "dvar": 3.60904574394, "dvar2": 9.80724143982, "max": 101.843032837, "mean": 4.9537730217, "median": 4.01332569122, "min": 0.400159627199, "var": 16.8851413727}, "dissonance": {"dmean": 0.0374751091003, "dmean2": 0.0636164695024, "dvar": 0.0012106950162, "dvar2": 0.00328654889017, "max": 0.499996840954, "mean": 0.383548557758, "median": 0.389749526978, "min": 0.129319787025, "var": 0.00403101928532}, "dynamic_complexity": 6.00616073608, "erbbands_crest": {"dmean": 2.19855928421, "dmean2": 3.43226742744, "dvar": 5.21011400223, "dvar2": 13.4027080536, "max": 33.1397857666, "mean": 15.1373119354, "median": 14.1021356583, "min": 2.46815466881, "var": 40.5833206177}, "erbbands_flatness_db": {"dmean": 0.0138590987772, "dmean2": 0.022340811789, "dvar": 0.000190457591088, "dvar2": 0.000479708513012, "max": 0.585199534893, "mean": 0.39849665761, "median": 0.398039579391, "min": 0.046775419265, "var": 0.0038175766822}, "erbbands_kurtosis": {"dmean": 1.17692017555, "dmean2": 1.7832814455, "dvar": 4.4304356575, "dvar2": 10.2468490601, "max": 57.0476036072, "mean": 2.33534812927, "median": 0.796607732773, "min": -1.60842776299, "var": 21.2227516174}, "erbbands_skewness": {"dmean": 0.296426832676, "dmean2": 0.45882537961, "dvar": 0.106843478978, "dvar2": 0.253826797009, "max": 6.23400211334, "mean": 0.768112659454, "median": 0.699971795082, "min": -5.21650218964, "var": 0.804758787155}, "erbbands_spread": {"dmean": 1.71801412106, "dmean2": 2.61820793152, "dvar": 3.9690618515, "dvar2": 9.73655509949, "max": 71.5943908691, "mean": 11.4532623291, "median": 10.6617717743, "min": 0.516255438328, "var": 44.0685081482}, "hfc": {"dmean": 1.71505379677, "dmean2": 2.32881140709, "dvar": 30.9243965149, "dvar2": 49.6932907104, "max": 223.264862061, "mean": 7.95536136627, "median": 3.49738073349, "min": 1.07030037659e-16, "var": 240.624816895}, "melbands_crest": {"dmean": 2.50072455406, "dmean2": 4.13405227661, "dvar": 5.87450408936, "dvar2": 17.1346569061, "max": 33.7843017578, "mean": 16.3197154999, "median": 15.6989688873, "min": 1.0009264946, "var": 32.9249763489}, "melbands_flatness_db": {"dmean": 0.0209418293089, "dmean2": 0.0348984710872, "dvar": 0.000432237866335, "dvar2": 0.00108929933049, "max": 0.738629877567, "mean": 0.512386977673, "median": 0.520112037659, "min": 1.1648695164e-07, "var": 0.00788947939873}, "melbands_kurtosis": {"dmean": 2.35025072098, "dmean2": 3.74591708183, "dvar": 12.3402233124, "dvar2": 29.992647171, "max": 83.4722747803, "mean": 6.36302423477, "median": 3.96756029129, "min": -1.80436444283, "var": 63.293132782}, "melbands_skewness": {"dmean": 0.368224561214, "dmean2": 0.576317131519, "dvar": 0.137885600328, "dvar2": 0.324966460466, "max": 7.52566146851, "mean": 1.34863960743, "median": 1.37776815891, "min": -3.56721782684, "var": 1.7474950552}, "melbands_spread": {"dmean": 1.38693928719, "dmean2": 2.20660614967, "dvar": 8.86685276031, "dvar2": 17.7487201691, "max": 154.420120239, "mean": 8.68304824829, "median": 5.75102424622, "min": 0.616772353649, "var": 302.205230713}, "pitch_salience": {"dmean": 0.0527369379997, "dmean2": 0.0869233906269, "dvar": 0.00251454790123, "dvar2": 0.00669780839235, "max": 0.996094763279, "mean": 0.512099385262, "median": 0.51295119524, "min": 0.12464273721, "var": 0.0135496463627}, "silence_rate_20dB": {"dmean": 0.00037306471495, "dmean2": 0.000746268662624, "dvar": 0.000372919312213, "dvar2": 0.000745686760638, "max": 1, "mean": 0.999253988266, "median": 1, "min": 0, "var": 0.000745408877265}, "silence_rate_30dB": {"dmean": 0.00671516498551, "dmean2": 0.0134328361601, "dvar": 0.00667040748522, "dvar2": 0.0143724316731, "max": 1, "mean": 0.975941836834, "median": 1, "min": 0, "var": 0.023479891941}, "silence_rate_60dB": {"dmean": 0.0242492072284, "dmean2": 0.048507463187, "dvar": 0.0236606858671, "dvar2": 0.0521221831441, "max": 1, "mean": 0.249347254634, "median": 0, "min": 0, "var": 0.187180101871}, "spectral_centroid": {"dmean": 39.7556762695, "dmean2": 62.6236534119, "dvar": 26127.4277344, "dvar2": 40351.9609375, "max": 11797.5273438, "mean": 627.873291016, "median": 423.315673828, "min": 170.574905396, "var": 2019462.25}, "spectral_complexity": {"dmean": 1.04570043087, "dmean2": 1.73619401455, "dvar": 1.37540376186, "dvar2": 2.89611697197, "max": 21, "mean": 7.68948173523, "median": 8, "min": 0, "var": 17.0985412598}, "spectral_decrease": {"dmean": 1.0773335557e-09, "dmean2": 1.54009638376e-09, "dvar": 7.1701984186e-18, "dvar2": 1.23157994961e-17, "max": 1.36873058179e-27, "mean": -4.75267825095e-09, "median": -2.46644882296e-09, "min": -9.83124621712e-08, "var": 5.88453839316e-17}, "spectral_energy": {"dmean": 0.00421536993235, "dmean2": 0.00601282110438, "dvar": 0.000111909030238, "dvar2": 0.000191238854313, "max": 0.387047171593, "mean": 0.0186592787504, "median": 0.00961167458445, "min": 9.78043492881e-21, "var": 0.000918518227991}, "spectral_energyband_high": {"dmean": 9.63440598412e-08, "dmean2": 1.2968392582e-07, "dvar": 1.17907929514e-12, "dvar2": 1.9556075509e-12, "max": 5.60346088605e-05, "mean": 1.76884952907e-07, "median": 1.17700071911e-08, "min": 7.10483522698e-21, "var": 2.60660893911e-12}, "spectral_energyband_low": {"dmean": 0.00117266667075, "dmean2": 0.00182521610986, "dvar": 9.70323435467e-06, "dvar2": 2.27733398788e-05, "max": 0.0805636569858, "mean": 0.00321936048567, "median": 0.000654369359836, "min": 1.90635495267e-23, "var": 4.09605454479e-05}, "spectral_energyband_middle_high": {"dmean": 0.000411539251218, "dmean2": 0.000542177876923, "dvar": 5.08818629896e-06, "dvar2": 8.44905298436e-06, "max": 0.11869353056, "mean": 0.00142841506749, "median": 0.000361279380741, "min": 1.15957463968e-21, "var": 3.06732436002e-05}, "spectral_energyband_middle_low": {"dmean": 0.00358406710438, "dmean2": 0.0051729218103, "dvar": 7.99856206868e-05, "dvar2": 0.000141773634823, "max": 0.346373945475, "mean": 0.0147079462186, "median": 0.00713425409049, "min": 1.80797869664e-22, "var": 0.000629468180705}, "spectral_entropy": {"dmean": 0.134362176061, "dmean2": 0.215184867382, "dvar": 0.0259408205748, "dvar2": 0.0654068589211, "max": 9.81933879852, "mean": 5.51041316986, "median": 5.46872472763, "min": 3.95624375343, "var": 0.479962974787}, "spectral_flux": {"dmean": 0.0128172216937, "dmean2": 0.0208966042846, "dvar": 0.000546303053852, "dvar2": 0.00134117761627, "max": 0.397131711245, "mean": 0.0336899012327, "median": 0.0263022445142, "min": 6.38562952515e-11, "var": 0.000980334123597}, "spectral_kurtosis": {"dmean": 40.8862228394, "dmean2": 71.6281356812, "dvar": 1477.55151367, "dvar2": 4204.16601562, "max": 442.986328125, "mean": 151.037384033, "median": 148.997802734, "min": -1.26679289341, "var": 4992.3359375}, "spectral_rms": {"dmean": 0.000415320449974, "dmean2": 0.000610158429481, "dvar": 4.53981044757e-07, "dvar2": 8.01475437129e-07, "max": 0.0194321125746, "mean": 0.00347243458964, "median": 0.00306222843938, "min": 3.08899455494e-12, "var": 6.14634836893e-06}, "spectral_rolloff": {"dmean": 57.1881942749, "dmean2": 101.413780212, "dvar": 119575.3125, "dvar2": 220450.984375, "max": 19702.8808594, "mean": 868.6484375, "median": 538.330078125, "min": 107.666015625, "var": 6167922.5}, "spectral_skewness": {"dmean": 1.89665555954, "dmean2": 3.37826895714, "dvar": 3.02335119247, "dvar2": 8.48029232025, "max": 17.1133823395, "mean": 8.69661235809, "median": 8.99252891541, "min": -0.0747121572495, "var": 9.07264900208}, "spectral_spread": {"dmean": 315218.8125, "dmean2": 564553.4375, "dvar": 447521325056, "dvar2": 954564214784, "max": 42634064, "mean": 1498862, "median": 721527.375, "min": 210138.65625, "var": 28640353976300.0}, "spectral_strongpeak": {"dmean": 0.26633349061, "dmean2": 0.420820444822, "dvar": 0.224026918411, "dvar2": 0.468440622091, "max": 11.5175514221, "mean": 1.05050861835, "median": 0.604874491692, "min": 0, "var": 1.5405189991}, "zerocrossingrate": {"dmean": 0.00206132838503, "dmean2": 0.00291383662261, "dvar": 8.0000354501e-05, "dvar2": 0.000150655963807, "max": 0.5341796875, "mean": 0.0292100012302, "median": 0.02001953125, "min": 0.00439453125, "var": 0.00427059223875}, "barkbands": {"dmean": [5.37022933713e-05, 0.00021434664086, 0.000782145885751, 0.000526818272192, 0.00138714362402, 0.000831023789942, 0.000877350568771, 0.00114380114246, 0.000225033101742, 0.000150608233525, 0.000167689897353, 9.07216235646e-05, 6.30563008599e-05, 4.5896616939e-05, 2.50996727118e-05, 1.21312486954e-05, 5.00794658365e-06, 1.67851214883e-06, 1.14664828743e-06, 1.16808614337e-07, 2.67842299451e-08, 2.79005352155e-08, 5.58686163998e-09, 9.09248010217e-10, 7.9673218023e-10, 7.53956452826e-10, 1.03952924047e-09], "dmean2": [9.59808457992e-05, 0.000341194041539, 0.00119107274804, 0.000910575559828, 0.00220906920731, 0.00134276191238, 0.00121319154277, 0.0015493236715, 0.00028260529507, 0.000204251526156, 0.000217017281102, 0.000123430989333, 8.96718265722e-05, 6.49530411465e-05, 3.68953697034e-05, 1.78395584953e-05, 7.153466413e-06, 2.50154653259e-06, 1.64845039308e-06, 1.79194799443e-07, 3.74997242147e-08, 3.75957647236e-08, 8.61999716051e-09, 1.64425761895e-09, 1.45220035996e-09, 1.3819172473e-09, 1.74078740312e-09], "dvar": [1.15427241099e-08, 3.14221182407e-07, 4.83150051878e-06, 2.03424519896e-06, 1.17867184599e-05, 6.68305619911e-06, 1.25572887555e-05, 2.07269004022e-05, 4.08794448958e-07, 4.18130923663e-07, 3.54978601536e-06, 8.62720597183e-08, 3.30982743435e-08, 4.31874163098e-08, 7.75863906455e-09, 2.10560835434e-09, 6.67867816606e-10, 4.8920478779e-11, 7.39834721264e-11, 8.23389750479e-13, 7.88962875608e-14, 2.34499512907e-13, 6.88583237196e-15, 9.02411448494e-18, 3.27395501509e-18, 2.73394049194e-18, 3.80228788683e-18], "dvar2": [3.50113289471e-08, 7.26289101749e-07, 1.04960254248e-05, 5.87839849686e-06, 2.6870999136e-05, 2.03234467335e-05, 2.68508920271e-05, 3.07970622089e-05, 5.76199909119e-07, 7.93816525402e-07, 5.99901068199e-06, 1.43462102642e-07, 6.83786325339e-08, 8.19492882442e-08, 1.68420495328e-08, 4.4701793378e-09, 1.24425403314e-09, 1.06680900225e-10, 1.46589559935e-10, 1.8051033758e-12, 1.38300693597e-13, 4.21789176936e-13, 1.61637603259e-14, 2.59506013446e-17, 1.05307114741e-17, 8.92569157257e-18, 1.11183074941e-17], "max": [0.00221904320642, 0.0165158621967, 0.0479379892349, 0.0314080864191, 0.0960326567292, 0.0650561675429, 0.111757919192, 0.246183201671, 0.0151776261628, 0.0281217396259, 0.106671869755, 0.00867907702923, 0.00459246849641, 0.00776169169694, 0.00220240047202, 0.00145027926192, 0.00144721451215, 0.000201130285859, 0.000327113899402, 3.80786550522e-05, 1.5837878891e-05, 3.26629269694e-05, 3.28231749336e-06, 1.01715357914e-07, 3.78496984865e-08, 3.22776791961e-08, 4.24153654421e-08], "mean": [5.80389605602e-05, 0.000597552396357, 0.0019394174451, 0.000976100622211, 0.00350191956386, 0.00194257730618, 0.00296438019723, 0.00454753544182, 0.000634828465991, 0.000342206796631, 0.000547498231754, 0.000220905596507, 0.000182600939297, 8.94309341675e-05, 6.45087638986e-05, 3.27714151354e-05, 1.17246345326e-05, 3.02297507915e-06, 2.01037983061e-06, 1.82971149343e-07, 4.41761613956e-08, 3.67276129509e-08, 6.07792483009e-09, 1.24956101022e-09, 1.25727162015e-09, 1.18594289944e-09, 3.29738347737e-09], "median": [1.97336521524e-05, 9.57144511631e-05, 0.000253582140431, 0.000187473327969, 0.00111882435158, 0.000497845816426, 0.000397839845391, 0.00056106079137, 8.07094111224e-05, 5.62073328183e-05, 2.31693047681e-05, 4.66534438601e-05, 3.3630298276e-05, 1.05997605715e-05, 8.87966143637e-06, 4.98253029946e-06, 9.29542011363e-07, 2.51781159477e-07, 4.12900220681e-08, 3.72365493995e-09, 1.54169743638e-09, 9.74415881316e-10, 6.49100662109e-10, 6.06518724133e-10, 7.44064809766e-10, 7.07710223757e-10, 1.98536409535e-09], "min": [1.33174709159e-25, 1.80053853135e-24, 7.45026567123e-25, 1.63962244378e-24, 9.76488710515e-24, 7.86067075439e-24, 6.04564577859e-24, 8.2028439052e-24, 1.93371406881e-23, 1.79701551799e-23, 2.23499156589e-23, 2.61338968278e-23, 2.96796199152e-23, 3.7541076375e-23, 4.93557956654e-23, 5.32086869898e-23, 5.25092576677e-23, 8.04482307519e-23, 1.02226900675e-22, 1.41326665224e-22, 2.15258532557e-22, 3.26523488354e-22, 3.99219456772e-22, 5.57684926645e-22, 8.55388360014e-22, 1.32224517994e-21, 1.98080878086e-21], "var": [1.73365677369e-08, 1.47275602558e-06, 1.99870319193e-05, 4.28374414696e-06, 4.33591012552e-05, 2.06458025787e-05, 7.34950590413e-05, 0.000213370178244, 2.50550897363e-06, 1.39282985856e-06, 2.33323262364e-05, 2.96074006201e-07, 1.4796550829e-07, 9.38361850444e-08, 2.74312235149e-08, 6.77086253731e-09, 2.85911250231e-09, 1.06981104531e-10, 1.54333018587e-10, 1.55301769708e-12, 1.67936858538e-13, 4.13285210091e-13, 7.39180580894e-15, 9.31843196433e-18, 3.68112536584e-18, 2.94732868815e-18, 1.80201908558e-17]}, "erbbands": {"dmean": [0.00197605835274, 0.0686730742455, 0.681019663811, 1.5784381628, 1.71104645729, 6.34671783447, 6.99334621429, 6.91245889664, 8.90770244598, 22.7982997894, 19.5310993195, 6.55680370331, 3.52794337273, 5.39793348312, 5.91578578949, 3.99930930138, 2.98972535133, 3.00840449333, 0.672018408775, 1.51455974579, 0.512321591377, 0.210505008698, 0.111395694315, 0.0673242434859, 0.0438234061003, 0.00676533672959, 0.00169511372223, 0.000847543240525, 0.00127559830435, 0.000299952866044, 0.000101370103948, 3.19339233101e-05, 1.50831538122e-05, 9.7569427453e-06, 6.41482529318e-06, 3.90694185626e-06, 2.03388481168e-06, 1.03927084183e-06, 1.98296720555e-06, 4.69869610242e-06], "dmean2": [0.00317746284418, 0.105476617813, 1.03205680847, 2.63598680496, 2.96710252762, 10.3380346298, 10.3525075912, 11.276638031, 12.1037883759, 31.7277698517, 27.2950992584, 8.02849578857, 4.64697694778, 7.45653057098, 7.38437366486, 5.52845716476, 4.20513772964, 4.29119825363, 0.941681921482, 2.2349858284, 0.734941840172, 0.302859395742, 0.158329471946, 0.103731647134, 0.0600352212787, 0.00945279933512, 0.00227575842291, 0.00123366771732, 0.00164231506642, 0.000437630951637, 0.000155120593263, 5.42740563105e-05, 2.65611997747e-05, 1.70927869476e-05, 1.09275160867e-05, 6.45446789349e-06, 3.27426323565e-06, 1.55098223331e-06, 2.80885501525e-06, 6.68432585371e-06], "dvar": [1.71622887137e-05, 0.0311504267156, 3.58177661896, 21.1053447723, 8.66589832306, 309.236450195, 325.247741699, 716.999145508, 724.157836914, 12884.9316406, 3527.56616211, 321.451751709, 163.118865967, 992.375976562, 3333.38134766, 170.683029175, 69.8215866089, 184.210327148, 5.49950504303, 37.6372375488, 3.41954255104, 0.940164983273, 0.192145168781, 0.280329972506, 0.11744774878, 0.0031170968432, 0.000197020373889, 0.000162529351655, 0.000519569613971, 1.96904038603e-05, 1.70048974724e-06, 8.68119514053e-08, 2.17511431089e-09, 5.2960213992e-10, 1.90354537688e-10, 7.02258737273e-11, 1.95496223376e-11, 3.4559475507e-12, 2.5746304394e-11, 1.42205663911e-10], "dvar2": [3.94292619603e-05, 0.066996075213, 7.15467023849, 58.6996688843, 25.6620597839, 758.091918945, 667.198059082, 2239.08984375, 1142.54968262, 24470.8808594, 6646.51660156, 439.148468018, 282.496490479, 1894.78540039, 5266.796875, 301.942779541, 144.653900146, 341.809234619, 12.0885791779, 73.3766708374, 6.49635457993, 1.80055952072, 0.366179585457, 0.640770494938, 0.174442097545, 0.00514103937894, 0.000340282625984, 0.000305741501506, 0.000871739001013, 4.13100715377e-05, 3.95769620809e-06, 2.18192823809e-07, 5.96080607096e-09, 1.5236656381e-09, 5.22489107535e-10, 1.73217662436e-10, 4.36782866819e-11, 6.79015307523e-12, 4.31497997055e-11, 2.41543729462e-10], "max": [0.104933418334, 4.88539123535, 42.9470214844, 119.747886658, 76.2258300781, 442.22354126, 350.665252686, 733.574523926, 1616.54223633, 4532.57763672, 1772.09143066, 433.088409424, 428.648803711, 1210.40234375, 3317.19384766, 421.040222168, 204.890930176, 495.453063965, 96.9375762939, 200.82522583, 53.8160057068, 50.4912796021, 15.8229665756, 23.1564388275, 16.2981395721, 3.27165937424, 0.66836810112, 0.655663430691, 1.6447095871, 0.23496247828, 0.0569913908839, 0.0143550289795, 0.0017616340192, 0.000610448594671, 0.000457714952063, 0.0003130841651, 0.000176849411218, 5.7520250266e-05, 0.000188698773854, 0.000434578541899], "mean": [0.00527184875682, 0.197809591889, 1.71684801579, 3.46526551247, 4.40000295639, 15.4115390778, 14.6268720627, 17.8457584381, 31.7841663361, 84.4090881348, 74.8449249268, 21.7870025635, 9.87134170532, 13.6046094894, 19.9506721497, 10.3083295822, 8.97747135162, 6.53968095779, 1.67598867416, 4.14977312088, 1.45219743252, 0.524581730366, 0.221262827516, 0.111714042723, 0.0799775570631, 0.012447216548, 0.00321935722604, 0.00123738055117, 0.00175695423968, 0.000369387649698, 0.000129281397676, 5.05603784404e-05, 3.15668366966e-05, 2.42698461079e-05, 1.96129421965e-05, 1.38763589348e-05, 8.10286474007e-06, 5.19419654665e-06, 9.07798403205e-06, 2.08980000025e-05], "median": [0.00151845964137, 0.032709158957, 0.258433461189, 0.66961312294, 1.90358066559, 3.9881901741, 3.64723920822, 4.66168880463, 6.89673805237, 6.93620729446, 12.5103931427, 3.98511838913, 2.2522816658, 1.74882388115, 1.5128287077, 2.6160607338, 2.01246595383, 1.04070079327, 0.362924844027, 0.481046617031, 0.201902508736, 0.0591041781008, 0.0209125615656, 0.00452470779419, 0.00143160379957, 0.000291971518891, 0.00011033485498, 5.56311715627e-05, 4.2889463657e-05, 3.00235878967e-05, 2.44268157985e-05, 2.01192106033e-05, 1.70121129486e-05, 1.39330468301e-05, 1.17046756714e-05, 8.26546238386e-06, 4.82362247567e-06, 3.15591137223e-06, 4.69786482427e-06, 1.07096884676e-05], "min": [1.02700223529e-22, 3.05917759933e-22, 3.66927666595e-21, 7.97816347042e-21, 9.27819574091e-21, 2.26083615618e-20, 5.29881592956e-20, 7.01353322816e-20, 5.73109243974e-20, 1.72543762397e-19, 3.02264255235e-19, 5.17911895289e-19, 4.55750047737e-19, 7.23948006817e-19, 7.9291672363e-19, 1.19527929386e-18, 1.70727462472e-18, 1.87316704074e-18, 2.6090382874e-18, 3.1433119703e-18, 3.08537934212e-18, 3.2706990254e-18, 4.13836185714e-18, 6.56525600763e-18, 6.80572816504e-18, 7.48692918386e-18, 9.10465457964e-18, 8.46188974875e-18, 1.05049762309e-17, 1.04954305667e-17, 1.0623507904e-17, 9.99594830711e-18, 9.92674803143e-18, 8.65845350489e-18, 6.74961140511e-18, 3.92068390227e-18, 2.27617150313e-18, 9.93886560701e-19, 2.61340450856e-19, 2.70980022743e-20], "var": [8.73931785463e-05, 0.156208917499, 14.0203065872, 57.9252853394, 50.982509613, 1031.79040527, 902.450683594, 2558.49731445, 6773.27929688, 94969.2109375, 24976.3925781, 2166.72851562, 938.757751465, 4207.27832031, 23510.5820312, 571.865600586, 320.806610107, 453.023864746, 18.2259178162, 138.291442871, 13.9680490494, 3.8990008831, 0.486222356558, 0.453407257795, 0.334946423769, 0.00830152072012, 0.000519047491252, 0.000238670778344, 0.00100952957291, 2.70620203082e-05, 1.93407709048e-06, 8.79913173435e-08, 3.75231845595e-09, 1.43526712737e-09, 8.04470046134e-10, 4.04944106025e-10, 1.3628083384e-10, 4.64453892013e-11, 2.15993903319e-10, 1.16747200796e-09]}, "gfcc": {"mean": [-267.706085205, 256.389556885, -95.0201644897, -67.160118103, -11.0013456345, -19.5493869781, -34.5980377197, -14.5488290787, -7.74267482758, -12.6976680756, -7.22046470642, -13.7376241684, -10.393866539], "cov": [[22928.7109375, 4713.79541016, -3526.12060547, -754.437072754, 380.509155273, -1501.67358398, -563.256469727, -5.62171697617, 25.2163009644, -80.1816101074, 265.357910156, -312.700500488, -268.76473999], [4713.79541016, 1674.69165039, -303.467529297, -381.11831665, 112.716026306, -67.3285217285, -221.480606079, -130.837554932, -56.8720970154, -118.266464233, -6.06004953384, -62.2633590698, -20.5746135712], [-3526.12060547, -303.467529297, 1182.37927246, 59.927898407, -71.7618713379, 476.799255371, 52.6244354248, -130.516799927, -58.7514686584, -48.5351905823, -95.0283966064, 44.5074081421, 68.3121032715], [-754.437072754, -381.11831665, 59.927898407, 405.508117676, 140.345001221, 5.01851081848, 93.7468032837, 34.8075637817, 3.75417518616, 54.058303833, 29.4865932465, 40.2459945679, 22.9844322205], [380.509155273, 112.716026306, -71.7618713379, 140.345001221, 258.255859375, -8.4279499054, -20.288356781, 19.2848033905, 7.59630537033, -7.60406780243, 45.2825164795, 34.3845405579, 16.872964859], [-1501.67358398, -67.3285217285, 476.799255371, 5.01851081848, -8.4279499054, 376.878234863, 97.0657196045, -37.1947784424, -17.8188705444, -24.9871616364, -79.9096450806, 23.6532974243, 32.2430610657], [-563.256469727, -221.480606079, 52.6244354248, 93.7468032837, -20.288356781, 97.0657196045, 207.620315552, 95.2010040283, 9.28057765961, 31.0926113129, -17.875207901, -38.4388275146, -16.6222858429], [-5.62171697617, -130.837554932, -130.516799927, 34.8075637817, 19.2848033905, -37.1947784424, 95.2010040283, 160.865890503, 71.0079498291, 22.2890605927, 9.04684829712, -14.7950315475, -31.8779582977], [25.2163009644, -56.8720970154, -58.7514686584, 3.75417518616, 7.59630537033, -17.8188705444, 9.28057765961, 71.0079498291, 111.248451233, 52.7637901306, -0.964047074318, -1.88384366035, -4.23401117325], [-80.1816101074, -118.266464233, -48.5351905823, 54.058303833, -7.60406780243, -24.9871616364, 31.0926113129, 22.2890605927, 52.7637901306, 99.2142333984, 32.6091499329, -22.7399368286, -7.26473617554], [265.357910156, -6.06004953384, -95.0283966064, 29.4865932465, 45.2825164795, -79.9096450806, -17.875207901, 9.04684829712, -0.964047074318, 32.6091499329, 83.3666152954, 25.9920845032, -4.31358385086], [-312.700500488, -62.2633590698, 44.5074081421, 40.2459945679, 34.3845405579, 23.6532974243, -38.4388275146, -14.7950315475, -1.88384366035, -22.7399368286, 25.9920845032, 122.640167236, 62.1482467651], [-268.76473999, -20.5746135712, 68.3121032715, 22.9844322205, 16.872964859, 32.2430610657, -16.6222858429, -31.8779582977, -4.23401117325, -7.26473617554, -4.31358385086, 62.1482467651, 94.953338623]], "icov": [[0.000417798088165, -0.00120564945973, 0.000768598925788, -0.000528877892066, 0.00039120807196, 0.000635461241473, -0.000636709388345, 0.000553345133085, -0.000601089268457, 0.000207269797102, -0.000185301163583, -0.000125084232423, 0.000347918859916], [-0.00120564945973, 0.00467689102516, -0.00177567254286, 0.00254027638584, -0.00212297635153, -0.00232847617008, 0.00216701952741, -0.00053278694395, 0.00120490277186, 0.000722601485904, -0.000146807258716, 0.00162897387054, -0.00133205426391], [0.000768598925788, -0.00177567254286, 0.00398116372526, -0.00229271384887, 0.00234145484865, -0.0029213714879, 0.000643974693958, 0.00182165100705, -0.00243863277137, 0.00352279329672, -0.00359090766869, 0.00250802002847, -0.000862072862219], [-0.000528877892066, 0.00254027638584, -0.00229271384887, 0.00814037211239, -0.00663072196767, 0.00353052001446, -0.00399025855586, 0.00109193951357, 0.00405172398314, -0.00721334293485, 0.00712354807183, -0.0056542144157, 0.00203306227922], [0.00039120807196, -0.00212297635153, 0.00234145484865, -0.00663072196767, 0.0105072678998, -0.00474865594879, 0.00422878516838, -0.00206130649894, -0.00420267973095, 0.00811093114316, -0.0107078179717, 0.00575345940888, -0.00345754483715], [0.000635461241473, -0.00232847617008, -0.0029213714879, 0.00353052001446, -0.00474865594879, 0.0137990005314, -0.0101239364594, 0.00479342136532, 0.00068217451917, -0.00679611740634, 0.0124390330166, -0.0101263467222, 0.00523974560201], [-0.000636709388345, 0.00216701952741, 0.000643974693958, -0.00399025855586, 0.00422878516838, -0.0101239364594, 0.0200131591409, -0.0152196101844, 0.00882263388485, -0.00222973059863, -0.00392557494342, 0.00921832490712, -0.00573889538646], [0.000553345133085, -0.00053278694395, 0.00182165100705, 0.00109193951357, -0.00206130649894, 0.00479342136532, -0.0152196101844, 0.0252384059131, -0.0187316387892, 0.0115352617577, -0.00419070618227, -0.002066163579, 0.00563257047907], [-0.000601089268457, 0.00120490277186, -0.00243863277137, 0.00405172398314, -0.00420267973095, 0.00068217451917, 0.00882263388485, -0.0187316387892, 0.032358802855, -0.0261036474258, 0.0178890265524, -0.0083758700639, 0.000844893686008], [0.000207269797102, 0.000722601485904, 0.00352279329672, -0.00721334293485, 0.00811093114316, -0.00679611740634, -0.00222973059863, 0.0115352617577, -0.0261036474258, 0.0411014556885, -0.0293529313058, 0.018921457231, -0.007433491759], [-0.000185301163583, -0.000146807258716, -0.00359090766869, 0.00712354807183, -0.0107078179717, 0.0124390330166, -0.00392557494342, -0.00419070618227, 0.0178890265524, -0.0293529313058, 0.0426121875644, -0.022558696568, 0.0111402245238], [-0.000125084232423, 0.00162897387054, 0.00250802002847, -0.0056542144157, 0.00575345940888, -0.0101263467222, 0.00921832490712, -0.002066163579, -0.0083758700639, 0.018921457231, -0.022558696568, 0.0288090314716, -0.0159070193768], [0.000347918859916, -0.00133205426391, -0.000862072862219, 0.00203306227922, -0.00345754483715, 0.00523974560201, -0.00573889538646, 0.00563257047907, 0.000844893686008, -0.007433491759, 0.0111402245238, -0.0159070193768, 0.0214636009187]]}, "melbands": {"dmean": [3.73018665414e-05, 0.000261771521764, 0.000248317635851, 0.000273995305179, 0.000265291513642, 0.000152954919031, 0.000146814592881, 0.000250473094638, 0.000141847252962, 3.28275600623e-05, 1.69018003362e-05, 2.17799170059e-05, 2.49336699198e-05, 1.12108846224e-05, 7.00142845744e-06, 6.89472835802e-06, 5.11636972078e-06, 7.63593675401e-07, 1.91211006495e-06, 1.47636922065e-06, 5.76023069243e-07, 2.37796811575e-07, 2.00067674427e-07, 5.36942614815e-08, 5.91979301134e-08, 3.44255681739e-08, 1.44715945893e-08, 2.99012992144e-09, 1.07383701931e-09, 5.99075788976e-10, 4.64855570703e-10, 8.20538359481e-10, 3.09274855725e-10, 1.55844198657e-10, 5.36955965802e-11, 4.19303168575e-11, 1.23319722489e-11, 1.05312833107e-11, 8.62519517614e-12, 7.36710432242e-12], "dmean2": [5.99037230131e-05, 0.000393623166019, 0.000418228213675, 0.000458250928205, 0.000393544440158, 0.000250080571277, 0.000201550457859, 0.000343509658705, 0.000198464695131, 4.01689794671e-05, 2.25488347496e-05, 3.04481982312e-05, 3.14143544529e-05, 1.54276276589e-05, 9.73360420176e-06, 9.74501654127e-06, 7.30386682335e-06, 1.03600405055e-06, 2.92056961371e-06, 2.12523946175e-06, 8.28174790968e-07, 3.44965997101e-07, 2.84823130414e-07, 8.07798699043e-08, 9.32574906187e-08, 4.6579899049e-08, 2.13218687151e-08, 4.20889412212e-09, 1.51340950882e-09, 9.16623221769e-10, 7.07078506856e-10, 1.06682374046e-09, 4.1738268397e-10, 2.40959252551e-10, 8.18551962323e-11, 6.86222328961e-11, 2.21973290443e-11, 1.89726220845e-11, 1.57170006176e-11, 1.34420157297e-11], "dvar": [8.32141022755e-09, 4.9915757927e-07, 4.26876113124e-07, 4.27384719615e-07, 4.55175296565e-07, 2.99946577798e-07, 2.17336463493e-07, 1.52690540745e-06, 1.73529002723e-07, 9.0173468692e-09, 4.07682065884e-09, 1.50426391343e-08, 7.75918849172e-08, 1.36924849237e-09, 3.55729112833e-10, 5.2632659342e-10, 5.25551213659e-10, 7.85077645254e-12, 5.49991927001e-11, 3.9093669274e-11, 5.38970604258e-12, 2.05705352925e-12, 7.9259304198e-13, 8.037498347e-14, 2.84992976484e-13, 8.29569431812e-14, 9.68292489917e-15, 9.92010788869e-16, 7.84661676183e-17, 8.00026787672e-17, 4.9872469445e-17, 2.11733778737e-16, 2.6078409021e-17, 5.8676888068e-18, 3.78163246315e-19, 4.31741828391e-19, 1.99491729941e-21, 1.21937913154e-21, 4.85920293722e-22, 2.93935253084e-22], "dvar2": [1.94995841696e-08, 9.96543917609e-07, 1.17895979201e-06, 1.12991585866e-06, 9.20361458157e-07, 9.346662182e-07, 3.8367809907e-07, 2.67739869741e-06, 3.43555285554e-07, 1.19628591477e-08, 7.04489977466e-09, 2.95232620573e-08, 1.2694339091e-07, 2.23905605168e-09, 6.59925447621e-10, 9.86841164341e-10, 9.77714575967e-10, 1.61312335017e-11, 1.29939489724e-10, 7.63175356244e-11, 1.05716034884e-11, 3.93121906556e-12, 1.40102610503e-12, 1.8641055225e-13, 6.63412575742e-13, 1.16633441728e-13, 1.79712879777e-14, 1.67081505186e-15, 1.46416447666e-16, 1.53258991572e-16, 1.01063669927e-16, 3.593828711e-16, 4.65527587275e-17, 1.36662330574e-17, 8.55729097034e-19, 1.112117657e-18, 5.61870710961e-21, 3.45016427651e-21, 1.5030200906e-21, 9.33508965157e-22], "max": [0.0026489389129, 0.015677113086, 0.016784414649, 0.0133732818067, 0.0179776344448, 0.0147983739153, 0.0248512011021, 0.0570669360459, 0.0115309730172, 0.00227210554294, 0.00212892168202, 0.00493266247213, 0.0158805046231, 0.00129697518423, 0.000551169505343, 0.000711982720532, 0.000836983846966, 0.000132154324092, 0.000177973575774, 0.000220320842345, 7.18838928151e-05, 8.14533559605e-05, 3.95209208364e-05, 8.95500397746e-06, 2.42096011789e-05, 1.41995615195e-05, 3.76957746084e-06, 2.01001739697e-06, 4.00064209316e-07, 4.80268454339e-07, 3.18615121842e-07, 1.04123580513e-06, 3.43628897781e-07, 1.01496951288e-07, 2.4297490242e-08, 3.33150289578e-08, 1.5942530629e-09, 1.55055634998e-09, 6.66909472091e-10, 3.74249381485e-10], "mean": [0.000104048587673, 0.000708233448677, 0.000573779048864, 0.000723391131032, 0.000584576278925, 0.000377389922505, 0.000513303035405, 0.000953887647483, 0.000535782193765, 9.8014890682e-05, 4.49057260994e-05, 5.10506943101e-05, 8.40539796627e-05, 2.75958445854e-05, 2.00573667826e-05, 1.85779790627e-05, 1.06226107164e-05, 1.76305150035e-06, 4.65143330075e-06, 4.36533173342e-06, 1.37785127663e-06, 5.69721976262e-07, 3.83376857371e-07, 8.46712353564e-08, 9.14789310968e-08, 6.53423626318e-08, 2.30372307897e-08, 5.54532419983e-09, 1.88142057489e-09, 9.32483756877e-10, 6.09014172426e-10, 1.10506848117e-09, 4.14873496668e-10, 1.64664226698e-10, 6.60959134646e-11, 4.61956826958e-11, 1.66332364548e-11, 1.43545167072e-11, 1.22036391409e-11, 1.02803364779e-11], "median": [2.29888137255e-05, 0.000110871093057, 0.000146705773659, 0.000211467544432, 0.000159860021085, 9.18674777495e-05, 0.000103102669527, 8.76824924489e-05, 9.01402818272e-05, 1.47441824083e-05, 6.7300243245e-06, 6.04386696068e-06, 3.78050344807e-06, 5.53230529476e-06, 5.00653777635e-06, 3.52018241756e-06, 1.25736846712e-06, 3.37227447744e-07, 6.10403390056e-07, 4.50158552212e-07, 1.22971783867e-07, 4.33552358459e-08, 2.72426472492e-08, 4.74640593495e-09, 2.72539257828e-09, 1.09057851638e-09, 3.21168563966e-10, 1.14377021743e-10, 6.06148187199e-11, 3.44139439168e-11, 2.57751320287e-11, 2.12538805999e-11, 1.64169962347e-11, 1.21044233664e-11, 1.02917483563e-11, 8.71530972391e-12, 7.68850781652e-12, 6.92867898472e-12, 6.49479081627e-12, 5.67541066226e-12], "min": [9.30060104723e-25, 1.45791858945e-24, 1.44141305551e-24, 1.63916303091e-24, 1.66701337073e-24, 1.70799627248e-24, 1.12798293926e-24, 2.34060079289e-24, 2.88608627594e-24, 3.28608293109e-24, 2.0064375385e-24, 2.73621000091e-24, 2.59410361136e-24, 3.40667609767e-24, 2.62908466213e-24, 3.05496226587e-24, 3.05988692728e-24, 3.17482001687e-24, 3.62194243364e-24, 4.60946533607e-24, 2.31330285291e-24, 2.98793886842e-24, 3.78207133664e-24, 3.17751792116e-24, 4.53793576792e-24, 3.04571011074e-24, 4.14055260894e-24, 4.14494222545e-24, 5.50304200443e-24, 4.90485982406e-24, 4.79063197612e-24, 4.24032576408e-24, 4.99292115577e-24, 4.8001775875e-24, 4.36868723843e-24, 5.53026480541e-24, 5.82474066487e-24, 5.35242321408e-24, 5.35250012802e-24, 7.36501288156e-24], "var": [3.80418718748e-08, 2.19155049308e-06, 1.28121405396e-06, 1.76835874299e-06, 1.39736357596e-06, 1.021968842e-06, 1.78493144176e-06, 1.28191086333e-05, 1.14484487312e-06, 5.62590400932e-08, 2.3243790892e-08, 5.42979847751e-08, 5.31113755642e-07, 4.98418950556e-09, 1.46336021078e-09, 1.91338678235e-09, 1.26783261667e-09, 2.80931181096e-11, 1.55759016796e-10, 1.44315628892e-10, 1.93882063182e-11, 8.88035044805e-12, 2.08490256309e-12, 1.27208681956e-13, 4.36353671295e-13, 2.51506091344e-13, 2.17390734862e-14, 2.56308506422e-15, 1.9521968029e-16, 1.11512747774e-16, 6.62321134191e-17, 4.03247186958e-16, 4.82058824904e-17, 6.29877439662e-18, 4.78226923124e-19, 3.82234603441e-19, 2.03923224865e-21, 1.36815027081e-21, 5.11129915359e-22, 3.06417885125e-22]}, "mfcc": {"mean": [-860.165405273, 243.404724121, 21.6883430481, -24.2662620544, 8.58158779144, 1.86175918579, -12.3807229996, -9.40017318726, -6.01037740707, -4.08380317688, -0.751763820648, 1.96425807476, 1.18317580223], "cov": [[5783.77587891, 3395.73071289, -1586.52282715, -227.003616333, 647.485168457, -460.282958984, -454.480285645, -31.3015327454, -144.677886963, -52.9896202087, 103.30342865, 99.3531646729, 227.116333008], [3395.73071289, 2443.17041016, -461.611999512, -252.514160156, 346.487670898, -105.887908936, -245.65246582, -48.6834716797, -66.9103469849, -74.8145370483, -1.43307244778, 43.9145812988, 88.2999343872], [-1586.52282715, -461.611999512, 1053.99487305, 51.3298835754, -253.287750244, 332.271606445, 216.281494141, -30.8297252655, 42.5654182434, -16.7809906006, -99.2679290771, -69.22265625, -106.175003052], [-227.003616333, -252.514160156, 51.3298835754, 222.087371826, 48.1344680786, 13.5834817886, 82.9873580933, 21.9239387512, -16.7883968353, 17.8144054413, -1.8522503376, -23.250787735, 26.4745941162], [647.485168457, 346.487670898, -253.287750244, 48.1344680786, 276.771881104, 9.83348083496, -74.8825683594, 26.01130867, 1.8949201107, -42.1538047791, -16.9115085602, 23.5398330688, 62.4636802673], [-460.282958984, -105.887908936, 332.271606445, 13.5834817886, 9.83348083496, 238.13369751, 118.566635132, -0.71510797739, 26.5576305389, -22.0882110596, -62.292263031, -30.1063213348, -18.4747524261], [-454.480285645, -245.65246582, 216.281494141, 82.9873580933, -74.8825683594, 118.566635132, 217.573516846, 69.7780761719, 2.07176661491, 30.865190506, -3.51477169991, -40.4881248474, -16.9987068176], [-31.3015327454, -48.6834716797, -30.8297252655, 21.9239387512, 26.01130867, -0.71510797739, 69.7780761719, 138.06968689, 69.7554626465, -1.08138608932, 7.02483510971, 7.59425258636, 7.1857624054], [-144.677886963, -66.9103469849, 42.5654182434, -16.7883968353, 1.8949201107, 26.5576305389, 2.07176661491, 69.7554626465, 116.269577026, 40.2468261719, -5.30345153809, 11.7387275696, 10.110660553], [-52.9896202087, -74.8145370483, -16.7809906006, 17.8144054413, -42.1538047791, -22.0882110596, 30.865190506, -1.08138608932, 40.2468261719, 129.493942261, 83.0065917969, 7.18535423279, 5.44817638397], [103.30342865, -1.43307244778, -99.2679290771, -1.8522503376, -16.9115085602, -62.292263031, -3.51477169991, 7.02483510971, -5.30345153809, 83.0065917969, 131.203094482, 55.7104492188, -10.6307811737], [99.3531646729, 43.9145812988, -69.22265625, -23.250787735, 23.5398330688, -30.1063213348, -40.4881248474, 7.59425258636, 11.7387275696, 7.18535423279, 55.7104492188, 81.7815551758, 33.1953620911], [227.116333008, 88.2999343872, -106.175003052, 26.4745941162, 62.4636802673, -18.4747524261, -16.9987068176, 7.1857624054, 10.110660553, 5.44817638397, -10.6307811737, 33.1953620911, 107.684387207]], "icov": [[9.11744880676, -12.7422828674, 12.3057937622, -11.6097917557, 10.6614274979, -9.56209468842, 8.27617359161, -6.89481019974, 5.36153697968, -3.83995056152, 2.48875951767, -1.29404199123, 0.483807176352], [-12.7422828674, 17.8091106415, -17.1991024017, 16.2280464172, -14.9034376144, 13.3672027588, -11.5702152252, 9.64018630981, -7.49678707123, 5.37044858932, -3.4818687439, 1.81139957905, -0.677783489227], [12.3057937622, -17.1991024017, 16.6146793365, -15.6767644882, 14.4014616013, -12.9223804474, 11.1860351562, -9.32352828979, 7.25386571884, -5.19960069656, 3.37481713295, -1.75764977932, 0.659156441689], [-11.6097917557, 16.2280464172, -15.6767644882, 14.804309845, -13.6010894775, 12.2102909088, -10.5819187164, 8.82765102386, -6.87409925461, 4.93366956711, -3.20701289177, 1.67451941967, -0.629561007023], [10.6614274979, -14.9034376144, 14.4014616013, -13.6010894775, 12.5124435425, -11.2428951263, 9.75524711609, -8.15296363831, 6.35931301117, -4.57029485703, 2.97562623024, -1.55478429794, 0.582474529743], [-9.56209468842, 13.3672027588, -12.9223804474, 12.2102909088, -11.2428951263, 10.1304178238, -8.8085308075, 7.38471221924, -5.781042099, 4.1697177887, -2.72163915634, 1.42652201653, -0.537076532841], [8.27617359161, -11.5702152252, 11.1860351562, -10.5819187164, 9.75524711609, -8.8085308075, 7.6980509758, -6.48285913467, 5.09929323196, -3.69747138023, 2.42507767677, -1.27365839481, 0.481302082539], [-6.89481019974, 9.64018630981, -9.32352828979, 8.82765102386, -8.15296363831, 7.38471221924, -6.48285913467, 5.50643110275, -4.36097860336, 3.18653082848, -2.11065626144, 1.11876010895, -0.425830036402], [5.36153697968, -7.49678707123, 7.25386571884, -6.87409925461, 6.35931301117, -5.781042099, 5.09929323196, -4.36097860336, 3.49134516716, -2.57192730904, 1.72193443775, -0.923249483109, 0.353773981333], [-3.83995056152, 5.37044858932, -5.19960069656, 4.93366956711, -4.57029485703, 4.1697177887, -3.69747138023, 3.18653082848, -2.57192730904, 1.93181049824, -1.31405591965, 0.715468466282, -0.280986219645], [2.48875951767, -3.4818687439, 3.37481713295, -3.20701289177, 2.97562623024, -2.72163915634, 2.42507767677, -2.11065626144, 1.72193443775, -1.31405591965, 0.924913883209, -0.517148733139, 0.208247005939], [-1.29404199123, 1.81139957905, -1.75764977932, 1.67451941967, -1.55478429794, 1.42652201653, -1.27365839481, 1.11876010895, -0.923249483109, 0.715468466282, -0.517148733139, 0.311471939087, -0.126453146338], [0.483807176352, -0.677783489227, 0.659156441689, -0.629561007023, 0.582474529743, -0.537076532841, 0.481302082539, -0.425830036402, 0.353773981333, -0.280986219645, 0.208247005939, -0.126453146338, 0.06428103894]]}, "spectral_contrast_coeffs": {"dmean": [0.0436339639127, 0.0339149311185, 0.0273854881525, 0.0227508284152, 0.0171564910561, 0.0303731765598], "dmean2": [0.0739674344659, 0.0550849102437, 0.0427790731192, 0.0366316623986, 0.0265267472714, 0.0540055222809], "dvar": [0.00126022519544, 0.00101770332549, 0.000669087807182, 0.000541262794286, 0.0002808595018, 0.000764022639487], "dvar2": [0.00354664889164, 0.00257986481301, 0.00157698511612, 0.00129031762481, 0.000580804771744, 0.00221715844236], "max": [-0.275516688824, -0.332698196173, -0.452078849077, -0.529366850853, -0.580673098564, -0.60296779871], "mean": [-0.586912572384, -0.660160005093, -0.738440454006, -0.713898301125, -0.745271921158, -0.895421683788], "median": [-0.582483887672, -0.662799477577, -0.745066702366, -0.713443934917, -0.733804345131, -0.897752404213], "min": [-0.983523964882, -0.985768914223, -0.996774315834, -0.984337627888, -0.988220632076, -0.963887214661], "var": [0.0109290322289, 0.0112564228475, 0.00652302894741, 0.0045039113611, 0.00548699824139, 0.00154701317661]}, "spectral_contrast_valleys": {"dmean": [0.388989239931, 0.302826672792, 0.258867651224, 0.251001179218, 0.221286043525, 0.666264116764], "dmean2": [0.651684522629, 0.492682605982, 0.415057092905, 0.409670978785, 0.353730499744, 1.19301569462], "dvar": [0.138025686145, 0.128073126078, 0.120011225343, 0.138577461243, 0.139661237597, 0.331358462572], "dvar2": [0.300695449114, 0.24009026587, 0.215726733208, 0.263386756182, 0.274944007397, 0.980947673321], "max": [-5.87511062622, -4.61888408661, -5.88900661469, -6.83051490784, -7.82919692993, -