{"lowlevel": {"average_loudness": 0.902628183365, "barkbands_crest": {"dmean": 1.90174293518, "dmean2": 3.08367156982, "dvar": 3.31789326668, "dvar2": 9.16658306122, "max": 25.9242076874, "mean": 11.4943170547, "median": 10.6740665436, "min": 2.92310333252, "var": 21.6076507568}, "barkbands_flatness_db": {"dmean": 0.0149037642404, "dmean2": 0.0230221766979, "dvar": 0.000209188903682, "dvar2": 0.000478735601064, "max": 0.616538345814, "mean": 0.203835189342, "median": 0.186623305082, "min": 0.0540079697967, "var": 0.00531884981319}, "barkbands_kurtosis": {"dmean": 2.20972681046, "dmean2": 3.49254870415, "dvar": 9.29904842377, "dvar2": 21.0027751923, "max": 107.358596802, "mean": 6.21425771713, "median": 3.56782650948, "min": -1.69943499565, "var": 83.4635772705}, "barkbands_skewness": {"dmean": 0.37115252018, "dmean2": 0.590397953987, "dvar": 0.118485786021, "dvar2": 0.303250938654, "max": 9.1656255722, "mean": 1.84417617321, "median": 1.7036857605, "min": -2.10861229897, "var": 1.24548566341}, "barkbands_spread": {"dmean": 2.26244187355, "dmean2": 3.60923695564, "dvar": 7.02204322815, "dvar2": 17.7172718048, "max": 118.243095398, "mean": 11.947511673, "median": 10.6527748108, "min": 0.274799376726, "var": 51.791934967}, "dissonance": {"dmean": 0.0199385695159, "dmean2": 0.0336843840778, "dvar": 0.000369221408619, "dvar2": 0.000984422164038, "max": 0.499929577112, "mean": 0.449566185474, "median": 0.456678211689, "min": 0.0795785039663, "var": 0.0014822948724}, "dynamic_complexity": 2.5719268322, "erbbands_crest": {"dmean": 2.05336785316, "dmean2": 3.23123407364, "dvar": 3.58381557465, "dvar2": 8.64365291595, "max": 32.3447647095, "mean": 10.9737358093, "median": 10.2116756439, "min": 2.93804907799, "var": 18.0626354218}, "erbbands_flatness_db": {"dmean": 0.0123533438891, "dmean2": 0.0186187811196, "dvar": 0.000155465575517, "dvar2": 0.00033542359597, "max": 0.591234624386, "mean": 0.238634616137, "median": 0.223201453686, "min": 0.0657305344939, "var": 0.00347697548568}, "erbbands_kurtosis": {"dmean": 0.924372375011, "dmean2": 1.46381402016, "dvar": 2.11371612549, "dvar2": 4.34756326675, "max": 83.2486877441, "mean": 1.11338055134, "median": -0.0274151563644, "min": -1.67268610001, "var": 15.9530792236}, "erbbands_skewness": {"dmean": 0.308347374201, "dmean2": 0.489155441523, "dvar": 0.071226157248, "dvar2": 0.172286018729, "max": 7.16260194778, "mean": 0.914956867695, "median": 0.81746160984, "min": -1.43068063259, "var": 0.780030786991}, "erbbands_spread": {"dmean": 3.66785097122, "dmean2": 5.73463344574, "dvar": 9.8494052887, "dvar2": 24.4535121918, "max": 55.3397789001, "mean": 26.3828048706, "median": 27.1304206848, "min": 0.65118688345, "var": 99.0350799561}, "hfc": {"dmean": 2.62504506111, "dmean2": 3.88906407356, "dvar": 8.16113471985, "dvar2": 17.682477951, "max": 78.300743103, "mean": 14.4999685287, "median": 13.5270462036, "min": 1.198259394e-16, "var": 55.1815414429}, "melbands_crest": {"dmean": 2.16767334938, "dmean2": 3.5471675396, "dvar": 4.0960021019, "dvar2": 10.9184045792, "max": 29.5491199493, "mean": 13.2975473404, "median": 12.6946125031, "min": 3.88891339302, "var": 19.6128044128}, "melbands_flatness_db": {"dmean": 0.0151272751391, "dmean2": 0.0234446749091, "dvar": 0.000230728153838, "dvar2": 0.000513937906362, "max": 0.714075088501, "mean": 0.250941723585, "median": 0.234243512154, "min": 0.010608965531, "var": 0.00746121723205}, "melbands_kurtosis": {"dmean": 3.22719788551, "dmean2": 5.12606287003, "dvar": 15.4666051865, "dvar2": 37.6392974854, "max": 111.41103363, "mean": 10.6516990662, "median": 7.7340669632, "min": -1.43778038025, "var": 114.244850159}, "melbands_skewness": {"dmean": 0.395085424185, "dmean2": 0.624986052513, "dvar": 0.137834832072, "dvar2": 0.351496011019, "max": 7.21524763107, "mean": 2.25831222534, "median": 2.14797210693, "min": -0.743064165115, "var": 1.07584428787}, "melbands_spread": {"dmean": 3.10391306877, "dmean2": 4.93511199951, "dvar": 15.9072170258, "dvar2": 34.8761940002, "max": 161.104141235, "mean": 14.8662109375, "median": 12.3253879547, "min": 0.361172288656, "var": 115.458374023}, "pitch_salience": {"dmean": 0.0524484924972, "dmean2": 0.0833989754319, "dvar": 0.00206294003874, "dvar2": 0.00505974888802, "max": 0.841543376446, "mean": 0.546688616276, "median": 0.553899884224, "min": 0.0498098880053, "var": 0.0110534066334}, "silence_rate_20dB": {"dmean": 0, "dmean2": 0, "dvar": 0, "dvar2": 0, "max": 1, "mean": 1, "median": 1, "min": 1, "var": 0}, "silence_rate_30dB": {"dmean": 0.000466907891678, "dmean2": 0.000933924806304, "dvar": 0.000466697412776, "dvar2": 0.000933082366828, "max": 1, "mean": 0.999533116817, "median": 1, "min": 0, "var": 0.000466642930405}, "silence_rate_60dB": {"dmean": 0.00326835527085, "dmean2": 0.00653747376055, "dvar": 0.00325759849511, "dvar2": 0.00766172539443, "max": 1, "mean": 0.0171568635851, "median": 0, "min": 0, "var": 0.0168622024357}, "spectral_centroid": {"dmean": 120.453948975, "dmean2": 195.918746948, "dvar": 28945.2226562, "dvar2": 54764.9296875, "max": 10882.1933594, "mean": 938.424865723, "median": 822.833984375, "min": 354.282653809, "var": 202740.046875}, "spectral_complexity": {"dmean": 2.0569627285, "dmean2": 3.48855948448, "dvar": 2.84489178658, "dvar2": 7.85780191422, "max": 32, "mean": 17.4614849091, "median": 18, "min": 0, "var": 22.8416252136}, "spectral_decrease": {"dmean": 1.3395338172e-09, "dmean2": 1.96676341879e-09, "dvar": 2.39034062563e-18, "dvar2": 5.43689438455e-18, "max": 7.01029561174e-22, "mean": -6.6180678715e-09, "median": -5.95314553209e-09, "min": -3.23377307154e-08, "var": 1.68676519842e-17}, "spectral_energy": {"dmean": 0.0052672624588, "dmean2": 0.00773092964664, "dvar": 3.68221735698e-05, "dvar2": 8.35036044009e-05, "max": 0.12669634819, "mean": 0.026293264702, "median": 0.023769184947, "min": 1.08673954901e-20, "var": 0.000259028020082}, "spectral_energyband_high": {"dmean": 3.50870905095e-05, "dmean2": 5.9901685745e-05, "dvar": 2.2850725756e-09, "dvar2": 6.34947339151e-09, "max": 0.00136256252881, "mean": 0.000120022901683, "median": 0.000108002801426, "min": 7.97779915552e-21, "var": 8.49138093173e-09}, "spectral_energyband_low": {"dmean": 0.000694956514053, "dmean2": 0.0010591322789, "dvar": 1.30335627091e-06, "dvar2": 2.70999589702e-06, "max": 0.0412390939891, "mean": 0.0021948274225, "median": 0.00137743516825, "min": 1.84847010649e-22, "var": 8.61650642037e-06}, "spectral_energyband_middle_high": {"dmean": 0.000945849984419, "dmean2": 0.00140021450352, "dvar": 1.54178769662e-06, "dvar2": 2.96055122817e-06, "max": 0.0330952517688, "mean": 0.0036590679083, "median": 0.00304499035701, "min": 1.50739863465e-21, "var": 8.08922413853e-06}, "spectral_energyband_middle_low": {"dmean": 0.00486549641937, "dmean2": 0.0072353403084, "dvar": 3.37612254953e-05, "dvar2": 7.93681683717e-05, "max": 0.121298290789, "mean": 0.0211945455521, "median": 0.018529035151, "min": 3.70822180746e-22, "var": 0.000217780470848}, "spectral_entropy": {"dmean": 0.104993961751, "dmean2": 0.161766201258, "dvar": 0.0129101276398, "dvar2": 0.0260322056711, "max": 9.81278705597, "mean": 6.92324542999, "median": 7.07753372192, "min": 3.43589472771, "var": 0.323653370142}, "spectral_flux": {"dmean": 0.0128782307729, "dmean2": 0.0206885691732, "dvar": 0.00020126439631, "dvar2": 0.000481268303702, "max": 0.249915629625, "mean": 0.0551297552884, "median": 0.051801610738, "min": 1.04246798693e-10, "var": 0.000506203214172}, "spectral_kurtosis": {"dmean": 5.33745527267, "dmean2": 9.35949230194, "dvar": 110.428260803, "dvar2": 309.669891357, "max": 377.827301025, "mean": 12.6524686813, "median": 5.97984981537, "min": -1.21926999092, "var": 628.519165039}, "spectral_rms": {"dmean": 0.00048861047253, "dmean2": 0.000718099530786, "dvar": 2.31219772218e-07, "dvar2": 5.23387029716e-07, "max": 0.0111178327352, "mean": 0.00480350386351, "median": 0.00481554213911, "min": 3.25612301878e-12, "var": 2.57840542872e-06}, "spectral_rolloff": {"dmean": 205.604309082, "dmean2": 357.790100098, "dvar": 155607.125, "dvar2": 323023.03125, "max": 18863.0859375, "mean": 989.862731934, "median": 796.728515625, "min": 322.998046875, "var": 499633.75}, "spectral_skewness": {"dmean": 0.405108481646, "dmean2": 0.710146784782, "dvar": 0.325269758701, "dvar2": 0.931350469589, "max": 15.5331439972, "mean": 2.00775647163, "median": 1.60354280472, "min": 0.0167540293187, "var": 2.2070710659}, "spectral_spread": {"dmean": 211582.8125, "dmean2": 353250.4375, "dvar": 224316964864, "dvar2": 291332358144, "max": 41115084, "mean": 2609326.75, "median": 2727990.75, "min": 316032.4375, "var": 517533433856}, "spectral_strongpeak": {"dmean": 0.447896271944, "dmean2": 0.730079829693, "dvar": 0.277684152126, "dvar2": 0.729032278061, "max": 7.14919757843, "mean": 1.43870604038, "median": 1.35756421089, "min": 0, "var": 0.756629645824}, "zerocrossingrate": {"dmean": 0.0037627920974, "dmean2": 0.0048051183112, "dvar": 5.92948017584e-05, "dvar2": 6.71379893902e-05, "max": 0.50390625, "mean": 0.0392997451127, "median": 0.03662109375, "min": 0.0146484375, "var": 0.000296437356155}, "barkbands": {"dmean": [2.95666097827e-07, 0.000248712225584, 0.000403368874686, 0.000461304967757, 0.000794035440776, 0.00341515545733, 0.00127793406136, 0.000707442057319, 0.000323301792378, 0.000443972065113, 0.000479487614939, 0.000197966219275, 8.02592257969e-05, 8.94985569175e-05, 0.00022002676269, 0.000169260747498, 0.0001968050492, 6.84954356984e-05, 5.5473545217e-05, 4.956002158e-05, 2.29203578783e-05, 9.59849057836e-06, 2.91430978905e-06, 6.47556873901e-07, 4.28944218811e-07, 2.41146551616e-07, 6.2518651589e-08], "dmean2": [4.94957532737e-07, 0.000397262949264, 0.000603239634074, 0.000718023220543, 0.00117849907838, 0.00535134086385, 0.0017102942802, 0.00103580323048, 0.000479108217405, 0.000615544558968, 0.000687819090672, 0.000310446979711, 0.000124471975141, 0.000147867322084, 0.000378688651836, 0.000289096322376, 0.000338835350703, 0.000118627664051, 9.67451560427e-05, 8.69224750204e-05, 3.9845937863e-05, 1.66025092767e-05, 4.94331334266e-06, 1.09106008495e-06, 7.21089804756e-07, 4.28113196449e-07, 1.16139439399e-07], "dvar": [4.00519922132e-13, 1.60191348186e-07, 6.1071671098e-07, 6.15296983142e-07, 2.06084359888e-06, 2.23280785576e-05, 2.85256646748e-06, 2.35224865719e-06, 1.00407407899e-06, 8.40623783915e-07, 8.50223216275e-07, 2.24961723916e-07, 3.27648201903e-08, 2.42595756816e-08, 8.44997316563e-08, 6.5279884609e-08, 7.36509662147e-08, 6.79853240371e-09, 4.65019089901e-09, 3.8907805866e-09, 1.0871094025e-09, 1.71481148725e-10, 2.39592685969e-11, 2.76822878856e-12, 2.62007863322e-12, 1.46496497658e-12, 1.29069145779e-13], "dvar2": [1.12214079175e-12, 4.08390036455e-07, 1.20860988773e-06, 1.52704649281e-06, 4.45057276011e-06, 5.923169374e-05, 4.75163551528e-06, 4.34887033407e-06, 2.68502594736e-06, 1.39998940085e-06, 1.45304898069e-06, 4.6199770054e-07, 5.18758191959e-08, 5.63198447878e-08, 2.38721725054e-07, 1.85028355304e-07, 2.13084973666e-07, 1.99107805798e-08, 1.36840032638e-08, 1.17957137391e-08, 3.0962961084e-09, 4.94986163169e-10, 6.57592522102e-11, 7.35232881521e-12, 7.21513517335e-12, 4.17980233758e-12, 3.74107971164e-13], "max": [1.22518267744e-05, 0.0072805993259, 0.0292750503868, 0.0172147899866, 0.0325567387044, 0.092746168375, 0.0324563533068, 0.0480566099286, 0.0667001008987, 0.0241336207837, 0.0291983243078, 0.0160544514656, 0.0151704475284, 0.00748714106157, 0.0109320646152, 0.00550169777125, 0.00426531815901, 0.00105922692455, 0.000806877214927, 0.000937169999816, 0.000564069428947, 0.000357479933882, 0.000213283638004, 7.41152107366e-05, 4.20984797529e-05, 4.14621936216e-05, 7.0149108069e-06], "mean": [6.2461805328e-07, 0.000605554145295, 0.00101633230224, 0.00116062059533, 0.0022968929261, 0.0103156166151, 0.0043174228631, 0.00179120176472, 0.000693297246471, 0.000969845161308, 0.000971615954768, 0.000357863347745, 0.000153677246999, 0.000162783602718, 0.000363266241038, 0.000318566715578, 0.000355097377906, 0.000138335046358, 0.000112937210361, 0.000104467690107, 5.20284156664e-05, 2.48590658884e-05, 7.58375472287e-06, 1.74929448349e-06, 7.72645478264e-07, 2.60342062575e-07, 4.22277359746e-08], "median": [1.2247055281e-07, 0.000363018596545, 0.000390519475332, 0.000551988719963, 0.00102859130129, 0.00609870627522, 0.00276922015473, 0.000630552822258, 0.000461193412775, 0.000423767836764, 0.000368251436157, 0.000169645791175, 9.23930201679e-05, 0.000113115434942, 0.000257156323642, 0.000207424396649, 0.000256834726315, 0.000111099201604, 9.06261702767e-05, 8.71273150551e-05, 4.14495007135e-05, 2.12416780414e-05, 5.78545495955e-06, 1.46108095578e-06, 5.42178099749e-07, 1.24483875652e-07, 6.70409860959e-09], "min": [1.46407235532e-23, 4.03701272186e-23, 8.57947828687e-23, 1.04260943809e-22, 5.85536740066e-23, 2.53074388118e-23, 1.23741991659e-23, 5.17509446122e-23, 1.06942540772e-22, 2.73124345098e-23, 7.13798013299e-23, 1.10033095851e-22, 3.96688424957e-23, 1.5047457396e-22, 9.48588451568e-23, 2.04746083782e-22, 1.17396689571e-22, 2.49160946986e-22, 2.63362134598e-22, 3.38771658312e-22, 4.83702546971e-22, 5.10879145944e-22, 6.9392976254e-22, 8.88757201548e-22, 1.0192198006e-21, 1.74707815513e-21, 2.59477874377e-21], "var": [1.67843300022e-12, 5.32456283509e-07, 3.76465663976e-06, 2.79666323877e-06, 1.21391431094e-05, 0.000118496172945, 2.03393174161e-05, 9.90251919575e-06, 1.48027538671e-06, 3.49821584678e-06, 3.44261138707e-06, 5.16347483881e-07, 1.24849577787e-07, 4.15390744024e-08, 1.64135215641e-07, 1.24914848243e-07, 1.26826080304e-07, 1.28056836246e-08, 9.46448253103e-09, 8.03379229808e-09, 2.37235009415e-09, 4.40847885974e-10, 5.36129439455e-11, 3.5560755729e-12, 2.03703438666e-12, 9.01828037161e-13, 7.19195346723e-14]}, "erbbands": {"dmean": [0.00327506382018, 0.0701149255037, 0.356913655996, 1.03161346912, 2.55845594406, 2.74194121361, 7.04899644852, 31.8929824829, 28.9407024384, 15.4521799088, 16.3201999664, 7.1073384285, 15.1115102768, 9.91522121429, 16.9992275238, 9.77989292145, 3.92253708839, 5.05467176437, 4.84253644943, 14.8170957565, 11.3807058334, 6.91489124298, 3.5211019516, 3.40549230576, 2.56800699234, 2.62281966209, 1.20926165581, 0.485411912203, 0.330196022987, 0.188723340631, 0.0794507265091, 0.0175011008978, 0.00928422901779, 0.00534306932241, 0.00281785055995, 0.00127196975518, 0.000413320172811, 8.10218043625e-05, 1.1978268958e-05, 6.08926939094e-06], "dmean2": [0.00489658722654, 0.112392447889, 0.553010106087, 1.56448400021, 3.80448579788, 4.07619476318, 9.57766819, 51.8575172424, 41.6147537231, 22.3080272675, 23.03764534, 10.2614450455, 20.5430870056, 14.8800935745, 23.9815063477, 15.191485405, 5.98085451126, 8.35968971252, 8.19135284424, 25.4721012115, 19.5633144379, 11.8364830017, 6.11489629745, 5.91729593277, 4.51303625107, 4.62855863571, 2.09836316109, 0.832431912422, 0.570787131786, 0.32246029377, 0.135082811117, 0.0295756328851, 0.0155900791287, 0.00894699245691, 0.00483183981851, 0.00222505815327, 0.000741550582461, 0.000147798549733, 2.16137741518e-05, 9.06604327611e-06], "dvar": [3.36001357937e-05, 0.0122709525749, 0.421385765076, 2.99386429787, 19.6125164032, 35.0756034851, 120.791503906, 2010.94128418, 1753.72058105, 618.755004883, 1613.38696289, 193.328231812, 1429.72009277, 361.321014404, 1288.53344727, 575.107971191, 78.2400588989, 92.7807159424, 87.42628479, 386.844726562, 295.988555908, 75.7208099365, 19.086730957, 22.3331050873, 12.7347393036, 12.6278839111, 3.45022535324, 0.434208244085, 0.219549804926, 0.0684713348746, 0.0215892530978, 0.00114239624236, 0.000882230931893, 0.000314633740345, 0.000161793577718, 3.813775038e-05, 4.42640975962e-06, 1.80738695121e-07, 3.49372197839e-09, 5.25627007197e-11], "dvar2": [7.03828554833e-05, 0.0316433049738, 0.940097033978, 6.85317468643, 42.8597869873, 74.6410140991, 184.522109985, 5670.56787109, 3320.80883789, 1325.95776367, 2871.58496094, 476.853179932, 2601.22192383, 817.389770508, 2178.6640625, 1173.28649902, 115.094978333, 213.380950928, 255.470291138, 1088.57275391, 848.006652832, 220.091751099, 56.5070724487, 65.5562210083, 37.9250984192, 38.4085884094, 10.0494966507, 1.17777001858, 0.629497528076, 0.191833361983, 0.0611236728728, 0.0029893820174, 0.00240334565751, 0.000855831603985, 0.00045340161887, 0.000108198495582, 1.26584236568e-05, 5.19054424331e-07, 1.01197770164e-08, 1.25733576328e-10], "max": [0.170752137899, 1.79051351547, 19.9564361572, 49.8363075256, 89.9346084595, 179.638626099, 273.932067871, 926.71105957, 853.389709473, 631.378540039, 1270.7010498, 792.919921875, 1545.05004883, 565.392272949, 898.860595703, 808.480407715, 767.894226074, 471.897583008, 602.213378906, 250.441970825, 371.61920166, 131.427337646, 90.3427352905, 73.1676864624, 53.4705352783, 56.3690681458, 33.3550834656, 19.2481079102, 12.2997255325, 9.10533714294, 6.19069671631, 1.18849694729, 1.38573169708, 0.458196938038, 0.424558371305, 0.238366946578, 0.0609040446579, 0.0106919920072, 0.00112271879334, 0.000141543292557], "mean": [0.00944529566914, 0.173257723451, 0.901239037514, 2.93917942047, 6.07504606247, 8.5076675415, 26.8796024323, 88.7641601562, 87.3647766113, 42.834274292, 42.672996521, 18.5750026703, 34.2824478149, 22.7275619507, 36.3701019287, 18.3359127045, 8.47528553009, 9.4673576355, 9.75765037537, 24.1458263397, 22.1549854279, 14.5603199005, 8.16431903839, 7.10190200806, 5.71105623245, 5.67946529388, 2.83767676353, 1.27617001534, 0.860167562962, 0.517473101616, 0.216790661216, 0.0502935312688, 0.02209199965, 0.0109113045037, 0.00430785911158, 0.00163575715851, 0.00043092816486, 7.19146846677e-05, 2.00478862098e-05, 3.03635151795e-05], "median": [0.00457885395736, 0.108711525798, 0.454942822456, 1.48035693169, 3.0928940773, 3.41656589508, 13.3564500809, 54.8279571533, 48.3328018188, 22.8331031799, 12.7410793304, 13.0147151947, 14.4890050888, 12.7058143616, 14.3360939026, 8.52824020386, 5.39206504822, 6.58789777756, 6.22880744934, 17.218793869, 15.3009262085, 11.4882144928, 6.56537771225, 5.46015453339, 4.30403137207, 4.6033782959, 2.1685628891, 1.10041856766, 0.722938299179, 0.439722716808, 0.165491074324, 0.0436930134892, 0.0182282738388, 0.00829959847033, 0.00276405457407, 0.000939288933296, 0.000197719215066, 2.63926813204e-05, 1.38637178679e-05, 2.76229475276e-05], "min": [1.59495598522e-21, 8.55676984655e-21, 7.03104425399e-20, 2.48698597856e-19, 2.84194727398e-19, 1.02497700998e-19, 4.00988364741e-19, 1.29506149662e-19, 1.89526284436e-19, 4.17755651799e-19, 1.59022867144e-18, 2.65412810938e-18, 1.01349653148e-18, 1.34375314733e-18, 4.05959647844e-18, 3.69400456798e-18, 1.7144349069e-18, 7.08189523384e-18, 4.03293562011e-18, 1.19796878891e-17, 8.2458624328e-18, 6.3484168139e-18, 1.04015637651e-17, 1.42096477065e-17, 1.52736286217e-17, 1.58627367278e-17, 1.66856689407e-17, 2.0602359215e-17, 1.97225715699e-17, 2.02506916494e-17, 1.90446590076e-17, 1.48853334986e-17, 1.74728586794e-17, 1.0596157177e-17, 8.29618313818e-18, 6.11612175043e-18, 3.59149951929e-18, 1.44006044188e-18, 3.51738729003e-19, 3.79503744197e-20], "var": [0.000225724317716, 0.0395536497235, 1.94522154331, 17.0477466583, 67.9852523804, 259.048217773, 1027.46777344, 8594.22949219, 9920.04882812, 3216.84423828, 6756.63134766, 451.294128418, 5370.96191406, 963.548339844, 5032.68310547, 1331.99987793, 320.952362061, 150.54119873, 253.892425537, 561.732543945, 525.590515137, 154.609832764, 41.3208961487, 43.6256027222, 27.8818817139, 25.6828022003, 7.81733465195, 1.09686100483, 0.55400544405, 0.19233545661, 0.051994305104, 0.00204673339613, 0.00083984027151, 0.000275379134109, 0.000111614688649, 2.44823186222e-05, 2.67114501185e-06, 1.051784011e-07, 2.06730565999e-09, 3.31548982713e-10]}, "gfcc": {"mean": [-49.254611969, 152.592712402, -155.52746582, 21.1664066315, -62.2938537598, -22.1642112732, -34.3074302673, -7.7954788208, -11.3524780273, -6.14131784439, -9.21957588196, -1.27256166935, -0.440709859133], "cov": [[4924.18554688, -612.516418457, -212.031555176, 1084.69921875, -555.060424805, 403.291107178, 185.157836914, 88.5558395386, -152.307357788, -42.815032959, -173.311477661, -77.9942855835, -105.939109802], [-612.516418457, 894.569946289, 251.371398926, -436.050872803, 250.451553345, -223.011398315, -39.314666748, -162.854187012, 101.411186218, -21.2604179382, 152.713989258, -1.17298662663, 84.8210220337], [-212.031555176, 251.371398926, 295.197601318, -111.195556641, 81.6920547485, -43.5708122253, -36.0267982483, -48.8749198914, 1.06741142273, 13.9303760529, 47.0768051147, 16.308757782, 10.6281385422], [1084.69921875, -436.050872803, -111.195556641, 686.03503418, -119.863853455, 250.267776489, 117.345840454, 94.5154190063, -50.7783126831, -25.1209888458, -111.731086731, -48.2617912292, -68.6538543701], [-555.060424805, 250.451553345, 81.6920547485, -119.863853455, 200.007965088, -39.103012085, -23.038225174, -27.7053432465, 35.1478233337, 5.63672113419, 42.7674293518, 12.9147834778, 26.3104801178], [403.291107178, -223.011398315, -43.5708122253, 250.267776489, -39.103012085, 190.050491333, 83.9202880859, 77.9729309082, -30.1180210114, -11.5309848785, -62.5883636475, -17.8111858368, -39.8922691345], [185.157836914, -39.314666748, -36.0267982483, 117.345840454, -23.038225174, 83.9202880859, 116.204933167, 55.7267913818, 6.20410871506, -11.6570072174, -28.7246837616, -20.5220336914, -19.9097976685], [88.5558395386, -162.854187012, -48.8749198914, 94.5154190063, -27.7053432465, 77.9729309082, 55.7267913818, 122.219276428, 18.434053421, 10.3309440613, -43.4937210083, -19.1865653992, -28.586183548], [-152.307357788, 101.411186218, 1.06741142273, -50.7783126831, 35.1478233337, -30.1180210114, 6.20410871506, 18.434053421, 84.2549591064, 27.0124568939, 28.1505432129, -7.21678829193, 9.73035907745], [-42.815032959, -21.2604179382, 13.9303760529, -25.1209888458, 5.63672113419, -11.5309848785, -11.6570072174, 10.3309440613, 27.0124568939, 63.8873748779, 32.0371856689, 14.3519582748, 3.87589097023], [-173.311477661, 152.713989258, 47.0768051147, -111.731086731, 42.7674293518, -62.5883636475, -28.7246837616, -43.4937210083, 28.1505432129, 32.0371856689, 108.357536316, 49.3902626038, 37.2891197205], [-77.9942855835, -1.17298662663, 16.308757782, -48.2617912292, 12.9147834778, -17.8111858368, -20.5220336914, -19.1865653992, -7.21678829193, 14.3519582748, 49.3902626038, 78.69506073, 41.8669204712], [-105.939109802, 84.8210220337, 10.6281385422, -68.6538543701, 26.3104801178, -39.8922691345, -19.9097976685, -28.586183548, 9.73035907745, 3.87589097023, 37.2891197205, 41.8669204712, 73.633895874]], "icov": [[0.000661435828079, -0.00175111205317, 0.000662461970933, -0.00117202231195, 0.00252127507702, -0.00110184878577, 0.00127301469911, -0.000737048685551, 0.00124465255067, -0.001590896165, 0.000972386042122, -0.00117532792501, 0.000435756723164], [-0.00175111205317, 0.0134249469265, -0.00591112533584, 0.00514045776799, -0.0116683356464, 0.00586366839707, -0.00985718891025, 0.0084565365687, -0.00939385779202, 0.0120461639017, -0.00952135678381, 0.0113714048639, -0.0054108123295], [0.000662461970933, -0.00591112533584, 0.00685219978914, -0.00178696459625, 0.00342528312467, -0.00285611092113, 0.00458713620901, -0.00283041317016, 0.00508340401575, -0.00612195860595, 0.00321684172377, -0.00480508664623, 0.00323093798943], [-0.00117202231195, 0.00514045776799, -0.00178696459625, 0.00569143844768, -0.00468995794654, -0.00125744007528, -0.00398748274893, 0.00367058254778, -0.00378076522611, 0.00449619954452, -0.00280786585063, 0.00457128603011, -0.00161611812655], [0.00252127507702, -0.0116683356464, 0.00342528312467, -0.00468995794654, 0.0193220768124, -0.00767804635689, 0.00938207563013, -0.00576003361493, 0.00509217148647, -0.00889248307794, 0.00654095318168, -0.00865664239973, 0.00284300977364], [-0.00110184878577, 0.00586366839707, -0.00285611092113, -0.00125744007528, -0.00767804635689, 0.0190316643566, -0.0101237744093, -0.00146509113256, 0.000608262605965, 0.00394639465958, -0.00141193671152, 0.00148623052519, 0.000229963086895], [0.00127301469911, -0.00985718891025, 0.00458713620901, -0.00398748274893, 0.00938207563013, -0.0101237744093, 0.0223574154079, -0.00956570263952, 0.00382297229953, -0.00469163712114, 0.00430819531903, -0.00578908482566, 0.00315255927853], [-0.000737048685551, 0.0084565365687, -0.00283041317016, 0.00367058254778, -0.00576003361493, -0.00146509113256, -0.00956570263952, 0.0220790077001, -0.0121956104413, 0.00348278973252, 0.000109752938442, 0.00435045454651, -0.000822309404612], [0.00124465255067, -0.00939385779202, 0.00508340401575, -0.00378076522611, 0.00509217148647, 0.000608262605965, 0.00382297229953, -0.0121956104413, 0.0280460938811, -0.0147546054795, 0.00073615036672, -0.000111309724161, -7.69017424318e-05], [-0.001590896165, 0.0120461639017, -0.00612195860595, 0.00449619954452, -0.00889248307794, 0.00394639465958, -0.00469163712114, 0.00348278973252, -0.0147546054795, 0.0340752638876, -0.015334488824, 0.00785192009062, -0.00223326287232], [0.000972386042122, -0.00952135678381, 0.00321684172377, -0.00280786585063, 0.00654095318168, -0.00141193671152, 0.00430819531903, 0.000109752938442, 0.00073615036672, -0.015334488824, 0.0295723322779, -0.0198528543115, 0.00441210065037], [-0.00117532792501, 0.0113714048639, -0.00480508664623, 0.00457128603011, -0.00865664239973, 0.00148623052519, -0.00578908482566, 0.00435045454651, -0.000111309724161, 0.00785192009062, -0.0198528543115, 0.0369783118367, -0.0171824619174], [0.000435756723164, -0.0054108123295, 0.00323093798943, -0.00161611812655, 0.00284300977364, 0.000229963086895, 0.00315255927853, -0.000822309404612, -7.69017424318e-05, -0.00223326287232, 0.00441210065037, -0.0171824619174, 0.0257722791284]]}, "melbands": {"dmean": [5.08171542606e-05, 0.000150796302478, 0.00021150521934, 0.000188496676856, 0.000214481784496, 0.000723093689885, 0.000417125469539, 0.000153411194333, 0.000123372592498, 4.37582893937e-05, 7.59071699576e-05, 3.91258799937e-05, 6.90763845341e-05, 2.75867460005e-05, 1.3873662283e-05, 7.4027429946e-06, 1.02821149994e-05, 7.18704905012e-06, 1.42279559441e-05, 1.64548891917e-05, 1.57785580086e-05, 9.25515996641e-06, 5.19490868101e-06, 4.26708083978e-06, 2.88874321086e-06, 2.33386072068e-06, 1.89394438621e-06, 1.6560846916e-06, 9.18700095554e-07, 5.34155788046e-07, 3.16883017604e-07, 1.89659047578e-07, 2.17172214434e-07, 9.20172666952e-08, 6.45805542376e-08, 1.43447831391e-08, 9.46177269867e-09, 6.92955026693e-09, 7.09662106857e-09, 4.22468104944e-09], "dmean2": [7.95077576186e-05, 0.00023363258515, 0.00031803973252, 0.000282630149741, 0.000288249982987, 0.00114773062523, 0.000605732959229, 0.000224975316087, 0.000173710213858, 6.39969002805e-05, 0.000103358710476, 5.97120197199e-05, 9.89070686046e-05, 4.1503320972e-05, 2.12669165194e-05, 1.17082463476e-05, 1.70195198734e-05, 1.21182911244e-05, 2.44382026722e-05, 2.81465672742e-05, 2.72090710496e-05, 1.58580551215e-05, 9.07628145796e-06, 7.44686394683e-06, 5.02585953654e-06, 4.11712835557e-06, 3.30835700879e-06, 2.91800847663e-06, 1.60785157277e-06, 9.16848250654e-07, 5.46397814105e-07, 3.30248781211e-07, 3.72059133724e-07, 1.57361370157e-07, 1.10141563425e-07, 2.45699958157e-08, 1.60087108014e-08, 1.16583613874e-08, 1.20186749442e-08, 7.07319847137e-09], "dvar": [7.08083325307e-09, 6.61982539896e-08, 1.11739055342e-07, 1.20351572264e-07, 1.08320094228e-07, 1.04676541923e-06, 3.48421025365e-07, 5.95101887768e-08, 8.8539415799e-08, 1.35180249217e-08, 3.53986315815e-08, 6.73398181661e-09, 1.74993637359e-08, 3.78881326313e-09, 8.60745141829e-10, 2.70197170193e-10, 3.29704097357e-10, 1.97652172407e-10, 3.47329304207e-10, 4.05639827283e-10, 5.36041877552e-10, 1.56201968027e-10, 7.63163698903e-11, 3.56331353313e-11, 1.92428434298e-11, 1.2250839232e-11, 5.9560815481e-12, 4.8153954782e-12, 2.99430749293e-12, 7.31871431948e-13, 2.20709924946e-13, 6.423970378e-14, 1.0641903076e-13, 1.93756194764e-14, 1.4197042996e-14, 6.61086345442e-16, 3.60938791215e-16, 3.86795716009e-16, 4.79632088745e-16, 1.83918275541e-16], "dvar2": [1.7066057012e-08, 1.47145371443e-07, 2.58862655755e-07, 2.58656484675e-07, 1.68158365454e-07, 2.81740994978e-06, 6.84357303271e-07, 1.31016506089e-07, 1.56564169629e-07, 3.49081545892e-08, 6.4582671655e-08, 1.56404382778e-08, 2.97764675139e-08, 7.41505967738e-09, 1.59051982696e-09, 5.11059583541e-10, 7.76139430503e-10, 5.81081460727e-10, 9.75408753767e-10, 1.14122045147e-09, 1.53697221617e-09, 4.48163062217e-10, 2.31394597927e-10, 1.04518414756e-10, 5.66308631933e-11, 3.6429491368e-11, 1.81585285003e-11, 1.46143878249e-11, 8.89081256533e-12, 1.98774286961e-12, 6.37691180243e-13, 1.88946555342e-13, 2.98757275429e-13, 5.40254080079e-14, 4.06044996075e-14, 1.80732436395e-15, 9.37388175199e-16, 1.05245071894e-15, 1.31616447443e-15, 5.01532602053e-16], "max": [0.00192265922669, 0.00810328498483, 0.00762817636132, 0.00810649618506, 0.00807868968695, 0.0211621485651, 0.011966753751, 0.00572564080358, 0.00917631201446, 0.00758845265955, 0.007768265903, 0.00256899395026, 0.00432640453801, 0.00188649294432, 0.00138660822995, 0.000987120438367, 0.000796162406914, 0.000885503657628, 0.000448779232102, 0.000259019085206, 0.000425267935498, 0.000210488011362, 0.000237898668274, 7.79782421887e-05, 6.69175788062e-05, 4.95545355079e-05, 3.1997467886e-05, 3.31160808855e-05, 3.34716496582e-05, 1.80437837116e-05, 9.1254223662e-06, 6.69323935654e-06, 6.16589022684e-06, 4.82366158394e-06, 4.69032056571e-06, 1.02529929791e-06, 5.48367893316e-07, 8.48203228543e-07, 9.84484358924e-07, 2.86144427264e-07], "mean": [0.000130892789457, 0.000404416001402, 0.000602970132604, 0.0005181322922, 0.000840746564791, 0.00211150059476, 0.00125044642482, 0.00040697681834, 0.000315413315548, 0.00010360887245, 0.000169175458723, 8.36397448438e-05, 0.000139884927194, 5.34700338903e-05, 2.71833760053e-05, 1.43427641888e-05, 1.80359493243e-05, 1.33240664582e-05, 2.40792596742e-05, 2.90917851089e-05, 2.74469311989e-05, 1.70588737092e-05, 9.44174917095e-06, 7.58775740906e-06, 5.26153780811e-06, 4.25325970355e-06, 3.88664193451e-06, 3.41265467796e-06, 1.90272589862e-06, 1.09224492917e-06, 7.04905573912e-07, 4.58941968873e-07, 4.76251670989e-07, 2.16984076928e-07, 1.5668389608e-07, 3.71030637325e-08, 2.27811245423e-08, 1.47104204373e-08, 1.40159848172e-08, 7.60872342909e-09], "median": [7.33805864002e-05, 0.000231653233641, 0.000347192515619, 0.000227570038987, 0.000449444283731, 0.00126286665909, 0.000727477890905, 0.000224256931688, 9.67071391642e-05, 7.03850819264e-05, 7.10423628334e-05, 4.48776809208e-05, 5.33397105755e-05, 2.28965909628e-05, 1.61023308465e-05, 9.69826396613e-06, 1.21482462418e-05, 7.92520586401e-06, 1.70115654328e-05, 2.11428523471e-05, 1.76904759428e-05, 1.23148874991e-05, 5.87459953749e-06, 5.34718856215e-06, 3.37098481396e-06, 2.75446564046e-06, 3.11961912303e-06, 2.59670605374e-06, 1.09988411623e-06, 7.27412214019e-07, 4.82706354887e-07, 3.87515797229e-07, 3.46458932654e-07, 1.54101059024e-07, 1.08760843887e-07, 3.17967696617e-08, 1.89394597783e-08, 1.15207878792e-08, 1.09462607867e-08, 5.27078958257e-09], "min": [1.32283619769e-23, 2.85951065644e-23, 4.74310854972e-23, 1.16550609429e-23, 1.20996874038e-23, 3.23548046225e-24, 2.61541823859e-24, 6.85073631365e-24, 1.34370385633e-23, 1.65691445231e-23, 4.37553415665e-24, 4.56829192441e-24, 1.21909854318e-23, 1.49599834502e-23, 4.12529367245e-24, 4.49553409983e-24, 1.50162528985e-23, 6.52735737948e-24, 1.04695165984e-23, 1.78099675068e-23, 8.37537882922e-24, 6.06747750414e-24, 9.72417162725e-24, 1.04209992861e-23, 1.1568152137e-23, 9.72537227354e-24, 1.22928352633e-23, 1.00610601988e-23, 9.49585398203e-24, 1.10749531436e-23, 1.1623482052e-23, 1.08352814234e-23, 1.04847794791e-23, 1.16200378853e-23, 1.00705557176e-23, 1.14865720865e-23, 8.22832411243e-24, 1.25643177995e-23, 1.11279243645e-23, 7.98889378365e-24], "var": [2.99074756072e-08, 3.32885775833e-07, 5.52310098101e-07, 6.23455093773e-07, 9.39142296374e-07, 5.0486028158e-06, 1.91983690456e-06, 2.90861521535e-07, 3.7316505086e-07, 2.30450183381e-08, 1.32292541366e-07, 1.56145851804e-08, 7.12213292786e-08, 1.07450084386e-08, 2.49175813316e-09, 7.26995463829e-10, 5.46881151475e-10, 5.37892674846e-10, 6.03944505517e-10, 7.17897741254e-10, 9.13755793253e-10, 2.84211265633e-10, 1.2236039959e-10, 5.68999049266e-11, 3.53099147143e-11, 2.27337575848e-11, 1.153754349e-11, 1.03489682102e-11, 6.30005162622e-12, 1.650401712e-12, 5.28953996489e-13, 1.50125802089e-13, 2.51805032988e-13, 4.74109616041e-14, 3.42014218053e-14, 1.14428317235e-15, 5.42623652632e-16, 3.85743727559e-16, 4.30052788653e-16, 1.58752900208e-16]}, "mfcc": {"mean": [-676.781860352, 172.143951416, -32.7263679504, 32.3100738525, -14.3653821945, -6.99316167831, -21.3208255768, -4.70609903336, -3.95602178574, -7.16196155548, -9.6222076416, -2.55747890472, 7.84766721725], "cov": [[3819.57373047, -410.911437988, -191.127838135, 667.332702637, -372.050994873, 239.222625732, 179.430297852, 249.424682617, 70.1102676392, 135.429779053, -66.3388137817, -144.028549194, 85.461555481], [-410.911437988, 1037.90002441, 132.419845581, -193.008666992, 165.726135254, -73.4302139282, -66.888381958, -147.314117432, -66.7027206421, -122.98613739, -2.45159626007, 76.3228225708, -2.71255016327], [-191.127838135, 132.419845581, 179.155334473, -33.5700416565, 22.5373439789, -2.81485795975, -3.02941322327, -33.2114143372, -24.4810009003, -21.3523483276, 1.08634829521, 20.389793396, 3.19824743271], [667.332702637, -193.008666992, -33.5700416565, 334.706542969, -22.8647670746, 100.585296631, 85.9650802612, 88.5733566284, 32.8231582642, 63.0571899414, -2.9612467289, -46.2682914734, 0.423113554716], [-372.050994873, 165.726135254, 22.5373439789, -22.8647670746, 160.819976807, 6.87385892868, -10.2694425583, -34.197769165, -9.05508995056, -27.2930984497, 8.80227565765, 19.3249721527, -13.8679990768], [239.222625732, -73.4302139282, -2.81485795975, 100.585296631, 6.87385892868, 105.172370911, 57.0454063416, 42.3813323975, 10.4093780518, 17.3189620972, -6.55896568298, -12.9973220825, 7.40615272522], [179.430297852, -66.888381958, -3.02941322327, 85.9650802612, -10.2694425583, 57.0454063416, 105.196983337, 64.643409729, 25.2881832123, 22.9073562622, 1.25482463837, -9.03908443451, -1.77039265633], [249.424682617, -147.314117432, -33.2114143372, 88.5733566284, -34.197769165, 42.3813323975, 64.643409729, 114.782226562, 52.7473754883, 43.1481056213, 7.95785522461, -14.2791309357, -1.68583512306], [70.1102676392, -66.7027206421, -24.4810009003, 32.8231582642, -9.05508995056, 10.4093780518, 25.2881832123, 52.7473754883, 86.4682540894, 54.5500526428, 16.1733665466, -11.1235704422, -5.96974468231], [135.429779053, -122.98613739, -21.3523483276, 63.0571899414, -27.2930984497, 17.3189620972, 22.9073562622, 43.1481056213, 54.5500526428, 101.235069275, 39.3714866638, -15.5483503342, -6.04980611801], [-66.3388137817, -2.45159626007, 1.08634829521, -2.9612467289, 8.80227565765, -6.55896568298, 1.25482463837, 7.95785522461, 16.1733665466, 39.3714866638, 75.6934967041, 27.4278202057, -9.59944725037], [-144.028549194, 76.3228225708, 20.389793396, -46.2682914734, 19.3249721527, -12.9973220825, -9.03908443451, -14.2791309357, -11.1235704422, -15.5483503342, 27.4278202057, 74.2962341309, 22.6240940094], [85.461555481, -2.71255016327, 3.19824743271, 0.423113554716, -13.8679990768, 7.40615272522, -1.77039265633, -1.68583512306, -5.96974468231, -6.04980611801, -9.59944725037, 22.6240940094, 68.8804855347]], "icov": [[0.000689651351422, -0.000372443057131, 0.000489402737003, -0.00113097892608, 0.00162375241052, -0.000781898328569, 0.000350695772795, -0.000413161295, 0.000101602316136, 9.45978754316e-05, -1.68407605088e-05, 0.000518652086612, -0.000631805916782], [-0.000372443057131, 0.00176900159568, -0.000909436843358, 0.000764057680499, -0.00191741785966, 0.000945170875639, -0.000635327247437, 0.00145263632294, -0.000665738945827, 0.00112239806913, -0.000129002073663, -0.000891942705493, 0.000416717899498], [0.000489402737003, -0.000909436843358, 0.00685194833204, -0.000540622742847, 0.0012853712542, -0.00116096180864, -0.000896130921319, 0.00105378369335, 0.00108456076123, -0.000437687704107, 0.000139729556395, -0.000675221614074, -0.000274671096122], [-0.00113097892608, 0.000764057680499, -0.000540622742847, 0.0071964636445, -0.00301976990886, -0.00176661100704, -0.00186803471297, -0.00105018366594, 0.00137453107163, -0.00244804285467, 0.000293708755635, 0.00113424891606, 0.000494965002872], [0.00162375241052, -0.00191741785966, 0.0012853712542, -0.00301976990886, 0.0124243060127, -0.00459122937173, 0.00127010850701, 0.00143405178096, -0.00198007444851, 0.00258184690028, -0.00154963100795, -0.000154802371981, 0.000821609282866], [-0.000781898328569, 0.000945170875639, -0.00116096180864, -0.00176661100704, -0.00459122937173, 0.0180771928281, -0.00655899103731, -0.0009740954265, 0.00182521215174, -0.00101084844209, 0.0014550226042, 0.000167040896486, -0.00177107192576], [0.000350695772795, -0.000635327247437, -0.000896130921319, -0.00186803471297, 0.00127010850701, -0.00655899103731, 0.0186859443784, -0.00831712037325, -0.000124261336168, 0.000399803946493, 0.000330888666213, -0.00079918425763, 0.00116356741637], [-0.000413161295, 0.00145263632294, 0.00105378369335, -0.00105018366594, 0.00143405178096, -0.0009740954265, -0.00831712037325, 0.0216136462986, -0.00930641498417, 0.00155181554146, -0.000828099902719, -0.00170865643304, 0.00101156102028], [0.000101602316136, -0.000665738945827, 0.00108456076123, 0.00137453107163, -0.00198007444851, 0.00182521215174, -0.000124261336168, -0.00930641498417, 0.0230429377407, -0.0117110610008, 0.00246376986615, 0.00052855006652, 0.00010130454757], [9.45978754316e-05, 0.00112239806913, -0.000437687704107, -0.00244804285467, 0.00258184690028, -0.00101084844209, 0.000399803946493, 0.00155181554146, -0.0117110610008, 0.0251337178051, -0.0136659191921, 0.00633147964254, -0.00215265643783], [-1.68407605088e-05, -0.000129002073663, 0.000139729556395, 0.000293708755635, -0.00154963100795, 0.0014550226042, 0.000330888666213, -0.000828099902719, 0.00246376986615, -0.0136659191921, 0.0257707033306, -0.0131901390851, 0.00646442733705], [0.000518652086612, -0.000891942705493, -0.000675221614074, 0.00113424891606, -0.000154802371981, 0.000167040896486, -0.00079918425763, -0.00170865643304, 0.00052855006652, 0.00633147964254, -0.0131901390851, 0.0253339223564, -0.0103230914101], [-0.000631805916782, 0.000416717899498, -0.000274671096122, 0.000494965002872, 0.000821609282866, -0.00177107192576, 0.00116356741637, 0.00101156102028, 0.00010130454757, -0.00215265643783, 0.00646442733705, -0.0103230914101, 0.0198497120291]]}, "spectral_contrast_coeffs": {"dmean": [0.0394786633551, 0.0413215756416, 0.0331770442426, 0.0290173534304, 0.0207517910749, 0.0161643140018], "dmean2": [0.0647392943501, 0.0674361214042, 0.0531277954578, 0.0486803613603, 0.0351228527725, 0.0269982665777], "dvar": [0.00104041921441, 0.00115644535981, 0.000690878543537, 0.000514354906045, 0.000273091922281, 0.000231332174735], "dvar2": [0.00279620056972, 0.00302584050223, 0.00173121166881, 0.00143283430953, 0.000740526709706, 0.000612040283158], "max": [-0.323849588633, -0.290884077549, -0.523619890213, -0.534100234509, -0.556607306004, -0.608159959316], "mean": [-0.617877781391, -0.641680240631, -0.736420273781, -0.740957975388, -0.733047485352, -0.702661216259], "median": [-0.619530797005, -0.649775505066, -0.742135047913, -0.744172513485, -0.734503149986, -0.689286351204], "min": [-0.95580470562, -0.971024513245, -0.966944754124, -0.965314626694, -0.961280763149, -0.962799966335], "var": [0.00585245387629, 0.00786102004349, 0.00297986879013, 0.00191114284098, 0.00127522705588, 0.00254192738794]}, "spectral_contrast_valleys": {"dmean": [0.346847087145, 0.282437592745, 0.24165225029, 0.195881292224, 0.152083724737, 0.195014253259], "dmean2": [0.578082740307, 0.458256721497, 0.395924121141, 0.322175532579, 0.247476309538, 0.300957649946], "dvar": [0.11668740958, 0.0973083898425, 0.0785028338432, 0.06334