{"lowlevel": {"average_loudness": 0.929343163967, "barkbands_crest": {"dmean": 3.01388669014, "dmean2": 4.94430112839, "dvar": 7.3820476532, "dvar2": 18.7663707733, "max": 26.9441413879, "mean": 12.3939838409, "median": 11.6887598038, "min": 3.32583737373, "var": 20.7753334045}, "barkbands_flatness_db": {"dmean": 0.0409581661224, "dmean2": 0.0549613647163, "dvar": 0.00131123210303, "dvar2": 0.00240095611662, "max": 0.601359605789, "mean": 0.200091272593, "median": 0.191030353308, "min": 0.032416395843, "var": 0.00573235889897}, "barkbands_kurtosis": {"dmean": 10.6005821228, "dmean2": 16.767124176, "dvar": 564.771362305, "dvar2": 1242.07067871, "max": 1035.81640625, "mean": 18.3389225006, "median": 9.8157081604, "min": -1.90844917297, "var": 1326.97277832}, "barkbands_skewness": {"dmean": 0.970319509506, "dmean2": 1.49113821983, "dvar": 1.21659076214, "dvar2": 2.77758431435, "max": 24.1499462128, "mean": 2.80885839462, "median": 2.50923013687, "min": -10.9540195465, "var": 3.70183348656}, "barkbands_spread": {"dmean": 6.06396532059, "dmean2": 9.32756519318, "dvar": 95.8268966675, "dvar2": 205.908905029, "max": 116.898361206, "mean": 12.2490825653, "median": 8.366106987, "min": 0.0802033767104, "var": 176.364303589}, "dissonance": {"dmean": 0.0299456827343, "dmean2": 0.0481155961752, "dvar": 0.000791221274994, "dvar2": 0.00194583681878, "max": 0.500000059605, "mean": 0.432526558638, "median": 0.443379342556, "min": 0.0845519900322, "var": 0.00222393288277}, "dynamic_complexity": 2.85397434235, "erbbands_crest": {"dmean": 3.32097744942, "dmean2": 5.22143173218, "dvar": 9.09735774994, "dvar2": 20.9329357147, "max": 33.1924858093, "mean": 11.4307126999, "median": 10.3116397858, "min": 2.54663610458, "var": 27.2188224792}, "erbbands_flatness_db": {"dmean": 0.0330675877631, "dmean2": 0.0434076748788, "dvar": 0.000869587936904, "dvar2": 0.00140551524237, "max": 0.584550976753, "mean": 0.164140805602, "median": 0.161073565483, "min": 0.0425756312907, "var": 0.0038293201942}, "erbbands_kurtosis": {"dmean": 2.30994057655, "dmean2": 3.61468696594, "dvar": 20.5811195374, "dvar2": 44.8934745789, "max": 167.138244629, "mean": 2.81451129913, "median": 1.16512489319, "min": -1.84584772587, "var": 64.0676193237}, "erbbands_skewness": {"dmean": 0.561339259148, "dmean2": 0.844809949398, "dvar": 0.324686616659, "dvar2": 0.689571857452, "max": 10.034031868, "mean": 1.09484505653, "median": 1.06221854687, "min": -6.2591547966, "var": 1.1617923975}, "erbbands_spread": {"dmean": 14.1035051346, "dmean2": 20.9539451599, "dvar": 263.238098145, "dvar2": 530.491699219, "max": 172.790618896, "mean": 38.647857666, "median": 31.4600639343, "min": 0.389428943396, "var": 623.180236816}, "hfc": {"dmean": 6.45587301254, "dmean2": 9.56630706787, "dvar": 101.594688416, "dvar2": 221.68069458, "max": 261.638397217, "mean": 14.6276893616, "median": 10.8395996094, "min": 1.16463099485e-16, "var": 204.779724121}, "melbands_crest": {"dmean": 3.632843256, "dmean2": 5.81752538681, "dvar": 10.389008522, "dvar2": 25.9302768707, "max": 39.23487854, "mean": 17.6156787872, "median": 16.8846931458, "min": 1.71564698219, "var": 34.532875061}, "melbands_flatness_db": {"dmean": 0.0460140481591, "dmean2": 0.0617499053478, "dvar": 0.00170378247276, "dvar2": 0.00304820528254, "max": 0.6562089324, "mean": 0.295930027962, "median": 0.287792921066, "min": 0.00349192251451, "var": 0.00779330963269}, "melbands_kurtosis": {"dmean": 19.3285808563, "dmean2": 30.2366943359, "dvar": 1227.43774414, "dvar2": 2921.55029297, "max": 977.13885498, "mean": 36.4839859009, "median": 20.8769798279, "min": -1.93729865551, "var": 2529.00585938}, "melbands_skewness": {"dmean": 1.19468736649, "dmean2": 1.81555664539, "dvar": 1.74818217754, "dvar2": 3.95410561562, "max": 24.6103610992, "mean": 3.82823896408, "median": 3.38238668442, "min": -6.93001461029, "var": 5.79365158081}, "melbands_spread": {"dmean": 4.530854702, "dmean2": 7.03198480606, "dvar": 96.2118835449, "dvar2": 212.418731689, "max": 183.676528931, "mean": 10.1420412064, "median": 6.81253910065, "min": 0.25622972846, "var": 174.22303772}, "pitch_salience": {"dmean": 0.0896744728088, "dmean2": 0.144869863987, "dvar": 0.00635498808697, "dvar2": 0.015579839237, "max": 0.880722224712, "mean": 0.503596067429, "median": 0.512631833553, "min": 0.0355509407818, "var": 0.0213791206479}, "silence_rate_20dB": {"dmean": 0, "dmean2": 0, "dvar": 0, "dvar2": 0, "max": 1, "mean": 1, "median": 1, "min": 1, "var": 0}, "silence_rate_30dB": {"dmean": 0.0418762415648, "dmean2": 0.083762280643, "dvar": 0.0401201918721, "dvar2": 0.0903182849288, "max": 1, "mean": 0.950526297092, "median": 1, "min": 0, "var": 0.0470226854086}, "silence_rate_60dB": {"dmean": 0.0173119660467, "dmean2": 0.0345109961927, "dvar": 0.0170124266297, "dvar2": 0.0377646833658, "max": 1, "mean": 0.0388304106891, "median": 0, "min": 0, "var": 0.0373251698911}, "spectral_centroid": {"dmean": 243.664855957, "dmean2": 367.532562256, "dvar": 146583.75, "dvar2": 291795.03125, "max": 11246.6787109, "mean": 717.673400879, "median": 549.532287598, "min": 99.3087310791, "var": 327318.9375}, "spectral_complexity": {"dmean": 2.75049710274, "dmean2": 4.26567602158, "dvar": 11.2061405182, "dvar2": 25.7675819397, "max": 48, "mean": 11.1610527039, "median": 10, "min": 0, "var": 33.9086074829}, "spectral_decrease": {"dmean": 4.50162040977e-09, "dmean2": 7.01652691504e-09, "dvar": 4.0181952616e-17, "dvar2": 9.77768512196e-17, "max": 5.84652953319e-21, "mean": -1.10295887978e-08, "median": -8.62394688994e-09, "min": -1.08816358591e-07, "var": 8.55137199675e-17}, "spectral_energy": {"dmean": 0.0173738542944, "dmean2": 0.0270340256393, "dvar": 0.000588284339756, "dvar2": 0.00142755929846, "max": 0.411589324474, "mean": 0.0429548881948, "median": 0.0338851884007, "min": 1.06125939731e-20, "var": 0.00126166455448}, "spectral_energyband_high": {"dmean": 0.000442138232756, "dmean2": 0.000683174876031, "dvar": 1.27957332552e-06, "dvar2": 2.88242858915e-06, "max": 0.0394898056984, "mean": 0.000510926125571, "median": 0.000131927969051, "min": 7.90222764396e-21, "var": 1.7587591401e-06}, "spectral_energyband_low": {"dmean": 0.0119510730729, "dmean2": 0.0192874316126, "dvar": 0.000406559498515, "dvar2": 0.00103402254172, "max": 0.300332844257, "mean": 0.0232403017581, "median": 0.0130949597806, "min": 8.9979576375e-23, "var": 0.000795845116954}, "spectral_energyband_middle_high": {"dmean": 0.00104719982482, "dmean2": 0.00150025216863, "dvar": 7.19629224477e-06, "dvar2": 1.34473493745e-05, "max": 0.0872450768948, "mean": 0.00227440125309, "median": 0.00102343340404, "min": 1.51483679782e-21, "var": 1.93518117158e-05}, "spectral_energyband_middle_low": {"dmean": 0.00794060807675, "dmean2": 0.0120047423989, "dvar": 0.000125569669763, "dvar2": 0.000289229967166, "max": 0.154334947467, "mean": 0.0176574680954, "median": 0.0128400698304, "min": 2.82516687118e-22, "var": 0.000305414869217}, "spectral_entropy": {"dmean": 0.400616109371, "dmean2": 0.526077389717, "dvar": 0.134780853987, "dvar2": 0.221121355891, "max": 9.78880500793, "mean": 7.04755544662, "median": 7.05662345886, "min": 3.50748968124, "var": 0.475612908602}, "spectral_flux": {"dmean": 0.0371286533773, "dmean2": 0.059598069638, "dvar": 0.00174765905831, "dvar2": 0.00426801806316, "max": 0.549261629581, "mean": 0.0997738018632, "median": 0.0871827527881, "min": 1.03017441799e-10, "var": 0.0035789378453}, "spectral_kurtosis": {"dmean": 3.92533540726, "dmean2": 5.74505519867, "dvar": 27.1929988861, "dvar2": 59.2693138123, "max": 80.371055603, "mean": 7.4878616333, "median": 5.2188706398, "min": -1.2199921608, "var": 53.5669136047}, "spectral_rms": {"dmean": 0.00124425929971, "dmean2": 0.00187429133803, "dvar": 1.93490768652e-06, "dvar2": 4.28026942245e-06, "max": 0.0200387258083, "mean": 0.00594398705289, "median": 0.00574967125431, "min": 3.21772448096e-12, "var": 6.57655209579e-06}, "spectral_rolloff": {"dmean": 334.953155518, "dmean2": 584.855529785, "dvar": 1094879.125, "dvar2": 2579304.25, "max": 20887.2070312, "mean": 657.734313965, "median": 387.59765625, "min": 21.533203125, "var": 1354438.75}, "spectral_skewness": {"dmean": 0.495576053858, "dmean2": 0.686372280121, "dvar": 0.237704738975, "dvar2": 0.462016493082, "max": 7.10888147354, "mean": 2.08022928238, "median": 1.9431271553, "min": -0.102955721319, "var": 0.744902014732}, "spectral_spread": {"dmean": 1185144.875, "dmean2": 1597761.25, "dvar": 1565143203840.0, "dvar2": 2392622891010.0, "max": 40950440, "mean": 4963029, "median": 4549138, "min": 1043338.3125, "var": 4371853344770.0}, "spectral_strongpeak": {"dmean": 0.408385932446, "dmean2": 0.665545940399, "dvar": 0.39543274045, "dvar2": 0.897643208504, "max": 12.7730417252, "mean": 0.831477880478, "median": 0.601197421551, "min": 0, "var": 0.865752875805}, "zerocrossingrate": {"dmean": 0.0122022330761, "dmean2": 0.0144526790828, "dvar": 0.000260186148807, "dvar2": 0.000293175573461, "max": 0.5048828125, "mean": 0.0360787287354, "median": 0.02734375, "min": 0, "var": 0.00100067385938}, "barkbands": {"dmean": [0.00262287724763, 0.00738159287721, 0.00490459427238, 0.00221504783258, 0.00452338671312, 0.00143840839155, 0.00150042516179, 0.000993113382719, 0.000364658772014, 0.000248223543167, 0.0002070262708, 0.000379730889108, 0.000170163577422, 0.000107947664219, 8.42730878503e-05, 7.29508465156e-05, 6.76499475958e-05, 5.22168156749e-05, 5.64936453884e-05, 7.29176827008e-05, 0.000101877987618, 7.99643094069e-05, 7.16726644896e-05, 6.36721742922e-05, 6.35742107988e-05, 4.87446523039e-05, 1.17777190098e-05], "dmean2": [0.00434423191473, 0.0124970031902, 0.00762260938063, 0.00348915182985, 0.0071204691194, 0.00224993610755, 0.00229201721959, 0.00145542179234, 0.00054944108706, 0.000380665704142, 0.000307730631903, 0.00055018463172, 0.000259494205238, 0.000164834884345, 0.000133247973281, 0.000115396098408, 0.000106548643089, 8.50583019201e-05, 8.85247573024e-05, 0.000116481045552, 0.000161145580932, 0.000125588310766, 0.000116263196105, 0.000101866018667, 9.9199853139e-05, 7.29244929971e-05, 1.74281667569e-05], "dvar": [0.000104817976535, 0.000256021216046, 6.84228507453e-05, 2.23506540351e-05, 5.92481192143e-05, 9.48138949752e-06, 1.32593286253e-05, 1.07355554064e-05, 1.67695441178e-06, 1.44133775848e-06, 1.05324602373e-06, 3.28206806444e-06, 3.42419042454e-07, 1.10545030907e-07, 5.27102450576e-08, 5.20866692e-08, 4.58841640238e-08, 2.40942448215e-08, 2.35778525592e-08, 2.44758791013e-08, 1.67603900536e-07, 6.45908428965e-08, 4.08633482607e-08, 2.82834111687e-08, 2.5907564094e-08, 1.71245968517e-08, 8.32631796843e-10], "dvar2": [0.000291628908599, 0.000704417005181, 0.000165150020621, 5.55892002012e-05, 0.000142756194691, 2.34514445765e-05, 2.9606926546e-05, 2.32041475101e-05, 3.48322760146e-06, 2.55482677858e-06, 1.58003854267e-06, 6.33432273389e-06, 7.64063429415e-07, 2.351855386e-07, 1.2224060697e-07, 1.21482386817e-07, 9.47791960471e-08, 6.13417157069e-08, 5.32775175088e-08, 5.88915725075e-08, 4.02250122988e-07, 1.44154668646e-07, 1.01339310277e-07, 6.9638815603e-08, 5.88705191262e-08, 3.58456588856e-08, 1.75903824839e-09], "max": [0.350668430328, 0.219879925251, 0.113104350865, 0.094992749393, 0.14699369669, 0.108461886644, 0.0731937885284, 0.0953022018075, 0.0593257248402, 0.0528892092407, 0.064498513937, 0.0852184519172, 0.0167890973389, 0.010285558179, 0.00933323521167, 0.0090964185074, 0.00869322754443, 0.00587435951456, 0.00478193257004, 0.00471364427358, 0.0181814171374, 0.00747418031096, 0.00734005915001, 0.00534655014053, 0.00427395757288, 0.00379961146973, 0.000613130745478], "mean": [0.00261165923439, 0.0114395776764, 0.00856128893793, 0.00295094819739, 0.00718302745372, 0.00250862934627, 0.00242162472568, 0.00178519345354, 0.000627105706371, 0.000422608660301, 0.000348363275407, 0.000616898178123, 0.000258405023487, 0.000178035581484, 0.000141898577567, 0.000100234654383, 0.000100308199762, 6.00052917434e-05, 7.82940187491e-05, 8.85689150891e-05, 0.00011835017358, 9.39799574553e-05, 7.28346130927e-05, 6.1306032876e-05, 6.29729620414e-05, 5.12014376e-05, 1.16676110338e-05], "median": [0.000522505608387, 0.00485059898347, 0.00317334779538, 0.000716560985893, 0.00375757552683, 0.00127700017765, 0.000716571463272, 0.000282686145511, 0.000189378217328, 0.000105659273686, 7.13709014235e-05, 8.39413696667e-05, 5.79828556511e-05, 3.96388204535e-05, 5.47283052583e-05, 3.20272229146e-05, 3.10953328153e-05, 1.98436227947e-05, 2.50654484262e-05, 2.87712246063e-05, 2.69322445092e-05, 2.0894483896e-05, 1.50704072439e-05, 1.11052413558e-05, 8.47239971336e-06, 4.64973072667e-06, 4.25247208113e-07], "min": [3.67794658809e-23, 3.75885279362e-23, 2.69414837131e-23, 8.0400624574e-24, 7.06647841163e-23, 4.9190488285e-23, 3.32396702943e-23, 3.22124093127e-23, 8.15097156751e-23, 9.17612534393e-23, 8.64109274119e-23, 6.85905216977e-23, 1.26617034671e-22, 8.62758933576e-23, 1.91410346003e-22, 7.26469391356e-23, 1.59037703263e-22, 2.21271722626e-22, 2.76577814058e-22, 3.01175557312e-22, 5.30753694968e-22, 5.25831808765e-22, 6.60427180683e-22, 8.30655639504e-22, 1.01497171521e-21, 2.06802019384e-21, 2.2285580581e-21], "var": [0.00010061042849, 0.000373453716747, 0.000156869602506, 3.92616202589e-05, 0.000100874669442, 1.58058937814e-05, 2.45264436671e-05, 2.7011590646e-05, 3.32584795615e-06, 3.06980405185e-06, 4.02601381211e-06, 7.66305493016e-06, 5.71247653625e-07, 2.5219304689e-07, 1.17384317377e-07, 7.07707314973e-08, 1.13956275527e-07, 2.41187869676e-08, 4.56426079154e-08, 3.5432872636e-08, 2.04689825978e-07, 9.37656352562e-08, 4.88786042752e-08, 2.87215762285e-08, 3.15672252782e-08, 2.63643684661e-08, 1.09055842135e-09]}, "erbbands": {"dmean": [0.21356754005, 1.69098377228, 5.16316556931, 6.81244897842, 8.50289440155, 20.8112430573, 13.09724617, 12.8710842133, 20.6219558716, 20.4649028778, 18.7281990051, 8.28255558014, 7.7611079216, 7.23575925827, 8.64656066895, 15.0702695847, 8.4330329895, 5.62545681, 4.47769403458, 3.47012209892, 4.04495811462, 3.67392396927, 2.94782543182, 2.53135180473, 3.32514214516, 3.25412297249, 3.88411664963, 3.79174184799, 2.89292049408, 2.66266965866, 1.89022898674, 1.4442896843, 0.98671412468, 0.742515027523, 0.439179122448, 0.216447487473, 0.0841829776764, 0.0249820314348, 0.00186020287219, 5.14818093507e-05], "dmean2": [0.36146914959, 2.84858441353, 8.02820396423, 10.4417772293, 13.7963933945, 32.6811141968, 20.8029212952, 20.0315933228, 31.5471057892, 30.7989768982, 27.281671524, 12.2986679077, 11.7890090942, 11.163356781, 12.4493398666, 21.7905673981, 12.6413002014, 8.5307264328, 6.83945608139, 5.25981760025, 6.39733839035, 5.73497724533, 4.77790594101, 4.01551961899, 5.21564388275, 5.20803117752, 6.18041086197, 6.01256561279, 4.54273939133, 4.30341339111, 3.07144331932, 2.34362506866, 1.56136786938, 1.16917383671, 0.684688568115, 0.329218864441, 0.126769497991, 0.0364576615393, 0.00278216111474, 7.71928825998e-05], "dvar": [0.368558287621, 11.6791582108, 71.0423660278, 179.489013672, 252.620864868, 1493.74597168, 445.292327881, 1032.60473633, 2526.55737305, 3815.12280273, 3410.58984375, 760.16583252, 1588.2154541, 680.574829102, 1575.98828125, 4285.02441406, 1017.58123779, 243.303253174, 144.68611145, 109.422683716, 166.392166138, 182.344223022, 66.4532928467, 55.1517829895, 66.0631713867, 50.1244812012, 181.277069092, 233.901611328, 83.8722457886, 74.2970657349, 27.1393375397, 15.8108091354, 7.06220149994, 3.88345217705, 1.18285369873, 0.410578250885, 0.051439832896, 0.00336604379117, 2.02032879315e-05, 9.21722076441e-09], "dvar2": [0.939449071884, 32.7814865112, 168.49118042, 437.989013672, 632.860473633, 3534.81860352, 1107.21948242, 2495.39648438, 5801.73974609, 8554.89355469, 6856.03125, 1516.06970215, 2739.72827148, 1217.54711914, 2858.1015625, 8060.06347656, 2260.75683594, 534.805908203, 321.70980835, 227.688735962, 405.222839355, 376.592773438, 164.910369873, 118.592262268, 150.114562988, 121.534255981, 409.395996094, 567.237060547, 184.884490967, 179.739990234, 66.5729980469, 39.705406189, 17.0756950378, 8.98126983643, 2.68168091774, 0.893468737602, 0.107936225832, 0.00693598110229, 4.26313636126e-05, 2.0350386265e-08], "max": [14.4346971512, 42.9809455872, 122.503433228, 263.05770874, 355.877685547, 837.248046875, 347.865692139, 1171.4510498, 1394.74291992, 1736.59777832, 2098.12988281, 1266.3894043, 1554.88708496, 1379.8046875, 2424.92553711, 3125.3059082, 1151.98010254, 503.882171631, 367.269866943, 555.089477539, 582.424804688, 612.277832031, 220.175796509, 367.344543457, 260.90032959, 229.338623047, 478.651153564, 635.794067383, 231.926513672, 342.2840271, 163.371612549, 150.369873047, 69.493057251, 51.0913696289, 26.4664554596, 19.4170475006, 6.00234556198, 1.25735592842, 0.0850366353989, 0.0020097354427], "mean": [0.273378998041, 2.79078674316, 9.81236362457, 10.5425214767, 12.392115593, 30.9879493713, 21.8550434113, 21.7398204803, 33.980052948, 34.8037528992, 36.0483398438, 15.8263101578, 14.354019165, 13.1515789032, 14.6281299591, 25.4424705505, 13.8055782318, 9.9574136734, 8.45725536346, 5.88833904266, 5.87820625305, 5.57672691345, 3.5532476902, 3.45586061478, 4.62293386459, 3.9942522049, 4.51074028015, 4.46729326248, 3.4547765255, 2.79274225235, 1.92784059048, 1.36626029015, 0.97455227375, 0.720830500126, 0.439189821482, 0.221856594086, 0.0881159678102, 0.0256880037487, 0.00184240448289, 8.49095886224e-05], "median": [0.0595778487623, 1.16920685768, 4.08605670929, 3.77865409851, 5.67985630035, 12.6010122299, 12.4125423431, 9.64218330383, 11.8814792633, 9.78535270691, 6.68703937531, 5.26104545593, 3.76916265488, 4.09015798569, 3.44291734695, 3.83434295654, 3.20408916473, 2.73182487488, 3.3154053688, 2.24286270142, 2.08738422394, 1.72489476204, 1.30313515663, 1.16429519653, 1.49387347698, 1.38830137253, 1.15831875801, 0.94024848938, 0.769599318504, 0.559057950974, 0.414548456669, 0.259804427624, 0.170506417751, 0.102218195796, 0.0530127882957, 0.0234327502549, 0.00765050156042, 0.00141904014163, 9.07844078029e-05, 5.2995106671e-05], "min": [2.39716517426e-21, 4.17592600283e-21, 2.63851761503e-20, 2.77544201736e-20, 5.96946262782e-20, 3.60325458297e-19, 3.18727320774e-19, 4.42415327576e-19, 4.84039779783e-19, 6.0396059928e-19, 8.3854560888e-19, 1.64189065019e-18, 1.86705851871e-18, 4.19075423636e-18, 2.45124882927e-18, 3.01363383169e-18, 5.74487854202e-18, 5.70657180785e-18, 7.03651196954e-18, 8.14415395904e-18, 4.61886073521e-18, 9.57244589555e-18, 9.82739205933e-18, 9.77295447604e-18, 1.94223744907e-17, 1.31092584366e-17, 1.84885372099e-17, 2.35061916446e-17, 1.88663718071e-17, 1.6516224301e-17, 1.77444286919e-17, 1.89587496835e-17, 1.31015714472e-17, 9.67541912847e-18, 8.29887726544e-18, 5.95766041484e-18, 4.41051916792e-18, 1.23819332064e-18, 3.16382884123e-19, 3.71761301352e-20], "var": [0.450617611408, 18.4679851532, 180.03616333, 353.604949951, 349.834472656, 2508.71801758, 810.811828613, 1647.62963867, 4386.37646484, 7404.52148438, 10844.0283203, 1695.52624512, 3792.05200195, 2244.93237305, 3697.97607422, 11398.0234375, 1835.76879883, 509.130004883, 371.342407227, 286.177185059, 212.425460815, 459.135894775, 72.9510574341, 83.8483276367, 142.656936646, 69.8134307861, 264.978881836, 274.601959229, 122.939796448, 95.5637512207, 32.5082054138, 14.675488472, 7.74176740646, 4.42581653595, 1.50743532181, 0.590589106083, 0.0804214477539, 0.00474102050066, 2.66673669103e-05, 1.28568524715e-08]}, "gfcc": {"mean": [-30.8347072601, 109.248847961, -77.4553222656, 28.6524982452, -54.2735290527, 9.71904182434, -34.0757598877, 0.987122952938, -21.7494544983, 6.12260246277, -14.1748895645, -0.362858861685, -10.9320735931], "cov": [[8946.47460938, -915.023620605, 173.848556519, 292.547607422, -273.307983398, 49.4906578064, -314.899658203, 99.1193313599, -276.080413818, 190.967544556, -323.618347168, -2.85290908813, -332.897277832], [-915.023620605, 1977.33422852, -269.865478516, -190.646408081, 260.237182617, -112.673027039, 143.930267334, -155.803741455, 216.354400635, -171.93560791, 127.761039734, -164.718078613, 82.6929016113], [173.848556519, -269.865478516, 1072.91955566, 191.202636719, 160.485061646, 74.4833602905, -43.7041854858, 21.4963684082, -112.539962769, 53.9301643372, -88.6122512817, 21.6106376648, -7.02527761459], [292.547607422, -190.646408081, 191.202636719, 511.209381104, 106.124443054, 28.9178600311, 37.9502487183, 41.0862503052, -8.27968406677, 7.98258018494, -22.5832767487, 11.9723434448, 0.361549168825], [-273.307983398, 260.237182617, 160.485061646, 106.124443054, 413.542205811, 70.4230575562, 104.818466187, 36.562412262, 16.9000911713, -33.606086731, 21.6872673035, -25.0726776123, 7.55401706696], [49.4906578064, -112.673027039, 74.4833602905, 28.9178600311, 70.4230575562, 237.377365112, 94.67162323, 34.6990966797, 1.05146682262, 13.7587118149, 5.10007095337, -1.40452706814, -15.6781291962], [-314.899658203, 143.930267334, -43.7041854858, 37.9502487183, 104.818466187, 94.67162323, 212.623138428, 62.816280365, 41.7594108582, -24.803855896, 37.3473510742, -17.1268157959, 15.0876960754], [99.1193313599, -155.803741455, 21.4963684082, 41.0862503052, 36.562412262, 34.6990966797, 62.816280365, 165.07321167, 36.9002380371, 22.1002216339, 9.92085361481, 17.8832378387, -2.62680339813], [-276.080413818, 216.354400635, -112.539962769, -8.27968406677, 16.9000911713, 1.05146682262, 41.7594108582, 36.9002380371, 186.014160156, 33.5529403687, 28.2407722473, -32.6729774475, 8.27425193787], [190.967544556, -171.93560791, 53.9301643372, 7.98258018494, -33.606086731, 13.7587118149, -24.803855896, 22.1002216339, 33.5529403687, 128.719100952, 16.4556846619, 8.45515346527, -17.7480354309], [-323.618347168, 127.761039734, -88.6122512817, -22.5832767487, 21.6872673035, 5.10007095337, 37.3473510742, 9.92085361481, 28.2407722473, 16.4556846619, 133.993972778, 33.9758453369, 25.8560714722], [-2.85290908813, -164.718078613, 21.6106376648, 11.9723434448, -25.0726776123, -1.40452706814, -17.1268157959, 17.8832378387, -32.6729774475, 8.45515346527, 33.9758453369, 117.045608521, 48.1092796326], [-332.897277832, 82.6929016113, -7.02527761459, 0.361549168825, 7.55401706696, -15.6781291962, 15.0876960754, -2.62680339813, 8.27425193787, -17.7480354309, 25.8560714722, 48.1092796326, 130.721908569]], "icov": [[0.000168260725331, -0.00012923120812, 8.40873763082e-05, -0.000142201562994, 9.48194574448e-05, -0.000150019637658, 0.000242542620981, -0.000311298033921, 0.000391157373087, -0.000402711826609, 0.000459599337773, -0.000224235787755, 0.000369618821424], [-0.00012923120812, 0.00146733561996, -0.000191522078239, 0.000543005531654, -0.000735698267817, 0.000871698663104, -0.000747959071305, 0.00166417506989, -0.00183257297613, 0.00193278805818, -0.00169079576153, 0.00175484863576, -0.000935275980737], [8.40873763082e-05, -0.000191522078239, 0.00137770536821, -0.000408561143558, -0.000519383349456, -0.000472706160508, 0.000595989928115, -0.000443205382908, 0.00114908989053, -0.00126300682314, 0.00121019745711, -0.000363369093975, -4.37636554125e-05], [-0.000142201562994, 0.000543005531654, -0.000408561143558, 0.00249040406197, -0.000722864700947, 0.000510283571202, -0.000766403216403, 0.000464580924017, -0.000852906145155, 0.000674217822962, -0.000315517769195, 0.000221803886234, -0.000407406885643], [9.48194574448e-05, -0.000735698267817, -0.000519383349456, -0.000722864700947, 0.0037018081639, -0.000798781751655, -0.000607887923252, -0.00107887841295, 0.000639447418507, 0.000159651928698, -9.33842238737e-05, 2.09448025998e-05, 0.000411674467614], [-0.000150019637658, 0.000871698663104, -0.000472706160508, 0.000510283571202, -0.000798781751655, 0.00621100189164, -0.00344200897962, 0.00120854587294, -0.00082432286581, 0.000136336282594, -0.000637237215415, 0.000275369762676, 0.000347735593095], [0.000242542620981, -0.000747959071305, 0.000595989928115, -0.000766403216403, -0.000607887923252, -0.00344200897962, 0.00900631025434, -0.00362566462718, 0.000545804039575, 0.000818301632535, -0.000859113468323, 0.00119394669309, -0.000558004132472], [-0.000311298033921, 0.00166417506989, -0.000443205382908, 0.000464580924017, -0.00107887841295, 0.00120854587294, -0.00362566462718, 0.00996120087802, -0.00383748835884, 0.00120861199684, -0.00130545103457, -0.000617392535787, -0.00015224472736], [0.000391157373087, -0.00183257297613, 0.00114908989053, -0.000852906145155, 0.000639447418507, -0.00082432286581, 0.000545804039575, -0.00383748835884, 0.0102085014805, -0.00538315111771, 0.00166947767138, 0.000890398107003, -9.13623225642e-05], [-0.000402711826609, 0.00193278805818, -0.00126300682314, 0.000674217822962, 0.000159651928698, 0.000136336282594, 0.000818301632535, 0.00120861199684, -0.00538315111771, 0.0133322495967, -0.00484906928614, 0.00175261113327, 8.39762506075e-05], [0.000459599337773, -0.00169079576153, 0.00121019745711, -0.000315517769195, -9.33842238737e-05, -0.000637237215415, -0.000859113468323, -0.00130545103457, 0.00166947767138, -0.00484906928614, 0.0128206154332, -0.00590386614203, 0.00118071038742], [-0.000224235787755, 0.00175484863576, -0.000363369093975, 0.000221803886234, 2.09448025998e-05, 0.000275369762676, 0.00119394669309, -0.000617392535787, 0.000890398107003, 0.00175261113327, -0.00590386614203, 0.0157388988882, -0.00626267539337], [0.000369618821424, -0.000935275980737, -4.37636554125e-05, -0.000407406885643, 0.000411674467614, 0.000347735593095, -0.000558004132472, -0.00015224472736, -9.13623225642e-05, 8.39762506075e-05, 0.00118071038742, -0.00626267539337, 0.011349263601]]}, "melbands": {"dmean": [0.00197609839961, 0.00245273672044, 0.00113828841131, 0.00106766074896, 0.000547386647668, 0.000281408487353, 0.000314895121846, 0.000223877068493, 0.000135671027238, 5.10657555424e-05, 3.92850597564e-05, 2.97418318951e-05, 2.78372317553e-05, 3.80274250347e-05, 3.51826820406e-05, 1.39573203342e-05, 1.11154831757e-05, 7.4948306974e-06, 6.25559732725e-06, 4.67065410703e-06, 4.75380102216e-06, 4.16269858761e-06, 3.0514872833e-06, 2.43392992161e-06, 2.0604979909e-06, 2.31227841141e-06, 2.82011751551e-06, 2.0041920834e-06, 2.36051755564e-06, 2.64323239207e-06, 2.1287155505e-06, 1.70429666468e-06, 1.5173874317e-06, 1.48872163663e-06, 1.10338794457e-06, 1.02856063222e-06, 8.38015864701e-07, 6.72254827805e-07, 7.03588682427e-07, 6.14868952198e-07], "dmean2": [0.00333609664813, 0.00388407357968, 0.00176275346894, 0.00168450060301, 0.000867482624017, 0.000439419585746, 0.000481890689116, 0.000336189346854, 0.000197720131837, 7.66239390941e-05, 5.99300365138e-05, 4.62969437649e-05, 4.10515967815e-05, 5.40139553777e-05, 5.27800948475e-05, 2.14621741179e-05, 1.70049715962e-05, 1.14513259177e-05, 9.87951534626e-06, 7.31048112357e-06, 7.58593932915e-06, 6.50063566354e-06, 4.97089831697e-06, 3.92597712562e-06, 3.30026409756e-06, 3.62354603567e-06, 4.52296853837e-06, 3.25470864482e-06, 3.84110717278e-06, 4.19283060182e-06, 3.40132874044e-06, 2.67700033874e-06, 2.42052669819e-06, 2.42568921749e-06, 1.80372501291e-06, 1.69595762145e-06, 1.36268363349e-06, 1.0718977137e-06, 1.1159204405e-06, 9.78153593678e-07], "dvar": [2.25064886763e-05, 1.59795981745e-05, 4.28633211413e-06, 3.72372846869e-06, 7.69508062604e-07, 4.61661187501e-07, 5.55263852675e-07, 4.73685872748e-07, 1.77597129891e-07, 3.23548192682e-08, 4.21363850478e-08, 1.13981801775e-08, 1.72477783167e-08, 3.12793595469e-08, 4.1454530475e-08, 1.97922855882e-09, 1.03232888904e-09, 5.25707311017e-10, 3.45469569618e-10, 1.82722267872e-10, 2.26792695734e-10, 2.71801525731e-10, 7.61816928985e-11, 5.40304329055e-11, 4.02763412899e-11, 4.89676285631e-11, 4.18332139762e-11, 1.91615560224e-11, 5.18702199248e-11, 1.98190311385e-10, 6.00795940775e-11, 3.33707436684e-11, 2.58624129057e-11, 2.45874726829e-11, 1.07439872971e-11, 8.24983831249e-12, 5.12961808447e-12, 3.09211055198e-12, 4.66738583546e-12, 2.59993892734e-12], "dvar2": [5.90791096329e-05, 4.00506578444e-05, 1.04299688246e-05, 8.88943395694e-06, 1.9059917804e-06, 1.12509803785e-06, 1.26041584281e-06, 1.06012714696e-06, 3.53294723254e-07, 6.48350848564e-08, 7.32308294005e-08, 2.12432365032e-08, 2.80858625246e-08, 5.66218467668e-08, 8.96496743508e-08, 4.6107753171e-09, 2.2620740836e-09, 1.14261655693e-09, 8.20056578199e-10, 3.94297400286e-10, 5.59660429111e-10, 5.57049073535e-10, 1.85666981789e-10, 1.35187486205e-10, 8.58466353559e-11, 1.08074812988e-10, 1.0029130304e-10, 4.74761965852e-11, 1.21306756307e-10, 5.05768427139e-10, 1.4214977806e-10, 7.7208600624e-11, 5.82971657059e-11, 6.22881954349e-11, 2.6818288909e-11, 2.07381941481e-11, 1.30682348623e-11, 7.63506792512e-12, 1.11488197146e-11, 6.00319360194e-12], "max": [0.0916431248188, 0.0503798462451, 0.0366242341697, 0.0378812924027, 0.0170266330242, 0.0248257406056, 0.0179236847907, 0.0206759050488, 0.0142772616819, 0.00722745386884, 0.00829106010497, 0.00516777019948, 0.00703652948141, 0.0102632874623, 0.00877606589347, 0.00140563503373, 0.000984783866443, 0.000806778203696, 0.000850355019793, 0.00037141010398, 0.000616838224232, 0.000717841554433, 0.000322189356666, 0.000328748399625, 0.000328462512698, 0.000294523139019, 0.000147056329297, 0.000136169925099, 0.000225720723392, 0.000726060941815, 0.000304400979076, 0.000151742337039, 0.000234677980188, 0.000205283766263, 0.00012335368956, 0.0001040309362, 7.60381299187e-05, 5.38234089618e-05, 7.22125842003e-05, 4.85067575937e-05], "mean": [0.00290951412171, 0.00477858446538, 0.0018120277673, 0.00160883716308, 0.000915803771932, 0.00048348258133, 0.000524410861544, 0.000388510816265, 0.000261431036051, 9.03191976249e-05, 7.00777527527e-05, 5.19883797097e-05, 4.62328134745e-05, 6.37471821392e-05, 5.45633301954e-05, 2.24677096412e-05, 1.818464807e-05, 1.34425235956e-05, 1.02797484942e-05, 6.76708305036e-06, 6.69779137752e-06, 6.35457672615e-06, 3.54668509317e-06, 2.83757231045e-06, 2.71543717645e-06, 3.1374036098e-06, 3.56579744221e-06, 2.34812205235e-06, 2.60632714344e-06, 3.02137959807e-06, 2.44251873482e-06, 2.02078922484e-06, 1.66602228546e-06, 1.49093943946e-06, 1.12007978714e-06, 9.72470957095e-07, 7.73010242483e-07, 6.5996749754e-07, 6.7478379151e-07, 5.88986551975e-07], "median": [0.00108109845314, 0.00229885196313, 0.000767215678934, 0.000709070125595, 0.000524627801497, 0.000219041554374, 0.000179111753823, 9.689257422e-05, 4.70017803309e-05, 2.88910305244e-05, 1.69410286617e-05, 1.53637138283e-05, 9.93626053969e-06, 1.03175352706e-05, 7.17619786883e-06, 5.67473307456e-06, 4.00380849896e-06, 4.6079094318e-06, 3.79119364879e-06, 2.3144809802e-06, 2.18296167986e-06, 1.68581391335e-06, 1.16124920169e-06, 9.04636976884e-07, 8.21079481739e-07, 9.35423656756e-07, 1.02945466551e-06, 7.83036966823e-07, 6.6768097895e-07, 6.17552586846e-07, 4.82049699713e-07, 4.27117214485e-07, 3.5071340676e-07, 2.67935035936e-07, 2.35363202705e-07, 1.8507384425e-07, 1.3575821356e-07, 1.16717416176e-07, 9.92939774846e-08, 7.63034293527e-08], "min": [1.69169785398e-23, 1.03666885794e-23, 5.1491791183e-24, 1.48814349921e-23, 1.34554127115e-23, 9.8027240296e-24, 7.01835742309e-24, 6.44652635239e-24, 8.81421426219e-24, 1.02584032206e-23, 1.01175016189e-23, 1.77010368598e-23, 1.06942867361e-23, 5.4789620253e-24, 9.71873716447e-24, 1.45112383465e-23, 9.4014005104e-24, 9.08659452212e-24, 1.54829871863e-23, 6.51083665997e-24, 5.32344756417e-24, 1.01871477816e-23, 6.83152991719e-24, 1.22948310814e-23, 6.36220619353e-24, 1.33055701602e-23, 1.1368848007e-23, 8.26109339444e-24, 1.19396693358e-23, 1.07123926716e-23, 1.52576080479e-23, 1.03051400738e-23, 9.6445858171e-24, 9.33069175203e-24, 8.80771957035e-24, 1.48986605588e-23, 1.02233651747e-23, 9.88113917017e-24, 7.27511192622e-24, 8.67222561013e-24], "var": [3.07504342345e-05, 3.71546630049e-05, 8.20121931611e-06, 6.18974127065e-06, 1.39484404826e-06, 7.49516800624e-07, 1.01349917259e-06, 9.68453491623e-07, 5.62827551676e-07, 6.90078820753e-08, 9.81716041792e-08, 3.41232038181e-08, 5.5300390045e-08, 7.81997613331e-08, 7.92968748442e-08, 3.50238038571e-09, 2.07386241513e-09, 1.41656719688e-09, 7.83860476528e-10, 3.31602967307e-10, 2.94181456972e-10, 7.28693716479e-10, 8.92812282438e-11, 5.67924318684e-11, 6.08669920021e-11, 9.95581048158e-11, 6.95088431257e-11, 2.41219336172e-11, 7.68543700902e-11, 2.01289540591e-10, 7.48928349892e-11, 4.58927409963e-11, 3.76453208883e-11, 2.85250920107e-11, 1.29428447126e-11, 7.70817784601e-12, 4.62511973165e-12, 3.3417186119e-12, 4.93026930046e-12, 2.91603525181e-12]}, "mfcc": {"mean": [-687.703796387, 144.830505371, 30.8503360748, 28.0827598572, 5.08973360062, 10.8688879013, -0.112255491316, -2.33916711807, -0.976026594639, 0.940291285515, -1.25629782677, 1.69304895401, 2.38418960571], "cov": [[6524.83496094, -701.085021973, 101.893608093, 25.4257068634, -188.566818237, -56.7016143799, -193.38923645, -131.533920288, -111.620101929, -26.6876239777, 33.985294342, -52.2060966492, -80.7248764038], [-701.085021973, 1874.31506348, -198.059112549, -57.1170501709, 86.89037323, 42.9032440186, -34.5152626038, 20.5560302734, -8.59718132019, 32.9333381653, 23.0035514832, -26.5721035004, -26.5356693268], [101.893608093, -198.059112549, 671.093444824, 113.671943665, 111.653648376, 73.9145126343, 53.9293785095, -36.289730072, 19.3259239197, -1.8456029892, -19.3988418579, -36.5105018616, -58.7160797119], [25.4257068634, -57.1170501709, 113.671943665, 422.092498779, 134.551116943, 35.4159851074, 50.4900779724, 37.4879722595, 36.7303352356, 9.02553939819, -19.4088973999, -11.228395462, 20.5939064026], [-188.566818237, 86.89037323, 111.653648376, 134.551116943, 258.597259521, 63.0365180969, 70.9062957764, 34.4850654602, 32.7381629944, 22.3143558502, -3.50434923172, -4.91007518768, 0.683430612087], [-56.7016143799, 42.9032440186, 73.9145126343, 35.4159851074, 63.0365180969, 196.802047729, 64.6617507935, 24.8731365204, 28.5927352905, 21.109041214, 18.9584922791, 1.54457604885, -6.04867935181], [-193.38923645, -34.5152626038, 53.9293785095, 50.4900779724, 70.9062957764, 64.6617507935, 232.242279053, 88.1163330078, 28.4511070251, -2.1974670887, -6.14158916473, 27.6183052063, 17.6661300659], [-131.533920288, 20.5560302734, -36.289730072, 37.4879722595, 34.4850654602, 24.8731365204, 88.1163330078, 166.486068726, 51.161026001, 14.7724027634, 3.51819252968, 21.5178718567, 31.914150238], [-111.620101929, -8.59718132019, 19.3259239197, 36.7303352356, 32.7381629944, 28.5927352905, 28.4511070251, 51.161026001, 140.150726318, 50.3104286194, 1.88897418976, 4.2035446167, 3.87076425552], [-26.6876239777, 32.9333381653, -1.8456029892, 9.02553939819, 22.3143558502, 21.109041214, -2.1974670887, 14.7724027634, 50.3104286194, 135.327850342, 60.6250305176, 7.53135538101, -4.05241632462], [33.985294342, 23.0035514832, -19.3988418579, -19.4088973999, -3.50434923172, 18.9584922791, -6.14158916473, 3.51819252968, 1.88897418976, 60.6250305176, 122.658729553, 41.0386123657, 2.99763941765], [-52.2060966492, -26.5721035004, -36.5105018616, -11.228395462, -4.91007518768, 1.54457604885, 27.6183052063, 21.5178718567, 4.2035446167, 7.53135538101, 41.0386123657, 113.359947205, 49.6107139587], [-80.7248764038, -26.5356693268, -58.7160797119, 20.5939064026, 0.683430612087, -6.04867935181, 17.6661300659, 31.914150238, 3.87076425552, -4.05241632462, 2.99763941765, 49.6107139587, 111.949012756]], "icov": [[0.000170339597389, 6.16717006778e-05, -1.52355441969e-05, -5.86855057918e-05, 9.96420931187e-05, -2.43676277023e-05, 0.000115311195259, 2.01235366148e-06, 0.000109192151285, 6.70976396577e-06, -7.8263496107e-05, 3.78382355848e-05, 0.000101352183265], [6.16717006778e-05, 0.000615230412222, 0.00022473136778, 0.000100115386886, -0.00032176647801, -0.000170562343556, 0.000203061194043, -0.00011639011791, 0.000158303635544, -7.46092773625e-05, -7.06211430952e-05, 0.000147869213833, 0.000211825696169], [-1.52355441969e-05, 0.00022473136778, 0.00192452094052, -0.000284078996629, -0.00063472869806, -0.000458746886579, -0.000362679449609, 0.000696127302945, -0.000204566749744, 0.00012925946794, 0.000105084967799, 0.000145422978676, 0.0008862966788], [-5.86855057918e-05, 0.000100115386886, -0.000284078996629, 0.00304526649415, -0.00143526028842, 2.40624285652e-05, -3.19597966154e-05, -0.000296763202641, -0.00034051030525, -2.50469001912e-05, 0.000269570067758, 0.000493984378409, -0.000843340589199], [9.96420931187e-05, -0.00032176647801, -0.00063472869806, -0.00143526028842, 0.00562496762723, -0.000813828490209, -0.000929329311475, -0.000157844959176, -0.00013911203132, -0.000682375684846, 0.000253537727986, 0.000108972766611, -3.49320907844e-05], [-2.43676277023e-05, -0.000170562343556, -0.000458746886579, 2.40624285652e-05, -0.000813828490209, 0.00624497560784, -0.00147134170402, 0.000102657577372, -0.000785174255725, -2.88175415335e-05, -0.00122225657105, 0.000451340078143, 0.000101093697594], [0.000115311195259, 0.000203061194043, -0.000362679449609, -3.19597966154e-05, -0.000929329311475, -0.00147134170402, 0.00651993881911, -0.0030831261538, 0.000359555881005, 0.000409967818996, 0.000778781308327, -0.00153338524979, 0.00038424693048], [2.01235366148e-06, -0.00011639011791, 0.000696127302945, -0.000296763202641, -0.000157844959176, 0.000102657577372, -0.0030831261538, 0.00900194421411, -0.00267487694509, 0.00014718377497, -0.000390308588976, 0.00015016036923, -0.00163792085368], [0.000109192151285, 0.000158303635544, -0.000204566749744, -0.00034051030525, -0.00013911203132, -0.000785174255725, 0.000359555881005, -0.00267487694509, 0.00992032978684, -0.00417117821053, 0.002191956155, -0.000684599508531, 0.000486531585921], [6.70976396577e-06, -7.46092773625e-05, 0.00012925946794, -2.50469001912e-05, -0.000682375684846, -2.88175415335e-05, 0.000409967818996, 0.00014718377497, -0.00417117821053, 0.0117767378688, -0.00622114166617, 0.00147518585436, 3.88848893635e-05], [-7.8263496107e-05, -7.06211430952e-05, 0.000105084967799, 0.000269570067758, 0.000253537727986, -0.00122225657105, 0.000778781308327, -0.000390308588976, 0.002191956155, -0.00622114166617, 0.0132363159209, -0.00519656762481, 0.00150060653687], [3.78382355848e-05, 0.000147869213833, 0.000145422978676, 0.000493984378409, 0.000108972766611, 0.000451340078143, -0.00153338524979, 0.00015016036923, -0.000684599508531, 0.00147518585436, -0.00519656762481, 0.0135331926867, -0.00551045313478], [0.000101352183265, 0.000211825696169, 0.0008862966788, -0.000843340589199, -3.49320907844e-05, 0.000101093697594, 0.00038424693048, -0.00163792085368, 0.000486531585921, 3.88848893635e-05, 0.00150060653687, -0.00551045313478, 0.012474283576]]}, "spectral_contrast_coeffs": {"dmean": [0.0576574727893, 0.0508777610958, 0.0405213348567, 0.0325707085431, 0.0259540677071, 0.0246537346393], "dmean2": [0.0919697359204, 0.0802285149693, 0.0638250261545, 0.0504784621298, 0.0400370806456, 0.0371802598238], "dvar": [0.00218457938172, 0.00178322137799, 0.00120442663319, 0.000757088535465, 0.000504643656313, 0.000448895152658], "dvar2": [0.00529880775139, 0.00424443278462, 0.00270266644657, 0.00170642195735, 0.00109252578113, 0.00096037046751], "max": [-0.270492166281, -0.294880867004, -0.305321931839, -0.42279368639, -0.559391140938, -0.539768159389], "mean": [-0.593872487545, -0.689796507359, -0.771466076374, -0.784883379936, -0.804107308388, -0.781128108501], "median": [-0.593395829201, -0.697999358177, -0.784586548805, -0.793106079102, -0.814032196999, -0.786882758141], "min": [-0.954350411892, -0.970867931843, -0.966772317886, -0.960567414761, -0.955267548561, -0.958114504814], "var": [0.00920201651752, 0.00781116075814, 0.00549993757159, 0.00352633558214, 0.00236943387426, 0.00212808186188]}, "spectral_contrast_valleys": {"dmean": [0.47538793087, 0.421870738268, 0.404927492142, 0.412981033325, 0.526212871075, 0.650147974491], "dmean2": [0.746467709541, 0.637216508389, 0.605190932751, 0.590951740742, 0.670343220234, 0.792351841927], "dvar": [0.210666060448, 0.171712875366, 0.169283941388, 0.171666920185, 0.237565517426, 0.329241573811], "dvar2": [0.406338870525, 0.309731692076, 0.305804878473, 0.307762384415, 0.407510697842, 0.473657816648], "max": [-4.88646936417, -4.53589820862, -5.28220748901, -6.1