{"lowlevel": {"average_loudness": 0.582653105259, "barkbands_crest": {"dmean": 2.42480516434, "dmean2": 3.87894678116, "dvar": 4.56241750717, "dvar2": 12.0610485077, "max": 26.5541324615, "mean": 11.812330246, "median": 11.1441822052, "min": 1.76323449612, "var": 19.1703300476}, "barkbands_flatness_db": {"dmean": 0.0195412877947, "dmean2": 0.029803879559, "dvar": 0.000362521503121, "dvar2": 0.000859909749124, "max": 0.453329086304, "mean": 0.234152823687, "median": 0.22638079524, "min": 0.00503711262718, "var": 0.00483990600333}, "barkbands_kurtosis": {"dmean": 2.67251944542, "dmean2": 4.18468618393, "dvar": 23.8712806702, "dvar2": 51.9824104309, "max": 171.828536987, "mean": 4.98983287811, "median": 2.50843763351, "min": -1.81215167046, "var": 97.2129364014}, "barkbands_skewness": {"dmean": 0.470463514328, "dmean2": 0.720133781433, "dvar": 0.210103839636, "dvar2": 0.521887123585, "max": 6.13981485367, "mean": 1.16097998619, "median": 1.04966473579, "min": -3.37904858589, "var": 1.28663778305}, "barkbands_spread": {"dmean": 2.4581952095, "dmean2": 3.93420314789, "dvar": 8.08411884308, "dvar2": 21.5167884827, "max": 60.127243042, "mean": 10.3683805466, "median": 8.94541549683, "min": 0.242389589548, "var": 53.2665481567}, "dissonance": {"dmean": 0.0343225225806, "dmean2": 0.0579662285745, "dvar": 0.00101612368599, "dvar2": 0.00282698031515, "max": 0.499788999557, "mean": 0.39953815937, "median": 0.408731043339, "min": 0.138418406248, "var": 0.00322880968451}, "dynamic_complexity": 4.48751115799, "erbbands_crest": {"dmean": 3.07402181625, "dmean2": 4.91591453552, "dvar": 8.11066055298, "dvar2": 21.0728702545, "max": 34.252658844, "mean": 14.7555894852, "median": 13.3381347656, "min": 2.57460808754, "var": 42.8718757629}, "erbbands_flatness_db": {"dmean": 0.0161182358861, "dmean2": 0.0245741363615, "dvar": 0.000261220877292, "dvar2": 0.000631852599327, "max": 0.488497912884, "mean": 0.278439283371, "median": 0.272455155849, "min": 0.0611283443868, "var": 0.00393394520506}, "erbbands_kurtosis": {"dmean": 2.11766457558, "dmean2": 3.28954410553, "dvar": 17.0211544037, "dvar2": 35.0560379028, "max": 121.926994324, "mean": 3.88307523727, "median": 1.25754642487, "min": -1.70606482029, "var": 99.6291427612}, "erbbands_skewness": {"dmean": 0.43717867136, "dmean2": 0.688236892223, "dvar": 0.211312413216, "dvar2": 0.502160489559, "max": 7.56276893616, "mean": 0.842862069607, "median": 0.815306246281, "min": -6.22439622879, "var": 1.08436095715}, "erbbands_spread": {"dmean": 3.88568544388, "dmean2": 6.21117687225, "dvar": 17.0518226624, "dvar2": 44.5739059448, "max": 105.099403381, "mean": 18.2874641418, "median": 16.5337734222, "min": 0.511310815811, "var": 116.962226868}, "hfc": {"dmean": 3.81587696075, "dmean2": 5.82999277115, "dvar": 37.1280136108, "dvar2": 88.8738555908, "max": 138.047363281, "mean": 14.7727041245, "median": 11.7577257156, "min": 1.13880085747e-16, "var": 162.085601807}, "melbands_crest": {"dmean": 3.04031991959, "dmean2": 4.82141447067, "dvar": 7.22862768173, "dvar2": 18.5114440918, "max": 33.3527603149, "mean": 15.3618888855, "median": 14.7431659698, "min": 1.8508450985, "var": 27.0683994293}, "melbands_flatness_db": {"dmean": 0.0211697928607, "dmean2": 0.0318993888795, "dvar": 0.000446106976597, "dvar2": 0.00104092794936, "max": 0.597120285034, "mean": 0.290718883276, "median": 0.279281139374, "min": 0.00482588075101, "var": 0.0066807102412}, "melbands_kurtosis": {"dmean": 3.71450853348, "dmean2": 5.87438488007, "dvar": 38.3671035767, "dvar2": 97.8650970459, "max": 118.863433838, "mean": 7.2254152298, "median": 3.93554878235, "min": -1.89727807045, "var": 113.062652588}, "melbands_skewness": {"dmean": 0.538869678974, "dmean2": 0.83067381382, "dvar": 0.274224847555, "dvar2": 0.69003200531, "max": 8.85758495331, "mean": 1.54106128216, "median": 1.40558218956, "min": -3.21102523804, "var": 1.61491549015}, "melbands_spread": {"dmean": 3.71900606155, "dmean2": 5.85291719437, "dvar": 21.5033016205, "dvar2": 55.9573478699, "max": 138.608322144, "mean": 14.3913354874, "median": 11.756187439, "min": 0.620957791805, "var": 119.495635986}, "pitch_salience": {"dmean": 0.0601589456201, "dmean2": 0.0953922271729, "dvar": 0.00301564345136, "dvar2": 0.00778165832162, "max": 0.924111545086, "mean": 0.487538993359, "median": 0.484081089497, "min": 0.0982878357172, "var": 0.0132486512884}, "silence_rate_20dB": {"dmean": 0, "dmean2": 0, "dvar": 0, "dvar2": 0, "max": 1, "mean": 1, "median": 1, "min": 1, "var": 0}, "silence_rate_30dB": {"dmean": 0.00447882758453, "dmean2": 0.00895947869867, "dvar": 0.00445886934176, "dvar2": 0.0105080902576, "max": 1, "mean": 0.993486642838, "median": 1, "min": 0, "var": 0.00647074682638}, "silence_rate_60dB": {"dmean": 0.0166938118637, "dmean2": 0.0333944223821, "dvar": 0.0164171643555, "dvar2": 0.0375722460449, "max": 1, "mean": 0.0979035198689, "median": 0, "min": 0, "var": 0.0883165821433}, "spectral_centroid": {"dmean": 147.412872314, "dmean2": 230.001571655, "dvar": 59418.5351562, "dvar2": 106499.351562, "max": 11686.3066406, "mean": 977.210449219, "median": 798.055358887, "min": 158.444168091, "var": 401673.25}, "spectral_complexity": {"dmean": 1.54356682301, "dmean2": 2.53777241707, "dvar": 2.04332828522, "dvar2": 5.04791402817, "max": 25, "mean": 10.882352829, "median": 12, "min": 0, "var": 22.3320007324}, "spectral_decrease": {"dmean": 1.55215695852e-09, "dmean2": 2.31747621093e-09, "dvar": 4.71527649382e-18, "dvar2": 1.08729491808e-17, "max": 1.22993653849e-28, "mean": -5.68393065947e-09, "median": -4.25332213894e-09, "min": -5.99398575218e-08, "var": 2.71185108863e-17}, "spectral_energy": {"dmean": 0.00615702196956, "dmean2": 0.0092135546729, "dvar": 7.40860414226e-05, "dvar2": 0.000170442115632, "max": 0.237962007523, "mean": 0.0227924045175, "median": 0.0172904822975, "min": 1.03616844055e-20, "var": 0.000422686396632}, "spectral_energyband_high": {"dmean": 5.29896933585e-05, "dmean2": 8.03112488938e-05, "dvar": 6.32850856164e-08, "dvar2": 1.15875117501e-07, "max": 0.011579667218, "mean": 0.000117224451969, "median": 3.74470073439e-05, "min": 7.26241717264e-21, "var": 1.13081384256e-07}, "spectral_energyband_low": {"dmean": 0.00118301948532, "dmean2": 0.00165964383632, "dvar": 9.37630920816e-06, "dvar2": 2.25645781029e-05, "max": 0.0564147047698, "mean": 0.00300789903849, "median": 0.000298195576761, "min": 2.35414206364e-23, "var": 4.62672032882e-05}, "spectral_energyband_middle_high": {"dmean": 0.00197806023061, "dmean2": 0.0030900624115, "dvar": 1.53734017658e-05, "dvar2": 4.0270631871e-05, "max": 0.0982057005167, "mean": 0.00574670126662, "median": 0.00305521325208, "min": 1.33583034923e-21, "var": 6.01549181738e-05}, "spectral_energyband_middle_low": {"dmean": 0.00491679972038, "dmean2": 0.0072105708532, "dvar": 5.18254455528e-05, "dvar2": 0.000116255381727, "max": 0.160934612155, "mean": 0.0154055086896, "median": 0.0098530035466, "min": 3.0054903767e-22, "var": 0.000271932221949}, "spectral_entropy": {"dmean": 0.15606571734, "dmean2": 0.23840662837, "dvar": 0.0331527404487, "dvar2": 0.074612416327, "max": 9.80488014221, "mean": 6.40182209015, "median": 6.46766281128, "min": 4.49262666702, "var": 0.293677330017}, "spectral_flux": {"dmean": 0.0159490797669, "dmean2": 0.0269609261304, "dvar": 0.000338408979587, "dvar2": 0.000894303957466, "max": 0.232484892011, "mean": 0.0533355772495, "median": 0.0488479435444, "min": 6.46355607925e-11, "var": 0.000974326336291}, "spectral_kurtosis": {"dmean": 6.61319589615, "dmean2": 11.6606330872, "dvar": 65.403503418, "dvar2": 187.459457397, "max": 133.915756226, "mean": 15.2277488708, "median": 9.83706092834, "min": -1.21494352818, "var": 234.422912598}, "spectral_rms": {"dmean": 0.000594904762693, "dmean2": 0.00086985505186, "dvar": 4.34975476082e-07, "dvar2": 9.72388875198e-07, "max": 0.0152367334813, "mean": 0.0042416411452, "median": 0.00410716002807, "min": 3.17945908317e-12, "var": 4.24492873208e-06}, "spectral_rolloff": {"dmean": 212.757263184, "dmean2": 375.172454834, "dvar": 174272.859375, "dvar2": 446393.625, "max": 19207.6171875, "mean": 1093.22045898, "median": 882.861328125, "min": 107.666015625, "var": 856445.8125}, "spectral_skewness": {"dmean": 0.52414816618, "dmean2": 0.916609704494, "dvar": 0.294743984938, "dvar2": 0.854069232941, "max": 9.57081699371, "mean": 2.49018335342, "median": 2.12944602966, "min": -0.0647606626153, "var": 1.42776072025}, "spectral_spread": {"dmean": 280956.3125, "dmean2": 470405.34375, "dvar": 556168183808, "dvar2": 803616063488, "max": 41216328, "mean": 2563670.75, "median": 2491713.25, "min": 686175.3125, "var": 2108100575230.0}, "spectral_strongpeak": {"dmean": 0.672030210495, "dmean2": 1.12853765488, "dvar": 1.08653855324, "dvar2": 2.899071455, "max": 13.0860557556, "mean": 1.80232310295, "median": 1.36418139935, "min": 0, "var": 2.56409621239}, "zerocrossingrate": {"dmean": 0.00457684136927, "dmean2": 0.0057928590104, "dvar": 4.52926760772e-05, "dvar2": 7.12916953489e-05, "max": 0.52197265625, "mean": 0.0417464077473, "median": 0.03564453125, "min": 0.0048828125, "var": 0.00104263680987}, "barkbands": {"dmean": [2.29122269957e-05, 0.000206249591429, 0.000612683594227, 0.000816700397991, 0.000499227549881, 0.00254591205157, 0.00127493217587, 0.000854386191349, 0.000695108552463, 0.00104226765689, 0.000746004225221, 0.00041690148646, 4.35292240581e-05, 0.000106124738522, 0.000180257091415, 8.64589892444e-05, 0.000195469197934, 8.9851753728e-05, 0.000187566431123, 5.05598691234e-05, 1.76967823791e-05, 8.82712356542e-06, 1.36686076075e-05, 1.42531030178e-06, 8.76109879755e-07, 3.21104550949e-07, 2.12980744152e-08], "dmean2": [3.81001009373e-05, 0.000328427995555, 0.000869490555488, 0.0011879199883, 0.000732693355531, 0.00378316361457, 0.00198569498025, 0.00123156479094, 0.000962703721598, 0.00151011894923, 0.00123380264267, 0.000682697980665, 7.01797325746e-05, 0.000178314308869, 0.000305644643959, 0.000139501818921, 0.000326214707457, 0.000154971159645, 0.000319268874591, 8.39620697661e-05, 2.86777085421e-05, 1.41887285281e-05, 1.96007222257e-05, 2.28780209e-06, 1.39081510042e-06, 4.88971409141e-07, 3.39216370548e-08], "dvar": [2.26840035644e-09, 4.87774059366e-07, 3.50980326402e-06, 7.71985651227e-06, 1.13697524284e-06, 2.09302652365e-05, 9.66463812802e-06, 3.09013648803e-06, 2.06655818147e-06, 7.36098081688e-06, 7.92933042248e-06, 1.99655687538e-06, 9.68171143256e-09, 1.26306446191e-07, 2.34993478898e-07, 3.71018344936e-08, 3.11840636869e-07, 7.76254225343e-08, 7.47946558022e-07, 1.90234121789e-08, 2.77769496293e-09, 7.32938876258e-10, 5.31452712949e-08, 1.28588242485e-11, 8.70580170453e-12, 2.59985566062e-12, 1.4167657729e-14], "dvar2": [6.44508046932e-09, 1.24841528759e-06, 7.71207669459e-06, 2.09375448321e-05, 2.53118673754e-06, 4.68542821181e-05, 2.4185201255e-05, 6.6946881816e-06, 4.27961640526e-06, 1.41256859933e-05, 2.38169577642e-05, 5.10841300638e-06, 2.26043734841e-08, 3.65402939906e-07, 6.51818822917e-07, 8.63236948589e-08, 9.0922463869e-07, 2.28368833177e-07, 2.12436680158e-06, 5.17713694137e-08, 5.90139892509e-09, 1.80417081275e-09, 9.3514373134e-08, 3.17741180589e-11, 1.92929387743e-11, 5.25233198947e-12, 3.12823328168e-14], "max": [0.00218318821862, 0.0166566744447, 0.0419781431556, 0.0592927932739, 0.0215332303196, 0.112317636609, 0.0564717240632, 0.0251657776535, 0.0522257611156, 0.121806070209, 0.0405115634203, 0.0346208438277, 0.00300415582024, 0.00816494226456, 0.00801069382578, 0.0033211207483, 0.0126180788502, 0.00582824833691, 0.0195487365127, 0.00246003665961, 0.000936954573262, 0.000753626169171, 0.0114400517195, 6.9525638537e-05, 8.73566168593e-05, 7.27928927517e-05, 5.3538242355e-06], "mean": [0.000108535918116, 0.000443690776592, 0.00147035671398, 0.0016657615779, 0.00118660239968, 0.00510482676327, 0.00197268510237, 0.00168581819162, 0.00270617962815, 0.00293522467837, 0.00112783524673, 0.000874099845532, 7.21431642887e-05, 0.000163018587045, 0.000255066610407, 0.00013056777243, 0.000331298273522, 0.000126035884023, 0.000264988397248, 9.6000956546e-05, 3.09609058604e-05, 1.65024739545e-05, 1.82608218893e-05, 3.5204204778e-06, 1.81642099051e-06, 6.09107985383e-07, 3.36177414795e-08], "median": [6.99578140484e-06, 2.31492995226e-05, 0.000109365370008, 4.81879505969e-05, 0.000242515845457, 0.00197105226107, 0.000449232873507, 0.00040393526433, 0.000842165551148, 0.000370354042388, 0.000146014484926, 0.000134425165015, 2.53706584772e-05, 2.57441242866e-05, 6.22636289336e-05, 4.66109668196e-05, 7.5957228546e-05, 3.74224109692e-05, 4.5469874749e-05, 1.93516170839e-05, 1.00383613244e-05, 5.40618339073e-06, 2.02849628295e-06, 8.12262953787e-07, 2.92595615292e-07, 8.53588559835e-08, 4.93662088985e-09], "min": [2.33859235302e-24, 1.51668953547e-23, 1.13962938584e-24, 1.36417617732e-24, 2.42574223484e-23, 5.12240833462e-23, 4.42226935324e-23, 2.71096499255e-23, 4.93171288593e-23, 4.45155912756e-23, 4.00282443686e-23, 2.59915658101e-23, 5.23944720951e-23, 9.68595541846e-23, 9.8885475207e-23, 1.29985773659e-22, 1.06920414802e-22, 1.22564460564e-22, 1.899890206e-22, 2.80404912786e-22, 3.64253481138e-22, 3.78891609339e-22, 5.45911941252e-22, 6.69022659594e-22, 9.64759469037e-22, 1.6649724014e-21, 2.3284744483e-21], "var": [5.75752210352e-08, 2.31492640523e-06, 1.74356882781e-05, 2.20276870095e-05, 5.12084125148e-06, 7.37806549296e-05, 1.68247897818e-05, 1.06601783045e-05, 2.46092258749e-05, 5.85453235544e-05, 1.18464804473e-05, 8.3314243966e-06, 2.41341542306e-08, 2.69477794745e-07, 3.53557254584e-07, 6.76969875713e-08, 6.64563742703e-07, 9.85919115237e-08, 8.89241960067e-07, 4.69726302299e-08, 4.44352954432e-09, 1.29227561985e-09, 7.88046250477e-08, 4.42167483183e-11, 1.93352833744e-11, 4.84700127257e-12, 1.83570420285e-14]}, "erbbands": {"dmean": [0.00175316503737, 0.0662119090557, 0.568816483021, 1.95914876461, 1.55082523823, 1.67200160027, 11.6493902206, 21.284954071, 23.8457183838, 9.51809978485, 20.3291740417, 19.8998794556, 22.6202125549, 31.0892906189, 30.7520065308, 21.2822818756, 3.07929801941, 4.78739309311, 11.0228023529, 3.95567846298, 8.02338027954, 5.93090820312, 4.97288274765, 11.1862668991, 4.65300178528, 2.59238147736, 0.885043561459, 0.595790326595, 0.306155204773, 0.312314033508, 0.518999993801, 0.055997736752, 0.0199302472174, 0.0107819959521, 0.0061870678328, 0.00209079752676, 0.000453498738352, 5.60113912798e-05, 5.61207343708e-06, 7.0292617238e-06], "dmean2": [0.00274308817461, 0.103514507413, 0.811697602272, 2.73424887657, 2.31700849533, 2.54714512825, 17.8862705231, 30.9757843018, 35.8937797546, 14.6054811478, 29.023311615, 27.7939796448, 32.1850128174, 46.069103241, 52.1917648315, 35.2774391174, 4.99570417404, 8.16115951538, 18.7835979462, 6.41963338852, 13.0901460648, 9.80732059479, 8.45794010162, 19.1180553436, 7.87262582779, 4.27308940887, 1.40043401718, 0.97446513176, 0.495700627565, 0.500750660896, 0.720324993134, 0.0847845301032, 0.0320925451815, 0.0170793496072, 0.00980110839009, 0.00318771065213, 0.000680635916069, 8.58539933688e-05, 8.46593411552e-06, 1.05281160359e-05], "dvar": [3.70310117432e-05, 0.0474563501775, 3.21548318863, 35.5522575378, 20.669342041, 13.2043762207, 869.133728027, 1362.77697754, 3086.90039062, 596.471252441, 1714.47033691, 1609.14990234, 4272.88769531, 7525.7265625, 16928.8808594, 5222.50097656, 39.7949562073, 267.183898926, 823.721374512, 74.1128158569, 628.115661621, 223.197647095, 208.866638184, 4492.07128906, 111.442649841, 54.4859199524, 4.24436187744, 5.25134038925, 1.06716656685, 3.13248753548, 102.3855896, 0.175162658095, 0.00326655851677, 0.00113316543866, 0.000519042543601, 7.97633983893e-05, 6.77307207297e-06, 1.04910256482e-07, 4.04891370431e-10, 9.74880037807e-11], "dvar2": [8.11048230389e-05, 0.120237104595, 7.24377059937, 92.9903564453, 54.9646377563, 31.0821971893, 1987.32336426, 3047.7734375, 7757.39257812, 1391.12658691, 3601.71484375, 3335.64086914, 6810.47265625, 15770.5039062, 52947.0703125, 13479.2294922, 95.2649612427, 794.272521973, 2332.77856445, 170.566665649, 1646.85375977, 646.477478027, 621.896850586, 13029.1181641, 317.869415283, 147.943969727, 9.60124874115, 11.5916481018, 2.48876595497, 6.87176990509, 179.418228149, 0.309892565012, 0.00796129275113, 0.00271238898858, 0.00115539086983, 0.000168895698152, 1.34890460686e-05, 2.09457525102e-07, 8.53599746442e-10, 2.2153555379e-10], "max": [0.207488447428, 5.7567987442, 45.5906448364, 114.922599792, 94.6766433716, 91.5016479492, 704.477539062, 673.355407715, 814.134216309, 438.751068115, 695.383911133, 1488.00854492, 2255.91040039, 2929.95019531, 1930.8828125, 1755.81982422, 150.854934692, 381.084899902, 509.296539307, 218.445098877, 639.983764648, 299.765228271, 244.103042603, 1545.44274902, 143.76210022, 146.045608521, 40.9760169983, 47.8749427795, 31.0441989899, 59.001209259, 505.441802979, 20.517414093, 1.02914893627, 0.775566160679, 0.751326024532, 0.360003620386, 0.125765249133, 0.0146089345217, 0.000907449342776, 0.000270106625976], "mean": [0.00411668978631, 0.151744902134, 1.40847396851, 4.33210802078, 3.54778647423, 3.64036631584, 22.6370944977, 41.2403945923, 39.5346832275, 20.7103290558, 43.5055503845, 78.7960357666, 66.0531845093, 83.3405609131, 47.5179100037, 44.3277816772, 6.13754653931, 7.28250694275, 16.294834137, 6.82658338547, 13.8423566818, 10.7516460419, 7.77033758163, 15.6408634186, 8.50927829742, 5.17130470276, 1.80797553062, 1.02975034714, 0.577991247177, 0.48117184639, 0.695301532745, 0.110232874751, 0.0456310473382, 0.0231561083347, 0.0120401000604, 0.00421088654548, 0.000822021625936, 0.000100191500678, 1.77909114427e-05, 2.65602539002e-05], "median": [0.000627619097941, 0.0102513451129, 0.11880197376, 0.240187928081, 0.357130557299, 0.936971902847, 5.09150505066, 15.4320354462, 9.79114532471, 6.10535144806, 16.0691738129, 27.9274024963, 18.740436554, 13.7266111374, 11.7701692581, 7.10971498489, 2.74452137947, 2.32122397423, 4.21502780914, 3.3079662323, 4.41567993164, 3.43776488304, 2.6400039196, 2.18753314018, 2.18276786804, 1.09242868423, 0.61516469717, 0.279265940189, 0.194932445884, 0.12803055346, 0.0558555573225, 0.0237747617066, 0.00999897625297, 0.00438347831368, 0.00168036890682, 0.000553061137907, 0.000137706010719, 1.9583678295e-05, 1.27993480419e-05, 2.07695902645e-05], "min": [6.30282293762e-22, 2.90094563229e-21, 1.98789959279e-21, 3.73173930352e-21, 1.34369213953e-20, 6.03771407565e-20, 2.06723653714e-19, 3.99474262328e-19, 5.67653625943e-19, 7.3310867021e-19, 5.79084900117e-19, 1.31936052165e-18, 1.79266189442e-18, 1.24339752747e-18, 2.50016436158e-18, 1.55215964831e-18, 3.1565512028e-18, 5.1678332108e-18, 5.07821522247e-18, 4.6360681599e-18, 6.60740871805e-18, 6.42732612203e-18, 8.24792211252e-18, 6.9283428016e-18, 1.23950591152e-17, 1.20880766734e-17, 1.2983204383e-17, 1.68271664563e-17, 1.27811258138e-17, 1.13493266315e-17, 1.57181273588e-17, 1.38199339686e-17, 1.1214818792e-17, 1.02070357004e-17, 7.53623411146e-18, 4.26764853252e-18, 2.92222996042e-18, 1.4360620576e-18, 3.07309565833e-19, 3.06698376295e-20], "var": [0.00017371744616, 0.254153430462, 18.5436000824, 120.881332397, 68.4766464233, 46.8883552551, 2988.79882812, 3992.03833008, 6387.42285156, 2348.62670898, 5499.66455078, 18884.8417969, 37936.1445312, 43464.8710938, 20869.8808594, 21282.7148438, 132.989501953, 462.071594238, 1244.52661133, 143.964065552, 1293.05102539, 511.143341064, 291.227661133, 5700.62304688, 249.182250977, 138.359909058, 10.0878601074, 7.15464878082, 1.73250877857, 3.82225561142, 152.646865845, 0.281068861485, 0.00844529177994, 0.00261609605514, 0.00107365311123, 0.000175400011358, 1.13693486128e-05, 1.61178547842e-07, 7.12055581165e-10, 5.4836557517e-10]}, "gfcc": {"mean": [-107.806587219, 140.723205566, -155.274902344, 3.14981675148, -68.0260543823, -19.7917690277, -24.8302230835, -0.559659898281, -14.8516321182, -10.7768316269, -9.52101802826, -5.24221658707, -2.17836999893], "cov": [[16246.9707031, -821.41192627, -1999.35461426, 503.543823242, -1153.7824707, 325.850097656, -211.752578735, 355.605407715, -344.502197266, -130.671447754, 13.9850511551, 138.98034668, 274.181610107], [-821.41192627, 2528.83984375, 698.182434082, -213.074951172, 453.210205078, -346.314331055, 192.875305176, -532.907958984, 184.575378418, -323.695983887, 4.13743877411, -253.719390869, -14.1537914276], [-1999.35461426, 698.182434082, 1100.95751953, 53.7214546204, 291.359954834, 146.733978271, -9.78315639496, -202.592407227, -91.7442398071, -159.653717041, -101.773010254, -80.4639053345, -114.042854309], [503.543823242, -213.074951172, 53.7214546204, 394.953826904, 155.493453979, 167.047943115, -28.6075801849, 84.4099960327, -61.220741272, 15.01932621, -38.0300216675, -38.4862289429, -80.5340118408], [-1153.7824707, 453.210205078, 291.359954834, 155.493453979, 449.571624756, 66.7375183105, 34.3359909058, -65.0150756836, -0.0229305420071, -21.3270587921, -28.5748901367, -103.799537659, -91.3924560547], [325.850097656, -346.314331055, 146.733978271, 167.047943115, 66.7375183105, 392.374389648, 8.421626091, 57.9731254578, -148.047271729, -37.8392219543, -57.3309249878, 7.72519445419, -84.0555114746], [-211.752578735, 192.875305176, -9.78315639496, -28.6075801849, 34.3359909058, 8.421626091, 207.163162231, 0.0324806943536, 47.4124412537, -46.2098884583, -27.1894054413, 8.66735363007, 27.984998703], [355.605407715, -532.907958984, -202.592407227, 84.4099960327, -65.0150756836, 57.9731254578, 0.0324806943536, 270.529693604, 27.3573417664, 102.912071228, -19.5980854034, 18.5589313507, 0.756612598896], [-344.502197266, 184.575378418, -91.7442398071, -61.220741272, -0.0229305420071, -148.047271729, 47.4124412537, 27.3573417664, 232.675949097, 68.2296066284, 42.3913574219, -22.7386074066, 9.27153205872], [-130.671447754, -323.695983887, -159.653717041, 15.01932621, -21.3270587921, -37.8392219543, -46.2098884583, 102.912071228, 68.2296066284, 207.440750122, 65.6067276001, 29.1165103912, -9.4898815155], [13.9850511551, 4.13743877411, -101.773010254, -38.0300216675, -28.5748901367, -57.3309249878, -27.1894054413, -19.5980854034, 42.3913574219, 65.6067276001, 146.652542114, 53.9951591492, -1.29093039036], [138.98034668, -253.719390869, -80.4639053345, -38.4862289429, -103.799537659, 7.72519445419, 8.66735363007, 18.5589313507, -22.7386074066, 29.1165103912, 53.9951591492, 168.51991272, 67.8113098145], [274.181610107, -14.1537914276, -114.042854309, -80.5340118408, -91.3924560547, -84.0555114746, 27.984998703, 0.756612598896, 9.27153205872, -9.4898815155, -1.29093039036, 67.8113098145, 144.542144775]], "icov": [[0.000244740513153, -0.00067169428803, 0.000639790843707, -0.000678781012539, 0.00101545127109, -0.000701433687937, 0.000604546861723, -0.000477019144455, 0.000434315705206, -0.000211917198612, 0.000322113832226, -0.000322641979437, -0.000171348612639], [-0.00067169428803, 0.00391908641905, -0.00244664843194, 0.00215781107545, -0.00398506829515, 0.00313913915306, -0.00292841112241, 0.00330854812637, -0.00227155280299, 0.00259960419498, -0.002517510904, 0.00318473298103, -0.000414996728068], [0.000639790843707, -0.00244664843194, 0.00343721499667, -0.00158442091197, 0.00223245099187, -0.00258593843319, 0.00248000910506, -0.00103169772774, 0.00129213673063, -0.000697501178365, 0.00250971969217, -0.00227050296962, 0.000767890131101], [-0.000678781012539, 0.00215781107545, -0.00158442091197, 0.00603143684566, -0.00451815593988, 0.00111096655019, -0.00106653326657, 0.000313928641845, -0.00101693102624, 0.00109768647235, -0.000687659019604, 0.00100016698707, 0.0012653497979], [0.00101545127109, -0.00398506829515, 0.00223245099187, -0.00451815593988, 0.00884540192783, -0.00359056191519, 0.00193070375826, -0.00212115678005, 0.0024135292042, -0.00302221253514, 0.00174171850085, -0.000811598380096, 0.000112804584205], [-0.000701433687937, 0.00313913915306, -0.00258593843319, 0.00111096655019, -0.00359056191519, 0.00791782233864, -0.00364444917068, 0.00122837617528, 0.0009037827258, 0.00212507555261, -0.00108722550794, 0.000699867669027, 0.00299348938279], [0.000604546861723, -0.00292841112241, 0.00248000910506, -0.00106653326657, 0.00193070375826, -0.00364444917068, 0.00896760076284, -0.00274555687793, -0.000933067756705, 0.000487212004373, 0.00309307524003, -0.00361886178143, -0.000874254503287], [-0.000477019144455, 0.00330854812637, -0.00103169772774, 0.000313928641845, -0.00212115678005, 0.00122837617528, -0.00274555687793, 0.00973565876484, -0.00301833916456, -0.000946949585341, 0.000557878403924, 0.00247059413232, -0.000579145562369], [0.000434315705206, -0.00227155280299, 0.00129213673063, -0.00101693102624, 0.0024135292042, 0.0009037827258, -0.000933067756705, -0.00301833916456, 0.0090927425772, -0.00338598503731, -0.000186076009413, -4.60565424873e-05, 0.000869072158821], [-0.000211917198612, 0.00259960419498, -0.000697501178365, 0.00109768647235, -0.00302221253514, 0.00212507555261, 0.000487212004373, -0.000946949585341, -0.00338598503731, 0.0111758699641, -0.00443237181753, 0.00099974789191, 0.000395647366531], [0.000322113832226, -0.002517510904, 0.00250971969217, -0.000687659019604, 0.00174171850085, -0.00108722550794, 0.00309307524003, 0.000557878403924, -0.000186076009413, -0.00443237181753, 0.0137620586902, -0.00735019473359, 0.00389887113124], [-0.000322641979437, 0.00318473298103, -0.00227050296962, 0.00100016698707, -0.000811598380096, 0.000699867669027, -0.00361886178143, 0.00247059413232, -4.60565424873e-05, 0.00099974789191, -0.00735019473359, 0.0142835630104, -0.00642685545608], [-0.000171348612639, -0.000414996728068, 0.000767890131101, 0.0012653497979, 0.000112804584205, 0.00299348938279, -0.000874254503287, -0.000579145562369, 0.000869072158821, 0.000395647366531, 0.00389887113124, -0.00642685545608, 0.0135182691738]]}, "melbands": {"dmean": [3.52361348632e-05, 0.000220327114221, 0.000318582606269, 9.41434773267e-05, 0.000323616928654, 0.00049414782552, 0.000338037352776, 0.000108902939246, 0.000164047582075, 0.000120339835121, 0.000112706082291, 0.000128020226839, 9.16245044209e-05, 6.84943806846e-05, 2.29990946536e-05, 4.45327987109e-06, 1.00749984995e-05, 1.76979174284e-05, 9.16636781767e-06, 5.69972689846e-06, 1.21975181173e-05, 7.92719583842e-06, 4.9994823712e-06, 5.00236501466e-06, 1.0255662346e-05, 3.62838454748e-06, 2.20026390707e-06, 1.80653921689e-06, 6.32439082437e-07, 5.46298906556e-07, 3.67448109273e-07, 2.12820623346e-07, 1.48169633007e-07, 1.46532400436e-07, 4.38789953705e-07, 4.14145233663e-08, 2.54346037565e-08, 1.60559743279e-08, 1.28564527913e-08, 1.04135864376e-08], "dmean2": [5.57555104024e-05, 0.000318182545016, 0.0004493733868, 0.000139960815432, 0.000494941778015, 0.000724125653505, 0.00051258172607, 0.00016527409025, 0.000231779602473, 0.000167519858223, 0.000161771618878, 0.000189199796296, 0.000154604524141, 0.000114148111606, 3.76163006877e-05, 7.09401683707e-06, 1.72302698047e-05, 3.00221199723e-05, 1.513227744e-05, 9.35778007261e-06, 1.99183959921e-05, 1.320229876e-05, 8.31059151096e-06, 8.58566181705e-06, 1.74801898538e-05, 6.21061553829e-06, 3.7193613025e-06, 2.96663370136e-06, 1.00178112916e-06, 8.64110120347e-07, 6.18185481471e-07, 3.49256879417e-07, 2.42189656774e-07, 2.42840599185e-07, 6.0959342818e-07, 6.20382039074e-08, 4.10643323789e-08, 2.64275250572e-08, 2.12492459184e-08, 1.67968394749e-08], "dvar": [1.391333182e-08, 4.73158877412e-07, 9.16223086733e-07, 4.8598579383e-08, 6.18129888608e-07, 7.59933698191e-07, 6.28573445738e-07, 7.84648932495e-08, 1.00761326394e-07, 5.98752976089e-08, 1.07436598284e-07, 1.42154704008e-07, 1.41867133152e-07, 4.01223978486e-08, 6.32821972602e-09, 1.25724444744e-10, 1.43073919379e-09, 2.07613481962e-09, 6.82395084883e-10, 1.56132481943e-10, 1.85761461768e-09, 4.87027251861e-10, 3.16500048392e-10, 2.54395504662e-10, 4.23485424506e-09, 9.0364729588e-11, 4.46438060131e-11, 2.44546882744e-11, 2.77054963173e-12, 3.77358474329e-12, 1.96307401758e-12, 5.10558175598e-13, 3.36744385631e-13, 9.67011735444e-13, 8.01005789475e-11, 8.38991758554e-14, 5.11326558148e-15, 1.84226722588e-15, 1.40491298675e-15, 1.09509321624e-15], "dvar2": [3.38734764682e-08, 1.08214146621e-06, 2.43825411417e-06, 1.16327065314e-07, 1.40647432545e-06, 1.72849297542e-06, 1.56202645485e-06, 1.81691291345e-07, 2.0940977663e-07, 1.24460655115e-07, 1.73860030372e-07, 3.0214729918e-07, 4.39491628867e-07, 1.10144981136e-07, 1.61298530088e-08, 2.99170160867e-10, 4.2619050511e-09, 5.75786662793e-09, 1.68909985998e-09, 4.20234042009e-10, 4.94090812708e-09, 1.4488558131e-09, 8.32128199679e-10, 7.67240437849e-10, 1.21764021088e-08, 2.65673261168e-10, 1.27038463082e-10, 6.4109176301e-11, 6.41031715556e-12, 7.83843476238e-12, 4.71994882414e-12, 1.26402328274e-12, 8.78163644233e-13, 2.47767453256e-12, 1.4053520847e-10, 1.56544821051e-13, 1.27568735333e-14, 4.69246384845e-15, 3.67250319578e-15, 2.67035458721e-15], "max": [0.00342375272885, 0.0178865995258, 0.0197403170168, 0.0050003118813, 0.0188777092844, 0.016869250685, 0.0124084502459, 0.00557798752561, 0.00545114977285, 0.00907196197659, 0.0115756392479, 0.0127715095878, 0.00595099804923, 0.00388297392055, 0.00193632650189, 0.000267869181698, 0.00087433605222, 0.000830029312056, 0.000624260748737, 0.000280836015008, 0.00110573670827, 0.000492972612847, 0.000411140354117, 0.000294087920338, 0.00150822254363, 0.000178901682375, 0.000124543192214, 8.6791558715e-05, 3.22337473335e-05, 3.46477499988e-05, 2.99775165331e-05, 1.52646662173e-05, 2.12892591662e-05, 2.46155777859e-05, 0.000446254736744, 1.40288784678e-05, 1.31633930778e-06, 7.40269911148e-07, 7.2395010875e-07, 5.83994335557e-07], "mean": [8.00436246209e-05, 0.00054854672635, 0.000720228301361, 0.000215467865928, 0.000646485306788, 0.000968951615505, 0.000558879575692, 0.000233509112149, 0.000374212133465, 0.000474925356684, 0.000317079480737, 0.000344480766216, 0.000138069401146, 0.000130332438857, 4.71293242299e-05, 7.2551156336e-06, 1.45251196955e-05, 2.62152789219e-05, 1.30138059831e-05, 9.21422270039e-06, 2.04223761102e-05, 1.38547620736e-05, 7.77852619649e-06, 7.14408997737e-06, 1.3709207451e-05, 6.30200247542e-06, 4.00080853069e-06, 3.40677797794e-06, 1.14248757654e-06, 8.39237202399e-07, 5.6557513517e-07, 3.56976016747e-07, 2.49158631505e-07, 2.02498569024e-07, 5.57415773983e-07, 7.67314674022e-08, 5.29113854952e-08, 3.37145600326e-08, 2.30038281757e-08, 1.89219786506e-08], "median": [8.69445648277e-06, 4.39051218564e-05, 4.6668908908e-05, 3.73875591322e-05, 0.000160719719133, 0.000366117077647, 0.000128434650833, 6.27130139037e-05, 0.000133849971462, 0.000147465820191, 7.11983157089e-05, 4.28342318628e-05, 2.28808748943e-05, 2.39195524045e-05, 7.9052615547e-06, 2.35936477111e-06, 2.30893806474e-06, 6.35024980511e-06, 3.68225846614e-06, 2.67636687568e-06, 4.54338942291e-06, 3.53241921403e-06, 1.34088475079e-06, 1.77323806838e-06, 9.82544861472e-07, 1.28738986405e-06, 7.60627528962e-07, 5.45743660041e-07, 3.50968349494e-07, 1.90596125549e-07, 1.07336695976e-07, 9.79062875217e-08, 8.26944415167e-08, 4.83474913437e-08, 3.18236494934e-08, 1.67026676934e-08, 1.03008765961e-08, 6.62789290118e-09, 4.49714798734e-09, 2.79475664833e-09], "min": [5.72102083862e-24, 2.28036909341e-24, 1.11799931286e-24, 3.96858803135e-24, 7.7997446601e-24, 9.14128309324e-24, 8.76744427684e-24, 7.84832823667e-24, 3.3210424854e-24, 8.60350872554e-24, 8.88221091677e-24, 4.94297087768e-24, 7.28399844432e-24, 3.86435426222e-24, 5.12627533078e-24, 6.07931041772e-24, 9.08148507004e-24, 5.79373448699e-24, 7.51252040451e-24, 6.00313169783e-24, 6.50148313622e-24, 6.49252009861e-24, 5.82702481162e-24, 5.12458361857e-24, 5.34814285481e-24, 7.79144663224e-24, 7.23036615795e-24, 8.20674876668e-24, 6.99928197754e-24, 7.33368563729e-24, 9.64739652851e-24, 6.21932691751e-24, 6.71883640371e-24, 6.2056322922e-24, 8.5793340831e-24, 1.03771023322e-23, 7.1687269334e-24, 7.4436504809e-24, 7.58519184882e-24, 8.8086993356e-24], "var": [6.41311075356e-08, 2.76704554381e-06, 2.98153372569e-06, 2.01698753699e-07, 2.17170168071e-06, 2.36615028371e-06, 1.28849023895e-06, 3.1460396599e-07, 4.15288070599e-07, 6.44295539587e-07, 9.45833448895e-07, 8.23962125196e-07, 1.88330758988e-07, 1.25699457953e-07, 2.39908430899e-08, 2.51443699195e-10, 2.51742715562e-09, 3.3242804065e-09, 1.11383768875e-09, 3.54373502764e-10, 3.86040843736e-09, 1.11307763007e-09, 6.01576566339e-10, 3.33122890384e-10, 5.38953193185e-09, 1.94868815528e-10, 1.02876360208e-10, 6.55368537217e-11, 5.97719746961e-12, 5.84733780493e-12, 2.56836088855e-12, 8.84182050492e-13, 3.90887029775e-13, 8.0956134808e-13, 1.18595064325e-10, 1.39092486444e-13, 1.29765151058e-14, 4.67723546661e-15, 2.77226196812e-15, 2.14548257463e-15]}, "mfcc": {"mean": [-737.335632324, 162.051376343, -25.7678279877, 16.1646270752, -22.8990039825, -16.9189109802, -11.4059391022, -0.00396365905181, -1.65386462212, -1.3322532177, -8.84973716736, -4.17960596085, 3.15090036392], "cov": [[9465.03222656, 721.7265625, -1208.86999512, 224.081512451, -750.290283203, -191.457366943, -114.585914612, 298.397888184, -103.706130981, -11.5953092575, -270.258850098, -192.020782471, 92.0422973633], [721.7265625, 2580.00195312, 147.626083374, 69.0637435913, 103.488418579, 88.4467697144, -16.8788471222, -83.5576477051, -94.5863800049, -118.016120911, -71.6326217651, -85.7481765747, -148.659423828], [-1208.86999512, 147.626083374, 654.347717285, -1.62848925591, 228.450836182, 211.801361084, 65.293838501, 29.5927734375, -13.3280658722, -46.8257217407, -19.5904502869, -42.1293334961, -107.760704041], [224.081512451, 69.0637435913, -1.62848925591, 262.663360596, 114.922576904, 51.2546424866, 34.1691360474, 9.41724205017, 25.9507846832, 29.6173400879, 37.058921814, 18.944234848, 4.61398363113], [-750.290283203, 103.488418579, 228.450836182, 114.922576904, 388.687957764, 177.143218994, 87.6972045898, -7.60236644745, -34.7413101196, 19.0181026459, 32.0430183411, 22.1395130157, -17.6212043762], [-191.457366943, 88.4467697144, 211.801361084, 51.2546424866, 177.143218994, 305.291687012, 129.489929199, 73.303062439, -36.2371902466, -42.0221443176, -28.2990036011, -20.6156291962, -49.0548019409], [-114.585914612, -16.8788471222, 65.293838501, 34.1691360474, 87.6972045898, 129.489929199, 187.143890381, 81.1516799927, 3.05211734772, -17.8623733521, -25.8813762665, -25.4836521149, -19.9533081055], [298.397888184, -83.5576477051, 29.5927734375, 9.41724205017, -7.60236644745, 73.303062439, 81.1516799927, 197.527084351, 50.5182113647, -10.5488843918, -50.1760292053, -48.6699905396, -13.9402770996], [-103.706130981, -94.5863800049, -13.3280658722, 25.9507846832, -34.7413101196, -36.2371902466, 3.05211734772, 50.5182113647, 181.193435669, 46.3529510498, 7.3050866127, -8.98310089111, -11.0128068924], [-11.5953092575, -118.016120911, -46.8257217407, 29.6173400879, 19.0181026459, -42.0221443176, -17.8623733521, -10.5488843918, 46.3529510498, 156.695770264, 77.0833892822, 14.8116598129, -16.1472053528], [-270.258850098, -71.6326217651, -19.5904502869, 37.058921814, 32.0430183411, -28.2990036011, -25.8813762665, -50.1760292053, 7.3050866127, 77.0833892822, 167.575393677, 84.0748214722, 28.0607852936], [-192.020782471, -85.7481765747, -42.1293334961, 18.944234848, 22.1395130157, -20.6156291962, -25.4836521149, -48.6699905396, -8.98310089111, 14.8116598129, 84.0748214722, 201.466293335, 116.000404358], [92.0422973633, -148.659423828, -107.760704041, 4.61398363113, -17.6212043762, -49.0548019409, -19.9533081055, -13.9402770996, -11.0128068924, -16.1472053528, 28.0607852936, 116.000404358, 203.085708618]], "icov": [[0.000225991854677, -8.64667672431e-05, 0.000345520646079, -0.000379145523766, 0.00041904320824, -0.000226827105507, 0.000235963685554, -0.000416236871388, 0.000366859516362, -0.000271725933999, 0.000315354496706, 0.000113164634968, -0.000107505380583], [-8.64667672431e-05, 0.000480484392028, -0.00012449582573, -2.35063907894e-05, -0.000246088835411, 5.88793591305e-05, 3.9624672354e-05, 0.000349940120941, -3.41786035278e-05, 0.000472967250971, -4.42406271759e-05, -3.03468950733e-05, 0.000405361119192], [0.000345520646079, -0.00012449582573, 0.00306731788442, 0.000141290918691, -0.000721767253708, -0.00144721707329, 0.000973461894318, -0.000769722217228, 1.6004047211e-05, 0.000588154420257, 0.000158659706358, 0.000103385529655, 0.000973899848759], [-0.000379145523766, -2.35063907894e-05, 0.000141290918691, 0.00554322823882, -0.00232887058519, -8.50834403536e-05, -0.000495009415317, 0.000487078155857, -0.00164435827173, 0.000367089669453, -0.00137583294418, -0.000126092258142, 6.79815129843e-05], [0.00041904320824, -0.000246088835411, -0.000721767253708, -0.00232887058519, 0.00587166519836, -0.00217674020678, -0.000764448195696, 0.0004371155228, 0.0014276439324, -0.00208348268643, 0.000563464825973, 2.8957696486e-05, -0.000944181811064], [-0.000226827105507, 5.88793591305e-05, -0.00144721707329, -8.50834403536e-05, -0.00217674020678, 0.0074794231914, -0.00306064798497, -0.00137033988722, 0.000987381092273, 0.00144744315185, -0.000136705115438, -0.000983199686743, 0.00135201821104], [0.000235963685554, 3.9624672354e-05, 0.000973461894318, -0.000495009415317, -0.000764448195696, -0.00306064798497, 0.00912384875119, -0.00289170024917, 0.000135468872031, 0.000264889327809, 0.000396431336412, 0.000532705511432, 1.15104749057e-05], [-0.000416236871388, 0.000349940120941, -0.000769722217228, 0.000487078155857, 0.0004371155228, -0.00137033988722, -0.00289170024917, 0.00879709981382, -0.00279621174559, -4.70398481411e-05, 0.000874561315868, 0.00113175052684, -0.00087067775894], [0.000366859516362, -3.41786035278e-05, 1.6004047211e-05, -0.00164435827173, 0.0014276439324, 0.000987381092273, 0.000135468872031, -0.00279621174559, 0.0077937184833, -0.00244919466786, 0.000866799324285, -0.000208024561289, 0.000265260838205], [-0.000271725933999, 0.000472967250971, 0.000588154420257, 0.000367089669453, -0.00208348268643, 0.00144744315185, 0.000264889327809, -4.70398481411e-05, -0.00244919466786, 0.0108787203208, -0.00502180075273, 0.000357779092155, 0.0021864133887], [0.000315354496706, -4.42406271759e-05, 0.000158659706358, -0.00137583294418, 0.000563464825973, -0.000136705115438, 0.000396431336412, 0.000874561315868, 0.000866799324285, -0.00502180075273, 0.0110845249146, -0.00377735891379, 0.000328727066517], [0.000113164634968, -3.03468950733e-05, 0.000103385529655, -0.000126092258142, 2.8957696486e-05, -0.000983199686743, 0.000532705511432, 0.00113175052684, -0.000208024561289, 0.000357779092155, -0.00377735891379, 0.00987738277763, -0.00522349588573], [-0.000107505380583, 0.000405361119192, 0.000973899848759, 6.79815129843e-05, -0.000944181811064, 0.00135201821104, 1.15104749057e-05, -0.00087067775894, 0.000265260838205, 0.0021864133887, 0.000328727066517, -0.00522349588573, 0.00909712910652]]}, "spectral_contrast_coeffs": {"dmean": [0.0447132736444, 0.0461435243487, 0.0352538302541, 0.0300864093006, 0.0214013159275, 0.0164516624063], "dmean2": [0.072134539485, 0.0736799389124, 0.0571081638336, 0.0499630011618, 0.0349062271416, 0.0270246881992], "dvar": [0.00132966227829, 0.0014993698569, 0.000885294692125, 0.000598768063355, 0.000358200544724, 0.000271212193184], "dvar2": [0.00336451875046, 0.00369668006897, 0.00220775674097, 0.001579087344, 0.000888384820428, 0.00068920198828], "max": [-0.275344252586, -0.380178004503, -0.31585085392, -0.469197034836, -0.421872437, -0.561472654343], "mean": [-0.60373032093, -0.643092274666, -0.640995085239, -0.715652942657, -0.708515882492, -0.718953311443], "median": [-0.598768293858, -0.641147136688, -0.6458594203, -0.722458899021, -0.726982712746, -0.71327149868], "min": [-0.970441579819, -0.984567165375, -0.986295163631, -0.972795248032, -0.96808809042, -0.96058100462], "var": [0.0141484811902, 0.00899644754827, 0.0116675049067, 0.00732089066878, 0.00968799646944, 0.00336152827367]}, "spectral_contrast_valleys": {"dmean": [0.416848003864, 0.329575449228, 0.275237649679, 0.232659399509, 0.181796014309, 0.204697579145], "dmean2": [0.696302890778, 0.533492863178, 0.444067448378, 0.37372648716, 0.283786416054, 0.321952670813], "dvar": 