{"lowlevel": {"average_loudness": 0.967186033726, "barkbands_crest": {"dmean": 2.7444961071, "dmean2": 4.44487428665, "dvar": 7.19703626633, "dvar2": 19.0827484131, "max": 25.592546463, "mean": 13.4229745865, "median": 12.7556705475, "min": 2.56913304329, "var": 23.3640365601}, "barkbands_flatness_db": {"dmean": 0.0318611338735, "dmean2": 0.0510414615273, "dvar": 0.00140786333941, "dvar2": 0.00344647699967, "max": 0.632215440273, "mean": 0.196735501289, "median": 0.194093614817, "min": 0.0217003487051, "var": 0.00502053461969}, "barkbands_kurtosis": {"dmean": 13.9380502701, "dmean2": 22.5397510529, "dvar": 1108.46105957, "dvar2": 2658.29248047, "max": 1507.50183105, "mean": 24.1862411499, "median": 9.4476146698, "min": -1.81001591682, "var": 2455.50170898}, "barkbands_skewness": {"dmean": 0.998908340931, "dmean2": 1.57310450077, "dvar": 1.54120886326, "dvar2": 3.79426264763, "max": 27.4818668365, "mean": 3.33803415298, "median": 2.83520030975, "min": -2.2980260849, "var": 7.26127672195}, "barkbands_spread": {"dmean": 4.81677341461, "dmean2": 7.93582248688, "dvar": 53.7355880737, "dvar2": 129.814071655, "max": 106.801322937, "mean": 12.9275197983, "median": 10.5816602707, "min": 0.105154760182, "var": 112.743469238}, "dissonance": {"dmean": 0.0237852819264, "dmean2": 0.0395489856601, "dvar": 0.000584570108913, "dvar2": 0.00159448571503, "max": 0.500000059605, "mean": 0.444432526827, "median": 0.455682814121, "min": 0.172962725163, "var": 0.00179356045555}, "dynamic_complexity": 2.84280157089, "erbbands_crest": {"dmean": 2.62016320229, "dmean2": 4.13421773911, "dvar": 6.52561473846, "dvar2": 16.0829524994, "max": 31.8051300049, "mean": 10.299788475, "median": 8.94292068481, "min": 2.41843986511, "var": 28.4318714142}, "erbbands_flatness_db": {"dmean": 0.018342833966, "dmean2": 0.0281138680875, "dvar": 0.000356425676728, "dvar2": 0.000806011375971, "max": 0.334046632051, "mean": 0.144996419549, "median": 0.136628419161, "min": 0.0412773638964, "var": 0.002730935812}, "erbbands_kurtosis": {"dmean": 1.22357213497, "dmean2": 1.90600442886, "dvar": 8.23425769806, "dvar2": 18.6564025879, "max": 114.19278717, "mean": 1.33339297771, "median": 0.257761478424, "min": -1.92001438141, "var": 17.5345439911}, "erbbands_skewness": {"dmean": 0.403829723597, "dmean2": 0.627343475819, "dvar": 0.234398394823, "dvar2": 0.578333497047, "max": 9.64860439301, "mean": 0.327816039324, "median": 0.278228074312, "min": -3.10009217262, "var": 0.725517451763}, "erbbands_spread": {"dmean": 10.7247438431, "dmean2": 16.53033638, "dvar": 200.157958984, "dvar2": 466.753082275, "max": 198.484832764, "mean": 45.4750976562, "median": 38.6656188965, "min": 2.8675096035, "var": 905.20489502}, "hfc": {"dmean": 7.34424114227, "dmean2": 11.3475904465, "dvar": 147.562667847, "dvar2": 341.734741211, "max": 148.424606323, "mean": 20.1507587433, "median": 16.1820983887, "min": 1.05478094628e-16, "var": 254.649032593}, "melbands_crest": {"dmean": 3.73481535912, "dmean2": 6.20698881149, "dvar": 12.4444255829, "dvar2": 33.9704322815, "max": 37.3026123047, "mean": 19.5502624512, "median": 19.2811336517, "min": 1.58351242542, "var": 42.7791748047}, "melbands_flatness_db": {"dmean": 0.03615405038, "dmean2": 0.0579862520099, "dvar": 0.00189495575614, "dvar2": 0.00465973140672, "max": 0.788714647293, "mean": 0.298127651215, "median": 0.302859157324, "min": 0.00295923207887, "var": 0.00861505325884}, "melbands_kurtosis": {"dmean": 31.2770385742, "dmean2": 49.1219520569, "dvar": 5322.77978516, "dvar2": 11920.9931641, "max": 2755.04760742, "mean": 63.9757614136, "median": 24.8365345001, "min": -1.82346272469, "var": 14796.7636719}, "melbands_skewness": {"dmean": 1.31103003025, "dmean2": 2.0458137989, "dvar": 2.9128549099, "dvar2": 7.12408542633, "max": 40.9604225159, "mean": 5.08377599716, "median": 4.22329616547, "min": -0.791866064072, "var": 14.3842687607}, "melbands_spread": {"dmean": 3.78763961792, "dmean2": 6.22987365723, "dvar": 35.5316429138, "dvar2": 89.9421615601, "max": 181.936752319, "mean": 13.3096694946, "median": 7.44413805008, "min": 0.129053846002, "var": 438.581573486}, "pitch_salience": {"dmean": 0.0766937062144, "dmean2": 0.126067340374, "dvar": 0.0061572548002, "dvar2": 0.016431260854, "max": 0.973694503307, "mean": 0.440041452646, "median": 0.438431143761, "min": 0.045869614929, "var": 0.0162228494883}, "silence_rate_20dB": {"dmean": 0, "dmean2": 0, "dvar": 0, "dvar2": 0, "max": 1, "mean": 1, "median": 1, "min": 1, "var": 0}, "silence_rate_30dB": {"dmean": 0.130896523595, "dmean2": 0.261814594269, "dvar": 0.113755017519, "dvar2": 0.251590818167, "max": 1, "mean": 0.868126451969, "median": 1, "min": 0, "var": 0.114468581975}, "silence_rate_60dB": {"dmean": 0.00115254800767, "dmean2": 0.00230528577231, "dvar": 0.00115128478501, "dvar2": 0.00230022706091, "max": 1, "mean": 0.0728515014052, "median": 0, "min": 0, "var": 0.0675473809242}, "spectral_centroid": {"dmean": 227.161682129, "dmean2": 375.139465332, "dvar": 117209.78125, "dvar2": 289320.34375, "max": 11757.3876953, "mean": 1075.56225586, "median": 744.585083008, "min": 68.826713562, "var": 2488322.5}, "spectral_complexity": {"dmean": 3.19766187668, "dmean2": 5.2723531723, "dvar": 21.1157855988, "dvar2": 53.4296836853, "max": 49, "mean": 13.5416526794, "median": 12, "min": 0, "var": 66.1996994019}, "spectral_decrease": {"dmean": 5.83105252971e-09, "dmean2": 9.46199119056e-09, "dvar": 4.45862427003e-17, "dvar2": 1.22601309026e-16, "max": 2.00021510864e-28, "mean": -1.85601933822e-08, "median": -1.8349592068e-08, "min": -6.42725765942e-08, "var": 9.23556418338e-17}, "spectral_energy": {"dmean": 0.0222321972251, "dmean2": 0.0359591022134, "dvar": 0.000643165782094, "dvar2": 0.00176187523175, "max": 0.246032729745, "mean": 0.0718783587217, "median": 0.0714116990566, "min": 9.75663733033e-21, "var": 0.00135061843321}, "spectral_energyband_high": {"dmean": 0.000487229903229, "dmean2": 0.000802913389634, "dvar": 1.36166920583e-06, "dvar2": 3.16545606438e-06, "max": 0.0137298833579, "mean": 0.000612661824562, "median": 0.000193747546291, "min": 6.88757430039e-21, "var": 1.54497968197e-06}, "spectral_energyband_low": {"dmean": 0.0212904345244, "dmean2": 0.0353680811822, "dvar": 0.000646966975182, "dvar2": 0.00183935649693, "max": 0.220442607999, "mean": 0.0531790032983, "median": 0.0493839159608, "min": 4.71052512335e-24, "var": 0.00123156944755}, "spectral_energyband_middle_high": {"dmean": 0.00168180605397, "dmean2": 0.00256758322939, "dvar": 7.20780508345e-06, "dvar2": 1.71494866663e-05, "max": 0.0419222302735, "mean": 0.00500264531001, "median": 0.00251970789395, "min": 1.13878950536e-21, "var": 3.50671871274e-05}, "spectral_energyband_middle_low": {"dmean": 0.00832049921155, "dmean2": 0.0136614404619, "dvar": 0.000246168958256, "dvar2": 0.000653846946079, "max": 0.169046223164, "mean": 0.0177474655211, "median": 0.0129021583125, "min": 1.5212477e-22, "var": 0.000315526733175}, "spectral_entropy": {"dmean": 0.236125767231, "dmean2": 0.377108335495, "dvar": 0.0933153256774, "dvar2": 0.226276889443, "max": 9.82930755615, "mean": 7.3562912941, "median": 7.31415367126, "min": 4.37821674347, "var": 0.416505247355}, "spectral_flux": {"dmean": 0.037848521024, "dmean2": 0.0573957711458, "dvar": 0.00168131862301, "dvar2": 0.00356335472316, "max": 0.439537197351, "mean": 0.109014458954, "median": 0.094021499157, "min": 6.35186486742e-11, "var": 0.00539914518595}, "spectral_kurtosis": {"dmean": 1.7664334774, "dmean2": 2.95160794258, "dvar": 4.5767416954, "dvar2": 13.0437192917, "max": 33.1946105957, "mean": 5.27914476395, "median": 4.64929771423, "min": -1.28071451187, "var": 13.6248960495}, "spectral_rms": {"dmean": 0.00121924898122, "dmean2": 0.00196393206716, "dvar": 1.71056649378e-06, "dvar2": 4.67457084596e-06, "max": 0.0154929636046, "mean": 0.00789998006076, "median": 0.00834685191512, "min": 3.08523432496e-12, "var": 7.71531358623e-06}, "spectral_rolloff": {"dmean": 217.676055908, "dmean2": 381.776641846, "dvar": 331758.9375, "dvar2": 842618.5625, "max": 19918.2128906, "mean": 959.227600098, "median": 215.33203125, "min": 43.06640625, "var": 7926340.5}, "spectral_skewness": {"dmean": 0.25632160902, "dmean2": 0.420833677053, "dvar": 0.077059417963, "dvar2": 0.194342583418, "max": 5.41468858719, "mean": 1.78830504417, "median": 1.79961848259, "min": -0.11408341676, "var": 0.364559710026}, "spectral_spread": {"dmean": 871375.5, "dmean2": 1341552.375, "dvar": 1474506784770.0, "dvar2": 3018263625730.0, "max": 42738200, "mean": 6150786, "median": 4857262, "min": 1449187.25, "var": 31622604783600.0}, "spectral_strongpeak": {"dmean": 0.315834403038, "dmean2": 0.556741654873, "dvar": 0.419552773237, "dvar2": 1.0885964632, "max": 7.12848234177, "mean": 0.630066514015, "median": 0.431855201721, "min": 0, "var": 0.676712453365}, "zerocrossingrate": {"dmean": 0.00810638535768, "dmean2": 0.0110028907657, "dvar": 0.000108181819087, "dvar2": 0.00016519780911, "max": 0.53466796875, "mean": 0.0427385978401, "median": 0.0263671875, "min": 0.001953125, "var": 0.00547869177535}, "barkbands": {"dmean": [0.00278635253198, 0.0170021019876, 0.00620817765594, 0.00570746604353, 0.00196455628611, 0.000832070829347, 0.000594963144977, 0.000338472571457, 0.000587350921705, 0.00101179303601, 0.00040948097012, 0.000380488054361, 0.000188139674719, 0.000193797095562, 0.000184063857887, 0.000131095686811, 0.000134145157062, 0.000110315238999, 0.000121825782117, 8.11083809822e-05, 7.61374612921e-05, 6.48606364848e-05, 6.45191830699e-05, 0.00010231287888, 0.000107652318547, 6.59625511616e-05, 1.17523804875e-05], "dmean2": [0.00478331698105, 0.0283348448575, 0.010608674027, 0.00995215494186, 0.00334198353812, 0.00134826102294, 0.000884792767465, 0.000474690255942, 0.000806011201348, 0.00145663740113, 0.000621897052042, 0.000520275265444, 0.00029159715632, 0.000304178538499, 0.000296810874715, 0.00021945827757, 0.000222158792894, 0.000190678547369, 0.000214813451748, 0.000139660463901, 0.000130148036988, 0.000107553110865, 0.000106042061816, 0.000167252888787, 0.000179290320375, 0.000112112727948, 1.95530192286e-05], "dvar": [1.17583167594e-05, 0.000452302687336, 0.000188573918422, 0.000173433261807, 1.79029811989e-05, 3.31631895278e-06, 1.74062643055e-06, 5.40136909422e-07, 1.32337208925e-06, 4.63687365482e-06, 9.7845406799e-07, 5.87659656048e-07, 1.59984224979e-07, 2.1972829245e-07, 1.32099032157e-07, 1.00940681591e-07, 1.09085817712e-07, 5.2197560052e-08, 1.01513002448e-07, 2.91587625156e-08, 4.423775124e-08, 4.09603337914e-08, 2.74276441559e-08, 8.0618505649e-08, 7.30506499735e-08, 3.27345084372e-08, 7.71834984814e-10], "dvar2": [3.65432497347e-05, 0.00135472067632, 0.000504882074893, 0.000483371259179, 4.944054308e-05, 8.74361921888e-06, 4.12942426919e-06, 9.95937057269e-07, 2.51434016718e-06, 8.80303105077e-06, 2.17578985939e-06, 9.6878829936e-07, 3.55006761765e-07, 4.85299381126e-07, 3.08231250301e-07, 2.59718916595e-07, 2.54963765656e-07, 1.42656602975e-07, 2.81809661828e-07, 7.69133166045e-08, 1.06789805443e-07, 9.90188766536e-08, 6.27978948842e-08, 1.93182955854e-07, 1.70953896372e-07, 8.18513186118e-08, 1.80388426418e-09], "max": [0.0385544784367, 0.175904616714, 0.154022887349, 0.149219170213, 0.0563904419541, 0.0445155277848, 0.03352387622, 0.0233987309039, 0.0323915854096, 0.0540542043746, 0.0260877795517, 0.0256899129599, 0.0107952710241, 0.0167123191059, 0.0120456870645, 0.00665655685589, 0.0134168369696, 0.00309291458689, 0.00609484128654, 0.00280559319071, 0.00805859453976, 0.00768773723394, 0.00208247313276, 0.00362105015665, 0.00321385660209, 0.00238274899311, 0.000283041910734], "mean": [0.00468310853466, 0.0344017222524, 0.0101664122194, 0.00784941483289, 0.00388043443672, 0.0014031768078, 0.00125390465837, 0.000673908914905, 0.00112910906319, 0.002538993489, 0.000678073323797, 0.000775878899731, 0.000348196335835, 0.000340384052834, 0.000330568174832, 0.000207304823562, 0.000224846909987, 0.000163149758009, 0.000154876877787, 0.00010670095071, 9.21150567592e-05, 8.44148453325e-05, 8.29503915156e-05, 0.000117985677207, 0.000117084789963, 6.23698506388e-05, 1.12552042992e-05], "median": [0.00305878883228, 0.0289610922337, 0.00612554978579, 0.00327013712376, 0.00115362892393, 0.000547539326362, 0.000351520429831, 0.000207509947359, 0.000353637035005, 0.000311944051646, 0.000151383370394, 0.000180195551366, 0.000112796027679, 9.80319309747e-05, 0.000129306339659, 5.14941712026e-05, 7.22065306036e-05, 5.51577577426e-05, 5.65077789361e-05, 4.6072054829e-05, 2.62963367277e-05, 2.28125663853e-05, 2.49181321124e-05, 2.45201954385e-05, 2.1478643248e-05, 9.49811874307e-06, 1.96355767912e-06], "min": [9.90541330769e-26, 1.51981764506e-24, 7.98893786125e-25, 1.09945210829e-24, 4.72437673198e-24, 5.58487094056e-24, 5.31959279535e-24, 4.36153936976e-24, 8.38980709518e-24, 9.76927711608e-24, 7.97298719235e-24, 2.73013431254e-23, 2.56951876125e-23, 2.9120308067e-23, 4.76399222224e-23, 5.31926447145e-23, 6.27421025839e-23, 8.57480507487e-23, 1.23601049037e-22, 1.52740359185e-22, 1.99319932444e-22, 2.881664963e-22, 4.02858970688e-22, 4.91229668402e-22, 7.9991964964e-22, 1.21864292868e-21, 1.75279692969e-21], "var": [2.33485025092e-05, 0.000744960154407, 0.000189034064533, 0.00016721895372, 4.07927545893e-05, 5.00159740113e-06, 8.38111009216e-06, 2.43303543357e-06, 4.69520227853e-06, 2.84777888737e-05, 2.46354284172e-06, 3.21962670569e-06, 4.373842728e-07, 5.5855031178e-07, 4.12489612245e-07, 2.0980048987e-07, 2.68415391247e-07, 7.85080445098e-08, 1.04466835182e-07, 3.08681222805e-08, 4.83860205236e-08, 4.79737316539e-08, 3.12747197029e-08, 8.37654781094e-08, 8.25629129508e-08, 2.80135381558e-08, 7.59815765861e-10]}, "erbbands": {"dmean": [0.804073512554, 3.05383753777, 6.01153898239, 14.9190015793, 12.2120904922, 4.57351207733, 4.91240549088, 7.30453252792, 8.5603055954, 6.88782978058, 8.6892786026, 13.9400081635, 32.8798179626, 19.3857555389, 15.7122116089, 15.9194202423, 8.77700710297, 10.3525333405, 8.56026077271, 7.71644353867, 7.75498437881, 6.28989458084, 5.15353059769, 7.74837493896, 5.17561244965, 3.66503691673, 3.19498157501, 2.69100165367, 2.03873586655, 2.24175810814, 2.06465387344, 2.25995850563, 1.60737752914, 1.20210242271, 0.764582753181, 0.364695638418, 0.10875055939, 0.0186621844769, 0.00212439103052, 9.73122005234e-05], "dmean2": [1.3226224184, 5.07463169098, 10.0023031235, 25.8790187836, 21.1257686615, 7.65765476227, 8.3730134964, 11.7212429047, 12.5034914017, 10.6168575287, 11.6667566299, 18.6750946045, 47.6161079407, 28.2931022644, 22.9728736877, 22.1346073151, 13.5531244278, 16.0053710938, 13.6037778854, 12.8536157608, 13.0470294952, 10.3946561813, 8.77453899384, 13.6247749329, 9.16283226013, 6.25522470474, 5.48290920258, 4.49538421631, 3.36162233353, 3.7106962204, 3.42283082008, 3.73887872696, 2.63441967964, 1.98482680321, 1.28064823151, 0.619650900364, 0.186233192682, 0.0310066901147, 0.00353141967207, 0.000158858703799], "dvar": [0.989991247654, 18.0507850647, 153.218109131, 1157.6262207, 693.693725586, 102.923706055, 155.658493042, 255.301849365, 312.862548828, 227.818756104, 354.500488281, 731.013000488, 6100.96923828, 1752.46594238, 1253.51403809, 1122.0123291, 335.919372559, 573.646179199, 400.244354248, 239.850189209, 382.928344727, 226.341201782, 114.943565369, 386.390991211, 173.954742432, 54.944393158, 56.5339698792, 71.8729019165, 52.1157035828, 33.8499488831, 30.2695388794, 41.5284347534, 18.9757556915, 8.72364139557, 3.86005449295, 1.00001621246, 0.0925026834011, 0.00218340172432, 2.49239928962e-05, 3.46375337301e-08], "dvar2": [2.87160992622, 54.9309082031, 403.753326416, 3187.8425293, 1955.27990723, 261.065338135, 428.547088623, 654.293457031, 685.981933594, 571.898681641, 624.637023926, 1292.02941895, 11752.4375, 3460.82080078, 2645.75024414, 1949.5357666, 738.728210449, 1253.1685791, 898.741943359, 632.390136719, 941.48614502, 551.670471191, 305.97668457, 1050.79748535, 487.849090576, 141.974639893, 147.871566772, 148.788116455, 128.205627441, 79.7373504639, 70.3546142578, 101.282051086, 45.0546264648, 20.3409900665, 9.22185993195, 2.5264377594, 0.232308804989, 0.00518153328449, 5.74875375605e-05, 7.90990242194e-08], "max": [8.54127120972, 41.0640525818, 140.245315552, 394.434020996, 318.006774902, 199.377227783, 245.55682373, 437.69241333, 523.028930664, 392.99230957, 644.715942383, 677.129333496, 2130.64770508, 1011.60015869, 841.137023926, 1125.31213379, 541.268554688, 947.173828125, 720.22442627, 530.046020508, 789.643981934, 339.008422852, 161.759475708, 512.450317383, 145.14352417, 155.087493896, 173.722106934, 372.412628174, 313.840515137, 90.5475234985, 75.7878799438, 87.3761062622, 57.143283844, 33.751335144, 23.3553962708, 10.4543123245, 4.02116060257, 0.843236088753, 0.0507404655218, 0.0017820908688], "mean": [1.38118767738, 6.09685564041, 12.0237951279, 20.7688293457, 21.7472782135, 9.08007144928, 7.310338974, 12.3665018082, 19.8265666962, 12.3933258057, 18.928981781, 30.2660388947, 77.8554840088, 47.328212738, 31.5314865112, 31.0339698792, 17.6039562225, 19.5041351318, 16.608423233, 14.2770328522, 12.6212940216, 11.1354990005, 8.5559387207, 10.1990747452, 6.21289014816, 5.08636140823, 3.83234381676, 3.48544383049, 2.86733031273, 2.67991828918, 2.60410189629, 2.60159492493, 1.8067291975, 1.32676684856, 0.805274605751, 0.348946452141, 0.0994206592441, 0.0178466439247, 0.00207656878047, 0.000162183947396], "median": [1.01310920715, 5.0696182251, 8.16374397278, 10.0688848495, 8.79136276245, 3.0494492054, 2.31903219223, 4.72828960419, 4.14201068878, 5.04029941559, 6.87820100784, 10.1981630325, 13.423828125, 8.79528331757, 8.55052185059, 9.20671844482, 6.49769592285, 6.04582118988, 5.65582180023, 5.19994974136, 3.91730642319, 3.35491943359, 3.15965032578, 3.18996167183, 2.59894514084, 2.37208175659, 1.2864677906, 0.873679757118, 0.828549981117, 0.682610452175, 0.761002063751, 0.594084620476, 0.365956902504, 0.268203705549, 0.135341614485, 0.0534536242485, 0.0136009119451, 0.0028570452705, 0.000382141151931, 0.000107449188363], "min": [5.86207145617e-23, 3.43210635424e-22, 1.67503639853e-21, 3.18968215317e-21, 9.75739180952e-21, 2.01016521078e-20, 3.023516068e-20, 5.14925908987e-20, 1.09349154001e-19, 1.48448365969e-19, 1.90003903691e-19, 1.94739370527e-19, 3.46724385979e-19, 7.33368249826e-19, 7.29326955546e-19, 1.43283501923e-18, 1.43639520459e-18, 1.73643615344e-18, 2.27254989961e-18, 2.63973847545e-18, 3.41599123205e-18, 3.24245411621e-18, 3.96781623998e-18, 6.14585227601e-18, 7.356536568e-18, 7.4566221134e-18, 6.85058120658e-18, 9.03943966015e-18, 1.04890000646e-17, 9.45602270588e-18, 1.0962518779e-17, 9.4100496618e-18, 8.31788422155e-18, 7.18764283053e-18, 5.49904129115e-18, 3.68173996103e-18, 2.1677761013e-18, 9.0058978999e-19, 2.36032162082e-19, 2.44184217658e-20], "var": [1.70739090443, 24.9403553009, 177.629974365, 1052.2701416, 990.150146484, 317.951446533, 214.130569458, 426.569274902, 2010.2479248, 454.677154541, 1741.11035156, 3244.50976562, 34090.828125, 11706.8896484, 4020.46142578, 4197.33251953, 957.287719727, 1593.73925781, 1253.02233887, 570.995178223, 783.998901367, 611.253601074, 218.37928772, 494.996795654, 134.489517212, 64.8652267456, 54.981338501, 99.6044616699, 61.3294410706, 36.9269676208, 32.904876709, 40.5880737305, 20.6594619751, 10.2424955368, 4.14381027222, 0.87205851078, 0.0767930969596, 0.00208419444971, 2.50735065492e-05, 3.80606053341e-08]}, "gfcc": {"mean": [-31.0554351807, 99.5650024414, -78.3260116577, 33.9204025269, -35.3296508789, 27.452999115, -19.5366420746, 15.604557991, -17.9455165863, -0.170668289065, -12.692940712, -3.47727656364, -9.73015785217], "cov": [[40743.21875, 2474.71484375, -1209.57885742, 1327.76123047, -1074.70227051, 1134.1270752, -795.710021973, 696.190673828, -716.200195312, 62.7384185791, -527.015380859, 18.2163619995, -280.304138184], [2474.71484375, 1801.96179199, -832.510192871, -153.37272644, -54.508972168, -78.0953903198, 232.71282959, -52.2112236023, 93.5476760864, -153.21522522, 108.487747192, -141.60244751, 89.573097229], [-1209.57885742, -832.510192871, 1544.73876953, 294.230102539, 46.0991744995, 186.835861206, -123.356620789, 42.0311813354, -62.0400733948, 79.9887466431, -50.8772125244, 50.5182495117, -65.7068939209], [1327.76123047, -153.37272644, 294.230102539, 577.627746582, 120.251319885, -9.18220615387, -98.6716384888, -57.2768211365, 10.7501544952, 6.94633197784, -17.3491916656, 4.26583957672, -10.3007698059], [-1074.70227051, -54.508972168, 46.0991744995, 120.251319885, 284.1640625, 18.6011791229, 11.3007459641, -29.2987422943, 67.9822769165, 0.7025578022, 22.7453174591, -8.99127483368, 6.67471265793], [1134.1270752, -78.0953903198, 186.835861206, -9.18220615387, 18.6011791229, 310.007171631, 51.6970329285, 48.7595787048, -36.436378479, 48.1601257324, -22.8409671783, 4.05377149582, -21.4052295685], [-795.710021973, 232.71282959, -123.356620789, -98.6716384888, 11.3007459641, 51.6970329285, 248.350997925, 29.9966087341, 49.1526412964, -10.7219438553, 58.4751739502, -23.4213619232, 43.468952179], [696.190673828, -52.2112236023, 42.0311813354, -57.2768211365, -29.2987422943, 48.7595787048, 29.9966087341, 222.288864136, 4.88025188446, -1.63385844231, -25.5394802094, 19.214471817, -2.39866137505], [-716.200195312, 93.5476760864, -62.0400733948, 10.7501544952, 67.9822769165, -36.436378479, 49.1526412964, 4.88025188446, 158.774658203, 29.3830032349, 29.165397644, -17.8735218048, 26.3683376312], [62.7384185791, -153.21522522, 79.9887466431, 6.94633197784, 0.7025578022, 48.1601257324, -10.7219438553, -1.63385844231, 29.3830032349, 126.05216217, 24.3199119568, 0.00588292814791, -6.66486597061], [-527.015380859, 108.487747192, -50.8772125244, -17.3491916656, 22.7453174591, -22.8409671783, 58.4751739502, -25.5394802094, 29.165397644, 24.3199119568, 104.154953003, 19.9199638367, 15.7958498001], [18.2163619995, -141.60244751, 50.5182495117, 4.26583957672, -8.99127483368, 4.05377149582, -23.4213619232, 19.214471817, -17.8735218048, 0.00588292814791, 19.9199638367, 94.9842758179, 17.836309433], [-280.304138184, 89.573097229, -65.7068939209, -10.3007698059, 6.67471265793, -21.4052295685, 43.468952179, -2.39866137505, 26.3683376312, -6.66486597061, 15.7958498001, 17.836309433, 77.1446533203]], "icov": [[0.000133680136059, -0.000381791993277, 0.000203851857805, -0.000552521261852, 0.00044331184472, -0.000551043020096, 0.000476829882246, -0.000475498149171, 0.000377563206712, -0.000559839769267, 0.000544809910934, -0.000514479179401, 0.000384137209039], [-0.000381791993277, 0.00242174579762, -9.38352677622e-05, 0.00144417583942, -0.000569465453736, 0.000839931075461, -0.00108106201515, 0.00129672442563, -0.00169456063304, 0.00372617621906, -0.00382040883414, 0.00398115860298, -0.00239152065478], [0.000203851857805, -9.38352677622e-05, 0.00134827115107, -0.00129554443993, 0.000886125664692, -0.00149488297757, 0.000961280427873, -0.000885683693923, 0.000510562618729, -0.000499031797517, 0.000244700990152, -0.000337122532073, 0.000574596924707], [-0.000552521261852, 0.00144417583942, -0.00129554443993, 0.00458224024624, -0.00275894161314, 0.00246170512401, -0.00124375859741, 0.00239785271697, -0.00164219120052, 0.00225867680274, -0.00192168983631, 0.00201512104832, -0.00179488572758], [0.00044331184472, -0.000569465453736, 0.000886125664692, -0.00275894161314, 0.00646316912025, -0.00317187095061, 0.00212412374094, -0.00116916326806, -0.001327523496, 0.000476812099805, -0.000606342102401, -1.06284260255e-05, 0.000607349036727], [-0.000551043020096, 0.000839931075461, -0.00149488297757, 0.00246170512401, -0.00317187095061, 0.00761849619448, -0.00462896609679, 0.00156126357615, 0.000643370032776, -0.00157628383022, 0.00153419771232, -0.000340719736414, 0.0005317236064], [0.000476829882246, -0.00108106201515, 0.000961280427873, -0.00124375859741, 0.00212412374094, -0.00462896609679, 0.00955808721483, -0.0029340761248, -0.000312297284836, 0.00112888740841, -0.00398437958211, 0.00250503234565, -0.00286374450661], [-0.000475498149171, 0.00129672442563, -0.000885683693923, 0.00239785271697, -0.00116916326806, 0.00156126357615, -0.0029340761248, 0.00714020198211, -0.00232404679991, 0.00191686663311, 0.000541608547792, -0.000451330823125, -0.000304473622236], [0.000377563206712, -0.00169456063304, 0.000510562618729, -0.00164219120052, -0.001327523496, 0.000643370032776, -0.000312297284836, -0.00232404679991, 0.0108301881701, -0.0057608038187, 0.00224744481966, -0.000895478937309, -0.00050052878214], [-0.000559839769267, 0.00372617621906, -0.000499031797517, 0.00225867680274, 0.000476812099805, -0.00157628383022, 0.00112888740841, 0.00191686663311, -0.0057608038187, 0.0168032739311, -0.0103952148929, 0.00762923946604, -0.003753896337], [0.000544809910934, -0.00382040883414, 0.000244700990152, -0.00192168983631, -0.000606342102401, 0.00153419771232, -0.00398437958211, 0.000541608547792, 0.00224744481966, -0.0103952148929, 0.0222704280168, -0.0123843643814, 0.00574442697689], [-0.000514479179401, 0.00398115860298, -0.000337122532073, 0.00201512104832, -1.06284260255e-05, -0.000340719736414, 0.00250503234565, -0.000451330823125, -0.000895478937309, 0.00762923946604, -0.0123843643814, 0.0215890388936, -0.00951967854053], [0.000384137209039, -0.00239152065478, 0.000574596924707, -0.00179488572758, 0.000607349036727, 0.0005317236064, -0.00286374450661, -0.000304473622236, -0.00050052878214, -0.003753896337, 0.00574442697689, -0.00951967854053, 0.0199557002634]]}, "melbands": {"dmean": [0.00561291119084, 0.00305676436983, 0.00244329520501, 0.000552848330699, 0.000168203448993, 0.000162819560501, 0.000131546388729, 6.87661595293e-05, 7.39212337066e-05, 9.32032853598e-05, 0.000164336277521, 7.88229954196e-05, 5.54028447368e-05, 4.85930722789e-05, 2.3508175218e-05, 2.07916818908e-05, 2.06174408959e-05, 1.36498365464e-05, 1.21934790513e-05, 1.02780495581e-05, 1.00840816231e-05, 7.94725201558e-06, 4.0593263293e-06, 5.9913354562e-06, 6.77205753163e-06, 3.73469038095e-06, 3.79174753107e-06, 2.14915598917e-06, 1.92822471945e-06, 1.85658984719e-06, 1.5568557501e-06, 1.14715658128e-06, 1.3213591501e-06, 1.18873538213e-06, 1.20692129713e-06, 1.25659164496e-06, 1.40479721722e-06, 1.07298637886e-06, 1.12764621463e-06, 9.96122707875e-07], "dmean2": [0.00930906366557, 0.00504030706361, 0.00419777398929, 0.000945672334637, 0.000284369918518, 0.00026023821556, 0.0001924042881, 0.000105610015453, 9.77416420938e-05, 0.000126679020468, 0.00023867811251, 0.000115079805255, 8.27828334877e-05, 6.60461300868e-05, 3.51968956238e-05, 3.19339087582e-05, 3.21833176713e-05, 2.17396554945e-05, 1.99076475838e-05, 1.71017418324e-05, 1.70006405824e-05, 1.31045208036e-05, 6.82592417434e-06, 1.03789789136e-05, 1.19481992442e-05, 6.55518215353e-06, 6.73399517837e-06, 3.61955471817e-06, 3.32373451783e-06, 3.18400930155e-06, 2.59642615674e-06, 1.88900730791e-06, 2.22231665248e-06, 1.95821166926e-06, 1.99492046704e-06, 2.10183839044e-06, 2.31206013268e-06, 1.75377090272e-06, 1.84436862583e-06, 1.66220809206e-06], "dvar": [4.7665918828e-05, 2.71457956842e-05, 2.81872380583e-05, 1.35619245611e-06, 1.73276205828e-07, 1.21817720355e-07, 7.7193845982e-08, 2.12696313895e-08, 2.21785132482e-08, 3.19574624541e-08, 1.51285064476e-07, 3.18412958222e-08, 1.65764610927e-08, 8.88176554525e-09, 1.97399474544e-09, 2.16489715044e-09, 2.70096855992e-09, 1.11920406276e-09, 5.77576764194e-10, 6.09009565e-10, 8.01248456472e-10, 3.83806653126e-10, 9.36026395282e-11, 1.50674972499e-10, 3.06478648016e-10, 8.59013207788e-11, 8.49186207463e-11, 1.73043211704e-11, 1.85496080302e-11, 2.70267558333e-11, 2.63417170021e-11, 2.34859232756e-11, 1.11517800203e-11, 9.6565949681e-12, 1.03835655352e-11, 1.10064292749e-11, 1.63027698979e-11, 8.48959964828e-12, 8.50229955884e-12, 5.53803140499e-12], "dvar2": [0.000141015421832, 7.2268077929e-05, 7.71008490119e-05, 3.77688206754e-06, 4.7020881766e-07, 3.10228841727e-07, 1.73373720713e-07, 5.30382635588e-08, 3.84931482245e-08, 5.99626801545e-08, 2.92028971671e-07, 6.17857267571e-08, 3.68145762764e-08, 1.48136951594e-08, 3.83798370862e-09, 4.91517893053e-09, 5.99990102046e-09, 2.53300425079e-09, 1.3757912587e-09, 1.54787338502e-09, 1.92249904885e-09, 9.02395547175e-10, 2.40931996576e-10, 4.18583695483e-10, 8.30765845006e-10, 2.40776010241e-10, 2.34685493261e-10, 4.3243721104e-11, 4.92216094272e-11, 6.65007701683e-11, 5.27003406192e-11, 6.0688322423e-11, 2.60622027431e-11, 2.30545582625e-11, 2.413386678e-11, 2.6705896175e-11, 3.93205953908e-11, 2.01520519022e-11, 2.01594019256e-11, 1.28887430242e-11], "max": [0.0595587082207, 0.0556948296726, 0.0586947351694, 0.0142106590793, 0.00774972140789, 0.00913037080318, 0.00789679214358, 0.00348480953835, 0.00492970924824, 0.00460930680856, 0.0105308117345, 0.00447287876159, 0.0037223927211, 0.00321005680598, 0.00123909243848, 0.000962677586358, 0.0021477798, 0.00107562111225, 0.000619744765572, 0.000639642472379, 0.0013382176403, 0.00054532737704, 0.000210428130231, 0.000171440056874, 0.000472773681395, 0.000135582653456, 0.000116501214507, 0.000102115649497, 6.54437608318e-05, 0.000198607202037, 0.000213580133277, 0.000220014437218, 8.21496141725e-05, 5.57187340746e-05, 4.15896101913e-05, 5.1809285651e-05, 5.16661566508e-05, 4.43335229647e-05, 3.65058513125e-05, 2.60141823674e-05], "mean": [0.010791788809, 0.0069710155949, 0.00374363712035, 0.00107502785977, 0.000264940958004, 0.000281167012872, 0.000299986480968, 0.000123404257465, 0.000159435716341, 0.000192644525669, 0.000385115214158, 0.000188526726561, 9.93484281935e-05, 0.000100408637081, 4.35371985077e-05, 3.79776938644e-05, 3.615472815e-05, 2.49723343586e-05, 2.17215474549e-05, 1.73686566995e-05, 1.48009712575e-05, 1.35083118948e-05, 6.75140563544e-06, 8.59699775901e-06, 8.39371023176e-06, 4.57375335827e-06, 4.20641845267e-06, 3.08522044179e-06, 2.3103998501e-06, 2.18321611101e-06, 1.99603323381e-06, 1.62377898505e-06, 1.5693418618e-06, 1.40049246511e-06, 1.46946592849e-06, 1.56379098826e-06, 1.55478687702e-06, 1.18840659979e-06, 1.26047655158e-06, 1.07089010726e-06], "median": [0.00879950635135, 0.00557329040021, 0.00210092170164, 0.000397496856749, 7.36607617e-05, 0.000100187353382, 6.81835081195e-05, 5.22466216353e-05, 5.4365638789e-05, 6.17541736574e-05, 6.23116357019e-05, 2.87290677079e-05, 2.76256905636e-05, 2.26637657761e-05, 1.6174170014e-05, 1.22004648802e-05, 9.98164887278e-06, 7.98804103397e-06, 8.48337913339e-06, 4.75338129036e-06, 4.36887694377e-06, 3.63691447092e-06, 2.3408015295e-06, 2.87257626042e-06, 2.34074468608e-06, 1.92236552721e-06, 1.65140693298e-06, 1.42757085086e-06, 7.37120501526e-07, 6.29708779343e-07, 4.42511634446e-07, 4.51624401876e-07, 4.38736464048e-07, 3.39080429512e-07, 4.2789656618e-07, 4.0443586613e-07, 3.27535872202e-07, 2.3378045455e-07, 2.58176385159e-07, 2.12462154536e-07], "min": [5.20444178294e-25, 7.18564622488e-25, 6.33029765738e-25, 1.09681711565e-24, 9.03040435427e-25, 9.05299930275e-25, 1.67240188236e-24, 1.81529456901e-24, 1.48645622434e-24, 1.07772076529e-24, 1.6791673507e-24, 2.29706217902e-24, 1.33242008854e-24, 2.08392182319e-24, 2.00499905064e-24, 2.46207551153e-24, 2.75586940074e-24, 2.49261941692e-24, 3.77581290865e-24, 1.88902407301e-24, 3.49964374979e-24, 2.94602826625e-24, 3.04403200638e-24, 4.1456202514e-24, 4.16298978524e-24, 4.65597815276e-24, 4.52076976019e-24, 3.98363318653e-24, 3.40106729664e-24, 4.068049192e-24, 4.10684576575e-24, 5.4818606947e-24, 3.70429872329e-24, 4.76253590612e-24, 5.85660827886e-24, 5.32822687796e-24, 5.40741707436e-24, 4.92679291823e-24, 5.37692444493e-24, 5.68857143972e-24], "var": [8.25317547424e-05, 3.71448186343e-05, 2.69897482212e-05, 2.57612282439e-06, 3.37607872325e-07, 2.19060382278e-07, 4.63262040284e-07, 4.12870626576e-08, 1.09633823797e-07, 1.24588865447e-07, 8.36905940105e-07, 2.22271751227e-07, 4.01993425214e-08, 5.05551511765e-08, 6.14280581956e-09, 5.61428947776e-09, 6.93369450744e-09, 3.01994340646e-09, 1.64171942707e-09, 1.44632816834e-09, 1.56685842079e-09, 1.11035747263e-09, 1.69487798796e-10, 2.17534976144e-10, 3.91204568739e-10, 7.02742586345e-11, 6.74558048308e-11, 2.38127816077e-11, 1.85122438212e-11, 2.79081913829e-11, 3.87042273231e-11, 2.50259795526e-11, 1.30400516773e-11, 1.02112580544e-11, 1.10027698758e-11, 1.20350205496e-11, 1.56802435619e-11, 9.2018797096e-12, 9.80720886445e-12, 6.56476392344e-12]}, "mfcc": {"mean": [-669.989685059, 132.624359131, 22.4442806244, 24.2493133545, 16.222038269, 14.9285955429, 15.496588707, 15.3476867676, 7.79107475281, 9.79506492615, 2.91327381134, 0.563026547432, 0.821142733097], "cov": [[12789.5390625, 1852.00195312, 222.262435913, 126.430259705, 194.684677124, 236.005950928, 141.92855835, 200.159362793, 175.788818359, 174.690658569, -17.1306400299, -116.054931641, -57.3444824219], [1852.00195312, 1861.0657959, -328.194000244, -95.1787261963, -174.853530884, 18.0169754028, 106.193862915, 140.996231079, 75.9615402222, 104.692214966, 23.2742576599, 0.83111256361, 53.515209198], [222.262435913, -328.194000244, 1072.18981934, 162.700866699, 175.708572388, 113.877212524, 63.3976898193, 9.50744819641, -23.0835990906, 36.3001098633, -2.51563167572, -39.2237281799, -28.1717453003], [126.430259705, -95.1787261963, 162.700866699, 452.982971191, 189.633361816, 60.7007217407, -52.7948608398, -24.8954601288, -13.6145133972, -22.2879371643, 8.45150375366, -11.8877267838, -25.5938110352], [194.684677124, -174.853530884, 175.708572388, 189.633361816, 336.006835938, 87.3768234253, -28.7953472137, 0.864236176014, -11.0022640228, 5.8707113266, 19.8325386047, -17.6570968628, -38.355178833], [236.005950928, 18.0169754028, 113.877212524, 60.7007217407, 87.3768234253, 294.323547363, 54.372844696, -27.8067264557, -2.61745548248, 25.9393634796, 22.1575756073, 16.8301811218, -3.90299654007], [141.92855835, 106.193862915, 63.3976898193, -52.7948608398, -28.7953472137, 54.372844696, 180.679885864, 65.9433441162, 15.4269523621, 25.1910858154, 9.90497875214, 1.35922133923, 10.1570138931], [200.159362793, 140.996231079, 9.50744819641, -24.8954601288, 0.864236176014, -27.8067264557, 65.9433441162, 164.718322754, 57.5870170593, 9.20001792908, 2.34397745132, -1.4961168766, 4.284263134], [175.788818359, 75.9615402222, -23.0835990906, -13.6145133972, -11.0022640228, -2.61745548248, 15.4269523621, 57.5870170593, 129.700241089, 53.1996688843, 16.0918502808, 9.27332687378, -0.142923429608], [174.690658569, 104.692214966, 36.3001098633, -22.2879371643, 5.8707113266, 25.9393634796, 25.1910858154, 9.20001792908, 53.1996688843, 137.745330811, 45.373374939, -6.10594749451, 1.60678672791], [-17.1306400299, 23.2742576599, -2.51563167572, 8.45150375366, 19.8325386047, 22.1575756073, 9.90497875214, 2.34397745132, 16.0918502808, 45.373374939, 87.4428024292, 32.2200012207, -4.38320827484], [-116.054931641, 0.83111256361, -39.2237281799, -11.8877267838, -17.6570968628, 16.8301811218, 1.35922133923, -1.4961168766, 9.27332687378, -6.10594749451, 32.2200012207, 90.7007369995, 41.0256576538], [-57.3444824219, 53.515209198, -28.1717453003, -25.5938110352, -38.355178833, -3.90299654007, 10.1570138931, 4.284263134, -0.142923429608, 1.60678672791, -4.38320827484, 41.0256576538, 81.7398605347]], "icov": [[9.92135974229e-05, -0.000110834509542, -3.41580780514e-05, 3.09116990138e-06, -8.52032680996e-05, -4.32528322563e-05, -1.1802023181e-07, 8.71515567269e-07, -9.38239682e-05, -1.01348941826e-05, 8.39149433887e-05, 5.39676002518e-05, 6.67337153573e-05], [-0.000110834509542, 0.000821301946416, 0.000271846511168, -0.000143453115015, 0.000459866336314, -0.000178220318048, -8.56488040881e-05, -0.00064900011057, 0.000259808730334, -0.000550537370145, -0.00012113503908, 0.000235713538132, -0.000428278959589], [-3.41580780514e-05, 0.000271846511168, 0.00120860757306, -0.000320920342347, -0.000257736392086, -0.000227378695854, -0.00049380841665, -0.000260721251834, 0.000416419323301, -0.000627831555903, 0.000322248204611, 0.000246499927016, -3.60177873517e-05], [3.09116990138e-06, -0.000143453115015, -0.000320920342347, 0.0031242351979, -0.00154751096852, -0.000221891110414, 0.000710729626007, 0.000400053977501, -0.000418116396759, 0.00100361753721, -0.00054122461006, 0.000366822612705, -0.000115896218631], [-8.52032680996e-05, 0.000459866336314, -0.000257736392086, -0.00154751096852, 0.00492132129148, -0.00123990152497, 0.00111948896665, -0.00146633433178, 0.000843566900585, -0.000530041928869, -0.000890608236659, 0.000469995953608, 0.000981816905551], [-4.32528322563e-05, -0.000178220318048, -0.000227378695854, -0.000221891110414, -0.00123990152497, 0.00461669126526, -0.00207229028456, 0.00188281957526, -0.000260041008005, -0.000379272998543, 0.000175724882865, -0.00150898261927, 0.000509739678819], [-1.1802023181e-07, -8.56488040881e-05, -0.00049380841665, 0.000710729626007, 0.00111948896665, -0.00207229028456, 0.00821988098323, -0.00375745235942, 0.00113367580343, -0.000764375145081, -0.000713985413313, 0.000678545271512, -0.000651615846436], [8.71515567269e-07, -0.00064900011057, -0.000260721251834, 0.000400053977501, -0.00146633433178, 0.00188281957526, -0.00375745235942, 0.010062770918, -0.00467898929492, 0.00234178267419, -0.000464308512164, 0.000595638819505, -0.000575824000407], [-9.38239682e-05, 0.000259808730334, 0.000416419323301, -0.000418116396759, 0.000843566900585, -0.000260041008005, 0.00113367580343, -0.00467898929492, 0.0119703300297, -0.00545610534027, 0.00164589518681, -0.00293955137022, 0.00195628544316], [-1.01348941826e-05, -0.000550537370145, -0.000627831555903, 0.00100361753721, -0.000530041928869, -0.000379272998543, -0.000764375145081, 0.00234178267419, -0.00545610534027, 0.0130161624402, -0.0076792249456, 0.00552002014592, -0.00329111237079], [8.39149433887e-05, -0.00012113503908, 0.000322248204611, -0.00054122461006, -0.000890608236659, 0.000175724882865, -0.000713985413313, -0.000464308512164, 0.00164589518681, -0.0076792249456, 0.0196794141084, -0.0105448951945, 0.00628497358412], [5.39676002518e-05, 0.000235713538132, 0.000246499927016, 0.000366822612705, 0.000469995953608, -0.00150898261927, 0.000678545271512, 0.000595638819505, -0.00293955137022, 0.00552002014592, -0.0105448951945, 0.0210751146078, -0.0111405132338], [6.67337153573e-05, -0.000428278959589, -3.60177873517e-05, -0.000115896218631, 0.000981816905551, 0.000509739678819, -0.000651615846436, -0.000575824000407, 0.00195628544316, -0.00329111237079, 0.00628497358412, -0.0111405132338, 0.0191052574664]]}, "spectral_contrast_coeffs": {"dmean": [0.0482666529715, 0.0419328510761, 0.0384085252881, 0.0295923426747, 0.0214646849781, 0.0176920760423], "dmean2": [0.0806324034929, 0.0682325288653, 0.0614344924688, 0.0483626164496, 0.0352368764579, 0.0279717277735], "dvar": [0.00199426943436, 0.00130289443769, 0.00119222176727, 0.000665165658575, 0.000375857373001, 0.000304525630781], "dvar2": [0.0056312289089, 0.00339885894209, 0.00283882627264, 0.00165737292264, 0.000915692362469, 0.000696914212313], "max": [-0.249879956245, -0.423687905073, -0.458669036627, -0.564099788666, -0.61875295639, -0.635422945023], "mean": [-0.637807965279, -0.715015530586, -0.734263658524, -0.77711635828, -0.7926607728, -0.80151695013], "median": [-0.635105669498, -0.719911813736, -0.733221411705, -0.776522159576, -0.794719338417, -0.802276492119], "min": [-0.982529461384, -0.983062446117, -0.979305028915, -0.975155591965, -0.967258155346, -0.96627920866], "var": [0.00846780464053, 0.00720542157069, 0.00894759129733, 0.0040788045153, 0.00262910593301, 0.0023833962623]}, "spectral_contrast_valleys": {"dmean": [0.336762726307, 0.427817821503, 0.416941970587, 0.321837097406, 0.323451578617, 0.377283513546], "dmean2": [0.550652980804, 0.658049404621, 0.650386989117, 0.509166777134, 0.506387114525, 0.57050049305], "dvar": [0.0993787497282, 0.18240006268, 0.246810823679, 0.149733677506, 0.214826047421, 0.228991612792], "dvar2": [0.234901294112, 0.378694564104, 0.561261475086, 0.336302012205, 0.484793007374, 0.457538038492], "max": [-5.19736194611, -4.43341207504, -5.02718019485, -5.63905572891, -5.70024061203, -7.50524568558], "mean": [-7.18427038193, 