{"lowlevel": {"average_loudness": 0.937616229057, "barkbands_crest": {"dmean": 2.17808103561, "dmean2": 3.61929106712, "dvar": 4.82097768784, "dvar2": 13.5825538635, "max": 23.7999153137, "mean": 10.8340911865, "median": 10.3917884827, "min": 2.61692643166, "var": 12.4533643723}, "barkbands_flatness_db": {"dmean": 0.022217432037, "dmean2": 0.034174606204, "dvar": 0.000732260814402, "dvar2": 0.00161668192595, "max": 0.492187350988, "mean": 0.198205038905, "median": 0.191442027688, "min": 0.0356982462108, "var": 0.0074721542187}, "barkbands_kurtosis": {"dmean": 2.71004772186, "dmean2": 4.35257863998, "dvar": 23.373260498, "dvar2": 60.9009399414, "max": 110.888786316, "mean": 6.4721493721, "median": 3.75978732109, "min": -1.84608232975, "var": 81.3398590088}, "barkbands_skewness": {"dmean": 0.419622570276, "dmean2": 0.660358071327, "dvar": 0.225377485156, "dvar2": 0.549857735634, "max": 8.84289455414, "mean": 2.00305318832, "median": 1.91745877266, "min": -2.87543916702, "var": 1.41402757168}, "barkbands_spread": {"dmean": 3.72976827621, "dmean2": 5.91781377792, "dvar": 24.1378593445, "dvar2": 61.0752067566, "max": 92.6185913086, "mean": 17.9435939789, "median": 13.6840019226, "min": 0.414701730013, "var": 188.634933472}, "dissonance": {"dmean": 0.0161498002708, "dmean2": 0.0268501844257, "dvar": 0.000324272259604, "dvar2": 0.000848300231155, "max": 0.5, "mean": 0.453161478043, "median": 0.466332554817, "min": 0.118648134172, "var": 0.00169670628384}, "dynamic_complexity": 3.59369730949, "erbbands_crest": {"dmean": 1.3960236311, "dmean2": 2.19181585312, "dvar": 2.06736540794, "dvar2": 5.0322098732, "max": 25.7739467621, "mean": 7.31526374817, "median": 6.5654091835, "min": 2.06105732918, "var": 9.92797756195}, "erbbands_flatness_db": {"dmean": 0.0153698306531, "dmean2": 0.0219990033656, "dvar": 0.0005130682257, "dvar2": 0.00102085573599, "max": 0.515521287918, "mean": 0.180714651942, "median": 0.173043131828, "min": 0.0668243914843, "var": 0.00492384890094}, "erbbands_kurtosis": {"dmean": 0.547640740871, "dmean2": 0.860307514668, "dvar": 0.598204433918, "dvar2": 1.4487118721, "max": 17.3747653961, "mean": 0.231398060918, "median": -0.136591911316, "min": -1.73636710644, "var": 2.26064181328}, "erbbands_skewness": {"dmean": 0.224340230227, "dmean2": 0.349400192499, "dvar": 0.0616127513349, "dvar2": 0.156264647841, "max": 3.4159040451, "mean": 0.134088262916, "median": 0.178344324231, "min": -2.68620657921, "var": 0.603930294514}, "erbbands_spread": {"dmean": 6.97809839249, "dmean2": 11.0744953156, "dvar": 118.000068665, "dvar2": 281.413909912, "max": 157.0599823, "mean": 39.5434761047, "median": 34.5908737183, "min": 2.77022266388, "var": 474.377380371}, "hfc": {"dmean": 5.5616517067, "dmean2": 9.37616920471, "dvar": 156.422470093, "dvar2": 431.470031738, "max": 234.624633789, "mean": 17.5399856567, "median": 11.8952350616, "min": 1.15796113979e-16, "var": 310.786102295}, "melbands_crest": {"dmean": 2.42135286331, "dmean2": 3.98937439919, "dvar": 5.78575706482, "dvar2": 14.809012413, "max": 30.9628181458, "mean": 16.6617240906, "median": 16.3311252594, "min": 1.45253229141, "var": 27.0466499329}, "melbands_flatness_db": {"dmean": 0.0252151247114, "dmean2": 0.0382225811481, "dvar": 0.000942964456044, "dvar2": 0.0021086896304, "max": 0.637559711933, "mean": 0.269805550575, "median": 0.266396969557, "min": 0.00328951585107, "var": 0.0112678520381}, "melbands_kurtosis": {"dmean": 7.24895143509, "dmean2": 11.6317853928, "dvar": 172.802825928, "dvar2": 403.731536865, "max": 282.558532715, "mean": 19.6451435089, "median": 12.8314704895, "min": -1.39891076088, "var": 550.336730957}, "melbands_skewness": {"dmean": 0.629623115063, "dmean2": 1.00726282597, "dvar": 0.6361104846, "dvar2": 1.53711330891, "max": 14.4874095917, "mean": 3.35467362404, "median": 3.11619520187, "min": -0.908272862434, "var": 2.83957052231}, "melbands_spread": {"dmean": 3.98111796379, "dmean2": 6.31316566467, "dvar": 36.5932655334, "dvar2": 90.2530059814, "max": 157.440322876, "mean": 16.2849712372, "median": 11.35587883, "min": 0.434675991535, "var": 282.157867432}, "pitch_salience": {"dmean": 0.0637408867478, "dmean2": 0.105349361897, "dvar": 0.00405820738524, "dvar2": 0.010898786597, "max": 0.900440037251, "mean": 0.510765492916, "median": 0.516271710396, "min": 0.135573983192, "var": 0.0153213888407}, "silence_rate_20dB": {"dmean": 0, "dmean2": 0, "dvar": 0, "dvar2": 0, "max": 1, "mean": 1, "median": 1, "min": 1, "var": 0}, "silence_rate_30dB": {"dmean": 0.0189233273268, "dmean2": 0.0378507710993, "dvar": 0.0185637660325, "dvar2": 0.051429156214, "max": 1, "mean": 0.988582015038, "median": 1, "min": 0, "var": 0.0112871481106}, "silence_rate_60dB": {"dmean": 0.00282762362622, "dmean2": 0.005655862391, "dvar": 0.00281927734613, "dvar2": 0.00584006356075, "max": 1, "mean": 0.079273596406, "median": 0, "min": 0, "var": 0.0729912519455}, "spectral_centroid": {"dmean": 171.35836792, "dmean2": 278.912139893, "dvar": 69694.3984375, "dvar2": 164580.90625, "max": 11538.4492188, "mean": 1063.30004883, "median": 848.4140625, "min": 132.626556396, "var": 522683.84375}, "spectral_complexity": {"dmean": 3.06971168518, "dmean2": 4.98934078217, "dvar": 20.4570045471, "dvar2": 47.1530380249, "max": 58, "mean": 18.5218582153, "median": 17, "min": 0, "var": 142.561538696}, "spectral_decrease": {"dmean": 3.1062128425e-09, "dmean2": 5.25801757689e-09, "dvar": 3.21999541811e-17, "dvar2": 8.77231524708e-17, "max": 4.4851378902e-18, "mean": -9.28306320702e-09, "median": -8.61105853289e-09, "min": -6.20814830654e-08, "var": 4.27738767433e-17}, "spectral_energy": {"dmean": 0.0120923444629, "dmean2": 0.0205037686974, "dvar": 0.000494025938679, "dvar2": 0.00134667381644, "max": 0.242312952876, "mean": 0.0366272516549, "median": 0.0340270847082, "min": 1.03216574265e-20, "var": 0.000659050187096}, "spectral_energyband_high": {"dmean": 0.000401998666348, "dmean2": 0.000694439397193, "dvar": 1.41390137287e-06, "dvar2": 3.99977125198e-06, "max": 0.0291510019451, "mean": 0.000628668232821, "median": 8.92569150892e-05, "min": 7.36739964018e-21, "var": 1.72225668393e-06}, "spectral_energyband_low": {"dmean": 0.0088868085295, "dmean2": 0.0148690147325, "dvar": 0.000307847512886, "dvar2": 0.000841539993417, "max": 0.214615106583, "mean": 0.0214489325881, "median": 0.0190455242991, "min": 6.6842557393e-23, "var": 0.00037714780774}, "spectral_energyband_middle_high": {"dmean": 0.00100274360739, "dmean2": 0.00158514454961, "dvar": 3.97993926526e-06, "dvar2": 1.00997312984e-05, "max": 0.0314462929964, "mean": 0.0040375222452, "median": 0.00248082494363, "min": 1.41564732086e-21, "var": 1.98233883566e-05}, "spectral_energyband_middle_low": {"dmean": 0.00482689682394, "dmean2": 0.00812296383083, "dvar": 9.98985487968e-05, "dvar2": 0.00027156615397, "max": 0.12163605541, "mean": 0.0125969378278, "median": 0.0105465473607, "min": 3.26209584822e-22, "var": 0.000122170822578}, "spectral_entropy": {"dmean": 0.180998429656, "dmean2": 0.271389245987, "dvar": 0.0689565166831, "dvar2": 0.148185864091, "max": 9.80881214142, "mean": 7.15415143967, "median": 7.2153878212, "min": 4.70376014709, "var": 0.582762897015}, "spectral_flux": {"dmean": 0.0255621317774, "dmean2": 0.0400137156248, "dvar": 0.00148856535088, "dvar2": 0.00316129717976, "max": 0.38247653842, "mean": 0.0694325491786, "median": 0.0536124110222, "min": 1.01595558355e-10, "var": 0.0032082926482}, "spectral_kurtosis": {"dmean": 4.75240325928, "dmean2": 7.9160900116, "dvar": 75.6963500977, "dvar2": 195.596832275, "max": 187.673370361, "mean": 11.6064357758, "median": 5.37063598633, "min": -1.22022783756, "var": 330.797210693}, "spectral_rms": {"dmean": 0.000833518453874, "dmean2": 0.00138155953027, "dvar": 1.59298645031e-06, "dvar2": 4.24003064836e-06, "max": 0.0153753980994, "mean": 0.00553838303313, "median": 0.00576169695705, "min": 3.17331209053e-12, "var": 5.06030437464e-06}, "spectral_rolloff": {"dmean": 283.052459717, "dmean2": 471.09576416, "dvar": 351796.96875, "dvar2": 836621.9375, "max": 19013.8183594, "mean": 1130.02294922, "median": 602.9296875, "min": 86.1328125, "var": 3603141.25}, "spectral_skewness": {"dmean": 0.41212695837, "dmean2": 0.667649447918, "dvar": 0.331327319145, "dvar2": 0.83263283968, "max": 11.2539596558, "mean": 2.11823439598, "median": 1.61272346973, "min": -0.0691300481558, "var": 2.07595443726}, "spectral_spread": {"dmean": 525163.0625, "dmean2": 753041.625, "dvar": 798998921216, "dvar2": 1419793006590.0, "max": 41736472, "mean": 3861700.5, "median": 3273376.25, "min": 508253.34375, "var": 4429752827900.0}, "spectral_strongpeak": {"dmean": 0.16257570684, "dmean2": 0.278435409069, "dvar": 0.0991100072861, "dvar2": 0.247286573052, "max": 12.1229419708, "mean": 0.528054893017, "median": 0.47526422143, "min": 0, "var": 0.176732823253}, "zerocrossingrate": {"dmean": 0.0064530656673, "dmean2": 0.00781361572444, "dvar": 7.52613996156e-05, "dvar2": 9.27189539652e-05, "max": 0.51904296875, "mean": 0.0458751283586, "median": 0.03271484375, "min": 0.00390625, "var": 0.00283879600465}, "barkbands": {"dmean": [1.99097739824e-05, 0.00497605185956, 0.00442410586402, 0.00198460672982, 0.00235321652144, 0.000921743514482, 0.000519481021911, 0.000292428710964, 0.000239010259975, 0.000190469043446, 0.000190666818526, 0.000145068042912, 0.000129451218527, 0.000186468707398, 0.000204570911592, 0.000181181298103, 0.000242234804318, 0.000184915697901, 0.000158345050295, 0.000108909036499, 0.000136062197271, 0.000104731414467, 6.29571804893e-05, 4.91241953569e-05, 4.10545108025e-05, 9.36538071983e-06, 9.09719744868e-07], "dmean2": [3.28558453475e-05, 0.00816704053432, 0.00762689113617, 0.00337380496785, 0.00394661072642, 0.00162297522184, 0.000887891976163, 0.000440859497758, 0.00035043162643, 0.000289940682705, 0.00025820711744, 0.000227729178732, 0.00020466427668, 0.000289276096737, 0.000322301668348, 0.000290986412438, 0.000391608773498, 0.00030745609547, 0.000260549510131, 0.000186482880963, 0.00025002786424, 0.000188525664271, 0.000105234772491, 7.80895134085e-05, 6.32186056464e-05, 1.48733897731e-05, 1.56105090809e-06], "dvar": [3.94861787711e-09, 0.00012808907195, 6.87226347509e-05, 1.39056692205e-05, 2.00471840799e-05, 9.61737077887e-06, 4.41123211203e-06, 2.90179343665e-07, 1.9522843786e-07, 1.25319871813e-07, 1.0828812691e-07, 1.23421543208e-07, 6.79164386952e-08, 1.77570953497e-07, 1.92478225358e-07, 1.94081763993e-07, 3.63314768492e-07, 1.44450112316e-07, 1.09635301726e-07, 6.989215251e-08, 2.07427476084e-07, 1.44985250472e-07, 4.2397847011e-08, 1.69679985618e-08, 1.40602587351e-08, 7.57262641482e-10, 1.38130141006e-11], "dvar2": [9.46818445868e-09, 0.000337330129696, 0.000201767747058, 3.85113380617e-05, 5.36405204912e-05, 2.76909213426e-05, 1.22401534099e-05, 7.26339635548e-07, 3.85029949257e-07, 3.02751061554e-07, 2.11064175915e-07, 3.0583154853e-07, 1.65733965218e-07, 4.28514141504e-07, 4.32283940199e-07, 4.83812016228e-07, 8.00752900432e-07, 3.72099322021e-07, 2.87783336717e-07, 1.95399081804e-07, 6.03551029599e-07, 4.19940505481e-07, 1.14912523941e-07, 3.87803176238e-08, 3.23880477993e-08, 1.82143478078e-09, 3.6600809189e-11], "max": [0.000852291472256, 0.153842523694, 0.103766165674, 0.0942477583885, 0.0671163126826, 0.0429614968598, 0.0277546495199, 0.00789723172784, 0.0144304670393, 0.00651063257828, 0.00699476944283, 0.00818010326475, 0.00572735397145, 0.00899190455675, 0.0150488559157, 0.00940484832972, 0.0234624575824, 0.0083254603669, 0.00613885605708, 0.00863731186837, 0.0160106830299, 0.00831689592451, 0.00691421562806, 0.00379133969545, 0.00356100755744, 0.000621295766905, 0.0001211748895], "mean": [2.24759933189e-05, 0.0103778559715, 0.00911505799741, 0.00360004161485, 0.00444803293794, 0.00166649476159, 0.000841471541207, 0.000860144384205, 0.000830881355796, 0.0005340204807, 0.000542893714737, 0.000267929310212, 0.000259392953012, 0.000453813379863, 0.000464284443296, 0.00038749104715, 0.000506234238856, 0.00036998782889, 0.00033493785304, 0.000200751572265, 0.000161017887876, 0.00011711758998, 9.19960584724e-05, 8.77652782947e-05, 7.16004506103e-05, 1.27594639707e-05, 9.19354135931e-07], "median": [1.73742341758e-06, 0.00712195318192, 0.00708502810448, 0.00202757725492, 0.00299567286856, 0.00104911392555, 0.000434773159213, 0.000531290424988, 0.000373594637495, 0.000290901662083, 0.000232009246247, 0.000104635000753, 0.000118486728752, 0.000204188385396, 0.000196591747226, 0.000113144837087, 0.000114973314339, 8.76256744959e-05, 7.59632093832e-05, 4.71419407404e-05, 1.94868389372e-05, 9.64823993854e-06, 5.19922559761e-06, 6.65637935526e-06, 4.21761069447e-06, 2.48766724553e-07, 6.1409934915e-09], "min": [1.35662602904e-23, 1.75451279682e-23, 8.04055786205e-24, 4.26607710281e-23, 1.49203605446e-23, 3.22277763231e-23, 1.84578479242e-23, 6.30179577761e-23, 1.43979143754e-22, 2.30067370258e-23, 3.69629012849e-23, 1.81186582453e-22, 6.4689232179e-23, 8.83913090719e-23, 1.29835789113e-22, 2.0861579362e-22, 8.68606096823e-23, 2.69628063079e-22, 2.00091905415e-22, 4.02820852929e-22, 3.64092604001e-22, 5.76778036368e-22, 5.14673503789e-22, 7.1403907657e-22, 1.33000444105e-21, 1.45085591224e-21, 2.45863200431e-21], "var": [4.45879067001e-09, 0.000163856268045, 8.87348287506e-05, 2.28571152547e-05, 2.70054497378e-05, 7.36811307434e-06, 3.41095824297e-06, 9.76193973656e-07, 1.48714480019e-06, 4.55670686961e-07, 6.22952711637e-07, 1.97791081291e-07, 1.84761560718e-07, 4.61513877781e-07, 5.66838878058e-07, 5.23188305124e-07, 1.1420189594e-06, 4.08174571476e-07, 3.41221891631e-07, 1.20997142972e-07, 1.46652453736e-07, 1.09500824408e-07, 6.82620040493e-08, 5.6300535789e-08, 4.38382095069e-08, 1.4894551148e-09, 1.73079744981e-11]}, "erbbands": {"dmean": [0.0932617709041, 1.32936584949, 4.60324144363, 5.66163253784, 8.04002285004, 8.27871704102, 5.21299600601, 8.25036334991, 8.87248420715, 7.4260597229, 6.38963031769, 4.68926715851, 7.840508461, 4.49492931366, 7.08933544159, 6.17719602585, 6.02737855911, 9.27688789368, 9.10537433624, 10.4362401962, 11.0113325119, 10.742181778, 8.89124393463, 9.71192646027, 6.96939945221, 5.15825605392, 5.28028488159, 5.10947942734, 3.95978784561, 2.71086835861, 1.68524420261, 1.14815807343, 0.820575356483, 0.587861418724, 0.218897148967, 0.0644300356507, 0.0126907369122, 0.00196091737598, 0.000182052623131, 1.75663080881e-05], "dmean2": [0.149141311646, 2.20941019058, 7.93662309647, 9.71124172211, 13.5034189224, 13.914855957, 8.63504600525, 14.9076538086, 15.7065286636, 12.5186910629, 9.05927848816, 6.89829111099, 11.7278842926, 6.64644622803, 9.99202728271, 9.57644271851, 9.53614902496, 14.4366607666, 14.3513259888, 16.6118164062, 17.572845459, 17.4961872101, 14.4078903198, 16.197883606, 11.4843168259, 8.82858657837, 9.52724075317, 9.42520713806, 7.18514299393, 4.7456073761, 2.81321072578, 1.92208611965, 1.28313100338, 0.923646271229, 0.334840893745, 0.100296616554, 0.0203107800335, 0.00304909143597, 0.000311903306283, 2.97695187328e-05], "dvar": [0.057787347585, 8.58608341217, 78.1164932251, 110.87122345, 170.744522095, 411.138336182, 138.727813721, 977.961608887, 1315.97058105, 729.323669434, 102.173934937, 78.7639770508, 189.664428711, 63.3378944397, 231.833816528, 147.864700317, 147.378173828, 436.614532471, 405.06842041, 604.698425293, 685.419921875, 616.950317383, 314.518280029, 385.142425537, 268.855133057, 162.511306763, 227.407089233, 393.839538574, 217.761260986, 84.5136413574, 28.5627994537, 11.1118783951, 5.04633331299, 4.16317939758, 0.28218588233, 0.0309788323939, 0.00164963526186, 5.3328123613e-05, 4.99116879382e-07, 1.18825660422e-09], "dvar2": [0.137976303697, 23.3112335205, 229.360229492, 314.696868896, 476.223083496, 1084.19702148, 393.079284668, 2829.88232422, 3757.74853516, 1961.66931152, 213.230667114, 164.244445801, 433.304992676, 152.085510254, 515.851074219, 330.7081604, 357.96005249, 1054.18432617, 1028.3737793, 1279.19396973, 1562.72705078, 1463.54284668, 791.067932129, 1026.2208252, 697.997741699, 453.059356689, 653.179870605, 1152.59265137, 631.508728027, 238.607925415, 76.7405319214, 28.8305015564, 10.9517698288, 10.0343074799, 0.672595083714, 0.0730890631676, 0.00427713803947, 0.000124883081298, 1.29035993268e-06, 3.25008997493e-09], "max": [2.34242486954, 40.7884254456, 119.794654846, 190.021194458, 196.338287354, 290.777099609, 172.897323608, 416.028656006, 542.348754883, 394.158660889, 213.059005737, 254.270172119, 309.308166504, 144.746398926, 405.682617188, 194.932937622, 292.425872803, 461.747833252, 531.60345459, 1060.60180664, 897.815734863, 552.786743164, 372.985351562, 308.413757324, 411.298339844, 433.160919189, 274.000854492, 866.882751465, 370.991668701, 207.31048584, 178.442672729, 89.6118850708, 71.1891326904, 64.2007598877, 9.6009645462, 3.8700492382, 0.810468673706, 0.215051218867, 0.0188115872443, 0.000670805515256], "mean": [0.147083073854, 2.9078066349, 10.5298175812, 11.3997707367, 14.7609167099, 14.3386526108, 10.9567546844, 13.0020141602, 13.663482666, 12.8167915344, 21.9098358154, 16.3691978455, 27.0171337128, 13.7167320251, 19.1228637695, 13.587647438, 12.9116926193, 23.4144077301, 22.2659950256, 22.6325817108, 26.2837314606, 24.4495391846, 20.8526649475, 19.4609260559, 14.6284132004, 9.69501399994, 7.04913568497, 5.62359905243, 4.31968784332, 3.67030215263, 2.38635206223, 1.9617985487, 1.43197762966, 1.03487610817, 0.341078281403, 0.0931063741446, 0.0156320556998, 0.00229214201681, 0.000203014453291, 4.76395471196e-05], "median": [0.0477157533169, 2.15776872635, 8.44408226013, 8.07335186005, 10.2007427216, 7.79204559326, 7.15145492554, 7.65538024902, 6.85446739197, 5.24389457703, 14.0254764557, 9.76014709473, 15.2656917572, 8.47488117218, 9.30446815491, 6.36657142639, 6.49541473389, 11.3164520264, 9.81389808655, 8.84667301178, 7.86551475525, 6.10304498672, 5.41282272339, 5.20360660553, 2.38870334625, 2.39817762375, 1.16560673714, 0.643381655216, 0.397237151861, 0.20173035562, 0.139023378491, 0.140115410089, 0.103746160865, 0.0636751949787, 0.0206061694771, 0.00274183298461, 0.000280675536487, 2.93774373858e-05, 2.08548808587e-05, 4.04801539844e-05], "min": [3.08254378556e-22, 4.8713829496e-21, 1.1782787968e-20, 9.32174259963e-20, 5.96998284688e-20, 6.45186919119e-20, 6.78046733576e-20, 3.75759304359e-19, 2.25305387296e-19, 1.0929180712e-18, 1.10804162114e-18, 3.0911658841e-18, 2.02335367507e-18, 8.61253784647e-19, 3.74205755771e-18, 6.3380447962e-18, 3.6124565537e-18, 4.23543687869e-18, 5.35785769061e-18, 8.85540520874e-18, 1.09958897265e-17, 6.08484108838e-18, 1.04813809039e-17, 1.38007127727e-17, 1.13806064663e-17, 1.94985148117e-17, 1.62557318912e-17, 1.44163138194e-17, 1.7100422263e-17, 2.12840271773e-17, 1.42562692602e-17, 1.43865617872e-17, 1.27658328986e-17, 1.40338668632e-17, 9.21431556781e-18, 5.96678463059e-18, 2.50698074342e-18, 1.50356020238e-18, 3.74422347845e-19, 2.82599470813e-20], "var": [0.0728271901608, 10.7303228378, 98.5960388184, 156.052032471, 250.631393433, 466.992431641, 191.616348267, 659.924743652, 902.590393066, 776.481811523, 618.071594238, 421.00088501, 1101.31286621, 240.177230835, 727.177612305, 383.617645264, 419.378326416, 1170.65515137, 1072.55334473, 1773.91687012, 2439.43505859, 2112.14599609, 1215.98083496, 1012.04803467, 794.441772461, 284.85458374, 203.156341553, 247.630523682, 152.261123657, 105.032814026, 43.3728752136, 27.9080066681, 16.6905269623, 11.3548383713, 0.677906572819, 0.0673905387521, 0.00234423321672, 9.16238568607e-05, 6.97209088685e-07, 1.64088109766e-09]}, "gfcc": {"mean": [-51.5410346985, 134.017532349, -115.549110413, 34.7726783752, -44.249671936, 12.3295345306, -34.1137466431, 6.12689065933, -20.0094203949, -7.62687921524, -15.2547454834, -14.7247848511, -6.13889217377], "cov": [[21664.2675781, 552.228271484, -484.846008301, 2277.42358398, -69.7362747192, 591.506347656, -224.980621338, 440.856933594, -288.137634277, 221.122619629, 70.4264373779, 68.9234848022, 227.182678223], [552.228271484, 3518.2121582, -384.174041748, -479.234741211, 923.559326172, -572.003601074, 460.873352051, -375.572692871, 404.744445801, -299.8409729, 305.917541504, -374.087249756, 269.610046387], [-484.846008301, -384.174041748, 1339.02941895, -5.89167737961, -275.801483154, 361.105102539, -258.460968018, -2.29574871063, -33.0077438354, 125.317947388, -42.7880897522, 120.089057922, -54.8759040833], [2277.42358398, -479.234741211, -5.89167737961, 951.599243164, 92.2707595825, 99.2431030273, 95.9470977783, 89.0914382935, -19.8724765778, 111.077293396, 6.32103443146, 68.6797103882, 19.1370277405], [-69.7362747192, 923.559326172, -275.801483154, 92.2707595825, 635.546203613, -200.315368652, 310.741912842, -90.3019104004, 171.848526001, -53.5550041199, 103.254318237, -86.2915344238, 68.4957427979], [591.506347656, -572.003601074, 361.105102539, 99.2431030273, -200.315368652, 368.265075684, -110.020927429, 102.850753784, -57.7925643921, 56.8263587952, -46.5370635986, 68.8516616821, -32.2121162415], [-224.980621338, 460.873352051, -258.460968018, 95.9470977783, 310.741912842, -110.020927429, 315.93963623, -38.0205574036, 127.751091003, -50.3777542114, 51.6274452209, -55.8306884766, 17.5868377686], [440.856933594, -375.572692871, -2.29574871063, 89.0914382935, -90.3019104004, 102.850753784, -38.0205574036, 161.091659546, -31.6295986176, 42.2345352173, -27.0761699677, 25.9953117371, -4.18211936951], [-288.137634277, 404.744445801, -33.0077438354, -19.8724765778, 171.848526001, -57.7925643921, 127.751091003, -31.6295986176, 151.197235107, -13.7524375916, 45.5068740845, -48.6233482361, 17.5680465698], [221.122619629, -299.8409729, 125.317947388, 111.077293396, -53.5550041199, 56.8263587952, -50.3777542114, 42.2345352173, -13.7524375916, 110.637451172, -1.62616991997, 46.2300224304, -27.0165634155], [70.4264373779, 305.917541504, -42.7880897522, 6.32103443146, 103.254318237, -46.5370635986, 51.6274452209, -27.0761699677, 45.5068740845, -1.62616991997, 98.0464477539, -16.8453655243, 43.8992576599], [68.9234848022, -374.087249756, 120.089057922, 68.6797103882, -86.2915344238, 68.8516616821, -55.8306884766, 25.9953117371, -48.6233482361, 46.2300224304, -16.8453655243, 101.720596313, -18.304643631], [227.182678223, 269.610046387, -54.8759040833, 19.1370277405, 68.4957427979, -32.2121162415, 17.5868377686, -4.18211936951, 17.5680465698, -27.0165634155, 43.8992576599, -18.304643631, 105.521697998]], "icov": [[0.000142905075336, -0.00045873230556, 0.000271417346084, -0.000459593487903, 0.000191674465896, -0.000476366345538, 0.000354892545147, -0.000388574233511, 0.00036745404941, -0.000354644027539, 0.000319704035064, -0.000559866020922, 0.000362418533769], [-0.00045873230556, 0.00307756033726, -0.00134922389407, 0.00183089927305, -0.00155539053958, 0.00226050917991, -0.00112920626998, 0.00239145080559, -0.00212773331441, 0.00263390503824, -0.00288493046537, 0.00469427276403, -0.0028835455887], [0.000271417346084, -0.00134922389407, 0.00208532903343, -0.000916450982913, 0.000603574502748, -0.00248572346754, 0.00169638509396, 0.000145744954352, -0.000153465691255, -0.0019616431091, 0.00137161661405, -0.00264284294099, 0.00118030922022], [-0.000459593487903, 0.00183089927305, -0.000916450982913, 0.00308145675808, -0.00106377340853, 0.0013014068827, -0.00222150841728, 0.00129323848523, -0.000498815556057, -0.000389206426917, -0.00104765559081, 0.00203857268207, -0.00244177761488], [0.000191674465896, -0.00155539053958, 0.000603574502748, -0.00106377340853, 0.00472585251555, -0.000326315726852, -0.00227176654153, -0.000368963577785, -0.000100211793324, -0.00182696047705, 0.000600164348725, -0.00184112950228, 0.000244834140176], [-0.000476366345538, 0.00226050917991, -0.00248572346754, 0.0013014068827, -0.000326315726852, 0.00729498174042, -0.00152994436212, -0.00112947216257, -0.00135976204183, 0.00284698605537, -0.00181494164281, 0.00241168984212, -0.00150111271068], [0.000354892545147, -0.00112920626998, 0.00169638509396, -0.00222150841728, -0.00227176654153, -0.00152994436212, 0.0100781442598, -0.00126828730572, -0.00395423127338, 0.00268823420629, 1.38385576065e-05, -0.0023920442909, 0.00360970664769], [-0.000388574233511, 0.00239145080559, 0.000145744954352, 0.00129323848523, -0.000368963577785, -0.00112947216257, -0.00126828730572, 0.0117057533935, -0.00182026578113, -0.0017751599662, -2.32893398788e-05, 0.00393182365224, -0.00432205060497], [0.00036745404941, -0.00212773331441, -0.000153465691255, -0.000498815556057, -0.000100211793324, -0.00135976204183, -0.00395423127338, -0.00182026578113, 0.0153477592394, -0.00450280448422, -0.000292228243779, 0.00118059839588, 0.00151111173909], [-0.000354644027539, 0.00263390503824, -0.0019616431091, -0.000389206426917, -0.00182696047705, 0.00284698605537, 0.00268823420629, -0.0017751599662, -0.00450280448422, 0.019320063293, -0.00639629969373, -0.000514762999956, 0.00288874679245], [0.000319704035064, -0.00288493046537, 0.00137161661405, -0.00104765559081, 0.000600164348725, -0.00181494164281, 1.38385576065e-05, -2.32893398788e-05, -0.000292228243779, -0.00639629969373, 0.0189895927906, -0.00473561091349, -0.00367132714018], [-0.000559866020922, 0.00469427276403, -0.00264284294099, 0.00203857268207, -0.00184112950228, 0.00241168984212, -0.0023920442909, 0.00393182365224, 0.00118059839588, -0.000514762999956, -0.00473561091349, 0.0229226332158, -0.00442877877504], [0.000362418533769, -0.0028835455887, 0.00118030922022, -0.00244177761488, 0.000244834140176, -0.00150111271068, 0.00360970664769, -0.00432205060497, 0.00151111173909, 0.00288874679245, -0.00367132714018, -0.00442877877504, 0.0169776622206]]}, "melbands": {"dmean": [0.00114329683129, 0.00214372295886, 0.00100434676278, 0.000598126556724, 0.000208356519579, 0.000188578735106, 0.000129160092911, 7.21686446923e-05, 4.92023500556e-05, 3.14937497023e-05, 3.91234934796e-05, 1.80139959411e-05, 2.87037037197e-05, 1.64542270795e-05, 1.33761504912e-05, 1.23365944091e-05, 1.97182416741e-05, 1.48976068886e-05, 1.33103321787e-05, 1.45199683175e-05, 1.4410280528e-05, 1.31165088533e-05, 1.02228741525e-05, 9.93042522168e-06, 8.47519640956e-06, 5.75618423682e-06, 4.50247762274e-06, 3.44109662365e-06, 3.40371047969e-06, 3.33574143951e-06, 2.94336996376e-06, 2.28478256759e-06, 2.06731306207e-06, 1.3738826965e-06, 1.06451682313e-06, 7.39893664559e-07, 7.58932173994e-07, 6.21171523107e-07, 5.75052183649e-07, 4.81983249756e-07], "dmean2": [0.00184594397433, 0.0036639412865, 0.00171497790143, 0.00100258714519, 0.0003475069243, 0.000337990815751, 0.000226849704632, 0.000121034419863, 6.92825487931e-05, 4.65098710265e-05, 5.8501103922e-05, 2.71317203442e-05, 3.92430374632e-05, 2.57189367403e-05, 2.07663670153e-05, 1.96452456294e-05, 3.05878966174e-05, 2.33945902437e-05, 2.12355571421e-05, 2.30862460739e-05, 2.29333763855e-05, 2.12838622247e-05, 1.62907781487e-05, 1.65264427778e-05, 1.41913078551e-05, 9.48837168835e-06, 7.61204364608e-06, 5.88527836953e-06, 6.12007897871e-06, 6.10383585808e-06, 5.40875453225e-06, 4.15753629568e-06, 3.70930001736e-06, 2.37577887674e-06, 1.80104802894e-06, 1.24366499676e-06, 1.27390114812e-06, 1.0057125337e-06, 9.11909069146e-07, 7.66240873418e-07], "dvar": [7.43797409086e-06, 1.74783108378e-05, 3.28902137881e-06, 1.28655688059e-06, 2.3899599455e-07, 4.92331878377e-07, 2.72282733249e-07, 6.14556441292e-08, 5.73067993059e-09, 3.44647510531e-09, 4.75774797337e-09, 1.13917442146e-09, 2.7068156605e-09, 1.81302783897e-09, 6.23449236681e-10, 6.49493181459e-10, 2.05604422376e-09, 1.17100651398e-09, 8.42984460014e-10, 1.22210475073e-09, 1.29893695799e-09, 1.11410747294e-09, 4.90235518846e-10, 4.68843963652e-10, 2.93927410189e-10, 1.85491177973e-10, 1.13548372094e-10, 7.42205324977e-11, 9.07513716952e-11, 1.10334914816e-10, 1.4489284772e-10, 7.61453261555e-11, 4.71456033935e-11, 2.19031841275e-11, 1.03964874903e-11, 7.65646487183e-12, 4.55769363222e-12, 3.25283528411e-12, 2.99662725189e-12, 3.0624840771e-12], "dvar2": [1.87485202332e-05, 5.0365611969e-05, 9.30342866923e-06, 3.43451415574e-06, 6.74872637774e-07, 1.42240207879e-06, 7.70979397657e-07, 1.65924461726e-07, 1.18094902746e-08, 7.01363545019e-09, 1.08689048872e-08, 2.78467404691e-09, 5.49333467603e-09, 4.46730519243e-09, 1.47315937227e-09, 1.59586011073e-09, 4.96259389138e-09, 3.02869707092e-09, 1.92838744972e-09, 2.9637829968e-09, 2.74241207521e-09, 2.54685073031e-09, 1.13349130082e-09, 1.19453746894e-09, 7.78309972027e-10, 4.74188299737e-10, 3.08438441454e-10, 2.07177955347e-10, 2.58793153574e-10, 3.20143217492e-10, 4.2490433394e-10, 2.21066387418e-10, 1.35107633414e-10, 6.08012667991e-11, 2.77188862141e-11, 2.09642372906e-11, 1.18924904646e-11, 7.4267423808e-12, 6.7386972738e-12, 7.74060242986e-12], "max": [0.0334977917373, 0.0571339055896, 0.0334028638899, 0.0173811819404, 0.00645858095959, 0.00937717687339, 0.00763230677694, 0.00357177760452, 0.00160229962785, 0.00164597854018, 0.00156975444406, 0.000617286597844, 0.0010270816274, 0.00110290560406, 0.000569316092879, 0.000447175523732, 0.00105416041333, 0.00103821384255, 0.000965898740105, 0.000950320041738, 0.00158798811026, 0.000917462806683, 0.000717709830496, 0.00064535724232, 0.000263488385826, 0.000301671359921, 0.000269204581855, 0.000307981710648, 0.000171367544681, 0.00030458564288, 0.000559029460419, 0.000237455416936, 0.000122608384117, 0.000112925401481, 9.94642396108e-05, 9.55122231971e-05, 4.72728315799e-05, 6.37313205516e-05, 4.12039735238e-05, 5.37224987056e-05], "mean": [0.00215097912587, 0.00510936649516, 0.00214322959073, 0.0010808770312, 0.000429594045272, 0.000311279785819, 0.000201685572392, 0.0001340500894, 0.000170030907611, 0.000110546767246, 0.000133252833621, 4.94515079481e-05, 8.02514405223e-05, 3.0570452509e-05, 3.04973582388e-05, 2.42952228291e-05, 4.79553964396e-05, 3.50262998836e-05, 2.8629148801e-05, 2.97074475384e-05, 3.2008283597e-05, 2.64757363766e-05, 2.20991660171e-05, 1.82591102202e-05, 1.55277994054e-05, 1.161684213e-05, 8.49496063893e-06, 5.85542602494e-06, 4.44798888566e-06, 3.85073872167e-06, 3.04760715153e-06, 2.367429488e-06, 2.36951427723e-06, 1.92023935597e-06, 1.42730061725e-06, 1.07166601993e-06, 1.26921770516e-06, 9.89232034954e-07, 9.9933834008e-07, 8.1709697497e-07], "median": [0.00120890152175, 0.00462950859219, 0.00165310525335, 0.000709590385668, 0.000286472059088, 0.000186413177289, 0.000105511760921, 6.40525686322e-05, 0.000110816486995, 5.62701388844e-05, 7.42843840271e-05, 2.71932949545e-05, 3.37270030286e-05, 1.2499944205e-05, 1.4788533008e-05, 1.19346941574e-05, 2.1636558813e-05, 1.51992917381e-05, 1.14963786473e-05, 1.01246605482e-05, 8.76781814441e-06, 5.97044891038e-06, 5.4511729104e-06, 4.19318530476e-06, 4.09228050557e-06, 1.73550517957e-06, 1.41749205795e-06, 1.51241613366e-06, 8.54096015246e-07, 3.34715565486e-07, 3.80954332968e-07, 2.42104022163e-07, 1.09248006197e-07, 1.08566808876e-07, 8.05085420552e-08, 6.64816894869e-08, 8.76045262999e-08, 7.22314865698e-08, 5.91882134415e-08, 5.30121369025e-08], "min": [5.92894997931e-24, 6.17159097199e-24, 1.43352624112e-23, 4.3788958874e-24, 2.49444247447e-24, 7.60201036332e-24, 3.36107441533e-24, 1.34715480724e-23, 8.05643368777e-24, 2.230888227e-23, 9.85484170303e-24, 2.84956083273e-24, 8.62335331047e-24, 2.2408534335e-23, 9.10868736063e-24, 6.73160490632e-24, 7.94621640867e-24, 8.10199671593e-24, 1.03335256558e-23, 1.21796786884e-23, 1.30389793505e-23, 4.99489251917e-24, 8.63074572601e-24, 1.12489600821e-23, 1.1305980526e-23, 6.85091775166e-24, 9.79890199852e-24, 1.46105007142e-23, 1.05488941492e-23, 8.60550454363e-24, 8.01084699378e-24, 7.6212001937e-24, 1.41691298823e-23, 1.0712475502e-23, 8.3452048996e-24, 7.55595824139e-24, 9.59787105202e-24, 8.68718951264e-24, 9.83982415798e-24, 1.23715241386e-23], "var": [9.53934977588e-06, 2.06371423701e-05, 4.52593531008e-06, 1.70452688053e-06, 2.83869098894e-07, 3.42585593671e-07, 1.90369718212e-07, 6.70849615858e-08, 3.59208947032e-08, 2.23746212669e-08, 2.74940497036e-08, 3.67795860434e-09, 1.37156339619e-08, 2.69907474149e-09, 1.9785753036e-09, 1.4000910431e-09, 5.4986206699e-09, 2.74579181614e-09, 2.26057328412e-09, 2.92358848242e-09, 4.42221237407e-09, 3.13508063954e-09, 1.8264716406e-09, 1.08258435549e-09, 6.80051182034e-10, 5.68222302544e-10, 2.44750331113e-10, 1.13083563347e-10, 8.38893884914e-11, 8.14332282162e-11, 8.8084227412e-11, 5.13700020022e-11, 4.32598644406e-11, 3.30230079393e-11, 1.6384222104e-11, 9.78996137629e-12, 1.30977980198e-11, 8.59766858402e-12, 9.84762618672e-12, 6.9730744616e-12]}, "mfcc": {"mean": [-685.907592773, 154.471343994, -0.206180348992, 26.7047157288, 14.9948129654, 5.02112865448, 3.90569186211, 3.14615488052, 5.03823947906, 4.13764572144, -1.20114958286, -3.78578615189, -6.70751571655], "cov": [[15403.25, -745.450805664, -499.484436035, 1481.06201172, 348.815246582, 265.694824219, 446.597900391, 243.043685913, 209.04208374, 56.247631073, 93.8246154785, 92.4638061523, 168.967910767], [-745.450805664, 3289.67163086, -466.858398438, -18.6784114838, 277.615692139, -20.068107605, 28.9935455322, -80.3500442505, 47.6287879944, 111.820091248, -14.1529550552, -20.9808597565, -7.75724649429], [-499.484436035, -466.858398438, 1354.3729248, -281.878356934, 44.6769523621, 164.333023071, -133.248580933, -16.272108078, -108.785346985, -10.2116146088, 5.94565629959, -16.6082000732, 16.4441318512], [1481.06201172, -18.6784114838, -281.878356934, 751.170227051, 130.738189697, 118.186103821, 126.395515442, 38.1499328613, 61.6296768188, 49.9165534973, 51.7500419617, 49.7504768372, 54.9681091309], [348.815246582, 277.615692139, 44.6769523621, 130.738189697, 225.482894897, 80.2401199341, 45.9300575256, 7.56759786606, 20.0491752625, 37.682559967, 19.5418281555, 8.47107505798, 18.4974365234], [265.694824219, -20.068107605, 164.333023071, 118.186103821, 80.2401199341, 210.960571289, 44.0246315002, 53.2316627502, 8.03384876251, 36.9373054504, 37.4355888367, 8.45089530945, 30.9946174622], [446.597900391, 28.9935455322, -133.248580933, 126.395515442, 45.9300575256, 44.0246315002, 125.808265686, 53.0537490845, 39.1314811707, 22.4511623383, 16.3777809143, 7.05640602112, 13.1268625259], [243.043685913, -80.3500442505, -16.272108078, 38.1499328613, 7.56759786606, 53.2316627502, 53.0537490845, 116.312232971, 52.0424728394, 28.1449928284, 20.6266078949, -2.23683261871, 10.4921865463], [209.04208374, 47.6287879944, -108.785346985, 61.6296768188, 20.0491752625, 8.03384876251, 39.1314811707, 52.0424728394, 95.3242645264, 48.0623817444, 14.1842479706, 1.35376369953, 2.87768244743], [56.247631073, 111.820091248, -10.2116146088, 49.9165534973, 37.682559967, 36.9373054504, 22.4511623383, 28.1449928284, 48.0623817444, 96.1244735718, 41.6225624084, -1.73896360397, 11.8755788803], [93.8246154785, -14.1529550552, 5.94565629959, 51.7500419617, 19.5418281555, 37.4355888367, 16.3777809143, 20.6266078949, 14.1842479706, 41.6225624084, 74.2063980103, 25.9083995819, 8.96937942505], [92.4638061523, -20.9808597565, -16.6082000732, 49.7504768372, 8.47107505798, 8.45089530945, 7.05640602112, -2.23683261871, 1.35376369953, -1.73896360397, 25.9083995819, 63.0427055359, 26.6774806976], [168.967910767, -7.75724649429, 16.4441318512, 54.9681091309, 18.4974365234, 30.9946174622, 13.1268625259, 10.4921865463, 2.87768244743, 11.8755788803, 8.96937942505, 26.6774806976, 65.9981384277]], "icov": [[8.60470536281e-05, 1.98771394935e-05, -1.16483606689e-05, -0.000139747251524, -6.59195284243e-05, 4.89854319312e-05, -0.000137268158142, -5.42417510587e-05, -7.98982218839e-05, 0.000121084980492, -3.16290643241e-05, 6.73180693411e-05, -0.000108487198304], [1.98771394935e-05, 0.000420543889049, 0.000223680457566, 0.000155507659656, -0.000623590371106, -6.42718805466e-05, 6.50717774988e-05, 0.000308959250106, 8.89779039426e-05, -0.000592546304688, 0.000347323046299, -2.75735965261e-05, 2.28738517762e-05], [-1.16483606689e-05, 0.000223680457566, 0.00131463527214, 0.000562649627682, -0.00068284367444, -0.00122650759295, 0.00132248341106, -0.000205574018764, 0.00111198949162, -0.000541088695172, 0.000221163631068, 5.18062879564e-05, -0.000205151140108], [-0.000139747251524, 0.000155507659656, 0.000562649627682, 0.00237180758268, -0.000755468790885, -0.00115188956261, -0.000732182816137, 0.000951083318796, -0.000432515604189, -0.000247137679253, -0.000267088325927, -0.000729984836653, -0.00059772451641], [-6.59195284243e-05, -0.000623590371106, -0.00068284367444, -0.000755468790885, 0.00692095514387, -0.00150707666762, -0.00180740677752, 0.00146424595732, -0.000905076507479, -0.00064523977926, 8.07225442259e-05, -0.000207389894058, 1.79687885975e-05], [4.89854319312e-05, -6.42718805466e-05, -0.00122650759295, -0.00115188956261, -0.00150707666762, 0.00861708726734, -0.00147788622417, -0.00327402260154, 0.00198957161047, -0.000794077641331, -0.00198932480998, 0.00110275554471, -0.00179724837653], [-0.000137268158142, 6.50717774988e-05, 0.00132248341106, -0.000732182816137, -0.00180740677752, -0.00147788622417, 0.0137941520661, -0.00455440534279, -0.000500150665175, 0.000142865988892, 9.31199101615e-05, -6.75742776366e-05, -0.000168806538568], [-5.42417510587e-05, 0.000308959250106, -0.000205574018764, 0.000951083318796, 0.00146424595732, -0.00327402260154, -0.00455440534279, 0.0160942990333, -0.00836409255862, 0.00197855592705, -0.00304649071768, 0.00297935912386, -0.00187290110625], [-7.98982218839e-05, 8.89779039426e-05, 0.00111198949162, -0.000432515604189, -0.000905076507479, 0.00198957161047, -0.000500150665175, -0.00836409255862, 0.0217279437929, -0.0109670674428, 0.00491078011692, -0.00360302557237, 0.00286167301238], [0.000121084980492, -0.000592546304688, -0.000541088695172, -0.000247137679253, -0.00064523977926, -0.000794077641331, 0.000142865988892, 0.00197855592705, -0.0109670674428, 0.0230032093823, -0.0131715768948, 0.00835651438683, -0.00507692340761], [-3.16290643241e-05, 0.000347323046299, 0.000221163631068, -0.000267088325927, 8.07225442259e-05, -0.00198932480998, 9.31199101615e-05, -0.00304649071768, 0.00491078011692, -0.0131715768948, 0.0258275885135, -0.0128438705578, 0.00550414575264], [6.73180693411e-05, -2.75735965261e-05, 5.18062879564e-05, -0.000729984836653, -0.000207389894058, 0.00110275554471, -6.75742776366e-05, 0.00297935912386, -0.00360302557237, 0.00835651438683, -0.0128438705578, 0.0264993198216, -0.0108129475266], [-0.000108487198304, 2.28738517762e-05, -0.000205151140108, -0.00059772451641, 1.79687885975e-05, -0.00179724837653, -0.000168806538568, -0.00187290110625, 0.00286167301238, -0.00507692340761, 0.00550414575264, -0.0108129475266, 0.0215631369501]]}, "spectral_contrast_coeffs": {"dmean": [0.0437481217086, 0.0348590686917, 0.0313570871949, 0.0272689349949, 0.0218828152865, 0.0185496490449], "dmean2": [0.0733861252666, 0.0580969266593, 0.0508367605507, 0.0440860465169, 0.0350353047252, 0.0300616864115], "dvar": [0.0013886988163, 0.000906396773644, 0.000756607681978, 0.000620679114945, 0.00049722858239, 0.000455452449387], "dvar2": [0.00384055869654, 0.00246287859045, 0.00190062436741, 0.00150132912677, 0.0010885548545, 0.0010880503105], "max": [-0.302352547646, -0.375305920839, -0.52097851038, -0.538275539875, -0.523972034454, -0.537532031536], "mean": [-0.609254002571, -0.720251262188, -0.73470556736, -0.761649489403, -0.77636474371, -0.776396870613], "median": [-0.61165869236, -0.72116625309, -0.730667829514, -0.759922981262, -0.778564095497, -0.783818185329], "min": [-0.943394362926, -0.966428160667, -0.970580637455, -0.963675260544, -0.956270217896, -0.960033893585], "var": [0.00608329987153, 0.00575893279165, 0.00488287210464, 0.00363347260281, 0.00366443651728, 0.00395703269169]}, "spectral_contrast_valleys": {"dmean": [0.364115923643, 0.309978663921, 0.302246123552, 0.303007692099, 0.335150420666, 0.392915904522], "dmean2": [0.601230859756, 0.509333014488, 0.492799371481, 0.4799464643, 0.513150811195, 0.570186316967], "dvar": [0.126087382436, 0.119169607759, 0.103905759752, 0.125476002693, 0.25903365016, 0.401471585035], "dvar2": [0.293988466263, 0.265293926001, 0.221396863461, 0.259439259768, 0.551584243774, 0.882416665554], "max": [-4.9076504707