{"lowlevel": {"average_loudness": 0.905300021172, "barkbands_crest": {"dmean": 1.52525746822, "dmean2": 2.28896069527, "dvar": 1.91606247425, "dvar2": 4.35037708282, "max": 20.9616107941, "mean": 8.09932804108, "median": 7.51335477829, "min": 3.18422651291, "var": 7.25195169449}, "barkbands_flatness_db": {"dmean": 0.0102427881211, "dmean2": 0.0153823411092, "dvar": 8.70796720847e-05, "dvar2": 0.000187789933989, "max": 0.377213478088, "mean": 0.222252890468, "median": 0.220031812787, "min": 0.0364692732692, "var": 0.00129219109658}, "barkbands_kurtosis": {"dmean": 0.756550490856, "dmean2": 1.14944458008, "dvar": 2.82656669617, "dvar2": 6.55418682098, "max": 75.8469619751, "mean": 0.471670776606, "median": -0.121160507202, "min": -1.67635047436, "var": 5.27539873123}, "barkbands_skewness": {"dmean": 0.276631623507, "dmean2": 0.403659284115, "dvar": 0.0817093029618, "dvar2": 0.167034417391, "max": 8.16795730591, "mean": 0.427060753107, "median": 0.363627582788, "min": -2.14939427376, "var": 0.602369129658}, "barkbands_spread": {"dmean": 1.77662789822, "dmean2": 2.59046649933, "dvar": 7.13475322723, "dvar2": 17.6210632324, "max": 126.655967712, "mean": 13.0755929947, "median": 11.7906713486, "min": 2.69693732262, "var": 47.3402099609}, "dissonance": {"dmean": 0.0252498909831, "dmean2": 0.0423189997673, "dvar": 0.000575111655053, "dvar2": 0.00152133649681, "max": 0.499722927809, "mean": 0.436075806618, "median": 0.440846085548, "min": 0.170644640923, "var": 0.00126102974173}, "dynamic_complexity": 3.56147933006, "erbbands_crest": {"dmean": 2.64200854301, "dmean2": 4.10248279572, "dvar": 5.49496126175, "dvar2": 12.7861785889, "max": 28.221036911, "mean": 11.5217342377, "median": 10.7471733093, "min": 2.61021852493, "var": 17.1254711151}, "erbbands_flatness_db": {"dmean": 0.0116470772773, "dmean2": 0.0172893572599, "dvar": 0.000109487547888, "dvar2": 0.000249011267442, "max": 0.432111531496, "mean": 0.27829092741, "median": 0.279246449471, "min": 0.0612258203328, "var": 0.00149948871695}, "erbbands_kurtosis": {"dmean": 0.709047198296, "dmean2": 1.07050561905, "dvar": 0.552948832512, "dvar2": 1.19416809082, "max": 13.1583328247, "mean": 0.824632763863, "median": 0.472285270691, "min": -1.43001508713, "var": 2.41666197777}, "erbbands_skewness": {"dmean": 0.272631943226, "dmean2": 0.405307024717, "dvar": 0.0573598742485, "dvar2": 0.129057258368, "max": 3.10162520409, "mean": -0.0448786653578, "median": -0.0806968361139, "min": -3.01114320755, "var": 0.409945249557}, "erbbands_spread": {"dmean": 2.59615731239, "dmean2": 3.87059760094, "dvar": 8.58399200439, "dvar2": 20.2341442108, "max": 132.166976929, "mean": 15.7318077087, "median": 14.8277950287, "min": 3.38038706779, "var": 43.0523262024}, "hfc": {"dmean": 3.94141578674, "dmean2": 5.54554605484, "dvar": 19.6851177216, "dvar2": 36.074005127, "max": 111.399833679, "mean": 23.7449436188, "median": 18.5409545898, "min": 1.28701825601e-16, "var": 300.290863037}, "melbands_crest": {"dmean": 1.77683758736, "dmean2": 2.59644889832, "dvar": 2.7014477253, "dvar2": 5.65650939941, "max": 37.48985672, "mean": 10.4905519485, "median": 9.70152664185, "min": 2.27006030083, "var": 14.8710298538}, "melbands_flatness_db": {"dmean": 0.00992744974792, "dmean2": 0.0141276512295, "dvar": 0.000118126030429, "dvar2": 0.000215610460145, "max": 0.485081404448, "mean": 0.253587603569, "median": 0.247835487127, "min": 0.00476372195408, "var": 0.00246141222306}, "melbands_kurtosis": {"dmean": 1.19614636898, "dmean2": 1.77646398544, "dvar": 44.780921936, "dvar2": 93.1130371094, "max": 355.30947876, "mean": 1.34692716599, "median": 0.229608058929, "min": -1.76858174801, "var": 36.8921394348}, "melbands_skewness": {"dmean": 0.296476334333, "dmean2": 0.429349958897, "dvar": 0.117712825537, "dvar2": 0.217531219125, "max": 14.3968009949, "mean": 0.869627118111, "median": 0.799290955067, "min": -1.1248806715, "var": 0.583313465118}, "melbands_spread": {"dmean": 2.83555626869, "dmean2": 4.11570882797, "dvar": 17.9841709137, "dvar2": 30.7773170471, "max": 176.16557312, "mean": 21.7336463928, "median": 19.260969162, "min": 1.42852091789, "var": 183.678787231}, "pitch_salience": {"dmean": 0.0484737642109, "dmean2": 0.0728327706456, "dvar": 0.00162563752383, "dvar2": 0.00363658275455, "max": 0.846602141857, "mean": 0.571229577065, "median": 0.568881690502, "min": 0.160764381289, "var": 0.00856949668378}, "silence_rate_20dB": {"dmean": 0, "dmean2": 0, "dvar": 0, "dvar2": 0, "max": 1, "mean": 1, "median": 1, "min": 1, "var": 0}, "silence_rate_30dB": {"dmean": 0, "dmean2": 0, "dvar": 0, "dvar2": 0, "max": 1, "mean": 1, "median": 1, "min": 1, "var": 0}, "silence_rate_60dB": {"dmean": 0.00169779290445, "dmean2": 0.00339630641975, "dvar": 0.00169488904066, "dvar2": 0.00380924809724, "max": 1, "mean": 0.0668364092708, "median": 0, "min": 0, "var": 0.0623693503439}, "spectral_centroid": {"dmean": 79.7059631348, "dmean2": 114.103149414, "dvar": 27903.6484375, "dvar2": 45251.8554688, "max": 10457.1621094, "mean": 1034.01965332, "median": 942.831970215, "min": 391.421691895, "var": 173395.40625}, "spectral_complexity": {"dmean": 1.42275047302, "dmean2": 2.38165998459, "dvar": 1.81746721268, "dvar2": 4.68004655838, "max": 30, "mean": 16.4434547424, "median": 17, "min": 0, "var": 28.4579086304}, "spectral_decrease": {"dmean": 9.72899427687e-10, "dmean2": 1.33867483765e-09, "dvar": 8.90767950794e-19, "dvar2": 1.68430330212e-18, "max": 5.7211187095e-19, "mean": -6.71574218458e-09, "median": -6.46509645819e-09, "min": -2.32504220321e-08, "var": 1.18639322341e-17}, "spectral_energy": {"dmean": 0.00399393076077, "dmean2": 0.00551170296967, "dvar": 1.52958800754e-05, "dvar2": 2.88255450869e-05, "max": 0.0952839031816, "mean": 0.0275004822761, "median": 0.026165002957, "min": 1.09063884934e-20, "var": 0.000206669414183}, "spectral_energyband_high": {"dmean": 1.5643394363e-05, "dmean2": 2.35985080508e-05, "dvar": 7.20084492034e-10, "dvar2": 1.48484513574e-09, "max": 0.00137194851413, "mean": 5.63396133657e-05, "median": 2.87581679004e-05, "min": 7.95056762659e-21, "var": 6.63738397577e-09}, "spectral_energyband_low": {"dmean": 0.000575298501644, "dmean2": 0.000744964519981, "dvar": 1.18520438264e-06, "dvar2": 2.75466709354e-06, "max": 0.0300082694739, "mean": 0.00279455864802, "median": 0.00113479373977, "min": 7.87487277504e-23, "var": 1.46672209667e-05}, "spectral_energyband_middle_high": {"dmean": 0.00287306285463, "dmean2": 0.00418815435842, "dvar": 1.01766072476e-05, "dvar2": 1.94986459974e-05, "max": 0.0704259201884, "mean": 0.0124301416799, "median": 0.00846541021019, "min": 1.33298075644e-21, "var": 0.000117313844385}, "spectral_energyband_middle_low": {"dmean": 0.00233675842173, "dmean2": 0.00301682320423, "dvar": 5.60474927624e-06, "dvar2": 8.84833843884e-06, "max": 0.0666972920299, "mean": 0.0127929728478, "median": 0.0115473000333, "min": 2.55813076523e-22, "var": 6.53655370115e-05}, "spectral_entropy": {"dmean": 0.0777494013309, "dmean2": 0.112528175116, "dvar": 0.00641230959445, "dvar2": 0.0132735623047, "max": 9.81007003784, "mean": 6.70221853256, "median": 6.72096776962, "min": 5.48660612106, "var": 0.104175038636}, "spectral_flux": {"dmean": 0.0111907152459, "dmean2": 0.0188447497785, "dvar": 0.000108978289063, "dvar2": 0.000287027010927, "max": 0.217145696282, "mean": 0.0513344332576, "median": 0.0517238415778, "min": 1.04433656167e-10, "var": 0.000392278830986}, "spectral_kurtosis": {"dmean": 6.429895401, "dmean2": 11.350060463, "dvar": 41.606678009, "dvar2": 122.142303467, "max": 160.841445923, "mean": 15.3912382126, "median": 11.9210824966, "min": -1.16115581989, "var": 240.330810547}, "spectral_rms": {"dmean": 0.000368546083337, "dmean2": 0.000509077392053, "dvar": 1.1162678959e-07, "dvar2": 2.11505835068e-07, "max": 0.00964157190174, "mean": 0.0049020065926, "median": 0.00505240866914, "min": 3.26195949592e-12, "var": 2.80001836472e-06}, "spectral_rolloff": {"dmean": 141.415039062, "dmean2": 239.38961792, "dvar": 237687.984375, "dvar2": 347736.34375, "max": 19035.3515625, "mean": 1402.95812988, "median": 1184.32617188, "min": 43.06640625, "var": 1726868.375}, "spectral_skewness": {"dmean": 0.480862170458, "dmean2": 0.845357298851, "dvar": 0.174712285399, "dvar2": 0.521004140377, "max": 9.8664150238, "mean": 2.44269442558, "median": 2.23771429062, "min": 0.0546014606953, "var": 1.06657612324}, "spectral_spread": {"dmean": 175928.125, "dmean2": 293999.34375, "dvar": 210820808704, "dvar2": 253520248832, "max": 39923792, "mean": 2153048.75, "median": 2022334.875, "min": 517029.4375, "var": 1434070810620.0}, "spectral_strongpeak": {"dmean": 0.768957078457, "dmean2": 1.26381957531, "dvar": 1.14713954926, "dvar2": 2.61936044693, "max": 10.6698417664, "mean": 2.29560041428, "median": 1.61441373825, "min": 0, "var": 4.13867616653}, "zerocrossingrate": {"dmean": 0.0034654289484, "dmean2": 0.00424040807411, "dvar": 8.26646064525e-05, "dvar2": 8.76671547303e-05, "max": 0.50244140625, "mean": 0.0449362769723, "median": 0.041015625, "min": 0.017578125, "var": 0.00125938944984}, "barkbands": {"dmean": [1.19212174354e-07, 0.000251736753853, 0.0002869409509, 0.000123931153212, 0.000419984105974, 0.000896022480447, 0.000755960703827, 0.00109514442738, 0.000569284544326, 0.000462728407001, 0.00153295753989, 0.00109149154741, 0.000594757497311, 0.000540497945622, 0.000495842890814, 0.000180240429472, 0.000198686102522, 0.000100234195997, 4.83350995637e-05, 2.17839260586e-05, 8.3288332462e-06, 1.98946304408e-06, 7.69844291426e-07, 3.04691837982e-07, 7.75634774186e-08, 1.83573796164e-08, 2.39052977413e-09], "dmean2": [2.14235896578e-07, 0.000320747727528, 0.000374231400201, 0.000176105997525, 0.000567465089262, 0.00120482617058, 0.00087185081793, 0.00131699803751, 0.000818481261376, 0.000643019389827, 0.00240351445973, 0.00154635205399, 0.000884196255356, 0.000754267850425, 0.000730664120056, 0.000259243766777, 0.000298428873066, 0.000147040642332, 7.33054985176e-05, 3.48363464582e-05, 1.26957056636e-05, 2.93421521746e-06, 1.21256357488e-06, 5.01348722537e-07, 1.2886823697e-07, 3.02041343048e-08, 4.44343717376e-09], "dvar": [5.24095090243e-13, 4.81191989365e-07, 2.50374085908e-07, 5.8370783762e-08, 4.0263537926e-07, 1.32675086206e-06, 1.21246625895e-06, 2.52093491326e-06, 5.67013273667e-07, 4.11697499203e-07, 3.71570195057e-06, 4.09033964388e-06, 1.2423311091e-06, 1.0799675465e-06, 7.27937333522e-07, 1.30711981683e-07, 9.15989346595e-08, 2.88504136137e-08, 7.30242932789e-09, 1.02121067158e-09, 2.58900206829e-10, 1.92307211822e-11, 3.61157501474e-12, 4.72148633125e-13, 3.83590186524e-14, 3.75529219605e-15, 8.63397941433e-16], "dvar2": [1.52484719729e-12, 1.14200474854e-06, 5.49459400645e-07, 1.43352480109e-07, 1.08160304535e-06, 2.88750538857e-06, 1.40035774621e-06, 3.02608737002e-06, 1.10839380341e-06, 8.05610227417e-07, 8.32240948512e-06, 7.61665069149e-06, 2.42762757807e-06, 1.86432350802e-06, 1.65822496001e-06, 2.70813103498e-07, 2.02458878107e-07, 5.36941442419e-08, 1.34104194416e-08, 2.42454434307e-09, 5.46833356374e-10, 3.35309904842e-11, 6.41095293172e-12, 1.06537109863e-12, 9.95873237933e-14, 1.03056508165e-14, 2.53987784377e-15], "max": [1.88465201063e-05, 0.0218344293535, 0.0131581202149, 0.0105880536139, 0.0197077263147, 0.0340983234346, 0.0460783466697, 0.0476601161063, 0.0150523427874, 0.0120152067393, 0.0488062612712, 0.0438594259322, 0.0225845500827, 0.0301350727677, 0.019938301295, 0.00860304571688, 0.00715871946886, 0.00411171559244, 0.00337506108917, 0.000682104437146, 0.000602753949352, 0.000228168559261, 8.94932891242e-05, 2.76695282082e-05, 4.55429744761e-06, 1.956883807e-06, 1.42391741065e-06], "mean": [1.90549386048e-07, 0.0012046394404, 0.00125703786034, 0.000628984358627, 0.00206914404407, 0.00310585461557, 0.0025950181298, 0.00256107840687, 0.00129196769558, 0.00109077605885, 0.00272446754389, 0.0027365970891, 0.00154347508214, 0.00167141773272, 0.00148715812247, 0.000505173054989, 0.000524199102074, 0.000272286997642, 0.000136872433359, 5.99762934144e-05, 2.31503945542e-05, 7.01455337548e-06, 2.58169870904e-06, 1.05395622541e-06, 2.94921392197e-07, 6.71944633268e-08, 2.79563949768e-09], "median": [3.1297425096e-08, 2.81093743979e-05, 0.000650141679216, 0.000189919010154, 0.00137973530218, 0.00230559962802, 0.00163560197689, 0.00137525971513, 0.000734492379706, 0.000533547368832, 0.00183683389332, 0.000655036245007, 0.000360812729923, 0.000381599646062, 0.000457193003967, 0.000101851772342, 0.000235311788856, 8.93875549082e-05, 6.83887265041e-05, 3.19533610309e-05, 9.14962856768e-06, 2.67134305432e-06, 1.60299657637e-06, 8.26119844533e-07, 2.32572062941e-07, 4.89919251834e-08, 1.55811374913e-09], "min": [3.23156364953e-23, 2.54208659659e-23, 4.06262230229e-23, 5.82848893746e-24, 3.80575025889e-23, 3.8566974205e-23, 3.63551407554e-23, 2.55662151654e-23, 1.03671614226e-22, 2.49811706746e-23, 5.92037711231e-23, 9.6111291217e-23, 7.95111018619e-23, 6.93328713639e-23, 8.60155881915e-23, 1.81383759814e-22, 1.6290882674e-22, 2.0376491752e-22, 2.57417606982e-22, 3.47988936321e-22, 3.48219409923e-22, 4.34240286638e-22, 4.86765094332e-22, 7.54980831333e-22, 1.4560315466e-21, 1.78264207471e-21, 2.85832119304e-21], "var": [7.19874355438e-13, 6.14368127572e-06, 2.81788993561e-06, 1.79952837698e-06, 5.77975288252e-06, 1.07188825496e-05, 1.2695564692e-05, 1.30565704239e-05, 2.73673867923e-06, 2.25430289902e-06, 9.62467038335e-06, 2.66736096819e-05, 7.23869015928e-06, 9.1935025921e-06, 5.25323503098e-06, 8.23854918508e-07, 5.09747621891e-07, 1.87987581057e-07, 5.03594748125e-08, 5.40338129795e-09, 1.3812999633e-09, 2.22556154061e-10, 2.39435988397e-11, 2.02892412073e-12, 7.93899180337e-14, 5.77489699263e-15, 4.63344121626e-16]}, "erbbands": {"dmean": [0.0016114678001, 0.0748073235154, 0.323626071215, 0.366868108511, 0.851020514965, 1.57224166393, 2.62337970734, 8.41867542267, 11.7829456329, 24.7150268555, 12.5255746841, 16.0198116302, 14.1627674103, 17.3371143341, 61.475402832, 56.2003746033, 28.1647720337, 29.6104888916, 22.8842353821, 19.1070594788, 11.0196533203, 8.03590106964, 5.13881540298, 4.03729581833, 2.29981827736, 1.14969706535, 0.543812990189, 0.167455837131, 0.0823089852929, 0.0438947044313, 0.0198493562639, 0.00973907113075, 0.00312586850487, 0.00125554203987, 0.000421441276558, 0.000122705576359, 3.02160315186e-05, 3.54134022018e-06, 2.28357885135e-06, 4.73169984616e-06], "dmean2": [0.00210566446185, 0.0949449017644, 0.412923842669, 0.499823063612, 1.19267773628, 2.08898973465, 3.85187673569, 11.7599935532, 12.025053978, 31.223897934, 15.3283700943, 23.0757484436, 20.4937458038, 25.4690513611, 96.0784835815, 79.3866348267, 41.6139335632, 41.7646598816, 33.9996566772, 27.3269252777, 16.1503429413, 11.7187986374, 7.57292509079, 5.9601354599, 3.44113779068, 1.83232724667, 0.843300223351, 0.253036201, 0.122580952942, 0.06729272753, 0.0312685668468, 0.016011249274, 0.00515523646027, 0.00209060474299, 0.000703540572431, 0.000202271854505, 5.00751302752e-05, 6.02002182859e-06, 3.25583664562e-06, 6.54810492051e-06], "dvar": [2.20999936573e-05, 0.0396751649678, 0.388794094324, 0.641885459423, 1.96183431149, 9.05157661438, 11.7423324585, 121.507095337, 298.002288818, 1151.25915527, 277.205535889, 451.985565186, 368.951721191, 452.39251709, 6423.63378906, 10258.7568359, 2599.74633789, 3350.13378906, 2436.11889648, 1046.3470459, 324.175567627, 183.717315674, 66.6228485107, 55.2127761841, 20.0405750275, 3.1386551857, 0.823519408703, 0.142105340958, 0.0475245527923, 0.0157315172255, 0.00265739555471, 0.000513858394697, 4.19386778958e-05, 8.72435339261e-06, 1.23423308196e-06, 1.16799171224e-07, 1.24390933109e-08, 5.58337653889e-10, 2.7855990084e-11, 2.20830003589e-11], "dvar2": [5.80015876039e-05, 0.0926675349474, 0.800394833088, 1.72131896019, 5.69883060455, 24.5898342133, 28.9333515167, 292.669006348, 275.055297852, 1683.30358887, 382.342346191, 902.762023926, 786.407104492, 873.175842285, 14394.5458984, 18932.8320312, 5187.48779297, 5847.56054688, 5624.92626953, 2077.06738281, 737.773376465, 379.953491211, 127.774993896, 109.301902771, 37.7493553162, 7.0615234375, 1.93604314327, 0.248847827315, 0.0825197324157, 0.0306433402002, 0.00454459991306, 0.00111894519068, 0.00010574033513, 2.23690221901e-05, 3.18589468407e-06, 3.12412623771e-07, 3.4418444983e-08, 1.60076318867e-09, 7.58146531665e-11, 4.13478036532e-11], "max": [0.204861760139, 6.00862550735, 19.4580478668, 27.3873157501, 64.3251190186, 84.6638183594, 116.585853577, 294.298034668, 702.740112305, 985.134643555, 363.251556396, 415.942169189, 446.352783203, 438.439849854, 2227.90185547, 2236.81860352, 1056.39086914, 1812.24084473, 1240.80432129, 706.938598633, 320.196716309, 359.032684326, 208.162719727, 299.357391357, 163.609695435, 43.5632553101, 21.3685264587, 20.7486476898, 11.4570960999, 8.48630237579, 3.04832053185, 0.964987337589, 0.218396797776, 0.067449696362, 0.0248019117862, 0.00981921888888, 0.00343955261633, 0.00112881546374, 0.000267757131951, 0.000112677909783], "mean": [0.00796490069479, 0.362236887217, 1.53894889355, 1.77838742733, 3.88668894768, 7.52638483047, 9.63612651825, 27.4940681458, 44.7784957886, 57.8652381897, 33.4795722961, 37.3582496643, 30.7820625305, 41.7826461792, 119.254020691, 147.820724487, 79.2382965088, 96.9676589966, 71.9715881348, 59.8697357178, 33.1854515076, 24.0321807861, 14.9877767563, 10.1649646759, 6.48939847946, 3.29195952415, 1.57792210579, 0.565155267715, 0.287532478571, 0.156713604927, 0.0680125504732, 0.0328065827489, 0.011402728036, 0.0047377217561, 0.00149273406714, 0.000457416841527, 0.000115103110147, 1.40028105307e-05, 1.51925005412e-05, 3.25767032336e-05], "median": [0.000408343272284, 0.0224827229977, 0.556108295918, 0.864268958569, 1.73644423485, 3.87734699249, 7.09587860107, 20.4591960907, 28.3247051239, 36.0340690613, 23.4234695435, 21.9873561859, 20.7552318573, 25.8520488739, 85.8774719238, 49.580039978, 29.1547603607, 30.1910209656, 22.591173172, 21.1766700745, 15.1414041519, 10.8633422852, 6.47139596939, 4.270632267, 2.592451334, 1.69761061668, 0.726831674576, 0.233645156026, 0.108816184103, 0.0695147439837, 0.0405575782061, 0.0249422844499, 0.0092611219734, 0.00371440197341, 0.00117978022899, 0.000350064830855, 8.12851358205e-05, 1.06237512227e-05, 1.39691846925e-05, 3.05456014758e-05], "min": [4.83992191452e-22, 7.46901280076e-21, 5.0624765345e-20, 1.747235998e-20, 6.59330285877e-20, 1.29864047448e-19, 2.32358368638e-19, 3.19236140248e-19, 5.33420497798e-19, 3.93087394023e-19, 1.07624345422e-18, 2.37588791917e-18, 1.13957777859e-18, 1.15267525301e-18, 2.25628649479e-18, 4.42185112872e-18, 4.26544492336e-18, 2.52435401783e-18, 5.11252295196e-18, 6.56947959183e-18, 9.52950364123e-18, 1.01951135463e-17, 9.91298622758e-18, 1.20994768766e-17, 1.21535356112e-17, 1.53214959094e-17, 1.70183113523e-17, 1.34384027013e-17, 1.20663118972e-17, 1.87338822883e-17, 1.45869628342e-17, 1.49478584267e-17, 1.27711169284e-17, 1.35069991352e-17, 1.11974620612e-17, 5.15816677816e-18, 3.46318291997e-18, 1.95252343998e-18, 3.72123431977e-19, 3.7198599721e-20], "var": [0.000384603743441, 0.506790101528, 5.27496528625, 8.79404640198, 36.1602554321, 103.459259033, 93.0750808716, 811.050109863, 3536.90161133, 5278.14746094, 1255.62609863, 2138.44091797, 1097.65515137, 2600.51708984, 17130.3710938, 68061, 14921.96875, 29121.9628906, 16737.4785156, 8258.12988281, 1733.98962402, 1167.46362305, 463.373382568, 273.558227539, 137.240310669, 19.9122543335, 4.13002681732, 1.14821922779, 0.402909874916, 0.187156617641, 0.0215072315186, 0.00219085393474, 0.000153303597472, 2.32689963013e-05, 2.28296221394e-06, 2.14807116095e-07, 1.84690645e-08, 4.34188490717e-10, 8.49405754066e-11, 3.07239123032e-10]}, "gfcc": {"mean": [-82.121421814, 160.032592773, -176.204055786, -7.50352573395, -55.2086410522, -12.6837940216, -33.0671653748, -12.7829475403, -19.8048763275, -11.5241088867, -1.07438826561, -12.3396701813, -7.3935418129], "cov": [[25373.7226562, 1921.18103027, -4326.6171875, 1845.79882812, 711.011230469, -187.365005493, -316.948150635, -231.196273804, 466.964569092, 12.5695695877, 367.896148682, -300.439880371, 183.596786499], [1921.18103027, 1100.34436035, 20.2939529419, 42.643737793, 283.80847168, 150.785446167, 157.239059448, 44.2201271057, 75.7895050049, -51.2744560242, 137.899093628, -84.5685119629, -11.72260952], [-4326.6171875, 20.2939529419, 1220.41906738, -130.866424561, -62.3231315613, 191.8306427, 197.550979614, 157.902404785, -66.5044326782, -26.0568237305, 2.55401062965, 41.1113853455, -57.5426368713], [1845.79882812, 42.643737793, -130.866424561, 554.58782959, 252.443023682, 140.803161621, 146.085662842, 86.2809448242, 124.009178162, 44.2854576111, 51.8316459656, 1.67643654346, 2.79890418053], [711.011230469, 283.80847168, -62.3231315613, 252.443023682, 466.052154541, 230.075866699, 155.696899414, 58.2410125732, 147.442214966, 46.1239776611, 54.0976371765, -9.59992790222, -10.9854984283], [-187.365005493, 150.785446167, 191.8306427, 140.803161621, 230.075866699, 246.558364868, 167.316467285, 83.3759536743, 69.0815353394, 24.6409320831, 56.7479705811, 7.84719705582, -16.1560573578], [-316.948150635, 157.239059448, 197.550979614, 146.085662842, 155.696899414, 167.316467285, 227.643707275, 103.507568359, 63.7763938904, 25.324054718, 72.8780822754, 19.3420448303, -6.86614179611], [-231.196273804, 44.2201271057, 157.902404785, 86.2809448242, 58.2410125732, 83.3759536743, 103.507568359, 124.482437134, 64.2737045288, 15.5580615997, 29.933971405, 8.40155410767, -6.8562245369], [466.964569092, 75.7895050049, -66.5044326782, 124.009178162, 147.442214966, 69.0815353394, 63.7763938904, 64.2737045288, 131.701812744, 57.8356933594, 35.743057251, -2.29818844795, -0.193194508553], [12.5695695877, -51.2744560242, -26.0568237305, 44.2854576111, 46.1239776611, 24.6409320831, 25.324054718, 15.5580615997, 57.8356933594, 73.7889938354, 30.7731723785, 16.3968467712, 2.64738798141], [367.896148682, 137.899093628, 2.55401062965, 51.8316459656, 54.0976371765, 56.7479705811, 72.8780822754, 29.933971405, 35.743057251, 30.7731723785, 110.151229858, 22.2416915894, 9.8628911972], [-300.439880371, -84.5685119629, 41.1113853455, 1.67643654346, -9.59992790222, 7.84719705582, 19.3420448303, 8.40155410767, -2.29818844795, 16.3968467712, 22.2416915894, 59.2511672974, 24.2254981995], [183.596786499, -11.72260952, -57.5426368713, 2.79890418053, -10.9854984283, -16.1560573578, -6.86614179611, -6.8562245369, -0.193194508553, 2.64738798141, 9.8628911972, 24.2254981995, 54.5037574768]], "icov": [[0.000880208215676, -0.00217390293255, 0.00311637972482, -0.00311518856324, 0.00213155988604, -0.00210987403989, 0.0027615420986, -0.00167323311325, 0.00116590107791, -0.000596170662902, -0.000282546912786, -0.000555633683689, 0.000290355441393], [-0.00217390293255, 0.00767371011898, -0.00801820028573, 0.00837428867817, -0.00668920995668, 0.00605038320646, -0.00779125886038, 0.00499930372462, -0.00430028000847, 0.00512339733541, -0.00312614184804, 0.00562317669392, -0.00202718377113], [0.00311637972482, -0.00801820028573, 0.0128580890596, -0.0104765538126, 0.00825483631343, -0.00905505847186, 0.00906077306718, -0.00833188556135, 0.00632755924016, -0.00320903630927, 0.000481927010696, -0.00364907551557, 0.00267691444606], [-0.00311518856324, 0.00837428867817, -0.0104765538126, 0.0141380196437, -0.00876350980252, 0.00754254125059, -0.0112544680014, 0.0048837880604, -0.00477971090004, 0.00295855314471, 0.000281762797385, 0.00304771005176, -0.00139226554893], [0.00213155988604, -0.00668920995668, 0.00825483631343, -0.00876350980252, 0.0133812921122, -0.0115706752986, 0.00600664038211, 0.000161254152772, -0.00360364024527, -0.000840913155116, 0.00263487035409, -0.00422363681719, 0.00201903027482], [-0.00210987403989, 0.00605038320646, -0.00905505847186, 0.00754254125059, -0.0115706752986, 0.0194686874747, -0.0110114738345, 0.00221087201498, -0.00071686739102, 0.0017178732669, -0.00242931884713, 0.00339186796919, -0.000363037834177], [0.0027615420986, -0.00779125886038, 0.00906077306718, -0.0112544680014, 0.00600664038211, -0.0110114738345, 0.0223354399204, -0.0112957339734, 0.00614389963448, -0.00371678755619, -0.00357865658589, -0.00424083229154, 0.00124013295863], [-0.00167323311325, 0.00499930372462, -0.00833188556135, 0.0048837880604, 0.000161254152772, 0.00221087201498, -0.0112957339734, 0.0267766807228, -0.0190325770527, 0.0102966502309, -0.000606326677371, 0.000761880539358, -0.000498985347804], [0.00116590107791, -0.00430028000847, 0.00632755924016, -0.00477971090004, -0.00360364024527, -0.00071686739102, 0.00614389963448, -0.0190325770527, 0.0331346727908, -0.020798465237, 0.0014542179415, 0.00252133281901, -0.000741606811062], [-0.000596170662902, 0.00512339733541, -0.00320903630927, 0.00295855314471, -0.000840913155116, 0.0017178732669, -0.00371678755619, 0.0102966502309, -0.020798465237, 0.0337114147842, -0.00904442742467, -0.00145376613364, 0.00130866072141], [-0.000282546912786, -0.00312614184804, 0.000481927010696, 0.000281762797385, 0.00263487035409, -0.00242931884713, -0.00357865658589, -0.000606326677371, 0.0014542179415, -0.00904442742467, 0.0201977398247, -0.00973702594638, 0.00117497623432], [-0.000555633683689, 0.00562317669392, -0.00364907551557, 0.00304771005176, -0.00422363681719, 0.00339186796919, -0.00424083229154, 0.000761880539358, 0.00252133281901, -0.00145376613364, -0.00973702594638, 0.0349177010357, -0.0148906903341], [0.000290355441393, -0.00202718377113, 0.00267691444606, -0.00139226554893, 0.00201903027482, -0.000363037834177, 0.00124013295863, -0.000498985347804, -0.000741606811062, 0.00130866072141, 0.00117497623432, -0.0148906903341, 0.0265634488314]]}, "melbands": {"dmean": [4.06872713938e-05, 0.000151402287884, 7.04775666236e-05, 8.90169394552e-05, 8.78173086676e-05, 0.000193159343326, 0.000171388470335, 0.000278795778286, 9.16577264434e-05, 9.44918647292e-05, 7.00793752912e-05, 6.32469891571e-05, 0.000218927001697, 0.000153501838213, 9.28706431296e-05, 4.76678251289e-05, 6.29269998171e-05, 3.7780169805e-05, 2.4213875804e-05, 2.14106839849e-05, 1.31615524879e-05, 9.53580274654e-06, 9.10118160391e-06, 3.44396971741e-06, 3.47535160472e-06, 2.28463932217e-06, 8.89208195076e-07, 7.36549793601e-07, 5.01993952184e-07, 2.19377113808e-07, 9.01885712778e-08, 5.66930644652e-08, 3.38134533706e-08, 2.25776499718e-08, 1.39048861314e-08, 9.72341940297e-09, 5.37390043576e-09, 2.70377897849e-09, 1.76398617935e-09, 1.03836295118e-09], "dmean2": [5.22705995536e-05, 0.000193354164367, 9.91232009255e-05, 0.000119918120618, 0.000127569932374, 0.000258627551375, 0.000178208472789, 0.000347840657923, 0.000115718794405, 0.000136885399115, 0.000101571720734, 9.14508200367e-05, 0.000343812222127, 0.000221674185013, 0.000133612033096, 6.96666829754e-05, 8.862438699e-05, 5.63259600312e-05, 3.52509996446e-05, 3.02478729282e-05, 1.95595694095e-05, 1.38874538607e-05, 1.36846811074e-05, 5.15434385306e-06, 5.15514602739e-06, 3.39592315868e-06, 1.40115059821e-06, 1.1769042203e-06, 7.95355902028e-07, 3.4351614886e-07, 1.37923947818e-07, 8.64973941361e-08, 5.08130497678e-08, 3.54671136904e-08, 2.21205436191e-08, 1.61042876812e-08, 8.87906725922e-09, 4.48221193494e-09, 2.90796919877e-09, 1.75577707928e-09], "dvar": [1.30067574489e-08, 9.60889181556e-08, 1.47468339762e-08, 2.30988614902e-08, 1.36287194863e-08, 6.2664398115e-08, 6.5918072778e-08, 1.58899879921e-07, 1.43110501227e-08, 1.59327520066e-08, 9.30257737508e-09, 7.25932514101e-09, 7.81707427677e-08, 5.42532525571e-08, 2.03052223924e-08, 7.24480297976e-09, 1.62853659447e-08, 6.56804877153e-09, 1.49230250379e-09, 1.26281229917e-09, 4.52285126018e-10, 2.58428528577e-10, 2.73437716913e-10, 3.39556854856e-11, 4.24425980472e-11, 2.49828265714e-11, 2.85683239218e-12, 1.22663240242e-12, 6.79661188441e-13, 1.96010132496e-13, 6.59013520295e-14, 1.85002465008e-14, 6.56578266691e-15, 3.23006464139e-15, 1.35217978595e-15, 5.55059366847e-16, 1.15046331002e-16, 2.54748169824e-17, 1.37918048647e-17, 5.32825206931e-18], "dvar2": [3.19624291478e-08, 2.07028492127e-07, 4.02761983764e-08, 5.71947182948e-08, 3.56793208312e-08, 1.3469878013e-07, 6.11082597857e-08, 2.16083890336e-07, 2.1100898806e-08, 3.17679429429e-08, 1.99403249468e-08, 1.31864634767e-08, 1.76358838644e-07, 1.01686957521e-07, 3.83611613586e-08, 1.42888483268e-08, 2.82202528012e-08, 1.5244660645e-08, 3.19632831314e-09, 2.43404429945e-09, 1.03628705617e-09, 5.32615895832e-10, 5.95106963708e-10, 7.34181049289e-11, 8.42076755547e-11, 4.32443456044e-11, 6.20687832728e-12, 2.88246184733e-12, 1.69777516698e-12, 4.37197587161e-13, 1.14828190901e-13, 3.45001195039e-14, 1.1825463399e-14, 6.33931231483e-15, 2.33536703261e-15, 1.17437920587e-15, 2.6495561167e-16, 6.39089071856e-17, 3.48098115842e-17, 1.39696776477e-17], "max": [0.00412517832592, 0.00933964084834, 0.00406547077, 0.005707945209, 0.00327657163143, 0.00755436625332, 0.010696192272, 0.0118879443035, 0.00272845593281, 0.00255252467468, 0.00219268701039, 0.00194565206766, 0.00764912134036, 0.00505597516894, 0.00309995352291, 0.0019048389513, 0.00401875004172, 0.0018952639075, 0.000728047569282, 0.000884228444193, 0.000397961906856, 0.000389973865822, 0.000385987543268, 0.000136910486617, 0.000265692127869, 0.000229529381613, 8.85106128408e-05, 2.37513086176e-05, 1.54493627633e-05, 1.30418620756e-05, 1.51550038936e-05, 6.09517201156e-06, 5.12618044013e-06, 3.69903273167e-06, 1.82373401003e-06, 1.22149936033e-06, 3.83016015348e-07, 1.7272441255e-07, 1.07266622251e-07, 5.51800276583e-08], "mean": [0.000195716740564, 0.000722371391021, 0.000354631862137, 0.000430755695561, 0.000351932452759, 0.000658285513055, 0.000651303562336, 0.000641737482511, 0.000246168085141, 0.000218342451262, 0.000144845063915, 0.000146751801367, 0.00038958969526, 0.000372380047338, 0.000241312023718, 0.000137597351568, 0.00019405526109, 0.000112572000944, 7.38735470804e-05, 6.48466084385e-05, 3.63484941772e-05, 2.63071706286e-05, 2.25564508582e-05, 9.09330628929e-06, 7.80876234785e-06, 5.69291159991e-06, 2.65187804871e-06, 1.94343101612e-06, 1.23316112877e-06, 5.06863045757e-07, 2.7389600632e-07, 1.69178292708e-07, 1.10699694744e-07, 7.28248821247e-08, 4.0673189261e-08, 2.84555028429e-08, 1.63058846425e-08, 8.28375590345e-09, 5.5324638204e-09, 3.38817596202e-09], "median": [4.26412725574e-06, 0.000229564509937, 0.000205450094654, 0.000229170080274, 0.000263687514234, 0.000480677234009, 0.000409239932196, 0.000374493189156, 0.0001786727953, 0.000123170146253, 9.26379943849e-05, 7.2869239375e-05, 0.000260661792709, 0.00015850282216, 8.92838725122e-05, 3.06618348986e-05, 4.24983882112e-05, 3.15064353344e-05, 2.40720291913e-05, 2.65178314294e-05, 1.41370255733e-05, 1.07383166323e-05, 7.24738356439e-06, 3.92639321944e-06, 3.1535139442e-06, 2.1744890546e-06, 1.26974964587e-06, 1.03102297544e-06, 5.29412432115e-07, 2.13429231621e-07, 9.68318190075e-08, 6.33786214621e-08, 4.21409716012e-08, 3.51788997932e-08, 2.27580372325e-08, 1.98708711707e-08, 1.30585249281e-08, 6.65810429012e-09, 4.29058122364e-09, 2.65370547758e-09], "min": [6.97907136115e-24, 2.04237713415e-23, 5.04417029334e-24, 6.87924653562e-24, 8.33310692875e-24, 7.59584383762e-24, 8.21580567873e-24, 3.96021940044e-24, 1.08029097273e-23, 1.4762705115e-23, 5.10751227415e-24, 4.08273107674e-24, 9.00589484038e-24, 5.56113214377e-24, 1.72495070772e-23, 5.17372373651e-24, 4.94518560467e-24, 9.05987264782e-24, 6.31860230142e-24, 1.15795227781e-23, 1.08418731451e-23, 1.19499907918e-23, 6.12492984944e-24, 1.09475978614e-23, 9.3708045402e-24, 1.17756588427e-23, 6.81016756387e-24, 1.14388207582e-23, 1.05806008356e-23, 9.62765370663e-24, 7.21668257669e-24, 6.46653423153e-24, 8.47160644902e-24, 1.05208422554e-23, 8.34953811255e-24, 7.77972100374e-24, 9.72774595601e-24, 8.82352360973e-24, 1.00221559456e-23, 1.19537000158e-23], "var": [1.82913808544e-07, 1.24218888686e-06, 2.6034814482e-07, 4.41682004748e-07, 1.22426413895e-07, 5.01040403833e-07, 7.75304272338e-07, 7.52551272853e-07, 6.45843769576e-08, 7.91466447936e-08, 2.73084328484e-08, 4.86167763825e-08, 1.92285796174e-07, 3.44843698485e-07, 1.23928231233e-07, 5.94806834897e-08, 1.38627399338e-07, 4.23824069173e-08, 1.1402100597e-08, 9.72317604209e-09, 2.38318409451e-09, 1.53090595756e-09, 1.40441458463e-09, 1.70554501078e-10, 1.90470791916e-10, 1.30939203924e-10, 2.51404817103e-11, 6.39943219943e-12, 2.67654019608e-12, 6.49434173973e-13, 5.37539414022e-13, 1.14257968321e-13, 8.29982580602e-14, 3.79952146135e-14, 8.58549207205e-15, 2.53461840444e-15, 4.04994113002e-16, 8.50553097069e-17, 4.08549202926e-17, 1.09468801024e-17]}, "mfcc": {"mean": [-695.064941406, 182.011062622, -57.9341583252, 4.99002885818, -14.3502445221, -7.67458438873, -9.3514251709, -7.1909031868, -16.2220859528, -5.48316764832, -10.2453937531, 0.572341024876, 1.4140162468], "cov": [[11043.0888672, 2934.10717773, -2192.31420898, 628.939453125, 20.9810218811, 197.998199463, -241.06942749, -77.5909347534, -154.750961304, 32.9247093201, -73.5600509644, 94.787109375, 52.3357429504], [2934.10717773, 1716.52819824, -285.370330811, 34.7019615173, 123.451782227, 93.640296936, 142.467315674, 96.0908203125, -68.2540817261, 92.6151046753, 14.7584638596, 67.0260238647, 72.4187469482], [-2192.31420898, -285.370330811, 889.035522461, -13.4186735153, -8.24781227112, -15.8531455994, 208.464141846, 142.682525635, 27.0121326447, 59.8333358765, 58.5687255859, 24.657831192, 36.858089447], [628.939453125, 34.7019615173, -13.4186735153, 326.090637207, 102.535263062, 139.779769897, 86.7613372803, 122.545852661, 82.8717269897, 86.8851470947, 80.4409255981, 55.9513282776, 51.4692573547], [20.9810218811, 123.451782227, -8.24781227112, 102.535263062, 271.803588867, 186.488174438, 102.812469482, 118.577011108, 89.850112915, 102.727119446, 89.379524231, 47.7884216309, 41.0244140625], [197.998199463, 93.640296936, -15.8531455994, 139.779769897, 186.488174438, 248.298629761, 149.8256073, 130.737167358, 82.9198150635, 98.8775253296, 98.3507232666, 47.444606781, 55.8157844543], [-241.06942749, 142.467315674, 208.464141846, 86.7613372803, 102.812469482, 149.8256073, 237.891693115, 174.694519043, 50.2622871399, 94.7690124512, 88.966003418, 53.0578575134, 61.6177062988], [-77.5909347534, 96.0908203125, 142.682525635, 122.545852661, 118.577011108, 130.737167358, 174.694519043, 201.222412109, 89.2572555542, 96.3270339966, 95.3586425781, 60.3037910461, 62.3329734802], [-154.750961304, -68.2540817261, 27.0121326447, 82.8717269897, 89.850112915, 82.9198150635, 50.2622871399, 89.2572555542, 120.905815125, 71.0203170776, 51.5475730896, 33.7816696167, 30.2760410309], [32.9247093201, 92.6151046753, 59.8333358765, 86.8851470947, 102.727119446, 98.8775253296, 94.7690124512, 96.3270339966, 71.0203170776, 134.307373047, 95.7794799805, 42.6405982971, 44.9185142517], [-73.5600509644, 14.7584638596, 58.5687255859, 80.4409255981, 89.379524231, 98.3507232666, 88.966003418, 95.3586425781, 51.5475730896, 95.7794799805, 129.364624023, 58.6724662781, 41.4340667725], [94.787109375, 67.0260238647, 24.657831192, 55.9513282776, 47.7884216309, 47.444606781, 53.0578575134, 60.3037910461, 33.7816696167, 42.6405982971, 58.6724662781, 88.7059860229, 59.1767578125], [52.3357429504, 72.4187469482, 36.858089447, 51.4692573547, 41.0244140625, 55.8157844543, 61.6177062988, 62.3329734802, 30.2760410309, 44.9185142517, 41.4340667725, 59.1767578125, 86.5868759155]], "icov": [[0.00104360026307, -0.00147595198359, 0.00180396717042, -0.00215272745118, 0.0017131845234, -0.00113781925756, 0.00178102275822, -0.00135919614695, 0.00149399496149, -0.000840832828544, 0.000923954474274, -0.000958999735303, 0.000875278143212], [-0.00147595198359, 0.00307762692682, -0.00194676348474, 0.00319034373388, -0.00287948758341, 0.0020064143464, -0.00319867441431, 0.00102455925662, -0.000182681280421, -0.000546452472918, 0.00028891346301, 0.000436625443399, -0.00122934172396], [0.00180396717042, -0.00194676348474, 0.00534441368654, -0.00355212646537, 0.00246323389001, 0.00053457415197, -0.000348902773112, -0.00249961623922, 0.00283659715205, -0.00203454843722, 0.00163592759054, -0.00132069294341, 0.00109377421904], [-0.00215272745118, 0.00319034373388, -0.00355212646537, 0.00939485896379, -0.00245020305738, -0.000431354506873, -0.00140437611844, -0.000565695285331, -0.0027885697782, -4.86746648676e-05, -0.00101066834759, 0.000406081642723, -0.00138760881964], [0.0017131845234, -0.00287948758341, 0.00246323389001, -0.00245020305738, 0.0123148988932, -0.00930637959391, 0.0069178994745, -0.00530754961073, 0.00147785560694, -0.00419606594369, 0.00238093757071, -0.00369611079805, 0.00388972484507], [-0.00113781925756, 0.0020064143464, 0.00053457415197, -0.000431354506873, -0.00930637959391, 0.0188181567937, -0.0137548139319, 0.00703650806099, -0.00580963958055, 0.00435210810974, -0.00644664792344, 0.00612930906937, -0.00529043376446], [0.00178102275822, -0.00319867441431, -0.000348902773112, -0.00140437611844, 0.0069178994745, -0.0137548139319, 0.0269067827612, -0.0187028981745, 0.0107559729367, -0.00689922599122, 0.00529001792893, -0.00437591457739, 0.00276486575603], [-0.00135919614695, 0.00102455925662, -0.00249961623922, -0.000565695285331, -0.00530754961073, 0.00703650806099, -0.0187028981745, 0.0284766610712, -0.0146892853081, 0.0073513337411, -0.00903221964836, 0.00396464718506, -0.00491161225364], [0.00149399496149, -0.000182681280421, 0.00283659715205, -0.0027885697782, 0.00147785560694, -0.00580963958055, 0.0107559729367, -0.0146892853081, 0.0249782390893, -0.0125802988186, 0.00939903128892, -0.00663928035647, 0.0034973109141], [-0.000840832828544, -0.000546452472918, -0.00203454843722, -4.86746648676e-05, -0.00419606594369, 0.00435210810974, -0.00689922599122, 0.0073513337411, -0.0125802988186, 0.0270821116865, -0.0173975080252, 0.0086255883798, -0.00655998662114], [0.000923954474274, 0.00028891346301, 0.00163592759054, -0.00101066834759, 0.00238093757071, -0.00644664792344, 0.00529001792893, -0.00903221964836, 0.00939903128892, -0.0173975080252, 0.0276578981429, -0.0140409460291, 0.00696941977367], [-0.000958999735303, 0.000436625443399, -0.00132069294341, 0.000406081642723, -0.00369611079805, 0.00612930906937, -0.00437591457739, 0.00396464718506, -0.00663928035647, 0.0086255883798, -0.0140409460291, 0.0299124009907, -0.0172821935266], [0.000875278143212, -0.00122934172396, 0.00109377421904, -0.00138760881964, 0.00388972484507, -0.00529043376446, 0.00276486575603, -0.00491161225364, 0.0034973109141, -0.00655998662114, 0.00696941977367, -0.0172821935266, 0.0261996220797]]}, "spectral_contrast_coeffs": {"dmean": [0.031560279429, 0.0344588235021, 0.0340725071728, 0.0264890752733, 0.0182420108467, 0.0116573087871], "dmean2": [0.0527218058705, 0.0542791448534, 0.0535377152264, 0.042109593749, 0.029466278851, 0.0191441792995], "dvar": [0.000729375751689, 0.000765063159633, 0.000746433273889, 0.000510147365276, 0.000226076110266, 0.000103895850771], "dvar2": [0.00201994040981, 0.00196545361541, 0.00179861683864, 0.00126255338546, 0.00056160002714, 0.000253550620982], "max": [-0.206550300121, -0.38133341074, -0.447581887245, -0.468699157238, -0.537367403507, -0.619750320911], "mean": [-0.527839660645, -0.67032289505, -0.653214097023, -0.662412405014, -0.725314974785, -0.762781083584], "median": [-0.538110077381, -0.666916966438, -0.649835646152, -0.657259643078, -0.725636720657, -0.761862099171], "min": [-0.932858347893, -0.96150803566, -0.96430593729, -0.954080998898, -0.965581417084, -0.964117348194], "var": [0.010847909376, 0.00567554170266, 0.00465429248288, 0.00760230561718, 0.00476899510249, 0.0024017910473]}, "spectral_contrast_valleys": {"dmean": [0.362922102213, 0.265103042126, 0.234546914697, 0.200813755393, 0.142610788345, 0.107902184129], "dmean2": [0.610643386841, 0.42502951622, 0.377798855305, 0.326998710632, 0.232413396239, 0.17357635498], "dvar": [0.145298227668, 0.0823572278023, 0.0633575171232, 0.0613549612463, 0.0461334809661, 0.042556591332], "dvar2": [0.33661198616, 0.153800070286, 0.109343424439, 0.0974425077438, 0.0612001381814, 0.0654869750142], "max": [-6.27064561844, -5.