{"lowlevel": {"average_loudness": 0.91453653574, "barkbands_crest": {"dmean": 2.99209308624, "dmean2": 4.67467069626, "dvar": 8.70839500427, "dvar2": 20.9510917664, "max": 26.0074443817, "mean": 13.4819564819, "median": 12.7378854752, "min": 2.26059055328, "var": 29.6620292664}, "barkbands_flatness_db": {"dmean": 0.0307396203279, "dmean2": 0.0438729189336, "dvar": 0.00110269628931, "dvar2": 0.00209727487527, "max": 0.651804029942, "mean": 0.172351360321, "median": 0.156919956207, "min": 0.019037252292, "var": 0.00670447153971}, "barkbands_kurtosis": {"dmean": 7.13308334351, "dmean2": 10.9618167877, "dvar": 317.96762085, "dvar2": 745.556213379, "max": 432.223205566, "mean": 11.6290569305, "median": 5.00297689438, "min": -1.96812808514, "var": 564.347045898}, "barkbands_skewness": {"dmean": 0.764107167721, "dmean2": 1.13383877277, "dvar": 1.00314879417, "dvar2": 2.31230998039, "max": 15.7772054672, "mean": 2.28392291069, "median": 2.02448272705, "min": -4.25724744797, "var": 3.61915254593}, "barkbands_spread": {"dmean": 7.14142942429, "dmean2": 10.6627902985, "dvar": 131.117401123, "dvar2": 255.726455688, "max": 129.45765686, "mean": 21.449382782, "median": 16.4057846069, "min": 0.111025713384, "var": 390.876983643}, "dissonance": {"dmean": 0.0260271690786, "dmean2": 0.0428530573845, "dvar": 0.000649705529213, "dvar2": 0.00173017743509, "max": 0.5, "mean": 0.443347662687, "median": 0.452436685562, "min": 0.177890449762, "var": 0.00180405925494}, "dynamic_complexity": 3.76869058609, "erbbands_crest": {"dmean": 2.89954590797, "dmean2": 4.56476783752, "dvar": 7.85475683212, "dvar2": 17.8910484314, "max": 30.5197715759, "mean": 10.4894447327, "median": 9.3280544281, "min": 2.24511361122, "var": 26.7026882172}, "erbbands_flatness_db": {"dmean": 0.0217656232417, "dmean2": 0.0310372617096, "dvar": 0.000524517323356, "dvar2": 0.000971917528659, "max": 0.402118951082, "mean": 0.149290919304, "median": 0.138141751289, "min": 0.0402198508382, "var": 0.00355068570934}, "erbbands_kurtosis": {"dmean": 1.74947202206, "dmean2": 2.65560221672, "dvar": 9.06204223633, "dvar2": 19.31524086, "max": 90.2302932739, "mean": 2.37244963646, "median": 0.870238184929, "min": -1.82247507572, "var": 29.4680252075}, "erbbands_skewness": {"dmean": 0.453012526035, "dmean2": 0.659294426441, "dvar": 0.253694415092, "dvar2": 0.480384230614, "max": 7.76880931854, "mean": 0.807962536812, "median": 0.752685785294, "min": -4.12137651443, "var": 1.29248332977}, "erbbands_spread": {"dmean": 10.3477430344, "dmean2": 15.9263353348, "dvar": 198.476394653, "dvar2": 478.44128418, "max": 174.71975708, "mean": 39.490020752, "median": 36.015499115, "min": 3.58743309975, "var": 533.174865723}, "hfc": {"dmean": 9.79649448395, "dmean2": 13.9922552109, "dvar": 306.168731689, "dvar2": 555.935852051, "max": 295.255187988, "mean": 27.4904956818, "median": 19.0666599274, "min": 1.24788030458e-16, "var": 1113.0279541}, "melbands_crest": {"dmean": 3.71705627441, "dmean2": 5.62753820419, "dvar": 12.9444484711, "dvar2": 29.1628627777, "max": 37.5537261963, "mean": 18.7070465088, "median": 17.5377159119, "min": 1.84463429451, "var": 63.3246078491}, "melbands_flatness_db": {"dmean": 0.0346640050411, "dmean2": 0.0483641698956, "dvar": 0.00144921545871, "dvar2": 0.00266480725259, "max": 0.816072642803, "mean": 0.255557090044, "median": 0.239501237869, "min": 0.00401980103925, "var": 0.0110135832801}, "melbands_kurtosis": {"dmean": 14.1138439178, "dmean2": 21.8103351593, "dvar": 1102.04956055, "dvar2": 2750.08935547, "max": 760.201782227, "mean": 25.2746067047, "median": 13.4397764206, "min": -1.87730491161, "var": 1801.62939453}, "melbands_skewness": {"dmean": 0.968230724335, "dmean2": 1.44312608242, "dvar": 1.42410778999, "dvar2": 3.29441523552, "max": 20.9374332428, "mean": 3.25301837921, "median": 2.82935810089, "min": -1.51946270466, "var": 5.50504827499}, "melbands_spread": {"dmean": 6.41709852219, "dmean2": 9.61212062836, "dvar": 176.32194519, "dvar2": 353.435577393, "max": 259.904052734, "mean": 18.8634395599, "median": 13.1173858643, "min": 0.121169649065, "var": 527.467529297}, "pitch_salience": {"dmean": 0.0801575779915, "dmean2": 0.122716367245, "dvar": 0.00648553110659, "dvar2": 0.0143664246425, "max": 0.844179332256, "mean": 0.471478223801, "median": 0.480335593224, "min": 0.0326573550701, "var": 0.0258486419916}, "silence_rate_20dB": {"dmean": 0, "dmean2": 0, "dvar": 0, "dvar2": 0, "max": 1, "mean": 1, "median": 1, "min": 1, "var": 0}, "silence_rate_30dB": {"dmean": 0.0337744168937, "dmean2": 0.0675573498011, "dvar": 0.0326358675957, "dvar2": 0.0723254531622, "max": 1, "mean": 0.961063504219, "median": 1, "min": 0, "var": 0.0374204479158}, "silence_rate_60dB": {"dmean": 0.0216761175543, "dmean2": 0.0433577001095, "dvar": 0.0212082490325, "dvar2": 0.0487923249602, "max": 1, "mean": 0.0841733887792, "median": 0, "min": 0, "var": 0.0770842730999}, "spectral_centroid": {"dmean": 247.598419189, "dmean2": 359.613830566, "dvar": 158869.734375, "dvar2": 280521.625, "max": 11079.2441406, "mean": 1179.49511719, "median": 971.140808105, "min": 93.9359054565, "var": 667374.125}, "spectral_complexity": {"dmean": 3.74694395065, "dmean2": 5.53012371063, "dvar": 19.5543498993, "dvar2": 36.760887146, "max": 60, "mean": 14.9870214462, "median": 13, "min": 0, "var": 95.6609420776}, "spectral_decrease": {"dmean": 3.62092422712e-09, "dmean2": 5.49780487802e-09, "dvar": 2.73581202944e-17, "dvar2": 6.80294313064e-17, "max": 2.68115391e-11, "mean": -1.03594688383e-08, "median": -8.97429153213e-09, "min": -9.61667439014e-08, "var": 7.10380724827e-17}, "spectral_energy": {"dmean": 0.0140474354848, "dmean2": 0.0213461369276, "dvar": 0.000400452612666, "dvar2": 0.000993309658952, "max": 0.364693820477, "mean": 0.0415925607085, "median": 0.0365426614881, "min": 1.0959201229e-20, "var": 0.00107646710239}, "spectral_energyband_high": {"dmean": 0.000741183641367, "dmean2": 0.00103877997026, "dvar": 3.05370326714e-06, "dvar2": 5.23002245245e-06, "max": 0.0321664251387, "mean": 0.00153001025319, "median": 0.000451078114565, "min": 7.74529516432e-21, "var": 1.04862465378e-05}, "spectral_energyband_low": {"dmean": 0.0110576925799, "dmean2": 0.0164073482156, "dvar": 0.00036027864553, "dvar2": 0.000923211686313, "max": 0.36310750246, "mean": 0.0216735135764, "median": 0.0151846250519, "min": 9.46376233154e-23, "var": 0.000695029855706}, "spectral_energyband_middle_high": {"dmean": 0.00157964497339, "dmean2": 0.00234017660841, "dvar": 7.21285823602e-06, "dvar2": 1.56224414241e-05, "max": 0.0610951408744, "mean": 0.00461616041139, "median": 0.00210616388358, "min": 1.66681245417e-21, "var": 4.04934544349e-05}, "spectral_energyband_middle_low": {"dmean": 0.00535147404298, "dmean2": 0.00838114973158, "dvar": 6.73634858686e-05, "dvar2": 0.000165112520335, "max": 0.0891284868121, "mean": 0.014166213572, "median": 0.0111483065411, "min": 3.56773590387e-22, "var": 0.00017563138681}, "spectral_entropy": {"dmean": 0.222822114825, "dmean2": 0.307875275612, "dvar": 0.0670674219728, "dvar2": 0.115942962468, "max": 9.81272888184, "mean": 7.4552564621, "median": 7.51805496216, "min": 4.85333156586, "var": 0.423329919577}, "spectral_flux": {"dmean": 0.0316330567002, "dmean2": 0.0493723005056, "dvar": 0.00141111633275, "dvar2": 0.00302879954688, "max": 0.497175872326, "mean": 0.0914739072323, "median": 0.0798978954554, "min": 1.0468620415e-10, "var": 0.00348986359313}, "spectral_kurtosis": {"dmean": 2.55595207214, "dmean2": 3.93485832214, "dvar": 50.7638816833, "dvar2": 119.017036438, "max": 177.087356567, "mean": 7.32383441925, "median": 4.24012184143, "min": -1.48460114002, "var": 214.22492981}, "spectral_rms": {"dmean": 0.0010093874298, "dmean2": 0.00149988895282, "dvar": 1.49127572513e-06, "dvar2": 3.57437079401e-06, "max": 0.0188626311719, "mean": 0.00580344162881, "median": 0.00597087759525, "min": 3.26984771724e-12, "var": 6.89811486154e-06}, "spectral_rolloff": {"dmean": 520.238220215, "dmean2": 877.163696289, "dvar": 2053120.75, "dvar2": 4192689.5, "max": 19272.2167969, "mean": 1349.17919922, "median": 559.86328125, "min": 64.599609375, "var": 5243441.5}, "spectral_skewness": {"dmean": 0.288609296083, "dmean2": 0.418266564608, "dvar": 0.215884909034, "dvar2": 0.444355726242, "max": 11.4731340408, "mean": 1.98253071308, "median": 1.8149023056, "min": -0.297041833401, "var": 1.23507297039}, "spectral_spread": {"dmean": 959741.25, "dmean2": 1352426.875, "dvar": 1894734626820.0, "dvar2": 3429486297090.0, "max": 40454976, "mean": 6282074, "median": 6032928.5, "min": 489798.84375, "var": 7856434708480.0}, "spectral_strongpeak": {"dmean": 0.438886106014, "dmean2": 0.746144294739, "dvar": 0.719422698021, "dvar2": 1.82527005672, "max": 12.0729942322, "mean": 0.845403015614, "median": 0.442719101906, "min": 0, "var": 1.15112328529}, "zerocrossingrate": {"dmean": 0.0147996293381, "dmean2": 0.0161662697792, "dvar": 0.000449311366538, "dvar2": 0.000484221265651, "max": 0.5166015625, "mean": 0.0614565573633, "median": 0.0478515625, "min": 0.00146484375, "var": 0.00335450284183}, "barkbands": {"dmean": [0.000527979340404, 0.0105300620198, 0.000836256775074, 0.000821056193672, 0.00246091978624, 0.00149177527055, 0.00184984318912, 0.000802557507996, 0.000649026944302, 0.00049337715609, 0.000356690172339, 0.000430768792285, 0.000335446413374, 0.000250659242738, 0.00023418184719, 0.000178565693204, 9.3811089755e-05, 0.000124086232972, 0.000138827555929, 0.00015277901548, 8.90642768354e-05, 6.3918698288e-05, 7.72334096837e-05, 0.000215768712224, 0.00023338777828, 0.000137551818625, 2.33605605899e-05], "dmean2": [0.000656602904201, 0.0158228445798, 0.00142815196887, 0.00148892088328, 0.00394372921437, 0.00234192283824, 0.00280768889934, 0.00121916318312, 0.000949447276071, 0.000766939425375, 0.000558750180062, 0.000656496442389, 0.000524694565684, 0.000396845920477, 0.000366212188965, 0.000279928761302, 0.000145973768667, 0.000191411483684, 0.000221613139729, 0.000232007136219, 0.000142023622175, 9.75043221842e-05, 0.000110367189336, 0.000314397242619, 0.000350521760993, 0.000198247493245, 3.61030106433e-05], "dvar": [1.28121291709e-06, 0.000344917032635, 5.42914267498e-06, 7.1482218118e-06, 1.5322733816e-05, 8.210249689e-06, 1.12416637421e-05, 4.34078401668e-06, 2.79639721157e-06, 1.54136932906e-06, 6.69876726533e-07, 1.42029523431e-06, 9.74393401521e-07, 5.4105549907e-07, 5.68359041608e-07, 3.72123849957e-07, 7.96383972101e-08, 5.74813228127e-08, 1.22990272189e-07, 3.49231555674e-07, 1.78689930408e-07, 3.93427477263e-08, 5.13221927179e-08, 4.28670716701e-07, 4.77386151942e-07, 1.09203647014e-07, 5.87329296309e-09], "dvar2": [2.38001098296e-06, 0.000910727132577, 1.38522382258e-05, 2.03512699954e-05, 3.73910952476e-05, 1.88443700608e-05, 2.35206371144e-05, 9.60363013291e-06, 5.62389368497e-06, 3.44285922438e-06, 1.53782548296e-06, 3.19643504554e-06, 2.06506911127e-06, 1.16143542073e-06, 1.33741434638e-06, 8.91917579793e-07, 1.77793822331e-07, 1.34731124035e-07, 3.13523599971e-07, 7.35307764899e-07, 4.28806856689e-07, 8.43508161097e-08, 8.26978023838e-08, 8.14075178823e-07, 9.96030621536e-07, 1.94482495885e-07, 1.36503688353e-08], "max": [0.0368080884218, 0.325651168823, 0.0274583473802, 0.0259072259068, 0.0531918033957, 0.0472044460475, 0.0428165644407, 0.0412795059383, 0.0634078085423, 0.0219895560294, 0.0349324084818, 0.0458164960146, 0.0314134024084, 0.0351463891566, 0.0390364937484, 0.023906884715, 0.00785250775516, 0.00474390154704, 0.0117223355919, 0.025522088632, 0.0156498365104, 0.00590942660347, 0.00954294390976, 0.0146954711527, 0.0148875676095, 0.00824062433094, 0.00126560160425], "mean": [0.00125304516405, 0.0192959271371, 0.000803446746431, 0.000657388765831, 0.00457410747185, 0.00239591952413, 0.00379221467301, 0.00135136407334, 0.00127311411779, 0.00083768524928, 0.00065318896668, 0.000846338516567, 0.000529396987986, 0.000379863369744, 0.00034149250132, 0.000279296917142, 0.000157836911967, 0.000221414084081, 0.000235751227592, 0.000283707748167, 0.000180848364835, 0.000119117001304, 0.000142930715811, 0.000383564503863, 0.000366799882613, 0.000210430196603, 2.63444107986e-05], "median": [0.000380778219551, 0.0124674141407, 5.90746058151e-05, 7.26397702238e-05, 0.00224023824558, 0.000828745309263, 0.000741319032386, 0.000253230449744, 0.000255161314271, 0.000168771162862, 0.000160965559189, 0.000181251496542, 9.83133068075e-05, 9.27398577915e-05, 0.0001025738311, 6.56741467537e-05, 4.23642341048e-05, 8.77596612554e-05, 7.49441242078e-05, 7.41738040233e-05, 2.78750794678e-05, 1.63377953868e-05, 3.69060289813e-05, 0.000105069586425, 9.55298164627e-05, 5.19753521075e-05, 3.49073775396e-06], "min": [6.62081728079e-24, 2.53785151793e-23, 2.20683806681e-23, 7.14373944869e-23, 8.07066174083e-23, 4.10213350513e-23, 4.29246292237e-23, 6.80957607597e-23, 3.25261992481e-23, 5.97792356871e-23, 7.75757294497e-23, 8.17785720934e-23, 1.88768823173e-22, 1.3011637116e-22, 2.20326780857e-22, 1.67959126877e-22, 1.41810710276e-22, 1.80905293587e-22, 2.4728174147e-22, 3.73575166465e-22, 4.52197891041e-22, 5.18619625851e-22, 4.37273349534e-22, 9.24281842165e-22, 9.49432090975e-22, 1.71268533428e-21, 2.77682168838e-21], "var": [4.21262575401e-06, 0.00059772800887, 4.59113516627e-06, 4.41852671429e-06, 3.62857645086e-05, 1.83153897524e-05, 3.70489869965e-05, 9.96525704977e-06, 1.02688782135e-05, 4.05997434427e-06, 2.05999640457e-06, 5.85824955124e-06, 2.64671484729e-06, 1.12389363949e-06, 7.39452900689e-07, 9.59842054726e-07, 1.66156652881e-07, 1.4056192299e-07, 3.23025773241e-07, 1.00504837519e-06, 6.38181802515e-07, 1.321416363e-07, 1.53060852881e-07, 1.08882125005e-06, 9.41466282711e-07, 2.70292986215e-07, 6.73898536974e-09]}, "erbbands": {"dmean": [0.425411731005, 2.00935649872, 1.10913598537, 2.12161779404, 3.95911407471, 10.7576646805, 12.7684497833, 11.3199043274, 22.9281978607, 23.7279777527, 16.9967918396, 12.7208070755, 14.9281101227, 15.2836694717, 11.1017818451, 14.7973327637, 15.8886175156, 10.2026367188, 10.7209224701, 12.6778068542, 8.69951343536, 5.36599254608, 6.519323349, 6.46844625473, 8.19365310669, 6.29795408249, 3.62836313248, 3.44408082962, 2.58756232262, 1.53138637543, 2.48611736298, 3.50499844551, 4.22109937668, 2.71899223328, 1.64624643326, 0.766157448292, 0.227218016982, 0.035910487175, 0.00394971296191, 0.000200539783691], "dmean2": [0.60178989172, 3.22285699844, 1.83906793594, 3.77388167381, 6.70531702042, 16.9527015686, 20.4233264923, 17.4311256409, 34.8888473511, 35.9313011169, 25.7646389008, 19.0955867767, 21.8776702881, 24.3123550415, 16.8325233459, 22.4190044403, 24.1451644897, 16.0860214233, 16.8499298096, 19.9957065582, 13.1643857956, 8.25170612335, 9.9726524353, 10.1402082443, 12.6173448563, 9.48827171326, 5.4918255806, 5.5125169754, 4.03365659714, 2.24541354179, 3.55899739265, 5.07613325119, 6.17297744751, 4.10009717941, 2.48563766479, 1.09698116779, 0.334394127131, 0.0529932677746, 0.00604413356632, 0.000312057032716], "dvar": [0.543256044388, 14.6832036972, 6.62347078323, 43.756313324, 69.2337646484, 352.731506348, 572.233276367, 493.553070068, 2254.65258789, 2418.99633789, 1948.10888672, 1279.55895996, 1642.10852051, 1421.04003906, 603.512573242, 1752.62609863, 2194.08325195, 860.963195801, 713.975402832, 2337.98217773, 860.259155273, 259.95211792, 174.088012695, 289.923187256, 464.329650879, 501.376617432, 202.058868408, 296.316925049, 93.2996520996, 16.194311142, 57.8564186096, 109.632331848, 171.035202026, 75.4563140869, 21.495798111, 4.07706642151, 0.298645913601, 0.00718382000923, 0.000173360444023, 4.75890942653e-07], "dvar2": [1.27857613564, 41.1610641479, 16.9595050812, 121.516990662, 189.69883728, 825.338317871, 1397.46166992, 1073.06945801, 4811.83447266, 4964.10302734, 4314.45556641, 2634.12084961, 3438.85009766, 3739.29541016, 1254.24682617, 3937.06762695, 4492.11914062, 1898.91882324, 1597.66638184, 5600.80664062, 1704.98999023, 597.856018066, 395.273345947, 732.498291016, 980.117553711, 991.127563477, 372.783111572, 835.147338867, 232.592453003, 29.4494915009, 96.3824691772, 202.04977417, 334.474578857, 158.681533813, 44.8626174927, 6.80041646957, 0.615080296993, 0.0148763544858, 0.000398818519898, 1.14237582238e-06], "max": [16.6412963867, 56.6718177795, 30.6378803253, 70.130897522, 110.320861816, 301.065734863, 369.608428955, 402.860839844, 752.741821289, 820.667663574, 815.130065918, 1652.96325684, 1315.52746582, 1153.93127441, 1228.03405762, 1658.61450195, 1561.52783203, 1259.24121094, 1247.59863281, 2215.95898438, 1361.06616211, 482.43270874, 288.61932373, 380.847351074, 759.284484863, 903.009155273, 558.423950195, 594.500305176, 304.535644531, 153.19770813, 282.940551758, 229.590896606, 268.206665039, 199.262756348, 100.394599915, 57.0663452148, 10.4223499298, 1.32244110107, 0.206877231598, 0.0146090360358], "mean": [0.813379883766, 3.24403715134, 1.65897274017, 1.84825372696, 5.84002876282, 19.3690032959, 21.5020484924, 19.0279312134, 45.03332901, 48.7396812439, 31.03399086, 24.9978027344, 27.9441051483, 30.3450202942, 21.6758499146, 29.803440094, 28.9893569946, 17.6544075012, 17.3037014008, 19.8016109467, 15.0826654434, 10.1786708832, 12.1241598129, 10.6898164749, 15.3131818771, 12.3149995804, 7.6966586113, 6.36020183563, 4.73571777344, 3.08874869347, 4.62282657623, 6.46814489365, 6.98536872864, 4.26255226135, 2.52228951454, 1.20534074306, 0.327698349953, 0.0496977753937, 0.00449332594872, 0.000249691627687], "median": [0.434872984886, 1.77153849602, 0.38744354248, 0.365203917027, 2.04404449463, 7.34762573242, 8.82356071472, 6.64646148682, 10.6802997589, 11.552280426, 8.64481925964, 6.01336097717, 6.48567295074, 8.09934425354, 7.46188211441, 6.49777603149, 5.35105133057, 4.70555114746, 5.19134092331, 5.98277759552, 3.58812475204, 2.96522092819, 4.4582862854, 4.11492538452, 4.70403862, 3.31713962555, 1.3161547184, 0.848048627377, 0.584594964981, 0.552605748177, 1.20173764229, 1.86927688122, 1.73235952854, 0.965749144554, 0.665236353874, 0.338057458401, 0.070295535028, 0.00959115661681, 0.000603162450716, 7.73729261709e-05], "min": [7.94368492248e-22, 5.55828697808e-21, 2.02146365784e-20, 1.59277077841e-19, 2.02897736586e-19, 3.09075932483e-19, 2.34318088756e-19, 4.33429509486e-19, 3.79876182268e-19, 1.3215640274e-18, 1.27491104085e-18, 8.9984098474e-19, 1.40259701835e-18, 2.97118705856e-18, 3.78283921627e-18, 2.68429249119e-18, 8.28787080021e-18, 6.34864759729e-18, 1.44182229523e-17, 6.52463192697e-18, 1.08637467965e-17, 7.44870103186e-18, 8.62050163121e-18, 9.86371356003e-18, 1.65731012399e-17, 1.81354816352e-17, 2.15909326912e-17, 1.46908021252e-17, 2.28587689597e-17, 1.37453181414e-17, 1.17224926212e-17, 1.31088316114e-17, 1.62186179515e-17, 1.22561167605e-17, 6.95915900173e-18, 5.10114466905e-18, 3.45549386259e-18, 1.61342612454e-18, 3.56489123863e-19, 4.17692572815e-20], "var": [1.21059238911, 19.5422840118, 8.20132350922, 28.8425140381, 89.1564025879, 900.263977051, 1230.20251465, 1138.29284668, 7588.82324219, 7388.01757812, 4410.70703125, 4585.05615234, 3952.46313477, 3469.28491211, 1912.57885742, 7100.86816406, 7103.90283203, 2029.82678223, 1612.44775391, 3171.39208984, 2696.11279297, 577.636108398, 484.921539307, 637.866638184, 1590.734375, 1695.1237793, 1024.47033691, 695.202453613, 254.778640747, 61.3091583252, 172.33303833, 305.075714111, 394.543151855, 145.778198242, 42.7501411438, 10.4016294479, 0.617992281914, 0.0130906291306, 0.000197501678485, 5.21644324181e-07]}, "gfcc": {"mean": [-10.7594909668, 78.2668609619, -83.2874832153, 11.5541267395, -53.3560905457, 13.6988019943, -41.174331665, 21.2670059204, -23.9475498199, 11.9522752762, -2.63852930069, 6.7172961235, -2.35537028313], "cov": [[14963.6923828, -2387.75708008, 555.109191895, 992.325012207, -331.81652832, 653.65802002, -236.86038208, 607.770751953, -243.88269043, 491.019195557, -64.766784668, 326.201751709, -242.758255005], [-2387.75708008, 2421.84130859, 164.306900024, -353.581512451, 394.035430908, -149.127914429, 168.137054443, -1.09318959713, 215.230667114, -141.283081055, 229.50201416, -113.980895996, 93.4030380249], [555.109191895, 164.306900024, 1637.59082031, 211.860610962, 155.413024902, 256.78012085, -64.6937332153, 262.964752197, 122.840560913, 99.8288574219, 36.2105712891, 98.8079299927, -24.9167003632], [992.325012207, -353.581512451, 211.860610962, 598.661621094, 132.199386597, 111.444038391, 66.2915802002, 46.8795776367, 84.7880096436, 95.9673919678, -33.5873641968, 82.4102935791, 37.3599052429], [-331.81652832, 394.035430908, 155.413024902, 132.199386597, 481.93069458, 140.887527466, 164.039016724, 56.9412727356, 139.952987671, 58.8311500549, 50.0507774353, 15.8070468903, 41.7822723389], [653.65802002, -149.127914429, 256.78012085, 111.444038391, 140.887527466, 348.794708252, 166.1300354, 112.952682495, 33.9552154541, 101.870796204, 32.3347244263, 62.6863937378, -1.09470677376], [-236.86038208, 168.137054443, -64.6937332153, 66.2915802002, 164.039016724, 166.1300354, 446.03137207, -5.9920334816, 51.4045448303, 62.4351768494, 32.5159187317, 57.5916938782, 51.272403717], [607.770751953, -1.09318959713, 262.964752197, 46.8795776367, 56.9412727356, 112.952682495, -5.9920334816, 262.001831055, 43.7080421448, 33.5169296265, 66.6854171753, 43.8102073669, 5.52998828888], [-243.88269043, 215.230667114, 122.840560913, 84.7880096436, 139.952987671, 33.9552154541, 51.4045448303, 43.7080421448, 175.052185059, 34.5472297668, 14.8440752029, 9.50323009491, 38.3688163757], [491.019195557, -141.283081055, 99.8288574219, 95.9673919678, 58.8311500549, 101.870796204, 62.4351768494, 33.5169296265, 34.5472297668, 134.189147949, 18.5132732391, 43.4024658203, -5.59794044495], [-64.766784668, 229.50201416, 36.2105712891, -33.5873641968, 50.0507774353, 32.3347244263, 32.5159187317, 66.6854171753, 14.8440752029, 18.5132732391, 146.020217896, 24.5195903778, 3.48182344437], [326.201751709, -113.980895996, 98.8079299927, 82.4102935791, 15.8070468903, 62.6863937378, 57.5916938782, 43.8102073669, 9.50323009491, 43.4024658203, 24.5195903778, 129.117340088, 26.4974937439], [-242.758255005, 93.4030380249, -24.9167003632, 37.3599052429, 41.7822723389, -1.09470677376, 51.272403717, 5.52998828888, 38.3688163757, -5.59794044495, 3.48182344437, 26.4974937439, 107.368690491]], "icov": [[0.000114918642794, -9.60955094342e-06, 5.19801251357e-05, -0.000173557535163, 9.89603722701e-05, -0.000130950415041, 0.000106551873614, -0.00026742022601, 0.000212142927921, -0.000300463871099, 0.000137761890073, -0.000114124486572, 0.000195909015019], [-9.60955094342e-06, 0.00104426406324, -0.000316781603033, 0.000589497678448, -0.000679337885231, 0.000693250971381, -0.000507723714691, 0.000374535506126, -0.000907198293135, 0.00104425684549, -0.00156805629376, 0.000769175647292, -0.000474537431728], [5.19801251357e-05, -0.000316781603033, 0.000986256520264, -0.000343392923241, 0.000157066984684, -0.000762938754633, 0.0006010804791, -0.00073910021456, -0.000102396457805, -0.000406907493016, 0.000684980710503, -0.000720459851436, 0.000594561628532], [-0.000173557535163, 0.000589497678448, -0.000343392923241, 0.00283682672307, -0.000891314062756, 0.000468044396257, -0.000304972665617, 0.000545062648598, -0.00128770072479, -3.46280212398e-05, -1.08261556306e-05, -0.000456375710201, -0.000931491202209], [9.89603722701e-05, -0.000679337885231, 0.000157066984684, -0.000891314062756, 0.00383067433722, -0.00135653477628, -0.000251458084676, -0.000276247912552, -0.00126147503033, -0.000816303072497, 0.000216322223423, 0.000296204118058, 0.000119212767459], [-0.000130950415041, 0.000693250971381, -0.000762938754633, 0.000468044396257, -0.00135653477628, 0.00619461527094, -0.00219428655691, -0.00121301366016, 0.000383887410862, -0.00144824839663, -0.000627909786999, 0.000315209850669, 0.000192189443624], [0.000106551873614, -0.000507723714691, 0.0006010804791, -0.000304972665617, -0.000251458084676, -0.00219428655691, 0.00388008845039, 0.000514992629178, 0.000243266345933, -0.00100645923521, 0.000456253328593, -0.00141875888221, -0.000679788237903], [-0.00026742022601, 0.000374535506126, -0.00073910021456, 0.000545062648598, -0.000276247912552, -0.00121301366016, 0.000514992629178, 0.00662758294493, -0.00176970125176, 0.00161615049001, -0.0031358320266, -0.000264588365098, -0.00090011197608], [0.000212142927921, -0.000907198293135, -0.000102396457805, -0.00128770072479, -0.00126147503033, 0.000383887410862, 0.000243266345933, -0.00176970125176, 0.00994941964746, -0.00313186971471, 0.00171506754123, 0.000367561064195, -0.00170215230901], [-0.000300463871099, 0.00104425684549, -0.000406907493016, -3.46280212398e-05, -0.000816303072497, -0.00144824839663, -0.00100645923521, 0.00161615049001, -0.00313186971471, 0.0131234647706, -0.00277032889426, -0.00118636782281, 0.00121616479009], [0.000137761890073, -0.00156805629376, 0.000684980710503, -1.08261556306e-05, 0.000216322223423, -0.000627909786999, 0.000456253328593, -0.0031358320266, 0.00171506754123, -0.00277032889426, 0.011195352301, -0.00268484745175, 0.00123356562108], [-0.000114124486572, 0.000769175647292, -0.000720459851436, -0.000456375710201, 0.000296204118058, 0.000315209850669, -0.00141875888221, -0.000264588365098, 0.000367561064195, -0.00118636782281, -0.00268484745175, 0.0116549655795, -0.00333893718198], [0.000195909015019, -0.000474537431728, 0.000594561628532, -0.000931491202209, 0.000119212767459, 0.000192189443624, -0.000679788237903, -0.00090011197608, -0.00170215230901, 0.00121616479009, 0.00123356562108, -0.00333893718198, 0.012413806282]]}, "melbands": {"dmean": [0.00333275645971, 0.00119310372975, 0.000388930580812, 0.000508887285832, 0.000452443870017, 0.000271808501566, 0.000347429770045, 0.000242155074375, 0.000135647685966, 8.21007924969e-05, 7.89210535004e-05, 6.61941448925e-05, 4.29048304795e-05, 3.94719027099e-05, 4.85967066197e-05, 3.32314957632e-05, 1.93078849406e-05, 1.98123543669e-05, 1.96815126401e-05, 1.46929423863e-05, 9.86720715446e-06, 5.84580811847e-06, 6.12503845332e-06, 5.8686759985e-06, 5.55818996872e-06, 5.46566297999e-06, 7.34184959583e-06, 3.95093729821e-06, 2.24429118134e-06, 2.32252227761e-06, 2.30222440223e-06, 1.68930910149e-06, 1.09430254724e-06, 8.51876166053e-07, 1.3448094478e-06, 1.88705291748e-06, 2.45005276156e-06, 3.04099944515e-06, 3.11334906655e-06, 2.21494337893e-06], "dmean2": [0.00489125680178, 0.00195237714797, 0.000684195081703, 0.000818994187284, 0.000718665367458, 0.000415324844653, 0.000530237564817, 0.000366205553291, 0.000203766219784, 0.000121630328067, 0.000115439281217, 0.000104608094261, 6.52674279991e-05, 6.01863248448e-05, 7.35076828278e-05, 5.15790598001e-05, 3.06092661049e-05, 3.16772056976e-05, 3.07775808324e-05, 2.30324149015e-05, 1.49686284203e-05, 9.12035466172e-06, 9.3431035566e-06, 9.28003100853e-06, 8.81975211087e-06, 8.71502834343e-06, 1.15114935397e-05, 6.01284455115e-06, 3.38772360919e-06, 3.7917118334e-06, 3.79460811928e-06, 2.68670783043e-06, 1.70165321833e-06, 1.29423347062e-06, 1.99072405849e-06, 2.77283629657e-06, 3.64787001672e-06, 4.51155392511e-06, 4.74265061712e-06, 3.38176005243e-06], "dvar": [3.3272041037e-05, 5.66134622204e-06, 1.29228862988e-06, 6.99535917192e-07, 6.21392132416e-07, 2.56578687186e-07, 4.46032288437e-07, 2.43888933937e-07, 1.17785404541e-07, 5.06717974247e-08, 4.41406982077e-08, 2.61562416171e-08, 9.11239173007e-09, 1.63837050593e-08, 2.38652173579e-08, 1.22995302831e-08, 3.82911879981e-09, 3.18709769687e-09, 4.63671101514e-09, 2.97117863646e-09, 1.11996334429e-09, 3.02736807845e-10, 2.24348789546e-10, 1.39250930231e-10, 2.52543458368e-10, 1.65496463755e-10, 7.87926390799e-10, 1.91469243238e-10, 6.42038228138e-11, 7.96370053235e-11, 1.9248833083e-10, 4.09495007347e-11, 1.11921531071e-11, 4.48296217856e-12, 1.88066940493e-11, 3.24506498062e-11, 5.65483805615e-11, 9.48996575767e-11, 1.0112634341e-10, 4.75855362059e-11], "dvar2": [8.47875926411e-05, 1.53819401021e-05, 3.59025307262e-06, 1.72454508629e-06, 1.50815412781e-06, 5.59147679269e-07, 9.57161319093e-07, 5.08313860337e-07, 2.55821476003e-07, 1.02782337308e-07, 9.10290580691e-08, 6.77669831362e-08, 1.83760882067e-08, 3.48824151786e-08, 5.4807699712e-08, 2.54192098481e-08, 8.60302584726e-09, 6.99204694143e-09, 1.08466151616e-08, 7.07060099359e-09, 2.20511653382e-09, 7.00558167033e-10, 4.86496620766e-10, 3.39478306577e-10, 6.68568367335e-10, 3.76701142502e-10, 1.8099520771e-09, 3.89540483203e-10, 1.18698231799e-10, 1.74736239367e-10, 5.90517856836e-10, 1.06279415824e-10, 2.23266283933e-11, 8.56608013688e-12, 3.36722837113e-11, 6.01201866068e-11, 1.0951314855e-10, 1.94838936651e-10, 2.06316699836e-10, 1.05013581164e-10], "max": [0.115153759718, 0.0358493961394, 0.0114906439558, 0.0112659391016, 0.0108016803861, 0.00791497621685, 0.0102208992466, 0.00763084972277, 0.00644604396075, 0.0088823903352, 0.00671646185219, 0.00485258875415, 0.00545928627253, 0.00460640667006, 0.00730289006606, 0.0041719218716, 0.00260492926463, 0.00298898806795, 0.00365916197188, 0.00168260117061, 0.00131940294523, 0.000505674048327, 0.000420737866079, 0.000249787466601, 0.000358219549526, 0.000487073295517, 0.0012013297528, 0.000429834646638, 0.000306418951368, 0.000296693033306, 0.000432507280493, 0.000156924172188, 0.000111228400783, 8.98165380931e-05, 0.000148394930875, 0.000202099996386, 0.000192205843632, 0.000221409456572, 0.000224039307795, 0.000163780947332], "mean": [0.00619165459648, 0.00202611321583, 0.000373997725546, 0.000909290625714, 0.000808589335065, 0.000467313075205, 0.000697026553098, 0.000483948737383, 0.000237520886003, 0.000160192474141, 0.00014297272719, 0.000127232531668, 8.1099999079e-05, 6.87545980327e-05, 9.12986579351e-05, 5.28290147486e-05, 3.06401343551e-05, 2.94401215797e-05, 2.81284483208e-05, 2.16156058741e-05, 1.60494200827e-05, 1.00873912743e-05, 1.0832359294e-05, 9.81898756436e-06, 8.33536614664e-06, 9.57856900641e-06, 1.28631845655e-05, 7.01480666976e-06, 4.41277961727e-06, 4.46604508397e-06, 3.56810301128e-06, 2.8681281492e-06, 1.95645247913e-06, 1.58268437644e-06, 2.42568444264e-06, 3.23938456859e-06, 4.31515491073e-06, 4.8806164159e-06, 4.69088627142e-06, 3.23237054545e-06], "median": [0.00377734424546, 0.000915189040825, 8.77262791619e-05, 0.000369972374756, 0.000357223907486, 0.000151733867824, 0.000163654098287, 8.76050035004e-05, 4.86736826133e-05, 3.11660114676e-05, 3.01606305584e-05, 3.27557645505e-05, 2.53315320151e-05, 1.6219149984e-05, 1.28818101075e-05, 9.56624899118e-06, 7.43015334592e-06, 7.071370419e-06, 8.6375466708e-06, 5.41786312169e-06, 3.34783089784e-06, 2.71110229733e-06, 3.10066752718e-06, 3.99130203732e-06, 2.94782239507e-06, 3.06667561745e-06, 3.4918559777e-06, 1.56334772328e-06, 7.79586514454e-07, 5.76700301735e-07, 4.06213416682e-07, 2.98596489756e-07, 3.05717833271e-07, 2.7039448014e-07, 5.30263832843e-07, 9.44428848015e-07, 1.12091379378e-06, 1.14229260362e-06, 1.03016895991e-06, 6.46151988803e-07], "min": [7.69394026891e-24, 9.38011152116e-24, 2.88477534688e-23, 1.64347857337e-23, 1.09581062775e-23, 8.94374206738e-24, 6.87645791232e-24, 1.57464067752e-23, 8.94940924412e-24, 5.25133857768e-24, 6.92951669681e-24, 1.15236919364e-23, 1.08294359641e-23, 9.47905203361e-24, 8.03681550592e-24, 2.25374673391e-23, 8.61911002766e-24, 2.50075454501e-23, 1.01365802199e-23, 1.03226985398e-23, 1.18893163442e-23, 7.7425656551e-24, 8.14306718124e-24, 7.67907418515e-24, 7.70945874063e-24, 1.04369776637e-23, 1.16803336797e-23, 1.20472478751e-23, 1.51536866677e-23, 9.79312517011e-24, 7.50878672584e-24, 1.61897040054e-23, 6.72269551126e-24, 8.45531647133e-24, 6.94424709649e-24, 6.19282750198e-24, 8.68691420019e-24, 9.40776898449e-24, 1.39302391344e-23, 9.53655289385e-24], "var": [6.36137629044e-05, 7.97123448137e-06, 8.9570818318e-07, 1.65684116382e-06, 1.38245445669e-06, 6.39527286239e-07, 1.46496620346e-06, 7.14165196314e-07, 2.93294789344e-07, 1.89049529808e-07, 1.09507958257e-07, 6.28259897439e-08, 2.95502786685e-08, 4.28712709777e-08, 1.01485269965e-07, 3.70273909311e-08, 8.12066058842e-09, 6.76728806326e-09, 5.85065018655e-09, 4.85814055651e-09, 3.31111982277e-09, 6.19856943551e-10, 5.58230517367e-10, 2.7553509474e-10, 4.85367079861e-10, 4.83959317066e-10, 1.95542737558e-09, 5.73188774222e-10, 3.19144655148e-10, 3.01460884033e-10, 3.04223646275e-10, 1.04452543837e-10, 3.23582723116e-11, 1.54557547316e-11, 5.40221166412e-11, 7.62632595963e-11, 1.50387105546e-10, 2.04583391894e-10, 1.97936472768e-10, 8.4118711996e-11]}, "mfcc": {"mean": [-666.801696777, 124.51990509, 22.5764007568, 8.42447662354, 12.3747425079, -7.67844057083, 7.57535743713, -0.0444103628397, -3.79451227188, 7.41131687164, -1.56095194817, 1.92869102955, 4.39312458038], "cov": [[10586.0683594, -1777.7746582, -170.900283813, 268.412658691, 218.652511597, -21.4052028656, 246.041717529, 52.2558822632, -53.1396942139, 163.758636475, 8.94643878937, 179.174697876, 89.3997955322], [-1777.7746582, 2042.49462891, 186.920501709, -58.1396560669, 149.112854004, -55.6750335693, 85.3480300903, 137.180740356, -23.8030891418, 97.1877746582, 95.9001541138, 56.1984519958, 77.2381210327], [-170.900283813, 186.920501709, 1219.66601562, 102.261634827, 276.251495361, 13.4222393036, 17.376832962, 90.1198654175, 81.1728057861, 59.9643249512, 25.8866481781, 55.4525299072, 102.114570618], [268.412658691, -58.1396560669, 102.261634827, 438.986450195, 135.926010132, 140.321975708, 7.74153804779, 47.2557678223, 118.371551514, 3.55177927017, 30.2907752991, 49.99193573, 56.5059776306], [218.652511597, 149.112854004, 276.251495361, 135.926010132, 484.256469727, -4.22958421707, 13.3094797134, 66.8524093628, 60.1203956604, 89.7073669434, 29.1889781952, 93.9064712524, 58.4586181641], [-21.4052028656, -55.6750335693, 13.4222393036, 140.321975708, -4.22958421707, 424.081542969, 131.269836426, 60.3806495667, 148.609130859, 30.390499115, 118.126274109, 12.6275310516, 24.0469989777], [246.041717529, 85.3480300903, 17.376832962, 7.74153804779, 13.3094797134, 131.269836426, 274.555114746, 122.207168579, 46.5260696411, 69.6879272461, 80.1011047363, 35.9433784485, 40.521156311], [52.2558822632, 137.180740356, 90.1198654175, 47.2557678223, 66.8524093628, 60.3806495667, 122.207168579, 212.048156738, 60.0438270569, 61.3152809143, 50.9846382141, 41.4943771362, 67.0857467651], [-53.1396942139, -23.8030891418, 81.1728057861, 118.371551514, 60.1203956604, 148.609130859, 46.5260696411, 60.0438270569, 216.693481445, 42.4630813599, 40.4819488525, 11.1811714172, 13.8046255112], [163.758636475, 97.1877746582, 59.9643249512, 3.55177927017, 89.7073669434, 30.390499115, 69.6879272461, 61.3152809143, 42.4630813599, 151.956558228, 51.3045425415, 27.6275978088, 23.9177818298], [8.94643878937, 95.9001541138, 25.8866481781, 30.2907752991, 29.1889781952, 118.126274109, 80.1011047363, 50.9846382141, 40.4819488525, 51.3045425415, 135.376861572, 38.8601341248, 21.272026062], [179.174697876, 56.1984519958, 55.4525299072, 49.99193573, 93.9064712524, 12.6275310516, 35.9433784485, 41.4943771362, 11.1811714172, 27.6275978088, 38.8601341248, 111.218849182, 47.9662895203], [89.3997955322, 77.2381210327, 102.114570618, 56.5059776306, 58.4586181641, 24.0469989777, 40.521156311, 67.0857467651, 13.8046255112, 23.9177818298, 21.272026062, 47.9662895203, 107.928504944]], "icov": [[0.000129463820485, 0.000131413224153, 2.43478207267e-05, -8.57035120134e-05, -3.9071066567e-05, 6.99123338563e-05, -0.00015770146274, 3.09802489937e-05, 0.000111553490569, -0.000166573547176, 1.96747805603e-05, -0.000137543189339, -5.40158980584e-05], [0.000131413224153, 0.000688870204613, -8.64503817866e-06, 1.80816387001e-05, -0.000153006330947, 0.000245671952143, -0.000154092544108, -0.000206797456485, 0.000213483232073, -0.000251597870374, -0.00042978010606, -3.13824930345e-05, -0.000261488428805], [2.43478207267e-05, -8.64503817866e-06, 0.00101200770587, 3.26448534906e-05, -0.000509720121045, 8.3532249846e-05, 6.32302399026e-05, -5.56669219804e-05, -0.000263697176706, 2.8563918022e-05, -5.4175787227e-05, 0.000247006537393, -0.00079192884732], [-8.57035120134e-05, 1.80816387001e-05, 3.26448534906e-05, 0.00337192299776, -0.000720209325664, -0.000909391383175, 0.000670273904689, -0.000139888346894, -0.00127052690368, 0.000908571004402, 0.000205606542295, -0.000527742726263, -0.00115501345135], [-3.9071066567e-05, -0.000153006330947, -0.000509720121045, -0.000720209325664, 0.00328785274178, 0.000296988000628, 0.000446593097877, -0.00015860023268, -0.000301760504954, -0.00150820228737, 0.000397918134695, -0.00203289743513, 0.000282962952042], [6.99123338563e-05, 0.000245671952143, 8.3532249846e-05, -0.000909391383175, 0.000296988000628, 0.00474117789418, -0.00158239353914, 0.000639350444544, -0.00220255018212, 0.00073570542736, -0.00333319976926, 0.00105478602927, -0.000550308905076], [-0.00015770146274, -0.000154092544108, 6.32302399026e-05, 0.000670273904689, 0.000446593097877, -0.00158239353914, 0.00640169344842, -0.00281761586666, 0.000367479166016, -0.0011779362103, -0.000968402717263, -0.000605942157563, -3.70900597773e-05], [3.09802489937e-05, -0.000206797456485, -5.56669219804e-05, -0.000139888346894, -0.00015860023268, 0.000639350444544, -0.00281761586666, 0.00825069006532, -0.00152548414189, -0.000826874922495, -0.000482172734337, 4.31100343121e-05, -0.00342464610003], [0.000111553490569, 0.000213483232073, -0.000263697176706, -0.00127052690368, -0.000301760504954, -0.00220255018212, 0.000367479166016, -0.00152548414189, 0.00750189553946, -0.00160945672542, 0.000613225565758, 0.000239241970121, 0.00130386534147], [-0.000166573547176, -0.000251597870374, 2.8563918022e-05, 0.000908571004402, -0.00150820228737, 0.00073570542736, -0.0011779362103, -0.000826874922495, -0.00160945672542, 0.00979523733258, -0.00269914488308, 0.00065221497789, -0.000298193423077], [1.96747805603e-05, -0.00042978010606, -5.4175787227e-05, 0.000205606542295, 0.000397918134695, -0.00333319976926, -0.000968402717263, -0.000482172734337, 0.000613225565758, -0.00269914488308, 0.0129748508334, -0.00371775752865, 0.001040021074], [-0.000137543189339, -3.13824930345e-05, 0.000247006537393, -0.000527742726263, -0.00203289743513, 0.00105478602927, -0.000605942157563, 4.31100343121e-05, 0.000239241970121, 0.00065221497789, -0.00371775752865, 0.0141704613343, -0.00449433783069], [-5.40158980584e-05, -0.000261488428805, -0.00079192884732, -0.00115501345135, 0.000282962952042, -0.000550308905076, -3.70900597773e-05, -0.00342464610003, 0.00130386534147, -0.000298193423077, 0.001040021074, -0.00449433783069, 0.0146549250931]]}, "spectral_contrast_coeffs": {"dmean": [0.0503140240908, 0.0491663143039, 0.0409808568656, 0.0335671491921, 0.0251273233443, 0.0164157710969], "dmean2": [0.0797039046884, 0.0786361396313, 0.0667514130473, 0.0541811734438, 0.0399120114744, 0.0257452093065], "dvar": [0.0019771407824, 0.00165530003142, 0.00112315709703, 0.000791555736214, 0.000479011359857, 0.00024486289476], "dvar2": [0.00471517490223, 0.00389198772609, 0.00282399286516, 0.00197128462605, 0.00113682739902, 0.000521961017512], "max": [-0.177034646273, -0.402664512396, -0.467253506184, -0.537204563618, -0.562033295631, -0.587544500828], "mean": [-0.613293707371, -0.693055927753, -0.753875792027, -0.778128921986, -0.786194562912, -0.816434442997], "median": [-0.62655633688, -0.698983252048, -0.760403633118, -0.784173130989, -0.792768359184, -0.822240173817], "min": [-0.952531218529, -0.975918829441, -0.962517976761, -0.95273911953, -0.958329677582, -0.964791476727], "var": [0.0119489626959, 0.00816835649312, 0.00523353647441, 0.00365008763038, 0.00258082500659, 0.00186192512047]}, "spectral_contrast_valleys": {"dmean": [0.432989746332, 0.418815821409, 0.369164913893, 0.384988129139, 0.363367080688, 0.403161168098], "dmean2": [0.653615653515, 0.65910255909, 0.589251339436, 0.571991086006, 0.505818367004, 0.506610095501], "dvar": [0.258829623461, 0.165591001511, 0.149820655584, 0.181162014604, 0.20061545074, 0.270018488169], "dvar2": [0.454617887735, 0.350679308176, 0.311706900597, 0.344556599855, 0.337595105171, 0.43162804842], "max": [-4.80613279343, -4.63423681259, -5.44985866547, -5.71403455734, -5.15021467209