{"lowlevel": {"average_loudness": 0.962478756905, "barkbands_crest": {"dmean": 3.13116550446, "dmean2": 5.22440338135, "dvar": 11.3561458588, "dvar2": 28.48969841, "max": 26.5446186066, "mean": 12.6945562363, "median": 11.7397127151, "min": 3.73567318916, "var": 21.8347740173}, "barkbands_flatness_db": {"dmean": 0.0351171754301, "dmean2": 0.0549479089677, "dvar": 0.00143519649282, "dvar2": 0.00359609932639, "max": 0.422258973122, "mean": 0.17994363606, "median": 0.168162554502, "min": 0.0361261107028, "var": 0.00455484492704}, "barkbands_kurtosis": {"dmean": 14.5463323593, "dmean2": 24.2352714539, "dvar": 1838.55822754, "dvar2": 4585.98583984, "max": 758.18963623, "mean": 20.7083625793, "median": 11.6683969498, "min": -1.759354949, "var": 1903.484375}, "barkbands_skewness": {"dmean": 1.04653835297, "dmean2": 1.68743515015, "dvar": 2.88852572441, "dvar2": 6.71013355255, "max": 23.4646453857, "mean": 3.4089410305, "median": 2.98403263092, "min": -4.04275178909, "var": 4.73264551163}, "barkbands_spread": {"dmean": 5.81574726105, "dmean2": 9.86737728119, "dvar": 71.7097167969, "dvar2": 200.240005493, "max": 112.588470459, "mean": 12.6228103638, "median": 9.6924123764, "min": 0.304368317127, "var": 131.825546265}, "dissonance": {"dmean": 0.0178448446095, "dmean2": 0.0292822606862, "dvar": 0.000280656997347, "dvar2": 0.00072045228444, "max": 0.500000059605, "mean": 0.461721509695, "median": 0.46704646945, "min": 0.262385338545, "var": 0.000694163492881}, "dynamic_complexity": 2.98899769783, "erbbands_crest": {"dmean": 2.27281880379, "dmean2": 3.55736041069, "dvar": 5.25582361221, "dvar2": 12.8787984848, "max": 31.6541042328, "mean": 8.156457901, "median": 7.46112251282, "min": 2.311429739, "var": 12.064043045}, "erbbands_flatness_db": {"dmean": 0.0221130289137, "dmean2": 0.0307229198515, "dvar": 0.000567860435694, "dvar2": 0.00110249232966, "max": 0.381661742926, "mean": 0.126852452755, "median": 0.116015642881, "min": 0.0300519559532, "var": 0.00252816150896}, "erbbands_kurtosis": {"dmean": 0.849658310413, "dmean2": 1.29211759567, "dvar": 2.04109239578, "dvar2": 4.20450544357, "max": 42.2690391541, "mean": 0.109321810305, "median": -0.510502576828, "min": -1.73111402988, "var": 4.33762168884}, "erbbands_skewness": {"dmean": 0.390294015408, "dmean2": 0.579653680325, "dvar": 0.151792436838, "dvar2": 0.360405951738, "max": 4.03702831268, "mean": 0.601027667522, "median": 0.574481129646, "min": -4.68320608139, "var": 0.496417343616}, "erbbands_spread": {"dmean": 10.563331604, "dmean2": 15.7562685013, "dvar": 172.101867676, "dvar2": 388.043731689, "max": 174.062133789, "mean": 50.5712776184, "median": 48.5736618042, "min": 1.77273201942, "var": 411.507385254}, "hfc": {"dmean": 9.61260986328, "dmean2": 14.9534473419, "dvar": 258.683837891, "dvar2": 687.879821777, "max": 156.996017456, "mean": 21.3519287109, "median": 17.6459178925, "min": 1.13973484365e-16, "var": 307.726867676}, "melbands_crest": {"dmean": 3.59767389297, "dmean2": 5.84676599503, "dvar": 11.793419838, "dvar2": 29.7376079559, "max": 36.9320373535, "mean": 17.0359039307, "median": 16.2661437988, "min": 2.36014819145, "var": 30.3590335846}, "melbands_flatness_db": {"dmean": 0.0405993275344, "dmean2": 0.0643934756517, "dvar": 0.00197933707386, "dvar2": 0.00504098366946, "max": 0.581646084785, "mean": 0.290730983019, "median": 0.280265688896, "min": 0.00569698540494, "var": 0.00647789333016}, "melbands_kurtosis": {"dmean": 27.0689258575, "dmean2": 41.9633293152, "dvar": 3578.66455078, "dvar2": 8110.38378906, "max": 962.480285645, "mean": 47.5190315247, "median": 26.2449607849, "min": -1.51697814465, "var": 5956.91113281}, "melbands_skewness": {"dmean": 1.24706709385, "dmean2": 1.86547470093, "dvar": 2.56639862061, "dvar2": 5.25115633011, "max": 23.152338028, "mean": 4.76377916336, "median": 4.07300710678, "min": -2.41575241089, "var": 6.74721336365}, "melbands_spread": {"dmean": 3.39887356758, "dmean2": 5.6590089798, "dvar": 27.4857158661, "dvar2": 71.4573898315, "max": 174.710296631, "mean": 8.58448886871, "median": 6.54938745499, "min": 0.261123180389, "var": 98.6913375854}, "pitch_salience": {"dmean": 0.0889756083488, "dmean2": 0.146156072617, "dvar": 0.00814624503255, "dvar2": 0.0203290227801, "max": 0.883820772171, "mean": 0.517138242722, "median": 0.531136751175, "min": 0.0477088093758, "var": 0.0181144289672}, "silence_rate_20dB": {"dmean": 0.00225479132496, "dmean2": 0.00451021827757, "dvar": 0.00224946765229, "dvar2": 0.00674405880272, "max": 1, "mean": 0.998872756958, "median": 1, "min": 0, "var": 0.00112608808558}, "silence_rate_30dB": {"dmean": 0.147406995296, "dmean2": 0.29485553503, "dvar": 0.125679314137, "dvar2": 0.233270660043, "max": 1, "mean": 0.812737762928, "median": 1, "min": 0, "var": 0.152203440666}, "silence_rate_60dB": {"dmean": 0.00169109355193, "dmean2": 0.00338266394101, "dvar": 0.00168823485728, "dvar2": 0.00393500039354, "max": 1, "mean": 0.0414259545505, "median": 0, "min": 0, "var": 0.0397084020078}, "spectral_centroid": {"dmean": 217.934112549, "dmean2": 349.338012695, "dvar": 82719.7890625, "dvar2": 200023.46875, "max": 11523.3164062, "mean": 765.124084473, "median": 656.252990723, "min": 141.237640381, "var": 233861.875}, "spectral_complexity": {"dmean": 4.42981958389, "dmean2": 6.78534173965, "dvar": 29.5278453827, "dvar2": 66.0004959106, "max": 56, "mean": 17.0542488098, "median": 17, "min": 0, "var": 78.9184341431}, "spectral_decrease": {"dmean": 9.24903265087e-09, "dmean2": 1.46318699379e-08, "dvar": 2.1754386889e-16, "dvar2": 4.7084263961e-16, "max": 1.88356410547e-16, "mean": -1.89651707672e-08, "median": -1.49800865046e-08, "min": -1.26464200889e-07, "var": 2.69930050881e-16}, "spectral_energy": {"dmean": 0.035327680409, "dmean2": 0.0556631796062, "dvar": 0.00312952534296, "dvar2": 0.00671502063051, "max": 0.480325132608, "mean": 0.0735156536102, "median": 0.0582128092647, "min": 1.04087464587e-20, "var": 0.00395172601566}, "spectral_energyband_high": {"dmean": 0.000655772630125, "dmean2": 0.00114316784311, "dvar": 2.26409747484e-06, "dvar2": 6.42470513412e-06, "max": 0.0127213811502, "mean": 0.000699457828887, "median": 0.000286980503006, "min": 7.34337020495e-21, "var": 1.65425149135e-06}, "spectral_energyband_low": {"dmean": 0.0319376662374, "dmean2": 0.0508873984218, "dvar": 0.00311585119925, "dvar2": 0.00672979000956, "max": 0.464681059122, "mean": 0.050482288003, "median": 0.0316364280879, "min": 2.45337981889e-23, "var": 0.00366306770593}, "spectral_energyband_middle_high": {"dmean": 0.00119308684953, "dmean2": 0.00185582903214, "dvar": 3.12887118525e-06, "dvar2": 7.8466382547e-06, "max": 0.0228223837912, "mean": 0.00276623875834, "median": 0.00220330688171, "min": 1.45777708752e-21, "var": 5.64415404369e-06}, "spectral_energyband_middle_low": {"dmean": 0.00795256253332, "dmean2": 0.0131141440943, "dvar": 0.000168752201716, "dvar2": 0.000446994468803, "max": 0.211746871471, "mean": 0.0227456837893, "median": 0.0203756727278, "min": 3.0321816432e-22, "var": 0.000299698556773}, "spectral_entropy": {"dmean": 0.280310988426, "dmean2": 0.408526241779, "dvar": 0.0983516797423, "dvar2": 0.223999202251, "max": 9.80686473846, "mean": 7.27196121216, "median": 7.3195810318, "min": 5.26234960556, "var": 0.325657069683}, "spectral_flux": {"dmean": 0.053834784776, "dmean2": 0.0802635326982, "dvar": 0.00451122689992, "dvar2": 0.00885727163404, "max": 0.533074438572, "mean": 0.125341832638, "median": 0.0913394317031, "min": 6.47815828758e-11, "var": 0.00983487255871}, "spectral_kurtosis": {"dmean": 3.05258536339, "dmean2": 4.78381490707, "dvar": 25.1936702728, "dvar2": 55.915309906, "max": 106.294563293, "mean": 8.11859035492, "median": 6.08315658569, "min": -1.19937121868, "var": 67.8893508911}, "spectral_rms": {"dmean": 0.00179267255589, "dmean2": 0.00276263011619, "dvar": 5.54847338208e-06, "dvar2": 1.08970298243e-05, "max": 0.0216473992914, "mean": 0.00777231389657, "median": 0.00753611233085, "min": 3.18667141286e-12, "var": 1.1313687537e-05}, "spectral_rolloff": {"dmean": 195.196502686, "dmean2": 352.013031006, "dvar": 329087.96875, "dvar2": 843751.875, "max": 19573.6816406, "mean": 566.680786133, "median": 322.998046875, "min": 64.599609375, "var": 3101612}, "spectral_skewness": {"dmean": 0.345439523458, "dmean2": 0.529994785786, "dvar": 0.191438749433, "dvar2": 0.430143415928, "max": 8.33902931213, "mean": 2.18528342247, "median": 2.05989575386, "min": -0.0873153656721, "var": 0.595116555691}, "spectral_spread": {"dmean": 1064563.25, "dmean2": 1626684.5, "dvar": 1794957770750.0, "dvar2": 4060593520640.0, "max": 40991044, "mean": 5325896, "median": 5218301.5, "min": 828091.8125, "var": 5267783680000.0}, "spectral_strongpeak": {"dmean": 0.285957366228, "dmean2": 0.493633657694, "dvar": 0.123725175858, "dvar2": 0.324912071228, "max": 6.46626138687, "mean": 0.583729326725, "median": 0.489538192749, "min": 0, "var": 0.191331908107}, "zerocrossingrate": {"dmean": 0.0104010235518, "dmean2": 0.0145314428955, "dvar": 0.000131874709041, "dvar2": 0.000234280014411, "max": 0.5751953125, "mean": 0.040848646313, "median": 0.033203125, "min": 0.00244140625, "var": 0.00223380280659}, "barkbands": {"dmean": [0.00193671695888, 0.0273410044611, 0.00705736503005, 0.00429148087278, 0.00377971539274, 0.00228910893202, 0.000464065728011, 0.000257846957538, 0.000292726501357, 9.67314772424e-05, 0.000152895896463, 0.000174910470378, 0.000141104173963, 0.000177871828782, 0.000259743625065, 0.000310894974973, 0.000158578899573, 0.000149531595525, 0.00012260589574, 0.000106829473225, 9.31945614866e-05, 8.48653871799e-05, 5.55055121367e-05, 0.000104841979919, 0.000178766393219, 9.27749715629e-05, 4.0953655116e-05], "dmean2": [0.0031381349545, 0.0446351245046, 0.0125815030187, 0.00725455023348, 0.00623858114704, 0.00330419861712, 0.000724610697944, 0.000429663545219, 0.000397484196583, 0.000157246744493, 0.000243097980274, 0.000300218263874, 0.000246496638283, 0.000290002499241, 0.000404781254474, 0.000488106656121, 0.000259678083239, 0.000246129668085, 0.000191442362848, 0.000184758682735, 0.000167130448972, 0.00015847569739, 9.9144584965e-05, 0.000187915822607, 0.000322629261063, 0.000153715940542, 6.04867345828e-05], "dvar": [1.40656156873e-05, 0.00291008478962, 0.000160337673151, 5.74814948777e-05, 5.05020252604e-05, 9.54611823545e-06, 4.77606306504e-07, 1.82280174954e-07, 1.78376907911e-07, 3.77514020045e-08, 7.82452076464e-08, 9.07487134327e-08, 1.01707271938e-07, 8.39160705368e-08, 1.93978280549e-07, 2.23391580789e-07, 5.98874123625e-08, 7.47889146169e-08, 4.02750472972e-08, 6.05256360586e-08, 5.88388573419e-08, 6.85594940819e-08, 2.13439985686e-08, 7.59089573421e-08, 2.36624828176e-07, 3.65290517834e-08, 4.92795981799e-09], "dvar2": [3.50463087671e-05, 0.00675405841321, 0.000461401679786, 0.000155247747898, 0.00013598955411, 2.03348990908e-05, 1.19363176054e-06, 4.85415228013e-07, 3.05550486246e-07, 9.21601213122e-08, 1.98756310965e-07, 2.49868605806e-07, 2.87435057089e-07, 2.14558255607e-07, 4.5421120376e-07, 5.23263850027e-07, 1.49516736769e-07, 1.90595429217e-07, 9.72523537257e-08, 1.6757071819e-07, 1.69542033746e-07, 1.99921160515e-07, 6.10772588061e-08, 2.15519207813e-07, 6.78018977851e-07, 9.9925621555e-08, 1.03442641119e-08], "max": [0.050286449492, 0.437702834606, 0.145647719502, 0.123487263918, 0.130204707384, 0.0364720970392, 0.0115188304335, 0.0064503941685, 0.00690526608378, 0.00480154063553, 0.00491561274976, 0.00473715784028, 0.00453051039949, 0.00443022884429, 0.0106939021498, 0.00878491159528, 0.00426607811823, 0.00472816266119, 0.00271829869598, 0.0030726455152, 0.00224482547492, 0.00342686567456, 0.00312230363488, 0.0060904789716, 0.0105365337804, 0.0018185689114, 0.000727760023437], "mean": [0.0022089490667, 0.0360590517521, 0.00905120186508, 0.00687033031136, 0.0073869060725, 0.00611682236195, 0.00102444493677, 0.000532894278876, 0.000782277202234, 0.0001555687777, 0.000252807396464, 0.000245933915721, 0.000170377810718, 0.00031600164948, 0.000424136727815, 0.00050857802853, 0.000247925578151, 0.000211955470149, 0.000190340040717, 0.000115883318358, 9.38988596317e-05, 7.54182692617e-05, 6.28728157608e-05, 0.000106991581561, 0.00015881244326, 9.91257184069e-05, 4.61875570181e-05], "median": [0.000570713018533, 0.0182224996388, 0.00570449512452, 0.00386450439692, 0.00556226447225, 0.00434221513569, 0.0007131388993, 0.000415487098508, 0.000391957000829, 8.5711988504e-05, 0.000132250643219, 0.000144823745359, 9.68609019765e-05, 0.000175530847628, 0.000273627752904, 0.00029181651189, 0.000144841847941, 0.000112499881652, 9.74950380623e-05, 4.18769923272e-05, 3.11618932756e-05, 1.43502556966e-05, 2.0311685148e-05, 3.75182753487e-05, 5.39785760338e-05, 3.04326458718e-05, 8.40489337861e-06], "min": [3.83818814043e-24, 4.64459134003e-24, 7.36734159895e-24, 4.08004145548e-24, 1.94644218175e-23, 3.55015049036e-23, 1.66209158866e-23, 2.69144573385e-23, 2.94763209936e-23, 2.56796076097e-23, 4.09495834188e-23, 6.29689221822e-23, 8.6188222512e-23, 5.44321092796e-23, 9.38073440573e-23, 8.17428209172e-23, 1.48088970231e-22, 1.71686261152e-22, 1.67835105321e-22, 2.61348734376e-22, 2.91320097142e-22, 4.02103153588e-22, 6.16369766132e-22, 7.17925775317e-22, 9.94440026118e-22, 1.44303243155e-21, 2.45317031005e-21], "var": [1.67233920365e-05, 0.00295855943114, 0.000132023298647, 8.14784943941e-05, 6.18617632426e-05, 3.65747328033e-05, 1.21148059407e-06, 2.72841248261e-07, 8.22589470317e-07, 6.88224943701e-08, 1.34950525421e-07, 1.0417966223e-07, 7.50245945369e-08, 1.83481773774e-07, 2.79462057051e-07, 4.30508663385e-07, 9.50154088741e-08, 9.28607875039e-08, 6.57996039877e-08, 4.79514419283e-08, 4.00657036437e-08, 4.26056310232e-08, 1.62952442651e-08, 5.33041877304e-08, 1.47470018419e-07, 3.24732809531e-08, 7.38846672732e-09]}, "erbbands": {"dmean": [0.892786622047, 6.02523946762, 8.69523334503, 11.1785869598, 14.7605867386, 13.1878910065, 16.4886398315, 17.0437412262, 6.75567865372, 10.0937757492, 5.73856639862, 4.71318626404, 3.59139370918, 3.65003800392, 6.04659700394, 6.49894952774, 6.55958509445, 8.30679321289, 10.8821144104, 11.6458415985, 18.952955246, 9.76454925537, 6.91428136826, 7.532746315, 5.95616579056, 4.76014375687, 4.35592317581, 3.26034545898, 3.11466193199, 2.10033226013, 1.68921732903, 1.55094337463, 2.23014783859, 2.08273243904, 1.16871273518, 0.489173293114, 0.15352255106, 0.0430801101029, 0.00731146661565, 0.000371841859305], "dmean2": [1.47104406357, 10.0791015625, 15.2389965057, 19.2496395111, 24.6903648376, 21.5105419159, 24.9822063446, 24.7548885345, 10.0122060776, 15.7754039764, 7.98755836487, 6.71626138687, 5.68596458435, 5.75725460052, 10.000412941, 11.2233123779, 11.4720773697, 13.531826973, 17.4572372437, 18.1881561279, 29.3985691071, 15.9584207535, 11.4403486252, 11.7806940079, 9.52249145508, 8.28234958649, 7.83252334595, 5.86358642578, 5.80293703079, 3.84049654007, 3.0551879406, 2.75901031494, 4.0277338028, 3.79900074005, 2.0883641243, 0.844095289707, 0.248446539044, 0.0656592920423, 0.0107769351453, 0.000548359297682], "dvar": [2.98514819145, 154.491882324, 256.796875, 288.649719238, 1298.3145752, 408.920013428, 599.352661133, 550.790405273, 87.2384414673, 238.523696899, 65.9931640625, 50.4710769653, 39.9233283997, 36.3894386292, 110.62172699, 145.560592651, 214.504379272, 195.118606567, 254.001800537, 357.447906494, 826.500854492, 215.519073486, 141.183929443, 151.694381714, 110.307662964, 126.616752625, 135.723175049, 76.3508987427, 91.5213241577, 41.4686851501, 20.2620429993, 15.3169717789, 35.9701156616, 34.6444549561, 9.11378669739, 1.2528012991, 0.0836155042052, 0.00564849609509, 0.000156260241056, 3.90493312352e-07], "dvar2": [6.90355443954, 377.961914062, 707.949523926, 807.520935059, 3448.37988281, 1130.79187012, 1268.6751709, 1054.45910645, 182.057800293, 563.562316895, 129.16418457, 102.766090393, 101.52532959, 88.549949646, 299.282104492, 405.13760376, 608.517272949, 510.179504395, 615.520812988, 849.809326172, 1841.8104248, 530.673217773, 369.497253418, 372.570037842, 275.77923584, 353.631652832, 389.82723999, 219.702758789, 266.58404541, 120.038627625, 58.202205658, 43.9043807983, 102.10559082, 99.4076080322, 26.0670566559, 3.54812121391, 0.220313087106, 0.0128454482183, 0.000329606788, 7.92910498149e-07], "max": [17.0769405365, 99.2416992188, 124.372642517, 181.484649658, 595.40020752, 285.83404541, 309.055084229, 365.831329346, 132.490692139, 269.719665527, 157.436920166, 115.187225342, 133.061233521, 153.035827637, 157.823318481, 156.857681274, 227.385742188, 171.108673096, 246.730636597, 374.950805664, 596.391296387, 229.842926025, 190.480651855, 220.49206543, 150.464706421, 147.383102417, 162.180480957, 92.9002227783, 96.5708847046, 133.703430176, 83.0612716675, 56.1186408997, 101.985450745, 130.179534912, 53.4707641602, 9.45381259918, 2.74943852425, 0.839548051357, 0.130342915654, 0.00575207080692], "mean": [1.10815405846, 7.66279840469, 11.7432022095, 17.7451438904, 23.1606483459, 26.7325820923, 37.7082595825, 46.2791748047, 18.5845127106, 21.3487472534, 16.3393440247, 12.4503087997, 7.37313890457, 7.12229633331, 9.73120117188, 8.91338539124, 8.64711475372, 13.8773851395, 19.6666870117, 19.391872406, 32.1926040649, 16.5735912323, 10.573846817, 11.7561330795, 8.28920459747, 5.14571809769, 4.44289207458, 3.25404429436, 2.78479981422, 2.08111929893, 1.84195268154, 1.76020026207, 2.12196755409, 1.8132827282, 1.06562972069, 0.475014209747, 0.171970397234, 0.0487120635808, 0.00829831603914, 0.000475918495795], "median": [0.322197169065, 4.05279111862, 8.04540348053, 11.6311168671, 14.8909444809, 19.4961509705, 20.9292469025, 30.7883529663, 12.6443214417, 13.6220712662, 8.00062084198, 6.49970054626, 4.54657936096, 4.4061870575, 5.91790008545, 5.40303897858, 5.37861728668, 8.70845222473, 12.8405170441, 12.4265890121, 18.3180770874, 10.6947250366, 6.54100322723, 6.37341070175, 4.01706647873, 2.01292610168, 1.39324235916, 1.03878629208, 0.5837469697, 0.51969486475, 0.582910299301, 0.652269601822, 0.677040040493, 0.583259999752, 0.365468293428, 0.161294013262, 0.0509104281664, 0.0106853302568, 0.00145568931475, 0.000142276650877], "min": [3.29612213275e-22, 6.03780555827e-22, 4.64403510474e-21, 1.02193431011e-20, 1.81272463026e-20, 9.43821609223e-20, 1.29464609685e-19, 3.15121743881e-19, 2.83004130153e-19, 3.3628061036e-19, 4.22804762258e-19, 9.17986535645e-19, 6.12661557047e-19, 1.50089616382e-18, 1.85713131738e-18, 2.41769362733e-18, 4.06422414037e-18, 3.30285505133e-18, 5.36944276868e-18, 5.0512234919e-18, 5.13236784204e-18, 8.40783680445e-18, 8.43015992764e-18, 1.06686818916e-17, 7.92726637525e-18, 1.225760734e-17, 1.20141110102e-17, 1.0514548365e-17, 1.61989277442e-17, 1.31202558028e-17, 1.90871016448e-17, 1.20608640856e-17, 1.14268169112e-17, 1.12520824515e-17, 5.68985035177e-18, 4.67811912711e-18, 2.80450147974e-18, 1.28953259555e-18, 3.19530332203e-19, 3.313861956e-20], "var": [3.28222084045, 139.60269165, 206.312469482, 362.047088623, 1217.76159668, 681.199523926, 1902.94848633, 2470.19750977, 343.201751709, 635.98449707, 322.475158691, 198.267547607, 87.4104614258, 77.2925643921, 158.170410156, 136.528915405, 161.139312744, 271.857818604, 514.109741211, 535.674377441, 1804.12329102, 352.415893555, 168.524902344, 237.434432983, 138.334991455, 95.0596008301, 99.6546478271, 50.7831230164, 56.2365646362, 27.68242836, 14.8681097031, 11.4865942001, 24.2416915894, 21.2637786865, 5.84968900681, 0.901176869869, 0.0870934277773, 0.00774375488982, 0.000235706334934, 6.00750240665e-07]}, "gfcc": {"mean": [3.36420321465, 100.430015564, -69.5902633667, 28.9278354645, -26.792219162, 6.51650714874, -46.2120742798, 11.5143127441, -18.8821640015, 3.56454110146, -12.3803377151, -0.551087200642, -7.18953275681], "cov": [[17542.3164062, -338.816864014, 64.6359405518, 743.51763916, 18.0106124878, 271.924530029, -373.670135498, 226.024734497, -340.377441406, 272.984985352, -200.257522583, 219.123428345, -73.9045257568], [-338.816864014, 2037.28527832, -285.9347229, 9.48530197144, 99.5391082764, -262.515563965, -22.2958145142, -19.9897270203, 124.259628296, -229.884689331, 146.961791992, -130.530288696, 135.575088501], [64.6359405518, -285.9347229, 499.882965088, -10.826836586, 128.65977478, 114.315406799, 30.7167072296, 78.1609802246, 37.1779594421, 44.0788879395, -13.2186336517, 50.5543746948, -25.1254673004], [743.51763916, 9.48530197144, -10.826836586, 373.344818115, 13.0580234528, 111.691513062, 77.0049819946, -2.90840220451, 4.48318529129, 15.5092954636, 9.58026123047, 8.40535640717, 12.141664505], [18.0106124878, 99.5391082764, 128.65977478, 13.0580234528, 291.973327637, -0.755008399487, 82.8791809082, 76.6375579834, 56.7344779968, 20.9694900513, 24.9441337585, -6.26070928574, 20.4560375214], [271.924530029, -262.515563965, 114.315406799, 111.691513062, -0.755008399487, 224.542907715, 32.7986488342, 13.2524080276, 22.4764766693, 58.5239181519, 1.60928201675, 27.5584907532, -14.7639112473], [-373.670135498, -22.2958145142, 30.7167072296, 77.0049819946, 82.8791809082, 32.7986488342, 168.702255249, 16.2211456299, 30.273235321, 9.61826992035, 9.89666557312, -6.06540489197, 2.7700407505], [226.024734497, -19.9897270203, 78.1609802246, -2.90840220451, 76.6375579834, 13.2524080276, 16.2211456299, 140.574172974, 39.7273406982, 20.8594303131, 6.11249303818, 10.8960351944, 8.28003311157], [-340.377441406, 124.259628296, 37.1779594421, 4.48318529129, 56.7344779968, 22.4764766693, 30.273235321, 39.7273406982, 117.917663574, 19.3510551453, 34.2526435852, 0.461000144482, 22.1436710358], [272.984985352, -229.884689331, 44.0788879395, 15.5092954636, 20.9694900513, 58.5239181519, 9.61826992035, 20.8594303131, 19.3510551453, 111.858955383, 14.3479204178, 22.5420322418, -9.13352298737], [-200.257522583, 146.961791992, -13.2186336517, 9.58026123047, 24.9441337585, 1.60928201675, 9.89666557312, 6.11249303818, 34.2526435852, 14.3479204178, 85.4586486816, 8.63591861725, 14.5933103561], [219.123428345, -130.530288696, 50.5543746948, 8.40535640717, -6.26070928574, 27.5584907532, -6.06540489197, 10.8960351944, 0.461000144482, 22.5420322418, 8.63591861725, 73.1466293335, 8.49952793121], [-73.9045257568, 135.575088501, -25.1254673004, 12.141664505, 20.4560375214, -14.7639112473, 2.7700407505, 8.28003311157, 22.1436710358, -9.13352298737, 14.5933103561, 8.49952793121, 59.4656639099]], "icov": [[9.88909232547e-05, -0.000118672251119, 4.35865185864e-05, -0.000230305478908, -0.000104172700958, -6.43725361442e-05, 0.00030112118111, -0.000222030954319, 0.000373002432752, -0.000418820796767, 0.000398283125833, -0.000387657841202, 0.000250085053267], [-0.000118672251119, 0.00147777644452, 0.000123211386381, -0.000113018359116, -0.000222206959734, 0.000856744241901, 0.000245540053584, 0.000423521560151, -0.00156780018006, 0.00278266333044, -0.00253431661986, 0.00220883567818, -0.0019053396536], [4.35865185864e-05, 0.000123211386381, 0.00321981776506, 0.000367252709111, -0.00156500784215, -0.00148241687566, 0.000395667273551, -0.000810543075204, -0.00046937566367, 0.000533447659109, 0.0008667006623, -0.00205695419572, 0.00166148273274], [-0.000230305478908, -0.000113018359116, 0.000367252709111, 0.00428798701614, 0.000286296504783, -0.00216649286449, -0.00231741089374, 0.000479380163597, 0.000170895145857, 0.000661661673803, -0.00058369449107, 0.000323270389345, -0.0012090500677], [-0.000104172700958, -0.000222206959734, -0.00156500784215, 0.000286296504783, 0.00579125573859, 0.00103210436646, -0.00269153155386, -0.00160955777392, -0.000604531611316, -0.000977896503173, -0.000897629361134, 0.00169356516562, -0.00167586444877], [-6.43725361442e-05, 0.000856744241901, -0.00148241687566, -0.00216649286449, 0.00103210436646, 0.00785605423152, -0.000324419263052, 0.000517030537594, -0.00215000426397, -0.00114870851394, -0.00107870670035, 0.000498576031532, 0.000138907533255], [0.00030112118111, 0.000245540053584, 0.000395667273551, -0.00231741089374, -0.00269153155386, -0.000324419263052, 0.00909257493913, -0.00016038789181, -0.000672572001349, -5.11275084136e-06, 0.000445111305453, 3.16773948725e-05, 0.00103479658719], [-0.000222030954319, 0.000423521560151, -0.000810543075204, 0.000479380163597, -0.00160955777392, 0.000517030537594, -0.00016038789181, 0.00974998343736, -0.00320016522892, 0.00035270335502, -0.000260258908384, 0.000194085165276, -0.00106797611807], [0.000373002432752, -0.00156780018006, -0.00046937566367, 0.000170895145857, -0.000604531611316, -0.00215000426397, -0.000672572001349, -0.00320016522892, 0.0145973097533, -0.00450064660981, -0.000686903425958, -0.00083625735715, -0.00188302679453], [-0.000418820796767, 0.00278266333044, 0.000533447659109, 0.000661661673803, -0.000977896503173, -0.00114870851394, -5.11275084136e-06, 0.00035270335502, -0.00450064660981, 0.0172943994403, -0.00656196894124, 0.00166919978801, -0.00106804224197], [0.000398283125833, -0.00253431661986, 0.0008667006623, -0.00058369449107, -0.000897629361134, -0.00107870670035, 0.000445111305453, -0.000260258908384, -0.000686903425958, -0.00656196894124, 0.01906818524, -0.00633288500831, 0.00228840694763], [-0.000387657841202, 0.00220883567818, -0.00205695419572, 0.000323270389345, 0.00169356516562, 0.000498576031532, 3.16773948725e-05, 0.000194085165276, -0.00083625735715, 0.00166919978801, -0.00633288500831, 0.021240638569, -0.00785413570702], [0.000250085053267, -0.0019053396536, 0.00166148273274, -0.0012090500677, -0.00167586444877, 0.000138907533255, 0.00103479658719, -0.00106797611807, -0.00188302679453, -0.00106804224197, 0.00228840694763, -0.00785413570702, 0.0242297202349]]}, "melbands": {"dmean": [0.00777949066833, 0.00551692489535, 0.00203967629932, 0.000915992248338, 0.000555715174414, 0.000387465959648, 0.000106176412373, 9.91649285425e-05, 5.54917969566e-05, 2.87904822471e-05, 1.83905303857e-05, 1.43901761476e-05, 2.21365917241e-05, 1.86143788596e-05, 2.025710819e-05, 1.37118468047e-05, 1.5818824977e-05, 1.71583233168e-05, 2.26649281103e-05, 1.36278840728e-05, 2.42787173192e-05, 1.10313621917e-05, 5.91080242884e-06, 8.05515628599e-06, 6.19400816504e-06, 4.94315736432e-06, 3.9086767174e-06, 3.12906195177e-06, 2.87830334855e-06, 2.31497892855e-06, 1.77535480361e-06, 1.74805245479e-06, 1.69723057297e-06, 9.69968482423e-07, 9.51143931616e-07, 9.72007569544e-07, 9.41893574691e-07, 1.53064968345e-06, 1.64633513577e-06, 1.88674118817e-06], "dmean2": [0.0127056194469, 0.00923071149737, 0.00349335535429, 0.00152231776156, 0.000856173224747, 0.00056169857271, 0.000156925583724, 0.000156497553689, 7.35464491299e-05, 4.17178343923e-05, 2.90699572361e-05, 2.27559048653e-05, 3.59349796781e-05, 3.14273347612e-05, 3.51753296854e-05, 2.34072122112e-05, 2.59522585111e-05, 2.7817020964e-05, 3.51600501745e-05, 2.21044447244e-05, 3.76285643142e-05, 1.81590094144e-05, 9.8924001577e-06, 1.32471568577e-05, 9.73343958321e-06, 7.98260589363e-06, 6.52232483844e-06, 5.53631207367e-06, 5.18061415278e-06, 4.16458942709e-06, 3.22060373037e-06, 3.26739655065e-06, 3.16859063787e-06, 1.73746536802e-06, 1.72254465269e-06, 1.73082742094e-06, 1.68327937899e-06, 2.76201967608e-06, 2.98967893286e-06, 3.45872081198e-06], "dvar": [0.000231402780628, 0.00010484426457, 1.15204065878e-05, 3.4501385926e-06, 5.47620516045e-07, 2.70340933639e-07, 2.0738767148e-08, 2.29802612495e-08, 6.80679335119e-09, 1.73467062936e-09, 1.05032249564e-09, 5.87813742126e-10, 1.73099268252e-09, 1.11643971845e-09, 1.83882098437e-09, 7.28610949352e-10, 7.59273421913e-10, 6.37731978337e-10, 1.82712989183e-09, 5.99725380468e-10, 1.45787570904e-09, 2.96515034748e-10, 1.01972527644e-10, 2.35773817137e-10, 1.08546047151e-10, 6.82532780294e-11, 7.02978925071e-11, 6.15953607563e-11, 5.81059818316e-11, 3.94825248884e-11, 2.56701326862e-11, 3.1789775673e-11, 2.98547714328e-11, 8.03469010074e-12, 6.24043134875e-12, 6.1488587659e-12, 5.94736456264e-12, 1.75306488076e-11, 2.11779847131e-11, 3.46396140938e-11], "dvar2": [0.000530519231688, 0.000262011715677, 3.15350443998e-05, 9.27763903746e-06, 1.22401070257e-06, 5.43256874153e-07, 4.38206662068e-08, 5.57434134407e-08, 1.10462456959e-08, 3.78705466986e-09, 2.64691912832e-09, 1.41678579979e-09, 4.58369386891e-09, 3.05359515451e-09, 5.19590637182e-09, 2.03956740386e-09, 1.99836325265e-09, 1.54370949357e-09, 4.34360192259e-09, 1.5756427274e-09, 3.1760849506e-09, 7.35709104749e-10, 2.70517747092e-10, 6.02615124468e-10, 2.67952354749e-10, 1.67745053958e-10, 1.89010945784e-10, 1.73105474399e-10, 1.6564097316e-10, 1.13774829835e-10, 7.40775912833e-11, 9.29784027548e-11, 8.68394384179e-11, 2.30924602357e-11, 1.79344039619e-11, 1.75285515269e-11, 1.71171063434e-11, 4.98105896807e-11, 5.97982982575e-11, 9.90629453468e-11], "max": [0.131437584758, 0.0725625678897, 0.046163354069, 0.0330750793219, 0.00952331256121, 0.00753520056605, 0.0020963428542, 0.00245339423418, 0.00162661424838, 0.000620450009592, 0.000653566850815, 0.00058358500246, 0.000732631247956, 0.000571537646465, 0.000590368814301, 0.000402025209041, 0.000338076322805, 0.000371787464246, 0.00109299994074, 0.000364560488379, 0.000824114249554, 0.000300747982692, 0.000145970945596, 0.000256480445387, 0.000183008523891, 0.000104608101537, 0.000159512710525, 0.000113293768663, 0.000135084657813, 7.30607862351e-05, 6.52922171867e-05, 7.1823320468e-05, 8.73916214914e-05, 7.19459058018e-05, 3.99419368478e-05, 4.2033923819e-05, 3.85781531804e-05, 5.88483453612e-05, 0.000106371444417, 0.000178567119292], "mean": [0.0101219043136, 0.00777484569699, 0.00334376189858, 0.00171748059802, 0.00129092601128, 0.00105914578307, 0.000290884898277, 0.000202522947802, 0.000150324412971, 7.46678051655e-05, 3.60394442396e-05, 2.74978647212e-05, 3.58361721737e-05, 2.5532224754e-05, 2.37272452068e-05, 1.97402096092e-05, 2.5219111194e-05, 2.92612494377e-05, 3.41495870089e-05, 2.06561762752e-05, 4.00847020501e-05, 1.6687432435e-05, 8.97172867553e-06, 1.12209609142e-05, 9.37040204008e-06, 6.86815474182e-06, 4.56272073279e-06, 3.09206188831e-06, 2.96363168673e-06, 2.20388142225e-06, 1.736095669e-06, 1.54695419496e-06, 1.45062665524e-06, 1.03682839381e-06, 1.00128625036e-06, 1.13144983516e-06, 1.01607395209e-06, 1.47931564243e-06, 1.45947467445e-06, 1.5908988189e-06], "median": [0.00428296998143, 0.00527042895555, 0.00227369298227, 0.00130680738948, 0.000916133460123, 0.000746426754631, 0.000201254733838, 0.000130613727379, 5.13694758411e-05, 4.62869429612e-05, 2.07700904866e-05, 1.63431668625e-05, 2.04572861549e-05, 1.35022510221e-05, 1.25101432786e-05, 1.22182400446e-05, 1.48022863868e-05, 1.66478748724e-05, 1.98098096007e-05, 1.23608524518e-05, 2.14020546991e-05, 9.32256807573e-06, 5.7467887018e-06, 5.63518551644e-06, 4.75660908705e-06, 3.25155997416e-06, 1.90126138477e-06, 1.01446994449e-06, 8.85470342382e-07, 6.54607276829e-07, 5.09263884396e-07, 2.83415204194e-07, 2.69765394023e-07, 2.79574379647e-07, 2.98128838949e-07, 3.77053765988e-07, 3.8210407638e-07, 4.65801775817e-07, 4.71101373023e-07, 4.78906372336e-07], "min": [2.4644091593e-24, 2.28239133834e-24, 3.11643898507e-24, 4.87928929224e-24, 5.10674155705e-24, 7.62438640289e-24, 3.59671111202e-24, 3.6264298689e-24, 2.73573983981e-24, 5.28835272022e-24, 2.72159497213e-24, 5.6564975386e-24, 5.53811160483e-24, 8.84694410114e-24, 6.51298354492e-24, 1.04435354644e-23, 4.72977490716e-24, 7.99187173356e-24, 6.92689846746e-24, 8.61099028237e-24, 5.52731131018e-24, 9.22035929924e-24, 6.25434721411e-24, 9.44736822421e-24, 7.88275570429e-24, 6.55702249382e-24, 6.44483819006e-24, 7.80583308856e-24, 8.19713807427e-24, 4.77180028859e-24, 5.34347437597e-24, 9.21536738743e-24, 7.46371831347e-24, 7.81257074956e-24, 1.09568425223e-23, 1.03792070131e-23, 6.05766920208e-24, 8.0605049989e-24, 6.72762194761e-24, 9.57786080629e-24], "var": [0.000246210693149, 9.59727331065e-05, 1.36174840009e-05, 3.72918157154e-06, 1.66778715993e-06, 1.15888701657e-06, 8.18805361291e-08, 5.57486110608e-08, 3.68988146704e-08, 6.19539619606e-09, 2.36897568229e-09, 1.26075483387e-09, 2.64130717298e-09, 1.37708966452e-09, 1.44458678353e-09, 6.74022615499e-10, 1.00009101001e-09, 1.54932744412e-09, 2.36286190614e-09, 6.72710387395e-10, 3.26840265963e-09, 4.58003662773e-10, 1.14640123783e-10, 2.95570123932e-10, 1.66624311571e-10, 9.5988841875e-11, 6.18859130608e-11, 4.45661424431e-11, 4.62027048564e-11, 2.57558991495e-11, 1.67151049946e-11, 1.93556524974e-11, 1.79741464768e-11, 5.87485268766e-12, 4.52183689797e-12, 4.92322111897e-12, 4.23904661373e-12, 1.20113068797e-11, 1.38374936509e-11, 2.10271678541e-11]}, "mfcc": {"mean": [-655.651062012, 144.213226318, 20.8786640167, 31.3529815674, 34.7587547302, 1.50458168983, 1.6163226366, -0.442890435457, 1.38139104843, 1.97572338581, -0.582370638847, 0.203762456775, 1.40274298191], "cov": [[10318.3740234, 89.1771621704, 84.2091293335, 407.832977295, 266.245147705, 109.798858643, 93.4974441528, -119.915679932, -13.5917701721, -90.0983886719, -80.6974105835, -7.89132928848, 44.4362449646], [89.1771621704, 1802.23730469, -156.683380127, 120.907669067, 199.874755859, -259.901733398, -68.976852417, 28.5413379669, -31.8380813599, 0.64012169838, -22.1715145111, -21.4463005066, -35.3842926025], [84.2091293335, -156.683380127, 349.305175781, -40.2617492676, 44.4531707764, 82.6581420898, 1.03125953674, 46.9194755554, 19.5317745209, -3.88934540749, 24.416891098, 25.2706165314, 17.2827663422], [407.832977295, 120.907669067, -40.2617492676, 244.032150269, 34.6080245972, 23.5905952454, 56.8316879272, 33.3894882202, 32.8360481262, 13.2992973328, 5.53790187836, 8.22548103333, 4.95687198639], [266.245147705, 199.874755859, 44.4531707764, 34.6080245972, 193.882965088, 1.26414346695, 29.336605072, 30.8711624146, 36.0899581909, 38.5143508911, 25.3098087311, 20.213634491, 21.9895687103], [109.798858643, -259.901733398, 82.6581420898, 23.5905952454, 1.26414346695, 201.160430908, 46.6850395203, 12.1162700653, 18.0535106659, 13.88377285, 21.2343883514, 23.5838546753, 18.4995498657], [93.4974441528, -68.976852417, 1.03125953674, 56.8316879272, 29.336605072, 46.6850395203, 114.517852783, 29.2379188538, 26.9771995544, 25.789855957, 15.6591367722, 16.0526695251, 6.11183357239], [-119.915679932, 28.5413379669, 46.9194755554, 33.3894882202, 30.8711624146, 12.1162700653, 29.2379188538, 99.4783477783, 39.8310966492, 11.1376638412, 16.4459705353, 9.76189422607, 10.8694953918], [-13.5917701721, -31.8380813599, 19.5317745209, 32.8360481262, 36.0899581909, 18.0535106659, 26.9771995544, 39.8310966492, 101.844787598, 31.2231082916, 14.7424411774, 8.3074131012, 17.4720687866], [-90.0983886719, 0.64012169838, -3.88934540749, 13.2992973328, 38.5143508911, 13.88377285, 25.789855957, 11.1376638412, 31.2231082916, 95.4195785522, 35.2644042969, 10.808588028, 0.090997107327], [-80.6974105835, -22.1715145111, 24.416891098, 5.53790187836, 25.3098087311, 21.2343883514, 15.6591367722, 16.4459705353, 14.7424411774, 35.2644042969, 77.1893768311, 31.6750297546, 1.88736844063], [-7.89132928848, -21.4463005066, 25.2706165314, 8.22548103333, 20.213634491, 23.5838546753, 16.0526695251, 9.76189422607, 8.3074131012, 10.808588028, 31.6750297546, 64.8231124878, 22.787153244], [44.4362449646, -35.3842926025, 17.2827663422, 4.95687198639, 21.9895687103, 18.4995498657, 6.11183357239, 10.8694953918, 17.4720687866, 0.090997107327, 1.88736844063, 22.787153244, 67.2072067261]], "icov": [[0.000117998548376, 2.23075112444e-05, -5.77928476559e-05, -0.000229914629017, -0.000220688452828, -1.87020905287e-05, -3.55823831342e-05, 0.000274513295153, 2.91132037091e-05, 0.000161305448273, 9.15619239095e-05, 5.01856520714e-05, -2.56351686403e-05], [2.23075112444e-05, 0.000931062560994, 0.000278418650851, -0.000558593776077, -0.00117936439347, 0.000912121904548, 0.000679755932651, -0.000431811757153, 0.000537744432222, 6.05072382314e-05, 0.000263073481619, -0.000177948008059, 0.000500944035593], [-5.77928476559e-05, 0.000278418650851, 0.003944136668, 0.000927857065108, -0.00118284544442, -0.00142375833821, 0.00108090159483, -0.00211025518365, 3.1833526009e-05, 0.000825698894914, -0.000382603204343, -0.000717705814168, 0.00036871645716], [-0.000229914629017, -0.000558593776077, 0.000927857065108, 0.00578821031377, 0.000393876922317, -0.00097519060364, -0.00209883786738, -0.00143310707062, -0.00114663981367, 0.000130164378788, 3.33269599651e-05, -0.000284536479739, 0.000148068167618], [-0.000220688452828, -0.00117936439347, -0.00118284544442, 0.000393876922317, 0.00831679534167, 1.47736145664e-05, -0.00160807638895, -0.000336296245223, -0.00142879469786, -0.00229350640438, -0.00106276664883, -0.00028997141635, -0.00222178851254], [-1.87020905287e-05, 0.000912121904548, -0.00142375833821, -0.00097519060364, 1.47736145664e-05, 0.00749510480091, -0.00187943107449, 0.000567221897654, 0.000215851599933, -0.00036850979086, -0.000584627618082, -0.000758391863201, -0.000840180728119], [-3.55823831342e-05, 0.000679755932651, 0.00108090159483, -0.00209883786738, -0.00160807638895, -0.00187943107449, 0.0126778138801, -0.00278531434014, -0.000297903548926, -0.00181616179179, 0.00067445874447, -0.00191868341062, 0.00131079659332], [0.000274513295153, -0.000431811757153, -0.00211025518365, -0.00143310707062, -0.000336296245223, 0.000567221897654, -0.00278531434014, 0.0147367836908, -0.0043064202182, 0.00146126549225, -0.00185524544213, 0.000849751115311, -0.0010551258456], [2.91132037091e-05, 0.000537744432222, 3.1833526009e-05, -0.00114663981367, -0.00142879469786, 0.000215851599933, -0.000297903548926, -0.0043064202182, 0.013956383802, -0.00344013632275, 0.000219529712922, 0.00095383770531, -0.00248129735701], [0.000161305448273, 6.05072382314e-05, 0.000825698894914, 0.000130164378788, -0.00229350640438, -0.00036850979086, -0.00181616179179, 0.00146126549225, -0.00344013632275, 0.0151360249147, -0.00595902279019, 0.00121814850718, 0.00111212278716], [9.15619239095e-05, 0.000263073481619, -0.000382603204343, 3.33269599651e-05, -0.00106276664883, -0.000584627618082, 0.00067445874447, -0.00185524544213, 0.000219529712922, -0.00595902279019, 0.0204421244562, -0.00934203993529, 0.00346568599343], [5.01856520714e-05, -0.000177948008059, -0.000717705814168, -0.000284536479739, -0.00028997141635, -0.000758391863201, -0.00191868341062, 0.000849751115311, 0.00095383770531, 0.00121814850718, -0.00934203993529, 0.0232636258006, -0.00745562883094], [-2.56351686403e-05, 0.000500944035593, 0.00036871645716, 0.000148068167618, -0.00222178851254, -0.000840180728119, 0.00131079659332, -0.0010551258456, -0.00248129735701, 0.00111212278716, 0.00346568599343, -0.00745562883094, 0.019138103351]]}, "spectral_contrast_coeffs": {"dmean": [0.0524274110794, 0.0496783964336, 0.0331755951047, 0.0300966892391, 0.024621931836, 0.0232829265296], "dmean2": [0.086834333837, 0.0749909356236, 0.0535001866519, 0.0476822480559, 0.0382118709385, 0.0381796211004], "dvar": [0.00195589778014, 0.0019528059056, 0.00071774807293, 0.000650914153084, 0.000451891071862, 0.000607600202784], "dvar2": [0.00544097088277, 0.00419146474451, 0.00180462829303, 0.00144268956501, 0.000989102059975, 0.0015662277583], "max": [-0.315030783415, -0.453919202089, -0.577939689159, -0.554246723652, -0.637132942677, -0.593763053417], "mean": [-0.647431075573, -0.69235765934, -0.802421331406, -0.789354979992, -0.781187474728, -0.818360626698], "median": [-0.64813709259, -0.687808156013, -0.803752779961, -0.791415154934, -0.777776181698, -0.819351911545], "min": [-0.955954670906, -0.963050246239, -0.970650732517, -0.958054304123, -0.962637007236, -0.962422788143], "var": [0.00624101655558, 0.00762019073591, 0.0021677215118, 0.00240477127954, 0.00188367720693, 0.00141870731022]}, "spectral_contrast_valleys": {"dmean": [0.38820156455, 0.354815542698, 0.364008933306, 0.37518915534, 0.394110202789, 0.527535498142], "dmean2": [0.627789020538, 0.552087008953, 0.556597948074, 0.553235828876, 0.556912541389, 0.764118432999], "dvar": [0.127082198858, 0.123815476894, 0.136854991317, 0.16993264854, 0.22371776402, 0.35028257966], "dvar2": [0.281731128693, 0.241742685437, 0.258493185043, 0.30968105793, 0.440072178841, 0.780662536621], "max": [-4.66721487045, -4.80107069016, -5.28445