{"lowlevel": {"average_loudness": 0.249210089445, "barkbands_crest": {"dmean": 1.65124440193, "dmean2": 2.63896369934, "dvar": 3.87136030197, "dvar2": 9.51059913635, "max": 26.7741966248, "mean": 13.2438335419, "median": 12.2953224182, "min": 3.80547308922, "var": 22.4685268402}, "barkbands_flatness_db": {"dmean": 0.0174220241606, "dmean2": 0.0282830111682, "dvar": 0.00043444315088, "dvar2": 0.00104355625808, "max": 0.584112226963, "mean": 0.33289924264, "median": 0.329888641834, "min": 0.0740243643522, "var": 0.00381376734003}, "barkbands_kurtosis": {"dmean": 2.52592301369, "dmean2": 3.8543844223, "dvar": 105.102409363, "dvar2": 201.073135376, "max": 459.878540039, "mean": 6.65014696121, "median": 3.11356258392, "min": -1.72114181519, "var": 322.938354492}, "barkbands_skewness": {"dmean": 0.3699041605, "dmean2": 0.580509662628, "dvar": 0.303745925426, "dvar2": 0.741260290146, "max": 11.339468956, "mean": 0.688073456287, "median": 1.02142643929, "min": -10.5103645325, "var": 3.01338648796}, "barkbands_spread": {"dmean": 0.951765775681, "dmean2": 1.5343464613, "dvar": 1.60370731354, "dvar2": 3.6656794548, "max": 27.7722759247, "mean": 5.34250068665, "median": 4.84742069244, "min": 0.0701545774937, "var": 8.08097457886}, "dissonance": {"dmean": 0.0398004949093, "dmean2": 0.0688575059175, "dvar": 0.00235391454771, "dvar2": 0.00623662024736, "max": 0.500000119209, "mean": 0.374349117279, "median": 0.38828548789, "min": 0.0678399950266, "var": 0.00609291670844}, "dynamic_complexity": 4.80984544754, "erbbands_crest": {"dmean": 1.82387280464, "dmean2": 2.86427998543, "dvar": 5.11876392365, "dvar2": 11.4415054321, "max": 33.9925270081, "mean": 14.5091638565, "median": 12.7556648254, "min": 2.17159032822, "var": 48.2348098755}, "erbbands_flatness_db": {"dmean": 0.0139618571848, "dmean2": 0.0218771100044, "dvar": 0.000323545362335, "dvar2": 0.0006933286204, "max": 0.624033987522, "mean": 0.368798077106, "median": 0.368233203888, "min": 0.0880971699953, "var": 0.00508173229173}, "erbbands_kurtosis": {"dmean": 1.29298186302, "dmean2": 1.89742708206, "dvar": 9.18022060394, "dvar2": 17.5046482086, "max": 92.6507339478, "mean": 3.29514193535, "median": 0.723804473877, "min": -1.50150942802, "var": 74.0522689819}, "erbbands_skewness": {"dmean": 0.27859082818, "dmean2": 0.427910089493, "dvar": 0.111098378897, "dvar2": 0.239664256573, "max": 5.39352416992, "mean": 0.559646248817, "median": 0.652008414268, "min": -4.48254299164, "var": 1.10195231438}, "erbbands_spread": {"dmean": 1.558578372, "dmean2": 2.43447160721, "dvar": 4.29756832123, "dvar2": 10.1847581863, "max": 59.5909042358, "mean": 11.9662027359, "median": 10.8417778015, "min": 0.227096110582, "var": 66.889289856}, "hfc": {"dmean": 3.05253911018, "dmean2": 4.04263162613, "dvar": 149.57043457, "dvar2": 290.866912842, "max": 358.401519775, "mean": 11.5851516724, "median": 5.24555063248, "min": 1.16593211687e-16, "var": 548.736816406}, "melbands_crest": {"dmean": 1.90544402599, "dmean2": 3.03519153595, "dvar": 5.49332857132, "dvar2": 12.8826093674, "max": 33.6133308411, "mean": 15.4083824158, "median": 14.3691997528, "min": 1.77671706676, "var": 38.2554092407}, "melbands_flatness_db": {"dmean": 0.0182209517807, "dmean2": 0.0293778572232, "dvar": 0.000594622979406, "dvar2": 0.00136068079155, "max": 0.667792439461, "mean": 0.41961273551, "median": 0.428937703371, "min": 0.00795449875295, "var": 0.00955990422517}, "melbands_kurtosis": {"dmean": 1.95754623413, "dmean2": 3.09093904495, "dvar": 19.1366348267, "dvar2": 44.5370826721, "max": 146.543289185, "mean": 5.4252705574, "median": 3.22425198555, "min": -1.59133946896, "var": 89.0528869629}, "melbands_skewness": {"dmean": 0.333987265825, "dmean2": 0.522699892521, "dvar": 0.187192171812, "dvar2": 0.440423309803, "max": 6.52442026138, "mean": 0.94111174345, "median": 1.11789476871, "min": -8.73318004608, "var": 2.21002221107}, "melbands_spread": {"dmean": 1.64077401161, "dmean2": 2.6387617588, "dvar": 8.14216709137, "dvar2": 18.2716217041, "max": 150.471725464, "mean": 10.5686826706, "median": 7.49221611023, "min": 0.245750635862, "var": 239.792556763}, "pitch_salience": {"dmean": 0.0453024581075, "dmean2": 0.0735444352031, "dvar": 0.00268248608336, "dvar2": 0.00676011200994, "max": 0.924855589867, "mean": 0.529462397099, "median": 0.543311595917, "min": 0.049983240664, "var": 0.0197313148528}, "silence_rate_20dB": {"dmean": 0.000961384386756, "dmean2": 0.00192307692487, "dvar": 0.000960479024798, "dvar2": 0.00223996583372, "max": 1, "mean": 0.999198973179, "median": 1, "min": 0, "var": 0.000800367095508}, "silence_rate_30dB": {"dmean": 0.00737061351538, "dmean2": 0.0147435897961, "dvar": 0.00731570506468, "dvar2": 0.0158077888191, "max": 1, "mean": 0.98237746954, "median": 1, "min": 0, "var": 0.0173131283373}, "silence_rate_60dB": {"dmean": 0.0294824540615, "dmean2": 0.0589743591845, "dvar": 0.0286137498915, "dvar2": 0.0641510859132, "max": 1, "mean": 0.192726686597, "median": 0, "min": 0, "var": 0.155600979924}, "spectral_centroid": {"dmean": 39.6872329712, "dmean2": 61.9269790649, "dvar": 13909.2265625, "dvar2": 20219.7265625, "max": 10669.1533203, "mean": 648.608154297, "median": 525.600219727, "min": 296.47064209, "var": 305990.84375}, "spectral_complexity": {"dmean": 1.18058001995, "dmean2": 1.9375, "dvar": 2.30143380165, "dvar2": 4.81083726883, "max": 27, "mean": 9.67350196838, "median": 10, "min": 0, "var": 26.5597381592}, "spectral_decrease": {"dmean": 1.19249987662e-09, "dmean2": 1.63604296777e-09, "dvar": 1.23383608473e-17, "dvar2": 2.40805693184e-17, "max": 3.37365546655e-16, "mean": -4.90767382288e-09, "median": -2.92902146981e-09, "min": -1.01308174294e-07, "var": 5.13119423819e-17}, "spectral_energy": {"dmean": 0.00477230967954, "dmean2": 0.00653079058975, "dvar": 0.000205504067708, "dvar2": 0.000400611461373, "max": 0.414868503809, "mean": 0.0195734333247, "median": 0.0115495044738, "min": 1.08617328572e-20, "var": 0.000846329377964}, "spectral_energyband_high": {"dmean": 5.3144631238e-06, "dmean2": 8.00413999968e-06, "dvar": 7.62876373184e-10, "dvar2": 1.88876625451e-09, "max": 0.000867152586579, "mean": 8.97622157936e-06, "median": 3.9813843955e-07, "min": 8.09259146815e-21, "var": 1.1574629033e-09}, "spectral_energyband_low": {"dmean": 0.000577811559197, "dmean2": 0.00093883642694, "dvar": 2.15606223719e-06, "dvar2": 5.41556391909e-06, "max": 0.0323007404804, "mean": 0.00130638910923, "median": 0.000330917042447, "min": 1.59281581189e-22, "var": 6.40092002868e-06}, "spectral_energyband_middle_high": {"dmean": 0.00218860502355, "dmean2": 0.00284950970672, "dvar": 0.000163233184139, "dvar2": 0.000312586082146, "max": 0.394986063242, "mean": 0.00647097826004, "median": 0.00122723798268, "min": 1.38068258216e-21, "var": 0.000564185087569}, "spectral_energyband_middle_low": {"dmean": 0.00276849651709, "dmean2": 0.00396176474169, "dvar": 2.729636617e-05, "dvar2": 5.90237104916e-05, "max": 0.134831979871, "mean": 0.0122258849442, "median": 0.00838886108249, "min": 2.86513548713e-22, "var": 0.000183617434232}, "spectral_entropy": {"dmean": 0.140547782183, "dmean2": 0.226348489523, "dvar": 0.0438452474773, "dvar2": 0.103500157595, "max": 9.8032245636, "mean": 5.83579492569, "median": 5.83385753632, "min": 3.41929316521, "var": 0.513132512569}, "spectral_flux": {"dmean": 0.0149898016825, "dmean2": 0.0238180533051, "dvar": 0.000993497786112, "dvar2": 0.00244747521356, "max": 0.54855966568, "mean": 0.0333934612572, "median": 0.0240642018616, "min": 1.04219639863e-10, "var": 0.00131491338834}, "spectral_kurtosis": {"dmean": 25.6960926056, "dmean2": 45.0601959229, "dvar": 640.769836426, "dvar2": 1771.07519531, "max": 334.831390381, "mean": 77.8227844238, "median": 63.7602081299, "min": -1.17598307133, "var": 3246.75366211}, "spectral_rms": {"dmean": 0.000441715295892, "dmean2": 0.000605199253187, "dvar": 6.42801580852e-07, "dvar2": 1.19451192404e-06, "max": 0.0201183930039, "mean": 0.00368209532462, "median": 0.00335675571114, "min": 3.25527452216e-12, "var": 5.53824793315e-06}, "spectral_rolloff": {"dmean": 69.7431259155, "dmean2": 123.312820435, "dvar": 130489.90625, "dvar2": 203109.953125, "max": 20133.5449219, "mean": 1202.19384766, "median": 699.829101562, "min": 279.931640625, "var": 9048476}, "spectral_skewness": {"dmean": 1.46224451065, "dmean2": 2.58922290802, "dvar": 1.66828417778, "dvar2": 4.69948291779, "max": 14.8307914734, "mean": 5.75490522385, "median": 5.32035255432, "min": 0.00140609114897, "var": 7.63223695755}, "spectral_spread": {"dmean": 295192.84375, "dmean2": 519670.125, "dvar": 262886572032, "dvar2": 437161459712, "max": 39610320, "mean": 1431254.125, "median": 1070047.875, "min": 246915.78125, "var": 4239458566140.0}, "spectral_strongpeak": {"dmean": 0.359799832106, "dmean2": 0.539735853672, "dvar": 0.565845370293, "dvar2": 1.07731640339, "max": 18.1920070648, "mean": 1.50495457649, "median": 0.974383115768, "min": 4.52894166614e-09, "var": 3.23760581017}, "zerocrossingrate": {"dmean": 0.0022585648112, "dmean2": 0.00293860794045, "dvar": 7.98432665761e-05, "dvar2": 8.17926629679e-05, "max": 0.71484375, "mean": 0.0438807755709, "median": 0.025634765625, "min": 0.0078125, "var": 0.0111485887319}, "barkbands": {"dmean": [4.35943411503e-06, 0.000357549492037, 0.000252928293776, 0.000146465215948, 0.000769279373344, 0.00103035150096, 0.000566402683035, 0.000585424364544, 0.000427335791755, 0.00169850129168, 0.000465857592644, 9.2133632279e-05, 8.32987207104e-05, 0.000149108222104, 5.93444892729e-05, 1.77345191332e-05, 1.49264305946e-05, 8.86256202648e-06, 7.93770050223e-06, 6.61751118969e-06, 2.22063385991e-06, 4.05269730663e-07, 2.04494227773e-07, 2.51712322097e-08, 6.3603473599e-09, 1.66134861423e-09, 1.02498132204e-09], "dmean2": [7.33278284315e-06, 0.000579457089771, 0.00042742601363, 0.000231489248108, 0.00118104962166, 0.00161659484729, 0.00094720593188, 0.0008561325958, 0.000492400256917, 0.00216097128578, 0.000639786012471, 0.000136177055538, 0.00011852283933, 0.000208989862585, 9.10333328648e-05, 2.84998532152e-05, 2.23605820793e-05, 1.28562851387e-05, 1.10499413495e-05, 9.67236792349e-06, 3.43382430401e-06, 5.84203064591e-07, 2.92834926086e-07, 4.37715250712e-08, 1.11070468378e-08, 2.98541391608e-09, 1.85572279765e-09], "dvar": [3.32091631972e-10, 8.00519046606e-07, 6.08090431342e-07, 1.53502739408e-07, 3.28584815179e-06, 5.91323896515e-06, 1.86534066415e-06, 6.5407339207e-06, 3.15930310535e-06, 0.000133860274218, 1.79368380486e-05, 1.43618606785e-07, 1.36739203072e-07, 2.45230444307e-06, 9.43879214788e-08, 3.80621312246e-09, 3.09723380276e-09, 1.4349994526e-09, 1.87924853456e-09, 1.33792299462e-09, 2.77645240132e-10, 6.2029743321e-12, 4.35425783971e-12, 3.27385383072e-14, 1.50472110239e-15, 4.11937533238e-17, 2.84540556103e-18], "dvar2": [8.37500457873e-10, 1.92441916624e-06, 1.60372326263e-06, 3.57805618023e-07, 7.33913066142e-06, 1.58002312673e-05, 5.22725986229e-06, 1.33421499413e-05, 3.79851439902e-06, 0.00024865558953, 3.42263811035e-05, 3.0147324992e-07, 2.74043713944e-07, 5.15143847224e-06, 2.01543713274e-07, 1.00794972369e-08, 6.53377396631e-09, 3.31788507779e-09, 4.37533964615e-09, 3.12656478485e-09, 7.28504367942e-10, 1.482780565e-11, 1.0660194949e-11, 9.16945013842e-14, 4.21392834973e-15, 1.17008721052e-16, 8.93917130783e-18], "max": [0.000394163507735, 0.0181231983006, 0.0242007505149, 0.0124272601679, 0.0526290088892, 0.0532544665039, 0.044897262007, 0.0963795557618, 0.0757169425488, 0.389882057905, 0.257689446211, 0.0207512471825, 0.0150039168075, 0.0813792273402, 0.0175659935921, 0.00161876017228, 0.00190433231182, 0.00148292444646, 0.00143726356328, 0.000879910774529, 0.000655699521303, 0.000102689969935, 0.00011559532868, 4.4192624955e-06, 1.01556270238e-06, 1.61944811339e-07, 3.33057315061e-08], "mean": [4.11691780755e-06, 0.00076375954086, 0.000423369521741, 0.00036326906411, 0.00259018316865, 0.0037108133547, 0.00177157379221, 0.00164088548627, 0.0014652654063, 0.0045662401244, 0.00126562884543, 0.000239183369558, 0.000221802256419, 0.000278036226518, 0.00013871928968, 4.33919813076e-05, 3.19588871207e-05, 2.20045931201e-05, 1.84446580533e-05, 1.09521970444e-05, 3.02189641843e-06, 5.92223898366e-07, 2.42931776029e-07, 2.224644291e-08, 5.60665824878e-09, 2.05260475283e-09, 2.47446352297e-09], "median": [7.77659465712e-07, 0.00011420786177, 7.65618970036e-05, 7.59389949962e-05, 0.00121328886598, 0.00179712055251, 0.00079614034621, 0.000351842754753, 0.000220280315261, 0.000357122858986, 0.000153460510774, 4.80517919641e-05, 4.32964516222e-05, 3.10394862026e-05, 2.31849699048e-05, 7.1363610914e-06, 2.99224757327e-06, 2.43394424615e-06, 1.2762965298e-06, 5.48038883608e-07, 9.37506712262e-08, 1.5439914236e-08, 4.38988134732e-09, 1.25132948448e-09, 7.85021381233e-10, 9.45609479608e-10, 2.07536787755e-09], "min": [4.21857726335e-23, 9.85638471496e-23, 2.62642844913e-23, 4.19719992168e-24, 1.64634229623e-23, 6.3270828717e-23, 1.82591354399e-23, 6.0421033987e-23, 9.41739056318e-23, 1.20450098767e-22, 1.48828012992e-23, 8.42394268427e-23, 1.47297925758e-22, 1.15936880378e-22, 1.32192400627e-22, 1.16819798747e-22, 1.01574840872e-22, 1.28484375719e-22, 2.15327649394e-22, 4.9224673099e-22, 4.98334364285e-22, 7.01125789583e-22, 6.74708264127e-22, 1.04247072479e-21, 1.05293094466e-21, 1.9450487694e-21, 2.07232108873e-21], "var": [2.9837637916e-10, 3.04801847051e-06, 1.03140712326e-06, 5.69625058233e-07, 1.82911626325e-05, 2.67514515144e-05, 6.96084771334e-06, 2.95738373097e-05, 2.24397354032e-05, 0.000465058517875, 6.31669463473e-05, 3.95998597469e-07, 4.32678717743e-07, 3.76974958272e-06, 2.08182100891e-07, 1.13408473723e-08, 7.68450192368e-09, 3.42785755336e-09, 4.77482764438e-09, 1.81691994783e-09, 2.47432491163e-10, 7.66355555404e-12, 4.10813267085e-12, 2.16235957905e-14, 9.78330889133e-16, 2.87396756991e-17, 2.64546525362e-18]}, "erbbands": {"dmean": [0.00473455851898, 0.0997297763824, 0.30440980196, 0.332401812077, 1.07907640934, 2.7648730278, 8.9400844574, 6.77206611633, 6.95362091064, 9.74998950958, 12.9354133606, 8.84648609161, 20.7857398987, 67.0367889404, 8.72568416595, 3.94037437439, 3.97069978714, 8.01715183258, 3.60016131401, 2.02093601227, 0.951466023922, 0.632129609585, 0.502400875092, 0.507773637772, 0.348456472158, 0.300056755543, 0.138123884797, 0.0475886650383, 0.0158813893795, 0.0117259528488, 0.00449808873236, 0.00117851374671, 0.000294257566566, 0.000107817686512, 3.11104085995e-05, 1.00408742583e-05, 3.48960566043e-06, 8.85603924417e-07, 2.36990263147e-06, 5.4621596064e-06], "dmean2": [0.00716063193977, 0.163024559617, 0.519290745258, 0.518589675426, 1.64560425282, 4.27418470383, 14.1304063797, 10.718752861, 11.2274160385, 16.3069019318, 17.8168087006, 10.1751327515, 24.6204109192, 86.6577529907, 12.0517406464, 5.74464130402, 5.58271741867, 11.2702922821, 5.36559486389, 3.17161083221, 1.51402759552, 0.948127150536, 0.743153512478, 0.703184723854, 0.491309970617, 0.442526727915, 0.21254517138, 0.0706074163318, 0.0220752675086, 0.0167333837599, 0.00652608973905, 0.00186948152259, 0.000506114156451, 0.000187616285984, 5.29042372364e-05, 1.68793812918e-05, 5.68861605643e-06, 1.44277532854e-06, 3.20871549775e-06, 7.45333636587e-06], "dvar": [0.000133843903313, 0.0637438371778, 0.799093365669, 0.809011638165, 7.74683427811, 48.4406890869, 638.727905273, 204.107910156, 166.58215332, 1590.17370605, 3281.08251953, 1429.39831543, 7353.4921875, 210625.265625, 2213.37817383, 304.757385254, 342.121765137, 6182.66503906, 572.945495605, 122.474594116, 8.90447330475, 5.24030017853, 3.41391730309, 8.9774684906, 2.87580823898, 3.15243601799, 0.768689513206, 0.115381374955, 0.00637220870703, 0.0126891210675, 0.00109944969881, 6.56506890664e-05, 5.47700665265e-06, 4.82189875584e-07, 2.7564535543e-08, 1.62801272463e-09, 1.37330133376e-10, 5.12122679333e-12, 5.47112528893e-11, 2.81042050743e-10], "dvar2": [0.000253451929893, 0.159030243754, 2.15054702759, 1.91124904156, 16.554473877, 107.616065979, 1752.54504395, 498.472930908, 460.694915771, 4259.89941406, 5316.09472656, 1630.37487793, 12888.4501953, 395041.21875, 4490.78857422, 620.645324707, 679.05078125, 12623.8125, 1417.85229492, 289.183624268, 21.5284633636, 11.2145709991, 8.16930294037, 20.7255535126, 6.88341093063, 7.10259914398, 2.0453338623, 0.292162239552, 0.0138962399215, 0.031705737114, 0.002592591336, 0.000158013237524, 1.56306377903e-05, 1.35458719797e-06, 7.5652792475e-08, 4.45493020251e-09, 3.56814217062e-10, 1.16381002058e-11, 1.05831565733e-10, 5.47265843753e-10], "max": [0.314277023077, 5.1128487587, 25.5407428741, 29.4681167603, 66.2289276123, 215.366394043, 541.986755371, 451.782867432, 272.288421631, 1270.77380371, 2643.53979492, 2192.85498047, 2575.82617188, 14710.0175781, 2589.10473633, 1044.34729004, 788.823608398, 4518.31396484, 1384.88745117, 647.671691895, 63.3615760803, 62.0536003113, 70.5624084473, 118.475410461, 38.7951202393, 44.3538017273, 41.0335769653, 17.2387580872, 2.61356401443, 5.23535823822, 0.936927855015, 0.206074029207, 0.0812952667475, 0.016369568184, 0.00414982810616, 0.00107903114986, 0.000312463380396, 5.98359547439e-05, 0.000216136308154, 0.000486471748445], "mean": [0.0102196512744, 0.210414856672, 0.542518496513, 0.802363216877, 3.07462978363, 9.19767379761, 27.6898975372, 25.9658336639, 24.7326030731, 28.3147735596, 40.42395401, 31.0610809326, 64.4050064087, 184.884872437, 25.8672065735, 10.6129083633, 11.1599826813, 15.7517747879, 7.91283178329, 4.86097002029, 2.40565633774, 1.46918082237, 1.31135714054, 1.20298504829, 0.765939235687, 0.525550961494, 0.203520551324, 0.0743968933821, 0.0250610690564, 0.0153333228081, 0.0052754287608, 0.00119310535956, 0.000281648477539, 0.000104923368781, 4.14207097492e-05, 1.98612324311e-05, 1.00084216683e-05, 2.7695737117e-06, 9.95957543637e-06, 2.23601855396e-05], "median": [0.00168504402973, 0.0329234302044, 0.124048784375, 0.242038458586, 1.0568600893, 3.52306699753, 9.71446228027, 12.1076107025, 13.2364578247, 10.48914814, 9.65587329865, 7.042573452, 8.75473213196, 14.8955144882, 6.40712356567, 3.10404491425, 2.46729755402, 2.37271761894, 1.48628020287, 0.891689181328, 0.448333114386, 0.180208623409, 0.171176791191, 0.0824494063854, 0.0584928952157, 0.0284840092063, 0.00981933064759, 0.00228860205971, 0.00070748582948, 0.000337783363648, 0.000120515847811, 4.96622087667e-05, 2.68279945885e-05, 1.85111930477e-05, 1.31707292894e-05, 9.4665283541e-06, 5.6704252529e-06, 1.63799290931e-06, 5.87448448641e-06, 1.30495409394e-05], "min": [5.211159907e-21, 1.28258837231e-20, 3.07880792207e-20, 2.18621800258e-20, 5.65315974758e-20, 3.23292750294e-20, 3.14086036206e-19, 4.84051101817e-19, 2.65063616643e-19, 6.68470657495e-19, 1.45215289186e-18, 2.57338432146e-18, 3.38500649387e-18, 1.85987238714e-18, 1.7729853356e-18, 3.53823156938e-18, 7.15793960192e-18, 5.96758368706e-18, 4.33195686206e-18, 6.77210740905e-18, 7.08927864799e-18, 6.52217147824e-18, 6.95878594328e-18, 9.21502777032e-18, 1.29747828572e-17, 2.29191514901e-17, 2.16287679325e-17, 1.98268029445e-17, 2.84559362054e-17, 2.09924824073e-17, 1.78390250668e-17, 1.83106123145e-17, 1.89404044719e-17, 1.09546440196e-17, 8.1495827454e-18, 6.29941049851e-18, 3.62368635769e-18, 1.56568518869e-18, 3.16140054914e-19, 2.75094616211e-20], "var": [0.000718601688277, 0.221142321825, 1.37365591526, 2.39584159851, 30.0280437469, 317.055419922, 2194.41772461, 1330.78210449, 985.719421387, 4409.40576172, 19589.4238281, 10670.5058594, 34339.5351562, 746688.125, 7328.51025391, 752.193359375, 1093.35400391, 9879.01660156, 796.702270508, 265.617126465, 28.1586799622, 13.2680063248, 8.95248508453, 22.6291675568, 6.13703870773, 4.5485329628, 0.742624282837, 0.12504145503, 0.0107193579897, 0.0117071419954, 0.00114423106425, 6.14303862676e-05, 3.46227898262e-06, 3.12041805728e-07, 2.02978114316e-08, 1.62159463635e-09, 2.31201002787e-10, 1.48569004321e-11, 2.23752599782e-10, 1.14578602162e-09]}, "gfcc": {"mean": [-213.506835938, 223.831985474, -140.146514893, -41.1732177734, -32.1787757874, -34.453086853, -13.8466653824, -14.972653389, -12.2277050018, -8.44515419006, -2.00251030922, -6.98055744171, 2.69190979004], "cov": [[21950.4804688, 5415.77636719, -3104.98388672, 1800.63085938, -590.63458252, -817.88873291, 449.977539062, -859.486328125, 65.2787094116, -416.014068604, 34.7863082886, -382.546875, 277.85043335], [5415.77636719, 3501.16333008, -79.556602478, -459.754760742, 112.285690308, -355.760162354, -247.926620483, -236.617645264, -103.518157959, -152.387939453, 38.2709350586, -176.100189209, 64.1009521484], [-3104.98388672, -79.556602478, 1038.95678711, -439.690155029, 203.553573608, 208.471221924, -173.195556641, 106.914627075, -50.7353439331, 19.4493103027, -39.3486938477, -7.03549098969, -32.8663749695], [1800.63085938, -459.754760742, -439.690155029, 895.060546875, -71.6723709106, -36.5056495667, 161.042724609, -111.140289307, 94.5074386597, 37.0851516724, -18.317691803, -40.2317199707, -33.4324455261], [-590.63458252, 112.285690308, 203.553573608, -71.6723709106, 244.692474365, 71.6553649902, -11.0250635147, 82.8523254395, 14.3242902756, 34.9374275208, 18.1629371643, 1.6741656065, -0.554811835289], [-817.88873291, -355.760162354, 208.471221924, -36.5056495667, 71.6553649902, 274.753540039, 118.749382019, 96.4466323853, 23.4815654755, -7.30984926224, -36.0333404541, 9.8399553299, 8.2264919281], [449.977539062, -247.926620483, -173.195556641, 161.042724609, -11.0250635147, 118.749382019, 350.186462402, 135.860916138, 30.9792022705, -20.187461853, -39.928565979, 2.72836518288, 46.7159004211], [-859.486328125, -236.617645264, 106.914627075, -111.140289307, 82.8523254395, 96.4466323853, 135.860916138, 233.442718506, 53.4981460571, 24.9503231049, 8.13887786865, 9.70154190063, 0.927353382111], [65.2787094116, -103.518157959, -50.7353439331, 94.5074386597, 14.3242902756, 23.4815654755, 30.9792022705, 53.4981460571, 110.672058105, 49.5346183777, 11.4273881912, 11.2688894272, -12.6000728607], [-416.014068604, -152.387939453, 19.4493103027, 37.0851516724, 34.9374275208, -7.30984926224, -20.187461853, 24.9503231049, 49.5346183777, 91.4015197754, 45.8576850891, 16.0703754425, -16.7714920044], [34.7863082886, 38.2709350586, -39.3486938477, -18.317691803, 18.1629371643, -36.0333404541, -39.928565979, 8.13887786865, 11.4273881912, 45.8576850891, 100.344413757, 44.5165100098, -2.0894112587], [-382.546875, -176.100189209, -7.03549098969, -40.2317199707, 1.6741656065, 9.8399553299, 2.72836518288, 9.70154190063, 11.2688894272, 16.0703754425, 44.5165100098, 117.324256897, 59.7481117249], [277.85043335, 64.1009521484, -32.8663749695, -33.4324455261, -0.554811835289, 8.2264919281, 46.7159004211, 0.927353382111, -12.6000728607, -16.7714920044, -2.0894112587, 59.7481117249, 118.299293518]], "icov": [[0.00072135211667, -0.0012453859672, 0.00132169108838, -0.00139518536162, 0.000937524077017, -0.0010317285778, -4.27251143265e-05, 0.000223787312279, -0.000601776642725, 0.00145587755833, -0.00124940951355, 0.00120748218615, -0.00144487142097], [-0.0012453859672, 0.00301396357827, -0.00250778207555, 0.00326192635112, -0.00275061372668, 0.0030711684376, -0.000817053136416, 0.0015873570228, -0.00115212181117, 2.16456755879e-05, -0.000110714681796, 0.000669321219902, 0.00114114047028], [0.00132169108838, -0.00250778207555, 0.00482491776347, -0.00241405959241, 0.00125340197701, -0.00409565074369, 0.00223576533608, -0.00150241225492, 0.00141809310298, 0.000345844338881, 0.000421474484028, 0.0010835211724, -0.00200732541271], [-0.00139518536162, 0.00326192635112, -0.00241405959241, 0.00579199567437, -0.00339042162523, 0.00345276691951, -0.00272974162363, 0.00416594976559, -0.0030553038232, -0.00113272375893, 0.000361448706826, 0.000752759748138, 0.00240506930277], [0.000937524077017, -0.00275061372668, 0.00125340197701, -0.00339042162523, 0.00862213224173, -0.00402214005589, 0.00224000005983, -0.00453174859285, 0.00279630627483, -0.00283077638596, 0.000125578677398, -0.000749609200284, -0.00157305842731], [-0.0010317285778, 0.0030711684376, -0.00409565074369, 0.00345276691951, -0.00402214005589, 0.0102899139747, -0.00474094459787, 0.00348346307874, -0.00471838703379, 0.00332267116755, -0.000908836896997, 0.000940029218327, 0.00118515139911], [-4.27251143265e-05, -0.000817053136416, 0.00223576533608, -0.00272974162363, 0.00224000005983, -0.00474094459787, 0.0100045939907, -0.00904211308807, 0.00582681735978, -0.00306167523377, 0.00516462745145, -0.00259257177822, -0.00155975460075], [0.000223787312279, 0.0015873570228, -0.00150241225492, 0.00416594976559, -0.00453174859285, 0.00348346307874, -0.00904211308807, 0.0167755074799, -0.0116658424959, 0.00669841188937, -0.00835630577058, 0.00719675421715, -0.00152536074165], [-0.000601776642725, -0.00115212181117, 0.00141809310298, -0.0030553038232, 0.00279630627483, -0.00471838703379, 0.00582681735978, -0.0116658424959, 0.0242050550878, -0.0166564844549, 0.0113968951628, -0.0106312697753, 0.00548727111891], [0.00145587755833, 2.16456755879e-05, 0.000345844338881, -0.00113272375893, -0.00283077638596, 0.00332267116755, -0.00306167523377, 0.00669841188937, -0.0166564844549, 0.0321024134755, -0.0183025114238, 0.010750323534, -0.00571867078543], [-0.00124940951355, -0.000110714681796, 0.000421474484028, 0.000361448706826, 0.000125578677398, -0.000908836896997, 0.00516462745145, -0.00835630577058, 0.0113968951628, -0.0183025114238, 0.0279997717589, -0.0173259023577, 0.00916777923703], [0.00120748218615, 0.000669321219902, 0.0010835211724, 0.000752759748138, -0.000749609200284, 0.000940029218327, -0.00259257177822, 0.00719675421715, -0.0106312697753, 0.010750323534, -0.0173259023577, 0.0271595157683, -0.015417849645], [-0.00144487142097, 0.00114114047028, -0.00200732541271, 0.00240506930277, -0.00157305842731, 0.00118515139911, -0.00155975460075, -0.00152536074165, 0.00548727111891, -0.00571867078543, 0.00916777923703, -0.015417849645, 0.0196110494435]]}, "melbands": {"dmean": [7.13930130587e-05, 0.000151157364598, 7.5368443504e-05, 0.000123467019876, 0.000268059229711, 0.000159999137395, 0.000113640460768, 0.000107903768367, 0.000101097568404, 5.60600747121e-05, 0.000108397289296, 0.000286465365207, 3.95357310481e-05, 1.16400415209e-05, 7.7841887105e-06, 1.00842735264e-05, 1.60110193974e-05, 5.94260745856e-06, 3.88637727156e-06, 1.81916664133e-06, 1.07379776182e-06, 6.91743537118e-07, 7.09580660896e-07, 4.31950155644e-07, 4.60422256765e-07, 1.95202318309e-07, 2.98732828696e-07, 1.86532233215e-07, 9.31577162078e-08, 6.64301609277e-08, 1.51826160533e-08, 1.01493409232e-08, 6.26837870499e-09, 6.53270060269e-09, 2.77591505338e-09, 1.5330845482e-09, 4.15042583635e-10, 2.16395276698e-10, 1.18011767025e-10, 7.96290255956e-11], "dmean2": [0.000111258414108, 0.000254677375779, 0.000115634567919, 0.000188964782865, 0.000421092874603, 0.000252090627328, 0.000186508506886, 0.000179822018254, 0.000135996437166, 6.33342933725e-05, 0.000129276842927, 0.000370267225662, 5.44818321941e-05, 1.73336629814e-05, 1.10828714242e-05, 1.44656305565e-05, 2.26084739552e-05, 8.93146079761e-06, 5.88341526964e-06, 2.94347387353e-06, 1.68072369888e-06, 1.03287300135e-06, 1.07655057491e-06, 6.1309145849e-07, 6.37286973415e-07, 2.85442325776e-07, 4.25488195788e-07, 2.72929952416e-07, 1.41013927646e-07, 1.03064515145e-07, 2.10309760718e-08, 1.41967699818e-08, 9.21826615041e-09, 9.28896248809e-09, 4.01257826965e-09, 2.30740138107e-09, 7.2119382688e-10, 3.75339093139e-10, 2.10851697213e-10, 1.39760619744e-10], "dvar": [3.07322984838e-08, 1.69463234556e-07, 3.61033762886e-08, 9.1523858714e-08, 5.08856658143e-07, 1.13339147845e-07, 4.73146144486e-08, 2.02486333478e-07, 1.91540493688e-07, 5.37113500343e-08, 2.18443531708e-07, 3.97890835302e-06, 8.8155495348e-08, 2.28614926989e-09, 9.67581459399e-10, 5.19507414865e-09, 2.49394194185e-08, 2.76365175189e-09, 8.17266976316e-10, 5.08340383676e-11, 1.29907066007e-11, 8.13273406952e-12, 7.98334402058e-12, 4.61052506937e-12, 8.40186861056e-12, 1.49582169567e-12, 3.51802614817e-12, 1.32712081342e-12, 2.97640682717e-13, 3.61958049254e-13, 6.69256613493e-15, 3.12191568644e-15, 3.39805033307e-15, 6.30130044077e-15, 4.99351121637e-16, 2.13926085293e-16, 1.19153638431e-17, 3.47415360964e-18, 8.4617681532e-19, 3.06412798651e-19], "dvar2": [6.49221263416e-08, 4.56198591792e-07, 8.1381891448e-08, 2.0209996876e-07, 1.35162156312e-06, 2.78482872318e-07, 1.35826994097e-07, 5.39291818313e-07, 2.97020164908e-07, 6.26290983519e-08, 3.96859235252e-07, 7.44391263652e-06, 1.74215813331e-07, 5.11389908198e-09, 1.80425241414e-09, 1.0713439913e-08, 4.98712218189e-08, 7.09820957567e-09, 1.63280200471e-09, 1.54749935088e-10, 2.94750994445e-11, 1.67093786724e-11, 1.86110415273e-11, 1.03858085326e-11, 1.91195427546e-11, 3.91362636742e-12, 8.51341653424e-12, 2.89690862444e-12, 7.73819322421e-13, 9.34544217186e-13, 1.41338695847e-14, 6.66243674948e-15, 8.59307555803e-15, 1.57551058923e-14, 1.19192178761e-15, 4.52513587785e-16, 3.36084508584e-17, 9.90002099865e-18, 2.43333995541e-18, 8.6372141951e-19], "max": [0.00414771633223, 0.00993612594903, 0.00455108750612, 0.0065315826796, 0.0141974491999, 0.00991969928145, 0.00395918264985, 0.0156227890402, 0.0198382996023, 0.01132817287, 0.0136864399537, 0.0650851204991, 0.0182134918869, 0.00244315271266, 0.00152184639592, 0.00449572410434, 0.00829660333693, 0.00330784940161, 0.00195562839508, 0.000168548518559, 9.42793121794e-05, 9.83726422419e-05, 7.01818717062e-05, 9.00542727322e-05, 0.000114042995847, 4.0286933654e-05, 5.81679669267e-05, 2.97443712043e-05, 2.29379675147e-05, 3.00455449178e-05, 2.97097039947e-06, 2.23958022616e-06, 3.11657777274e-06, 4.66985420644e-06, 7.05584852767e-07, 4.73574544912e-07, 1.11847334949e-07, 5.82152388517e-08, 3.13042463063e-08, 1.52510466478e-08], "mean": [0.00015851041826, 0.00029736655415, 0.000203805233468, 0.000385176826967, 0.000868228264153, 0.000609261041973, 0.0003901294549, 0.000305333232973, 0.000323749205563, 0.00019509482081, 0.00032685577753, 0.000781021546572, 0.000111032379209, 3.10770956276e-05, 2.12051218114e-05, 2.44964339799e-05, 3.01020863844e-05, 1.20882959891e-05, 9.24953292269e-06, 4.23279925599e-06, 2.49832623922e-06, 1.46825357206e-06, 1.56664657425e-06, 1.03789511741e-06, 1.03400202534e-06, 4.47229496103e-07, 5.37208279638e-07, 3.07725059656e-07, 1.29583611397e-07, 8.91047662321e-08, 2.5875291243e-08, 1.53697392591e-08, 8.55490611684e-09, 8.22734591566e-09, 3.15011394747e-09, 1.61234747775e-09, 3.54966889216e-10, 1.94689431243e-10, 9.8433435014e-11, 6.6441734059e-11], "median": [2.47732241405e-05, 6.81575183989e-05, 6.38733472442e-05, 0.000151062529767, 0.000346981250914, 0.000296845042612, 0.000212285187445, 0.000108060557977, 6.85053455527e-05, 3.49579313479e-05, 3.80454293918e-05, 5.51362136321e-05, 2.07953671634e-05, 6.92877529218e-06, 4.73516502097e-06, 4.83616440761e-06, 3.62172204404e-06, 1.82897906598e-06, 1.53824953486e-06, 6.19526588252e-07, 4.03804278903e-07, 1.22915395195e-07, 1.70205140648e-07, 8.58984208207e-08, 5.11897297883e-08, 3.03904386101e-08, 3.0410738816e-08, 1.06572954905e-08, 4.94118124195e-09, 2.10400741274e-09, 6.82257195184e-10, 3.5599298509e-10, 1.68249927879e-10, 1.22549595472e-10, 5.46803435864e-11, 2.8902881824e-11, 1.74550790488e-11, 1.20057956632e-11, 9.16996686917e-12, 7.25567002313e-12], "min": [3.69348683238e-23, 1.63072726793e-23, 5.02865458262e-24, 3.04473645917e-24, 8.37954953683e-24, 1.09544033644e-23, 4.27222690466e-24, 8.97409506843e-24, 1.22396123957e-23, 1.5478230355e-23, 1.76393116494e-23, 9.07935356787e-24, 3.30772769661e-24, 1.1830124955e-23, 1.2052023639e-23, 1.35604006316e-23, 1.12424448799e-23, 5.95631319753e-24, 1.17789105273e-23, 7.02164539535e-24, 8.27600286555e-24, 6.47367342273e-24, 6.44397833167e-24, 5.95009381816e-24, 7.4233452012e-24, 8.38261189486e-24, 1.21718176895e-23, 1.59906302228e-23, 1.4900009511e-23, 1.03497091372e-23, 1.18349314845e-23, 1.8084240244e-23, 1.15276851503e-23, 1.26747196721e-23, 1.13628329426e-23, 7.17801419284e-24, 1.34734003178e-23, 1.35481906425e-23, 1.06253166271e-23, 9.13127560379e-24], "var": [1.4659981673e-07, 3.59495999191e-07, 1.31408114612e-07, 4.43994565558e-07, 1.9908984541e-06, 7.06930450178e-07, 2.44815112183e-07, 5.63514845453e-07, 1.26187296701e-06, 3.89326174854e-07, 9.55501036515e-07, 1.40638148878e-05, 2.96772697084e-07, 6.32281826896e-09, 3.48955375706e-09, 8.80453399077e-09, 4.14345890931e-08, 3.10989833885e-09, 1.64778690692e-09, 1.30564795087e-10, 3.53771595352e-11, 1.90667880789e-11, 1.74048154361e-11, 1.10374652126e-11, 2.10602698475e-11, 2.69376296443e-12, 4.40897362022e-12, 2.03014341449e-12, 3.19511344465e-13, 3.30031629196e-13, 1.30112375274e-14, 5.24239490726e-15, 3.13392280199e-15, 5.56640195024e-15, 5.0067058721e-16, 2.37284104075e-16, 7.50511723117e-18, 2.21316577625e-18, 5.00521611982e-19, 1.92621594288e-19]}, "mfcc": {"mean": [-817.652770996, 227.895263672, -11.9860181808, -12.0059080124, -9.98752593994, -13.1517429352, -6.06157064438, -9.08260059357, -6.19132041931, -1.66932189465, -5.41591501236, -6.60154294968, -1.0396835804], "cov": [[9059.95996094, 3153.99462891, -2253.0246582, 1401.29675293, -6.2263379097, -113.375244141, 228.865005493, -108.588356018, -16.2053489685, 99.1366653442, -26.1098957062, -114.90965271, -4.26326084137], [3153.99462891, 2364.93408203, -121.539535522, 13.1408205032, 203.953369141, -25.7094116211, 54.2032394409, -21.9574890137, -42.2837791443, -2.16571640968, -75.6623001099, -103.516044617, -3.71236515045], [-2253.0246582, -121.539535522, 1148.24060059, -516.426025391, 64.9833221436, 134.311203003, -96.2129745483, 25.6973400116, -10.5932588577, -35.58543396, -19.2016010284, -14.3990535736, -32.3397445679], [1401.29675293, 13.1408205032, -516.426025391, 620.913208008, 35.1004142761, -17.1222305298, 61.099521637, -58.8600234985, 3.08587861061, 53.6090965271, 42.357711792, 23.8650875092, 3.69090032578], [-6.2263379097, 203.953369141, 64.9833221436, 35.1004142761, 252.876159668, 46.03125, -8.38972473145, -8.43396091461, -29.4117736816, 5.61560821533, 8.75640869141, 7.85916519165, 25.2550964355], [-113.375244141, -25.7094116211, 134.311203003, -17.1222305298, 46.03125, 175.816238403, 20.2587280273, 19.7018222809, 23.8710365295, 2.74404335022, 4.84460830688, -19.6035785675, -25.123216629], [228.865005493, 54.2032394409, -96.2129745483, 61.099521637, -8.38972473145, 20.2587280273, 157.787322998, 95.4397506714, 65.6971282959, 62.8770713806, -0.746140956879, -19.0734176636, -19.200056076], [-108.588356018, -21.9574890137, 25.6973400116, -58.8600234985, -8.43396091461, 19.7018222809, 95.4397506714, 185.171234131, 124.188499451, 62.1663894653, 15.3610363007, -13.3394823074, -7.25924062729], [-16.2053489685, -42.2837791443, -10.5932588577, 3.08587861061, -29.4117736816, 23.8710365295, 65.6971282959, 124.188499451, 170.168060303, 83.7777175903, 2.41955542564, -4.90726947784, -10.6456708908], [99.1366653442, -2.16571640968, -35.58543396, 53.6090965271, 5.61560821533, 2.74404335022, 62.8770713806, 62.1663894653, 83.7777175903, 141.310241699, 52.6722373962, -14.3836050034, -22.5172996521], [-26.1098957062, -75.6623001099, -19.2016010284, 42.357711792, 8.75640869141, 4.84460830688, -0.746140956879, 15.3610363007, 2.41955542564, 52.6722373962, 126.035942078, 47.2535247803, -14.6687240601], [-114.90965271, -103.516044617, -14.3990535736, 23.8650875092, 7.85916519165, -19.6035785675, -19.0734176636, -13.3394823074, -4.90726947784, -14.3836050034, 47.2535247803, 126.73033905, 77.6622924805], [-4.26326084137, -3.71236515045, -32.3397445679, 3.69090032578, 25.2550964355, -25.123216629, -19.200056076, -7.25924062729, -10.6456708908, -22.5172996521, -14.6687240601, 77.6622924805, 152.449462891]], "icov": [[0.0181700717658, -0.0254813302308, 0.0253609437495, -0.0247410628945, 0.0239150114357, -0.023085705936, 0.0212947744876, -0.0198322292417, 0.0175515376031, -0.0134607870132, 0.0115012899041, -0.00869806017727, 0.00461300183088], [-0.0254813302308, 0.0362395457923, -0.0354858972132, 0.0348235368729, -0.0340471155941, 0.0325996614993, -0.0302391722798, 0.0281354337931, -0.0247662626207, 0.0190331917256, -0.0161658693105, 0.0127659616992, -0.00663405703381], [0.0253609437495, -0.0354858972132, 0.0371493585408, -0.0331580713391, 0.0329185239971, -0.0334295444191, 0.0306762903929, -0.0279882512987, 0.0249734073877, -0.0196307897568, 0.0167640075088, -0.012966142036, 0.00715958978981], [-0.0247410628945, 0.0348235368729, -0.0331580713391, 0.0369530320168, -0.0334650240839, 0.0310177523643, -0.0303808208555, 0.0295516476035, -0.0250781774521, 0.0179826524109, -0.0164756178856, 0.0116926822811, -0.00617310358211], [0.0239150114357, -0.0340471155941, 0.0329185239971, -0.0334650240839, 0.0368047393858, -0.0320886671543, 0.0293182153255, -0.027989435941, 0.0258070379496, -0.0195222664624, 0.0159188453108, -0.0122683523223, 0.00530764041469], [-0.023085705936, 0.0325996614993, -0.0334295444191, 0.0310177523643, -0.0320886671543, 0.0372053459287, -0.0297040175647, 0.027354169637, -0.0258078407496, 0.0204435288906, -0.0173741970211, 0.013786255382, -0.00616303319111], [0.0212947744876, -0.0302391722798, 0.0306762903929, -0.0303808208555, 0.0293182153255, -0.0297040175647, 0.039131436497, -0.0329251810908, 0.0260891411453, -0.0226035136729, 0.0197195932269, -0.014176688157, 0.00831333268434], [-0.0198322292417, 0.0281354337931, -0.0279882512987, 0.0295516476035, -0.027989435941, 0.027354169637, -0.0329251810908, 0.0407986603677, -0.0329760424793, 0.0208373423666, -0.020713141188, 0.0157916080207, -0.00884426012635], [0.0175515376031, -0.0247662626207, 0.0249734073877, -0.0250781774521, 0.0258070379496, -0.0258078407496, 0.0260891411453, -0.0329760424793, 0.0375077426434, -0.0249518491328, 0.021079422906, -0.0161322373897, 0.00816007051617], [-0.0134607870132, 0.0190331917256, -0.0196307897568, 0.0179826524109, -0.0195222664624, 0.0204435288906, -0.0226035136729, 0.0208373423666, -0.0249518491328, 0.0293091200292, -0.0208049640059, 0.0152715016156, -0.00695906765759], [0.0115012899041, -0.0161658693105, 0.0167640075088, -0.0164756178856, 0.0159188453108, -0.0173741970211, 0.0197195932269, -0.020713141188, 0.021079422906, -0.0208049640059, 0.0275341961533, -0.0189535412937, 0.0105838403106], [-0.00869806017727, 0.0127659616992, -0.012966142036, 0.0116926822811, -0.0122683523223, 0.013786255382, -0.014176688157, 0.0157916080207, -0.0161322373897, 0.0152715016156, -0.0189535412937, 0.0255781169981, -0.0134200407192], [0.00461300183088, -0.00663405703381, 0.00715958978981, -0.00617310358211, 0.00530764041469, -0.00616303319111, 0.00831333268434, -0.00884426012635, 0.00816007051617, -0.00695906765759, 0.0105838403106, -0.0134200407192, 0.014323095791]]}, "spectral_contrast_coeffs": {"dmean": [0.0392683073878, 0.0348704904318, 0.0291786994785, 0.0239853486419, 0.0183323323727, 0.0392549075186], "dmean2": [0.0666407495737, 0.0581810884178, 0.0461441464722, 0.0383739694953, 0.0292279515415, 0.0688676312566], "dvar": [0.00117741548456, 0.00115660123993, 0.000982802128419, 0.000613412703387, 0.000478841742733, 0.000979959382676], "dvar2": [0.00313974870369, 0.00289469747804, 0.0021713078022, 0.00139471364673, 0.00108104140963, 0.00286913872696], "max": [-0.315966129303, -0.39021730423, -0.265023887157, -0.507435321808, -0.563291370869, -0.58193475008], "mean": [-0.605198919773, -0.651465952396, -0.678029060364, -0.722651004791, -0.739278435707, -0.803659796715], "median": [-0.600844919682, -0.645924806595, -0.689621448517, -0.725963532925, -0.740024864674, -0.812563657761], "min": [-0.954178392887, -0.961536586285, -0.975717484951, -0.96202069521, -0.956957995892, -0.961904942989], "var": [0.0112173631787, 0.00825559906662, 0.0102963307872, 0.00443045888096, 0.00355968018994, 0.00663798581809]}, "spectral_contrast_valleys": {"dmean": [0.42884722352, 0.302677243948, 0.276395946741, 0.278995901346, 0.251840233803, 0.685471236706], "dmean2": [0.703232109547, 0.499882280827, 0.447664231062, 0.457063376904, 0.415299922228, 1.21706664562], "dvar": [0.178062170744, 0.147204264998, 0.125900238752, 0.159206748009, 0.189521431923, 0.302319258451], "dv