{"lowlevel": {"average_loudness": 0.948003709316, "barkbands_crest": {"dmean": 3.07874107361, "dmean2": 4.89995002747, "dvar": 8.89992237091, "dvar2": 18.8376197815, "max": 26.2670631409, "mean": 11.903878212, "median": 11.0831565857, "min": 2.57151770592, "var": 23.2976913452}, "barkbands_flatness_db": {"dmean": 0.0451868623495, "dmean2": 0.0608729496598, "dvar": 0.00193517864682, "dvar2": 0.0032730975654, "max": 0.508735716343, "mean": 0.211425885558, "median": 0.200162023306, "min": 0.0393490828574, "var": 0.00685051269829}, "barkbands_kurtosis": {"dmean": 7.16473674774, "dmean2": 11.1648521423, "dvar": 161.594497681, "dvar2": 361.458312988, "max": 227.794036865, "mean": 10.1214179993, "median": 5.24701881409, "min": -1.84504675865, "var": 260.839935303}, "barkbands_skewness": {"dmean": 0.883956193924, "dmean2": 1.32468211651, "dvar": 0.898856341839, "dvar2": 2.00732278824, "max": 12.7149505615, "mean": 2.24948167801, "median": 1.97256755829, "min": -2.61426115036, "var": 2.11096596718}, "barkbands_spread": {"dmean": 5.70449829102, "dmean2": 8.8013715744, "dvar": 51.087562561, "dvar2": 112.458450317, "max": 118.694137573, "mean": 12.1995897293, "median": 9.84061908722, "min": 0.414959967136, "var": 93.9573516846}, "dissonance": {"dmean": 0.0305012613535, "dmean2": 0.0473692193627, "dvar": 0.000797910033725, "dvar2": 0.00182746176142, "max": 0.500000059605, "mean": 0.43911242485, "median": 0.448306679726, "min": 0.180017635226, "var": 0.00179182703141}, "dynamic_complexity": 3.06380534172, "erbbands_crest": {"dmean": 3.44378089905, "dmean2": 5.32859611511, "dvar": 10.3044509888, "dvar2": 22.8951530457, "max": 30.9424438477, "mean": 10.601398468, "median": 9.38584804535, "min": 2.64797878265, "var": 24.7927036285}, "erbbands_flatness_db": {"dmean": 0.031472094357, "dmean2": 0.0414978154004, "dvar": 0.000783620635048, "dvar2": 0.00134044943843, "max": 0.413777947426, "mean": 0.185343831778, "median": 0.177760049701, "min": 0.0601328238845, "var": 0.00269344472326}, "erbbands_kurtosis": {"dmean": 1.94777047634, "dmean2": 2.92240786552, "dvar": 15.1135759354, "dvar2": 29.6023979187, "max": 79.8301467896, "mean": 1.62911295891, "median": 0.275099277496, "min": -1.92082965374, "var": 26.6497535706}, "erbbands_skewness": {"dmean": 0.533872663975, "dmean2": 0.779968380928, "dvar": 0.320482939482, "dvar2": 0.628978550434, "max": 7.12119722366, "mean": 0.664398729801, "median": 0.519098222256, "min": -3.53458714485, "var": 0.95016592741}, "erbbands_spread": {"dmean": 11.2140293121, "dmean2": 16.8912563324, "dvar": 143.76600647, "dvar2": 316.279327393, "max": 148.712112427, "mean": 32.272151947, "median": 30.1126289368, "min": 2.44347953796, "var": 271.67199707}, "hfc": {"dmean": 8.74336528778, "dmean2": 13.0944061279, "dvar": 157.220794678, "dvar2": 384.512145996, "max": 122.138679504, "mean": 15.8912334442, "median": 11.6673841476, "min": 4.17352187965e-13, "var": 227.84967041}, "melbands_crest": {"dmean": 3.5117354393, "dmean2": 5.30840682983, "dvar": 9.51522159576, "dvar2": 20.6883907318, "max": 32.4873504639, "mean": 16.585559845, "median": 16.3878002167, "min": 1.00269269943, "var": 28.0782928467}, "melbands_flatness_db": {"dmean": 0.0560386553407, "dmean2": 0.0751227959991, "dvar": 0.00297909835353, "dvar2": 0.00511567061767, "max": 0.644164383411, "mean": 0.298235028982, "median": 0.289231330156, "min": -3.02002320041e-07, "var": 0.0101952767}, "melbands_kurtosis": {"dmean": 14.5792007446, "dmean2": 22.5401668549, "dvar": 666.194763184, "dvar2": 1560.22607422, "max": 434.625305176, "mean": 22.5341281891, "median": 11.7381820679, "min": -1.65742278099, "var": 1059.94445801}, "melbands_skewness": {"dmean": 1.14429783821, "dmean2": 1.69040346146, "dvar": 1.44782948494, "dvar2": 3.29993009567, "max": 16.686416626, "mean": 3.20745992661, "median": 2.79888224602, "min": -1.86313760281, "var": 3.64181017876}, "melbands_spread": {"dmean": 6.02857446671, "dmean2": 9.46539497375, "dvar": 78.424156189, "dvar2": 181.045074463, "max": 145.282348633, "mean": 11.9199581146, "median": 9.10287380219, "min": 0.348432689905, "var": 120.400947571}, "pitch_salience": {"dmean": 0.0958660393953, "dmean2": 0.147939041257, "dvar": 0.00747371697798, "dvar2": 0.0169032532722, "max": 0.995974957943, "mean": 0.473693430424, "median": 0.477247208357, "min": 0.0763415023685, "var": 0.0178990457207}, "silence_rate_20dB": {"dmean": 0, "dmean2": 0, "dvar": 0, "dvar2": 0, "max": 1, "mean": 1, "median": 1, "min": 1, "var": 0}, "silence_rate_30dB": {"dmean": 0.0867827609181, "dmean2": 0.173590287566, "dvar": 0.0792530551553, "dvar2": 0.166593134403, "max": 1, "mean": 0.910946190357, "median": 1, "min": 0, "var": 0.0811262428761}, "silence_rate_60dB": {"dmean": 0.0259777326137, "dmean2": 0.0518201291561, "dvar": 0.0253001637757, "dvar2": 0.0562728792429, "max": 1, "mean": 0.0653632059693, "median": 0, "min": 0, "var": 0.0610907524824}, "spectral_centroid": {"dmean": 308.624206543, "dmean2": 467.743408203, "dvar": 139746.3125, "dvar2": 295091.3125, "max": 4344.67773438, "mean": 828.791809082, "median": 687.368286133, "min": 113.172317505, "var": 273242.9375}, "spectral_complexity": {"dmean": 5.69882965088, "dmean2": 8.45753002167, "dvar": 51.5032730103, "dvar2": 105.378883362, "max": 57, "mean": 14.7932071686, "median": 13, "min": 0, "var": 101.152732849}, "spectral_decrease": {"dmean": 5.22087972854e-09, "dmean2": 7.02745106551e-09, "dvar": 4.1864282472e-17, "dvar2": 8.24594051865e-17, "max": 1.46357410931e-28, "mean": -1.19199938808e-08, "median": -9.18607678813e-09, "min": -6.84436329834e-08, "var": 1.04058606375e-16}, "spectral_energy": {"dmean": 0.0201952662319, "dmean2": 0.0271467361599, "dvar": 0.00060896325158, "dvar2": 0.00119521177839, "max": 0.260736882687, "mean": 0.0464302450418, "median": 0.0360271036625, "min": 3.78545542311e-17, "var": 0.00154384656344}, "spectral_energyband_high": {"dmean": 0.000440175033873, "dmean2": 0.000739648763556, "dvar": 6.29109990768e-07, "dvar2": 1.58785883286e-06, "max": 0.0057536973618, "mean": 0.000364203966456, "median": 8.06118550827e-05, "min": 2.74777835505e-17, "var": 5.28102702901e-07}, "spectral_energyband_low": {"dmean": 0.0163229331374, "dmean2": 0.0230822786689, "dvar": 0.000632965879049, "dvar2": 0.00131563679315, "max": 0.246287405491, "mean": 0.0278429333121, "median": 0.016561742872, "min": 2.59264201669e-19, "var": 0.00112700171303}, "spectral_energyband_middle_high": {"dmean": 0.00295831216499, "dmean2": 0.0046542622149, "dvar": 2.26516731345e-05, "dvar2": 5.6276556279e-05, "max": 0.0477868244052, "mean": 0.00421126373112, "median": 0.00234231166542, "min": 5.53964758742e-18, "var": 3.00961964967e-05}, "spectral_energyband_middle_low": {"dmean": 0.00638652825728, "dmean2": 0.00961441081017, "dvar": 7.2878858191e-05, "dvar2": 0.000164919547387, "max": 0.131054013968, "mean": 0.0152505636215, "median": 0.012438768521, "min": 1.14598894533e-18, "var": 0.00017344551452}, "spectral_entropy": {"dmean": 0.421462893486, "dmean2": 0.555222332478, "dvar": 0.161690816283, "dvar2": 0.255571186543, "max": 9.14057159424, "mean": 6.98373794556, "median": 7.05075931549, "min": 4.57841777802, "var": 0.510381996632}, "spectral_flux": {"dmean": 0.0416922830045, "dmean2": 0.0628869533539, "dvar": 0.00184562592767, "dvar2": 0.00404571834952, "max": 0.402734279633, "mean": 0.0995947942138, "median": 0.0864479467273, "min": 2.68592066277e-06, "var": 0.0039444998838}, "spectral_kurtosis": {"dmean": 4.79291391373, "dmean2": 7.26735591888, "dvar": 35.9596786499, "dvar2": 77.6433105469, "max": 78.8330917358, "mean": 9.1223077774, "median": 6.70047664642, "min": 0.182441711426, "var": 67.1171569824}, "spectral_rms": {"dmean": 0.00138502381742, "dmean2": 0.00177705683745, "dvar": 1.93299320017e-06, "dvar2": 3.29112413056e-06, "max": 0.01594921574, "mean": 0.00608802819625, "median": 0.00592860812321, "min": 1.92175109159e-10, "var": 8.23372374725e-06}, "spectral_rolloff": {"dmean": 359.873474121, "dmean2": 607.439941406, "dvar": 430823.46875, "dvar2": 993329.25, "max": 18755.4199219, "mean": 721.668273926, "median": 473.73046875, "min": 64.599609375, "var": 1066297.25}, "spectral_skewness": {"dmean": 0.575852453709, "dmean2": 0.825478494167, "dvar": 0.339272707701, "dvar2": 0.67397069931, "max": 7.25122022629, "mean": 2.16034913063, "median": 1.99013292789, "min": 0.147769913077, "var": 0.857215821743}, "spectral_spread": {"dmean": 790420, "dmean2": 1164164.875, "dvar": 793802047488, "dvar2": 1670807945220.0, "max": 17160336, "mean": 3728042.75, "median": 3535352.5, "min": 943127.375, "var": 1590968582140.0}, "spectral_strongpeak": {"dmean": 0.350064426661, "dmean2": 0.582507550716, "dvar": 0.31027007103, "dvar2": 0.835844874382, "max": 7.86046934128, "mean": 0.677826344967, "median": 0.508233129978, "min": 0, "var": 0.399289757013}, "zerocrossingrate": {"dmean": 0.00882607046515, "dmean2": 0.0109733277932, "dvar": 9.87267485471e-05, "dvar2": 0.000137203081977, "max": 0.51513671875, "mean": 0.0308426227421, "median": 0.0263671875, "min": 0.0029296875, "var": 0.000642563973088}, "barkbands": {"dmean": [4.44633806183e-05, 0.0127406399697, 0.00458423886448, 0.00191232259385, 0.0030801310204, 0.00183009484317, 0.00111416098662, 0.000403808953706, 0.000561094086152, 0.000489311583806, 0.000573921832256, 0.000844396825414, 0.000293157325359, 0.000258678599494, 0.000410937704146, 0.000211264530662, 0.000280461797956, 0.000187561148778, 0.000215997773921, 0.000150910622324, 0.000161476855283, 7.93023573351e-05, 4.28710736742e-05, 4.43331700808e-05, 2.81549619103e-05, 1.18656962513e-05, 6.47339447823e-07], "dmean2": [6.98321018717e-05, 0.0186035577208, 0.00654620770365, 0.00312456209213, 0.00480371620506, 0.0028362062294, 0.00160202581901, 0.000625924789347, 0.00088036066154, 0.00078298576409, 0.000927020155359, 0.00137279182673, 0.000479939219076, 0.000427322578616, 0.000689132837579, 0.000352062372258, 0.000488550344016, 0.000318897858961, 0.000352952542016, 0.000254050566582, 0.000276567210676, 0.000135030189995, 7.32749977033e-05, 7.68010722823e-05, 4.96854845551e-05, 2.08150559047e-05, 1.13804253488e-06], "dvar": [1.44017349157e-08, 0.000444177392637, 6.13767915638e-05, 9.03819909581e-06, 2.28769986279e-05, 1.2408807379e-05, 5.73484248889e-06, 6.30463432572e-07, 3.53472910319e-06, 8.25182155495e-07, 1.14282465802e-06, 3.88197986467e-06, 4.07145336112e-07, 2.70971327154e-07, 9.09099355795e-07, 4.40217775122e-07, 5.31132570813e-07, 1.51501893697e-07, 2.00745589041e-07, 7.75398092401e-08, 1.07527505122e-07, 2.33621708645e-08, 5.23897680793e-09, 9.07296104913e-09, 4.66871119542e-09, 6.31879271129e-10, 2.07276470293e-12], "dvar2": [3.54390508051e-08, 0.000997540540993, 0.000114231421321, 2.22632170335e-05, 5.11780017405e-05, 2.7594547646e-05, 1.26087034005e-05, 1.45473154589e-06, 9.17028137337e-06, 2.01866419047e-06, 2.77409390037e-06, 1.0310262951e-05, 1.01699345123e-06, 6.9569949801e-07, 2.41045427174e-06, 1.12075292691e-06, 1.44546390857e-06, 4.11606862372e-07, 5.06114702148e-07, 1.9769446169e-07, 2.79188810737e-07, 6.00362355385e-08, 1.30283481781e-08, 2.44025954999e-08, 1.293161489e-08, 1.69313096876e-09, 5.62846037139e-12], "max": [0.00344286556356, 0.226374238729, 0.100516937673, 0.0410561189055, 0.0566156767309, 0.0830080062151, 0.0794104710221, 0.0152665069327, 0.059332177043, 0.016569443047, 0.0203566923738, 0.0296819247305, 0.0076279360801, 0.00516150286421, 0.0106758186594, 0.0194143075496, 0.00784252118319, 0.00407489575446, 0.00673036696389, 0.0026061933022, 0.00400717416778, 0.00116027612239, 0.000475087377708, 0.000789313111454, 0.000714936002623, 0.000184511940461, 1.54424415086e-05], "mean": [5.39897810086e-05, 0.0193843245506, 0.00733808986843, 0.0024629344698, 0.00531872874126, 0.00305601023138, 0.00246233027428, 0.000811347796116, 0.000768253521528, 0.000686076935381, 0.000761026167311, 0.00109540706035, 0.000310057774186, 0.000267436582362, 0.000386626808904, 0.000198659501621, 0.00022975007596, 0.000167559774127, 0.000244362890953, 0.000135978669277, 0.000128834770294, 6.25095344731e-05, 3.32628114847e-05, 3.31627270498e-05, 2.32227775996e-05, 9.69257143879e-06, 6.8528703423e-07], "median": [1.76776229637e-05, 0.00830219406635, 0.00307674147189, 0.00135627156124, 0.00327761704102, 0.00134715158492, 0.000830568082165, 0.000256188854109, 0.000232352409512, 0.000252305238973, 0.000248599855695, 0.000255628081504, 8.77517886693e-05, 8.70383082656e-05, 0.000110696448246, 3.6400710087e-05, 4.15533577325e-05, 3.78558033844e-05, 6.9887493737e-05, 3.18323363899e-05, 2.23928000196e-05, 7.79161746323e-06, 3.84676923204e-06, 5.19050581715e-06, 5.28698819835e-06, 2.23883421313e-06, 1.90638658637e-07], "min": [7.44483618554e-20, 1.10428120637e-19, 7.27074503964e-20, 7.33826624207e-20, 1.85842823319e-19, 1.84289546149e-19, 1.86074834556e-19, 1.83243589189e-19, 2.58788934709e-19, 2.58750238166e-19, 2.58861028669e-19, 3.31834643815e-19, 3.69419456102e-19, 4.06387837888e-19, 4.7996276164e-19, 5.54187228968e-19, 6.27631044593e-19, 7.75115073064e-19, 9.60412525865e-19, 1.18162378272e-18, 1.5512339298e-18, 1.88453725864e-18, 2.25222400401e-18, 3.06540954778e-18, 4.28395391675e-18, 6.0182861363e-18, 8.569815312e-18], "var": [1.48046375159e-08, 0.000708604522515, 0.000122520752484, 1.05215740405e-05, 3.83020706067e-05, 2.69120973826e-05, 1.72046766238e-05, 1.64086065979e-06, 5.11338248543e-06, 1.42955980209e-06, 1.78505536041e-06, 5.81730773774e-06, 4.14632211232e-07, 2.49113895734e-07, 7.02091824678e-07, 3.74664011815e-07, 3.69956666191e-07, 1.1442020309e-07, 2.16978904177e-07, 6.66019630557e-08, 8.56270929717e-08, 1.85983264345e-08, 4.36676916848e-09, 6.24544327366e-09, 3.04905256598e-09, 4.50973758337e-10, 1.84531838594e-12]}, "erbbands": {"dmean": [0.207549497485, 3.37694835663, 6.67456054688, 4.1563577652, 11.7100696564, 10.0760240555, 10.5857286453, 15.4147624969, 18.1648712158, 10.4268932343, 10.6624403, 13.9759941101, 15.8760194778, 18.224779129, 21.2142696381, 38.1031112671, 13.801607132, 13.5513944626, 18.4636440277, 18.4055843353, 12.1130924225, 13.399014473, 10.2330570221, 9.9164056778, 10.5314207077, 7.28446674347, 7.00706195831, 5.68933677673, 3.08006334305, 1.74361205101, 1.27548706532, 1.02825129032, 0.665368318558, 0.40101224184, 0.153813704848, 0.0702743828297, 0.0176352076232, 0.00232442002743, 0.000114403737825, 2.38304965023e-05], "dmean2": [0.290506571531, 4.97793531418, 9.35761356354, 6.55655097961, 18.6756858826, 15.6120796204, 16.6823425293, 23.7234897614, 25.2279205322, 16.0169372559, 16.5988235474, 21.7385616302, 24.9991855621, 29.5845127106, 33.8193511963, 61.9333572388, 22.1733913422, 22.4788150787, 30.100933075, 30.8467502594, 20.5147972107, 23.2109165192, 17.4956264496, 16.4746761322, 17.1580162048, 12.2729167938, 11.9044942856, 9.7956905365, 5.29136323929, 2.96145319939, 2.18698191643, 1.78404009342, 1.15467870235, 0.705530762672, 0.270835280418, 0.123805969954, 0.0307511854917, 0.00407045055181, 0.000195123182493, 3.22472624248e-05], "dvar": [0.143987476826, 31.4176216125, 133.956039429, 33.9810371399, 390.7578125, 256.498779297, 332.352661133, 1252.18054199, 1883.28759766, 491.564788818, 411.935150146, 2493.76928711, 978.588867188, 1132.43029785, 1481.10461426, 8898.35839844, 709.375366211, 734.511108398, 2171.66210938, 2238.16235352, 760.96496582, 1184.4050293, 533.268371582, 468.27822876, 430.80178833, 181.648956299, 196.927627563, 140.087295532, 37.2774581909, 9.95664215088, 4.96570682526, 4.8169093132, 2.1143116951, 0.950511515141, 0.129958435893, 0.0246584713459, 0.00126832071692, 2.30954101426e-05, 5.50023386836e-08, 7.82514775199e-10], "dvar2": [0.253294765949, 72.8329620361, 252.834640503, 80.2456359863, 922.086242676, 603.70513916, 756.995300293, 2738.96582031, 3746.63500977, 1132.75549316, 957.828674316, 6369.22070312, 2373.65673828, 2953.77734375, 3496.88427734, 23698.4980469, 1742.81188965, 1918.90979004, 5482.98632812, 5817.77880859, 2030.55371094, 3269.44458008, 1469.16174316, 1229.81237793, 1056.10559082, 461.606781006, 510.193572998, 366.293426514, 96.5494766235, 25.1008834839, 12.5690879822, 12.9308280945, 5.69402933121, 2.63174581528, 0.358961313963, 0.067287042737, 0.00332259200513, 6.11845534877e-05, 1.47522541738e-07, 1.54233659178e-09], "max": [5.22073459625, 59.745803833, 146.538726807, 80.489616394, 214.213439941, 211.171020508, 275.822631836, 1038.01794434, 1624.91687012, 426.638793945, 293.381500244, 1507.88562012, 663.223205566, 480.779144287, 831.527832031, 1439.63964844, 393.048156738, 269.508880615, 599.30255127, 1132.08508301, 314.025238037, 409.089263916, 215.618789673, 245.174301147, 321.02255249, 110.579338074, 120.0522995, 174.717971802, 48.7021827698, 27.3410568237, 13.893491745, 18.88539505, 11.2142944336, 10.2389097214, 3.46757602692, 1.31624567509, 0.253819942474, 0.032821174711, 0.00266061793081, 0.000283650151687], "mean": [0.310585796833, 5.12491416931, 11.0367021561, 6.77585601807, 16.2125358582, 16.8323154449, 16.1988697052, 24.8656082153, 37.5095176697, 24.3498630524, 20.8627586365, 20.625169754, 24.0440177917, 25.8519611359, 27.7930736542, 49.7851219177, 16.4700202942, 15.0146179199, 17.268611908, 18.4675693512, 11.2015895844, 11.2158155441, 8.85240364075, 10.3985939026, 11.9103002548, 6.61669683456, 5.76709651947, 4.50804328918, 2.39135146141, 1.32740211487, 0.982527792454, 0.77911478281, 0.49731656909, 0.324231028557, 0.128071963787, 0.0537735000253, 0.0155672272667, 0.00218194629997, 0.000139708048664, 5.57272178412e-05], "median": [0.105215251446, 2.34968113899, 5.78055238724, 4.50244188309, 8.27477550507, 9.0180644989, 6.53125905991, 10.3894205093, 12.5734462738, 7.06141376495, 7.54958772659, 7.34768533707, 9.00683689117, 10.1465196609, 12.1232261658, 11.5762166977, 6.42070531845, 6.16300153732, 4.46289968491, 5.11294412613, 2.80695414543, 2.13829994202, 1.88168728352, 3.18101978302, 3.14649748802, 1.55312037468, 1.06641805172, 0.709261596203, 0.304944843054, 0.113171644509, 0.112022012472, 0.131681278348, 0.0790009573102, 0.0762490928173, 0.0263436827809, 0.00868662353605, 0.00432908209041, 0.000693616690114, 5.70328447793e-05, 4.40644034825e-05], "min": [4.01201870396e-18, 2.24407036063e-17, 7.56972897056e-17, 1.86102919095e-16, 3.77036122982e-16, 6.62704866586e-16, 1.07625499174e-15, 1.63905364568e-15, 2.37529913036e-15, 3.29556400513e-15, 4.41754278828e-15, 5.78630017368e-15, 7.39945197535e-15, 9.27741465194e-15, 1.14726843409e-14, 1.39625944406e-14, 1.67871985979e-14, 1.99764843204e-14, 2.35123047741e-14, 2.74052190717e-14, 3.16450153841e-14, 3.6212582954e-14, 4.10332507447e-14, 4.60170943505e-14, 5.101023499e-14, 5.58214702218e-14, 6.01711605888e-14, 6.36896270315e-14, 6.59713237272e-14, 6.6493719439e-14, 6.47779762773e-14, 6.04456805789e-14, 5.33745275625e-14, 4.38264164272e-14, 3.26754919509e-14, 2.13340223309e-14, 1.15293872675e-14, 4.68257770341e-15, 1.18622284406e-15, 1.26171605838e-16], "var": [0.282287716866, 47.8218078613, 254.230209351, 52.8313980103, 484.96194458, 465.956817627, 769.666137695, 2587.57983398, 5359.06201172, 1628.73168945, 982.283447266, 3686.17602539, 1753.6973877, 1692.20275879, 2213.00341797, 12735.6025391, 836.45526123, 673.143615723, 1804.13024902, 1882.51916504, 591.027893066, 815.864074707, 378.499176025, 412.986755371, 503.563690186, 157.23097229, 157.627410889, 109.948265076, 28.7939090729, 8.08341789246, 3.99590754509, 3.31647181511, 1.45401883125, 0.617459535599, 0.0874954462051, 0.0166178718209, 0.000984981190413, 1.80180104508e-05, 5.49747589673e-08, 2.0646155896e-09]}, "gfcc": {"mean": [-42.4602928162, 129.836730957, -100.348587036, 29.2638092041, -45.3135795593, 10.3815946579, -28.0640163422, 3.62098383904, -27.3186626434, -0.459973752499, -9.32441234589, -3.52879548073, -4.96613883972], "cov": [[14427.4726562, -340.530975342, -245.577911377, 828.168945312, 26.1505279541, 955.887939453, 146.697525024, 591.740783691, -282.905426025, 566.615539551, -47.4254417419, 50.7671470642, -377.585632324], [-340.530975342, 1631.70849609, 424.808166504, 62.0255012512, 492.37097168, -24.418762207, 280.299041748, -78.8996200562, 207.071487427, -167.730743408, 163.937255859, -165.139541626, 89.2820892334], [-245.577911377, 424.808166504, 1038.46948242, 227.377075195, 302.838897705, 155.017913818, 43.857257843, 64.1364974976, 30.5894432068, -61.3401832581, 60.5477714539, -31.5799617767, 12.8416595459], [828.168945312, 62.0255012512, 227.377075195, 569.715087891, 193.335906982, 185.684799194, 82.7213287354, 18.0608730316, 42.8981666565, -113.931388855, -4.05591583252, -5.85975790024, 37.1072616577], [26.1505279541, 492.37097168, 302.838897705, 193.335906982, 491.668487549, 136.826782227, 80.9063110352, 40.1165351868, 48.4454612732, -108.203460693, 61.7383575439, -29.4367961884, 69.1016235352], [955.887939453, -24.418762207, 155.017913818, 185.684799194, 136.826782227, 314.998931885, 50.4740104675, 17.5166091919, -21.8629951477, 0.281611949205, -9.12275218964, -4.13919448853, 13.5732002258], [146.697525024, 280.299041748, 43.857257843, 82.7213287354, 80.9063110352, 50.4740104675, 265.856750488, 58.5201530457, 61.02501297, 26.660484314, 54.2438049316, -33.7693824768, -14.2322978973], [591.740783691, -78.8996200562, 64.1364974976, 18.0608730316, 40.1165351868, 17.5166091919, 58.5201530457, 235.343261719, 30.1621170044, 61.2596931458, 13.288728714, 10.5979499817, -38.8563156128], [-282.905426025, 207.071487427, 30.5894432068, 42.8981666565, 48.4454612732, -21.8629951477, 61.02501297, 30.1621170044, 201.602874756, 31.699262619, 28.860534668, -11.52430439, 21.2217407227], [566.615539551, -167.730743408, -61.3401832581, -113.931388855, -108.203460693, 0.281611949205, 26.660484314, 61.2596931458, 31.699262619, 278.081695557, 63.6789093018, 12.0372562408, -84.9100875854], [-47.4254417419, 163.937255859, 60.5477714539, -4.05591583252, 61.7383575439, -9.12275218964, 54.2438049316, 13.288728714, 28.860534668, 63.6789093018, 143.149139404, 19.8169384003, -9.51214790344], [50.7671470642, -165.139541626, -31.5799617767, -5.85975790024, -29.4367961884, -4.13919448853, -33.7693824768, 10.5979499817, -11.52430439, 12.0372562408, 19.8169384003, 107.554862976, 13.992351532], [-377.585632324, 89.2820892334, 12.8416595459, 37.1072616577, 69.1016235352, 13.5732002258, -14.2322978973, -38.8563156128, 21.2217407227, -84.9100875854, -9.51214790344, 13.992351532, 125.771820068]], "icov": [[0.000226116913836, -0.000577285070904, 0.000317354832077, -0.00058190751588, 0.000364010164049, -0.00070165033685, 0.000546506315004, -0.000783035764471, 0.000744845194276, -0.000787086435594, 0.000556230719667, -0.000593570643105, 0.000374625757104], [-0.000577285070904, 0.0037414196413, -0.0012859927956, 0.00233227014542, -0.00240691145882, 0.00241175875999, -0.00302977277897, 0.00325320381671, -0.00341660226695, 0.00338798086159, -0.00325809768401, 0.00391913764179, -0.00104015797842], [0.000317354832077, -0.0012859927956, 0.00181921361946, -0.00122369464952, 0.000292746175546, -0.001440619817, 0.00142190803308, -0.00164019968361, 0.00129079539329, -0.00117434980348, 0.000622104038484, -0.000977588235401, 0.000834922364447], [-0.00058190751588, 0.00233227014542, -0.00122369464952, 0.00453779567033, -0.00168157741427, 0.000622069288511, -0.00247917394154, 0.00245313229971, -0.00327361538075, 0.00383300590329, -0.00209191814065, 0.00196031085216, -0.000518593762536], [0.000364010164049, -0.00240691145882, 0.000292746175546, -0.00168157741427, 0.00536057027057, -0.00278750085272, 0.00186872691847, -0.00294978334568, 0.00168007181492, -0.000533321697731, -0.000181025548954, -0.00128587952349, -0.000590749492403], [-0.00070165033685, 0.00241175875999, -0.001440619817, 0.000622069288511, -0.00278750085272, 0.00734476977959, -0.00289648375474, 0.00310942530632, -0.00125306274276, 0.0008868954028, -0.000442325894255, 0.00204866682179, -0.00193439121358], [0.000546506315004, -0.00302977277897, 0.00142190803308, -0.00247917394154, 0.00186872691847, -0.00289648375474, 0.00769782345742, -0.00388876860961, 0.00179969344754, -0.00262446817942, 0.000501198053826, -0.00121935876086, 0.00143134430982], [-0.000783035764471, 0.00325320381671, -0.00164019968361, 0.00245313229971, -0.00294978334568, 0.00310942530632, -0.00388876860961, 0.00874384306371, -0.00384565629065, 0.0022718636319, -0.00156762322877, 0.00184436165728, 0.000188854435692], [0.000744845194276, -0.00341660226695, 0.00129079539329, -0.00327361538075, 0.00168007181492, -0.00125306274276, 0.00179969344754, -0.00384565629065, 0.00983796454966, -0.00531019037589, 0.00309835025109, -0.00283721811138, -0.000971718865912], [-0.000787086435594, 0.00338798086159, -0.00117434980348, 0.00383300590329, -0.000533321697731, 0.0008868954028, -0.00262446817942, 0.0022718636319, -0.00531019037589, 0.0106611894444, -0.00647812942043, 0.00344329187647, 0.00204372103326], [0.000556230719667, -0.00325809768401, 0.000622104038484, -0.00209191814065, -0.000181025548954, -0.000442325894255, 0.000501198053826, -0.00156762322877, 0.00309835025109, -0.00647812942043, 0.0138294221833, -0.00659030023962, 0.00113885186147], [-0.000593570643105, 0.00391913764179, -0.000977588235401, 0.00196031085216, -0.00128587952349, 0.00204866682179, -0.00121935876086, 0.00184436165728, -0.00283721811138, 0.00344329187647, -0.00659030023962, 0.0155642786995, -0.00355205242522], [0.000374625757104, -0.00104015797842, 0.000834922364447, -0.000518593762536, -0.000590749492403, -0.00193439121358, 0.00143134430982, 0.000188854435692, -0.000971718865912, 0.00204372103326, 0.00113885186147, -0.00355205242522, 0.0126603739336]]}, "melbands": {"dmean": [0.00279233255424, 0.00388996559195, 0.000929127330892, 0.000757719855756, 0.000358475372195, 0.000359257479431, 0.00027028520708, 9.81138073257e-05, 8.61931766849e-05, 9.27518703975e-05, 7.83604991739e-05, 7.12030523573e-05, 7.40375107853e-05, 0.000101126650407, 5.80764535698e-05, 2.66785446001e-05, 2.55844188359e-05, 2.78527913906e-05, 3.02058015222e-05, 1.90668670257e-05, 1.46836237036e-05, 1.62028809427e-05, 1.0735709111e-05, 8.10271922091e-06, 8.17985619506e-06, 8.51434379001e-06, 5.65492109672e-06, 4.86708313474e-06, 4.26762881034e-06, 4.26656561103e-06, 2.96024768431e-06, 1.76439834831e-06, 1.35565517212e-06, 8.08852348655e-07, 7.67956635173e-07, 6.11956579633e-07, 6.47067395221e-07, 4.95931089972e-07, 3.74670321435e-07, 3.22484140725e-07], "dmean2": [0.00403817789629, 0.00554909789935, 0.0014609558275, 0.00118557573296, 0.000564589339774, 0.00054493866628, 0.000381318852305, 0.00015141395852, 0.000134728077683, 0.0001453935256, 0.000123626334243, 0.000116066614282, 0.000118313793791, 0.000166235869983, 9.37878648983e-05, 4.4037016778e-05, 4.29494793934e-05, 4.52367130492e-05, 5.14261082571e-05, 3.13680175168e-05, 2.51670662692e-05, 2.83954541374e-05, 1.81599170901e-05, 1.39747426147e-05, 1.36234966703e-05, 1.41567434184e-05, 9.10638573259e-06, 8.33637568576e-06, 7.24915116734e-06, 7.31118416297e-06, 5.09986557518e-06, 3.0424716897e-06, 2.3145207706e-06, 1.37239771902e-06, 1.32231411953e-06, 1.05666117634e-06, 1.12871691726e-06, 8.6511624886e-07, 6.51227935577e-07, 5.70129600419e-07], "dvar": [2.25943967962e-05, 4.11107612308e-05, 1.80984795861e-06, 1.44865566654e-06, 3.12737881814e-07, 6.20497871751e-07, 3.68980039411e-07, 4.21841406251e-08, 2.66043240771e-08, 1.17347930484e-07, 2.41452386973e-08, 1.86840782845e-08, 2.03685477373e-08, 5.22922434243e-08, 1.77984080807e-08, 3.00889335669e-09, 2.85020740343e-09, 5.13432185656e-09, 4.63372185067e-09, 3.60857943527e-09, 1.35025346459e-09, 1.91402027561e-09, 8.74712524634e-10, 3.44671069463e-10, 3.45242751054e-10, 2.86009549377e-10, 1.15581669236e-10, 8.73405028856e-11, 7.17080492207e-11, 8.35058411308e-11, 3.83394808956e-11, 1.27807061809e-11, 6.74034222534e-12, 2.07173752979e-12, 1.75816165012e-12, 1.41965714358e-12, 2.2042524056e-12, 1.2099117281e-12, 6.88907644038e-13, 6.43655322183e-13], "dvar2": [4.70412232971e-05, 8.53451274452e-05, 4.15533259002e-06, 3.28923374582e-06, 7.23741607089e-07, 1.33553180603e-06, 7.63470836773e-07, 9.66058522067e-08, 6.23235152375e-08, 3.02133798868e-07, 5.83163846102e-08, 4.90027396438e-08, 4.8078380388e-08, 1.41869122672e-07, 4.38229648125e-08, 7.90516097027e-09, 7.54434381633e-09, 1.27481207812e-08, 1.24685159975e-08, 9.10367159435e-09, 3.64311669721e-09, 5.27571319964e-09, 2.41213360397e-09, 9.45041600531e-10, 9.05537200779e-10, 7.26545434926e-10, 2.80503370531e-10, 2.25163179768e-10, 1.8727200346e-10, 2.17697498917e-10, 1.00655442314e-10, 3.34515470879e-11, 1.70087225554e-11, 5.24360676407e-12, 4.45409768096e-12, 3.71281781361e-12, 6.01274715781e-12, 3.27289671059e-12, 1.85864366432e-12, 1.79508285406e-12], "max": [0.0586856044829, 0.0701319947839, 0.0151240918785, 0.0131526049227, 0.00759744411334, 0.0207875873893, 0.0207769498229, 0.00381407910027, 0.00239063752815, 0.0100288623944, 0.00340271741152, 0.00206882273778, 0.00330867478624, 0.00362565554678, 0.0024022704456, 0.000921622675378, 0.000573695113417, 0.000929844507482, 0.000761973904446, 0.00173210690264, 0.000428011204349, 0.000514991465025, 0.000489961064886, 0.000219385081436, 0.000238375301706, 0.000244318565819, 0.000152185646584, 7.77296954766e-05, 7.47957237763e-05, 0.000113050053187, 0.000101299396192, 2.79822488665e-05, 2.0254537958e-05, 1.39217763717e-05, 7.76375509304e-06, 8.32348632684e-06, 1.43329407365e-05, 8.70010444487e-06, 7.19412628314e-06, 8.57008035382e-06], "mean": [0.00421902397648, 0.00642693880945, 0.00152143114246, 0.00123440672178, 0.000572567631025, 0.000602784974035, 0.000573427823838, 0.000228460106882, 0.000159166098456, 0.000130305837956, 0.000115498842206, 9.72726556938e-05, 9.33066767175e-05, 0.000130776126753, 6.93613837939e-05, 3.08786147798e-05, 2.69762731477e-05, 2.57444771705e-05, 2.76868868241e-05, 1.93111463886e-05, 1.29374293465e-05, 1.30022917801e-05, 9.42216684052e-06, 6.84615497448e-06, 8.3814984464e-06, 9.74568683887e-06, 5.84814097238e-06, 4.12424060414e-06, 3.51301855517e-06, 3.37942492479e-06, 2.37154699789e-06, 1.37529718813e-06, 1.0219566775e-06, 6.10504855558e-07, 5.83562666634e-07, 4.75695145497e-07, 4.80743437947e-07, 3.61137040272e-07, 2.95190147881e-07, 2.62761602698e-07], "median": [0.00153663917445, 0.0038272428792, 0.000991249340586, 0.000676998402923, 0.000272984907497, 0.000247250660323, 0.000209501973586, 6.02201034781e-05, 5.45696493646e-05, 3.94782182411e-05, 4.10000175179e-05, 3.39219041052e-05, 3.2996355003e-05, 3.42404673574e-05, 1.66593599715e-05, 1.02298290585e-05, 9.37881213758e-06, 5.73470879317e-06, 7.48783713789e-06, 4.56552106698e-06, 2.72885790764e-06, 2.13181601794e-06, 1.54479141656e-06, 1.38089376378e-06, 2.35933362092e-06, 2.52394056588e-06, 1.55872930918e-06, 8.35758385165e-07, 6.67449967295e-07, 5.23095820881e-07, 3.18432455515e-07, 1.81026010182e-07, 8.97690597412e-08, 4.78292534467e-08, 5.23195566871e-08, 8.64248193011e-08, 7.54726627861e-08, 5.11664666192e-08, 5.3290630575e-08, 6.37391579517e-08], "min": [3.67804179161e-20, 3.67677969494e-20, 3.70252116786e-20, 3.69656062069e-20, 3.69322960314e-20, 3.69210870879e-20, 3.69669116013e-20, 3.69248869488e-20, 3.69167346961e-20, 3.69465455099e-20, 3.69461545378e-20, 3.68915089186e-20, 3.69559611517e-20, 3.68802708945e-20, 3.69515118248e-20, 3.69305705843e-20, 3.69177460537e-20, 3.69406938533e-20, 3.69121787404e-20, 3.69563779732e-20, 3.69004657337e-20, 3.69417989149e-20, 3.69275882105e-20, 3.69334301736e-20, 3.69313913026e-20, 3.69332492278e-20, 3.69226445139e-20, 3.69309712499e-20, 3.69225572721e-20, 3.69386194394e-20, 3.69210580073e-20, 3.69375434584e-20, 3.6935404421e-20, 3.6935459351e-20, 3.69336757428e-20, 3.69366128802e-20, 3.69267836481e-20, 3.69337371351e-20, 3.69340182473e-20, 3.69238691289e-20], "var": [3.88540574932e-05, 7.08392326487e-05, 2.62671483142e-06, 2.30519640354e-06, 6.78109643104e-07, 1.39541782573e-06, 1.05751894353e-06, 1.43060148616e-07, 5.98705724997e-08, 1.69596077626e-07, 4.24780637331e-08, 2.7289186022e-08, 3.01132061509e-08, 7.37066514489e-08, 2.5096872136e-08, 3.20314796909e-09, 2.51432230591e-09, 4.40007896785e-09, 3.48930684346e-09, 3.1956794988e-09, 9.86586257135e-10, 1.30114397034e-09, 6.15085482547e-10, 2.43184833382e-10, 3.00995922631e-10, 3.35158178988e-10, 1.22733462282e-10, 7.05074401641e-11, 5.65008734243e-11, 6.59975407657e-11, 3.00730031155e-11, 9.6714658851e-12, 5.40836386093e-12, 1.68000661126e-12, 1.42045587532e-12, 1.04723521521e-12, 1.45342635496e-12, 8.18427302925e-13, 4.7837444726e-13, 4.1161524059e-13]}, "mfcc": {"mean": [-690.378601074, 158.086273193, 9.35889339447, 28.5504245758, 7.4931769371, 8.69086170197, 12.7051515579, 0.688667416573, -0.73714107275, -0.464505285025, -5.30075550079, -1.86125135422, 0.0697374269366], "cov": [[11072.5527344, -466.762359619, -596.395202637, 146.380706787, -309.074829102, 83.2119216919, 264.813812256, 42.5042457581, 128.404754639, 229.35244751, 306.258850098, 326.787506104, 242.847213745], [-466.762359619, 1785.7277832, 220.312911987, 189.915985107, 252.667022705, 53.4517211914, 201.001541138, 62.2086601257, 75.5014877319, 59.2105026245, 111.552902222, 58.4190559387, 23.5648212433], [-596.395202637, 220.312911987, 694.906311035, 176.66960144, 207.07862854, 112.400550842, 79.0179214478, 93.3995666504, 30.0992393494, 20.3230934143, 15.0838184357, 9.00376033783, -56.2836418152], [146.380706787, 189.915985107, 176.66960144, 380.367645264, 170.498779297, 82.4249954224, 97.554107666, 148.764724731, 55.6105308533, 43.2300186157, 21.6474132538, 21.1069087982, -0.871411323547], [-309.074829102, 252.667022705, 207.07862854, 170.498779297, 467.385620117, 107.043006897, 102.329467773, 137.961090088, 38.6617774963, 1.67399275303, -56.6305274963, -49.1586036682, -31.5334739685], [83.2119216919, 53.4517211914, 112.400550842, 82.4249954224, 107.043006897, 291.945068359, 68.2644042969, 53.5047416687, 24.700050354, 9.85062122345, -9.5526342392, -18.0569820404, 11.3059930801], [264.813812256, 201.001541138, 79.0179214478, 97.554107666, 102.329467773, 68.2644042969, 241.829147339, 80.0316314697, 21.0626544952, 45.6293373108, 34.5429420471, 12.7942008972, 18.5539608002], [42.5042457581, 62.2086601257, 93.3995666504, 148.764724731, 137.961090088, 53.5047416687, 80.0316314697, 234.833114624, 78.7033538818, 4.11315155029, -23.9169559479, -10.0368423462, -13.4853210449], [128.404754639, 75.5014877319, 30.0992393494, 55.6105308533, 38.6617774963, 24.700050354, 21.0626544952, 78.7033538818, 137.188476562, 50.4380302429, 12.4382638931, 19.7279720306, 7.27767848969], [229.35244751, 59.2105026245, 20.3230934143, 43.2300186157, 1.67399275303, 9.85062122345, 45.6293373108, 4.11315155029, 50.4380302429, 153.312316895, 90.3278045654, 38.626625061, 20.9468002319], [306.258850098, 111.552902222, 15.0838184357, 21.6474132538, -56.6305274963, -9.5526342392, 34.5429420471, -23.9169559479, 12.4382638931, 90.3278045654, 185.731658936, 106.748756409, 42.6350669861], [326.787506104, 58.4190559387, 9.00376033783, 21.1069087982, -49.1586036682, -18.0569820404, 12.7942008972, -10.0368423462, 19.7279720306, 38.626625061, 106.748756409, 145.343643188, 66.9568405151], [242.847213745, 23.5648212433, -56.2836418152, -0.871411323547, -31.5334739685, 11.3059930801, 18.5539608002, -13.4853210449, 7.27767848969, 20.9468002319, 42.6350669861, 66.9568405151, 113.181404114]], "icov": [[0.000113530033559, 4.76086097478e-05, 0.000118108509923, -6.812747597e-05, 4.42892378487e-05, -5.63346548006e-05, -0.000152122214786, 1.32257755467e-05, -6.98236835888e-05, -4.13298948843e-05, -3.57631397492e-05, -0.000199492074898, -7.19013405615e-06], [4.76086097478e-05, 0.000733367807698, -3.66601561836e-05, -0.000194587395526, -0.000334422657033, 0.000114074275189, -0.000524889037479, 0.000385886552976, -0.000511734397151, 0.00036567094503, -0.000596145866439, 5.38340427738e-05, -8.9167682745e-05], [0.000118108509923, -3.66601561836e-05, 0.00208218465559, -0.000521285168361, -0.00048305245582, -0.000579492887482, -0.000231868500123, -6.3405182118e-06, 6.17675905232e-05, -7.29274470359e-05, -7.14881171007e-05, -0.00112246442586, 0.0014466943685], [-6.812747597e-05, -0.000194587395526, -0.000521285168361, 0.00426916172728, -0.000631742645055, -0.000358485063771, -0.000114324451715, -0.00207935459912, 0.000407802959671, -0.000856887490954, 6.91810782882e-05, -0.000669544853736, 9.35225543799e-05], [4.42892378487e-05, -0.000334422657033, -0.00048305245582, -0.000631742645055, 0.00349468248896, -0.000510485377163, -0.000487267912831, -0.00103815353941, 0.000261815759586, -0.000411766493926, 0.0011482645059, 0.000441918411525, 7.57417365094e-05], [-5.63346548006e-05, 0.000114074275189, -0.000579492887482, -0.000358485063771, -0.000510485377163, 0.00423255609348, -0.000658731383737, 0.000127520048409, -0.000563370704185, 0.0003528536472, -0.0003419786226, 0.00147015298717, -0.00140564015601], [-0.000152122214786, -0.000524889037479, -0.000231868500123, -0.000114324451715, -0.000487267912831, -0.000658731383737, 0.0061312909238, -0.00186182977632, 0.00143393874168, -0.00142391538247, -0.000553004036192, 0.000734539469704, -0.00103230518289], [1.32257755467e-05, 0.000385886552976, -6.3405182118e-06, -0.00207935459912, -0.00103815353941, 0.000127520048409, -0.00186182977632, 0.00815148279071, -0.00428297929466, 0.00192921829876, 0.000195309723495, 0.000159076938871, 0.00059725518804], [-6.98236835888e-05, -0.000511734397151, 6.17675905232e-05, 0.000407802959671, 0.000261815759586, -0.000563370704185, 0.00143393874168, -0.00428297929466, 0.0115810716525, -0.00479135382921, 0.00241900281981, -0.00230189762078, 0.000266684859525], [-4.13298948843e-05, 0.00036567094503, -7.29274470359e-05, -0.000856887490954, -0.000411766493926, 0.0003528536472, -0.00142391538247, 0.00192921829876, -0.00479135382921, 0.0118927685544, -0.00662476010621, 0.00300410902128, -0.000891612027772], [-3.57631397492e-05, -0.000596145866439, -7.14881171007e-05, 6.91810782882e-05, 0.0011482645059, -0.0003419786226, -0.000553004036192, 0.000195309723495, 0.00241900281981, -0.00662476010621, 0.0140879992396, -0.00898006930947, 0.00170996435918], [-0.000199492074898, 5.38340427738e-05, -0.00112246442586, -0.000669544853736, 0.000441918411525, 0.00147015298717, 0.000734539469704, 0.000159076938871, -0.00230189762078, 0.00300410902128, -0.00898006930947, 0.0173432417214, -0.00755697349086], [-7.19013405615e-06, -8.9167682745e-05, 0.0014466943685, 9.35225543799e-05, 7.57417365094e-05, -0.00140564015601, -0.00103230518289, 0.00059725518804, 0.000266684859525, -0.000891612027772, 0.00170996435918, -0.00755697349086, 0.0139657594264]]}, "spectral_contrast_coeffs": {"dmean": [0.0532235503197, 0.0530494861305, 0.0510847605765, 0.0385678187013, 0.0276927705854, 0.0302377007902], "dmean2": [0.0866068974137, 0.0835901349783, 0.0783100426197, 0.0581603497267, 0.0422677136958, 0.0470465794206], "dvar": [0.00217896560207, 0.00187578157056, 0.00177722424269, 0.00101024913602, 0.00052032264648, 0.000890921917744], "dvar2": [0.00530096329749, 0.00471533229575, 0.00403245352209, 0.00217689201236, 0.00117835635319, 0.0019801070448], "max": [-0.269723087549, -0.305996060371, -0.433588445187, -0.543516695499, -0.63853085041, -0.541250169277], "mean": [-0.627443015575, -0.667670786381, -0.74603921175, -0.775456607342, -0.796986341476, -0.777863204479], "median": [-0.630205512047, -0.670995354652, -0.753928422928, -0.781451106071, -0.798188567162, -0.783035635948], "min": [-0.956872820854, -0.975061833858, -0.991354763508, -0.994383752346, -0.982812941074, -0.952153325081], "var": [0.006041882094, 0.00704897707328, 0.00641876459122, 0.00380983483046, 0.0021607473027, 0.00231115403585]}, "spectral_contrast_valleys": {"dmean": [0.465724349022, 0.476485580206, 0.599874675274, 0.690129697323, 0.702000200748, 0.719753563404], "dmean2": [0.711572051048, 0.709071040154, 0.811789214611, 0.863258957863, 0.883847951889, 0.884078919888], "dvar": [0.19919668138, 0.208723276854, 0.299135535955, 0.351649135351, 0.398675322533, 0.434719413519], "dvar2": [0.387101083994, 0.421546667814, 0.581028282642, 0.636518836021, 0.723249077797, 0.70974612236], "max": [-5.05984306335, -4.94481992722, -5.07205677032, -5.3191781