{"lowlevel": {"average_loudness": 0.706589400768, "barkbands_crest": {"dmean": 3.74145746231, "dmean2": 6.58958005905, "dvar": 12.3618078232, "dvar2": 32.3332519531, "max": 25.9861221313, "mean": 12.905585289, "median": 11.2848701477, "min": 3.06328368187, "var": 37.3689079285}, "barkbands_flatness_db": {"dmean": 0.0314096622169, "dmean2": 0.0539682991803, "dvar": 0.00077019474702, "dvar2": 0.00216909893788, "max": 0.369479805231, "mean": 0.197145491838, "median": 0.18920584023, "min": 0.0818207412958, "var": 0.00243741297163}, "barkbands_kurtosis": {"dmean": 3.48356580734, "dmean2": 6.20131921768, "dvar": 36.0880966187, "dvar2": 108.778411865, "max": 60.0564155579, "mean": 2.06139206886, "median": -0.416272163391, "min": -1.90257000923, "var": 43.2987556458}, "barkbands_skewness": {"dmean": 0.917367875576, "dmean2": 1.5664845705, "dvar": 0.832487523556, "dvar2": 2.23368477821, "max": 7.57369184494, "mean": 0.301038622856, "median": -0.106434494257, "min": -3.9440870285, "var": 3.19226884842}, "barkbands_spread": {"dmean": 9.9541387558, "dmean2": 17.3931407928, "dvar": 84.0573120117, "dvar2": 219.069824219, "max": 103.138694763, "mean": 29.2642116547, "median": 29.6605033875, "min": 3.44278478622, "var": 166.137542725}, "dissonance": {"dmean": 0.00618539517745, "dmean2": 0.00987221766263, "dvar": 2.73538280453e-05, "dvar2": 6.37826669845e-05, "max": 0.499934524298, "mean": 0.484576821327, "median": 0.485925108194, "min": 0.442921966314, "var": 7.53281565267e-05}, "dynamic_complexity": 3.13339495659, "erbbands_crest": {"dmean": 3.21517682076, "dmean2": 5.42640733719, "dvar": 7.74931144714, "dvar2": 20.9066162109, "max": 30.4277858734, "mean": 12.7398099899, "median": 11.1191310883, "min": 2.93024587631, "var": 24.7715167999}, "erbbands_flatness_db": {"dmean": 0.0224841721356, "dmean2": 0.0374043360353, "dvar": 0.000339166697813, "dvar2": 0.000905851833522, "max": 0.372720509768, "mean": 0.226851522923, "median": 0.220171526074, "min": 0.0818282440305, "var": 0.00162879214622}, "erbbands_kurtosis": {"dmean": 3.69763469696, "dmean2": 5.9583940506, "dvar": 19.6540260315, "dvar2": 47.9813613892, "max": 54.3809089661, "mean": 6.82450771332, "median": 4.65165328979, "min": -1.40389931202, "var": 50.0510940552}, "erbbands_skewness": {"dmean": 0.702004730701, "dmean2": 1.14176928997, "dvar": 0.533950209618, "dvar2": 1.25119674206, "max": 1.62308597565, "mean": -1.59544241428, "median": -1.52160441875, "min": -5.65624809265, "var": 1.14862442017}, "erbbands_spread": {"dmean": 5.88211011887, "dmean2": 9.80144309998, "dvar": 50.4468994141, "dvar2": 142.177078247, "max": 75.7833251953, "mean": 16.5188274384, "median": 13.905916214, "min": 1.34550952911, "var": 114.521026611}, "hfc": {"dmean": 16.7011680603, "dmean2": 29.6641750336, "dvar": 2179.84887695, "dvar2": 6022.58544922, "max": 492.352966309, "mean": 18.8551082611, "median": 10.098690033, "min": 1.20475679845e-16, "var": 1458.73901367}, "melbands_crest": {"dmean": 3.67553806305, "dmean2": 5.92461109161, "dvar": 8.92499732971, "dvar2": 22.0357723236, "max": 32.489490509, "mean": 15.9269733429, "median": 14.9270353317, "min": 2.15593838692, "var": 45.1851768494}, "melbands_flatness_db": {"dmean": 0.0446073375642, "dmean2": 0.0759707912803, "dvar": 0.00166676309891, "dvar2": 0.00421797204763, "max": 0.447821438313, "mean": 0.235639408231, "median": 0.225701719522, "min": 0.0094794165343, "var": 0.0055542467162}, "melbands_kurtosis": {"dmean": 8.94793987274, "dmean2": 15.8852815628, "dvar": 355.790588379, "dvar2": 1057.30249023, "max": 176.85786438, "mean": 9.03105354309, "median": -0.0485756397247, "min": -1.92590880394, "var": 502.609893799}, "melbands_skewness": {"dmean": 1.22356057167, "dmean2": 2.12432932854, "dvar": 1.81229186058, "dvar2": 4.8579249382, "max": 11.9611244202, "mean": 1.80011308193, "median": 1.05396020412, "min": -2.57519817352, "var": 6.33743476868}, "melbands_spread": {"dmean": 16.5271949768, "dmean2": 28.6711978912, "dvar": 290.26159668, "dvar2": 735.422607422, "max": 142.986297607, "mean": 46.9599494934, "median": 49.6669960022, "min": 1.88424062729, "var": 624.354309082}, "pitch_salience": {"dmean": 0.0989599823952, "dmean2": 0.1700078547, "dvar": 0.00753739988431, "dvar2": 0.0187997948378, "max": 0.862571239471, "mean": 0.459109127522, "median": 0.491648316383, "min": 0.0516101755202, "var": 0.0330624319613}, "silence_rate_20dB": {"dmean": 0, "dmean2": 0, "dvar": 0, "dvar2": 0, "max": 1, "mean": 1, "median": 1, "min": 1, "var": 0}, "silence_rate_30dB": {"dmean": 0.0333670377731, "dmean2": 0.0667678266764, "dvar": 0.032254062593, "dvar2": 0.079506367445, "max": 1, "mean": 0.968671023846, "median": 1, "min": 0, "var": 0.0303469710052}, "silence_rate_60dB": {"dmean": 0.0313447937369, "dmean2": 0.0627212971449, "dvar": 0.0303635150194, "dvar2": 0.0668824911118, "max": 1, "mean": 0.124305203557, "median": 0, "min": 0, "var": 0.108852401376}, "spectral_centroid": {"dmean": 283.753662109, "dmean2": 462.2940979, "dvar": 118299.625, "dvar2": 236908.34375, "max": 11299.2050781, "mean": 2067.06689453, "median": 2006.98413086, "min": 848.982849121, "var": 184986.890625}, "spectral_complexity": {"dmean": 4.48736095428, "dmean2": 7.18158817291, "dvar": 25.1881847382, "dvar2": 52.677696228, "max": 47, "mean": 15.398686409, "median": 14, "min": 0, "var": 58.0970153809}, "spectral_decrease": {"dmean": 3.39281580608e-09, "dmean2": 5.93965099327e-09, "dvar": 4.73184103374e-17, "dvar2": 1.34940712948e-16, "max": 3.40478551555e-15, "mean": -5.25309706845e-09, "median": -2.24798824e-09, "min": -7.68331673839e-08, "var": 6.79506241551e-17}, "spectral_energy": {"dmean": 0.0139305694029, "dmean2": 0.0243655778468, "dvar": 0.000768334546592, "dvar2": 0.00215730280615, "max": 0.294117689133, "mean": 0.0215365886688, "median": 0.00964455399662, "min": 1.07009221607e-20, "var": 0.00107736815698}, "spectral_energyband_high": {"dmean": 0.000672068912536, "dmean2": 0.00123714667279, "dvar": 4.68713551527e-06, "dvar2": 1.3159041373e-05, "max": 0.0243466254324, "mean": 0.000474430096801, "median": 5.95475576119e-05, "min": 7.51136864865e-21, "var": 2.85617602458e-06}, "spectral_energyband_low": {"dmean": 0.0102407196537, "dmean2": 0.0183590613306, "dvar": 0.000618533638772, "dvar2": 0.00182453892194, "max": 0.284741640091, "mean": 0.0133144101128, "median": 0.00223969435319, "min": 5.52407674381e-23, "var": 0.00081895373296}, "spectral_energyband_middle_high": {"dmean": 0.00558489374816, "dmean2": 0.00982851348817, "dvar": 0.000202981464099, "dvar2": 0.000555573729798, "max": 0.130314782262, "mean": 0.00687528820708, "median": 0.00387066113763, "min": 1.82631260663e-21, "var": 0.000143543205922}, "spectral_energyband_middle_low": {"dmean": 0.000316204153933, "dmean2": 0.000436561560491, "dvar": 1.14853776267e-07, "dvar2": 2.44847569775e-07, "max": 0.00437545916066, "mean": 0.000885358604137, "median": 0.000749923172407, "min": 1.68116646623e-22, "var": 4.36631552247e-07}, "spectral_entropy": {"dmean": 0.173576921225, "dmean2": 0.277610599995, "dvar": 0.0298670679331, "dvar2": 0.0644403323531, "max": 9.80590248108, "mean": 7.45309638977, "median": 7.48047685623, "min": 6.42921590805, "var": 0.085239417851}, "spectral_flux": {"dmean": 0.0303384140134, "dmean2": 0.048656295985, "dvar": 0.001764407265, "dvar2": 0.00348454434425, "max": 0.380682110786, "mean": 0.0778833329678, "median": 0.05935863778, "min": 1.03445259303e-10, "var": 0.00359090813436}, "spectral_kurtosis": {"dmean": 3.26720190048, "dmean2": 5.41579151154, "dvar": 12.706571579, "dvar2": 32.8519554138, "max": 47.1224136353, "mean": 9.95623588562, "median": 8.47061443329, "min": -1.24426841736, "var": 29.5436649323}, "spectral_rms": {"dmean": 0.00117502338253, "dmean2": 0.00198864308186, "dvar": 2.35664288084e-06, "dvar2": 6.23983532932e-06, "max": 0.0169394239783, "mean": 0.00381520111114, "median": 0.00306746177375, "min": 3.2310870559e-12, "var": 6.45554882794e-06}, "spectral_rolloff": {"dmean": 522.492797852, "dmean2": 938.75958252, "dvar": 689100.8125, "dvar2": 1534024.25, "max": 19681.3476562, "mean": 1995.43286133, "median": 2110.25390625, "min": 64.599609375, "var": 1721155.125}, "spectral_skewness": {"dmean": 0.281423807144, "dmean2": 0.472601056099, "dvar": 0.0746762081981, "dvar2": 0.198014467955, "max": 4.62042427063, "mean": 1.9246379137, "median": 1.81195402145, "min": -0.0103530343622, "var": 0.194665059447}, "spectral_spread": {"dmean": 433562.34375, "dmean2": 689694.4375, "dvar": 751035154432, "dvar2": 944800858112, "max": 41371184, "mean": 2767697.75, "median": 2609884.25, "min": 1292445.875, "var": 1321127378940.0}, "spectral_strongpeak": {"dmean": 0.561857044697, "dmean2": 0.998646318913, "dvar": 0.774810254574, "dvar2": 2.32006692886, "max": 10.4868021011, "mean": 0.688957393169, "median": 0.314777702093, "min": 0, "var": 0.874455869198}, "zerocrossingrate": {"dmean": 0.00939361285418, "dmean2": 0.0119788208976, "dvar": 0.000173234890099, "dvar2": 0.000293992663501, "max": 0.51513671875, "mean": 0.0668089166284, "median": 0.07080078125, "min": 0.00927734375, "var": 0.00102478300687}, "barkbands": {"dmean": [3.07964328385e-05, 0.0100041721016, 0.000456499197753, 3.94260922576e-07, 9.54973947955e-05, 0.000155055720825, 0.00011116504902, 6.36591648799e-05, 3.45115549862e-05, 2.36646155827e-05, 2.57271021837e-05, 2.21258160309e-05, 1.4695655409e-05, 0.000994268921204, 0.00182154262438, 0.00141724699643, 0.000886565772817, 0.000648482702672, 0.000374503637431, 0.000300697458442, 0.000195934713702, 9.7138901765e-05, 0.000101425415778, 9.35827265494e-05, 6.9478614023e-05, 1.42035669342e-05, 1.71762485479e-06], "dmean2": [3.90775567212e-05, 0.0179812442511, 0.000745768600609, 6.96855579463e-07, 0.000127291903482, 0.00022282799182, 0.000125691571156, 8.81056766957e-05, 5.66512353544e-05, 3.86629180866e-05, 4.40978874394e-05, 4.27397353633e-05, 2.3034746846e-05, 0.00171142979525, 0.00322656729259, 0.00252979737706, 0.00161716155708, 0.00119216518942, 0.000684537226334, 0.000554736587219, 0.000361360842362, 0.000176858025952, 0.000187669356819, 0.000175030945684, 0.00013025739463, 2.70982509392e-05, 3.2691866636e-06], "dvar": [3.57641072313e-09, 0.000585571455304, 9.44248597534e-07, 5.33458856516e-13, 3.95420620691e-08, 3.58445539916e-08, 2.41746018759e-08, 1.03247401739e-08, 3.36093664011e-09, 1.10666698028e-09, 2.86101142777e-09, 3.90010868045e-09, 5.69522040639e-10, 6.23771848041e-06, 1.64380326169e-05, 1.10688406494e-05, 6.03578337177e-06, 8.01438909548e-06, 9.18873581668e-07, 7.4435007491e-07, 3.21179015828e-07, 6.84102516857e-08, 1.22320187756e-07, 1.63020629884e-07, 1.15560254699e-07, 6.0257665524e-09, 1.15081340291e-10], "dvar2": [6.45017683709e-09, 0.00173528376035, 2.37200015363e-06, 1.55260982022e-12, 8.29301498584e-08, 9.52657401854e-08, 2.90597288455e-08, 1.9271443108e-08, 8.68818528232e-09, 2.79588974195e-09, 7.35039629163e-09, 1.46168588344e-08, 1.30329558257e-09, 1.6354406398e-05, 4.57733040093e-05, 3.16370860673e-05, 1.69585600815e-05, 2.3255495762e-05, 2.58259092334e-06, 2.07899711313e-06, 8.97660072496e-07, 1.87664383589e-07, 3.45098015941e-07, 4.67640461466e-07, 3.35188275358e-07, 1.7615775505e-08, 3.4155595019e-10], "max": [0.000842060951982, 0.27371519804, 0.0117818294093, 1.59770534083e-05, 0.00297300727107, 0.00216167606413, 0.00194977759384, 0.00116350792814, 0.000964319158811, 0.000426492304541, 0.000448866077932, 0.000455643341411, 0.000239888278884, 0.0245613288134, 0.0590539351106, 0.0405688099563, 0.0211452301592, 0.0359075777233, 0.00808361265808, 0.00908701773733, 0.00641214940697, 0.00240793544799, 0.00343055324629, 0.00508811278269, 0.0044488417916, 0.00103606341872, 0.000152085223817], "mean": [9.335224604e-05, 0.0126701863483, 0.00055071618408, 4.08400012475e-07, 0.000189480400877, 0.000321261555655, 0.000204647221835, 9.32011389523e-05, 6.95061826264e-05, 3.70099623979e-05, 3.83545411751e-05, 2.35203115153e-05, 2.45032242674e-05, 0.00100305664819, 0.00221797754057, 0.00182920403313, 0.000760620110668, 0.000508978846483, 0.000288802140858, 0.000219925233978, 0.000133963054395, 7.370676758e-05, 6.93418041919e-05, 5.88492512179e-05, 4.49114450021e-05, 8.75160549185e-06, 2.37131825997e-06], "median": [1.03372440208e-05, 0.00206475076266, 0.000112089583126, 2.12118948184e-07, 1.09345883175e-05, 0.000226017116802, 0.00010068550182, 2.76218670479e-05, 1.36735052365e-05, 2.29402630794e-05, 2.37500398725e-06, 1.63183915447e-06, 7.82881124906e-06, 0.000441833341029, 0.00112640147563, 0.000976056209765, 0.000270455639111, 0.000138226227136, 7.66919183661e-05, 4.47483253083e-05, 1.93119612959e-05, 9.26998473005e-06, 5.57026987735e-06, 3.66664926332e-06, 1.86658951407e-06, 9.40341180922e-07, 1.39744565786e-06], "min": [3.33033976337e-23, 1.63661153919e-23, 1.36079389675e-23, 3.85860741053e-24, 1.4360625867e-23, 4.51058611811e-23, 3.60121598111e-23, 9.20764128372e-24, 5.02758914708e-23, 5.93590189493e-23, 7.6118463544e-23, 6.28009894727e-23, 1.73066767736e-22, 3.6055455653e-23, 1.97379763757e-22, 2.5549980408e-22, 2.22621040805e-22, 2.64364530684e-22, 3.10025996066e-22, 3.79342484367e-22, 4.14038076348e-22, 5.48835699581e-22, 4.62620447538e-22, 6.28282095916e-22, 1.09683482795e-21, 2.01120463915e-21, 2.33970197108e-21], "var": [2.87293548951e-08, 0.000755471177399, 1.47431433106e-06, 4.48451795447e-13, 1.20205768894e-07, 9.42787465874e-08, 7.46118899997e-08, 2.30792736033e-08, 1.77097057019e-08, 2.1845159015e-09, 5.58586732424e-09, 4.44614611794e-09, 1.45933776174e-09, 4.87883335154e-06, 1.28684005176e-05, 8.17072577775e-06, 3.74910587198e-06, 4.51530104328e-06, 5.71073599076e-07, 4.59365310235e-07, 1.97558563286e-07, 4.60546942804e-08, 7.50232302948e-08, 9.27839778342e-08, 6.50262705904e-08, 3.2420737206e-09, 6.27483343063e-11]}, "erbbands": {"dmean": [0.225564867258, 2.48769402504, 1.51471376419, 0.107882916927, 0.00989049952477, 0.225157544017, 1.36147463322, 1.35790252686, 1.80897974968, 1.08133983612, 0.894791305065, 0.762712061405, 0.794396460056, 1.14037084579, 0.857246994972, 0.552856266499, 1.04498577118, 26.6579532623, 86.1367874146, 99.3696517944, 54.6755142212, 46.039730072, 41.7310943604, 22.0111446381, 16.5940246582, 14.584728241, 7.57433891296, 7.16904067993, 4.13727998734, 3.31801271439, 2.74781608582, 2.23355507851, 1.38441085815, 0.912872672081, 0.380684226751, 0.0989534184337, 0.0211681108922, 0.00422747991979, 0.000243295187829, 2.30677251238e-05], "dmean2": [0.392735332251, 4.48121643066, 2.57927441597, 0.180598661304, 0.0154691310599, 0.283925294876, 1.9508177042, 1.88984084129, 2.02699923515, 1.4903357029, 1.20855677128, 1.24613404274, 1.29511511326, 1.9408185482, 1.57271528244, 1.04823458195, 1.65863192081, 45.9374198914, 149.36781311, 176.664764404, 96.8561553955, 84.041305542, 77.0188674927, 40.5260810852, 30.1098232269, 26.9763259888, 13.8130378723, 13.30281353, 7.54756879807, 6.10590839386, 5.09547281265, 4.17210292816, 2.58811426163, 1.69631671906, 0.722153663635, 0.188951969147, 0.040469031781, 0.00810316298157, 0.000459412898635, 4.07667648687e-05], "dvar": [0.280435204506, 36.3157272339, 13.3890047073, 0.0604869090021, 0.000298935367027, 0.203822806478, 4.76963090897, 4.47111320496, 7.78731679916, 2.40830278397, 2.26475739479, 1.43561029434, 1.42434895039, 4.76486730576, 1.71131253242, 1.97606003284, 3.87884354591, 4112.81005859, 36597.8554688, 54418.8125, 13931.9355469, 17291.453125, 27879.859375, 3583.96923828, 1696.88171387, 1705.37854004, 382.332885742, 526.730773926, 142.083145142, 101.707458496, 95.2529067993, 78.158241272, 45.6882133484, 18.3225898743, 3.45205783844, 0.303521424532, 0.01682160981, 0.000616650446318, 2.09153972719e-06, 3.71916519804e-09], "dvar2": [0.795663535595, 108.462417603, 36.2065315247, 0.162313506007, 0.000794031948317, 0.368852972984, 12.0317544937, 11.8415527344, 9.21226501465, 4.82312202454, 3.92213201523, 3.53670287132, 3.58323025703, 12.8097639084, 6.10155677795, 7.4243350029, 9.78892993927, 11137.7978516, 95374.0703125, 155462.65625, 38925.8671875, 48778.3125, 80417.0859375, 10103.9931641, 4673.00390625, 4769.59960938, 1049.80883789, 1492.60473633, 392.572906494, 284.206115723, 268.152130127, 223.075973511, 131.898254395, 52.8383903503, 10.0364341736, 0.887920439243, 0.049467690289, 0.00181676598731, 6.19313323114e-06, 1.04009361124e-08], "max": [6.06044197083, 66.2802124023, 43.8507194519, 3.07790017128, 0.224138960242, 7.22651720047, 27.4033946991, 27.2089881897, 35.2630310059, 16.1615428925, 20.5167636871, 10.8617486954, 24.7894573212, 17.3697147369, 9.38924980164, 10.552075386, 19.6982955933, 537.4375, 2159.34716797, 3219.5090332, 974.45111084, 1078.80871582, 2070.75317383, 518.034301758, 343.78793335, 393.069366455, 184.546859741, 284.830657959, 104.514099121, 116.419769287, 96.3548278809, 108.298942566, 86.7979660034, 58.8756752014, 24.423822403, 7.44905567169, 1.75639343262, 0.339194834232, 0.0223246272653, 0.000887255824637], "mean": [0.339090138674, 2.84843945503, 1.82694721222, 0.138722211123, 0.0178102850914, 0.464630693197, 2.77456474304, 2.77352190018, 3.57399725914, 1.85352742672, 1.42785143852, 1.2680273056, 1.93526625633, 1.67960655689, 1.08045685291, 0.658426344395, 1.64855158329, 27.6088199615, 96.5374145508, 136.690612793, 70.763381958, 40.5907783508, 32.9527740479, 17.2150173187, 12.7893676758, 10.5605354309, 5.4518456459, 4.82555580139, 2.99955654144, 2.61116600037, 1.79354035854, 1.40277314186, 0.877935945988, 0.617642402649, 0.231634631753, 0.0585629418492, 0.0132610509172, 0.0032926434651, 0.000366985448636, 4.72199135402e-05], "median": [0.0506938695908, 0.457588374615, 0.334535568953, 0.0350770391524, 0.00960071012378, 0.0584368444979, 1.17193555832, 1.70958399773, 1.60262477398, 1.00661766529, 0.599702477455, 0.395838052034, 0.689883470535, 0.627484858036, 0.415750622749, 0.145119979978, 0.713674247265, 13.1359052658, 52.520362854, 64.1485900879, 41.5975036621, 15.6218614578, 9.75743484497, 5.10138988495, 3.10565876961, 2.10493803024, 0.899875104427, 0.68829703331, 0.370279550552, 0.221174478531, 0.144767969847, 0.0895047560334, 0.048153642565, 0.025765709579, 0.0105141988024, 0.00285056768917, 0.00182688818313, 0.00101074716076, 0.000234324092162, 3.76141179004e-05], "min": [8.79476057361e-22, 2.75254224103e-21, 1.39898326659e-20, 1.44848550261e-20, 3.64520498311e-20, 5.04047126838e-20, 4.95298334767e-20, 5.2315885701e-19, 4.91360224806e-19, 5.42540267449e-19, 2.29875611879e-19, 1.19749841265e-18, 1.54124830884e-18, 1.90985105334e-18, 3.40348736311e-18, 2.65896091211e-18, 7.40948770774e-18, 3.57262532566e-18, 6.42476765239e-18, 1.13639900622e-17, 1.43810114053e-17, 1.37951350938e-17, 1.06604456542e-17, 1.85626095794e-17, 1.47194738596e-17, 1.81341167872e-17, 1.99044321906e-17, 1.48154797502e-17, 1.75980822436e-17, 1.91251966207e-17, 1.18902192068e-17, 1.41490120589e-17, 1.10316197931e-17, 1.10137642724e-17, 8.35029067641e-18, 6.29990887483e-18, 3.93526254697e-18, 1.533561733e-18, 3.41869999006e-19, 3.12628647364e-20], "var": [0.483917206526, 41.5077362061, 17.5683002472, 0.0857140943408, 0.000543987145647, 0.704363286495, 13.9995164871, 10.092672348, 25.1110343933, 5.05871486664, 5.37786626816, 3.41311621666, 12.2452697754, 8.22535800934, 2.19884872437, 2.21487236023, 5.7669916153, 2958.21557617, 29718.9921875, 45643.7226562, 10314.9794922, 10603.7021484, 15912.4277344, 2175.18725586, 1108.8404541, 1045.71533203, 248.957748413, 311.768493652, 90.9572219849, 77.2289505005, 57.2714042664, 45.0432281494, 25.5919075012, 10.7223138809, 1.89447116852, 0.162980645895, 0.0089181503281, 0.000327723915689, 1.14132524232e-06, 3.29920646358e-09]}, "gfcc": {"mean": [-72.5083236694, 58.7237434387, -138.448898315, 50.6260414124, -7.19797754288, 1.65670442581, -41.4526939392, 17.5828342438, 22.2317218781, 26.0535469055, -3.32975077629, 5.20051002502, 7.87961244583], "cov": [[5907.85107422, -334.527160645, -59.0475082397, 980.015991211, -153.872116089, 485.635009766, -426.537078857, 202.784210205, -62.5753936768, 220.627624512, -46.3410758972, -119.675476074, -24.1721839905], [-334.527160645, 1058.61254883, 90.1005935669, -378.058776855, 205.679916382, -233.916946411, 167.228179932, -117.307151794, 85.4534912109, -121.591514587, 4.78012561798, 6.58556938171, 57.0574264526], [-59.0475082397, 90.1005935669, 313.540008545, 197.513885498, 118.157402039, 88.5397644043, 24.2009048462, 35.2952384949, 26.8920059204, 1.04911863804, -5.1106801033, -36.4807929993, 13.5124368668], [980.015991211, -378.058776855, 197.513885498, 610.160827637, 31.3778629303, 318.82611084, -57.0127410889, 159.138519287, -15.6147823334, 104.50629425, 20.738992691, -65.0083389282, -24.7705383301], [-153.872116089, 205.679916382, 118.157402039, 31.3778629303, 230.46055603, 8.40408229828, 43.3205108643, -48.1725158691, 33.5076904297, -15.2784023285, -13.3773670197, -34.2919540405, -5.81380271912], [485.635009766, -233.916946411, 88.5397644043, 318.82611084, 8.40408229828, 352.938171387, 111.879180908, 201.576980591, -6.30472040176, 64.7506408691, 46.5448722839, -25.2290973663, -42.4447059631], [-426.537078857, 167.228179932, 24.2009048462, -57.0127410889, 43.3205108643, 111.879180908, 244.81477356, 135.816192627, 37.2030181885, -10.8805303574, 45.0191001892, 16.3398303986, -7.79587030411], [202.784210205, -117.307151794, 35.2952384949, 159.138519287, -48.1725158691, 201.576980591, 135.816192627, 220.960891724, 34.2415466309, 50.12342453, 36.4998626709, -4.35503053665, -11.7769546509], [-62.5753936768, 85.4534912109, 26.8920059204, -15.6147823334, 33.5076904297, -6.30472040176, 37.2030181885, 34.2415466309, 73.7139129639, 14.7046041489, 1.60604846478, -11.6177606583, -0.505539536476], [220.627624512, -121.591514587, 1.04911863804, 104.50629425, -15.2784023285, 64.7506408691, -10.8805303574, 50.12342453, 14.7046041489, 73.1639404297, 30.0813350677, -4.65082454681, -22.6894702911], [-46.3410758972, 4.78012561798, -5.1106801033, 20.738992691, -13.3773670197, 46.5448722839, 45.0191001892, 36.4998626709, 1.60604846478, 30.0813350677, 66.4006271362, 26.4714660645, -13.5270147324], [-119.675476074, 6.58556938171, -36.4807929993, -65.0083389282, -34.2919540405, -25.2290973663, 16.3398303986, -4.35503053665, -11.6177606583, -4.65082454681, 26.4714660645, 60.2468643188, 17.1995162964], [-24.1721839905, 57.0574264526, 13.5124368668, -24.7705383301, -5.81380271912, -42.4447059631, -7.79587030411, -11.7769546509, -0.505539536476, -22.6894702911, -13.5270147324, 17.1995162964, 67.3839797974]], "icov": [[0.000662084494252, -0.00133851962164, 0.00118242111057, -0.000852131750435, 0.000313101831125, -0.00159085763153, 0.00260424171574, -0.00107369141188, 0.000491036975291, -0.00131323130336, 0.00187722605187, -0.000880285340827, 0.000122153069242], [-0.00133851962164, 0.0052770585753, -0.00303935538977, 0.00239044381306, -0.00184304139111, 0.00453630043194, -0.00675682164729, 0.00275310524739, -0.00258343340829, 0.00524772377685, -0.006967428606, 0.00383702339604, -0.00169291440398], [0.00118242111057, -0.00303935538977, 0.00806016940624, -0.00446393713355, -0.00100462988485, -0.00265337573364, 0.00421663327143, -0.00164828426205, -0.000820502405986, 3.92489273509e-05, 0.00323035079055, -0.00155704549979, -0.000764809374232], [-0.000852131750435, 0.00239044381306, -0.00446393713355, 0.0101549038664, -0.0035586131271, -0.00294201914221, 0.00436861487105, -0.0046366956085, 0.00274528865702, -0.00101243227255, -0.00569068547338, 0.00532800331712, -0.00298945442773], [0.000313101831125, -0.00184304139111, -0.00100462988485, -0.0035586131271, 0.0118199847639, -0.00302342697978, -0.0064721563831, 0.0114866355434, -0.00499332882464, -0.00369872804731, 0.00570749863982, 0.000471474922961, 0.000682887039147], [-0.00159085763153, 0.00453630043194, -0.00265337573364, -0.00294201914221, -0.00302342697978, 0.018215559423, -0.0107440166175, -0.00451629655436, 0.00393553171307, 0.00481431139633, -0.00721240649, 0.00333767966367, 0.00357025885023], [0.00260424171574, -0.00675682164729, 0.00421663327143, 0.00436861487105, -0.0064721563831, -0.0107440166175, 0.0324665717781, -0.022432051599, 0.00427607959136, 0.00307795871049, -0.00170514674392, -0.00410495558754, 0.00169950083364], [-0.00107369141188, 0.00275310524739, -0.00164828426205, -0.0046366956085, 0.0114866355434, -0.00451629655436, -0.022432051599, 0.03339593485, -0.013107586652, -0.00574368098751, 0.00439931638539, 0.000976626644842, -0.00410100165755], [0.000491036975291, -0.00258343340829, -0.000820502405986, 0.00274528865702, -0.00499332882464, 0.00393553171307, 0.00427607959136, -0.013107586652, 0.027077274397, -0.0111273592338, 0.00319650722668, 0.00337226409465, 2.66526094492e-05], [-0.00131323130336, 0.00524772377685, 3.92489273509e-05, -0.00101243227255, -0.00369872804731, 0.00481431139633, 0.00307795871049, -0.00574368098751, -0.0111273592338, 0.0404536053538, -0.0227248035371, 0.00402440689504, 0.00471989763901], [0.00187722605187, -0.006967428606, 0.00323035079055, -0.00569068547338, 0.00570749863982, -0.00721240649, -0.00170514674392, 0.00439931638539, 0.00319650722668, -0.0227248035371, 0.0438663475215, -0.0210698079318, 0.00691044982523], [-0.000880285340827, 0.00383702339604, -0.00155704549979, 0.00532800331712, 0.000471474922961, 0.00333767966367, -0.00410495558754, 0.000976626644842, 0.00337226409465, 0.00402440689504, -0.0210698079318, 0.035553894937, -0.0113793974742], [0.000122153069242, -0.00169291440398, -0.000764809374232, -0.00298945442773, 0.000682887039147, 0.00357025885023, 0.00169950083364, -0.00410100165755, 2.66526094492e-05, 0.00471989763901, 0.00691044982523, -0.0113793974742, 0.0230409950018]]}, "melbands": {"dmean": [0.00259883655235, 0.00173331890255, 1.56389432959e-05, 3.38016184287e-06, 4.23072233389e-05, 3.05784269585e-05, 2.42829446506e-05, 1.33059502332e-05, 6.16535771769e-06, 4.97324435855e-06, 4.12285589846e-06, 4.69529459224e-06, 2.72959232461e-06, 3.28038595399e-06, 5.75821445636e-07, 1.93403207049e-06, 6.10237075307e-05, 0.000142671866342, 0.000133576933877, 0.000136524322443, 5.24948518432e-05, 4.32428350905e-05, 6.21338040219e-05, 1.98655980057e-05, 1.81133946171e-05, 1.28228812173e-05, 1.23766531033e-05, 8.71175870998e-06, 4.04675620302e-06, 5.27034308107e-06, 3.61812567462e-06, 2.30485693464e-06, 1.89730337752e-06, 1.9263068225e-06, 1.6719911855e-06, 1.39111978115e-06, 1.28548708744e-06, 9.66726361185e-07, 8.59516148921e-07, 7.42469865145e-07], "dmean2": [0.00465818541124, 0.00308334757574, 2.57636602328e-05, 3.77081983061e-06, 5.98913429712e-05, 4.21149743488e-05, 2.73540081253e-05, 1.85544449778e-05, 8.35784430819e-06, 8.24294602353e-06, 6.73503336657e-06, 7.95745381765e-06, 4.82031191495e-06, 6.31521288597e-06, 8.11988229543e-07, 3.15054262501e-06, 0.000106001127278, 0.000248602329521, 0.000236188221606, 0.000245529401582, 9.33990086196e-05, 7.88504112279e-05, 0.000115399016067, 3.58177858288e-05, 3.35558179358e-05, 2.33281389228e-05, 2.26782904065e-05, 1.60685031005e-05, 7.33919068807e-06, 9.74428894551e-06, 6.72072428642e-06, 4.21755203206e-06, 3.42628618455e-06, 3.56118016498e-06, 3.10036216433e-06, 2.59634748545e-06, 2.39501810029e-06, 1.80596362043e-06, 1.60336082899e-06, 1.38461030019e-06], "dvar": [3.85879466194e-05, 1.81407122e-05, 1.07806241711e-09, 4.99568407475e-11, 4.76464601107e-09, 1.75689229831e-09, 1.28073995853e-09, 3.89103915754e-10, 9.82695105844e-11, 6.59442916939e-11, 4.01943964223e-11, 6.58677418164e-11, 1.5012661253e-11, 7.62117868813e-11, 1.72852964581e-12, 1.06805710109e-11, 2.21531948341e-08, 1.06813203615e-07, 9.93532296434e-08, 1.14555824382e-07, 1.20644214618e-08, 1.34914870387e-08, 6.16647639617e-08, 4.99357533101e-09, 2.40339304014e-09, 1.0295255759e-09, 1.2684610029e-09, 5.94786109254e-10, 1.02751682163e-10, 2.44892855994e-10, 1.2608072919e-10, 4.59160522104e-11, 2.57855230223e-11, 3.97365577942e-11, 3.50517045944e-11, 3.68444753873e-11, 2.17276995007e-11, 2.17308827183e-11, 1.76585829292e-11, 1.2846911035e-11], "dvar2": [0.000114268768812, 5.24185234099e-05, 2.76544298572e-09, 6.12569994729e-11, 1.15225331498e-08, 4.59266580322e-09, 1.52622892102e-09, 7.69167673997e-10, 1.71032063512e-10, 1.72749800575e-10, 1.01786822027e-10, 1.76895331716e-10, 4.15663406472e-11, 2.85902218566e-10, 2.83536562284e-12, 2.77463677034e-11, 6.04109615665e-08, 2.74659356592e-07, 2.79282318161e-07, 3.30180881747e-07, 3.36708616544e-08, 3.77493947212e-08, 1.78651987426e-07, 1.4223318523e-08, 6.80892231486e-09, 2.86414891804e-09, 3.53855478252e-09, 1.66885261166e-09, 2.81707185357e-10, 6.86203871503e-10, 3.57055912614e-10, 1.2716262765e-10, 7.12091149935e-11, 1.12131401386e-10, 9.88772883015e-11, 1.05782771431e-10, 6.16064629866e-11, 6.26930313219e-11, 5.09364078694e-11, 3.71394789922e-11], "max": [0.0697631835938, 0.0486186295748, 0.000403938523959, 0.000120828466606, 0.000932453374844, 0.00053073692834, 0.000451035128208, 0.000193233412574, 0.0001342047035, 0.000102794831037, 0.000123838544823, 6.41716687824e-05, 3.0687526305e-05, 6.35996184428e-05, 1.7420590666e-05, 3.11951953336e-05, 0.00128155131824, 0.00322625460103, 0.00487539963797, 0.00447951303795, 0.00103585619945, 0.00103177549317, 0.00305078178644, 0.000865201523993, 0.000370735913748, 0.000270506512607, 0.000404647405958, 0.000206638709642, 8.7813808932e-05, 0.000175213062903, 0.000136903501698, 5.92511787545e-05, 4.60531337012e-05, 6.60945443087e-05, 4.59462680737e-05, 7.58010355639e-05, 5.34978753421e-05, 6.11853101873e-05, 5.67675015191e-05, 5.02967704961e-05], "mean": [0.00339838606305, 0.00204043998383, 1.9450304535e-05, 6.91559534971e-06, 8.59824358486e-05, 6.41943042865e-05, 4.7889934649e-05, 2.08443016163e-05, 9.94308720692e-06, 8.87458918442e-06, 9.6377589216e-06, 6.67555377731e-06, 3.81081440537e-06, 3.44307977684e-06, 1.15637942599e-06, 2.94765573017e-06, 6.03829794272e-05, 0.000151725806063, 0.000173257169081, 0.000179101072717, 6.13556767348e-05, 3.82196485589e-05, 4.76097011415e-05, 1.61403640959e-05, 1.39041485454e-05, 9.87170005828e-06, 9.12386894925e-06, 6.22649804427e-06, 2.97681913253e-06, 3.53888003701e-06, 2.43631552621e-06, 1.6629340962e-06, 1.41382179208e-06, 1.47474986534e-06, 1.0727173958e-06, 8.72331099799e-07, 8.11048209926e-07, 6.12932240074e-07, 5.54684561394e-07, 5.09934579895e-07], "median": [0.000524452072568, 0.000340436381521, 4.85622331325e-06, 3.60277880418e-07, 3.53550713044e-05, 4.41575102741e-05, 2.36208034039e-05, 7.80117807153e-06, 4.44850229542e-06, 1.73959244876e-06, 2.96228949992e-06, 2.76209993899e-06, 1.34626770887e-06, 2.67320984904e-07, 1.58479679158e-07, 1.33477067266e-06, 2.73670775641e-05, 7.45102224755e-05, 8.32437799545e-05, 8.96478013601e-05, 3.65691666957e-05, 1.39655730891e-05, 1.3418069102e-05, 4.8289134611e-06, 4.09765016229e-06, 2.42358669311e-06, 1.97049644157e-06, 1.17117826903e-06, 5.12470819558e-07, 4.81093820781e-07, 3.58846335757e-07, 1.99147081048e-07, 1.65894675774e-07, 1.13402926161e-07, 8.00738533258e-08, 5.5522693998e-08, 5.3189815219e-08, 3.51663125286e-08, 2.6513156115e-08, 1.96834868404e-08], "min": [9.01423783331e-24, 6.1879965178e-24, 3.10434121144e-24, 3.58437963835e-24, 1.4563157227e-24, 1.07433499401e-23, 7.90023686195e-24, 4.93933896207e-24, 1.41365136393e-24, 8.65990281393e-24, 8.06502043872e-24, 7.70924180389e-24, 1.22255130848e-23, 5.68189254886e-24, 8.75933636445e-24, 2.02976466823e-23, 4.24016562532e-24, 7.7523782959e-24, 1.74342125472e-23, 1.48144891002e-23, 1.78177014991e-23, 1.52560871241e-23, 1.11330969255e-23, 9.53265828756e-24, 1.60763951804e-23, 9.89214299093e-24, 1.12629102983e-23, 1.24466378962e-23, 1.27877082195e-23, 9.04547356972e-24, 8.39784795438e-24, 9.66461893979e-24, 1.17368121763e-23, 9.60721432058e-24, 5.28395600396e-24, 8.92197581728e-24, 8.2635861949e-24, 6.80865058435e-24, 9.54371653973e-24, 9.12763027755e-24], "var": [5.26426047145e-05, 2.15550717257e-05, 1.65550351205e-09, 2.07630843074e-10, 1.39794389398e-08, 4.28021174059e-09, 4.15237888518e-09, 8.16443135321e-10, 2.43409764566e-10, 2.31696162256e-10, 3.1370930853e-10, 1.12167719557e-10, 2.78833327955e-11, 8.45504846692e-11, 7.11190351402e-12, 1.53657850333e-11, 1.56100163906e-08, 8.7593605258e-08, 8.08388023188e-08, 8.56369979374e-08, 8.43409875273e-09, 8.58840465412e-09, 3.48025537278e-08, 2.9581856964e-09, 1.43974088207e-09, 6.55560439267e-10, 7.89918075395e-10, 3.63030078221e-10, 6.81218900733e-11, 1.49921949855e-10, 7.46807823915e-11, 2.93702666354e-11, 1.74381446783e-11, 2.87201894211e-11, 2.10029042769e-11, 2.08874965935e-11, 1.2791222942e-11, 1.21968077998e-11, 9.98197878521e-12, 7.59645037846e-12]}, "mfcc": {"mean": [-717.377624512, 86.5008010864, -44.4162940979, 52.2036399841, 45.9590873718, 7.41564226151, -24.8589191437, -5.18558168411, 21.1881122589, 27.89204216, 9.03921508789, 1.58697021008, 12.5048704147], "cov": [[5096.13916016, -1011.08746338, 324.494750977, 393.390319824, 393.338806152, 146.554016113, -2.18092870712, -60.00415802, 89.4012145996, 228.224212646, 197.087554932, -1.25045764446, -150.423599243], [-1011.08746338, 1463.98913574, -244.829452515, -97.6782836914, -122.292549133, -72.7886199951, -109.088104248, -2.75700521469, -37.7324104309, -47.4046478271, -157.72416687, -58.8892173767, 5.15578699112], [324.494750977, -244.829452515, 305.062469482, 124.116493225, 119.260543823, 58.4076919556, 85.951789856, 50.9001846313, 74.6696395874, 45.5471687317, 57.1357345581, 5.93334007263, -11.3739328384], [393.390319824, -97.6782836914, 124.116493225, 234.982711792, 192.557922363, 88.1742401123, -7.26641988754, -42.7505340576, 4.5163974762, 38.6030731201, 2.81114435196, -13.5340909958, -40.3862495422], [393.338806152, -122.292549133, 119.260543823, 192.557922363, 264.825622559, 136.650009155, -4.31511211395, -56.3271484375, -9.59345817566, 29.2737140656, 13.2276163101, -5.84116649628, -39.4767494202], [146.554016113, -72.7886199951, 58.4076919556, 88.1742401123, 136.650009155, 137.679656982, 66.9116134644, 9.27502059937, -0.990345954895, 20.3670654297, 29.3646278381, 35.9479598999, 4.15811824799], [-2.18092870712, -109.088104248, 85.951789856, -7.26641988754, -4.31511211395, 66.9116134644, 208.520065308, 146.546707153, 82.1175384521, 53.4965896606, 75.2130432129, 85.3369369507, 42.7259979248], [-60.00415802, -2.75700521469, 50.9001846313, -42.7505340576, -56.3271484375, 9.27502059937, 146.546707153, 174.214431763, 111.147567749, 60.3190116882, 58.6871337891, 53.5028839111, 41.2166671753], [89.4012145996, -37.7324104309, 74.6696395874, 4.5163974762, -9.59345817566, -0.990345954895, 82.1175384521, 111.147567749, 136.685134888, 86.0782699585, 57.0624847412, 10.8962574005, 0.157185837626], [228.224212646, -47.4046478271, 45.5471687317, 38.6030731201, 29.2737140656, 20.3670654297, 53.4965896606, 60.3190116882, 86.0782699585, 126.775802612, 67.553817749, 23.2746181488, -37.11536026], [197.087554932, -157.72416687, 57.1357345581, 2.81114435196, 13.2276163101, 29.3646278381, 75.2130432129, 58.6871337891, 57.0624847412, 67.553817749, 130.499038696, 79.5182800293, 25.2457695007], [-1.25045764446, -58.8892173767, 5.93334007263, -13.5340909958, -5.84116649628, 35.9479598999, 85.3369369507, 53.5028839111, 10.8962574005, 23.2746181488, 79.5182800293, 122.369743347, 75.0751724243], [-150.423599243, 5.15578699112, -11.3739328384, -40.3862495422, -39.4767494202, 4.15811824799, 42.7259979248, 41.2166671753, 0.157185837626, -37.11536026, 25.2457695007, 75.0751724243, 134.779296875]], "icov": [[0.000278265855741, 0.00014762635692, 8.74202760315e-06, -0.000243522750679, -0.000194981330424, 0.000131526045152, 0.000153799264808, -0.000116098541184, 0.000182251766091, -0.000355045020115, -0.000289511604933, 0.000169034756254, 2.03538584174e-05], [0.00014762635692, 0.00102630746551, 0.000484107644297, -0.000129793654196, 8.29351847642e-05, -0.00033042897121, 0.00102690781932, -0.00102024897933, -5.95396122662e-05, -0.000484530173708, 0.00130904407706, -0.000491350074299, 4.35466063209e-05], [8.74202760315e-06, 0.000484107644297, 0.00681304140016, -0.00260052224621, -0.00275196810253, 0.00290093524382, -0.00340766063891, -7.10156746209e-05, -0.00229660235345, 0.00251497421414, -0.00256190262735, 0.00260236975737, -0.000281086715404], [-0.000243522750679, -0.000129793654196, -0.00260052224621, 0.0126565620303, -0.00756281614304, 0.00064123980701, 0.000102488775156, 0.00180327310227, -0.000140260643093, -0.00346309388988, 0.00360424816608, -0.00139624113217, -0.000363527506124], [-0.000194981330424, 8.29351847642e-05, -0.00275196810253, -0.00756281614304, 0.0203539077193, -0.0166440140456, 0.00520407035947, 0.00374901667237, -0.00322202080861, 0.000331976712914, 0.000305699155433, -0.00100167887285, 0.00155559857376], [0.000131526045152, -0.00033042897121, 0.00290093524382, 0.00064123980701, -0.0166440140456, 0.0280838981271, -0.0122857242823, 8.39967979118e-05, 0.00581118091941, -0.000744904275052, -0.00212763971649, 0.00141921674367, -0.0018799941754], [0.000153799264808, 0.00102690781932, -0.00340766063891, 0.000102488775156, 0.00520407035947, -0.0122857242823, 0.0238838717341, -0.0157753694803, -0.000557505059987, 0.00161482195836, 0.00271398993209, -0.0100523242727, 0.00456804456189], [-0.000116098541184, -0.00102024897933, -7.10156746209e-05, 0.00180327310227, 0.00374901667237, 8.39967979118e-05, -0.0157753694803, 0.0319218821824, -0.0168858934194, -0.000566295173485, 0.00207821349613, -0.000806500844192, -0.00329806981608], [0.000182251766091, -5.95396122662e-05, -0.00229660235345, -0.000140260643093, -0.00322202080861, 0.00581118091941, -0.000557505059987, -0.0168858934194, 0.0336177423596, -0.0153721924871, -0.0066049923189, 0.0144248371944, -0.00688273413107], [-0.000355045020115, -0.000484530173708, 0.00251497421414, -0.00346309388988, 0.000331976712914, -0.000744904275052, 0.00161482195836, -0.000566295173485, -0.0153721924871, 0.0266571491957, -0.00574000319466, -0.00859703775495, 0.0118009541184], [-0.000289511604933, 0.00130904407706, -0.00256190262735, 0.00360424816608, 0.000305699155433, -0.00212763971649, 0.00271398993209, 0.00207821349613, -0.0066049923189, -0.00574000319466, 0.0240241046995, -0.0162487514317, 0.00212785904296], [0.000169034756254, -0.000491350074299, 0.00260236975737, -0.00139624113217, -0.00100167887285, 0.00141921674367, -0.0100523242727, -0.000806500844192, 0.0144248371944, -0.00859703775495, -0.0162487514317, 0.0351758003235, -0.0158296115696], [2.03538584174e-05, 4.35466063209e-05, -0.000281086715404, -0.000363527506124, 0.00155559857376, -0.0018799941754, 0.00456804456189, -0.00329806981608, -0.00688273413107, 0.0118009541184, 0.00212785904296, -0.0158296115696, 0.0190586894751]]}, "spectral_contrast_coeffs": {"dmean": [0.0539615824819, 0.0380167141557, 0.0409041047096, 0.0375012345612, 0.0240016505122, 0.0173429790884], "dmean2": [0.0893177911639, 0.057102072984, 0.0685692206025, 0.0639495402575, 0.0409650430083, 0.0309827253222], "dvar": [0.00177455751691, 0.000883842585608, 0.0010202396661, 0.000988115207292, 0.000378899858333, 0.000266900955467], "dvar2": [0.00493865879253, 0.00211227522232, 0.00290100835264, 0.00274837436154, 0.00114219181705, 0.000801207963377], "max": [-0.308505177498, -0.424721032381, -0.452899158001, -0.451133191586, -0.706139683723, -0.679332375526], "mean": [-0.554567575455, -0.615904927254, -0.649883568287, -0.636058747768, -0.786557793617, -0.763229012489], "median": [-0.550974309444, -0.612330257893, -0.651781082153, -0.640164673328, -0.785475969315, -0.76333463192], "min": [-0.953159928322, -0.963618397713, -0.967291235924, -0.951229393482, -0.96079236269, -0.963537812233], "var": [0.00842928886414, 0.00529170595109, 0.00386320403777, 0.00409727776423, 0.000719399016816, 0.000474366621347]}, "spectral_contrast_valleys": {"dmean": [0.394369274378, 0.298461973667, 0.280014932156, 0.353465348482, 0.469282597303, 0.641409635544], "dmean2": [0.64576613903, 0.476431518793, 0.46386885643, 0.56434828043, 0.714909374714, 0.959492266178], "dvar": [0.17476208508, 0.153452217579, 0.144586920738, 0.185760736465, 0.352798640728, 0.58707767725], "dvar2": [0.326921463013, 0.235225304961, 0.232488155365, 0.301621258259, 0.640781879425, 1.18747138977], "max": [-7.81263542175, -7.02657938004, -7.901079654