{"lowlevel": {"average_loudness": 0.903025746346, "barkbands_crest": {"dmean": 3.00128698349, "dmean2": 4.77466726303, "dvar": 7.81848192215, "dvar2": 19.4401264191, "max": 26.3706569672, "mean": 13.4371480942, "median": 13.2593774796, "min": 2.89863920212, "var": 23.1780509949}, "barkbands_flatness_db": {"dmean": 0.0301012136042, "dmean2": 0.0437198132277, "dvar": 0.000805177493021, "dvar2": 0.001588745974, "max": 0.485618323088, "mean": 0.231364026666, "median": 0.227398216724, "min": 0.0286562740803, "var": 0.0042501189746}, "barkbands_kurtosis": {"dmean": 10.3619117737, "dmean2": 15.7431821823, "dvar": 310.497711182, "dvar2": 677.44140625, "max": 258.045593262, "mean": 14.8970718384, "median": 5.41669225693, "min": -1.90030670166, "var": 592.576293945}, "barkbands_skewness": {"dmean": 1.0664614439, "dmean2": 1.54689788818, "dvar": 1.36669456959, "dvar2": 2.85199952126, "max": 14.7145347595, "mean": 2.40911984444, "median": 1.97266054153, "min": -3.69338965416, "var": 4.38233089447}, "barkbands_spread": {"dmean": 5.22768068314, "dmean2": 8.13101196289, "dvar": 73.0752716064, "dvar2": 166.015548706, "max": 117.585037231, "mean": 12.8725137711, "median": 9.51793479919, "min": 0.378389447927, "var": 177.401657104}, "dissonance": {"dmean": 0.0364815406501, "dmean2": 0.061151381582, "dvar": 0.00116084248293, "dvar2": 0.00312875304371, "max": 0.499999880791, "mean": 0.427045553923, "median": 0.437493145466, "min": 0.165022820234, "var": 0.00252138986252}, "dynamic_complexity": 3.14714050293, "erbbands_crest": {"dmean": 3.28372788429, "dmean2": 5.24077224731, "dvar": 10.1175107956, "dvar2": 23.7552394867, "max": 33.9213523865, "mean": 11.4416732788, "median": 10.1862926483, "min": 2.1563577652, "var": 31.3468265533}, "erbbands_flatness_db": {"dmean": 0.0262710042298, "dmean2": 0.0364355556667, "dvar": 0.000634273863398, "dvar2": 0.00112970662303, "max": 0.457541257143, "mean": 0.201849848032, "median": 0.194672569633, "min": 0.0232116151601, "var": 0.003411750542}, "erbbands_kurtosis": {"dmean": 2.86292695999, "dmean2": 4.49315357208, "dvar": 28.1999530792, "dvar2": 61.6519737244, "max": 159.477218628, "mean": 3.90309596062, "median": 1.67210793495, "min": -1.91042006016, "var": 66.9140853882}, "erbbands_skewness": {"dmean": 0.650508105755, "dmean2": 0.963948428631, "dvar": 0.451620161533, "dvar2": 0.961449444294, "max": 10.1513547897, "mean": 0.844403207302, "median": 0.705572903156, "min": -4.61191987991, "var": 1.39647209644}, "erbbands_spread": {"dmean": 12.4755144119, "dmean2": 18.8716201782, "dvar": 339.945404053, "dvar2": 755.729003906, "max": 199.138671875, "mean": 31.7641639709, "median": 24.9548835754, "min": 0.74241065979, "var": 698.112854004}, "hfc": {"dmean": 6.38333368301, "dmean2": 9.12517642975, "dvar": 55.6027755737, "dvar2": 121.571990967, "max": 116.21181488, "mean": 16.7228832245, "median": 13.9556732178, "min": 1.1322167645e-16, "var": 184.216522217}, "melbands_crest": {"dmean": 3.4130730629, "dmean2": 5.4129076004, "dvar": 11.6753749847, "dvar2": 28.8217487335, "max": 38.0916900635, "mean": 17.6564426422, "median": 17.9910430908, "min": 2.51594734192, "var": 35.4437217712}, "melbands_flatness_db": {"dmean": 0.035000026226, "dmean2": 0.0498691014946, "dvar": 0.0011874740012, "dvar2": 0.00227618217468, "max": 0.619067907333, "mean": 0.297905087471, "median": 0.293403893709, "min": 0.0121251000091, "var": 0.00788056757301}, "melbands_kurtosis": {"dmean": 23.8468551636, "dmean2": 36.3267326355, "dvar": 2038.51098633, "dvar2": 4333.15185547, "max": 549.804931641, "mean": 34.3931541443, "median": 11.5196704865, "min": -1.85530436039, "var": 3633.14697266}, "melbands_skewness": {"dmean": 1.38401389122, "dmean2": 2.03514075279, "dvar": 2.87033724785, "dvar2": 6.11848545074, "max": 20.8004837036, "mean": 3.33900523186, "median": 2.74579381943, "min": -3.57695579529, "var": 8.2189874649}, "melbands_spread": {"dmean": 6.10912418365, "dmean2": 9.36509895325, "dvar": 186.145141602, "dvar2": 428.08026123, "max": 255.854278564, "mean": 13.5636119843, "median": 9.65521144867, "min": 0.340049535036, "var": 313.344116211}, "pitch_salience": {"dmean": 0.0874208733439, "dmean2": 0.138469383121, "dvar": 0.00753962062299, "dvar2": 0.0177765060216, "max": 0.88249540329, "mean": 0.474960207939, "median": 0.467117011547, "min": 0.0561098866165, "var": 0.0213681980968}, "silence_rate_20dB": {"dmean": 0, "dmean2": 0, "dvar": 0, "dvar2": 0, "max": 1, "mean": 1, "median": 1, "min": 1, "var": 0}, "silence_rate_30dB": {"dmean": 0.0429166220129, "dmean2": 0.0858424082398, "dvar": 0.041072756052, "dvar2": 0.0953456163406, "max": 1, "mean": 0.94545263052, "median": 1, "min": 0, "var": 0.0515669472516}, "silence_rate_60dB": {"dmean": 0.0320273302495, "dmean2": 0.0640615001321, "dvar": 0.0310011580586, "dvar2": 0.0725447833538, "max": 1, "mean": 0.0786720737815, "median": 0, "min": 0, "var": 0.0724872425199}, "spectral_centroid": {"dmean": 184.593658447, "dmean2": 270.809967041, "dvar": 88262.3046875, "dvar2": 179821.28125, "max": 11128.5878906, "mean": 772.199462891, "median": 673.111328125, "min": 114.43926239, "var": 353531.53125}, "spectral_complexity": {"dmean": 2.71143364906, "dmean2": 3.76574850082, "dvar": 7.78771305084, "dvar2": 13.1090841293, "max": 33, "mean": 11.15275383, "median": 11, "min": 0, "var": 38.04454422}, "spectral_decrease": {"dmean": 3.72171915508e-09, "dmean2": 5.24086152254e-09, "dvar": 2.22618439968e-17, "dvar2": 4.52198034925e-17, "max": -1.06583587202e-28, "mean": -1.16299370134e-08, "median": -1.0009745921e-08, "min": -5.08384196962e-08, "var": 8.15461448507e-17}, "spectral_energy": {"dmean": 0.0144660128281, "dmean2": 0.0203653685749, "dvar": 0.000331329880282, "dvar2": 0.000675188435707, "max": 0.196633696556, "mean": 0.0454106926918, "median": 0.0395393371582, "min": 1.06718060494e-20, "var": 0.00120738311671}, "spectral_energyband_high": {"dmean": 0.000177905778401, "dmean2": 0.000273768411716, "dvar": 8.13798877175e-08, "dvar2": 1.90197638972e-07, "max": 0.00346473488025, "mean": 0.000207641656743, "median": 8.05749950814e-05, "min": 7.75465183721e-21, "var": 1.04702756687e-07}, "spectral_energyband_low": {"dmean": 0.00836568512022, "dmean2": 0.011659624055, "dvar": 0.000168672326254, "dvar2": 0.000310325151077, "max": 0.148067891598, "mean": 0.0249064732343, "median": 0.0119268130511, "min": 1.50053745066e-23, "var": 0.000812712358311}, "spectral_energyband_middle_high": {"dmean": 0.00273617124185, "dmean2": 0.00386689137667, "dvar": 2.6585012165e-05, "dvar2": 5.18830383953e-05, "max": 0.103926070035, "mean": 0.00559718813747, "median": 0.00212743319571, "min": 1.4813082151e-21, "var": 8.70941294124e-05}, "spectral_energyband_middle_low": {"dmean": 0.00888823159039, "dmean2": 0.0137844672427, "dvar": 0.00022177369101, "dvar2": 0.000545533781406, "max": 0.192521244287, "mean": 0.0160850100219, "median": 0.0111925601959, "min": 6.19460283345e-22, "var": 0.000310107483529}, "spectral_entropy": {"dmean": 0.260665655136, "dmean2": 0.384735047817, "dvar": 0.0740532800555, "dvar2": 0.155978873372, "max": 9.81395721436, "mean": 6.97234869003, "median": 6.95171451569, "min": 4.88734292984, "var": 0.325225710869}, "spectral_flux": {"dmean": 0.0386329591274, "dmean2": 0.0613782182336, "dvar": 0.00181648845319, "dvar2": 0.00418352009729, "max": 0.422308862209, "mean": 0.0936984270811, "median": 0.082664847374, "min": 1.03304434451e-10, "var": 0.00335468794219}, "spectral_kurtosis": {"dmean": 3.30529379845, "dmean2": 4.94461011887, "dvar": 10.6385974884, "dvar2": 25.2123966217, "max": 44.8414001465, "mean": 8.1750421524, "median": 7.61862516403, "min": -1.51936376095, "var": 30.2982597351}, "spectral_rms": {"dmean": 0.00112736970186, "dmean2": 0.00153846188914, "dvar": 1.66531958712e-06, "dvar2": 3.17094395541e-06, "max": 0.0138505510986, "mean": 0.00600353302434, "median": 0.00621087430045, "min": 3.22668844768e-12, "var": 8.26075392979e-06}, "spectral_rolloff": {"dmean": 415.120635986, "dmean2": 719.449951172, "dvar": 1482836.75, "dvar2": 3526672.75, "max": 18324.7558594, "mean": 941.75970459, "median": 645.99609375, "min": 21.533203125, "var": 2160123.75}, "spectral_skewness": {"dmean": 0.40109115839, "dmean2": 0.591770589352, "dvar": 0.147085815668, "dvar2": 0.328517854214, "max": 5.73634433746, "mean": 2.37712168694, "median": 2.41018676758, "min": -0.435807555914, "var": 0.514542758465}, "spectral_spread": {"dmean": 1331231.25, "dmean2": 1836365.625, "dvar": 2782971297790.0, "dvar2": 5165726302210.0, "max": 41617188, "mean": 4989879, "median": 4029469.75, "min": 1620284, "var": 7041651834880.0}, "spectral_strongpeak": {"dmean": 0.555358409882, "dmean2": 0.902384221554, "dvar": 0.842671871185, "dvar2": 1.95558071136, "max": 13.5764341354, "mean": 1.17335522175, "median": 0.681276381016, "min": 0, "var": 2.068120718}, "zerocrossingrate": {"dmean": 0.0106015466154, "dmean2": 0.0126150790602, "dvar": 0.000316234043567, "dvar2": 0.000379625998903, "max": 0.49267578125, "mean": 0.0402793996036, "median": 0.03173828125, "min": 0.00244140625, "var": 0.00151882960927}, "barkbands": {"dmean": [5.18692177138e-05, 0.00674157775939, 0.00233656377532, 0.00175832561217, 0.00443997653201, 0.00100688415114, 0.0011782621732, 0.00127358594909, 0.00167041888926, 0.00111365434714, 0.00079497997649, 0.000728657469153, 0.000356087082764, 0.000317811558489, 0.000351019814843, 0.000127871608129, 6.56116535538e-05, 4.47647689725e-05, 3.29767317453e-05, 1.27253888422e-05, 3.15571310239e-06, 1.0398404811e-05, 2.42586429522e-05, 7.92048595031e-05, 6.67642816552e-05, 5.09633173351e-06, 3.80606550721e-08], "dmean2": [8.91907329788e-05, 0.00969702936709, 0.00339017319493, 0.00274505605921, 0.00713351229206, 0.00162409688346, 0.00185548223089, 0.00207753712311, 0.00244827684946, 0.00166201405227, 0.00118527386803, 0.00112771487329, 0.000548198178876, 0.000487167970277, 0.00054471520707, 0.000194099164219, 0.000100517885585, 6.89329608576e-05, 4.99842026329e-05, 1.97748940991e-05, 5.18508886671e-06, 1.58543152793e-05, 3.67298998754e-05, 0.000124529906316, 0.000105013357825, 7.61452611187e-06, 6.8553909216e-08], "dvar": [1.11279288006e-08, 0.000111630251922, 1.55238012667e-05, 1.27329140014e-05, 0.000153531320393, 4.13145562561e-06, 1.15854418254e-05, 1.14715230666e-05, 1.72416275745e-05, 1.28021210912e-05, 5.21698711964e-06, 5.33868796992e-06, 1.82672181381e-06, 9.3999648243e-07, 8.62303011218e-07, 1.01501242966e-07, 2.70120121826e-08, 1.19940866128e-08, 5.08698949631e-09, 1.17466436578e-09, 2.81381602046e-11, 4.22156420932e-10, 1.84583048846e-09, 1.90463822491e-08, 1.38095312963e-08, 1.18207846289e-10, 3.25098631284e-14], "dvar2": [3.10736290032e-08, 0.00023200182477, 3.33905009029e-05, 3.10148097924e-05, 0.000393643655116, 1.01287969301e-05, 2.56105886365e-05, 2.83566259895e-05, 3.37451019732e-05, 2.20211004489e-05, 1.08209587779e-05, 1.30056841954e-05, 4.18291529058e-06, 2.05009700949e-06, 1.92366837837e-06, 2.18808921204e-07, 5.65058471125e-08, 2.68343445242e-08, 1.12390772244e-08, 2.61853072558e-09, 7.09692721257e-11, 9.26154763992e-10, 3.98660127132e-09, 4.55429827184e-08, 3.33403278319e-08, 2.70215683162e-10, 9.20772721849e-14], "max": [0.00170989136677, 0.114540196955, 0.0466476157308, 0.0463982261717, 0.177538216114, 0.0490359254181, 0.0621654093266, 0.0511223636568, 0.11921903491, 0.119118891656, 0.0690633952618, 0.0532741956413, 0.0515659116209, 0.0249353200197, 0.0268395226449, 0.00923515111208, 0.00483923312277, 0.00335754361004, 0.00132185476832, 0.00109962013084, 8.55227553984e-05, 0.000711987901013, 0.00113271572627, 0.00184814434033, 0.00151505123358, 0.000196047374629, 4.31303442383e-06], "mean": [7.26833604858e-05, 0.0181729905307, 0.00573939597234, 0.00266698072664, 0.00518425973132, 0.00135246524587, 0.00151674274821, 0.00153836072423, 0.00308252335526, 0.00190401787404, 0.00120691116899, 0.00099212420173, 0.000425666628871, 0.000458877475467, 0.000473428546684, 0.000177451991476, 0.00010310907237, 6.77067873767e-05, 5.1925155276e-05, 1.93369105546e-05, 4.04386128139e-06, 1.50059086081e-05, 3.34187461704e-05, 8.21088033263e-05, 6.40676080366e-05, 5.15787132827e-06, 2.62666635109e-08], "median": [1.19243250083e-05, 0.00699458271265, 0.00267146294937, 0.000536500359885, 0.00192226213403, 0.000554082449526, 0.000295243400615, 0.000380130892154, 0.000434045912698, 0.00017504466814, 0.00016879796749, 0.000173399123014, 8.49629359436e-05, 7.14939815225e-05, 8.62485321704e-05, 4.15499089286e-05, 2.57736865024e-05, 2.57676147157e-05, 2.2061431082e-05, 6.52266044199e-06, 1.80819722573e-06, 6.76936542732e-06, 1.61408443091e-05, 2.14909814531e-05, 1.31033457365e-05, 8.97754716789e-07, 1.00596020403e-09], "min": [7.44723506485e-24, 3.36522697913e-24, 3.09442246885e-24, 1.12496140478e-23, 1.13794359403e-22, 1.01660530099e-22, 4.35919171971e-23, 1.30174961437e-22, 1.77820342577e-22, 1.63858249239e-22, 5.62713037703e-23, 7.25060170235e-23, 6.93408988125e-23, 1.12395601733e-22, 5.78237630991e-23, 1.22808212272e-22, 2.20173123375e-22, 2.21465896004e-22, 2.69584316008e-22, 2.78539641709e-22, 5.9618012713e-22, 5.57871072575e-22, 5.12751813381e-22, 6.81402196981e-22, 1.4953190916e-21, 1.65593167677e-21, 2.25147819082e-21], "var": [2.28469776431e-08, 0.00047711742809, 4.989611989e-05, 1.66411246028e-05, 0.000135946058435, 5.93911727265e-06, 1.686028736e-05, 1.32579680212e-05, 6.3824285462e-05, 4.93865809403e-05, 1.21042967294e-05, 7.09185042069e-06, 2.28734006669e-06, 2.02931369131e-06, 1.53929681801e-06, 1.80437695008e-07, 4.82001283331e-08, 1.79556032265e-08, 8.24146884071e-09, 2.34403429999e-09, 3.86663270846e-11, 6.76100009311e-10, 2.91734547631e-09, 2.31443912924e-08, 1.49985055486e-08, 1.3158550638e-10, 2.02022152127e-14]}, "erbbands": {"dmean": [0.11511258781, 1.75504243374, 3.27786040306, 3.72063159943, 11.4881229401, 14.8951368332, 13.0538482666, 7.49632692337, 8.77333545685, 30.1270217896, 24.8149261475, 32.3161125183, 40.7096214294, 31.8563613892, 28.3046340942, 25.5675354004, 15.2380619049, 16.5768318176, 18.1417274475, 11.5665721893, 6.27869224548, 3.50531029701, 2.51675605774, 1.75936198235, 1.4732875824, 0.511364996433, 0.134803146124, 0.145899727941, 0.294672578573, 0.550380706787, 0.825298845768, 1.60685765743, 1.25723552704, 0.956632375717, 0.33127862215, 0.0584599263966, 0.00451413309202, 0.000181622177479, 1.92550087377e-05, 1.70574749063e-05], "dmean2": [0.180532544851, 2.49615430832, 4.49868822098, 5.9517083168, 17.9443874359, 24.8087348938, 21.4641704559, 11.7880058289, 13.751247406, 47.9775657654, 39.3667030334, 47.4137077332, 58.0881385803, 46.8215179443, 41.9879837036, 39.4497413635, 23.1118888855, 25.0666446686, 27.748046875, 17.5830554962, 9.36713790894, 5.20307540894, 3.79694962502, 2.66990160942, 2.20614719391, 0.76717954874, 0.218863725662, 0.237275019288, 0.453738033772, 0.827150464058, 1.27565550804, 2.62934827805, 1.92115843296, 1.52433741093, 0.508082926273, 0.0891084447503, 0.00668890262023, 0.00027274567401, 2.90980224236e-05, 2.41005327553e-05], "dvar": [0.0437559783459, 7.84389829636, 30.1610336304, 65.9448318481, 815.47253418, 1941.36804199, 693.982727051, 278.184692383, 523.476074219, 8111.28857422, 4403.52001953, 6235.58691406, 14534.4189453, 6579.55029297, 7223.22558594, 7095.57275391, 3230.16894531, 2698.15722656, 2584.2902832, 827.828063965, 234.464981079, 84.900428772, 38.0850753784, 17.8910999298, 11.8280324936, 1.68740546703, 0.0587512813509, 0.0644581094384, 0.329548358917, 1.07495880127, 2.2071454525, 9.43577289581, 4.30614614487, 2.93828487396, 0.339013159275, 0.0138280112296, 0.000117736897664, 1.46586017991e-07, 1.61391544573e-09, 4.55500581698e-10], "dvar2": [0.0904666185379, 16.1950798035, 55.5027351379, 164.603927612, 2005.62988281, 5190.10742188, 1803.19262695, 661.910217285, 1131.07080078, 19174.1445312, 10070.7998047, 12222.7148438, 25869.6171875, 14103.8564453, 16083.3466797, 17919.671875, 7620.27441406, 5987.10839844, 5544.02099609, 1860.59106445, 493.104156494, 169.793823242, 83.0138320923, 39.5644569397, 25.7284317017, 3.39386320114, 0.145718082786, 0.15973906219, 0.700645565987, 2.38261938095, 4.98716306686, 24.1529521942, 9.46883487701, 7.17037439346, 0.788415968418, 0.0327274538577, 0.000252608966548, 3.08520952785e-07, 4.21891543922e-09, 9.49616385526e-10], "max": [3.03703641891, 32.0486755371, 69.4341125488, 115.174377441, 371.156707764, 636.296203613, 304.825775146, 545.672119141, 850.032287598, 1790.85571289, 1764.05480957, 3735.68066406, 4564.07421875, 2416.91723633, 2605.94189453, 2222.53759766, 2277.0480957, 1419.76257324, 1458.64147949, 707.175964355, 500.211395264, 283.734985352, 166.343460083, 102.852584839, 82.8011398315, 55.2611198425, 4.53315019608, 5.64883565903, 17.3647212982, 32.6669120789, 43.7414855957, 49.141368866, 39.0245857239, 25.0594539642, 8.15969562531, 1.7152107954, 0.187694191933, 0.00893983244896, 0.000871014723089, 0.000239960369072], "mean": [0.321618169546, 4.63731098175, 8.60893440247, 6.72447443008, 15.2015275955, 15.7039451599, 15.5675325394, 10.6392717361, 12.3113107681, 36.2147979736, 36.9458885193, 62.1731109619, 78.8494796753, 54.3683013916, 44.0290031433, 35.1869888306, 19.9785194397, 24.947933197, 26.6132583618, 15.7270812988, 9.59680557251, 5.79636716843, 3.91932678223, 2.90882325172, 2.33656859398, 0.859013438225, 0.1979342103, 0.192833259702, 0.419150173664, 0.825701713562, 1.04862427711, 1.60201716423, 1.3551286459, 0.916497528553, 0.324608713388, 0.0569942481816, 0.00479281693697, 0.000207859047805, 3.53583709511e-05, 5.26105177414e-05], "median": [0.0917217582464, 1.87380850315, 4.11496067047, 2.1371307373, 3.82501721382, 5.59581613541, 6.2132806778, 4.23289489746, 3.9514875412, 8.73298454285, 10.2186498642, 12.1066532135, 10.7366981506, 9.35622215271, 9.41670513153, 6.90077018738, 4.74088096619, 5.60227060318, 4.95641517639, 3.90491390228, 2.54218626022, 1.66306209564, 1.58081257343, 1.24138247967, 0.911981761456, 0.31222948432, 0.0864978581667, 0.0919999480247, 0.182649433613, 0.413117289543, 0.461311846972, 0.468280673027, 0.327646821737, 0.191988989711, 0.063503742218, 0.0102205285802, 0.000905877444893, 7.04742851667e-05, 2.73583609669e-05, 4.63593460154e-05], "min": [1.40569270403e-22, 6.97606990318e-22, 4.17114992337e-21, 2.15409689918e-20, 1.00003208614e-19, 4.94462669091e-19, 5.67703101683e-19, 9.99749410088e-19, 8.01007532297e-19, 9.80567091683e-19, 3.47636755855e-18, 4.9763235282e-18, 4.47663323274e-18, 3.50009399365e-18, 2.97324115482e-18, 3.14376195655e-18, 2.5540806143e-18, 5.85522484933e-18, 3.51871507001e-18, 3.82288881999e-18, 9.58191215048e-18, 1.22294931253e-17, 1.16237487627e-17, 1.17036147053e-17, 1.4963650959e-17, 1.28310436822e-17, 1.68113623435e-17, 2.88607914844e-17, 2.19267101173e-17, 1.60899979837e-17, 1.41992119959e-17, 1.5631225418e-17, 1.13847688392e-17, 1.87692839642e-17, 9.39184589805e-18, 5.73996632995e-18, 3.0024466275e-18, 1.21133249141e-18, 3.58810761349e-19, 3.15679134367e-20], "var": [0.271521449089, 31.4084682465, 123.245834351, 100.175132751, 836.550720215, 1574.10571289, 699.170593262, 479.667419434, 1024.98474121, 9483.58007812, 8743.32910156, 25639, 62889.4882812, 18290.3671875, 12759.953125, 9253.76464844, 3759.18237305, 5284.52197266, 5073.16113281, 1256.85229492, 455.298583984, 156.792175293, 59.0838356018, 28.307806015, 20.1691837311, 4.36820650101, 0.0994043946266, 0.086005859077, 0.565109610558, 1.66934728622, 3.14543938637, 9.43179702759, 6.24179410934, 3.20082163811, 0.382291048765, 0.014611245133, 0.000135757829412, 1.76120693141e-07, 1.61098490103e-09, 1.52670531772e-09]}, "gfcc": {"mean": [-55.7944869995, 115.827255249, -100.530853271, 12.3494129181, -60.4805870056, 32.4114303589, -50.1723594666, 17.9004173279, -17.6123714447, -11.798116684, -5.51124811172, -8.28064060211, -6.13474321365], "cov": [[12964.2832031, 2722.39038086, -532.53515625, -180.897720337, -183.922134399, 543.959838867, -462.225219727, 239.431030273, 28.9600753784, -438.471801758, 156.013580322, -343.91229248, 17.4421081543], [2722.39038086, 1845.56848145, 410.662658691, 300.41696167, 554.051696777, 185.115722656, 440.037231445, 48.5886917114, 219.99798584, -142.389175415, 88.7381134033, -132.194549561, 6.13873720169], [-532.53515625, 410.662658691, 1992.38793945, 978.890563965, 568.173522949, 366.182434082, 95.2894744873, 67.8803863525, 58.7099113464, 7.25894117355, -61.6113204956, -33.440700531, -71.6099777222], [-180.897720337, 300.41696167, 978.890563965, 941.997558594, 509.630828857, 188.22895813, 71.1748504639, 11.2311458588, 150.830474854, 16.8429431915, -17.5587520599, -42.0833854675, 3.72486686707], [-183.922134399, 554.051696777, 568.173522949, 509.630828857, 754.33984375, 209.190689087, 293.45880127, 84.9932937622, 134.251327515, 33.3037872314, -7.37045526505, -47.6530151367, -5.5746088028], [543.959838867, 185.115722656, 366.182434082, 188.22895813, 209.190689087, 379.687347412, 124.318870544, 80.7558822632, 45.3811798096, -20.2528915405, 33.6188163757, -19.2370357513, -26.6832942963], [-462.225219727, 440.037231445, 95.2894744873, 71.1748504639, 293.45880127, 124.318870544, 593.145080566, 96.6642532349, 83.743057251, -6.61405706406, 39.3110618591, 7.53959703445, 8.04461574554], [239.431030273, 48.5886917114, 67.8803863525, 11.2311458588, 84.9932937622, 80.7558822632, 96.6642532349, 207.839614868, 40.109161377, 14.7282514572, 31.1416034698, -6.41921806335, 0.54560315609], [28.9600753784, 219.99798584, 58.7099113464, 150.830474854, 134.251327515, 45.3811798096, 83.743057251, 40.109161377, 261.512451172, 42.9175834656, 42.2110099792, -4.92050361633, 18.242477417], [-438.471801758, -142.389175415, 7.25894117355, 16.8429431915, 33.3037872314, -20.2528915405, -6.61405706406, 14.7282514572, 42.9175834656, 174.212036133, 22.7244739532, 20.0439090729, -6.43547487259], [156.013580322, 88.7381134033, -61.6113204956, -17.5587520599, -7.37045526505, 33.6188163757, 39.3110618591, 31.1416034698, 42.2110099792, 22.7244739532, 146.90687561, 18.1223106384, -6.05790376663], [-343.91229248, -132.194549561, -33.440700531, -42.0833854675, -47.6530151367, -19.2370357513, 7.53959703445, -6.41921806335, -4.92050361633, 20.0439090729, 18.1223106384, 120.785507202, 26.6097640991], [17.4421081543, 6.13873720169, -71.6099777222, 3.72486686707, -5.5746088028, -26.6832942963, 8.04461574554, 0.54560315609, 18.242477417, -6.43547487259, -6.05790376663, 26.6097640991, 94.1720352173]], "icov": [[0.000388284883229, -0.00101045297924, 0.000470809318358, -0.000402201316319, 0.000652230984997, -0.000910564209335, 0.000925603555515, -0.000840574968606, 0.000550905417185, -0.000138826435432, 0.000382662576158, -8.94539607543e-06, -1.47852879309e-05], [-0.00101045297924, 0.00374439987354, -0.00150652055163, 0.0014775126474, -0.00239697075449, 0.00257217697799, -0.00284543028101, 0.00263737561181, -0.00215017423034, 0.00149935169611, -0.00191975734197, 0.00113388628233, -0.000371151545551], [0.000470809318358, -0.00150652055163, 0.00193961849436, -0.00191692844965, 0.000988020794466, -0.00176608515903, 0.00124160083942, -0.00144558877219, 0.00130499259103, -0.000527629279532, 0.00126525433734, -0.000760936294682, 0.0010296816472], [-0.000402201316319, 0.0014775126474, -0.00191692844965, 0.00385098904371, -0.00229059555568, 0.00120468484238, -0.00061485520564, 0.00181534222793, -0.00193540018518, 0.000773095234763, -0.00115534802899, 0.000958882505074, -0.00130157254171], [0.000652230984997, -0.00239697075449, 0.000988020794466, -0.00229059555568, 0.00451813871041, -0.00221500941552, 0.00066484947456, -0.00207256549038, 0.00115788134281, -0.00156593264546, 0.00181601324584, -3.73027651221e-05, 0.000268461415544], [-0.000910564209335, 0.00257217697799, -0.00176608515903, 0.00120468484238, -0.00221500941552, 0.00607235589996, -0.00248726340942, 0.00118954863865, -0.00158720149193, 0.00133933860343, -0.00204251566902, 0.000358569086529, 0.000571691023652], [0.000925603555515, -0.00284543028101, 0.00124160083942, -0.00061485520564, 0.00066484947456, -0.00248726340942, 0.00480075506493, -0.00268800090998, 0.00122167053632, -0.000301530613797, 0.00088406004943, -0.000956757925451, -7.47306012272e-06], [-0.000840574968606, 0.00263737561181, -0.00144558877219, 0.00181534222793, -0.00207256549038, 0.00118954863865, -0.00268800090998, 0.00787574052811, -0.00197848305106, 0.000297109159874, -0.00205547478981, 0.0010408309754, -0.000811691745184], [0.000550905417185, -0.00215017423034, 0.00130499259103, -0.00193540018518, 0.00115788134281, -0.00158720149193, 0.00122167053632, -0.00197848305106, 0.00634313328192, -0.00198106910102, 4.54872824776e-05, -0.000356499687769, -0.000627543893643], [-0.000138826435432, 0.00149935169611, -0.000527629279532, 0.000773095234763, -0.00156593264546, 0.00133933860343, -0.000301530613797, 0.000297109159874, -0.00198106910102, 0.00776126468554, -0.00182806595694, -0.000243404618232, 0.000672343128826], [0.000382662576158, -0.00191975734197, 0.00126525433734, -0.00115534802899, 0.00181601324584, -0.00204251566902, 0.00088406004943, -0.00205547478981, 4.54872824776e-05, -0.00182806595694, 0.00933082867414, -0.00229349592701, 0.00164179573767], [-8.94539607543e-06, 0.00113388628233, -0.000760936294682, 0.000958882505074, -3.73027651221e-05, 0.000358569086529, -0.000956757925451, 0.0010408309754, -0.000356499687769, -0.000243404618232, -0.00229349592701, 0.0109620047733, -0.00370631623082], [-1.47852879309e-05, -0.000371151545551, 0.0010296816472, -0.00130157254171, 0.000268461415544, 0.000571691023652, -7.47306012272e-06, -0.000811691745184, -0.000627543893643, 0.000672343128826, 0.00164179573767, -0.00370631623082, 0.0129838855937]]}, "melbands": {"dmean": [0.00148011185229, 0.00194361247122, 0.000851530989166, 0.00100338214543, 0.000498598965351, 0.000167220670846, 0.000163336735568, 0.000326515204506, 0.000196589564439, 0.000228703866014, 0.00020801089704, 0.000133858062327, 0.000102714271634, 8.33127633086e-05, 4.83531257487e-05, 3.48737012246e-05, 3.12483534799e-05, 2.94751498586e-05, 2.45223236561e-05, 1.06011029857e-05, 6.72585611028e-06, 4.07523566537e-06, 2.85199871541e-06, 2.03515628527e-06, 1.50166465573e-06, 1.177975264e-06, 8.90102967332e-07, 2.4335227522e-07, 9.47759275505e-08, 7.57785443284e-08, 9.548811164e-08, 1.56811893248e-07, 2.58429764699e-07, 3.24870825352e-07, 4.62183066929e-07, 6.42660666017e-07, 1.1538529634e-06, 9.10937785648e-07, 8.43967654873e-07, 8.11401719147e-07], "dmean2": [0.00220349337906, 0.00266098720022, 0.00130930030718, 0.00161217118148, 0.000821685243864, 0.000263329129666, 0.00025571079459, 0.000522843445651, 0.00030894370866, 0.000335526157869, 0.000296212849207, 0.00019822671311, 0.000152379579959, 0.000129005915369, 7.59018294048e-05, 5.32301855856e-05, 4.75647539133e-05, 4.53616594314e-05, 3.80770252377e-05, 1.61038879014e-05, 1.02440581031e-05, 6.18797412244e-06, 4.29719193562e-06, 3.13630857818e-06, 2.31811395679e-06, 1.78002471785e-06, 1.36332073453e-06, 3.75817165832e-07, 1.56794200734e-07, 1.26777592868e-07, 1.57008216206e-07, 2.48836812489e-07, 3.96683446979e-07, 4.90415914101e-07, 7.19776835467e-07, 1.05333367628e-06, 1.90675041267e-06, 1.39788392062e-06, 1.33168259708e-06, 1.29829777507e-06], "dvar": [5.52257733943e-06, 1.05664257717e-05, 2.57437613982e-06, 9.80642653303e-06, 9.93387061499e-07, 1.26817553792e-07, 1.78717357358e-07, 8.53083804486e-07, 3.25877437035e-07, 2.93042916155e-07, 3.67677728264e-07, 1.18805274951e-07, 8.89894664624e-08, 8.50704680033e-08, 2.46921345592e-08, 1.99112832888e-08, 1.01882253745e-08, 7.91044030279e-09, 4.72450389921e-09, 7.10738301546e-10, 2.68645883317e-10, 1.20012791371e-10, 6.06402358883e-11, 2.55865988119e-11, 1.48271082911e-11, 7.11478488971e-12, 5.62865335937e-12, 3.99199499412e-13, 3.48584584863e-14, 2.16018456784e-14, 3.03193546116e-14, 9.44768690906e-14, 2.71040595566e-13, 3.68233384323e-13, 7.50130101264e-13, 1.48454620992e-12, 5.01861833341e-12, 2.247569535e-12, 2.34710428176e-12, 2.13733891696e-12], "dvar2": [1.18157859106e-05, 1.90161863429e-05, 5.98899077886e-06, 2.53541984421e-05, 2.57319061348e-06, 3.03038376614e-07, 3.89796866784e-07, 2.05859441849e-06, 7.14276154667e-07, 5.8198457964e-07, 6.50319577744e-07, 2.48252973734e-07, 1.86800846791e-07, 2.08487932696e-07, 6.00230052328e-08, 4.4136164945e-08, 2.25554863675e-08, 1.69895706392e-08, 1.07983719744e-08, 1.60411617323e-09, 5.73584513219e-10, 2.45659464992e-10, 1.34937380714e-10, 5.55755858e-11, 3.40750865024e-11, 1.5056468225e-11, 1.25308990614e-11, 8.2251181777e-13, 8.97120377118e-14, 5.54435918834e-14, 7.41254388599e-14, 2.07464796211e-13, 5.99864721697e-13, 8.25083979004e-13, 1.74810946968e-12, 3.53863596411e-12, 1.30334874837e-11, 4.97863555937e-12, 5.52563984152e-12, 5.26973126594e-12], "max": [0.0297728236765, 0.0394929461181, 0.0181994698942, 0.0457545742393, 0.0106606530026, 0.0112893516198, 0.0124588916078, 0.0171207748353, 0.0189891755581, 0.0212702564895, 0.0221649110317, 0.0103933513165, 0.00986260641366, 0.00811135210097, 0.00414280686527, 0.00705250166357, 0.00309381773695, 0.00232788408175, 0.00186807278078, 0.000569811149035, 0.00048955983948, 0.000355258525815, 0.00022433346021, 0.000156057794811, 9.63782295003e-05, 6.03458138357e-05, 5.99452105234e-05, 2.93133689411e-05, 4.72776446259e-06, 2.58039040091e-06, 3.93223899664e-06, 9.11866482056e-06, 1.65814180946e-05, 1.80346305569e-05, 2.64862101176e-05, 2.6196885301e-05, 3.20556282531e-05, 2.38369248109e-05, 3.73173061234e-05, 1.60383624461e-05], "mean": [0.00405526673421, 0.00542090460658, 0.00150766165461, 0.00115195428953, 0.000589584640693, 0.000234651277424, 0.000224055533181, 0.000386997649912, 0.000308876915369, 0.000429584353697, 0.000397508149035, 0.000218914268771, 0.000158562252182, 0.00011400164658, 5.98396654823e-05, 4.49294093414e-05, 4.54743531009e-05, 4.17966148234e-05, 3.28727110173e-05, 1.41111113408e-05, 1.00376928458e-05, 6.48549485049e-06, 3.93101163354e-06, 3.08037374452e-06, 2.29318629863e-06, 1.78364302883e-06, 1.3527298961e-06, 3.7552584331e-07, 1.20650582858e-07, 8.92387106433e-08, 1.16238936698e-07, 1.99201750206e-07, 3.70416927353e-07, 4.78235278933e-07, 5.76268064378e-07, 7.18167086688e-07, 1.09444397367e-06, 9.79231458587e-07, 8.38649100388e-07, 7.62423951528e-07], "median": [0.00147251877934, 0.00253307307139, 0.000485247641336, 0.000388502434362, 0.000247241987381, 9.39322053455e-05, 6.50633592159e-05, 9.66818843153e-05, 6.11732102698e-05, 6.38880592305e-05, 4.48708087788e-05, 3.1373128877e-05, 2.92225922749e-05, 1.90580485651e-05, 8.84987002792e-06, 8.83009397512e-06, 8.21966204967e-06, 6.63274249746e-06, 6.24540689387e-06, 3.2125431062e-06, 2.54041810877e-06, 1.54256849783e-06, 1.17198646876e-06, 1.13956514269e-06, 8.85619215296e-07, 7.25417919512e-07, 4.23174526532e-07, 1.15854781768e-07, 4.02122140031e-08, 3.28533573679e-08, 4.76898662782e-08, 7.71305082026e-08, 1.62352222333e-07, 2.36422238231e-07, 2.53531254657e-07, 2.54049098203e-07, 2.88389287562e-07, 2.34344014416e-07, 1.74367855266e-07, 1.49824558093e-07], "min": [1.49433122554e-24, 1.60537592112e-24, 5.07234169955e-24, 1.98888968265e-23, 2.27356039549e-23, 2.20963268545e-23, 1.13244091056e-23, 1.55479025502e-23, 2.97108651179e-23, 2.82045320639e-23, 2.21286322863e-23, 1.55625453863e-23, 8.19152138462e-24, 8.86427774181e-24, 9.49236011708e-24, 4.12128547019e-24, 1.22682748679e-23, 5.99729728257e-24, 4.54679507032e-24, 5.38362857934e-24, 1.26189101296e-23, 1.35457593732e-23, 9.84253862835e-24, 1.07640141515e-23, 9.01711323131e-24, 1.11635714111e-23, 9.78281002491e-24, 8.12496519005e-24, 1.05591106868e-23, 1.30755761856e-23, 1.6774415597e-23, 1.255190034e-23, 9.34891286121e-24, 9.09228694242e-24, 6.93087511529e-24, 1.14155501503e-23, 8.03694409025e-24, 8.03639504306e-24, 8.84966803785e-24, 1.85921262497e-23], "var": [2.77714225376e-05, 4.45118894277e-05, 4.12714143749e-06, 8.3904078565e-06, 9.80120830718e-07, 2.14087705785e-07, 3.1274797152e-07, 9.60028046393e-07, 9.00111331248e-07, 1.1116846963e-06, 1.64965797467e-06, 3.29818959699e-07, 1.85159848343e-07, 1.08289277989e-07, 3.09088719064e-08, 2.66245461233e-08, 2.0420740654e-08, 1.47272771756e-08, 7.64939311892e-09, 1.09613862431e-09, 4.88184548342e-10, 2.20264098627e-10, 8.60739812758e-11, 4.1011943841e-11, 2.09897845632e-11, 1.18072175301e-11, 9.93429210422e-12, 1.05262532631e-12, 5.14674464343e-14, 2.61536245541e-14, 3.95377632544e-14, 1.50871258845e-13, 4.27410033364e-13, 5.60302401264e-13, 9.80850600393e-13, 1.86469372929e-12, 4.67742684862e-12, 3.22037231951e-12, 2.93874148106e-12, 2.22562181358e-12]}, "mfcc": {"mean": [-700.839538574, 148.614776611, 20.9959335327, -11.8111333847, 23.5743122101, -4.22414112091, -0.760819852352, 15.3568344116, -7.70510625839, 8.65964794159, 0.660544216633, -10.1113729477, 1.24086093903], "cov": [[6815.96582031, 1365.19189453, -220.677703857, -672.882080078, 349.678619385, -135.393692017, 35.6098365784, 323.04864502, -99.90259552, 184.902084351, 63.2473258972, -155.107955933, 99.0312271118], [1365.19189453, 1526.22912598, 87.6351318359, 253.307540894, 190.474563599, 246.195495605, 308.11895752, 304.406280518, 165.711517334, 163.055465698, 105.2448349, 71.0158996582, 62.2167243958], [-220.677703857, 87.6351318359, 1458.01098633, 527.72064209, 557.53338623, 320.853271484, 137.595962524, 138.669326782, 109.567214966, -8.55746650696, 65.999458313, 103.925170898, -27.1075572968], [-672.882080078, 253.307540894, 527.72064209, 882.313110352, 408.593322754, 340.636199951, 171.357040405, 83.8966217041, 236.076782227, 74.6632003784, 11.7467765808, 139.086608887, 18.3854789734], [349.678619385, 190.474563599, 557.53338623, 408.593322754, 738.452636719, 241.226776123, 78.3262634277, 115.598709106, 84.1541519165, 118.175819397, 53.294216156, 19.0400333405, 61.6670608521], [-135.393692017, 246.195495605, 320.853271484, 340.636199951, 241.226776123, 432.837127686, 170.269958496, 122.800361633, 161.065551758, 50.2472801208, 81.9853057861, 80.3332138062, -8.84630489349], [35.6098365784, 308.11895752, 137.595962524, 171.357040405, 78.3262634277, 170.269958496, 405.648010254, 175.968673706, 105.030250549, 74.1831130981, 42.288772583, 59.3637962341, 9.0273103714], [323.04864502, 304.406280518, 138.669326782, 83.8966217041, 115.598709106, 122.800361633, 175.968673706, 312.063079834, 91.4783096313, 57.7736129761, 78.5699157715, -0.356641560793, 45.217414856], [-99.90259552, 165.711517334, 109.567214966, 236.076782227, 84.1541519165, 161.065551758, 105.030250549, 91.4783096313, 249.319732666, 66.7907562256, 15.3837194443, 81.6053848267, -8.84860897064], [184.902084351, 163.055465698, -8.55746650696, 74.6632003784, 118.175819397, 50.2472801208, 74.1831130981, 57.7736129761, 66.7907562256, 182.879043579, 58.2628173828, 21.8793315887, 50.7229995728], [63.2473258972, 105.2448349, 65.999458313, 11.7467765808, 53.294216156, 81.9853057861, 42.288772583, 78.5699157715, 15.3837194443, 58.2628173828, 148.39642334, 41.5126838684, 25.3364028931], [-155.107955933, 71.0158996582, 103.925170898, 139.086608887, 19.0400333405, 80.3332138062, 59.3637962341, -0.356641560793, 81.6053848267, 21.8793315887, 41.5126838684, 195.801177979, 31.5673236847], [99.0312271118, 62.2167243958, -27.1075572968, 18.3854789734, 61.6670608521, -8.84630489349, 9.0273103714, 45.217414856, -8.84860897064, 50.7229995728, 25.3364028931, 31.5673236847, 140.782119751]], "icov": [[0.000258393381955, -0.000268761737971, 1.27308439914e-05, 0.000374092633137, -0.000287728587864, 6.89934531692e-05, 0.000101865094621, -0.000132607790874, 7.74743512011e-06, -7.98028559075e-05, 0.00018399542023, -4.53056454717e-05, 6.33234449197e-05], [-0.000268761737971, 0.00120131950825, 0.000108396576252, -0.000489832425956, 0.000274781283224, -0.000260480446741, -0.00035471355659, -0.000524367031176, 7.08273146302e-05, -0.000347284250893, -0.000155714573339, -0.000126482031192, -1.66131339938e-05], [1.27308439914e-05, 0.000108396576252, 0.00124176719692, -0.000332440948114, -0.000837991654407, -0.000123231860925, -7.30625033611e-05, -0.000426341488492, 0.000289291376248, 0.000678083626553, -0.000249182747211, -0.000550063501578, 0.000668659515213], [0.000374092633137, -0.000489832425956, -0.000332440948114, 0.00302373128943, -0.00115551427007, -0.000767344317865, -9.86605082289e-05, 0.000332314666593, -0.00127053505275, -5.4555850511e-05, 0.00118483381812, -0.000713139364962, -0.000261574517936], [-0.000287728587864, 0.000274781283224, -0.000837991654407, -0.00115551427007, 0.00318460469134, -0.000874201301485, 0.000397623894969, -0.000128773637698, 0.000608759408351, -0.00156394310761, 0.000150590887642, 0.000915603653993, -0.000994177768007], [6.89934531692e-05, -0.000260480446741, -0.000123231860925, -0.000767344317865, -0.000874201301485, 0.00496905017644, -0.000970830267761, 0.00015503517352, -0.00176497211214, 0.00121737830341, -0.00240948377177, 9.59688113653e-05, 0.000713255431037], [0.000101865094621, -0.00035471355659, -7.30625033611e-05, -9.86605082289e-05, 0.000397623894969, -0.000970830267761, 0.00419235927984, -0.00220122397877, 0.000661252357531, -0.00151409662794, 0.0013006121153, -0.00112313800491, 0.000891777744982], [-0.000132607790874, -0.000524367031176, -0.000426341488492, 0.000332314666593, -0.000128773637698, 0.00015503517352, -0.00220122397877, 0.00683144433424, -0.00267966021784, 0.00157652830239, -0.00309891160578, 0.00271696271375, -0.00257529970258], [7.74743512011e-06, 7.08273146302e-05, 0.000289291376248, -0.00127053505275, 0.000608759408351, -0.00176497211214, 0.000661252357531, -0.00267966021784, 0.00839457567781, -0.00311095430516, 0.00265474198386, -0.00292005040683, 0.00245105987415], [-7.98028559075e-05, -0.000347284250893, 0.000678083626553, -5.4555850511e-05, -0.00156394310761, 0.00121737830341, -0.00151409662794, 0.00157652830239, -0.00311095430516, 0.00964410975575, -0.00392732024193, 0.00132040702738, -0.00255994475447], [0.00018399542023, -0.000155714573339, -0.000249182747211, 0.00118483381812, 0.000150590887642, -0.00240948377177, 0.0013006121153, -0.00309891160578, 0.00265474198386, -0.00392732024193, 0.0113596105948, -0.00311682000756, 0.000667590007652], [-4.53056454717e-05, -0.000126482031192, -0.000550063501578, -0.000713139364962, 0.000915603653993, 9.59688113653e-05, -0.00112313800491, 0.00271696271375, -0.00292005040683, 0.00132040702738, -0.00311682000756, 0.00836188811809, -0.00309399398975], [6.33234449197e-05, -1.66131339938e-05, 0.000668659515213, -0.000261574517936, -0.000994177768007, 0.000713255431037, 0.000891777744982, -0.00257529970258, 0.00245105987415, -0.00255994475447, 0.000667590007652, -0.00309399398975, 0.0101291602477]]}, "spectral_contrast_coeffs": {"dmean": [0.0569013878703, 0.0572361834347, 0.0456452891231, 0.0367017053068, 0.0365102104843, 0.0192352607846], "dmean2": [0.0911545306444, 0.0895946472883, 0.06894633919, 0.056550629437, 0.05407525599, 0.0298819672316], "dvar": [0.00276509462856, 0.002468847204, 0.00153323763516, 0.00102252082434, 0.00102625286672, 0.00027622844209], "dvar2": [0.00655832514167, 0.00550900679082, 0.00316324969754, 0.00215955171734, 0.00209023011848, 0.000610938528553], "max": [-0.269872993231, -0.351750463247, -0.387819707394, -0.519950449467, -0.508167505264, -0.669859349728], "mean": [-0.611277282238, -0.708974182606, -0.73499339819, -0.776653945446, -0.757154166698, -0.831005871296], "median": [-0.614260792732, -0.717412531376, -0.746938347816, -0.784403324127, -0.75730907917, -0.834267735481], "min": [-0.993844211102, -0.983569979668, -0.963216602802, -0.963754117489, -0.961602210999, -0.960021495819], "var": [0.00942898355424, 0.00895203929394, 0.00975151360035, 0.00467058224604, 0.0043319016695, 0.000802095513791]}, "spectral_contrast_valleys": {"dmean": [0.558599412441, 0.506476998329, 0.416318625212, 0.376613050699, 0.355450630188, 0.477266281843], "dmean2": [0.827856838703, 0.793218433857, 0.620730161667, 0.537779152393, 0.528079688549, 0.61375951767], "dvar": [0.305156767368, 0.234333798289, 0.166503816843, 0.13477666676, 0.110380575061, 0.223286107183], "dvar2": [0.517280936241, 0.487821906805, 0.298988848925, 0.224257811904, 0.208160683513, 0.43486982584], "max": [-4.78759908676, -4.8139796257, -5.