{"lowlevel": {"average_loudness": 0.673241913319, "barkbands_crest": {"dmean": 1.69983375072, "dmean2": 2.70303702354, "dvar": 3.87579202652, "dvar2": 10.4504442215, "max": 25.9215774536, "mean": 10.5742225647, "median": 9.58480072021, "min": 3.8405725956, "var": 16.1640491486}, "barkbands_flatness_db": {"dmean": 0.0151234408841, "dmean2": 0.0240600872785, "dvar": 0.000299844978144, "dvar2": 0.000730537460186, "max": 0.526707053185, "mean": 0.294768244028, "median": 0.294732749462, "min": 0.063894726336, "var": 0.00171750283334}, "barkbands_kurtosis": {"dmean": 1.18708205223, "dmean2": 1.91514003277, "dvar": 8.3355884552, "dvar2": 21.8732738495, "max": 145.832427979, "mean": 2.31342244148, "median": 1.58638525009, "min": -1.75197291374, "var": 15.1673336029}, "barkbands_skewness": {"dmean": 0.373634517193, "dmean2": 0.608810126781, "dvar": 0.193725258112, "dvar2": 0.524425268173, "max": 10.8327455521, "mean": 0.793690264225, "median": 0.809594392776, "min": -2.99807453156, "var": 0.665371716022}, "barkbands_spread": {"dmean": 1.70543730259, "dmean2": 2.74924445152, "dvar": 5.25836992264, "dvar2": 13.2956209183, "max": 114.453140259, "mean": 8.84695529938, "median": 7.70451164246, "min": 0.47263365984, "var": 41.0838661194}, "dissonance": {"dmean": 0.0263532288373, "dmean2": 0.0448542460799, "dvar": 0.000743248383515, "dvar2": 0.00204386562109, "max": 0.499830067158, "mean": 0.407559037209, "median": 0.413464546204, "min": 0.157055705786, "var": 0.00260111107491}, "dynamic_complexity": 4.546916008, "erbbands_crest": {"dmean": 1.67049920559, "dmean2": 2.45001411438, "dvar": 3.50392436981, "dvar2": 7.61298274994, "max": 32.1101493835, "mean": 12.2006902695, "median": 11.2082118988, "min": 2.87512803078, "var": 25.2671890259}, "erbbands_flatness_db": {"dmean": 0.00980678759515, "dmean2": 0.0147459385917, "dvar": 0.000128188708914, "dvar2": 0.000256216706475, "max": 0.465253412724, "mean": 0.350799322128, "median": 0.354246735573, "min": 0.033423550427, "var": 0.00161386886612}, "erbbands_kurtosis": {"dmean": 0.54857480526, "dmean2": 0.789759457111, "dvar": 0.933246433735, "dvar2": 1.72135305405, "max": 46.909526825, "mean": 0.687209844589, "median": 0.117468833923, "min": -1.7140007019, "var": 5.04996490479}, "erbbands_skewness": {"dmean": 0.182998418808, "dmean2": 0.257979094982, "dvar": 0.0468811839819, "dvar2": 0.0906845256686, "max": 4.78695774078, "mean": 0.59692800045, "median": 0.560410439968, "min": -2.05342149734, "var": 0.408328175545}, "erbbands_spread": {"dmean": 1.5849827528, "dmean2": 2.29505443573, "dvar": 3.65023469925, "dvar2": 7.78773641586, "max": 111.778076172, "mean": 14.3751354218, "median": 13.7042360306, "min": 1.86867392063, "var": 34.9773025513}, "hfc": {"dmean": 2.01340460777, "dmean2": 2.45712685585, "dvar": 10.771522522, "dvar2": 17.2271461487, "max": 102.448028564, "mean": 11.7712478638, "median": 9.48924255371, "min": 1.20059799903e-16, "var": 98.7177886963}, "melbands_crest": {"dmean": 2.02257990837, "dmean2": 3.0802295208, "dvar": 5.49475669861, "dvar2": 12.0524950027, "max": 38.253578186, "mean": 13.8006000519, "median": 12.5185222626, "min": 1.82790052891, "var": 29.1075534821}, "melbands_flatness_db": {"dmean": 0.0152787417173, "dmean2": 0.023047754541, "dvar": 0.000294705416309, "dvar2": 0.000535153434612, "max": 0.596996188164, "mean": 0.396932512522, "median": 0.401369422674, "min": 0.00430318247527, "var": 0.00364438793622}, "melbands_kurtosis": {"dmean": 1.07994186878, "dmean2": 1.5904519558, "dvar": 2.50898957253, "dvar2": 5.06544589996, "max": 58.9891433716, "mean": 3.41486334801, "median": 2.72134780884, "min": -1.68898701668, "var": 12.6692419052}, "melbands_skewness": {"dmean": 0.266629248857, "dmean2": 0.395716577768, "dvar": 0.082647703588, "dvar2": 0.184150978923, "max": 6.98899793625, "mean": 1.1953971386, "median": 1.19542455673, "min": -2.24701619148, "var": 0.535757780075}, "melbands_spread": {"dmean": 1.62320554256, "dmean2": 2.39230155945, "dvar": 10.4062242508, "dvar2": 18.9525089264, "max": 249.625152588, "mean": 12.1645965576, "median": 9.93065261841, "min": 1.3951458931, "var": 298.394958496}, "pitch_salience": {"dmean": 0.0473164767027, "dmean2": 0.0749673619866, "dvar": 0.00234568864107, "dvar2": 0.00591863086447, "max": 0.853826761246, "mean": 0.590306997299, "median": 0.602458000183, "min": 0.064876370132, "var": 0.0119059290737}, "silence_rate_20dB": {"dmean": 0, "dmean2": 0, "dvar": 0, "dvar2": 0, "max": 1, "mean": 1, "median": 1, "min": 1, "var": 0}, "silence_rate_30dB": {"dmean": 0.00118121865671, "dmean2": 0.00236266991124, "dvar": 0.00117978022899, "dvar2": 0.00255404994823, "max": 1, "mean": 0.996751964092, "median": 1, "min": 0, "var": 0.00323757273145}, "silence_rate_60dB": {"dmean": 0.0145683633164, "dmean2": 0.0291395951062, "dvar": 0.0143572064117, "dvar2": 0.0312461182475, "max": 1, "mean": 0.096358269453, "median": 0, "min": 0, "var": 0.0870679914951}, "spectral_centroid": {"dmean": 42.1141319275, "dmean2": 60.4695739746, "dvar": 8595.55664062, "dvar2": 12040.8935547, "max": 11257.5732422, "mean": 632.90246582, "median": 574.236938477, "min": 231.932693481, "var": 147997.53125}, "spectral_complexity": {"dmean": 1.29559993744, "dmean2": 2.04764723778, "dvar": 2.22505426407, "dvar2": 4.21445083618, "max": 33, "mean": 13.0874996185, "median": 13, "min": 0, "var": 30.1182765961}, "spectral_decrease": {"dmean": 1.01285890786e-09, "dmean2": 1.35002586887e-09, "dvar": 1.90590147271e-18, "dvar2": 3.18642358985e-18, "max": 1.75227505744e-15, "mean": -5.76962078114e-09, "median": -4.69780836454e-09, "min": -3.86910699035e-08, "var": 2.23765987632e-17}, "spectral_energy": {"dmean": 0.00399132631719, "dmean2": 0.00528996996582, "dvar": 2.99387247651e-05, "dvar2": 4.96794091305e-05, "max": 0.154252931476, "mean": 0.0228435657918, "median": 0.0186096429825, "min": 1.05577997199e-20, "var": 0.000350277114194}, "spectral_energyband_high": {"dmean": 2.24383074965e-06, "dmean2": 2.97773522107e-06, "dvar": 8.78677131055e-11, "dvar2": 1.88917798072e-10, "max": 0.000279936706647, "mean": 4.76616742162e-06, "median": 7.38622304652e-07, "min": 7.52456476436e-21, "var": 1.78478370971e-10}, "spectral_energyband_low": {"dmean": 0.000565436377656, "dmean2": 0.000901629100554, "dvar": 6.93116874118e-07, "dvar2": 1.69482450474e-06, "max": 0.0281453933567, "mean": 0.00198998232372, "median": 0.000929533969611, "min": 6.39045049049e-23, "var": 8.33148897073e-06}, "spectral_energyband_middle_high": {"dmean": 0.000826969800983, "dmean2": 0.00113442749716, "dvar": 3.48475487044e-06, "dvar2": 7.16999647921e-06, "max": 0.0385169200599, "mean": 0.00340344407596, "median": 0.00250752968714, "min": 1.55843180104e-21, "var": 1.13067117127e-05}, "spectral_energyband_middle_low": {"dmean": 0.00315018068068, "dmean2": 0.00407843338326, "dvar": 2.23732240556e-05, "dvar2": 3.68464898202e-05, "max": 0.131999745965, "mean": 0.0175831019878, "median": 0.0133868847042, "min": 3.54181002178e-22, "var": 0.000255352060776}, "spectral_entropy": {"dmean": 0.104998014867, "dmean2": 0.154817849398, "dvar": 0.0213116090745, "dvar2": 0.0431073866785, "max": 9.82107543945, "mean": 6.08944606781, "median": 6.06439971924, "min": 4.89668750763, "var": 0.176393732429}, "spectral_flux": {"dmean": 0.0142135014758, "dmean2": 0.0229840930551, "dvar": 0.000292020878987, "dvar2": 0.000660685123876, "max": 0.206033974886, "mean": 0.0392203480005, "median": 0.0327524319291, "min": 1.02751154807e-10, "var": 0.000690364511684}, "spectral_kurtosis": {"dmean": 23.0652351379, "dmean2": 40.7132530212, "dvar": 410.863830566, "dvar2": 1184.19616699, "max": 262.770355225, "mean": 54.0695571899, "median": 48.3667907715, "min": -1.20702016354, "var": 1188.78515625}, "spectral_rms": {"dmean": 0.00040509577957, "dmean2": 0.000540891545825, "dvar": 2.17230393673e-07, "dvar2": 3.65134695812e-07, "max": 0.0122674638405, "mean": 0.00429989630356, "median": 0.00426095630974, "min": 3.20940691557e-12, "var": 3.79723928745e-06}, "spectral_rolloff": {"dmean": 88.2837677002, "dmean2": 150.752761841, "dvar": 53993, "dvar2": 103578.890625, "max": 19918.2128906, "mean": 878.959960938, "median": 689.0625, "min": 21.533203125, "var": 2242765.75}, "spectral_skewness": {"dmean": 1.41846990585, "dmean2": 2.50756573677, "dvar": 1.2904381752, "dvar2": 3.85098099709, "max": 13.0993900299, "mean": 4.52317667007, "median": 4.25691747665, "min": -0.0376861691475, "var": 3.61776566505}, "spectral_spread": {"dmean": 221432.46875, "dmean2": 388014.5, "dvar": 156152512512, "dvar2": 316148973568, "max": 40775528, "mean": 1234504.875, "median": 1089303, "min": 395739.53125, "var": 1677596164100.0}, "spectral_strongpeak": {"dmean": 0.352829039097, "dmean2": 0.57744461298, "dvar": 0.253390729427, "dvar2": 0.601618766785, "max": 5.43609571457, "mean": 1.28980016708, "median": 1.10549390316, "min": 0, "var": 1.00624811649}, "zerocrossingrate": {"dmean": 0.00267528533004, "dmean2": 0.00339802028611, "dvar": 3.44501604559e-05, "dvar2": 4.98985464219e-05, "max": 0.7177734375, "mean": 0.0320220701396, "median": 0.02734375, "min": 0.00146484375, "var": 0.00268521974795}, "barkbands": {"dmean": [0.000800646143034, 0.000143245750223, 0.000254881480942, 0.00016650253383, 0.00107775279321, 0.000996493850835, 0.000899157661479, 0.000961114652455, 0.000280591542833, 0.000367751228623, 0.000368188921129, 0.000134675850859, 7.30836327421e-05, 0.000127851133584, 0.000100836427009, 5.21022338944e-05, 3.85404782719e-05, 1.12497718874e-05, 1.02763324321e-05, 2.15199975173e-06, 7.45903321331e-07, 4.16896170918e-07, 6.43648476739e-08, 4.74941996842e-09, 1.47001522066e-09, 9.88731652107e-10, 1.90949900336e-09], "dmean2": [0.00142365845386, 0.00023159639386, 0.000416634808062, 0.000284050125629, 0.00159800739493, 0.00152223417535, 0.00108248146717, 0.00132425990887, 0.000392824731534, 0.000528034870513, 0.000495738931932, 0.000199770380277, 0.000100674602436, 0.000188238729606, 0.000156321300892, 7.68955651438e-05, 5.39460124855e-05, 1.55242069013e-05, 1.34690935738e-05, 3.14674412039e-06, 9.51437584717e-07, 6.21666572442e-07, 9.66980522321e-08, 6.95642876636e-09, 2.54343146544e-09, 1.81381720754e-09, 3.35439009902e-09], "dvar": [1.73016894678e-06, 9.17686193702e-08, 3.10185811259e-07, 1.10805032705e-07, 4.94530922879e-06, 3.4429203879e-06, 5.32203966941e-06, 3.78677282242e-06, 7.10120559688e-07, 6.99307065588e-07, 1.94606104742e-06, 7.958760051e-08, 2.5300836981e-08, 6.68500419465e-08, 3.76156954474e-08, 1.27995534172e-08, 8.68712657365e-09, 6.48207987286e-10, 8.92315388246e-10, 9.29066268363e-11, 6.72359607226e-12, 4.77863018253e-12, 1.62410774933e-13, 8.51321369187e-16, 2.02316962738e-17, 2.33989770431e-18, 3.65992431315e-18], "dvar2": [5.2456002777e-06, 2.17522000412e-07, 7.74019099481e-07, 2.90315483653e-07, 1.10822948045e-05, 7.88808665675e-06, 6.29530859442e-06, 6.56914335195e-06, 1.07115363335e-06, 1.49978961872e-06, 4.18353056375e-06, 1.76834262788e-07, 4.5538993021e-08, 1.53524297275e-07, 9.15569913218e-08, 2.62205563928e-08, 1.71156244733e-08, 1.16498111158e-09, 1.43296374766e-09, 2.30337318663e-10, 1.27087585247e-11, 1.09552028907e-11, 3.83297912724e-13, 1.84896302133e-15, 5.00680678814e-17, 7.68576272361e-18, 1.16381342608e-17], "max": [0.0191803183407, 0.00896971579641, 0.0210655387491, 0.00811877753586, 0.0889081582427, 0.0565187484026, 0.103113956749, 0.0528064519167, 0.0378976613283, 0.0228216107935, 0.0305494163185, 0.00907533615828, 0.00681546144187, 0.00530185457319, 0.00558377197012, 0.00260038301349, 0.00286536384374, 0.000814436469227, 0.000905422843061, 0.000302543368889, 7.48505117372e-05, 6.45114560029e-05, 1.54458939505e-05, 1.51566337081e-06, 1.56604173185e-07, 2.15963797956e-08, 2.24849294739e-08], "mean": [0.000811111938674, 0.000302522297716, 0.00105923006777, 0.00043217552593, 0.00369722070172, 0.00367838493548, 0.00424602860585, 0.00388537044637, 0.00100521603599, 0.001295610331, 0.000781513692345, 0.000449644809123, 0.000234556151554, 0.000392569927499, 0.000289975403575, 0.000127441730001, 9.32937764446e-05, 2.91573960567e-05, 2.55468403338e-05, 4.64980848847e-06, 1.61811362887e-06, 6.52798689771e-07, 9.13096798172e-08, 6.57516308067e-09, 2.15796802649e-09, 2.27491203653e-09, 7.16561432412e-09], "median": [0.000330296636093, 9.00597660802e-05, 0.000146378748468, 0.000177217298187, 0.00190062937327, 0.00227548368275, 0.000994122237898, 0.00173363636713, 0.000286076974589, 0.000808580778539, 0.00023144230363, 0.000244129070779, 0.000120887692901, 0.00015867165348, 0.000141234209877, 5.12643237016e-05, 3.07157897623e-05, 9.51276524574e-06, 7.46656542105e-06, 8.63720060806e-07, 2.35234551837e-07, 2.80842620271e-08, 2.89777801754e-09, 1.21380550056e-09, 1.23027832366e-09, 1.89424098629e-09, 7.36372918198e-09], "min": [4.04286038998e-23, 1.56258293858e-23, 2.61794598559e-23, 6.59297956274e-24, 4.16823184484e-23, 8.85244372383e-23, 6.60253038061e-23, 4.07482093179e-23, 1.07437478415e-22, 2.60013129754e-23, 8.47359800726e-23, 7.7007352012e-23, 9.34571024371e-23, 1.19327480279e-22, 8.49412227475e-23, 1.29399858266e-22, 1.35330615525e-22, 2.96081005233e-22, 2.72829980073e-22, 3.8961272129e-22, 2.51890178526e-22, 5.07825484313e-22, 5.6367077795e-22, 8.69837565494e-22, 1.0134757825e-21, 1.65817643412e-21, 2.79190380012e-21], "var": [1.79290668711e-06, 5.35063293228e-07, 3.99876716983e-06, 4.67393249437e-07, 2.64677219093e-05, 1.65736619238e-05, 8.24468370411e-05, 2.85320020339e-05, 5.17328408023e-06, 2.43226486418e-06, 3.69714166482e-06, 3.39409552907e-07, 1.0826011021e-07, 3.20817292732e-07, 1.64299237326e-07, 4.56952164996e-08, 3.81448224118e-08, 2.87533019616e-09, 3.08800585103e-09, 1.56537435791e-10, 1.75167224475e-11, 7.703861854e-12, 2.67836994987e-13, 1.20820906651e-15, 2.11107278759e-17, 2.08683709874e-18, 5.45825715105e-18]}, "erbbands": {"dmean": [0.00564151862636, 0.0355836190283, 0.22418898344, 0.453113853931, 1.1758865118, 3.40085792542, 9.63092422485, 6.86979389191, 12.5193881989, 14.9812545776, 21.4622039795, 7.52350664139, 11.0261497498, 8.91197681427, 13.7837095261, 6.47264289856, 3.47108364105, 7.1350941658, 3.18161034584, 6.32044458389, 2.39402294159, 1.62972915173, 0.70186406374, 0.479966342449, 0.44120490551, 0.139363497496, 0.0403771921992, 0.0253064855933, 0.0160265825689, 0.00462691672146, 0.00145741400775, 0.000387149775634, 5.38865169801e-05, 2.18239201786e-05, 9.50448702497e-06, 4.74385115012e-06, 2.39350788434e-06, 8.0674470837e-07, 1.91775438907e-06, 4.49120352641e-06], "dmean2": [0.0085161998868, 0.0583769381046, 0.372062593699, 0.742199361324, 1.77156364918, 4.89316272736, 14.6414632797, 10.7504034042, 15.2258901596, 20.8488693237, 28.4719486237, 9.76128005981, 15.8974027634, 12.3524980545, 18.659488678, 9.34782600403, 4.70605707169, 10.5096998215, 4.40618515015, 10.1963710785, 3.42383360863, 2.29323124886, 0.943669974804, 0.699024915695, 0.541492581367, 0.193593233824, 0.0476554371417, 0.0356946773827, 0.023265529424, 0.00705503672361, 0.00209098309278, 0.000560669985134, 8.02486392786e-05, 3.58246652468e-05, 1.61368316185e-05, 7.94361312728e-06, 3.90160221286e-06, 1.38940015404e-06, 2.52465133599e-06, 5.9130848058e-06], "dvar": [5.96571262577e-05, 0.00701933726668, 0.234630584717, 0.827401340008, 12.9175405502, 51.4891586304, 435.92288208, 207.875854492, 1071.23095703, 1711.25683594, 1994.4543457, 432.300262451, 923.743469238, 387.190460205, 2899.40917969, 176.025802612, 55.4520301819, 203.726211548, 34.7384414673, 178.937332153, 31.9200210571, 16.7198448181, 2.54628181458, 1.33600890636, 2.81154227257, 0.34129986167, 0.0157960690558, 0.0128817316145, 0.00734832882881, 0.000672166002914, 0.000129138046759, 7.34947525416e-06, 7.49842072878e-08, 6.8298242617e-09, 4.0921219191e-10, 4.61913007843e-11, 1.03855474567e-11, 1.139655861e-12, 6.94164213957e-12, 3.8413033171e-11], "dvar2": [0.000127276405692, 0.0171367190778, 0.610558271408, 2.08614850044, 34.2159957886, 97.3709259033, 955.587036133, 519.420288086, 1271.11743164, 3155.77587891, 3167.50561523, 563.762268066, 1996.60168457, 778.025146484, 6386.20996094, 369.019348145, 96.7610855103, 464.50793457, 68.7209625244, 466.961517334, 66.1907653809, 33.221206665, 4.61707115173, 2.65554380417, 4.36924171448, 0.824139654636, 0.025916216895, 0.028222579509, 0.0162533093244, 0.00161271973047, 0.000268084957497, 1.58246384672e-05, 1.56033038934e-07, 1.61898459083e-08, 1.04727881922e-09, 1.30923286101e-10, 2.78911876234e-11, 3.42101173778e-12, 1.12732002552e-11, 6.32122340583e-11], "max": [0.213524118066, 2.27563595772, 14.2024011612, 35.5279121399, 194.045822144, 317.690002441, 473.497894287, 432.50177002, 1565.83728027, 1217.20458984, 1306.21984863, 1060.22766113, 850.533569336, 602.324951172, 1182.4498291, 490.53112793, 293.465240479, 360.805603027, 143.49597168, 446.225616455, 176.316757202, 140.957855225, 42.1438064575, 39.3378791809, 59.17760849, 17.7320404053, 3.36389517784, 3.1524503231, 2.9056520462, 1.24817550182, 0.728076398373, 0.117765069008, 0.013049130328, 0.00280115636997, 0.000572136545088, 0.000171425112057, 9.31333925109e-05, 2.858519656e-05, 7.86647942732e-05, 0.000176050074515], "mean": [0.0113443732262, 0.0805021300912, 0.785326421261, 1.87929153442, 4.14635562897, 12.7740402222, 30.0962600708, 24.7260532379, 63.8449440002, 51.4056510925, 96.1236724854, 33.741191864, 34.9611854553, 32.03698349, 31.2417354584, 22.9669361115, 13.1012983322, 21.8068962097, 11.4836425781, 15.3001317978, 6.56120824814, 4.23915863037, 1.96227836609, 1.24464178085, 1.03580653667, 0.306113153696, 0.0940498411655, 0.0473815836012, 0.0268812160939, 0.00696672080085, 0.00219668541104, 0.000534412509296, 9.47417574935e-05, 4.48989958386e-05, 2.84567158815e-05, 1.95184129552e-05, 1.15926577564e-05, 3.47479567608e-06, 1.18092148114e-05, 2.59953831119e-05], "median": [0.00590034201741, 0.0189202073961, 0.142113596201, 0.602956950665, 1.70158648491, 5.71608686447, 13.9807376862, 14.9003944397, 18.2233734131, 17.2001075745, 39.2465744019, 16.0590267181, 17.7982978821, 17.995223999, 11.4877548218, 13.2337141037, 7.68287658691, 10.1666898727, 6.60334873199, 7.67307806015, 2.98642396927, 1.53128194809, 0.679872751236, 0.465696364641, 0.22547082603, 0.0621291697025, 0.0160391815007, 0.0061484631151, 0.00152759009507, 0.00033705792157, 9.56591757131e-05, 5.11219986947e-05, 3.50497648469e-05, 2.74467111012e-05, 2.20543115574e-05, 1.62937158166e-05, 9.83854170045e-06, 3.05858179672e-06, 9.77288436843e-06, 2.11945116462e-05], "min": [5.45341235097e-22, 4.2966519631e-21, 2.52464893357e-20, 2.54662770405e-20, 1.05727673269e-19, 1.29924535031e-19, 3.68033721781e-19, 7.52199223266e-19, 1.30993107625e-18, 5.88792640087e-19, 9.16640816186e-19, 2.91139823709e-18, 9.00744576162e-19, 1.14200772504e-18, 4.30419006326e-18, 3.54077845849e-18, 3.58260153744e-18, 5.02048339238e-18, 3.99105091621e-18, 9.01195823866e-18, 5.77984222574e-18, 8.86127819109e-18, 1.64665521052e-17, 1.59305258334e-17, 1.41194138822e-17, 1.75080419796e-17, 1.22342485867e-17, 1.15024261823e-17, 1.8120243314e-17, 1.55773362554e-17, 1.67669907211e-17, 1.82537651541e-17, 1.43311158707e-17, 1.19709396269e-17, 6.69588933304e-18, 6.13523003617e-18, 3.25081505104e-18, 1.38276867189e-18, 3.93814615029e-19, 4.08602084065e-20], "var": [0.000312731746817, 0.0379648581147, 2.04016518593, 10.0305919647, 68.4134140015, 415.269287109, 1896.15881348, 852.207275391, 18482.8007812, 8875.22851562, 18657.890625, 3743.93334961, 2792.18066406, 1667.7442627, 5281.92285156, 856.571350098, 272.825256348, 868.960266113, 192.698272705, 481.168304443, 124.913726807, 82.5514907837, 11.8944272995, 5.1346988678, 8.73066139221, 0.61015278101, 0.0528256557882, 0.0223112292588, 0.0128073096275, 0.000908490968868, 0.000245231727604, 1.07175028461e-05, 1.24416828839e-07, 8.15953260513e-09, 7.10873804266e-10, 1.80914144776e-10, 5.61862847914e-11, 3.32501235746e-12, 8.10209122015e-11, 4.473712234e-10]}, "gfcc": {"mean": [-164.720687866, 233.979385376, -156.620040894, -41.5567131042, -18.5011005402, -40.9722213745, -19.9563045502, -13.6714487076, -10.7936325073, -5.93757820129, -5.0967168808, -8.11902046204, 1.47653961182], "cov": [[11027.2880859, 2123.61645508, -2603.42016602, 1002.76501465, -18.8833560944, -1058.94909668, 461.217590332, -498.291870117, 190.653045654, -134.051300049, -129.456634521, -369.56854248, -143.618988037], [2123.61645508, 1369.31604004, -162.88899231, -248.013137817, 297.5703125, -210.095291138, -93.5045623779, -27.8707275391, -71.7629470825, -58.3705825806, -17.2207260132, -168.343811035, -32.8785362244], [-2603.42016602, -162.88899231, 986.632751465, -315.219604492, 93.2617721558, 317.278442383, -196.529037476, 133.86289978, -51.0425186157, -0.73946249485, 30.4092121124, 40.2438812256, -12.7624292374], [1002.76501465, -248.013137817, -315.219604492, 532.225646973, -103.308555603, -28.9935932159, 152.589157104, -120.042289734, 94.1049880981, -20.4399261475, -67.1374588013, -6.00520181656, -62.9244270325], [-18.8833560944, 297.5703125, 93.2617721558, -103.308555603, 253.2215271, 5.38025093079, -65.2414474487, 48.451374054, -40.1576080322, -1.48637664318, -2.52001929283, -63.3860168457, -16.2664413452], [-1058.94909668, -210.095291138, 317.278442383, -28.9935932159, 5.38025093079, 254.325332642, -3.43283176422, 43.0008010864, 21.300611496, -14.996752739, 5.73331832886, 59.0146255493, -0.623528838158], [461.217590332, -93.5045623779, -196.529037476, 152.589157104, -65.2414474487, -3.43283176422, 157.524368286, -13.3675451279, 28.7153873444, 7.96307754517, -24.4218025208, 8.58801460266, 7.47286558151], [-498.291870117, -27.8707275391, 133.86289978, -120.042289734, 48.451374054, 43.0008010864, -13.3675451279, 115.521591187, 14.9391546249, 12.1826982498, 28.799413681, 4.77335596085, 3.51859140396], [190.653045654, -71.7629470825, -51.0425186157, 94.1049880981, -40.1576080322, 21.300611496, 28.7153873444, 14.9391546249, 111.62827301, 18.9665374756, -4.66575241089, 16.8419151306, -32.5099487305], [-134.051300049, -58.3705825806, -0.73946249485, -20.4399261475, -1.48637664318, -14.996752739, 7.96307754517, 12.1826982498, 18.9665374756, 82.6986236572, 27.9101295471, -3.28081202507, 7.60472297668], [-129.456634521, -17.2207260132, 30.4092121124, -67.1374588013, -2.52001929283, 5.73331832886, -24.4218025208, 28.799413681, -4.66575241089, 27.9101295471, 79.4381866455, 33.5604782104, 13.4205875397], [-369.56854248, -168.343811035, 40.2438812256, -6.00520181656, -63.3860168457, 59.0146255493, 8.58801460266, 4.77335596085, 16.8419151306, -3.28081202507, 33.5604782104, 103.827430725, 44.4090080261], [-143.618988037, -32.8785362244, -12.7624292374, -62.9244270325, -16.2664413452, -0.623528838158, 7.47286558151, 3.51859140396, -32.5099487305, 7.60472297668, 13.4205875397, 44.4090080261, 94.8216781616]], "icov": [[0.00154300325084, -0.00201234710403, 0.00159640295897, -0.00119720876683, 0.000275870319456, 0.00192265585065, -0.00236232671887, 0.00305512547493, -0.00396138336509, 0.00351080996916, -0.00416226917878, 0.00338912568986, -0.00144543952774], [-0.00201234710403, 0.00490296119824, -0.00274799112231, 0.00402911193669, -0.0033171698451, -0.000365617248463, 0.000358199991751, 0.000681839650497, 0.00132699706592, -0.000437324953964, 0.00263871112838, -0.00133405264933, 0.00107237370685], [0.00159640295897, -0.00274799112231, 0.00603439053521, -0.00219735899009, 0.00230411812663, -0.00347861694172, 0.00369308586232, -0.00236079888418, 0.00100954680238, -0.000537736341357, -0.000389180291677, 0.00160069612321, 0.000682720099576], [-0.00119720876683, 0.00402911193669, -0.00219735899009, 0.00883132498711, -0.00400346005335, 0.00122921413276, -0.00568678788841, 0.00825855880976, -0.00510200858116, 0.00346767692827, 0.000158853683388, 0.00046504184138, 0.0023439116776], [0.000275870319456, -0.0033171698451, 0.00230411812663, -0.00400346005335, 0.0103897461668, -0.00452586775646, 0.00688821170479, -0.00966374576092, 0.00726222526282, -0.00578830623999, 0.00394368544221, 0.000318234349834, 0.000736239890102], [0.00192265585065, -0.000365617248463, -0.00347861694172, 0.00122921413276, -0.00452586775646, 0.0154604166746, -0.0117254760116, 0.0109319929034, -0.0127044422552, 0.0117076765746, -0.00912183523178, 0.00300802197307, -0.0024359242525], [-0.00236232671887, 0.000358199991751, 0.00369308586232, -0.00568678788841, 0.00688821170479, -0.0117254760116, 0.0251182168722, -0.0202582199126, 0.0175102837384, -0.0166770592332, 0.016705583781, -0.00978985521942, 0.00270771118812], [0.00305512547493, 0.000681839650497, -0.00236079888418, 0.00825855880976, -0.00966374576092, 0.0109319929034, -0.0202582199126, 0.0374401770532, -0.0271751042455, 0.020859727636, -0.0226380005479, 0.0165438838303, -0.00688636209816], [-0.00396138336509, 0.00132699706592, 0.00100954680238, -0.00510200858116, 0.00726222526282, -0.0127044422552, 0.0175102837384, -0.0271751042455, 0.0381735302508, -0.0254379641265, 0.0235268548131, -0.0217650942504, 0.0139926699921], [0.00351080996916, -0.000437324953964, -0.000537736341357, 0.00346767692827, -0.00578830623999, 0.0117076765746, -0.0166770592332, 0.020859727636, -0.0254379641265, 0.0351463072002, -0.0256634447724, 0.0204344373196, -0.0104592833668], [-0.00416226917878, 0.00263871112838, -0.000389180291677, 0.000158853683388, 0.00394368544221, -0.00912183523178, 0.016705583781, -0.0226380005479, 0.0235268548131, -0.0256634447724, 0.0400635674596, -0.0254918355495, 0.0111967334524], [0.00338912568986, -0.00133405264933, 0.00160069612321, 0.00046504184138, 0.000318234349834, 0.00300802197307, -0.00978985521942, 0.0165438838303, -0.0217650942504, 0.0204344373196, -0.0254918355495, 0.0374104119837, -0.0175872519612], [-0.00144543952774, 0.00107237370685, 0.000682720099576, 0.0023439116776, 0.000736239890102, -0.0024359242525, 0.00270771118812, -0.00688636209816, 0.0139926699921, -0.0104592833668, 0.0111967334524, -0.0175872519612, 0.0228168033063]]}, "melbands": {"dmean": [7.18060327927e-05, 9.10717644729e-05, 8.6662825197e-05, 0.000141787153552, 0.00030743892421, 0.000166284298757, 0.000189263533684, 0.000163795950357, 0.000162214797456, 3.95097849832e-05, 5.54671169084e-05, 3.5338474845e-05, 5.38617059647e-05, 1.93612941075e-05, 9.73298301687e-06, 8.31243414723e-06, 1.47170421769e-05, 4.7789690143e-06, 7.44757289795e-06, 6.78734750181e-06, 2.77553613159e-06, 2.17910928768e-06, 1.00963563909e-06, 4.36578943663e-07, 4.36604182141e-07, 3.17133128647e-07, 2.00439870923e-07, 8.21442114329e-08, 2.58185206548e-08, 1.96711962275e-08, 1.34390107931e-08, 1.23000107877e-08, 2.94682744872e-09, 2.41197728457e-09, 8.18735579333e-10, 6.85139167622e-10, 7.84510165164e-11, 3.80827140656e-11, 2.03305341312e-11, 1.70895016888e-11], "dmean2": [0.000110552413389, 0.00015063767205, 0.000141336742672, 0.000196368331672, 0.000468488666229, 0.000255697610555, 0.000228690172662, 0.000233031110838, 0.000213066785363, 5.32107878826e-05, 8.04035662441e-05, 4.93457337143e-05, 7.28079758119e-05, 2.81011489278e-05, 1.379796322e-05, 1.15573229778e-05, 2.17724009417e-05, 6.65069183015e-06, 1.16529181469e-05, 1.06177394628e-05, 3.92628635382e-06, 3.0663625239e-06, 1.462297746e-06, 6.09080132108e-07, 6.56226291085e-07, 3.89504037912e-07, 2.59620577481e-07, 1.21663347841e-07, 3.19883675104e-08, 2.6072052961e-08, 1.95782270396e-08, 1.82235506685e-08, 4.24614521322e-09, 3.76094844157e-09, 1.19691456746e-09, 9.9215580196e-10, 1.14563372677e-10, 5.84407383597e-11, 3.48381393178e-11, 2.89331805042e-11], "dvar": [1.00913624124e-08, 3.601199694e-08, 2.82551670949e-08, 1.61231810125e-07, 4.17711248701e-07, 1.10924105456e-07, 2.44380885306e-07, 1.79774886533e-07, 1.11799423053e-07, 1.35835014348e-08, 2.32161401215e-08, 5.94418025912e-09, 4.25994102216e-08, 3.28980864772e-09, 3.32557009708e-10, 3.08060271736e-10, 9.00742980203e-10, 7.67887003983e-11, 2.50929610424e-10, 1.97793725842e-10, 5.42033258555e-11, 3.03953147374e-11, 7.96838723477e-12, 9.02754216867e-13, 1.18479922054e-12, 1.34576432029e-12, 6.4242605376e-13, 1.55402451432e-13, 8.99761425847e-15, 6.74035446327e-15, 4.17656614995e-15, 5.07759024781e-15, 2.45051899127e-16, 1.64334688512e-16, 5.40838709366e-17, 3.29494459906e-17, 2.28692640205e-19, 6.33057155541e-20, 7.66441241005e-21, 4.59543339699e-21], "dvar2": [2.28163266058e-08, 9.32827077804e-08, 7.37499448178e-08, 3.12659381052e-07, 9.39607559758e-07, 2.66846654995e-07, 2.83526020439e-07, 3.43031530292e-07, 1.73535653403e-07, 1.90878299833e-08, 5.03059958135e-08, 1.18255432113e-08, 9.28263261812e-08, 7.43099537459e-09, 6.32690011493e-10, 5.79992442962e-10, 2.09802664131e-09, 1.57061794126e-10, 6.0965277271e-10, 4.73701355919e-10, 1.11337453146e-10, 6.10294176306e-11, 1.92669387389e-11, 1.78907496456e-12, 2.48274144299e-12, 2.07965263933e-12, 1.12133501269e-12, 3.89577584602e-13, 1.49086252106e-14, 1.30295266628e-14, 9.5677631467e-15, 1.14850129054e-14, 5.34707970921e-16, 4.11269965397e-16, 1.16823776702e-16, 6.85402649655e-17, 5.28213344143e-19, 1.37074335279e-19, 1.85486431259e-20, 1.10482701633e-20], "max": [0.00230359635316, 0.00565309170634, 0.00578869041055, 0.0248398780823, 0.0144084841013, 0.00967605877668, 0.023960808292, 0.0113233290613, 0.00983255822212, 0.00567673798651, 0.00425493344665, 0.00261799292639, 0.00457757385448, 0.00165631528944, 0.000569631578401, 0.000798309512902, 0.000597205129452, 0.000213018531213, 0.000554506841581, 0.000427196879173, 0.000257966166828, 0.000162980999448, 7.8999735706e-05, 2.47211373789e-05, 3.49302026734e-05, 3.35264776368e-05, 2.68942767434e-05, 1.27262192109e-05, 3.20527078657e-06, 3.09300276058e-06, 1.66673828517e-06, 2.51719052358e-06, 6.20112643901e-07, 5.29902422386e-07, 5.24816186953e-07, 2.67737817694e-07, 2.36648602936e-08, 1.39152032119e-08, 2.66684141437e-09, 2.38788255835e-09], "mean": [0.0001411925914, 0.000328199006617, 0.000352842558641, 0.000569441006519, 0.000968209991697, 0.000606765446719, 0.000970565073658, 0.000550578988623, 0.000733610882889, 0.000158287148224, 0.000170099650859, 0.0001274082897, 0.000114716363896, 5.87284048379e-05, 3.72478025383e-05, 2.61155073531e-05, 4.38658025814e-05, 1.66587960848e-05, 2.1800326067e-05, 1.52839911607e-05, 6.8581675805e-06, 5.10822383148e-06, 2.5591323265e-06, 1.09455788788e-06, 1.03934314666e-06, 7.67676112901e-07, 4.48903705319e-07, 1.58401775252e-07, 5.56684760511e-08, 4.17198009472e-08, 2.17574083194e-08, 1.93384437353e-08, 4.79809747489e-09, 3.08927572412e-09, 1.13401610324e-09, 9.11839326267e-10, 1.03255778927e-10, 5.28816747336e-11, 2.72207499596e-11, 2.25940065268e-11], "median": [7.33751003281e-05, 6.59201468807e-05, 0.000162227282999, 0.0002310416603, 0.00050222518621, 0.000370410154574, 0.000275945058092, 0.000239915432758, 0.000304522749502, 5.86442038184e-05, 8.45535687404e-05, 6.4348707383e-05, 3.49975452991e-05, 3.318878953e-05, 2.36687919823e-05, 1.39536405186e-05, 1.75468230736e-05, 9.35774914979e-06, 9.56649091677e-06, 6.88616455591e-06, 2.3364716526e-06, 1.60742933986e-06, 7.96801259639e-07, 3.70052134713e-07, 3.48003709405e-07, 1.67908524418e-07, 8.34077980016e-08, 2.83196506246e-08, 7.03673253e-09, 5.3108708542e-09, 1.96560967503e-09, 7.90903786907e-10, 1.99037647475e-10, 1.08414985323e-10, 3.39679465111e-11, 2.45104804508e-11, 1.59762272856e-11, 1.31096730693e-11, 1.16069653888e-11, 1.08098981155e-11], "min": [7.90355954409e-24, 1.06461433439e-23, 7.38456637682e-24, 7.93901253089e-24, 1.1721307904e-23, 1.81835956973e-23, 1.77076064934e-23, 6.3035851508e-24, 8.61240707655e-24, 1.82687279885e-23, 4.09609161946e-24, 3.78406044941e-24, 1.33046992578e-23, 9.17439789632e-24, 8.82624123555e-24, 9.11857888753e-24, 1.04504009209e-23, 7.95167848158e-24, 7.91154991619e-24, 1.22122823097e-23, 6.25881098354e-24, 8.43598385712e-24, 1.43795695728e-23, 1.24851453525e-23, 1.36316063724e-23, 7.51945449186e-24, 1.44187933147e-23, 1.04213321854e-23, 8.53653680127e-24, 4.91213627705e-24, 7.36403863834e-24, 1.09437371761e-23, 8.69750860215e-24, 8.85969998198e-24, 1.07892892549e-23, 7.61662953361e-24, 1.30831192736e-23, 1.07304118324e-23, 8.8976970452e-24, 1.02930744463e-23], "var": [4.38041674045e-08, 3.42261387232e-07, 2.68184038532e-07, 1.38698646879e-06, 1.68245662735e-06, 4.96108043535e-07, 4.29111196354e-06, 8.27451856367e-07, 1.06571837932e-06, 1.10418085342e-07, 6.91260453323e-08, 2.95454203325e-08, 7.93326435655e-08, 7.72154340467e-09, 1.92965443624e-09, 1.21943255493e-09, 4.04060962467e-09, 4.08648309635e-10, 1.27099697433e-09, 5.34951638542e-10, 2.06748243525e-10, 1.31658545177e-10, 2.90509560852e-11, 3.43087732703e-12, 4.25799976875e-12, 4.3945702112e-12, 1.78466583959e-12, 2.29058362989e-13, 2.72300933158e-14, 1.57264490737e-14, 6.22724562074e-15, 8.44348022218e-15, 4.03249119252e-16, 1.96009538514e-16, 8.48282387026e-17, 5.50754255718e-17, 2.9577029289e-19, 9.51234375358e-20, 7.99374742392e-21, 4.69333151495e-21]}, "mfcc": {"mean": [-774.587768555, 244.756576538, -37.3672943115, -8.56844234467, 5.12650299072, -16.1272392273, -9.36427783966, -9.01776695251, -5.83748912811, -0.666620790958, -2.44561886787, -4.7584528923, 1.43289899826], "cov": [[6082.38476562, 2042.0189209, -1883.45983887, 759.684936523, -163.627944946, -315.997894287, -9.47737026215, -257.416046143, -24.0354633331, 36.1430206299, 23.0567760468, -49.453037262, -24.9275436401], [2042.0189209, 1393.89880371, -370.93850708, -63.7245788574, 169.263320923, -146.283050537, -33.0927734375, -73.1063308716, -68.3046340942, 26.5161132812, -10.0587234497, -9.16327762604, -13.7056331635], [-1883.45983887, -370.93850708, 852.63293457, -275.778839111, 99.3170700073, 171.649688721, -16.1687488556, 103.924095154, 11.716176033, -30.390953064, -10.9342098236, 23.8680534363, 5.70874929428], [759.684936523, -63.7245788574, -275.778839111, 377.334991455, -66.4094696045, 1.52174592018, 33.2030220032, -54.5759010315, 24.1080780029, -4.65738773346, 9.16740608215, -1.81278765202, -12.5908918381], [-163.627944946, 169.263320923, 99.3170700073, -66.4094696045, 217.694976807, 17.9090766907, -20.0011444092, 24.8801116943, -29.6096973419, 11.6712293625, 1.35413920879, 1.83653116226, -16.5571632385], [-315.997894287, -146.283050537, 171.649688721, 1.52174592018, 17.9090766907, 158.146453857, 25.4758396149, 32.3627738953, 41.4154281616, -13.8702754974, -3.1536386013, -4.99359083176, -10.4431838989], [-9.47737026215, -33.0927734375, -16.1687488556, 33.2030220032, -20.0011444092, 25.4758396149, 101.578681946, 6.44486188889, -2.07972288132, 14.0104522705, -18.330329895, -13.4253358841, -3.73536777496], [-257.416046143, -73.1063308716, 103.924095154, -54.5759010315, 24.8801116943, 32.3627738953, 6.44486188889, 111.918876648, 33.1326179504, -13.9392213821, 9.12748813629, -6.13184595108, 3.71107196808], [-24.0354633331, -68.3046340942, 11.716176033, 24.1080780029, -29.6096973419, 41.4154281616, -2.07972288132, 33.1326179504, 99.0967254639, 18.2808322906, -0.836106181145, 11.1161804199, -4.74400281906], [36.1430206299, 26.5161132812, -30.390953064, -4.65738773346, 11.6712293625, -13.8702754974, 14.0104522705, -13.9392213821, 18.2808322906, 80.2577514648, 24.8430690765, -0.693660855293, 6.15148687363], [23.0567760468, -10.0587234497, -10.9342098236, 9.16740608215, 1.35413920879, -3.1536386013, -18.330329895, 9.12748813629, -0.836106181145, 24.8430690765, 76.5971832275, 26.3278503418, 7.262611866], [-49.453037262, -9.16327762604, 23.8680534363, -1.81278765202, 1.83653116226, -4.99359083176, -13.4253358841, -6.13184595108, 11.1161804199, -0.693660855293, 26.3278503418, 75.1320343018, 31.3838844299], [-24.9275436401, -13.7056331635, 5.70874929428, -12.5908918381, -16.5571632385, -10.4431838989, -3.73536777496, 3.71107196808, -4.74400281906, 6.15148687363, 7.262611866, 31.3838844299, 65.4660415649]], "icov": [[0.30151039362, -0.423116952181, 0.412312537432, -0.392189055681, 0.376737177372, -0.339888304472, 0.300520479679, -0.263769328594, 0.222378998995, -0.168952405453, 0.126627236605, -0.0932013690472, 0.0506260171533], [-0.423116952181, 0.594894230366, -0.577964842319, 0.550983428955, -0.529926478863, 0.477479696274, -0.421976447105, 0.370970189571, -0.312519282103, 0.237635284662, -0.177895784378, 0.131039634347, -0.071221485734], [0.412312537432, -0.577964842319, 0.566636323929, -0.534626603127, 0.514681994915, -0.467531204224, 0.411880850792, -0.36198630929, 0.305627673864, -0.231720641255, 0.174533262849, -0.129339814186, 0.0699345991015], [-0.392189055681, 0.550983428955, -0.534626603127, 0.514868676662, -0.490897774696, 0.44154548645, -0.393002599478, 0.346160620451, -0.29198166728, 0.222810477018, -0.167139008641, 0.122182913125, -0.0662310421467], [0.376737177372, -0.529926478863, 0.514681994915, -0.490897774696, 0.479514271021, -0.428171664476, 0.379875391722, -0.33567404747, 0.285733312368, -0.218471556902, 0.163395449519, -0.12182264775, 0.0683982595801], [-0.339888304472, 0.477479696274, -0.467531204224, 0.44154548645, -0.428171664476, 0.396477073431, -0.34487465024, 0.302004992962, -0.260473370552, 0.198290288448, -0.148853510618, 0.111063055694, -0.0598441809416], [0.300520479679, -0.421976447105, 0.411880850792, -0.393002599478, 0.379875391722, -0.34487465024, 0.316101789474, -0.270838707685, 0.231790095568, -0.179929628968, 0.136509492993, -0.0985043123364, 0.0548164062202], [-0.263769328594, 0.370970189571, -0.36198630929, 0.346160620451, -0.33567404747, 0.302004992962, -0.270838707685, 0.251596748829, -0.209881663322, 0.162001863122, -0.123254433274, 0.0930278897285, -0.0524200238287], [0.222378998995, -0.312519282103, 0.305627673864, -0.29198166728, 0.285733312368, -0.260473370552, 0.231790095568, -0.209881663322, 0.191691592336, -0.143005162477, 0.107871323824, -0.0832268968225, 0.0475380942225], [-0.168952405453, 0.237635284662, -0.231720641255, 0.222810477018, -0.218471556902, 0.198290288448, -0.179929628968, 0.162001863122, -0.143005162477, 0.124412097037, -0.0889253690839, 0.065841153264, -0.0383474677801], [0.126627236605, -0.177895784378, 0.174533262849, -0.167139008641, 0.163395449519, -0.148853510618, 0.136509492993, -0.123254433274, 0.107871323824, -0.0889253690839, 0.0809000730515, -0.0548069737852, 0.0294349640608], [-0.0932013690472, 0.131039634347, -0.129339814186, 0.122182913125, -0.12182264775, 0.111063055694, -0.0985043123364, 0.0930278897285, -0.0832268968225, 0.065841153264, -0.0548069737852, 0.0573688074946, -0.0309041459113], [0.0506260171533, -0.071221485734, 0.0699345991015, -0.0662310421467, 0.0683982595801, -0.0598441809416, 0.0548164062202, -0.0524200238287, 0.0475380942225, -0.0383474677801, 0.0294349640608, -0.0309041459113, 0.0332545414567]]}, "spectral_contrast_coeffs": {"dmean": [0.0382286347449, 0.0333873927593, 0.0280645918101, 0.0252661090344, 0.019091354683, 0.0413762070239], "dmean2": [0.0624702088535, 0.0532327257097, 0.045153439045, 0.0408182181418, 0.0299333613366, 0.071861743927], "dvar": [0.00104652089067, 0.00125053548254, 0.00087685091421, 0.000787464610767, 0.000423095450969, 0.00133679993451], "dvar2": [0.00275913393125, 0.00294357794337, 0.00219027977437, 0.00188104610424, 0.000971050001681, 0.00368172558956], "max": [-0.28520399332, -0.353816241026, -0.476417660713, -0.521960198879, -0.553357183933, -0.570023596287], "mean": [-0.555820643902, -0.634006083012, -0.687298417091, -0.700123131275, -0.685408532619, -0.791262865067], "median": [-0.550123631954, -0.632727146149, -0.682830452919, -0.695756077766, -0.677066445351, -0.795737087727], "min": [-0.970460832119, -0.977514088154, -0.973220646381, -0.961636245251, -0.953997254372, -0.961103796959], "var": [0.00812363158911, 0.00908854510635, 0.00495484890416, 0.0037629341241, 0.00292578735389, 0.00614220835268]}, "spectral_contrast_valleys": {"dmean": [0.403239428997, 0.291723161936, 0.269824892282, 0.265487283468, 0.251359164715, 0.641308307648], "dmean2": [0.656543552876, 0.465694367886, 0.431427299976, 0.417548775673, 0.369579285383, 1.14437150955], "dvar": [0.135189473629, 0.126672461629, 0.115534387529, 0.124109067023, 0.150419697165, 0.292660921812], "dvar2": [0.304935395718, 0.249934911728, 0.232483282685, 0.234356805682, 0.269788950682, 0.893389642239], "max": [-5.76109743118, -4.49037837982, -5.56202125549, -6.20281553268, -7.49432992935, -