{"lowlevel": {"average_loudness": 0.911680519581, "barkbands_crest": {"dmean": 2.3029987812, "dmean2": 3.64901423454, "dvar": 5.09536218643, "dvar2": 11.8126420975, "max": 25.2055931091, "mean": 11.5754899979, "median": 10.9347438812, "min": 3.14259028435, "var": 17.0728759766}, "barkbands_flatness_db": {"dmean": 0.033185519278, "dmean2": 0.0447835661471, "dvar": 0.00115117267706, "dvar2": 0.00209353608079, "max": 0.466834545135, "mean": 0.205389335752, "median": 0.200978204608, "min": 0.0470678471029, "var": 0.00596321607009}, "barkbands_kurtosis": {"dmean": 9.23656463623, "dmean2": 13.1757955551, "dvar": 332.009399414, "dvar2": 640.656921387, "max": 366.078826904, "mean": 15.5095052719, "median": 7.45081663132, "min": -1.86628186703, "var": 710.730163574}, "barkbands_skewness": {"dmean": 0.863063693047, "dmean2": 1.19673717022, "dvar": 0.790566623211, "dvar2": 1.46981692314, "max": 14.790813446, "mean": 2.56973671913, "median": 2.25057697296, "min": -1.91458296776, "var": 3.17574596405}, "barkbands_spread": {"dmean": 5.94869995117, "dmean2": 8.56113147736, "dvar": 88.3835601807, "dvar2": 172.380355835, "max": 89.3484954834, "mean": 12.6101417542, "median": 7.69740390778, "min": 0.315310657024, "var": 187.458892822}, "dissonance": {"dmean": 0.0314095467329, "dmean2": 0.0523925274611, "dvar": 0.000868426053785, "dvar2": 0.00236959615722, "max": 0.500000059605, "mean": 0.441391974688, "median": 0.450726509094, "min": 0.0756631270051, "var": 0.00172588368878}, "dynamic_complexity": 3.26968979836, "erbbands_crest": {"dmean": 2.56076002121, "dmean2": 4.09785890579, "dvar": 5.33566617966, "dvar2": 13.7091836929, "max": 25.7532234192, "mean": 9.95277881622, "median": 9.17260551453, "min": 2.90654325485, "var": 15.9051055908}, "erbbands_flatness_db": {"dmean": 0.0306943245232, "dmean2": 0.0420938953757, "dvar": 0.000978802796453, "dvar2": 0.00186995591503, "max": 0.352720141411, "mean": 0.175976574421, "median": 0.17728830874, "min": 0.0483203567564, "var": 0.00326969381422}, "erbbands_kurtosis": {"dmean": 1.88380610943, "dmean2": 2.9441716671, "dvar": 4.39455890656, "dvar2": 10.745057106, "max": 23.6227779388, "mean": 2.78576421738, "median": 1.87415504456, "min": -1.72358298302, "var": 12.6445217133}, "erbbands_skewness": {"dmean": 0.516922235489, "dmean2": 0.736291050911, "dvar": 0.229153975844, "dvar2": 0.473651617765, "max": 4.30981063843, "mean": 0.81236153841, "median": 0.871359288692, "min": -2.95131969452, "var": 1.14336466789}, "erbbands_spread": {"dmean": 9.61584758759, "dmean2": 14.2982673645, "dvar": 154.059188843, "dvar2": 326.844085693, "max": 121.252304077, "mean": 28.1671619415, "median": 21.2334022522, "min": 3.37106800079, "var": 426.676971436}, "hfc": {"dmean": 7.48576021194, "dmean2": 10.8937835693, "dvar": 220.427032471, "dvar2": 402.254455566, "max": 121.469230652, "mean": 11.3719320297, "median": 4.0436706543, "min": 1.70510845027e-11, "var": 372.418121338}, "melbands_crest": {"dmean": 2.89897632599, "dmean2": 4.2413816452, "dvar": 9.00176239014, "dvar2": 16.9218826294, "max": 38.2548408508, "mean": 15.4032077789, "median": 13.5022182465, "min": 2.70332217216, "var": 49.9541969299}, "melbands_flatness_db": {"dmean": 0.0391460135579, "dmean2": 0.0528539568186, "dvar": 0.00169265631121, "dvar2": 0.00320033426397, "max": 0.623646974564, "mean": 0.313217043877, "median": 0.312485456467, "min": 0.00806846003979, "var": 0.0101924091578}, "melbands_kurtosis": {"dmean": 11.4307031631, "dmean2": 16.5395450592, "dvar": 276.680114746, "dvar2": 571.123413086, "max": 304.924682617, "mean": 21.049665451, "median": 11.2327079773, "min": -1.82807517052, "var": 797.537536621}, "melbands_skewness": {"dmean": 0.916932940483, "dmean2": 1.29066598415, "dvar": 0.855686366558, "dvar2": 1.65521275997, "max": 14.4057483673, "mean": 3.02718758583, "median": 2.54270553589, "min": -1.30574595928, "var": 3.80097126961}, "melbands_spread": {"dmean": 4.13537025452, "dmean2": 5.96773433685, "dvar": 53.3257865906, "dvar2": 95.8895874023, "max": 134.645065308, "mean": 10.7407636642, "median": 6.98672962189, "min": 0.252608329058, "var": 126.474769592}, "pitch_salience": {"dmean": 0.0734708085656, "dmean2": 0.115936823189, "dvar": 0.00574679113925, "dvar2": 0.0123803652823, "max": 0.953423440456, "mean": 0.537970900536, "median": 0.562492012978, "min": 0.0581897236407, "var": 0.0241044331342}, "silence_rate_20dB": {"dmean": 0.000977039569989, "dmean2": 0.00195427006111, "dvar": 0.000976084149443, "dvar2": 0.00292758247815, "max": 1, "mean": 0.999511539936, "median": 1, "min": 0, "var": 0.000488286255859}, "silence_rate_30dB": {"dmean": 0.0687835887074, "dmean2": 0.137580618262, "dvar": 0.0640603676438, "dvar2": 0.130177274346, "max": 1, "mean": 0.869089484215, "median": 1, "min": 0, "var": 0.113770052791}, "silence_rate_60dB": {"dmean": 0.040449436754, "dmean2": 0.0808090642095, "dvar": 0.0388121306896, "dvar2": 0.0885455682874, "max": 1, "mean": 0.114204764366, "median": 0, "min": 0, "var": 0.101153597236}, "spectral_centroid": {"dmean": 182.529632568, "dmean2": 264.277618408, "dvar": 98456.015625, "dvar2": 156617.1875, "max": 11511.9267578, "mean": 676.499389648, "median": 497.526489258, "min": 161.954879761, "var": 268096.0625}, "spectral_complexity": {"dmean": 2.68060564995, "dmean2": 4.00302934647, "dvar": 21.4394187927, "dvar2": 37.2369117737, "max": 50, "mean": 10.5050802231, "median": 8, "min": 0, "var": 56.3866119385}, "spectral_decrease": {"dmean": 4.62195481887e-09, "dmean2": 6.87597534466e-09, "dvar": 1.23859722053e-16, "dvar2": 2.73243087905e-16, "max": 2.92298177379e-23, "mean": -9.41334477034e-09, "median": -3.38247496678e-09, "min": -9.26923107158e-08, "var": 2.65210489178e-16}, "spectral_energy": {"dmean": 0.0180163905025, "dmean2": 0.0266698617488, "dvar": 0.00183526147157, "dvar2": 0.00405143853277, "max": 0.354631990194, "mean": 0.0365595966578, "median": 0.0132727976888, "min": 1.43626368784e-15, "var": 0.00388439791277}, "spectral_energyband_high": {"dmean": 0.000541326822713, "dmean2": 0.000698245712556, "dvar": 1.82688813766e-06, "dvar2": 2.89245531349e-06, "max": 0.0123977502808, "mean": 0.000592108408455, "median": 2.01216425921e-05, "min": 1.02097815099e-15, "var": 3.43863939634e-06}, "spectral_energyband_low": {"dmean": 0.0116132963449, "dmean2": 0.0164097771049, "dvar": 0.00100065930746, "dvar2": 0.00190014916006, "max": 0.330264925957, "mean": 0.0253942869604, "median": 0.00693057570606, "min": 2.44687585624e-17, "var": 0.00296504143625}, "spectral_energyband_middle_high": {"dmean": 0.00104023714084, "dmean2": 0.00150998192839, "dvar": 4.03309377361e-06, "dvar2": 8.80477091414e-06, "max": 0.0423861257732, "mean": 0.00171412935015, "median": 0.000413084344473, "min": 2.46017437277e-16, "var": 1.05169483504e-05}, "spectral_energyband_middle_low": {"dmean": 0.00948162004352, "dmean2": 0.0167013537139, "dvar": 0.000874961318914, "dvar2": 0.00241590780206, "max": 0.244729563594, "mean": 0.0103878732771, "median": 0.0045316349715, "min": 2.20455180687e-17, "var": 0.000596494064666}, "spectral_entropy": {"dmean": 0.301618397236, "dmean2": 0.431042522192, "dvar": 0.0998508408666, "dvar2": 0.211923658848, "max": 9.80784988403, "mean": 6.97062969208, "median": 6.86034727097, "min": 5.77064275742, "var": 0.348269820213}, "spectral_flux": {"dmean": 0.0378813631833, "dmean2": 0.0545628778636, "dvar": 0.00475592585281, "dvar2": 0.00786070432514, "max": 0.563474953175, "mean": 0.0773143917322, "median": 0.0432643517852, "min": 5.70906559005e-06, "var": 0.0090975612402}, "spectral_kurtosis": {"dmean": 5.20703554153, "dmean2": 7.92383098602, "dvar": 30.2864933014, "dvar2": 74.3429412842, "max": 52.9869995117, "mean": 12.6782798767, "median": 12.0142745972, "min": -1.23236560822, "var": 71.9411849976}, "spectral_rms": {"dmean": 0.00112802942749, "dmean2": 0.00160040787887, "dvar": 4.49720755569e-06, "dvar2": 9.05925844563e-06, "max": 0.0186006035656, "mean": 0.00467860559002, "median": 0.00359848188236, "min": 1.18373688629e-09, "var": 1.3778569155e-05}, "spectral_rolloff": {"dmean": 444.515380859, "dmean2": 764.917419434, "dvar": 2255613, "dvar2": 5366340.5, "max": 19616.7480469, "mean": 866.520507812, "median": 495.263671875, "min": 43.06640625, "var": 2220669}, "spectral_skewness": {"dmean": 0.528828859329, "dmean2": 0.773158609867, "dvar": 0.254146158695, "dvar2": 0.589629590511, "max": 5.80550527573, "mean": 2.66893005371, "median": 2.80076742172, "min": -0.0404761768878, "var": 0.96783298254}, "spectral_spread": {"dmean": 1197772, "dmean2": 1616640.25, "dvar": 2357300035580.0, "dvar2": 4313321046020.0, "max": 41703984, "mean": 4232305, "median": 3548191, "min": 1190199.75, "var": 5383939686400.0}, "spectral_strongpeak": {"dmean": 0.244475379586, "dmean2": 0.400854468346, "dvar": 0.207465171814, "dvar2": 0.456541955471, "max": 6.19957399368, "mean": 0.454538434744, "median": 0.246809273958, "min": 2.58670610265e-07, "var": 0.328151702881}, "zerocrossingrate": {"dmean": 0.0136266006157, "dmean2": 0.015287344344, "dvar": 0.000343802617863, "dvar2": 0.000430636544479, "max": 0.47998046875, "mean": 0.0393590666354, "median": 0.02783203125, "min": 0.00146484375, "var": 0.00119911041111}, "barkbands": {"dmean": [0.00142993382178, 0.00859023723751, 0.00362086598761, 0.00456682918593, 0.0036187004298, 0.000768429890741, 0.000910314789508, 0.000298552506138, 0.000363537517842, 0.00023396636243, 0.000191357525182, 0.000378784316126, 0.000133493245812, 0.000129117514007, 7.449468103e-05, 2.88723276753e-05, 3.76853822672e-05, 3.50999544025e-05, 5.32448902959e-05, 4.15147587773e-05, 9.7467454907e-05, 0.000152844295371, 8.52486482472e-05, 7.34463101253e-05, 2.36341875279e-05, 3.4839293221e-05, 7.1368929639e-05], "dmean2": [0.00135713338386, 0.0113982260227, 0.00684418808669, 0.00835860334337, 0.00634594773874, 0.00119802064728, 0.00150480540469, 0.000456207082607, 0.000608913833275, 0.00036661879858, 0.000303075270494, 0.000547575182281, 0.000202618277399, 0.000223779483349, 0.000120747652545, 4.71645798825e-05, 5.81870044698e-05, 5.79127081437e-05, 8.4819534095e-05, 5.98186961724e-05, 0.000121705452329, 0.000212802216993, 0.000111489855044, 9.79132018983e-05, 3.52047827619e-05, 5.62429340789e-05, 0.000120368036733], "dvar": [1.63869117387e-05, 0.000717077695299, 0.000232548933127, 0.000259584747255, 9.97346141958e-05, 2.24518998948e-06, 8.28063821245e-06, 3.92800956206e-07, 3.73789561081e-07, 4.42298187409e-07, 2.81552161141e-07, 1.01991145129e-06, 1.24927396428e-07, 3.50687002992e-07, 4.18954329007e-08, 6.54595977423e-09, 9.8477945798e-09, 1.13152101022e-08, 7.83501832302e-08, 1.31693527194e-08, 9.93171838104e-08, 2.62629384906e-07, 7.82209710337e-08, 4.2867693395e-08, 5.07522157633e-09, 5.23479215531e-09, 2.44025368801e-08], "dvar2": [1.17358049465e-05, 0.00136835349258, 0.000683286169078, 0.000737246184144, 0.00027533157845, 5.76935190111e-06, 2.21260852413e-05, 9.02308158857e-07, 9.7026986623e-07, 9.63174329627e-07, 6.32270541701e-07, 2.15931663661e-06, 2.79227890587e-07, 1.06517165932e-06, 1.03556878628e-07, 1.55788164591e-08, 1.99181009464e-08, 2.77331881904e-08, 1.83645596508e-07, 2.43136941691e-08, 1.22159335092e-07, 5.44055183127e-07, 1.51602876031e-07, 8.04269433274e-08, 1.03659241191e-08, 1.32457440571e-08, 6.1328215395e-08], "max": [0.0560561902821, 0.31199374795, 0.151128813624, 0.132354006171, 0.0828191488981, 0.0197405684739, 0.029267758131, 0.0156689230353, 0.0145985297859, 0.0240235179663, 0.0194544028491, 0.0136970123276, 0.0134275602177, 0.0203872527927, 0.006079364568, 0.00187798438128, 0.00141768972389, 0.00102658453397, 0.0154057815671, 0.0018813618226, 0.00279840291478, 0.00442253192887, 0.00259795505553, 0.00196682009846, 0.00245785922743, 0.000700620061252, 0.000905987631995], "mean": [0.00280413776636, 0.0177723802626, 0.00336319231428, 0.00321473623626, 0.00365149811842, 0.00130789377727, 0.00108907744288, 0.000440075382357, 0.000561100780033, 0.000340164348017, 0.000272915960522, 0.000501677102875, 0.000187272162293, 0.000161125179147, 8.17157633719e-05, 3.62034552381e-05, 4.55388872069e-05, 4.04640304623e-05, 7.00075688655e-05, 6.29315909464e-05, 0.000131240260089, 0.000152911772602, 8.8159009465e-05, 7.72952553234e-05, 2.5447929147e-05, 2.89165163849e-05, 5.14499479323e-05], "median": [1.83115298569e-05, 0.00417530443519, 0.00138159783091, 0.00047531054588, 0.00146040983964, 0.000735960085876, 0.000509990844876, 0.000220010522753, 0.000181833398528, 7.83480063546e-05, 4.5778680942e-05, 5.15501960763e-05, 2.78689367406e-05, 1.68896349351e-05, 8.9395653049e-06, 6.56861584503e-06, 6.32912360743e-06, 3.69004874301e-06, 4.26708220402e-06, 2.90608795694e-06, 1.94829976863e-06, 1.73601983988e-06, 9.97990127871e-07, 1.81431073543e-06, 1.61448292602e-06, 3.08164590024e-06, 1.33316279971e-06], "min": [8.47457704499e-18, 1.15801844686e-17, 6.15980391781e-18, 4.60229975217e-18, 5.3949430926e-18, 7.72382740405e-19, 9.52006819878e-20, 6.48519939999e-19, 6.57435375359e-18, 1.59382153043e-17, 1.05269362218e-17, 7.53617372727e-18, 3.7367897407e-17, 2.14862430586e-17, 1.78668563857e-17, 8.73320829839e-18, 3.15896206205e-17, 7.58156939929e-18, 6.71017449407e-17, 4.30329166239e-17, 3.0956099533e-17, 5.20708441979e-17, 3.0809791135e-17, 1.13461426478e-16, 1.54011778869e-16, 1.81853169511e-16, 4.68213184644e-16], "var": [7.34098794055e-05, 0.00185581401456, 0.000128902247525, 0.000155881614774, 7.26907819626e-05, 3.40605947713e-06, 6.10089000475e-06, 5.47938043383e-07, 8.05357444733e-07, 1.02730689377e-06, 5.82717007092e-07, 1.7722550183e-06, 2.69286431376e-07, 5.78132926421e-07, 4.68589291813e-08, 8.16946865712e-09, 1.38828850638e-08, 1.37902258501e-08, 9.94614026695e-08, 2.95371549441e-08, 2.22217337864e-07, 3.5253515307e-07, 1.15264974454e-07, 6.86537831029e-08, 7.22622628402e-09, 4.48969927902e-09, 1.92132940668e-08]}, "erbbands": {"dmean": [0.368814080954, 1.85516023636, 4.02885627747, 10.0796985626, 16.3825817108, 9.48301887512, 7.90359449387, 7.18785667419, 12.103852272, 10.485833168, 6.89740943909, 7.05121612549, 6.49613380432, 6.89799499512, 6.56045341492, 14.0787038803, 8.43824577332, 6.39171457291, 4.78600788116, 2.83729815483, 1.63076341152, 2.05254030228, 1.99579763412, 1.99412918091, 2.80511331558, 1.93676114082, 2.96454071999, 5.22456169128, 5.66188383102, 4.06981515884, 2.0187189579, 1.69527602196, 1.00378870964, 0.338865369558, 0.131884872913, 0.0661462321877, 0.0755999088287, 0.0465142093599, 0.00973365269601, 0.00103395734914], "dmean2": [0.434484541416, 2.7954916954, 7.39499092102, 18.4212360382, 29.7029914856, 16.3664073944, 13.5620622635, 10.9363431931, 20.5022544861, 16.4607105255, 11.2038841248, 11.9719800949, 10.2781410217, 10.4635124207, 10.4451847076, 20.4261264801, 11.9016990662, 10.918674469, 8.0884513855, 4.85947751999, 2.46456599236, 3.20838904381, 3.09099411964, 3.0550160408, 4.45578050613, 2.52946352959, 4.0715303421, 6.09242534637, 8.16642951965, 5.29707479477, 2.62876844406, 2.32858085632, 1.31732332706, 0.497858554125, 0.181831032038, 0.0957297533751, 0.124595068395, 0.0802840068936, 0.016176905483, 0.00174692634027], "dvar": [1.21047484875, 45.2159729004, 298.272216797, 1158.77868652, 3254.72143555, 605.178283691, 178.62600708, 219.108764648, 1667.00317383, 526.455322266, 150.952697754, 149.812133789, 312.170654297, 402.956634521, 282.071838379, 1409.61181641, 447.883483887, 1061.26257324, 207.716583252, 86.6196289062, 18.4959812164, 31.1057243347, 35.9841117859, 70.6456756592, 171.348510742, 26.5493564606, 81.4751968384, 276.020111084, 357.560455322, 193.813171387, 38.0551643372, 28.0787734985, 6.02760124207, 0.497785955667, 0.577594161034, 0.0199654418975, 0.0260073691607, 0.0106851104647, 0.000439082476078, 5.15967030879e-06], "dvar2": [1.62020301819, 105.258682251, 848.163574219, 3300.30249023, 9187.06347656, 1656.46252441, 499.133575439, 530.422973633, 4419.84521484, 1377.89123535, 367.898254395, 371.639038086, 686.535827637, 829.820495605, 613.635742188, 3022.33911133, 883.895446777, 3187.28808594, 542.779846191, 222.193252563, 42.2623405457, 71.029335022, 86.6517944336, 153.965682983, 420.330078125, 45.4046859741, 136.771499634, 390.236114502, 757.687683105, 375.081726074, 69.8660507202, 56.4018478394, 9.51340389252, 0.900439381599, 1.26144874096, 0.0455963909626, 0.0673358887434, 0.0276538394392, 0.00107937084977, 1.30482321765e-05], "max": [13.4204263687, 67.3261947632, 175.406509399, 241.301376343, 529.025634766, 210.392471313, 151.859558105, 232.476715088, 391.372497559, 245.52671814, 164.931396484, 353.416381836, 760.127197266, 761.142089844, 350.260864258, 498.181640625, 484.532928467, 1192.31713867, 282.569396973, 420.688598633, 53.2189178467, 62.2617263794, 51.5931663513, 343.227081299, 701.289489746, 97.0868911743, 98.9668502808, 158.20904541, 162.340698242, 127.981109619, 58.7125167847, 47.5694580078, 23.1877784729, 9.92141723633, 30.2049255371, 3.74425649643, 1.3239235878, 0.574031949043, 0.120670951903, 0.013435148634], "mean": [0.833847939968, 2.67457294464, 4.02488994598, 7.83081912994, 12.0913543701, 10.8423690796, 11.0943822861, 12.9407711029, 13.7471160889, 15.7888278961, 10.6931476593, 11.0453586578, 9.78057289124, 11.0340499878, 9.00468730927, 18.7785243988, 12.4607992172, 8.74796772003, 5.39374065399, 3.32397484779, 2.13689279556, 2.41444373131, 2.28161454201, 2.82098507881, 3.6633503437, 2.90021777153, 3.84845042229, 6.35475111008, 5.59970378876, 4.21129322052, 2.14711093903, 1.76255273819, 1.10921144485, 0.367970764637, 0.142503738403, 0.0713391453028, 0.0599062666297, 0.0325692556798, 0.00723083596677, 0.000767804565839], "median": [0.120647035539, 0.889412999153, 1.49941432476, 2.14095926285, 2.06544232368, 4.59146595001, 7.28869915009, 6.27316761017, 5.98794031143, 9.0040512085, 4.56405353546, 4.04714679718, 2.7999958992, 1.69527935982, 2.07137727737, 2.03765726089, 1.51912689209, 0.996395885944, 0.69347435236, 0.415980756283, 0.367261260748, 0.336889445782, 0.232357308269, 0.221906960011, 0.18992882967, 0.135156363249, 0.0917651131749, 0.0740674287081, 0.0658416226506, 0.0428846254945, 0.0288346484303, 0.0321391820908, 0.0319058895111, 0.0188433099538, 0.0101554822177, 0.0114807235077, 0.00560528505594, 0.00116915488616, 0.00019638914091, 4.74715852761e-05], "min": [4.42311817089e-16, 2.26233182849e-15, 6.58159888961e-15, 1.25395553722e-14, 1.74875389912e-14, 1.76853855589e-14, 1.2017970271e-14, 4.63396182388e-15, 1.31217240815e-15, 4.33714538554e-15, 2.78447546324e-14, 1.37129023414e-13, 3.85358845528e-13, 5.50421145294e-13, 3.18287415738e-13, 4.39192681789e-13, 1.59020030217e-12, 1.47034879931e-12, 7.60521474356e-13, 8.22976940502e-13, 8.41353950485e-13, 1.67036718658e-12, 4.99183973237e-13, 1.12860545562e-12, 4.29807751889e-12, 2.35871803859e-12, 1.70850963585e-12, 7.20395910894e-13, 2.40387592644e-12, 1.06342560625e-12, 1.02031057214e-12, 2.83401622482e-12, 1.44603122879e-12, 1.26584918762e-12, 1.30596987218e-12, 7.05611404809e-13, 3.42454363478e-13, 1.50361561852e-13, 4.11857437803e-14, 9.02182923637e-15], "var": [4.71588945389, 53.953704834, 181.611999512, 697.227661133, 2006.66625977, 542.112182617, 176.541290283, 407.158813477, 1234.3190918, 510.25189209, 222.722320557, 341.707489014, 723.486999512, 1017.25665283, 572.607177734, 2415.47509766, 1007.19482422, 1884.42480469, 235.883590698, 89.7731933594, 25.7027702332, 38.4371871948, 42.0648956299, 111.116790771, 203.764144897, 63.4122161865, 167.074386597, 555.472106934, 465.847595215, 279.123199463, 61.5750274658, 40.6687660217, 11.6917762756, 0.911474943161, 0.690765500069, 0.0239458587021, 0.020912239328, 0.0079461755231, 0.000361347920261, 4.01019451601e-06]}, "gfcc": {"mean": [-81.1826629639, 118.429512024, -70.8466873169, -0.646867871284, -47.1275138855, -3.90001440048, -28.0415725708, -1.49838876724, -21.9184360504, 5.14342498779, -11.7448530197, 3.4578268528, -13.4512214661], "cov": [[13686.1181641, -1724.82653809, 1263.05786133, 1744.46289062, -9.28648281097, 1060.79736328, 398.97253418, 133.396774292, 292.937896729, -212.604934692, 28.5042495728, -249.117263794, 30.8971843719], [-1724.82653809, 2113.34643555, -71.8175582886, -150.036209106, 619.63104248, -96.5281982422, 293.224334717, 243.076568604, 34.3923606873, 203.588378906, 69.5158004761, 169.709030151, -44.8554916382], [1263.05786133, -71.8175582886, 1332.93151855, 209.376815796, 298.986877441, 345.770446777, 215.25112915, 226.633560181, 260.63973999, 17.9608840942, 104.406547546, 0.512773811817, 49.3783874512], [1744.46289062, -150.036209106, 209.376815796, 720.676574707, 22.352722168, 250.032043457, 110.837051392, 66.9972381592, 138.11000061, 23.5548667908, 14.6332941055, -22.8448200226, 45.4577560425], [-9.28648281097, 619.63104248, 298.986877441, 22.352722168, 569.079650879, 201.296859741, 246.220230103, 139.528213501, 94.5863571167, 88.4276885986, 153.768692017, 61.027179718, 1.36466121674], [1060.79736328, -96.5281982422, 345.770446777, 250.032043457, 201.296859741, 447.581390381, 171.032043457, 80.2594680786, 83.5758514404, 27.0589237213, 120.771446228, 12.8139133453, 18.6000862122], [398.97253418, 293.224334717, 215.25112915, 110.837051392, 246.220230103, 171.032043457, 255.563186646, 103.86378479, 87.954750061, 42.2663803101, 82.7145385742, 31.3972911835, 15.1826457977], [133.396774292, 243.076568604, 226.633560181, 66.9972381592, 139.528213501, 80.2594680786, 103.86378479, 178.094558716, 68.1910934448, 34.0659980774, 32.5686378479, 3.62327098846, 26.4714946747], [292.937896729, 34.3923606873, 260.63973999, 138.11000061, 94.5863571167, 83.5758514404, 87.954750061, 68.1910934448, 145.593399048, 40.9529571533, 27.0914421082, -0.113415822387, 17.6857528687], [-212.604934692, 203.588378906, 17.9608840942, 23.5548667908, 88.4276885986, 27.0589237213, 42.2663803101, 34.0659980774, 40.9529571533, 89.1307296753, 42.1839332581, 22.8115100861, -2.1175968647], [28.5042495728, 69.5158004761, 104.406547546, 14.6332941055, 153.768692017, 120.771446228, 82.7145385742, 32.5686378479, 27.0914421082, 42.1839332581, 126.257751465, 31.7643966675, 5.85811424255], [-249.117263794, 169.709030151, 0.512773811817, -22.8448200226, 61.027179718, 12.8139133453, 31.3972911835, 3.62327098846, -0.113415822387, 22.8115100861, 31.7643966675, 71.1305923462, -1.84405589104], [30.8971843719, -44.8554916382, 49.3783874512, 45.4577560425, 1.36466121674, 18.6000862122, 15.1826457977, 26.4714946747, 17.6857528687, -2.1175968647, 5.85811424255, -1.84405589104, 53.5045204163]], "icov": [[0.000148867213284, 0.000105370367237, -8.25795577839e-05, -0.000314652628731, -4.17305163865e-05, -8.51723889355e-05, -0.000238994558458, -3.19501086778e-05, 0.000233212427702, 0.000194827283849, 0.000121539436805, 0.000221376671107, 0.000385157647543], [0.000105370367237, 0.00177604204509, 0.000181889801752, -0.000280141393887, -0.00161608855706, 0.000951334950514, -0.00121053366456, -0.00177656847518, 0.00141398666892, -0.00223449897021, 0.0021438030526, -0.00231771101244, 0.00156078359578], [-8.25795577839e-05, 0.000181889801752, 0.00170085940044, 0.000501040660311, -0.000422550860094, -0.00063891033642, 0.000501597300172, -0.0013627638109, -0.00275416835211, 0.00126502488274, -6.62507445668e-05, -0.000631574890576, -8.44900132506e-05], [-0.000314652628731, -0.000280141393887, 0.000501040660311, 0.00294893467799, 0.000591171672568, -0.00130936165806, 0.000267950526904, 9.80716067716e-05, -0.00257887016051, -0.000484151009005, 0.000621508515906, -6.14580858382e-05, -0.00194233143702], [-4.17305163865e-05, -0.00161608855706, -0.000422550860094, 0.000591171672568, 0.00564832193777, -0.00103269971441, -0.00144983560313, 0.00049808784388, -0.00122527568601, 0.000951664638706, -0.00431074714288, 0.00147249002475, -9.77246236289e-05], [-8.51723889355e-05, 0.000951334950514, -0.00063891033642, -0.00130936165806, -0.00103269971441, 0.00551710138097, -0.00197547324933, -0.000751320563722, 0.001918412745, -0.000870509597007, -0.00232043047436, -0.000833434227388, 0.00114625622518], [-0.000238994558458, -0.00121053366456, 0.000501597300172, 0.000267950526904, -0.00144983560313, -0.00197547324933, 0.0101563977078, -0.00111649453174, -0.00409371359274, 0.00273845694028, -0.00224940944463, -0.000611593364738, -0.00148656009696], [-3.19501086778e-05, -0.00177656847518, -0.0013627638109, 9.80716067716e-05, 0.00049808784388, -0.000751320563722, -0.00111649453174, 0.0115559734404, -0.00100313359872, -0.000376930460334, -0.000467259495053, 0.00398007407784, -0.00494363158941], [0.000233212427702, 0.00141398666892, -0.00275416835211, -0.00257887016051, -0.00122527568601, 0.001918412745, -0.00409371359274, -0.00100313359872, 0.017782676965, -0.00825738627464, 0.00315459468402, 0.000473301566672, 0.000271935656201], [0.000194827283849, -0.00223449897021, 0.00126502488274, -0.000484151009005, 0.000951664638706, -0.000870509597007, 0.00273845694028, -0.000376930460334, -0.00825738627464, 0.0221750065684, -0.00760614406317, 0.000307896581944, 0.00139631854836], [0.000121539436805, 0.0021438030526, -6.62507445668e-05, 0.000621508515906, -0.00431074714288, -0.00232043047436, -0.00224940944463, -0.000467259495053, 0.00315459468402, -0.00760614406317, 0.0190124586225, -0.00541659118608, -0.000565835100133], [0.000221376671107, -0.00231771101244, -0.000631574890576, -6.14580858382e-05, 0.00147249002475, -0.000833434227388, -0.000611593364738, 0.00398007407784, 0.000473301566672, 0.000307896581944, -0.00541659118608, 0.0215771310031, -0.00178677868098], [0.000385157647543, 0.00156078359578, -8.44900132506e-05, -0.00194233143702, -9.77246236289e-05, 0.00114625622518, -0.00148656009696, -0.00494363158941, 0.000271935656201, 0.00139631854836, -0.000565835100133, -0.00178677868098, 0.0239417310804]]}, "melbands": {"dmean": [0.0026573354844, 0.00208192993887, 0.00200359430164, 0.000911114912014, 0.000306363508571, 0.000154992289026, 0.000186996738194, 0.000103090700577, 6.77608695696e-05, 4.01129364036e-05, 3.33778734785e-05, 2.87166585622e-05, 2.32272577705e-05, 2.3095326469e-05, 5.10652462253e-05, 8.84468136064e-06, 1.23982827063e-05, 8.58471503307e-06, 5.22268737768e-06, 2.69825864052e-06, 1.87281284525e-06, 2.13182192965e-06, 2.05973401535e-06, 1.68922383637e-06, 1.57161230163e-06, 2.45979640567e-06, 1.38678785788e-06, 1.28534327359e-06, 2.00169347409e-06, 1.9052282596e-06, 3.62457126357e-06, 3.25749533658e-06, 2.88914088742e-06, 2.06900176636e-06, 1.19935532439e-06, 1.05411220375e-06, 1.00370209566e-06, 7.91966954239e-07, 5.24106383182e-07, 1.91814166328e-07], "dmean2": [0.00332656409591, 0.00345165049657, 0.00365307438187, 0.00161580613349, 0.000526451854967, 0.000238883512793, 0.000314122153213, 0.000159546587383, 0.000111914363515, 6.75018964102e-05, 5.29406315763e-05, 4.3774889491e-05, 3.69694680558e-05, 3.7347763282e-05, 6.93231486366e-05, 1.42263224916e-05, 2.14500323636e-05, 1.47398113768e-05, 8.5571064119e-06, 4.61595755041e-06, 2.84272709905e-06, 3.36337188855e-06, 3.25329801854e-06, 2.63890501628e-06, 2.42035002884e-06, 4.01853549192e-06, 2.11003361983e-06, 1.76593721335e-06, 3.16152795676e-06, 2.41669977186e-06, 4.36466143583e-06, 4.96583652421e-06, 3.9199458115e-06, 2.6456964406e-06, 1.58624493451e-06, 1.44591456319e-06, 1.35627192321e-06, 1.03184277123e-06, 7.69843495618e-07, 2.84254184635e-07], "dvar": [6.30825015833e-05, 6.67586718919e-05, 4.68306498078e-05, 7.93987237557e-06, 3.08255863501e-07, 1.02876860808e-07, 3.92293401319e-07, 4.53254713761e-08, 1.34665674167e-08, 4.88995777204e-09, 8.43372571779e-09, 7.35329264145e-09, 3.99996302747e-09, 3.63222696365e-09, 2.35707471319e-08, 1.22559040694e-09, 4.15771017614e-09, 7.93308918556e-10, 2.41536346479e-10, 6.63927940403e-11, 2.56575455326e-11, 3.0505407228e-11, 4.33940418321e-11, 2.48853177648e-11, 4.98331896581e-11, 2.13838197149e-10, 1.69519676074e-11, 1.24297664175e-11, 3.98976754412e-11, 3.66098470983e-11, 1.44428594084e-10, 1.17465023819e-10, 1.01515892914e-10, 5.11729547625e-11, 1.28073454619e-11, 1.37266847194e-11, 8.00674804236e-12, 4.38271467729e-12, 1.29785147473e-12, 1.57042930635e-13], "dvar2": [0.00010070821736, 0.000172524305526, 0.00013285294699, 2.21667251026e-05, 8.47895876177e-07, 2.58335433045e-07, 1.0401668078e-06, 1.15169314086e-07, 3.41978676488e-08, 1.19576943902e-08, 1.86319883966e-08, 1.52747734461e-08, 9.13375686196e-09, 9.72964198098e-09, 4.48377157625e-08, 2.82142886832e-09, 1.26491297436e-08, 2.13064654808e-09, 6.18787188156e-10, 1.62724361763e-10, 5.8697553762e-11, 6.7576853835e-11, 1.09873075915e-10, 5.54621244764e-11, 1.07241458769e-10, 5.29407739869e-10, 3.38908519304e-11, 2.26749695409e-11, 8.73497246756e-11, 5.59387744459e-11, 2.36775737905e-10, 2.55079124489e-10, 2.11684891838e-10, 9.71065450273e-11, 2.35543234223e-11, 2.90598257263e-11, 1.47729588978e-11, 7.34565186455e-12, 2.41676427135e-12, 2.87059574245e-13], "max": [0.0974002107978, 0.0839696452022, 0.054578371346, 0.0232362486422, 0.00627630855888, 0.00452163815498, 0.00607727840543, 0.0032433855813, 0.00167390354909, 0.00193846807815, 0.00393213098869, 0.00326385116205, 0.0019025595393, 0.000620902050287, 0.0022642747499, 0.00140539032873, 0.00233418145217, 0.000528059725184, 0.000510728743393, 0.000303117209114, 6.69699147693e-05, 7.84204166848e-05, 6.59604047542e-05, 5.33521379111e-05, 0.00027593379491, 0.000850807293318, 0.000143496086821, 4.51392334071e-05, 6.43199236947e-05, 5.99253617111e-05, 0.000110475637484, 9.0237132099e-05, 9.11656898097e-05, 6.58850913169e-05, 3.47441782651e-05, 3.29957838403e-05, 2.59789267147e-05, 1.92442767002e-05, 9.83654990705e-06, 7.16205249773e-06], "mean": [0.00602128449827, 0.0025711748749, 0.00153207860421, 0.000813136750367, 0.000432710628957, 0.000271912605967, 0.000216564541915, 0.000157695467351, 0.000100687466329, 6.37807170278e-05, 4.8707381211e-05, 4.47025631729e-05, 3.14611315844e-05, 2.72291999863e-05, 7.29985476937e-05, 1.25156866488e-05, 1.64538305398e-05, 8.99219412531e-06, 5.74313799007e-06, 3.16761725117e-06, 2.36397590925e-06, 2.53441294262e-06, 2.20121569328e-06, 1.9741739834e-06, 2.23626375373e-06, 2.89063495984e-06, 2.12006511902e-06, 1.90005459899e-06, 2.3413638246e-06, 2.6113077638e-06, 4.06433900935e-06, 3.14341900776e-06, 2.92330150842e-06, 2.13887278733e-06, 1.24908433463e-06, 1.10848247914e-06, 1.07028404273e-06, 8.69230404987e-07, 5.40065627774e-07, 2.19156547132e-07], "median": [0.00117492862046, 0.00107475905679, 0.000375047093257, 0.000232214399148, 0.000274234509561, 0.000140785385156, 0.000102040568891, 9.18771474971e-05, 3.3740496292e-05, 2.47570751526e-05, 1.24968182718e-05, 6.56905376673e-06, 5.75194371777e-06, 5.50971572011e-06, 4.5563601816e-06, 1.76546336661e-06, 1.51317408381e-06, 1.14231124826e-06, 6.8298095357e-07, 4.93677134727e-07, 3.97427356802e-07, 3.73191141989e-07, 2.27556498089e-07, 1.84727838359e-07, 1.76322686229e-07, 1.40790092473e-07, 1.17083317264e-07, 7.68780239468e-08, 5.58462929234e-08, 4.61522091655e-08, 3.78033035986e-08, 3.73783741736e-08, 2.94983664162e-08, 2.06772625688e-08, 1.68391363076e-08, 1.33150095394e-08, 2.19351399267e-08, 2.25996821257e-08, 2.0450663385e-08, 1.34179778399e-08], "min": [3.98801144105e-18, 3.35333395501e-18, 2.34313653e-18, 1.30707554538e-18, 4.92923027477e-19, 1.07985230106e-19, 1.87071806914e-20, 5.7292765198e-20, 2.75215966192e-19, 9.68738925911e-19, 1.97765215302e-18, 2.27887927886e-18, 1.26699605977e-18, 6.22124761749e-19, 2.27590556456e-18, 3.95467151287e-18, 2.52555446369e-18, 1.06600523299e-18, 1.45524065369e-18, 5.60157249943e-19, 1.19905857868e-18, 2.11180616592e-18, 5.09045242905e-19, 4.55983519465e-19, 6.8291664311e-19, 3.45349249909e-18, 2.14645365985e-18, 1.48879089254e-18, 9.01046186893e-19, 8.93552550929e-19, 2.36735679193e-19, 1.23235135757e-18, 1.16506114531e-18, 4.9440130263e-19, 6.7625566783e-19, 5.96134540107e-19, 2.20526413345e-18, 8.55324088727e-19, 1.23356710627e-18, 9.65891770243e-19], "var": [0.000220132395043, 5.59266372875e-05, 2.83564095298e-05, 5.38237691217e-06, 3.09166352963e-07, 1.69354322566e-07, 2.89121516062e-07, 4.92176042144e-08, 2.20430873554e-08, 1.15693676861e-08, 1.97623002407e-08, 1.80791577264e-08, 7.66708296851e-09, 3.6981209206e-09, 4.7171134554e-08, 2.89842128076e-09, 7.14696568593e-09, 7.8758599642e-10, 2.51400095186e-10, 7.65359095545e-11, 3.43880132703e-11, 3.99678970475e-11, 4.37568176137e-11, 3.32566890693e-11, 7.97963362054e-11, 2.31970179176e-10, 3.50312487352e-11, 2.77159614703e-11, 6.35958716244e-11, 8.09862107931e-11, 2.49036513633e-10, 1.45040313093e-10, 1.35740543805e-10, 7.38194505523e-11, 2.04850962582e-11, 1.86514779316e-11, 1.31908624648e-11, 7.88041853994e-12, 2.20873167846e-12, 3.00488637878e-13]}, "mfcc": {"mean": [-743.78503418, 168.752105713, 24.6324138641, 16.8822116852, -0.443918019533, 1.11637210846, 0.1802405864, -3.20425224304, -4.52587032318, -2.1626303196, 1.67422199249, 0.124649211764, 0.477201998234], "cov": [[9277.57421875, -1351.91137695, 609.246337891, 419.136688232, 113.889701843, 612.816833496, 219.010482788, 259.151519775, 128.612487793, 136.770141602, -80.2085189819, 83.1302261353, -8.78679275513], [-1351.91137695, 2688.37548828, -313.245422363, 180.866073608, 232.807449341, -81.3527145386, 272.36126709, 141.752532959, 94.2633514404, 96.7851409912, 208.5730896, 91.8255462646, 159.19380188], [609.246337891, -313.245422363, 878.672485352, 82.436164856, 196.847991943, 135.746292114, 61.7339935303, 144.010253906, 177.35043335, 69.9847717285, 43.0986785889, 147.406112671, 55.5818443298], [419.136688232, 180.866073608, 82.436164856, 354.429382324, 99.080116272, 95.7966079712, 40.7086639404, 75.0372848511, 87.7355117798, 106.525901794, 42.3626823425, 22.4123802185, 60.1975631714], [113.889701843, 232.807449341, 196.847991943, 99.080116272, 294.578460693, 136.937438965, 151.49017334, 115.575210571, 87.5751953125, 67.0585784912, 77.187461853, 104.844490051, 78.4666824341], [612.816833496, -81.3527145386, 135.746292114, 95.7966079712, 136.937438965, 296.320465088, 142.986679077, 115.027870178, 66.1584396362, 33.2543907166, 65.5982437134, 112.822631836, 57.5189361572], [219.010482788, 272.36126709, 61.7339935303, 40.7086639404, 151.49017334, 142.986679077, 251.654907227, 146.124252319, 57.8457069397, 56.1397781372, 74.0653381348, 87.4794692993, 73.4410400391], [259.151519775, 141.752532959, 144.010253906, 75.0372848511, 115.575210571, 115.027870178, 146.124252319, 168.558395386, 93.1537094116, 46.0929298401, 53.709197998, 81.3263931274, 53.9345092773], [128.612487793, 94.2633514404, 177.35043335, 87.7355117798, 87.5751953125, 66.1584396362, 57.8457069397, 93.1537094116, 129.667861938, 77.3171844482, 41.2141036987, 44.6329231262, 25.7107715607], [136.770141602, 96.7851409912, 69.9847717285, 106.525901794, 67.0585784912, 33.2543907166, 56.1397781372, 46.0929298401, 77.3171844482, 129.242919922, 49.0548400879, -1.39423584938, 17.0639419556], [-80.2085189819, 208.5730896, 43.0986785889, 42.3626823425, 77.187461853, 65.5982437134, 74.0653381348, 53.709197998, 41.2141036987, 49.0548400879, 93.6593704224, 64.2124557495, 34.6969604492], [83.1302261353, 91.8255462646, 147.406112671, 22.4123802185, 104.844490051, 112.822631836, 87.4794692993, 81.3263931274, 44.6329231262, -1.39423584938, 64.2124557495, 150.517410278, 68.9337539673], [-8.78679275513, 159.19380188, 55.5818443298, 60.1975631714, 78.4666824341, 57.5189361572, 73.4410400391, 53.9345092773, 25.7107715607, 17.0639419556, 34.6969604492, 68.9337539673, 90.2798919678]], "icov": [[0.000157026399393, 3.13278906106e-05, -8.37103507365e-05, -0.000170629122294, 0.000102727943158, -0.000309006980387, -0.000100278244645, -0.00017482736439, 0.000302293716231, -0.000269059237326, 0.000467922654934, -0.000108829583041, 0.000286986702122], [3.13278906106e-05, 0.000750557635911, 0.000413822446717, -0.000447447178885, -0.000312959920848, 0.0010406478541, -0.000892976066098, 0.000347343768226, -0.00110084726475, 0.00106888148002, -0.00162770890165, 0.000268827978289, -0.000617167970631], [-8.37103507365e-05, 0.000413822446717, 0.00227364641614, 0.000191535524209, -0.00103763153311, 0.00069429614814, 0.000555503531359, -0.000230327161262, -0.00274668238126, 0.000125408303575, 0.000303947774228, -0.00168287311681, -0.000193473155377], [-0.000170629122294, -0.000447447178885, 0.000191535524209, 0.00553240161389, -0.000569020339753, -0.00187339703552, 0.00353135191835, -0.00220982241444, 0.000195911416085, -0.00406989455223, 0.000890480412636, 0.00150690076407, -0.00367821496911], [0.000102727943158, -0.000312959920848, -0.00103763153311, -0.000569020339753, 0.00702909519896, -0.00115262996405, -0.0022724091541, 0.000631954113487, -0.00042160222074, -0.00099804578349, -0.00013364534243, -0.00114670442417, -0.00108820118476], [-0.000309006980387, 0.0010406478541, 0.00069429614814, -0.00187339703552, -0.00115262996405, 0.00847581028938, -0.00360989943147, 0.000780325673986, -0.00261710956693, 0.00322966184467, -0.00354679347947, -0.00268377573229, 0.000575968530029], [-0.000100278244645, -0.000892976066098, 0.000555503531359, 0.00353135191835, -0.0022724091541, -0.00360989943147, 0.0148026002571, -0.0111298048869, 0.00648871483281, -0.00636101700366, 0.000458313821582, 0.000703385332599, -0.00360818277113], [-0.00017482736439, 0.000347343768226, -0.000230327161262, -0.00220982241444, 0.000631954113487, 0.000780325673986, -0.0111298048869, 0.0225928965956, -0.0132325738668, 0.00661283638328, -0.0015077526914, -0.00161807832774, -0.000170505154529], [0.000302293716231, -0.00110084726475, -0.00274668238126, 0.000195911416085, -0.00042160222074, -0.00261710956693, 0.00648871483281, -0.0132325738668, 0.0272236689925, -0.0138900978491, 0.0045303562656, -0.00298413797282, 0.00360149494372], [-0.000269059237326, 0.00106888148002, 0.000125408303575, -0.00406989455223, -0.00099804578349, 0.00322966184467, -0.00636101700366, 0.00661283638328, -0.0138900978491, 0.0242925081402, -0.0132917826995, 0.00922060664743, -0.00180856790394], [0.000467922654934, -0.00162770890165, 0.000303947774228, 0.000890480412636, -0.00013364534243, -0.00354679347947, 0.000458313821582, -0.0015077526914, 0.0045303562656, -0.0132917826995, 0.0289807319641, -0.0122896684334, 0.00450654327869], [-0.000108829583041, 0.000268827978289, -0.00168287311681, 0.00150690076407, -0.00114670442417, -0.00268377573229, 0.000703385332599, -0.00161807832774, -0.00298413797282, 0.00922060664743, -0.0122896684334, 0.0222754161805, -0.0105305509642], [0.000286986702122, -0.000617167970631, -0.000193473155377, -0.00367821496911, -0.00108820118476, 0.000575968530029, -0.00360818277113, -0.000170505154529, 0.00360149494372, -0.00180856790394, 0.00450654327869, -0.0105305509642, 0.0240053292364]]}, "spectral_contrast_coeffs": {"dmean": [0.0496101304889, 0.0390595979989, 0.0379081107676, 0.030176250264, 0.0182086657733, 0.0263897944242], "dmean2": [0.0798090472817, 0.0633466616273, 0.0614574216306, 0.0475512631238, 0.0291364863515, 0.0357005558908], "dvar": [0.00236185407266, 0.000952374946792, 0.000882532913238, 0.000845410686452, 0.000247455347562, 0.000471765641123], "dvar2": [0.00576438568532, 0.00247347960249, 0.00232649198733, 0.00191531912424, 0.000605962472036, 0.00110524357297], "max": [-0.32376742363, -0.559391856194, -0.561475515366, -0.549349844456, -0.592136025429, -0.555988967419], "mean": [-0.644394516945, -0.744893968105, -0.787335216999, -0.796862006187, -0.837583422661, -0.800353467464], "median": [-0.684265017509, -0.743996798992, -0.790943264961, -0.816783905029, -0.845798611641, -0.810702443123], "min": [-0.988609552383, -0.985119819641, -0.981174528599, -0.964771687984, -0.963163256645, -0.960497736931], "var": [0.0133184632286, 0.00268620136194, 0.00279468670487, 0.00422364333645, 0.0011727605015, 0.00268730358221]}, "spectral_contrast_valleys": {"dmean": [0.354722619057, 0.369385063648, 0.411764085293, 0.38310956955, 0.386301368475, 0.734399616718], "dmean2": [0.537767469883, 0.589380085468, 0.635746955872, 0.581161439419, 0.550518333912, 0.92298334837], "dvar": [0.196531295776, 0.167255654931, 0.207297593355, 0.235138699412, 0.279132813215, 0.620369434357], "dvar2": [0.311774104834, 0.314747065306, 0.386907994747, 0.44808870554, 0.525807261467, 1.30168247223], "max": [-4.