{"lowlevel": {"average_loudness": 0.942199826241, "barkbands_crest": {"dmean": 2.58877825737, "dmean2": 3.9828248024, "dvar": 6.12447738647, "dvar2": 13.0027637482, "max": 25.9260540009, "mean": 10.1009979248, "median": 9.23053741455, "min": 2.63577651978, "var": 16.7375392914}, "barkbands_flatness_db": {"dmean": 0.0203416850418, "dmean2": 0.0299631077796, "dvar": 0.000409057480283, "dvar2": 0.000828750082292, "max": 0.321569919586, "mean": 0.120979368687, "median": 0.117876894772, "min": 0.0229732990265, "var": 0.00151519640349}, "barkbands_kurtosis": {"dmean": 2.2062792778, "dmean2": 3.29531097412, "dvar": 8.51583003998, "dvar2": 15.2828044891, "max": 103.478347778, "mean": 4.86122894287, "median": 3.79440975189, "min": -1.72003138065, "var": 24.3070011139}, "barkbands_skewness": {"dmean": 0.403136700392, "dmean2": 0.610445976257, "dvar": 0.153894886374, "dvar2": 0.315610021353, "max": 6.93852567673, "mean": 1.66113173962, "median": 1.61230528355, "min": -9.82001304626, "var": 0.823078453541}, "barkbands_spread": {"dmean": 4.67460441589, "dmean2": 7.05096721649, "dvar": 27.4299125671, "dvar2": 59.3818435669, "max": 73.5502700806, "mean": 18.2918758392, "median": 16.2834453583, "min": 1.8604413271, "var": 96.7002944946}, "dissonance": {"dmean": 0.0223604533821, "dmean2": 0.0367902256548, "dvar": 0.00037874651025, "dvar2": 0.00100103055593, "max": 0.500000119209, "mean": 0.449516803026, "median": 0.45463564992, "min": 0.283208727837, "var": 0.00101159315091}, "dynamic_complexity": 2.98798584938, "erbbands_crest": {"dmean": 2.68220734596, "dmean2": 4.16106271744, "dvar": 6.03200292587, "dvar2": 13.5426445007, "max": 31.6490688324, "mean": 10.9051914215, "median": 10.198143959, "min": 2.77169442177, "var": 18.3077220917}, "erbbands_flatness_db": {"dmean": 0.0180981140584, "dmean2": 0.0257903188467, "dvar": 0.000348072469933, "dvar2": 0.000643103790935, "max": 0.371201723814, "mean": 0.158831909299, "median": 0.155081048608, "min": 0.0579585321248, "var": 0.00170555850491}, "erbbands_kurtosis": {"dmean": 1.26986777782, "dmean2": 1.87557303905, "dvar": 2.42031526566, "dvar2": 4.58392333984, "max": 32.8142547607, "mean": 1.86587202549, "median": 1.28507804871, "min": -1.53466689587, "var": 7.02866029739}, "erbbands_skewness": {"dmean": 0.339379489422, "dmean2": 0.506676375866, "dvar": 0.0983595848083, "dvar2": 0.201801657677, "max": 5.35955286026, "mean": 1.14519870281, "median": 1.15374290943, "min": -1.2339411974, "var": 0.501976847649}, "erbbands_spread": {"dmean": 6.93224048615, "dmean2": 10.4210290909, "dvar": 48.3181381226, "dvar2": 96.4007339478, "max": 97.7464141846, "mean": 32.9198417664, "median": 30.7693195343, "min": 4.91681575775, "var": 185.391265869}, "hfc": {"dmean": 7.34902048111, "dmean2": 11.1332569122, "dvar": 120.557754517, "dvar2": 278.059936523, "max": 106.962036133, "mean": 23.6349182129, "median": 21.8626461029, "min": 1.23521160337e-16, "var": 232.380767822}, "melbands_crest": {"dmean": 2.88856124878, "dmean2": 4.46206474304, "dvar": 6.43586540222, "dvar2": 14.5418519974, "max": 31.9605426788, "mean": 12.8606081009, "median": 11.9796419144, "min": 3.41359186172, "var": 22.5473861694}, "melbands_flatness_db": {"dmean": 0.0226881988347, "dmean2": 0.0332983359694, "dvar": 0.000460884417407, "dvar2": 0.000931502843741, "max": 0.342264801264, "mean": 0.182438790798, "median": 0.183536484838, "min": 0.0081033250317, "var": 0.00160572468303}, "melbands_kurtosis": {"dmean": 4.25857830048, "dmean2": 6.5057592392, "dvar": 28.6609249115, "dvar2": 60.6264533997, "max": 119.758682251, "mean": 10.9566345215, "median": 8.55604362488, "min": -1.29699838161, "var": 84.6206893921}, "melbands_skewness": {"dmean": 0.540575146675, "dmean2": 0.806091845036, "dvar": 0.250243365765, "dvar2": 0.528487682343, "max": 9.14249992371, "mean": 2.21652054787, "median": 2.07249164581, "min": -2.04488658905, "var": 1.13784146309}, "melbands_spread": {"dmean": 4.86517715454, "dmean2": 7.42496204376, "dvar": 35.8209991455, "dvar2": 76.6742858887, "max": 166.044128418, "mean": 19.5123405457, "median": 16.3658809662, "min": 1.62868988514, "var": 172.348022461}, "pitch_salience": {"dmean": 0.0651905611157, "dmean2": 0.1002458781, "dvar": 0.00350265717134, "dvar2": 0.00768662150949, "max": 0.884020447731, "mean": 0.539853751659, "median": 0.54949003458, "min": 0.150913089514, "var": 0.0110139967874}, "silence_rate_20dB": {"dmean": 0, "dmean2": 0, "dvar": 0, "dvar2": 0, "max": 1, "mean": 1, "median": 1, "min": 1, "var": 0}, "silence_rate_30dB": {"dmean": 0.000241080037085, "dmean2": 0.00048221819452, "dvar": 0.000240976063651, "dvar2": 0.000722911383491, "max": 1, "mean": 0.999879479408, "median": 1, "min": 0, "var": 0.000120499506011}, "silence_rate_60dB": {"dmean": 0.0147058824077, "dmean2": 0.0294153112918, "dvar": 0.0144871231169, "dvar2": 0.0312043428421, "max": 1, "mean": 0.0738821253181, "median": 0, "min": 0, "var": 0.0684271901846}, "spectral_centroid": {"dmean": 170.293014526, "dmean2": 262.541442871, "dvar": 47208.9179688, "dvar2": 90932.625, "max": 11164.0849609, "mean": 1110.36791992, "median": 950.409301758, "min": 325.10635376, "var": 330417.96875}, "spectral_complexity": {"dmean": 3.70154285431, "dmean2": 5.7985534668, "dvar": 22.9576854706, "dvar2": 50.4640541077, "max": 53, "mean": 18.1235389709, "median": 17, "min": 0, "var": 65.0316467285}, "spectral_decrease": {"dmean": 2.27755792004e-09, "dmean2": 3.22896198668e-09, "dvar": 7.35624953633e-18, "dvar2": 1.32644011236e-17, "max": 4.24893060985e-16, "mean": -8.40229219534e-09, "median": -7.94794541292e-09, "min": -2.96571531777e-08, "var": 3.02158754552e-17}, "spectral_energy": {"dmean": 0.00903430767357, "dmean2": 0.0129075748846, "dvar": 0.000116310933663, "dvar2": 0.00021095968259, "max": 0.11603090167, "mean": 0.0338558740914, "median": 0.0320149958134, "min": 1.14370603993e-20, "var": 0.000477543915622}, "spectral_energyband_high": {"dmean": 0.00051182101015, "dmean2": 0.000797284126747, "dvar": 8.25420272577e-07, "dvar2": 1.87714590538e-06, "max": 0.00782315153629, "mean": 0.000896144018043, "median": 0.000558913161512, "min": 8.45056761072e-21, "var": 9.53646463131e-07}, "spectral_energyband_low": {"dmean": 0.00494100898504, "dmean2": 0.00659962929785, "dvar": 8.35357714095e-05, "dvar2": 0.000135123671498, "max": 0.0984934642911, "mean": 0.00773081742227, "median": 0.00240365602076, "min": 6.1316302762e-23, "var": 0.000178152462468}, "spectral_energyband_middle_high": {"dmean": 0.00160021975171, "dmean2": 0.00245821592398, "dvar": 4.22513312515e-06, "dvar2": 9.89535328699e-06, "max": 0.0244878139347, "mean": 0.00489466777071, "median": 0.0043083531782, "min": 1.47771262496e-21, "var": 1.19717287816e-05}, "spectral_energyband_middle_low": {"dmean": 0.00582342129201, "dmean2": 0.00881549157202, "dvar": 4.12522567785e-05, "dvar2": 9.30409441935e-05, "max": 0.0829625427723, "mean": 0.0215849038213, "median": 0.020745433867, "min": 4.70672887223e-22, "var": 0.000192032734049}, "spectral_entropy": {"dmean": 0.178368940949, "dmean2": 0.255432784557, "dvar": 0.0336906164885, "dvar2": 0.0603131912649, "max": 9.78774452209, "mean": 7.49811267853, "median": 7.48762607574, "min": 6.05086183548, "var": 0.116374947131}, "spectral_flux": {"dmean": 0.0235908739269, "dmean2": 0.0382003225386, "dvar": 0.000755728629883, "dvar2": 0.00166468124371, "max": 0.238774031401, "mean": 0.0770696699619, "median": 0.0718234777451, "min": 1.06944189615e-10, "var": 0.00174936419353}, "spectral_kurtosis": {"dmean": 0.986300945282, "dmean2": 1.54532504082, "dvar": 0.886071920395, "dvar2": 1.82821071148, "max": 11.3136005402, "mean": 3.57824468613, "median": 3.38671684265, "min": -1.13270497322, "var": 2.87574052811}, "spectral_rms": {"dmean": 0.000727123115212, "dmean2": 0.00103533093352, "dvar": 6.16020940924e-07, "dvar2": 1.10101302653e-06, "max": 0.0106395902112, "mean": 0.00535048404709, "median": 0.00558875128627, "min": 3.3403752854e-12, "var": 4.40242865807e-06}, "spectral_rolloff": {"dmean": 327.595031738, "dmean2": 547.742370605, "dvar": 374692.875, "dvar2": 786046.8125, "max": 19638.28125, "mean": 1358.95239258, "median": 796.728515625, "min": 86.1328125, "var": 2501207.75}, "spectral_skewness": {"dmean": 0.173175364733, "dmean2": 0.260687798262, "dvar": 0.0300267860293, "dvar2": 0.0506613515317, "max": 2.75071692467, "mean": 1.62189626694, "median": 1.61961519718, "min": -0.0112453196198, "var": 0.11877322942}, "spectral_spread": {"dmean": 524045.8125, "dmean2": 792615.0625, "dvar": 388778819584, "dvar2": 635635171328, "max": 39639392, "mean": 5451864.5, "median": 5311099, "min": 3133537, "var": 986709884928}, "spectral_strongpeak": {"dmean": 0.585245847702, "dmean2": 0.96975672245, "dvar": 0.483586132526, "dvar2": 1.12170290947, "max": 6.31765031815, "mean": 1.46615087986, "median": 1.34669852257, "min": 0, "var": 1.0581330061}, "zerocrossingrate": {"dmean": 0.00930418260396, "dmean2": 0.0116652417928, "dvar": 0.000105608494778, "dvar2": 0.000130648943014, "max": 0.791015625, "mean": 0.0650331526995, "median": 0.0546875, "min": 0.013671875, "var": 0.00174641376361}, "barkbands": {"dmean": [0.000216307700612, 0.00399607932195, 0.0011985906167, 0.000661020516418, 0.00126879615709, 0.00188696850091, 0.0016736255493, 0.00224229297601, 0.00116229453124, 0.00101002084557, 0.000358168559615, 0.000481799943373, 0.000290956726531, 0.000284476816887, 0.000157976173796, 0.000125435428345, 0.000167498685187, 0.000108168787847, 0.000115512237244, 0.000107775907964, 9.82537530945e-05, 0.000125019520056, 7.61783230701e-05, 0.000117032788694, 6.28536508884e-05, 3.10717332468e-05, 1.9195216737e-05], "dmean2": [0.000292585697025, 0.00521478615701, 0.00201092706993, 0.00113340478856, 0.00198528729379, 0.00296342116781, 0.00247115595266, 0.0032636502292, 0.00177545635961, 0.00140330847353, 0.000566873932257, 0.000730417494196, 0.000450915860711, 0.000446348654805, 0.000266994145932, 0.000210377402254, 0.00027261080686, 0.000176277506398, 0.000192634135601, 0.000178521178896, 0.000156122419867, 0.000195725966478, 0.000114950438729, 0.000178406771738, 9.95017544483e-05, 5.22405862284e-05, 3.2843054214e-05], "dvar": [1.73293159378e-07, 7.68511308706e-05, 4.90124193675e-06, 1.71703641172e-06, 3.54941948899e-06, 8.27830535854e-06, 6.8016397563e-06, 1.4763031686e-05, 6.25226221018e-06, 3.03507840727e-06, 3.96460961838e-07, 5.76046943479e-07, 3.69045039861e-07, 3.05895042629e-07, 6.90506212209e-08, 3.68756403191e-08, 5.06973520942e-08, 3.03267420065e-08, 3.40598980131e-08, 6.57897132328e-08, 2.51641676385e-08, 3.25311475535e-08, 2.2634694119e-08, 3.04836262899e-08, 9.2131386964e-09, 8.25902990442e-09, 4.90169238532e-09], "dvar2": [3.16708337778e-07, 0.000120063734357, 1.36731187013e-05, 4.76352352052e-06, 9.28050758375e-06, 2.05438063858e-05, 1.37826928039e-05, 2.99146158795e-05, 1.46208249134e-05, 6.38454685031e-06, 8.96758194813e-07, 1.24009534375e-06, 8.33751016671e-07, 6.91343529979e-07, 1.85148621767e-07, 9.44826012983e-08, 1.26576026105e-07, 7.61941052474e-08, 8.64336868744e-08, 1.71089396872e-07, 5.8203472264e-08, 6.82169840616e-08, 5.12113196294e-08, 6.44031530328e-08, 2.23946194922e-08, 2.13713775565e-08, 1.29759722967e-08], "max": [0.00563331972808, 0.0937436819077, 0.0247337780893, 0.0185689087957, 0.0251543298364, 0.0436227582395, 0.0455305315554, 0.0572823882103, 0.0711203739047, 0.0375298857689, 0.0164042301476, 0.0128751350567, 0.0115920016542, 0.0109042553231, 0.00451006181538, 0.00373541004956, 0.00296749733388, 0.00235214270651, 0.00247590034269, 0.00356599409133, 0.00161577388644, 0.00144581811037, 0.00170945585705, 0.00155001389794, 0.00100691022817, 0.000972450186964, 0.000658240984194], "mean": [0.000326088629663, 0.00539976591244, 0.00163497158792, 0.00085796037456, 0.00232573621906, 0.00501662353054, 0.00478176726028, 0.00462885387242, 0.00201874831691, 0.00227887486108, 0.000651774986181, 0.000869038922247, 0.000469708582386, 0.000438366492745, 0.000288804090815, 0.000248713768087, 0.000292823038762, 0.000190529011888, 0.000183447802556, 0.000122728844872, 0.000178378875717, 0.00022237522353, 9.41160760703e-05, 0.000172108251718, 0.000110457418486, 3.94599373976e-05, 1.37432271003e-05], "median": [1.5685272956e-05, 0.000893246964552, 0.000622328952886, 0.00029902649112, 0.00136495556217, 0.00259808753617, 0.00272282655351, 0.00211064051837, 0.000747368438169, 0.00125389546156, 0.000286880705971, 0.000446984020527, 0.000161634117831, 0.000222808565013, 0.000163646036526, 0.000137500202982, 0.000210968573811, 0.000125982129248, 0.000117365481856, 4.45634213975e-05, 0.00012905235053, 0.000123963647638, 4.10261418438e-05, 0.000107119914901, 7.16290669516e-05, 2.2110854843e-05, 9.0942415909e-07], "min": [8.07752798615e-23, 3.12854157075e-23, 3.03747420567e-24, 4.62776257034e-24, 3.30338564842e-23, 6.38138616315e-23, 9.2740154092e-23, 1.90064738625e-22, 7.24724872796e-23, 9.79264412273e-23, 5.96625600038e-23, 4.13792160005e-23, 7.30847190727e-23, 1.72014692346e-22, 1.5333489525e-22, 1.43632726531e-22, 1.20350904242e-22, 1.45281004061e-22, 3.05441439408e-22, 3.97196413514e-22, 5.07781005179e-22, 4.85958411481e-22, 6.46929505538e-22, 9.5455521875e-22, 1.64093993694e-21, 1.76232162364e-21, 2.34510772563e-21], "var": [4.63205850565e-07, 0.000146697580931, 6.32266528555e-06, 2.47944626608e-06, 7.78037519922e-06, 3.41997329087e-05, 3.45136650139e-05, 4.10539360018e-05, 1.25999231386e-05, 9.42627048062e-06, 1.05771823655e-06, 1.33601963626e-06, 7.70480710344e-07, 5.6450090824e-07, 1.39019647349e-07, 9.38990680766e-08, 7.75779440687e-08, 4.32607905054e-08, 4.11097360598e-08, 5.51314123243e-08, 3.07637542107e-08, 5.08232389507e-08, 2.62934722883e-08, 3.88187046951e-08, 1.19295755496e-08, 6.34885299888e-09, 3.45278849956e-09]}, "erbbands": {"dmean": [0.084846265614, 1.00228452682, 1.506264925, 1.77827167511, 3.82992386818, 3.93360900879, 5.65597009659, 18.2922763824, 25.9679603577, 39.4242248535, 38.8868255615, 32.109703064, 39.7245674133, 7.39316940308, 17.6155948639, 24.4275093079, 14.5421028137, 15.5506572723, 8.30458259583, 8.04038333893, 6.72339010239, 6.48439979553, 6.33883619308, 6.69065999985, 4.78497695923, 5.35256004333, 3.86774682999, 4.09777545929, 3.53097844124, 4.58738851547, 2.05903220177, 2.25648164749, 1.79976820946, 0.820520877838, 0.357476830482, 0.167987078428, 0.0522017255425, 0.015242359601, 0.00304636103101, 0.000241993300733], "dmean2": [0.110469974577, 1.32308185101, 2.31458544731, 3.03401231766, 6.00000524521, 6.31419086456, 9.14186382294, 29.3042259216, 37.1467056274, 58.4746627808, 57.0486221313, 48.1812286377, 55.8259277344, 11.320104599, 27.8191738129, 36.6769638062, 22.412229538, 24.3670883179, 13.7201738358, 13.8490638733, 10.89564991, 10.6437501907, 10.3654079437, 11.1093988419, 7.86383867264, 8.85099506378, 6.24398899078, 6.60412216187, 5.27566385269, 7.13936948776, 3.17243790627, 3.35859704018, 2.77459859848, 1.2945933342, 0.573760092258, 0.272209912539, 0.088379599154, 0.0258822832257, 0.00519958743826, 0.000411821296439], "dvar": [0.024455755949, 5.27953147888, 6.77279949188, 10.5012979507, 46.8898468018, 37.9651947021, 70.5345458984, 838.118286133, 1554.18981934, 5326.54003906, 6013.91308594, 4577.78857422, 4624.46582031, 229.445587158, 967.426574707, 1455.27062988, 838.796325684, 867.93170166, 201.96257019, 173.891357422, 78.1549606323, 89.8931350708, 102.706687927, 122.577941895, 68.5962219238, 159.669586182, 71.7242431641, 35.3589668274, 38.7602882385, 36.7117919922, 18.6872062683, 11.4506673813, 7.65558862686, 1.44200658798, 0.478861868382, 0.134165272117, 0.0282503925264, 0.00287968269549, 0.000124438302009, 7.45807938074e-07], "dvar2": [0.04113439098, 8.3876581192, 16.8824996948, 29.1209106445, 126.697013855, 96.6415100098, 174.952011108, 2161.44897461, 3077.4362793, 10920.4921875, 13287.4238281, 10519.2783203, 9725.51367188, 611.541015625, 2204.12011719, 3121.62451172, 1868.72106934, 1967.328125, 537.91809082, 471.07598877, 186.458572388, 228.65637207, 258.855529785, 309.727294922, 174.634048462, 416.621124268, 178.225479126, 83.8050689697, 82.2350234985, 82.9339370728, 42.9090499878, 24.4901752472, 16.6740016937, 3.29978990555, 1.17146146297, 0.341494292021, 0.073891043663, 0.00762007804587, 0.000330013630446, 1.97473400476e-06], "max": [1.79450297356, 23.9947414398, 31.9459991455, 34.9962921143, 113.857971191, 114.958351135, 127.546653748, 452.803619385, 661.568664551, 1188.0378418, 1556.36242676, 1869.71716309, 1420.39953613, 625.097167969, 823.256530762, 653.981323242, 587.164733887, 578.015686035, 259.63873291, 267.15222168, 195.73576355, 121.058616638, 142.450302124, 158.665313721, 98.912979126, 167.921844482, 95.3643493652, 64.1976013184, 64.3744735718, 59.9449691772, 61.1333312988, 39.4286346436, 26.1785411835, 13.8517208099, 7.5114979744, 4.04913663864, 1.77049016953, 0.557897150517, 0.108353950083, 0.00875581149012], "mean": [0.122029297054, 1.30515003204, 2.12632369995, 2.61373090744, 6.32867050171, 6.50147914886, 10.5331640244, 47.6859359741, 84.2384643555, 86.2183532715, 77.0425338745, 59.9650306702, 90.2001953125, 17.9430427551, 33.747592926, 46.2613296509, 25.5960655212, 25.4288978577, 16.0359973907, 14.6617937088, 14.4782533646, 12.3289451599, 11.3483533859, 10.5964851379, 7.51200914383, 6.28297472, 5.34595251083, 7.76541185379, 5.72413015366, 8.60845661163, 2.37820577621, 3.63728904724, 2.51699662209, 1.37508714199, 0.525942862034, 0.280877202749, 0.0556767433882, 0.0119597557932, 0.00217873463407, 0.000208747704164], "median": [0.0199415646493, 0.183812424541, 0.715536653996, 1.17602658272, 2.62200403214, 3.7509431839, 6.22927045822, 24.1136665344, 45.2164535522, 41.2090339661, 38.6827087402, 27.0930633545, 50.6302566528, 12.2469396591, 17.034236908, 25.8365459442, 11.6308298111, 13.7791519165, 9.12205505371, 10.3934316635, 9.68862056732, 9.15694713593, 7.82806921005, 6.67419719696, 4.08962631226, 2.51795840263, 2.62454175949, 6.14653873444, 2.83632278442, 5.51810264587, 0.714417099953, 2.19261145592, 1.59846198559, 0.921234548092, 0.23003514111, 0.200211405754, 0.0236395765096, 0.00165568781085, 0.000129651933094, 5.29201934114e-05], "min": [1.52426183023e-21, 5.25275602504e-21, 3.50492339072e-21, 1.26036774843e-20, 8.95052138906e-20, 1.04783659857e-19, 1.45241916647e-19, 6.45760310379e-19, 1.09664844897e-18, 2.95934762245e-18, 3.02272227188e-18, 1.49627129362e-18, 3.31179232426e-18, 2.22815511613e-18, 1.92951396368e-18, 1.92859662038e-18, 3.19103987805e-18, 6.78751861104e-18, 7.92522572068e-18, 1.04138316808e-17, 7.0155561759e-18, 6.87259289627e-18, 7.32498459072e-18, 1.10028024749e-17, 1.83286431975e-17, 1.87334720068e-17, 1.55530717393e-17, 2.31162851736e-17, 1.7650995333e-17, 1.47586822206e-17, 1.94245830629e-17, 1.83985498855e-17, 1.80545569016e-17, 1.54895492314e-17, 1.27971325858e-17, 8.47728275277e-18, 3.02065390676e-18, 1.09443646461e-18, 3.53146771351e-19, 3.40051138699e-20], "var": [0.0498273819685, 9.87293052673, 10.9584407806, 14.1137924194, 93.1530609131, 68.7451858521, 157.684036255, 3245.35302734, 9348.12011719, 15213.4326172, 12295.6894531, 9571.09570312, 14224.8369141, 539.891967773, 2499.87573242, 3438.72631836, 1753.53466797, 1622.67285156, 436.503570557, 235.09828186, 208.612503052, 121.246353149, 137.897186279, 146.625442505, 86.2597579956, 135.125991821, 67.0200042725, 45.2804985046, 54.1146774292, 57.6660728455, 20.0661869049, 16.2568912506, 8.90803527832, 1.87400019169, 0.497185766697, 0.120734632015, 0.02078089118, 0.00205203634687, 8.74074175954e-05, 5.33032334715e-07]}, "gfcc": {"mean": [21.122838974, 71.7220458984, -114.687103271, 13.4131002426, -79.4893798828, 13.8749456406, -45.2055244446, 14.5360355377, -17.4365787506, 9.50144100189, -15.2735557556, 5.05134344101, -10.8370161057], "cov": [[6997.84814453, 2380.59692383, 810.985778809, 95.0772247314, 168.14642334, 108.403434753, 679.410522461, 171.856689453, -141.571762085, -35.1979217529, 386.043121338, -215.455581665, -309.495147705], [2380.59692383, 1518.00708008, 307.127838135, -53.2241287231, -5.26861763, 17.4332008362, 235.565490723, 61.8105621338, -118.04901123, -33.5409202576, 117.018386841, -126.055755615, -176.046600342], [810.985778809, 307.127838135, 417.702056885, 168.665130615, 150.401748657, 106.268783569, 166.592422485, 57.5718269348, 6.75607585907, -28.9797229767, 37.4642791748, -29.4083347321, -65.4125595093], [95.0772247314, -53.2241287231, 168.665130615, 271.120727539, 117.938674927, 122.318557739, 56.0447654724, 53.9546585083, 20.5009326935, -9.58156776428, -3.6105902195, 4.09046840668, -5.66024780273], [168.14642334, -5.26861763, 150.401748657, 117.938674927, 197.393112183, 100.799949646, 89.5339431763, 23.2121524811, 20.5975914001, -0.418695241213, 18.341085434, -11.4617824554, -15.5991973877], [108.403434753, 17.4332008362, 106.268783569, 122.318557739, 100.799949646, 204.641311646, 80.9332427979, 64.0254516602, 44.0089225769, 16.3308830261, -3.61677575111, 4.24460601807, -7.13876438141], [679.410522461, 235.565490723, 166.592422485, 56.0447654724, 89.5339431763, 80.9332427979, 218.912857056, 87.6555023193, 17.3724975586, -4.67471551895, 52.3963508606, -28.2624759674, -55.0342025757], [171.856689453, 61.8105621338, 57.5718269348, 53.9546585083, 23.2121524811, 64.0254516602, 87.6555023193, 110.64176178, 56.456287384, 14.4152135849, 16.5331287384, 2.0276556015, -12.1986293793], [-141.571762085, -118.04901123, 6.75607585907, 20.5009326935, 20.5975914001, 44.0089225769, 17.3724975586, 56.456287384, 122.17755127, 64.9901199341, 14.087231636, 24.6039657593, 18.8982906342], [-35.1979217529, -33.5409202576, -28.9797229767, -9.58156776428, -0.418695241213, 16.3308830261, -4.67471551895, 14.4152135849, 64.9901199341, 86.4549331665, 46.2162284851, 26.2090377808, 10.0822439194], [386.043121338, 117.018386841, 37.4642791748, -3.6105902195, 18.341085434, -3.61677575111, 52.3963508606, 16.5331287384, 14.087231636, 46.2162284851, 110.881851196, 34.4643936157, -5.61589193344], [-215.455581665, -126.055755615, -29.4083347321, 4.09046840668, -11.4617824554, 4.24460601807, -28.2624759674, 2.0276556015, 24.6039657593, 26.2090377808, 34.4643936157, 91.4403839111, 60.4435119629], [-309.495147705, -176.046600342, -65.4125595093, -5.66024780273, -15.5991973877, -7.13876438141, -55.0342025757, -12.1986293793, 18.8982906342, 10.0822439194, -5.61589193344, 60.4435119629, 96.4553070068]], "icov": [[0.000453415268566, -0.000481635855976, -0.000218525019591, -0.000181377865374, 0.00028854017728, -5.55168553547e-05, -0.000588145921938, 0.000386229832657, -0.000232544422033, 0.000470889062854, -0.00131740840152, 0.000945185543969, -0.000499870220665], [-0.000481635855976, 0.00195738812909, -0.000976998824626, 0.00109037349466, 0.000608905917034, -0.000452726468211, 0.000502432114445, -0.00157906580716, 0.00235687755048, -0.00130642706063, -8.6473650299e-05, 0.000741976546124, 0.000785274198279], [-0.000218525019591, -0.000976998824626, 0.00631212349981, -0.00284916441888, -0.00205966341309, 0.000265137292445, -0.002002957277, 0.00244626495987, -0.00356837688014, 0.00376453227364, 0.000231595433434, -0.00236245128326, 0.00228173821233], [-0.000181377865374, 0.00109037349466, -0.00284916441888, 0.00784638617188, -0.00220098858699, -0.00239406060427, 0.0028038714081, -0.00452535925433, 0.00301445974037, -0.00079292623559, 0.000308779068291, -8.62371816766e-05, -5.01192971569e-06], [0.00028854017728, 0.000608905917034, -0.00205966341309, -0.00220098858699, 0.0110774990171, -0.00331932445988, -0.00349524756894, 0.00476260017604, -0.00187719741371, 0.00154144014232, -0.00377802853473, 0.00404317071661, -0.00188181374688], [-5.55168553547e-05, -0.000452726468211, 0.000265137292445, -0.00239406060427, -0.00331932445988, 0.0098442453891, -0.00194256193936, -0.00255305832252, 0.000653158524074, -0.00440957630053, 0.00547669595107, -0.0032931054011, 0.00051083980361], [-0.000588145921938, 0.000502432114445, -0.002002957277, 0.0028038714081, -0.00349524756894, -0.00194256193936, 0.0143703678623, -0.00940586254001, 0.00132455956191, 0.00282845739275, -0.00443843379617, 0.00196077511646, 0.00209440779872], [0.000386229832657, -0.00157906580716, 0.00244626495987, -0.00452535925433, 0.00476260017604, -0.00255305832252, -0.00940586254001, 0.0247736070305, -0.014136120677, 0.00755219813436, -0.00170139793772, -0.00123742758296, 0.000754970009439], [-0.000232544422033, 0.00235687755048, -0.00356837688014, 0.00301445974037, -0.00187719741371, 0.000653158524074, 0.00132455956191, -0.014136120677, 0.0275514945388, -0.0218206662685, 0.00697932159528, -0.000236125139054, -0.00253773457371], [0.000470889062854, -0.00130642706063, 0.00376453227364, -0.00079292623559, 0.00154144014232, -0.00440957630053, 0.00282845739275, 0.00755219813436, -0.0218206662685, 0.0371107831597, -0.0176661293954, 0.00212328974158, 0.0021618634928], [-0.00131740840152, -8.6473650299e-05, 0.000231595433434, 0.000308779068291, -0.00377802853473, 0.00547669595107, -0.00443843379617, -0.00170139793772, 0.00697932159528, -0.0176661293954, 0.0285489782691, -0.0161833167076, 0.0051195290871], [0.000945185543969, 0.000741976546124, -0.00236245128326, -8.62371816766e-05, 0.00404317071661, -0.0032931054011, 0.00196077511646, -0.00123742758296, -0.000236125139054, 0.00212328974158, -0.0161833167076, 0.031192842871, -0.0165125895292], [-0.000499870220665, 0.000785274198279, 0.00228173821233, -5.01192971569e-06, -0.00188181374688, 0.00051083980361, 0.00209440779872, 0.000754970009439, -0.00253773457371, 0.0021618634928, 0.0051195290871, -0.0165125895292, 0.0236847642809]]}, "melbands": {"dmean": [0.000986395636573, 0.000996444723569, 0.000351181661244, 0.000270283897407, 0.000202359631658, 0.000415313668782, 0.000381497084163, 0.000449528219178, 0.000303777283989, 0.00018591422122, 0.000196141409106, 2.78187835647e-05, 5.02752773173e-05, 6.14106829744e-05, 4.08173145843e-05, 2.53050911851e-05, 3.37680830853e-05, 1.30927392092e-05, 9.15207874641e-06, 1.25616434161e-05, 8.82185577211e-06, 7.63684874983e-06, 7.73628835304e-06, 5.47995750821e-06, 5.9120802689e-06, 3.89730621464e-06, 3.22449045598e-06, 3.70392763216e-06, 2.52253607869e-06, 2.62211892732e-06, 2.17874526243e-06, 1.79655751253e-06, 3.13611803904e-06, 2.14989586311e-06, 1.15320904115e-06, 1.09813265681e-06, 1.69180066223e-06, 1.33174967232e-06, 1.22799792734e-06, 5.23019764387e-07], "dmean2": [0.00126705109142, 0.00140080985148, 0.000582360546105, 0.00042664798093, 0.0003232958843, 0.000651858106721, 0.000548824958969, 0.000662683916744, 0.000444245059043, 0.0002821428061, 0.000275886792224, 4.38419046986e-05, 7.99652552814e-05, 9.3103517429e-05, 6.14897580817e-05, 3.96190625906e-05, 5.29296667082e-05, 2.15902819036e-05, 1.54767403728e-05, 2.15626441786e-05, 1.42980425153e-05, 1.24829475681e-05, 1.29602876768e-05, 8.98944836081e-06, 9.90865737549e-06, 6.49601997793e-06, 5.29698672835e-06, 6.17582236373e-06, 4.18434319727e-06, 4.2021729314e-06, 3.55193947144e-06, 2.75594584309e-06, 4.91621176479e-06, 3.36686639457e-06, 1.80759695922e-06, 1.64433072314e-06, 2.59788498624e-06, 2.12464328797e-06, 1.91026106222e-06, 8.43374493797e-07], "dvar": [4.17558021581e-06, 3.58154079549e-06, 3.74548477566e-07, 1.73825014826e-07, 8.82065975816e-08, 4.17635448002e-07, 3.35542665653e-07, 6.75321814469e-07, 3.49901455365e-07, 1.55985063088e-07, 1.13849893069e-07, 4.17380086049e-09, 7.56976259453e-09, 7.98237920208e-09, 3.98738553287e-09, 3.34540195546e-09, 4.51418102898e-09, 4.62221344533e-10, 2.12482920148e-10, 3.56361412601e-10, 1.28562702151e-10, 1.02391130297e-10, 1.68551839153e-10, 8.22475768048e-11, 9.72382729891e-11, 4.13186047876e-11, 4.2713343279e-11, 8.49644937739e-11, 4.08588718415e-11, 1.3966337635e-11, 1.25508128196e-11, 1.2497132669e-11, 1.79374761572e-11, 9.73912270275e-12, 6.77563170501e-12, 4.46751533337e-12, 5.81035219938e-12, 3.86920833914e-12, 3.04228062013e-12, 8.13291654075e-13], "dvar2": [6.47535944154e-06, 6.6178781708e-06, 1.02088631593e-06, 4.72998578971e-07, 2.1625170632e-07, 1.03189677247e-06, 6.61377612232e-07, 1.34405649987e-06, 7.78037474447e-07, 3.66604012925e-07, 2.39635880916e-07, 1.12942624142e-08, 1.73808878401e-08, 1.73005627602e-08, 8.60304449901e-09, 8.09779976407e-09, 1.01672794628e-08, 1.22695309468e-09, 5.58561308317e-10, 9.44328171215e-10, 3.13994219514e-10, 2.58552596e-10, 4.41720326982e-10, 2.10149522784e-10, 2.48141063253e-10, 1.06539672917e-10, 1.09868190934e-10, 2.23662033338e-10, 1.05570066578e-10, 3.11307438161e-11, 3.08826644813e-11, 2.77690787032e-11, 3.7787984547e-11, 2.29023189302e-11, 1.58540975487e-11, 1.03858293493e-11, 1.23747271111e-11, 8.74662755418e-12, 5.94422731523e-12, 2.05032648845e-12], "max": [0.0225561652333, 0.0210607070476, 0.00817241054028, 0.00613273400813, 0.0047076982446, 0.00999183394015, 0.0103411581367, 0.0132594574243, 0.0115287788212, 0.0100770322606, 0.00706326309592, 0.00272389524616, 0.00217979890294, 0.00146207155194, 0.00120903656352, 0.00109446269926, 0.00132820359431, 0.000387346546631, 0.000231196929235, 0.00031888045487, 0.000219085020944, 0.00012398295803, 0.000177672613063, 0.000113299378427, 0.000153017404955, 7.45419092709e-05, 7.59370814194e-05, 0.00013306926121, 8.1407444668e-05, 3.88633670809e-05, 4.08018495364e-05, 4.31768967246e-05, 3.57464377885e-05, 3.3270327549e-05, 4.35672154708e-05, 2.54928490904e-05, 2.62764242507e-05, 1.80883744179e-05, 1.59054234246e-05, 1.05469671325e-05], "mean": [0.00137287378311, 0.00141359830741, 0.000568664865568, 0.000470485247206, 0.000362968625268, 0.00112009153236, 0.0012259054929, 0.00096512795426, 0.000578612438403, 0.000346622662619, 0.000435668014688, 5.78394174227e-05, 9.05971319298e-05, 0.000120795419207, 7.73585998104e-05, 4.11805704061e-05, 5.14379644301e-05, 2.43770173256e-05, 1.67862472154e-05, 2.36865034822e-05, 1.66496374732e-05, 1.39196936288e-05, 1.18910083984e-05, 9.19207104744e-06, 8.62258457346e-06, 5.96667450736e-06, 4.20174046667e-06, 4.1258440433e-06, 2.84848761112e-06, 4.91658738611e-06, 3.86263673136e-06, 2.37750691667e-06, 5.64792480873e-06, 3.8785669858e-06, 1.14923568617e-06, 1.22336052755e-06, 2.87644297714e-06, 1.78126856554e-06, 1.88489650554e-06, 8.35945797917e-07], "median": [0.000243726623012, 0.000383160455385, 0.000288840034045, 0.000257770065218, 0.000201643590117, 0.00054236582946, 0.000676659867167, 0.000457610352896, 0.000283341039903, 0.000148504972458, 0.000235884886933, 3.2835505408e-05, 4.09526146541e-05, 7.5012925663e-05, 4.63188007416e-05, 1.50995383592e-05, 2.55561881204e-05, 1.44119758261e-05, 1.00495235529e-05, 1.43680226756e-05, 1.14278691399e-05, 1.020039781e-05, 7.73959982325e-06, 5.85127418162e-06, 5.10997870151e-06, 3.40862220582e-06, 1.66511790667e-06, 1.60911747571e-06, 9.22494564293e-07, 3.71775627173e-06, 2.91924652629e-06, 7.71234908825e-07, 3.17125704896e-06, 2.66499250756e-06, 1.28019053136e-07, 3.2962910268e-07, 1.92375409824e-06, 1.08941048893e-06, 1.22439803363e-06, 5.48511593479e-07], "min": [1.44180028761e-23, 3.61456579532e-24, 3.83584364582e-24, 8.27595237845e-24, 4.34819815413e-24, 1.3507853029e-23, 1.82282373359e-23, 3.84852166608e-23, 2.02579433129e-23, 1.01631632547e-23, 1.76274392928e-23, 1.00188790174e-23, 7.1605306686e-24, 4.54011262959e-24, 4.39198624526e-24, 1.11272041345e-23, 1.18462003625e-23, 1.3791428014e-23, 1.18373304105e-23, 1.31148220156e-23, 7.49341734883e-24, 6.9844498148e-24, 5.94520406384e-24, 7.35083862882e-24, 8.37374430942e-24, 1.47781099907e-23, 1.24862363471e-23, 1.30504967197e-23, 7.88276517062e-24, 1.31541845971e-23, 1.34985697139e-23, 9.55823158039e-24, 9.71271263374e-24, 7.65162576995e-24, 1.06628703505e-23, 1.3129236871e-23, 1.02092485088e-23, 1.24085493252e-23, 1.26062102579e-23, 1.34368082159e-23], "var": [8.16341071186e-06, 6.93527317708e-06, 5.94562152401e-07, 3.44588642065e-07, 2.02902924684e-07, 1.78806135409e-06, 2.00140789275e-06, 1.97504436983e-06, 6.98837595792e-07, 3.32351959287e-07, 3.46067224655e-07, 8.94988083644e-09, 1.95454941121e-08, 1.9432532028e-08, 8.850875588e-09, 6.81078571318e-09, 8.34040392306e-09, 9.53652823377e-10, 3.95854626856e-10, 7.55996376611e-10, 2.90541507519e-10, 1.57551874325e-10, 1.85331361369e-10, 1.1161828406e-10, 1.11399930947e-10, 5.28414950685e-11, 4.32024936659e-11, 6.84927670136e-11, 3.37622048374e-11, 1.92120434145e-11, 1.40517094488e-11, 1.57488692226e-11, 2.96232413599e-11, 1.32994735016e-11, 6.91814921322e-12, 4.8835384521e-12, 8.40705803584e-12, 4.11822182259e-12, 4.53043765697e-12, 8.27735829097e-13]}, "mfcc": {"mean": [-625.048034668, 110.071434021, 9.44018554688, 1.38882434368, -5.42066431046, -8.18827342987, -11.437417984, -3.16423392296, 3.91745042801, -6.46343517303, 7.60607051849, 4.77831697464, -0.0682949051261], "cov": [[6060.27832031, 1830.3503418, 575.07824707, 343.487579346, -207.345046997, 118.469795227, 580.960876465, 300.593170166, -280.690032959, 456.405456543, 187.40272522, 98.9546356201, 190.119247437], [1830.3503418, 1181.05444336, 200.570114136, 43.5688591003, -123.3854599, -37.0675163269, 201.226104736, 41.1125831604, -102.376602173, 83.6650848389, 108.638183594, 6.22283267975, 44.2084388733], [575.07824707, 200.570114136, 296.583435059, 124.450485229, 60.106628418, 85.4510040283, 102.837493896, 114.998077393, 22.6023292542, 52.9630699158, 44.8353462219, 45.9827003479, 16.223903656], [343.487579346, 43.5688591003, 124.450485229, 178.422195435, 58.362361908, 54.7815093994, 83.3952178955, 64.4098205566, -5.89758729935, 41.3142242432, 7.32693147659, 22.6924724579, 20.4742259979], [-207.345046997, -123.3854599, 60.106628418, 58.362361908, 170.262115479, 94.475440979, 18.2683067322, 33.1665687561, 52.2798347473, -5.05268144608, 9.38808345795, 20.8770427704, -5.58583402634], [118.469795227, -37.0675163269, 85.4510040283, 54.7815093994, 94.475440979, 146.894470215, 69.0436859131, 66.6803131104, 38.3343887329, 38.47315979, 25.3329105377, 29.0165615082, 10.7038917542], [580.960876465, 201.226104736, 102.837493896, 83.3952178955, 18.2683067322, 69.0436859131, 180.822891235, 102.129760742, -16.0440483093, 59.1876754761, 40.1353988647, 22.2824554443, 4.86242866516], [300.593170166, 41.1125831604, 114.998077393, 64.4098205566, 33.1665687561, 66.6803131104, 102.129760742, 151.031799316, 48.4854850769, 55.7318153381, 41.8138504028, 33.1535568237, 15.0771026611], [-280.690032959, -102.376602173, 22.6023292542, -5.89758729935, 52.2798347473, 38.3343887329, -16.0440483093, 48.4854850769, 115.74811554, 23.3453273773, 16.3209285736, 9.50059509277, -5.48333692551], [456.405456543, 83.6650848389, 52.9630699158, 41.3142242432, -5.05268144608, 38.47315979, 59.1876754761, 55.7318153381, 23.3453273773, 129.087493896, 55.2132492065, 20.0420684814, 11.1203508377], [187.40272522, 108.638183594, 44.8353462219, 7.32693147659, 9.38808345795, 25.3329105377, 40.1353988647, 41.8138504028, 16.3209285736, 55.2132492065, 104.866851807, 51.8307914734, 13.8555841446], [98.9546356201, 6.22283267975, 45.9827003479, 22.6924724579, 20.8770427704, 29.0165615082, 22.2824554443, 33.1535568237, 9.50059509277, 20.0420684814, 51.8307914734, 104.297195435, 60.8969650269], [190.119247437, 44.2084388733, 16.223903656, 20.4742259979, -5.58583402634, 10.7038917542, 4.86242866516, 15.0771026611, -5.48333692551, 11.1203508377, 13.8555841446, 60.8969650269, 102.790496826]], "icov": [[0.000714973954018, -0.000805950141512, -0.000305614084937, -2.90441039397e-06, 3.9068661863e-05, -0.000262207817286, 1.73483913386e-05, -0.000870580319315, 0.00178699661046, -0.00215240661055, 0.00108614366036, -0.000155678149895, -0.000496651395224], [-0.000805950141512, 0.00289505440742, -0.00160026492085, 0.000887294823769, 0.00071095925523, 0.00160435610451, -0.00306231714785, 0.00311398669146, -0.00190990231931, 0.00255763763562, -0.00354446726851, 0.00250054872595, -0.00150115147699], [-0.000305614084937, -0.00160026492085, 0.00822118483484, -0.00392481591552, -0.00052625493845, -0.00246343389153, 0.00319722970016, -0.00462917378172, -0.000471899256809, 0.00119572586846, 0.000870085845236, -0.00326940068044, 0.00315846060403], [-2.90441039397e-06, 0.000887294823769, -0.00392481591552, 0.0114254197106, -0.00406597694382, 0.0023612442892, -0.00377806904726, -2.56379898929e-05, 0.00276815216057, -0.00314239994623, 0.00233460054733, 0.000932438473683, -0.00269636209123], [3.9068661863e-05, 0.00071095925523, -0.00052625493845, -0.00406597694382, 0.0133364507928, -0.00732274912298, -9.01511593838e-05, 0.00272677582689, -0.00454234657809, 0.00419265404344, -0.00213203043677, -0.000725385965779, 0.00162772298791], [-0.000262207817286, 0.00160435610451, -0.00246343389153, 0.0023612442892, -0.00732274912298, 0.0161037500948, -0.00599384773523, 0.000942008628044, -0.00159272854216, -0.00206119497307, -0.000415776623413, 0.000948539702222, -0.00258392211981], [1.73483913386e-05, -0.00306231714785, 0.00319722970016, -0.00377806904726, -9.01511593838e-05, -0.00599384773523, 0.0189441982657, -0.0119951637462, 0.00682260328904, -0.0018809059402, 0.00184691231698, -0.00320221972652, 0.00523100188002], [-0.000870580319315, 0.00311398669146, -0.00462917378172, -2.56379898929e-05, 0.00272677582689, 0.000942008628044, -0.0119951637462, 0.0217689797282, -0.0110081881285, 0.00281142350286, -0.0046404665336, 0.0020815229509, -0.00306788343005], [0.00178699661046, -0.00190990231931, -0.000471899256809, 0.00276815216057, -0.00454234657809, -0.00159272854216, 0.00682260328904, -0.0110081881285, 0.0210635084659, -0.00885646883398, 0.00288071599789, -0.00030164400232, 0.000122432844364], [-0.00215240661055, 0.00255763763562, 0.00119572586846, -0.00314239994623, 0.00419265404344, -0.00206119497307, -0.0018809059402, 0.00281142350286, -0.00885646883398, 0.0200668927282, -0.0101237138733, 0.00307260989211, 0.000338232028298], [0.00108614366036, -0.00354446726851, 0.000870085845236, 0.00233460054733, -0.00213203043677, -0.000415776623413, 0.00184691231698, -0.0046404665336, 0.00288071599789, -0.0101237138733, 0.0226153600961, -0.0126315746456, 0.00511778378859], [-0.000155678149895, 0.00250054872595, -0.00326940068044, 0.000932438473683, -0.000725385965779, 0.000948539702222, -0.00320221972652, 0.0020815229509, -0.00030164400232, 0.00307260989211, -0.0126315746456, 0.0245990455151, -0.0139684705064], [-0.000496651395224, -0.00150115147699, 0.00315846060403, -0.00269636209123, 0.00162772298791, -0.00258392211981, 0.00523100188002, -0.00306788343005, 0.000122432844364, 0.000338232028298, 0.00511778378859, -0.0139684705064, 0.019446907565]]}, "spectral_contrast_coeffs": {"dmean": [0.0512487776577, 0.0449801534414, 0.0388878472149, 0.0341894812882, 0.0230740401894, 0.019946301356], "dmean2": [0.083991356194, 0.0723513141274, 0.0610933080316, 0.0549143999815, 0.0373419634998, 0.0320094265044], "dvar": [0.00173243600875, 0.00139217800461, 0.00097574677784, 0.000811406527646, 0.000392910733353, 0.000268637668341], "dvar2": [0.00473722349852, 0.00355169875547, 0.00237189466134, 0.00195700838231, 0.00092977960594, 0.000636593613308], "max": [-0.263305515051, -0.34527182579, -0.499672591686, -0.466537624598, -0.638564050198, -0.674831390381], "mean": [-0.645086109638, -0.668360114098, -0.701659619808, -0.724533438683, -0.771715760231, -0.73281109333], "median": [-0.652810513973, -0.669984221458, -0.701388418674, -0.726202249527, -0.774133682251, -0.732074737549], "min": [-0.965265393257, -0.968307554722, -0.971374213696, -0.96264976263, -0.952800750732, -0.96006578207], "var": [0.00677342852578, 0.00568885402754, 0.00381516525522, 0.0034002927132, 0.00135577027686, 0.00058143818751]}, "spectral_contrast_valleys": {"dmean": [0.479579716921, 0.336793273687, 0.330808609724, 0.354426205158, 0.348726958036, 0.38718149066], "dmean2": [0.758416950703, 0.548496246338, 0.524503946304, 0.533170700073, 0.49656650424, 0.531269609928], "dvar": [0.249677434564, 0.13559935987, 0.131266161799, 0.167127326131, 0.189800262451, 0.175302252173], "dvar2": [0.479160249233, 0.266537636518, 0.251284480095, 0.307840287685, 0.321878731251, 0.267363637686], "max": [-5.4364695549, -4.56993484497, -5.57493829727, -6.04969501495, -5.82761383057, -8.02287101746], "mean": [-7.7132935524, -6.42443847656, -7.33940172195, -8.17016029358, -7.849742412