{"lowlevel": {"average_loudness": 0.944675505161, "barkbands_crest": {"dmean": 2.37934160233, "dmean2": 3.82232403755, "dvar": 5.37108182907, "dvar2": 13.8857660294, "max": 25.1610584259, "mean": 9.31589317322, "median": 8.4862575531, "min": 2.67646622658, "var": 15.1313323975}, "barkbands_flatness_db": {"dmean": 0.0181666277349, "dmean2": 0.0253793485463, "dvar": 0.000268594070803, "dvar2": 0.000580049760174, "max": 0.347253233194, "mean": 0.112471982837, "median": 0.106598988175, "min": 0.0265637170523, "var": 0.00172421615571}, "barkbands_kurtosis": {"dmean": 1.68952667713, "dmean2": 2.62422776222, "dvar": 6.40883827209, "dvar2": 15.0265722275, "max": 56.8933944702, "mean": 2.38517379761, "median": 1.28953695297, "min": -1.79541885853, "var": 19.8815059662}, "barkbands_skewness": {"dmean": 0.409078091383, "dmean2": 0.615837037563, "dvar": 0.172534301877, "dvar2": 0.399262726307, "max": 7.10106277466, "mean": 1.27413773537, "median": 1.1730080843, "min": -2.05167579651, "var": 0.82360881567}, "barkbands_spread": {"dmean": 5.51437711716, "dmean2": 7.80287361145, "dvar": 39.6267852783, "dvar2": 74.9829025269, "max": 92.4697036743, "mean": 24.5889625549, "median": 21.8152599335, "min": 2.08448791504, "var": 178.139205933}, "dissonance": {"dmean": 0.0179887674749, "dmean2": 0.0298797674477, "dvar": 0.000283292785753, "dvar2": 0.000762519484852, "max": 0.499999910593, "mean": 0.4581579566, "median": 0.464838325977, "min": 0.28841650486, "var": 0.000773206818849}, "dynamic_complexity": 2.85041999817, "erbbands_crest": {"dmean": 2.22800540924, "dmean2": 3.50381278992, "dvar": 4.66603136063, "dvar2": 10.9767007828, "max": 28.514251709, "mean": 8.76533699036, "median": 7.75256586075, "min": 2.30887103081, "var": 16.3097934723}, "erbbands_flatness_db": {"dmean": 0.0183034781367, "dmean2": 0.0232115145773, "dvar": 0.00031069299439, "dvar2": 0.000513977895025, "max": 0.331590294838, "mean": 0.140367642045, "median": 0.13455350697, "min": 0.0335797667503, "var": 0.00224043894559}, "erbbands_kurtosis": {"dmean": 0.643209040165, "dmean2": 0.986913740635, "dvar": 0.637993335724, "dvar2": 1.45132410526, "max": 18.2344512939, "mean": 0.2169226408, "median": -0.188458681107, "min": -1.7527244091, "var": 2.32212615013}, "erbbands_skewness": {"dmean": 0.297889173031, "dmean2": 0.450343072414, "dvar": 0.0731779485941, "dvar2": 0.167114913464, "max": 3.48908233643, "mean": 0.273333191872, "median": 0.237829327583, "min": -2.01946282387, "var": 0.418651878834}, "erbbands_spread": {"dmean": 6.91963434219, "dmean2": 10.0393514633, "dvar": 62.0991363525, "dvar2": 119.750946045, "max": 115.531448364, "mean": 37.8557472229, "median": 34.2533035278, "min": 4.99297714233, "var": 346.199127197}, "hfc": {"dmean": 6.47709417343, "dmean2": 8.80657672882, "dvar": 56.7321929932, "dvar2": 111.778358459, "max": 140.337081909, "mean": 27.398519516, "median": 26.4303855896, "min": 1.18641218239e-16, "var": 284.052825928}, "melbands_crest": {"dmean": 2.83095240593, "dmean2": 4.51926136017, "dvar": 7.08321619034, "dvar2": 17.6712055206, "max": 32.0083312988, "mean": 13.159576416, "median": 11.9547691345, "min": 1.84393823147, "var": 29.603635788}, "melbands_flatness_db": {"dmean": 0.0211797822267, "dmean2": 0.0308260917664, "dvar": 0.000407263956731, "dvar2": 0.000930615176912, "max": 0.453481644392, "mean": 0.179414778948, "median": 0.179363399744, "min": 0.00462397746742, "var": 0.00255638477392}, "melbands_kurtosis": {"dmean": 4.27972078323, "dmean2": 6.63439893723, "dvar": 67.0284347534, "dvar2": 162.701202393, "max": 282.536071777, "mean": 8.79436302185, "median": 4.83601999283, "min": -1.60923218727, "var": 182.162872314}, "melbands_skewness": {"dmean": 0.553308486938, "dmean2": 0.835659205914, "dvar": 0.398438721895, "dvar2": 0.920635163784, "max": 14.8260536194, "mean": 2.18404579163, "median": 1.94324469566, "min": -0.916548073292, "var": 2.09933161736}, "melbands_spread": {"dmean": 6.22713088989, "dmean2": 9.31384944916, "dvar": 58.0914916992, "dvar2": 119.13004303, "max": 164.293563843, "mean": 25.3156890869, "median": 22.168636322, "min": 1.64523625374, "var": 228.346496582}, "pitch_salience": {"dmean": 0.0608100406826, "dmean2": 0.0982211455703, "dvar": 0.00312141142786, "dvar2": 0.00837448518723, "max": 0.943904936314, "mean": 0.526956140995, "median": 0.536342382431, "min": 0.0791152343154, "var": 0.0115850698203}, "silence_rate_20dB": {"dmean": 0, "dmean2": 0, "dvar": 0, "dvar2": 0, "max": 1, "mean": 1, "median": 1, "min": 1, "var": 0}, "silence_rate_30dB": {"dmean": 0, "dmean2": 0, "dvar": 0, "dvar2": 0, "max": 1, "mean": 1, "median": 1, "min": 1, "var": 0}, "silence_rate_60dB": {"dmean": 0.00934579409659, "dmean2": 0.0186941586435, "dvar": 0.00925821717829, "dvar2": 0.020270511508, "max": 1, "mean": 0.0501580312848, "median": 0, "min": 0, "var": 0.0476416684687}, "spectral_centroid": {"dmean": 208.651260376, "dmean2": 308.192596436, "dvar": 53728.46875, "dvar2": 103422.859375, "max": 10662.5449219, "mean": 1335.61108398, "median": 1248.95605469, "min": 251.351776123, "var": 259054.75}, "spectral_complexity": {"dmean": 3.03655862808, "dmean2": 4.60838508606, "dvar": 9.38588523865, "dvar2": 20.5477466583, "max": 51, "mean": 20.1036148071, "median": 20, "min": 0, "var": 51.5406227112}, "spectral_decrease": {"dmean": 2.05051042812e-09, "dmean2": 3.19163473428e-09, "dvar": 7.56907400896e-18, "dvar2": 1.86641641976e-17, "max": -4.99984082571e-29, "mean": -7.52313944474e-09, "median": -7.11144565457e-09, "min": -2.87635000262e-08, "var": 1.93041571463e-17}, "spectral_energy": {"dmean": 0.00810925289989, "dmean2": 0.0125409802422, "dvar": 0.000114316680992, "dvar2": 0.000279934116406, "max": 0.112198323011, "mean": 0.0308792237192, "median": 0.0294009819627, "min": 1.09497960885e-20, "var": 0.000308880757075}, "spectral_energyband_high": {"dmean": 0.000442049175035, "dmean2": 0.000567951647099, "dvar": 6.27392523711e-07, "dvar2": 1.12290558718e-06, "max": 0.0172210279852, "mean": 0.00101357977837, "median": 0.000507365446538, "min": 8.21276610931e-21, "var": 2.17423030335e-06}, "spectral_energyband_low": {"dmean": 0.00335410796106, "dmean2": 0.00562531268224, "dvar": 4.07397201343e-05, "dvar2": 0.000106898507511, "max": 0.0671556815505, "mean": 0.00710402941331, "median": 0.00551987998188, "min": 6.76040164258e-23, "var": 6.36672994005e-05}, "spectral_energyband_middle_high": {"dmean": 0.00189504795708, "dmean2": 0.00277373660356, "dvar": 6.61560670778e-06, "dvar2": 1.45848807733e-05, "max": 0.0567450225353, "mean": 0.0075203073211, "median": 0.00572770927101, "min": 1.34048414894e-21, "var": 4.3046540668e-05}, "spectral_energyband_middle_low": {"dmean": 0.00592491263524, "dmean2": 0.00909774377942, "dvar": 8.26293326099e-05, "dvar2": 0.000199748785235, "max": 0.102928988636, "mean": 0.0164305288345, "median": 0.0123638259247, "min": 4.06994293149e-22, "var": 0.000186497156392}, "spectral_entropy": {"dmean": 0.166578963399, "dmean2": 0.212862148881, "dvar": 0.0286593809724, "dvar2": 0.050491116941, "max": 9.80066204071, "mean": 7.53401231766, "median": 7.5406961441, "min": 5.51107263565, "var": 0.182726293802}, "spectral_flux": {"dmean": 0.0249474868178, "dmean2": 0.0385810658336, "dvar": 0.000811419275124, "dvar2": 0.00185975257773, "max": 0.28838339448, "mean": 0.0804698765278, "median": 0.0734326764941, "min": 1.04641274812e-10, "var": 0.0019628261216}, "spectral_kurtosis": {"dmean": 1.37934839725, "dmean2": 2.11469483376, "dvar": 2.77356910706, "dvar2": 6.86112928391, "max": 37.1492385864, "mean": 5.71225261688, "median": 5.48088741302, "min": -1.19491434097, "var": 10.1860570908}, "spectral_rms": {"dmean": 0.000677426462062, "dmean2": 0.00101771880873, "dvar": 6.34891250684e-07, "dvar2": 1.47011826357e-06, "max": 0.0104623986408, "mean": 0.00520683126524, "median": 0.00535573391244, "min": 3.26844410911e-12, "var": 3.01496220345e-06}, "spectral_rolloff": {"dmean": 510.373687744, "dmean2": 820.211425781, "dvar": 869162.375, "dvar2": 1736130.125, "max": 18561.6210938, "mean": 1759.26293945, "median": 1378.125, "min": 107.666015625, "var": 2560662.5}, "spectral_skewness": {"dmean": 0.191356152296, "dmean2": 0.286791056395, "dvar": 0.0410413444042, "dvar2": 0.0877526849508, "max": 3.97194218636, "mean": 1.80570340157, "median": 1.84844946861, "min": 0.0317335687578, "var": 0.231069520116}, "spectral_spread": {"dmean": 680501.6875, "dmean2": 846318, "dvar": 699055603712, "dvar2": 1087842025470.0, "max": 39496112, "mean": 5107278.5, "median": 4855518, "min": 1368381.5, "var": 3115731910660.0}, "spectral_strongpeak": {"dmean": 0.618565499783, "dmean2": 1.05447649956, "dvar": 0.784368574619, "dvar2": 1.92288267612, "max": 9.6601600647, "mean": 1.32340872288, "median": 0.728180587292, "min": 4.31667990242e-09, "var": 1.8215007782}, "zerocrossingrate": {"dmean": 0.0124394949526, "dmean2": 0.0132887000218, "dvar": 0.000185841388884, "dvar2": 0.000200778857106, "max": 0.5009765625, "mean": 0.0725492537022, "median": 0.06298828125, "min": 0.00439453125, "var": 0.00152424082626}, "barkbands": {"dmean": [4.40781186626e-05, 0.00223565567285, 0.00116151268594, 0.00146506587043, 0.00281124887988, 0.000950474524871, 0.0010976587655, 0.00192927906755, 0.000980533892289, 0.000535999832209, 0.000552072073333, 0.000659485172946, 0.000435069727246, 0.000393311434891, 0.000250484154094, 0.000360215286491, 0.000173703563632, 0.000266821443802, 0.000112081666884, 9.89732070593e-05, 7.54193679313e-05, 7.5228883361e-05, 9.05769120436e-05, 8.42517911224e-05, 6.63297396386e-05, 4.91146092827e-05, 5.51573684788e-05], "dmean2": [6.96896095178e-05, 0.00377538101748, 0.00190211355221, 0.00252538593486, 0.00445477990434, 0.00146948872134, 0.00170063448604, 0.0028945109807, 0.0014096989762, 0.000780926144216, 0.000822763307951, 0.00100674899295, 0.00068509101402, 0.000621228304226, 0.000398659874918, 0.000586479960475, 0.000275596888969, 0.000440667296061, 0.000174197193701, 0.000154789595399, 0.000114885035146, 0.000110579669126, 0.000131478649564, 0.000117365234473, 8.84609908098e-05, 6.27867339063e-05, 7.28551167413e-05], "dvar": [1.17354268525e-08, 2.99946186715e-05, 4.99232692164e-06, 1.18435000331e-05, 3.21791121678e-05, 3.08966582452e-06, 7.74413365434e-06, 1.49209035953e-05, 5.06480319018e-06, 1.68181895788e-06, 1.51118706526e-06, 2.20537572204e-06, 6.61533590574e-07, 5.5463561921e-07, 3.45915594835e-07, 5.1291510772e-07, 1.04257146916e-07, 1.47779331883e-07, 2.96111615228e-08, 1.98848866262e-08, 1.88750117758e-08, 2.69248374707e-08, 7.98768482468e-08, 7.58547429314e-08, 2.15469224685e-08, 4.48487735838e-09, 9.20494258594e-09], "dvar2": [2.80641128114e-08, 8.12729049358e-05, 1.26143941088e-05, 3.24571410601e-05, 7.87523458712e-05, 7.37441223464e-06, 1.77859528776e-05, 3.29974500346e-05, 1.01213909147e-05, 3.57307453669e-06, 3.43580245499e-06, 5.45574539501e-06, 1.45805836382e-06, 1.26506745346e-06, 8.4193834482e-07, 1.35801576562e-06, 2.42749763402e-07, 3.89856950278e-07, 7.01825015881e-08, 4.98856174147e-08, 4.48358647986e-08, 5.88207136332e-08, 1.62102068657e-07, 1.40454417874e-07, 3.93385022335e-08, 8.48526759967e-09, 1.83728587899e-08], "max": [0.0011811889708, 0.0559927374125, 0.0596519932151, 0.0405266322196, 0.0699457675219, 0.0331620499492, 0.0473823398352, 0.0797010883689, 0.0564456805587, 0.0255568455905, 0.0379311405122, 0.0341921746731, 0.0187959242612, 0.0219953469932, 0.0157640445977, 0.0142882298678, 0.0112834498286, 0.00845717079937, 0.00396715523675, 0.00259773200378, 0.00347600248642, 0.00351015175693, 0.00822484213859, 0.00631377799436, 0.00406737159938, 0.00100183638278, 0.00102711061481], "mean": [4.32678789366e-05, 0.00333745777607, 0.00271629821509, 0.00193882116582, 0.00444013252854, 0.00196622149087, 0.00201643630862, 0.00365819432773, 0.00208526477218, 0.00111184164416, 0.00108353118412, 0.001427390147, 0.000778990739491, 0.000734630040824, 0.000500900845509, 0.000799954461399, 0.000358061020961, 0.0005308961845, 0.000227341515711, 0.000211944730836, 0.000143317287439, 0.000154756024131, 0.000172284868313, 0.000153293163748, 0.000122843004647, 8.76560152392e-05, 7.74841755629e-05], "median": [3.03115712086e-06, 0.00177335855551, 0.00116182048805, 0.000834802514873, 0.00188803253695, 0.00119503808673, 0.00087282131426, 0.000985154765658, 0.000483774725581, 0.000299166917102, 0.000455021770904, 0.000566162110772, 0.000399171607569, 0.000321234401781, 0.000195546774194, 0.000309327617288, 0.000196081309696, 0.000369613466319, 0.000149531246279, 0.000143921090057, 6.41200458631e-05, 6.26927503617e-05, 5.49255018996e-05, 5.32104750164e-05, 5.23119524587e-05, 3.87821964978e-05, 1.42885191963e-05], "min": [1.88905633742e-23, 3.12037402048e-23, 1.03121633024e-23, 4.08398023798e-23, 7.39467294719e-23, 6.94844399428e-23, 3.35359191187e-23, 1.07984266308e-22, 7.17719156869e-23, 5.95792247378e-23, 9.81500422732e-23, 8.07281438447e-23, 7.5877072107e-23, 1.0113695365e-22, 1.25354251378e-22, 1.28944250072e-22, 1.67235861334e-22, 1.43758010265e-22, 2.90564128581e-22, 3.60017613621e-22, 5.30668472747e-22, 3.70219894911e-22, 8.9386770755e-22, 1.00172208318e-21, 1.24400512232e-21, 1.77264825465e-21, 2.3395935248e-21], "var": [1.33005251257e-08, 3.0971623346e-05, 1.56906644406e-05, 1.16340879686e-05, 4.65064549644e-05, 6.32338424111e-06, 1.57418526214e-05, 4.3914977141e-05, 1.97719673452e-05, 5.70418160351e-06, 3.68600444745e-06, 7.61082583267e-06, 1.43708780342e-06, 1.5595799141e-06, 8.61122771312e-07, 1.7603139213e-06, 3.10098158707e-07, 3.10194536723e-07, 6.19880040631e-08, 4.90979843448e-08, 4.58459155084e-08, 7.15780927862e-08, 1.87730847756e-07, 1.79245418508e-07, 5.3438597547e-08, 1.17810499134e-08, 1.6885921994e-08]}, "erbbands": {"dmean": [0.0504257753491, 0.553893566132, 1.21415805817, 3.13254833221, 9.49855327606, 7.5549120903, 8.97074317932, 7.48564147949, 11.3058538437, 29.0874919891, 37.7535934448, 20.8465003967, 15.9148244858, 15.73458004, 21.7225036621, 22.6369037628, 20.6087112427, 16.1090621948, 14.0748472214, 14.3318777084, 16.2886829376, 9.4824848175, 16.1682033539, 7.35267448425, 4.69502544403, 4.28228664398, 3.34675002098, 2.90561747551, 2.69161391258, 2.83773112297, 2.61221456528, 1.8583753109, 1.36961293221, 0.811609566212, 0.448217332363, 0.223989382386, 0.0876825973392, 0.0357522182167, 0.00945523288101, 0.00066685967613], "dmean2": [0.0794652849436, 0.957374930382, 1.975679636, 5.35837125778, 15.3402175903, 11.9951124191, 13.559381485, 11.6305456161, 17.4754524231, 45.0143203735, 55.9297981262, 30.0859451294, 23.1470298767, 22.7396011353, 32.8260498047, 34.3944778442, 32.5651473999, 25.3660316467, 21.8756332397, 23.2552585602, 25.3922290802, 14.9056329727, 26.7234840393, 11.5808153152, 7.15560531616, 6.63035011292, 5.11967992783, 4.43484926224, 4.02119731903, 4.15919780731, 3.8147521019, 2.59234166145, 1.90692877769, 1.11814522743, 0.600338160992, 0.297193855047, 0.11251026392, 0.0473681688309, 0.0125849237666, 0.000901955878362], "dvar": [0.0153418313712, 1.84504401684, 5.45942640305, 37.6897506714, 643.201660156, 214.972045898, 352.605621338, 219.225326538, 740.221984863, 3840.51513672, 5868.65332031, 2163.28979492, 1602.54943848, 1359.81677246, 2295.60693359, 2618.2355957, 1391.96044922, 1029.66882324, 875.482543945, 758.939758301, 1152.25, 304.981964111, 594.557983398, 117.105300903, 49.1772232056, 38.8925628662, 33.5550537109, 35.2606010437, 32.6575698853, 52.297542572, 71.2526016235, 35.9161071777, 22.2295436859, 4.72766304016, 0.822214782238, 0.102150700986, 0.0146653391421, 0.00316445552744, 0.000273133191513, 1.4535645505e-06], "dvar2": [0.0343008227646, 5.19752645493, 13.6420612335, 103.800460815, 1614.6685791, 507.024078369, 837.733032227, 522.041015625, 1700.66955566, 9306.73242188, 13038.7558594, 4444.00146484, 3378.4375, 3150.9777832, 5278.14550781, 6339.65673828, 3289.43823242, 2441.34008789, 1938.03845215, 1989.23791504, 2641.34741211, 716.767089844, 1586.54492188, 285.702453613, 112.850746155, 97.0495071411, 82.8120117188, 84.2783813477, 70.0181732178, 115.0936203, 144.704193115, 63.0227012634, 42.3874092102, 8.42939949036, 1.54945290089, 0.2073341012, 0.0275466032326, 0.00625729607418, 0.000542608730029, 2.99712201013e-06], "max": [1.29276657104, 13.7654275894, 56.086566925, 70.1464920044, 305.934753418, 234.080352783, 364.600067139, 349.108856201, 583.679626465, 1173.69543457, 1511.37194824, 857.018310547, 755.745788574, 856.965637207, 1467.18017578, 1281.67858887, 614.305480957, 824.430541992, 1441.53222656, 701.133483887, 821.64074707, 727.890869141, 548.87298584, 191.289978027, 170.288421631, 123.729042053, 129.384017944, 146.358291626, 127.573371887, 177.924057007, 233.891174316, 136.079315186, 122.06703186, 58.4955635071, 43.1405143738, 6.63239431381, 1.73313939571, 0.70691126585, 0.175718396902, 0.0132644576952], "mean": [0.0725942850113, 0.849566578865, 3.00600719452, 5.19986486435, 11.372964859, 13.2556257248, 18.6086540222, 14.9825792313, 22.5320224762, 53.1628189087, 77.1717300415, 47.089214325, 35.1614646912, 36.1022071838, 45.3865890503, 51.4458732605, 41.3662719727, 31.9614315033, 31.4191493988, 32.9138183594, 40.5470085144, 21.9761505127, 31.4752616882, 15.5703134537, 10.7149562836, 9.23796844482, 6.80376005173, 5.3478937149, 5.42443704605, 5.631524086, 4.86611747742, 3.4249355793, 2.40744614601, 1.45846307278, 0.814704954624, 0.402904242277, 0.153216302395, 0.0553382821381, 0.0132198259234, 0.00092782615684], "median": [0.019735455513, 0.499100089073, 1.31103241444, 3.15850281715, 4.05989217758, 5.59328079224, 9.59894657135, 9.19484710693, 12.1639118195, 22.746805191, 23.0933952332, 13.3360862732, 10.7499475479, 13.6495304108, 19.1328449249, 22.0917816162, 23.4470806122, 16.9573459625, 16.6002235413, 18.3796691895, 19.3705368042, 13.6154403687, 21.4526405334, 11.4438505173, 7.53191137314, 6.13279438019, 3.40752458572, 2.0107114315, 2.17403793335, 2.09531593323, 1.56730639935, 1.13105452061, 0.828724086285, 0.56387424469, 0.36649826169, 0.186671361327, 0.0657702535391, 0.0169324073941, 0.00241693807766, 0.000170516170328], "min": [1.79728817987e-21, 4.1000483375e-21, 9.15843226667e-21, 6.20295568147e-20, 2.09815641919e-19, 2.59024474388e-19, 4.81946340749e-19, 5.70385906904e-19, 2.56903402352e-19, 1.25234896586e-18, 2.6383370247e-18, 1.73013520852e-18, 1.4160857492e-18, 2.59078902873e-18, 4.71411968173e-18, 2.56320503684e-18, 4.0415887565e-18, 3.64801498028e-18, 5.94315456203e-18, 6.41037719127e-18, 8.14292725019e-18, 1.112338142e-17, 9.43249768926e-18, 1.06149077072e-17, 1.3360799925e-17, 1.51064885071e-17, 2.23882934427e-17, 1.93587394862e-17, 1.58127005726e-17, 2.23141532444e-17, 2.2703462491e-17, 1.97504492109e-17, 1.76736716623e-17, 1.85340685396e-17, 7.06383457235e-18, 5.68963487122e-18, 3.37612505563e-18, 1.374896394e-18, 2.96876233369e-19, 3.44727261788e-20], "var": [0.0219796467572, 1.74295198917, 18.3057918549, 46.1579246521, 633.368530273, 444.229858398, 789.539367676, 422.379699707, 1423.48046875, 7819.83642578, 18905.5820312, 8593.24707031, 5179.17724609, 4544.390625, 6475.47705078, 8784.42382812, 3368.45776367, 2393.92602539, 2201.32763672, 2115.84716797, 4591.76904297, 921.34954834, 1171.1595459, 232.209777832, 125.343299866, 93.1513214111, 89.1103744507, 78.5867614746, 87.3029098511, 127.822006226, 161.677001953, 92.1789703369, 48.2565879822, 11.5548229218, 1.89399969578, 0.255401968956, 0.0375627167523, 0.006521708332, 0.000497997563798, 2.46660442826e-06]}, "gfcc": {"mean": [33.1360740662, 69.5367050171, -108.608924866, 9.5025806427, -48.3951148987, 3.3051173687, -39.5975265503, 4.57990694046, -22.7415447235, -0.398282766342, -15.0826005936, -0.579533696175, -17.3575019836], "cov": [[5991.21728516, -287.072113037, 692.531433105, -77.9085998535, 97.2855911255, 159.079940796, 205.897201538, 219.971450806, 148.081924438, 51.9726638794, -84.9622421265, 9.30736541748, -45.9767112732], [-287.072113037, 1223.09387207, -352.925415039, -48.9938850403, 115.096702576, -39.2881813049, 81.3580551147, 110.231506348, 42.419342041, -44.015827179, 80.8422317505, -16.1800060272, 18.6487140656], [692.531433105, -352.925415039, 877.478271484, 168.981719971, 225.184967041, 99.1937255859, 92.5336151123, 23.0152301788, 80.2107849121, 70.2072753906, 25.339679718, 61.0852546692, -17.571647644], [-77.9085998535, -48.9938850403, 168.981719971, 452.089050293, 26.3488998413, 102.5858078, -17.7370738983, -33.1837501526, 11.2032136917, 9.46994400024, -8.02772521973, -15.6021194458, 1.67136847973], [97.2855911255, 115.096702576, 225.184967041, 26.3488998413, 356.054595947, 46.0728302002, 83.0881652832, 64.1336746216, 56.473285675, 34.9437103271, 33.4942970276, 30.5999946594, 6.80950593948], [159.079940796, -39.2881813049, 99.1937255859, 102.5858078, 46.0728302002, 218.429672241, 86.4949035645, 50.11195755, 10.7339754105, 26.9700756073, 21.023563385, 4.79805994034, -8.39008617401], [205.897201538, 81.3580551147, 92.5336151123, -17.7370738983, 83.0881652832, 86.4949035645, 237.82208252, 85.5373306274, 16.6132698059, 5.27137374878, 29.2299499512, 11.3637742996, -20.3478374481], [219.971450806, 110.231506348, 23.0152301788, -33.1837501526, 64.1336746216, 50.11195755, 85.5373306274, 157.206466675, 58.775062561, 20.6892719269, 26.746553421, 8.24335861206, -12.4218206406], [148.081924438, 42.419342041, 80.2107849121, 11.2032136917, 56.473285675, 10.7339754105, 16.6132698059, 58.775062561, 119.09928894, 46.0066108704, 11.1511716843, -0.348327994347, 4.18839454651], [51.9726638794, -44.015827179, 70.2072753906, 9.46994400024, 34.9437103271, 26.9700756073, 5.27137374878, 20.6892719269, 46.0066108704, 84.1605072021, 27.8349456787, 2.80277395248, -3.38444519043], [-84.9622421265, 80.8422317505, 25.339679718, -8.02772521973, 33.4942970276, 21.023563385, 29.2299499512, 26.746553421, 11.1511716843, 27.8349456787, 95.8870773315, 46.6998138428, -0.606754422188], [9.30736541748, -16.1800060272, 61.0852546692, -15.6021194458, 30.5999946594, 4.79805994034, 11.3637742996, 8.24335861206, -0.348327994347, 2.80277395248, 46.6998138428, 95.8932952881, 35.7777824402], [-45.9767112732, 18.6487140656, -17.571647644, 1.67136847973, 6.80950593948, -8.39008617401, -20.3478374481, -12.4218206406, 4.18839454651, -3.38444519043, -0.606754422188, 35.7777824402, 82.2133178711]], "icov": [[0.00020946697623, -1.75118893821e-05, -0.000195756496396, 0.000108552405436, 0.000116220100608, -9.6487281553e-05, -3.92613437725e-05, -0.00024684111122, -8.31924480735e-05, -1.78154750756e-05, 0.000384754122933, -9.64405626291e-05, 5.88952316321e-05], [-1.75118893821e-05, 0.0013745801989, 0.00070177327143, -0.000227224300033, -0.000692561618052, 0.000435976544395, -0.000353585841367, -0.000473591906484, -0.00068017776357, 0.00138457771391, -0.00187578180339, 0.00114202895202, -0.000643380219117], [-0.000195756496396, 0.00070177327143, 0.00232262443751, -0.000763382064179, -0.00126929522958, 9.38907614909e-05, -0.000639575184323, 0.000733121996745, -0.00109368609264, -0.000267805502517, -0.000184007512871, -0.00130339083262, 0.000921016093343], [0.000108552405436, -0.000227224300033, -0.000763382064179, 0.00301858969033, 0.000151091036969, -0.00180090311915, 0.000728216546122, 0.000895795412362, -0.000485443044454, 0.000556228857022, 8.1655321992e-05, 0.00086999789346, -0.000323373096762], [0.000116220100608, -0.000692561618052, -0.00126929522958, 0.000151091036969, 0.00421125255525, -0.00014065252617, -0.000565178925171, -0.000682249199599, -0.00031786726322, -0.000893435499165, 0.000536201230716, -0.000585556321312, -0.000420200783992], [-9.6487281553e-05, 0.000435976544395, 9.38907614909e-05, -0.00180090311915, -0.00014065252617, 0.00701113184914, -0.00210230052471, -0.00184533651918, 0.00149049679749, -0.00175292242784, -0.000884935609065, 0.000525275187101, -0.000551374105271], [-3.92613437725e-05, -0.000353585841367, -0.000639575184323, 0.000728216546122, -0.000565178925171, -0.00210230052471, 0.00656345114112, -0.00240789051168, 0.000843358458951, 0.00117563724052, -0.000673976028338, 0.000129614898469, 0.000943707826082], [-0.00024684111122, -0.000473591906484, 0.000733121996745, 0.000895795412362, -0.000682249199599, -0.00184533651918, -0.00240789051168, 0.0114945871755, -0.00517492089421, 0.000590096227825, -0.000771280261688, -0.00113698141649, 0.00189387716819], [-8.31924480735e-05, -0.00068017776357, -0.00109368609264, -0.000485443044454, -0.00031786726322, 0.00149049679749, 0.000843358458951, -0.00517492089421, 0.0146505748853, -0.00708389189094, 0.00147884350736, 0.00118985574227, -0.00205573788844], [-1.78154750756e-05, 0.00138457771391, -0.000267805502517, 0.000556228857022, -0.000893435499165, -0.00175292242784, 0.00117563724052, 0.000590096227825, -0.00708389189094, 0.0197953823954, -0.00787723809481, 0.00422364706174, -0.000837728846818], [0.000384754122933, -0.00187578180339, -0.000184007512871, 8.1655321992e-05, 0.000536201230716, -0.000884935609065, -0.000673976028338, -0.000771280261688, 0.00147884350736, -0.00787723809481, 0.0208543781191, -0.0120583828539, 0.00518348952755], [-9.64405626291e-05, 0.00114202895202, -0.00130339083262, 0.00086999789346, -0.000585556321312, 0.000525275187101, 0.000129614898469, -0.00113698141649, 0.00118985574227, 0.00422364706174, -0.0120583828539, 0.0212869420648, -0.00988628994673], [5.88952316321e-05, -0.000643380219117, 0.000921016093343, -0.000323373096762, -0.000420200783992, -0.000551374105271, 0.000943707826082, 0.00189387716819, -0.00205573788844, -0.000837728846818, 0.00518348952755, -0.00988628994673, 0.0174548719078]]}, "melbands": {"dmean": [0.000552514276933, 0.000647376698907, 0.000705875630956, 0.000635838019662, 0.000313144089887, 0.000170627303305, 0.000188581107068, 0.000365319487173, 0.00029962908593, 0.000124346654047, 8.20923160063e-05, 6.68336506351e-05, 6.80944067426e-05, 6.50553120067e-05, 6.38860801701e-05, 4.6091110562e-05, 3.33881143888e-05, 2.69513111562e-05, 2.28322551266e-05, 2.85087953671e-05, 1.72053860297e-05, 1.09344009616e-05, 1.28819710881e-05, 1.27905041154e-05, 6.12694793745e-06, 3.85842940887e-06, 3.85045086659e-06, 2.96819598589e-06, 2.34187336901e-06, 1.9292806428e-06, 1.7611888552e-06, 1.63534002695e-06, 1.54197425672e-06, 1.70661371612e-06, 1.61432990353e-06, 1.30582736801e-06, 1.2000185734e-06, 1.05945503037e-06, 8.12275061435e-07, 6.7942704618e-07], "dmean2": [0.000916506862268, 0.00107617722824, 0.00117508217227, 0.00102340965532, 0.00047325171181, 0.000264696485829, 0.000288423994789, 0.000558894127607, 0.000443664786872, 0.00017871374439, 0.000119650838315, 9.66266088653e-05, 0.000101403631561, 9.66466977843e-05, 9.92494824459e-05, 7.39036113373e-05, 5.25438917975e-05, 4.1997518565e-05, 3.63378676411e-05, 4.77682151541e-05, 2.65764865617e-05, 1.74489978235e-05, 2.09976769838e-05, 2.11852257053e-05, 9.71414465312e-06, 6.02715863351e-06, 6.06036428508e-06, 4.64417598778e-06, 3.69154076907e-06, 2.95725772048e-06, 2.73148452834e-06, 2.50321045314e-06, 2.29871693591e-06, 2.5823183023e-06, 2.39611449615e-06, 1.90147568446e-06, 1.69611962519e-06, 1.50545031374e-06, 1.14873148505e-06, 9.50422929691e-07], "dvar": [1.85948817943e-06, 1.63427250754e-06, 2.55293457485e-06, 1.98269663088e-06, 4.2318580995e-07, 1.04404676904e-07, 2.07641633665e-07, 5.33832860583e-07, 3.85730544394e-07, 7.73414186028e-08, 4.27240607337e-08, 2.32694379321e-08, 2.52900012043e-08, 2.07402450769e-08, 3.26549809415e-08, 7.42413286403e-09, 5.02858954476e-09, 3.58459151251e-09, 2.57613774757e-09, 3.48811157735e-09, 1.54288626319e-09, 4.59024318555e-10, 3.39460543008e-10, 4.2522740884e-10, 9.05758107406e-11, 4.40821823489e-11, 2.7899257557e-11, 2.18438704624e-11, 1.9839328097e-11, 1.19989096783e-11, 1.46935328488e-11, 1.19594880874e-11, 1.24475889665e-11, 2.0616912691e-11, 2.64567898839e-11, 2.11671964678e-11, 1.49640456276e-11, 1.40668978202e-11, 7.43926188013e-12, 2.88395175796e-12], "dvar2": [4.8339679779e-06, 4.32236083725e-06, 6.72341047903e-06, 4.93952393299e-06, 9.87207045e-07, 2.4813735422e-07, 4.66040432912e-07, 1.25826920794e-06, 8.75434693626e-07, 1.57270591217e-07, 9.0614975079e-08, 5.32757766791e-08, 5.71548994799e-08, 4.79957762423e-08, 8.29002502201e-08, 1.75488850118e-08, 1.1875182615e-08, 7.76754305321e-09, 5.97827298776e-09, 1.0146313123e-08, 3.38525962817e-09, 1.07352005063e-09, 8.66771932007e-10, 1.16819898199e-09, 2.23232765606e-10, 1.02048168527e-10, 6.54072213058e-11, 5.62239317603e-11, 5.10238622187e-11, 2.96441309e-11, 3.60571711377e-11, 2.67623735672e-11, 2.73524865951e-11, 4.68404412479e-11, 5.60950556838e-11, 4.32403418626e-11, 2.74640588049e-11, 2.79917426044e-11, 1.38021928955e-11, 5.64957282345e-12], "max": [0.0140274846926, 0.0202666483819, 0.0169708989561, 0.0172496885061, 0.0122855948284, 0.00758920889348, 0.00825337320566, 0.0161937661469, 0.0112852603197, 0.00526553718373, 0.00367122841999, 0.00317056034692, 0.00610764697194, 0.00479963608086, 0.00504371803254, 0.00227677053772, 0.00183394388296, 0.00279230996966, 0.00145830458496, 0.00138256058563, 0.000972004723735, 0.000927177025005, 0.00029013704625, 0.000491769285873, 0.000166339872521, 0.000172468673554, 9.47581138462e-05, 9.73055502982e-05, 9.80776894721e-05, 7.61761621106e-05, 9.46120926528e-05, 7.58507958381e-05, 7.15118658263e-05, 0.000110904686153, 0.000125024307636, 0.000134893940412, 9.18685327633e-05, 0.000136302172905, 6.99195370544e-05, 4.8826001148e-05], "mean": [0.000797265849542, 0.00144277163781, 0.00107935525011, 0.000904560263734, 0.000655961979646, 0.000348560191924, 0.000365151528968, 0.000673659495078, 0.000613916432485, 0.000270643038675, 0.000171881940332, 0.000146240621689, 0.00013683209545, 0.000147052982356, 0.000127144783619, 7.91088677943e-05, 6.00422099524e-05, 5.25640425622e-05, 4.71101448056e-05, 5.67905590287e-05, 4.14160713262e-05, 2.21296868403e-05, 2.48983724305e-05, 2.41504021687e-05, 1.1600617654e-05, 7.62545232647e-06, 7.93979324953e-06, 5.75033027417e-06, 4.392912615e-06, 3.54124085788e-06, 2.96224743579e-06, 3.05683329316e-06, 3.01806699099e-06, 3.16309638038e-06, 2.86041381514e-06, 2.30228101827e-06, 2.06642471312e-06, 1.76853700395e-06, 1.39102246521e-06, 1.17116064757e-06], "median": [0.000372656213585, 0.00081553083146, 0.000648059416562, 0.000365075538866, 0.000329994334606, 0.000219636247493, 0.000172832515091, 0.000240260327701, 0.00016969506396, 6.23209998594e-05, 4.65246739623e-05, 5.19544082636e-05, 6.03530424996e-05, 5.54490507056e-05, 5.34683349542e-05, 3.59053628927e-05, 2.57734336628e-05, 2.4693496016e-05, 1.66556583281e-05, 1.98071156774e-05, 1.79878388735e-05, 1.18227862913e-05, 1.70769872057e-05, 1.58551229106e-05, 7.79164565756e-06, 4.54029941466e-06, 5.59454474569e-06, 3.35316508426e-06, 1.97608937924e-06, 1.59905675901e-06, 9.39459141591e-07, 1.18495472634e-06, 1.19979119972e-06, 1.10952601062e-06, 8.90818228072e-07, 6.95253788763e-07, 6.73909255511e-07, 6.0192547835e-07, 4.73111526844e-07, 4.66313110792e-07], "min": [1.4040906853e-23, 4.56287481658e-24, 1.79027959249e-23, 1.47307814919e-23, 1.70251061263e-23, 1.24382751818e-23, 4.40173104402e-24, 1.59346037436e-23, 2.14835965014e-23, 9.53104506701e-24, 7.32274334768e-24, 1.00603241916e-23, 1.57481706682e-23, 1.12169891273e-23, 5.84317358321e-24, 7.30063709853e-24, 7.50097700288e-24, 9.91183927001e-24, 9.5043011046e-24, 7.71712173547e-24, 9.7746279596e-24, 1.09892552392e-23, 8.9959425712e-24, 7.23529180545e-24, 8.38486803705e-24, 1.14261035315e-23, 6.14358719871e-24, 1.1797650707e-23, 1.6417656408e-23, 9.73582783598e-24, 1.25243777719e-23, 8.84583417385e-24, 7.79289340314e-24, 1.59374325988e-23, 1.37416871785e-23, 1.0174169442e-23, 1.28319349173e-23, 1.22981387751e-23, 1.18323582202e-23, 1.80325793211e-23], "var": [2.0867450985e-06, 3.44522868545e-06, 2.60668662122e-06, 2.41981160798e-06, 1.00221950561e-06, 2.05921224961e-07, 4.38818517523e-07, 1.25094697978e-06, 1.29087959522e-06, 3.05064645545e-07, 1.37034717795e-07, 7.78776723109e-08, 5.72090925743e-08, 9.48443243942e-08, 8.72637357929e-08, 1.56939012896e-08, 1.14075806579e-08, 8.89686457839e-09, 8.6258333809e-09, 9.9077848148e-09, 5.96874860648e-09, 1.36780486937e-09, 7.07930936095e-10, 7.80550568624e-10, 1.61265542586e-10, 9.58650936411e-11, 6.36015060063e-11, 4.89286632044e-11, 4.75338692019e-11, 2.73242106025e-11, 2.94266382095e-11, 2.90479810344e-11, 3.09252866371e-11, 4.5449564251e-11, 5.62998883624e-11, 4.57668521137e-11, 3.53126729247e-11, 2.78817784832e-11, 1.66914711219e-11, 6.45167036115e-12]}, "mfcc": {"mean": [-619.841186523, 117.954696655, -5.07619047165, 11.7738485336, 5.70334672928, -1.66746163368, -3.91474604607, 1.32514119148, -6.04952955246, -1.86056303978, -0.659650444984, 0.599864542484, 0.773097455502], "cov": [[4101.37304688, 0.410945445299, 281.501647949, 47.0726394653, 30.7529964447, 44.5687713623, 47.3601722717, 164.015228271, 168.158172607, 124.369132996, 129.869171143, 45.1014022827, -25.2467594147], [0.410945445299, 1081.2454834, -306.509063721, -32.6603317261, 46.6594352722, -111.585235596, 80.6165237427, 106.431808472, 28.8331985474, 31.0499954224, 77.6712188721, 50.8623962402, 16.8640861511], [281.501647949, -306.509063721, 571.820861816, 147.398300171, 103.056747437, 145.209732056, 25.6539440155, 19.4085559845, 39.9187393188, 7.3310418129, 26.2756671906, 73.8444900513, 33.777759552], [47.0726394653, -32.6603317261, 147.398300171, 284.291290283, 119.314399719, 82.9490814209, 14.1327037811, 9.7101984024, 31.0285053253, 6.33397865295, -7.71850538254, 27.12849617, 22.6684608459], [30.7529964447, 46.6594352722, 103.056747437, 119.314399719, 269.951751709, 68.1873931885, 12.3626155853, 8.48090744019, 37.131652832, 21.4696445465, 13.4673624039, 49.5272903442, 41.6859550476], [44.5687713623, -111.585235596, 145.209732056, 82.9490814209, 68.1873931885, 178.074401855, 69.2839355469, 20.8956336975, 34.7223396301, 12.0661325455, 8.65984725952, 20.0713806152, 7.742415905], [47.3601722717, 80.6165237427, 25.6539440155, 14.1327037811, 12.3626155853, 69.2839355469, 185.084899902, 98.3071060181, 31.8129043579, 16.4107513428, 47.2557258606, 35.0764427185, 12.2612895966], [164.015228271, 106.431808472, 19.4085559845, 9.7101984024, 8.48090744019, 20.8956336975, 98.3071060181, 148.449783325, 49.3810958862, 18.1656303406, 48.3782196045, 32.3339004517, 12.8546085358], [168.158172607, 28.8331985474, 39.9187393188, 31.0285053253, 37.131652832, 34.7223396301, 31.8129043579, 49.3810958862, 116.528846741, 57.1738128662, 20.8040599823, 19.4995346069, 8.31918811798], [124.369132996, 31.0499954224, 7.3310418129, 6.33397865295, 21.4696445465, 12.0661325455, 16.4107513428, 18.1656303406, 57.1738128662, 111.504508972, 45.0151176453, 11.4104547501, 7.93279790878], [129.869171143, 77.6712188721, 26.2756671906, -7.71850538254, 13.4673624039, 8.65984725952, 47.2557258606, 48.3782196045, 20.8040599823, 45.0151176453, 112.124732971, 55.1258926392, 9.48135375977], [45.1014022827, 50.8623962402, 73.8444900513, 27.12849617, 49.5272903442, 20.0713806152, 35.0764427185, 32.3339004517, 19.4995346069, 11.4104547501, 55.1258926392, 116.432312012, 43.9183921814], [-25.2467594147, 16.8640861511, 33.777759552, 22.6684608459, 41.6859550476, 7.742415905, 12.2612895966, 12.8546085358, 8.31918811798, 7.93279790878, 9.48135375977, 43.9183921814, 88.0827941895]], "icov": [[0.000282148335828, -4.51235428045e-06, -0.00015357848315, 9.63186084846e-06, 2.12978175114e-05, 6.26401015325e-05, 0.000143632962136, -0.00026288558729, -0.000248718890361, -9.92246059468e-05, -0.000214539788431, 9.42990591284e-05, 0.000149438012158], [-4.51235428045e-06, 0.00141518691089, 0.000821698864456, -0.000210049009183, -0.000527872762177, 0.000863772118464, -0.000451998988865, -0.000589917704929, -0.000151063621161, 6.41860169708e-05, -0.000504503957927, -0.000492028717417, 9.77384770522e-05], [-0.00015357848315, 0.000821698864456, 0.003109842306, -0.000813783786725, -0.000292991928291, -0.00143332476728, 0.000467770005343, -0.000383440143196, -0.000132165660034, 0.000404867518228, -0.000456102425233, -0.00148483761586, -0.000163509292179], [9.63186084846e-06, -0.000210049009183, -0.000813783786725, 0.00500236731023, -0.00151132862084, -0.00130756164435, 0.0003624749952, -0.000254562648479, -0.000283172586933, -1.42785220305e-05, 0.00103930046316, -0.000122765748529, -0.000138088624226], [2.12978175114e-05, -0.000527872762177, -0.000292991928291, -0.00151132862084, 0.00541616883129, -0.00147739087697, 0.000712040753569, 0.000478130968986, -0.000659439421725, -0.000356751552317, 0.000156630485435, -0.00103721220512, -0.00139910145663], [6.26401015325e-05, 0.000863772118464, -0.00143332476728, -0.00130756164435, -0.00147739087697, 0.010319207795, -0.00461027119309, 0.00159827491734, -0.00173782533966, 0.000165034231031, 0.000149440413225, 0.000500356138218, 0.000823084090371], [0.000143632962136, -0.000451998988865, 0.000467770005343, 0.0003624749952, 0.000712040753569, -0.00461027119309, 0.0107283852994, -0.00609625317156, 0.000893713789992, -0.000156300186063, -0.00128894962836, -0.000714055786375, -0.000255991180893], [-0.00026288558729, -0.000589917704929, -0.000383440143196, -0.000254562648479, 0.000478130968986, 0.00159827491734, -0.00609625317156, 0.0134929930791, -0.00471516512334, 0.00258034933358, -0.00303102075122, 0.000625340268016, -0.00100973376539], [-0.000248718890361, -0.000151063621161, -0.000132165660034, -0.000283172586933, -0.000659439421725, -0.00173782533966, 0.000893713789992, -0.00471516512334, 0.0149395503104, -0.00759506365284, 0.0033323939424, -0.00173919566441, 0.000891225645319], [-9.92246059468e-05, 6.41860169708e-05, 0.000404867518228, -1.42785220305e-05, -0.000356751552317, 0.000165034231031, -0.000156300186063, 0.00258034933358, -0.00759506365284, 0.0152666131034, -0.0070975869894, 0.00302372965962, -0.00179403205402], [-0.000214539788431, -0.000504503957927, -0.000456102425233, 0.00103930046316, 0.000156630485435, 0.000149440413225, -0.00128894962836, -0.00303102075122, 0.0033323939424, -0.0070975869894, 0.0172328650951, -0.00755727291107, 0.00271462881938], [9.42990591284e-05, -0.000492028717417, -0.00148483761586, -0.000122765748529, -0.00103721220512, 0.000500356138218, -0.000714055786375, 0.000625340268016, -0.00173919566441, 0.00302372965962, -0.00755727291107, 0.0160072185099, -0.00609858380631], [0.000149438012158, 9.77384770522e-05, -0.000163509292179, -0.000138088624226, -0.00139910145663, 0.000823084090371, -0.000255991180893, -0.00100973376539, 0.000891225645319, -0.00179403205402, 0.00271462881938, -0.00609858380631, 0.0150740630925]]}, "spectral_contrast_coeffs": {"dmean": [0.0523106083274, 0.0449932739139, 0.0395625345409, 0.0321815535426, 0.0250174272805, 0.0184682682157], "dmean2": [0.0839374661446, 0.0724154338241, 0.0618181601167, 0.0510065741837, 0.0396968722343, 0.0283242408186], "dvar": [0.0019960894715, 0.00146169250365, 0.00111746042967, 0.000720485986676, 0.00048643318587, 0.000307736394461], "dvar2": [0.00485159875825, 0.00369187630713, 0.00263734115288, 0.00175090448465, 0.00110601435881, 0.000710850348696], "max": [-0.251725584269, -0.448846846819, -0.471084564924, -0.494366198778, -0.537132501602, -0.594652831554], "mean": [-0.601965785027, -0.694806277752, -0.714681386948, -0.724821209908, -0.756214022636, -0.776161849499], "median": [-0.614269852638, -0.699344038963, -0.718655824661, -0.726971268654, -0.759210169315, -0.78126013279], "min": [-0.953838586807, -0.982138693333, -0.979341924191, -0.96599149704, -0.955049276352, -0.958939373493], "var": [0.00912522617728, 0.00528608821332, 0.00559341209009, 0.00347069930285, 0.00241003767587, 0.00141982070636]}, "spectral_contrast_valleys": {"dmean": [0.429705858231, 0.318390548229, 0.328440487385, 0.285793811083, 0.285754442215, 0.336890757084], "dmean2": [0.682617306709, 0.514797925949, 0.521434485912, 0.43721356988, 0.391084998846, 0.391545295715], "dvar": [0.174897685647, 0.101815573871, 0.113354124129, 0.0945640951395, 0.113213859499, 0.14906321466], "dvar2": [0.359442830086, 0.192812517285, 0.221396654844, 0.159861832857, 0.177445396781, 0.214249297976], "max": [-5.54364728928, -4.7013759613, -5.33771705627, -5.89699411392, -5.84962511063, -7.41330051422], "mean": [-7.4932975769, -6.5429553985