{"lowlevel": {"average_loudness": 0.982666790485, "barkbands_crest": {"dmean": 1.36917603016, "dmean2": 2.24961996078, "dvar": 6.16344356537, "dvar2": 11.9177656174, "max": 23.8505096436, "mean": 12.9194145203, "median": 10.6781406403, "min": 2.93804812431, "var": 20.4320411682}, "barkbands_flatness_db": {"dmean": 0.0226855892688, "dmean2": 0.0354670286179, "dvar": 0.00090478209313, "dvar2": 0.0020156186074, "max": 0.301276564598, "mean": 0.172364905477, "median": 0.175368398428, "min": 0.0327350050211, "var": 0.00216185534373}, "barkbands_kurtosis": {"dmean": 1.30025708675, "dmean2": 1.98480796814, "dvar": 5.24501752853, "dvar2": 9.68694877625, "max": 30.9497528076, "mean": 6.36073923111, "median": 4.21282434464, "min": -1.30634450912, "var": 18.8644809723}, "barkbands_skewness": {"dmean": 0.221142828465, "dmean2": 0.336746186018, "dvar": 0.132841184735, "dvar2": 0.238771542907, "max": 5.00540113449, "mean": 2.17923760414, "median": 1.91274034977, "min": -2.16268968582, "var": 0.659396827221}, "barkbands_spread": {"dmean": 1.79022991657, "dmean2": 2.93484377861, "dvar": 9.22353649139, "dvar2": 17.7370166779, "max": 65.9973678589, "mean": 18.3412971497, "median": 19.7114429474, "min": 5.84960603714, "var": 28.2748832703}, "dissonance": {"dmean": 0.0202745366842, "dmean2": 0.0348800979555, "dvar": 0.000593525532167, "dvar2": 0.00144348782487, "max": 0.499874651432, "mean": 0.424068152905, "median": 0.422217994928, "min": 0.213332459331, "var": 0.00134032894857}, "dynamic_complexity": 1.14354193211, "erbbands_crest": {"dmean": 1.32232391834, "dmean2": 2.15973734856, "dvar": 4.95158958435, "dvar2": 9.19508743286, "max": 23.5876407623, "mean": 14.0059146881, "median": 13.4287395477, "min": 2.61655974388, "var": 16.5690765381}, "erbbands_flatness_db": {"dmean": 0.0110498154536, "dmean2": 0.0173674747348, "dvar": 0.000270803895546, "dvar2": 0.000646682747174, "max": 0.221564948559, "mean": 0.145348027349, "median": 0.142198741436, "min": 0.0721853747964, "var": 0.000524988106918}, "erbbands_kurtosis": {"dmean": 0.192567124963, "dmean2": 0.28856036067, "dvar": 0.0559973716736, "dvar2": 0.126077756286, "max": 2.12992811203, "mean": 0.419432997704, "median": 0.406145215034, "min": -1.31106638908, "var": 0.190887123346}, "erbbands_skewness": {"dmean": 0.0872225984931, "dmean2": 0.129764229059, "dvar": 0.0129662808031, "dvar2": 0.0275203753263, "max": 1.493668437, "mean": 0.86858934164, "median": 0.884809732437, "min": -0.900858163834, "var": 0.0783751085401}, "erbbands_spread": {"dmean": 1.88733291626, "dmean2": 2.57916283607, "dvar": 5.52812957764, "dvar2": 8.92307949066, "max": 60.2037124634, "mean": 40.2546157837, "median": 39.0548286438, "min": 29.3546524048, "var": 25.6213359833}, "hfc": {"dmean": 6.6912279129, "dmean2": 7.78032588959, "dvar": 65.0696792603, "dvar2": 148.872253418, "max": 77.1377792358, "mean": 32.8993759155, "median": 31.8058357239, "min": 1.10565831113e-16, "var": 185.730697632}, "melbands_crest": {"dmean": 1.5938706398, "dmean2": 2.66335678101, "dvar": 8.67618274689, "dvar2": 18.0292301178, "max": 29.4578380585, "mean": 17.8569068909, "median": 16.7229328156, "min": 1.6389772892, "var": 31.5310020447}, "melbands_flatness_db": {"dmean": 0.0200669430196, "dmean2": 0.0311357453465, "dvar": 0.000997056718916, "dvar2": 0.00186431349721, "max": 0.386203557253, "mean": 0.257859766483, "median": 0.26940882206, "min": 0.00440702633932, "var": 0.00395336607471}, "melbands_kurtosis": {"dmean": 2.83478426933, "dmean2": 4.1108341217, "dvar": 19.5328350067, "dvar2": 37.567401886, "max": 54.078666687, "mean": 15.3398189545, "median": 13.5116834641, "min": -1.37135601044, "var": 71.2242126465}, "melbands_skewness": {"dmean": 0.328096419573, "dmean2": 0.493125647306, "dvar": 0.244326278567, "dvar2": 0.495514720678, "max": 5.99918413162, "mean": 3.10137414932, "median": 3.12906980515, "min": -0.339394629002, "var": 0.935634613037}, "melbands_spread": {"dmean": 1.96243548393, "dmean2": 3.16062092781, "dvar": 14.7344446182, "dvar2": 32.9226913452, "max": 157.607940674, "mean": 15.3945541382, "median": 14.7835798264, "min": 3.65425634384, "var": 173.235717773}, "pitch_salience": {"dmean": 0.0370496734977, "dmean2": 0.0626630485058, "dvar": 0.00370647083037, "dvar2": 0.00935749243945, "max": 0.965542316437, "mean": 0.411728590727, "median": 0.375543415546, "min": 0.22834071517, "var": 0.00767428381369}, "silence_rate_20dB": {"dmean": 0, "dmean2": 0, "dvar": 0, "dvar2": 0, "max": 1, "mean": 1, "median": 1, "min": 1, "var": 0}, "silence_rate_30dB": {"dmean": 0.0871610715985, "dmean2": 0.17434373498, "dvar": 0.0795594975352, "dvar2": 0.167723149061, "max": 1, "mean": 0.924733817577, "median": 1, "min": 0, "var": 0.0696063265204}, "silence_rate_60dB": {"dmean": 0.000742850068491, "dmean2": 0.00136206042953, "dvar": 0.000742319680285, "dvar2": 0.00136024621315, "max": 1, "mean": 0.0175786092877, "median": 0, "min": 0, "var": 0.0172695629299}, "spectral_centroid": {"dmean": 79.8246459961, "dmean2": 121.93813324, "dvar": 34344.5859375, "dvar2": 51951.9648438, "max": 11594.6259766, "mean": 1162.94189453, "median": 1072.34326172, "min": 506.773468018, "var": 1096468.875}, "spectral_complexity": {"dmean": 1.97870492935, "dmean2": 2.89772152901, "dvar": 10.4049425125, "dvar2": 20.645488739, "max": 35, "mean": 12.9488735199, "median": 12, "min": 0, "var": 19.8121376038}, "spectral_decrease": {"dmean": 2.86731483001e-09, "dmean2": 3.20521942321e-09, "dvar": 1.58392216374e-17, "dvar2": 3.21935584207e-17, "max": 1.80070429421e-28, "mean": -1.48677168355e-08, "median": -1.40325235876e-08, "min": -3.28767946201e-08, "var": 5.19853236488e-17}, "spectral_energy": {"dmean": 0.0112346000969, "dmean2": 0.0124789811671, "dvar": 0.000234147970332, "dvar2": 0.000484202580992, "max": 0.128080010414, "mean": 0.0590981394053, "median": 0.0557345487177, "min": 9.85729083215e-21, "var": 0.000759439193644}, "spectral_energyband_high": {"dmean": 0.000314766337397, "dmean2": 0.000377033138648, "dvar": 2.45765960472e-07, "dvar2": 5.41670146958e-07, "max": 0.0046918746084, "mean": 0.00133383623324, "median": 0.00117808673531, "min": 7.04007199333e-21, "var": 5.95626147515e-07}, "spectral_energyband_low": {"dmean": 0.00881959777325, "dmean2": 0.0107258753851, "dvar": 0.000228827440878, "dvar2": 0.00039790244773, "max": 0.0947519317269, "mean": 0.0333786718547, "median": 0.0260876175016, "min": 2.0529273599e-23, "var": 0.000828785996418}, "spectral_energyband_middle_high": {"dmean": 0.00107477209531, "dmean2": 0.0013266367605, "dvar": 3.41103941537e-06, "dvar2": 6.66812775307e-06, "max": 0.0247217975557, "mean": 0.00469212699682, "median": 0.00348097085953, "min": 1.24610407293e-21, "var": 1.6135036276e-05}, "spectral_energyband_middle_low": {"dmean": 0.00421849172562, "dmean2": 0.0049899299629, "dvar": 2.68476087513e-05, "dvar2": 5.85189081903e-05, "max": 0.0500431656837, "mean": 0.0208175908774, "median": 0.0202234368771, "min": 1.74623878189e-22, "var": 9.88674364635e-05}, "spectral_entropy": {"dmean": 0.298935949802, "dmean2": 0.493165165186, "dvar": 0.211014807224, "dvar2": 0.478900760412, "max": 9.82928180695, "mean": 6.59924411774, "median": 6.34993457794, "min": 5.61629533768, "var": 0.565562784672}, "spectral_flux": {"dmean": 0.0558085143566, "dmean2": 0.0937272682786, "dvar": 0.00621611718088, "dvar2": 0.0143045615405, "max": 0.32902097702, "mean": 0.0602196417749, "median": 0.0231718122959, "min": 6.35961075468e-11, "var": 0.00571626750752}, "spectral_kurtosis": {"dmean": 0.851771175861, "dmean2": 1.35929143429, "dvar": 0.793579101562, "dvar2": 1.77225768566, "max": 12.3524036407, "mean": 5.05856275558, "median": 5.21916294098, "min": -1.27334153652, "var": 3.27710604668}, "spectral_rms": {"dmean": 0.000720859330613, "dmean2": 0.000807243341114, "dvar": 9.06825334823e-07, "dvar2": 1.86739350738e-06, "max": 0.0111783761531, "mean": 0.00733789801598, "median": 0.00737395230681, "min": 3.10110769529e-12, "var": 3.81221320822e-06}, "spectral_rolloff": {"dmean": 148.707748413, "dmean2": 264.446228027, "dvar": 150332.6875, "dvar2": 292971.28125, "max": 19702.8808594, "mean": 1051.61486816, "median": 645.99609375, "min": 86.1328125, "var": 3674775.5}, "spectral_skewness": {"dmean": 0.116169556975, "dmean2": 0.176920086145, "dvar": 0.0152324000373, "dvar2": 0.0291558969766, "max": 2.74721741676, "mean": 1.76738286018, "median": 1.85105037689, "min": -0.0663769766688, "var": 0.106749892235}, "spectral_spread": {"dmean": 267380.375, "dmean2": 406855.8125, "dvar": 383405719552, "dvar2": 582335201280, "max": 42542092, "mean": 5751352, "median": 5329000.5, "min": 4128942, "var": 13457984323600.0}, "spectral_strongpeak": {"dmean": 0.345211982727, "dmean2": 0.565875709057, "dvar": 0.36402335763, "dvar2": 0.915743172169, "max": 5.63437747955, "mean": 1.22734463215, "median": 0.958123207092, "min": 0, "var": 0.758286058903}, "zerocrossingrate": {"dmean": 0.00982674304396, "dmean2": 0.0100265135989, "dvar": 0.000205372140044, "dvar2": 0.00019351845549, "max": 0.5234375, "mean": 0.0484175160527, "median": 0.02587890625, "min": 0.0068359375, "var": 0.00364680611528}, "barkbands": {"dmean": [0.000502736365888, 0.00349670602009, 0.0061759785749, 0.00113932613749, 0.00031418245635, 0.000416607887018, 0.00159238267224, 0.00157808570657, 0.00153852405492, 0.000339631835232, 0.000124427184346, 8.61655062181e-05, 0.000157482543727, 0.000216264961637, 0.000193877975107, 0.000132878340082, 0.000104053076939, 0.000120539669297, 7.59383619879e-05, 7.75764929131e-05, 6.53252282063e-05, 5.93658733123e-05, 6.33113013464e-05, 4.03521735279e-05, 3.73272341676e-05, 3.03642427752e-05, 2.38339653151e-05], "dmean2": [0.000871962693054, 0.00459918472916, 0.00803497806191, 0.00173668726347, 0.000481959170429, 0.000563623732887, 0.00204381416552, 0.00206389650702, 0.00189084024169, 0.000459686212707, 0.000161343588843, 0.000115789247502, 0.000211104765185, 0.000280310225207, 0.000262505287537, 0.00018717457715, 0.000147669954458, 0.00017273038975, 9.86639061011e-05, 0.000101400022686, 8.18013068056e-05, 8.08161858004e-05, 8.94965778571e-05, 5.02786278958e-05, 4.68907819595e-05, 3.99036871386e-05, 3.06380097754e-05], "dvar": [1.06896459329e-06, 5.95536694163e-05, 0.000159862145665, 5.96733434577e-06, 7.29228645469e-07, 2.25536768994e-06, 9.74418071564e-06, 8.90103001439e-06, 7.74540603743e-06, 1.7477983647e-06, 5.86575254147e-07, 3.46661806816e-07, 1.11672882497e-07, 1.39643958619e-07, 1.28341099526e-07, 1.04144788793e-07, 6.38204866732e-08, 3.59121692384e-08, 1.751466705e-08, 1.50229286788e-08, 9.51128242832e-09, 1.06327622262e-08, 1.34473969737e-08, 3.99036492738e-09, 3.94238641732e-09, 2.03504058049e-09, 1.17774612285e-09], "dvar2": [3.11739995595e-06, 0.000101155434095, 0.000281952292426, 1.31455944938e-05, 1.3594376469e-06, 3.7338418224e-06, 1.65098117577e-05, 1.68813294295e-05, 1.35897907967e-05, 3.08555445372e-06, 1.00454690255e-06, 6.40826272047e-07, 2.32459186122e-07, 2.76118669262e-07, 2.62718828026e-07, 2.79359312572e-07, 1.55334603846e-07, 7.41628198853e-08, 3.3853154946e-08, 3.07754710605e-08, 1.96460501201e-08, 2.28274394942e-08, 3.33474687864e-08, 7.39323224863e-09, 8.04269628674e-09, 5.03916064432e-09, 2.51793896844e-09], "max": [0.00909223221242, 0.0914474353194, 0.0833890736103, 0.0186923332512, 0.0105066988617, 0.0179739147425, 0.035044066608, 0.031874075532, 0.0213413815945, 0.0180361159146, 0.0179840400815, 0.0180809292942, 0.00357613782398, 0.00397089775652, 0.0028339587152, 0.00380124081858, 0.00416525360197, 0.00303202215582, 0.00245010410435, 0.00205198139884, 0.0011749874102, 0.00140961143188, 0.00102215947118, 0.000578277395107, 0.000651003618259, 0.000624312844593, 0.000482123927213], "mean": [0.00110247149132, 0.0115421246737, 0.0196995362639, 0.00260441587307, 0.000689451117069, 0.00113635638263, 0.00518599059433, 0.00549328466877, 0.00548146711662, 0.00104730506428, 0.000344975473126, 0.000246703537414, 0.000448786653578, 0.000698791234754, 0.000611727416981, 0.000357006530976, 0.000287442380795, 0.000370753259631, 0.000247786520049, 0.000281200074824, 0.000256770610576, 0.000206723911106, 0.000204979471164, 0.000163437071024, 0.000145380399772, 0.000125690858113, 0.000117580246297], "median": [0.000937450211495, 0.00392504036427, 0.00625821761787, 0.000313891330734, 4.57201822428e-05, 0.000248175580055, 0.00103382975794, 0.00276372442022, 0.000820032611955, 0.0001164665955, 3.46763808921e-05, 6.48346613161e-05, 0.000199411035283, 0.000455761270132, 0.000139762982144, 0.000116809380415, 7.77192326495e-05, 0.000311537645757, 0.000187895508134, 0.000270130869467, 0.000231365527725, 0.000172324187588, 0.000167460384546, 0.000136313756229, 0.000124063197291, 0.000115368107799, 0.000111466986709], "min": [5.44678194844e-26, 3.42227661094e-24, 1.32643845212e-24, 6.68325424094e-25, 3.21251514358e-24, 6.50159397117e-24, 7.02960894618e-24, 8.92689199844e-24, 1.69431986985e-23, 1.25738117405e-23, 1.86318943057e-23, 2.54575022441e-23, 3.84163238602e-23, 2.57924289186e-23, 4.05631457049e-23, 6.55555213598e-23, 6.41098864193e-23, 1.01973386024e-22, 1.0244516271e-22, 2.00553332246e-22, 2.09803628817e-22, 2.27363773541e-22, 3.84635122574e-22, 6.16636388496e-22, 8.93120801423e-22, 1.31992933676e-21, 1.86352745431e-21], "var": [7.39950564821e-07, 0.000290935393423, 0.000632641196717, 1.56204059749e-05, 2.71389126283e-06, 9.48065007833e-06, 4.06291073887e-05, 3.8129343011e-05, 3.86868778151e-05, 9.93990579445e-06, 2.67494010586e-06, 1.81750476713e-06, 3.51732694526e-07, 5.12791586971e-07, 4.86727458338e-07, 2.70285454462e-07, 2.03302747082e-07, 1.25088590153e-07, 6.38052028989e-08, 4.9637463917e-08, 2.94636368636e-08, 2.36122552622e-08, 2.40948576646e-08, 1.18160530249e-08, 8.81035600031e-09, 4.49521131429e-09, 3.35366889814e-09]}, "erbbands": {"dmean": [0.0471347458661, 0.997004747391, 5.88530015945, 5.20381736755, 1.89796853065, 0.741202175617, 2.50847125053, 3.40729689598, 13.7049322128, 30.894821167, 37.2655677795, 30.900976181, 17.0267734528, 8.02987384796, 4.64453363419, 2.86076211929, 7.3418431282, 8.60964775085, 8.74130439758, 8.71832847595, 8.60623836517, 6.66322422028, 5.23179244995, 5.54711389542, 3.7549726963, 3.31541156769, 3.02557349205, 2.64504051208, 2.37124371529, 1.84180355072, 1.73723781109, 0.926208555698, 0.624443531036, 0.446596175432, 0.26635748148, 0.138191401958, 0.0601720921695, 0.0165386665612, 0.0039044059813, 0.000331533985445], "dmean2": [0.0728030279279, 1.28689980507, 7.68941736221, 6.77213907242, 2.75489020348, 1.17628800869, 3.36172056198, 4.57566595078, 17.9099082947, 38.0792350769, 46.5003890991, 37.4474487305, 21.4568138123, 10.087556839, 5.92169570923, 3.78343677521, 9.84638500214, 10.6881780624, 11.4964132309, 11.5008687973, 12.0544996262, 9.42257022858, 7.30628299713, 7.63242292404, 4.92171001434, 4.30151319504, 4.03695297241, 3.32796263695, 3.18292212486, 2.44839811325, 2.48846292496, 1.18390655518, 0.762259304523, 0.565027296543, 0.336038947105, 0.182868301868, 0.0801678672433, 0.0203623566777, 0.00496754935011, 0.000429393461673], "dvar": [0.0149407526478, 4.38228082657, 131.976791382, 118.39226532, 24.197095871, 3.04968619347, 126.121574402, 155.47845459, 1254.24633789, 3709.37084961, 3919.88208008, 3824.16943359, 2146.91772461, 1113.6373291, 518.975341797, 263.347595215, 308.010803223, 286.662628174, 225.134765625, 310.345825195, 468.087249756, 250.475387573, 79.4552993774, 82.2688751221, 45.8664550781, 30.3290367126, 20.7995586395, 18.5962429047, 17.5647602081, 10.1441984177, 10.3699512482, 2.1755502224, 1.05314695835, 0.558676898479, 0.200321033597, 0.0494742840528, 0.00830839108676, 0.000622034363914, 2.78482439171e-05, 2.18804004248e-07], "dvar2": [0.0303613152355, 7.46998310089, 236.908920288, 211.415985107, 43.4337120056, 7.05592393875, 209.965805054, 258.670379639, 2115.48681641, 6122.98486328, 7403.60693359, 6770.08056641, 3542.42602539, 2005.38208008, 917.375244141, 514.104003906, 637.820922852, 504.326324463, 450.23260498, 577.424987793, 1266.8951416, 635.080932617, 164.894378662, 172.499023438, 91.2659683228, 62.5806732178, 45.4401931763, 34.8587303162, 34.6418571472, 22.251121521, 26.2765312195, 4.10090494156, 2.00085711479, 1.16873753071, 0.404392391443, 0.122341610491, 0.0206975191832, 0.00138543453068, 6.38458805042e-05, 5.17518117249e-07], "max": [1.57090008259, 23.6084480286, 82.00365448, 95.1382827759, 62.6088790894, 22.7731819153, 178.784606934, 207.200042725, 312.790863037, 679.679931641, 596.694824219, 559.549621582, 662.83392334, 662.177856445, 546.560119629, 569.198120117, 299.459625244, 159.683181763, 185.479400635, 163.289596558, 259.562194824, 282.820465088, 111.351089478, 96.4926147461, 95.0983886719, 72.1034164429, 43.9412612915, 56.1511383057, 57.7332191467, 32.0186538696, 28.3134536743, 15.5531873703, 13.2755947113, 9.9731054306, 5.01107168198, 2.92211747169, 1.2398481369, 0.35069257021, 0.0612983256578, 0.00633619586006], "mean": [0.139115571976, 3.51938962936, 19.5757846832, 17.1565475464, 4.54061555862, 1.7346534729, 6.75218009949, 10.1607351303, 43.6275596619, 110.611740112, 140.831817627, 112.425849915, 57.0281143188, 26.6083030701, 14.6267175674, 9.5294752121, 21.0451087952, 27.7922363281, 30.6941452026, 29.7730178833, 24.1998767853, 19.1255817413, 16.9178791046, 18.5418777466, 12.9531841278, 12.2067451477, 11.5686187744, 9.34777164459, 8.09947490692, 6.48414707184, 5.35150575638, 3.62666487694, 2.40552520752, 1.69427740574, 1.0657428503, 0.538552582264, 0.238178372383, 0.0818909630179, 0.0182110611349, 0.00156799540855], "median": [0.0392247214913, 1.78631925583, 10.1113452911, 7.9813284874, 0.973742723465, 0.313880085945, 0.721598982811, 3.46425914764, 9.42381191254, 54.4626693726, 86.845489502, 46.9636230469, 8.74758625031, 4.03089809418, 3.35119700432, 3.96668338776, 7.9354262352, 15.3008556366, 16.9533576965, 10.599943161, 8.64827728271, 8.17609596252, 8.69920349121, 12.8933773041, 9.00887584686, 9.81408882141, 10.024105072, 6.91839647293, 6.35225963593, 5.25007963181, 4.43323612213, 2.76752924919, 1.93176794052, 1.42881011963, 0.911105275154, 0.488244593143, 0.215904295444, 0.0774301588535, 0.0172913223505, 0.00150102796033], "min": [7.51292824559e-23, 3.09492726095e-22, 2.08408215917e-21, 4.69430288672e-21, 4.36256670648e-21, 1.70291688862e-20, 4.91273164047e-20, 4.33281566941e-20, 1.24434214188e-19, 1.86183918999e-19, 3.00237016499e-19, 3.22447307085e-19, 3.80766409553e-19, 5.60649680901e-19, 1.04560075522e-18, 1.21140331875e-18, 1.58602214784e-18, 2.05370148417e-18, 2.61597853953e-18, 2.30938115036e-18, 3.74041477701e-18, 4.07367633323e-18, 5.87696274223e-18, 4.28655291824e-18, 7.47258504486e-18, 9.26178746316e-18, 8.01718256219e-18, 9.13616602508e-18, 7.16312354282e-18, 9.39159526233e-18, 1.08454536972e-17, 1.16820261184e-17, 9.22364451076e-18, 7.73330244777e-18, 6.52958963397e-18, 4.58257438969e-18, 2.25004376271e-18, 9.70877601385e-19, 2.44076390141e-19, 2.88306079999e-20], "var": [0.0601294226944, 20.1501464844, 484.263824463, 480.717071533, 89.6590805054, 8.1630563736, 516.223754883, 649.302734375, 5201.0390625, 16414.5527344, 17152.2558594, 17899.5332031, 12065.2890625, 6375.31298828, 2988.1706543, 1344.81530762, 998.069580078, 961.955505371, 999.458740234, 1370.16052246, 1229.09838867, 693.526794434, 286.448730469, 266.15713501, 150.923400879, 100.466651917, 77.7311859131, 58.4658241272, 42.4075050354, 22.8554573059, 16.4192886353, 6.72586107254, 2.90255975723, 1.22765445709, 0.4393235147, 0.0926697552204, 0.0166533123702, 0.00165742798708, 7.68949757912e-05, 5.46354897324e-07]}, "gfcc": {"mean": [37.511680603, 34.1846389771, -83.9860305786, 15.028181076, -47.4887275696, 5.21933698654, -20.0301265717, 21.9707889557, 3.24057650566, 14.0049352646, -20.6053504944, -16.2760066986, -27.1834754944], "cov": [[16430.6953125, 556.679443359, -1007.93023682, 245.774856567, -590.239929199, 103.55381012, -247.975509644, 268.837432861, -4.65878009796, 116.107666016, -317.322540283, -222.897857666, -347.791564941], [556.679443359, 806.151855469, 605.508850098, 472.171478271, 429.461669922, 307.571929932, 192.18661499, 40.4472351074, -101.52532196, -167.887130737, -198.550506592, -131.756973267, -75.758682251], [-1007.93023682, 605.508850098, 650.243408203, 399.70880127, 450.752990723, 270.421447754, 214.333465576, 41.0059318542, -74.0150756836, -166.776855469, -162.3618927, -97.6219177246, -19.6554832458], [245.774856567, 472.171478271, 399.70880127, 328.585266113, 304.399627686, 193.900299072, 116.769462585, 33.7358093262, -28.6384029388, -73.0619735718, -118.525856018, -114.095214844, -90.7993621826], [-590.239929199, 429.461669922, 450.752990723, 304.399627686, 353.81137085, 223.438461304, 170.951034546, 37.4668731689, -48.5500984192, -114.010307312, -121.851493835, -101.926239014, -66.6189804077], [103.55381012, 307.571929932, 270.421447754, 193.900299072, 223.438461304, 208.287719727, 172.99067688, 49.6711921692, -93.2019958496, -153.356216431, -121.043762207, -36.8971939087, -3.50982999802], [-247.975509644, 192.18661499, 214.333465576, 116.769462585, 170.951034546, 172.99067688, 184.244186401, 68.9574127197, -79.991317749, -162.099563599, -122.357444763, -15.820681572, 41.9416236877], [268.837432861, 40.4472351074, 41.0059318542, 33.7358093262, 37.4668731689, 49.6711921692, 68.9574127197, 84.9081878662, 41.9226417542, -20.6576976776, -72.7017059326, -44.7905464172, 12.5330591202], [-4.65878009796, -101.52532196, -74.0150756836, -28.6384029388, -48.5500984192, -93.2019958496, -79.991317749, 41.9226417542, 194.222213745, 197.811172485, 51.121723175, -102.392776489, -105.757949829], [116.107666016, -167.887130737, -166.776855469, -73.0619735718, -114.010307312, -153.356216431, -162.099563599, -20.6576976776, 197.811172485, 301.669250488, 186.831558228, -42.1757965088, -151.767807007], [-317.322540283, -198.550506592, -162.3618927, -118.525856018, -121.851493835, -121.043762207, -122.357444763, -72.7017059326, 51.121723175, 186.831558228, 248.851486206, 135.067276001, -17.4594650269], [-222.897857666, -131.756973267, -97.6219177246, -114.095214844, -101.926239014, -36.8971939087, -15.820681572, -44.7905464172, -102.392776489, -42.1757965088, 135.067276001, 265.423614502, 218.853500366], [-347.791564941, -75.758682251, -19.6554832458, -90.7993621826, -66.6189804077, -3.50982999802, 41.9416236877, 12.5330591202, -105.757949829, -151.767807007, -17.4594650269, 218.853500366, 341.529907227]], "icov": [[0.000689736742061, -0.000678460753988, 0.00210591033101, -0.00388765521348, 0.0038200977724, -0.00423849141225, 0.00520016718656, -0.00667293509468, 0.00468865595758, -0.0028505413793, 0.002092075767, -0.00105757871643, 0.000917191850021], [-0.000678460753988, 0.0162364654243, -0.0154008409008, -0.0112565364689, 0.0158690288663, -0.0144661767408, 0.00130521820392, 0.00814680103213, 0.00281381816603, -0.00648302072659, 0.00314499088563, 0.00264863017946, -0.00202685594559], [0.00210591033101, -0.0154008409008, 0.0450727120042, -0.0211515780538, -0.0276267509907, 0.0309202298522, -0.0182845313102, -0.00731035368517, 0.00677659828216, -0.000403724145144, -0.00263771764003, 0.00222835084423, -0.00650226930156], [-0.00388765521348, -0.0112565364689, -0.0211515780538, 0.0992885828018, -0.0630967393517, -0.00415545189753, 0.0276261866093, 0.00854372885078, -0.0166503600776, -0.00494552589953, 0.0267713386565, -0.0291915927082, 0.015388244763], [0.0038200977724, 0.0158690288663, -0.0276267509907, -0.0630967393517, 0.12121810019, -0.0777065530419, 0.0199875719845, -0.00563103333116, -0.00448890775442, 0.00877900980413, -0.0158561784774, 0.017319155857, 0.000246072770096], [-0.00423849141225, -0.0144661767408, 0.0309202298522, -0.00415545189753, -0.0777065530419, 0.168459102511, -0.123037911952, 0.0285640880466, 0.0146854799241, 0.00218385015614, -0.0237377304584, 0.020306063816, -0.0149229131639], [0.00520016718656, 0.00130521820392, -0.0182845313102, 0.0276261866093, 0.0199875719845, -0.123037911952, 0.184119567275, -0.132058694959, 0.0444522313774, 0.00778905022889, 0.00456037092954, -0.013192621991, 0.0226604379714], [-0.00667293509468, 0.00814680103213, -0.00731035368517, 0.00854372885078, -0.00563103333116, 0.0285640880466, -0.132058694959, 0.205305919051, -0.136296465993, 0.0226766653359, 0.033957798034, -0.0362545698881, -0.00241934787482], [0.00468865595758, 0.00281381816603, 0.00677659828216, -0.0166503600776, -0.00448890775442, 0.0146854799241, 0.0444522313774, -0.136296465993, 0.189165592194, -0.122514441609, 0.0226181596518, 0.0384258963168, -0.0191526785493], [-0.0028505413793, -0.00648302072659, -0.000403724145144, -0.00494552589953, 0.00877900980413, 0.00218385015614, 0.00778905022889, 0.0226766653359, -0.122514441609, 0.173831313848, -0.128228843212, 0.049639005214, -0.00478805135936], [0.002092075767, 0.00314499088563, -0.00263771764003, 0.0267713386565, -0.0158561784774, -0.0237377304584, 0.00456037092954, 0.033957798034, 0.0226181596518, -0.128228843212, 0.182145997882, -0.136068090796, 0.0511771552265], [-0.00105757871643, 0.00264863017946, 0.00222835084423, -0.0291915927082, 0.017319155857, 0.020306063816, -0.013192621991, -0.0362545698881, 0.0384258963168, 0.049639005214, -0.136068090796, 0.140004560351, -0.0642986148596], [0.000917191850021, -0.00202685594559, -0.00650226930156, 0.015388244763, 0.000246072770096, -0.0149229131639, 0.0226604379714, -0.00241934787482, -0.0191526785493, -0.00478805135936, 0.0511771552265, -0.0642986148596, 0.0400904305279]]}, "melbands": {"dmean": [0.000703265250195, 0.00240865140222, 0.000830216158647, 7.8115168435e-05, 7.45098586776e-05, 7.71817722125e-05, 0.000237789630773, 0.000334870099323, 0.000312830059556, 0.000185172393685, 8.60074724187e-05, 3.53491013811e-05, 1.85856097232e-05, 1.03950678749e-05, 1.40204410854e-05, 1.69745508174e-05, 1.58678703883e-05, 1.61078787642e-05, 1.55595680553e-05, 8.47491810418e-06, 9.74361137196e-06, 8.41145538288e-06, 4.9288628361e-06, 4.99062889503e-06, 4.75020942758e-06, 3.53732298208e-06, 3.22631217387e-06, 2.22903236136e-06, 2.30105229093e-06, 1.7207178189e-06, 1.60913589298e-06, 1.59591184001e-06, 1.29760485379e-06, 1.19070909932e-06, 1.05418780549e-06, 7.58355781727e-07, 6.72622718412e-07, 4.38493060528e-07, 5.06839398895e-07, 3.5436406165e-07], "dmean2": [0.000955520838033, 0.00306044379249, 0.00106155790854, 0.000120117641927, 0.000100681376352, 0.000106319334009, 0.000309506955091, 0.000420337950345, 0.000390579662053, 0.000226101197768, 0.000109663204057, 4.52401000075e-05, 2.39961609623e-05, 1.38271343531e-05, 1.92398092622e-05, 2.16024527617e-05, 2.02620358323e-05, 2.12587638089e-05, 2.18557015614e-05, 1.09131069621e-05, 1.37059405461e-05, 1.21353077702e-05, 6.96843608239e-06, 6.84215910951e-06, 6.55657959214e-06, 4.77588446302e-06, 4.14274154537e-06, 2.985213996e-06, 3.11312646772e-06, 2.29850707001e-06, 2.05824130717e-06, 2.26617703447e-06, 1.70495820839e-06, 1.68121687238e-06, 1.52085260652e-06, 1.08010135591e-06, 9.00840745999e-07, 5.43373630535e-07, 6.48465515951e-07, 4.59328077795e-07], "dvar": [2.72134343504e-06, 1.87184305105e-05, 2.72893271358e-06, 4.18715231376e-08, 9.83977344049e-08, 7.48125970063e-08, 3.03308183902e-07, 3.47149295976e-07, 2.69754423243e-07, 1.29732271148e-07, 5.92854760839e-08, 2.34516246422e-08, 1.21023191468e-08, 5.14528197826e-09, 4.08410993913e-09, 9.13622677512e-10, 8.6016949119e-10, 9.92887216889e-10, 1.09173026175e-09, 3.30269755988e-10, 6.59747756426e-10, 4.64114580101e-10, 1.13279212399e-10, 9.51757492262e-11, 6.64153454455e-11, 3.58379680099e-11, 3.78882585028e-11, 1.89106143939e-11, 1.51010835781e-11, 9.02136525205e-12, 7.75115995694e-12, 9.60759857088e-12, 3.96766170266e-12, 4.94061822703e-12, 3.97532787938e-12, 1.67115247422e-12, 1.04622224512e-12, 5.12087171712e-13, 7.22491402642e-13, 3.75130482233e-13], "dvar2": [4.66730443804e-06, 3.32949894073e-05, 4.78561787531e-06, 8.01243587034e-08, 1.62768273526e-07, 1.25049581357e-07, 5.20451578723e-07, 6.11248822224e-07, 5.12648000495e-07, 2.26978542628e-07, 9.75183453988e-08, 4.19349497349e-08, 2.10334931694e-08, 8.62183657802e-09, 7.71332775429e-09, 1.68269131962e-09, 1.57005519696e-09, 1.89492510572e-09, 2.38662289931e-09, 6.62098376125e-10, 1.73141134763e-09, 1.16767573388e-09, 2.2354590401e-10, 1.81370238272e-10, 1.35995784079e-10, 7.28601901034e-11, 6.99735408505e-11, 4.03341665622e-11, 2.9243673455e-11, 1.83253742042e-11, 1.43577372214e-11, 1.82845058538e-11, 8.55198290656e-12, 1.13067584809e-11, 9.9433759837e-12, 3.78418607214e-12, 2.05809132757e-12, 9.82477445753e-13, 1.42935771726e-12, 8.23329089367e-13], "max": [0.0215661562979, 0.030105419457, 0.0139198182151, 0.00264302245341, 0.00498062185943, 0.00419159280136, 0.00562033522874, 0.00616890192032, 0.00479612452909, 0.00312511343509, 0.00326983630657, 0.00294832303189, 0.0026485293638, 0.0025194673799, 0.00247801467776, 0.000365719461115, 0.000297391030472, 0.000318443402648, 0.000303024629829, 0.000146065023728, 0.000305486144498, 0.000377856340492, 0.000157429094543, 0.000206847922527, 8.77696511452e-05, 0.000104630853457, 0.000124440222862, 6.50466536172e-05, 4.16538969148e-05, 4.06044309784e-05, 3.00069586956e-05, 4.63209398731e-05, 2.176479029e-05, 2.48342003033e-05, 1.98465058929e-05, 1.45223502841e-05, 1.01348296084e-05, 1.07687192212e-05, 7.79445053922e-06, 8.64959474711e-06], "mean": [0.00232430105098, 0.00861549004912, 0.00277052773163, 0.00016403166228, 0.000201429269509, 0.000212178842048, 0.000771371938754, 0.00123626179993, 0.00117934599984, 0.000659739016555, 0.000275378464721, 0.000113743401016, 5.49790347577e-05, 2.81259053736e-05, 3.66644126188e-05, 5.00294445374e-05, 5.09955425514e-05, 5.11078469572e-05, 4.73992040497e-05, 2.66823972197e-05, 2.58515792666e-05, 2.15553573071e-05, 1.36597072924e-05, 1.56345668074e-05, 1.46800502989e-05, 1.07881160147e-05, 9.33788760449e-06, 7.36763786335e-06, 8.06252955954e-06, 5.26527765032e-06, 5.32789135832e-06, 4.73190175398e-06, 3.98373686039e-06, 3.52597066922e-06, 3.0095288821e-06, 2.37275821746e-06, 2.42632677327e-06, 1.57144381774e-06, 1.85037504252e-06, 1.27412761231e-06], "median": [0.000754845619667, 0.00598469004035, 0.00155769335106, 1.09489046736e-05, 3.16251171171e-05, 6.32621813565e-05, 0.000144910562085, 0.000680335913785, 0.00111567473505, 0.000142050848808, 2.17437245738e-05, 1.2617707398e-05, 7.81968265073e-06, 6.27348890703e-06, 6.8225308496e-06, 1.51786298375e-05, 3.1102259527e-05, 1.20509439512e-05, 1.02470703496e-05, 7.39656843507e-06, 4.23569827035e-06, 4.59900365968e-06, 3.80211758966e-06, 1.11142926471e-05, 8.94082222658e-06, 8.93555989023e-06, 3.64743050341e-06, 5.04603485751e-06, 6.3945144575e-06, 3.6041005842e-06, 3.95313691115e-06, 3.08795097226e-06, 3.50575419361e-06, 2.82297878584e-06, 2.58721638602e-06, 1.87944033314e-06, 1.97625377041e-06, 1.25815131469e-06, 1.55490340603e-06, 1.04692730929e-06], "min": [1.16928187841e-24, 6.09828084616e-25, 1.10100340326e-24, 8.89998986942e-25, 1.66140397805e-24, 1.05238511681e-24, 1.93743508626e-24, 1.90909111672e-24, 1.59023018617e-24, 2.33846672692e-24, 1.67334476836e-24, 1.3539474124e-24, 3.15386570186e-24, 2.2381524132e-24, 2.61381211779e-24, 2.3595604731e-24, 3.326231218e-24, 3.46266944473e-24, 2.87008087981e-24, 3.82419493126e-24, 4.03910154666e-24, 3.27236641489e-24, 3.60099107686e-24, 4.00659495533e-24, 2.75496418285e-24, 3.26253720801e-24, 5.21232151731e-24, 5.00736283236e-24, 3.82388609221e-24, 4.06152965105e-24, 5.43241015999e-24, 3.00533680126e-24, 5.59062528643e-24, 4.58717607119e-24, 4.56437838546e-24, 6.08339671721e-24, 6.52077512409e-24, 5.66923527564e-24, 6.01769170356e-24, 6.11066527212e-24], "var": [1.36626840685e-05, 6.62394159008e-05, 1.10113596747e-05, 1.47707694964e-07, 4.0887212549e-07, 3.14990103334e-07, 1.25517101424e-06, 1.61839238899e-06, 1.08084816475e-06, 6.3763604885e-07, 3.30664306603e-07, 1.34702005994e-07, 5.95032219053e-08, 2.54568721658e-08, 1.51138479509e-08, 3.02016522902e-09, 2.94777402488e-09, 4.22342782969e-09, 3.55241414063e-09, 1.25986321375e-09, 1.85604520642e-09, 1.23453702816e-09, 4.32116786797e-10, 3.70370234481e-10, 2.26206026133e-10, 1.15298631753e-10, 1.4298807971e-10, 6.07694658483e-11, 6.51942805296e-11, 2.82815715291e-11, 2.73663522399e-11, 2.41364133541e-11, 1.2021150568e-11, 1.09335752257e-11, 6.64776914072e-12, 3.98951444797e-12, 3.27794085278e-12, 1.70811032419e-12, 1.74996909325e-12, 7.86359042118e-13]}, "mfcc": {"mean": [-634.144226074, 84.3056945801, 15.5521268845, 18.4542999268, 4.43339061737, -0.289111495018, -5.13334131241, 3.31951737404, 15.5636205673, 28.2353477478, 26.7415008545, 12.6724243164, 0.946102201939], "cov": [[4280.25146484, 461.928344727, 7.67043209076, 22.9180660248, -107.593559265, -55.3055953979, -89.3393554688, -35.2223472595, -11.9400177002, 57.7924423218, 22.6475505829, -2.0428519249, -26.9596366882], [461.928344727, 712.860656738, 306.039825439, 264.386688232, 303.393432617, 250.46685791, 262.086090088, 213.103424072, 191.77835083, 35.304851532, -87.5796966553, -137.339782715, -88.6605682373], [7.67043209076, 306.039825439, 334.988311768, 236.085601807, 210.186264038, 114.952438354, 35.7529067993, 39.5081443787, 61.0644721985, 48.2248687744, 9.60096549988, -33.8052520752, -32.9990081787], [22.9180660248, 264.386688232, 236.085601807, 224.713928223, 204.006484985, 132.427825928, 74.731552124, 52.5885467529, 62.4758453369, 50.9099464417, 13.1091156006, -32.5980682373, -51.1642303467], [-107.593559265, 303.393432617, 210.186264038, 204.006484985, 275.14163208, 187.652282715, 106.511260986, 60.7491874695, 70.2385864258, 74.8412857056, 81.8512878418, -1.35536146164, -62.2241401672], [-55.3055953979, 250.46685791, 114.952438354, 132.427825928, 187.652282715, 205.609634399, 191.088226318, 122.255813599, 54.5993423462, -21.1840934753, -11.0095663071, -15.6861467361, -26.3282394409], [-89.3393554688, 262.086090088, 35.7529067993, 74.731552124, 106.511260986, 191.088226318, 352.2940979, 288.982452393, 158.583480835, -87.1538085938, -211.00541687, -138.427871704, -25.9104709625], [-35.2223472595, 213.103424072, 39.5081443787, 52.5885467529, 60.7491874695, 122.255813599, 288.982452393, 312.222381592, 212.674942017, -59.5469894409, -247.82800293, -179.671066284, -50.7717018127], [-11.9400177002, 191.77835083, 61.0644721985, 62.4758453369, 70.2385864258, 54.5993423462, 158.583480835, 212.674942017, 271.362609863, 113.385513306, -119.910758972, -153.110153198, -63.4607658386], [57.7924423218, 35.304851532, 48.2248687744, 50.9099464417, 74.8412857056, -21.1840934753, -87.1538085938, -59.5469894409, 113.385513306, 286.943756104, 217.806350708, 50.3722915649, -32.471496582], [22.6475505829, -87.5796966553, 9.60096549988, 13.1091156006, 81.8512878418, -11.0095663071, -211.00541687, -247.82800293, -119.910758972, 217.806350708, 519.718566895, 333.330627441, 52.6465034485], [-2.0428519249, -137.339782715, -33.8052520752, -32.5980682373, -1.35536146164, -15.6861467361, -138.427871704, -179.671066284, -153.110153198, 50.3722915649, 333.330627441, 328.15145874, 134.455718994], [-26.9596366882, -88.6605682373, -32.9990081787, -51.1642303467, -62.2241401672, -26.3282394409, -25.9104709625, -50.7717018127, -63.4607658386, -32.471496582, 52.6465034485, 134.455718994, 163.374099731]], "icov": [[0.000391043518903, -0.000940084981266, 0.000655965297483, -0.000799547648057, 0.00143014884088, -0.000642146798782, 0.0011468048906, -0.00102756964043, 0.000823687645607, -0.000573769735638, 6.91755412845e-05, -0.00011039605306, 1.46907086673e-05], [-0.000940084981266, 0.00654354458675, -0.00444987975061, 0.00262509402819, -0.00472202291712, 0.000747203885112, -0.00577012682334, 0.00526772951707, -0.00475700618699, 0.0026941858232, -0.000861303124111, 0.00105464737862, 0.000460386247141], [0.000655965297483, -0.00444987975061, 0.0193424373865, -0.0181419290602, -0.00131133908872, 0.000587038637605, 0.0124847972766, -0.00995630770922, 0.00315031129867, 0.00125759164803, -0.00214049126953, 0.00457058660686, -0.00719838077202], [-0.000799547648057, 0.00262509402819, -0.0181419290602, 0.0340135544538, -0.0121018951759, -0.000271736847935, -0.00881894864142, 0.00804356858134, -0.000626635795925, -0.00454889656976, 0.00755631038919, -0.00681165000424, 0.00675181904808], [0.00143014884088, -0.00472202291712, -0.00131133908872, -0.0121018951759, 0.0379626862705, -0.026758601889, 0.00816929060966, -0.000249090429861, -0.00192412477918, -0.00222294102423, -0.00472395960242, 0.00142797152512, 0.00414121011272], [-0.000642146798782, 0.000747203885112, 0.000587038637605, -0.000271736847935, -0.026758601889, 0.0477081649005, -0.0240011177957, 0.00235669501126, 0.00507301604375, 0.00360792456195, -0.00185508350842, -0.00274894153699, 0.000303504610201], [0.0011468048906, -0.00577012682334, 0.0124847972766, -0.00881894864142, 0.00816929060966, -0.0240011177957, 0.0403085462749, -0.0308413505554, 0.00902314204723, -0.00303323683329, -0.00116488453932, 0.00670467456803, -0.00937089510262], [-0.00102756964043, 0.00526772951707, -0.00995630770922, 0.00804356858134, -0.000249090429861, 0.00235669501126, -0.0308413505554, 0.0533691421151, -0.0341890156269, 0.0145704429597, 0.00454298593104, -0.0088608385995, 0.0106203453615], [0.000823687645607, -0.00475700618699, 0.00315031129867, -0.000626635795925, -0.00192412477918, 0.00507301604375, 0.00902314204723, -0.0341890156269, 0.0404557362199, -0.0241865999997, 0.00493475375697, 0.00288274604827, -0.00417007971555], [-0.000573769735638, 0.0026941858232, 0.00125759164803, -0.00454889656976, -0.00222294102423, 0.00360792456195, -0.00303323683329, 0.0145704429597, -0.0241865999997, 0.0261767040938, -0.0154791036621, 0.00924421474338, -0.00283349095844], [6.91755412845e-05, -0.000861303124111, -0.00214049126953, 0.00755631038919, -0.00472395960242, -0.00185508350842, -0.00116488453932, 0.00454298593104, 0.00493475375697, -0.0154791036621, 0.026160499081, -0.0243762750179, 0.0110786929727], [-0.00011039605306, 0.00105464737862, 0.00457058660686, -0.00681165000424, 0.00142797152512, -0.00274894153699, 0.00670467456803, -0.0088608385995, 0.00288274604827, 0.00924421474338, -0.0243762750179, 0.0336613915861, -0.0191362276673], [1.46907086673e-05, 0.000460386247141, -0.00719838077202, 0.00675181904808, 0.00414121011272, 0.000303504610201, -0.00937089510262, 0.0106203453615, -0.00417007971555, -0.00283349095844, 0.0110786929727, -0.0191362276673, 0.0204701106995]]}, "spectral_contrast_coeffs": {"dmean": [0.0837226808071, 0.0818141773343, 0.0644398480654, 0.0622932203114, 0.0560818389058, 0.0422197245061], "dmean2": [0.129350394011, 0.139391362667, 0.104172460735, 0.104986488819, 0.0948811843991, 0.0692149028182], "dvar": [0.0103310635313, 0.01170057524, 0.00657333247364, 0.00728273950517, 0.00748120993376, 0.00284558930434], "dvar2": [0.0186055023223, 0.0283093024045, 0.0120965400711, 0.015620294027, 0.0150418011472, 0.00559630664065], "max": [-0.192128449678, -0.221418902278, -0.312576800585, -0.366638362408, -0.382029056549, -0.483633995056], "mean": [-0.47990962863, -0.465200692415, -0.590765833855, -0.574602782726, -0.578324019909, -0.612454414368], "median": [-0.484130084515, -0.441641002893, -0.56906580925, -0.548161327839, -0.522229194641, -0.559656023979], "min": [-0.983281731606, -0.976516127586, -0.978428900242, -0.96947157383, -0.965812087059, -0.965571761131], "var": [0.038179077208, 0.0189553610981, 0.0250942837447, 0.0172462183982, 0.01916057989, 0.0104967309162]}, "spectral_contrast_valleys": {"dmean": [1.07875990868, 0.935667097569, 0.87686753273, 0.8381690979, 0.760907292366, 0.769200563431], "dmean2": [1.76595377922, 1.55526804924, 1.46140635014, 1.37120354176, 1.24625909328, 1.2106500864], "dvar": [1.68360626698, 1.55653297901, 1.19305253029, 1.29903292656, 1.35530328751, 1.02016413212], "dvar2": [3.42657828331, 3.23180055618, 2.46977591515, 2.72990655899, 2.65802764893, 1.89816474915], "max": [-5.5232462883, -5.15176916122, -6.06019210815, -6.791492939, -6.60546970367, -8.58307647705], "mean": [-9.46924686432, -8.68200874329, -9.66996860504, -10.0247173309, -9.98107624054, -12.1905441284], "median": [-9.60646724701, -8.2667131424, -9.79974651337, -10.1954212189, -10.