{"lowlevel": {"average_loudness": 0.944510936737, "barkbands_crest": {"dmean": 2.39296245575, "dmean2": 3.86008143425, "dvar": 4.95254039764, "dvar2": 12.9651012421, "max": 26.4936122894, "mean": 11.1568841934, "median": 10.3946886063, "min": 3.9289560318, "var": 15.9391918182}, "barkbands_flatness_db": {"dmean": 0.0275831092149, "dmean2": 0.041003357619, "dvar": 0.000794720370322, "dvar2": 0.0017337402096, "max": 0.598872244358, "mean": 0.235600054264, "median": 0.225991219282, "min": 0.0425689928234, "var": 0.00497518200427}, "barkbands_kurtosis": {"dmean": 9.02995872498, "dmean2": 14.5484685898, "dvar": 4564.82861328, "dvar2": 13625.6220703, "max": 2550.26489258, "mean": 14.5404319763, "median": 4.15144586563, "min": -1.68069672585, "var": 8912.26171875}, "barkbands_skewness": {"dmean": 0.695207178593, "dmean2": 1.07645356655, "dvar": 1.00043082237, "dvar2": 2.63351607323, "max": 34.212852478, "mean": 1.29438364506, "median": 0.939995706081, "min": -2.34729957581, "var": 5.2946972847}, "barkbands_spread": {"dmean": 1.92065501213, "dmean2": 2.96482133865, "dvar": 13.2999324799, "dvar2": 34.5813217163, "max": 130.91619873, "mean": 7.40978908539, "median": 6.29322481155, "min": 0.0673945173621, "var": 27.6502075195}, "dissonance": {"dmean": 0.0484084710479, "dmean2": 0.0801178142428, "dvar": 0.00166435632855, "dvar2": 0.00445997947827, "max": 0.499022632837, "mean": 0.374103873968, "median": 0.380928337574, "min": 0.154915004969, "var": 0.00383647950366}, "dynamic_complexity": 4.82095384598, "erbbands_crest": {"dmean": 2.70175743103, "dmean2": 4.20235157013, "dvar": 6.44374132156, "dvar2": 14.9444675446, "max": 28.8118782043, "mean": 13.5829811096, "median": 13.250500679, "min": 2.91693902016, "var": 21.3430595398}, "erbbands_flatness_db": {"dmean": 0.0297701116651, "dmean2": 0.0414885766804, "dvar": 0.000924651918467, "dvar2": 0.00190281367395, "max": 0.504533827305, "mean": 0.244071498513, "median": 0.243391528726, "min": 0.0547175034881, "var": 0.00542668811977}, "erbbands_kurtosis": {"dmean": 3.100502491, "dmean2": 4.76533794403, "dvar": 17.4882583618, "dvar2": 38.4098930359, "max": 92.6696548462, "mean": 7.67053413391, "median": 5.40692710876, "min": -0.901025295258, "var": 60.1702270508}, "erbbands_skewness": {"dmean": 0.487905710936, "dmean2": 0.743731617928, "dvar": 0.242592379451, "dvar2": 0.51362901926, "max": 6.82155895233, "mean": 1.29997122288, "median": 1.26589953899, "min": -1.8223272562, "var": 1.22109413147}, "erbbands_spread": {"dmean": 4.12655448914, "dmean2": 6.37295770645, "dvar": 35.0180091858, "dvar2": 84.0315170288, "max": 85.1953735352, "mean": 13.0189247131, "median": 9.64356422424, "min": 1.06051087379, "var": 124.514419556}, "hfc": {"dmean": 4.35913658142, "dmean2": 5.87497282028, "dvar": 46.0274467468, "dvar2": 86.0342025757, "max": 114.501739502, "mean": 13.5224323273, "median": 10.6647281647, "min": 1.08627210925e-16, "var": 147.407821655}, "melbands_crest": {"dmean": 2.85080194473, "dmean2": 4.58119916916, "dvar": 7.77732753754, "dvar2": 20.75623703, "max": 39.9111251831, "mean": 13.5262975693, "median": 12.4301786423, "min": 1.49569475651, "var": 29.5736160278}, "melbands_flatness_db": {"dmean": 0.0295217912644, "dmean2": 0.0437376759946, "dvar": 0.000935146701522, "dvar2": 0.00195791828446, "max": 0.628379881382, "mean": 0.335340768099, "median": 0.32679361105, "min": 0.00326415104792, "var": 0.00692779803649}, "melbands_kurtosis": {"dmean": 8.12448787689, "dmean2": 11.4188308716, "dvar": 3163.26464844, "dvar2": 4217.22460938, "max": 3124.0625, "mean": 13.0607566833, "median": 3.34277582169, "min": -1.69179165363, "var": 8973.81542969}, "melbands_skewness": {"dmean": 0.697209477425, "dmean2": 1.05255246162, "dvar": 1.00261747837, "dvar2": 1.86819064617, "max": 42.6155128479, "mean": 1.27338123322, "median": 0.886481761932, "min": -2.21962189674, "var": 4.86545753479}, "melbands_spread": {"dmean": 2.33810067177, "dmean2": 3.57633686066, "dvar": 17.9020805359, "dvar2": 30.6176815033, "max": 155.2940979, "mean": 10.3690080643, "median": 7.97755479813, "min": 0.076710999012, "var": 181.889419556}, "pitch_salience": {"dmean": 0.0694365650415, "dmean2": 0.111468121409, "dvar": 0.00388392154127, "dvar2": 0.00999633222818, "max": 0.883623123169, "mean": 0.525917828083, "median": 0.532022118568, "min": 0.0110307801515, "var": 0.0155984014273}, "silence_rate_20dB": {"dmean": 0, "dmean2": 0, "dvar": 0, "dvar2": 0, "max": 1, "mean": 1, "median": 1, "min": 1, "var": 0}, "silence_rate_30dB": {"dmean": 0.0121951214969, "dmean2": 0.0243989955634, "dvar": 0.0120464405045, "dvar2": 0.027391590178, "max": 1, "mean": 0.987092137337, "median": 1, "min": 0, "var": 0.012741131708}, "silence_rate_60dB": {"dmean": 0.00932568125427, "dmean2": 0.0186580549926, "dvar": 0.00923917815089, "dvar2": 0.0218975823373, "max": 1, "mean": 0.0964503437281, "median": 0, "min": 0, "var": 0.0871477797627}, "spectral_centroid": {"dmean": 71.3030090332, "dmean2": 109.574508667, "dvar": 28985.9023438, "dvar2": 51165.375, "max": 11812.4238281, "mean": 654.991455078, "median": 526.05090332, "min": 245.169830322, "var": 1098907.875}, "spectral_complexity": {"dmean": 1.53299856186, "dmean2": 2.46788668633, "dvar": 2.40459752083, "dvar2": 5.56577730179, "max": 24, "mean": 9.65794181824, "median": 10, "min": 0, "var": 14.3570070267}, "spectral_decrease": {"dmean": 2.69551758691e-09, "dmean2": 3.96904242805e-09, "dvar": 1.54691906621e-17, "dvar2": 3.48472597048e-17, "max": 9.71301486213e-21, "mean": -7.89083820507e-09, "median": -6.58886145644e-09, "min": -4.43217800239e-08, "var": 4.02815319269e-17}, "spectral_energy": {"dmean": 0.0105363186449, "dmean2": 0.0154440831393, "dvar": 0.000233062324696, "dvar2": 0.000521403795574, "max": 0.17362575233, "mean": 0.0310083273798, "median": 0.0258970130235, "min": 1.022008304e-20, "var": 0.00062048638938}, "spectral_energyband_high": {"dmean": 4.97408254887e-05, "dmean2": 7.38252929295e-05, "dvar": 8.59777937734e-09, "dvar2": 2.03081569339e-08, "max": 0.00115947844461, "mean": 6.49981884635e-05, "median": 2.75955335383e-05, "min": 7.35627470718e-21, "var": 1.12998259638e-08}, "spectral_energyband_low": {"dmean": 0.0054513271898, "dmean2": 0.00880239997059, "dvar": 0.000138948889798, "dvar2": 0.000348079716787, "max": 0.139164477587, "mean": 0.00876140780747, "median": 0.0039461501874, "min": 2.67156265251e-23, "var": 0.000180781149538}, "spectral_energyband_middle_high": {"dmean": 0.00157509930432, "dmean2": 0.00206148298457, "dvar": 3.02758653561e-05, "dvar2": 5.64019537705e-05, "max": 0.108694776893, "mean": 0.00320847472176, "median": 0.000951462890953, "min": 1.25050493229e-21, "var": 5.9549944126e-05}, "spectral_energyband_middle_low": {"dmean": 0.00602663075551, "dmean2": 0.0085825715214, "dvar": 5.47040071979e-05, "dvar2": 0.000106045656139, "max": 0.143361762166, "mean": 0.0203754175454, "median": 0.0166112147272, "min": 1.79950771892e-22, "var": 0.000284131994704}, "spectral_entropy": {"dmean": 0.271556138992, "dmean2": 0.402903348207, "dvar": 0.0898918733001, "dvar2": 0.198951393366, "max": 9.82359886169, "mean": 6.30629205704, "median": 6.24876403809, "min": 4.46662521362, "var": 0.445020645857}, "spectral_flux": {"dmean": 0.0306387674063, "dmean2": 0.0482796803117, "dvar": 0.00145409896504, "dvar2": 0.00331721571274, "max": 0.355956315994, "mean": 0.0707572847605, "median": 0.0598269626498, "min": 6.60586516044e-11, "var": 0.00246564764529}, "spectral_kurtosis": {"dmean": 10.43633461, "dmean2": 16.5342845917, "dvar": 271.640472412, "dvar2": 723.096130371, "max": 393.799468994, "mean": 29.8591899872, "median": 17.1583404541, "min": -1.24029290676, "var": 2211.17456055}, "spectral_rms": {"dmean": 0.000878736551385, "dmean2": 0.00126117409673, "dvar": 1.17651541132e-06, "dvar2": 2.47385241892e-06, "max": 0.0130150290206, "mean": 0.00496156513691, "median": 0.00502646807581, "min": 3.15765946377e-12, "var": 5.63492176298e-06}, "spectral_rolloff": {"dmean": 84.0007858276, "dmean2": 142.672912598, "dvar": 202881.609375, "dvar2": 280138.84375, "max": 19487.5488281, "mean": 803.777160645, "median": 624.462890625, "min": 21.533203125, "var": 3493355.5}, "spectral_skewness": {"dmean": 0.690483033657, "dmean2": 1.07526254654, "dvar": 0.613115906715, "dvar2": 1.46847033501, "max": 16.3554344177, "mean": 3.92184567451, "median": 3.47747540474, "min": -0.0952395573258, "var": 4.69927835464}, "spectral_spread": {"dmean": 665797.125, "dmean2": 1008323.625, "dvar": 877683998720, "dvar2": 1942178627580.0, "max": 41873844, "mean": 3428083.5, "median": 2871293.75, "min": 239596.84375, "var": 15746877882400.0}, "spectral_strongpeak": {"dmean": 0.643710553646, "dmean2": 1.05558586121, "dvar": 0.855902910233, "dvar2": 1.76664435863, "max": 10.028626442, "mean": 1.47170138359, "median": 1.05075287819, "min": 0, "var": 1.94829523563}, "zerocrossingrate": {"dmean": 0.00417543528602, "dmean2": 0.00525598740205, "dvar": 6.88857544446e-05, "dvar2": 7.93302097009e-05, "max": 0.5234375, "mean": 0.0326596945524, "median": 0.02685546875, "min": 0.00048828125, "var": 0.00249059963971}, "barkbands": {"dmean": [0.00023986666929, 0.0036088458728, 0.00190317770466, 0.000972374517005, 0.00176201679278, 0.00117140286602, 0.00168527697679, 0.00123552500736, 0.00193423917517, 0.0013142968528, 0.000340451224474, 8.24115631985e-05, 3.99876189476e-05, 0.000192485138541, 5.24195420439e-05, 1.28579558805e-05, 3.81955578632e-05, 1.30317184812e-05, 1.55930410983e-05, 1.04248929347e-05, 1.15953016575e-05, 5.72161479795e-06, 4.98024382978e-06, 1.4896419998e-05, 3.86626925319e-06, 5.87675503994e-06, 1.01475950487e-06], "dmean2": [0.00035081236274, 0.00585769768804, 0.00319368788041, 0.00160263618454, 0.00287011498585, 0.00174194469582, 0.00238693109713, 0.00187220040243, 0.00284000625834, 0.00170048465952, 0.000451600295492, 0.000129712469061, 6.41935985186e-05, 0.000226116520935, 8.03145958344e-05, 2.06947206607e-05, 5.14993953402e-05, 1.95517332031e-05, 2.57644660451e-05, 1.48803883349e-05, 1.84627733688e-05, 8.96008714335e-06, 8.41061500978e-06, 2.24989671551e-05, 6.34032312519e-06, 9.27486053115e-06, 1.48775791331e-06], "dvar": [2.3820905426e-07, 6.37889825157e-05, 2.10873713513e-05, 2.26037968787e-06, 7.07745175532e-06, 4.02975229008e-06, 9.3073476819e-06, 6.1963578446e-06, 1.41921937029e-05, 2.45705523412e-05, 2.29557281273e-06, 1.96756175797e-07, 1.14368283732e-08, 3.78534025458e-07, 9.46353040376e-09, 7.96336996345e-10, 8.12435985154e-09, 8.60749416187e-10, 1.87149762354e-09, 6.34573893432e-10, 6.31782681726e-10, 2.6375543416e-10, 1.49280823813e-10, 1.02241903832e-09, 8.32251143001e-11, 1.91277799155e-10, 3.80044563528e-12], "dvar2": [4.81363770177e-07, 0.00015920549049, 5.55729784537e-05, 5.83526207265e-06, 1.73364423972e-05, 8.63023160491e-06, 1.65543206094e-05, 1.24356147353e-05, 3.05297216983e-05, 4.59753609903e-05, 4.51353753306e-06, 5.12678639097e-07, 2.95532096573e-08, 4.84409554247e-07, 2.24739107324e-08, 2.04034167339e-09, 1.43600269453e-08, 1.65017244314e-09, 5.02242336609e-09, 1.28758237405e-09, 1.59994750781e-09, 6.86512291459e-10, 4.06713052126e-10, 2.24798735182e-09, 2.23541102295e-10, 4.53013210278e-10, 8.74031749754e-12], "max": [0.00413344800472, 0.083949804306, 0.066036246717, 0.0163694359362, 0.0306836683303, 0.0316066369414, 0.0794883370399, 0.0444985963404, 0.0978094935417, 0.0977514758706, 0.034210242331, 0.0117697604001, 0.00253555201925, 0.0100886728615, 0.00157168542501, 0.000628426088952, 0.00190569495317, 0.000638942816295, 0.000392322108382, 0.000422255543526, 0.000204420080991, 0.00057567685144, 0.000137963827001, 0.000482819217723, 0.000106225255877, 0.000178640140803, 3.32348863594e-05], "mean": [0.000302967382595, 0.004957950674, 0.00286099361256, 0.00151389313396, 0.00286628399044, 0.00276975962333, 0.00471933186054, 0.00246463855729, 0.00452923215926, 0.0026010372676, 0.00060596538242, 0.000135762064019, 7.21616233932e-05, 0.000332961149979, 8.28999181977e-05, 1.75499353645e-05, 7.40657560527e-05, 1.62983906193e-05, 1.49987999976e-05, 1.3266674614e-05, 1.28233650685e-05, 7.01896033206e-06, 4.91886612508e-06, 1.86778797797e-05, 4.25721282227e-06, 7.31139425625e-06, 1.37870279104e-06], "median": [2.45741375693e-05, 0.00117304001469, 0.000755828223191, 0.000737461843528, 0.00201986613683, 0.000981337041594, 0.00193304428831, 0.0010038560722, 0.00225405697711, 0.000212300539715, 0.000106393941678, 5.48410898773e-05, 3.30986040353e-05, 3.38618810929e-05, 3.75938907382e-05, 6.09172820987e-06, 1.99940786842e-05, 3.81801055482e-06, 3.49255424226e-06, 4.03851981901e-06, 4.6565141929e-06, 2.68434428108e-06, 1.42902376865e-06, 4.53820939583e-06, 1.48380161136e-06, 2.3167431209e-06, 4.36346368815e-07], "min": [1.02164616557e-24, 6.53963876048e-24, 3.47538538948e-25, 1.79281282207e-24, 7.80754255015e-24, 8.36761012703e-24, 8.36353802703e-24, 1.44111255867e-23, 3.01422300381e-23, 1.06974335022e-23, 1.88899827726e-23, 3.46426499479e-23, 2.74100954898e-23, 2.82732355379e-23, 4.70387660364e-23, 7.70176261364e-23, 5.16465120501e-23, 1.14797209873e-22, 1.49713518824e-22, 1.99409092659e-22, 3.20633057663e-22, 3.66402514949e-22, 4.77678830343e-22, 5.95413985418e-22, 8.50745263565e-22, 1.43247224722e-21, 1.95417501917e-21], "var": [3.91869292571e-07, 8.83910252014e-05, 2.73371588264e-05, 3.76146317649e-06, 1.08671183625e-05, 1.9083114239e-05, 5.24524766661e-05, 1.88459725905e-05, 4.66541678179e-05, 5.13112572662e-05, 4.81868846691e-06, 2.1384586546e-07, 2.02930934279e-08, 1.0879113006e-06, 1.61368323148e-08, 1.09779552115e-09, 2.51576839361e-08, 1.64958147142e-09, 1.4866111675e-09, 9.48462641759e-10, 6.1879029678e-10, 2.45519049535e-10, 1.20315618579e-10, 1.5499506123e-09, 7.09357572681e-11, 2.31261329531e-10, 5.49750913195e-12]}, "erbbands": {"dmean": [0.111528910697, 0.836873233318, 2.13292312622, 2.51746201515, 4.65287208557, 7.18509292603, 6.91154193878, 9.69267463684, 18.8302097321, 25.0982456207, 41.5395355225, 36.5307426453, 40.2536468506, 23.0380992889, 5.56274032593, 3.0244333744, 2.2577393055, 7.37418651581, 5.34238529205, 2.04738783836, 1.06285738945, 1.94184708595, 0.817725718021, 0.509595811367, 0.927997946739, 0.53168296814, 0.520026624203, 0.37365552783, 0.249766454101, 0.116130329669, 0.176375091076, 0.318647354841, 0.260432422161, 0.0574871227145, 0.0217844489962, 0.0166597049683, 0.0159451887012, 0.00134327996057, 0.000173073422047, 1.76070607267e-05], "dmean2": [0.186132222414, 1.36882245541, 3.56360864639, 4.14730548859, 7.60463190079, 11.776465416, 11.4408378601, 14.2902107239, 27.1461200714, 35.2335128784, 61.9955749512, 55.1762924194, 50.5587387085, 31.8171958923, 8.09745121002, 4.74548912048, 3.48264694214, 8.75891971588, 6.49687290192, 3.06940627098, 1.56326961517, 2.54013848305, 1.18071174622, 0.792952179909, 1.54071414471, 0.757502734661, 0.841109395027, 0.571265637875, 0.391726225615, 0.181563705206, 0.298774003983, 0.494781076908, 0.404852330685, 0.0915851294994, 0.0351001359522, 0.0262534935027, 0.0256099142134, 0.00201824470423, 0.000251218123594, 2.53875259659e-05], "dvar": [0.0771568119526, 3.36383008957, 25.4539203644, 18.7479515076, 59.8535957336, 128.135406494, 151.121383667, 331.073394775, 968.844177246, 2637.59472656, 5325.20898438, 5325.83007812, 14583.9609375, 7393.09619141, 1945.83605957, 220.035400391, 52.3273506165, 521.803466797, 394.434448242, 12.6962709427, 5.06563186646, 19.4917507172, 3.75836062431, 1.13452005386, 7.9188709259, 1.84349358082, 1.70244181156, 0.632662653923, 0.407209694386, 0.0636713951826, 0.229950755835, 0.538619697094, 0.328891575336, 0.0169520527124, 0.00289113586769, 0.00125852948986, 0.00156040873844, 7.57198131396e-06, 1.05241390713e-07, 5.51513057445e-10], "dvar2": [0.200917154551, 8.53003120422, 68.616645813, 47.7519073486, 153.547103882, 312.623718262, 372.129852295, 670.542907715, 1818.08032227, 4663.33154297, 10935.5908203, 12018.3554688, 25166.5136719, 14795.5576172, 4773.10058594, 561.25592041, 130.479064941, 672.444335938, 509.4140625, 29.3446273804, 10.0935707092, 29.283203125, 6.66512012482, 2.69024968147, 21.3254337311, 3.81766939163, 4.40608024597, 1.46371114254, 1.04171347618, 0.160078063607, 0.635274887085, 1.2878909111, 0.730000674725, 0.0440127588809, 0.00762525806203, 0.00309187639505, 0.00367425964214, 1.78095051524e-05, 2.37301392758e-07, 1.19265031184e-09], "max": [2.60637640953, 21.2768287659, 74.0398025513, 47.0537452698, 112.847747803, 165.664260864, 173.491836548, 279.719421387, 580.629516602, 1107.51647949, 1740.11816406, 1451.75732422, 2098.30297852, 1416.40197754, 1969.60839844, 424.834594727, 206.121261597, 507.758148193, 441.398223877, 59.4405250549, 60.5799598694, 94.373046875, 45.6689300537, 22.9670734406, 24.6571121216, 29.7298679352, 11.3109359741, 11.3591127396, 19.5737304688, 4.94743394852, 5.24193525314, 13.039604187, 7.48804807663, 1.41745889187, 1.1986631155, 0.4994340837, 0.505666434765, 0.032433424145, 0.00515537522733, 0.000301474443404], "mean": [0.11825620383, 1.19542813301, 3.28868317604, 4.23816919327, 7.31293678284, 11.1849298477, 11.9513311386, 23.4971370697, 54.7386322021, 63.1720199585, 96.5698394775, 86.3930511475, 90.3687591553, 41.9478378296, 8.86128997803, 5.30849027634, 4.70704030991, 12.897233963, 9.66789722443, 3.46283745766, 1.90174984932, 3.83775520325, 1.17382025719, 0.66016638279, 0.851395130157, 0.657714426517, 0.539136648178, 0.449892789125, 0.301108211279, 0.143150106072, 0.168224319816, 0.389312744141, 0.313401162624, 0.0648114606738, 0.0246667265892, 0.02204208076, 0.0187609102577, 0.00180079496931, 0.000252078461926, 4.50014522357e-05], "median": [0.0210994388908, 0.302144467831, 1.25220799446, 2.23369622231, 4.14158010483, 7.47072029114, 5.5635471344, 7.81318092346, 24.4025611877, 22.0676136017, 48.4144325256, 43.0022087097, 13.4655170441, 9.76698589325, 2.21406078339, 2.46567511559, 2.4022231102, 2.38273143768, 2.18269753456, 1.78269934654, 0.963472485542, 1.04123580456, 0.34547200799, 0.247656613588, 0.173658788204, 0.164800971746, 0.166346386075, 0.178142860532, 0.108708105981, 0.0600521191955, 0.0477314218879, 0.0985580384731, 0.0732403770089, 0.0222742278129, 0.00847044680268, 0.00810805521905, 0.00516637647524, 0.000638495723251, 9.03417894733e-05, 3.79990815418e-05], "min": [1.65813526189e-22, 1.0893132601e-21, 1.52554299083e-21, 1.19593579092e-20, 1.11216961752e-20, 2.62425698895e-20, 4.33650793224e-20, 6.84406460017e-20, 1.43557944941e-19, 2.21075702631e-19, 4.63859261173e-19, 7.22298660375e-19, 4.60257768485e-19, 6.94527570573e-19, 9.53056408678e-19, 1.48968290343e-18, 1.36971421086e-18, 1.05267211549e-18, 1.60295184664e-18, 3.3585650452e-18, 3.92832250164e-18, 3.68813613512e-18, 6.23983943234e-18, 5.90556954295e-18, 8.22013628857e-18, 9.76721632413e-18, 1.16235998702e-17, 1.11219967196e-17, 1.39546494303e-17, 1.173483002e-17, 1.37635525109e-17, 1.0880456672e-17, 1.07584251978e-17, 9.17155694758e-18, 6.35452182041e-18, 3.7287548391e-18, 2.68924461472e-18, 1.08911242e-18, 2.67504419835e-19, 2.63138592874e-20], "var": [0.0694666057825, 5.02282428741, 30.6560764313, 29.8591823578, 90.3860778809, 183.691360474, 314.914520264, 1543.91357422, 6787.28125, 10679.3134766, 19911.265625, 15845.1083984, 41486.71875, 13984.5605469, 2151.69995117, 261.450195312, 83.2929840088, 1478.19689941, 1145.74572754, 23.1764945984, 11.6783695221, 77.9123382568, 8.05067634583, 1.41130924225, 5.88445186615, 2.92948412895, 1.51193654537, 0.796636819839, 0.401334285736, 0.0718078538775, 0.167589709163, 0.735757112503, 0.454891175032, 0.0164818335325, 0.00251931324601, 0.00160903309006, 0.00180194980931, 9.81610446615e-06, 1.62130433523e-07, 1.24985777283e-09]}, "gfcc": {"mean": [-109.468841553, 142.235397339, -78.6405944824, -13.212100029, -62.7385559082, -0.509133696556, -32.6961021423, 8.30087184906, -8.46333789825, 1.58284306526, -19.0484199524, -10.0933198929, -9.66133117676], "cov": [[41087.8984375, 586.376098633, -3237.39233398, 1209.83728027, -749.569824219, 732.102600098, -932.046813965, 507.425964355, -533.766784668, -311.48928833, -1183.16442871, -382.431549072, -304.647583008], [586.376098633, 2048.99121094, -142.563796997, -327.73815918, 219.488235474, -175.201248169, 296.392913818, -31.079366684, 237.378479004, -110.542053223, 99.5673675537, -145.714874268, 145.412078857], [-3237.39233398, -142.563796997, 762.512023926, 66.3472900391, 36.1335639954, 45.3966331482, 39.4700164795, -16.8937683105, 24.9835071564, 105.789031982, 121.190742493, 45.464099884, -36.5968894958], [1209.83728027, -327.73815918, 66.3472900391, 634.531982422, 152.992416382, 169.060699463, 51.7809867859, 41.4210319519, -25.6330509186, 18.9652519226, -15.9547653198, 21.6664810181, 8.01801490784], [-749.569824219, 219.488235474, 36.1335639954, 152.992416382, 343.841674805, 102.907905579, 144.548583984, 9.95800209045, 56.6944503784, -43.0968818665, 2.10903668404, -24.6053543091, 65.3770980835], [732.102600098, -175.201248169, 45.3966331482, 169.060699463, 102.907905579, 267.460723877, 60.9818649292, 57.9000701904, -22.0339927673, -21.9006404877, -84.0497817993, -11.3530092239, -2.86774301529], [-932.046813965, 296.392913818, 39.4700164795, 51.7809867859, 144.548583984, 60.9818649292, 293.959106445, 74.1082458496, 84.4497146606, -20.4820613861, 36.0491714478, -24.1478023529, 52.2863502502], [507.425964355, -31.079366684, -16.8937683105, 41.4210319519, 9.95800209045, 57.9000701904, 74.1082458496, 132.302047729, 35.9493942261, 12.8318786621, -14.0607595444, -6.71300983429, -17.7868099213], [-533.766784668, 237.378479004, 24.9835071564, -25.6330509186, 56.6944503784, -22.0339927673, 84.4497146606, 35.9493942261, 136.484298706, 32.8112373352, 40.1463012695, -14.5153074265, 27.2680931091], [-311.48928833, -110.542053223, 105.789031982, 18.9652519226, -43.0968818665, -21.9006404877, -20.4820613861, 12.8318786621, 32.8112373352, 121.906890869, 58.3663864136, 15.5062685013, -19.7313156128], [-1183.16442871, 99.5673675537, 121.190742493, -15.9547653198, 2.10903668404, -84.0497817993, 36.0491714478, -14.0607595444, 40.1463012695, 58.3663864136, 155.8618927, 54.1846923828, 9.94204902649], [-382.431549072, -145.714874268, 45.464099884, 21.6664810181, -24.6053543091, -11.3530092239, -24.1478023529, -6.71300983429, -14.5153074265, 15.5062685013, 54.1846923828, 107.570701599, 22.8955936432], [-304.647583008, 145.412078857, -36.5968894958, 8.01801490784, 65.3770980835, -2.86774301529, 52.2863502502, -17.7868099213, 27.2680931091, -19.7313156128, 9.94204902649, 22.8955936432, 111.126487732]], "icov": [[0.000130891319714, -0.000371521950001, 0.000477786117699, -0.000435159308836, 0.000368836947018, -0.000395206152461, 0.000552553974558, -0.000555383274332, 0.000451109139249, -0.000441463344032, 0.000526681425981, -0.000217638254981, 0.000266298942734], [-0.000371521950001, 0.00216064881533, -0.00125098717399, 0.00161106628366, -0.00119201513007, 0.00133426708635, -0.00192087318283, 0.00189673434943, -0.00251496699639, 0.00257411762141, -0.00275444914587, 0.00238340371288, -0.00160136329941], [0.000477786117699, -0.00125098717399, 0.00358651462011, -0.0014892606996, 0.00114141951781, -0.00230211694725, 0.00163796893321, -0.00109234580304, 0.00153134134598, -0.00267964415252, 0.000586018955801, -0.000992217683233, 0.00185937120114], [-0.000435159308836, 0.00161106628366, -0.0014892606996, 0.00375524326228, -0.00229656905867, 0.000429749576142, -0.00196389853954, 0.00160512409639, -0.000970492081251, 0.000863715948071, -0.00220090057701, 0.000772893719841, -0.00109018792864], [0.000368836947018, -0.00119201513007, 0.00114141951781, -0.00229656905867, 0.00649592792615, -0.0030042133294, 0.000619988713879, -0.00038233154919, -0.000534701452125, 0.000949772191234, 7.64112410252e-05, 0.000934442970902, -0.00103905389551], [-0.000395206152461, 0.00133426708635, -0.00230211694725, 0.000429749576142, -0.0030042133294, 0.00891826022416, -0.00317325559445, -0.000247691583354, 6.96785791661e-05, 0.000455054134363, 0.00374441687018, -0.00108126655687, -0.000216069005546], [0.000552553974558, -0.00192087318283, 0.00163796893321, -0.00196389853954, 0.000619988713879, -0.00317325559445, 0.00960027892143, -0.0062353182584, 0.000509384379257, 0.000536657578778, -0.00136024330277, 0.00163373176474, -0.00149687286466], [-0.000555383274332, 0.00189673434943, -0.00109234580304, 0.00160512409639, -0.00038233154919, -0.000247691583354, -0.0062353182584, 0.0148943169042, -0.00561732845381, 0.000428922241554, -0.000253333622823, -0.00113168847747, 0.00276662711985], [0.000451109139249, -0.00251496699639, 0.00153134134598, -0.000970492081251, -0.000534701452125, 6.96785791661e-05, 0.000509384379257, -0.00561732845381, 0.015708072111, -0.00706942658871, 0.00190033914987, -0.000221286827582, -0.000954556802753], [-0.000441463344032, 0.00257411762141, -0.00267964415252, 0.000863715948071, 0.000949772191234, 0.000455054134363, 0.000536657578778, 0.000428922241554, -0.00706942658871, 0.0173623263836, -0.00886811222881, 0.00463913707063, -0.00159914011601], [0.000526681425981, -0.00275444914587, 0.000586018955801, -0.00220090057701, 7.64112410252e-05, 0.00374441687018, -0.00136024330277, -0.000253333622823, 0.00190033914987, -0.00886811222881, 0.0202364642173, -0.0111890546978, 0.00450499588624], [-0.000217638254981, 0.00238340371288, -0.000992217683233, 0.000772893719841, 0.000934442970902, -0.00108126655687, 0.00163373176474, -0.00113168847747, -0.000221286827582, 0.00463913707063, -0.0111890546978, 0.0189775135368, -0.00765631813556], [0.000266298942734, -0.00160136329941, 0.00185937120114, -0.00109018792864, -0.00103905389551, -0.000216069005546, -0.00149687286466, 0.00276662711985, -0.000954556802753, -0.00159914011601, 0.00450499588624, -0.00765631813556, 0.0153927505016]]}, "melbands": {"dmean": [0.000981269520707, 0.00111137179192, 0.000483524840092, 0.00042968703201, 0.000238638778683, 0.000230288642342, 0.000315554847475, 0.000252961210208, 0.000415292743128, 0.000211999518797, 0.000207232282264, 0.000103547412436, 2.62540288531e-05, 7.16621934771e-06, 9.77431318461e-06, 4.22875382355e-06, 1.67203561432e-05, 1.04715054476e-05, 5.14742941959e-06, 1.17631986996e-06, 1.48031313074e-06, 2.50809307545e-06, 8.0119946233e-07, 5.48691048152e-07, 4.2598801997e-07, 5.0620900538e-07, 6.35821891137e-07, 3.22993258806e-07, 2.89334280978e-07, 3.35379979788e-07, 1.93170663465e-07, 1.56970827447e-07, 8.95953675695e-08, 5.53977876905e-08, 9.92130253508e-08, 1.16102697234e-07, 2.06434236816e-07, 2.35102604051e-07, 7.03865836726e-08, 3.89685901325e-08], "dmean2": [0.00158772978466, 0.00181960209738, 0.000784443400335, 0.000696761009749, 0.00039708262193, 0.000337981211487, 0.000451112660812, 0.00035589831532, 0.000618219666649, 0.000317873462336, 0.000260998611338, 0.000145305137266, 3.677200948e-05, 1.1558049664e-05, 1.50610158016e-05, 6.66916321279e-06, 1.97525769181e-05, 1.23642848848e-05, 7.87869248597e-06, 1.87042701327e-06, 2.16882699533e-06, 3.34300193572e-06, 1.11750694032e-06, 8.20651052891e-07, 6.68526809022e-07, 8.48222668992e-07, 1.0283138181e-06, 4.4879814709e-07, 4.67221582312e-07, 5.42737325304e-07, 2.91277700626e-07, 2.48028669603e-07, 1.42581654927e-07, 8.77235422081e-08, 1.71098065493e-07, 1.88190981021e-07, 3.23642467492e-07, 3.68008670648e-07, 1.12635198946e-07, 6.41231423515e-08], "dvar": [5.05159641762e-06, 6.06832463745e-06, 5.99788791078e-07, 4.28479950187e-07, 1.51849420149e-07, 1.67483975133e-07, 2.85460089344e-07, 3.12637581601e-07, 5.87250553963e-07, 1.89264483197e-07, 4.38314430085e-07, 1.87119155726e-07, 1.9864943468e-08, 4.74253480931e-09, 2.8664222107e-09, 1.33896713161e-10, 2.79897482969e-09, 2.07235584249e-09, 1.04556800717e-10, 6.67660111225e-12, 1.56477244356e-11, 3.24045512645e-11, 2.52350679415e-12, 1.87899240438e-12, 1.009079105e-12, 2.10205334042e-12, 2.99770212993e-12, 1.03030832563e-12, 6.68822581953e-13, 5.87299197989e-13, 3.19766918023e-13, 2.61186309126e-13, 3.08265511641e-14, 2.39057956238e-14, 8.46868284049e-14, 5.82570490871e-14, 2.47530945394e-13, 2.75195990128e-13, 2.5963735014e-14, 8.10024976646e-15], "dvar2": [1.28004212456e-05, 1.61035131896e-05, 1.51460153575e-06, 1.04688388092e-06, 3.74240130441e-07, 3.42676656828e-07, 5.11555640514e-07, 5.54111636575e-07, 1.20331083053e-06, 4.21643392201e-07, 7.70377369008e-07, 3.75850817136e-07, 4.4599683946e-08, 1.23831567223e-08, 7.2036647758e-09, 3.21613180532e-10, 3.59597041033e-09, 2.65166710811e-09, 2.47115883312e-10, 1.70058758742e-11, 3.02470305746e-11, 5.40938648042e-11, 4.40931449339e-12, 3.48601746428e-12, 2.3234949121e-12, 5.65239695327e-12, 7.97134840774e-12, 2.04476539867e-12, 1.56327338227e-12, 1.51255603095e-12, 7.10513733352e-13, 6.73915025347e-13, 7.8232132415e-14, 6.14224789737e-14, 2.36712992957e-13, 1.48893403032e-13, 6.00769976301e-13, 6.1684419508e-13, 6.53773706721e-14, 2.16309819178e-14], "max": [0.0232226122171, 0.0342506207526, 0.00790347252041, 0.00685849133879, 0.00479086814448, 0.00728651555255, 0.0124441357329, 0.0120946764946, 0.0198575165123, 0.00785649381578, 0.012042648159, 0.00800642557442, 0.00504849618301, 0.00309495534748, 0.00176044669934, 0.000342847080901, 0.00116788072046, 0.00100970943458, 0.000171808977029, 5.87310423725e-05, 0.000110415829113, 0.000103801809018, 2.63988731604e-05, 3.1348412449e-05, 2.39567034441e-05, 1.28648589452e-05, 1.80803344847e-05, 2.1851319616e-05, 1.18040879897e-05, 6.57855571262e-06, 1.064902699e-05, 1.8217609977e-05, 2.48367655331e-06, 4.10229586123e-06, 3.10701079798e-06, 2.96101484309e-06, 8.9868062787e-06, 6.36133700027e-06, 1.77580045602e-06, 1.02426724879e-06], "mean": [0.00124854315072, 0.00173912697937, 0.000845427392051, 0.000687423569616, 0.000417080678744, 0.000565501628444, 0.000931636721361, 0.00060813233722, 0.000948847969994, 0.000503089511767, 0.00044652208453, 0.000175304841832, 4.49713370472e-05, 9.3054759418e-06, 1.79569415195e-05, 7.63269417803e-06, 2.83916997432e-05, 1.86813886103e-05, 7.98015389591e-06, 1.71052215592e-06, 2.44165653385e-06, 4.87606985189e-06, 1.24594043882e-06, 7.14628811238e-07, 5.29894464307e-07, 4.71485606113e-07, 6.16824706867e-07, 4.11418767499e-07, 2.91399828711e-07, 3.66321586398e-07, 2.28987232731e-07, 1.85273961506e-07, 1.03966335985e-07, 6.70617055221e-08, 8.84949002966e-08, 1.29958408479e-07, 2.48791053536e-07, 2.71949602393e-07, 8.06928071029e-08, 4.18671604052e-08], "median": [0.000289115938358, 0.000690937740728, 0.000461357238237, 0.000507742690388, 0.000230444202316, 0.000188647463801, 0.00042221165495, 0.000190936843865, 0.00044497314957, 0.000239375367528, 5.17999360454e-05, 3.52696988557e-05, 9.00180748431e-06, 3.50400773641e-06, 6.43494104224e-06, 2.74097806141e-06, 3.62789614883e-06, 2.45511682806e-06, 3.1706927075e-06, 6.89195530867e-07, 7.93065453308e-07, 1.18710818242e-06, 3.21544291637e-07, 1.59483235507e-07, 1.71130309923e-07, 8.81492852045e-08, 1.13951465153e-07, 8.13914908804e-08, 7.00405422549e-08, 1.28398085053e-07, 7.80473641271e-08, 5.64214914789e-08, 4.29768469701e-08, 2.46453577546e-08, 2.14610746951e-08, 3.88214616009e-08, 6.10744876894e-08, 5.70133451561e-08, 2.50909888422e-08, 1.38113129822e-08], "min": [2.13791363291e-24, 2.00036883156e-24, 2.9168966191e-24, 1.13227207461e-24, 1.29817425614e-24, 1.76141596083e-24, 2.06570465831e-24, 2.42750742945e-24, 4.15734509103e-24, 4.29044209739e-24, 2.03652784887e-24, 2.16736851582e-24, 2.59058548894e-24, 4.49552778895e-24, 2.63392037948e-24, 2.66228643712e-24, 1.86907575287e-24, 2.63058645608e-24, 3.35037193943e-24, 4.1777588391e-24, 3.48731937586e-24, 3.50960193542e-24, 3.4939008424e-24, 5.35174913243e-24, 3.83108168696e-24, 5.34120521757e-24, 4.45253999721e-24, 5.51008061586e-24, 6.97425299874e-24, 5.45857233748e-24, 6.08028584423e-24, 8.00267597252e-24, 5.01560642882e-24, 6.36331493753e-24, 7.1245388898e-24, 6.63801287081e-24, 6.75742432375e-24, 5.73173278086e-24, 5.9532457119e-24, 6.24297933403e-24], "var": [5.95358505961e-06, 7.78657158662e-06, 1.04782122889e-06, 6.1928096784e-07, 3.04208953139e-07, 8.92966852462e-07, 1.95401162273e-06, 1.14939484774e-06, 2.16608987103e-06, 5.71601788124e-07, 1.15112550247e-06, 3.26975936105e-07, 3.09370413731e-08, 4.21062873457e-09, 3.80124953736e-09, 3.10619252541e-10, 7.90031506881e-09, 5.99065286266e-09, 1.76702957821e-10, 9.6035948291e-12, 3.67067209961e-11, 1.13758495679e-10, 7.58464645256e-12, 3.75082343657e-12, 1.23474841462e-12, 1.59574187631e-12, 2.43411259031e-12, 1.63550585835e-12, 7.00134882795e-13, 5.43161815438e-13, 4.14161191236e-13, 2.36551934724e-13, 3.34600172547e-14, 2.32920423264e-14, 5.76636991195e-14, 6.55979719329e-14, 3.25122470179e-13, 3.68853981646e-13, 2.71222185878e-14, 7.02193997867e-15]}, "mfcc": {"mean": [-748.962280273, 179.268707275, 28.559513092, 0.054153509438, -5.99355459213, -9.33359622955, -11.7368431091, -3.87450242043, 8.14786338806, 8.98123168945, -0.506339609623, 4.31931686401, -10.5783395767], "cov": [[13095, 3039.76733398, -57.9285316467, 115.262039185, 63.9538764954, 67.1243133545, -53.5748634338, 7.0965719223, 191.382705688, 237.525527954, -161.168655396, -63.7436485291, -550.526611328], [3039.76733398, 2627.96948242, 50.3655281067, 6.97140693665, -3.4774107933, -58.4358634949, -95.2538223267, 38.3171615601, 184.550109863, 156.700866699, -13.7326726913, -78.1201019287, -78.3025054932], [-57.9285316467, 50.3655281067, 384.242370605, 43.7016944885, 16.5292644501, 2.90799617767, -3.82132863998, -37.1140556335, -27.0908870697, -11.6747350693, 23.2277431488, 50.7459030151, 45.2728309631], [115.262039185, 6.97140693665, 43.7016944885, 304.580444336, 82.4457550049, 87.8741760254, 67.8469619751, 56.6003341675, 2.04980754852, 56.8496780396, 59.9009666443, -53.1159057617, 77.9295806885], [63.9538764954, -3.4774107933, 16.5292644501, 82.4457550049, 209.540145874, 126.533782959, 57.2576179504, 19.6763706207, 24.4700107574, 19.7440013885, -8.44139575958, -4.7475399971, -44.3338127136], [67.1243133545, -58.4358634949, 2.90799617767, 87.8741760254, 126.533782959, 216.724014282, 110.629043579, 67.387046814, 63.5755767822, 42.5588951111, -0.914145946503, -27.1382255554, -42.7827949524], [-53.5748634338, -95.2538223267, -3.82132863998, 67.8469619751, 57.2576179504, 110.629043579, 161.077072144, 104.368553162, 49.9588508606, 44.9091567993, 14.7902240753, -13.2351388931, -17.8779125214], [7.0965719223, 38.3171615601, -37.1140556335, 56.6003341675, 19.6763706207, 67.387046814, 104.368553162, 177.04699707, 84.5565795898, 34.248790741, 22.7390632629, -2.3083589077, -4.67163801193], [191.382705688, 184.550109863, -27.0908870697, 2.04980754852, 24.4700107574, 63.5755767822, 49.9588508606, 84.5565795898, 161.990646362, 93.7152557373, 4.25508832932, -15.8858938217, -56.5543556213], [237.525527954, 156.700866699, -11.6747350693, 56.8496780396, 19.7440013885, 42.5588951111, 44.9091567993, 34.248790741, 93.7152557373, 160.191162109, 53.6059799194, -26.0465698242, -33.5793952942], [-161.168655396, -13.7326726913, 23.2277431488, 59.9009666443, -8.44139575958, -0.914145946503, 14.7902240753, 22.7390632629, 4.25508832932, 53.6059799194, 112.614608765, 35.8715400696, 49.6690101624], [-63.7436485291, -78.1201019287, 50.7459030151, -53.1159057617, -4.7475399971, -27.1382255554, -13.2351388931, -2.3083589077, -15.8858938217, -26.0465698242, 35.8715400696, 157.352294922, 33.4019775391], [-550.526611328, -78.3025054932, 45.2728309631, 77.9295806885, -44.3338127136, -42.7827949524, -17.8779125214, -4.67163801193, -56.5543556213, -33.5793952942, 49.6690101624, 33.4019775391, 222.841262817]], "icov": [[0.000132967499667, -0.000157845846843, 5.34003811481e-05, -0.000270537566394, 0.000182102070539, -8.47277187859e-05, 1.90881996787e-06, 4.11138971685e-05, 0.000189336555195, -0.000122168406961, 0.000280084350379, -0.000288776791422, 0.000388267275412], [-0.000157845846843, 0.000665244879201, -0.000227383658057, 0.000289559364319, -0.00036448155879, 0.000341486564139, 0.000631545204669, -0.000379156030249, -0.000621283426881, -0.000281842018012, -0.000106153820525, 0.000539567961823, -0.000432859960711], [5.34003811481e-05, -0.000227383658057, 0.00305040297098, -0.000845974485856, 0.000164051365573, -0.000145448429976, -0.000765350356232, 0.00144306966104, -0.000219196837861, 0.000529574404936, -0.000110178632895, -0.00132236571517, -5.13505110575e-05], [-0.000270537566394, 0.000289559364319, -0.000845974485856, 0.00734762055799, -0.00277346069925, -0.0010411440162, 0.000241876841756, -0.0023272454273, 0.00206595892087, -0.00193346175365, -0.00268223532476, 0.00374814588577, -0.00347632286139], [0.000182102070539, -0.00036448155879, 0.000164051365573, -0.00277346069925, 0.00890291761607, -0.00456351833418, -0.000256819650531, 0.00147728517186, 0.000378436234314, 0.00028460167232, 0.00161957100499, -0.00238670338877, 0.0022995157633], [-8.47277187859e-05, 0.000341486564139, -0.000145448429976, -0.0010411440162, -0.00456351833418, 0.0111176641658, -0.0052345120348, 0.00103912316263, -0.00345609360375, 0.00137199729215, -0.000290329713607, 0.00105133245233, 0.000369462562958], [1.90881996787e-06, 0.000631545204669, -0.000765350356232, 0.000241876841756, -0.000256819650531, -0.0052345120348, 0.0158114284277, -0.0086787622422, 0.00348496180959, -0.00441718101501, 0.00156590971164, 0.000161681571626, 0.00017360750644], [4.11138971685e-05, -0.000379156030249, 0.00144306966104, -0.0023272454273, 0.00147728517186, 0.00103912316263, -0.0086787622422, 0.0144655518234, -0.00811670813709, 0.00572315789759, -0.00289951520972, -0.000966483261436, 0.000183037394891], [0.000189336555195, -0.000621283426881, -0.000219196837861, 0.00206595892087, 0.000378436234314, -0.00345609360375, 0.00348496180959, -0.00811670813709, 0.0171376410872, -0.0102486098185, 0.00442369142547, -0.00107679981738, 0.00107307673898], [-0.000122168406961, -0.000281842018012, 0.000529574404936, -0.00193346175365, 0.00028460167232, 0.00137199729215, -0.00441718101501, 0.00572315789759, -0.0102486098185, 0.0168230440468, -0.00901855807751, 0.00235936744139, 0.00184388633352], [0.000280084350379, -0.000106153820525, -0.000110178632895, -0.00268223532476, 0.00161957100499, -0.000290329713607, 0.00156590971164, -0.00289951520972, 0.00442369142547, -0.00901855807751, 0.0177195928991, -0.00550675438717, -0.00141406129114], [-0.000288776791422, 0.000539567961823, -0.00132236571517, 0.00374814588577, -0.00238670338877, 0.00105133245233, 0.000161681571626, -0.000966483261436, -0.00107679981738, 0.00235936744139, -0.00550675438717, 0.0102848298848, -0.00207816739567], [0.000388267275412, -0.000432859960711, -5.13505110575e-05, -0.00347632286139, 0.0022995157633, 0.000369462562958, 0.00017360750644, 0.000183037394891, 0.00107307673898, 0.00184388633352, -0.00141406129114, -0.00207816739567, 0.00824378803372]]}, "spectral_contrast_coeffs": {"dmean": [0.0516958869994, 0.0484637655318, 0.0405074767768, 0.0329949483275, 0.0259261187166, 0.017192022875], "dmean2": [0.0843451917171, 0.0758822783828, 0.062134899199, 0.0505841486156, 0.0402365736663, 0.0273005012423], "dvar": [0.00188309920486, 0.00167126604356, 0.00133661634754, 0.000870616058819, 0.000681569683366, 0.000265454000328], "dvar2": [0.00497604208067, 0.00420178100467, 0.00273062032647, 0.00173636258114, 0.00141812337097, 0.000654012896121], "max": [-0.255238503218, -0.409552156925, -0.424498796463, -0.527194976807, -0.622671484947, -0.648077845573], "mean": [-0.638926208019, -0.668091893196, -0.691168487072, -0.757355093956, -0.793288528919, -0.803523600101], "median": [-0.643392443657, -0.662828207016, -0.700028598309, -0.758493900299, -0.793030440807, -0.798665761948], "min": [-0.979491353035, -0.973571479321, -0.977552890778, -0.968531847, -0.96499568224, -0.962438821793], "var": [0.00980729423463, 0.00813651364297, 0.01010957174, 0.00447214674205, 0.00347219547257, 0.00173588248435]}, "spectral_contrast_valleys": {"dmean": [0.504171729088, 0.379449486732, 0.398862242699, 0.384428739548, 0.45625859499, 0.486183643341], "dmean2": [0.792131304741, 0.602694571018, 0.612936139107, 0.577878296375, 0.644580900669, 0.655631184578], "dvar": [0.282121270895, 0.151692539454, 0.172435760498, 0.183989718556, 0.314887434244, 0.301875084639], "dvar2": [0.540008246899, 0.32306584