{"lowlevel": {"average_loudness": 0.951805651188, "barkbands_crest": {"dmean": 3.72255706787, "dmean2": 5.8626947403, "dvar": 13.0599889755, "dvar2": 28.5507545471, "max": 26.8026733398, "mean": 12.8585252762, "median": 12.0653343201, "min": 2.3809568882, "var": 29.5393695831}, "barkbands_flatness_db": {"dmean": 0.0712020769715, "dmean2": 0.0994565337896, "dvar": 0.00519440835342, "dvar2": 0.00932814739645, "max": 0.719558537006, "mean": 0.253778249025, "median": 0.228075817227, "min": 0.00864514149725, "var": 0.0201083049178}, "barkbands_kurtosis": {"dmean": 17.2294082642, "dmean2": 28.0467720032, "dvar": 1898.97839355, "dvar2": 4252.37304688, "max": 1076.85046387, "mean": 20.5458679199, "median": 6.50107908249, "min": -1.90150654316, "var": 2462.4140625}, "barkbands_skewness": {"dmean": 1.37305521965, "dmean2": 2.15090298653, "dvar": 2.52235198021, "dvar2": 5.69455623627, "max": 21.3611125946, "mean": 2.56639647484, "median": 2.16527080536, "min": -3.06497883797, "var": 5.88511610031}, "barkbands_spread": {"dmean": 8.40033817291, "dmean2": 13.5043058395, "dvar": 174.143508911, "dvar2": 407.598083496, "max": 139.235702515, "mean": 16.1902618408, "median": 6.17339801788, "min": 0.039221804589, "var": 583.039978027}, "dissonance": {"dmean": 0.0523336939514, "dmean2": 0.0832086429, "dvar": 0.00295300292782, "dvar2": 0.00714871101081, "max": 0.500000238419, "mean": 0.405992269516, "median": 0.435087352991, "min": 0.0190440211445, "var": 0.00791383162141}, "dynamic_complexity": 5.89887714386, "erbbands_crest": {"dmean": 3.56697964668, "dmean2": 5.58106040955, "dvar": 12.5170640945, "dvar2": 25.2664165497, "max": 32.6658287048, "mean": 10.8347244263, "median": 9.31119918823, "min": 2.26544213295, "var": 33.6488380432}, "erbbands_flatness_db": {"dmean": 0.0534966737032, "dmean2": 0.0773975998163, "dvar": 0.00328191136941, "dvar2": 0.00595015333965, "max": 0.58841919899, "mean": 0.220690965652, "median": 0.20326846838, "min": 0.0280165057629, "var": 0.0129710081965}, "erbbands_kurtosis": {"dmean": 5.17705249786, "dmean2": 8.33514785767, "dvar": 173.763458252, "dvar2": 422.610809326, "max": 212.254501343, "mean": 4.79784488678, "median": 0.613101124763, "min": -1.87400686741, "var": 211.816574097}, "erbbands_skewness": {"dmean": 0.868224680424, "dmean2": 1.33086264133, "dvar": 0.989910006523, "dvar2": 2.15401029587, "max": 11.5457334518, "mean": 1.04791092873, "median": 0.752184927464, "min": -4.37814235687, "var": 2.39471173286}, "erbbands_spread": {"dmean": 15.4756937027, "dmean2": 24.6272354126, "dvar": 366.428161621, "dvar2": 816.201416016, "max": 168.462188721, "mean": 31.9529838562, "median": 23.7347145081, "min": 0.493600577116, "var": 678.976074219}, "hfc": {"dmean": 11.7544679642, "dmean2": 19.2103481293, "dvar": 796.552734375, "dvar2": 2129.78735352, "max": 329.697265625, "mean": 11.0894098282, "median": 1.69011366367, "min": 5.50031264979e-09, "var": 620.850646973}, "melbands_crest": {"dmean": 4.20124912262, "dmean2": 6.81313419342, "dvar": 15.5669822693, "dvar2": 37.1443443298, "max": 37.4949493408, "mean": 16.9241714478, "median": 17.0206565857, "min": 3.05740857124, "var": 32.2044143677}, "melbands_flatness_db": {"dmean": 0.0842040330172, "dmean2": 0.118185222149, "dvar": 0.00716609880328, "dvar2": 0.0132428985089, "max": 0.878887414932, "mean": 0.35348585248, "median": 0.338486433029, "min": 0.0218244697899, "var": 0.0304174963385}, "melbands_kurtosis": {"dmean": 22.9879703522, "dmean2": 37.9514160156, "dvar": 1846.39880371, "dvar2": 4861.00048828, "max": 820.462097168, "mean": 29.5734710693, "median": 12.7950973511, "min": -1.92659699917, "var": 2343.18969727}, "melbands_skewness": {"dmean": 1.5040667057, "dmean2": 2.36554169655, "dvar": 2.92409276962, "dvar2": 7.31265211105, "max": 25.6853733063, "mean": 3.27960109711, "median": 2.73859786987, "min": -2.33627104759, "var": 5.55218887329}, "melbands_spread": {"dmean": 9.49964904785, "dmean2": 15.6672353745, "dvar": 471.539001465, "dvar2": 1217.67236328, "max": 263.01348877, "mean": 18.8322868347, "median": 5.81040668488, "min": 0.135314971209, "var": 1676.49438477}, "pitch_salience": {"dmean": 0.133770629764, "dmean2": 0.212081730366, "dvar": 0.0178992766887, "dvar2": 0.0414526872337, "max": 0.972196757793, "mean": 0.499867290258, "median": 0.510193824768, "min": 0.023883741349, "var": 0.0372701659799}, "silence_rate_20dB": {"dmean": 0, "dmean2": 0, "dvar": 0, "dvar2": 0, "max": 1, "mean": 1, "median": 1, "min": 1, "var": 0}, "silence_rate_30dB": {"dmean": 0.0218691974878, "dmean2": 0.0437474213541, "dvar": 0.0213915891945, "dvar2": 0.0566911809146, "max": 1, "mean": 0.985561072826, "median": 1, "min": 0, "var": 0.0142301442102}, "silence_rate_60dB": {"dmean": 0.187744989991, "dmean2": 0.37536111474, "dvar": 0.152504056692, "dvar2": 0.258806139231, "max": 1, "mean": 0.383250832558, "median": 0, "min": 0, "var": 0.23637637496}, "spectral_centroid": {"dmean": 319.366821289, "dmean2": 513.193481445, "dvar": 269926, "dvar2": 645714.375, "max": 5458.24560547, "mean": 800.545227051, "median": 438.475830078, "min": 127.965881348, "var": 844693.5625}, "spectral_complexity": {"dmean": 4.4959769249, "dmean2": 6.46368122101, "dvar": 35.5759162903, "dvar2": 69.2504425049, "max": 48, "mean": 7.03320980072, "median": 4, "min": 0, "var": 67.3867797852}, "spectral_decrease": {"dmean": 4.33911084841e-09, "dmean2": 6.58429710754e-09, "dvar": 4.855557144e-17, "dvar2": 1.11688679164e-16, "max": 1.0370534566e-17, "mean": -5.32223376482e-09, "median": -1.23739885005e-09, "min": -7.92086538581e-08, "var": 6.5057245634e-17}, "spectral_energy": {"dmean": 0.0172392763197, "dmean2": 0.026158194989, "dvar": 0.000758940470405, "dvar2": 0.00174887874164, "max": 0.307035267353, "mean": 0.0210932306945, "median": 0.00493044406176, "min": 5.56970160097e-13, "var": 0.00101334741339}, "spectral_energyband_high": {"dmean": 0.000755764369387, "dmean2": 0.00132804457098, "dvar": 7.39797224014e-06, "dvar2": 2.07277535083e-05, "max": 0.0306262504309, "mean": 0.000544695358258, "median": 2.50108678301e-06, "min": 4.34515379406e-13, "var": 4.65654738946e-06}, "spectral_energyband_low": {"dmean": 0.00652909558266, "dmean2": 0.0101496232674, "dvar": 0.000153393921209, "dvar2": 0.000367477419786, "max": 0.143403619528, "mean": 0.00745444418862, "median": 0.0011825771071, "min": 1.7662585126e-14, "var": 0.000199988353415}, "spectral_energyband_middle_high": {"dmean": 0.0019473969005, "dmean2": 0.00330491992645, "dvar": 1.78146237886e-05, "dvar2": 4.75631495647e-05, "max": 0.0390243977308, "mean": 0.00161397317424, "median": 0.000113376605441, "min": 6.7543613389e-14, "var": 1.39919675348e-05}, "spectral_energyband_middle_low": {"dmean": 0.0113119827583, "dmean2": 0.0171775259078, "dvar": 0.000422287412221, "dvar2": 0.000957305426709, "max": 0.271007299423, "mean": 0.0133323492482, "median": 0.001927220379, "min": 1.74939510306e-14, "var": 0.00054745003581}, "spectral_entropy": {"dmean": 0.633127510548, "dmean2": 0.895270109177, "dvar": 0.447144836187, "dvar2": 0.792058110237, "max": 9.15913677216, "mean": 6.63489198685, "median": 6.79030132294, "min": 2.76629137993, "var": 1.73434054852}, "spectral_flux": {"dmean": 0.0519019849598, "dmean2": 0.0785132572055, "dvar": 0.00354911223985, "dvar2": 0.00755522353575, "max": 0.53759765625, "mean": 0.0817748233676, "median": 0.0558752939105, "min": 1.50814184963e-05, "var": 0.0062965573743}, "spectral_kurtosis": {"dmean": 28.0962123871, "dmean2": 44.3871383667, "dvar": 2341.69335938, "dvar2": 5568.15576172, "max": 670.415771484, "mean": 40.557308197, "median": 12.0042953491, "min": -1.23468768597, "var": 4264.49609375}, "spectral_rms": {"dmean": 0.00172273756471, "dmean2": 0.00239036860876, "dvar": 4.33682816947e-06, "dvar2": 8.81728828972e-06, "max": 0.0173074156046, "mean": 0.00330864754505, "median": 0.0021932143718, "min": 2.33106298708e-08, "var": 9.63138063526e-06}, "spectral_rolloff": {"dmean": 711.246520996, "dmean2": 1252.43896484, "dvar": 3014383.5, "dvar2": 7296943.5, "max": 18733.8867188, "mean": 1578.76501465, "median": 387.59765625, "min": 43.06640625, "var": 13599382}, "spectral_skewness": {"dmean": 1.60831916332, "dmean2": 2.44344210625, "dvar": 4.05442810059, "dvar2": 8.2774477005, "max": 20.4769496918, "mean": 3.99402022362, "median": 2.78348684311, "min": -0.316461294889, "var": 11.0647668839}, "spectral_spread": {"dmean": 1584003.625, "dmean2": 2562741, "dvar": 4448337264640.0, "dvar2": 9867793268740.0, "max": 27321350, "mean": 4306930, "median": 3307242.25, "min": 102919.601562, "var": 11120636067800.0}, "spectral_strongpeak": {"dmean": 0.251110047102, "dmean2": 0.383512765169, "dvar": 0.133143529296, "dvar2": 0.291065424681, "max": 6.18876314163, "mean": 0.408322185278, "median": 0.227847963572, "min": 0, "var": 0.236427232623}, "zerocrossingrate": {"dmean": 0.0134698934853, "dmean2": 0.01645122841, "dvar": 0.000523091526702, "dvar2": 0.000630285416264, "max": 0.6416015625, "mean": 0.0546800456941, "median": 0.02001953125, "min": 0.0029296875, "var": 0.0131965065375}, "barkbands": {"dmean": [0.000114870730613, 0.00230086711235, 0.00302644982003, 0.0041285622865, 0.00417369650677, 0.00209751934744, 0.00147388281766, 0.000387193867937, 0.000407316023484, 0.000334296724759, 0.000472970365081, 0.000281458895188, 0.00028436226421, 0.000180395756615, 0.000186251665582, 0.000146717386087, 0.000164620912983, 8.30479912111e-05, 4.42641758127e-05, 3.98721385864e-05, 8.0528370745e-05, 0.000110452019726, 0.000177113557584, 0.000138837902341, 0.000118376483442, 0.00011332971917, 1.35989694172e-05], "dmean2": [0.000198739362531, 0.00382989039645, 0.00474190153182, 0.00646347785369, 0.00638906424865, 0.00347707094625, 0.00249179615639, 0.000703565427102, 0.000700920063537, 0.000593360397033, 0.000864365370944, 0.000495675427373, 0.000503054761793, 0.00030891149072, 0.000324768770952, 0.000245954055572, 0.000280309555819, 0.000146778387716, 7.34806162654e-05, 6.7161541665e-05, 0.000131240492919, 0.000199504691409, 0.000314723991323, 0.000250882381806, 0.000216680229641, 0.000203466610401, 2.48171854764e-05], "dvar": [1.25132004314e-07, 3.20217768603e-05, 4.29935280408e-05, 8.23983500595e-05, 9.92144268821e-05, 1.83822830877e-05, 1.43576980918e-05, 9.96316089186e-07, 9.75728084995e-07, 6.71978114042e-07, 2.43474414674e-06, 6.0036393279e-07, 6.21100923581e-07, 1.87161418808e-07, 1.94841021539e-07, 1.47456276522e-07, 1.99389646127e-07, 6.39635402422e-08, 1.11791500501e-08, 1.28277610756e-08, 4.74544386009e-08, 1.76994248591e-07, 4.6977802981e-07, 3.78492728714e-07, 3.39847133546e-07, 1.93261271875e-07, 2.22775398129e-09], "dvar2": [3.31646873519e-07, 7.74720538175e-05, 0.000100332996226, 0.000187470315723, 0.000234126579016, 4.68288344564e-05, 3.65810337826e-05, 2.79524351754e-06, 2.57838883044e-06, 1.86810109426e-06, 6.85116401655e-06, 1.66883410202e-06, 1.72492957518e-06, 5.08097059537e-07, 5.13894917731e-07, 3.76115764311e-07, 5.14910141192e-07, 1.774599383e-07, 2.73203166756e-08, 3.49479059025e-08, 1.10958382038e-07, 5.05652963056e-07, 1.33938999625e-06, 1.06377081011e-06, 9.69312623056e-07, 5.40648727565e-07, 6.34787200582e-09], "max": [0.00406863400713, 0.054674692452, 0.0776666849852, 0.0945816487074, 0.145048797131, 0.0386542007327, 0.0380393899977, 0.0118443937972, 0.00886360462755, 0.00830825511366, 0.0204960722476, 0.0059020537883, 0.00656807655469, 0.00562391523272, 0.00604979600757, 0.0065434849821, 0.00480513134971, 0.00272196205333, 0.00162921904121, 0.00160643120762, 0.00225563393906, 0.00459049828351, 0.00765337282792, 0.00756711093709, 0.00771233858541, 0.00524221779779, 0.000472520827316], "mean": [8.41810033307e-05, 0.00232275854796, 0.00323193566874, 0.00435991492122, 0.00505723711103, 0.00202317629009, 0.00112256384455, 0.000279646163108, 0.000412620371208, 0.000257964333287, 0.000322377949487, 0.000218815737753, 0.000200887807296, 0.000136625574669, 0.000146233884152, 0.000119930016808, 0.000129338979605, 6.35302567389e-05, 4.16919501731e-05, 3.67371067114e-05, 6.92472967785e-05, 7.60422844905e-05, 0.000120633761981, 9.31798203965e-05, 7.84606454545e-05, 7.85357988207e-05, 8.95757329999e-06], "median": [3.16923751598e-06, 5.36227380508e-05, 0.000391622306779, 0.000295944628306, 0.000339864229318, 0.000235374813201, 7.1279668191e-05, 2.83860572381e-05, 3.02420539811e-05, 1.30249136419e-05, 7.88768102211e-06, 6.35692231299e-06, 5.47884928892e-06, 5.44103295397e-06, 4.77884714201e-06, 3.11724193125e-06, 1.75673949343e-06, 1.21494588257e-06, 8.77371689967e-07, 4.13165054169e-07, 3.53109840034e-07, 1.89141559304e-07, 1.50975495217e-07, 1.34645858907e-07, 1.60552417583e-07, 1.30903515583e-07, 1.52353116789e-08], "min": [1.37403905934e-14, 8.59623583795e-15, 2.02953710492e-15, 1.1663921087e-15, 2.6089362282e-15, 1.00705239995e-15, 2.96071091702e-15, 6.22430811048e-15, 2.71355813796e-15, 1.64153111117e-15, 1.55349992988e-15, 2.03426354876e-15, 5.62226716124e-15, 6.75084242522e-15, 1.38268260705e-15, 1.96197860408e-15, 8.08181324733e-15, 1.51691962621e-14, 1.85600012871e-14, 2.06625318797e-14, 3.82428768828e-14, 1.70032546799e-14, 3.21781108161e-14, 6.31274072187e-14, 5.81918004451e-14, 9.66702642957e-14, 1.24944163089e-13], "var": [8.88443381086e-08, 3.99460295739e-05, 5.14004532306e-05, 9.39617675613e-05, 0.000120845863421, 1.79115013452e-05, 1.11321187433e-05, 6.33567935893e-07, 9.85149085864e-07, 4.77685944134e-07, 1.4952543097e-06, 4.27458388685e-07, 4.06641447626e-07, 1.38626887747e-07, 1.55639369837e-07, 1.24365200804e-07, 1.56405761231e-07, 4.5524338077e-08, 1.18186225251e-08, 1.15962395242e-08, 4.5836490159e-08, 1.05710391551e-07, 2.80308313449e-07, 2.28127731816e-07, 1.9707080412e-07, 1.22692668469e-07, 1.31756960897e-09]}, "erbbands": {"dmean": [0.058189522475, 0.58132737875, 2.64649295807, 9.21891117096, 18.7105579376, 10.6055192947, 10.4704389572, 19.7412147522, 16.7035484314, 20.4013824463, 7.92985343933, 9.25347042084, 9.99052333832, 12.6339540482, 18.5859889984, 11.5481834412, 13.3002500534, 9.10472774506, 9.54850196838, 9.37754440308, 8.33029842377, 9.2505645752, 5.19528055191, 2.48280334473, 2.34087300301, 1.87622535229, 2.68623280525, 3.14167404175, 4.11750745773, 3.65043973923, 5.53724336624, 3.82701849937, 2.02238297462, 1.46087789536, 0.778131306171, 0.469115436077, 0.218899980187, 0.0327627919614, 0.00271305511706, 0.000100713630673], "dmean2": [0.0952218323946, 0.968960464001, 4.23874616623, 14.1578092575, 28.1860466003, 16.9527320862, 17.4803085327, 32.913734436, 28.7717189789, 34.5502433777, 14.1039714813, 16.2450408936, 17.3311443329, 22.1454715729, 33.7612724304, 20.3364009857, 23.4438247681, 16.052324295, 16.004240036, 16.3230743408, 13.7675600052, 15.8970689774, 9.10591220856, 4.20082092285, 3.95521688461, 3.13979387283, 4.38981962204, 5.11218643188, 7.41339111328, 6.58500671387, 9.91221523285, 6.86113882065, 3.69565343857, 2.71208691597, 1.41150712967, 0.838566243649, 0.395267814398, 0.0591288357973, 0.00497671635821, 0.000176442204975], "dvar": [0.0202866457403, 2.05109000206, 35.245388031, 348.370117188, 2055.02050781, 670.639526367, 439.28729248, 1857.97094727, 1736.81945801, 2506.27026367, 360.762664795, 586.025085449, 539.706970215, 1049.85119629, 3414.54833984, 1002.24188232, 1347.88452148, 576.901794434, 420.498962402, 554.418273926, 444.892303467, 657.99987793, 220.053512573, 35.3632469177, 33.9393463135, 26.8090953827, 51.2667579651, 73.0390396118, 252.16267395, 191.368133545, 470.06854248, 238.356277466, 96.6219329834, 58.9473266602, 13.5121631622, 4.22311639786, 0.652248084545, 0.0137206343934, 9.40761528909e-05, 9.49104119741e-08], "dvar2": [0.0495630428195, 5.04300642014, 86.0931243896, 778.075805664, 4540.65966797, 1644.4440918, 1147.88122559, 4767.64160156, 4613.68652344, 6255.56494141, 1007.06549072, 1604.1784668, 1424.34362793, 2879.19238281, 9552.12402344, 2794.35449219, 3741.73706055, 1611.20666504, 1082.34094238, 1457.64038086, 1087.53796387, 1727.06396484, 596.599060059, 87.9866485596, 84.8759689331, 71.9788742065, 126.314239502, 172.255203247, 719.726501465, 547.66003418, 1340.10253906, 668.500976562, 273.504943848, 169.679992676, 38.1370048523, 11.9086866379, 1.81350231171, 0.0389938466251, 0.000268769974355, 2.6785713203e-07], "max": [1.56677341461, 14.7264795303, 68.3277816772, 237.485031128, 585.432373047, 344.714019775, 217.098876953, 410.436126709, 443.388427734, 453.101074219, 245.435791016, 224.176940918, 202.234970093, 310.182861328, 859.245666504, 274.424285889, 300.152282715, 335.903961182, 185.858856201, 376.607879639, 239.079528809, 266.533447266, 139.110336304, 64.4243087769, 80.2848510742, 70.5880203247, 79.1492233276, 90.2127990723, 188.02331543, 161.954299927, 243.396209717, 185.231872559, 121.779930115, 103.537521362, 48.3018112183, 28.7254734039, 8.27625370026, 1.06634390354, 0.0919275507331, 0.0033699630294], "mean": [0.0541732758284, 0.596321463585, 2.82120108604, 10.0541572571, 21.4946861267, 13.1279201508, 9.94022464752, 19.3641109467, 13.6546163559, 16.0801391602, 6.09035682678, 8.00539779663, 10.0177497864, 9.9843006134, 12.6841688156, 8.82240390778, 9.55525493622, 6.47894954681, 7.88013744354, 7.42430686951, 7.02908086777, 7.178191185, 3.92558145523, 2.25144386292, 2.21044158936, 1.73289620876, 2.38084316254, 2.63968396187, 2.86620521545, 2.53109502792, 3.72773003578, 2.5733423233, 1.32798671722, 0.938992857933, 0.526926934719, 0.324500441551, 0.151957675815, 0.0222891196609, 0.00174427148886, 7.9887220636e-05], "median": [0.00159126217477, 0.0296897627413, 0.412062227726, 1.24301683903, 0.954140424728, 1.13078188896, 1.78795945644, 2.08712100983, 1.01512432098, 1.08188831806, 0.831658780575, 0.628095567226, 0.462343364954, 0.448634386063, 0.351685225964, 0.282217353582, 0.296096265316, 0.282997697592, 0.309876978397, 0.232655078173, 0.176290810108, 0.102292656898, 0.0770512595773, 0.0513198077679, 0.0423387289047, 0.0208704918623, 0.0164870563895, 0.0129421558231, 0.00730838580057, 0.00562060019001, 0.00363563536666, 0.00327966897748, 0.00210487213917, 0.00158927543089, 0.00109287118539, 0.000602909130976, 0.000236183346715, 3.80369019695e-05, 1.32002314785e-05, 9.12010909815e-06], "min": [4.49084400309e-13, 1.27888043037e-12, 2.36095604872e-12, 3.38295840993e-12, 5.9082092517e-12, 9.17770894004e-12, 1.09538506737e-11, 7.05003243284e-12, 1.73763746447e-11, 1.08069629634e-10, 1.25123120198e-10, 6.31080881996e-11, 5.66141751535e-11, 2.67540798543e-11, 9.98604324232e-11, 7.91446908011e-11, 2.36802299991e-10, 3.72444547425e-10, 1.56427079623e-10, 6.07803876673e-11, 1.61477220484e-10, 5.21649168306e-10, 7.24563964383e-10, 6.73160305276e-10, 1.13625220344e-09, 1.11939613134e-09, 1.26739752027e-09, 1.55289192616e-09, 6.23617046891e-10, 4.71369165922e-10, 1.20384358038e-09, 1.49378842629e-09, 7.48334560985e-10, 4.91860330243e-10, 5.6070814658e-10, 4.6692860689e-10, 1.14646105109e-10, 9.02086322307e-11, 1.6401493011e-11, 1.49645443606e-12], "var": [0.0215460564941, 2.56547832489, 38.3120574951, 420.937988281, 2584.98486328, 979.763000488, 393.36315918, 1850.73632812, 1296.27294922, 2041.55957031, 241.095352173, 433.32421875, 552.365600586, 747.141479492, 2137.00292969, 693.121398926, 895.407592773, 372.901977539, 373.167480469, 438.136810303, 400.478973389, 503.014892578, 160.39894104, 37.8439331055, 33.9122238159, 25.0792217255, 50.4497261047, 68.2285995483, 151.429290771, 114.727706909, 278.257019043, 145.371002197, 57.0103797913, 33.1781234741, 8.07919788361, 2.57103252411, 0.433545559645, 0.00823513232172, 5.4905689467e-05, 6.02331269306e-08]}, "gfcc": {"mean": [-222.432159424, 129.264877319, -73.1377639771, 3.26113247871, -38.7593193054, -2.27747893333, -38.969417572, -4.5370259285, -24.3340167999, -4.88863515854, -18.1221065521, -4.6900510788, -12.1418848038], "cov": [[58502.65625, -67.0688934326, -2062.51464844, 2988.65307617, -2159.23779297, 995.592834473, -1460.73522949, 227.240890503, -242.619216919, 449.896575928, -842.549438477, 738.845214844, -416.101623535], [-67.0688934326, 7320.89550781, 86.9468994141, -1636.0501709, 810.481262207, -884.92956543, 199.053527832, -699.226989746, -71.5292129517, -704.196899414, 290.6769104, -648.197570801, 249.467819214], [-2062.51464844, 86.9468994141, 1599.21350098, 107.929252625, 201.514923096, 225.739227295, 121.380828857, 57.0498771667, 59.9945983887, 12.7661437988, -47.0206260681, -18.8307495117, -50.4366416931], [2988.65307617, -1636.0501709, 107.929252625, 1300.1517334, -177.584060669, 222.272506714, -87.5661392212, 237.523208618, 69.1984558105, 172.908279419, -124.09059906, 132.699676514, -96.3865890503], [-2159.23779297, 810.481262207, 201.514923096, -177.584060669, 650.250488281, -60.3892211914, 83.3990707397, -53.4322776794, 17.8408756256, -90.4300384521, 38.4109687805, -116.003440857, -3.96664166451], [995.592834473, -884.92956543, 225.739227295, 222.272506714, -60.3892211914, 417.144195557, 28.695930481, 127.781463623, 25.7912311554, 116.120048523, -65.3148040771, 97.202255249, -54.0378799438], [-1460.73522949, 199.053527832, 121.380828857, -87.5661392212, 83.3990707397, 28.695930481, 275.767578125, 81.9332351685, 60.0604934692, 36.115447998, 74.2326660156, 7.45101976395, 48.8281364441], [227.240890503, -699.226989746, 57.0498771667, 237.523208618, -53.4322776794, 127.781463623, 81.9332351685, 260.817840576, 76.701713562, 176.020614624, 7.23467254639, 127.617118835, -15.9705228806], [-242.619216919, -71.5292129517, 59.9945983887, 69.1984558105, 17.8408756256, 25.7912311554, 60.0604934692, 76.701713562, 125.790710449, 68.2047348022, 28.966550827, 19.4883708954, 14.1262559891], [449.896575928, -704.196899414, 12.7661437988, 172.908279419, -90.4300384521, 116.120048523, 36.115447998, 176.020614624, 68.2047348022, 259.281341553, 23.3772392273, 132.569229126, -4.87677764893], [-842.549438477, 290.6769104, -47.0206260681, -124.09059906, 38.4109687805, -65.3148040771, 74.2326660156, 7.23467254639, 28.966550827, 23.3772392273, 136.921142578, -3.84082818031, 46.4509506226], [738.845214844, -648.197570801, -18.8307495117, 132.699676514, -116.003440857, 97.202255249, 7.45101976395, 127.617118835, 19.4883708954, 132.569229126, -3.84082818031, 175.959335327, 0.688706874847], [-416.101623535, 249.467819214, -50.4366416931, -96.3865890503, -3.96664166451, -54.0378799438, 48.8281364441, -15.9705228806, 14.1262559891, -4.87677764893, 46.4509506226, 0.688706874847, 96.4777374268]], "icov": [[4.62552598037e-05, -0.000114230191684, 7.7999131463e-05, -0.000133071822347, 0.000126254104543, -0.000192895749933, 0.000175979599589, 4.51207415608e-06, 3.22476043948e-05, -9.24631895032e-05, 0.000170645245817, -0.000257913168753, 0.000121813442092], [-0.000114230191684, 0.000637158052996, -0.000260164175415, 0.000526074727532, -0.000469766906463, 0.000808537763078, -0.000542477821, 0.000187803874724, -0.000220180823817, 0.000533935148269, -0.000661192578264, 0.00114283605944, -0.000642024970148], [7.7999131463e-05, -0.000260164175415, 0.000899757724255, -0.000291043921607, 3.83901133318e-05, -0.000774452579208, -1.81703562703e-05, 8.65693073138e-05, -0.000196506924112, -0.000162115960848, 0.000582406879403, -0.000424445839599, 0.000523257942405], [-0.000133071822347, 0.000526074727532, -0.000291043921607, 0.00162837724201, -0.000300602288917, 0.000609732291196, -9.2374299129e-05, -0.000864676141646, -0.000607867259532, 0.000398659845814, 5.39341053809e-05, 0.00110229675192, -0.0001514510368], [0.000126254104543, -0.000469766906463, 3.83901133318e-05, -0.000300602288917, 0.00236656842753, -0.000562862202059, 0.000112189482024, -0.000300131854601, -0.000124732629047, -5.24507850059e-05, 0.000214229905396, 0.000108030697447, 0.0010662493296], [-0.000192895749933, 0.000808537763078, -0.000774452579208, 0.000609732291196, -0.000562862202059, 0.00482028117403, -0.00157245411538, -0.00012363352289, -0.000144376390381, -0.00016633560881, 0.000622814637609, 0.000521297915839, 0.000442904507509], [0.000175979599589, -0.000542477821, -1.81703562703e-05, -9.2374299129e-05, 0.000112189482024, -0.00157245411538, 0.00675252219662, -0.0029339233879, -0.000709623098373, 0.000440678326413, -0.00142612098716, -0.000162132331752, -0.00190542021301], [4.51207415608e-06, 0.000187803874724, 8.65693073138e-05, -0.000864676141646, -0.000300131854601, -0.00012363352289, -0.0029339233879, 0.0111104715616, -0.00257844361477, -0.00344037637115, 0.000222456321353, -0.00385483074933, 0.00208176043816], [3.22476043948e-05, -0.000220180823817, -0.000196506924112, -0.000607867259532, -0.000124732629047, -0.000144376390381, -0.000709623098373, -0.00257844361477, 0.0116314822808, -0.00229868106544, -0.000966266845353, 0.00181698182132, -0.00152229925152], [-9.24631895032e-05, 0.000533935148269, -0.000162115960848, 0.000398659845814, -5.24507850059e-05, -0.00016633560881, 0.000440678326413, -0.00344037637115, -0.00229868106544, 0.00966865383089, -0.00267882389016, -0.00251647643745, -0.000220701331273], [0.000170645245817, -0.000661192578264, 0.000582406879403, 5.39341053809e-05, 0.000214229905396, 0.000622814637609, -0.00142612098716, 0.000222456321353, -0.000966266845353, -0.00267882389016, 0.0123142478988, -0.00103247095831, -0.00199521239847], [-0.000257913168753, 0.00114283605944, -0.000424445839599, 0.00110229675192, 0.000108030697447, 0.000521297915839, -0.000162132331752, -0.00385483074933, 0.00181698182132, -0.00251647643745, -0.00103247095831, 0.0143708819523, -0.0034464544151], [0.000121813442092, -0.000642024970148, 0.000523257942405, -0.0001514510368, 0.0010662493296, 0.000442904507509, -0.00190542021301, 0.00208176043816, -0.00152229925152, -0.000220701331273, -0.00199521239847, -0.0034464544151, 0.0154706574976]]}, "melbands": {"dmean": [0.000576580467168, 0.00117456226144, 0.00193982024211, 0.00103953597136, 0.000368755630916, 0.000422543031164, 0.000278790917946, 0.000194159147213, 6.07700785622e-05, 5.80708801863e-05, 4.95576023241e-05, 4.896401515e-05, 6.88601357979e-05, 3.37100464094e-05, 3.08594208036e-05, 2.57755491475e-05, 1.58493749041e-05, 1.5553785488e-05, 1.51616413859e-05, 9.70246310317e-06, 1.05374028863e-05, 1.01006598925e-05, 6.9285997597e-06, 3.41085751643e-06, 1.89677359685e-06, 1.6966188241e-06, 1.52746611093e-06, 1.20567801787e-06, 1.2885174101e-06, 2.49769482252e-06, 1.54495626248e-06, 2.07695234167e-06, 2.61193645201e-06, 1.74711465206e-06, 3.06898755298e-06, 3.43513738699e-06, 2.0423267415e-06, 1.58167813424e-06, 1.06964012048e-06, 1.29502655e-06], "dmean2": [0.000940576137509, 0.00188010709826, 0.00291011575609, 0.00158797961194, 0.000609322043601, 0.000701728044078, 0.000474320782814, 0.000330053386278, 0.000109041422547, 0.000101154852018, 8.62393571879e-05, 8.57623745105e-05, 0.000125574355479, 5.99746199441e-05, 5.321432036e-05, 4.60969786218e-05, 2.80057920463e-05, 2.59837543126e-05, 2.67416071438e-05, 1.66836816788e-05, 1.74848173629e-05, 1.7235201085e-05, 1.23143563542e-05, 5.9144831539e-06, 3.27213047058e-06, 2.86948011308e-06, 2.5880742669e-06, 2.02309411179e-06, 2.11807036976e-06, 4.11223118135e-06, 2.53147868534e-06, 3.7004706428e-06, 4.81353890791e-06, 3.12179122375e-06, 5.58218471269e-06, 6.11487985225e-06, 3.70401858163e-06, 2.92221011478e-06, 1.93961204786e-06, 2.42007308771e-06], "dvar": [1.96393807528e-06, 6.67914582664e-06, 1.50997102537e-05, 6.57962800688e-06, 5.29175338215e-07, 8.07930234714e-07, 4.88928321829e-07, 2.1410357931e-07, 2.22353033763e-08, 2.32913368592e-08, 1.34546578323e-08, 1.54924268969e-08, 5.18469889244e-08, 8.15043321722e-09, 7.38944327949e-09, 5.56652768324e-09, 1.81622150652e-09, 1.19764198558e-09, 1.41861067338e-09, 7.62503282736e-10, 8.21286594288e-10, 7.75512765117e-10, 5.12523690155e-10, 7.40781810893e-11, 2.20270850171e-11, 1.5699270009e-11, 1.89670345402e-11, 1.21277545298e-11, 1.2587772838e-11, 5.41486057382e-11, 1.72782274599e-11, 5.98751881409e-11, 1.16204011691e-10, 4.17033352296e-11, 1.52380358331e-10, 1.71016534267e-10, 8.00931404532e-11, 6.58169699297e-11, 2.44207154498e-11, 4.97259664001e-11], "dvar2": [4.60122282675e-06, 1.66276622622e-05, 3.28292080667e-05, 1.54855806613e-05, 1.33318178541e-06, 2.06706545214e-06, 1.27262262595e-06, 5.3706332892e-07, 6.22521554305e-08, 6.32206820228e-08, 3.55585818568e-08, 4.25806625515e-08, 1.45608836988e-07, 2.29054109013e-08, 1.96344291936e-08, 1.55423780512e-08, 5.08183806147e-09, 3.07503866814e-09, 3.78928310951e-09, 1.95846006079e-09, 1.98591432188e-09, 1.99992800098e-09, 1.41941569609e-09, 1.94123050967e-10, 5.48338700834e-11, 3.8444424727e-11, 5.08561318058e-11, 3.29557353629e-11, 3.24411747465e-11, 1.2808216987e-10, 4.16182505125e-11, 1.70407299382e-10, 3.33686606124e-10, 1.19130025289e-10, 4.36633701417e-10, 4.81522655083e-10, 2.25137075649e-10, 1.86819129611e-10, 6.92926271917e-11, 1.43536030284e-10], "max": [0.0148071274161, 0.0270788408816, 0.0419966168702, 0.0385912694037, 0.00735405739397, 0.00831651128829, 0.00738367717713, 0.00403637066483, 0.00205780472606, 0.00147399050184, 0.00102895195596, 0.00111839489546, 0.00307951122522, 0.00100286584347, 0.000912110088393, 0.000591121963225, 0.000644986343104, 0.000315271667205, 0.000556275481358, 0.000574208097532, 0.0003597146424, 0.000323586224113, 0.000238494903897, 0.000101524994534, 5.16070249432e-05, 5.58943065698e-05, 5.97895232204e-05, 5.0266397011e-05, 4.47497914138e-05, 7.72305793362e-05, 4.06686849601e-05, 9.39148667385e-05, 0.000118805619422, 8.21900612209e-05, 0.000142633740325, 0.000159080896992, 0.000115923670819, 0.000107302083052, 6.05772147537e-05, 9.5399642305e-05], "mean": [0.000582926091738, 0.0012817872921, 0.00220645591617, 0.00125177076552, 0.000391505367588, 0.000413029978517, 0.000228127304581, 0.000152028893353, 4.6027598728e-05, 5.44449940207e-05, 4.96012980875e-05, 3.83950100513e-05, 4.62018615508e-05, 2.54850074271e-05, 2.39439486904e-05, 1.7618518541e-05, 1.11574217954e-05, 1.28141382447e-05, 1.15937154987e-05, 7.83489940659e-06, 8.70084386406e-06, 8.03307830211e-06, 4.76652076031e-06, 2.72874581242e-06, 1.6675455754e-06, 1.62342780641e-06, 1.37846325288e-06, 1.09739448817e-06, 1.17816239253e-06, 2.07983589462e-06, 1.29038187424e-06, 1.47993853261e-06, 1.68360611497e-06, 1.25698795728e-06, 2.07010998565e-06, 2.26248107538e-06, 1.36363098591e-06, 1.01619332327e-06, 7.18333183158e-07, 8.15615635474e-07], "median": [1.30015678224e-05, 0.000152402441017, 0.000233321508858, 7.71675986471e-05, 6.05104578426e-05, 4.36855516455e-05, 1.65992496477e-05, 1.0444491636e-05, 5.50903405383e-06, 3.79471862288e-06, 2.19390017264e-06, 1.71568012775e-06, 1.12822908704e-06, 7.16997874406e-07, 6.56947349853e-07, 4.97952783007e-07, 4.44986767434e-07, 4.78161155115e-07, 3.39912844538e-07, 2.42866462941e-07, 1.57392605615e-07, 1.02274562153e-07, 8.69081020483e-08, 5.23048839796e-08, 3.63032697237e-08, 3.20794271147e-08, 1.82675847782e-08, 1.07730873111e-08, 9.15023790071e-09, 8.41369640625e-09, 5.59362867136e-09, 4.34730651477e-09, 3.08302428031e-09, 2.87813928246e-09, 1.99322736094e-09, 1.92184956838e-09, 1.92411597766e-09, 1.47599676925e-09, 1.29542576666e-09, 1.26810717482e-09], "min": [3.85797461211e-15, 1.39002924144e-15, 6.5399117396e-16, 5.56582120328e-16, 3.95983350039e-16, 1.55254627666e-16, 3.55937061661e-16, 1.27787964401e-15, 9.91336656522e-16, 3.32082019828e-16, 2.76749274911e-16, 9.86833882314e-17, 2.72318127927e-16, 2.52020783291e-16, 2.50572251072e-16, 6.35375772059e-16, 7.39126084911e-16, 3.00259918442e-16, 1.00790316513e-16, 5.98195379954e-17, 2.1924688157e-16, 4.41861883776e-16, 7.60670314985e-16, 6.76800235982e-16, 4.97235974488e-16, 7.00409320623e-16, 6.55827011994e-16, 8.36912491721e-16, 7.37169015287e-16, 8.02555988348e-16, 1.00008205994e-15, 3.49596067139e-16, 2.51355068334e-16, 2.18383066783e-16, 5.58575877067e-16, 1.15256493111e-15, 7.40262644308e-16, 4.86177641724e-16, 4.7462940628e-16, 4.08578015281e-16], "var": [2.45770138463e-06, 7.68418158259e-06, 1.9224051357e-05, 7.75733860792e-06, 6.43428791136e-07, 8.05540707915e-07, 3.78138480528e-07, 1.73358401412e-07, 1.47106460346e-08, 1.92843270241e-08, 1.36900597525e-08, 1.10119229291e-08, 3.18862269921e-08, 5.45558220821e-09, 6.19806383995e-09, 3.55051499312e-09, 1.16042375709e-09, 1.07305708763e-09, 1.08513509289e-09, 6.21503237763e-10, 7.33731631009e-10, 6.31075192103e-10, 3.30587945907e-10, 6.58742019266e-11, 2.30074414381e-11, 1.68178596049e-11, 1.60883667499e-11, 1.11646100351e-11, 1.25342201895e-11, 4.93980516214e-11, 1.57153335484e-11, 3.69707667258e-11, 6.68864338915e-11, 2.57313371999e-11, 8.88350920603e-11, 1.03755795622e-10, 4.82728093609e-11, 3.84145042165e-11, 1.44524028162e-11, 2.7702343891e-11]}, "mfcc": {"mean": [-837.147277832, 144.641769409, 31.1767807007, 16.1406402588, 9.69356536865, 3.74303746223, -5.04047393799, -2.96344447136, -5.14319801331, -4.77651119232, -6.57783174515, -5.43496894836, -5.04485464096], "cov": [[28400.8183594, 2185.73510742, -1877.05627441, 223.872955322, 246.867553711, 273.635040283, -526.658996582, 157.316650391, 39.6836624146, 108.722419739, -154.477203369, 228.071929932, 220.014572144], [2185.73510742, 5041.23828125, -1.59292864799, -447.168029785, 80.1460876465, -140.025939941, 72.0397491455, -142.941711426, -160.765319824, -170.157928467, -28.3411426544, -154.029754639, -133.296813965], [-1877.05627441, -1.59292864799, 1348.37585449, 191.776306152, 21.1485500336, 125.085502625, 65.793510437, 60.2918281555, 59.4738578796, 33.167339325, 0.291118770838, -25.2121086121, -23.0330619812], [223.872955322, -447.168029785, 191.776306152, 678.920959473, 231.155258179, 68.0138015747, 26.7177791595, 64.6860122681, 78.0955505371, 62.8508605957, 27.0619487762, 64.9039001465, 42.3496398926], [246.867553711, 80.1460876465, 21.1485500336, 231.155258179, 381.40826416, 115.880661011, 19.265668869, 39.7528839111, 29.1839771271, 26.9658107758, 32.6769485474, 8.0635175705, -25.7256946564], [273.635040283, -140.025939941, 125.085502625, 68.0138015747, 115.880661011, 191.740524292, 59.9118652344, 50.2638473511, 57.4933280945, 39.9569740295, 11.7958297729, 7.12663507462, 0.0578215867281], [-526.658996582, 72.0397491455, 65.793510437, 26.7177791595, 19.265668869, 59.9118652344, 162.922332764, 67.8272018433, 24.562871933, 30.5404567719, 34.2976417542, 1.77439808846, 9.58948040009], [157.316650391, -142.941711426, 60.2918281555, 64.6860122681, 39.7528839111, 50.2638473511, 67.8272018433, 140.466598511, 71.2550506592, 43.3231620789, 34.1728744507, 27.3531570435, 21.2543067932], [39.6836624146, -160.765319824, 59.4738578796, 78.0955505371, 29.1839771271, 57.4933280945, 24.562871933, 71.2550506592, 130.191604614, 73.6250762939, 42.7595825195, 45.8569831848, 35.3553314209], [108.722419739, -170.157928467, 33.167339325, 62.8508605957, 26.9658107758, 39.9569740295, 30.5404567719, 43.3231620789, 73.6250762939, 120.450912476, 68.8697052002, 47.467830658, 44.5333938599], [-154.477203369, -28.3411426544, 0.291118770838, 27.0619487762, 32.6769485474, 11.7958297729, 34.2976417542, 34.1728744507, 42.7595825195, 68.8697052002, 134.852737427, 52.944770813, 33.9383888245], [228.071929932, -154.029754639, -25.2121086121, 64.9039001465, 8.0635175705, 7.12663507462, 1.77439808846, 27.3531570435, 45.8569831848, 47.467830658, 52.944770813, 121.133148193, 63.3291969299], [220.014572144, -133.296813965, -23.0330619812, 42.3496398926, -25.7256946564, 0.0578215867281, 9.58948040009, 21.2543067932, 35.3553314209, 44.5333938599, 33.9383888245, 63.3291969299, 99.0677642822]], "icov": [[6.26428591204e-05, -6.40347279841e-05, 0.000113492402306, -8.73821336427e-05, 0.00011144830205, -0.000330734619638, 0.000423776335083, -0.000326779205352, 0.000241689413087, -0.000193689891603, 0.000126895029098, -6.61593658151e-05, -0.000103681988548], [-6.40347279841e-05, 0.000319405255141, -0.000168559374288, 0.000310196308419, -0.000420888274675, 0.000686163723003, -0.000794869556557, 0.000636048847809, -0.000400425371481, 0.000482070376165, -0.000200710142963, 0.00017029439914, 0.00011706672376], [0.000113492402306, -0.000168559374288, 0.00108050729614, -0.000540892826393, 0.000656191725284, -0.00127383624204, 0.000788358331192, -0.000771254242864, 0.000377042975742, -0.000446546357125, 0.00015142079792, 0.000151975240442, 0.000181038340088], [-8.73821336427e-05, 0.000310196308419, -0.000540892826393, 0.00256154173985, -0.00200047530234, 0.00148072058801, -0.00113429420162, 0.000637977325823, -0.00112967658788, 0.000161048315931, 0.000596575031523, -0.000548252253793, -0.000679891556501], [0.00011144830205, -0.000420888274675, 0.000656191725284, -0.00200047530234, 0.00520110316575, -0.00384818087332, 0.00210565701127, -0.00164090492763, 0.00167985411827, -0.000624805456027, -0.0012322611874, -0.000164440498338, 0.00190361205023], [-0.000330734619638, 0.000686163723003, -0.00127383624204, 0.00148072058801, -0.00384818087332, 0.0110861174762, -0.00538904685527, 0.00242312042974, -0.00451580621302, 0.000232708684052, 0.0012172620045, 0.000349709764123, 0.000591066025663], [0.000423776335083, -0.000794869556557, 0.000788358331192, -0.00113429420162, 0.00210565701127, -0.00538904685527, 0.0124465208501, -0.00694287102669, 0.00426926836371, -0.00238221068867, -0.00111187412404, 0.000949042034335, -0.00118630181532], [-0.000326779205352, 0.000636048847809, -0.000771254242864, 0.000637977325823, -0.00164090492763, 0.00242312042974, -0.00694287102669, 0.0143892299384, -0.00740494113415, 0.00215975008905, -0.000860252999701, -8.82310414454e-05, 0.000309840950649], [0.000241689413087, -0.000400425371481, 0.000377042975742, -0.00112967658788, 0.00167985411827, -0.00451580621302, 0.00426926836371, -0.00740494113415, 0.01746391505, -0.00749218976125, 0.000450702471426, -0.0020891779568, -0.000574167177547], [-0.000193689891603, 0.000482070376165, -0.000446546357125, 0.000161048315931, -0.000624805456027, 0.000232708684052, -0.00238221068867, 0.00215975008905, -0.00749218976125, 0.0182508509606, -0.00629312032834, 0.000459052855149, -0.00315699051134], [0.000126895029098, -0.000200710142963, 0.00015142079792, 0.000596575031523, -0.0012322611874, 0.0012172620045, -0.00111187412404, -0.000860252999701, 0.000450702471426, -0.00629312032834, 0.0126563720405, -0.00376612925902, -6.04262604611e-05], [-6.61593658151e-05, 0.00017029439914, 0.000151975240442, -0.000548252253793, -0.000164440498338, 0.000349709764123, 0.000949042034335, -8.82310414454e-05, -0.0020891779568, 0.000459052855149, -0.00376612925902, 0.0149323539808, -0.0071861804463], [-0.000103681988548, 0.00011706672376, 0.000181038340088, -0.000679891556501, 0.00190361205023, 0.000591066025663, -0.00118630181532, 0.000309840950649, -0.000574167177547, -0.00315699051134, -6.04262604611e-05, -0.0071861804463, 0.0175954755396]]}, "spectral_contrast_coeffs": {"dmean": [0.0788777396083, 0.0676100775599, 0.0486585088074, 0.0402248203754, 0.0357202999294, 0.0367207787931], "dmean2": [0.116541452706, 0.104274302721, 0.0754766836762, 0.0622377283871, 0.0552528500557, 0.056553285569], "dvar": [0.00475011346862, 0.00350292702205, 0.00219379272312, 0.00149458565284, 0.00117409671657, 0.00133256649133], "dvar2": [0.00856605451554, 0.00819326657802, 0.0045098871924, 0.00311705260538, 0.00256564025767, 0.00293309474364], "max": [-0.170850485563, -0.306347936392, -0.375535339117, -0.407970666885, -0.530650436878, -0.618748605251], "mean": [-0.596182286739, -0.751364469528, -0.819038689137, -0.833670258522, -0.832486450672, -0.834232509136], "median": [-0.609260320663, -0.755162358284, -0.836677670479, -0.848476350307, -0.843436598778, -0.839402675629], "min": [-0.955308198929, -0.97694593668, -0.973827898502, -0.957641780376, -0.977096498013, -0.967022180557], "var": [0.0224075168371, 0.0114587321877, 0.00845744553953, 0.00520083727315, 0.00347174191847, 0.00423388928175]}, "spectral_contrast_valleys": {"dmean": [1.02577328682, 1.04512178898, 1.08396887779, 1.0976164341, 1.17868328094, 1.22803354263], "dmean2": [1.44565224648, 1.47919356823, 1.50223076344, 1.50766813755, 1.64692020416, 1.73143386841], "dvar": [0.994838774204, 1.08893501759, 1.1817779541, 1.18427371979, 1.48610818386, 1.69671714306], "dvar2": [1.90687227249, 2.28923082352, 2.49187064171, 2.36414933205, 2.79435443878, 3.05430388451], "max": [-5.1385