{"lowlevel": {"average_loudness": 0.797357141972, "barkbands_crest": {"dmean": 1.74750292301, "dmean2": 2.97825145721, "dvar": 2.8230535984, "dvar2": 8.82636833191, "max": 22.042509079, "mean": 11.5371160507, "median": 11.1036109924, "min": 3.30230927467, "var": 10.7471561432}, "barkbands_flatness_db": {"dmean": 0.0158784165978, "dmean2": 0.0273424629122, "dvar": 0.000311899755616, "dvar2": 0.000880408973899, "max": 0.547954857349, "mean": 0.413729459047, "median": 0.430600643158, "min": 0.0106976218522, "var": 0.00647331262007}, "barkbands_kurtosis": {"dmean": 1.48924267292, "dmean2": 2.34932398796, "dvar": 9.14009284973, "dvar2": 13.7922563553, "max": 156.431228638, "mean": 5.68561267853, "median": 2.33899641037, "min": -1.83134114742, "var": 164.794769287}, "barkbands_skewness": {"dmean": 0.275077819824, "dmean2": 0.456017374992, "dvar": 0.0860201045871, "dvar2": 0.232407748699, "max": 9.60087013245, "mean": 1.23220157623, "median": 1.00128483772, "min": -2.35997509956, "var": 1.46978151798}, "barkbands_spread": {"dmean": 0.709872066975, "dmean2": 1.14377450943, "dvar": 7.4974656105, "dvar2": 19.3287200928, "max": 103.61416626, "mean": 5.43311500549, "median": 3.0086774826, "min": 0.6135648489, "var": 165.076705933}, "dissonance": {"dmean": 0.0367619916797, "dmean2": 0.0624104775488, "dvar": 0.00137569871731, "dvar2": 0.0038020524662, "max": 0.499999940395, "mean": 0.356893211603, "median": 0.356788814068, "min": 0.112362734973, "var": 0.00436552381143}, "dynamic_complexity": 6.63233852386, "erbbands_crest": {"dmean": 1.76265513897, "dmean2": 2.89419603348, "dvar": 4.27232551575, "dvar2": 12.946518898, "max": 29.0515823364, "mean": 13.6498908997, "median": 12.6033306122, "min": 2.55412387848, "var": 30.0274238586}, "erbbands_flatness_db": {"dmean": 0.0118782166392, "dmean2": 0.0206789076328, "dvar": 0.000181834897376, "dvar2": 0.000529550656211, "max": 0.46882340312, "mean": 0.378457039595, "median": 0.400577783585, "min": 0.0496536642313, "var": 0.00638028560206}, "erbbands_kurtosis": {"dmean": 0.707817554474, "dmean2": 1.16728210449, "dvar": 0.746896326542, "dvar2": 2.16176342964, "max": 18.4996013641, "mean": 1.91576683521, "median": 1.23849725723, "min": -1.69352304935, "var": 7.67952823639}, "erbbands_skewness": {"dmean": 0.184327587485, "dmean2": 0.295086324215, "dvar": 0.0367666818202, "dvar2": 0.107920363545, "max": 3.71245455742, "mean": 0.778072834015, "median": 0.751979708672, "min": -1.22332692146, "var": 0.5010201931}, "erbbands_spread": {"dmean": 1.46294236183, "dmean2": 2.45158672333, "dvar": 6.85594987869, "dvar2": 16.3807182312, "max": 146.944366455, "mean": 11.8979129791, "median": 8.50147628784, "min": 2.14813637733, "var": 275.384063721}, "hfc": {"dmean": 1.53892540932, "dmean2": 2.46491789818, "dvar": 5.16540670395, "dvar2": 12.9250154495, "max": 33.4090690613, "mean": 8.19428443909, "median": 7.65724420547, "min": 1.12608504005e-16, "var": 45.3516998291}, "melbands_crest": {"dmean": 2.31324267387, "dmean2": 3.93573188782, "dvar": 6.1031293869, "dvar2": 18.9281082153, "max": 27.1288166046, "mean": 15.9834947586, "median": 15.7522068024, "min": 1.51163911819, "var": 20.7747612}, "melbands_flatness_db": {"dmean": 0.0183311887085, "dmean2": 0.0315777994692, "dvar": 0.000441437907284, "dvar2": 0.00116150907706, "max": 0.706112921238, "mean": 0.553687691689, "median": 0.574974894524, "min": 0.00360091985203, "var": 0.0121238632128}, "melbands_kurtosis": {"dmean": 2.32331323624, "dmean2": 3.65603303909, "dvar": 30.6284160614, "dvar2": 70.6775054932, "max": 252.489761353, "mean": 8.65368556976, "median": 3.50608420372, "min": -1.44771552086, "var": 438.374603271}, "melbands_skewness": {"dmean": 0.312300652266, "dmean2": 0.515311777592, "dvar": 0.118829734623, "dvar2": 0.348193824291, "max": 12.8130645752, "mean": 1.74352681637, "median": 1.42875933647, "min": -0.427333116531, "var": 2.01600885391}, "melbands_spread": {"dmean": 0.985099196434, "dmean2": 1.50426006317, "dvar": 10.3832263947, "dvar2": 19.8841362, "max": 164.772766113, "mean": 7.33151817322, "median": 4.03295898438, "min": 0.664276003838, "var": 368.342407227}, "pitch_salience": {"dmean": 0.0452580079436, "dmean2": 0.0763697326183, "dvar": 0.00204015988857, "dvar2": 0.00567586906254, "max": 0.83874130249, "mean": 0.524438858032, "median": 0.522882699966, "min": 0.235565319657, "var": 0.0135085768998}, "silence_rate_20dB": {"dmean": 0, "dmean2": 0, "dvar": 0, "dvar2": 0, "max": 1, "mean": 1, "median": 1, "min": 1, "var": 0}, "silence_rate_30dB": {"dmean": 0.00562983797863, "dmean2": 0.0112676052377, "dvar": 0.00559797696769, "dvar2": 0.013958144933, "max": 1, "mean": 0.976090013981, "median": 1, "min": 0, "var": 0.0233387630433}, "silence_rate_60dB": {"dmean": 0.00140745949466, "dmean2": 0.00281690130942, "dvar": 0.00140547531191, "dvar2": 0.00280899670906, "max": 1, "mean": 0.189170181751, "median": 0, "min": 0, "var": 0.153384789824}, "spectral_centroid": {"dmean": 31.4456748962, "dmean2": 47.1925888062, "dvar": 40277.4140625, "dvar2": 42684.4453125, "max": 10989.5410156, "mean": 416.09185791, "median": 311.66986084, "min": 161.939727783, "var": 384231.84375}, "spectral_complexity": {"dmean": 0.750175952911, "dmean2": 1.32676053047, "dvar": 0.830619335175, "dvar2": 2.09603381157, "max": 17, "mean": 8.1427564621, "median": 9, "min": 0, "var": 14.0084562302}, "spectral_decrease": {"dmean": 1.73058067876e-09, "dmean2": 2.81497758436e-09, "dvar": 6.13961243905e-18, "dvar2": 1.55466710158e-17, "max": 6.813637763e-21, "mean": -8.24960633139e-09, "median": -7.57492557568e-09, "min": -5.73317180397e-08, "var": 5.67937179321e-17}, "spectral_energy": {"dmean": 0.00666475575417, "dmean2": 0.0108388820663, "dvar": 9.08438887564e-05, "dvar2": 0.000230003352044, "max": 0.219212949276, "mean": 0.0318791307509, "median": 0.0293200369924, "min": 1.03787926654e-20, "var": 0.000840311869979}, "spectral_energyband_high": {"dmean": 1.23778187699e-08, "dmean2": 2.19944915614e-08, "dvar": 2.89110953153e-16, "dvar2": 8.62566419776e-16, "max": 1.92665822851e-07, "mean": 4.62640343812e-08, "median": 3.9602937818e-08, "min": 7.36794893981e-21, "var": 3.4110609709e-16}, "spectral_energyband_low": {"dmean": 0.00368834217079, "dmean2": 0.00584839144722, "dvar": 4.84006814077e-05, "dvar2": 0.000121079072414, "max": 0.19568040967, "mean": 0.0136906867847, "median": 0.00755236856639, "min": 4.1789549889e-23, "var": 0.000443424942205}, "spectral_energyband_middle_high": {"dmean": 0.000130634973175, "dmean2": 0.000191472106962, "dvar": 6.92680828251e-08, "dvar2": 1.88803838341e-07, "max": 0.00370110874064, "mean": 0.000632599927485, "median": 0.000441929500084, "min": 1.87102074939e-21, "var": 4.59705489675e-07}, "spectral_energyband_middle_low": {"dmean": 0.00501429382712, "dmean2": 0.00829246733338, "dvar": 5.47382260265e-05, "dvar2": 0.000147029350046, "max": 0.100280925632, "mean": 0.020340481773, "median": 0.0183429401368, "min": 2.01012966786e-22, "var": 0.000283972272882}, "spectral_entropy": {"dmean": 0.0975732952356, "dmean2": 0.163144350052, "dvar": 0.0168738793582, "dvar2": 0.0414738282561, "max": 9.81160449982, "mean": 5.30113267899, "median": 5.14705181122, "min": 4.48900461197, "var": 0.599824547768}, "spectral_flux": {"dmean": 0.015482660383, "dmean2": 0.0243406035006, "dvar": 0.000428284343798, "dvar2": 0.00106898893137, "max": 0.216067746282, "mean": 0.0407351367176, "median": 0.0335170030594, "min": 1.01876361513e-10, "var": 0.00116187531967}, "spectral_kurtosis": {"dmean": 43.7277488708, "dmean2": 76.7878494263, "dvar": 1753.29467773, "dvar2": 5417.26953125, "max": 413.917694092, "mean": 206.248718262, "median": 222.819366455, "min": -1.21622681618, "var": 8055.64648438}, "spectral_rms": {"dmean": 0.000522591231856, "dmean2": 0.000851274875458, "dvar": 4.14435390894e-07, "dvar2": 1.08170502244e-06, "max": 0.014624168165, "mean": 0.00487018981948, "median": 0.005348355975, "min": 3.18208285242e-12, "var": 7.38284143154e-06}, "spectral_rolloff": {"dmean": 65.8571777344, "dmean2": 109.803871155, "dvar": 222134.859375, "dvar2": 397123.78125, "max": 18432.421875, "mean": 939.628601074, "median": 409.130859375, "min": 150.732421875, "var": 8438304}, "spectral_skewness": {"dmean": 1.41771399975, "dmean2": 2.51366758347, "dvar": 2.17077374458, "dvar2": 6.20873689651, "max": 16.3518562317, "mean": 11.0950803757, "median": 12.0778417587, "min": -0.00383896124549, "var": 11.3158378601}, "spectral_spread": {"dmean": 338992.8125, "dmean2": 585968.3125, "dvar": 784852975616, "dvar2": 920757993472, "max": 41086760, "mean": 1316443.625, "median": 669089.625, "min": 221471.109375, "var": 5785302073340.0}, "spectral_strongpeak": {"dmean": 0.225817084312, "dmean2": 0.385345488787, "dvar": 0.140563338995, "dvar2": 0.351591348648, "max": 5.43959951401, "mean": 0.877092540264, "median": 0.608605265617, "min": 0, "var": 0.668463170528}, "zerocrossingrate": {"dmean": 0.00284275203012, "dmean2": 0.00362497242168, "dvar": 0.000189687634702, "dvar2": 0.000347962020896, "max": 0.50927734375, "mean": 0.0288889445364, "median": 0.01416015625, "min": 0.00537109375, "var": 0.00558617990464}, "barkbands": {"dmean": [8.33732769934e-07, 0.000399332115194, 0.00228335079737, 0.00251248036511, 0.00181788229384, 0.000872145988978, 0.00164694641717, 8.81700761965e-05, 0.000126046361402, 6.54601462884e-05, 7.218173414e-05, 2.41251400439e-05, 1.42330827657e-05, 5.85628094996e-06, 1.45201147461e-06, 4.87268891902e-07, 2.50558741755e-07, 4.11635525666e-08, 1.90181506099e-08, 3.90801613293e-09, 2.51079645963e-09, 1.95669791481e-09, 1.72199210446e-09, 1.6801638969e-09, 1.7355146209e-09, 1.81844139746e-09, 2.13668904792e-09], "dmean2": [1.46378295085e-06, 0.000582921842579, 0.00348466238938, 0.00435352744535, 0.00279953028075, 0.00132041331381, 0.00263328733854, 0.00013260570995, 0.000148172985064, 7.67230958445e-05, 0.000124431870063, 3.44351865351e-05, 1.96073197003e-05, 8.856979548e-06, 2.17483443521e-06, 7.82781626185e-07, 3.77073234858e-07, 6.19734805696e-08, 2.68390270008e-08, 6.15333162202e-09, 4.28874580294e-09, 3.46438611132e-09, 3.06496250602e-09, 2.98480729022e-09, 3.06695535635e-09, 3.19813020511e-09, 3.74899977729e-09], "dvar": [1.97910459722e-12, 7.65350876009e-07, 2.84334346361e-05, 2.31153899222e-05, 1.32324412334e-05, 2.61666491497e-06, 1.15133298095e-05, 7.69815997614e-08, 3.87994418816e-08, 1.24408350288e-08, 4.04481816929e-08, 2.92565105475e-09, 2.46203391008e-09, 2.71857342193e-10, 3.66273990304e-11, 1.53000344599e-12, 5.24210666195e-13, 8.69833973052e-15, 3.44553436482e-15, 8.94359324995e-17, 1.08217946773e-17, 6.25511042721e-18, 4.39789308305e-18, 3.83242910758e-18, 3.79490075037e-18, 3.91464052071e-18, 4.34701816665e-18], "dvar2": [6.13119841356e-12, 1.39064661653e-06, 6.23242813163e-05, 7.11607281119e-05, 3.01938925986e-05, 6.26110659141e-06, 3.54748335667e-05, 1.44801944657e-07, 6.77153977335e-08, 2.04163743689e-08, 1.42262621239e-07, 6.58078658233e-09, 3.82308051883e-09, 5.65696434141e-10, 8.33746405249e-11, 3.99643469359e-12, 1.09346559585e-12, 2.38546907379e-14, 6.46996460585e-15, 1.88206181313e-16, 2.92937477432e-17, 1.88732903457e-17, 1.34401124836e-17, 1.15374134407e-17, 1.15220708947e-17, 1.19351011997e-17, 1.32707290552e-17], "max": [1.96333712665e-05, 0.0400248356164, 0.177181303501, 0.0555705279112, 0.0671639740467, 0.0235026162118, 0.0503720417619, 0.00806311797351, 0.00464503606781, 0.00192411267199, 0.00307011161931, 0.000940967933275, 0.0016238160897, 0.000348562170984, 0.000184061325854, 2.58733598457e-05, 1.9978331693e-05, 2.84236716652e-06, 1.38043651532e-06, 2.86487960466e-07, 4.24895461038e-08, 2.63833044301e-08, 2.2616529094e-08, 2.16950439835e-08, 2.26947101112e-08, 2.41672193368e-08, 2.7446571238e-08], "mean": [1.2274006167e-06, 0.00188521144446, 0.00902890041471, 0.00501327216625, 0.00469372374937, 0.00381981534883, 0.00585610000417, 0.000341919047059, 0.000591218238696, 0.000235614003032, 0.000182192539796, 0.00011013931362, 9.37287259148e-05, 1.89517577383e-05, 4.58567319583e-06, 1.50482765093e-06, 7.91177285464e-07, 1.82900961931e-07, 5.67377931304e-08, 9.73037650454e-09, 4.98543117899e-09, 3.8759560006e-09, 3.91077614736e-09, 4.75643480158e-09, 6.29192031809e-09, 8.51963122273e-09, 1.07719131393e-08], "median": [3.67061744555e-07, 0.000495521118864, 0.00318230083212, 0.00287238322198, 0.002592735691, 0.00255262758583, 0.0024055193644, 0.000177793728653, 0.000421656761318, 0.000106919025711, 7.70705592004e-05, 4.60908522655e-05, 1.77299989446e-05, 7.4508329817e-06, 9.84998905551e-07, 5.86084411225e-07, 1.71267885207e-07, 4.98380465785e-08, 9.00721452979e-09, 3.72354680422e-09, 3.23184234929e-09, 3.04262526285e-09, 3.33229110971e-09, 4.23666790539e-09, 5.86973580852e-09, 8.15891709749e-09, 1.04462554162e-08], "min": [1.01895648514e-23, 7.29043712703e-24, 2.10983830996e-23, 7.28795142631e-24, 1.64275297911e-23, 2.2541290159e-23, 4.96677049564e-23, 8.57763803215e-24, 7.76142384836e-23, 6.66551366637e-23, 9.08621224013e-23, 1.04334907408e-22, 6.31394423555e-23, 1.84897724939e-22, 1.98385403639e-22, 2.13293145565e-22, 1.99736047105e-22, 2.65525380526e-22, 4.03207003498e-22, 2.65897470438e-22, 3.92227246144e-22, 4.2013323222e-22, 5.76190366548e-22, 7.81006980805e-22, 1.27478357184e-21, 1.80257579461e-21, 2.1341498103e-21], "var": [5.27101799708e-12, 1.75950153789e-05, 0.000330312876031, 4.38351271441e-05, 4.1648891056e-05, 1.67188190972e-05, 6.59555735183e-05, 4.72178754762e-07, 4.22341315698e-07, 9.08042920855e-08, 7.83212783517e-08, 2.14408863997e-08, 3.11005798892e-08, 1.02529318369e-09, 1.11817229087e-10, 6.14843332497e-12, 2.49671832687e-12, 1.21896958673e-13, 1.75556133351e-14, 4.2791053645e-16, 2.3150983746e-17, 6.8517537351e-18, 4.40153557287e-18, 3.99348903106e-18, 3.98354466574e-18, 4.35432382582e-18, 5.48601485087e-18]}, "erbbands": {"dmean": [0.00414113793522, 0.139725491405, 1.89549541473, 6.20719671249, 6.53323698044, 7.08351993561, 5.15557289124, 8.14565849304, 26.5270614624, 8.46140384674, 1.7253767252, 2.9273455143, 1.88486683369, 1.68180286884, 2.13073801994, 0.819462299347, 0.583605468273, 0.561572253704, 0.117853045464, 0.0366079472005, 0.0238864123821, 0.00817801710218, 0.00247558997944, 0.00103834248148, 0.000735877430998, 0.00017119741824, 0.00011784472008, 8.74203251442e-05, 7.18202136341e-05, 5.88877628616e-05, 4.8097292165e-05, 3.78011354769e-05, 2.80456260953e-05, 2.04665448109e-05, 1.38353680086e-05, 8.45477734401e-06, 4.29146621173e-06, 1.44957607517e-06, 3.04395189232e-06, 7.29326393412e-06], "dmean2": [0.00566787458956, 0.201905697584, 2.83403491974, 10.5951070786, 10.9678239822, 10.6990814209, 7.72718286514, 12.4843187332, 42.782119751, 12.7435655594, 2.25807547569, 3.66015625, 2.17508602142, 2.53396725655, 3.61028242111, 1.16014313698, 0.786630570889, 0.813888072968, 0.176089212298, 0.0548111759126, 0.0376175045967, 0.0122015522793, 0.00365146645345, 0.00154827081133, 0.00106614304241, 0.000275284430245, 0.000196662396775, 0.000153036598931, 0.000127167470055, 0.000104453982203, 8.62512824824e-05, 6.70336157782e-05, 4.91506289109e-05, 3.609635678e-05, 2.41153866227e-05, 1.4420655134e-05, 7.29910243535e-06, 2.54088058682e-06, 4.9795353334e-06, 1.18589150588e-05], "dvar": [9.11718379939e-05, 0.0806737467647, 17.3306388855, 131.755371094, 104.473564148, 308.596588135, 91.3976669312, 182.209747314, 3439.43945312, 402.095092773, 24.0634841919, 24.6063575745, 8.98151397705, 12.4367952347, 31.0083026886, 2.81398701668, 2.86641955376, 3.1872587204, 0.198756158352, 0.00942169781774, 0.00451684324071, 0.000533250567969, 3.02594289678e-05, 1.02394533315e-05, 8.08758886706e-06, 1.1551214385e-07, 2.52644927201e-08, 1.26063373074e-08, 8.37910807405e-09, 5.47509593218e-09, 3.38828320956e-09, 1.86786452971e-09, 1.00297503636e-09, 4.95430918512e-10, 2.03076874761e-10, 6.7056971087e-11, 1.83256205349e-11, 2.02396151054e-12, 1.8186428058e-11, 1.08530184839e-10], "dvar2": [0.000123295889352, 0.159847021103, 37.3748664856, 393.130279541, 292.859893799, 697.859741211, 228.587844849, 414.638824463, 10657.6777344, 895.766662598, 41.5920982361, 48.2493934631, 13.5622882843, 35.8591842651, 105.816680908, 5.74116611481, 4.78640556335, 5.35733890533, 0.443123370409, 0.0183682311326, 0.00991042796522, 0.000955165771302, 8.11620266177e-05, 2.06219920074e-05, 1.46932516145e-05, 2.42208642476e-07, 6.1988302491e-08, 3.67024988179e-08, 2.50932732371e-08, 1.63606639347e-08, 1.00859063323e-08, 5.51860424025e-09, 2.9566957771e-09, 1.41249301144e-09, 5.91673765538e-10, 1.89497487146e-10, 4.9976949662e-11, 5.79666089434e-12, 4.50942547192e-11, 2.74549161183e-10], "max": [0.515916824341, 10.7808637619, 134.028396606, 176.554977417, 128.753189087, 361.115386963, 149.666732788, 222.970687866, 889.415649414, 401.619049072, 154.165878296, 128.114776611, 69.4424362183, 66.07472229, 90.2460861206, 32.2206192017, 44.4327926636, 56.4764595032, 12.101360321, 1.69666099548, 1.91361916065, 0.739393055439, 0.175672307611, 0.0704982280731, 0.0831215977669, 0.00672354642302, 0.00198589707725, 0.00113147799857, 0.000991456559859, 0.000835079234093, 0.00068416056456, 0.000554468249902, 0.000423849356594, 0.000321970146615, 0.00024062061857, 0.000158130133059, 9.20581296668e-05, 2.04051575565e-05, 9.99734984362e-05, 0.000238346125116], "mean": [0.0205002389848, 0.698215246201, 8.0910692215, 15.382815361, 13.9628562927, 18.9649047852, 20.3600292206, 37.9548187256, 91.2336425781, 32.8553962708, 8.82395553589, 13.6258144379, 7.58105754852, 6.59851312637, 6.34156322479, 4.01979875565, 3.6965239048, 2.82581377029, 0.44742923975, 0.130610957742, 0.0898966640234, 0.0310155916959, 0.0116512253881, 0.00334603711963, 0.00223247380927, 0.000459328992292, 0.000254128099186, 0.000174147760845, 0.000149153755046, 0.000134761852678, 0.000124543628772, 0.000112564608571, 9.68715030467e-05, 8.13178194221e-05, 6.42855666229e-05, 4.4656375394e-05, 2.48899741564e-05, 7.56710142014e-06, 1.6156822312e-05, 3.51803646481e-05], "median": [0.00548060005531, 0.218133598566, 3.55608510971, 7.75118255615, 10.389330864, 8.28576755524, 13.4521560669, 27.8398857117, 25.7878284454, 15.8951911926, 6.29001283646, 9.08211803436, 4.48043441772, 4.00080347061, 3.45967936516, 1.84410810471, 0.985186100006, 0.555267214775, 0.206738293171, 0.0475971400738, 0.0308826193213, 0.011475790292, 0.00357335386798, 0.00089008937357, 0.000370449444745, 0.000194608874153, 0.000147907965584, 0.000126800121507, 0.00011899866513, 0.000113438240078, 0.000107741281681, 0.000101060693851, 8.87001078809e-05, 7.63890275266e-05, 6.12530275248e-05, 4.30850413977e-05, 2.39623022935e-05, 7.32974240236e-06, 1.50680389197e-05, 3.2419920899e-05], "min": [3.32337052437e-22, 1.52391084393e-21, 1.75050061492e-20, 3.47679036416e-20, 3.80652555896e-20, 4.68593131809e-20, 8.25487477237e-20, 2.59834542702e-19, 7.06147493625e-19, 4.2651619242e-19, 3.97334707975e-19, 1.95479012166e-18, 1.84062989134e-18, 3.33908535537e-18, 2.62066720604e-18, 4.80857336793e-18, 3.38045472575e-18, 7.08744561575e-18, 1.20810613547e-17, 1.20285891525e-17, 8.9201312645e-18, 1.2071591791e-17, 1.64991479844e-17, 1.32664864459e-17, 2.21477360857e-17, 1.25770719372e-17, 1.39417338322e-17, 1.8140861618e-17, 1.71126165595e-17, 1.09535215355e-17, 1.86439164706e-17, 1.57805315185e-17, 1.29487638911e-17, 1.29612361203e-17, 1.0180364916e-17, 6.97184712515e-18, 3.15516815682e-18, 1.23149760378e-18, 3.18784060194e-19, 3.09906027615e-20], "var": [0.00255200243555, 1.48698139191, 203.305526733, 493.678009033, 232.621398926, 1006.94525146, 466.257415771, 1372.72717285, 19819.0820312, 2443.17407227, 177.444961548, 248.560043335, 94.8539352417, 58.2727928162, 73.4209823608, 26.037984848, 35.6486930847, 32.0537796021, 0.739053845406, 0.0604975521564, 0.0236143823713, 0.00324309268035, 0.000464719254524, 4.83434741909e-05, 4.48040991614e-05, 5.49845424302e-07, 7.63838414741e-08, 1.91395965743e-08, 1.05979403031e-08, 6.30649621414e-09, 4.11950740187e-09, 2.63233124187e-09, 1.68520108978e-09, 1.01281727449e-09, 5.98700256038e-10, 3.0541441598e-10, 9.85667311659e-11, 4.18445616698e-12, 1.73988712326e-10, 1.00562325134e-09]}, "gfcc": {"mean": [-250.97038269, 241.051605225, -35.4071578979, -55.8303451538, -34.4631576538, -4.28335285187, -32.2730751038, -19.7976589203, -17.5320949554, -13.4586296082, -8.44311523438, -10.2590894699, -10.4493656158], "cov": [[14461.0058594, 8412.80957031, -1464.4901123, -3036.046875, 1035.91040039, -281.953765869, -147.475540161, -345.874633789, 814.405761719, -74.0643310547, 664.592346191, -310.848297119, 55.9302215576], [8412.80957031, 5533.83886719, -344.489318848, -1812.88085938, 455.289001465, -113.59790802, -26.6969337463, -238.367019653, 464.327484131, -56.0730934143, 360.814422607, -182.110534668, 57.4834518433], [-1464.4901123, -344.489318848, 906.582519531, 499.632598877, -312.108947754, 81.2981262207, 117.94644928, 14.3760128021, -154.927963257, -30.3834438324, -147.218139648, 13.7904605865, 37.3922042847], [-3036.046875, -1812.88085938, 499.632598877, 883.015930176, -214.946456909, 32.5706214905, 72.4469451904, 121.144012451, -205.957992554, 1.96741604805, -169.789245605, 53.1492843628, 5.82872915268], [1035.91040039, 455.289001465, -312.108947754, -214.946456909, 273.167297363, 9.28336524963, -22.8867301941, -8.14034366608, 103.596969604, 8.77240085602, 85.8502731323, -24.7868824005, -12.662320137], [-281.953765869, -113.59790802, 81.2981262207, 32.5706214905, 9.28336524963, 115.385284424, 44.2600212097, -24.9678344727, -20.8882274628, 4.76862001419, -11.5154590607, 7.84889554977, -10.6841087341], [-147.475540161, -26.6969337463, 117.94644928, 72.4469451904, -22.8867301941, 44.2600212097, 93.493019104, 45.659614563, -16.7139892578, -14.2753810883, -21.796749115, -11.1803407669, 5.78142118454], [-345.874633789, -238.367019653, 14.3760128021, 121.144012451, -8.14034366608, -24.9678344727, 45.659614563, 107.428520203, 17.921962738, -3.69372010231, -22.2006282806, 2.74942469597, -0.928026974201], [814.405761719, 464.327484131, -154.927963257, -205.957992554, 103.596969604, -20.8882274628, -16.7139892578, 17.921962738, 128.264572144, 31.385761261, 51.2658615112, -14.5875854492, 8.40843772888], [-74.0643310547, -56.0730934143, -30.3834438324, 1.96741604805, 8.77240085602, 4.76862001419, -14.2753810883, -3.69372010231, 31.385761261, 57.3051872253, 31.9147357941, 11.1514806747, -2.08381700516], [664.592346191, 360.814422607, -147.218139648, -169.789245605, 85.8502731323, -11.5154590607, -21.796749115, -22.2006282806, 51.2658615112, 31.9147357941, 92.7926712036, 11.430232048, -17.9271678925], [-310.848297119, -182.110534668, 13.7904605865, 53.1492843628, -24.7868824005, 7.84889554977, -11.1803407669, 2.74942469597, -14.5875854492, 11.1514806747, 11.430232048, 47.9894065857, 5.69510507584], [55.9302215576, 57.4834518433, 37.3922042847, 5.82872915268, -12.662320137, -10.6841087341, 5.78142118454, -0.928026974201, 8.40843772888, -2.08381700516, -17.9271678925, 5.69510507584, 58.1214828491]], "icov": [[0.00216970779002, -0.00401577400044, 0.00431097717956, -0.00405751448125, 0.00209025130607, -0.0017808470875, 0.000657277880237, 0.00125856418163, -0.00183316739276, 0.00340019725263, -0.0029759623576, 0.00302909174934, -0.00122763414402], [-0.00401577400044, 0.00990460347384, -0.0117564583197, 0.0128885470331, -0.00697446614504, 0.00763834780082, -0.00380147970282, -0.000925892032683, 0.00218735239469, -0.00454225949943, 0.00256924727, -0.00405160523951, 0.00129761500284], [0.00431097717956, -0.0117564583197, 0.018822139129, -0.0216523278505, 0.0159631222486, -0.0135487876832, 0.00278330198489, 0.00659555289894, -0.0108436672017, 0.0141320396215, -0.00974987260997, 0.00876340828836, -0.00343374186195], [-0.00405751448125, 0.0128885470331, -0.0216523278505, 0.033698759973, -0.0244517754763, 0.0211288575083, -0.00787475984544, -0.0125072393566, 0.0255832821131, -0.0312134362757, 0.0265876594931, -0.0176864042878, 0.00596204167232], [0.00209025130607, -0.00697446614504, 0.0159631222486, -0.0244517754763, 0.0321959033608, -0.0283892340958, 0.016802251339, 0.00124328257516, -0.0246842112392, 0.0373860523105, -0.041919503361, 0.0301082320511, -0.0137556269765], [-0.0017808470875, 0.00763834780082, -0.0135487876832, 0.0211288575083, -0.0283892340958, 0.0541312545538, -0.0461980886757, 0.0286442004144, 0.00492770550773, -0.0326886810362, 0.0482779741287, -0.0435688011348, 0.026850618422], [0.000657277880237, -0.00380147970282, 0.00278330198489, -0.00787475984544, 0.016802251339, -0.0461980886757, 0.0643320158124, -0.0461188256741, 0.0128195974976, 0.0199126303196, -0.0419592894614, 0.0442347973585, -0.0282581392676], [0.00125856418163, -0.000925892032683, 0.00659555289894, -0.0125072393566, 0.00124328257516, 0.0286442004144, -0.0461188256741, 0.0613081939518, -0.0400077439845, 0.0148561988026, 0.0120554976165, -0.0225710105151, 0.0200690813363], [-0.00183316739276, 0.00218735239469, -0.0108436672017, 0.0255832821131, -0.0246842112392, 0.00492770550773, 0.0128195974976, -0.0400077439845, 0.0659808814526, -0.0563073009253, 0.0351507440209, -0.0120726078749, -0.00191381364129], [0.00340019725263, -0.00454225949943, 0.0141320396215, -0.0312134362757, 0.0373860523105, -0.0326886810362, 0.0199126303196, 0.0148561988026, -0.0563073009253, 0.0966281071305, -0.0842166021466, 0.046997088939, -0.0233194492757], [-0.0029759623576, 0.00256924727, -0.00974987260997, 0.0265876594931, -0.041919503361, 0.0482779741287, -0.0419592894614, 0.0120554976165, 0.0351507440209, -0.0842166021466, 0.121233329177, -0.0801682621241, 0.0451815240085], [0.00302909174934, -0.00405160523951, 0.00876340828836, -0.0176864042878, 0.0301082320511, -0.0435688011348, 0.0442347973585, -0.0225710105151, -0.0120726078749, 0.046997088939, -0.0801682621241, 0.0855208411813, -0.0386577658355], [-0.00122763414402, 0.00129761500284, -0.00343374186195, 0.00596204167232, -0.0137556269765, 0.026850618422, -0.0282581392676, 0.0200690813363, -0.00191381364129, -0.0233194492757, 0.0451815240085, -0.0386577658355, 0.0409494638443]]}, "melbands": {"dmean": [7.0881244028e-05, 0.000713452638593, 0.00103339576162, 0.000491157523356, 0.000193367595784, 0.000190097314771, 0.000367638014723, 6.35571122984e-05, 1.58416751219e-05, 1.69228187588e-05, 1.00005709101e-05, 7.44986346035e-06, 1.01341811387e-05, 1.68013366419e-06, 2.93523521577e-06, 1.23138408981e-06, 9.67656319517e-07, 2.04805147064e-07, 8.06335123116e-08, 3.99911108673e-08, 2.95377056148e-08, 1.18903331625e-08, 3.14507109245e-09, 1.28510557751e-09, 9.41801081566e-10, 5.95567206663e-10, 2.80391654339e-10, 9.65964391808e-11, 7.75664879549e-11, 6.21867973782e-11, 4.95846072535e-11, 4.3226030394e-11, 3.71830587154e-11, 3.31608004944e-11, 2.95131211137e-11, 2.67545048616e-11, 2.36962758443e-11, 2.13344498318e-11, 1.8956922837e-11, 1.86577246708e-11], "dmean2": [0.000100285622466, 0.00105867779348, 0.00177024211735, 0.000767233665101, 0.000293445045827, 0.000285408401396, 0.000598841230385, 9.16738354135e-05, 1.89914117072e-05, 2.09351419471e-05, 1.14015947474e-05, 1.05260060081e-05, 1.7368405679e-05, 2.49792378781e-06, 4.07273410019e-06, 1.75077627773e-06, 1.41665020692e-06, 3.13592778411e-07, 1.1769144237e-07, 6.54312231063e-08, 4.48668302511e-08, 1.76205343649e-08, 4.54017623497e-09, 2.03771244323e-09, 1.36840527798e-09, 8.91215434784e-10, 4.05642353041e-10, 1.62472243992e-10, 1.29651095415e-10, 1.05328433475e-10, 8.73355485154e-11, 7.65493918253e-11, 6.57131155046e-11, 5.87325466039e-11, 5.28254245902e-11, 4.74803286965e-11, 4.17842288547e-11, 3.75389129503e-11, 3.31904816131e-11, 3.30493306333e-11], "dvar": [2.65993325144e-08, 2.47589650826e-06, 3.29604495164e-06, 7.95508583451e-07, 1.71774345858e-07, 9.68402318335e-08, 6.38157530375e-07, 3.06994429877e-08, 1.33516986356e-09, 7.63636098799e-10, 2.51173082333e-10, 2.15538947801e-10, 7.86120335494e-10, 2.93914927119e-11, 5.02824726301e-11, 1.60956178941e-11, 9.56765396076e-12, 6.56761862776e-13, 5.19091436231e-14, 1.15554741882e-14, 8.48181100414e-15, 1.18792686259e-15, 4.53161303292e-17, 1.00555268179e-17, 8.91196947339e-18, 5.88542810862e-18, 9.29863815266e-19, 2.85952751156e-20, 1.1075608321e-20, 6.30823808277e-21, 3.91256550907e-21, 2.80267209226e-21, 2.06088212598e-21, 1.56323867763e-21, 1.19525144841e-21, 8.66262372141e-22, 6.51779952497e-22, 5.38017273748e-22, 3.94218204851e-22, 3.50087861687e-22], "dvar2": [4.03543296557e-08, 5.3987305364e-06, 9.68451058725e-06, 1.85281737686e-06, 3.97774471139e-07, 2.14151228306e-07, 2.01768875741e-06, 6.30581524774e-08, 2.21783769128e-09, 1.5029022471e-09, 3.74733910569e-10, 5.60143209594e-10, 2.731419535e-09, 7.71259375809e-11, 9.34893412685e-11, 2.40547911451e-11, 1.66922517475e-11, 1.46059846075e-12, 1.03217822202e-13, 3.14002059217e-14, 1.65467073094e-14, 2.28826670679e-15, 1.16188184354e-16, 2.69666603782e-17, 1.75747557503e-17, 1.17296063745e-17, 1.57570244931e-18, 6.75196708625e-20, 2.67043822406e-20, 1.74763100905e-20, 1.14827580892e-20, 8.39425712896e-21, 6.20725580896e-21, 4.72715827447e-21, 3.61936188976e-21, 2.60937436183e-21, 1.958213987e-21, 1.62475892303e-21, 1.17140649303e-21, 1.03300055691e-21], "max": [0.00851032696664, 0.050325743854, 0.0269983224571, 0.0155096882954, 0.00879833940417, 0.00556798838079, 0.0117980008945, 0.00359730911441, 0.00104120036121, 0.000693860696629, 0.00034937786404, 0.000297770224279, 0.000439342780737, 0.000112789515697, 0.000157110363944, 0.00013679197582, 9.11762181204e-05, 2.03371346288e-05, 4.24420522904e-06, 2.05572223422e-06, 2.8975805435e-06, 1.04550997548e-06, 2.18414754727e-07, 6.32167882486e-08, 6.85491272634e-08, 5.88840300964e-08, 2.96478646078e-08, 4.17706846889e-09, 1.67962210806e-09, 7.72315433828e-10, 6.48103126721e-10, 5.55535339952e-10, 4.95017749014e-10, 4.15589701541e-10, 3.62645552476e-10, 3.31541571974e-10, 2.85722862037e-10, 2.50316822825e-10, 2.15984730101e-10, 2.02644345748e-10], "mean": [0.000343839725247, 0.0031237101648, 0.0026748648379, 0.00120310124476, 0.000765584525652, 0.000936839554925, 0.00123811431695, 0.000253837089986, 7.50808976591e-05, 7.79238689574e-05, 3.76230964321e-05, 2.89714225801e-05, 2.66637252935e-05, 6.95038352205e-06, 1.56008536578e-05, 7.12563496563e-06, 4.64476715933e-06, 6.49201297165e-07, 2.41132227075e-07, 1.13090926845e-07, 1.12282442899e-07, 3.96390120727e-08, 1.40682097083e-08, 4.79018691379e-09, 2.61945576341e-09, 1.7137302688e-09, 8.218875025e-10, 1.96513610939e-10, 1.52144324916e-10, 1.1902349939e-10, 8.88970702606e-11, 7.9551823462e-11, 7.23070700537e-11, 6.6856777059e-11, 6.38109079465e-11, 6.1826578579e-11, 5.88145990243e-11, 5.59884048845e-11, 5.45707125321e-11, 5.42808784032e-11], "median": [7.90787598817e-05, 0.00139660958666, 0.00159761530813, 0.000677721574903, 0.000521093374118, 0.000698028947227, 0.000408509979025, 8.38922715047e-05, 5.11100915901e-05, 5.2197578043e-05, 2.01952552743e-05, 1.61231400853e-05, 1.1973893379e-05, 3.67910251953e-06, 3.51901098838e-06, 1.21294806377e-06, 9.60615807344e-07, 1.98578675281e-07, 7.64983099089e-08, 3.2664033256e-08, 3.13592991574e-08, 1.03151780451e-08, 4.39546976594e-09, 1.47542422724e-09, 5.46195866313e-10, 2.72580069627e-10, 1.65368885252e-10, 1.04013547775e-10, 8.5914782233e-11, 7.61758434109e-11, 6.52422976755e-11, 6.22198959022e-11, 5.87489987214e-11, 5.62900975831e-11, 5.46959075254e-11, 5.30878986604e-11, 5.3013989032e-11, 4.99114360952e-11, 4.98156169093e-11, 5.02514384271e-11], "min": [3.09532177028e-24, 6.99977738219e-24, 5.46209854573e-24, 3.78892101588e-24, 2.67480132096e-24, 6.38570478217e-24, 9.78693418973e-24, 3.72876642755e-24, 4.59865399736e-24, 1.20129986901e-23, 9.06523769084e-24, 1.3138225941e-23, 1.06839613357e-23, 1.07935924911e-23, 9.26487550898e-24, 8.49300666766e-24, 1.32494174633e-23, 2.02653806935e-23, 1.28309093981e-23, 1.90267381214e-23, 8.59408026e-24, 1.23133535354e-23, 1.17046960711e-23, 1.47172335947e-23, 9.68306093003e-24, 1.54172324744e-23, 1.15300059791e-23, 8.44951755481e-24, 8.80262431777e-24, 8.37793158311e-24, 1.13229970446e-23, 9.7828486791e-24, 7.61967453671e-24, 5.62686673971e-24, 1.10121677042e-23, 1.05976646858e-23, 9.40900197409e-24, 9.59374215404e-24, 7.32544756286e-24, 1.24283994321e-23], "var": [7.32170576612e-07, 2.85856767732e-05, 1.2311804312e-05, 2.61155810222e-06, 7.7197171322e-07, 8.35750029182e-07, 3.38721633852e-06, 1.99561341674e-07, 1.07628084223e-08, 7.81367148761e-09, 2.53743692724e-09, 1.20017284999e-09, 1.63382996021e-09, 1.17677173561e-10, 5.68321834038e-10, 2.01931207866e-10, 8.46823305922e-11, 2.5768707914e-12, 2.23442358366e-13, 5.38552966871e-14, 4.46649146705e-14, 6.07257655754e-15, 6.9284817514e-16, 6.96327720313e-17, 4.02139281097e-17, 2.57644377303e-17, 6.25630859833e-18, 6.55452812132e-20, 3.17818721032e-20, 1.2601229062e-20, 5.12323036555e-21, 3.47641474016e-21, 2.15641845751e-21, 1.61737175183e-21, 1.2170893397e-21, 9.43306895279e-22, 7.15677180949e-22, 5.92443577012e-22, 4.55056975397e-22, 3.96161781416e-22]}, "mfcc": {"mean": [-879.422363281, 255.014083862, 63.5992050171, -14.9619083405, 0.394644081593, 7.51293706894, -3.729159832, -7.23466968536, -7.74533367157, -9.21241760254, -5.90582227707, -2.23663020134, -3.81975531578], "cov": [[7437.97900391, 6268.84423828, -292.601348877, -1637.3840332, -11.4754486084, 220.032501221, -302.253112793, -269.888000488, -186.820327759, -110.294898987, 206.810699463, 341.799468994, 81.5669326782], [6268.84423828, 5488.77880859, 109.818077087, -1273.41296387, -80.490234375, 203.272033691, -211.307678223, -239.85899353, -149.044921875, -79.3655471802, 132.920730591, 237.784103394, 59.4946022034], [-292.601348877, 109.818077087, 671.785644531, 335.382110596, -88.8811798096, -6.01353216171, 82.898475647, 11.7916040421, 34.9826774597, 36.2702941895, -85.3447418213, -118.986625671, -16.6007499695], [-1637.3840332, -1273.41296387, 335.382110596, 602.340942383, 56.60597229, -85.0941314697, 75.6673355103, 98.8737869263, 75.9041519165, 45.6384849548, -76.0737838745, -130.29800415, -17.4072589874], [-11.4754486084, -80.490234375, -88.8811798096, 56.60597229, 109.281898499, 17.8310222626, -14.2857847214, 20.9395294189, 14.9291915894, -0.66061103344, 14.3843202591, 21.3491954803, 8.97978782654], [220.032501221, 203.272033691, -6.01353216171, -85.0941314697, 17.8310222626, 97.479637146, 46.0577812195, -14.6134366989, -18.1412677765, -7.6824426651, 14.5955572128, 33.6268043518, 8.30390644073], [-302.253112793, -211.307678223, 82.898475647, 75.6673355103, -14.2857847214, 46.0577812195, 101.616874695, 46.0857086182, -6.12658119202, -4.95340871811, -0.13933621347, -2.87230420113, -4.02551603317], [-269.888000488, -239.85899353, 11.7916040421, 98.8737869263, 20.9395294189, -14.6134366989, 46.0857086182, 76.1877212524, 37.703502655, 5.72208356857, 1.26612949371, -1.40471827984, -0.89206045866], [-186.820327759, -149.044921875, 34.9826774597, 75.9041519165, 14.9291915894, -18.1412677765, -6.12658119202, 37.703502655, 90.3052368164, 68.3601379395, -22.102930069, -45.6598358154, 16.5868682861], [-110.294898987, -79.3655471802, 36.2702941895, 45.6384849548, -0.66061103344, -7.6824426651, -4.95340871811, 5.72208356857, 68.3601379395, 89.2900772095, 2.2727959156, -45.533367157, 13.3170595169], [206.810699463, 132.920730591, -85.3447418213, -76.0737838745, 14.3843202591, 14.5955572128, -0.13933621347, 1.26612949371, -22.102930069, 2.2727959156, 86.3110122681, 87.0713043213, -6.88728237152], [341.799468994, 237.784103394, -118.986625671, -130.29800415, 21.3491954803, 33.6268043518, -2.87230420113, -1.40471827984, -45.6598358154, -45.533367157, 87.0713043213, 140.914016724, 13.0203075409], [81.5669326782, 59.4946022034, -16.6007499695, -17.4072589874, 8.97978782654, 8.30390644073, -4.02551603317, -0.89206045866, 16.5868682861, 13.3170595169, -6.88728237152, 13.0203075409, 48.1501426697]], "icov": [[252.415985107, -345.937133789, 314.961303711, -269.705474854, 217.49697876, -165.370620728, 118.421348572, -79.4219284058, 49.2922477722, -27.6551017761, 13.4112300873, -5.18344736099, 1.30624747276], [-345.937133789, 1506.16503906, -4153.61962891, 7404.12304688, -10051.2978516, 11210.0908203, -10622.4150391, 8657.05859375, -6060.59472656, 3591.09912109, -1737.90283203, 637.759399414, -143.225097656], [314.961303711, -4153.61962891, 13815.8212891, -25705.859375, 35446.1328125, -39818.71875, 37873.703125, -30930.4628906, 21677.8261719, -12851.1660156, 6219.54345703, -2281.58325195, 511.911987305], [-269.705474854, 7404.12304688, -25705.859375, 48237.4960938, -66716.21875, 75050.7578125, -71438.1328125, 58367.1757812, -40918.0078125, 24261.2441406, -11742.7685547, 4307.91210938, -966.529296875], [217.49697876, -10051.2978516, 35446.1328125, -66716.21875, 92373.625, -103967.804688, 98993.703125, -80898, 56722.4921875, -33636.9726562, 16283.0087891, -5974.39257812, 1340.65515137], [-165.370620728, 11210.0908203, -39818.71875, 75050.7578125, -103967.804688, 117050.179688, -111472.007812, 91110.328125, -63893.1914062, 37895.6992188, -18348.0410156, 6733.56298828, -1511.4720459], [118.421356201, -10622.4150391, 37873.703125, -71438.1328125, 98993.703125, -111472.007812, 106177.21875, -86796.9296875, 60879.2539062, -36115.5820312, 17490.4199219, -6420.73730469, 1441.86645508], [-79.4219360352, 8657.05859375, -30930.4628906, 58367.1757812, -80898, 91110.328125, -86796.9296875, 70966.9296875, -49786.6015625, 29542.5058594, -14311.5048828, 5255.74853516, -1180.91455078], [49.2922515869, -6060.59472656, 21677.8261719, -40918.0078125, 56722.4921875, -63893.1914062, 60879.2539062, -49786.6015625, 34936.53125, -20737.2050781, 10049.7460938, -3692.46533203, 830.281799316], [-27.6551036835, 3591.09912109, -12851.1660156, 24261.2441406, -33636.9726562, 37895.6992188, -36115.5820312, 29542.5058594, -20737.2050781, 12313.7695312, -5970.48779297, 2195.08056641, -494.101470947], [13.411231041, -1737.90283203, 6219.54345703, -11742.7685547, 16283.0087891, -18348.0410156, 17490.4199219, -14311.5048828, 10049.7460938, -5970.48779297, 2896.73486328, -1065.91162109, 240.288925171], [-5.18344783783, 637.759399414, -2281.58325195, 4307.91210938, -5974.39257812, 6733.56298828, -6420.73730469, 5255.74853516, -3692.46533203, 2195.08056641, -1065.91162109, 392.696380615, -88.7176589966], [1.30624759197, -143.225097656, 511.911987305, -966.529296875, 1340.65515137, -1511.4720459, 1441.86645508, -1180.91455078, 830.281799316, -494.101470947, 240.288925171, -88.7176589966, 20.1552009583]]}, "spectral_contrast_coeffs": {"dmean": [0.0365347787738, 0.0263122078031, 0.0223516151309, 0.0182884540409, 0.0135428532958, 0.0159850884229], "dmean2": [0.0605045594275, 0.0427689030766, 0.0359359271824, 0.0287804994732, 0.0228684376925, 0.0280209556222], "dvar": [0.00103051145561, 0.000608446309343, 0.000585700036027, 0.000346575892763, 0.000197306115297, 0.000209233010537], "dvar2": [0.0028624786064, 0.00167865201365, 0.00152645038906, 0.000764375145081, 0.000436721515143, 0.00064195325831], "max": [-0.312099486589, -0.481607079506, -0.556013643742, -0.530582308769, -0.659179985523, -0.835859537125], "mean": [-0.525423526764, -0.662782371044, -0.724237143993, -0.729551613331, -0.815555512905, -0.899697601795], "median": [-0.515035092831, -0.648183584213, -0.711206376553, -0.723737716675, -0.807261943817, -0.895498275757], "min": [-0.968329429626, -0.96668022871, -0.956601321697, -0.965657949448, -0.962533652782, -0.96030831337], "var": [0.00860493071377, 0.00831218622625, 0.00573896989226, 0.00962130259722, 0.00426525715739, 0.000277743150946]}, "spectral_contrast_valleys": {"dmean": [0.356041640043, 0.224326789379, 0.225002393126, 0.22727432847, 0.189880460501, 0.397676974535], "dmean2": [0.570209622383, 0.357594847679, 0.354128956795, 0.361599773169, 0.31144464016, 0.700033545494], "dvar": [0.198591664433, 0.196693643928, 0.197000801563, 0.176297843456, 0.166343763471, 0.261144042015], "dvar2": [0.332253903151, 0.262483179569, 0.270702660084, 0.236518323421, 0.191954061389, 0.556163489819], "max": [-5.7683596611, -5.19377708435, -6.52708530426, -8.05737113953, -10.634188652, -12.5068054199], "mean": [-8.19378471375, -7.32887506485, -8.92090892792, -10.7846050262, -12.389424324, -13.9919033051], "media