{"lowlevel": {"average_loudness": 0.582383096218, "barkbands_crest": {"dmean": 1.64671528339, "dmean2": 2.4056622982, "dvar": 3.97575831413, "dvar2": 9.1310043335, "max": 26.7566890717, "mean": 17.728635788, "median": 18.0834960938, "min": 4.5561299324, "var": 27.4163455963}, "barkbands_flatness_db": {"dmean": 0.0242290645838, "dmean2": 0.0364850051701, "dvar": 0.00114082545042, "dvar2": 0.00267860572785, "max": 0.694999277592, "mean": 0.369406938553, "median": 0.359134972095, "min": 0.0254259668291, "var": 0.0072746318765}, "barkbands_kurtosis": {"dmean": 8.89832115173, "dmean2": 12.9239330292, "dvar": 403.33416748, "dvar2": 864.986450195, "max": 565.83001709, "mean": 24.4630241394, "median": 8.13223648071, "min": -1.9026632309, "var": 1827.06884766}, "barkbands_skewness": {"dmean": 0.742184042931, "dmean2": 1.04750454426, "dvar": 1.04133403301, "dvar2": 1.99352264404, "max": 18.9582614899, "mean": 2.49506020546, "median": 1.96255409718, "min": -5.7331533432, "var": 6.94881916046}, "barkbands_spread": {"dmean": 0.957251787186, "dmean2": 1.36899971962, "dvar": 2.95175409317, "dvar2": 6.5350151062, "max": 69.4681854248, "mean": 4.08848619461, "median": 3.26364350319, "min": 0.0693430006504, "var": 13.6525287628}, "dissonance": {"dmean": 0.0489930585027, "dmean2": 0.0827870219946, "dvar": 0.00282070133835, "dvar2": 0.00745246326551, "max": 0.499726384878, "mean": 0.323146432638, "median": 0.336343407631, "min": 0.0408911146224, "var": 0.0088252518326}, "dynamic_complexity": 3.43722462654, "erbbands_crest": {"dmean": 2.10804009438, "dmean2": 3.0614259243, "dvar": 6.83616018295, "dvar2": 14.4397106171, "max": 33.8631706238, "mean": 20.1578578949, "median": 20.0331306458, "min": 2.46552443504, "var": 43.9353866577}, "erbbands_flatness_db": {"dmean": 0.0205807518214, "dmean2": 0.0301675219089, "dvar": 0.000904297805391, "dvar2": 0.00208196928725, "max": 0.634876430035, "mean": 0.394954949617, "median": 0.389794766903, "min": 0.0628922134638, "var": 0.00712402584031}, "erbbands_kurtosis": {"dmean": 4.26541471481, "dmean2": 6.01883888245, "dvar": 66.5709762573, "dvar2": 113.029067993, "max": 253.139282227, "mean": 12.439157486, "median": 4.1797170639, "min": -1.93076920509, "var": 455.879669189}, "erbbands_skewness": {"dmean": 0.521989643574, "dmean2": 0.724682450294, "dvar": 0.401887714863, "dvar2": 0.743497729301, "max": 12.8137397766, "mean": 1.96403384209, "median": 1.55104970932, "min": -3.07242465019, "var": 3.47236609459}, "erbbands_spread": {"dmean": 2.3032207489, "dmean2": 3.38163566589, "dvar": 14.3615627289, "dvar2": 32.3816719055, "max": 64.4914550781, "mean": 9.56016731262, "median": 7.99701499939, "min": 0.287502706051, "var": 62.7243499756}, "hfc": {"dmean": 3.01458239555, "dmean2": 3.75741910934, "dvar": 36.2260284424, "dvar2": 62.7697906494, "max": 130.2527771, "mean": 11.8058576584, "median": 8.28449821472, "min": 1.06323804087e-16, "var": 147.835922241}, "melbands_crest": {"dmean": 1.7026617527, "dmean2": 2.47832131386, "dvar": 4.83760547638, "dvar2": 10.4714365005, "max": 31.1702651978, "mean": 19.6571331024, "median": 19.4175643921, "min": 1.96464765072, "var": 34.2154769897}, "melbands_flatness_db": {"dmean": 0.0237346533686, "dmean2": 0.0350091159344, "dvar": 0.00113503879402, "dvar2": 0.00262892316096, "max": 0.779408693314, "mean": 0.437023580074, "median": 0.421674966812, "min": 0.00437704054639, "var": 0.00861383602023}, "melbands_kurtosis": {"dmean": 9.25062465668, "dmean2": 13.545165062, "dvar": 424.078552246, "dvar2": 824.641479492, "max": 464.710205078, "mean": 23.2291622162, "median": 10.399892807, "min": -1.82429778576, "var": 1275.8894043}, "melbands_skewness": {"dmean": 0.703980922699, "dmean2": 0.99045163393, "dvar": 0.99510037899, "dvar2": 1.97636556625, "max": 13.6077299118, "mean": 2.25450706482, "median": 1.81225538254, "min": -4.78350639343, "var": 5.39583683014}, "melbands_spread": {"dmean": 1.39074683189, "dmean2": 1.92897248268, "dvar": 7.14369249344, "dvar2": 12.5112266541, "max": 159.360305786, "mean": 6.27169942856, "median": 4.57987308502, "min": 0.267214357853, "var": 56.2243804932}, "pitch_salience": {"dmean": 0.0507741309702, "dmean2": 0.0774702131748, "dvar": 0.00426040496677, "dvar2": 0.0104245645925, "max": 0.804753243923, "mean": 0.3538210392, "median": 0.363692432642, "min": 0.0523818656802, "var": 0.019728275016}, "silence_rate_20dB": {"dmean": 0, "dmean2": 0, "dvar": 0, "dvar2": 0, "max": 1, "mean": 1, "median": 1, "min": 1, "var": 0}, "silence_rate_30dB": {"dmean": 0.00657462188974, "dmean2": 0.0131521262228, "dvar": 0.00653169071302, "dvar2": 0.0142952175811, "max": 1, "mean": 0.99057841301, "median": 1, "min": 0, "var": 0.00933256559074}, "silence_rate_60dB": {"dmean": 0.0149024762213, "dmean2": 0.0298114866018, "dvar": 0.0146796694025, "dvar2": 0.0324286371469, "max": 1, "mean": 0.0644171759486, "median": 0, "min": 0, "var": 0.0602684468031}, "spectral_centroid": {"dmean": 50.5259780884, "dmean2": 70.7992935181, "dvar": 18390.5351562, "dvar2": 32259.7988281, "max": 11225.0273438, "mean": 656.950561523, "median": 618.713134766, "min": 225.297103882, "var": 169876.140625}, "spectral_complexity": {"dmean": 0.852947592735, "dmean2": 1.40640068054, "dvar": 0.927113711834, "dvar2": 2.01063418388, "max": 16, "mean": 6.00131464005, "median": 6, "min": 0, "var": 8.9417181015}, "spectral_decrease": {"dmean": 1.23018861764e-09, "dmean2": 1.57414348223e-09, "dvar": 6.53938179807e-18, "dvar2": 1.11947910951e-17, "max": 1.26998203871e-28, "mean": -4.99662444753e-09, "median": -3.53445805956e-09, "min": -6.18162161459e-08, "var": 2.80030515113e-17}, "spectral_energy": {"dmean": 0.00490976497531, "dmean2": 0.00627163238823, "dvar": 0.000102938312921, "dvar2": 0.000176051427843, "max": 0.241656899452, "mean": 0.0199292358011, "median": 0.0141080413014, "min": 1.02284840931e-20, "var": 0.000440092699137}, "spectral_energyband_high": {"dmean": 1.08888270915e-05, "dmean2": 1.63340100698e-05, "dvar": 1.56756174707e-09, "dvar2": 3.86371112882e-09, "max": 0.000705536687747, "mean": 1.25031019707e-05, "median": 2.19676485358e-06, "min": 7.17233445743e-21, "var": 1.53263890468e-09}, "spectral_energyband_low": {"dmean": 0.000227740296395, "dmean2": 0.000338485318935, "dvar": 7.58863052397e-07, "dvar2": 1.8477347794e-06, "max": 0.0196959078312, "mean": 0.000666037027258, "median": 7.24489018467e-06, "min": 3.30238821269e-23, "var": 3.0945270737e-06}, "spectral_energyband_middle_high": {"dmean": 0.00070547190262, "dmean2": 0.000866853806656, "dvar": 4.70221903015e-06, "dvar2": 8.35060018289e-06, "max": 0.0655014812946, "mean": 0.00206476892345, "median": 0.000676960218698, "min": 1.44738462134e-21, "var": 1.58214934345e-05}, "spectral_energyband_middle_low": {"dmean": 0.00450251111761, "dmean2": 0.00579506345093, "dvar": 9.59993485594e-05, "dvar2": 0.000164593293448, "max": 0.240904927254, "mean": 0.0174132045358, "median": 0.0114083848894, "min": 2.18937906037e-22, "var": 0.000405033089919}, "spectral_entropy": {"dmean": 0.216546878219, "dmean2": 0.329949110746, "dvar": 0.114213712513, "dvar2": 0.275322377682, "max": 9.80729866028, "mean": 5.20048284531, "median": 5.32721424103, "min": 2.60160040855, "var": 0.59180110693}, "spectral_flux": {"dmean": 0.0168694276363, "dmean2": 0.0276230890304, "dvar": 0.000867506605573, "dvar2": 0.0021508038044, "max": 0.3211761415, "mean": 0.0320795029402, "median": 0.0213918816298, "min": 6.68882102484e-11, "var": 0.00106443173718}, "spectral_kurtosis": {"dmean": 18.4476852417, "dmean2": 31.2824802399, "dvar": 417.954711914, "dvar2": 1128.65905762, "max": 267.529998779, "mean": 49.5442199707, "median": 36.8091964722, "min": -1.21960949898, "var": 1887.81420898}, "spectral_rms": {"dmean": 0.00048216219875, "dmean2": 0.000607652531471, "dvar": 5.48938544398e-07, "dvar2": 9.61826685852e-07, "max": 0.0153545700014, "mean": 0.00398168200627, "median": 0.00370997865684, "min": 3.15895703693e-12, "var": 3.58942656931e-06}, "spectral_rolloff": {"dmean": 81.503036499, "dmean2": 147.961868286, "dvar": 98554.4921875, "dvar2": 191464.59375, "max": 19745.9472656, "mean": 777.334533691, "median": 667.529296875, "min": 193.798828125, "var": 623842.3125}, "spectral_skewness": {"dmean": 1.06028103828, "dmean2": 1.78601849079, "dvar": 0.922001898289, "dvar2": 2.35395312309, "max": 13.8854522705, "mean": 4.83862876892, "median": 4.29347133636, "min": -0.00713560683653, "var": 5.83885145187}, "spectral_spread": {"dmean": 434319.875, "dmean2": 728225.4375, "dvar": 441103417344, "dvar2": 992599736320, "max": 41079280, "mean": 1756369.375, "median": 1544706.625, "min": 308393.6875, "var": 2261991817220.0}, "spectral_strongpeak": {"dmean": 0.426276028156, "dmean2": 0.620587289333, "dvar": 0.637976586819, "dvar2": 1.26271390915, "max": 12.7005290985, "mean": 2.08846616745, "median": 1.68294882774, "min": 0, "var": 2.48171234131}, "zerocrossingrate": {"dmean": 0.00233418331482, "dmean2": 0.0028128081467, "dvar": 3.90015229641e-05, "dvar2": 5.85492489336e-05, "max": 0.52001953125, "mean": 0.0298602599651, "median": 0.0283203125, "min": 0.00830078125, "var": 0.000443013443146}, "barkbands": {"dmean": [7.34453851692e-06, 1.66103000083e-05, 0.000100178287539, 0.000252127734711, 0.000226199219469, 0.00165186508093, 0.000896992860362, 0.000645680062007, 0.00180981052108, 5.57280181965e-05, 0.000266823597485, 0.000225478142966, 0.000100022618426, 0.000103940161353, 9.87153398455e-05, 4.16510411014e-05, 2.39719411184e-05, 7.76473461883e-06, 1.01902105598e-05, 6.74907141729e-06, 3.41097052114e-06, 1.75945285719e-06, 2.08570850191e-06, 9.76642354544e-07, 4.73663504863e-07, 2.0519779298e-07, 1.42563365557e-07], "dmean2": [1.38406976475e-05, 2.43632530328e-05, 0.000145929850987, 0.000396237854147, 0.000329739326844, 0.00231923395768, 0.00113910273649, 0.000819613982458, 0.00214008591138, 9.05870911083e-05, 0.0003091119288, 0.000278524094028, 0.000143169600051, 0.000125229751575, 0.000122313387692, 6.2455990701e-05, 3.50367663486e-05, 1.16127057481e-05, 1.67399775819e-05, 1.07238774945e-05, 5.4539791563e-06, 2.61056356976e-06, 3.26947679241e-06, 1.51201550125e-06, 7.69717360072e-07, 3.69893626839e-07, 2.59543043057e-07], "dvar": [1.36502487091e-09, 8.58950688354e-09, 2.32114160781e-07, 1.06481934381e-06, 4.26824215083e-07, 4.67006393592e-05, 6.99951033312e-06, 3.92163065044e-06, 3.00091032841e-05, 7.28825071405e-08, 1.48514118337e-06, 1.95179791262e-06, 9.65842019696e-08, 7.18189596682e-08, 2.30828717918e-07, 3.95094417627e-07, 1.24287993231e-07, 4.19329571066e-10, 3.13812820174e-09, 1.26114696464e-09, 2.42879188983e-10, 3.43093921329e-11, 1.46661946476e-10, 2.80918083934e-11, 5.32277130358e-12, 5.68795770033e-13, 3.89443577213e-13], "dvar2": [4.80377204681e-09, 2.03137151544e-08, 5.36052311872e-07, 2.49598679147e-06, 9.09147217953e-07, 8.0603211245e-05, 1.38737404995e-05, 5.66942844671e-06, 4.82293617097e-05, 1.98916453087e-07, 2.28593216889e-06, 3.52641723111e-06, 1.99817179691e-07, 1.17911838515e-07, 4.0748432184e-07, 8.85491601821e-07, 3.25862373529e-07, 9.26589971417e-10, 7.81010456308e-09, 2.70826738813e-09, 6.50219655896e-10, 7.27886431684e-11, 3.76433384464e-10, 6.40247507788e-11, 1.33661684151e-11, 1.56125633255e-12, 1.08758900323e-12], "max": [0.000572141201701, 0.00520954653621, 0.0155250085518, 0.0187156535685, 0.016522705555, 0.226877942681, 0.0414261445403, 0.0645928308368, 0.147229641676, 0.00455233221874, 0.0431566685438, 0.0570100098848, 0.0134720923379, 0.0104210963473, 0.0152321066707, 0.0264761447906, 0.0201400388032, 0.000534409657121, 0.000821824243758, 0.000992777291685, 0.000383344420698, 0.000101292440377, 0.000312620948534, 0.000102623569546, 4.09444837715e-05, 1.2860948118e-05, 7.41305439078e-06], "mean": [7.03697469362e-06, 6.33867530269e-05, 0.000371830683434, 0.000514483894221, 0.00115892291069, 0.0044474825263, 0.00294595398009, 0.00198927591555, 0.00627806968987, 9.58185701165e-05, 0.000575254030991, 0.000444600387709, 0.000247374875471, 0.000376089999918, 0.000270386517514, 5.97508224018e-05, 3.85364401154e-05, 1.54009412654e-05, 1.169632651e-05, 8.03900275059e-06, 4.04301908929e-06, 2.28276417147e-06, 1.93822643269e-06, 9.2480127023e-07, 4.09468412954e-07, 1.51281739136e-07, 9.74380824914e-08], "median": [3.34899169729e-07, 5.64943547943e-07, 1.85750172932e-06, 1.67970620168e-06, 6.92577959853e-05, 0.000332290219376, 0.000370793102775, 0.000442806864157, 0.000992554239929, 5.70799966226e-06, 4.44462857558e-05, 3.68738583347e-05, 4.86572098453e-05, 3.30231559929e-05, 2.00769900403e-05, 7.12586552254e-06, 5.39052325621e-06, 4.09590938943e-06, 2.75408228845e-06, 1.45893795889e-06, 7.96844915385e-07, 2.84170567966e-07, 8.98305501096e-08, 4.62850060501e-08, 2.04944896609e-08, 9.09698272267e-09, 3.51677575949e-09], "min": [1.23300679203e-23, 9.06860928235e-24, 6.19646415076e-24, 1.40710192515e-23, 1.53281558787e-23, 2.3216015513e-23, 1.76048794486e-23, 2.43954446079e-23, 2.597070675e-23, 2.18219405213e-23, 2.53428570887e-23, 4.83772641996e-23, 6.7506450109e-23, 7.93398370039e-23, 4.1136789578e-23, 1.31881804e-22, 1.53205055056e-22, 1.75360043185e-22, 2.26654783225e-22, 1.90687711548e-22, 3.45712876972e-22, 3.98622749762e-22, 4.36107602442e-22, 6.84143494938e-22, 1.16546335381e-21, 1.53732122688e-21, 1.95226620297e-21], "var": [1.37669176059e-09, 9.33815016424e-08, 1.43867066527e-06, 2.91026071864e-06, 4.14433861806e-06, 0.00017554758233, 2.88030078082e-05, 2.16833905142e-05, 0.000142065429827, 9.06311754534e-08, 3.86149577025e-06, 4.49434173788e-06, 3.9047498035e-07, 1.25239307636e-06, 1.00599277175e-06, 4.53928805655e-07, 1.15605374162e-07, 1.04010755564e-09, 2.62816834962e-09, 1.37363098673e-09, 2.22113522019e-10, 5.02669884883e-11, 1.20569443318e-10, 3.00649886931e-11, 4.90114069121e-12, 3.72923751341e-13, 2.38979246548e-13]}, "erbbands": {"dmean": [0.000201769187697, 0.00587674695998, 0.0863633677363, 0.507736027241, 0.600844800472, 1.00932705402, 4.89069795609, 15.2012882233, 6.65616941452, 23.8407802582, 20.5910243988, 30.6001834869, 18.0040130615, 4.45520162582, 10.0327129364, 6.4676232338, 4.40922641754, 6.87453651428, 1.95831513405, 5.30305290222, 2.82930254936, 1.67309904099, 0.442821025848, 0.289139121771, 0.684709370136, 0.36031845212, 0.165389239788, 0.111636839807, 0.0582579039037, 0.0439530387521, 0.0507839955389, 0.0220075789839, 0.0227496996522, 0.00818918738514, 0.00253163231537, 0.00077281484846, 0.000340391270583, 0.00012528008665, 2.59653534158e-05, 7.07835033609e-06], "dmean2": [0.000336783879902, 0.00859588477761, 0.127492979169, 0.774971783161, 0.984655559063, 1.34970021248, 8.098985672, 20.4121265411, 8.40346240997, 30.6506290436, 23.911195755, 36.0876846313, 21.4644412994, 5.17539358139, 11.5215806961, 8.15224075317, 5.90806055069, 8.81869411469, 2.41626429558, 6.72956132889, 4.24932813644, 2.43915343285, 0.658682405949, 0.44743424654, 1.12211680412, 0.565173149109, 0.264986842871, 0.168988451362, 0.087702460587, 0.0731441825628, 0.0773155391216, 0.0338772721589, 0.0343228392303, 0.012733864598, 0.00437210779637, 0.00136735441629, 0.000607577618212, 0.000229316181503, 4.59217626485e-05, 9.85171118373e-06], "dvar": [1.15930822631e-06, 0.00105148751754, 0.171585530043, 4.17766523361, 4.92790937424, 10.5238208771, 254.623855591, 5453.04736328, 767.802734375, 5143.55175781, 7049.59521484, 7938.82275391, 6056.12695312, 376.175445557, 1493.23498535, 1949.23388672, 497.314117432, 358.69317627, 47.8311462402, 931.410888672, 1835.11364746, 573.569824219, 2.33163142204, 0.481492489576, 17.496887207, 2.81615900993, 0.715706408024, 0.160616070032, 0.046762291342, 0.0687154904008, 0.0787780508399, 0.0153407696635, 0.0206760559231, 0.0017979927361, 0.00010869482503, 1.04632727016e-05, 1.27839723518e-06, 2.97896292523e-07, 1.1282209833e-08, 2.67428967859e-10], "dvar2": [3.23899439536e-06, 0.00261425017379, 0.407738387585, 9.89603328705, 13.1605825424, 18.8270626068, 663.547607422, 8482.1953125, 1331.65820312, 10695.5048828, 9705.21191406, 12795.9697266, 10500.78125, 503.91116333, 2354.29711914, 3653.87915039, 966.648925781, 645.817626953, 97.9451141357, 1649.1282959, 4092.1328125, 1490.21899414, 5.5378780365, 1.18048477173, 42.7019424438, 6.63531351089, 1.91638147831, 0.386860340834, 0.104893296957, 0.178123235703, 0.193888753653, 0.0377298332751, 0.0481966361403, 0.00442105811089, 0.000294710509479, 2.90822135867e-05, 3.50820278072e-06, 8.18311718831e-07, 3.15511208271e-08, 6.0475324748e-10], "max": [0.0473178774118, 1.66751658916, 14.3799114227, 37.5621528625, 33.5231399536, 97.3974685669, 316.020965576, 2539.54858398, 989.512451172, 1110.99829102, 3296.14526367, 2393.296875, 2386.34692383, 846.187011719, 1275.40649414, 2048.13500977, 998.042053223, 678.025817871, 264.102966309, 1088.54589844, 1807.08898926, 1361.4387207, 70.4314193726, 11.9707117081, 59.419216156, 24.1973552704, 22.9850387573, 11.0752067566, 4.57410621643, 9.75932693481, 7.68116283417, 3.56464362144, 2.99695181847, 0.767958700657, 0.154901340604, 0.0609886944294, 0.0136606162414, 0.012922453694, 0.00130058010109, 0.000273137906333], "mean": [0.000548220414203, 0.0240355599672, 0.315857887268, 1.16671717167, 1.85744643211, 5.7905755043, 14.6422815323, 41.0291481018, 18.7773895264, 81.4875793457, 68.6111373901, 111.226142883, 59.3942871094, 10.6402168274, 22.0211982727, 13.1526021957, 11.5220060349, 23.4068336487, 6.52421283722, 13.4863843918, 4.30623579025, 2.73171138763, 0.918138325214, 0.578883945942, 0.707142531872, 0.387856215239, 0.189595207572, 0.136555686593, 0.0770851001143, 0.0491181574762, 0.0492338687181, 0.0213984623551, 0.0216130875051, 0.00743310665712, 0.00208735419437, 0.000593680888414, 0.000263862195425, 8.87994901859e-05, 2.65258895524e-05, 2.39719211095e-05], "median": [3.38074823958e-05, 0.000255882216152, 0.00295807607472, 0.0125986952335, 0.062566369772, 0.401874154806, 1.16116452217, 3.21785831451, 6.37421989441, 14.8912382126, 19.0873069763, 16.6673374176, 4.00464630127, 1.97437405586, 3.70357894897, 2.3346221447, 2.79657840729, 2.45941853523, 0.889468789101, 1.38981473446, 0.605877459049, 0.441244423389, 0.309891432524, 0.241420060396, 0.124195471406, 0.0694961249828, 0.041732929647, 0.020515859127, 0.0102050350979, 0.00482184626162, 0.00279008038342, 0.00099193979986, 0.000769797712564, 0.000270142627414, 0.000135734968353, 5.72579265281e-05, 2.18321074499e-05, 6.18123885943e-06, 9.16008684726e-06, 1.67002435774e-05], "min": [2.62916106331e-22, 2.33921951638e-21, 7.86633899136e-21, 2.38396974518e-20, 4.49049406562e-20, 3.41967645092e-20, 1.65574287522e-19, 2.3398641518e-19, 1.37285847946e-19, 4.10721049376e-19, 4.4791220124e-19, 6.25485441481e-19, 9.02517017419e-19, 6.02437294484e-19, 1.42467002281e-18, 2.36184611469e-18, 2.67215651084e-18, 3.4161595633e-18, 3.0109885081e-18, 5.21962050741e-18, 6.1343027667e-18, 9.73504396138e-18, 9.42438801053e-18, 9.26564956944e-18, 1.01217285639e-17, 1.04106561344e-17, 1.80899900103e-17, 1.38860960099e-17, 1.54603282491e-17, 1.18622348595e-17, 1.24354081583e-17, 1.31777134225e-17, 1.33060149258e-17, 1.11700451598e-17, 8.30462617069e-18, 5.30377248626e-18, 2.75025662953e-18, 1.08405958723e-18, 2.7579504432e-19, 2.92085099864e-20], "var": [3.64949892173e-06, 0.00894647929817, 0.909652113914, 11.8791675568, 22.739610672, 122.85433197, 1406.34033203, 20506.9980469, 2423.58349609, 19635.1308594, 40134.625, 39265.0351562, 28219.2226562, 1289.17871094, 3686.80859375, 4312.8515625, 1326.40527344, 5224.12304688, 368.816680908, 2469.34936523, 2120.734375, 544.823303223, 4.07746934891, 0.954626619816, 14.7058105469, 2.64057135582, 0.622384130955, 0.195550352335, 0.0699706822634, 0.0555761829019, 0.0732078030705, 0.0142636382952, 0.0213634539396, 0.00174364785198, 7.95793312136e-05, 6.72793248668e-06, 8.55154212331e-07, 1.9105620197e-07, 7.14093006948e-09, 6.73765210291e-10]}, "gfcc": {"mean": [-190.645324707, 141.242034912, -160.545501709, -46.5724143982, -72.9457321167, -29.988073349, -25.9425315857, -8.31932258606, -4.10242986679, -0.0227716900408, -3.20204234123, -11.5030164719, -7.54904699326], "cov": [[8931.02148438, 753.156616211, -49.021030426, 1192.81774902, 424.909790039, 5.48593473434, -757.79083252, -423.499053955, -451.563537598, -363.663330078, -255.453216553, 66.4140777588, 201.211624146], [753.156616211, 2066.14941406, 1204.84448242, 212.232543945, 633.571411133, 5.24976873398, -82.8212127686, -437.684753418, -337.883087158, -338.014678955, -176.410415649, -255.169540405, -8.9452829361], [-49.021030426, 1204.84448242, 2959.53857422, 740.000793457, -108.397781372, 187.471984863, -105.982154846, -430.251220703, -802.092285156, -436.421417236, -359.752685547, -206.49961853, -166.810501099], [1192.81774902, 212.232543945, 740.000793457, 1102.32299805, 100.15423584, -95.6326217651, -398.298095703, -353.681152344, -423.376495361, -310.098754883, -17.9114322662, 258.774291992, 109.690704346], [424.909790039, 633.571411133, -108.397781372, 100.15423584, 698.522338867, 152.295883179, -57.8049316406, -55.7676849365, 17.289560318, -79.4645309448, -112.313400269, -79.7953338623, 0.418195217848], [5.48593473434, 5.24976873398, 187.471984863, -95.6326217651, 152.295883179, 465.015899658, 277.796783447, 195.969802856, 29.834936142, 6.57421541214, -183.523742676, -212.937301636, -127.580085754], [-757.79083252, -82.8212127686, -105.982154846, -398.298095703, -57.8049316406, 277.796783447, 565.063232422, 357.125396729, 242.466583252, 107.032905579, -85.3020401001, -221.444824219, -145.529586792], [-423.499053955, -437.684753418, -430.251220703, -353.681152344, -55.7676849365, 195.969802856, 357.125396729, 502.22064209, 362.723297119, 180.436630249, -54.8015861511, -139.309860229, -115.1512146], [-451.563537598, -337.883087158, -802.092285156, -423.376495361, 17.289560318, 29.834936142, 242.466583252, 362.723297119, 550.702758789, 253.009094238, 25.0796298981, -63.6834945679, -77.3000488281], [-363.663330078, -338.014678955, -436.421417236, -310.098754883, -79.4645309448, 6.57421541214, 107.032905579, 180.436630249, 253.009094238, 301.158630371, 87.4813232422, -21.9328346252, -63.6137428284], [-255.453216553, -176.410415649, -359.752685547, -17.9114322662, -112.313400269, -183.523742676, -85.3020401001, -54.8015861511, 25.0796298981, 87.4813232422, 353.604736328, 179.902786255, 64.6787643433], [66.4140777588, -255.169540405, -206.49961853, 258.774291992, -79.7953338623, -212.937301636, -221.444824219, -139.309860229, -63.6834945679, -21.9328346252, 179.902786255, 370.691925049, 115.495315552], [201.211624146, -8.9452829361, -166.810501099, 109.690704346, 0.418195217848, -127.580085754, -145.529586792, -115.1512146, -77.3000488281, -63.6137428284, 64.6787643433, 115.495315552, 270.219909668]], "icov": [[0.000206324039027, -0.000353536044713, 0.000330799084622, -0.000345897249645, 0.000410616252339, -0.000327770540025, 0.000443754775915, -0.000288853625534, 0.000249835080467, -0.000166391415405, 0.000287290400593, 7.32763146516e-05, 7.20039897715e-05], [-0.000353536044713, 0.0029248429928, -0.00170207559131, 0.0011034613708, -0.00315951509401, 0.00207853363827, -0.00193736201618, 0.00233432417735, -0.0013496534666, 0.00143960292917, -0.00129886402283, 0.00121835432947, -0.000458004418761], [0.000330799084622, -0.00170207559131, 0.0020024466794, -0.00123443896882, 0.00217515346594, -0.0011856261408, 0.000974650029093, -0.00105072476435, 0.00188598968089, -0.000777097593527, 0.00137989444192, 2.93743887596e-05, 0.000962313381024], [-0.000345897249645, 0.0011034613708, -0.00123443896882, 0.00286199501716, -0.00150064157788, 0.000432859320426, -3.28301211994e-05, 0.000546747760382, -0.000457471527625, 0.00168586836662, -0.000642868690193, -0.001354279113, -0.000208996236324], [0.000410616252339, -0.00315951509401, 0.00217515346594, -0.00150064157788, 0.00554662570357, -0.00349220237695, 0.00276497215964, -0.00156486476772, 0.000538317195605, -0.000800434034318, 0.00162094726693, -0.00065482762875, 0.000563901790883], [-0.000327770540025, 0.00207853363827, -0.0011856261408, 0.000432859320426, -0.00349220237695, 0.00672395713627, -0.00347319804132, 2.87365619442e-05, 0.00106814922765, 2.83856134047e-05, 0.000235805389821, 0.00154365797061, 0.000323014886817], [0.000443754775915, -0.00193736201618, 0.000974650029093, -3.28301211994e-05, 0.00276497215964, -0.00347319804132, 0.00658278213814, -0.00341203063726, -6.39163918095e-05, 0.000385112391086, 0.000214274827158, 0.000111030996777, 0.000641189515591], [-0.000288853625534, 0.00233432417735, -0.00105072476435, 0.000546747760382, -0.00156486476772, 2.87365619442e-05, -0.00341203063726, 0.00845837965608, -0.00412990292534, 0.000707805680577, -0.000513944483828, 0.00114906148519, -0.000178250003955], [0.000249835080467, -0.0013496534666, 0.00188598968089, -0.000457471527625, 0.000538317195605, 0.00106814922765, -6.39163918095e-05, -0.00412990292534, 0.00771564245224, -0.00313703971915, 0.00176760356408, -0.000524730014149, 0.00109822803643], [-0.000166391415405, 0.00143960292917, -0.000777097593527, 0.00168586836662, -0.000800434034318, 2.83856134047e-05, 0.000385112391086, 0.000707805680577, -0.00313703971915, 0.00812723860145, -0.00238662306219, 0.000580094638281, 0.000870357267559], [0.000287290400593, -0.00129886402283, 0.00137989444192, -0.000642868690193, 0.00162094726693, 0.000235805389821, 0.000214274827158, -0.000513944483828, 0.00176760356408, -0.00238662306219, 0.00583175336942, -0.00206788117066, 0.000292853073915], [7.32763146516e-05, 0.00121835432947, 2.93743887596e-05, -0.001354279113, -0.00065482762875, 0.00154365797061, 0.000111030996777, 0.00114906148519, -0.000524730014149, 0.000580094638281, -0.00206788117066, 0.00687049049884, -0.000622185412794], [7.20039897715e-05, -0.000458004418761, 0.000962313381024, -0.000208996236324, 0.000563901790883, 0.000323014886817, 0.000641189515591, -0.000178250003955, 0.00109822803643, 0.000870357267559, 0.000292853073915, -0.000622185412794, 0.00544668454677]]}, "melbands": {"dmean": [3.08931566906e-06, 3.06612782879e-05, 9.38144585234e-05, 4.79325171909e-05, 0.000140322183142, 0.000329335976858, 0.00013272734941, 0.000231243553571, 0.000206074968446, 0.000202162424102, 8.80443112692e-05, 1.41385680763e-05, 4.07784136769e-05, 2.22148755711e-05, 1.59634910233e-05, 1.23476038425e-05, 1.1628941138e-05, 2.07695234167e-06, 8.51273034641e-06, 4.10695474784e-06, 3.04924787997e-06, 2.08343635677e-06, 3.20390654451e-07, 5.16407624218e-07, 1.79337746431e-07, 4.70230190786e-07, 4.01015057605e-07, 2.11372110925e-07, 1.17744633599e-07, 6.26067304665e-08, 6.55551914974e-08, 4.23323953669e-08, 1.76066343727e-08, 3.05893870234e-08, 2.43975524228e-08, 3.52981253116e-08, 7.57286322539e-09, 1.80938801719e-08, 6.679235387e-09, 8.23457302346e-09], "dmean2": [4.83866278955e-06, 4.52035565104e-05, 0.000146270031109, 7.01497046975e-05, 0.00023012177553, 0.000449018756626, 0.000166925223311, 0.000297863472952, 0.000239849556237, 0.000239245957346, 0.000105288439954, 1.69058712345e-05, 4.69006954518e-05, 2.64595746557e-05, 2.14002666326e-05, 1.65462988662e-05, 1.49059742398e-05, 2.70218356491e-06, 1.03797419797e-05, 5.5208415688e-06, 4.62922162114e-06, 3.03544152302e-06, 4.76731258914e-07, 7.74734701281e-07, 2.78088577943e-07, 7.75607361447e-07, 6.54374218811e-07, 3.28614277123e-07, 1.9361883119e-07, 1.0030030495e-07, 9.79169740845e-08, 6.30085210673e-08, 2.92681754388e-08, 5.19840739344e-08, 3.8199267749e-08, 5.34921795747e-08, 1.23684236186e-08, 2.74693530145e-08, 1.05315898224e-08, 1.27189370147e-08], "dvar": [2.36972247381e-10, 2.36870203452e-08, 1.28171592451e-07, 1.76542762631e-08, 1.86523806178e-07, 2.33641321756e-06, 2.01417435619e-07, 4.60386814893e-07, 8.23347136247e-07, 3.36243601851e-07, 1.56166194643e-07, 4.56515802938e-09, 3.02000557895e-08, 1.42640166345e-08, 2.97958511197e-08, 1.10905173933e-09, 1.01250241524e-09, 8.07999708807e-11, 1.47921963567e-09, 9.28582433168e-10, 2.50881737607e-09, 1.05877984158e-09, 3.28279417539e-12, 2.38922575301e-12, 2.34172788582e-13, 7.29924714421e-12, 5.47484757182e-12, 1.47611111702e-12, 6.04939004705e-13, 6.92105606766e-14, 5.1479420092e-14, 3.20625382526e-14, 7.66234728526e-15, 5.9308481249e-14, 1.85380834625e-14, 6.65710501589e-14, 3.39485003084e-15, 1.48703918374e-14, 1.17511570102e-15, 2.48894765848e-15], "dvar2": [5.75021863458e-10, 5.64371056555e-08, 3.10171543561e-07, 3.75039697076e-08, 5.02610419062e-07, 3.75073818759e-06, 3.618554274e-07, 9.57494876275e-07, 1.16473052003e-06, 5.54990549517e-07, 2.6931559205e-07, 5.9396207952e-09, 4.71362611165e-08, 2.31259900119e-08, 5.81608716743e-08, 2.1553709928e-09, 1.8182360062e-09, 1.92243387875e-10, 2.57942578408e-09, 1.81306547553e-09, 5.54723289525e-09, 2.78157963329e-09, 7.77391519213e-12, 5.33691710616e-12, 6.02924069178e-13, 1.81933669519e-11, 1.1936423204e-11, 3.53969501279e-12, 1.65686962848e-12, 1.73930978669e-13, 1.1206590804e-13, 7.14100477426e-14, 1.78418732018e-14, 1.55272116779e-13, 4.64901182059e-14, 1.7196370738e-13, 6.53880254995e-15, 3.54499483696e-14, 2.73354557441e-15, 5.97439527456e-15], "max": [0.000790487509221, 0.0055672172457, 0.00614428939298, 0.00336842844263, 0.00831505283713, 0.0524500980973, 0.0147008951753, 0.0105227427557, 0.0353732593358, 0.0138465184718, 0.0122262435034, 0.00312198186293, 0.00625933147967, 0.00552206160501, 0.00863241031766, 0.00101864454336, 0.00114255573135, 0.000413990375819, 0.00135195150506, 0.000931063783355, 0.00210815784521, 0.00185767794028, 0.000102683457953, 4.2636100261e-05, 1.02459971458e-05, 3.9603550249e-05, 7.06327919033e-05, 1.95158609131e-05, 2.25788789976e-05, 6.18469994151e-06, 5.39647453479e-06, 4.09526091971e-06, 2.5785757316e-06, 9.37285494729e-06, 3.98716883865e-06, 9.05312117538e-06, 2.03541640076e-06, 2.88256796921e-06, 5.50295851554e-07, 9.50200103489e-07], "mean": [1.0662753084e-05, 0.000120762990264, 0.00023207013146, 0.000237096726778, 0.000452026317362, 0.000880795007106, 0.00039187213406, 0.000786367396358, 0.000681335804984, 0.000723437929992, 0.000283480476355, 2.96522557619e-05, 8.92282259883e-05, 4.36806039943e-05, 3.06693764287e-05, 3.84197373933e-05, 3.95268361899e-05, 5.84019244343e-06, 2.46859490289e-05, 8.14792747406e-06, 4.04204865845e-06, 3.26994609168e-06, 6.35867593246e-07, 9.79996684691e-07, 3.72138856619e-07, 5.02492753185e-07, 4.46056333203e-07, 2.04026861184e-07, 1.34360973902e-07, 6.77832900919e-08, 7.80188713634e-08, 5.5204264271e-08, 2.08253414513e-08, 3.0281359642e-08, 2.30307311e-08, 3.37132242123e-08, 6.75244438142e-09, 1.72016392241e-08, 5.91980287012e-09, 7.46427719633e-09], "median": [2.23808200417e-07, 9.76760020421e-07, 1.51895892486e-06, 8.04170758784e-06, 3.13172931783e-05, 6.33924646536e-05, 0.000128880928969, 0.000127986655571, 5.64151414437e-05, 0.000103647624201, 4.60041974293e-06, 2.97777819469e-06, 1.14496779133e-05, 3.57034650733e-06, 1.50345135808e-06, 5.83746168559e-06, 3.44126419805e-06, 3.19961969808e-07, 1.60227170909e-06, 7.97741222414e-07, 2.36458205904e-07, 3.76076485509e-07, 1.2407981842e-07, 2.3345290856e-07, 1.29055564457e-07, 8.51455581596e-08, 5.47851328747e-08, 2.93734601087e-08, 2.57845798046e-08, 1.07027879892e-08, 8.27233392897e-09, 5.23019005882e-09, 2.45656650577e-09, 1.97833793791e-09, 1.5367658257e-09, 6.66675603611e-10, 4.57108295659e-10, 5.43683098542e-10, 2.86692530826e-10, 1.30142230326e-10], "min": [3.4884920176e-24, 3.91846183728e-24, 6.59280561891e-24, 2.71246509044e-24, 5.72949123259e-24, 5.00288644115e-24, 2.28264298497e-24, 4.30190345748e-24, 3.39589867999e-24, 3.96019849562e-24, 4.52753700347e-24, 2.22542433971e-24, 4.2116471203e-24, 5.47005815226e-24, 5.19301296336e-24, 5.51027112577e-24, 6.30694135952e-24, 4.78253353007e-24, 4.90401929276e-24, 8.49282128535e-24, 5.09512715794e-24, 8.96186614668e-24, 9.28717660677e-24, 6.3805113164e-24, 6.16115355335e-24, 6.73447399344e-24, 5.35085101429e-24, 5.46880623001e-24, 1.09627834338e-23, 9.24685713705e-24, 6.04950409728e-24, 7.52734467864e-24, 9.23286747775e-24, 5.62801926549e-24, 7.10275134046e-24, 8.28670770803e-24, 6.33331810718e-24, 8.62967129746e-24, 9.17825937045e-24, 9.24714428241e-24], "var": [2.27511987028e-09, 1.3746142713e-07, 4.05201291187e-07, 1.83389232689e-07, 9.84809275906e-07, 8.69190989761e-06, 6.43595399197e-07, 1.75459217644e-06, 4.54860673926e-06, 1.59039848313e-06, 7.35614605674e-07, 1.59550062051e-08, 7.51072661842e-08, 3.50969244778e-08, 6.19878051111e-08, 1.19038539026e-08, 1.48725165516e-08, 3.30510674384e-10, 9.71108260472e-09, 1.63406210785e-09, 2.90062107666e-09, 9.81258296839e-10, 4.97228473673e-12, 5.30238266488e-12, 5.00313766111e-13, 5.99076257352e-12, 5.81258305377e-12, 1.31095611797e-12, 4.99527448485e-13, 7.15296216897e-14, 7.01958226246e-14, 4.9559928237e-14, 8.02431072164e-15, 4.42576341244e-14, 1.60103372481e-14, 5.5484381602e-14, 4.39452424442e-15, 1.47149257162e-14, 1.21858807885e-15, 2.54548986056e-15]}, "mfcc": {"mean": [-836.416870117, 173.438034058, -30.8485088348, -18.3996315002, -30.8311233521, -27.5453510284, -21.6172218323, -17.9993572235, -9.76935482025, 1.12081551552, 6.11487674713, 3.32570075989, 1.3696552515], "cov": [[5675.89746094, 1284.04675293, -1166.47875977, 660.369873047, 539.682861328, 185.440628052, -151.438140869, -224.064620972, -272.971832275, -304.594116211, -481.361175537, -307.674133301, 13.0457105637], [1284.04675293, 1965.28955078, 616.007751465, 266.990386963, 568.420227051, 267.017944336, 170.120376587, -102.382011414, -105.223114014, -156.586120605, -309.620422363, -363.395446777, -356.038360596], [-1166.47875977, 616.007751465, 2677.30078125, 723.425415039, 121.382080078, 378.292480469, 333.232849121, 93.7632598877, -259.553375244, -360.306793213, -405.060455322, -404.56652832, -361.375427246], [660.369873047, 266.990386963, 723.425415039, 790.023986816, 326.402252197, 218.730117798, 43.0012893677, -31.79728508, -249.442993164, -376.687011719, -379.580963135, -284.131469727, -27.7198753357], [539.682861328, 568.420227051, 121.382080078, 326.402252197, 608.561889648, 235.598236084, 54.6441917419, -44.2520675659, -114.198677063, -143.135528564, -217.903579712, -167.330490112, -79.5808639526], [185.440628052, 267.017944336, 378.292480469, 218.730117798, 235.598236084, 331.726318359, 153.62638855, 67.7980880737, -20.3666934967, -66.0679550171, -89.9975585938, -80.8563842773, -103.370147705], [-151.438140869, 170.120376587, 333.232849121, 43.0012893677, 54.6441917419, 153.62638855, 310.624084473, 144.606430054, 42.9828910828, 48.6706504822, -0.443211913109, -11.662894249, -101.351051331], [-224.064620972, -102.382011414, 93.7632598877, -31.79728508, -44.2520675659, 67.7980880737, 144.606430054, 355.499359131, 209.985443115, 147.607543945, 118.482933044, 60.3119316101, -26.3578529358], [-272.971832275, -105.223114014, -259.553375244, -249.442993164, -114.198677063, -20.3666934967, 42.9828910828, 209.985443115, 453.111755371, 383.453674316, 302.182250977, 156.532470703, -57.7960510254], [-304.594116211, -156.586120605, -360.306793213, -376.687011719, -143.135528564, -66.0679550171, 48.6706504822, 147.607543945, 383.453674316, 563.482666016, 422.16204834, 228.938018799, -56.0508728027], [-481.361175537, -309.620422363, -405.060455322, -379.580963135, -217.903579712, -89.9975585938, -0.443211913109, 118.482933044, 302.182250977, 422.16204834, 531.797912598, 308.722900391, 45.7660751343], [-307.674133301, -363.395446777, -404.56652832, -284.131469727, -167.330490112, -80.8563842773, -11.662894249, 60.3119316101, 156.532470703, 228.938018799, 308.722900391, 411.750457764, 181.8959198], [13.0457105637, -356.038360596, -361.375427246, -27.7198753357, -79.5808639526, -103.370147705, -101.351051331, -26.3578529358, -57.7960510254, -56.0508728027, 45.7660751343, 181.8959198, 421.447235107]], "icov": [[0.000506685522851, -0.000510248646606, 0.000636351353023, -0.000930988346227, 0.000639235659037, -0.000465451885248, 0.000202753552003, -0.000149101440911, 0.000424800207838, -0.000493993167765, 0.000418194802478, -0.000132115717861, 8.78123901202e-05], [-0.000510248646606, 0.00143255491275, -0.000797760323621, 0.00126376887783, -0.0014940330293, 0.000574565317947, -0.000554224709049, 0.000569208234083, -0.000742604956031, 0.000644490297418, -0.000365785090253, 0.000488125806442, 0.00019913991855], [0.000636351353023, -0.000797760323621, 0.00156486220658, -0.00182416802272, 0.00146157830022, -0.000987761537544, -0.00013074906019, -0.000356956530595, 0.000882910273504, -0.000642506347504, 0.000550594937522, -0.000131273147417, 0.000540626933798], [-0.000930988346227, 0.00126376887783, -0.00182416802272, 0.00499479658902, -0.00243798922747, 0.000195634944248, 3.6193185224e-05, 4.17573828599e-05, -0.000973893329501, 0.00178827368654, -0.000375428848201, 0.00117208564188, -0.000901068910025], [0.000639235659037, -0.0014940330293, 0.00146157830022, -0.00243798922747, 0.00474738655612, -0.00274534686469, 0.000624691194389, -0.000213353196159, 0.00119049020577, -0.00155722198542, 0.00131535087712, -0.000264515081653, 9.83917489066e-05], [-0.000465451885248, 0.000574565317947, -0.000987761537544, 0.000195634944248, -0.00274534686469, 0.00687380135059, -0.00227098027244, -0.000106018829683, -0.00104651681613, 0.0014156481484, -0.000980117009021, -0.000415145768784, 0.000610873685218], [0.000202753552003, -0.000554224709049, -0.00013074906019, 3.6193185224e-05, 0.000624691194389, -0.00227098027244, 0.00601195590571, -0.00231100036763, 0.00140618532896, -0.00136200955603, 0.00087744963821, -0.000797534710728, 0.000538599852007], [-0.000149101440911, 0.000569208234083, -0.000356956530595, 4.17573828599e-05, -0.000213353196159, -0.000106018829683, -0.00231100036763, 0.00544934067875, -0.00310099241324, 0.000788190227468, -0.000405305909226, 0.000380888581276, -0.000539899861906], [0.000424800207838, -0.000742604956031, 0.000882910273504, -0.000973893329501, 0.00119049020577, -0.00104651681613, 0.00140618532896, -0.00310099241324, 0.00746057927608, -0.00413529388607, 9.18150471989e-05, -0.000313098338665, 0.000763149408158], [-0.000493993167765, 0.000644490297418, -0.000642506347504, 0.00178827368654, -0.00155722198542, 0.0014156481484, -0.00136200955603, 0.000788190227468, -0.00413529388607, 0.00798621401191, -0.00392311858013, 4.12295548813e-06, 0.000820656714495], [0.000418194802478, -0.000365785090253, 0.000550594937522, -0.000375428848201, 0.00131535087712, -0.000980117009021, 0.00087744963821, -0.000405305909226, 9.18150471989e-05, -0.00392311858013, 0.00726523296908, -0.00268191494979, 0.000178492904524], [-0.000132115717861, 0.000488125806442, -0.000131273147417, 0.00117208564188, -0.000264515081653, -0.000415145768784, -0.000797534710728, 0.000380888581276, -0.000313098338665, 4.12295548813e-06, -0.00268191494979, 0.00638024089858, -0.0024436111562], [8.78123901202e-05, 0.00019913991855, 0.000540626933798, -0.000901068910025, 9.83917489066e-05, 0.000610873685218, 0.000538599852007, -0.000539899861906, 0.000763149408158, 0.000820656714495, 0.000178492904524, -0.0024436111562, 0.00445583742112]]}, "spectral_contrast_coeffs": {"dmean": [0.0399282202125, 0.0427698902786, 0.0401103310287, 0.0313725396991, 0.0242221727967, 0.0242623817176], "dmean2": [0.067573800683, 0.0679209008813, 0.0605199635029, 0.0489736236632, 0.0379245094955, 0.0408027805388], "dvar": [0.00120427540969, 0.00237194960937, 0.00181043101475, 0.000937433098443, 0.000624554872047, 0.000497337838169], "dvar2": [0.00322337099351, 0.00564939435571, 0.0040036123246, 0.00213730381802, 0.00150822929572, 0.00136551260948], "max": [-0.253129541874, -0.241519212723, -0.303519636393, -0.378084212542, -0.520810008049, -0.609892010689], "mean": [-0.617538154125, -0.509765446186, -0.575462818146, -0.639974355698, -0.723471641541, -0.771934866905], "median": [-0.624401390553, -0.501996636391, -0.579562544823, -0.636088311672, -0.725581288338, -0.767447590828], "min": [-0.977649986744, -0.965499579906, -0.962741792202, -0.97223508358, -0.963177621365, -0.963338315487], "var": [0.0294683966786, 0.0103722438216, 0.0118620200083, 0.00655086990446, 0.0046383976005, 0.0024220617488]}, "spectral_contrast_valleys": {"dmean": [0.500579178333, 0.42255589366, 0.395043075085, 0.31053557992, 0.331700