{"lowlevel": {"average_loudness": 0.853958845139, "barkbands_crest": {"dmean": 1.96327733994, "dmean2": 3.11786103249, "dvar": 3.80677080154, "dvar2": 9.50170612335, "max": 25.3523235321, "mean": 9.07893466949, "median": 8.47480964661, "min": 1.79755532742, "var": 14.7625589371}, "barkbands_flatness_db": {"dmean": 0.0166654027998, "dmean2": 0.0257002729923, "dvar": 0.000449395214673, "dvar2": 0.000933005707338, "max": 0.466734200716, "mean": 0.13642886281, "median": 0.123443521559, "min": 0.0158567167819, "var": 0.00488159386441}, "barkbands_kurtosis": {"dmean": 2.58827710152, "dmean2": 4.16332626343, "dvar": 61.9687385559, "dvar2": 152.681137085, "max": 356.67276001, "mean": 3.61687731743, "median": 0.531514406204, "min": -1.78693389893, "var": 135.99420166}, "barkbands_skewness": {"dmean": 0.439210265875, "dmean2": 0.704958796501, "dvar": 0.352862149477, "dvar2": 0.884347498417, "max": 13.8290939331, "mean": 1.43984866142, "median": 1.18403089046, "min": -1.77698457241, "var": 1.36412870884}, "barkbands_spread": {"dmean": 4.74033260345, "dmean2": 7.54576730728, "dvar": 28.9232578278, "dvar2": 71.5068130493, "max": 91.7339477539, "mean": 26.8886890411, "median": 26.4108486176, "min": 0.283018559217, "var": 175.959533691}, "dissonance": {"dmean": 0.01085108798, "dmean2": 0.0183795280755, "dvar": 0.000123156380141, "dvar2": 0.000341206497978, "max": 0.500000059605, "mean": 0.476594924927, "median": 0.481555223465, "min": 0.32857015729, "var": 0.000358454155503}, "dynamic_complexity": 5.24906778336, "erbbands_crest": {"dmean": 1.63983178139, "dmean2": 2.67230010033, "dvar": 2.9931397438, "dvar2": 7.46681976318, "max": 30.1943855286, "mean": 6.55535173416, "median": 5.48234558105, "min": 2.14312529564, "var": 11.7869310379}, "erbbands_flatness_db": {"dmean": 0.0104036303237, "dmean2": 0.0155032360926, "dvar": 0.00016275269445, "dvar2": 0.000309718714561, "max": 0.375316411257, "mean": 0.164960891008, "median": 0.14532366395, "min": 0.0548043176532, "var": 0.00290267402306}, "erbbands_kurtosis": {"dmean": 0.486054122448, "dmean2": 0.772785484791, "dvar": 0.682671546936, "dvar2": 1.54105651379, "max": 37.57421875, "mean": -0.279405742884, "median": -0.577063798904, "min": -1.88894724846, "var": 1.97929573059}, "erbbands_skewness": {"dmean": 0.236005038023, "dmean2": 0.367642730474, "dvar": 0.0720315426588, "dvar2": 0.149733945727, "max": 4.96624422073, "mean": -0.0849513709545, "median": -0.21456694603, "min": -2.83271598816, "var": 0.377536565065}, "erbbands_spread": {"dmean": 6.3448767662, "dmean2": 10.2553863525, "dvar": 48.6904563904, "dvar2": 123.894897461, "max": 123.54473114, "mean": 40.8776359558, "median": 40.2977752686, "min": 5.09492397308, "var": 228.54914856}, "hfc": {"dmean": 3.61516928673, "dmean2": 5.78932523727, "dvar": 40.0381355286, "dvar2": 103.255233765, "max": 129.361679077, "mean": 21.6313285828, "median": 15.2436733246, "min": 1.13736606307e-16, "var": 336.252075195}, "melbands_crest": {"dmean": 2.93053627014, "dmean2": 4.59195995331, "dvar": 8.62292671204, "dvar2": 20.3399753571, "max": 36.6143836975, "mean": 15.0623130798, "median": 14.3403568268, "min": 2.06931853294, "var": 37.6682777405}, "melbands_flatness_db": {"dmean": 0.0213545151055, "dmean2": 0.0328872613609, "dvar": 0.000756073044613, "dvar2": 0.00157439929899, "max": 0.616731405258, "mean": 0.196277752519, "median": 0.181462839246, "min": 0.00399180827662, "var": 0.0074965134263}, "melbands_kurtosis": {"dmean": 6.47050333023, "dmean2": 10.6771345139, "dvar": 200.736633301, "dvar2": 500.908233643, "max": 341.178161621, "mean": 13.2167129517, "median": 6.52100753784, "min": -1.54676580429, "var": 512.94909668}, "melbands_skewness": {"dmean": 0.617415010929, "dmean2": 1.00836098194, "dvar": 0.71197360754, "dvar2": 1.87318336964, "max": 14.9323787689, "mean": 2.73017501831, "median": 2.42170238495, "min": -0.253903567791, "var": 2.45500135422}, "melbands_spread": {"dmean": 6.04218292236, "dmean2": 9.66140651703, "dvar": 47.0649452209, "dvar2": 116.185081482, "max": 141.220474243, "mean": 26.6467208862, "median": 23.9793834686, "min": 0.384038925171, "var": 267.194274902}, "pitch_salience": {"dmean": 0.0619953982532, "dmean2": 0.1006225124, "dvar": 0.00367166986689, "dvar2": 0.00967054627836, "max": 0.886257946491, "mean": 0.560640871525, "median": 0.571146428585, "min": 0.146243855357, "var": 0.015247259289}, "silence_rate_20dB": {"dmean": 0, "dmean2": 0, "dvar": 0, "dvar2": 0, "max": 1, "mean": 1, "median": 1, "min": 1, "var": 0}, "silence_rate_30dB": {"dmean": 8.50484793773e-05, "dmean2": 0.000170104191056, "dvar": 8.50373980938e-05, "dvar2": 0.000255111954175, "max": 1, "mean": 0.999957501888, "median": 1, "min": 0, "var": 4.25196594733e-05}, "silence_rate_60dB": {"dmean": 0.000680387835018, "dmean2": 0.00136083352845, "dvar": 0.000679870659951, "dvar2": 0.00169897300657, "max": 1, "mean": 0.146447256207, "median": 0, "min": 0, "var": 0.125002250075}, "spectral_centroid": {"dmean": 228.283218384, "dmean2": 366.848388672, "dvar": 64505.8007812, "dvar2": 154784.4375, "max": 11048.6640625, "mean": 1682.57629395, "median": 1739.69677734, "min": 125.386558533, "var": 438252.9375}, "spectral_complexity": {"dmean": 3.26331019402, "dmean2": 5.25375270844, "dvar": 12.0614700317, "dvar2": 28.051410675, "max": 62, "mean": 26.3952026367, "median": 25, "min": 0, "var": 271.753601074}, "spectral_decrease": {"dmean": 2.09596007217e-09, "dmean2": 3.50060136434e-09, "dvar": 1.35586433295e-17, "dvar2": 3.65535083154e-17, "max": -5.3611263249e-29, "mean": -7.24852711187e-09, "median": -6.98769309082e-09, "min": -3.64357610749e-08, "var": 2.96417492443e-17}, "spectral_energy": {"dmean": 0.00806218292564, "dmean2": 0.013461840339, "dvar": 0.000198241745238, "dvar2": 0.000534931372385, "max": 0.140618622303, "mean": 0.0293196048588, "median": 0.0284398719668, "min": 1.05185853812e-20, "var": 0.000466391560622}, "spectral_energyband_high": {"dmean": 0.000287671980914, "dmean2": 0.000464618235128, "dvar": 4.02595674132e-07, "dvar2": 1.05503772829e-06, "max": 0.0142064942047, "mean": 0.00115732999984, "median": 0.000654790259432, "min": 7.33598858733e-21, "var": 1.7058857793e-06}, "spectral_energyband_low": {"dmean": 0.00603299262002, "dmean2": 0.0100827869028, "dvar": 0.000145500001963, "dvar2": 0.000396036310121, "max": 0.128836140037, "mean": 0.014704558067, "median": 0.0114339375868, "min": 8.41075356102e-23, "var": 0.000243750037043}, "spectral_energyband_middle_high": {"dmean": 0.00114473211579, "dmean2": 0.00182499154471, "dvar": 2.25057556236e-06, "dvar2": 5.75629110244e-06, "max": 0.0255676954985, "mean": 0.00544693227857, "median": 0.00432234769687, "min": 1.63166313464e-21, "var": 1.98338657356e-05}, "spectral_energyband_middle_low": {"dmean": 0.00380591652356, "dmean2": 0.00629671942443, "dvar": 8.65369729581e-05, "dvar2": 0.000225740513997, "max": 0.124742627144, "mean": 0.00874545052648, "median": 0.00637609325349, "min": 3.41475747278e-22, "var": 0.000111123677925}, "spectral_entropy": {"dmean": 0.0975336059928, "dmean2": 0.15044978261, "dvar": 0.0210966262966, "dvar2": 0.0385484322906, "max": 9.79936027527, "mean": 7.66254806519, "median": 7.81626558304, "min": 5.19284009933, "var": 0.236431747675}, "spectral_flux": {"dmean": 0.0207372903824, "dmean2": 0.0326334163547, "dvar": 0.00105388113298, "dvar2": 0.0021058046259, "max": 0.335548400879, "mean": 0.0759513750672, "median": 0.0713414698839, "min": 1.02560154813e-10, "var": 0.00299275456928}, "spectral_kurtosis": {"dmean": 1.91878390312, "dmean2": 3.32827115059, "dvar": 10.9361162186, "dvar2": 29.0922603607, "max": 71.2554473877, "mean": 4.36492586136, "median": 2.64420318604, "min": -1.19332134724, "var": 27.4017524719}, "spectral_rms": {"dmean": 0.000612920732237, "dmean2": 0.00100258621387, "dvar": 8.53401161294e-07, "dvar2": 2.22279709305e-06, "max": 0.0117127662525, "mean": 0.00481451489031, "median": 0.00526746781543, "min": 3.2034409847e-12, "var": 5.4252609516e-06}, "spectral_rolloff": {"dmean": 415.904571533, "dmean2": 686.047180176, "dvar": 319757.34375, "dvar2": 754014, "max": 18927.6855469, "mean": 1624.9329834, "median": 1399.65820312, "min": 43.06640625, "var": 1365760.25}, "spectral_skewness": {"dmean": 0.214341923594, "dmean2": 0.356458097696, "dvar": 0.0858985185623, "dvar2": 0.204959720373, "max": 6.80108785629, "mean": 1.21312308311, "median": 1.01674342155, "min": -0.420040279627, "var": 0.389215618372}, "spectral_spread": {"dmean": 267279.40625, "dmean2": 420278.5, "dvar": 179135627264, "dvar2": 315063238656, "max": 40378312, "mean": 3655496.25, "median": 3790067.75, "min": 925077.1875, "var": 1224725102590.0}, "spectral_strongpeak": {"dmean": 0.221149086952, "dmean2": 0.384625047445, "dvar": 0.180122300982, "dvar2": 0.477055609226, "max": 8.20531845093, "mean": 0.435896068811, "median": 0.326018542051, "min": 0, "var": 0.216355934739}, "zerocrossingrate": {"dmean": 0.00682163145393, "dmean2": 0.00843126606196, "dvar": 5.0040831411e-05, "dvar2": 6.74642797094e-05, "max": 0.4970703125, "mean": 0.059163402766, "median": 0.05712890625, "min": 0.00244140625, "var": 0.000868418836035}, "barkbands": {"dmean": [0.00100324326195, 0.00336560700089, 0.00306030525826, 0.00153106998187, 0.00187877053395, 0.000841844186652, 0.00051302119391, 0.000516495900229, 0.000240449764533, 0.000269355979981, 0.00030475424137, 0.000259764550719, 0.000240370776737, 0.000292871525744, 0.000255423336057, 0.00025006904616, 0.000237563144765, 0.000156773632625, 0.000281392800389, 0.000187484140042, 0.00012522576435, 9.43712875596e-05, 5.58528481633e-05, 3.28162968799e-05, 1.43408751683e-05, 6.93240599503e-06, 1.89882246104e-06], "dmean2": [0.00141767854802, 0.00518731959164, 0.00546522578225, 0.00267631351016, 0.00315775279887, 0.00137431081384, 0.000829586584587, 0.000833615020383, 0.000372446374968, 0.000423560675699, 0.000478434929391, 0.000417461298639, 0.000383711914765, 0.00048464309657, 0.00042148178909, 0.000414846901549, 0.000391445501009, 0.000265799637418, 0.000471585110063, 0.000315246550599, 0.000209163248655, 0.000156276117195, 9.16462449823e-05, 5.37785235792e-05, 2.22232156375e-05, 1.13843607323e-05, 3.13462260237e-06], "dvar": [5.84558256378e-06, 4.11909677496e-05, 4.79366935906e-05, 1.59900155268e-05, 3.1702369597e-05, 2.75159322882e-06, 1.00298643702e-06, 1.36190328703e-06, 1.85645646411e-07, 2.25645749197e-07, 2.60906887206e-07, 1.6508789713e-07, 1.48918289256e-07, 5.18497870416e-07, 1.95304210138e-07, 1.65442571642e-07, 1.03959742148e-07, 6.44389928084e-08, 1.6254504942e-07, 8.16951342131e-08, 3.73334252401e-08, 3.4068833088e-08, 2.6451965951e-08, 1.82938890703e-08, 2.33858155063e-09, 1.32250477236e-09, 8.88062054449e-11], "dvar2": [1.17697809401e-05, 9.2099995527e-05, 0.000140842676046, 4.3022857426e-05, 8.49329735502e-05, 6.92877301844e-06, 2.53033886111e-06, 3.34665674018e-06, 4.25106833291e-07, 5.55036251626e-07, 6.46963712825e-07, 4.15904224838e-07, 3.62322452929e-07, 1.38513360071e-06, 5.1783536037e-07, 4.58251065538e-07, 2.74687380397e-07, 1.77494243303e-07, 4.49919156154e-07, 2.2910926134e-07, 1.03717006539e-07, 8.97955274581e-08, 7.36385530331e-08, 5.16573557263e-08, 5.90120219357e-09, 3.54257845281e-09, 2.26342139475e-10], "max": [0.0399254262447, 0.068370513618, 0.07616558671, 0.0551891326904, 0.0860995426774, 0.0393438860774, 0.0231458432972, 0.0338339395821, 0.0102814398706, 0.0117101138458, 0.0092158075422, 0.00883460696787, 0.010542566888, 0.0148229598999, 0.0111612966284, 0.0106671610847, 0.00899649318308, 0.0065931356512, 0.00685403728858, 0.00414121942595, 0.00324340793304, 0.00335981254466, 0.00418286817148, 0.00377766881138, 0.00152648100629, 0.000891332514584, 0.000182815609151], "mean": [0.00168895395473, 0.00685609225184, 0.00551112089306, 0.00169922679197, 0.00277019757777, 0.0016794387484, 0.00104339979589, 0.000922607141547, 0.000483924610307, 0.000527919677552, 0.000562586414162, 0.00052118615713, 0.000449992599897, 0.000497070432175, 0.000504555820953, 0.000527498952579, 0.000528581091203, 0.000333435949869, 0.00074664503336, 0.000523089314811, 0.000395238894271, 0.000268876639893, 0.000143834666233, 8.64642206579e-05, 3.61010097549e-05, 9.70510700427e-06, 1.64007235526e-06], "median": [0.000262843677774, 0.00404237071052, 0.00329054519534, 0.000622140825726, 0.00131016061641, 0.000862917280756, 0.000529797165655, 0.000327548448695, 0.000252502970397, 0.000287257222226, 0.000335783261107, 0.000350917922333, 0.000279985455563, 0.00020691298414, 0.000293108081678, 0.000383253325708, 0.000412327441154, 0.00020371498249, 0.000417676608777, 0.000239394314121, 0.000189905840671, 0.000105005652586, 7.87993922131e-05, 2.23809456656e-05, 8.71752672538e-06, 6.91897128036e-07, 2.21495408681e-08], "min": [3.61237773183e-23, 1.79445203559e-23, 4.30394810606e-23, 1.35525404216e-23, 6.44835982291e-23, 3.18071651548e-23, 2.83618088403e-23, 3.22275017995e-23, 1.57501178924e-22, 5.47312074696e-23, 7.63289127008e-23, 1.18766669596e-22, 6.76650931925e-23, 1.11543392142e-22, 1.7148644584e-22, 1.87837348838e-22, 1.51096701225e-22, 2.73342398874e-22, 1.74740566494e-22, 4.11820657763e-22, 5.28576034973e-22, 4.51378132032e-22, 5.99373436074e-22, 8.72159669077e-22, 1.32222720653e-21, 1.6203356474e-21, 2.01701792555e-21], "var": [1.13125479402e-05, 8.26006435091e-05, 4.9698715884e-05, 1.38579243867e-05, 3.08103844873e-05, 6.01025931246e-06, 2.43850649895e-06, 3.15741272061e-06, 4.91159994453e-07, 5.35932827006e-07, 5.10352322181e-07, 3.8061236296e-07, 3.530883248e-07, 7.92375203673e-07, 4.09361547327e-07, 3.38325804705e-07, 2.6714252499e-07, 1.43059835978e-07, 6.37229220501e-07, 3.65901769328e-07, 1.96871567937e-07, 1.20286784977e-07, 4.13744309924e-08, 2.16472493264e-08, 4.23367252367e-09, 1.13952292047e-09, 7.04634683935e-11]}, "erbbands": {"dmean": [0.156808540225, 0.795419096947, 3.17834973335, 4.20513343811, 6.74616622925, 6.02272462845, 6.22432422638, 7.11620426178, 6.10649394989, 13.2193002701, 6.8130736351, 5.80449151993, 6.31404352188, 9.83780384064, 10.8181428909, 11.2293395996, 11.3821372986, 14.4320983887, 11.8078718185, 14.0943117142, 12.7364797592, 11.2634925842, 6.99624061584, 12.0290374756, 13.8851900101, 8.65796279907, 5.10745620728, 5.32022809982, 4.02326202393, 2.17195653915, 1.47887861729, 0.825537264347, 0.519395709038, 0.197554111481, 0.0892617478967, 0.0369619205594, 0.0116087561473, 0.00236042588949, 0.000344124418916, 2.58811123786e-05], "dmean2": [0.214489996433, 1.36392819881, 5.70256996155, 7.48721981049, 11.2887811661, 10.3971128464, 10.3731374741, 11.7344112396, 10.0125989914, 21.4916362762, 10.9107189178, 8.99430370331, 9.92028331757, 15.719042778, 16.979927063, 18.0795078278, 18.1398735046, 23.9573364258, 19.3707313538, 23.5755653381, 20.9486808777, 18.6061553955, 11.7300481796, 20.0853042603, 23.4301490784, 14.5637235641, 8.52445697784, 8.9718132019, 6.74061584473, 3.5155954361, 2.45406293869, 1.34795629978, 0.862151563168, 0.310185521841, 0.139848828316, 0.060039203614, 0.0191914327443, 0.00391210243106, 0.000572553195525, 4.28364946856e-05], "dvar": [0.103405632079, 3.12118339539, 53.5266342163, 82.7510604858, 723.140930176, 190.769454956, 143.367645264, 238.715377808, 179.996551514, 933.266723633, 173.246795654, 122.853378296, 125.318412781, 342.90512085, 276.726379395, 354.505340576, 338.503692627, 1477.26965332, 486.752929688, 683.899230957, 312.950164795, 216.823059082, 118.931282043, 314.232696533, 410.643463135, 178.613800049, 67.6887359619, 73.5095596313, 57.7612419128, 38.5648536682, 16.2224788666, 6.17284917831, 6.46264123917, 0.410090297461, 0.0973298028111, 0.0329659245908, 0.00376317440532, 0.000176277506398, 3.09872666548e-06, 8.71230732002e-09], "dvar2": [0.200785219669, 8.80938053131, 157.907791138, 237.411560059, 1875.32202148, 550.283630371, 384.637969971, 619.651306152, 429.6824646, 2434.671875, 422.392303467, 279.103118896, 301.571502686, 884.686096191, 684.373596191, 892.843139648, 814.872619629, 3978.47192383, 1238.49487305, 1904.66674805, 850.967956543, 582.415588379, 322.463226318, 869.587341309, 1149.62854004, 502.879394531, 187.308547974, 206.056533813, 159.828475952, 100.223922729, 45.3805885315, 16.9947052002, 18.3536529541, 1.04495024681, 0.246436700225, 0.0879074335098, 0.010052960366, 0.000471628271043, 8.04075807537e-06, 2.21237215214e-08], "max": [4.34911680222, 18.1320343018, 79.0374603271, 88.5079574585, 341.764648438, 226.64390564, 220.480270386, 348.602966309, 462.544830322, 663.337158203, 340.543060303, 272.555358887, 274.739440918, 462.201446533, 276.394073486, 436.730987549, 562.848937988, 836.065856934, 710.975280762, 527.130065918, 454.840606689, 296.8828125, 310.774200439, 313.935455322, 313.067443848, 211.792404175, 143.413497925, 158.59211731, 149.824462891, 131.751815796, 126.234130859, 56.0196876526, 75.2326889038, 17.2181549072, 11.1733026505, 5.9033164978, 1.28818655014, 0.367102831602, 0.039817430079, 0.0019814344123], "mean": [0.253560721874, 1.36736023426, 5.76132535934, 6.1654753685, 7.22065067291, 9.66373252869, 11.6629447937, 14.2335920334, 12.6603517532, 24.7007083893, 13.8841314316, 11.9882688522, 13.0997219086, 19.6668548584, 22.7685947418, 23.6846580505, 23.0338058472, 25.3216552734, 24.2167472839, 28.5311336517, 30.1412639618, 27.2232036591, 17.4715423584, 30.9967556, 37.7856330872, 24.6042175293, 15.8733043671, 15.5853176117, 11.2043466568, 5.6206612587, 3.85983800888, 2.20959305763, 1.2420129776, 0.519014835358, 0.207928627729, 0.0621658265591, 0.0150639461353, 0.00250895810314, 0.000307811103994, 5.02016227983e-05], "median": [0.0798115730286, 0.952077865601, 3.66815638542, 3.66100406647, 2.43328309059, 4.97592878342, 6.29250144958, 6.98161220551, 6.47934818268, 10.1746664047, 7.11069822311, 6.47745847702, 8.41398525238, 12.7017154694, 16.581243515, 16.0475921631, 15.0921916962, 11.7261295319, 12.5269927979, 18.6012744904, 24.3834724426, 21.8118000031, 12.0461521149, 18.6117591858, 19.3079338074, 11.6232852936, 7.19782733917, 7.97685098648, 4.21133422852, 2.79246354103, 1.89338624477, 0.707893431187, 0.305379152298, 0.147762402892, 0.036273997277, 0.00622061500326, 0.000910348549951, 9.90632688627e-05, 2.49360800808e-05, 3.62538157788e-05], "min": [2.2046721072e-22, 5.85157380012e-21, 4.45853904458e-20, 5.24631257888e-20, 4.4626242182e-20, 2.50824555428e-19, 3.70372471565e-19, 2.51827279276e-19, 3.62748141064e-19, 4.64237127617e-19, 1.29488600508e-18, 3.65879314366e-18, 2.07091242439e-18, 2.44561759045e-18, 3.08331139059e-18, 5.40912386343e-18, 3.42483503357e-18, 5.26239732561e-18, 7.98811957137e-18, 8.12855581423e-18, 9.30962993543e-18, 1.02230557074e-17, 1.59799846166e-17, 8.43417258079e-18, 1.29392554499e-17, 2.06882089821e-17, 1.88139467542e-17, 2.16720791093e-17, 1.57400162121e-17, 1.54033900988e-17, 1.7939022931e-17, 1.87393780763e-17, 1.62868620064e-17, 1.40433397356e-17, 9.5298378222e-18, 5.29755126087e-18, 3.22326580074e-18, 1.1040327937e-18, 2.78686867741e-19, 3.163902512e-20], "var": [0.2112506181, 3.14271759987, 51.3818740845, 76.9917755127, 603.540588379, 218.514709473, 284.089538574, 493.383392334, 456.136535645, 1967.90661621, 426.134796143, 317.88973999, 266.594299316, 695.941040039, 592.063598633, 811.064941406, 847.892700195, 2148.75268555, 1058.84692383, 1240.0670166, 843.689697266, 640.376464844, 323.430206299, 1085.54504395, 1711.51428223, 790.80078125, 330.455932617, 314.66027832, 206.067779541, 69.3230285645, 28.8672389984, 10.798997879, 6.03838157654, 0.756982982159, 0.169408366084, 0.032116767019, 0.00315236346796, 0.000132159344503, 2.36204141402e-06, 7.77050068734e-09]}, "gfcc": {"mean": [-31.7603816986, 113.19128418, -140.32043457, 47.9277610779, -51.1926307678, 8.4835357666, -26.3348407745, 3.78898501396, -18.8331546783, 0.857699155807, -9.13325309753, -3.20977520943, -5.29950428009], "cov": [[18873.9609375, -2304.09326172, 612.205200195, 2535.2434082, -611.108947754, 1166.22924805, -273.405334473, 42.5075302124, -124.866981506, 45.9094161987, 101.495117188, 75.0207824707, -150.750961304], [-2304.09326172, 1924.65283203, -433.771820068, -318.400787354, 569.20111084, -467.251373291, 357.007385254, -278.194610596, 166.901489258, -203.416793823, 117.543640137, -144.796539307, 186.829559326], [612.205200195, -433.771820068, 1016.01141357, 246.934448242, 1.82372975349, 392.013214111, -132.197219849, 117.122695923, -17.9015159607, 40.8801269531, -29.6181907654, 46.9039802551, -65.4285507202], [2535.2434082, -318.400787354, 246.934448242, 604.49407959, -50.1155052185, 256.551544189, 17.5103321075, 40.9311180115, 44.986164093, 20.1281738281, 47.5557136536, -0.417512983084, -24.2520217896], [-611.108947754, 569.20111084, 1.82372975349, -50.1155052185, 347.326904297, -88.3571853638, 154.590103149, -54.2840766907, 74.2903518677, -32.6499099731, 44.5485343933, -39.0668792725, 49.3058128357], [1166.22924805, -467.251373291, 392.013214111, 256.551544189, -88.3571853638, 390.580871582, -82.32787323, 127.575286865, -13.5631513596, 28.7068805695, 3.72931003571, 32.4495010376, -29.6157302856], [-273.405334473, 357.007385254, -132.197219849, 17.5103321075, 154.590103149, -82.32787323, 192.34413147, 0.0661618858576, 88.9711456299, -8.27977752686, 44.47215271, -34.9586143494, 27.0833015442], [42.5075302124, -278.194610596, 117.122695923, 40.9311180115, -54.2840766907, 127.575286865, 0.0661618858576, 173.001800537, 34.6343917847, 78.21434021, 4.33994483948, 16.4270744324, -33.3174972534], [-124.866981506, 166.901489258, -17.9015159607, 44.986164093, 74.2903518677, -13.5631513596, 88.9711456299, 34.6343917847, 113.697601318, 32.4059295654, 44.6810112, -17.1239643097, 8.89484977722], [45.9094161987, -203.416793823, 40.8801269531, 20.1281738281, -32.6499099731, 28.7068805695, -8.27977752686, 78.21434021, 32.4059295654, 126.921211243, 23.3113536835, 24.3897609711, -28.2095565796], [101.495117188, 117.543640137, -29.6181907654, 47.5557136536, 44.5485343933, 3.72931003571, 44.47215271, 4.33994483948, 44.6810112, 23.3113536835, 75.5474243164, 11.098069191, 24.9948501587], [75.0207824707, -144.796539307, 46.9039802551, -0.417512983084, -39.0668792725, 32.4495010376, -34.9586143494, 16.4270744324, -17.1239643097, 24.3897609711, 11.098069191, 74.1730270386, 13.6504573822], [-150.750961304, 186.829559326, -65.4285507202, -24.2520217896, 49.3058128357, -29.6157302856, 27.0833015442, -33.3174972534, 8.89484977722, -28.2095565796, 24.9948501587, 13.6504573822, 90.1800231934]], "icov": [[0.00015277559578, 9.09554728423e-05, 0.000143163255416, -0.000632552313618, -6.59973666188e-05, -0.000116250361316, 0.000128622821649, 0.000186624543858, 0.000201582748559, 1.33950452437e-05, -6.94268455845e-05, 1.118632008e-05, 3.07958653138e-05], [9.09554728423e-05, 0.00368227972649, -0.000411882007029, 0.00108989456203, -0.00217302748933, 0.00147125218064, -0.00145844416693, 0.00228843302466, -0.00235025817528, 0.0034729486797, -0.00412948429585, 0.00379971996881, -0.00264006201178], [0.000143163255416, -0.000411882007029, 0.00231006578542, -0.00107866025064, -0.00130157079548, -0.00208422821015, 0.0019849233795, -0.000199168236577, -0.000265673035756, -0.000531794794369, 0.00183304084931, -0.00163468380924, 0.00143526610918], [-0.000632552313618, 0.00108989456203, -0.00107866025064, 0.00630113389343, 0.000689028238412, -0.00147493928671, -0.00302835414186, 0.00239440239966, -0.00276853376999, 0.000842620094772, -0.00268866517581, 0.00211525755003, -0.00050875270972], [-6.59973666188e-05, -0.00217302748933, -0.00130157079548, 0.000689028238412, 0.00785007048398, -0.000895222066902, -0.0043835863471, 0.00122736720368, 0.000755405635573, -0.00227798311971, 0.000802795460913, -0.000330302951625, -0.000143069381011], [-0.000116250361316, 0.00147125218064, -0.00208422821015, -0.00147493928671, -0.000895222066902, 0.0091015342623, 0.0018288330175, -0.00530841154978, 0.000554967613425, 0.00420939456671, -0.00388578837737, 0.00159282435197, -0.00208528921939], [0.000128622821649, -0.00145844416693, 0.0019849233795, -0.00302835414186, -0.0043835863471, 0.0018288330175, 0.0160392466933, -0.00531841255724, -0.00478783482686, 0.00180820177775, 0.000107187879621, -0.000552157172933, 0.001169413561], [0.000186624543858, 0.00228843302466, -0.000199168236577, 0.00239440239966, 0.00122736720368, -0.00530841154978, -0.00531841255724, 0.016211155802, -0.00494938204065, -0.00471662264317, 0.000528533535544, 0.00164492183831, -0.000140199772432], [0.000201582748559, -0.00235025817528, -0.000265673035756, -0.00276853376999, 0.000755405635573, 0.000554967613425, -0.00478783482686, -0.00494938204065, 0.0216377824545, -0.00548937777057, -0.00389581359923, 0.00162251293659, 0.000630184949841], [1.33950452437e-05, 0.0034729486797, -0.000531794794369, 0.000842620094772, -0.00227798311971, 0.00420939456671, 0.00180820177775, -0.00471662264317, -0.00548937777057, 0.0184692200273, -0.00881931744516, -0.000395611044951, 0.00183353188913], [-6.94268455845e-05, -0.00412948429585, 0.00183304084931, -0.00268866517581, 0.000802795460913, -0.00388578837737, 0.000107187879621, 0.000528533535544, -0.00389581359923, -0.00881931744516, 0.028632171452, -0.00912861153483, -0.00143456133083], [1.118632008e-05, 0.00379971996881, -0.00163468380924, 0.00211525755003, -0.000330302951625, 0.00159282435197, -0.000552157172933, 0.00164492183831, 0.00162251293659, -0.000395611044951, -0.00912861153483, 0.0238469876349, -0.0083565954119], [3.07958653138e-05, -0.00264006201178, 0.00143526610918, -0.00050875270972, -0.000143069381011, -0.00208528921939, 0.001169413561, -0.000140199772432, 0.000630184949841, 0.00183353188913, -0.00143456133083, -0.0083565954119, 0.0186787825078]]}, "melbands": {"dmean": [0.00107891974039, 0.00142736104317, 0.000828114978503, 0.000432141765486, 0.000231121346587, 0.000158938288223, 9.46461150306e-05, 0.000142683507875, 5.05080788571e-05, 3.48229077645e-05, 3.2109732274e-05, 4.04129932576e-05, 4.30100626545e-05, 2.86220329144e-05, 2.95310910587e-05, 2.19869762077e-05, 2.95483368973e-05, 2.026346192e-05, 1.69463455677e-05, 2.09400350286e-05, 1.64137873071e-05, 1.39521380333e-05, 9.20556703932e-06, 8.13339011074e-06, 1.08572057798e-05, 1.3347776985e-05, 8.97919562703e-06, 5.88418242842e-06, 3.57203248313e-06, 3.67545681002e-06, 3.15356555802e-06, 2.68638837042e-06, 1.66193410678e-06, 1.31603280806e-06, 1.00335205389e-06, 6.76269792166e-07, 5.09436802076e-07, 4.39878306224e-07, 2.52554485769e-07, 1.580936555e-07], "dmean2": [0.00148061942309, 0.00255876779556, 0.00145069835708, 0.000728858518414, 0.000387333042454, 0.000260823784629, 0.000154305031174, 0.000231561818509, 8.00579218776e-05, 5.41733243153e-05, 5.04491690663e-05, 6.45365726086e-05, 6.7207372922e-05, 4.56970956293e-05, 4.75408305647e-05, 3.54125040758e-05, 4.90884085593e-05, 3.32094859914e-05, 2.81747434201e-05, 3.49667971022e-05, 2.70173732133e-05, 2.30471268878e-05, 1.54311328515e-05, 1.38370678542e-05, 1.81963514478e-05, 2.26233732974e-05, 1.51331441884e-05, 9.9490307548e-06, 6.01105512033e-06, 6.22139214101e-06, 5.32961576027e-06, 4.55405734101e-06, 2.71545604846e-06, 2.18715103983e-06, 1.69312806975e-06, 1.0993488786e-06, 8.40585357764e-07, 7.40421853607e-07, 4.13960862033e-07, 2.51762287462e-07], "dvar": [4.0960953811e-06, 1.10031805889e-05, 4.00031831305e-06, 2.12749637285e-06, 1.78664265604e-07, 1.11851058193e-07, 3.89990475469e-08, 1.10326617175e-07, 8.63429505671e-09, 4.03032895946e-09, 3.14680748126e-09, 6.01162231106e-09, 5.17146947487e-09, 1.97210869857e-09, 1.92907090302e-09, 1.56787482997e-09, 6.16072881598e-09, 1.45013490105e-09, 7.94577847962e-10, 1.49403567296e-09, 5.11112208113e-10, 3.46187689626e-10, 1.83413007004e-10, 2.31925034733e-10, 2.62180360755e-10, 3.9425973597e-10, 1.89916693483e-10, 8.50657530527e-11, 3.55511731165e-11, 3.28531160609e-11, 2.66782707037e-11, 2.48466004715e-11, 1.29211563324e-11, 1.56847000665e-11, 6.60358356538e-12, 2.9084378135e-12, 2.24165933212e-12, 5.13761299129e-12, 6.62659488913e-13, 2.3961892583e-13], "dvar2": [7.50702383812e-06, 3.24191350956e-05, 1.08692029244e-05, 5.69078792978e-06, 4.9630199328e-07, 2.84182789301e-07, 9.34922397278e-08, 2.84985873122e-07, 2.07358734627e-08, 9.33596222552e-09, 7.5837816027e-09, 1.53982320228e-08, 1.26433361558e-08, 4.91806328995e-09, 4.84907536347e-09, 4.01867916722e-09, 1.65887446002e-08, 3.69826547164e-09, 2.15598427999e-09, 4.15093071027e-09, 1.3711288771e-09, 9.29304633246e-10, 4.98065921839e-10, 6.28823604298e-10, 7.27096383102e-10, 1.11117204327e-09, 5.38826483432e-10, 2.391362941e-10, 9.91137658057e-11, 9.30703708546e-11, 7.49598091931e-11, 7.01261340663e-11, 3.2553213597e-11, 4.29701760285e-11, 1.8790071929e-11, 7.84631214168e-12, 6.22453217441e-12, 1.46410609331e-11, 1.82873117691e-12, 5.96685298827e-13], "max": [0.0290036946535, 0.0334405563772, 0.0222940072417, 0.0224767979234, 0.00719324080274, 0.00875311344862, 0.00635429751128, 0.0081633226946, 0.00241452991031, 0.00146579416469, 0.00136371154804, 0.00201350031421, 0.00133237591945, 0.000990830361843, 0.000837626168504, 0.00117592629977, 0.0017481574323, 0.00113658746704, 0.000538251362741, 0.00105861062184, 0.000545712362509, 0.000415348156821, 0.000250285462243, 0.000513090402819, 0.00029055820778, 0.000301586609567, 0.000227226075367, 0.000131507433252, 0.000111256835226, 0.000115917624498, 0.000103189777292, 9.33564151637e-05, 6.4784733695e-05, 9.55322539085e-05, 8.55349280755e-05, 4.06155559176e-05, 4.16766488343e-05, 6.9131849159e-05, 2.05721153179e-05, 1.33964958877e-05], "mean": [0.00212819315493, 0.00263913115487, 0.00116201117635, 0.000578697538003, 0.000444547040388, 0.00031868275255, 0.000197138957446, 0.000264384638285, 0.000102237470855, 7.03662808519e-05, 6.44003448542e-05, 7.8406999819e-05, 8.22372603579e-05, 5.82677785133e-05, 6.05118111707e-05, 4.12807385146e-05, 4.85013151774e-05, 3.84808263334e-05, 3.38966310665e-05, 3.9767659473e-05, 3.52490787918e-05, 3.05568682961e-05, 1.84418859135e-05, 1.63739696291e-05, 2.52318677667e-05, 3.09880379064e-05, 2.27389173233e-05, 1.45896365211e-05, 9.44123348745e-06, 9.97960887617e-06, 8.2895394371e-06, 6.82025120113e-06, 4.11680730394e-06, 2.81561642623e-06, 2.35811376115e-06, 1.68656515598e-06, 1.1960471511e-06, 9.34897116167e-07, 6.00373539328e-07, 3.79364536229e-07], "median": [0.00104529096279, 0.00202340213582, 0.000682426616549, 0.000275896600215, 0.000254142825725, 0.000159256553161, 0.000101931625977, 0.000104994469439, 5.51511984668e-05, 3.73125512851e-05, 4.0012786485e-05, 4.82396353618e-05, 5.21011716046e-05, 4.02686710004e-05, 4.08275736845e-05, 2.6344183425e-05, 1.99161786441e-05, 1.78231202881e-05, 2.15827458305e-05, 2.57554238488e-05, 2.83376521111e-05, 2.3782315111e-05, 1.30254802571e-05, 8.64080266183e-06, 1.51785034177e-05, 1.65864566952e-05, 1.00292745628e-05, 6.96721599525e-06, 4.15282920585e-06, 4.97341488881e-06, 4.14586202169e-06, 2.40329336521e-06, 1.58449131504e-06, 1.47222510805e-06, 1.13486578357e-06, 6.5367788693e-07, 3.13017835651e-07, 2.28891636311e-07, 1.35226827069e-07, 1.14104274473e-07], "min": [5.13523797396e-24, 1.84392797162e-23, 8.29960163953e-24, 9.71185435307e-24, 1.46645203313e-23, 5.58499952489e-24, 5.88953967178e-24, 5.41541415179e-24, 1.409352072e-23, 2.22374067388e-23, 9.62782883375e-24, 9.3211662566e-24, 1.15698497657e-23, 1.0082219026e-23, 1.43093088874e-23, 6.0493735408e-24, 9.68062019439e-24, 1.20035418255e-23, 1.24588344747e-23, 1.13605870556e-23, 1.0902239937e-23, 8.22688286356e-24, 1.57767936973e-23, 1.27547803765e-23, 5.64279620797e-24, 7.65316325986e-24, 1.29085064899e-23, 1.30765796167e-23, 1.10718426651e-23, 1.09290643632e-23, 1.34461009973e-23, 8.87594736118e-24, 8.10565150851e-24, 8.31367886238e-24, 8.50985358115e-24, 1.32709091898e-23, 1.04416240545e-23, 1.14554152362e-23, 8.93629443157e-24, 1.36170361114e-23], "var": [1.02350304587e-05, 9.75233706413e-06, 3.59795240001e-06, 1.8297812403e-06, 3.48579106912e-07, 2.39949827119e-07, 1.00881578646e-07, 2.39039337657e-07, 2.13809983052e-08, 1.05407833573e-08, 6.68102373425e-09, 1.24667023371e-08, 1.02397432755e-08, 4.5650789815e-09, 4.85403539585e-09, 2.99251046165e-09, 8.94214124969e-09, 2.99789260083e-09, 1.5844722201e-09, 2.46205766885e-09, 1.21742937953e-09, 8.75421402036e-10, 3.90888543755e-10, 4.32361840774e-10, 7.6154971218e-10, 1.19447429725e-09, 7.28455462617e-10, 2.9175908911e-10, 1.26278085211e-10, 1.32402741548e-10, 9.49326103838e-11, 8.0705643557e-11, 3.28861590737e-11, 2.05683352295e-11, 1.10622084409e-11, 5.87756275941e-12, 3.55993208002e-12, 4.28872952776e-12, 9.78593616731e-13, 4.50608029622e-13]}, "mfcc": {"mean": [-657.80090332, 124.528778076, -17.0016441345, 35.8491744995, 0.560821294785, 9.91786956787, 3.46093916893, 3.40594100952, 0.597901284695, 1.58381998539, -1.80245900154, 1.17019474506, 4.71618175507], "cov": [[17490.9453125, -1927.42443848, 329.6484375, 1431.09680176, 49.9311065674, 832.247558594, 131.687805176, 257.385009766, -196.674682617, 74.6648864746, 24.1564254761, 5.15892553329, -66.801071167], [-1927.42443848, 1834.29321289, -661.193115234, 121.186668396, 59.5723648071, -53.357219696, 77.4865341187, -68.3593521118, 75.5387420654, -91.2545852661, -68.3827590942, -39.7965126038, 59.8289337158], [329.6484375, -661.193115234, 943.279907227, -60.1525039673, 216.733627319, 152.715942383, 15.551030159, 127.468566895, -15.7159261703, 90.9230728149, 31.8396282196, 31.3301849365, -41.3690986633], [1431.09680176, 121.186668396, -60.1525039673, 398.861724854, 27.8425197601, 132.008468628, 53.6737098694, 26.7675113678, 29.0224285126, 6.47138738632, 41.2092094421, 36.8953094482, 38.2447280884], [49.9311065674, 59.5723648071, 216.733627319, 27.8425197601, 196.656066895, 90.759475708, 52.3500175476, 52.9070091248, 16.6594390869, 37.897190094, 6.43188524246, 17.27252388, -3.37439775467], [832.247558594, -53.357219696, 152.715942383, 132.008468628, 90.759475708, 174.448913574, 45.6435546875, 63.6497535706, 3.0474281311, 21.9824542999, 12.4597187042, 8.06520080566, -2.218719244], [131.687805176, 77.4865341187, 15.551030159, 53.6737098694, 52.3500175476, 45.6435546875, 89.8979492188, 41.9310264587, 29.5944881439, 25.1532726288, 16.4346427917, 24.1336994171, 13.5940637589], [257.385009766, -68.3593521118, 127.468566895, 26.7675113678, 52.9070091248, 63.6497535706, 41.9310264587, 117.046791077, 30.6203651428, 33.6172447205, 12.4712219238, 20.4258098602, 9.75262355804], [-196.674682617, 75.5387420654, -15.7159261703, 29.0224285126, 16.6594390869, 3.0474281311, 29.5944881439, 30.6203651428, 75.7500839233, 44.4658203125, 24.379573822, 23.9395008087, 19.7129211426], [74.6648864746, -91.2545852661, 90.9230728149, 6.47138738632, 37.897190094, 21.9824542999, 25.1532726288, 33.6172447205, 44.4658203125, 99.6809158325, 54.7491111755, 38.8265991211, 11.2820367813], [24.1564254761, -68.3827590942, 31.8396282196, 41.2092094421, 6.43188524246, 12.4597187042, 16.4346427917, 12.4712219238, 24.379573822, 54.7491111755, 87.4186935425, 61.2927703857, 24.7234802246], [5.15892553329, -39.7965126038, 31.3301849365, 36.8953094482, 17.27252388, 8.06520080566, 24.1336994171, 20.4258098602, 23.9395008087, 38.8265991211, 61.2927703857, 88.603263855, 47.2478065491], [-66.801071167, 59.8289337158, -41.3690986633, 38.2447280884, -3.37439775467, -2.218719244, 13.5940637589, 9.75262355804, 19.7129211426, 11.2820367813, 24.7234802246, 47.2478065491, 65.7189788818]], "icov": [[0.00014625726908, 0.000201285394724, 0.000171957566636, -0.000548908603378, 1.14621234388e-05, -0.000283778615994, -3.45428525179e-05, -0.000185921308002, 0.000603333697654, -0.000452617183328, 0.000515559979249, -9.83519494184e-05, 0.000192324107047], [0.000201285394724, 0.00137288274709, 0.00107356673107, -0.000838212668896, -0.00153403473087, -0.0001038235132, -0.000514915911481, 0.000136722956086, -0.000358705758117, 0.000413116882555, 0.000723353994545, 0.000758008973207, -0.000658112519886], [0.000171957566636, 0.00107356673107, 0.00289788213558, -0.000164639190189, -0.00277545745485, -0.00110818666872, 0.00107488792855, -0.00145668140613, 0.00120143417735, -0.00101736059878, 0.000672711466905, -0.000658078992274, 0.000965645129327], [-0.000548908603378, -0.000838212668896, -0.000164639190189, 0.00655142730102, 0.000618972349912, -0.00339756929316, -0.000512822938617, 0.00172806391492, -0.00395545409992, 0.00347571354359, -0.00393479270861, 0.000296087557217, -0.00208715256304], [1.14621234388e-05, -0.00153403473087, -0.00277545745485, 0.000618972349912, 0.0115866325796, -0.00369732407853, -0.0030975039117, 0.000580188701861, 0.000520734349266, -0.00277498853393, 0.00293946592137, -0.00306675722823, 0.00174477265682], [-0.000283778615994, -0.0001038235132, -0.00110818666872, -0.00339756929316, -0.00369732407853, 0.0144190164283, -0.00198158877902, -0.00395952630788, 0.00263289455324, -1.73994685611e-05, -0.00179510365706, 0.00318767409772, -2.30778678088e-05], [-3.45428525179e-05, -0.000514915911481, 0.00107488792855, -0.000512822938617, -0.0030975039117, -0.00198158877902, 0.0181955173612, -0.00386428507045, -0.00283709308133, -0.000859364692587, 0.000651389185805, -0.00375525909476, 0.0014457362704], [-0.000185921308002, 0.000136722956086, -0.00145668140613, 0.00172806391492, 0.000580188701861, -0.00395952630788, -0.00386428507045, 0.0151277491823, -0.00613080151379, 0.000445899611805, 0.00158782547805, -0.00090783071937, -0.00196777353995], [0.000603333697654, -0.000358705758117, 0.00120143417735, -0.00395545409992, 0.000520734349266, 0.00263289455324, -0.00283709308133, -0.00613080151379, 0.0275369510055, -0.0134536083788, 0.00321754370816, -0.000117884694191, -0.00146577192936], [-0.000452617183328, 0.000413116882555, -0.00101736059878, 0.00347571354359, -0.00277498853393, -1.73994685611e-05, -0.000859364692587, 0.000445899611805, -0.0134536083788, 0.0255936011672, -0.0142504591495, 0.00209335284308, -3.28523565258e-05], [0.000515559979249, 0.000723353994545, 0.000672711466905, -0.00393479270861, 0.00293946592137, -0.00179510365706, 0.000651389185805, 0.00158782547805, 0.00321754370816, -0.0142504591495, 0.0338169708848, -0.0202836785465, 0.00564077170566], [-9.83519494184e-05, 0.000758008973207, -0.000658078992274, 0.000296087557217, -0.00306675722823, 0.00318767409772, -0.00375525909476, -0.00090783071937, -0.000117884694191, 0.00209335284308, -0.0202836785465, 0.0369852408767, -0.0197982918471], [0.000192324107047, -0.000658112519886, 0.000965645129327, -0.00208715256304, 0.00174477265682, -2.30778678088e-05, 0.0014457362704, -0.00196777353995, -0.00146577192936, -3.28523565258e-05, 0.00564077170566, -0.0197982918471, 0.0304721351713]]}, "spectral_contrast_coeffs": {"dmean": [0.0475159324706, 0.0436339452863, 0.0318844914436, 0.0266364961863, 0.0192925650626, 0.016699001193], "dmean2": [0.0789396166801, 0.072469510138, 0.052447412163, 0.0444186069071, 0.0321645252407, 0.0267607811838], "dvar": [0.00192320067436, 0.00136405101512, 0.000654886185657, 0.000460369134089, 0.000251540419413, 0.000360031146556], "dvar2": [0.00505845248699, 0.00369060761295, 0.00179202260915, 0.00127519818489, 0.000671262096148, 0.000724719720893], "max": [-0.312916636467, -0.399551451206, -0.52795034647, -0.615818142891, -0.609019756317, -0.540828347206], "mean": [-0.656349539757, -0.734376013279, -0.79128664732, -0.795940995216, -0.79341429472, -0.71464163065], "median": [-0.663213431835, -0.737055897713, -0.792858958244, -0.796538889408, -0.790335297585, -0.707407295704], "min": [-0.957549571991, -0.961791336536, -0.977319419384, -0.960477292538, -0.963964521885, -0.957168698311], "var": [0.00738670676947, 0.00597471278161, 0.00263131922111, 0.0019949269481, 0.00149640871678, 0.00370544451289]}, "spectral_contrast_valleys": {"dmean": [0.343348145485, 0.315563708544, 0.274366527796, 0.233132436872, 0.195799812675, 0.185725420713], "dmean2": [0.57391500473, 0.522908687592, 0.446433871984, 0.37871068716, 0.30306366086, 0.266864806414], "dvar": [0.0939891263843, 0.0812785774469, 0.0705395266414, 0.056729182601, 0.0739326328039, 0.108726970851], "dvar2": [0.237801834941, 0.193317845464, 0.15319827199, 0.11190674454, 0.123275056481, 0.198339819908], "max": [-5.19963359833, -4.80809783936, -5.48274326324, -5.86714792252, -5.