{"lowlevel": {"average_loudness": 0.94670176506, "barkbands_crest": {"dmean": 2.41369724274, "dmean2": 3.70032858849, "dvar": 7.93256807327, "dvar2": 17.153011322, "max": 26.9185447693, "mean": 19.7193603516, "median": 21.0187416077, "min": 4.36343240738, "var": 25.2965126038}, "barkbands_flatness_db": {"dmean": 0.0373542904854, "dmean2": 0.0518330335617, "dvar": 0.0013307929039, "dvar2": 0.0024501378648, "max": 0.763071596622, "mean": 0.264683783054, "median": 0.232321113348, "min": 0.0489011891186, "var": 0.0186746176332}, "barkbands_kurtosis": {"dmean": 57.7725524902, "dmean2": 92.7727890015, "dvar": 330833.96875, "dvar2": 667277.9375, "max": 25711.1113281, "mean": 520.583190918, "median": 13.1053829193, "min": -1.91100752354, "var": 10561101}, "barkbands_skewness": {"dmean": 1.18516290188, "dmean2": 1.66511714458, "dvar": 11.5700302124, "dvar2": 21.3914299011, "max": 146.752746582, "mean": 6.89440345764, "median": 3.44251036644, "min": -2.20841240883, "var": 400.280334473}, "barkbands_spread": {"dmean": 4.82050085068, "dmean2": 7.09763813019, "dvar": 35.2587203979, "dvar2": 81.5144271851, "max": 78.4098052979, "mean": 11.5647125244, "median": 8.23613739014, "min": 0.0187501925975, "var": 118.621879578}, "dissonance": {"dmean": 0.0268368106335, "dmean2": 0.0450410693884, "dvar": 0.00087052496383, "dvar2": 0.00237502995878, "max": 0.499988257885, "mean": 0.44522151351, "median": 0.456845879555, "min": 0.182794049382, "var": 0.00213786470704}, "dynamic_complexity": 2.75269317627, "erbbands_crest": {"dmean": 2.97747826576, "dmean2": 4.61194753647, "dvar": 10.7090492249, "dvar2": 21.0012626648, "max": 32.8271217346, "mean": 11.3685493469, "median": 9.43075942993, "min": 2.1678173542, "var": 43.3419723511}, "erbbands_flatness_db": {"dmean": 0.0201771315187, "dmean2": 0.0293996650726, "dvar": 0.000494995212648, "dvar2": 0.000926034525037, "max": 0.470653802156, "mean": 0.172980979085, "median": 0.140089645982, "min": 0.0599891729653, "var": 0.00873374473304}, "erbbands_kurtosis": {"dmean": 1.12862575054, "dmean2": 1.67839360237, "dvar": 3.55585289001, "dvar2": 7.06143712997, "max": 33.5369300842, "mean": 0.843490421772, "median": -0.144067406654, "min": -1.91964793205, "var": 8.90638542175}, "erbbands_skewness": {"dmean": 0.37971457839, "dmean2": 0.567607462406, "dvar": 0.154634147882, "dvar2": 0.290848463774, "max": 3.26035571098, "mean": -0.0454764775932, "median": 0.0820692926645, "min": -4.57969903946, "var": 0.757955908775}, "erbbands_spread": {"dmean": 9.93855190277, "dmean2": 15.0199365616, "dvar": 128.013305664, "dvar2": 275.88369751, "max": 157.852798462, "mean": 45.1673622131, "median": 41.9595108032, "min": 3.46032834053, "var": 686.502990723}, "hfc": {"dmean": 9.55109024048, "dmean2": 13.9215536118, "dvar": 205.509094238, "dvar2": 480.815734863, "max": 153.167922974, "mean": 23.3458423615, "median": 18.1671600342, "min": 1.23532555577e-16, "var": 321.965179443}, "melbands_crest": {"dmean": 2.61107754707, "dmean2": 4.22300672531, "dvar": 10.1510715485, "dvar2": 23.5528049469, "max": 39.9990234375, "mean": 23.34233284, "median": 22.8102207184, "min": 2.16622495651, "var": 39.1171989441}, "melbands_flatness_db": {"dmean": 0.0403968729079, "dmean2": 0.0564377903938, "dvar": 0.00151194736827, "dvar2": 0.00287511828355, "max": 0.842773497105, "mean": 0.353807508945, "median": 0.323764801025, "min": 0.00674118706957, "var": 0.0213667452335}, "melbands_kurtosis": {"dmean": 166.622146606, "dmean2": 278.692443848, "dvar": 2477924, "dvar2": 5265953.5, "max": 67561.265625, "mean": 1259.46875, "median": 35.0516433716, "min": -1.7834944725, "var": 65890352}, "melbands_skewness": {"dmean": 1.58185184002, "dmean2": 2.39622402191, "dvar": 31.8222484589, "dvar2": 61.8475952148, "max": 252.996536255, "mean": 10.3518447876, "median": 5.18177700043, "min": -1.11846625805, "var": 1058.45874023}, "melbands_spread": {"dmean": 4.16563177109, "dmean2": 6.33151578903, "dvar": 52.2220153809, "dvar2": 126.18460083, "max": 173.748886108, "mean": 9.47372055054, "median": 5.6945772171, "min": 0.0136122955009, "var": 204.546920776}, "pitch_salience": {"dmean": 0.0772071406245, "dmean2": 0.117967106402, "dvar": 0.00738771446049, "dvar2": 0.0152199696749, "max": 0.839272797108, "mean": 0.306455880404, "median": 0.281009852886, "min": 0.000477825757116, "var": 0.0214708019048}, "silence_rate_20dB": {"dmean": 0, "dmean2": 0, "dvar": 0, "dvar2": 0, "max": 1, "mean": 1, "median": 1, "min": 1, "var": 0}, "silence_rate_30dB": {"dmean": 0.138482540846, "dmean2": 0.277019113302, "dvar": 0.119299560785, "dvar2": 0.259588718414, "max": 1, "mean": 0.438962548971, "median": 0, "min": 0, "var": 0.246283635497}, "silence_rate_60dB": {"dmean": 0.000780183356255, "dmean2": 0.00156067113858, "dvar": 0.000779612339102, "dvar2": 0.00155818474013, "max": 1, "mean": 0.0581123232841, "median": 0, "min": 0, "var": 0.0547377057374}, "spectral_centroid": {"dmean": 259.347900391, "dmean2": 407.053344727, "dvar": 111289.53125, "dvar2": 265853.78125, "max": 10873.2880859, "mean": 1069.88391113, "median": 902.436828613, "min": 119.113868713, "var": 502137.96875}, "spectral_complexity": {"dmean": 5.41876363754, "dmean2": 7.99570798874, "dvar": 49.5324821472, "dvar2": 95.3386611938, "max": 58, "mean": 15.7923164368, "median": 13, "min": 0, "var": 114.784515381}, "spectral_decrease": {"dmean": 5.77844394556e-09, "dmean2": 9.95176652197e-09, "dvar": 7.5692624407e-17, "dvar2": 2.09199363515e-16, "max": 4.83836032674e-29, "mean": -2.56962753298e-08, "median": -2.7971633898e-08, "min": -8.65639009362e-08, "var": 1.70300487143e-16}, "spectral_energy": {"dmean": 0.0222538895905, "dmean2": 0.0383543111384, "dvar": 0.00110568245873, "dvar2": 0.00304993893951, "max": 0.330654233694, "mean": 0.0991011187434, "median": 0.108104728162, "min": 1.10221525817e-20, "var": 0.002486160025}, "spectral_energyband_high": {"dmean": 0.000679719902109, "dmean2": 0.0010285996832, "dvar": 1.83255997399e-06, "dvar2": 4.51989035355e-06, "max": 0.0132970269769, "mean": 0.000877551385202, "median": 0.000260870612692, "min": 7.70369864239e-21, "var": 2.22638391278e-06}, "spectral_energyband_low": {"dmean": 0.0205124225467, "dmean2": 0.0344276204705, "dvar": 0.0010452993447, "dvar2": 0.00282013253309, "max": 0.315828084946, "mean": 0.0812341719866, "median": 0.0841936692595, "min": 4.80997523995e-23, "var": 0.00233331671916}, "spectral_energyband_middle_high": {"dmean": 0.00247090053745, "dmean2": 0.00343419378623, "dvar": 1.1718728274e-05, "dvar2": 2.34274830291e-05, "max": 0.0483690574765, "mean": 0.0052130902186, "median": 0.00331021100283, "min": 1.6658195749e-21, "var": 3.0093064197e-05}, "spectral_energyband_middle_low": {"dmean": 0.00779217714444, "dmean2": 0.0126506034285, "dvar": 0.00017540747649, "dvar2": 0.000422049866756, "max": 0.118784792721, "mean": 0.0128427268937, "median": 0.00872856937349, "min": 4.4781318756e-22, "var": 0.000201193310204}, "spectral_entropy": {"dmean": 0.240061044693, "dmean2": 0.347294062376, "dvar": 0.0632187575102, "dvar2": 0.132315441966, "max": 9.80288696289, "mean": 7.28139877319, "median": 7.50260686874, "min": 4.56565284729, "var": 0.699765980244}, "spectral_flux": {"dmean": 0.0465751513839, "dmean2": 0.071860447526, "dvar": 0.00298233260401, "dvar2": 0.00554009526968, "max": 0.430438637733, "mean": 0.0981202945113, "median": 0.0737923756242, "min": 1.0498644315e-10, "var": 0.00562158739194}, "spectral_kurtosis": {"dmean": 6.62489414215, "dmean2": 11.2036590576, "dvar": 280.217163086, "dvar2": 780.858886719, "max": 228.314956665, "mean": 14.1457929611, "median": 3.23733735085, "min": -1.16533863544, "var": 899.323425293}, "spectral_rms": {"dmean": 0.00107164040674, "dmean2": 0.001814672607, "dvar": 2.17250203605e-06, "dvar2": 5.84295594308e-06, "max": 0.0179607775062, "mean": 0.00928216520697, "median": 0.0102697629482, "min": 3.27922541551e-12, "var": 1.05254521259e-05}, "spectral_rolloff": {"dmean": 213.195770264, "dmean2": 366.010742188, "dvar": 279771.71875, "dvar2": 465975.78125, "max": 18712.3535156, "mean": 441.861602783, "median": 150.732421875, "min": 21.533203125, "var": 605514}, "spectral_skewness": {"dmean": 0.529825270176, "dmean2": 0.893596112728, "dvar": 0.920628428459, "dvar2": 2.65909218788, "max": 11.5773010254, "mean": 2.06013512611, "median": 1.51255762577, "min": 0.0244500208646, "var": 2.92421078682}, "spectral_spread": {"dmean": 490693.9375, "dmean2": 706365.75, "dvar": 563248562176, "dvar2": 961545633792, "max": 39609600, "mean": 4527008.5, "median": 4917827.5, "min": 329621.78125, "var": 4209204789250.0}, "spectral_strongpeak": {"dmean": 0.207232892513, "dmean2": 0.3544293046, "dvar": 0.460472851992, "dvar2": 1.30832183361, "max": 12.1676836014, "mean": 0.842418909073, "median": 0.824393928051, "min": 0, "var": 0.402496576309}, "zerocrossingrate": {"dmean": 0.00734421843663, "dmean2": 0.00854854192585, "dvar": 0.000143102515722, "dvar2": 0.0001571370085, "max": 0.51025390625, "mean": 0.0253100693226, "median": 0.01953125, "min": 0, "var": 0.000566094182432}, "barkbands": {"dmean": [0.000883554224856, 0.0182333607227, 0.00271232076921, 0.00225862138905, 0.00435274606571, 0.00087291240925, 0.000920727732591, 0.000421598408138, 0.000990417669527, 0.000433014414739, 0.000514562532771, 0.000393290218199, 0.000337529083481, 0.000473605003208, 0.000486566597829, 0.000207539953408, 0.000148203747813, 0.000144661375089, 0.000148368882947, 0.000176022716914, 0.000212346858461, 0.000157502567163, 0.000108995736809, 5.63342546229e-05, 6.27851768513e-05, 1.83507545444e-05, 4.69914130008e-06], "dmean2": [0.00146673980635, 0.030011670664, 0.00491666933522, 0.00391672179103, 0.00742059247568, 0.00140442349948, 0.00153217965271, 0.000704002566636, 0.00156407011673, 0.000678240321577, 0.000781251641456, 0.000522390881088, 0.000484870834043, 0.000653420225717, 0.000733793945983, 0.000332578812959, 0.00023786748352, 0.000231036596233, 0.000244885974098, 0.000293199671432, 0.00034292138298, 0.000246766809141, 0.000162278360222, 8.74792822287e-05, 9.00208106032e-05, 2.90432089969e-05, 7.30068359189e-06], "dvar": [3.13226041726e-06, 0.000757827307098, 5.98888291279e-05, 1.82115418284e-05, 8.589807112e-05, 2.44817260864e-06, 2.48205469688e-06, 6.06510241141e-07, 3.27355610352e-06, 5.33610943876e-07, 1.92586435332e-06, 2.00391355065e-06, 8.48810998377e-07, 1.46970444348e-06, 2.27419263865e-06, 2.23357631057e-07, 8.4122973476e-08, 8.41207992153e-08, 1.01713339973e-07, 2.10298495062e-07, 2.11918845139e-07, 9.52246352881e-08, 3.33246532591e-08, 1.2183810405e-08, 1.79611330253e-08, 1.73965952754e-09, 1.58249843785e-10], "dvar2": [8.57883151184e-06, 0.00197316869162, 0.000171569554368, 4.88935002068e-05, 0.000220929228817, 5.99534132562e-06, 6.49083631288e-06, 1.50951268552e-06, 8.25352435641e-06, 1.33331639063e-06, 3.93669597543e-06, 2.73515092886e-06, 1.27971622987e-06, 2.52939298662e-06, 4.39558289145e-06, 5.14691578246e-07, 2.05307074452e-07, 2.13053183984e-07, 2.7207374842e-07, 5.61178467251e-07, 5.51029359031e-07, 2.3846826025e-07, 7.09304259772e-08, 3.0720173072e-08, 3.64295225097e-08, 4.33750457773e-09, 3.85549508986e-10], "max": [0.026631815359, 0.284016311169, 0.104081846774, 0.0448598787189, 0.097575828433, 0.0222054123878, 0.0271638054401, 0.0146172223613, 0.027594121173, 0.0131073789671, 0.0309783257544, 0.0464139170945, 0.026516629383, 0.0207666493952, 0.0284015648067, 0.00837242230773, 0.00375724234618, 0.00362961692736, 0.00363293266855, 0.00604432448745, 0.00463226018474, 0.00348440627567, 0.00187496177386, 0.00115400040522, 0.0013724390883, 0.000530768244062, 0.000154422072228], "mean": [0.00138115207665, 0.0747783333063, 0.00406111683697, 0.00265808752738, 0.004484009929, 0.0015773383202, 0.00157091161236, 0.000585931760725, 0.00187844515312, 0.000671549292747, 0.000764298485592, 0.000749025784899, 0.000613343610894, 0.000819665496238, 0.000729809340555, 0.000263586378423, 0.00020991153724, 0.000175542911165, 0.000169093953446, 0.000183118492714, 0.000239124885411, 0.000201408576686, 0.000148531180457, 8.51152508403e-05, 8.22126821731e-05, 1.65597048181e-05, 4.14887335864e-06], "median": [0.000435217429185, 0.0781938508153, 0.00219818297774, 0.00137333315797, 0.00164345325902, 0.000722883909475, 0.000748589867726, 0.000248816446401, 0.000977835617959, 0.000357698008884, 0.000122798155644, 7.93170765974e-05, 0.000166290425113, 0.000155724439537, 0.000133977431688, 8.26515388326e-05, 9.07539433683e-05, 6.44481988274e-05, 7.27081060177e-05, 5.00813221151e-05, 6.29510032013e-05, 4.96086831845e-05, 3.70191119146e-05, 4.00729986723e-05, 1.87067307706e-05, 1.97867711904e-06, 1.73613543097e-07], "min": [7.07421617075e-25, 1.55335863025e-23, 1.54650153571e-23, 2.31020345786e-23, 8.68542735515e-23, 5.21946220734e-23, 6.96076789488e-23, 1.61198917086e-22, 4.46629820471e-23, 6.65249304381e-23, 1.19013273825e-22, 1.05230283468e-22, 6.49678452289e-23, 4.63113416184e-23, 1.0495680748e-22, 1.75084030221e-22, 1.9835055492e-22, 2.83929265631e-22, 3.6227446263e-22, 4.12736039336e-22, 3.24217288207e-22, 4.8423856849e-22, 6.85767563904e-22, 7.02107056818e-22, 9.91134332894e-22, 1.91131914706e-21, 2.55067705203e-21], "var": [4.46546937383e-06, 0.00212687323801, 4.47864113085e-05, 1.57415415742e-05, 7.48003076296e-05, 4.71003522762e-06, 4.41251177108e-06, 8.7794086312e-07, 6.44421515972e-06, 7.68607833379e-07, 5.59234513275e-06, 8.01006899565e-06, 3.08984795083e-06, 4.04442107538e-06, 4.90176080348e-06, 3.32489946686e-07, 1.19841061519e-07, 9.11835797979e-08, 8.74024053132e-08, 1.74569578348e-07, 2.07584250234e-07, 1.19571595292e-07, 5.58538140183e-08, 1.54425041643e-08, 2.64441961662e-08, 1.59739033112e-09, 1.51462065112e-10]}, "erbbands": {"dmean": [0.683088302612, 3.87312960625, 3.86300730705, 4.71164512634, 16.9943504333, 10.855140686, 6.23640537262, 8.03227519989, 12.489525795, 11.9869966507, 11.8367204666, 24.3900909424, 11.2069978714, 15.33182621, 19.4782485962, 12.3858137131, 16.5682544708, 15.3568162918, 28.958366394, 21.882068634, 10.8146972656, 8.89041805267, 7.62740850449, 8.02863788605, 7.61625480652, 8.02616119385, 7.94990682602, 8.79411220551, 5.96017360687, 4.80338096619, 2.42844176292, 1.30080199242, 0.881704986095, 0.505244970322, 0.588603913784, 0.135234043002, 0.0307226926088, 0.00406017620116, 0.000793433340732, 8.33097947179e-05], "dmean2": [1.12103652954, 6.38605594635, 6.83722829819, 8.31616210938, 29.0028648376, 18.754365921, 10.2395391464, 12.9670152664, 20.5819015503, 19.8756713867, 18.6848163605, 39.3113937378, 17.2401657104, 23.6377220154, 28.3792190552, 16.8756332397, 23.3896446228, 21.324432373, 40.9913063049, 33.966884613, 17.4975833893, 14.1181640625, 12.0676403046, 13.3232736588, 12.5095844269, 13.2980222702, 13.2104196548, 14.0509271622, 9.30123233795, 7.08725070953, 3.6386590004, 2.02996826172, 1.39714074135, 0.753911495209, 0.835575997829, 0.205685421824, 0.0478462167084, 0.00632293568924, 0.00122762611136, 0.000131476830575], "dvar": [1.00722026825, 38.8499069214, 91.4549331665, 90.8713378906, 1368.07470703, 579.812683105, 144.370864868, 212.923294067, 441.895263672, 599.455810547, 433.630249023, 2303.93310547, 316.321228027, 689.241455078, 2434.42895508, 1428.43701172, 2124.65917969, 1330.83337402, 6210.43261719, 6456.38525391, 601.116882324, 334.828369141, 211.553192139, 280.691864014, 244.135513306, 504.461761475, 341.900817871, 354.031188965, 135.904190063, 69.2870178223, 16.8141403198, 5.78809022903, 3.59071350098, 0.966866850853, 1.93330824375, 0.0941895768046, 0.0051982216537, 9.33307455853e-05, 4.55662802779e-06, 3.19700745877e-08], "dvar2": [2.47873735428, 103.427711487, 264.747619629, 255.305801392, 3406.26489258, 1585.61535645, 386.944641113, 528.937805176, 1148.46557617, 1554.12695312, 991.611083984, 5975.41308594, 767.790710449, 1611.35437012, 4666.66699219, 2026.35949707, 3081.6394043, 2478.61791992, 10877.8828125, 13912.4931641, 1443.8425293, 811.817382812, 530.353881836, 745.145019531, 642.978027344, 1355.50976562, 920.446350098, 901.490905762, 339.957305908, 144.831237793, 37.2292938232, 14.3927812576, 9.3201007843, 2.26467442513, 3.8176240921, 0.227861836553, 0.0126836616546, 0.000230366131291, 1.10413393486e-05, 7.64875949244e-08], "max": [8.89465427399, 60.6029243469, 118.608848572, 96.9344100952, 364.05569458, 295.933135986, 143.345825195, 234.689971924, 285.50592041, 475.081237793, 535.437927246, 746.223144531, 305.558013916, 359.315124512, 962.608276367, 1036.86706543, 1318.08911133, 966.52947998, 1699.21777344, 2139.5246582, 480.887664795, 263.599853516, 171.492248535, 179.886138916, 153.149093628, 321.761688232, 229.585678101, 193.078079224, 128.589828491, 81.3345870972, 60.3453216553, 31.7521247864, 21.405008316, 11.9861526489, 13.2814998627, 3.60171294212, 0.979465425014, 0.123185805976, 0.0267497301102, 0.00216215010732], "mean": [2.38041424751, 15.6054487228, 9.1754283905, 6.85479211807, 15.8662233353, 12.5098237991, 9.9596414566, 14.7158098221, 22.5422000885, 17.0070590973, 22.311208725, 43.3604431152, 19.1873950958, 24.5604743958, 33.7751693726, 24.0739345551, 31.9040622711, 26.8502044678, 47.5521583557, 32.7693519592, 14.4508714676, 12.892621994, 9.84230995178, 9.01426124573, 8.79552078247, 8.47990703583, 8.36025905609, 10.1706047058, 7.388859272, 6.73932933807, 3.42835569382, 1.92662203312, 1.28252363205, 0.724875211716, 0.730930864811, 0.133147865534, 0.0284577067941, 0.00377495097928, 0.00076131982496, 0.000165163481142], "median": [2.08727455139, 16.3876018524, 6.93055057526, 3.93060350418, 4.36133289337, 5.09753274918, 5.28854179382, 7.16281890869, 10.0497198105, 8.79427528381, 11.4168567657, 21.7135486603, 11.2957134247, 11.914056778, 7.31713867188, 5.12438011169, 9.21105766296, 7.80537080765, 11.9157733917, 7.97079563141, 4.9798207283, 5.3371219635, 4.26528692245, 3.62004613876, 3.55228877068, 2.35850048065, 2.22642993927, 2.51140761375, 1.80291008949, 1.69750356674, 0.952211260796, 0.873836398125, 0.592066764832, 0.291489601135, 0.0992958471179, 0.0164789240807, 0.00298881926574, 0.000353139184881, 8.07991236798e-05, 0.000130079890369], "min": [6.23591743543e-22, 2.94335216922e-21, 1.31051670397e-20, 6.481817653e-20, 1.52693107906e-19, 2.46091324565e-19, 6.16410753174e-19, 3.16299752471e-19, 9.87035230483e-19, 1.88776326303e-18, 3.16743876082e-18, 1.04069888291e-18, 1.38513161671e-18, 5.20484085782e-18, 4.16137567614e-18, 3.33689415392e-18, 3.12140512575e-18, 2.22640893786e-18, 4.58884979541e-18, 7.14341513754e-18, 9.33271241042e-18, 1.18725531105e-17, 1.67531271741e-17, 9.61890035876e-18, 2.36207379615e-17, 2.18773754112e-17, 1.51990218935e-17, 1.43939948322e-17, 1.8803755889e-17, 1.50862821391e-17, 2.06526418701e-17, 1.72194916034e-17, 1.01478600266e-17, 9.23287419203e-18, 7.76983487952e-18, 6.15568993503e-18, 3.65160825286e-18, 1.71156469357e-18, 3.90609367703e-19, 3.12920196219e-20], "var": [4.03767824173, 85.3174438477, 83.2493133545, 78.9089736938, 1178.19458008, 497.549713135, 174.567382812, 410.538269043, 1002.8458252, 693.478088379, 1241.94885254, 3657.53320312, 544.921081543, 1342.72094727, 7549.59423828, 5587.19482422, 7993.73388672, 3677.20581055, 14581.3261719, 13191.6474609, 848.926574707, 472.214416504, 241.634048462, 247.965240479, 224.509170532, 407.206237793, 294.328704834, 369.721801758, 164.459945679, 120.775535583, 28.1208953857, 7.9092373848, 3.97281193733, 1.29360735416, 2.82873487473, 0.0965330302715, 0.00506175216287, 8.98155121831e-05, 4.45965224571e-06, 3.54756792831e-08]}, "gfcc": {"mean": [-36.614364624, 122.68396759, -95.5869216919, 38.5288009644, -35.1300163269, 24.8670368195, -17.9897956848, 13.1600799561, -4.9408197403, 4.45262956619, -7.88792514801, -5.92127513885, -0.535078823566], "cov": [[33714.6835938, -481.301055908, -700.613586426, 1438.55163574, -3421.85595703, 627.252563477, -1517.81140137, -124.685935974, -764.563171387, -88.1705474854, -696.312988281, 276.144958496, -246.787918091], [-481.301055908, 3506.33129883, -602.743041992, -1530.09484863, 1089.50109863, -609.386657715, 450.919891357, -148.874130249, 349.187652588, -172.861999512, 220.292938232, -426.105560303, 196.654602051], [-700.613586426, -602.743041992, 1039.73999023, 423.445983887, 59.9810333252, 412.92388916, 81.0356521606, 144.356719971, 26.3093338013, 35.7818717957, -33.7130317688, 42.7672348022, -41.8255462646], [1438.55163574, -1530.09484863, 423.445983887, 1181.52197266, -559.705810547, 484.366394043, -187.702377319, 130.767807007, -105.751197815, 63.9971351624, -47.4866104126, 162.86895752, -50.8482551575], [-3421.85595703, 1089.50109863, 59.9810333252, -559.705810547, 1063.41003418, -117.769615173, 389.024200439, 4.18626976013, 182.360183716, -1.57292401791, 76.0431060791, -165.613571167, 104.08052063], [627.252563477, -609.386657715, 412.92388916, 484.366394043, -117.769615173, 543.903381348, 2.02146959305, 85.0886764526, 4.21189308167, -18.0718688965, 14.5538339615, 19.3030853271, -18.6655292511], [-1517.81140137, 450.919891357, 81.0356521606, -187.702377319, 389.024200439, 2.02146959305, 300.94140625, 59.4812507629, 103.310157776, -19.482667923, 61.0842247009, -59.3786430359, 34.914276123], [-124.685935974, -148.874130249, 144.356719971, 130.767807007, 4.18626976013, 85.0886764526, 59.4812507629, 114.668540955, 45.3836021423, 13.6827135086, -5.03729009628, 11.1313867569, -0.709275305271], [-764.563171387, 349.187652588, 26.3093338013, -105.751197815, 182.360183716, 4.21189308167, 103.310157776, 45.3836021423, 176.130722046, 12.9852724075, 54.448348999, -71.7604904175, 47.0299682617], [-88.1705474854, -172.861999512, 35.7818717957, 63.9971351624, -1.57292401791, -18.0718688965, -19.482667923, 13.6827135086, 12.9852724075, 111.885955811, 3.86821222305, 21.6285152435, -23.2098674774], [-696.312988281, 220.292938232, -33.7130317688, -47.4866104126, 76.0431060791, 14.5538339615, 61.0842247009, -5.03729009628, 54.448348999, 3.86821222305, 147.048126221, -2.56628227234, 27.263256073], [276.144958496, -426.105560303, 42.7672348022, 162.86895752, -165.613571167, 19.3030853271, -59.3786430359, 11.1313867569, -71.7604904175, 21.6285152435, -2.56628227234, 170.368515015, 5.94120073318], [-246.787918091, 196.654602051, -41.8255462646, -50.8482551575, 104.08052063, -18.6655292511, 34.914276123, -0.709275305271, 47.0299682617, -23.2098674774, 27.263256073, 5.94120073318, 113.763519287]], "icov": [[0.000141899581649, -0.000556115468498, 0.000137996888952, -0.000181510986295, 0.000528067990672, -0.000609706970863, 0.000257318664808, -0.000281808665022, 0.000550340511836, -0.000708956737071, 0.000956216419581, -0.000455196597613, -2.67635573437e-06], [-0.000556115468498, 0.00350571982563, -0.00054503895808, 0.0015493434621, -0.00224415562116, 0.00301774567924, -0.00135859963484, 0.00150415103417, -0.00283026997931, 0.00394929433241, -0.00487159658223, 0.00349230389111, -0.000838883395772], [0.000137996888952, -0.00054503895808, 0.00183419289533, -0.000317475467455, 7.63206480769e-05, -0.00169187644497, 0.00017926027067, -0.00118964584544, 0.000346562854247, -0.00097421760438, 0.00154831528198, -0.001069381251, 0.000706892926246], [-0.000181510986295, 0.0015493434621, -0.000317475467455, 0.00318108522333, -2.77150811598e-05, -0.000499499030411, -6.90266388119e-05, -0.0012194449082, -4.3820902647e-05, 0.000125184378703, -0.00188403460197, 0.00127859716304, -0.00138150609564], [0.000528067990672, -0.00224415562116, 7.63206480769e-05, -2.77150811598e-05, 0.00478883599862, -0.00245321705006, -0.00200896919705, 0.000122769357404, 0.00231276010163, -0.00445601576939, 0.00408696057275, -0.000567386334296, -0.00194090860896], [-0.000609706970863, 0.00301774567924, -0.00169187644497, -0.000499499030411, -0.00245321705006, 0.00715130800381, -0.00130582996644, 0.00135511916596, -0.00306279421784, 0.00560253020376, -0.00576614448801, 0.00360968941823, 4.49986910098e-05], [0.000257318664808, -0.00135859963484, 0.00017926027067, -6.90266388119e-05, -0.00200896919705, -0.00130582996644, 0.0097146127373, -0.00575494300574, 0.000482128118165, 0.000903348671272, -0.000342859013472, -0.00181355816312, 0.00171003967989], [-0.000281808665022, 0.00150415103417, -0.00118964584544, -0.0012194449082, 0.000122769357404, 0.00135511916596, -0.00575494300574, 0.017985638231, -0.00705807842314, 0.00127574393991, 0.00097942375578, -0.000679006625433, 0.000773323467001], [0.000550340511836, -0.00283026997931, 0.000346562854247, -4.3820902647e-05, 0.00231276010163, -0.00306279421784, 0.000482128118165, -0.00705807842314, 0.0154163399711, -0.00688639143482, 0.000982478726655, 0.00275753973983, -0.00477378116921], [-0.000708956737071, 0.00394929433241, -0.00097421760438, 0.000125184378703, -0.00445601576939, 0.00560253020376, 0.000903348671272, 0.00127574393991, -0.00688639143482, 0.017202084884, -0.00665477383882, 0.0010940330103, 0.00395371858031], [0.000956216419581, -0.00487159658223, 0.00154831528198, -0.00188403460197, 0.00408696057275, -0.00576614448801, -0.000342859013472, 0.00097942375578, 0.000982478726655, -0.00665477383882, 0.0166647061706, -0.00637715123594, 0.000224319985136], [-0.000455196597613, 0.00349230389111, -0.001069381251, 0.00127859716304, -0.000567386334296, 0.00360968941823, -0.00181355816312, -0.000679006625433, 0.00275753973983, 0.0010940330103, -0.00637715123594, 0.0139512103051, -0.00529940752313], [-2.67635573437e-06, -0.000838883395772, 0.000706892926246, -0.00138150609564, -0.00194090860896, 4.49986910098e-05, 0.00171003967989, 0.000773323467001, -0.00477378116921, 0.00395371858031, 0.000224319985136, -0.00529940752313, 0.0141430962831]]}, "melbands": {"dmean": [0.00546646257862, 0.00303421122953, 0.00119874055963, 0.00106964807492, 0.000248175638262, 0.000178874091944, 0.000182966105058, 0.000121268523799, 0.000123110410641, 0.000140063202707, 5.64662877878e-05, 6.31389193586e-05, 7.57841553423e-05, 4.47782622359e-05, 3.8388709072e-05, 3.14458375215e-05, 2.98599934467e-05, 5.20463945577e-05, 2.9928105505e-05, 2.1839465262e-05, 1.16546225399e-05, 1.00337456388e-05, 7.28260238247e-06, 7.39568667996e-06, 6.64407889417e-06, 5.37814230483e-06, 5.64745323572e-06, 5.56551094633e-06, 5.12086262461e-06, 4.84157271785e-06, 5.28720465809e-06, 3.32448871632e-06, 3.06682591145e-06, 2.91948754239e-06, 1.6846319113e-06, 8.70635915362e-07, 7.41992153053e-07, 6.51274149277e-07, 4.87599777443e-07, 4.11099819075e-07], "dmean2": [0.00893499236554, 0.00515569187701, 0.00205824314617, 0.00181623140816, 0.000416319293436, 0.000287489936454, 0.000303716980852, 0.000200918351766, 0.000192040592083, 0.000225791052799, 8.66534392117e-05, 9.77873060037e-05, 0.000112586792966, 6.06957255513e-05, 5.20713729202e-05, 4.54356559203e-05, 4.16517177655e-05, 7.30250758352e-05, 4.62360585516e-05, 3.44827894878e-05, 1.9117289412e-05, 1.61477837537e-05, 1.15273105621e-05, 1.20132544907e-05, 1.1221774912e-05, 8.81088089955e-06, 9.40860627452e-06, 9.3605613074e-06, 8.66459686222e-06, 7.77447166911e-06, 8.60073032527e-06, 5.22215032106e-06, 4.85293230668e-06, 4.30047793998e-06, 2.55399572779e-06, 1.34746619551e-06, 1.18628111068e-06, 1.04633670617e-06, 7.454086699e-07, 6.2085666741e-07], "dvar": [6.52843664284e-05, 3.46620363416e-05, 5.13367194799e-06, 5.15804504175e-06, 2.50909522492e-07, 1.00526818869e-07, 9.21444822666e-08, 5.60901085578e-08, 4.76253205761e-08, 7.45527657386e-08, 8.55636805852e-09, 1.09215401167e-08, 4.15599572534e-08, 3.04606011525e-08, 1.8184570294e-08, 5.48694245595e-09, 4.92647700412e-09, 1.98218366165e-08, 7.21240533963e-09, 5.63549473753e-09, 7.55866091939e-10, 5.07755282264e-10, 1.80170600661e-10, 2.23937687838e-10, 2.02840577668e-10, 1.16062021105e-10, 1.37550637547e-10, 3.09180819835e-10, 1.58892468627e-10, 1.06845580994e-10, 1.38844699626e-10, 4.28812124698e-11, 3.74076672416e-11, 2.48260804275e-11, 9.04399211771e-12, 2.51013988241e-12, 2.12964953832e-12, 2.05703206205e-12, 1.00215918463e-12, 6.42989134159e-13], "dvar2": [0.000165825505974, 9.89023756119e-05, 1.33883841045e-05, 1.32167633637e-05, 6.87218744133e-07, 2.48276904813e-07, 2.43131410116e-07, 1.4484871258e-07, 1.08527295595e-07, 1.94628356098e-07, 2.07930046514e-08, 2.60245247574e-08, 8.34198132793e-08, 4.22131449795e-08, 2.46448212948e-08, 9.48098488607e-09, 8.95874929796e-09, 3.42432215916e-08, 1.50182941638e-08, 1.21640013617e-08, 1.87702631216e-09, 1.22910503997e-09, 4.50214199255e-10, 5.74327030378e-10, 5.45235356864e-10, 3.04536229567e-10, 3.59821894502e-10, 8.45665759641e-10, 4.33578922765e-10, 2.77794537373e-10, 3.60903862351e-10, 1.08602092597e-10, 9.34124305685e-11, 5.0459029316e-11, 1.99551000724e-11, 5.88783579183e-12, 5.53498956737e-12, 5.43953337234e-12, 2.48071029864e-12, 1.53671173009e-12], "max": [0.0812620520592, 0.0541926920414, 0.0199105069041, 0.0248675029725, 0.0063972803764, 0.00485322717577, 0.00457395007834, 0.00440173922107, 0.00582832656801, 0.0042261807248, 0.0016454551369, 0.00154552608728, 0.00456602498889, 0.00647244835272, 0.004277294036, 0.00165606092196, 0.00161911558826, 0.00253900932148, 0.00190165499225, 0.0019374024123, 0.000557713443413, 0.000328698020894, 0.000155962290592, 0.000185505312402, 0.000161076997756, 0.000106329454866, 0.000102330799564, 0.000264566246187, 0.000174586326466, 9.45827341639e-05, 0.000137109993375, 7.60927432566e-05, 6.86330604367e-05, 4.69410624646e-05, 5.51770390302e-05, 2.64204118139e-05, 2.09950121643e-05, 1.57363501785e-05, 1.17557628982e-05, 1.21491266327e-05], "mean": [0.0215810555965, 0.0105445487425, 0.00148979213554, 0.00108136807103, 0.000383125967346, 0.000338315352565, 0.000324533029925, 0.000163046424859, 0.000241109970375, 0.000245604547672, 9.21053870115e-05, 0.000101400939457, 0.00012367356976, 8.33305675769e-05, 7.40301038604e-05, 5.51215816813e-05, 5.0549457228e-05, 8.59961946844e-05, 4.38179376943e-05, 3.08936250804e-05, 1.41477949001e-05, 1.38519453685e-05, 9.68088443187e-06, 8.62749129737e-06, 7.09688356437e-06, 6.29399482932e-06, 6.13223119217e-06, 5.57523253519e-06, 5.10024165123e-06, 5.42100997336e-06, 5.95529490965e-06, 4.03463855037e-06, 3.8322959881e-06, 3.92573838326e-06, 2.21906975639e-06, 1.30573960178e-06, 1.03869115264e-06, 8.89209388788e-07, 7.22768220385e-07, 5.72656347231e-07], "median": [0.0223987773061, 0.0104683339596, 0.000760326220188, 0.00035292794928, 0.000217653592699, 0.000172958389157, 0.000160231575137, 7.71567138145e-05, 0.000120361088193, 0.000125184698845, 4.8917492677e-05, 5.2996652812e-05, 2.34302970057e-05, 9.55913401413e-06, 1.48684011947e-05, 1.53678010975e-05, 1.02740104921e-05, 1.72056152223e-05, 9.24885353015e-06, 6.70923327561e-06, 4.68150392408e-06, 4.84794372824e-06, 4.71027487947e-06, 3.09040842694e-06, 2.72407305602e-06, 2.71602675639e-06, 1.93644723367e-06, 1.41346015425e-06, 1.29802265292e-06, 1.427720008e-06, 1.37145343615e-06, 9.85354290606e-07, 8.47173453167e-07, 8.98899202184e-07, 4.8355900617e-07, 5.7015256516e-07, 4.41269094154e-07, 3.66592644241e-07, 3.39463042565e-07, 2.26999191e-07], "min": [4.77301631768e-24, 5.76991325424e-24, 1.16103120192e-23, 1.60005966915e-23, 1.8516229942e-23, 7.9537847402e-24, 1.41223220316e-23, 2.27179334706e-23, 2.38651502193e-23, 5.54711487435e-24, 6.43578285573e-24, 2.00668433363e-23, 1.43708621261e-23, 1.20637050913e-23, 7.29542509453e-24, 5.65191701776e-24, 4.19478127415e-24, 6.48273980111e-24, 8.86601796897e-24, 1.18668598408e-23, 1.05380567781e-23, 1.25793645324e-23, 1.13281743387e-23, 1.55074576515e-23, 5.41414171915e-24, 1.82691886832e-23, 1.23129827708e-23, 1.59541185847e-23, 1.01725483329e-23, 7.37530357207e-24, 8.39744957963e-24, 1.1823149058e-23, 8.04465678332e-24, 8.73459610874e-24, 1.13271985178e-23, 1.16908294741e-23, 1.09179138143e-23, 7.33393728392e-24, 7.31600805327e-24, 7.46884827593e-24], "var": [0.000223742768867, 4.41400989075e-05, 4.62396201328e-06, 4.49020808446e-06, 2.66151289452e-07, 1.99808582124e-07, 1.87058688539e-07, 6.51875140534e-08, 1.46073148244e-07, 1.13648695788e-07, 1.49273731154e-08, 1.96302671895e-08, 1.25023447595e-07, 1.20868662634e-07, 7.16309642712e-08, 1.72532104159e-08, 1.3755274253e-08, 4.9409848657e-08, 1.47082577229e-08, 1.12219575854e-08, 9.26339949192e-10, 7.26017190811e-10, 2.12559206347e-10, 2.29200783353e-10, 1.69319280818e-10, 1.0836136155e-10, 1.2741362132e-10, 2.30390984068e-10, 1.27553190232e-10, 1.04896112629e-10, 1.36998662414e-10, 4.99825805744e-11, 4.66017259504e-11, 4.32335035827e-11, 1.44901139698e-11, 3.88023901204e-12, 2.53056364925e-12, 2.13242986637e-12, 1.23551288558e-12, 8.27115882295e-13]}, "mfcc": {"mean": [-670.316589355, 140.634796143, 19.0851478577, 25.8520736694, 14.5302906036, 17.318107605, 7.5045170784, 12.4411211014, 12.6682014465, 13.0336933136, 8.72835445404, 2.51379084587, -0.484053581953], "cov": [[17614.2011719, -851.979248047, 846.032470703, 1095.93603516, -644.694091797, 148.60824585, -473.877838135, -106.207122803, -241.721740723, -494.597137451, -354.228240967, -214.747802734, 78.987953186], [-851.979248047, 3448.61547852, -485.452270508, -604.540893555, 332.45892334, -107.250862122, 112.428527832, 24.0886707306, 131.803344727, 207.390457153, 105.414604187, 27.2123832703, -159.436462402], [846.032470703, -485.452270508, 736.135009766, 229.284225464, 21.3010005951, 219.026596069, 62.823135376, 113.876838684, 37.3778572083, 53.3548545837, 70.5023345947, -27.5453548431, -23.0865364075], [1095.93603516, -604.540893555, 229.284225464, 436.136871338, -5.13589143753, 85.7626647949, 31.6369152069, 23.8942756653, 28.5094261169, -8.24726295471, 5.41529846191, 7.5407204628, 31.1626834869], [-644.694091797, 332.45892334, 21.3010005951, -5.13589143753, 239.14831543, 127.677955627, 112.254592896, 58.601600647, 76.0458374023, 99.5242767334, 50.5054702759, -13.3094263077, -43.0410003662], [148.60824585, -107.250862122, 219.026596069, 85.7626647949, 127.677955627, 252.838165283, 138.223098755, 100.152786255, 60.7176399231, 61.5956687927, 50.5718994141, -17.1945762634, -31.8410873413], [-473.877838135, 112.428527832, 62.823135376, 31.6369152069, 112.254592896, 138.223098755, 204.906677246, 102.938453674, 61.3769035339, 64.723274231, 51.1749992371, 35.0066452026, -27.1005363464], [-106.207122803, 24.0886707306, 113.876838684, 23.8942756653, 58.601600647, 100.152786255, 102.938453674, 149.047714233, 80.3794784546, 42.6969184875, 11.1930885315, 12.3018894196, 18.7528495789], [-241.721740723, 131.803344727, 37.3778572083, 28.5094261169, 76.0458374023, 60.7176399231, 61.3769035339, 80.3794784546, 133.05329895, 94.6635360718, 19.1969604492, -11.2843513489, -6.76057577133], [-494.597137451, 207.390457153, 53.3548545837, -8.24726295471, 99.5242767334, 61.5956687927, 64.723274231, 42.6969184875, 94.6635360718, 166.528701782, 78.0479049683, -30.0858631134, -52.6732330322], [-354.228240967, 105.414604187, 70.5023345947, 5.41529846191, 50.5054702759, 50.5718994141, 51.1749992371, 11.1930885315, 19.1969604492, 78.0479049683, 141.103729248, 52.2687721252, -59.2195167542], [-214.747802734, 27.2123832703, -27.5453548431, 7.5407204628, -13.3094263077, -17.1945762634, 35.0066452026, 12.3018894196, -11.2843513489, -30.0858631134, 52.2687721252, 170.537979126, 51.689781189], [78.987953186, -159.436462402, -23.0865364075, 31.1626834869, -43.0410003662, -31.8410873413, -27.1005363464, 18.7528495789, -6.76057577133, -52.6732330322, -59.2195167542, 51.689781189, 149.842636108]], "icov": [[0.000119274947792, -0.000133975758217, -1.51469030243e-05, -0.000425303354859, 0.000466041237814, -0.00049424637109, 0.000432796601672, -0.000131007764139, 0.000195737025933, 7.28527011233e-05, 0.000294871599181, -1.8454164092e-05, 0.000161543182912], [-0.000133975758217, 0.000691576569807, 7.20239622751e-05, 0.00108525075484, -0.00131663377397, 0.00116701272782, -0.000641625083517, 0.000123162390082, -0.00061598920729, -0.000107370200567, -0.00036965162144, -0.000178717062226, 0.000180238508619], [-1.51469030243e-05, 7.20239622751e-05, 0.00266095530242, -0.000942432496231, 0.000806281226687, -0.00213933968917, 0.0015270926524, -0.00232339813374, 0.00142697163392, -0.000973740185145, -0.000882988446392, 0.000236711086472, 0.000326019828208], [-0.000425303354859, 0.00108525075484, -0.000942432496231, 0.00535426521674, -0.00218441151083, 0.00196065660566, -0.00268118316308, 0.00248816353269, -0.00329134566709, 0.00115120108239, -0.00154798792209, 0.000152721549966, -0.00129521894269], [0.000466041237814, -0.00131663377397, 0.000806281226687, -0.00218441151083, 0.0110455593094, -0.0063906959258, 0.000303858192638, 0.000480201066239, 9.45549836615e-05, -0.00239659682848, 0.00145983404946, 0.000150659398059, 0.000428288738476], [-0.00049424637109, 0.00116701272782, -0.00213933968917, 0.00196065660566, -0.0063906959258, 0.0139060169458, -0.00672395434231, -0.000894859374966, -0.00200466904789, 0.00260895607062, -0.0039859903045, 0.00295612867922, -0.000988282612525], [0.000432796601672, -0.000641625083517, 0.0015270926524, -0.00268118316308, 0.000303858192638, -0.00672395434231, 0.014829066582, -0.00775251211599, 0.00404201820493, -0.00334942946211, 0.00317126978189, -0.00465100258589, 0.00405540876091], [-0.000131007764139, 0.000123162390082, -0.00232339813374, 0.00248816353269, 0.000480201066239, -0.000894859374966, -0.00775251211599, 0.0189199093729, -0.0106322327629, 0.00368670211174, -0.000610463321209, 0.000923322339077, -0.00424100924283], [0.000195737025933, -0.00061598920729, 0.00142697163392, -0.00329134566709, 9.45549836615e-05, -0.00200466904789, 0.00404201820493, -0.0106322327629, 0.0225577335805, -0.0132826054469, 0.00650921836495, -0.00290756975301, 0.00173270667437], [7.28527011233e-05, -0.000107370200567, -0.000973740185145, 0.00115120108239, -0.00239659682848, 0.00260895607062, -0.00334942946211, 0.00368670211174, -0.0132826054469, 0.0216607805341, -0.0125899259001, 0.00793991051614, -0.00244290800765], [0.000294871599181, -0.00036965162144, -0.000882988446392, -0.00154798792209, 0.00145983404946, -0.0039859903045, 0.00317126978189, -0.000610463321209, 0.00650921836495, -0.0125899259001, 0.0225659999996, -0.0118975713849, 0.00874995999038], [-1.8454164092e-05, -0.000178717062226, 0.000236711086472, 0.000152721549966, 0.000150659398059, 0.00295612867922, -0.00465100258589, 0.000923322339077, -0.00290756975301, 0.00793991051614, -0.0118975713849, 0.014196401462, -0.00740038231015], [0.000161543182912, 0.000180238508619, 0.000326019828208, -0.00129521894269, 0.000428288738476, -0.000988282612525, 0.00405540876091, -0.00424100924283, 0.00173270667437, -0.00244290800765, 0.00874995999038, -0.00740038231015, 0.013507486321]]}, "spectral_contrast_coeffs": {"dmean": [0.0506465733051, 0.0498422086239, 0.0435960292816, 0.0375868305564, 0.0211875867099, 0.0280362442136], "dmean2": [0.0841376557946, 0.0808001086116, 0.06858433038, 0.0575326010585, 0.0336136668921, 0.0467569343746], "dvar": [0.0019893150311, 0.00180574518163, 0.0014583428856, 0.00121578515973, 0.000318834005157, 0.000964323582593], "dvar2": [0.00528943585232, 0.00461120903492, 0.00323841790669, 0.00234166695736, 0.000727761304006, 0.00264855870046], "max": [-0.256678164005, -0.386566698551, -0.451161175966, -0.519545018673, -0.621720075607, -0.531226158142], "mean": [-0.672349572182, -0.711039245129, -0.73454529047, -0.746265530586, -0.795921504498, -0.766726613045], "median": [-0.677347362041, -0.711283862591, -0.736247181892, -0.755788147449, -0.804731488228, -0.759139060974], "min": [-0.964216828346, -0.973151981831, -0.981036961079, -0.990507185459, -0.979010522366, -0.95883834362], "var": [0.00712872156873, 0.00768824853003, 0.00658823829144, 0.00639284215868, 0.00244324491359, 0.00304801482707]}, "spectral_contrast_valleys": {"dmean": [0.392103880644, 0.481993079185, 0.52496355772, 0.48501560092, 0.467941731215, 0.486057758331], "dmean2": [0.649815559387, 0.745459914207, 0.779851436615, 0.714602530003, 0.644377708435, 0.713659226894], "dvar": [0.183997824788, 0.235242560506, 0.271934598684, 0.265721589327, 0.263505667448, 0.308622807264], "dvar2": [0.395563930273, 0.490481287241, 0.547043442726, 0.539554953575, 0.517999708652, 0.809367537498], "max": [-4.6333694458, -4.59253406525, -5.25971364975, -5.97320890427, -5.57657527924, -8.10581970215], "mean": [-6.87464523315, -7.21086978912, -7.