{"lowlevel": {"average_loudness": 0.121468275785, "barkbands_crest": {"dmean": 1.74419569969, "dmean2": 2.84633851051, "dvar": 3.33962512016, "dvar2": 9.3984003067, "max": 26.7621574402, "mean": 13.3731546402, "median": 12.5193309784, "min": 3.7788901329, "var": 21.4028339386}, "barkbands_flatness_db": {"dmean": 0.0220471005887, "dmean2": 0.037902764976, "dvar": 0.000402148958528, "dvar2": 0.00112444802653, "max": 0.59408557415, "mean": 0.394144266844, "median": 0.396465629339, "min": 0.0431151837111, "var": 0.00350716919638}, "barkbands_kurtosis": {"dmean": 1.72844946384, "dmean2": 2.69965863228, "dvar": 14.4101581573, "dvar2": 36.1511116028, "max": 244.66569519, "mean": 4.80739307404, "median": 2.9315071106, "min": -1.90345847607, "var": 62.0354347229}, "barkbands_skewness": {"dmean": 0.3435793221, "dmean2": 0.551849901676, "dvar": 0.164910018444, "dvar2": 0.416225522757, "max": 11.2845678329, "mean": 0.864083945751, "median": 0.925241351128, "min": -11.0103168488, "var": 1.53657853603}, "barkbands_spread": {"dmean": 0.807004451752, "dmean2": 1.30965924263, "dvar": 1.57761836052, "dvar2": 3.8441696167, "max": 109.209526062, "mean": 4.67056035995, "median": 3.83005428314, "min": 0.198904722929, "var": 13.5435009003}, "dissonance": {"dmean": 0.0431876555085, "dmean2": 0.0742700919509, "dvar": 0.00169746333268, "dvar2": 0.00449250731617, "max": 0.500000178814, "mean": 0.364070743322, "median": 0.37138786912, "min": 0.0574572458863, "var": 0.00576697848737}, "dynamic_complexity": 5.09722423553, "erbbands_crest": {"dmean": 1.82382953167, "dmean2": 2.88945412636, "dvar": 3.89159417152, "dvar2": 10.5732021332, "max": 32.7866096497, "mean": 14.6474218369, "median": 13.6699829102, "min": 2.46036219597, "var": 32.2703895569}, "erbbands_flatness_db": {"dmean": 0.0142489355057, "dmean2": 0.0236593820155, "dvar": 0.000196352455532, "dvar2": 0.000508094206452, "max": 0.574369549751, "mean": 0.406184107065, "median": 0.408056885004, "min": 0.0309982541949, "var": 0.00299423816614}, "erbbands_kurtosis": {"dmean": 1.12980782986, "dmean2": 1.63840532303, "dvar": 8.61830329895, "dvar2": 15.4346036911, "max": 155.615783691, "mean": 3.14056062698, "median": 1.24595546722, "min": -1.82210874557, "var": 63.4142189026}, "erbbands_skewness": {"dmean": 0.253454476595, "dmean2": 0.387858271599, "dvar": 0.0888481661677, "dvar2": 0.194728672504, "max": 6.81764411926, "mean": 0.755932927132, "median": 0.786331534386, "min": -9.85025215149, "var": 1.32222604752}, "erbbands_spread": {"dmean": 1.4056032896, "dmean2": 2.23853826523, "dvar": 3.12201452255, "dvar2": 7.89257335663, "max": 135.956680298, "mean": 9.90498542786, "median": 8.91694641113, "min": 0.417255759239, "var": 38.1509094238}, "hfc": {"dmean": 1.94760000706, "dmean2": 2.63844037056, "dvar": 24.2527256012, "dvar2": 45.1117591858, "max": 261.315307617, "mean": 9.52617931366, "median": 5.5896935463, "min": 1.18916014256e-16, "var": 141.386459351}, "melbands_crest": {"dmean": 2.23606038094, "dmean2": 3.6630551815, "dvar": 5.45334386826, "dvar2": 16.4876556396, "max": 32.4477882385, "mean": 15.2957401276, "median": 14.8170909882, "min": 1.53279149532, "var": 23.1143913269}, "melbands_flatness_db": {"dmean": 0.0249674245715, "dmean2": 0.0427271835506, "dvar": 0.000581773347221, "dvar2": 0.00159160373732, "max": 0.771424710751, "mean": 0.517504453659, "median": 0.522798120975, "min": 0.00230534258299, "var": 0.00669771246612}, "melbands_kurtosis": {"dmean": 1.88783872128, "dmean2": 3.04007411003, "dvar": 14.6989164352, "dvar2": 41.066570282, "max": 338.701263428, "mean": 5.40218496323, "median": 3.58384037018, "min": -1.94114851952, "var": 64.9931564331}, "melbands_skewness": {"dmean": 0.349422156811, "dmean2": 0.560393154621, "dvar": 0.143577963114, "dvar2": 0.373297303915, "max": 14.232380867, "mean": 1.12073242664, "median": 1.11803209782, "min": -6.17144441605, "var": 1.53632771969}, "melbands_spread": {"dmean": 1.23250961304, "dmean2": 2.00556850433, "dvar": 6.29156160355, "dvar2": 16.1909713745, "max": 172.831375122, "mean": 7.34823322296, "median": 5.55037593842, "min": 0.478894650936, "var": 91.9300003052}, "pitch_salience": {"dmean": 0.0489425249398, "dmean2": 0.0801760330796, "dvar": 0.00253996276297, "dvar2": 0.00689121847972, "max": 0.843857824802, "mean": 0.512376129627, "median": 0.517233252525, "min": 0.0582741610706, "var": 0.0156702362001}, "silence_rate_20dB": {"dmean": 0, "dmean2": 0, "dvar": 0, "dvar2": 0, "max": 1, "mean": 1, "median": 1, "min": 1, "var": 0}, "silence_rate_30dB": {"dmean": 0.00737503403798, "dmean2": 0.0147507395595, "dvar": 0.00732442364097, "dvar2": 0.0174445640296, "max": 1, "mean": 0.981199085712, "median": 1, "min": 0, "var": 0.0184546019882}, "silence_rate_60dB": {"dmean": 0.0162068642676, "dmean2": 0.0324152074754, "dvar": 0.0159476976842, "dvar2": 0.0358203388751, "max": 1, "mean": 0.17148450017, "median": 0, "min": 0, "var": 0.142049759626}, "spectral_centroid": {"dmean": 31.145532608, "dmean2": 49.8123321533, "dvar": 5866.63330078, "dvar2": 10315.7412109, "max": 11461.4980469, "mean": 493.160644531, "median": 428.933319092, "min": 125.951309204, "var": 93176.5625}, "spectral_complexity": {"dmean": 1.1133569479, "dmean2": 1.86396539211, "dvar": 1.72776424885, "dvar2": 3.78944635391, "max": 31, "mean": 9.10993766785, "median": 9, "min": 0, "var": 22.4809303284}, "spectral_decrease": {"dmean": 1.08567743684e-09, "dmean2": 1.58277868589e-09, "dvar": 4.04428619248e-18, "dvar2": 8.33661489934e-18, "max": 2.88246800876e-18, "mean": -5.77985215244e-09, "median": -3.64900509808e-09, "min": -5.6207660748e-08, "var": 4.37402255308e-17}, "spectral_energy": {"dmean": 0.00426662294194, "dmean2": 0.0062000034377, "dvar": 6.33253876003e-05, "dvar2": 0.000129689549794, "max": 0.221399903297, "mean": 0.0226785708219, "median": 0.0143456924707, "min": 1.10698439061e-20, "var": 0.000666821550112}, "spectral_energyband_high": {"dmean": 1.42217970733e-06, "dmean2": 2.12334430216e-06, "dvar": 2.53492810076e-10, "dvar2": 5.61307778035e-10, "max": 0.00135860254522, "mean": 1.85103840522e-06, "median": 1.52454529001e-08, "min": 7.87404049523e-21, "var": 3.15045628474e-10}, "spectral_energyband_low": {"dmean": 0.0011270379182, "dmean2": 0.00166728533804, "dvar": 8.32063960843e-06, "dvar2": 1.65949495567e-05, "max": 0.18763191998, "mean": 0.00529338046908, "median": 0.00102139043156, "min": 5.91698816586e-23, "var": 0.000193179745111}, "spectral_energyband_middle_high": {"dmean": 0.000601094565354, "dmean2": 0.000795758096501, "dvar": 6.46123726256e-06, "dvar2": 1.18628549899e-05, "max": 0.175204604864, "mean": 0.00207813596353, "median": 0.00063030491583, "min": 2.01190196695e-21, "var": 2.79595515167e-05}, "spectral_energyband_middle_low": {"dmean": 0.00352592999116, "dmean2": 0.00529042864218, "dvar": 4.20967153332e-05, "dvar2": 9.0315581474e-05, "max": 0.161137953401, "mean": 0.0161237102002, "median": 0.0107095111161, "min": 2.98180132548e-22, "var": 0.000306818197714}, "spectral_entropy": {"dmean": 0.125859245658, "dmean2": 0.204801097512, "dvar": 0.0305991563946, "dvar2": 0.0772203356028, "max": 9.80732059479, "mean": 5.46174621582, "median": 5.42619132996, "min": 3.56912279129, "var": 0.249834284186}, "spectral_flux": {"dmean": 0.0128249628469, "dmean2": 0.0208551287651, "dvar": 0.000451328785857, "dvar2": 0.00107132038102, "max": 0.376217186451, "mean": 0.0356168597937, "median": 0.0269035827368, "min": 1.05213324164e-10, "var": 0.000962296850048}, "spectral_kurtosis": {"dmean": 45.5444450378, "dmean2": 80.2653808594, "dvar": 2073.4543457, "dvar2": 6141.38769531, "max": 602.848205566, "mean": 161.840515137, "median": 148.84803772, "min": -1.20977032185, "var": 9603.01171875}, "spectral_rms": {"dmean": 0.000410218490288, "dmean2": 0.000598459097091, "dvar": 3.35617954761e-07, "dvar2": 6.76248930631e-07, "max": 0.0146969351918, "mean": 0.00404667295516, "median": 0.00374109577388, "min": 3.28631219459e-12, "var": 5.7499041759e-06}, "spectral_rolloff": {"dmean": 44.1021766663, "dmean2": 79.8503723145, "dvar": 60807.7773438, "dvar2": 159691.015625, "max": 18949.21875, "mean": 650.101257324, "median": 473.73046875, "min": 86.1328125, "var": 1452332.75}, "spectral_skewness": {"dmean": 1.88458406925, "dmean2": 3.34276008606, "dvar": 2.99644899368, "dvar2": 8.38391208649, "max": 19.0871639252, "mean": 8.94521999359, "median": 8.94874668121, "min": -0.0162103287876, "var": 13.5981121063}, "spectral_spread": {"dmean": 301374.5, "dmean2": 543104.1875, "dvar": 117001551872, "dvar2": 266448732160, "max": 41283984, "mean": 842565.9375, "median": 750978.375, "min": 146824.859375, "var": 637496918016}, "spectral_strongpeak": {"dmean": 0.299969702959, "dmean2": 0.461794108152, "dvar": 0.345391333103, "dvar2": 0.699130177498, "max": 23.7400093079, "mean": 1.31316447258, "median": 0.82164555788, "min": 0, "var": 2.15784931183}, "zerocrossingrate": {"dmean": 0.00172141031362, "dmean2": 0.00227641547099, "dvar": 9.21332684811e-06, "dvar2": 1.10287710413e-05, "max": 0.5087890625, "mean": 0.024065438658, "median": 0.02001953125, "min": 0.00341796875, "var": 0.00107943604235}, "barkbands": {"dmean": [1.16747769425e-05, 0.000511566642672, 0.000507974938955, 0.000846278155223, 0.000785441778135, 0.00136762007605, 0.0010798254516, 0.000559023872484, 0.000444374774816, 0.00014097141684, 0.000149614206748, 0.000148129023728, 9.3345042842e-05, 0.000157106667757, 3.59997538908e-05, 1.73226035258e-05, 1.07962505353e-05, 4.12569625041e-06, 3.0948008316e-06, 1.59462604188e-06, 5.91104821979e-07, 1.62811133464e-07, 4.42801209033e-08, 1.30865371872e-08, 3.49341999772e-09, 1.21185150803e-09, 1.11364983901e-09], "dmean2": [2.08798537642e-05, 0.000701829791069, 0.000741992203984, 0.00144732533954, 0.00124150607735, 0.00236001587473, 0.00134604494087, 0.000753246073145, 0.000564686662983, 0.00018107437063, 0.000193939893506, 0.000228887700359, 0.00013935827883, 0.000212906801607, 5.26618678123e-05, 2.60855322267e-05, 1.58101047418e-05, 5.99415488978e-06, 4.39918130724e-06, 2.24899054047e-06, 9.08454069304e-07, 2.50581678074e-07, 6.37306740714e-08, 2.21276543755e-08, 5.97293592364e-09, 2.22600915478e-09, 2.06025285721e-09], "dvar": [1.94688612454e-10, 3.10019322569e-06, 1.95626580535e-06, 4.98563031215e-06, 2.83125814349e-06, 8.92718253453e-06, 7.89311070548e-06, 5.77914397581e-06, 4.99162024425e-06, 6.93745278113e-07, 1.02605156371e-06, 3.48197147559e-07, 6.60006151065e-07, 2.44821490014e-06, 4.8207152048e-08, 7.00289293221e-09, 4.33872138217e-09, 7.14840076022e-10, 7.14991177375e-10, 2.04546171667e-10, 3.92556508133e-11, 6.13914041131e-12, 3.71185395788e-13, 6.76278694503e-14, 6.01190994028e-15, 3.77040636079e-17, 5.6032801104e-18], "dvar2": [5.75983760687e-10, 4.95072390549e-06, 4.40349276687e-06, 1.57952454174e-05, 7.03825480741e-06, 2.65990820481e-05, 1.19676142276e-05, 9.97421102511e-06, 8.51740787766e-06, 9.86694772109e-07, 1.70165753843e-06, 7.20672801435e-07, 1.60224897172e-06, 4.66923847853e-06, 9.85677672816e-08, 1.53908548128e-08, 1.03758290848e-08, 1.55031443239e-09, 1.65088154258e-09, 4.32342384116e-10, 9.62138146932e-11, 1.57983209848e-11, 8.78241002058e-13, 1.8826590677e-13, 1.57833205598e-14, 1.07026675997e-16, 1.7779840294e-17], "max": [0.000173260748852, 0.159826800227, 0.052229758352, 0.0595018565655, 0.0389255993068, 0.0698868334293, 0.143889009953, 0.0815085098147, 0.117012627423, 0.0575357414782, 0.0632260590792, 0.0377546846867, 0.0668164789677, 0.131124094129, 0.0157596636564, 0.00309237302281, 0.00302329170518, 0.00100890430622, 0.00139599130489, 0.00114342244342, 0.000339090358466, 0.00013928473345, 4.00548706239e-05, 1.75730510819e-05, 7.93932304077e-06, 4.46968101642e-07, 7.79441009513e-08], "mean": [1.25790356833e-05, 0.00299443863332, 0.00149731547572, 0.00167556991801, 0.00213268795051, 0.0035999417305, 0.00483481027186, 0.00212537171319, 0.00165692821611, 0.000491569633596, 0.000438196322648, 0.000433646229794, 0.000204262629268, 0.000416388531448, 7.8048913565e-05, 4.41021220468e-05, 2.52739682765e-05, 8.29438522487e-06, 5.84464396525e-06, 2.29589181799e-06, 7.42707186419e-07, 1.94613775761e-07, 5.54552883614e-08, 1.11689351101e-08, 2.98905455942e-09, 1.21196797043e-09, 1.19891407913e-09], "median": [7.70669339545e-06, 0.000139042793307, 0.000242711888859, 0.000434429821325, 0.00077493902063, 0.00171250640415, 0.00111109286081, 0.000158385577379, 0.000299403094687, 0.000105351828097, 9.02878309716e-05, 0.00011238760635, 3.11099611281e-05, 2.52843328781e-05, 4.98748113387e-06, 2.65334188043e-06, 7.29724376924e-07, 3.95627722583e-07, 9.57906109988e-08, 1.73399374859e-08, 3.92100574231e-09, 1.10415498966e-09, 5.7511451157e-10, 4.27872598463e-10, 3.99206917523e-10, 4.64311089576e-10, 5.70176239556e-10], "min": [1.00005900662e-23, 2.5062200889e-23, 2.52811271452e-23, 1.90876034734e-23, 7.80808717971e-23, 6.68459274068e-23, 2.72994403929e-23, 5.72293595624e-23, 4.4496232629e-23, 8.52308924719e-23, 7.64898213929e-23, 1.00426688535e-22, 7.86703465309e-23, 1.33268836042e-22, 9.46721186251e-23, 1.5936964331e-22, 3.03555771544e-22, 5.88808657422e-22, 1.90452365941e-22, 3.14012305858e-22, 2.94210862151e-22, 5.37960273815e-22, 6.11245679102e-22, 9.75819980504e-22, 1.32363428195e-21, 1.69365462661e-21, 2.47866770815e-21], "var": [2.13868256438e-10, 0.000125622973428, 1.42202552524e-05, 1.07251862573e-05, 1.11228437163e-05, 3.00628380501e-05, 9.24331689021e-05, 3.48304201907e-05, 2.37745334744e-05, 5.06196602146e-06, 4.31897797171e-06, 1.29880493205e-06, 1.03324236989e-06, 9.46768341237e-06, 1.00284694327e-07, 1.7698983612e-08, 1.13494271758e-08, 1.23585308653e-09, 1.10246634044e-09, 2.84305273768e-10, 4.25312944585e-11, 6.16199712783e-12, 4.52486165941e-13, 4.62829915452e-14, 4.52600747475e-15, 2.53994707548e-17, 4.25610109117e-18]}, "erbbands": {"dmean": [0.00736839650199, 0.141801506281, 0.539436817169, 1.62460267544, 2.86697220802, 2.35349345207, 6.3146982193, 13.9514446259, 14.3182077408, 12.5558948517, 12.1984968185, 7.57081413269, 7.97882318497, 6.03755807877, 4.4302816391, 4.74430847168, 4.25111913681, 6.87008190155, 4.01421785355, 1.58435511589, 0.915189087391, 0.585231304169, 0.237650662661, 0.18658696115, 0.12724943459, 0.070652268827, 0.0363283678889, 0.0166422314942, 0.00744224200025, 0.00270461314358, 0.00104341632687, 0.000351613998646, 0.000166395766428, 6.74488037475e-05, 1.9853023332e-05, 6.68390839564e-06, 2.8216049941e-06, 8.33887725094e-07, 2.0427698928e-06, 4.78581068819e-06], "dmean2": [0.010634271428, 0.192954182625, 0.756826221943, 2.73673057556, 4.77378749847, 3.79936003685, 9.31079292297, 25.1443862915, 18.6395530701, 16.7342853546, 16.4321098328, 9.98873996735, 9.34921550751, 7.57813405991, 6.42015266418, 7.30166053772, 5.98135471344, 9.01422119141, 5.56511878967, 2.28897047043, 1.36683475971, 0.829719662666, 0.343948692083, 0.274184256792, 0.162980258465, 0.100661695004, 0.0561002381146, 0.0247399378568, 0.0114958817139, 0.00407101912424, 0.00154015468433, 0.000559102569241, 0.000285859510768, 0.000112973459181, 3.32820163749e-05, 1.14016347652e-05, 4.73515774502e-06, 1.44452064887e-06, 2.94054962069e-06, 6.92625872034e-06], "dvar": [0.00052213500021, 0.23704585433, 2.34438610077, 14.9554710388, 57.4045333862, 33.0976486206, 214.719436646, 1202.13220215, 1379.54125977, 1136.39208984, 3414.24047852, 1195.42370605, 1141.93554688, 1538.35058594, 212.499130249, 446.886871338, 1111.03320312, 3947.82128906, 2524.56884766, 82.695350647, 19.1029720306, 16.1431865692, 2.29587340355, 1.98113489151, 1.15410172939, 0.418073862791, 0.163588166237, 0.038685053587, 0.0130551606417, 0.00163461756893, 0.000233555751038, 3.41417653544e-05, 1.28628525999e-05, 2.8790284432e-06, 1.66940012036e-07, 3.29009464117e-09, 1.32066024783e-10, 5.77287263132e-12, 1.53731281177e-11, 8.13564146607e-11], "dvar2": [0.000894165830687, 0.377664983273, 4.6887960434, 46.4485816956, 150.71887207, 86.0225143433, 445.042694092, 3908.0078125, 2093.72094727, 2073.98022461, 6086.91992188, 2160.51025391, 1493.28552246, 2561.20922852, 396.919830322, 971.164855957, 2580.57226562, 7290.44873047, 4550.90625, 166.780029297, 41.3683166504, 38.49559021, 4.94430685043, 4.41370201111, 2.42809700966, 0.873256981373, 0.370234042406, 0.10100312531, 0.0340905413032, 0.00409824075177, 0.00057964771986, 9.03127001948e-05, 3.56147465936e-05, 7.658620234e-06, 4.22739930173e-07, 8.73306582605e-09, 3.60609958561e-10, 1.60640788865e-11, 3.0856293215e-11, 1.6530515845e-10], "max": [1.97101843357, 43.4630508423, 64.39868927, 110.344764709, 168.138336182, 184.797149658, 505.096160889, 834.221862793, 2084.75024414, 1172.62316895, 2545.05712891, 1728.56689453, 1487.68847656, 2359.72387695, 564.377624512, 1607.94433594, 2660.65087891, 3827.2890625, 5724.56152344, 641.412963867, 169.703155518, 211.2447052, 61.1539382935, 72.4900817871, 65.4365005493, 56.8471298218, 32.6951637268, 10.9777841568, 7.06421279907, 2.48812270164, 0.990351259708, 0.400774210691, 0.267378658056, 0.165702804923, 0.0446231327951, 0.00563904130831, 0.000893791439012, 0.000153091168613, 0.000121370401757, 0.000249107310083], "mean": [0.039452213794, 0.825448870659, 1.84334087372, 3.89794111252, 5.709233284, 6.61324596405, 21.9044456482, 32.476184845, 66.464630127, 47.4937934875, 45.5842399597, 26.8523674011, 34.1653327942, 19.5572433472, 13.9791660309, 14.0557012558, 10.4753417969, 17.1380558014, 11.4073314667, 3.80098867416, 2.41286635399, 1.52093553543, 0.512569904327, 0.352888762951, 0.252530306578, 0.102433800697, 0.045801885426, 0.0214197617024, 0.00885600037873, 0.00316058588214, 0.0012969695963, 0.000392633752199, 0.000146353675518, 6.93908586982e-05, 3.0135466659e-05, 1.6477317331e-05, 8.98534926819e-06, 2.01614693651e-06, 1.09014044938e-05, 2.53962898569e-05], "median": [0.0029766599182, 0.0430688075721, 0.255172789097, 1.31682431698, 1.4527567625, 2.34070897102, 8.90751647949, 12.9087057114, 17.2926826477, 14.8124227524, 6.67061185837, 6.87288713455, 5.80244874954, 4.63666200638, 4.77787590027, 3.66109704971, 1.84399032593, 1.52441060543, 0.934232294559, 0.327518701553, 0.187256172299, 0.0544418133795, 0.0302243344486, 0.00986867304891, 0.00441051786765, 0.000937937351409, 0.000309568509692, 0.000127947365399, 5.53376703465e-05, 3.37953097187e-05, 2.4455232051e-05, 1.99184669327e-05, 1.72048621607e-05, 1.48742783495e-05, 1.24113184938e-05, 9.39298934099e-06, 5.54950247533e-06, 1.20472964227e-06, 6.92655930834e-06, 1.60762610903e-05], "min": [5.86031513625e-22, 6.30198535666e-21, 2.35037603411e-20, 5.13122299822e-20, 2.05370373307e-19, 2.75614512151e-19, 4.10230117683e-19, 4.05842415671e-19, 4.35861575583e-19, 6.29492304369e-19, 1.30750847104e-18, 1.19920850517e-18, 1.31618363111e-18, 4.2806369225e-18, 2.46926358224e-18, 4.47772014806e-18, 3.6654602194e-18, 6.27011382916e-18, 5.64017402008e-18, 4.16504835806e-18, 1.28178906833e-17, 1.68711129079e-17, 2.71815685188e-17, 1.97246329039e-17, 1.03080071563e-17, 1.74511187185e-17, 1.35139135379e-17, 1.30739055644e-17, 1.75427736391e-17, 1.88005166498e-17, 1.58631652074e-17, 2.1094305032e-17, 1.51397825268e-17, 1.27193205328e-17, 1.04571693274e-17, 6.27305156111e-18, 3.37088796838e-18, 1.42581566795e-18, 3.72551730588e-19, 3.26513293999e-20], "var": [0.0201671645045, 9.26048088074, 22.4924526215, 46.1671409607, 130.457626343, 126.827651978, 1382.58764648, 2621.24584961, 18745.1523438, 8107.43115234, 14928.9404297, 4615.49023438, 10704.5634766, 6963.92871094, 868.137084961, 1606.17675781, 2139.85473633, 13799.3066406, 8908.81445312, 183.915664673, 47.7317466736, 43.4333229065, 4.0379652977, 3.10411667824, 2.32775306702, 0.584712326527, 0.188295871019, 0.0377374887466, 0.0126012368128, 0.00153271353338, 0.00024792633485, 2.98537415802e-05, 8.72395230544e-06, 2.1004170776e-06, 1.41432380474e-07, 2.8019477849e-09, 1.82927867298e-10, 8.45697470386e-12, 1.50839590818e-10, 8.28936252972e-10]}, "gfcc": {"mean": [-234.450836182, 260.562194824, -103.941604614, -61.637752533, -17.2759819031, -23.3721904755, -24.9570236206, -13.1614170074, -8.89211273193, -8.99019050598, -2.09141159058, -11.6474189758, -2.29331278801], "cov": [[11893.4931641, 626.151000977, -3179.65722656, 1190.74853516, 498.829956055, -1170.41430664, 480.973144531, -45.408203125, 185.523147583, 208.280258179, 281.63583374, -36.7450065613, 32.7815475464], [626.151000977, 1231.99316406, 634.491882324, -354.560241699, 111.065795898, -18.0201702118, -159.158920288, -99.2138442993, -79.142868042, -106.291030884, 87.2349395752, 34.7066955566, 11.2415819168], [-3179.65722656, 634.491882324, 2020.33056641, -397.083496094, -205.573867798, 496.968078613, -220.912002563, -147.23538208, -123.608459473, -110.098457336, 49.3548545837, 90.6854705811, -51.5152854919], [1190.74853516, -354.560241699, -397.083496094, 680.305969238, 105.962211609, -86.423828125, 181.840362549, 16.5921497345, 45.2735023499, 104.401130676, 41.0914878845, 40.8791770935, -0.0433629564941], [498.829956055, 111.065795898, -205.573867798, 105.962211609, 294.591522217, 1.32892978191, 25.2084350586, 60.5346908569, 17.02551651, 23.4133701324, 26.8444976807, -0.267899274826, 18.5938034058], [-1170.41430664, -18.0201702118, 496.968078613, -86.423828125, 1.32892978191, 361.24597168, 48.3096046448, -13.8698444366, 5.46288919449, -8.63628768921, -43.6637420654, -18.2552146912, -26.865524292], [480.973144531, -159.158920288, -220.912002563, 181.840362549, 25.2084350586, 48.3096046448, 249.979736328, 100.725021362, 16.6805877686, 27.0779819489, -29.6923599243, -48.4733009338, -10.1149930954], [-45.408203125, -99.2138442993, -147.23538208, 16.5921497345, 60.5346908569, -13.8698444366, 100.725021362, 204.65385437, 71.0027160645, -4.04223155975, -16.1941642761, -17.2701816559, 9.03993415833], [185.523147583, -79.142868042, -123.608459473, 45.2735023499, 17.02551651, 5.46288919449, 16.6805877686, 71.0027160645, 157.460739136, 78.7109375, -1.06555056572, 14.4819126129, 12.878455162], [208.280258179, -106.291030884, -110.098457336, 104.401130676, 23.4133701324, -8.63628768921, 27.0779819489, -4.04223155975, 78.7109375, 131.539550781, 51.6423606873, 5.6154499054, -4.56950616837], [281.63583374, 87.2349395752, 49.3548545837, 41.0914878845, 26.8444976807, -43.6637420654, -29.6923599243, -16.1941642761, -1.06555056572, 51.6423606873, 141.351089478, 72.4856338501, -19.575553894], [-36.7450065613, 34.7066955566, 90.6854705811, 40.8791770935, -0.267899274826, -18.2552146912, -48.4733009338, -17.2701816559, 14.4819126129, 5.6154499054, 72.4856338501, 134.604431152, 51.9676094055], [32.7815475464, 11.2415819168, -51.5152854919, -0.0433629564941, 18.5938034058, -26.865524292, -10.1149930954, 9.03993415833, 12.878455162, -4.56950616837, -19.575553894, 51.9676094055, 112.822090149]], "icov": [[0.000641430786345, -0.000821449910291, 0.000878372928128, -0.00072809291305, 1.68467122421e-05, 0.000766764220316, -0.00155435421038, 0.00207557505928, -0.00236336584203, 0.00236830138601, -0.00248928437941, 0.00155998789705, -0.000614358403254], [-0.000821449910291, 0.00420717056841, -0.00331635889597, 0.00301868910901, -0.00393529981375, 0.00326798157766, -0.00219621229917, 0.0025372649543, -0.00216485001147, 0.0023540139664, -0.000329669594066, 0.000532941543497, -0.000627313624136], [0.000878372928128, -0.00331635889597, 0.00417401362211, -0.00260100932792, 0.00386148015969, -0.00438496423885, 0.00257622101344, -0.00159445928875, 0.00153410574421, -0.000132838657009, -0.00219789915718, 0.000238030072069, -1.32169207063e-05], [-0.00072809291305, 0.00301868910901, -0.00260100932792, 0.0052423235029, -0.00402495451272, 0.00358000374399, -0.0042104893364, 0.00256408262067, -0.000703036959749, -0.0013337660348, 0.00287092081271, -0.00366320554167, 0.00186971994117], [1.68467122421e-05, -0.00393529981375, 0.00386148015969, -0.00402495451272, 0.01022580266, -0.00814809091389, 0.00814415700734, -0.00911522842944, 0.00772676989436, -0.00601451704279, 0.000718717346899, -0.000311414478347, -0.00087360717589], [0.000766764220316, 0.00326798157766, -0.00438496423885, 0.00358000374399, -0.00814809091389, 0.0147409839556, -0.0128558697179, 0.0124228969216, -0.0121758896858, 0.00861008558422, -0.00269605312496, 0.00247248820961, 0.000287736998871], [-0.00155435421038, -0.00219621229917, 0.00257622101344, -0.0042104893364, 0.00814415700734, -0.0128558697179, 0.021118953824, -0.0189439300448, 0.0176057145, -0.014997465536, 0.00926441140473, -0.00372741231695, 0.00156024342868], [0.00207557505928, 0.0025372649543, -0.00159445928875, 0.00256408262067, -0.00911522842944, 0.0124228969216, -0.0189439300448, 0.0271818488836, -0.0252829156816, 0.0234449561685, -0.0162875633687, 0.0110062882304, -0.00505901360884], [-0.00236336584203, -0.00216485001147, 0.00153410574421, -0.000703036959749, 0.00772676989436, -0.0121758896858, 0.0176057145, -0.0252829156816, 0.0359664484859, -0.0324985347688, 0.0235983263701, -0.0177034884691, 0.00786131620407], [0.00236830138601, 0.0023540139664, -0.000132838657009, -0.0013337660348, -0.00601451704279, 0.00861008558422, -0.014997465536, 0.0234449561685, -0.0324985347688, 0.0424502901733, -0.0310636553913, 0.0221189651638, -0.0113146603107], [-0.00248928437941, -0.000329669594066, -0.00219789915718, 0.00287092081271, 0.000718717346899, -0.00269605312496, 0.00926441140473, -0.0162875633687, 0.0235983263701, -0.0310636553913, 0.0397148542106, -0.0283441692591, 0.0171236377209], [0.00155998789705, 0.000532941543497, 0.000238030072069, -0.00366320554167, -0.000311414478347, 0.00247248820961, -0.00372741231695, 0.0110062882304, -0.0177034884691, 0.0221189651638, -0.0283441692591, 0.0321940667927, -0.0178054273129], [-0.000614358403254, -0.000627313624136, -1.32169207063e-05, 0.00186971994117, -0.00087360717589, 0.000287736998871, 0.00156024342868, -0.00505901360884, 0.00786131620407, -0.0113146603107, 0.0171236377209, -0.0178054273129, 0.0196738671511]]}, "melbands": {"dmean": [0.000105741150037, 0.000243985690759, 0.000328845402692, 0.000173912252649, 0.000187385710888, 0.000291316187941, 0.000222759728786, 0.000140148753417, 9.2812893854e-05, 5.39161774213e-05, 4.08280866395e-05, 2.44991588261e-05, 1.48985091073e-05, 1.60373165272e-05, 1.1245038877e-05, 1.31442084239e-05, 1.21823377413e-05, 7.812513104e-06, 3.43472947861e-06, 1.31587489705e-06, 1.0055190387e-06, 7.28478937617e-07, 2.11081172097e-07, 2.04084869893e-07, 1.55634623411e-07, 1.17674169076e-07, 6.76333939964e-08, 4.29941522384e-08, 2.48767282329e-08, 1.55419268566e-08, 7.83636444623e-09, 4.49979742356e-09, 2.24737584098e-09, 1.31868105324e-09, 7.23766657718e-10, 3.17356446677e-10, 1.7484223791e-10, 1.25069829493e-10, 9.2009067032e-11, 4.1458930039e-11], "dmean2": [0.000146868260344, 0.00033731298754, 0.000553206948098, 0.00028631236637, 0.000277911516605, 0.000515655614436, 0.00028882920742, 0.000185078926734, 0.000125518199638, 6.95301132509e-05, 4.80411217723e-05, 3.07715854433e-05, 2.06236418308e-05, 2.49521981459e-05, 1.68031656358e-05, 1.74523211172e-05, 1.63494114531e-05, 1.08964077299e-05, 4.94376081406e-06, 2.00776753445e-06, 1.51162601014e-06, 1.02866579255e-06, 3.1891519825e-07, 2.95231245673e-07, 2.33440289321e-07, 1.59802254984e-07, 9.1375135014e-08, 6.23506792863e-08, 3.86990990364e-08, 2.34099548635e-08, 1.18107266189e-08, 6.86892942525e-09, 3.56874552132e-09, 1.92006899269e-09, 1.08032438551e-09, 4.60231325272e-10, 3.00487884575e-10, 2.2383353504e-10, 1.51252996239e-10, 7.0854468126e-11], "dvar": [1.28335344129e-07, 5.2350731039e-07, 6.4778913611e-07, 1.63883186133e-07, 1.75351260623e-07, 4.79491404803e-07, 3.10369870249e-07, 1.55095548848e-07, 2.55548002315e-07, 5.49193330812e-08, 3.13169685739e-08, 2.31334240652e-08, 5.09846298513e-09, 3.43369754852e-09, 8.1753137593e-09, 1.45900713733e-08, 1.22613874609e-08, 1.32800010988e-08, 5.50039291891e-10, 4.11387486576e-11, 2.7085689594e-11, 2.33279350698e-11, 2.10209996111e-12, 1.81295755318e-12, 1.55748081532e-12, 1.15248338216e-12, 3.04154813315e-13, 2.35161499648e-13, 1.04309139451e-13, 2.88654767677e-14, 1.15545822625e-14, 5.21188774511e-15, 1.19511541946e-15, 3.76253385129e-16, 1.32951442836e-16, 2.24643229215e-17, 1.45158765867e-17, 8.95434924489e-18, 6.7459254883e-18, 1.04911637623e-18], "dvar2": [2.05399445008e-07, 9.61793034548e-07, 1.9458807401e-06, 4.23696263852e-07, 3.683876173e-07, 1.51201470544e-06, 4.78299284623e-07, 2.72077670616e-07, 4.60151397874e-07, 9.32688521971e-08, 4.11525924449e-08, 3.76022342152e-08, 8.28325052993e-09, 7.47823047931e-09, 1.72984080393e-08, 3.13096784055e-08, 2.29249508266e-08, 2.39494539755e-08, 1.10121711749e-09, 8.78996181397e-11, 6.04402361493e-11, 5.35416572189e-11, 5.07667562502e-12, 3.96588751422e-12, 3.46193603298e-12, 2.71972852225e-12, 5.9936712711e-13, 4.88019835047e-13, 2.3782497781e-13, 7.17515239931e-14, 3.06304969182e-14, 1.33463491723e-14, 3.13317106025e-15, 9.10038434245e-16, 3.39556529722e-16, 4.42298668226e-17, 4.17137356005e-17, 2.55829361059e-17, 1.7698108232e-17, 2.81506602372e-18], "max": [0.0333909094334, 0.0437319725752, 0.0218845754862, 0.0101397335529, 0.0144592216238, 0.0165324062109, 0.0301983878016, 0.0140369795263, 0.0278363656253, 0.00988641288131, 0.00752617418766, 0.00868367031217, 0.00418596714735, 0.00338188908063, 0.00842294283211, 0.00909047666937, 0.00658203288913, 0.01312034484, 0.00173262890894, 0.000270520453341, 0.000208959623706, 0.000230862773606, 6.58988865325e-05, 5.11596226715e-05, 7.37256996217e-05, 6.0834310716e-05, 2.45174651354e-05, 4.88586556457e-05, 2.61299683189e-05, 8.95529501577e-06, 7.89474597696e-06, 4.35471474702e-06, 1.90197704342e-06, 1.1876688859e-06, 8.76271144534e-07, 4.77911726193e-07, 2.9494356113e-07, 2.16478255766e-07, 2.48646728096e-07, 9.33513533141e-08], "mean": [0.000633445859421, 0.00107540225144, 0.000763134739827, 0.000389546941733, 0.000672396738082, 0.000766135577578, 0.000992142711766, 0.000527782423887, 0.00032545911381, 0.000197322035092, 0.000172570667928, 7.8537981608e-05, 4.65191405965e-05, 4.64945842396e-05, 3.12976153509e-05, 2.847928954e-05, 3.07751688524e-05, 2.21399495786e-05, 7.09170853952e-06, 3.38464906235e-06, 2.44488046519e-06, 1.86477757325e-06, 4.37675680587e-07, 4.07546025372e-07, 2.7829835858e-07, 2.16999467284e-07, 1.18436879859e-07, 5.70990827953e-08, 3.07471772487e-08, 1.97912797262e-08, 9.8885397648e-09, 5.45261436002e-09, 2.41108000232e-09, 1.57329937966e-09, 8.68723482039e-10, 4.01826821816e-10, 1.57659496569e-10, 9.16228065639e-11, 7.70057698163e-11, 3.43513238688e-11], "median": [3.44226646121e-05, 0.000102331927337, 0.000261642417172, 0.000138632080052, 0.000282136694295, 0.000330705981469, 0.000273199111689, 0.000106462255644, 4.2372081225e-05, 3.7104349758e-05, 2.6488718504e-05, 1.49656962094e-05, 1.36676117108e-05, 1.33033017846e-05, 4.00878980145e-06, 2.50183461503e-06, 2.4027535801e-06, 1.27323210108e-06, 3.78172018145e-07, 1.98472534407e-07, 1.70138889644e-07, 3.99279329599e-08, 2.2619177642e-08, 1.70313789738e-08, 5.90705218073e-09, 2.95754265522e-09, 1.06266651034e-09, 3.18061854632e-10, 1.48605308614e-10, 8.74953998142e-11, 5.15232752296e-11, 2.32405136802e-11, 1.77240357807e-11, 1.17738067559e-11, 8.97367163216e-12, 6.96579165876e-12, 5.63532553954e-12, 4.66316959005e-12, 4.05974602893e-12, 3.59904532392e-12], "min": [6.47182512162e-24, 1.14905187576e-23, 1.23213360189e-23, 2.06305964714e-23, 1.18847622502e-23, 1.03327951706e-23, 6.5320826563e-24, 8.65934430041e-24, 1.04965697942e-23, 6.62029505487e-24, 6.46112935104e-24, 1.75254301114e-23, 8.60949854639e-24, 1.15633495518e-23, 1.01710045321e-23, 7.56686582113e-24, 1.2604178941e-23, 8.99695862405e-24, 7.92066678168e-24, 5.61988689842e-24, 1.67715646537e-23, 1.58481477439e-23, 1.84268993331e-23, 3.30994329135e-23, 1.3445042346e-23, 8.07433767487e-24, 8.11359691554e-24, 1.13975499222e-23, 9.04416406061e-24, 6.86715408681e-24, 8.16876984726e-24, 1.02318967053e-23, 9.76344427855e-24, 1.04416327319e-23, 8.40096553268e-24, 1.18637154412e-23, 1.26813350596e-23, 1.09821152591e-23, 1.04074348228e-23, 1.02397908364e-23], "var": [5.58684314456e-06, 9.89081854641e-06, 1.72792351805e-06, 4.14247239178e-07, 1.1823397017e-06, 1.32068294079e-06, 3.81886820833e-06, 1.08219489903e-06, 8.79241838447e-07, 2.93651396532e-07, 2.8984507594e-07, 1.14829916242e-07, 2.26810250581e-08, 1.0221680391e-08, 3.00414306764e-08, 3.22318101098e-08, 4.4043439118e-08, 4.59093065786e-08, 1.10353770566e-09, 1.15681166035e-10, 5.97889238119e-11, 7.59576984644e-11, 2.95446913462e-12, 3.15228377255e-12, 2.36918340848e-12, 1.75102185355e-12, 6.1052096538e-13, 3.11353509164e-13, 1.14035530693e-13, 3.19507570087e-14, 1.01806694111e-14, 5.82397619917e-15, 9.49468347335e-16, 4.06240786682e-16, 1.3161732624e-16, 3.59200368587e-17, 9.34525577723e-18, 5.49169675449e-18, 5.18886014197e-18, 7.47137911893e-19]}, "mfcc": {"mean": [-839.032897949, 249.748718262, 17.8383846283, -20.067735672, 0.328859835863, -3.6363992691, -7.38241577148, -7.55909442902, -5.86169862747, -2.74767041206, -2.51726865768, -2.54037070274, 0.214911609888], "cov": [[6091.91601562, 2089.2512207, -2559.74194336, 425.2605896, 530.337463379, -411.536132812, -120.991859436, -54.1198539734, -109.034385681, 23.6801395416, 91.3012924194, 141.928009033, 231.188491821], [2089.2512207, 1448.89245605, -347.5909729, -104.480125427, 223.842727661, -61.6609306335, -80.809715271, -50.1092720032, -120.281768799, -102.181495667, -26.6743602753, 59.8180084229, 120.863258362], [-2559.74194336, -347.5909729, 1798.28320312, -139.962356567, -287.036804199, 312.097015381, 88.3605270386, -24.9756946564, -52.6425170898, -135.280960083, -104.977996826, -22.1450748444, -14.5319442749], [425.2605896, -104.480125427, -139.962356567, 441.325408936, 107.089630127, -27.675863266, 82.7631149292, 27.3797798157, -11.2500066757, 4.64240598679, 14.1553792953, 47.9161834717, 82.4978408813], [530.337463379, 223.842727661, -287.036804199, 107.089630127, 298.152923584, 8.04439926147, -17.0256443024, 37.4173164368, -8.10940265656, -0.721502900124, 29.1693916321, 37.1975593567, 48.4535179138], [-411.536132812, -61.6609306335, 312.097015381, -27.675863266, 8.04439926147, 226.885955811, 92.3637695312, -19.018404007, -8.78479576111, -14.0873794556, 11.7763404846, 15.7265872955, -30.7466678619], [-120.991859436, -80.809715271, 88.3605270386, 82.7631149292, -17.0256443024, 92.3637695312, 187.037658691, 76.6954421997, 4.33126354218, 27.0495109558, 36.2609100342, 11.720117569, -29.49426651], [-54.1198539734, -50.1092720032, -24.9756946564, 27.3797798157, 37.4173164368, -19.018404007, 76.6954421997, 167.949081421, 90.3657684326, 31.5146045685, 21.7344112396, 0.931954205036, -10.440820694], [-109.034385681, -120.281768799, -52.6425170898, -11.2500066757, -8.10940265656, -8.78479576111, 4.33126354218, 90.3657684326, 171.337249756, 98.782699585, -0.839177966118, -22.9947147369, -19.9444694519], [23.6801395416, -102.181495667, -135.280960083, 4.64240598679, -0.721502900124, -14.0873794556, 27.0495109558, 31.5146045685, 98.782699585, 176.251419067, 85.5031661987, -28.967830658, -42.2621040344], [91.3012924194, -26.6743602753, -104.977996826, 14.1553792953, 29.1693916321, 11.7763404846, 36.2609100342, 21.7344112396, -0.839177966118, 85.5031661987, 158.335968018, 59.1351966858, -39.255115509], [141.928009033, 59.8180084229, -22.1450748444, 47.9161834717, 37.1975593567, 15.7265872955, 11.720117569, 0.931954205036, -22.9947147369, -28.967830658, 59.1351966858, 137.218765259, 78.6762466431], [231.188491821, 120.863258362, -14.5319442749, 82.4978408813, 48.4535179138, -30.7466678619, -29.49426651, -10.440820694, -19.9444694519, -42.2621040344, -39.255115509, 78.6762466431, 181.935546875]], "icov": [[0.0300111044198, -0.0421771593392, 0.0426364019513, -0.0424267537892, 0.0417594015598, -0.0403571091592, 0.037925645709, -0.0333000868559, 0.027341036126, -0.0202377270907, 0.0141495969146, -0.0087143490091, 0.00394037831575], [-0.0421771593392, 0.0602935552597, -0.0598664171994, 0.0604100637138, -0.0597372800112, 0.0574218034744, -0.054192841053, 0.0476249307394, -0.0385477170348, 0.0291819907725, -0.0202047433704, 0.012517885305, -0.00629191054031], [0.0426364019513, -0.0598664171994, 0.0618329830468, -0.0606480166316, 0.0611619874835, -0.0603027790785, 0.0560397058725, -0.0499513484538, 0.0410695523024, -0.029806310311, 0.0214186701924, -0.0127434432507, 0.0054800407961], [-0.0424267537892, 0.0604100637138, -0.0606480166316, 0.0645588040352, -0.0623943656683, 0.0613083057106, -0.0602154806256, 0.0525064989924, -0.0428969487548, 0.0325441434979, -0.0230781901628, 0.0143565088511, -0.00843842606992], [0.0417594015598, -0.0597372800112, 0.0611619874835, -0.0623943656683, 0.0673593580723, -0.0645988434553, 0.0626411214471, -0.0572279021144, 0.0465885475278, -0.0345105566084, 0.0238968506455, -0.0147878555581, 0.0064540700987], [-0.0403571091592, 0.0574218034744, -0.0603027790785, 0.0613083057106, -0.0645988434553, 0.072640106082, -0.0687804147601, 0.0632070675492, -0.0526903867722, 0.0400672294199, -0.0288190823048, 0.0164488554001, -0.0073235030286], [0.037925645709, -0.054192841053, 0.0560397058725, -0.0602154806256, 0.0626411214471, -0.0687804147601, 0.0768005922437, -0.0690388977528, 0.0589380599558, -0.047001183033, 0.03430474177, -0.0227474458516, 0.0125528303906], [-0.0333000868559, 0.0476249307394, -0.0499513484538, 0.0525064989924, -0.0572279021144, 0.0632070675492, -0.0690388977528, 0.0737198665738, -0.0634269490838, 0.0500248447061, -0.0388026423752, 0.0248308181763, -0.0126032866538], [0.027341036126, -0.0385477170348, 0.0410695523024, -0.0428969487548, 0.0465885475278, -0.0526903867722, 0.0589380599558, -0.0634269490838, 0.067609384656, -0.0557312630117, 0.0443496033549, -0.0291080363095, 0.0148219596595], [-0.0202377270907, 0.0291819907725, -0.029806310311, 0.0325441434979, -0.0345105566084, 0.0400672294199, -0.047001183033, 0.0500248447061, -0.0557312630117, 0.0587502643466, -0.0476574599743, 0.033796556294, -0.016954055056], [0.0141495969146, -0.0202047433704, 0.0214186701924, -0.0230781901628, 0.0238968506455, -0.0288190823048, 0.03430474177, -0.0388026423752, 0.0443496033549, -0.0476574599743, 0.0506583750248, -0.0361131578684, 0.0200560055673], [-0.0087143490091, 0.012517885305, -0.0127434432507, 0.0143565088511, -0.0147878555581, 0.0164488554001, -0.0227474458516, 0.0248308181763, -0.0291080363095, 0.033796556294, -0.0361131578684, 0.036524489522, -0.0192415602505], [0.00394037831575, -0.00629191054031, 0.0054800407961, -0.00843842606992, 0.0064540700987, -0.0073235030286, 0.0125528303906, -0.0126032866538, 0.0148219596595, -0.016954055056, 0.0200560055673, -0.0192415602505, 0.0176232028753]]}, "spectral_contrast_coeffs": {"dmean": [0.0396623946726, 0.032806456089, 0.0247793961316, 0.0213669762015, 0.0192239619792, 0.0392268002033], "dmean2": [0.0668280646205, 0.0543029941618, 0.0398007631302, 0.0350262224674, 0.0321983955801, 0.0693878605962], "dvar": [0.00106236478314, 0.00101217592601, 0.000680959958117, 0.00058609386906, 0.000457527232356, 0.00132958660834], "dvar2": [0.00296150147915, 0.00271443091333, 0.00164300727192, 0.00141908240039, 0.00115295709111, 0.00377113278955], "max": [-0.270922631025, -0.323401272297, -0.338144898415, -0.372425287962, -0.523033618927, -0.569357633591], "mean": [-0.61006218195, -0.631649196148, -0.708054244518, -0.69976246357, -0.723853826523, -0.879861414433], "median": [-0.617081165314, -0.627670764923, -0.72233581543, -0.701807916164, -0.718488752842, -0.902395904064], "min": [-0.957453370094, -0.962041139603, -0.962739348412, -0.9649695158, -0.962254106998, -0.965327262878], "var": [0.00994248967618, 0.00898079480976, 0.00817782152444, 0.00436300691217, 0.00501562142745, 0.00496196746826]}, "spectral_contrast_valleys": {"dmean": [0.34607064724, 0.264444410801, 0.237220928073, 0.249336525798, 0.299227297306, 0.857344508171], "dmean2": [0.576077640057, 0.434432893991, 0.388631761074, 0.410869151354, 0.489440143108, 1.53646874428], "dvar": [0.102630011737, 0.0934766307473, 0.0885818079114, 0.132128790021, 0.192613333464, 0.467868447304], "dvar2": [0.257930338383, 0.208909332752, 0.195886075497, 0.288815796375, 0.426812499762, 1.43447566032], "max": [-5.07751512527, -4.34083604813, -5.5771