{"lowlevel": {"average_loudness": 0.795306265354, "barkbands_crest": {"dmean": 1.6238130331, "dmean2": 2.53710436821, "dvar": 2.99028277397, "dvar2": 7.24975633621, "max": 25.6087932587, "mean": 10.9904499054, "median": 10.0765781403, "min": 2.62994384766, "var": 17.2188549042}, "barkbands_flatness_db": {"dmean": 0.0169384367764, "dmean2": 0.0247920081019, "dvar": 0.000341019418556, "dvar2": 0.00065945048118, "max": 0.387566536665, "mean": 0.16185028851, "median": 0.157688781619, "min": 0.0424177572131, "var": 0.00290496251546}, "barkbands_kurtosis": {"dmean": 2.52758264542, "dmean2": 3.80414199829, "dvar": 29.5355892181, "dvar2": 62.715763092, "max": 220.015289307, "mean": 6.6730427742, "median": 3.02663135529, "min": -1.80466508865, "var": 157.088577271}, "barkbands_skewness": {"dmean": 0.377889096737, "dmean2": 0.554303526878, "dvar": 0.21556738019, "dvar2": 0.441717654467, "max": 12.0774412155, "mean": 1.82675302029, "median": 1.83392596245, "min": -9.2775592804, "var": 2.67798447609}, "barkbands_spread": {"dmean": 4.37543439865, "dmean2": 6.59394598007, "dvar": 44.9301872253, "dvar2": 94.2293319702, "max": 108.084877014, "mean": 22.4863376617, "median": 19.1444034576, "min": 0.683318674564, "var": 244.908813477}, "dissonance": {"dmean": 0.0129491211846, "dmean2": 0.0216447897255, "dvar": 0.000192324951058, "dvar2": 0.000545779766981, "max": 0.499999940395, "mean": 0.462614089251, "median": 0.466697573662, "min": 0.225333571434, "var": 0.000568649556953}, "dynamic_complexity": 5.22639465332, "erbbands_crest": {"dmean": 1.92034363747, "dmean2": 2.94252514839, "dvar": 4.06475734711, "dvar2": 8.85372161865, "max": 30.5721130371, "mean": 9.1656999588, "median": 7.95362710953, "min": 2.69563484192, "var": 21.5493183136}, "erbbands_flatness_db": {"dmean": 0.0146575281397, "dmean2": 0.0211607795209, "dvar": 0.000269280571956, "dvar2": 0.00056032493012, "max": 0.403217852116, "mean": 0.154342204332, "median": 0.152318134904, "min": 0.0449565909803, "var": 0.00166473106947}, "erbbands_kurtosis": {"dmean": 0.591390609741, "dmean2": 0.921286702156, "dvar": 1.31245207787, "dvar2": 3.54027247429, "max": 25.6429290771, "mean": -0.0615527443588, "median": -0.545216560364, "min": -1.85903298855, "var": 3.29620862007}, "erbbands_skewness": {"dmean": 0.255625128746, "dmean2": 0.383747160435, "dvar": 0.0724774822593, "dvar2": 0.158046096563, "max": 4.3403878212, "mean": -0.0198279134929, "median": -0.0726068243384, "min": -2.85475087166, "var": 0.541324138641}, "erbbands_spread": {"dmean": 6.03851222992, "dmean2": 9.23547649384, "dvar": 42.2285804749, "dvar2": 97.0168457031, "max": 116.153289795, "mean": 45.0844535828, "median": 44.6122093201, "min": 2.78372955322, "var": 226.357696533}, "hfc": {"dmean": 6.03532409668, "dmean2": 8.31757926941, "dvar": 339.588806152, "dvar2": 735.299743652, "max": 443.003570557, "mean": 18.497133255, "median": 12.3531932831, "min": 1.17191190478e-16, "var": 622.254699707}, "melbands_crest": {"dmean": 2.16653609276, "dmean2": 3.35943007469, "dvar": 4.39544963837, "dvar2": 11.5006370544, "max": 30.4569969177, "mean": 16.5389213562, "median": 16.0361652374, "min": 1.55810654163, "var": 30.1621952057}, "melbands_flatness_db": {"dmean": 0.0179494861513, "dmean2": 0.0256505627185, "dvar": 0.000468765501864, "dvar2": 0.000878656748682, "max": 0.509536325932, "mean": 0.231423065066, "median": 0.230378225446, "min": 0.0030953369569, "var": 0.00563967321068}, "melbands_kurtosis": {"dmean": 5.57396793365, "dmean2": 8.26068496704, "dvar": 99.9324035645, "dvar2": 221.028457642, "max": 222.44921875, "mean": 19.0941867828, "median": 13.3893814087, "min": -1.64324653149, "var": 427.295379639}, "melbands_skewness": {"dmean": 0.493499726057, "dmean2": 0.722378790379, "dvar": 0.324987560511, "dvar2": 0.713985800743, "max": 11.71879673, "mean": 3.42499518394, "median": 3.33385324478, "min": -1.50029158592, "var": 2.44807720184}, "melbands_spread": {"dmean": 4.79819011688, "dmean2": 7.22572422028, "dvar": 69.6405334473, "dvar2": 160.726013184, "max": 186.215667725, "mean": 21.6725730896, "median": 15.6808891296, "min": 0.629599690437, "var": 488.703948975}, "pitch_salience": {"dmean": 0.0513691343367, "dmean2": 0.0819783657789, "dvar": 0.00242836540565, "dvar2": 0.00622022617608, "max": 0.865955293179, "mean": 0.467870980501, "median": 0.465359568596, "min": 0.0930469557643, "var": 0.0115250684321}, "silence_rate_20dB": {"dmean": 0, "dmean2": 0, "dvar": 0, "dvar2": 0, "max": 1, "mean": 1, "median": 1, "min": 1, "var": 0}, "silence_rate_30dB": {"dmean": 0.0159453302622, "dmean2": 0.0318958498538, "dvar": 0.0156903658062, "dvar2": 0.0364132262766, "max": 1, "mean": 0.985033333302, "median": 1, "min": 0, "var": 0.014741692692}, "silence_rate_60dB": {"dmean": 0.00423039356247, "dmean2": 0.00846216455102, "dvar": 0.00421247025952, "dvar2": 0.0100182713941, "max": 1, "mean": 0.0940296053886, "median": 0, "min": 0, "var": 0.0851882770658}, "spectral_centroid": {"dmean": 189.885269165, "dmean2": 290.151611328, "dvar": 64819.0976562, "dvar2": 122348.328125, "max": 11382.1152344, "mean": 1317.65686035, "median": 1193.42810059, "min": 174.010025024, "var": 547969.125}, "spectral_complexity": {"dmean": 2.10738682747, "dmean2": 3.34190392494, "dvar": 6.12756443024, "dvar2": 12.6396446228, "max": 55, "mean": 16.1254272461, "median": 17, "min": 0, "var": 60.6369857788}, "spectral_decrease": {"dmean": 1.50135226473e-09, "dmean2": 2.07535344465e-09, "dvar": 7.24789797507e-18, "dvar2": 1.20801688268e-17, "max": 1.22580427017e-15, "mean": -7.26831750342e-09, "median": -6.38252783958e-09, "min": -4.12053111631e-08, "var": 3.10744690787e-17}, "spectral_energy": {"dmean": 0.0060316552408, "dmean2": 0.00828033685684, "dvar": 0.000116529496154, "dvar2": 0.000193449290236, "max": 0.158875033259, "mean": 0.0291100032628, "median": 0.0254620034248, "min": 1.04695822e-20, "var": 0.000497495289892}, "spectral_energyband_high": {"dmean": 0.000493023078889, "dmean2": 0.000707720289938, "dvar": 3.11042526846e-06, "dvar2": 6.93799165674e-06, "max": 0.0489006191492, "mean": 0.000897683610674, "median": 0.000230426259805, "min": 7.44132971522e-21, "var": 5.33350294063e-06}, "spectral_energyband_low": {"dmean": 0.00270051485859, "dmean2": 0.00381280109286, "dvar": 1.94939275389e-05, "dvar2": 4.53374450444e-05, "max": 0.0920733362436, "mean": 0.0131208952516, "median": 0.011153081432, "min": 4.00815745213e-23, "var": 0.000119595541037}, "spectral_energyband_middle_high": {"dmean": 0.00121615512762, "dmean2": 0.00173060898669, "dvar": 1.47825348904e-05, "dvar2": 3.3230662666e-05, "max": 0.109586417675, "mean": 0.00426766183227, "median": 0.00299404375255, "min": 1.58751751913e-21, "var": 2.82984547084e-05}, "spectral_energyband_middle_low": {"dmean": 0.00425137439743, "dmean2": 0.00616523623466, "dvar": 8.9533663413e-05, "dvar2": 0.000163454416906, "max": 0.152480810881, "mean": 0.0118627827615, "median": 0.00798781774938, "min": 3.22065679554e-22, "var": 0.000229754659813}, "spectral_entropy": {"dmean": 0.148289486766, "dmean2": 0.222097322345, "dvar": 0.0308430828154, "dvar2": 0.066541582346, "max": 9.81086444855, "mean": 7.16730451584, "median": 7.16556024551, "min": 5.10077047348, "var": 0.220678120852}, "spectral_flux": {"dmean": 0.0166181065142, "dmean2": 0.0262237899005, "dvar": 0.000623790198006, "dvar2": 0.00136092212051, "max": 0.350899934769, "mean": 0.0493396557868, "median": 0.0413185060024, "min": 1.02320978079e-10, "var": 0.00144336826634}, "spectral_kurtosis": {"dmean": 1.95903110504, "dmean2": 3.41295075417, "dvar": 5.70727157593, "dvar2": 17.3380813599, "max": 57.119884491, "mean": 5.39432811737, "median": 4.38327407837, "min": -1.22874939442, "var": 20.259727478}, "spectral_rms": {"dmean": 0.000488119403599, "dmean2": 0.000670046836603, "dvar": 4.97982455272e-07, "dvar2": 7.88460170043e-07, "max": 0.0124499006197, "mean": 0.00486860051751, "median": 0.00498407240957, "min": 3.19597039805e-12, "var": 4.69682208859e-06}, "spectral_rolloff": {"dmean": 362.430023193, "dmean2": 598.31652832, "dvar": 856949.1875, "dvar2": 2118080.5, "max": 19982.8125, "mean": 1777.22338867, "median": 796.728515625, "min": 86.1328125, "var": 12687578}, "spectral_skewness": {"dmean": 0.219247594476, "dmean2": 0.37097427249, "dvar": 0.0487062633038, "dvar2": 0.137679308653, "max": 5.82430744171, "mean": 1.56114041805, "median": 1.49176943302, "min": -0.0799080505967, "var": 0.285899400711}, "spectral_spread": {"dmean": 477016.0625, "dmean2": 708999, "dvar": 654544338944, "dvar2": 1196445663230.0, "max": 41420612, "mean": 4048801, "median": 3604319.75, "min": 1248580, "var": 2780157706240.0}, "spectral_strongpeak": {"dmean": 0.296491622925, "dmean2": 0.521486699581, "dvar": 1.63293528557, "dvar2": 4.02786111832, "max": 30.5939331055, "mean": 0.710274279118, "median": 0.470670163631, "min": 0, "var": 1.96944928169}, "zerocrossingrate": {"dmean": 0.00896543450654, "dmean2": 0.0107559338212, "dvar": 0.00016469899856, "dvar2": 0.000220814035856, "max": 0.80859375, "mean": 0.0697892680764, "median": 0.04345703125, "min": 0.00341796875, "var": 0.0136027783155}, "barkbands": {"dmean": [5.6550620684e-06, 0.00137301243376, 0.0015185669763, 0.000788277829997, 0.00350914034061, 0.000500336813275, 0.000230122124776, 0.000178930073162, 5.66969792999e-05, 0.000153068132931, 0.000106508334284, 0.000241959030973, 0.000153631277499, 0.000249211065238, 0.000157511080033, 0.000387181527913, 0.00018849731714, 0.000144505102071, 0.000122498240671, 0.000127393010189, 0.000146874343045, 0.000118271527754, 5.03801711602e-05, 6.97943396517e-05, 9.39682722674e-05, 5.13712693646e-05, 6.34709567748e-06], "dmean2": [9.73423721007e-06, 0.00195251288824, 0.00220759236254, 0.00114269845653, 0.00525031797588, 0.000725730147678, 0.000326237233821, 0.000289871823043, 7.80680857133e-05, 0.000206752534723, 0.00015477463603, 0.000334834883688, 0.000237961736275, 0.000376365176635, 0.000262945017312, 0.000567710783798, 0.000281148590147, 0.000230063044, 0.000196044726181, 0.000200695561944, 0.000217092587263, 0.000175932043931, 7.5758631283e-05, 0.000100756988104, 0.000137041861308, 8.06406824267e-05, 1.08240492409e-05], "dvar": [5.5151955225e-10, 6.4395485424e-06, 7.3154274105e-06, 4.04506590712e-06, 6.96005736245e-05, 1.03646243588e-06, 3.07836273805e-07, 9.15152753578e-08, 3.99945960794e-08, 1.87297445109e-07, 1.07912853764e-07, 2.92787461831e-07, 1.41882921412e-07, 1.22829692373e-06, 7.76549882175e-08, 5.66350990994e-06, 3.23743506669e-07, 1.12890937487e-07, 1.31789562374e-07, 2.23743867878e-07, 6.72987596317e-07, 2.84290621266e-07, 5.67159510467e-08, 9.97724640683e-08, 1.3754755912e-07, 5.91789799387e-08, 1.01527686258e-09], "dvar2": [1.50254297893e-09, 1.55497345986e-05, 1.71420670085e-05, 8.33462399896e-06, 0.000140729549457, 2.60940555563e-06, 4.28624389315e-07, 2.45034215141e-07, 7.20886248473e-08, 3.40755889283e-07, 2.05779357998e-07, 6.15564999862e-07, 2.87637959673e-07, 2.85647661258e-06, 1.98423592224e-07, 1.39536205097e-05, 7.23095752164e-07, 2.39140518943e-07, 3.25240080201e-07, 5.42154225514e-07, 1.43647571349e-06, 6.22984089205e-07, 1.3446434366e-07, 2.29808804875e-07, 3.19458195008e-07, 1.53124631197e-07, 2.67369304474e-09], "max": [0.000636620097794, 0.045600861311, 0.0734458118677, 0.041356086731, 0.133642196655, 0.0292490869761, 0.0184214450419, 0.00452491967008, 0.00631443830207, 0.0169766973704, 0.0150647656992, 0.0118981534615, 0.00965923722833, 0.0308862309903, 0.00475230021402, 0.0929349437356, 0.0198937915266, 0.00870503112674, 0.00929299741983, 0.011974000372, 0.0363964550197, 0.0151279335842, 0.00709531456232, 0.0106695657596, 0.00766652077436, 0.00710089504719, 0.000717269373126], "mean": [6.18226158622e-06, 0.00673551531509, 0.00541336834431, 0.00207231496461, 0.00675015011802, 0.00163096026517, 0.000723691191524, 0.000395213399315, 0.000156907335622, 0.00039522186853, 0.000327306130202, 0.000589434464928, 0.000328836438712, 0.000507313117851, 0.000281296670437, 0.000789993442595, 0.000393783469917, 0.000318559643347, 0.000247712392593, 0.000228682227316, 0.000278038758552, 0.000193392974325, 7.82175993663e-05, 0.000100285025837, 0.000115838018246, 4.68992548122e-05, 4.99853013025e-06], "median": [1.81340737981e-06, 0.00443242955953, 0.00359558849595, 0.000807404925581, 0.00347779737785, 0.000962517107837, 0.000288772571366, 0.000266181508778, 5.06464057253e-05, 0.000178932692506, 0.000122437166283, 0.0001955840562, 0.00012213140144, 0.000121521065012, 0.000141981407069, 0.000235598767176, 0.000186376753845, 0.0001661341812, 0.000109099964902, 9.55636933213e-05, 5.94084049226e-05, 3.45330663549e-05, 1.20000795505e-05, 8.84279143065e-06, 5.83716655456e-06, 1.35904735998e-06, 2.62294207687e-07], "min": [1.07429678159e-22, 6.85198902476e-24, 1.8359481308e-24, 2.11221767222e-23, 5.96762798727e-23, 6.61843192319e-23, 9.93442325333e-23, 1.67601529918e-23, 4.32361756387e-23, 7.28562901981e-23, 5.95197383147e-23, 9.23483868338e-23, 6.76182600983e-23, 6.32167444133e-23, 1.52942307577e-22, 1.25735567807e-22, 3.03778192454e-22, 2.12789662981e-22, 2.73866934578e-22, 3.00219584112e-22, 4.27310074166e-22, 4.16140863977e-22, 5.54539378495e-22, 8.23512623914e-22, 1.05836840511e-21, 1.70142731728e-21, 2.5463622227e-21], "var": [4.59011884058e-10, 5.14796411153e-05, 3.71681308025e-05, 1.59875289683e-05, 0.000138595278258, 4.63701508124e-06, 2.0645609311e-06, 2.01251296517e-07, 1.43022816701e-07, 6.78761409745e-07, 5.70421775592e-07, 1.1630257859e-06, 4.46546295052e-07, 2.35349466493e-06, 1.68082650021e-07, 6.67114090902e-06, 5.58918031857e-07, 2.67478640126e-07, 2.03055890324e-07, 2.7229688726e-07, 1.4179287291e-06, 3.99388369487e-07, 7.37572989351e-08, 1.40186116937e-07, 1.8765227594e-07, 5.00879338006e-08, 7.54959483817e-10]}, "erbbands": {"dmean": [0.0113357659429, 0.403423249722, 1.75738584995, 1.75648999214, 9.87384033203, 9.37263393402, 8.76697158813, 3.50558638573, 2.80366015434, 6.54810523987, 2.02229738235, 1.55381584167, 2.85893416405, 5.11306619644, 4.68046712875, 11.4530448914, 6.11736726761, 15.0980482101, 4.61410617828, 16.8546772003, 17.6264591217, 7.89666509628, 6.88048696518, 5.53005504608, 7.65638875961, 7.18943595886, 4.21599817276, 6.57917547226, 4.86889505386, 2.90481638908, 1.1771607399, 0.980987131596, 1.64047801495, 1.15962064266, 0.474795550108, 0.272079139948, 0.0940702185035, 0.015495092608, 0.000529603799805, 1.88522644748e-05], "dmean2": [0.016191335395, 0.570935487747, 2.51829433441, 2.56053519249, 14.3118810654, 14.7542743683, 13.3272781372, 5.37453699112, 4.46406745911, 9.82961654663, 3.09582829475, 2.15021371841, 3.83063173294, 7.100481987, 6.8997335434, 15.6050395966, 9.16028213501, 22.7997379303, 7.31294441223, 26.3640060425, 26.1331958771, 11.842880249, 10.8874254227, 8.7289648056, 12.1167879105, 11.3156251907, 6.26470565796, 9.74772834778, 7.37572336197, 4.25214004517, 1.75141501427, 1.40834403038, 2.40264439583, 1.69614934921, 0.729670405388, 0.424682527781, 0.150432765484, 0.0254096873105, 0.000880776438862, 2.80283838947e-05], "dvar": [0.0006063732435, 0.515429615974, 8.20586681366, 14.4039096832, 1002.8526001, 381.18838501, 136.979766846, 91.8735733032, 33.5812606812, 259.441955566, 10.5498981476, 32.2560539246, 62.4077033997, 328.820587158, 95.1297073364, 707.361022949, 225.736083984, 4346.43115234, 89.2491226196, 7170.33007812, 9129.4296875, 1001.5357666, 259.500579834, 153.167572021, 560.326782227, 719.63458252, 447.811950684, 1568.83288574, 743.532348633, 156.752914429, 23.7664813995, 13.8263349533, 63.6309165955, 25.2576961517, 4.47308540344, 1.5302888155, 0.243392914534, 0.00428193481639, 5.85228417549e-06, 3.98847799232e-09], "dvar2": [0.00127772893757, 1.24917173386, 19.136806488, 31.4447879791, 1825.16845703, 893.14465332, 302.218902588, 225.054901123, 100.643104553, 448.051513672, 23.2799358368, 59.5135421753, 124.488273621, 584.550476074, 219.072433472, 1452.23413086, 461.318603516, 9802.50878906, 219.19770813, 18053.2207031, 23168.8105469, 2406.18994141, 553.004882812, 316.724395752, 1400.11584473, 1769.00524902, 1090.64550781, 3233.74658203, 1674.46960449, 355.22644043, 55.342212677, 29.4957485199, 146.13444519, 58.5908699036, 10.8618106842, 3.87422132492, 0.647056460381, 0.0110235409811, 1.52865322889e-05, 9.93637172542e-09], "max": [0.474600970745, 13.2711648941, 80.2038269043, 63.7502975464, 535.312805176, 367.926361084, 266.787414551, 332.074432373, 123.484169006, 487.545013428, 71.9306106567, 182.33631897, 225.901092529, 636.087036133, 292.978515625, 604.24987793, 399.599395752, 1886.53210449, 184.054046631, 3849.8347168, 4036.67260742, 1231.07751465, 431.116241455, 330.857879639, 578.745361328, 663.521850586, 769.57611084, 1791.74853516, 903.284118652, 358.895446777, 108.328689575, 90.0616149902, 292.756622314, 129.737930298, 49.1067695618, 32.7435951233, 16.3291606903, 1.23552751541, 0.0520198382437, 0.00138660822995], "mean": [0.066513478756, 1.95371317863, 6.92369222641, 6.08241319656, 16.5870933533, 20.8083572388, 19.7388629913, 10.6328020096, 8.87442588806, 16.7258529663, 5.36747837067, 4.42509460449, 7.74169778824, 12.995218277, 16.1476078033, 29.3382110596, 15.0546121597, 31.7355136871, 9.78761672974, 33.9256248474, 37.7872505188, 17.279504776, 16.2737522125, 12.8409576416, 14.2527046204, 12.7676372528, 8.44780826569, 12.109826088, 7.30854415894, 5.18607664108, 1.9431450367, 1.67758905888, 2.15453767776, 1.47900080681, 0.513090312481, 0.2569860816, 0.0855396538973, 0.013719798997, 0.000464864133392, 4.68155521958e-05], "median": [0.0363119877875, 1.35897779465, 5.02171897888, 3.67205905914, 4.24458885193, 10.6342401505, 13.1265716553, 5.55303525925, 5.90161371231, 6.0844373703, 3.74567985535, 1.59869849682, 3.38846564293, 5.67538118362, 8.09619235992, 10.0306634903, 6.77523708344, 8.28989887238, 5.71687507629, 15.8247928619, 14.7749624252, 8.50803279877, 9.27705955505, 6.53024101257, 6.81787061691, 5.21684408188, 2.88476347923, 1.87694633007, 1.28514349461, 0.845681369305, 0.2989538908, 0.242769300938, 0.120117887855, 0.0770774185658, 0.0258797928691, 0.00836277939379, 0.00213842978701, 0.00060099986149, 3.8861631765e-05, 3.28662608808e-05], "min": [5.61902618807e-22, 9.89505821063e-22, 2.61726064848e-21, 2.76488609414e-20, 2.48770485021e-19, 1.12542924196e-19, 1.69682958248e-19, 6.24806119403e-19, 1.61657819966e-18, 8.7174217632e-19, 2.82001173661e-19, 1.05597122196e-18, 2.29638655653e-18, 2.10540461516e-18, 1.6643112773e-18, 3.5945241052e-18, 3.6141928058e-18, 3.4685873045e-18, 6.22287643951e-18, 6.84545558191e-18, 9.00222149567e-18, 1.75248436722e-17, 1.42289921523e-17, 9.21473991146e-18, 1.55613981394e-17, 1.3237084311e-17, 1.6911548805e-17, 1.68923201644e-17, 1.64924941436e-17, 1.2328013645e-17, 1.74309553639e-17, 1.73306646777e-17, 1.45198453993e-17, 1.19631318691e-17, 7.46965186241e-18, 6.62216562018e-18, 2.90058409135e-18, 1.47032470575e-18, 2.99298864438e-19, 3.9653300194e-20], "var": [0.00614199228585, 4.01069498062, 47.9149551392, 57.6152687073, 1936.24401855, 995.78918457, 489.819702148, 410.072265625, 104.539924622, 1361.22058105, 35.6097221375, 105.462936401, 189.432754517, 1171.83679199, 877.795288086, 2917.16186523, 699.465332031, 9133.51464844, 179.192901611, 7893.09570312, 11475.1337891, 1408.90356445, 651.20690918, 414.316650391, 766.274169922, 869.815734863, 599.560424805, 3618.75415039, 864.909729004, 249.997268677, 36.6312141418, 29.8496494293, 80.8829345703, 36.3641853333, 4.81659555435, 1.37408363819, 0.194407612085, 0.00354469195008, 4.59459215563e-06, 4.60887372711e-09]}, "gfcc": {"mean": [-50.5661621094, 103.266410828, -111.310089111, 46.1168251038, -38.5188484192, 7.11785793304, -36.5425376892, -2.28801608086, -26.0488128662, -0.802581131458, -12.476817131, 1.2146910429, -7.7405257225], "cov": [[35766.5, 3478.56201172, -1227.6427002, 1681.55993652, -826.528991699, 1106.37524414, -1065.91711426, 296.214050293, -848.149291992, 724.807861328, -474.044830322, 459.256713867, -271.357452393], [3478.56201172, 2330.88354492, -555.808837891, 148.406066895, 154.622207642, -214.490631104, 84.9162445068, -162.764282227, 73.3165969849, -119.27722168, 140.062713623, -77.7780532837, 37.3450813293], [-1227.6427002, -555.808837891, 631.0390625, -101.44342041, 11.0925092697, 65.1086730957, -61.8069572449, 57.2557067871, -47.6928024292, 33.9530754089, -55.8649787903, 21.7268218994, -35.317150116], [1681.55993652, 148.406066895, -101.44342041, 318.655731201, -6.03682851791, 35.4175071716, -11.3422765732, -20.4064998627, 18.4671726227, 11.5936002731, -25.5774707794, 39.1918334961, 24.7586917877], [-826.528991699, 154.622207642, 11.0925092697, -6.03682851791, 209.907516479, -63.6639671326, 64.1674804688, -7.47586011887, 59.9830970764, -22.4420223236, 25.098072052, 4.48075389862, 36.3216819763], [1106.37524414, -214.490631104, 65.1086730957, 35.4175071716, -63.6639671326, 212.288604736, -43.8398666382, 64.0569381714, -41.4254684448, 59.4075508118, -35.7796554565, 36.9759101868, 10.1506261826], [-1065.91711426, 84.9162445068, -61.8069572449, -11.3422765732, 64.1674804688, -43.8398666382, 175.125442505, -10.5233888626, 70.4866104126, -34.4073677063, 43.0523223877, -3.72028899193, 37.3144683838], [296.214050293, -162.764282227, 57.2557067871, -20.4064998627, -7.47586011887, 64.0569381714, -10.5233888626, 127.806365967, -11.6696367264, 44.025226593, -10.4921045303, 23.7113952637, 0.593107461929], [-848.149291992, 73.3165969849, -47.6928024292, 18.4671726227, 59.9830970764, -41.4254684448, 70.4866104126, -11.6696367264, 134.375930786, -18.1709880829, 39.208404541, 1.64486730099, 34.2375259399], [724.807861328, -119.27722168, 33.9530754089, 11.5936002731, -22.4420223236, 59.4075508118, -34.4073677063, 44.025226593, -18.1709880829, 126.910629272, -7.91189718246, 24.4649543762, -11.8137264252], [-474.044830322, 140.062713623, -55.8649787903, -25.5774707794, 25.098072052, -35.7796554565, 43.0523223877, -10.4921045303, 39.208404541, -7.91189718246, 118.155273438, -14.7720746994, -12.7768011093], [459.256713867, -77.7780532837, 21.7268218994, 39.1918334961, 4.48075389862, 36.9759101868, -3.72028899193, 23.7113952637, 1.64486730099, 24.4649543762, -14.7720746994, 122.383766174, 36.0907440186], [-271.357452393, 37.3450813293, -35.317150116, 24.7586917877, 36.3216819763, 10.1506261826, 37.3144683838, 0.593107461929, 34.2375259399, -11.8137264252, -12.7768011093, 36.0907440186, 132.955108643]], "icov": [[0.000219130335608, -0.000487505487399, 0.00024274167663, -0.000714573485311, 0.000346672226442, -0.000718452502042, 0.000578306848183, -0.000465104880277, 0.000719367410056, -0.000687532941811, 0.000573944183998, -0.000600488856435, 0.000553455029149], [-0.000487505487399, 0.0017569642514, -7.4827534263e-05, 0.00132914667483, -0.00123953539878, 0.0018374096835, -0.00111392943654, 0.00137037981767, -0.0013243627036, 0.00174388114829, -0.00183296459727, 0.00157299102284, -0.00135815772228], [0.00024274167663, -7.4827534263e-05, 0.00256466050632, -0.000235665138462, -0.000545528659131, -0.0011427688878, 0.00119382771663, -0.000636395940091, 0.00101728306618, -0.000635853793938, 0.00113634811714, -0.000912023941055, 0.00118396105245], [-0.000714573485311, 0.00132914667483, -0.000235665138462, 0.00625974312425, -0.00111747614574, 0.00136052654125, -0.0015082518803, 0.00243111979216, -0.00340816937387, 0.00190777448006, -0.000610471179243, 0.000757707748562, -0.00166336423717], [0.000346672226442, -0.00123953539878, -0.000545528659131, -0.00111747614574, 0.00723904324695, 0.000460103823571, -0.000386842468288, -0.00146336923353, -0.000509560457431, -0.00122402550187, 0.000861280132085, -0.00131761957891, -0.000315853860229], [-0.000718452502042, 0.0018374096835, -0.0011427688878, 0.00136052654125, 0.000460103823571, 0.00974400807172, -0.00166828546207, -0.000951450201683, -0.00120157084893, 0.000568434072193, -0.00165243202355, 0.0014278012095, -0.00312295602635], [0.000578306848183, -0.00111392943654, 0.00119382771663, -0.0015082518803, -0.000386842468288, -0.00166828546207, 0.0099858911708, -0.00158640241716, -0.000808674260043, -0.000410099077271, -0.000255290739005, -0.00143520766869, 6.55733820167e-05], [-0.000465104880277, 0.00137037981767, -0.000636395940091, 0.00243111979216, -0.00146336923353, -0.000951450201683, -0.00158640241716, 0.011562904343, -0.00155183312017, -0.000814355502371, -0.00124161341228, 0.000322975538438, -0.000969620654359], [0.000719367410056, -0.0013243627036, 0.00101728306618, -0.00340816937387, -0.000509560457431, -0.00120157084893, -0.000808674260043, -0.00155183312017, 0.0136598870158, -0.00228773360141, -0.000818178639747, -0.00176501809619, -0.000110460947326], [-0.000687532941811, 0.00174388114829, -0.000635853793938, 0.00190777448006, -0.00122402550187, 0.000568434072193, -0.000410099077271, -0.000814355502371, -0.00228773360141, 0.0124441720545, -0.00260983151384, 0.000655368436128, -0.000741366238799], [0.000573944183998, -0.00183296459727, 0.00113634811714, -0.000610471179243, 0.000861280132085, -0.00165243202355, -0.000255290739005, -0.00124161341228, -0.000818178639747, -0.00260983151384, 0.0129401935264, -0.00163120520301, 0.00373496045358], [-0.000600488856435, 0.00157299102284, -0.000912023941055, 0.000757707748562, -0.00131761957891, 0.0014278012095, -0.00143520766869, 0.000322975538438, -0.00176501809619, 0.000655368436128, -0.00163120520301, 0.0118020046502, -0.00424613663927], [0.000553455029149, -0.00135815772228, 0.00118396105245, -0.00166336423717, -0.000315853860229, -0.00312295602635, 6.55733820167e-05, -0.000969620654359, -0.000110460947326, -0.000741366238799, 0.00373496045358, -0.00424613663927, 0.011441401206]]}, "melbands": {"dmean": [0.000236148829572, 0.000785863841884, 0.000493711442687, 0.000770719139837, 0.000332210416673, 8.0835809058e-05, 4.37127819168e-05, 6.66661726427e-05, 1.34439605972e-05, 9.35085154197e-06, 1.45178446473e-05, 2.16119879042e-05, 1.42383423736e-05, 2.88320370601e-05, 1.66515728779e-05, 2.05420165003e-05, 2.84781090159e-05, 6.67267704557e-06, 1.16729661386e-05, 3.31763403665e-05, 1.9935578166e-05, 9.70626661001e-06, 6.28794941804e-06, 8.28487918625e-06, 4.18540412284e-06, 5.30583065483e-06, 5.76727143198e-06, 4.45358500656e-06, 2.31327157962e-06, 4.24083054895e-06, 3.2191014725e-06, 2.73117416327e-06, 2.34211938732e-06, 1.44866487517e-06, 7.10607025667e-07, 5.25225175352e-07, 7.08819129613e-07, 9.25362030557e-07, 1.91314961739e-06, 6.63051537231e-07], "dmean2": [0.000335674063535, 0.00111698918045, 0.000700444215909, 0.0011619675206, 0.000518062093761, 0.000122614641441, 6.79472068441e-05, 0.000102001802588, 2.01927687158e-05, 1.29142299556e-05, 1.9512952349e-05, 2.99383045785e-05, 2.11873175431e-05, 3.98771480832e-05, 2.3818533009e-05, 3.02432290482e-05, 4.337097198e-05, 1.07923942778e-05, 1.92515544768e-05, 4.98875779158e-05, 3.03224933305e-05, 1.44205614561e-05, 9.93448247755e-06, 1.32469513119e-05, 6.66022378937e-06, 8.59396914166e-06, 9.15892178455e-06, 7.00725240677e-06, 3.58614056495e-06, 6.18671128905e-06, 4.84347538077e-06, 4.2343772293e-06, 3.39946041095e-06, 2.16929379349e-06, 1.07224514068e-06, 7.78727326178e-07, 1.03259981188e-06, 1.36300388931e-06, 2.9210041248e-06, 9.68171434579e-07], "dvar": [2.16061110336e-07, 1.55902159804e-06, 1.63252593666e-06, 4.76445256936e-06, 1.87224685533e-07, 4.2624382246e-08, 7.9666193642e-09, 2.37610535692e-08, 5.35088251485e-10, 1.2965579721e-09, 1.5756292937e-09, 5.77363978849e-09, 1.11575026995e-09, 3.95599508707e-09, 1.09389775016e-09, 6.80016976062e-09, 1.4834819595e-08, 2.27394797436e-10, 7.51865791848e-10, 4.23491144375e-08, 1.54637831429e-08, 1.33515209999e-09, 1.95251370627e-10, 4.7083675847e-10, 9.08652805776e-11, 2.44818110229e-10, 3.66196267754e-10, 2.88818025052e-10, 1.29174268504e-10, 5.77408509894e-10, 3.38006539424e-10, 3.08913283842e-10, 7.77948816477e-11, 5.66336040564e-11, 8.38572440653e-12, 6.59480196147e-12, 9.43943621184e-12, 1.95275896148e-11, 1.20457102626e-10, 7.99699542697e-12], "dvar2": [4.93988352446e-07, 3.70111069969e-06, 2.82466544377e-06, 9.89608088275e-06, 4.45563131279e-07, 1.0952414442e-07, 2.17400160096e-08, 4.41218510616e-08, 1.07798991955e-09, 2.40525754869e-09, 3.15777270998e-09, 1.02277226688e-08, 2.40329045553e-09, 8.43577208087e-09, 2.24988250253e-09, 1.39777691643e-08, 3.45531745438e-08, 5.76853120826e-10, 1.82293835582e-09, 1.07930290483e-07, 4.25429078632e-08, 3.1040559012e-09, 4.20089601993e-10, 1.02111474831e-09, 1.95198135433e-10, 6.15758111167e-10, 9.22530440928e-10, 7.008671421e-10, 3.24119786566e-10, 1.21214671633e-09, 7.08199943134e-10, 6.88420154216e-10, 1.61310922953e-10, 1.37279451695e-10, 1.99103563497e-11, 1.33206518732e-11, 2.11649586745e-11, 4.06759521898e-11, 3.0627442249e-10, 1.76167708893e-11], "max": [0.00803364813328, 0.0300104767084, 0.0225519053638, 0.0334046967328, 0.00767027633265, 0.00680272933096, 0.00182849238627, 0.00446865940467, 0.000783410912845, 0.00123319961131, 0.00113097031135, 0.00281464844011, 0.00102134479675, 0.00134678080212, 0.000654648581985, 0.00254132063128, 0.00321692624129, 0.00033319616341, 0.00100653944537, 0.00895605795085, 0.00557922152802, 0.00128861190751, 0.000532095436938, 0.00065390241798, 0.000257582229096, 0.000345753243892, 0.000407141575124, 0.00044445990352, 0.000461042014649, 0.00109017034993, 0.000775477848947, 0.000562741595786, 0.000196737702936, 0.000248881406151, 7.06454738975e-05, 9.57724405453e-05, 8.27064868645e-05, 0.000132291708724, 0.000370614230633, 7.64515061746e-05], "mean": [0.00124057044741, 0.00339753250591, 0.00135724397842, 0.00144455162808, 0.000748290214688, 0.000254148995737, 0.000141669181176, 0.000165651013958, 3.51082017005e-05, 2.59078369709e-05, 3.84838604077e-05, 5.21865076735e-05, 4.40308213001e-05, 7.61971605243e-05, 4.14027672377e-05, 4.61996351078e-05, 5.75408994337e-05, 1.24486532513e-05, 2.15918189497e-05, 6.71465895721e-05, 3.92317851947e-05, 1.93605956156e-05, 1.26164422909e-05, 1.77524198079e-05, 8.83668781171e-06, 9.60380020842e-06, 9.93353387457e-06, 7.63727075537e-06, 4.40499479737e-06, 7.9727242337e-06, 5.58577676202e-06, 3.81224072044e-06, 3.86488591175e-06, 2.41693896896e-06, 1.12032637389e-06, 8.20228251541e-07, 1.15500108677e-06, 1.23422466913e-06, 2.27538816944e-06, 8.33461911043e-07], "median": [0.000768933678046, 0.00276004010811, 0.00075663998723, 0.000523895025253, 0.000532215868589, 0.00013812907855, 8.93007891136e-05, 6.65633560857e-05, 2.32746351685e-05, 8.87687383511e-06, 1.62555497809e-05, 2.04166844924e-05, 1.8192382413e-05, 2.92824515782e-05, 1.8243021259e-05, 1.11983317765e-05, 1.48745029946e-05, 5.69176700083e-06, 1.16046794574e-05, 2.48778815148e-05, 1.41950367833e-05, 8.50156357046e-06, 5.96240624873e-06, 8.7078760771e-06, 3.77534092877e-06, 3.93279060518e-06, 4.63054402644e-06, 2.90632465294e-06, 1.62489732247e-06, 1.30176249513e-06, 7.35284743314e-07, 5.88437558235e-07, 5.97753569309e-07, 3.26587354493e-07, 1.40324132758e-07, 1.30174043989e-07, 1.16885800594e-07, 6.49166125299e-08, 6.96910120723e-08, 4.83192650336e-08], "min": [7.62987608593e-24, 1.35287751979e-24, 1.24970035096e-23, 1.46029276495e-23, 4.85085322319e-24, 1.51939643278e-23, 2.37024602793e-23, 7.92425373221e-24, 2.38716764655e-24, 6.72295977966e-24, 1.18047638658e-23, 9.04047692474e-24, 5.85600874457e-24, 5.60373142151e-24, 1.33780507002e-23, 6.67634283333e-24, 6.18759853747e-24, 9.44059427562e-24, 1.03884082867e-23, 7.51483650012e-24, 1.12061012691e-23, 1.78092338661e-23, 1.64277554054e-23, 1.0269420452e-23, 6.51756682678e-24, 1.20802601263e-23, 1.09263159719e-23, 7.63523718464e-24, 1.05816129441e-23, 1.01007777677e-23, 9.90521678272e-24, 9.07620916831e-24, 8.24465511089e-24, 6.19896523426e-24, 8.86543184532e-24, 1.06932186184e-23, 1.10310214798e-23, 1.07727121318e-23, 9.03027931982e-24, 1.03801946669e-23], "var": [1.85120256901e-06, 9.47718308453e-06, 4.66676738142e-06, 9.18165915209e-06, 5.64587310237e-07, 1.80040061082e-07, 2.98132647458e-08, 1.14398716278e-07, 2.16679163501e-09, 3.96141208725e-09, 4.79413619914e-09, 2.06702797101e-08, 7.46102912785e-09, 1.57007598034e-08, 4.24942392385e-09, 1.87725355261e-08, 2.82543393126e-08, 4.32130359274e-10, 1.24458010564e-09, 4.55022508561e-08, 1.5698891076e-08, 2.01665106836e-09, 4.58002941128e-10, 1.05721364996e-09, 2.39762515397e-10, 3.7996478186e-10, 4.18270640345e-10, 3.50552753492e-10, 1.5253807939e-10, 1.2267301619e-09, 7.63010432614e-10, 3.58238161358e-10, 1.42633779787e-10, 6.92109633493e-11, 1.19759150513e-11, 1.49535887145e-11, 1.85562260002e-11, 2.87650337577e-11, 1.23457771783e-10, 1.25136264198e-11]}, "mfcc": {"mean": [-681.282226562, 128.976043701, -3.04076242447, 40.6034965515, 16.1303482056, 12.795173645, 3.65365123749, 0.0806138515472, -3.01829791069, -6.24587535858, -6.22167682648, 0.197213158011, 6.04090738297], "cov": [[17706.4960938, 1492.37939453, -171.809494019, 1016.9777832, 200.902801514, 583.637634277, 160.473953247, -14.6605463028, 37.0135765076, -182.411651611, 18.9108142853, -27.3329811096, 152.38571167], [1492.37939453, 1836.0291748, -244.636169434, 401.296417236, 100.303115845, 71.5388641357, 50.7602653503, 37.0305213928, -77.1267623901, 22.4314594269, -69.4032287598, 41.2429084778, 37.5712242126], [-171.809494019, -244.636169434, 404.194519043, -116.347572327, 45.8266448975, -16.5995368958, 11.7332983017, -34.110042572, 10.9435129166, -19.7593517303, 27.9641914368, -35.1568183899, -4.8164525032], [1016.9777832, 401.296417236, -116.347572327, 360.664978027, 29.2198963165, 79.852142334, -20.6557674408, 33.2183761597, -0.765795588493, -14.4984560013, -14.2400789261, 40.3448753357, 5.94292736053], [200.902801514, 100.303115845, 45.8266448975, 29.2198963165, 154.056259155, 1.0853073597, 6.85842609406, -6.20137262344, 22.8246955872, -10.9877233505, -21.5622711182, 26.1246795654, -1.92627894878], [583.637634277, 71.5388641357, -16.5995368958, 79.852142334, 1.0853073597, 126.90587616, -13.3540802002, 14.8869743347, 22.7324676514, -15.9872274399, -10.2978534698, 12.6101818085, 4.72452878952], [160.473953247, 50.7602653503, 11.7332983017, -20.6557674408, 6.85842609406, -13.3540802002, 102.683753967, -3.38124585152, 7.57436609268, 8.75006961823, 12.555639267, -4.30968570709, 8.02478599548], [-14.6605463028, 37.0305213928, -34.110042572, 33.2183761597, -6.20137262344, 14.8869743347, -3.38124585152, 122.231697083, -1.24804341793, 12.5697860718, -20.7328948975, 11.8042593002, 6.82505893707], [37.0135765076, -77.1267623901, 10.9435129166, -0.765795588493, 22.8246955872, 22.7324676514, 7.57436609268, -1.24804341793, 167.660430908, -33.0543441772, -25.2994117737, 26.8649177551, -16.397562027], [-182.411651611, 22.4314594269, -19.7593517303, -14.4984560013, -10.9877233505, -15.9872274399, 8.75006961823, 12.5697860718, -33.0543441772, 105.924217224, 15.3473854065, -14.9202899933, 1.34570109844], [18.9108142853, -69.4032287598, 27.9641914368, -14.2400789261, -21.5622711182, -10.2978534698, 12.555639267, -20.7328948975, -25.2994117737, 15.3473854065, 116.177001953, -5.33377504349, 5.74437904358], [-27.3329811096, 41.2429084778, -35.1568183899, 40.3448753357, 26.1246795654, 12.6101818085, -4.30968570709, 11.8042593002, 26.8649177551, -14.9202899933, -5.33377504349, 124.740226746, -6.61112737656], [152.38571167, 37.5712242126, -4.8164525032, 5.94292736053, -1.92627894878, 4.72452878952, 8.02478599548, 6.82505893707, -16.397562027, 1.34570109844, 5.74437904358, -6.61112737656, 87.8620834351]], "icov": [[8.13310762169e-05, -1.30409907797e-05, 2.31474450629e-06, -0.000168858692632, -7.66165685491e-05, -0.000287696078885, -0.000178044152563, 6.06518806308e-05, 1.99598289328e-05, 0.000107009225758, -5.23837225046e-05, 0.000112414236355, -8.46237599035e-05], [-1.30409907797e-05, 0.000859002349898, 0.000304664310534, -0.000812471844256, -0.000467664911412, -1.63238364621e-05, -0.000634929165244, 0.000119103591715, 0.000487630080897, -0.000185371740372, 0.000483680923935, 1.26156255646e-05, -0.000170514293131], [2.31474450629e-06, 0.000304664310534, 0.00322823808528, 0.00075192557415, -0.00150643184315, -0.000364486739272, -0.000248998490861, 0.000269052718068, 8.12100115581e-05, 0.000688306172378, -0.000776336528361, 0.000921913189813, 0.00010496678442], [-0.000168858692632, -0.000812471844256, 0.00075192557415, 0.00498408218846, -0.000427774968557, -0.0014918691013, 0.00138138211332, -0.000814944622107, -3.83573278668e-05, 0.000387192500057, -0.000644701998681, -0.00075901177479, 0.00032431940781], [-7.66165685491e-05, -0.000467664911412, -0.00150643184315, -0.000427774968557, 0.00806861836463, 0.00096765125636, -0.000136933100293, 0.00055072462419, -0.000847456161864, -0.000173765176442, 0.00149750860874, -0.00176778808236, -1.26137747429e-05], [-0.000287696078885, -1.63238364621e-05, -0.000364486739272, -0.0014918691013, 0.00096765125636, 0.0107530830428, 0.00153873488307, -0.000861869484652, -0.00141921034083, 0.000370873953216, 0.000392840331187, -0.000485980126541, -0.000376505427994], [-0.000178044152563, -0.000634929165244, -0.000248998490861, 0.00138138211332, -0.000136933100293, 0.00153873488307, 0.0112556414679, -0.000276854058029, -0.00140883261338, -0.000927798508201, -0.00142045796383, 3.29189169861e-05, -0.000772415485699], [6.06518806308e-05, 0.000119103591715, 0.000269052718068, -0.000814944622107, 0.00055072462419, -0.000861869484652, -0.000276854058029, 0.00915134884417, 0.000177345747943, -0.00142350897659, 0.00181832700036, -0.000765422359109, -0.000834992039017], [1.99598289328e-05, 0.000487630080897, 8.12100115581e-05, -3.83573278668e-05, -0.000847456161864, -0.00141921034083, -0.00140883261338, 0.000177345747943, 0.00738733261824, 0.00165531842504, 0.00144754163921, -0.00113834941294, 0.00110958190635], [0.000107009225758, -0.000185371740372, 0.000688306172378, 0.000387192500057, -0.000173765176442, 0.000370873953216, -0.000927798508201, -0.00142350897659, 0.00165531842504, 0.0110177556053, -0.00146040006075, 0.00117519556079, 0.000400868448196], [-5.23837225046e-05, 0.000483680923935, -0.000776336528361, -0.000644701998681, 0.00149750860874, 0.000392840331187, -0.00142045796383, 0.00181832700036, 0.00144754163921, -0.00146040006075, 0.0103012099862, -0.000831720186397, -0.0005582801532], [0.000112414236355, 1.26156255646e-05, 0.000921913189813, -0.00075901177479, -0.00176778808236, -0.000485980126541, 3.29189169861e-05, -0.000765422359109, -0.00113834941294, 0.00117519556079, -0.000831720186397, 0.00941083859652, 0.000477382331155], [-8.46237599035e-05, -0.000170514293131, 0.00010496678442, 0.00032431940781, -1.26137747429e-05, -0.000376505427994, -0.000772415485699, -0.000834992039017, 0.00110958190635, 0.000400868448196, -0.0005582801532, 0.000477382331155, 0.0120137138292]]}, "spectral_contrast_coeffs": {"dmean": [0.042077280581, 0.0333046913147, 0.0285722333938, 0.0274654235691, 0.0214089527726, 0.0235041957349], "dmean2": [0.0698578208685, 0.0541453845799, 0.0456603392959, 0.0445132665336, 0.0347038507462, 0.0349040403962], "dvar": [0.00125992984977, 0.000797894434072, 0.00062785577029, 0.000569446012378, 0.000355706288246, 0.000550116645172], "dvar2": [0.00335927447304, 0.00213073147461, 0.00153580051847, 0.00143579102587, 0.000876086298376, 0.00110206997488], "max": [-0.30208453536, -0.452193826437, -0.521600902081, -0.513608276844, -0.580542802811, -0.48621186614], "mean": [-0.61144733429, -0.698979973793, -0.732686519623, -0.721726477146, -0.735819220543, -0.692382395267], "median": [-0.609064996243, -0.697212100029, -0.736615300179, -0.716706156731, -0.72739303112, -0.681283831596], "min": [-0.973497450352, -0.957676529884, -0.959156692028, -0.962328195572, -0.957817852497, -0.959826946259], "var": [0.00632868893445, 0.0051605743356, 0.00446355948225, 0.00514518003911, 0.00382951274514, 0.00588139053434]}, "spectral_contrast_valleys": {"dmean": [0.341575860977, 0.293049991131, 0.27353811264, 0.253927886486, 0.228442579508, 0.395757436752], "dmean2": [0.563733160496, 0.474875807762, 0.426750808954, 0.401654422283, 0.350409656763, 0.536308646202], "dvar": [0.108901187778, 0.0973022803664, 0.0903662443161, 0.0873438939452, 0.0879601314664, 0.215854927897], "dvar2": [0.244078561664, 0.184881061316, 0.1558944