{"lowlevel": {"average_loudness": 0.0316928438842, "barkbands_crest": {"dmean": 1.12535631657, "dmean2": 1.66871869564, "dvar": 1.65638434887, "dvar2": 4.06129264832, "max": 24.3975067139, "mean": 9.14516925812, "median": 8.53527069092, "min": 3.34611606598, "var": 8.53926086426}, "barkbands_flatness_db": {"dmean": 0.0108725680038, "dmean2": 0.0170653406531, "dvar": 0.000136729111546, "dvar2": 0.000289240066195, "max": 0.49246892333, "mean": 0.300346851349, "median": 0.311607897282, "min": 0.049979493022, "var": 0.00380085641518}, "barkbands_kurtosis": {"dmean": 0.762883603573, "dmean2": 1.11468493938, "dvar": 0.997264325619, "dvar2": 2.11754536629, "max": 33.2741928101, "mean": 2.11103868484, "median": 1.33714437485, "min": -1.7122323513, "var": 8.13568687439}, "barkbands_skewness": {"dmean": 0.20127658546, "dmean2": 0.285616666079, "dvar": 0.0457301549613, "dvar2": 0.0942909196019, "max": 3.53548908234, "mean": 0.83698874712, "median": 0.839967668056, "min": -2.71364760399, "var": 0.581086695194}, "barkbands_spread": {"dmean": 0.848935306072, "dmean2": 1.28450345993, "dvar": 1.35098481178, "dvar2": 3.13274598122, "max": 40.9928207397, "mean": 6.98298168182, "median": 5.95953416824, "min": 0.841422915459, "var": 15.7032384872}, "dissonance": {"dmean": 0.0313344225287, "dmean2": 0.0530786141753, "dvar": 0.00103672244586, "dvar2": 0.0028407976497, "max": 0.499999910593, "mean": 0.382828295231, "median": 0.385744065046, "min": 0.144784778357, "var": 0.00427215639502}, "dynamic_complexity": 8.73058795929, "erbbands_crest": {"dmean": 1.56482005119, "dmean2": 2.28252887726, "dvar": 3.23766064644, "dvar2": 7.14354276657, "max": 33.1833724976, "mean": 11.9103126526, "median": 11.0233650208, "min": 2.7422144413, "var": 24.5495929718}, "erbbands_flatness_db": {"dmean": 0.00881717447191, "dmean2": 0.0129924761131, "dvar": 0.000114269809274, "dvar2": 0.000218545872485, "max": 0.483294278383, "mean": 0.326752454042, "median": 0.334919720888, "min": 0.0797272250056, "var": 0.003514920827}, "erbbands_kurtosis": {"dmean": 0.738379061222, "dmean2": 1.09599089622, "dvar": 1.69172775745, "dvar2": 3.26561665535, "max": 46.7081604004, "mean": 1.37964713573, "median": 0.596537351608, "min": -1.51865279675, "var": 8.70580196381}, "erbbands_skewness": {"dmean": 0.208900898695, "dmean2": 0.308833450079, "dvar": 0.0477408841252, "dvar2": 0.0979343131185, "max": 4.03030776978, "mean": 0.469542831182, "median": 0.448546469212, "min": -4.05443668365, "var": 0.476139932871}, "erbbands_spread": {"dmean": 1.5384542942, "dmean2": 2.25939559937, "dvar": 3.02455878258, "dvar2": 6.26368522644, "max": 47.8838882446, "mean": 13.348323822, "median": 11.7876205444, "min": 0.74359536171, "var": 47.1740036011}, "hfc": {"dmean": 1.01764535904, "dmean2": 1.2205337286, "dvar": 10.8672952652, "dvar2": 15.4575634003, "max": 99.9351577759, "mean": 5.66053247452, "median": 0.793468892574, "min": 1.07269595782e-16, "var": 124.440979004}, "melbands_crest": {"dmean": 1.51008212566, "dmean2": 2.1639380455, "dvar": 2.75436806679, "dvar2": 6.42472600937, "max": 31.479642868, "mean": 12.6962804794, "median": 12.009472847, "min": 1.64575302601, "var": 16.3345050812}, "melbands_flatness_db": {"dmean": 0.0112204682082, "dmean2": 0.0166350100189, "dvar": 0.000215810039663, "dvar2": 0.000402193778427, "max": 0.637783169746, "mean": 0.39901265502, "median": 0.417660444975, "min": 0.00294591183774, "var": 0.00778554333374}, "melbands_kurtosis": {"dmean": 0.968571424484, "dmean2": 1.37999916077, "dvar": 1.69547533989, "dvar2": 3.50579833984, "max": 32.3326568604, "mean": 3.19006609917, "median": 2.17171907425, "min": -1.84203124046, "var": 14.3477296829}, "melbands_skewness": {"dmean": 0.217867791653, "dmean2": 0.305984765291, "dvar": 0.056024312973, "dvar2": 0.115170888603, "max": 4.27313375473, "mean": 1.1741642952, "median": 1.13950645924, "min": -2.71132159233, "var": 0.620147168636}, "melbands_spread": {"dmean": 1.247636199, "dmean2": 1.88960182667, "dvar": 7.15318346024, "dvar2": 16.2426605225, "max": 155.539306641, "mean": 10.42781353, "median": 8.37633419037, "min": 1.48368811607, "var": 157.701965332}, "pitch_salience": {"dmean": 0.0365856401622, "dmean2": 0.0557883381844, "dvar": 0.00142558082007, "dvar2": 0.00365224550478, "max": 0.904515147209, "mean": 0.549880325794, "median": 0.555188238621, "min": 0.166758865118, "var": 0.00874770712107}, "silence_rate_20dB": {"dmean": 0, "dmean2": 0, "dvar": 0, "dvar2": 0, "max": 1, "mean": 1, "median": 1, "min": 1, "var": 0}, "silence_rate_30dB": {"dmean": 0.00432407809421, "dmean2": 0.00864914059639, "dvar": 0.00430561602116, "dvar2": 0.00948561076075, "max": 1, "mean": 0.98873591423, "median": 1, "min": 0, "var": 0.0111375134438}, "silence_rate_60dB": {"dmean": 0.0232134722173, "dmean2": 0.0464322306216, "dvar": 0.0226735007018, "dvar2": 0.0476938039064, "max": 1, "mean": 0.598020255566, "median": 1, "min": 0, "var": 0.240404427052}, "spectral_centroid": {"dmean": 36.3258018494, "dmean2": 54.06508255, "dvar": 11990.4824219, "dvar2": 19530.6679688, "max": 11628.9824219, "mean": 605.161071777, "median": 476.219360352, "min": 217.890319824, "var": 1035497.8125}, "spectral_complexity": {"dmean": 1.08921253681, "dmean2": 1.79583477974, "dvar": 1.809502244, "dvar2": 3.78959918022, "max": 31, "mean": 8.28808784485, "median": 6, "min": 0, "var": 37.3630027771}, "spectral_decrease": {"dmean": 4.73285577396e-10, "dmean2": 5.16912290749e-10, "dvar": 1.99807772388e-18, "dvar2": 2.42251340197e-18, "max": 2.07192361937e-28, "mean": -3.03371328059e-09, "median": -4.96179819454e-10, "min": -5.72872487226e-08, "var": 3.25954325407e-17}, "spectral_energy": {"dmean": 0.00187233719043, "dmean2": 0.00205167639069, "dvar": 3.15319812216e-05, "dvar2": 3.83946535294e-05, "max": 0.225279480219, "mean": 0.0119633581489, "median": 0.00194565171842, "min": 1.00270825776e-20, "var": 0.000508166500367}, "spectral_energyband_high": {"dmean": 4.41759993919e-06, "dmean2": 6.11927089267e-06, "dvar": 4.21635532044e-10, "dvar2": 8.31683499847e-10, "max": 0.00086225150153, "mean": 1.1384075151e-05, "median": 3.43604469322e-08, "min": 7.18873347463e-21, "var": 1.22253340784e-09}, "spectral_energyband_low": {"dmean": 0.000490483129397, "dmean2": 0.000659204670228, "dvar": 2.432017709e-06, "dvar2": 5.38644781045e-06, "max": 0.049833510071, "mean": 0.00216213450767, "median": 0.000481232942548, "min": 1.75600169289e-23, "var": 1.51863614519e-05}, "spectral_energyband_middle_high": {"dmean": 0.000379077653633, "dmean2": 0.000556855171453, "dvar": 1.632219778e-06, "dvar2": 3.21730294672e-06, "max": 0.0360003113747, "mean": 0.00143607880455, "median": 0.000122698926134, "min": 1.16817895383e-21, "var": 8.94913409866e-06}, "spectral_energyband_middle_low": {"dmean": 0.00149072019849, "dmean2": 0.0015811448684, "dvar": 2.08257279155e-05, "dvar2": 2.39152486756e-05, "max": 0.212011620402, "mean": 0.00918800290674, "median": 0.00133732683025, "min": 1.62826974533e-22, "var": 0.000361433019862}, "spectral_entropy": {"dmean": 0.0816266834736, "dmean2": 0.123770423234, "dvar": 0.0116180516779, "dvar2": 0.0236890614033, "max": 9.82622909546, "mean": 6.14575815201, "median": 5.99305486679, "min": 4.65473794937, "var": 0.3677777946}, "spectral_flux": {"dmean": 0.00604028673843, "dmean2": 0.00930662360042, "dvar": 0.000195842978428, "dvar2": 0.000404274789616, "max": 0.23574590683, "mean": 0.0195179525763, "median": 0.0107450243086, "min": 6.30039839744e-11, "var": 0.000577339436859}, "spectral_kurtosis": {"dmean": 22.1056900024, "dmean2": 38.7633056641, "dvar": 595.936645508, "dvar2": 1724.45324707, "max": 442.986755371, "mean": 66.7639312744, "median": 52.0714645386, "min": -1.27158391476, "var": 3475.65234375}, "spectral_rms": {"dmean": 0.000199297908694, "dmean2": 0.000235860119574, "dvar": 1.73340424681e-07, "dvar2": 2.30735665241e-07, "max": 0.01482514292, "mean": 0.00245876703411, "median": 0.00137775065377, "min": 3.12770209038e-12, "var": 5.62599461773e-06}, "spectral_rolloff": {"dmean": 63.6947631836, "dmean2": 106.714004517, "dvar": 81165.703125, "dvar2": 141334.25, "max": 19487.5488281, "mean": 806.896972656, "median": 602.9296875, "min": 172.265625, "var": 3125452.25}, "spectral_skewness": {"dmean": 1.21689319611, "dmean2": 2.13965296745, "dvar": 1.35595500469, "dvar2": 3.95028734207, "max": 17.1517086029, "mean": 5.17815685272, "median": 4.7402009964, "min": -0.0834050178528, "var": 8.08634185791}, "spectral_spread": {"dmean": 218089.40625, "dmean2": 375554.9375, "dvar": 174971387904, "dvar2": 314161201152, "max": 43095308, "mean": 1609742.625, "median": 1092370.75, "min": 225681.390625, "var": 14452750549000.0}, "spectral_strongpeak": {"dmean": 0.159411877394, "dmean2": 0.240695759654, "dvar": 0.129220381379, "dvar2": 0.280854165554, "max": 7.06704235077, "mean": 0.702150464058, "median": 0.28501033783, "min": 0, "var": 0.986292898655}, "zerocrossingrate": {"dmean": 0.00213692500256, "dmean2": 0.00281743891537, "dvar": 4.93534862471e-05, "dvar2": 7.82592105679e-05, "max": 0.52490234375, "mean": 0.0274678617716, "median": 0.02197265625, "min": 0.005859375, "var": 0.00217334064655}, "barkbands": {"dmean": [3.14837257065e-06, 0.000217563749175, 0.000262600631686, 0.000199986476218, 0.000134325702675, 0.000710046093445, 0.000455284054624, 0.000284460169496, 0.000200186186703, 0.000285897840513, 9.75303919404e-05, 4.25921061833e-05, 0.000119330194138, 5.26233743585e-05, 6.55494950479e-05, 1.90417413251e-05, 1.48296630869e-05, 7.4306631177e-06, 1.14764843602e-05, 3.13242435368e-06, 2.29317220146e-06, 9.0005482889e-07, 3.35159114684e-07, 9.9137977827e-08, 5.19470821914e-09, 9.87319004331e-10, 4.96090890589e-10], "dmean2": [5.52706069357e-06, 0.000310836010613, 0.00036844421993, 0.000224706003792, 0.000174533110112, 0.000679631484672, 0.000608082453255, 0.000381582562113, 0.000261910055997, 0.000371843401808, 0.000135978261824, 5.85886045883e-05, 0.000200608730665, 8.09487828519e-05, 9.20638412936e-05, 2.8663984267e-05, 2.46475246968e-05, 1.27265093397e-05, 1.73154967342e-05, 4.9419345487e-06, 3.19045557262e-06, 1.28374051656e-06, 4.83846349653e-07, 1.50873901816e-07, 8.30647461925e-09, 1.67937608264e-09, 8.93718821171e-10], "dvar": [8.54556009289e-11, 5.71708767438e-07, 6.63077969421e-07, 2.92081722364e-07, 1.24552286707e-07, 5.13594250151e-06, 2.37543940784e-06, 1.35979894367e-06, 8.70500230121e-07, 1.26141446799e-06, 1.60018757356e-07, 1.37761757557e-08, 1.76713456312e-07, 3.4378317082e-08, 4.77367478879e-08, 5.6044884289e-09, 1.674300254e-09, 5.27865806621e-10, 2.51829890274e-09, 1.17974990888e-10, 9.81562331415e-11, 2.55591797726e-11, 6.26398542411e-12, 1.56765019802e-12, 1.63977574127e-15, 8.86285562452e-18, 1.97145677703e-18], "dvar2": [2.42779768511e-10, 1.26176280446e-06, 1.63420668287e-06, 5.24713016148e-07, 2.47553856525e-07, 4.74239868709e-06, 4.30930413131e-06, 2.55358440882e-06, 1.52676534526e-06, 2.43540557676e-06, 3.10202693754e-07, 2.75267844074e-08, 5.11170810569e-07, 7.50839816988e-08, 8.58164312945e-08, 9.26872267826e-09, 4.29197166696e-09, 1.44824507942e-09, 4.92069363034e-09, 2.69167688138e-10, 1.80245998682e-10, 5.45615497227e-11, 1.39062355381e-11, 3.80813176132e-12, 3.39511176402e-15, 2.25295527303e-17, 6.04591603671e-18], "max": [0.000167703081388, 0.0185252632946, 0.023656129837, 0.0222773179412, 0.01307682693, 0.123932473361, 0.05978089571, 0.0363784655929, 0.0318164750934, 0.049587149173, 0.0205584801733, 0.00258796685375, 0.00732090882957, 0.00565826473758, 0.00708534056321, 0.0028201197274, 0.000980247394182, 0.00048459530808, 0.00135386479087, 0.000273693527561, 0.000303838751279, 0.000183176380233, 0.000181562907528, 9.86098748399e-05, 2.28634166888e-06, 1.44594537232e-07, 3.19358761658e-08], "mean": [3.44183922607e-06, 0.000754391949158, 0.000828760268632, 0.000890993920621, 0.000651809561532, 0.00387641554698, 0.00172233092599, 0.000729538209271, 0.000695814960636, 0.00076680292841, 0.000305091962218, 0.000105176855868, 0.000269432290224, 9.99845869956e-05, 0.000141114927828, 4.0666305722e-05, 2.81004540739e-05, 1.47206774272e-05, 2.28968419833e-05, 7.9463916336e-06, 5.5572936617e-06, 1.62184915098e-06, 5.78974493237e-07, 1.54272214559e-07, 1.41373739382e-08, 4.16514378543e-09, 5.64854718554e-10], "median": [5.50501681573e-07, 0.000130192769575, 0.000203933945158, 0.000146316204336, 0.000137377166538, 0.000363550730981, 0.000168669721461, 7.97707180027e-05, 4.79058617202e-05, 6.97385403328e-05, 1.85786557267e-05, 1.28768042487e-05, 6.62425554765e-06, 3.02246462525e-06, 3.47556556335e-06, 1.22540484426e-06, 7.43471673559e-07, 2.2656358567e-07, 1.58393547167e-07, 5.29284065465e-08, 1.22304584238e-08, 4.17087431259e-09, 1.18598220133e-09, 6.46575737395e-10, 3.87044674088e-10, 2.22272478201e-10, 9.85760709171e-11], "min": [9.48371045447e-25, 1.47679267825e-24, 7.75913232576e-25, 5.27851434283e-25, 7.08715713808e-24, 3.11948497424e-24, 1.00251307401e-23, 7.88434920332e-24, 2.14560258127e-23, 1.66524845223e-23, 1.35821731926e-23, 2.83093622119e-23, 2.96216922812e-23, 4.53577886443e-23, 3.02335832864e-23, 7.63326739896e-23, 7.87897043413e-23, 9.73886842145e-23, 1.11529015941e-22, 1.32855952555e-22, 2.22857345667e-22, 2.80405998259e-22, 3.70105188224e-22, 5.75159117085e-22, 9.02622069357e-22, 1.26097423984e-21, 2.05229184724e-21], "var": [9.759302394e-11, 2.51937058238e-06, 2.53702319242e-06, 4.16459215558e-06, 1.56931400852e-06, 9.619906632e-05, 2.10408143175e-05, 4.8507745305e-06, 4.73492627862e-06, 5.03086039316e-06, 7.02699708199e-07, 5.2768236003e-08, 5.55508222533e-07, 9.58029886533e-08, 1.52132486164e-07, 2.23622169671e-08, 4.12014022899e-09, 1.13742670838e-09, 5.42383782332e-09, 3.76809944358e-10, 3.22894128102e-10, 4.22185064686e-11, 9.26990342126e-12, 1.74005200439e-12, 2.61109764452e-15, 8.25968495171e-17, 1.85734989986e-18]}, "erbbands": {"dmean": [0.00179030664731, 0.063824236393, 0.279053479433, 0.509037137032, 0.520822882652, 0.368389219046, 2.12234973907, 5.7103228569, 8.68095207214, 4.37456083298, 8.34746646881, 4.22429418564, 10.1788110733, 4.08497476578, 2.89379119873, 1.72968101501, 5.42485904694, 3.32994055748, 2.2121732235, 2.57556152344, 1.12421119213, 0.5679666996, 0.477000832558, 0.70964640379, 0.322392910719, 0.138351172209, 0.108401149511, 0.0646393150091, 0.0370880030096, 0.0172836631536, 0.00919909123331, 0.00437529478222, 0.000980454380624, 0.000122120502056, 2.48653068411e-05, 6.65047582515e-06, 1.87350838132e-06, 4.54263016536e-07, 9.15695466119e-07, 2.11879273593e-06], "dmean2": [0.00269241491333, 0.0899532735348, 0.390372604132, 0.608709454536, 0.613329946995, 0.483878821135, 3.32871675491, 4.97495937347, 8.47388648987, 7.11702680588, 10.8704338074, 5.65363025665, 12.7033939362, 6.1185297966, 4.03026723862, 2.30045866966, 9.06212329865, 5.27598190308, 3.33592963219, 3.5689675808, 1.73855793476, 0.933051288128, 0.806181490421, 1.07430791855, 0.506695449352, 0.220357373357, 0.156840994954, 0.0902686193585, 0.0519815832376, 0.0251809190959, 0.013454192318, 0.00623045815155, 0.00148144247942, 0.000190845748875, 3.96711511712e-05, 1.08694084702e-05, 3.04656623484e-06, 7.50378944758e-07, 1.01723560419e-06, 2.33215860135e-06], "dvar": [3.76944808522e-05, 0.0480646267533, 0.796998858452, 2.17834639549, 2.00854802132, 1.10862541199, 39.2473678589, 374.271942139, 972.153259277, 341.819702148, 1244.69750977, 302.936096191, 1767.39453125, 209.574035645, 111.777999878, 23.7894306183, 363.558227539, 116.176040649, 60.505241394, 72.251411438, 12.226436615, 2.65221905708, 2.4811861515, 10.3438873291, 1.41016900539, 0.230527117848, 0.203632891178, 0.0906089395285, 0.0445089377463, 0.0108702480793, 0.00605003209785, 0.00276326644234, 0.000137626353535, 1.01975774669e-06, 3.91317911408e-08, 7.55338069869e-10, 2.52953422097e-11, 1.34359255492e-12, 7.75762006716e-12, 4.08683434316e-11], "dvar2": [7.54007778596e-05, 0.106625691056, 1.94910311699, 4.36136007309, 3.5086119175, 2.23692345619, 112.090057373, 307.234771729, 866.493286133, 810.532897949, 2243.36083984, 608.953430176, 3313.67358398, 463.257019043, 209.270858765, 41.6568756104, 1047.54541016, 261.95413208, 125.213058472, 123.640037537, 23.9288444519, 6.61104011536, 6.44455003738, 20.2307281494, 3.19301843643, 0.526403725147, 0.39788082242, 0.170265227556, 0.0942316651344, 0.0241394918412, 0.0142028098926, 0.00647822581232, 0.000321220170008, 2.22051403398e-06, 7.77053728029e-08, 1.66688118863e-09, 5.97825261517e-11, 3.4626735073e-12, 9.57436126908e-12, 5.01030397726e-11], "max": [0.197039350867, 5.44198989868, 24.1610488892, 54.0743675232, 51.9004936218, 41.0507278442, 201.756286621, 1088.76123047, 1769.98010254, 457.132202148, 1001.41033936, 478.457244873, 1937.55895996, 611.734985352, 282.068054199, 121.250061035, 370.932983398, 289.010253906, 413.908447266, 194.864608765, 112.840522766, 37.7748222351, 34.4909172058, 85.7991104126, 28.55950737, 10.0334806442, 14.3766937256, 7.93368387222, 6.37233924866, 5.29954004288, 5.49809122086, 4.32359027863, 0.882923722267, 0.056797105819, 0.0138519974425, 0.00177727930713, 0.000221578025958, 3.45736007148e-05, 0.000107333522465, 0.000252633151831], "mean": [0.00715630082414, 0.223548486829, 0.944371819496, 2.29825425148, 2.52469396591, 1.93244552612, 6.78851270676, 32.1144943237, 45.1909103394, 9.03082752228, 24.5247497559, 14.5178194046, 28.1886787415, 11.4686031342, 9.44358253479, 4.71890592575, 12.2967252731, 7.40062236786, 5.13359165192, 5.89301538467, 2.57115793228, 1.29850411415, 0.970059454441, 1.25400030613, 0.768086969852, 0.357541382313, 0.281913995743, 0.15104791522, 0.0691307410598, 0.0293243899941, 0.0147196827456, 0.00678042601794, 0.00146976253018, 0.000262922869297, 8.65797992446e-05, 3.14988647006e-05, 1.00702127384e-05, 1.81963537216e-06, 5.83386827202e-06, 1.34881893246e-05], "median": [0.000705635175109, 0.0413996502757, 0.247371062636, 0.409190356731, 0.491576403379, 0.247732520103, 1.64077007771, 2.38655757904, 3.62081670761, 1.33803296089, 2.51526141167, 1.28293585777, 2.52337408066, 1.05980837345, 0.928197205067, 0.497313648462, 0.354336589575, 0.337628215551, 0.193782731891, 0.150219336152, 0.0788985192776, 0.037820469588, 0.0193627029657, 0.010855496861, 0.00621811300516, 0.00226707756519, 0.000733521941584, 0.000448705162853, 0.000161654417752, 6.70014778734e-05, 3.22420382872e-05, 1.83517695405e-05, 1.10338114609e-05, 6.50732863505e-06, 3.79558264285e-06, 2.15856903196e-06, 9.84825760497e-07, 2.03129062015e-07, 9.33631270073e-07, 2.17016736315e-06], "min": [3.98589453521e-23, 3.23004184218e-22, 2.53360110382e-21, 2.60736558118e-21, 1.74311560457e-20, 1.03392261287e-20, 3.51510465928e-20, 3.81006014049e-20, 1.68883733756e-19, 2.29158317041e-19, 2.25147550895e-19, 4.90016418202e-19, 3.97330080933e-19, 7.58094074202e-19, 1.05753438652e-18, 1.31914380033e-18, 1.41966309856e-18, 2.12953306004e-18, 1.91846345108e-18, 2.42582501955e-18, 3.55076831874e-18, 4.48205581524e-18, 3.97068366158e-18, 4.87408276372e-18, 7.09802277425e-18, 6.21436309665e-18, 1.03332742153e-17, 1.07813554715e-17, 1.01942259815e-17, 1.04932583904e-17, 1.12738571539e-17, 1.21192100973e-17, 1.05739564766e-17, 8.30912851477e-18, 6.67694937856e-18, 3.90183369688e-18, 2.22997904938e-18, 9.8464395473e-19, 2.6171149306e-19, 2.83513408454e-20], "var": [0.00028542871587, 0.208826825023, 2.96689200401, 23.7358226776, 25.554977417, 18.9697723389, 202.073455811, 7052.02685547, 17179.5019531, 619.629516602, 5155.11083984, 1380.63635254, 7145.87841797, 711.95880127, 526.410461426, 111.236763, 1110.58361816, 370.171203613, 172.489395142, 255.614425659, 49.0265388489, 8.57932472229, 5.47602891922, 20.1074428558, 4.08745527267, 0.753839850426, 0.709236264229, 0.246911585331, 0.0757906734943, 0.0159627310932, 0.00739613268524, 0.00354190170765, 0.000153231812874, 1.36829191888e-06, 7.25226101395e-08, 4.35776570384e-09, 3.48787082549e-10, 1.14978400065e-11, 1.20680743176e-10, 6.47390696606e-10]}, "gfcc": {"mean": [-250.288711548, 234.77571106, -122.901939392, -20.9871864319, -34.3575057983, -20.5824832916, -17.158164978, -13.2991456985, -6.78803539276, -11.0546388626, -5.05443572998, -13.409034729, -2.64947748184], "cov": [[23512.0058594, -839.342529297, -4128.84765625, 2670.8581543, -1038.33911133, -190.160507202, 59.9513702393, -409.764465332, 126.637504578, 76.1966094971, 170.095397949, -207.130279541, -4.7191734314], [-839.342529297, 1321.37573242, 394.632232666, -749.45501709, 150.153198242, -52.605178833, -47.02085495, 5.13278961182, -27.4252223969, -47.2868041992, -23.8419113159, -32.9143295288, -10.7516469955], [-4128.84765625, 394.632232666, 1003.56225586, -568.023254395, 186.895904541, 77.2221298218, -26.9834575653, 74.3497619629, -5.81974554062, -12.1953125, -16.3721523285, 46.5088691711, 3.20441198349], [2670.8581543, -749.45501709, -568.023254395, 872.403808594, -91.6336975098, 21.7840557098, 45.2037277222, -13.8275289536, 13.2542476654, 15.3769378662, 18.0096683502, 4.70959043503, 16.4326629639], [-1038.33911133, 150.153198242, 186.895904541, -91.6336975098, 229.205444336, 13.7853775024, 6.99201536179, 50.7135620117, -13.4640254974, 7.45341539383, -8.02108955383, 4.78145265579, -1.86343407631], [-190.160507202, -52.605178833, 77.2221298218, 21.7840557098, 13.7853775024, 123.149902344, 28.9127845764, 4.24659490585, 9.93925380707, -3.86787462234, 8.90629959106, 18.2286891937, 11.6584739685], [59.9513702393, -47.02085495, -26.9834575653, 45.2037277222, 6.99201536179, 28.9127845764, 80.3311920166, 24.3120670319, 11.8619728088, -5.34329128265, -4.61155700684, -3.94429373741, 6.95684146881], [-409.764465332, 5.13278961182, 74.3497619629, -13.8275289536, 50.7135620117, 4.24659490585, 24.3120670319, 83.1409606934, 14.3233451843, 1.32761061192, -18.0100841522, -2.628916502, -3.55321383476], [126.637504578, -27.4252223969, -5.81974554062, 13.2542476654, -13.4640254974, 9.93925380707, 11.8619728088, 14.3233451843, 64.2644424438, 30.3385543823, 14.1579046249, -4.75702238083, -9.90409088135], [76.1966094971, -47.2868041992, -12.1953125, 15.3769378662, 7.45341539383, -3.86787462234, -5.34329128265, 1.32761061192, 30.3385543823, 65.5608596802, 37.9481277466, 5.58204126358, -11.0200157166], [170.095397949, -23.8419113159, -16.3721523285, 18.0096683502, -8.02108955383, 8.90629959106, -4.61155700684, -18.0100841522, 14.1579046249, 37.9481277466, 68.9587402344, 26.8279190063, -3.03637695312], [-207.130279541, -32.9143295288, 46.5088691711, 4.70959043503, 4.78145265579, 18.2286891937, -3.94429373741, -2.628916502, -4.75702238083, 5.58204126358, 26.8279190063, 49.8533363342, 20.6173305511], [-4.7191734314, -10.7516469955, 3.20441198349, 16.4326629639, -1.86343407631, 11.6584739685, 6.95684146881, -3.55321383476, -9.90409088135, -11.0200157166, -3.03637695312, 20.6173305511, 45.6852493286]], "icov": [[0.000333523581503, -0.000678348413203, 0.00102546764538, -0.000841867993586, 0.00074615405174, -0.000427376042353, 0.000267252937192, 0.000105089166027, -0.000304387387587, -0.000292760349112, -0.000353877228918, 0.000423608900746, -0.000138628092827], [-0.000678348413203, 0.0031694364734, -0.00179459119681, 0.00331344688311, -0.00253663468175, 0.00122004328296, -9.70601831796e-05, -9.07490903046e-05, 9.53195849434e-05, 0.0025510690175, -0.000759623595513, 0.00078662740998, -0.000566669274122], [0.00102546764538, -0.00179459119681, 0.00548963947222, -0.000980976852588, 0.00120931398124, -0.00274718017317, 0.00183416577056, -0.000908071466256, -0.00129847577773, -0.00049664004473, -0.000332495110342, -0.000864163390361, 1.84377768164e-05], [-0.000841867993586, 0.00331344688311, -0.000980976852588, 0.00561288651079, -0.00278637418523, 0.000400794757297, -0.000483905168949, -0.000856144586578, 0.000372642622096, 0.00197606347501, 5.39632274013e-05, -0.000895569042768, -0.00050091848243], [0.00074615405174, -0.00253663468175, 0.00120931398124, -0.00278637418523, 0.00838231202215, -0.00153601355851, 3.30376424245e-05, -0.00313458731398, 0.00287032942288, -0.00421518366784, 7.63587304391e-05, 0.000806824828032, 0.000129019652377], [-0.000427376042353, 0.00122004328296, -0.00274718017317, 0.000400794757297, -0.00153601355851, 0.0115173365921, -0.00435012951493, 0.00199155928567, -0.00214412692003, 0.00285138958134, -0.00087340635946, -0.00256644329056, -0.000569805328269], [0.000267252937192, -9.70601831796e-05, 0.00183416577056, -0.000483905168949, 3.30376424245e-05, -0.00435012951493, 0.0173660311848, -0.00557217141613, -0.00274290563539, 0.00336996419355, -0.00320875900798, 0.00482754502445, -0.00408983975649], [0.000105089166027, -9.07490903046e-05, -0.000908071466256, -0.000856144586578, -0.00313458731398, 0.00199155928567, -0.00557217141613, 0.0191389489919, -0.00506632123142, -0.00159103132319, 0.00731024332345, -0.00397660536692, 0.00286048138514], [-0.000304387387587, 9.53195849434e-05, -0.00129847577773, 0.000372642622096, 0.00287032942288, -0.00214412692003, -0.00274290563539, -0.00506632123142, 0.0246573295444, -0.011710004881, -0.000255640305113, 0.00307614100166, 0.00175150274299], [-0.000292760349112, 0.0025510690175, -0.00049664004473, 0.00197606347501, -0.00421518366784, 0.00285138958134, 0.00336996419355, -0.00159103132319, -0.011710004881, 0.0332371070981, -0.0178345069289, 0.0048577087, 0.000458837894257], [-0.000353877228918, -0.000759623595513, -0.000332495110342, 5.39632274013e-05, 7.63587304391e-05, -0.00087340635946, -0.00320875900798, 0.00731024332345, -0.000255640305113, -0.0178345069289, 0.0357750616968, -0.0222863797098, 0.0091497329995], [0.000423608900746, 0.00078662740998, -0.000864163390361, -0.000895569042768, 0.000806824828032, -0.00256644329056, 0.00482754502445, -0.00397660536692, 0.00307614100166, 0.0048577087, -0.0222863797098, 0.0439553372562, -0.0192241650075], [-0.000138628092827, -0.000566669274122, 1.84377768164e-05, -0.00050091848243, 0.000129019652377, -0.000569805328269, -0.00408983975649, 0.00286048138514, 0.00175150274299, 0.000458837894257, 0.0091497329995, -0.0192241650075, 0.0326902382076]]}, "melbands": {"dmean": [3.68173568859e-05, 0.000125301856315, 8.38818668853e-05, 3.14505850838e-05, 5.65367772651e-05, 0.000144987410749, 0.000125963328173, 4.22708581027e-05, 7.23915509298e-05, 2.48891974479e-05, 5.04604213347e-05, 1.60929594131e-05, 1.20923814393e-05, 4.94762298331e-06, 4.65926132165e-06, 1.49035940922e-05, 6.15015324001e-06, 2.89029730993e-06, 5.91164507568e-06, 1.75986781414e-06, 1.34396145768e-06, 7.66916457451e-07, 4.30821387454e-07, 3.5700500689e-07, 6.89529144893e-07, 2.59951576709e-07, 1.61928312536e-07, 8.73982202165e-08, 7.04117155692e-08, 7.69495471786e-08, 2.90177410989e-08, 1.89412858731e-08, 2.04607619736e-08, 6.83800127632e-09, 5.84278803117e-09, 4.31177316074e-09, 2.3551134376e-09, 7.37699734632e-10, 2.00834154862e-10, 6.80581771495e-11], "dmean2": [5.40404580534e-05, 0.00017430720618, 9.84265061561e-05, 3.91369358113e-05, 8.87342685019e-05, 0.000126485610963, 0.000132405257318, 6.78540454828e-05, 9.42104961723e-05, 3.33034950017e-05, 6.35548421997e-05, 2.48135456786e-05, 1.67129037436e-05, 6.96494544172e-06, 6.61301328364e-06, 2.56206985796e-05, 9.44996008911e-06, 4.626113423e-06, 8.05460786069e-06, 2.54254291576e-06, 2.14890087591e-06, 1.27221039747e-06, 7.3359376529e-07, 5.94165953771e-07, 1.04645459942e-06, 4.13088599771e-07, 2.58106467754e-07, 1.44192895846e-07, 1.07354672707e-07, 1.1016982171e-07, 4.18983638895e-08, 2.75705449582e-08, 2.93451307698e-08, 1.0273645934e-08, 9.00902108469e-09, 5.89773963e-09, 3.61484353562e-09, 1.14118658967e-09, 3.23272686398e-10, 1.08998129966e-10], "dvar": [1.69199463329e-08, 1.63583749213e-07, 5.38040225706e-08, 7.68901564641e-09, 2.76499605434e-08, 2.47555846045e-07, 1.92089672169e-07, 3.04536236229e-08, 9.71588818288e-08, 1.10612727866e-08, 4.39376606209e-08, 3.46220874192e-09, 2.2490829199e-09, 2.04159689154e-10, 3.18171100577e-10, 2.87783596953e-09, 4.67897998124e-10, 1.11403268555e-10, 4.40342401431e-10, 5.01568994671e-11, 1.41790060595e-11, 4.67896554834e-12, 1.67716686893e-12, 1.48909454645e-12, 1.00685943957e-11, 8.56422680169e-13, 2.90433936666e-13, 9.07349485802e-14, 9.3056340628e-14, 1.04453880441e-13, 2.02349377895e-14, 9.20596572877e-15, 1.7039763494e-14, 1.36956344313e-15, 2.66120006687e-15, 1.48970172593e-15, 1.02947050332e-15, 7.89517755775e-17, 2.81419727729e-18, 2.4795819366e-19], "dvar2": [3.5995594061e-08, 3.83670652582e-07, 1.04507158483e-07, 1.51710182195e-08, 7.83969014151e-08, 1.96993170221e-07, 1.97082499653e-07, 7.0295193666e-08, 1.73486156996e-07, 2.39272406333e-08, 8.37140490262e-08, 8.00118016286e-09, 4.13719147829e-09, 4.37062358527e-10, 5.98315452738e-10, 8.7790317238e-09, 1.02999309082e-09, 2.44673725724e-10, 7.33328453517e-10, 7.75966652045e-11, 3.27638853548e-11, 1.17934160701e-11, 4.56214493266e-12, 3.65932197738e-12, 1.99511639848e-11, 2.02096108945e-12, 6.53547691225e-13, 2.28920696418e-13, 2.0196748462e-13, 2.08433490194e-13, 3.96825787833e-14, 1.96374780179e-14, 3.70551910011e-14, 3.10927054333e-15, 6.71591586867e-15, 2.78421190894e-15, 2.59360133197e-15, 1.82541304371e-16, 7.05956962911e-18, 5.06268397589e-19], "max": [0.00339276762679, 0.0107783665881, 0.008330184035, 0.00295503693633, 0.00547210033983, 0.0283576510847, 0.0240331590176, 0.00391532061622, 0.00862062629312, 0.00247854087502, 0.00964236818254, 0.00222490378655, 0.00174272584263, 0.0004816284345, 0.000599201652221, 0.000921322032809, 0.000638007826637, 0.000587180140428, 0.000543620844837, 0.000308299611788, 0.000101171943243, 5.45447837794e-05, 2.98014892905e-05, 2.7858221074e-05, 8.30623757793e-05, 2.15173913602e-05, 1.05437738966e-05, 7.90476588008e-06, 8.94589265954e-06, 9.69354186964e-06, 4.47725096819e-06, 2.52989912042e-06, 5.33908951184e-06, 1.7459051378e-06, 3.36187281391e-06, 3.21241736856e-06, 2.5302715585e-06, 6.43141106593e-07, 7.9235071837e-08, 2.85890298102e-08], "mean": [0.000138804534799, 0.00043638018542, 0.000398163596401, 0.000153601184138, 0.000180593386176, 0.000816823390778, 0.000628059380688, 8.15832754597e-05, 0.000215750245843, 8.49065545481e-05, 0.000137150782393, 4.13888556068e-05, 3.94467424485e-05, 1.23386553241e-05, 1.29596737679e-05, 3.1765204767e-05, 1.16024275485e-05, 6.38195388092e-06, 1.2273540051e-05, 4.04314596381e-06, 2.78436891676e-06, 1.5126404378e-06, 8.87126361704e-07, 7.04068099822e-07, 1.10944756671e-06, 5.87268857544e-07, 3.80592837246e-07, 2.04674378779e-07, 1.65262989071e-07, 1.88100770515e-07, 5.37955706648e-08, 3.70397366112e-08, 3.00798177477e-08, 1.21166339184e-08, 8.76233396951e-09, 6.42195541189e-09, 3.50451845321e-09, 1.03390962458e-09, 3.25939830681e-10, 1.5601481218e-10], "median": [1.9604281988e-05, 0.000104119651951, 7.60523034842e-05, 2.29026645684e-05, 4.18573508796e-05, 6.31844159216e-05, 5.18400338478e-05, 1.1605518921e-05, 1.91928520508e-05, 7.33967408451e-06, 1.18220150398e-05, 3.48546723217e-06, 2.91677406494e-06, 1.6777445353e-06, 6.84549775087e-07, 6.87500460117e-07, 3.8962122062e-07, 2.37929867808e-07, 2.32063683825e-07, 1.17605445382e-07, 7.52835802587e-08, 3.64576422385e-08, 2.36227624129e-08, 1.07638982172e-08, 7.42061656567e-09, 4.61216709269e-09, 3.14175241378e-09, 1.03139463636e-09, 4.54157766949e-10, 3.19627130319e-10, 2.31102775805e-10, 9.44631803335e-11, 5.01068180003e-11, 2.87616978845e-11, 1.78883401147e-11, 1.24330276977e-11, 9.1787731929e-12, 6.7067454021e-12, 5.03720199233e-12, 3.83678635738e-12], "min": [4.30112061164e-25, 9.79916705578e-25, 5.97801012648e-25, 1.73368947217e-24, 1.20885557876e-24, 6.2299165863e-25, 2.58772705145e-24, 2.66762170064e-24, 1.18476011823e-24, 3.31695973578e-24, 2.00245931295e-24, 2.55476647068e-24, 2.94161261733e-24, 2.44919065194e-24, 3.81058550292e-24, 2.80725678618e-24, 2.24794513527e-24, 2.38105042466e-24, 2.70751893257e-24, 3.68224059466e-24, 2.7251641733e-24, 4.23309703718e-24, 3.17341584446e-24, 4.49587922648e-24, 2.73741695809e-24, 5.05893264189e-24, 4.74154983946e-24, 3.27610817938e-24, 5.20337189034e-24, 5.24917867652e-24, 5.56712748665e-24, 4.79223060274e-24, 5.31355722057e-24, 5.08441048254e-24, 6.10456461631e-24, 5.93413950078e-24, 5.2523258371e-24, 6.11475669921e-24, 6.54816319142e-24, 6.69769887576e-24], "var": [9.28779613218e-08, 6.54804637179e-07, 6.2433440462e-07, 9.22655445379e-08, 1.46045266547e-07, 4.7205953706e-06, 3.20449271385e-06, 5.82923931347e-08, 4.2111730636e-07, 4.56978561658e-08, 1.73767034539e-07, 1.01727613e-08, 1.10812230503e-08, 6.94549529001e-10, 1.36994771083e-09, 8.3363111969e-09, 1.25218480029e-09, 2.94225477315e-10, 1.42713041384e-09, 2.00504876591e-10, 4.8947686182e-11, 1.24991501524e-11, 4.1449187832e-12, 3.24717466457e-12, 1.84506993017e-11, 2.56105575115e-12, 8.81794528888e-13, 2.57202408243e-13, 2.59204008084e-13, 3.6267722766e-13, 3.87938955319e-14, 1.71884652101e-14, 2.38030911848e-14, 2.29641622253e-15, 2.59401553108e-15, 2.7025160047e-15, 1.09793395299e-15, 8.4263717713e-17, 2.77746714937e-18, 3.79008831697e-19]}, "mfcc": {"mean": [-844.057800293, 214.275268555, 12.5984802246, -1.82326483727, -4.0887336731, -1.73110234737, -6.69594335556, -3.30916976929, -1.0879752636, 0.442463576794, -3.1010017395, -1.77210795879, 0.546806931496], "cov": [[11329.9404297, 1302.29943848, -3657.84570312, 1837.30065918, -407.645263672, 267.008117676, -113.999298096, -80.0461959839, -205.876373291, 256.36227417, -29.1006298065, -50.6262741089, -116.385139465], [1302.29943848, 874.155578613, -202.637985229, -46.5774269104, 61.688835144, -10.2350034714, -21.309047699, -25.0962791443, -2.52445888519, 13.3119297028, 22.188791275, -6.4584031105, -3.31640434265], [-3657.84570312, -202.637985229, 1512.18151855, -649.679260254, 63.1062545776, -39.1427230835, 17.0167121887, 29.4700298309, 68.7833786011, -88.0996551514, 7.23688030243, 38.7520103455, 47.5704078674], [1837.30065918, -46.5774269104, -649.679260254, 560.257629395, -37.5738334656, 61.3363113403, 24.072763443, -0.19459015131, -22.7853336334, 41.7959671021, -16.6905384064, -6.59591627121, -5.01062965393], [-407.645263672, 61.688835144, 63.1062545776, -37.5738334656, 206.241531372, 2.51617527008, 11.4306573868, 20.5391368866, 28.494222641, -8.05714130402, 10.7638607025, 3.06335377693, 7.48918914795], [267.008117676, -10.2350034714, -39.1427230835, 61.3363113403, 2.51617527008, 103.439544678, 22.0682201385, 5.93591499329, 1.42451953888, 3.5488922596, -6.25460386276, 4.45531749725, -0.554951369762], [-113.999298096, -21.309047699, 17.0167121887, 24.072763443, 11.4306573868, 22.0682201385, 84.9525222778, 30.6959095001, 7.96193599701, -3.08213067055, -2.94669961929, -8.41340351105, 0.407325059175], [-80.0461959839, -25.0962791443, 29.4700298309, -0.19459015131, 20.5391368866, 5.93591499329, 30.6959095001, 68.7663116455, 36.4100799561, 6.58334541321, -1.41228175163, -5.85946702957, -10.9871120453], [-205.876373291, -2.52445888519, 68.7833786011, -22.7853336334, 28.494222641, 1.42451953888, 7.96193599701, 36.4100799561, 69.6410064697, 21.4635467529, -1.08055818081, -8.98405456543, -5.79719400406], [256.36227417, 13.3119297028, -88.0996551514, 41.7959671021, -8.05714130402, 3.5488922596, -3.08213067055, 6.58334541321, 21.4635467529, 55.4445953369, 23.3710803986, -0.209960132837, -7.59671211243], [-29.1006298065, 22.188791275, 7.23688030243, -16.6905384064, 10.7638607025, -6.25460386276, -2.94669961929, -1.41228175163, -1.08055818081, 23.3710803986, 57.0032272339, 33.5776557922, 5.35539579391], [-50.6262741089, -6.4584031105, 38.7520103455, -6.59591627121, 3.06335377693, 4.45531749725, -8.41340351105, -5.85946702957, -8.98405456543, -0.209960132837, 33.5776557922, 65.5082321167, 35.1996803284], [-116.385139465, -3.31640434265, 47.5704078674, -5.01062965393, 7.48918914795, -0.554951369762, 0.407325059175, -10.9871120453, -5.79719400406, -7.59671211243, 5.35539579391, 35.1996803284, 64.6568984985]], "icov": [[0.0118501214311, -0.0162635669112, 0.0166431628168, -0.0162063799798, 0.0172835439444, -0.0181131307036, 0.0196082852781, -0.0196627564728, 0.0187923181802, -0.017547050491, 0.013872214593, -0.0102434521541, 0.00542428717017], [-0.0162635669112, 0.0236626788974, -0.0223699361086, 0.0228301752359, -0.0241039190441, 0.0247250013053, -0.0268895067275, 0.0275786612183, -0.0262388009578, 0.0243844930083, -0.0197442434728, 0.0145041840151, -0.0077221961692], [0.0166431628168, -0.0223699361086, 0.0251688938588, -0.0208435002714, 0.024365933612, -0.0257986169308, 0.0268869157881, -0.0271631348878, 0.024274321273, -0.0224719811231, 0.018978536129, -0.0148772913963, 0.00691263377666], [-0.0162063799798, 0.0228301752359, -0.0208435002714, 0.0265525821596, -0.0236208848655, 0.0234517194331, -0.0281024239957, 0.0270008072257, -0.0258338022977, 0.0227035135031, -0.0169221814722, 0.0125352358446, -0.00797700043768], [0.0172835439444, -0.0241039190441, 0.024365933612, -0.0236208848655, 0.0310123767704, -0.02689505741, 0.0285435207188, -0.0293240193278, 0.024199731648, -0.0218964535743, 0.0167695637792, -0.0132608124986, 0.00655891094357], [-0.0181131307036, 0.0247250013053, -0.0257986169308, 0.0234517194331, -0.02689505741, 0.0391561873257, -0.0331905931234, 0.0309627912939, -0.0286038070917, 0.0246864501387, -0.0170538108796, 0.0112935453653, -0.00601582787931], [0.0196082852781, -0.0268895067275, 0.0268869157881, -0.0281024239957, 0.0285435207188, -0.0331905931234, 0.0490265376866, -0.0411324985325, 0.0337164849043, -0.0266109853983, 0.0184925813228, -0.0103566050529, 0.00507044233382], [-0.0196627564728, 0.0275786612183, -0.0271631348878, 0.0270008072257, -0.0293240193278, 0.0309627912939, -0.0411324985325, 0.0586536824703, -0.0447628237307, 0.0314792990685, -0.0220121257007, 0.0125888176262, -0.00335852243006], [0.0187923181802, -0.0262388009578, 0.024274321273, -0.0258338022977, 0.024199731648, -0.0286038070917, 0.0337164849043, -0.0447628237307, 0.0596702061594, -0.0446700155735, 0.0297893639654, -0.0152425263077, 0.00768456468359], [-0.017547050491, 0.0243844930083, -0.0224719811231, 0.0227035135031, -0.0218964535743, 0.0246864501387, -0.0266109853983, 0.0314792990685, -0.0446700155735, 0.0651750937104, -0.0443422682583, 0.0255420468748, -0.010356827639], [0.013872214593, -0.0197442434728, 0.018978536129, -0.0169221814722, 0.0167695637792, -0.0170538108796, 0.0184925813228, -0.0220121257007, 0.0297893639654, -0.0443422682583, 0.0608067922294, -0.0395770855248, 0.0167080555111], [-0.0102434521541, 0.0145041840151, -0.0148772913963, 0.0125352358446, -0.0132608124986, 0.0112935453653, -0.0103566050529, 0.0125888176262, -0.0152425263077, 0.0255420468748, -0.0395770855248, 0.0497123524547, -0.0240914523602], [0.00542428717017, -0.0077221961692, 0.00691263377666, -0.00797700043768, 0.00655891094357, -0.00601582787931, 0.00507044233382, -0.00335852243006, 0.00768456468359, -0.010356827639, 0.0167080555111, -0.0240914523602, 0.0289198663086]]}, "spectral_contrast_coeffs": {"dmean": [0.0267555266619, 0.0251271799207, 0.0244175251573, 0.021086037159, 0.0148209743202, 0.0185204129666], "dmean2": [0.0434567779303, 0.0395482815802, 0.038473714143, 0.0350771173835, 0.0247481223196, 0.0314561240375], "dvar": [0.000596484693233, 0.000653047405649, 0.000536953797564, 0.000333594303811, 0.000149632600369, 0.000309345050482], "dvar2": [0.00165328755975, 0.00160634471104, 0.00134198728483, 0.000864082365297, 0.000394782924559, 0.000887259491719], "max": [-0.375521630049, -0.377909243107, -0.514878869057, -0.586370587349, -0.662758708, -0.59008538723], "mean": [-0.630685567856, -0.68849337101, -0.752937436104, -0.778774619102, -0.798025369644, -0.7885633111], "median": [-0.633126139641, -0.702179610729, -0.756293773651, -0.783246219158, -0.798845410347, -0.808607339859], "min": [-0.981620907784, -0.979593157768, -0.975870668888, -0.970702052116, -0.967043161392, -0.964246511459], "var": [0.00371747743338, 0.00638797413558, 0.00337171996944, 0.00265600858256, 0.00140983099118, 0.00543627329171]}, "spectral_contrast_valleys": {"dmean": [0.286849915981, 0.222400590777, 0.231932997704, 0.202601104975, 0.153273612261, 0.288415282965], "dmean2": [0.464556723833, 0.350028991699, 0.369987845421, 0.331244140863, 0.25077483058, 0.498142570257], "dvar": [0.0910091027617, 0.073945261538, 0.0689107477665, 0.0525986775756, 0.0448