{"lowlevel": {"average_loudness": 0.46653598547, "barkbands_crest": {"dmean": 2.36048460007, "dmean2": 3.85492706299, "dvar": 5.746778965, "dvar2": 15.3898696899, "max": 26.4445228577, "mean": 14.0280895233, "median": 13.1514825821, "min": 4.09233236313, "var": 26.9793338776}, "barkbands_flatness_db": {"dmean": 0.0198857914656, "dmean2": 0.0326741226017, "dvar": 0.000340784201398, "dvar2": 0.000893753196578, "max": 0.530190169811, "mean": 0.358876913786, "median": 0.358437359333, "min": 0.0693651512265, "var": 0.00162223435473}, "barkbands_kurtosis": {"dmean": 3.06397914886, "dmean2": 4.84385156631, "dvar": 39.2335319519, "dvar2": 91.4848251343, "max": 233.684326172, "mean": 6.42069339752, "median": 3.06061697006, "min": -1.95013046265, "var": 181.020874023}, "barkbands_skewness": {"dmean": 0.484168767929, "dmean2": 0.767567396164, "dvar": 0.308448046446, "dvar2": 0.740169405937, "max": 8.47504329681, "mean": 0.361474990845, "median": 0.631970047951, "min": -13.032412529, "var": 3.00079441071}, "barkbands_spread": {"dmean": 1.24486458302, "dmean2": 1.99810993671, "dvar": 5.29222011566, "dvar2": 11.6707630157, "max": 149.760253906, "mean": 5.24910402298, "median": 4.74213218689, "min": 0.229591548443, "var": 18.6249694824}, "dissonance": {"dmean": 0.0447301752865, "dmean2": 0.0771787390113, "dvar": 0.00182628654875, "dvar2": 0.00489678466693, "max": 0.499892652035, "mean": 0.365140110254, "median": 0.371753931046, "min": 0.124371379614, "var": 0.00508926296607}, "dynamic_complexity": 5.56848907471, "erbbands_crest": {"dmean": 2.64320898056, "dmean2": 4.13655519485, "dvar": 7.42456293106, "dvar2": 18.0348415375, "max": 33.7912368774, "mean": 17.3051013947, "median": 16.2353420258, "min": 3.56491756439, "var": 50.6539840698}, "erbbands_flatness_db": {"dmean": 0.0147022623569, "dmean2": 0.0228976104409, "dvar": 0.000193143641809, "dvar2": 0.000422738026828, "max": 0.56139588356, "mean": 0.407723724842, "median": 0.404184550047, "min": 0.041195191443, "var": 0.0030021625571}, "erbbands_kurtosis": {"dmean": 1.91390430927, "dmean2": 2.85624170303, "dvar": 9.25566482544, "dvar2": 18.6695785522, "max": 74.3199234009, "mean": 4.75889348984, "median": 1.77017951012, "min": -1.64884638786, "var": 59.3961524963}, "erbbands_skewness": {"dmean": 0.363232254982, "dmean2": 0.559620261192, "dvar": 0.142243176699, "dvar2": 0.318465799093, "max": 5.31357240677, "mean": 0.506538629532, "median": 0.5485496521, "min": -3.67096495628, "var": 1.5619815588}, "erbbands_spread": {"dmean": 1.70226049423, "dmean2": 2.57287478447, "dvar": 4.59964752197, "dvar2": 9.03398323059, "max": 149.199386597, "mean": 9.34642219543, "median": 8.18905448914, "min": 0.393110007048, "var": 51.699131012}, "hfc": {"dmean": 2.7430267334, "dmean2": 3.86715483665, "dvar": 13.3605194092, "dvar2": 29.0116958618, "max": 58.2141685486, "mean": 10.2020177841, "median": 7.95085811615, "min": 1.11424457824e-16, "var": 81.4788131714}, "melbands_crest": {"dmean": 2.78768873215, "dmean2": 4.60251426697, "dvar": 7.63001346588, "dvar2": 20.0847187042, "max": 33.1178359985, "mean": 16.2588157654, "median": 15.2673797607, "min": 2.4148914814, "var": 31.4913444519}, "melbands_flatness_db": {"dmean": 0.0214611645788, "dmean2": 0.0356250926852, "dvar": 0.000405238533858, "dvar2": 0.00106266431976, "max": 0.632670164108, "mean": 0.466135442257, "median": 0.469085484743, "min": 0.00577519694343, "var": 0.00273277517408}, "melbands_kurtosis": {"dmean": 2.70155763626, "dmean2": 4.30484390259, "dvar": 36.3320884705, "dvar2": 92.2445144653, "max": 407.797424316, "mean": 5.35939073563, "median": 3.30597162247, "min": -1.82314562798, "var": 84.2965240479}, "melbands_skewness": {"dmean": 0.45263928175, "dmean2": 0.709595620632, "dvar": 0.215869441628, "dvar2": 0.529596328735, "max": 15.6613903046, "mean": 0.592213153839, "median": 0.783959388733, "min": -4.62256240845, "var": 2.41082978249}, "melbands_spread": {"dmean": 2.16277956963, "dmean2": 3.47479486465, "dvar": 9.46630001068, "dvar2": 20.8825111389, "max": 176.541107178, "mean": 8.94412994385, "median": 7.65868139267, "min": 0.650956571102, "var": 74.6074676514}, "pitch_salience": {"dmean": 0.0586143694818, "dmean2": 0.0957067459822, "dvar": 0.00339781702496, "dvar2": 0.00896854605526, "max": 0.941160082817, "mean": 0.492904782295, "median": 0.501268446445, "min": 0.0799471139908, "var": 0.0141654098406}, "silence_rate_20dB": {"dmean": 0, "dmean2": 0, "dvar": 0, "dvar2": 0, "max": 1, "mean": 1, "median": 1, "min": 1, "var": 0}, "silence_rate_30dB": {"dmean": 0.00088981166482, "dmean2": 0.00177988724317, "dvar": 0.000889130926225, "dvar2": 0.00207315571606, "max": 1, "mean": 0.998368918896, "median": 1, "min": 0, "var": 0.00162855745293}, "silence_rate_60dB": {"dmean": 0.0415245443583, "dmean2": 0.0830614045262, "dvar": 0.0398010239005, "dvar2": 0.0838736221194, "max": 1, "mean": 0.208778172731, "median": 0, "min": 0, "var": 0.165186569095}, "spectral_centroid": {"dmean": 47.3156204224, "dmean2": 72.6266326904, "dvar": 11764.1728516, "dvar2": 18409.6582031, "max": 10465.7871094, "mean": 632.837768555, "median": 601.191345215, "min": 247.089508057, "var": 113119.875}, "spectral_complexity": {"dmean": 1.1932374239, "dmean2": 1.93770396709, "dvar": 1.63410449028, "dvar2": 3.54038023949, "max": 25, "mean": 10.2351722717, "median": 11, "min": 0, "var": 29.5834636688}, "spectral_decrease": {"dmean": 1.44466749674e-09, "dmean2": 2.29660357398e-09, "dvar": 4.76219790048e-18, "dvar2": 1.34144086733e-17, "max": 1.27349646026e-15, "mean": -5.38704725273e-09, "median": -3.24209170621e-09, "min": -4.08418827647e-08, "var": 2.99560514073e-17}, "spectral_energy": {"dmean": 0.00568632595241, "dmean2": 0.0089963497594, "dvar": 7.26428988855e-05, "dvar2": 0.000203243893338, "max": 0.158802509308, "mean": 0.0212573241442, "median": 0.0130006074905, "min": 1.00287458245e-20, "var": 0.000459209724795}, "spectral_energyband_high": {"dmean": 3.1426628766e-07, "dmean2": 4.43326143795e-07, "dvar": 1.37733314337e-12, "dvar2": 3.22132555006e-12, "max": 3.15169490932e-05, "mean": 6.58181079416e-07, "median": 1.34870560942e-07, "min": 7.23161358055e-21, "var": 2.6069333324e-12}, "spectral_energyband_low": {"dmean": 0.000574522477109, "dmean2": 0.000907322857529, "dvar": 2.13971907215e-06, "dvar2": 5.75175545237e-06, "max": 0.0260770618916, "mean": 0.00160577357747, "median": 0.000257254345343, "min": 3.78154926849e-23, "var": 8.67229118739e-06}, "spectral_energyband_middle_high": {"dmean": 0.0010084877722, "dmean2": 0.00127312564291, "dvar": 3.49095034835e-06, "dvar2": 5.82185612075e-06, "max": 0.0462089814246, "mean": 0.00281367264688, "median": 0.00157797266729, "min": 1.47959417813e-21, "var": 1.2631620848e-05}, "spectral_energyband_middle_low": {"dmean": 0.0051460894756, "dmean2": 0.00845981575549, "dvar": 6.81931414874e-05, "dvar2": 0.000197790810489, "max": 0.150177568197, "mean": 0.0180043317378, "median": 0.0100252162665, "min": 2.69415007525e-22, "var": 0.000378133641789}, "spectral_entropy": {"dmean": 0.150530084968, "dmean2": 0.243773251772, "dvar": 0.0281866192818, "dvar2": 0.0679221749306, "max": 9.81126022339, "mean": 5.68744421005, "median": 5.71049976349, "min": 3.843116045, "var": 0.210863813758}, "spectral_flux": {"dmean": 0.0154021093622, "dmean2": 0.0242315642536, "dvar": 0.000348254136043, "dvar2": 0.000828112766612, "max": 0.204633951187, "mean": 0.0415283963084, "median": 0.0325813293457, "min": 1.00143622561e-10, "var": 0.00111228332389}, "spectral_kurtosis": {"dmean": 32.0340461731, "dmean2": 55.7229919434, "dvar": 817.481018066, "dvar2": 2266.89892578, "max": 284.1796875, "mean": 104.917251587, "median": 103.011383057, "min": -1.20666086674, "var": 2861.89135742}, "spectral_rms": {"dmean": 0.000541769317351, "dmean2": 0.000814946892206, "dvar": 3.87639033761e-07, "dvar2": 1.03048023448e-06, "max": 0.0124470591545, "mean": 0.00390639947727, "median": 0.00356139289215, "min": 3.12796143154e-12, "var": 5.47886793356e-06}, "spectral_rolloff": {"dmean": 76.7018585205, "dmean2": 137.172622681, "dvar": 199157.84375, "dvar2": 496808.71875, "max": 19767.4804688, "mean": 852.862487793, "median": 689.0625, "min": 64.599609375, "var": 1536366.875}, "spectral_skewness": {"dmean": 1.72936367989, "dmean2": 3.04031133652, "dvar": 2.1426551342, "dvar2": 5.99183368683, "max": 13.438873291, "mean": 6.92921161652, "median": 6.87970256805, "min": 0.0762091875076, "var": 6.81906938553}, "spectral_spread": {"dmean": 269061.84375, "dmean2": 476538.15625, "dvar": 193061109760, "dvar2": 364305350656, "max": 40859156, "mean": 1000919.9375, "median": 826623.3125, "min": 300071.25, "var": 1911043391490.0}, "spectral_strongpeak": {"dmean": 0.481161415577, "dmean2": 0.758515179157, "dvar": 0.417427718639, "dvar2": 1.00541913509, "max": 7.45287561417, "mean": 1.4702051878, "median": 1.28627955914, "min": 0, "var": 1.04241716862}, "zerocrossingrate": {"dmean": 0.00245060259476, "dmean2": 0.00301507511176, "dvar": 5.37153282494e-05, "dvar2": 4.08882333431e-05, "max": 0.796875, "mean": 0.0325386151671, "median": 0.029296875, "min": 0.0048828125, "var": 0.00207511847839}, "barkbands": {"dmean": [1.93469077203e-06, 7.77570312493e-05, 0.000278695253655, 0.000841792032588, 0.00119999866001, 0.00277849892154, 0.000282267079456, 0.000494684383739, 0.00126749568153, 0.000693242298439, 0.000224797564442, 0.000182223360753, 0.000171509484062, 7.13420013199e-05, 6.17028272245e-05, 2.96101025015e-05, 1.09605598482e-05, 2.07105517802e-06, 3.52321603714e-06, 4.35085581785e-07, 6.63383588062e-08, 8.02202393402e-09, 2.87259949161e-09, 9.21052956127e-10, 8.41894609582e-10, 8.40363167942e-10, 1.42213196774e-09], "dmean2": [3.26653002958e-06, 0.000113071379019, 0.000411151064327, 0.00142856594175, 0.0019305862952, 0.0050440300256, 0.000446580350399, 0.00068485585507, 0.00165043852758, 0.000869925308507, 0.000329884118401, 0.000234088103753, 0.000224443952902, 0.0001049476341, 9.41776088439e-05, 4.4281296141e-05, 1.58123693836e-05, 3.11987628265e-06, 5.50017875867e-06, 5.87022270793e-07, 9.87989849932e-08, 1.25899317638e-08, 4.45304459973e-09, 1.64953484205e-09, 1.53250867552e-09, 1.52465018388e-09, 2.49513831818e-09], "dvar": [5.59008091552e-12, 4.48981971601e-08, 5.91629941482e-07, 6.57703049001e-06, 6.99387055647e-06, 4.54658948001e-05, 2.43121149879e-07, 9.30595092541e-07, 7.44509725337e-06, 2.55186319009e-06, 6.10473080087e-07, 4.70948378961e-07, 1.79935724987e-07, 3.8484902376e-08, 1.97454497197e-08, 6.08731687279e-09, 4.84803752698e-10, 2.71891432979e-11, 1.50710388613e-10, 1.98522882161e-12, 1.60387328418e-13, 2.4737878863e-15, 1.03594213944e-16, 9.59819520084e-18, 8.27182266914e-18, 8.49553862889e-18, 5.66314978878e-18], "dvar2": [1.52519680913e-11, 6.65501858066e-08, 1.3347452068e-06, 1.92388397409e-05, 1.85861372302e-05, 0.000149539424456, 6.72947123803e-07, 1.67900975612e-06, 1.2905494259e-05, 3.77972469323e-06, 1.37988615734e-06, 6.62544721308e-07, 2.93718642297e-07, 7.18114137044e-08, 4.39722711576e-08, 1.35047608651e-08, 9.99255900247e-10, 5.83482914762e-11, 3.3612337913e-10, 4.16820701218e-12, 3.88254180325e-13, 5.93485492955e-15, 2.31220539312e-16, 2.7671747478e-17, 2.41878612613e-17, 2.49618491973e-17, 1.66302941618e-17], "max": [3.87504915125e-05, 0.00768555095419, 0.0144974980503, 0.0811178386211, 0.0560481399298, 0.0978135541081, 0.0105424104258, 0.0259741954505, 0.0511786974967, 0.0289300177246, 0.0175627097487, 0.0198986399919, 0.01045744773, 0.00605713762343, 0.00229544006288, 0.0021840701811, 0.000352999370079, 0.000119815056678, 0.00039092253428, 3.86603787774e-05, 1.14560380098e-05, 1.88552280633e-06, 1.60500377433e-07, 1.26177781112e-07, 1.13206439778e-07, 1.18204013688e-07, 1.05265712591e-07], "mean": [2.4609155389e-06, 0.000191338374862, 0.00066624453757, 0.00224792934023, 0.00423764530569, 0.00485129281878, 0.000909793539904, 0.00135750463232, 0.00351837836206, 0.00162399397232, 0.000409885629779, 0.000375511590391, 0.000395611044951, 0.000158175738761, 0.00021183732315, 6.5139887738e-05, 2.27069122047e-05, 4.51311098004e-06, 6.20273431196e-06, 9.71102736003e-07, 8.91645655088e-08, 1.27109602843e-08, 4.35632507845e-09, 1.22823484716e-09, 1.19986320879e-09, 1.55455015527e-09, 7.79704212306e-09], "median": [1.53871837938e-06, 3.57300086762e-05, 9.16937206057e-05, 0.000128225714434, 0.000596249476075, 0.000275814003544, 0.000509505392984, 0.000428480328992, 0.00128886429593, 0.000553397927433, 8.47437186167e-05, 6.13590527792e-05, 0.000127162129502, 3.67156026186e-05, 4.44459546998e-05, 2.50126322499e-05, 9.1603724286e-06, 1.43462216329e-06, 1.15022157843e-06, 1.22098001043e-07, 1.28160433377e-08, 2.37266339909e-09, 1.09705433626e-09, 7.24805437891e-10, 7.91553544932e-10, 1.16677090212e-09, 7.51333395499e-09], "min": [2.50066003947e-23, 8.09357878121e-24, 1.23177482795e-23, 6.75536776337e-24, 3.99601782943e-23, 3.2351917786e-23, 1.04370185267e-22, 4.6882413805e-23, 3.64262644546e-23, 4.78036045493e-23, 5.4995747241e-23, 1.13024809813e-22, 9.09376637216e-23, 6.30129532425e-23, 2.0565396802e-22, 1.35789896655e-22, 1.49318924289e-22, 2.2427618458e-22, 1.96636202401e-22, 3.15602876635e-22, 4.67789821496e-22, 6.19723220151e-22, 6.17956626107e-22, 7.26299060509e-22, 1.08352006756e-21, 1.52611733206e-21, 2.26307507722e-21], "var": [8.24575130398e-12, 3.10511921953e-07, 2.29602437685e-06, 3.03703745885e-05, 4.9103564379e-05, 8.6840154836e-05, 1.32075331294e-06, 4.87516308567e-06, 2.93001830869e-05, 8.29087002785e-06, 1.15058617212e-06, 1.4623236666e-06, 8.17307352463e-07, 1.51393166448e-07, 1.26793821664e-07, 1.22726593332e-08, 1.3980271385e-09, 6.51715972855e-11, 2.45062276027e-10, 5.16679928009e-12, 1.8858654601e-13, 3.35988599308e-15, 1.66712733511e-16, 6.38263686225e-18, 5.01406943391e-18, 5.07940015869e-18, 5.02706154621e-18]}, "erbbands": {"dmean": [0.00127194239758, 0.0236253254116, 0.243638187647, 1.43844258785, 4.29738140106, 3.41978788376, 8.48930740356, 30.0583667755, 5.41444969177, 8.56992912292, 11.168967247, 34.4106750488, 19.9959373474, 11.7791023254, 11.3124818802, 8.11054039001, 9.02581214905, 4.03849315643, 3.33749651909, 2.05208039284, 1.14667344093, 0.449922889471, 0.209883719683, 0.269800186157, 0.0326128415763, 0.0172661039978, 0.00680730538443, 0.00223368406296, 0.000390537490603, 0.00013767388009, 5.28351447429e-05, 2.24649829761e-05, 1.51810891111e-05, 1.0588688383e-05, 7.18605315342e-06, 4.58413524029e-06, 2.46883632826e-06, 7.67203118812e-07, 2.72826105174e-06, 6.38495475869e-06], "dmean2": [0.00213954644278, 0.0332563668489, 0.352349132299, 2.42075777054, 7.44452095032, 5.01188468933, 15.4330863953, 53.7643928528, 8.70409297943, 11.5465040207, 15.9127445221, 44.4760627747, 23.9799804688, 16.1362686157, 16.2352657318, 9.86728382111, 11.7969484329, 5.8295583725, 5.00000619888, 3.09602117538, 1.68146693707, 0.657170891762, 0.316212058067, 0.419456124306, 0.0479958765209, 0.0227005649358, 0.00982600729913, 0.00334385130554, 0.000594529497903, 0.000208894605748, 8.33522426547e-05, 3.83832411899e-05, 2.64470218099e-05, 1.82553285413e-05, 1.21114590002e-05, 7.50179015085e-06, 3.95733786718e-06, 1.26104237097e-06, 4.25643793278e-06, 1.00409724837e-05], "dvar": [3.52460529029e-06, 0.00471942359582, 0.470065206289, 17.6235847473, 168.837417603, 57.964099884, 343.593902588, 5443.70458984, 91.0997543335, 284.004943848, 411.378234863, 5381.44970703, 2762.8659668, 925.005065918, 1647.38830566, 823.471496582, 497.914215088, 100.829780579, 56.5395011902, 18.3229007721, 7.69426059723, 0.860524833202, 0.213504523039, 0.824509441853, 0.00727468915284, 0.0029293501284, 0.000943608989473, 0.000149070197949, 4.38088181909e-06, 2.71339729352e-07, 2.17655387047e-08, 5.10748909832e-09, 2.36503772122e-09, 1.02651975808e-09, 4.45828207685e-10, 1.47352088864e-10, 3.31901554851e-11, 3.11404656402e-12, 1.57211552804e-11, 8.98935370586e-11], "dvar2": [8.78354239831e-06, 0.00671865046024, 0.928238093853, 52.5402565002, 525.347167969, 113.697059631, 1102.03735352, 17599.7480469, 251.770172119, 473.417907715, 897.023132324, 9272.87792969, 3670.13427734, 1731.09460449, 3721.19042969, 1089.15808105, 780.380432129, 185.351272583, 124.537574768, 40.8423538208, 16.5390644073, 1.86861205101, 0.452150791883, 1.82092452049, 0.0149359731004, 0.0057628583163, 0.00230127130635, 0.00035440720967, 1.02730318758e-05, 5.88417606195e-07, 5.15422939884e-08, 1.4240447932e-08, 6.8302070666e-09, 2.95639002168e-09, 1.28513910624e-09, 4.20768309084e-10, 9.39464270266e-11, 8.87428585478e-12, 4.28606872216e-11, 2.49279985542e-10], "max": [0.0458537638187, 2.43376898766, 14.6726322174, 108.69732666, 278.881469727, 264.7003479, 265.952880859, 1027.58752441, 194.95765686, 475.149169922, 315.600280762, 1396.20251465, 1129.36657715, 519.229797363, 903.109436035, 718.310546875, 459.705291748, 316.892578125, 118.16859436, 116.480667114, 72.7888641357, 19.588394165, 9.76890850067, 29.2605686188, 2.46663475037, 1.94560003281, 0.939180552959, 0.322192668915, 0.0744610726833, 0.0173589400947, 0.00376605172642, 0.00291776331142, 0.00193687388673, 0.0012683023233, 0.00082731153816, 0.000475894135889, 0.000225059615332, 6.9470203016e-05, 7.4276329542e-05, 0.000175891065737], "mean": [0.00217173807323, 0.0644774585962, 0.657237768173, 3.92446899414, 10.2861595154, 15.0897626877, 20.7173156738, 52.164604187, 18.6836929321, 26.0837497711, 29.526922226, 97.3457946777, 49.6116714478, 26.908159256, 21.3996257782, 17.559419632, 20.9578533173, 10.1051340103, 9.4655008316, 7.6285367012, 2.7456972599, 0.99931627512, 0.449737817049, 0.498157829046, 0.0810233205557, 0.042123965919, 0.0127202766016, 0.00313661294058, 0.000644690182526, 0.000228718185099, 9.48445012909e-05, 4.38117167505e-05, 3.33256430167e-05, 2.71647422778e-05, 2.13169623748e-05, 1.54885383381e-05, 9.46600994212e-06, 3.3760277347e-06, 1.12346724563e-05, 2.40772096731e-05], "median": [0.00105846533552, 0.009794941172, 0.0953811407089, 0.39154779911, 1.33610105515, 1.85451471806, 1.98123526573, 2.86624288559, 8.32863521576, 9.95456123352, 18.8990592957, 35.8897781372, 19.2382621765, 9.66624450684, 6.34750270844, 4.2499165535, 7.15158748627, 3.69659471512, 2.32678604126, 2.77125835419, 1.14608430862, 0.439193814993, 0.211755096912, 0.0847302377224, 0.0235676504672, 0.00906671956182, 0.00194695137907, 0.000582931214012, 0.000129682302941, 7.10713502485e-05, 4.11591281591e-05, 2.91953219858e-05, 2.38202410401e-05, 1.98731722776e-05, 1.55048437591e-05, 1.1112507309e-05, 6.86625162416e-06, 2.98371742247e-06, 7.53332369641e-06, 1.51493886733e-05], "min": [2.83525924206e-22, 2.13854824627e-21, 9.60930709283e-21, 2.71334078663e-20, 2.52087395267e-20, 1.74857929407e-19, 1.71353591667e-19, 3.3721457482e-19, 1.36761151774e-18, 1.16791336746e-18, 1.2873419111e-18, 7.26745531649e-19, 5.78581353919e-19, 2.14126289471e-18, 3.63891227123e-18, 3.68976609452e-18, 4.17617352371e-18, 3.56724410219e-18, 6.0060281468e-18, 1.12431480737e-17, 8.81319831799e-18, 7.96646398293e-18, 9.38826586036e-18, 1.29710837055e-17, 1.29333923937e-17, 1.47450949519e-17, 1.68847895122e-17, 1.63585835286e-17, 2.36307733167e-17, 1.87644664643e-17, 1.8511633747e-17, 1.61195978147e-17, 1.23977797122e-17, 1.31252023429e-17, 7.11586175134e-18, 5.19937981141e-18, 3.21268843546e-18, 1.16769323402e-18, 2.70517218421e-19, 3.79942634598e-20], "var": [1.16681248983e-05, 0.0334105566144, 2.36178159714, 68.4212341309, 526.258300781, 728.231445312, 1036.69677734, 10985.7509766, 622.226379395, 1582.89111328, 1196.48388672, 22174.5292969, 9277.46289062, 2399.88964844, 2942.00561523, 2706.06933594, 2059.89208984, 488.349639893, 204.156524658, 118.70475769, 18.7581825256, 2.30522179604, 0.505163431168, 1.40535640717, 0.0197206027806, 0.0090084951371, 0.00147903175093, 0.000185458673513, 5.90930176259e-06, 4.58792669633e-07, 3.67978749694e-08, 4.64104177311e-09, 1.86585547013e-09, 9.38626842917e-10, 4.91668594726e-10, 2.23435950297e-10, 6.83324299922e-11, 4.01958327734e-12, 1.03976431631e-10, 5.72756120309e-10]}, "gfcc": {"mean": [-220.217880249, 237.34312439, -136.052078247, -66.4459838867, -17.0778961182, -32.8467216492, -20.5233631134, -2.56511425972, -9.4078207016, -13.3157014847, -10.5278463364, -17.4745903015, -4.17437028885], "cov": [[12488.0009766, 3296.6081543, -2943.85131836, 119.249336243, 1012.01794434, -1474.14050293, -954.876525879, -1321.27600098, -1077.06298828, -513.013366699, -209.098510742, -537.273254395, 177.980926514], [3296.6081543, 1336.65466309, -386.628601074, -72.6003494263, 276.595550537, -290.878051758, -321.198547363, -365.553253174, -323.430938721, -201.401550293, -72.798789978, -129.812728882, 44.479019165], [-2943.85131836, -386.628601074, 1560.93591309, 158.868240356, -304.838378906, 330.934265137, 37.5265884399, 169.327636719, 182.326004028, 41.7694320679, -42.9393806458, 95.4029388428, -11.8129730225], [119.249336243, -72.6003494263, 158.868240356, 442.40246582, 12.5408678055, -165.302597046, -6.19284009933, -100.945137024, -53.2982635498, 17.8518562317, -61.7210731506, -61.3889465332, -16.251996994], [1012.01794434, 276.595550537, -304.838378906, 12.5408678055, 258.015869141, -22.6404628754, -63.5922546387, -136.59815979, -149.594619751, -47.5968818665, 41.9547576904, -38.0104408264, -15.2869710922], [-1474.14050293, -290.878051758, 330.934265137, -165.302597046, -22.6404628754, 528.505554199, 252.591186523, 167.639343262, 89.0733108521, 40.926071167, 106.235206604, 141.634277344, -65.9476165771], [-954.876525879, -321.198547363, 37.5265884399, -6.19284009933, -63.5922546387, 252.591186523, 302.640930176, 201.070983887, 89.532043457, 45.4567832947, 46.3931427002, 74.2048187256, -47.5678024292], [-1321.27600098, -365.553253174, 169.327636719, -100.945137024, -136.59815979, 167.639343262, 201.070983887, 330.371246338, 215.641723633, 47.2590942383, 12.0460615158, 69.440246582, -19.1250953674], [-1077.06298828, -323.430938721, 182.326004028, -53.2982635498, -149.594619751, 89.0733108521, 89.532043457, 215.641723633, 251.234191895, 94.7291412354, -32.9374198914, 32.4125595093, 0.625901520252], [-513.013366699, -201.401550293, 41.7694320679, 17.8518562317, -47.5968818665, 40.926071167, 45.4567832947, 47.2590942383, 94.7291412354, 139.544311523, 56.088634491, 5.5843205452, -11.2070894241], [-209.098510742, -72.798789978, -42.9393806458, -61.7210731506, 41.9547576904, 106.235206604, 46.3931427002, 12.0460615158, -32.9374198914, 56.088634491, 153.980880737, 79.6894378662, -16.6902961731], [-537.273254395, -129.812728882, 95.4029388428, -61.3889465332, -38.0104408264, 141.634277344, 74.2048187256, 69.440246582, 32.4125595093, 5.5843205452, 79.6894378662, 139.040603638, 33.5141830444], [177.980926514, 44.479019165, -11.8129730225, -16.251996994, -15.2869710922, -65.9476165771, -47.5678024292, -19.1250953674, 0.625901520252, -11.2070894241, -16.6902961731, 33.5141830444, 101.192016602]], "icov": [[0.00163087062538, -0.0028379347641, 0.00253594992682, -0.00213614897802, 0.00130409165286, -0.000601067265961, 0.000289613177301, 0.00252231420018, -0.00291851069778, 0.00432993285358, -0.00409615738317, 0.00404486292973, -0.00276757171378], [-0.0028379347641, 0.00666218670085, -0.00480339489877, 0.00499752210453, -0.00375328934751, 0.00215380522422, -0.000916074146517, -0.00328427762724, 0.00566298654303, -0.00689315237105, 0.00799930281937, -0.00716400751844, 0.00498391268775], [0.00253594992682, -0.00480339489877, 0.00687645561993, -0.0071515138261, 0.00650070561096, -0.00670908903703, 0.00679796747863, -0.000246803159826, -0.00216502812691, 0.006631096825, -0.00660943379626, 0.00800096895546, -0.00592845678329], [-0.00213614897802, 0.00499752210453, -0.0071515138261, 0.0124170072377, -0.00897910445929, 0.0108089484274, -0.00980903208256, 0.00224314024672, 0.00546315591782, -0.0117979757488, 0.0137313138694, -0.0135404588655, 0.00962954759598], [0.00130409165286, -0.00375328934751, 0.00650070561096, -0.00897910445929, 0.0161158926785, -0.0111330747604, 0.00908300746232, -0.00160066538956, -0.00179350504186, 0.0104351928458, -0.0137643339112, 0.0146581074223, -0.00813900027424], [-0.000601067265961, 0.00215380522422, -0.00670908903703, 0.0108089484274, -0.0111330747604, 0.0177788343281, -0.0164041351527, 0.0090634021908, -0.00390523928218, -0.00351061462425, 0.00549414008856, -0.0122669385746, 0.0095740603283], [0.000289613177301, -0.000916074146517, 0.00679796747863, -0.00980903208256, 0.00908300746232, -0.0164041351527, 0.0273026879877, -0.0212453342974, 0.0189157817513, -0.0116271991283, 0.0101678492501, -0.00326054636389, -3.58848628821e-05], [0.00252231420018, -0.00328427762724, -0.000246803159826, 0.00224314024672, -0.00160066538956, 0.0090634021908, -0.0212453342974, 0.0344433374703, -0.0372632816434, 0.0321559198201, -0.0294561814517, 0.0184264592826, -0.00764295784757], [-0.00291851069778, 0.00566298654303, -0.00216502812691, 0.00546315591782, -0.00179350504186, -0.00390523928218, 0.0189157817513, -0.0372632816434, 0.0601691678166, -0.0557912141085, 0.0553274638951, -0.037777043879, 0.0173878166825], [0.00432993285358, -0.00689315237105, 0.006631096825, -0.0117979757488, 0.0104351928458, -0.00351061462425, -0.0116271991283, 0.0321559198201, -0.0557912141085, 0.0708525553346, -0.0671622529626, 0.0520121790469, -0.0259178038687], [-0.00409615738317, 0.00799930281937, -0.00660943379626, 0.0137313138694, -0.0137643339112, 0.00549414008856, 0.0101678492501, -0.0294561814517, 0.0553274638951, -0.0671622529626, 0.078590914607, -0.0605717971921, 0.0310789179057], [0.00404486292973, -0.00716400751844, 0.00800096895546, -0.0135404588655, 0.0146581074223, -0.0122669385746, -0.00326054636389, 0.0184264592826, -0.037777043879, 0.0520121790469, -0.0605717971921, 0.0633367970586, -0.0340094380081], [-0.00276757171378, 0.00498391268775, -0.00592845678329, 0.00962954759598, -0.00813900027424, 0.0095740603283, -3.58848628821e-05, -0.00764295784757, 0.0173878166825, -0.0259178038687, 0.0310789179057, -0.0340094380081, 0.030374109745]]}, "melbands": {"dmean": [1.55856705533e-05, 9.12927862373e-05, 0.000344761007, 0.000269759300863, 0.000284641399048, 0.000610889983363, 6.7579014285e-05, 0.000104491540696, 0.000133185021696, 0.000192577572307, 9.76664523478e-05, 5.03443661728e-05, 3.04653804051e-05, 2.28214830713e-05, 2.75626061921e-05, 1.32351460707e-05, 8.18166336103e-06, 5.15762530995e-06, 4.01982060794e-06, 2.68144071924e-06, 1.0977984175e-06, 5.13208931352e-07, 4.43438153752e-07, 7.17396417826e-08, 2.72757716857e-07, 1.7406728503e-08, 1.61861297698e-08, 1.11629612221e-08, 5.89949333829e-09, 2.7846949191e-09, 6.4865374183e-10, 2.39156666693e-10, 8.6214584083e-11, 8.69106384083e-11, 3.43823892968e-11, 1.47558840147e-11, 1.26889462479e-11, 1.03355076234e-11, 8.91881273696e-12, 7.9242636758e-12], "dmean2": [2.41383258981e-05, 0.000130236992845, 0.000584856083151, 0.000431892520282, 0.000508878438268, 0.00109834375326, 0.000104012200609, 0.000139355237479, 0.000186225850484, 0.000248220254434, 0.000118308977108, 6.97685682098e-05, 4.45247314929e-05, 2.99560524581e-05, 3.55920892616e-05, 1.68839414982e-05, 1.21676193885e-05, 7.61344927014e-06, 6.1958689912e-06, 4.00217868446e-06, 1.59113267273e-06, 7.40282189327e-07, 6.92560888638e-07, 1.0691020691e-07, 4.26136779197e-07, 2.52149980895e-08, 2.28888659137e-08, 1.48976901926e-08, 8.61783178152e-09, 4.1703103193e-09, 1.00107377943e-09, 3.7025180144e-10, 1.33044630868e-10, 1.32681837739e-10, 5.45778006122e-11, 2.56790803899e-11, 2.24052235098e-11, 1.87138689961e-11, 1.6190288693e-11, 1.43938845218e-11], "dvar": [1.16830589647e-09, 6.72586821793e-08, 1.01549937881e-06, 4.32623266988e-07, 3.68289107655e-07, 2.22976223085e-06, 1.51322527842e-08, 4.29962874193e-08, 6.77485800793e-08, 1.59883398965e-07, 6.94859565442e-08, 1.91866735832e-08, 1.15812524015e-08, 4.68839633783e-09, 9.57529699974e-09, 1.637189051e-09, 5.05467945278e-10, 1.33492258914e-10, 9.5603365502e-11, 5.1946860008e-11, 5.83381259966e-12, 1.44378226822e-12, 9.98432781764e-13, 4.03971527182e-14, 8.93013039818e-13, 1.82712312382e-15, 2.23580550944e-15, 1.46472611245e-15, 9.76766313401e-16, 2.67456847024e-16, 1.44713544174e-17, 2.18487950803e-18, 1.84430619218e-19, 1.30300734188e-19, 9.61712168779e-21, 2.21035988268e-21, 1.79493063435e-21, 1.24415123198e-21, 8.42640367786e-22, 6.83191308271e-22], "dvar2": [2.03218664119e-09, 1.28129983068e-07, 3.05742901219e-06, 1.15750060559e-06, 1.16965588859e-06, 7.26265443518e-06, 3.96138410963e-08, 6.97367568137e-08, 1.30950468247e-07, 2.76159113355e-07, 9.27292305164e-08, 3.57270799611e-08, 2.61909249843e-08, 8.66408189637e-09, 1.31542625681e-08, 2.54354670659e-09, 9.53020107275e-10, 2.89025969824e-10, 2.10821443636e-10, 1.16223239366e-10, 1.19424088674e-11, 3.08049354254e-12, 2.23176989042e-12, 8.18133809397e-14, 1.97991297836e-12, 4.02742185914e-15, 4.45940019191e-15, 3.10514655167e-15, 2.44891370501e-15, 6.30472880663e-16, 3.68195097481e-17, 5.22053330122e-18, 4.50766026053e-19, 2.86091478392e-19, 2.21515817647e-20, 6.35637450142e-21, 4.96727248886e-21, 3.60907665817e-21, 2.46065027653e-21, 1.98824149142e-21], "max": [0.00114901957568, 0.00591056607664, 0.0293417721987, 0.0133225014433, 0.00838081818074, 0.0211381278932, 0.00255684484728, 0.00597613910213, 0.00430159084499, 0.00755196949467, 0.00558824744076, 0.00227136840113, 0.00237666699104, 0.00124817516189, 0.00329998717643, 0.00129137502518, 0.000710832420737, 0.000162615790032, 0.000177292662556, 0.000197389279492, 4.89399499202e-05, 2.14732954191e-05, 2.5510773412e-05, 5.61571459912e-06, 3.01431300613e-05, 2.4525770641e-06, 9.68671201917e-07, 1.44367857047e-06, 1.05419326246e-06, 4.29070382779e-07, 1.11152033355e-07, 6.4934020827e-08, 1.25173409415e-08, 6.77773570601e-09, 2.24349139266e-09, 1.9173211907e-09, 1.73236791579e-09, 1.40748979138e-09, 1.12832931887e-09, 1.0365430736e-09], "mean": [3.36406956194e-05, 0.000242210720899, 0.00092209019931, 0.000902693369426, 0.000809707096778, 0.00106548261829, 0.000249180593528, 0.000305105437292, 0.000350640824763, 0.000541147077456, 0.000229293160373, 0.000111680856207, 5.63402136322e-05, 4.6706172725e-05, 5.57338498766e-05, 3.33391835738e-05, 1.80830666068e-05, 1.29398795252e-05, 1.6900123228e-05, 6.13081101619e-06, 2.47889261118e-06, 1.052706466e-06, 8.00757050001e-07, 1.64730707297e-07, 4.8169351885e-07, 4.41710916732e-08, 3.56817828617e-08, 2.56331809112e-08, 1.01633021998e-08, 3.37931327365e-09, 9.34433530553e-10, 3.61238622348e-10, 1.2436039698e-10, 1.283999157e-10, 5.23910498318e-11, 1.98615377617e-11, 1.64746324222e-11, 1.35493864392e-11, 1.21851365803e-11, 1.10014627616e-11], "median": [9.70157088886e-06, 3.29829781549e-05, 9.75684524747e-05, 0.000141211756272, 7.90087142377e-05, 5.78042381676e-05, 0.000114978509373, 9.62066696957e-05, 0.000196075969143, 0.000214398896787, 6.66103878757e-05, 3.242180901e-05, 1.41091259138e-05, 1.18481839309e-05, 1.41138334584e-05, 9.79618016572e-06, 4.73449563287e-06, 3.03574643112e-06, 3.02844955513e-06, 2.54341512118e-06, 6.57549321659e-07, 3.02058481338e-07, 3.14380031341e-07, 4.73016754654e-08, 6.49022950938e-08, 1.78584862454e-08, 4.03196231957e-09, 4.82643791599e-09, 4.77296258072e-10, 4.29349056308e-10, 9.77028596916e-11, 5.17654738519e-11, 3.04749905866e-11, 2.61147561909e-11, 1.44484615244e-11, 1.07719527742e-11, 9.16804739765e-12, 8.39673729852e-12, 7.88271271174e-12, 7.25141734853e-12], "min": [4.29027919761e-24, 4.51823554453e-24, 4.10460342863e-24, 6.3495075051e-24, 7.29899942329e-24, 6.78964929173e-24, 2.28098688983e-23, 1.13252026997e-23, 1.17869245653e-23, 3.90868982282e-24, 3.14367776048e-24, 8.87013030087e-24, 1.0140135616e-23, 1.24198300361e-23, 6.6937309054e-24, 1.13952693253e-23, 5.68192607545e-24, 7.38333417609e-24, 1.81747714992e-23, 1.025413075e-23, 1.07510697329e-23, 9.69864566607e-24, 5.47915529622e-24, 1.06459737388e-23, 1.05319060296e-23, 7.20042573116e-24, 1.29348276229e-23, 8.60795947877e-24, 8.24456596961e-24, 1.38198554056e-23, 8.19745756294e-24, 1.278907216e-23, 1.24213943473e-23, 9.45814643076e-24, 1.04677692714e-23, 1.01453255319e-23, 9.83535131664e-24, 7.71126838755e-24, 1.04334987871e-23, 1.11076309178e-23], "var": [7.02458491375e-09, 3.48188876842e-07, 4.41748125013e-06, 2.45720093517e-06, 1.53712426254e-06, 4.42219470642e-06, 1.12396051577e-07, 2.42190338895e-07, 2.17435584204e-07, 6.52603375784e-07, 2.36634022599e-07, 5.11022868466e-08, 2.09885957503e-08, 1.17925536003e-08, 3.02015585874e-08, 9.24066867469e-09, 2.06276751236e-09, 3.93710897217e-10, 9.9021646438e-10, 1.09444821261e-10, 1.75137560704e-11, 3.92428537582e-12, 2.03375294036e-12, 1.07680378015e-13, 1.48648129396e-12, 4.89800316937e-15, 6.21104145695e-15, 3.96814945811e-15, 1.37584694529e-15, 2.96409624301e-16, 2.04634607009e-17, 2.65209614021e-18, 2.26795398073e-19, 2.04564570144e-19, 1.75606388921e-20, 1.54522033725e-21, 1.47269521717e-21, 7.75519184721e-22, 5.19584585754e-22, 4.21837449455e-22]}, "mfcc": {"mean": [-828.208862305, 241.552749634, -14.6795110703, -30.8407535553, 0.945537865162, -17.034954071, -12.2215175629, -1.7814207077, 0.0804008841515, 3.60609555244, -0.955496311188, -5.04278469086, -5.66480636597], "cov": [[6677.57519531, 3568.27978516, -2057.03540039, 168.833145142, 933.836303711, -378.467529297, -254.208755493, -558.993835449, -812.381347656, -434.062866211, -625.437866211, -706.978210449, -287.479400635], [3568.27978516, 2245.21142578, -782.802368164, -46.6282577515, 497.207366943, -103.301200867, -172.738067627, -279.879699707, -427.999938965, -293.373840332, -358.867462158, -394.477020264, -175.553649902], [-2057.03540039, -782.802368164, 1098.11364746, 54.9458007812, -266.497772217, 190.565887451, 39.7695045471, 139.308380127, 263.554351807, 85.7441635132, 122.669692993, 175.298217773, 67.0041732788], [168.833145142, -46.6282577515, 54.9458007812, 472.165863037, 163.21421814, -107.724235535, -52.6928138733, -117.376968384, -50.357208252, 29.7857055664, -76.0747375488, -86.9897003174, -10.0745162964], [933.836303711, 497.207366943, -266.497772217, 163.21421814, 311.755584717, -16.8910827637, -76.0386734009, -125.289306641, -179.608779907, -80.7085876465, -89.9288024902, -138.424850464, -65.2838897705], [-378.467529297, -103.301200867, 190.565887451, -107.724235535, -16.8910827637, 263.853149414, 182.594924927, 62.9522361755, -12.5859174728, -57.7574653625, 50.2845458984, 94.7888793945, 17.8702430725], [-254.208755493, -172.738067627, 39.7695045471, -52.6928138733, -76.0386734009, 182.594924927, 296.114257812, 137.418106079, -14.5559110641, -45.9228858948, 30.0445213318, 106.801940918, 67.1587142944], [-558.993835449, -279.879699707, 139.308380127, -117.376968384, -125.289306641, 62.9522361755, 137.418106079, 219.408477783, 141.22769165, 6.57032871246, 52.7946281433, 102.183059692, 55.6224594116], [-812.381347656, -427.999938965, 263.554351807, -50.357208252, -179.608779907, -12.5859174728, -14.5559110641, 141.22769165, 270.050170898, 131.585586548, 67.0821304321, 88.4289169312, 41.9815254211], [-434.062866211, -293.373840332, 85.7441635132, 29.7857055664, -80.7085876465, -57.7574653625, -45.9228858948, 6.57032871246, 131.585586548, 168.644424438, 92.6767578125, 36.8125610352, 11.8815841675], [-625.437866211, -358.867462158, 122.669692993, -76.0747375488, -89.9288024902, 50.2845458984, 30.0445213318, 52.7946281433, 67.0821304321, 92.6767578125, 196.913635254, 146.146514893, -13.4882097244], [-706.978210449, -394.477020264, 175.298217773, -86.9897003174, -138.424850464, 94.7888793945, 106.801940918, 102.183059692, 88.4289169312, 36.8125610352, 146.146514893, 204.944351196, 57.1477508545], [-287.479400635, -175.553649902, 67.0041732788, -10.0745162964, -65.2838897705, 17.8702430725, 67.1587142944, 55.6224594116, 41.9815254211, 11.8815841675, -13.4882097244, 57.1477508545, 126.377578735]], "icov": [[18.5646018982, -25.8149051666, 24.5706748962, -22.5575408936, 19.955827713, -16.928440094, 13.6843585968, -10.4554834366, 7.47475481033, -4.86683607101, 2.81338095665, -1.33296179771, 0.454496145248], [-25.8149051666, 35.9008407593, -34.1771697998, 31.3904094696, -27.7855148315, 23.5863857269, -19.082572937, 14.5943489075, -10.4443588257, 6.80822610855, -3.93781638145, 1.86871850491, -0.63663983345], [24.5706748962, -34.1771697998, 32.5638885498, -29.9438266754, 26.550693512, -22.5915393829, 18.3275508881, -14.0592765808, 10.0967483521, -6.60569238663, 3.83730506897, -1.8284175396, 0.626006305218], [-22.5575408936, 31.3904094696, -29.9438266754, 27.5950584412, -24.5369110107, 20.9547328949, -17.075969696, 13.1664237976, -9.50926685333, 6.25639438629, -3.65381622314, 1.75317692757, -0.603232562542], [19.955827713, -27.7855148315, 26.550693512, -24.5369110107, 21.9105243683, -18.8044471741, 15.418129921, -11.9692163467, 8.7150554657, -5.7787566185, 3.40265393257, -1.64581143856, 0.572218477726], [-16.928440094, 23.5863857269, -22.5915393829, 20.9547328949, -18.8044471741, 16.2602138519, -13.4367341995, 10.5227165222, -7.73688268661, 5.18765926361, -3.08960819244, 1.51242208481, -0.531017720699], [13.6843585968, -19.082572937, 18.3275508881, -17.075969696, 15.418129921, -13.4367341995, 11.2142868042, -8.872631073, 6.59893512726, -4.47340488434, 2.69856286049, -1.34143590927, 0.475808650255], [-10.4554834366, 14.5943489075, -14.0592765808, 13.1664237976, -11.9692163467, 10.5227165222, -8.872631073, 7.10936498642, -5.3517780304, 3.67473077774, -2.24514532089, 1.13040304184, -0.410234451294], [7.47475481033, -10.4443588257, 10.0967483521, -9.50926685333, 8.7150554657, -7.73688268661, 6.59893512726, -5.3517780304, 4.09312343597, -2.84920811653, 1.76843261719, -0.905242502689, 0.334599882364], [-4.86683607101, 6.80822610855, -6.60569238663, 6.25639438629, -5.7787566185, 5.18765926361, -4.47340488434, 3.67473077774, -2.84920811653, 2.02463769913, -1.27861344814, 0.666036188602, -0.252825349569], [2.81338095665, -3.93781638145, 3.83730506897, -3.65381622314, 3.40265393257, -3.08960819244, 2.69856286049, -2.24514532089, 1.76843261719, -1.27861344814, 0.841395020485, -0.450468361378, 0.178883031011], [-1.33296179771, 1.86871850491, -1.8284175396, 1.75317692757, -1.64581143856, 1.51242208481, -1.34143590927, 1.13040304184, -0.905242502689, 0.666036188602, -0.450468361378, 0.256569385529, -0.101854898036], [0.454496145248, -0.63663983345, 0.626006305218, -0.603232562542, 0.572218477726, -0.531017720699, 0.475808650255, -0.410234451294, 0.334599882364, -0.252825349569, 0.178883031011, -0.101854898036, 0.053582970053]]}, "spectral_contrast_coeffs": {"dmean": [0.0401351302862, 0.0392862893641, 0.0322590619326, 0.0263316333294, 0.01818170771, 0.0362791605294], "dmean2": [0.0673223808408, 0.0668376609683, 0.0504589825869, 0.0410567373037, 0.0283412672579, 0.0634241476655], "dvar": [0.00105066865217, 0.00115311914124, 0.000870808027685, 0.000647351960652, 0.000341552426107, 0.00108037760947], "dvar2": [0.00289451284334, 0.00325366295874, 0.00203441176564, 0.00148113700561, 0.000763331714552, 0.00298265693709], "max": [-0.238771960139, -0.413243770599, -0.430173486471, -0.47805544734, -0.531572341919, -0.598017215729], "mean": [-0.591717362404, -0.688540875912, -0.660767197609, -0.694420456886, -0.697153627872, -0.865631043911], "median": [-0.578233718872, -0.691363573074, -0.664409160614, -0.692471146584, -0.686845600605, -0.877088606358], "min": [-0.977590620518, -0.990789175034, -0.968079984188, -0.968406796455, -0.965666115284, -0.96254748106], "var": [0.0218109358102, 0.00685801263899, 0.0058172820136, 0.00477274646983, 0.00528456550092, 0.00230154464953]}, "spectral_contrast_valleys": {"dmean": [0.378942579031, 0.306509375572, 0.309155553579, 0.306379646063, 0.26849001646, 0.677583634853], "dmean2": [0.630999922752, 0.495579242706, 0.488466769457, 0.469588845968, 0.411663383245, 1.20298671722], "dvar": [0.11402425915, 0.0981221199036, 0.120321363211, 0.147061437368, 0.134026378393, 0.342305183411], "dvar2": [0.280060380697, 0.195862323046, 0.23235951364, 0.269953250885, 0.255294710398, 0.988214969635], "max": [-6.12096405029, -5.08430099487, -5.66409635544, -6.89641332626, -8.49702358246, -12.1173353195], "mean": [-8.78799057007, -7.10266065598, -8.1035490036, -9.58725643158, -11.8185167313, -14.4966812134], "median": [-8.8140048