{"lowlevel": {"average_loudness": 0.976115226746, "barkbands_crest": {"dmean": 3.53061580658, "dmean2": 5.48668956757, "dvar": 13.2367115021, "dvar2": 27.6099300385, "max": 26.6217861176, "mean": 13.9104509354, "median": 13.1887245178, "min": 4.28733253479, "var": 26.9283275604}, "barkbands_flatness_db": {"dmean": 0.0550825744867, "dmean2": 0.0789211913943, "dvar": 0.00268283323385, "dvar2": 0.00651127658784, "max": 0.491302967072, "mean": 0.168186336756, "median": 0.15257461369, "min": 0.0403708219528, "var": 0.00593560189009}, "barkbands_kurtosis": {"dmean": 26.0785388947, "dmean2": 41.8300094604, "dvar": 16568.3242188, "dvar2": 41876.3984375, "max": 1894.31628418, "mean": 23.7366828918, "median": 6.23114967346, "min": -1.86913776398, "var": 13259.4003906}, "barkbands_skewness": {"dmean": 1.41320085526, "dmean2": 1.97936058044, "dvar": 7.03457021713, "dvar2": 13.5731592178, "max": 37.822933197, "mean": 3.05592274666, "median": 2.46681904793, "min": -2.03468132019, "var": 11.5759019852}, "barkbands_spread": {"dmean": 11.8350601196, "dmean2": 18.2829360962, "dvar": 177.397720337, "dvar2": 391.547851562, "max": 92.957321167, "mean": 23.5294742584, "median": 16.1031112671, "min": 0.138014212251, "var": 365.231719971}, "dissonance": {"dmean": 0.0211377888918, "dmean2": 0.0315660648048, "dvar": 0.000684946659021, "dvar2": 0.00142906000838, "max": 0.500000119209, "mean": 0.457186579704, "median": 0.465910792351, "min": 0.233708277345, "var": 0.00146649882663}, "dynamic_complexity": 2.73200702667, "erbbands_crest": {"dmean": 2.08959388733, "dmean2": 3.30684757233, "dvar": 5.58984470367, "dvar2": 12.1243095398, "max": 24.948059082, "mean": 6.72603988647, "median": 5.76726436615, "min": 1.76031291485, "var": 14.0014944077}, "erbbands_flatness_db": {"dmean": 0.0434903539717, "dmean2": 0.0629029273987, "dvar": 0.00238151475787, "dvar2": 0.00503705069423, "max": 0.358717292547, "mean": 0.130530267954, "median": 0.106257855892, "min": 0.0433566123247, "var": 0.00458716554567}, "erbbands_kurtosis": {"dmean": 0.896397173405, "dmean2": 1.48125076294, "dvar": 2.88446378708, "dvar2": 7.06064128876, "max": 21.6957950592, "mean": -0.453091323376, "median": -0.946610212326, "min": -1.77812099457, "var": 2.94251799583}, "erbbands_skewness": {"dmean": 0.47683057189, "dmean2": 0.720420956612, "dvar": 0.24423366785, "dvar2": 0.526731491089, "max": 4.41385889053, "mean": 0.0703350305557, "median": 0.0568984374404, "min": -3.10675358772, "var": 0.624057650566}, "erbbands_spread": {"dmean": 22.195438385, "dmean2": 30.1701202393, "dvar": 488.576019287, "dvar2": 851.241333008, "max": 196.678756714, "mean": 67.0315475464, "median": 61.5539855957, "min": 7.38080072403, "var": 1121.09606934}, "hfc": {"dmean": 16.7799835205, "dmean2": 24.2395019531, "dvar": 577.245300293, "dvar2": 1343.31494141, "max": 185.544250488, "mean": 23.5354919434, "median": 13.6384897232, "min": 5.51032690055e-06, "var": 770.342895508}, "melbands_crest": {"dmean": 3.77562355995, "dmean2": 6.18544006348, "dvar": 16.6262664795, "dvar2": 36.4734954834, "max": 32.879070282, "mean": 18.8213367462, "median": 18.9991760254, "min": 3.26484394073, "var": 33.8864517212}, "melbands_flatness_db": {"dmean": 0.0658243373036, "dmean2": 0.0936583802104, "dvar": 0.00381439807825, "dvar2": 0.00919133983552, "max": 0.628263652325, "mean": 0.262419551611, "median": 0.250777125359, "min": 0.0304438490421, "var": 0.00932206958532}, "melbands_kurtosis": {"dmean": 42.0923652649, "dmean2": 58.0654373169, "dvar": 8246.66699219, "dvar2": 13552.0878906, "max": 1111.43945312, "mean": 60.7978439331, "median": 24.4238090515, "min": -1.80227541924, "var": 14153.6542969}, "melbands_skewness": {"dmean": 1.90103709698, "dmean2": 2.61592125893, "dvar": 5.29739522934, "dvar2": 9.14451885223, "max": 25.4953632355, "mean": 5.38729524612, "median": 4.33636379242, "min": -0.635904669762, "var": 12.6619005203}, "melbands_spread": {"dmean": 9.08214092255, "dmean2": 14.084690094, "dvar": 256.849365234, "dvar2": 481.867889404, "max": 190.15145874, "mean": 16.1666507721, "median": 9.79702758789, "min": 0.251730501652, "var": 410.456634521}, "pitch_salience": {"dmean": 0.105991773307, "dmean2": 0.162402629852, "dvar": 0.010954243131, "dvar2": 0.0251671858132, "max": 0.859606683254, "mean": 0.453774124384, "median": 0.458579748869, "min": 0.0208150465041, "var": 0.0210382025689}, "silence_rate_20dB": {"dmean": 0.032638259232, "dmean2": 0.0652962550521, "dvar": 0.0315744355321, "dvar2": 0.0779583901167, "max": 1, "mean": 0.975528717041, "median": 1, "min": 0, "var": 0.0238708630204}, "silence_rate_30dB": {"dmean": 0.0918706580997, "dmean2": 0.183796852827, "dvar": 0.0834300145507, "dvar2": 0.161504045129, "max": 1, "mean": 0.849244713783, "median": 1, "min": 0, "var": 0.128029540181}, "silence_rate_60dB": {"dmean": 0.061952251941, "dmean2": 0.123639658093, "dvar": 0.0581168569624, "dvar2": 0.132538408041, "max": 1, "mean": 0.0746223554015, "median": 0, "min": 0, "var": 0.0690545588732}, "spectral_centroid": {"dmean": 474.892913818, "dmean2": 690.718994141, "dvar": 258116.984375, "dvar2": 516466.375, "max": 10794.2841797, "mean": 1282.92382812, "median": 1043.99560547, "min": 97.3225479126, "var": 662559.9375}, "spectral_complexity": {"dmean": 6.64823198318, "dmean2": 10.4625148773, "dvar": 67.1592712402, "dvar2": 164.323120117, "max": 56, "mean": 15.0344409943, "median": 13, "min": 0, "var": 97.6348953247}, "spectral_decrease": {"dmean": 1.0384884952e-08, "dmean2": 1.53594257313e-08, "dvar": 3.22487359997e-16, "dvar2": 5.71036525814e-16, "max": -2.96349531284e-17, "mean": -1.51336365661e-08, "median": -7.03551483738e-09, "min": -1.44871421526e-07, "var": 5.7202543678e-16}, "spectral_energy": {"dmean": 0.040375303477, "dmean2": 0.0597772337496, "dvar": 0.0047293282114, "dvar2": 0.00838858820498, "max": 0.551368236542, "mean": 0.0592525452375, "median": 0.0280563235283, "min": 6.11652062332e-10, "var": 0.00842044781893}, "spectral_energyband_high": {"dmean": 0.00140066398308, "dmean2": 0.00211749901064, "dvar": 4.734731192e-06, "dvar2": 1.10832570499e-05, "max": 0.0167903322726, "mean": 0.00165237800684, "median": 0.00081156520173, "min": 4.94910279425e-10, "var": 5.90082890994e-06}, "spectral_energyband_low": {"dmean": 0.0366535708308, "dmean2": 0.0537491366267, "dvar": 0.00447790045291, "dvar2": 0.00789601448923, "max": 0.549106836319, "mean": 0.0492365472019, "median": 0.0186384692788, "min": 6.15263590943e-13, "var": 0.00781610514969}, "spectral_energyband_middle_high": {"dmean": 0.00118271773681, "dmean2": 0.00181617343333, "dvar": 3.07268510369e-06, "dvar2": 7.43621103538e-06, "max": 0.0153657663614, "mean": 0.0021013324149, "median": 0.00132833467796, "min": 7.8788385538e-11, "var": 4.89134890813e-06}, "spectral_energyband_middle_low": {"dmean": 0.00595137616619, "dmean2": 0.00946295633912, "dvar": 0.000135828217026, "dvar2": 0.000336778379278, "max": 0.114659644663, "mean": 0.00881023705006, "median": 0.00608047377318, "min": 3.7383800916e-11, "var": 0.000128567306092}, "spectral_entropy": {"dmean": 0.539296686649, "dmean2": 0.746324837208, "dvar": 0.302983611822, "dvar2": 0.64168459177, "max": 9.79985904694, "mean": 7.44933891296, "median": 7.66567802429, "min": 5.41795015335, "var": 0.614062488079}, "spectral_flux": {"dmean": 0.0790947005153, "dmean2": 0.130764260888, "dvar": 0.00749492505565, "dvar2": 0.0182019080967, "max": 0.601055145264, "mean": 0.120004758239, "median": 0.0816974192858, "min": 2.4731600206e-05, "var": 0.0121152605861}, "spectral_kurtosis": {"dmean": 6.3895277977, "dmean2": 10.4654788971, "dvar": 145.241165161, "dvar2": 379.097076416, "max": 124.278564453, "mean": 6.83585262299, "median": 2.50404453278, "min": -1.20365405083, "var": 123.785903931}, "spectral_rms": {"dmean": 0.00233203684911, "dmean2": 0.00336487521417, "dvar": 8.67485141498e-06, "dvar2": 1.43481538544e-05, "max": 0.0231931079179, "mean": 0.0061173401773, "median": 0.00523182796314, "min": 7.72485407197e-07, "var": 2.03857107408e-05}, "spectral_rolloff": {"dmean": 958.204467773, "dmean2": 1676.67578125, "dvar": 3491331, "dvar2": 6888972.5, "max": 14707.1777344, "mean": 1312.72180176, "median": 387.59765625, "min": 64.599609375, "var": 4619493.5}, "spectral_skewness": {"dmean": 0.603608429432, "dmean2": 0.91552478075, "dvar": 0.750550687313, "dvar2": 1.7724404335, "max": 9.19333076477, "mean": 1.64631462097, "median": 1.29611372948, "min": 0.0408175587654, "var": 0.950091481209}, "spectral_spread": {"dmean": 2018278, "dmean2": 2691302.5, "dvar": 4202664558590.0, "dvar2": 7249098440700.0, "max": 39930072, "mean": 5969832, "median": 6335213, "min": 701064.0625, "var": 9424806608900.0}, "spectral_strongpeak": {"dmean": 0.385409146547, "dmean2": 0.606927335262, "dvar": 0.655717134476, "dvar2": 1.55099523067, "max": 13.642411232, "mean": 0.685941457748, "median": 0.540358066559, "min": 0, "var": 0.792282104492}, "zerocrossingrate": {"dmean": 0.0214102994651, "dmean2": 0.0244987886399, "dvar": 0.000594113138504, "dvar2": 0.000756441731937, "max": 0.35595703125, "mean": 0.0573445744812, "median": 0.045166015625, "min": 0.00244140625, "var": 0.00209669419564}, "barkbands": {"dmean": [0.000833052035887, 0.028833206743, 0.0102752968669, 0.00376867013983, 0.00136762228794, 0.000770311860833, 0.000420573953306, 0.000264446542133, 0.000186186181963, 0.000100670338725, 0.000132020373712, 0.000122059202113, 0.000145730591612, 0.000132150322315, 0.000128807500005, 0.000114000140456, 0.00014874189219, 0.000110216344183, 0.000318968523061, 0.000275855098153, 0.000311767013045, 0.000161357369507, 0.000198118737899, 0.000186411154573, 0.00047959247604, 9.37666263781e-05, 1.64389894053e-05], "dmean2": [0.00147149234544, 0.0394815132022, 0.017171189189, 0.00621616141871, 0.00230704550631, 0.0012612962164, 0.000637915276457, 0.000350535090547, 0.000283479137579, 0.000161382879014, 0.000202291761525, 0.000196283188416, 0.000244750612183, 0.000205132790143, 0.00018843417638, 0.000175194538315, 0.000231050755247, 0.00016790968948, 0.000532557605766, 0.000475516630104, 0.000517093052622, 0.000258030981058, 0.000340191705618, 0.000285101617919, 0.000734452565666, 0.000141147713293, 2.80450785795e-05], "dvar": [2.39407677327e-06, 0.00388876558281, 0.000465044169687, 8.85551053216e-05, 6.20337686996e-06, 2.47091520578e-06, 5.21342485627e-07, 4.50974624755e-07, 3.83350453603e-07, 2.78652603214e-08, 5.28849533055e-08, 3.92475207889e-08, 5.81324535176e-08, 4.32338254086e-08, 4.43641141601e-08, 2.61840025217e-08, 4.39302425548e-08, 2.21652918242e-08, 4.70244117423e-07, 3.23317436823e-07, 3.82283531053e-07, 8.74460184264e-08, 2.33825431906e-07, 7.57944675911e-08, 5.16055251865e-07, 2.06371293388e-08, 1.37094791075e-09], "dvar2": [6.53092502034e-06, 0.0066895307973, 0.00126787985209, 0.000217751643504, 1.61660100275e-05, 6.14844793745e-06, 1.09170798623e-06, 6.55096869195e-07, 7.78098410592e-07, 6.34293684243e-08, 1.04674221291e-07, 9.54218535298e-08, 1.49829048723e-07, 9.6506930447e-08, 7.99165391641e-08, 5.65624560522e-08, 1.02183129513e-07, 5.01656600704e-08, 1.22259018553e-06, 8.54771201375e-07, 9.45925705764e-07, 2.27751527859e-07, 6.5572442054e-07, 1.39899967166e-07, 1.09953725769e-06, 4.16850625129e-08, 3.79417386398e-09], "max": [0.0182719044387, 0.529497504234, 0.191391333938, 0.0857986733317, 0.0235685743392, 0.0252654384822, 0.00962012726814, 0.0128243071958, 0.0139725264162, 0.00236470624804, 0.00295536103658, 0.00232093594968, 0.00275287078694, 0.00262674759142, 0.00289339525625, 0.00183585064951, 0.00212991936132, 0.00128172338009, 0.00646996125579, 0.00456883758307, 0.00758966663852, 0.00324142142199, 0.00522790802643, 0.00193842686713, 0.00504329195246, 0.00113014224917, 0.000402668025345], "mean": [0.000792239792645, 0.0341336131096, 0.0118132252246, 0.00346013833769, 0.0021697783377, 0.00157340045553, 0.000709589396138, 0.000501499162056, 0.000312009040499, 0.000186161560123, 0.000210512065678, 0.000170929793967, 0.000173923835973, 0.000170323313796, 0.000184796517715, 0.000143028388266, 0.000208822777495, 0.000148752704263, 0.00036411077599, 0.000302998058032, 0.00037077468005, 0.000219591805944, 0.000190936814761, 0.000196480774321, 0.000426899525337, 9.92934437818e-05, 1.87868736248e-05], "median": [9.76646551862e-05, 0.00172587693669, 0.00512471608818, 0.000696511822753, 0.00141344754957, 0.000861156033352, 0.000339770165738, 0.000195123619051, 0.00014971930068, 0.000107493979158, 0.000104621176433, 9.86118247965e-05, 8.71531010489e-05, 8.14129016362e-05, 8.3775492385e-05, 6.98080330039e-05, 0.000107280298835, 8.0764242739e-05, 9.95504815364e-05, 7.94832594693e-05, 0.000118318246678, 0.000107976055006, 6.02701766184e-05, 5.3872630815e-05, 7.2556984378e-05, 3.30253533321e-05, 7.13107783668e-06], "min": [1.25271307542e-13, 5.23530464857e-14, 1.15410827596e-13, 9.83894931673e-13, 6.11527538677e-12, 1.11985897985e-11, 4.37183882845e-12, 9.1483808376e-12, 4.04255968978e-12, 6.46336153001e-12, 1.38331056679e-12, 4.5356375448e-13, 1.10507132958e-12, 8.94222467341e-13, 1.19222721973e-11, 1.0378949436e-11, 1.92043885135e-12, 8.69657471037e-12, 1.84599419084e-11, 4.36608284249e-11, 3.01072812514e-11, 5.21132581532e-11, 5.774389647e-11, 4.9330452917e-11, 7.87958170934e-11, 1.25227925252e-10, 7.42766056994e-11], "var": [2.38840380007e-06, 0.00626330589876, 0.000369151297491, 7.60956318118e-05, 6.84995757183e-06, 3.99513828597e-06, 1.22825724702e-06, 1.34123308726e-06, 6.33554179785e-07, 6.70028086347e-08, 9.93753914713e-08, 5.94115654451e-08, 6.33053929278e-08, 7.09789915732e-08, 8.75146355384e-08, 3.80073927886e-08, 7.83955229622e-08, 3.69148018819e-08, 5.57183795991e-07, 3.64772915873e-07, 5.56632528514e-07, 1.11017854465e-07, 1.73189832253e-07, 9.7959080847e-08, 5.7437915757e-07, 2.58116887863e-08, 1.18481391365e-09]}, "erbbands": {"dmean": [0.793739616871, 6.63059568405, 11.1800289154, 13.988448143, 6.75431013107, 4.52978038788, 4.735932827, 6.75941753387, 7.6531085968, 5.25717163086, 4.93664216995, 4.01276397705, 3.38543438911, 3.64078116417, 5.15159702301, 5.80146551132, 6.29722976685, 7.11895751953, 6.42397546768, 6.4610414505, 6.4636297226, 7.72636318207, 5.95210599899, 8.33755779266, 21.4867115021, 11.7991466522, 12.5854578018, 9.82145881653, 5.87495994568, 6.15837192535, 5.97819852829, 3.60731315613, 3.69904732704, 3.97607326508, 4.13311815262, 0.74296015501, 0.146103486419, 0.0303651057184, 0.00316671654582, 0.000137483773869], "dmean2": [1.14190769196, 9.28273487091, 18.6289863586, 22.4187831879, 11.628279686, 7.49980115891, 7.89868736267, 10.9139890671, 11.8157749176, 6.85589456558, 7.19252157211, 6.15861368179, 5.38644552231, 5.78221607208, 7.99131822586, 9.29088878632, 10.5393209457, 11.0075807571, 9.81656742096, 9.59171104431, 9.93660354614, 11.827378273, 9.13616847992, 13.0393333435, 36.4066429138, 20.4103221893, 20.8457565308, 16.3079185486, 9.56608581543, 10.0848550797, 10.2463712692, 5.53568124771, 5.57802534103, 5.95859098434, 6.43103408813, 1.11733043194, 0.220091223717, 0.0485963225365, 0.00548723200336, 0.000229383178521], "dvar": [2.78320169449, 226.189224243, 633.171020508, 848.92956543, 262.376373291, 61.6454429626, 81.9245452881, 226.962509155, 182.087020874, 150.998718262, 192.701095581, 127.063346863, 37.4392051697, 49.2099876404, 88.827255249, 81.817855835, 101.904342651, 118.9949646, 104.088905334, 104.451553345, 76.8955535889, 123.078056335, 66.6897583008, 187.072998047, 2239.50976562, 598.974853516, 715.314880371, 364.803527832, 117.497444153, 156.380249023, 231.627120972, 37.8713912964, 28.2072486877, 34.4354515076, 39.6113395691, 1.16136348248, 0.0584936849773, 0.0045348200947, 5.08355551574e-05, 7.06559575292e-08], "dvar2": [4.78460168839, 398.963226318, 1670.9173584, 2055.81762695, 702.207214355, 157.049728394, 202.985824585, 577.855895996, 403.437286377, 220.241271973, 396.324981689, 266.848693848, 83.3153686523, 107.992576599, 196.611328125, 200.683319092, 264.719726562, 252.577178955, 206.858322144, 216.358520508, 171.987167358, 273.472320557, 147.947357178, 457.393554688, 5938.79101562, 1643.3527832, 1817.46044922, 970.549072266, 319.351043701, 415.722351074, 650.534790039, 78.8788528442, 54.3516044617, 72.8737030029, 84.8676376343, 2.36395144463, 0.123355083168, 0.0122326342389, 0.000140292730066, 1.93314534158e-07], "max": [14.258518219, 131.54397583, 244.841583252, 258.983032227, 187.12789917, 78.5663528442, 155.967788696, 247.019546509, 168.32144165, 219.424850464, 299.835510254, 252.529373169, 95.3576507568, 109.114433289, 114.840583801, 87.2870178223, 101.504386902, 129.094619751, 133.877487183, 108.613601685, 79.5182647705, 147.504348755, 78.5938186646, 139.462402344, 420.718353271, 200.592483521, 320.967376709, 159.22833252, 111.78036499, 134.378997803, 162.225296021, 56.6679878235, 32.9137153625, 42.2687644958, 43.6424026489, 7.23579692841, 2.21495556831, 0.706553637981, 0.0714077576995, 0.00231088628061], "mean": [0.938260614872, 7.8174829483, 13.3871431351, 15.1402921677, 6.98437309265, 7.96354866028, 10.041059494, 12.8184146881, 12.5018024445, 10.4816808701, 9.32209777832, 7.05200910568, 6.41426229477, 6.10520935059, 7.58386468887, 8.12384128571, 7.90872907639, 9.6472158432, 8.78989505768, 9.24919605255, 9.0903968811, 11.1267309189, 8.41815280914, 11.5099992752, 22.6075134277, 12.5987215042, 15.2022657394, 11.8989477158, 8.08696651459, 7.05548667908, 5.63194274902, 3.91750049591, 3.65148758888, 3.67919421196, 3.59103369713, 0.716513872147, 0.157254204154, 0.0331871584058, 0.00338976527564, 0.000181075884029], "median": [0.0396798215806, 0.686642050743, 6.30793333054, 5.42443323135, 2.93410396576, 4.85946369171, 6.05224847794, 6.33536243439, 5.68748283386, 4.44780349731, 4.61384057999, 3.70070028305, 3.85798883438, 3.28529715538, 3.99837303162, 4.58334541321, 4.18588638306, 4.91226291656, 4.47221088409, 4.82974720001, 5.11590766907, 5.70411920547, 5.12524223328, 5.04916620255, 4.42733860016, 4.0575261116, 3.9719119072, 4.50057792664, 3.49020934105, 2.80767273903, 1.67057180405, 1.37174391747, 0.78036916256, 0.737405657768, 0.538718223572, 0.182128220797, 0.0545680075884, 0.0112385349348, 0.00113783823326, 9.28241643123e-05], "min": [2.20417499357e-12, 1.13577133809e-11, 1.09136512327e-10, 1.82552473138e-09, 8.19956902376e-09, 2.45314950575e-08, 4.85730815569e-08, 1.05145552709e-07, 8.62388702672e-08, 9.47437541754e-08, 1.70216992501e-07, 7.70879324818e-08, 1.82113538472e-07, 1.86410019865e-07, 3.82009837097e-08, 2.46154581163e-08, 4.32623501467e-08, 5.88455932871e-08, 4.93028437631e-07, 3.70982917275e-07, 5.94325911152e-07, 1.83464521797e-07, 4.61354204617e-07, 7.55839494104e-07, 8.2430585735e-07, 2.49247705142e-06, 9.5555515145e-07, 1.93503660739e-06, 1.89523120753e-06, 1.0945352642e-06, 1.83964561984e-06, 9.35398531965e-07, 7.9509123907e-07, 4.92003209729e-07, 9.89479531199e-07, 6.90737977038e-07, 1.65434414612e-07, 5.04082890984e-08, 1.24012959901e-08, 8.81750950033e-10], "var": [4.23948192596, 351.125152588, 565.576965332, 818.710144043, 207.40586853, 84.7135772705, 142.392288208, 334.532165527, 384.210876465, 462.219451904, 335.594482422, 203.715240479, 83.4636764526, 86.6275024414, 143.436187744, 117.625350952, 113.712715149, 199.584442139, 192.953338623, 174.539505005, 115.166351318, 251.411193848, 104.397903442, 302.45513916, 2395.46826172, 556.354736328, 1012.43481445, 411.866760254, 149.478805542, 148.661849976, 166.333343506, 44.082233429, 35.302028656, 40.2091331482, 42.5422859192, 1.4035115242, 0.0692085772753, 0.00405037496239, 4.11603250541e-05, 6.73869990919e-08]}, "gfcc": {"mean": [-14.160364151, 84.1610107422, -83.7118835449, 36.7476768494, -39.8142166138, 5.49520969391, -35.7866821289, 6.94242811203, -22.4870910645, 6.31483983994, -14.1636953354, 1.63499343395, -12.1641817093], "cov": [[9229.79589844, -3977.16552734, 1362.68188477, 1580.20288086, -823.67364502, 1551.02600098, 120.137001038, 411.892944336, -395.652679443, 375.69519043, -376.77255249, -34.9353485107, -206.965698242], [-3977.16552734, 4271.73876953, -1080.95178223, -1164.34631348, 1023.48730469, -865.354797363, 488.619873047, -270.768615723, 413.311828613, -363.373443604, 285.685546875, -56.4652900696, 205.964569092], [1362.68188477, -1080.95178223, 1012.62176514, 457.883605957, -191.663803101, 662.969726562, -99.8079223633, 268.928131104, -95.5059509277, 84.0766448975, -94.9248657227, 3.21090006828, -25.6636428833], [1580.20288086, -1164.34631348, 457.883605957, 657.456054688, -118.479202271, 316.713104248, 54.8088035583, 85.022644043, -23.5891418457, 124.338600159, -72.7071151733, 31.1634559631, -25.8897590637], [-823.67364502, 1023.48730469, -191.663803101, -118.479202271, 450.678314209, -149.328063965, 194.24269104, -35.5784187317, 156.638259888, -50.4686317444, 93.7078704834, -8.98585224152, 78.475189209], [1551.02600098, -865.354797363, 662.969726562, 316.713104248, -149.328063965, 654.298400879, -53.4459228516, 220.364135742, -79.8089904785, 94.0058746338, -73.5262145996, -3.34415459633, -24.5593261719], [120.137001038, 488.619873047, -99.8079223633, 54.8088035583, 194.24269104, -53.4459228516, 344.141876221, -62.8857650757, 142.432861328, -7.024310112, 38.8198699951, 7.24496364594, 27.7309093475], [411.892944336, -270.768615723, 268.928131104, 85.022644043, -35.5784187317, 220.364135742, -62.8857650757, 202.993804932, -18.2649078369, 71.5109329224, 9.34764289856, 15.1476716995, 21.2765617371], [-395.652679443, 413.311828613, -95.5059509277, -23.5891418457, 156.638259888, -79.8089904785, 142.432861328, -18.2649078369, 163.779602051, 16.4328403473, 64.8485488892, 33.1339073181, 35.9662246704], [375.69519043, -363.373443604, 84.0766448975, 124.338600159, -50.4686317444, 94.0058746338, -7.024310112, 71.5109329224, 16.4328403473, 143.14994812, 44.3129997253, 42.7830886841, 24.2361106873], [-376.77255249, 285.685546875, -94.9248657227, -72.7071151733, 93.7078704834, -73.5262145996, 38.8198699951, 9.34764289856, 64.8485488892, 44.3129997253, 110.387809753, 43.8444290161, 60.2163009644], [-34.9353485107, -56.4652900696, 3.21090006828, 31.1634559631, -8.98585224152, -3.34415459633, 7.24496364594, 15.1476716995, 33.1339073181, 42.7830886841, 43.8444290161, 73.893157959, 34.9126777649], [-206.965698242, 205.964569092, -25.6636428833, -25.8897590637, 78.475189209, -24.5593261719, 27.7309093475, 21.2765617371, 35.9662246704, 24.2361106873, 60.2163009644, 34.9126777649, 82.0892562866]], "icov": [[0.00040867208736, 1.51825024659e-05, 0.000572481949348, -0.000671609712299, 0.000401006749598, -0.000902800878976, -0.000695066642947, -0.000368475506548, 0.000806241529062, -0.0001200543702, 0.000190604609088, 0.000156749592861, 0.000111997615022], [1.51825024659e-05, 0.00287959259003, -0.000378172233468, 0.00366245559417, -0.00307569862343, 0.000745196011849, -0.00201597413979, -0.000327509304043, -0.00151079078205, 0.00339791830629, -0.00119690736756, 0.00102605798747, -0.00212037889287], [0.000572481949348, -0.000378172233468, 0.00493882363662, -0.0031807126943, 0.00156964955386, -0.0043385932222, 4.94619816891e-05, -0.00251450156793, 0.000652688380796, 0.00195866916329, -0.00019671874179, 0.000350677088136, -9.95414229692e-05], [-0.000671609712299, 0.00366245559417, -0.0031807126943, 0.00955445505679, -0.00526279630139, 0.00291308877058, -0.00270328857005, 0.0014244960621, -0.00248947669752, 0.000403807091061, 0.00217253039591, -0.00114626483992, -0.00255156308413], [0.000401006749598, -0.00307569862343, 0.00156964955386, -0.00526279630139, 0.0094787478447, -0.0019327144837, 0.000478136673337, -0.000962111109402, -0.00123290112242, -0.000189845217392, -0.0021295954939, 0.00382238184102, -0.00146012741607], [-0.000902800878976, 0.000745196011849, -0.0043385932222, 0.00291308877058, -0.0019327144837, 0.00778831262141, -0.000196488777874, -0.00119083875325, -0.000808447482996, -0.0011584686581, 0.00129585445393, -0.000147094600834, -0.000222546048462], [-0.000695066642947, -0.00201597413979, 4.94619816891e-05, -0.00270328857005, 0.000478136673337, -0.000196488777874, 0.00851645227522, 0.00266773579642, -0.00477839028463, -0.0013434891589, 0.000231508252909, 0.000483517011162, 0.000499086454511], [-0.000368475506548, -0.000327509304043, -0.00251450156793, 0.0014244960621, -0.000962111109402, -0.00119083875325, 0.00266773579642, 0.0115723246709, -0.00115724711213, -0.00443877698854, -0.000103761078208, 0.000402506935643, -0.00205878610723], [0.000806241529062, -0.00151079078205, 0.000652688380796, -0.00248947669752, -0.00123290112242, -0.000808447482996, -0.00477839028463, -0.00115724711213, 0.0177204664797, -0.00439264113083, -0.000996392918751, -0.00645457580686, 0.00510211149231], [-0.0001200543702, 0.00339791830629, 0.00195866916329, 0.000403807091061, -0.000189845217392, -0.0011584686581, -0.0013434891589, -0.00443877698854, -0.00439264113083, 0.0216326285154, -0.0120852664113, 0.00116051349323, -0.00273997476324], [0.000190604609088, -0.00119690736756, -0.00019671874179, 0.00217253039591, -0.0021295954939, 0.00129585445393, 0.000231508252909, -0.000103761078208, -0.000996392918751, -0.0120852664113, 0.0296440944076, -0.00845827069134, -0.00766385439783], [0.000156749592861, 0.00102605798747, 0.000350677088136, -0.00114626483992, 0.00382238184102, -0.000147094600834, 0.000483517011162, 0.000402506935643, -0.00645457580686, 0.00116051349323, -0.00845827069134, 0.0267131496221, -0.00906811840832], [0.000111997615022, -0.00212037889287, -9.95414229692e-05, -0.00255156308413, -0.00146012741607, -0.000222546048462, 0.000499086454511, -0.00205878610723, 0.00510211149231, -0.00273997476324, -0.00766385439783, -0.00906811840832, 0.026694778353]]}, "melbands": {"dmean": [0.00794979836792, 0.00640569115058, 0.0021669161506, 0.000355487805791, 0.000167520993273, 0.000155435380293, 0.000106112776848, 5.86988426221e-05, 4.18830422859e-05, 2.39719738602e-05, 1.67528960446e-05, 1.41838263517e-05, 1.54487879627e-05, 1.47129749166e-05, 1.51635986185e-05, 1.40863749039e-05, 1.39699222927e-05, 1.05621584225e-05, 8.92879143066e-06, 8.76870126376e-06, 8.13575661596e-06, 9.11834285944e-06, 6.23232062935e-06, 4.90045431434e-06, 6.59116949464e-06, 1.5312092728e-05, 1.3560807929e-05, 7.03402247382e-06, 6.94875234331e-06, 8.93427477422e-06, 5.26577741766e-06, 3.14115777655e-06, 3.48058665622e-06, 3.44384898199e-06, 4.03028388973e-06, 2.23062352234e-06, 2.1585540253e-06, 2.71059957413e-06, 2.16792568608e-06, 3.80935921385e-06], "dmean2": [0.011059823446, 0.0101140514016, 0.00350294285454, 0.000607717665844, 0.000279215630144, 0.000250319892075, 0.000161916250363, 7.6356169302e-05, 6.16429169895e-05, 3.68155742763e-05, 2.68183430308e-05, 2.2654174245e-05, 2.40921490331e-05, 2.33249866142e-05, 2.51552792179e-05, 2.32661022892e-05, 2.13408857235e-05, 1.6415357095e-05, 1.30853459268e-05, 1.326495385e-05, 1.29155796458e-05, 1.42206654346e-05, 9.62074955169e-06, 7.67603523855e-06, 1.03746233435e-05, 2.54323967965e-05, 2.30077966989e-05, 1.23267191157e-05, 1.17746176329e-05, 1.46449710883e-05, 8.98906273505e-06, 5.04896115672e-06, 5.65177060707e-06, 5.69615076529e-06, 6.91025252308e-06, 3.71410396838e-06, 3.32240392709e-06, 4.07197103414e-06, 3.28736700794e-06, 5.67510187466e-06], "dvar": [0.00028939062031, 0.000180121773155, 1.97904719244e-05, 5.10342090365e-07, 9.47151690411e-08, 1.03511311522e-07, 3.33175478318e-08, 2.27322480839e-08, 2.03637817719e-08, 3.85651066637e-09, 9.22262488601e-10, 7.24390492035e-10, 7.30505933522e-10, 5.85237802664e-10, 6.83125389589e-10, 6.74868105843e-10, 5.5224141926e-10, 2.81216494535e-10, 2.62416754993e-10, 1.80233022951e-10, 1.39665071175e-10, 1.89468565837e-10, 1.03672959106e-10, 4.39141362163e-11, 1.19336970861e-10, 1.23493959503e-09, 8.29258273161e-10, 2.37772440626e-10, 2.37498631872e-10, 3.80738607308e-10, 1.20161186556e-10, 2.9411823671e-11, 4.62359837916e-11, 4.72107040961e-11, 9.77683975445e-11, 3.04709764365e-11, 1.17343834302e-11, 1.49801369226e-11, 9.99614800656e-12, 3.18141728239e-11], "dvar2": [0.000499051122461, 0.000380890473025, 4.8400786909e-05, 1.36124776873e-06, 2.379185986e-07, 2.59594713725e-07, 7.27221802777e-08, 3.2451257681e-08, 4.35366374063e-08, 7.93020227263e-09, 2.05731631731e-09, 1.61392121889e-09, 1.54949353348e-09, 1.41482459082e-09, 1.73880798648e-09, 1.66413061109e-09, 1.13920162192e-09, 6.10001993362e-10, 4.94220553371e-10, 3.70044023201e-10, 3.36353306318e-10, 4.18845347294e-10, 2.41086095532e-10, 9.92714799253e-11, 2.912522723e-10, 3.09468539683e-09, 2.21370388687e-09, 6.54500620367e-10, 6.31832475229e-10, 8.9223362032e-10, 3.27686988655e-10, 7.94818585947e-11, 1.19657589392e-10, 1.26537280654e-10, 2.74053751914e-10, 8.16120782066e-11, 2.24611284433e-11, 2.96384826404e-11, 1.99619921287e-11, 6.69261243647e-11], "max": [0.136516571045, 0.123345278203, 0.0379028134048, 0.00776865240186, 0.00420371070504, 0.00510914530605, 0.00222509191372, 0.00284292595461, 0.0032401275821, 0.00132600101642, 0.000471690582344, 0.000404275371693, 0.000304922577925, 0.000267290539341, 0.000402250530897, 0.000351299444446, 0.000289340823656, 0.000206658383831, 0.000318005069857, 0.000180654533324, 0.000116929433716, 0.000192383755348, 0.000127326988149, 7.36095171305e-05, 0.00011869273294, 0.000419073505327, 0.00022529537091, 0.000180960298167, 0.000125919090351, 0.000277712242678, 0.000103831043816, 5.42217494512e-05, 7.00428354321e-05, 7.75330845499e-05, 0.000108104235551, 5.49898322788e-05, 2.91134783765e-05, 2.46817689913e-05, 2.08091405511e-05, 4.10741122323e-05], "mean": [0.00928626116365, 0.00844969879836, 0.00238437834196, 0.000492903811391, 0.000355092139216, 0.000298476399621, 0.000179106355063, 0.000114198031952, 7.53128406359e-05, 4.17155279138e-05, 3.10954128508e-05, 2.34624931181e-05, 2.36010873778e-05, 2.07507655432e-05, 2.01860566449e-05, 1.68389378814e-05, 1.84032251127e-05, 1.34022238854e-05, 1.26911581901e-05, 1.20190134112e-05, 1.04898736026e-05, 1.28896617753e-05, 7.97181473899e-06, 6.751824003e-06, 8.66595200932e-06, 1.68842871062e-05, 1.3718318769e-05, 7.14184534445e-06, 8.06945718068e-06, 1.07105224743e-05, 6.10487450103e-06, 4.46471358373e-06, 4.25522739533e-06, 3.76805496671e-06, 3.72879799215e-06, 2.1510741135e-06, 2.34587059822e-06, 2.65090920948e-06, 2.09326458389e-06, 3.52029701389e-06], "median": [0.000481904629851, 0.00370297580957, 0.00101549341343, 0.000283207569737, 0.000236416235566, 0.000156062393216, 8.36134859128e-05, 4.15884896938e-05, 3.5526973079e-05, 2.20170441025e-05, 1.85062508535e-05, 1.2267103557e-05, 1.26401591842e-05, 1.2664661881e-05, 9.43418308452e-06, 7.89091154729e-06, 8.4488910943e-06, 6.24292306384e-06, 6.11412224316e-06, 5.91559455643e-06, 5.53331301489e-06, 6.11444920651e-06, 4.43229419034e-06, 3.92769106838e-06, 3.65913706446e-06, 2.93605944535e-06, 2.91661490337e-06, 2.042198048e-06, 2.1329469746e-06, 2.64944446826e-06, 2.05802643904e-06, 1.64562334248e-06, 1.87859404832e-06, 1.25738381485e-06, 9.88171336758e-07, 7.58574060455e-07, 7.72858811615e-07, 5.81630956731e-07, 4.29282181358e-07, 6.59800377889e-07], "min": [2.42852409731e-14, 3.60494850659e-14, 4.5169987542e-13, 1.14813421357e-12, 1.62703542046e-12, 2.33168128902e-12, 1.18795121309e-12, 1.35104124069e-12, 1.1312309596e-12, 5.69014887292e-13, 9.35772184567e-13, 7.96693548806e-13, 1.46774262124e-13, 4.90688151461e-14, 8.31018400252e-14, 1.04577066137e-13, 7.53230350271e-14, 6.26861843683e-13, 8.94451288209e-13, 5.27017394569e-13, 6.50053470254e-13, 1.05814377985e-13, 4.15118758595e-13, 3.50438401171e-13, 6.52768691965e-13, 7.63063548979e-13, 7.5318744297e-13, 1.92978358987e-12, 4.74938285314e-13, 7.58473633292e-13, 1.23414473086e-12, 1.4283224126e-12, 4.90180324716e-13, 6.21536567873e-13, 1.01914744005e-12, 1.01744925419e-12, 4.3285267406e-13, 4.24394514757e-13, 7.61018255791e-13, 1.86687199987e-13], "var": [0.000451064901426, 0.000250312092248, 1.87837231351e-05, 4.76993704979e-07, 1.53249501977e-07, 1.58609893219e-07, 7.30045570663e-08, 6.96259192523e-08, 3.2179706011e-08, 6.53897336278e-09, 2.04506411805e-09, 1.28150023926e-09, 1.25545829288e-09, 7.48241302251e-10, 1.07938868954e-09, 8.20096268672e-10, 9.40849620434e-10, 4.66633343077e-10, 4.83566797715e-10, 2.78153056144e-10, 1.75522651968e-10, 3.9297157195e-10, 1.3534573462e-10, 6.74475267304e-11, 1.95722646423e-10, 1.68005476198e-09, 8.32975133314e-10, 2.21542187373e-10, 2.6704566336e-10, 6.77943312599e-10, 1.19692880607e-10, 4.39958798559e-11, 4.74171327203e-11, 4.43429459818e-11, 7.15161888043e-11, 2.32030610003e-11, 1.47531171307e-11, 1.85319693619e-11, 1.21922315993e-11, 3.73743501425e-11]}, "mfcc": {"mean": [-670.309448242, 120.586410522, 18.0109291077, 35.4458656311, 16.9321098328, 6.77305459976, 0.905317604542, 0.0222945865244, 0.218233272433, -1.76157319546, 0.81100153923, 1.71248733997, 1.80257868767], "cov": [[8184.40673828, -3417.11206055, 1159.16748047, 457.584136963, -295.031677246, 839.20703125, 592.53125, 210.273651123, 263.818908691, 312.916473389, 100.163597107, -127.732818604, 84.6113128662], [-3417.11206055, 3921.28173828, -1239.69677734, -322.475097656, 130.152954102, -341.265350342, -63.3212738037, 92.720703125, 5.86542749405, -64.0823440552, -28.3307437897, 77.7703323364, -75.8085784912], [1159.16748047, -1239.69677734, 1023.40472412, -66.779914856, 148.4193573, 210.550994873, 175.317993164, 127.142906189, 91.9425125122, 92.1791229248, 69.2539749146, -8.54049301147, 33.5446166992], [457.584136963, -322.475097656, -66.779914856, 404.631256104, -71.0722885132, 117.355354309, 21.0003395081, 11.9911260605, 47.266292572, 56.1269416809, 17.2803440094, 25.2939434052, 30.4110851288], [-295.031677246, 130.152954102, 148.4193573, -71.0722885132, 291.649780273, 2.97517180443, 63.9715423584, 52.1685028076, 45.7853164673, 32.6328163147, 30.2976894379, 20.3340187073, 16.9899044037], [839.20703125, -341.265350342, 210.550994873, 117.355354309, 2.97517180443, 287.182159424, 124.24911499, 89.8843154907, 80.151008606, 80.004776001, 49.6401443481, 9.02973365784, 22.3506774902], [592.53125, -63.3212738037, 175.317993164, 21.0003395081, 63.9715423584, 124.24911499, 183.239517212, 74.9823760986, 82.9704437256, 66.3675003052, 39.7464141846, 12.9018955231, 32.5274009705], [210.273651123, 92.720703125, 127.142906189, 11.9911260605, 52.1685028076, 89.8843154907, 74.9823760986, 134.437301636, 65.5785751343, 52.955909729, 39.1851577759, 16.0253276825, -9.1729221344], [263.818908691, 5.86542749405, 91.9425125122, 47.266292572, 45.7853164673, 80.151008606, 82.9704437256, 65.5785751343, 100.393814087, 55.8461685181, 41.2775344849, 27.6159534454, 17.4361419678], [312.916473389, -64.0823440552, 92.1791229248, 56.1269416809, 32.6328163147, 80.004776001, 66.3675003052, 52.955909729, 55.8461685181, 86.5915527344, 45.4186019897, 26.3189811707, 23.3878364563], [100.163597107, -28.3307437897, 69.2539749146, 17.2803440094, 30.2976894379, 49.6401443481, 39.7464141846, 39.1851577759, 41.2775344849, 45.4186019897, 75.1030731201, 46.9614830017, 22.6871852875], [-127.732818604, 77.7703323364, -8.54049301147, 25.2939434052, 20.3340187073, 9.02973365784, 12.9018955231, 16.0253276825, 27.6159534454, 26.3189811707, 46.9614830017, 69.5828399658, 37.1639900208], [84.6113128662, -75.8085784912, 33.5446166992, 30.4110851288, 16.9899044037, 22.3506774902, 32.5274009705, -9.1729221344, 17.4361419678, 23.3878364563, 22.6871852875, 37.1639900208, 76.0987625122]], "icov": [[0.000411651446484, 0.000429922802141, 0.000380541634513, 0.000231419078773, 0.000470389641123, -0.000225687646889, -0.00110017054249, -0.000476663641166, -0.000242524954956, -0.000654343282804, 5.95525089011e-05, 0.000776825239882, -5.60364642297e-05], [0.000429922802141, 0.00130127533339, 0.00171166216023, 0.00107861252036, 8.76499179867e-05, 0.000212686354644, -0.00164577260148, -0.00210908218287, -0.000604229688179, -0.000806004856713, 0.00076536310371, -0.000224213799811, 0.000267428404186], [0.000380541634513, 0.00171166216023, 0.00383053882979, 0.0019466530066, -0.000595772406086, -0.000228915028856, -0.00204955437221, -0.00342865730636, -0.000738059577998, -0.0010409920942, 0.000110947235953, 0.000768751313444, -0.000440878677182], [0.000231419078773, 0.00107861252036, 0.0019466530066, 0.00453845178708, 0.000604667409789, -0.00130215694662, -3.94378657802e-05, -0.00118543440476, -0.00199630390853, -0.00265677948482, 0.00221602874808, -0.00137887545861, -0.000446506222943], [0.000470389641123, 8.76499179867e-05, -0.000595772406086, 0.000604667409789, 0.00517137162387, 0.000635986973066, -0.00179868726991, -0.000716101843864, -0.00118997332174, -0.00126145454124, -0.00030725254328, 0.000954909541178, -0.000787970668171], [-0.000225687646889, 0.000212686354644, -0.000228915028856, -0.00130215694662, 0.000635986973066, 0.00757443578914, -0.00211820937693, -0.00264401244931, -0.000505866482854, -0.000973379181232, -0.00198053987697, 0.00184852490202, -0.000593106204178], [-0.00110017054249, -0.00164577260148, -0.00204955437221, -3.94378657802e-05, -0.00179868726991, -0.00211820937693, 0.0156239746138, 0.000447456550319, -0.00515778874978, -0.000430957326898, -0.000755697081331, 0.00271055405028, -0.0048818802461], [-0.000476663641166, -0.00210908218287, -0.00342865730636, -0.00118543440476, -0.000716101843864, -0.00264401244931, 0.000447456550319, 0.0186861865222, -0.00351610640064, -0.00229674973525, -0.00189268251415, -0.00234189466573, 0.00663111172616], [-0.000242524954956, -0.000604229688179, -0.000738059577998, -0.00199630390853, -0.00118997332174, -0.000505866482854, -0.00515778874978, -0.00351610640064, 0.0235404856503, -0.0038227820769, -0.00161159783602, -0.00454904790968, 0.00146911025513], [-0.000654343282804, -0.000806004856713, -0.0010409920942, -0.00265677948482, -0.00126145454124, -0.000973379181232, -0.000430957326898, -0.00229674973525, -0.0038227820769, 0.0271215233952, -0.00907360948622, 0.000727586622816, -0.00318965571932], [5.95525089011e-05, 0.00076536310371, 0.000110947235953, 0.00221602874808, -0.00030725254328, -0.00198053987697, -0.000755697081331, -0.00189268251415, -0.00161159783602, -0.00907360948622, 0.034735571593, -0.0222048889846, 0.00415324559435], [0.000776825239882, -0.000224213799811, 0.000768751313444, -0.00137887545861, 0.000954909541178, 0.00184852490202, 0.00271055405028, -0.00234189466573, -0.00454904790968, 0.000727586622816, -0.0222048889846, 0.0410536825657, -0.0156825128943], [-5.60364642297e-05, 0.000267428404186, -0.000440878677182, -0.000446506222943, -0.000787970668171, -0.000593106204178, -0.0048818802461, 0.00663111172616, 0.00146911025513, -0.00318965571932, 0.00415324559435, -0.0156825128943, 0.02414271608]]}, "spectral_contrast_coeffs": {"dmean": [0.0841432884336, 0.0623255670071, 0.0615631006658, 0.0581251904368, 0.0546802915633, 0.0406515449286], "dmean2": [0.130878195167, 0.0990467816591, 0.0994887724519, 0.0922826454043, 0.0812267139554, 0.0579656250775], "dvar": [0.00703095225617, 0.00374825391918, 0.00366842979565, 0.00343953771517, 0.00320748146623, 0.0013945219107], "dvar2": [0.0145764630288, 0.00798391364515, 0.00809281505644, 0.00743329059333, 0.00663691665977, 0.00293026678264], "max": [-0.232425287366, -0.416612565517, -0.511634528637, -0.533352792263, -0.480603635311, -0.509041309357], "mean": [-0.601929843426, -0.696968019009, -0.782655775547, -0.777278125286, -0.763889670372, -0.7670378685], "median": [-0.61949467659, -0.693739295006, -0.788438498974, -0.787389874458, -0.786617517471, -0.777869522572], "min": [-0.968136191368, -0.959813058376, -0.968385696411, -0.957595467567, -0.961807250977, -0.96100205183], "var": [0.0198324304074, 0.00916450005025, 0.00809280667454, 0.00728708598763, 0.00729578081518, 0.00396998692304]}, "spectral_contrast_valleys": {"dmean": [0.934396266937, 0.614951968193, 0.755617916584, 0.811285257339, 0.996406376362, 1.33412015438], "dmean2": [1.39710950851, 0.985373198986, 1.22162151337, 1.2704423666, 1.35070693493, 1.8442209959], "dvar": [1.24741971493, 0.532728374004, 0.742756009102, 0.734902739525, 1.08075201511, 1.84822630882], "dvar2": [2.17945837975, 0.959500908852, 1.38601219654, 1.38502955437, 2.19867944717, 3.81331634521], "max": [-4.92319440842, -5.38883733749, -6.02894830704, -5.90953397751, -5.78051662