{"lowlevel": {"average_loudness": 0.902894437313, "barkbands_crest": {"dmean": 2.652551651, "dmean2": 3.41041016579, "dvar": 7.91707992554, "dvar2": 13.2835769653, "max": 26.866350174, "mean": 11.3590679169, "median": 9.86605453491, "min": 2.00527119637, "var": 36.170337677}, "barkbands_flatness_db": {"dmean": 0.0281902067363, "dmean2": 0.0378566943109, "dvar": 0.00147070456296, "dvar2": 0.00282156490721, "max": 0.658647716045, "mean": 0.10228343308, "median": 0.0839109197259, "min": 0.0182043295354, "var": 0.00466908281669}, "barkbands_kurtosis": {"dmean": 30.7015628815, "dmean2": 52.8984069824, "dvar": 164410.234375, "dvar2": 458280.03125, "max": 17275.1914062, "mean": 26.1229763031, "median": 2.80621910095, "min": -1.82349264622, "var": 107052.78125}, "barkbands_skewness": {"dmean": 1.02875578403, "dmean2": 1.52559149265, "dvar": 13.7874135971, "dvar2": 35.5850410461, "max": 113.066505432, "mean": 2.47019386292, "median": 1.82987821102, "min": -2.07195544243, "var": 13.4180307388}, "barkbands_spread": {"dmean": 10.0009021759, "dmean2": 16.446100235, "dvar": 128.309020996, "dvar2": 318.20602417, "max": 109.299095154, "mean": 29.3342018127, "median": 28.3315734863, "min": 0.0203583780676, "var": 241.511062622}, "dissonance": {"dmean": 0.0122545324266, "dmean2": 0.0209006685764, "dvar": 0.000272900564596, "dvar2": 0.000796950538643, "max": 0.500000059605, "mean": 0.474615693092, "median": 0.477789998055, "min": 0.185279354453, "var": 0.000344506668625}, "dynamic_complexity": 4.59588527679, "erbbands_crest": {"dmean": 2.08227562904, "dmean2": 3.29572582245, "dvar": 5.8499288559, "dvar2": 12.6688623428, "max": 28.6433887482, "mean": 6.77494668961, "median": 5.68349218369, "min": 1.97941577435, "var": 13.5299720764}, "erbbands_flatness_db": {"dmean": 0.0135453939438, "dmean2": 0.0202642641962, "dvar": 0.000309447728796, "dvar2": 0.000652241636999, "max": 0.372048586607, "mean": 0.0860251784325, "median": 0.0800144672394, "min": 0.0273633245379, "var": 0.00071147136623}, "erbbands_kurtosis": {"dmean": 0.750291824341, "dmean2": 1.11043405533, "dvar": 13.1066236496, "dvar2": 21.489812851, "max": 110.825614929, "mean": 0.0264764409512, "median": -0.427128553391, "min": -1.47554111481, "var": 23.6156482697}, "erbbands_skewness": {"dmean": 0.281550139189, "dmean2": 0.438890188932, "dvar": 0.151733532548, "dvar2": 0.29075884819, "max": 9.99092197418, "mean": 0.289230465889, "median": 0.289898127317, "min": -1.73610723019, "var": 0.399391800165}, "erbbands_spread": {"dmean": 11.9740495682, "dmean2": 19.0329761505, "dvar": 142.859893799, "dvar2": 357.690551758, "max": 135.006362915, "mean": 54.6231040955, "median": 53.9903259277, "min": 2.8440310955, "var": 247.037490845}, "hfc": {"dmean": 12.6582736969, "dmean2": 21.043176651, "dvar": 497.201934814, "dvar2": 1318.89733887, "max": 222.924667358, "mean": 26.1215782166, "median": 15.8085174561, "min": 1.07617779262e-16, "var": 730.872619629}, "melbands_crest": {"dmean": 3.3790397644, "dmean2": 4.81546974182, "dvar": 13.8347454071, "dvar2": 28.2984294891, "max": 39.9920158386, "mean": 17.4472618103, "median": 16.8845920563, "min": 1.00077724457, "var": 51.4675979614}, "melbands_flatness_db": {"dmean": 0.0359122827649, "dmean2": 0.0498679280281, "dvar": 0.0018124942435, "dvar2": 0.0033785123378, "max": 0.761934697628, "mean": 0.188824132085, "median": 0.170211032033, "min": 4.18491055143e-07, "var": 0.00644235126674}, "melbands_kurtosis": {"dmean": 29.3860759735, "dmean2": 49.1407737732, "dvar": 135900.625, "dvar2": 405710.375, "max": 20131.9296875, "mean": 35.6967391968, "median": 13.8790054321, "min": -1.33762645721, "var": 70452.203125}, "melbands_skewness": {"dmean": 1.19577503204, "dmean2": 1.78022921085, "dvar": 10.5843505859, "dvar2": 29.4158248901, "max": 133.309951782, "mean": 4.0031170845, "median": 3.21826553345, "min": -0.636826097965, "var": 9.813539505}, "melbands_spread": {"dmean": 8.10828399658, "dmean2": 13.4711360931, "dvar": 142.831054688, "dvar2": 371.192382812, "max": 166.165222168, "mean": 20.94181633, "median": 19.0820465088, "min": 0.0287201236933, "var": 230.718475342}, "pitch_salience": {"dmean": 0.0867310762405, "dmean2": 0.124808385968, "dvar": 0.0116596389562, "dvar2": 0.02380152978, "max": 0.996014237404, "mean": 0.476582944393, "median": 0.518482029438, "min": 0.00182556780055, "var": 0.0312250945717}, "silence_rate_20dB": {"dmean": 0, "dmean2": 0, "dvar": 0, "dvar2": 0, "max": 1, "mean": 1, "median": 1, "min": 1, "var": 0}, "silence_rate_30dB": {"dmean": 0.0256049521267, "dmean2": 0.0512171089649, "dvar": 0.0249497760087, "dvar2": 0.066323928535, "max": 1, "mean": 0.978478014469, "median": 1, "min": 0, "var": 0.0210574753582}, "silence_rate_60dB": {"dmean": 0.0292628016323, "dmean2": 0.0583931319416, "dvar": 0.0284048467875, "dvar2": 0.0639873221517, "max": 1, "mean": 0.110704742372, "median": 0, "min": 0, "var": 0.098446175456}, "spectral_centroid": {"dmean": 311.674530029, "dmean2": 508.224578857, "dvar": 170746.5625, "dvar2": 388078.71875, "max": 11486.8457031, "mean": 1364.11804199, "median": 1336.26586914, "min": 62.5133743286, "var": 324170.65625}, "spectral_complexity": {"dmean": 4.11902093887, "dmean2": 6.33656978607, "dvar": 31.2231426239, "dvar2": 67.0138168335, "max": 54, "mean": 19.113658905, "median": 18, "min": 0, "var": 128.67401123}, "spectral_decrease": {"dmean": 2.7239555056e-09, "dmean2": 3.31774918649e-09, "dvar": 1.34697073516e-17, "dvar2": 2.85932316435e-17, "max": 3.49797435409e-28, "mean": -8.70804495179e-09, "median": -6.36458752368e-09, "min": -3.65287569082e-08, "var": 6.14267036034e-17}, "spectral_energy": {"dmean": 0.0105917295441, "dmean2": 0.0132755702361, "dvar": 0.000197162502445, "dvar2": 0.000406861450756, "max": 0.143739163876, "mean": 0.0352353826165, "median": 0.0260866936296, "min": 1.01330416675e-20, "var": 0.000958666030783}, "spectral_energyband_high": {"dmean": 0.00116609910037, "dmean2": 0.00204860512167, "dvar": 4.67695690531e-06, "dvar2": 1.26140512293e-05, "max": 0.0195516981184, "mean": 0.00164190866053, "median": 0.000809902674519, "min": 7.34037086743e-21, "var": 4.56480893263e-06}, "spectral_energyband_low": {"dmean": 0.00989653728902, "dmean2": 0.0127263907343, "dvar": 0.000249129225267, "dvar2": 0.000527036027052, "max": 0.13336096704, "mean": 0.0199737977237, "median": 0.0103827603161, "min": 2.72051967583e-23, "var": 0.000576325692236}, "spectral_energyband_middle_high": {"dmean": 0.00175402627792, "dmean2": 0.00264229718596, "dvar": 8.17312229628e-06, "dvar2": 1.99974001589e-05, "max": 0.02803568542, "mean": 0.0044712764211, "median": 0.00279223895632, "min": 1.22327128289e-21, "var": 2.02624160011e-05}, "spectral_energyband_middle_low": {"dmean": 0.00393087649718, "dmean2": 0.00590464426205, "dvar": 6.39812060399e-05, "dvar2": 0.000158546958119, "max": 0.069942638278, "mean": 0.0103583838791, "median": 0.00494605209678, "min": 1.67851791307e-22, "var": 0.00014832544548}, "spectral_entropy": {"dmean": 0.20832850039, "dmean2": 0.318992316723, "dvar": 0.0487735718489, "dvar2": 0.108407966793, "max": 9.81975746155, "mean": 7.94579315186, "median": 7.97800207138, "min": 5.13613653183, "var": 0.11475392431}, "spectral_flux": {"dmean": 0.0314936153591, "dmean2": 0.040574029088, "dvar": 0.00152487715241, "dvar2": 0.00206298008561, "max": 0.342334002256, "mean": 0.0826107040048, "median": 0.0601249970496, "min": 6.46923070668e-11, "var": 0.00490006525069}, "spectral_kurtosis": {"dmean": 0.894097447395, "dmean2": 1.40325284004, "dvar": 1.18555855751, "dvar2": 2.97706270218, "max": 29.222530365, "mean": 2.80957531929, "median": 2.59884500504, "min": -1.23646044731, "var": 1.63666760921}, "spectral_rms": {"dmean": 0.000836487510242, "dmean2": 0.000971806701273, "dvar": 8.21595222078e-07, "dvar2": 1.47442608522e-06, "max": 0.0118420151994, "mean": 0.00519300857559, "median": 0.00504484213889, "min": 3.1441841318e-12, "var": 7.40867153581e-06}, "spectral_rolloff": {"dmean": 1002.62487793, "dmean2": 1800.43884277, "dvar": 3358831.5, "dvar2": 8906402, "max": 20155.078125, "mean": 1456.17919922, "median": 990.52734375, "min": 21.533203125, "var": 3753619.5}, "spectral_skewness": {"dmean": 0.183974742889, "dmean2": 0.296536594629, "dvar": 0.0385584235191, "dvar2": 0.0947443991899, "max": 4.49961423874, "mean": 1.47117757797, "median": 1.46657383442, "min": -0.0562484413385, "var": 0.05413210392}, "spectral_spread": {"dmean": 1031306.0625, "dmean2": 1637904.875, "dvar": 2720221102080.0, "dvar2": 6162972934140.0, "max": 43180988, "mean": 7109884, "median": 7021185.5, "min": 2561818.75, "var": 3819318018050.0}, "spectral_strongpeak": {"dmean": 0.218365252018, "dmean2": 0.346318930387, "dvar": 0.234188765287, "dvar2": 0.595570802689, "max": 7.82334566116, "mean": 0.490089356899, "median": 0.357339411974, "min": 0, "var": 0.317113906145}, "zerocrossingrate": {"dmean": 0.0176922269166, "dmean2": 0.0223087575287, "dvar": 0.000440793082817, "dvar2": 0.000699386233464, "max": 0.509765625, "mean": 0.0726464167237, "median": 0.06787109375, "min": 0, "var": 0.00194905069657}, "barkbands": {"dmean": [0.000191975472262, 0.00761841982603, 0.00474605429918, 0.00196751533076, 0.00139114726335, 0.00093500764342, 0.000382170488592, 0.000362018530723, 0.000296021811664, 0.00047756411368, 0.000199319809326, 0.000398716336349, 0.000283588800812, 0.000251891819062, 0.000281756801996, 0.000228137665545, 0.000186139397556, 0.000118654606922, 0.000116318311484, 0.000163192278706, 0.000150129490066, 0.000231312340475, 0.000123823905597, 0.00026009377325, 0.00017959473189, 0.000191039885976, 4.10407701565e-05], "dmean2": [0.000269519310677, 0.0106208752841, 0.00758819282055, 0.00361225218512, 0.00211287662387, 0.00112525594886, 0.000478302419651, 0.000574488134589, 0.000441039854195, 0.000707996543497, 0.000300511805108, 0.000628692389, 0.000459748174762, 0.00038584379945, 0.000436562142568, 0.000372545997379, 0.000307668815367, 0.00020665343618, 0.000174301123479, 0.000286374794086, 0.000256698956946, 0.000408320542192, 0.000205024931347, 0.000463156029582, 0.000309063587338, 0.000344268744811, 7.12602195563e-05], "dvar": [1.02850883366e-07, 0.000184592194273, 0.000115806615213, 3.65986816178e-05, 9.75819693849e-06, 4.41049087385e-06, 8.12424559626e-07, 4.83340159008e-07, 3.28173314301e-07, 6.34587820514e-07, 1.15944772006e-07, 4.67363719281e-07, 2.7558658644e-07, 3.01393299651e-07, 2.06662562618e-07, 2.70562878768e-07, 1.20349938015e-07, 4.80557709182e-08, 3.32096909972e-08, 2.10763062114e-07, 6.31704466514e-08, 1.59275586498e-07, 4.66821923339e-08, 2.76273340205e-07, 8.02862416549e-08, 1.32342051984e-07, 4.96994223553e-09], "dvar2": [2.44289878992e-07, 0.000434913294157, 0.000298861996271, 0.000103636812128, 2.33108003158e-05, 6.8821655077e-06, 1.40544136684e-06, 1.21683342513e-06, 7.47879767005e-07, 1.43087731885e-06, 2.58045986357e-07, 1.14074691737e-06, 6.90188187491e-07, 5.19213926964e-07, 4.41485809688e-07, 6.81286621784e-07, 3.25970489712e-07, 1.31964824845e-07, 7.1369477439e-08, 5.96839527134e-07, 1.65453215573e-07, 4.34749352962e-07, 1.23417052578e-07, 7.64662104302e-07, 2.08726859796e-07, 3.62914647667e-07, 1.30645565477e-08], "max": [0.00261480733752, 0.0935353115201, 0.0877807512879, 0.0377747640014, 0.0468584038317, 0.0511779226363, 0.0194553025067, 0.00927684828639, 0.0131033314392, 0.0142308743671, 0.00405841274187, 0.00657212734222, 0.00575646897778, 0.014679598622, 0.00615680078045, 0.00773132499307, 0.00336729222909, 0.00258335541002, 0.00277845794335, 0.00594085501507, 0.00217932695523, 0.0035707349889, 0.00195629615337, 0.00521535333246, 0.00204822234809, 0.00316362152807, 0.000578976294491], "mean": [0.000340612721629, 0.0117573328316, 0.00678385840729, 0.00178263231646, 0.00330043281429, 0.00280862115324, 0.00102140556555, 0.000637757591903, 0.000575308629777, 0.00100424548145, 0.000391200941522, 0.000721354328562, 0.000445806887001, 0.000374630879378, 0.000500184425618, 0.000338791840477, 0.000305644003674, 0.000174539614818, 0.000223266746616, 0.00020791546558, 0.000227520358749, 0.000273533398286, 0.000195175292902, 0.000288697163342, 0.000269815151114, 0.000222407965339, 6.26842811471e-05], "median": [0.000118412128359, 0.00455229310319, 0.00178954924922, 0.000204329349799, 0.00117610162124, 0.00123066094238, 0.000376464973669, 0.000243045098614, 0.000212250146433, 0.000438019109424, 0.000181605792022, 0.000358951976523, 0.000195907661691, 0.000163243865245, 0.000247914809734, 0.000152061737026, 0.000138542687637, 7.93158687884e-05, 0.000114954586024, 9.11484021344e-05, 0.000114994043543, 0.000132509347168, 9.50298926909e-05, 0.000118405958347, 0.000122871002532, 9.68025924521e-05, 2.93881093967e-05], "min": [1.8205556796e-24, 8.67895853796e-24, 2.26964275446e-24, 1.71217309376e-24, 1.77434207785e-23, 1.38691103028e-23, 1.88962794604e-23, 1.27639177523e-23, 1.9315544832e-23, 2.72629476875e-23, 2.05566959818e-23, 4.48359855545e-23, 4.43062843893e-23, 5.97426451629e-23, 5.65842732904e-23, 5.90412531549e-23, 6.45309046399e-23, 1.0196461389e-22, 1.86801669133e-22, 2.7097142378e-22, 3.02552012306e-22, 4.49831813196e-22, 4.74902039956e-22, 6.96100758238e-22, 9.69754460558e-22, 1.41946798248e-21, 2.02479354448e-21], "var": [2.45847502356e-07, 0.000287317525363, 0.000139299212606, 2.42305359279e-05, 2.77649796772e-05, 1.88029589481e-05, 3.19733817378e-06, 9.10034714252e-07, 9.00184431885e-07, 2.16668013309e-06, 2.97733919297e-07, 9.17300781111e-07, 3.89690512748e-07, 7.31146997168e-07, 4.8733386393e-07, 3.72281419914e-07, 1.74526164187e-07, 5.62632997969e-08, 7.84109275287e-08, 1.48690432411e-07, 7.89819694091e-08, 1.4160656292e-07, 5.72583402914e-08, 2.13206845956e-07, 1.21890536775e-07, 1.11474875553e-07, 5.75726133434e-09]}, "erbbands": {"dmean": [0.146435067058, 2.02385926247, 5.59867715836, 6.22738742828, 4.66527557373, 4.75619220734, 7.89041996002, 6.38697385788, 6.05205249786, 5.35106658936, 8.79201602936, 6.10432338715, 11.5015335083, 14.1260595322, 9.53744983673, 16.1509590149, 12.531129837, 15.4066925049, 13.9697818756, 12.6261978149, 13.2173032761, 8.86538696289, 6.63425254822, 4.6772942543, 7.23822498322, 8.7632818222, 5.80001354218, 6.17893314362, 7.1835398674, 6.96000862122, 4.1966047287, 5.11747550964, 4.16089248657, 2.15721344948, 1.27459728718, 0.621971845627, 0.401073694229, 0.102139085531, 0.00643617613241, 0.000200548500288], "dmean2": [0.184695035219, 2.94337582588, 8.82530975342, 10.7154960632, 7.8746099472, 7.13251256943, 10.1409006119, 7.50891542435, 7.40878677368, 7.37956237793, 13.9177322388, 9.23152542114, 18.2475662231, 19.8927440643, 14.4831295013, 25.5345191956, 20.0677509308, 23.2039318085, 22.1260280609, 18.6061439514, 22.0431747437, 14.8422832489, 11.4693555832, 7.59463357925, 10.743938446, 15.1780033112, 9.5941619873, 10.8766336441, 12.5676441193, 12.2460985184, 7.06390762329, 9.03466701508, 7.43207168579, 3.74106812477, 2.17483091354, 1.08048677444, 0.731776416302, 0.184825927019, 0.0109813893214, 0.000316376652336], "dvar": [0.0518867075443, 14.6515684128, 143.789672852, 290.550079346, 167.841690063, 109.256004333, 230.38873291, 235.958969116, 325.877471924, 162.571792603, 307.281677246, 164.011291504, 555.809570312, 536.797241211, 230.508407593, 819.128845215, 572.709777832, 1126.72009277, 574.423400879, 1126.20349121, 965.123779297, 276.606933594, 153.671722412, 66.1885681152, 150.2918396, 562.337463379, 98.9302902222, 126.709892273, 176.945358276, 147.932769775, 56.6928825378, 108.24810791, 65.8297576904, 11.1871814728, 4.14475345612, 1.24239945412, 0.603181242943, 0.0320445224643, 0.000124753845739, 1.18083526957e-07], "dvar2": [0.0892747342587, 34.1007270813, 366.98626709, 789.200561523, 473.800750732, 236.381988525, 409.003295898, 385.961761475, 610.775634766, 267.884246826, 766.017944336, 363.30682373, 1466.74475098, 1066.49523926, 545.339111328, 2027.23413086, 1425.72351074, 1990.89135742, 1263.28466797, 2385.84765625, 2429.22290039, 763.092712402, 414.830627441, 169.583908081, 343.762451172, 1585.2175293, 258.927764893, 342.128387451, 485.624786377, 405.458526611, 152.602859497, 301.168121338, 180.198486328, 28.9385681152, 10.8128700256, 3.31655335426, 1.66370677948, 0.0862936526537, 0.000326471752487, 2.97815915928e-07], "max": [1.74940443039, 25.210735321, 96.7825164795, 114.620864868, 112.995872498, 180.021224976, 326.979217529, 327.055938721, 399.385253906, 320.935119629, 269.986053467, 364.268951416, 343.198272705, 531.186645508, 162.485839844, 327.103057861, 266.321075439, 873.225769043, 377.63269043, 582.866088867, 532.560424805, 186.233901978, 108.773330688, 85.6447753906, 173.380783081, 314.613800049, 98.9664764404, 94.2491912842, 135.915740967, 95.2732849121, 70.2508163452, 112.207130432, 75.915725708, 23.205368042, 16.5209960938, 9.80093383789, 6.68370342255, 1.35787284374, 0.0971873104572, 0.00384100480005], "mean": [0.289167732, 2.81572461128, 8.03251743317, 6.92480516434, 7.22849369049, 11.0229682922, 21.2327022552, 19.9359874725, 16.9092712402, 13.1021461487, 15.8092889786, 12.0411806107, 22.0966091156, 32.3122215271, 19.9911613464, 29.9261474609, 20.8279190063, 23.7439136505, 24.450712204, 21.9944038391, 19.0764141083, 14.5744981766, 10.5122156143, 9.17384815216, 12.5953741074, 11.2534170151, 8.94089603424, 8.24368572235, 9.08136177063, 8.36330509186, 5.95729160309, 5.90261697769, 4.61712169647, 3.04101514816, 1.91289114952, 0.923097372055, 0.412785232067, 0.103798806667, 0.0101948212832, 0.000494318199344], "median": [0.138887703419, 1.03722023964, 2.44980239868, 1.7707785368, 2.25387787819, 3.57486104965, 8.88176345825, 7.73128509521, 6.1488609314, 5.27611589432, 5.99736690521, 5.11238288879, 9.40461063385, 15.1015529633, 11.4465875626, 14.9753370285, 9.64356136322, 10.0342607498, 11.9549884796, 10.446978569, 8.57493972778, 7.016477108, 4.97121620178, 4.85762214661, 6.24038743973, 4.99181127548, 4.62974071503, 4.0519618988, 4.42458677292, 4.08981609344, 2.81314468384, 2.55800795555, 1.84541344643, 1.37860989571, 0.842114746571, 0.4226334095, 0.168051153421, 0.0438254214823, 0.00475962692872, 0.000265044858679], "min": [2.04831747765e-22, 1.50040334431e-21, 3.29915938607e-21, 3.15151915779e-21, 2.12470145284e-20, 6.47868664514e-20, 6.84840859085e-20, 1.18482223165e-19, 2.30741178842e-19, 3.63825802306e-19, 3.72163653634e-19, 4.33677301778e-19, 4.76469784708e-19, 8.75590530722e-19, 1.12644173688e-18, 2.37376785526e-18, 2.28010288578e-18, 3.2070503724e-18, 3.16141874711e-18, 4.95076282009e-18, 5.06483971196e-18, 4.11151529677e-18, 5.50277559803e-18, 8.61455502979e-18, 9.28142390372e-18, 1.06606334242e-17, 1.10784448332e-17, 1.45865012674e-17, 1.4575585792e-17, 1.14710015908e-17, 1.37576199715e-17, 1.35105775185e-17, 1.16133056075e-17, 1.1655754035e-17, 7.43134099234e-18, 4.515405256e-18, 2.35316650852e-18, 9.27089348094e-19, 2.65008376488e-19, 3.08776441402e-20], "var": [0.143556505442, 19.7186660767, 175.929702759, 227.848678589, 173.575515747, 392.351287842, 998.089111328, 1025.94250488, 1074.93334961, 635.645874023, 588.315429688, 468.624389648, 1019.99676514, 2292.53955078, 523.577026367, 1607.18676758, 819.789855957, 2671.44116211, 1309.8125, 2001.58361816, 1255.8314209, 363.862518311, 188.765136719, 116.471054077, 282.498077393, 406.956176758, 125.3384552, 123.827003479, 156.926605225, 133.348892212, 60.3551750183, 85.4301071167, 52.8140830994, 15.4730768204, 6.43295478821, 1.57973349094, 0.4505867064, 0.025073595345, 0.000150867126649, 2.79370937051e-07]}, "gfcc": {"mean": [21.164226532, 51.9486083984, -79.5063400269, 22.9073848724, -44.000957489, 22.8141021729, -30.2175540924, 7.62113857269, -22.4955291748, 7.50374364853, -13.6234874725, 8.17817687988, -7.73691892624], "cov": [[16802.7128906, 122.873512268, -315.163879395, -201.315353394, -570.509399414, -330.735076904, -489.962554932, -261.403900146, -388.99432373, -191.328308105, -309.586425781, -84.9142303467, -185.915374756], [122.873512268, 428.676757812, -34.0031814575, 62.7490310669, 111.002937317, 44.9284286499, 90.2914886475, 15.8617191315, 89.6610412598, 22.2706222534, 58.9689407349, 15.8880548477, 49.5475692749], [-315.163879395, -34.0031814575, 307.627105713, 83.7528457642, 48.4657592773, 16.9771614075, 12.6085329056, 10.8338832855, -7.33836889267, -8.09075737, -2.9443500042, -3.16732931137, -6.83655643463], [-201.315353394, 62.7490310669, 83.7528457642, 126.438545227, 96.4648284912, 64.6375579834, 60.2011604309, 28.0466003418, 34.7653121948, 8.65037822723, 20.7566757202, 3.42336821556, 16.2859401703], [-570.509399414, 111.002937317, 48.4657592773, 96.4648284912, 174.008102417, 98.655166626, 89.0413589478, 32.7637672424, 60.7492103577, 14.9796600342, 31.6725902557, -4.27710390091, 28.7410793304], [-330.735076904, 44.9284286499, 16.9771614075, 64.6375579834, 98.655166626, 153.239379883, 86.197303772, 44.457572937, 45.3220405579, 33.1243591309, 10.5062007904, 1.43667531013, 13.9390935898], [-489.962554932, 90.2914886475, 12.6085329056, 60.2011604309, 89.0413589478, 86.197303772, 132.684143066, 56.5744667053, 70.6087188721, 22.9812335968, 34.8403968811, 6.06305503845, 19.3204174042], [-261.403900146, 15.8617191315, 10.8338832855, 28.0466003418, 32.7637672424, 44.457572937, 56.5744667053, 87.8029785156, 58.5707511902, 39.8994140625, 29.8802318573, 17.2093067169, 10.7409906387], [-388.99432373, 89.6610412598, -7.33836889267, 34.7653121948, 60.7492103577, 45.3220405579, 70.6087188721, 58.5707511902, 109.737419128, 62.8397140503, 45.395488739, 15.4888505936, 16.5715827942], [-191.328308105, 22.2706222534, -8.09075737, 8.65037822723, 14.9796600342, 33.1243591309, 22.9812335968, 39.8994140625, 62.8397140503, 85.2420501709, 45.9443778992, 22.8088989258, 8.86551380157], [-309.586425781, 58.9689407349, -2.9443500042, 20.7566757202, 31.6725902557, 10.5062007904, 34.8403968811, 29.8802318573, 45.395488739, 45.9443778992, 72.8717575073, 35.4676895142, 20.630771637], [-84.9142303467, 15.8880548477, -3.16732931137, 3.42336821556, -4.27710390091, 1.43667531013, 6.06305503845, 17.2093067169, 15.4888505936, 22.8088989258, 35.4676895142, 58.226108551, 32.5223808289], [-185.915374756, 49.5475692749, -6.83655643463, 16.2859401703, 28.7410793304, 13.9390935898, 19.3204174042, 10.7409906387, 16.5715827942, 8.86551380157, 20.630771637, 32.5223808289, 59.7702064514]], "icov": [[8.54754689499e-05, -0.000202932278626, 9.62130143307e-05, -0.000231149737374, 0.00023227451311, 1.72375075636e-05, 0.000175655164639, -8.93955002539e-05, 0.000263146735961, -0.000164184675668, 0.000393633090425, -0.000165530160302, 0.000257250823779], [-0.000202932278626, 0.00424498133361, 0.00030840295949, -7.24698038539e-05, -0.00111484655645, 4.12446133851e-05, -0.00108284142334, 0.0024139713496, -0.00396642647684, 0.00237759761512, -0.00325075397268, 0.00141239748336, -0.00255187717266], [9.62130143307e-05, 0.00030840295949, 0.00454412866384, -0.0038045339752, -0.000833997735754, 0.00141723384149, 5.03144074173e-05, -0.000690702872816, 0.00170056498609, -0.00111095642205, 0.00166118901689, -0.00129455851857, 0.00160270323977], [-0.000231149737374, -7.24698038539e-05, -0.0038045339752, 0.0178088415414, -0.00686963787302, -0.00209890282713, -0.00149224302731, -0.000864667643327, -0.000650905014481, 0.00206830236129, -0.00226059951819, -0.000562849629205, -0.000555768259801], [0.00023227451311, -0.00111484655645, -0.000833997735754, -0.00686963787302, 0.0196060873568, -0.00884320773184, 0.00134567671921, 0.00229710363783, -0.00670500658453, 0.00762349786237, -0.00837290938944, 0.00918412953615, -0.00616915570572], [1.72375075636e-05, 4.12446133851e-05, 0.00141723384149, -0.00209890282713, -0.00884320773184, 0.0185602549464, -0.00987598020583, -0.00228735944256, 0.00844259094447, -0.0134037146345, 0.0125500978902, -0.00517632393166, 0.00241276435554], [0.000175655164639, -0.00108284142334, 5.03144074173e-05, -0.00149224302731, 0.00134567671921, -0.00987598020583, 0.0231928844005, -0.00554220750928, -0.0103813940659, 0.0122076235712, -0.00890044309199, 0.00426060613245, -0.00116711074952], [-8.93955002539e-05, 0.0024139713496, -0.000690702872816, -0.000864667643327, 0.00229710363783, -0.00228735944256, -0.00554220750928, 0.0226578582078, -0.00925426743925, -0.0009660362266, -0.0016823183978, -0.00267876405269, -0.000226610311074], [0.000263146735961, -0.00396642647684, 0.00170056498609, -0.000650905014481, -0.00670500658453, 0.00844259094447, -0.0103813940659, -0.00925426743925, 0.0353451445699, -0.0231277104467, 0.00773618090898, -0.00186677486636, 0.00272876769304], [-0.000164184675668, 0.00237759761512, -0.00111095642205, 0.00206830236129, 0.00762349786237, -0.0134037146345, 0.0122076235712, -0.0009660362266, -0.0231277104467, 0.0395168326795, -0.0219782609493, 0.00363541371189, -0.00132571381982], [0.000393633090425, -0.00325075397268, 0.00166118901689, -0.00226059951819, -0.00837290938944, 0.0125500978902, -0.00890044309199, -0.0016823183978, 0.00773618090898, -0.0219782609493, 0.0429557003081, -0.0212633311749, 0.00686185434461], [-0.000165530160302, 0.00141239748336, -0.00129455851857, -0.000562849629205, 0.00918412953615, -0.00517632393166, 0.00426060613245, -0.00267876405269, -0.00186677486636, 0.00363541371189, -0.0212633311749, 0.0414171591401, -0.0210036430508], [0.000257250823779, -0.00255187717266, 0.00160270323977, -0.000555768259801, -0.00616915570572, 0.00241276435554, -0.00116711074952, -0.000226610311074, 0.00272876769304, -0.00132571381982, 0.00686185434461, -0.0210036430508, 0.0313030555844]]}, "melbands": {"dmean": [0.00168205949012, 0.00279621710069, 0.000999085372314, 0.00032652282971, 0.000246287323534, 0.000152682550834, 9.00442682905e-05, 5.8746758441e-05, 6.80964440107e-05, 3.9961116272e-05, 5.88165639783e-05, 6.126518565e-05, 3.02201588056e-05, 4.88870173285e-05, 2.79247233266e-05, 3.35293698299e-05, 2.68820931524e-05, 2.15076324821e-05, 1.75804943865e-05, 1.5606665329e-05, 1.70152634382e-05, 1.03352904262e-05, 7.20740717952e-06, 6.22281777396e-06, 3.65511323253e-06, 5.99449458605e-06, 4.72598458146e-06, 6.05064542469e-06, 4.02682780987e-06, 3.17125613947e-06, 4.19777097704e-06, 3.59307819053e-06, 5.37909591003e-06, 3.09372626361e-06, 2.58431578004e-06, 2.23269353228e-06, 3.57691124009e-06, 3.37899928127e-06, 2.24209952648e-06, 1.66564632309e-06], "dmean2": [0.00217850343324, 0.00414920272306, 0.00165421608835, 0.000513707112987, 0.000326737877913, 0.000180069604539, 0.000110265966214, 8.49651987664e-05, 0.000108265870949, 5.96565769229e-05, 9.33144983719e-05, 8.67018461577e-05, 4.4948017603e-05, 7.79763868195e-05, 4.41608935944e-05, 5.36096777068e-05, 4.08251726185e-05, 3.42164967151e-05, 2.73866207863e-05, 2.37059539359e-05, 2.82362980215e-05, 1.75128407136e-05, 1.17145391414e-05, 1.07643791125e-05, 5.98010774411e-06, 8.71101201483e-06, 7.86279906606e-06, 1.05600147435e-05, 6.5769295361e-06, 5.40390738024e-06, 7.43629880162e-06, 6.25684697297e-06, 9.4631286629e-06, 5.38094445801e-06, 4.3239824663e-06, 3.80753363061e-06, 6.37963694317e-06, 6.09691232967e-06, 3.90414652429e-06, 2.86163594865e-06], "dvar": [7.53327549319e-06, 2.92289805657e-05, 6.801091331e-06, 6.56777444874e-07, 2.17807581748e-07, 1.38942127137e-07, 6.32652543686e-08, 1.65642433103e-08, 1.89648154958e-08, 6.46950226724e-09, 1.44253959888e-08, 1.02174118055e-08, 2.34846564418e-09, 7.54056816987e-09, 2.34249020181e-09, 4.24591473092e-09, 3.35906968907e-09, 1.39023337287e-09, 9.68335855944e-10, 1.47676970652e-09, 1.72316749758e-09, 4.04857425362e-10, 2.05844299939e-10, 1.31180899476e-10, 3.9559269055e-11, 8.74991606947e-11, 1.69203387412e-10, 2.49754300574e-10, 4.84780132703e-11, 3.17466886113e-11, 6.07002018094e-11, 4.93407606439e-11, 8.04237995644e-11, 2.81022722454e-11, 2.33095140412e-11, 1.46333223316e-11, 5.48391956845e-11, 5.07058839361e-11, 1.1451279161e-11, 6.44951366618e-12], "dvar2": [1.60880044859e-05, 7.07073195372e-05, 1.81469604286e-05, 1.58771956649e-06, 4.09701414128e-07, 2.29096514204e-07, 1.16981674125e-07, 3.02608142988e-08, 4.73132786283e-08, 1.48920102916e-08, 3.81630691493e-08, 2.04149390726e-08, 5.13866060814e-09, 1.87350046588e-08, 5.73307223917e-09, 9.53279943872e-09, 6.05356342831e-09, 3.14596415585e-09, 2.18298379373e-09, 3.38774719388e-09, 4.32807567563e-09, 1.14510401161e-09, 5.01584940249e-10, 3.64558133681e-10, 1.02655189904e-10, 1.7652135309e-10, 4.76943540217e-10, 7.04125868722e-10, 1.2270116867e-10, 8.80187450703e-11, 1.65138805408e-10, 1.35240707522e-10, 2.21505938591e-10, 7.65127960989e-11, 6.32186941685e-11, 3.94153251704e-11, 1.53127052704e-10, 1.4141648963e-10, 2.97547993189e-11, 1.65363400056e-11], "max": [0.0217184908688, 0.0401140078902, 0.0175721067935, 0.0121489102021, 0.00926326680928, 0.00788665935397, 0.00537040363997, 0.00293551501818, 0.00219077127986, 0.00195237342268, 0.00171114387922, 0.00235089589842, 0.00060048996238, 0.000858989020344, 0.000481463212054, 0.00116531481035, 0.00148303364404, 0.000579318148084, 0.000427615479566, 0.000630994210951, 0.000708094856236, 0.000207243705518, 0.000210058438824, 0.000177892448846, 6.68720240355e-05, 0.000158248658408, 0.000168213518918, 0.000207920573303, 6.38472847641e-05, 6.4832973294e-05, 6.05269342486e-05, 7.40564209991e-05, 7.03993573552e-05, 4.74140324513e-05, 4.92610342917e-05, 4.13268062402e-05, 7.42689735489e-05, 7.20192983863e-05, 2.2166481358e-05, 1.88669200725e-05], "mean": [0.00294546363875, 0.00414864998311, 0.00121385103557, 0.000672576890793, 0.000674579350743, 0.000468346610432, 0.000253141275607, 0.00013466370001, 0.000120794611576, 7.82017305028e-05, 0.000112725429062, 0.000136385264341, 6.35383548797e-05, 8.47005649121e-05, 5.13624181622e-05, 5.05037933181e-05, 3.99981872761e-05, 3.60306730727e-05, 3.02796470351e-05, 2.61319619312e-05, 2.24197410716e-05, 1.5840290871e-05, 1.14932199722e-05, 9.26428037928e-06, 6.4721821218e-06, 1.04567134258e-05, 6.95451626598e-06, 7.25455993233e-06, 5.9953517848e-06, 4.51749156127e-06, 4.94825508213e-06, 4.76925106341e-06, 5.84234840062e-06, 3.94400603909e-06, 3.5694890812e-06, 3.04511695504e-06, 3.79486073143e-06, 3.45482681041e-06, 2.82581527244e-06, 2.41201678364e-06], "median": [0.00125535100233, 0.00154771585949, 0.000352130649844, 0.000187365920283, 0.000284990092041, 0.00018665168318, 9.36465439736e-05, 5.50211771042e-05, 4.50576699222e-05, 3.10111463477e-05, 4.88861405756e-05, 5.93100339756e-05, 3.35104996338e-05, 4.09488711739e-05, 2.60875112872e-05, 2.16569551412e-05, 1.62196356541e-05, 1.59802293638e-05, 1.51148478835e-05, 1.14324484457e-05, 8.50800188346e-06, 7.08766947355e-06, 5.02199327457e-06, 4.01830720875e-06, 3.36439688908e-06, 5.01367640027e-06, 3.32979516315e-06, 3.09080496663e-06, 2.99820226246e-06, 2.28443241213e-06, 2.23830897994e-06, 2.38837583311e-06, 2.64186678578e-06, 1.94444464796e-06, 1.67923758454e-06, 1.44022487802e-06, 1.55213217568e-06, 1.30106150209e-06, 1.24167672766e-06, 1.0866563116e-06], "min": [3.12640841198e-24, 2.04189644176e-24, 8.18268850907e-25, 3.24956734865e-24, 2.48127776647e-24, 2.44253049653e-24, 3.91161491905e-24, 4.49031696824e-24, 3.40864036133e-24, 2.63398762987e-24, 1.98343967931e-24, 3.61427431121e-24, 2.79447092863e-24, 5.56244993591e-24, 6.04395958841e-24, 5.27499967167e-24, 4.36579527435e-24, 3.71603934014e-24, 3.285164697e-24, 3.75629333441e-24, 6.29801145407e-24, 3.49652459377e-24, 4.63733500299e-24, 5.19616840698e-24, 6.7856505558e-24, 7.07756853378e-24, 6.43429230305e-24, 6.40433609903e-24, 6.09884616361e-24, 7.69707046898e-24, 7.96352165035e-24, 7.115474878e-24, 6.41810408841e-24, 6.01508846257e-24, 6.89750235469e-24, 8.61374419579e-24, 7.33009947562e-24, 6.98279715121e-24, 9.1543371635e-24, 9.54278883931e-24], "var": [1.5729401639e-05, 3.95320312236e-05, 5.79322249905e-06, 1.70139730926e-06, 9.13646658773e-07, 5.74515979679e-07, 2.20133543394e-07, 5.75696610383e-08, 3.6331854858e-08, 1.70732885607e-08, 2.61005563829e-08, 4.39023644105e-08, 6.48371578649e-09, 1.33898767629e-08, 4.18347978481e-09, 7.11192527092e-09, 7.88385801087e-09, 3.05364511455e-09, 1.92520999143e-09, 2.48342768572e-09, 2.17584616991e-09, 5.07328679067e-10, 3.27338572914e-10, 1.58002444461e-10, 6.45950862244e-11, 2.02788535963e-10, 1.34446911937e-10, 1.78148010233e-10, 6.3021407537e-11, 3.53780789386e-11, 5.45714862188e-11, 4.4066542082e-11, 7.01655678004e-11, 2.76231537644e-11, 2.38494120286e-11, 1.55423902914e-11, 4.09018478809e-11, 3.64750521453e-11, 1.38530419774e-11, 9.6983376191e-12]}, "mfcc": {"mean": [-635.020141602, 99.4436721802, 20.2582378387, 13.9575109482, 11.0251159668, 14.7465314865, 7.13365745544, 5.36922979355, 2.37035965919, 1.20620942116, -1.14156389236, 0.112172327936, 4.42901325226], "cov": [[11270.7070312, 391.500915527, 3.29670715332, -55.8948516846, -206.312271118, -229.019104004, -261.286804199, -219.749343872, -225.929534912, -195.480361938, -248.025695801, -212.690139771, -176.476242065], [391.500915527, 383.901733398, -14.1223402023, 56.0715484619, 33.8181190491, 56.0747871399, 18.8672885895, 32.4814567566, 23.9691677094, 35.4816551208, 14.1518449783, 14.5088939667, 34.7175559998], [3.29670715332, -14.1223402023, 212.034896851, 53.5303955078, 32.4667663574, 5.26225996017, 13.3505535126, 7.18121767044, -0.133911281824, -2.67916035652, -6.30175018311, -11.4695224762, -3.27826499939], [-55.8948516846, 56.0715484619, 53.5303955078, 104.987075806, 48.1847496033, 18.2839870453, 24.6091556549, 24.5975036621, 13.4232301712, 11.1266517639, 6.57415533066, 9.02224445343, 18.0107975006], [-206.312271118, 33.8181190491, 32.4667663574, 48.1847496033, 104.813156128, 60.2771072388, 44.0504608154, 26.974697113, 30.3142700195, 23.685836792, 10.6167354584, 7.9898519516, 16.376543045], [-229.019104004, 56.0747871399, 5.26225996017, 18.2839870453, 60.2771072388, 126.516487122, 65.7676773071, 41.7199707031, 48.3024101257, 44.1319694519, 21.8930568695, 10.0660877228, 13.0520563126], [-261.286804199, 18.8672885895, 13.3505535126, 24.6091556549, 44.0504608154, 65.7676773071, 89.493347168, 55.0528831482, 37.9597930908, 27.0474853516, 17.7075138092, 9.81272029877, 9.34717273712], [-219.749343872, 32.4814567566, 7.18121767044, 24.5975036621, 26.974697113, 41.7199707031, 55.0528831482, 76.9972915649, 49.2418518066, 22.3465938568, 18.7259712219, 21.0770301819, 18.6822414398], [-225.929534912, 23.9691677094, -0.133911281824, 13.4232301712, 30.3142700195, 48.3024101257, 37.9597930908, 49.2418518066, 82.3727645874, 46.785282135, 20.7141208649, 24.7320804596, 27.5012397766], [-195.480361938, 35.4816551208, -2.67916035652, 11.1266517639, 23.685836792, 44.1319694519, 27.0474853516, 22.3465938568, 46.785282135, 80.6179656982, 45.6477050781, 20.1984577179, 24.6333904266], [-248.025695801, 14.1518449783, -6.30175018311, 6.57415533066, 10.6167354584, 21.8930568695, 17.7075138092, 18.7259712219, 20.7141208649, 45.6477050781, 77.5032196045, 46.9807739258, 18.6564025879], [-212.690139771, 14.5088939667, -11.4695224762, 9.02224445343, 7.9898519516, 10.0660877228, 9.81272029877, 21.0770301819, 24.7320804596, 20.1984577179, 46.9807739258, 85.599647522, 44.7636985779], [-176.476242065, 34.7175559998, -3.27826499939, 18.0107975006, 16.376543045, 13.0520563126, 9.34717273712, 18.6822414398, 27.5012397766, 24.6333904266, 18.6564025879, 44.7636985779, 75.7666015625]], "icov": [[0.000112242181785, -0.000177472378709, -3.42036619259e-05, 4.74518947158e-06, 0.000110236513137, 5.41020199307e-05, 0.000122953337268, 0.000108024418296, 4.58439390059e-05, -1.43892048072e-05, 0.000256730301771, -5.18313845532e-06, 0.00019308103947], [-0.000177472378709, 0.00355083937757, 0.000681861012708, -0.0018459680723, 0.000136822403874, -0.00184534513392, 0.00145173538476, -0.00177758268546, 0.00119367579464, -0.00118940230459, 0.000138690622407, 0.000226135569392, -0.00123890547547], [-3.42036619259e-05, 0.000681861012708, 0.00570828840137, -0.00302718835883, -0.000836700957734, 0.000137603885378, -0.000139260257129, -1.69017603184e-05, 0.000137012262712, 0.000144281904795, -7.48171005398e-05, 0.000839280255605, 0.000178901478648], [4.74518947158e-06, -0.0018459680723, -0.00302718835883, 0.0154503285885, -0.00612228177488, 0.00283444626257, -0.000966824241914, -0.00317079853266, 0.00186341186054, -0.000621356477495, 0.000234892911976, -0.000273446959909, -0.0015813348582], [0.000110236513137, 0.000136822403874, -0.000836700957734, -0.00612228177488, 0.0173655599356, -0.00592332100496, -0.00323194987141, 0.00304994382896, -0.00226399931125, 0.000894122058526, 0.00015439458366, 0.000506524811499, -0.00127939111553], [5.41020199307e-05, -0.00184534513392, 0.000137603885378, 0.00283444626257, -0.00592332100496, 0.0177241768688, -0.00918906833977, 0.00183393119369, -0.0035026667174, -0.00341421901248, 0.000237675994867, 0.000176212895894, 0.00143097131513], [0.000122953337268, 0.00145173538476, -0.000139260257129, -0.000966824241914, -0.00323194987141, -0.00918906833977, 0.0291783269495, -0.0172279402614, 0.00400229124352, -0.00229505612515, 4.63524920633e-05, 0.0010219264077, 0.00145311409142], [0.000108024418296, -0.00177758268546, -1.69017603184e-05, -0.00317079853266, 0.00304994382896, 0.00183393119369, -0.0172279402614, 0.0353889688849, -0.0174304749817, 0.00864979997277, -0.00463297450915, -0.000323726126226, -0.000910097558517], [4.58439390059e-05, 0.00119367579464, 0.000137012262712, 0.00186341186054, -0.00226399931125, -0.0035026667174, 0.00400229124352, -0.0174304749817, 0.0324830040336, -0.0170331858099, 0.00952216889709, -0.00580075196922, -0.00115042529069], [-1.43892048072e-05, -0.00118940230459, 0.000144281904795, -0.000621356477495, 0.000894122058526, -0.00341421901248, -0.00229505612515, 0.00864979997277, -0.0170331858099, 0.0340047962964, -0.0206989534199, 0.0104996934533, -0.00676900194958], [0.000256730301771, 0.000138690622407, -7.48171005398e-05, 0.000234892911976, 0.00015439458366, 0.000237675994867, 4.63524920633e-05, -0.00463297450915, 0.00952216889709, -0.0206989534199, 0.0338788367808, -0.0187281742692, 0.00753373466432], [-5.18313845532e-06, 0.000226135569392, 0.000839280255605, -0.000273446959909, 0.000506524811499, 0.000176212895894, 0.0010219264077, -0.000323726126226, -0.00580075196922, 0.0104996934533, -0.0187281742692, 0.0282495208085, -0.0135872047395], [0.00019308103947, -0.00123890547547, 0.000178901478648, -0.0015813348582, -0.00127939111553, 0.00143097131513, 0.00145311409142, -0.000910097558517, -0.00115042529069, -0.00676900194958, 0.00753373466432, -0.0135872047395, 0.0234653707594]]}, "spectral_contrast_coeffs": {"dmean": [0.0452153906226, 0.0382557325065, 0.0323644801974, 0.0322766527534, 0.0258781723678, 0.0188263934106], "dmean2": [0.0655548349023, 0.0599796585739, 0.0512701272964, 0.0514275506139, 0.0397736243904, 0.0289877187461], "dvar": [0.0020160980057, 0.00131155201234, 0.000857551058289, 0.000837476924062, 0.000606480520219, 0.000290707743261], "dvar2": [0.004016446881, 0.00294279400259, 0.00207056594081, 0.00193367514294, 0.00121714756824, 0.000672695576213], "max": [-0.195177018642, -0.308242321014, -0.439224421978, -0.469364345074, -0.501037716866, -0.599986672401], "mean": [-0.653706252575, -0.719409227371, -0.778896689415, -0.776954948902, -0.786197006702, -0.790674448013], "median": [-0.652571320534, -0.720667719841, -0.778432071209, -0.775589466095, -0.788915753365, -0.791733562946], "min": [-0.99730861187, -0.996902048588, -0.99793368578, -0.997491657734, -0.997223436832, -0.98652356863], "var": [0.00858089327812, 0.00565642677248, 0.00333275739104, 0.00303416745737, 0.00239551416598, 0.00120669184253]}, "spectral_contrast_valleys": {"dmean": [0.367777168751, 0.385925322771, 0.391556799412, 0.417904943228, 0.422653973103, 0.492198854685], "dmean2": [0.558211863041, 0.572071433067, 0.590945482254, 0.649352788925, 0.641690731049, 0.701067864895], "dvar": [0.341645091772, 0.395670056343, 0.453959137201, 0.451178044081, 0.43958029151, 0.413081437349], "dvar2": [0.585313737392, 0.687390744686, 0.863937735558, 0.851576447487, 0.784103035927, 0.754256188869], "max": [-5.33602666855, -4.95069980621, -5.26322460175, -5.6769118309, -5.47087144852, -7.55421733856], "mean": [-7.25552511215, -7.09741926193, -7.31825256348, -7.87366771698, -7.83468866348, -9.53754043579], "median"