{"lowlevel": {"average_loudness": 0.952254652977, "barkbands_crest": {"dmean": 2.77836275101, "dmean2": 4.42518377304, "dvar": 5.89208602905, "dvar2": 14.2793331146, "max": 25.0831661224, "mean": 11.5345745087, "median": 10.6552534103, "min": 2.73128056526, "var": 21.4592990875}, "barkbands_flatness_db": {"dmean": 0.0236282460392, "dmean2": 0.0343821980059, "dvar": 0.000518808432389, "dvar2": 0.0010544823017, "max": 0.524548888206, "mean": 0.165721192956, "median": 0.152532041073, "min": 0.0427221208811, "var": 0.00480098696426}, "barkbands_kurtosis": {"dmean": 4.78813838959, "dmean2": 7.43617773056, "dvar": 201.164276123, "dvar2": 471.090789795, "max": 473.148681641, "mean": 7.87383270264, "median": 2.4929356575, "min": -1.53896546364, "var": 500.121368408}, "barkbands_skewness": {"dmean": 0.603611290455, "dmean2": 0.945546805859, "dvar": 0.510164439678, "dvar2": 1.19380366802, "max": 16.6001911163, "mean": 1.98952436447, "median": 1.65013790131, "min": -2.04302120209, "var": 2.06402564049}, "barkbands_spread": {"dmean": 3.91651391983, "dmean2": 5.96491622925, "dvar": 14.5808544159, "dvar2": 32.3625259399, "max": 60.3674812317, "mean": 17.9140129089, "median": 16.9279384613, "min": 0.233538880944, "var": 85.9649887085}, "dissonance": {"dmean": 0.0153714567423, "dmean2": 0.026337755844, "dvar": 0.000209539954085, "dvar2": 0.000584148219787, "max": 0.499856054783, "mean": 0.474166333675, "median": 0.477968275547, "min": 0.357750415802, "var": 0.000336445722496}, "dynamic_complexity": 3.91734409332, "erbbands_crest": {"dmean": 2.1031434536, "dmean2": 3.4954252243, "dvar": 3.46532845497, "dvar2": 9.23755455017, "max": 20.9554824829, "mean": 7.51495838165, "median": 6.85009098053, "min": 2.52905225754, "var": 8.1737203598}, "erbbands_flatness_db": {"dmean": 0.0147904502228, "dmean2": 0.0223198011518, "dvar": 0.000209666774026, "dvar2": 0.000441772630438, "max": 0.31101578474, "mean": 0.163835853338, "median": 0.162187740207, "min": 0.0307845883071, "var": 0.00124790275004}, "erbbands_kurtosis": {"dmean": 0.679590940475, "dmean2": 1.13460791111, "dvar": 1.54981005192, "dvar2": 4.48686075211, "max": 31.5539855957, "mean": 0.00366571196355, "median": -0.444362401962, "min": -1.54286575317, "var": 3.37400150299}, "erbbands_skewness": {"dmean": 0.296096742153, "dmean2": 0.486974805593, "dvar": 0.0782361477613, "dvar2": 0.212132841349, "max": 4.63561010361, "mean": 0.260290652514, "median": 0.192502632737, "min": -1.3402453661, "var": 0.364263087511}, "erbbands_spread": {"dmean": 6.78183555603, "dmean2": 10.8249740601, "dvar": 41.0472068787, "dvar2": 102.08971405, "max": 108.270988464, "mean": 37.5147285461, "median": 37.3170547485, "min": 6.94131422043, "var": 138.544006348}, "hfc": {"dmean": 6.30787181854, "dmean2": 9.97632884979, "dvar": 120.41835022, "dvar2": 296.417114258, "max": 105.995193481, "mean": 18.1233673096, "median": 14.7158088684, "min": 1.12004794507e-16, "var": 235.986831665}, "melbands_crest": {"dmean": 3.28398561478, "dmean2": 5.31066942215, "dvar": 8.62053775787, "dvar2": 20.5925388336, "max": 32.1651153564, "mean": 15.5768642426, "median": 14.7350234985, "min": 1.73757410049, "var": 31.2086448669}, "melbands_flatness_db": {"dmean": 0.0281445477158, "dmean2": 0.0417354293168, "dvar": 0.000733333698008, "dvar2": 0.0014906807337, "max": 0.68776255846, "mean": 0.238566085696, "median": 0.221618965268, "min": 0.00360290124081, "var": 0.00819518044591}, "melbands_kurtosis": {"dmean": 8.10762310028, "dmean2": 12.771686554, "dvar": 156.520721436, "dvar2": 326.164886475, "max": 349.811676025, "mean": 16.8456020355, "median": 9.22090530396, "min": -1.30743169785, "var": 548.000427246}, "melbands_skewness": {"dmean": 0.788528978825, "dmean2": 1.24972879887, "dvar": 0.641645014286, "dvar2": 1.42395067215, "max": 13.3164367676, "mean": 3.04421138763, "median": 2.73106026649, "min": -0.19833984971, "var": 2.29827475548}, "melbands_spread": {"dmean": 4.790766716, "dmean2": 7.63792896271, "dvar": 35.941986084, "dvar2": 86.042137146, "max": 165.421081543, "mean": 17.3031024933, "median": 16.0598316193, "min": 0.361960798502, "var": 136.24206543}, "pitch_salience": {"dmean": 0.0772451758385, "dmean2": 0.12320074439, "dvar": 0.00583235314116, "dvar2": 0.0135078122839, "max": 0.850969612598, "mean": 0.513821005821, "median": 0.520450174809, "min": 0.105097182095, "var": 0.0174617450684}, "silence_rate_20dB": {"dmean": 0, "dmean2": 0, "dvar": 0, "dvar2": 0, "max": 1, "mean": 1, "median": 1, "min": 1, "var": 0}, "silence_rate_30dB": {"dmean": 0.0232220608741, "dmean2": 0.0464609786868, "dvar": 0.0226821117103, "dvar2": 0.0472057759762, "max": 1, "mean": 0.962277829647, "median": 1, "min": 0, "var": 0.0362999849021}, "silence_rate_60dB": {"dmean": 0.00145137880463, "dmean2": 0.00290381116793, "dvar": 0.00144928204827, "dvar2": 0.00289541622624, "max": 1, "mean": 0.0808850228786, "median": 0, "min": 0, "var": 0.0743459686637}, "spectral_centroid": {"dmean": 207.781707764, "dmean2": 320.901153564, "dvar": 77369.2109375, "dvar2": 112613.695312, "max": 11275.1748047, "mean": 1220.56262207, "median": 1127.54394531, "min": 112.882621765, "var": 385181.1875}, "spectral_complexity": {"dmean": 3.75036287308, "dmean2": 5.41923761368, "dvar": 15.0510082245, "dvar2": 27.0245609283, "max": 59, "mean": 21.3830242157, "median": 21, "min": 0, "var": 108.61655426}, "spectral_decrease": {"dmean": 3.35602723389e-09, "dmean2": 5.362337685e-09, "dvar": 2.04744539313e-17, "dvar2": 4.72023072666e-17, "max": 4.55774601439e-29, "mean": -1.0110023041e-08, "median": -8.63837357201e-09, "min": -4.90211107262e-08, "var": 5.30857617223e-17}, "spectral_energy": {"dmean": 0.0130867399275, "dmean2": 0.0209107920527, "dvar": 0.000314125674777, "dvar2": 0.000727952865418, "max": 0.18778245151, "mean": 0.0398013554513, "median": 0.0340901911259, "min": 1.03823348402e-20, "var": 0.000804015842732}, "spectral_energyband_high": {"dmean": 0.000218064218643, "dmean2": 0.000327356421622, "dvar": 2.28776002587e-07, "dvar2": 4.6286143629e-07, "max": 0.006584583316, "mean": 0.000559871608857, "median": 0.000313973025186, "min": 7.52129239262e-21, "var": 7.65521065205e-07}, "spectral_energyband_low": {"dmean": 0.00863927602768, "dmean2": 0.0136707406491, "dvar": 0.000196557914023, "dvar2": 0.000419398624217, "max": 0.166714966297, "mean": 0.021339699626, "median": 0.0161586552858, "min": 5.67205316568e-23, "var": 0.000509950856213}, "spectral_energyband_middle_high": {"dmean": 0.00226432550699, "dmean2": 0.00371548114344, "dvar": 1.63862659974e-05, "dvar2": 4.40454023192e-05, "max": 0.0384005196393, "mean": 0.00525247305632, "median": 0.00410850113258, "min": 1.42416641279e-21, "var": 2.22995840886e-05}, "spectral_energyband_middle_low": {"dmean": 0.00669090915471, "dmean2": 0.0112609788775, "dvar": 0.000131514272653, "dvar2": 0.000336690573022, "max": 0.0928822755814, "mean": 0.0136180678383, "median": 0.0107830818743, "min": 2.54184488961e-22, "var": 0.0001529094734}, "spectral_entropy": {"dmean": 0.141919910908, "dmean2": 0.212988391519, "dvar": 0.0201689284295, "dvar2": 0.0474754087627, "max": 9.794921875, "mean": 7.46528100967, "median": 7.52683830261, "min": 4.96503782272, "var": 0.209389090538}, "spectral_flux": {"dmean": 0.0272806808352, "dmean2": 0.0411068275571, "dvar": 0.00111943471711, "dvar2": 0.00218217680231, "max": 0.33443570137, "mean": 0.0909594148397, "median": 0.0812773779035, "min": 1.05373154646e-10, "var": 0.00306219002232}, "spectral_kurtosis": {"dmean": 1.84170114994, "dmean2": 3.14360332489, "dvar": 7.72688865662, "dvar2": 22.1990604401, "max": 88.5844039917, "mean": 4.87900972366, "median": 3.51262712479, "min": -1.23090589046, "var": 44.8796272278}, "spectral_rms": {"dmean": 0.000923886429518, "dmean2": 0.00146020192187, "dvar": 1.11118208679e-06, "dvar2": 2.50481275543e-06, "max": 0.0135352276266, "mean": 0.0057774358429, "median": 0.00576703762636, "min": 3.18262582087e-12, "var": 5.45182774658e-06}, "spectral_rolloff": {"dmean": 296.738677979, "dmean2": 489.293457031, "dvar": 276032, "dvar2": 561382.875, "max": 18690.8203125, "mean": 954.932067871, "median": 753.662109375, "min": 64.599609375, "var": 1173484.625}, "spectral_skewness": {"dmean": 0.222249493003, "dmean2": 0.367254167795, "dvar": 0.055376265198, "dvar2": 0.152238354087, "max": 7.80260515213, "mean": 1.48779416084, "median": 1.37536072731, "min": -0.0377966240048, "var": 0.508766233921}, "spectral_spread": {"dmean": 362781.53125, "dmean2": 515998.1875, "dvar": 807452409856, "dvar2": 760175198208, "max": 41689960, "mean": 3646974.25, "median": 3538707.5, "min": 1126586, "var": 1643928748030.0}, "spectral_strongpeak": {"dmean": 0.209812030196, "dmean2": 0.36946195364, "dvar": 0.121418535709, "dvar2": 0.326493054628, "max": 5.42956352234, "mean": 0.394904315472, "median": 0.276480644941, "min": 0, "var": 0.152572363615}, "zerocrossingrate": {"dmean": 0.0064117917791, "dmean2": 0.00748107116669, "dvar": 7.50909603084e-05, "dvar2": 7.69244361436e-05, "max": 0.51611328125, "mean": 0.0412906706333, "median": 0.03662109375, "min": 0.001953125, "var": 0.00100192357786}, "barkbands": {"dmean": [0.000200472888537, 0.00741149438545, 0.00255931727588, 0.000901003368199, 0.00345114874654, 0.000829661439639, 0.00108708906919, 0.000981890014373, 0.00154308776837, 0.00110053794924, 0.000537586631253, 0.000406001665397, 0.000124963393318, 0.000268715491984, 0.000213215957046, 0.000278336403426, 0.000356729113264, 0.000124180776766, 0.000127587729366, 9.76937444648e-05, 0.000107624837256, 6.75313785905e-05, 2.78487023024e-05, 2.04756888706e-05, 9.39958772506e-06, 2.80181779999e-06, 6.42862858058e-07], "dmean2": [0.000278427818557, 0.0118982689455, 0.00439874455333, 0.00151233689394, 0.0060219601728, 0.00143123732414, 0.00192125618923, 0.00170353683643, 0.00266592437401, 0.00190990231931, 0.000931087357458, 0.00069276051363, 0.000200695270905, 0.00044794823043, 0.000325188681018, 0.000451288651675, 0.000558356638066, 0.00020348833641, 0.000202809460461, 0.000154481138452, 0.000170684026671, 0.000105477323814, 4.17822520831e-05, 2.65574763034e-05, 1.31557335408e-05, 3.95683218812e-06, 9.6229484825e-07], "dvar": [1.16889687263e-07, 0.000147808968904, 4.86328099214e-05, 3.06511128656e-06, 3.35588301823e-05, 3.93377558794e-06, 6.98061603543e-06, 3.56246573574e-06, 9.86362192634e-06, 4.94386631544e-06, 1.24751136354e-06, 4.12553134765e-07, 2.97530480253e-08, 1.69882810042e-07, 1.82622756029e-07, 2.94712464211e-07, 2.95501109804e-07, 2.66825104234e-08, 5.87976316524e-08, 3.58491938357e-08, 3.99915514038e-08, 2.41419702007e-08, 4.46848291702e-09, 2.06426520322e-09, 4.60484039788e-10, 8.38374578094e-11, 4.83267896187e-12], "dvar2": [1.98452241307e-07, 0.000303008797346, 0.000128305255203, 8.35687296785e-06, 9.74414360826e-05, 1.10328774099e-05, 1.96909531951e-05, 9.6539115475e-06, 2.53117123066e-05, 1.36628150358e-05, 3.53743735104e-06, 1.13916644295e-06, 7.37065448675e-08, 4.61006436581e-07, 3.96763908839e-07, 7.82406573308e-07, 7.21701212569e-07, 7.10757177558e-08, 1.45285881104e-07, 7.70200472289e-08, 9.50774108333e-08, 5.87100750238e-08, 9.5933954114e-09, 3.16875437001e-09, 8.49458892116e-10, 1.61149357747e-10, 9.21877418153e-12], "max": [0.00408002315089, 0.137088805437, 0.0728663578629, 0.0195141881704, 0.0538451820612, 0.0247307177633, 0.0283824708313, 0.0160976201296, 0.0436740294099, 0.0240474510938, 0.011086341925, 0.00823160819709, 0.00257275765762, 0.00536780292168, 0.00642832694575, 0.00780664198101, 0.00689222244546, 0.00161542766728, 0.00328758824617, 0.00215197587386, 0.00306455721147, 0.0022290640045, 0.000867786176968, 0.000630472262856, 0.000266586343059, 0.000235073588556, 2.41885627474e-05], "mean": [0.000641849939711, 0.015992699191, 0.00403168611228, 0.00136043003295, 0.00591822387651, 0.00138280098327, 0.00122810993344, 0.00120719335973, 0.00191492319573, 0.00148876407184, 0.000675902527291, 0.00062710349448, 0.000212312676013, 0.000437401613453, 0.000451104686363, 0.000430418964243, 0.000665196683258, 0.00022890274704, 0.00023570015037, 0.000195017681108, 0.000237785265199, 0.000131571956445, 4.9791931815e-05, 3.65982559742e-05, 1.51645890583e-05, 3.9734954953e-06, 7.91563024904e-07], "median": [0.00050994270714, 0.0113355973735, 0.00272087403573, 0.00083513057325, 0.00431659491733, 0.00075786083471, 0.00054757919861, 0.000537627958693, 0.000898840371519, 0.000746645964682, 0.000366518914234, 0.000406326493248, 0.000141246913699, 0.000262480549281, 0.000159458213602, 0.000242630791035, 0.000412249297369, 0.000174260145286, 0.000119884956803, 9.81205230346e-05, 0.000147486847709, 5.81515523663e-05, 1.52913835336e-05, 1.3834787751e-05, 3.6123492464e-06, 6.31907653315e-07, 1.11153894977e-08], "min": [2.01531005432e-23, 7.77636361173e-24, 9.37867973861e-24, 1.12410620067e-23, 1.21911124384e-23, 2.26723877974e-23, 4.61036787183e-23, 4.85950592292e-23, 5.41720944144e-23, 4.27233340088e-23, 7.47525414203e-23, 5.11801564156e-23, 7.06039724068e-23, 8.66531645078e-23, 1.14956559776e-22, 2.0663071666e-22, 1.93941302087e-22, 1.35820100562e-22, 2.05520492755e-22, 2.55107923226e-22, 3.54116000039e-22, 5.19060681138e-22, 4.84406640039e-22, 6.93602303223e-22, 1.15961210111e-21, 1.7894368303e-21, 2.18157314918e-21], "var": [4.83286214603e-07, 0.000367429485777, 4.18651470682e-05, 3.42294356415e-06, 3.66502208635e-05, 4.75384331367e-06, 5.25329005541e-06, 3.57503222403e-06, 1.10940818558e-05, 4.90970751343e-06, 1.04863522665e-06, 5.34692674137e-07, 6.4314953363e-08, 3.40086700135e-07, 6.8269531539e-07, 3.94442565721e-07, 6.08572577221e-07, 4.51312267558e-08, 1.25377439986e-07, 9.35257986612e-08, 9.00751615518e-08, 5.69245948157e-08, 1.16784821813e-08, 5.70364422359e-09, 1.06500119834e-09, 1.31225127986e-10, 8.50207924896e-12]}, "erbbands": {"dmean": [0.242471009493, 1.70548379421, 3.20259213448, 2.41716432571, 8.64466381073, 12.9247341156, 7.51071119308, 6.96375608444, 10.5581607819, 23.3183631897, 21.8860092163, 34.5650405884, 39.7116355896, 25.5271034241, 20.9233722687, 14.7449502945, 6.28039550781, 12.4336900711, 14.0571975708, 7.0157456398, 17.0435466766, 17.1831054688, 9.0808763504, 4.69172716141, 6.73451948166, 4.94919776917, 3.75542807579, 4.8370757103, 2.60290002823, 1.03085708618, 0.711818933487, 0.563184320927, 0.243995606899, 0.123644240201, 0.0583322308958, 0.0184239894152, 0.00439567957073, 0.000805985182524, 0.000131472392241, 1.68691985891e-05], "dmean2": [0.360916733742, 2.76808047295, 5.35997104645, 3.8610804081, 14.7655925751, 23.0436458588, 12.8255414963, 11.9482631683, 18.5188369751, 41.1779289246, 36.7061462402, 58.966468811, 70.4911804199, 43.8769721985, 35.8273239136, 24.8879051208, 9.92577362061, 20.5167274475, 21.7963695526, 10.9591655731, 27.3026885986, 27.1315307617, 14.6091060638, 7.59782266617, 10.4530420303, 7.88917255402, 5.76639890671, 7.86861038208, 4.0931520462, 1.42912900448, 1.06685566902, 0.729346036911, 0.344526290894, 0.17706848681, 0.0805960074067, 0.026549782604, 0.00602116575465, 0.00115035602357, 0.00019102243823, 2.66438473773e-05], "dvar": [0.140705555677, 9.27840995789, 70.7660751343, 21.3904685974, 237.581283569, 519.483825684, 235.38168335, 277.66796875, 765.348693848, 2363.04418945, 1944.67602539, 4856.66210938, 7599.94482422, 2576.1315918, 1480.13684082, 578.077087402, 69.2627258301, 359.27154541, 693.128234863, 132.046813965, 953.798828125, 693.960693359, 178.068786621, 73.1890106201, 149.245880127, 95.3884506226, 51.2486915588, 92.436416626, 36.0003471375, 6.11399793625, 2.87882852554, 1.51905417442, 0.280253767967, 0.0778599083424, 0.0205397773534, 0.00271937949583, 0.000298895785818, 7.46165915189e-06, 1.9200041379e-07, 6.70952959858e-10], "dvar2": [0.22352220118, 20.3355140686, 183.813690186, 51.0561752319, 661.910095215, 1559.73779297, 634.934265137, 772.679321289, 2202.33764648, 6522.06396484, 4934.90380859, 12169.78125, 21286.1367188, 7085.37207031, 4184.72705078, 1530.00402832, 164.822723389, 981.703552246, 1519.42749023, 328.694885254, 2467.69628906, 1660.07299805, 436.372039795, 196.082962036, 335.063659668, 217.844039917, 100.175704956, 248.922531128, 91.3053512573, 9.372631073, 5.83446836472, 2.15594148636, 0.500488817692, 0.148955360055, 0.0381243638694, 0.00528950383887, 0.000624573149253, 1.27623243316e-05, 3.67355596609e-07, 1.4554267791e-09], "max": [4.63852548599, 34.0179290771, 88.7219467163, 69.8564987183, 155.787643433, 214.203155518, 190.039108276, 205.017929077, 294.203735352, 489.718658447, 416.387481689, 1041.94616699, 906.867675781, 496.677581787, 437.983886719, 382.78717041, 125.855041504, 278.168640137, 382.116790771, 136.938156128, 480.793060303, 325.591156006, 168.182693481, 118.370704651, 171.650054932, 127.145072937, 91.3106155396, 150.868255615, 74.7713623047, 43.2339744568, 20.7504520416, 18.5409488678, 6.96455144882, 3.45802807808, 1.99929511547, 1.12231969833, 0.504670739174, 0.047396980226, 0.00563512276858, 0.000269502517767], "mean": [0.565287530422, 3.14146161079, 5.12889432907, 4.64002656937, 13.5874261856, 20.6298122406, 12.2950220108, 11.2924318314, 13.8025751114, 26.7456874847, 28.3240890503, 43.8256797791, 49.4693489075, 37.2164916992, 29.5359573364, 24.3607883453, 12.0013561249, 21.3226356506, 29.9818668365, 13.814904213, 29.4021205902, 32.7606086731, 18.2714576721, 9.14677429199, 13.3954553604, 9.6911907196, 8.6134557724, 9.84813308716, 5.06642198563, 2.08605599403, 1.31699109077, 0.989634335041, 0.446710407734, 0.209892436862, 0.0892855972052, 0.026132799685, 0.00627495953813, 0.00112636387348, 0.000175318607944, 4.98978333781e-05], "median": [0.404574245214, 2.07058548927, 3.65371108055, 2.58296656609, 8.80889034271, 13.5257768631, 6.98944044113, 5.49499177933, 6.39138031006, 10.4929361343, 13.2276535034, 20.6776695251, 24.7209281921, 19.0389823914, 17.8026638031, 15.7715806961, 8.79014492035, 13.062743187, 12.1234426498, 8.08316135406, 18.7540168762, 22.3516235352, 12.7047233582, 6.06228351593, 6.98513174057, 4.67365121841, 4.73234891891, 6.05358982086, 2.46771907806, 0.668959617615, 0.431962579489, 0.349590718746, 0.171088546515, 0.0573751144111, 0.0185587424785, 0.00520272506401, 0.000674613867886, 5.79043626203e-05, 2.33693590417e-05, 4.01340985263e-05], "min": [1.72759389662e-22, 1.95546849862e-21, 8.64189594043e-21, 2.35347763829e-20, 4.42412186875e-20, 2.32235803736e-20, 1.46701554386e-19, 2.12847064994e-19, 5.12822046184e-19, 6.97296040686e-19, 1.37112217566e-18, 1.11553277556e-18, 1.39588889378e-18, 1.63905052556e-18, 1.90849385675e-18, 2.28712585598e-18, 3.7410723856e-18, 4.71132174331e-18, 4.83488060654e-18, 9.03647256329e-18, 1.14237364906e-17, 8.56140784825e-18, 7.27924646593e-18, 9.32056278159e-18, 1.30536305404e-17, 1.42544858588e-17, 1.15103886229e-17, 1.70247617067e-17, 1.6429271075e-17, 1.61452354506e-17, 1.3869769119e-17, 1.36278957176e-17, 1.28800897022e-17, 1.37338567269e-17, 7.87461632926e-18, 5.035714269e-18, 3.9321469712e-18, 1.18400440852e-18, 3.3971007533e-19, 3.24623186299e-20], "var": [0.440324962139, 17.8066539764, 64.1915588379, 30.8436698914, 256.73815918, 550.804321289, 306.908905029, 400.798248291, 597.86517334, 2128.11035156, 2172.87548828, 5777.78662109, 6427.30810547, 3051.82958984, 1448.20361328, 853.43359375, 165.28868103, 802.624572754, 2532.11743164, 268.543640137, 1433.07116699, 1276.64221191, 362.118530273, 128.584411621, 383.00100708, 237.737487793, 160.489746094, 170.916931152, 79.2979049683, 21.2261676788, 7.82568311691, 4.49964094162, 0.699617266655, 0.188821569085, 0.0420504100621, 0.0043928399682, 0.000410694163293, 1.42151093314e-05, 3.33046472178e-07, 1.60642821267e-09]}, "gfcc": {"mean": [-26.8955841064, 128.779281616, -128.227157593, 47.1788444519, -50.2202529907, 14.7099781036, -18.7478904724, 8.07691192627, -14.2214632034, -5.62501144409, -14.2252378464, -3.62323307991, 2.36992740631], "cov": [[25332.3828125, 363.227813721, -2052.79907227, 1115.61853027, -840.074279785, 165.300079346, -656.388000488, 445.46005249, -28.9146327972, 411.722473145, -180.920440674, 209.505233765, -1.98402106762], [363.227813721, 1715.11413574, 539.34576416, 316.207580566, 396.11819458, 20.5433483124, 262.28225708, -16.698217392, 139.715606689, -82.4642868042, 84.8525238037, -55.9988594055, 139.591125488], [-2052.79907227, 539.34576416, 1184.18322754, 139.69744873, 358.403289795, 207.101867676, 130.247695923, 95.9476013184, 7.47024440765, 9.07795143127, 5.01657629013, -5.01496171951, -16.2391738892], [1115.61853027, 316.207580566, 139.69744873, 318.553375244, 106.933181763, 73.5873794556, 32.0274543762, 15.8744306564, 38.4923248291, 15.8869199753, 20.707452774, -3.95317387581, 32.8455886841], [-840.074279785, 396.11819458, 358.403289795, 106.933181763, 279.533569336, 30.2847614288, 97.676322937, -14.4148445129, 29.9569149017, -0.486140489578, 13.9348964691, -9.25816726685, 20.455619812], [165.300079346, 20.5433483124, 207.101867676, 73.5873794556, 30.2847614288, 167.044464111, 25.0675201416, 74.592086792, 2.41547346115, 13.722442627, -0.684284567833, -8.10864925385, -10.1582651138], [-656.388000488, 262.28225708, 130.247695923, 32.0274543762, 97.676322937, 25.0675201416, 139.78793335, 6.39929580688, 46.8229064941, -25.4383449554, 29.3586063385, -20.4575634003, 15.5937299728], [445.46005249, -16.698217392, 95.9476013184, 15.8744306564, -14.4148445129, 74.592086792, 6.39929580688, 109.242446899, 13.7268066406, 22.7712364197, -6.06139659882, 10.4560556412, -15.4820594788], [-28.9146327972, 139.715606689, 7.47024440765, 38.4923248291, 29.9569149017, 2.41547346115, 46.8229064941, 13.7268066406, 67.0504837036, 5.497610569, 23.5656642914, -11.865945816, 15.2877588272], [411.722473145, -82.4642868042, 9.07795143127, 15.8869199753, -0.486140489578, 13.722442627, -25.4383449554, 22.7712364197, 5.497610569, 76.4724578857, 1.56385445595, 16.0656929016, -16.3909225464], [-180.920440674, 84.8525238037, 5.01657629013, 20.707452774, 13.9348964691, -0.684284567833, 29.3586063385, -6.06139659882, 23.5656642914, 1.56385445595, 60.2437820435, 6.17496347427, 17.3788414001], [209.505233765, -55.9988594055, -5.01496171951, -3.95317387581, -9.25816726685, -8.10864925385, -20.4575634003, 10.4560556412, -11.865945816, 16.0656929016, 6.17496347427, 48.1506729126, 4.16766881943], [-1.98402106762, 139.591125488, -16.2391738892, 32.8455886841, 20.455619812, -10.1582651138, 15.5937299728, -15.4820594788, 15.2877588272, -16.3909225464, 17.3788414001, 4.16766881943, 58.2649917603]], "icov": [[0.000174321627128, -0.000414093694417, 0.000491707527544, -0.000632295559626, 0.000390038010664, -0.000249203469139, 0.0005256763543, -0.000666808453389, 0.000458204827737, -0.000690540182404, 0.000613386626355, -0.000621704442892, 0.000540282111615], [-0.000414093694417, 0.0025297368411, -0.00158513127826, 0.000603040738497, -0.00175085710362, 0.00178307050373, -0.00224983762018, 0.000891540606972, -0.00175747310277, 0.00250664656051, -0.00190246978309, 0.00272442516871, -0.00355312018655], [0.000491707527544, -0.00158513127826, 0.0035183862783, -0.00128314271569, -0.00141325767618, -0.00263839913532, 0.00178019714076, -0.00288347387686, 0.00248085171916, -0.00168859085534, 0.00146722805221, -0.00232101627626, 0.00291432021186], [-0.000632295559626, 0.000603040738497, -0.00128314271569, 0.0074000088498, -0.00279769906774, -0.00231811963022, 4.270665886e-05, 0.00342795741744, -0.00350181711838, 0.00150544277858, -0.00230870395899, 0.00142673414666, -0.00258911889978], [0.000390038010664, -0.00175085710362, -0.00141325767618, -0.00279769906774, 0.010816866532, 0.00048023374984, -0.00299018598162, 0.00247273757122, 0.000673782837112, -0.00438366364688, 0.0038281371817, -0.00268623186275, 0.000775037682615], [-0.000249203469139, 0.00178307050373, -0.00263839913532, -0.00231811963022, 0.00048023374984, 0.0138873504475, -0.00334959360771, -0.00697784870863, 0.00353890075348, 0.000311596784741, -0.00246927840635, 0.00655939336866, -0.00298756128177], [0.0005256763543, -0.00224983762018, 0.00178019714076, 4.270665886e-05, -0.00299018598162, -0.00334959360771, 0.0175720881671, -0.00260981335305, -0.00600466830656, 0.00319649581797, -0.00249029835686, -0.000411521439673, 0.00419654976577], [-0.000666808453389, 0.000891540606972, -0.00288347387686, 0.00342795741744, 0.00247273757122, -0.00697784870863, -0.00260981335305, 0.0212530288845, -0.00931753125042, 0.000344382773619, 0.00228209560737, -0.00534738833085, 0.00160980748478], [0.000458204827737, -0.00175747310277, 0.00248085171916, -0.00350181711838, 0.000673782837112, 0.00353890075348, -0.00600466830656, -0.00931753125042, 0.0304946228862, -0.00800972152501, -0.00489887781441, 0.00719800917432, -0.00290488754399], [-0.000690540182404, 0.00250664656051, -0.00168859085534, 0.00150544277858, -0.00438366364688, 0.000311596784741, 0.00319649581797, 0.000344382773619, -0.00800972152501, 0.0222399681807, -0.00463654752821, -0.00273515447043, 0.003417824395], [0.000613386626355, -0.00190246978309, 0.00146722805221, -0.00230870395899, 0.0038281371817, -0.00246927840635, -0.00249029835686, 0.00228209560737, -0.00489887781441, -0.00463654752821, 0.0256365798414, -0.00899260304868, -0.00123477319721], [-0.000621704442892, 0.00272442516871, -0.00232101627626, 0.00142673414666, -0.00268623186275, 0.00655939336866, -0.000411521439673, -0.00534738833085, 0.00719800917432, -0.00273515447043, -0.00899260304868, 0.0327571742237, -0.00954254623502], [0.000540282111615, -0.00355312018655, 0.00291432021186, -0.00258911889978, 0.000775037682615, -0.00298756128177, 0.00419654976577, 0.00160980748478, -0.00290488754399, 0.003417824395, -0.00123477319721, -0.00954254623502, 0.0292519368231]]}, "melbands": {"dmean": [0.00207998580299, 0.00176910182927, 0.000515516963787, 0.000835129350889, 0.000316733785439, 0.000154430919793, 0.000180802191608, 0.000244515715167, 0.000191931583686, 0.000218597444473, 0.000199156522285, 0.000107067229692, 7.36337606213e-05, 5.15919200552e-05, 2.29943707382e-05, 1.38487912409e-05, 2.58347608906e-05, 2.35046809394e-05, 1.15399316201e-05, 1.5583993445e-05, 2.08419223782e-05, 1.93718442461e-05, 1.63104868989e-05, 6.08413893133e-06, 3.72749559574e-06, 5.97322923568e-06, 4.1146267904e-06, 3.2637753975e-06, 2.34714366343e-06, 3.24602046931e-06, 2.92588038064e-06, 1.96493579097e-06, 6.97391214999e-07, 5.86830083193e-07, 4.6116437602e-07, 4.00441621196e-07, 3.42410686471e-07, 1.91438402908e-07, 1.16498306113e-07, 1.10582703883e-07], "dmean2": [0.00322675029747, 0.00283512636088, 0.000811565143522, 0.00147200631909, 0.000546367780771, 0.000265157024842, 0.000318258127663, 0.000428737403126, 0.000319362938171, 0.000378162687412, 0.000354396179318, 0.000184142481885, 0.000126970975543, 8.80926600075e-05, 3.73128495994e-05, 2.24968771363e-05, 4.29305255238e-05, 3.70817178919e-05, 1.79146773007e-05, 2.50649754889e-05, 3.33380376105e-05, 3.08678863803e-05, 2.59463340626e-05, 9.86727991403e-06, 6.13546171735e-06, 9.38648918236e-06, 6.48477089271e-06, 5.23109747519e-06, 3.65894288734e-06, 5.18055412613e-06, 4.82413815917e-06, 3.17360081681e-06, 1.04073865259e-06, 8.72919201811e-07, 7.3518890531e-07, 5.37402797818e-07, 4.7305641715e-07, 2.70801990609e-07, 1.76802387841e-07, 1.59287154133e-07], "dvar": [1.05647268356e-05, 1.43408005897e-05, 7.2751248581e-07, 2.12660575016e-06, 3.38618804108e-07, 1.38677123118e-07, 2.14172771962e-07, 2.43798922384e-07, 1.54765771754e-07, 1.85751360959e-07, 1.92539999944e-07, 4.43710277409e-08, 2.08312069816e-08, 7.97430477206e-09, 8.98695673435e-10, 3.65401292557e-10, 1.6170723649e-09, 1.6878096698e-09, 4.60104232491e-10, 1.00609232057e-09, 1.26383103982e-09, 8.91887508292e-10, 9.23317367008e-10, 7.11109851559e-11, 5.26165881698e-11, 1.24483187647e-10, 5.24110720102e-11, 4.55073062566e-11, 2.32527243987e-11, 3.17512995063e-11, 3.3803924937e-11, 2.43305740139e-11, 1.969774387e-12, 2.3527208827e-12, 1.40155758093e-12, 7.84108563669e-13, 5.39300483611e-13, 2.05110342773e-13, 6.04939750094e-14, 6.5176969453e-14], "dvar2": [1.94680906134e-05, 3.46272536262e-05, 1.64216612575e-06, 6.25247321295e-06, 9.29888926748e-07, 3.88046998978e-07, 6.13318491105e-07, 6.75314822729e-07, 3.73179432245e-07, 4.74860939903e-07, 5.40795156212e-07, 1.21777503637e-07, 5.952977844e-08, 2.22859473098e-08, 2.17345097475e-09, 9.65261981456e-10, 4.41636727189e-09, 3.82964593371e-09, 1.05968922526e-09, 2.68432320816e-09, 3.20508042329e-09, 2.11726880472e-09, 2.25387064567e-09, 1.90273671818e-10, 1.45010822794e-10, 2.89139601151e-10, 1.22967164229e-10, 1.06989403448e-10, 4.54506779435e-11, 7.53586776314e-11, 9.53450027263e-11, 6.56674783994e-11, 3.49366000539e-12, 4.5227363521e-12, 3.48593918488e-12, 1.12440297958e-12, 9.28616450228e-13, 3.51522711764e-13, 1.32463321995e-13, 1.32506175086e-13], "max": [0.0389524362981, 0.0436783209443, 0.00991430692375, 0.0123321758583, 0.00650356663391, 0.00466246204451, 0.00460124760866, 0.00476523302495, 0.00435472838581, 0.00574997579679, 0.00449886405841, 0.00204797857441, 0.0014311223058, 0.00112018070649, 0.000422505137976, 0.000244063397986, 0.00063791195862, 0.000547446717974, 0.000276417762507, 0.000437619979493, 0.000540678796824, 0.00042265036609, 0.000443279452156, 9.43433988141e-05, 9.75580405793e-05, 0.000147611062857, 7.71150225773e-05, 8.35568207549e-05, 6.41667647869e-05, 7.92014980107e-05, 7.57121451898e-05, 6.05750647082e-05, 2.21581412916e-05, 2.25381136261e-05, 1.57687645697e-05, 1.23282643472e-05, 1.05868084574e-05, 6.85750001139e-06, 2.64578807219e-06, 3.44278919329e-06], "mean": [0.00468892231584, 0.00322119193152, 0.00100803305395, 0.00138345081359, 0.000514874351211, 0.000255106686382, 0.000227622338571, 0.000285177899059, 0.000247274205321, 0.000274805352092, 0.000243238318944, 0.000151529282448, 9.74339200184e-05, 7.7006596257e-05, 3.99747405027e-05, 2.3224250981e-05, 4.14525857195e-05, 4.78920665046e-05, 2.32719849009e-05, 2.33310965996e-05, 3.55930897058e-05, 3.49132496922e-05, 2.77661547443e-05, 1.06752077045e-05, 6.22225434199e-06, 1.08342173917e-05, 7.68261634221e-06, 5.92722517467e-06, 4.80068683828e-06, 6.33273612038e-06, 5.51663106307e-06, 3.35832919518e-06, 1.39672772548e-06, 1.04224704955e-06, 7.62759441386e-07, 6.97010307249e-07, 5.62199716114e-07, 3.35031558052e-07, 2.0701223491e-07, 1.70860502635e-07], "median": [0.00329051399603, 0.00230529438704, 0.000714555033483, 0.000925726257265, 0.000313901895424, 0.000123100937344, 0.00010692296928, 0.00011782515503, 0.000111258712423, 0.000132549670525, 0.000119402124255, 7.30664323783e-05, 5.65406880924e-05, 4.73275140394e-05, 2.72833185591e-05, 1.59237570188e-05, 2.3230944862e-05, 2.07084831345e-05, 9.49012155615e-06, 1.26947916215e-05, 2.29791730817e-05, 2.37793792621e-05, 1.47451728481e-05, 7.74179261498e-06, 3.66775884686e-06, 4.98877307109e-06, 4.4325156523e-06, 2.49675895247e-06, 2.32921183851e-06, 3.72340264221e-06, 3.23344056596e-06, 1.5355387859e-06, 5.47735851342e-07, 2.50195682838e-07, 2.40185642042e-07, 2.1417406515e-07, 2.0095174591e-07, 1.16973595254e-07, 6.90318913144e-08, 3.81198219657e-08], "min": [2.54228807167e-24, 4.30410398498e-24, 9.38740769567e-24, 1.20303615186e-24, 4.77252643505e-24, 4.67494315779e-24, 8.37738174706e-24, 6.89019119182e-24, 1.03562338058e-23, 7.18800748279e-24, 6.95969693732e-24, 5.60583097481e-24, 8.17748360481e-24, 5.49384073083e-24, 6.69540329052e-24, 6.91705032792e-24, 8.92277887768e-24, 6.81256727875e-24, 8.72531200475e-24, 1.24962903793e-23, 1.52487617617e-23, 9.88671405018e-24, 6.57151505194e-24, 6.34372318252e-24, 7.54369303204e-24, 7.91982664481e-24, 1.19597608342e-23, 8.99427886355e-24, 7.25075426805e-24, 6.69786374769e-24, 1.08795712301e-23, 8.22379447312e-24, 1.15122589753e-23, 7.70963229003e-24, 6.8547871144e-24, 1.07804974001e-23, 6.23354810748e-24, 7.84453144913e-24, 1.15028652196e-23, 1.1593321533e-23], "var": [3.07008376694e-05, 1.85721874004e-05, 1.12393479412e-06, 2.32529509958e-06, 4.32754632129e-07, 1.89045906041e-07, 1.61458785897e-07, 2.26148969773e-07, 1.90020898572e-07, 2.07781056361e-07, 1.61270705235e-07, 5.47696465958e-08, 1.83150969946e-08, 9.01717456259e-09, 1.80496662061e-09, 6.12861317251e-10, 3.79412989915e-09, 5.63437918544e-09, 1.41721678837e-09, 1.30628030615e-09, 2.04390526726e-09, 1.55576584948e-09, 1.79088610608e-09, 1.12437552324e-10, 7.80380760013e-11, 2.90587665042e-10, 1.0535964462e-10, 1.08542876076e-10, 6.60937762853e-11, 6.4667118882e-11, 6.16156015099e-11, 4.0660474987e-11, 6.55621347143e-12, 6.50131988175e-12, 2.84704703389e-12, 2.42713358092e-12, 1.33555362949e-12, 4.74588250643e-13, 1.34813479282e-13, 1.39590284319e-13]}, "mfcc": {"mean": [-650.47442627, 139.397079468, -9.24105358124, 36.0954475403, -1.02714216709, 12.5122642517, 4.63467693329, 12.097741127, 12.7491598129, 0.437089681625, -2.36108231544, 5.70606088638, -6.68802642822], "cov": [[13890.1103516, 1932.78918457, -455.03125, 376.724151611, -303.415649414, -60.7664794922, -321.487335205, -76.813835144, 97.3176269531, -47.888130188, -93.4410629272, 90.6367111206, -88.0348815918], [1932.78918457, 1510.30603027, 1.20262038708, 371.79397583, 38.2229042053, 70.4633636475, 28.2122859955, 62.2066078186, 81.2928314209, -51.7452392578, -2.38567066193, 64.6340332031, -118.614135742], [-455.03125, 1.20262038708, 586.955200195, 68.9016952515, 206.607040405, 70.0990371704, 117.815048218, 77.4823074341, 32.5277900696, 43.3272743225, 22.6446208954, 9.11800575256, 12.1368274689], [376.724151611, 371.79397583, 68.9016952515, 294.437561035, 93.6853637695, 95.2320632935, 18.4961853027, 14.1141824722, 22.4033298492, -16.9835605621, 5.31081771851, 22.5819511414, -29.4588451385], [-303.415649414, 38.2229042053, 206.607040405, 93.6853637695, 182.049224854, 69.667930603, 57.110496521, 15.7197961807, 22.3999252319, 8.11847686768, 9.83024597168, 2.42692160606, 3.34299945831], [-60.7664794922, 70.4633636475, 70.0990371704, 95.2320632935, 69.667930603, 107.728981018, 39.9237060547, 14.0937185287, 12.2651290894, 16.5806331635, 8.43141174316, -0.336329221725, -2.16667127609], [-321.487335205, 28.2122859955, 117.815048218, 18.4961853027, 57.110496521, 39.9237060547, 85.9993057251, 41.5780754089, 14.6160306931, 13.9427585602, 16.0011901855, 8.42651462555, 0.0403539650142], [-76.813835144, 62.2066078186, 77.4823074341, 14.1141824722, 15.7197961807, 14.0937185287, 41.5780754089, 85.7938995361, 24.1549739838, 9.80954647064, 9.24534988403, 17.5972290039, -4.03485631943], [97.3176269531, 81.2928314209, 32.5277900696, 22.4033298492, 22.3999252319, 12.2651290894, 14.6160306931, 24.1549739838, 57.9294319153, 15.8901319504, 7.33852863312, 5.09783744812, -4.57405042648], [-47.888130188, -51.7452392578, 43.3272743225, -16.9835605621, 8.11847686768, 16.5806331635, 13.9427585602, 9.80954647064, 15.8901319504, 57.6670341492, 17.7112197876, -3.1794500351, 7.15234041214], [-93.4410629272, -2.38567066193, 22.6446208954, 5.31081771851, 9.83024597168, 8.43141174316, 16.0011901855, 9.24534988403, 7.33852863312, 17.7112197876, 54.6834068298, 20.63671875, 2.29470133781], [90.6367111206, 64.6340332031, 9.11800575256, 22.5819511414, 2.42692160606, -0.336329221725, 8.42651462555, 17.5972290039, 5.09783744812, -3.1794500351, 20.63671875, 68.0390319824, 2.83961224556], [-88.0348815918, -118.614135742, 12.1368274689, -29.4588451385, 3.34299945831, -2.16667127609, 0.0403539650142, -4.03485631943, -4.57405042648, 7.15234041214, 2.29470133781, 2.83961224556, 56.0282173157]], "icov": [[0.000106268133095, -0.000153223591042, -4.53010470665e-05, -4.62003254142e-06, 0.000162819065736, -5.73738834646e-05, 0.000420135591412, 6.70801819069e-05, -0.000104271821328, -0.000137760434882, 0.000141740587424, -9.92685527308e-05, -0.000149128158228], [-0.000153223591042, 0.00150716828648, 9.00125160115e-05, -0.0015533916885, 0.00040022021858, 0.000468856538646, -0.00113793078344, -0.000221374546527, -0.00123755354434, 0.000849410600495, 0.000155574030941, -0.00053213123465, 0.00190399819985], [-4.53010470665e-05, 9.00125160115e-05, 0.00370714114979, -0.000154089924763, -0.00395565107465, 0.00146853120532, -0.00225573056377, -0.00199611880817, 0.001043909695, -0.00212523341179, 0.000375628791517, 0.000193509666133, -0.000282664346742], [-4.62003254142e-06, -0.0015533916885, -0.000154089924763, 0.00833529792726, -0.00258361967281, -0.00616107648239, 0.00343215721659, -0.000246424227953, 0.000164778961334, 0.00254463101737, -0.000775783963036, -0.00125514960382, 0.000799787405413], [0.000162819065736, 0.00040022021858, -0.00395565107465, -0.00258361967281, 0.013836896047, -0.00380083639175, -0.00271243974566, 0.00399821996689, -0.00404652953148, 0.00305667473003, -3.92268084397e-05, 7.14861307642e-05, -0.000803710252512], [-5.73738834646e-05, 0.000468856538646, 0.00146853120532, -0.00616107648239, -0.00380083639175, 0.0192172266543, -0.00703857513145, -3.35134086527e-06, 0.00155567005277, -0.0062961471267, 0.00082116673002, 0.00195921910927, -0.000882504100446], [0.000420135591412, -0.00113793078344, -0.00225573056377, 0.00343215721659, -0.00271243974566, -0.00703857513145, 0.0251699034125, -0.00763437477872, 0.00051945168525, 0.000503550167195, -0.00331156305037, -0.000407286017435, 4.43220869784e-07], [6.70801819069e-05, -0.000221374546527, -0.00199611880817, -0.000246424227953, 0.00399821996689, -3.35134086527e-06, -0.00763437477872, 0.0189677961171, -0.00599550548941, 0.000315418699756, 0.00129295000806, -0.00358885806054, 0.00067155144643], [-0.000104271821328, -0.00123755354434, 0.001043909695, 0.000164778961334, -0.00404652953148, 0.00155567005277, 0.00051945168525, -0.00599550548941, 0.0241268537939, -0.00736033404246, -0.000462746364065, 0.000753811327741, -0.000163807693752], [-0.000137760434882, 0.000849410600495, -0.00212523341179, 0.00254463101737, 0.00305667473003, -0.0062961471267, 0.000503550167195, 0.000315418699756, -0.00736033404246, 0.0262249838561, -0.00784515030682, 0.00272213784046, -0.000788745877799], [0.000141740587424, 0.000155574030941, 0.000375628791517, -0.000775783963036, -3.92268084397e-05, 0.00082116673002, -0.00331156305037, 0.00129295000806, -0.000462746364065, -0.00784515030682, 0.0246392209083, -0.00787624903023, 0.000546153169125], [-9.92685527308e-05, -0.00053213123465, 0.000193509666133, -0.00125514960382, 7.14861307642e-05, 0.00195921910927, -0.000407286017435, -0.00358885806054, 0.000753811327741, 0.00272213784046, -0.00787624903023, 0.0193011648953, -0.00311263138428], [-0.000149128158228, 0.00190399819985, -0.000282664346742, 0.000799787405413, -0.000803710252512, -0.000882504100446, 4.43220869784e-07, 0.00067155144643, -0.000163807693752, -0.000788745877799, 0.000546153169125, -0.00311263138428, 0.0224113129079]]}, "spectral_contrast_coeffs": {"dmean": [0.0467223785818, 0.0455670319498, 0.0384580008686, 0.0286657400429, 0.0228514317423, 0.0210924167186], "dmean2": [0.078645683825, 0.0768293365836, 0.065832041204, 0.0467005185783, 0.036109033972, 0.0334714353085], "dvar": [0.00155245093629, 0.00125428382307, 0.000979229691438, 0.000558517640457, 0.000410270964494, 0.000418437324697], "dvar2": [0.00436406955123, 0.00352891138755, 0.00272449734621, 0.00141219876241, 0.000908727699425, 0.00104643194936], "max": [-0.410261869431, -0.513904452324, -0.572510480881, -0.592587888241, -0.587547719479, -0.568577468395], "mean": [-0.677748560905, -0.764123857021, -0.789455831051, -0.793158233166, -0.777839362621, -0.70845746994], "median": [-0.678525149822, -0.765010714531, -0.789558947086, -0.794798374176, -0.779730558395, -0.706412494183], "min": [-0.967741727829, -0.960674583912, -0.967338442802, -0.960246682167, -0.962276995182, -0.960758388042], "var": [0.00475337170064, 0.00417004805058, 0.00265533383936, 0.00246572401375, 0.00256446446292, 0.00269441492856]}, "spectral_contrast_valleys": {"dmean": [0.321273237467, 0.433738678694, 0.398784577847, 0.323481380939, 0.301858216524, 0.321938872337], "dmean2": [0.53194797039, 0.683102369308, 0.635639607906, 0.467209398746, 0.440802246332, 0.425894200802], "dvar": [0.129934832454, 0.210192769766, 0.1959862113, 0.153374627233, 0.179502904415, 0.232234910131], "dvar2": [0.226223856211, 0.368363440037, 0.339177280664, 0.202821224928, 0.248521924019, 0.324781924486], "max": [-5.21113872528, -4.31208324432, -4.36519956589,