{"lowlevel": {"average_loudness": 0.77005392313, "barkbands_crest": {"dmean": 1.61160135269, "dmean2": 2.4994020462, "dvar": 2.42231941223, "dvar2": 6.54635238647, "max": 24.8332557678, "mean": 11.3410186768, "median": 10.6812591553, "min": 3.60450172424, "var": 13.7279644012}, "barkbands_flatness_db": {"dmean": 0.0131372911856, "dmean2": 0.0208288580179, "dvar": 0.000181815747055, "dvar2": 0.000443835830083, "max": 0.457650929689, "mean": 0.322497159243, "median": 0.335049629211, "min": 0.0396861284971, "var": 0.0042918571271}, "barkbands_kurtosis": {"dmean": 1.90046167374, "dmean2": 2.82274341583, "dvar": 49.6346054077, "dvar2": 95.0492172241, "max": 247.85269165, "mean": 4.09317779541, "median": 2.20353055, "min": -1.76673650742, "var": 154.248901367}, "barkbands_skewness": {"dmean": 0.318161129951, "dmean2": 0.473691493273, "dvar": 0.138765051961, "dvar2": 0.281511723995, "max": 12.8643951416, "mean": 1.10971927643, "median": 1.02399861813, "min": -1.85415232182, "var": 1.09220921993}, "barkbands_spread": {"dmean": 1.29810547829, "dmean2": 2.03098630905, "dvar": 7.77568483353, "dvar2": 20.1054840088, "max": 112.802383423, "mean": 7.45395708084, "median": 5.39421844482, "min": 0.399991959333, "var": 92.9710922241}, "dissonance": {"dmean": 0.034748904407, "dmean2": 0.05734635517, "dvar": 0.000926653097849, "dvar2": 0.00254334858619, "max": 0.499636888504, "mean": 0.353575646877, "median": 0.35825741291, "min": 0.0667476207018, "var": 0.00361478282139}, "dynamic_complexity": 5.81127738953, "erbbands_crest": {"dmean": 2.18541669846, "dmean2": 3.1721303463, "dvar": 5.11147022247, "dvar2": 11.7021436691, "max": 32.5760307312, "mean": 12.9344501495, "median": 11.7737941742, "min": 2.75277900696, "var": 28.8074531555}, "erbbands_flatness_db": {"dmean": 0.0111941033974, "dmean2": 0.0166277065873, "dvar": 0.000140162868774, "dvar2": 0.000297353573842, "max": 0.463947147131, "mean": 0.336793124676, "median": 0.345435976982, "min": 0.0651586130261, "var": 0.00317450286821}, "erbbands_kurtosis": {"dmean": 1.17012071609, "dmean2": 1.70500588417, "dvar": 16.4814033508, "dvar2": 36.4039726257, "max": 135.008285522, "mean": 1.38262009621, "median": 0.396614909172, "min": -1.59383094311, "var": 33.0790290833}, "erbbands_skewness": {"dmean": 0.305937618017, "dmean2": 0.444887816906, "dvar": 0.120436102152, "dvar2": 0.24764354527, "max": 9.29996299744, "mean": 0.713681459427, "median": 0.687871575356, "min": -2.94709277153, "var": 0.690817475319}, "erbbands_spread": {"dmean": 2.20905041695, "dmean2": 3.2196700573, "dvar": 5.25246047974, "dvar2": 11.117893219, "max": 82.7378845215, "mean": 14.5052223206, "median": 13.1285514832, "min": 1.02273714542, "var": 63.0119743347}, "hfc": {"dmean": 2.10198020935, "dmean2": 2.84281659126, "dvar": 31.8475341797, "dvar2": 50.337726593, "max": 209.625030518, "mean": 9.54353237152, "median": 6.03025054932, "min": 1.21925429674e-16, "var": 150.065795898}, "melbands_crest": {"dmean": 1.90808951855, "dmean2": 2.94412565231, "dvar": 3.36318874359, "dvar2": 8.9590139389, "max": 31.0037002563, "mean": 13.457195282, "median": 12.4751205444, "min": 1.98864388466, "var": 20.192943573}, "melbands_flatness_db": {"dmean": 0.0142906866968, "dmean2": 0.0230158288032, "dvar": 0.000255231861956, "dvar2": 0.00057860231027, "max": 0.619632661343, "mean": 0.436400085688, "median": 0.459550619125, "min": 0.00482900300995, "var": 0.00904228072613}, "melbands_kurtosis": {"dmean": 2.19316458702, "dmean2": 3.22805523872, "dvar": 35.2053146362, "dvar2": 71.237449646, "max": 211.673492432, "mean": 5.44653367996, "median": 3.60009407997, "min": -1.66303169727, "var": 109.478263855}, "melbands_skewness": {"dmean": 0.331002444029, "dmean2": 0.486503571272, "dvar": 0.116990335286, "dvar2": 0.255693763494, "max": 8.69699764252, "mean": 1.46371662617, "median": 1.3782556057, "min": -1.15514600277, "var": 0.79012465477}, "melbands_spread": {"dmean": 1.69106411934, "dmean2": 2.52508020401, "dvar": 9.67360115051, "dvar2": 18.1545734406, "max": 175.896606445, "mean": 10.926943779, "median": 7.27294826508, "min": 0.580274403095, "var": 358.625488281}, "pitch_salience": {"dmean": 0.0454491786659, "dmean2": 0.0711737126112, "dvar": 0.00183308473788, "dvar2": 0.00480354810134, "max": 0.892460763454, "mean": 0.525560975075, "median": 0.526567101479, "min": 0.132727831602, "var": 0.0113872168586}, "silence_rate_20dB": {"dmean": 0, "dmean2": 0, "dvar": 0, "dvar2": 0, "max": 1, "mean": 1, "median": 1, "min": 1, "var": 0}, "silence_rate_30dB": {"dmean": 0.0069952304475, "dmean2": 0.0139949107543, "dvar": 0.00694652181119, "dvar2": 0.0157070662826, "max": 1, "mean": 0.991099834442, "median": 1, "min": 0, "var": 0.00882143434137}, "silence_rate_60dB": {"dmean": 0.0108108110726, "dmean2": 0.0216284990311, "dvar": 0.0106940884143, "dvar2": 0.0230690371245, "max": 1, "mean": 0.115702480078, "median": 0, "min": 0, "var": 0.102316856384}, "spectral_centroid": {"dmean": 45.5168571472, "dmean2": 65.8426055908, "dvar": 25953.1914062, "dvar2": 21507.8671875, "max": 10793.9355469, "mean": 543.129394531, "median": 441.285217285, "min": 187.223144531, "var": 245340.15625}, "spectral_complexity": {"dmean": 1.18728137016, "dmean2": 1.97900760174, "dvar": 1.49466836452, "dvar2": 3.56118702888, "max": 26, "mean": 9.88143634796, "median": 10, "min": 0, "var": 17.0543479919}, "spectral_decrease": {"dmean": 1.03713260202e-09, "dmean2": 1.47471113099e-09, "dvar": 3.36019128229e-18, "dvar2": 5.44446060561e-18, "max": 6.56111970832e-30, "mean": -5.65993252266e-09, "median": -4.27577973028e-09, "min": -4.46482211203e-08, "var": 2.86439047278e-17}, "spectral_energy": {"dmean": 0.00409017270431, "dmean2": 0.00580104067922, "dvar": 5.42161542398e-05, "dvar2": 8.71117299539e-05, "max": 0.187526211143, "mean": 0.022227499634, "median": 0.0167158953846, "min": 1.10342452514e-20, "var": 0.000448784732725}, "spectral_energyband_high": {"dmean": 5.42402858628e-06, "dmean2": 7.60312332204e-06, "dvar": 1.78916981231e-09, "dvar2": 3.81012643658e-09, "max": 0.00102884264197, "mean": 9.33030969463e-06, "median": 6.7987912189e-08, "min": 8.13720833023e-21, "var": 2.78987100089e-09}, "spectral_energyband_low": {"dmean": 0.00124545115978, "dmean2": 0.00221734587103, "dvar": 4.68037205792e-06, "dvar2": 1.60769759532e-05, "max": 0.0358847528696, "mean": 0.00377653725445, "median": 0.00243614148349, "min": 6.57281872347e-23, "var": 1.88917565538e-05}, "spectral_energyband_middle_high": {"dmean": 0.000988913001493, "dmean2": 0.0014026487479, "dvar": 1.31950519062e-05, "dvar2": 2.41495872615e-05, "max": 0.14508472383, "mean": 0.00258670328185, "median": 0.00113401073031, "min": 1.5530815823e-21, "var": 3.60149133485e-05}, "spectral_energyband_middle_low": {"dmean": 0.00305422651581, "dmean2": 0.00392601033673, "dvar": 3.15108445648e-05, "dvar2": 4.69886072096e-05, "max": 0.148603394628, "mean": 0.0167074128985, "median": 0.011569977738, "min": 4.09582135572e-22, "var": 0.000314645119943}, "spectral_entropy": {"dmean": 0.103691704571, "dmean2": 0.156920835376, "dvar": 0.0159867890179, "dvar2": 0.0352884531021, "max": 9.80971240997, "mean": 5.70864772797, "median": 5.59170246124, "min": 4.37432765961, "var": 0.376281142235}, "spectral_flux": {"dmean": 0.0112575525418, "dmean2": 0.0175937730819, "dvar": 0.000314950913889, "dvar2": 0.000730033905711, "max": 0.299419939518, "mean": 0.0377340950072, "median": 0.0331135243177, "min": 1.05044015153e-10, "var": 0.000729862018488}, "spectral_kurtosis": {"dmean": 25.4237155914, "dmean2": 44.0957794189, "dvar": 580.842285156, "dvar2": 1613.16186523, "max": 252.642776489, "mean": 91.4682769775, "median": 92.0426940918, "min": -1.16089093685, "var": 3271.27148438}, "spectral_rms": {"dmean": 0.00038863311056, "dmean2": 0.00055497570429, "dvar": 2.96069089245e-07, "dvar2": 5.14089322223e-07, "max": 0.0135259898379, "mean": 0.00415727682412, "median": 0.00403833994642, "min": 3.28102367324e-12, "var": 4.4023895498e-06}, "spectral_rolloff": {"dmean": 97.3338241577, "dmean2": 163.696884155, "dvar": 111329.28125, "dvar2": 127613.617188, "max": 18647.7539062, "mean": 918.154968262, "median": 495.263671875, "min": 107.666015625, "var": 5437433}, "spectral_skewness": {"dmean": 1.38774347305, "dmean2": 2.42914366722, "dvar": 1.45581269264, "dvar2": 4.12372398376, "max": 12.6356706619, "mean": 6.50811243057, "median": 6.68822956085, "min": 0.0290941465646, "var": 8.20045948029}, "spectral_spread": {"dmean": 259125.75, "dmean2": 445391.5, "dvar": 438630907904, "dvar2": 470879469568, "max": 39156772, "mean": 1324382.875, "median": 952111.625, "min": 355192.96875, "var": 2866813075460.0}, "spectral_strongpeak": {"dmean": 0.343941152096, "dmean2": 0.526511847973, "dvar": 0.485166311264, "dvar2": 0.904553592205, "max": 20.2416877747, "mean": 1.21272599697, "median": 0.823280036449, "min": 0, "var": 1.8952409029}, "zerocrossingrate": {"dmean": 0.00268997158855, "dmean2": 0.00348211009987, "dvar": 7.64923097449e-05, "dvar2": 8.62537999637e-05, "max": 0.50146484375, "mean": 0.0298276823014, "median": 0.0205078125, "min": 0.00390625, "var": 0.00268856645562}, "barkbands": {"dmean": [1.40892989293e-05, 0.000794074207079, 0.00050605693832, 0.000296135345707, 0.000928652880248, 0.00128434109502, 0.000962854654063, 0.00039613500121, 0.000406231440138, 0.000537830055691, 0.000156190915732, 0.000262100831605, 0.000293066172162, 8.75663317856e-05, 5.33295606147e-05, 2.94852361549e-05, 2.69027987088e-05, 1.70647963387e-05, 1.34443880597e-05, 4.74928037875e-06, 2.15848763219e-06, 9.34195327318e-07, 8.78309904806e-08, 1.12445937006e-08, 3.45452089157e-09, 1.87493509607e-09, 1.69697145225e-09], "dmean2": [2.31437734328e-05, 0.00143208063673, 0.000868336472195, 0.000468290731078, 0.0011809883872, 0.00172395328991, 0.00117693911307, 0.000518247950822, 0.000524392584339, 0.000707893341314, 0.000222026807023, 0.000411143439123, 0.000416289723944, 0.000124987855088, 8.51471049828e-05, 4.74428052257e-05, 4.32026499766e-05, 2.80403382931e-05, 2.03979889193e-05, 7.10065114617e-06, 3.02092666971e-06, 1.52453981173e-06, 1.32241765982e-07, 1.81149335532e-08, 5.59527890687e-09, 3.17793613647e-09, 2.95365731873e-09], "dvar": [5.75859415708e-10, 3.3350445392e-06, 7.95150469912e-07, 3.21524026958e-07, 2.57604779108e-06, 8.74480247148e-06, 6.28454972684e-06, 1.60801982929e-06, 1.55709744831e-06, 5.07723143528e-06, 6.36824950107e-07, 2.02853789233e-06, 6.62633146931e-06, 2.76318104397e-07, 3.15114867533e-08, 1.01539781028e-08, 1.18817720107e-08, 1.5403385234e-08, 5.87555337717e-09, 1.41491041106e-09, 4.61220284187e-10, 1.40721934105e-10, 4.84518783601e-13, 4.80156846832e-15, 4.63601143186e-16, 2.14886236844e-17, 7.48063103068e-18], "dvar2": [1.67875768842e-09, 1.2077752217e-05, 2.63782567345e-06, 7.52455093789e-07, 5.23502103533e-06, 1.42240960486e-05, 9.91408978734e-06, 2.52698851e-06, 2.56349494521e-06, 9.83165045909e-06, 1.41145517318e-06, 5.67903862247e-06, 8.97557129065e-06, 5.71876910271e-07, 5.86261457158e-08, 2.38563497845e-08, 2.82360748116e-08, 4.28100719319e-08, 9.884045582e-09, 3.16178083715e-09, 8.15251421926e-10, 3.69671765421e-10, 1.22995905995e-12, 1.21836778676e-14, 1.02122093181e-15, 5.44696878267e-17, 2.14206923037e-17], "max": [0.00048775356845, 0.0199284441769, 0.0196191649884, 0.0217459611595, 0.0429500453174, 0.101396225393, 0.0790552794933, 0.0415091440082, 0.0505292266607, 0.0683345273137, 0.0270751193166, 0.0506192520261, 0.143553376198, 0.0168066713959, 0.00739440089092, 0.00313435075805, 0.00294307083823, 0.00519104581326, 0.00246635871008, 0.00164765224326, 0.000633537361864, 0.000329281698214, 1.60795243573e-05, 2.1945811568e-06, 6.31637192328e-07, 1.54976632416e-07, 8.29916046996e-08], "mean": [3.51238049916e-05, 0.0018786577275, 0.00135777588002, 0.000941279751714, 0.00424991734326, 0.00537213124335, 0.00327283423394, 0.00102535786573, 0.00108933681622, 0.00124471599702, 0.000360842910595, 0.000464985874714, 0.000513281032909, 0.000151763058966, 9.99897674774e-05, 5.89906703681e-05, 4.71065868624e-05, 2.78327097476e-05, 2.32500933635e-05, 7.52703135731e-06, 3.64006564268e-06, 1.0153552239e-06, 1.28397289245e-07, 2.0814463042e-08, 9.43428091205e-09, 7.98815324998e-09, 5.80983350318e-09], "median": [7.71103805164e-06, 0.000902743369807, 0.000691755965818, 0.000526116695255, 0.00267175654881, 0.00204917183146, 0.00118987285532, 0.00021062711312, 0.000223332186579, 0.00029646983603, 0.000105855076981, 0.000119488307973, 4.0474562411e-05, 2.38787506532e-05, 1.99633577722e-05, 7.97982283984e-06, 6.74104740028e-06, 3.03701494886e-06, 6.13643180714e-07, 2.51351188751e-08, 1.34800952623e-08, 6.56039755853e-09, 5.38337641132e-09, 5.33661603797e-09, 6.43772057884e-09, 7.42689465483e-09, 5.18413978412e-09], "min": [1.31649375601e-23, 3.11363651726e-23, 1.66939028753e-23, 1.51905895809e-23, 4.11346312546e-23, 5.90757547754e-23, 7.84555113074e-23, 8.45315325695e-23, 8.14478879128e-23, 1.60937015265e-22, 5.93387357577e-23, 1.21482686138e-22, 1.27486435119e-22, 7.85853325688e-23, 5.18471446218e-23, 1.60043545093e-22, 2.80959967941e-22, 1.16808035253e-22, 2.56362830532e-22, 3.55766372783e-22, 3.70724488211e-22, 6.25545139849e-22, 6.01816456256e-22, 8.95722502554e-22, 1.26419652837e-21, 1.9136245899e-21, 2.38615070703e-21], "var": [4.3321719545e-09, 6.3653228608e-06, 3.84079066862e-06, 2.15304498852e-06, 2.46576018981e-05, 8.49902571645e-05, 3.72045142285e-05, 8.50164906296e-06, 9.51880701905e-06, 2.05107826332e-05, 1.17409024369e-06, 1.89853597021e-06, 1.95410048036e-05, 4.90293587063e-07, 9.34044024348e-08, 2.8152699727e-08, 2.46421656414e-08, 1.81661388154e-08, 1.73019145677e-08, 2.0745158924e-09, 8.50982673217e-10, 1.09017565808e-10, 6.60764140886e-13, 5.59546619176e-15, 5.98204948779e-16, 3.7495776221e-17, 1.50909375116e-17]}, "erbbands": {"dmean": [0.0157094076276, 0.20474973321, 0.532183945179, 0.873653769493, 1.94208037853, 3.12287163734, 7.39070367813, 9.06518745422, 18.1534843445, 6.86021900177, 11.1425714493, 10.7050228119, 13.6183834076, 11.8966522217, 5.75813102722, 14.034034729, 14.4940681458, 5.76998901367, 2.72060418129, 3.01402711868, 1.46512937546, 0.994705498219, 1.14318680763, 0.721673548222, 0.474268198013, 0.292686015368, 0.0970030352473, 0.0657334551215, 0.0502206161618, 0.00596309732646, 0.0022301885765, 0.000443439988885, 0.000126398648717, 5.21189140272e-05, 2.10816015169e-05, 9.09879872779e-06, 4.0842173803e-06, 1.50632422447e-06, 2.00745080292e-06, 4.60890260001e-06], "dmean2": [0.0285198166966, 0.36845189333, 0.93234795332, 1.44489336014, 2.20659613609, 4.09603214264, 11.7094430923, 11.068230629, 21.7417049408, 7.97444105148, 14.6517686844, 13.6154060364, 16.4508419037, 17.664484024, 8.15696907043, 21.7837314606, 20.5183944702, 8.32326412201, 4.16538095474, 4.84502983093, 2.34903240204, 1.55086636543, 1.83785510063, 1.12935912609, 0.72976577282, 0.433044433594, 0.136979132891, 0.0938304364681, 0.0817537009716, 0.00939103215933, 0.00342267705128, 0.000704657344613, 0.000211379374377, 8.26061223052e-05, 3.44325817423e-05, 1.48859935507e-05, 6.53314828014e-06, 2.48679361903e-06, 2.81558891402e-06, 6.52224753139e-06], "dvar": [0.00126015790738, 0.219669520855, 1.04704618454, 2.51932263374, 13.7288188934, 35.6692504883, 313.609863281, 548.194946289, 2289.95483398, 973.359069824, 1187.44799805, 1143.44836426, 4116.73974609, 3712.90820312, 758.177124023, 5214.42285156, 15837.0263672, 689.925292969, 218.12336731, 162.889862061, 18.8677444458, 14.6964302063, 33.0587234497, 34.1972007751, 4.68035650253, 6.46249389648, 0.484137952328, 0.41712230444, 0.469117194414, 0.00251845782623, 0.000330718612531, 1.01733494375e-05, 7.11214170224e-07, 1.33391466761e-07, 1.09044648866e-08, 7.66584518086e-10, 8.00506327892e-11, 1.47291120273e-11, 1.41536912399e-11, 7.22537030207e-11], "dvar2": [0.00454652262852, 0.792013943195, 3.5324318409, 6.37639141083, 24.3403358459, 69.9344100952, 948.459899902, 686.131652832, 3599.52636719, 1131.32080078, 1894.27868652, 1882.8885498, 5599.8828125, 9342.08105469, 1734.92541504, 14230.2705078, 21230.5195312, 1279.53491211, 498.951507568, 301.125488281, 44.2964630127, 33.9343261719, 88.8944778442, 66.0158615112, 9.50451278687, 14.3515367508, 0.872840881348, 0.793088972569, 1.23659837246, 0.0067809545435, 0.000797814165708, 2.47089883487e-05, 1.85228032024e-06, 2.97752876577e-07, 2.57544083837e-08, 1.95759408683e-09, 1.62680785509e-10, 3.86179942191e-11, 2.16009172355e-11, 1.14997192324e-10], "max": [0.3959890306, 5.51303577423, 21.3375434875, 58.0078086853, 114.52898407, 201.893325806, 438.432220459, 892.414733887, 1308.49694824, 1963.58203125, 1140.00952148, 1395.16418457, 2669.2824707, 1807.80944824, 933.514953613, 2490.40136719, 7177.55859375, 744.458129883, 675.498535156, 591.196716309, 107.595481873, 100.770973206, 205.389709473, 175.60748291, 79.1385879517, 112.53855896, 18.6691951752, 18.7514858246, 19.3181381226, 1.35662007332, 0.451240628958, 0.0730053260922, 0.0186007730663, 0.0110801095143, 0.00285087479278, 0.00104059604928, 0.000301762425806, 0.000156969937962, 0.00010767391359, 0.000227522003115], "mean": [0.0448489487171, 0.460854887962, 1.48146569729, 2.718552351, 9.38211631775, 14.7047204971, 25.3226699829, 38.4221954346, 65.5400085449, 22.4727649689, 29.5633296967, 29.9548683167, 38.4148139954, 23.1656761169, 13.7479372025, 24.3928146362, 26.4790649414, 10.5655765533, 5.02432775497, 5.53689908981, 3.21385192871, 1.9345908165, 1.99505853653, 1.38038384914, 0.727088034153, 0.483327001333, 0.174257680774, 0.109244279563, 0.0528606846929, 0.00910643488169, 0.00293296994641, 0.000729815626983, 0.000262582820142, 0.000136820119224, 7.34399363864e-05, 4.25456019002e-05, 2.15218205994e-05, 6.80787752572e-06, 1.15705706776e-05, 2.49617842201e-05], "median": [0.015796681866, 0.223145127296, 0.736405551434, 1.73376441002, 4.83258104324, 7.70717573166, 8.46541118622, 14.9282932281, 22.141254425, 7.16312789917, 7.11252832413, 6.39739322662, 8.56567764282, 7.92684078217, 5.32522296906, 6.67723560333, 3.38777256012, 2.03905129433, 1.34529209137, 0.934652924538, 0.669215679169, 0.357911258936, 0.231577336788, 0.0690748691559, 0.0161287821829, 0.00271243602037, 0.00084370712284, 0.000460048380774, 0.00026415445609, 0.000200198992388, 0.000156058566063, 0.000122863420984, 0.000103210521047, 8.05789895821e-05, 5.74220212002e-05, 3.66729364032e-05, 1.90553510038e-05, 6.01970987191e-06, 8.8146998678e-06, 1.8728471332e-05], "min": [1.8473992499e-21, 3.23083741787e-21, 1.25626011814e-20, 4.42386789845e-20, 1.39959037192e-19, 8.83877639689e-20, 2.78230083097e-19, 4.45789759186e-19, 1.12339988357e-18, 1.36368085887e-18, 2.46102134782e-18, 1.647377029e-18, 2.97041219712e-18, 5.31936690876e-18, 3.17805665796e-18, 5.14539180078e-18, 5.84277454034e-18, 4.2248894987e-18, 3.18327141133e-18, 3.17627511771e-18, 1.1234465986e-17, 1.50144812076e-17, 8.4330583685e-18, 1.2256737146e-17, 1.19815391193e-17, 1.80568399201e-17, 1.38108730322e-17, 1.75170830637e-17, 2.44491560362e-17, 1.46495770978e-17, 1.89572210537e-17, 1.86011396524e-17, 1.54549581925e-17, 1.17156791345e-17, 9.9702428424e-18, 5.54499117418e-18, 4.01085444725e-18, 1.52104038988e-18, 3.84970141426e-19, 3.2671931367e-20], "var": [0.00373598514125, 0.422960430384, 5.54561471939, 14.6179237366, 172.858474731, 462.047088623, 2364.61279297, 4798.10009766, 14916.5429688, 6112.58056641, 6170.13916016, 6875.19433594, 27744.0527344, 4478.52685547, 1343.36474609, 5378.08789062, 46862.3476562, 1576.58850098, 338.480621338, 438.685241699, 62.6156539917, 33.5006790161, 49.3539772034, 88.5395050049, 10.0362319946, 9.51345729828, 0.922383666039, 0.711831390858, 0.362595617771, 0.00279007060453, 0.000369459914509, 1.16456658361e-05, 7.3584931215e-07, 1.70772096908e-07, 1.41410181342e-08, 1.41773570661e-09, 2.75109213188e-10, 3.03011157832e-11, 1.13969320092e-10, 5.76323655466e-10]}, "gfcc": {"mean": [-190.943283081, 229.655807495, -108.395126343, -37.1884841919, -22.0639572144, -19.4648685455, -28.6384963989, -10.6493577957, -13.9221162796, -12.4465246201, -3.18690919876, -2.4965736866, -2.6693546772], "cov": [[17574.4628906, 4950.84619141, -2902.59863281, 852.48651123, 761.614807129, -1098.29345703, 598.771850586, -539.771179199, 3.32661724091, -356.918273926, 13.3917512894, -646.561218262, -150.119094849], [4950.84619141, 3056.74829102, 237.414321899, -528.076965332, 661.621398926, -18.8799152374, -180.776855469, -108.469833374, 40.0413322449, -239.679351807, 92.3664474487, -70.9402999878, 6.84813833237], [-2902.59863281, 237.414321899, 1580.26123047, -474.565185547, 179.904388428, 536.332397461, -270.678070068, 129.077667236, 65.5857543945, -31.4660339355, 71.1137390137, 230.568496704, 34.6741142273], [852.48651123, -528.076965332, -474.565185547, 779.881713867, -29.4970760345, -68.2627868652, 361.274963379, 29.2359218597, 54.1793823242, 99.8782272339, -1.03009390831, -56.2053604126, -34.1941604614], [761.614807129, 661.621398926, 179.904388428, -29.4970760345, 416.694824219, 120.239089966, -32.8607406616, 64.8567047119, 48.5807189941, -49.0364303589, 58.5865402222, 22.4184875488, 5.75289297104], [-1098.29345703, -18.8799152374, 536.332397461, -68.2627868652, 120.239089966, 368.231689453, -15.3727483749, 48.8418159485, 66.8280181885, 17.903673172, 13.5826025009, 73.994972229, 19.3988418579], [598.771850586, -180.776855469, -270.678070068, 361.274963379, -32.8607406616, -15.3727483749, 277.495422363, 36.2451820374, 19.8689022064, 61.2866249084, 5.2829914093, -49.0980606079, -17.1368503571], [-539.771179199, -108.469833374, 129.077667236, 29.2359218597, 64.8567047119, 48.8418159485, 36.2451820374, 146.169403076, 46.1727142334, 10.1303977966, 40.9894866943, 46.7314796448, -1.43212127686], [3.32661724091, 40.0413322449, 65.5857543945, 54.1793823242, 48.5807189941, 66.8280181885, 19.8689022064, 46.1727142334, 101.548904419, 37.0443077087, 8.61370182037, 26.9594478607, 12.6357631683], [-356.918273926, -239.679351807, -31.4660339355, 99.8782272339, -49.0364303589, 17.903673172, 61.2866249084, 10.1303977966, 37.0443077087, 116.629402161, 30.5977020264, -10.6363210678, 2.30205631256], [13.3917512894, 92.3664474487, 71.1137390137, -1.03009390831, 58.5865402222, 13.5826025009, 5.2829914093, 40.9894866943, 8.61370182037, 30.5977020264, 106.563713074, 47.0892753601, -9.60236167908], [-646.561218262, -70.9402999878, 230.568496704, -56.2053604126, 22.4184875488, 73.994972229, -49.0980606079, 46.7314796448, 26.9594478607, -10.6363210678, 47.0892753601, 146.437423706, 49.1217918396], [-150.119094849, 6.84813833237, 34.6741142273, -34.1941604614, 5.75289297104, 19.3988418579, -17.1368503571, -1.43212127686, 12.6357631683, 2.30205631256, -9.60236167908, 49.1217918396, 76.6140365601]], "icov": [[0.000898038211744, -0.00166686950251, 0.00124929344747, -0.00119712552987, 0.000435032794485, 0.000266767368885, -0.000534520135261, 0.00142987689469, -0.00110854720697, 0.00155173207168, -0.000755190500058, 0.000297167600365, 0.000466899102321], [-0.00166686950251, 0.00500342203304, -0.00343126570806, 0.00424875738099, -0.00338728027418, 0.0019792765379, -0.00241037365049, 0.00177757127676, -0.00278366636485, 0.00177823624108, -0.00235520955175, 0.00247611058876, -0.00249393237755], [0.00124929344747, -0.00343126570806, 0.00461558299139, -0.00246172188781, 0.00222282554023, -0.00393300037831, 0.00273531721905, -0.00185366009828, 0.00217140163295, -0.000947449705563, 0.00122238276526, -0.00297050317749, 0.00270118680783], [-0.00119712552987, 0.00424875738099, -0.00246172188781, 0.00781803112477, -0.00429930817336, 0.00307811307721, -0.00791476201266, 0.00384418829344, -0.00467968126759, 0.000907062436454, -0.000714706606232, -0.000124595113448, 0.000457815796835], [0.000435032794485, -0.00338728027418, 0.00222282554023, -0.00429930817336, 0.00825679674745, -0.00512030161917, 0.00606686994433, -0.00650447513908, 0.00368918571621, -0.000689271371812, -0.000606009212788, 0.000259188964264, -0.000687641906552], [0.000266767368885, 0.0019792765379, -0.00393300037831, 0.00307811307721, -0.00512030161917, 0.0112298829481, -0.00816969200969, 0.00822708941996, -0.00890509784222, 0.00449784193188, -0.00212236423977, 0.0022401411552, -0.00100167689379], [-0.000534520135261, -0.00241037365049, 0.00273531721905, -0.00791476201266, 0.00606686994433, -0.00816969200969, 0.0189879499376, -0.0130461649969, 0.011337434873, -0.00888046994805, 0.00410566804931, -0.0010643505957, -0.000392028130591], [0.00142987689469, 0.00177757127676, -0.00185366009828, 0.00384418829344, -0.00650447513908, 0.00822708941996, -0.0130461649969, 0.023918133229, -0.0174279250205, 0.0138508277014, -0.0110158529133, 0.00435195723549, -0.000581039348617], [-0.00110854720697, -0.00278366636485, 0.00217140163295, -0.00467968126759, 0.00368918571621, -0.00890509784222, 0.011337434873, -0.0174279250205, 0.0308350715786, -0.0210351385176, 0.015413143672, -0.0117269102484, 0.00419038860127], [0.00155173207168, 0.00177823624108, -0.000947449705563, 0.000907062436454, -0.000689271371812, 0.00449784193188, -0.00888046994805, 0.0138508277014, -0.0210351385176, 0.0326558426023, -0.0221747811884, 0.0167641695589, -0.0101390881464], [-0.000755190500058, -0.00235520955175, 0.00122238276526, -0.000714706606232, -0.000606009212788, -0.00212236423977, 0.00410566804931, -0.0110158529133, 0.015413143672, -0.0221747811884, 0.0301809441298, -0.0192710999399, 0.0134166860953], [0.000297167600365, 0.00247611058876, -0.00297050317749, -0.000124595113448, 0.000259188964264, 0.0022401411552, -0.0010643505957, 0.00435195723549, -0.0117269102484, 0.0167641695589, -0.0192710999399, 0.0263112150133, -0.0169482920319], [0.000466899102321, -0.00249393237755, 0.00270118680783, 0.000457815796835, -0.000687641906552, -0.00100167689379, -0.000392028130591, -0.000581039348617, 0.00419038860127, -0.0101390881464, 0.0134166860953, -0.0169482920319, 0.0255404114723]]}, "melbands": {"dmean": [0.000187954021385, 0.000271098047961, 0.000151941159857, 0.000193086976651, 0.000216465588892, 0.000238031512708, 0.000253483420238, 6.42292798148e-05, 9.51970068854e-05, 6.43840248813e-05, 6.81241508573e-05, 4.99905618199e-05, 2.13583698496e-05, 2.7169695386e-05, 3.44703257724e-05, 2.76540085906e-05, 9.58055807132e-06, 4.60525052404e-06, 3.11173903356e-06, 3.83262613468e-06, 1.62739252119e-06, 1.13033240723e-06, 1.20807453641e-06, 9.76333126346e-07, 5.65401251151e-07, 4.36119591996e-07, 1.6068305797e-07, 2.07883999792e-07, 4.62134686074e-08, 9.4931010608e-08, 1.48407837131e-08, 3.88381735661e-08, 4.92270713082e-09, 2.43127651345e-09, 1.34549382746e-09, 6.60788090912e-10, 1.91357318879e-10, 1.00996405683e-10, 5.05030323117e-11, 4.81192134749e-11], "dmean2": [0.000340506085195, 0.000479302572785, 0.000234640188864, 0.000232878723182, 0.000336418917868, 0.000299531267956, 0.000298566214042, 7.62066920288e-05, 0.000125709848362, 8.17616091808e-05, 8.26034811325e-05, 7.50699909986e-05, 2.95203608403e-05, 4.27490849688e-05, 5.14814819326e-05, 3.95208480768e-05, 1.3713845874e-05, 6.98667190591e-06, 4.96872644362e-06, 6.16664692643e-06, 2.64833397523e-06, 1.79184223725e-06, 1.90725950233e-06, 1.62691549122e-06, 8.72321948009e-07, 6.91158561494e-07, 2.34845288105e-07, 3.10185555463e-07, 6.80715288581e-08, 1.34121862061e-07, 2.26745271448e-08, 6.38039665546e-08, 7.87717091555e-09, 3.67266794754e-09, 2.10384576427e-09, 1.03777131333e-09, 3.02185360068e-10, 1.6885849663e-10, 8.52371576099e-11, 7.68977381771e-11], "dvar": [1.86670192193e-07, 2.63387022414e-07, 6.49387317253e-08, 1.41725053027e-07, 2.41379780164e-07, 3.73366304984e-07, 4.25812601179e-07, 8.19389640583e-08, 7.67619496855e-08, 3.97476256353e-08, 1.0083326174e-07, 7.16987784699e-08, 1.45151988207e-08, 2.08549657543e-08, 6.02253535931e-08, 4.10830516273e-08, 2.51544918228e-09, 1.04880237828e-09, 1.24347684927e-10, 1.91676952088e-10, 2.39230649179e-11, 1.60450958075e-11, 4.68452360236e-11, 8.07726732721e-11, 2.76867227061e-11, 3.62986745696e-12, 8.49982139794e-13, 2.99698200285e-12, 5.41010141688e-14, 1.32749518843e-12, 1.36997812929e-14, 2.89835375752e-13, 2.21174913846e-15, 2.5798508638e-16, 1.43293013673e-16, 3.93170260977e-17, 2.70592988166e-18, 4.27964146233e-19, 7.70336631611e-20, 1.52072580275e-19], "dvar2": [6.76791387377e-07, 9.10086328076e-07, 1.55094980414e-07, 2.55806384075e-07, 7.06727746547e-07, 4.81798451801e-07, 6.31487296232e-07, 9.57906607368e-08, 1.2414349726e-07, 6.4968688207e-08, 1.37392390798e-07, 1.81234071306e-07, 3.2528362226e-08, 5.78099452753e-08, 9.69664739614e-08, 5.87931623386e-08, 4.82497108933e-09, 2.39809549996e-09, 2.30787666755e-10, 3.81638110003e-10, 5.52865947467e-11, 3.46247301664e-11, 1.14909110005e-10, 2.26859989128e-10, 4.92211167658e-11, 8.04753052391e-12, 1.75289741489e-12, 6.63645657525e-12, 1.09822490457e-13, 2.31799909128e-12, 2.73846971575e-14, 7.65160395981e-13, 5.80729600286e-15, 6.48693935787e-16, 3.47304551849e-16, 8.91891745966e-17, 6.67607670301e-18, 1.07641271605e-18, 2.11707132561e-19, 3.2025706207e-19], "max": [0.00410593673587, 0.010009185411, 0.00823645573109, 0.0116272419691, 0.0116637833416, 0.0228666011244, 0.0178194474429, 0.0176824945956, 0.00852715689689, 0.00751571729779, 0.0131831048056, 0.00795920938253, 0.00416824361309, 0.00508580170572, 0.0132481334731, 0.00907713267952, 0.00170618470293, 0.00155338924378, 0.00049470301019, 0.000553404330276, 0.000121194745589, 0.000116028590128, 0.000231503930991, 0.000383830367355, 0.000171777079231, 6.08015761827e-05, 3.39743673976e-05, 7.60252733016e-05, 7.7244512795e-06, 3.46736196661e-05, 5.08964330947e-06, 1.5090216948e-05, 1.19940318655e-06, 3.71064658111e-07, 4.14752605593e-07, 1.56738025225e-07, 5.95546261195e-08, 1.81996338e-08, 7.27304261261e-09, 1.20383898405e-08], "mean": [0.000466860568849, 0.00073319603689, 0.000619587488472, 0.000918014848139, 0.000792806502432, 0.000999763724394, 0.000923993764445, 0.000200746435439, 0.000245353759965, 0.000175702778506, 0.000186046760064, 9.20988750295e-05, 4.79245936731e-05, 4.82652831124e-05, 6.3339182816e-05, 4.75401284348e-05, 1.69197501236e-05, 7.96644417278e-06, 5.86875512454e-06, 6.97268478689e-06, 3.32608533427e-06, 2.10502025766e-06, 2.07766152016e-06, 1.5091327441e-06, 1.09673533188e-06, 6.2969775172e-07, 2.50797143053e-07, 3.27250234022e-07, 8.04124766773e-08, 1.55086212317e-07, 2.40060131773e-08, 3.89153740343e-08, 6.33628527424e-09, 3.77913478289e-09, 1.60705271313e-09, 8.16581857688e-10, 3.19262311033e-10, 1.82873396981e-10, 1.1102369718e-10, 1.02344098474e-10], "median": [0.00021222938085, 0.000400950055337, 0.00042513225344, 0.000517955399118, 0.000336276425514, 0.000386246654671, 0.000315852812491, 5.65387381357e-05, 5.31502373633e-05, 3.30541006406e-05, 3.99167256546e-05, 2.84547786578e-05, 1.47918945004e-05, 1.2603299183e-05, 1.64068787853e-05, 3.06182073473e-06, 2.80757558357e-06, 1.7714629621e-06, 1.22406027003e-06, 1.10952237264e-06, 5.81714630243e-07, 3.49890086682e-07, 1.810730339e-07, 1.09762780198e-07, 3.50957911621e-08, 9.63470014881e-09, 3.13061399027e-09, 7.464798224e-10, 4.6405548848e-10, 2.88698787099e-10, 2.16322570967e-10, 1.37811345668e-10, 1.14501505499e-10, 1.01675473596e-10, 8.33546426326e-11, 7.31140287202e-11, 6.56579096647e-11, 6.30722141182e-11, 5.93966958951e-11, 5.72689985712e-11], "min": [1.22598056572e-23, 6.13121036554e-24, 1.06093429827e-23, 8.57658411398e-24, 7.69550458008e-24, 1.14606090964e-23, 1.64385533334e-23, 1.51202310767e-23, 2.1006810548e-23, 9.2625041931e-24, 1.44399963182e-23, 2.1768608791e-23, 8.69075121963e-24, 1.25601802241e-23, 1.59492576238e-23, 1.17227491529e-23, 6.91724123226e-24, 4.89564198438e-24, 4.25960394688e-24, 5.50204922298e-24, 1.50567025303e-23, 1.49151367077e-23, 1.27196224236e-23, 5.90439510592e-24, 1.07878117184e-23, 7.2701586686e-24, 9.68213875163e-24, 1.30957789134e-23, 7.85629099865e-24, 8.85551428602e-24, 9.99151185486e-24, 1.64038387204e-23, 9.02982966911e-24, 6.84324292391e-24, 1.00983559647e-23, 1.2361239759e-23, 1.09801210188e-23, 1.07676720995e-23, 9.76176321596e-24, 1.02100531469e-23], "var": [3.66541854646e-07, 1.14372335247e-06, 5.24877066255e-07, 1.53112750922e-06, 1.76540424945e-06, 3.29613612848e-06, 2.86112231151e-06, 5.22695813743e-07, 4.12805917449e-07, 2.35317699548e-07, 6.77119260217e-07, 8.4041204218e-08, 2.51402099138e-08, 2.08106225585e-08, 1.47530528238e-07, 1.25453382793e-07, 5.23285681453e-09, 1.48508672027e-09, 3.55042883982e-10, 4.92042906419e-10, 8.27111504287e-11, 4.2789570498e-11, 9.24761378585e-11, 8.68956920308e-11, 7.870042118e-11, 7.29388251186e-12, 1.48642925225e-12, 4.45353953368e-12, 1.26645859056e-13, 2.45611191975e-12, 2.19407045971e-14, 2.20717717649e-13, 1.97626699111e-15, 4.82418668323e-16, 1.44381345131e-16, 4.22961700134e-17, 2.89659315169e-18, 4.68660941232e-19, 7.15177126439e-20, 1.94272853586e-19]}, "mfcc": {"mean": [-815.356079102, 245.079071045, 2.3587577343, -6.28842258453, 7.9764456749, -3.47552752495, -6.39101982117, -2.64322710037, -5.5988612175, -10.9258956909, -5.53766727448, -0.433899194002, -0.0316762365401], "cov": [[8965.29394531, 3579.03442383, -2258.74755859, 887.942199707, -104.687240601, -253.720230103, 115.054000854, -53.4198074341, 87.4728469849, 99.9923477173, 117.020568848, -25.4180450439, -72.0975189209], [3579.03442383, 3154.54174805, 67.976852417, -273.096801758, 446.063354492, 61.9452552795, -36.8953285217, 125.122306824, -17.0088214874, -114.203529358, -6.56112957001, 28.6355628967, -37.9530296326], [-2258.74755859, 67.976852417, 1418.29492188, -422.736846924, 206.889022827, 295.72076416, 0.232033535838, 130.338378906, 7.20302248001, -97.1018447876, -28.892786026, 73.7209472656, 39.926158905], [887.942199707, -273.096801758, -422.736846924, 552.88494873, -147.056564331, -42.3119277954, 151.638442993, -3.988966465, 69.488243103, 104.464485168, 78.0404052734, 33.5676307678, 45.0431938171], [-104.687240601, 446.063354492, 206.889022827, -147.056564331, 336.567047119, 74.5101089478, -30.3369159698, 102.749267578, 4.76476716995, -43.1071128845, 4.2372546196, 29.4365901947, 18.0942211151], [-253.720230103, 61.9452552795, 295.72076416, -42.3119277954, 74.5101089478, 254.819656372, 60.7548828125, 34.8477134705, 75.8718566895, 9.52971172333, 13.6100082397, 38.1495170593, 22.1670532227], [115.054000854, -36.8953285217, 0.232033535838, 151.638442993, -30.3369159698, 60.7548828125, 180.256332397, 38.9768218994, 13.5876960754, 72.5180130005, 49.7504119873, 15.4053735733, 24.8777160645], [-53.4198074341, 125.122306824, 130.338378906, -3.988966465, 102.749267578, 34.8477134705, 38.9768218994, 158.369430542, 46.5060653687, -36.8948974609, 24.9194126129, 36.6957435608, 17.792591095], [87.4728469849, -17.0088214874, 7.20302248001, 69.488243103, 4.76476716995, 75.8718566895, 13.5876960754, 46.5060653687, 140.892700195, 34.8023262024, -6.02105855942, 34.5460395813, 23.8757476807], [99.9923477173, -114.203529358, -97.1018447876, 104.464485168, -43.1071128845, 9.52971172333, 72.5180130005, -36.8948974609, 34.8023262024, 148.112197876, 56.0536727905, -11.99132061, 13.6445055008], [117.020568848, -6.56112957001, -28.892786026, 78.0404052734, 4.2372546196, 13.6100082397, 49.7504119873, 24.9194126129, -6.02105855942, 56.0536727905, 110.777328491, 37.7494621277, -0.374653846025], [-25.4180450439, 28.6355628967, 73.7209472656, 33.5676307678, 29.4365901947, 38.1495170593, 15.4053735733, 36.6957435608, 34.5460395813, -11.99132061, 37.7494621277, 101.944145203, 43.3709869385], [-72.0975189209, -37.9530296326, 39.926158905, 45.0431938171, 18.0942211151, 22.1670532227, 24.8777160645, 17.792591095, 23.8757476807, 13.6445055008, -0.374653846025, 43.3709869385, 88.6815948486]], "icov": [[0.0445972122252, -0.0627285763621, 0.0620840936899, -0.0611524172127, 0.0606306567788, -0.0580585971475, 0.0540660172701, -0.0502866245806, 0.0434307903051, -0.0337853580713, 0.024514246732, -0.0138871362433, 0.00998480711132], [-0.0627285763621, 0.0886526703835, -0.0872166827321, 0.0862447470427, -0.0859109163284, 0.0818061605096, -0.0765109583735, 0.0710373446345, -0.0614301413298, 0.0480120703578, -0.0347065962851, 0.0195224713534, -0.0138473147526], [0.0620840936899, -0.0872166827321, 0.0879219919443, -0.0842092335224, 0.0846439227462, -0.0826342403889, 0.0755402967334, -0.0716405883431, 0.06199914217, -0.0478549934924, 0.0352556370199, -0.0205793064088, 0.0137871429324], [-0.0611524172127, 0.0862447470427, -0.0842092335224, 0.0887144878507, -0.0830460563302, 0.0816336870193, -0.0790675133467, 0.0717293992639, -0.0644563287497, 0.0497771389782, -0.0379037447274, 0.0203240383416, -0.0160303115845], [0.0606306567788, -0.0859109163284, 0.0846439227462, -0.0830460563302, 0.0886994153261, -0.0820640549064, 0.0776203200221, -0.074801877141, 0.0638454928994, -0.0502188801765, 0.0361228138208, -0.0208224821836, 0.0131193613634], [-0.0580585971475, 0.0818061605096, -0.0826342403889, 0.0816336870193, -0.0820640549064, 0.0868755429983, -0.0788450539112, 0.0746254473925, -0.068783544004, 0.0526395253837, -0.0398009046912, 0.0222387146205, -0.0149011388421], [0.0540660172701, -0.0765109583735, 0.0755402967334, -0.0790675133467, 0.0776203200221, -0.0788450539112, 0.0842069536448, -0.0746033191681, 0.0672566071153, -0.056070022285, 0.0391143858433, -0.0222962554544, 0.0141667118296], [-0.0502866245806, 0.0710373446345, -0.0716405883431, 0.0717293992639, -0.074801877141, 0.0746254473925, -0.0746033191681, 0.0811542123556, -0.0686947032809, 0.0577893033624, -0.0444363467395, 0.0248236209154, -0.0161298010498], [0.0434307903051, -0.0614301413298, 0.06199914217, -0.0644563287497, 0.0638454928994, -0.068783544004, 0.0672566071153, -0.0686947032809, 0.0721074640751, -0.0551976785064, 0.0447222553194, -0.0278812721372, 0.0158296972513], [-0.0337853580713, 0.0480120703578, -0.0478549934924, 0.0497771389782, -0.0502188801765, 0.0526395253837, -0.056070022285, 0.0577893033624, -0.0551976785064, 0.0565876327455, -0.0422102957964, 0.0268226526678, -0.0165758728981], [0.024514246732, -0.0347065962851, 0.0352556370199, -0.0379037447274, 0.0361228138208, -0.0398009046912, 0.0391143858433, -0.0444363467395, 0.0447222553194, -0.0422102957964, 0.045908447355, -0.0268546231091, 0.0167584698647], [-0.0138871362433, 0.0195224713534, -0.0205793064088, 0.0203240383416, -0.0208224821836, 0.0222387146205, -0.0222962554544, 0.0248236209154, -0.0278812721372, 0.0268226526678, -0.0268546231091, 0.0303673166782, -0.0156144257635], [0.00998480711132, -0.0138473147526, 0.0137871429324, -0.0160303115845, 0.0131193613634, -0.0149011388421, 0.0141667118296, -0.0161298010498, 0.0158296972513, -0.0165758728981, 0.0167584698647, -0.0156144257635, 0.0217082444578]]}, "spectral_contrast_coeffs": {"dmean": [0.0318188965321, 0.033129375428, 0.0305319372565, 0.0254196170717, 0.0184896532446, 0.0174217931926], "dmean2": [0.0519412085414, 0.0522415861487, 0.0466486476362, 0.0401016213, 0.0295390710235, 0.0298529285938], "dvar": [0.000797631742898, 0.000987730105408, 0.000817167514469, 0.000527611759026, 0.000352007278707, 0.000339223304763], "dvar2": [0.00217103422619, 0.002405467676, 0.00191103306133, 0.00123285723384, 0.000769944745116, 0.000820624933112], "max": [-0.303504168987, -0.324966698885, -0.42117998004, -0.429795622826, -0.495016336441, -0.551460921764], "mean": [-0.592784821987, -0.609162390232, -0.671315312386, -0.666492283344, -0.701613426208, -0.836289286613], "median": [-0.599372267723, -0.605736613274, -0.673579633236, -0.661046504974, -0.691436886787, -0.872904658318], "min": [-0.947492361069, -0.985810279846, -0.963699579239, -0.958128452301, -0.952880442142, -0.961937606335], "var": [0.0123550947756, 0.0086879665032, 0.00738433841616, 0.00587051035836, 0.00861450284719, 0.00552902556956]}, "spectral_contrast_valleys": {"dmean": [0.286179304123, 0.284113675356, 0.261474817991, 0.249706014991, 0.188947215676, 0.28374221921], "dmean2": [0.472137480974, 0.457363516092, 0.411505401134, 0.396148711443, 0.303453952074, 0.495542496443], "dvar": [0.136236011982, 0.152387827635, 0.151141703129, 0.152591437101, 0.141728296876, 0.116071142256], "dvar2": [0.22125017643, 0.20491823554, 0.19679094851, 0.201226115227, 0.188696488738, 0.24265781045], "max": [-5.61710309982, -5.31708145142, -5