{"lowlevel": {"average_loudness": 0.926170229912, "barkbands_crest": {"dmean": 2.11789298058, "dmean2": 3.44983291626, "dvar": 3.37197160721, "dvar2": 9.04328346252, "max": 23.8055000305, "mean": 10.7803182602, "median": 10.0259609222, "min": 3.17410969734, "var": 13.5731515884}, "barkbands_flatness_db": {"dmean": 0.0244914721698, "dmean2": 0.0344907455146, "dvar": 0.000454270310001, "dvar2": 0.000968248641584, "max": 0.471539527178, "mean": 0.180692479014, "median": 0.169627323747, "min": 0.019721025601, "var": 0.00453637912869}, "barkbands_kurtosis": {"dmean": 4.93346452713, "dmean2": 7.86397886276, "dvar": 63.2682609558, "dvar2": 159.107345581, "max": 255.249694824, "mean": 11.7209968567, "median": 8.44882965088, "min": -1.92141997814, "var": 186.518859863}, "barkbands_skewness": {"dmean": 0.596175909042, "dmean2": 0.896775662899, "dvar": 0.40374994278, "dvar2": 0.923512458801, "max": 12.0491409302, "mean": 2.40183568001, "median": 2.22090315819, "min": -3.53024458885, "var": 1.55376470089}, "barkbands_spread": {"dmean": 3.44181489944, "dmean2": 5.37478113174, "dvar": 27.6776943207, "dvar2": 64.6091308594, "max": 148.256271362, "mean": 11.1281003952, "median": 9.16376781464, "min": 0.38698220253, "var": 96.8055038452}, "dissonance": {"dmean": 0.022019892931, "dmean2": 0.0359888523817, "dvar": 0.000403461250244, "dvar2": 0.00105426239315, "max": 0.500000059605, "mean": 0.443378329277, "median": 0.448385179043, "min": 0.234062999487, "var": 0.00113360921387}, "dynamic_complexity": 3.9001095295, "erbbands_crest": {"dmean": 1.88585245609, "dmean2": 2.81977629662, "dvar": 3.48193883896, "dvar2": 7.81756687164, "max": 28.4095783234, "mean": 10.0495185852, "median": 9.08409976959, "min": 2.34698796272, "var": 17.6398391724}, "erbbands_flatness_db": {"dmean": 0.023939082399, "dmean2": 0.0281956735998, "dvar": 0.000458916154457, "dvar2": 0.000709607091267, "max": 0.330770134926, "mean": 0.153543427587, "median": 0.14830224216, "min": 0.0286667030305, "var": 0.00299658440053}, "erbbands_kurtosis": {"dmean": 1.31803226471, "dmean2": 2.03736758232, "dvar": 3.28485751152, "dvar2": 6.8184838295, "max": 103.436027527, "mean": 2.66992640495, "median": 1.57180118561, "min": -1.71068274975, "var": 33.2592582703}, "erbbands_skewness": {"dmean": 0.320498883724, "dmean2": 0.488174378872, "dvar": 0.0901606827974, "dvar2": 0.203486204147, "max": 8.37108898163, "mean": 1.18844366074, "median": 1.10843014717, "min": -2.71540760994, "var": 0.634368598461}, "erbbands_spread": {"dmean": 9.45900440216, "dmean2": 13.490070343, "dvar": 135.447387695, "dvar2": 275.521118164, "max": 156.451065063, "mean": 33.6941719055, "median": 27.5469913483, "min": 2.85264015198, "var": 428.729034424}, "hfc": {"dmean": 5.65929937363, "dmean2": 8.22806167603, "dvar": 80.8206558228, "dvar2": 194.866165161, "max": 100.601547241, "mean": 13.5002803802, "median": 10.7886734009, "min": 1.24125875687e-16, "var": 135.57774353}, "melbands_crest": {"dmean": 2.90286540985, "dmean2": 4.85829353333, "dvar": 6.54949426651, "dvar2": 17.2821559906, "max": 35.3849754333, "mean": 14.3645486832, "median": 13.2773532867, "min": 2.44579362869, "var": 26.2239990234}, "melbands_flatness_db": {"dmean": 0.027076760307, "dmean2": 0.040791220963, "dvar": 0.000586379435845, "dvar2": 0.00136994069908, "max": 0.615644335747, "mean": 0.279838234186, "median": 0.269814491272, "min": 0.00618388829753, "var": 0.00617770524696}, "melbands_kurtosis": {"dmean": 10.7335186005, "dmean2": 16.973903656, "dvar": 434.70513916, "dvar2": 1049.21899414, "max": 532.171691895, "mean": 22.5828056335, "median": 13.6023921967, "min": -1.51490104198, "var": 1088.92663574}, "melbands_skewness": {"dmean": 0.790046334267, "dmean2": 1.2068605423, "dvar": 0.946591794491, "dvar2": 2.12662506104, "max": 19.7974586487, "mean": 3.00185036659, "median": 2.58979535103, "min": -1.01926755905, "var": 3.26654243469}, "melbands_spread": {"dmean": 2.44997286797, "dmean2": 3.91636133194, "dvar": 17.0126628876, "dvar2": 37.5247993469, "max": 198.63444519, "mean": 9.66255092621, "median": 7.48749732971, "min": 0.363879263401, "var": 99.7757568359}, "pitch_salience": {"dmean": 0.0659283846617, "dmean2": 0.109139442444, "dvar": 0.00321487942711, "dvar2": 0.00867449399084, "max": 0.827251493931, "mean": 0.565691888332, "median": 0.569373071194, "min": 0.159917339683, "var": 0.00960039813071}, "silence_rate_20dB": {"dmean": 0, "dmean2": 0, "dvar": 0, "dvar2": 0, "max": 1, "mean": 1, "median": 1, "min": 1, "var": 0}, "silence_rate_30dB": {"dmean": 0.0676479786634, "dmean2": 0.135317146778, "dvar": 0.0630731359124, "dvar2": 0.1608594805, "max": 1, "mean": 0.952873051167, "median": 1, "min": 0, "var": 0.0449105240405}, "silence_rate_60dB": {"dmean": 0.00532414671034, "dmean2": 0.0106499604881, "dvar": 0.0052959676832, "dvar2": 0.0121032800525, "max": 1, "mean": 0.0643494576216, "median": 0, "min": 0, "var": 0.0602099448442}, "spectral_centroid": {"dmean": 117.021392822, "dmean2": 190.898880005, "dvar": 33812.1328125, "dvar2": 73524.734375, "max": 10531.8310547, "mean": 613.49206543, "median": 527.08215332, "min": 129.771347046, "var": 154239.84375}, "spectral_complexity": {"dmean": 2.15471339226, "dmean2": 3.47783875465, "dvar": 7.24293851852, "dvar2": 17.6749820709, "max": 42, "mean": 12.3017063141, "median": 12, "min": 0, "var": 27.3266353607}, "spectral_decrease": {"dmean": 4.66842697833e-09, "dmean2": 7.73541763976e-09, "dvar": 7.40325126223e-17, "dvar2": 1.94395173126e-16, "max": 1.08658028366e-16, "mean": -9.81647740872e-09, "median": -7.43103667489e-09, "min": -7.9765570149e-08, "var": 8.42629368545e-17}, "spectral_energy": {"dmean": 0.0180482231081, "dmean2": 0.0298101492226, "dvar": 0.0011016363278, "dvar2": 0.00288654817268, "max": 0.306965827942, "mean": 0.0382741652429, "median": 0.0291042849422, "min": 1.120556615e-20, "var": 0.0012645246461}, "spectral_energyband_high": {"dmean": 0.000292509328574, "dmean2": 0.000421458564233, "dvar": 2.49409083608e-07, "dvar2": 5.90571460179e-07, "max": 0.00948597397655, "mean": 0.000364167586667, "median": 0.000142464632518, "min": 7.70983464232e-21, "var": 3.11273680609e-07}, "spectral_energyband_low": {"dmean": 0.0130519717932, "dmean2": 0.022236796096, "dvar": 0.000647034263238, "dvar2": 0.00173069257289, "max": 0.235503062606, "mean": 0.0177410244942, "median": 0.010497443378, "min": 8.50719717094e-23, "var": 0.00058676849585}, "spectral_energyband_middle_high": {"dmean": 0.000703534577042, "dmean2": 0.00103152845986, "dvar": 1.14206704893e-06, "dvar2": 2.45311889557e-06, "max": 0.0195032507181, "mean": 0.0021311675664, "median": 0.00141448085196, "min": 1.8099990136e-21, "var": 4.6763757382e-06}, "spectral_energyband_middle_low": {"dmean": 0.00758274178952, "dmean2": 0.0121947648004, "dvar": 0.000157207163284, "dvar2": 0.0004116432101, "max": 0.211652711034, "mean": 0.0198172535747, "median": 0.0154158296064, "min": 3.84785094499e-22, "var": 0.00028875717544}, "spectral_entropy": {"dmean": 0.258697628975, "dmean2": 0.347030937672, "dvar": 0.0615053400397, "dvar2": 0.115400291979, "max": 9.79391098022, "mean": 7.06454515457, "median": 7.12838554382, "min": 4.66851186752, "var": 0.41027072072}, "spectral_flux": {"dmean": 0.0365523546934, "dmean2": 0.0565783753991, "dvar": 0.0030727579724, "dvar2": 0.00601918110624, "max": 0.497620642185, "mean": 0.0851132795215, "median": 0.0643127411604, "min": 1.05856344523e-10, "var": 0.00502786645666}, "spectral_kurtosis": {"dmean": 2.98395776749, "dmean2": 4.48603725433, "dvar": 15.1957712173, "dvar2": 37.9580230713, "max": 85.7135391235, "mean": 8.33242416382, "median": 5.3212928772, "min": -1.14097034931, "var": 99.6018829346}, "spectral_rms": {"dmean": 0.00119864661247, "dmean2": 0.00190279434901, "dvar": 3.30387024405e-06, "dvar2": 8.14832401375e-06, "max": 0.0173054579645, "mean": 0.00552921229973, "median": 0.00532864173874, "min": 3.306396823e-12, "var": 6.76832632962e-06}, "spectral_rolloff": {"dmean": 137.816574097, "dmean2": 238.112762451, "dvar": 297982.96875, "dvar2": 685531.125, "max": 19616.7480469, "mean": 615.829223633, "median": 366.064453125, "min": 64.599609375, "var": 1820586.125}, "spectral_skewness": {"dmean": 0.330255568027, "dmean2": 0.491222411394, "dvar": 0.109692566097, "dvar2": 0.243261277676, "max": 7.84330844879, "mean": 2.24499082565, "median": 2.01100802422, "min": 0.029199667275, "var": 0.866836607456}, "spectral_spread": {"dmean": 1119079.625, "dmean2": 1380415.375, "dvar": 1262579875840.0, "dvar2": 1950221336580.0, "max": 39300808, "mean": 5084003, "median": 4805959.5, "min": 1044962.0625, "var": 4511465209860.0}, "spectral_strongpeak": {"dmean": 0.34242773056, "dmean2": 0.586864829063, "dvar": 0.259723812342, "dvar2": 0.649941444397, "max": 5.44308948517, "mean": 0.651652872562, "median": 0.374791771173, "min": 0, "var": 0.446198821068}, "zerocrossingrate": {"dmean": 0.00876948889345, "dmean2": 0.0104177882895, "dvar": 0.000105124992842, "dvar2": 0.00013073575974, "max": 0.64501953125, "mean": 0.0371008887887, "median": 0.03125, "min": 0.00390625, "var": 0.00145154178608}, "barkbands": {"dmean": [0.000457387039205, 0.00607703207061, 0.00668134680018, 0.0027217392344, 0.00433602137491, 0.00193449563812, 0.000460550916614, 0.000169424180058, 0.000626109715085, 0.000166684360011, 0.000171171952388, 0.000320901948726, 0.000120089367556, 7.93682629592e-05, 5.24098395545e-05, 4.94981795782e-05, 3.71476526198e-05, 5.91504103795e-05, 3.61662714568e-05, 4.26999977208e-05, 4.43486751465e-05, 3.29837675963e-05, 2.67855975835e-05, 2.64185200649e-05, 0.000112303765491, 3.99699092668e-05, 6.1757932599e-06], "dmean2": [0.000758708803914, 0.00996669754386, 0.012140808627, 0.0047863908112, 0.00733195012435, 0.00276982132345, 0.000712358567398, 0.000245803239523, 0.000753613072447, 0.000239866232732, 0.000249779346632, 0.000504630384967, 0.000174719447386, 0.000116595518193, 8.45401373226e-05, 8.03543734946e-05, 6.11769210082e-05, 0.000101369259937, 6.1475984694e-05, 7.0781337854e-05, 6.78818105371e-05, 5.14507264597e-05, 3.97936055379e-05, 3.82182115573e-05, 0.000170997096575, 5.9050758864e-05, 8.98647522263e-06], "dvar": [7.26164387288e-07, 0.000103203092294, 0.00022304696904, 2.83333029074e-05, 5.4822266975e-05, 1.35757127282e-05, 9.10721325909e-07, 1.59813239975e-07, 2.26130828196e-06, 1.31381156621e-07, 2.74161976677e-07, 3.16674942269e-07, 6.57330971876e-08, 2.13592379339e-08, 1.38534952399e-08, 9.05875019441e-09, 3.49336914951e-09, 1.34586688461e-08, 5.30148236422e-09, 9.77301706229e-09, 8.53555714997e-09, 4.37630687244e-09, 3.65901930977e-09, 1.99318539451e-09, 4.72178669497e-08, 5.86247805856e-09, 1.33076119568e-10], "dvar2": [1.96078485715e-06, 0.000256882805843, 0.00063156359829, 7.99741610535e-05, 0.000149317827891, 3.19668724842e-05, 2.04965613193e-06, 2.97785447856e-07, 4.2598071559e-06, 2.82791063455e-07, 6.25924201358e-07, 7.0348431791e-07, 1.2876664357e-07, 4.18275050151e-08, 3.49118884913e-08, 2.24998526477e-08, 9.59445944915e-09, 3.86522600593e-08, 1.47394763061e-08, 2.70270312797e-08, 2.26818830384e-08, 1.13522764522e-08, 8.26728729919e-09, 4.47576820051e-09, 1.14085075609e-07, 1.36187248145e-08, 2.95033664166e-10], "max": [0.00656718760729, 0.0920006483793, 0.129578381777, 0.0817892625928, 0.127614274621, 0.0675490871072, 0.0273131299764, 0.0105484724045, 0.0348001085222, 0.00768852652982, 0.0119641209021, 0.0139105515555, 0.00746725313365, 0.00310670491308, 0.00187466770876, 0.00157249602489, 0.00142941868398, 0.00284706358798, 0.00167184893508, 0.00145106331911, 0.00284923939034, 0.00173357746098, 0.0018777649384, 0.000891181523912, 0.00317622954026, 0.00116899190471, 0.000139879979542], "mean": [0.000557495222893, 0.00918689370155, 0.00623431708664, 0.00347358267754, 0.00838276185095, 0.00426761619747, 0.00107056379784, 0.000405780272558, 0.00216581788845, 0.000397103227442, 0.00038965587737, 0.00054355582688, 0.000290850031888, 0.000153473723913, 8.61413282109e-05, 7.26916769054e-05, 6.34760945104e-05, 8.31744910101e-05, 5.67324241274e-05, 5.85291709285e-05, 6.78069700371e-05, 4.47537531727e-05, 3.86448919016e-05, 3.38250029017e-05, 0.000103405924165, 3.93850641558e-05, 6.12676285527e-06], "median": [0.000169649356394, 0.00535835977644, 0.00252768793143, 0.00184628670104, 0.00430047884583, 0.00260730064474, 0.000444490578957, 0.000172061190824, 0.000625370652415, 0.000182729549124, 0.00011662911129, 0.000219408830162, 9.56836156547e-05, 6.12772564637e-05, 4.68081707368e-05, 3.48638204741e-05, 3.96135874325e-05, 3.59725127055e-05, 2.37834283325e-05, 2.45383816946e-05, 3.25382716255e-05, 2.10654779949e-05, 1.68796632352e-05, 1.33059211294e-05, 1.58179918799e-05, 6.45932323096e-06, 7.38483379337e-07], "min": [6.78540222239e-23, 2.94412419268e-23, 2.44005469602e-23, 1.25061353634e-23, 8.1214826847e-23, 2.61607228317e-23, 1.04083368064e-22, 9.24174594947e-23, 4.06146551666e-23, 7.73087852302e-23, 6.31103554762e-23, 1.49627589784e-22, 1.08906943266e-22, 1.35946747447e-22, 2.74727032778e-22, 1.09808314669e-22, 3.83744025296e-22, 1.42044667488e-22, 2.62269795747e-22, 3.11655820562e-22, 2.81014418276e-22, 4.53437803679e-22, 5.99871491295e-22, 7.9477501436e-22, 1.32844206731e-21, 1.70191724408e-21, 2.76548975827e-21], "var": [8.48936224429e-07, 0.000131490465719, 0.000148061852087, 2.50650628004e-05, 0.000112283902126, 3.11436415359e-05, 3.52421420757e-06, 5.74211355797e-07, 1.2780270481e-05, 4.12220884982e-07, 6.11804694017e-07, 8.59562760525e-07, 2.6867033398e-07, 6.83987408934e-08, 1.64886078124e-08, 1.387485149e-08, 5.42714939655e-09, 1.67346350111e-08, 7.26274063112e-09, 9.50289091861e-09, 1.09762048339e-08, 5.38480771084e-09, 5.69283464813e-09, 2.73798916872e-09, 4.5242636304e-08, 6.25810425703e-09, 1.51724799391e-10]}, "erbbands": {"dmean": [0.194564938545, 1.47655832767, 6.90844392776, 8.54772186279, 12.9734830856, 14.7540864944, 14.960650444, 15.1946983337, 7.10096406937, 4.84590148926, 4.02497768402, 12.3090867996, 10.2269821167, 5.27272796631, 10.1646127701, 7.56770849228, 5.79389715195, 4.21292877197, 2.66233301163, 2.62290668488, 2.72087097168, 1.89330983162, 2.8106315136, 2.22876882553, 1.78313016891, 2.08824276924, 1.93881070614, 1.62004113197, 1.24853301048, 0.920251369476, 0.732978761196, 0.484036684036, 0.549120366573, 1.05605852604, 0.892022311687, 0.244493052363, 0.0665446817875, 0.0114352442324, 0.00108097679913, 5.24403512827e-05], "dmean2": [0.293872028589, 2.56570005417, 12.5025892258, 15.2620363235, 22.6863136292, 24.5564556122, 22.3716278076, 21.9173946381, 11.4112796783, 6.61304998398, 5.43977880478, 14.8232431412, 12.7980422974, 7.45388317108, 15.3880834579, 11.7188978195, 8.35321617126, 5.98985338211, 4.29586696625, 4.2538151741, 4.38203144073, 3.09724640846, 4.78408670425, 3.748483181, 2.97699928284, 3.47712779045, 3.07293367386, 2.47136211395, 1.94984507561, 1.40852081776, 1.09751355648, 0.714559853077, 0.796602368355, 1.60469603539, 1.3721446991, 0.364578843117, 0.0992577970028, 0.0167708378285, 0.00157724285964, 7.64398500905e-05], "dvar": [0.106549307704, 7.05345249176, 216.952056885, 343.818969727, 607.254516602, 724.515991211, 782.088623047, 931.233764648, 224.525314331, 105.888801575, 61.3956718445, 609.896484375, 811.643615723, 119.256538391, 368.402832031, 163.96232605, 158.069107056, 66.304901123, 46.0923271179, 27.6566753387, 32.6038513184, 8.38485336304, 23.4722728729, 21.8053455353, 14.2218255997, 26.1382541656, 13.8348398209, 13.7402887344, 6.15707826614, 3.25506901741, 2.6466357708, 0.96438485384, 0.884008944035, 4.19162607193, 3.23865556717, 0.219724997878, 0.0185846947134, 0.000518072862178, 4.22797256761e-06, 8.645148597e-09], "dvar2": [0.223538756371, 19.4924144745, 614.122375488, 971.272033691, 1675.64697266, 1951.59399414, 1926.77685547, 2206.4284668, 524.07232666, 199.482223511, 115.512313843, 1115.05395508, 1517.66296387, 238.316421509, 840.586608887, 353.638366699, 303.695465088, 119.329589844, 118.740272522, 69.4451370239, 80.2963638306, 22.1167736053, 66.5771408081, 58.8422470093, 38.5815505981, 72.8486862183, 36.9228935242, 36.4835853577, 15.7793292999, 7.7811164856, 6.16625833511, 2.40584135056, 1.98753106594, 10.1056365967, 7.98127317429, 0.512653887272, 0.0449658893049, 0.0012141126208, 9.46049203776e-06, 1.95479508136e-08], "max": [2.83790516853, 22.5817909241, 137.510787964, 215.448608398, 323.454742432, 542.247619629, 611.612243652, 593.259277344, 414.549316406, 275.977661133, 193.786453247, 555.346374512, 681.713439941, 284.273681641, 466.852752686, 323.104309082, 371.964080811, 194.217712402, 108.29045105, 82.3081283569, 107.491111755, 66.6984100342, 51.7924995422, 157.156112671, 74.514213562, 81.6978149414, 79.8422241211, 130.350448608, 62.0077018738, 37.5247917175, 53.7636680603, 38.6039505005, 16.7564029694, 40.2114677429, 31.1211223602, 7.92638683319, 2.16900157928, 0.293345630169, 0.0256089102477, 0.00117187690921], "mean": [0.288118630648, 1.97502696514, 6.90826749802, 9.80318927765, 17.1304111481, 29.8967628479, 37.9459686279, 33.6775283813, 15.5470714569, 13.6042146683, 12.6280765533, 43.4578781128, 30.1113986969, 14.2192745209, 22.7693195343, 15.3422393799, 14.5705432892, 8.89270401001, 4.34215784073, 4.16783618927, 4.24036931992, 3.39527893066, 4.34227609634, 3.71320104599, 2.9002892971, 2.72120285034, 2.77041745186, 2.45869255066, 1.67249572277, 1.31571245193, 1.04433357716, 0.668542325497, 0.634325563908, 0.990169167519, 0.805644035339, 0.236332193017, 0.0643989667296, 0.0112548433244, 0.001080050366, 7.89914411143e-05], "median": [0.110548272729, 1.20073592663, 3.29178786278, 5.1338224411, 8.7394990921, 14.2780122757, 21.4739761353, 19.9698200226, 7.47033786774, 5.6761174202, 6.76171207428, 14.3653993607, 9.38788700104, 8.66229820251, 11.6388607025, 7.64551544189, 5.15271711349, 3.27696871758, 2.48055291176, 2.35416197777, 2.01778030396, 2.22599744797, 2.25125789642, 1.62933504581, 1.2528873682, 1.20927882195, 1.3040497303, 1.17251586914, 0.757993936539, 0.600512862206, 0.459072828293, 0.29592615366, 0.20243909955, 0.165573492646, 0.114648118615, 0.0390030220151, 0.00954405311495, 0.00154043454677, 0.000146767342812, 4.34770736319e-05], "min": [1.27400092084e-21, 5.8437652636e-21, 2.50674192733e-20, 3.90942715028e-20, 2.15604781758e-19, 2.5231774568e-19, 1.39010403201e-19, 2.88883368056e-19, 9.17377213726e-19, 2.60066783999e-18, 1.61374076337e-18, 9.51367926253e-19, 1.53249787534e-18, 3.18128183516e-18, 2.57945768831e-18, 7.11045612603e-18, 5.47763137536e-18, 7.17771418164e-18, 6.63071990848e-18, 1.47257852477e-17, 9.81678346797e-18, 1.99166579201e-17, 9.57643538765e-18, 1.0440171593e-17, 1.54832130279e-17, 1.06533252835e-17, 1.60073345163e-17, 1.01117387036e-17, 1.47328874204e-17, 1.3897527646e-17, 1.94330964058e-17, 1.58861145063e-17, 1.37362902922e-17, 1.41328506041e-17, 1.00638929226e-17, 6.57274323294e-18, 3.53552834314e-18, 1.27559005274e-18, 3.69636642712e-19, 4.04346433684e-20], "var": [0.177355930209, 6.55490875244, 147.184844971, 253.614273071, 601.47479248, 1886.38842773, 2261.71386719, 2099.62695312, 768.24786377, 498.620910645, 284.987091064, 4978.35400391, 2859.30639648, 389.642486572, 995.843811035, 511.509429932, 659.385559082, 258.870300293, 47.8040351868, 33.9339523315, 55.4180412292, 13.7435016632, 31.8590717316, 31.520362854, 19.4962501526, 22.4290332794, 17.7926101685, 16.1832313538, 7.58908414841, 4.97197818756, 3.88130402565, 1.19482386112, 1.10212135315, 4.05055761337, 2.96515893936, 0.229201897979, 0.0185371302068, 0.000543859263416, 4.74061607747e-06, 1.06032684855e-08]}, "gfcc": {"mean": [-32.8024597168, 116.742416382, -74.1548080444, 25.0342292786, -54.8029212952, 13.3529224396, -32.284778595, 5.8976817131, -29.9483280182, -0.11204379797, -15.8082361221, 3.45599865913, -5.76970481873], "cov": [[19183.5390625, -1092.43725586, -1515.08093262, 141.962127686, -322.659240723, 766.201538086, -397.174255371, 258.023406982, -830.375244141, 305.761383057, -238.828186035, 496.514831543, 46.1487083435], [-1092.43725586, 1538.38916016, -272.061676025, -83.3097991943, 41.9385604858, -191.414337158, 60.5921096802, -200.402496338, 141.381607056, -206.706253052, 126.041870117, -117.894477844, 72.0372009277], [-1515.08093262, -272.061676025, 801.835266113, 45.9579124451, 120.324752808, -51.8883705139, -69.9341506958, 27.2145938873, 31.3993377686, 75.6327972412, -59.1124076843, -4.23121356964, -20.3346652985], [141.962127686, -83.3097991943, 45.9579124451, 281.850708008, 33.2059326172, 39.3611869812, 16.0382175446, -12.9939908981, 11.4526319504, 0.399720549583, 7.61175346375, 3.0835442543, 2.20484137535], [-322.659240723, 41.9385604858, 120.324752808, 33.2059326172, 127.391052246, 3.08889961243, 10.8609685898, -8.17724514008, -0.0035080590751, -3.8485417366, -6.47864532471, -15.1311178207, -3.33566570282], [766.201538086, -191.414337158, -51.8883705139, 39.3611869812, 3.08889961243, 133.95552063, 20.7380142212, 36.4016342163, -46.212348938, 28.0224971771, -15.3464765549, 28.5709323883, -7.69333267212], [-397.174255371, 60.5921096802, -69.9341506958, 16.0382175446, 10.8609685898, 20.7380142212, 122.094093323, 30.5905170441, 23.563829422, -23.4180660248, 17.8142032623, -25.9214878082, -16.2471408844], [258.023406982, -200.402496338, 27.2145938873, -12.9939908981, -8.17724514008, 36.4016342163, 30.5905170441, 106.970413208, 1.20136880875, 33.9537162781, -24.5209617615, 8.24365520477, -23.8457584381], [-830.375244141, 141.381607056, 31.3993377686, 11.4526319504, -0.0035080590751, -46.212348938, 23.563829422, 1.20136880875, 110.614059448, -4.71840572357, 25.0634498596, -26.4988174438, 3.73365569115], [305.761383057, -206.706253052, 75.6327972412, 0.399720549583, -3.8485417366, 28.0224971771, -23.4180660248, 33.9537162781, -4.71840572357, 84.8559265137, -2.01235437393, 24.9501132965, -10.9114942551], [-238.828186035, 126.041870117, -59.1124076843, 7.61175346375, -6.47864532471, -15.3464765549, 17.8142032623, -24.5209617615, 25.0634498596, -2.01235437393, 68.9781188965, 10.9923677444, 11.0244903564], [496.514831543, -117.894477844, -4.23121356964, 3.0835442543, -15.1311178207, 28.5709323883, -25.9214878082, 8.24365520477, -26.4988174438, 24.9501132965, 10.9923677444, 71.8959732056, 22.7095031738], [46.1487083435, 72.0372009277, -20.3346652985, 2.20484137535, -3.33566570282, -7.69333267212, -16.2471408844, -23.8457584381, 3.73365569115, -10.9114942551, 11.0244903564, 22.7095031738, 56.0381660461]], "icov": [[0.000239311193582, -0.000447011494543, 0.000517542124726, -0.000450426508905, 0.00017111976922, -0.000470876722829, 0.000787895929534, -0.000874800607562, 0.00133701623417, -0.00123081495985, 0.00114154524636, -0.00106628390495, 0.000263597379671], [-0.000447011494543, 0.00274212262593, -0.000638403405901, 0.00155186851043, -0.00120420742314, 0.00133961893152, -0.00134792400058, 0.00309674348682, -0.00377541314811, 0.00499695818871, -0.00445606093854, 0.00402063457295, -0.00193860789295], [0.000517542124726, -0.000638403405901, 0.00327079859562, -0.00121519959066, -0.00179203110747, 0.000503983465023, 0.0023550784681, -0.00177877338137, 0.0018465006724, -0.00410849088803, 0.00409717485309, -0.00269960844889, 0.000882525753696], [-0.000450426508905, 0.00155186851043, -0.00121519959066, 0.00520449178293, -0.00125674391165, -0.000960487115663, -0.00180676148739, 0.003401160473, -0.00409262022004, 0.00373202865012, -0.00331555469893, 0.00241821049713, -0.000881290703546], [0.00017111976922, -0.00120420742314, -0.00179203110747, -0.00125674391165, 0.0109481262043, -0.00193017465062, -0.00111951085273, -3.09629722324e-05, 0.00276927882805, -0.00115445291158, 0.00112754281145, 0.000735381210689, -7.39334427635e-05], [-0.000470876722829, 0.00133961893152, 0.000503983465023, -0.000960487115663, -0.00193017465062, 0.0143997818232, -0.0052256626077, 0.000525432056747, 0.00120984006207, -0.00148246088065, 0.000858435232658, -0.00158580450807, -0.000438608520199], [0.000787895929534, -0.00134792400058, 0.0023550784681, -0.00180676148739, -0.00111951085273, -0.0052256626077, 0.0174486599863, -0.00956006161869, 0.00254974351265, 0.00192640302703, -0.00329828588292, 0.00183302490041, 0.002327617025], [-0.000874800607562, 0.00309674348682, -0.00177877338137, 0.003401160473, -3.09629722324e-05, 0.000525432056747, -0.00956006161869, 0.0218053795397, -0.00905621051788, 0.000699309166521, 0.00263348198496, -0.000169919774635, 0.00282790954225], [0.00133701623417, -0.00377541314811, 0.0018465006724, -0.00409262022004, 0.00276927882805, 0.00120984006207, 0.00254974351265, -0.00905621051788, 0.0228124521673, -0.0102397091687, 0.00204674527049, -0.000875340017956, -0.0017618535785], [-0.00123081495985, 0.00499695818871, -0.00410849088803, 0.00373202865012, -0.00115445291158, -0.00148246088065, 0.00192640302703, 0.000699309166521, -0.0102397091687, 0.0305662490427, -0.0143240634352, 0.00472178310156, 0.00107461807784], [0.00114154524636, -0.00445606093854, 0.00409717485309, -0.00331555469893, 0.00112754281145, 0.000858435232658, -0.00329828588292, 0.00263348198496, 0.00204674527049, -0.0143240634352, 0.033451076597, -0.0171126909554, 0.00418325839564], [-0.00106628390495, 0.00402063457295, -0.00269960844889, 0.00241821049713, 0.000735381210689, -0.00158580450807, 0.00183302490041, -0.000169919774635, -0.000875340017956, 0.00472178310156, -0.0171126909554, 0.0343534462154, -0.0146573977545], [0.000263597379671, -0.00193860789295, 0.000882525753696, -0.000881290703546, -7.39334427635e-05, -0.000438608520199, 0.002327617025, 0.00282790954225, -0.0017618535785, 0.00107461807784, 0.00418325839564, -0.0146573977545, 0.0277320593596]]}, "melbands": {"dmean": [0.00159992452245, 0.00301582436077, 0.00156262936071, 0.00103643524926, 0.000524791132193, 0.00033884352888, 0.000103394908365, 4.90517704748e-05, 3.98280280933e-05, 8.34790698718e-05, 5.26047660969e-05, 2.2293159418e-05, 3.11579751724e-05, 4.33391578554e-05, 1.14836666398e-05, 1.04236924017e-05, 7.33153183319e-06, 4.47215461463e-06, 3.49550305145e-06, 3.19317018693e-06, 3.30952366312e-06, 1.77056301709e-06, 2.63352353613e-06, 3.60237299901e-06, 1.68924066202e-06, 1.40625388667e-06, 1.31657293423e-06, 1.45661601891e-06, 1.29278544136e-06, 1.05470439848e-06, 9.63340880844e-07, 7.27175176962e-07, 6.28037355455e-07, 5.21606978054e-07, 4.86941360123e-07, 3.17078558965e-07, 2.98286209954e-07, 3.23449739881e-07, 5.75488854793e-07, 1.01502280359e-06], "dmean2": [0.00253199948929, 0.00541876349598, 0.00277051515877, 0.00177627336234, 0.000792934733909, 0.000485407392262, 0.000164045763086, 6.67915883241e-05, 5.08955672558e-05, 0.000101672361779, 6.60188816255e-05, 3.14923527185e-05, 4.60277442471e-05, 6.78067517583e-05, 1.72710933839e-05, 1.48845165313e-05, 1.0494102753e-05, 7.29450630388e-06, 5.66620974496e-06, 5.24271990798e-06, 5.30358602191e-06, 2.90601678898e-06, 4.46208514404e-06, 6.20849550614e-06, 2.85594342131e-06, 2.39906239585e-06, 2.17566184801e-06, 2.4486246275e-06, 2.1193466182e-06, 1.62185870067e-06, 1.49152572249e-06, 1.14465888146e-06, 1.00868942354e-06, 7.94609888999e-07, 7.32922046609e-07, 4.85939665396e-07, 4.47254507208e-07, 4.68578292612e-07, 8.69023097039e-07, 1.55717509642e-06], "dvar": [7.00503551343e-06, 3.79171906388e-05, 1.07979876702e-05, 3.25345945384e-06, 9.41727591908e-07, 4.47278580396e-07, 4.8479225967e-08, 1.04649977573e-08, 4.95399854472e-09, 3.61777097169e-08, 2.12323723048e-08, 2.11799311423e-09, 6.11551653762e-09, 5.97687233039e-09, 6.0003407798e-10, 3.56067675344e-10, 1.93887433886e-10, 1.32840599631e-10, 4.73723768546e-11, 3.61943530702e-11, 5.34235884697e-11, 9.08052973092e-12, 1.89340591816e-11, 5.17201559358e-11, 1.40829067158e-11, 8.29780601869e-12, 7.89291635522e-12, 1.36466411088e-11, 6.13281560952e-12, 5.23705774927e-12, 5.96113696599e-12, 2.02891783235e-12, 1.760035802e-12, 1.2091556055e-12, 1.27751563668e-12, 7.39444638333e-13, 3.14613000365e-13, 3.20045097195e-13, 1.21778650532e-12, 4.08456688611e-12], "dvar2": [1.56965779752e-05, 0.000106743485958, 3.01355794363e-05, 9.02087504073e-06, 2.31100830206e-06, 1.04638809262e-06, 1.10704121425e-07, 1.98117415806e-08, 8.60623128318e-09, 6.99683866401e-08, 3.98022770298e-08, 4.11457401484e-09, 1.38654376869e-08, 1.30147723709e-08, 1.22276500036e-09, 6.65873411965e-10, 3.53352402893e-10, 3.40360101214e-10, 1.19334486737e-10, 9.18315354315e-11, 1.29464258758e-10, 2.425456537e-11, 5.39800322497e-11, 1.54013385378e-10, 3.76736107588e-11, 2.27578320772e-11, 2.14546644339e-11, 3.82995961334e-11, 1.67178302451e-11, 1.38325375459e-11, 1.56689054093e-11, 5.16918409119e-12, 4.6673168802e-12, 2.64855672116e-12, 2.75059684231e-12, 2.0026888134e-12, 7.5851244773e-13, 7.19398228054e-13, 2.93910642352e-12, 9.9629800937e-12], "max": [0.0224841497838, 0.0563518963754, 0.0365133583546, 0.0275446027517, 0.0199731253088, 0.0119547722861, 0.00615650275722, 0.00249399361201, 0.0016454954166, 0.00413585081697, 0.00348449498415, 0.00125551351812, 0.00192755321041, 0.00194734253455, 0.00068946875399, 0.000480599148432, 0.000327770685544, 0.000180044749868, 8.87462520041e-05, 8.95018820302e-05, 0.000141217533383, 7.84165968071e-05, 5.80485102546e-05, 9.89794862107e-05, 0.000135786758619, 5.96360150666e-05, 4.87846664328e-05, 6.32895244053e-05, 3.75426134269e-05, 7.5625073805e-05, 8.18751650513e-05, 3.39274847647e-05, 2.90665648208e-05, 2.84121506411e-05, 2.75158654404e-05, 4.12301233155e-05, 1.76260800799e-05, 1.44260930028e-05, 2.38513130171e-05, 3.77776741516e-05], "mean": [0.00249331165105, 0.00331356213428, 0.00188840471674, 0.00174626905937, 0.0013954838505, 0.000750891806092, 0.000228569173487, 0.000136387199746, 0.000132600907818, 0.000288163777441, 0.00014866112906, 5.64756519452e-05, 7.4294192018e-05, 7.38677335903e-05, 2.63273323071e-05, 2.6363910365e-05, 1.45359099406e-05, 6.49919320495e-06, 6.13453084952e-06, 4.53017219115e-06, 4.98239933222e-06, 3.05921071231e-06, 3.82999860449e-06, 4.83143139718e-06, 2.77946082861e-06, 2.2303120204e-06, 1.96219480131e-06, 1.77072081442e-06, 1.67710777532e-06, 1.65380845374e-06, 1.3525337863e-06, 9.50691060098e-07, 7.98559369741e-07, 7.45540489788e-07, 6.81177539263e-07, 4.25706758733e-07, 3.9784148953e-07, 3.88348439628e-07, 5.72874739646e-07, 9.31021986617e-07], "median": [0.00131749990396, 0.00187858555, 0.00104146520607, 0.000853779376484, 0.000793447485194, 0.000442957738414, 0.000103097896499, 5.84393455938e-05, 6.01331630605e-05, 8.61551015987e-05, 4.40848270955e-05, 3.12920383294e-05, 3.23889507854e-05, 2.81728353002e-05, 9.76278261078e-06, 9.49367313297e-06, 5.22786331203e-06, 3.46957926922e-06, 3.38287577506e-06, 2.41209863816e-06, 2.16308853851e-06, 1.94586095859e-06, 2.03790591513e-06, 1.94235303752e-06, 1.176269393e-06, 9.08781828457e-07, 7.87165504335e-07, 7.26235896309e-07, 7.72978637542e-07, 7.74991406161e-07, 6.16590170921e-07, 4.1785023086e-07, 3.43160195371e-07, 3.24921757056e-07, 2.83174955484e-07, 1.88482005115e-07, 1.64590062468e-07, 1.38148166684e-07, 1.28138381683e-07, 1.44215235309e-07], "min": [1.29499485087e-23, 1.1384325458e-23, 1.09118285413e-23, 1.96916563567e-23, 5.57410496136e-24, 6.7373722684e-24, 1.51336354012e-23, 2.79443972918e-23, 1.19291632862e-23, 5.25404989261e-24, 7.17138145035e-24, 1.23304307963e-23, 7.5436070462e-24, 1.82209782379e-23, 1.06409368619e-23, 1.33752754875e-23, 1.35039481675e-23, 7.44411433111e-24, 2.62263465927e-23, 1.01616352311e-23, 1.19228847423e-23, 2.11802069081e-23, 1.51977839923e-23, 5.74803538032e-24, 8.59168764488e-24, 1.04802482621e-23, 1.08018076886e-23, 6.84988513273e-24, 1.09700070331e-23, 8.54438438955e-24, 4.96668600864e-24, 7.65123291722e-24, 1.00504547528e-23, 6.96718480503e-24, 1.02960287304e-23, 1.13105622302e-23, 9.58679465604e-24, 8.62902127608e-24, 9.9499238968e-24, 1.31956447597e-23], "var": [1.05744002212e-05, 2.6951856853e-05, 8.24359449325e-06, 5.95857000008e-06, 2.93207176583e-06, 1.03993522771e-06, 1.76195655399e-07, 4.59101663353e-08, 3.58323681837e-08, 2.2097644603e-07, 7.31905558382e-08, 7.27849691629e-09, 1.49688403894e-08, 1.69870499889e-08, 2.10430717296e-09, 1.76117420647e-09, 7.23137216774e-10, 1.31935379288e-10, 6.63440066773e-11, 4.19538292995e-11, 9.47450035094e-11, 1.30945549542e-11, 2.54803764893e-11, 6.60330470859e-11, 1.91879862693e-11, 1.18318800937e-11, 1.00373164641e-11, 1.10338734677e-11, 6.57901511047e-12, 7.43837803852e-12, 6.36472038268e-12, 2.45805589424e-12, 2.00396903932e-12, 2.0359668812e-12, 2.00900212265e-12, 7.39759544854e-13, 4.03532296554e-13, 4.12737037473e-13, 1.21076347732e-12, 3.82164048671e-12]}, "mfcc": {"mean": [-683.226074219, 149.396835327, 31.5263500214, 23.7186813354, 3.61093974113, 7.21209335327, 6.95076799393, 4.38878393173, 0.139470145106, -6.32090520859, -2.5919687748, -2.44366383553, -3.65982723236], "cov": [[11069.0859375, 507.435089111, -521.617431641, -362.298034668, -347.690887451, 10.0080881119, 254.758422852, 43.2827148438, 4.68437147141, -172.683547974, -19.5347442627, -107.291938782, -46.3147277832], [507.435089111, 1317.43200684, -159.011627197, -39.4877204895, -72.6248321533, -37.9846611023, -77.1189346313, 14.4173603058, -62.2650756836, -51.1983184814, -69.0560913086, -3.60705780983, -37.4830818176], [-521.617431641, -159.011627197, 460.826538086, 134.184951782, 163.61579895, 10.8644790649, -30.0886039734, -56.3227462769, 45.9881134033, -9.4714012146, -8.75499725342, 10.5677099228, 48.2781639099], [-362.298034668, -39.4877204895, 134.184951782, 209.734283447, 73.5316238403, 42.3177986145, -7.24102640152, 7.97637605667, 3.38700032234, 19.1865329742, -8.53132343292, 12.2294816971, 8.39129447937], [-347.690887451, -72.6248321533, 163.61579895, 73.5316238403, 152.641860962, 28.1224365234, -7.73050165176, -33.1784858704, 24.5958614349, -8.24440383911, -11.6073455811, -2.63248920441, 32.4573669434], [10.0080881119, -37.9846611023, 10.8644790649, 42.3177986145, 28.1224365234, 90.0486221313, 26.3980636597, 8.58787918091, -2.31849765778, -0.407912194729, -12.4723415375, 7.63704919815, 12.9817285538], [254.758422852, -77.1189346313, -30.0886039734, -7.24102640152, -7.73050165176, 26.3980636597, 108.334518433, 33.7870521545, 6.12165594101, 2.45321464539, 25.0020446777, -11.8300418854, -16.5463962555], [43.2827148438, 14.4173603058, -56.3227462769, 7.97637605667, -33.1784858704, 8.58787918091, 33.7870521545, 81.6456756592, 9.04295349121, 16.3557510376, 12.19602108, 3.98470878601, -19.2705059052], [4.68437147141, -62.2650756836, 45.9881134033, 3.38700032234, 24.5958614349, -2.31849765778, 6.12165594101, 9.04295349121, 65.964050293, 15.7421531677, 7.19665765762, 0.813228726387, 1.77058148384], [-172.683547974, -51.1983184814, -9.4714012146, 19.1865329742, -8.24440383911, -0.407912194729, 2.45321464539, 16.3557510376, 15.7421531677, 69.4545059204, 34.9104042053, -0.0795596539974, -15.0237436295], [-19.5347442627, -69.0560913086, -8.75499725342, -8.53132343292, -11.6073455811, -12.4723415375, 25.0020446777, 12.19602108, 7.19665765762, 34.9104042053, 76.0229949951, 15.0921506882, -20.6264610291], [-107.291938782, -3.60705780983, 10.5677099228, 12.2294816971, -2.63248920441, 7.63704919815, -11.8300418854, 3.98470878601, 0.813228726387, -0.0795596539974, 15.0921506882, 66.8440246582, 17.7776069641], [-46.3147277832, -37.4830818176, 48.2781639099, 8.39129447937, 32.4573669434, 12.9817285538, -16.5463962555, -19.2705059052, 1.77058148384, -15.0237436295, -20.6264610291, 17.7776069641, 76.9328918457]], "icov": [[0.000117877432785, -5.10069221491e-05, 4.48619139206e-05, 2.10874750337e-05, 0.000312280666549, -0.000114062560897, -0.000253844133113, 0.000158076305524, -0.000280407926766, 0.000372663431335, -0.000141031647217, 0.000214068291825, -0.000119891919894], [-5.10069221491e-05, 0.00095584342489, 0.000218084358494, -1.04159544208e-05, -0.000205709147849, 0.000328943831846, 0.000764819502365, -0.000493752886541, 0.000672125199344, 0.000278218358289, 0.000788734061643, -0.000314350269036, 0.000694344751537], [4.48619139206e-05, 0.000218084358494, 0.00442236615345, -0.00209797150455, -0.00281722308137, 0.00115302938502, 0.000250259763561, 0.00171493366361, -0.00217347894795, 0.00141222029924, -0.000743579352275, -0.000128845975269, -0.000779492314905], [2.10874750337e-05, -1.04159544208e-05, -0.00209797150455, 0.00805539917201, -0.00256170425564, -0.00238222791813, 0.000628700829111, -0.00277120922692, 0.00281789666042, -0.00358042679727, 0.00224415119737, -0.00162731145974, 0.00158302683849], [0.000312280666549, -0.000205709147849, -0.00281722308137, -0.00256170425564, 0.0143387774006, -0.00346142984927, -0.000646601023618, 0.00392557820305, -0.00454716105014, 0.00310694472864, -0.00201390287839, 0.00335118570365, -0.00308895669878], [-0.000114062560897, 0.000328943831846, 0.00115302938502, -0.00238222791813, -0.00346142984927, 0.0162445306778, -0.00534971337765, -0.000470162340207, 0.00219510099851, -0.00282775238156, 0.00565270707011, -0.00383042450994, -0.00112331623677], [-0.000253844133113, 0.000764819502365, 0.000250259763561, 0.000628700829111, -0.000646601023618, -0.00534971337765, 0.0157938431948, -0.00588386878371, -0.000431861088146, 0.00440886709839, -0.00711518712342, 0.00456142285839, 0.00100197654683], [0.000158076305524, -0.000493752886541, 0.00171493366361, -0.00277120922692, 0.00392557820305, -0.000470162340207, -0.00588386878371, 0.0189885739237, -0.00474239652976, -0.00189173256513, 0.00102244794834, -0.00207302742638, 0.00148759654257], [-0.000280407926766, 0.000672125199344, -0.00217347894795, 0.00281789666042, -0.00454716105014, 0.00219510099851, -0.000431861088146, -0.00474239652976, 0.0209227465093, -0.0066726594232, 0.00290156132542, -0.00197487371042, 0.000932167575229], [0.000372663431335, 0.000278218358289, 0.00141222029924, -0.00358042679727, 0.00310694472864, -0.00282775238156, 0.00440886709839, -0.00189173256513, -0.0066726594232, 0.0254912655801, -0.0132541498169, 0.00553996209055, -0.00019717651594], [-0.000141031647217, 0.000788734061643, -0.000743579352275, 0.00224415119737, -0.00201390287839, 0.00565270707011, -0.00711518712342, 0.00102244794834, 0.00290156132542, -0.0132541498169, 0.0261804200709, -0.0100336447358, 0.00582553585991], [0.000214068291825, -0.000314350269036, -0.000128845975269, -0.00162731145974, 0.00335118570365, -0.00383042450994, 0.00456142285839, -0.00207302742638, -0.00197487371042, 0.00553996209055, -0.0100336447358, 0.0211350228637, -0.00651830388233], [-0.000119891919894, 0.000694344751537, -0.000779492314905, 0.00158302683849, -0.00308895669878, -0.00112331623677, 0.00100197654683, 0.00148759654257, 0.000932167575229, -0.00019717651594, 0.00582553585991, -0.00651830388233, 0.0186700019985]]}, "spectral_contrast_coeffs": {"dmean": [0.0489422641695, 0.0402214378119, 0.0324016809464, 0.0264082569629, 0.020773852244, 0.0195755083114], "dmean2": [0.0830766260624, 0.0636988058686, 0.0501208081841, 0.0414356403053, 0.0330034866929, 0.0297846477479], "dvar": [0.00167318503372, 0.00120561604854, 0.000859349966049, 0.000505518459249, 0.000361041660653, 0.000305618013954], "dvar2": [0.00469174096361, 0.00294780149125, 0.00197422597557, 0.0011426982237, 0.000790514226537, 0.000667047686875], "max": [-0.367143243551, -0.4379093647, -0.420874387026, -0.537881374359, -0.593602657318, -0.611160159111], "mean": [-0.63631683588, -0.679634451866, -0.726248800755, -0.792254626751, -0.811653375626, -0.791522860527], "median": [-0.636695981026, -0.677427530289, -0.728321611881, -0.796793043613, -0.818064689636, -0.790867626667], "min": [-0.964540600777, -0.965633332729, -0.958952069283, -0.9610658288, -0.951477706432, -0.957400262356], "var": [0.00579559011385, 0.00510386470705, 0.00541226565838, 0.00336121115834, 0.00216722069308, 0.00151744124014]}, "spectral_contrast_valleys": {"dmean": [0.404761344194, 0.322608619928, 0.308369457722, 0.344859987497, 0.388015329838, 0.530789732933], "dmean2": [0.662184417248, 0.511208117008, 0.472179442644, 0.499719500542, 0.515047073364, 0.569208800793], "dvar": [0.165177553892, 0.107511356473, 0.108451098204, 0.137917488813, 0.178721472621, 0.219125717878], "dvar2": [0.342724084854, 0.21746057272, 0.215387910604, 0.250997871161, 0.311393976212, 0.31428411603], "max": [-4.76214599609, -4.85867834091, -5.460430622