{"lowlevel": {"average_loudness": 0.466313779354, "barkbands_crest": {"dmean": 1.7334189415, "dmean2": 2.68877577782, "dvar": 2.7366642952, "dvar2": 6.62793397903, "max": 26.0414428711, "mean": 9.68055057526, "median": 8.76400566101, "min": 3.35541439056, "var": 14.6147737503}, "barkbands_flatness_db": {"dmean": 0.0123951444402, "dmean2": 0.018616521731, "dvar": 0.000154486435349, "dvar2": 0.00034336670069, "max": 0.493724167347, "mean": 0.201646357775, "median": 0.192855879664, "min": 0.0461351051927, "var": 0.00246451701969}, "barkbands_kurtosis": {"dmean": 1.67407393456, "dmean2": 2.60976934433, "dvar": 7.40934562683, "dvar2": 15.7693824768, "max": 85.962677002, "mean": 3.08509540558, "median": 1.66609048843, "min": -1.84981334209, "var": 27.2499370575}, "barkbands_skewness": {"dmean": 0.396200805902, "dmean2": 0.605630338192, "dvar": 0.135723635554, "dvar2": 0.294519424438, "max": 7.89470624924, "mean": 1.15601110458, "median": 1.0106831789, "min": -2.08706355095, "var": 0.899654865265}, "barkbands_spread": {"dmean": 2.10425448418, "dmean2": 3.28465366364, "dvar": 4.65772867203, "dvar2": 11.135559082, "max": 119.671806335, "mean": 12.7339277267, "median": 11.8391447067, "min": 0.638663589954, "var": 57.3377113342}, "dissonance": {"dmean": 0.0307868011296, "dmean2": 0.0516108050942, "dvar": 0.000766781449784, "dvar2": 0.00205275858752, "max": 0.499904960394, "mean": 0.423996508121, "median": 0.435842722654, "min": 0, "var": 0.0026682424359}, "dynamic_complexity": 4.74039268494, "erbbands_crest": {"dmean": 3.37579846382, "dmean2": 5.44711589813, "dvar": 8.70769882202, "dvar2": 21.247751236, "max": 32.0960731506, "mean": 12.0678157806, "median": 11.1333370209, "min": 2.40486931801, "var": 24.2093372345}, "erbbands_flatness_db": {"dmean": 0.0162193272263, "dmean2": 0.024904049933, "dvar": 0.000214735686313, "dvar2": 0.000513796810992, "max": 0.403652131557, "mean": 0.228573575616, "median": 0.230124905705, "min": 0.0371097959578, "var": 0.00176352669951}, "erbbands_kurtosis": {"dmean": 1.3792078495, "dmean2": 2.21460556984, "dvar": 4.2003068924, "dvar2": 10.4796724319, "max": 49.3654823303, "mean": 1.83677637577, "median": 1.21302223206, "min": -1.58281481266, "var": 7.81456804276}, "erbbands_skewness": {"dmean": 0.342380434275, "dmean2": 0.536148250103, "dvar": 0.0999867767096, "dvar2": 0.24117577076, "max": 4.11735343933, "mean": 0.712831318378, "median": 0.694064557552, "min": -2.32943487167, "var": 0.381266921759}, "erbbands_spread": {"dmean": 5.00731945038, "dmean2": 7.91997814178, "dvar": 20.0624828339, "dvar2": 49.4313812256, "max": 94.9006118774, "mean": 22.1598052979, "median": 20.0601921082, "min": 1.93331933022, "var": 125.895965576}, "hfc": {"dmean": 3.60327196121, "dmean2": 5.52458715439, "dvar": 51.7018966675, "dvar2": 128.279495239, "max": 178.011474609, "mean": 14.5746641159, "median": 12.2394895554, "min": 1.19644369947e-16, "var": 210.104217529}, "melbands_crest": {"dmean": 1.93536221981, "dmean2": 3.01515507698, "dvar": 3.74810767174, "dvar2": 9.33726882935, "max": 30.6323280334, "mean": 11.9579544067, "median": 11.1126728058, "min": 1.71239221096, "var": 18.8765029907}, "melbands_flatness_db": {"dmean": 0.0121514499187, "dmean2": 0.0178653039038, "dvar": 0.000160920142662, "dvar2": 0.000329067726852, "max": 0.604958236217, "mean": 0.264102369547, "median": 0.249121949077, "min": 0.0043501467444, "var": 0.00441897148266}, "melbands_kurtosis": {"dmean": 2.95365428925, "dmean2": 4.64332437515, "dvar": 20.7439479828, "dvar2": 46.1686019897, "max": 132.015396118, "mean": 6.10674619675, "median": 3.09997797012, "min": -1.6615177393, "var": 98.5481948853}, "melbands_skewness": {"dmean": 0.480395287275, "dmean2": 0.736493527889, "dvar": 0.204713061452, "dvar2": 0.46055072546, "max": 9.06735229492, "mean": 1.60606360435, "median": 1.37625730038, "min": -1.19036746025, "var": 1.396692276}, "melbands_spread": {"dmean": 2.89448857307, "dmean2": 4.49979543686, "dvar": 12.3845157623, "dvar2": 28.1557712555, "max": 165.57623291, "mean": 16.4996452332, "median": 15.0613365173, "min": 0.70291185379, "var": 148.180221558}, "pitch_salience": {"dmean": 0.0490187332034, "dmean2": 0.076407276094, "dvar": 0.00169866846409, "dvar2": 0.00414945930243, "max": 0.960479140282, "mean": 0.503614723682, "median": 0.500528633595, "min": 0.0598394945264, "var": 0.0122220730409}, "silence_rate_20dB": {"dmean": 0, "dmean2": 0, "dvar": 0, "dvar2": 0, "max": 1, "mean": 1, "median": 1, "min": 1, "var": 0}, "silence_rate_30dB": {"dmean": 0.00920863263309, "dmean2": 0.0184199158102, "dvar": 0.0091230943799, "dvar2": 0.020092761144, "max": 1, "mean": 0.969644665718, "median": 1, "min": 0, "var": 0.029430616647}, "silence_rate_60dB": {"dmean": 0.0155395679176, "dmean2": 0.0309397038072, "dvar": 0.0153003381565, "dvar2": 0.0354540795088, "max": 1, "mean": 0.0838728249073, "median": 0, "min": 0, "var": 0.0768381878734}, "spectral_centroid": {"dmean": 103.977661133, "dmean2": 163.502838135, "dvar": 28862.7617188, "dvar2": 46039.0234375, "max": 11659.3007812, "mean": 890.828430176, "median": 817.360595703, "min": 156.301528931, "var": 216345.5}, "spectral_complexity": {"dmean": 1.636546731, "dmean2": 2.80097866058, "dvar": 2.56287574768, "dvar2": 7.0081615448, "max": 37, "mean": 13.2508993149, "median": 14, "min": 0, "var": 33.6342048645}, "spectral_decrease": {"dmean": 1.43940381836e-09, "dmean2": 2.0980270854e-09, "dvar": 1.03418636588e-17, "dvar2": 2.41015482731e-17, "max": 4.4590406001e-29, "mean": -7.0535119967e-09, "median": -5.68658542477e-09, "min": -8.64563602931e-08, "var": 6.10834170318e-17}, "spectral_energy": {"dmean": 0.00572743592784, "dmean2": 0.00837049912661, "dvar": 0.000160815136041, "dvar2": 0.000376113894163, "max": 0.331811189651, "mean": 0.0279434993863, "median": 0.0226530581713, "min": 1.06837985527e-20, "var": 0.000936806085519}, "spectral_energyband_high": {"dmean": 3.46382330463e-05, "dmean2": 6.01805477345e-05, "dvar": 5.46615686048e-09, "dvar2": 1.5909810358e-08, "max": 0.00231595966034, "mean": 0.00012673115998, "median": 8.59891952132e-05, "min": 7.80621006941e-21, "var": 2.40620430247e-08}, "spectral_energyband_low": {"dmean": 0.00208711880259, "dmean2": 0.00278772274032, "dvar": 4.28464772995e-05, "dvar2": 9.42875631154e-05, "max": 0.236670941114, "mean": 0.00889497157186, "median": 0.00385129498318, "min": 4.50918415451e-23, "var": 0.000262217246927}, "spectral_energyband_middle_high": {"dmean": 0.00206363503821, "dmean2": 0.00320684583858, "dvar": 9.57732572715e-06, "dvar2": 2.35097541008e-05, "max": 0.0513640269637, "mean": 0.00550551293418, "median": 0.00375153520145, "min": 1.48707333682e-21, "var": 3.57688768418e-05}, "spectral_energyband_middle_low": {"dmean": 0.00406789174303, "dmean2": 0.0059130564332, "dvar": 0.000115251350508, "dvar2": 0.000279261788819, "max": 0.273689061403, "mean": 0.0152420410886, "median": 0.0111243017018, "min": 2.07302346524e-22, "var": 0.00041674944805}, "spectral_entropy": {"dmean": 0.108113653958, "dmean2": 0.163966938853, "dvar": 0.0142542943358, "dvar2": 0.0309839807451, "max": 9.80675506592, "mean": 6.90558004379, "median": 7.01478052139, "min": 4.55717897415, "var": 0.285371363163}, "spectral_flux": {"dmean": 0.0136129520833, "dmean2": 0.0230084229261, "dvar": 0.00040526749217, "dvar2": 0.00102866860107, "max": 0.441552221775, "mean": 0.0551172234118, "median": 0.0541596785188, "min": 1.03362464421e-10, "var": 0.00109279341996}, "spectral_kurtosis": {"dmean": 3.08407855034, "dmean2": 5.33332300186, "dvar": 13.6865196228, "dvar2": 37.9917030334, "max": 80.3718948364, "mean": 7.78238344193, "median": 5.47330093384, "min": -1.1873575449, "var": 58.441822052}, "spectral_rms": {"dmean": 0.000465647608507, "dmean2": 0.000669967615977, "dvar": 3.72393458292e-07, "dvar2": 8.32967373299e-07, "max": 0.0179921723902, "mean": 0.00466690491885, "median": 0.00470112171024, "min": 3.22850101687e-12, "var": 5.48209618501e-06}, "spectral_rolloff": {"dmean": 149.632644653, "dmean2": 260.628417969, "dvar": 99132.4140625, "dvar2": 162795.6875, "max": 20241.2109375, "mean": 1002.8536377, "median": 839.794921875, "min": 86.1328125, "var": 2338409.5}, "spectral_skewness": {"dmean": 0.282893568277, "dmean2": 0.479392468929, "dvar": 0.0791091173887, "dvar2": 0.219662234187, "max": 7.0283164978, "mean": 1.90500593185, "median": 1.6796245575, "min": -0.0552640259266, "var": 0.672436714172}, "spectral_spread": {"dmean": 206178.234375, "dmean2": 343152.1875, "dvar": 227704782848, "dvar2": 251884912640, "max": 39631192, "mean": 3085167, "median": 2939836.5, "min": 868351.5625, "var": 1269248163840.0}, "spectral_strongpeak": {"dmean": 0.604171931744, "dmean2": 1.01889133453, "dvar": 0.888426661491, "dvar2": 2.10613632202, "max": 10.5011672974, "mean": 1.2289494276, "median": 0.79413664341, "min": 0, "var": 1.73907101154}, "zerocrossingrate": {"dmean": 0.00366309285164, "dmean2": 0.00469569303095, "dvar": 3.54486437573e-05, "dvar2": 3.72402464563e-05, "max": 0.50439453125, "mean": 0.038432393223, "median": 0.03515625, "min": 0.0048828125, "var": 0.00124234647956}, "barkbands": {"dmean": [1.0855281289e-05, 0.000505225674715, 0.00139346439391, 0.000532619946171, 0.00126068398822, 0.000633593823295, 0.00068641960388, 0.00196090899408, 0.00085932482034, 0.000888297858182, 0.000853690435179, 0.0010391647229, 0.000118395910249, 0.000163607779541, 0.00014045307762, 7.76583110564e-05, 0.000129117950564, 6.61346930428e-05, 6.35980686639e-05, 4.52128588222e-05, 1.72604759427e-05, 8.67048220243e-06, 3.78040272153e-06, 9.36926198847e-07, 2.21671456302e-07, 9.26818586322e-08, 2.3066428767e-08], "dmean2": [1.8123362679e-05, 0.000764912925661, 0.00173916993663, 0.00074251415208, 0.0016135412734, 0.000838410516735, 0.00101623788942, 0.00294423173182, 0.00132997345645, 0.00135051377583, 0.00132755073719, 0.00163276738022, 0.000194858628674, 0.00027619197499, 0.000234829465626, 0.000131244305521, 0.000221668437007, 0.000115132781502, 0.000109844986582, 7.79130350566e-05, 3.01946274703e-05, 1.50987843881e-05, 6.51815844321e-06, 1.59844319114e-06, 3.76397281343e-07, 1.5384942742e-07, 3.86803939989e-08], "dvar": [4.20890211572e-10, 1.22785650092e-06, 2.218879672e-05, 8.91394938662e-06, 1.44055875353e-05, 9.65682829701e-07, 6.13323072685e-06, 5.55459228053e-05, 1.97185436264e-05, 1.95509460355e-06, 2.77291928796e-06, 4.98579447594e-06, 1.29752962152e-07, 2.78485202898e-07, 2.00558886831e-07, 4.74506478554e-08, 1.52270771991e-07, 1.76949566111e-08, 3.36667618228e-08, 1.38747120459e-08, 2.91931967489e-09, 2.24252144632e-10, 8.36494901124e-11, 3.98007625121e-12, 1.87064231293e-12, 6.13018641925e-13, 2.27571444084e-14], "dvar2": [1.07485786938e-09, 3.03323622575e-06, 4.13769448642e-05, 2.92817130685e-05, 2.40183217102e-05, 2.03907552532e-06, 1.59159480972e-05, 0.000136917253258, 5.11892940267e-05, 4.35382844444e-06, 6.91672312314e-06, 1.25290916912e-05, 3.53876885129e-07, 7.38977803394e-07, 5.3570477121e-07, 1.21032229572e-07, 4.34514618064e-07, 5.1803155543e-08, 9.40611428746e-08, 3.92326562348e-08, 8.96811780393e-09, 6.75871525413e-10, 2.4351601291e-10, 1.03096879991e-11, 5.15337295406e-12, 1.59292696221e-12, 5.68673051899e-14], "max": [0.000549922813661, 0.0405312813818, 0.179014414549, 0.144405722618, 0.160024002194, 0.0239371322095, 0.106643043458, 0.210047632456, 0.157268241048, 0.027309121564, 0.0286764968187, 0.0409970209002, 0.00923056993634, 0.0115079609677, 0.0163477752358, 0.00570582365617, 0.0108906142414, 0.00342150358483, 0.0057401638478, 0.00380212417804, 0.00191479513887, 0.000402551610023, 0.000411032960983, 7.49358005123e-05, 8.86215348146e-05, 3.72828180843e-05, 6.22505558567e-06], "mean": [1.86204797501e-05, 0.00189100159332, 0.00548596912995, 0.00172665435821, 0.00391697976738, 0.002077128971, 0.00163428892847, 0.00352427712642, 0.00149168155622, 0.00176826829556, 0.00142978085205, 0.00159762403928, 0.000180723334779, 0.000236287960433, 0.000220952162636, 0.00011909269233, 0.000207537246752, 0.000119202362839, 0.000120219359815, 9.13136536838e-05, 3.95746210415e-05, 2.78653678834e-05, 1.41894615808e-05, 3.26437771037e-06, 7.09098458174e-07, 2.34602566707e-07, 8.07424100913e-08], "median": [4.50059769719e-06, 0.000796802341938, 0.00154944672249, 0.000491230050102, 0.00169847125653, 0.000864828703925, 0.000760214228649, 0.00134432408959, 0.00067268521525, 0.000825389462989, 0.00040150390123, 0.000458978407551, 5.76904640184e-05, 5.36897423444e-05, 4.87372672069e-05, 4.30164109275e-05, 9.10665039555e-05, 5.31294281245e-05, 4.43038152298e-05, 5.24480637978e-05, 1.7989652406e-05, 1.7724083591e-05, 8.57461145642e-06, 2.23695747081e-06, 3.24016582454e-07, 5.11966611327e-08, 3.52240681067e-09], "min": [4.21809645263e-24, 1.59420711009e-23, 2.21316283801e-23, 4.23806962189e-24, 1.21902439026e-23, 4.20183605722e-23, 7.12357679504e-23, 1.93659262226e-23, 5.06812523801e-23, 4.43014470942e-23, 1.51423870241e-22, 1.39737268273e-22, 1.14625995502e-22, 1.23955897604e-22, 1.90032527856e-22, 8.81907869407e-23, 1.24067713905e-22, 1.5473514229e-22, 1.92808535693e-22, 2.50591801828e-22, 3.32575402026e-22, 6.86260469441e-22, 8.7747454685e-22, 9.84854646679e-22, 1.21430002851e-21, 1.50161281323e-21, 2.27454978484e-21], "var": [1.35803479573e-09, 9.33360479394e-06, 0.000148880470078, 1.88731464732e-05, 6.76563504385e-05, 8.36437902763e-06, 1.64850134752e-05, 0.000104056212876, 2.97888527712e-05, 5.93594495513e-06, 6.09913195149e-06, 8.93053129403e-06, 2.12458843407e-07, 4.74885695212e-07, 3.87146087633e-07, 8.22308408033e-08, 2.43352502594e-07, 3.61484069344e-08, 6.2667375289e-08, 2.66569184504e-08, 5.48884449003e-09, 1.0430384334e-09, 3.19193588227e-10, 1.41346188226e-11, 3.02938403529e-12, 8.94086454178e-13, 7.52244539446e-14]}, "erbbands": {"dmean": [0.0100516546518, 0.14247520268, 1.13870620728, 2.27733182907, 1.4636054039, 5.34839105606, 6.48191738129, 4.05165338516, 8.83769130707, 23.2866210938, 43.4580917358, 17.4269046783, 27.7410163879, 33.5348129272, 21.7195720673, 46.0542755127, 10.2282905579, 9.18854999542, 5.73825311661, 5.54245710373, 4.81137943268, 5.5362329483, 2.52868843079, 4.06753540039, 3.48777079582, 1.7859005928, 0.902910172939, 0.469494462013, 0.314955979586, 0.195537567139, 0.106226369739, 0.0296454280615, 0.0143446335569, 0.00396370328963, 0.00112724071369, 0.000538198801223, 0.000144133635331, 3.00823267025e-05, 5.70011616219e-06, 6.52324069961e-06], "dmean2": [0.013772778213, 0.220603853464, 1.57067942619, 2.8068561554, 1.91096401215, 6.8821849823, 9.08326721191, 5.27263593674, 12.5007143021, 34.3319549561, 65.7690658569, 26.9047489166, 42.719619751, 49.7833786011, 34.3825340271, 72.4570922852, 16.459569931, 15.4983949661, 9.55771923065, 9.30701160431, 8.20549201965, 9.49925041199, 4.38641786575, 7.04742431641, 5.96432209015, 3.08615779877, 1.57065963745, 0.818273425102, 0.548345685005, 0.339401811361, 0.183509916067, 0.0500664152205, 0.024614488706, 0.00675661116838, 0.00189055700321, 0.000902681553271, 0.000243282382144, 5.11035468662e-05, 8.7773469204e-06, 9.54383813223e-06], "dvar": [0.000326389883412, 0.116896480322, 14.0470266342, 94.5138931274, 61.1034622192, 274.045257568, 191.302307129, 37.936870575, 401.353820801, 6932.98144531, 37579.6367188, 5602.61279297, 2165.60766602, 4380.30224609, 2826.49755859, 10114.4726562, 784.452819824, 874.557800293, 270.163391113, 211.958374023, 196.142272949, 247.493164062, 50.4000587463, 53.7705841064, 149.264526367, 12.0181303024, 6.76516532898, 1.50254428387, 0.357122182846, 0.216091424227, 0.0369325093925, 0.00394709501415, 0.00116973894183, 0.000319534447044, 9.59447497735e-05, 1.96393866645e-05, 1.89864124422e-06, 5.97527431978e-08, 5.64746693854e-10, 2.02112382386e-10], "dvar2": [0.000783367839176, 0.292836338282, 29.6645736694, 252.581314087, 125.624641418, 444.809967041, 424.289093018, 65.2247695923, 989.444030762, 16847.9257812, 94178.2734375, 14817.0859375, 4968.68652344, 9927.3203125, 7190.47558594, 25654.9394531, 2021.3770752, 2308.04199219, 706.705444336, 567.432312012, 555.351257324, 690.50579834, 151.875671387, 152.862289429, 422.962524414, 34.2246780396, 20.3865642548, 4.54719114304, 1.08289301395, 0.641293048859, 0.106770098209, 0.0104389199987, 0.00323250819929, 0.000838406383991, 0.000269572861725, 5.14629573445e-05, 4.97118844578e-06, 1.52893761651e-07, 1.29224664303e-09, 4.67646699143e-10], "max": [0.838946402073, 13.8449544907, 119.452194214, 438.232330322, 433.29473877, 854.770202637, 355.164703369, 189.431030273, 755.740478516, 3544.16259766, 5781.52050781, 2564.96655273, 784.569152832, 1156.23449707, 1376.57177734, 2006.71948242, 723.911743164, 664.236694336, 429.519714355, 536.512084961, 404.076202393, 482.746551514, 233.518264771, 114.423950195, 365.833404541, 74.55418396, 95.0765533447, 33.4096298218, 18.6314353943, 20.6843681335, 4.64635467529, 2.35975694656, 1.26982414722, 0.953637480736, 0.656985878944, 0.18765681982, 0.0770897343755, 0.0107020204887, 0.00100501708221, 0.000387527659768], "mean": [0.0447133816779, 0.531334936619, 4.20404958725, 8.77030086517, 4.9162569046, 16.2298660278, 18.6873970032, 13.9707632065, 23.9329280853, 44.2062797546, 78.9989013672, 32.4166755676, 49.2575035095, 66.986618042, 38.7261619568, 71.2705535889, 17.6657352448, 13.9237594604, 9.45376873016, 9.46970653534, 8.11787414551, 9.55014896393, 5.38294887543, 7.73581409454, 6.53628969193, 3.89703464508, 2.10510230064, 1.2854937315, 1.00410401821, 0.667301595211, 0.382079750299, 0.104792900383, 0.0486325211823, 0.0139065282419, 0.00355722545646, 0.00132473534904, 0.00037618947681, 9.53490452957e-05, 2.75975307886e-05, 3.25549117406e-05], "median": [0.0171104222536, 0.269067823887, 1.37373590469, 2.58287596703, 1.47819316387, 7.06649684906, 7.97224521637, 6.5410656929, 10.7614593506, 20.1306762695, 27.2653236389, 16.7668800354, 23.3456707001, 17.9971256256, 15.8418703079, 20.9066562653, 6.44364261627, 4.01989603043, 2.4822883606, 3.5323266983, 2.89893507957, 4.90325021744, 3.34630942345, 3.08166861534, 2.4266409874, 2.38569068909, 1.08362901211, 0.724549293518, 0.618766188622, 0.379861831665, 0.234849318862, 0.0761009305716, 0.0239548012614, 0.0073619633913, 0.00151490338612, 0.000379331264412, 5.28010314156e-05, 7.95934738562e-06, 1.31057659019e-05, 2.65142698481e-05], "min": [8.05678107056e-22, 2.34766095915e-21, 2.01100806259e-20, 2.39489014485e-20, 1.34524326474e-20, 6.39048269621e-20, 7.20711610972e-20, 4.6636473955e-19, 1.0156973489e-18, 7.07613464466e-19, 5.11921815184e-19, 1.08070040676e-18, 1.51036086778e-18, 3.06684057024e-18, 8.30271124758e-18, 3.56378069696e-18, 5.64597338336e-18, 5.81562275032e-18, 1.18691864854e-17, 5.34101877488e-18, 4.75136348881e-18, 7.29303473956e-18, 8.83775069293e-18, 8.31862206666e-18, 1.22206207861e-17, 1.19549915847e-17, 9.31706546196e-18, 1.91985278364e-17, 2.09975960379e-17, 2.13574493828e-17, 2.46871127374e-17, 2.11162898383e-17, 1.76569096744e-17, 1.31076412985e-17, 8.88606631251e-18, 6.13632398253e-18, 2.72618918922e-18, 1.16564978772e-18, 3.13377168271e-19, 3.57670247305e-20], "var": [0.00563648343086, 0.671106338501, 78.6601638794, 440.558990479, 243.812850952, 1355.14099121, 797.362670898, 388.461639404, 1455.4074707, 12449.7197266, 68797.515625, 8130.00732422, 5045.94433594, 13660.3134766, 5488.11230469, 18138.5898438, 1450.87890625, 1507.78942871, 530.140991211, 420.977508545, 332.789367676, 409.303527832, 95.0656661987, 119.604003906, 269.784912109, 28.1229877472, 14.3816308975, 3.48937678337, 1.43651294708, 0.729332566261, 0.219140291214, 0.014594707638, 0.00397726567462, 0.000576458580326, 0.000118941046821, 2.74544981949e-05, 2.5482786441e-06, 1.22289534943e-07, 2.79629630562e-09, 1.23359000792e-09]}, "gfcc": {"mean": [-72.904624939, 155.041213989, -136.951019287, 27.013584137, -65.5985412598, -0.585149943829, -17.1672134399, -0.859221637249, -13.2149791718, -13.2954645157, -4.100274086, -12.454158783, -4.74059438705], "cov": [[13309.9023438, 2312.45043945, -1790.5222168, 212.042678833, -468.963439941, -136.593399048, 65.8365707397, -456.259643555, -57.9014625549, -685.658325195, 238.197952271, 117.129364014, 14.2336702347], [2312.45043945, 1087.5690918, -149.486373901, -68.9015197754, -35.1325683594, -40.7459144592, 16.3635883331, -90.048866272, 1.84799420834, -177.756576538, 117.595832825, -93.551574707, 64.7584762573], [-1790.5222168, -149.486373901, 664.27722168, -70.2582931519, 159.055953979, 6.26878881454, -152.234085083, 148.876541138, -5.99106121063, 150.811721802, -139.146255493, -159.545852661, -22.6789627075], [212.042678833, -68.9015197754, -70.2582931519, 404.91027832, -201.847106934, 92.5648956299, 156.526870728, -21.8532066345, 185.136993408, -97.1840820312, 69.0612487793, 177.656158447, 103.052528381], [-468.963439941, -35.1325683594, 159.055953979, -201.847106934, 410.388305664, -21.6083087921, -101.964279175, 39.6792640686, -119.647605896, 153.385162354, -127.211624146, -149.208206177, -115.257629395], [-136.593399048, -40.7459144592, 6.26878881454, 92.5648956299, -21.6083087921, 128.753662109, 68.8956756592, 15.1659727097, 76.3756027222, -1.9369238615, 31.4146060944, 26.1131839752, 37.7670898438], [65.8365707397, 16.3635883331, -152.234085083, 156.526870728, -101.964279175, 68.8956756592, 245.417205811, -23.7495880127, 92.5214385986, -76.9688568115, 92.0146255493, 142.977203369, 43.6044960022], [-456.259643555, -90.048866272, 148.876541138, -21.8532066345, 39.6792640686, 15.1659727097, -23.7495880127, 140.827102661, 36.1304702759, 71.9948654175, -57.0770606995, -48.4514122009, 1.18261563778], [-57.9014625549, 1.84799420834, -5.99106121063, 185.136993408, -119.647605896, 76.3756027222, 92.5214385986, 36.1304702759, 250.95413208, -11.4611330032, 45.2423820496, 89.1319580078, 81.8427581787], [-685.658325195, -177.756576538, 150.811721802, -97.1840820312, 153.385162354, -1.9369238615, -76.9688568115, 71.9948654175, -11.4611330032, 217.207626343, -85.2203445435, -87.0665206909, -46.6937866211], [238.197952271, 117.595832825, -139.146255493, 69.0612487793, -127.211624146, 31.4146060944, 92.0146255493, -57.0770606995, 45.2423820496, -85.2203445435, 181.757858276, 112.228813171, 62.5535736084], [117.129364014, -93.551574707, -159.545852661, 177.656158447, -149.208206177, 26.1131839752, 142.977203369, -48.4514122009, 89.1319580078, -87.0665206909, 112.228813171, 235.605636597, 84.3225021362], [14.2336702347, 64.7584762573, -22.6789627075, 103.052528381, -115.257629395, 37.7670898438, 43.6044960022, 1.18261563778, 81.8427581787, -46.6937866211, 62.5535736084, 84.3225021362, 132.291641235]], "icov": [[0.00034641608363, -0.000928211025894, 0.000939061574172, -0.000463001633761, 0.000308079615934, -0.000556513376068, 0.000979681732133, -0.000420505588409, 0.000293276680168, -5.53494173801e-05, 0.000808228622191, -0.000858077255543, 0.00101068336517], [-0.000928211025894, 0.00443227076903, -0.00225667632185, 0.00139573088381, -0.00170786562376, 0.00313858757727, -0.00348984310403, 0.00190751429182, -0.00173175393138, 0.00189211266115, -0.00375033519231, 0.00559812737629, -0.00485034892336], [0.000939061574172, -0.00225667632185, 0.00511331157759, -0.00188650807831, 0.000235825791606, -0.00146730185952, 0.00356113607995, -0.0029064072296, 0.000768278667238, -0.00034456254798, 0.00223350035958, -0.00107063772157, 0.00185572705232], [-0.000463001633761, 0.00139573088381, -0.00188650807831, 0.00699542695656, 0.000888429116458, -0.00156282715034, -0.00232528173365, 0.00204322184436, -0.00288350135088, 0.00129046698567, 0.00121982640121, -0.00158173788805, -0.00176697119605], [0.000308079615934, -0.00170786562376, 0.000235825791606, 0.000888429116458, 0.00570108415559, -0.00269578583539, 0.000804969051387, 5.28593009221e-05, 0.00162448547781, -0.00283897318877, 0.0030596726574, -0.00234107417054, 0.00366044836119], [-0.000556513376068, 0.00313858757727, -0.00146730185952, -0.00156282715034, -0.00269578583539, 0.0147564057261, -0.00540645513684, 0.000784720119555, -0.00279643665999, 0.000685924838763, -0.0049270032905, 0.0075423354283, -0.00580264581367], [0.000979681732133, -0.00348984310403, 0.00356113607995, -0.00232528173365, 0.000804969051387, -0.00540645513684, 0.0118507212028, -0.00310146738775, 0.000523901428096, 0.000326943933032, 0.00163019483443, -0.00749783590436, 0.00619071628898], [-0.000420505588409, 0.00190751429182, -0.0029064072296, 0.00204322184436, 5.28593009221e-05, 0.000784720119555, -0.00310146738775, 0.0127339120954, -0.00283775199205, -0.00138227501884, 0.00107207684778, 0.00322495633736, -0.00354273524135], [0.000293276680168, -0.00173175393138, 0.000768278667238, -0.00288350135088, 0.00162448547781, -0.00279643665999, 0.000523901428096, -0.00283775199205, 0.00855360087007, -0.00242578191683, 0.00103825109545, -0.00237761973403, 0.000137027614983], [-5.53494173801e-05, 0.00189211266115, -0.00034456254798, 0.00129046698567, -0.00283897318877, 0.000685924838763, 0.000326943933032, -0.00138227501884, -0.00242578191683, 0.00976735632867, -0.000527600059286, 0.00237576127984, -0.00106584408786], [0.000808228622191, -0.00375033519231, 0.00223350035958, 0.00121982640121, 0.0030596726574, -0.0049270032905, 0.00163019483443, 0.00107207684778, 0.00103825109545, -0.000527600059286, 0.0141166243702, -0.00763660855591, 0.00207095779479], [-0.000858077255543, 0.00559812737629, -0.00107063772157, -0.00158173788805, -0.00234107417054, 0.0075423354283, -0.00749783590436, 0.00322495633736, -0.00237761973403, 0.00237576127984, -0.00763660855591, 0.019110865891, -0.0096105793491], [0.00101068336517, -0.00485034892336, 0.00185572705232, -0.00176697119605, 0.00366044836119, -0.00580264581367, 0.00619071628898, -0.00354273524135, 0.000137027614983, -0.00106584408786, 0.00207095779479, -0.0096105793491, 0.0190415792167]]}, "melbands": {"dmean": [0.000113469970529, 0.000460939365439, 0.000340892904205, 0.000230109828408, 0.000239988512476, 0.000107472325908, 0.000136706294143, 0.000288355833618, 0.000361778889783, 9.43124832702e-05, 0.00013774629042, 0.000130347572849, 7.7446384239e-05, 0.000103571503132, 8.97148129297e-05, 6.83967209625e-06, 2.02917108254e-05, 7.4917834354e-06, 1.17062645586e-05, 7.20218395145e-06, 6.33724630461e-06, 7.17098237146e-06, 2.90116759061e-06, 2.68337839771e-06, 3.55491215487e-06, 2.91036053568e-06, 2.10205871554e-06, 1.24515497646e-06, 5.73122179048e-07, 5.8505099787e-07, 2.58216914517e-07, 2.00715277288e-07, 2.14772398976e-07, 9.87751320736e-08, 8.31154594039e-08, 4.11014653423e-08, 1.57609676421e-08, 1.06999600291e-08, 8.7513170044e-09, 2.44006193029e-09], "dmean2": [0.000161190648214, 0.000644248677418, 0.00042007691809, 0.000295609672321, 0.00032458640635, 0.000141672513564, 0.000193891552044, 0.000426541373599, 0.000548756914213, 0.000146022954141, 0.000212748549529, 0.000193331186892, 0.00012185434025, 0.000162660653586, 0.000143766228575, 1.11363933684e-05, 3.42914609064e-05, 1.23953786897e-05, 1.96947203221e-05, 1.21364328152e-05, 1.09006532512e-05, 1.22705787362e-05, 5.02815601067e-06, 4.65495213575e-06, 6.17453451923e-06, 5.00887972521e-06, 3.59778914572e-06, 2.15373916035e-06, 9.88330384644e-07, 1.03140496321e-06, 4.47720594821e-07, 3.48655305515e-07, 3.73040734303e-07, 1.71475022626e-07, 1.44167330518e-07, 7.06589560195e-08, 2.696849144e-08, 1.82556334494e-08, 1.5156574662e-08, 4.04977962276e-09], "dvar": [4.48221975091e-08, 2.06499498745e-06, 2.07744710679e-06, 7.35592720957e-07, 3.20337079529e-07, 2.58237058404e-08, 1.52602424919e-07, 1.04642322185e-06, 2.72757574749e-06, 1.47319539678e-07, 5.34767181648e-08, 6.61664287804e-08, 2.66052939679e-08, 4.60376767819e-08, 5.8932897673e-08, 3.85334320008e-10, 4.54186199761e-09, 4.82611561825e-10, 1.8548389491e-09, 4.3366790714e-10, 5.24960630521e-10, 4.89501383871e-10, 4.09861693196e-11, 3.23373758326e-11, 4.37104970274e-11, 1.21090804051e-10, 4.91852600315e-11, 6.01473384987e-12, 1.75128607362e-12, 4.64039397186e-12, 3.16013437206e-13, 1.31080178179e-13, 1.88827482838e-13, 8.19773190845e-14, 2.32783830731e-14, 5.66576611473e-15, 2.1315952577e-15, 8.02060262315e-16, 6.46459304053e-16, 1.84754151476e-16], "dvar2": [1.06180564785e-07, 4.35043693869e-06, 5.57145267521e-06, 1.23180166156e-06, 6.2724802774e-07, 4.66888145922e-08, 3.87841708971e-07, 2.52869836004e-06, 6.92197363605e-06, 3.88090768411e-07, 1.2313476816e-07, 1.48035127268e-07, 6.71518307627e-08, 1.15102082532e-07, 1.49362804791e-07, 9.7599328619e-10, 1.19902470175e-08, 1.25488686109e-09, 5.00943730941e-09, 1.10259379404e-09, 1.51714718566e-09, 1.37211275675e-09, 1.22785837053e-10, 9.10587646952e-11, 1.25533250461e-10, 3.40451555836e-10, 1.38368733138e-10, 1.72883114075e-11, 4.83132414283e-12, 1.428652769e-11, 9.42407501862e-13, 3.99145614564e-13, 5.67831751671e-13, 2.41385985636e-13, 6.74512122588e-14, 1.57611604838e-14, 5.70626445401e-15, 2.14437804366e-15, 1.84230640116e-15, 4.73487605867e-16], "max": [0.00872916355729, 0.0462781339884, 0.0710353776813, 0.0431362465024, 0.0157682839781, 0.00381605513394, 0.0163626745343, 0.0438943877816, 0.0457074791193, 0.0134199559689, 0.00384949566796, 0.00431690132245, 0.00375101901591, 0.00487771676853, 0.00624994793907, 0.000642919156235, 0.00150652602315, 0.000619680562522, 0.00175096164457, 0.000551372941118, 0.000722912373021, 0.000629228539765, 0.000187343757716, 0.000140690914122, 9.6638344985e-05, 0.000368352077203, 0.00023418298224, 5.63734611205e-05, 5.35258986929e-05, 7.65822696849e-05, 1.47180162458e-05, 7.83394716564e-06, 1.12363222797e-05, 1.45776039062e-05, 4.05371929446e-06, 2.08783217204e-06, 2.06401568903e-06, 1.42100952871e-06, 1.01833370536e-06, 8.17566615297e-07], "mean": [0.000476819550386, 0.00178945355583, 0.00133807433303, 0.000707979139406, 0.000729127030354, 0.000358456163667, 0.000368743669242, 0.000532977399416, 0.000643088540528, 0.00017350417329, 0.000235312239965, 0.000257530831732, 0.000132170069264, 0.000159889314091, 0.000137959214044, 1.13925134428e-05, 2.88231713057e-05, 1.15616312542e-05, 1.82109797606e-05, 1.08638660095e-05, 9.77630224952e-06, 1.1634866496e-05, 5.3393964663e-06, 5.00688565808e-06, 6.3021175265e-06, 4.98103645441e-06, 3.73816828869e-06, 2.43364956987e-06, 1.23838970012e-06, 1.14664032935e-06, 6.48074831133e-07, 5.63272180898e-07, 5.43342196124e-07, 3.04248231942e-07, 2.58292175204e-07, 1.13633461751e-07, 4.28267519226e-08, 3.18236956787e-08, 2.67821160804e-08, 7.26618809566e-09], "median": [0.000190535807633, 0.000699329422787, 0.000431628723163, 0.000272050703643, 0.000348396366462, 0.000158089460456, 0.000161203570315, 0.000234763152548, 0.000215813823161, 9.46730433498e-05, 0.000102023084764, 5.83091277804e-05, 4.26837250416e-05, 5.80497398914e-05, 3.03695251205e-05, 3.94135759052e-06, 6.0736215346e-06, 2.96477492157e-06, 3.94777998736e-06, 3.66578797184e-06, 2.57804958892e-06, 5.06348806084e-06, 3.06435640596e-06, 2.00830845642e-06, 1.91183380593e-06, 1.29489910705e-06, 1.51813674165e-06, 1.34740514568e-06, 6.63140383494e-07, 4.27959150784e-07, 3.65155784721e-07, 3.40923946851e-07, 2.6072805781e-07, 1.63546886256e-07, 1.41683344168e-07, 6.76654963172e-08, 2.88150125982e-08, 1.62746189858e-08, 9.426166514e-09, 2.81716427963e-09], "min": [5.30655371345e-24, 8.20726783715e-24, 3.748389737e-24, 2.76317070285e-24, 2.67177564495e-24, 1.03028429109e-23, 1.53866751584e-23, 6.21458507461e-24, 3.91232765488e-24, 7.72688152259e-24, 7.65106883415e-24, 1.1479077119e-23, 2.34715780473e-23, 1.9058063788e-23, 7.76519649675e-24, 1.27145492592e-23, 9.66514905432e-24, 1.93815803784e-23, 1.00871344183e-23, 5.51583259515e-24, 5.53999422139e-24, 6.58389701271e-24, 8.17681543963e-24, 8.1992703653e-24, 6.30245234654e-24, 7.58926552653e-24, 1.11345926058e-23, 6.91064241079e-24, 4.14808346957e-24, 9.20725079758e-24, 1.2339234484e-23, 1.2542553916e-23, 1.23643407712e-23, 1.11204948725e-23, 1.31263961828e-23, 1.83094915869e-23, 1.05190460191e-23, 1.18593025533e-23, 1.25372646036e-23, 1.03050217447e-23], "var": [6.13701843122e-07, 1.18446168926e-05, 9.21650280361e-06, 3.52104780177e-06, 1.36552500862e-06, 2.56462982406e-07, 4.8010736009e-07, 1.83056874903e-06, 4.74688749819e-06, 2.15140460114e-07, 1.22234581568e-07, 2.10849151472e-07, 5.58045876176e-08, 8.41950011932e-08, 1.02952292025e-07, 7.25011162217e-10, 7.73161001888e-09, 9.1509083644e-10, 3.40170536184e-09, 7.46752160108e-10, 8.49389614199e-10, 7.99989130496e-10, 7.09200337345e-11, 7.33811622577e-11, 9.006918128e-11, 2.09688794106e-10, 9.08111294495e-11, 1.26540843776e-11, 3.98724499598e-12, 7.64825876243e-12, 8.00224470021e-13, 4.85723928526e-13, 5.85264529982e-13, 1.72734629334e-13, 1.15223856931e-13, 1.85141209004e-14, 4.57648343863e-15, 2.02704725157e-15, 1.75091980472e-15, 3.20548845688e-16]}, "mfcc": {"mean": [-704.343994141, 170.22303772, -8.91941928864, 27.7277755737, -19.3296508789, -1.02097082138, -1.57559561729, 8.26904773712, -2.69315290451, 0.684797763824, -6.2536239624, 2.52258706093, 1.97213363647], "cov": [[9894.95019531, 1469.64672852, -1016.42633057, 405.3359375, -858.757629395, 350.701141357, -321.893249512, 744.992919922, -474.200256348, -236.556427002, -203.724502563, -52.0000991821, 32.9962501526], [1469.64672852, 1265.55969238, -184.199539185, -68.9645385742, 100.41078186, -104.138343811, 83.0937042236, -136.128814697, -67.2369308472, -21.2209091187, -14.1747283936, -16.6298446655, -101.765800476], [-1016.42633057, -184.199539185, 510.479003906, 40.0180892944, 37.3797721863, -28.6871738434, -71.7808151245, 12.7559328079, 106.209197998, 48.0558319092, 11.4692983627, -4.81284856796, 14.0320310593], [405.3359375, -68.9645385742, 40.0180892944, 165.977935791, -55.443397522, 56.8685073853, -52.8865013123, 93.5714569092, 7.54011964798, -0.444347262383, -6.60294818878, -22.6666126251, 37.9746627808], [-858.757629395, 100.41078186, 37.3797721863, -55.443397522, 361.090637207, -60.8362770081, 54.8455085754, -232.437179565, 102.042182922, 73.2146148682, 9.83942127228, 31.7391452789, -29.0909519196], [350.701141357, -104.138343811, -28.6871738434, 56.8685073853, -60.8362770081, 181.146865845, -24.0243988037, 119.838386536, 0.684903979301, 30.1896743774, 1.80336034298, 4.41536951065, 43.1192398071], [-321.893249512, 83.0937042236, -71.7808151245, -52.8865013123, 54.8455085754, -24.0243988037, 178.172302246, -59.3208999634, -22.1587276459, -35.4604492188, 30.2043857574, -3.66105294228, -24.2872180939], [744.992919922, -136.128814697, 12.7559328079, 93.5714569092, -232.437179565, 119.838386536, -59.3208999634, 359.783691406, -52.9474983215, -17.3550357819, -19.4332714081, -20.0126724243, 57.0719833374], [-474.200256348, -67.2369308472, 106.209197998, 7.54011964798, 102.042182922, 0.684903979301, -22.1587276459, -52.9474983215, 198.02394104, 103.853240967, 29.9521903992, 2.56497859955, 15.288192749], [-236.556427002, -21.2209091187, 48.0558319092, -0.444347262383, 73.2146148682, 30.1896743774, -35.4604492188, -17.3550357819, 103.853240967, 148.585510254, 22.1698074341, 30.9948196411, 14.8540639877], [-203.724502563, -14.1747283936, 11.4692983627, -6.60294818878, 9.83942127228, 1.80336034298, 30.2043857574, -19.4332714081, 29.9521903992, 22.1698074341, 94.6812744141, 2.83933377266, 7.89904403687], [-52.0000991821, -16.6298446655, -4.81284856796, -22.6666126251, 31.7391452789, 4.41536951065, -3.66105294228, -20.0126724243, 2.56497859955, 30.9948196411, 2.83933377266, 95.2717971802, 26.1201286316], [32.9962501526, -101.765800476, 14.0320310593, 37.9746627808, -29.0909519196, 43.1192398071, -24.2872180939, 57.0719833374, 15.288192749, 14.8540639877, 7.89904403687, 26.1201286316, 108.400360107]], "icov": [[0.000386563304346, -0.000528028234839, 0.000655453128275, -0.000705430458765, 0.000513768696692, -0.000355883094016, 0.000738589384127, -0.000300413492369, -7.34719942557e-05, 0.000366303662304, 0.00021339977684, -0.000380459212465, 0.000188282036106], [-0.000528028234839, 0.0016802662285, -0.000592667784076, 0.000874682387803, -0.00089217198547, 0.000919542449992, -0.00119051197544, 0.000453534157714, 0.000489306519739, -0.000868719362188, -0.000200416092412, 0.000681021483615, 0.000298272556392], [0.000655453128275, -0.000592667784076, 0.00364418886602, -0.00159196485765, 0.000478380854474, 0.000336151744705, 0.00207161577418, -0.00102838268504, -0.00128255377058, 0.000815132516436, 2.90620228043e-05, -0.000634080672171, 0.00055016722763], [-0.000705430458765, 0.000874682387803, -0.00159196485765, 0.00988289248198, -0.00136394647416, -0.00096446974203, 0.000525551615283, -0.000705924758222, -0.000305087713059, 0.000370631430997, -0.000536610023119, 0.00297048315406, -0.00239761313424], [0.000513768696692, -0.00089217198547, 0.000478380854474, -0.00136394647416, 0.00683215539902, -0.000698538788129, -0.000810278055724, 0.0031111354474, -0.00160347449128, -0.00141473172698, 0.00187218934298, -0.00144401949365, 0.000345314620063], [-0.000355883094016, 0.000919542449992, 0.000336151744705, -0.00096446974203, -0.000698538788129, 0.00889032147825, -0.00112105917651, -0.00210326607339, 0.000591825693846, -0.00282919011079, -0.000329119560774, 0.000378005526727, -0.00136459327769], [0.000738589384127, -0.00119051197544, 0.00207161577418, 0.000525551615283, -0.000810278055724, -0.00112105917651, 0.00959187280387, -0.000903015315998, -2.6990301194e-05, 0.00358502636664, -0.00283487094566, -0.000394482223783, 0.000872420030646], [-0.000300413492369, 0.000453534157714, -0.00102838268504, -0.000705924758222, 0.0031111354474, -0.00210326607339, -0.000903015315998, 0.00673004798591, 0.000766137905885, -0.00136006681714, 0.00104811030906, 0.000907918612938, -0.00139327789657], [-7.34719942557e-05, 0.000489306519739, -0.00128255377058, -0.000305087713059, -0.00160347449128, 0.000591825693846, -2.6990301194e-05, 0.000766137905885, 0.0104013970122, -0.00638299435377, -0.001385550946, 0.00282139889896, -0.00149169913493], [0.000366303662304, -0.000868719362188, 0.000815132516436, 0.000370631430997, -0.00141473172698, -0.00282919011079, 0.00358502636664, -0.00136006681714, -0.00638299435377, 0.014396449551, -0.00196188967675, -0.0041422303766, 0.00117116619367], [0.00021339977684, -0.000200416092412, 2.90620228043e-05, -0.000536610023119, 0.00187218934298, -0.000329119560774, -0.00283487094566, 0.00104811030906, -0.001385550946, -0.00196188967675, 0.0128697641194, 5.41645677004e-05, -0.00110912765376], [-0.000380459212465, 0.000681021483615, -0.000634080672171, 0.00297048315406, -0.00144401949365, 0.000378005526727, -0.000394482223783, 0.000907918612938, 0.00282139889896, -0.0041422303766, 5.41645677004e-05, 0.0142454849556, -0.0045745135285], [0.000188282036106, 0.000298272556392, 0.00055016722763, -0.00239761313424, 0.000345314620063, -0.00136459327769, 0.000872420030646, -0.00139327789657, -0.00149169913493, 0.00117116619367, -0.00110912765376, -0.0045745135285, 0.0130139626563]]}, "spectral_contrast_coeffs": {"dmean": [0.0354194156826, 0.0426688082516, 0.0392712727189, 0.0304556731135, 0.0194319114089, 0.0123079186305], "dmean2": [0.0571825541556, 0.067951053381, 0.0635686069727, 0.0510046519339, 0.0333168432117, 0.021129546687], "dvar": [0.000865350477397, 0.00121889391448, 0.000962734338827, 0.000577106606215, 0.000238747423282, 0.000104353159259], "dvar2": [0.00225609214976, 0.00302462466061, 0.00255135679618, 0.0015663781669, 0.000677229254507, 0.000293610035442], "max": [-0.226907774806, -0.328207790852, -0.401681214571, -0.486713141203, -0.443466216326, -0.575719594955], "mean": [-0.578675985336, -0.683192312717, -0.697629570961, -0.728385865688, -0.761649549007, -0.7100020051], "median": [-0.588597118855, -0.685191512108, -0.699406027794, -0.731757283211, -0.775029182434, -0.699883460999], "min": [-0.975510895252, -0.971919059753, -0.990199923515, -0.960280060768, -0.958389818668, -0.960362076759], "var": [0.0142323086038, 0.00690218200907, 0.0049011176452, 0.0052268919535, 0.00392858311534, 0.00244691618718]}, "spectral_contrast_valleys": {"dmean": [0.32253921032, 0.276258260012, 0.250834703445, 0.202671989799, 0.13673338294, 0.100193105638], "dmean2": [0.550661146641, 0.452102690935, 0.419570893049, 0.342660099268, 0.230824276805, 0.167723745108], "dvar": [0.132471457124, 0.108139954507, 0.0988368168473, 0.0830745324492, 0.07416056841