{"lowlevel": {"average_loudness": 0.49861073494, "barkbands_crest": {"dmean": 2.02301120758, "dmean2": 3.07878088951, "dvar": 4.33143472672, "dvar2": 10.109292984, "max": 26.0324802399, "mean": 10.917681694, "median": 10.0803146362, "min": 2.42276787758, "var": 18.340801239}, "barkbands_flatness_db": {"dmean": 0.0185943786055, "dmean2": 0.0261564143002, "dvar": 0.000362991151633, "dvar2": 0.000725316873286, "max": 0.353031814098, "mean": 0.159515932202, "median": 0.156547874212, "min": 0.0180497206748, "var": 0.00234738131985}, "barkbands_kurtosis": {"dmean": 2.33514332771, "dmean2": 3.45306062698, "dvar": 14.4355621338, "dvar2": 31.5620517731, "max": 107.075370789, "mean": 4.97660732269, "median": 3.43810892105, "min": -1.88744580746, "var": 38.9173240662}, "barkbands_skewness": {"dmean": 0.423580080271, "dmean2": 0.621115505695, "dvar": 0.239371731877, "dvar2": 0.516293048859, "max": 9.27632713318, "mean": 1.49605309963, "median": 1.49223828316, "min": -5.59199380875, "var": 1.17080998421}, "barkbands_spread": {"dmean": 3.5274477005, "dmean2": 5.11115407944, "dvar": 27.4971351624, "dvar2": 57.4510917664, "max": 87.1569519043, "mean": 13.7917795181, "median": 11.6070404053, "min": 0.677848637104, "var": 87.0819625854}, "dissonance": {"dmean": 0.0248627401888, "dmean2": 0.0406332835555, "dvar": 0.000521144189406, "dvar2": 0.00138414651155, "max": 0.500000059605, "mean": 0.431926250458, "median": 0.439998686314, "min": 0.189320981503, "var": 0.0018913783133}, "dynamic_complexity": 5.5227804184, "erbbands_crest": {"dmean": 2.461404562, "dmean2": 3.65483403206, "dvar": 7.44864654541, "dvar2": 16.4252490997, "max": 33.5129470825, "mean": 12.5039787292, "median": 11.1673469543, "min": 2.6308567524, "var": 37.5846595764}, "erbbands_flatness_db": {"dmean": 0.0180798564106, "dmean2": 0.024167675525, "dvar": 0.000352685339749, "dvar2": 0.000671237532515, "max": 0.453955441713, "mean": 0.201503664255, "median": 0.193093001842, "min": 0.0538647249341, "var": 0.00338822277263}, "erbbands_kurtosis": {"dmean": 1.3628937006, "dmean2": 1.98651254177, "dvar": 5.82651329041, "dvar2": 12.6571741104, "max": 63.4460678101, "mean": 2.08196926117, "median": 0.769582152367, "min": -1.76621448994, "var": 17.8178691864}, "erbbands_skewness": {"dmean": 0.348517864943, "dmean2": 0.498451203108, "dvar": 0.160165667534, "dvar2": 0.330796450377, "max": 5.37816381454, "mean": 0.894301831722, "median": 0.840408086777, "min": -3.30793714523, "var": 0.796805918217}, "erbbands_spread": {"dmean": 5.96799325943, "dmean2": 8.52369689941, "dvar": 58.9809646606, "dvar2": 122.514701843, "max": 108.63028717, "mean": 27.2898654938, "median": 23.9970169067, "min": 0.944145560265, "var": 257.31729126}, "hfc": {"dmean": 4.26117324829, "dmean2": 5.78509664536, "dvar": 97.9201507568, "dvar2": 214.053833008, "max": 303.723144531, "mean": 12.6686239243, "median": 6.20704126358, "min": 1.24596124556e-16, "var": 290.578521729}, "melbands_crest": {"dmean": 2.46605372429, "dmean2": 3.77264428139, "dvar": 6.47635126114, "dvar2": 14.7403373718, "max": 32.9245300293, "mean": 13.7067661285, "median": 12.6718072891, "min": 1.68676614761, "var": 26.3562431335}, "melbands_flatness_db": {"dmean": 0.0219401624054, "dmean2": 0.0306370966136, "dvar": 0.000538976863027, "dvar2": 0.00110143027268, "max": 0.404218375683, "mean": 0.217334449291, "median": 0.216337770224, "min": 0.00428412435576, "var": 0.00294912490062}, "melbands_kurtosis": {"dmean": 3.89985084534, "dmean2": 5.89522695541, "dvar": 49.0415916443, "dvar2": 113.437492371, "max": 182.762634277, "mean": 9.32340812683, "median": 6.57703065872, "min": -1.8088786602, "var": 110.987586975}, "melbands_skewness": {"dmean": 0.503612041473, "dmean2": 0.742416620255, "dvar": 0.361543297768, "dvar2": 0.80297523737, "max": 11.4030332565, "mean": 1.91509401798, "median": 1.83817946911, "min": -4.18933534622, "var": 1.69001078606}, "melbands_spread": {"dmean": 4.25728178024, "dmean2": 6.32958936691, "dvar": 43.6580047607, "dvar2": 96.4955749512, "max": 157.710083008, "mean": 16.7002353668, "median": 13.7877864838, "min": 1.3236284256, "var": 153.277282715}, "pitch_salience": {"dmean": 0.0553949661553, "dmean2": 0.087627351284, "dvar": 0.00310192373581, "dvar2": 0.00756211206317, "max": 0.828955829144, "mean": 0.530083477497, "median": 0.532886922359, "min": 0.101870462298, "var": 0.0111248204485}, "silence_rate_20dB": {"dmean": 0, "dmean2": 0, "dvar": 0, "dvar2": 0, "max": 1, "mean": 1, "median": 1, "min": 1, "var": 0}, "silence_rate_30dB": {"dmean": 0.00324411992915, "dmean2": 0.00648882472888, "dvar": 0.00323402998038, "dvar2": 0.00788936112076, "max": 1, "mean": 0.997386932373, "median": 1, "min": 0, "var": 0.00260661868379}, "silence_rate_60dB": {"dmean": 0.0461385957897, "dmean2": 0.0922855064273, "dvar": 0.0440157391131, "dvar2": 0.0947815924883, "max": 1, "mean": 0.218597948551, "median": 0, "min": 0, "var": 0.170802593231}, "spectral_centroid": {"dmean": 174.507736206, "dmean2": 253.713790894, "dvar": 68866.0703125, "dvar2": 139570.171875, "max": 10804.7792969, "mean": 1030.8885498, "median": 899.885437012, "min": 280.612670898, "var": 246036.34375}, "spectral_complexity": {"dmean": 2.1980714798, "dmean2": 3.40879607201, "dvar": 11.6633443832, "dvar2": 26.2323589325, "max": 52, "mean": 12.5049562454, "median": 11, "min": 0, "var": 54.781993866}, "spectral_decrease": {"dmean": 1.2309699926e-09, "dmean2": 1.71687941641e-09, "dvar": 5.43356746413e-18, "dvar2": 1.17976907835e-17, "max": 1.85106456798e-18, "mean": -4.36653868618e-09, "median": -2.52063303563e-09, "min": -4.47054517849e-08, "var": 2.35436000606e-17}, "spectral_energy": {"dmean": 0.00498725473881, "dmean2": 0.00693434523419, "dvar": 8.87432761374e-05, "dvar2": 0.000191096041817, "max": 0.183777481318, "mean": 0.0176293775439, "median": 0.0101140765473, "min": 1.08908538153e-20, "var": 0.000387043925002}, "spectral_energyband_high": {"dmean": 0.000208543482586, "dmean2": 0.000301002815831, "dvar": 5.25262976225e-07, "dvar2": 1.23316885947e-06, "max": 0.0321955345571, "mean": 0.000307461916236, "median": 8.18271801108e-05, "min": 7.63506930873e-21, "var": 6.78701496781e-07}, "spectral_energyband_low": {"dmean": 0.00161296757869, "dmean2": 0.00257223052904, "dvar": 3.23831045534e-05, "dvar2": 8.14252489363e-05, "max": 0.107703737915, "mean": 0.00263990345411, "median": 0.000650103320368, "min": 1.48806821033e-22, "var": 3.87163163396e-05}, "spectral_energyband_middle_high": {"dmean": 0.00141633476596, "dmean2": 0.00199105101638, "dvar": 1.69495688169e-05, "dvar2": 3.75106392312e-05, "max": 0.0979352667928, "mean": 0.00360059645027, "median": 0.00130408070982, "min": 1.58623030008e-21, "var": 4.22049852205e-05}, "spectral_energyband_middle_low": {"dmean": 0.00288549321704, "dmean2": 0.0040153847076, "dvar": 2.92372114927e-05, "dvar2": 5.89802475588e-05, "max": 0.126566514373, "mean": 0.011473312974, "median": 0.00646199565381, "min": 2.88555120736e-22, "var": 0.000169434119016}, "spectral_entropy": {"dmean": 0.191104337573, "dmean2": 0.256555169821, "dvar": 0.0377108007669, "dvar2": 0.0724059045315, "max": 9.78270721436, "mean": 7.1540017128, "median": 7.16780090332, "min": 5.32020425797, "var": 0.240499958396}, "spectral_flux": {"dmean": 0.0187600720674, "dmean2": 0.0280441772193, "dvar": 0.000744843331631, "dvar2": 0.00168666720856, "max": 0.330574810505, "mean": 0.0454634614289, "median": 0.0332266278565, "min": 1.04359250408e-10, "var": 0.00168283062521}, "spectral_kurtosis": {"dmean": 2.33322572708, "dmean2": 3.82792282104, "dvar": 7.76813840866, "dvar2": 20.763551712, "max": 54.084941864, "mean": 5.91330385208, "median": 4.4759349823, "min": -1.21098637581, "var": 27.1079788208}, "spectral_rms": {"dmean": 0.000510193232913, "dmean2": 0.000690303102601, "dvar": 5.28904422481e-07, "dvar2": 1.07657990611e-06, "max": 0.0133901126683, "mean": 0.00355097721331, "median": 0.00314124044962, "min": 3.25963540014e-12, "var": 4.589936907e-06}, "spectral_rolloff": {"dmean": 269.315612793, "dmean2": 458.570465088, "dvar": 353601.53125, "dvar2": 789071.1875, "max": 19229.1503906, "mean": 1150.39648438, "median": 882.861328125, "min": 64.599609375, "var": 1528761.375}, "spectral_skewness": {"dmean": 0.296117812395, "dmean2": 0.4506701231, "dvar": 0.0792647004128, "dvar2": 0.193422570825, "max": 5.92465639114, "mean": 1.74934184551, "median": 1.65980494022, "min": 0.043962366879, "var": 0.395246565342}, "spectral_spread": {"dmean": 431736.96875, "dmean2": 579866.5625, "dvar": 257809383424, "dvar2": 377091588096, "max": 41315748, "mean": 3942211, "median": 3840919, "min": 1422553.875, "var": 1408602996740.0}, "spectral_strongpeak": {"dmean": 0.475671559572, "dmean2": 0.761700451374, "dvar": 1.05664730072, "dvar2": 2.41525697708, "max": 33.2835617065, "mean": 1.21324336529, "median": 0.720714092255, "min": 0, "var": 2.13559746742}, "zerocrossingrate": {"dmean": 0.00724800862372, "dmean2": 0.0082772821188, "dvar": 7.52037158236e-05, "dvar2": 9.32554758037e-05, "max": 0.51513671875, "mean": 0.0492920763791, "median": 0.04296875, "min": 0.0048828125, "var": 0.00107886036858}, "barkbands": {"dmean": [0.000148250328493, 0.00091705378145, 0.000645537977107, 0.000253904727288, 0.000973923131824, 0.000620369741227, 0.000540884211659, 0.000911037495825, 0.000776811328251, 0.000393180351239, 0.000144802659634, 0.000235238505411, 0.000259113498032, 0.000298992381431, 0.000309402181301, 0.000115143629955, 9.83443533187e-05, 7.88061952335e-05, 6.90708111506e-05, 7.12344408385e-05, 5.91593743593e-05, 6.37520497548e-05, 3.7312060158e-05, 1.1690309293e-05, 7.89721980254e-06, 3.1509684959e-06, 3.6951340121e-07], "dmean2": [0.000191277766135, 0.00147901580203, 0.00108246481977, 0.000431732682046, 0.00143512315117, 0.000930921232793, 0.000703188648913, 0.00125214818399, 0.00111712992657, 0.000589402043261, 0.000222272021347, 0.000331834162353, 0.000381830119295, 0.000443234835984, 0.000467343692435, 0.000173785592779, 0.000148778708535, 0.000119701078802, 0.00010786914936, 0.000107354884676, 8.92174866749e-05, 9.75561924861e-05, 5.81715066801e-05, 1.53318560479e-05, 9.65667095443e-06, 4.03139711125e-06, 5.11342022946e-07], "dvar": [2.67985114988e-07, 1.60302315635e-05, 3.68872656509e-06, 4.05657118563e-07, 5.16046793564e-06, 2.11464043787e-06, 2.4453174774e-06, 7.35763933335e-06, 8.93717697181e-06, 2.01075363293e-06, 4.59060572666e-07, 6.71935708851e-07, 2.15111094803e-06, 3.13044438371e-06, 3.01010800285e-06, 2.69662336905e-07, 1.14583883715e-07, 6.12217050389e-08, 5.46142224778e-08, 8.34979942965e-08, 2.86355543722e-08, 5.92016142775e-08, 2.08364397736e-07, 1.75088588072e-09, 6.1870686352e-10, 9.79664405154e-11, 1.90603435812e-12], "dvar2": [5.22248342349e-07, 3.98532138206e-05, 1.03952734207e-05, 1.08191647996e-06, 1.09981165224e-05, 4.73303316539e-06, 4.29198780694e-06, 1.45325320773e-05, 1.88424764929e-05, 3.89143087887e-06, 1.05439528397e-06, 1.53167798089e-06, 5.10812333232e-06, 7.50391427573e-06, 7.14725820217e-06, 6.35502033219e-07, 2.54738012018e-07, 1.407233583e-07, 1.38069424338e-07, 1.84742134479e-07, 6.50450218131e-08, 1.31859565045e-07, 5.30006502686e-07, 3.46311845867e-09, 1.12506237659e-09, 1.61419072553e-10, 3.6632840858e-12], "max": [0.00900273676962, 0.0585877299309, 0.045318480581, 0.0240098051727, 0.0634231716394, 0.0362213551998, 0.0559191443026, 0.0729564726353, 0.0929935798049, 0.0683681368828, 0.0225076004863, 0.0367773249745, 0.0471777506173, 0.0638940706849, 0.0621573552489, 0.0195199400187, 0.0122000705451, 0.00841426476836, 0.00852688960731, 0.0110873300582, 0.00664534186944, 0.0129927350208, 0.0311648547649, 0.00165635568555, 0.00111327634659, 0.000220310277655, 2.94860219583e-05], "mean": [0.000221566631808, 0.00100140448194, 0.00119144504424, 0.000625935499556, 0.00222181528807, 0.0019303165609, 0.00184177490883, 0.00245323753916, 0.00204015267082, 0.000950868998189, 0.000262981367996, 0.000489991041832, 0.000449807179393, 0.000459068716737, 0.000506052514538, 0.000197358618607, 0.000187819459825, 0.00014389998978, 0.000107125881186, 9.85033839243e-05, 8.50159267429e-05, 8.1454134488e-05, 4.76808963867e-05, 1.86546785699e-05, 1.10212940854e-05, 4.01072429668e-06, 4.28122092444e-07], "median": [7.37665368433e-06, 8.37315674289e-05, 0.000312029995257, 0.000191557279322, 0.00083070457913, 0.000668153224979, 0.000463730248157, 0.000478513888083, 0.000237888947595, 0.000268056115601, 3.55731899617e-05, 0.000133343346533, 4.63810611109e-05, 6.2075589085e-05, 8.65867987159e-05, 2.63607180386e-05, 3.8071655581e-05, 3.12323536491e-05, 2.60070937657e-05, 2.17624874495e-05, 2.45183873631e-05, 1.98421075766e-05, 7.98413566372e-06, 3.23813264913e-06, 1.72731529346e-06, 5.08857056047e-07, 7.50208499767e-08], "min": [9.12954168753e-24, 1.25802286506e-22, 8.77226106152e-24, 1.21460976686e-23, 2.70194200151e-23, 5.86550394775e-23, 3.33453902774e-23, 5.17658288397e-23, 8.78791237743e-23, 1.07010710976e-22, 1.12618628488e-22, 9.39980148935e-23, 1.25141776426e-22, 1.26461976172e-22, 7.45293127168e-23, 1.33724986972e-22, 1.91413349985e-22, 1.67495756293e-22, 2.90204105085e-22, 2.82527541844e-22, 4.86281175498e-22, 4.43322360198e-22, 3.24805159975e-22, 9.38123082012e-22, 1.38301912505e-21, 1.69799944528e-21, 2.5531745478e-21], "var": [5.01019542298e-07, 1.50752421177e-05, 5.95934807279e-06, 1.94571680368e-06, 1.50680534716e-05, 1.15811653814e-05, 1.44151899804e-05, 2.77060280496e-05, 3.50956943294e-05, 8.0466925283e-06, 8.95422090252e-07, 1.34335380153e-06, 3.61624211109e-06, 4.07790594181e-06, 4.03862622989e-06, 4.54499769376e-07, 2.52172839055e-07, 1.40842985275e-07, 7.24021234078e-08, 1.14270584106e-07, 3.91114447496e-08, 7.08996523713e-08, 1.87083472269e-07, 3.80720877047e-09, 1.05407360618e-09, 1.66644031907e-10, 2.61212969657e-12]}, "erbbands": {"dmean": [0.0382517538965, 0.192469209433, 0.682092010975, 0.763195693493, 1.79061043262, 3.89829325676, 5.05692481995, 5.20780658722, 6.07495260239, 11.0206022263, 22.4337539673, 15.9115142822, 15.9667110443, 10.4068431854, 6.21807813644, 10.5803365707, 13.3101205826, 15.7014369965, 16.4501857758, 10.6229515076, 5.97271776199, 4.45718669891, 4.41619825363, 3.27018666267, 3.65268206596, 3.54604029655, 2.67928814888, 2.31151938438, 2.44939112663, 1.53131580353, 0.96588498354, 0.333354115486, 0.152283579111, 0.0920444279909, 0.0565665066242, 0.0201413724571, 0.0044793789275, 0.000603249412961, 7.6411626651e-05, 7.5685838965e-06], "dmean2": [0.0577883906662, 0.336389482021, 1.15645229816, 1.31979763508, 2.7874174118, 5.56871843338, 7.49461507797, 7.81400966644, 8.57473087311, 14.4953041077, 30.4178085327, 22.5485744476, 23.0410327911, 15.4353075027, 9.29323959351, 14.8939256668, 19.4791431427, 22.7657489777, 25.028799057, 16.0866374969, 8.79522132874, 6.62900400162, 6.59439706802, 4.9974732399, 5.71786642075, 5.3482298851, 3.92427635193, 3.53717160225, 3.78022766113, 2.39081764221, 1.48652648926, 0.452273368835, 0.199890270829, 0.116633221507, 0.0729521736503, 0.0258154086769, 0.00579891959205, 0.000794629449956, 0.000104931023088, 1.01611803984e-05], "dvar": [0.0250757075846, 0.794764280319, 5.13553762436, 2.99138712883, 21.6918849945, 108.890724182, 139.225402832, 178.173614502, 311.457489014, 1267.12854004, 4113.36230469, 3786.81054688, 5187.13330078, 1314.63769531, 562.214782715, 1522.84509277, 5581.86474609, 9350.17578125, 11456.9931641, 3649.67651367, 587.971008301, 255.038619995, 168.360244751, 96.8293380737, 191.558761597, 238.51701355, 54.285949707, 62.2246055603, 69.1498718262, 82.0542068481, 141.457855225, 1.55485665798, 0.233907356858, 0.14338555932, 0.0294266846031, 0.00402276637033, 0.000222509188461, 3.68373980564e-06, 8.09949582958e-08, 1.97714025707e-10], "dvar2": [0.0579720437527, 2.21631360054, 14.7013883591, 8.54920578003, 53.3299102783, 206.339508057, 322.561676025, 391.606201172, 582.45098877, 2185.7199707, 7661.90917969, 7988.03613281, 10568.6650391, 2775.35595703, 1296.61279297, 3529.89941406, 13275.8193359, 22364.7128906, 28049.640625, 8600.00097656, 1249.01220703, 532.847839355, 359.30859375, 242.474380493, 491.095001221, 554.78717041, 112.410972595, 146.344589233, 164.498565674, 194.963928223, 359.556091309, 3.12161302567, 0.467329740524, 0.305491328239, 0.0503147132695, 0.00637709442526, 0.000379051925847, 6.78511150909e-06, 1.50519412045e-07, 3.97816307673e-10], "max": [2.32338905334, 14.3454637527, 48.7464141846, 38.7229156494, 164.568359375, 349.527435303, 311.565460205, 401.669891357, 810.09185791, 1309.32727051, 1666.63500977, 2019.21032715, 3104.9909668, 1373.70593262, 720.646728516, 1807.03027344, 2383.87475586, 3421.66772461, 4233.82470703, 3137.10693359, 1034.32824707, 833.66784668, 341.917572021, 334.507446289, 582.354125977, 672.174621582, 265.884338379, 415.042999268, 321.298828125, 487.159515381, 811.711364746, 45.3222541809, 14.4823789597, 24.9558563232, 3.01460957527, 1.24797785282, 0.442533791065, 0.0328352078795, 0.00643137702718, 0.000264820846496], "mean": [0.0421235226095, 0.191399887204, 1.21737158298, 1.68424737453, 4.12424135208, 7.90328645706, 13.4900350571, 15.7786006927, 20.3223590851, 34.9901161194, 61.0592269897, 44.7071533203, 42.9468383789, 25.4271965027, 13.5416851044, 22.4032478333, 23.6374015808, 25.3013248444, 26.519071579, 17.6929512024, 11.7514238358, 9.17397117615, 8.92836666107, 5.4821972847, 5.5288977623, 4.89549541473, 3.85207366943, 3.1369509697, 3.09590196609, 1.91584980488, 1.2839435339, 0.543631672859, 0.237185031176, 0.13377520442, 0.072451852262, 0.0254776794463, 0.00590902520344, 0.000790768244769, 9.64231949183e-05, 2.32299389609e-05], "median": [0.00142297544517, 0.0266727395356, 0.301115751266, 0.601151585579, 1.26107478142, 2.29923319817, 5.34475898743, 5.14010810852, 6.56478214264, 8.68712329865, 12.67121315, 7.94289302826, 6.52670192719, 8.93361282349, 3.93192958832, 6.25402355194, 3.47508335114, 3.90533065796, 3.73496341705, 3.76599216461, 1.94574975967, 2.02125406265, 2.09466743469, 1.40358662605, 1.35812950134, 1.15095472336, 1.03124308586, 0.916235208511, 0.728881835938, 0.411804676056, 0.217224955559, 0.0954408496618, 0.0435669086874, 0.0231848433614, 0.00969845056534, 0.00305914832279, 0.00079218368046, 0.000154130102601, 2.28358276217e-05, 1.3215774743e-05], "min": [4.61220197975e-21, 2.37484264722e-20, 1.59258844325e-20, 2.77457250836e-20, 5.84325102222e-20, 8.64227382626e-20, 1.79052639842e-19, 6.93125344338e-19, 6.11908098907e-19, 4.1640569304e-19, 1.51261751989e-18, 1.63081707993e-18, 2.21192314418e-18, 6.49500769411e-18, 3.60291585251e-18, 3.857652326e-18, 6.1029861223e-18, 5.6885562277e-18, 5.05959166457e-18, 4.72220371786e-18, 8.31564338927e-18, 1.06338352539e-17, 1.10032417078e-17, 1.18978656644e-17, 1.46343718638e-17, 1.25185133401e-17, 1.58723419491e-17, 2.10665134178e-17, 1.6154273226e-17, 1.06155371916e-17, 1.07712349168e-17, 1.78976672091e-17, 1.50379797545e-17, 1.16093698822e-17, 1.08919594456e-17, 5.77074199823e-18, 3.27337971097e-18, 1.30978807741e-18, 3.62497376092e-19, 4.09965768853e-20], "var": [0.0283810291439, 0.550092875957, 6.85156679153, 9.46891307831, 61.8860816956, 316.241851807, 537.147888184, 948.480895996, 1652.14221191, 6079.11962891, 16821.8671875, 14567.6699219, 18757.0292969, 4757.45410156, 1149.85131836, 2860.2109375, 9237.92578125, 12101.5849609, 14373.59375, 4490.33349609, 1441.61291504, 587.802062988, 457.231292725, 150.975128174, 227.95123291, 290.523193359, 89.9035186768, 74.8247451782, 79.1635131836, 86.9641571045, 127.694007874, 3.36057138443, 0.470586389303, 0.206115141511, 0.0488528423011, 0.00692104315385, 0.000383716280339, 5.76248567086e-06, 1.15271696188e-07, 6.96906643505e-10]}, "gfcc": {"mean": [-72.3389053345, 106.863357544, -133.526687622, 14.6473054886, -72.4133071899, -0.422642827034, -34.2530975342, -2.14169359207, -20.238401413, -0.762377858162, -18.1238422394, -4.16442871094, -12.2494440079], "cov": [[13266.8847656, 1372.23266602, 356.468719482, 842.518493652, -574.20703125, -186.40385437, -553.97644043, -133.375930786, -153.777984619, -172.768737793, -110.066345215, 57.3962936401, 109.302787781], [1372.23266602, 1086.82568359, 75.0780715942, -54.6408042908, 102.802459717, -145.556396484, 43.8686943054, -49.3712158203, 77.4863357544, -92.7386703491, 33.5602340698, -64.6004638672, 15.3790607452], [356.468719482, 75.0780715942, 894.906982422, 250.722335815, -98.9898757935, 23.7077045441, -79.6770553589, -5.91144371033, -111.690917969, -2.75214123726, -6.08972024918, 118.915176392, -3.04983019829], [842.518493652, -54.6408042908, 250.722335815, 504.522064209, 26.4104957581, 125.033004761, -13.8515176773, -35.7231063843, -45.2236976624, 9.83758735657, 9.12125015259, 68.0435333252, 46.4920654297], [-574.20703125, 102.802459717, -98.9898757935, 26.4104957581, 296.555908203, 83.928062439, 75.7083206177, 32.0372886658, 46.9374351501, 17.3757266998, 32.8982429504, -38.7861404419, 2.6650865078], [-186.40385437, -145.556396484, 23.7077045441, 125.033004761, 83.928062439, 230.704544067, 72.6044616699, 39.3126678467, 27.6897449493, 59.7982177734, 20.5864639282, 20.1528720856, 10.9235219955], [-553.97644043, 43.8686943054, -79.6770553589, -13.8515176773, 75.7083206177, 72.6044616699, 193.977081299, 84.8670806885, 74.4840393066, 27.3527526855, 21.661190033, -14.8371267319, 0.978747427464], [-133.375930786, -49.3712158203, -5.91144371033, -35.7231063843, 32.0372886658, 39.3126678467, 84.8670806885, 164.741622925, 82.0305786133, 28.6747016907, 2.14897799492, -9.3003616333, -4.99261140823], [-153.777984619, 77.4863357544, -111.690917969, -45.2236976624, 46.9374351501, 27.6897449493, 74.4840393066, 82.0305786133, 176.155395508, 67.6198577881, 21.908657074, -24.088142395, 2.48066473007], [-172.768737793, -92.7386703491, -2.75214123726, 9.83758735657, 17.3757266998, 59.7982177734, 27.3527526855, 28.6747016907, 67.6198577881, 122.310508728, 50.0961685181, 10.3162899017, -9.42457771301], [-110.066345215, 33.5602340698, -6.08972024918, 9.12125015259, 32.8982429504, 20.5864639282, 21.661190033, 2.14897799492, 21.908657074, 50.0961685181, 101.594802856, 36.4922676086, -4.38665771484], [57.3962936401, -64.6004638672, 118.915176392, 68.0435333252, -38.7861404419, 20.1528720856, -14.8371267319, -9.3003616333, -24.088142395, 10.3162899017, 36.4922676086, 110.293815613, 39.326587677], [109.302787781, 15.3790607452, -3.04983019829, 46.4920654297, 2.6650865078, 10.9235219955, 0.978747427464, -4.99261140823, 2.48066473007, -9.42457771301, -4.38665771484, 39.326587677, 101.673072815]], "icov": [[0.000213506355067, -0.000588480790611, 0.000352668168489, -0.000525957380887, 0.000591784657445, -0.000263660040218, 0.000871748838108, -0.000797268468887, 0.000524238159414, -0.000481511087855, 0.000395224196836, -0.000219351612031, 0.000120314034575], [-0.000588480790611, 0.00346330972388, -0.00183610618114, 0.00156061770394, -0.00213683210313, 0.00172365212347, -0.00314801442437, 0.00374821736477, -0.00367626734078, 0.00395407155156, -0.00320590869524, 0.00250246631913, -0.00122477521654], [0.000352668168489, -0.00183610618114, 0.0027003956493, -0.00166938710026, 0.00133584614377, -0.000621668878011, 0.00214778655209, -0.00285622896627, 0.00281197647564, -0.00255810189992, 0.00240138545632, -0.00301248952746, 0.00157689594198], [-0.000525957380887, 0.00156061770394, -0.00166938710026, 0.00428050942719, -0.00173476384953, -0.000939445628319, -0.00201687100343, 0.00293591828085, -0.00145831983536, 0.00166108063422, -0.00109956529923, 0.000245695380727, -0.00132099108305], [0.000591784657445, -0.00213683210313, 0.00133584614377, -0.00173476384953, 0.00653604976833, -0.0026590989437, 0.00195886916481, -0.00271235895343, 0.00160823529586, -0.000697829062119, -0.00100583175663, 0.00176237069536, -0.000346328568412], [-0.000263660040218, 0.00172365212347, -0.000621668878011, -0.000939445628319, -0.0026590989437, 0.00828297249973, -0.00355651369318, 0.00101389246993, -0.000520572823007, -0.00194728851784, 0.000300695945043, -0.000362924387446, -0.000316972553264], [0.000871748838108, -0.00314801442437, 0.00214778655209, -0.00201687100343, 0.00195886916481, -0.00355651369318, 0.0121783697978, -0.00690073845908, 0.00145663111471, -0.0015821561683, 0.000779830443207, -0.000992345623672, 0.00063563050935], [-0.000797268468887, 0.00374821736477, -0.00285622896627, 0.00293591828085, -0.00271235895343, 0.00101389246993, -0.00690073845908, 0.0140954256058, -0.00768411159515, 0.00434843963012, -0.00182050722651, 0.00172061112244, -0.000570806500036], [0.000524238159414, -0.00367626734078, 0.00281197647564, -0.00145831983536, 0.00160823529586, -0.000520572823007, 0.00145663111471, -0.00768411159515, 0.0150309782475, -0.0101051200181, 0.00369081925601, -0.00123568135314, -0.000300115614664], [-0.000481511087855, 0.00395407155156, -0.00255810189992, 0.00166108063422, -0.000697829062119, -0.00194728851784, -0.0015821561683, 0.00434843963012, -0.0101051200181, 0.0202177017927, -0.0105386804789, 0.00408672960475, -0.0003752677585], [0.000395224196836, -0.00320590869524, 0.00240138545632, -0.00109956529923, -0.00100583175663, 0.000300695945043, 0.000779830443207, -0.00182050722651, 0.00369081925601, -0.0105386804789, 0.0202605798841, -0.0110013308004, 0.00459449086338], [-0.000219351612031, 0.00250246631913, -0.00301248952746, 0.000245695380727, 0.00176237069536, -0.000362924387446, -0.000992345623672, 0.00172061112244, -0.00123568135314, 0.00408672960475, -0.0110013308004, 0.0203507691622, -0.00819583330303], [0.000120314034575, -0.00122477521654, 0.00157689594198, -0.00132099108305, -0.000346328568412, -0.000316972553264, 0.00063563050935, -0.000570806500036, -0.000300115614664, -0.0003752677585, 0.00459449086338, -0.00819583330303, 0.0138925667852]]}, "melbands": {"dmean": [0.000278039602563, 0.00032038835343, 0.000144800549606, 0.000192357212654, 0.000182446441613, 0.000114937982289, 9.84484140645e-05, 0.000130415457534, 0.000174267668626, 0.000103168953501, 8.0037425505e-05, 4.38700444647e-05, 2.24273881031e-05, 2.80808453681e-05, 2.75598049484e-05, 2.68434705504e-05, 2.92932309094e-05, 2.54698188655e-05, 1.67592334037e-05, 1.03866077552e-05, 7.53580343371e-06, 4.86217095386e-06, 4.94790674566e-06, 4.04898946726e-06, 2.58345335169e-06, 2.80764606941e-06, 2.22762446356e-06, 2.54222868534e-06, 1.83991403446e-06, 1.47453226873e-06, 1.36782671234e-06, 1.52411928411e-06, 1.06452068849e-06, 8.45015335926e-07, 7.30111423763e-07, 2.3290888862e-07, 2.12286053625e-07, 1.14450678268e-07, 8.44183389859e-08, 7.3565395553e-08], "dmean2": [0.000427820777986, 0.000553862075321, 0.000241319008637, 0.000284880195977, 0.000266910443315, 0.000172609783476, 0.000136184855364, 0.000175882072654, 0.000235507410252, 0.000148401406477, 0.000115542810818, 6.51313021081e-05, 3.39280704793e-05, 3.96043942601e-05, 4.00423850806e-05, 3.94520102418e-05, 4.25676589657e-05, 3.91750363633e-05, 2.51848432526e-05, 1.56573969434e-05, 1.12209409053e-05, 7.33028946343e-06, 7.48574257159e-06, 6.22239303993e-06, 4.01128909289e-06, 4.43311910203e-06, 3.48928369931e-06, 3.84847089663e-06, 2.69882048087e-06, 2.26823340199e-06, 2.13836779039e-06, 2.37065773945e-06, 1.63432116551e-06, 1.35058530759e-06, 1.15830835057e-06, 3.26192719058e-07, 2.84799796191e-07, 1.55642169375e-07, 1.12533037111e-07, 9.43439175671e-08], "dvar": [1.38733764743e-06, 1.4015860188e-06, 1.10852802493e-07, 2.30369309406e-07, 1.66289268577e-07, 8.06068101156e-08, 7.69833761183e-08, 1.62274389481e-07, 2.36429329448e-07, 1.62489214972e-07, 1.29178872044e-07, 2.45054021519e-08, 1.02558237458e-08, 8.38724378838e-09, 1.78869186129e-08, 1.59582747017e-08, 3.89850107751e-08, 2.85000751887e-08, 6.62751098446e-09, 3.73576147794e-09, 1.08588638081e-09, 4.05489891664e-10, 2.39551378733e-10, 1.85633799998e-10, 6.85470291639e-11, 1.22236679112e-10, 5.8858570795e-11, 1.54240731298e-10, 3.13309031497e-11, 1.95765157557e-11, 2.7831938143e-11, 2.51952469305e-11, 4.58952736926e-11, 6.06554390048e-11, 1.26922777843e-10, 7.10852709161e-13, 8.41055035946e-13, 1.59615430682e-13, 6.08898578802e-14, 1.19653473327e-13], "dvar2": [3.23417134496e-06, 4.01394891014e-06, 2.9797737966e-07, 5.03342334923e-07, 3.72597611431e-07, 1.80581636755e-07, 1.42798000979e-07, 3.07941462552e-07, 4.35577987901e-07, 3.48963084207e-07, 2.62373276882e-07, 5.14725790879e-08, 2.35247892277e-08, 1.82907893276e-08, 4.2575283743e-08, 3.6691901073e-08, 9.46059586227e-08, 7.10192296083e-08, 1.5441930401e-08, 8.87113849046e-09, 2.30416619118e-09, 8.83523920692e-10, 5.02712038664e-10, 4.35060681925e-10, 1.75338563113e-10, 3.14072490237e-10, 1.43600270563e-10, 3.40687422717e-10, 6.36696806389e-11, 4.39819430875e-11, 6.5844482644e-11, 6.1222658887e-11, 9.24778170708e-11, 1.54021365106e-10, 3.23143511949e-10, 1.41252070804e-12, 1.68539813182e-12, 3.35889573534e-13, 1.14135778736e-13, 2.64339629829e-13], "max": [0.0171607229859, 0.0241073165089, 0.0111900931224, 0.0133175831288, 0.00916904211044, 0.00829101167619, 0.0127325793728, 0.0123679926619, 0.0134597541764, 0.0109572159126, 0.0152016915381, 0.00584457162768, 0.00341214891523, 0.00356998038478, 0.00426471885294, 0.00338367070071, 0.00765643129125, 0.006881095469, 0.00260531110689, 0.00321228150278, 0.00153375428636, 0.000965269864537, 0.000433424022049, 0.000638597004581, 0.000295680743875, 0.000480952352518, 0.000385073712096, 0.000504249357618, 0.00024128050427, 0.000207950593904, 0.000312907941407, 0.000172134314198, 0.000520268746186, 0.000521938723978, 0.000772686500568, 3.73380898964e-05, 4.48270693596e-05, 1.37147280839e-05, 7.87332373875e-06, 2.4342267352e-05], "mean": [0.000321364757838, 0.000495598476846, 0.000375386967789, 0.000412007881096, 0.000467061821837, 0.000349434674717, 0.000334758864483, 0.000394311762648, 0.00047329463996, 0.000279574742308, 0.000209424324566, 0.000103178732388, 4.4312713726e-05, 5.81891545153e-05, 5.09152851009e-05, 4.58369868284e-05, 4.60187329736e-05, 3.97046060243e-05, 2.89665204036e-05, 1.62143714988e-05, 1.43881879922e-05, 9.22935396375e-06, 9.69169104792e-06, 7.00246891938e-06, 4.03866397392e-06, 4.22857192461e-06, 3.16714249493e-06, 3.35087247549e-06, 2.53905955105e-06, 2.04156140171e-06, 1.75776062861e-06, 1.8874811758e-06, 1.32705395117e-06, 1.00666920844e-06, 9.11512699986e-07, 3.63544245374e-07, 3.33035870881e-07, 1.72391111164e-07, 1.25927442696e-07, 1.044480058e-07], "median": [1.86946199392e-05, 0.000117688461614, 0.000137303926749, 0.00012546373182, 0.000185194629012, 0.000112411158625, 0.000105409213575, 9.94412257569e-05, 9.152887651e-05, 3.69959379896e-05, 2.90462448902e-05, 3.38121935783e-05, 8.84333076101e-06, 1.58091825142e-05, 1.0550755178e-05, 6.37901621303e-06, 5.63629237149e-06, 4.84691281599e-06, 5.65640266359e-06, 2.77785534308e-06, 1.84373118373e-06, 1.73680007265e-06, 1.96760402105e-06, 1.47599348566e-06, 9.79188598649e-07, 9.73050418906e-07, 7.70781866777e-07, 6.85290615365e-07, 6.07348965787e-07, 5.50578477032e-07, 4.76144464301e-07, 4.34493358625e-07, 2.90030158112e-07, 1.85859590829e-07, 1.29965670226e-07, 7.38172047932e-08, 4.85826880947e-08, 2.9337863694e-08, 2.37172397277e-08, 1.72932796971e-08], "min": [3.84365344766e-23, 1.67425377278e-23, 6.04626463997e-24, 4.35545882991e-24, 6.78295028492e-24, 1.45348915519e-23, 8.09781575314e-24, 4.303808951e-24, 1.32243017098e-23, 1.13377731982e-23, 9.82939147251e-24, 2.531162293e-23, 1.24838910636e-23, 1.19264882589e-23, 1.16289173037e-23, 1.10045788623e-23, 1.10152276956e-23, 8.57246862664e-24, 6.27865832949e-24, 7.95596515174e-24, 9.35217164561e-24, 9.99841438778e-24, 1.23476058759e-23, 7.34555010531e-24, 9.63234348471e-24, 1.31426695944e-23, 1.00034623087e-23, 7.39861520068e-24, 8.48456664483e-24, 1.18400764353e-23, 1.24953855559e-23, 1.00600196913e-23, 6.32814594065e-24, 5.41652407908e-24, 5.67021385759e-24, 8.71257111227e-24, 1.17022174701e-23, 1.06201858758e-23, 1.06466340154e-23, 9.28173741083e-24], "var": [1.53374298861e-06, 1.37208087381e-06, 4.3673750838e-07, 6.49226763016e-07, 5.95048732066e-07, 4.40138705926e-07, 4.30214726066e-07, 6.66430594265e-07, 9.92117179521e-07, 6.3103203729e-07, 4.66477132477e-07, 8.86936248889e-08, 2.01793106669e-08, 1.85769337691e-08, 2.92364319421e-08, 2.72824749459e-08, 4.89846634366e-08, 3.41567059081e-08, 9.45989864221e-09, 4.50456560941e-09, 2.72254552236e-09, 8.40196578977e-10, 6.23346763096e-10, 3.98739624652e-10, 9.53472370502e-11, 1.5042547763e-10, 7.51854689618e-11, 2.04554706507e-10, 5.15776518717e-11, 2.72712252086e-11, 3.22341944803e-11, 2.72908362575e-11, 6.07132608077e-11, 5.46209327767e-11, 1.13172048122e-10, 1.38531764185e-12, 1.88902322604e-12, 3.03993456926e-13, 1.11136082704e-13, 1.59790190519e-13]}, "mfcc": {"mean": [-708.960754395, 136.767654419, -8.66160106659, 14.2625398636, -17.9643611908, -0.262190014124, -12.1201753616, -3.31250715256, -4.31578493118, -1.37185382843, -0.952688217163, -3.43772268295, -4.1821603775], "cov": [[10169.7753906, 738.311523438, 127.635116577, 701.172180176, -23.3789577484, 76.4723739624, -292.771789551, -27.810464859, -136.392684937, -213.294128418, -163.118103027, 71.9046859741, -33.9729499817], [738.311523438, 1219.56103516, -88.4502487183, 53.9971160889, -18.7751178741, -99.8781280518, -58.6339225769, 6.84085559845, -9.44928359985, -5.02273368835, 8.38865852356, 16.0129165649, 3.72121787071], [127.635116577, -88.4502487183, 679.050231934, 202.643081665, 43.9462623596, 61.7704620361, 14.9976024628, 21.3605632782, -38.5015716553, -105.242126465, -34.2765884399, 19.57670784, -2.45840263367], [701.172180176, 53.9971160889, 202.643081665, 325.06640625, 76.1422042847, 74.5229415894, 15.4549360275, 25.3129272461, -25.085351944, -53.9656715393, -37.3813743591, -6.48091125488, -1.08342409134], [-23.3789577484, -18.7751178741, 43.9462623596, 76.1422042847, 206.344329834, 81.5070419312, 51.9791679382, 17.8947257996, -2.1605117321, 13.5040493011, -3.45382618904, -1.30606997013, -4.25708723068], [76.4723739624, -99.8781280518, 61.7704620361, 74.5229415894, 81.5070419312, 205.759597778, 68.5241622925, 14.3389835358, 4.41109275818, 6.19195508957, 15.2785730362, -5.88876199722, 14.85779953], [-292.771789551, -58.6339225769, 14.9976024628, 15.4549360275, 51.9791679382, 68.5241622925, 148.024505615, 50.8162612915, 15.3025579453, 23.0296840668, 19.8673210144, 1.5776040554, 2.00418353081], [-27.810464859, 6.84085559845, 21.3605632782, 25.3129272461, 17.8947257996, 14.3389835358, 50.8162612915, 115.185241699, 56.194984436, 23.8726406097, 17.7532920837, 8.24329566956, 12.2591648102], [-136.392684937, -9.44928359985, -38.5015716553, -25.085351944, -2.1605117321, 4.41109275818, 15.3025579453, 56.194984436, 145.101867676, 84.5956420898, 30.7767524719, 0.0520996302366, 19.0882015228], [-213.294128418, -5.02273368835, -105.242126465, -53.9656715393, 13.5040493011, 6.19195508957, 23.0296840668, 23.8726406097, 84.5956420898, 161.932037354, 73.2637634277, -0.971978127956, 12.939160347], [-163.118103027, 8.38865852356, -34.2765884399, -37.3813743591, -3.45382618904, 15.2785730362, 19.8673210144, 17.7532920837, 30.7767524719, 73.2637634277, 157.114257812, 59.5672645569, 19.8105068207], [71.9046859741, 16.0129165649, 19.57670784, -6.48091125488, -1.30606997013, -5.88876199722, 1.5776040554, 8.24329566956, 0.0520996302366, -0.971978127956, 59.5672645569, 132.13848877, 53.5337524414], [-33.9729499817, 3.72121787071, -2.45840263367, -1.08342409134, -4.25708723068, 14.85779953, 2.00418353081, 12.2591648102, 19.0882015228, 12.939160347, 19.8105068207, 53.5337524414, 127.109024048]], "icov": [[0.00013878280879, -5.69546755287e-05, 8.07311225799e-05, -0.00032340514008, 0.000105796934804, -0.000154808614752, 0.000322415144183, -9.36328433454e-05, 6.4925661718e-05, -1.44920277307e-05, 0.000133248890052, -0.00021018415282, 0.000122630866827], [-5.69546755287e-05, 0.000927949440666, 0.000159348637681, -0.000236402149312, -0.000109193002572, 0.000547166913748, 0.000117442803457, -0.000151902597281, 7.05473939888e-05, 4.7698365961e-05, -0.000229261175264, 5.9228772443e-05, -0.000100802266388], [8.07311225799e-05, 0.000159348637681, 0.0020589986816, -0.00127068639267, 3.97779476771e-05, -0.000219290159293, 0.000184746444575, -0.000282507768134, -0.000175640336238, 0.00117033126298, -0.00011444339907, -0.000450135878054, 0.000211862279684], [-0.00032340514008, -0.000236402149312, -0.00127068639267, 0.00537836551666, -0.00131811876781, -0.000946040265262, -9.48392262217e-05, -0.000982302473858, 0.000327092537191, 0.000539669243153, 0.000346746848663, 0.000642867584247, -0.000324429653119], [0.000105796934804, -0.000109193002572, 3.97779476771e-05, -0.00131811876781, 0.00652861408889, -0.00201377132908, -0.000952429953031, -0.00029505850398, 0.000826374103781, -0.0015828673495, 0.00114327296615, -0.000953194859903, 0.000778824614827], [-0.000154808614752, 0.000547166913748, -0.000219290159293, -0.000946040265262, -0.00201377132908, 0.00758144166321, -0.00305694364943, 0.00136823230423, -0.000647660694085, 0.000668419874273, -0.00162135227583, 0.00161990802735, -0.0015074351104], [0.000322415144183, 0.000117442803457, 0.000184746444575, -9.48392262217e-05, -0.000952429953031, -0.00305694364943, 0.01081945654, -0.00483196321875, 0.00166597159114, -0.00109637097921, 0.000101758290839, -0.00057064864086, 0.00079225783702], [-9.36328433454e-05, -0.000151902597281, -0.000282507768134, -0.000982302473858, -0.00029505850398, 0.00136823230423, -0.00483196321875, 0.013651794754, -0.00575782544911, 0.00149415899068, -0.000953452661633, 7.97778375272e-06, -0.000586900103372], [6.4925661718e-05, 7.05473939888e-05, -0.000175640336238, 0.000327092537191, 0.000826374103781, -0.000647660694085, 0.00166597159114, -0.00575782544911, 0.0126641215757, -0.00646725716069, 0.00125076307449, 2.52815370914e-05, -0.000801928516012], [-1.44920277307e-05, 4.7698365961e-05, 0.00117033126298, 0.000539669243153, -0.0015828673495, 0.000668419874273, -0.00109637097921, 0.00149415899068, -0.00646725716069, 0.0131140369922, -0.00554150436074, 0.00274831685238, -0.000893575372174], [0.000133248890052, -0.000229261175264, -0.00011444339907, 0.000346746848663, 0.00114327296615, -0.00162135227583, 0.000101758290839, -0.000953452661633, 0.00125076307449, -0.00554150436074, 0.0111546209082, -0.0056399423629, 0.00137434643693], [-0.00021018415282, 5.9228772443e-05, -0.000450135878054, 0.000642867584247, -0.000953194859903, 0.00161990802735, -0.00057064864086, 7.97778375272e-06, 2.52815370914e-05, 0.00274831685238, -0.0056399423629, 0.0123886754736, -0.00489640282467], [0.000122630866827, -0.000100802266388, 0.000211862279684, -0.000324429653119, 0.000778824614827, -0.0015074351104, 0.00079225783702, -0.000586900103372, -0.000801928516012, -0.000893575372174, 0.00137434643693, -0.00489640282467, 0.010210102424]]}, "spectral_contrast_coeffs": {"dmean": [0.0459615290165, 0.0359120704234, 0.0353256426752, 0.0321495458484, 0.0227835383266, 0.0217323675752], "dmean2": [0.074797347188, 0.0572004653513, 0.0540605708957, 0.0492300800979, 0.0342530347407, 0.0313459634781], "dvar": [0.00165068102069, 0.00110048335046, 0.00113823090214, 0.00086299655959, 0.000455395202152, 0.000411633227486], "dvar2": [0.00385356578045, 0.00264056399465, 0.00253418041393, 0.00185320631135, 0.000861125532538, 0.000859233841766], "max": [-0.305554926395, -0.411642581224, -0.360386908054, -0.483154147863, -0.575003921986, -0.564247369766], "mean": [-0.61522257328, -0.687007308006, -0.698204100132, -0.731144607067, -0.78607237339, -0.745072484016], "median": [-0.609305918217, -0.688778400421, -0.701317191124, -0.734651386738, -0.797816753387, -0.742781639099], "min": [-0.961633145809, -0.957079708576, -0.961763262749, -0.960300803185, -0.958441376686, -0.956448078156], "var": [0.010134588927, 0.00611458253115, 0.0061546349898, 0.00461346516386, 0.00317228143103, 0.00212687836029]}, "spectral_contrast_valleys": {"dmean": [0.449546545744, 0.290120512247, 0.337739408016, 0.359665036201, 0.328547894955, 0.318735063076], "dmean2": [0.728222310543, 0.462376028299, 0.519907653332, 0.528616249561, 0.439148694277, 0.375819653273], "dvar": [0.18697693944, 0.0795275717974, 0.12382157892, 0.143151059747, 0.114768952131, 0.0935138016939], "dvar2": [0.414893448353, 0.174236