{"lowlevel": {"average_loudness": 0.0131479389966, "barkbands_crest": {"dmean": 2.00189757347, "dmean2": 3.07916617393, "dvar": 4.1816277504, "dvar2": 9.98269271851, "max": 26.717010498, "mean": 14.7421779633, "median": 14.1016483307, "min": 4.34715938568, "var": 23.9966106415}, "barkbands_flatness_db": {"dmean": 0.0191748905927, "dmean2": 0.0300503671169, "dvar": 0.000403934856877, "dvar2": 0.000940107682254, "max": 0.589495658875, "mean": 0.347923308611, "median": 0.357889771461, "min": 0.0761212036014, "var": 0.00706594157964}, "barkbands_kurtosis": {"dmean": 4.20406103134, "dmean2": 6.15767860413, "dvar": 168.701705933, "dvar2": 344.007232666, "max": 463.158172607, "mean": 10.4377403259, "median": 4.97569179535, "min": -1.99093496799, "var": 608.792785645}, "barkbands_skewness": {"dmean": 0.479098290205, "dmean2": 0.709008574486, "dvar": 0.415146946907, "dvar2": 0.889070034027, "max": 16.6123046875, "mean": 1.71350431442, "median": 1.54103016853, "min": -12.9190158844, "var": 3.16121339798}, "barkbands_spread": {"dmean": 1.34320759773, "dmean2": 1.99978923798, "dvar": 10.6089572906, "dvar2": 19.5257091522, "max": 153.735824585, "mean": 6.10143041611, "median": 4.00010061264, "min": 0.10039845854, "var": 104.548065186}, "dissonance": {"dmean": 0.0398551262915, "dmean2": 0.0680910199881, "dvar": 0.00149369472638, "dvar2": 0.00408459501341, "max": 0.499934017658, "mean": 0.368011236191, "median": 0.374784976244, "min": 0.071719661355, "var": 0.00536181265488}, "dynamic_complexity": 10.2778759003, "erbbands_crest": {"dmean": 2.45387411118, "dmean2": 3.76232481003, "dvar": 6.52433204651, "dvar2": 14.8904600143, "max": 33.6316757202, "mean": 15.5112600327, "median": 14.4853067398, "min": 3.32641029358, "var": 36.8832435608}, "erbbands_flatness_db": {"dmean": 0.01521249488, "dmean2": 0.0231187399477, "dvar": 0.000263308844296, "dvar2": 0.000570503412746, "max": 0.567289471626, "mean": 0.36660271883, "median": 0.375925123692, "min": 0.0350617207587, "var": 0.00818470586091}, "erbbands_kurtosis": {"dmean": 1.8101798296, "dmean2": 2.69297790527, "dvar": 10.3219366074, "dvar2": 23.1129341125, "max": 79.9368209839, "mean": 3.90773153305, "median": 1.92949032784, "min": -1.76142930984, "var": 41.6493797302}, "erbbands_skewness": {"dmean": 0.344021618366, "dmean2": 0.498789012432, "dvar": 0.133648708463, "dvar2": 0.287255227566, "max": 6.68606138229, "mean": 1.04079771042, "median": 0.911171793938, "min": -2.80371880531, "var": 1.31833839417}, "erbbands_spread": {"dmean": 2.17688393593, "dmean2": 3.23413443565, "dvar": 10.7531461716, "dvar2": 23.6103172302, "max": 212.070968628, "mean": 11.9846076965, "median": 8.72486877441, "min": 0.599885046482, "var": 186.948852539}, "hfc": {"dmean": 2.55292105675, "dmean2": 3.67505025864, "dvar": 38.8107795715, "dvar2": 92.7803955078, "max": 144.80657959, "mean": 9.43836116791, "median": 3.65360069275, "min": 1.23724210016e-16, "var": 219.475646973}, "melbands_crest": {"dmean": 2.57475352287, "dmean2": 4.04161500931, "dvar": 7.03126716614, "dvar2": 17.3156089783, "max": 34.3178977966, "mean": 17.7226924896, "median": 16.7183990479, "min": 1.76177418232, "var": 39.8522148132}, "melbands_flatness_db": {"dmean": 0.0206897575408, "dmean2": 0.0322886072099, "dvar": 0.000482847884996, "dvar2": 0.00111540872604, "max": 0.719024479389, "mean": 0.445520848036, "median": 0.463912189007, "min": 0.0045390711166, "var": 0.0130624407902}, "melbands_kurtosis": {"dmean": 4.13660764694, "dmean2": 5.87272119522, "dvar": 151.615478516, "dvar2": 311.771453857, "max": 548.250793457, "mean": 11.62940979, "median": 5.1031293869, "min": -1.70142781734, "var": 879.696411133}, "melbands_skewness": {"dmean": 0.476559340954, "dmean2": 0.704043030739, "dvar": 0.294672876596, "dvar2": 0.623379588127, "max": 19.7904624939, "mean": 1.85496294498, "median": 1.58571863174, "min": -3.28988957405, "var": 3.03960251808}, "melbands_spread": {"dmean": 1.72661375999, "dmean2": 2.53280591965, "dvar": 16.1611022949, "dvar2": 30.2941856384, "max": 231.467041016, "mean": 7.81791067123, "median": 5.46976852417, "min": 0.2836188972, "var": 92.1588592529}, "pitch_salience": {"dmean": 0.0508356392384, "dmean2": 0.0793801173568, "dvar": 0.00273781013675, "dvar2": 0.00663401186466, "max": 0.865743041039, "mean": 0.449659585953, "median": 0.45865124464, "min": 0.0499298721552, "var": 0.0175605341792}, "silence_rate_20dB": {"dmean": 0, "dmean2": 0, "dvar": 0, "dvar2": 0, "max": 1, "mean": 1, "median": 1, "min": 1, "var": 0}, "silence_rate_30dB": {"dmean": 0.0137996673584, "dmean2": 0.0276059024036, "dvar": 0.013609466143, "dvar2": 0.0316040590405, "max": 1, "mean": 0.908420562744, "median": 1, "min": 0, "var": 0.0831959396601}, "silence_rate_60dB": {"dmean": 0.0318819880486, "dmean2": 0.0637791529298, "dvar": 0.0308655388653, "dvar2": 0.0644712001085, "max": 1, "mean": 0.410799235106, "median": 0, "min": 0, "var": 0.242049872875}, "spectral_centroid": {"dmean": 59.4813232422, "dmean2": 85.0434112549, "dvar": 25415.4667969, "dvar2": 38645.515625, "max": 11448.0712891, "mean": 672.718078613, "median": 597.236572266, "min": 153.668716431, "var": 197351.53125}, "spectral_complexity": {"dmean": 0.91030216217, "dmean2": 1.52308428288, "dvar": 1.39877164364, "dvar2": 3.26883530617, "max": 26, "mean": 7.091817379, "median": 6, "min": 0, "var": 33.5933456421}, "spectral_decrease": {"dmean": 1.18853460407e-09, "dmean2": 1.70121405851e-09, "dvar": 8.70237927696e-18, "dvar2": 1.90680103163e-17, "max": 1.57494108663e-15, "mean": -6.27648644169e-09, "median": -1.50885814953e-09, "min": -7.1575229299e-08, "var": 1.46401306952e-16}, "spectral_energy": {"dmean": 0.0047016995959, "dmean2": 0.00673692720011, "dvar": 0.000135337919346, "dvar2": 0.000298899132758, "max": 0.275539755821, "mean": 0.0245449356735, "median": 0.00606606248766, "min": 1.10124873317e-20, "var": 0.00218618614599}, "spectral_energyband_high": {"dmean": 8.83324901224e-06, "dmean2": 1.27495259221e-05, "dvar": 8.54768866798e-10, "dvar2": 1.83991621938e-09, "max": 0.000596584402956, "mean": 2.34746639762e-05, "median": 1.08806517574e-07, "min": 8.31298017143e-21, "var": 3.55690832343e-09}, "spectral_energyband_low": {"dmean": 0.00101758039091, "dmean2": 0.0011838915525, "dvar": 2.85192963929e-05, "dvar2": 3.79922894354e-05, "max": 0.224761649966, "mean": 0.010761924088, "median": 6.48950026516e-06, "min": 8.08158967318e-23, "var": 0.0011072922498}, "spectral_energyband_middle_high": {"dmean": 0.000736291694921, "dmean2": 0.00102042022627, "dvar": 2.58729392044e-06, "dvar2": 5.23212202097e-06, "max": 0.0456956326962, "mean": 0.00243672518991, "median": 0.000748383987229, "min": 1.46738276278e-21, "var": 1.65473120433e-05}, "spectral_energyband_middle_low": {"dmean": 0.00392783479765, "dmean2": 0.00580487400293, "dvar": 0.000108099317004, "dvar2": 0.000264454749413, "max": 0.2228833884, "mean": 0.0116803031415, "median": 0.00425735628232, "min": 2.40269891361e-22, "var": 0.000438807212049}, "spectral_entropy": {"dmean": 0.146164640784, "dmean2": 0.222043827176, "dvar": 0.0326237343252, "dvar2": 0.0751628428698, "max": 9.7936964035, "mean": 5.60803890228, "median": 5.51230239868, "min": 3.11329603195, "var": 0.487048387527}, "spectral_flux": {"dmean": 0.0130838658661, "dmean2": 0.0216699484736, "dvar": 0.000416712777223, "dvar2": 0.0010699138511, "max": 0.308915793896, "mean": 0.0316159687936, "median": 0.0190868116915, "min": 1.0494039665e-10, "var": 0.00132340053096}, "spectral_kurtosis": {"dmean": 22.5001716614, "dmean2": 38.6117477417, "dvar": 867.24407959, "dvar2": 2358.91625977, "max": 456.320098877, "mean": 91.1238174438, "median": 65.0967636108, "min": -1.19672226906, "var": 7473.13232422}, "spectral_rms": {"dmean": 0.000391191162635, "dmean2": 0.00054912205087, "dvar": 4.30714010236e-07, "dvar2": 9.20014485928e-07, "max": 0.016395708546, "mean": 0.00340069225058, "median": 0.00243271654472, "min": 3.27778732975e-12, "var": 1.23815698316e-05}, "spectral_rolloff": {"dmean": 122.645736694, "dmean2": 214.601074219, "dvar": 561943.125, "dvar2": 1237274, "max": 19832.0800781, "mean": 893.781921387, "median": 645.99609375, "min": 64.599609375, "var": 3191839.25}, "spectral_skewness": {"dmean": 1.12737905979, "dmean2": 1.96042084694, "dvar": 1.58741009235, "dvar2": 4.47617292404, "max": 17.4990959167, "mean": 6.30811834335, "median": 5.59930801392, "min": -0.0223027840257, "var": 14.0191898346}, "spectral_spread": {"dmean": 271520.03125, "dmean2": 460417.40625, "dvar": 252609380352, "dvar2": 398938472448, "max": 40505316, "mean": 1656806.75, "median": 1225192, "min": 214678.09375, "var": 4787807453180.0}, "spectral_strongpeak": {"dmean": 0.341530233622, "dmean2": 0.529022753239, "dvar": 0.461462557316, "dvar2": 0.987462699413, "max": 12.0074253082, "mean": 1.15507519245, "median": 0.736021399498, "min": 4.76333861243e-09, "var": 1.83680486679}, "zerocrossingrate": {"dmean": 0.00355853978544, "dmean2": 0.00450608506799, "dvar": 0.000167545280419, "dvar2": 0.000265290378593, "max": 0.77685546875, "mean": 0.0329886004329, "median": 0.026611328125, "min": 0.00439453125, "var": 0.0024880184792}, "barkbands": {"dmean": [4.03518679377e-05, 0.000938513316214, 0.000155988396727, 0.000165433899383, 0.000489642028697, 0.000680699013174, 0.000783559924457, 0.00167007534765, 0.00120536179747, 0.000577059108764, 0.000161787247634, 0.000106213701656, 4.54789405921e-05, 9.82552737696e-05, 6.61847807351e-05, 5.24446368217e-05, 5.84746958339e-05, 2.27747495956e-05, 1.31287888507e-05, 1.08076665128e-05, 2.76066316474e-06, 1.97791473511e-06, 7.5872361549e-07, 6.64310164211e-07, 1.9676238594e-07, 5.78971182108e-08, 1.16315241883e-08], "dmean2": [4.99251545989e-05, 0.00107687024865, 0.000201215094421, 0.000289835443255, 0.000718042312656, 0.0010800374439, 0.00123322440777, 0.00233713141643, 0.0018371444894, 0.00075343385106, 0.000226226868108, 0.000160879135365, 6.58470016788e-05, 0.000140895834193, 8.8446024165e-05, 7.74002328399e-05, 8.7681102741e-05, 3.17804187944e-05, 1.96575201699e-05, 1.57564554684e-05, 4.07795459978e-06, 3.03562546833e-06, 1.12964721666e-06, 8.7102694124e-07, 3.03843734173e-07, 7.82632909591e-08, 1.75116010581e-08], "dvar": [6.70246294021e-08, 2.42040077865e-05, 8.07221226751e-07, 5.04537695178e-07, 2.91790615847e-06, 3.42890484717e-06, 1.09274142233e-05, 3.55426091119e-05, 3.79041775886e-05, 2.14353599404e-06, 4.27143532988e-07, 1.3727887449e-07, 1.74254441987e-08, 1.34278678843e-07, 7.15642940463e-08, 3.8317963913e-08, 4.05508799872e-08, 1.85840853817e-08, 3.29329341575e-09, 2.22804485972e-09, 1.21554932786e-10, 4.80287823401e-11, 1.03204935917e-11, 2.21231383907e-11, 1.95492255196e-12, 9.46065871043e-14, 3.14263368882e-15], "dvar2": [9.93370576907e-08, 3.26839872287e-05, 1.15773491416e-06, 1.47473326706e-06, 6.44256033411e-06, 9.23721654544e-06, 2.58031923295e-05, 6.30519061815e-05, 0.000103507845779, 3.97283793063e-06, 9.1708079708e-07, 3.30127704729e-07, 3.51150220013e-08, 2.70605028163e-07, 1.02324612783e-07, 6.7601398257e-08, 9.2021487319e-08, 2.10802983958e-08, 6.51562936937e-09, 4.55663551335e-09, 2.87245338626e-10, 1.02826157311e-10, 2.15992970037e-11, 3.85401606462e-11, 5.11785058777e-12, 1.65929187165e-13, 6.33601693315e-15], "max": [0.0102968243882, 0.191346913576, 0.0527889430523, 0.0165000390261, 0.0435455068946, 0.0433605611324, 0.117971256375, 0.21475893259, 0.173475831747, 0.0308575127274, 0.0173953324556, 0.0116562321782, 0.00318037299439, 0.00749205891043, 0.0143718067557, 0.00595607236028, 0.00543554779142, 0.00662118801847, 0.00204449822195, 0.00185108825099, 0.000361449463526, 0.000166130717844, 8.63114182721e-05, 0.00017870652664, 6.12169606029e-05, 1.04220380308e-05, 1.96933615371e-06], "mean": [0.000482025643578, 0.00925744418055, 0.000986119848676, 0.000199787828024, 0.00118404370733, 0.00187278178055, 0.00184241263196, 0.00366600276902, 0.00225914036855, 0.00141086964868, 0.000382115220418, 0.000196709937882, 0.000100897115772, 0.000213518855162, 0.000164386859979, 0.000111843241029, 0.000112720757897, 4.03899393859e-05, 2.74997310044e-05, 2.0686087737e-05, 5.36708057552e-06, 4.50136349173e-06, 1.66261429513e-06, 1.37304698455e-06, 4.00044456228e-07, 1.41150437116e-07, 3.46895063785e-08], "median": [3.81717001119e-07, 3.71421629097e-06, 6.58397368625e-07, 2.08994788409e-06, 5.32756894245e-05, 0.000252063939115, 0.000314315198921, 0.000273497018497, 6.92695757607e-05, 0.00016559677897, 1.52633838297e-05, 1.61249918165e-05, 1.97327353817e-05, 1.85619064723e-05, 1.04039463622e-05, 5.29388307768e-06, 9.04005992197e-06, 5.79655875299e-07, 8.02889417173e-07, 1.48490769902e-07, 6.88550638728e-09, 1.83025461453e-09, 7.72219121981e-10, 4.13562184498e-10, 3.98288402259e-10, 8.34149693762e-10, 8.66516636222e-09], "min": [7.27974853508e-23, 2.44562216075e-23, 1.78159786269e-23, 2.21064258519e-23, 2.73549888224e-23, 1.42030540567e-23, 5.17620517737e-23, 5.60495644361e-23, 5.49269207047e-23, 4.00915394122e-23, 1.12153806399e-22, 4.9133399999e-23, 7.57987918617e-23, 9.55133598944e-23, 8.73224151671e-23, 1.5954405099e-22, 1.59663162676e-22, 2.60290297611e-22, 2.4114584251e-22, 4.314574378e-22, 3.56348589997e-22, 4.12362889195e-22, 7.85101181525e-22, 9.97905359546e-22, 1.09134970768e-21, 2.08729475419e-21, 2.59161522221e-21], "var": [2.58274599219e-06, 0.00084310566308, 1.55017078214e-05, 6.70495523991e-07, 1.22248211483e-05, 1.77934362e-05, 3.12672345899e-05, 0.000149907456944, 9.46689615375e-05, 8.11857717053e-06, 1.88956289549e-06, 3.06715804754e-07, 5.14248199579e-08, 4.46064632342e-07, 5.44770898614e-07, 1.68017180613e-07, 1.22716812712e-07, 5.99107963239e-08, 1.11007150139e-08, 5.62941160354e-09, 3.86509463324e-10, 1.96093738469e-10, 4.09049322192e-11, 5.78163211751e-11, 3.47921344512e-12, 3.28260178371e-13, 1.39167716522e-14]}, "erbbands": {"dmean": [0.0333626121283, 0.198428541422, 0.219207376242, 0.272012919188, 1.81736445427, 1.11777710915, 1.55197119713, 7.21309137344, 11.6975212097, 14.645316124, 48.108707428, 22.3657112122, 16.1027507782, 10.639339447, 7.15254402161, 4.29119300842, 2.353048563, 4.69470596313, 3.87796783447, 3.16947078705, 2.71654391289, 2.69464015961, 1.10140943527, 1.05600368977, 0.611549258232, 0.554638326168, 0.18668705225, 0.0661967471242, 0.0579204596579, 0.0424849353731, 0.0235190000385, 0.0131267448887, 0.0125805586576, 0.00244081951678, 0.00124029978178, 0.0004288792843, 0.00012611875718, 1.40681340781e-05, 3.89045180782e-06, 5.33192451257e-06], "dmean2": [0.0357120111585, 0.234042033553, 0.287862986326, 0.445870637894, 2.81401920319, 1.65485012531, 2.36757946014, 11.4870214462, 19.4475669861, 18.7433013916, 70.8681335449, 33.3114509583, 19.4565143585, 15.5184230804, 10.3135938644, 6.35180282593, 3.37744045258, 6.64128112793, 5.53144359589, 4.16430139542, 4.01473140717, 4.0307226181, 1.65213108063, 1.40254735947, 0.882800400257, 0.81325250864, 0.274854660034, 0.101111210883, 0.0856180489063, 0.0656598135829, 0.0354561619461, 0.0189093556255, 0.0159243736416, 0.00354813644662, 0.00186007388402, 0.000611921946984, 0.000175784283783, 2.0174709789e-05, 5.60208309253e-06, 7.65544064052e-06], "dvar": [0.0459040924907, 0.804601967335, 1.24136519432, 1.24721670151, 52.7553672791, 16.2875766754, 15.3427648544, 402.543273926, 2781.37402344, 2211.14233398, 35958.0234375, 9241.6484375, 1790.84558105, 1245.6986084, 946.22064209, 225.071014404, 38.8424606323, 334.358306885, 151.847717285, 213.181884766, 81.6942901611, 88.721031189, 13.0656547546, 99.2858200073, 5.76130008698, 5.96641016006, 0.527104556561, 0.048232100904, 0.05024362728, 0.034968201071, 0.01126405783, 0.00376314413734, 0.0190571118146, 0.000191558996448, 0.000106574465462, 1.78330392373e-05, 4.43435197894e-07, 4.78107287094e-09, 1.38265607297e-10, 1.71580985531e-10], "dvar2": [0.0590186864138, 1.18296587467, 1.88025021553, 3.38904619217, 122.173736572, 33.9504737854, 44.3575782776, 1050.67578125, 7164.84375, 3324.6652832, 80636.4375, 24467.703125, 2619.54931641, 2976.27270508, 2227.42260742, 500.298431396, 79.7106170654, 658.603942871, 307.606872559, 266.715270996, 161.603271484, 197.247116089, 25.8349456787, 95.130279541, 10.9915370941, 12.9700298309, 1.2385610342, 0.112135253847, 0.0927109122276, 0.0879839360714, 0.024204313755, 0.00728082284331, 0.032770935446, 0.00036249490222, 0.000274317600997, 4.54763576272e-05, 8.52744562962e-07, 1.01681818521e-08, 2.93209262425e-10, 3.81222525769e-10], "max": [7.90541553497, 32.8073234558, 57.2097740173, 28.6161193848, 178.555709839, 152.037979126, 90.2738418579, 384.411254883, 2119.83276367, 1399.40600586, 5924.84521484, 2614.14355469, 809.357055664, 1106.74963379, 907.534912109, 594.583862305, 162.597091675, 464.721801758, 272.765228271, 830.30255127, 225.00743103, 314.334869385, 77.8887939453, 540.469848633, 84.3338241577, 85.821685791, 23.4536571503, 4.87089776993, 6.92369127274, 4.54864883423, 3.23098492622, 1.89633989334, 5.5984120369, 0.427359163761, 0.461280584335, 0.216203972697, 0.0216037426144, 0.0018011854263, 0.000322902138578, 0.000302134809317], "mean": [0.436369031668, 1.40985715389, 1.31885170937, 0.674230694771, 3.03452110291, 3.49881982803, 4.96463918686, 19.9814090729, 26.02617836, 40.2846374512, 97.0192718506, 47.5151748657, 42.6285858154, 25.006313324, 16.739074707, 8.76474094391, 5.73403263092, 10.5181694031, 8.93187618256, 8.26433372498, 6.01379966736, 5.43751859665, 2.32782483101, 2.22967791557, 1.34424078465, 1.10132396221, 0.401456296444, 0.149326175451, 0.14567053318, 0.0896848887205, 0.0527869723737, 0.0313010811806, 0.0219305977225, 0.00574407400563, 0.00227579567581, 0.000856606522575, 0.000302463100525, 3.82513208024e-05, 1.75238037627e-05, 2.7820626201e-05], "median": [0.000138564151712, 0.00068844947964, 0.00124028138816, 0.00503878109157, 0.040418073535, 0.223778396845, 0.755677580833, 2.76816606522, 6.46637821198, 6.34408283234, 4.99000692368, 2.60803556442, 5.83520126343, 3.81669640541, 1.77888274193, 1.21144604683, 1.46190142632, 1.38240170479, 0.894384264946, 0.663719117641, 0.592368841171, 0.50443482399, 0.130161434412, 0.0894275456667, 0.0275776982307, 0.0076316203922, 0.00185980577953, 0.000373284099624, 0.000103150567156, 5.02978509758e-05, 3.06247056869e-05, 2.02613700822e-05, 1.59954997798e-05, 1.34769506985e-05, 1.06100887933e-05, 7.87175667938e-06, 5.20185130881e-06, 2.66929669124e-06, 4.33293553215e-06, 7.17089278623e-06], "min": [5.73115904232e-22, 6.62149598516e-21, 2.10177724076e-20, 5.73383893787e-20, 8.34846056515e-20, 9.27736952965e-20, 9.50310388764e-20, 1.25838999512e-19, 7.0132053286e-19, 7.30477408681e-19, 1.41845469108e-18, 1.15182604872e-18, 1.50686964861e-18, 3.40638104769e-18, 3.19654828055e-18, 1.80123996416e-18, 3.5393954125e-18, 4.76075281595e-18, 3.37824387877e-18, 5.92498512629e-18, 9.7889215434e-18, 9.44380028515e-18, 1.36346074611e-17, 9.90426360802e-18, 1.70126286215e-17, 2.39230278076e-17, 1.04308724286e-17, 1.90783401477e-17, 1.61807893277e-17, 1.53726355236e-17, 2.47974271983e-17, 2.23028341049e-17, 1.63525252578e-17, 1.13015164192e-17, 7.82037396059e-18, 5.98322401808e-18, 4.74335720766e-18, 1.57130071108e-18, 3.54416648688e-19, 3.6018455325e-20], "var": [1.84890449047, 20.4357814789, 24.7803096771, 5.66769504547, 113.45967865, 110.883201599, 96.7978515625, 2214.78686523, 7195.33300781, 9917.94824219, 122865.429688, 25446.1582031, 7756.32324219, 3668.97705078, 3208.46557617, 606.776000977, 129.778533936, 1054.76416016, 538.936462402, 1809.52282715, 301.908569336, 286.470428467, 43.0141525269, 365.254882812, 22.7052516937, 15.3173103333, 1.78483712673, 0.174462169409, 0.257606089115, 0.0899778679013, 0.0428624674678, 0.0159349404275, 0.0425949804485, 0.000733559892979, 0.000135799855343, 2.21420796152e-05, 1.60621618761e-06, 1.82059505249e-08, 1.21011645149e-09, 2.67908673024e-09]}, "gfcc": {"mean": [-265.049713135, 183.035400391, -126.624450684, -55.3076629639, -43.6198310852, -30.5706062317, -27.8755664825, -1.31207668781, -0.316927999258, -2.99348425865, -1.49841666222, -2.15547919273, 3.01251864433], "cov": [[33968.5195312, -981.490478516, -9492.68261719, 3302.00634766, -1093.73596191, -4.89538478851, 225.459411621, 574.780029297, -525.353881836, -38.1446762085, -205.716506958, -659.021118164, -473.042144775], [-981.490478516, 3174.45800781, 526.834411621, -1458.12255859, 832.44909668, -406.685150146, -365.924560547, -518.473266602, -70.8840026855, -230.462402344, -68.8166503906, -224.738540649, 89.7244644165], [-9492.68261719, 526.834411621, 4982.19238281, 130.695907593, 334.919952393, 743.799987793, 47.8091964722, -262.273529053, 191.894210815, -13.2184104919, -126.949859619, 55.682346344, 21.0727939606], [3302.00634766, -1458.12255859, 130.695907593, 2020.76086426, -206.773895264, 612.021179199, 407.083679199, 242.075546265, 6.74206161499, 118.599128723, -76.7464752197, -54.823928833, -127.7554245], [-1093.73596191, 832.44909668, 334.919952393, -206.773895264, 693.123474121, -15.4996318817, -21.8414916992, -91.3251113892, 29.6341171265, -25.2999019623, 23.5821018219, -73.36668396, 15.8407964706], [-4.89538478851, -406.685150146, 743.799987793, 612.021179199, -15.4996318817, 588.973632812, 198.661865234, 46.6836776733, 56.4519958496, 24.8573436737, -121.20388031, 2.9162209034, -5.9587430954], [225.459411621, -365.924560547, 47.8091964722, 407.083679199, -21.8414916992, 198.661865234, 489.396057129, 287.501312256, 114.270065308, 91.9693603516, -6.59335947037, -21.9447250366, 0.565234720707], [574.780029297, -518.473266602, -262.273529053, 242.075546265, -91.3251113892, 46.6836776733, 287.501312256, 390.327697754, 134.098403931, 96.2636642456, 83.7971801758, 52.4374351501, -30.1238574982], [-525.353881836, -70.8840026855, 191.894210815, 6.74206161499, 29.6341171265, 56.4519958496, 114.270065308, 134.098403931, 173.406616211, 90.2247543335, 44.3635292053, 46.5497512817, 28.6010379791], [-38.1446762085, -230.462402344, -13.2184104919, 118.599128723, -25.2999019623, 24.8573436737, 91.9693603516, 96.2636642456, 90.2247543335, 164.622070312, 88.4200210571, 23.6122722626, -1.13052976131], [-205.716506958, -68.8166503906, -126.949859619, -76.7464752197, 23.5821018219, -121.20388031, -6.59335947037, 83.7971801758, 44.3635292053, 88.4200210571, 190.174835205, 98.1457290649, 11.5405035019], [-659.021118164, -224.738540649, 55.682346344, -54.823928833, -73.36668396, 2.9162209034, -21.9447250366, 52.4374351501, 46.5497512817, 23.6122722626, 98.1457290649, 211.68838501, 93.8334350586], [-473.042144775, 89.7244644165, 21.0727939606, -127.7554245, 15.8407964706, -5.9587430954, 0.565234720707, -30.1238574982, 28.6010379791, -1.13052976131, 11.5405035019, 93.8334350586, 150.716201782]], "icov": [[0.000384782033507, -0.00080339849228, 0.000859460502397, -0.000975102826487, 0.000835384882521, -0.000864440051373, 0.000755368499085, -0.000705983722582, -1.92873249034e-05, 9.3113820185e-05, -0.000300031359075, 0.000458557886304, 0.000215172680328], [-0.00080339849228, 0.00271164998412, -0.00183206168003, 0.00253032962792, -0.00244027865119, 0.00189011450857, -0.00184702733532, 0.00244021229446, -0.000674683018588, 0.000981207587756, -0.000175513428985, 0.000420480646426, -0.00102195458021], [0.000859460502397, -0.00183206168003, 0.00224912236445, -0.00212140474468, 0.0018311367603, -0.00240025483072, 0.00151977827772, -0.00100302859209, -0.000677339849062, 0.000446599588031, -0.000841124798171, 0.000747895624954, 0.000912636751309], [-0.000975102826487, 0.00253032962792, -0.00212140474468, 0.00368872191757, -0.00233006570488, 0.00119177706074, -0.00239621056244, 0.002029676456, 0.000561621389352, -0.000291394040687, 0.000300676678307, -0.000537988671567, -0.00023363357468], [0.000835384882521, -0.00244027865119, 0.0018311367603, -0.00233006570488, 0.00430688355118, -0.00236455025151, 0.00159622682258, -0.00141671311576, -0.00080410897499, 0.00100968545303, -0.00246006296948, 0.00216821092181, 6.93657329975e-06], [-0.000864440051373, 0.00189011450857, -0.00240025483072, 0.00119177706074, -0.00236455025151, 0.00650557735935, -0.0025857409928, 0.00195560464635, -0.000289476767648, -0.00148382247426, 0.00462749181315, -0.00342748477124, 0.000237096217461], [0.000755368499085, -0.00184702733532, 0.00151977827772, -0.00239621056244, 0.00159622682258, -0.0025857409928, 0.00721814855933, -0.00634421827272, 0.000845949514769, -0.0013681378914, 0.000327739457134, 0.00321869272739, -0.00253815297037], [-0.000705983722582, 0.00244021229446, -0.00100302859209, 0.002029676456, -0.00141671311576, 0.00195560464635, -0.00634421827272, 0.0114892609417, -0.00619004433975, 0.00323589518666, -0.00279327016324, -0.00206852541305, 0.003439220367], [-1.92873249034e-05, -0.000674683018588, -0.000677339849062, 0.000561621389352, -0.00080410897499, -0.000289476767648, 0.000845949514769, -0.00619004433975, 0.0148924980313, -0.0082747573033, 0.00391892949119, -0.00241521000862, -0.00194002105854], [9.3113820185e-05, 0.000981207587756, 0.000446599588031, -0.000291394040687, 0.00100968545303, -0.00148382247426, -0.0013681378914, 0.00323589518666, -0.0082747573033, 0.0163326412439, -0.0106493961066, 0.00613186927512, -0.00142359349411], [-0.000300031359075, -0.000175513428985, -0.000841124798171, 0.000300676678307, -0.00246006296948, 0.00462749181315, 0.000327739457134, -0.00279327016324, 0.00391892949119, -0.0106493961066, 0.0183981023729, -0.0110047245398, 0.00403629615903], [0.000458557886304, 0.000420480646426, 0.000747895624954, -0.000537988671567, 0.00216821092181, -0.00342748477124, 0.00321869272739, -0.00206852541305, -0.00241521000862, 0.00613186927512, -0.0110047245398, 0.0170296002179, -0.00941596459597], [0.000215172680328, -0.00102195458021, 0.000912636751309, -0.00023363357468, 6.93657329975e-06, 0.000237096217461, -0.00253815297037, 0.003439220367, -0.00194002105854, -0.00142359349411, 0.00403629615903, -0.00941596459597, 0.0142092825845]]}, "melbands": {"dmean": [0.000267429626547, 0.000168655547895, 9.57730590017e-05, 0.000116349008749, 5.12535807502e-05, 0.000166063109646, 0.000167135833181, 0.000186215154827, 0.000426116021117, 0.00011596261902, 8.11339268694e-05, 4.63340547867e-05, 2.28923308896e-05, 1.38060913741e-05, 9.22931849345e-06, 4.50224342785e-06, 9.88559349935e-06, 6.53365441394e-06, 4.03587137043e-06, 4.81249253426e-06, 3.22070900438e-06, 3.30456305164e-06, 1.67565735865e-06, 1.00665045011e-06, 8.86589191396e-07, 4.42057086047e-07, 4.36099867329e-07, 3.82079178962e-07, 1.59404208944e-07, 3.9971745025e-08, 4.88499196649e-08, 3.77815183583e-08, 3.45316735206e-08, 1.97032292704e-08, 1.67376672522e-08, 1.0553914187e-08, 6.71376376715e-09, 9.68538493851e-09, 5.46994494144e-09, 1.66963498582e-09], "dmean2": [0.000295614619972, 0.000206628115848, 0.000155287329108, 0.000171885651071, 7.83377399785e-05, 0.000266411952907, 0.000274302408798, 0.00023691507522, 0.000638167839497, 0.000172088795807, 9.79138494586e-05, 6.83994294377e-05, 3.25526561937e-05, 2.00955382752e-05, 1.40667798405e-05, 6.09667131357e-06, 1.41266846185e-05, 9.3671369541e-06, 5.44274507774e-06, 6.68562142891e-06, 4.84934435008e-06, 4.9649020184e-06, 2.52362292485e-06, 1.44547698255e-06, 1.15883574381e-06, 6.51235154692e-07, 6.37957157323e-07, 5.6295482409e-07, 2.34120875575e-07, 5.87760311532e-08, 7.52963131845e-08, 5.59940254163e-08, 5.36395958761e-08, 3.00197058323e-08, 2.48136675651e-08, 1.59575055392e-08, 9.54824042054e-09, 1.24029764237e-08, 7.27475324425e-09, 2.50272558233e-09], "dvar": [2.42376631832e-06, 5.21217771166e-07, 1.42164012118e-07, 1.92002531207e-07, 1.68428861969e-08, 2.04405637305e-07, 4.98478243571e-07, 3.4566528484e-07, 3.07073150907e-06, 2.57365059042e-07, 4.61977229804e-08, 2.55290455442e-08, 9.0884126891e-09, 2.65436073121e-09, 8.24049273263e-10, 2.7041255346e-10, 1.53557200289e-09, 4.96702290409e-10, 2.55674953431e-10, 3.88698129239e-10, 1.61534091658e-10, 1.47745649048e-10, 3.91546239875e-11, 2.53755610274e-11, 8.05721253605e-11, 3.54463723998e-12, 5.22173537049e-12, 2.52996603702e-12, 4.23351458056e-13, 2.64029012683e-14, 3.52102075523e-14, 2.02014562711e-14, 2.55324919058e-14, 8.06100164782e-15, 6.82074763084e-15, 3.14136652753e-15, 1.07331059933e-15, 1.20182802851e-14, 1.73729443273e-15, 8.99379451046e-17], "dvar2": [3.15555530506e-06, 8.2887828512e-07, 3.62083738992e-07, 4.25373087865e-07, 4.8303935074e-08, 5.30534236987e-07, 1.27663963667e-06, 5.32919216312e-07, 7.62718354963e-06, 6.75407704875e-07, 6.7916452906e-08, 5.98656413331e-08, 2.00122247662e-08, 6.32949337387e-09, 2.11583683907e-09, 4.98585561726e-10, 3.02973646171e-09, 1.03578512434e-09, 3.7591077473e-10, 5.93898930035e-10, 3.44898443139e-10, 3.41310146812e-10, 7.32495522571e-11, 3.67079179553e-11, 7.73404673637e-11, 7.16697578021e-12, 9.82399751825e-12, 5.51449554423e-12, 9.64048936167e-13, 5.43565809496e-14, 8.23536592111e-14, 4.01040284965e-14, 5.35717303851e-14, 1.83405774021e-14, 1.37535204512e-14, 7.99959345321e-15, 2.00494265626e-15, 2.08836786297e-14, 2.76989408752e-15, 1.90731080649e-16], "max": [0.059730026871, 0.0312483012676, 0.0103132044896, 0.0107678705826, 0.0029289801605, 0.00981205329299, 0.0273108985275, 0.0205876547843, 0.0461046546698, 0.0143237924203, 0.00401937402785, 0.00496197072789, 0.00254904571921, 0.00156365160365, 0.000657683063764, 0.000644279643893, 0.000944519473705, 0.000612020783592, 0.000846469716635, 0.000701375713106, 0.000321484782035, 0.000302897009533, 0.00025092283613, 0.000203905132366, 0.000488533347379, 6.67174026603e-05, 8.51447621244e-05, 4.15136819356e-05, 1.93752021005e-05, 4.46942658527e-06, 4.4836951929e-06, 3.27099428432e-06, 5.28750115336e-06, 2.71485919257e-06, 2.88155615635e-06, 1.85554461041e-06, 1.1121622947e-06, 4.47927413916e-06, 1.39881831274e-06, 2.6998563385e-07], "mean": [0.00309449923225, 0.00101936992723, 0.000189373851754, 0.000260366592556, 0.000173289139639, 0.000440757372417, 0.000384925835533, 0.000483991927467, 0.00083094148431, 0.000246598356171, 0.000211550752283, 0.000106669154775, 5.38536951353e-05, 2.69324355031e-05, 1.89102156583e-05, 1.05661301859e-05, 2.11495316762e-05, 1.4316970919e-05, 9.89266663964e-06, 1.13383766802e-05, 6.27255349173e-06, 6.16430816081e-06, 3.30069519805e-06, 1.8525950054e-06, 1.77907600118e-06, 9.29235625335e-07, 8.37740799398e-07, 7.00824386968e-07, 3.13441319122e-07, 7.51664970267e-08, 9.87058470514e-08, 8.746835789e-08, 7.26703817122e-08, 3.72022590511e-08, 3.42412640464e-08, 2.26754153232e-08, 1.41562521705e-08, 1.55493768972e-08, 1.01155652743e-08, 3.24191806733e-09], "median": [1.15448040106e-06, 6.88743568844e-07, 1.5505150941e-06, 5.76717411604e-06, 2.16567077587e-05, 5.79110019316e-05, 9.31975373533e-05, 6.49168941891e-05, 2.95658301184e-05, 1.14590548037e-05, 2.56040002569e-05, 1.09426036943e-05, 3.21924335367e-06, 2.57532246906e-06, 2.23783126785e-06, 1.57137014867e-06, 1.96544488063e-06, 1.10693872557e-06, 7.28570341835e-07, 3.70244407577e-07, 4.82196242046e-07, 3.64477159565e-07, 1.71894271261e-07, 3.12002370606e-08, 4.99626509054e-08, 8.66621441276e-09, 8.53450288218e-09, 3.48649531468e-09, 7.08928971083e-10, 1.59484037088e-10, 9.19875772776e-11, 3.69274263945e-11, 2.95223914759e-11, 1.88478156693e-11, 1.20439717227e-11, 6.85499053354e-12, 5.40254386366e-12, 4.74163590336e-12, 4.41006432761e-12, 3.86818355125e-12], "min": [9.59548159233e-24, 1.05563559845e-23, 1.01388221626e-23, 6.68846052569e-24, 3.11487132124e-24, 3.10260295644e-24, 1.07158889031e-23, 8.34051669924e-24, 1.1361004363e-23, 7.2490400733e-24, 7.19742411541e-24, 1.24779383192e-23, 1.2906209327e-23, 5.81416401229e-24, 6.53687183086e-24, 8.13810997931e-24, 8.91376535298e-24, 5.03673449044e-24, 7.59623669035e-24, 6.70759908012e-24, 1.28993990908e-23, 8.10480584962e-24, 1.40558904771e-23, 1.04204581275e-23, 6.96203906535e-24, 1.13802281144e-23, 1.25011568623e-23, 1.66900011692e-23, 5.8147781405e-24, 8.27938707883e-24, 1.07021161806e-23, 9.17559933148e-24, 7.4105057011e-24, 9.26766413228e-24, 1.39289343584e-23, 1.56572449825e-23, 1.17272496044e-23, 1.00122983397e-23, 1.36118248963e-23, 8.14655867961e-24], "var": [9.37257718761e-05, 1.10498385766e-05, 4.11184487348e-07, 7.48934951389e-07, 1.15361650899e-07, 1.02159674498e-06, 1.32795400987e-06, 1.50495327489e-06, 9.15802684176e-06, 7.14931331913e-07, 2.00656813831e-07, 7.53357909389e-08, 3.83549334515e-08, 6.26360252554e-09, 2.04413552751e-09, 8.08294486898e-10, 4.84994444605e-09, 1.59080293383e-09, 1.9292794029e-09, 2.51102227899e-09, 3.93639149054e-10, 4.06700617628e-10, 1.57391377709e-10, 7.98230925803e-11, 2.96538710254e-10, 1.51661547904e-11, 1.36842108825e-11, 6.05371829054e-12, 1.33506790692e-12, 7.88939226448e-14, 1.11574642483e-13, 9.85683160527e-14, 1.03005779362e-13, 2.41661125654e-14, 2.46910341294e-14, 9.23922024228e-15, 4.02792160858e-15, 2.68948630863e-14, 4.55367241785e-15, 2.53875600157e-16]}, "mfcc": {"mean": [-857.220092773, 179.205032349, -8.43962574005, -14.8927221298, -15.3414154053, -21.6911697388, -21.1475791931, -7.91524887085, -2.16301465034, 2.70289635658, -1.54606103897, -0.492648184299, 2.33374667168], "cov": [[16798.4082031, 3593.35913086, -4293.03613281, 227.222412109, -232.76159668, -23.9813346863, -91.9966812134, 378.055358887, 7.27473974228, 240.023971558, 47.6720924377, 303.687683105, 146.479629517], [3593.35913086, 2605.79345703, -817.940429688, -613.467834473, 36.0961341858, -148.93347168, -234.09538269, -236.956634521, -199.482177734, -142.077423096, -93.409324646, -117.131591797, -126.205688477], [-4293.03613281, -817.940429688, 2325.49560547, 486.312438965, 191.156280518, 476.603240967, 238.644393921, -72.354095459, 52.6510810852, -25.5873832703, -7.83411216736, -162.649261475, -202.020858765], [227.222412109, -613.467834473, 486.312438965, 1011.30847168, 263.675445557, 399.973236084, 335.803131104, 191.000366211, 134.283691406, 121.132972717, 43.5459251404, 30.235118866, 16.6549396515], [-232.76159668, 36.0961341858, 191.156280518, 263.675445557, 416.625152588, 239.867874146, 98.4342498779, 9.74752140045, -3.78227901459, 7.64129447937, 35.5570068359, -23.3895072937, -31.730474472], [-23.9813346863, -148.93347168, 476.603240967, 399.973236084, 239.867874146, 489.209991455, 229.426513672, 43.7207450867, 81.5152282715, 52.316493988, -5.87134695053, -63.773109436, -72.9163665771], [-91.9966812134, -234.09538269, 238.644393921, 335.803131104, 98.4342498779, 229.426513672, 287.847747803, 148.353500366, 135.690292358, 112.107635498, 54.5217628479, 2.36240363121, -17.384929657], [378.055358887, -236.956634521, -72.354095459, 191.000366211, 9.74752140045, 43.7207450867, 148.353500366, 258.58303833, 172.071502686, 110.109100342, 86.5112304688, 75.9375991821, 27.5935249329], [7.27473974228, -199.482177734, 52.6510810852, 134.283691406, -3.78227901459, 81.5152282715, 135.690292358, 172.071502686, 254.753326416, 159.699279785, 70.175743103, 40.1061401367, 2.32035040855], [240.023971558, -142.077423096, -25.5873832703, 121.132972717, 7.64129447937, 52.316493988, 112.107635498, 110.109100342, 159.699279785, 228.316497803, 110.625045776, 44.2745246887, 19.1597709656], [47.6720924377, -93.409324646, -7.83411216736, 43.5459251404, 35.5570068359, -5.87134695053, 54.5217628479, 86.5112304688, 70.175743103, 110.625045776, 198.038772583, 120.772392273, 8.5332069397], [303.687683105, -117.131591797, -162.649261475, 30.235118866, -23.3895072937, -63.773109436, 2.36240363121, 75.9375991821, 40.1061401367, 44.2745246887, 120.772392273, 224.746536255, 117.439277649], [146.479629517, -126.205688477, -202.020858765, 16.6549396515, -31.730474472, -72.9163665771, -17.384929657, 27.5935249329, 2.32035040855, 19.1597709656, 8.5332069397, 117.439277649, 220.071670532]], "icov": [[0.000478578003822, -0.000654947420117, 0.000846878974698, -0.000833669852, 0.000973218993749, -0.00119768944569, 0.000918525911402, -0.000972756010015, 0.000723807490431, -0.000603696214966, 7.19026356819e-05, -0.000412555673392, 0.000346685264958], [-0.000654947420117, 0.00147022737656, -0.00091837492073, 0.00142697244883, -0.00156859075651, 0.00152918999083, -0.00136940961238, 0.0016884340439, -0.000943984312471, 0.000872460135724, -2.06788608921e-05, 0.000554871105123, -7.26516300347e-05], [0.000846878974698, -0.00091837492073, 0.00225574104115, -0.00162492319942, 0.00182563613635, -0.0025405336637, 0.00132110796403, -0.00083131500287, 0.00076759053627, -0.000391187699279, -0.000484108488308, -0.00033580858144, 0.000957348558586], [-0.000833669852, 0.00142697244883, -0.00162492319942, 0.00374636938795, -0.0024743671529, 0.00135535222944, -0.00290077202953, 0.000678610405885, -0.000297061225865, 0.000245111441473, 0.00103025056887, -0.000102614038042, -0.000627268862445], [0.000973218993749, -0.00156859075651, 0.00182563613635, -0.0024743671529, 0.00601068791002, -0.0043687694706, 0.00248574581929, -0.00196358631365, 0.00189388147555, -0.000340141617926, -0.0020981375128, 0.000361831946066, 7.54404172767e-05], [-0.00119768944569, 0.00152918999083, -0.0025405336637, 0.00135535222944, -0.0043687694706, 0.00860074255615, -0.00546659668908, 0.00400764029473, -0.00291804503649, 0.00144411367364, 0.00125068752095, 0.00062190159224, 4.9528938689e-05], [0.000918525911402, -0.00136940961238, 0.00132110796403, -0.00290077202953, 0.00248574581929, -0.00546659668908, 0.0120461266488, -0.0057411310263, 0.00121841009241, -0.00263869133778, -0.000945614068769, 0.000634280499071, 0.000169257677044], [-0.000972756010015, 0.0016884340439, -0.00083131500287, 0.000678610405885, -0.00196358631365, 0.00400764029473, -0.0057411310263, 0.0130463885143, -0.00765972025692, 0.00376781402156, -0.00229934533127, 0.00021708793065, -0.000517310108989], [0.000723807490431, -0.000943984312471, 0.00076759053627, -0.000297061225865, 0.00189388147555, -0.00291804503649, 0.00121841009241, -0.00765972025692, 0.0129306586459, -0.00762145686895, 0.00302677601576, -0.00223515043035, 0.00166948710103], [-0.000603696214966, 0.000872460135724, -0.000391187699279, 0.000245111441473, -0.000340141617926, 0.00144411367364, -0.00263869133778, 0.00376781402156, -0.00762145686895, 0.0127920992672, -0.00725098745897, 0.00425747456029, -0.00275108404458], [7.19026356819e-05, -2.06788608921e-05, -0.000484108488308, 0.00103025056887, -0.0020981375128, 0.00125068752095, -0.000945614068769, -0.00229934533127, 0.00302677601576, -0.00725098745897, 0.0148490136489, -0.00921151321381, 0.00468263495713], [-0.000412555673392, 0.000554871105123, -0.00033580858144, -0.000102614038042, 0.000361831946066, 0.00062190159224, 0.000634280499071, 0.00021708793065, -0.00223515043035, 0.00425747456029, -0.00921151321381, 0.0130433887243, -0.00637699617073], [0.000346685264958, -7.26516300347e-05, 0.000957348558586, -0.000627268862445, 7.54404172767e-05, 4.9528938689e-05, 0.000169257677044, -0.000517310108989, 0.00166948710103, -0.00275108404458, 0.00468263495713, -0.00637699617073, 0.00874674413353]]}, "spectral_contrast_coeffs": {"dmean": [0.0366707257926, 0.0355074927211, 0.0291025657207, 0.0266551431268, 0.0194171126932, 0.0211382620037], "dmean2": [0.0595151185989, 0.0585215240717, 0.044760890305, 0.0415260493755, 0.0304674115032, 0.0360963381827], "dvar": [0.0010015728185, 0.00115724792704, 0.000818215718027, 0.000765422242694, 0.000435506633949, 0.000566071306821], "dvar2": [0.00253164465539, 0.00290568568744, 0.00184573815204, 0.00179802975617, 0.000956816889811, 0.00161992805079], "max": [-0.290780484676, -0.324614226818, -0.403290748596, -0.440304428339, -0.481791615486, -0.616528987885], "mean": [-0.661260843277, -0.653079211712, -0.671108424664, -0.694510817528, -0.713352143764, -0.837174832821], "median": [-0.691838979721, -0.656019687653, -0.680881738663, -0.681746184826, -0.686051428318, -0.879684090614], "min": [-0.974562108517, -0.949080646038, -0.967626571655, -0.95420819521, -0.958157658577, -0.961521804333], "var": [0.0188516452909, 0.00750924553722, 0.00738194212317, 0.00732297124341, 0.01154348813, 0.00823482032865]}, "spectral_contrast_valleys": {"dmean": [0.355247914791, 0.284486651421, 0.300517946482, 0.318825036287, 0.248178556561, 0.405654549599], "dmean2": [0.600770831108, 0.475886642933, 0.47664141655, 0.504287183285, 0.39454126358, 0.707773327827], "dvar": [0.108681514859, 0.12342780828