{"lowlevel": {"average_loudness": 0.951477527618, "barkbands_crest": {"dmean": 3.02751612663, "dmean2": 4.50240325928, "dvar": 13.7472276688, "dvar2": 22.052728653, "max": 26.5721569061, "mean": 15.3449201584, "median": 14.1616153717, "min": 2.7353386879, "var": 50.6919250488}, "barkbands_flatness_db": {"dmean": 0.0408361963928, "dmean2": 0.0560156665742, "dvar": 0.00294169224799, "dvar2": 0.00376292155124, "max": 0.581831395626, "mean": 0.188720703125, "median": 0.14358663559, "min": 0.0201550722122, "var": 0.0140274465084}, "barkbands_kurtosis": {"dmean": 49.1944732666, "dmean2": 62.2174339294, "dvar": 16634.40625, "dvar2": 27150.4082031, "max": 3364.57080078, "mean": 84.3747177124, "median": 7.98524951935, "min": -1.90023517609, "var": 35719.375}, "barkbands_skewness": {"dmean": 1.86332976818, "dmean2": 2.34494328499, "dvar": 8.00493431091, "dvar2": 10.7419376373, "max": 47.9318656921, "mean": 5.36829137802, "median": 2.56883835793, "min": -2.33401846886, "var": 30.6997852325}, "barkbands_spread": {"dmean": 6.60159301758, "dmean2": 8.93077087402, "dvar": 84.6540145874, "dvar2": 126.976875305, "max": 110.835914612, "mean": 17.1925621033, "median": 12.5403232574, "min": 0.0940921083093, "var": 293.086639404}, "dissonance": {"dmean": 0.0210850387812, "dmean2": 0.0351561643183, "dvar": 0.000449448125437, "dvar2": 0.00120502593927, "max": 0.500000119209, "mean": 0.456369668245, "median": 0.463042855263, "min": 0.165428504348, "var": 0.00113849085756}, "dynamic_complexity": 3.53464889526, "erbbands_crest": {"dmean": 2.59830331802, "dmean2": 3.86211824417, "dvar": 6.28029155731, "dvar2": 11.8560934067, "max": 27.6470489502, "mean": 8.42502784729, "median": 7.27707958221, "min": 1.95331382751, "var": 18.0687541962}, "erbbands_flatness_db": {"dmean": 0.0154399005696, "dmean2": 0.0231087822467, "dvar": 0.000433913548477, "dvar2": 0.000891534262337, "max": 0.47639939189, "mean": 0.112251080573, "median": 0.103071644902, "min": 0.047479134053, "var": 0.00248311483301}, "erbbands_kurtosis": {"dmean": 1.13914012909, "dmean2": 1.7907050848, "dvar": 7.21364116669, "dvar2": 16.2387104034, "max": 53.747833252, "mean": 0.486453771591, "median": -0.405285954475, "min": -1.87948679924, "var": 12.5508089066}, "erbbands_skewness": {"dmean": 0.391288757324, "dmean2": 0.577251672745, "dvar": 0.246246248484, "dvar2": 0.500088095665, "max": 6.92834234238, "mean": 0.575259923935, "median": 0.43268352747, "min": -4.07275009155, "var": 0.646103382111}, "erbbands_spread": {"dmean": 12.5570306778, "dmean2": 18.7617912292, "dvar": 193.329376221, "dvar2": 398.785675049, "max": 181.783905029, "mean": 58.7708396912, "median": 53.1899032593, "min": 1.22881901264, "var": 821.642333984}, "hfc": {"dmean": 12.553940773, "dmean2": 20.2422389984, "dvar": 675.906799316, "dvar2": 1753.14697266, "max": 205.09564209, "mean": 20.9727287292, "median": 12.6491680145, "min": 7.54318705276e-08, "var": 779.481323242}, "melbands_crest": {"dmean": 3.71844124794, "dmean2": 5.23878669739, "dvar": 17.2290840149, "dvar2": 31.1793766022, "max": 36.824382782, "mean": 21.7011928558, "median": 19.0448265076, "min": 3.41753339767, "var": 108.793876648}, "melbands_flatness_db": {"dmean": 0.0499888882041, "dmean2": 0.0672825351357, "dvar": 0.00423594843596, "dvar2": 0.00569314463064, "max": 0.72241294384, "mean": 0.281155943871, "median": 0.240469798446, "min": 0.0249293986708, "var": 0.0198152288795}, "melbands_kurtosis": {"dmean": 68.9375152588, "dmean2": 94.8432540894, "dvar": 17565.578125, "dvar2": 32961.5351562, "max": 2360.04907227, "mean": 151.599243164, "median": 24.0832576752, "min": -1.78396677971, "var": 60012.8828125}, "melbands_skewness": {"dmean": 2.02962374687, "dmean2": 2.85294866562, "dvar": 7.47607326508, "dvar2": 11.2171974182, "max": 40.1454544067, "mean": 7.26800489426, "median": 4.06177139282, "min": -1.03187263012, "var": 39.9831123352}, "melbands_spread": {"dmean": 6.68888711929, "dmean2": 9.90756511688, "dvar": 140.588104248, "dvar2": 260.147735596, "max": 254.846878052, "mean": 14.0151042938, "median": 9.08778953552, "min": 0.0985884666443, "var": 299.560974121}, "pitch_salience": {"dmean": 0.0994350016117, "dmean2": 0.15367873013, "dvar": 0.0180834941566, "dvar2": 0.0327379517257, "max": 0.943506002426, "mean": 0.39097777009, "median": 0.476243019104, "min": 0.0182327702641, "var": 0.0601272843778}, "silence_rate_20dB": {"dmean": 0, "dmean2": 0, "dvar": 0, "dvar2": 0, "max": 1, "mean": 1, "median": 1, "min": 1, "var": 0}, "silence_rate_30dB": {"dmean": 0.0772568508983, "dmean2": 0.154530063272, "dvar": 0.0712942108512, "dvar2": 0.132138267159, "max": 1, "mean": 0.684550285339, "median": 1, "min": 0, "var": 0.215935528278}, "silence_rate_60dB": {"dmean": 0.0209545977414, "dmean2": 0.0418077893555, "dvar": 0.0205186121166, "dvar2": 0.0447172410786, "max": 1, "mean": 0.0678306892514, "median": 0, "min": 0, "var": 0.0632346272469}, "spectral_centroid": {"dmean": 278.578033447, "dmean2": 425.901855469, "dvar": 109909.15625, "dvar2": 215805.5, "max": 4715.90966797, "mean": 1030.59082031, "median": 999.30871582, "min": 83.1091690063, "var": 266410.03125}, "spectral_complexity": {"dmean": 5.39506816864, "dmean2": 8.75635051727, "dvar": 63.1027832031, "dvar2": 142.855743408, "max": 56, "mean": 13.9212694168, "median": 11, "min": 0, "var": 105.416748047}, "spectral_decrease": {"dmean": 6.64651933491e-09, "dmean2": 7.46807060636e-09, "dvar": 8.11150580201e-17, "dvar2": 9.049755595e-17, "max": -7.80895307787e-19, "mean": -2.03060412929e-08, "median": -1.01417025888e-08, "min": -8.30283326536e-08, "var": 4.75833145977e-16}, "spectral_energy": {"dmean": 0.0253183003515, "dmean2": 0.0292515382171, "dvar": 0.00117891421542, "dvar2": 0.00136817758903, "max": 0.31540080905, "mean": 0.0785419344902, "median": 0.0404005907476, "min": 9.78916860767e-12, "var": 0.00686743855476}, "spectral_energyband_high": {"dmean": 0.000925460131839, "dmean2": 0.00146402709652, "dvar": 4.36236905443e-06, "dvar2": 1.08298254418e-05, "max": 0.0157525930554, "mean": 0.00117891386617, "median": 0.000424853351433, "min": 5.09100357357e-12, "var": 5.13934674018e-06}, "spectral_energyband_low": {"dmean": 0.0238726940006, "dmean2": 0.0264958720654, "dvar": 0.00143004860729, "dvar2": 0.00139993755147, "max": 0.312040388584, "mean": 0.0647326111794, "median": 0.0171333756298, "min": 3.40968681241e-13, "var": 0.0072780023329}, "spectral_energyband_middle_high": {"dmean": 0.00224685692228, "dmean2": 0.00389294698834, "dvar": 1.79383805516e-05, "dvar2": 4.72372303193e-05, "max": 0.0327168591321, "mean": 0.00278466730379, "median": 0.00111180567183, "min": 1.97185974146e-12, "var": 1.71767514985e-05}, "spectral_energyband_middle_low": {"dmean": 0.00822685752064, "dmean2": 0.0146530661732, "dvar": 0.000305990310153, "dvar2": 0.000862114829943, "max": 0.103364951909, "mean": 0.0108813270926, "median": 0.00529103120789, "min": 1.65483089471e-12, "var": 0.000226445903536}, "spectral_entropy": {"dmean": 0.232661858201, "dmean2": 0.332827717066, "dvar": 0.110622793436, "dvar2": 0.233433783054, "max": 8.89572525024, "mean": 7.65339612961, "median": 7.7611451149, "min": 4.18662977219, "var": 0.374166369438}, "spectral_flux": {"dmean": 0.0560104735196, "dmean2": 0.0817802324891, "dvar": 0.00498987687752, "dvar2": 0.00730321928859, "max": 0.534364819527, "mean": 0.109162054956, "median": 0.0706650540233, "min": 4.22055236413e-05, "var": 0.0119098871946}, "spectral_kurtosis": {"dmean": 2.25349831581, "dmean2": 3.56491208076, "dvar": 90.5979309082, "dvar2": 204.385314941, "max": 256.025482178, "mean": 5.51182556152, "median": 2.84738087654, "min": -0.811324357986, "var": 249.85899353}, "spectral_rms": {"dmean": 0.00139268522616, "dmean2": 0.00168125762139, "dvar": 2.82270639218e-06, "dvar2": 3.94735388909e-06, "max": 0.0175416115671, "mean": 0.00744942063466, "median": 0.0062781535089, "min": 9.77261933599e-08, "var": 2.11323877011e-05}, "spectral_rolloff": {"dmean": 692.927429199, "dmean2": 1079.80773926, "dvar": 2016640, "dvar2": 3656969, "max": 16429.8339844, "mean": 1091.52807617, "median": 409.130859375, "min": 64.599609375, "var": 3364766.75}, "spectral_skewness": {"dmean": 0.267630696297, "dmean2": 0.406070023775, "dvar": 0.315689444542, "dvar2": 0.677775382996, "max": 13.421128273, "mean": 1.65290272236, "median": 1.45677924156, "min": 0.0832896754146, "var": 1.15143549442}, "spectral_spread": {"dmean": 798806, "dmean2": 1146229.625, "dvar": 781857259520, "dvar2": 1748376748030.0, "max": 14466713, "mean": 6408583.5, "median": 6216827, "min": 314005.40625, "var": 3830383116290.0}, "spectral_strongpeak": {"dmean": 0.262280374765, "dmean2": 0.415316581726, "dvar": 0.217426255345, "dvar2": 0.649860620499, "max": 8.0626373291, "mean": 0.685543119907, "median": 0.62737351656, "min": 0, "var": 0.26359167695}, "zerocrossingrate": {"dmean": 0.0170346032828, "dmean2": 0.0176034998149, "dvar": 0.000517748179846, "dvar2": 0.000526542251464, "max": 0.44677734375, "mean": 0.0521762371063, "median": 0.0361328125, "min": 0.001953125, "var": 0.00271440134384}, "barkbands": {"dmean": [0.00155924097635, 0.0228300765157, 0.00611136201769, 0.00264562270604, 0.00280398642644, 0.00139916012995, 0.000902321538888, 0.000645319814794, 0.000674055190757, 0.000550882308744, 0.000246967683779, 0.000325682980474, 0.000358786870493, 0.00043948367238, 0.000227077354793, 0.000169117280166, 0.000179084556294, 0.00014018600632, 0.000171100866282, 0.000139486495755, 0.000209298130358, 0.000204972195206, 0.000152410691953, 0.000128915256937, 0.000102910948044, 8.53170422488e-05, 1.83420852409e-05], "dmean2": [0.00138179038186, 0.028727164492, 0.0114422570914, 0.00503028929234, 0.00482499646023, 0.0025799467694, 0.00163122278173, 0.00114632921759, 0.00115484767593, 0.000870136369485, 0.000413584581111, 0.000578903476708, 0.000650389119983, 0.000744485238101, 0.000391936802771, 0.000303044507746, 0.000320288265357, 0.000248006836046, 0.00030830691685, 0.000235083673033, 0.000367980566807, 0.000342903193086, 0.000246824522037, 0.000202746567084, 0.000145759535371, 0.000127370425616, 2.77027975244e-05], "dvar": [5.57136854695e-06, 0.00187776784878, 0.000326493114699, 6.33370000287e-05, 2.17545639316e-05, 1.49591051013e-05, 5.03428009324e-06, 2.33491527979e-06, 1.73513842583e-06, 1.48134154188e-06, 2.18077744307e-07, 3.79083644475e-07, 6.75361320646e-07, 7.05332922735e-07, 3.58388888344e-07, 2.0838957937e-07, 1.73187331143e-07, 1.05026984443e-07, 1.96631134486e-07, 7.79076145818e-08, 2.50627948617e-07, 2.29987350053e-07, 1.06121810006e-07, 7.89338869822e-08, 6.90471182452e-08, 5.79810226498e-08, 2.37881514487e-09], "dvar2": [4.09128688261e-06, 0.0023505918216, 0.00092849554494, 0.000183956988622, 5.89420233155e-05, 4.32719898527e-05, 1.40753945743e-05, 6.2612803049e-06, 4.34469893662e-06, 3.42302655554e-06, 5.45918624084e-07, 1.01084299331e-06, 1.85707335731e-06, 1.76610421931e-06, 8.87155806595e-07, 5.96495226546e-07, 4.83692133457e-07, 2.90963640737e-07, 5.49836613573e-07, 1.987352789e-07, 6.88107434144e-07, 5.9948689568e-07, 2.5267021897e-07, 1.65077054248e-07, 1.5748895521e-07, 1.43572151501e-07, 5.86118664714e-09], "max": [0.0208797510713, 0.307303935289, 0.108340978622, 0.0514093860984, 0.0324345268309, 0.0435341112316, 0.0250078514218, 0.0236984491348, 0.019701121375, 0.0223948005587, 0.00732358545065, 0.00560546061024, 0.0127628669143, 0.00903978571296, 0.0104489829391, 0.00389688787982, 0.00540821766481, 0.00263536674902, 0.00331668206491, 0.00296960491687, 0.00334981945343, 0.00376975093968, 0.00264472560957, 0.00244415947236, 0.0024578163866, 0.00228595966473, 0.000487754063215], "mean": [0.00496012577787, 0.0550596266985, 0.00393259385601, 0.00187589600682, 0.00445928098634, 0.00139373587444, 0.00101670343429, 0.000708151084837, 0.000887335801963, 0.000756595167331, 0.000266148126684, 0.000294558005407, 0.000295290083159, 0.00046248381841, 0.000246047187829, 0.000158320981427, 0.000187219760846, 0.00016316989786, 0.000175313543878, 0.000163909178809, 0.000197134111659, 0.000201856004423, 0.000186566496268, 0.000202881172299, 0.000150891530211, 0.000114066147944, 2.61204731942e-05], "median": [0.000761109287851, 0.00991117209196, 0.000356923846994, 0.00036929702037, 0.00224532140419, 0.000436847301899, 0.000297032180242, 0.000201612594537, 0.000200412527192, 0.000239015644183, 8.30374337966e-05, 7.97951361164e-05, 5.64649890293e-05, 0.000123432313558, 6.5311207436e-05, 4.53437678516e-05, 7.00471136952e-05, 5.53527643206e-05, 5.48395291844e-05, 5.70379925193e-05, 5.73670622543e-05, 5.6780721934e-05, 5.92213618802e-05, 5.58627289138e-05, 4.13485249737e-05, 3.23796011799e-05, 8.78557239048e-06], "min": [1.45148175705e-13, 1.78548487302e-13, 7.96419679337e-14, 6.73132136511e-14, 9.0073472769e-13, 1.6576189477e-13, 3.26624252818e-13, 1.34919961488e-13, 5.21976938669e-14, 1.16817105576e-13, 4.46209773774e-14, 1.04931180119e-13, 2.96450581097e-13, 1.62295307402e-13, 3.14707325954e-13, 2.29388204395e-13, 1.32704353691e-13, 1.33396535463e-13, 2.67402473862e-13, 4.51532854075e-13, 3.75731591023e-13, 3.82973329698e-13, 5.7065582728e-13, 4.39165685154e-13, 8.06702035901e-13, 1.22111598177e-12, 1.1876643332e-12], "var": [4.76472923765e-05, 0.00638140132651, 0.00018772558542, 3.44843174389e-05, 2.69726824627e-05, 9.2302716439e-06, 4.340727628e-06, 2.56355951933e-06, 2.70328041552e-06, 2.30459090744e-06, 2.38096802718e-07, 3.11354824589e-07, 5.10067081905e-07, 7.88726936207e-07, 4.3745842504e-07, 1.38589655307e-07, 1.39370683883e-07, 9.38728774713e-08, 1.41917823271e-07, 8.12773635062e-08, 1.84130257708e-07, 2.01911120712e-07, 1.34897092607e-07, 1.54668072128e-07, 1.0520509619e-07, 6.68042687835e-08, 2.88381185598e-09]}, "erbbands": {"dmean": [0.976060628891, 4.7279009819, 6.77406692505, 8.36499023438, 9.93116950989, 8.83763122559, 8.47232818604, 12.5707168579, 15.0636091232, 12.151427269, 13.9967393875, 14.5793466568, 22.6425266266, 8.34167385101, 11.5323438644, 14.4296588898, 16.0169353485, 22.7661933899, 14.6101932526, 10.3172225952, 10.6285524368, 9.11083602905, 7.80161094666, 9.44097423553, 7.33771848679, 7.03014135361, 9.67019081116, 7.29100322723, 7.65976476669, 5.35498142242, 3.71174240112, 2.79761314392, 2.19085931778, 1.14601480961, 0.748248815536, 0.414069026709, 0.168114900589, 0.0254762191325, 0.00329785700887, 0.000174433749635], "dmean2": [1.11389660835, 6.13168764114, 11.5535488129, 15.7244386673, 17.4009685516, 15.3662996292, 15.2152919769, 23.4010410309, 27.361333847, 21.5053634644, 24.781375885, 24.9325008392, 36.1204490662, 13.9526424408, 19.3767910004, 25.5698070526, 28.9201488495, 38.2214012146, 25.7757472992, 17.4595527649, 19.2939605713, 16.4592952728, 13.8808774948, 17.0747852325, 12.9032077789, 11.784157753, 17.2214412689, 12.5318527222, 13.0496969223, 8.72626018524, 5.87462854385, 4.35961580276, 3.53633451462, 1.56302726269, 1.07821655273, 0.628953874111, 0.256729215384, 0.0368856005371, 0.00507850758731, 0.000283210247289], "dvar": [2.89423179626, 96.2416152954, 331.973266602, 626.001342773, 374.087402344, 216.347427368, 354.196411133, 1302.56848145, 1503.7833252, 726.122192383, 1188.33520508, 943.35345459, 2595.63354492, 253.907165527, 421.476226807, 745.160644531, 1304.54260254, 1801.65771484, 1464.25708008, 1050.63183594, 883.224731445, 525.624450684, 335.083862305, 594.617126465, 305.282562256, 209.645141602, 557.01159668, 293.036895752, 336.099853516, 144.027435303, 53.744304657, 34.0599098206, 25.441411972, 6.77767562866, 4.49288845062, 1.16274058819, 0.273355990648, 0.00498222094029, 8.92219177331e-05, 2.54909082287e-07], "dvar2": [3.46967124939, 147.242523193, 885.832458496, 1799.01269531, 1049.6295166, 579.774902344, 1000.53723145, 3774.08764648, 4234.72998047, 2035.68688965, 3067.61132812, 2325.51220703, 6113.3359375, 619.989379883, 1050.27807617, 1977.78430176, 3589.23828125, 4363.95458984, 4013.64599609, 2351.18432617, 2546.64257812, 1478.75671387, 926.922607422, 1689.59985352, 834.160095215, 526.840148926, 1531.03222656, 794.183959961, 898.791259766, 360.729797363, 122.166809082, 75.3916168213, 54.5269966125, 13.888838768, 10.7533321381, 2.85059142113, 0.699480593204, 0.0119572756812, 0.000226434392971, 6.87858118908e-07], "max": [13.350607872, 64.5282363892, 117.793632507, 159.111190796, 143.249237061, 138.374694824, 189.433166504, 396.122009277, 431.666595459, 309.355743408, 640.796020508, 524.080993652, 882.304016113, 221.464599609, 254.476882935, 279.914489746, 564.637207031, 626.168457031, 361.572296143, 746.617736816, 247.410964966, 183.679946899, 146.401977539, 237.548995972, 130.023498535, 199.234832764, 154.906051636, 131.019744873, 133.336227417, 100.753852844, 59.8105201721, 58.9408111572, 45.5497894287, 24.6539344788, 19.8109054565, 9.55612564087, 5.17763948441, 0.735888540745, 0.0935358479619, 0.00505152018741], "mean": [2.64952039719, 8.01942443848, 5.50396871567, 5.88584089279, 12.2657232285, 13.8388986588, 10.6906242371, 11.871181488, 17.3409309387, 13.6342124939, 15.8785181046, 20.0876274109, 31.6652374268, 10.7739343643, 12.3682641983, 14.0170602798, 13.8679361343, 24.9848480225, 14.0744314194, 11.8622350693, 10.5273714066, 9.12166786194, 8.60285282135, 10.3128242493, 7.80173206329, 8.22165203094, 8.87320613861, 7.22597074509, 7.31067276001, 5.70001173019, 5.10492658615, 4.12752532959, 3.46854829788, 1.80782735348, 1.02433335781, 0.544035255909, 0.213151693344, 0.0368942432106, 0.00461743120104, 0.000290604104521], "median": [0.320002555847, 1.31527400017, 0.947627067566, 1.13146615028, 4.93640995026, 7.10216331482, 4.0788936615, 3.66740560532, 4.88293552399, 4.73030281067, 4.2036857605, 4.93071365356, 10.0666437149, 3.46920061111, 4.12991714478, 4.30944061279, 3.32005286217, 6.99088478088, 3.92781352997, 3.47281360626, 3.54786610603, 3.32597780228, 2.95254445076, 3.32575082779, 2.52528429031, 2.83356690407, 2.52225327492, 2.08331775665, 2.02584314346, 1.82057094574, 1.70677065849, 1.2343211174, 0.903818309307, 0.506459236145, 0.263976573944, 0.148534178734, 0.0542872622609, 0.012304065749, 0.00151058961637, 0.000171337043867], "min": [7.3127354866e-12, 3.35190313006e-11, 8.19472129043e-11, 1.66649957722e-10, 1.05872743905e-09, 3.45671447022e-09, 3.52729134789e-09, 1.18144849459e-09, 4.72066652435e-09, 3.12896730748e-09, 2.59821919535e-09, 1.07895137269e-09, 2.56951038224e-09, 3.3532654431e-09, 2.88940205095e-09, 5.57574253435e-09, 1.36725573086e-08, 8.13881495532e-09, 8.73118732869e-09, 2.23885407991e-08, 1.0400770023e-08, 7.98259858215e-09, 5.83054138303e-09, 9.52054524106e-09, 1.60492454881e-08, 2.17022488869e-08, 2.03490504447e-08, 1.2876094857e-08, 1.28259607379e-08, 1.62810422921e-08, 1.31645876422e-08, 8.51219983389e-09, 9.67496305293e-09, 6.75604416855e-09, 6.62857235767e-09, 4.63422367147e-09, 2.40471731416e-09, 7.02774449746e-10, 1.56431437248e-10, 1.61735191212e-11], "var": [13.620218277, 201.567901611, 245.640457153, 351.507446289, 317.182006836, 288.743743896, 307.966094971, 771.940551758, 1215.05847168, 603.152038574, 1533.3182373, 1565.11572266, 3874.08837891, 374.65637207, 448.655883789, 647.901123047, 997.43737793, 2228.66162109, 1173.21655273, 1375.35229492, 594.354003906, 374.947723389, 262.078399658, 462.171813965, 244.253677368, 227.904754639, 391.255889893, 235.46925354, 275.634735107, 145.527908325, 84.6605453491, 60.0016593933, 48.6688156128, 12.9330682755, 5.84545755386, 1.43360555172, 0.274568110704, 0.00620622513816, 9.69525062828e-05, 2.46968909323e-07]}, "gfcc": {"mean": [-6.71502590179, 72.4244384766, -75.0276184082, 28.5549507141, -47.0969429016, 17.4772472382, -29.1707515717, 7.74836969376, -19.0257720947, 4.79952669144, -13.1607484818, 2.30734562874, -7.77641057968], "cov": [[9590.58398438, -1911.01635742, -827.461486816, -44.6145935059, -649.602294922, -73.4453887939, -489.045928955, -33.217502594, -377.197845459, -41.3049850464, -380.846130371, -107.575675964, -357.999511719], [-1911.01635742, 1799.41601562, 133.959442139, 14.7966251373, 314.995697021, -73.0153579712, 374.40447998, 5.9670176506, 257.022277832, 60.7734222412, 246.542358398, 61.9283180237, 185.829223633], [-827.461486816, 133.959442139, 766.546630859, 308.863311768, 375.012878418, 241.247955322, 188.037384033, 118.338340759, 130.185470581, 85.2590637207, 72.7984466553, 42.7612228394, 55.2516326904], [-44.6145935059, 14.7966251373, 308.863311768, 518.424377441, 369.206726074, 237.24546814, 283.041168213, 172.310409546, 175.414993286, 141.644042969, 96.4159927368, 68.0721206665, 87.5369644165], [-649.602294922, 314.995697021, 375.012878418, 369.206726074, 520.449462891, 274.414611816, 326.729705811, 165.291366577, 214.819519043, 137.750473022, 140.779388428, 77.0281906128, 126.034858704], [-73.4453887939, -73.0153579712, 241.247955322, 237.24546814, 274.414611816, 270.58480835, 184.888015747, 119.89919281, 119.140411377, 95.0301208496, 72.9099273682, 44.2344245911, 57.3112678528], [-489.045928955, 374.40447998, 188.037384033, 283.041168213, 326.729705811, 184.888015747, 334.48614502, 149.608810425, 199.530853271, 116.602394104, 127.472816467, 66.5427093506, 108.518875122], [-33.217502594, 5.9670176506, 118.338340759, 172.310409546, 165.291366577, 119.89919281, 149.608810425, 161.762893677, 116.831916809, 73.3642196655, 52.6587295532, 39.6502227783, 45.4468688965], [-377.197845459, 257.022277832, 130.185470581, 175.414993286, 214.819519043, 119.140411377, 199.530853271, 116.831916809, 185.903244019, 99.2871170044, 102.647651672, 49.8465385437, 81.6855239868], [-41.3049850464, 60.7734222412, 85.2590637207, 141.644042969, 137.750473022, 95.0301208496, 116.602394104, 73.3642196655, 99.2871170044, 111.877868652, 77.6401596069, 43.1197738647, 37.266456604], [-380.846130371, 246.542358398, 72.7984466553, 96.4159927368, 140.779388428, 72.9099273682, 127.472816467, 52.6587295532, 102.647651672, 77.6401596069, 130.703445435, 59.1449165344, 71.7052307129], [-107.575675964, 61.9283180237, 42.7612228394, 68.0721206665, 77.0281906128, 44.2344245911, 66.5427093506, 39.6502227783, 49.8465385437, 43.1197738647, 59.1449165344, 72.8803634644, 54.513053894], [-357.999511719, 185.829223633, 55.2516326904, 87.5369644165, 126.034858704, 57.3112678528, 108.518875122, 45.4468688965, 81.6855239868, 37.266456604, 71.7052307129, 54.513053894, 104.347946167]], "icov": [[0.000168808051967, -8.67118330916e-07, 0.000220473259105, -0.000212215993088, 0.000138070463436, -0.000260918517597, 0.000181260969839, -0.000161264993949, 0.000171079853317, -0.000303708686261, 0.000384669809137, -0.000251911173109, 0.000342059589457], [-8.67118330916e-07, 0.00234086019918, -0.000583923130762, 0.0014742934145, -0.00125632144045, 0.00367997423746, -0.00379524310119, 0.00218836055137, -0.00175827567, 0.00144445104524, -0.00291160237975, 0.00142205751035, -0.000490790058393], [0.000220473259105, -0.000583923130762, 0.00272051827051, -0.00122622528579, -0.00117967301048, -0.00205739215016, 0.00222119013779, -0.000650583882816, 7.72542334744e-05, 0.000291641132208, 0.00100950698834, -0.00105228251778, 0.00160406692885], [-0.000212215993088, 0.0014742934145, -0.00122622528579, 0.00654530758038, -0.00235920050181, 0.00219238526188, -0.00485635735095, 0.000146938604303, 0.00027878585388, -0.00231461506337, 1.4677377294e-05, 0.000731301202904, -0.00134700280614], [0.000138070463436, -0.00125632144045, -0.00117967301048, -0.00235920050181, 0.00978508964181, -0.00535243190825, -0.0013996019261, -0.000524150789715, 2.12002782973e-06, -0.00108719128184, 0.00101070199162, 0.000156141657499, -0.00226989435032], [-0.000260918517597, 0.00367997423746, -0.00205739215016, 0.00219238526188, -0.00535243190825, 0.0157234873623, -0.00694672996178, 0.00117493967991, -0.00104813580401, -0.000189231344848, -0.00465329503641, 0.00287046656013, -0.00107069360092], [0.000181260969839, -0.00379524310119, 0.00222119013779, -0.00485635735095, -0.0013996019261, -0.00694672996178, 0.0199440028518, -0.00554281286895, -0.00359356449917, -0.000605474459007, 0.00221285177395, -0.00160815380514, -0.000193866871996], [-0.000161264993949, 0.00218836055137, -0.000650583882816, 0.000146938604303, -0.000524150789715, 0.00117493967991, -0.00554281286895, 0.0171051453799, -0.00907049048692, 0.00126083404757, 0.000779579218943, -0.00258120871149, 0.00153609307017], [0.000171079853317, -0.00175827567, 7.72542334744e-05, 0.00027878585388, 2.12002782973e-06, -0.00104813580401, -0.00359356449917, -0.00907049048692, 0.0261181276292, -0.0106215234846, -0.00154406018555, 0.00471393018961, -0.0063498057425], [-0.000303708686261, 0.00144445104524, 0.000291641132208, -0.00231461506337, -0.00108719128184, -0.000189231344848, -0.000605474459007, 0.00126083404757, -0.0106215234846, 0.0288324076682, -0.0118455635384, -0.00507926614955, 0.00848165899515], [0.000384669809137, -0.00291160237975, 0.00100950698834, 1.4677377294e-05, 0.00101070199162, -0.00465329503641, 0.00221285177395, 0.000779579218943, -0.00154406018555, -0.0118455635384, 0.0273477938026, -0.00964049622416, -0.00366494758055], [-0.000251911173109, 0.00142205751035, -0.00105228251778, 0.000731301202904, 0.000156141657499, 0.00287046656013, -0.00160815380514, -0.00258120871149, 0.00471393018961, -0.00507926614955, -0.00964049622416, 0.0310299154371, -0.0138835599646], [0.000342059589457, -0.000490790058393, 0.00160406692885, -0.00134700280614, -0.00226989435032, -0.00107069360092, -0.000193866871996, 0.00153609307017, -0.0063498057425, 0.00848165899515, -0.00366494758055, -0.0138835599646, 0.0264869499952]]}, "melbands": {"dmean": [0.00727770291269, 0.00371027621441, 0.00150271423627, 0.000667043030262, 0.000318422593409, 0.000285348447505, 0.000218115077587, 0.000131612861878, 0.000113942798635, 9.35150455916e-05, 0.000111897628813, 3.25195323967e-05, 3.62260834663e-05, 3.76962743758e-05, 3.70660600311e-05, 3.35713921231e-05, 4.56721718365e-05, 2.53113757935e-05, 1.45470576172e-05, 1.15485136121e-05, 1.34638657983e-05, 9.71570170805e-06, 7.83804898674e-06, 7.8280318121e-06, 7.92667651695e-06, 6.11258656136e-06, 4.15259137299e-06, 4.68428652312e-06, 6.16190118308e-06, 5.26538542545e-06, 4.25139114668e-06, 5.0843086683e-06, 2.87457896775e-06, 3.08726498588e-06, 2.11290898733e-06, 2.21472578232e-06, 1.55380053002e-06, 1.73167529738e-06, 1.19537901355e-06, 9.19592764603e-07], "dmean2": [0.00883495993912, 0.00497968075797, 0.00278002698906, 0.00116133340634, 0.000563275301829, 0.000528620148543, 0.000395199924242, 0.000232962687733, 0.000200267648324, 0.000159959687153, 0.000178537418833, 5.4834279581e-05, 6.05838067713e-05, 6.6143584263e-05, 6.71650050208e-05, 6.05418208579e-05, 7.60906259529e-05, 4.52695712738e-05, 2.51504807238e-05, 1.96085111384e-05, 2.46096278715e-05, 1.75437307917e-05, 1.39151488838e-05, 1.40189158628e-05, 1.43438610394e-05, 1.09222692117e-05, 7.06658374838e-06, 7.85726751928e-06, 1.10288819997e-05, 9.26736356632e-06, 7.28022678231e-06, 8.83335997059e-06, 4.59823058918e-06, 5.16622139912e-06, 3.34934065904e-06, 3.61497086487e-06, 2.42549003815e-06, 2.88830415229e-06, 1.72813884092e-06, 1.2817743027e-06], "dvar": [0.0001768059592, 6.52431117487e-05, 1.74402357516e-05, 1.29710622332e-06, 4.07974539485e-07, 6.5331209953e-07, 3.07501125008e-07, 8.54139656781e-08, 7.32600895503e-08, 3.46165336396e-08, 6.3783389237e-08, 4.18688683723e-09, 4.63165195086e-09, 4.58088633692e-09, 6.04142025296e-09, 5.85508974638e-09, 7.63369367718e-09, 4.78085482314e-09, 1.53841317463e-09, 9.27237397974e-10, 1.52646806306e-09, 5.87499771054e-10, 3.16134785017e-10, 3.8585881712e-10, 4.23976853625e-10, 2.35104991031e-10, 7.19821008355e-11, 9.5579620607e-11, 2.31570165821e-10, 1.49666223859e-10, 1.02878247588e-10, 1.61006291632e-10, 3.58765933628e-11, 5.19940826504e-11, 1.61363977735e-11, 2.25215332494e-11, 1.0534650409e-11, 1.6104237735e-11, 6.88733098331e-12, 4.76481788053e-12], "dvar2": [0.000215216932702, 0.00012840362615, 5.00605892739e-05, 3.58043962478e-06, 1.1419550674e-06, 1.88997580608e-06, 8.63327556999e-07, 2.40689786324e-07, 1.88846300375e-07, 8.62862279405e-08, 1.50640801166e-07, 1.01877049019e-08, 1.16322143029e-08, 1.20268754955e-08, 1.64650231227e-08, 1.5963035338e-08, 1.82947577088e-08, 1.32501334349e-08, 3.82370268781e-09, 2.12983430892e-09, 4.41319425448e-09, 1.64996061258e-09, 8.82984296791e-10, 1.08599174098e-09, 1.21084187121e-09, 6.49943654452e-10, 1.84973966699e-10, 2.37187020025e-10, 6.34039876157e-10, 4.07530204027e-10, 2.76504846797e-10, 4.37328007141e-10, 8.76349964818e-11, 1.33826852378e-10, 3.65343068298e-11, 5.27671760453e-11, 2.2413076603e-11, 3.47824720415e-11, 1.54394951685e-11, 9.74815627525e-12], "max": [0.096660733223, 0.0536202713847, 0.0266447514296, 0.00798116624355, 0.00579448183998, 0.00884098559618, 0.00613606208935, 0.00323189701885, 0.00474274018779, 0.00284758047201, 0.00436069024727, 0.000943131803069, 0.00114036432933, 0.000587912509218, 0.00124629668426, 0.00097514828667, 0.00105206947774, 0.000566897157114, 0.000672581838444, 0.000650522473734, 0.000411608780269, 0.000223420982365, 0.000267036899459, 0.000169218619703, 0.000214139348827, 0.000118382493383, 6.75174524076e-05, 0.000152377106133, 0.000100930257759, 0.000123384044855, 8.69628565852e-05, 9.43700360949e-05, 4.86883400299e-05, 5.91146963416e-05, 3.47284367308e-05, 4.26765946031e-05, 3.3506177715e-05, 3.44659019902e-05, 2.62867561105e-05, 2.09715108213e-05], "mean": [0.0186769515276, 0.00529953138903, 0.00121308933012, 0.000974298804067, 0.000441997661255, 0.000275548780337, 0.000253957812674, 0.00014539338008, 0.000133844761876, 0.000126947896206, 0.000155248868396, 3.98816519009e-05, 3.88434673368e-05, 3.65477462765e-05, 3.30711300194e-05, 2.82409364445e-05, 5.06891265104e-05, 2.27739474212e-05, 1.54459248733e-05, 1.31703227453e-05, 1.2889620848e-05, 9.66427251115e-06, 8.0400322986e-06, 8.47643514135e-06, 8.43024736241e-06, 5.81176800551e-06, 4.90148886456e-06, 5.44524255019e-06, 5.47969239051e-06, 5.06229798702e-06, 4.10361735703e-06, 4.54995097243e-06, 3.20394133269e-06, 3.14256863021e-06, 2.94719393423e-06, 2.78346442428e-06, 2.42350142798e-06, 2.65762719209e-06, 1.82409291938e-06, 1.41495695516e-06], "median": [0.0026796720922, 0.00111675611697, 0.00030471739592, 0.00046967092203, 0.000192493127543, 8.44673340907e-05, 7.44694116293e-05, 4.90529491799e-05, 3.33857387886e-05, 3.13177406497e-05, 4.76708810311e-05, 1.10104210762e-05, 1.23948229884e-05, 1.11976987682e-05, 8.57848954183e-06, 5.63889170735e-06, 1.37460892802e-05, 5.78403432883e-06, 4.28752719017e-06, 4.17897808802e-06, 4.07407560488e-06, 3.44355021298e-06, 2.35005472859e-06, 2.55715531239e-06, 2.63564834313e-06, 1.67200619217e-06, 1.73113164692e-06, 1.80272127182e-06, 1.30043122226e-06, 1.52167910983e-06, 1.05784693005e-06, 1.16526780403e-06, 9.76342789727e-07, 9.86534701042e-07, 9.99287067316e-07, 8.27617725463e-07, 7.14795874046e-07, 6.37959715277e-07, 5.28485202267e-07, 3.80349433726e-07], "min": [6.4184199405e-14, 4.37131579577e-14, 4.80127954538e-14, 1.58614183528e-13, 1.44045623411e-13, 2.91101507049e-14, 6.9405235953e-14, 3.26049273301e-14, 1.76739692488e-14, 6.93985740388e-15, 1.43943830379e-14, 1.5308150323e-14, 7.25418921303e-15, 1.11371432503e-14, 2.9215277658e-14, 2.29910237577e-14, 1.44101259923e-14, 1.19547612844e-14, 2.5111233622e-14, 2.392292263e-14, 1.0817010536e-14, 9.32076241005e-15, 3.75347276928e-15, 7.66561683243e-15, 6.97382003694e-15, 1.23625619087e-14, 1.06083312639e-14, 1.535908072e-14, 1.56300651946e-14, 8.52172827882e-15, 6.63799053159e-15, 7.03986658397e-15, 7.83874359059e-15, 9.87776111177e-15, 6.83093066093e-15, 8.50491975701e-15, 4.03822152922e-15, 6.19002021678e-15, 7.05481840955e-15, 5.61441135418e-15], "var": [0.000695014954545, 0.000104046404886, 1.00213128462e-05, 1.39339590532e-06, 4.03879909072e-07, 3.95106241058e-07, 2.56540658938e-07, 6.95002171369e-08, 9.64656834412e-08, 5.46709202354e-08, 9.46980733829e-08, 6.24444496111e-09, 4.98613195177e-09, 4.00602262474e-09, 4.72270311747e-09, 4.52192372435e-09, 9.81957892776e-09, 3.52286200211e-09, 1.69936087424e-09, 1.16358556124e-09, 1.02390673717e-09, 4.35640357122e-10, 2.51116599737e-10, 3.15438036802e-10, 3.26744409307e-10, 1.72254099873e-10, 7.14461545481e-11, 1.08263738252e-10, 1.62334104492e-10, 1.14873451029e-10, 8.41061109647e-11, 1.21509247109e-10, 4.10604154844e-11, 4.82252328349e-11, 2.64393836685e-11, 3.08324893394e-11, 2.06068512948e-11, 3.0251356975e-11, 1.25288564246e-11, 8.45896356433e-12]}, "mfcc": {"mean": [-665.131408691, 113.89264679, 29.4544181824, 23.054693222, 10.6710090637, 11.6799612045, 4.7389550209, 5.44914102554, 2.77724695206, 5.30888557434, 1.77862739563, 0.775965631008, -3.3294377327], "cov": [[9481.74414062, -1463.02270508, -811.979003906, -323.489105225, -492.344970703, -297.240875244, -353.523162842, -260.52355957, -251.314880371, -152.407287598, -173.738433838, -126.870277405, -213.218765259], [-1463.02270508, 1323.69030762, 74.2088623047, 120.590034485, 25.5614776611, 62.6442070007, 87.2429275513, 66.8471069336, 76.5971908569, 30.4966697693, 91.0694656372, 84.7365341187, 109.243217468], [-811.979003906, 74.2088623047, 453.935394287, 125.497093201, 178.358459473, 114.132247925, 89.4686813354, 66.2189102173, 65.6804504395, 41.4693603516, 43.5737380981, 23.3148517609, 37.1598434448], [-323.489105225, 120.590034485, 125.497093201, 414.730255127, 183.042648315, 212.241882324, 174.736206055, 153.906341553, 175.969619751, 116.487831116, 119.779472351, 97.1556549072, 111.005912781], [-492.344970703, 25.5614776611, 178.358459473, 183.042648315, 273.388519287, 192.784286499, 155.25944519, 122.522598267, 125.82409668, 93.2012939453, 83.1810455322, 63.7916183472, 70.6287994385], [-297.240875244, 62.6442070007, 114.132247925, 212.241882324, 192.784286499, 272.175109863, 179.767028809, 130.675720215, 137.741653442, 101.603340149, 108.937065125, 82.8137664795, 87.3758926392], [-353.523162842, 87.2429275513, 89.4686813354, 174.736206055, 155.25944519, 179.767028809, 180.499893188, 126.894714355, 115.972564697, 89.0487213135, 85.8815307617, 68.7526168823, 72.2675018311], [-260.52355957, 66.8471069336, 66.2189102173, 153.906341553, 122.522598267, 130.675720215, 126.894714355, 146.814147949, 129.472045898, 85.5368728638, 76.1258773804, 60.0660667419, 69.3232650757], [-251.314880371, 76.5971908569, 65.6804504395, 175.969619751, 125.82409668, 137.741653442, 115.972564697, 129.472045898, 166.247360229, 106.238250732, 83.0271606445, 58.5439872742, 69.2991714478], [-152.407287598, 30.4966697693, 41.4693603516, 116.487831116, 93.2012939453, 101.603340149, 89.0487213135, 85.5368728638, 106.238250732, 112.495697021, 81.1043930054, 50.9769096375, 45.8261795044], [-173.738433838, 91.0694656372, 43.5737380981, 119.779472351, 83.1810455322, 108.937065125, 85.8815307617, 76.1258773804, 83.0271606445, 81.1043930054, 118.424995422, 78.1988601685, 57.9180679321], [-126.870277405, 84.7365341187, 23.3148517609, 97.1556549072, 63.7916183472, 82.8137664795, 68.7526168823, 60.0660667419, 58.5439872742, 50.9769096375, 78.1988601685, 101.953041077, 69.9105682373], [-213.218765259, 109.243217468, 37.1598434448, 111.005912781, 70.6287994385, 87.3758926392, 72.2675018311, 69.3232650757, 69.2991714478, 45.8261795044, 57.9180679321, 69.9105682373, 99.4364013672]], "icov": [[0.000157527683768, 0.000158269904205, 0.000203257470275, -7.54723732825e-05, 0.000173061067471, -0.000150531966938, 0.0001989609882, -1.60506733664e-05, 2.29412617045e-05, 1.42416674862e-05, -1.75909644895e-05, -0.000100743978692, 0.000106664163468], [0.000158269904205, 0.00106918986421, 2.80987533188e-05, -2.45862302108e-05, 0.00056933745509, 0.000334524782375, -0.000627343368251, 0.000523362425156, -0.000705871148966, 0.000912313582376, -0.000902522588149, 4.15938084188e-05, -0.00085766648408], [0.000203257470275, 2.80987533188e-05, 0.00335722696036, -0.000468699581688, -0.00214642984793, -0.000150718260556, 0.000510750978719, -4.93980805913e-05, 0.000403751735575, 0.000594614131842, -0.000451622006949, 0.000762348237913, 0.000165513454704], [-7.54723732825e-05, -2.45862302108e-05, -0.000468699581688, 0.005509885028, -0.00017793411098, -0.000734635395929, -0.00171495089307, 0.000694963790011, -0.00372569868341, 0.00108297704719, -0.00107683916576, -0.000131085413159, -0.00176004634704], [0.000173061067471, 0.00056933745509, -0.00214642984793, -0.00017793411098, 0.0104549527168, -0.00327289290726, -0.00284020765685, -0.00069193408126, -0.00110590085387, -0.00128735776525, 0.00108661630657, -0.00067885115277, -4.88133482577e-05], [-0.000150531966938, 0.000334524782375, -0.000150718260556, -0.000734635395929, -0.00327289290726, 0.0142667088658, -0.0100245503709, 0.00384669192135, -0.00377112464048, 0.00248476234265, -0.00435037678108, 0.000860109401401, -0.00200942368247], [0.0001989609882, -0.000627343368251, 0.000510750978719, -0.00171495089307, -0.00284020765685, -0.0100245503709, 0.0272856894881, -0.0143090933561, 0.00724197085947, -0.00531288096681, 0.0019891357515, -0.00159934151452, 0.00117808801588], [-1.60506733664e-05, 0.000523362425156, -4.93980805913e-05, 0.000694963790011, -0.00069193408126, 0.00384669192135, -0.0143090933561, 0.0328999534249, -0.0186929218471, 0.00342603283934, -0.00213125813752, -0.000120542339573, -0.00401789881289], [2.29412617045e-05, -0.000705871148966, 0.000403751735575, -0.00372569868341, -0.00110590085387, -0.00377112464048, 0.00724197085947, -0.0186929218471, 0.0326892919838, -0.016613451764, 0.00289641064592, 0.0026035902556, -0.00194193969946], [1.42416674862e-05, 0.000912313582376, 0.000594614131842, 0.00108297704719, -0.00128735776525, 0.00248476234265, -0.00531288096681, 0.00342603283934, -0.016613451764, 0.0320398434997, -0.0137251857668, 0.00135556783061, 0.00165455997922], [-1.75909644895e-05, -0.000902522588149, -0.000451622006949, -0.00107683916576, 0.00108661630657, -0.00435037678108, 0.0019891357515, -0.00213125813752, 0.00289641064592, -0.0137251857668, 0.0289867874235, -0.0144767379388, 0.00301701645367], [-0.000100743978692, 4.15938084188e-05, 0.000762348237913, -0.000131085413159, -0.00067885115277, 0.000860109401401, -0.00159934151452, -0.000120542339573, 0.0026035902556, 0.00135556783061, -0.0144767379388, 0.0287772752345, -0.0136669222265], [0.000106664163468, -0.00085766648408, 0.000165513454704, -0.00176004634704, -4.88133482577e-05, -0.00200942368247, 0.00117808801588, -0.00401789881289, -0.00194193969946, 0.00165455997922, 0.00301701645367, -0.0136669222265, 0.0253182575107]]}, "spectral_contrast_coeffs": {"dmean": [0.0512673258781, 0.0474812537432, 0.0449103154242, 0.0357264876366, 0.0274041648954, 0.0232975687832], "dmean2": [0.0739201754332, 0.077953338623, 0.0707344487309, 0.0569163635373, 0.0439486578107, 0.0368282645941], "dvar": [0.00177814450581, 0.00181977101602, 0.00143281416968, 0.00086724612629, 0.000661420752294, 0.000649569090456], "dvar2": [0.0037247587461, 0.00432647811249, 0.00334241962992, 0.00210972363129, 0.00152039295062, 0.00149563350715], "max": [-0.284903377295, -0.493734329939, -0.51176327467, -0.505095183849, -0.643724501133, -0.662492156029], "mean": [-0.626514673233, -0.754958808422, -0.76210463047, -0.785526752472, -0.806942045689, -0.79631716013], "median": [-0.633540511131, -0.756908297539, -0.768480122089, -0.789878427982, -0.811704993248, -0.798528730869], "min": [-0.886290788651, -0.96318936348, -0.954156696796, -0.941560029984, -0.955391049385, -0.914284706116], "var": [0.0114808790386, 0.00453705899417, 0.00454114098102, 0.00323580182157, 0.00210864143446, 0.00158199807629]}, "spectral_contrast_valleys": {"dmean": [0.523879349232, 0.629447221756, 0.62694054842, 0.62829375267, 0.514896333218, 0.388688921928], "dmean2": [0.795319437981, 1.00552237034, 0.959085166454, 0.961082816124, 0.79343765974, 0.539136588573], "dvar": [0.27356621623, 0.509198784828, 0.413911491632, 0.447247117758, 0.460881650448, 0.307811111212], "dvar2": [0.521787285805, 1.20383155346, 0.913478910923, 0.987835228443, 0.981961488724, 0.621214091778], "max": [-5.35455846786, -4.03012657166, -5.20826482773, -5.76335525513, -5.48425960541, -7.56440162659], "mean": [-7.18740320206, -7.07907056808, -7.75150537491, -8.23383426666, -8.019323349, -9.85851764679], "median": [-6.91