{"lowlevel": {"average_loudness": 0.960835576057, "barkbands_crest": {"dmean": 2.22779631615, "dmean2": 3.58719348907, "dvar": 4.8226723671, "dvar2": 12.4654045105, "max": 25.021314621, "mean": 9.87472248077, "median": 9.23774814606, "min": 2.94967603683, "var": 12.8182582855}, "barkbands_flatness_db": {"dmean": 0.0186865665019, "dmean2": 0.0279331728816, "dvar": 0.000392277550418, "dvar2": 0.000836503168102, "max": 0.403745859861, "mean": 0.143390432, "median": 0.134927362204, "min": 0.031969960779, "var": 0.00349115766585}, "barkbands_kurtosis": {"dmean": 2.17360305786, "dmean2": 3.42218136787, "dvar": 10.4234409332, "dvar2": 25.9151210785, "max": 87.5379180908, "mean": 4.98551607132, "median": 3.49293899536, "min": -1.77284121513, "var": 44.4621276855}, "barkbands_skewness": {"dmean": 0.4110699296, "dmean2": 0.631355941296, "dvar": 0.200869530439, "dvar2": 0.474580913782, "max": 8.40098571777, "mean": 1.64111602306, "median": 1.57966291904, "min": -2.06035757065, "var": 0.986668646336}, "barkbands_spread": {"dmean": 4.62066221237, "dmean2": 6.89560461044, "dvar": 40.7442703247, "dvar2": 89.4577713013, "max": 83.6446304321, "mean": 17.5309715271, "median": 15.0190267563, "min": 1.51273238659, "var": 123.093231201}, "dissonance": {"dmean": 0.0232774168253, "dmean2": 0.0391614958644, "dvar": 0.000503989926074, "dvar2": 0.00136101513635, "max": 0.500000059605, "mean": 0.439568608999, "median": 0.449049770832, "min": 0.222333088517, "var": 0.0018060534494}, "dynamic_complexity": 3.64793395996, "erbbands_crest": {"dmean": 1.91409814358, "dmean2": 3.01421713829, "dvar": 3.88124299049, "dvar2": 8.95662498474, "max": 29.4990882874, "mean": 10.0918588638, "median": 9.35585403442, "min": 2.17482590675, "var": 20.7635650635}, "erbbands_flatness_db": {"dmean": 0.0149783454835, "dmean2": 0.0214282739908, "dvar": 0.000265362439677, "dvar2": 0.000525325362105, "max": 0.431772708893, "mean": 0.160406813025, "median": 0.145187348127, "min": 0.0420446023345, "var": 0.00431633647531}, "erbbands_kurtosis": {"dmean": 1.06887173653, "dmean2": 1.62377464771, "dvar": 2.24031114578, "dvar2": 4.82551383972, "max": 26.4343452454, "mean": 1.92789304256, "median": 1.11111974716, "min": -1.73393416405, "var": 10.9299907684}, "erbbands_skewness": {"dmean": 0.300911724567, "dmean2": 0.461834996939, "dvar": 0.088936150074, "dvar2": 0.195986509323, "max": 4.47987794876, "mean": 0.983173251152, "median": 0.960340201855, "min": -2.03995919228, "var": 0.525440692902}, "erbbands_spread": {"dmean": 6.7013874054, "dmean2": 9.8437538147, "dvar": 73.2290420532, "dvar2": 158.534698486, "max": 137.370574951, "mean": 34.2788009644, "median": 30.2789592743, "min": 3.14734387398, "var": 401.004699707}, "hfc": {"dmean": 9.4484205246, "dmean2": 12.1423711777, "dvar": 261.496063232, "dvar2": 509.883758545, "max": 188.385482788, "mean": 20.2611560822, "median": 12.4368247986, "min": 1.08353103122e-16, "var": 521.650817871}, "melbands_crest": {"dmean": 2.49845123291, "dmean2": 4.049036026, "dvar": 5.84726715088, "dvar2": 14.8500242233, "max": 27.4345054626, "mean": 12.124789238, "median": 11.6062822342, "min": 1.77397203445, "var": 15.5529708862}, "melbands_flatness_db": {"dmean": 0.0229380205274, "dmean2": 0.0338299944997, "dvar": 0.000620054604951, "dvar2": 0.00126479298342, "max": 0.449961990118, "mean": 0.213595852256, "median": 0.214456558228, "min": 0.00413260655478, "var": 0.00400755787268}, "melbands_kurtosis": {"dmean": 4.51495075226, "dmean2": 7.16532754898, "dvar": 63.6042137146, "dvar2": 161.260528564, "max": 167.155548096, "mean": 11.5577220917, "median": 7.90442276001, "min": -1.6560151577, "var": 182.132614136}, "melbands_skewness": {"dmean": 0.530633866787, "dmean2": 0.818138718605, "dvar": 0.377121001482, "dvar2": 0.87805223465, "max": 10.1393499374, "mean": 2.25310206413, "median": 2.13177204132, "min": -1.40321719646, "var": 2.0313410759}, "melbands_spread": {"dmean": 4.38347148895, "dmean2": 6.75852870941, "dvar": 40.6861839294, "dvar2": 94.6599884033, "max": 150.047637939, "mean": 17.4437561035, "median": 14.5611133575, "min": 1.58506691456, "var": 138.931564331}, "pitch_salience": {"dmean": 0.0662135481834, "dmean2": 0.109934411943, "dvar": 0.00480919051915, "dvar2": 0.0128398425877, "max": 0.867972433567, "mean": 0.542971789837, "median": 0.539598107338, "min": 0.144075363874, "var": 0.0111999884248}, "silence_rate_20dB": {"dmean": 0, "dmean2": 0, "dvar": 0, "dvar2": 0, "max": 1, "mean": 1, "median": 1, "min": 1, "var": 0}, "silence_rate_30dB": {"dmean": 0.0119047621265, "dmean2": 0.0238130670041, "dvar": 0.0117633147165, "dvar2": 0.0315793417394, "max": 1, "mean": 0.991667926311, "median": 1, "min": 0, "var": 0.00826228875667}, "silence_rate_60dB": {"dmean": 0.0169642865658, "dmean2": 0.0339336208999, "dvar": 0.0166775081307, "dvar2": 0.0381367504597, "max": 1, "mean": 0.0532658845186, "median": 0, "min": 0, "var": 0.0504293479025}, "spectral_centroid": {"dmean": 157.711471558, "dmean2": 245.117630005, "dvar": 47082.1367188, "dvar2": 100723.125, "max": 12061.5664062, "mean": 1021.72271729, "median": 933.254882812, "min": 243.487609863, "var": 392498.5}, "spectral_complexity": {"dmean": 3.08958339691, "dmean2": 4.50394392014, "dvar": 12.5746011734, "dvar2": 22.0657100677, "max": 49, "mean": 15.4366912842, "median": 14, "min": 0, "var": 56.159450531}, "spectral_decrease": {"dmean": 2.69090683069e-09, "dmean2": 4.08705735921e-09, "dvar": 1.79628771656e-17, "dvar2": 4.09844236893e-17, "max": 1.6421539171e-28, "mean": -6.9908465683e-09, "median": -5.35883026842e-09, "min": -4.88957070388e-08, "var": 3.58855566621e-17}, "spectral_energy": {"dmean": 0.0107605597004, "dmean2": 0.0160842332989, "dvar": 0.000280725886114, "dvar2": 0.000628204725217, "max": 0.189121499658, "mean": 0.0282227601856, "median": 0.02150930278, "min": 1.0034492468e-20, "var": 0.000576816673856}, "spectral_energyband_high": {"dmean": 0.000620447157416, "dmean2": 0.000858271669131, "dvar": 2.02739602173e-06, "dvar2": 4.47897809863e-06, "max": 0.0164514426142, "mean": 0.000836827268358, "median": 0.000232979655266, "min": 7.2612911084e-21, "var": 2.95597465083e-06}, "spectral_energyband_low": {"dmean": 0.00517230480909, "dmean2": 0.00842079333961, "dvar": 0.000139786396176, "dvar2": 0.000348783505615, "max": 0.158794641495, "mean": 0.00878096651286, "median": 0.00502980267629, "min": 2.48014839376e-23, "var": 0.00017332736752}, "spectral_energyband_middle_high": {"dmean": 0.00212480779737, "dmean2": 0.00293852272443, "dvar": 1.99545920623e-05, "dvar2": 3.61542515748e-05, "max": 0.0604783929884, "mean": 0.00514411227778, "median": 0.00231451960281, "min": 1.33655483908e-21, "var": 5.33771599294e-05}, "spectral_energyband_middle_low": {"dmean": 0.00555662950501, "dmean2": 0.00903160963207, "dvar": 9.35207135626e-05, "dvar2": 0.00024279479112, "max": 0.103333033621, "mean": 0.0142188593745, "median": 0.00979432929307, "min": 2.18777634744e-22, "var": 0.000182276809937}, "spectral_entropy": {"dmean": 0.161282896996, "dmean2": 0.234669476748, "dvar": 0.0387605428696, "dvar2": 0.0797889009118, "max": 9.81335926056, "mean": 7.38741493225, "median": 7.50733470917, "min": 4.96874237061, "var": 0.341442972422}, "spectral_flux": {"dmean": 0.0297673270106, "dmean2": 0.0464890450239, "dvar": 0.00170851789881, "dvar2": 0.00374781363644, "max": 0.345708936453, "mean": 0.072406694293, "median": 0.056724216789, "min": 6.54928333788e-11, "var": 0.00299347285181}, "spectral_kurtosis": {"dmean": 2.03883051872, "dmean2": 3.37936449051, "dvar": 13.9957532883, "dvar2": 40.9399337769, "max": 57.4375648499, "mean": 5.56077098846, "median": 3.98692893982, "min": -1.28823459148, "var": 28.9773635864}, "spectral_rms": {"dmean": 0.000911508337595, "dmean2": 0.00132389273494, "dvar": 1.46974275594e-06, "dvar2": 3.11514668283e-06, "max": 0.0135834012181, "mean": 0.00478444201872, "median": 0.004580904264, "min": 3.12885741621e-12, "var": 4.6435202421e-06}, "spectral_rolloff": {"dmean": 390.698181152, "dmean2": 678.520996094, "dvar": 1140598.125, "dvar2": 2929132.25, "max": 19638.28125, "mean": 1119.23571777, "median": 818.26171875, "min": 86.1328125, "var": 1858140.5}, "spectral_skewness": {"dmean": 0.230816975236, "dmean2": 0.371195912361, "dvar": 0.0884106606245, "dvar2": 0.24585044384, "max": 5.46272659302, "mean": 1.83052098751, "median": 1.73003840446, "min": -0.0804506540298, "var": 0.299281984568}, "spectral_spread": {"dmean": 675352, "dmean2": 926743.625, "dvar": 744906096640, "dvar2": 1402667663360.0, "max": 43886752, "mean": 5194979, "median": 5153983, "min": 1083832.125, "var": 5476751245310.0}, "spectral_strongpeak": {"dmean": 0.535437226295, "dmean2": 0.880108892918, "dvar": 0.842762112617, "dvar2": 1.89776813984, "max": 11.2749261856, "mean": 1.25703716278, "median": 0.69650375843, "min": 0, "var": 1.98405611515}, "zerocrossingrate": {"dmean": 0.0109731042758, "dmean2": 0.0129136908799, "dvar": 0.000196339096874, "dvar2": 0.000263536290731, "max": 0.51123046875, "mean": 0.0560050830245, "median": 0.04736328125, "min": 0.00927734375, "var": 0.00126644060947}, "barkbands": {"dmean": [9.49815876083e-05, 0.00406208261847, 0.0016501864884, 0.000965281447861, 0.00151698291302, 0.00194212514907, 0.00125067238696, 0.000548256852198, 0.00113047088962, 0.000565633643419, 0.000887670030352, 0.000294709752779, 0.000159516494023, 0.000365563406376, 0.000182372532436, 0.000137623603223, 8.5784609837e-05, 6.33871168247e-05, 5.15778192494e-05, 6.92716421327e-05, 4.08427949878e-05, 8.45070317155e-05, 6.74631155562e-05, 0.000294081575703, 0.00012052612874, 2.76079572359e-05, 5.47362060388e-06], "dmean2": [0.000132591172587, 0.0066081257537, 0.00280533428304, 0.00170294765849, 0.00262947194278, 0.00334529182874, 0.00202518794686, 0.000879043596797, 0.00146476097871, 0.000877325364854, 0.0012015105458, 0.0004748753272, 0.00024874866358, 0.000531091005541, 0.000293543736916, 0.000223993440159, 0.000138485906064, 9.79795077001e-05, 8.14242812339e-05, 0.000107021900476, 6.02981162956e-05, 0.000124061960378, 8.85447807377e-05, 0.000461971067125, 0.000172763873707, 4.03041121899e-05, 8.49030493555e-06], "dvar": [5.15461238138e-08, 9.20364400372e-05, 1.41946975418e-05, 2.79831760963e-06, 9.49653258431e-06, 1.88847916434e-05, 7.34413652026e-06, 1.87498653759e-06, 6.73063595968e-06, 2.44076136369e-06, 9.10643848329e-06, 7.17295733921e-07, 1.38243578363e-07, 1.86425222637e-06, 4.08497783155e-07, 6.13847390696e-08, 2.68844644324e-08, 8.88656792597e-09, 7.81160647279e-09, 1.39021647527e-08, 5.1948290114e-09, 1.36778453452e-07, 2.57175685192e-07, 9.07432422537e-07, 7.35341885161e-08, 3.65216767939e-09, 4.18356876919e-10], "dvar2": [1.05520818749e-07, 0.000242788853939, 3.78665390599e-05, 8.09367702459e-06, 2.5692545023e-05, 5.29699318577e-05, 1.94486674445e-05, 4.32382694271e-06, 1.0884115909e-05, 4.80011885884e-06, 1.58338334586e-05, 1.68071858297e-06, 2.95307472697e-07, 3.75440436073e-06, 9.00797886061e-07, 1.51027549578e-07, 6.95072657209e-08, 2.07943031683e-08, 2.08698107684e-08, 3.31399334641e-08, 1.08084421413e-08, 3.06053692611e-07, 4.51375200328e-07, 2.30871455642e-06, 1.60167573426e-07, 8.00013122415e-09, 9.80903247516e-10], "max": [0.00328033580445, 0.140389189124, 0.0474204048514, 0.018518326804, 0.0518854372203, 0.0551602467895, 0.0633867010474, 0.0276588089764, 0.0430536232889, 0.0260844007134, 0.0521173365414, 0.0202934704721, 0.0100286249071, 0.0228410009295, 0.0126155056059, 0.00367680191994, 0.00171061977744, 0.00132209050935, 0.00192795856856, 0.0034815587569, 0.00258979341015, 0.0069936318323, 0.0159224998206, 0.0099187521264, 0.00351294595748, 0.00089117657626, 0.000356676406227], "mean": [0.000156447509653, 0.00560872303322, 0.0023127454333, 0.00140683702193, 0.00227743387222, 0.00320056523196, 0.00270620011725, 0.00140993436798, 0.00304419710301, 0.00116209394764, 0.00176164181903, 0.000538669759408, 0.000268980831606, 0.00058270158479, 0.000279563595541, 0.000230471152463, 0.000131837878143, 0.00012269068975, 0.000104172941064, 0.000141519281897, 8.59020437929e-05, 0.000131438049721, 0.000124138387037, 0.000259768450633, 0.000137065668241, 3.17228841595e-05, 5.33339334652e-06], "median": [1.08243257273e-05, 0.00233472045511, 0.00127367023379, 0.000808051321656, 0.00125343981199, 0.00148678943515, 0.000832978403196, 0.00040112429997, 0.000743218231946, 0.000214961604797, 0.000198751746211, 0.000236483538174, 0.00012058824359, 0.000177499881829, 9.76724550128e-05, 0.000118047144497, 6.56106058159e-05, 7.22040203982e-05, 5.84017834626e-05, 6.80146185914e-05, 4.1997875087e-05, 3.53226787411e-05, 2.0468070943e-05, 3.15104807669e-05, 2.8075024602e-05, 7.55183691581e-06, 7.82287372658e-07], "min": [2.26537501697e-24, 3.54981648665e-24, 3.95145594464e-24, 7.94304489201e-25, 2.97895082393e-23, 8.44881783519e-24, 1.02068866592e-23, 1.49059070351e-23, 2.36278245714e-23, 1.72128282005e-23, 3.90619812676e-23, 3.5870534035e-23, 3.34921941364e-23, 3.66638914474e-23, 5.32770843857e-23, 6.44405201128e-23, 9.40249118949e-23, 9.58819661965e-23, 1.48329288817e-22, 1.76033490585e-22, 3.02625824443e-22, 3.51651068457e-22, 4.21880994577e-22, 6.37104817254e-22, 9.51681897033e-22, 1.23246619512e-21, 2.22619283854e-21], "var": [9.83329044857e-08, 9.68280583038e-05, 1.36376838782e-05, 3.245364951e-06, 1.20495024021e-05, 2.25720268645e-05, 1.70495331986e-05, 7.63057596487e-06, 3.01270247292e-05, 7.68227164372e-06, 2.49232198257e-05, 1.20930167213e-06, 2.78337466852e-07, 2.82615201286e-06, 6.94312973337e-07, 9.20309730645e-08, 3.780174751e-08, 1.97829397308e-08, 1.72488139327e-08, 4.54782096426e-08, 1.58739599243e-08, 1.86006971603e-07, 6.19912725597e-07, 7.66834546084e-07, 9.24359682131e-08, 4.66973126834e-09, 3.8827410731e-10]}, "erbbands": {"dmean": [0.0949977636337, 1.00131869316, 1.95655179024, 2.40985536575, 4.79777050018, 4.47110414505, 10.7471246719, 17.7100791931, 13.3546943665, 19.6465568542, 14.0120010376, 15.8489637375, 28.1601581573, 31.0703239441, 19.480096817, 9.12595367432, 7.53527879715, 13.881980896, 12.5946960449, 8.04625034332, 8.31775569916, 4.99388074875, 3.5504758358, 2.61589598656, 2.8708319664, 2.9208881855, 1.91524028778, 1.76791441441, 2.41742515564, 2.14489269257, 2.17026519775, 2.40752601624, 6.53992795944, 1.44650626183, 1.21672165394, 0.278951346874, 0.0357569567859, 0.00591079052538, 0.000937441480346, 6.56338597764e-05], "dmean2": [0.149519279599, 1.65317177773, 3.24120879173, 4.27777099609, 8.23173713684, 7.78841590881, 18.9022064209, 30.560792923, 22.0405349731, 31.8315696716, 21.3651676178, 21.3522377014, 37.9397506714, 42.0615463257, 28.2134914398, 14.6407346725, 11.3282108307, 19.7258911133, 19.2480335236, 12.9989519119, 13.30148983, 7.94567394257, 5.4795665741, 4.03223752975, 4.48687934875, 4.43260812759, 2.79615116119, 2.6878221035, 3.58044719696, 3.14280629158, 2.8415324688, 3.49404859543, 10.4429359436, 2.09751009941, 1.82475030422, 0.405884385109, 0.0516224019229, 0.00883832294494, 0.00145799410529, 0.000101771336631], "dvar": [0.0341370329261, 6.39942407608, 22.7908115387, 20.9974422455, 96.9971466064, 89.1974487305, 540.151794434, 1797.88452148, 663.451416016, 1942.63220215, 1215.50061035, 1114.90185547, 4068.13964844, 9199.67871094, 3773.22387695, 772.690429688, 364.821777344, 1907.08557129, 2534.98535156, 634.936279297, 220.841995239, 80.3963088989, 29.7277202606, 14.4503746033, 25.9072875977, 24.7351322174, 10.7263669968, 20.6283512115, 71.162071228, 82.1105651855, 279.705993652, 71.7290344238, 476.029693604, 14.1458406448, 10.066242218, 0.434574812651, 0.00579816056415, 0.000245691247983, 1.11705467134e-05, 5.89923132566e-08], "dvar2": [0.0884680375457, 16.7867927551, 56.6825485229, 60.6916732788, 265.518005371, 244.601852417, 1582.54504395, 4963.98339844, 1752.9642334, 4996.32617188, 2510.39501953, 1959.76831055, 6841.26757812, 16176.8925781, 7072.54882812, 1727.38806152, 702.450012207, 3173.86743164, 5401.55371094, 1406.19714355, 519.847961426, 205.193908691, 69.7054290771, 33.7801895142, 69.0167999268, 56.5811653137, 21.1889820099, 43.9772224426, 157.08732605, 186.797210693, 436.87612915, 158.492050171, 1241.41674805, 32.7421417236, 23.753742218, 0.960938155651, 0.0124365668744, 0.000527659896761, 2.61648838205e-05, 1.46543158053e-07], "max": [2.18760180473, 36.6684036255, 67.8497314453, 55.2537994385, 154.186676025, 165.40612793, 306.346313477, 618.896850586, 410.342590332, 968.688354492, 703.249389648, 582.242980957, 1024.43737793, 1884.33129883, 1704.65356445, 756.908813477, 533.652526855, 855.247009277, 943.818725586, 471.799621582, 249.625396729, 93.1735992432, 82.3325958252, 43.6142845154, 137.871139526, 148.891815186, 120.913841248, 115.588294983, 150.532546997, 186.525314331, 517.455688477, 150.721801758, 220.248947144, 44.1160888672, 39.9885368347, 7.24667263031, 1.35894179344, 0.274909585714, 0.0540504232049, 0.00501019647345], "mean": [0.152159586549, 1.28181505203, 2.78919768333, 3.85008311272, 6.80647563934, 6.82540893555, 15.201423645, 28.2381362915, 26.9142932892, 46.7761116028, 42.8905982971, 43.0718345642, 65.1338424683, 65.3662643433, 38.2854919434, 17.3467311859, 14.054974556, 24.5312747955, 19.2077999115, 12.8835496902, 14.4608058929, 8.31417274475, 6.85893392563, 5.85243177414, 6.17037916183, 6.15180110931, 4.12953662872, 3.42264485359, 3.98228096962, 3.27560353279, 4.13470029831, 2.97002434731, 5.48067378998, 1.54166567326, 1.24307000637, 0.304662585258, 0.0415289252996, 0.00672462396324, 0.000931266986299, 8.29483396956e-05], "median": [0.0541248954833, 0.529545843601, 1.54508006573, 2.50537753105, 3.60459375381, 3.62316131592, 5.63688087463, 12.4509181976, 13.2904148102, 13.6901426315, 10.248005867, 12.7948102951, 20.4400691986, 11.3043146133, 9.57133579254, 8.19346904755, 6.76164627075, 7.96113204956, 6.7974281311, 5.4578871727, 7.16486310959, 4.53367137909, 3.93883514404, 3.76657629013, 3.28977847099, 2.80639672279, 1.9147413969, 1.54063689709, 1.2899377346, 0.904035568237, 0.600530445576, 0.590149879456, 0.55146664381, 0.279327720404, 0.217430889606, 0.0635929256678, 0.00912988279015, 0.00141493696719, 0.000157426402438, 3.47262866853e-05], "min": [1.03030491191e-22, 8.07370636527e-22, 3.46364917842e-21, 6.09447853739e-21, 2.55910116764e-20, 8.89006417981e-20, 9.70147019958e-20, 1.02844160428e-19, 1.36890403915e-19, 1.48180902288e-19, 3.82588042207e-19, 4.90138168849e-19, 1.06248165037e-18, 8.93510157922e-19, 1.96639401809e-18, 1.34883058873e-18, 1.60418362197e-18, 1.908474418e-18, 2.83956732026e-18, 3.64357508834e-18, 4.07392738255e-18, 6.32850947169e-18, 5.81195130917e-18, 5.46027919406e-18, 6.8102611148e-18, 8.85411149827e-18, 7.21502250881e-18, 1.50065386194e-17, 1.13556454641e-17, 1.22654514937e-17, 1.21065881484e-17, 1.1639944132e-17, 9.06043350409e-18, 8.87570504816e-18, 7.94658931436e-18, 3.33900449846e-18, 2.37130554538e-18, 1.06687160128e-18, 2.66806408645e-19, 2.92717020615e-20], "var": [0.0521841011941, 6.11523675919, 23.4682712555, 22.6484355927, 125.576019287, 98.0034332275, 674.563476562, 1907.38061523, 1171.40710449, 5801.25146484, 7531.86230469, 5405.66455078, 13054.7861328, 25305.140625, 9666.56054688, 1288.80883789, 777.104309082, 4466.47705078, 3269.30224609, 1057.20910645, 375.642425537, 121.391731262, 65.5179901123, 36.3059120178, 78.807800293, 90.990234375, 39.9154014587, 38.0682601929, 103.147460938, 109.351020813, 786.141662598, 95.2810668945, 378.517059326, 15.4790840149, 10.3242778778, 0.523709654808, 0.00756799569353, 0.000281852786429, 1.03691209006e-05, 5.00246741808e-08]}, "gfcc": {"mean": [-13.3830099106, 95.4483184814, -108.188529968, 17.9512805939, -64.15625, 13.2199172974, -37.3063964844, 13.0481748581, -22.1402759552, 3.54734230042, -13.8663959503, -2.28567051888, -6.00862789154], "cov": [[14601.5478516, -991.652954102, 277.570800781, 224.665771484, -319.432617188, 993.780700684, -176.105209351, 738.077514648, -238.732269287, 339.791992188, -181.100128174, 234.102676392, -43.2845573425], [-991.652954102, 1306.49279785, -371.855285645, -91.3207397461, 142.537094116, -242.473846436, 248.662887573, -106.161361694, 245.467590332, -125.118942261, 130.593994141, -115.975738525, 67.3547973633], [277.570800781, -371.855285645, 1280.95556641, 395.022918701, 158.443115234, 291.138824463, -177.8855896, 155.112686157, -140.820556641, 170.171081543, -110.548492432, 71.3368988037, -121.623458862], [224.665771484, -91.3207397461, 395.022918701, 390.471832275, 135.147415161, 143.711135864, -27.1197376251, 49.2992401123, -63.0442848206, 52.565776825, -49.1174697876, 12.1745958328, -46.9305114746], [-319.432617188, 142.537094116, 158.443115234, 135.147415161, 267.953765869, 111.791923523, 74.1871185303, 12.1586799622, -18.2538337708, -52.8563957214, -55.4440231323, -35.2310218811, 8.21709251404], [993.780700684, -242.473846436, 291.138824463, 143.711135864, 111.791923523, 340.789550781, -4.14394044876, 119.622848511, -86.7262115479, 11.1839389801, -99.7933883667, 18.2132873535, -7.4862613678], [-176.105209351, 248.662887573, -177.8855896, -27.1197376251, 74.1871185303, -4.14394044876, 180.361557007, 2.6391415596, 73.9570846558, -57.3485183716, 22.2602653503, -18.1035938263, 37.1476707458], [738.077514648, -106.161361694, 155.112686157, 49.2992401123, 12.1586799622, 119.622848511, 2.6391415596, 148.780685425, -0.39236998558, 47.5693969727, -24.6434078217, 16.5447177887, -1.70443964005], [-238.732269287, 245.467590332, -140.820556641, -63.0442848206, -18.2538337708, -86.7262115479, 73.9570846558, -0.39236998558, 151.356781006, 19.4661579132, 77.9873580933, -9.04807662964, 10.511929512], [339.791992188, -125.118942261, 170.171081543, 52.565776825, -52.8563957214, 11.1839389801, -57.3485183716, 47.5693969727, 19.4661579132, 150.212814331, 50.7412567139, 50.7023620605, -28.7075061798], [-181.100128174, 130.593994141, -110.548492432, -49.1174697876, -55.4440231323, -99.7933883667, 22.2602653503, -24.6434078217, 77.9873580933, 50.7412567139, 135.473144531, 25.9923782349, 11.3850727081], [234.102676392, -115.975738525, 71.3368988037, 12.1745958328, -35.2310218811, 18.2132873535, -18.1035938263, 16.5447177887, -9.04807662964, 50.7023620605, 25.9923782349, 91.7395706177, 8.6176700592], [-43.2845573425, 67.3547973633, -121.623458862, -46.9305114746, 8.21709251404, -7.4862613678, 37.1476707458, -1.70443964005, 10.511929512, -28.7075061798, 11.3850727081, 8.6176700592, 87.4560394287]], "icov": [[0.000131374967168, -0.000125151360407, 0.000181775409146, -4.64584118163e-05, 0.000249816977885, -0.000394716917071, 0.000122651326819, -0.000507602817379, 0.000257761217654, -0.000215728825424, 8.93554752111e-05, -0.000236155479797, 0.000179861366632], [-0.000125151360407, 0.00199575582519, -0.000468480575364, -0.00011773352162, -0.000974466325715, 0.00114688370377, -0.00109624431934, 0.000934474519454, -0.00223707337864, 0.00129300961271, -0.00116566510405, 0.00172112835571, -0.000964615261182], [0.000181775409146, -0.000468480575364, 0.00226654135622, -0.000806342635769, -0.000853323144838, -0.000897966849152, 0.00178513117135, -0.00168790679891, 0.0008252550615, -0.00162812729832, 0.000943292980082, -0.0016584310215, 0.00178926333319], [-4.64584118163e-05, -0.00011773352162, -0.000806342635769, 0.00459461286664, -0.00181749125477, -0.000389261957025, -0.000472680374514, 0.000443824828835, 0.00122251920402, -0.00159477826674, -2.98448067042e-05, 0.000101746605651, 0.00108216633089], [0.000249816977885, -0.000974466325715, -0.000853323144838, -0.00181749125477, 0.00852951034904, -0.00260872184299, -0.00295294332318, 0.000736137037165, 0.00092031317763, 0.000834344420582, 0.00106485863216, 0.0015514488332, -0.0011721898336], [-0.000394716917071, 0.00114688370377, -0.000897966849152, -0.000389261957025, -0.00260872184299, 0.00817713327706, -0.00172515574377, -0.00249003898352, 0.00089217472123, 0.000782293500379, 0.00155406841077, -4.15338399762e-06, -0.000959337688982], [0.000122651326819, -0.00109624431934, 0.00178513117135, -0.000472680374514, -0.00295294332318, -0.00172515574377, 0.0128786964342, -0.00266859540716, -0.00443735811859, 0.00363541464321, -0.000794909254182, -0.00300222705118, -0.000132686982397], [-0.000507602817379, 0.000934474519454, -0.00168790679891, 0.000443824828835, 0.000736137037165, -0.00249003898352, -0.00266859540716, 0.0144707346335, -0.0039700535126, -0.00296191917732, 0.00193296966609, 0.00234348489903, -0.00292449793778], [0.000257761217654, -0.00223707337864, 0.0008252550615, 0.00122251920402, 0.00092031317763, 0.00089217472123, -0.00443735811859, -0.0039700535126, 0.0171769335866, -0.00484117586166, -0.00378566305153, 0.000962895224802, 0.00219570216723], [-0.000215728825424, 0.00129300961271, -0.00162812729832, -0.00159477826674, 0.000834344420582, 0.000782293500379, 0.00363541464321, -0.00296191917732, -0.00484117586166, 0.0176382251084, -0.00698916427791, -0.00333268474787, 0.00177399173845], [8.93554752111e-05, -0.00116566510405, 0.000943292980082, -2.98448067042e-05, 0.00106485863216, 0.00155406841077, -0.000794909254182, 0.00193296966609, -0.00378566305153, -0.00698916427791, 0.0171157177538, -0.00410066964105, -0.00101717130747], [-0.000236155479797, 0.00172112835571, -0.0016584310215, 0.000101746605651, 0.0015514488332, -4.15338399762e-06, -0.00300222705118, 0.00234348489903, 0.000962895224802, -0.00333268474787, -0.00410066964105, 0.0181029327214, -0.00497907632962], [0.000179861366632, -0.000964615261182, 0.00178926333319, 0.00108216633089, -0.0011721898336, -0.000959337688982, -0.000132686982397, -0.00292449793778, 0.00219570216723, 0.00177399173845, -0.00101717130747, -0.00497907632962, 0.0163040608168]]}, "melbands": {"dmean": [0.000997171388008, 0.00110013666563, 0.000465734687168, 0.000335117045324, 0.000328344671289, 0.000378700060537, 0.000226435018703, 0.000193042578758, 0.00011668472871, 0.000126356448163, 0.000143670011312, 0.000121405821119, 8.95082266652e-05, 3.37794081133e-05, 1.98091493075e-05, 2.33153496083e-05, 2.57126139331e-05, 2.34107064898e-05, 1.76551238837e-05, 6.70009740134e-06, 1.06628322101e-05, 5.35484150532e-06, 3.61027991858e-06, 3.29577142111e-06, 2.21407867684e-06, 2.00912563741e-06, 2.96526127386e-06, 1.93713663066e-06, 1.39791700349e-06, 1.01009254649e-06, 1.1788251868e-06, 1.19186313441e-06, 2.32148977375e-06, 7.32728892672e-07, 1.02773958588e-06, 1.66963661741e-06, 1.2398996887e-06, 5.01217209603e-06, 3.41560439665e-06, 6.44208228096e-07], "dmean2": [0.00159457081463, 0.00182330887765, 0.000815873965621, 0.000576257240027, 0.000580419960897, 0.000653094495647, 0.000369717425201, 0.000311693700496, 0.000173074222403, 0.000167084537679, 0.00019359329599, 0.000166010766407, 0.000125105143525, 5.52377023268e-05, 3.11086878355e-05, 3.37829515047e-05, 3.70610068785e-05, 3.59394434781e-05, 2.85348905891e-05, 1.11947811092e-05, 1.69853246916e-05, 8.72456985235e-06, 5.61270189792e-06, 5.21715173818e-06, 3.48079652213e-06, 3.19526770909e-06, 4.80361723021e-06, 2.97828228213e-06, 2.0805996428e-06, 1.55526743129e-06, 1.83209613169e-06, 1.83266763543e-06, 3.40994233738e-06, 1.11599160846e-06, 1.38590894494e-06, 2.22948642659e-06, 1.85822761978e-06, 8.09253833722e-06, 5.42502220924e-06, 9.47634077875e-07], "dvar": [4.53299344372e-06, 7.88853049016e-06, 6.73810006901e-07, 5.22353388988e-07, 4.93339712193e-07, 7.84609881066e-07, 1.99877433715e-07, 1.70835619429e-07, 9.45747800074e-08, 7.88470160273e-08, 1.04823364211e-07, 1.28111466324e-07, 9.46757836573e-08, 7.12584391493e-09, 1.19411200927e-08, 3.56760154752e-09, 6.7403078674e-09, 1.30016974964e-08, 4.7329908881e-09, 2.45843428948e-10, 3.85446591311e-10, 9.91438181552e-11, 3.88344634228e-11, 2.44512500525e-11, 1.0515516409e-11, 1.17659319787e-11, 2.91727648982e-11, 1.26893235503e-11, 5.69527454711e-12, 4.76587562817e-12, 1.80413062961e-11, 2.48425308103e-11, 2.00957722685e-10, 4.15072923948e-12, 4.53648091314e-11, 1.7869192237e-10, 1.46264580309e-11, 2.74855832538e-10, 1.49403656113e-10, 2.2572241385e-12], "dvar2": [1.19782989714e-05, 1.94747481146e-05, 1.92296101886e-06, 1.40601878229e-06, 1.44111072586e-06, 2.17132719627e-06, 5.22231516698e-07, 4.32649414961e-07, 1.73171088136e-07, 1.32812289166e-07, 1.77034280568e-07, 2.26405845183e-07, 1.70433423818e-07, 1.89984667998e-08, 2.34743069427e-08, 5.8019344884e-09, 1.18667804472e-08, 2.78548881738e-08, 1.05930046956e-08, 6.63446020344e-10, 9.03753905046e-10, 2.61307420146e-10, 9.235223003e-11, 6.04570213336e-11, 2.53539342299e-11, 3.04694082465e-11, 7.49695375224e-11, 3.01546079773e-11, 1.24231623252e-11, 1.12598255372e-11, 3.90590962351e-11, 5.32165977951e-11, 4.56308185681e-10, 1.05921139915e-11, 6.27835630707e-11, 3.50753759371e-10, 3.28504445868e-11, 7.23806015124e-10, 3.89358711939e-10, 4.87777613439e-12], "max": [0.0300966650248, 0.0396049693227, 0.00903734657913, 0.0129303392023, 0.00853227078915, 0.0124178929254, 0.00887246057391, 0.00853071175516, 0.00760923046619, 0.00478510651737, 0.00514576863497, 0.00694053480402, 0.00796898640692, 0.00125531142112, 0.00370364263654, 0.00118059560191, 0.00145520002116, 0.00218783831224, 0.00135826179758, 0.000210373284062, 0.000343707448337, 0.000104077946162, 7.30826504878e-05, 6.61363956169e-05, 3.68957626051e-05, 6.37130142422e-05, 0.000124954691273, 0.000116491639346, 8.60797736095e-05, 8.07354299468e-05, 0.000121485289128, 0.0001434495789, 0.00030294933822, 5.76474558329e-05, 0.000206201890251, 0.000414514099248, 5.806131594e-05, 0.000157630478498, 0.000125793521875, 1.99489004444e-05], "mean": [0.00148029078264, 0.001582614379, 0.000770186888985, 0.00049365736777, 0.00046353333164, 0.000614911143202, 0.000485794298584, 0.000471232720884, 0.00036860772525, 0.000321163475746, 0.000330949260388, 0.000257904728642, 0.00017829835997, 5.908303865e-05, 3.45620392181e-05, 4.13664820371e-05, 4.34841749666e-05, 3.25141336361e-05, 2.65660837613e-05, 1.01893811006e-05, 1.78748541657e-05, 8.01028545538e-06, 6.10814913671e-06, 6.24607309874e-06, 4.60021510662e-06, 3.84994791602e-06, 5.5748455452e-06, 3.75070862901e-06, 2.75449269793e-06, 1.91594926946e-06, 2.09017889574e-06, 2.01985858439e-06, 3.17060607813e-06, 1.17736567518e-06, 1.99864280148e-06, 2.5743486276e-06, 1.48250489929e-06, 4.14074884247e-06, 2.88230557999e-06, 8.08794823115e-07], "median": [0.000587416347116, 0.00087486137636, 0.000524319009855, 0.000257041567238, 0.000192603562027, 0.000278612162219, 0.00021191664564, 0.000139102747198, 6.13776719547e-05, 9.00502636796e-05, 9.518317529e-05, 3.96639916289e-05, 2.97838178085e-05, 2.42413207161e-05, 1.14860522444e-05, 1.49214793055e-05, 1.37211327456e-05, 8.75696878211e-06, 8.42864301376e-06, 4.97148948853e-06, 7.9722594819e-06, 4.02264595323e-06, 3.27166480929e-06, 3.67858319805e-06, 2.93224456982e-06, 2.15358591049e-06, 2.45985734182e-06, 1.58567968356e-06, 1.20520564906e-06, 8.82784661371e-07, 8.61168359734e-07, 6.9121750812e-07, 6.12094765984e-07, 4.10077518609e-07, 3.427120987e-07, 2.79094138023e-07, 3.6224665223e-07, 4.07937704949e-07, 2.64264770067e-07, 2.03230541729e-07], "min": [1.374704808e-24, 1.51469566981e-24, 1.32223244299e-24, 4.62450220821e-24, 4.64387544876e-24, 2.3193125925e-24, 2.25616230489e-24, 1.56144258098e-24, 2.52427423568e-24, 3.17628552322e-24, 5.74603167362e-24, 3.06445403749e-24, 5.76940798883e-24, 3.13121573033e-24, 3.99003439835e-24, 3.24962513271e-24, 3.58882763056e-24, 3.86575094045e-24, 4.12150043479e-24, 4.72384582859e-24, 4.87743073595e-24, 5.09755842725e-24, 5.2123096844e-24, 3.89141653001e-24, 3.61863868417e-24, 5.19425186941e-24, 4.68304199827e-24, 5.73815608078e-24, 4.20056323015e-24, 6.43881602591e-24, 7.8301047609e-24, 5.7199558764e-24, 6.5164415167e-24, 7.1112576276e-24, 5.74996769511e-24, 7.10228906796e-24, 6.79256176619e-24, 4.83800662335e-24, 6.80151375974e-24, 6.88859532621e-24], "var": [5.55029509997e-06, 8.11255631561e-06, 8.01556609531e-07, 6.66256880777e-07, 5.54295183974e-07, 8.58253883962e-07, 4.1638693915e-07, 5.43870214642e-07, 7.49140383505e-07, 3.08715982555e-07, 3.43766657807e-07, 3.60742831162e-07, 2.54698448998e-07, 1.18499068336e-08, 2.15486952726e-08, 9.78977876542e-09, 1.41951277399e-08, 1.5968755207e-08, 8.01980526433e-09, 2.47502546236e-10, 6.58509524687e-10, 1.34522726292e-10, 7.10303205143e-11, 5.07024144891e-11, 2.3704439453e-11, 2.39484994335e-11, 8.43263028849e-11, 3.97440205746e-11, 1.81770848373e-11, 1.03660439607e-11, 2.73769878295e-11, 3.70756446377e-11, 2.60116705952e-10, 5.08792747517e-12, 1.45145173658e-10, 3.54247048362e-10, 1.64618093462e-11, 2.12801345989e-10, 1.19578957847e-10, 2.85316822252e-12]}, "mfcc": {"mean": [-657.261352539, 128.979614258, 8.72470664978, 10.6611394882, -1.84458863735, -2.94382786751, 0.430104732513, 0.360885590315, 1.8381152153, 2.59096550941, -1.28028261662, -1.40638196468, -1.04024875164], "cov": [[8065.58349609, -139.520614624, 538.517028809, -126.911476135, 146.131607056, 105.990348816, 184.8724823, 170.613647461, 163.518447876, 119.067008972, 46.6867370605, 87.1157150269, 10.0475759506], [-139.520614624, 1106.81323242, -199.663818359, 37.2844581604, -78.2273178101, -63.0162124634, -22.1367607117, 44.20287323, 49.5755310059, 69.5226516724, 47.3441162109, 6.42576885223, 64.3434906006], [538.517028809, -199.663818359, 757.71472168, 177.542709351, 267.511230469, 125.809059143, 65.4655303955, 8.65039348602, 18.5171337128, -0.348959833384, 86.6847381592, 99.8207778931, -8.52255821228], [-126.911476135, 37.2844581604, 177.542709351, 281.835510254, 121.544799805, 82.2187576294, 45.4208908081, 13.8886032104, 9.82789230347, 14.0577058792, 47.1209068298, 27.7607002258, 11.6290159225], [146.131607056, -78.2273178101, 267.511230469, 121.544799805, 272.509735107, 134.769134521, 100.344940186, 57.6184539795, 48.3263893127, 14.7220659256, 17.3592815399, 0.736002504826, -66.9373703003], [105.990348816, -63.0162124634, 125.809059143, 82.2187576294, 134.769134521, 177.330581665, 95.7933654785, 71.559387207, 42.4937210083, 12.5893564224, 0.339953333139, -24.3279972076, -36.9350395203], [184.8724823, -22.1367607117, 65.4655303955, 45.4208908081, 100.344940186, 95.7933654785, 133.628860474, 77.4919586182, 53.4782371521, 17.7416954041, -13.6673250198, -34.5546379089, -43.4665260315], [170.613647461, 44.20287323, 8.65039348602, 13.8886032104, 57.6184539795, 71.559387207, 77.4919586182, 138.741226196, 72.8464508057, 28.738861084, -13.728471756, -31.4134788513, -35.7176933289], [163.518447876, 49.5755310059, 18.5171337128, 9.82789230347, 48.3263893127, 42.4937210083, 53.4782371521, 72.8464508057, 109.596755981, 35.5523605347, -5.82235860825, -34.9492797852, -32.4109611511], [119.067008972, 69.5226516724, -0.348959833384, 14.0577058792, 14.7220659256, 12.5893564224, 17.7416954041, 28.738861084, 35.5523605347, 100.937759399, 31.4104385376, 6.27972841263, -21.2976055145], [46.6867370605, 47.3441162109, 86.6847381592, 47.1209068298, 17.3592815399, 0.339953333139, -13.6673250198, -13.728471756, -5.82235860825, 31.4104385376, 88.3568115234, 57.925327301, 32.7629432678], [87.1157150269, 6.42576885223, 99.8207778931, 27.7607002258, 0.736002504826, -24.3279972076, -34.5546379089, -31.4134788513, -34.9492797852, 6.27972841263, 57.925327301, 114.685562134, 64.2385406494], [10.0475759506, 64.3434906006, -8.52255821228, 11.6290159225, -66.9373703003, -36.9350395203, -43.4665260315, -35.7176933289, -32.4109611511, -21.2976055145, 32.7629432678, 64.2385406494, 159.276977539]], "icov": [[0.000146342936205, 9.80318236543e-06, -0.000140927586472, 0.000166759142303, 7.0678339398e-05, 3.03137348965e-05, -0.0002055108489, -6.76769705024e-05, -0.000122052057122, -0.00014662835747, 6.28349880571e-05, -0.000122586556245, -7.53621279728e-05], [9.80318236543e-06, 0.00113250187133, 0.000344729312928, -0.000353603012627, -5.81570820941e-05, 0.000565139867831, 0.000128144034534, -0.00052197673358, -0.000425940903369, -0.000442544551333, -0.000652985705528, 0.000231635320233, -0.000494279316626], [-0.000140927586472, 0.000344729312928, 0.00286792288534, -0.000556022743694, -0.00219726911746, -0.000349927897332, 0.000208505094633, 0.000574819452595, -0.000664529332425, 0.00101233960595, -0.00137925962918, -0.00182289537042, 0.000263969413936], [0.000166759142303, -0.000353603012627, -0.000556022743694, 0.005413856823, -0.00147130875848, -0.00132489646785, -0.000678102253005, 0.000530890654773, 0.000440372648882, -0.000220892456127, -0.0016816490097, 0.000289019866614, -0.000994840986095], [7.0678339398e-05, -5.81570820941e-05, -0.00219726911746, -0.00147130875848, 0.0100253596902, -0.00337776704691, -0.00276528461836, 0.000395444367314, -0.00139056355692, 0.000711458153091, 0.000136611794005, -0.00161668250803, 0.0032089764718], [3.03137348965e-05, 0.000565139867831, -0.000349927897332, -0.00132489646785, -0.00337776704691, 0.012710548006, -0.00428721774369, -0.00318677560426, 0.00115051295143, -0.000188693360542, -0.000955225608777, 0.00261632329784, -0.0011586981127], [-0.0002055108489, 0.000128144034534, 0.000208505094633, -0.000678102253005, -0.00276528461836, -0.00428721774369, 0.0168830696493, -0.00442402251065, -0.00118755630683, -0.000697342329659, 0.00152583420277, 0.00200816662982, 2.21707359742e-05], [-6.76769705024e-05, -0.00052197673358, 0.000574819452595, 0.000530890654773, 0.000395444367314, -0.00318677560426, -0.00442402251065, 0.0148163232952, -0.00643088668585, -0.000758523587137, 0.00170330784749, -0.00164551322814, 0.000652821036056], [-0.000122052057122, -0.000425940903369, -0.000664529332425, 0.000440372648882, -0.00139056355692, 0.00115051295143, -0.00118755630683, -0.00643088668585, 0.0171359796077, -0.00385830830783, -0.000634710013401, 0.00496459519491, -0.000872417818755], [-0.00014662835747, -0.000442544551333, 0.00101233960595, -0.000220892456127, 0.000711458153091, -0.000188693360542, -0.000697342329659, -0.000758523587137, -0.00385830830783, 0.0149280214682, -0.00663157133386, -0.00171273516025, 0.00341899786144], [6.28349880571e-05, -0.000652985705528, -0.00137925962918, -0.0016816490097, 0.000136611794005, -0.000955225608777, 0.00152583420277, 0.00170330784749, -0.000634710013401, -0.00663157133386, 0.0225020609796, -0.00806497223675, -0.00144873815589], [-0.000122586556245, 0.000231635320233, -0.00182289537042, 0.000289019866614, -0.00161668250803, 0.00261632329784, 0.00200816662982, -0.00164551322814, 0.00496459519491, -0.00171273516025, -0.00806497223675, 0.0198998507112, -0.00568388914689], [-7.53621279728e-05, -0.000494279316626, 0.000263969413936, -0.000994840986095, 0.0032089764718, -0.0011586981127, 2.21707359742e-05, 0.000652821036056, -0.000872417818755, 0.00341899786144, -0.00144873815589, -0.00568388914689, 0.0106719415635]]}, "spectral_contrast_coeffs": {"dmean": [0.0494771972299, 0.0444330126047, 0.0374481342733, 0.02903412655, 0.0209092907608, 0.0161135327071], "dmean2": [0.0825343355536, 0.0735588446259, 0.0595122165978, 0.0466992668808, 0.0337609648705, 0.0260573383421], "dvar": [0.00182783149648, 0.00166989653371, 0.00126260705292, 0.000684043741785, 0.000382747064577, 0.000247241463512], "dvar2": [0.0047369892709, 0.0042556966655, 0.00292200758122, 0.00164800765924, 0.000922177161556, 0.000577049097046], "max": [-0.273907065392, -0.371027231216, -0.375287473202, -0.554530382156, -0.560028493404, -0.647513866425], "mean": [-0.671834468842, -0.691654443741, -0.71287125349, -0.768100500107, -0.787783622742, -0.782531559467], "median": [-0.678609848022, -0.700567007065, -0.716417729855, -0.775215864182, -0.797123670578, -0.789130449295], "min": [-0.982731163502, -0.971778512001, -0.972573935986, -0.967739701271, -0.964077115059, -0.962951540947], "var": [0.00550194317475, 0.0087680676952, 0.00799500569701, 0.00330268661492, 0.00262546748854, 0.00124607561156]}, "spectral_contrast_valleys": {"dmean": [0.411326050758, 0.401614964008, 0.398596525192, 0.332959353924, 0.28977188468, 0.355323165655], "dmean2": [0.665628314018, 0.660530209541, 0.625081002712, 0.514676511288, 0.410463929176, 0.462495923042], "dvar": [0.177671447396, 0.191935271025, 0.218516498804, 0.167899921536, 0.143845796585, 0.219536960125], "dvar2": [0.350170701742, 0.416570544243, 0.434600770473, 0.309180319309, 0.254408925772, 0.398144304752], "max": [-5.15365791321, -4.42403268814, -5.0