{"lowlevel": {"average_loudness": 0.965781509876, "barkbands_crest": {"dmean": 2.84346485138, "dmean2": 4.61527252197, "dvar": 7.15117502213, "dvar2": 18.6505947113, "max": 25.6869602203, "mean": 10.5238552094, "median": 9.88435077667, "min": 2.70958685875, "var": 18.4152355194}, "barkbands_flatness_db": {"dmean": 0.0252404473722, "dmean2": 0.0389727205038, "dvar": 0.000696863105986, "dvar2": 0.00159093050752, "max": 0.522198438644, "mean": 0.117228545249, "median": 0.100516781211, "min": 0.0216234512627, "var": 0.00404882291332}, "barkbands_kurtosis": {"dmean": 4.24767637253, "dmean2": 6.6541891098, "dvar": 254.688156128, "dvar2": 586.398681641, "max": 725.153442383, "mean": 5.55836248398, "median": 1.47722244263, "min": -1.80220496655, "var": 497.071502686}, "barkbands_skewness": {"dmean": 0.626526355743, "dmean2": 0.971258938313, "dvar": 0.601235687733, "dvar2": 1.38498938084, "max": 22.4928798676, "mean": 1.59447038174, "median": 1.39241659641, "min": -2.43984460831, "var": 2.62336492538}, "barkbands_spread": {"dmean": 6.72907304764, "dmean2": 10.6715183258, "dvar": 53.4357147217, "dvar2": 131.03767395, "max": 106.956230164, "mean": 27.6662368774, "median": 26.9826889038, "min": 0.216471657157, "var": 170.833435059}, "dissonance": {"dmean": 0.0168141257018, "dmean2": 0.0277317836881, "dvar": 0.000384394312277, "dvar2": 0.000994652858935, "max": 0.5, "mean": 0.463482320309, "median": 0.473714381456, "min": 0.161089137197, "var": 0.0013121139491}, "dynamic_complexity": 2.56264066696, "erbbands_crest": {"dmean": 2.51836585999, "dmean2": 3.94444513321, "dvar": 6.5570268631, "dvar2": 14.5906734467, "max": 32.8540458679, "mean": 8.85335063934, "median": 7.57900524139, "min": 2.20615768433, "var": 21.7811698914}, "erbbands_flatness_db": {"dmean": 0.0153144886717, "dmean2": 0.0220249798149, "dvar": 0.000256950093899, "dvar2": 0.000501518370584, "max": 0.396370261908, "mean": 0.12802284956, "median": 0.117619968951, "min": 0.0429754704237, "var": 0.00214880495332}, "erbbands_kurtosis": {"dmean": 0.776964962482, "dmean2": 1.14891529083, "dvar": 1.18434786797, "dvar2": 2.39635324478, "max": 40.6360359192, "mean": 0.563675940037, "median": -0.00346398353577, "min": -1.77915501595, "var": 5.34668302536}, "erbbands_skewness": {"dmean": 0.305662661791, "dmean2": 0.449397593737, "dvar": 0.0849267169833, "dvar2": 0.178192913532, "max": 4.34850072861, "mean": 0.0308752544224, "median": -0.051909070462, "min": -2.81902003288, "var": 0.499884992838}, "erbbands_spread": {"dmean": 8.64705467224, "dmean2": 12.5595331192, "dvar": 100.528663635, "dvar2": 204.255874634, "max": 172.21182251, "mean": 40.723991394, "median": 36.1144714355, "min": 3.15953183174, "var": 425.907287598}, "hfc": {"dmean": 8.11730957031, "dmean2": 11.5291690826, "dvar": 121.428192139, "dvar2": 271.356231689, "max": 107.102424622, "mean": 25.5543727875, "median": 22.3969516754, "min": 1.05502248302e-16, "var": 323.119934082}, "melbands_crest": {"dmean": 4.52236175537, "dmean2": 7.27823114395, "dvar": 20.0427627563, "dvar2": 50.6516914368, "max": 38.7647323608, "mean": 17.2914524078, "median": 15.6435813904, "min": 1.56252992153, "var": 66.9502487183}, "melbands_flatness_db": {"dmean": 0.0313680693507, "dmean2": 0.0491514094174, "dvar": 0.00104468665086, "dvar2": 0.00246510608122, "max": 0.641975104809, "mean": 0.191832631826, "median": 0.179640561342, "min": 0.00302237854339, "var": 0.00702600041404}, "melbands_kurtosis": {"dmean": 13.0259637833, "dmean2": 20.2610301971, "dvar": 2148.68945312, "dvar2": 5191.5859375, "max": 1844.14660645, "mean": 20.0724868774, "median": 8.10396766663, "min": -1.42481577396, "var": 3875.88476562}, "melbands_skewness": {"dmean": 0.97405821085, "dmean2": 1.50170099735, "dvar": 1.65066754818, "dvar2": 3.88713407516, "max": 32.826374054, "mean": 3.0622689724, "median": 2.65271306038, "min": -0.608634829521, "var": 5.94947433472}, "melbands_spread": {"dmean": 7.89473628998, "dmean2": 12.8259477615, "dvar": 69.428024292, "dvar2": 181.590515137, "max": 164.913391113, "mean": 28.8281440735, "median": 23.7295799255, "min": 0.109021924436, "var": 650.604370117}, "pitch_salience": {"dmean": 0.0840015336871, "dmean2": 0.134677439928, "dvar": 0.00617216108367, "dvar2": 0.016102116555, "max": 0.88263374567, "mean": 0.484717994928, "median": 0.489684671164, "min": 0.0339107327163, "var": 0.0194912776351}, "silence_rate_20dB": {"dmean": 0, "dmean2": 0, "dvar": 0, "dvar2": 0, "max": 1, "mean": 1, "median": 1, "min": 1, "var": 0}, "silence_rate_30dB": {"dmean": 0.00294822175056, "dmean2": 0.00589698692784, "dvar": 0.00294025521725, "dvar2": 0.00862887501717, "max": 1, "mean": 0.998433887959, "median": 1, "min": 0, "var": 0.00156332773622}, "silence_rate_60dB": {"dmean": 0.00294822175056, "dmean2": 0.00589698692784, "dvar": 0.0029398186598, "dvar2": 0.00623192684725, "max": 1, "mean": 0.0672501176596, "median": 0, "min": 0, "var": 0.0627260357141}, "spectral_centroid": {"dmean": 252.73765564, "dmean2": 390.105651855, "dvar": 82025.8203125, "dvar2": 180430.109375, "max": 11881.4101562, "mean": 1851.31420898, "median": 1666.05163574, "min": 170.241195679, "var": 2198986.75}, "spectral_complexity": {"dmean": 4.31619691849, "dmean2": 6.59485864639, "dvar": 27.1616020203, "dvar2": 60.0769424438, "max": 59, "mean": 21.5946559906, "median": 22, "min": 0, "var": 128.114273071}, "spectral_decrease": {"dmean": 3.60158769475e-09, "dmean2": 5.66669200452e-09, "dvar": 1.68106972903e-17, "dvar2": 4.0667001401e-17, "max": 4.47075508051e-19, "mean": -9.46889944231e-09, "median": -8.55139337119e-09, "min": -3.75309099354e-08, "var": 3.42026444709e-17}, "spectral_energy": {"dmean": 0.0140489349142, "dmean2": 0.0219861976802, "dvar": 0.000254221755313, "dvar2": 0.00060939101968, "max": 0.142450332642, "mean": 0.0380557104945, "median": 0.0346401147544, "min": 9.86372248453e-21, "var": 0.000529464741703}, "spectral_energyband_high": {"dmean": 0.000649413326755, "dmean2": 0.000956426316407, "dvar": 1.07431117158e-06, "dvar2": 2.49711956712e-06, "max": 0.00976991001517, "mean": 0.00127407896798, "median": 0.000806499214377, "min": 6.96728171502e-21, "var": 1.8665408561e-06}, "spectral_energyband_low": {"dmean": 0.0102875772864, "dmean2": 0.0167553089559, "dvar": 0.000161135947565, "dvar2": 0.000407983141486, "max": 0.137095600367, "mean": 0.0191971417516, "median": 0.0140216732398, "min": 1.07463428784e-23, "var": 0.000289715884719}, "spectral_energyband_middle_high": {"dmean": 0.00203309999779, "dmean2": 0.00296322023496, "dvar": 8.53253095556e-06, "dvar2": 1.73505195562e-05, "max": 0.0546618811786, "mean": 0.00662523834035, "median": 0.00545529881492, "min": 1.0352455162e-21, "var": 3.34686737915e-05}, "spectral_energyband_middle_low": {"dmean": 0.00565102184191, "dmean2": 0.00867536570877, "dvar": 0.000111139881483, "dvar2": 0.000263117050054, "max": 0.125987738371, "mean": 0.0117107387632, "median": 0.00743977492675, "min": 1.72664600136e-22, "var": 0.000171171777765}, "spectral_entropy": {"dmean": 0.144379809499, "dmean2": 0.206437662244, "dvar": 0.0310036316514, "dvar2": 0.0616309270263, "max": 9.82120895386, "mean": 7.82907915115, "median": 7.86434364319, "min": 5.3134727478, "var": 0.288221180439}, "spectral_flux": {"dmean": 0.0317302048206, "dmean2": 0.0510828867555, "dvar": 0.00121772836428, "dvar2": 0.00273735797964, "max": 0.334736198187, "mean": 0.093359850347, "median": 0.0861014351249, "min": 6.31635785342e-11, "var": 0.00269247195683}, "spectral_kurtosis": {"dmean": 1.14289820194, "dmean2": 1.86158871651, "dvar": 7.91377544403, "dvar2": 24.3707923889, "max": 96.1577529907, "mean": 3.86659693718, "median": 3.06718635559, "min": -1.26010990143, "var": 32.8658866882}, "spectral_rms": {"dmean": 0.00106363045052, "dmean2": 0.00163737870753, "dvar": 1.2326831893e-06, "dvar2": 2.9070868095e-06, "max": 0.0117888050154, "mean": 0.00569522194564, "median": 0.00581336673349, "min": 3.10211925592e-12, "var": 4.69184760732e-06}, "spectral_rolloff": {"dmean": 522.924682617, "dmean2": 893.958740234, "dvar": 521968, "dvar2": 1290915.625, "max": 19638.28125, "mean": 2002.36218262, "median": 1184.32617188, "min": 43.06640625, "var": 11698193}, "spectral_skewness": {"dmean": 0.170263022184, "dmean2": 0.261046260595, "dvar": 0.0501282587647, "dvar2": 0.12892486155, "max": 7.45188474655, "mean": 1.41753768921, "median": 1.38147079945, "min": -0.0928353592753, "var": 0.32353284955}, "spectral_spread": {"dmean": 549000.5, "dmean2": 808032.3125, "dvar": 586683842560, "dvar2": 1103830712320.0, "max": 42463092, "mean": 6157136.5, "median": 5427441.5, "min": 722698.5, "var": 26887988445200.0}, "spectral_strongpeak": {"dmean": 0.441360265017, "dmean2": 0.774648666382, "dvar": 0.724243879318, "dvar2": 1.76783084869, "max": 10.5670757294, "mean": 0.652502059937, "median": 0.249499902129, "min": 0, "var": 1.10913443565}, "zerocrossingrate": {"dmean": 0.0108918566257, "dmean2": 0.0134813403711, "dvar": 0.000105795377749, "dvar2": 0.00015669077402, "max": 0.52490234375, "mean": 0.0782794207335, "median": 0.060546875, "min": 0.00146484375, "var": 0.00746047869325}, "barkbands": {"dmean": [0.00217239721678, 0.00818827189505, 0.00167400098871, 0.00173344695941, 0.00294913817197, 0.000724015873857, 0.000660850841086, 0.000550846219994, 0.000560295418836, 0.000641426478978, 0.000820793735329, 0.000313312164508, 0.000196105436771, 0.000337124743965, 0.000458050984889, 0.000255206803558, 0.000245378847467, 0.000234793755226, 0.000207455290365, 0.000171045772731, 0.000183140713489, 0.000154970563017, 0.000105494960735, 9.3754271802e-05, 7.85917873145e-05, 3.35416916641e-05, 8.40957090986e-06], "dmean2": [0.0034241520334, 0.0135240796953, 0.00279815588146, 0.00281622027978, 0.00478157447651, 0.0012230471475, 0.000944103230722, 0.000792271574028, 0.000851307355333, 0.000963649828918, 0.00116417522077, 0.000466618133942, 0.000308001646772, 0.000516407133546, 0.000720870390069, 0.00041451578727, 0.000392023008317, 0.000377617543563, 0.000340369384503, 0.00026529605384, 0.000305582158035, 0.000248242344242, 0.000158506314619, 0.000132184053655, 0.000114788650535, 4.99646848766e-05, 1.30248063215e-05], "dvar": [8.13103997643e-06, 0.000108541411464, 8.4155890363e-06, 1.62584019563e-05, 4.41095762653e-05, 2.63672495748e-06, 1.65423398357e-06, 1.50016524003e-06, 1.57954536917e-06, 2.80878794001e-06, 3.70232487512e-06, 4.95776021125e-07, 1.71824012796e-07, 7.08732500243e-07, 5.00538874348e-07, 1.63055858593e-07, 1.42619242638e-07, 1.34530594664e-07, 1.15201302719e-07, 7.00680899968e-08, 1.26665142375e-07, 6.57995968822e-08, 2.54284540091e-08, 2.17029132443e-08, 1.61516116037e-08, 3.35248673267e-09, 2.46319714625e-10], "dvar2": [1.98865745915e-05, 0.000279551924905, 2.16388234549e-05, 3.91140056308e-05, 0.000114426584332, 7.3298397183e-06, 2.87468969873e-06, 2.81474058283e-06, 3.60416697731e-06, 6.17411706116e-06, 6.7886794568e-06, 1.01018349596e-06, 3.74545919613e-07, 1.57192459938e-06, 1.17766228414e-06, 4.31098783338e-07, 3.38652910159e-07, 3.40537440024e-07, 2.95847939924e-07, 1.62252774771e-07, 3.48084995494e-07, 1.65593704082e-07, 5.50832091051e-08, 4.14832115325e-08, 3.3659215859e-08, 7.06711622556e-09, 5.2354293123e-10], "max": [0.0322605669498, 0.104741796851, 0.0364894717932, 0.0489834025502, 0.0940508618951, 0.0258016437292, 0.0399472825229, 0.0449190065265, 0.0293314643204, 0.0348851494491, 0.0402793213725, 0.018307428807, 0.0140280462801, 0.0314441733062, 0.014936318621, 0.00731618190184, 0.00971786957234, 0.00706626102328, 0.00702038640156, 0.00535636907443, 0.0042284745723, 0.00247037690133, 0.0017332364805, 0.00194992311299, 0.00208681030199, 0.00113596161827, 0.000259229302173], "mean": [0.00295540364459, 0.0130996024236, 0.00274562090635, 0.00194698339328, 0.00455302326009, 0.00103450147435, 0.00132258387748, 0.0010281004943, 0.00104139500763, 0.00109729124233, 0.00140661827754, 0.000612076371908, 0.000355563039193, 0.00058709649602, 0.000941839709412, 0.000468628044473, 0.000503215531353, 0.000489586440381, 0.000403821206419, 0.000339938094839, 0.000268130883342, 0.000249534496106, 0.000193564410438, 0.000189952290384, 0.000147176659084, 6.25247921562e-05, 1.19400665426e-05], "median": [0.00111458217725, 0.00902048870921, 0.00197216402739, 0.000754406210035, 0.00183011416811, 0.000387886626413, 0.000478915404528, 0.000309727940476, 0.000444925040938, 0.000292469718261, 0.000396667979658, 0.000267946976237, 0.000170710714883, 0.000279719446553, 0.000628084875643, 0.000264231784968, 0.000344821484759, 0.000284432782792, 0.000301281077554, 0.000235335668549, 0.000153929257067, 0.000137405339046, 0.000110592256533, 0.000102541853266, 6.94602640579e-05, 2.43557587964e-05, 3.96656514567e-06], "min": [8.60047590049e-26, 1.81805025737e-25, 3.83234815384e-25, 1.23613143063e-24, 6.2511077568e-24, 6.01873339438e-24, 6.59174223441e-24, 6.59077666866e-24, 1.59652494121e-23, 1.19563324447e-23, 1.01635758289e-23, 1.33130769606e-23, 2.16289457009e-23, 3.07712109259e-23, 2.82952573789e-23, 3.91988139248e-23, 6.81768114845e-23, 7.18496531959e-23, 1.13162753186e-22, 1.73980584209e-22, 2.06281320699e-22, 3.18214044097e-22, 3.73741723401e-22, 5.42593222357e-22, 8.65047753539e-22, 1.05038417349e-21, 1.9045270168e-21], "var": [1.60407762451e-05, 0.000172939515323, 1.02813964986e-05, 1.60975778272e-05, 5.69120093132e-05, 3.18838419844e-06, 7.19212130207e-06, 5.41622603123e-06, 3.39579128195e-06, 5.69224448554e-06, 9.41466441873e-06, 1.60182560194e-06, 4.63140111151e-07, 1.45008493746e-06, 1.26264728806e-06, 3.52839180096e-07, 3.55061530399e-07, 3.51100169382e-07, 1.91501328572e-07, 1.41899221262e-07, 1.27351000856e-07, 9.48352791852e-08, 4.77093244911e-08, 4.84706497161e-08, 3.32896554767e-08, 7.01822466809e-09, 3.43460426766e-10]}, "erbbands": {"dmean": [0.453657597303, 1.18661201, 1.95340657234, 3.24116826057, 11.6120567322, 8.12650775909, 6.38213396072, 5.3173327446, 6.70890045166, 13.721903801, 12.2495584488, 10.5439634323, 25.9989490509, 14.9185724258, 28.1475753784, 13.7606515884, 9.28368759155, 18.1310157776, 19.946182251, 22.217798233, 15.4875850677, 12.6965026855, 11.467001915, 11.8212432861, 8.88634777069, 8.22295379639, 7.17082118988, 7.52611351013, 5.66309642792, 3.94125437737, 2.92081308365, 2.16234445572, 1.47554636002, 1.03936481476, 0.497721612453, 0.184603467584, 0.0565675161779, 0.0120605984703, 0.00162956689019, 6.40317957732e-05], "dmean2": [0.734610319138, 2.0120139122, 3.27660298347, 5.21686983109, 18.6342792511, 13.8160095215, 11.1934585571, 8.9152545929, 10.2167758942, 18.9259815216, 17.3325767517, 16.0050296783, 38.9578819275, 21.6428394318, 39.8918533325, 20.3484477997, 14.2855806351, 27.5689029694, 31.7240314484, 34.530292511, 25.4301147461, 20.2393627167, 18.289484024, 19.2175655365, 14.4544353485, 12.8947839737, 11.7352828979, 12.645740509, 9.13861942291, 6.15310287476, 4.35733222961, 3.07218766212, 2.11819624901, 1.50394308567, 0.745522797108, 0.276031047106, 0.0843772962689, 0.0183770488948, 0.00252881203778, 9.71884801402e-05], "dvar": [0.357268929482, 2.81200456619, 12.5487174988, 37.2045631409, 823.452575684, 329.78302002, 282.912689209, 137.130844116, 145.626220703, 1101.27856445, 1051.29699707, 679.912414551, 4248.84375, 1684.65246582, 4548.84521484, 1041.20581055, 380.503631592, 2212.05981445, 1337.50610352, 1350.24133301, 596.03729248, 431.766357422, 288.139129639, 363.350585938, 244.043807983, 166.63494873, 177.668884277, 232.101623535, 90.4872894287, 39.9584732056, 19.6774940491, 12.2892913818, 5.19703531265, 2.80636262894, 0.656137704849, 0.0982988476753, 0.00997109059244, 0.000493229308631, 9.5964223874e-06, 1.07192468235e-08], "dvar2": [0.906586527824, 7.70019817352, 32.8329620361, 86.6785507202, 2001.94836426, 918.989196777, 807.163024902, 375.438140869, 342.963043213, 1814.34643555, 1895.4432373, 1577.43408203, 9413.41308594, 3651.82348633, 8016.71435547, 2148.31298828, 814.57208252, 4859.6953125, 3232.66601562, 3034.18017578, 1606.76403809, 1003.69769287, 717.768737793, 911.038818359, 610.206237793, 396.209381104, 473.247161865, 642.17755127, 233.493667603, 93.6407546997, 42.1824951172, 24.7150936127, 9.84741210938, 5.75698232651, 1.44358360767, 0.217827513814, 0.0204378198832, 0.0010236192029, 2.08250585274e-05, 2.33649153358e-08], "max": [6.84590196609, 19.3096218109, 42.8394470215, 67.0593566895, 379.26171875, 198.081756592, 287.950164795, 187.009857178, 287.577209473, 1155.54504395, 1213.40307617, 903.648620605, 1382.68188477, 1507.29199219, 1173.60021973, 877.167358398, 618.330383301, 1923.66040039, 961.588684082, 1118.22900391, 512.76348877, 560.298583984, 309.435577393, 287.315917969, 365.03515625, 210.511489868, 137.514648438, 201.248199463, 92.3815994263, 55.2602806091, 46.0236053467, 52.737033844, 24.5369148254, 27.0099124908, 12.9112062454, 6.75520133972, 2.06954741478, 0.489650547504, 0.0380628295243, 0.00106481567491], "mean": [0.665704905987, 1.79239392281, 3.16838860512, 4.74639511108, 15.7014379501, 12.3808898926, 8.00227165222, 7.66148519516, 12.2304611206, 28.4989204407, 24.0232257843, 21.0452690125, 46.3181610107, 28.926782608, 48.8275489807, 28.0127696991, 19.7966079712, 32.8763923645, 39.3632583618, 41.0820121765, 30.6154575348, 27.5388622284, 25.369512558, 24.6712036133, 18.6699180603, 15.7831344604, 11.4877939224, 10.4898300171, 8.97552013397, 6.7514796257, 5.4290137291, 4.29295063019, 2.88365626335, 1.88436090946, 0.932660579681, 0.352905541658, 0.100614488125, 0.019324677065, 0.00222658109851, 0.000121851771837], "median": [0.396610110998, 1.26992297173, 2.28944301605, 2.97215056419, 4.20253419876, 4.8075671196, 3.31388425827, 2.86566781998, 5.3471660614, 7.61242055893, 6.60504055023, 9.93816280365, 16.78632164, 11.9149370193, 14.7189722061, 12.866727829, 10.1921987534, 16.2135066986, 26.5246944427, 23.6026058197, 19.9958324432, 18.6444625854, 16.4261512756, 16.9297351837, 14.1567716599, 10.491692543, 7.08742666245, 5.82421731949, 4.97113847733, 3.65511107445, 3.12546992302, 2.42154765129, 1.53248548508, 0.895443916321, 0.438278287649, 0.145979911089, 0.0377016328275, 0.00677321664989, 0.000727765494958, 7.93878352852e-05], "min": [1.00127890112e-23, 2.46892586919e-22, 1.71392590325e-21, 4.87677375997e-21, 5.86974269303e-21, 1.85455864351e-20, 2.05988765132e-20, 6.84850423361e-20, 8.71020797277e-20, 1.86645020492e-19, 2.72922401149e-19, 2.92081661894e-19, 5.69838003145e-19, 5.0971830943e-19, 8.51251103089e-19, 7.42713477892e-19, 1.23499027052e-18, 1.84275802026e-18, 1.19778099823e-18, 2.25321662074e-18, 2.47446696188e-18, 4.86303907536e-18, 4.08474276906e-18, 5.43796516985e-18, 6.28975026973e-18, 8.2218882571e-18, 7.48674885849e-18, 9.62654598916e-18, 1.08033104994e-17, 1.12961190657e-17, 1.07018534885e-17, 9.95460664728e-18, 7.78281251616e-18, 7.90872015873e-18, 6.53670297365e-18, 4.30123661488e-18, 1.82172033575e-18, 9.48105732712e-19, 2.49361660665e-19, 2.65336889975e-20], "var": [0.579573512077, 3.38439273834, 14.4025764465, 42.0310554504, 1051.05627441, 402.752838135, 291.683380127, 169.812652588, 337.999847412, 4785.71826172, 3742.15356445, 1529.65686035, 7918.33642578, 3684.10205078, 10579.6728516, 3251.4987793, 1183.13952637, 4630.98681641, 2778.2121582, 3187.15771484, 1251.77819824, 1135.67346191, 799.60168457, 738.069946289, 447.380371094, 326.268432617, 209.140930176, 216.061721802, 123.785629272, 65.2666091919, 37.7191085815, 25.6334953308, 11.370013237, 5.82291078568, 1.27966332436, 0.205099374056, 0.0200404021889, 0.000843564514071, 1.23771515064e-05, 1.57142618917e-08]}, "gfcc": {"mean": [-10.7403707504, 68.0713272095, -100.943977356, 35.4678573608, -43.0216522217, 22.1697998047, -28.722360611, 16.0794296265, -19.4942245483, 3.7804684639, -15.7419633865, 0.804384529591, -7.67100715637], "cov": [[52879.6328125, 3033.94018555, -3016.16723633, 1771.83984375, -1027.83972168, 1493.21166992, -1029.04968262, 620.899841309, -685.813964844, 169.144348145, -671.809020996, 115.929107666, -484.242767334], [3033.94018555, 1582.96313477, -372.908843994, -84.9025268555, 36.5753135681, -96.607963562, 78.2109909058, 52.7091674805, 3.10396075249, -50.9361114502, 68.6570129395, -102.938896179, 73.760345459], [-3016.16723633, -372.908843994, 957.950134277, 58.8592567444, -7.60332298279, 98.2375411987, 25.1049003601, -63.1309204102, 45.257194519, 22.2278194427, 27.9317989349, 45.7469787598, 8.55105304718], [1771.83984375, -84.9025268555, 58.8592567444, 421.019500732, 65.8704986572, 122.134941101, -33.276889801, 32.2203483582, 21.6997318268, 41.9825134277, -20.6948032379, 23.5455341339, 11.2391815186], [-1027.83972168, 36.5753135681, -7.60332298279, 65.8704986572, 293.918060303, 32.2138671875, 77.8640899658, 49.8818626404, 68.4263687134, 18.6348114014, 47.3327293396, 5.56072282791, 32.2626991272], [1493.21166992, -96.607963562, 98.2375411987, 122.134941101, 32.2138671875, 333.058532715, 64.2116012573, 61.1919555664, -2.41361260414, 48.8354568481, 22.8884792328, 42.3287162781, -7.89861679077], [-1029.04968262, 78.2109909058, 25.1049003601, -33.276889801, 77.8640899658, 64.2116012573, 198.501937866, 51.7953414917, 43.2717399597, 7.70741939545, 53.4243888855, -0.566738963127, 45.3595581055], [620.899841309, 52.7091674805, -63.1309204102, 32.2203483582, 49.8818626404, 61.1919555664, 51.7953414917, 134.28868103, 50.1278381348, 14.2672729492, 8.80769634247, 18.870475769, 7.31385469437], [-685.813964844, 3.10396075249, 45.257194519, 21.6997318268, 68.4263687134, -2.41361260414, 43.2717399597, 50.1278381348, 109.950294495, 40.6924247742, 26.90076828, 2.87911939621, 22.7906684875], [169.144348145, -50.9361114502, 22.2278194427, 41.9825134277, 18.6348114014, 48.8354568481, 7.70741939545, 14.2672729492, 40.6924247742, 88.250831604, 43.1797485352, 6.30598115921, -0.459015637636], [-671.809020996, 68.6570129395, 27.9317989349, -20.6948032379, 47.3327293396, 22.8884792328, 53.4243888855, 8.80769634247, 26.90076828, 43.1797485352, 109.179611206, 21.6689777374, 23.1405982971], [115.929107666, -102.938896179, 45.7469787598, 23.5455341339, 5.56072282791, 42.3287162781, -0.566738963127, 18.870475769, 2.87911939621, 6.30598115921, 21.6689777374, 70.2886123657, 12.1718177795], [-484.242767334, 73.760345459, 8.55105304718, 11.2391815186, 32.2626991272, -7.89861679077, 45.3595581055, 7.31385469437, 22.7906684875, -0.459015637636, 23.1405982971, 12.1718177795, 71.6511535645]], "icov": [[0.000145517726196, -0.000432519766036, 0.000343526422512, -0.000440047879238, 0.000391921494156, -0.000587350863498, 0.000440664356574, -0.000382119178539, 0.000564372574445, -0.00082033930812, 0.000993963796645, -0.000884069944732, 0.000619955768343], [-0.000432519766036, 0.00226146774366, -0.000753396714572, 0.00126713875216, -0.000993709429167, 0.00165673252195, -0.000995432026684, 0.000473343883641, -0.00162283913232, 0.00359502364881, -0.00443645287305, 0.00466263014823, -0.00296811969019], [0.000343526422512, -0.000753396714572, 0.00220834789798, -0.00119395391084, 0.00121821428183, -0.0019679965917, 0.000862470595166, 0.000464763666969, -0.000185279481229, -0.00102935452014, 0.0018376178341, -0.00246966490522, 0.00154045538511], [-0.000440047879238, 0.00126713875216, -0.00119395391084, 0.00463678827509, -0.00212215748616, 0.000624383275863, 1.06627085188e-05, 0.00080675893696, -0.0015849332558, 0.000810502213426, -0.00127711636014, 0.0023565615993, -0.00340652302839], [0.000391921494156, -0.000993709429167, 0.00121821428183, -0.00212215748616, 0.00578314857557, -0.00177776184864, 0.000321283179801, -0.00126432569232, -0.00105498544872, -0.000341482402291, 0.000539701257367, -0.00156527291983, 0.00140985962935], [-0.000587350863498, 0.00165673252195, -0.0019679965917, 0.000624383275863, -0.00177776184864, 0.00763563299552, -0.00423790607601, -0.000498552515637, 0.00109044753481, -0.000242376452661, -0.00299224257469, 0.00113598711323, -0.000737133668736], [0.000440664356574, -0.000995432026684, 0.000862470595166, 1.06627085188e-05, 0.000321283179801, -0.00423790607601, 0.0107556190342, -0.00372944469564, 0.000256302359048, 0.000552087964024, -0.00103596120607, 0.00167334370781, -0.00316949887201], [-0.000382119178539, 0.000473343883641, 0.000464763666969, 0.00080675893696, -0.00126432569232, -0.000498552515637, -0.00372944469564, 0.0143129592761, -0.0083948597312, 0.00326332845725, -0.000251178251347, -0.00283855502494, 0.00141696154606], [0.000564372574445, -0.00162283913232, -0.000185279481229, -0.0015849332558, -0.00105498544872, 0.00109044753481, 0.000256302359048, -0.0083948597312, 0.0210280679166, -0.0124715846032, 0.0054438537918, -0.00220237253234, -0.0011070384644], [-0.00082033930812, 0.00359502364881, -0.00102935452014, 0.000810502213426, -0.000341482402291, -0.000242376452661, 0.000552087964024, 0.00326332845725, -0.0124715846032, 0.0276553351432, -0.0166227072477, 0.00981125887483, -0.00195893016644], [0.000993963796645, -0.00443645287305, 0.0018376178341, -0.00127711636014, 0.000539701257367, -0.00299224257469, -0.00103596120607, -0.000251178251347, 0.0054438537918, -0.0166227072477, 0.0255653876811, -0.0143430987373, 0.00371605041437], [-0.000884069944732, 0.00466263014823, -0.00246966490522, 0.0023565615993, -0.00156527291983, 0.00113598711323, 0.00167334370781, -0.00283855502494, -0.00220237253234, 0.00981125887483, -0.0143430987373, 0.0289647504687, -0.010313953273], [0.000619955768343, -0.00296811969019, 0.00154045538511, -0.00340652302839, 0.00140985962935, -0.000737133668736, -0.00316949887201, 0.00141696154606, -0.0011070384644, -0.00195893016644, 0.00371605041437, -0.010313953273, 0.0235896687955]]}, "melbands": {"dmean": [0.0029915352352, 0.00107204390224, 0.000847438641358, 0.000721914577298, 0.000235694882576, 0.000126877668663, 0.000109046952275, 0.000138975607115, 9.74326831056e-05, 7.45502329664e-05, 0.000129273947095, 5.48249663552e-05, 0.000113081398013, 3.66590102203e-05, 2.98819850286e-05, 2.4644230507e-05, 3.56580821972e-05, 3.24968314089e-05, 2.7577383662e-05, 2.29357065109e-05, 1.92979132407e-05, 1.62096603162e-05, 1.09293041533e-05, 1.38609366331e-05, 1.03276524897e-05, 7.2400348472e-06, 6.44452620691e-06, 5.45618058823e-06, 4.88758405481e-06, 4.10711345467e-06, 4.73687396152e-06, 3.49654055753e-06, 2.76151490652e-06, 2.08093456422e-06, 1.78790116934e-06, 1.68099518305e-06, 1.23884490222e-06, 1.06016034351e-06, 1.08082656425e-06, 8.3178326804e-07], "dmean2": [0.00487147457898, 0.0017940106336, 0.00134859723039, 0.00117146561388, 0.000412070250604, 0.000211284597754, 0.000162024181918, 0.000193395957467, 0.000138979667099, 0.000113880581921, 0.000193893240066, 8.05837262305e-05, 0.00016052632418, 5.34225000592e-05, 4.49546532764e-05, 3.82853177143e-05, 5.42350571777e-05, 5.19088971487e-05, 4.3229865696e-05, 3.60156955139e-05, 3.17586309393e-05, 2.59646185441e-05, 1.74283777596e-05, 2.2456420993e-05, 1.68873957591e-05, 1.20929680634e-05, 1.02417952803e-05, 8.64744924911e-06, 8.0798736235e-06, 6.8397407631e-06, 8.1342386693e-06, 5.73189663555e-06, 4.36808841187e-06, 3.27656334775e-06, 2.77056983577e-06, 2.50922994383e-06, 1.77747631369e-06, 1.55365489718e-06, 1.57820420554e-06, 1.24110727029e-06], "dvar": [1.46975007738e-05, 3.3532710404e-06, 3.46011370311e-06, 2.72876377494e-06, 3.56336414598e-07, 7.44334585079e-08, 3.27004556766e-08, 9.9623868266e-08, 6.90544297299e-08, 3.02537692676e-08, 1.04350235119e-07, 2.52205527573e-08, 6.97993698395e-08, 7.45460404517e-09, 4.42275105428e-09, 3.82310361147e-09, 8.45108871772e-09, 4.1048831001e-09, 1.9135060203e-09, 1.40006306548e-09, 9.13354836207e-10, 7.17466308586e-10, 2.84142848139e-10, 5.77714542871e-10, 2.97983360209e-10, 1.46028369952e-10, 1.32830330069e-10, 7.27992874316e-11, 8.10974065679e-11, 5.07415741369e-11, 1.004664546e-10, 3.4925864284e-11, 1.98015891878e-11, 1.0769410537e-11, 7.40371826347e-12, 7.07952056353e-12, 3.93720299419e-12, 2.5403193004e-12, 3.05934531181e-12, 1.88361240668e-12], "dvar2": [3.73830589524e-05, 8.81789401319e-06, 8.18564785732e-06, 7.02695251675e-06, 1.02477054043e-06, 2.02245416858e-07, 7.25476283492e-08, 1.70016832612e-07, 1.26304072978e-07, 7.03007074776e-08, 2.31157002872e-07, 5.51248469094e-08, 1.24573702465e-07, 1.43850220624e-08, 8.88424711576e-09, 8.36758307088e-09, 1.84628259348e-08, 9.83588499537e-09, 4.42745973217e-09, 3.25056803696e-09, 2.44978615171e-09, 1.6426793259e-09, 6.8119621055e-10, 1.48894918617e-09, 7.50491446766e-10, 3.73326092262e-10, 3.2463931543e-10, 1.76688427778e-10, 2.14977591284e-10, 1.32361080429e-10, 2.80663742247e-10, 9.24891482845e-11, 4.79160842948e-11, 2.5506739082e-11, 1.70399857419e-11, 1.43948793857e-11, 8.00267491163e-12, 4.9041014305e-12, 6.41553563746e-12, 3.94333307327e-12], "max": [0.0428337231278, 0.0233339872211, 0.0218487009406, 0.0240282788873, 0.00798272900283, 0.00470620859414, 0.00370679795742, 0.0107574649155, 0.00923162698746, 0.00526177184656, 0.00679671671242, 0.0057226200588, 0.00580599298701, 0.00185429921839, 0.00231560971588, 0.00260304566473, 0.00327194156125, 0.00191162177362, 0.000975779490545, 0.00108646228909, 0.000596954196226, 0.000768873200286, 0.000521385925822, 0.000468660786282, 0.000251681194641, 0.000314350822009, 0.000320603634464, 0.00014028865553, 9.12245013751e-05, 0.000110259323264, 0.000133859706693, 6.18492413196e-05, 4.80401649838e-05, 3.02776443277e-05, 2.9640566936e-05, 3.58839606633e-05, 2.78214556602e-05, 1.80594342964e-05, 2.10052512557e-05, 2.92019849439e-05], "mean": [0.00467040995136, 0.00186262920033, 0.00119943986647, 0.00108371896204, 0.000315999554005, 0.000186666613445, 0.00020887714345, 0.000283580418909, 0.000186030694749, 0.000143118188134, 0.000227787066251, 0.000102057725599, 0.000196228837012, 6.66897321935e-05, 6.1205275415e-05, 4.33539426012e-05, 6.0725305957e-05, 5.99466329732e-05, 5.43589194422e-05, 4.4396987505e-05, 3.43692445313e-05, 3.08499984385e-05, 2.14159153984e-05, 2.54164333455e-05, 1.94080566871e-05, 1.36385588121e-05, 1.26680615722e-05, 9.69467237155e-06, 7.36782931199e-06, 6.32514502286e-06, 6.02076215728e-06, 5.1669030654e-06, 4.54078735856e-06, 3.42827092936e-06, 3.06278343487e-06, 3.21307311424e-06, 2.35493075706e-06, 2.01395687327e-06, 1.92254060494e-06, 1.45019373576e-06], "median": [0.00295577547513, 0.00140592618845, 0.000616178964265, 0.000399785814807, 0.000125581704197, 6.73842805554e-05, 9.36074502533e-05, 8.18509361125e-05, 3.63557956007e-05, 6.82983663864e-05, 8.09326520539e-05, 3.80180499633e-05, 5.51799748791e-05, 2.69281736109e-05, 2.84855523205e-05, 2.04467778531e-05, 2.68561107077e-05, 3.82970356441e-05, 3.48328685504e-05, 2.41376110353e-05, 2.13926741708e-05, 1.928790698e-05, 1.41510272442e-05, 1.38023106047e-05, 1.27855182654e-05, 9.92602508632e-06, 8.93349715625e-06, 5.99664736001e-06, 4.35680249211e-06, 3.67026291315e-06, 3.08019912154e-06, 2.70267810265e-06, 2.49820595855e-06, 1.78520542704e-06, 1.66739505403e-06, 1.79874496098e-06, 1.27571058783e-06, 1.09125619474e-06, 9.12892915039e-07, 6.77145635564e-07], "min": [8.53023461615e-26, 6.27632231513e-25, 1.2168179463e-24, 6.48762166682e-25, 7.71091320293e-25, 1.58362722318e-24, 1.28729113109e-24, 2.15546539363e-24, 1.96846591604e-24, 2.2563865386e-24, 2.66275285113e-24, 1.42021636299e-24, 1.90313955562e-24, 2.38023947565e-24, 1.61291437454e-24, 2.56586633526e-24, 3.00193148594e-24, 1.54987166783e-24, 2.58922825375e-24, 2.59949271464e-24, 2.37034775155e-24, 3.41973845097e-24, 3.93156087261e-24, 3.75532658537e-24, 3.3805529688e-24, 4.05734119408e-24, 4.8914314393e-24, 4.3458520818e-24, 4.28872987479e-24, 4.72317924113e-24, 4.12156472695e-24, 5.27721005993e-24, 4.81083391504e-24, 5.39691536356e-24, 5.93265210354e-24, 5.26510222833e-24, 5.71306951513e-24, 4.54172230026e-24, 5.95182142354e-24, 6.18055322073e-24], "var": [2.46314866672e-05, 3.9523133637e-06, 3.92373294744e-06, 3.52255074176e-06, 3.53460904989e-07, 9.93189885889e-08, 9.28889889451e-08, 4.13194271687e-07, 2.33952277995e-07, 6.4759611007e-08, 1.95231379507e-07, 5.64857920438e-08, 1.86012471204e-07, 1.90439486403e-08, 1.5065108272e-08, 7.9998780933e-09, 1.82520984993e-08, 7.89612375485e-09, 4.63372318293e-09, 3.61050278563e-09, 1.7008296993e-09, 1.65303659649e-09, 7.14742764973e-10, 1.1511238629e-09, 5.21504617268e-10, 2.50518272793e-10, 2.40806014018e-10, 1.34341648916e-10, 9.29599938693e-11, 6.41632094678e-11, 8.37154651157e-11, 4.44758709028e-11, 3.11092436533e-11, 1.70134219213e-11, 1.25039761531e-11, 1.40372470592e-11, 8.24910712655e-12, 5.52735721776e-12, 5.79665482281e-12, 3.81463437227e-12]}, "mfcc": {"mean": [-635.483276367, 99.5204849243, 5.03273963928, 22.8229007721, 12.5473165512, 9.97089290619, 7.26812982559, 9.82110309601, 6.56281042099, 7.14072227478, 0.424421578646, -1.42052638531, -0.142349228263], "cov": [[17600.3164062, 1582.76342773, -266.890991211, 622.358215332, 459.203186035, 448.304260254, 178.36579895, 326.337280273, 172.339141846, 136.185409546, 26.8023891449, 36.2109718323, 21.8206043243], [1582.76342773, 1222.18786621, -136.301727295, 22.0588264465, 27.2122077942, -37.8860282898, 112.897872925, 80.0481109619, 31.1250667572, 93.3424072266, 32.0047683716, 6.41789913177, 15.1286478043], [-266.890991211, -136.301727295, 784.740844727, 4.24217224121, 12.2768163681, 128.827972412, -20.939163208, -3.95024728775, -17.722782135, -41.785823822, 32.2468719482, -15.2124233246, -32.4802131653], [622.358215332, 22.0588264465, 4.24217224121, 287.029815674, 116.715637207, 37.2884712219, 2.74367403984, 10.1236982346, 50.5648269653, 21.6494026184, 3.23947620392, 21.5795669556, 10.1600265503], [459.203186035, 27.2122077942, 12.2768163681, 116.715637207, 214.15536499, 70.0927658081, 16.4814891815, 35.1103973389, 28.0131340027, 22.2867450714, 25.2353820801, 22.8382778168, 20.4470977783], [448.304260254, -37.8860282898, 128.827972412, 37.2884712219, 70.0927658081, 175.535186768, 77.9399795532, 25.1722011566, 19.3985939026, 20.7791786194, 26.221288681, 12.3915548325, 3.91441369057], [178.36579895, 112.897872925, -20.939163208, 2.74367403984, 16.4814891815, 77.9399795532, 156.847518921, 68.5687561035, 20.9324226379, 38.4974098206, 18.9667377472, 17.9504680634, 29.8871650696], [326.337280273, 80.0481109619, -3.95024728775, 10.1236982346, 35.1103973389, 25.1722011566, 68.5687561035, 129.383285522, 61.4169082642, 18.3668804169, 11.2767038345, 15.6566934586, 20.3240432739], [172.339141846, 31.1250667572, -17.722782135, 50.5648269653, 28.0131340027, 19.3985939026, 20.9324226379, 61.4169082642, 103.608886719, 49.10779953, 9.34981155396, 4.57486534119, 4.44574928284], [136.185409546, 93.3424072266, -41.785823822, 21.6494026184, 22.2867450714, 20.7791786194, 38.4974098206, 18.3668804169, 49.10779953, 95.9577102661, 35.9311408997, 5.38000297546, 9.29375648499], [26.8023891449, 32.0047683716, 32.2468719482, 3.23947620392, 25.2353820801, 26.221288681, 18.9667377472, 11.2767038345, 9.34981155396, 35.9311408997, 76.1275177002, 36.5450439453, 7.62641429901], [36.2109718323, 6.41789913177, -15.2124233246, 21.5795669556, 22.8382778168, 12.3915548325, 17.9504680634, 15.6566934586, 4.57486534119, 5.38000297546, 36.5450439453, 71.0110931396, 36.8600387573], [21.8206043243, 15.1286478043, -32.4802131653, 10.1600265503, 20.4470977783, 3.91441369057, 29.8871650696, 20.3240432739, 4.44574928284, 9.29375648499, 7.62641429901, 36.8600387573, 81.2003097534]], "icov": [[8.5551495431e-05, -0.000124879923533, 8.3362821897e-05, -0.000171407606103, 5.30447032361e-05, -0.000417201546952, 0.000322031963151, -0.000322654435877, 0.000193983723875, -3.80334531656e-05, 6.04433116678e-05, 4.7199857363e-05, -9.31705471885e-06], [-0.000124879923533, 0.00119147729129, -0.000117113173474, 0.000130341388285, -0.000256642117165, 0.00137978349812, -0.00123985891696, -1.33624544105e-05, 0.000271305761999, -0.000924079096876, -0.000123173580505, 6.68343363941e-06, 0.000305668829242], [8.3362821897e-05, -0.000117113173474, 0.00184146140236, -0.000369849673007, 0.000611439172644, -0.00231085834093, 0.00146419403609, -0.000921760918573, 0.000471876788652, 0.00111706508324, -0.00156760530081, 0.0012896239059, -0.000160364914336], [-0.000171407606103, 0.000130341388285, -0.000369849673007, 0.0055698864162, -0.00298664625734, 0.00112375547178, -0.0012038804125, 0.00283238338307, -0.00363700743765, 0.00038580186083, 0.0016842976911, -0.0022358733695, 0.000620721024461], [5.30447032361e-05, -0.000256642117165, 0.000611439172644, -0.00298664625734, 0.00788728427142, -0.00402422947809, 0.00326590263285, -0.00336735672317, 0.00209606438875, -0.000843410613015, -0.00165196601301, 0.000789521553088, -0.00172097771429], [-0.000417201546952, 0.00137978349812, -0.00231085834093, 0.00112375547178, -0.00402422947809, 0.0140793453902, -0.00938679371029, 0.00479704374447, -0.00346912792884, 0.00076469196938, -0.00108987721615, -0.000904786516912, 0.00199449807405], [0.000322031963151, -0.00123985891696, 0.00146419403609, -0.0012038804125, 0.00326590263285, -0.00938679371029, 0.0165535826236, -0.00971879716963, 0.00653240410611, -0.00539759313688, 0.00132792349905, 5.56058366783e-05, -0.00303920032457], [-0.000322654435877, -1.33624544105e-05, -0.000921760918573, 0.00283238338307, -0.00336735672317, 0.00479704374447, -0.00971879716963, 0.019247662276, -0.0135935628787, 0.00716515025124, -0.00186660292093, -0.000704972189851, -0.000838151667267], [0.000193983723875, 0.000271305761999, 0.000471876788652, -0.00363700743765, 0.00209606438875, -0.00346912792884, 0.00653240410611, -0.0135935628787, 0.0237439796329, -0.013136065565, 0.00437374832109, -0.00121611380018, 0.00152335991152], [-3.80334531656e-05, -0.000924079096876, 0.00111706508324, 0.00038580186083, -0.000843410613015, 0.00076469196938, -0.00539759313688, 0.00716515025124, -0.013136065565, 0.0239852517843, -0.0127282505855, 0.00741146551445, -0.00324519397691], [6.04433116678e-05, -0.000123173580505, -0.00156760530081, 0.0016842976911, -0.00165196601301, -0.00108987721615, 0.00132792349905, -0.00186660292093, 0.00437374832109, -0.0127282505855, 0.0274375900626, -0.0164877288043, 0.00574068725109], [4.7199857363e-05, 6.68343363941e-06, 0.0012896239059, -0.0022358733695, 0.000789521553088, -0.000904786516912, 5.56058366783e-05, -0.000704972189851, -0.00121611380018, 0.00741146551445, -0.0164877288043, 0.0291174445301, -0.0116682397202], [-9.31705471885e-06, 0.000305668829242, -0.000160364914336, 0.000620721024461, -0.00172097771429, 0.00199449807405, -0.00303920032457, -0.000838151667267, 0.00152335991152, -0.00324519397691, 0.00574068725109, -0.0116682397202, 0.0188301205635]]}, "spectral_contrast_coeffs": {"dmean": [0.0501089021564, 0.0477915965021, 0.0414000488818, 0.0326708517969, 0.0211730971932, 0.0182385537773], "dmean2": [0.0820311382413, 0.0749614462256, 0.0640594959259, 0.0517147965729, 0.0338021740317, 0.0293222870678], "dvar": [0.0020603260491, 0.00171601597685, 0.00126984936651, 0.000828546937555, 0.000359808385838, 0.000364394043572], "dvar2": [0.00509235356003, 0.00411139894277, 0.00292533054017, 0.0019112334121, 0.000843681627885, 0.000866154558025], "max": [-0.292923718691, -0.354093492031, -0.382531493902, -0.518173992634, -0.588497340679, -0.58434933424], "mean": [-0.703908503056, -0.720911681652, -0.730909764767, -0.75938218832, -0.78751629591, -0.783894300461], "median": [-0.711930215359, -0.724007248878, -0.729452311993, -0.755383133888, -0.783469855785, -0.780930638313], "min": [-0.981234371662, -0.975690603256, -0.977472424507, -0.972907602787, -0.96821886301, -0.964964091778], "var": [0.00909788068384, 0.00831581186503, 0.00730125326663, 0.00516815297306, 0.00271806097589, 0.0023313104175]}, "spectral_contrast_valleys": {"dmean": [0.361900657415, 0.450050085783, 0.361413747072, 0.319821625948, 0.280622720718, 0.288311690092], "dmean2": [0.596991658211, 0.693029284477, 0.562319874763, 0.488002538681, 0.406570106745, 0.387580811977], "dvar": [0.117238275707, 0.207429543138, 0.135512948036, 0.134932175279, 0.128928378224, 0.148680686951], "dvar2": [0.266535431147, 0.449407756329, 0.288071960211, 0.274121314287, 0.234973192215, 0.265961050987], "max": [-5.06610107422, -4.7858953476, -5.42671108246, -5.89480829239, -5.59905004501, -7.872859478], "mean": [-7.34909677505, -7.65588378906, -8.03905487061, -8.21682739258, -7.86984