{"lowlevel": {"average_loudness": 0.964861631393, "barkbands_crest": {"dmean": 1.48951661587, "dmean2": 2.51989078522, "dvar": 2.66659426689, "dvar2": 7.12381267548, "max": 18.1892032623, "mean": 6.14918088913, "median": 5.77244997025, "min": 1.97019815445, "var": 4.71149587631}, "barkbands_flatness_db": {"dmean": 0.00964949931949, "dmean2": 0.0149754974991, "dvar": 0.000135412934469, "dvar2": 0.000270759192063, "max": 0.303746551275, "mean": 0.0776000246406, "median": 0.0682166740298, "min": 0.0222127214074, "var": 0.00109695782885}, "barkbands_kurtosis": {"dmean": 0.284075707197, "dmean2": 0.440176069736, "dvar": 0.178360447288, "dvar2": 0.38783493638, "max": 6.19592571259, "mean": -0.937606692314, "median": -1.0500023365, "min": -1.78562188148, "var": 0.318608701229}, "barkbands_skewness": {"dmean": 0.245606973767, "dmean2": 0.376881539822, "dvar": 0.0655825734138, "dvar2": 0.154671356082, "max": 2.60325312614, "mean": -0.163249269128, "median": -0.213428318501, "min": -1.94460582733, "var": 0.213925972581}, "barkbands_spread": {"dmean": 4.16487312317, "dmean2": 6.16398859024, "dvar": 18.6753921509, "dvar2": 36.5577468872, "max": 61.9225769043, "mean": 34.4647064209, "median": 33.8800125122, "min": 5.27543449402, "var": 54.5227432251}, "dissonance": {"dmean": 0.00665198592469, "dmean2": 0.0113021004945, "dvar": 5.51968405489e-05, "dvar2": 0.000136567978188, "max": 0.499999970198, "mean": 0.487895101309, "median": 0.489664316177, "min": 0.374061703682, "var": 8.50903306855e-05}, "dynamic_complexity": 2.32835173607, "erbbands_crest": {"dmean": 1.81357383728, "dmean2": 2.88032484055, "dvar": 3.90956306458, "dvar2": 8.10581874847, "max": 31.0098800659, "mean": 8.66855049133, "median": 7.85102272034, "min": 2.85798716545, "var": 12.5965471268}, "erbbands_flatness_db": {"dmean": 0.0108665470034, "dmean2": 0.0164223536849, "dvar": 0.000154853798449, "dvar2": 0.000309844763251, "max": 0.396038234234, "mean": 0.16756953299, "median": 0.162474498153, "min": 0.0830194205046, "var": 0.00117741816211}, "erbbands_kurtosis": {"dmean": 0.469779521227, "dmean2": 0.712275981903, "dvar": 0.366104424, "dvar2": 0.809212207794, "max": 14.9083862305, "mean": 0.142353132367, "median": -0.0541379451752, "min": -1.67162263393, "var": 0.916419863701}, "erbbands_skewness": {"dmean": 0.19980250299, "dmean2": 0.300856888294, "dvar": 0.0452944003046, "dvar2": 0.0942625701427, "max": 2.95752429962, "mean": -0.691515445709, "median": -0.674169838428, "min": -2.72307324409, "var": 0.13980935514}, "erbbands_spread": {"dmean": 3.25914597511, "dmean2": 5.09718036652, "dvar": 12.0287590027, "dvar2": 29.0159511566, "max": 65.7935943604, "mean": 27.7295780182, "median": 27.0204544067, "min": 5.3957695961, "var": 35.4901428223}, "hfc": {"dmean": 3.44608402252, "dmean2": 5.37698411942, "dvar": 19.9768447876, "dvar2": 48.5216522217, "max": 77.2470016479, "mean": 31.0717163086, "median": 36.0098152161, "min": 1.15032871119e-16, "var": 256.908325195}, "melbands_crest": {"dmean": 2.53034424782, "dmean2": 4.08819150925, "dvar": 8.20321846008, "dvar2": 20.4894390106, "max": 28.1714763641, "mean": 8.91592407227, "median": 8.09485816956, "min": 1.76941812038, "var": 13.1691894531}, "melbands_flatness_db": {"dmean": 0.0137448534369, "dmean2": 0.0208604224026, "dvar": 0.000313259748509, "dvar2": 0.000608847592957, "max": 0.356523513794, "mean": 0.10617184639, "median": 0.0964422076941, "min": 0.00456480449066, "var": 0.00147968309466}, "melbands_kurtosis": {"dmean": 0.756694257259, "dmean2": 1.24112379551, "dvar": 1.64472806454, "dvar2": 4.03261899948, "max": 23.775724411, "mean": -0.040136154741, "median": -0.555170297623, "min": -1.6514467001, "var": 2.68485832214}, "melbands_skewness": {"dmean": 0.310795366764, "dmean2": 0.480512529612, "dvar": 0.123199120164, "dvar2": 0.294198274612, "max": 4.53727531433, "mean": 0.809100687504, "median": 0.697507798672, "min": -0.864487051964, "var": 0.32390281558}, "melbands_spread": {"dmean": 7.17529344559, "dmean2": 11.2420167923, "dvar": 49.5696601868, "dvar2": 120.764556885, "max": 117.274887085, "mean": 62.6623077393, "median": 62.9753990173, "min": 9.62742519379, "var": 191.618103027}, "pitch_salience": {"dmean": 0.0512154176831, "dmean2": 0.0805784165859, "dvar": 0.0026748161763, "dvar2": 0.00616135681048, "max": 0.958984255791, "mean": 0.620217323303, "median": 0.62236648798, "min": 0.246432259679, "var": 0.00822099205106}, "silence_rate_20dB": {"dmean": 0, "dmean2": 0, "dvar": 0, "dvar2": 0, "max": 1, "mean": 1, "median": 1, "min": 1, "var": 0}, "silence_rate_30dB": {"dmean": 0, "dmean2": 0, "dvar": 0, "dvar2": 0, "max": 1, "mean": 1, "median": 1, "min": 1, "var": 0}, "silence_rate_60dB": {"dmean": 0.0134983127937, "dmean2": 0.0270016882569, "dvar": 0.0133169768378, "dvar2": 0.027400707826, "max": 1, "mean": 0.0335520133376, "median": 0, "min": 0, "var": 0.0324293673038}, "spectral_centroid": {"dmean": 134.544219971, "dmean2": 210.757217407, "dvar": 40135.53125, "dvar2": 75022.734375, "max": 10630.6806641, "mean": 2635.53051758, "median": 2698.46044922, "min": 589.561584473, "var": 142113.296875}, "spectral_complexity": {"dmean": 4.19647550583, "dmean2": 6.57491111755, "dvar": 15.6668262482, "dvar2": 35.2819252014, "max": 58, "mean": 30.5040302277, "median": 31, "min": 0, "var": 77.1115036011}, "spectral_decrease": {"dmean": 5.98785299122e-10, "dmean2": 9.62017132622e-10, "dvar": 7.93364745329e-19, "dvar2": 2.06910524154e-18, "max": 1.08022363699e-30, "mean": -3.45939965563e-09, "median": -3.75931774599e-09, "min": -1.00054053931e-08, "var": 2.59225954906e-18}, "spectral_energy": {"dmean": 0.00245951814577, "dmean2": 0.00395502382889, "dvar": 1.30199878186e-05, "dvar2": 3.38516110787e-05, "max": 0.0415614321828, "mean": 0.01587488316, "median": 0.0176851637661, "min": 1.04297434369e-20, "var": 5.40334076504e-05}, "spectral_energyband_high": {"dmean": 0.000314811739372, "dmean2": 0.000468497426482, "dvar": 1.71328693455e-07, "dvar2": 3.44056303447e-07, "max": 0.00779724493623, "mean": 0.00153867190238, "median": 0.00145372014958, "min": 7.84806589309e-21, "var": 1.24331734241e-06}, "spectral_energyband_low": {"dmean": 0.00105748698115, "dmean2": 0.00168345298152, "dvar": 4.15890099248e-06, "dvar2": 1.03126094473e-05, "max": 0.0152020873502, "mean": 0.00172769092023, "median": 0.00111095211469, "min": 3.01995644487e-23, "var": 4.83413532493e-06}, "spectral_energyband_middle_high": {"dmean": 0.00125572737306, "dmean2": 0.00197079102509, "dvar": 2.606875114e-06, "dvar2": 6.63605806039e-06, "max": 0.0237844847143, "mean": 0.00933173112571, "median": 0.0107271708548, "min": 1.50841655552e-21, "var": 2.27279488172e-05}, "spectral_energyband_middle_low": {"dmean": 0.00125162734184, "dmean2": 0.0020616799593, "dvar": 6.00170869802e-06, "dvar2": 1.62626856763e-05, "max": 0.0281052123755, "mean": 0.00383705412969, "median": 0.00320095219649, "min": 2.21802291538e-22, "var": 7.85123393143e-06}, "spectral_entropy": {"dmean": 0.0895230770111, "dmean2": 0.131853044033, "dvar": 0.0120419766754, "dvar2": 0.0208954494447, "max": 9.8023147583, "mean": 7.73270702362, "median": 7.69611787796, "min": 6.56602334976, "var": 0.0436203144491}, "spectral_flux": {"dmean": 0.0161219742149, "dmean2": 0.0239465329796, "dvar": 0.000359680707334, "dvar2": 0.00067154871067, "max": 0.158879682422, "mean": 0.0583884604275, "median": 0.0510925203562, "min": 1.02126113122e-10, "var": 0.000734913512133}, "spectral_kurtosis": {"dmean": 1.3552877903, "dmean2": 2.31092214584, "dvar": 4.4359498024, "dvar2": 13.2289514542, "max": 36.5662269592, "mean": 5.08441257477, "median": 5.12408733368, "min": -1.18577158451, "var": 4.76194047928}, "spectral_rms": {"dmean": 0.000296981015708, "dmean2": 0.000463297939859, "dvar": 1.58560652608e-07, "dvar2": 3.95062869529e-07, "max": 0.00636771088466, "mean": 0.00378726189956, "median": 0.00415377179161, "min": 3.1898839039e-12, "var": 1.14437159482e-06}, "spectral_rolloff": {"dmean": 245.014129639, "dmean2": 408.315765381, "dvar": 163190.9375, "dvar2": 299313.3125, "max": 18453.9550781, "mean": 3287.34887695, "median": 3165.38085938, "min": 322.998046875, "var": 374259.8125}, "spectral_skewness": {"dmean": 0.15732011199, "dmean2": 0.260038673878, "dvar": 0.0453957431018, "dvar2": 0.129900991917, "max": 4.22450876236, "mean": 1.31515932083, "median": 1.4008859396, "min": 0.0577748678625, "var": 0.134180307388}, "spectral_spread": {"dmean": 266803.59375, "dmean2": 414252.96875, "dvar": 385787494400, "dvar2": 500743929856, "max": 40793228, "mean": 3615270.75, "median": 3731880.75, "min": 1409590.5, "var": 974625505280}, "spectral_strongpeak": {"dmean": 1.6081084013, "dmean2": 2.79544401169, "dvar": 5.34472513199, "dvar2": 12.4737443924, "max": 15.3978481293, "mean": 3.1153845787, "median": 1.76125919819, "min": 0, "var": 11.9498691559}, "zerocrossingrate": {"dmean": 0.00755590992048, "dmean2": 0.00916490983218, "dvar": 6.81189121678e-05, "dvar2": 7.44104982005e-05, "max": 0.4931640625, "mean": 0.108954541385, "median": 0.11279296875, "min": 0.02685546875, "var": 0.000605498440564}, "barkbands": {"dmean": [0.000120206947031, 0.00075644440949, 0.000351950933691, 0.000217944281758, 0.000793112965766, 0.000272982870229, 0.000151716492837, 0.000131084831082, 0.000129932843265, 0.000417137925979, 0.000290949479677, 0.000292277050903, 0.000145263198647, 0.000209060570342, 0.000238847744185, 0.000219160807319, 0.000473428372061, 0.00058760686079, 0.000563586771023, 0.000252920784988, 0.000197736386326, 7.76926608523e-05, 4.00348617404e-05, 2.76441878668e-05, 2.4273273084e-05, 9.15056170925e-06, 3.36272432833e-06], "dmean2": [0.00018089931109, 0.00129530881532, 0.00059192936169, 0.0003704035189, 0.00136119662784, 0.000435343157733, 0.000242258131038, 0.000197769215447, 0.00020885754202, 0.000613334937952, 0.000438360031694, 0.000437808543211, 0.00023606987088, 0.000326060981024, 0.000409660657169, 0.000357461336534, 0.00071145570837, 0.000934781157412, 0.000816486135591, 0.00037603545934, 0.000300154701108, 0.000114232410851, 5.89212468185e-05, 4.35324909631e-05, 3.98955235141e-05, 1.49908109961e-05, 5.55617043574e-06], "dvar": [5.25423011766e-08, 3.65468895325e-06, 3.41194635212e-07, 9.27649637106e-08, 4.33990044257e-06, 2.11082564761e-07, 5.69589886368e-08, 2.74427165436e-08, 3.9769741278e-08, 3.2744588907e-07, 2.73456691957e-07, 2.11528274008e-07, 7.48140607243e-08, 1.05435297826e-07, 3.20257470321e-07, 8.04966973078e-08, 3.924034786e-07, 5.04639331211e-07, 7.07223023255e-07, 1.27035391984e-07, 7.05918026256e-08, 9.75183755969e-09, 4.39638814242e-09, 2.83808665458e-09, 1.37272870848e-09, 2.10392217537e-10, 3.52390963632e-11], "dvar2": [1.09020341199e-07, 9.6414833024e-06, 9.7787346931e-07, 2.60498978832e-07, 1.18957550512e-05, 5.16204408996e-07, 1.28494605178e-07, 6.03698993018e-08, 9.82846373176e-08, 6.41414828806e-07, 5.3796230759e-07, 4.43466802835e-07, 1.72419362343e-07, 2.32996370642e-07, 9.08282004275e-07, 2.28490819154e-07, 7.80571156156e-07, 1.23220240766e-06, 1.26318195726e-06, 2.47935474817e-07, 1.48127796251e-07, 1.98231937532e-08, 9.41048838854e-09, 6.96087898433e-09, 3.32636584943e-09, 5.46837297666e-10, 9.18192258337e-11], "max": [0.00195381022058, 0.0121891060844, 0.00750376284122, 0.00581612205133, 0.0182028729469, 0.0143389031291, 0.00730313872918, 0.00475249858573, 0.00299296015874, 0.00873240083456, 0.00931238755584, 0.00637373607606, 0.00533771049231, 0.00620252126828, 0.00742298644036, 0.00458097225055, 0.0103183137253, 0.00802537146956, 0.0123350629583, 0.00633953744546, 0.00405046856031, 0.00132400530856, 0.00077514332952, 0.000535363156814, 0.00039073053631, 0.000185408527614, 5.65028021811e-05], "mean": [0.000198909692699, 0.000784945616033, 0.000531637866516, 0.000345590000506, 0.0010169899324, 0.000752926571295, 0.000343801249983, 0.000374213646865, 0.000263183756033, 0.00145105167758, 0.000819521141239, 0.000707886822056, 0.000289545743726, 0.000433776091086, 0.000354806659743, 0.000511535792612, 0.00143595889676, 0.00181081122719, 0.00158846692648, 0.0006752582849, 0.000667433952913, 0.000222588874749, 0.000103633661638, 7.55066866986e-05, 7.51241968828e-05, 3.04088116536e-05, 9.35476509767e-06], "median": [3.85221719625e-05, 0.000212256680243, 0.000372581213014, 0.00025315140374, 0.000551634002477, 0.000560264685191, 0.000233728685998, 0.000297985156067, 0.000161520394613, 0.000724155572243, 0.000237758140429, 0.000322159059579, 0.000172361440491, 0.000258082087385, 0.000220081114094, 0.000454665831057, 0.000833291211165, 0.00119951285888, 0.000796099891886, 0.000374957919121, 0.000588298775256, 0.000169811712112, 6.19004204054e-05, 5.38556196261e-05, 7.07457802491e-05, 3.16453406413e-05, 9.0201256171e-06], "min": [2.06178800336e-23, 1.47011092778e-23, 9.11264980896e-24, 4.12527000662e-24, 4.85455566297e-23, 3.60744703562e-23, 1.40106477264e-23, 4.71276138624e-23, 6.32042299239e-23, 3.85927825784e-23, 8.40148286766e-23, 1.05602051524e-22, 8.43023211449e-23, 7.0011872344e-23, 1.84050299e-22, 2.03251261786e-22, 1.31984381161e-22, 2.51843907101e-22, 2.32681428106e-22, 2.60357319233e-22, 4.85162936766e-22, 5.91363203603e-22, 7.89799106962e-22, 7.45812374348e-22, 1.24883148694e-21, 1.57517736168e-21, 2.48109553171e-21], "var": [1.000075045e-07, 3.01872796626e-06, 3.41205549148e-07, 1.41446236057e-07, 3.23123117596e-06, 8.46824377732e-07, 1.77867889306e-07, 1.10375104612e-07, 9.72539169197e-08, 2.60972274191e-06, 1.74675403741e-06, 9.02634894828e-07, 2.22561567398e-07, 2.8579270861e-07, 2.41116168809e-07, 1.00707907791e-07, 2.42660303229e-06, 2.34861772697e-06, 3.26236022374e-06, 5.66021356008e-07, 3.16745371265e-07, 4.35750244776e-08, 1.36602915646e-08, 5.9109224182e-09, 3.40188699433e-09, 4.72557049047e-10, 5.63092454609e-11]}, "erbbands": {"dmean": [0.0288843046874, 0.155319541693, 0.338369518518, 0.659976899624, 1.83481919765, 2.92710494995, 1.62744522095, 2.55298662186, 3.1674823761, 1.9251884222, 2.78606677055, 2.70584201813, 12.4602022171, 10.023859024, 10.6781692505, 13.5065965652, 6.81490707397, 10.456492424, 10.0250072479, 11.8473453522, 14.7224302292, 19.5239067078, 26.4511413574, 37.2346343994, 20.9447288513, 13.1871919632, 10.1606788635, 4.98392915726, 2.75859022141, 1.32671737671, 1.13150930405, 0.691975593567, 0.455098986626, 0.324828147888, 0.161216437817, 0.0518542341888, 0.0160415805876, 0.00342001812533, 0.00059436482843, 4.29257161159e-05], "dmean2": [0.0463939793408, 0.278773754835, 0.588422238827, 1.08950233459, 3.19522857666, 5.05279254913, 2.59804558754, 4.07407712936, 4.96118736267, 3.00137925148, 4.17675685883, 4.3385643959, 18.2728805542, 15.1604194641, 16.4084796906, 19.6982650757, 10.9525585175, 16.1531200409, 16.9339523315, 20.3701190948, 22.8997879028, 29.9069824219, 42.2009468079, 52.6295280457, 32.4703178406, 19.2447452545, 15.4366855621, 7.7224817276, 4.03320884705, 1.95036911964, 1.67063069344, 1.09773623943, 0.72164106369, 0.527797579765, 0.265918344259, 0.0843963399529, 0.0264686979353, 0.00556030357257, 0.000972854264546, 7.27238075342e-05], "dvar": [0.00505583034828, 0.161105617881, 0.409721076488, 0.797680675983, 19.948141098, 63.8753471375, 6.71643018723, 18.6561908722, 29.2556095123, 5.94878053665, 17.468170166, 17.3839130402, 329.453613281, 305.616790771, 315.105834961, 431.145233154, 172.818405151, 257.08404541, 580.208496094, 701.824707031, 221.045974731, 580.39276123, 947.914123535, 4274.88134766, 1396.31665039, 416.885223389, 189.501434326, 35.7282066345, 12.6766967773, 4.18170118332, 3.87586259842, 1.87728583813, 0.704684615135, 0.244883030653, 0.0531688369811, 0.00556931877509, 0.000560220330954, 3.1015904824e-05, 1.10417965971e-06, 6.50863851703e-09], "dvar2": [0.0125482464209, 0.452152639627, 1.18406486511, 2.24334716797, 54.724357605, 177.654022217, 18.4398021698, 47.3487854004, 59.7269134521, 15.1664543152, 36.7289352417, 44.9254570007, 659.617736816, 569.792541504, 672.05871582, 845.407287598, 393.234863281, 542.688232422, 1633.36303711, 2009.58520508, 548.59588623, 1265.06420898, 2352.11523438, 6456.62548828, 3246.90527344, 756.991699219, 389.733276367, 82.2850418091, 24.8924446106, 8.73415660858, 8.74095726013, 4.61278247833, 1.72051501274, 0.571345865726, 0.1329998523, 0.0147054130211, 0.00141025788616, 7.91206257418e-05, 2.89978379442e-06, 1.71721143971e-08], "max": [0.494247347116, 2.59990477562, 6.80689764023, 14.8131055832, 43.157699585, 73.4785385132, 43.7037391663, 123.637641907, 183.197189331, 33.2306594849, 129.300460815, 77.0295028687, 347.125305176, 299.434692383, 264.266967773, 329.229675293, 268.722747803, 323.629730225, 370.447265625, 401.488189697, 204.678359985, 404.194458008, 380.024780273, 1059.28894043, 558.938964844, 397.594085693, 205.462493896, 79.2033691406, 52.1574935913, 23.8267498016, 24.6837387085, 14.3509550095, 9.2429561615, 5.62885522842, 2.5532078743, 0.995404183865, 0.2592651546, 0.0560263618827, 0.0116176409647, 0.000678379787132], "mean": [0.0299374926835, 0.150237992406, 0.490361005068, 1.17485427856, 2.02573728561, 3.49763679504, 3.32135105133, 6.5041308403, 8.29292297363, 4.81031990051, 7.7254576683, 7.09790086746, 36.8682975769, 36.1322593689, 31.6538448334, 36.0122337341, 15.6484889984, 22.6508560181, 17.8041706085, 20.4354457855, 41.8757743835, 64.7295532227, 91.7469558716, 112.724739075, 55.9377975464, 37.8244934082, 32.4023170471, 18.2301445007, 8.52170562744, 3.59226799011, 2.87119746208, 1.74656784534, 1.21132588387, 0.910357236862, 0.495066761971, 0.168690025806, 0.0516385808587, 0.0103906011209, 0.00163713237271, 0.000119512420497], "median": [0.0044698510319, 0.0477678477764, 0.323200166225, 0.94231069088, 1.02486228943, 1.65191185474, 2.36566901207, 4.49424362183, 5.55207490921, 3.52045249939, 5.44726085663, 5.09468078613, 22.6916885376, 13.6816949844, 14.1408348083, 17.4806594849, 10.0507354736, 13.5623788834, 11.9376621246, 15.0863361359, 35.3875999451, 46.5170555115, 77.3303375244, 61.4746627808, 31.8635444641, 24.0810337067, 24.8638114929, 17.3759155273, 6.96611213684, 2.13957214355, 1.73707926273, 1.15371608734, 0.877286434174, 0.767141461372, 0.496687561274, 0.174040332437, 0.0532369166613, 0.0105069028214, 0.0015699651558, 0.000114532514999], "min": [4.77340364838e-22, 3.41729475237e-21, 1.13833324336e-20, 7.81968891287e-21, 3.75432593866e-20, 2.23007117662e-19, 2.12031335663e-19, 3.56135193959e-19, 2.12367261464e-19, 4.92938382017e-19, 1.10772470756e-18, 1.59341197263e-18, 1.26439716168e-18, 1.8086794198e-18, 3.52344240721e-18, 5.14700480298e-18, 3.70356884381e-18, 3.85676186607e-18, 7.06893662237e-18, 8.1803149867e-18, 1.30148763015e-17, 7.97640917544e-18, 1.09640002595e-17, 1.40482085207e-17, 1.25542351348e-17, 1.28093516978e-17, 1.28978699495e-17, 2.40243028387e-17, 2.19136638247e-17, 2.11043800919e-17, 2.26794180049e-17, 1.44677148227e-17, 1.40458675996e-17, 1.09258415907e-17, 1.04341083591e-17, 5.11548384497e-18, 3.48966696844e-18, 1.2466342852e-18, 3.64465548962e-19, 3.59965285764e-20], "var": [0.00489147147164, 0.110230065882, 0.343287676573, 1.15313482285, 14.4139070511, 46.5632400513, 10.170334816, 68.6405258179, 133.743377686, 16.788684845, 70.3369522095, 48.255317688, 1842.20410156, 2438.15209961, 1679.0567627, 2242.13574219, 546.321716309, 774.10723877, 488.390899658, 519.676147461, 745.313232422, 3351.47583008, 4132.17382812, 19756.1425781, 4446.02148438, 1987.36096191, 822.270019531, 188.203018188, 59.3263168335, 15.8756284714, 10.491309166, 3.6898214817, 1.48553609848, 0.606689631939, 0.134530812502, 0.0142054706812, 0.00138604769018, 6.00925304752e-05, 1.77758931841e-06, 8.67011351602e-09]}, "gfcc": {"mean": [17.5589866638, 55.1970481873, -148.703613281, 32.9763145447, -47.7043685913, -6.24682283401, -27.6497840881, 11.2292251587, -32.0386734009, -3.81883454323, -15.5930500031, 4.56897592545, -8.13625431061], "cov": [[6451.79003906, -2376.59179688, 1038.44689941, -108.033103943, -460.847900391, 597.080810547, -232.529815674, 383.635192871, -287.861297607, 240.985092163, -38.2843666077, 261.094604492, 5.31672048569], [-2376.59179688, 1653.48803711, -617.933654785, 210.796981812, 291.663909912, -300.646148682, 182.429534912, -228.161743164, 174.979904175, -136.779525757, 22.1924571991, -168.941146851, -5.49758863449], [1038.44689941, -617.933654785, 468.844146729, -43.8057937622, -45.3967895508, 189.593307495, -69.592048645, 150.730484009, -47.1575202942, 68.9536209106, -5.00434207916, 89.9735794067, 15.1227865219], [-108.033103943, 210.796981812, -43.8057937622, 125.310134888, 53.3267822266, -6.13126039505, 42.2916603088, -19.77094841, 26.3517150879, -4.50910568237, 10.3474292755, -22.7763996124, -10.0376663208], [-460.847900391, 291.663909912, -45.3967895508, 53.3267822266, 146.544433594, -14.006896019, 73.8484268188, 13.6192016602, 39.1430854797, 13.6967086792, 16.059129715, -17.2316875458, 2.32057070732], [597.080810547, -300.646148682, 189.593307495, -6.13126039505, -14.006896019, 154.973907471, -5.53106117249, 72.8836212158, -19.5065422058, 20.6871585846, -5.20927286148, 35.5078201294, 2.91181635857], [-232.529815674, 182.429534912, -69.592048645, 42.2916603088, 73.8484268188, -5.53106117249, 113.791664124, 39.1806602478, 25.3896064758, 5.44067430496, 10.3940010071, 1.72632288933, 15.0373573303], [383.635192871, -228.161743164, 150.730484009, -19.77094841, 13.6192016602, 72.8836212158, 39.1806602478, 143.941177368, 11.7238426208, 55.9822235107, 3.01566457748, 56.9349937439, 23.8464336395], [-287.861297607, 174.979904175, -47.1575202942, 26.3517150879, 39.1430854797, -19.5065422058, 25.3896064758, 11.7238426208, 73.4334716797, 11.1200218201, 7.36620235443, -13.3725748062, 4.42085266113], [240.985092163, -136.779525757, 68.9536209106, -4.50910568237, 13.6967086792, 20.6871585846, 5.44067430496, 55.9822235107, 11.1200218201, 102.873970032, 42.5365867615, 28.1588020325, -0.259320884943], [-38.2843666077, 22.1924571991, -5.00434207916, 10.3474292755, 16.059129715, -5.20927286148, 10.3940010071, 3.01566457748, 7.36620235443, 42.5365867615, 62.6237297058, 29.2365169525, -1.4944293499], [261.094604492, -168.941146851, 89.9735794067, -22.7763996124, -17.2316875458, 35.5078201294, 1.72632288933, 56.9349937439, -13.3725748062, 28.1588020325, 29.2365169525, 87.220413208, 32.9823417664], [5.31672048569, -5.49758863449, 15.1227865219, -10.0376663208, 2.32057070732, 2.91181635857, 15.0373573303, 23.8464336395, 4.42085266113, -0.259320884943, -1.4944293499, 32.9823417664, 52.613368988]], "icov": [[0.000527547555976, -0.000126457875012, 8.0351906945e-05, -0.000841161527205, 0.00148878851905, -0.00133701425511, 0.000529917422682, -0.000870456045959, 0.00157007074449, -0.00143175525591, 0.000951242051087, -0.000399241573177, 0.000139616357046], [-0.000126457875012, 0.00624490203336, 0.000683230347931, -0.00217974069528, -0.00765700079501, 0.00562910595909, -0.0034288703464, 0.00527133513242, -0.00818805303425, 0.00716989394277, -0.00445777410641, 0.00291558448225, -0.00256091705523], [8.0351906945e-05, 0.000683230347931, 0.00955036468804, -0.00243368186057, -0.00308487773873, -0.00599207170308, 0.00960636232048, -0.0079643400386, 0.00343730510212, -0.000588621303905, 0.000850231503136, -0.00176490540616, -0.000975446717348], [-0.000841161527205, -0.00217974069528, -0.00243368186057, 0.0141680594534, -0.000888845592272, -0.000632665643934, -0.00572685338557, 0.00507157295942, -0.00328645459376, -0.000209505597013, -0.000890810857527, 0.000194558568182, 0.00279997684993], [0.00148878851905, -0.00765700079501, -0.00308487773873, -0.000888845592272, 0.0254642125219, -0.00846884679049, -0.00338382227346, -0.00636538071558, 0.00990349426866, -0.0125971697271, 0.00494671612978, -0.000715420814231, 0.00265908194706], [-0.00133701425511, 0.00562910595909, -0.00599207170308, -0.000632665643934, -0.00846884679049, 0.0222937874496, -0.00821791682392, 0.00557241495699, -0.010295746848, 0.011361265555, -0.00628408044577, 0.00365676218644, -0.000262014364125], [0.000529917422682, -0.0034288703464, 0.00960636232048, -0.00572685338557, -0.00338382227346, -0.00821791682392, 0.0309097282588, -0.0219896193594, 0.0117251090705, -0.000771031831391, -0.002147548832, 0.00118813093286, -0.00432407157496], [-0.000870456045959, 0.00527133513242, -0.0079643400386, 0.00507157295942, -0.00636538071558, 0.00557241495699, -0.0219896193594, 0.0371831916273, -0.0188314523548, -0.00389668159187, 0.00996834505349, -0.0106718316674, 0.00183606683277], [0.00157007074449, -0.00818805303425, 0.00343730510212, -0.00328645459376, 0.00990349426866, -0.010295746848, 0.0117251090705, -0.0188314523548, 0.0356622599065, -0.0125444345176, 0.0034935050644, 0.00222029956058, -0.00166320358403], [-0.00143175525591, 0.00716989394277, -0.000588621303905, -0.000209505597013, -0.0125971697271, 0.011361265555, -0.000771031831391, -0.00389668159187, -0.0125444345176, 0.0333101637661, -0.0255356691778, 0.0114772617817, -0.00376554764807], [0.000951242051087, -0.00445777410641, 0.000850231503136, -0.000890810857527, 0.00494671612978, -0.00628408044577, -0.002147548832, 0.00996834505349, 0.0034935050644, -0.0255356691778, 0.0464402399957, -0.0273302812129, 0.0132816238329], [-0.000399241573177, 0.00291558448225, -0.00176490540616, 0.000194558568182, -0.000715420814231, 0.00365676218644, 0.00118813093286, -0.0106718316674, 0.00222029956058, 0.0114772617817, -0.0273302812129, 0.0388734824955, -0.0200594514608], [0.000139616357046, -0.00256091705523, -0.000975446717348, 0.00279997684993, 0.00265908194706, -0.000262014364125, -0.00432407157496, 0.00183606683277, -0.00166320358403, -0.00376554764807, 0.0132816238329, -0.0200594514608, 0.0329136736691]]}, "melbands": {"dmean": [0.000227744807489, 0.000181004143087, 0.000122006968013, 0.000192859821254, 7.01472017681e-05, 5.92066644458e-05, 4.4603322749e-05, 2.18617660721e-05, 2.16912249016e-05, 1.94595941139e-05, 6.22660954832e-05, 4.19974130637e-05, 4.15614267695e-05, 3.40317419614e-05, 2.16248772631e-05, 1.32868754008e-05, 2.24880750466e-05, 1.56637506734e-05, 1.71739393409e-05, 1.51490539793e-05, 2.14345800487e-05, 2.09558365896e-05, 2.87282382487e-05, 3.56036071025e-05, 3.36765879183e-05, 2.08785586437e-05, 8.06053867564e-06, 1.00088846011e-05, 7.63804746384e-06, 6.46109901936e-06, 3.27912630382e-06, 2.14994724956e-06, 1.01054467905e-06, 7.39023562346e-07, 7.49953869672e-07, 6.21834146841e-07, 4.07264451496e-07, 3.50089123913e-07, 3.20076935623e-07, 3.05153406543e-07], "dmean2": [0.000373266113456, 0.00031419142033, 0.000204991403734, 0.000336124241585, 0.000114330257929, 9.39613746596e-05, 7.00547461747e-05, 3.3745644032e-05, 3.2635522075e-05, 3.12634147122e-05, 9.14568227017e-05, 6.34945827187e-05, 6.29477290204e-05, 5.12284714205e-05, 3.25599066855e-05, 2.18586283154e-05, 3.44830768881e-05, 2.62061385001e-05, 2.99287294183e-05, 2.52404206549e-05, 3.26772642438e-05, 3.26865556417e-05, 4.32651686424e-05, 5.63968678762e-05, 4.70506420243e-05, 3.20888539136e-05, 1.2312414583e-05, 1.45598542076e-05, 1.17768713608e-05, 9.84724192676e-06, 5.14365183335e-06, 3.2429309158e-06, 1.43667227803e-06, 1.12913107841e-06, 1.14103136184e-06, 9.77882905318e-07, 6.64293906993e-07, 5.73456077291e-07, 4.95430754199e-07, 5.07230993207e-07], "dvar": [3.19658113312e-07, 1.36937615025e-07, 2.74835674219e-08, 2.85084468032e-07, 1.66501266108e-08, 1.02419077663e-08, 5.65701085975e-09, 6.96150859181e-10, 1.04610398122e-09, 8.33002500311e-10, 8.05024757966e-09, 6.01585625759e-09, 5.84093529099e-09, 2.78022138644e-09, 1.09440068119e-09, 5.22152820981e-10, 1.26918930921e-09, 1.24039001292e-09, 1.83179638125e-09, 8.03527300253e-10, 5.29432664376e-10, 5.21203247228e-10, 2.10158779268e-09, 2.36663999509e-09, 3.92895627144e-09, 1.29708477292e-09, 1.0991363375e-10, 3.13785136763e-10, 1.35129699097e-10, 1.03676969787e-10, 2.08011073644e-11, 8.15625171569e-12, 2.49677665695e-12, 1.25172452698e-12, 1.51958339575e-12, 1.38550173938e-12, 5.58789993443e-13, 4.24481711716e-13, 2.37978527943e-13, 1.90525885541e-13], "dvar2": [8.15509281438e-07, 3.88013461361e-07, 7.69061969663e-08, 7.83107452662e-07, 4.62826541536e-08, 2.4530192988e-08, 1.16888010382e-08, 1.73060321629e-09, 2.23833063195e-09, 2.14682316368e-09, 1.61378093111e-08, 1.08559348178e-08, 1.1476307904e-08, 5.91371218661e-09, 2.44740250288e-09, 1.3000983623e-09, 2.6103275097e-09, 3.49441653391e-09, 5.2333559708e-09, 2.32279440127e-09, 1.20443421903e-09, 1.22872889641e-09, 4.15409884269e-09, 5.7126610109e-09, 5.85771831041e-09, 2.91945823072e-09, 2.24575871788e-10, 5.83598946946e-10, 2.93305602028e-10, 2.15377909951e-10, 4.64785779308e-11, 1.74579083828e-11, 4.98944462135e-12, 2.83560002735e-12, 3.57009452383e-12, 3.37254421438e-12, 1.38390785377e-12, 1.08398327207e-12, 5.35299614964e-13, 4.70950427094e-13], "max": [0.0038555546198, 0.00314021180384, 0.00204737042077, 0.00444120634347, 0.0014824582031, 0.00315779796802, 0.00249159988016, 0.000354767544195, 0.000948698434513, 0.000435288617155, 0.00171235459857, 0.00133136846125, 0.00129092531279, 0.000702836259734, 0.000478476984426, 0.000359282421414, 0.000739200448152, 0.000546317314729, 0.000521731039044, 0.000510696729179, 0.0003608702973, 0.000304048473481, 0.000715545960702, 0.00062145414995, 0.000987567706034, 0.000506204203703, 0.000211155493162, 0.000374538096366, 0.000208693527384, 0.000177808557055, 6.8209177698e-05, 4.74636326544e-05, 1.8779803213e-05, 1.18529987958e-05, 1.5638241166e-05, 1.21200246213e-05, 7.40006225897e-06, 7.10749509381e-06, 4.70386839879e-06, 4.91517221235e-06], "mean": [0.000251329765888, 0.000245978444582, 0.000210465150303, 0.000210603349842, 0.000126987477415, 0.000155646252097, 0.000117131618026, 5.58206556889e-05, 5.90105810261e-05, 4.72562678624e-05, 0.000184882126632, 0.000144262288813, 0.000119004536828, 8.46716066008e-05, 5.73507968511e-05, 2.57093961409e-05, 4.63216201751e-05, 2.7745616535e-05, 2.45728642767e-05, 3.06590045511e-05, 5.57025123271e-05, 6.23177766101e-05, 7.93193830759e-05, 0.000105822407932, 8.87054338818e-05, 4.91092796437e-05, 2.19214944082e-05, 2.54278311331e-05, 2.11006226891e-05, 1.62024662131e-05, 9.29876750888e-06, 5.80380583415e-06, 2.33296964325e-06, 1.83187262337e-06, 1.77613219421e-06, 1.33895230192e-06, 9.52523748765e-07, 8.30218539249e-07, 7.99784061201e-07, 7.70357985402e-07], "median": [6.03653061262e-05, 0.000154813111294, 0.000170463608811, 9.96595990728e-05, 8.80732040969e-05, 0.000110169894469, 7.91311758803e-05, 3.93185255234e-05, 4.02569239668e-05, 3.16591431329e-05, 0.000113926798804, 4.48709324701e-05, 3.3942884329e-05, 4.32060769526e-05, 3.17980411637e-05, 1.6883977878e-05, 2.52350600931e-05, 1.90770297195e-05, 1.61863245012e-05, 2.58445670624e-05, 4.23370147473e-05, 4.69778860861e-05, 3.61705060641e-05, 6.39576828689e-05, 3.62766331818e-05, 1.93246032723e-05, 1.46972188304e-05, 1.27755747599e-05, 1.34247729875e-05, 1.07302976176e-05, 7.56026520321e-06, 4.34658159065e-06, 1.23018071463e-06, 1.08028257273e-06, 1.09235486434e-06, 7.64020001043e-07, 6.6217131689e-07, 5.95169410644e-07, 5.63408832477e-07, 6.85559825797e-07], "min": [5.03976134974e-24, 5.31757488916e-24, 2.27331233818e-24, 8.36538317269e-24, 9.35627451118e-24, 7.59410439932e-24, 3.30605097276e-24, 6.69660551454e-24, 8.69409441215e-24, 9.93558003896e-24, 6.09530693916e-24, 6.83334429727e-24, 1.10637457967e-23, 1.29127963155e-23, 9.63131638781e-24, 8.42954675214e-24, 7.21224996727e-24, 9.99045478125e-24, 1.36972254002e-23, 9.93644857481e-24, 1.64730517985e-23, 8.08397676628e-24, 6.25518222338e-24, 1.37503110059e-23, 1.09705978899e-23, 9.30768935689e-24, 8.35010057037e-24, 8.63367634428e-24, 6.78908210074e-24, 1.0635645183e-23, 1.49176784175e-23, 1.24489319038e-23, 1.01964255747e-23, 1.25043407049e-23, 1.27786946948e-23, 1.12966064919e-23, 8.22189174061e-24, 8.33940677194e-24, 1.16068575973e-23, 8.45343424921e-24], "var": [2.97813500083e-07, 1.08601867055e-07, 3.54363791644e-08, 2.00964507258e-07, 1.83434014644e-08, 4.15774117357e-08, 2.54151419909e-08, 2.32753305518e-09, 4.12450784637e-09, 2.20919726956e-09, 4.53544970469e-08, 4.81845638944e-08, 3.74371857959e-08, 1.12773763661e-08, 4.52414550267e-09, 1.14849851851e-09, 3.97783228578e-09, 1.08957132205e-09, 1.24444621274e-09, 6.66382893311e-10, 2.05025685318e-09, 2.25429408474e-09, 1.17794565213e-08, 1.09830766704e-08, 1.75738303909e-08, 4.40092495779e-09, 4.37352765115e-10, 1.39517575271e-09, 5.70216707185e-10, 3.26058208211e-10, 7.77290939946e-11, 3.19659819448e-11, 8.23268016259e-12, 4.20929697348e-12, 3.96126144039e-12, 2.6893975328e-12, 1.04724562355e-12, 7.50990144637e-13, 6.45406308692e-13, 4.17981350486e-13]}, "mfcc": {"mean": [-617.254882812, 89.9356689453, -38.2611274719, 34.1102027893, -4.17337369919, -7.39800262451, 6.06709241867, 5.34156084061, 0.593885660172, -8.56680297852, -5.17112922668, 2.13424921036, -5.71309757233], "cov": [[4230.83886719, -1160.77368164, 522.043701172, -203.512237549, -101.067306519, 14.5579891205, 96.1711273193, 7.55945205688, -1.60040855408, -59.1800994873, 73.4026107788, -134.149551392, 76.2910079956], [-1160.77368164, 929.008728027, -424.331268311, 290.670898438, 24.8993167877, 28.0428943634, -8.46078872681, -15.069642067, 13.769859314, 43.0639190674, -55.7514572144, 87.8346176147, -61.2797660828], [522.043701172, -424.331268311, 375.43258667, -153.818756104, 67.753364563, -3.18411231041, 9.45826816559, 47.2938156128, 10.6819925308, -16.190196991, 32.0552635193, -51.2869338989, 40.113155365], [-203.512237549, 290.670898438, -153.818756104, 198.711959839, -5.43406820297, 23.3193721771, 15.1345701218, -12.717830658, 11.7760801315, 23.2245483398, -2.20262145996, 44.8481369019, -11.6164674759], [-101.067306519, 24.8993167877, 67.753364563, -5.43406820297, 90.2737808228, 19.8074645996, 10.5898647308, 16.8962879181, 12.03099823, 16.2561588287, 16.0884513855, 4.59472894669, 8.70356082916], [14.5579891205, 28.0428943634, -3.18411231041, 23.3193721771, 19.8074645996, 63.3728256226, 21.6469326019, 2.35859680176, -7.57147455215, 7.726126194, 0.139512166381, 1.43349719048, 3.79374861717], [96.1711273193, -8.46078872681, 9.45826816559, 15.1345701218, 10.5898647308, 21.6469326019, 85.5578994751, 30.5569839478, 24.1033439636, 6.31473350525, 19.4406852722, 10.858130455, 19.2441978455], [7.55945205688, -15.069642067, 47.2938156128, -12.717830658, 16.8962879181, 2.35859680176, 30.5569839478, 83.4449462891, 46.3208618164, -2.43088054657, 3.76326847076, -6.25107049942, -3.13826441765], [-1.60040855408, 13.769859314, 10.6819925308, 11.7760801315, 12.03099823, -7.57147455215, 24.1033439636, 46.3208618164, 83.1617431641, 29.3512229919, 8.66874504089, 6.75291776657, -6.34500455856], [-59.1800994873, 43.0639190674, -16.190196991, 23.2245483398, 16.2561588287, 7.726126194, 6.31473350525, -2.43088054657, 29.3512229919, 63.9285354614, 22.3904647827, 11.3469991684, 1.35892474651], [73.4026107788, -55.7514572144, 32.0552635193, -2.20262145996, 16.0884513855, 0.139512166381, 19.4406852722, 3.76326847076, 8.66874504089, 22.3904647827, 74.6379165649, 23.0465450287, 11.5807590485], [-134.149551392, 87.8346176147, -51.2869338989, 44.8481369019, 4.59472894669, 1.43349719048, 10.858130455, -6.25107049942, 6.75291776657, 11.3469991684, 23.0465450287, 66.8988647461, 25.4579124451], [76.2910079956, -61.2797660828, 40.113155365, -11.6164674759, 8.70356082916, 3.79374861717, 19.2441978455, -3.13826441765, -6.34500455856, 1.35892474651, 11.5807590485, 25.4579124451, 73.8067550659]], "icov": [[0.000428283266956, 0.000513080100063, -0.0002845597337, -0.000549768039491, 0.000555046543013, -0.000247803953243, -0.000397839146899, 0.000348227680661, -0.000239333254285, 0.000195617656573, -0.000128741026856, 0.000451344501926, -4.24097634095e-05], [0.000513080100063, 0.00543531822041, 0.00405073631555, -0.00401277607307, -0.00465060397983, 0.000921764236409, 0.000101649857243, -0.00220790249296, 0.00152281520423, -0.00126852944959, 0.00332352588885, -0.0020270938985, 0.0018619839102], [-0.0002845597337, 0.00405073631555, 0.0106356320903, 0.000260128290392, -0.00912076421082, 0.00104312342592, 0.00201916042715, -0.00416482100263, 0.000323189451592, 0.000977280549705, -0.000430264975876, 0.00295716011897, -0.00270637660287], [-0.000549768039491, -0.00401277607307, 0.000260128290392, 0.0118903620169, 0.00209286739118, -0.00306706875563, -0.000879521016032, 0.00199310807511, -0.0020740495529, -0.000123807374621, -0.00145255029202, -0.00268890219741, 0.000170913059264], [0.000555046543013, -0.00465060397983, -0.00912076421082, 0.00209286739118, 0.0224468577653, -0.00606845645234, -0.000509452074766, 0.00138470565435, -0.00164550088812, -0.00215428159572, -0.00377286621369, -0.000275739701465, -0.000706645951141], [-0.000247803953243, 0.000921764236409, 0.00104312342592, -0.00306706875563, -0.00606845645234, 0.0221060793847, -0.00604329770431, -0.00255197007209, 0.00764240743592, -0.00497602531686, 0.00373496394604, 0.000196463006432, 0.00111316447146], [-0.000397839146899, 0.000101649857243, 0.00201916042715, -0.000879521016032, -0.000509452074766, -0.00604329770431, 0.018696397543, -0.00534445699304, -0.00405288813636, 0.00258924765512, -0.00483470084146, 0.0016306330217, -0.00567152816802], [0.000348227680661, -0.00220790249296, -0.00416482100263, 0.00199310807511, 0.00138470565435, -0.00255197007209, -0.00534445699304, 0.0249679982662, -0.0151713965461, 0.00866435561329, -0.00209975917824, 0.00273586553521, 0.000729158578906], [-0.000239333254285, 0.00152281520423, 0.000323189451592, -0.0020740495529, -0.00164550088812, 0.00764240743592, -0.00405288813636, -0.0151713965461, 0.0281673353165, -0.0150629458949, 0.0055843917653, -0.00578155275434, 0.00503932964057], [0.000195617656573, -0.00126852944959, 0.000977280549705, -0.000123807374621, -0.00215428159572, -0.00497602531686, 0.00258924765512, 0.00866435561329, -0.0150629458949, 0.0277037061751, -0.00977485254407, 0.00510636996478, -0.00363553897478], [-0.000128741026856, 0.00332352588885, -0.000430264975876, -0.00145255029202, -0.00377286621369, 0.00373496394604, -0.00483470084146, -0.00209975917824, 0.0055843917653, -0.00977485254407, 0.0235544964671, -0.0123396255076, 0.00554243428633], [0.000451344501926, -0.0020270938985, 0.00295716011897, -0.00268890219741, -0.000275739701465, 0.000196463006432, 0.0016306330217, 0.00273586553521, -0.00578155275434, 0.00510636996478, -0.0123396255076, 0.0319382846355, -0.0141376312822], [-4.24097634095e-05, 0.0018619839102, -0.00270637660287, 0.000170913059264, -0.000706645951141, 0.00111316447146, -0.00567152816802, 0.000729158578906, 0.00503932964057, -0.00363553897478, 0.00554243428633, -0.0141376312822, 0.0226793289185]]}, "spectral_contrast_coeffs": {"dmean": [0.0537455677986, 0.0377877615392, 0.0359436012805, 0.0263657290488, 0.019758252427, 0.0161327887326], "dmean2": [0.0853173062205, 0.0618487037718, 0.056746032089, 0.0435609519482, 0.0321459025145, 0.0258848723024], "dvar": [0.0023586191237, 0.000980951357633, 0.000940319325309, 0.000444112345576, 0.000268941279501, 0.00027500721626], "dvar2": [0.00557467993349, 0.00259384023957, 0.00221333419904, 0.0011977229733, 0.000676709692925, 0.0005869755405], "max": [-0.350043058395, -0.492226958275, -0.570741832256, -0.635221242905, -0.636622667313, -0.609997272491], "mean": [-0.650920212269, -0.748926758766, -0.747973382473, -0.799693226814, -0.753101825714, -0.720845520496], "median": [-0.655786633492, -0.748790681362, -0.744080066681, -0.802102446556, -0.749940633774, -0.727965474129], "min": [-0.981026351452, -0.964554190636, -0.974146306515, -0.964077234268, -0.959401428699, -0.960864901543], "var": [0.00597563711926, 0.00281386380084, 0.00338509795256, 0.00106146384496, 0.00135312590282, 0.00160588871222]}, "spectral_contrast_valleys": {"dmean": [0.412502735853, 0.333538115025, 0.346262633801, 0.284148395061, 0.197434365749, 0.202372759581], "dmean2": [0.643457591534, 0.536335468292, 0.544694364071, 0.455085724592, 0.305754750967, 0.290057897568], "dvar": [0.169032379985, 0.15196223557, 0.176833435893, 0.165901839733, 0.130014508963, 0.150962367654], "dvar2": [0.311000645161, 0.268820524216, 0.297515332699, 0.279513806105, 0.166769757867, 0.216214537621], "max": [-6.10777425766, -5.62696170807, -5.42283248901, -5.4870