{"lowlevel": {"average_loudness": 0.985412240028, "barkbands_crest": {"dmean": 2.44955086708, "dmean2": 3.3137409687, "dvar": 10.2124624252, "dvar2": 17.1134338379, "max": 26.2107315063, "mean": 11.7806453705, "median": 10.2381830215, "min": 3.05838012695, "var": 35.0347366333}, "barkbands_flatness_db": {"dmean": 0.0375219620764, "dmean2": 0.0451229177415, "dvar": 0.00283124693669, "dvar2": 0.00352960079908, "max": 0.598327696323, "mean": 0.17614543438, "median": 0.141060590744, "min": 0.0342801176012, "var": 0.010663041845}, "barkbands_kurtosis": {"dmean": 56.9394073486, "dmean2": 78.9077072144, "dvar": 26777.2167969, "dvar2": 57837.03125, "max": 1928.76574707, "mean": 56.32081604, "median": 2.2116112709, "min": -1.93819570541, "var": 30496.2070312}, "barkbands_skewness": {"dmean": 1.95123910904, "dmean2": 2.29251432419, "dvar": 12.6427240372, "dvar2": 21.8035926819, "max": 34.0801696777, "mean": 2.10890197754, "median": 0.363166153431, "min": -5.28864431381, "var": 34.9386291504}, "barkbands_spread": {"dmean": 8.29793643951, "dmean2": 11.4216804504, "dvar": 155.614562988, "dvar2": 303.239715576, "max": 108.309761047, "mean": 36.4423751831, "median": 32.9439964294, "min": 0.117338433862, "var": 703.748474121}, "dissonance": {"dmean": 0.0146055435762, "dmean2": 0.0234502721578, "dvar": 0.000448855891591, "dvar2": 0.00118019152433, "max": 0.5, "mean": 0.453355759382, "median": 0.454373776913, "min": 0.294634759426, "var": 0.000812299665995}, "dynamic_complexity": 6.21575546265, "erbbands_crest": {"dmean": 2.09187936783, "dmean2": 3.03325724602, "dvar": 5.55734729767, "dvar2": 10.0112218857, "max": 26.341463089, "mean": 9.42903137207, "median": 9.30063915253, "min": 2.74709415436, "var": 14.3216266632}, "erbbands_flatness_db": {"dmean": 0.0175951365381, "dmean2": 0.0254295822233, "dvar": 0.000613517302554, "dvar2": 0.00124629272614, "max": 0.559162259102, "mean": 0.147924393415, "median": 0.134216859937, "min": 0.0666581839323, "var": 0.00256271497346}, "erbbands_kurtosis": {"dmean": 2.9452085495, "dmean2": 4.24226856232, "dvar": 30.5374851227, "dvar2": 69.5908432007, "max": 48.1735687256, "mean": 5.44231796265, "median": 0.401309728622, "min": -1.95198094845, "var": 103.890815735}, "erbbands_skewness": {"dmean": 0.625797212124, "dmean2": 0.86557751894, "dvar": 0.961753845215, "dvar2": 1.6891323328, "max": 6.17849826813, "mean": -0.686311423779, "median": -0.586571991444, "min": -5.20915222168, "var": 4.50448179245}, "erbbands_spread": {"dmean": 14.9651737213, "dmean2": 21.6957988739, "dvar": 471.144226074, "dvar2": 1029.51977539, "max": 207.599182129, "mean": 60.2705078125, "median": 64.4112930298, "min": 2.59291696548, "var": 1314.21374512}, "hfc": {"dmean": 12.6052465439, "dmean2": 19.2082862854, "dvar": 960.370178223, "dvar2": 2377.4609375, "max": 219.807037354, "mean": 17.1103172302, "median": 7.8534913063, "min": 1.23364882758e-16, "var": 894.061950684}, "melbands_crest": {"dmean": 3.20983505249, "dmean2": 4.11627674103, "dvar": 17.6281147003, "dvar2": 28.0783195496, "max": 36.5375976562, "mean": 17.025177002, "median": 15.0455970764, "min": 2.34804964066, "var": 77.5836868286}, "melbands_flatness_db": {"dmean": 0.0450520850718, "dmean2": 0.0531807765365, "dvar": 0.00472997734323, "dvar2": 0.00536937825382, "max": 0.744975268841, "mean": 0.20125220716, "median": 0.141658246517, "min": 0.00818522460759, "var": 0.0219330396503}, "melbands_kurtosis": {"dmean": 81.1220932007, "dmean2": 104.67729187, "dvar": 37389.3710938, "dvar2": 70472.0859375, "max": 2491.48461914, "mean": 96.6645507812, "median": 6.19511318207, "min": -1.94262075424, "var": 61902.671875}, "melbands_skewness": {"dmean": 2.07963490486, "dmean2": 2.55654478073, "dvar": 11.925825119, "dvar2": 20.7278594971, "max": 41.4250717163, "mean": 4.23087835312, "median": 2.56896471977, "min": -4.20835781097, "var": 35.1725120544}, "melbands_spread": {"dmean": 15.9490346909, "dmean2": 22.2769412994, "dvar": 830.214416504, "dvar2": 1503.96276855, "max": 237.569213867, "mean": 79.5771789551, "median": 59.9390029907, "min": 0.172477334738, "var": 5410.95751953}, "pitch_salience": {"dmean": 0.0788699239492, "dmean2": 0.117429353297, "dvar": 0.0115153780207, "dvar2": 0.0208919718862, "max": 0.915406525135, "mean": 0.525070428848, "median": 0.595446169376, "min": 0.0496483929455, "var": 0.0427368804812}, "silence_rate_20dB": {"dmean": 0.0862108916044, "dmean2": 0.172441765666, "dvar": 0.0787866860628, "dvar2": 0.212715804577, "max": 1, "mean": 0.94878923893, "median": 1, "min": 0, "var": 0.0485898628831}, "silence_rate_30dB": {"dmean": 0.0871378928423, "dmean2": 0.174180090427, "dvar": 0.0795415267348, "dvar2": 0.143850073218, "max": 1, "mean": 0.844513952732, "median": 1, "min": 0, "var": 0.131305813789}, "silence_rate_60dB": {"dmean": 0.100811123848, "dmean2": 0.201529726386, "dvar": 0.0906566306949, "dvar2": 0.172971829772, "max": 1, "mean": 0.500521361828, "median": 1, "min": 0, "var": 0.249999806285}, "spectral_centroid": {"dmean": 392.39074707, "dmean2": 533.369689941, "dvar": 463624.53125, "dvar2": 737013.6875, "max": 10801.4414062, "mean": 2395.73120117, "median": 1962.97473145, "min": 86.1061935425, "var": 3063950}, "spectral_complexity": {"dmean": 3.06095027924, "dmean2": 4.54942655563, "dvar": 55.2252006531, "dvar2": 93.6923828125, "max": 55, "mean": 6.35963392258, "median": 4, "min": 0, "var": 83.4233016968}, "spectral_decrease": {"dmean": 9.95588766983e-09, "dmean2": 1.41526959041e-08, "dvar": 5.4956921692e-16, "dvar2": 9.42734541283e-16, "max": 4.42213286106e-29, "mean": -1.23417311926e-08, "median": -5.41633127238e-10, "min": -1.30796507847e-07, "var": 8.78705467916e-16}, "spectral_energy": {"dmean": 0.0386562459171, "dmean2": 0.0550295524299, "dvar": 0.00792460516095, "dvar2": 0.0136384405196, "max": 0.49812066555, "mean": 0.0481324307621, "median": 0.00304421316832, "min": 1.1022648567e-20, "var": 0.012656503357}, "spectral_energyband_high": {"dmean": 0.00117607542779, "dmean2": 0.00179807073437, "dvar": 1.43035358633e-05, "dvar2": 3.53506256943e-05, "max": 0.0274616423994, "mean": 0.00160068331752, "median": 0.000576610851567, "min": 8.16769849842e-21, "var": 1.31663173306e-05}, "spectral_energyband_low": {"dmean": 0.0355004072189, "dmean2": 0.0506869666278, "dvar": 0.00769215868786, "dvar2": 0.0131139690056, "max": 0.479711264372, "mean": 0.0426122657955, "median": 2.901264088e-05, "min": 2.42710585981e-23, "var": 0.0119699724019}, "spectral_energyband_middle_high": {"dmean": 0.000836479535792, "dmean2": 0.00133986817673, "dvar": 7.52810046833e-06, "dvar2": 1.85034459719e-05, "max": 0.0186849422753, "mean": 0.000815262494143, "median": 0.000176944027771, "min": 1.52761760666e-21, "var": 6.37807443127e-06}, "spectral_energyband_middle_low": {"dmean": 0.00608864147216, "dmean2": 0.01147533115, "dvar": 0.000358261488145, "dvar2": 0.00103015673812, "max": 0.104863591492, "mean": 0.00437034480274, "median": 0.000976301264018, "min": 3.68431389466e-22, "var": 0.000202202907531}, "spectral_entropy": {"dmean": 0.259119719267, "dmean2": 0.367931246758, "dvar": 0.210642874241, "dvar2": 0.395147174597, "max": 9.81854343414, "mean": 7.97515964508, "median": 8.23474979401, "min": 5.01001644135, "var": 0.520989537239}, "spectral_flux": {"dmean": 0.0622471049428, "dmean2": 0.101147510111, "dvar": 0.0142027698457, "dvar2": 0.0261413771659, "max": 0.655003666878, "mean": 0.103773385286, "median": 0.0253909509629, "min": 1.04988802374e-10, "var": 0.0265559069812}, "spectral_kurtosis": {"dmean": 0.973422765732, "dmean2": 1.4527823925, "dvar": 4.73076295853, "dvar2": 11.0734701157, "max": 21.4330482483, "mean": 1.0648714304, "median": 0.257122755051, "min": -1.21023356915, "var": 6.27777433395}, "spectral_rms": {"dmean": 0.0018836283125, "dmean2": 0.00252626161091, "dvar": 1.31747237901e-05, "dvar2": 2.05335109058e-05, "max": 0.0220447592437, "mean": 0.00408449070528, "median": 0.00172335840762, "min": 3.27929914126e-12, "var": 3.02753778669e-05}, "spectral_rolloff": {"dmean": 808.143554688, "dmean2": 1251.53430176, "dvar": 2693158.25, "dvar2": 4417956, "max": 18647.7539062, "mean": 5549.85009766, "median": 6912.15820312, "min": 64.599609375, "var": 15741761}, "spectral_skewness": {"dmean": 0.251178443432, "dmean2": 0.349896252155, "dvar": 0.180738523602, "dvar2": 0.376057595015, "max": 4.3699631691, "mean": 0.849612772465, "median": 0.752064466476, "min": -0.0142648238689, "var": 0.502813875675}, "spectral_spread": {"dmean": 954399.0625, "dmean2": 1371431.75, "dvar": 1992119812100.0, "dvar2": 4362633478140.0, "max": 41141012, "mean": 9267247, "median": 9551185, "min": 2642683.5, "var": 4969832382460.0}, "spectral_strongpeak": {"dmean": 0.604026079178, "dmean2": 0.97373265028, "dvar": 1.37561404705, "dvar2": 3.44848203659, "max": 8.64476394653, "mean": 1.04535603523, "median": 0.337716341019, "min": 2.35670016835e-09, "var": 2.31742787361}, "zerocrossingrate": {"dmean": 0.0238308981061, "dmean2": 0.0229574795812, "dvar": 0.000918373058084, "dvar2": 0.000675665040035, "max": 0.5068359375, "mean": 0.177233025432, "median": 0.19091796875, "min": 0.001953125, "var": 0.0122517505661}, "barkbands": {"dmean": [0.00191442877986, 0.0301873404533, 0.0120341116562, 0.00371920643374, 0.0018276917981, 0.000525962735992, 5.26997027919e-05, 8.10449128039e-05, 3.02790795104e-05, 1.73789012479e-05, 2.70851105597e-05, 1.6262054487e-05, 2.76085957012e-05, 8.71861120686e-05, 6.97003633832e-05, 9.34928684728e-05, 0.000135188543936, 0.000172178901266, 0.000158644179464, 0.000182218616828, 0.00030680798227, 0.000366837746697, 0.000229907673202, 0.00013469014084, 4.97326327604e-05, 2.39787368628e-05, 1.25086880871e-05], "dmean2": [0.00308417878114, 0.0435342527926, 0.0231163892895, 0.00715725822374, 0.00339298718609, 0.000950284593273, 8.09475313872e-05, 0.000110424298327, 4.28436978837e-05, 2.44143375312e-05, 3.91569992644e-05, 2.60066426563e-05, 4.31040971307e-05, 0.000152736611199, 0.000115835980978, 0.000148330625962, 0.000222770278924, 0.000280602456769, 0.000252684520092, 0.000291286880383, 0.000493451778311, 0.00062043115031, 0.000330342445523, 0.000221561625949, 6.84421393089e-05, 3.36549019266e-05, 1.95645206986e-05], "dvar": [2.63818947133e-05, 0.0056039346382, 0.00162143039051, 0.000154612207552, 3.30562470481e-05, 1.58713248766e-06, 1.55796264778e-08, 2.10571489134e-08, 3.42034001122e-09, 1.47926426664e-09, 2.04045558228e-09, 1.14235654269e-09, 2.86981793884e-09, 7.78554039016e-08, 4.69423824256e-08, 9.57163734938e-08, 2.18796770923e-07, 3.58931941946e-07, 3.23275173741e-07, 4.23895897939e-07, 1.26688064483e-06, 1.87485466085e-06, 2.82490447034e-07, 1.41923095498e-07, 1.15918039612e-08, 2.06878625342e-09, 1.61094559914e-09], "dvar2": [6.53717434034e-05, 0.00952205900103, 0.00470579881221, 0.000449211307568, 9.37551158131e-05, 4.42793907496e-06, 3.44982957756e-08, 4.16604670761e-08, 7.26642168658e-09, 3.14656345424e-09, 3.68247765614e-09, 2.66877209221e-09, 6.44052988719e-09, 2.12693421986e-07, 1.21647190099e-07, 2.3218414924e-07, 5.6660780956e-07, 8.29938699098e-07, 7.91538354861e-07, 1.03223214865e-06, 3.07456980408e-06, 5.0754597396e-06, 5.63279513699e-07, 3.71014834855e-07, 2.50803680046e-08, 3.90104260006e-09, 3.98284072389e-09], "max": [0.0292511992157, 0.40332749486, 0.218483626842, 0.0690929889679, 0.0375509746373, 0.0106991063803, 0.00316572468728, 0.00178633152973, 0.00107142154593, 0.000865217822138, 0.000629857357126, 0.000346748682205, 0.000574383011553, 0.00204861559905, 0.00156726897694, 0.0021599677857, 0.00381069933064, 0.00386059982702, 0.00391873857006, 0.00433812430128, 0.00839997362345, 0.00980770867318, 0.0038567786105, 0.00273336702958, 0.000878318271134, 0.000338972895406, 0.000293226825306], "mean": [0.00161617912818, 0.0328625552356, 0.00687223812565, 0.00216987566091, 0.00141835107934, 0.000447297061328, 9.86757222563e-05, 0.000173773805727, 5.96644858888e-05, 3.73190305254e-05, 5.06913966092e-05, 2.23512215598e-05, 3.80231540476e-05, 7.35828580218e-05, 6.59089855617e-05, 8.34185775602e-05, 0.000109538188553, 0.000144645862747, 0.000126725295559, 0.000149376151967, 0.000252063648077, 0.000341920007486, 0.000475756532978, 0.000240755616687, 0.000123561549117, 6.16040269961e-05, 1.60112085723e-05], "median": [3.96932819058e-07, 6.6057082222e-06, 9.73212536337e-06, 2.08986675716e-05, 0.000216348635149, 8.64898174768e-05, 3.0459563277e-05, 4.07136940339e-05, 1.8536899006e-05, 1.15793227451e-05, 1.83526808542e-05, 8.33574540593e-06, 1.09111851998e-05, 7.42903148421e-06, 7.67453548178e-06, 6.99177689967e-06, 5.51788707526e-06, 7.72542625782e-06, 3.93520485886e-06, 6.11355062574e-06, 1.34406272991e-05, 7.5548516179e-05, 0.000248019816354, 0.000123034929857, 7.05790953361e-05, 3.87682230212e-05, 6.23785945209e-06], "min": [4.87793481807e-24, 1.22973246707e-23, 7.51656489437e-24, 2.01968132981e-24, 3.9807682015e-23, 5.88772710608e-23, 3.65258786543e-23, 4.23611364128e-23, 1.78504897137e-22, 6.97691429989e-23, 6.32465065575e-23, 7.37001441747e-23, 1.53176656064e-22, 4.02199533458e-23, 1.44336706003e-22, 9.86019207323e-23, 2.34851716984e-22, 2.11265874013e-22, 2.76040353657e-22, 2.56162977355e-22, 4.78503789523e-22, 5.32500094173e-22, 6.98503489716e-22, 9.22876180384e-22, 1.1908261533e-21, 1.69954374463e-21, 2.81750944255e-21], "var": [2.37829208345e-05, 0.0079303663224, 0.000899917969946, 8.44642199809e-05, 1.91811286641e-05, 1.04128741896e-06, 3.90504055758e-08, 7.26675608576e-08, 1.1264646993e-08, 5.01643082629e-09, 6.03454664017e-09, 1.33888300446e-09, 4.4135557431e-09, 5.46869607376e-08, 3.76971769356e-08, 8.602003021e-08, 1.71276155925e-07, 3.22209956494e-07, 2.73690318409e-07, 3.66862735746e-07, 1.07179607767e-06, 1.33844764605e-06, 4.22376785991e-07, 1.40234448054e-07, 2.22053451182e-08, 4.25279456095e-09, 1.44465717167e-09]}, "erbbands": {"dmean": [1.22781896591, 6.94730949402, 14.2867584229, 13.4385108948, 8.88033103943, 6.04601955414, 4.50368785858, 3.43587470055, 0.817447185516, 0.92362344265, 1.72304701805, 0.647427856922, 0.481936693192, 0.901017189026, 0.681153535843, 0.672005832195, 1.22563517094, 3.36131596565, 3.52044320107, 4.89948511124, 5.65449666977, 8.06535148621, 8.04768657684, 10.2885551453, 7.59782838821, 8.82831382751, 12.067191124, 13.0027561188, 12.1903266907, 8.47930526733, 5.65612268448, 4.2591547966, 1.44835484028, 0.66061347723, 0.325219720602, 0.137452080846, 0.0467418543994, 0.00945204403251, 0.00198741373606, 0.000186810881132], "dmean2": [1.75784182549, 9.82145500183, 26.2792186737, 25.7879180908, 16.7748661041, 11.2543706894, 7.93726921082, 6.27601099014, 1.31216239929, 1.4215297699, 2.25706720352, 0.958910048008, 0.709674537182, 1.30357289314, 1.0011922121, 1.07837665081, 1.954631567, 5.8010020256, 5.87928628922, 8.14771938324, 9.15755939484, 13.4855384827, 13.0494318008, 15.8992481232, 12.4873743057, 13.7571783066, 19.4667015076, 20.9437465668, 20.558506012, 12.7158842087, 8.01749038696, 6.74976062775, 2.23093104362, 0.949749648571, 0.463692784309, 0.192854985595, 0.0691844373941, 0.0137252099812, 0.00307634938508, 0.000295330100926], "dvar": [8.947057724, 311.703155518, 2105.97192383, 2000.84680176, 818.111572266, 362.425048828, 105.433425903, 71.9002532959, 4.84579706192, 3.1399230957, 8.8897190094, 1.74096357822, 0.854092657566, 2.38930702209, 1.17326509953, 1.86048340797, 7.39591217041, 99.9957351685, 123.440818787, 260.107513428, 362.757354736, 796.482055664, 737.799560547, 1329.52844238, 793.664794922, 969.480712891, 2034.88623047, 2230.98999023, 2066.34350586, 590.962158203, 171.184783936, 142.916244507, 12.1170291901, 2.07723665237, 0.468124657869, 0.0503937490284, 0.00970710907131, 0.000647284847219, 4.01884681196e-05, 2.63045137672e-07], "dvar2": [17.6157207489, 675.885253906, 5975.61376953, 5801.70166016, 2351.59204102, 1025.36755371, 286.937133789, 201.791625977, 11.0327482224, 7.72095012665, 15.7130441666, 4.16936016083, 2.03194236755, 4.43244504929, 2.40231895447, 4.13105201721, 17.7417469025, 268.012786865, 319.199920654, 681.182922363, 934.28314209, 2070.08276367, 1748.40783691, 3046.09985352, 2015.28198242, 2280.48388672, 5084.81884766, 5407.94042969, 5564.41699219, 1420.32910156, 352.431915283, 366.265319824, 30.47889328, 4.7908949852, 0.982619822025, 0.0836567655206, 0.0230841804296, 0.00152485864237, 9.78650932666e-05, 6.60549233089e-07], "max": [16.5592193604, 99.916885376, 250.938674927, 242.069885254, 177.77571106, 110.586799622, 80.6516876221, 63.7127304077, 56.9619979858, 23.639093399, 42.0134429932, 23.1631183624, 15.3574113846, 21.7559757233, 14.8764352798, 14.3357496262, 22.0371246338, 76.2510528564, 81.0550384521, 116.552131653, 136.837585449, 220.658508301, 186.664962769, 261.015106201, 192.050216675, 212.346542358, 338.012634277, 332.557342529, 320.463500977, 180.032348633, 97.8206863403, 88.1894302368, 25.3831787109, 11.6153736115, 5.50877809525, 1.742852211, 0.784640610218, 0.199673563242, 0.0482153967023, 0.00394688267261], "mean": [1.1891541481, 6.31527471542, 8.92081737518, 7.85702514648, 5.97044467926, 4.57822036743, 4.31570863724, 2.76626443863, 1.30536139011, 2.05581688881, 3.88800191879, 1.28740417957, 1.02495133877, 1.9423635006, 1.24724674225, 0.990829408169, 1.55999135971, 3.0615105629, 3.22749686241, 4.33980369568, 4.94087934494, 6.5113697052, 6.91083335876, 8.62568759918, 5.84679889679, 7.46901082993, 9.48116493225, 10.9479894638, 11.16401577, 14.9752779007, 10.6478748322, 6.70586156845, 3.1680662632, 1.58955335617, 0.794718742371, 0.35021468997, 0.0992320328951, 0.0171901304275, 0.00267207366414, 0.000232514663367], "median": [6.9477580837e-05, 0.00204458669759, 0.0155187211931, 0.0534692332149, 0.409935355186, 0.517836093903, 1.02871203423, 0.55046248436, 0.479672282934, 0.645050764084, 1.17571902275, 0.460835158825, 0.431934118271, 0.756767332554, 0.530023872852, 0.387241154909, 0.477385848761, 0.465880841017, 0.379465013742, 0.345222949982, 0.493478536606, 0.422069400549, 0.544562280178, 0.268037497997, 0.190174669027, 0.298129349947, 0.340673804283, 0.73227673769, 2.16316795349, 7.16853094101, 5.28753662109, 3.23452329636, 1.73386931419, 0.910665690899, 0.415437757969, 0.227991148829, 0.0542573072016, 0.00918778218329, 0.00106427771971, 9.97989263851e-05], "min": [3.86467248871e-22, 2.71523166982e-21, 9.96219413593e-21, 7.06265790147e-21, 3.00095019315e-20, 2.11275900044e-19, 3.84232373867e-19, 4.5982747947e-19, 4.16182871262e-19, 8.95956751379e-19, 1.80222244794e-18, 4.27871951784e-18, 1.16313784699e-18, 2.83985207719e-18, 4.41678878337e-18, 2.48003595535e-18, 7.22964788922e-18, 2.34033073336e-18, 3.9475747168e-18, 8.37542786805e-18, 8.10646016571e-18, 1.26541734421e-17, 1.12265606208e-17, 1.29848984489e-17, 1.68070428064e-17, 8.92560223707e-18, 1.59832949934e-17, 1.97988674008e-17, 2.25512562952e-17, 1.49170012811e-17, 2.4266276329e-17, 1.60991846515e-17, 1.86201962393e-17, 1.41345066196e-17, 7.86274215157e-18, 6.15696503394e-18, 3.30162234542e-18, 1.55457563608e-18, 3.89787124325e-19, 3.76365595436e-20], "var": [11.1268587112, 344.7237854, 1273.18713379, 1112.49914551, 458.050964355, 210.914215088, 74.9883041382, 45.0914001465, 10.2570962906, 7.83945226669, 35.5557136536, 4.39847517014, 2.17722725868, 8.67205238342, 3.2014503479, 2.45775294304, 8.50645065308, 75.9567260742, 96.5140457153, 199.235900879, 299.244171143, 607.740356445, 651.526977539, 1233.55163574, 625.008239746, 889.709960938, 1647.22375488, 1900.75646973, 1493.22888184, 626.77355957, 240.563369751, 134.111785889, 17.2134971619, 3.67896199226, 0.908295512199, 0.127543285489, 0.0138270352036, 0.00075439788634, 3.69026893168e-05, 2.21952106472e-07]}, "gfcc": {"mean": [-84.5536193848, -4.24329853058, -60.0743217468, 25.7123889923, -79.7075653076, 20.2690048218, -52.1167564392, -6.58751106262, -18.2485942841, -6.71818304062, -21.877117157, 6.39744949341, -16.3722267151], "cov": [[6967.76416016, 2508.58666992, -677.169494629, 438.130310059, 1036.67321777, 31.0506591797, 268.554870605, 464.591308594, 219.100708008, -21.115442276, 123.96232605, -118.552719116, -48.6287956238], [2508.58666992, 3926.05786133, 922.619567871, 227.317489624, 1069.92822266, 619.149108887, 570.739746094, 590.351928711, 515.104553223, 47.1835174561, 255.514770508, 52.3641242981, 37.6823768616], [-677.169494629, 922.619567871, 1399.07092285, 416.756866455, 190.481811523, 405.948883057, 291.011260986, 98.2558135986, 181.735366821, 70.8257675171, 98.6267929077, 50.9917030334, 60.7361526489], [438.130310059, 227.317489624, 416.756866455, 578.453430176, 421.257141113, 152.67401123, 207.168884277, 97.1449584961, 128.949035645, 95.0858535767, 76.353225708, -11.4281663895, 72.4965057373], [1036.67321777, 1069.92822266, 190.481811523, 421.257141113, 758.62310791, 344.275238037, 343.976379395, 317.615600586, 308.207641602, 127.876335144, 155.890426636, 18.9395141602, 60.6954841614], [31.0506591797, 619.149108887, 405.948883057, 152.67401123, 344.275238037, 390.069610596, 273.70614624, 230.712234497, 238.420379639, 122.434860229, 115.231437683, 51.9776115417, 28.4760875702], [268.554870605, 570.739746094, 291.011260986, 207.168884277, 343.976379395, 273.70614624, 280.039672852, 230.763687134, 224.262649536, 116.360832214, 119.626251221, 29.1729049683, 32.6026802063], [464.591308594, 590.351928711, 98.2558135986, 97.1449584961, 317.615600586, 230.712234497, 230.763687134, 305.208557129, 265.186859131, 109.029495239, 103.623634338, 44.9409675598, 16.2308959961], [219.100708008, 515.104553223, 181.735366821, 128.949035645, 308.207641602, 238.420379639, 224.262649536, 265.186859131, 282.90057373, 141.646957397, 113.307106018, 48.6812782288, 38.1688575745], [-21.115442276, 47.1835174561, 70.8257675171, 95.0858535767, 127.876335144, 122.434860229, 116.360832214, 109.029495239, 141.646957397, 133.258560181, 89.4994049072, 29.1973152161, 34.0823402405], [123.96232605, 255.514770508, 98.6267929077, 76.353225708, 155.890426636, 115.231437683, 119.626251221, 103.623634338, 113.307106018, 89.4994049072, 114.905982971, 56.481464386, 36.0136108398], [-118.552719116, 52.3641242981, 50.9917030334, -11.4281663895, 18.9395141602, 51.9776115417, 29.1729049683, 44.9409675598, 48.6812782288, 29.1973152161, 56.481464386, 96.8106842041, 60.7445335388], [-48.6287956238, 37.6823768616, 60.7361526489, 72.4965057373, 60.6954841614, 28.4760875702, 32.6026802063, 16.2308959961, 38.1688575745, 34.0823402405, 36.0136108398, 60.7445335388, 95.2861938477]], "icov": [[0.000626446388196, -0.00135593477171, 0.00294088362716, -0.00472502782941, 0.00461086444557, -0.00362200336531, 0.00160099193454, 0.000384267244954, -0.00223187054507, 0.00381737970747, -0.00326419086196, 0.00184095581062, -0.000302809581626], [-0.00135593477171, 0.00514622684568, -0.0109056979418, 0.0174931120127, -0.0187240820378, 0.0142571134493, -0.00406042858958, -0.00591324223205, 0.0112040555105, -0.0126491840929, 0.00908059347421, -0.00376251759008, -1.93650867004e-05], [0.00294088362716, -0.0109056979418, 0.0284919496626, -0.04429872334, 0.0486742854118, -0.0403085127473, 0.0108110541478, 0.0182372648269, -0.0373717993498, 0.0461563766003, -0.0331564247608, 0.0162396710366, -0.00376811111346], [-0.00472502782941, 0.0174931120127, -0.04429872334, 0.074117988348, -0.0792274177074, 0.0647910535336, -0.0232511293143, -0.023657111451, 0.0575376339257, -0.0739070549607, 0.0553198307753, -0.0265086330473, 0.00498316902667], [0.00461086444557, -0.0187240820378, 0.0486742854118, -0.0792274177074, 0.0911649242043, -0.0733830034733, 0.0227757338434, 0.0280973296613, -0.0683019757271, 0.0875320285559, -0.0668151378632, 0.0368234328926, -0.0118787297979], [-0.00362200336531, 0.0142571134493, -0.0403085127473, 0.0647910535336, -0.0733830034733, 0.0720008686185, -0.0312778055668, -0.0205391906202, 0.0551486052573, -0.0787696316838, 0.0637049973011, -0.0394871942699, 0.0155173093081], [0.00160099193454, -0.00406042858958, 0.0108110541478, -0.0232511293143, 0.0227757338434, -0.0312778055668, 0.0436163395643, -0.0125802000985, -0.013771969825, 0.0312695577741, -0.0420088917017, 0.0321838334203, -0.0150268450379], [0.000384267244954, -0.00591324223205, 0.0182372648269, -0.023657111451, 0.0280973296613, -0.0205391906202, -0.0125802000985, 0.0511142276227, -0.055346865207, 0.0351963937283, -0.0107936309651, -0.00607191259041, 0.0102787772194], [-0.00223187054507, 0.0112040555105, -0.0373717993498, 0.0575376339257, -0.0683019757271, 0.0551486052573, -0.013771969825, -0.055346865207, 0.102365858853, -0.0984181016684, 0.0616514757276, -0.0300586540252, 0.00569954840466], [0.00381737970747, -0.0126491840929, 0.0461563766003, -0.0739070549607, 0.0875320285559, -0.0787696316838, 0.0312695577741, 0.0351963937283, -0.0984181016684, 0.143082603812, -0.108044721186, 0.0641966983676, -0.0269940625876], [-0.00326419086196, 0.00908059347421, -0.0331564247608, 0.0553198307753, -0.0668151378632, 0.0637049973011, -0.0420088917017, -0.0107936309651, 0.0616514757276, -0.108044721186, 0.113117843866, -0.0720007121563, 0.0306194014847], [0.00184095581062, -0.00376251759008, 0.0162396710366, -0.0265086330473, 0.0368234328926, -0.0394871942699, 0.0321838334203, -0.00607191259041, -0.0300586540252, 0.0641966983676, -0.0720007121563, 0.0724705010653, -0.0392963513732], [-0.000302809581626, -1.93650867004e-05, -0.00376811111346, 0.00498316902667, -0.0118787297979, 0.0155173093081, -0.0150268450379, 0.0102787772194, 0.00569954840466, -0.0269940625876, 0.0306194014847, -0.0392963513732, 0.0361290127039]]}, "melbands": {"dmean": [0.00914956070483, 0.00785327982157, 0.00227086432278, 0.000515510037076, 0.000169732593349, 8.10882920632e-05, 1.14831454994e-05, 1.26075246953e-05, 1.22392166304e-05, 3.95803408537e-06, 2.56424755207e-06, 3.61740103472e-06, 2.71092244475e-06, 1.8389748675e-06, 2.00845147447e-06, 3.44394470631e-06, 7.0084743129e-06, 6.28787711321e-06, 6.27517465546e-06, 5.69750045543e-06, 7.05164438841e-06, 8.31547640701e-06, 7.84554686106e-06, 7.40723862691e-06, 8.71765678312e-06, 5.34479386261e-06, 5.66954895476e-06, 5.82449683861e-06, 7.0785963544e-06, 8.2258702605e-06, 7.82646202424e-06, 7.85742486187e-06, 5.39608890904e-06, 4.72816918773e-06, 3.63410003956e-06, 3.46860838363e-06, 2.32489196605e-06, 1.04863909201e-06, 7.79041670285e-07, 5.34123671514e-07], "dmean2": [0.0130587667227, 0.0127789573744, 0.00434503471479, 0.000968570297118, 0.000302501430269, 0.000147672617459, 1.82844923984e-05, 1.86987181223e-05, 1.59871124197e-05, 5.8739369706e-06, 3.73479929294e-06, 5.19876448379e-06, 4.01219722335e-06, 2.84221096081e-06, 3.19464561471e-06, 5.38887161383e-06, 1.2265721125e-05, 1.06971847345e-05, 1.04739165181e-05, 8.99967290025e-06, 1.16986584544e-05, 1.40384154292e-05, 1.28731953737e-05, 1.1905402971e-05, 1.34382989927e-05, 8.83533084561e-06, 9.32614238991e-06, 9.04938224267e-06, 1.13640453492e-05, 1.40107240441e-05, 1.22120272863e-05, 1.34778292704e-05, 8.88656813913e-06, 6.95210292179e-06, 5.24754568687e-06, 5.55698898097e-06, 3.83332326237e-06, 1.59676949352e-06, 1.2421082829e-06, 8.01991802746e-07], "dvar": [0.000494809472002, 0.000492018240038, 5.58250249014e-05, 2.76408673017e-06, 1.65199580238e-07, 3.96048953633e-08, 9.01094865391e-10, 5.19902676466e-10, 4.02323591109e-10, 6.79151179739e-11, 2.49599507729e-11, 3.91737475791e-11, 1.77196105011e-11, 1.08446055955e-11, 1.85623322269e-11, 6.07217887083e-11, 4.60041865713e-10, 4.05871697362e-10, 3.79562103969e-10, 3.49967194113e-10, 5.85876569481e-10, 8.72346084257e-10, 7.03510250055e-10, 6.54506115971e-10, 9.67717905809e-10, 3.93749866046e-10, 4.44408981837e-10, 4.11813694257e-10, 6.90754287103e-10, 1.0035596798e-09, 7.91904875008e-10, 8.950650221e-10, 3.64167168643e-10, 1.35459130024e-10, 4.93644361499e-11, 9.41967406853e-11, 3.89310285398e-11, 5.45791146653e-12, 2.98332539228e-12, 1.19666418701e-12], "dvar2": [0.00083544588415, 0.00128116132692, 0.000161595176905, 7.90679951024e-06, 4.50759642945e-07, 1.11037557815e-07, 2.06441352901e-09, 1.1987197901e-09, 7.22167936562e-10, 1.59750046524e-10, 5.81734001248e-11, 7.37766722714e-11, 3.52796368508e-11, 2.53470543166e-11, 4.48923884178e-11, 1.41091180406e-10, 1.2457094245e-09, 1.07330810906e-09, 9.91783211113e-10, 8.23082879631e-10, 1.5609744608e-09, 2.30039498561e-09, 1.76081005332e-09, 1.4749008681e-09, 2.25820007138e-09, 1.00141628323e-09, 1.14350673375e-09, 9.43935485331e-10, 1.72503267226e-09, 2.62700905473e-09, 1.87018645015e-09, 2.4354478434e-09, 9.63701007883e-10, 2.91264345975e-10, 8.34703417496e-11, 2.34191277482e-10, 1.01394732888e-10, 1.32555858651e-11, 7.52695735601e-12, 2.74515544844e-12], "max": [0.117586813867, 0.123914301395, 0.0401297099888, 0.0106302257627, 0.00261482945643, 0.00155844260007, 0.000757317000534, 0.000297974591376, 0.000276985520031, 0.000172429412487, 8.9886256319e-05, 0.000105218954559, 4.88379082526e-05, 3.09005081363e-05, 4.39767864009e-05, 7.14527704986e-05, 0.000162372612976, 0.000154641325935, 0.000133852052386, 0.000140097501571, 0.000170549406903, 0.000246351730311, 0.000175605047843, 0.000171228617546, 0.000231293175602, 0.000136657923576, 0.000145693746163, 0.000134761256049, 0.000192647188669, 0.000244738388574, 0.00020309057436, 0.000207371427678, 0.000138622766826, 8.45537215355e-05, 4.97799628647e-05, 7.30025276425e-05, 4.66600358777e-05, 1.77290930878e-05, 1.31718725243e-05, 9.0752973847e-06], "mean": [0.00976553093642, 0.00602862006053, 0.0013531538425, 0.000366529915482, 0.000156412657816, 6.68968787068e-05, 1.95923421416e-05, 2.83604495053e-05, 2.78819425148e-05, 7.16940894563e-06, 5.44390240975e-06, 8.08909953776e-06, 5.06608512296e-06, 2.68353096544e-06, 2.68117537416e-06, 4.19260322815e-06, 6.0870361267e-06, 5.45896864423e-06, 5.88745433561e-06, 5.14164730703e-06, 5.93308504904e-06, 6.49120283924e-06, 6.51925256534e-06, 6.43804378342e-06, 7.18871660865e-06, 4.09536005463e-06, 4.33012974099e-06, 5.03697174281e-06, 5.59450245419e-06, 6.11068526268e-06, 6.71922543916e-06, 6.57803775539e-06, 5.85268480791e-06, 1.04522614492e-05, 6.77598791299e-06, 5.22548089066e-06, 3.64700053979e-06, 2.33802938965e-06, 1.61920877417e-06, 1.23137135688e-06], "median": [1.10101370865e-06, 5.21350784766e-06, 2.49345521297e-05, 3.07585760311e-05, 4.59701659565e-05, 1.29707141241e-05, 7.05683623892e-06, 7.61249975767e-06, 8.91612398846e-06, 2.08408937397e-06, 2.20828701458e-06, 3.00964302369e-06, 1.97087206288e-06, 9.38695052355e-07, 8.44123633215e-07, 8.17113914309e-07, 6.79794311509e-07, 5.53605730147e-07, 5.44114698187e-07, 3.15617342039e-07, 5.66079393138e-07, 3.42022445921e-07, 4.96306029163e-07, 3.55819224751e-07, 1.65559299603e-07, 1.34934779794e-07, 1.11329271135e-07, 1.98029695753e-07, 1.91029471353e-07, 3.18777694019e-07, 3.60635254992e-07, 9.58920395533e-07, 1.72788554664e-06, 5.46511637367e-06, 3.35070194524e-06, 2.30657246902e-06, 1.86679892522e-06, 1.20282368243e-06, 9.56093572313e-07, 6.76920819842e-07], "min": [3.64859922692e-24, 4.59652920052e-24, 1.56105219344e-24, 7.70816027558e-24, 1.24694241435e-23, 1.00541821206e-23, 6.81318259025e-24, 9.06497736674e-24, 2.144185156e-23, 2.39682795831e-23, 4.42720809582e-24, 1.11039248492e-23, 1.15822475037e-23, 1.05421367667e-23, 9.47386606202e-24, 1.501242219e-23, 2.81508465295e-24, 5.29909187815e-24, 1.14544062831e-23, 8.25938472172e-24, 1.06176914976e-23, 1.54023703349e-23, 8.40776235824e-24, 1.03107244202e-23, 1.03461529523e-23, 1.2335690132e-23, 1.19628089927e-23, 4.03856748782e-24, 1.04152232465e-23, 1.04904111571e-23, 1.03932597812e-23, 1.27220465932e-23, 9.95056287413e-24, 7.33038819871e-24, 1.43570744152e-23, 1.13507759925e-23, 9.22121836876e-24, 1.06545857333e-23, 1.56312393939e-23, 1.10750194079e-23], "var": [0.000702790799551, 0.000394075643271, 3.10745854222e-05, 1.5614853055e-06, 1.11260298752e-07, 2.51973570897e-08, 1.97459315565e-09, 1.56294166498e-09, 1.60909341407e-09, 1.74927836105e-10, 6.82100834148e-11, 1.56398255458e-10, 5.17287671031e-11, 1.59803108246e-11, 2.67834036199e-11, 7.53560755462e-11, 3.42584238755e-10, 3.01861952101e-10, 3.03153169234e-10, 3.19200027521e-10, 4.56194998444e-10, 6.42984665511e-10, 5.84462200859e-10, 6.11024231212e-10, 8.78234263091e-10, 3.07807529465e-10, 3.45442618954e-10, 3.92746030142e-10, 5.64658708679e-10, 7.28946514261e-10, 7.11611991555e-10, 6.24059748322e-10, 2.80278467102e-10, 1.92275959043e-10, 8.56026777241e-11, 8.83497094928e-11, 3.6846165008e-11, 8.85489771785e-12, 4.21999241107e-12, 2.19465699954e-12]}, "mfcc": {"mean": [-746.503234863, 43.011631012, 58.9485969543, 3.34964704514, 3.73070669174, 11.3766813278, -20.8113670349, 6.87139177322, -10.3800020218, -4.03073596954, -5.57007598877, -6.75918340683, -4.05257749557], "cov": [[7365.6875, 1721.28283691, -1388.23046875, 553.536865234, 524.691101074, -112.040298462, 224.114364624, 219.973114014, 179.871276855, 128.663223267, 185.40246582, 149.128921509, -80.3592834473], [1721.28283691, 3301.50952148, 462.307830811, 174.453201294, 646.893920898, 288.396850586, 391.437225342, 612.729370117, 348.528686523, 360.738586426, 368.693206787, 199.227172852, 152.789764404], [-1388.23046875, 462.307830811, 1264.50183105, 161.17477417, 85.9574966431, 257.302734375, 138.207275391, 148.002944946, 77.0512084961, 100.825218201, 62.4969711304, 0.48012265563, 70.8569564819], [553.536865234, 174.453201294, 161.17477417, 498.753936768, 274.149993896, 179.282363892, 157.129272461, 76.0736465454, 132.007919312, 102.384590149, 51.1411361694, 63.584312439, 42.6078491211], [524.691101074, 646.893920898, 85.9574966431, 274.149993896, 382.250274658, 232.209915161, 199.065872192, 219.287002563, 205.969360352, 184.349578857, 145.296417236, 116.049972534, 105.684776306], [-112.040298462, 288.396850586, 257.302734375, 179.282363892, 232.209915161, 260.960998535, 183.180831909, 126.175010681, 127.918525696, 141.177032471, 92.0671081543, 59.2381095886, 80.9044952393], [224.114364624, 391.437225342, 138.207275391, 157.129272461, 199.065872192, 183.180831909, 193.869842529, 152.680221558, 113.840103149, 136.511154175, 111.281578064, 62.2064743042, 73.0866928101], [219.973114014, 612.729370117, 148.002944946, 76.0736465454, 219.287002563, 126.175010681, 152.680221558, 255.41065979, 179.920166016, 146.727493286, 150.430786133, 117.836868286, 102.667892456], [179.871276855, 348.528686523, 77.0512084961, 132.007919312, 205.969360352, 127.918525696, 113.840103149, 179.920166016, 214.364120483, 171.931671143, 118.089698792, 113.660797119, 108.152893066], [128.663223267, 360.738586426, 100.825218201, 102.384590149, 184.349578857, 141.177032471, 136.511154175, 146.727493286, 171.931671143, 232.916519165, 165.457458496, 78.8839263916, 98.8431549072], [185.40246582, 368.693206787, 62.4969711304, 51.1411361694, 145.296417236, 92.0671081543, 111.281578064, 150.430786133, 118.089698792, 165.457458496, 196.971130371, 110.963302612, 67.7319564819], [149.128921509, 199.227172852, 0.48012265563, 63.584312439, 116.049972534, 59.2381095886, 62.2064743042, 117.836868286, 113.660797119, 78.8839263916, 110.963302612, 137.688247681, 75.9885025024], [-80.3592834473, 152.789764404, 70.8569564819, 42.6078491211, 105.684776306, 80.9044952393, 73.0866928101, 102.667892456, 108.152893066, 98.8431549072, 67.7319564819, 75.9885025024, 114.6665802]], "icov": [[0.00033262008219, -0.000209174744668, 0.00038488584687, -0.000398251984734, -0.000128403306007, 0.000720049836673, -0.000765393080655, 0.000331638351781, -0.000294962170301, 0.000170559884282, -0.000105315899418, -2.1871217541e-05, 0.000431073160144], [-0.000209174744668, 0.00104806071613, -0.000937466626056, 0.00150657538325, -0.00307379243895, 0.00246390327811, -0.00176023866516, -0.00041297043208, 0.000780338654295, -0.0011185874464, 0.00111372023821, -0.000872254255228, 0.00121106533334], [0.00038488584687, -0.000937466626056, 0.00341123901308, -0.00444206036627, 0.00756139587611, -0.00883489754051, 0.0082630366087, -0.00789070129395, 0.00406419765204, -0.00151989213191, -0.000486973905936, 0.00220182025805, -0.00157037877943], [-0.000398251984734, 0.00150657538325, -0.00444206036627, 0.011566285044, -0.0154917687178, 0.0149538833648, -0.0183900725096, 0.0170739665627, -0.0106376316398, 0.00462002353743, 0.000829674885608, -0.00367052876391, 0.00431536696851], [-0.000128403306007, -0.00307379243895, 0.00756139587611, -0.0154917687178, 0.0361590459943, -0.0334674529731, 0.0284603573382, -0.0267087686807, 0.00959081202745, -0.00472544087097, -0.00187970662955, 0.00542096653953, -0.00630458956584], [0.000720049836673, 0.00246390327811, -0.00883489754051, 0.0149538833648, -0.0334674529731, 0.0510304532945, -0.0486858896911, 0.0362143851817, -0.020659621805, 0.00821774639189, 0.000917512865271, -0.00583294546232, 0.00629764981568], [-0.000765393080655, -0.00176023866516, 0.0082630366087, -0.0183900725096, 0.0284603573382, -0.0486858896911, 0.0673635676503, -0.0492499656975, 0.0353858359158, -0.0212549176067, 0.00442201178521, 0.00408735871315, -0.00755828712136], [0.000331638351781, -0.00041297043208, -0.00789070129395, 0.0170739665627, -0.0267087686807, 0.0362143851817, -0.0492499656975, 0.0647367313504, -0.0493630841374, 0.0362372510135, -0.0242325793952, 0.00769309094176, -0.0036540676374], [-0.000294962170301, 0.000780338654295, 0.00406419765204, -0.0106376316398, 0.00959081202745, -0.020659621805, 0.0353858359158, -0.0493630841374, 0.0694553852081, -0.054480817169, 0.0397256612778, -0.0299819987267, 0.00543147372082], [0.000170559884282, -0.0011185874464, -0.00151989213191, 0.00462002353743, -0.00472544087097, 0.00821774639189, -0.0212549176067, 0.0362372510135, -0.054480817169, 0.0650943517685, -0.0518756397069, 0.0383005812764, -0.0189730413258], [-0.000105315899418, 0.00111372023821, -0.000486973905936, 0.000829674885608, -0.00187970662955, 0.000917512865271, 0.00442201178521, -0.0242325793952, 0.0397256612778, -0.0518756397069, 0.0561654828489, -0.0411961823702, 0.0197704937309], [-2.1871217541e-05, -0.000872254255228, 0.00220182025805, -0.00367052876391, 0.00542096653953, -0.00583294546232, 0.00408735871315, 0.00769309094176, -0.0299819987267, 0.0383005812764, -0.0411961823702, 0.0473423451185, -0.020999668166], [0.000431073160144, 0.00121106533334, -0.00157037877943, 0.00431536696851, -0.00630458956584, 0.00629764981568, -0.00755828712136, -0.0036540676374, 0.00543147372082, -0.0189730413258, 0.0197704937309, -0.020999668166, 0.0297028794885]]}, "spectral_contrast_coeffs": {"dmean": [0.0454981401563, 0.0353759415448, 0.0329848825932, 0.0320427641273, 0.0192325357348, 0.015711678192], "dmean2": [0.0655386298895, 0.0574281439185, 0.0508418343961, 0.0516761355102, 0.0317194201052, 0.023936431855], "dvar": [0.00247362209484, 0.00164407759439, 0.00126044091303, 0.00101948576048, 0.000431677297456, 0.000542286899872], "dvar2": [0.00587524473667, 0.0047283610329, 0.00265718437731, 0.00230430392548, 0.00109289621469, 0.000948166009039], "max": [-0.339287847281, -0.449372053146, -0.523716151714, -0.591318905354, -0.612247824669, -0.64344227314], "mean": [-0.581928372383, -0.697352290154, -0.764735758305, -0.769135832787, -0.80816078186, -0.810039758682], "median": [-0.566567718983, -0.699469149113, -0.762973427773, -0.776088356972, -0.813885688782, -0.816866636276], "min": [-0.967965126038, -0.993142127991, -0.988880395889, -0.961416065693, -0.961124181747, -0.961542487144], "var": [0.0102176219225, 0.00388485961594, 0.00352980964817, 0.00338769867085, 0.00118933897465, 0.0010814149864]}, "spectral_contrast_valleys": {"dmean": [0.622517645359, 0.448982834816, 0.458515018225, 0.466401696205, 0.375500828028, 0.233384072781], "dmean2": [0.868030428886, 0.668598532677, 0.67262417078, 0.657371163368, 0.490146845579, 0.323465198278], "dvar": [0.821995854378, 0.485552996397, 0.448990613222, 0.435999631882, 0.451170057058, 0.190683960915], "dvar2": [1.29161405563, 0.935134887695, 0.814582228661, 0.708054661751, 0.700925648212, 0.31658411026], "max": [-4.95473480225, -5.64997005463, -6.73610830307, -6.16012954712, -5.24715185165, -7.76009225845], "mean": [-9.48888683319, -8.65951919556, -9.46040534973, -9.79258537292, -9.05717754364, -9.43026924133], "median": [-9.89282989502, -8.46811008453, -9.26023864746, -9.77085208893, -9.23854160309, -9.40636444092], "min": [-27.2629