{"lowlevel": {"average_loudness": 0.88338714838, "barkbands_crest": {"dmean": 2.1655395031, "dmean2": 3.47252368927, "dvar": 5.70619773865, "dvar2": 14.9001617432, "max": 24.8158035278, "mean": 10.7122049332, "median": 10.0049037933, "min": 2.67287826538, "var": 15.6022453308}, "barkbands_flatness_db": {"dmean": 0.0280256774276, "dmean2": 0.0394344776869, "dvar": 0.00099944032263, "dvar2": 0.00207234243862, "max": 0.444464743137, "mean": 0.189700946212, "median": 0.184825077653, "min": 0.0272847991437, "var": 0.00493026291952}, "barkbands_kurtosis": {"dmean": 4.9684214592, "dmean2": 7.99118947983, "dvar": 108.478538513, "dvar2": 277.328735352, "max": 258.616851807, "mean": 8.15028858185, "median": 3.18295669556, "min": -1.8961648941, "var": 192.97618103}, "barkbands_skewness": {"dmean": 0.642648637295, "dmean2": 0.989552140236, "dvar": 0.730820715427, "dvar2": 1.78116464615, "max": 14.3224649429, "mean": 1.87723183632, "median": 1.54949712753, "min": -3.89567542076, "var": 2.13320732117}, "barkbands_spread": {"dmean": 5.00698661804, "dmean2": 7.63947916031, "dvar": 74.6286087036, "dvar2": 160.405487061, "max": 90.5714645386, "mean": 14.2952785492, "median": 11.3358640671, "min": 0.56581556797, "var": 156.800888062}, "dissonance": {"dmean": 0.0265578497201, "dmean2": 0.0437463335693, "dvar": 0.000626182940323, "dvar2": 0.00164288340602, "max": 0.499878197908, "mean": 0.4286262393, "median": 0.437218904495, "min": 0.137037247419, "var": 0.00202817679383}, "dynamic_complexity": 4.00444698334, "erbbands_crest": {"dmean": 2.07897233963, "dmean2": 3.24157571793, "dvar": 4.76387119293, "dvar2": 11.7433462143, "max": 30.2025279999, "mean": 10.188621521, "median": 9.38715076447, "min": 2.66763925552, "var": 18.2743320465}, "erbbands_flatness_db": {"dmean": 0.0273465570062, "dmean2": 0.0362092591822, "dvar": 0.000951574300416, "dvar2": 0.00175069319084, "max": 0.408028036356, "mean": 0.192748948932, "median": 0.190752580762, "min": 0.0367708355188, "var": 0.00432763667777}, "erbbands_kurtosis": {"dmean": 1.65058755875, "dmean2": 2.56961488724, "dvar": 9.15345478058, "dvar2": 21.5869998932, "max": 88.5056381226, "mean": 2.20232272148, "median": 0.604086399078, "min": -1.85867273808, "var": 23.8285655975}, "erbbands_skewness": {"dmean": 0.409895867109, "dmean2": 0.611476361752, "dvar": 0.211918652058, "dvar2": 0.494472503662, "max": 8.58579540253, "mean": 0.80282664299, "median": 0.664021193981, "min": -3.0241727829, "var": 1.0368719101}, "erbbands_spread": {"dmean": 9.45037555695, "dmean2": 13.9867963791, "dvar": 209.1927948, "dvar2": 428.541503906, "max": 184.524612427, "mean": 30.0755977631, "median": 23.1513156891, "min": 2.02809715271, "var": 463.806274414}, "hfc": {"dmean": 6.69981145859, "dmean2": 10.2901506424, "dvar": 151.233413696, "dvar2": 358.68762207, "max": 144.872024536, "mean": 17.4431877136, "median": 11.0879459381, "min": 1.24395854204e-16, "var": 322.049530029}, "melbands_crest": {"dmean": 2.38686347008, "dmean2": 3.78407287598, "dvar": 5.76754522324, "dvar2": 13.9029111862, "max": 30.01055336, "mean": 13.684044838, "median": 13.0798244476, "min": 2.00904417038, "var": 19.5998077393}, "melbands_flatness_db": {"dmean": 0.0322609879076, "dmean2": 0.0454052984715, "dvar": 0.00139021989889, "dvar2": 0.00290530524217, "max": 0.596063435078, "mean": 0.272773206234, "median": 0.268522411585, "min": 0.00569617329165, "var": 0.0074588470161}, "melbands_kurtosis": {"dmean": 9.40472221375, "dmean2": 14.8902854919, "dvar": 393.761016846, "dvar2": 947.651428223, "max": 508.298095703, "mean": 16.3111419678, "median": 6.89914131165, "min": -1.75296235085, "var": 718.111328125}, "melbands_skewness": {"dmean": 0.773679733276, "dmean2": 1.16695487499, "dvar": 1.08799493313, "dvar2": 2.50374650955, "max": 18.1314296722, "mean": 2.5064163208, "median": 2.0560901165, "min": -1.42624819279, "var": 3.01944470406}, "melbands_spread": {"dmean": 4.23750734329, "dmean2": 6.45256137848, "dvar": 44.7150917053, "dvar2": 103.908195496, "max": 182.072128296, "mean": 14.812040329, "median": 12.6202230453, "min": 0.579457342625, "var": 159.911071777}, "pitch_salience": {"dmean": 0.0626972168684, "dmean2": 0.0995936319232, "dvar": 0.00422583846375, "dvar2": 0.0106002110988, "max": 0.913329064846, "mean": 0.537768244743, "median": 0.533224761486, "min": 0.170124605298, "var": 0.0135129904374}, "silence_rate_20dB": {"dmean": 0, "dmean2": 0, "dvar": 0, "dvar2": 0, "max": 1, "mean": 1, "median": 1, "min": 1, "var": 0}, "silence_rate_30dB": {"dmean": 0.0449079759419, "dmean2": 0.0898269712925, "dvar": 0.0428892970085, "dvar2": 0.0908323898911, "max": 1, "mean": 0.955710947514, "median": 1, "min": 0, "var": 0.0423281416297}, "silence_rate_60dB": {"dmean": 0.0186503063887, "dmean2": 0.0373051911592, "dvar": 0.0183043852448, "dvar2": 0.0420534946024, "max": 1, "mean": 0.0705434903502, "median": 0, "min": 0, "var": 0.065565392375}, "spectral_centroid": {"dmean": 152.249343872, "dmean2": 230.655181885, "dvar": 51657.1835938, "dvar2": 104789.765625, "max": 11525.6210938, "mean": 804.151672363, "median": 708.887390137, "min": 150.546340942, "var": 222363.546875}, "spectral_complexity": {"dmean": 2.33963179588, "dmean2": 3.56509995461, "dvar": 15.1534452438, "dvar2": 29.7406139374, "max": 56, "mean": 12.0850200653, "median": 11, "min": 0, "var": 52.2373504639}, "spectral_decrease": {"dmean": 3.86007448228e-09, "dmean2": 6.5711818209e-09, "dvar": 1.14274392819e-16, "dvar2": 3.15275668545e-16, "max": 2.43406001614e-17, "mean": -8.54607584699e-09, "median": -6.40618091907e-09, "min": -1.08415662226e-07, "var": 1.06534179277e-16}, "spectral_energy": {"dmean": 0.015041408129, "dmean2": 0.0254971701652, "dvar": 0.00166168599389, "dvar2": 0.00457895593718, "max": 0.413750857115, "mean": 0.0338370800018, "median": 0.0255157276988, "min": 1.08397988385e-20, "var": 0.00158559053671}, "spectral_energyband_high": {"dmean": 0.000383561447961, "dmean2": 0.000604868400842, "dvar": 9.12002974474e-07, "dvar2": 2.14040073843e-06, "max": 0.0122804716229, "mean": 0.000437083741417, "median": 7.91113707237e-05, "min": 8.19651249495e-21, "var": 1.03437207599e-06}, "spectral_energyband_low": {"dmean": 0.0110621033236, "dmean2": 0.0196173265576, "dvar": 0.0015286054695, "dvar2": 0.00425584800541, "max": 0.380202561617, "mean": 0.0145675763488, "median": 0.00444421218708, "min": 5.394174703e-23, "var": 0.0010996342171}, "spectral_energyband_middle_high": {"dmean": 0.00163145922124, "dmean2": 0.00229505239986, "dvar": 1.05752815216e-05, "dvar2": 2.12584091059e-05, "max": 0.0782474502921, "mean": 0.00559852225706, "median": 0.00224896334112, "min": 1.21744961563e-21, "var": 6.01141546213e-05}, "spectral_energyband_middle_low": {"dmean": 0.00480327475816, "dmean2": 0.00756223592907, "dvar": 6.71595626045e-05, "dvar2": 0.00016821733152, "max": 0.149220556021, "mean": 0.014401704073, "median": 0.0108523750678, "min": 2.77079958734e-22, "var": 0.000172641521203}, "spectral_entropy": {"dmean": 0.282559216022, "dmean2": 0.381518989801, "dvar": 0.10800113529, "dvar2": 0.19620962441, "max": 9.81304645538, "mean": 6.92964267731, "median": 6.90083694458, "min": 4.89863109589, "var": 0.442059904337}, "spectral_flux": {"dmean": 0.0329482108355, "dmean2": 0.0515874773264, "dvar": 0.00362921110354, "dvar2": 0.00722459331155, "max": 0.597229421139, "mean": 0.0708987340331, "median": 0.0490349121392, "min": 1.04114356025e-10, "var": 0.00561806699261}, "spectral_kurtosis": {"dmean": 4.6587100029, "dmean2": 7.09574842453, "dvar": 40.4983329773, "dvar2": 97.6931533813, "max": 93.4002761841, "mean": 10.2308111191, "median": 7.18329143524, "min": -1.15253460407, "var": 102.094871521}, "spectral_rms": {"dmean": 0.000966337218415, "dmean2": 0.00154315924738, "dvar": 3.59094497071e-06, "dvar2": 9.26587927097e-06, "max": 0.0200912766159, "mean": 0.00508206989616, "median": 0.00498932786286, "min": 3.25198613697e-12, "var": 7.18426599633e-06}, "spectral_rolloff": {"dmean": 429.004455566, "dmean2": 743.526550293, "dvar": 1686393, "dvar2": 4173646.75, "max": 19401.4160156, "mean": 1152.81408691, "median": 796.728515625, "min": 86.1328125, "var": 3242011}, "spectral_skewness": {"dmean": 0.451164066792, "dmean2": 0.660646319389, "dvar": 0.247811123729, "dvar2": 0.551635146141, "max": 8.22514533997, "mean": 2.35236430168, "median": 2.22183537483, "min": -0.0702604651451, "var": 0.849287569523}, "spectral_spread": {"dmean": 1158070, "dmean2": 1506990.625, "dvar": 2084872519680.0, "dvar2": 3460774232060.0, "max": 39077508, "mean": 4582712.5, "median": 3938410, "min": 784869.875, "var": 6704655237120.0}, "spectral_strongpeak": {"dmean": 0.393504291773, "dmean2": 0.670806050301, "dvar": 0.587749302387, "dvar2": 1.43646728992, "max": 20.0370292664, "mean": 0.96357268095, "median": 0.541223108768, "min": 0, "var": 1.36623549461}, "zerocrossingrate": {"dmean": 0.0113057782874, "dmean2": 0.0131471632048, "dvar": 0.000271638418781, "dvar2": 0.000335126533173, "max": 0.62939453125, "mean": 0.0475659966469, "median": 0.0380859375, "min": 0.00390625, "var": 0.00206546601839}, "barkbands": {"dmean": [0.000465858349344, 0.00826789811254, 0.0025844394695, 0.00169271579944, 0.00190275511704, 0.00112542079296, 0.00106653757393, 0.000321064144373, 0.000437476846855, 0.000592618715018, 0.000288619048661, 0.000303437700495, 0.000316150079016, 0.000290233117994, 0.000184008255019, 0.00015239311324, 0.000101657351479, 0.000128382307594, 7.0018984843e-05, 4.18015915784e-05, 4.17339870182e-05, 3.16472978739e-05, 4.28969578934e-05, 0.000113414462248, 0.000107182735519, 4.66452365799e-05, 2.03289800993e-05], "dmean2": [0.000810805300716, 0.0147905563936, 0.00460645463318, 0.00286572333425, 0.00310624926351, 0.0017174645327, 0.00176734558772, 0.000425604201155, 0.000583045068197, 0.000767136109062, 0.000414549984271, 0.000418747484218, 0.000462551572127, 0.000441673153546, 0.0002785474353, 0.000250145443715, 0.000156032911036, 0.000215904525248, 0.000117921583296, 6.68590437272e-05, 6.4945226768e-05, 5.12733240612e-05, 6.98050134815e-05, 0.000184744538274, 0.000173775086296, 7.74505679146e-05, 3.51021335518e-05], "dvar": [2.82950941255e-06, 0.000950320041738, 6.80068042129e-05, 1.85983080883e-05, 1.2104867892e-05, 4.76157811136e-06, 4.38317647422e-06, 1.05316109966e-06, 1.75828017746e-06, 2.93871948998e-06, 5.34641912964e-07, 5.00565363382e-07, 6.48710283713e-07, 3.95376076767e-07, 1.66428350212e-07, 2.25302599688e-07, 6.4090912133e-08, 1.62579510743e-07, 4.83055231371e-08, 1.76452648049e-08, 1.04195159167e-08, 6.98499702523e-09, 1.22696528493e-08, 7.90130343375e-08, 1.10887732774e-07, 2.90085218069e-08, 7.43138706127e-09], "dvar2": [7.75994431024e-06, 0.00269406102598, 0.000187561628991, 5.02785478602e-05, 3.1151339499e-05, 1.1753574654e-05, 1.39046387631e-05, 1.74883882664e-06, 2.76474293059e-06, 4.06938852393e-06, 1.03143042907e-06, 8.67641347213e-07, 1.21147593291e-06, 9.09895334189e-07, 3.66295978438e-07, 6.11254051819e-07, 1.62222093536e-07, 4.76019408779e-07, 1.32406853481e-07, 4.310707169e-08, 2.43103439601e-08, 1.82423924855e-08, 3.08768974833e-08, 1.97158072979e-07, 2.71659644113e-07, 7.42627932482e-08, 2.02576391217e-08], "max": [0.0215802192688, 0.325488507748, 0.0939168334007, 0.0824210122228, 0.0793401524425, 0.0784097611904, 0.0444495454431, 0.0350131876767, 0.0515504404902, 0.0634915232658, 0.0314125567675, 0.0187207255512, 0.0215948186815, 0.0100709684193, 0.00670323101804, 0.00702332146466, 0.00567252980545, 0.00962968636304, 0.0038405819796, 0.00190848438069, 0.00150665442925, 0.00106419471558, 0.00167460390367, 0.00275665312074, 0.00508986087516, 0.00383528554812, 0.00149862864055], "mean": [0.000578821927775, 0.0101994490251, 0.0028949866537, 0.00238063349389, 0.00336806499399, 0.00410849042237, 0.00232458673418, 0.000715466099791, 0.000940783240367, 0.00168080255389, 0.000727984646801, 0.000960095843766, 0.000748224847484, 0.000623431289569, 0.000405918661272, 0.00023087876616, 0.000193821586436, 0.000190783684957, 9.65727740549e-05, 5.51575758436e-05, 5.97067773924e-05, 3.82455800718e-05, 4.94548403367e-05, 0.000101243829704, 0.000102044963569, 4.46653248218e-05, 1.67562775459e-05], "median": [2.73489258689e-05, 0.00190901407041, 0.000787136319559, 0.000635757867713, 0.00195064453874, 0.00280168117024, 0.0012116698781, 0.000119929682114, 0.000178775255335, 0.000409486499848, 0.000179886832484, 0.000109695865831, 0.000144496603752, 8.98632642929e-05, 8.52937009768e-05, 5.09661585966e-05, 4.90579986945e-05, 3.05579596898e-05, 2.00340655283e-05, 1.27506809804e-05, 1.1415661902e-05, 7.72416660766e-06, 8.7483695097e-06, 8.4493030954e-06, 8.08457843959e-06, 2.50456014328e-06, 7.17095190339e-07], "min": [2.23875175028e-24, 4.13817655989e-23, 1.11539378417e-23, 4.21078016217e-24, 2.31826309195e-23, 6.62336829919e-23, 3.81422514937e-23, 6.59688970959e-23, 6.22210000025e-23, 4.01350845342e-23, 1.06940470801e-22, 1.18505121185e-22, 4.40179841275e-23, 1.10613609124e-22, 1.20794521749e-22, 1.39481021007e-22, 1.4013692414e-22, 7.70027135099e-23, 2.59880948221e-22, 3.13024727735e-22, 7.02836443922e-22, 4.47496229559e-22, 3.65359855402e-22, 8.91816719683e-22, 1.17529601905e-21, 2.25399083271e-21, 2.35022348229e-21], "var": [2.24908103519e-06, 0.000648630142678, 5.13064806e-05, 2.3672626412e-05, 2.02254886972e-05, 1.88183676073e-05, 9.84848520602e-06, 5.4495335462e-06, 6.4955961534e-06, 1.42533435792e-05, 2.08898245546e-06, 4.67916697744e-06, 2.43312865678e-06, 1.2742062836e-06, 6.21842218607e-07, 2.68037126716e-07, 1.49114399051e-07, 2.53611290191e-07, 6.67966943979e-08, 2.19036166982e-08, 1.76080927616e-08, 7.57463514134e-09, 1.28988082437e-08, 7.02499889371e-08, 1.03120868289e-07, 2.69502464789e-08, 5.29996624365e-09]}, "erbbands": {"dmean": [0.201364040375, 1.97198867798, 3.49536538124, 4.02693557739, 6.59360361099, 6.77486181259, 5.99964475632, 10.8091163635, 19.9261016846, 7.16524362564, 5.72094964981, 11.3519573212, 17.2022743225, 9.83883571625, 11.0035629272, 12.3198156357, 15.8120155334, 12.0580310822, 13.517739296, 8.39634609222, 5.73572444916, 5.85497713089, 7.5426325798, 4.68337011337, 2.31377720833, 1.84426486492, 1.62662053108, 1.60212790966, 1.13975846767, 1.09425604343, 1.44503605366, 3.06127762794, 1.17406141758, 1.34598553181, 0.666441142559, 0.226115420461, 0.0804119631648, 0.0222425460815, 0.00330564728938, 0.00020060109091], "dmean2": [0.353145897388, 3.56116533279, 6.23122835159, 6.9790225029, 10.8589696884, 11.1489953995, 9.18057727814, 16.7934341431, 33.4012985229, 9.62353610992, 8.30829906464, 14.856754303, 22.3064403534, 13.4080591202, 16.0055465698, 17.2582187653, 22.6191883087, 17.9395370483, 20.5356521606, 13.3365802765, 9.30737876892, 9.10652542114, 12.5687761307, 7.91535377502, 3.77647399902, 2.98744630814, 2.60426902771, 2.49706459045, 1.83377730846, 1.74699437618, 2.35635995865, 5.10356473923, 1.88679242134, 2.17607164383, 1.08986711502, 0.366015225649, 0.13465243578, 0.0376782640815, 0.00571971246973, 0.000352058996214], "dvar": [0.508192837238, 54.2635993958, 138.297836304, 113.161834717, 274.943115234, 168.956436157, 169.553756714, 397.914978027, 1640.23144531, 375.92086792, 250.349197388, 1339.6151123, 2054.51635742, 807.255310059, 665.656921387, 722.720825195, 1329.63000488, 585.008972168, 854.830505371, 467.294403076, 274.037536621, 229.483886719, 640.650085449, 245.949539185, 49.5767860413, 38.842540741, 16.6065216064, 16.4033279419, 9.39369773865, 8.80209064484, 12.9077634811, 62.7190170288, 11.2386226654, 16.924703598, 4.55268955231, 0.580570936203, 0.101217925549, 0.0085583422333, 0.000257630075794, 1.03017930542e-06], "dvar2": [1.42812335491, 154.473312378, 383.273498535, 313.890319824, 733.230834961, 419.648071289, 394.463806152, 1042.01953125, 5352.49707031, 553.775817871, 503.691589355, 1993.70666504, 2983.22851562, 1251.0546875, 1472.17504883, 1367.5098877, 2519.26879883, 1305.51867676, 2008.40075684, 1190.14245605, 726.741821289, 590.582580566, 1863.89587402, 711.660522461, 126.88520813, 97.9382629395, 41.6074409485, 37.5520133972, 24.4804325104, 22.3777618408, 32.0725593567, 162.520492554, 26.9927845001, 41.6030502319, 11.3933610916, 1.41678655148, 0.264560341835, 0.022923823446, 0.000712724111509, 2.90730986308e-06], "max": [8.46669864655, 74.4957427979, 127.874549866, 148.679901123, 394.815612793, 234.163604736, 278.593383789, 627.105712891, 850.325744629, 590.13873291, 603.571899414, 1523.86608887, 1450.15344238, 1337.55029297, 751.363220215, 676.02746582, 916.023010254, 487.281311035, 439.625305176, 338.001037598, 328.764129639, 396.71673584, 656.162841797, 320.854888916, 114.999008179, 79.0231704712, 58.7665176392, 69.026473999, 44.0682029724, 41.6251564026, 54.0822181702, 83.1889266968, 44.3121490479, 69.8044815063, 29.872209549, 22.3401069641, 5.21968126297, 1.72989189625, 0.360107183456, 0.0239838156849], "mean": [0.276080220938, 2.27318167686, 3.98826909065, 5.4310336113, 10.3655605316, 11.9309444427, 14.8263273239, 39.8148002625, 47.1094512939, 18.6905632019, 11.849032402, 25.2808151245, 50.6543693542, 26.6799983978, 29.1235179901, 40.0546112061, 42.1352081299, 29.5203075409, 31.8453979492, 15.8929033279, 10.0752439499, 11.5451745987, 11.8138608932, 6.94640636444, 3.30511975288, 2.37824130058, 2.18604421616, 2.28736424446, 1.4120503664, 1.33797609806, 1.60694992542, 2.53739833832, 1.22461271286, 1.25380814075, 0.628596484661, 0.223778158426, 0.0749182701111, 0.0198092292994, 0.00275444821455, 0.000184372882359], "median": [0.0325155928731, 0.451272666454, 1.06951951981, 1.89729273319, 4.60806369781, 6.15868854523, 8.99611282349, 24.8384304047, 27.0718708038, 5.28239393234, 3.2765891552, 5.82948112488, 14.0296564102, 8.11448955536, 10.158246994, 8.37268352509, 10.2927913666, 9.8116235733, 8.46600627899, 5.52908658981, 3.10475611687, 2.81077551842, 1.87506246567, 1.34648346901, 0.768229603767, 0.599733352661, 0.476069539785, 0.445178955793, 0.297264128923, 0.237144932151, 0.265067011118, 0.207892626524, 0.133207440376, 0.0940297394991, 0.04698978737, 0.0140473023057, 0.00390030443668, 0.00103412137832, 0.000123916033772, 4.15661052102e-05], "min": [9.15062191262e-22, 1.04119517836e-20, 1.6415814462e-20, 9.73035334325e-21, 6.48723568602e-20, 7.39868855465e-20, 1.88347784707e-19, 5.9221003339e-19, 6.36673886447e-19, 6.62283708404e-19, 1.94409508993e-18, 1.29958035845e-18, 1.33665014741e-18, 2.00187634405e-18, 5.48988357459e-18, 3.76057978599e-18, 2.62302549797e-18, 4.99966821945e-18, 5.69156592436e-18, 6.02930170052e-18, 8.61340607592e-18, 7.68980101936e-18, 5.32169087269e-18, 1.01205283248e-17, 1.10434335866e-17, 1.3774709523e-17, 3.1411905829e-17, 2.28447978792e-17, 1.76716798114e-17, 1.2317374448e-17, 1.01820176228e-17, 1.3474050877e-17, 1.77198515016e-17, 1.43650319302e-17, 9.27381715081e-18, 8.01710728876e-18, 3.97352130467e-18, 1.44156498002e-18, 3.17660567976e-19, 3.5100061894e-20], "var": [0.378293007612, 36.0829849243, 99.6992721558, 109.955505371, 376.224273682, 324.769561768, 390.091522217, 1921.94665527, 3488.66821289, 2275.94165039, 873.557983398, 4950.77490234, 9846.01757812, 3789.00195312, 2389.67211914, 6338.75097656, 5657.91699219, 2272.17749023, 2787.16650391, 748.252685547, 409.759490967, 569.109130859, 1033.99047852, 374.107116699, 68.0048522949, 41.5571098328, 20.9209442139, 29.7154178619, 10.1010017395, 10.2805976868, 13.3781166077, 49.4789085388, 11.2984437943, 15.8289842606, 3.975440979, 0.616074562073, 0.0862162783742, 0.00655421987176, 0.000173616892425, 6.48603531772e-07]}, "gfcc": {"mean": [-48.3335266113, 111.590087891, -100.553375244, 4.52703952789, -55.7360916138, 5.90859079361, -43.3368492126, -3.55615282059, -24.2676811218, -1.66816580296, -8.63768291473, 2.18654799461, -4.31097507477], "cov": [[15331.4726562, -312.000274658, -235.382385254, 505.339111328, 664.429504395, 1162.72143555, -95.9591903687, 616.33972168, 241.707077026, 409.351196289, 139.930252075, 134.243209839, -212.568405151], [-312.000274658, 2942.36889648, -415.177337646, 160.103363037, 824.5625, -136.383850098, 383.247955322, -144.477752686, 300.32913208, -76.5505828857, 261.902984619, -140.789779663, 137.029586792], [-235.382385254, -415.177337646, 1876.02429199, 597.908935547, -140.281478882, 185.777603149, 37.606048584, 174.06350708, -13.4143877029, 152.055938721, -100.825546265, 29.9345970154, -54.8200950623], [505.339111328, 160.103363037, 597.908935547, 765.309692383, 263.826293945, 100.084693909, 189.868759155, 131.146606445, 81.0492324829, 129.836196899, 61.6319046021, -5.86739063263, 12.303563118], [664.429504395, 824.5625, -140.281478882, 263.826293945, 819.729125977, 174.296829224, 246.137527466, 82.3091201782, 232.044006348, 124.410560608, 203.520126343, 13.548789978, 11.6919822693], [1162.72143555, -136.383850098, 185.777603149, 100.084693909, 174.296829224, 369.800323486, 20.8277244568, 142.695022583, 70.6333084106, 87.9352340698, 54.4184532166, 29.1681480408, -13.6308641434], [-95.9591903687, 383.247955322, 37.606048584, 189.868759155, 246.137527466, 20.8277244568, 251.329681396, 35.8708572388, 76.2778244019, 42.2939682007, 49.5078582764, -0.661014556885, 36.3847045898], [616.33972168, -144.477752686, 174.06350708, 131.146606445, 82.3091201782, 142.695022583, 35.8708572388, 188.862228394, 80.5896682739, 52.5320205688, 34.7677001953, 26.4057312012, -13.9534320831], [241.707077026, 300.32913208, -13.4143877029, 81.0492324829, 232.044006348, 70.6333084106, 76.2778244019, 80.5896682739, 197.47706604, 76.920753479, 83.057762146, -2.25489544868, 3.5021982193], [409.351196289, -76.5505828857, 152.055938721, 129.836196899, 124.410560608, 87.9352340698, 42.2939682007, 52.5320205688, 76.920753479, 190.80090332, 53.9434814453, 39.8857192993, 2.74859404564], [139.930252075, 261.902984619, -100.825546265, 61.6319046021, 203.520126343, 54.4184532166, 49.5078582764, 34.7677001953, 83.057762146, 53.9434814453, 160.71824646, 21.7176990509, 31.0381679535], [134.243209839, -140.789779663, 29.9345970154, -5.86739063263, 13.548789978, 29.1681480408, -0.661014556885, 26.4057312012, -2.25489544868, 39.8857192993, 21.7176990509, 90.5724029541, 16.0511474609], [-212.568405151, 137.029586792, -54.8200950623, 12.303563118, 11.6919822693, -13.6308641434, 36.3847045898, -13.9534320831, 3.5021982193, 2.74859404564, 31.0381679535, 16.0511474609, 77.8264389038]], "icov": [[0.000113420413982, -9.42082187976e-05, 0.000139868367114, -0.000139484225656, 5.16796608281e-05, -0.000330737384502, 0.000184168209671, -0.000271212047664, 0.000169695398654, -0.000232312100707, 0.000191423721844, -0.000193789339392, 0.000360009609722], [-9.42082187976e-05, 0.00102283898741, -0.000293166347547, 0.00024372927146, -0.000767990655731, 0.000582021777518, -0.000667748390697, 0.00125196028966, -0.00118925282732, 0.00117531989235, -0.000823316979222, 0.00131227867678, -0.00147960113827], [0.000139868367114, -0.000293166347547, 0.00116388616152, -0.00101198395714, 0.000642439408693, -0.000827905139886, 0.00029479447403, -0.000656487070955, 0.000352378032403, -0.000844103808049, 0.000976469716989, -0.000810653611552, 0.00117269658949], [-0.000139484225656, 0.00024372927146, -0.00101198395714, 0.00292368768714, -0.000906574714463, 0.00103196187411, -0.00131896918174, -0.000954230607022, 0.000727056409232, -0.000550001917873, -0.00081341114128, 0.00186643260531, -0.00129649194423], [5.16796608281e-05, -0.000767990655731, 0.000642439408693, -0.000906574714463, 0.00405470933765, -0.00167598400731, -0.00177278276533, 0.000664582068566, -0.00135011202656, -0.000637097167782, -0.0016886095982, -0.00173903966788, 0.00324982986785], [-0.000330737384502, 0.000582021777518, -0.000827905139886, 0.00103196187411, -0.00167598400731, 0.00569398701191, 0.000216210217332, -0.00231117405929, 0.000336169934599, -0.000209410107345, -0.000883852655534, 0.00147716025822, -0.00190071505494], [0.000184168209671, -0.000667748390697, 0.00029479447403, -0.00131896918174, -0.00177278276533, 0.000216210217332, 0.0079098418355, -0.00186552410014, 0.000469283142593, -0.000918643956538, 0.00235650758259, -0.000406323058996, -0.00247799069621], [-0.000271212047664, 0.00125196028966, -0.000656487070955, -0.000954230607022, 0.000664582068566, -0.00231117405929, -0.00186552410014, 0.0125538036227, -0.00606272183359, 0.00317176547833, -0.00186760479119, -0.00173616467509, 0.00062531552976], [0.000169695398654, -0.00118925282732, 0.000352378032403, 0.000727056409232, -0.00135011202656, 0.000336169934599, 0.000469283142593, -0.00606272183359, 0.0122292228043, -0.0044476785697, -0.000822631176561, 0.00194650434423, 0.00117940665223], [-0.000232312100707, 0.00117531989235, -0.000844103808049, -0.000550001917873, -0.000637097167782, -0.000209410107345, -0.000918643956538, 0.00317176547833, -0.0044476785697, 0.00995722133666, -0.00211186334491, -0.00216293451376, -0.00101755058859], [0.000191423721844, -0.000823316979222, 0.000976469716989, -0.00081341114128, -0.0016886095982, -0.000883852655534, 0.00235650758259, -0.00186760479119, -0.000822631176561, -0.00211186334491, 0.0124577991664, -0.00240192562342, -0.00291013321839], [-0.000193789339392, 0.00131227867678, -0.000810653611552, 0.00186643260531, -0.00173903966788, 0.00147716025822, -0.000406323058996, -0.00173616467509, 0.00194650434423, -0.00216293451376, -0.00240192562342, 0.0166481807828, -0.00579411257058], [0.000360009609722, -0.00147960113827, 0.00117269658949, -0.00129649194423, 0.00324982986785, -0.00190071505494, -0.00247799069621, 0.00062531552976, 0.00117940665223, -0.00101755058859, -0.00291013321839, -0.00579411257058, 0.0202564727515]]}, "melbands": {"dmean": [0.00208304659463, 0.00216036126949, 0.000801311223768, 0.000448025850346, 0.00023199642601, 0.000260633853031, 0.000263653782895, 7.59775721235e-05, 4.87709694426e-05, 7.30593092158e-05, 8.98730286281e-05, 4.65009979962e-05, 3.55188276444e-05, 2.37948333961e-05, 4.15770373365e-05, 3.65744745068e-05, 2.33150349231e-05, 2.53426151176e-05, 1.25880396808e-05, 1.46043375935e-05, 5.12219003213e-06, 6.86267867422e-06, 6.94632717568e-06, 5.11336475029e-06, 4.04005004384e-06, 2.14980173041e-06, 1.51464905684e-06, 1.1941720004e-06, 9.71995063992e-07, 1.22443941564e-06, 8.60029103933e-07, 6.66811502015e-07, 6.42225757019e-07, 6.18348508397e-07, 7.38391804589e-07, 1.42661087921e-06, 2.04165371542e-06, 8.21553726382e-07, 7.57487669034e-07, 1.39323560688e-06], "dmean2": [0.00369354290888, 0.00387321785092, 0.00136578339152, 0.000730151019525, 0.000364814506611, 0.000412320339819, 0.000437821698142, 9.90964981611e-05, 7.15107962606e-05, 9.53103226493e-05, 0.000116461422294, 6.24854146736e-05, 5.17978296557e-05, 3.41793493135e-05, 5.68248105992e-05, 5.31377809239e-05, 3.50867449015e-05, 3.86887222703e-05, 1.9201561372e-05, 2.37820750044e-05, 8.27082021715e-06, 1.06446068457e-05, 1.14283557195e-05, 8.6134959929e-06, 6.87773763275e-06, 3.59923888027e-06, 2.3677396257e-06, 1.96990276891e-06, 1.58131172157e-06, 1.93633695744e-06, 1.35603784202e-06, 1.09931579573e-06, 1.04374305465e-06, 9.95200480247e-07, 1.21654466056e-06, 2.3791330932e-06, 3.4354827676e-06, 1.34222398174e-06, 1.21595417113e-06, 2.27005079978e-06], "dvar": [5.82859065617e-05, 5.85549896641e-05, 4.0327104216e-06, 7.33021636279e-07, 2.19437126248e-07, 2.31471275924e-07, 2.75353897905e-07, 5.36344053614e-08, 2.05105230577e-08, 5.78265044737e-08, 5.9665424601e-08, 1.91295406182e-08, 7.17997927779e-09, 2.1560684349e-09, 1.01803765418e-08, 1.17800000865e-08, 2.65314525905e-09, 3.36502714582e-09, 9.15073850027e-10, 2.02680849881e-09, 2.34922137299e-10, 3.68067049061e-10, 4.66968574919e-10, 2.21619625429e-10, 2.01973660019e-10, 4.44301331837e-11, 2.84519977023e-11, 1.66191088669e-11, 6.78572692828e-12, 1.01468174141e-11, 5.15419651403e-12, 3.72840343668e-12, 2.79197108141e-12, 2.7327586808e-12, 3.86094324914e-12, 1.30836149206e-11, 2.88052966896e-11, 5.8221734725e-12, 6.16127201342e-12, 1.86672864666e-11], "dvar2": [0.00016459505423, 0.000163968055858, 1.09927414087e-05, 1.87235320936e-06, 5.26131145762e-07, 6.38832602817e-07, 8.83456834799e-07, 7.81002427175e-08, 3.95495618477e-08, 8.38345854959e-08, 8.52740456025e-08, 2.82998033896e-08, 1.50643444385e-08, 4.69685401683e-09, 1.64561058114e-08, 2.12428759028e-08, 5.9747771175e-09, 7.87722420625e-09, 1.92488780471e-09, 5.51414869321e-09, 6.03679384259e-10, 9.63309210178e-10, 1.35917022082e-09, 6.41353248287e-10, 5.87694781728e-10, 1.1917794529e-10, 6.75729194821e-11, 4.31459520889e-11, 1.72649047836e-11, 2.42827008501e-11, 1.1738741923e-11, 9.94580633129e-12, 7.12447809081e-12, 7.01160223632e-12, 9.70830534019e-12, 3.43288279747e-11, 7.49119238863e-11, 1.42336411754e-11, 1.52304245604e-11, 4.69650256185e-11], "max": [0.0847626700997, 0.0763356983662, 0.0319496169686, 0.0200524199754, 0.00916215032339, 0.0149633120745, 0.0112314969301, 0.00759158097208, 0.00644994620234, 0.0102387089282, 0.00817234069109, 0.00516482815146, 0.00220380420797, 0.000966402410995, 0.00286443997175, 0.0029983650893, 0.00111307785846, 0.000863930967171, 0.00066144252196, 0.000708019419108, 0.000374636496417, 0.000522322487086, 0.000528544362169, 0.000336886878358, 0.00028778493288, 0.000120692195196, 0.000120760996651, 6.3993720687e-05, 3.87845429941e-05, 6.57289856463e-05, 3.85873718187e-05, 3.03322503896e-05, 1.99173464352e-05, 2.24037066801e-05, 2.98748655041e-05, 3.91549547203e-05, 5.05816351506e-05, 3.63153558283e-05, 3.45962143911e-05, 7.39863389754e-05], "mean": [0.00267958710901, 0.00252637895755, 0.00115342100617, 0.000796893029474, 0.000529899145477, 0.000919161480851, 0.000635326839983, 0.000185472308658, 9.41508624237e-05, 0.000161175485118, 0.000261387875071, 0.000122130310046, 8.95786724868e-05, 7.02413162799e-05, 0.000135739290272, 8.04338196758e-05, 5.32786252734e-05, 5.67533570575e-05, 2.50441025855e-05, 2.23901988647e-05, 8.5916435637e-06, 1.30316202558e-05, 1.09348229671e-05, 7.63413208915e-06, 5.66805465496e-06, 2.89387185148e-06, 1.98674774765e-06, 1.45733702084e-06, 1.19112837638e-06, 1.74000228981e-06, 1.13389910439e-06, 7.74987142904e-07, 7.53259939756e-07, 7.29636099095e-07, 8.38068842768e-07, 1.27671751216e-06, 1.6408062038e-06, 8.41591031531e-07, 7.81281130458e-07, 1.21462619518e-06], "median": [0.000440998061094, 0.000655824085698, 0.000418175244704, 0.000428164756158, 0.000325497792801, 0.000606320041697, 0.000365357962437, 2.79042778857e-05, 2.07686807698e-05, 3.48566754838e-05, 6.70445660944e-05, 2.60440410784e-05, 2.21091631829e-05, 2.60855576926e-05, 1.80686965905e-05, 1.19976421047e-05, 1.03803140519e-05, 1.26371623992e-05, 5.98470296609e-06, 5.35178287464e-06, 2.53819212048e-06, 2.9086570521e-06, 2.03162062462e-06, 1.2464727206e-06, 1.01861155599e-06, 6.21919696187e-07, 3.83391864034e-07, 3.42202810089e-07, 2.58231864336e-07, 2.74062415428e-07, 1.93410926386e-07, 1.56168084686e-07, 1.23003204067e-07, 1.15507987175e-07, 1.40080175015e-07, 1.31332797082e-07, 1.02355564024e-07, 8.56181259223e-08, 7.23401925029e-08, 7.12836225603e-08], "min": [1.07091046993e-23, 1.05452511896e-23, 3.01978380266e-24, 6.20744825e-24, 4.98471384691e-24, 1.33457578902e-23, 9.78070849946e-24, 7.29670147147e-24, 1.70353597404e-23, 7.69056709968e-24, 6.25524612111e-24, 7.27463860968e-24, 1.73799247175e-23, 1.3886452621e-23, 7.09234705398e-24, 5.62151510733e-24, 9.74649796859e-24, 8.46932506328e-24, 9.59570562883e-24, 7.55778603211e-24, 1.02427530091e-23, 7.19489976052e-24, 7.01487775764e-24, 3.90862000863e-24, 8.55922601863e-24, 9.79790882264e-24, 5.2353893879e-24, 1.00520845395e-23, 1.88381151681e-23, 1.88710280228e-23, 1.09684072232e-23, 1.03390618816e-23, 7.98573834003e-24, 6.4462609007e-24, 5.70590586925e-24, 6.74938425341e-24, 8.19626559411e-24, 1.25792840686e-23, 1.12908107308e-23, 1.22506319937e-23], "var": [4.09635940741e-05, 4.05687242164e-05, 4.51227833764e-06, 1.27495206925e-06, 4.69636461276e-07, 9.29309067033e-07, 6.26616895261e-07, 3.23225947341e-07, 6.82708289901e-08, 2.16942979137e-07, 2.8600319979e-07, 9.34213346682e-08, 2.87424342105e-08, 1.11847127116e-08, 1.03815473551e-07, 4.43570087327e-08, 1.01661115082e-08, 1.00721564422e-08, 2.7393112223e-09, 2.34306019031e-09, 3.71209868399e-10, 8.53609627427e-10, 7.71798069898e-10, 3.37490591029e-10, 3.00056091085e-10, 6.02203009681e-11, 4.01869752753e-11, 1.62543416227e-11, 7.6939669913e-12, 1.73746017573e-11, 9.36185330647e-12, 3.43522562826e-12, 3.3984340949e-12, 3.12011787934e-12, 4.05207638277e-12, 1.06803741198e-11, 2.21955977903e-11, 5.68540960838e-12, 6.10016507793e-12, 1.6168852715e-11]}, "mfcc": {"mean": [-700.120361328, 151.076538086, 8.30554008484, 6.28299570084, 6.42516517639, 1.22566580772, -4.81281805038, -5.04695320129, -9.43181324005, -8.01063919067, -7.57822227478, -3.86290168762, -5.41550159454], "cov": [[10598.7763672, -132.573928833, -513.733032227, -72.3058319092, 766.248046875, 444.797454834, 275.815582275, 343.479278564, 193.422103882, 330.795196533, 413.383331299, 387.725158691, 103.222862244], [-132.573928833, 2421.65625, -548.327636719, 350.603637695, 319.954437256, 225.720169067, 131.171737671, 74.5459823608, 62.9872169495, 75.6239013672, 134.445922852, 74.1709289551, 57.5582008362], [-513.733032227, -548.327636719, 1709.59106445, 261.323608398, 10.1388111115, 17.0338897705, 32.5245742798, 4.23222160339, 103.041954041, 58.2573242188, -34.7433280945, -2.40680241585, -5.95517778397], [-72.3058319092, 350.603637695, 261.323608398, 754.706481934, 199.35748291, 187.477142334, 201.98260498, 65.3698959351, 111.248023987, 126.081878662, 101.442962646, 90.8722763062, 104.553703308], [766.248046875, 319.954437256, 10.1388111115, 199.35748291, 486.812469482, 227.561721802, 158.361206055, 134.118270874, 84.2359085083, 155.095428467, 184.356246948, 156.652160645, 68.2405929565], [444.797454834, 225.720169067, 17.0338897705, 187.477142334, 227.561721802, 267.829498291, 148.589416504, 58.1689491272, 88.4377670288, 102.721824646, 107.056800842, 95.5927352905, 78.2104263306], [275.815582275, 131.171737671, 32.5245742798, 201.98260498, 158.361206055, 148.589416504, 215.363998413, 87.0267105103, 59.5908317566, 79.0005569458, 60.3664474487, 57.7750396729, 51.7486381531], [343.479278564, 74.5459823608, 4.23222160339, 65.3698959351, 134.118270874, 58.1689491272, 87.0267105103, 170.952301025, 66.263092041, 67.5460128784, 66.6842422485, 37.3965988159, 11.4885940552], [193.422103882, 62.9872169495, 103.041954041, 111.248023987, 84.2359085083, 88.4377670288, 59.5908317566, 66.263092041, 136.337036133, 89.4123764038, 65.7644195557, 59.3150291443, 31.597743988], [330.795196533, 75.6239013672, 58.2573242188, 126.081878662, 155.095428467, 102.721824646, 79.0005569458, 67.5460128784, 89.4123764038, 159.979415894, 118.81804657, 80.9130554199, 41.0930938721], [413.383331299, 134.445922852, -34.7433280945, 101.442962646, 184.356246948, 107.056800842, 60.3664474487, 66.6842422485, 65.7644195557, 118.81804657, 173.654586792, 101.705497742, 49.4608078003], [387.725158691, 74.1709289551, -2.40680241585, 90.8722763062, 156.652160645, 95.5927352905, 57.7750396729, 37.3965988159, 59.3150291443, 80.9130554199, 101.705497742, 148.161849976, 63.9718322754], [103.222862244, 57.5582008362, -5.95517778397, 104.553703308, 68.2405929565, 78.2104263306, 51.7486381531, 11.4885940552, 31.597743988, 41.0930938721, 49.4608078003, 63.9718322754, 107.880012512]], "icov": [[0.00012000172137, 3.94779708586e-05, 4.12023618992e-05, 5.86093265156e-05, -8.49068746902e-05, -0.000117491617857, -4.27437953476e-06, -0.00011841088417, 1.54301342263e-05, -3.23619133269e-05, -4.2403495172e-05, -0.000170958257513, 9.17611469049e-05], [3.94779708586e-05, 0.000563922571018, 0.000238013395574, -0.000269707670668, -0.000355264433892, -0.000263418944087, 0.000153053508257, 3.13064010697e-05, -0.000212210477912, 0.000259919615928, -0.000123258403619, 0.00021793571068, 0.000165255085449], [4.12023618992e-05, 0.000238013395574, 0.000785534735769, -0.00035092010512, -0.00028471738915, 2.85990863631e-05, 0.000171226769453, 0.000165678022313, -0.000679085438605, -0.000231383353821, 0.000522773072589, 0.000100123412267, 0.000264624482952], [5.86093265156e-05, -0.000269707670668, -0.00035092010512, 0.00227628624998, -0.000106045561552, 0.000131409076857, -0.00163106340915, 0.000500580121297, -0.000576311140321, -0.0003339505638, -0.000277355167782, 0.000212321072468, -0.00113948481157], [-8.49068746902e-05, -0.000355264433892, -0.00028471738915, -0.000106045561552, 0.0060078939423, -0.00291340169497, -0.000229327299166, -0.0025303370785, 0.00281444680877, -0.00123117573094, -0.00188270467333, -0.00303053250536, 0.00135400064755], [-0.000117491617857, -0.000263418944087, 2.85990863631e-05, 0.000131409076857, -0.00291340169497, 0.0103354053572, -0.00443454738706, 0.00302842003293, -0.00390427047387, 0.000694024376571, -0.00127058534417, 0.00103036232758, -0.00286742113531], [-4.27437953476e-06, 0.000153053508257, 0.000171226769453, -0.00163106340915, -0.000229327299166, -0.00443454738706, 0.0106314513832, -0.00400594901294, 0.00174005760346, -0.00207879557274, 0.00283273775131, -0.000331119663315, -0.000620716600679], [-0.00011841088417, 3.13064010697e-05, 0.000165678022313, 0.000500580121297, -0.0025303370785, 0.00302842003293, -0.00400594901294, 0.0107396934181, -0.0048010321334, 0.000598686456215, -0.00200767396018, 0.00230469368398, 0.000535517232493], [1.54301342263e-05, -0.000212210477912, -0.000679085438605, -0.000576311140321, 0.00281444680877, -0.00390427047387, 0.00174005760346, -0.0048010321334, 0.0157172717154, -0.00643652211875, 0.00127013493329, -0.00344775989652, 0.000656689284369], [-3.23619133269e-05, 0.000259919615928, -0.000231383353821, -0.0003339505638, -0.00123117573094, 0.000694024376571, -0.00207879557274, 0.000598686456215, -0.00643652211875, 0.0178508255631, -0.00863905437291, 0.000308558024699, 0.00027567948564], [-4.2403495172e-05, -0.000123258403619, 0.000522773072589, -0.000277355167782, -0.00188270467333, -0.00127058534417, 0.00283273775131, -0.00200767396018, 0.00127013493329, -0.00863905437291, 0.0171902664006, -0.00467267259955, -0.000820770510472], [-0.000170958257513, 0.00021793571068, 0.000100123412267, 0.000212321072468, -0.00303053250536, 0.00103036232758, -0.000331119663315, 0.00230469368398, -0.00344775989652, 0.000308558024699, -0.00467267259955, 0.0157980527729, -0.00540300970897], [9.17611469049e-05, 0.000165255085449, 0.000264624482952, -0.00113948481157, 0.00135400064755, -0.00286742113531, -0.000620716600679, 0.000535517232493, 0.000656689284369, 0.00027567948564, -0.000820770510472, -0.00540300970897, 0.0149584794417]]}, "spectral_contrast_coeffs": {"dmean": [0.0473314449191, 0.0456786006689, 0.0401106178761, 0.0342816449702, 0.0242622047663, 0.0204016659409], "dmean2": [0.0771172195673, 0.0733765214682, 0.0612197443843, 0.0526610650122, 0.0382474884391, 0.0316806770861], "dvar": [0.00177831377368, 0.00181923341006, 0.00146876461804, 0.00117268133909, 0.000596862228122, 0.000442300894065], "dvar2": [0.00456703873351, 0.00439408048987, 0.00324590783566, 0.00249997829087, 0.00134572293609, 0.00106015102938], "max": [-0.262820631266, -0.358334839344, -0.355921506882, -0.443070024252, -0.53688710928, -0.604049563408], "mean": [-0.605981469154, -0.628967761993, -0.687334477901, -0.742613315582, -0.792322635651, -0.801490485668], "median": [-0.622675895691, -0.620081663132, -0.681056678295, -0.77169418335, -0.808530449867, -0.805861711502], "min": [-0.954108834267, -0.957271099091, -0.958755791187, -0.956181406975, -0.96564000845, -0.961549520493], "var": [0.0141747603193, 0.00753813842312, 0.0104866176844, 0.0107914516702, 0.00467127608135, 0.00175563199446]}, "spectral_contrast_valleys": {"dmean": [0.447465658188, 0.401087611914, 0.391039997339, 0.386599212885, 0.392489224672, 0.571864783764], "dmean2": [0.694362998009, 0.627015829086, 0.610518693924, 0.585173249245, 0.553934693336, 0.687570631504], "dvar": [0.26685872674, 0.185373559594, 0.192423507571, 0.213505357504, 0.246262267232, 0.439191281796], "dvar2": [0.521031200886, 0.389234960079, 0.405598670244, 0.438043326139, 0.499306827784, 0.795914292336], "max": [-4.71009635925, -4.59760951996, -5.3764166832, -5.52469348907, -5.81008195877, -7.62020540237], "mean": [-7.86