{"lowlevel": {"average_loudness": 0.737848579884, "barkbands_crest": {"dmean": 3.35954999924, "dmean2": 5.34185361862, "dvar": 12.3876247406, "dvar2": 23.8993873596, "max": 26.5350837708, "mean": 10.5707149506, "median": 8.1840133667, "min": 2.35001850128, "var": 41.2742080688}, "barkbands_flatness_db": {"dmean": 0.0376594662666, "dmean2": 0.0568519681692, "dvar": 0.00143150007352, "dvar2": 0.00300806923769, "max": 0.511713147163, "mean": 0.125632897019, "median": 0.109437793493, "min": 0.0201372802258, "var": 0.00480298046023}, "barkbands_kurtosis": {"dmean": 9.59002399445, "dmean2": 15.9896059036, "dvar": 1387.62182617, "dvar2": 3667.38793945, "max": 980.126708984, "mean": 8.72085094452, "median": 0.335561990738, "min": -1.88886380196, "var": 1360.49536133}, "barkbands_skewness": {"dmean": 1.10023009777, "dmean2": 1.68948817253, "dvar": 2.3457672596, "dvar2": 5.52334213257, "max": 25.2342891693, "mean": 1.47026693821, "median": 0.900316119194, "min": -5.73429298401, "var": 5.9381108284}, "barkbands_spread": {"dmean": 11.5328636169, "dmean2": 18.1516094208, "dvar": 139.4974823, "dvar2": 309.807098389, "max": 107.288360596, "mean": 32.4905319214, "median": 29.9117507935, "min": 0.144024312496, "var": 407.26071167}, "dissonance": {"dmean": 0.0170722231269, "dmean2": 0.0285977236927, "dvar": 0.000380848825444, "dvar2": 0.000977207208052, "max": 0.5, "mean": 0.475335001945, "median": 0.483035951853, "min": 0.274244308472, "var": 0.000641042250209}, "dynamic_complexity": 3.74723005295, "erbbands_crest": {"dmean": 2.65837407112, "dmean2": 4.30963802338, "dvar": 7.04296827316, "dvar2": 17.2820167542, "max": 29.9211215973, "mean": 7.62565755844, "median": 6.72216176987, "min": 2.18768048286, "var": 12.9018936157}, "erbbands_flatness_db": {"dmean": 0.0252446085215, "dmean2": 0.0367533378303, "dvar": 0.000599302176852, "dvar2": 0.00119585182983, "max": 0.350756943226, "mean": 0.140901878476, "median": 0.132350817323, "min": 0.0460884720087, "var": 0.00209423759952}, "erbbands_kurtosis": {"dmean": 1.32149088383, "dmean2": 2.15196347237, "dvar": 4.68875551224, "dvar2": 10.6958885193, "max": 54.1585845947, "mean": 0.475209057331, "median": -0.210425853729, "min": -1.85793733597, "var": 7.46106672287}, "erbbands_skewness": {"dmean": 0.503529191017, "dmean2": 0.771322846413, "dvar": 0.233506843448, "dvar2": 0.53308981657, "max": 6.37839698792, "mean": -0.164377197623, "median": -0.212998643517, "min": -3.88400292397, "var": 0.727351665497}, "erbbands_spread": {"dmean": 13.6861553192, "dmean2": 21.6157741547, "dvar": 205.517379761, "dvar2": 487.662963867, "max": 156.771713257, "mean": 43.925994873, "median": 38.427444458, "min": 2.8567609787, "var": 548.678161621}, "hfc": {"dmean": 11.2814559937, "dmean2": 16.5675048828, "dvar": 238.416625977, "dvar2": 485.048492432, "max": 366.16494751, "mean": 29.7846431732, "median": 14.0377426147, "min": 1.1941577693e-16, "var": 1397.55944824}, "melbands_crest": {"dmean": 3.85450100899, "dmean2": 6.19843387604, "dvar": 13.6586074829, "dvar2": 29.1273498535, "max": 31.8183250427, "mean": 14.4205522537, "median": 13.2704143524, "min": 2.32081651688, "var": 45.325969696}, "melbands_flatness_db": {"dmean": 0.0480309687555, "dmean2": 0.0718398615718, "dvar": 0.00232328218408, "dvar2": 0.0048742047511, "max": 0.641457021236, "mean": 0.17970636487, "median": 0.15649689734, "min": 0.00693748611957, "var": 0.00939764175564}, "melbands_kurtosis": {"dmean": 21.0755348206, "dmean2": 33.8360977173, "dvar": 2406.74731445, "dvar2": 5796.69433594, "max": 862.209655762, "mean": 26.435218811, "median": 5.2735710144, "min": -1.84296894073, "var": 3886.97290039}, "melbands_skewness": {"dmean": 1.42370605469, "dmean2": 2.22241950035, "dvar": 3.21038341522, "dvar2": 7.24299383163, "max": 21.4325752258, "mean": 3.1149930954, "median": 2.1529519558, "min": -2.75649642944, "var": 9.81188297272}, "melbands_spread": {"dmean": 17.361530304, "dmean2": 26.6170024872, "dvar": 417.762298584, "dvar2": 910.311950684, "max": 276.239746094, "mean": 42.5242614746, "median": 31.6996765137, "min": 0.27295601368, "var": 1400.09887695}, "pitch_salience": {"dmean": 0.104850031435, "dmean2": 0.166367575526, "dvar": 0.0111895995215, "dvar2": 0.0244613997638, "max": 0.921896338463, "mean": 0.520994901657, "median": 0.5651242733, "min": 0.0367002859712, "var": 0.0362910144031}, "silence_rate_20dB": {"dmean": 0, "dmean2": 0, "dvar": 0, "dvar2": 0, "max": 1, "mean": 1, "median": 1, "min": 1, "var": 0}, "silence_rate_30dB": {"dmean": 0, "dmean2": 0, "dvar": 0, "dvar2": 0, "max": 1, "mean": 1, "median": 1, "min": 1, "var": 0}, "silence_rate_60dB": {"dmean": 0.0716524869204, "dmean2": 0.143209040165, "dvar": 0.0665121674538, "dvar2": 0.146437212825, "max": 1, "mean": 0.124370314181, "median": 0, "min": 0, "var": 0.10888838768}, "spectral_centroid": {"dmean": 483.90713501, "dmean2": 736.933349609, "dvar": 253962.65625, "dvar2": 534929.375, "max": 11599.8222656, "mean": 2135.40405273, "median": 2070.16552734, "min": 107.97568512, "var": 1049080.125}, "spectral_complexity": {"dmean": 6.44917154312, "dmean2": 9.28059577942, "dvar": 52.4539337158, "dvar2": 93.0155334473, "max": 55, "mean": 16.0786972046, "median": 13, "min": 0, "var": 148.727218628}, "spectral_decrease": {"dmean": 2.41603714812e-09, "dmean2": 3.79403486406e-09, "dvar": 1.39463974765e-17, "dvar2": 3.94326427863e-17, "max": -6.8331825908e-29, "mean": -4.9126036572e-09, "median": -2.85558909852e-09, "min": -2.61311701166e-08, "var": 2.92562863876e-17}, "spectral_energy": {"dmean": 0.00971186347306, "dmean2": 0.0151852881536, "dvar": 0.00020412314916, "dvar2": 0.00056964304531, "max": 0.0997247621417, "mean": 0.0212428551167, "median": 0.0135215874761, "min": 1.10892559933e-20, "var": 0.000465154560516}, "spectral_energyband_high": {"dmean": 0.00116793287452, "dmean2": 0.00171852984931, "dvar": 2.81478787656e-06, "dvar2": 5.65078198633e-06, "max": 0.0400305725634, "mean": 0.00267717521638, "median": 0.000654808536638, "min": 8.05192713999e-21, "var": 1.53437085828e-05}, "spectral_energyband_low": {"dmean": 0.00586306909099, "dmean2": 0.00901780463755, "dvar": 0.000113606358354, "dvar2": 0.00028184443363, "max": 0.095042899251, "mean": 0.00990762282163, "median": 0.00238035665825, "min": 1.27132507941e-22, "var": 0.000284542591544}, "spectral_energyband_middle_high": {"dmean": 0.00204422790557, "dmean2": 0.00323248864152, "dvar": 7.3679302659e-06, "dvar2": 1.74830856849e-05, "max": 0.0439468845725, "mean": 0.00431632297114, "median": 0.00277923070826, "min": 1.64071224013e-21, "var": 2.30520126934e-05}, "spectral_energyband_middle_low": {"dmean": 0.00478269858286, "dmean2": 0.00802109017968, "dvar": 0.000136153306812, "dvar2": 0.000374226248823, "max": 0.0766328945756, "mean": 0.00520153017715, "median": 0.0016519294586, "min": 3.42491370983e-22, "var": 0.000107404695882}, "spectral_entropy": {"dmean": 0.257480084896, "dmean2": 0.379712611437, "dvar": 0.0645909681916, "dvar2": 0.133143737912, "max": 9.80961704254, "mean": 7.75679779053, "median": 7.80481243134, "min": 4.91265821457, "var": 0.202506124973}, "spectral_flux": {"dmean": 0.0288818906993, "dmean2": 0.0441737398505, "dvar": 0.00120789522771, "dvar2": 0.00237956852652, "max": 0.298041075468, "mean": 0.0852352753282, "median": 0.0741221085191, "min": 1.05305535125e-10, "var": 0.0030548479408}, "spectral_kurtosis": {"dmean": 1.56828594208, "dmean2": 2.52292847633, "dvar": 8.33472824097, "dvar2": 20.6491527557, "max": 57.5755958557, "mean": 3.67883086205, "median": 3.10242414474, "min": -1.15943443775, "var": 12.5668725967}, "spectral_rms": {"dmean": 0.000994563684799, "dmean2": 0.00148984510452, "dvar": 1.33651178658e-06, "dvar2": 3.22344681081e-06, "max": 0.00986369326711, "mean": 0.00397862540558, "median": 0.00363205070607, "min": 3.28919226925e-12, "var": 4.89527110403e-06}, "spectral_rolloff": {"dmean": 1163.48474121, "dmean2": 1888.27990723, "dvar": 2354021.25, "dvar2": 4825337, "max": 18410.8886719, "mean": 2922.53808594, "median": 2260.98632812, "min": 64.599609375, "var": 7155356.5}, "spectral_skewness": {"dmean": 0.24726125598, "dmean2": 0.379827588797, "dvar": 0.0935698226094, "dvar2": 0.216940805316, "max": 6.35761594772, "mean": 1.31826400757, "median": 1.27956426144, "min": -0.0675007477403, "var": 0.226621091366}, "spectral_spread": {"dmean": 852223.1875, "dmean2": 1235834.75, "dvar": 952394711040, "dvar2": 1838971879420.0, "max": 39545436, "mean": 5273429.5, "median": 5133308, "min": 1089060, "var": 3396462706690.0}, "spectral_strongpeak": {"dmean": 0.778489947319, "dmean2": 1.32603931427, "dvar": 2.91512989998, "dvar2": 7.27734470367, "max": 27.4845104218, "mean": 1.0757240057, "median": 0.34360948205, "min": 0, "var": 4.39644098282}, "zerocrossingrate": {"dmean": 0.0207588411868, "dmean2": 0.0230557750911, "dvar": 0.000432133994764, "dvar2": 0.00049985840451, "max": 0.5048828125, "mean": 0.0896837562323, "median": 0.078125, "min": 0.0029296875, "var": 0.00347779528238}, "barkbands": {"dmean": [5.29304379597e-05, 0.00436041131616, 0.00192570080981, 0.00216728332452, 0.00150965549983, 0.00047734437976, 0.000467353704153, 0.000426060549216, 0.000410261505749, 0.000195686996449, 0.000443656026619, 0.000424330908572, 0.000254502141615, 0.00028650771128, 0.000248922209721, 0.000282917317236, 0.000229640863836, 0.000195522210561, 0.00039335389738, 0.000462547992356, 0.000364647712559, 0.000241464629653, 0.00017968424072, 0.000163119795616, 0.000154579392984, 9.01488310774e-05, 2.32126767514e-05], "dmean2": [9.22913459362e-05, 0.00586244976148, 0.00309336278588, 0.00401592208073, 0.00263852649368, 0.000742299307603, 0.000775227032136, 0.000731169187929, 0.000675787508953, 0.000302420317894, 0.00069808983244, 0.000714086811058, 0.000414491951233, 0.000450608931715, 0.000395638780901, 0.00047483574599, 0.000375967589207, 0.00031579536153, 0.00061581027694, 0.000723628909327, 0.000575548852794, 0.000366224849131, 0.000272866571322, 0.00024302896054, 0.000229172364925, 0.0001316339185, 3.39705911756e-05], "dvar": [1.09042908036e-08, 8.48050840432e-05, 2.04322968784e-05, 5.12487094966e-05, 1.51566764544e-05, 8.5247899051e-07, 1.0142634892e-06, 9.93062144516e-07, 7.2128057127e-07, 1.1425068891e-07, 9.90630383058e-07, 6.63314210669e-07, 3.44635651572e-07, 6.03278351718e-07, 6.81199537667e-07, 2.33748039591e-07, 1.90102539932e-07, 1.6845922346e-07, 4.46867602477e-07, 6.16605802861e-07, 3.96404828962e-07, 1.36661128636e-07, 9.90989690308e-08, 1.33706109295e-07, 1.25692693587e-07, 4.77188386583e-08, 3.01088243226e-09], "dvar2": [3.059693654e-08, 0.00013894282165, 4.7172055929e-05, 0.000146256017615, 4.32867200288e-05, 1.8878197352e-06, 2.74253602583e-06, 2.7706248602e-06, 1.85485339443e-06, 2.54832883684e-07, 2.32561751545e-06, 1.78757920821e-06, 7.47483454688e-07, 1.1601098322e-06, 1.44517650824e-06, 6.23944458766e-07, 4.59605558945e-07, 4.04352533678e-07, 1.0371524013e-06, 1.57398039846e-06, 9.26927896217e-07, 3.17657850246e-07, 2.13236774016e-07, 2.73095366765e-07, 2.69003663789e-07, 9.34898594096e-08, 6.58420695743e-09], "max": [0.0014434158802, 0.0826979726553, 0.0463224053383, 0.0555393509567, 0.0444766581059, 0.0316168628633, 0.0153346005827, 0.0189085938036, 0.0181907452643, 0.00595986517146, 0.0332237705588, 0.0194037947804, 0.0145953297615, 0.0224994719028, 0.0277040824294, 0.00705909216776, 0.00702624302357, 0.0185214783996, 0.0138691319153, 0.0110496077687, 0.015965661034, 0.00655251042917, 0.008061863482, 0.0154618490487, 0.0110089369118, 0.00498144328594, 0.00100006686989], "mean": [6.56997581245e-05, 0.00701830955222, 0.00208613509312, 0.00143870676402, 0.00156134937424, 0.000628383364528, 0.000519854016602, 0.00045618621516, 0.000491088198032, 0.000258389278315, 0.000676959461998, 0.000511814665515, 0.000313434313284, 0.000345536391251, 0.000309774768539, 0.000396125251427, 0.000323171116179, 0.000282586901449, 0.000636922137346, 0.000801602785941, 0.000513848906849, 0.000460517185275, 0.000302340748021, 0.00029334667488, 0.00029722173349, 0.000207976525417, 4.55693407275e-05], "median": [2.21035861614e-05, 0.00144129781984, 0.000356570846634, 0.000158147740876, 0.000235674364376, 0.000153161265189, 0.000129343970912, 0.000136210612254, 0.000150154854055, 9.78795433184e-05, 0.000209035890293, 0.000157099639182, 6.91589593771e-05, 5.78460640099e-05, 6.67189451633e-05, 0.000117723204312, 9.6345487691e-05, 8.81777450559e-05, 0.000211931983358, 0.000175921974005, 0.00010068967822, 0.000103743215732, 7.09057785571e-05, 5.40749424545e-05, 4.26778533438e-05, 1.72110685526e-05, 1.38616633194e-06], "min": [1.63198944538e-23, 6.82303782954e-23, 4.1305337599e-23, 1.53743010862e-23, 2.04812461694e-23, 1.86055905277e-23, 4.70284256476e-23, 1.00162735676e-22, 9.69227640313e-23, 1.88166613069e-22, 6.78054725683e-23, 1.42379182377e-22, 1.364871361e-22, 6.50450084472e-23, 1.55728804108e-22, 1.32579030823e-22, 2.6510439386e-22, 1.35210266906e-22, 2.48959276273e-22, 2.97745135712e-22, 4.6781688258e-22, 4.81144618154e-22, 7.41336491168e-22, 9.5087854633e-22, 1.40290831534e-21, 1.59118045906e-21, 2.43584677311e-21], "var": [1.51878349897e-08, 0.000200861366466, 2.37615895458e-05, 2.95661229757e-05, 1.66756726685e-05, 1.22774770261e-06, 9.32213879423e-07, 8.70181111168e-07, 7.94527352355e-07, 1.88751599239e-07, 1.87969271792e-06, 8.67154369644e-07, 6.71831287491e-07, 1.14964473141e-06, 1.10121663965e-06, 4.24864566639e-07, 3.70589702925e-07, 4.35855042724e-07, 1.00866077446e-06, 1.64821892668e-06, 9.27034932374e-07, 4.97194548643e-07, 2.95498836067e-07, 6.0810702962e-07, 4.8177133749e-07, 2.19319716166e-07, 1.03296304843e-08]}, "erbbands": {"dmean": [0.0835976973176, 1.15200686455, 2.10618543625, 5.10972070694, 6.77952623367, 4.69424057007, 4.39219665527, 3.46741199493, 5.37484788895, 9.59855365753, 7.96983528137, 9.00496768951, 6.91307401657, 6.77999210358, 23.2573432922, 14.5822896957, 11.5405225754, 12.2372751236, 13.1254329681, 14.7381429672, 13.9098386765, 11.5211801529, 10.6213312149, 19.401517868, 15.9412031174, 21.8126525879, 17.1863384247, 12.9305315018, 7.61575317383, 7.12227392197, 5.22355461121, 3.58981895447, 2.77877736092, 1.67541241646, 1.16361987591, 0.50372248888, 0.190982982516, 0.0348017327487, 0.00353418802842, 0.000193383806618], "dmean2": [0.104428417981, 1.54399943352, 3.29871916771, 9.25569534302, 12.3248319626, 8.23562049866, 7.28661632538, 5.35657405853, 8.66844940186, 16.3951816559, 13.2865715027, 15.0650854111, 11.0306348801, 10.8086519241, 37.1356315613, 24.5516242981, 18.8763256073, 18.9890041351, 21.9780387878, 22.7116966248, 22.9156017303, 18.9612350464, 17.2368068695, 30.2888355255, 24.7587242126, 34.8853912354, 27.1350040436, 20.0135288239, 11.5024547577, 11.165178299, 7.89371538162, 5.25098514557, 4.22781276703, 2.49084591866, 1.73175680637, 0.766472280025, 0.285076856613, 0.0503640845418, 0.00515491189435, 0.000285335961962], "dvar": [0.0213721506298, 6.03771114349, 19.1677074432, 270.479156494, 403.968780518, 158.165542603, 149.716445923, 32.0368614197, 107.938560486, 492.202484131, 260.464233398, 368.077270508, 195.842651367, 95.6691665649, 2819.04785156, 822.834106445, 609.574584961, 688.761779785, 1385.21655273, 1679.61608887, 480.516021729, 404.129699707, 504.417724609, 1684.05786133, 789.346618652, 1729.88562012, 927.980834961, 379.345214844, 118.686172485, 125.780647278, 89.1787948608, 65.505645752, 42.4684104919, 17.2584781647, 7.18553495407, 1.30248522758, 0.213844686747, 0.00718454830348, 5.61953202123e-05, 1.55330852181e-07], "dvar2": [0.0278424695134, 10.3370790482, 39.516242981, 765.509155273, 1153.12854004, 481.116882324, 374.494293213, 68.0585632324, 278.244018555, 1360.31359863, 713.237121582, 996.464355469, 468.347839355, 225.132904053, 6683.69140625, 2303.70605469, 1410.33068848, 1325.60925293, 3780.8137207, 2948.0246582, 1238.77893066, 1021.33636475, 1210.39428711, 3811.39892578, 1869.21899414, 4584.08251953, 2149.25048828, 891.753845215, 270.029663086, 322.763977051, 186.158401489, 136.081054688, 99.9344100952, 37.7509307861, 15.976272583, 2.75550341606, 0.451978474855, 0.015692519024, 0.000121189907077, 3.37874723755e-07], "max": [1.64675152302, 22.624130249, 39.4687423706, 123.091697693, 159.229187012, 198.222808838, 563.285949707, 111.616195679, 101.154426575, 333.783874512, 231.891525269, 334.578308105, 332.477630615, 167.971420288, 1622.93579102, 638.121582031, 548.406921387, 510.696044922, 1162.38671875, 1790.56286621, 335.650421143, 265.12487793, 1280.88195801, 1004.98144531, 971.60345459, 565.262878418, 1176.74743652, 232.56388855, 149.697937012, 216.159805298, 223.33013916, 327.20892334, 291.195037842, 147.624298096, 88.4639129639, 28.9226589203, 9.4750213623, 1.93686747551, 0.163857519627, 0.00770130287856], "mean": [0.136783614755, 1.7839217186, 2.94334578514, 3.73701453209, 5.30669689178, 5.10719919205, 4.69317054749, 4.94333839417, 6.63609933853, 10.2870702744, 9.40029335022, 10.4749412537, 9.23226070404, 10.1537075043, 35.3012199402, 18.0733795166, 14.7547388077, 16.4049301147, 15.4736175537, 20.3753757477, 21.2886695862, 16.7935905457, 16.9214096069, 32.7560348511, 25.044801712, 35.6321334839, 29.039024353, 21.0643386841, 13.2449645996, 12.4744462967, 8.64817619324, 6.48827219009, 4.81790065765, 3.04611468315, 2.10461807251, 1.01429009438, 0.399070978165, 0.071933850646, 0.00707481894642, 0.00039086479228], "median": [0.0314124748111, 0.355884343386, 0.499673575163, 0.749260663986, 0.575029492378, 0.793432116508, 1.11782550812, 1.22551095486, 1.45339238644, 2.67737102509, 3.01689243317, 3.2680015564, 3.62603020668, 5.30003023148, 8.44565200806, 7.11075782776, 3.97017741203, 3.47383284569, 3.68365502357, 6.67154693604, 7.61520290375, 5.99758052826, 6.59269285202, 9.31882572174, 9.5983171463, 8.25156784058, 5.87147760391, 4.75509262085, 3.80281543732, 3.04785490036, 1.9288649559, 1.39388513565, 0.808251559734, 0.487711369991, 0.278051316738, 0.109550043941, 0.0228210519999, 0.00285549112596, 0.000268289470114, 4.26297228842e-05], "min": [1.33419466823e-21, 1.74495769702e-20, 5.30244550761e-20, 4.73168022207e-20, 4.69070343936e-20, 8.83186103772e-20, 8.48616222646e-20, 2.00618517956e-19, 5.56680196238e-19, 1.38680055699e-18, 1.77662699824e-18, 2.2546393714e-18, 4.00667511721e-18, 6.4593351166e-18, 2.86861438786e-18, 5.92909414598e-18, 6.53604040198e-18, 3.89179668733e-18, 4.93206564312e-18, 9.21346522614e-18, 7.73774937074e-18, 1.53597215799e-17, 9.47486753459e-18, 7.98455525011e-18, 1.48659377676e-17, 1.39700962011e-17, 1.65212337068e-17, 2.02278664276e-17, 1.69259202409e-17, 1.62853730813e-17, 2.10036476912e-17, 2.07207817002e-17, 1.66357965672e-17, 1.35438094996e-17, 1.04333920207e-17, 5.84903795193e-18, 3.58692272896e-18, 1.30008152651e-18, 3.56743947191e-19, 3.30158446314e-20], "var": [0.0661659985781, 13.5706539154, 34.8250389099, 164.703643799, 256.95690918, 239.909683228, 150.161590576, 60.0097312927, 128.587722778, 419.633514404, 251.753753662, 360.349884033, 282.862365723, 191.08454895, 5464.19628906, 1017.11810303, 1072.11633301, 1650.32641602, 1789.54138184, 3202.7421875, 992.926208496, 715.386962891, 1670.45349121, 3900.28881836, 1712.5423584, 3633.19677734, 3261.41748047, 975.463928223, 326.866668701, 385.797729492, 253.206848145, 234.005813599, 174.13822937, 67.0286407471, 25.4246330261, 5.28832626343, 0.816503465176, 0.0266466308385, 0.000235031344346, 5.79108814236e-07]}, "gfcc": {"mean": [-20.3686332703, 46.8605499268, -110.676651001, 40.4127235413, -51.6015739441, 19.2525901794, -22.372795105, 13.6171169281, -22.6062793732, 5.27897262573, -13.7391691208, 3.3734972477, -10.5837478638], "cov": [[11583.4443359, -2400.05419922, 388.297668457, -116.457473755, -153.297286987, -12.6370649338, -220.64453125, -35.3002281189, -539.929382324, 153.859863281, -329.364929199, 84.2219314575, -180.295684814], [-2400.05419922, 3443.74755859, -70.6145401001, 2.21934008598, -11.6123857498, -274.205810547, -52.5590896606, -118.217056274, 322.875244141, -223.342590332, 193.377761841, -181.76991272, 92.7577438354], [388.297668457, -70.6145401001, 1142.06469727, 299.247802734, 104.858283997, 210.906143188, 60.4943733215, 70.7213973999, -27.9489822388, 38.1778488159, -10.2230796814, 19.9066562653, -0.125433072448], [-116.457473755, 2.21934008598, 299.247802734, 597.152893066, 227.228805542, 229.149581909, 156.10786438, 68.3063735962, 27.2060832977, 57.1060638428, 31.9710941315, -12.9994716644, 20.5809173584], [-153.297286987, -11.6123857498, 104.858283997, 227.228805542, 598.977111816, 231.437606812, 209.617828369, 76.2457885742, 98.2700424194, 21.7236804962, 29.233833313, 31.3589344025, 12.8885822296], [-12.6370649338, -274.205810547, 210.906143188, 229.149581909, 231.437606812, 374.001647949, 168.942642212, 125.436882019, 31.2556266785, 63.2592163086, 17.9875850677, 27.7900028229, 10.467256546], [-220.64453125, -52.5590896606, 60.4943733215, 156.10786438, 209.617828369, 168.942642212, 400.984405518, 189.225631714, 70.8186416626, 37.458240509, 58.5069160461, 59.39037323, 21.5694465637], [-35.3002281189, -118.217056274, 70.7213973999, 68.3063735962, 76.2457885742, 125.436882019, 189.225631714, 245.897705078, 77.3301544189, 59.4141845703, 39.6168899536, 38.4412765503, 1.15592753887], [-539.929382324, 322.875244141, -27.9489822388, 27.2060832977, 98.2700424194, 31.2556266785, 70.8186416626, 77.3301544189, 173.702453613, 45.3933410645, 58.1588630676, -4.41791248322, 29.0815677643], [153.859863281, -223.342590332, 38.1778488159, 57.1060638428, 21.7236804962, 63.2592163086, 37.458240509, 59.4141845703, 45.3933410645, 146.175430298, 24.6360740662, 21.4586753845, 4.20764255524], [-329.364929199, 193.377761841, -10.2230796814, 31.9710941315, 29.233833313, 17.9875850677, 58.5069160461, 39.6168899536, 58.1588630676, 24.6360740662, 112.240905762, 41.7471923828, 29.5157260895], [84.2219314575, -181.76991272, 19.9066562653, -12.9994716644, 31.3589344025, 27.7900028229, 59.39037323, 38.4412765503, -4.41791248322, 21.4586753845, 41.7471923828, 116.215904236, 41.8672637939], [-180.295684814, 92.7577438354, -0.125433072448, 20.5809173584, 12.8885822296, 10.467256546, 21.5694465637, 1.15592753887, 29.0815677643, 4.20764255524, 29.5157260895, 41.8672637939, 78.6347579956]], "icov": [[0.00011809951684, 2.07929788303e-05, -2.9900282243e-05, 1.96950113605e-05, -6.06764624536e-05, 7.47973390389e-05, 5.35742983629e-05, -0.000102952719317, 0.00033865426667, -0.000215250183828, 0.000196804845473, -9.05228371266e-05, 8.84568653419e-05], [2.07929788303e-05, 0.000693167850841, -0.000147540660691, -5.85520538152e-05, 6.34274256299e-05, 0.000392873451347, -8.22605288704e-05, 0.000321605126373, -0.00121628877241, 0.00122065993492, -0.00123704865109, 0.0013208311284, -0.000654166156892], [-2.9900282243e-05, -0.000147540660691, 0.00112024985719, -0.000485681870487, 7.18955052434e-05, -0.000496655120514, 0.000249330507359, -0.000271204888122, 0.000331684190314, -0.00014293420827, 0.000450772669865, -0.000612479168922, 0.000266192248091], [1.96950113605e-05, -5.85520538152e-05, -0.000485681870487, 0.00281569943763, -0.000640551908873, -0.00087788165547, -0.000584548804909, 0.000140579650179, 0.00117472256534, -0.000977839459665, -0.000896015611943, 0.00195317552425, -0.00132910360117], [-6.06764624536e-05, 6.34274256299e-05, 7.18955052434e-05, -0.000640551908873, 0.00301635731012, -0.00141057302244, -0.00104746688157, 0.00142563285772, -0.00261934660375, 0.00110769609455, 0.000664808729198, -0.00136500084773, 0.0013002284104], [7.47973390389e-05, 0.000392873451347, -0.000496655120514, -0.00087788165547, -0.00141057302244, 0.0053876475431, -0.000380400917493, -0.00160908419639, 0.000751522020437, -0.000675171089824, -0.000318802049151, 0.00102636602242, -0.00108953996096], [5.35742983629e-05, -8.22605288704e-05, 0.000249330507359, -0.000584548804909, -0.00104746688157, -0.000380400917493, 0.00513148400933, -0.0033869270701, 0.000597169913817, 0.000456451147329, -0.00058028078638, -0.00120353524107, -0.000148863633513], [-0.000102952719317, 0.000321605126373, -0.000271204888122, 0.000140579650179, 0.00142563285772, -0.00160908419639, -0.0033869270701, 0.00895124208182, -0.00454026414081, -6.47542983643e-05, -0.000160847383086, -0.0016902416246, 0.0027682245709], [0.00033865426667, -0.00121628877241, 0.000331684190314, 0.00117472256534, -0.00261934660375, 0.000751522020437, 0.000597169913817, -0.00454026414081, 0.015074483119, -0.00572855584323, -0.00213090726174, 0.00357210007496, -0.0042340173386], [-0.000215250183828, 0.00122065993492, -0.00014293420827, -0.000977839459665, 0.00110769609455, -0.000675171089824, 0.000456451147329, -6.47542983643e-05, -0.00572855584323, 0.0115885455161, -0.00259051448666, -4.82473524244e-06, 0.000579774263315], [0.000196804845473, -0.00123704865109, 0.000450772669865, -0.000896015611943, 0.000664808729198, -0.000318802049151, -0.00058028078638, -0.000160847383086, -0.00213090726174, -0.00259051448666, 0.0164648536593, -0.00796860642731, 0.00122997513972], [-9.05228371266e-05, 0.0013208311284, -0.000612479168922, 0.00195317552425, -0.00136500084773, 0.00102636602242, -0.00120353524107, -0.0016902416246, 0.00357210007496, -4.82473524244e-06, -0.00796860642731, 0.0190739054233, -0.0103209456429], [8.84568653419e-05, -0.000654166156892, 0.000266192248091, -0.00132910360117, 0.0013002284104, -0.00108953996096, -0.000148863633513, 0.0027682245709, -0.0042340173386, 0.000579774263315, 0.00122997513972, -0.0103209456429, 0.0205401647836]]}, "melbands": {"dmean": [0.0010022604838, 0.00121577561367, 0.000941977836192, 0.00039169396041, 0.000155957619427, 7.93822764535e-05, 8.78872961039e-05, 0.000106331259303, 6.50061847409e-05, 5.79107036174e-05, 3.40734040947e-05, 2.64841073658e-05, 6.82789977873e-05, 5.26771545992e-05, 3.2370477129e-05, 2.56513449131e-05, 2.43854192377e-05, 2.42639653152e-05, 1.96125929506e-05, 2.27919299505e-05, 1.60447525559e-05, 1.34934016387e-05, 1.07972036858e-05, 9.73977785179e-06, 1.756392885e-05, 1.42228400364e-05, 1.1174989595e-05, 1.62602154887e-05, 1.20224567581e-05, 1.15348375402e-05, 7.04133572071e-06, 4.99326597492e-06, 3.99667533202e-06, 3.7232930481e-06, 2.97271776617e-06, 3.03563479065e-06, 2.19651337829e-06, 2.25358894568e-06, 1.76115395334e-06, 1.45524631989e-06], "dmean2": [0.0013116300106, 0.00177206879016, 0.00169557798654, 0.000697930634487, 0.000259702181211, 0.000121916782518, 0.000142027551192, 0.00018267944688, 0.000107079969894, 9.67443847912e-05, 5.41056688235e-05, 4.19185198552e-05, 0.000108448926767, 8.76738340594e-05, 5.38360800419e-05, 4.19531643274e-05, 3.77739743271e-05, 4.09148815379e-05, 3.08156522806e-05, 3.70566704078e-05, 2.638109072e-05, 2.22073995246e-05, 1.78637983481e-05, 1.55943216669e-05, 2.74089597951e-05, 2.24821997108e-05, 1.77743095264e-05, 2.59254338744e-05, 1.90835035028e-05, 1.83889442269e-05, 1.10892333396e-05, 7.64112519391e-06, 6.39893050902e-06, 5.89507226323e-06, 4.54926794191e-06, 4.52984204458e-06, 3.28742726197e-06, 3.485517027e-06, 2.73709724752e-06, 2.2096264729e-06], "dvar": [3.99208875024e-06, 5.67810593566e-06, 8.62463457452e-06, 1.11718452445e-06, 1.78347278279e-07, 1.71883112188e-08, 3.0682663521e-08, 6.34487449247e-08, 1.50361287865e-08, 1.70414349299e-08, 4.81106932071e-09, 1.61388413744e-09, 2.52865852701e-08, 1.02048121065e-08, 6.01274541268e-09, 5.07389019688e-09, 3.55914275829e-09, 5.20090104317e-09, 5.26501953146e-09, 1.93923210823e-09, 6.74787448141e-10, 6.4491867402e-10, 4.64825372637e-10, 3.97813199049e-10, 1.60580104769e-09, 6.80388967389e-10, 5.52592083203e-10, 9.29350429946e-10, 5.71045877251e-10, 5.36685640373e-10, 1.32254832086e-10, 5.62715360419e-11, 3.79191504585e-11, 3.69157100721e-11, 2.98031599399e-11, 4.37338013026e-11, 2.26666827668e-11, 2.70192392765e-11, 1.6266139477e-11, 1.3938926402e-11], "dvar2": [5.53534027858e-06, 1.20305157907e-05, 2.43187005253e-05, 3.21036964124e-06, 4.80821768178e-07, 3.62583136848e-08, 8.02285455848e-08, 1.76191775836e-07, 3.96215185106e-08, 4.5425036177e-08, 1.1276629408e-08, 3.81968234819e-09, 5.95447744445e-08, 2.62982666754e-08, 1.52434900258e-08, 1.01786383766e-08, 6.60101395766e-09, 1.37288402868e-08, 1.08526148068e-08, 4.53163373493e-09, 1.68867886341e-09, 1.5648558005e-09, 1.1933156685e-09, 9.49195611e-10, 3.62700292023e-09, 1.65656910411e-09, 1.37219979823e-09, 2.45460651804e-09, 1.33664979085e-09, 1.2586687248e-09, 3.30896088307e-10, 1.31323452113e-10, 9.40360497803e-11, 9.52597237203e-11, 6.48791229074e-11, 9.76412978249e-11, 5.0097190285e-11, 6.43366471209e-11, 3.7583863105e-11, 3.19526662074e-11], "max": [0.0204202216119, 0.0237525049597, 0.022127263248, 0.0097032925114, 0.017622673884, 0.00330172223039, 0.00189924694132, 0.00397820910439, 0.00157934601884, 0.00270941248164, 0.00168772123288, 0.000629892922007, 0.00508884945884, 0.00268876645714, 0.00169427099172, 0.00199088454247, 0.00132373743691, 0.00198604282923, 0.00296883261763, 0.00132134114392, 0.000326695793774, 0.0004231807834, 0.000950290996116, 0.000720986747183, 0.000980639597401, 0.000767501245718, 0.000460721174022, 0.000375216477551, 0.000946457672399, 0.00041962499381, 0.000169061167981, 0.000102752092062, 0.000112347341201, 0.000121384204249, 9.9354168924e-05, 0.000272806646535, 0.000178789181518, 0.000220687506953, 0.000163643431733, 0.000123366291518], "mean": [0.00168124062475, 0.00191735336557, 0.000705465790816, 0.000385135179386, 0.000171146937646, 0.000112760484626, 0.000105528175482, 0.000113008216431, 7.84285148256e-05, 6.6404507379e-05, 4.49530489277e-05, 3.47952518496e-05, 0.00010305444448, 7.06326318323e-05, 3.85180210287e-05, 3.04295517708e-05, 3.17957092193e-05, 2.62204994215e-05, 2.4333347028e-05, 3.1597315683e-05, 2.34589297179e-05, 1.84967775567e-05, 1.49861125465e-05, 1.42454518937e-05, 2.88993742288e-05, 1.94300246221e-05, 1.63606873684e-05, 2.59048010776e-05, 2.07705652429e-05, 1.49561701619e-05, 1.19523328976e-05, 8.45283739181e-06, 6.17288515059e-06, 6.35901824353e-06, 4.49418575954e-06, 5.01943759446e-06, 3.72586873709e-06, 3.57846306542e-06, 3.00928468278e-06, 2.44339685196e-06], "median": [0.000368522421923, 0.00038379477337, 0.00013763984316, 5.08205666847e-05, 4.13128946093e-05, 2.79713076452e-05, 2.36167124967e-05, 2.79465857602e-05, 2.27969303523e-05, 2.01847233257e-05, 1.65140845638e-05, 1.50192508954e-05, 2.90808657155e-05, 1.87916593859e-05, 9.90650187305e-06, 5.9807348407e-06, 5.69809481021e-06, 4.92317576573e-06, 5.35524623047e-06, 8.71136489877e-06, 8.03075272415e-06, 5.3666722124e-06, 4.63105334347e-06, 4.65959010398e-06, 6.3516940827e-06, 5.62389641345e-06, 4.20002015744e-06, 4.73623731523e-06, 3.41093186762e-06, 1.79767948794e-06, 2.42243186221e-06, 2.26075530918e-06, 1.60810475336e-06, 1.54038218625e-06, 1.04743185148e-06, 9.22584376895e-07, 7.42479471683e-07, 5.69205042211e-07, 4.77374783259e-07, 3.87897841847e-07], "min": [1.63940158244e-23, 2.72086645909e-23, 8.1481348237e-24, 5.29169709602e-24, 3.3231783263e-24, 4.23702990322e-24, 8.66451055048e-24, 1.83620833657e-23, 1.25009304592e-23, 1.55147719699e-23, 2.0075647024e-23, 2.72066072416e-23, 8.65945474094e-24, 1.34653113381e-23, 1.89768079593e-23, 1.25902942003e-23, 5.96215155709e-24, 6.21507140736e-24, 1.19451590188e-23, 1.22907321601e-23, 7.82909817438e-24, 1.69135817047e-23, 1.07011656032e-23, 6.61181637787e-24, 5.87808343928e-24, 1.15728474371e-23, 1.09194339493e-23, 8.92787886344e-24, 9.91044693052e-24, 9.5655640425e-24, 1.31574780914e-23, 9.80805751818e-24, 8.0758585987e-24, 1.0041538258e-23, 1.20211681336e-23, 1.2515036081e-23, 1.32708460809e-23, 1.03655762855e-23, 1.20574044593e-23, 1.17747390309e-23], "var": [1.09080365291e-05, 1.31646374939e-05, 5.36711149834e-06, 1.10841813239e-06, 1.89662387129e-07, 3.15406225582e-08, 3.40464083592e-08, 5.40686535544e-08, 1.69784026838e-08, 1.67853588806e-08, 7.14322068163e-09, 2.64275512585e-09, 4.73616523777e-08, 1.69682312645e-08, 9.86433867922e-09, 9.62290780393e-09, 8.30368929172e-09, 6.35796704174e-09, 7.79556952324e-09, 3.54346019193e-09, 1.37494782226e-09, 1.22833621052e-09, 1.10149811494e-09, 8.87699636021e-10, 3.72332809029e-09, 1.2003187333e-09, 1.08211750671e-09, 2.02227279367e-09, 2.17514761758e-09, 1.23326815427e-09, 3.84693998878e-10, 1.47535303419e-10, 8.32077046153e-11, 1.07341233124e-10, 7.2254924266e-11, 1.30365759854e-10, 7.33937979835e-11, 8.92520710116e-11, 7.10262751391e-11, 4.51971932103e-11]}, "mfcc": {"mean": [-666.274780273, 80.7045211792, 2.75880694389, 26.7527523041, 0.136306449771, 10.8147716522, 9.21626472473, 10.0938663483, 4.79661846161, 3.96783351898, -0.16204790771, 3.21607613564, 6.58419847488], "cov": [[9344.22167969, -1356.61254883, -144.739974976, -146.076766968, -168.038711548, -81.9219284058, -17.8574409485, -260.067382812, -147.614654541, -174.997131348, -208.960418701, -68.8243865967, -91.2189254761], [-1356.61254883, 2495.30322266, -16.7779560089, 115.241859436, 59.6568717957, -188.76449585, -205.885620117, 9.15449428558, -49.2919120789, -4.01327037811, 55.3785591125, -35.862159729, -48.5759468079], [-144.739974976, -16.7779560089, 990.662231445, 157.121520996, 79.1914901733, 77.6262283325, 91.8631134033, 28.5716438293, 21.5302677155, 38.6250114441, -31.1291465759, -14.012178421, 29.6215362549], [-146.076766968, 115.241859436, 157.121520996, 405.448425293, 124.806694031, 138.065444946, 123.038650513, 71.1507492065, 69.8687057495, 52.4784469604, 47.8017921448, 34.1223831177, 27.2219600677], [-168.038711548, 59.6568717957, 79.1914901733, 124.806694031, 402.91116333, 211.618667603, 83.9107894897, 64.0413360596, 50.7272377014, 55.075843811, 35.9899711609, 11.7469110489, 3.72968101501], [-81.9219284058, -188.76449585, 77.6262283325, 138.065444946, 211.618667603, 316.399383545, 168.719055176, 75.2860870361, 85.3729858398, 46.5385742188, 39.4119300842, 39.1468353271, 18.6570682526], [-17.8574409485, -205.885620117, 91.8631134033, 123.038650513, 83.9107894897, 168.719055176, 284.085357666, 185.664520264, 110.832305908, 75.5203094482, 60.0331459045, 48.5284004211, 65.2870788574], [-260.067382812, 9.15449428558, 28.5716438293, 71.1507492065, 64.0413360596, 75.2860870361, 185.664520264, 252.174713135, 116.109611511, 61.1828384399, 45.6065216064, 42.767124176, 100.898895264], [-147.614654541, -49.2919120789, 21.5302677155, 69.8687057495, 50.7272377014, 85.3729858398, 110.832305908, 116.109611511, 159.392379761, 82.4551773071, 57.5671081543, 43.3598823547, 51.0368804932], [-174.997131348, -4.01327037811, 38.6250114441, 52.4784469604, 55.075843811, 46.5385742188, 75.5203094482, 61.1828384399, 82.4551773071, 145.01864624, 81.781578064, 35.3802604675, 9.99771881104], [-208.960418701, 55.3785591125, -31.1291465759, 47.8017921448, 35.9899711609, 39.4119300842, 60.0331459045, 45.6065216064, 57.5671081543, 81.781578064, 118.876678467, 59.6412391663, 9.14612293243], [-68.8243865967, -35.862159729, -14.012178421, 34.1223831177, 11.7469110489, 39.1468353271, 48.5284004211, 42.767124176, 43.3598823547, 35.3802604675, 59.6412391663, 89.0764846802, 48.2618103027], [-91.2189254761, -48.5759468079, 29.6215362549, 27.2219600677, 3.72968101501, 18.6570682526, 65.2870788574, 100.898895264, 51.0368804932, 9.99771881104, 9.14612293243, 48.2618103027, 152.314926147]], "icov": [[0.00012649942073, 5.77915016038e-05, 2.94924957416e-05, -1.40368392749e-05, -3.62007522199e-05, 0.000126722123241, -0.000193491199752, 0.000198650828679, -2.5877434382e-05, 5.24024180777e-05, 0.000216881962842, -8.94069162314e-05, 4.82067334815e-05], [5.77915016038e-05, 0.000563622044865, -2.51930596278e-05, -0.000319405575283, -0.000195298096514, 0.000343151099514, 0.000712189706974, -0.000583466957323, 0.000137437949888, 0.000233383456361, -0.000627574045211, 0.000310156290652, 0.000198373905732], [2.94924957416e-05, -2.51930596278e-05, 0.00118404149543, -0.000383517559385, -0.000112861765956, 9.17885627132e-05, -0.000597940932494, 0.00046811249922, 0.000140416290378, -0.000674017763231, 0.00101999589242, 0.00010701330757, -0.000312338059302], [-1.40368392749e-05, -0.000319405575283, -0.000383517559385, 0.00343673024327, -0.000356783886673, -0.00067935558036, -0.00114282709546, 0.000611058727372, -0.000528810953256, 9.40324243857e-05, -0.000324485095916, -0.000303160893964, -0.000186325865798], [-3.62007522199e-05, -0.000195298096514, -0.000112861765956, -0.000356783886673, 0.00450279098004, -0.00369897810742, 0.00174680736382, -0.00151827943046, 0.00104368373286, -0.00127243017778, -0.000506507174578, 0.00115861475933, -1.28572276026e-06], [0.000126722123241, 0.000343151099514, 9.17885627132e-05, -0.00067935558036, -0.00369897810742, 0.00857525039464, -0.00484179332852, 0.00282731442712, -0.00256126211025, 0.00166483875364, 0.00108140148222, -0.00210671476088, 0.000883044791408], [-0.000193491199752, 0.000712189706974, -0.000597940932494, -0.00114282709546, 0.00174680736382, -0.00484179332852, 0.0126522984356, -0.00824735034257, 0.00100193195976, -0.00117455713917, -0.00267950608395, 0.000865833717398, 0.000650169793516], [0.000198650828679, -0.000583466957323, 0.00046811249922, 0.000611058727372, -0.00151827943046, 0.00282731442712, -0.00824735034257, 0.0130115803331, -0.0044620288536, 0.000435180962086, 0.00106093706563, 0.000673162168823, -0.00447120843455], [-2.5877434382e-05, 0.000137437949888, 0.000140416290378, -0.000528810953256, 0.00104368373286, -0.00256126211025, 0.00100193195976, -0.0044620288536, 0.0135287037119, -0.00513546308503, -0.000734905246645, -0.000647470122203, -0.00103670172393], [5.24024180777e-05, 0.000233383456361, -0.000674017763231, 9.40324243857e-05, -0.00127243017778, 0.00166483875364, -0.00117455713917, 0.000435180962086, -0.00513546308503, 0.0147538203746, -0.00856027565897, 0.00169309275225, 0.000992394867353], [0.000216881962842, -0.000627574045211, 0.00101999589242, -0.000324485095916, -0.000506507174578, 0.00108140148222, -0.00267950608395, 0.00106093706563, -0.000734905246645, -0.00856027565897, 0.0224314145744, -0.0124225867912, 0.00351237831637], [-8.94069162314e-05, 0.000310156290652, 0.00010701330757, -0.000303160893964, 0.00115861475933, -0.00210671476088, 0.000865833717398, 0.000673162168823, -0.000647470122203, 0.00169309275225, -0.0124225867912, 0.0231400784105, -0.00698892539367], [4.82067334815e-05, 0.000198373905732, -0.000312338059302, -0.000186325865798, -1.28572276026e-06, 0.000883044791408, 0.000650169793516, -0.00447120843455, -0.00103670172393, 0.000992394867353, 0.00351237831637, -0.00698892539367, 0.0116123985499]]}, "spectral_contrast_coeffs": {"dmean": [0.0651845112443, 0.0539194755256, 0.046472646296, 0.0381544083357, 0.0318315662444, 0.0277308803052], "dmean2": [0.106875360012, 0.0878518521786, 0.0719470307231, 0.0600885078311, 0.0491095259786, 0.042947832495], "dvar": [0.00362327485345, 0.0019637173973, 0.00147694186307, 0.00105288135819, 0.000802314840257, 0.000700139673427], "dvar2": [0.0093429973349, 0.00498916814104, 0.00323567329906, 0.00237847538665, 0.00171740585938, 0.00161482114345], "max": [-0.349635243416, -0.449228733778, -0.480747938156, -0.512779831886, -0.547713398933, -0.558205187321], "mean": [-0.677815794945, -0.773132741451, -0.777478992939, -0.78953576088, -0.772475242615, -0.747703015804], "median": [-0.691934406757, -0.779226779938, -0.786059081554, -0.801979184151, -0.783313989639, -0.747627973557], "min": [-0.968948543072, -0.967149794102, -0.975046813488, -0.966275990009, -0.964900612831, -0.961336135864], "var": [0.00839609932154, 0.00488349981606, 0.00513138016686, 0.00420833937824, 0.00411778222769, 0.00286953337491]}, "spectral_contrast_valleys": {"dmean": [0.569377481937, 0.65246707201, 0.566502153873, 0.593773126602, 0.55402469635, 0.628462612629], "dmean2": [0.838306844234, 0.99809139967, 0.838170051575, 0.857664644718, 0.768680632114, 0.820498347282], "dvar": [0.32385134697, 0.485399514437, 0.333495140076, 0.363100320101, 0.326752454042, 0.423587650061], "dvar2": [0.558936595917, 0.989778518677, 0.669393479824, 0.687561035156, 0.638797819614, 0.780363500118], "max": [-5.58308553696, -4.76173877716, -5.24889373779, -5.50214576721, -5.65079450607, -7.10190486908], "mean": [-7.85296440125, -7.38130283356, -7.72268486023, -8.02372646332, -7.6791844368, -10.044718