{"lowlevel": {"average_loudness": 0.977195799351, "barkbands_crest": {"dmean": 2.37613415718, "dmean2": 3.79491710663, "dvar": 5.46934938431, "dvar2": 12.994143486, "max": 24.9390296936, "mean": 14.951842308, "median": 15.2143220901, "min": 4.00298166275, "var": 11.1921710968}, "barkbands_flatness_db": {"dmean": 0.0303797386587, "dmean2": 0.0439342521131, "dvar": 0.00107319897506, "dvar2": 0.00243338942528, "max": 0.587107121944, "mean": 0.273014187813, "median": 0.266757845879, "min": 0.0801661387086, "var": 0.00615680217743}, "barkbands_kurtosis": {"dmean": 8.23309612274, "dmean2": 12.6019563675, "dvar": 131.077041626, "dvar2": 295.769836426, "max": 220.219848633, "mean": 23.0385894775, "median": 17.5585384369, "min": -1.91186010838, "var": 438.441101074}, "barkbands_skewness": {"dmean": 0.70773434639, "dmean2": 1.08080291748, "dvar": 0.608544230461, "dvar2": 1.35582220554, "max": 12.577041626, "mean": 3.3687171936, "median": 3.20074176788, "min": -6.39091014862, "var": 2.56769943237}, "barkbands_spread": {"dmean": 1.82918167114, "dmean2": 2.89938759804, "dvar": 8.73162269592, "dvar2": 19.9711017609, "max": 119.053108215, "mean": 5.87894153595, "median": 4.19734287262, "min": 0.611467182636, "var": 32.666431427}, "dissonance": {"dmean": 0.018736930564, "dmean2": 0.0305620301515, "dvar": 0.000313756259857, "dvar2": 0.000788691744674, "max": 0.498429447412, "mean": 0.437984704971, "median": 0.449744462967, "min": 0.143929243088, "var": 0.00263638258912}, "dynamic_complexity": 2.38142967224, "erbbands_crest": {"dmean": 1.92920470238, "dmean2": 3.09991121292, "dvar": 3.66879940033, "dvar2": 9.15274047852, "max": 30.1599712372, "mean": 9.35277462006, "median": 8.35142707825, "min": 2.62220978737, "var": 18.355928421}, "erbbands_flatness_db": {"dmean": 0.0194737948477, "dmean2": 0.0271791871637, "dvar": 0.000434768589912, "dvar2": 0.000887410191353, "max": 0.509912669659, "mean": 0.18181322515, "median": 0.176138401031, "min": 0.0468726269901, "var": 0.00455400161445}, "erbbands_kurtosis": {"dmean": 1.91571414471, "dmean2": 2.75087141991, "dvar": 22.9151248932, "dvar2": 29.6408843994, "max": 381.610076904, "mean": 4.15817546844, "median": 0.842359542847, "min": -1.78885626793, "var": 352.825378418}, "erbbands_skewness": {"dmean": 0.416107237339, "dmean2": 0.621095836163, "dvar": 0.232019916177, "dvar2": 0.486611008644, "max": 15.1953125, "mean": 1.17482376099, "median": 1.04587960243, "min": -1.91330361366, "var": 1.52429413795}, "erbbands_spread": {"dmean": 8.66067886353, "dmean2": 12.7889966965, "dvar": 113.089675903, "dvar2": 262.839355469, "max": 147.64616394, "mean": 35.5070075989, "median": 32.9962425232, "min": 0.514002025127, "var": 320.808197021}, "hfc": {"dmean": 4.25838136673, "dmean2": 6.28724431992, "dvar": 34.5498733521, "dvar2": 76.6108016968, "max": 140.858581543, "mean": 15.8362703323, "median": 13.7736606598, "min": 1.13468692433e-16, "var": 100.485427856}, "melbands_crest": {"dmean": 2.09093666077, "dmean2": 3.50548648834, "dvar": 4.57346248627, "dvar2": 12.2262525558, "max": 31.1533336639, "mean": 16.3345069885, "median": 16.1735343933, "min": 1.69476604462, "var": 7.79810905457}, "melbands_flatness_db": {"dmean": 0.0310690905899, "dmean2": 0.0473698154092, "dvar": 0.00119212223217, "dvar2": 0.00287446868606, "max": 0.734178841114, "mean": 0.382223278284, "median": 0.37675511837, "min": 0.0054779862985, "var": 0.00748202763498}, "melbands_kurtosis": {"dmean": 16.3164806366, "dmean2": 25.0242786407, "dvar": 565.871032715, "dvar2": 1314.38232422, "max": 335.580047607, "mean": 43.4300537109, "median": 32.2332687378, "min": -1.39081192017, "var": 1487.7109375}, "melbands_skewness": {"dmean": 0.930576264858, "dmean2": 1.41678738594, "dvar": 1.14867854118, "dvar2": 2.68713617325, "max": 14.0656414032, "mean": 4.21990633011, "median": 3.96164894104, "min": -1.41684246063, "var": 3.81089138985}, "melbands_spread": {"dmean": 1.49647128582, "dmean2": 2.39384365082, "dvar": 9.56840705872, "dvar2": 20.7317943573, "max": 152.13092041, "mean": 4.53264188766, "median": 3.094424963, "min": 0.544860243797, "var": 27.7977104187}, "pitch_salience": {"dmean": 0.0707487240434, "dmean2": 0.11345499754, "dvar": 0.004179880023, "dvar2": 0.0112218195572, "max": 0.85435539484, "mean": 0.507077336311, "median": 0.508291006088, "min": 0.145351082087, "var": 0.00860800221562}, "silence_rate_20dB": {"dmean": 0, "dmean2": 0, "dvar": 0, "dvar2": 0, "max": 1, "mean": 1, "median": 1, "min": 1, "var": 0}, "silence_rate_30dB": {"dmean": 0.167884349823, "dmean2": 0.335820883512, "dvar": 0.139708578587, "dvar2": 0.29488748312, "max": 1, "mean": 0.738420903683, "median": 1, "min": 0, "var": 0.19316649437}, "silence_rate_60dB": {"dmean": 0.00155448471196, "dmean2": 0.00310945278034, "dvar": 0.00155205372721, "dvar2": 0.00403248891234, "max": 1, "mean": 0.038078956306, "median": 0, "min": 0, "var": 0.0366288423538}, "spectral_centroid": {"dmean": 105.318870544, "dmean2": 167.792526245, "dvar": 32774.21875, "dvar2": 58827.7773438, "max": 11503.6630859, "mean": 463.282653809, "median": 381.201263428, "min": 150.620498657, "var": 91742.7578125}, "spectral_complexity": {"dmean": 2.48064661026, "dmean2": 3.74968910217, "dvar": 11.7130832672, "dvar2": 24.1119689941, "max": 40, "mean": 11.7026729584, "median": 10, "min": 0, "var": 42.8403549194}, "spectral_decrease": {"dmean": 6.82992329359e-09, "dmean2": 1.12701146193e-08, "dvar": 7.88424024481e-17, "dvar2": 2.03478092707e-16, "max": 2.5544009648e-16, "mean": -2.23497327312e-08, "median": -2.09469277479e-08, "min": -9.54325898306e-08, "var": 1.39478427265e-16}, "spectral_energy": {"dmean": 0.0260838977993, "dmean2": 0.0429830960929, "dvar": 0.00114672980271, "dvar2": 0.00295740994625, "max": 0.364449381828, "mean": 0.0857893824577, "median": 0.080527856946, "min": 1.01554369364e-20, "var": 0.00203919783235}, "spectral_energyband_high": {"dmean": 0.000103465332359, "dmean2": 0.000153010201757, "dvar": 4.78496389178e-08, "dvar2": 1.093704185e-07, "max": 0.00293401069939, "mean": 0.000142453442095, "median": 4.03544909204e-05, "min": 7.42164055482e-21, "var": 6.86103689418e-08}, "spectral_energyband_low": {"dmean": 0.0232592541724, "dmean2": 0.0388750731945, "dvar": 0.000995229696855, "dvar2": 0.00255036354065, "max": 0.309416800737, "mean": 0.064860932529, "median": 0.0593865476549, "min": 4.89200320568e-23, "var": 0.00164537876844}, "spectral_energyband_middle_high": {"dmean": 0.000944897765294, "dmean2": 0.001259635319, "dvar": 4.28093380833e-06, "dvar2": 8.60543696035e-06, "max": 0.0730922296643, "mean": 0.00238339230418, "median": 0.00102356751449, "min": 1.44149863351e-21, "var": 1.46741504068e-05}, "spectral_energyband_middle_low": {"dmean": 0.00809614360332, "dmean2": 0.0133789423853, "dvar": 0.000111050983833, "dvar2": 0.000290373864118, "max": 0.139156892896, "mean": 0.0244965087622, "median": 0.0228193216026, "min": 2.72257809792e-22, "var": 0.000197729706997}, "spectral_entropy": {"dmean": 0.264146625996, "dmean2": 0.386854976416, "dvar": 0.0890570655465, "dvar2": 0.196609660983, "max": 9.80522727966, "mean": 6.61763572693, "median": 6.64282798767, "min": 3.55374956131, "var": 0.493789464235}, "spectral_flux": {"dmean": 0.0471790283918, "dmean2": 0.0645655244589, "dvar": 0.00204605655745, "dvar2": 0.00399995036423, "max": 0.387606233358, "mean": 0.100221417844, "median": 0.0813743621111, "min": 1.00774187606e-10, "var": 0.00501843960956}, "spectral_kurtosis": {"dmean": 4.89533042908, "dmean2": 8.35595226288, "dvar": 137.362030029, "dvar2": 460.246917725, "max": 349.39755249, "mean": 15.8241891861, "median": 9.03578948975, "min": -1.21283841133, "var": 1122.03649902}, "spectral_rms": {"dmean": 0.00132068211678, "dmean2": 0.00216439343058, "dvar": 2.2928729777e-06, "dvar2": 5.92558626522e-06, "max": 0.0188563074917, "mean": 0.00874818768352, "median": 0.00886362046003, "min": 3.14765683136e-12, "var": 7.16633485354e-06}, "spectral_rolloff": {"dmean": 78.4625015259, "dmean2": 137.560928345, "dvar": 115728.625, "dvar2": 231928.8125, "max": 20198.1445312, "mean": 304.664642334, "median": 215.33203125, "min": 86.1328125, "var": 637040.375}, "spectral_skewness": {"dmean": 0.411924928427, "dmean2": 0.650831222534, "dvar": 0.185115009546, "dvar2": 0.515890002251, "max": 16.0198745728, "mean": 2.68808841705, "median": 2.38945555687, "min": -0.0625849291682, "var": 3.47585296631}, "spectral_spread": {"dmean": 537833.9375, "dmean2": 813671.375, "dvar": 572177055744, "dvar2": 1043734200320.0, "max": 41327124, "mean": 3634606.25, "median": 3370422.25, "min": 327267.9375, "var": 2130100617220.0}, "spectral_strongpeak": {"dmean": 0.180488228798, "dmean2": 0.307696402073, "dvar": 0.0652023926377, "dvar2": 0.181747376919, "max": 6.47095823288, "mean": 0.670548558235, "median": 0.706468641758, "min": 0, "var": 0.0817640945315}, "zerocrossingrate": {"dmean": 0.00427574384958, "dmean2": 0.00551738077775, "dvar": 5.82991851843e-05, "dvar2": 7.05599522917e-05, "max": 0.669921875, "mean": 0.0163549166173, "median": 0.01318359375, "min": 0.00244140625, "var": 0.000507632445078}, "barkbands": {"dmean": [0.000847353541758, 0.0193219240755, 0.00558235589415, 0.00488794641569, 0.00395853864029, 0.00145810074173, 0.000666182080749, 0.000221638183575, 0.000348049972672, 0.000196893000975, 0.000153249624418, 0.000167520294781, 0.000113960588351, 0.000129177351482, 6.4726023993e-05, 0.000122991099488, 0.000152253720444, 5.10179670528e-05, 6.48514906061e-05, 3.65957930626e-05, 3.12214870064e-05, 1.80317783816e-05, 8.97479912965e-06, 7.44080398363e-06, 8.72083364811e-06, 7.32169473849e-06, 9.50245248532e-06], "dmean2": [0.00125121197198, 0.0319068841636, 0.00971941370517, 0.0082834539935, 0.00669720396399, 0.0022639404051, 0.00105779152364, 0.000334507174557, 0.000471524108434, 0.000268995412625, 0.000216892760363, 0.000223045470193, 0.000165745150298, 0.000187540266779, 9.72147390712e-05, 0.000187858269783, 0.000225114708883, 7.98988185124e-05, 0.000103854377812, 5.8850258938e-05, 4.93641709909e-05, 2.72041779681e-05, 1.37048309625e-05, 1.06246388896e-05, 1.35046975629e-05, 1.0345697774e-05, 1.44849755088e-05], "dvar": [3.21013612847e-06, 0.000653648574371, 7.86124292063e-05, 4.58059039374e-05, 4.27077902714e-05, 4.42080363428e-06, 1.77669983259e-06, 4.11394239563e-07, 7.24660083051e-07, 5.50954837308e-07, 2.82764858639e-07, 2.37057079744e-07, 9.34254487106e-08, 2.54181344417e-07, 2.46018920791e-08, 1.62394485415e-07, 2.15856246655e-07, 2.42021016561e-08, 2.60362522653e-08, 6.00691274499e-09, 5.80086201296e-09, 1.38605227296e-09, 4.57408111387e-10, 2.57533411263e-10, 5.7018462174e-10, 7.31407434618e-10, 4.50657644535e-09], "dvar2": [5.32366993866e-06, 0.0016472794814, 0.000217431428609, 0.000127436913317, 0.00011935463408, 1.09051889012e-05, 4.63179276267e-06, 7.96272956904e-07, 1.3278172446e-06, 9.27694031816e-07, 5.65598270441e-07, 3.96802931846e-07, 2.0033057524e-07, 4.81645315631e-07, 4.86687170564e-08, 3.22655125728e-07, 4.44451188741e-07, 4.79526107711e-08, 5.59051969162e-08, 1.53568731065e-08, 1.50539793964e-08, 3.19614490429e-09, 1.08572195678e-09, 5.16044096344e-10, 1.24626664544e-09, 1.49880263756e-09, 1.00733528186e-08], "max": [0.0204261615872, 0.225084006786, 0.083886936307, 0.0957916006446, 0.104231253266, 0.0246507655829, 0.0291747227311, 0.0243315510452, 0.0241231899709, 0.031331807375, 0.0159523971379, 0.0160864870995, 0.00974471587688, 0.021632604301, 0.00601936038584, 0.0199288446456, 0.0139653617516, 0.00813883915544, 0.00518220849335, 0.00124849251006, 0.00171812588815, 0.000735940237064, 0.000413711473811, 0.000377261516405, 0.000419523916207, 0.000550267694052, 0.00143115024548], "mean": [0.000820096116513, 0.0473691597581, 0.0105966180563, 0.0108938552439, 0.00749922962859, 0.00323915458284, 0.00150567456149, 0.000541138928384, 0.000789921265095, 0.000415101036197, 0.000255068414845, 0.00034698532545, 0.000214845640585, 0.000242372814682, 0.000110016044346, 0.000238927095779, 0.00034614422475, 9.02462561498e-05, 0.000113990623504, 4.44504003099e-05, 3.65174855688e-05, 2.35131101363e-05, 1.32769009724e-05, 1.23664158309e-05, 1.21068051158e-05, 9.92043442238e-06, 9.0584917416e-06], "median": [6.10161223449e-05, 0.0420347712934, 0.00656580552459, 0.00883593969047, 0.00606051785871, 0.00182806758676, 0.000558478292078, 0.0001015507587, 0.00027783511905, 7.76151573518e-05, 3.85572493542e-05, 6.10927381786e-05, 7.55580695113e-05, 4.65513658128e-05, 3.67309294234e-05, 6.49233697914e-05, 7.97146858531e-05, 3.11638032144e-05, 5.01899958181e-05, 1.26761879073e-05, 8.61331409396e-06, 5.45263355889e-06, 3.6148799154e-06, 4.11219753005e-06, 3.73916350327e-06, 2.18748436964e-06, 4.78638817469e-08], "min": [4.49416522895e-25, 9.07718498925e-24, 2.98548069895e-23, 1.10524011881e-23, 3.33863858009e-23, 4.88853568869e-23, 6.20061900226e-23, 7.1696462719e-23, 3.95963935101e-23, 4.95961836713e-23, 1.05511837391e-22, 1.18500589968e-22, 7.357442499e-23, 1.57224156218e-22, 8.09011946837e-23, 1.9249313017e-22, 1.40570217036e-22, 2.00416688916e-22, 2.3176218427e-22, 2.76299731122e-22, 5.93593218719e-22, 4.53435077376e-22, 5.72479918259e-22, 7.94351074199e-22, 1.1274734282e-21, 1.44105374121e-21, 2.43897071278e-21], "var": [5.03158935317e-06, 0.000955880736001, 0.000113008922199, 7.33482811484e-05, 4.51445230283e-05, 1.29796362671e-05, 5.32439753442e-06, 1.42931730807e-06, 2.04968932849e-06, 2.07983885048e-06, 6.74602006256e-07, 1.08703125079e-06, 2.1502617642e-07, 7.77861032475e-07, 7.36284562208e-08, 4.05667293535e-07, 7.64066498959e-07, 6.86648320425e-08, 5.34475397274e-08, 7.22462667468e-09, 5.70388358767e-09, 2.01336702865e-09, 7.49615147733e-10, 6.1492455572e-10, 9.43462086234e-10, 1.14024933939e-09, 4.87818807571e-09]}, "erbbands": {"dmean": [0.45639026165, 4.76095962524, 6.64180898666, 11.7453327179, 14.1411218643, 15.4490756989, 10.975358963, 9.95453834534, 10.1130008698, 5.96187067032, 5.92012214661, 8.08903217316, 5.08113908768, 5.96667814255, 6.56699037552, 6.04880905151, 5.69435548782, 4.63122177124, 5.83499145508, 3.16762161255, 8.46496677399, 7.4475812912, 3.17310714722, 3.29540157318, 2.44653582573, 1.71367657185, 1.42845118046, 1.134729743, 0.648236751556, 0.467662155628, 0.233127772808, 0.171874284744, 0.118996463716, 0.0862476304173, 0.0712363123894, 0.0334254950285, 0.0127463415265, 0.00499752862379, 0.00147326372098, 0.000159156756126], "dmean2": [0.779779970646, 7.80936813354, 11.6423034668, 20.2154445648, 23.8446216583, 25.8344192505, 18.0753669739, 14.8562107086, 16.3865070343, 8.8893737793, 8.5141992569, 10.9773044586, 6.75356531143, 8.37328720093, 9.02341842651, 8.20236682892, 8.05282592773, 6.70553588867, 8.43017673492, 4.66817045212, 12.7187719345, 11.1519851685, 4.89686489105, 5.34394693375, 3.84124898911, 2.70423388481, 2.3181655407, 1.77289354801, 0.980298757553, 0.714582145214, 0.353371500969, 0.244945093989, 0.178246855736, 0.131356239319, 0.113966651261, 0.0499043762684, 0.0179755315185, 0.00746298860759, 0.00229107495397, 0.000241878718953], "dvar": [0.751958191395, 33.9766921997, 82.994468689, 299.414337158, 653.585327148, 419.568328857, 271.042022705, 223.145843506, 454.742797852, 166.062866211, 253.199264526, 363.718322754, 362.950134277, 270.061096191, 409.70489502, 285.295471191, 227.052658081, 188.714691162, 374.3800354, 76.6356582642, 693.824279785, 662.665039062, 77.1520614624, 52.4610710144, 38.3773422241, 14.1328649521, 12.9150781631, 6.13881444931, 1.86746752262, 1.13751173019, 0.297335475683, 0.125391691923, 0.0751044079661, 0.051441192627, 0.0438297949731, 0.0118606816977, 0.00255395937711, 0.000646785018034, 0.000105174265627, 1.1127514199e-06], "dvar2": [2.01133608818, 82.715057373, 232.527267456, 856.979736328, 1729.89099121, 1198.88537598, 764.867004395, 484.847106934, 1217.33825684, 361.40045166, 478.32510376, 641.543457031, 648.035095215, 491.443237305, 826.210266113, 529.655578613, 462.597412109, 390.649749756, 719.762451172, 159.946228027, 1382.27087402, 1373.02453613, 164.979782104, 113.958946228, 83.4555053711, 34.7347946167, 35.0301513672, 14.7134885788, 4.34707403183, 2.70300626755, 0.673869132996, 0.242603376508, 0.161687880754, 0.113885737956, 0.0960285291076, 0.0246027261019, 0.00533688347787, 0.00140757940244, 0.000235821222304, 2.54790279541e-06], "max": [8.96263504028, 53.8674430847, 85.8061065674, 199.49798584, 363.214172363, 274.652801514, 263.790740967, 270.677978516, 465.845275879, 428.410797119, 641.822814941, 662.238464355, 769.629333496, 537.604858398, 514.268920898, 607.492919922, 496.596008301, 574.57623291, 811.845397949, 409.571105957, 1174.3795166, 811.881103516, 371.185699463, 208.381484985, 179.003295898, 79.5910110474, 81.9422531128, 36.4225311279, 26.4969902039, 29.1529388428, 11.4090013504, 9.04633808136, 4.97869539261, 4.80814981461, 4.1756067276, 2.41427564621, 0.980394423008, 0.564883589745, 0.226907506585, 0.0243004560471], "mean": [0.790915131569, 12.1866674423, 16.8888168335, 27.2261867523, 26.5030040741, 31.0515060425, 24.7685546875, 24.711730957, 21.5186347961, 15.3779115677, 15.9149923325, 18.8063602448, 10.8536481857, 12.2605686188, 12.1983108521, 12.5096616745, 11.4416856766, 8.75408554077, 10.6328268051, 6.13303756714, 18.3958835602, 16.5269737244, 6.74161577225, 6.00611209869, 4.09842681885, 2.18640136719, 1.60980176926, 1.39180386066, 0.829088687897, 0.631757080555, 0.35338523984, 0.288795560598, 0.187201395631, 0.125317126513, 0.0930787175894, 0.0463376380503, 0.0173319447786, 0.00519766844809, 0.00144976843148, 0.000217881126446], "median": [0.528052449226, 10.9668960571, 15.480966568, 19.788274765, 20.7518348694, 24.7825374603, 17.1177978516, 13.7333278656, 8.06059932709, 5.52177143097, 4.95432901382, 6.93552780151, 3.0441172123, 2.99447393417, 2.64051675797, 2.79232120514, 3.75481319427, 2.49357938766, 2.56296300888, 1.85523343086, 4.68496131897, 4.28693199158, 2.39863967896, 2.74333238602, 1.69173026085, 0.613329768181, 0.430863857269, 0.340723365545, 0.177302181721, 0.170435473323, 0.0986424162984, 0.0998503267765, 0.0599334686995, 0.0407637655735, 0.0272945053875, 0.0127225061879, 0.00358848623, 0.000242368900217, 5.24887582287e-05, 9.17058350751e-05], "min": [2.85875846179e-22, 2.70022326924e-21, 2.55354920245e-20, 4.7906443057e-20, 7.10217532432e-20, 8.07152243478e-20, 2.55637531671e-19, 4.10488921817e-19, 1.16164457919e-18, 1.03820379599e-18, 1.38365458232e-18, 6.64729267885e-19, 7.0161278611e-19, 3.94873731915e-18, 4.77990990534e-18, 3.31727942685e-18, 3.20302076205e-18, 6.80251456836e-18, 5.67059937738e-18, 9.53143841669e-18, 7.83029433768e-18, 7.46430910283e-18, 7.0603422158e-18, 1.4838602757e-17, 1.18906352787e-17, 1.34919618188e-17, 2.26945603732e-17, 1.94433865326e-17, 1.70417503421e-17, 1.9274744258e-17, 1.81209728873e-17, 1.38799252425e-17, 1.43666829827e-17, 1.00271288803e-17, 9.64077928596e-18, 6.20878169547e-18, 2.27171672194e-18, 1.16989446503e-18, 3.78814470102e-19, 3.51617288549e-20], "var": [0.779550135136, 56.070941925, 102.100799561, 556.032287598, 692.351867676, 615.481201172, 593.048828125, 796.557434082, 1109.24438477, 730.116271973, 899.680541992, 1124.39331055, 1108.66320801, 1012.03070068, 1059.87915039, 1101.53051758, 605.387878418, 475.55947876, 1180.48425293, 210.450393677, 2016.53015137, 1945.5703125, 247.500854492, 137.137390137, 73.2555160522, 20.3236160278, 11.1813087463, 7.26568937302, 2.52981925011, 1.75584995747, 0.539085447788, 0.31072807312, 0.157178938389, 0.0906016603112, 0.0665165930986, 0.0189245156944, 0.00387627631426, 0.000799659115728, 0.000113827671157, 1.15110117349e-06]}, "gfcc": {"mean": [-40.4807281494, 144.545196533, -65.9922561646, 46.4321556091, -27.4036369324, 4.6120557785, -34.505695343, 6.90040159225, -20.9430274963, -3.7432706356, -9.48688793182, -0.206352517009, -7.71922063828], "cov": [[17266.9335938, -904.329467773, -3198.4597168, 355.266357422, -453.754974365, 1128.13293457, 517.493530273, 1149.94360352, -45.8540725708, 215.901367188, -586.200500488, -135.322418213, -359.001037598], [-904.329467773, 1048.19763184, -135.153305054, -195.766601562, 77.268951416, -206.145309448, -35.5914459229, -39.2981414795, 100.312278748, -85.8201370239, 160.366790771, -32.1162567139, 103.317687988], [-3198.4597168, -135.153305054, 1148.86669922, 81.9682388306, 58.2910003662, -193.504669189, -86.5326156616, -213.818206787, -31.2789211273, -22.6851119995, 66.7284927368, 32.4070625305, 22.1977138519], [355.266357422, -195.766601562, 81.9682388306, 413.179046631, 0.918815433979, 22.1924667358, 4.28337717056, -1.23779928684, -27.0323753357, -19.126121521, -14.8929357529, -33.3279685974, -4.58510446548], [-453.754974365, 77.268951416, 58.2910003662, 0.918815433979, 176.010940552, -28.5752010345, -29.5117588043, -58.1168060303, 2.67312335968, -4.77461862564, 29.848033905, 13.0575838089, 22.3616390228], [1128.13293457, -206.145309448, -193.504669189, 22.1924667358, -28.5752010345, 267.897125244, 85.5555114746, 34.3238372803, -72.5957870483, 11.3363046646, -51.3754844666, -18.9967155457, -36.1967468262], [517.493530273, -35.5914459229, -86.5326156616, 4.28337717056, -29.5117588043, 85.5555114746, 136.992904663, 42.9216156006, -17.4426879883, -16.4353752136, -35.0556907654, -17.6750812531, 0.200278177857], [1149.94360352, -39.2981414795, -213.818206787, -1.23779928684, -58.1168060303, 34.3238372803, 42.9216156006, 177.753387451, 30.4704189301, -0.727908074856, -67.7000732422, -13.3467874527, -23.7215499878], [-45.8540725708, 100.312278748, -31.2789211273, -27.0323753357, 2.67312335968, -72.5957870483, -17.4426879883, 30.4704189301, 97.0190887451, 14.6095809937, -2.39788770676, -11.9897966385, 4.39985322952], [215.901367188, -85.8201370239, -22.6851119995, -19.126121521, -4.77461862564, 11.3363046646, -16.4353752136, -0.727908074856, 14.6095809937, 89.5662078857, 4.33542299271, 8.78668689728, -41.2860069275], [-586.200500488, 160.366790771, 66.7284927368, -14.8929357529, 29.848033905, -51.3754844666, -35.0556907654, -67.7000732422, -2.39788770676, 4.33542299271, 112.809043884, 13.241189003, 7.49152374268], [-135.322418213, -32.1162567139, 32.4070625305, -33.3279685974, 13.0575838089, -18.9967155457, -17.6750812531, -13.3467874527, -11.9897966385, 8.78668689728, 13.241189003, 67.7922363281, 16.202747345], [-359.001037598, 103.317687988, 22.1977138519, -4.58510446548, 22.3616390228, -36.1967468262, 0.200278177857, -23.7215499878, 4.39985322952, -41.2860069275, 7.49152374268, 16.202747345, 67.5170898438]], "icov": [[0.000288473791443, -0.000106525862066, 0.000519805704243, -0.000395593699068, 6.95772323525e-05, -0.000511153077241, -0.000122243262012, -0.000904215499759, 0.000165689343703, -0.000400879478548, 0.000486523873406, -0.000461758958409, 0.00068561086664], [-0.000106525862066, 0.00271751289256, 0.000334970740369, 0.00130724674091, -0.000549032178242, 0.00132421765011, -0.000200897222385, -0.000245444505708, -0.00116487441119, 0.00162584963255, -0.00414312025532, 0.00307856407017, -0.00314908474684], [0.000519805704243, 0.000334970740369, 0.00243349047378, -0.000769377220422, 0.000112382243969, 0.000522125454154, -0.000459313218016, 6.28612906439e-05, 0.000555277976673, 0.000191486891708, 0.000767335528508, -0.000850175973028, 0.00186494120862], [-0.000395593699068, 0.00130724674091, -0.000769377220422, 0.00372882233933, -0.00048144403263, 0.001078001922, 0.000369380373741, 0.00054535624804, 0.000273485231446, 0.00127196568064, -0.0021981135942, 0.00354331708513, -0.00251623988152], [6.95772323525e-05, -0.000549032178242, 0.000112382243969, -0.00048144403263, 0.00680644903332, -0.000619135797024, 0.000795473926701, 0.00181497749873, -0.000665412342642, -0.000243107773713, 0.000462358962977, -0.00135443650652, -0.000641997088678], [-0.000511153077241, 0.00132421765011, 0.000522125454154, 0.001078001922, -0.000619135797024, 0.00940907001495, -0.00315828644671, 0.0023506230209, 0.00497158244252, 7.03983387211e-05, -0.000105120685475, 0.00311974924989, 0.000223943090532], [-0.000122243262012, -0.000200897222385, -0.000459313218016, 0.000369380373741, 0.000795473926701, -0.00315828644671, 0.0105970352888, -0.00152120448183, 0.000340550992405, 0.000926676497329, 0.00062334665563, 0.00194625067525, -0.00268079340458], [-0.000904215499759, -0.000245444505708, 6.28612906439e-05, 0.00054535624804, 0.00181497749873, 0.0023506230209, -0.00152120448183, 0.0148877417669, -0.00427715294063, 0.0044958749786, 0.00442233169451, -0.00212412746623, 0.00452531175688], [0.000165689343703, -0.00116487441119, 0.000555277976673, 0.000273485231446, -0.000665412342642, 0.00497158244252, 0.000340550992405, -0.00427715294063, 0.0188691373914, -0.00708521716297, 0.00250686192885, 0.00493291113526, -0.00314261065796], [-0.000400879478548, 0.00162584963255, 0.000191486891708, 0.00127196568064, -0.000243107773713, 7.03983387211e-05, 0.000926676497329, 0.0044958749786, -0.00708521716297, 0.021538361907, -0.00248305033892, -0.00476670451462, 0.0121506536379], [0.000486523873406, -0.00414312025532, 0.000767335528508, -0.0021981135942, 0.000462358962977, -0.000105120685475, 0.00062334665563, 0.00442233169451, 0.00250686192885, -0.00248305033892, 0.019614007324, -0.00639326917008, 0.00754399737343], [-0.000461758958409, 0.00307856407017, -0.000850175973028, 0.00354331708513, -0.00135443650652, 0.00311974924989, 0.00194625067525, -0.00212412746623, 0.00493291113526, -0.00476670451462, -0.00639326917008, 0.0246801264584, -0.0137266227975], [0.00068561086664, -0.00314908474684, 0.00186494120862, -0.00251623988152, -0.000641997088678, 0.000223943090532, -0.00268079340458, 0.00452531175688, -0.00314261065796, 0.0121506536379, 0.00754399737343, -0.0137266227975, 0.0345138534904]]}, "melbands": {"dmean": [0.00489383842796, 0.00437946803868, 0.00197069742717, 0.00102146004792, 0.000400591176003, 0.000237011219724, 0.000143425029819, 5.76623206143e-05, 5.43264286534e-05, 4.6668399591e-05, 2.63694564637e-05, 2.59028038272e-05, 2.2641805117e-05, 1.71172396222e-05, 1.83062184078e-05, 9.77353920462e-06, 9.17380566534e-06, 1.15215634651e-05, 4.18188665208e-06, 5.05096068082e-06, 1.19583019114e-05, 9.19958893064e-06, 4.62190246253e-06, 2.43852559834e-06, 2.881852879e-06, 2.42403120865e-06, 1.24744860841e-06, 1.18940613447e-06, 9.95763912215e-07, 7.76145043346e-07, 6.26580231256e-07, 3.75452543722e-07, 3.24875088609e-07, 2.29356373893e-07, 1.39471538319e-07, 1.26399726241e-07, 1.00842505901e-07, 8.36774916024e-08, 8.41411207375e-08, 7.25425195469e-08], "dmean2": [0.00816112011671, 0.00740517070517, 0.00335500645451, 0.0017369762063, 0.000653801544104, 0.00035603978904, 0.000232349542785, 8.56690239743e-05, 7.67128658481e-05, 6.34613170405e-05, 3.50566879206e-05, 3.61818274541e-05, 3.14310018439e-05, 2.34457947954e-05, 2.46199724643e-05, 1.43754605233e-05, 1.34376650749e-05, 1.67081161635e-05, 6.34056732451e-06, 7.72938801674e-06, 1.8049033315e-05, 1.38053328556e-05, 7.3245009844e-06, 3.8190696614e-06, 4.75334445582e-06, 3.81572408514e-06, 1.97766962629e-06, 1.91356798496e-06, 1.64558207416e-06, 1.23810889363e-06, 9.8225552847e-07, 5.71357531953e-07, 4.97254063703e-07, 3.59769160241e-07, 2.16947896092e-07, 1.90163348179e-07, 1.44304081573e-07, 1.26934494915e-07, 1.28183344827e-07, 1.1469362704e-07], "dvar": [5.30530487595e-05, 2.86349495582e-05, 7.85301017459e-06, 2.75355250778e-06, 2.86355145818e-07, 1.19145212807e-07, 8.89886351274e-08, 1.58790491867e-08, 1.73493361899e-08, 1.3080686756e-08, 1.06583639692e-08, 5.86699666627e-09, 5.98567861942e-09, 2.40190534129e-09, 3.80863829363e-09, 7.80543241152e-10, 8.8546125987e-10, 1.90607574169e-09, 1.43893202909e-10, 2.40909292515e-10, 1.41244582696e-09, 1.10740294712e-09, 2.36306640922e-10, 9.13908462796e-11, 3.73697670031e-11, 5.67426904075e-11, 5.93065440507e-12, 7.52470741966e-12, 6.06687790283e-12, 4.02827901244e-12, 1.82597383394e-12, 6.18514462737e-13, 5.17057100261e-13, 3.02424155597e-13, 1.21162127098e-13, 7.94091355172e-14, 4.49423620064e-14, 3.74246803252e-14, 5.149839363e-14, 3.88507585478e-14], "dvar2": [0.000136904840474, 7.42754928069e-05, 2.22774069698e-05, 7.63234129408e-06, 7.90902674908e-07, 2.65437165581e-07, 2.38636943095e-07, 3.39500978441e-08, 3.22108029138e-08, 2.37535822123e-08, 1.87911499694e-08, 1.03029282883e-08, 1.18624079448e-08, 3.97563360011e-09, 6.80334721892e-09, 1.63595625935e-09, 1.81494308471e-09, 3.66238595007e-09, 2.92808416402e-10, 5.52137335852e-10, 2.73212896751e-09, 2.2758412932e-09, 5.9004651165e-10, 1.64888810938e-10, 8.59118887142e-11, 1.19695198197e-10, 1.4492471459e-11, 1.89207139539e-11, 1.65502854477e-11, 1.05596295596e-11, 4.2914738603e-12, 1.4292523328e-12, 1.219542696e-12, 7.31814945015e-13, 2.888311877e-13, 1.79216979256e-13, 8.82568893185e-14, 8.18834813864e-14, 1.20357960794e-13, 8.68420529172e-14], "max": [0.0714305117726, 0.0523662827909, 0.0385523512959, 0.0264491438866, 0.00929358229041, 0.00565409148112, 0.00676517188549, 0.00383742060512, 0.00518145831302, 0.00356297264807, 0.00424380553886, 0.00254494417459, 0.00239348853938, 0.00210286537185, 0.00218611094169, 0.00095039466396, 0.001342094969, 0.00190016929992, 0.000600010913331, 0.000575644953642, 0.00189801922534, 0.00114050728735, 0.000554544792976, 0.000621013285127, 0.000150315841893, 0.000279450963717, 4.28006205766e-05, 5.33179008926e-05, 4.5244301873e-05, 4.95255262649e-05, 1.81756222446e-05, 1.23503850773e-05, 1.72909185494e-05, 1.31672213683e-05, 7.19044874131e-06, 5.72764110984e-06, 6.13325573795e-06, 3.74408818971e-06, 6.51432856102e-06, 4.60043702333e-06], "mean": [0.0106887398288, 0.0124226948246, 0.0047450629063, 0.00195569824427, 0.00101194193121, 0.00057923636632, 0.00030835182406, 0.000147135302541, 0.000142266406328, 0.000104834827653, 5.45963230252e-05, 5.37786800123e-05, 4.03784724767e-05, 3.35033655574e-05, 3.81817080779e-05, 1.76296962309e-05, 1.70134499058e-05, 2.06761160371e-05, 7.15061560186e-06, 8.83313259692e-06, 2.59854350588e-05, 1.97416229639e-05, 9.01706789591e-06, 4.7534767873e-06, 4.83575377075e-06, 4.1607950152e-06, 1.64702612437e-06, 1.43555678278e-06, 1.06748643702e-06, 8.83866789536e-07, 7.64402955156e-07, 4.68789494334e-07, 4.15423329514e-07, 3.10425178895e-07, 1.94188757519e-07, 2.01759718266e-07, 1.62255815894e-07, 1.29931507331e-07, 1.18012025041e-07, 1.02586632522e-07], "median": [0.0091478638351, 0.0118988864124, 0.00375193171203, 0.00161900697276, 0.000797161017545, 0.000324487657053, 0.000111854038551, 4.62390562461e-05, 4.62638781755e-05, 3.65920604963e-05, 1.14047325042e-05, 1.15773254947e-05, 7.64721789892e-06, 6.03489070272e-06, 8.14241320768e-06, 6.27335793979e-06, 4.07378047385e-06, 4.18702165916e-06, 2.10090661312e-06, 1.94069843928e-06, 5.84254485148e-06, 4.61877152702e-06, 2.58061436398e-06, 1.62479727805e-06, 2.25914845942e-06, 1.58491639013e-06, 5.85860789215e-07, 3.80186122584e-07, 3.01685304294e-07, 2.16367538997e-07, 1.76309342237e-07, 9.30263865939e-08, 1.03526339501e-07, 8.20652417133e-08, 4.70597072422e-08, 7.43035428741e-08, 5.21990166646e-08, 4.15403960119e-08, 3.42515100726e-08, 3.45030883864e-08], "min": [2.83056624543e-24, 9.81158688187e-24, 8.27938234566e-24, 5.72555166123e-24, 7.38493477486e-24, 1.13032171463e-23, 1.52214135319e-23, 1.24601802714e-23, 1.16592947594e-23, 3.80178260408e-24, 3.03313586513e-24, 1.49016187872e-23, 1.55579684153e-23, 1.58161152579e-23, 4.317318194e-24, 9.23590380338e-24, 1.32285260599e-23, 1.02809251995e-23, 8.74154676218e-24, 1.39808208956e-23, 8.40184116829e-24, 7.85031616615e-24, 5.16151966387e-24, 9.80921556599e-24, 1.23905711851e-23, 8.67264843958e-24, 6.6994998452e-24, 8.92295163822e-24, 1.64045250294e-23, 8.23171621433e-24, 1.34537734585e-23, 9.34627885465e-24, 9.00726824722e-24, 1.05182161375e-23, 1.08814076982e-23, 8.41241505986e-24, 8.20017361103e-24, 9.69311496227e-24, 8.65230213911e-24, 8.89930868803e-24], "var": [6.88446452841e-05, 4.3892483518e-05, 1.35516866067e-05, 2.84601242129e-06, 6.76695151469e-07, 4.20614810537e-07, 2.27750973636e-07, 6.5480065814e-08, 5.95000955173e-08, 3.71467123728e-08, 3.33492060633e-08, 2.29400409779e-08, 1.4807047144e-08, 1.17089955509e-08, 1.47400793793e-08, 1.63928226549e-09, 2.27519070251e-09, 5.95927573954e-09, 4.58180743346e-10, 5.26613419538e-10, 4.35250457897e-09, 3.06150105267e-09, 7.79424080832e-10, 3.08528341764e-10, 8.39413955012e-11, 1.11296076521e-10, 8.13244610542e-12, 1.00025612793e-11, 5.08016415393e-12, 3.77282840386e-12, 2.23601259036e-12, 8.30308098752e-13, 7.33588916609e-13, 4.53781380961e-13, 1.86727911779e-13, 1.59095650608e-13, 1.08416273463e-13, 7.67325249564e-14, 8.60430501262e-14, 6.47334494493e-14]}, "mfcc": {"mean": [-692.061401367, 169.260925293, 28.1622333527, 51.8185043335, 27.6195240021, 9.1991853714, 7.09655714035, 8.755818367, -1.60750615597, -1.94412589073, 0.85884809494, 2.82274103165, -1.67646718025], "cov": [[8747.62109375, 882.449584961, -1392.06140137, -281.52230835, -287.46585083, 38.3513336182, 74.5970840454, 296.374389648, 397.349365234, 277.11932373, 267.346252441, 223.37789917, 106.338905334], [882.449584961, 1040.07336426, -257.599151611, -100.835121155, 12.2410068512, -157.17640686, -19.2075061798, 67.4636077881, -10.1924743652, 35.6665382385, 59.1632080078, 69.8087844849, 23.0030231476], [-1392.06140137, -257.599151611, 713.333190918, 203.569000244, 53.4502372742, 24.9892139435, 14.1979055405, -33.2356834412, -60.5804786682, -30.4271278381, -35.3096580505, -44.329662323, -44.1479644775], [-281.52230835, -100.835121155, 203.569000244, 349.866851807, 96.0204772949, -4.24200630188, -15.2849140167, -14.367061615, -22.1239395142, -14.1071681976, -10.3243436813, 7.43114614487, -7.43143463135], [-287.46585083, 12.2410068512, 53.4502372742, 96.0204772949, 161.027862549, 22.4881420135, -9.25402927399, -21.7931118011, -43.1708145142, -23.3616867065, -6.81944894791, 1.6312186718, 4.28464078903], [38.3513336182, -157.17640686, 24.9892139435, -4.24200630188, 22.4881420135, 182.255065918, 84.6577148438, -13.9802446365, -16.4807567596, -4.03596019745, -18.9499759674, -24.3420524597, -6.43822097778], [74.5970840454, -19.2075061798, 14.1979055405, -15.2849140167, -9.25402927399, 84.6577148438, 127.468971252, 35.577545166, -16.9609088898, -1.35392260551, -15.4872760773, -26.6156044006, -14.8744487762], [296.374389648, 67.4636077881, -33.2356834412, -14.367061615, -21.7931118011, -13.9802446365, 35.577545166, 91.8129043579, 48.7229728699, 12.5845556259, -6.39018678665, -15.3704109192, -15.2246227264], [397.349365234, -10.1924743652, -60.5804786682, -22.1239395142, -43.1708145142, -16.4807567596, -16.9609088898, 48.7229728699, 114.860710144, 42.5361671448, 3.56536388397, -12.2593545914, -14.6216449738], [277.11932373, 35.6665382385, -30.4271278381, -14.1071681976, -23.3616867065, -4.03596019745, -1.35392260551, 12.5845556259, 42.5361671448, 71.2826004028, 34.1927452087, 2.92717289925, -17.2383823395], [267.346252441, 59.1632080078, -35.3096580505, -10.3243436813, -6.81944894791, -18.9499759674, -15.4872760773, -6.39018678665, 3.56536388397, 34.1927452087, 74.9719924927, 39.9716949463, 1.77824962139], [223.37789917, 69.8087844849, -44.329662323, 7.43114614487, 1.6312186718, -24.3420524597, -26.6156044006, -15.3704109192, -12.2593545914, 2.92717289925, 39.9716949463, 70.0315628052, 31.7563934326], [106.338905334, 23.0030231476, -44.1479644775, -7.43143463135, 4.28464078903, -6.43822097778, -14.8744487762, -15.2246227264, -14.6216449738, -17.2383823395, 1.77824962139, 31.7563934326, 64.0222854614]], "icov": [[0.000273019744782, -0.000129612366436, 0.000393646187149, -0.000213524021092, 0.000308974238578, -0.000461718271254, -3.02847038256e-05, -0.000516393920407, -0.000513445760589, -0.000216167871258, -0.000503002724145, -0.000414008332882, -0.000313329102937], [-0.000129612366436, 0.00156796781812, 0.000177171299583, 0.000526502262801, -0.00088425463764, 0.00163133221213, -0.000453747110441, -0.00104895560071, 0.00136616209056, -0.00107654568274, 0.00047813548008, -0.000989160616882, 0.000203073315788], [0.000393646187149, 0.000177171299583, 0.00259919650853, -0.00134407985024, 0.000619451631792, -0.000394594680984, -7.04187041265e-05, -0.000658427772578, 0.000443237426225, -0.000309422030114, -0.000624228909146, 0.000209298930713, 0.000596189755015], [-0.000213524021092, 0.000526502262801, -0.00134407985024, 0.00449557090178, -0.00283049070276, 0.00118593545631, -0.000281256419839, 0.000131637352752, -3.58425349987e-05, -0.00046987098176, 0.00164354965091, -0.00210340879858, 0.000898103055079], [0.000308974238578, -0.00088425463764, 0.000619451631792, -0.00283049070276, 0.00954373180866, -0.00339149800129, 0.0030252172146, -0.00140068330802, 0.00245893630199, 0.00121908914298, -0.00141417456325, 0.00143913144711, -0.000491605314892], [-0.000461718271254, 0.00163133221213, -0.000394594680984, 0.00118593545631, -0.00339149800129, 0.012433170341, -0.00943013746291, 0.00616525253281, -0.00151223817375, -0.000676669296809, 0.0020201948937, 0.000198345063836, 0.000116722920211], [-3.02847038256e-05, -0.000453747110441, -7.04187041265e-05, -0.000281256419839, 0.0030252172146, -0.00943013746291, 0.0193873085082, -0.0115626053885, 0.00873520690948, -0.00213031633757, 3.73776456399e-05, 0.00340014649555, 0.000469836144475], [-0.000516393920407, -0.00104895560071, -0.000658427772578, 0.000131637352752, -0.00140068330802, 0.00616525253281, -0.0115626053885, 0.0244632866234, -0.0116030015051, 0.00452305190265, 0.00120054034051, 0.0013767615892, 0.00249230116606], [-0.000513445760589, 0.00136616209056, 0.000443237426225, -3.58425349987e-05, 0.00245893630199, -0.00151223817375, 0.00873520690948, -0.0116030015051, 0.0218526497483, -0.0105478754267, 0.0040192133747, 0.002544085728, 0.000394215399865], [-0.000216167871258, -0.00107654568274, -0.000309422030114, -0.00046987098176, 0.00121908914298, -0.000676669296809, -0.00213031633757, 0.00452305190265, -0.0105478754267, 0.0283635873348, -0.0134745584801, 0.0041832504794, 0.00443633832037], [-0.000503002724145, 0.00047813548008, -0.000624228909146, 0.00164354965091, -0.00141417456325, 0.0020201948937, 3.73776456399e-05, 0.00120054034051, 0.0040192133747, -0.0134745584801, 0.0300510134548, -0.0169886592776, 0.00589784281328], [-0.000414008332882, -0.000989160616882, 0.000209298930713, -0.00210340879858, 0.00143913144711, 0.000198345063836, 0.00340014649555, 0.0013767615892, 0.002544085728, 0.0041832504794, -0.0169886592776, 0.0343843325973, -0.0128918662667], [-0.000313329102937, 0.000203073315788, 0.000596189755015, 0.000898103055079, -0.000491605314892, 0.000116722920211, 0.000469836144475, 0.00249230116606, 0.000394215399865, 0.00443633832037, 0.00589784281328, -0.0128918662667, 0.0248442236334]]}, "spectral_contrast_coeffs": {"dmean": [0.0381718613207, 0.0455149002373, 0.0349704250693, 0.028697470203, 0.0214544758201, 0.0216820221394], "dmean2": [0.0648362711072, 0.0713385567069, 0.0525660738349, 0.0446267686784, 0.033254288137, 0.0354490205646], "dvar": [0.00115068606101, 0.00158386398107, 0.000947002903558, 0.00065727357287, 0.000431899010437, 0.000543263216969], "dvar2": [0.00322595052421, 0.0037658221554, 0.00206131883897, 0.00143830711022, 0.000889558054041, 0.00139948981814], "max": [-0.311364412308, -0.422799706459, -0.390011847019, -0.450922757387, -0.561865866184, -0.640572428703], "mean": [-0.624671339989, -0.668591201305, -0.764228224754, -0.791970551014, -0.789425969124, -0.794940710068], "median": [-0.622783958912, -0.669592916965, -0.769406080246, -0.800990819931, -0.795557498932, -0.796883523464], "min": [-0.955275416374, -0.959793448448, -0.965219378471, -0.95374506712, -0.961682617664, -0.959603607655], "var": [0.00204755971208, 0.00566205475479, 0.00630181469023, 0.00404013227671, 0.00266764755361, 0.00166130170692]}, "spectral_contrast_valleys": {"dmean": [0.310793548822, 0.360004872084, 0.404725283384, 0.410741001368, 0.342374950647, 0.331414848566], "dmean2": [0.518484652042, 0.550250053406, 0.594885289669, 0.586017727852, 0.474676460028, 0.464550495148], "dvar": [0.0997294262052, 0.132916480303, 0.17988704145, 0.196073904634, 0.163552924991, 0.185809761286], "dvar2": [0.219794854522, 0.248650431633, 0.332277208567, 0.346732914448, 0.289274841547, 0.381005316973]