{"lowlevel": {"average_loudness": 0.731157243252, "barkbands_crest": {"dmean": 1.43404626846, "dmean2": 2.12785029411, "dvar": 2.17177915573, "dvar2": 4.96050453186, "max": 26.1421146393, "mean": 12.0913705826, "median": 11.3458995819, "min": 4.10733795166, "var": 17.9031238556}, "barkbands_flatness_db": {"dmean": 0.0177053138614, "dmean2": 0.0250174626708, "dvar": 0.000445293815574, "dvar2": 0.000934041047003, "max": 0.770716428757, "mean": 0.273212075233, "median": 0.250017046928, "min": 0.0599667169154, "var": 0.0103910919279}, "barkbands_kurtosis": {"dmean": 2.9116871357, "dmean2": 3.97622728348, "dvar": 174.086883545, "dvar2": 201.917190552, "max": 1443.67883301, "mean": 10.5563411713, "median": 3.55978155136, "min": -1.83943080902, "var": 1582.96337891}, "barkbands_skewness": {"dmean": 0.362560391426, "dmean2": 0.503480434418, "dvar": 0.235897615552, "dvar2": 0.426266610622, "max": 30.278842926, "mean": 1.55236721039, "median": 1.31398081779, "min": -11.2767028809, "var": 3.52267575264}, "barkbands_spread": {"dmean": 1.20869421959, "dmean2": 1.72819316387, "dvar": 6.5594329834, "dvar2": 10.3729314804, "max": 144.743041992, "mean": 8.20846748352, "median": 7.85081148148, "min": 0.22092781961, "var": 44.2330284119}, "dissonance": {"dmean": 0.0285941381007, "dmean2": 0.0473481044173, "dvar": 0.000862504239194, "dvar2": 0.00225409516133, "max": 0.5, "mean": 0.395188957453, "median": 0.405118376017, "min": 0.0890394896269, "var": 0.00340818497352}, "dynamic_complexity": 5.57350492477, "erbbands_crest": {"dmean": 1.92945742607, "dmean2": 2.69982218742, "dvar": 4.03281497955, "dvar2": 7.84952354431, "max": 31.8039093018, "mean": 13.924407959, "median": 12.8306064606, "min": 2.71811580658, "var": 33.8199005127}, "erbbands_flatness_db": {"dmean": 0.0179815981537, "dmean2": 0.0234889388084, "dvar": 0.000416227965616, "dvar2": 0.000772389408667, "max": 0.522743403912, "mean": 0.245617836714, "median": 0.241902768612, "min": 0.0424244478345, "var": 0.00456355093047}, "erbbands_kurtosis": {"dmean": 1.47570109367, "dmean2": 2.12057852745, "dvar": 5.3181142807, "dvar2": 9.74767494202, "max": 162.040802002, "mean": 4.11381864548, "median": 2.44682502747, "min": -1.73260331154, "var": 67.5350418091}, "erbbands_skewness": {"dmean": 0.283387035131, "dmean2": 0.40728110075, "dvar": 0.0953768193722, "dvar2": 0.191631689668, "max": 10.4345302582, "mean": 0.983327686787, "median": 0.966545701027, "min": -3.16549158096, "var": 0.995558619499}, "erbbands_spread": {"dmean": 3.56824803352, "dmean2": 5.02167367935, "dvar": 30.8773422241, "dvar2": 60.5330657959, "max": 204.915283203, "mean": 20.0980415344, "median": 15.8917732239, "min": 1.18426883221, "var": 247.40788269}, "hfc": {"dmean": 2.31649756432, "dmean2": 2.96022152901, "dvar": 12.2259063721, "dvar2": 20.2665100098, "max": 82.6608963013, "mean": 12.6288194656, "median": 7.96929168701, "min": 1.11374668169e-16, "var": 155.666870117}, "melbands_crest": {"dmean": 1.66025435925, "dmean2": 2.54111123085, "dvar": 2.87568211555, "dvar2": 7.18461751938, "max": 31.4848480225, "mean": 14.2866325378, "median": 13.532784462, "min": 2.16836762428, "var": 21.7468204498}, "melbands_flatness_db": {"dmean": 0.0192185342312, "dmean2": 0.027447104454, "dvar": 0.000577642291319, "dvar2": 0.00125832972117, "max": 0.969210505486, "mean": 0.370431929827, "median": 0.341491997242, "min": 0.00609541079029, "var": 0.0156472325325}, "melbands_kurtosis": {"dmean": 3.72120213509, "dmean2": 5.56256628036, "dvar": 100.938812256, "dvar2": 176.562347412, "max": 812.23626709, "mean": 13.6675786972, "median": 4.82997274399, "min": -1.81563341618, "var": 866.758483887}, "melbands_skewness": {"dmean": 0.387622416019, "dmean2": 0.554795920849, "dvar": 0.229345351458, "dvar2": 0.466453701258, "max": 21.5349369049, "mean": 2.04429101944, "median": 1.64937186241, "min": -1.71699655056, "var": 3.18736147881}, "melbands_spread": {"dmean": 1.4882131815, "dmean2": 2.09851241112, "dvar": 11.767537117, "dvar2": 20.9708271027, "max": 232.347015381, "mean": 10.7430114746, "median": 9.23654460907, "min": 0.318121701479, "var": 182.828704834}, "pitch_salience": {"dmean": 0.0415646359324, "dmean2": 0.0640047863126, "dvar": 0.00168298999779, "dvar2": 0.00412598950788, "max": 0.940869152546, "mean": 0.463143259287, "median": 0.462564229965, "min": 0.0996629074216, "var": 0.0125235896558}, "silence_rate_20dB": {"dmean": 0, "dmean2": 0, "dvar": 0, "dvar2": 0, "max": 1, "mean": 1, "median": 1, "min": 1, "var": 0}, "silence_rate_30dB": {"dmean": 0.00627352576703, "dmean2": 0.0125486254692, "dvar": 0.0062341382727, "dvar2": 0.0161554962397, "max": 1, "mean": 0.993601799011, "median": 1, "min": 0, "var": 0.00635736761615}, "silence_rate_60dB": {"dmean": 0.00828105397522, "dmean2": 0.0165641866624, "dvar": 0.00821256171912, "dvar2": 0.0177959352732, "max": 1, "mean": 0.0942165330052, "median": 0, "min": 0, "var": 0.0853399261832}, "spectral_centroid": {"dmean": 53.7142028809, "dmean2": 78.1934890747, "dvar": 15100.6494141, "dvar2": 23252.8203125, "max": 11313.4296875, "mean": 582.75579834, "median": 556.585510254, "min": 94.7824325562, "var": 165830.4375}, "spectral_complexity": {"dmean": 1.20125472546, "dmean2": 1.99924707413, "dvar": 1.57554447651, "dvar2": 3.83979082108, "max": 28, "mean": 9.69991207123, "median": 9, "min": 0, "var": 25.6093635559}, "spectral_decrease": {"dmean": 1.23517684969e-09, "dmean2": 1.78017622865e-09, "dvar": 2.68162959001e-18, "dvar2": 5.84652580441e-18, "max": 8.0601103574e-16, "mean": -8.2001188062e-09, "median": -6.64816557361e-09, "min": -3.7494583438e-08, "var": 4.10809258883e-17}, "spectral_energy": {"dmean": 0.00483520375565, "dmean2": 0.00692665344104, "dvar": 4.10369902966e-05, "dvar2": 8.81878659129e-05, "max": 0.146533504128, "mean": 0.0320945717394, "median": 0.0258319303393, "min": 1.0554038633e-20, "var": 0.000635092204902}, "spectral_energyband_high": {"dmean": 3.89647793781e-05, "dmean2": 5.82051143283e-05, "dvar": 1.26783907817e-08, "dvar2": 3.01614768716e-08, "max": 0.00146985100582, "mean": 5.7974117226e-05, "median": 1.66048866959e-05, "min": 7.44462712856e-21, "var": 1.59084923013e-08}, "spectral_energyband_low": {"dmean": 0.00274330191314, "dmean2": 0.00446548918262, "dvar": 1.86576380656e-05, "dvar2": 4.9898695579e-05, "max": 0.0831410959363, "mean": 0.0131274564192, "median": 0.00944907125086, "min": 5.09640653255e-23, "var": 0.000146403282997}, "spectral_energyband_middle_high": {"dmean": 0.0010357175488, "dmean2": 0.00120975635946, "dvar": 7.81807102612e-06, "dvar2": 1.01240157164e-05, "max": 0.0755570307374, "mean": 0.00387360691093, "median": 0.000759111077059, "min": 1.83511634482e-21, "var": 5.93739750911e-05}, "spectral_energyband_middle_low": {"dmean": 0.00306521821767, "dmean2": 0.00413555279374, "dvar": 1.77413694473e-05, "dvar2": 3.39563266607e-05, "max": 0.0953105464578, "mean": 0.0163146853447, "median": 0.0111489715055, "min": 4.05164388285e-22, "var": 0.000243309725192}, "spectral_entropy": {"dmean": 0.141390606761, "dmean2": 0.198051601648, "dvar": 0.0309025906026, "dvar2": 0.0599794089794, "max": 9.78808307648, "mean": 6.25828504562, "median": 6.35272073746, "min": 3.44390702248, "var": 0.530753016472}, "spectral_flux": {"dmean": 0.0122925043106, "dmean2": 0.0198905989528, "dvar": 0.000200521913939, "dvar2": 0.000522161193658, "max": 0.183667317033, "mean": 0.0421723499894, "median": 0.0375175625086, "min": 1.02732850005e-10, "var": 0.000816460174974}, "spectral_kurtosis": {"dmean": 11.0713262558, "dmean2": 19.3339347839, "dvar": 785.990356445, "dvar2": 2640.5012207, "max": 653.901672363, "mean": 28.4962329865, "median": 12.9231090546, "min": -1.20071351528, "var": 3607.4140625}, "spectral_rms": {"dmean": 0.000396054732846, "dmean2": 0.000564524845686, "dvar": 1.90885870666e-07, "dvar2": 4.17889197024e-07, "max": 0.011956567876, "mean": 0.00507605681196, "median": 0.00502014765516, "min": 3.20883510735e-12, "var": 5.54544476472e-06}, "spectral_rolloff": {"dmean": 49.0501327515, "dmean2": 87.4410400391, "dvar": 156298.390625, "dvar2": 283461.09375, "max": 19875.1464844, "mean": 705.858825684, "median": 559.86328125, "min": 86.1328125, "var": 3132509}, "spectral_skewness": {"dmean": 0.600983917713, "dmean2": 1.02832233906, "dvar": 0.577590227127, "dvar2": 1.75927710533, "max": 22.4320087433, "mean": 3.36184215546, "median": 2.61637759209, "min": -0.058533590287, "var": 7.39465141296}, "spectral_spread": {"dmean": 444943.375, "dmean2": 651131.125, "dvar": 489846833152, "dvar2": 882916851712, "max": 41036256, "mean": 2652306, "median": 2332244, "min": 210932.296875, "var": 3445106671620.0}, "spectral_strongpeak": {"dmean": 0.489108473063, "dmean2": 0.803458929062, "dvar": 0.956875085831, "dvar2": 1.9841427803, "max": 8.64151287079, "mean": 1.35134363174, "median": 0.388605058193, "min": 6.16102724393e-09, "var": 3.16060972214}, "zerocrossingrate": {"dmean": 0.00343034416437, "dmean2": 0.00425244029611, "dvar": 6.42595041427e-05, "dvar2": 5.30322868144e-05, "max": 0.7724609375, "mean": 0.0286199208349, "median": 0.02294921875, "min": 0.00244140625, "var": 0.00393109861761}, "barkbands": {"dmean": [2.46055024036e-05, 0.00194366276264, 0.00112072716001, 0.000538145948667, 0.00113746302668, 0.000542809430044, 0.000401533063268, 0.000588495051488, 0.00144591159187, 0.000719083065633, 0.000381379592, 0.000105298538983, 3.43247484125e-05, 9.25421700231e-05, 5.84393783356e-05, 5.19560780958e-05, 4.23920500907e-05, 2.21039499593e-05, 2.10327380046e-05, 1.12901761895e-05, 5.30485613126e-06, 6.43464591121e-06, 8.17431555333e-06, 9.19385183806e-06, 2.64510799752e-06, 6.45247337161e-06, 2.60825402165e-07], "dmean2": [3.59983678209e-05, 0.00308436737396, 0.00189551874064, 0.000856117520016, 0.00163530220743, 0.00081314065028, 0.00054597313283, 0.000736134301405, 0.00183212733828, 0.00080635107588, 0.000454627588624, 0.000138122530188, 5.15089159308e-05, 0.000138054339914, 9.54022252699e-05, 8.47334813443e-05, 6.85053892084e-05, 3.56846285285e-05, 3.52371498593e-05, 1.79588005267e-05, 7.66510675021e-06, 9.71229655988e-06, 1.35320124173e-05, 1.41707487273e-05, 4.24677637056e-06, 1.07834703158e-05, 4.34148716977e-07], "dvar": [5.31155119887e-09, 9.85561473499e-06, 3.35147365149e-06, 9.28790882426e-07, 3.50197410626e-06, 9.07323283172e-07, 7.68792858707e-07, 1.34543688546e-06, 1.02931753645e-05, 7.02764873495e-06, 1.73024932337e-06, 1.65655904993e-07, 9.76826619592e-09, 5.44273106584e-08, 1.73261458514e-08, 1.62951057092e-08, 1.28157404689e-08, 3.02855762691e-09, 3.07473690953e-09, 6.33069208167e-10, 1.50222750905e-10, 3.38092914776e-10, 1.25367383141e-09, 1.1004216427e-09, 8.96196311606e-11, 5.99408855884e-10, 1.26086554392e-12], "dvar2": [8.87487949797e-09, 2.6040344892e-05, 1.00366396509e-05, 2.23910524255e-06, 7.91872480477e-06, 1.99979967874e-06, 1.51948120219e-06, 2.26596102948e-06, 1.7022168322e-05, 8.70288840815e-06, 2.38954953602e-06, 2.14454672687e-07, 1.87906774585e-08, 1.04458848682e-07, 4.6823817712e-08, 4.29326263429e-08, 3.33047296408e-08, 7.62063034898e-09, 8.70266170239e-09, 1.57608970319e-09, 3.05989789062e-10, 7.63220708855e-10, 3.42678352361e-09, 2.60948262998e-09, 2.33322916543e-10, 1.57627955133e-09, 3.29959237017e-12], "max": [0.00289453938603, 0.0606609284878, 0.0328984856606, 0.0216468777508, 0.0528321377933, 0.025943974033, 0.025051523, 0.0286540836096, 0.0602857433259, 0.0726108402014, 0.051646232605, 0.0239655934274, 0.00388235016726, 0.00726424949244, 0.00229113083333, 0.00212737405673, 0.00234961672686, 0.00141870172229, 0.00136721448507, 0.000488173973281, 0.000318230944686, 0.000238383669057, 0.000402355683036, 0.000448932201834, 0.000105380029709, 0.000261962442892, 1.35683540066e-05], "mean": [0.000275679951301, 0.00891108810902, 0.00309152179398, 0.00140850385651, 0.00453982129693, 0.00164734455757, 0.0016333599342, 0.00176508666482, 0.00438603758812, 0.00213575176895, 0.00128756486811, 0.000293073506327, 6.87583014951e-05, 0.000193608982954, 0.000109640008304, 9.45183783188e-05, 8.2372345787e-05, 5.09948185936e-05, 4.52253079857e-05, 2.85201676888e-05, 1.25715005197e-05, 9.18547084439e-06, 7.51699008106e-06, 8.98541293282e-06, 2.55244390246e-06, 5.1479087233e-06, 2.12656260601e-07], "median": [0.000124557234813, 0.0061784661375, 0.001612061169, 0.000583703862503, 0.00295774778351, 0.000894063385203, 0.000294821104035, 0.000330042181304, 0.000183189433301, 6.15447061136e-05, 7.46744044591e-05, 5.23240159964e-05, 1.90814716916e-05, 2.84941143036e-05, 3.6632289266e-05, 1.61792504514e-05, 2.12499435293e-05, 1.41636146509e-05, 1.32545328597e-05, 9.50454614213e-06, 5.27591373611e-06, 2.20331594392e-06, 7.41948838368e-07, 5.16001534834e-07, 3.00570093259e-07, 8.57793409637e-08, 1.17341194539e-08], "min": [1.49155563817e-23, 4.08977205475e-23, 3.14565878743e-24, 2.64691469353e-24, 6.72938173852e-23, 3.77200278936e-23, 5.27672120283e-23, 1.03205952789e-22, 1.37071637854e-22, 3.34842581957e-23, 1.28600470801e-22, 8.72689935066e-23, 6.28483274379e-23, 1.32486677299e-22, 2.65957575328e-22, 2.58694021792e-22, 1.79150425172e-22, 2.02818271812e-22, 2.60848104312e-22, 4.33300721745e-22, 3.67697206088e-22, 5.49878207666e-22, 6.3823638458e-22, 8.56941242172e-22, 1.09205289198e-21, 1.58524277245e-21, 2.28463024076e-21], "var": [2.14991729308e-07, 6.96465940564e-05, 1.4295778783e-05, 4.99784027852e-06, 2.61793484242e-05, 4.30498721471e-06, 8.96590699995e-06, 9.0983503469e-06, 6.69684959576e-05, 4.61630625068e-05, 1.65364472196e-05, 1.46939555634e-06, 3.28451363885e-08, 2.34799884424e-07, 3.58501388575e-08, 3.70209569667e-08, 2.96539699463e-08, 1.1531459343e-08, 6.90571111406e-09, 2.18569740085e-09, 4.3111322845e-10, 4.60470550578e-10, 8.89205986621e-10, 1.0812607476e-09, 7.58907173215e-11, 4.67494432055e-10, 9.47205313316e-13]}, "erbbands": {"dmean": [0.0357744880021, 0.511046946049, 1.30444598198, 1.50649476051, 2.99119472504, 4.02543544769, 4.87250804901, 3.8223233223, 5.59255981445, 8.61083316803, 15.4592428207, 28.5399589539, 31.9222145081, 15.0767602921, 10.8849363327, 3.96183586121, 1.85245525837, 4.39628839493, 2.73787641525, 2.42434597015, 3.04324221611, 1.72983562946, 1.34945547581, 1.0251967907, 0.878561556339, 0.45725235343, 0.264694482088, 0.187727570534, 0.205872818828, 0.355325967073, 0.164114385843, 0.153932929039, 0.167249649763, 0.0264303795993, 0.0245834756643, 0.0159238222986, 0.0174503494054, 0.00181843782775, 6.33547242614e-05, 6.96238112141e-06], "dmean2": [0.0545638091862, 0.818821370602, 2.210242033, 2.47976303101, 4.2709980011, 5.86553001404, 7.11096954346, 5.88078212738, 7.89294099808, 10.230588913, 19.5632553101, 35.99193573, 38.577583313, 17.0335903168, 13.4207038879, 5.17044019699, 2.63825368881, 6.52962779999, 4.30886316299, 3.96602940559, 5.04923391342, 2.77352404594, 2.15213298798, 1.7115855217, 1.42956590652, 0.712037503719, 0.397586077452, 0.269720286131, 0.309500873089, 0.593895852566, 0.255191028118, 0.239291131496, 0.255376696587, 0.0402719639242, 0.0411017388105, 0.0262064300478, 0.0294157955796, 0.00309926108457, 0.000107812571514, 1.03535321614e-05], "dvar": [0.00449612131342, 0.665748298168, 4.58466434479, 6.63149547577, 27.4894390106, 50.6257514954, 80.7938842773, 57.9387702942, 177.407440186, 274.955322266, 1456.16369629, 4933.02929688, 6124.56591797, 2581.59155273, 1389.80285645, 182.121200562, 42.3038291931, 141.051895142, 34.2651634216, 26.1581935883, 58.6315193176, 16.7208862305, 12.9581823349, 6.79464673996, 5.36160182953, 1.13156878948, 0.399605154991, 0.214435979724, 0.330251723528, 3.20504808426, 0.309981167316, 0.306952029467, 0.359809845686, 0.00692163687199, 0.0103866811842, 0.00737881148234, 0.00480767665431, 5.52785750187e-05, 6.42045350219e-08, 1.48429227242e-10], "dvar2": [0.0105318883434, 1.78972172737, 13.563993454, 17.1415481567, 58.4693336487, 115.936126709, 170.962234497, 144.056167603, 407.956726074, 375.7421875, 2541.17578125, 7866.41455078, 8872.05859375, 3195.48193359, 2129.31323242, 247.637893677, 62.4528160095, 261.169494629, 80.2499160767, 71.9341125488, 155.252090454, 40.0140151978, 32.0284500122, 19.5953788757, 14.1319990158, 2.61755514145, 0.87879216671, 0.43358963728, 0.746226549149, 8.7979221344, 0.772849023342, 0.74438649416, 0.831478595734, 0.0153892133385, 0.0283398795873, 0.0192593578249, 0.012667817995, 0.000147825441672, 1.71770238921e-07, 3.69879682438e-10], "max": [1.43085217476, 14.0141963959, 42.8300743103, 81.9200363159, 126.56728363, 224.835144043, 263.755157471, 195.820220947, 355.203125, 460.148590088, 819.000061035, 1693.31323242, 1992.4486084, 1889.54956055, 1250.04821777, 857.127563477, 467.093505859, 387.391998291, 276.802947998, 69.8216247559, 137.695632935, 111.022918701, 99.0783538818, 66.9685592651, 58.5102424622, 25.2766208649, 16.8498859406, 7.65749311447, 7.92053937912, 23.5204772949, 7.00932216644, 6.82784605026, 8.14650726318, 1.32785308361, 1.21991610527, 1.91582357883, 0.813771009445, 0.0814592391253, 0.00282927905209, 0.000191638522665], "mean": [0.268391668797, 1.91310453415, 3.83765530586, 4.56247520447, 10.0748243332, 15.6845502853, 15.7658557892, 11.2948284149, 20.8463973999, 31.0909042358, 47.6689796448, 93.0910491943, 97.3478469849, 48.6046066284, 38.0736846924, 12.1924676895, 4.72302246094, 9.2971572876, 6.213971138, 5.1369137764, 6.18713951111, 3.92204022408, 3.2207736969, 2.33531117439, 2.08598279953, 1.25153970718, 0.671614706516, 0.392650842667, 0.320796340704, 0.3246768713, 0.172021940351, 0.154768884182, 0.163407534361, 0.0302041042596, 0.020488396287, 0.0137724298984, 0.0138090997934, 0.00134617008734, 6.30243666819e-05, 3.77621217922e-05], "median": [0.166618451476, 1.31267738342, 2.25497150421, 2.5620405674, 5.09547567368, 9.02503490448, 9.46344661713, 5.47371816635, 4.68707704544, 8.08974933624, 8.36354255676, 5.32123422623, 3.83973479271, 4.4371714592, 2.95737981796, 2.41839766502, 1.68283677101, 1.77624118328, 2.22981643677, 1.80780529976, 1.10167717934, 1.11964011192, 0.890766084194, 0.713765263557, 0.664647758007, 0.444097697735, 0.281471788883, 0.145971477032, 0.0862908661366, 0.0358199104667, 0.0207938849926, 0.0114667797461, 0.00794793479145, 0.00434062862769, 0.00162578362506, 0.000516713946126, 0.000140557298437, 2.23058941629e-05, 1.48817161971e-05, 2.93538214464e-05], "min": [9.61499719071e-22, 9.55936767893e-21, 9.27510593052e-21, 7.4204377502e-21, 1.52726905989e-19, 1.95475574196e-19, 1.76213859377e-19, 3.96772251008e-19, 7.95995283074e-19, 7.14808850121e-19, 3.6988886559e-18, 2.92634042768e-18, 9.60542600017e-19, 3.30197369039e-18, 2.82597777677e-18, 4.31451699961e-18, 3.49002182892e-18, 5.5419227477e-18, 1.25397305228e-17, 1.36486562966e-17, 1.34724262943e-17, 1.08506169586e-17, 8.84385528585e-18, 1.13024651954e-17, 1.74424002349e-17, 2.21181395634e-17, 1.62251195911e-17, 1.49131036061e-17, 1.5687635827e-17, 1.94033658802e-17, 1.91236067796e-17, 1.7347721142e-17, 1.58927054814e-17, 1.11294214928e-17, 8.26224639919e-18, 4.72283651103e-18, 3.33615155253e-18, 1.37118586857e-18, 3.03864772172e-19, 3.40892827284e-20], "var": [0.069231569767, 3.54650855064, 20.7739582062, 43.53282547, 176.199005127, 422.32244873, 372.050506592, 241.045272827, 1475.90905762, 2557.47924805, 8500.03808594, 39279.0898438, 46236.2070312, 23830.5585938, 12063.4814453, 1651.67126465, 269.155517578, 594.726318359, 127.438056946, 65.4881820679, 146.332397461, 47.9536018372, 50.4099273682, 17.1772861481, 13.2536849976, 4.18557977676, 1.22073936462, 0.49052131176, 0.522126436234, 2.20404624939, 0.292442858219, 0.29777559638, 0.36800250411, 0.00857317913324, 0.0073126135394, 0.00573543272913, 0.00371269020252, 3.98896809202e-05, 4.73986574434e-08, 9.50439948966e-10]}, "gfcc": {"mean": [-111.90057373, 172.133453369, -93.0473403931, 26.1109790802, -38.5392417908, -5.13583135605, -17.3568382263, 3.06130814552, -11.7892179489, -4.44364929199, -9.19964790344, -7.9700345993, -0.731675624847], "cov": [[21974.4179688, -65.8806610107, -4477.02050781, -265.075286865, -1727.28710938, 736.253173828, -655.068054199, 1067.68652344, -107.228881836, 92.5432510376, -490.481384277, 216.831878662, 90.9865493774], [-65.8806610107, 1728.67602539, 82.1787414551, -12.868227005, 305.066040039, -343.296112061, 226.258575439, -215.072036743, 81.4618911743, -48.1908569336, 155.680160522, -142.971328735, 121.879386902], [-4477.02050781, 82.1787414551, 2100.29077148, 108.15737915, 332.835357666, 1.84791278839, 75.6675491333, -121.755729675, 32.708366394, 40.9434661865, 5.31084060669, -0.849988400936, -118.720542908], [-265.075286865, -12.868227005, 108.15737915, 503.895690918, 131.028701782, -35.4402351379, 8.37493610382, -131.861404419, -12.5894021988, 20.4458255768, 17.6283855438, -0.679118156433, 41.4676246643], [-1727.28710938, 305.066040039, 332.835357666, 131.028701782, 405.267089844, -80.8721084595, 141.011550903, -159.809005737, 9.13406562805, -33.9145889282, 68.3194580078, -10.9174909592, 47.7456169128], [736.253173828, -343.296112061, 1.84791278839, -35.4402351379, -80.8721084595, 248.849685669, -28.9259605408, 106.894454956, -35.5439796448, 4.82902860641, -31.381860733, 62.7223510742, -22.1964225769], [-655.068054199, 226.258575439, 75.6675491333, 8.37493610382, 141.011550903, -28.9259605408, 186.673736572, -18.5475521088, 25.5462532043, -45.119556427, 33.901599884, -15.1305408478, 45.5736465454], [1067.68652344, -215.072036743, -121.755729675, -131.861404419, -159.809005737, 106.894454956, -18.5475521088, 256.684204102, 51.7497940063, -9.29291534424, -75.682723999, 8.66165542603, -8.19477653503], [-107.228881836, 81.4618911743, 32.708366394, -12.5894021988, 9.13406562805, -35.5439796448, 25.5462532043, 51.7497940063, 165.133407593, 34.6798019409, -19.7829647064, -59.108455658, -9.89740943909], [92.5432510376, -48.1908569336, 40.9434661865, 20.4458255768, -33.9145889282, 4.82902860641, -45.119556427, -9.29291534424, 34.6798019409, 151.997299194, 34.1932182312, -14.9217233658, -59.7464675903], [-490.481384277, 155.680160522, 5.31084060669, 17.6283855438, 68.3194580078, -31.381860733, 33.901599884, -75.682723999, -19.7829647064, 34.1932182312, 146.404525757, 15.9110078812, 3.67749476433], [216.831878662, -142.971328735, -0.849988400936, -0.679118156433, -10.9174909592, 62.7223510742, -15.1305408478, 8.66165542603, -59.108455658, -14.9217233658, 15.9110078812, 120.606666565, 23.1420993805], [90.9865493774, 121.879386902, -118.720542908, 41.4676246643, 47.7456169128, -22.1964225769, 45.5736465454, -8.19477653503, -9.89740943909, -59.7464675903, 3.67749476433, 23.1420993805, 118.02973175]], "icov": [[0.000384999933885, -0.00086568586994, 0.000743580225389, -0.000563869136386, 0.000613397802226, -0.00115269364323, 0.000726562167984, -0.000985766178928, 0.000307080510538, -0.000512957689352, 0.00130555208307, -0.00111373059917, 0.000673066475429], [-0.00086568586994, 0.00308961886913, -0.00173394894227, 0.00161511625629, -0.00147546990775, 0.00349010224454, -0.00225139735267, 0.00256849778816, -0.000826979405247, 0.00116156029981, -0.00373281049542, 0.0035282089375, -0.00259058806114], [0.000743580225389, -0.00173394894227, 0.00208592810668, -0.00116113759577, 0.000536802690476, -0.00233868835494, 0.00135244848207, -0.00186589255463, 0.000466638914077, -0.00100708182435, 0.00288514490239, -0.00254363450222, 0.00235284585506], [-0.000563869136386, 0.00161511625629, -0.00116113759577, 0.00348623446189, -0.00142468558624, 0.00157934532035, -0.000870123039931, 0.00283533893526, -0.000564601679798, -0.000139471652801, -0.00151783204637, 0.00210152985528, -0.002702426631], [0.000613397802226, -0.00147546990775, 0.000536802690476, -0.00142468558624, 0.00656370166689, -0.00197865371592, -0.00177410768811, 0.00110018043779, -0.000453682179796, -0.000113761525427, 0.00144665432163, -0.00197560619563, 7.20158204786e-05], [-0.00115269364323, 0.00349010224454, -0.00233868835494, 0.00157934532035, -0.00197865371592, 0.0104939779267, -0.0029553999193, 0.000274354330031, 0.000582283188123, 0.000969253072981, -0.00394113641232, 0.00134787033312, -0.00129054789431], [0.000726562167984, -0.00225139735267, 0.00135244848207, -0.000870123039931, -0.00177410768811, -0.0029553999193, 0.0108221871778, -0.00346723408438, -0.000452657375718, 0.00111923413351, 0.000582457520068, -0.00112944387365, -9.48100860114e-05], [-0.000985766178928, 0.00256849778816, -0.00186589255463, 0.00283533893526, 0.00110018043779, 0.000274354330031, -0.00346723408438, 0.0114134568721, -0.0041939644143, 0.00176165590528, -0.0012253895402, 0.00240681623109, -0.0029212385416], [0.000307080510538, -0.000826979405247, 0.000466638914077, -0.000564601679798, -0.000453682179796, 0.000582283188123, -0.000452657375718, -0.0041939644143, 0.00996795296669, -0.00353566114791, 0.00212993961759, 0.00254611601122, -5.78770996071e-05], [-0.000512957689352, 0.00116156029981, -0.00100708182435, -0.000139471652801, -0.000113761525427, 0.000969253072981, 0.00111923413351, 0.00176165590528, -0.00353566114791, 0.0114984828979, -0.00540476851165, 0.00151321175508, 0.00354618742131], [0.00130555208307, -0.00373281049542, 0.00288514490239, -0.00151783204637, 0.00144665432163, -0.00394113641232, 0.000582457520068, -0.0012253895402, 0.00212993961759, -0.00540476851165, 0.0151578998193, -0.00660202931613, 0.00291199120693], [-0.00111373059917, 0.0035282089375, -0.00254363450222, 0.00210152985528, -0.00197560619563, 0.00134787033312, -0.00112944387365, 0.00240681623109, 0.00254611601122, 0.00151321175508, -0.00660202931613, 0.0168370120227, -0.00654177367687], [0.000673066475429, -0.00259058806114, 0.00235284585506, -0.002702426631, 7.20158204786e-05, -0.00129054789431, -9.48100860114e-05, -0.0029212385416, -5.78770996071e-05, 0.00354618742131, 0.00291199120693, -0.00654177367687, 0.0164888333529]]}, "melbands": {"dmean": [0.000436962262029, 0.000664911174681, 0.000271161203273, 0.000269252806902, 0.000157251270139, 9.30234455154e-05, 8.33733720356e-05, 0.000101741818071, 0.000143185825436, 0.000200747701456, 0.000163920616615, 6.66319465381e-05, 3.79941229767e-05, 1.69036684383e-05, 8.52776793181e-06, 3.90379091186e-06, 9.41038615565e-06, 4.44886700279e-06, 5.63980302104e-06, 3.46507977156e-06, 3.85527891922e-06, 2.30474961427e-06, 1.31121566938e-06, 9.09752259304e-07, 9.38407652029e-07, 7.65736160702e-07, 6.23204527983e-07, 3.06756277269e-07, 1.9719350064e-07, 1.21889712545e-07, 1.26392819766e-07, 1.09245512192e-07, 1.67095151937e-07, 2.05129168762e-07, 9.26828178649e-08, 7.47912238808e-08, 1.11300145988e-07, 1.6138335468e-07, 3.56936205037e-08, 1.59546438283e-08], "dmean2": [0.00067749468144, 0.00111146445852, 0.000431135384133, 0.000385070190532, 0.000230689809541, 0.000141953874845, 0.00011563620501, 0.000121285382193, 0.000179923939868, 0.000254610291449, 0.000196914290427, 7.41767871659e-05, 4.64059703518e-05, 2.14007668546e-05, 1.13286769192e-05, 5.92759442952e-06, 1.40393030961e-05, 6.94697246217e-06, 9.22662911762e-06, 5.66901690036e-06, 6.42088116365e-06, 3.69295889868e-06, 2.10330199479e-06, 1.46106958709e-06, 1.57553029112e-06, 1.26248244214e-06, 1.01696127786e-06, 4.82301345528e-07, 3.01366156918e-07, 1.87739274793e-07, 1.86616261999e-07, 1.656641615e-07, 2.65383533815e-07, 3.51840327539e-07, 1.48918417153e-07, 1.10985673984e-07, 1.79095096087e-07, 2.48884248322e-07, 5.30693426981e-08, 2.53611283085e-08], "dvar": [5.31074590526e-07, 1.12457041723e-06, 1.83503345852e-07, 2.24281208716e-07, 7.85326861319e-08, 3.09377661267e-08, 3.4689165318e-08, 3.98250286082e-08, 1.57047949756e-07, 2.43363786012e-07, 1.73559186578e-07, 5.58149473306e-08, 1.66111906452e-08, 2.91739810088e-09, 2.44048203868e-09, 1.37871727923e-10, 6.44219066981e-10, 1.3585180203e-10, 1.8186559203e-10, 8.61657550866e-11, 1.08380075747e-10, 3.21560382488e-11, 1.09026060749e-11, 4.44477484332e-12, 6.17703718037e-12, 3.63787862681e-12, 2.79450703029e-12, 6.66039597606e-13, 2.52460975302e-13, 9.24720301959e-14, 1.18425058713e-13, 9.56069940014e-14, 3.62098128174e-13, 1.31984234739e-12, 1.13774441257e-13, 7.86096448352e-14, 2.00219791376e-13, 3.47065963208e-13, 1.34701887773e-14, 2.74785577254e-15], "dvar2": [1.35839286486e-06, 3.16556952384e-06, 4.54107919268e-07, 5.11159782945e-07, 1.65240891192e-07, 7.45057562312e-08, 7.54959827987e-08, 5.48885168428e-08, 2.65249354925e-07, 3.90850260601e-07, 2.46835071493e-07, 6.78224836292e-08, 2.48795490876e-08, 4.15970191625e-09, 3.28255977955e-09, 2.72965872128e-10, 1.19916598873e-09, 3.0491850711e-10, 4.93142970903e-10, 2.33626645807e-10, 2.90082624588e-10, 7.86386650242e-11, 2.8655876283e-11, 1.07986649137e-11, 1.78502958942e-11, 9.91544433365e-12, 7.37928294858e-12, 1.51841657737e-12, 5.82553102979e-13, 1.99880070178e-13, 2.47131335578e-13, 2.15765854619e-13, 9.0950305013e-13, 3.6626856062e-12, 2.9561620621e-13, 1.83176756641e-13, 5.04058112524e-13, 8.03496917438e-13, 3.01418944329e-14, 6.49797513838e-15], "max": [0.0144582651556, 0.0197361968458, 0.0113002983853, 0.0119270486757, 0.00781895592809, 0.00502889743075, 0.0046594068408, 0.00549898389727, 0.00873447675258, 0.0116688273847, 0.00987882632762, 0.00694702751935, 0.003511790419, 0.00270973169245, 0.00386097142473, 0.000433401291957, 0.000890860974323, 0.000637304852717, 0.000233180035139, 0.000197038418264, 0.000190130318515, 0.000139873518492, 8.25125462143e-05, 5.31184086867e-05, 6.27528206678e-05, 4.55552290077e-05, 4.72144965897e-05, 2.30340301641e-05, 1.59432311193e-05, 1.42749995575e-05, 5.71550026507e-06, 4.94076857649e-06, 8.70328949532e-06, 1.3967826817e-05, 4.54171004094e-06, 4.00789122068e-06, 5.82973734709e-06, 7.79456513555e-06, 1.77166657522e-06, 7.59022100283e-07], "mean": [0.00241855508648, 0.0022534923628, 0.000899272912648, 0.000999965355732, 0.00057302066125, 0.000283329456579, 0.000321511965012, 0.000343122985214, 0.000419389660237, 0.000637520395685, 0.000482367788209, 0.00019813576364, 0.000129353444208, 5.37621417607e-05, 2.18055702135e-05, 7.94199058873e-06, 1.91545605048e-05, 9.4881561381e-06, 9.92353488982e-06, 6.1657083279e-06, 7.38908056519e-06, 4.59444572698e-06, 2.94426899927e-06, 2.13458520193e-06, 1.88949741187e-06, 1.68845735971e-06, 1.27949010675e-06, 7.52143762384e-07, 4.70960685561e-07, 2.57591381114e-07, 2.2502081265e-07, 1.82109943125e-07, 1.84777007917e-07, 1.7216559911e-07, 9.3743452112e-08, 8.33991862237e-08, 1.05409249329e-07, 1.52785972318e-07, 3.92750827416e-08, 1.80537540473e-08], "median": [0.001620984287, 0.0014873231994, 0.000587123329751, 0.000572856049985, 0.0003517640871, 0.00013906530512, 6.72798269079e-05, 8.22930305731e-05, 5.13293380209e-05, 2.45235059992e-05, 1.07792002382e-05, 8.84342534846e-06, 8.91230320121e-06, 6.0218226281e-06, 3.50770596924e-06, 1.60667025284e-06, 2.88970022666e-06, 2.71409953712e-06, 2.98546819977e-06, 1.41708721912e-06, 1.0435500144e-06, 1.16674277706e-06, 8.46441821523e-07, 6.48867398922e-07, 5.28888961071e-07, 4.85494751956e-07, 3.75979169576e-07, 2.50499169852e-07, 1.76478039293e-07, 1.13164354332e-07, 6.10122370404e-08, 4.78226347411e-08, 2.62891859393e-08, 1.45738621171e-08, 1.18374430258e-08, 7.90040299847e-09, 5.9120992546e-09, 5.42997158348e-09, 4.06115630014e-09, 3.14092507558e-09], "min": [1.09700740863e-23, 8.26921550632e-24, 3.57866670767e-24, 1.65046251674e-23, 5.80220133109e-24, 8.80483549488e-24, 1.17635829599e-23, 8.47902410811e-24, 3.60527293497e-23, 1.50428501328e-23, 4.3606448015e-24, 1.28310569151e-23, 1.44069414685e-23, 7.30486618184e-24, 9.8283099442e-24, 6.5682803278e-24, 1.14825023531e-23, 1.85782549196e-23, 1.95056397998e-23, 1.63040478159e-23, 1.66712736114e-23, 1.20419049202e-23, 7.57942448674e-24, 8.43392335244e-24, 8.90234106935e-24, 1.09764488712e-23, 1.44182679334e-23, 1.48139905402e-23, 9.39627212566e-24, 9.78358468632e-24, 8.41883007674e-24, 9.29468182942e-24, 1.00144440414e-23, 1.06369286597e-23, 1.21718279447e-23, 9.196705305e-24, 1.14059820564e-23, 1.03580860512e-23, 1.18953495524e-23, 8.18369115128e-24], "var": [4.97654627907e-06, 5.89188221056e-06, 1.11996803298e-06, 1.56428848186e-06, 4.69793377533e-07, 1.46365465525e-07, 3.36858875016e-07, 3.14790668199e-07, 8.6011584699e-07, 1.86205647879e-06, 1.2438417798e-06, 4.29945629321e-07, 1.35588436478e-07, 2.75933906835e-08, 1.74977312639e-08, 5.36905686577e-10, 2.64055355359e-09, 5.4243753933e-10, 3.40929173781e-10, 1.85711029888e-10, 2.62450255972e-10, 8.17184653279e-11, 3.81779122205e-11, 1.78946631818e-11, 1.31822495628e-11, 9.13956063608e-12, 5.89803596587e-12, 2.19880125392e-12, 7.02882793201e-13, 2.48436633678e-13, 2.26201720657e-13, 1.70152818701e-13, 3.31992110669e-13, 8.67493685393e-13, 9.7245609731e-14, 8.49319800687e-14, 1.74949830556e-13, 3.47163920875e-13, 1.62907796926e-14, 3.19369135257e-15]}, "mfcc": {"mean": [-751.300354004, 190.152755737, 12.4418735504, 38.932308197, 6.40341711044, 2.10594654083, 3.84976840019, 3.39752244949, 5.01323032379, 6.57890558243, -1.89286744595, -2.24865531921, -1.16682779789], "cov": [[11952.2470703, 1111.38549805, -1944.0279541, -687.180969238, -928.874572754, -610.958374023, -451.976715088, 420.214050293, 299.998260498, 309.094818115, -90.1191329956, -120.36655426, -167.267089844], [1111.38549805, 1376.64550781, -238.882705688, 3.83826637268, -55.1797943115, -96.6659240723, 25.1251468658, -56.3661231995, 46.1071052551, 41.6760215759, 27.5656242371, 5.35192012787, 38.1311721802], [-1944.0279541, -238.882705688, 1054.91687012, 165.510650635, 231.91960144, 189.44744873, 32.9593467712, -37.3801727295, -41.8899002075, 5.91001415253, 54.1680221558, 37.6210670471, -15.3239793777], [-687.180969238, 3.83826637268, 165.510650635, 431.79864502, 153.007537842, 133.748855591, 57.7334938049, -51.7157363892, -15.552482605, -2.89057302475, -12.7666501999, -16.4892501831, -17.1614246368], [-928.874572754, -55.1797943115, 231.91960144, 153.007537842, 229.826446533, 129.584503174, 68.755027771, -15.2333135605, -25.1546192169, -20.6392631531, -8.67210674286, -10.199262619, 6.81519031525], [-610.958374023, -96.6659240723, 189.44744873, 133.748855591, 129.584503174, 218.9715271, 81.0991821289, -18.016740799, -41.0935096741, -40.5191040039, -8.83117675781, 3.33133363724, 14.1651830673], [-451.976715088, 25.1251468658, 32.9593467712, 57.7334938049, 68.755027771, 81.0991821289, 175.451065063, 29.6252937317, -27.3206634521, -63.8830909729, -42.0822372437, 6.13498926163, 49.3596534729], [420.214050293, -56.3661231995, -37.3801727295, -51.7157363892, -15.2333135605, -18.016740799, 29.6252937317, 177.854400635, 73.6569366455, 10.2997808456, -50.5206069946, -37.4792289734, -4.07384538651], [299.998260498, 46.1071052551, -41.8899002075, -15.552482605, -25.1546192169, -41.0935096741, -27.3206634521, 73.6569366455, 141.741378784, 73.2231674194, -10.1589536667, -26.8725070953, -34.3849182129], [309.094818115, 41.6760215759, 5.91001415253, -2.89057302475, -20.6392631531, -40.5191040039, -63.8830909729, 10.2997808456, 73.2231674194, 171.138458252, 65.9694061279, -26.1625347137, -64.6894454956], [-90.1191329956, 27.5656242371, 54.1680221558, -12.7666501999, -8.67210674286, -8.83117675781, -42.0822372437, -50.5206069946, -10.1589536667, 65.9694061279, 155.183532715, 57.2401237488, -15.537820816], [-120.36655426, 5.35192012787, 37.6210670471, -16.4892501831, -10.199262619, 3.33133363724, 6.13498926163, -37.4792289734, -26.8725070953, -26.1625347137, 57.2401237488, 151.045425415, 57.105556488], [-167.267089844, 38.1311721802, -15.3239793777, -17.1614246368, 6.81519031525, 14.1651830673, 49.3596534729, -4.07384538651, -34.3849182129, -64.6894454956, -15.537820816, 57.105556488, 134.271224976]], "icov": [[0.000212038532482, -0.000168868369656, 0.000257604726357, 1.3252082681e-05, 0.000495333864819, -0.000239271059399, 0.000491053389851, -0.000639186531771, 0.000319102633512, -0.000317764788633, 0.000246612209594, -0.000187465237104, 0.00018027643091], [-0.000168868369656, 0.000986502156593, -6.1985287175e-05, -0.000105103863461, -0.000378969096346, 0.000615153752733, -0.000894688128028, 0.00110836897511, -0.000777100620326, 0.000101178018667, -0.000401411787607, 0.00034057351877, -0.0005357178743], [0.000257604726357, -6.1985287175e-05, 0.00167634268291, 1.63454442372e-05, -0.000543235742953, -0.000873623474035, 0.000894426484592, -0.000858013110701, 0.000508902070578, -0.000549493473954, 1.06718944153e-05, -0.000649969791993, 0.000440073781647], [1.3252082681e-05, -0.000105103863461, 1.63454442372e-05, 0.00344977108762, -0.00150963582564, -0.00117554946337, -0.000407854153309, 0.00118693325203, -0.000499164569192, -0.000428567931522, 0.000650472415145, -2.47933439823e-05, 0.000627240049653], [0.000495333864819, -0.000378969096346, -0.000543235742953, -0.00150963582564, 0.00960315018892, -0.00308112078346, -0.000276012870017, -0.00128673075233, 0.000735462468583, -0.000816178799141, 0.000447362515843, 0.000625610467978, -4.94020641781e-05], [-0.000239271059399, 0.000615153752733, -0.000873623474035, -0.00117554946337, -0.00308112078346, 0.00887330900878, -0.00297689577565, 0.00105395761784, 0.000286893395241, 0.00105587544385, -0.000750715320464, 0.00039183878107, -4.74670814583e-05], [0.000491053389851, -0.000894688128028, 0.000894426484592, -0.000407854153309, -0.000276012870017, -0.00297689577565, 0.0105690779164, -0.00411489466205, 0.00198390684091, 0.000694754999131, 0.00141450250521, -0.000768547062762, -0.00143302744254], [-0.000639186531771, 0.00110836897511, -0.000858013110701, 0.00118693325203, -0.00128673075233, 0.00105395761784, -0.00411489466205, 0.0114081790671, -0.00614640675485, 0.00102944625542, 0.000789631099906, 0.00185326382052, -0.00101916200947], [0.000319102633512, -0.000777100620326, 0.000508902070578, -0.000499164569192, 0.000735462468583, 0.000286893395241, 0.00198390684091, -0.00614640675485, 0.0137697150931, -0.0058624772355, 0.00281704310328, -0.00160072976723, 0.0013376645511], [-0.000317764788633, 0.000101178018667, -0.000549493473954, -0.000428567931522, -0.000816178799141, 0.00105587544385, 0.000694754999131, 0.00102944625542, -0.0058624772355, 0.0127847790718, -0.00614595878869, 0.00274846260436, 0.00194184528664], [0.000246612209594, -0.000401411787607, 1.06718944153e-05, 0.000650472415145, 0.000447362515843, -0.000750715320464, 0.00141450250521, 0.000789631099906, 0.00281704310328, -0.00614595878869, 0.0122333401814, -0.00530072115362, 0.00149645481724], [-0.000187465237104, 0.00034057351877, -0.000649969791993, -2.47933439823e-05, 0.000625610467978, 0.00039183878107, -0.000768547062762, 0.00185326382052, -0.00160072976723, 0.00274846260436, -0.00530072115362, 0.0110614858568, -0.00454554753378], [0.00018027643091, -0.0005357178743, 0.000440073781647, 0.000627240049653, -4.94020641781e-05, -4.74670814583e-05, -0.00143302744254, -0.00101916200947, 0.0013376645511, 0.00194184528664, 0.00149645481724, -0.00454554753378, 0.0118426028639]]}, "spectral_contrast_coeffs": {"dmean": [0.0326601751149, 0.0322601161897, 0.0300173852593, 0.0251156203449, 0.0205970071256, 0.0167218744755], "dmean2": [0.0528390854597, 0.0512323342264, 0.0459576509893, 0.0407526753843, 0.0326775573194, 0.0272743050009], "dvar": [0.000845337111969, 0.000802291440777, 0.000757517002057, 0.000484185817186, 0.000434208312072, 0.000280393753201], "dvar2": [0.00218833470717, 0.00204357481562, 0.00167415617034, 0.00120020192116, 0.000975190312602, 0.00068922835635], "max": [-0.330332279205, -0.381940990686, -0.3842471838, -0.469204932451, -0.548249423504, -0.610792517662], "mean": [-0.667050302029, -0.66360449791, -0.666704058647, -0.735707163811, -0.755612194538, -0.761473178864], "median": [-0.671470761299, -0.663812637329, -0.689571619034, -0.732009410858, -0.755983829498, -0.754477024078], "min": [-0.956357300282, -0.967482447624, -0.959757268429, -0.967490255833, -0.9597671628, -0.959447145462], "var": [0.00465617375448, 0.00571450591087, 0.0123997032642, 0.00411195121706, 0.0035304883495, 0.00306765316054]}, "spectral_contrast_valleys": {"dmean": [0.259986877441, 0.264234006405, 0.263847351074, 0.244964212179, 0.237163498998, 0.355996996164], "dmean2": [0.421102255583, 0.426402956247, 0.424179375172, 0.397077411413, 0.356550127268, 0.490734606981], "dvar": [0.0737028867006, 0.0711608305573, 0.078228905797, 0.0807785689831, 0.102248832583, 