{"lowlevel": {"average_loudness": 0.517305791378, "barkbands_crest": {"dmean": 1.85128724575, "dmean2": 2.81290888786, "dvar": 3.79494214058, "dvar2": 9.25164604187, "max": 25.839761734, "mean": 14.1979608536, "median": 13.765332222, "min": 4.21771335602, "var": 16.2409057617}, "barkbands_flatness_db": {"dmean": 0.0318135023117, "dmean2": 0.0453177690506, "dvar": 0.00105870945845, "dvar2": 0.00234572542831, "max": 0.555083453655, "mean": 0.311003237963, "median": 0.315751433372, "min": 0.0540291555226, "var": 0.00527971144766}, "barkbands_kurtosis": {"dmean": 4.28448724747, "dmean2": 6.45854997635, "dvar": 162.249755859, "dvar2": 326.871917725, "max": 763.300231934, "mean": 10.8152942657, "median": 6.31807374954, "min": -1.83781659603, "var": 895.16394043}, "barkbands_skewness": {"dmean": 0.477676659822, "dmean2": 0.714274227619, "dvar": 0.358384430408, "dvar2": 0.82321625948, "max": 19.2525119781, "mean": 1.65139460564, "median": 1.53556251526, "min": -2.11976623535, "var": 2.03384184837}, "barkbands_spread": {"dmean": 1.10386633873, "dmean2": 1.65508556366, "dvar": 4.79812002182, "dvar2": 10.4759302139, "max": 124.064582825, "mean": 4.39052152634, "median": 3.47691679001, "min": 0.161377981305, "var": 21.8206710815}, "dissonance": {"dmean": 0.0371633730829, "dmean2": 0.0609137564898, "dvar": 0.00119976222049, "dvar2": 0.00305228820071, "max": 0.499999433756, "mean": 0.367840021849, "median": 0.372909873724, "min": 0.110363006592, "var": 0.00381689541973}, "dynamic_complexity": 4.99940729141, "erbbands_crest": {"dmean": 1.96206605434, "dmean2": 2.95765185356, "dvar": 4.63475227356, "dvar2": 10.9189214706, "max": 32.0029525757, "mean": 14.181344986, "median": 13.4129905701, "min": 2.66757893562, "var": 26.6068344116}, "erbbands_flatness_db": {"dmean": 0.0300689786673, "dmean2": 0.0427016355097, "dvar": 0.000938825251069, "dvar2": 0.00206617452204, "max": 0.462744683027, "mean": 0.293176949024, "median": 0.300841987133, "min": 0.0319760628045, "var": 0.00440910458565}, "erbbands_kurtosis": {"dmean": 1.79498279095, "dmean2": 2.65708446503, "dvar": 11.5013284683, "dvar2": 24.9817142487, "max": 118.190124512, "mean": 4.53598976135, "median": 2.5004825592, "min": -1.72788441181, "var": 45.9811553955}, "erbbands_skewness": {"dmean": 0.320692270994, "dmean2": 0.467415243387, "dvar": 0.152672618628, "dvar2": 0.340611755848, "max": 8.15634346008, "mean": 1.38643968105, "median": 1.25739860535, "min": -1.69894886017, "var": 0.921547532082}, "erbbands_spread": {"dmean": 2.95295286179, "dmean2": 4.43285560608, "dvar": 22.7947940826, "dvar2": 56.5757026672, "max": 128.808364868, "mean": 13.9204769135, "median": 12.0128898621, "min": 0.699642181396, "var": 88.5525512695}, "hfc": {"dmean": 2.01234531403, "dmean2": 2.60925674438, "dvar": 23.7292633057, "dvar2": 47.6512832642, "max": 193.10798645, "mean": 7.25919008255, "median": 4.00342941284, "min": 1.1846702062e-16, "var": 92.6866455078}, "melbands_crest": {"dmean": 2.3807015419, "dmean2": 3.65087795258, "dvar": 6.58667182922, "dvar2": 16.1744022369, "max": 34.8629722595, "mean": 18.2092533112, "median": 17.6714248657, "min": 1.82160794735, "var": 31.7157936096}, "melbands_flatness_db": {"dmean": 0.0381073020399, "dmean2": 0.0531050823629, "dvar": 0.00150858692359, "dvar2": 0.0032965473365, "max": 0.721500396729, "mean": 0.423213809729, "median": 0.429312616587, "min": 0.00358839682303, "var": 0.0086447102949}, "melbands_kurtosis": {"dmean": 4.432929039, "dmean2": 6.63407897949, "dvar": 64.9695510864, "dvar2": 143.55557251, "max": 315.564208984, "mean": 12.3478269577, "median": 7.97848081589, "min": -1.60973167419, "var": 302.32208252}, "melbands_skewness": {"dmean": 0.446046203375, "dmean2": 0.651358902454, "dvar": 0.287592351437, "dvar2": 0.655445277691, "max": 13.7677230835, "mean": 1.99007201195, "median": 1.81994056702, "min": -1.90473520756, "var": 1.77561759949}, "melbands_spread": {"dmean": 1.24026751518, "dmean2": 1.82077932358, "dvar": 10.7027788162, "dvar2": 19.9603118896, "max": 170.965805054, "mean": 5.79388427734, "median": 4.190284729, "min": 0.223603218794, "var": 107.274681091}, "pitch_salience": {"dmean": 0.0543058738112, "dmean2": 0.0858969911933, "dvar": 0.00340750208125, "dvar2": 0.00836662203074, "max": 0.809294521809, "mean": 0.480535566807, "median": 0.481913864613, "min": 0.0861004292965, "var": 0.0123837525025}, "silence_rate_20dB": {"dmean": 0.00029730933602, "dmean2": 0.000594707089476, "dvar": 0.000297230144497, "dvar2": 0.000594319019001, "max": 1, "mean": 0.999702751637, "median": 1, "min": 0, "var": 0.000297185993986}, "silence_rate_30dB": {"dmean": 0.0130816111341, "dmean2": 0.0261671133339, "dvar": 0.0129101350904, "dvar2": 0.0275645777583, "max": 1, "mean": 0.979488730431, "median": 1, "min": 0, "var": 0.0200905613601}, "silence_rate_60dB": {"dmean": 0.0327040292323, "dmean2": 0.0654177814722, "dvar": 0.0316332727671, "dvar2": 0.070945084095, "max": 1, "mean": 0.138079673052, "median": 0, "min": 0, "var": 0.119011998177}, "spectral_centroid": {"dmean": 47.0329742432, "dmean2": 68.3326797485, "dvar": 26860.6503906, "dvar2": 39183.1328125, "max": 10919.1884766, "mean": 411.077392578, "median": 354.061523438, "min": 130.608917236, "var": 117601.273438}, "spectral_complexity": {"dmean": 1.0542589426, "dmean2": 1.69283378124, "dvar": 1.97340226173, "dvar2": 3.96157193184, "max": 32, "mean": 7.11875724792, "median": 7, "min": 0, "var": 10.8168869019}, "spectral_decrease": {"dmean": 1.54827917154e-09, "dmean2": 1.93130977877e-09, "dvar": 9.47592384424e-18, "dvar2": 1.53572615447e-17, "max": 3.02222782467e-18, "mean": -5.63968427514e-09, "median": -3.64434438183e-09, "min": -8.53848547422e-08, "var": 4.6164695215e-17}, "spectral_energy": {"dmean": 0.00601263390854, "dmean2": 0.00751365814358, "dvar": 0.000143306722748, "dvar2": 0.000233367798501, "max": 0.333763062954, "mean": 0.0219438690692, "median": 0.014142839238, "min": 1.0644408115e-20, "var": 0.000697669747751}, "spectral_energyband_high": {"dmean": 2.07345237868e-05, "dmean2": 3.42130188073e-05, "dvar": 1.88905673326e-08, "dvar2": 5.28439194625e-08, "max": 0.00508324056864, "mean": 1.88826688827e-05, "median": 9.52461164161e-07, "min": 7.46279602147e-21, "var": 1.33828850224e-08}, "spectral_energyband_low": {"dmean": 0.00137591117527, "dmean2": 0.00143000355456, "dvar": 1.13885644168e-05, "dvar2": 8.53350411489e-06, "max": 0.158711016178, "mean": 0.00496150040999, "median": 0.00134275457822, "min": 3.927293214e-23, "var": 9.90951157291e-05}, "spectral_energyband_middle_high": {"dmean": 0.000374491530238, "dmean2": 0.000473676511319, "dvar": 2.55129498328e-06, "dvar2": 5.15903639098e-06, "max": 0.0767740309238, "mean": 0.00105607928708, "median": 0.00017154312809, "min": 1.57024648877e-21, "var": 8.06272328191e-06}, "spectral_energyband_middle_low": {"dmean": 0.00504502188414, "dmean2": 0.00670833047479, "dvar": 0.000115603310405, "dvar2": 0.000200774942641, "max": 0.258506715298, "mean": 0.0159527659416, "median": 0.00927780475467, "min": 2.5232886092e-22, "var": 0.000443600583822}, "spectral_entropy": {"dmean": 0.302198976278, "dmean2": 0.462146341801, "dvar": 0.124239869416, "dvar2": 0.296529054642, "max": 9.79357528687, "mean": 5.65021705627, "median": 5.55781173706, "min": 3.48602843285, "var": 0.453110545874}, "spectral_flux": {"dmean": 0.0186847243458, "dmean2": 0.0299830865115, "dvar": 0.000744630990084, "dvar2": 0.00183539511636, "max": 0.360072523355, "mean": 0.0385996624827, "median": 0.027627106756, "min": 1.03171741983e-10, "var": 0.0013002572814}, "spectral_kurtosis": {"dmean": 21.3007793427, "dmean2": 34.3218688965, "dvar": 452.497467041, "dvar2": 1102.80078125, "max": 284.114196777, "mean": 49.6864585876, "median": 39.5795822144, "min": -1.18259263039, "var": 1491.61181641}, "spectral_rms": {"dmean": 0.000552663463168, "dmean2": 0.000689754495397, "dvar": 6.3997123334e-07, "dvar2": 1.0423822232e-06, "max": 0.0180450137705, "mean": 0.00402027973905, "median": 0.00371455145068, "min": 3.22254375962e-12, "var": 5.24602137375e-06}, "spectral_rolloff": {"dmean": 61.6827697754, "dmean2": 101.273376465, "dvar": 92924.84375, "dvar2": 128166.554688, "max": 19422.9492188, "mean": 546.139770508, "median": 366.064453125, "min": 64.599609375, "var": 2097155.75}, "spectral_skewness": {"dmean": 1.21359848976, "dmean2": 1.97240495682, "dvar": 1.18219673634, "dvar2": 2.82285165787, "max": 14.3481197357, "mean": 5.03510761261, "median": 4.68874931335, "min": 0.00147881871089, "var": 4.7674908638}, "spectral_spread": {"dmean": 602634.75, "dmean2": 961894.0625, "dvar": 648447393792, "dvar2": 1306729250820.0, "max": 39139576, "mean": 1903773.625, "median": 1553630.75, "min": 333430.0625, "var": 1843208519680.0}, "spectral_strongpeak": {"dmean": 0.247143641114, "dmean2": 0.387231856585, "dvar": 0.136075794697, "dvar2": 0.299189984798, "max": 5.51892232895, "mean": 0.900473237038, "median": 0.696180939674, "min": 0, "var": 0.541527986526}, "zerocrossingrate": {"dmean": 0.00252487929538, "dmean2": 0.00321150547825, "dvar": 4.94223349961e-05, "dvar2": 5.23555900145e-05, "max": 0.5185546875, "mean": 0.020158149302, "median": 0.015625, "min": 0.001953125, "var": 0.00148584274575}, "barkbands": {"dmean": [0.000222060640226, 0.000299736042507, 0.00109704129864, 0.000189852013136, 0.00321091036312, 0.00171627744567, 0.000384637300158, 0.000211899430724, 0.000236579566263, 8.21258945507e-05, 8.70888543432e-05, 5.80595879001e-05, 4.84112533741e-05, 6.94449772709e-05, 4.24962381658e-05, 3.22243686242e-05, 1.71918327396e-05, 1.83436313819e-05, 9.96395465336e-06, 7.80567643233e-06, 5.37099458597e-06, 3.70495217794e-06, 2.37125254898e-06, 2.58674572251e-06, 1.94576909962e-06, 1.30561375045e-06, 1.58278723461e-07], "dmean2": [0.000399701530114, 0.000424157973612, 0.00105892529245, 0.000289290910587, 0.00431719888002, 0.00245653092861, 0.000537012412678, 0.00027640684857, 0.000280589069007, 0.000109852255264, 0.000118338524771, 7.77583336458e-05, 6.5555483161e-05, 9.5338182291e-05, 5.72241624468e-05, 4.40763869847e-05, 2.30200166698e-05, 2.61656896328e-05, 1.41114624057e-05, 1.16868668556e-05, 8.431090464e-06, 6.14892633166e-06, 4.16594230046e-06, 4.78602260046e-06, 3.65925552614e-06, 2.44959915108e-06, 2.95930817629e-07], "dvar": [6.68340589982e-07, 3.71032854218e-07, 8.53247001942e-06, 1.22504857814e-07, 8.16145184217e-05, 1.66531171999e-05, 1.95168922801e-06, 6.1763279291e-07, 5.59545640044e-07, 1.7699855448e-07, 4.27082426313e-07, 1.17835533331e-07, 5.21989740321e-08, 1.3046835079e-07, 5.87669291008e-08, 5.78068082291e-08, 6.1458416134e-09, 2.09040269539e-08, 3.25212057284e-09, 1.6020615945e-09, 1.03979247434e-09, 6.50846931904e-10, 2.18185081113e-10, 1.22286447635e-09, 5.48580736393e-10, 2.42342201862e-10, 3.17477684766e-12], "dvar2": [1.95816528503e-06, 6.16880186044e-07, 5.66176504435e-06, 2.29818681419e-07, 0.000135874666739, 3.61888342013e-05, 3.36400421475e-06, 1.04886157715e-06, 8.3352853153e-07, 3.09010999899e-07, 7.92048751919e-07, 2.10171677395e-07, 1.00009934556e-07, 2.69286601906e-07, 1.22607431763e-07, 1.40393211723e-07, 1.30857271685e-08, 5.23256140639e-08, 7.70306485265e-09, 4.15693390821e-09, 2.81846923578e-09, 1.70346381445e-09, 6.14305273317e-10, 3.56576168592e-09, 1.60064861365e-09, 7.04740765745e-10, 9.11668570497e-12], "max": [0.0155802499503, 0.0162314549088, 0.140178948641, 0.00704642292112, 0.224058017135, 0.0983425304294, 0.0389951243997, 0.0269300043583, 0.0198351293802, 0.0177878402174, 0.0409110113978, 0.0163373686373, 0.00762692885473, 0.0163648258895, 0.0108749875799, 0.0107238581404, 0.00205367198214, 0.00818027183414, 0.00290633924305, 0.00138231203891, 0.00143299391493, 0.00127547490411, 0.000478197907796, 0.00181719090324, 0.0011072778143, 0.000755045097321, 7.21752949175e-05], "mean": [0.000192087783944, 0.000964304374065, 0.00380027317442, 0.000393065332901, 0.00663129147142, 0.00575888995081, 0.00152857403737, 0.000671575078741, 0.000842947105411, 0.00025017830194, 0.000236008505453, 0.00014809370623, 0.000119319622172, 0.000158852897584, 9.73196365521e-05, 5.82954162383e-05, 3.03360629914e-05, 2.64638692897e-05, 1.30216922116e-05, 9.04298758542e-06, 5.34868786417e-06, 3.0926466934e-06, 1.77963158876e-06, 1.65462176938e-06, 1.19901619655e-06, 8.20304364879e-07, 1.09347382704e-07], "median": [1.42732278618e-05, 0.000451582542155, 0.000643017585389, 0.000177935464308, 0.002250488149, 0.00201921863481, 0.000201034490601, 8.31415964058e-05, 0.000178755115485, 2.63007914327e-05, 2.26773045142e-05, 7.87549197412e-06, 6.0216257225e-06, 9.58574673859e-06, 6.35739615973e-06, 3.23439530803e-06, 2.11527708416e-06, 1.92604920812e-06, 7.84864255365e-07, 5.58401097805e-07, 2.58771933659e-07, 8.74767351888e-08, 3.91297625413e-08, 2.4902021778e-08, 2.10032951031e-08, 2.19686491221e-08, 1.43183367385e-08], "min": [8.80652286836e-24, 1.46312793105e-23, 1.41834792622e-23, 2.61747708667e-23, 1.94786102697e-23, 4.65013435006e-23, 2.53267801035e-23, 2.52963016735e-23, 4.38149818175e-23, 4.57318664856e-23, 1.19465549871e-22, 6.78342123488e-23, 7.93654024081e-23, 9.61007394136e-23, 9.86750828481e-23, 6.51014656445e-23, 1.62486779845e-22, 2.10790058358e-22, 3.0955586021e-22, 2.73356838184e-22, 4.74410649032e-22, 5.55447237491e-22, 4.58453696859e-22, 6.74284929811e-22, 1.0447731384e-21, 1.58441892398e-21, 2.43903695186e-21], "var": [4.76341739386e-07, 2.69067254521e-06, 7.13978079148e-05, 4.22487801188e-07, 0.000217648252146, 8.69651848916e-05, 1.46055599544e-05, 3.51729909198e-06, 3.44489490089e-06, 8.14809823169e-07, 1.6782602188e-06, 4.16609907461e-07, 1.7993943402e-07, 3.69950299728e-07, 1.5194221703e-07, 8.22962178404e-08, 1.25143468921e-08, 2.30017906944e-08, 4.03038802332e-09, 1.63384472618e-09, 8.72663774576e-10, 5.05091413139e-10, 1.49428788787e-10, 6.77065681298e-10, 3.04016867236e-10, 1.35130406864e-10, 1.81666411515e-12]}, "erbbands": {"dmean": [0.00622655265033, 0.0990349203348, 1.11770915985, 0.834385275841, 8.02523803711, 9.45706367493, 13.9999408722, 10.8006448746, 6.19285058975, 4.09840250015, 5.58110904694, 5.87474727631, 2.95165395737, 2.79306840897, 2.87838482857, 2.34798145294, 2.29892706871, 4.1150097847, 2.68431019783, 1.47018408775, 1.48494446278, 0.919814348221, 1.04407978058, 0.67117613554, 0.428017884493, 0.357148945332, 0.278165280819, 0.168127387762, 0.140297904611, 0.0897013396025, 0.0686378329992, 0.0503857992589, 0.0437784977257, 0.0243188105524, 0.0133168492466, 0.00765939103439, 0.00194566743448, 0.000237694446696, 2.83068329736e-05, 7.74340423959e-06], "dmean2": [0.0105486148968, 0.121167384088, 1.07221913338, 0.969809293747, 10.2323074341, 13.6373586655, 20.6124248505, 14.933385849, 8.66784477234, 5.3957362175, 7.0468506813, 7.03719186783, 3.87873148918, 3.6458158493, 4.02837991714, 3.10522484779, 3.06242442131, 5.60355806351, 3.55769705772, 1.94580233097, 2.01807236671, 1.22906386852, 1.48305988312, 0.933440446854, 0.620522141457, 0.533924937248, 0.433272182941, 0.263220340014, 0.230525895953, 0.153781875968, 0.120802812278, 0.0914255455136, 0.0814958363771, 0.0458468198776, 0.0249691046774, 0.0143832499161, 0.00364450458437, 0.000443454948254, 5.19296518178e-05, 1.05535837065e-05], "dvar": [0.000226064643357, 0.0519714280963, 8.87850570679, 2.74336576462, 656.311950684, 687.300476074, 1394.79772949, 916.353881836, 466.104888916, 281.848327637, 415.708984375, 399.380432129, 237.451980591, 247.590087891, 788.657409668, 194.069259644, 96.2382354736, 430.244354248, 197.663803101, 71.3143310547, 103.900970459, 20.8526477814, 89.7116088867, 10.667714119, 7.66302537918, 3.74231123924, 2.96117186546, 0.902982890606, 0.866497039795, 0.307317107916, 0.224492818117, 0.25901350379, 0.376801580191, 0.14144051075, 0.0220006909221, 0.00935069099069, 0.000536923413165, 6.26403971182e-06, 1.0397589989e-07, 4.97007712763e-10], "dvar2": [0.000638843106572, 0.0568435415626, 5.95289134979, 2.56194400787, 907.311523438, 1448.1262207, 3621.1184082, 1607.92041016, 833.83392334, 478.467407227, 671.4921875, 601.280578613, 427.536499023, 408.092834473, 1502.80957031, 351.264678955, 183.114486694, 898.876220703, 400.655548096, 161.199859619, 259.171142578, 46.6076850891, 224.428115845, 24.5274772644, 19.1249504089, 9.71027565002, 8.21132659912, 2.36913371086, 2.26215863228, 0.859544575214, 0.632920622826, 0.746858179569, 1.09845876694, 0.415592938662, 0.0641508772969, 0.027350910008, 0.00155198806897, 1.79609014594e-05, 2.99762604072e-07, 1.23332366542e-09], "max": [0.350820958614, 8.09918785095, 136.993438721, 75.0665817261, 580.173522949, 864.134887695, 858.518310547, 1255.25317383, 592.884216309, 545.226257324, 721.723999023, 583, 726.445617676, 756.612304688, 1986.89929199, 735.000305176, 267.342224121, 958.766174316, 696.524047852, 291.128143311, 502.827331543, 152.862060547, 582.726318359, 119.661048889, 148.179977417, 76.600227356, 80.2255325317, 45.4289169312, 42.82264328, 19.7058849335, 17.8827896118, 25.2097568512, 31.2843112946, 20.5187187195, 6.50383710861, 4.94355583191, 0.976042866707, 0.0875059589744, 0.012644036673, 0.000730704050511], "mean": [0.0191375296563, 0.32730448246, 3.88443827629, 2.63320493698, 14.2086639404, 19.8618869781, 43.353061676, 39.3305130005, 24.8138961792, 16.1483478546, 18.3493289948, 20.5436019897, 9.7130613327, 8.4899187088, 8.18752670288, 6.51424217224, 6.06778478622, 9.86127281189, 6.53066587448, 3.00916790962, 2.75950598717, 1.60880124569, 1.52587759495, 0.958967924118, 0.533891916275, 0.412853509188, 0.291014403105, 0.163709715009, 0.119765564799, 0.07096144557, 0.0505934879184, 0.0340223908424, 0.0274997968227, 0.014861529693, 0.00827143248171, 0.00475846184418, 0.00122743891552, 0.000160990428412, 2.83941590169e-05, 2.54248898273e-05], "median": [0.0118586048484, 0.0907658934593, 0.670564293861, 0.99886071682, 2.02368879318, 7.78811168671, 14.9869642258, 11.4239063263, 5.00967121124, 2.75496244431, 3.24500179291, 4.83360481262, 1.7164170742, 1.36654424667, 0.731926679611, 0.479572296143, 0.484220683575, 0.759565114975, 0.469768881798, 0.301349073648, 0.194455802441, 0.126268997788, 0.122082725167, 0.0602069310844, 0.0396830663085, 0.0254509970546, 0.0148519407958, 0.00792795978487, 0.00370710110292, 0.00178699824028, 0.001068039448, 0.000636009441223, 0.000394625036279, 0.000249232252827, 0.000168007187312, 0.000107999861939, 4.6473571274e-05, 1.28186438815e-05, 1.07257947093e-05, 1.62752348842e-05], "min": [2.99693584282e-22, 3.8775521008e-21, 1.76059108748e-20, 3.40358746489e-20, 8.00042884607e-20, 4.61185535553e-20, 1.82743545584e-19, 3.99208220364e-19, 3.6178793947e-19, 4.91241627786e-19, 5.33223473716e-19, 8.7967628596e-19, 1.43089207537e-18, 1.35277603346e-18, 5.23316517635e-18, 3.31456958317e-18, 5.13435886577e-18, 3.8671413284e-18, 5.21478067365e-18, 4.21003871157e-18, 3.64491305298e-18, 9.89799357897e-18, 1.12686872751e-17, 1.81690453158e-17, 1.18704107127e-17, 1.35243707552e-17, 1.77078276042e-17, 1.59242111366e-17, 1.74825366926e-17, 1.29930246713e-17, 1.52383642578e-17, 1.32536808628e-17, 1.27613289002e-17, 1.01710847767e-17, 5.70190361407e-18, 6.10157164345e-18, 2.89999493196e-18, 1.03198329439e-18, 3.37878283864e-19, 3.7517956061e-20], "var": [0.00043102086056, 0.431730955839, 74.9137573242, 20.2498817444, 1916.38378906, 1561.25500488, 5290.34472656, 6552.0625, 3258.6862793, 1897.89050293, 2264.8515625, 2195.00732422, 1061.05786133, 1245.85974121, 3355.70117188, 706.537597656, 328.703369141, 1214.25561523, 560.361450195, 129.163391113, 140.974960327, 37.693939209, 96.373298645, 15.9268741608, 7.89211320877, 3.72929048538, 2.32075047493, 0.818385779858, 0.690619409084, 0.219125539064, 0.147348463535, 0.149956330657, 0.209024056792, 0.076233908534, 0.0122348740697, 0.00512518594041, 0.000303289911244, 3.62776245311e-06, 5.91249857962e-08, 1.07215780698e-09]}, "gfcc": {"mean": [-172.871307373, 190.082763672, -84.1846313477, -2.99647498131, -38.3521308899, -18.6758594513, -33.366268158, -9.76821899414, -16.9974880219, -3.33041119576, -9.72127437592, -6.15737056732, -2.13662314415], "cov": [[14658.1689453, 886.208435059, -2868.01318359, 154.274902344, -378.641082764, -360.324249268, -280.654052734, -357.60055542, -159.86277771, -153.287277222, -158.5105896, -205.168151855, -18.6446437836], [886.208435059, 1788.83056641, -46.8184585571, -518.998657227, 420.553619385, -367.231262207, 94.2855072021, -181.007583618, 86.2574920654, -152.397277832, 71.5704574585, -167.717391968, 25.7118301392], [-2868.01318359, -46.8184585571, 1522.24755859, 108.327598572, -1.30068194866, 245.43309021, -11.5978145599, 126.21710968, -36.0375366211, 1.92978155613, -2.70636415482, 48.0234680176, -71.1874694824], [154.274902344, -518.998657227, 108.327598572, 584.570251465, -94.3576049805, 126.020263672, 74.4098434448, 11.3317680359, -45.1977310181, -3.54929995537, -54.6957397461, -0.853397667408, -52.9127426147], [-378.641082764, 420.553619385, -1.30068194866, -94.3576049805, 408.945892334, -20.3701763153, 48.7542953491, -44.1306152344, 3.25428342819, -27.0475883484, 35.1946182251, -66.0862884521, -32.077671051], [-360.324249268, -367.231262207, 245.43309021, 126.020263672, -20.3701763153, 294.241424561, -13.3229913712, 53.4339370728, -37.8923339844, 30.6706600189, -29.2428646088, 18.1214504242, -61.7275428772], [-280.654052734, 94.2855072021, -11.5978145599, 74.4098434448, 48.7542953491, -13.3229913712, 162.66255188, 8.8404006958, 12.8222198486, -17.7990093231, -2.48167967796, -26.4513950348, -7.49276018143], [-357.60055542, -181.007583618, 126.21710968, 11.3317680359, -44.1306152344, 53.4339370728, 8.8404006958, 140.615402222, 8.18520927429, 27.4436569214, -15.8420219421, 20.9728946686, -13.6484642029], [-159.86277771, 86.2574920654, -36.0375366211, -45.1977310181, 3.25428342819, -37.8923339844, 12.8222198486, 8.18520927429, 92.4187316895, 17.7992362976, 10.4849596024, -11.591047287, 1.43155133724], [-153.287277222, -152.397277832, 1.92978155613, -3.54929995537, -27.0475883484, 30.6706600189, -17.7990093231, 27.4436569214, 17.7992362976, 110.985191345, 35.2665939331, 31.7494602203, -4.759806633], [-158.5105896, 71.5704574585, -2.70636415482, -54.6957397461, 35.1946182251, -29.2428646088, -2.48167967796, -15.8420219421, 10.4849596024, 35.2665939331, 104.958450317, 50.3456077576, 13.3476171494], [-205.168151855, -167.717391968, 48.0234680176, -0.853397667408, -66.0862884521, 18.1214504242, -26.4513950348, 20.9728946686, -11.591047287, 31.7494602203, 50.3456077576, 118.517906189, 44.0145988464], [-18.6446437836, 25.7118301392, -71.1874694824, -52.9127426147, -32.077671051, -61.7275428772, -7.49276018143, -13.6484642029, 1.43155133724, -4.759806633, 13.3476171494, 44.0145988464, 101.736953735]], "icov": [[0.000285637448542, -0.000789244484622, 0.00073783606058, -0.000680813740473, 0.000656274030916, -0.000520524161402, 0.000971311936155, -0.000418767624069, 0.000821386696771, -0.000294620200293, 0.000351575785317, -0.000324571330566, 0.000389414140955], [-0.000789244484622, 0.00431407662109, -0.00254664500244, 0.00333509873599, -0.00277300784364, 0.00301573332399, -0.00375307514332, 0.00271870335564, -0.00302358809859, 0.0025246727746, -0.00211563915946, 0.00276533234864, -0.000996702350676], [0.00073783606058, -0.00254664500244, 0.00284899631515, -0.00214804033749, 0.00184410973452, -0.00227221474051, 0.0028674993664, -0.00206309603527, 0.00232053012587, -0.000705941638444, 0.000899503065739, -0.00155806320254, 0.00128274760209], [-0.000680813740473, 0.00333509873599, -0.00214804033749, 0.00502750976011, -0.0015883235028, 0.00171390548348, -0.00458005443215, 0.00280177360401, -0.00163155270275, 0.00160463771317, -0.000432289583841, 0.00125168054365, 0.000334982440108], [0.000656274030916, -0.00277300784364, 0.00184410973452, -0.0015883235028, 0.00534827355295, -0.00232522189617, 0.00173901487142, -0.00109977636021, 0.00273142429069, -0.000781166949309, -0.0010285708122, 0.000824913673569, 0.00124450435396], [-0.000520524161402, 0.00301573332399, -0.00227221474051, 0.00171390548348, -0.00232522189617, 0.00772070838138, -0.00219884165563, 0.00131868117023, -0.000522349961102, 0.000113740403322, 0.000903460371774, -0.00026530350442, 0.00241909921169], [0.000971311936155, -0.00375307514332, 0.0028674993664, -0.00458005443215, 0.00173901487142, -0.00219884165563, 0.0116018513218, -0.00386003730819, 0.00187973421998, -0.000481272552861, 0.000207835139008, -0.000125627557281, 0.00027983324253], [-0.000418767624069, 0.00271870335564, -0.00206309603527, 0.00280177360401, -0.00109977636021, 0.00131868117023, -0.00386003730819, 0.0114089725539, -0.0028925682418, -0.000634930969682, 0.00222168373875, -0.00121734954882, 0.00119554705452], [0.000821386696771, -0.00302358809859, 0.00232053012587, -0.00163155270275, 0.00273142429069, -0.000522349961102, 0.00187973421998, -0.0028925682418, 0.0156766269356, -0.00407185265794, 0.000344493077137, 0.000757207453717, 0.00120063882787], [-0.000294620200293, 0.0025246727746, -0.000705941638444, 0.00160463771317, -0.000781166949309, 0.000113740403322, -0.000481272552861, -0.000634930969682, -0.00407185265794, 0.0142863932997, -0.00616185413674, 0.00116264238022, 0.000381748395739], [0.000351575785317, -0.00211563915946, 0.000899503065739, -0.000432289583841, -0.0010285708122, 0.000903460371774, 0.000207835139008, 0.00222168373875, 0.000344493077137, -0.00616185413674, 0.0194488614798, -0.0118003962561, 0.00380134372972], [-0.000324571330566, 0.00276533234864, -0.00155806320254, 0.00125168054365, 0.000824913673569, -0.00026530350442, -0.000125627557281, -0.00121734954882, 0.000757207453717, 0.00116264238022, -0.0118003962561, 0.0211756322533, -0.00884034018964], [0.000389414140955, -0.000996702350676, 0.00128274760209, 0.000334982440108, 0.00124450435396, 0.00241909921169, 0.00027983324253, 0.00119554705452, 0.00120063882787, 0.000381748395739, 0.00380134372972, -0.00884034018964, 0.0165923126042]]}, "melbands": {"dmean": [6.85341437929e-05, 0.000414882175392, 0.00026983304997, 0.000783745956142, 0.000412637251429, 0.000258508429397, 9.14187476155e-05, 4.09578497056e-05, 4.86900171381e-05, 3.62514983863e-05, 1.36392727654e-05, 1.07639989437e-05, 9.71875761024e-06, 6.05915010965e-06, 5.89077581026e-06, 5.56736358703e-06, 8.30000863061e-06, 4.2744586608e-06, 2.36390019381e-06, 2.58785644291e-06, 1.5295402136e-06, 1.0639159882e-06, 8.9193116537e-07, 7.89225737208e-07, 5.35945844149e-07, 3.57679851959e-07, 2.5554908234e-07, 2.39341545694e-07, 1.8916661304e-07, 1.31992806018e-07, 9.02301451333e-08, 8.2935862622e-08, 6.42546211793e-08, 4.56576074725e-08, 4.21354364732e-08, 2.92730106821e-08, 3.27288596225e-08, 3.29633991214e-08, 2.5293374506e-08, 1.89228597236e-08], "dmean2": [0.000109881933895, 0.000406318460591, 0.000318766164128, 0.0010512995068, 0.000609085371252, 0.000360726699, 0.000127454710309, 5.36814186489e-05, 6.10825882177e-05, 4.35006331827e-05, 1.84390901268e-05, 1.41724867717e-05, 1.36026401378e-05, 8.11859354144e-06, 7.78478170105e-06, 7.58366240916e-06, 1.13727637654e-05, 5.71605824007e-06, 3.2094967537e-06, 3.5220728023e-06, 2.11702877095e-06, 1.42667624914e-06, 1.2386394701e-06, 1.14818408292e-06, 7.4388253779e-07, 5.18263107097e-07, 3.85970935213e-07, 3.57023026254e-07, 2.95645889992e-07, 2.066697391e-07, 1.43280558973e-07, 1.34336502811e-07, 1.09861915121e-07, 7.84997951087e-08, 7.45743733432e-08, 5.18919556214e-08, 6.02221987833e-08, 6.12237442965e-08, 4.77636206142e-08, 3.55847902256e-08], "dvar": [2.0183398064e-08, 1.18655395909e-06, 4.55461218962e-07, 5.83670771448e-06, 1.04252353594e-06, 4.29368327559e-07, 9.95520892388e-08, 3.04640437321e-08, 3.44659518703e-08, 1.65505955607e-08, 5.68641667087e-09, 3.78161368886e-09, 6.77227074419e-09, 1.32392607988e-09, 1.43732559188e-09, 6.64018562357e-10, 2.01372341024e-09, 5.59715052084e-10, 2.20357773695e-10, 3.74466957442e-10, 1.00695771166e-10, 2.98746860583e-11, 4.79440792622e-11, 4.22434517922e-11, 6.23170308758e-12, 5.08579333161e-12, 2.83640667377e-12, 1.66389428277e-12, 1.59127246969e-12, 5.62912672204e-13, 3.53807207056e-13, 3.08032272649e-13, 2.11807974588e-13, 7.43994506302e-14, 8.64836427841e-14, 3.58981338308e-14, 1.69502771736e-13, 2.2894682569e-13, 1.93491042958e-13, 7.05533586198e-14], "dvar2": [5.17310034809e-08, 8.1829341525e-07, 5.39392090104e-07, 9.93011508399e-06, 2.67313930635e-06, 7.88039528743e-07, 1.75159712512e-07, 5.18117104775e-08, 5.51577379326e-08, 2.51366483184e-08, 1.03138839691e-08, 6.19635631693e-09, 1.30922623853e-08, 2.2634161212e-09, 2.66929633952e-09, 1.28560795343e-09, 4.1756726965e-09, 1.12788534068e-09, 4.78630968193e-10, 8.69209204613e-10, 2.4999735615e-10, 6.49523559937e-11, 1.16470680323e-10, 1.08902054041e-10, 1.37378502671e-11, 1.2585219325e-11, 7.18138092395e-12, 4.25786012351e-12, 4.48673953893e-12, 1.46044092618e-12, 9.27843088819e-13, 7.62790709503e-13, 5.9552905142e-13, 2.08280536373e-13, 2.43541867445e-13, 1.01234708008e-13, 4.92454601403e-13, 6.64844752602e-13, 5.71865796904e-13, 2.06249893466e-13], "max": [0.00298030395061, 0.0496419481933, 0.016161005944, 0.0621900595725, 0.0225662924349, 0.0240973047912, 0.00773383816704, 0.00644857855514, 0.00719724176452, 0.00387071957812, 0.0035569735337, 0.00283222435974, 0.00555930053815, 0.00210710824467, 0.00172932480928, 0.000761675124522, 0.00214552343823, 0.00113666220568, 0.000840746390168, 0.000816241023131, 0.000488060497446, 0.000188514066394, 0.000402537640184, 0.000338081270456, 7.651787746e-05, 0.000107882849989, 7.62604540796e-05, 4.72197898489e-05, 6.19458223809e-05, 2.8507271054e-05, 3.30506118189e-05, 2.81027369056e-05, 1.76074809133e-05, 7.75591979618e-06, 9.96893686533e-06, 8.07796277513e-06, 2.1263893359e-05, 2.36133291764e-05, 2.44558814302e-05, 1.40187048601e-05], "mean": [0.000205060117878, 0.00145029160194, 0.000721985881682, 0.00139784626663, 0.00131066527683, 0.000920323363971, 0.000366083433619, 0.000155542933499, 0.00015801176778, 0.000125867023598, 4.23090205004e-05, 3.1805891922e-05, 2.6353096473e-05, 1.66350328072e-05, 1.61273419508e-05, 1.34545543915e-05, 1.92830048036e-05, 1.02137173599e-05, 5.00529222336e-06, 4.70790337204e-06, 2.7447690627e-06, 1.84395116776e-06, 1.37491144869e-06, 1.08965969048e-06, 7.51983407099e-07, 4.44184621529e-07, 2.93053687983e-07, 2.76733175042e-07, 1.97472530772e-07, 1.32522785634e-07, 8.40979694772e-08, 7.20865500625e-08, 5.02538881619e-08, 3.52683322546e-08, 3.09448893177e-08, 2.10803765555e-08, 2.12714148518e-08, 2.06922532442e-08, 1.53716115392e-08, 1.1540892686e-08], "median": [0.000120891374536, 0.000260796485236, 0.000239346001763, 0.00032068049768, 0.000517062086146, 0.000287333998131, 6.31253205938e-05, 1.90435166587e-05, 2.10977814277e-05, 2.80883941741e-05, 5.33491584065e-06, 3.75022773369e-06, 2.30260093304e-06, 1.16282853924e-06, 8.34256184135e-07, 8.58380985846e-07, 1.05586866539e-06, 5.9965066157e-07, 4.23119530524e-07, 2.71321766832e-07, 1.58608131073e-07, 1.21525189911e-07, 1.11892887844e-07, 7.58897442665e-08, 3.94569177331e-08, 2.76410219158e-08, 1.97262846058e-08, 1.3958407763e-08, 9.13759024002e-09, 5.94996141245e-09, 3.47066420048e-09, 2.03228966988e-09, 1.18277010408e-09, 8.14221801093e-10, 6.10261396972e-10, 4.44712155989e-10, 3.24982707411e-10, 2.74079647866e-10, 2.0810111967e-10, 1.87555138087e-10], "min": [3.99253982059e-24, 8.61164661464e-24, 1.081749261e-23, 5.08426848758e-24, 5.42546976175e-24, 8.73025342946e-24, 4.80615281443e-24, 5.62057202412e-24, 5.020916646e-24, 5.68979496298e-24, 7.39306083105e-24, 4.24944775716e-24, 1.68921104886e-23, 7.98927559233e-24, 1.53338987861e-23, 7.76523751752e-24, 6.68451858775e-24, 6.9231789883e-24, 5.03428744391e-24, 5.25366453406e-24, 3.61682469852e-24, 9.21122665654e-24, 1.36881219453e-23, 8.02396496177e-24, 1.5821638862e-23, 9.30914874957e-24, 8.38767322643e-24, 8.52864424791e-24, 9.36698329797e-24, 1.22463965995e-23, 7.23324155595e-24, 1.02078033156e-23, 1.06540343195e-23, 6.04616406021e-24, 7.98865160335e-24, 9.80719687094e-24, 6.99024242043e-24, 8.35387290322e-24, 7.81021836634e-24, 8.36574052668e-24], "var": [7.27606135342e-08, 1.01098930827e-05, 1.92244124264e-06, 1.44078294397e-05, 4.07454990636e-06, 2.86216254608e-06, 7.06471894318e-07, 2.06335414532e-07, 1.95263453406e-07, 8.92819755904e-08, 2.51641889548e-08, 1.91431368535e-08, 2.6856818991e-08, 6.29541618835e-09, 5.20321430386e-09, 2.16537898723e-09, 5.76784708883e-09, 1.59702551183e-09, 4.66920724307e-10, 5.88532222956e-10, 1.41178346791e-10, 5.71839034458e-11, 5.6406393445e-11, 4.40065449359e-11, 9.92827695057e-12, 5.44500642491e-12, 2.80211834638e-12, 1.7186937637e-12, 1.15833514655e-12, 5.36591496063e-13, 3.00560168117e-13, 2.69596248537e-13, 1.4028230346e-13, 5.43232552854e-14, 5.75330188764e-14, 2.34580607841e-14, 9.4594572789e-14, 1.28005624763e-13, 1.02423888056e-13, 3.869656467e-14]}, "mfcc": {"mean": [-819.165039062, 215.674377441, 20.5159378052, 20.9954185486, 9.52485275269, -3.20745825768, -7.60778188705, -9.1247844696, -6.04819774628, -3.06319522858, -4.32973861694, -5.35087108612, -7.46059608459], "cov": [[7649.00537109, 742.927001953, -1850.22961426, 327.277282715, -392.979736328, -107.248420715, -179.331588745, -181.406967163, -155.463790894, -103.83959198, -140.926422119, -49.1034126282, -107.595977783], [742.927001953, 1887.94360352, -120.681190491, -207.050994873, 149.974990845, -151.931030273, -51.8915710449, -91.6835403442, -61.1737823486, -44.7116203308, -1.7804838419, -21.8606872559, -36.5738105774], [-1850.22961426, -120.681190491, 1129.95703125, 18.524143219, 90.7465515137, 99.6259384155, 39.4578094482, 95.0113754272, 38.4609985352, 21.6385746002, 37.6617126465, 11.8196849823, 9.33087158203], [327.277282715, -207.050994873, 18.524143219, 375.366882324, -12.1374769211, 53.9980125427, 68.9574966431, 28.6137180328, 21.0769424438, -0.10062777251, -4.32547521591, 15.8867702484, -8.485663414], [-392.979736328, 149.974990845, 90.7465515137, -12.1374769211, 244.84463501, 79.4652786255, 56.8215484619, 23.8592758179, -16.8103084564, -3.85270905495, 23.0136432648, 11.6195993423, 5.32797288895], [-107.248420715, -151.931030273, 99.6259384155, 53.9980125427, 79.4652786255, 199.80015564, 82.9531478882, 29.9778385162, 6.08103656769, 1.17932939529, 13.8526096344, 11.2287559509, 2.66857433319], [-179.331588745, -51.8915710449, 39.4578094482, 68.9574966431, 56.8215484619, 82.9531478882, 153.616668701, 51.6517791748, 7.25827693939, 4.81073951721, 1.48208045959, 17.4149360657, 17.9404296875], [-181.406967163, -91.6835403442, 95.0113754272, 28.6137180328, 23.8592758179, 29.9778385162, 51.6517791748, 110.959732056, 31.0902366638, -1.96556425095, 2.47688794136, -0.94927406311, 9.51350402832], [-155.463790894, -61.1737823486, 38.4609985352, 21.0769424438, -16.8103084564, 6.08103656769, 7.25827693939, 31.0902366638, 93.494972229, 43.8407058716, -9.24392223358, -17.3865852356, -7.6318025589], [-103.83959198, -44.7116203308, 21.6385746002, -0.10062777251, -3.85270905495, 1.17932939529, 4.81073951721, -1.96556425095, 43.8407058716, 95.0714263916, 25.6886730194, -22.0665245056, -12.8111391068], [-140.926422119, -1.7804838419, 37.6617126465, -4.32547521591, 23.0136432648, 13.8526096344, 1.48208045959, 2.47688794136, -9.24392223358, 25.6886730194, 95.0256729126, 39.5658149719, -9.57549476624], [-49.1034126282, -21.8606872559, 11.8196849823, 15.8867702484, 11.6195993423, 11.2287559509, 17.4149360657, -0.94927406311, -17.3865852356, -22.0665245056, 39.5658149719, 108.522705078, 44.793712616], [-107.595977783, -36.5738105774, 9.33087158203, -8.485663414, 5.32797288895, 2.66857433319, 17.9404296875, 9.51350402832, -7.6318025589, -12.8111391068, -9.57549476624, 44.793712616, 98.1589736938]], "icov": [[0.000357295444701, -0.000240195309743, 0.000556137354579, -0.000463209406007, 0.000592992000747, -0.000623995496426, 0.000653750670608, -0.000507619057316, 0.000798574183136, -0.000406792620197, 0.000571087759454, -0.000281554297544, 0.000316920632031], [-0.000240195309743, 0.000871664437, -0.000361621670891, 0.000589031318668, -0.00106094125658, 0.00117920641787, -0.000760025926866, 0.000965662533417, -0.000688707397785, 0.000779510708526, -0.000519812456332, 0.000358464254532, 5.15364590683e-05], [0.000556137354579, -0.000361621670891, 0.00187941326294, -0.000710952910595, 0.000681714212988, -0.00137082394212, 0.00136226392351, -0.00159791321494, 0.00108849885873, -0.000782113114838, 0.000651285459753, -0.000474144850159, 0.000403360696509], [-0.000463209406007, 0.000589031318668, -0.000710952910595, 0.00379874161445, -0.00046262628166, 0.000614332500845, -0.00224935309961, 0.000758797570597, -0.00161448761355, 0.000856493716128, -0.000333167408826, -0.000427836290328, 0.00060268206289], [0.000592992000747, -0.00106094125658, 0.000681714212988, -0.00046262628166, 0.00676560169086, -0.0032479041256, 0.000128021361888, -0.00176823569927, 0.00255692121573, -0.000984704471193, 0.000114945833047, -0.000308289570967, 0.000241126501351], [-0.000623995496426, 0.00117920641787, -0.00137082394212, 0.000614332500845, -0.0032479041256, 0.0091879600659, -0.00479612313211, 0.00219271495007, -0.00240612635389, 0.00214867456816, -0.00212817778811, 0.00105520419311, -6.64046601742e-05], [0.000653750670608, -0.000760025926866, 0.00136226392351, -0.00224935309961, 0.000128021361888, -0.00479612313211, 0.012388993986, -0.00574387051165, 0.00340320100076, -0.00373163004406, 0.00333222793415, -0.00258026761003, -0.000194619628019], [-0.000507619057316, 0.000965662533417, -0.00159791321494, 0.000758797570597, -0.00176823569927, 0.00219271495007, -0.00574387051165, 0.0151264229789, -0.00747924670577, 0.00588515028358, -0.00425700237975, 0.00349575630389, -0.00218293373473], [0.000798574183136, -0.000688707397785, 0.00108849885873, -0.00161448761355, 0.00255692121573, -0.00240612635389, 0.00340320100076, -0.00747924670577, 0.020021699369, -0.0114099234343, 0.00710133044049, -0.00305355992168, 0.00255892379209], [-0.000406792620197, 0.000779510708526, -0.000782113114838, 0.000856493716128, -0.000984704471193, 0.00214867456816, -0.00373163004406, 0.00588515028358, -0.0114099234343, 0.0204010903835, -0.0105222957209, 0.00772806769237, -0.00267794914544], [0.000571087759454, -0.000519812456332, 0.000651285459753, -0.000333167408826, 0.000114945833047, -0.00212817778811, 0.00333222793415, -0.00425700237975, 0.00710133044049, -0.0105222957209, 0.0203510392457, -0.0113544948399, 0.00654234457761], [-0.000281554297544, 0.000358464254532, -0.000474144850159, -0.000427836290328, -0.000308289570967, 0.00105520419311, -0.00258026761003, 0.00349575630389, -0.00305355992168, 0.00772806769237, -0.0113544948399, 0.0185081381351, -0.00882854592055], [0.000316920632031, 5.15364590683e-05, 0.000403360696509, 0.00060268206289, 0.000241126501351, -6.64046601742e-05, -0.000194619628019, -0.00218293373473, 0.00255892379209, -0.00267794914544, 0.00654234457761, -0.00882854592055, 0.0153202218935]]}, "spectral_contrast_coeffs": {"dmean": [0.0401777327061, 0.0373061299324, 0.0365323722363, 0.0364451706409, 0.0388735122979, 0.0275479387492], "dmean2": [0.0648275762796, 0.0582342892885, 0.0563923828304, 0.0561965927482, 0.0584098882973, 0.0379685685039], "dvar": [0.00133521994576, 0.00143527716864, 0.00140524446033, 0.00136558851227, 0.00135574885644, 0.000609707320109], "dvar2": [0.00300628994592, 0.00325272465125, 0.00296624563634, 0.00272854813375, 0.00274112774059, 0.00117346085608], "max": [-0.267737954855, -0.268590301275, -0.400284409523, -0.391771882772, -0.467456758022, -0.569589138031], "mean": [-0.575884997845, -0.595273792744, -0.691688716412, -0.727623701096, -0.765497207642, -0.813425660133], "median": [-0.573877692223, -0.598098993301, -0.694615483284, -0.737666606903, -0.774176716805, -0.822538971901], "min": [-0.958826303482, -0.983943223953, -0.993802726269, -0.985636115074, -0.991521120071, -0.965254306793], "var": [0.00855189841241, 0.00965184438974, 0.00773079739884, 0.00742939859629, 0.0062234797515, 0.00311698182486]}, "spectral_contrast_valleys": {"dmean": [0.324371606112, 0.331729948521, 0.401478171349, 0.455361962318, 0.609928905964, 0.606170415878], "dmean2": [0.530921816826, 0.5242639184, 0.641332864761, 0.722743391991, 0.942619383335, 0.9633