{"lowlevel": {"average_loudness": 0.810953855515, "barkbands_crest": {"dmean": 1.74560987949, "dmean2": 2.87790966034, "dvar": 2.48241353035, "dvar2": 5.98929405212, "max": 24.2208633423, "mean": 10.9886236191, "median": 10.8506011963, "min": 3.25854206085, "var": 11.9512968063}, "barkbands_flatness_db": {"dmean": 0.0180710107088, "dmean2": 0.027099756524, "dvar": 0.000380354525987, "dvar2": 0.000765604665503, "max": 0.605369389057, "mean": 0.23776499927, "median": 0.223786145449, "min": 0.0399067923427, "var": 0.00685810577124}, "barkbands_kurtosis": {"dmean": 2.96062254906, "dmean2": 4.76681184769, "dvar": 62.3256492615, "dvar2": 185.266784668, "max": 451.851776123, "mean": 10.3900060654, "median": 2.61679625511, "min": -1.85105240345, "var": 1094.35144043}, "barkbands_skewness": {"dmean": 0.414808243513, "dmean2": 0.632839560509, "dvar": 0.219266161323, "dvar2": 0.551743328571, "max": 16.0709991455, "mean": 1.6368752718, "median": 1.51755809784, "min": -4.27282094955, "var": 4.11653804779}, "barkbands_spread": {"dmean": 2.74379587173, "dmean2": 4.10527229309, "dvar": 12.3389701843, "dvar2": 27.6780586243, "max": 81.1509170532, "mean": 14.5253591537, "median": 13.3771762848, "min": 0.279862940311, "var": 86.3196563721}, "dissonance": {"dmean": 0.0241978913546, "dmean2": 0.0410088561475, "dvar": 0.000609326292761, "dvar2": 0.00163587718271, "max": 0.499895662069, "mean": 0.448206007481, "median": 0.457283556461, "min": 0.18604683876, "var": 0.00144081702456}, "dynamic_complexity": 4.55278348923, "erbbands_crest": {"dmean": 2.56217312813, "dmean2": 3.96847081184, "dvar": 6.17121124268, "dvar2": 14.2571563721, "max": 33.445476532, "mean": 13.1439361572, "median": 11.9510955811, "min": 2.70587730408, "var": 35.453918457}, "erbbands_flatness_db": {"dmean": 0.0162360202521, "dmean2": 0.0240691415966, "dvar": 0.000303177628666, "dvar2": 0.000654084200505, "max": 0.515360713005, "mean": 0.230460658669, "median": 0.225141525269, "min": 0.0501211881638, "var": 0.00429378449917}, "erbbands_kurtosis": {"dmean": 1.23698735237, "dmean2": 1.87912631035, "dvar": 3.72837948799, "dvar2": 8.07215213776, "max": 35.9146728516, "mean": 1.89670109749, "median": 0.472470283508, "min": -1.7851266861, "var": 17.0444507599}, "erbbands_skewness": {"dmean": 0.34398573637, "dmean2": 0.521860539913, "dvar": 0.116881974041, "dvar2": 0.256938844919, "max": 3.72883629799, "mean": -0.140276491642, "median": -0.156364396214, "min": -4.10476636887, "var": 1.03830468655}, "erbbands_spread": {"dmean": 3.69410920143, "dmean2": 5.72139787674, "dvar": 16.0209598541, "dvar2": 36.8388061523, "max": 98.0733642578, "mean": 22.2986297607, "median": 21.5668296814, "min": 1.12589406967, "var": 146.182540894}, "hfc": {"dmean": 3.92647099495, "dmean2": 5.47094678879, "dvar": 56.0979614258, "dvar2": 111.461303711, "max": 161.08895874, "mean": 15.5190620422, "median": 10.880947113, "min": 1.0857881755e-16, "var": 265.870422363}, "melbands_crest": {"dmean": 2.44320988655, "dmean2": 3.65911579132, "dvar": 5.68098211288, "dvar2": 12.5125083923, "max": 39.7715034485, "mean": 21.635345459, "median": 21.1998882294, "min": 1.00051152706, "var": 81.3678512573}, "melbands_flatness_db": {"dmean": 0.0197528433055, "dmean2": 0.028370898217, "dvar": 0.000494240026455, "dvar2": 0.000965750659816, "max": 0.733701109886, "mean": 0.321397036314, "median": 0.309864640236, "min": -1.03543797536e-07, "var": 0.0092069497332}, "melbands_kurtosis": {"dmean": 11.6989383698, "dmean2": 20.4588336945, "dvar": 5500.31787109, "dvar2": 18897.7363281, "max": 3068.06469727, "mean": 49.4049720764, "median": 5.70597600937, "min": -1.83422064781, "var": 70589.8828125}, "melbands_skewness": {"dmean": 0.560279130936, "dmean2": 0.868054628372, "dvar": 0.943760991096, "dvar2": 2.89789295197, "max": 45.2910118103, "mean": 2.99572372437, "median": 2.21495318413, "min": -3.12378334999, "var": 27.1941509247}, "melbands_spread": {"dmean": 3.77555751801, "dmean2": 5.65270280838, "dvar": 28.5833072662, "dvar2": 61.580909729, "max": 174.654388428, "mean": 18.8177165985, "median": 15.0589790344, "min": 0.0510128624737, "var": 299.487213135}, "pitch_salience": {"dmean": 0.0504782013595, "dmean2": 0.0788589194417, "dvar": 0.00218875403516, "dvar2": 0.00547041930258, "max": 0.996074676514, "mean": 0.400042504072, "median": 0.412618815899, "min": 0.0159851852804, "var": 0.0182481389493}, "silence_rate_20dB": {"dmean": 0, "dmean2": 0, "dvar": 0, "dvar2": 0, "max": 1, "mean": 1, "median": 1, "min": 1, "var": 0}, "silence_rate_30dB": {"dmean": 0.032648358494, "dmean2": 0.0653092563152, "dvar": 0.0315830335021, "dvar2": 0.0737258121371, "max": 1, "mean": 0.91225039959, "median": 1, "min": 0, "var": 0.0800486877561}, "silence_rate_60dB": {"dmean": 0.00614557322115, "dmean2": 0.012293507345, "dvar": 0.00610815407708, "dvar2": 0.014064530842, "max": 1, "mean": 0.0977342575788, "median": 0, "min": 0, "var": 0.0881825610995}, "spectral_centroid": {"dmean": 129.840942383, "dmean2": 196.730316162, "dvar": 42491.2421875, "dvar2": 78806.5078125, "max": 11617.1025391, "mean": 1085.87902832, "median": 950.754638672, "min": 134.742462158, "var": 1181533.75}, "spectral_complexity": {"dmean": 1.76339542866, "dmean2": 2.78217434883, "dvar": 3.30794143677, "dvar2": 7.16490364075, "max": 35, "mean": 13.6770353317, "median": 14, "min": 0, "var": 48.4366645813}, "spectral_decrease": {"dmean": 2.20891416269e-09, "dmean2": 3.38722694337e-09, "dvar": 8.6722384698e-18, "dvar2": 1.85982031612e-17, "max": 1.73111731569e-28, "mean": -1.1897936858e-08, "median": -9.25879461988e-09, "min": -7.96720271978e-08, "var": 1.13740656183e-16}, "spectral_energy": {"dmean": 0.00858156662434, "dmean2": 0.0131117273122, "dvar": 0.000130287575303, "dvar2": 0.000277766695945, "max": 0.304001390934, "mean": 0.0463131070137, "median": 0.0363544896245, "min": 9.89756095705e-21, "var": 0.00168075948022}, "spectral_energyband_high": {"dmean": 6.84465194354e-05, "dmean2": 9.76581941359e-05, "dvar": 6.67574795443e-08, "dvar2": 1.4773988255e-07, "max": 0.0101024191827, "mean": 0.000123810081277, "median": 2.94232268061e-05, "min": 6.98586339044e-21, "var": 1.03543762009e-07}, "spectral_energyband_low": {"dmean": 0.00508984364569, "dmean2": 0.00731097348034, "dvar": 7.00052914908e-05, "dvar2": 0.000131254288135, "max": 0.241064250469, "mean": 0.0274774115533, "median": 0.0164905842394, "min": 2.6704465721e-23, "var": 0.00106679857709}, "spectral_energyband_middle_high": {"dmean": 0.00220371037722, "dmean2": 0.00306681031361, "dvar": 2.2817932404e-05, "dvar2": 4.55212903034e-05, "max": 0.11161173135, "mean": 0.006764262449, "median": 0.00358346384019, "min": 1.18293300041e-21, "var": 8.45411268529e-05}, "spectral_energyband_middle_low": {"dmean": 0.00321892788634, "dmean2": 0.00454395078123, "dvar": 2.3200562282e-05, "dvar2": 4.84987103846e-05, "max": 0.133892670274, "mean": 0.0112390508875, "median": 0.00707841012627, "min": 1.77717323653e-22, "var": 0.000201177055715}, "spectral_entropy": {"dmean": 0.148380458355, "dmean2": 0.231347292662, "dvar": 0.0309037808329, "dvar2": 0.0735899657011, "max": 9.82080554962, "mean": 6.75655603409, "median": 6.81283521652, "min": 4.78030586243, "var": 0.411521285772}, "spectral_flux": {"dmean": 0.0169190950692, "dmean2": 0.0262254066765, "dvar": 0.000339853490004, "dvar2": 0.000817123858724, "max": 0.255275279284, "mean": 0.0671840533614, "median": 0.0641462132335, "min": 6.51790982298e-11, "var": 0.00155306630768}, "spectral_kurtosis": {"dmean": 5.66482305527, "dmean2": 9.77477264404, "dvar": 35.883972168, "dvar2": 104.552513123, "max": 70.2257614136, "mean": 14.635509491, "median": 12.0896320343, "min": -1.2576584816, "var": 99.427192688}, "spectral_rms": {"dmean": 0.000578627164941, "dmean2": 0.000871798372827, "dvar": 3.87942634461e-07, "dvar2": 7.65021013649e-07, "max": 0.0172216929495, "mean": 0.00599119020626, "median": 0.00595548469573, "min": 3.10743574969e-12, "var": 9.28922509047e-06}, "spectral_rolloff": {"dmean": 167.176849365, "dmean2": 286.316040039, "dvar": 168495.515625, "dvar2": 329851.9375, "max": 19487.5488281, "mean": 1014.10894775, "median": 667.529296875, "min": 43.06640625, "var": 3765341.5}, "spectral_skewness": {"dmean": 0.44648194313, "dmean2": 0.763952434063, "dvar": 0.188191890717, "dvar2": 0.543253660202, "max": 6.10443973541, "mean": 2.55913877487, "median": 2.47530841827, "min": -0.0720622241497, "var": 0.820226550102}, "spectral_spread": {"dmean": 348423.90625, "dmean2": 557870.375, "dvar": 557076250624, "dvar2": 966178439168, "max": 42442912, "mean": 2939807.75, "median": 2248204, "min": 1027173.8125, "var": 15245352370200.0}, "spectral_strongpeak": {"dmean": 0.446408897638, "dmean2": 0.772544801235, "dvar": 1.17705571651, "dvar2": 2.94379925728, "max": 15.9391355515, "mean": 0.928224623203, "median": 0.24082005024, "min": 0, "var": 3.03221130371}, "zerocrossingrate": {"dmean": 0.00455938605592, "dmean2": 0.0059201521799, "dvar": 9.63926286204e-05, "dvar2": 0.000185866665561, "max": 0.52392578125, "mean": 0.0366809107363, "median": 0.0283203125, "min": 0.0009765625, "var": 0.0026836108882}, "barkbands": {"dmean": [0.00356163317338, 0.00355789996684, 0.000713442335837, 0.000927588029299, 0.00133675255347, 0.000883068598341, 0.000447618076578, 0.000481734750792, 0.000422497629188, 0.000754024076741, 0.000461687886855, 0.000348930479959, 0.000796599197201, 0.000615153461695, 0.000409480679082, 0.000113826463348, 9.07599969651e-05, 4.90480706503e-05, 3.84964077966e-05, 2.44088623731e-05, 2.92562308459e-05, 1.28714937091e-05, 8.48379568197e-06, 3.27556472257e-06, 3.86743113268e-06, 4.7978260227e-06, 4.63154947283e-06], "dmean2": [0.00640772841871, 0.0053377407603, 0.00117251742631, 0.00152012181934, 0.00202819262631, 0.00132072577253, 0.000649996043649, 0.000664378807414, 0.000607627793215, 0.00090755301062, 0.000701658194885, 0.000502274197061, 0.00110146112274, 0.000900974380784, 0.000638292869553, 0.000188051155419, 0.000143765195389, 7.82849965617e-05, 5.96278077865e-05, 3.72741706087e-05, 4.40771073045e-05, 1.90480659512e-05, 1.14047916213e-05, 4.658128546e-06, 5.66820699532e-06, 6.78275409882e-06, 6.78543392496e-06], "dvar": [3.22385567415e-05, 3.44045038219e-05, 2.14083411265e-06, 3.80164624403e-06, 8.21919911687e-06, 2.93611583402e-06, 1.05308072307e-06, 2.95574477605e-06, 1.11313670459e-06, 5.60525086257e-06, 2.28388125834e-06, 1.43713589296e-06, 8.89000421012e-06, 7.54022357796e-06, 1.70791292931e-06, 5.47400418327e-08, 4.69959395843e-08, 1.11936975244e-08, 7.06385305804e-09, 7.26948368168e-09, 3.11481471726e-08, 4.30159419196e-09, 1.9735624246e-09, 9.87038784039e-11, 1.73532813119e-10, 9.54474388415e-10, 1.57349400176e-09], "dvar2": [9.20250822674e-05, 7.28725281078e-05, 6.0558709265e-06, 9.86376471701e-06, 2.21217542276e-05, 6.72029545967e-06, 2.11990050047e-06, 5.06329615746e-06, 2.42626197178e-06, 6.85789518684e-06, 5.04557920067e-06, 2.45596788773e-06, 1.60971576406e-05, 1.72715554072e-05, 3.69977578885e-06, 1.45265431684e-07, 1.15418870905e-07, 2.76963429968e-08, 1.64104889677e-08, 1.64739333286e-08, 7.537446578e-08, 8.96317065013e-09, 3.31321503566e-09, 1.97401206492e-10, 3.80879633388e-10, 1.70859659754e-09, 3.30271765492e-09], "max": [0.148588895798, 0.125282689929, 0.0223945509642, 0.0288924872875, 0.0881895497441, 0.0559658110142, 0.0381488278508, 0.0714662075043, 0.0586236715317, 0.0894259214401, 0.0384792946279, 0.0511367842555, 0.105520419776, 0.0643882453442, 0.0331420190632, 0.00458653504029, 0.00669731944799, 0.00193429156207, 0.00202548247762, 0.00222966889851, 0.00835327524692, 0.00191470666323, 0.00102936592884, 0.000195985587197, 0.000366953725461, 0.00118286302313, 0.00132959417533], "mean": [0.0140880579129, 0.0136417634785, 0.00113175995648, 0.0013870956609, 0.00337062240578, 0.00187439925503, 0.00105557020288, 0.00104379758704, 0.000981256132945, 0.00192806043196, 0.000792733160779, 0.000656597258057, 0.00171990785748, 0.00107073120307, 0.000815308943857, 0.000241210262175, 0.000201732793357, 8.50501164678e-05, 8.01049027359e-05, 4.62114112452e-05, 4.17486735387e-05, 2.01389120775e-05, 1.4054499843e-05, 6.91251852913e-06, 6.58955195831e-06, 6.5258595896e-06, 5.32059311809e-06], "median": [0.00797931849957, 0.00779267400503, 0.000301180756651, 0.000361203332432, 0.00126540323254, 0.000834689708427, 0.00045676229638, 0.000258059066255, 0.000311455223709, 0.000240750989178, 0.000120999131468, 0.000226708711125, 0.000434908812167, 0.000230521516642, 0.000237692220253, 0.000107192827272, 5.34938080818e-05, 3.07128284476e-05, 2.32984421018e-05, 9.43558461586e-06, 3.99279724661e-06, 2.44997590926e-06, 1.29005184135e-06, 6.25737641258e-07, 4.43704408326e-07, 1.67808906326e-07, 5.87463944157e-08], "min": [2.04142253357e-24, 8.24569640729e-24, 2.25003837768e-24, 1.67451366301e-24, 8.69879050112e-24, 5.76225814801e-24, 1.09810715961e-23, 1.12107492376e-23, 1.75785551602e-23, 1.31720057538e-23, 2.12392531468e-23, 3.945882879e-23, 2.43000713244e-23, 4.220701508e-23, 4.05087427015e-23, 3.12891328201e-23, 8.69864045977e-23, 1.25708254287e-22, 1.31736464267e-22, 1.62723690552e-22, 2.5922022357e-22, 3.18140433908e-22, 3.74191083816e-22, 5.71120805583e-22, 8.00818319983e-22, 1.33457423023e-21, 2.07779873691e-21], "var": [0.000336175435223, 0.000278019870166, 3.95159895561e-06, 6.39471318209e-06, 4.64074546471e-05, 1.02447274912e-05, 5.89203546042e-06, 1.09551729111e-05, 4.54162727692e-06, 4.91244027216e-05, 4.99690713696e-06, 3.89398837797e-06, 2.04814459721e-05, 1.30962353069e-05, 3.49401830135e-06, 1.15509948273e-07, 2.02752175937e-07, 2.11635740044e-08, 2.41081927754e-08, 1.40875560106e-08, 3.69989479054e-08, 9.529659728e-09, 4.02956468193e-09, 2.88961771178e-10, 3.608645327e-10, 1.53137169612e-09, 2.0673032175e-09]}, "erbbands": {"dmean": [0.200229406357, 0.502803742886, 0.742887914181, 2.25511217117, 2.94082570076, 5.43239736557, 6.51608037949, 7.85208034515, 6.35874462128, 8.15463542938, 9.38235855103, 11.4510889053, 25.2584495544, 11.079044342, 20.2566432953, 18.6380462646, 37.9402618408, 35.7005500793, 23.2537078857, 14.9004135132, 4.99745082855, 3.4679248333, 3.00882935524, 2.45621132851, 1.3007799387, 1.31886553764, 1.13087630272, 0.958006322384, 0.44577601552, 0.427563756704, 0.181891664863, 0.0800925940275, 0.04538263008, 0.046446017921, 0.0282514560968, 0.01777924411, 0.00831075944006, 0.00521168019623, 0.000455593457446, 6.01698884566e-05], "dmean2": [0.295319706202, 0.776063978672, 1.19403171539, 3.65532660484, 4.63160467148, 8.41364765167, 9.0924987793, 12.268652916, 9.10308170319, 12.0514221191, 12.7171621323, 16.1468524933, 28.6643123627, 16.1174507141, 30.7970752716, 26.1618766785, 51.9994316101, 52.3295974731, 35.353969574, 24.4045600891, 8.09965324402, 5.4379825592, 4.81793451309, 3.86881041527, 2.05102443695, 2.02532863617, 1.74258410931, 1.39209282398, 0.636680424213, 0.612544953823, 0.252090632915, 0.116127505898, 0.0642538964748, 0.0689916461706, 0.0415566898882, 0.0249475669116, 0.0121767418459, 0.00799180846661, 0.000646407017484, 8.29883429105e-05], "dvar": [0.126203343272, 0.866373002529, 1.88349890709, 24.215133667, 39.9964866638, 199.636077881, 184.455612183, 315.087768555, 170.823394775, 979.285217285, 1162.11804199, 821.719909668, 8406.5234375, 510.845794678, 4465.25097656, 3852.07763672, 21804.1464844, 20128.2734375, 5979.15820312, 1621.19152832, 113.000236511, 57.266544342, 42.7685317993, 40.7500762939, 8.64652347565, 24.7385864258, 51.662437439, 28.6536331177, 4.38838291168, 7.07467269897, 0.61401617527, 0.0737335905433, 0.0177115984261, 0.0273233633488, 0.0131032047793, 0.0105020608753, 0.00314444350079, 0.00217362935655, 1.7162592485e-05, 1.6414882964e-07], "dvar2": [0.249884307384, 2.01818943024, 5.1098651886, 63.7215003967, 97.0919036865, 578.923461914, 329.609069824, 732.807067871, 313.614593506, 2181.54370117, 1752.94165039, 1772.2019043, 9867.59277344, 1013.90454102, 9871.48535156, 6331.38378906, 38225.6640625, 46173.0390625, 12779.484375, 4037.58007812, 288.485412598, 137.88583374, 106.33190155, 94.8037109375, 19.7032146454, 58.0097465515, 129.914276123, 61.660320282, 7.5381360054, 13.244301796, 1.12467002869, 0.150210484862, 0.0358002819121, 0.0617239288986, 0.0278570335358, 0.0192357897758, 0.00643836846575, 0.00500208185986, 3.09589413519e-05, 3.00430144762e-07], "max": [9.80139446259, 13.5707559586, 17.4549407959, 69.7716217041, 145.146759033, 505.260314941, 638.223571777, 683.128662109, 573.90625, 1046.26257324, 1955.37695312, 1585.4128418, 3502.91723633, 505.022064209, 1903.70227051, 2632.21044922, 5407.28173828, 3275.48242188, 2046.8717041, 1005.40258789, 281.15335083, 223.092926025, 120.701278687, 223.416244507, 58.4093284607, 118.16368866, 369.340087891, 155.770767212, 103.950828552, 72.4252319336, 30.7554283142, 5.15540981293, 2.80515575409, 5.57746934891, 2.21931385994, 3.78581643105, 1.95616233349, 1.45615565777, 0.156724020839, 0.0125349611044], "mean": [0.942988455296, 1.06068611145, 1.32555270195, 3.64090371132, 5.83054971695, 13.7110109329, 14.9855451584, 15.8046216965, 15.5998039246, 17.8928470612, 21.4460659027, 27.8522014618, 70.1985702515, 23.2287349701, 36.4083366394, 38.4491729736, 84.7284240723, 67.5912628174, 39.5918197632, 36.0863723755, 12.4865198135, 7.99663925171, 5.82746505737, 5.23595714569, 2.62185406685, 2.48171830177, 1.79869353771, 1.43096148968, 0.749429047108, 0.629588961601, 0.31065544486, 0.148923560977, 0.104288421571, 0.0811694264412, 0.0455732867122, 0.0270313732326, 0.0102205323055, 0.00592866819352, 0.000582882319577, 0.000114266455057], "median": [0.523438990116, 0.528548955917, 0.519642651081, 1.07291400433, 2.29430985451, 4.06966018677, 6.52980518341, 6.23952579498, 6.99924278259, 5.83561992645, 6.52718544006, 9.3287525177, 7.36437606812, 8.28430175781, 8.25134849548, 15.5073051453, 24.2508468628, 23.3805446625, 12.5559539795, 11.9250392914, 6.89482975006, 2.60850310326, 2.12855482101, 1.46110570431, 0.992989778519, 0.546511769295, 0.253899842501, 0.132717564702, 0.0855171084404, 0.0582047402859, 0.0406208597124, 0.0168459210545, 0.00951212458313, 0.00601449701935, 0.00273862131871, 0.000956919393502, 0.000297690334264, 6.70530134812e-05, 3.55666488758e-05, 4.79018490296e-05], "min": [2.308276176e-22, 9.891464539e-22, 3.77504955951e-21, 9.44010261333e-21, 1.2853486837e-20, 4.31073479381e-20, 4.33616478153e-20, 6.0986940889e-20, 1.20578983847e-19, 1.93381941292e-19, 3.64472269804e-19, 3.72256478808e-19, 6.28535928484e-19, 7.2575224283e-19, 1.11553339594e-18, 1.35105839291e-18, 1.20146143496e-18, 2.28127334635e-18, 2.50961882919e-18, 3.28208289179e-18, 2.93378670755e-18, 5.3151540779e-18, 6.58651785809e-18, 4.65640315449e-18, 8.56026303028e-18, 7.41274183627e-18, 1.05049712678e-17, 1.28009169371e-17, 1.14245198307e-17, 1.09567566389e-17, 9.94433389125e-18, 1.11130400079e-17, 1.05136773438e-17, 8.71280837013e-18, 6.00071930163e-18, 4.1807391471e-18, 2.46830384593e-18, 9.90801177017e-19, 2.6578137677e-19, 2.80276288826e-20], "var": [1.47850418091, 2.20701527596, 3.97780489922, 41.8762207031, 128.345123291, 1081.12011719, 780.600585938, 1038.40893555, 1223.4317627, 2968.72607422, 4122.11181641, 3527.8190918, 75423.4453125, 1788.90222168, 9138.93066406, 10433.8798828, 49998.9023438, 35789.640625, 11814.53125, 4156.03320312, 281.947296143, 248.316726685, 101.056388855, 142.499740601, 21.9951248169, 42.8945884705, 59.2949371338, 42.2374267578, 14.3645877838, 12.0901479721, 1.16333913803, 0.14520534873, 0.0674046725035, 0.0612839609385, 0.024263529107, 0.0194042883813, 0.00426860433072, 0.00250988313928, 2.6500725653e-05, 2.57772910572e-07]}, "gfcc": {"mean": [-84.4999313354, 142.455108643, -123.362617493, 9.34545230865, -26.4249324799, 11.0295000076, -26.1160106659, -4.58348798752, -8.9608001709, 7.35641288757, -1.02414321899, -0.450948268175, -0.841013610363], "cov": [[24960.2128906, 2733.3203125, -1859.95703125, 147.277175903, -876.127258301, 64.8768157959, -56.975730896, 391.072601318, -713.324951172, -359.436035156, -291.97958374, 54.6359329224, -13.4024734497], [2733.3203125, 1907.23510742, -85.6244125366, 187.74458313, 169.337417603, -194.520065308, 308.361694336, -31.7505073547, 103.829925537, -144.861557007, 58.2839279175, -116.193084717, 23.3844547272], [-1859.95703125, -85.6244125366, 1825.3269043, 208.106994629, 156.574005127, 182.451187134, 57.2815437317, 207.352386475, 49.3617515564, 71.9177093506, 81.0958938599, 39.4816703796, -67.5851287842], [147.277175903, 187.74458313, 208.106994629, 397.606811523, 30.3970165253, 9.74048995972, 175.857025146, 43.4326972961, 94.8953475952, 62.9162483215, 52.3390464783, 50.6403999329, 28.1721897125], [-876.127258301, 169.337417603, 156.574005127, 30.3970165253, 333.053375244, 79.6046524048, 70.4312133789, 7.59324121475, 48.3581314087, 7.57948446274, 9.66635417938, -67.316619873, -10.5077514648], [64.8768157959, -194.520065308, 182.451187134, 9.74048995972, 79.6046524048, 317.25793457, 17.8293418884, 62.4414176941, -35.3433074951, 2.29809856415, -9.83538246155, -57.3656692505, -27.5651893616], [-56.975730896, 308.361694336, 57.2815437317, 175.857025146, 70.4312133789, 17.8293418884, 443.69934082, 89.7725753784, 78.2402420044, 21.2561740875, 50.9140167236, -3.97821903229, 6.18195676804], [391.072601318, -31.7505073547, 207.352386475, 43.4326972961, 7.59324121475, 62.4414176941, 89.7725753784, 251.583129883, 14.2720556259, 7.89194154739, -21.9960269928, -19.8021888733, -17.0107059479], [-713.324951172, 103.829925537, 49.3617515564, 94.8953475952, 48.3581314087, -35.3433074951, 78.2402420044, 14.2720556259, 241.674026489, 92.5792312622, 6.59345722198, 2.77736449242, 24.4397296906], [-359.436035156, -144.861557007, 71.9177093506, 62.9162483215, 7.57948446274, 2.29809856415, 21.2561740875, 7.89194154739, 92.5792312622, 181.463790894, 51.0224533081, 25.0136203766, 31.9784545898], [-291.97958374, 58.2839279175, 81.0958938599, 52.3390464783, 9.66635417938, -9.83538246155, 50.9140167236, -21.9960269928, 6.59345722198, 51.0224533081, 182.791717529, 52.9710922241, -0.77981454134], [54.6359329224, -116.193084717, 39.4816703796, 50.6403999329, -67.316619873, -57.3656692505, -3.97821903229, -19.8021888733, 2.77736449242, 25.0136203766, 52.9710922241, 160.88369751, 32.7038993835], [-13.4024734497, 23.3844547272, -67.5851287842, 28.1721897125, -10.5077514648, -27.5651893616, 6.18195676804, -17.0107059479, 24.4397296906, 31.9784545898, -0.77981454134, 32.7038993835, 125.931266785]], "icov": [[0.000129114836454, -0.000385415245546, 0.00017176286201, -8.22267393232e-05, 0.000352114700945, -0.000379630946554, 0.000208428828046, -0.000371693371562, 0.000519474677276, -0.000455686007626, 0.000382071535569, -0.000476281711599, 0.000222684218897], [-0.000385415245546, 0.00208742008545, -0.000528541393578, -0.000146082573337, -0.0013292162912, 0.00187695852946, -0.00103622826282, 0.00126216141507, -0.00193094974384, 0.00259598484263, -0.00177591177635, 0.00249538314529, -0.00110182561912], [0.00017176286201, -0.000528541393578, 0.000966693740338, -0.0004287007323, 0.000132800982101, -0.000787417462561, 0.000526658608578, -0.00107395392843, 0.000668814987876, -0.000736680638511, 0.000293906487059, -0.00102785404306, 0.000724960293155], [-8.22267393232e-05, -0.000146082573337, -0.0004287007323, 0.00386242731474, -5.12305668963e-05, -0.000252033554716, -0.00119742797688, 0.000233557046158, -0.000994674512185, -0.000537458166946, -0.000159317511134, -0.0010573011823, -0.000441770913312], [0.000352114700945, -0.0013292162912, 0.000132800982101, -5.12305668963e-05, 0.00490827392787, -0.0019574246835, 0.00020248038345, -0.000449234852567, 0.000706626859028, -0.00124784128275, 0.000778925896157, 4.31477237726e-05, 0.000450849562185], [-0.000379630946554, 0.00187695852946, -0.000787417462561, -0.000252033554716, -0.0019574246835, 0.00567863648757, -0.000923026585951, 0.000576442747843, -0.00075720064342, 0.00170233391691, -0.00148286181502, 0.00339573202655, -0.000728674582206], [0.000208428828046, -0.00103622826282, 0.000526658608578, -0.00119742797688, 0.00020248038345, -0.000923026585951, 0.0037516108714, -0.00184624188114, 0.00036663011997, -0.000678855809383, -0.00011215730774, -0.000912610441446, 0.00048396611237], [-0.000371693371562, 0.00126216141507, -0.00107395392843, 0.000233557046158, -0.000449234852567, 0.000576442747843, -0.00184624188114, 0.00625309441239, -0.00154618639499, 0.00119098287541, -0.000100143304735, 0.001921233139, -0.000380483543267], [0.000519474677276, -0.00193094974384, 0.000668814987876, -0.000994674512185, 0.000706626859028, -0.00075720064342, 0.00036663011997, -0.00154618639499, 0.00839489512146, -0.00540458969772, 0.00286150001921, -0.0020167499315, 0.000946337589994], [-0.000455686007626, 0.00259598484263, -0.000736680638511, -0.000537458166946, -0.00124784128275, 0.00170233391691, -0.000678855809383, 0.00119098287541, -0.00540458969772, 0.0113329673186, -0.00443245097995, 0.0029898530338, -0.00297584128566], [0.000382071535569, -0.00177591177635, 0.000293906487059, -0.000159317511134, 0.000778925896157, -0.00148286181502, -0.00011215730774, -0.000100143304735, 0.00286150001921, -0.00443245097995, 0.00886332523078, -0.00434754835442, 0.00205034762621], [-0.000476281711599, 0.00249538314529, -0.00102785404306, -0.0010573011823, 4.31477237726e-05, 0.00339573202655, -0.000912610441446, 0.001921233139, -0.0020167499315, 0.0029898530338, -0.00434754835442, 0.011870585382, -0.00325545691885], [0.000222684218897, -0.00110182561912, 0.000724960293155, -0.000441770913312, 0.000450849562185, -0.000728674582206, 0.00048396611237, -0.000380483543267, 0.000946337589994, -0.00297584128566, 0.00205034762621, -0.00325545691885, 0.00989015027881]]}, "melbands": {"dmean": [0.0013712173095, 0.000456636422314, 0.000379962177249, 0.00029465922853, 0.000229631084949, 0.000167281352333, 9.53774215304e-05, 9.10099552129e-05, 7.3492192314e-05, 7.35872672522e-05, 0.00012519628217, 4.33436034655e-05, 6.72107853461e-05, 4.73492691526e-05, 6.08021473454e-05, 7.68382233218e-05, 7.43719647289e-05, 3.70627094526e-05, 1.99713467737e-05, 1.66895151779e-05, 5.49403603145e-06, 4.45233717983e-06, 3.53619702764e-06, 2.37681297222e-06, 2.16590274249e-06, 1.16091894142e-06, 7.39839890684e-07, 9.29699069729e-07, 5.89461080835e-07, 8.84259122813e-07, 5.61415788525e-07, 2.85706079239e-07, 2.10333936934e-07, 2.31899235814e-07, 1.29525275838e-07, 5.51190488807e-08, 4.78141544136e-08, 3.77400262153e-08, 2.82078360669e-08, 4.55354225437e-08], "dmean2": [0.00197146274149, 0.000718593015336, 0.000611755589489, 0.000456598412711, 0.000327777204802, 0.00025909015676, 0.000136266608024, 0.000134006506414, 9.97264505713e-05, 0.000102612073533, 0.00014255597489, 6.43007442704e-05, 0.000102022073406, 6.90712040523e-05, 8.18946718937e-05, 0.000107008636405, 0.000109449392767, 5.62778914173e-05, 3.1623247196e-05, 2.7450008929e-05, 8.85766166903e-06, 7.04108060745e-06, 5.67549750485e-06, 3.83631913792e-06, 3.42391354025e-06, 1.84465113762e-06, 1.16490195978e-06, 1.41703105783e-06, 9.12725568014e-07, 1.36523215133e-06, 8.12520795535e-07, 4.06035667311e-07, 3.23623680742e-07, 3.24734230617e-07, 1.78522668648e-07, 8.1935567664e-08, 7.05119092004e-08, 5.24699004245e-08, 4.23569233021e-08, 6.9064739705e-08], "dvar": [5.53639847567e-06, 6.70810493375e-07, 5.78822039188e-07, 4.91528737712e-07, 2.05299969025e-07, 1.28468386151e-07, 3.90976993003e-08, 1.25552332975e-07, 6.64960921881e-08, 3.11593204572e-08, 2.06626225463e-07, 8.53977599746e-09, 4.71044501182e-08, 2.09136210572e-08, 6.37803552195e-08, 6.23276790179e-08, 1.05661904115e-07, 1.45287808451e-08, 3.17897974611e-09, 1.53222101673e-09, 1.89167709275e-10, 1.11104014877e-10, 6.81497497323e-11, 2.55384827869e-11, 3.55979551392e-11, 7.12038197501e-12, 4.66482581729e-12, 1.20489391034e-11, 7.40330106247e-12, 4.71552900894e-11, 1.7296714408e-11, 2.37832279912e-12, 1.78647016884e-12, 2.26148396884e-12, 4.6344758543e-13, 4.58590820483e-14, 2.67339945889e-14, 1.51189790667e-14, 8.54285073942e-15, 3.53882538778e-14], "dvar2": [1.04329947135e-05, 1.70568739577e-06, 1.49390643855e-06, 1.38594828059e-06, 4.1342676127e-07, 3.03051820083e-07, 7.12426739824e-08, 2.69200000957e-07, 1.01758381277e-07, 6.41439612536e-08, 2.44527683435e-07, 1.69585767651e-08, 1.0475101675e-07, 3.89403886913e-08, 1.05566925868e-07, 1.25852807287e-07, 2.41884180241e-07, 3.11676551235e-08, 7.17256742888e-09, 3.92413301853e-09, 4.85483542256e-10, 2.71641958927e-10, 1.65021135645e-10, 6.50120998702e-11, 8.27675913917e-11, 1.64545252423e-11, 1.13267988738e-11, 2.6946772938e-11, 1.78011598517e-11, 1.18306031638e-10, 3.55599751034e-11, 4.01089925162e-12, 4.30702739099e-12, 3.9621023476e-12, 8.4277886319e-13, 9.44119999194e-14, 5.51242367453e-14, 3.10397188638e-14, 1.80673550665e-14, 7.96868945612e-14], "max": [0.0671224966645, 0.0113391336054, 0.0107128554955, 0.0232472345233, 0.0191292632371, 0.0132876718417, 0.00881445873529, 0.0129778543487, 0.0149230333045, 0.00952636543661, 0.0173055473715, 0.00216200691648, 0.00520091736689, 0.00536911096424, 0.00930885970592, 0.00711023062468, 0.00751818018034, 0.00306367874146, 0.00121119886171, 0.000938662502449, 0.000304915651213, 0.000286101800157, 0.000281307671685, 0.000111092442239, 0.00020183941524, 4.80000780954e-05, 4.28288185503e-05, 9.80503464234e-05, 0.000117530609714, 0.000367109751096, 0.000145762140164, 7.49216487748e-05, 4.01799588872e-05, 3.57076714863e-05, 2.79649084405e-05, 6.04342403676e-06, 3.16099908559e-06, 2.97608994515e-06, 1.91854473997e-06, 6.94817526892e-06], "mean": [0.00691503146663, 0.000874539662618, 0.000639273435809, 0.00072307389928, 0.00055794097716, 0.000340439059073, 0.000233308164752, 0.000197671208298, 0.000168158832821, 0.000177659239853, 0.000343414198142, 8.14645536593e-05, 0.000117168710858, 8.90078154043e-05, 0.000130038839416, 0.000164611876244, 0.000129650376039, 6.11376599409e-05, 4.24464305979e-05, 3.98185075028e-05, 1.17912722999e-05, 9.42078804655e-06, 6.71548377795e-06, 4.19560319642e-06, 4.33758032159e-06, 2.07747939385e-06, 1.38001973937e-06, 1.68136557477e-06, 1.00243710222e-06, 1.17172135106e-06, 8.24520213882e-07, 4.90826437272e-07, 2.77625787248e-07, 3.48485485802e-07, 2.11561598462e-07, 8.42062419792e-08, 9.50507654807e-08, 8.88314346525e-08, 5.06592634508e-08, 7.34427345606e-08], "median": [0.00402077706531, 0.000403579761041, 0.000226645322982, 0.00024899962591, 0.000244655413553, 0.000138896051794, 0.000106777995825, 5.97881153226e-05, 4.76155037177e-05, 5.32839476364e-05, 3.38104655384e-05, 2.91268443107e-05, 1.97863373614e-05, 3.02520311379e-05, 3.72553186025e-05, 3.92912115785e-05, 3.11660332954e-05, 1.72728741745e-05, 1.23488516692e-05, 1.45550893649e-05, 4.88739078719e-06, 2.62415187535e-06, 1.70823591361e-06, 1.52347206495e-06, 8.96386893601e-07, 6.42904012693e-07, 4.11580828086e-07, 2.96938083011e-07, 1.38331785138e-07, 9.42587519148e-08, 5.74293252953e-08, 4.44595187332e-08, 3.00594820146e-08, 2.35729213927e-08, 2.32755965612e-08, 7.97988519707e-09, 7.68968089204e-09, 5.21326581904e-09, 4.23684820561e-09, 3.748789279e-09], "min": [3.13646579687e-24, 2.36145137269e-24, 2.11658342568e-24, 2.18181315064e-24, 1.46386413548e-24, 1.46789413003e-24, 1.65434574371e-24, 1.93010518794e-24, 3.41504078428e-24, 2.0377651772e-24, 2.93889124442e-24, 2.31660009428e-24, 3.31385083496e-24, 4.05043156141e-24, 2.00585457029e-24, 3.11072802655e-24, 2.80201066395e-24, 2.73862490135e-24, 3.49661334062e-24, 2.42856963066e-24, 3.0433419503e-24, 4.25236733137e-24, 3.99621117924e-24, 5.36521972125e-24, 2.50799727419e-24, 5.84451583005e-24, 4.73454396576e-24, 4.28605484746e-24, 5.44259829858e-24, 5.16570654313e-24, 5.90034193859e-24, 5.71434273663e-24, 5.3980193744e-24, 6.04910098936e-24, 5.58707896224e-24, 5.54715905056e-24, 5.79853667775e-24, 5.68491940816e-24, 6.08518940362e-24, 6.86473307269e-24], "var": [7.46172809158e-05, 1.54219549131e-06, 1.07384778403e-06, 2.77684421235e-06, 9.57332076723e-07, 4.21878837642e-07, 2.8223416848e-07, 4.05398708381e-07, 2.44373495661e-07, 1.44474356034e-07, 1.83925067176e-06, 2.42378348503e-08, 1.05259189809e-07, 5.41348583738e-08, 1.36874618306e-07, 1.61715647096e-07, 1.85239358075e-07, 2.86852337439e-08, 7.05687019931e-09, 3.97699029264e-09, 4.53200449391e-10, 3.87369136767e-10, 2.49078258019e-10, 4.85215340129e-11, 1.19871099158e-10, 1.74428162886e-11, 8.11250545907e-12, 2.24467475857e-11, 1.09820989108e-11, 5.1384105304e-11, 2.70592871027e-11, 7.97613884662e-12, 1.97698563249e-12, 4.25104005816e-12, 8.46123410052e-13, 7.7378370638e-14, 6.61101016053e-14, 6.60611227722e-14, 2.16834911842e-14, 7.06759276754e-14]}, "mfcc": {"mean": [-725.866577148, 180.893569946, -22.4611968994, 14.8597698212, 13.046880722, 16.9700107574, 1.56943690777, -2.75806355476, 0.358169674873, 5.79785060883, 3.66194725037, 1.7408374548, 5.92593336105], "cov": [[11696.2207031, 2458.15673828, -842.416442871, 472.555419922, -531.4453125, -193.418518066, 421.577545166, 511.287963867, -23.4630947113, 32.4918861389, 110.032577515, 17.4257717133, -574.140991211], [2458.15673828, 2114.51000977, -91.406036377, 320.349761963, 28.887134552, 3.76947307587, 112.109214783, 123.368209839, 11.9942426682, -8.19447803497, 86.3021087646, -28.7374687195, -125.748329163], [-842.416442871, -91.406036377, 1160.30285645, 136.500335693, 224.764541626, 28.8718452454, 115.401313782, 71.5065078735, -2.75299239159, -21.5389900208, 98.214050293, 108.829086304, 37.2810745239], [472.555419922, 320.349761963, 136.500335693, 479.421020508, -66.6036758423, 29.0391540527, 54.6220817566, 124.668586731, 50.4361495972, -12.9468517303, 118.796020508, 97.953163147, -1.82179522514], [-531.4453125, 28.887134552, 224.764541626, -66.6036758423, 344.344818115, 50.8741760254, 18.115983963, -42.4778137207, 16.0228919983, 24.2208938599, -38.1144332886, -7.24309444427, 42.608455658], [-193.418518066, 3.76947307587, 28.8718452454, 29.0391540527, 50.8741760254, 234.091461182, 43.3562011719, -5.6407084465, 24.7712364197, 34.6042404175, 38.1217002869, 6.57477521896, 22.0957756042], [421.577545166, 112.109214783, 115.401313782, 54.6220817566, 18.115983963, 43.3562011719, 327.213897705, 137.653106689, 4.52372264862, 16.5928115845, 80.6412963867, 54.7791175842, -107.961029053], [511.287963867, 123.368209839, 71.5065078735, 124.668586731, -42.4778137207, -5.6407084465, 137.653106689, 274.306396484, 34.260887146, 33.2287864685, 53.2938728333, 46.4648170471, -66.6446075439], [-23.4630947113, 11.9942426682, -2.75299239159, 50.4361495972, 16.0228919983, 24.7712364197, 4.52372264862, 34.260887146, 202.205474854, 58.6380844116, 30.4388237, -28.0495605469, 2.54933571815], [32.4918861389, -8.19447803497, -21.5389900208, -12.9468517303, 24.2208938599, 34.6042404175, 16.5928115845, 33.2287864685, 58.6380844116, 176.662155151, 32.9822654724, -22.0733451843, -20.5609645844], [110.032577515, 86.3021087646, 98.214050293, 118.796020508, -38.1144332886, 38.1217002869, 80.6412963867, 53.2938728333, 30.4388237, 32.9822654724, 201.461608887, 52.5717658997, -20.3015956879], [17.4257717133, -28.7374687195, 108.829086304, 97.953163147, -7.24309444427, 6.57477521896, 54.7791175842, 46.4648170471, -28.0495605469, -22.0733451843, 52.5717658997, 216.637817383, 14.5721187592], [-574.140991211, -125.748329163, 37.2810745239, -1.82179522514, 42.608455658, 22.0957756042, -107.961029053, -66.6446075439, 2.54933571815, -20.5609645844, -20.3015956879, 14.5721187592, 223.914108276]], "icov": [[0.000147350612679, -0.000149160347064, 7.27057631593e-05, -2.32944512391e-05, 0.000154358800501, 7.31781183276e-05, -8.24025992188e-05, -0.000111424262286, 2.54043534369e-05, -3.95605238737e-05, 7.03944460838e-05, -3.97071817133e-05, 0.00017731769185], [-0.000149160347064, 0.000744800025132, 8.32048463053e-05, -0.000471189152449, -0.000483411422465, -3.85875864595e-06, 2.75954789686e-05, 2.5073028155e-05, 0.00012681359658, 0.000151693966473, -0.000229798737564, 0.000334485026542, 0.000101141682535], [7.27057631593e-05, 8.32048463053e-05, 0.0012484943727, -0.000360269244993, -0.000927328190301, 0.000219494482735, -0.000215622829273, -0.000290324212983, 0.000183937576367, 0.000290789321298, -0.00055381457787, -0.000190358608961, -2.64387435891e-05], [-2.32944512391e-05, -0.000471189152449, -0.000360269244993, 0.00345769128762, 0.000711368222255, -0.00043287864537, 0.000507155549712, -0.00104046845809, -0.000843892572448, 0.000637060322333, -0.00109442160465, -0.00106604339089, -0.00035577599192], [0.000154358800501, -0.000483411422465, -0.000927328190301, 0.000711368222255, 0.00445330142975, -0.00065114669269, -0.000732706626877, 0.000666573178023, -0.000503415067215, -0.000844024878461, 0.00144138385076, -0.000183146577911, -0.000582710199524], [7.31781183276e-05, -3.85875864595e-06, 0.000219494482735, -0.00043287864537, -0.00065114669269, 0.00500426394865, -0.00100786972325, 0.00056772941025, -0.000153431188664, -0.000809909193777, -0.000656893942505, 0.000141456243, -0.000682870100718], [-8.24025992188e-05, 2.75954789686e-05, -0.000215622829273, 0.000507155549712, -0.000732706626877, -0.00100786972325, 0.0052598034963, -0.00202101422474, 0.000194703708985, 0.000552933255676, -0.00141417863779, -0.000709873915184, 0.00198416248895], [-0.000111424262286, 2.5073028155e-05, -0.000290324212983, -0.00104046845809, 0.000666573178023, 0.00056772941025, -0.00202101422474, 0.00578086730093, -0.000642414321192, -0.00109320075717, 0.000525772746187, -0.000438535615103, 0.000314671604428], [2.54043534369e-05, 0.00012681359658, 0.000183937576367, -0.000843892572448, -0.000503415067215, -0.000153431188664, 0.000194703708985, -0.000642414321192, 0.00603991979733, -0.00160952250008, -0.000610523158684, 0.00116232607979, -0.000235085215536], [-3.95605238737e-05, 0.000151693966473, 0.000290789321298, 0.000637060322333, -0.000844024878461, -0.000809909193777, 0.000552933255676, -0.00109320075717, -0.00160952250008, 0.00713666575029, -0.00149716925807, 0.000520147441421, 0.000626331428066], [7.03944460838e-05, -0.000229798737564, -0.00055381457787, -0.00109442160465, 0.00144138385076, -0.000656893942505, -0.00141417863779, 0.000525772746187, -0.000610523158684, -0.00149716925807, 0.00735231582075, -0.000965856364928, -1.12896043447e-06], [-3.97071817133e-05, 0.000334485026542, -0.000190358608961, -0.00106604339089, -0.000183146577911, 0.000141456243, -0.000709873915184, -0.000438535615103, 0.00116232607979, 0.000520147441421, -0.000965856364928, 0.00599509570748, -0.000786045915447], [0.00017731769185, 0.000101141682535, -2.64387435891e-05, -0.00035577599192, -0.000582710199524, -0.000682870100718, 0.00198416248895, 0.000314671604428, -0.000235085215536, 0.000626331428066, -1.12896043447e-06, -0.000786045915447, 0.00631880806759]]}, "spectral_contrast_coeffs": {"dmean": [0.0443371534348, 0.0378261841834, 0.0336257107556, 0.0285470467061, 0.0220079869032, 0.0167938340455], "dmean2": [0.0728894770145, 0.061020411551, 0.0538219772279, 0.0457612350583, 0.0359622091055, 0.0271162465215], "dvar": [0.00128187402152, 0.00100163847674, 0.000798768363893, 0.000602726475336, 0.000384537357604, 0.000318541860906], "dvar2": [0.00321543333121, 0.00251312367618, 0.00193679728545, 0.00149348122068, 0.000991856097244, 0.000734780391213], "max": [-0.312562644482, -0.399245977402, -0.396134883165, -0.450730293989, -0.563791751862, -0.466372966766], "mean": [-0.692462325096, -0.701785862446, -0.729130506516, -0.693076133728, -0.762302815914, -0.735032200813], "median": [-0.698107242584, -0.702906847, -0.739169597626, -0.696649670601, -0.761286735535, -0.73705714941], "min": [-0.980666100979, -0.991580367088, -0.990355968475, -0.98544716835, -0.980110764503, -0.963939189911], "var": [0.00821517873555, 0.00573780993, 0.00695466250181, 0.00634251814336, 0.00282401707955, 0.00242140074261]}, "spectral_contrast_valleys": {"dmean": [0.329504102468, 0.303659230471, 0.282268166542, 0.255330651999, 0.24303214252, 0.273358285427], "dmean2": [0.551537394524, 0.482505351305, 0.448159843683, 0.401424735785, 0.368891716003, 0.405846774578], "dvar": [0.0975049138069, 0.0980389043689, 0.0933799892664, 0.0920072644949, 0.112483687699, 0.1609698385], "dvar2": [0.20577570796, 0.