{"lowlevel": {"average_loudness": 0.758130669594, "barkbands_crest": {"dmean": 2.25830745697, "dmean2": 3.92816066742, "dvar": 4.85854434967, "dvar2": 15.1603555679, "max": 24.714302063, "mean": 13.5168409348, "median": 13.2087316513, "min": 3.18587470055, "var": 15.8095846176}, "barkbands_flatness_db": {"dmean": 0.0283363256603, "dmean2": 0.0480285100639, "dvar": 0.000899014121387, "dvar2": 0.00261298520491, "max": 0.654996275902, "mean": 0.345148295164, "median": 0.339419335127, "min": 0.0667664781213, "var": 0.00972770340741}, "barkbands_kurtosis": {"dmean": 9.72292137146, "dmean2": 16.6475276947, "dvar": 275.128326416, "dvar2": 715.081420898, "max": 518.397644043, "mean": 27.5294971466, "median": 18.9232006073, "min": -1.89032673836, "var": 868.749145508}, "barkbands_skewness": {"dmean": 0.697957456112, "dmean2": 1.18295192719, "dvar": 0.743443191051, "dvar2": 1.9533932209, "max": 16.7575454712, "mean": 3.55014801025, "median": 3.28410696983, "min": -1.99892914295, "var": 3.54811000824}, "barkbands_spread": {"dmean": 1.89033067226, "dmean2": 3.12804937363, "dvar": 11.0123624802, "dvar2": 27.7697734833, "max": 57.3111572266, "mean": 6.55514812469, "median": 3.40726447105, "min": 0.135240450501, "var": 54.3756484985}, "dissonance": {"dmean": 0.0184229277074, "dmean2": 0.0306988283992, "dvar": 0.00036028798786, "dvar2": 0.000942870683502, "max": 0.499966204166, "mean": 0.431324630976, "median": 0.439581334591, "min": 0.262872487307, "var": 0.00170244835317}, "dynamic_complexity": 4.63839244843, "erbbands_crest": {"dmean": 2.16001963615, "dmean2": 3.70749425888, "dvar": 5.83716726303, "dvar2": 18.4571056366, "max": 30.3289108276, "mean": 12.1357336044, "median": 11.4594917297, "min": 2.90609836578, "var": 23.386844635}, "erbbands_flatness_db": {"dmean": 0.0158280059695, "dmean2": 0.0258359890431, "dvar": 0.000334336335072, "dvar2": 0.000963765603956, "max": 0.411843448877, "mean": 0.257252722979, "median": 0.251057684422, "min": 0.074215002358, "var": 0.00260436302051}, "erbbands_kurtosis": {"dmean": 2.4036962986, "dmean2": 4.12497138977, "dvar": 31.3074264526, "dvar2": 91.4610443115, "max": 146.532867432, "mean": 5.40113067627, "median": 0.312883853912, "min": -1.85464370251, "var": 180.658203125}, "erbbands_skewness": {"dmean": 0.421425759792, "dmean2": 0.709556519985, "dvar": 0.32134899497, "dvar2": 0.89884275198, "max": 9.28412055969, "mean": 1.36567413807, "median": 0.99743950367, "min": -4.52312612534, "var": 2.79998111725}, "erbbands_spread": {"dmean": 6.28249311447, "dmean2": 10.1392669678, "dvar": 72.0332794189, "dvar2": 183.682739258, "max": 113.439468384, "mean": 34.0242843628, "median": 33.313457489, "min": 1.58555316925, "var": 388.498748779}, "hfc": {"dmean": 2.60837101936, "dmean2": 4.19111824036, "dvar": 112.095687866, "dvar2": 308.399963379, "max": 497.357269287, "mean": 8.97387218475, "median": 4.86900281906, "min": 1.10399700159e-16, "var": 198.957794189}, "melbands_crest": {"dmean": 2.67867970467, "dmean2": 4.73809623718, "dvar": 7.45453977585, "dvar2": 23.997215271, "max": 31.0782604218, "mean": 20.3136348724, "median": 20.452829361, "min": 1.94659459591, "var": 20.6711826324}, "melbands_flatness_db": {"dmean": 0.0313738025725, "dmean2": 0.0524109266698, "dvar": 0.00121812976431, "dvar2": 0.00333286006935, "max": 0.786538302898, "mean": 0.432547688484, "median": 0.424291104078, "min": 0.0101897567511, "var": 0.0149111254141}, "melbands_kurtosis": {"dmean": 18.1578598022, "dmean2": 30.969543457, "dvar": 807.427490234, "dvar2": 2129.12670898, "max": 429.930175781, "mean": 59.6774101257, "median": 41.523349762, "min": -1.817024827, "var": 3323.8125}, "melbands_skewness": {"dmean": 0.866370260715, "dmean2": 1.45613205433, "dvar": 1.14382064342, "dvar2": 2.90817070007, "max": 15.1529827118, "mean": 4.96783018112, "median": 4.6684718132, "min": -0.687814354897, "var": 6.30131816864}, "melbands_spread": {"dmean": 1.86667668819, "dmean2": 3.06655049324, "dvar": 25.2840461731, "dvar2": 59.8429489136, "max": 148.718765259, "mean": 5.86104297638, "median": 2.45150613785, "min": 0.275210231543, "var": 81.6524429321}, "pitch_salience": {"dmean": 0.0648410990834, "dmean2": 0.112305641174, "dvar": 0.00429649744183, "dvar2": 0.0126931685954, "max": 0.814912438393, "mean": 0.356932461262, "median": 0.348850190639, "min": 0.0532889179885, "var": 0.0163954365999}, "silence_rate_20dB": {"dmean": 0, "dmean2": 0, "dvar": 0, "dvar2": 0, "max": 1, "mean": 1, "median": 1, "min": 1, "var": 0}, "silence_rate_30dB": {"dmean": 0.0243814978749, "dmean2": 0.0487717427313, "dvar": 0.0237873904407, "dvar2": 0.0567940063775, "max": 1, "mean": 0.96092492342, "median": 1, "min": 0, "var": 0.0375475771725}, "silence_rate_60dB": {"dmean": 0.0125493006781, "dmean2": 0.0251031015068, "dvar": 0.0123921660706, "dvar2": 0.0291345007718, "max": 1, "mean": 0.0863954126835, "median": 0, "min": 0, "var": 0.07893460989}, "spectral_centroid": {"dmean": 107.268699646, "dmean2": 172.394393921, "dvar": 48637.9648438, "dvar2": 95761.8984375, "max": 10631.5527344, "mean": 510.519500732, "median": 336.679077148, "min": 87.6603546143, "var": 204223.6875}, "spectral_complexity": {"dmean": 1.239153862, "dmean2": 2.0125515461, "dvar": 3.82119870186, "dvar2": 8.42010307312, "max": 38, "mean": 7.6648144722, "median": 6, "min": 0, "var": 33.0578079224}, "spectral_decrease": {"dmean": 3.12706815997e-09, "dmean2": 5.52608181437e-09, "dvar": 2.59339071855e-17, "dvar2": 7.58959586364e-17, "max": -2.75400549161e-29, "mean": -9.25647292149e-09, "median": -7.29459470605e-09, "min": -8.41789997708e-08, "var": 7.30203413375e-17}, "spectral_energy": {"dmean": 0.0120025761425, "dmean2": 0.0211821384728, "dvar": 0.000384507438866, "dvar2": 0.00112075346988, "max": 0.324470579624, "mean": 0.0357500500977, "median": 0.0280139092356, "min": 1.0117512644e-20, "var": 0.00109522172716}, "spectral_energyband_high": {"dmean": 5.16358159075e-05, "dmean2": 7.78385729063e-05, "dvar": 1.10635468786e-07, "dvar2": 3.07533326804e-07, "max": 0.0119254598394, "mean": 9.62896228884e-05, "median": 9.56714484346e-06, "min": 7.60281168822e-21, "var": 1.2438540864e-07}, "spectral_energyband_low": {"dmean": 0.0106574427336, "dmean2": 0.019354397431, "dvar": 0.000307775015244, "dvar2": 0.000959894503467, "max": 0.262880414724, "mean": 0.0254099480808, "median": 0.0190512500703, "min": 1.25583027351e-23, "var": 0.000591725285631}, "spectral_energyband_middle_high": {"dmean": 0.000646498345304, "dmean2": 0.000890153634828, "dvar": 1.13838095785e-05, "dvar2": 2.82363034785e-05, "max": 0.13181014359, "mean": 0.002283787122, "median": 0.000311087205773, "min": 1.39924517346e-21, "var": 3.49389156327e-05}, "spectral_energyband_middle_low": {"dmean": 0.00411379989237, "dmean2": 0.0068036429584, "dvar": 6.98966832715e-05, "dvar2": 0.000165234407177, "max": 0.271905779839, "mean": 0.0126685556024, "median": 0.00692667067051, "min": 2.31236436876e-22, "var": 0.000302891479805}, "spectral_entropy": {"dmean": 0.246738061309, "dmean2": 0.404317349195, "dvar": 0.0813207626343, "dvar2": 0.210253685713, "max": 9.79879283905, "mean": 6.03068161011, "median": 6.15089607239, "min": 3.75408601761, "var": 0.718707621098}, "spectral_flux": {"dmean": 0.0209412500262, "dmean2": 0.0320999026299, "dvar": 0.000869734736625, "dvar2": 0.00199858401902, "max": 0.428494155407, "mean": 0.0592391118407, "median": 0.0440015457571, "min": 1.00585845209e-10, "var": 0.00270164641552}, "spectral_kurtosis": {"dmean": 8.81007575989, "dmean2": 15.1579608917, "dvar": 115.154426575, "dvar2": 312.650848389, "max": 135.774841309, "mean": 19.1189479828, "median": 9.53758335114, "min": -1.25088441372, "var": 496.359924316}, "spectral_rms": {"dmean": 0.00089536543237, "dmean2": 0.0015703063691, "dvar": 1.34592073664e-06, "dvar2": 4.0019399421e-06, "max": 0.0177920386195, "mean": 0.00527795264497, "median": 0.00522787170485, "min": 3.14177416721e-12, "var": 7.02138231645e-06}, "spectral_rolloff": {"dmean": 95.3542175293, "dmean2": 168.944503784, "dvar": 169085.90625, "dvar2": 300129.1875, "max": 19422.9492188, "mean": 345.308624268, "median": 172.265625, "min": 86.1328125, "var": 337586.84375}, "spectral_skewness": {"dmean": 0.662793278694, "dmean2": 1.11575639248, "dvar": 0.44285607338, "dvar2": 1.14038848877, "max": 9.62326335907, "mean": 2.69965267181, "median": 2.04256129265, "min": -0.255054712296, "var": 3.21038866043}, "spectral_spread": {"dmean": 353811.4375, "dmean2": 578308.25, "dvar": 592630775808, "dvar2": 727181950976, "max": 46126556, "mean": 2426769, "median": 2453809.25, "min": 633527.9375, "var": 1254979141630.0}, "spectral_strongpeak": {"dmean": 0.203299090266, "dmean2": 0.35442122817, "dvar": 0.118469893932, "dvar2": 0.305852890015, "max": 8.00831699371, "mean": 0.583166718483, "median": 0.461833715439, "min": 0, "var": 0.312225162983}, "zerocrossingrate": {"dmean": 0.00308515317738, "dmean2": 0.0040548266843, "dvar": 7.41285475669e-05, "dvar2": 0.000104486527562, "max": 0.51123046875, "mean": 0.0169702023268, "median": 0.01220703125, "min": 0.00341796875, "var": 0.00029700237792}, "barkbands": {"dmean": [2.29769393627e-05, 0.00346330390312, 0.00676116673276, 0.00258983229287, 0.00193815270904, 0.000211268197745, 0.00010654709331, 0.000121174787637, 2.65982707788e-05, 0.000129391642986, 1.51930225911e-05, 0.000130352957058, 0.000115940019896, 0.000110071894596, 3.30828333972e-05, 7.1000897151e-05, 0.000142830933328, 3.47131535818e-05, 5.56414634048e-05, 3.62339451385e-05, 2.03104464163e-05, 1.97326171474e-05, 1.62142941917e-06, 2.58094161154e-07, 3.80551377077e-08, 5.50527934351e-09, 1.32272959252e-09], "dmean2": [3.7781901483e-05, 0.00605451269075, 0.0122918849811, 0.00456080213189, 0.00298983720131, 0.000320658524288, 0.000158408700372, 0.000163737597177, 4.08561681979e-05, 0.00015294062905, 2.49838176387e-05, 0.000180006521987, 0.00017779431073, 0.000162223601365, 5.01454705955e-05, 0.000105431543489, 0.000222280752496, 5.3894782468e-05, 9.61593032116e-05, 6.12674339209e-05, 3.20413455484e-05, 2.96590042126e-05, 2.62970570475e-06, 4.56047359876e-07, 6.54179785897e-08, 9.40678201999e-09, 2.35817410044e-09], "dvar": [6.06827654792e-09, 6.38424389763e-05, 0.00013523051166, 1.77957535925e-05, 4.20147152909e-05, 4.42521354671e-07, 1.39121354437e-07, 2.27901779226e-07, 2.21210267881e-08, 5.60803812277e-07, 4.71162309168e-09, 3.93941803623e-07, 6.09973767496e-07, 5.60191097065e-07, 5.16101437142e-08, 6.18306543743e-08, 2.29488861692e-07, 4.5346975952e-08, 1.16229068681e-06, 7.14706857252e-07, 8.06907696216e-09, 3.18339488103e-08, 2.36952457655e-10, 4.24348854666e-11, 2.43681295845e-13, 1.77245964081e-15, 4.72079213414e-18], "dvar2": [1.45492968784e-08, 0.000177175781573, 0.000430964893894, 5.58545289095e-05, 9.96230373858e-05, 8.92508808192e-07, 2.58021628952e-07, 4.70141458209e-07, 4.31481765872e-08, 7.89899729625e-07, 1.24481509545e-08, 6.95412438745e-07, 1.53889277499e-06, 1.38431335017e-06, 1.13024434256e-07, 1.43220574955e-07, 5.68514167298e-07, 1.22304271599e-07, 3.46748788616e-06, 2.13261841964e-06, 2.27689458399e-08, 8.72369909644e-08, 6.93038626487e-10, 1.2710334174e-10, 7.17736959276e-13, 5.14875583846e-15, 1.43670568683e-17], "max": [0.00166353490204, 0.120008602738, 0.211451843381, 0.0880876258016, 0.207116827369, 0.0260351002216, 0.0117800217122, 0.0133837824687, 0.00540783954784, 0.0458148419857, 0.00230391137302, 0.0247769746929, 0.0292787756771, 0.0349463038146, 0.0135095147416, 0.00635240692645, 0.0174400340766, 0.00817173719406, 0.0565210431814, 0.0444032289088, 0.00269492040388, 0.00660145422444, 0.000703861063812, 0.000343007413903, 2.28152421187e-05, 1.16075716505e-06, 3.94793921998e-08], "mean": [2.16850421566e-05, 0.0101280687377, 0.0105646848679, 0.00607764627784, 0.0046804388985, 0.000901206745766, 0.000434005225543, 0.000440735777374, 0.000111629982712, 0.000543559144717, 2.73036039289e-05, 0.000461048999568, 0.00027186141233, 0.00028487140662, 7.55474393372e-05, 0.000166118406923, 0.000277543644188, 6.69739674777e-05, 8.7002714281e-05, 5.5567943491e-05, 3.33826537826e-05, 3.6566718336e-05, 2.31797639572e-06, 2.81058220253e-07, 4.57724489422e-08, 6.52790665967e-09, 1.61492319517e-09], "median": [9.73971282292e-07, 0.00474261632189, 0.00587632413954, 0.00312029523775, 0.00102381594479, 0.000266437593382, 4.3140946218e-05, 3.86396059184e-05, 9.46060208662e-06, 1.07455080069e-05, 4.55302506452e-06, 1.29116569951e-05, 2.49173735938e-05, 2.19093744818e-05, 9.74743943516e-06, 2.77037070191e-05, 4.36823465861e-05, 8.19623710413e-06, 1.16806122605e-05, 4.97183737025e-06, 3.37695269081e-06, 2.30527439271e-06, 1.55065535523e-07, 1.59208042305e-08, 4.9607367103e-09, 1.99072136553e-09, 1.06429831614e-09], "min": [1.07315146106e-25, 1.53936354753e-24, 9.2219078332e-24, 2.03178206166e-24, 4.61319230942e-23, 5.93805201421e-23, 3.18075469634e-23, 7.49493353949e-24, 5.65908176804e-23, 7.50818624492e-23, 5.69635828571e-23, 1.93701750274e-23, 5.93923088795e-23, 7.68935793368e-23, 1.06468264974e-22, 1.33136622954e-22, 9.72676981952e-23, 1.32499753457e-22, 2.07463892616e-22, 2.66894615866e-22, 5.12438692399e-22, 5.27063037622e-22, 5.46611187559e-22, 7.15195483548e-22, 9.5175257897e-22, 1.59204883715e-21, 1.99402206219e-21], "var": [6.53175913357e-09, 0.000176931891474, 0.00019586874987, 6.99181473465e-05, 0.000140497475513, 2.98228314932e-06, 1.06532934296e-06, 1.29719637698e-06, 1.5247890417e-07, 4.82317000206e-06, 6.21212281615e-09, 3.09602364723e-06, 1.32559500798e-06, 1.15367561193e-06, 1.10393621355e-07, 1.79408431222e-07, 4.37282608345e-07, 5.34135367047e-08, 6.35660057924e-07, 3.88783490735e-07, 9.69607594214e-09, 3.62533967291e-08, 1.56940543894e-10, 2.16275487103e-11, 1.36240397761e-13, 1.17234251515e-15, 4.20647687186e-18]}, "erbbands": {"dmean": [0.0397450216115, 1.03235602379, 6.40506029129, 10.0903158188, 7.13252401352, 5.64684057236, 2.59248137474, 1.24914741516, 1.87384307384, 0.795480251312, 3.23425841331, 0.625081062317, 1.15909552574, 4.92696714401, 1.79445195198, 5.65142536163, 5.81179761887, 6.34117841721, 2.46187591553, 1.43401229382, 6.51959848404, 5.38734102249, 2.3514957428, 2.31600189209, 2.81581902504, 1.78067290783, 0.559472620487, 1.05701184273, 0.688482105732, 0.330998927355, 0.0422120802104, 0.00920941401273, 0.00218425039202, 0.000722909229808, 0.000162675147294, 5.53151257918e-05, 6.18816011411e-06, 1.19673870813e-06, 5.4473439377e-06, 1.31376873469e-05], "dmean2": [0.0690928921103, 1.81738996506, 11.6408042908, 18.270406723, 10.8014764786, 9.38692474365, 3.8967897892, 1.97896182537, 2.8708999157, 1.17801010609, 4.34127283096, 0.856029510498, 1.46939074993, 5.92184782028, 2.50077366829, 7.76605701447, 8.76222991943, 9.34463977814, 3.73427629471, 2.10281777382, 9.83166408539, 8.38847446442, 3.63671970367, 3.74030137062, 4.98339176178, 2.93737745285, 0.843071460724, 1.69749891758, 1.01587677002, 0.518685042858, 0.0708805844188, 0.01619216986, 0.00363984471187, 0.00124526966829, 0.000269994372502, 9.23932602745e-05, 1.03771353679e-05, 1.99361124942e-06, 9.52518894337e-06, 2.31304275076e-05], "dvar": [0.0102765485644, 5.11495113373, 127.049606323, 283.125579834, 527.292053223, 491.721374512, 73.3058700562, 16.1955890656, 37.2407569885, 6.29027891159, 164.354507446, 5.86446666718, 25.6491565704, 843.171020508, 76.3239974976, 604.461669922, 1631.88525391, 1465.5949707, 316.696990967, 26.6870288849, 396.197113037, 488.500579834, 183.424057007, 1062.91992188, 4141.22949219, 1252.79626465, 10.8530158997, 26.9837875366, 28.1224727631, 14.9144363403, 0.282138973475, 0.0635046809912, 0.000435571157141, 7.61030823924e-05, 3.03037199956e-06, 2.64792817006e-07, 8.86385409515e-10, 2.35568873436e-11, 8.73932939904e-11, 4.71374606015e-10], "dvar2": [0.0274117644876, 14.4843921661, 407.988891602, 976.34777832, 980.204589844, 1451.61730957, 150.472686768, 35.3322219849, 73.1145095825, 12.7168235779, 331.976593018, 10.5669355392, 42.0508232117, 1200.41772461, 129.583236694, 1173.45690918, 4110.76367188, 3559.29125977, 768.091552734, 61.0450286865, 926.169433594, 1235.01245117, 483.378204346, 3151.43847656, 12370.3496094, 3717.75830078, 29.6353149414, 77.1193771362, 75.1619644165, 42.8290634155, 0.837434649467, 0.190250441432, 0.00128725566901, 0.000224060349865, 8.87662372406e-06, 7.78657238243e-07, 2.52351406438e-09, 6.77484041089e-11, 2.49364695559e-10, 1.36516042915e-09], "max": [1.55967223644, 33.43201828, 186.627029419, 272.123504639, 943.769592285, 613.276611328, 373.370880127, 112.025520325, 184.604522705, 59.2412338257, 364.821655273, 73.8884124756, 217.473587036, 1793.82409668, 402.783508301, 801.415649414, 1530.26757812, 1611.97424316, 799.025390625, 201.779724121, 476.151916504, 1023.53820801, 563.626037598, 1690.40917969, 3384.79199219, 1844.30285645, 139.038879395, 153.150039673, 209.31463623, 143.951065063, 26.4709854126, 13.2930440903, 0.939188182354, 0.384553343058, 0.0686177313328, 0.0206896383315, 0.000885204703081, 0.000218532833969, 0.000193318308447, 0.000356323493179], "mean": [0.0933501049876, 2.95379161835, 11.3131046295, 20.6530742645, 16.6938667297, 14.1160745621, 10.6163272858, 4.68739509583, 7.43173599243, 3.21822071075, 11.8603553772, 2.812967062, 5.40477466583, 20.4996776581, 7.03572130203, 18.3385562897, 14.5065927505, 16.8058013916, 5.60544109344, 4.14836931229, 14.0402336121, 10.4878482819, 4.90839624405, 4.36498785019, 4.15231990814, 2.93812584877, 1.04844927788, 1.67108690739, 1.3223156929, 0.574671089649, 0.0587535575032, 0.0104582943022, 0.0028093426954, 0.000885554181878, 0.000234375009313, 8.00316774985e-05, 1.62195046869e-05, 2.93582820632e-06, 1.68468432094e-05, 3.94818343921e-05], "median": [0.0333115682006, 1.48739528656, 7.208589077, 11.9335536957, 5.68977546692, 2.78899645805, 3.27087521553, 1.39995205402, 1.1714963913, 0.536681413651, 1.14632809162, 0.481374949217, 0.351327061653, 0.529237627983, 0.59252601862, 0.747222840786, 1.419454813, 1.62985253334, 0.706016302109, 0.911171913147, 2.34467434883, 1.96343028545, 0.776970922947, 0.61886715889, 0.446544647217, 0.262104213238, 0.10785061121, 0.169987410307, 0.0858610570431, 0.0336099117994, 0.00500512868166, 0.00069066969445, 0.000232532780501, 9.82577548712e-05, 4.30204745498e-05, 2.44609891524e-05, 1.11496474346e-05, 1.94822973754e-06, 1.3125310943e-05, 3.08839298668e-05], "min": [1.00416048379e-22, 2.5216768086e-22, 6.77191280188e-21, 1.25493380188e-20, 9.16272084272e-21, 1.77080214747e-19, 4.8918241335e-19, 4.42943430698e-19, 3.41042663297e-19, 5.40752936941e-19, 2.40931707946e-19, 9.56126386124e-19, 2.69644584234e-18, 1.83711458054e-18, 1.7691410137e-18, 9.60501034191e-19, 2.91501074162e-18, 3.3576392233e-18, 6.06685404596e-18, 5.21144672219e-18, 6.89870616103e-18, 5.47745808102e-18, 7.91328619572e-18, 9.67389298024e-18, 1.34696097443e-17, 1.37306224507e-17, 1.71017258996e-17, 2.6568650846e-17, 2.04677587314e-17, 1.70349674611e-17, 1.38915338952e-17, 1.64903881417e-17, 1.03538768028e-17, 9.03157234534e-18, 7.93528589129e-18, 5.33686798257e-18, 3.28093703985e-18, 1.17235398318e-18, 2.77759081287e-19, 2.94617532696e-20], "var": [0.0200394801795, 13.6766834259, 175.432418823, 689.323913574, 1675.94689941, 1616.32519531, 455.293731689, 89.2696762085, 250.458465576, 38.7251281738, 954.674194336, 44.4626960754, 215.917388916, 7135.45214844, 721.329162598, 3464.07275391, 3577.31274414, 3424.94213867, 511.789489746, 78.5042419434, 1092.60192871, 690.379211426, 224.795776367, 628.985778809, 2259.54785156, 755.301940918, 12.6305990219, 29.4162769318, 38.1590309143, 11.8057107925, 0.15934471786, 0.0322501175106, 0.000264136411715, 4.38321076217e-05, 1.86439615391e-06, 1.60833366181e-07, 7.69280750212e-10, 2.31329920497e-11, 2.4794924447e-10, 1.35258548806e-09]}, "gfcc": {"mean": [-155.276321411, 188.515579224, -109.828811646, 60.3154029846, -12.9309101105, -9.87774848938, -8.3451461792, -26.0899124146, -4.89403629303, -17.3220329285, -13.1851387024, -8.67402744293, -9.37324428558], "cov": [[11501.2001953, 427.100250244, -3947.82861328, 257.154388428, -887.95892334, -15.6622304916, 293.780029297, -372.617462158, 76.5772476196, -316.473602295, 393.542053223, 57.6384735107, 287.410400391], [427.100250244, 753.472595215, 200.000701904, -413.12097168, 213.502258301, -142.118103027, -2.0622587204, -63.7736625671, 13.1789722443, -52.6288490295, 3.72644615173, -57.0173377991, 9.8357629776], [-3947.82861328, 200.000701904, 2164.76757812, -153.724472046, 457.594665527, 3.59513306618, -75.5838699341, 134.829055786, 3.67435407639, 96.9911804199, -149.169494629, -40.0317230225, -74.949432373], [257.154388428, -413.12097168, -153.724472046, 583.269714355, 16.7561798096, 34.3325767517, 42.7451820374, -39.909450531, 9.10008621216, -19.9326572418, 30.0639095306, 18.7580051422, 26.9325141907], [-887.95892334, 213.502258301, 457.594665527, 16.7561798096, 467.787567139, -23.8643741608, -23.5910072327, -44.5212211609, -25.2940578461, -2.44173836708, -19.7735939026, -39.5216064453, -19.3382282257], [-15.6622304916, -142.118103027, 3.59513306618, 34.3325767517, -23.8643741608, 178.685836792, 45.8434181213, 19.4469833374, 9.0185508728, 34.9963378906, 29.0495834351, 30.1655273438, 20.0027122498], [293.780029297, -2.0622587204, -75.5838699341, 42.7451820374, -23.5910072327, 45.8434181213, 139.540969849, 49.1927452087, 34.1323814392, 9.46708106995, 38.1473083496, 23.4937877655, 18.4921741486], [-372.617462158, -63.7736625671, 134.829055786, -39.909450531, -44.5212211609, 19.4469833374, 49.1927452087, 178.331314087, 69.9621429443, 33.5434837341, 0.473789274693, 31.3395423889, 11.1145420074], [76.5772476196, 13.1789722443, 3.67435407639, 9.10008621216, -25.2940578461, 9.0185508728, 34.1323814392, 69.9621429443, 104.749778748, 33.5886306763, 10.8990106583, 12.6719207764, 13.1916065216], [-316.473602295, -52.6288490295, 96.9911804199, -19.9326572418, -2.44173836708, 34.9963378906, 9.46708106995, 33.5434837341, 33.5886306763, 103.434707642, 25.4176845551, 4.74550580978, -13.9937925339], [393.542053223, 3.72644615173, -149.169494629, 30.0639095306, -19.7735939026, 29.0495834351, 38.1473083496, 0.473789274693, 10.8990106583, 25.4176845551, 92.9461364746, 34.457660675, 10.3373203278], [57.6384735107, -57.0173377991, -40.0317230225, 18.7580051422, -39.5216064453, 30.1655273438, 23.4937877655, 31.3395423889, 12.6719207764, 4.74550580978, 34.457660675, 79.6325759888, 30.7679328918], [287.410400391, 9.8357629776, -74.949432373, 26.9325141907, -19.3382282257, 20.0027122498, 18.4921741486, 11.1145420074, 13.1916065216, -13.9937925339, 10.3373203278, 30.7679328918, 78.6527709961]], "icov": [[0.000500653812196, -0.00138605234679, 0.000786377117038, -0.000964187842328, 0.000804173701908, -0.000805415795185, 9.40375684877e-05, -8.82914173417e-05, 0.00012609885016, 0.000190763312276, -0.000189440979739, 0.000101091602119, -0.000185569719179], [-0.00138605234679, 0.0150566408411, -0.00358706619591, 0.0118853840977, -0.00599016435444, 0.0094358259812, -0.00551653280854, 0.00839162059128, -0.00930756516755, 0.00758077343926, -0.00896012876183, 0.0063648452051, -0.00646971585229], [0.000786377117038, -0.00358706619591, 0.00226821191609, -0.00260288454592, 0.000875742698554, -0.00233012461103, 0.0010343893664, -0.00197182176635, 0.00170450471342, -0.00163238763344, 0.00237199501134, -0.00120353756938, 0.00105381850153], [-0.000964187842328, 0.0118853840977, -0.00260288454592, 0.0113167092204, -0.00481826765463, 0.00718272011727, -0.00499138096347, 0.00755604123697, -0.00813786685467, 0.00670125801116, -0.00758756464347, 0.004967934452, -0.00561299873516], [0.000804173701908, -0.00599016435444, 0.000875742698554, -0.00481826765463, 0.00569471204653, -0.0033967574127, 0.00168704858515, -0.00174748850986, 0.00312826433219, -0.00179532170296, 0.00159208336845, -0.000702613324393, 0.00163070752751], [-0.000805415795185, 0.0094358259812, -0.00233012461103, 0.00718272011727, -0.0033967574127, 0.013000914827, -0.00552030000836, 0.00567139312625, -0.00477649457753, 0.00223506242037, -0.00598904956132, 0.00264846137725, -0.00561197847128], [9.40375684877e-05, -0.00551653280854, 0.0010343893664, -0.00499138096347, 0.00168704858515, -0.00552030000836, 0.0126692447811, -0.00657577067614, 0.00270960968919, -0.00217850599438, 0.000827503332403, -0.00226366147399, 0.00274502625689], [-8.82914173417e-05, 0.00839162059128, -0.00197182176635, 0.00755604123697, -0.00174748850986, 0.00567139312625, -0.00657577067614, 0.0160525571555, -0.0117441313341, 0.00509365648031, -0.00516089703888, 0.00158112507779, -0.00485170353204], [0.00012609885016, -0.00930756516755, 0.00170450471342, -0.00813786685467, 0.00312826433219, -0.00477649457753, 0.00270960968919, -0.0117441313341, 0.0221630204469, -0.0107865100726, 0.00791610404849, -0.00431694416329, 0.00313242455013], [0.000190763312276, 0.00758077343926, -0.00163238763344, 0.00670125801116, -0.00179532170296, 0.00223506242037, -0.00217850599438, 0.00509365648031, -0.0107865100726, 0.0207183565944, -0.0127224791795, 0.0065998416394, -0.00212706625462], [-0.000189440979739, -0.00896012876183, 0.00237199501134, -0.00758756464347, 0.00159208336845, -0.00598904956132, 0.000827503332403, -0.00516089703888, 0.00791610404849, -0.0127224791795, 0.0267670564353, -0.0133283054456, 0.00722512090579], [0.000101091602119, 0.0063648452051, -0.00120353756938, 0.004967934452, -0.000702613324393, 0.00264846137725, -0.00226366147399, 0.00158112507779, -0.00431694416329, 0.0065998416394, -0.0133283054456, 0.0239959750324, -0.0102877728641], [-0.000185569719179, -0.00646971585229, 0.00105381850153, -0.00561299873516, 0.00163070752751, -0.00561197847128, 0.00274502625689, -0.00485170353204, 0.00313242455013, -0.00212706625462, 0.00722512090579, -0.0102877728641, 0.0211668945849]]}, "melbands": {"dmean": [0.000657642900478, 0.00264743971638, 0.00152477237862, 0.000497889297549, 0.000102036217868, 3.0584873457e-05, 2.73514215223e-05, 1.0031041711e-05, 2.39844321186e-05, 3.32204331244e-06, 6.00332714384e-06, 2.14469419006e-05, 3.4021884403e-06, 1.62481937878e-05, 1.10525379569e-05, 1.3207106349e-05, 1.15882321552e-05, 4.14599298892e-06, 1.59562887347e-06, 3.42377825291e-06, 9.44401108427e-06, 7.05473803464e-06, 3.54125336344e-06, 1.78820516794e-06, 1.86149247838e-06, 2.5255849323e-06, 1.49430741203e-06, 1.11708766326e-06, 2.82894916381e-07, 5.1955271374e-07, 6.84233270931e-07, 3.86027977584e-07, 3.71159643464e-07, 1.04914150256e-07, 2.33577956976e-08, 9.68123980982e-09, 3.6277529869e-09, 1.56458834777e-09, 1.15818798996e-09, 4.20143142499e-10], "dmean2": [0.00114688428584, 0.00479939160869, 0.00269545172341, 0.000775791588239, 0.000160873416462, 4.81113456772e-05, 4.14630012529e-05, 1.48724111568e-05, 3.17890262522e-05, 4.89348985866e-06, 7.48416778151e-06, 2.55711111095e-05, 5.0890980674e-06, 2.25479816436e-05, 1.59277678904e-05, 2.00740396394e-05, 1.71109768416e-05, 6.39625795884e-06, 2.39893392973e-06, 5.07037611897e-06, 1.43428060255e-05, 1.10071350718e-05, 5.43876376469e-06, 2.85410578726e-06, 2.98938812193e-06, 4.47762613476e-06, 2.67862560577e-06, 1.79061316885e-06, 4.16327395669e-07, 8.17306386125e-07, 1.11230906441e-06, 5.6615141375e-07, 5.73530655856e-07, 1.66856750639e-07, 4.06682580945e-08, 1.76700094556e-08, 6.29077501202e-09, 2.56802712428e-09, 2.02253436221e-09, 7.22344850601e-10], "dvar": [2.51108576776e-06, 2.17745982809e-05, 6.20873061052e-06, 2.81891266241e-06, 1.09643011115e-07, 8.64282956314e-09, 8.05606692467e-09, 1.02589081674e-09, 8.96881235946e-09, 2.98614938332e-10, 6.847706846e-10, 1.61262683207e-08, 2.04414499216e-10, 6.78183287306e-09, 3.01469738062e-09, 7.07910130515e-09, 5.16211651203e-09, 1.09089215439e-09, 9.67246907568e-11, 1.48486639651e-10, 7.72792496662e-10, 7.02907676509e-10, 2.84496620706e-10, 1.03808545093e-10, 6.16663886621e-10, 3.18035109359e-09, 1.95163663008e-09, 2.58082361038e-10, 2.72524927972e-12, 3.91300056593e-12, 1.51848273539e-11, 6.36269032253e-12, 2.10500245706e-11, 1.37253001933e-12, 6.1524346544e-14, 8.10800740241e-14, 7.05186904083e-15, 1.02815115686e-16, 2.03625952896e-16, 2.11289804433e-17], "dvar2": [6.82701556798e-06, 6.81205710862e-05, 1.98038014787e-05, 6.88499221724e-06, 2.74096095154e-07, 1.88055082617e-08, 1.52528123465e-08, 2.34336905436e-09, 1.76526402385e-08, 5.7786592178e-10, 1.08916464736e-09, 2.2806410982e-08, 3.95010496534e-10, 1.1788992893e-08, 6.68048905084e-09, 1.84831190353e-08, 1.25664909589e-08, 2.75916134385e-09, 2.1402300765e-10, 3.46199013901e-10, 1.83191117831e-09, 1.79312942272e-09, 6.93158974663e-10, 2.93769786275e-10, 1.82477688515e-09, 9.50175849113e-09, 5.83904391505e-09, 7.57402307539e-10, 7.2698388108e-12, 1.04762006362e-11, 4.357572983e-11, 1.6217352114e-11, 6.03105621e-11, 3.95587555768e-12, 1.81976436415e-13, 2.43009605494e-13, 2.10962432419e-14, 2.94995767494e-16, 6.00450803699e-16, 6.18738575902e-17], "max": [0.0258897133172, 0.0736070349813, 0.0457447618246, 0.0507494136691, 0.0110751353204, 0.00244836718775, 0.00273219496012, 0.00100716087036, 0.00272876559757, 0.000639138219412, 0.0011410554871, 0.00783843360841, 0.000575666839723, 0.00347116775811, 0.00219566933811, 0.00341045157984, 0.00307009276003, 0.00150197045878, 0.000591670395806, 0.000508430995978, 0.000606699206401, 0.00104719935916, 0.000712234410457, 0.00039888205356, 0.00127907004207, 0.00296485493891, 0.00233040819876, 0.000818929460365, 6.11088908045e-05, 3.83709593734e-05, 0.000127613850054, 9.02731480892e-05, 0.000211722450331, 5.44408139831e-05, 1.20022468764e-05, 1.50247142301e-05, 4.41960537501e-06, 3.83620260891e-07, 5.96739596403e-07, 2.12396670918e-07], "mean": [0.00184459250886, 0.00555860390887, 0.00330090569332, 0.00117473083083, 0.000369819725165, 0.000115993745567, 0.000111356574052, 3.72058893845e-05, 8.93231044756e-05, 1.45623689605e-05, 2.78901188722e-05, 8.89359798748e-05, 1.15246111818e-05, 5.90073577769e-05, 2.96057096421e-05, 3.16405967169e-05, 3.03003325826e-05, 8.61979515321e-06, 3.78917434318e-06, 9.40845711739e-06, 1.86972465599e-05, 1.23401523524e-05, 7.54110988055e-06, 3.19192213283e-06, 3.44031604982e-06, 3.66457356904e-06, 2.02326191356e-06, 1.94590870706e-06, 5.15614033247e-07, 8.40118730139e-07, 1.02723481632e-06, 7.40316920655e-07, 6.38039637124e-07, 1.79922253096e-07, 2.66619171185e-08, 9.27955312591e-09, 4.45625714107e-09, 2.06224859411e-09, 1.27437083108e-09, 4.87416107475e-10], "median": [0.00077462173067, 0.00362659594975, 0.00198859861121, 0.000235470972257, 0.00011062133126, 3.32299387082e-05, 1.60301860888e-05, 5.80997220823e-06, 8.54599147715e-06, 1.68549877344e-06, 1.36817641305e-06, 1.91270100913e-06, 1.34338620228e-06, 1.48856554461e-06, 2.00877934731e-06, 3.10363134304e-06, 2.51034271059e-06, 9.88111310107e-07, 6.06106311807e-07, 1.80471454314e-06, 2.84528573502e-06, 2.14479632632e-06, 1.03789705008e-06, 3.61184532949e-07, 4.60280460857e-07, 3.64410340126e-07, 1.89559557384e-07, 1.6208682041e-07, 5.7152590216e-08, 6.92846171546e-08, 9.97010687342e-08, 4.56986590791e-08, 3.36660583855e-08, 9.44221145716e-09, 2.40653230676e-09, 5.76075742664e-10, 2.24750232314e-10, 1.44489462062e-10, 9.43048833468e-11, 5.12128291164e-11], "min": [5.32118629438e-25, 2.56906279965e-24, 1.94252856391e-24, 4.72139523219e-24, 1.68179970066e-23, 1.01865119597e-23, 5.79018855722e-24, 5.02430559245e-24, 2.34148313381e-24, 7.30699847287e-24, 1.35906313592e-23, 7.732210278e-24, 6.96184185012e-24, 2.60844845528e-24, 3.5030969884e-24, 7.52605094675e-24, 5.07044015034e-24, 9.62436652324e-24, 7.19474593264e-24, 7.60569434374e-24, 7.99313706646e-24, 4.78377874701e-24, 7.00063250741e-24, 7.3104039854e-24, 7.75497601487e-24, 7.95730227098e-24, 1.17706921744e-23, 8.00920064107e-24, 9.38801196312e-24, 1.14132821752e-23, 1.64336655513e-23, 1.08416877628e-23, 9.68500626102e-24, 1.04582090661e-23, 7.05923146204e-24, 8.93527364556e-24, 1.02489518781e-23, 7.72085462527e-24, 4.98377668015e-24, 8.78770538033e-24], "var": [6.54520408716e-06, 3.54703406629e-05, 1.69708546309e-05, 9.58583859756e-06, 5.19131845067e-07, 4.95803718081e-08, 5.82012376071e-08, 5.07340214284e-09, 5.41858753422e-08, 2.076355754e-09, 5.90128790279e-09, 1.37352671459e-07, 1.52332357839e-09, 5.75867993291e-08, 1.05442978793e-08, 1.22040839656e-08, 1.21403269659e-08, 1.43796252683e-09, 2.02756228473e-10, 4.42615694096e-10, 1.96765692628e-09, 1.0180283283e-09, 4.88926232833e-10, 1.14091833203e-10, 3.69029806713e-10, 1.72522307551e-09, 1.0202181322e-09, 1.82543605232e-10, 3.15614765226e-12, 5.87247221337e-12, 1.52909664097e-11, 1.09216836963e-11, 1.63110514678e-11, 1.09271521952e-12, 3.42595553706e-14, 4.08864938163e-14, 3.65064169893e-15, 8.25322698723e-17, 1.16348802977e-16, 1.24383363777e-17]}, "mfcc": {"mean": [-789.18182373, 186.604202271, 1.13202416897, 64.007232666, 23.2206192017, 27.4232196808, 2.31878638268, 7.17078781128, 4.38993883133, -9.71048355103, 4.69597482681, 0.339980214834, 0.373958587646], "cov": [[11975.3251953, 575.227233887, -4049.72363281, 637.747741699, -1937.60217285, 429.389434814, -456.545593262, 131.580871582, -184.973571777, -443.991882324, 65.5474700928, -149.126464844, 233.609420776], [575.227233887, 1046.95690918, 4.73626804352, -284.165161133, 110.302642822, -100.802078247, 11.6419668198, -61.165977478, -21.9164276123, -2.8164536953, -33.5509796143, -18.2470207214, -10.5560483932], [-4049.72363281, 4.73626804352, 1817.08081055, -202.09425354, 629.5390625, -136.752838135, 134.314407349, 6.85233259201, 80.0033416748, 180.298614502, -37.4361457825, 81.3997421265, -62.8090667725], [637.747741699, -284.165161133, -202.09425354, 475.358459473, -33.9661865234, 96.7776794434, 3.52225899696, 35.8302078247, 19.1360435486, -46.2129364014, 13.8905792236, -30.9812240601, 26.6215343475], [-1937.60217285, 110.302642822, 629.5390625, -33.9661865234, 590.755493164, -19.6199874878, 124.223510742, -42.3147087097, 18.6141967773, 65.0188446045, -30.5329284668, -5.57946538925, -66.3352432251], [429.389434814, -100.802078247, -136.752838135, 96.7776794434, -19.6199874878, 209.628204346, 41.9956130981, -1.78603875637, -12.66842556, -30.8531169891, 17.7837409973, -17.9602489471, -0.879541873932], [-456.545593262, 11.6419668198, 134.314407349, 3.52225899696, 124.223510742, 41.9956130981, 143.749633789, 17.1472873688, -8.9734621048, 11.2144384384, 2.87046408653, 2.13229775429, -6.55219602585], [131.580871582, -61.165977478, 6.85233259201, 35.8302078247, -42.3147087097, -1.78603875637, 17.1472873688, 123.84072113, 39.99792099, -6.46022176743, -0.199369385839, 20.4762268066, 31.2267589569], [-184.973571777, -21.9164276123, 80.0033416748, 19.1360435486, 18.6141967773, -12.66842556, -8.9734621048, 39.99792099, 105.840072632, 38.5058517456, -1.64614713192, 23.4444351196, 6.42895793915], [-443.991882324, -2.8164536953, 180.298614502, -46.2129364014, 65.0188446045, -30.8531169891, 11.2144384384, -6.46022176743, 38.5058517456, 116.283599854, 28.5549144745, 4.16775798798, -8.28364467621], [65.5474700928, -33.5509796143, -37.4361457825, 13.8905792236, -30.5329284668, 17.7837409973, 2.87046408653, -0.199369385839, -1.64614713192, 28.5549144745, 102.814651489, 45.363483429, 8.38689231873], [-149.126464844, -18.2470207214, 81.3997421265, -30.9812240601, -5.57946538925, -17.9602489471, 2.13229775429, 20.4762268066, 23.4444351196, 4.16775798798, 45.363483429, 130.722763062, 44.2671737671], [233.609420776, -10.5560483932, -62.8090667725, 26.6215343475, -66.3352432251, -0.879541873932, -6.55219602585, 31.2267589569, 6.42895793915, -8.28364467621, 8.38689231873, 44.2671737671, 91.2578964233]], "icov": [[0.00201274827123, -0.00256277970038, 0.00292364740744, -0.00252256449312, 0.0033148790244, -0.00307517754845, 0.00276723131537, -0.00322443735786, 0.00299671082757, -0.00239546713419, 0.00219237548299, -0.00196457887068, 0.00130416394677], [-0.00256277970038, 0.00456532230601, -0.00352010386996, 0.0040606316179, -0.00465191248804, 0.00442676944658, -0.0037861992605, 0.00462573161349, -0.00424962118268, 0.0036635696888, -0.00299521908164, 0.00307776057161, -0.00229804776609], [0.00292364740744, -0.00352010386996, 0.00541822938249, -0.0033887939062, 0.00376227288507, -0.00412939721718, 0.00388222490437, -0.00510662980378, 0.00447857612744, -0.00469397427514, 0.0040067192167, -0.0038235639222, 0.00229237624444], [-0.00252256449312, 0.0040606316179, -0.0033887939062, 0.00645665079355, -0.00484712747857, 0.00328939803876, -0.00340787647292, 0.00392462080345, -0.00527375750244, 0.00479097710922, -0.00415079807863, 0.00436561135575, -0.00329777295701], [0.0033148790244, -0.00465191248804, 0.00376227288507, -0.00484712747857, 0.00916721113026, -0.00498403608799, 0.00225487118587, -0.00389482988976, 0.00450506666675, -0.00428745290264, 0.00443031080067, -0.00353859132156, 0.00369262439199], [-0.00307517754845, 0.00442676944658, -0.00412939721718, 0.00328939803876, -0.00498403608799, 0.0112392809242, -0.00689319567755, 0.00606265012175, -0.00552795594558, 0.00562412803993, -0.00512846000493, 0.00429664924741, -0.00221447669901], [0.00276723131537, -0.0037861992605, 0.00388222490437, -0.00340787647292, 0.00225487118587, -0.00689319567755, 0.0143656050786, -0.00776966195554, 0.00699440110475, -0.00461379764602, 0.00298477336764, -0.00321021396667, 0.00177840783726], [-0.00322443735786, 0.00462573161349, -0.00510662980378, 0.00392462080345, -0.00389482988976, 0.00606265012175, -0.00776966195554, 0.0171035341918, -0.0103112980723, 0.00667599355802, -0.00416196836159, 0.00407174741849, -0.00531360507011], [0.00299671082757, -0.00424962118268, 0.00447857612744, -0.00527375750244, 0.00450506666675, -0.00552795594558, 0.00699440110475, -0.0103112980723, 0.0198357626796, -0.0107411835343, 0.00739090051502, -0.00751687167212, 0.00430467864498], [-0.00239546713419, 0.0036635696888, -0.00469397427514, 0.00479097710922, -0.00428745290264, 0.00562412803993, -0.00461379764602, 0.00667599355802, -0.0107411835343, 0.0189338568598, -0.010238757357, 0.00771197490394, -0.00407497351989], [0.00219237548299, -0.00299521908164, 0.0040067192167, -0.00415079807863, 0.00443031080067, -0.00512846000493, 0.00298477336764, -0.00416196836159, 0.00739090051502, -0.010238757357, 0.0186324380338, -0.0103581985459, 0.00468132877722], [-0.00196457887068, 0.00307776057161, -0.0038235639222, 0.00436561135575, -0.00353859132156, 0.00429664924741, -0.00321021396667, 0.00407174741849, -0.00751687167212, 0.00771197490394, -0.0103581985459, 0.0167174004018, -0.00860228389502], [0.00130416394677, -0.00229804776609, 0.00229237624444, -0.00329777295701, 0.00369262439199, -0.00221447669901, 0.00177840783726, -0.00531360507011, 0.00430467864498, -0.00407497351989, 0.00468132877722, -0.00860228389502, 0.0175715181977]]}, "spectral_contrast_coeffs": {"dmean": [0.0465126633644, 0.0309622306377, 0.0279471147805, 0.0272479243577, 0.0266620181501, 0.0289999749511], "dmean2": [0.079242028296, 0.0500791594386, 0.04330271855, 0.0424220710993, 0.0401502251625, 0.0473832711577], "dvar": [0.00144498620648, 0.00102030066773, 0.000973909220193, 0.000912110845093, 0.000954448361881, 0.000738511618692], "dvar2": [0.00431369710714, 0.00242239842191, 0.00200551142916, 0.00181112042628, 0.00185188592877, 0.00182431889698], "max": [-0.290882229805, -0.413896083832, -0.391956478357, -0.463696688414, -0.466259241104, -0.406476020813], "mean": [-0.568120419979, -0.661375701427, -0.726826608181, -0.73549669981, -0.726515650749, -0.664687693119], "median": [-0.566562056541, -0.663243353367, -0.752629995346, -0.738665878773, -0.72388625145, -0.658639788628], "min": [-0.972410142422, -0.968747258186, -0.969015300274, -0.966713428497, -0.961596548557, -0.959833264351], "var": [0.00671029789373, 0.00738223362714, 0.0107972705737, 0.00592532008886, 0.00787223409861, 0.00684692338109]}, "spectral_contrast_valleys": {"dmean": [0.368317961693, 0.300964474678, 0.307086348534, 0.328682303429, 0.354651540518, 0.438640385866], "dmean2": [0.59360730648, 0.48773303628, 0.486780285835, 0.514850318432, 0.529980242252, 0.718343496323], "dvar": [0.161275327206, 0.146835178137, 0.16584828496, 0.201705917716, 0.24664363265, 0.192748337984], "dvar2": [0.316200494766, 0.274458020926, 0.307340204716, 0.363745182753, 0.445084422827, 0.443744421005], "max": [-5.113034