{"lowlevel": {"average_loudness": 0.976195394993, "barkbands_crest": {"dmean": 3.08709907532, "dmean2": 4.58304309845, "dvar": 8.75548839569, "dvar2": 16.7659091949, "max": 26.3977203369, "mean": 13.1290168762, "median": 11.5658168793, "min": 2.69865942001, "var": 31.3565635681}, "barkbands_flatness_db": {"dmean": 0.0340350903571, "dmean2": 0.047889970243, "dvar": 0.00109983643051, "dvar2": 0.00200531352311, "max": 0.549710094929, "mean": 0.156225651503, "median": 0.147546410561, "min": 0.0320432074368, "var": 0.00378638249822}, "barkbands_kurtosis": {"dmean": 5.66360044479, "dmean2": 8.53639316559, "dvar": 1253.28356934, "dvar2": 2290.40966797, "max": 1795.11425781, "mean": 7.33136367798, "median": 2.1098253727, "min": -1.77142095566, "var": 2809.80200195}, "barkbands_skewness": {"dmean": 0.736025810242, "dmean2": 1.07947313786, "dvar": 0.805072903633, "dvar2": 1.57154977322, "max": 30.5570774078, "mean": 1.98883497715, "median": 1.68533229828, "min": -4.88565397263, "var": 2.73393678665}, "barkbands_spread": {"dmean": 7.45313930511, "dmean2": 11.0123443604, "dvar": 53.2361679077, "dvar2": 115.921722412, "max": 104.373580933, "mean": 25.5335693359, "median": 24.3664588928, "min": 0.0649909898639, "var": 177.059509277}, "dissonance": {"dmean": 0.0168128423393, "dmean2": 0.028806662187, "dvar": 0.000253168167546, "dvar2": 0.000706619874109, "max": 0.499999940395, "mean": 0.467226117849, "median": 0.47132152319, "min": 0.348335295916, "var": 0.000415107700974}, "dynamic_complexity": 2.70765733719, "erbbands_crest": {"dmean": 2.5467634201, "dmean2": 3.91285157204, "dvar": 6.32810115814, "dvar2": 14.9788608551, "max": 32.1179771423, "mean": 9.94060993195, "median": 8.74409484863, "min": 2.68968844414, "var": 21.2989368439}, "erbbands_flatness_db": {"dmean": 0.0172871667892, "dmean2": 0.0229436364025, "dvar": 0.000365135871107, "dvar2": 0.000627960078418, "max": 0.348373323679, "mean": 0.158511444926, "median": 0.150848805904, "min": 0.0636369287968, "var": 0.00200236449018}, "erbbands_kurtosis": {"dmean": 0.718133211136, "dmean2": 1.11996924877, "dvar": 3.06821489334, "dvar2": 7.42504644394, "max": 47.0175971985, "mean": 0.491328716278, "median": -0.181416749954, "min": -1.4932923317, "var": 10.213136673}, "erbbands_skewness": {"dmean": 0.281368374825, "dmean2": 0.42041733861, "dvar": 0.0870754346251, "dvar2": 0.177501097322, "max": 6.24398851395, "mean": 0.111185982823, "median": -0.0103236055002, "min": -1.33554291725, "var": 0.505550205708}, "erbbands_spread": {"dmean": 6.79472112656, "dmean2": 10.090303421, "dvar": 40.3787269592, "dvar2": 85.9580307007, "max": 116.018554688, "mean": 40.176109314, "median": 40.2853507996, "min": 2.98212623596, "var": 186.364028931}, "hfc": {"dmean": 12.104393959, "dmean2": 18.6832332611, "dvar": 407.66708374, "dvar2": 1062.57128906, "max": 187.482925415, "mean": 30.4360313416, "median": 24.3800296783, "min": 1.18436871541e-16, "var": 539.926879883}, "melbands_crest": {"dmean": 3.43180036545, "dmean2": 5.44686937332, "dvar": 9.88329029083, "dvar2": 24.8182315826, "max": 37.4736976624, "mean": 18.8560848236, "median": 19.1235790253, "min": 3.09064698219, "var": 26.2269229889}, "melbands_flatness_db": {"dmean": 0.0403285957873, "dmean2": 0.0564621388912, "dvar": 0.00148809410166, "dvar2": 0.00287511642091, "max": 0.685344398022, "mean": 0.228208065033, "median": 0.216681987047, "min": 0.00814898777753, "var": 0.00541219115257}, "melbands_kurtosis": {"dmean": 12.4376783371, "dmean2": 18.9484367371, "dvar": 579.501159668, "dvar2": 1416.71020508, "max": 564.114135742, "mean": 20.5130996704, "median": 11.9665126801, "min": -1.31276810169, "var": 952.476318359}, "melbands_skewness": {"dmean": 1.07280480862, "dmean2": 1.56153321266, "dvar": 1.30932939053, "dvar2": 2.89726066589, "max": 18.4491901398, "mean": 3.5462012291, "median": 3.16098237038, "min": -0.371797591448, "var": 3.96010613441}, "melbands_spread": {"dmean": 7.9430770874, "dmean2": 12.2344226837, "dvar": 86.7837600708, "dvar2": 189.131851196, "max": 187.837463379, "mean": 21.7547988892, "median": 18.825920105, "min": 0.236721247435, "var": 268.746887207}, "pitch_salience": {"dmean": 0.0776212587953, "dmean2": 0.118630513549, "dvar": 0.00543911056593, "dvar2": 0.0117314783856, "max": 0.86448007822, "mean": 0.398407459259, "median": 0.400930166245, "min": 0.0446845591068, "var": 0.0167095493525}, "silence_rate_20dB": {"dmean": 0, "dmean2": 0, "dvar": 0, "dvar2": 0, "max": 1, "mean": 1, "median": 1, "min": 1, "var": 0}, "silence_rate_30dB": {"dmean": 0.110049672425, "dmean2": 0.220183491707, "dvar": 0.0979402512312, "dvar2": 0.206108391285, "max": 1, "mean": 0.894576013088, "median": 1, "min": 0, "var": 0.0943073630333}, "silence_rate_60dB": {"dmean": 0.00687810452655, "dmean2": 0.0137614682317, "dvar": 0.00683114631101, "dvar2": 0.0158668588847, "max": 1, "mean": 0.0523300245404, "median": 0, "min": 0, "var": 0.0495920851827}, "spectral_centroid": {"dmean": 278.86517334, "dmean2": 431.193084717, "dvar": 82246.78125, "dvar2": 162978.3125, "max": 10637.0898438, "mean": 1847.06945801, "median": 1813.25561523, "min": 83.5668487549, "var": 270288.1875}, "spectral_complexity": {"dmean": 4.57546806335, "dmean2": 6.95642185211, "dvar": 33.9385070801, "dvar2": 71.0408782959, "max": 58, "mean": 22.2093200684, "median": 21, "min": 0, "var": 92.3098983765}, "spectral_decrease": {"dmean": 5.60004620453e-09, "dmean2": 8.57454462988e-09, "dvar": 4.84089057e-17, "dvar2": 1.15509141863e-16, "max": 3.31705943817e-17, "mean": -1.42535201419e-08, "median": -1.19665717335e-08, "min": -6.16398025954e-08, "var": 9.32442058653e-17}, "spectral_energy": {"dmean": 0.0216301809996, "dmean2": 0.0333480872214, "dvar": 0.000701314769685, "dvar2": 0.00167820975184, "max": 0.234614372253, "mean": 0.056556712836, "median": 0.0482197068632, "min": 1.08117207419e-20, "var": 0.00137496099342}, "spectral_energyband_high": {"dmean": 0.00109188340139, "dmean2": 0.00169834669214, "dvar": 3.7999604956e-06, "dvar2": 1.001216242e-05, "max": 0.0168022010475, "mean": 0.00191897363402, "median": 0.00120210356545, "min": 8.09656904367e-21, "var": 4.79432674183e-06}, "spectral_energyband_low": {"dmean": 0.0202264357358, "dmean2": 0.0307987201959, "dvar": 0.000753283617087, "dvar2": 0.00176158698741, "max": 0.231518566608, "mean": 0.0406898185611, "median": 0.0297289341688, "min": 1.80307892379e-22, "var": 0.00126628065482}, "spectral_energyband_middle_high": {"dmean": 0.00311556318775, "dmean2": 0.00474748993292, "dvar": 2.290186967e-05, "dvar2": 5.51505472686e-05, "max": 0.0618476308882, "mean": 0.00817828346044, "median": 0.00632602255791, "min": 1.42392346888e-21, "var": 4.46564918093e-05}, "spectral_energyband_middle_low": {"dmean": 0.00346347875893, "dmean2": 0.00514856353402, "dvar": 2.99897801597e-05, "dvar2": 6.87777064741e-05, "max": 0.0586585104465, "mean": 0.00835306290537, "median": 0.00600978313014, "min": 2.45911243953e-22, "var": 5.86420064792e-05}, "spectral_entropy": {"dmean": 0.17885838449, "dmean2": 0.252547740936, "dvar": 0.0357189811766, "dvar2": 0.0667507946491, "max": 9.80771160126, "mean": 7.55716943741, "median": 7.54168987274, "min": 5.18585062027, "var": 0.121055610478}, "spectral_flux": {"dmean": 0.0407949313521, "dmean2": 0.067345649004, "dvar": 0.00184101215564, "dvar2": 0.00407118955627, "max": 0.351514160633, "mean": 0.103802092373, "median": 0.0881683826447, "min": 1.03979422295e-10, "var": 0.00410488108173}, "spectral_kurtosis": {"dmean": 1.13275694847, "dmean2": 1.93457758427, "dvar": 1.65567564964, "dvar2": 4.76047468185, "max": 22.2525081635, "mean": 2.60105419159, "median": 2.14551377296, "min": -1.23853635788, "var": 3.47222614288}, "spectral_rms": {"dmean": 0.00129799311981, "dmean2": 0.00196081749164, "dvar": 1.8747929289e-06, "dvar2": 4.29911369793e-06, "max": 0.0151291796938, "mean": 0.00696224300191, "median": 0.00685883499682, "min": 3.24777162629e-12, "var": 6.70455710861e-06}, "spectral_rolloff": {"dmean": 572.041381836, "dmean2": 953.058105469, "dvar": 785143.8125, "dvar2": 1784487.5, "max": 19466.015625, "mean": 1257.39489746, "median": 990.52734375, "min": 64.599609375, "var": 2707446.5}, "spectral_skewness": {"dmean": 0.164288058877, "dmean2": 0.267582893372, "dvar": 0.0274404920638, "dvar2": 0.0686731860042, "max": 3.65043568611, "mean": 1.05507791042, "median": 1.01961398125, "min": -0.226979658008, "var": 0.132760316133}, "spectral_spread": {"dmean": 553821.1875, "dmean2": 672385.75, "dvar": 673953349632, "dvar2": 802355871744, "max": 42580876, "mean": 4608278.5, "median": 4375279.5, "min": 1963759, "var": 2281653927940.0}, "spectral_strongpeak": {"dmean": 0.416561365128, "dmean2": 0.729168951511, "dvar": 0.692253351212, "dvar2": 1.85847866535, "max": 8.28396129608, "mean": 0.697066247463, "median": 0.493283897638, "min": 0, "var": 0.708450853825}, "zerocrossingrate": {"dmean": 0.0121557218954, "dmean2": 0.0143216103315, "dvar": 0.000166212295881, "dvar2": 0.000195733242435, "max": 0.58837890625, "mean": 0.0567931905389, "median": 0.052734375, "min": 0.0029296875, "var": 0.00178929138929}, "barkbands": {"dmean": [0.000621476909146, 0.0178407039493, 0.00531956134364, 0.00147997541353, 0.000535419327207, 0.000103841128293, 0.000195500571863, 0.000534437422175, 0.000934338837396, 0.00138368818443, 0.000714458466973, 0.000410853390349, 0.000354947085725, 0.000227230266319, 0.000245296570938, 0.000513390579727, 0.000276556704193, 0.000148910869029, 0.000286738009891, 0.000368760171114, 0.000325956963934, 0.000211609629332, 0.000218398796278, 0.000154541819938, 7.38150192774e-05, 2.02994961001e-05, 6.233840395e-06], "dmean2": [0.000999372452497, 0.027447219938, 0.00870142318308, 0.00232549710199, 0.000880684703588, 0.000171842635609, 0.000291472155368, 0.000758793903515, 0.00134865520522, 0.00188607722521, 0.00115364196245, 0.000671359244734, 0.000559790350962, 0.000346904300386, 0.000382905564038, 0.000869893410709, 0.000482305302285, 0.000241704241489, 0.000471074250527, 0.000610359420534, 0.000534520950168, 0.000342606304912, 0.0003503007174, 0.000236039777519, 0.000112373883894, 3.21676125168e-05, 1.08517033368e-05], "dvar": [7.60983596138e-07, 0.000656333984807, 8.48717463668e-05, 7.09758251105e-06, 1.12532336516e-06, 2.28478018727e-08, 2.85167828906e-07, 1.90219009255e-06, 4.08241521654e-06, 1.01351461126e-05, 3.1235424558e-06, 7.21049502772e-07, 5.0326013934e-07, 2.41784249511e-07, 2.57701771034e-07, 9.81098651209e-07, 1.65822143572e-07, 1.06079866669e-07, 1.83007330179e-07, 2.99158955386e-07, 3.28131278593e-07, 2.05930049901e-07, 2.00692170438e-07, 7.68122632167e-08, 1.8098290866e-08, 7.70666641614e-09, 6.01441296766e-09], "dvar2": [1.7496917053e-06, 0.00157268403564, 0.000215466163354, 1.60054842127e-05, 2.93822154163e-06, 6.10058492612e-08, 5.59453326332e-07, 4.16703278461e-06, 9.32698640099e-06, 2.05500891752e-05, 8.47168576001e-06, 1.80927963811e-06, 1.28867850435e-06, 5.37671212442e-07, 5.96730217239e-07, 2.69074803327e-06, 4.77540538668e-07, 2.78394196584e-07, 4.80951882764e-07, 8.01103567483e-07, 8.62646004407e-07, 5.50693187051e-07, 5.23195012647e-07, 1.80908131142e-07, 4.6423568989e-08, 2.19296563131e-08, 1.7734073765e-08], "max": [0.00678997673094, 0.213041186333, 0.080948099494, 0.0292725432664, 0.0127178365365, 0.00274541066028, 0.0121047338471, 0.0215363800526, 0.0272901970893, 0.0348327159882, 0.0498683825135, 0.012752154842, 0.0118100466207, 0.00891141965985, 0.0116183366627, 0.00977436825633, 0.0063935816288, 0.00426389696077, 0.00558262644336, 0.00728656537831, 0.0076792803593, 0.00532711483538, 0.00439082924277, 0.00280511472374, 0.00248329062015, 0.00342192058451, 0.00284848432057], "mean": [0.000662400503643, 0.0289632715285, 0.00906037725508, 0.00297129992396, 0.000926340348087, 0.000238364053075, 0.000435426220065, 0.000967366911937, 0.0016559798969, 0.00283068558201, 0.00139048125129, 0.000726656522602, 0.000650679867249, 0.000535065541044, 0.000486356177134, 0.000670765817631, 0.000423568184488, 0.000203183037229, 0.000580711697694, 0.000743438315112, 0.000571222160943, 0.000262614019448, 0.000243111004238, 0.000206010561669, 0.000106036910438, 3.40133810823e-05, 1.13433789011e-05], "median": [0.000289691321086, 0.016607016325, 0.00666744448245, 0.00131229602266, 0.000506203738041, 0.000168925151229, 0.000210308600799, 0.000337153178407, 0.000639593461528, 0.00104575359728, 0.000394314934965, 0.000290982134175, 0.000270603050012, 0.000238422944676, 0.000262066954747, 0.000229865778238, 0.00024764839327, 9.09839291126e-05, 0.000449410988949, 0.00058448407799, 0.000383974984288, 8.31848301459e-05, 6.07559850323e-05, 6.75577030051e-05, 3.11737931042e-05, 4.89784542879e-06, 3.93843777147e-07], "min": [4.55965452859e-23, 4.71455746475e-23, 9.43261494756e-23, 2.9639807683e-23, 3.97049975687e-23, 1.75439052338e-23, 1.9405946714e-23, 6.19507614999e-23, 6.92887014641e-23, 2.80631808115e-23, 8.41568299505e-23, 1.23264527285e-22, 8.83139186617e-23, 8.02018095378e-23, 1.64394876603e-22, 1.46880081914e-22, 1.06306264499e-22, 2.06033807701e-22, 2.83939489269e-22, 3.01939149424e-22, 4.87582530935e-22, 4.41802345141e-22, 8.12129449404e-22, 6.87730199349e-22, 1.37548564225e-21, 1.92428988837e-21, 2.34081834179e-21], "var": [9.76264914243e-07, 0.00104433717206, 9.37631339184e-05, 1.90790779016e-05, 1.37845677273e-06, 5.6683600036e-08, 8.60980151174e-07, 3.49945958078e-06, 7.40927634979e-06, 2.45459832513e-05, 8.01511032478e-06, 1.39124927045e-06, 1.0497922176e-06, 5.70108227294e-07, 5.1753011121e-07, 1.19109233765e-06, 2.54796731269e-07, 1.11010848514e-07, 2.631802829e-07, 4.08593280099e-07, 4.10007146456e-07, 2.61669924839e-07, 2.05906800943e-07, 1.00641543099e-07, 3.29835820878e-08, 9.65374891138e-09, 4.5860648612e-09]}, "erbbands": {"dmean": [0.433957487345, 4.51174688339, 7.20836925507, 4.83646345139, 2.9670419693, 1.46162331104, 0.863662064075, 0.923555076122, 2.14949321747, 5.98058748245, 12.4901218414, 25.849822998, 34.5295982361, 33.674949646, 32.0874710083, 19.2624855042, 17.075756073, 13.5562620163, 11.2035245895, 20.075717926, 21.2286911011, 12.5753202438, 10.0698165894, 9.17040252686, 16.4180297852, 19.943769455, 14.4899139404, 10.8931970596, 6.08897972107, 7.12108564377, 6.21090698242, 4.83702802658, 1.98169434071, 0.950535178185, 0.396901667118, 0.122747182846, 0.0371854156256, 0.00954024773091, 0.000875165918842, 5.65677182749e-05], "dmean2": [0.656648337841, 6.95403146744, 11.6710252762, 7.44347381592, 4.75466775894, 2.42424654961, 1.40470087528, 1.52687501907, 3.08880019188, 9.11217212677, 17.5967082977, 36.4565696716, 48.1579933167, 45.4655990601, 51.4048156738, 30.9910011292, 26.8662281036, 20.6411819458, 16.9012546539, 33.5802459717, 36.1730651855, 21.8954658508, 16.3849143982, 14.8558654785, 27.2771205902, 33.1257591248, 23.3342189789, 18.0682964325, 9.70489406586, 11.3587713242, 10.069149971, 7.85084724426, 2.92177057266, 1.44713437557, 0.60733371973, 0.193920150399, 0.0577878169715, 0.0161546617746, 0.00151316530537, 9.3504335382e-05], "dvar": [0.326036840677, 45.5047531128, 151.837814331, 62.2215194702, 30.7069759369, 10.0528373718, 1.96384966373, 2.18609380722, 47.9767723083, 205.071762085, 1231.60632324, 3049.32470703, 8654.09277344, 8692.69140625, 5212.23291016, 1655.65661621, 1085.09802246, 702.49395752, 712.752380371, 1468.10717773, 1318.74707031, 400.304840088, 433.163787842, 223.069381714, 598.705688477, 806.576599121, 632.30078125, 414.049804688, 158.601867676, 246.312088013, 174.580230713, 75.045463562, 12.0145959854, 2.99486804008, 0.633542597294, 0.123294197023, 0.0452260561287, 0.010410701856, 9.43801424e-05, 1.17695122981e-07], "dvar2": [0.710179686546, 112.268280029, 358.746887207, 138.292572021, 75.7557296753, 26.3867931366, 5.05673360825, 5.63990402222, 87.5681686401, 478.593322754, 2641.61450195, 6914.33105469, 18718.1464844, 16590.0703125, 13894.9111328, 4129.04296875, 2782.74316406, 1609.73205566, 1522.48217773, 4148.3828125, 3583.3203125, 1106.49438477, 1131.40283203, 596.123840332, 1569.57739258, 2156.1953125, 1661.06152344, 1100.72924805, 417.189300537, 606.678100586, 476.542327881, 178.403915405, 29.562669754, 7.86161327362, 1.56565856934, 0.3390378654, 0.127845302224, 0.0307193398476, 0.00027759821387, 3.37317459298e-07], "max": [5.57595062256, 56.4398460388, 101.264221191, 92.1219863892, 70.4715042114, 43.2578659058, 25.0349617004, 29.6701183319, 186.776489258, 197.105026245, 589.828796387, 769.94152832, 1420.61279297, 1279.68249512, 1787.91455078, 642.289428711, 546.573181152, 459.173431396, 686.719116211, 658.536132812, 351.862823486, 222.80039978, 243.240921021, 249.126495361, 279.292297363, 384.675720215, 364.215667725, 222.168121338, 133.742507935, 199.174880981, 142.143081665, 93.1885528564, 32.2940292358, 19.4947986603, 22.9933261871, 12.3315944672, 8.26848220825, 3.75771975517, 0.358884334564, 0.0124551551417], "mean": [0.722004473209, 6.82075214386, 11.8812103271, 10.911318779, 5.52563762665, 2.53306794167, 2.15833520889, 1.85484075546, 5.40318870544, 11.7835655212, 22.9849815369, 48.3535118103, 64.4007263184, 72.0172424316, 64.7356719971, 37.9257316589, 33.257232666, 32.5637588501, 25.779542923, 30.2270259857, 30.0086307526, 18.8055877686, 13.7897605896, 19.1219348907, 31.4311580658, 42.0956878662, 28.0929088593, 16.9682121277, 8.05336284637, 8.38368034363, 6.71496248245, 6.03860330582, 2.65576934814, 1.29976928234, 0.595822095871, 0.182463541627, 0.0634037330747, 0.0161650143564, 0.0015919751022, 0.000167052217876], "median": [0.331332743168, 3.66944885254, 8.51315402985, 6.23914337158, 3.35734248161, 1.24866247177, 0.937784612179, 1.26021075249, 2.75367450714, 4.24690341949, 9.28987121582, 20.5940895081, 34.205329895, 19.5538101196, 24.0977783203, 18.2972106934, 16.7023181915, 18.4271430969, 12.6876926422, 16.7514781952, 17.0110244751, 11.9032649994, 6.66380882263, 12.8097648621, 24.4148139954, 33.4277801514, 20.2404689789, 9.51920509338, 2.99961400032, 2.06066083908, 1.7095233202, 1.81607532501, 0.816710829735, 0.38813957572, 0.171943753958, 0.0371557027102, 0.00777893140912, 0.00108605145942, 0.000108492968138, 7.3479495768e-05], "min": [1.2854899668e-21, 1.2675335236e-20, 1.01242247623e-19, 9.20649630703e-20, 1.47598502513e-19, 1.17009725353e-19, 1.04098734923e-19, 1.78965087944e-19, 3.40183145092e-19, 4.99352030294e-19, 1.55319538183e-18, 1.18558628805e-18, 1.43109959431e-18, 1.5045620215e-18, 4.09611650248e-18, 5.08990245734e-18, 4.48417836069e-18, 3.35895237252e-18, 8.95057151104e-18, 8.92372536426e-18, 4.80945472887e-18, 6.65807973443e-18, 1.13497220238e-17, 1.33599967326e-17, 1.38956449829e-17, 1.26967277487e-17, 1.94505896214e-17, 1.91726552812e-17, 1.6460665888e-17, 2.14863638269e-17, 2.05902013144e-17, 1.60184021929e-17, 1.29980853623e-17, 1.36822356936e-17, 1.08955659531e-17, 6.05029347651e-18, 4.25992183841e-18, 1.57055211262e-18, 3.2251451551e-19, 3.07556026881e-20], "var": [0.714627563953, 62.5274658203, 171.457809448, 160.558486938, 42.3961524963, 13.6006355286, 8.23341751099, 4.20139074326, 167.984176636, 394.037750244, 2295.7890625, 5709.20068359, 13725.1962891, 23435.1875, 11565.8613281, 3372.72119141, 2258.82202148, 1542.20593262, 1640.47021484, 1690.68200684, 1467.51623535, 458.41583252, 441.845123291, 415.347351074, 818.282592773, 1216.47216797, 796.227722168, 499.489257812, 202.387939453, 331.03314209, 162.897399902, 90.3947677612, 16.7380619049, 4.56148195267, 1.42672753334, 0.204647108912, 0.0461130999029, 0.00767642259598, 7.32823027647e-05, 2.05476027304e-07]}, "gfcc": {"mean": [10.7108888626, 87.3308258057, -126.745475769, 46.9910087585, -44.4786911011, 30.4007434845, -3.44876885414, 17.897195816, -19.8921871185, 1.40558111668, -15.361038208, -13.5914793015, -5.12968301773], "cov": [[17166.8183594, 839.398193359, 1137.98327637, 2452.22460938, 278.530548096, 922.967163086, -180.917816162, 635.124145508, -136.663467407, -75.0698852539, -455.861724854, -571.931884766, -478.554595947], [839.398193359, 1806.06652832, -505.059692383, 629.377807617, 335.986175537, -284.332763672, 439.447540283, -136.100799561, 170.937850952, -50.2940559387, 188.062698364, -234.491668701, 211.143707275], [1137.98327637, -505.059692383, 777.403198242, 203.757278442, 140.323776245, 329.556640625, -66.8461837769, 246.278579712, -49.2743492126, 56.0843276978, -50.6951065063, -5.89789581299, -133.533950806], [2452.22460938, 629.377807617, 203.757278442, 806.497802734, 205.911376953, 148.651489258, 127.160682678, 101.678146362, 57.2837524414, -11.0869150162, 23.5345592499, -178.688171387, -28.9098033905], [278.530548096, 335.986175537, 140.323776245, 205.911376953, 335.418548584, -4.13592624664, 180.248901367, 38.0756072998, 57.9082374573, 41.0953216553, 49.6885375977, -50.4972229004, 22.2260570526], [922.967163086, -284.332763672, 329.556640625, 148.651489258, -4.13592624664, 363.670288086, -54.8292579651, 165.748703003, -29.7337779999, -10.6096687317, -25.1900253296, 0.863651633263, -58.6557655334], [-180.917816162, 439.447540283, -66.8461837769, 127.160682678, 180.248901367, -54.8292579651, 269.963226318, -5.64694690704, 80.1694869995, 5.61694145203, 68.7882843018, -27.1086788177, 67.841835022], [635.124145508, -136.100799561, 246.278579712, 101.678146362, 38.0756072998, 165.748703003, -5.64694690704, 196.075286865, 17.1818218231, 32.0365982056, -12.6219921112, -33.6178245544, -45.7446975708], [-136.663467407, 170.937850952, -49.2743492126, 57.2837524414, 57.9082374573, -29.7337779999, 80.1694869995, 17.1818218231, 135.605545044, 42.1755638123, 37.1667671204, -30.8203544617, 7.02968406677], [-75.0698852539, -50.2940559387, 56.0843276978, -11.0869150162, 41.0953216553, -10.6096687317, 5.61694145203, 32.0365982056, 42.1755638123, 94.7926101685, 27.482339859, -0.484778523445, -23.6559047699], [-455.861724854, 188.062698364, -50.6951065063, 23.5345592499, 49.6885375977, -25.1900253296, 68.7882843018, -12.6219921112, 37.1667671204, 27.482339859, 123.225112915, 10.5518331528, 47.4662895203], [-571.931884766, -234.491668701, -5.89789581299, -178.688171387, -50.4972229004, 0.863651633263, -27.1086788177, -33.6178245544, -30.8203544617, -0.484778523445, 10.5518331528, 133.160476685, 22.6640968323], [-478.554595947, 211.143707275, -133.533950806, -28.9098033905, 22.2260570526, -58.6557655334, 67.841835022, -45.7446975708, 7.02968406677, -23.6559047699, 47.4662895203, 22.6640968323, 132.617721558]], "icov": [[0.000169108447153, -0.000208589437534, 4.51588384749e-05, -0.00043650882435, 3.46940978488e-05, -0.000168174083228, 0.000237274187384, -0.000290803116513, 0.000284106412437, -0.000255035352893, 0.00070502323797, -0.000282144639641, 0.000326087349094], [-0.000208589437534, 0.00426738662645, 0.00191860180348, -0.00187219656073, -0.00138229690492, 0.00157261837739, -0.00242743571289, 0.000604165659752, -0.000446650403319, 0.00200392212719, -0.00345035921782, 0.00395324686542, -0.00270530255511], [4.51588384749e-05, 0.00191860180348, 0.00499049667269, -0.00170598784462, -0.00298011302948, -0.0010132387979, 7.53907297621e-05, -0.00266908435151, 0.00172782875597, -0.000451667758171, -0.000447919650469, 1.31887663883e-05, 0.000839371059556], [-0.00043650882435, -0.00187219656073, -0.00170598784462, 0.0049934219569, 6.44574902253e-05, -0.00139585055877, 0.000184663731488, 0.00120667624287, -0.00100380845834, 0.00054267514497, -0.000918378762435, 0.00155532220379, 0.000682869169395], [3.46940978488e-05, -0.00138229690492, -0.00298011302948, 6.44574902253e-05, 0.00752701982856, 0.000525274313986, -0.00349230854772, 0.00104428222403, 0.000148114108015, -0.0026630256325, 0.000795496045612, 9.00567029021e-05, -0.000326086650603], [-0.000168174083228, 0.00157261837739, -0.0010132387979, -0.00139585055877, 0.000525274313986, 0.00726522319019, -0.000428777333582, -0.00358857167885, -0.000404291175073, 0.00365879246965, -0.00240643275902, -0.000480726681417, -0.000710820255335], [0.000237274187384, -0.00242743571289, 7.53907297621e-05, 0.000184663731488, -0.00349230854772, -0.000428777333582, 0.0100952191278, -0.00180263363291, -0.00246488419361, 0.00122001464479, 0.000806958239991, -0.00336986570619, 8.2060265413e-05], [-0.000290803116513, 0.000604165659752, -0.00266908435151, 0.00120667624287, 0.00104428222403, -0.00358857167885, -0.00180263363291, 0.0129003049806, -0.0022961802315, -0.00248459470458, -0.000640513317194, 0.00442016776651, -0.00167365255766], [0.000284106412437, -0.000446650403319, 0.00172782875597, -0.00100380845834, 0.000148114108015, -0.000404291175073, -0.00246488419361, -0.0022961802315, 0.0126064820215, -0.0056810406968, 0.000434512767242, 0.000737820169888, 0.00155931990594], [-0.000255035352893, 0.00200392212719, -0.000451667758171, 0.00054267514497, -0.0026630256325, 0.00365879246965, 0.00122001464479, -0.00248459470458, -0.0056810406968, 0.0191413257271, -0.00686250533909, 0.000653977505863, 0.00219609914348], [0.00070502323797, -0.00345035921782, -0.000447919650469, -0.000918378762435, 0.000795496045612, -0.00240643275902, 0.000806958239991, -0.000640513317194, 0.000434512767242, -0.00686250533909, 0.0168102048337, -0.00509400945157, -0.000838399399072], [-0.000282144639641, 0.00395324686542, 1.31887663883e-05, 0.00155532220379, 9.00567029021e-05, -0.000480726681417, -0.00336986570619, 0.00442016776651, 0.000737820169888, 0.000653977505863, -0.00509400945157, 0.0172394476831, -0.00498440535739], [0.000326087349094, -0.00270530255511, 0.000839371059556, 0.000682869169395, -0.000326086650603, -0.000710820255335, 8.2060265413e-05, -0.00167365255766, 0.00155931990594, 0.00219609914348, -0.000838399399072, -0.00498440535739, 0.0146003291011]]}, "melbands": {"dmean": [0.00441277259961, 0.00444052694365, 0.000774420972448, 0.00015268617426, 3.13379896397e-05, 1.98609523068e-05, 3.45024491253e-05, 7.35491339583e-05, 0.000106082217826, 0.0001632165513, 0.000171289007994, 0.000144246601849, 0.000101501616882, 6.07131732977e-05, 4.14802634623e-05, 3.37255332852e-05, 2.65513044724e-05, 1.65647652466e-05, 1.56922396854e-05, 4.44365214207e-05, 2.08514502447e-05, 1.39106768984e-05, 1.23695326693e-05, 7.19393392501e-06, 7.56091776566e-06, 1.33684416141e-05, 9.29825819185e-06, 1.52179418365e-05, 8.53524124977e-06, 1.14338408821e-05, 4.84542260892e-06, 4.02997966376e-06, 3.66511085304e-06, 3.73108673557e-06, 4.10424308939e-06, 3.23792005474e-06, 3.48009120898e-06, 1.42388114455e-06, 1.13356702514e-06, 6.90346837473e-07], "dmean2": [0.00675785774365, 0.00700177624822, 0.00117967138067, 0.000247104500886, 5.13280356245e-05, 3.31195551553e-05, 4.99367997691e-05, 0.000110844259325, 0.000150160733028, 0.000229979967116, 0.000238554755924, 0.00019292847719, 0.000164004755788, 9.75791917881e-05, 6.73765243846e-05, 5.19510540471e-05, 4.05121318181e-05, 2.49145086855e-05, 2.55169634329e-05, 7.4926581874e-05, 3.59439509339e-05, 2.43995000346e-05, 2.07646116905e-05, 1.16994551718e-05, 1.22900728456e-05, 2.22881772061e-05, 1.56600144692e-05, 2.52589088632e-05, 1.38998666444e-05, 1.91229846678e-05, 8.08620916359e-06, 6.4667656261e-06, 5.89983392274e-06, 5.96431527811e-06, 6.76796798871e-06, 5.19891909789e-06, 5.53077370569e-06, 2.11858423427e-06, 1.74486012838e-06, 1.07239759473e-06], "dvar": [3.62898063031e-05, 4.85456330352e-05, 1.49433549268e-06, 8.7672397342e-08, 2.78227862971e-09, 1.05592223854e-09, 1.1405206557e-08, 3.00778921769e-08, 8.04495243756e-08, 1.23393462559e-07, 2.11300744013e-07, 1.70174885739e-07, 7.05926126443e-08, 1.18818750394e-08, 5.62270008331e-09, 5.25761700843e-09, 3.29913318886e-09, 1.5265458897e-09, 9.99347049557e-10, 7.02345026582e-09, 1.09282016769e-09, 4.8874332359e-10, 5.45672118601e-10, 2.38057989987e-10, 1.60478449973e-10, 4.14627415735e-10, 1.99690208813e-10, 4.64421778812e-10, 2.14252449116e-10, 3.96419064241e-10, 9.17561027158e-11, 7.26482554669e-11, 5.86540885306e-11, 7.0763631066e-11, 8.59702170564e-11, 3.48759320035e-11, 3.80753900631e-11, 6.14483420744e-12, 4.74872701925e-12, 1.54408972587e-12], "dvar2": [8.27464755275e-05, 0.000112648696813, 3.29132535626e-06, 2.25425367262e-07, 7.36118099809e-09, 2.820585987e-09, 2.09233004256e-08, 7.10722289909e-08, 1.75685940462e-07, 2.80465343394e-07, 4.56385663483e-07, 3.20533871445e-07, 1.92976870039e-07, 3.03749452257e-08, 1.40110945068e-08, 1.35058435546e-08, 7.45028572169e-09, 3.24588045331e-09, 2.62197885625e-09, 1.93636005008e-08, 3.00730929048e-09, 1.38505218406e-09, 1.46984879823e-09, 6.27749408011e-10, 4.31547880764e-10, 1.09366726786e-09, 5.17667964051e-10, 1.24124377443e-09, 5.63855961921e-10, 1.05393471728e-09, 2.48431164529e-10, 1.92679053268e-10, 1.53676765757e-10, 1.70651687226e-10, 2.40345549019e-10, 9.13664977009e-11, 8.98425153717e-11, 1.50113827618e-11, 1.24878744498e-11, 4.02059158536e-12], "max": [0.0466741994023, 0.055907163769, 0.0132952779531, 0.00365769304335, 0.0007105586119, 0.000595864607021, 0.00284797674976, 0.00239472254179, 0.00460617896169, 0.00529951462522, 0.00705363135785, 0.00565979583189, 0.00790781993419, 0.00136789423414, 0.00101927819196, 0.00153110071551, 0.00104203762021, 0.000987341394648, 0.000500689435285, 0.000889888906386, 0.000324993598042, 0.000355901924195, 0.00028206591378, 0.000258857588051, 0.000213122475543, 0.000232896098169, 0.000209537087358, 0.000294941826724, 0.00020560840494, 0.000221239373786, 9.89781547105e-05, 9.49029126787e-05, 0.000109024607809, 0.000100326447864, 0.000108451895358, 4.98238405271e-05, 7.38222734071e-05, 2.28597709793e-05, 2.71674798569e-05, 1.56702571985e-05], "mean": [0.00749629735947, 0.00746571226045, 0.00175326922908, 0.000268610165222, 7.26199068595e-05, 3.98794363718e-05, 8.40181164676e-05, 0.000142056291224, 0.000195026426809, 0.000298137078062, 0.000316148827551, 0.000295360514428, 0.000202216702746, 0.000116866292956, 7.54430730012e-05, 6.23789528618e-05, 6.22675142949e-05, 3.83688566217e-05, 2.6615234674e-05, 6.21573708486e-05, 2.90542902803e-05, 2.11025144381e-05, 1.58263283083e-05, 1.03667671283e-05, 1.49834067997e-05, 2.37977401412e-05, 1.78439422598e-05, 3.14361641358e-05, 1.632540625e-05, 1.78782247531e-05, 6.8761246439e-06, 5.0210351219e-06, 4.31319494965e-06, 4.24818836109e-06, 4.16702005168e-06, 3.40216729455e-06, 4.10564325648e-06, 1.83834799827e-06, 1.43116892559e-06, 9.49394006966e-07], "median": [0.00400958023965, 0.00524066807702, 0.0010902954964, 0.000149608560605, 3.57176031685e-05, 2.87102466245e-05, 4.23440578743e-05, 5.03998708155e-05, 6.80884550093e-05, 0.000123095320305, 0.000160176277859, 6.75753035466e-05, 6.0606696934e-05, 6.00493949605e-05, 3.5964701965e-05, 2.59479511442e-05, 2.81200591417e-05, 1.99379464902e-05, 1.46443035192e-05, 2.7004036383e-05, 1.74749911821e-05, 1.17815070553e-05, 6.75325418342e-06, 5.24383358425e-06, 9.38840094022e-06, 1.71305873664e-05, 1.38452678584e-05, 2.35197221627e-05, 1.16486589832e-05, 1.06460611278e-05, 3.32168838213e-06, 1.6789260826e-06, 1.22386904877e-06, 9.6473195299e-07, 9.14445081435e-07, 8.06466687209e-07, 1.21266452879e-06, 5.27158931618e-07, 4.2998269123e-07, 2.94797473543e-07], "min": [1.49279414979e-23, 4.04045026214e-23, 1.97314954101e-23, 8.74688813937e-24, 4.25394229217e-24, 3.93949641889e-24, 4.75043911857e-24, 7.86700057429e-24, 1.23373380624e-23, 8.00117240364e-24, 7.0867027542e-24, 5.26348782448e-24, 1.35269434629e-23, 1.35348210279e-23, 1.40520960561e-23, 5.85622331474e-24, 6.54566684109e-24, 1.37394815234e-23, 1.07373285648e-23, 1.43574514908e-23, 3.14212153513e-24, 6.01546041048e-24, 6.99536370543e-24, 1.27890737377e-23, 1.02162433384e-23, 1.20244813494e-23, 7.73044401844e-24, 8.54121080213e-24, 1.16264268698e-23, 1.30611021657e-23, 9.57046050214e-24, 8.62997737549e-24, 1.0162129058e-23, 1.24532856271e-23, 9.64628186805e-24, 1.41804563472e-23, 8.40423141683e-24, 8.77464736576e-24, 9.82159516018e-24, 1.12991592458e-23], "var": [6.97208452038e-05, 6.00730527367e-05, 3.45010221281e-06, 1.13753863218e-07, 8.00651545063e-09, 1.7295275212e-09, 3.92106258573e-08, 5.48563861003e-08, 1.52442865442e-07, 2.23756899231e-07, 3.40578992564e-07, 4.60539496316e-07, 1.77854303729e-07, 2.26267822256e-08, 1.04348290009e-08, 1.06160813473e-08, 7.66536345509e-09, 3.57985796562e-09, 1.45342449187e-09, 9.09501274293e-09, 1.25178656329e-09, 7.23387738599e-10, 5.84550907679e-10, 2.61979965499e-10, 3.33136879194e-10, 5.5148774436e-10, 2.61033666904e-10, 7.74902531031e-10, 2.72371319943e-10, 4.7483261767e-10, 1.06561294511e-10, 8.7869843346e-11, 7.6467138177e-11, 9.31482321831e-11, 7.33971772249e-11, 3.6636617351e-11, 4.51346425512e-11, 8.54725578509e-12, 5.81981771802e-12, 2.58517035903e-12]}, "mfcc": {"mean": [-623.981018066, 107.780273438, -7.67639827728, 31.6409626007, -4.05822563171, 17.4080524445, 26.3320064545, 14.1833057404, 16.9235439301, 17.841999054, -4.23438978195, 6.42482423782, 0.264073908329], "cov": [[10045.0595703, 185.02243042, 904.209289551, 798.294677734, 594.515563965, 446.556854248, 391.87286377, 423.92767334, 302.625671387, 459.40020752, 72.2075805664, 144.603622437, -56.6077156067], [185.02243042, 1203.57507324, -476.666687012, 548.315429688, -95.4939041138, 69.6203231812, 192.924957275, -52.5430526733, 114.173423767, 87.0469894409, 11.7648792267, 66.3797149658, -3.99054670334], [904.209289551, -476.666687012, 609.738647461, -62.5544166565, 238.163970947, 60.2406959534, 71.5735931396, 145.290924072, 13.3909835815, 97.4657669067, 19.5463237762, 44.4235649109, 19.8529872894], [798.294677734, 548.315429688, -62.5544166565, 570.206481934, 85.7752532959, 114.120628357, 155.407424927, 15.6379842758, 101.427886963, 119.848419189, 56.8718605042, 90.4179763794, 1.54029035568], [594.515563965, -95.4939041138, 238.163970947, 85.7752532959, 237.846389771, 67.0967941284, 91.5015182495, 65.8905639648, 27.3669338226, 87.7539520264, 31.3584289551, 46.0491256714, -3.86908459663], [446.556854248, 69.6203231812, 60.2406959534, 114.120628357, 67.0967941284, 150.573745728, 73.7201461792, 61.240978241, 30.1991271973, 30.4540481567, 17.3495597839, 16.3333644867, 17.5524597168], [391.87286377, 192.924957275, 71.5735931396, 155.407424927, 91.5015182495, 73.7201461792, 198.911468506, 74.0925827026, 56.2884559631, 65.3389892578, 3.84388923645, 46.3176345825, 7.02716016769], [423.92767334, -52.5430526733, 145.290924072, 15.6379842758, 65.8905639648, 61.240978241, 74.0925827026, 149.367050171, 49.2489280701, 34.5465431213, -5.33034229279, 21.9312381744, 22.689496994], [302.625671387, 114.173423767, 13.3909835815, 101.427886963, 27.3669338226, 30.1991271973, 56.2884559631, 49.2489280701, 111.081771851, 61.7564849854, 16.2011604309, 20.4357681274, 8.04341411591], [459.40020752, 87.0469894409, 97.4657669067, 119.848419189, 87.7539520264, 30.4540481567, 65.3389892578, 34.5465431213, 61.7564849854, 154.924331665, 45.3220863342, 55.5473937988, -11.3065252304], [72.2075805664, 11.7648792267, 19.5463237762, 56.8718605042, 31.3584289551, 17.3495597839, 3.84388923645, -5.33034229279, 16.2011604309, 45.3220863342, 106.447898865, 48.9425048828, 2.14903569221], [144.603622437, 66.3797149658, 44.4235649109, 90.4179763794, 46.0491256714, 16.3333644867, 46.3176345825, 21.9312381744, 20.4357681274, 55.5473937988, 48.9425048828, 128.9478302, 35.0631713867], [-56.6077156067, -3.99054670334, 19.8529872894, 1.54029035568, -3.86908459663, 17.5524597168, 7.02716016769, 22.689496994, 8.04341411591, -11.3065252304, 2.14903569221, 35.0631713867, 89.5180587769]], "icov": [[0.00015311028983, -3.33390198648e-05, -0.000194571883185, -0.000157712507644, -5.06887590745e-05, -0.000213373976294, 0.000147656173795, -0.000166774145328, -0.000108907304821, -0.000128122570459, 0.000113919675641, 1.98280667973e-05, 0.000194628766621], [-3.33390198648e-05, 0.00356436474249, 0.00266580819152, -0.00227027130313, 0.00107324833516, 9.56813528319e-05, -0.00263251364231, 0.000307611422613, -8.9734159701e-05, -0.00161818193737, 0.000908944464754, -0.000145831014379, -0.000419050338678], [-0.000194571883185, 0.00266580819152, 0.00594878476113, -0.000644319690764, -0.00239875819534, 0.000556649116334, -0.00162756093778, -0.00223474227823, 0.00132805958856, -0.00251921266317, 0.000539527041838, 1.96196069737e-05, -0.00128920644056], [-0.000157712507644, -0.00227027130313, -0.000644319690764, 0.0050523718819, -0.00119673588779, -0.00172893411946, 9.28838126129e-05, 0.00147739029489, -0.00151066482067, 0.000219174631638, -0.000798924651463, -0.00128682260402, 0.000447183643701], [-5.06887590745e-05, 0.00107324833516, -0.00239875819534, -0.00119673588779, 0.00976568739861, -0.00155663804617, -0.00276351487264, 0.000817706866655, 0.000734009256121, -0.00210354966111, -0.000428453087807, -0.0006513124099, 0.00123911059927], [-0.000213373976294, 9.56813528319e-05, 0.000556649116334, -0.00172893411946, -0.00155663804617, 0.0110746370628, -0.00172642397229, -0.00342017132789, 0.00135228794534, 0.000782686227467, -0.00212815171108, 0.00247483910061, -0.00240164645948], [0.000147656173795, -0.00263251364231, -0.00162756093778, 9.28838126129e-05, -0.00276351487264, -0.00172642397229, 0.0113381296396, -0.00309366593137, -0.00106935366057, 0.000410113105318, 0.00168283481617, -0.0016260141274, 0.00119290698785], [-0.000166774145328, 0.000307611422613, -0.00223474227823, 0.00147739029489, 0.000817706866655, -0.00342017132789, -0.00309366593137, 0.0138053130358, -0.0052486169152, 0.000965409737546, 0.00183271698188, -0.00131111207884, -0.00110879074782], [-0.000108907304821, -8.9734159701e-05, 0.00132805958856, -0.00151066482067, 0.000734009256121, 0.00135228794534, -0.00106935366057, -0.0052486169152, 0.0157767832279, -0.00532676931471, -0.00124036287889, 0.00247410451993, -0.00219023996033], [-0.000128122570459, -0.00161818193737, -0.00251921266317, 0.000219174631638, -0.00210354966111, 0.000782686227467, 0.000410113105318, 0.000965409737546, -0.00532676931471, 0.0140787838027, -0.00269224587828, -0.00309575884603, 0.00341454078443], [0.000113919675641, 0.000908944464754, 0.000539527041838, -0.000798924651463, -0.000428453087807, -0.00212815171108, 0.00168283481617, 0.00183271698188, -0.00124036287889, -0.00269224587828, 0.0135778794065, -0.00482302159071, 0.0011433531763], [1.98280667973e-05, -0.000145831014379, 1.96196069737e-05, -0.00128682260402, -0.0006513124099, 0.00247483910061, -0.0016260141274, -0.00131111207884, 0.00247410451993, -0.00309575884603, -0.00482302159071, 0.0138166034594, -0.0059389504604], [0.000194628766621, -0.000419050338678, -0.00128920644056, 0.000447183643701, 0.00123911059927, -0.00240164645948, 0.00119290698785, -0.00110879074782, -0.00219023996033, 0.00341454078443, 0.0011433531763, -0.0059389504604, 0.0151922432706]]}, "spectral_contrast_coeffs": {"dmean": [0.0461225770414, 0.0427277460694, 0.0446900092065, 0.0380377285182, 0.0273977015167, 0.0220187585801], "dmean2": [0.0741490870714, 0.0684211775661, 0.0719169229269, 0.0612995028496, 0.044454690069, 0.0337404534221], "dvar": [0.00169759127311, 0.00147116254084, 0.00160713959485, 0.00117669056635, 0.000553115736693, 0.000562091474421], "dvar2": [0.00414280733094, 0.0036118121352, 0.00396267836913, 0.00275818840601, 0.00137933087535, 0.00118016509805], "max": [-0.393309295177, -0.478375732899, -0.457203269005, -0.498199492693, -0.626539766788, -0.441739678383], "mean": [-0.639811456203, -0.723403394222, -0.674296617508, -0.69823384285, -0.740585684776, -0.701898574829], "median": [-0.637303352356, -0.721889793873, -0.672110676765, -0.700740873814, -0.732907831669, -0.708131670952], "min": [-0.958442986012, -0.966729879379, -0.964319646358, -0.960170030594, -0.961712300777, -0.961051940918], "var": [0.00485715409741, 0.00455900048837, 0.00529230665416, 0.00459100026637, 0.00236156885512, 0.00370336766355]}, "spectral_contrast_valleys": {"dmean": [0.355657160282, 0.416574239731, 0.433393746614, 0.485736608505, 0.367340505123, 0.527282714844], "dmean2": [0.560460269451, 0.672677576542, 0.703912734985, 0.740924537182, 0.54667365551, 0.622079074383], "dvar": [0.178491070867, 0.202503591776, 0.221960797906, 0.283461034298, 0.202860668302, 0.411416172981], "dvar2": [0.316634654999, 0.419729858637, 0.472604513168, 0.571735322475, 0.3844807446, 0.711175322533], "max": [-5.42568492889, -5.2163438797, -5.18754053116, -5.89033222198, -5.37702226639, -7.94717931747