{"lowlevel": {"average_loudness": 0.83829587698, "barkbands_crest": {"dmean": 2.45063352585, "dmean2": 3.84213590622, "dvar": 6.17948436737, "dvar2": 14.2345228195, "max": 26.1676311493, "mean": 13.0088977814, "median": 12.3141231537, "min": 2.63428378105, "var": 23.3911437988}, "barkbands_flatness_db": {"dmean": 0.0299381799996, "dmean2": 0.0402976572514, "dvar": 0.00130074622575, "dvar2": 0.00213122740388, "max": 0.533391773701, "mean": 0.200318142772, "median": 0.177626207471, "min": 0.0237913448364, "var": 0.0109193697572}, "barkbands_kurtosis": {"dmean": 8.8890504837, "dmean2": 12.9391050339, "dvar": 429.087585449, "dvar2": 831.548400879, "max": 609.28314209, "mean": 18.5385055542, "median": 8.87383270264, "min": -1.93357813358, "var": 1132.39941406}, "barkbands_skewness": {"dmean": 0.788252651691, "dmean2": 1.13740837574, "dvar": 1.12037801743, "dvar2": 2.15265059471, "max": 19.875667572, "mean": 2.80035018921, "median": 2.4548535347, "min": -5.38248300552, "var": 5.01374530792}, "barkbands_spread": {"dmean": 4.51493883133, "dmean2": 6.63961172104, "dvar": 56.9628410339, "dvar2": 112.553092957, "max": 108.499656677, "mean": 13.0593805313, "median": 8.54393959045, "min": 0.169261038303, "var": 169.117706299}, "dissonance": {"dmean": 0.0217134356499, "dmean2": 0.0351492650807, "dvar": 0.00062902411446, "dvar2": 0.00153966562357, "max": 0.500000119209, "mean": 0.444455295801, "median": 0.463471055031, "min": 0.133843749762, "var": 0.00326031097211}, "dynamic_complexity": 4.41641378403, "erbbands_crest": {"dmean": 2.40492773056, "dmean2": 3.77991914749, "dvar": 7.38439750671, "dvar2": 15.3034610748, "max": 30.4222602844, "mean": 11.8153581619, "median": 11.3938388824, "min": 2.48614311218, "var": 32.4029350281}, "erbbands_flatness_db": {"dmean": 0.0264650154859, "dmean2": 0.0331894531846, "dvar": 0.00108009704854, "dvar2": 0.00174257543404, "max": 0.505632638931, "mean": 0.189581170678, "median": 0.158919617534, "min": 0.056071985513, "var": 0.00871529709548}, "erbbands_kurtosis": {"dmean": 3.45124816895, "dmean2": 4.97645378113, "dvar": 56.4209480286, "dvar2": 105.700912476, "max": 140.492279053, "mean": 5.86825847626, "median": 0.528335571289, "min": -1.85109591484, "var": 171.094482422}, "erbbands_skewness": {"dmean": 0.549554407597, "dmean2": 0.779220283031, "dvar": 0.518050193787, "dvar2": 0.91199529171, "max": 9.20835018158, "mean": 1.55540859699, "median": 1.17734742165, "min": -3.51722550392, "var": 2.63949251175}, "erbbands_spread": {"dmean": 9.19343185425, "dmean2": 13.4556159973, "dvar": 153.968444824, "dvar2": 295.054443359, "max": 143.40196228, "mean": 38.051486969, "median": 38.1538963318, "min": 0.977394461632, "var": 593.940246582}, "hfc": {"dmean": 4.07367134094, "dmean2": 5.83848285675, "dvar": 72.0419158936, "dvar2": 162.514007568, "max": 89.9863433838, "mean": 8.47675323486, "median": 5.07774829865, "min": 1.07773871553e-16, "var": 112.649215698}, "melbands_crest": {"dmean": 2.54749703407, "dmean2": 4.07224416733, "dvar": 6.48154211044, "dvar2": 15.7697982788, "max": 32.3803634644, "mean": 14.804807663, "median": 14.3813114166, "min": 1.00206911564, "var": 23.4562683105}, "melbands_flatness_db": {"dmean": 0.0327705182135, "dmean2": 0.044174388051, "dvar": 0.00156106147915, "dvar2": 0.00264003174379, "max": 0.615956664085, "mean": 0.272389858961, "median": 0.258490204811, "min": 2.02773705382e-07, "var": 0.0133336503059}, "melbands_kurtosis": {"dmean": 14.1787910461, "dmean2": 21.1892795563, "dvar": 595.575439453, "dvar2": 1249.71472168, "max": 486.344268799, "mean": 34.4035682678, "median": 20.4888553619, "min": -1.91914665699, "var": 1756.35534668}, "melbands_skewness": {"dmean": 0.918663561344, "dmean2": 1.3555970192, "dvar": 1.20363664627, "dvar2": 2.45906186104, "max": 15.4708108902, "mean": 3.70289945602, "median": 3.41249966621, "min": -4.05896091461, "var": 5.3580532074}, "melbands_spread": {"dmean": 4.7656993866, "dmean2": 7.12916660309, "dvar": 148.658843994, "dvar2": 320.232421875, "max": 282.628356934, "mean": 13.3872365952, "median": 6.56333637238, "min": 0.362668454647, "var": 541.52734375}, "pitch_salience": {"dmean": 0.0666114091873, "dmean2": 0.107319571078, "dvar": 0.00502187712118, "dvar2": 0.0121238762513, "max": 0.996054470539, "mean": 0.534809887409, "median": 0.534598469734, "min": 0.116200044751, "var": 0.0164798460901}, "silence_rate_20dB": {"dmean": 0, "dmean2": 0, "dvar": 0, "dvar2": 0, "max": 1, "mean": 1, "median": 1, "min": 1, "var": 0}, "silence_rate_30dB": {"dmean": 0.00132608402055, "dmean2": 0.0026525198482, "dvar": 0.0013243209105, "dvar2": 0.00397170940414, "max": 1, "mean": 0.999337017536, "median": 1, "min": 0, "var": 0.000662532518618}, "silence_rate_60dB": {"dmean": 0.0578172653913, "dmean2": 0.115649864078, "dvar": 0.054479919374, "dvar2": 0.121899060905, "max": 1, "mean": 0.155529037118, "median": 0, "min": 0, "var": 0.131332337856}, "spectral_centroid": {"dmean": 189.826339722, "dmean2": 277.23828125, "dvar": 113824.765625, "dvar2": 206476.953125, "max": 11771.7724609, "mean": 959.394042969, "median": 570.587402344, "min": 190.161590576, "var": 2075362.75}, "spectral_complexity": {"dmean": 2.72351145744, "dmean2": 3.89761281013, "dvar": 18.3804073334, "dvar2": 32.5359153748, "max": 49, "mean": 9.59400653839, "median": 7, "min": 0, "var": 71.037902832}, "spectral_decrease": {"dmean": 2.24902274581e-09, "dmean2": 3.22830073785e-09, "dvar": 1.58071650799e-17, "dvar2": 3.6315280299e-17, "max": 2.9125727808e-28, "mean": -4.53251125521e-09, "median": -3.07578273961e-09, "min": -3.96984347617e-08, "var": 2.47238213586e-17}, "spectral_energy": {"dmean": 0.00883152056485, "dmean2": 0.012662681751, "dvar": 0.000246317533311, "dvar2": 0.000565095862839, "max": 0.157619193196, "mean": 0.0178755931556, "median": 0.0121837016195, "min": 1.00753353185e-20, "var": 0.000385478691896}, "spectral_energyband_high": {"dmean": 0.000152631328092, "dmean2": 0.000224833347602, "dvar": 9.8034199425e-08, "dvar2": 2.23592948601e-07, "max": 0.00400642398745, "mean": 0.00029348404496, "median": 9.64176651905e-05, "min": 7.02436202404e-21, "var": 1.92467695115e-07}, "spectral_energyband_low": {"dmean": 0.00314141786657, "dmean2": 0.00474906293675, "dvar": 4.14162714151e-05, "dvar2": 0.000102055244497, "max": 0.083541162312, "mean": 0.00481967860833, "median": 0.00214464683086, "min": 1.56614212121e-23, "var": 5.28518939973e-05}, "spectral_energyband_middle_high": {"dmean": 0.000698161369655, "dmean2": 0.00105837045703, "dvar": 3.33609068548e-06, "dvar2": 8.08040931588e-06, "max": 0.0205142814666, "mean": 0.0011323398212, "median": 0.000345787819242, "min": 1.11191421339e-21, "var": 4.60179262518e-06}, "spectral_energyband_middle_low": {"dmean": 0.00618314743042, "dmean2": 0.00908331573009, "dvar": 0.000162148775416, "dvar2": 0.000372075679479, "max": 0.133858531713, "mean": 0.0124209113419, "median": 0.00750934146345, "min": 1.72569722257e-22, "var": 0.000240245193709}, "spectral_entropy": {"dmean": 0.272587954998, "dmean2": 0.359658569098, "dvar": 0.146538689733, "dvar2": 0.247144296765, "max": 9.82773780823, "mean": 7.04809141159, "median": 7.34760284424, "min": 4.10907840729, "var": 1.07776629925}, "spectral_flux": {"dmean": 0.0279767364264, "dmean2": 0.0428863987327, "dvar": 0.00155000179075, "dvar2": 0.00343723478727, "max": 0.345439314842, "mean": 0.0592074543238, "median": 0.042236097157, "min": 6.16759213146e-11, "var": 0.00289632729255}, "spectral_kurtosis": {"dmean": 4.8743057251, "dmean2": 7.54385995865, "dvar": 126.011154175, "dvar2": 312.092376709, "max": 299.207427979, "mean": 13.2380199432, "median": 3.75484848022, "min": -1.28154754639, "var": 971.007385254}, "spectral_rms": {"dmean": 0.000887866539415, "dmean2": 0.00119798141532, "dvar": 1.54658630436e-06, "dvar2": 3.23928816215e-06, "max": 0.0124005973339, "mean": 0.00363010796718, "median": 0.00344768585637, "min": 3.1352186472e-12, "var": 4.26195992986e-06}, "spectral_rolloff": {"dmean": 328.87701416, "dmean2": 538.349060059, "dvar": 931862.125, "dvar2": 1880543.875, "max": 19767.4804688, "mean": 1123.69775391, "median": 387.59765625, "min": 64.599609375, "var": 7107277}, "spectral_skewness": {"dmean": 0.425299823284, "dmean2": 0.628495573997, "dvar": 0.40840703249, "dvar2": 0.932513773441, "max": 14.3711776733, "mean": 2.24858641624, "median": 1.64993619919, "min": -0.0857687667012, "var": 3.48393297195}, "spectral_spread": {"dmean": 804135.4375, "dmean2": 1085961, "dvar": 1303535943680.0, "dvar2": 2390443163650.0, "max": 42565444, "mean": 5307512, "median": 4882053.5, "min": 293218.25, "var": 23956622934000.0}, "spectral_strongpeak": {"dmean": 0.289392471313, "dmean2": 0.472494125366, "dvar": 0.134507775307, "dvar2": 0.322274923325, "max": 4.21341133118, "mean": 0.687140107155, "median": 0.532184243202, "min": 0, "var": 0.339833289385}, "zerocrossingrate": {"dmean": 0.0102826552466, "dmean2": 0.0118899075314, "dvar": 0.000288482464384, "dvar2": 0.00039438958629, "max": 0.5263671875, "mean": 0.051445953548, "median": 0.03515625, "min": 0.00390625, "var": 0.00497208721936}, "barkbands": {"dmean": [9.36308933888e-05, 0.00140806834679, 0.00168893788941, 0.00142039475031, 0.00201495643705, 0.00295584229752, 0.000678593409248, 0.000291996198939, 0.000151376138092, 0.000145907979459, 5.375263936e-05, 6.97509094607e-05, 0.000105015504232, 0.000131278968183, 0.000117227522423, 9.80199620244e-05, 6.17227269686e-05, 5.08962657477e-05, 5.25507675775e-05, 4.39328687207e-05, 3.3571246604e-05, 2.53590587818e-05, 2.60426186287e-05, 2.77439121419e-05, 3.04188397422e-05, 1.62420747074e-05, 2.27136342801e-06], "dmean2": [0.00014892956824, 0.0019815498963, 0.00294841313735, 0.00241930922493, 0.00297784805298, 0.00464228261262, 0.00106477504596, 0.000519038410857, 0.000251113524428, 0.000238720545894, 8.86793786776e-05, 0.000112407127745, 0.000174334621988, 0.000214663872612, 0.000192733597942, 0.00015801047266, 9.91460401565e-05, 8.08124459581e-05, 8.35254468257e-05, 7.14284833521e-05, 5.27277043147e-05, 3.93083828385e-05, 3.86677675124e-05, 4.29411738878e-05, 4.9417358241e-05, 2.67275645456e-05, 3.76696857529e-06], "dvar": [3.88418293085e-08, 6.04706701779e-06, 2.04783209483e-05, 1.13784408313e-05, 2.33007031056e-05, 4.82603863929e-05, 3.70271914107e-06, 1.50188839143e-06, 1.89087089097e-07, 1.89825257735e-07, 2.57781724855e-08, 4.20794137312e-08, 7.51929576381e-08, 1.21365047789e-07, 1.3641579244e-07, 8.80433361772e-08, 2.79057310593e-08, 1.76630443605e-08, 1.62361821765e-08, 1.11561950789e-08, 4.09574818505e-09, 2.77125433712e-09, 2.24206231358e-09, 4.21978629817e-09, 6.72980160488e-09, 2.2085642204e-09, 4.4621185219e-11], "dvar2": [9.33904971134e-08, 1.32942323035e-05, 5.76237252972e-05, 3.07944574161e-05, 4.9741800467e-05, 0.000124576705275, 9.22038179851e-06, 4.29227793575e-06, 4.88307421165e-07, 4.84813938328e-07, 6.54564829006e-08, 1.04694699132e-07, 1.94702835188e-07, 3.06535270056e-07, 3.58386586186e-07, 2.23660066467e-07, 7.02020983567e-08, 4.52156214692e-08, 4.11851921456e-08, 2.89506125739e-08, 1.02928803258e-08, 6.71452138334e-09, 5.04364150444e-09, 1.05876996059e-08, 1.71435665663e-08, 5.68536639989e-09, 1.16883974721e-10], "max": [0.00213447585702, 0.0331041142344, 0.0620532929897, 0.0399668626487, 0.0568925216794, 0.0963794961572, 0.0299812480807, 0.0192966777831, 0.00952284689993, 0.00541580375284, 0.00310023361817, 0.003658430418, 0.00392808858305, 0.00587007030845, 0.00653200829402, 0.0057638543658, 0.00366052892059, 0.00247149309143, 0.00251659378409, 0.00194790493697, 0.000924903724808, 0.000808237178717, 0.00061008206103, 0.00151940109208, 0.00108699919656, 0.000649574911222, 7.86771415733e-05], "mean": [8.56486149132e-05, 0.00223886291496, 0.00176188012119, 0.00137569336221, 0.00292821694165, 0.00652296328917, 0.000953908485826, 0.00029822671786, 0.000235546584008, 0.000165427656611, 6.35101096123e-05, 9.16970602702e-05, 0.00013514677994, 0.000171298859641, 0.000138149305712, 0.00012289499864, 8.68433562573e-05, 7.51033076085e-05, 8.77054771991e-05, 7.824649947e-05, 6.59745855955e-05, 5.01496142533e-05, 4.68154466944e-05, 4.46205885964e-05, 3.41006780218e-05, 1.49085526573e-05, 2.0366537683e-06], "median": [7.90470585343e-06, 0.000876234320458, 0.000408972904552, 0.000373687915271, 0.00111324875616, 0.00387722020969, 0.000339745602105, 6.92565663485e-05, 7.80773116276e-05, 2.92604272545e-05, 1.22002511489e-05, 1.23668196466e-05, 3.46062661265e-05, 4.04926977353e-05, 2.61720560957e-05, 2.83782628685e-05, 2.27353120863e-05, 1.70410166902e-05, 2.50262637564e-05, 1.90074497368e-05, 1.952051025e-05, 1.50632304212e-05, 1.59694100148e-05, 1.56230726134e-05, 8.38987216412e-06, 1.98875432034e-06, 1.78691692554e-07], "min": [1.50607499784e-25, 3.25021382016e-24, 1.1207923735e-24, 4.03882657933e-25, 7.28048959101e-24, 4.44156339214e-24, 5.49010902432e-24, 3.61387554203e-24, 6.56720866026e-24, 1.12275772184e-23, 1.59644684398e-23, 1.35694188895e-23, 1.87302905041e-23, 2.87283325496e-23, 4.44875930243e-23, 3.32436303761e-23, 6.37553029087e-23, 8.06721157877e-23, 1.26316901496e-22, 1.16185592444e-22, 2.41290689994e-22, 3.46995072555e-22, 3.5515797801e-22, 5.36432635205e-22, 9.46689227918e-22, 1.2437539995e-21, 1.89862891207e-21], "var": [3.83024385542e-08, 1.03290021798e-05, 1.63604072441e-05, 8.79401068232e-06, 3.07022637571e-05, 7.29711755412e-05, 4.14661599279e-06, 1.04569960513e-06, 2.22921300974e-07, 1.92842719571e-07, 2.7495564936e-08, 5.10062072578e-08, 8.76754384649e-08, 1.35878735819e-07, 1.24885119135e-07, 9.36826864972e-08, 3.31630580774e-08, 2.28992380613e-08, 2.61232901977e-08, 2.34409895938e-08, 9.54788337282e-09, 6.42230979508e-09, 4.70388616947e-09, 5.40709255148e-09, 5.85536774622e-09, 1.74776493278e-09, 3.49300102731e-11]}, "erbbands": {"dmean": [0.0437930524349, 0.341210961342, 1.38681578636, 3.83471417427, 7.4150967598, 4.77958679199, 10.9582624435, 29.1648006439, 14.4133377075, 10.7718219757, 3.606310606, 3.87551474571, 5.49755573273, 2.40386748314, 2.10508704185, 2.89912962914, 4.74522304535, 6.14481115341, 5.67424345016, 6.42707681656, 4.7568116188, 3.51559686661, 2.4771835804, 2.64865660667, 3.04284238815, 2.06917524338, 1.55933642387, 1.19008553028, 0.95724517107, 0.769793331623, 0.76251244545, 0.636454582214, 0.442761063576, 0.321280688047, 0.229651644826, 0.105899631977, 0.0210628062487, 0.00381329562515, 0.000369294924894, 2.47585321631e-05], "dmean2": [0.0668812915683, 0.485353499651, 2.30483102798, 6.46049070358, 11.404706955, 7.31206989288, 17.0394706726, 46.416343689, 22.466594696, 18.6516914368, 6.12012147903, 6.45583343506, 8.91185569763, 3.91852998734, 3.49517798424, 4.67343044281, 7.74809408188, 10.0552368164, 9.10845184326, 10.5651397705, 7.51225185394, 5.60655879974, 3.87993001938, 4.10762214661, 4.91917943954, 3.39926695824, 2.51388239861, 1.84156954288, 1.49648249149, 1.17217862606, 1.14391613007, 0.97251778841, 0.695011913776, 0.513381958008, 0.380447208881, 0.174465030432, 0.0349485576153, 0.00636190734804, 0.000606022484135, 3.75813215214e-05], "dvar": [0.0071683563292, 0.358355909586, 11.8658390045, 71.0049285889, 410.069213867, 113.869056702, 442.082946777, 5563.40917969, 1510.16784668, 2543.96362305, 111.218612671, 139.020187378, 254.291503906, 45.5756149292, 36.7707672119, 71.4873123169, 145.701263428, 270.283325195, 267.027587891, 364.432556152, 206.049606323, 99.4039077759, 43.7442779541, 45.942199707, 48.0227432251, 26.0802135468, 11.2844743729, 4.8893828392, 4.28756952286, 1.91234302521, 1.90291118622, 1.92446267605, 1.16453969479, 0.671358942986, 0.432384908199, 0.0912804305553, 0.00446369824931, 0.000132247922011, 1.19774711038e-06, 3.10344749899e-09], "dvar2": [0.0171675477177, 0.775243222713, 31.9963703156, 183.140899658, 914.209899902, 256.414428711, 1071.82873535, 14556.3349609, 3794.11914062, 7116.76757812, 302.945159912, 367.658508301, 636.260986328, 115.801010132, 97.2289123535, 178.315002441, 369.5519104, 687.458435059, 665.347839355, 966.055664062, 519.84576416, 248.957229614, 108.82396698, 112.851676941, 125.753990173, 69.6970825195, 29.859085083, 12.1860122681, 10.437871933, 4.51608371735, 4.25502586365, 4.75837659836, 2.90693378448, 1.66783487797, 1.12576627731, 0.234882026911, 0.011896668002, 0.000346466666088, 3.12868655783e-06, 7.40075956074e-09], "max": [0.813906908035, 8.90968513489, 51.6742858887, 75.7322921753, 239.244506836, 161.496734619, 271.019927979, 1159.65722656, 816.046264648, 756.937805176, 163.942703247, 285.381988525, 220.121185303, 69.837387085, 131.083740234, 135.889465332, 188.60824585, 242.447219849, 280.799194336, 270.524169922, 292.140991211, 219.920013428, 106.097831726, 161.865844727, 124.241859436, 104.192939758, 48.2709503174, 37.8200683594, 34.3654289246, 25.0081729889, 17.899684906, 27.6886844635, 21.289686203, 10.8412218094, 9.16692447662, 4.0478720665, 1.44506144524, 0.168868467212, 0.0151352761313, 0.000588603841607], "mean": [0.0561269447207, 0.5339807868, 1.74173724651, 3.91713929176, 7.62916946411, 7.90902376175, 28.3698863983, 57.7472915649, 22.9442596436, 10.3725404739, 4.83520030975, 6.13535785675, 6.48822116852, 2.85328602791, 2.69484019279, 3.91090631485, 6.5832824707, 8.13220977783, 7.33461952209, 7.7359418869, 6.37308883667, 4.90739631653, 3.75399327278, 4.32931661606, 5.02649974823, 3.61194205284, 2.77347159386, 2.42879509926, 1.84108114243, 1.51422071457, 1.33862400055, 1.04741978645, 0.651371240616, 0.402431190014, 0.227788433433, 0.0976570621133, 0.0193080194294, 0.0034275916405, 0.000348016270436, 3.55050979124e-05], "median": [0.0157840885222, 0.220193535089, 0.539816856384, 1.07414293289, 1.09831285477, 3.32657718658, 18.5155029297, 32.5569038391, 8.98865127563, 2.69007396698, 1.50246357918, 1.94553828239, 1.29248380661, 0.625712871552, 0.618943750858, 0.68230009079, 1.72253751755, 1.76235556602, 1.55556356907, 1.68782329559, 1.56830835342, 1.23382282257, 0.872430443764, 1.18144392967, 1.32926893234, 0.945986747742, 0.743384540081, 0.695048809052, 0.552544295788, 0.539974808693, 0.43659260869, 0.399313688278, 0.196610033512, 0.109890379012, 0.0470564290881, 0.014388570562, 0.00260638585314, 0.000358781486284, 4.10884458688e-05, 1.86026227311e-05], "min": [6.18090000398e-23, 6.75892489497e-22, 2.02146361745e-21, 3.98198163365e-21, 1.78706797566e-20, 2.10438657554e-20, 3.73724950578e-20, 4.05348194643e-20, 1.47620901014e-19, 2.26368908919e-19, 2.02473909919e-19, 2.70955417351e-19, 4.3520505267e-19, 6.24191214016e-19, 8.61672803326e-19, 1.26084504133e-18, 1.61872814547e-18, 1.87203214894e-18, 2.89775864918e-18, 3.37219036425e-18, 3.89134173799e-18, 3.96747130567e-18, 4.48359561195e-18, 6.20751900426e-18, 7.55212425102e-18, 6.57223038096e-18, 1.02258011198e-17, 9.83590540219e-18, 1.06004518988e-17, 1.14835871439e-17, 1.02827070101e-17, 1.11427250386e-17, 9.11757762235e-18, 8.50485930003e-18, 5.58285991621e-18, 4.14516334972e-18, 2.06689377417e-18, 9.88274243643e-19, 2.60446552958e-19, 2.71821792107e-20], "var": [0.00869927927852, 0.618042647839, 11.2082605362, 61.817691803, 455.3878479, 165.421875, 1015.50811768, 7397.43798828, 1927.82128906, 1687.40344238, 111.60269165, 161.276794434, 276.527160645, 47.0843315125, 38.595287323, 86.5145721436, 189.618911743, 309.909332275, 288.417694092, 343.817810059, 227.897247314, 114.538658142, 55.3260383606, 75.2025527954, 83.1492919922, 44.7997207642, 20.2039833069, 13.0442171097, 9.19398593903, 4.52044916153, 4.1568031311, 2.82596039772, 1.3217716217, 0.653204739094, 0.343433260918, 0.0719884410501, 0.00329671404324, 0.000102561229141, 9.47585874655e-07, 3.23325721752e-09]}, "gfcc": {"mean": [-106.084701538, 101.914863586, -92.7925262451, 30.4019432068, -65.8440246582, -3.92010831833, -53.1927604675, -6.47717189789, -18.2254981995, 6.59042263031, -3.65328025818, 0.896493554115, -0.858592450619], "cov": [[35183.890625, -711.578918457, -1547.36450195, 2872.76928711, -661.696533203, 1070.82043457, -1103.21594238, 602.619934082, -872.257751465, 544.749145508, -543.782531738, 93.4093170166, -845.920837402], [-711.578918457, 2838.41455078, -373.876953125, -617.026184082, 183.833007812, -444.014221191, 45.3203544617, -358.560180664, 299.418273926, -231.914291382, 257.715759277, -229.911346436, 248.570251465], [-1547.36450195, -373.876953125, 1184.73547363, 367.62197876, 247.732498169, 297.908874512, 209.762115479, 170.372360229, 14.1176776886, 138.96685791, -33.9360809326, 62.3648109436, -73.2525177002], [2872.76928711, -617.026184082, 367.62197876, 1143.25244141, 205.628341675, 475.751678467, 123.096977234, 273.495025635, -48.0958213806, 152.819366455, -46.8648109436, 10.0742330551, -183.625717163], [-661.696533203, 183.833007812, 247.732498169, 205.628341675, 427.818237305, 195.093383789, 188.554412842, 80.4318771362, 73.1209487915, -13.3028640747, -19.486082077, -69.5627670288, -68.5332641602], [1070.82043457, -444.014221191, 297.908874512, 475.751678467, 195.093383789, 422.577209473, 124.15020752, 201.429092407, -47.7628936768, 70.0412139893, -121.13067627, -6.20507669449, -141.748016357], [-1103.21594238, 45.3203544617, 209.762115479, 123.096977234, 188.554412842, 124.15020752, 236.995635986, 81.2595443726, 53.1469230652, -20.3614807129, -21.2716636658, -39.1128082275, -29.2995700836], [602.619934082, -358.560180664, 170.372360229, 273.495025635, 80.4318771362, 201.429092407, 81.2595443726, 183.008773804, -21.9427947998, 51.6985359192, -72.9464569092, 11.8950576782, -85.5388183594], [-872.257751465, 299.418273926, 14.1176776886, -48.0958213806, 73.1209487915, -47.7628936768, 53.1469230652, -21.9427947998, 116.749893188, -13.4371557236, 57.768787384, -26.8607769012, 53.4043388367], [544.749145508, -231.914291382, 138.96685791, 152.819366455, -13.3028640747, 70.0412139893, -20.3614807129, 51.6985359192, -13.4371557236, 100.723182678, 13.1917037964, 44.7175598145, -25.5337181091], [-543.782531738, 257.715759277, -33.9360809326, -46.8648109436, -19.486082077, -121.13067627, -21.2716636658, -72.9464569092, 57.768787384, 13.1917037964, 143.25553894, 20.6946105957, 70.2377853394], [93.4093170166, -229.911346436, 62.3648109436, 10.0742330551, -69.5627670288, -6.20507669449, -39.1128082275, 11.8950576782, -26.8607769012, 44.7175598145, 20.6946105957, 89.5078125, 14.8928117752], [-845.920837402, 248.570251465, -73.2525177002, -183.625717163, -68.5332641602, -141.748016357, -29.2995700836, -85.5388183594, 53.4043388367, -25.5337181091, 70.2377853394, 14.8928117752, 122.059661865]], "icov": [[0.000132298227982, -0.00030680661439, 0.000259094085777, -0.000396823423216, 0.000102987185528, 2.58238032984e-05, 0.000488695804961, -0.000209791804082, 0.000534597784281, -0.000666396343149, 0.000680671771988, -0.000477897032397, 0.000451613741461], [-0.00030680661439, 0.00160185713321, -0.000657209660858, 0.00105661409907, -0.000503777700942, -0.000150402338477, -0.000868751434609, 0.0010570398299, -0.00205146614462, 0.00236146245152, -0.00270872982219, 0.00293654808775, -0.00152658065781], [0.000259094085777, -0.000657209660858, 0.00199270108715, -0.000754485547077, -0.000374957337044, -0.00017759684124, -0.000323197455145, -7.33663473511e-05, 0.00128443574067, -0.00351451872848, 0.00198426051065, -0.00209212116897, 0.000465357356006], [-0.000396823423216, 0.00105661409907, -0.000754485547077, 0.00346429040655, -0.000192599050933, -0.00225047627464, -0.00127145182341, -0.000761534727644, -0.00114486797247, 0.00110620958731, -0.00470605352893, 0.00279624410905, -0.00060435658088], [0.000102987185528, -0.000503777700942, -0.000374957337044, -0.000192599050933, 0.00577499484643, -0.00246188556775, -0.00128906150348, 0.00068899220787, -0.00287647824734, 0.00139414030127, -0.000892921118066, 0.000562326633371, 0.0037772108335], [2.58238032984e-05, -0.000150402338477, -0.00017759684124, -0.00225047627464, -0.00246188556775, 0.0100330887362, -0.00108048913535, -0.0027569453232, 0.00177583878394, -0.00295552075841, 0.0055586528033, -0.000729641178623, 0.000565931142773], [0.000488695804961, -0.000868751434609, -0.000323197455145, -0.00127145182341, -0.00128906150348, -0.00108048913535, 0.0114260874689, -0.00454568397254, -0.000848057854455, 0.00308215687983, 0.000656785094179, -9.87837574939e-06, 0.00126699148677], [-0.000209791804082, 0.0010570398299, -7.33663473511e-05, -0.000761534727644, 0.00068899220787, -0.0027569453232, -0.00454568397254, 0.0176792144775, -0.00538788037375, -0.00220439652912, 0.00420287484303, -0.00299529638141, 0.00353048578836], [0.000534597784281, -0.00205146614462, 0.00128443574067, -0.00114486797247, -0.00287647824734, 0.00177583878394, -0.000848057854455, -0.00538788037375, 0.0236701276153, -0.00708597013727, -0.00167503789999, 0.0039952294901, -0.00796315167099], [-0.000666396343149, 0.00236146245152, -0.00351451872848, 0.00110620958731, 0.00139414030127, -0.00295552075841, 0.00308215687983, -0.00220439652912, -0.00708597013727, 0.0282343495637, -0.010633956641, -0.00252027413808, 0.00210644910112], [0.000680671771988, -0.00270872982219, 0.00198426051065, -0.00470605352893, -0.000892921118066, 0.0055586528033, 0.000656785094179, 0.00420287484303, -0.00167503789999, -0.010633956641, 0.0234242957085, -0.00964146852493, -0.000392945861677], [-0.000477897032397, 0.00293654808775, -0.00209212116897, 0.00279624410905, 0.000562326633371, -0.000729641178623, -9.87837574939e-06, -0.00299529638141, 0.0039952294901, -0.00252027413808, -0.00964146852493, 0.0273275673389, -0.00903563480824], [0.000451613741461, -0.00152658065781, 0.000465357356006, -0.00060435658088, 0.0037772108335, 0.000565931142773, 0.00126699148677, 0.00353048578836, -0.00796315167099, 0.00210644910112, -0.000392945861677, -0.00903563480824, 0.0246111061424]]}, "melbands": {"dmean": [0.000374605966499, 0.000623938569333, 0.000769375474192, 0.000451760657597, 0.000339085177984, 0.000622764520813, 0.000206083917874, 0.000107532076072, 2.4854505682e-05, 2.33508890233e-05, 2.71768549283e-05, 9.6995563581e-06, 7.21094647815e-06, 7.13260578777e-06, 1.08342155727e-05, 9.23510469875e-06, 1.26794511743e-05, 9.72191173787e-06, 8.54843256093e-06, 7.84858912084e-06, 5.27544216311e-06, 3.64034053746e-06, 3.07624577545e-06, 2.32733304983e-06, 2.18598506763e-06, 2.31827607422e-06, 2.11520637095e-06, 1.36278868013e-06, 1.03383058558e-06, 8.78469393228e-07, 7.28118266125e-07, 6.13269605765e-07, 4.63801882233e-07, 4.51591859019e-07, 4.54937065797e-07, 4.7555687388e-07, 3.59033208497e-07, 3.21018347904e-07, 3.0191850442e-07, 2.74313720183e-07], "dmean2": [0.00053826108342, 0.000963668280747, 0.00125696649775, 0.000685563136358, 0.000520243076608, 0.000983433099464, 0.000321989384247, 0.00018837954849, 4.17414594267e-05, 3.88956432289e-05, 4.42405580543e-05, 1.61049702001e-05, 1.19120868476e-05, 1.1855017874e-05, 1.75713284989e-05, 1.52107895701e-05, 2.09577519854e-05, 1.56708283612e-05, 1.41940063259e-05, 1.27204884848e-05, 8.47552837513e-06, 5.89377486904e-06, 4.90653746965e-06, 3.74586534235e-06, 3.41684994964e-06, 3.76135699298e-06, 3.46769070347e-06, 2.29688771469e-06, 1.70048758719e-06, 1.38680013606e-06, 1.1466614751e-06, 9.90189278127e-07, 7.28385145976e-07, 6.94906532317e-07, 6.90746958298e-07, 7.33982972179e-07, 5.58648594051e-07, 5.06465084982e-07, 4.7942916126e-07, 4.45522289283e-07], "dvar": [4.58298842432e-07, 1.90354001006e-06, 2.72568945547e-06, 1.36579160426e-06, 4.15449932234e-07, 2.4150151603e-06, 3.02770928329e-07, 2.62760806891e-07, 4.17730561253e-09, 5.01812102982e-09, 6.25013774069e-09, 7.58599461026e-10, 4.45905562474e-10, 5.2016135843e-10, 9.14313014189e-10, 5.44497114063e-10, 1.18995602261e-09, 7.30645599578e-10, 8.06687106003e-10, 5.2371845749e-10, 2.58473853432e-10, 1.02792843681e-10, 6.66958641093e-11, 3.92090804269e-11, 3.25456432637e-11, 3.49033857372e-11, 2.24673109978e-11, 1.24522926692e-11, 5.42086297725e-12, 2.52536750192e-12, 1.80505155094e-12, 2.1436355295e-12, 7.53741090809e-13, 6.72082235784e-13, 6.82446558032e-13, 1.08206922155e-12, 5.92651795694e-13, 5.03547886981e-13, 6.68772329182e-13, 5.34336680805e-13], "dvar2": [1.03843876786e-06, 4.88097020934e-06, 6.91494369676e-06, 2.97484348266e-06, 9.81542143563e-07, 6.30160639048e-06, 7.54012035031e-07, 7.41012684102e-07, 1.10904156969e-08, 1.31834179129e-08, 1.57097321818e-08, 1.95746308052e-09, 1.15515641497e-09, 1.38402578287e-09, 2.35273733828e-09, 1.36580602383e-09, 3.05379854737e-09, 1.83131354525e-09, 2.16519646656e-09, 1.34892275128e-09, 6.66126875881e-10, 2.577070779e-10, 1.66569286142e-10, 1.0176854498e-10, 8.02881511275e-11, 9.1003579672e-11, 6.01780153486e-11, 3.4382763997e-11, 1.44251771986e-11, 6.36544419605e-12, 4.74145635948e-12, 5.23528703028e-12, 1.86090119009e-12, 1.63873222717e-12, 1.54430288002e-12, 2.61462206053e-12, 1.49790032808e-12, 1.26482060502e-12, 1.67102985095e-12, 1.37335986767e-12], "max": [0.00724467355758, 0.0201043896377, 0.0170672591776, 0.0137796895579, 0.00860482361168, 0.0227205865085, 0.0111889131367, 0.00763766048476, 0.00111719465349, 0.00170794758014, 0.00108694378287, 0.000307197333314, 0.000471725594252, 0.000455246918136, 0.000399679149268, 0.000401156605221, 0.000529082957655, 0.000462254392914, 0.000497071072459, 0.000342548533808, 0.00031621006201, 0.000205249947612, 0.000155294837896, 0.00011446235294, 0.000141005046316, 0.000120997727208, 6.03178195888e-05, 7.23681296222e-05, 3.08351009153e-05, 2.1117633878e-05, 2.21101072384e-05, 2.64662739937e-05, 1.03369529825e-05, 1.68856076925e-05, 1.3730761566e-05, 2.09780955629e-05, 1.5886806068e-05, 1.13001078716e-05, 2.13337771129e-05, 1.05683566289e-05], "mean": [0.00056713342201, 0.000878160586581, 0.000794244289864, 0.000532020581886, 0.000911276438273, 0.00128622923512, 0.000310285890009, 9.98818868538e-05, 3.71353962692e-05, 3.60626727343e-05, 3.12843949359e-05, 1.10372320705e-05, 8.86759062269e-06, 8.8970446086e-06, 1.43119541463e-05, 1.25166552607e-05, 1.60563831741e-05, 1.22935825857e-05, 9.94057791104e-06, 9.54520146479e-06, 6.86106932335e-06, 4.890170203e-06, 4.25386178904e-06, 3.37865890288e-06, 3.43489045918e-06, 3.62262653653e-06, 3.40777501151e-06, 2.14729834624e-06, 1.68871815731e-06, 1.61686716638e-06, 1.36742949053e-06, 1.0736182503e-06, 8.98607424915e-07, 8.1195258872e-07, 7.67502228882e-07, 7.52617097532e-07, 5.77303069349e-07, 4.74118877491e-07, 3.93680352317e-07, 3.20273358057e-07], "median": [0.00020223192405, 0.000355502357706, 0.0002000281238, 0.000125997859868, 0.000595173449256, 0.000739481532946, 0.000110953580588, 2.1453754016e-05, 1.21665489132e-05, 1.14761951409e-05, 5.77540959057e-06, 2.34904337049e-06, 1.91581057152e-06, 1.6165447505e-06, 2.78717789115e-06, 3.43165265804e-06, 3.24974826071e-06, 2.68388339464e-06, 1.87064654256e-06, 2.1809687496e-06, 1.61086472872e-06, 1.14520435091e-06, 9.9524243069e-07, 7.77845116318e-07, 8.96340793588e-07, 9.84411599347e-07, 8.02864803973e-07, 5.27929046257e-07, 4.25109163871e-07, 4.33226432506e-07, 3.86833988841e-07, 3.08113556002e-07, 2.85780004106e-07, 2.84793088667e-07, 2.35439898688e-07, 2.69457871127e-07, 2.15657621538e-07, 1.38471193623e-07, 1.06003042788e-07, 8.52970032383e-08], "min": [9.91919027036e-25, 8.82655086345e-25, 7.4173820044e-25, 1.74546972928e-24, 9.97894451178e-25, 8.24750625142e-25, 2.00853768344e-24, 1.6158579104e-24, 1.67257957328e-24, 1.55585083906e-24, 1.99160596741e-24, 2.38563804526e-24, 2.20256847549e-24, 1.84220813652e-24, 2.38178879847e-24, 3.8139618276e-24, 2.94868869965e-24, 3.09423846705e-24, 3.67190060034e-24, 3.32979608043e-24, 3.45443886447e-24, 3.51408976511e-24, 3.85963095755e-24, 3.45452721689e-24, 4.33190659872e-24, 4.50624367548e-24, 5.13434025025e-24, 3.47906710193e-24, 5.28398085308e-24, 4.80092542764e-24, 4.90920210891e-24, 4.77501765779e-24, 6.1130870751e-24, 4.9397408867e-24, 4.56220901797e-24, 5.45003252375e-24, 5.65423035236e-24, 5.08099589811e-24, 6.13241613943e-24, 6.84656560604e-24], "var": [6.94599862072e-07, 2.14380997932e-06, 2.49619938586e-06, 1.60793069881e-06, 1.03391437278e-06, 3.30896568812e-06, 3.81290277573e-07, 1.72651823505e-07, 4.85501150393e-09, 5.69393021621e-09, 6.69602506775e-09, 7.37796213013e-10, 4.71344241415e-10, 5.08788344789e-10, 1.07974851282e-09, 6.91314838708e-10, 1.3123054865e-09, 7.85648879287e-10, 6.95349555713e-10, 5.39797262444e-10, 2.73667921658e-10, 1.19902587858e-10, 7.73802688592e-11, 4.89392450176e-11, 5.17217553508e-11, 4.97828965551e-11, 4.31149005387e-11, 1.75195639246e-11, 8.53618304514e-12, 6.02931246596e-12, 4.22820676041e-12, 3.9749171836e-12, 1.67975399215e-12, 1.33359794562e-12, 1.45363983437e-12, 1.64001960883e-12, 8.17864222527e-13, 6.35760216174e-13, 6.53478410707e-13, 4.70686965966e-13]}, "mfcc": {"mean": [-737.504272461, 124.384963989, 23.0750751495, 25.9750232697, 6.55713748932, -0.956443607807, -15.8255138397, -15.5575141907, -14.3088064194, -1.08098959923, -4.93683242798, -2.29148721695, -1.4202221632], "cov": [[15843.328125, -439.52835083, -115.336906433, 1233.60876465, 688.549865723, 690.12677002, 510.402862549, 384.223052979, 137.00843811, 91.9220275879, 135.071884155, 82.9175720215, -32.7241592407], [-439.52835083, 2200.35253906, -76.7628555298, -49.0360908508, 122.222740173, -62.7050361633, -182.337387085, -179.651870728, -111.209449768, 34.8822441101, -56.8937644958, -9.26161575317, 41.1866798401], [-115.336906433, -76.7628555298, 728.789611816, 283.07144165, 132.083084106, 163.101730347, 149.956756592, 78.3530883789, 78.8252487183, 59.58385849, 48.0117912292, 59.8847351074, 63.0860824585], [1233.60876465, -49.0360908508, 283.07144165, 556.289428711, 259.61517334, 256.533660889, 219.555618286, 157.959701538, 89.4379653931, 92.0434341431, 67.186958313, 80.1701660156, 76.0807647705], [688.549865723, 122.222740173, 132.083084106, 259.61517334, 311.033081055, 222.306533813, 154.039291382, 118.498886108, 84.0855712891, 82.0329208374, 46.2386131287, 55.6845092773, 43.035900116], [690.12677002, -62.7050361633, 163.101730347, 256.533660889, 222.306533813, 279.053131104, 197.922073364, 148.299743652, 110.987800598, 76.7400131226, 59.2168388367, 56.4391593933, 29.2977676392], [510.402862549, -182.337387085, 149.956756592, 219.555618286, 154.039291382, 197.922073364, 236.470077515, 166.125442505, 113.054969788, 68.840637207, 65.7006988525, 47.6037902832, 23.4904403687], [384.223052979, -179.651870728, 78.3530883789, 157.959701538, 118.498886108, 148.299743652, 166.125442505, 188.004760742, 122.335357666, 59.7717514038, 59.362701416, 36.7832946777, 1.42024052143], [137.00843811, -111.209449768, 78.8252487183, 89.4379653931, 84.0855712891, 110.987800598, 113.054969788, 122.335357666, 142.134109497, 67.7233428955, 42.9798355103, 17.1184616089, -2.97596001625], [91.9220275879, 34.8822441101, 59.58385849, 92.0434341431, 82.0329208374, 76.7400131226, 68.840637207, 59.7717514038, 67.7233428955, 93.1045684814, 37.6533088684, 15.2036380768, 11.9576454163], [135.071884155, -56.8937644958, 48.0117912292, 67.186958313, 46.2386131287, 59.2168388367, 65.7006988525, 59.362701416, 42.9798355103, 37.6533088684, 71.701965332, 31.1508522034, 4.55853557587], [82.9175720215, -9.26161575317, 59.8847351074, 80.1701660156, 55.6845092773, 56.4391593933, 47.6037902832, 36.7832946777, 17.1184616089, 15.2036380768, 31.1508522034, 70.4445343018, 35.6702690125], [-32.7241592407, 41.1866798401, 63.0860824585, 76.0807647705, 43.035900116, 29.2977676392, 23.4904403687, 1.42024052143, -2.97596001625, 11.9576454163, 4.55853557587, 35.6702690125, 76.500541687]], "icov": [[8.94701079233e-05, 1.54026784003e-05, 0.000105355167761, -0.00024702079827, -7.33950801077e-05, -0.000100442608527, -1.46241873153e-05, 5.36640873179e-05, 4.90411948704e-05, 0.000151511325384, -5.24282550032e-05, 7.71057166276e-05, 0.000217410954065], [1.54026784003e-05, 0.000603880733252, 3.82061771234e-05, 2.48775595537e-05, -0.000669703120366, 4.83488511236e-05, 0.000501235481352, 0.000440042582341, 0.000256568251643, -0.000635428645182, 0.000175689958269, -5.2182465879e-05, -5.54634898435e-05], [0.000105355167761, 3.82061771234e-05, 0.00199685385451, -0.00105128239375, 0.000195660599275, -0.000376935815439, -0.000730328494683, 0.00135887553915, -0.000997183378786, 0.000355619384209, -0.000247153220698, -0.000261432607658, -0.000301127380226], [-0.00024702079827, 2.48775595537e-05, -0.00105128239375, 0.00502579892054, -0.00113258417696, -0.00101718958467, -0.000869756971952, -0.00180074002128, 0.00209809676744, -0.00169196573552, 0.00026143703144, -0.000315711775329, -0.00244542537257], [-7.33950801077e-05, -0.000669703120366, 0.000195660599275, -0.00113258417696, 0.00956837181002, -0.00588344689459, 0.000612127711065, -0.00141816097312, 0.000747741258238, -0.00253003230318, 0.00121775781736, -0.000972889596596, -0.00119137275033], [-0.000100442608527, 4.83488511236e-05, -0.000376935815439, -0.00101718958467, -0.00588344689459, 0.015085416846, -0.0065656057559, 0.000946341024246, -0.00294189876877, 0.000460976763861, 0.000411964341765, -0.00228734686971, 0.00163986033294], [-1.46241873153e-05, 0.000501235481352, -0.000730328494683, -0.000869756971952, 0.000612127711065, -0.0065656057559, 0.018144197762, -0.00929661281407, 0.000608495960478, -0.000724081124645, -0.00264017027803, 0.00146881968249, -0.00242826784961], [5.36640873179e-05, 0.000440042582341, 0.00135887553915, -0.00180074002128, -0.00141816097312, 0.000946341024246, -0.00929661281407, 0.023234160617, -0.0119011513889, 0.00292932172306, -0.00287196855061, -0.00309867132455, 0.00401009712368], [4.90411948704e-05, 0.000256568251643, -0.000997183378786, 0.00209809676744, 0.000747741258238, -0.00294189876877, 0.000608495960478, -0.0119011513889, 0.0220391135663, -0.0094373812899, 0.000930564594455, 0.00189343153033, 0.0007528886199], [0.000151511325384, -0.000635428645182, 0.000355619384209, -0.00169196573552, -0.00253003230318, 0.000460976763861, -0.000724081124645, 0.00292932172306, -0.0094373812899, 0.0223221536726, -0.0075167817995, 0.00373248639517, -0.00193767249584], [-5.24282550032e-05, 0.000175689958269, -0.000247153220698, 0.00026143703144, 0.00121775781736, 0.000411964341765, -0.00264017027803, -0.00287196855061, 0.000930564594455, -0.0075167817995, 0.0251835845411, -0.00985481124371, 0.00415351800621], [7.71057166276e-05, -5.2182465879e-05, -0.000261432607658, -0.000315711775329, -0.000972889596596, -0.00228734686971, 0.00146881968249, -0.00309867132455, 0.00189343153033, 0.00373248639517, -0.00985481124371, 0.0263634230942, -0.0105946715921], [0.000217410954065, -5.54634898435e-05, -0.000301127380226, -0.00244542537257, -0.00119137275033, 0.00163986033294, -0.00242826784961, 0.00401009712368, 0.0007528886199, -0.00193767249584, 0.00415351800621, -0.0105946715921, 0.0216130558401]]}, "spectral_contrast_coeffs": {"dmean": [0.0497997328639, 0.0477901622653, 0.0321948863566, 0.0272570420057, 0.0207757428288, 0.0181197356433], "dmean2": [0.080205976963, 0.0752478912473, 0.0536114163697, 0.0436805449426, 0.033529356122, 0.0283860135823], "dvar": [0.002113154158, 0.00226621027105, 0.000843110610731, 0.000642257626168, 0.000367474043742, 0.00031691842014], "dvar2": [0.00494111888111, 0.00524534936994, 0.00217118789442, 0.00147876422852, 0.000831219600514, 0.000822108413558], "max": [-0.291090369225, -0.282375365496, -0.541505873203, -0.528116643429, -0.631041705608, -0.676136612892], "mean": [-0.618612229824, -0.634955883026, -0.797130525112, -0.805599927902, -0.819373488426, -0.801942288876], "median": [-0.63020837307, -0.626628220081, -0.807985782623, -0.817767977715, -0.824804544449, -0.79714179039], "min": [-0.992342352867, -0.99667930603, -0.998283147812, -0.988730251789, -0.989465415478, -0.965795695782], "var": [0.0117526026443, 0.012206540443, 0.00465110316873, 0.00423354795203, 0.00233635911718, 0.00177738384809]}, "spectral_contrast_valleys": {"dmean": [0.524758636951, 0.424255937338, 0.439742237329, 0.447745591402, 0.412556856871, 0.490819692612], "dmean2": [0.771654129028, 0.634288728237, 0.639864861965, 0.612552464008, 0.537198603153, 0.561666548252], "dvar": [0.348883986473, 0.240824297071, 0.28773778677, 0.304314881563, 0.321018368006, 0.356984764338], "dvar2": [0.569604158401, 0.409556597471, 0.492198318243, 0.48397269845, 0.531689763069, 0.552015185356], "max": [-5.45841789246, -4.7