{"lowlevel": {"average_loudness": 0.9301674366, "barkbands_crest": {"dmean": 2.62528514862, "dmean2": 4.20784235001, "dvar": 6.80722904205, "dvar2": 16.8573303223, "max": 26.4076824188, "mean": 14.3591623306, "median": 13.4661216736, "min": 4.01477718353, "var": 23.0572490692}, "barkbands_flatness_db": {"dmean": 0.0378442369401, "dmean2": 0.0511978156865, "dvar": 0.00147097359877, "dvar2": 0.00264930841513, "max": 0.573658168316, "mean": 0.243978515267, "median": 0.241088345647, "min": 0.0309528317302, "var": 0.00748229306191}, "barkbands_kurtosis": {"dmean": 17.0682563782, "dmean2": 26.3298053741, "dvar": 1104.21984863, "dvar2": 2614.76806641, "max": 925.185302734, "mean": 35.1212844849, "median": 21.7227344513, "min": -1.88272762299, "var": 2256.28735352}, "barkbands_skewness": {"dmean": 1.1389670372, "dmean2": 1.69370210171, "dvar": 1.72609913349, "dvar2": 3.82925271988, "max": 27.1268119812, "mean": 4.16182613373, "median": 3.78846955299, "min": -2.10842227936, "var": 5.88067817688}, "barkbands_spread": {"dmean": 3.54472875595, "dmean2": 5.42560720444, "dvar": 33.9761314392, "dvar2": 77.878868103, "max": 91.7528915405, "mean": 8.09300136566, "median": 5.23132181168, "min": 0.114379093051, "var": 81.4309844971}, "dissonance": {"dmean": 0.0234004966915, "dmean2": 0.0384372770786, "dvar": 0.000515566382091, "dvar2": 0.00138283742126, "max": 0.499999910593, "mean": 0.445961892605, "median": 0.452969610691, "min": 0.233957365155, "var": 0.00119356904179}, "dynamic_complexity": 3.37445831299, "erbbands_crest": {"dmean": 3.48876333237, "dmean2": 5.47478818893, "dvar": 12.9532575607, "dvar2": 30.7607727051, "max": 31.360786438, "mean": 13.5147447586, "median": 12.2827129364, "min": 2.24412274361, "var": 40.1433410645}, "erbbands_flatness_db": {"dmean": 0.0294877607375, "dmean2": 0.0408982820809, "dvar": 0.00100746157113, "dvar2": 0.00192399101797, "max": 0.42413008213, "mean": 0.160502389073, "median": 0.148135989904, "min": 0.0448262542486, "var": 0.00450076162815}, "erbbands_kurtosis": {"dmean": 3.40581321716, "dmean2": 5.41318798065, "dvar": 45.2952346802, "dvar2": 111.308311462, "max": 131.427734375, "mean": 4.34743452072, "median": 1.25283527374, "min": -1.90610802174, "var": 81.8695220947}, "erbbands_skewness": {"dmean": 0.620707511902, "dmean2": 0.932005226612, "dvar": 0.512269735336, "dvar2": 1.15273725986, "max": 9.49817848206, "mean": 1.6388450861, "median": 1.42031240463, "min": -2.31657481194, "var": 1.64041888714}, "erbbands_spread": {"dmean": 15.2318744659, "dmean2": 22.3394489288, "dvar": 351.0105896, "dvar2": 717.236633301, "max": 193.090484619, "mean": 47.9305610657, "median": 40.8426971436, "min": 1.36876678467, "var": 1061.4074707}, "hfc": {"dmean": 5.82790803909, "dmean2": 8.40726852417, "dvar": 70.2210769653, "dvar2": 156.748413086, "max": 84.1554946899, "mean": 11.185956955, "median": 7.98507165909, "min": 1.08860052341e-16, "var": 113.19393158}, "melbands_crest": {"dmean": 3.03248715401, "dmean2": 4.91756057739, "dvar": 9.2773065567, "dvar2": 24.9338970184, "max": 33.0638580322, "mean": 18.1744880676, "median": 18.2095623016, "min": 1.62183940411, "var": 24.0922775269}, "melbands_flatness_db": {"dmean": 0.0400727987289, "dmean2": 0.0541473701596, "dvar": 0.00170876027551, "dvar2": 0.00304823624901, "max": 0.714372575283, "mean": 0.34723752737, "median": 0.345600694418, "min": 0.00304268649779, "var": 0.0101875523105}, "melbands_kurtosis": {"dmean": 33.257106781, "dmean2": 51.1864356995, "dvar": 2292.83569336, "dvar2": 5085.03515625, "max": 807.511352539, "mean": 70.7603912354, "median": 47.1490020752, "min": -1.32473576069, "var": 5685.83251953}, "melbands_skewness": {"dmean": 1.49083995819, "dmean2": 2.23041534424, "dvar": 2.88779830933, "dvar2": 6.24967908859, "max": 21.7002506256, "mean": 5.22485589981, "median": 4.75424194336, "min": -1.01236927509, "var": 9.30504608154}, "melbands_spread": {"dmean": 2.11143946648, "dmean2": 3.27070260048, "dvar": 24.9842662811, "dvar2": 57.2992858887, "max": 166.989898682, "mean": 5.85737371445, "median": 3.63659596443, "min": 0.297636806965, "var": 140.524246216}, "pitch_salience": {"dmean": 0.0807393491268, "dmean2": 0.129364907742, "dvar": 0.0066414331086, "dvar2": 0.0161666832864, "max": 0.987993657589, "mean": 0.456133902073, "median": 0.4622631073, "min": 0.0566966161132, "var": 0.0218056701124}, "silence_rate_20dB": {"dmean": 0, "dmean2": 0, "dvar": 0, "dvar2": 0, "max": 1, "mean": 1, "median": 1, "min": 1, "var": 0}, "silence_rate_30dB": {"dmean": 0.0713141039014, "dmean2": 0.142647251487, "dvar": 0.0662317946553, "dvar2": 0.159697338939, "max": 1, "mean": 0.91133660078, "median": 1, "min": 0, "var": 0.0808073431253}, "silence_rate_60dB": {"dmean": 0.0170940179378, "dmean2": 0.0341925993562, "dvar": 0.0168010294437, "dvar2": 0.0364979840815, "max": 1, "mean": 0.0741086900234, "median": 0, "min": 0, "var": 0.0686172991991}, "spectral_centroid": {"dmean": 134.307998657, "dmean2": 208.005783081, "dvar": 46716.171875, "dvar2": 104351.164062, "max": 11722.7695312, "mean": 553.310241699, "median": 403.52557373, "min": 91.7439804077, "var": 809095.5625}, "spectral_complexity": {"dmean": 2.68376064301, "dmean2": 4.18218231201, "dvar": 15.7566452026, "dvar2": 33.2929801941, "max": 41, "mean": 7.52156496048, "median": 6, "min": 0, "var": 29.7893848419}, "spectral_decrease": {"dmean": 5.27695620534e-09, "dmean2": 8.09722155992e-09, "dvar": 4.78844434131e-17, "dvar2": 1.18728714096e-16, "max": 2.06736518394e-28, "mean": -1.23289334297e-08, "median": -1.00144372794e-08, "min": -6.15341875232e-08, "var": 1.063474416e-16}, "spectral_energy": {"dmean": 0.0203597415239, "dmean2": 0.0312000773847, "dvar": 0.000709895684849, "dvar2": 0.00175478553865, "max": 0.234669566154, "mean": 0.0475467443466, "median": 0.0385729521513, "min": 9.96020938713e-21, "var": 0.00156755617354}, "spectral_energyband_high": {"dmean": 0.000283158326056, "dmean2": 0.000392109330278, "dvar": 2.97731389765e-07, "dvar2": 6.20119294581e-07, "max": 0.00737514533103, "mean": 0.00040118736797, "median": 0.000118973890494, "min": 7.31631235163e-21, "var": 4.47309361107e-07}, "spectral_energyband_low": {"dmean": 0.0136112915352, "dmean2": 0.0211803838611, "dvar": 0.000510173907969, "dvar2": 0.00130391167477, "max": 0.224180340767, "mean": 0.0318927243352, "median": 0.0205867607147, "min": 2.01280131887e-23, "var": 0.00119094434194}, "spectral_energyband_middle_high": {"dmean": 0.000485794997076, "dmean2": 0.000781246228144, "dvar": 9.44444423112e-07, "dvar2": 2.49913045991e-06, "max": 0.0110895950347, "mean": 0.000748941849452, "median": 0.000373120303266, "min": 1.24722407871e-21, "var": 1.05217986857e-06}, "spectral_energyband_middle_low": {"dmean": 0.0106051946059, "dmean2": 0.0165935605764, "dvar": 0.000299631938105, "dvar2": 0.000737214402761, "max": 0.182193532586, "mean": 0.0167731493711, "median": 0.00979968626052, "min": 1.5687535348e-22, "var": 0.000396589428419}, "spectral_entropy": {"dmean": 0.356761574745, "dmean2": 0.490921169519, "dvar": 0.149543240666, "dvar2": 0.269754052162, "max": 9.818151474, "mean": 6.86964273453, "median": 6.9207239151, "min": 4.40698432922, "var": 0.653757095337}, "spectral_flux": {"dmean": 0.0438541993499, "dmean2": 0.0677119940519, "dvar": 0.00267224479467, "dvar2": 0.00572015717626, "max": 0.394604355097, "mean": 0.0881301164627, "median": 0.066752448678, "min": 6.38565866851e-11, "var": 0.00490176444873}, "spectral_kurtosis": {"dmean": 3.19605541229, "dmean2": 4.79008197784, "dvar": 20.6492576599, "dvar2": 48.9920539856, "max": 130.914627075, "mean": 8.79158306122, "median": 4.58080434799, "min": -1.2526538372, "var": 211.979858398}, "spectral_rms": {"dmean": 0.0013857941376, "dmean2": 0.00203080731444, "dvar": 2.64035816144e-06, "dvar2": 5.99166696702e-06, "max": 0.0151309594512, "mean": 0.00610240688547, "median": 0.00613450445235, "min": 3.11725493508e-12, "var": 9.14770953386e-06}, "spectral_rolloff": {"dmean": 123.429496765, "dmean2": 209.395217896, "dvar": 336447.4375, "dvar2": 749908.125, "max": 19466.015625, "mean": 470.699493408, "median": 279.931640625, "min": 86.1328125, "var": 2841740.25}, "spectral_skewness": {"dmean": 0.385577708483, "dmean2": 0.555787980556, "dvar": 0.176871940494, "dvar2": 0.368085920811, "max": 9.0780916214, "mean": 2.156894207, "median": 1.86499619484, "min": -0.0668850615621, "var": 1.34228169918}, "spectral_spread": {"dmean": 1110150, "dmean2": 1519500, "dvar": 1570542714880.0, "dvar2": 3141925076990.0, "max": 42040664, "mean": 5806107, "median": 5537014.5, "min": 669949.4375, "var": 13320626110500.0}, "spectral_strongpeak": {"dmean": 0.308864682913, "dmean2": 0.505106389523, "dvar": 0.165214180946, "dvar2": 0.409711152315, "max": 4.52077865601, "mean": 0.71633541584, "median": 0.578409552574, "min": 2.94209406837e-10, "var": 0.297333210707}, "zerocrossingrate": {"dmean": 0.00878919288516, "dmean2": 0.010703317821, "dvar": 0.000153025917825, "dvar2": 0.000226212432608, "max": 0.5234375, "mean": 0.032187897712, "median": 0.0224609375, "min": 0.0029296875, "var": 0.00215455773287}, "barkbands": {"dmean": [0.000173203618033, 0.0106440959498, 0.00399298314005, 0.00235662423074, 0.00688976468518, 0.00259428378195, 0.000234911014559, 6.03015687375e-05, 0.000154555847985, 0.000141260316013, 8.2228150859e-05, 8.19708802737e-05, 4.16154834966e-05, 5.24308888998e-05, 6.33776580798e-05, 4.20491123805e-05, 2.75341790257e-05, 2.39952787524e-05, 3.05569810735e-05, 3.43720603269e-05, 3.72411886929e-05, 4.42812633992e-05, 8.113518561e-05, 2.823912655e-05, 6.13988595433e-05, 2.95694007946e-05, 1.39182438943e-05], "dmean2": [0.000281031796476, 0.0166268665344, 0.00656230002642, 0.00392771186307, 0.0110993050039, 0.00408523203805, 0.000400384393288, 0.00010077936895, 0.00026702368632, 0.000239749031607, 0.000141198339406, 0.000125852995552, 6.80556768202e-05, 8.8278145995e-05, 0.0001056403853, 7.03326004441e-05, 4.56678826595e-05, 4.08882333431e-05, 5.00630594615e-05, 5.56654085813e-05, 5.41103545402e-05, 6.67890199111e-05, 0.000121777586173, 4.29069332313e-05, 8.82813837961e-05, 4.51476771559e-05, 2.13086532312e-05], "dvar": [1.95110771983e-07, 0.000337860779837, 6.58381031826e-05, 2.0912495529e-05, 0.000158776980243, 2.45315895882e-05, 5.56052896172e-07, 1.58371999959e-08, 1.91201422695e-07, 9.67461062373e-08, 3.71768074103e-08, 3.28840279451e-08, 1.1265682609e-08, 1.68298885939e-08, 2.06135997161e-08, 1.05253006311e-08, 3.33170024902e-09, 3.41741679399e-09, 5.02978325656e-09, 5.29676258409e-09, 3.80011577761e-09, 9.10467967685e-09, 5.09983308916e-08, 2.87765966611e-09, 1.94017086841e-08, 3.98665855883e-09, 1.03049857536e-09], "dvar2": [4.86579551762e-07, 0.000894767290447, 0.000171918742126, 5.45615184819e-05, 0.000401741446694, 6.14399614278e-05, 1.42703061101e-06, 4.12659844073e-08, 5.35913500244e-07, 2.6549435006e-07, 1.01715734502e-07, 6.95210573554e-08, 2.83608692087e-08, 4.30302478094e-08, 5.34067403635e-08, 2.84260543992e-08, 8.91782825363e-09, 9.44395228686e-09, 1.32286510635e-08, 1.33631825605e-08, 8.19770740179e-09, 2.13511608393e-08, 1.07131405969e-07, 6.57038512486e-09, 4.22649719667e-08, 9.37809829793e-09, 2.54154652879e-09], "max": [0.0102607011795, 0.195972681046, 0.0968959927559, 0.0670710876584, 0.143928706646, 0.0614231489599, 0.00989411398768, 0.00174102385063, 0.00555817177519, 0.00355337071232, 0.00228772894479, 0.00515398103744, 0.00263407314196, 0.00269149453379, 0.00160677649546, 0.00166399334557, 0.000873519689776, 0.000830852484796, 0.00144904712215, 0.000955064024311, 0.00101484323386, 0.00149968091864, 0.00317170191556, 0.000900779676158, 0.00199015578255, 0.000772270199377, 0.00054881797405], "mean": [0.000213443228859, 0.0217252001166, 0.00770389242098, 0.00366286956705, 0.00852216314524, 0.00408115983009, 0.00021131343965, 8.21629801067e-05, 0.000177690555574, 0.000167703125044, 9.81972698355e-05, 0.000132913264679, 5.26457297383e-05, 5.97983053012e-05, 7.69351099734e-05, 4.52388667327e-05, 4.01356555813e-05, 2.74288559012e-05, 4.09601161664e-05, 4.50086481578e-05, 6.30295544397e-05, 5.92239448451e-05, 9.48578963289e-05, 4.08767409681e-05, 7.37947411835e-05, 3.45412772731e-05, 1.35914178827e-05], "median": [1.87075420399e-05, 0.0122275277972, 0.00256816158071, 0.00110452342778, 0.00383894843981, 0.00152060110122, 4.3151769205e-05, 2.77495964838e-05, 4.09151834901e-05, 5.62004679523e-05, 1.40119864227e-05, 4.96452448715e-05, 1.39695612233e-05, 1.50815003508e-05, 2.3229920771e-05, 1.16047749543e-05, 1.7802012735e-05, 8.45443173603e-06, 1.21329730973e-05, 1.28278588818e-05, 2.36510677496e-05, 1.66351946973e-05, 1.4763379113e-05, 7.33082833904e-06, 1.24995358419e-05, 5.91960088059e-06, 1.92471861737e-06], "min": [8.84901367773e-25, 4.03709350122e-24, 1.59594291963e-24, 1.26613052896e-24, 1.2033620303e-23, 5.29115988175e-24, 8.76163826057e-24, 7.81664758271e-24, 5.4592176257e-24, 2.1778090899e-23, 1.47142185683e-23, 3.02343058829e-23, 3.11727758366e-23, 3.3591281377e-23, 6.46886452665e-23, 5.99445367567e-23, 5.3334380931e-23, 9.87873219777e-23, 1.52805891438e-22, 1.64555286735e-22, 2.03390946964e-22, 3.36193433682e-22, 4.31109884618e-22, 4.9132069664e-22, 9.92134280356e-22, 1.2835659035e-21, 2.04329141132e-21], "var": [2.085154307e-07, 0.000744987395592, 0.000123368590721, 3.72098729713e-05, 0.000169140374055, 3.92178153561e-05, 4.29188901307e-07, 2.16077236104e-08, 1.67128547446e-07, 9.73539542315e-08, 4.37623839389e-08, 7.04213007907e-08, 1.6647375034e-08, 2.08584012285e-08, 2.17269864322e-08, 9.71514335646e-09, 4.08111144878e-09, 2.93515722838e-09, 5.81897019458e-09, 6.36522834441e-09, 8.3086453273e-09, 1.13704805571e-08, 5.95643534496e-08, 5.3127022781e-09, 2.51602489953e-08, 4.7356127908e-09, 9.94507365348e-10]}, "erbbands": {"dmean": [0.23479641974, 2.6556994915, 5.03852653503, 5.99886035919, 9.1605014801, 20.6817359924, 54.1356048584, 10.3749341965, 4.04611253738, 2.04069972038, 1.61139309406, 3.51716661453, 3.96861219406, 4.4008436203, 3.02584242821, 3.23790097237, 1.99949812889, 2.64162325859, 3.15954303741, 2.82690477371, 2.00810718536, 1.47308242321, 1.42331147194, 1.37564504147, 1.62813520432, 1.70091462135, 1.5055924654, 1.44976365566, 1.63746619225, 1.6774187088, 2.68978571892, 0.732569813728, 0.435197681189, 0.34347319603, 0.52579921484, 0.253975063562, 0.0437094382942, 0.0114469854161, 0.00175167946145, 0.00020583231526], "dmean2": [0.378619194031, 4.1210026741, 8.12794208527, 9.84199428558, 14.6914319992, 33.4485282898, 86.6808395386, 16.3608207703, 6.70651102066, 3.48604488373, 2.65412163734, 6.02382516861, 6.9207649231, 7.42179298401, 4.93921995163, 4.99379587173, 3.20988202095, 4.38575315475, 5.25480937958, 4.78785896301, 3.28546714783, 2.46427249908, 2.43602585793, 2.28452277184, 2.67644834518, 2.70995497704, 2.27216005325, 2.13084483147, 2.47274827957, 2.52777528763, 4.05990886688, 1.11325931549, 0.664705216885, 0.500922381878, 0.766012966633, 0.379628300667, 0.0657452270389, 0.0176496654749, 0.00270133139566, 0.00031228250009], "dvar": [0.193897783756, 21.0649852753, 97.5294113159, 129.363052368, 368.02545166, 1453.74182129, 12257.2021484, 349.783294678, 106.430099487, 47.6662750244, 10.4341516495, 101.879814148, 114.151641846, 85.33959198, 36.4235153198, 55.3837089539, 28.7579402924, 40.955532074, 42.7699890137, 53.4776306152, 23.4241333008, 10.3495311737, 12.1537446976, 11.0515260696, 13.7517976761, 12.3649644852, 7.12968921661, 5.97952461243, 12.8014221191, 11.1270437241, 64.8584823608, 2.13020658493, 0.661793708801, 0.432301193476, 1.55687201023, 0.367129385471, 0.00852906517684, 0.000735377136152, 1.71525043697e-05, 2.17196131302e-07], "dvar2": [0.522455215454, 55.6314849854, 257.421020508, 328.385559082, 922.390930176, 3681.92504883, 31557.2460938, 866.088195801, 265.415649414, 128.138168335, 27.244562149, 283.395751953, 320.807800293, 233.908889771, 93.7416534424, 121.9009552, 72.2194137573, 103.157234192, 109.946800232, 144.534729004, 62.390335083, 28.0817317963, 33.5863380432, 30.1343002319, 35.357963562, 30.5410232544, 15.6642208099, 13.1167964935, 30.5080242157, 22.5659503937, 141.998550415, 4.78514289856, 1.55259430408, 0.895862817764, 3.47296857834, 0.851414382458, 0.0201522503048, 0.00177386426367, 4.30378022429e-05, 5.39676250355e-07], "max": [4.61513471603, 47.0020256042, 97.8003768921, 177.385253906, 275.829956055, 452.134552002, 1306.40405273, 197.049362183, 132.06022644, 91.1025085449, 53.4909706116, 143.565826416, 110.395462036, 104.47908783, 100.179351807, 195.245635986, 134.664794922, 137.431213379, 70.5006408691, 94.1789779663, 67.5588760376, 44.5547332764, 47.4318008423, 101.951797485, 51.7940673828, 51.8700942993, 36.0119743347, 46.2514533997, 66.8120651245, 41.3795089722, 120.9688797, 26.4967308044, 15.8292379379, 10.7846517563, 19.1561927795, 7.84299230576, 1.33868193626, 0.448730230331, 0.0641820058227, 0.00849720276892], "mean": [0.416317522526, 5.54914951324, 10.4027929306, 11.2628927231, 12.9122638702, 25.0498790741, 70.1912689209, 15.8557138443, 4.59866189957, 1.81546735764, 2.4033613205, 4.21272802353, 4.07361793518, 5.62999868393, 4.38010549545, 5.4137005806, 2.70575594902, 3.24300909042, 3.90351963043, 3.12539505959, 2.46674013138, 2.03794384003, 1.63599228859, 1.81897902489, 2.17751502991, 2.24430680275, 2.4130179882, 2.30059313774, 2.19641256332, 2.22160005569, 3.02943587303, 1.05299520493, 0.601606309414, 0.46749356389, 0.609902441502, 0.280883461237, 0.0513061955571, 0.0120043559, 0.00176314893179, 0.000234358405578], "median": [0.238929510117, 3.03383016586, 4.90943193436, 4.88155126572, 4.95638608932, 10.8947515488, 22.2438907623, 6.46834993362, 1.56765460968, 0.398093789816, 0.864861428738, 0.983515262604, 1.17105424404, 2.17387270927, 1.36151909828, 1.94681406021, 0.811369299889, 0.957022964954, 1.1655203104, 0.927409589291, 0.764020800591, 0.928520202637, 0.558804810047, 0.581585347652, 0.64890486002, 0.698736131191, 0.84686166048, 0.815047681332, 0.669432163239, 0.530626893044, 0.446310967207, 0.191837415099, 0.117371462286, 0.0890846773982, 0.0957209989429, 0.0405445843935, 0.00810522586107, 0.00188040744979, 0.000297369726468, 8.29126656754e-05], "min": [1.35549060576e-22, 3.85056841303e-22, 3.14082174953e-21, 4.27198194757e-21, 2.27376053013e-20, 3.70553585346e-20, 3.16909468593e-20, 3.99020715321e-20, 1.10246179677e-19, 1.64420693685e-19, 1.49334224707e-19, 1.97293678409e-19, 7.03421468218e-19, 7.52750073855e-19, 1.09688067993e-18, 1.32749656676e-18, 2.03198427078e-18, 1.9206513438e-18, 2.51443881062e-18, 4.0012951345e-18, 4.23421678729e-18, 3.9966575464e-18, 6.42479453576e-18, 6.42020244259e-18, 9.10928927261e-18, 7.19641342657e-18, 9.47994394201e-18, 8.31524303386e-18, 1.17190498955e-17, 1.17367697586e-17, 1.2628791405e-17, 9.95196628676e-18, 9.95311854935e-18, 8.82584590955e-18, 6.39278016451e-18, 3.92770997439e-18, 2.33365972852e-18, 1.0252801329e-18, 2.55701922512e-19, 3.01045986214e-20], "var": [0.295864105225, 49.4314956665, 187.329376221, 272.264465332, 521.567687988, 1524.45227051, 14342.0800781, 508.868347168, 95.1005630493, 34.0121307373, 15.4780578613, 96.8522338867, 84.9721069336, 94.2388763428, 55.7228050232, 115.283981323, 42.6118278503, 53.4153938293, 49.9503059387, 45.9373703003, 24.0011310577, 10.6644496918, 10.236366272, 11.8286437988, 16.4196796417, 15.2401447296, 13.6661815643, 11.6313438416, 15.4117164612, 15.5423583984, 71.2878875732, 3.73091220856, 1.07527065277, 0.729412972927, 1.91798210144, 0.41167601943, 0.0108376694843, 0.000766005949117, 1.6033922293e-05, 2.10573830373e-07]}, "gfcc": {"mean": [-73.4157562256, 103.025886536, -54.5674476624, 41.0169296265, -39.0448265076, 15.4296159744, -29.7141704559, -8.81433105469, -28.3796596527, -0.724509119987, -14.5384817123, 9.07921886444, 1.97164618969], "cov": [[25360.4394531, -1874.16308594, 4.56316423416, 2185.94946289, -541.494262695, 666.811340332, -528.404663086, 626.069824219, -442.455200195, 294.717193604, -354.754394531, 344.58303833, -98.8976364136], [-1874.16308594, 1925.84985352, -453.504638672, -255.162536621, 350.027709961, -140.166366577, 171.445770264, -267.946563721, 145.179702759, -65.6476135254, 144.644241333, -32.0026130676, 221.661727905], [4.56316423416, -453.504638672, 805.781738281, 192.744750977, 91.849647522, 280.091888428, 88.0309906006, 103.297439575, -29.3934955597, -38.693775177, -61.2216758728, -29.4356746674, -130.694717407], [2185.94946289, -255.162536621, 192.744750977, 681.928283691, 60.7785415649, 119.037117004, 48.9257049561, 122.010353088, 0.810438930988, 47.2400512695, 10.7324314117, 68.4759597778, 14.8737812042], [-541.494262695, 350.027709961, 91.849647522, 60.7785415649, 288.864349365, 113.941246033, 104.988510132, -12.5269784927, 67.3930206299, -17.8428382874, 16.9430618286, -29.4209671021, 5.82060480118], [666.811340332, -140.166366577, 280.091888428, 119.037117004, 113.941246033, 305.759216309, 104.776397705, 95.9629516602, -6.26783800125, -24.3081092834, -54.4258384705, -24.4419574738, -89.9325866699], [-528.404663086, 171.445770264, 88.0309906006, 48.9257049561, 104.988510132, 104.776397705, 196.583831787, 58.475402832, 50.7925567627, -16.2864513397, 17.7087097168, -9.79021930695, 5.96082305908], [626.069824219, -267.946563721, 103.297439575, 122.010353088, -12.5269784927, 95.9629516602, 58.475402832, 169.886032104, 20.66065979, 23.0200710297, -26.5745029449, -3.36285662651, -50.6652183533], [-442.455200195, 145.179702759, -29.3934955597, 0.810438930988, 67.3930206299, -6.26783800125, 50.7925567627, 20.66065979, 112.169586182, 37.9071464539, 28.2643737793, 2.92144703865, 23.8196811676], [294.717193604, -65.6476135254, -38.693775177, 47.2400512695, -17.8428382874, -24.3081092834, -16.2864513397, 23.0200710297, 37.9071464539, 92.4000549316, 36.0955657959, 29.4356117249, 18.6235485077], [-354.754394531, 144.644241333, -61.2216758728, 10.7324314117, 16.9430618286, -54.4258384705, 17.7087097168, -26.5745029449, 28.2643737793, 36.0955657959, 98.9466629028, 53.2656860352, 55.8017959595], [344.58303833, -32.0026130676, -29.4356746674, 68.4759597778, -29.4209671021, -24.4419574738, -9.79021930695, -3.36285662651, 2.92144703865, 29.4356117249, 53.2656860352, 122.787918091, 73.1246643066], [-98.8976364136, 221.661727905, -130.694717407, 14.8737812042, 5.82060480118, -89.9325866699, 5.96082305908, -50.6652183533, 23.8196811676, 18.6235485077, 55.8017959595, 73.1246643066, 140.473022461]], "icov": [[0.000108472413558, -0.00013252987992, 0.000117780284199, -0.000316455203574, 0.000212427330553, -0.000381849793484, 0.000433303619502, -0.000303275068291, 0.000369985646103, -0.00038871722063, 0.000460347800981, -0.000233569779084, -2.49378263106e-05], [-0.00013252987992, 0.00182135449722, 0.00057082233252, 0.000542433932424, -0.00146241078619, 0.000228915931075, -0.00149226863869, 0.0020871933084, -0.00137048913166, 0.00175889232196, -0.00190380145796, 0.00170569948386, -0.00160286331084], [0.000117780284199, 0.00057082233252, 0.0024341577664, -0.000633155403193, -0.000366663822206, -0.00175486272201, -0.000149677856825, 0.000521616078913, 0.000166397658177, 0.000576571037527, -9.73339483608e-05, -0.000142037344631, 0.000608081521932], [-0.000316455203574, 0.000542433932424, -0.000633155403193, 0.00304221338592, -0.00157741701696, 0.00100589601789, -0.00115285394713, -0.000560158747248, -5.5734639318e-05, 0.000194332533283, -0.00128311791923, -4.71695930173e-05, -0.000915756507311], [0.000212427330553, -0.00146241078619, -0.000366663822206, -0.00157741701696, 0.00839400291443, -0.00400751037523, 0.000722660799511, 0.00104292063043, -0.00310806883499, 0.000437133101514, -0.00052144943038, 0.00156023644377, -0.000420887314249], [-0.000381849793484, 0.000228915931075, -0.00175486272201, 0.00100589601789, -0.00400751037523, 0.0105122094974, -0.00490459566936, -0.000771579914726, 0.00150881218724, -0.000257450650679, 0.00296314060688, -0.00320431939326, 0.00472590560094], [0.000433303619502, -0.00149226863869, -0.000149677856825, -0.00115285394713, 0.000722660799511, -0.00490459566936, 0.0129113597795, -0.00611694855615, -0.00138260109816, 0.00245314906351, -0.00253286515363, 0.00146892073099, -0.00313071184792], [-0.000303275068291, 0.0020871933084, 0.000521616078913, -0.000560158747248, 0.00104292063043, -0.000771579914726, -0.00611694855615, 0.0145092401654, -0.00481075746939, -0.00063411553856, 0.000668694148771, 0.000362650986062, 0.00243849307299], [0.000369985646103, -0.00137048913166, 0.000166397658177, -5.5734639318e-05, -0.00310806883499, 0.00150881218724, -0.00138260109816, -0.00481075746939, 0.0182342268527, -0.00943713355809, 0.00283040152863, -0.00121261726599, -0.000331823510351], [-0.00038871722063, 0.00175889232196, 0.000576571037527, 0.000194332533283, 0.000437133101514, -0.000257450650679, 0.00245314906351, -0.00063411553856, -0.00943713355809, 0.0214273184538, -0.00986228417605, 0.00202673184685, -0.00142689375207], [0.000460347800981, -0.00190380145796, -9.73339483608e-05, -0.00128311791923, -0.00052144943038, 0.00296314060688, -0.00253286515363, 0.000668694148771, 0.00283040152863, -0.00986228417605, 0.0240123700351, -0.0102984765545, 0.00229066982865], [-0.000233569779084, 0.00170569948386, -0.000142037344631, -4.71695930173e-05, 0.00156023644377, -0.00320431939326, 0.00146892073099, 0.000362650986062, -0.00121261726599, 0.00202673184685, -0.0102984765545, 0.0198658555746, -0.0113442242146], [-2.49378263106e-05, -0.00160286331084, 0.000608081521932, -0.000915756507311, -0.000420887314249, 0.00472590560094, -0.00313071184792, 0.00243849307299, -0.000331823510351, -0.00142689375207, 0.00229066982865, -0.0113442242146, 0.0195894483477]]}, "melbands": {"dmean": [0.00258843135089, 0.00289391842671, 0.00109048455488, 0.000857048202306, 0.00180684681982, 0.000266125687631, 5.86756541452e-05, 1.92703064386e-05, 1.3971946828e-05, 2.30986570386e-05, 2.02870633075e-05, 1.87763762369e-05, 1.12035850179e-05, 9.57810516411e-06, 6.01836609349e-06, 4.04581760449e-06, 5.08715856995e-06, 4.91669015901e-06, 4.43037606601e-06, 3.5078678593e-06, 2.12824897972e-06, 1.56193857492e-06, 1.55732379881e-06, 1.0891611737e-06, 1.15584373361e-06, 1.15746547635e-06, 1.26081909002e-06, 1.11878148346e-06, 1.02132253232e-06, 8.60785974055e-07, 8.72396469731e-07, 8.7200822918e-07, 9.94101924334e-07, 1.00550846582e-06, 2.00100794245e-06, 6.53067615985e-07, 3.91802899458e-07, 3.05680970314e-07, 3.00960124378e-07, 2.88277306026e-07], "dmean2": [0.00408205436543, 0.00453465245664, 0.00178599951323, 0.00137404201087, 0.00289140501991, 0.000420425174525, 9.83010686468e-05, 3.28037604049e-05, 2.28472617891e-05, 4.005827941e-05, 3.53885625373e-05, 3.16474179272e-05, 1.87614914466e-05, 1.46480924741e-05, 9.71986082732e-06, 6.58200178805e-06, 8.50871856528e-06, 8.21383491711e-06, 7.51300331103e-06, 5.95617348154e-06, 3.47911895915e-06, 2.60568981503e-06, 2.67348582383e-06, 1.85350234005e-06, 1.93742152987e-06, 1.90679190837e-06, 2.08950109482e-06, 1.79469247996e-06, 1.58364741765e-06, 1.2928110209e-06, 1.29482327793e-06, 1.33198329877e-06, 1.54010774622e-06, 1.55474151597e-06, 3.06105721393e-06, 1.01585771972e-06, 6.08230038779e-07, 4.82716245642e-07, 4.51742124596e-07, 4.26849226187e-07], "dvar": [2.06349195651e-05, 2.70486925729e-05, 3.93446680391e-06, 2.27645023188e-06, 1.36393209687e-05, 2.34189641901e-07, 2.47954066168e-08, 3.77176601063e-09, 8.02798827415e-10, 4.52563320152e-09, 2.9329565443e-09, 1.54477064473e-09, 5.93133098192e-10, 4.55670473576e-10, 2.84898771241e-10, 7.58478696516e-11, 1.73848976881e-10, 1.02735500662e-10, 1.27386448612e-10, 7.61690016615e-11, 2.60719640321e-11, 1.10157334643e-11, 1.39430628501e-11, 7.2857457914e-12, 8.54695741265e-12, 7.84419924849e-12, 8.05010398619e-12, 5.31255378231e-12, 3.6034502205e-12, 2.11485104602e-12, 2.37038015084e-12, 3.81315768891e-12, 5.18491933416e-12, 5.11371067019e-12, 3.87675308522e-11, 2.60580120849e-12, 5.92583599378e-13, 3.33304754239e-13, 2.93286716527e-13, 3.49584564855e-13], "dvar2": [5.53096142539e-05, 7.09620435373e-05, 1.00544366433e-05, 5.78426443099e-06, 3.50397058355e-05, 5.84721760788e-07, 6.19720097461e-08, 1.01536272723e-08, 2.10901429654e-09, 1.27232135938e-08, 8.23889934054e-09, 4.21937107475e-09, 1.58812007989e-09, 8.93067231278e-10, 7.45794592749e-10, 1.90285912027e-10, 4.38807018499e-10, 2.69171296363e-10, 3.40391298481e-10, 2.07914394035e-10, 6.86000076189e-11, 2.9792168732e-11, 3.81958874252e-11, 2.03033475449e-11, 2.35088441769e-11, 2.00272177314e-11, 2.1218724694e-11, 1.32083606205e-11, 8.38464627589e-12, 4.70720424445e-12, 5.25733926879e-12, 9.22531842584e-12, 1.21694893745e-11, 1.01038379052e-11, 8.28627028104e-11, 6.53267284018e-12, 1.33176000609e-12, 8.08805442325e-13, 6.71438870215e-13, 7.17805155592e-13], "max": [0.0504706613719, 0.0507987588644, 0.0291012395173, 0.0183777436614, 0.0413340777159, 0.00516557274386, 0.00195644958876, 0.000792248989455, 0.000541800982319, 0.000866330112331, 0.000549599004444, 0.000465732999146, 0.000282776134554, 0.000729849853087, 0.000342721235938, 0.000175436172867, 0.000315089448122, 0.000122052217193, 0.000143616285641, 0.000144979421748, 6.44318497507e-05, 4.04695347243e-05, 5.99624072493e-05, 3.93564332626e-05, 0.000103029517049, 4.59842958662e-05, 4.32161868957e-05, 3.02786556858e-05, 2.33203609241e-05, 3.42157363775e-05, 2.51311048487e-05, 4.6355802624e-05, 4.60783448943e-05, 2.84038815153e-05, 8.94530967344e-05, 2.3609803975e-05, 1.90866612684e-05, 1.19994547276e-05, 7.26008875063e-06, 1.01946798168e-05], "mean": [0.00513566099107, 0.006414743606, 0.00199148943648, 0.00115319003817, 0.00225815875456, 0.000421440257924, 6.17414916633e-05, 1.75613186002e-05, 2.15658219531e-05, 2.59667049249e-05, 2.05148862733e-05, 2.36210071307e-05, 1.50464302351e-05, 1.59645223903e-05, 8.32682871987e-06, 5.31902514922e-06, 5.95467599851e-06, 5.8435784922e-06, 5.10456084157e-06, 3.6645083128e-06, 2.74918420473e-06, 2.20542460738e-06, 1.74790977781e-06, 1.27925034121e-06, 1.48899459873e-06, 1.49451295783e-06, 1.67531561601e-06, 1.38051029808e-06, 1.46863226291e-06, 1.40479005495e-06, 1.32039838263e-06, 1.16131604955e-06, 1.23565166632e-06, 1.27024839003e-06, 2.19339995056e-06, 7.92235596236e-07, 5.73842612539e-07, 4.1222133973e-07, 3.86169801914e-07, 3.87980094274e-07], "median": [0.00304061896168, 0.0037213973701, 0.000937246193644, 0.000514811836183, 0.000731779029593, 0.000171553445398, 1.76723206096e-05, 3.73619582206e-06, 7.36493075237e-06, 5.94292578171e-06, 5.67113511352e-06, 8.96054007171e-06, 3.24946995534e-06, 5.88572311244e-06, 2.43565750679e-06, 1.72508612195e-06, 1.55469490437e-06, 1.72192028458e-06, 1.42867850172e-06, 9.68390054368e-07, 8.10757967429e-07, 9.40235395319e-07, 6.70143606385e-07, 3.81289964935e-07, 4.39836952637e-07, 4.58994833252e-07, 4.57407281829e-07, 4.00422521807e-07, 5.18794138316e-07, 3.64594086477e-07, 4.44250332521e-07, 3.56608836682e-07, 3.05362533481e-07, 2.41747954988e-07, 2.57353832467e-07, 1.44829343185e-07, 9.48730587425e-08, 8.03878918987e-08, 7.41168975082e-08, 6.74737705708e-08], "min": [2.25927869989e-24, 1.19895774098e-24, 6.64562458968e-25, 1.81048034812e-24, 1.42877954673e-24, 8.51277256372e-25, 1.75000469341e-24, 1.57375946072e-24, 1.13634663979e-24, 1.1290196997e-24, 2.82655133785e-24, 3.29488760487e-24, 2.74576192318e-24, 3.49838157234e-24, 4.2078728153e-24, 2.75186573443e-24, 3.27766203815e-24, 3.54291395373e-24, 4.63252926236e-24, 5.18963190552e-24, 4.35801828911e-24, 3.50159736382e-24, 4.67462721899e-24, 4.05527990053e-24, 4.52613125333e-24, 5.73261630507e-24, 4.57163432807e-24, 4.21549991696e-24, 5.1891108629e-24, 4.97517375755e-24, 4.79640012706e-24, 5.30876646829e-24, 5.32242362271e-24, 4.86931690711e-24, 6.35788481349e-24, 5.63740671027e-24, 6.13058361555e-24, 5.90518081138e-24, 6.61415416716e-24, 6.99154956295e-24], "var": [4.10766479035e-05, 5.78957296966e-05, 7.34716923034e-06, 2.95868562716e-06, 1.49534280354e-05, 3.59865566679e-07, 2.13441762043e-08, 2.78138045928e-09, 1.25893562242e-09, 3.79806408546e-09, 2.1791162208e-09, 1.73537639814e-09, 8.49726899954e-10, 1.0949702256e-09, 3.37026434538e-10, 1.08876352378e-10, 2.28201443853e-10, 1.14532515416e-10, 1.16245783832e-10, 6.55587042986e-11, 2.93515628469e-11, 1.27943385053e-11, 1.1725479962e-11, 6.51719260156e-12, 9.11313819546e-12, 9.03502272998e-12, 9.53363169659e-12, 6.13363526636e-12, 5.52575173118e-12, 5.16559581568e-12, 4.15925540537e-12, 4.39547573686e-12, 6.19085165077e-12, 6.73036583063e-12, 4.33995200888e-11, 2.72903726527e-12, 1.22620912989e-12, 5.17053197133e-13, 4.37921915527e-13, 5.83001528998e-13]}, "mfcc": {"mean": [-727.277526855, 134.986953735, 41.6347503662, 40.1636428833, 14.9268522263, 26.0995559692, 7.35423278809, 3.8877761364, -1.0661816597, -7.1758184433, -9.49096488953, -7.54678726196, -0.361057370901], "cov": [[10776.0009766, -336.908630371, 606.63494873, 427.887207031, 183.734344482, 73.852684021, 6.76319360733, 134.664276123, 50.1372871399, 153.395980835, -77.229637146, -86.3064956665, -69.9744949341], [-336.908630371, 1636.24377441, -229.134811401, 178.541564941, 102.611671448, 238.343719482, 80.649055481, 14.4038286209, 81.5175933838, -55.5944671631, -4.93549346924, -29.8149929047, 71.1321029663], [606.63494873, -229.134811401, 603.733886719, 78.0815658569, 121.600128174, 135.384292603, 115.026672363, 146.675048828, 16.2625789642, 53.3795700073, -14.3612270355, 43.9858512878, -7.51100683212], [427.887207031, 178.541564941, 78.0815658569, 358.12677002, 91.2406921387, 83.3781280518, 30.3474502563, 37.1098480225, 36.4292831421, -15.7693681717, 7.98947954178, 8.8857793808, 46.245513916], [183.734344482, 102.611671448, 121.600128174, 91.2406921387, 180.987335205, 130.507766724, 53.2523384094, 62.0153846741, 32.4785690308, 32.8207359314, 9.4765253067, 28.548915863, 13.9871788025], [73.852684021, 238.343719482, 135.384292603, 83.3781280518, 130.507766724, 236.967880249, 92.7843475342, 104.704437256, 46.5837783813, 23.0559825897, 16.2680034637, 28.9043979645, 29.529083252], [6.76319360733, 80.649055481, 115.026672363, 30.3474502563, 53.2523384094, 92.7843475342, 150.385971069, 100.076469421, 44.0926208496, 26.3263568878, 9.87718009949, 33.0703277588, 0.451692670584], [134.664276123, 14.4038286209, 146.675048828, 37.1098480225, 62.0153846741, 104.704437256, 100.076469421, 192.95690918, 71.6471099854, 35.2484207153, 21.8183612823, 41.7918968201, 14.3931398392], [50.1372871399, 81.5175933838, 16.2625789642, 36.4292831421, 32.4785690308, 46.5837783813, 44.0926208496, 71.6471099854, 112.240127563, 49.7611541748, 21.1737670898, 18.2467327118, 14.9077968597], [153.395980835, -55.5944671631, 53.3795700073, -15.7693681717, 32.8207359314, 23.0559825897, 26.3263568878, 35.2484207153, 49.7611541748, 107.166023254, 50.8953933716, 14.8995027542, -5.20388650894], [-77.229637146, -4.93549346924, -14.3612270355, 7.98947954178, 9.4765253067, 16.2680034637, 9.87718009949, 21.8183612823, 21.1737670898, 50.8953933716, 97.0203323364, 38.0584144592, 0.499881774187], [-86.3064956665, -29.8149929047, 43.9858512878, 8.8857793808, 28.548915863, 28.9043979645, 33.0703277588, 41.7918968201, 18.2467327118, 14.8995027542, 38.0584144592, 88.7613983154, 26.0857448578], [-69.9744949341, 71.1321029663, -7.51100683212, 46.245513916, 13.9871788025, 29.529083252, 0.451692670584, 14.3931398392, 14.9077968597, -5.20388650894, 0.499881774187, 26.0857448578, 94.3333816528]], "icov": [[0.000110926419438, 5.07832237417e-06, -7.05345519236e-05, -0.000168554106494, 3.61663097692e-07, 2.92868171528e-05, 0.000125253587612, -9.19467129279e-05, 7.22635959391e-05, -0.000286659575067, 0.000205556323635, 5.97421094426e-05, 0.000114833390398], [5.07832237417e-06, 0.000999851734377, 0.000555349804927, -0.000196660912479, -9.38406083151e-05, -0.00117275724187, -0.000576738268137, 0.00052951433463, -0.000710941909347, 0.000777113251388, -0.000214501807932, 0.000669109285809, -0.000335221062414], [-7.05345519236e-05, 0.000555349804927, 0.00311345071532, -0.000632268784102, -0.000420069118263, -0.00117086560931, -0.000850629992783, -0.00139313144609, 0.00170633790549, -0.00182560330722, 0.00209661992267, -0.00100001471583, 0.000627264147624], [-0.000168554106494, -0.000196660912479, -0.000632268784102, 0.00420877151191, -0.00199222145602, 0.000372497335775, -0.000376350159058, 0.000634557916783, -0.00182815326843, 0.00317129585892, -0.00238241464831, 0.00145594892092, -0.00193272391334], [3.61663097692e-07, -9.38406083151e-05, -0.000420069118263, -0.00199222145602, 0.0111675839871, -0.00534379482269, 0.000926040869672, 0.000201539645786, 0.000764476659242, -0.00390176125802, 0.00284161907621, -0.00307525950484, 0.00149523769505], [2.92868171528e-05, -0.00117275724187, -0.00117086560931, 0.000372497335775, -0.00534379482269, 0.0108346790075, -0.00223429710604, -0.00235831318423, 0.000192379651708, 0.00118381157517, -0.00202705012634, 0.00152174930554, -0.00197365623899], [0.000125253587612, -0.000576738268137, -0.000850629992783, -0.000376350159058, 0.000926040869672, -0.00223429710604, 0.0124947950244, -0.00414730515331, -0.000382605678169, -0.00194669771008, 0.00227608182468, -0.00322370952927, 0.0026120771654], [-9.19467129279e-05, 0.00052951433463, -0.00139313144609, 0.000634557916783, 0.000201539645786, -0.00235831318423, -0.00414730515331, 0.0116134239361, -0.0057393363677, 0.0024571584072, -0.001860962715, -0.000740362098441, -0.000676095252857], [7.22635959391e-05, -0.000710941909347, 0.00170633790549, -0.00182815326843, 0.000764476659242, 0.000192379651708, -0.000382605678169, -0.0057393363677, 0.0170032046735, -0.00918546691537, 0.0033689099364, -0.00155914167408, -0.000454762601294], [-0.000286659575067, 0.000777113251388, -0.00182560330722, 0.00317129585892, -0.00390176125802, 0.00118381157517, -0.00194669771008, 0.0024571584072, -0.00918546691537, 0.021348297596, -0.0119731454179, 0.00482742162421, -0.00129846483469], [0.000205556323635, -0.000214501807932, 0.00209661992267, -0.00238241464831, 0.00284161907621, -0.00202705012634, 0.00227608182468, -0.001860962715, 0.0033689099364, -0.0119731454179, 0.0204050261527, -0.00933392625302, 0.00341539201327], [5.97421094426e-05, 0.000669109285809, -0.00100001471583, 0.00145594892092, -0.00307525950484, 0.00152174930554, -0.00322370952927, -0.000740362098441, -0.00155914167408, 0.00482742162421, -0.00933392625302, 0.0191849209368, -0.00588857010007], [0.000114833390398, -0.000335221062414, 0.000627264147624, -0.00193272391334, 0.00149523769505, -0.00197365623899, 0.0026120771654, -0.000676095252857, -0.000454762601294, -0.00129846483469, 0.00341539201327, -0.00588857010007, 0.0140333343297]]}, "spectral_contrast_coeffs": {"dmean": [0.0530357174575, 0.0497450940311, 0.0354729667306, 0.0255517009646, 0.0199048295617, 0.0199264362454], "dmean2": [0.0851898118854, 0.0801729261875, 0.0572331920266, 0.0418695472181, 0.0319721512496, 0.032107822597], "dvar": [0.0022179717198, 0.00203268439509, 0.00102375238203, 0.000481619121274, 0.000325861532474, 0.000334885204211], "dvar2": [0.00562565447763, 0.00479928217828, 0.00245458679274, 0.00119570177048, 0.000741328753065, 0.00082051823847], "max": [-0.263645142317, -0.29207572341, -0.558591425419, -0.631747364998, -0.675141274929, -0.655185580254], "mean": [-0.620257735252, -0.659607827663, -0.78582650423, -0.813967347145, -0.818310916424, -0.784136414528], "median": [-0.625773966312, -0.662680029869, -0.791623830795, -0.820151090622, -0.823022723198, -0.78137254715], "min": [-0.991739451885, -0.986715435982, -0.996074140072, -0.969597935677, -0.976270973682, -0.964311301708], "var": [0.00614733994007, 0.0100768236443, 0.00395696796477, 0.00205531646498, 0.00154236145318, 0.00157754053362]}, "spectral_contrast_valleys": {"dmean": [0.398069113493, 0.495037317276, 0.498483240604, 0.447275221348, 0.434704512358, 0.565634846687], "dmean2": [0.615835607052, 0.738352060318, 0.739784896374, 0.649699449539, 0.570885181427, 0.656560957432], "dvar": [0.167377993464, 0.241739079356, 0.288891583681, 0.244305744767, 0.235623046756, 0.336898237467], "dvar2": [0.337219238281, 0.441944271326, 0.589572072029, 0.435267835855, 0.388327270746, 0.533495008945], "max": [-5.00306892395, -5.26372289658, -5.62115097046