{"lowlevel": {"average_loudness": 0.307348549366, "barkbands_crest": {"dmean": 2.05003118515, "dmean2": 3.45260906219, "dvar": 4.4766254425, "dvar2": 13.3575286865, "max": 25.926525116, "mean": 10.7210597992, "median": 9.7759552002, "min": 2.80880594254, "var": 17.903137207}, "barkbands_flatness_db": {"dmean": 0.0187410917133, "dmean2": 0.0305666700006, "dvar": 0.000413535308326, "dvar2": 0.00100575562101, "max": 0.608403801918, "mean": 0.265718191862, "median": 0.259173214436, "min": 0.0188207365572, "var": 0.0119918081909}, "barkbands_kurtosis": {"dmean": 2.44646883011, "dmean2": 3.96906995773, "dvar": 23.0900440216, "dvar2": 60.5828285217, "max": 153.918365479, "mean": 5.5640707016, "median": 3.02338266373, "min": -1.83905982971, "var": 73.2226104736}, "barkbands_skewness": {"dmean": 0.40113607049, "dmean2": 0.644081830978, "dvar": 0.234723523259, "dvar2": 0.603788912296, "max": 10.2069158554, "mean": 1.43839776516, "median": 1.27677881718, "min": -2.96523356438, "var": 1.23212122917}, "barkbands_spread": {"dmean": 1.68445086479, "dmean2": 2.69902896881, "dvar": 7.274061203, "dvar2": 17.703371048, "max": 103.993888855, "mean": 8.86371421814, "median": 6.5827703476, "min": 0.423167794943, "var": 52.1825942993}, "dissonance": {"dmean": 0.0271450020373, "dmean2": 0.0465480238199, "dvar": 0.000850853393786, "dvar2": 0.00241605006158, "max": 0.500000238419, "mean": 0.422473162413, "median": 0.436123013496, "min": 0.156212508678, "var": 0.00304691167548}, "dynamic_complexity": 5.76036930084, "erbbands_crest": {"dmean": 1.95065617561, "dmean2": 3.07997560501, "dvar": 4.10490751266, "dvar2": 9.93210887909, "max": 32.8354949951, "mean": 11.7722024918, "median": 10.4089412689, "min": 2.02861166, "var": 29.5922603607}, "erbbands_flatness_db": {"dmean": 0.0131045822054, "dmean2": 0.0198804102838, "dvar": 0.000236123189097, "dvar2": 0.000474823609693, "max": 0.509033322334, "mean": 0.260246813297, "median": 0.24221816659, "min": 0.0358356460929, "var": 0.00960150454193}, "erbbands_kurtosis": {"dmean": 1.09372675419, "dmean2": 1.70132887363, "dvar": 4.77498722076, "dvar2": 11.3814029694, "max": 66.956741333, "mean": 2.51028728485, "median": 0.839004993439, "min": -1.65598797798, "var": 28.7929401398}, "erbbands_skewness": {"dmean": 0.269168645144, "dmean2": 0.415160268545, "dvar": 0.0867707356811, "dvar2": 0.208891272545, "max": 6.81529045105, "mean": 0.752470254898, "median": 0.628416180611, "min": -6.4316110611, "var": 0.932679653168}, "erbbands_spread": {"dmean": 3.01530313492, "dmean2": 4.63796520233, "dvar": 17.5020275116, "dvar2": 40.0651512146, "max": 116.424057007, "mean": 19.0981216431, "median": 16.7186470032, "min": 0.97468316555, "var": 140.750991821}, "hfc": {"dmean": 1.77825307846, "dmean2": 2.60171079636, "dvar": 16.4404449463, "dvar2": 33.6310157776, "max": 112.501533508, "mean": 9.77828407288, "median": 5.16307640076, "min": 1.09613627114e-16, "var": 142.549575806}, "melbands_crest": {"dmean": 2.54924368858, "dmean2": 4.23899745941, "dvar": 6.28262329102, "dvar2": 17.6788158417, "max": 36.1145706177, "mean": 14.0709533691, "median": 13.3139324188, "min": 1.15808975697, "var": 26.3577461243}, "melbands_flatness_db": {"dmean": 0.0223236195743, "dmean2": 0.0363383106887, "dvar": 0.000607621041127, "dvar2": 0.00146455899812, "max": 0.800713121891, "mean": 0.374843239784, "median": 0.35974663496, "min": 0.000144808494952, "var": 0.0193007402122}, "melbands_kurtosis": {"dmean": 3.79818439484, "dmean2": 6.2070183754, "dvar": 53.0826416016, "dvar2": 141.536209106, "max": 241.919158936, "mean": 9.04116249084, "median": 5.20060014725, "min": -1.89464092255, "var": 156.262405396}, "melbands_skewness": {"dmean": 0.455555856228, "dmean2": 0.733191907406, "dvar": 0.283317565918, "dvar2": 0.725693404675, "max": 10.7528476715, "mean": 1.92064654827, "median": 1.7052500248, "min": -1.50274896622, "var": 1.63905727863}, "melbands_spread": {"dmean": 2.14454293251, "dmean2": 3.45984554291, "dvar": 19.6992740631, "dvar2": 53.3695716858, "max": 151.32194519, "mean": 10.7541837692, "median": 7.54600524902, "min": 0.535086333752, "var": 179.566818237}, "pitch_salience": {"dmean": 0.0569396913052, "dmean2": 0.0957967564464, "dvar": 0.00303001422435, "dvar2": 0.0087507776916, "max": 0.9888433218, "mean": 0.531618356705, "median": 0.539541482925, "min": 0.111441709101, "var": 0.0126053197309}, "silence_rate_20dB": {"dmean": 0, "dmean2": 0, "dvar": 0, "dvar2": 0, "max": 1, "mean": 1, "median": 1, "min": 1, "var": 0}, "silence_rate_30dB": {"dmean": 0.0208030417562, "dmean2": 0.0416107363999, "dvar": 0.0203690268099, "dvar2": 0.0461454167962, "max": 1, "mean": 0.968798935413, "median": 1, "min": 0, "var": 0.0302284155041}, "silence_rate_60dB": {"dmean": 0.0181187782437, "dmean2": 0.0362416096032, "dvar": 0.0177938062698, "dvar2": 0.0420861244202, "max": 1, "mean": 0.153880566359, "median": 0, "min": 0, "var": 0.13020503521}, "spectral_centroid": {"dmean": 71.5559997559, "dmean2": 114.463943481, "dvar": 26201.0195312, "dvar2": 53247.484375, "max": 11717.7119141, "mean": 658.902770996, "median": 462.599731445, "min": 141.860366821, "var": 948882.25}, "spectral_complexity": {"dmean": 1.37389552593, "dmean2": 2.26778531075, "dvar": 2.77319455147, "dvar2": 6.14341831207, "max": 50, "mean": 11.3666963577, "median": 10, "min": 0, "var": 52.6260795593}, "spectral_decrease": {"dmean": 1.59083801687e-09, "dmean2": 2.57691912253e-09, "dvar": 1.08764506363e-17, "dvar2": 2.59123227346e-17, "max": 1.83059900164e-20, "mean": -6.6917635877e-09, "median": -4.02979427605e-09, "min": -5.49963665719e-08, "var": 5.82936743153e-17}, "spectral_energy": {"dmean": 0.00612563733011, "dmean2": 0.00989970099181, "dvar": 0.000159820498084, "dvar2": 0.000379218865419, "max": 0.213628783822, "mean": 0.0261430945247, "median": 0.0158673748374, "min": 9.9419936422e-21, "var": 0.000883252301719}, "spectral_energyband_high": {"dmean": 3.2437601476e-05, "dmean2": 4.98417357448e-05, "dvar": 4.3183653986e-08, "dvar2": 1.14226125447e-07, "max": 0.0124473869801, "mean": 8.03715083748e-05, "median": 4.72101692139e-06, "min": 7.06441889144e-21, "var": 8.03995305887e-08}, "spectral_energyband_low": {"dmean": 0.00458652107045, "dmean2": 0.00768526224419, "dvar": 0.000125455044326, "dvar2": 0.00032120544347, "max": 0.194444581866, "mean": 0.011370764114, "median": 0.00451843487099, "min": 8.47469168402e-24, "var": 0.000359097815817}, "spectral_energyband_middle_high": {"dmean": 0.000616418896243, "dmean2": 0.000848716998007, "dvar": 2.28523458645e-06, "dvar2": 4.43162844022e-06, "max": 0.0507308281958, "mean": 0.00250194058754, "median": 0.000569773081224, "min": 1.20613858718e-21, "var": 1.52317616084e-05}, "spectral_energyband_middle_low": {"dmean": 0.00276255141944, "dmean2": 0.0043655205518, "dvar": 3.02752523567e-05, "dvar2": 6.73000176903e-05, "max": 0.189656123519, "mean": 0.013108626008, "median": 0.00795091316104, "min": 1.53534862023e-22, "var": 0.000276147096884}, "spectral_entropy": {"dmean": 0.126024991274, "dmean2": 0.19907733798, "dvar": 0.0264246463776, "dvar2": 0.0597144290805, "max": 9.81865787506, "mean": 6.41306781769, "median": 6.33203363419, "min": 4.24354887009, "var": 0.717079401016}, "spectral_flux": {"dmean": 0.015759466216, "dmean2": 0.0258546955884, "dvar": 0.000677198637277, "dvar2": 0.00157466472592, "max": 0.363365322351, "mean": 0.0499105453491, "median": 0.0377027653158, "min": 6.35607330657e-11, "var": 0.00201737647876}, "spectral_kurtosis": {"dmean": 16.8626213074, "dmean2": 29.209066391, "dvar": 822.603515625, "dvar2": 2388.06176758, "max": 545.601135254, "mean": 56.3085327148, "median": 16.2539978027, "min": -1.25614488125, "var": 6376.12744141}, "spectral_rms": {"dmean": 0.000509697769303, "dmean2": 0.000818195636384, "dvar": 5.90700892644e-07, "dvar2": 1.31895637878e-06, "max": 0.0144367003813, "mean": 0.00429612537846, "median": 0.0039345100522, "min": 3.11440304969e-12, "var": 7.04889816916e-06}, "spectral_rolloff": {"dmean": 121.058456421, "dmean2": 211.69883728, "dvar": 185606.453125, "dvar2": 497780.3125, "max": 20521.1425781, "mean": 754.966430664, "median": 516.796875, "min": 43.06640625, "var": 3074602}, "spectral_skewness": {"dmean": 0.872625887394, "dmean2": 1.51285934448, "dvar": 1.49673855305, "dvar2": 4.32177877426, "max": 18.0289974213, "mean": 4.51239967346, "median": 3.04652118683, "min": -0.0778060033917, "var": 12.145617485}, "spectral_spread": {"dmean": 316037.4375, "dmean2": 501481.5625, "dvar": 378272907264, "dvar2": 733079535616, "max": 42593584, "mean": 2732236.25, "median": 2376859.5, "min": 187026, "var": 13786006159400.0}, "spectral_strongpeak": {"dmean": 0.280596643686, "dmean2": 0.48342192173, "dvar": 0.306946635246, "dvar2": 0.754423618317, "max": 15.3059558868, "mean": 0.708887040615, "median": 0.332585930824, "min": 0, "var": 0.886387228966}, "zerocrossingrate": {"dmean": 0.00355154834688, "dmean2": 0.00466614449397, "dvar": 5.14169041708e-05, "dvar2": 9.27446453716e-05, "max": 0.52490234375, "mean": 0.0294640213251, "median": 0.02099609375, "min": 0.00244140625, "var": 0.00239913514815}, "barkbands": {"dmean": [0.000688291387632, 0.00342901051044, 0.00156575557776, 0.000858075916767, 0.000967017957009, 0.000890434952453, 0.000646918313578, 0.000615898810793, 0.000278569059446, 0.000251361605478, 0.00013402850891, 0.00013012283307, 0.000164391007274, 0.000200648966711, 0.000104534723505, 7.25452046026e-05, 5.37847845408e-05, 2.21552891162e-05, 2.12660561374e-05, 1.89256970771e-05, 1.02361809695e-05, 6.72487431075e-06, 4.07085144616e-06, 2.39270866587e-06, 2.26637894229e-06, 9.28878364448e-07, 3.7158986288e-07], "dmean2": [0.00107449793722, 0.00580496666953, 0.00264708022587, 0.00144025788177, 0.00163649907336, 0.00148181593977, 0.000956836505793, 0.000907288922463, 0.000354538438842, 0.000316742953146, 0.000178550631972, 0.000177137888386, 0.000219087276491, 0.000295242585707, 0.000165687029948, 0.000111019988253, 8.66030677571e-05, 3.42382663803e-05, 3.51241978933e-05, 3.05967332679e-05, 1.68304832187e-05, 1.09785769382e-05, 6.43626344754e-06, 3.59886371371e-06, 3.34858623319e-06, 1.35856498673e-06, 5.86940700487e-07], "dvar": [1.07893220047e-05, 9.26222273847e-05, 1.33833773361e-05, 2.93141920338e-06, 2.81257166534e-06, 6.25541088084e-06, 8.68078041094e-06, 2.29163947552e-06, 8.10041910881e-07, 4.99056056924e-07, 1.69594926547e-07, 1.53461442665e-07, 3.94916412461e-07, 4.02841919822e-07, 3.6133153003e-07, 6.33485655044e-08, 2.22982983189e-08, 4.50677672958e-09, 4.63140636953e-09, 9.85973258594e-09, 4.38793712476e-09, 3.91185173143e-09, 5.1615434149e-10, 1.15739598461e-10, 1.07394530768e-10, 1.20839041898e-11, 3.1416373409e-12], "dvar2": [2.36066625803e-05, 0.00025507438113, 3.871795343e-05, 8.61210719449e-06, 8.09298580862e-06, 1.8685730538e-05, 1.52418115249e-05, 5.28123064214e-06, 1.2308918258e-06, 7.49020500734e-07, 2.91576355949e-07, 2.46690603944e-07, 6.10792653788e-07, 8.30828639664e-07, 8.22432809855e-07, 1.33402309643e-07, 5.53440777651e-08, 1.02363850729e-08, 1.29600339349e-08, 2.633604268e-08, 1.17021023982e-08, 1.10049960256e-08, 1.27737920241e-09, 2.41550418556e-10, 2.22574486619e-10, 2.43184829912e-11, 7.47339169715e-12], "max": [0.0726126953959, 0.164246335626, 0.0673135668039, 0.0337016358972, 0.0334453992546, 0.0683564692736, 0.160153731704, 0.0491756796837, 0.03674788028, 0.0405437611043, 0.0126935206354, 0.0188953001052, 0.0336661487818, 0.0147479251027, 0.0493854098022, 0.00730188284069, 0.00311984075233, 0.00166842492763, 0.00161939591635, 0.00422550551593, 0.0039438274689, 0.00369667797349, 0.00120805122424, 0.000481110881083, 0.000424101832323, 0.000133788853418, 5.02775292262e-05], "mean": [0.00104807934258, 0.00637341383845, 0.00332951336168, 0.00158303719945, 0.00257229059935, 0.00311113731004, 0.0024708060082, 0.00170534022618, 0.00103451311588, 0.000951362890191, 0.000307958747726, 0.000289734918624, 0.00031648168806, 0.000401319353841, 0.000198265581275, 0.000153777364176, 0.000110649205453, 4.88401456096e-05, 4.33547247667e-05, 3.57596727554e-05, 2.03706731554e-05, 1.29611953525e-05, 9.24825963011e-06, 6.7637029133e-06, 5.88718967265e-06, 1.89754007351e-06, 4.20172682425e-07], "median": [2.97849128401e-05, 0.00203676940873, 0.00134015153162, 0.000733878754545, 0.0014602515148, 0.000856495054904, 0.000434855348431, 0.00062512466684, 0.000219145673327, 0.000128939296701, 5.93120894337e-05, 4.6158231271e-05, 3.46502492903e-05, 5.45153743587e-05, 2.88541123155e-05, 1.67331127159e-05, 8.32131627249e-06, 4.46602552984e-06, 2.9740726859e-06, 1.58948307671e-06, 1.37263441502e-06, 8.9580345275e-07, 4.27370252964e-07, 2.43021474944e-07, 1.96523345153e-07, 6.82868801505e-08, 1.19766374596e-08], "min": [6.93846652099e-25, 3.42780770917e-24, 1.29146174009e-24, 1.69501990502e-24, 8.40496584633e-24, 8.89150290937e-24, 7.31807250226e-24, 9.7018011097e-24, 1.38193742005e-23, 1.14765914183e-23, 1.43262536197e-23, 2.12923008873e-23, 3.51697289395e-23, 4.79508848803e-23, 5.16321453153e-23, 6.01855369187e-23, 7.41528746037e-23, 1.09908152905e-22, 1.21104121256e-22, 1.22736646811e-22, 2.35725396214e-22, 3.4835602801e-22, 4.10259445234e-22, 5.7183534948e-22, 8.69812826816e-22, 1.26728664169e-21, 1.97698569586e-21], "var": [2.04979078262e-05, 0.000181778697879, 2.90964126179e-05, 5.41761073691e-06, 1.09400707515e-05, 3.74801275029e-05, 8.89354123501e-05, 8.28812244436e-06, 6.25993970971e-06, 4.46400372311e-06, 6.64109450099e-07, 5.64585832308e-07, 1.11500753519e-06, 9.87334033198e-07, 5.16808825068e-07, 1.55843039806e-07, 5.4452851117e-08, 1.30456205838e-08, 1.15716076721e-08, 1.76204775215e-08, 5.81980685865e-09, 4.28094892868e-09, 1.32087674132e-09, 5.5302784574e-10, 5.00344488064e-10, 3.88816166763e-11, 3.21093303855e-12]}, "erbbands": {"dmean": [0.098015524447, 0.869775831699, 1.84359753132, 2.24950027466, 3.20859241486, 3.29175567627, 4.89624214172, 8.62189102173, 7.86435317993, 14.8925704956, 9.9989566803, 7.72532272339, 7.83693027496, 4.64917325974, 4.68150568008, 6.79926919937, 7.71296977997, 9.7458486557, 5.99052047729, 5.96158361435, 2.81334638596, 2.60443925858, 1.36581575871, 1.06164455414, 1.00589060783, 0.888560116291, 0.551851153374, 0.344028890133, 0.263471692801, 0.171803370118, 0.103529766202, 0.057349100709, 0.0406415164471, 0.0271593909711, 0.0154449306428, 0.00542002171278, 0.00148149079178, 0.000334952492267, 7.09015657776e-05, 9.45585270529e-06], "dmean2": [0.161561667919, 1.48483610153, 3.15192222595, 3.7250790596, 5.51860952377, 5.51887559891, 7.6290345192, 15.0340604782, 11.6748781204, 22.6268081665, 14.3632078171, 9.47952842712, 9.9417591095, 6.26291275024, 6.3304605484, 9.04935646057, 10.2436943054, 14.2104549408, 9.05562496185, 9.56479454041, 4.32530832291, 4.15546655655, 2.13216519356, 1.67948043346, 1.6806936264, 1.44815671444, 0.901949644089, 0.563420474529, 0.432782143354, 0.268664628267, 0.1643101722, 0.0863938257098, 0.0610986202955, 0.0411058776081, 0.0229913890362, 0.00796836335212, 0.00219525652938, 0.000514175393619, 0.000111633125925, 1.50972418851e-05], "dvar": [0.125228717923, 5.80262470245, 18.5139770508, 21.9444904327, 36.6614837646, 35.8144836426, 103.777351379, 688.140441895, 1387.58837891, 3905.63647461, 532.753356934, 593.536743164, 642.547363281, 158.56350708, 177.092300415, 409.268890381, 929.32800293, 914.567443848, 1342.60302734, 361.516387939, 67.2361526489, 66.4118347168, 15.2778997421, 10.6564035416, 14.2403392792, 20.6883239746, 14.5427284241, 5.01099061966, 6.45044708252, 1.17220938206, 0.377070009708, 0.0697545483708, 0.0315868929029, 0.0174651239067, 0.00482770428061, 0.000427196209785, 3.13758355333e-05, 2.04957427741e-06, 1.05360953739e-07, 4.6827436373e-10], "dvar2": [0.306090354919, 16.7035484314, 53.6625175476, 62.0956039429, 114.458114624, 98.3282928467, 256.802764893, 2173.14916992, 2536.51245117, 8330.0390625, 1136.79382324, 847.663696289, 982.783691406, 281.88394165, 310.097106934, 639.005371094, 1419.92248535, 1858.68554688, 3014.36621094, 897.90057373, 141.731582642, 161.881896973, 35.8760375977, 26.3587226868, 41.0866699219, 56.3521270752, 39.5222015381, 13.2691783905, 18.4379291534, 2.78592634201, 0.973483383656, 0.156194746494, 0.0661100596189, 0.0386316291988, 0.0101423021406, 0.000885387824383, 6.53628303553e-05, 4.66136452815e-06, 2.45388406483e-07, 1.1067935457e-09], "max": [6.21375513077, 39.3424072266, 73.3636932373, 78.6218185425, 132.377670288, 135.515823364, 312.512237549, 602.37121582, 2467.10083008, 3609.18457031, 535.664001465, 1010.08239746, 1592.69665527, 438.126373291, 385.339324951, 1003.60406494, 1680.89770508, 737.213500977, 2896.71606445, 646.420654297, 215.528106689, 195.233520508, 88.455039978, 92.8606948853, 97.0676727295, 160.266784668, 239.20880127, 123.708381653, 154.21144104, 57.4666976929, 29.2220954895, 10.3170967102, 8.45756340027, 5.03828620911, 2.7720618248, 0.850585997105, 0.172325655818, 0.0404404252768, 0.00871786195785, 0.000666915031616], "mean": [0.172412738204, 1.46456694603, 3.87953972816, 4.85044288635, 6.5972495079, 8.54298019409, 16.187374115, 27.4691982269, 30.6429347992, 45.3577003479, 31.5217399597, 30.4670200348, 32.1743431091, 13.5949287415, 11.7777605057, 15.8544826508, 15.5371923447, 20.6920185089, 12.0386514664, 11.8099250793, 6.9011554718, 5.55200242996, 3.24671173096, 2.31843471527, 2.02396225929, 1.7170214653, 1.10342955589, 0.697240114212, 0.506418466568, 0.344997227192, 0.244699403644, 0.150311306119, 0.110914126039, 0.0705954357982, 0.037834867835, 0.0119304666296, 0.00289932498708, 0.000510413141456, 9.00713421288e-05, 3.28747446474e-05], "median": [0.042689524591, 0.519430875778, 1.60983085632, 2.41186475754, 3.42305135727, 4.66594457626, 6.16785478592, 7.0232963562, 5.98993396759, 10.294921875, 12.8136348724, 8.00706672668, 4.36283397675, 3.58477115631, 3.05368995667, 2.55585289001, 2.05460309982, 3.2156867981, 1.84585702419, 1.33220589161, 0.776951253414, 0.462500661612, 0.285422116518, 0.200633764267, 0.124239295721, 0.078738451004, 0.0630456805229, 0.0474349707365, 0.0338060073555, 0.022351462394, 0.0108970180154, 0.00592016708106, 0.00356494262815, 0.00195672595873, 0.00152171356604, 0.000487463257741, 9.0439694759e-05, 1.64087068697e-05, 1.36280596053e-05, 1.9743161829e-05], "min": [6.31995093802e-23, 6.52319003242e-22, 2.4438029339e-21, 4.49748438803e-21, 9.58530027581e-21, 2.09409011562e-20, 5.02872304186e-20, 5.26242676807e-20, 8.24053288226e-20, 2.37030698328e-19, 1.63720381899e-19, 3.65633321192e-19, 4.08437875789e-19, 8.68250440159e-19, 1.0974536059e-18, 9.9550876528e-19, 1.91420388452e-18, 2.2717394694e-18, 3.11248977311e-18, 3.40527283247e-18, 4.48717358169e-18, 4.61266473883e-18, 6.49114351987e-18, 5.50122215284e-18, 7.81659705391e-18, 6.13521142461e-18, 9.0807763569e-18, 1.11684073422e-17, 1.24255622275e-17, 1.10654365909e-17, 1.13522697401e-17, 1.0281763197e-17, 1.00378276343e-17, 7.64436564267e-18, 6.25755929542e-18, 3.50284147405e-18, 2.31759339948e-18, 9.94862220234e-19, 2.60862418011e-19, 2.58681317219e-20], "var": [0.244158923626, 8.69100379944, 35.7479667664, 48.5107460022, 80.1459121704, 150.796173096, 792.594177246, 3228.93798828, 15544.5849609, 19890.6972656, 2243.63720703, 4853.90332031, 5980.76171875, 712.092102051, 714.004821777, 1586.45922852, 2639.24169922, 2390.60864258, 1971.31115723, 727.589294434, 218.268768311, 154.529586792, 46.8472480774, 29.0149936676, 31.089050293, 41.1555519104, 18.4209747314, 7.08420801163, 6.27631902695, 2.53677225113, 0.867802739143, 0.276039630175, 0.153260618448, 0.0757615119219, 0.0197414979339, 0.00148226181045, 9.39043529797e-05, 3.40497103934e-06, 1.11440641604e-07, 1.45389089656e-09]}, "gfcc": {"mean": [-150.711883545, 187.463378906, -93.1616897583, -4.07385540009, -35.2251548767, -3.69248700142, -28.0820846558, -0.398781746626, -10.0420408249, -1.07455766201, -11.0728416443, -8.33516979218, -6.7282910347], "cov": [[35259.109375, -3133.66088867, -4945.4609375, 3166.29589844, -1239.89782715, 925.15802002, -605.483398438, 743.849853516, -475.724304199, 679.812927246, -326.104187012, 118.540008545, -175.898742676], [-3133.66088867, 4692.68701172, 158.166046143, -1841.91125488, 1398.20385742, -884.009521484, 226.364334106, -321.379119873, 467.428649902, -383.955108643, 229.613555908, -274.403503418, 197.563476562], [-4945.4609375, 158.166046143, 1664.18066406, -280.33694458, -92.2258758545, 157.840118408, 47.7066612244, -12.134431839, 34.5060997009, -37.8226318359, -9.28478431702, 23.5914878845, -50.9910087585], [3166.29589844, -1841.91125488, -280.33694458, 1276.64819336, -562.776428223, 375.198516846, 9.79065036774, 116.620422363, -199.139877319, 159.925704956, -93.1634368896, 88.5648422241, -78.4919509888], [-1239.89782715, 1398.20385742, -92.2258758545, -562.776428223, 833.401367188, -266.8409729, 134.904647827, -51.9437294006, 170.663955688, -127.298736572, 104.638496399, -89.3397979736, 81.5229492188], [925.15802002, -884.009521484, 157.840118408, 375.198516846, -266.8409729, 473.105743408, -1.89715433121, 109.858314514, -107.701026917, 70.6148834229, -52.4652709961, 61.7398414612, -39.4767799377], [-605.483398438, 226.364334106, 47.7066612244, 9.79065036774, 134.904647827, -1.89715433121, 187.947113037, -21.5615882874, 18.9540939331, -33.3141899109, 17.7905330658, -20.9374504089, 15.4400081635], [743.849853516, -321.379119873, -12.134431839, 116.620422363, -51.9437294006, 109.858314514, -21.5615882874, 149.465545654, 1.78307747841, 47.8335113525, -3.36970281601, 28.5551357269, -5.07930755615], [-475.724304199, 467.428649902, 34.5060997009, -199.139877319, 170.663955688, -107.701026917, 18.9540939331, 1.78307747841, 151.989608765, -6.08876562119, 38.4020309448, -25.3396968842, 31.9234981537], [679.812927246, -383.955108643, -37.8226318359, 159.925704956, -127.298736572, 70.6148834229, -33.3141899109, 47.8335113525, -6.08876562119, 109.543518066, 2.74045276642, 25.4024772644, -8.84182834625], [-326.104187012, 229.613555908, -9.28478431702, -93.1634368896, 104.638496399, -52.4652709961, 17.7905330658, -3.36970281601, 38.4020309448, 2.74045276642, 84.0431900024, 12.7206373215, 16.6023044586], [118.540008545, -274.403503418, 23.5914878845, 88.5648422241, -89.3397979736, 61.7398414612, -20.9374504089, 28.5551357269, -25.3396968842, 25.4024772644, 12.7206373215, 83.7981567383, 20.5888957977], [-175.898742676, 197.563476562, -50.9910087585, -78.4919509888, 81.5229492188, -39.4767799377, 15.4400081635, -5.07930755615, 31.9234981537, -8.84182834625, 16.6023044586, 20.5888957977, 92.9768600464]], "icov": [[0.00015031217481, -0.000389085966162, 0.000437284092186, -0.000411202403484, 9.21086393646e-05, -0.000303453794913, 0.000411557703046, -0.000559145002626, 0.000269250478595, -0.000719287025277, 0.000697721086908, -0.000494137406349, 0.000519293069374], [-0.000389085966162, 0.00218258239329, -0.00116775522474, 0.00179941696115, -0.000639026227873, 0.00112309679389, -0.00138494605199, 0.00211468013003, -0.00174571305979, 0.00330605939962, -0.00304418383166, 0.00305386143737, -0.00233135023154], [0.000437284092186, -0.00116775522474, 0.0020693554543, -0.000805526215117, 0.000569206953514, -0.00136881589424, 0.000745724886656, -0.00144645501859, 0.000271709955996, -0.00187762442511, 0.00225322018377, -0.00212946604006, 0.00227769557387], [-0.000411202403484, 0.00179941696115, -0.000805526215117, 0.00339450943284, 0.00014493582421, 0.00057398743229, -0.00260655069724, 0.0016016830923, -0.000598606595304, 0.0014746208908, -0.0018184541259, 0.00159641529899, -0.00122361327522], [9.21086393646e-05, -0.000639026227873, 0.000569206953514, 0.00014493582421, 0.00322165805846, -0.000187022567843, -0.00100793561433, -0.00137689569965, -0.000581625092309, 0.00103490008041, -0.00147519120947, 0.00111853156704, -0.000531555037014], [-0.000303453794913, 0.00112309679389, -0.00136881589424, 0.00057398743229, -0.000187022567843, 0.00477109011263, -0.00167432322633, -0.000892641022801, 0.00091816636268, 0.000995282200165, -0.000537826155778, 0.000363294413546, -0.00101266172715], [0.000411557703046, -0.00138494605199, 0.000745724886656, -0.00260655069724, -0.00100793561433, -0.00167432322633, 0.00868656579405, -0.000660570221953, 0.000661469530314, -0.000515361316502, 0.000561875523999, 0.000203200965188, 0.000202750321478], [-0.000559145002626, 0.00211468013003, -0.00144645501859, 0.0016016830923, -0.00137689569965, -0.000892641022801, -0.000660570221953, 0.0122085800394, -0.00382726336829, 0.00106525584124, -0.00259896693751, 0.0006126476801, -0.00164362986106], [0.000269250478595, -0.00174571305979, 0.000271709955996, -0.000598606595304, -0.000581625092309, 0.00091816636268, 0.000661469530314, -0.00382726336829, 0.0130980517715, -0.00566235603765, 0.00047195708612, 0.000426710379543, -0.000771098071709], [-0.000719287025277, 0.00330605939962, -0.00187762442511, 0.0014746208908, 0.00103490008041, 0.000995282200165, -0.000515361316502, 0.00106525584124, -0.00566235603765, 0.0207193214446, -0.00895322766155, 0.00507042557001, -0.00412119040266], [0.000697721086908, -0.00304418383166, 0.00225322018377, -0.0018184541259, -0.00147519120947, -0.000537826155778, 0.000561875523999, -0.00259896693751, 0.00047195708612, -0.00895322766155, 0.0231652222574, -0.0119043225423, 0.00580502627417], [-0.000494137406349, 0.00305386143737, -0.00212946604006, 0.00159641529899, 0.00111853156704, 0.000363294413546, 0.000203200965188, 0.0006126476801, 0.000426710379543, 0.00507042557001, -0.0119043225423, 0.0254749841988, -0.0112506514415], [0.000519293069374, -0.00233135023154, 0.00227769557387, -0.00122361327522, -0.000531555037014, -0.00101266172715, 0.000202750321478, -0.00164362986106, -0.000771098071709, -0.00412119040266, 0.00580502627417, -0.0112506514415, 0.0181480441242]]}, "melbands": {"dmean": [0.000876515172422, 0.00102972250897, 0.000400988879846, 0.000215938343899, 0.000171424646396, 0.000183204334462, 0.000118466778076, 0.000157924412633, 7.55453438614e-05, 4.28627135989e-05, 3.88794360333e-05, 1.9172381144e-05, 1.96705987037e-05, 1.40179126902e-05, 1.93635878531e-05, 1.34533593155e-05, 2.04862135433e-05, 1.07138039311e-05, 6.4703199314e-06, 8.10894835013e-06, 3.05513299281e-06, 3.08528433379e-06, 1.99382179744e-06, 1.21016785215e-06, 9.26404311485e-07, 7.42321219604e-07, 6.60047362544e-07, 7.2171684451e-07, 4.35806299492e-07, 2.88197753662e-07, 1.99925267452e-07, 1.67449783817e-07, 1.1968579372e-07, 1.01014926202e-07, 6.40126387452e-08, 5.68161766523e-08, 3.16956310087e-08, 3.23783844181e-08, 2.78990412994e-08, 2.46763462997e-08], "dmean2": [0.00146523548756, 0.00175124034286, 0.00066923716804, 0.000372409907868, 0.000272011995548, 0.000315014767693, 0.000173956199433, 0.000239855435211, 0.000106566418253, 5.33943057235e-05, 4.92833751196e-05, 2.59693588305e-05, 2.61729965132e-05, 1.88892881852e-05, 2.58620311797e-05, 1.84031978279e-05, 3.00093051919e-05, 1.61483803822e-05, 1.02667709143e-05, 1.27824368974e-05, 4.75476326756e-06, 4.97277869727e-06, 3.15954321195e-06, 1.91296999219e-06, 1.48091601204e-06, 1.21620223581e-06, 1.10849271096e-06, 1.17369734198e-06, 7.12246787771e-07, 4.77136268273e-07, 3.30392566639e-07, 2.77152594208e-07, 1.95428086158e-07, 1.59516787335e-07, 1.01791457041e-07, 9.06214054908e-08, 4.88924456477e-08, 5.06906481235e-08, 4.33091464913e-08, 3.77625717363e-08], "dvar": [7.12566225047e-06, 6.20765695203e-06, 6.04044828378e-07, 1.51683906324e-07, 1.14392094019e-07, 2.90119430701e-07, 3.25614081476e-07, 3.78736217499e-07, 3.03402174495e-08, 1.98047409583e-08, 1.57922777078e-08, 2.9270401658e-09, 3.73802322429e-09, 1.69509839498e-09, 4.14772971524e-09, 1.87723236955e-09, 4.35990132885e-09, 3.30787797154e-09, 8.6071338945e-10, 7.13308023759e-10, 7.17932727157e-11, 9.78463629564e-11, 3.93508281515e-11, 1.47997118033e-11, 8.48525763542e-12, 5.9783562649e-12, 7.18600049257e-12, 1.62137994003e-11, 8.98046827874e-12, 3.96349099374e-12, 1.52130196461e-12, 2.83721787384e-12, 8.99508386613e-13, 3.25116127596e-13, 1.35109913708e-13, 8.98322689564e-14, 1.96614253334e-14, 2.04484036447e-14, 1.76236114461e-14, 1.42506550993e-14], "dvar2": [1.81446248462e-05, 1.78476166184e-05, 1.73447597263e-06, 4.57671035292e-07, 2.92650298661e-07, 9.03992088297e-07, 5.71746568312e-07, 8.31318118344e-07, 6.31932621786e-08, 2.94978708126e-08, 2.40655317896e-08, 5.13388309642e-09, 6.37275698878e-09, 2.69235633787e-09, 6.64162902453e-09, 3.15081161162e-09, 8.8326181924e-09, 7.36535987755e-09, 1.96315763645e-09, 1.58792878846e-09, 1.64773084066e-10, 2.40972575227e-10, 9.28392709931e-11, 3.49641045283e-11, 2.15008739979e-11, 1.56670214996e-11, 2.0993136049e-11, 4.35641904495e-11, 2.45818452399e-11, 1.04335819498e-11, 4.14878287974e-12, 8.28261764729e-12, 2.35652990177e-12, 7.63566564577e-13, 3.47931156542e-13, 2.38140480642e-13, 4.55860358955e-14, 4.69368196653e-14, 4.03075739019e-14, 3.34485687574e-14], "max": [0.0449547208846, 0.0471419766545, 0.0123678268865, 0.00758766336367, 0.00964294932783, 0.0131153799593, 0.0375374034047, 0.0341909192502, 0.00414485111833, 0.0053966450505, 0.00785604678094, 0.00191773835104, 0.00183534540702, 0.00199298094958, 0.00312550598755, 0.00213346001692, 0.00169499462936, 0.00410729693249, 0.00221181707457, 0.000766541634221, 0.000197092012968, 0.000255961582297, 0.000177977912244, 0.000101516736322, 8.37209518068e-05, 7.5590563938e-05, 6.13975862507e-05, 0.000134259127663, 0.000181210722076, 0.000126061742776, 5.24699062225e-05, 0.000104340266262, 4.73468717246e-05, 3.37048586516e-05, 1.51563108375e-05, 1.36652815854e-05, 5.85389216212e-06, 6.82045811118e-06, 4.51242794952e-06, 4.01299439545e-06], "mean": [0.00173680810258, 0.00207370729186, 0.000908105052076, 0.00053681479767, 0.000564094865695, 0.000611057621427, 0.000470909697469, 0.000468037847895, 0.000249210366746, 0.000166400830494, 0.000155332658323, 5.34033606527e-05, 4.50713887403e-05, 3.19342179864e-05, 4.02263685828e-05, 2.78917887044e-05, 4.15169452026e-05, 2.04316256713e-05, 1.3116217815e-05, 1.56594505825e-05, 6.8589329203e-06, 6.22477409706e-06, 3.89190927308e-06, 2.43519411924e-06, 1.80633173841e-06, 1.47663718053e-06, 1.19469132187e-06, 1.22753453979e-06, 7.80756579388e-07, 5.140161079e-07, 3.66632946225e-07, 2.99897038758e-07, 2.14270698962e-07, 1.89677905382e-07, 1.42244957146e-07, 1.22801665725e-07, 7.71779724573e-08, 7.91505954112e-08, 6.89628052442e-08, 5.73212552979e-08], "median": [0.000485005497467, 0.000872209318914, 0.000487153331051, 0.000311183684971, 0.00023140956182, 0.00015912661911, 8.51419390528e-05, 0.000117784395115, 9.72472553258e-05, 3.90445056837e-05, 1.69036557054e-05, 1.30001271827e-05, 8.84765995579e-06, 5.84190456721e-06, 5.52249912289e-06, 3.69849476556e-06, 5.84586450714e-06, 2.66977576757e-06, 1.88148214875e-06, 1.58682314577e-06, 6.13062638877e-07, 4.55281167433e-07, 2.77765252577e-07, 1.70247119513e-07, 1.44990963236e-07, 9.38241058179e-08, 6.46782467584e-08, 4.41872387569e-08, 3.76354947207e-08, 3.11351975313e-08, 2.44708466823e-08, 1.87323543344e-08, 1.49922065873e-08, 1.06506785613e-08, 6.397693042e-09, 4.04243438723e-09, 3.24827875708e-09, 2.67814281862e-09, 1.46805623213e-09, 1.54157975274e-09], "min": [1.15272023674e-24, 1.82313288818e-24, 1.19687435933e-24, 6.8922205365e-25, 1.86356832046e-24, 1.40186814859e-24, 1.16586433575e-24, 1.90555997809e-24, 1.54797445735e-24, 1.95895363403e-24, 1.93144092667e-24, 3.32348046003e-24, 2.85494086411e-24, 2.37621076301e-24, 3.90645064114e-24, 3.32780815095e-24, 3.58218147744e-24, 2.22345948441e-24, 3.56724005746e-24, 4.77293703715e-24, 4.64222081301e-24, 3.9736750009e-24, 4.91697791085e-24, 4.91665329459e-24, 3.25433502675e-24, 4.02241201091e-24, 3.98961235777e-24, 3.33285409973e-24, 4.4857676074e-24, 4.058943765e-24, 5.24464785391e-24, 6.41976424618e-24, 4.21622409127e-24, 5.44062299088e-24, 5.95906632209e-24, 6.38064502833e-24, 6.30933515794e-24, 6.4253986852e-24, 5.31169235339e-24, 6.07654861569e-24], "var": [1.70318980963e-05, 1.06755969682e-05, 1.44579405514e-06, 4.71719147299e-07, 8.22205663553e-07, 1.51499227741e-06, 3.70531324734e-06, 1.75296327143e-06, 1.42147015936e-07, 1.53550615778e-07, 1.46358345887e-07, 1.34391715534e-08, 1.44672380742e-08, 6.3833005548e-09, 1.27170531883e-08, 5.72867442372e-09, 1.09837863249e-08, 5.27477261869e-09, 1.42914413637e-09, 1.60984747755e-09, 2.17746654041e-10, 2.12617048967e-10, 9.15292980297e-11, 3.87242841959e-11, 1.97342107933e-11, 1.49433746627e-11, 1.32170576567e-11, 2.93162022436e-11, 1.06772091168e-11, 4.80994497704e-12, 2.0255288332e-12, 2.42698135894e-12, 1.24509614858e-12, 7.22772590476e-13, 3.01252078838e-13, 2.05013469309e-13, 7.32625765609e-14, 8.16227239877e-14, 6.60759085793e-14, 5.3964299663e-14]}, "mfcc": {"mean": [-771.680969238, 197.794525146, 15.2100429535, 13.4147138596, 7.54331016541, 3.79594182968, -6.2326669693, -1.64030015469, 1.84009432793, 3.6235575676, 2.80631422997, 0.416947543621, -1.63362300396], "cov": [[15435.5029297, 516.729797363, -2764.57739258, 346.750427246, 82.7837600708, 220.162307739, 209.92578125, 126.144363403, 97.3232955933, 180.372879028, 68.6044921875, 148.956695557, 60.954334259], [516.729797363, 3449.42651367, -233.925033569, -486.907562256, 451.901824951, -102.499725342, -167.654922485, -44.8073768616, 41.7367553711, 9.8818693161, 65.1843490601, -28.5970668793, -67.5281906128], [-2764.57739258, -233.925033569, 1303.89624023, 52.6225242615, -118.589012146, 96.8342208862, 9.13670921326, 24.2182388306, 24.7584438324, -5.13936567307, 8.47965145111, 18.5101909637, 31.3278713226], [346.750427246, -486.907562256, 52.6225242615, 476.544616699, -103.030487061, 34.3268737793, 67.7474746704, 24.0538768768, -6.18205404282, 11.6403312683, 1.07882547379, 15.3472852707, 34.252166748], [82.7837600708, 451.901824951, -118.589012146, -103.030487061, 242.753219604, 5.59994268417, -11.5329742432, 23.4382820129, 25.4328632355, 14.6785678864, 9.81383705139, 3.46915555, -6.53961372375], [220.162307739, -102.499725342, 96.8342208862, 34.3268737793, 5.59994268417, 183.463577271, 104.980789185, 41.1320304871, 22.6815223694, 9.74794006348, 0.233709946275, 18.4090213776, 9.48417186737], [209.92578125, -167.654922485, 9.13670921326, 67.7474746704, -11.5329742432, 104.980789185, 184.601333618, 78.7215957642, 20.372467041, 14.5787496567, -4.03688430786, 17.0860023499, 15.5458545685], [126.144363403, -44.8073768616, 24.2182388306, 24.0538768768, 23.4382820129, 41.1320304871, 78.7215957642, 102.037414551, 35.3994255066, 3.15345716476, 1.94177281857, 9.11693191528, 3.97272133827], [97.3232955933, 41.7367553711, 24.7584438324, -6.18205404282, 25.4328632355, 22.6815223694, 20.372467041, 35.3994255066, 87.3064956665, 35.7894554138, -2.60347223282, 2.96147704124, 3.60684323311], [180.372879028, 9.8818693161, -5.13936567307, 11.6403312683, 14.6785678864, 9.74794006348, 14.5787496567, 3.15345716476, 35.7894554138, 77.277557373, 29.1616783142, -3.47538328171, 4.67093610764], [68.6044921875, 65.1843490601, 8.47965145111, 1.07882547379, 9.81383705139, 0.233709946275, -4.03688430786, 1.94177281857, -2.60347223282, 29.1616783142, 69.1894989014, 20.48204422, -6.39750432968], [148.956695557, -28.5970668793, 18.5101909637, 15.3472852707, 3.46915555, 18.4090213776, 17.0860023499, 9.11693191528, 2.96147704124, -3.47538328171, 20.48204422, 83.2907409668, 44.6304664612], [60.954334259, -67.5281906128, 31.3278713226, 34.252166748, -6.53961372375, 9.48417186737, 15.5458545685, 3.97272133827, 3.60684323311, 4.67093610764, -6.39750432968, 44.6304664612, 87.0964050293]], "icov": [[0.000144059900776, -5.4612835811e-05, 0.000358970661182, -0.000116417446407, 0.000251121091424, -0.000403078505769, 0.000254669284914, -0.00032541618566, 3.5620869312e-05, -0.000394339615013, 0.000117377734568, -0.000317475001793, -3.3863916542e-06], [-5.4612835811e-05, 0.000466123921797, -0.000140197720611, 0.000292904442176, -0.000823479727842, 0.000292329903459, -7.77168243076e-05, 0.000455719331512, -0.000362101680366, 0.00055422342848, -0.000632666458841, 0.000371477974113, -1.72746349563e-05], [0.000358970661182, -0.000140197720611, 0.00178159493953, -0.000269613752607, 0.00117350404616, -0.00170623627491, 0.00120600417722, -0.00120909709949, -0.000212262399145, -0.000728165789042, -5.67562019569e-05, -0.000602431769948, -0.000428545463365], [-0.000116417446407, 0.000292904442176, -0.000269613752607, 0.0027459547855, 0.000459325412521, 0.000312820193358, -0.000717508955859, -8.64562171046e-05, 0.000284450303297, -7.72090497776e-05, -0.000447427388281, 0.000468500860734, -0.000822484609671], [0.000251121091424, -0.000823479727842, 0.00117350404616, 0.000459325412521, 0.00687962630764, -0.00179136695806, 0.00188281876035, -0.00325369695202, 0.000157650618348, -0.00226508476771, 0.000953641603701, -0.00131403771229, -3.46405504388e-05], [-0.000403078505769, 0.000292329903459, -0.00170623627491, 0.000312820193358, -0.00179136695806, 0.0101069882512, -0.00636134203523, 0.00274228979833, -0.00174408429302, 0.001905319863, -0.00066656403942, -0.000109037304355, 0.000751670566387], [0.000254669284914, -7.77168243076e-05, 0.00120600417722, -0.000717508955859, 0.00188281876035, -0.00636134203523, 0.0133659215644, -0.0095670344308, 0.00347285810858, -0.00505830952898, 0.0033760771621, -0.00212886882946, -3.90056375181e-05], [-0.00032541618566, 0.000455719331512, -0.00120909709949, -8.64562171046e-05, -0.00325369695202, 0.00274228979833, -0.0095670344308, 0.0204547531903, -0.00885173212737, 0.00802706275135, -0.00509247230366, 0.00237924000248, -0.000375482602976], [3.5620869312e-05, -0.000362101680366, -0.000212262399145, 0.000284450303297, 0.000157650618348, -0.00174408429302, 0.00347285810858, -0.00885173212737, 0.0206166170537, -0.013316962868, 0.00859962496907, -0.00418302416801, 0.00228001037613], [-0.000394339615013, 0.00055422342848, -0.000728165789042, -7.72090497776e-05, -0.00226508476771, 0.001905319863, -0.00505830952898, 0.00802706275135, -0.013316962868, 0.0274055786431, -0.0156249674037, 0.00944299995899, -0.00574767263606], [0.000117377734568, -0.000632666458841, -5.67562019569e-05, -0.000447427388281, 0.000953641603701, -0.00066656403942, 0.0033760771621, -0.00509247230366, 0.00859962496907, -0.0156249674037, 0.0263871997595, -0.0121035641059, 0.00801981147379], [-0.000317475001793, 0.000371477974113, -0.000602431769948, 0.000468500860734, -0.00131403771229, -0.000109037304355, -0.00212886882946, 0.00237924000248, -0.00418302416801, 0.00944299995899, -0.0121035641059, 0.0231430251151, -0.012354016304], [-3.3863916542e-06, -1.72746349563e-05, -0.000428545463365, -0.000822484609671, -3.46405504388e-05, 0.000751670566387, -3.90056375181e-05, -0.000375482602976, 0.00228001037613, -0.00574767263606, 0.00801981147379, -0.012354016304, 0.0190211683512]]}, "spectral_contrast_coeffs": {"dmean": [0.0400262512267, 0.0335621275008, 0.02620883286, 0.0246540419757, 0.0166824962944, 0.0220081973821], "dmean2": [0.0682951658964, 0.0561883971095, 0.0417967475951, 0.0396411716938, 0.0269551780075, 0.0374081730843], "dvar": [0.00111989176366, 0.000940936850384, 0.000590715324506, 0.000625215936452, 0.000275759404758, 0.000835337268654], "dvar2": [0.00323301739991, 0.00250513339415, 0.00138668180443, 0.00152191729285, 0.000639131758362, 0.0023069048766], "max": [-0.328904211521, -0.392367780209, -0.42589443922, -0.512887597084, -0.555401921272, -0.520251214504], "mean": [-0.663861334324, -0.699451506138, -0.733127355576, -0.754115641117, -0.783776819706, -0.810304284096], "median": [-0.666212618351, -0.706603825092, -0.736845910549, -0.755534887314, -0.789235651493, -0.795796871185], "min": [-0.981222331524, -0.982663452625, -0.98050558567, -0.979961693287, -0.978608548641, -0.964701533318], "var": [0.00658647483215, 0.007760186214, 0.00581201910973, 0.0051502357237, 0.00581086194143, 0.00465556420386]}, "spectral_contrast_valleys": {"dmean": [0.327976495028, 0.272602558136, 0.253781467676, 0.240844607353, 0.213924407959, 0.376537889242], "dmean2": [0.555411756039, 0.454435616732, 0.411844104528, 0.390622228384, 0.332319825888, 0.625761926174], "dvar": [0.113355383277, 0.0927739739418, 0.0859206914902, 0.108119152486, 0.113607294858, 0.28579518199], "dvar2": [0.259619176388, 0.1996026