{"lowlevel": {"average_loudness": 0.377225846052, "barkbands_crest": {"dmean": 1.88154733181, "dmean2": 2.80841898918, "dvar": 5.15081357956, "dvar2": 11.2964029312, "max": 26.727230072, "mean": 16.5879364014, "median": 16.4407596588, "min": 4.73338508606, "var": 24.6745948792}, "barkbands_flatness_db": {"dmean": 0.0285812728107, "dmean2": 0.0475809127092, "dvar": 0.000645002932288, "dvar2": 0.00164777156897, "max": 0.695671737194, "mean": 0.487944871187, "median": 0.490286767483, "min": 0.0653807073832, "var": 0.00361100956798}, "barkbands_kurtosis": {"dmean": 2.72110939026, "dmean2": 3.87205719948, "dvar": 53.4135169983, "dvar2": 94.4888763428, "max": 356.220184326, "mean": 6.90701770782, "median": 3.19248580933, "min": -1.89645123482, "var": 205.568786621}, "barkbands_skewness": {"dmean": 0.46464908123, "dmean2": 0.646410346031, "dvar": 0.380048274994, "dvar2": 0.739671945572, "max": 9.52229118347, "mean": 0.443302303553, "median": 0.529501914978, "min": -10.2446613312, "var": 2.9687769413}, "barkbands_spread": {"dmean": 0.483624756336, "dmean2": 0.700724482536, "dvar": 0.66209602356, "dvar2": 1.25222611427, "max": 30.929977417, "mean": 2.37433433533, "median": 1.92116308212, "min": 0.0759784579277, "var": 3.08153915405}, "dissonance": {"dmean": 0.0591361708939, "dmean2": 0.101312458515, "dvar": 0.0036224515643, "dvar2": 0.010029533878, "max": 0.497009783983, "mean": 0.273076742887, "median": 0.27180865407, "min": 0.03000064753, "var": 0.00733755296096}, "dynamic_complexity": 4.59469556808, "erbbands_crest": {"dmean": 2.17652654648, "dmean2": 3.22867417336, "dvar": 7.39130067825, "dvar2": 14.8158254623, "max": 33.7604141235, "mean": 19.068939209, "median": 18.5509662628, "min": 3.35068011284, "var": 44.6667823792}, "erbbands_flatness_db": {"dmean": 0.0202100425959, "dmean2": 0.0330997258425, "dvar": 0.00036921093124, "dvar2": 0.000885121000465, "max": 0.654134809971, "mean": 0.501573324203, "median": 0.503499925137, "min": 0.0977225005627, "var": 0.0031135766767}, "erbbands_kurtosis": {"dmean": 1.78066706657, "dmean2": 2.49694633484, "dvar": 10.1699676514, "dvar2": 18.2746181488, "max": 66.6239624023, "mean": 4.42319774628, "median": 1.94310092926, "min": -1.8287191391, "var": 55.0258483887}, "erbbands_skewness": {"dmean": 0.370976418257, "dmean2": 0.487914294004, "dvar": 0.25412145257, "dvar2": 0.378718525171, "max": 4.49401903152, "mean": 0.191673636436, "median": 0.326778739691, "min": -6.68580389023, "var": 2.27802419662}, "erbbands_spread": {"dmean": 0.90141415596, "dmean2": 1.27528738976, "dvar": 1.76115977764, "dvar2": 3.12958049774, "max": 37.8429260254, "mean": 5.16845989227, "median": 4.39408493042, "min": 0.256539940834, "var": 13.4473209381}, "hfc": {"dmean": 3.43948483467, "dmean2": 3.9984858036, "dvar": 146.951904297, "dvar2": 231.01789856, "max": 366.926483154, "mean": 9.89992046356, "median": 3.92350363731, "min": 1.12231574344e-16, "var": 587.684814453}, "melbands_crest": {"dmean": 2.10829925537, "dmean2": 3.12071824074, "dvar": 6.87317609787, "dvar2": 14.3625402451, "max": 33.761920929, "mean": 18.2918643951, "median": 17.8304634094, "min": 2.84604740143, "var": 34.4518432617}, "melbands_flatness_db": {"dmean": 0.0358938612044, "dmean2": 0.0616502091289, "dvar": 0.000911887269467, "dvar2": 0.00249185669236, "max": 0.803667664528, "mean": 0.61821603775, "median": 0.622675657272, "min": 0.0111297117546, "var": 0.00385844591074}, "melbands_kurtosis": {"dmean": 1.77446651459, "dmean2": 2.54465651512, "dvar": 9.52088069916, "dvar2": 18.3893756866, "max": 123.50920105, "mean": 4.54423427582, "median": 2.38993787766, "min": -1.86777889729, "var": 46.1078300476}, "melbands_skewness": {"dmean": 0.385795295238, "dmean2": 0.540636658669, "dvar": 0.225752651691, "dvar2": 0.42060264945, "max": 4.79138755798, "mean": 0.492881387472, "median": 0.548305153847, "min": -6.38610553741, "var": 2.09366869926}, "melbands_spread": {"dmean": 0.923303067684, "dmean2": 1.33669543266, "dvar": 5.03017091751, "dvar2": 7.14025688171, "max": 136.926315308, "mean": 4.5670542717, "median": 3.77578616142, "min": 0.269149422646, "var": 13.306186676}, "pitch_salience": {"dmean": 0.0501812025905, "dmean2": 0.0756290853024, "dvar": 0.00355211645365, "dvar2": 0.00793723016977, "max": 0.852378964424, "mean": 0.468458771706, "median": 0.47167095542, "min": 0.0574260465801, "var": 0.0187818724662}, "silence_rate_20dB": {"dmean": 0.000903750536963, "dmean2": 0.00180770538282, "dvar": 0.000902912579477, "dvar2": 0.00180443807039, "max": 1, "mean": 0.998192727566, "median": 1, "min": 0, "var": 0.00180403247941}, "silence_rate_30dB": {"dmean": 0.0135562587529, "dmean2": 0.0271155796945, "dvar": 0.0133719183505, "dvar2": 0.0284118689597, "max": 1, "mean": 0.979442000389, "median": 1, "min": 0, "var": 0.0201350450516}, "silence_rate_60dB": {"dmean": 0.0456394031644, "dmean2": 0.0911761373281, "dvar": 0.0435558520257, "dvar2": 0.0943811759353, "max": 1, "mean": 0.128769904375, "median": 0, "min": 0, "var": 0.112190708518}, "spectral_centroid": {"dmean": 29.0375652313, "dmean2": 40.4070014954, "dvar": 15445.5761719, "dvar2": 17259.890625, "max": 11021.3359375, "mean": 487.63861084, "median": 459.831115723, "min": 244.040740967, "var": 32710.3945312}, "spectral_complexity": {"dmean": 0.834387719631, "dmean2": 1.39713025093, "dvar": 1.14452362061, "dvar2": 2.40675735474, "max": 19, "mean": 6.40980482101, "median": 6, "min": 0, "var": 6.18949651718}, "spectral_decrease": {"dmean": 1.24939347756e-09, "dmean2": 1.46888357033e-09, "dvar": 1.25442568551e-17, "dvar2": 1.98770409318e-17, "max": 3.51960633127e-20, "mean": -4.13604883676e-09, "median": -2.23860729953e-09, "min": -1.01753471426e-07, "var": 5.21830363588e-17}, "spectral_energy": {"dmean": 0.00502507016063, "dmean2": 0.00590189825743, "dvar": 0.000208985016798, "dvar2": 0.000330933544319, "max": 0.41732275486, "mean": 0.0165082905442, "median": 0.00878536421806, "min": 1.06346911661e-20, "var": 0.000866018934175}, "spectral_energyband_high": {"dmean": 1.05097344161e-08, "dmean2": 1.79678707468e-08, "dvar": 4.01039564987e-15, "dvar2": 1.0720576682e-14, "max": 2.57074293586e-06, "mean": 2.09345731861e-08, "median": 1.11434301786e-08, "min": 7.50390544389e-21, "var": 4.58869511263e-15}, "spectral_energyband_low": {"dmean": 9.76881128736e-05, "dmean2": 0.000146609905642, "dvar": 8.02940647304e-08, "dvar2": 1.74681346721e-07, "max": 0.0075925947167, "mean": 0.000261000415776, "median": 5.24505376234e-05, "min": 1.70701497685e-22, "var": 3.50920799974e-07}, "spectral_energyband_middle_high": {"dmean": 0.00264441058971, "dmean2": 0.00313122244552, "dvar": 0.000183431082405, "dvar2": 0.000288927054498, "max": 0.413992553949, "mean": 0.00577348656952, "median": 0.000267469906248, "min": 1.74695476467e-21, "var": 0.000689860491548}, "spectral_energyband_middle_low": {"dmean": 0.00269262935035, "dmean2": 0.00321055785753, "dvar": 2.57555657299e-05, "dvar2": 3.67200700566e-05, "max": 0.154202908278, "mean": 0.0106077808887, "median": 0.00718498881906, "min": 3.46631615937e-22, "var": 0.000154078632477}, "spectral_entropy": {"dmean": 0.155126050115, "dmean2": 0.233135685325, "dvar": 0.0441108979285, "dvar2": 0.0933571234345, "max": 9.80476856232, "mean": 4.82089328766, "median": 4.81221103668, "min": 3.46119785309, "var": 0.17333675921}, "spectral_flux": {"dmean": 0.0172752998769, "dmean2": 0.0276014246047, "dvar": 0.00118157058023, "dvar2": 0.00289601180702, "max": 0.544865429401, "mean": 0.0297991931438, "median": 0.018891563639, "min": 1.03124640771e-10, "var": 0.00133090699092}, "spectral_kurtosis": {"dmean": 126.437599182, "dmean2": 224.629760742, "dvar": 14356.7011719, "dvar2": 43530.625, "max": 1056.91711426, "mean": 328.00692749, "median": 297.732452393, "min": -1.22681593895, "var": 22466.3105469}, "spectral_rms": {"dmean": 0.000502908194903, "dmean2": 0.000598181213718, "dvar": 7.83816176408e-07, "dvar2": 1.24986593164e-06, "max": 0.0201778132468, "mean": 0.00338271004148, "median": 0.00292764184996, "min": 3.22107249727e-12, "var": 4.66293295176e-06}, "spectral_rolloff": {"dmean": 47.1768684387, "dmean2": 80.4356460571, "dvar": 84423.3515625, "dvar2": 96178.5, "max": 19121.484375, "mean": 612.711120605, "median": 581.396484375, "min": 129.19921875, "var": 114101.875}, "spectral_skewness": {"dmean": 2.51343560219, "dmean2": 4.40760374069, "dvar": 4.82223892212, "dvar2": 14.145614624, "max": 25.1532020569, "mean": 14.4232740402, "median": 14.4453115463, "min": 0.00384750170633, "var": 12.179148674}, "spectral_spread": {"dmean": 366576.4375, "dmean2": 653416.9375, "dvar": 278489759744, "dvar2": 470948249600, "max": 40999892, "mean": 641966.8125, "median": 570534.25, "min": 100351.4375, "var": 332080840704}, "spectral_strongpeak": {"dmean": 0.436485439539, "dmean2": 0.587299466133, "dvar": 0.911715507507, "dvar2": 1.6719827652, "max": 19.8148460388, "mean": 1.68067443371, "median": 1.15439236164, "min": 4.02399669142e-09, "var": 3.73413586617}, "zerocrossingrate": {"dmean": 0.00163633795455, "dmean2": 0.00189961318392, "dvar": 3.95555834984e-05, "dvar2": 2.93232060358e-05, "max": 0.50732421875, "mean": 0.0235681049526, "median": 0.02197265625, "min": 0.0048828125, "var": 0.000107879968709}, "barkbands": {"dmean": [1.08738299787e-06, 2.25830062845e-05, 6.74892144161e-05, 3.91927205783e-05, 0.000521620851941, 0.00068129086867, 0.000650012400001, 0.000769424368627, 0.000581093074288, 0.0024967524223, 0.000146840146044, 6.43955427222e-05, 1.58001985255e-05, 4.13112938986e-05, 3.16554860547e-06, 2.59838247985e-06, 2.4392738851e-07, 1.5305701595e-07, 2.20333991052e-08, 1.25377823679e-07, 4.66596805637e-09, 1.11024200944e-09, 7.29903637531e-10, 6.45597797444e-10, 6.20717310884e-10, 6.3023553043e-10, 1.30017796529e-09], "dmean2": [1.81700454505e-06, 3.71938076569e-05, 0.000100590135844, 5.97454636591e-05, 0.000785476877354, 0.000829628901556, 0.000758756010327, 0.00106606504414, 0.000646763772238, 0.00290427147411, 0.000246645446168, 9.6795745776e-05, 2.23598708544e-05, 5.29659773747e-05, 4.80691142002e-06, 3.90105014958e-06, 3.75342835923e-07, 2.03593231163e-07, 3.15853085908e-08, 2.01581372039e-07, 7.7110966501e-09, 1.85479298587e-09, 1.32554789367e-09, 1.18500675939e-09, 1.13911580168e-09, 1.14981313359e-09, 2.27506746775e-09], "dvar": [1.07949231151e-11, 6.06010930326e-09, 4.37040874601e-08, 8.47486525402e-09, 1.25814108287e-06, 3.41479199051e-06, 3.49648462361e-06, 6.229549399e-06, 1.05446915768e-05, 0.000181238850928, 6.80680386722e-07, 1.74840039335e-07, 1.08254916142e-08, 1.83074675419e-07, 7.77259312468e-10, 6.81530998303e-10, 4.92042474473e-12, 1.07739826175e-12, 1.86421465423e-14, 5.70251268081e-12, 2.7353025325e-15, 2.76867624605e-17, 3.53950253239e-18, 1.41713347685e-18, 1.30718938611e-18, 1.23741494369e-18, 1.70165413926e-18], "dvar2": [2.90018321858e-11, 1.53534376324e-08, 9.24312502093e-08, 1.58540771622e-08, 3.09722099701e-06, 5.1173533393e-06, 4.22727225668e-06, 1.17528070405e-05, 1.218959369e-05, 0.000285013840767, 1.82434587259e-06, 4.41836277787e-07, 2.08021706527e-08, 3.27606528572e-07, 1.73908909495e-09, 1.47777046156e-09, 9.76402465824e-12, 2.20281128407e-12, 4.43351410272e-14, 1.48475520073e-11, 7.45868414232e-15, 5.38675201931e-17, 9.56550254149e-18, 4.4288362554e-18, 4.08898496483e-18, 3.87779872341e-18, 5.22455339899e-18], "max": [0.000155385583639, 0.00190169177949, 0.00611083535478, 0.00278810644522, 0.0247262381017, 0.070957608521, 0.0738832503557, 0.0725328251719, 0.141421079636, 0.412919402122, 0.0197325870395, 0.0153181841597, 0.00357869430445, 0.019873669371, 0.00158813211601, 0.00117249006871, 0.000122947909404, 4.75933666166e-05, 4.71403654956e-06, 0.000144148696563, 2.1699690933e-06, 2.77289728956e-07, 8.55368966768e-08, 2.28769767574e-08, 2.18765521254e-08, 2.17649436252e-08, 3.19511741509e-08], "mean": [1.30338094095e-06, 3.4924603824e-05, 0.000188142133993, 0.000112010791781, 0.00169430964161, 0.00268171378411, 0.00228041014634, 0.00203977967612, 0.00159342028201, 0.00547898514196, 0.000161683245096, 0.000103014812339, 3.52853239747e-05, 9.12134055397e-05, 6.64169238007e-06, 4.55541476185e-06, 4.196967609e-07, 3.63167544037e-07, 3.88413461394e-08, 1.06887682705e-07, 5.74022340771e-09, 1.2742464861e-09, 6.7953070948e-10, 6.4360278218e-10, 6.37329466979e-10, 1.0200205125e-09, 8.39290148491e-09], "median": [1.85134922503e-07, 6.11076211499e-06, 1.88426729437e-05, 2.56682687905e-05, 0.000717675604392, 0.00100092787761, 0.000443650060333, 0.00040741180419, 0.00012828920444, 0.000137271170388, 1.87765144801e-05, 1.0425862456e-05, 2.22151265916e-06, 1.84390296454e-06, 2.11530434058e-07, 1.30729816306e-07, 1.89611188972e-08, 5.88736881468e-09, 2.14082884753e-09, 8.2546147695e-10, 4.39282860087e-10, 2.72994016282e-10, 2.35659158854e-10, 2.82546236408e-10, 2.90252821777e-10, 7.01206315235e-10, 8.20170598104e-09], "min": [5.28846292408e-23, 8.78918970101e-23, 3.93588043827e-23, 1.69622544226e-23, 1.41345619974e-23, 2.74750629185e-23, 7.91580518969e-23, 2.29652871184e-23, 6.02295490463e-23, 2.30422559613e-22, 8.54006995149e-23, 5.96970931788e-23, 3.32110630425e-23, 1.05842275447e-22, 1.7228053216e-22, 3.14620650145e-22, 2.21814004545e-22, 1.58994902826e-22, 2.66372503543e-22, 3.95823568347e-22, 3.87862106413e-22, 6.04527916338e-22, 5.81076103989e-22, 7.60484126956e-22, 1.15062095481e-21, 1.93129446833e-21, 2.10920352936e-21], "var": [1.16403943776e-11, 1.02961736914e-08, 2.32781943055e-07, 4.8000618591e-08, 7.32295438866e-06, 2.17843826249e-05, 2.88937808364e-05, 2.29091292567e-05, 5.08416524099e-05, 0.000681653735228, 5.70110273657e-07, 1.94626295524e-07, 3.17256372284e-08, 5.05075831825e-07, 1.51777035384e-09, 1.03090780357e-09, 9.21773508217e-12, 4.77505968793e-12, 3.65767325824e-14, 4.25494231862e-12, 2.85211959912e-15, 5.65548877282e-17, 3.65723887129e-18, 1.25007442597e-18, 1.14877292508e-18, 1.10517027044e-18, 2.13255185568e-18]}, "erbbands": {"dmean": [0.000264668429736, 0.00729355448857, 0.0645598173141, 0.106360286474, 0.541729688644, 2.34573078156, 3.39977383614, 6.38611459732, 10.0925245285, 7.29933977127, 18.3537921906, 10.1858444214, 37.0898208618, 73.4463500977, 7.289311409, 2.19651556015, 0.842280685902, 2.2553050518, 0.406964719296, 0.0999827906489, 0.161596685648, 0.0219233632088, 0.00764711480588, 0.00405344646424, 0.0053256591782, 0.00311944773421, 0.000356869975803, 6.5856584115e-05, 3.74588016712e-05, 3.00376395899e-05, 2.24944142246e-05, 1.56509031513e-05, 1.18826201287e-05, 8.74479701451e-06, 6.19108686806e-06, 4.09250014854e-06, 2.25633812079e-06, 7.82036579494e-07, 2.53719485954e-06, 5.77627179155e-06], "dmean2": [0.000435035151895, 0.0117460731417, 0.0965374335647, 0.161849588156, 0.788658976555, 3.60888743401, 4.69093227386, 7.7165646553, 11.2789373398, 10.3531150818, 24.5619754791, 11.0077037811, 42.1249885559, 85.9632339478, 10.3460893631, 3.27788901329, 1.15640664101, 2.90709161758, 0.559137046337, 0.147280201316, 0.240303725004, 0.0335482098162, 0.0107620377094, 0.00511888414621, 0.00840867869556, 0.00499875610694, 0.000589967414271, 0.000109771201096, 6.32149167359e-05, 5.07658151037e-05, 3.90458044421e-05, 2.70287964668e-05, 1.99677160708e-05, 1.41510099638e-05, 9.51111996983e-06, 5.93088270762e-06, 3.14930616696e-06, 1.17332615446e-06, 2.99660473502e-06, 6.77783600622e-06], "dvar": [4.58799632952e-07, 0.000648678280413, 0.0448540262878, 0.0601066872478, 1.27366125584, 33.4958534241, 82.3195343018, 275.490844727, 701.860290527, 937.036499023, 3660.37011719, 2119.17944336, 34212.3671875, 186583.46875, 1027.72375488, 172.930770874, 30.0198078156, 617.356018066, 9.66600799561, 0.272805511951, 3.07215952873, 0.0308321043849, 0.00287625542842, 0.000701491546351, 0.00780463870615, 0.00318381446414, 1.93548712559e-05, 1.57198698503e-07, 1.49779015857e-08, 1.37044757764e-08, 5.99311045235e-09, 8.38405456172e-10, 4.94542240492e-10, 2.91554974607e-10, 1.68981911797e-10, 8.84667200607e-11, 2.98510903496e-11, 2.75388132437e-12, 5.52888741734e-11, 2.8502913918e-10], "dvar2": [1.09801578674e-06, 0.00159588234965, 0.0983276441693, 0.126919552684, 2.46665596962, 84.9647293091, 140.770019531, 410.341033936, 681.113098145, 2078.23413086, 6071.29345703, 2352.51733398, 56849.9414062, 277288.84375, 2237.19726562, 423.570983887, 55.4937324524, 1104.09472656, 20.4981212616, 0.645293295383, 6.65079069138, 0.0694591850042, 0.00609117466956, 0.00125859829132, 0.020323285833, 0.00830738339573, 5.30736651854e-05, 3.89613063589e-07, 3.24401980833e-08, 2.84516463722e-08, 1.47603262945e-08, 2.27759544558e-09, 1.25039356647e-09, 6.55938192651e-10, 3.29690080791e-10, 1.52846971191e-10, 4.8611982495e-11, 4.67605381499e-12, 8.68674854271e-11, 4.50922521544e-10], "max": [0.0319634079933, 0.666243255138, 6.62596797943, 5.72510004044, 41.8198738098, 147.734161377, 283.271697998, 600.070922852, 1146.86364746, 1692.44909668, 1955.52062988, 1649.16674805, 7948.54101562, 15434.3408203, 730.932617188, 548.145446777, 204.322540283, 1112.15246582, 176.087203979, 20.4270153046, 78.6697006226, 6.89945363998, 2.12316012383, 1.34828555584, 5.31754779816, 3.37258243561, 0.211321219802, 0.0202872380614, 0.00570395216346, 0.00744442269206, 0.00419190293178, 0.000689944019541, 0.000570280710235, 0.000469065154903, 0.000374871771783, 0.000274377816822, 0.000158497132361, 4.90554011776e-05, 0.000217477339902, 0.000489972881041], "mean": [0.000438627845142, 0.0132707674056, 0.171482741833, 0.31886151433, 1.83785438538, 7.22346162796, 13.3726596832, 24.8281173706, 35.8944549561, 23.9969272614, 48.950050354, 30.4296607971, 86.6627197266, 162.821380615, 12.65259552, 3.91975712776, 1.9859817028, 5.04016256332, 0.880640745163, 0.22466635704, 0.278267800808, 0.0392885096371, 0.0183170679957, 0.0101058082655, 0.00554201286286, 0.00278478907421, 0.000457971473224, 9.17590950849e-05, 4.97999753861e-05, 4.00742210331e-05, 3.0851289921e-05, 2.49885088124e-05, 2.19736684812e-05, 1.86421839317e-05, 1.48414710566e-05, 1.10246619442e-05, 7.25883819541e-06, 3.18654838338e-06, 9.18825298868e-06, 1.89618240256e-05], "median": [0.000128830783069, 0.00229117041454, 0.0212799552828, 0.119745157659, 0.777156412601, 2.41700839996, 4.40774679184, 9.33970355988, 8.60969924927, 10.1195440292, 9.75374507904, 4.80550432205, 4.80529022217, 3.93456196785, 1.83565104008, 0.553110122681, 0.194648444653, 0.110307268798, 0.0371730588377, 0.00979506317526, 0.00800229329616, 0.00188277871348, 0.000534035440069, 0.000248671625741, 0.0001186261361, 5.36378320248e-05, 3.00298706861e-05, 1.93950709217e-05, 1.57100494107e-05, 1.38765599331e-05, 1.29393802126e-05, 1.22580604511e-05, 1.14206623039e-05, 9.80793083727e-06, 7.82416100265e-06, 5.84705912843e-06, 4.24033987656e-06, 2.32705451708e-06, 5.25472523805e-06, 1.00110146377e-05], "min": [4.24936090042e-21, 1.37045345183e-20, 3.96503598255e-20, 5.93716897972e-20, 3.71142434544e-20, 4.88782090245e-20, 7.91410091692e-20, 3.53424859133e-19, 1.2960029057e-18, 6.22183026283e-19, 4.98272197704e-19, 1.64698711674e-18, 6.70784126572e-18, 5.01215285644e-18, 3.05226006437e-18, 2.29623559606e-18, 1.69585043328e-18, 4.95257186409e-18, 1.02120153277e-17, 9.80005374009e-18, 1.82152582422e-17, 1.02059826995e-17, 9.98897103864e-18, 8.18206033779e-18, 1.66103673809e-17, 2.21182007747e-17, 1.12019065027e-17, 2.00644949479e-17, 2.37784415996e-17, 1.56341222045e-17, 1.86989851927e-17, 1.38803156718e-17, 1.30828242258e-17, 1.31767431397e-17, 8.37451217911e-18, 7.17678856654e-18, 3.73409925304e-18, 9.80852055404e-19, 3.00368589915e-19, 3.08144456027e-20], "var": [1.41624980188e-06, 0.00137427542359, 0.207421407104, 0.282605737448, 10.8568000793, 186.890792847, 536.106933594, 1746.42346191, 6386.62988281, 3544.37329102, 15048.7089844, 11755.4189453, 124765.09375, 748860.875, 2242.89794922, 227.171035767, 86.3128585815, 1657.52111816, 27.7499580383, 0.664162158966, 4.67907142639, 0.0484905615449, 0.0102437436581, 0.00372387492098, 0.00593440700322, 0.00236988300458, 1.98834586627e-05, 2.42886159185e-07, 3.12120178592e-08, 2.46825742067e-08, 7.67761676457e-09, 1.71400516003e-09, 1.24050469896e-09, 9.10058695069e-10, 6.27863594449e-10, 3.6291070149e-10, 1.26855845273e-10, 1.14169281668e-11, 2.2954482759e-10, 1.17695142521e-09]}, "gfcc": {"mean": [-304.407562256, 255.552810669, -69.1634750366, -108.557601929, -52.9467391968, -27.9330730438, -30.9797058105, -19.0644283295, -13.9977035522, -19.2082195282, -7.04750823975, -9.9248046875, -0.817809760571], "cov": [[5450.01220703, 362.81362915, -1832.23828125, 97.7158355713, 566.788452148, -196.165344238, 187.791122437, 320.852020264, -39.7421798706, -21.0680770874, 132.743453979, -74.5468673706, 128.954956055], [362.81362915, 502.882781982, 148.889007568, -27.460817337, 156.211898804, 35.6053352356, -77.6656112671, -78.4261550903, -26.8272800446, -23.4919052124, 5.58469295502, -11.6306285858, -8.84666061401], [-1832.23828125, 148.889007568, 1184.45263672, -36.638458252, -343.425933838, 174.111541748, -51.9117240906, -240.711898804, -26.9030818939, -11.9456892014, -52.6043548584, 59.4167633057, -13.9030227661], [97.7158355713, -27.460817337, -36.638458252, 279.722686768, 156.215438843, 17.6401119232, 10.9313116074, 19.2280826569, 22.83020401, 42.7402687073, -0.985943555832, -24.6152572632, -26.6464214325], [566.788452148, 156.211898804, -343.425933838, 156.215438843, 456.3777771, 64.9830322266, -34.2416763306, 59.1871452332, 22.215013504, 9.59631252289, 9.1851978302, -36.7626495361, -18.5196075439], [-196.165344238, 35.6053352356, 174.111541748, 17.6401119232, 64.9830322266, 217.643722534, 84.893119812, -53.6414489746, -38.563709259, -29.5195560455, -40.1406097412, 26.8055458069, 37.0871238708], [187.791122437, -77.6656112671, -51.9117240906, 10.9313116074, -34.2416763306, 84.893119812, 219.386474609, 115.587593079, -36.624382019, -48.7598152161, -18.412279129, 8.0871629715, 30.3248939514], [320.852020264, -78.4261550903, -240.711898804, 19.2280826569, 59.1871452332, -53.6414489746, 115.587593079, 230.324569702, 86.0030975342, -2.60559654236, 9.19336891174, -30.3698043823, -40.9717826843], [-39.7421798706, -26.8272800446, -26.9030818939, 22.83020401, 22.215013504, -38.563709259, -36.624382019, 86.0030975342, 155.189682007, 94.0559158325, 16.3893699646, -28.4879589081, -56.8300170898], [-21.0680770874, -23.4919052124, -11.9456892014, 42.7402687073, 9.59631252289, -29.5195560455, -48.7598152161, -2.60559654236, 94.0559158325, 131.378875732, 65.7436981201, -13.2253627777, -38.7636871338], [132.743453979, 5.58469295502, -52.6043548584, -0.985943555832, 9.1851978302, -40.1406097412, -18.412279129, 9.19336891174, 16.3893699646, 65.7436981201, 103.852249146, 42.7049674988, -6.93563508987], [-74.5468673706, -11.6306285858, 59.4167633057, -24.6152572632, -36.7626495361, 26.8055458069, 8.0871629715, -30.3698043823, -28.4879589081, -13.2253627777, 42.7049674988, 109.036605835, 76.197769165], [128.954956055, -8.84666061401, -13.9030227661, -26.6464214325, -18.5196075439, 37.0871238708, 30.3248939514, -40.9717826843, -56.8300170898, -38.7636871338, -6.93563508987, 76.197769165, 130.466720581]], "icov": [[0.0011834721081, -0.00173638341948, 0.0027825741563, -0.00205535441637, 0.00184985017404, -0.000799343513791, -0.00286039500497, 0.00534309679642, -0.00823055114597, 0.00946661178023, -0.00881843827665, 0.00589605234563, -0.00326294172555], [-0.00173638341948, 0.00788260065019, -0.0062152245082, 0.00540191028267, -0.0100739151239, 0.0094748986885, -0.00810699723661, 0.00927812792361, -0.00526028545573, 0.00284069939516, 0.000967605446931, -0.00180134538095, 0.00302259484306], [0.0027825741563, -0.0062152245082, 0.00993866752833, -0.00746483588591, 0.0102387871593, -0.00858160015196, -0.000974674010649, 0.0088521623984, -0.0171350128949, 0.0214206594974, -0.0198034513742, 0.0124015975744, -0.00613318337128], [-0.00205535441637, 0.00540191028267, -0.00746483588591, 0.0123685821891, -0.0123094655573, 0.0111464960501, -0.00492160255089, -0.00295797665603, 0.0145311746746, -0.0233899503946, 0.0231737457216, -0.0159881990403, 0.00937743484974], [0.00184985017404, -0.0100739151239, 0.0102387871593, -0.0123094655573, 0.0256550144404, -0.0298840682954, 0.0324143208563, -0.0320346914232, 0.0205407552421, -0.00801582448184, -0.00377541454509, 0.00758667103946, -0.00745806330815], [-0.000799343513791, 0.0094748986885, -0.00858160015196, 0.0111464960501, -0.0298840682954, 0.0482154265046, -0.0579977780581, 0.0631989687681, -0.0512372218072, 0.033158775419, -0.00969579070807, -0.0026421113871, 0.00673553720117], [-0.00286039500497, -0.00810699723661, -0.000974674010649, -0.00492160255089, 0.0324143208563, -0.0579977780581, 0.105618484318, -0.133273869753, 0.136479958892, -0.11707559973, 0.076105132699, -0.0350251123309, 0.00501991063356], [0.00534309679642, 0.00927812792361, 0.0088521623984, -0.00295797665603, -0.0320346914232, 0.0631989687681, -0.133273869753, 0.193117305636, -0.213003203273, 0.199917152524, -0.140762716532, 0.0734817907214, -0.0189843438566], [-0.00823055114597, -0.00526028545573, -0.0171350128949, 0.0145311746746, 0.0205407552421, -0.0512372218072, 0.136479958892, -0.213003203273, 0.26663506031, -0.263999193907, 0.197751864791, -0.112423963845, 0.0416648685932], [0.00946661178023, 0.00284069939516, 0.0214206594974, -0.0233899503946, -0.00801582448184, 0.033158775419, -0.11707559973, 0.199917152524, -0.263999193907, 0.287814021111, -0.225627318025, 0.133918985724, -0.0519179999828], [-0.00881843827665, 0.000967605446931, -0.0198034513742, 0.0231737457216, -0.00377541454509, -0.00969579070807, 0.076105132699, -0.140762716532, 0.197751864791, -0.225627318025, 0.20119984448, -0.127118483186, 0.0557697042823], [0.00589605234563, -0.00180134538095, 0.0124015975744, -0.0159881990403, 0.00758667103946, -0.0026421113871, -0.0350251123309, 0.0734817907214, -0.112423963845, 0.133918985724, -0.127118483186, 0.0999130085111, -0.0491406917572], [-0.00326294172555, 0.00302259484306, -0.00613318337128, 0.00937743484974, -0.00745806330815, 0.00673553720117, 0.00501991063356, -0.0189843438566, 0.0416648685932, -0.0519179999828, 0.0557697042823, -0.0491406917572, 0.0366425737739]]}, "melbands": {"dmean": [4.0539521251e-06, 2.53232465184e-05, 2.45395985985e-05, 0.000102369755041, 0.000122069803183, 0.000140873409691, 0.000147655096953, 9.35289353947e-05, 0.000135663256515, 7.10636813892e-05, 0.000204613039386, 0.000337330857292, 2.23780753004e-05, 8.87490205059e-06, 1.86489751286e-06, 3.1826657505e-06, 3.90541799788e-06, 6.82225902437e-07, 1.90058358385e-07, 9.95146223204e-08, 2.0605905604e-07, 1.29685684414e-08, 9.07288644214e-09, 8.3515638849e-09, 2.72990541283e-09, 1.06293962521e-09, 8.35552782519e-09, 3.67774394272e-10, 1.96675037367e-10, 8.79890604821e-11, 2.78502707007e-11, 2.18181375744e-11, 1.77935097212e-11, 1.4344361636e-11, 1.312194884e-11, 9.69084968522e-12, 8.39796374802e-12, 7.37791945593e-12, 6.50929657398e-12, 5.7482135371e-12], "dmean2": [6.66184178044e-06, 3.79785815312e-05, 3.56536111212e-05, 0.000154585068231, 0.000171815685462, 0.000170054918271, 0.000165731136804, 0.000136520116939, 0.000177768044523, 7.65074873925e-05, 0.000236135703744, 0.000395305192797, 3.44090294675e-05, 1.34853025884e-05, 2.82606742985e-06, 4.05444416174e-06, 5.06262858835e-06, 9.44096768762e-07, 2.92056171247e-07, 1.45009508401e-07, 3.05189729488e-07, 2.10678372525e-08, 1.32839819145e-08, 1.0526808758e-08, 3.3535452193e-09, 1.52029966394e-09, 1.34467113e-08, 6.18642859163e-10, 3.27265742284e-10, 1.45268450047e-10, 4.68016493615e-11, 3.7407608261e-11, 3.09001886578e-11, 2.52867640022e-11, 2.34836403795e-11, 1.77502092885e-11, 1.54103240585e-11, 1.35359570774e-11, 1.19333067733e-11, 1.05404270381e-11], "dvar": [1.58409507733e-10, 6.80402356679e-09, 2.62352983782e-09, 5.46784448829e-08, 8.42027247927e-08, 1.33138016167e-07, 1.53583130214e-07, 1.19922177078e-07, 1.96238758576e-07, 1.43676345488e-07, 1.10108624085e-06, 3.80595270144e-06, 1.36509914483e-08, 3.46153727904e-09, 1.47387504978e-10, 9.45137412778e-10, 1.82826020989e-09, 4.0494382153e-11, 2.01369975382e-12, 4.03232162287e-13, 5.3311560895e-12, 1.45312161284e-14, 1.0354149382e-14, 3.55861072218e-15, 2.871525071e-16, 5.29164444684e-17, 2.51728247757e-14, 2.34946193879e-17, 5.87654542962e-18, 7.33636463139e-19, 1.14516564212e-20, 6.27778184191e-21, 4.84402863604e-21, 1.84153648614e-21, 3.25071479417e-21, 3.22888518276e-22, 2.38979693573e-22, 1.83877393312e-22, 1.42340105363e-22, 1.11184757042e-22], "dvar2": [3.99334593171e-10, 1.50672843091e-08, 4.76317696396e-09, 1.39159880064e-07, 1.57049129257e-07, 1.95214866494e-07, 1.49100699787e-07, 2.79743147757e-07, 3.08713993036e-07, 1.559714633e-07, 1.84475698006e-06, 5.72734415982e-06, 3.5212689653e-08, 8.91878304543e-09, 3.33528787921e-10, 1.58558755015e-09, 3.30903193735e-09, 8.47047501584e-11, 4.78583709121e-12, 9.3003469509e-13, 1.15975640549e-11, 3.29413179948e-14, 1.90007870684e-14, 6.12408081942e-15, 4.7589280886e-16, 1.27179866213e-16, 6.54023547559e-14, 6.47214897147e-17, 1.63183527723e-17, 1.9232156037e-18, 2.43939440051e-20, 1.33975438823e-20, 1.00348971725e-20, 4.18071137192e-21, 8.05331816051e-21, 1.00035489256e-21, 7.46733309502e-22, 5.74905267957e-22, 4.4532750578e-22, 3.47917168911e-22], "max": [0.000291590229608, 0.00247457809746, 0.0014377606567, 0.00658895494416, 0.00842153094709, 0.0135550806299, 0.0173708405346, 0.01526292786, 0.0145860426128, 0.0159923061728, 0.0455362126231, 0.0684382990003, 0.00275763054378, 0.00223215576261, 0.000559640524443, 0.00136357266456, 0.00192586041521, 0.000403262092732, 6.70366280247e-05, 2.34092021856e-05, 0.0001026809623, 6.15671297055e-06, 5.30875558979e-06, 3.14785756927e-06, 8.8905761686e-07, 2.41632818643e-07, 9.60254965321e-06, 2.31491839031e-07, 1.08071567695e-07, 4.06486293514e-08, 4.60491289545e-09, 3.36608096951e-09, 4.4749164374e-09, 2.50326981366e-09, 3.2029827679e-09, 3.39548167361e-10, 2.97215974054e-10, 2.60621524362e-10, 2.29154542564e-10, 2.0194404482e-10], "mean": [6.35211699773e-06, 6.50119909551e-05, 7.98653636593e-05, 0.000323838525219, 0.000457197922515, 0.000548067619093, 0.000524653529283, 0.000288219045615, 0.000363127386663, 0.000202436072868, 0.000470942584798, 0.000745029072277, 3.14678036375e-05, 1.35638711072e-05, 3.8403468352e-06, 7.31635918783e-06, 8.68586721481e-06, 1.3369192402e-06, 3.90919552729e-07, 1.96458969981e-07, 3.44290128851e-07, 1.9693406017e-08, 1.84710859941e-08, 2.05025951772e-08, 6.72020572523e-09, 1.75726022622e-09, 7.21763404599e-09, 3.52089468691e-10, 2.3451279807e-10, 1.12592449253e-10, 3.25759384745e-11, 2.41574538151e-11, 1.82512130409e-11, 1.42488902621e-11, 1.22719334694e-11, 9.12588320884e-12, 8.17576735479e-12, 7.47164916742e-12, 6.79752131319e-12, 6.02362344032e-12], "median": [1.42049464102e-06, 8.06063508207e-06, 3.32822382916e-05, 0.000134281814098, 0.000162926371559, 0.000210507074371, 0.000121773460705, 0.000111386711069, 6.48676650599e-05, 1.99284950213e-05, 2.1649962946e-05, 1.41660075315e-05, 4.38299912275e-06, 1.3663975551e-06, 3.90343615209e-07, 2.23774151209e-07, 1.69429569041e-07, 3.98416126757e-08, 1.19429728329e-08, 7.25988602568e-09, 6.70844890749e-09, 9.70947544587e-10, 3.59798829619e-10, 2.28751559361e-10, 1.5482476412e-10, 8.27450816199e-11, 3.82524116549e-11, 2.15439905499e-11, 1.36433165113e-11, 1.00795118779e-11, 7.12260979363e-12, 5.67292567089e-12, 4.82262407092e-12, 4.27394708166e-12, 3.82020283463e-12, 3.62323344071e-12, 3.49304396172e-12, 3.36982568586e-12, 3.19128686151e-12, 2.81722323421e-12], "min": [3.2997067167e-23, 1.98677805978e-23, 9.76463072535e-24, 2.77930783874e-24, 3.07740831685e-24, 7.29617451239e-24, 1.87771788186e-23, 5.88411625306e-24, 4.73950235098e-24, 1.03766889691e-23, 3.30766064343e-23, 1.99099594127e-23, 1.03860227713e-23, 6.85425384442e-24, 5.39586144539e-24, 3.72504773725e-24, 9.22241270418e-24, 1.70540825651e-23, 1.01661830142e-23, 1.95149325812e-23, 2.23852503165e-23, 1.28837023365e-23, 6.75421129328e-24, 7.96547960312e-24, 6.0378356612e-24, 1.15218570459e-23, 1.18884075764e-23, 1.55166305262e-23, 5.89842579545e-24, 8.66825132889e-24, 1.2382087775e-23, 1.33902259794e-23, 1.03399185845e-23, 8.6369406507e-24, 1.19657932535e-23, 7.9301662447e-24, 8.97484290857e-24, 8.99467644945e-24, 9.72510563856e-24, 1.21527895756e-23], "var": [2.91357021842e-10, 2.90142434523e-08, 1.46899425957e-08, 3.62708078683e-07, 5.21986066815e-07, 8.74033787568e-07, 1.40132226534e-06, 3.84712961932e-07, 8.5348307266e-07, 7.33448416668e-07, 3.92942911276e-06, 1.51041167555e-05, 1.50066377103e-08, 3.60049656756e-09, 2.71720590472e-10, 2.77435896479e-09, 4.87111684322e-09, 1.09862528797e-10, 3.65551339199e-12, 7.63117542248e-13, 8.10523436562e-12, 2.00273486488e-14, 3.15282705271e-14, 1.90133248501e-14, 1.62083068474e-15, 8.92763131111e-17, 1.88561883799e-14, 1.56216549383e-17, 5.38189638639e-18, 9.93013885155e-19, 2.32387539679e-20, 1.27152951682e-20, 8.2987573501e-21, 2.96481302287e-21, 3.28729512e-21, 2.99709210039e-22, 2.11300546027e-22, 1.62132978885e-22, 1.25462685042e-22, 9.79007243618e-23]}, "mfcc": {"mean": [-900.424255371, 236.889358521, 56.0363998413, -37.1929130554, -37.0453605652, -20.1901111603, -15.0547628403, -13.5296363831, -11.0045909882, -9.24158000946, -10.094452858, -10.3889417648, -6.5863442421], "cov": [[2266.28442383, 1387.48632812, -905.143493652, -603.942871094, 315.057617188, 205.477111816, -45.7927246094, 4.67619514465, 74.3751907349, 100.569633484, 47.7599830627, -33.8956489563, -16.3298377991], [1387.48632812, 1026.48596191, -302.934692383, -373.069213867, 107.704566956, 152.125274658, -3.95795750618, -19.1102638245, 18.7849731445, 16.0326976776, -16.7340641022, -30.2992362976, 4.44962406158], [-905.143493652, -302.934692383, 761.878417969, 313.221130371, -226.020980835, -54.1158943176, 71.1262817383, -18.7935848236, -68.7126235962, -94.5739212036, -70.6087036133, 3.01590752602, 22.4766864777], [-603.942871094, -373.069213867, 313.221130371, 329.858978271, 34.6997451782, -21.2224788666, 36.2057609558, 13.0719938278, -17.9195804596, -6.00254774094, 18.2120361328, 28.1472797394, 10.3963031769], [315.057617188, 107.704566956, -226.020980835, 34.6997451782, 302.688751221, 173.62890625, -4.24563455582, -14.498005867, 28.7279453278, 46.2178916931, 38.1760368347, 24.6929359436, 20.7142219543], [205.477111816, 152.125274658, -54.1158943176, -21.2224788666, 173.62890625, 212.075134277, 72.2027053833, -9.59725666046, 7.51155185699, 1.46487700939, -26.0787086487, -16.581155777, 10.099858284], [-45.7927246094, -3.95795750618, 71.1262817383, 36.2057609558, -4.24563455582, 72.2027053833, 144.36756897, 100.307250977, 25.9161243439, -11.6531629562, -36.0884284973, -47.5905075073, -27.0138607025], [4.67619514465, -19.1102638245, -18.7935848236, 13.0719938278, -14.498005867, -9.59725666046, 100.307250977, 164.607116699, 104.51651001, 21.1313781738, -21.9425735474, -35.9305038452, -18.867225647], [74.3751907349, 18.7849731445, -68.7126235962, -17.9195804596, 28.7279453278, 7.51155185699, 25.9161243439, 104.51651001, 141.24786377, 86.6294021606, 11.7564105988, -13.7746248245, -4.70129489899], [100.569633484, 16.0326976776, -94.5739212036, -6.00254774094, 46.2178916931, 1.46487700939, -11.6531629562, 21.1313781738, 86.6294021606, 145.555847168, 115.31212616, 22.6373233795, -34.4227523804], [47.7599830627, -16.7340641022, -70.6087036133, 18.2120361328, 38.1760368347, -26.0787086487, -36.0884284973, -21.9425735474, 11.7564105988, 115.31212616, 176.72164917, 99.6740264893, -11.4501266479], [-33.8956489563, -30.2992362976, 3.01590752602, 28.1472797394, 24.6929359436, -16.581155777, -47.5905075073, -35.9305038452, -13.7746248245, 22.6373233795, 99.6740264893, 156.780593872, 111.106620789], [-16.3298377991, 4.44962406158, 22.4766864777, 10.3963031769, 20.7142219543, 10.099858284, -27.0138607025, -18.867225647, -4.70129489899, -34.4227523804, -11.4501266479, 111.106620789, 181.378341675]], "icov": [[180.531570435, -250.999786377, 238.281555176, -217.760864258, 190.685577393, -158.815124512, 124.604858398, -91.040397644, 60.7803421021, -36.1533355713, 18.336397171, -7.21680879593, 1.81144917011], [-250.999786377, 349.027954102, -331.486328125, 303.152069092, -265.702972412, 221.533966064, -174.021942139, 127.304725647, -85.0938568115, 50.6723556519, -25.72681427, 10.1347703934, -2.54666495323], [238.281555176, -331.486328125, 315.238891602, -288.888031006, 253.89704895, -212.378692627, 167.426467896, -122.94127655, 82.4806365967, -49.2861404419, 25.103471756, -9.91742706299, 2.5000243187], [-217.760864258, 303.152069092, -288.888031006, 265.620361328, -234.472259521, 197.160324097, -156.339492798, 115.514282227, -77.9775695801, 46.8755455017, -24.0128250122, 9.53668880463, -2.42016792297], [190.685577393, -265.702972412, 253.89704895, -234.472259521, 208.208999634, -176.324752808, 140.936233521, -105.039749146, 71.5344390869, -43.3847694397, 22.4195861816, -8.9822807312, 2.30453824997], [-158.815124512, 221.533966064, -212.378692627, 197.160324097, -176.324752808, 150.630767822, -121.596130371, 91.6254272461, -63.1147766113, 38.733089447, -20.2620334625, 8.22079658508, -2.14540290833], [124.604858398, -174.021942139, 167.426467896, -156.339492798, 140.936233521, -121.596130371, 99.3027267456, -75.8035812378, 52.9412994385, -32.9714012146, 17.5221710205, -7.22523403168, 1.92781889439], [-91.040397644, 127.304725647, -122.94127655, 115.514282227, -105.039749146, 91.6254272461, -75.8035812378, 58.7572822571, -41.7220191956, 26.4580307007, -14.3423938751, 6.04249382019, -1.65655004978], [60.7803421021, -85.0938568115, 82.4806365967, -77.9775695801, 71.5344390869, -63.1147766113, 52.9412994385, -41.7220191956, 30.1925773621, -19.5508995056, 10.8456382751, -4.68168354034, 1.32261967659], [-36.1533355713, 50.6723556519, -49.2861404419, 46.8755455017, -43.3847694397, 38.733089447, -32.9714012146, 26.4580307007, -19.5508995056, 12.9784679413, -7.3989238739, 3.28818082809, -0.962759315968], [18.336397171, -25.72681427, 25.103471756, -24.0128250122, 22.4195861816, -20.2620334625, 17.5221710205, -14.3423938751, 10.8456382751, -7.3989238739, 4.36737585068, -2.01744604111, 0.621586441994], [-7.21680879593, 10.1347703934, -9.91742706299, 9.53668880463, -8.9822807312, 8.22079658508, -7.22523403168, 6.04249382019, -4.68168354034, 3.28818082809, -2.01744604111, 0.98483902216, -0.323460996151], [1.81144917011, -2.54666495323, 2.5000243187, -2.42016792297, 2.30453824997, -2.14540290833, 1.92781889439, -1.65655004978, 1.32261967659, -0.962759315968, 0.621586441994, -0.323460996151, 0.120019219816]]}, "spectral_contrast_coeffs": {"dmean": [0.0398591049016, 0.0366785936058, 0.0320344604552, 0.0229791775346, 0.0340825133026, 0.0191073827446], "dmean2": [0.0655668973923, 0.0578238815069, 0.0483976900578, 0.0366765484214, 0.0591942556202, 0.0345705598593], "dvar": [0.00110471923836, 0.00137434527278, 0.00125520373695, 0.000566153670661, 0.000752549502067, 0.000378912518499], "dvar2": [0.0028027035296, 0.00317141972482, 0.00266151526012, 0.00132471648976, 0.00219169189222, 0.00105676299427], "max": [-0.248832389712, -0.356090545654, -0.300924539566, -0.484460800886, -0.57168841362, -0.718933463097], "mean": [-0.53332310915, -0.622630417347, -0.651424646378, -0.732455253601, -0.791465461254, -0.943222820759], "median": [-0.529190123081, -0.620421946049, -0.670147538185, -0.735331892967, -0.793194770813, -0.950838565826], "min": [-0.960833072662, -0.944809734821, -0.952686131001, -0.960636675358, -0.966263949871, -0.965017855167], "var": [0.00918141566217, 0.00606463383883, 0.0102010145783, 0.00333149265498, 0.00489172339439, 0.000544544192962]}, "spectral_contrast_valleys": {"dmean": [0.440879046917, 0.327526807785, 0.336442321539, 0.345045506954, 0.576338529587, 0.916777133942], "dmean2": [0.71896648407, 0.53128772974, 0.523721694946, 0.553222417831, 1.0032813549, 1.63914060593], "dvar": [0.172742649913, 0.176857993007, 0.204323962331, 0.254961162806, 0.267667174339, 0.496763676405], "dvar2": [0.368787765503, 0.341302871704, 0.385159701109, 0.525354743004, 0.70517706871, 1.45200812817], "max": [-6.75512361526, -4.80714416504, -5.41441917419, -6.78633022308, -9.07102203369, -12.0548419952], "mean": [-9.56