{"lowlevel": {"average_loudness": 0.981902956963, "barkbands_crest": {"dmean": 2.09456324577, "dmean2": 3.21304154396, "dvar": 4.34727048874, "dvar2": 10.2602071762, "max": 22.7412605286, "mean": 11.7552947998, "median": 11.1261415482, "min": 3.46168494225, "var": 14.1594543457}, "barkbands_flatness_db": {"dmean": 0.0278023499995, "dmean2": 0.0355634763837, "dvar": 0.000597819453105, "dvar2": 0.00105966441333, "max": 0.323774784803, "mean": 0.157321825624, "median": 0.150044307113, "min": 0.0421211160719, "var": 0.00313514540903}, "barkbands_kurtosis": {"dmean": 7.24468040466, "dmean2": 9.87044525146, "dvar": 107.10949707, "dvar2": 173.544692993, "max": 123.853256226, "mean": 13.9834156036, "median": 7.1397151947, "min": -1.90412700176, "var": 317.288970947}, "barkbands_skewness": {"dmean": 0.777711689472, "dmean2": 1.08320629597, "dvar": 0.662504851818, "dvar2": 1.21224677563, "max": 9.85551643372, "mean": 2.9441652298, "median": 2.73893618584, "min": -1.86183452606, "var": 2.53868961334}, "barkbands_spread": {"dmean": 10.811955452, "dmean2": 15.1209411621, "dvar": 159.926879883, "dvar2": 332.860748291, "max": 100.68687439, "mean": 26.0659503937, "median": 21.6422309875, "min": 1.41251552105, "var": 412.035308838}, "dissonance": {"dmean": 0.0183010678738, "dmean2": 0.0297540593892, "dvar": 0.00027238522307, "dvar2": 0.000670970184729, "max": 0.497766673565, "mean": 0.452397078276, "median": 0.459368288517, "min": 0.332796007395, "var": 0.000767617893871}, "dynamic_complexity": 2.3168489933, "erbbands_crest": {"dmean": 2.54264140129, "dmean2": 3.63102269173, "dvar": 6.66984701157, "dvar2": 12.1793422699, "max": 25.5348758698, "mean": 10.426035881, "median": 9.2034330368, "min": 2.94797539711, "var": 24.6785736084}, "erbbands_flatness_db": {"dmean": 0.0181243959814, "dmean2": 0.0229777283967, "dvar": 0.000246564566623, "dvar2": 0.00045619343291, "max": 0.225492984056, "mean": 0.11379763484, "median": 0.109585210681, "min": 0.0481807626784, "var": 0.000939423800446}, "erbbands_kurtosis": {"dmean": 1.27488446236, "dmean2": 1.79575657845, "dvar": 4.60677337646, "dvar2": 8.30392837524, "max": 33.8805961609, "mean": 0.477292299271, "median": -0.519336700439, "min": -1.86631095409, "var": 9.75604438782}, "erbbands_skewness": {"dmean": 0.475383222103, "dmean2": 0.631356835365, "dvar": 0.291963905096, "dvar2": 0.474966436625, "max": 5.35115766525, "mean": 0.578406274319, "median": 0.448084831238, "min": -2.75375413895, "var": 1.03724813461}, "erbbands_spread": {"dmean": 19.6342105865, "dmean2": 26.9697742462, "dvar": 447.935516357, "dvar2": 792.494384766, "max": 165.710525513, "mean": 74.9747085571, "median": 69.287147522, "min": 10.1514215469, "var": 1114.38256836}, "hfc": {"dmean": 14.1413507462, "dmean2": 19.869052887, "dvar": 398.199859619, "dvar2": 869.741394043, "max": 135.64213562, "mean": 24.627325058, "median": 13.8957672119, "min": 2.12363415741e-09, "var": 660.757019043}, "melbands_crest": {"dmean": 2.43459749222, "dmean2": 3.86226701736, "dvar": 5.39568758011, "dvar2": 14.169508934, "max": 29.4847126007, "mean": 16.0786075592, "median": 15.8879528046, "min": 2.62441182137, "var": 13.4495306015}, "melbands_flatness_db": {"dmean": 0.0340905636549, "dmean2": 0.0439254231751, "dvar": 0.000979523872957, "dvar2": 0.00179612159263, "max": 0.443583548069, "mean": 0.248422503471, "median": 0.247424900532, "min": 0.0206423271447, "var": 0.00496846670285}, "melbands_kurtosis": {"dmean": 23.5379924774, "dmean2": 32.2173461914, "dvar": 888.630981445, "dvar2": 1715.33569336, "max": 394.106658936, "mean": 57.9346313477, "median": 43.0323486328, "min": -1.70915794373, "var": 2857.28320312}, "melbands_skewness": {"dmean": 1.24603366852, "dmean2": 1.7092474699, "dvar": 1.5179681778, "dvar2": 2.97513866425, "max": 17.3781661987, "mean": 5.71173191071, "median": 5.46873903275, "min": 0.0918057337403, "var": 6.14999580383}, "melbands_spread": {"dmean": 6.48085927963, "dmean2": 9.41216754913, "dvar": 137.785812378, "dvar2": 296.549926758, "max": 204.153991699, "mean": 14.9052886963, "median": 9.69326400757, "min": 0.989911198616, "var": 402.481323242}, "pitch_salience": {"dmean": 0.0635358095169, "dmean2": 0.0979670062661, "dvar": 0.00405479269102, "dvar2": 0.00963058322668, "max": 0.884921252728, "mean": 0.519924223423, "median": 0.542357563972, "min": 0.0957539379597, "var": 0.0136694386601}, "silence_rate_20dB": {"dmean": 0, "dmean2": 0, "dvar": 0, "dvar2": 0, "max": 1, "mean": 1, "median": 1, "min": 1, "var": 0}, "silence_rate_30dB": {"dmean": 0.0163043476641, "dmean2": 0.0326264277101, "dvar": 0.0160383488983, "dvar2": 0.0424381494522, "max": 1, "mean": 0.989136338234, "median": 1, "min": 0, "var": 0.0107458243147}, "silence_rate_60dB": {"dmean": 0.00652173906565, "dmean2": 0.0125067969784, "dvar": 0.00647931778803, "dvar2": 0.014525456354, "max": 1, "mean": 0.0059750135988, "median": 0, "min": 0, "var": 0.00593929877505}, "spectral_centroid": {"dmean": 277.341308594, "dmean2": 394.392059326, "dvar": 124144.25, "dvar2": 256692.046875, "max": 4358.109375, "mean": 939.118591309, "median": 808.534240723, "min": 197.77394104, "var": 426401.34375}, "spectral_complexity": {"dmean": 2.56521749496, "dmean2": 4.02882003784, "dvar": 14.1098556519, "dvar2": 30.9836597443, "max": 40, "mean": 10.2922325134, "median": 9, "min": 0, "var": 25.3571586609}, "spectral_decrease": {"dmean": 3.20187543146e-09, "dmean2": 4.58682825055e-09, "dvar": 1.7676381506e-17, "dvar2": 3.96851082354e-17, "max": -1.14372898127e-20, "mean": -8.46675440869e-09, "median": -8.19659273787e-09, "min": -4.08023375087e-08, "var": 3.8708780341e-17}, "spectral_energy": {"dmean": 0.0128989284858, "dmean2": 0.0183254592121, "dvar": 0.000288615352474, "dvar2": 0.000644737563562, "max": 0.165262430906, "mean": 0.0341892838478, "median": 0.0325466245413, "min": 2.35786948776e-13, "var": 0.000619760074187}, "spectral_energyband_high": {"dmean": 0.00136896711774, "dmean2": 0.00196578213945, "dvar": 3.8026889797e-06, "dvar2": 8.24417293188e-06, "max": 0.0119859986007, "mean": 0.00192271382548, "median": 0.000710644584615, "min": 1.50275638829e-13, "var": 6.07533911534e-06}, "spectral_energyband_low": {"dmean": 0.00573148252442, "dmean2": 0.00933753326535, "dvar": 0.000100872908661, "dvar2": 0.000269271491561, "max": 0.120650425553, "mean": 0.0133825559169, "median": 0.0131703251973, "min": 2.97874340143e-15, "var": 0.000147587808897}, "spectral_energyband_middle_high": {"dmean": 0.000538372725714, "dmean2": 0.000814402359538, "dvar": 1.13561043236e-06, "dvar2": 2.79340633824e-06, "max": 0.0118528455496, "mean": 0.00148229440674, "median": 0.0010200839024, "min": 6.21311270661e-14, "var": 1.972289283e-06}, "spectral_energyband_middle_low": {"dmean": 0.008410978131, "dmean2": 0.0115539822727, "dvar": 0.000129330219352, "dvar2": 0.000235074956436, "max": 0.113253131509, "mean": 0.019580764696, "median": 0.0138477310538, "min": 9.93425990341e-15, "var": 0.000371229340089}, "spectral_entropy": {"dmean": 0.347638636827, "dmean2": 0.42777761817, "dvar": 0.103676639497, "dvar2": 0.17421554029, "max": 8.80724620819, "mean": 7.49289226532, "median": 7.55021381378, "min": 5.62676906586, "var": 0.356727540493}, "spectral_flux": {"dmean": 0.0326108522713, "dmean2": 0.049722339958, "dvar": 0.00166331487708, "dvar2": 0.00370476441458, "max": 0.35644197464, "mean": 0.072512447834, "median": 0.0574121326208, "min": 0.000187909754459, "var": 0.00255282758735}, "spectral_kurtosis": {"dmean": 1.21095716953, "dmean2": 1.56146943569, "dvar": 1.56774067879, "dvar2": 3.10707211494, "max": 14.731092453, "mean": 2.20679950714, "median": 1.70408582687, "min": -0.573246002197, "var": 3.96139454842}, "spectral_rms": {"dmean": 0.00106973119546, "dmean2": 0.00147203530651, "dvar": 1.61303762525e-06, "dvar2": 3.32382091983e-06, "max": 0.0126977022737, "mean": 0.00536416610703, "median": 0.0056349625811, "min": 1.51669397042e-08, "var": 4.58111662738e-06}, "spectral_rolloff": {"dmean": 898.764892578, "dmean2": 1561.11462402, "dvar": 3896218, "dvar2": 9572938, "max": 16645.1660156, "mean": 1290.99902344, "median": 279.931640625, "min": 129.19921875, "var": 5094319}, "spectral_skewness": {"dmean": 0.279922276735, "dmean2": 0.344371795654, "dvar": 0.0701961219311, "dvar2": 0.124572254717, "max": 3.14653754234, "mean": 1.34173226357, "median": 1.32212364674, "min": 0.445817410946, "var": 0.227687463164}, "spectral_spread": {"dmean": 1295946.25, "dmean2": 1611973.25, "dvar": 1310492852220.0, "dvar2": 2585144590340.0, "max": 13778017, "mean": 7893155.5, "median": 7881144.5, "min": 3722593.75, "var": 4104383889410.0}, "spectral_strongpeak": {"dmean": 0.333005219698, "dmean2": 0.525106310844, "dvar": 1.64545309544, "dvar2": 4.82820034027, "max": 37.8415641785, "mean": 0.757580339909, "median": 0.572272181511, "min": 8.38002279124e-07, "var": 1.096393466}, "zerocrossingrate": {"dmean": 0.0225402824581, "dmean2": 0.0247082524002, "dvar": 0.000465229473775, "dvar2": 0.000635203788988, "max": 0.486328125, "mean": 0.0811586529016, "median": 0.07373046875, "min": 0.0068359375, "var": 0.00258108996786}, "barkbands": {"dmean": [0.000154212277266, 0.00272829574533, 0.00281839934178, 0.00286817084998, 0.00593867339194, 0.000192321487702, 0.000206601296668, 0.000142634075019, 5.34901191713e-05, 0.00016369340301, 0.000144390840433, 4.32875131082e-05, 4.39489776909e-05, 4.79472801089e-05, 5.74403966311e-05, 0.000102506346593, 5.87218783039e-05, 6.0867783759e-05, 6.61610756651e-05, 7.39906390663e-05, 0.000144469071529, 0.000209020392504, 0.000306835019728, 0.000236230713199, 0.00035269613727, 0.000212928818655, 4.78637957713e-05], "dmean2": [0.000190546124941, 0.00447767833248, 0.00476680696011, 0.00446380674839, 0.00776426913217, 0.000302653934341, 0.000348707137164, 0.000239529632381, 8.15318126115e-05, 0.000241405461566, 0.000191554034245, 6.95147246006e-05, 7.25616991986e-05, 8.40260181576e-05, 9.89424879663e-05, 0.00016735533427, 9.73339629127e-05, 9.99504918582e-05, 0.00010362741159, 0.000120321434224, 0.000214452011278, 0.000312563061016, 0.000463358795969, 0.000347710301867, 0.000494744104799, 0.000306011672365, 6.37566918158e-05], "dvar": [1.98435458287e-07, 2.67072464339e-05, 3.08829949063e-05, 1.68174356077e-05, 8.07436736068e-05, 2.01021293833e-07, 4.12485604784e-07, 2.24175906283e-07, 1.54737165303e-08, 9.77552758741e-08, 5.90368642861e-08, 7.1007724145e-09, 9.50210665707e-09, 3.68011683349e-08, 9.16762488146e-08, 1.65741170122e-07, 3.74183741769e-08, 2.49046276934e-08, 1.75608896313e-08, 1.65244120609e-08, 4.51829187398e-08, 9.7084232209e-08, 2.16853536017e-07, 1.95733335318e-07, 4.16307983642e-07, 2.47676609888e-07, 4.69830929717e-08], "dvar2": [3.56026220061e-07, 6.96108400007e-05, 8.74641773407e-05, 4.09397725889e-05, 0.000132635701448, 5.69801898109e-07, 1.13293253889e-06, 6.12022461155e-07, 3.07906908859e-08, 2.26076963372e-07, 1.02297043725e-07, 1.73779746149e-08, 2.30979679827e-08, 1.06763714314e-07, 2.61626183828e-07, 4.45921131131e-07, 9.91025785879e-08, 6.33997103705e-08, 3.49957574031e-08, 4.33278053436e-08, 1.03628231329e-07, 2.19622748432e-07, 5.12681253895e-07, 4.42190753347e-07, 7.87203077834e-07, 5.01430690747e-07, 7.73883215288e-08], "max": [0.00513413455337, 0.0615200549364, 0.0716537833214, 0.047191336751, 0.0890522375703, 0.00681888265535, 0.00616631470621, 0.00551139842719, 0.00415170378983, 0.00349032087252, 0.00350847980008, 0.00111430580728, 0.0011138584232, 0.00462311506271, 0.00786678213626, 0.00896776374429, 0.00355998100713, 0.0026452045422, 0.00353813800029, 0.00228033820167, 0.00180279882625, 0.00280835526064, 0.00392111949623, 0.00713690370321, 0.00816238764673, 0.00704635400325, 0.00521775288507], "mean": [0.000296520185657, 0.00584218045697, 0.00520348828286, 0.00585030671209, 0.0123819820583, 0.000489085970912, 0.000289531308226, 0.000194675230887, 0.000133920519147, 0.000312698539346, 0.000393934169551, 8.64433168317e-05, 7.48605962144e-05, 5.91175521549e-05, 8.88884533197e-05, 0.000183219148312, 0.000103856385977, 0.000102410376712, 0.00013544599642, 0.000112378555059, 0.00019126929692, 0.000259657565039, 0.000353724841261, 0.000285289715976, 0.000445864512585, 0.000256232829997, 6.2308696215e-05], "median": [1.74541055458e-05, 0.00561709236354, 0.00257515441626, 0.00334649416618, 0.00579525809735, 0.000377204269171, 0.000164775759913, 9.46064756135e-05, 4.47584316134e-05, 0.000173238309799, 0.00017953600036, 4.52126550954e-05, 2.80851654679e-05, 1.76484354597e-05, 3.31035371346e-05, 5.12035949214e-05, 3.66717940778e-05, 3.92981164623e-05, 5.48777898075e-05, 5.53470708837e-05, 5.03089177073e-05, 7.82906427048e-05, 9.228658746e-05, 9.51248439378e-05, 0.000106709114334, 5.89912924625e-05, 7.15316173228e-06], "min": [2.11181576783e-15, 1.75519308594e-15, 2.03006612993e-16, 2.33454869952e-17, 9.26540436002e-16, 1.05279884948e-15, 6.66600847566e-16, 1.42700710003e-15, 4.16122553624e-15, 4.7555826261e-15, 3.94080681106e-15, 4.98054398898e-15, 3.37602895875e-15, 7.60495932077e-16, 7.69941831747e-16, 3.71836410065e-15, 1.06179832044e-14, 1.51245711783e-14, 1.21262100703e-14, 6.46841538259e-15, 4.4561425032e-15, 2.34724400154e-14, 6.26711249696e-15, 1.36901014003e-14, 2.82662738024e-14, 3.39493549646e-14, 4.1058041705e-14], "var": [5.95420317495e-07, 3.85482017009e-05, 3.86993961001e-05, 3.87821673939e-05, 0.000261586363195, 2.5392319003e-07, 3.04448832367e-07, 1.66056651096e-07, 7.53622373395e-08, 1.69846984477e-07, 2.69015259846e-07, 1.25586394617e-08, 1.78708532417e-08, 2.61417945069e-08, 8.36463129872e-08, 2.09105081694e-07, 6.03583387715e-08, 4.81926889506e-08, 7.58395799494e-08, 2.46685658567e-08, 7.97754253767e-08, 1.33376587996e-07, 2.95418857377e-07, 2.60852516476e-07, 8.0121674273e-07, 4.27282856208e-07, 9.68125704048e-08]}, "erbbands": {"dmean": [0.0800899267197, 0.697414636612, 2.82800912857, 6.06382083893, 25.7610378265, 11.6315393448, 2.95996499062, 1.75914144516, 3.63375926018, 2.48114919662, 2.56512260437, 1.5318249464, 5.9349822998, 1.84260165691, 6.67187309265, 1.70372617245, 2.07219457626, 2.23474788666, 2.79021668434, 3.8966884613, 5.00981521606, 3.48822641373, 3.44371151924, 3.49190402031, 2.62309575081, 3.78465080261, 4.14108276367, 6.92937707901, 6.11408519745, 10.1755599976, 7.96491146088, 5.36100292206, 3.67403626442, 3.53190231323, 2.82379984856, 1.27894043922, 0.349633693695, 0.0622285827994, 0.008236348629, 0.000233106591622], "dmean2": [0.127368852496, 1.15364837646, 4.77228164673, 9.52512931824, 33.8026199341, 16.6057357788, 4.68320608139, 2.82247686386, 5.96066617966, 4.09562778473, 4.34964847565, 2.27312684059, 8.71078681946, 2.69047856331, 9.00830173492, 2.5875043869, 3.38402891159, 3.83140850067, 4.99201726913, 6.63567066193, 8.09816646576, 5.65685939789, 5.58823919296, 5.7302942276, 4.08599901199, 6.25293922424, 6.37333679199, 10.4450340271, 9.13491535187, 15.2355089188, 11.9705200195, 7.96675491333, 5.36956977844, 5.10969352722, 3.84706091881, 1.84722447395, 0.475415498018, 0.0881636142731, 0.0108715603128, 0.000331114191795], "dvar": [0.0332531444728, 1.9254540205, 34.0637588501, 74.4711837769, 1585.51049805, 307.910583496, 30.008398056, 18.1022281647, 108.537559509, 44.5031242371, 97.5261993408, 12.2053890228, 130.632553101, 9.7895565033, 128.654830933, 9.42329025269, 19.5974788666, 61.2050514221, 244.363891602, 168.022888184, 374.620452881, 117.321647644, 76.1886138916, 48.7167129517, 25.5545635223, 38.6003761292, 46.3671531677, 110.95716095, 85.8405227661, 221.578262329, 139.678314209, 88.5969924927, 45.5770263672, 42.292388916, 40.2086410522, 11.3780603409, 1.54186427593, 0.0423458516598, 0.0017347431276, 3.13103186045e-07], "dvar2": [0.0861372351646, 5.06316280365, 96.1184082031, 189.531387329, 2572.61621094, 742.750183105, 78.3509979248, 52.3852844238, 301.02532959, 120.312324524, 266.427307129, 23.6740093231, 299.285522461, 19.7454776764, 236.12272644, 21.4518623352, 47.0830230713, 174.722457886, 716.520385742, 459.602600098, 979.09588623, 299.004394531, 179.707229614, 116.154518127, 52.756477356, 103.645805359, 112.14150238, 257.684906006, 194.957977295, 523.369995117, 323.658111572, 196.832702637, 107.068748474, 90.204826355, 66.3771743774, 22.0464515686, 2.79284453392, 0.0761140584946, 0.00281253969297, 6.03992361903e-07], "max": [1.94991576672, 17.8977165222, 67.4060287476, 112.611038208, 385.340423584, 182.826629639, 83.542388916, 68.2306976318, 102.666870117, 66.2979812622, 118.420852661, 119.393676758, 131.640548706, 37.9088935852, 182.223709106, 44.6050796509, 53.6610908508, 195.668823242, 397.253051758, 184.166610718, 447.426696777, 198.046020508, 163.801834106, 119.742256165, 127.014785767, 69.8274307251, 87.060218811, 98.2693786621, 64.6154785156, 106.587150574, 80.700920105, 171.758255005, 123.760742188, 97.1941604614, 117.974052429, 60.9475784302, 30.5229568481, 5.46726608276, 1.15967297554, 0.0130643853918], "mean": [0.128255814314, 1.45416307449, 5.49410772324, 13.3148012161, 52.265838623, 23.4773445129, 6.40422105789, 4.18456172943, 5.90607690811, 3.6025993824, 3.48087906837, 4.03521156311, 11.199262619, 4.55328369141, 18.0587024689, 4.12962436676, 3.88517999649, 3.33804678917, 3.69219255447, 6.01032495499, 9.64322376251, 6.84532880783, 6.78436517715, 6.79936122894, 4.89604139328, 5.60197496414, 5.7924747467, 8.90730381012, 7.84493732452, 11.9648551941, 9.40224647522, 6.29942417145, 4.4965133667, 4.35151481628, 3.68096446991, 1.5600041151, 0.425765663385, 0.0778261050582, 0.0105175152421, 0.000293666555081], "median": [0.0482485964894, 1.35221147537, 3.87874794006, 9.19196414948, 25.244846344, 13.6086015701, 4.59263706207, 3.22055602074, 3.84124016762, 1.88088738918, 1.72576653957, 1.58652472496, 6.41180276871, 2.49104571342, 8.02271366119, 2.42027902603, 1.72894752026, 1.37474644184, 1.40100264549, 2.29731106758, 2.70608592033, 2.29744124413, 2.60519933701, 3.11390018463, 1.92473995686, 2.70387363434, 2.0300962925, 2.12275314331, 2.48484182358, 3.04382252693, 2.51275730133, 2.23914074898, 1.47572600842, 1.16909623146, 0.838898301125, 0.388724595308, 0.0818158239126, 0.0146730383858, 0.00131156819407, 9.35150019359e-05], "min": [8.50272543346e-14, 2.75161756444e-13, 3.19519177826e-13, 1.18783238454e-13, 9.58075849558e-13, 3.79530521594e-12, 5.33224983265e-12, 9.96918866902e-12, 1.33789862869e-11, 7.46606422519e-12, 4.79560384459e-11, 8.90016116362e-11, 1.50846057867e-10, 1.45705905674e-10, 1.51539517046e-10, 2.19564727511e-10, 1.72331746096e-10, 6.90516047119e-11, 4.21289877983e-11, 9.46372216704e-11, 2.01136454714e-10, 6.15625161959e-10, 9.21393461528e-10, 6.14216066896e-10, 5.52395518216e-10, 2.7176702555e-10, 1.76686165698e-10, 3.17844167652e-10, 7.76924857782e-10, 5.60007595851e-10, 2.10744643958e-10, 3.88818560682e-10, 1.38090566759e-10, 1.77301021087e-10, 2.79465339759e-10, 1.16420650897e-10, 7.28479776502e-11, 2.47088148553e-11, 5.72964635806e-12, 5.17288360584e-13], "var": [0.0517228469253, 2.31954908371, 37.5442085266, 145.460571289, 4974.57080078, 633.097106934, 39.094581604, 20.504573822, 87.6355361938, 37.5814056396, 69.1998672485, 62.0177993774, 231.301025391, 29.326128006, 564.800354004, 22.5070018768, 38.1317596436, 51.8908500671, 157.740615845, 189.0184021, 548.528625488, 236.613647461, 208.623916626, 137.616516113, 86.9160919189, 58.1013069153, 72.8029785156, 181.492797852, 117.561019897, 315.118103027, 193.748825073, 120.857543945, 56.4502067566, 71.0463409424, 87.0132751465, 19.5313854218, 3.06486845016, 0.0814290866256, 0.00362368277274, 5.57714940896e-07]}, "gfcc": {"mean": [7.12826633453, 55.2042884827, -57.4538345337, 42.1007728577, -54.8120994568, 20.549571991, -40.6184959412, 4.25997591019, -37.1954154968, -10.0670318604, -28.0624256134, 2.99226713181, -12.8596525192], "cov": [[3326.18676758, -787.899658203, 180.742385864, 224.893661499, 1.21069550514, 99.1641616821, 1.50572991371, -14.3899078369, -26.9520149231, 49.7580680847, -73.2223739624, 32.9566802979, -66.5733642578], [-787.899658203, 1140.39172363, -208.452194214, -112.528022766, 177.302139282, -16.1339073181, 24.3387050629, 53.2308769226, 18.1145935059, -34.5866622925, 66.4044952393, -9.28218364716, 69.7062301636], [180.742385864, -208.452194214, 640.591003418, 276.401367188, 34.1234664917, 52.2763404846, 50.6031799316, -27.1857757568, 47.0550270081, 38.2147216797, -10.7974414825, -11.3847560883, -9.3797454834], [224.893661499, -112.528022766, 276.401367188, 292.353668213, 10.1682291031, 49.7902565002, 32.1113586426, -29.9268074036, 30.9486484528, 48.8992538452, 25.3902359009, -13.596736908, 7.56015110016], [1.21069550514, 177.302139282, 34.1234664917, 10.1682291031, 251.315719604, 22.4821281433, 28.8872413635, 46.7253227234, 25.5608158112, -0.487567692995, 7.06928777695, 6.46778106689, -10.4847192764], [99.1641616821, -16.1339073181, 52.2763404846, 49.7902565002, 22.4821281433, 174.493331909, 14.0574159622, 35.6899108887, 30.0518169403, 41.3504867554, -7.25933980942, -3.72746181488, 39.2800521851], [1.50572991371, 24.3387050629, 50.6031799316, 32.1113586426, 28.8872413635, 14.0574159622, 147.85067749, 22.6634311676, 24.1163845062, -23.1886844635, 41.9533653259, 13.8896141052, 17.952917099], [-14.3899078369, 53.2308769226, -27.1857757568, -29.9268074036, 46.7253227234, 35.6899108887, 22.6634311676, 102.662353516, 36.0283279419, 24.6251831055, 1.72132492065, 16.9696598053, 8.18646526337], [-26.9520149231, 18.1145935059, 47.0550270081, 30.9486484528, 25.5608158112, 30.0518169403, 24.1163845062, 36.0283279419, 81.56690979, 49.9842376709, 30.1111812592, -3.41021800041, 16.0903282166], [49.7580680847, -34.5866622925, 38.2147216797, 48.8992538452, -0.487567692995, 41.3504867554, -23.1886844635, 24.6251831055, 49.9842376709, 106.434700012, 28.1950283051, 4.12769174576, -1.55286490917], [-73.2223739624, 66.4044952393, -10.7974414825, 25.3902359009, 7.06928777695, -7.25933980942, 41.9533653259, 1.72132492065, 30.1111812592, 28.1950283051, 110.332977295, 22.2214927673, 11.4848546982], [32.9566802979, -9.28218364716, -11.3847560883, -13.596736908, 6.46778106689, -3.72746181488, 13.8896141052, 16.9696598053, -3.41021800041, 4.12769174576, 22.2214927673, 63.4595756531, -4.68129205704], [-66.5733642578, 69.7062301636, -9.3797454834, 7.56015110016, -10.4847192764, 39.2800521851, 17.952917099, 8.18646526337, 16.0903282166, -1.55286490917, 11.4848546982, -4.68129205704, 79.3520202637]], "icov": [[0.000396187359001, 0.000266218354227, 0.000139319527079, -0.000334101001499, -0.000186372300959, -0.000150234554894, -7.55126602598e-05, -1.03698048406e-05, 0.000197027358809, -9.39702003961e-05, 0.000229298777413, -0.00023825308017, 0.000125691251014], [0.000266218354227, 0.00143603258766, 0.000333214149578, 1.38698833325e-05, -0.00110088754445, 0.000197517918423, 0.000213798179175, -0.000388033076888, 0.000313132273732, 0.000296817626804, -0.000791451369878, 0.000504034222104, -0.00116503273603], [0.000139319527079, 0.000333214149578, 0.00304947141558, -0.00273978663608, -0.000431888765888, -0.000110759661766, -0.000648042012472, 0.000764574448112, -0.00161876529455, 0.000324983964674, 0.00151081348304, -0.00068253534846, 0.000586832291447], [-0.000334101001499, 1.38698833325e-05, -0.00273978663608, 0.00733862863854, -0.000275895203231, -0.000753154105041, -0.00100709451362, 0.00212202081457, 0.000928200490307, -0.00271675828844, -0.00166730501223, 0.00163922121283, -0.000873580574989], [-0.000186372300959, -0.00110088754445, -0.000431888765888, -0.000275895203231, 0.0055073867552, -0.000734493718483, -0.000166985744727, -0.0018393084174, -0.00143987161573, 0.00140834366903, 9.61683181231e-05, -0.000303056527628, 0.00239247293212], [-0.000150234554894, 0.000197517918423, -0.000110759661766, -0.000753154105041, -0.000734493718483, 0.00848266109824, -0.000938723504078, -0.00198297086172, 0.000893410528079, -0.00355669972487, 0.00198812992312, 0.000476108049043, -0.00463040126488], [-7.55126602598e-05, 0.000213798179175, -0.000648042012472, -0.00100709451362, -0.000166985744727, -0.000938723504078, 0.01090585161, -0.00282356282696, -0.00341177289374, 0.00709830038249, -0.00480864942074, -0.000929237052333, -0.00049341621343], [-1.03698048406e-05, -0.000388033076888, 0.000764574448112, 0.00212202081457, -0.0018393084174, -0.00198297086172, -0.00282356282696, 0.0164928250015, -0.00617924751714, -0.00301028275862, 0.0039943526499, -0.00469850283116, 0.000235009007156], [0.000197027358809, 0.000313132273732, -0.00161876529455, 0.000928200490307, -0.00143987161573, 0.000893410528079, -0.00341177289374, -0.00617924751714, 0.0258586797863, -0.0109059475362, -0.00384495244361, 0.00558705814183, -0.00418339157477], [-9.39702003961e-05, 0.000296817626804, 0.000324983964674, -0.00271675828844, 0.00140834366903, -0.00355669972487, 0.00709830038249, -0.00301028275862, -0.0109059475362, 0.0208649206907, -0.00503136683255, -0.00142838654574, 0.00387263903394], [0.000229298777413, -0.000791451369878, 0.00151081348304, -0.00166730501223, 9.61683181231e-05, 0.00198812992312, -0.00480864942074, 0.0039943526499, -0.00384495244361, -0.00503136683255, 0.0156968776137, -0.00567909190431, -0.000996242160909], [-0.00023825308017, 0.000504034222104, -0.00068253534846, 0.00163922121283, -0.000303056527628, 0.000476108049043, -0.000929237052333, -0.00469850283116, 0.00558705814183, -0.00142838654574, -0.00567909190431, 0.0201133098453, 0.000387405016227], [0.000125691251014, -0.00116503273603, 0.000586832291447, -0.000873580574989, 0.00239247293212, -0.00463040126488, -0.00049341621343, 0.000235009007156, -0.00418339157477, 0.00387263903394, -0.000996242160909, 0.000387405016227, 0.0176702328026]]}, "melbands": {"dmean": [0.000709316576831, 0.00128529896028, 0.00163539405912, 0.00147442368325, 0.000152931461344, 4.19362077082e-05, 4.9870206567e-05, 2.80551503238e-05, 1.82896455954e-05, 9.34977015277e-06, 2.97821752611e-05, 6.89452826919e-06, 2.06927416002e-05, 8.36118033476e-06, 4.57717624158e-06, 4.38370716438e-06, 4.44737725047e-06, 4.54693963547e-06, 4.20396418122e-06, 7.07130720912e-06, 5.69587155042e-06, 3.74222281607e-06, 2.93150151265e-06, 3.10063774123e-06, 3.12066549668e-06, 2.32882302953e-06, 1.94869789993e-06, 2.68259282166e-06, 2.52308177551e-06, 3.31076125804e-06, 4.28181465395e-06, 3.38368749908e-06, 4.82511859445e-06, 6.34347816231e-06, 5.50625418327e-06, 3.86215560866e-06, 2.98269401355e-06, 2.64456843979e-06, 2.54786755249e-06, 3.32299987349e-06], "dmean2": [0.00111181277316, 0.00215579010546, 0.00237822555937, 0.00195968640037, 0.000243160946411, 6.61110461806e-05, 8.16380488686e-05, 4.6393910452e-05, 3.08881062665e-05, 1.38799177876e-05, 4.38310053141e-05, 1.03326383396e-05, 2.80440508504e-05, 1.19370533866e-05, 7.31772297513e-06, 7.3387827797e-06, 7.6559936133e-06, 8.19333308755e-06, 7.18205546946e-06, 1.20929353216e-05, 9.04781973077e-06, 6.19881711827e-06, 4.79648451801e-06, 5.05705747855e-06, 5.16249883731e-06, 3.46356932823e-06, 3.28576629727e-06, 4.46175317848e-06, 4.00507178711e-06, 5.11493817612e-06, 6.55215262668e-06, 5.12521773999e-06, 7.35509456717e-06, 9.56441544986e-06, 8.52349057823e-06, 5.92341984884e-06, 4.41859583589e-06, 3.8689631765e-06, 3.89231490772e-06, 4.81224014948e-06], "dvar": [1.76345031377e-06, 6.94631808074e-06, 4.49028993899e-06, 4.98782901559e-06, 8.26637744922e-08, 9.61093160612e-09, 2.07484447401e-08, 5.81214898432e-09, 4.87102047586e-09, 4.33740737771e-10, 3.33661498431e-09, 1.5199104475e-10, 1.25168786447e-09, 2.42454362143e-10, 1.21804136222e-10, 9.87137663278e-11, 2.80259815355e-10, 5.76398873076e-10, 4.65524063742e-10, 7.64982688306e-10, 4.61003180074e-10, 1.66146360558e-10, 7.21190399067e-11, 6.67203584048e-11, 4.16833303984e-11, 3.44495855453e-11, 1.21098010092e-11, 2.03789797537e-11, 2.50468552149e-11, 2.61216898806e-11, 4.63994988265e-11, 2.74273208312e-11, 5.65468019631e-11, 9.65457852553e-11, 7.68450719724e-11, 3.96315098794e-11, 4.23306424635e-11, 2.1506688791e-11, 4.09865336115e-11, 5.15243195331e-11], "dvar2": [4.58596423414e-06, 1.92771094589e-05, 9.78874686552e-06, 8.54726749822e-06, 2.14005041244e-07, 2.72970854809e-08, 5.73683571758e-08, 1.57002819634e-08, 1.32782105311e-08, 8.34022406693e-10, 7.68955743524e-09, 3.26760063452e-10, 2.26253837887e-09, 5.07276554096e-10, 2.9353425246e-10, 2.38170122513e-10, 8.01637534131e-10, 1.69611324985e-09, 1.30047761449e-09, 2.16637574546e-09, 1.12374387573e-09, 4.42523545585e-10, 1.91951191053e-10, 1.66511901489e-10, 1.00642959244e-10, 5.62413240979e-11, 3.29315116843e-11, 5.54571805145e-11, 6.47324693848e-11, 6.1419910824e-11, 1.08333647608e-10, 6.45368480878e-11, 1.32855365598e-10, 2.34708724678e-10, 1.85502252448e-10, 9.6727750809e-11, 8.24958990009e-11, 4.9900139576e-11, 9.73398167625e-11, 9.96666499331e-11], "max": [0.0138429338112, 0.0320497639477, 0.0194307398051, 0.0221754349768, 0.00414263829589, 0.00143388053402, 0.00138598866761, 0.000788995996118, 0.000843945832457, 0.000655422569253, 0.000661792408209, 0.000143147219205, 0.000534841907211, 0.000241628644289, 0.000171290230355, 0.000149910803884, 0.00042327833944, 0.000567541399505, 0.000522435351741, 0.000498574459925, 0.000477568799397, 0.000240709458012, 0.000207141187275, 0.000124348589452, 0.000112305802759, 0.000192653402337, 4.10519751313e-05, 5.89790724916e-05, 8.6163629021e-05, 4.50500556326e-05, 7.65395525377e-05, 4.20029136876e-05, 8.28126430861e-05, 9.83253557933e-05, 6.69096334605e-05, 5.42929847143e-05, 0.000176589019247, 6.7803033744e-05, 0.000173166466993, 0.000135508860694], "mean": [0.00138129957486, 0.00264141452499, 0.00359569536522, 0.00305109214969, 0.000296591431834, 0.000100224548078, 8.09064367786e-05, 3.96814648411e-05, 2.67007271759e-05, 2.41505094891e-05, 5.53388344997e-05, 1.44799123518e-05, 5.52013734705e-05, 2.15010932152e-05, 8.6313830252e-06, 7.60078910389e-06, 6.15791532255e-06, 5.34700757271e-06, 6.60643991068e-06, 1.068027359e-05, 1.12238667498e-05, 6.60099931338e-06, 5.85401767239e-06, 5.27824340679e-06, 5.78879007662e-06, 4.71830526294e-06, 2.58416866927e-06, 3.91637422581e-06, 3.43458850693e-06, 4.10207576351e-06, 5.47582612853e-06, 4.18454646933e-06, 5.506301477e-06, 7.18280489309e-06, 6.17357454757e-06, 4.21637332693e-06, 3.64419543075e-06, 3.11515464091e-06, 3.08185508402e-06, 3.97987378165e-06], "median": [0.00107660505455, 0.0022947776597, 0.00290542840958, 0.0015157397138, 0.000202762894332, 7.88478791947e-05, 5.31413825229e-05, 2.06022123166e-05, 1.3039998521e-05, 9.64106948231e-06, 3.09987553919e-05, 5.70647898712e-06, 2.5004708732e-05, 9.16441604204e-06, 2.85423516289e-06, 2.58169575318e-06, 1.90461048533e-06, 1.93605023924e-06, 2.50644802691e-06, 3.5313121316e-06, 2.60223805526e-06, 2.01028933589e-06, 2.25330177273e-06, 1.91673166228e-06, 2.30064028983e-06, 1.3693377241e-06, 1.35051232064e-06, 1.87559351161e-06, 1.29096792989e-06, 1.20642221191e-06, 1.21858306557e-06, 1.41496468586e-06, 1.51212964283e-06, 1.59608691774e-06, 1.34607751079e-06, 1.58008526796e-06, 1.17588967896e-06, 1.08502183593e-06, 8.15197040538e-07, 8.99287840639e-07], "min": [7.24944794611e-16, 2.36051353499e-16, 3.52210063754e-17, 1.69899033231e-16, 1.92028854239e-16, 2.25700796172e-16, 1.85215175627e-16, 1.07235138746e-16, 4.38455831946e-16, 5.9046433819e-16, 7.59749960748e-16, 5.84758618379e-16, 5.2736880101e-16, 5.48865808997e-16, 4.13218564692e-16, 3.61764013064e-16, 9.80306897885e-17, 6.16653882235e-17, 6.79119187199e-17, 2.35897775838e-16, 1.91648377627e-16, 5.4653784482e-16, 7.9943790125e-16, 8.3699788323e-16, 4.34491135418e-16, 5.52648869898e-16, 2.17096251682e-16, 1.80579165783e-16, 1.34960022652e-16, 7.37616870723e-17, 2.27718190424e-16, 4.03556512802e-16, 5.14176951071e-16, 2.04973926423e-16, 8.77307890023e-17, 2.15280279218e-16, 2.22294929631e-16, 8.74882993513e-17, 9.40560406231e-17, 1.672293442e-16], "var": [2.94028905046e-06, 7.54566508476e-06, 1.05937651824e-05, 1.55365396495e-05, 1.05615299617e-07, 1.15136868928e-08, 1.66863269868e-08, 4.87585349873e-09, 3.73387853969e-09, 2.01967331748e-09, 5.82028825136e-09, 4.29819763115e-10, 5.36674482632e-09, 8.8352719585e-10, 2.36784925001e-10, 2.22012033757e-10, 2.43230491304e-10, 3.5040703672e-10, 5.14746689717e-10, 7.05201175233e-10, 8.82251660617e-10, 2.64173377618e-10, 1.15368443965e-10, 1.44593989559e-10, 1.24495705411e-10, 1.73324618546e-10, 1.29286598788e-11, 3.0509691995e-11, 3.42268817455e-11, 3.59221645485e-11, 7.87741399888e-11, 3.45157201431e-11, 7.2029743281e-11, 1.3174535074e-10, 9.93084225964e-11, 4.17408295428e-11, 7.10732861453e-11, 2.71520306239e-11, 5.02271765845e-11, 9.47187953071e-11]}, "mfcc": {"mean": [-658.15838623, 94.3315505981, 49.1411628723, 30.4090061188, 14.5715169907, 13.1069860458, 4.43694829941, 11.3962583542, 0.379141330719, -8.07033443451, -12.2030181885, -8.89046096802, -3.21961188316], "cov": [[2613.35473633, -749.821655273, 93.5554656982, 55.7255210876, -35.8876075745, 124.97833252, 20.6757602692, 10.1182327271, -2.00743341446, -1.74705266953, 67.0267105103, 3.20839238167, 19.2132797241], [-749.821655273, 1083.44104004, -313.418060303, -20.6402721405, 101.823219299, -71.5707321167, 23.2822818756, 57.7407875061, 22.7264537811, 16.4409389496, -36.0841598511, 18.3962650299, 41.7663726807], [93.5554656982, -313.418060303, 588.420837402, 180.864547729, 36.7105140686, 127.32106781, 26.3410072327, -21.6222610474, 35.4372825623, 23.3726520538, 62.7156181335, 11.9547662735, -41.0943107605], [55.7255210876, -20.6402721405, 180.864547729, 245.172332764, 58.6807899475, 55.2616119385, 31.8857803345, 10.7001371384, -14.1651973724, 25.5285186768, 46.9113273621, 11.9603996277, -31.5393104553], [-35.8876075745, 101.823219299, 36.7105140686, 58.6807899475, 164.050140381, 60.008934021, 19.1057128906, 11.5628957748, 33.5470733643, 17.2360572815, 37.9410362244, 29.625289917, 3.4740023613], [124.97833252, -71.5707321167, 127.32106781, 55.2616119385, 60.008934021, 129.568344116, 36.4438438416, -2.55239844322, 28.4366664886, 12.4256515503, 30.310426712, 22.4947414398, 12.7147960663], [20.6757602692, 23.2822818756, 26.3410072327, 31.8857803345, 19.1057128906, 36.4438438416, 88.7264785767, 47.0058135986, 15.2108240128, 16.6818065643, 2.1269762516, -1.03838610649, 11.5564689636], [10.1182327271, 57.7407875061, -21.6222610474, 10.7001371384, 11.5628957748, -2.55239844322, 47.0058135986, 104.802558899, 26.036687851, 9.3872833252, -2.87497663498, -8.73052597046, -7.17878770828], [-2.00743341446, 22.7264537811, 35.4372825623, -14.1651973724, 33.5470733643, 28.4366664886, 15.2108240128, 26.036687851, 113.659385681, 20.9402084351, 1.40286839008, 7.31107378006, 14.8137779236], [-1.74705266953, 16.4409389496, 23.3726520538, 25.5285186768, 17.2360572815, 12.4256515503, 16.6818065643, 9.3872833252, 20.9402084351, 71.0189743042, 31.9521446228, 4.569668293, -1.99536108971], [67.0267105103, -36.0841598511, 62.7156181335, 46.9113273621, 37.9410362244, 30.310426712, 2.1269762516, -2.87497663498, 1.40286839008, 31.9521446228, 97.2904281616, 33.2543411255, -8.65258979797], [3.20839238167, 18.3962650299, 11.9547662735, 11.9603996277, 29.625289917, 22.4947414398, -1.03838610649, -8.73052597046, 7.31107378006, 4.569668293, 33.2543411255, 86.0586013794, 35.0915718079], [19.2132797241, 41.7663726807, -41.0943107605, -31.5393104553, 3.4740023613, 12.7147960663, 11.5564689636, -7.17878770828, 14.8137779236, -1.99536108971, -8.65258979797, 35.0915718079, 107.145523071]], "icov": [[0.000531268597115, 0.000416027702158, 0.000301263848087, -0.000216995846131, 0.000103459628008, -0.000507523189299, 0.000123933656141, -0.000285848742351, -4.20028700319e-05, 0.000100792276498, -0.000307872367557, 0.000169972452568, -0.000254260317888], [0.000416027702158, 0.00165576091968, 0.000896172423381, -0.000530407822225, -0.00102537695784, 0.000436804664787, -0.000176077330252, -0.000460848415969, -0.00022514371085, -0.000308386952383, 0.000376060430426, -0.000153854271048, -0.000456780137029], [0.000301263848087, 0.000896172423381, 0.00342718767934, -0.0021100230515, 0.000633791321889, -0.0021740552038, -4.5901084377e-05, 0.000665413972456, -0.0014434378827, 0.000323662243318, -0.000681238539983, 0.0001193635253, 0.000688454019837], [-0.000216995846131, -0.000530407822225, -0.0021100230515, 0.00685550272465, -0.00163264269941, -0.000155595727847, -0.00131598429289, -0.000534356513526, 0.00252148951404, -0.00123320741113, -0.000648809596896, -0.000457211514004, 0.00135768135078], [0.000103459628008, -0.00102537695784, 0.000633791321889, -0.00163264269941, 0.00979485549033, -0.00420523574576, 0.000566004717257, -0.000213422317756, -0.002173792338, 0.000647570414003, -0.00230062589981, -0.00120898569003, 0.000772524625063], [-0.000507523189299, 0.000436804664787, -0.0021740552038, -0.000155595727847, -0.00420523574576, 0.015153802, -0.00592605443671, 0.00303372670896, -0.00183528556954, 0.00100874505006, -0.000923518382479, -0.00106675701682, -0.00123106699903], [0.000123933656141, -0.000176077330252, -4.5901084377e-05, -0.00131598429289, 0.000566004717257, -0.00592605443671, 0.0195253323764, -0.00885794684291, 0.00151926465333, -0.00340799195692, 0.00176691974048, 0.00150448770728, -0.00299669220112], [-0.000285848742351, -0.000460848415969, 0.000665413972456, -0.000534356513526, -0.000213422317756, 0.00303372670896, -0.00885794684291, 0.0150697538629, -0.00366086070426, 0.0010621920228, -0.000569233496208, 0.000324169755913, 0.00231459573843], [-4.20028700319e-05, -0.00022514371085, -0.0014434378827, 0.00252148951404, -0.002173792338, -0.00183528556954, 0.00151926465333, -0.00366086070426, 0.0122393127531, -0.00395041285083, 0.00204164837487, -0.00029763643397, -0.00134036689997], [0.000100792276498, -0.000308386952383, 0.000323662243318, -0.00123320741113, 0.000647570414003, 0.00100874505006, -0.00340799195692, 0.0010621920228, -0.00395041285083, 0.0190614331514, -0.0071232477203, 0.00189963565208, -0.000134928486659], [-0.000307872367557, 0.000376060430426, -0.000681238539983, -0.000648809596896, -0.00230062589981, -0.000923518382479, 0.00176691974048, -0.000569233496208, 0.00204164837487, -0.0071232477203, 0.0172054506838, -0.00633426709101, 0.00246088323183], [0.000169972452568, -0.000153854271048, 0.0001193635253, -0.000457211514004, -0.00120898569003, -0.00106675701682, 0.00150448770728, 0.000324169755913, -0.00029763643397, 0.00189963565208, -0.00633426709101, 0.0173153392971, -0.00614007236436], [-0.000254260317888, -0.000456780137029, 0.000688454019837, 0.00135768135078, 0.000772524625063, -0.00123106699903, -0.00299669220112, 0.00231459573843, -0.00134036689997, -0.000134928486659, 0.00246088323183, -0.00614007236436, 0.013212271966]]}, "spectral_contrast_coeffs": {"dmean": [0.0492786020041, 0.0376458019018, 0.0398580133915, 0.031574241817, 0.0240266360343, 0.0186955984682], "dmean2": [0.0788218155503, 0.0606266781688, 0.0615063793957, 0.0500552020967, 0.0380680151284, 0.0281078536063], "dvar": [0.00197367323563, 0.00106358749326, 0.00122268882114, 0.000733360589948, 0.000466006807983, 0.000267221155809], "dvar2": [0.00456793885678, 0.00248185312375, 0.0026711076498, 0.00163947837427, 0.00105913891457, 0.000555382051971], "max": [-0.261764168739, -0.534283578396, -0.476921916008, -0.590711891651, -0.649185121059, -0.715640842915], "mean": [-0.554670929909, -0.723433554173, -0.709575235844, -0.770415246487, -0.785858392715, -0.799623250961], "median": [-0.561655461788, -0.726443052292, -0.710873782635, -0.773906230927, -0.789935350418, -0.799046397209], "min": [-0.930529296398, -0.956896364689, -0.975083529949, -0.941670656204, -0.951364338398, -0.921574294567], "var": [0.00780346803367, 0.00366135290824, 0.00558828143403, 0.00295077660121, 0.00188186008018, 0.000821438035928]}, "spectral_contrast_valleys": {"dmean": [0.458564519882, 0.393380403519, 0.433234214783, 0.443162113428, 0.436111181974, 0.56754809618], "dmean2": [0.720140993595, 0.598834693432, 0.639924883842, 0.627269864082, 0.560737192631, 0.618778586388], "dvar": [0.297048121691, 0.23097743094, 0.241505786777, 0.26429182291, 0.25328117609, 0.284754991531], "dvar2": [0.508793652058, 0.387531131506, 0.389118164778, 0.460161060095, 0.427028805017, 0.484136790037], "max": [-5.36873865128, -5.01620531082, -6.30301761627, -6.289357185