{"lowlevel": {"average_loudness": 0.968179821968, "barkbands_crest": {"dmean": 2.8972902298, "dmean2": 4.79008293152, "dvar": 7.51452064514, "dvar2": 19.8310089111, "max": 26.182592392, "mean": 9.72661876678, "median": 8.9779291153, "min": 2.36035966873, "var": 15.0135393143}, "barkbands_flatness_db": {"dmean": 0.0282550249249, "dmean2": 0.0406712181866, "dvar": 0.000732097774744, "dvar2": 0.00138869613875, "max": 0.441601097584, "mean": 0.182814866304, "median": 0.181677609682, "min": 0.0541787557304, "var": 0.00317571009509}, "barkbands_kurtosis": {"dmean": 3.25799274445, "dmean2": 4.93005990982, "dvar": 25.2500705719, "dvar2": 51.697467804, "max": 151.082000732, "mean": 4.64230918884, "median": 2.37759494781, "min": -1.72732615471, "var": 61.1042556763}, "barkbands_skewness": {"dmean": 0.58482003212, "dmean2": 0.8888412714, "dvar": 0.33335262537, "dvar2": 0.728226602077, "max": 11.5747299194, "mean": 1.69501769543, "median": 1.71308815479, "min": -2.3767156601, "var": 1.73317015171}, "barkbands_spread": {"dmean": 5.15806341171, "dmean2": 7.93332386017, "dvar": 25.6209526062, "dvar2": 59.9585876465, "max": 68.5906066895, "mean": 19.7452163696, "median": 19.6793994904, "min": 0.471252709627, "var": 96.6602554321}, "dissonance": {"dmean": 0.0112213315442, "dmean2": 0.0185208860785, "dvar": 0.00013980390213, "dvar2": 0.000371720612748, "max": 0.499999970198, "mean": 0.478027611971, "median": 0.482155919075, "min": 0.251615285873, "var": 0.000326255627442}, "dynamic_complexity": 1.68735599518, "erbbands_crest": {"dmean": 2.00096392632, "dmean2": 3.21612596512, "dvar": 4.08539485931, "dvar2": 9.58147144318, "max": 28.3751544952, "mean": 7.02664136887, "median": 6.14247989655, "min": 2.50675582886, "var": 10.4682855606}, "erbbands_flatness_db": {"dmean": 0.0166490804404, "dmean2": 0.0220641568303, "dvar": 0.000303070934024, "dvar2": 0.000536105304491, "max": 0.380816489458, "mean": 0.200256854296, "median": 0.201587021351, "min": 0.0779376402497, "var": 0.0019829927478}, "erbbands_kurtosis": {"dmean": 0.666734218597, "dmean2": 1.06441426277, "dvar": 1.18403422832, "dvar2": 2.78039360046, "max": 24.4892845154, "mean": -0.36402118206, "median": -0.781797409058, "min": -1.67855942249, "var": 2.31395769119}, "erbbands_skewness": {"dmean": 0.362995415926, "dmean2": 0.534012377262, "dvar": 0.134729728103, "dvar2": 0.269632428885, "max": 4.17686033249, "mean": -0.190860316157, "median": -0.313501507044, "min": -2.46233677864, "var": 0.570622205734}, "erbbands_spread": {"dmean": 6.6410241127, "dmean2": 10.5566701889, "dvar": 38.5549125671, "dvar2": 93.5385131836, "max": 103.217262268, "mean": 40.9903564453, "median": 41.8123703003, "min": 5.80067491531, "var": 144.322723389}, "hfc": {"dmean": 6.26339626312, "dmean2": 10.2313613892, "dvar": 226.987060547, "dvar2": 617.95703125, "max": 466.036956787, "mean": 16.9173469543, "median": 14.7564659119, "min": 1.07617382216e-16, "var": 207.428009033}, "melbands_crest": {"dmean": 3.63594937325, "dmean2": 5.91077375412, "dvar": 10.1729078293, "dvar2": 26.4699020386, "max": 33.7217979431, "mean": 14.4663171768, "median": 14.1183776855, "min": 1.72520327568, "var": 28.339094162}, "melbands_flatness_db": {"dmean": 0.0331267900765, "dmean2": 0.0470369569957, "dvar": 0.00103422941174, "dvar2": 0.00193134974688, "max": 0.543099939823, "mean": 0.237622484565, "median": 0.238615691662, "min": 0.0039185192436, "var": 0.00598962977529}, "melbands_kurtosis": {"dmean": 7.54091930389, "dmean2": 11.5747537613, "dvar": 90.7430419922, "dvar2": 195.500793457, "max": 169.55015564, "mean": 15.272233963, "median": 11.0096960068, "min": -1.73161685467, "var": 257.58984375}, "melbands_skewness": {"dmean": 0.765916407108, "dmean2": 1.19162559509, "dvar": 0.557050645351, "dvar2": 1.32405805588, "max": 10.5611619949, "mean": 3.09435796738, "median": 3.07122516632, "min": -1.28098893166, "var": 2.28700327873}, "melbands_spread": {"dmean": 7.08387804031, "dmean2": 11.0015907288, "dvar": 70.6367263794, "dvar2": 149.37147522, "max": 196.54624939, "mean": 23.451631546, "median": 16.6619052887, "min": 0.611722052097, "var": 597.29473877}, "pitch_salience": {"dmean": 0.085536390543, "dmean2": 0.140334561467, "dvar": 0.00587040325627, "dvar2": 0.0158291570842, "max": 0.931611597538, "mean": 0.608822107315, "median": 0.621004700661, "min": 0.149774551392, "var": 0.0132165402174}, "silence_rate_20dB": {"dmean": 0, "dmean2": 0, "dvar": 0, "dvar2": 0, "max": 1, "mean": 1, "median": 1, "min": 1, "var": 0}, "silence_rate_30dB": {"dmean": 0.00246609118767, "dmean2": 0.00493370322511, "dvar": 0.00246006716043, "dvar2": 0.00552607653663, "max": 1, "mean": 0.997842848301, "median": 1, "min": 0, "var": 0.00215255888179}, "silence_rate_60dB": {"dmean": 0.00554870534688, "dmean2": 0.0111008323729, "dvar": 0.00551787391305, "dvar2": 0.0115941036493, "max": 1, "mean": 0.0505392923951, "median": 0, "min": 0, "var": 0.0479848347604}, "spectral_centroid": {"dmean": 262.167205811, "dmean2": 388.405334473, "dvar": 114490.953125, "dvar2": 234811.625, "max": 11807.8710938, "mean": 1537.52758789, "median": 1290.36828613, "min": 190.737579346, "var": 2858849}, "spectral_complexity": {"dmean": 4.99506759644, "dmean2": 7.17298793793, "dvar": 26.3254642487, "dvar2": 49.4223098755, "max": 58, "mean": 25.817565918, "median": 27, "min": 0, "var": 128.311828613}, "spectral_decrease": {"dmean": 3.86044707312e-09, "dmean2": 6.49195408542e-09, "dvar": 2.82649501281e-17, "dvar2": 7.74485170892e-17, "max": 1.63226535017e-28, "mean": -8.49252046464e-09, "median": -7.28623161805e-09, "min": -5.37788196198e-08, "var": 3.6212746299e-17}, "spectral_energy": {"dmean": 0.0150199234486, "dmean2": 0.0252759177238, "dvar": 0.000432467786595, "dvar2": 0.00118517840747, "max": 0.209224551916, "mean": 0.0335871726274, "median": 0.0288636721671, "min": 9.91695446501e-21, "var": 0.000546989147551}, "spectral_energyband_high": {"dmean": 0.000284009642201, "dmean2": 0.000473043037346, "dvar": 2.19222511078e-06, "dvar2": 6.00067460255e-06, "max": 0.0582438595593, "mean": 0.000376680807676, "median": 0.000178170419531, "min": 6.800000592e-21, "var": 1.58463114985e-06}, "spectral_energyband_low": {"dmean": 0.00998426787555, "dmean2": 0.0165000613779, "dvar": 0.000238941778662, "dvar2": 0.000646137050353, "max": 0.144382864237, "mean": 0.0153818111867, "median": 0.0100161088631, "min": 1.65998485673e-23, "var": 0.00029180344427}, "spectral_energyband_middle_high": {"dmean": 0.00167212728411, "dmean2": 0.00254613673314, "dvar": 4.9806953939e-06, "dvar2": 1.25607675727e-05, "max": 0.0278741754591, "mean": 0.00468106102198, "median": 0.00403642607853, "min": 1.18673063992e-21, "var": 1.17820327432e-05}, "spectral_energyband_middle_low": {"dmean": 0.00688159093261, "dmean2": 0.0115691898391, "dvar": 0.000153498636791, "dvar2": 0.000427099788794, "max": 0.122973777354, "mean": 0.0147729814053, "median": 0.011808687821, "min": 1.47194932079e-22, "var": 0.000167965597939}, "spectral_entropy": {"dmean": 0.149948865175, "dmean2": 0.20215831697, "dvar": 0.0301325265318, "dvar2": 0.0497646667063, "max": 9.82332134247, "mean": 7.48955821991, "median": 7.48490619659, "min": 4.81739282608, "var": 0.257840394974}, "spectral_flux": {"dmean": 0.032423812896, "dmean2": 0.0511405430734, "dvar": 0.0015410843771, "dvar2": 0.00305604399182, "max": 0.325869739056, "mean": 0.0954132527113, "median": 0.0814477801323, "min": 6.46351444589e-11, "var": 0.00287071359344}, "spectral_kurtosis": {"dmean": 3.48536086082, "dmean2": 6.15330791473, "dvar": 16.9476966858, "dvar2": 47.2735137939, "max": 71.2892303467, "mean": 5.25619840622, "median": 4.1826505661, "min": -1.29109168053, "var": 24.4102420807}, "spectral_rms": {"dmean": 0.00114712165669, "dmean2": 0.00187584105879, "dvar": 1.80379743142e-06, "dvar2": 4.82548966829e-06, "max": 0.0142871104181, "mean": 0.00534338364378, "median": 0.00530656939372, "min": 3.11047867151e-12, "var": 4.2161973397e-06}, "spectral_rolloff": {"dmean": 434.288909912, "dmean2": 724.653076172, "dvar": 469031.5, "dvar2": 948407.625, "max": 19422.9492188, "mean": 1664.10632324, "median": 904.39453125, "min": 86.1328125, "var": 9330918}, "spectral_skewness": {"dmean": 0.361153155565, "dmean2": 0.615875542164, "dvar": 0.145095869899, "dvar2": 0.398808836937, "max": 6.38230848312, "mean": 1.16271519661, "median": 1.09558081627, "min": -0.10399710387, "var": 0.319059759378}, "spectral_spread": {"dmean": 335013.59375, "dmean2": 491269.8125, "dvar": 944916987904, "dvar2": 1911104339970.0, "max": 52179868, "mean": 3765836.25, "median": 2510980.5, "min": 1141198.25, "var": 39062131966000.0}, "spectral_strongpeak": {"dmean": 0.323439061642, "dmean2": 0.545602679253, "dvar": 0.280235171318, "dvar2": 0.743427574635, "max": 10.318069458, "mean": 0.58341896534, "median": 0.437973290682, "min": 0, "var": 0.349901616573}, "zerocrossingrate": {"dmean": 0.00792614091188, "dmean2": 0.00947006698698, "dvar": 0.000162744589034, "dvar2": 0.000253365258686, "max": 0.529296875, "mean": 0.0561633296311, "median": 0.04052734375, "min": 0.0068359375, "var": 0.00616114540026}, "barkbands": {"dmean": [0.00024827485322, 0.0064433622174, 0.00409406842664, 0.0019845070783, 0.00403901701793, 0.00128761050291, 0.00140017841477, 0.000386720057577, 0.000365726009477, 0.000158278096933, 0.000154481545906, 0.000209677236853, 0.000327052810462, 0.000287507427856, 0.00022654653003, 0.000378742231987, 0.000475833076052, 0.000246110721491, 0.000179676615517, 0.000161567048053, 0.000116951036034, 5.98667102167e-05, 1.51095946421e-05, 1.1422532225e-05, 6.55221356283e-06, 2.09765335057e-06, 3.58538670753e-07], "dmean2": [0.00041322899051, 0.0110198734328, 0.00664767855778, 0.0032266380731, 0.00678358227015, 0.00199518818408, 0.00247480906546, 0.000644872547127, 0.000583413871937, 0.000255942315562, 0.000253084028373, 0.00034600199433, 0.000517812732141, 0.00045083835721, 0.000370524678146, 0.000635741977021, 0.000776041648351, 0.000408308755141, 0.000305512076011, 0.000271359807812, 0.000200200956897, 9.9311437225e-05, 2.34664476011e-05, 1.70487091964e-05, 1.07467776616e-05, 3.69578265236e-06, 6.7875134846e-07], "dvar": [2.70319048923e-07, 0.000177231660928, 2.80389504042e-05, 7.20659181752e-06, 5.47629351786e-05, 2.83161671177e-06, 1.69125760294e-05, 9.90960529634e-07, 1.24351947761e-06, 4.20330756867e-08, 4.49999078e-08, 9.20321241438e-08, 1.7727205659e-07, 1.63155249311e-07, 9.77680230108e-08, 2.85518723331e-07, 4.69366170819e-07, 1.4917240776e-07, 1.57155781721e-07, 1.62348001709e-07, 1.03694546283e-07, 5.55790791168e-07, 2.29853327482e-08, 1.23261294505e-08, 1.26566312986e-08, 2.06794625868e-09, 7.01182376051e-11], "dvar2": [7.02972783984e-07, 0.000479539565276, 6.91958994139e-05, 1.74036358658e-05, 0.000149910425534, 6.92119192536e-06, 4.70313825645e-05, 2.5973308766e-06, 2.43025851887e-06, 1.08736472271e-07, 1.15483899776e-07, 2.37410674231e-07, 4.16727118591e-07, 3.66904060911e-07, 2.40562286535e-07, 7.74340094267e-07, 1.22547544379e-06, 4.05637877066e-07, 4.38884654841e-07, 4.43329497557e-07, 2.88254483394e-07, 1.55791474299e-06, 5.93107891689e-08, 3.05698684144e-08, 3.47593811512e-08, 5.83433212853e-09, 2.04654487801e-10], "max": [0.00640693400055, 0.0988513305783, 0.075968682766, 0.0458506643772, 0.093410782516, 0.024135671556, 0.0515903457999, 0.0254646353424, 0.0554869621992, 0.00280718761496, 0.00272544426844, 0.00439510215074, 0.00627390993759, 0.00946414098144, 0.00720367021859, 0.00615088595077, 0.0117608010769, 0.00896691158414, 0.0100875152275, 0.00867238268256, 0.00367888412438, 0.0305263008922, 0.00714847398922, 0.00495249638334, 0.00482830498368, 0.00186432036571, 0.000252835772699], "mean": [0.000207161559956, 0.0067519438453, 0.00684955623001, 0.00317277945578, 0.00625240523368, 0.00273258145899, 0.00141203193925, 0.000524424947798, 0.000592125987168, 0.000274755526334, 0.00023686743225, 0.000321970816003, 0.000552284473088, 0.000496099411976, 0.000408084102673, 0.000654468836728, 0.000887031608727, 0.000481670955196, 0.000293935387162, 0.000242979469476, 0.00014332763385, 5.91955431446e-05, 1.84434047696e-05, 1.32512041091e-05, 6.10838378634e-06, 1.47613525314e-06, 2.09358574921e-07], "median": [1.84633554454e-05, 0.0024716493208, 0.00405613007024, 0.00186904275324, 0.00385248055682, 0.00185837689787, 0.000540235894732, 0.000289683084702, 0.000381775782444, 0.000205670134164, 0.000149071522173, 0.0002054443612, 0.000358419085387, 0.000307080132188, 0.000288410083158, 0.000499751069583, 0.000677221047226, 0.000387976731872, 0.000218639470404, 0.000156312511535, 6.03800326644e-05, 7.38739481676e-06, 3.49972742697e-06, 1.38322639032e-06, 4.52388462691e-07, 2.18796163409e-08, 9.23061682645e-10], "min": [4.90068053759e-25, 1.98274212906e-24, 1.47904132626e-24, 7.38746346849e-25, 6.78079906123e-24, 7.1109689045e-24, 8.96915758802e-24, 3.725505671e-24, 1.42226651388e-23, 1.04661308073e-23, 1.76219409323e-23, 1.64130747039e-23, 3.47311317425e-23, 3.16282578124e-23, 3.42245126474e-23, 6.82194289061e-23, 6.89638422324e-23, 6.66505170942e-23, 1.4357886942e-22, 1.43644035641e-22, 1.95839755809e-22, 3.04734266627e-22, 2.97916034538e-22, 5.8089046293e-22, 8.57141978874e-22, 1.35436335508e-21, 1.94031873417e-21], "var": [2.21860219085e-07, 0.000147069440573, 6.29230271443e-05, 1.63815166161e-05, 6.21835206402e-05, 7.72507246438e-06, 1.24463649627e-05, 1.05993967736e-06, 1.98233465198e-06, 6.62955912389e-08, 7.51901154672e-08, 1.33788901735e-07, 3.93812257471e-07, 4.02724879223e-07, 1.96202620373e-07, 3.85616687026e-07, 7.45161571558e-07, 2.08956834058e-07, 1.30362565187e-07, 1.36765152092e-07, 8.47472989562e-08, 3.49702560243e-07, 1.89001259088e-08, 1.13857963058e-08, 8.58945536919e-09, 1.26922483634e-09, 3.80579873172e-11]}, "erbbands": {"dmean": [0.166913300753, 1.53682088852, 4.500831604, 5.19981718063, 8.56173038483, 18.2507076263, 10.0938110352, 11.5642328262, 21.0234565735, 12.2888965607, 7.67961597443, 9.39689540863, 4.77329111099, 4.7783036232, 7.33723783493, 9.11160182953, 13.6520671844, 15.5289945602, 9.68900489807, 14.5396213531, 23.8473739624, 23.2695980072, 13.7518186569, 9.31196689606, 8.81456947327, 7.14465427399, 6.84373188019, 3.19519925117, 2.47952365875, 0.92827630043, 0.391962766647, 0.301226496696, 0.152950778604, 0.0933909192681, 0.0336363650858, 0.0117098353803, 0.00335175078362, 0.000707595841959, 5.49355136172e-05, 1.84891305253e-05], "dmean2": [0.285500377417, 2.64649152756, 7.34850740433, 8.45584964752, 14.2289762497, 30.9942951202, 16.0063610077, 18.4209785461, 37.4829216003, 21.1631584167, 12.6405029297, 15.2731523514, 7.6323132515, 7.75854539871, 12.1755247116, 14.7144050598, 21.4218730927, 24.1688098907, 15.453748703, 23.7670783997, 39.6521759033, 37.6325683594, 22.4503211975, 15.6693382263, 14.9088382721, 12.0155687332, 11.7383766174, 5.32047653198, 4.14580488205, 1.57453644276, 0.597970724106, 0.451651155949, 0.229186460376, 0.149846613407, 0.0554942078888, 0.0204160567373, 0.00588073767722, 0.00131102860905, 0.000103032907646, 3.14403368975e-05], "dvar": [0.153247997165, 9.10254764557, 35.9153327942, 42.5246124268, 138.192993164, 1419.31994629, 235.595489502, 255.785675049, 3744.15161133, 1190.94580078, 556.458740234, 675.437438965, 157.259796143, 50.2769393921, 121.583694458, 167.917022705, 336.307220459, 465.584381104, 161.889007568, 365.814849854, 1129.71911621, 999.210327148, 445.924285889, 510.518737793, 351.251068115, 333.174591064, 325.190673828, 112.530555725, 1060.95837402, 198.357376099, 12.0815353394, 6.51712369919, 3.33095169067, 2.17215037346, 0.350541204214, 0.063439682126, 0.00473216129467, 0.000283639936242, 1.2911829117e-06, 2.031190105e-09], "dvar2": [0.401612073183, 25.1171531677, 92.9199905396, 105.167800903, 370.61138916, 3893.45043945, 555.053771973, 655.779785156, 10508.4121094, 3394.04663086, 1376.30444336, 1238.35705566, 347.195495605, 131.548782349, 323.701904297, 417.772369385, 758.63684082, 1044.19799805, 396.327087402, 944.279602051, 3045.30737305, 2610.23339844, 1212.52807617, 1432.72375488, 967.476745605, 904.16394043, 903.454956055, 304.335784912, 2976.58837891, 558.675720215, 30.6780109406, 16.0638637543, 8.44765377045, 5.88866090775, 0.960979938507, 0.178751423955, 0.0131999794394, 0.00082180055324, 3.77655669581e-06, 5.67443292354e-09], "max": [2.51414489746, 24.7405052185, 65.2910385132, 106.65625, 137.539855957, 434.747467041, 323.419281006, 178.207275391, 736.209899902, 414.08972168, 753.910949707, 1125.14233398, 661.420715332, 84.2169418335, 104.499771118, 167.462753296, 311.131713867, 511.172607422, 174.548782349, 264.257141113, 427.056060791, 439.925354004, 492.53817749, 694.449523926, 317.029907227, 397.933258057, 201.967544556, 296.513763428, 1303.62255859, 611.921386719, 164.042373657, 114.989685059, 81.5438232422, 64.672996521, 24.7461872101, 10.4417915344, 2.778008461, 0.638408005238, 0.0366701968014, 0.00136351003312], "mean": [0.144164413214, 1.75555992126, 7.48621511459, 9.43392372131, 14.7840442657, 24.9656085968, 19.4837398529, 22.7739334106, 21.9605731964, 14.2836732864, 11.5382976532, 15.3880081177, 8.97409152985, 8.36096382141, 11.3638372421, 14.918305397, 24.7824878693, 29.0271911621, 18.5758609772, 26.3231239319, 44.1348724365, 46.9417076111, 28.8703212738, 17.0578708649, 14.4495077133, 10.8135128021, 9.12544631958, 3.77535057068, 2.39081931114, 0.959257245064, 0.486789882183, 0.356592923403, 0.170904844999, 0.0919375345111, 0.0300113577396, 0.00868130847812, 0.00237401551567, 0.000446909136372, 4.53231295978e-05, 3.96090035792e-05], "median": [0.0315462425351, 0.80445599556, 4.66811609268, 6.69794893265, 10.2527856827, 12.772600174, 12.9066362381, 14.5147867203, 9.39913749695, 6.52180528641, 7.21382808685, 9.54262733459, 6.90762853622, 5.97074747086, 7.35262823105, 9.51441478729, 16.3301429749, 19.0490379333, 13.2437057495, 19.9692573547, 34.6550979614, 37.4359855652, 23.6638698578, 13.3650341034, 10.6096363068, 6.96371650696, 5.06196832657, 1.03142976761, 0.283388018608, 0.215700566769, 0.0744047537446, 0.042183239013, 0.0168242715299, 0.00741428695619, 0.00203843577765, 0.000330729759298, 2.94330639008e-05, 5.23144763065e-06, 1.63691838679e-05, 3.34594551532e-05], "min": [7.99107514182e-23, 4.17001870945e-22, 2.46578319881e-21, 5.0806564134e-21, 1.24006999635e-20, 1.34215280811e-20, 5.06984425807e-20, 7.787316101e-20, 1.62284706548e-19, 1.55489430741e-19, 3.71436561875e-19, 3.49249768389e-19, 4.18073418401e-19, 5.7223563785e-19, 1.09464294957e-18, 7.09954127106e-19, 1.9071521698e-18, 1.96059279366e-18, 2.40301902968e-18, 2.903039577e-18, 3.75773635263e-18, 4.89964926209e-18, 3.72862538533e-18, 6.76992365223e-18, 6.55266590511e-18, 8.04429836985e-18, 7.73935244677e-18, 9.04666673716e-18, 1.07611110532e-17, 1.17763346344e-17, 9.24197814185e-18, 1.06940812995e-17, 9.51122543124e-18, 7.27165212073e-18, 6.24019718795e-18, 4.4865287944e-18, 2.43405774139e-18, 9.82625634035e-19, 2.07516906997e-19, 2.62955821502e-20], "var": [0.118564866483, 7.82675647736, 70.6047897339, 98.4126281738, 240.882629395, 1464.20166016, 557.643981934, 589.363891602, 2698.40917969, 843.652282715, 682.226501465, 1073.23571777, 221.997573853, 72.5607681274, 155.191452026, 281.406341553, 836.708862305, 1176.64904785, 348.43182373, 634.924743652, 1641.69909668, 1786.58300781, 689.425109863, 426.981781006, 313.164764404, 280.668884277, 256.140289307, 98.3881607056, 660.813232422, 125.554351807, 10.5671367645, 6.21865558624, 2.82328009605, 1.54703128338, 0.236477032304, 0.0391276106238, 0.00300245149992, 0.000158392242156, 6.97401162597e-07, 1.55025892123e-09]}, "gfcc": {"mean": [-60.3647613525, 153.153808594, -150.364227295, 52.4818725586, -34.4448242188, -9.77008342743, -31.1907253265, -7.90058803558, -15.0997028351, -11.9177722931, -4.75327682495, -13.8432559967, -0.680137038231], "cov": [[37448.4179688, 4276.32666016, -4503.18701172, 2030.72705078, -1369.52661133, -2.30618190765, -1049.94750977, -64.3359832764, -574.423461914, -125.151092529, -175.235824585, -313.201385498, -75.6999664307], [4276.32666016, 2130.73999023, -787.153564453, 202.096694946, 353.603637695, -420.288269043, 121.259674072, -207.309814453, 41.7126312256, -302.334533691, 112.307258606, -219.89894104, 103.971473694], [-4503.18701172, -787.153564453, 1373.03747559, -137.334197998, 92.1987533569, 256.2706604, 13.6003932953, 112.940879822, -14.5056400299, 121.557479858, -25.1836605072, 135.450317383, 18.378320694], [2030.72705078, 202.096694946, -137.334197998, 331.948760986, -4.41218090057, 67.3441848755, 4.3158788681, 9.55897808075, -15.5495471954, -5.50075244904, 7.95885658264, -1.33519136906, 6.00412607193], [-1369.52661133, 353.603637695, 92.1987533569, -4.41218090057, 403.081115723, -92.7716445923, 184.841018677, -21.3090324402, 59.0745353699, -74.5938568115, 54.9244041443, -20.4472579956, 29.3535690308], [-2.30618190765, -420.288269043, 256.2706604, 67.3441848755, -92.7716445923, 274.815032959, -57.1830406189, 108.704910278, -14.6682949066, 90.0421142578, -8.62786197662, 53.0167503357, -2.74641227722], [-1049.94750977, 121.259674072, 13.6003932953, 4.3158788681, 184.841018677, -57.1830406189, 210.987258911, -16.4476451874, 73.7465133667, -33.7781143188, 29.3007659912, -2.00854253769, 9.56725406647], [-64.3359832764, -207.309814453, 112.940879822, 9.55897808075, -21.3090324402, 108.704910278, -16.4476451874, 124.276947021, 11.3522462845, 58.5897521973, -3.26114082336, 31.1440753937, 0.335177659988], [-574.423461914, 41.7126312256, -14.5056400299, -15.5495471954, 59.0745353699, -14.6682949066, 73.7465133667, 11.3522462845, 96.3693847656, -0.306656211615, 38.0121116638, -10.9178571701, 12.3760042191], [-125.151092529, -302.334533691, 121.557479858, -5.50075244904, -74.5938568115, 90.0421142578, -33.7781143188, 58.5897521973, -0.306656211615, 116.650184631, -2.45691418648, 50.9015235901, -17.9436702728], [-175.235824585, 112.307258606, -25.1836605072, 7.95885658264, 54.9244041443, -8.62786197662, 29.3007659912, -3.26114082336, 38.0121116638, -2.45691418648, 81.5056610107, -5.20571804047, 28.2345409393], [-313.201385498, -219.89894104, 135.450317383, -1.33519136906, -20.4472579956, 53.0167503357, -2.00854253769, 31.1440753937, -10.9178571701, 50.9015235901, -5.20571804047, 79.1094741821, 0.172664448619], [-75.6999664307, 103.971473694, 18.378320694, 6.00412607193, 29.3535690308, -2.74641227722, 9.56725406647, 0.335177659988, 12.3760042191, -17.9436702728, 28.2345409393, 0.172664448619, 57.7954597473]], "icov": [[0.000403518293751, -0.00125336600468, 0.00090335868299, -0.00112512998749, 0.00101881707087, -0.00100434641354, 0.000784883333836, -0.000680670025758, 0.000931193353608, -0.00106239318848, 0.00101706094574, -0.001350736944, 0.00089968717657], [-0.00125336600468, 0.00541270384565, -0.00250409101136, 0.00248364009894, -0.00404321728274, 0.00447593722492, -0.00191263726447, 0.00221359520219, -0.00260536000133, 0.00426114955917, -0.00390200898983, 0.0060998275876, -0.00450178049505], [0.00090335868299, -0.00250409101136, 0.00336311175488, -0.0019459159812, 0.00124610762578, -0.00336779421195, 0.00194332108367, -0.00108636589721, 0.00228979042731, -0.00271181808785, 0.00295922090299, -0.00386557495221, 0.000946009007748], [-0.00112512998749, 0.00248364009894, -0.0019459159812, 0.00764675717801, -0.00258741923608, -0.000242825248279, -0.00322825438343, 0.00230580777861, -0.00155215477571, 0.00272099603899, -0.00263009034097, 0.00228027207777, -0.00183844694402], [0.00101881707087, -0.00404321728274, 0.00124610762578, -0.00258741923608, 0.00862869806588, -0.00172773643862, -0.00245709531009, -0.00352950999513, 0.00343459448777, -0.000725342717487, 8.64082903718e-05, -0.00372838997282, 0.00345152011141], [-0.00100434641354, 0.00447593722492, -0.00336779421195, -0.000242825248279, -0.00172773643862, 0.0123224956915, -0.00109957100358, -0.00331194931641, -0.00158299820032, 0.00186846393626, -0.00423184456304, 0.00510755600408, -0.00363589101471], [0.000784883333836, -0.00191263726447, 0.00194332108367, -0.00322825438343, -0.00245709531009, -0.00109957100358, 0.0126964785159, 0.00013235239021, -0.0054341503419, -0.000620775157586, 0.00350928073749, -0.00534402579069, 0.00255187763833], [-0.000680670025758, 0.00221359520219, -0.00108636589721, 0.00230580777861, -0.00352950999513, -0.00331194931641, 0.00013235239021, 0.0158176776022, -0.00492475321516, -0.0025276709348, 0.00106590555515, 0.00146524258889, -0.00350151653402], [0.000931193353608, -0.00260536000133, 0.00228979042731, -0.00155215477571, 0.00343459448777, -0.00158299820032, -0.0054341503419, -0.00492475321516, 0.0214422810823, -0.00467897253111, -0.00449966685846, 0.00191973382607, 0.000596474157646], [-0.00106239318848, 0.00426114955917, -0.00271181808785, 0.00272099603899, -0.000725342717487, 0.00186846393626, -0.000620775157586, -0.0025276709348, -0.00467897253111, 0.022690417245, -0.00708291353658, -0.00385218323208, 0.00361540378071], [0.00101706094574, -0.00390200898983, 0.00295922090299, -0.00263009034097, 8.64082903718e-05, -0.00423184456304, 0.00350928073749, 0.00106590555515, -0.00449966685846, -0.00708291353658, 0.0228238161653, -0.00395265361294, -0.0055218571797], [-0.001350736944, 0.0060998275876, -0.00386557495221, 0.00228027207777, -0.00372838997282, 0.00510755600408, -0.00534402579069, 0.00146524258889, 0.00191973382607, -0.00385218323208, -0.00395265361294, 0.0283085498959, -0.00849840044975], [0.00089968717657, -0.00450178049505, 0.000946009007748, -0.00183844694402, 0.00345152011141, -0.00363589101471, 0.00255187763833, -0.00350151653402, 0.000596474157646, 0.00361540378071, -0.0055218571797, -0.00849840044975, 0.0278592891991]]}, "melbands": {"dmean": [0.00165459292475, 0.00216779252514, 0.000907775422093, 0.000985968392342, 0.000431724678492, 0.000256113766227, 0.000311481941026, 0.000118230331282, 6.12517542322e-05, 5.70009360672e-05, 2.40555818891e-05, 1.998141488e-05, 2.37341992033e-05, 2.33263162954e-05, 2.71293138212e-05, 3.5433065932e-05, 3.00150641124e-05, 1.59989904205e-05, 1.80096740223e-05, 2.27024247579e-05, 3.21775769407e-05, 3.02315384033e-05, 1.55453290063e-05, 1.23910267575e-05, 7.56732561058e-06, 7.30554347683e-06, 5.70869769945e-06, 4.96651455251e-06, 5.06328206029e-06, 2.73217256108e-06, 1.66277527569e-06, 1.67272150975e-06, 6.97227733326e-07, 4.31051120131e-07, 2.15394706515e-07, 2.14094811213e-07, 1.73874880716e-07, 1.10601632741e-07, 9.06154298264e-08, 7.74180222152e-08], "dmean2": [0.00282503967173, 0.0035942979157, 0.00146634981502, 0.00165113352705, 0.00070974312257, 0.000409216794651, 0.000551996810827, 0.000201961403945, 0.000100449920865, 9.24991327338e-05, 3.87240324926e-05, 3.23910680891e-05, 3.890953667e-05, 3.89244851249e-05, 4.40612457169e-05, 5.535766104e-05, 4.69630322186e-05, 2.56598796113e-05, 2.96624020848e-05, 3.79214761779e-05, 5.38071290066e-05, 4.94476407766e-05, 2.5395576813e-05, 2.07433931791e-05, 1.28440688059e-05, 1.24364478324e-05, 9.59095723374e-06, 8.40188840812e-06, 8.72762302606e-06, 4.73315958516e-06, 2.71532167062e-06, 2.78094125861e-06, 1.1980752106e-06, 7.33252477403e-07, 3.34207129526e-07, 3.19180088582e-07, 2.65651067366e-07, 1.64680031389e-07, 1.46461218264e-07, 1.25375194671e-07], "dvar": [1.32430886879e-05, 9.72052112047e-06, 1.21980997392e-06, 3.17340527545e-06, 5.49377944026e-07, 1.28170327685e-07, 8.27957535421e-07, 1.03876800495e-07, 3.85642451306e-08, 3.2995938426e-08, 4.61016957942e-09, 8.83103090654e-10, 1.08616216021e-09, 1.2537987315e-09, 1.7253808382e-09, 2.20680895779e-09, 1.7569101729e-09, 4.48291403998e-10, 6.62612076319e-10, 9.9813879384e-10, 2.13560102935e-09, 1.87362658721e-09, 4.32550134599e-10, 4.14911410784e-10, 3.79030973274e-10, 1.71273148442e-10, 1.98440514021e-10, 1.61188562497e-10, 1.56740675994e-10, 5.90747104012e-11, 3.21003917891e-11, 4.52539422602e-10, 9.34524194141e-11, 4.44558521939e-11, 2.91649061672e-12, 2.50458052735e-12, 2.34963437595e-12, 1.35170021877e-12, 2.12118625616e-12, 1.55095185826e-12], "dvar2": [3.53605391865e-05, 2.64829704975e-05, 2.98147733702e-06, 8.62894012243e-06, 1.45911064919e-06, 3.37101084824e-07, 2.30626233133e-06, 2.96591537108e-07, 9.45945899389e-08, 6.06029360029e-08, 1.08079500905e-08, 2.32310015669e-09, 2.78090284134e-09, 3.310453911e-09, 4.40413572278e-09, 4.86339102324e-09, 3.96861121743e-09, 1.10756426253e-09, 1.59811031075e-09, 2.67610134053e-09, 5.70849900683e-09, 4.94688201513e-09, 1.16826937013e-09, 1.12413334197e-09, 1.07138398153e-09, 4.71612526809e-10, 5.46261924583e-10, 4.38097724764e-10, 4.34719038545e-10, 1.64538715985e-10, 8.50201020697e-11, 1.27001553718e-09, 2.61564547799e-10, 1.2530522453e-10, 7.3098610498e-12, 5.86540191416e-12, 5.87151681442e-12, 3.2949263977e-12, 5.73819290695e-12, 4.22739751191e-12], "max": [0.0260106865317, 0.0325521603227, 0.0192375071347, 0.0244817696512, 0.0099261039868, 0.00363363022916, 0.011463470757, 0.00391083676368, 0.00650535011664, 0.00875211879611, 0.00343481590971, 0.0003437542764, 0.000419773510657, 0.000361900165444, 0.000530152756255, 0.000815097184386, 0.000881020154338, 0.000288801355055, 0.000754217908252, 0.00042423044215, 0.000693287583999, 0.000645999738481, 0.000416379392846, 0.000538171676453, 0.000600550381932, 0.000144469522638, 0.000280751904938, 0.000297082297038, 0.000158464405104, 8.05523304734e-05, 0.000172667641891, 0.000852841942105, 0.000391015579225, 0.000294438446872, 8.10100100352e-05, 7.32576809241e-05, 6.83662656229e-05, 5.09164456162e-05, 6.4318337536e-05, 5.44869872101e-05], "mean": [0.00158646714408, 0.00341416848823, 0.00178390159272, 0.00153286894783, 0.000760317780077, 0.000509315519594, 0.000322388572386, 0.000143293305882, 9.4057591923e-05, 9.17438519537e-05, 4.25265134254e-05, 3.31716801156e-05, 3.64730876754e-05, 3.50873560819e-05, 4.20659016527e-05, 6.24961830908e-05, 5.22229493072e-05, 2.79194809991e-05, 3.19946120726e-05, 3.78801378247e-05, 5.65429254493e-05, 5.43688802281e-05, 3.07133414026e-05, 2.23803890549e-05, 1.25870246848e-05, 1.13853157018e-05, 8.54216523294e-06, 7.01270300851e-06, 6.74075545248e-06, 3.19480705002e-06, 1.88163164694e-06, 1.58095303959e-06, 6.76296451729e-07, 4.50931963769e-07, 2.67923667252e-07, 2.60577792233e-07, 1.98156413944e-07, 1.24869430351e-07, 8.98705323493e-08, 7.42701331546e-08], "median": [0.000500928319525, 0.00216789380647, 0.00135092262644, 0.000926678418182, 0.000518117507454, 0.000339218269801, 0.000130789427203, 6.78088108543e-05, 5.87536596868e-05, 5.79225124966e-05, 3.14370736305e-05, 2.34546496358e-05, 2.29660072364e-05, 2.20561923925e-05, 2.76424016192e-05, 3.88619228033e-05, 3.28764144797e-05, 1.86897013918e-05, 2.27631117014e-05, 2.80636177195e-05, 4.31079533882e-05, 4.08813211834e-05, 2.50586272159e-05, 1.70042840182e-05, 9.42472433962e-06, 8.29713826533e-06, 5.58711735721e-06, 4.26484257332e-06, 3.83055521525e-06, 1.21906657569e-06, 2.77649775171e-07, 1.3012402178e-07, 1.4201391707e-07, 1.05916853954e-07, 4.09143154911e-08, 3.24106927962e-08, 2.16665654307e-08, 1.21178151957e-08, 7.4934423111e-09, 5.56606805091e-09], "min": [1.11896478e-24, 1.21735683691e-24, 1.34500705454e-24, 7.17862289764e-25, 2.12653825866e-24, 2.11173883365e-24, 2.22518077891e-24, 1.40101420666e-24, 2.42341166363e-24, 2.2845577476e-24, 1.74220640893e-24, 1.54164158061e-24, 3.39519935479e-24, 1.93829869174e-24, 2.71179870019e-24, 3.15524541958e-24, 2.96000234554e-24, 3.26678305462e-24, 3.65141427706e-24, 3.42433672119e-24, 3.4745800611e-24, 3.64855268413e-24, 3.41159109554e-24, 3.73720092835e-24, 4.50129396773e-24, 5.00897920835e-24, 4.62489072221e-24, 5.47450890549e-24, 3.9667921895e-24, 3.71347593663e-24, 4.70692949534e-24, 5.25868642258e-24, 6.05154527487e-24, 5.2523853961e-24, 5.11216182033e-24, 5.55087655757e-24, 5.66002808558e-24, 5.82438843848e-24, 6.22417841208e-24, 4.87264747785e-24], "var": [1.04557939267e-05, 1.44648292917e-05, 3.04679747387e-06, 3.84209806725e-06, 7.55975577249e-07, 2.74451622317e-07, 6.10734559814e-07, 7.5474090977e-08, 4.74382311211e-08, 5.05252621963e-08, 5.71203928601e-09, 1.25331467427e-09, 1.75306769101e-09, 1.60998880894e-09, 2.20677920382e-09, 5.98924421169e-09, 4.22994750338e-09, 8.93774443345e-10, 1.33206501385e-09, 1.35755617858e-09, 3.00838709499e-09, 2.83687495717e-09, 7.5684447598e-10, 5.35803346136e-10, 2.90791724034e-10, 1.65523886264e-10, 1.66020031056e-10, 1.32388183749e-10, 1.2479833833e-10, 4.8840036182e-11, 2.99268040904e-11, 2.81242640288e-10, 5.94837720747e-11, 2.83533699991e-11, 2.72599260873e-12, 2.50625757127e-12, 2.2127067973e-12, 1.26012947906e-12, 1.48789877988e-12, 1.0934819673e-12]}, "mfcc": {"mean": [-666.88885498, 160.810058594, -38.1305656433, 52.1369552612, 11.9856147766, 4.76666402817, -1.44351446629, -1.57876241207, -4.28894853592, -1.43456435204, -7.29019212723, 3.69583106041, -3.32285308838], "cov": [[10320.0380859, 1777.79882812, -551.265075684, 934.590026855, -16.9678173065, 198.540100098, -18.410774231, -13.673869133, -63.1645812988, 24.6101455688, -74.1580581665, 192.222610474, -3.18696212769], [1777.79882812, 2109.77905273, -530.865722656, 527.9609375, 204.764846802, -48.254989624, 97.9097976685, 30.717924118, -37.9467658997, -0.315143465996, -86.8603897095, -16.2072620392, -29.9309997559], [-551.265075684, -530.865722656, 789.100280762, -177.300827026, 47.6243515015, 91.309967041, -19.8788547516, -8.00681591034, 27.7608833313, -37.7146530151, 2.87806224823, 17.9216442108, -25.9596748352], [934.590026855, 527.9609375, -177.300827026, 378.916473389, 66.3168869019, 56.9671478271, 70.0503768921, 48.6170768738, 4.84729766846, 7.21639537811, -34.7796211243, 9.55710315704, 23.2938213348], [-16.9678173065, 204.764846802, 47.6243515015, 66.3168869019, 167.037384033, 26.5529575348, 49.9852333069, 36.5164642334, 6.20142793655, 15.1167993546, -13.3903694153, 6.92349815369, -4.70585441589], [198.540100098, -48.254989624, 91.309967041, 56.9671478271, 26.5529575348, 120.147460938, 38.8407402039, 34.9696960449, 16.5026531219, 4.96550607681, 6.35427427292, 19.3540859222, 12.8540382385], [-18.410774231, 97.9097976685, -19.8788547516, 70.0503768921, 49.9852333069, 38.8407402039, 89.891784668, 45.4516372681, 18.7279853821, 9.17467021942, -3.08482599258, 8.99593830109, 10.7245397568], [-13.673869133, 30.717924118, -8.00681591034, 48.6170768738, 36.5164642334, 34.9696960449, 45.4516372681, 87.3711929321, 33.7728805542, 21.5467987061, 1.40320503712, 10.6271371841, 12.5491075516], [-63.1645812988, -37.9467658997, 27.7608833313, 4.84729766846, 6.20142793655, 16.5026531219, 18.7279853821, 33.7728805542, 64.1859436035, 20.3081550598, 12.7669000626, 5.71959447861, 6.37568616867], [24.6101455688, -0.315143465996, -37.7146530151, 7.21639537811, 15.1167993546, 4.96550607681, 9.17467021942, 21.5467987061, 20.3081550598, 66.3659286499, 24.9347057343, 12.5206680298, 6.71901512146], [-74.1580581665, -86.8603897095, 2.87806224823, -34.7796211243, -13.3903694153, 6.35427427292, -3.08482599258, 1.40320503712, 12.7669000626, 24.9347057343, 52.80443573, 21.9858398438, 8.54637908936], [192.222610474, -16.2072620392, 17.9216442108, 9.55710315704, 6.92349815369, 19.3540859222, 8.99593830109, 10.6271371841, 5.71959447861, 12.5206680298, 21.9858398438, 49.3197746277, 21.2967720032], [-3.18696212769, -29.9309997559, -25.9596748352, 23.2938213348, -4.70585441589, 12.8540382385, 10.7245397568, 12.5491075516, 6.37568616867, 6.71901512146, 8.54637908936, 21.2967720032, 50.2262840271]], "icov": [[0.000177200359758, -8.45271133585e-05, 6.19470592937e-05, -0.000341381964972, 0.0002422373218, -0.000347385561327, 0.000418232113589, 0.000161788935657, -1.66533882293e-05, -0.00014430344163, 0.000436238857219, -0.00107009487692, 0.000534015416633], [-8.45271133585e-05, 0.00108429486863, 0.000446580990683, -0.00104907364585, -0.00114480627235, 0.00088412995683, -0.000313717056997, 0.000285928836092, 1.58617895067e-05, 0.00037884543417, 0.000219883731916, -7.52902851673e-05, 0.00096198025858], [6.19470592937e-05, 0.000446580990683, 0.00233027827926, 0.000624557433184, -0.00147129106335, -0.00202266732231, 0.00103706982918, 0.000765267002862, -0.00149321323261, 0.00153212400619, 0.00116471946239, -0.00190530822147, 0.00174625497311], [-0.000341381964972, -0.00104907364585, 0.000624557433184, 0.00645692460239, -0.000336987199262, -0.00248756632209, -0.00179658143315, -0.000753864180297, -0.000332428317051, -0.000152894601342, 0.00218917429447, 0.0014460227685, -0.00306457118131], [0.0002422373218, -0.00114480627235, -0.00147129106335, -0.000336987199262, 0.00992923043668, -0.000293426215649, -0.00318896886893, -0.00173465523403, 0.00178348924965, -0.00337984506041, 0.00255993264727, -0.00221506436355, 0.00157809676602], [-0.000347385561327, 0.00088412995683, -0.00202266732231, -0.00248756632209, -0.000293426215649, 0.0143807325512, -0.00439517619088, -0.00280312774703, 0.000800397014245, 0.000717694289051, -0.00298820156604, 0.000265131850028, -0.00125748536084], [0.000418232113589, -0.000313717056997, 0.00103706982918, -0.00179658143315, -0.00318896886893, -0.00439517619088, 0.0201299842447, -0.00538065470755, -0.00208943965845, 0.00148900889326, 0.000745008059312, -0.00262758741155, 0.000134386966238], [0.000161788935657, 0.000285928836092, 0.000765267002862, -0.000753864180297, -0.00173465523403, -0.00280312774703, -0.00538065470755, 0.0206890925765, -0.00775699969381, -0.00344130466692, 0.00381684862077, -0.00241985009052, -0.000718005991075], [-1.66533882293e-05, 1.58617895067e-05, -0.00149321323261, -0.000332428317051, 0.00178348924965, 0.000800397014245, -0.00208943965845, -0.00775699969381, 0.0225814133883, -0.00424220599234, -0.00421266676858, 0.00297997333109, -0.00110840855632], [-0.00014430344163, 0.00037884543417, 0.00153212400619, -0.000152894601342, -0.00337984506041, 0.000717694289051, 0.00148900889326, -0.00344130466692, -0.00424220599234, 0.0227762721479, -0.010303568095, -3.97105977754e-05, 0.000382609752705], [0.000436238857219, 0.000219883731916, 0.00116471946239, 0.00218917429447, 0.00255993264727, -0.00298820156604, 0.000745008059312, 0.00381684862077, -0.00421266676858, -0.010303568095, 0.0343417748809, -0.0158785954118, 0.00243967515416], [-0.00107009487692, -7.52902851673e-05, -0.00190530822147, 0.0014460227685, -0.00221506436355, 0.000265131850028, -0.00262758741155, -0.00241985009052, 0.00297997333109, -3.97105977754e-05, -0.0158785954118, 0.03936541453, -0.0152405854315], [0.000534015416633, 0.00096198025858, 0.00174625497311, -0.00306457118131, 0.00157809676602, -0.00125748536084, 0.000134386966238, -0.000718005991075, -0.00110840855632, 0.000382609752705, 0.00243967515416, -0.0152405854315, 0.0295979063958]]}, "spectral_contrast_coeffs": {"dmean": [0.0598215460777, 0.0462124943733, 0.0338941924274, 0.0267486050725, 0.021235158667, 0.0236702617258], "dmean2": [0.0974914357066, 0.0748281255364, 0.0556015074253, 0.0445788763463, 0.0354575365782, 0.0373019129038], "dvar": [0.00227049225941, 0.00141253403854, 0.000728440587409, 0.000487808720209, 0.000364115141565, 0.000558978354093], "dvar2": [0.00581637537107, 0.00365056446753, 0.00188467884436, 0.00130590365734, 0.000935524934903, 0.00135848578066], "max": [-0.298891812563, -0.391758561134, -0.512016177177, -0.592229247093, -0.497857511044, -0.553387284279], "mean": [-0.618223845959, -0.738325178623, -0.804389774799, -0.81082624197, -0.798136949539, -0.714062333107], "median": [-0.613189220428, -0.737201213837, -0.806181371212, -0.814223825932, -0.795746564865, -0.712659239769], "min": [-0.978462100029, -0.973647773266, -0.977417171001, -0.969267129898, -0.967944860458, -0.964436233044], "var": [0.00959045812488, 0.00557058351114, 0.00280176638626, 0.00218674703501, 0.0015567393275, 0.00373837770894]}, "spectral_contrast_valleys": {"dmean": [0.48349288106, 0.385728627443, 0.343837738037, 0.296294122934, 0.300087630749, 0.460173159838], "dmean2": [0.799230337143, 0.620549976826, 0.529769718647, 0.443843483925, 0.431637346745, 0.546731591225], "dvar": [0.226135522127, 0.202497050166, 0.159944906831, 0.141732916236, 0.194459319115, 0.347274661064], "dvar2": [0.46203827858, 0.402465492487, 0.271967023611, 0.22586157918, 0.326245576143, 0.55701893568], "max": [-5.20206642151, -4.50433397293, -5.587