{"lowlevel": {"average_loudness": 0.949136376381, "barkbands_crest": {"dmean": 1.79029405117, "dmean2": 2.78084850311, "dvar": 3.38180780411, "dvar2": 8.78349494934, "max": 25.7650756836, "mean": 9.19590377808, "median": 8.39500236511, "min": 3.30721688271, "var": 11.0548181534}, "barkbands_flatness_db": {"dmean": 0.0173341035843, "dmean2": 0.0229941084981, "dvar": 0.000341927981935, "dvar2": 0.00067553226836, "max": 0.423218637705, "mean": 0.159081742167, "median": 0.145709186792, "min": 0.0337331406772, "var": 0.00435152091086}, "barkbands_kurtosis": {"dmean": 2.31789708138, "dmean2": 3.62319564819, "dvar": 18.4088478088, "dvar2": 45.8096923828, "max": 125.338531494, "mean": 3.95192146301, "median": 2.29386305809, "min": -1.86676442623, "var": 41.2083587646}, "barkbands_skewness": {"dmean": 0.411699742079, "dmean2": 0.623847067356, "dvar": 0.265372544527, "dvar2": 0.599647045135, "max": 11.1043453217, "mean": 1.57346522808, "median": 1.5642952919, "min": -2.8292529583, "var": 1.12665331364}, "barkbands_spread": {"dmean": 3.58826136589, "dmean2": 5.4410071373, "dvar": 16.2642307281, "dvar2": 38.5782394409, "max": 87.4089202881, "mean": 17.9177150726, "median": 17.8786144257, "min": 1.00856804848, "var": 68.1794204712}, "dissonance": {"dmean": 0.0157739091665, "dmean2": 0.0265664067119, "dvar": 0.000419176765718, "dvar2": 0.0011635775445, "max": 0.500000178814, "mean": 0.46152189374, "median": 0.470298558474, "min": 0.158543482423, "var": 0.00139365380164}, "dynamic_complexity": 3.29479384422, "erbbands_crest": {"dmean": 1.71993708611, "dmean2": 2.58711957932, "dvar": 2.85613918304, "dvar2": 6.25374937057, "max": 26.944185257, "mean": 9.39410686493, "median": 8.20980072021, "min": 2.7650179863, "var": 19.790145874}, "erbbands_flatness_db": {"dmean": 0.0180199071765, "dmean2": 0.0221093446016, "dvar": 0.000490422069561, "dvar2": 0.000824839284178, "max": 0.422089874744, "mean": 0.176285162568, "median": 0.162289828062, "min": 0.0514567270875, "var": 0.00503552798182}, "erbbands_kurtosis": {"dmean": 0.593304693699, "dmean2": 0.922613680363, "dvar": 1.14105892181, "dvar2": 2.76058268547, "max": 47.599571228, "mean": 0.334145516157, "median": -0.632099986076, "min": -1.81173467636, "var": 13.9410896301}, "erbbands_skewness": {"dmean": 0.277494043112, "dmean2": 0.42444691062, "dvar": 0.0783810988069, "dvar2": 0.187968701124, "max": 5.18190050125, "mean": 0.0418916717172, "median": 0.0144303515553, "min": -2.60683870316, "var": 0.591850161552}, "erbbands_spread": {"dmean": 5.20752763748, "dmean2": 7.58973407745, "dvar": 35.7129859924, "dvar2": 72.0072555542, "max": 147.925140381, "mean": 37.2463340759, "median": 38.1295166016, "min": 1.83231019974, "var": 218.738616943}, "hfc": {"dmean": 4.59040403366, "dmean2": 5.96525526047, "dvar": 32.1108856201, "dvar2": 55.2419662476, "max": 88.2504196167, "mean": 20.9047336578, "median": 19.8628540039, "min": 1.18920606763e-16, "var": 162.19909668}, "melbands_crest": {"dmean": 2.30200839043, "dmean2": 3.52337288857, "dvar": 5.77172088623, "dvar2": 13.9955978394, "max": 29.5046749115, "mean": 12.9153747559, "median": 12.415769577, "min": 1.00166046619, "var": 16.3206920624}, "melbands_flatness_db": {"dmean": 0.0199487376958, "dmean2": 0.0273212958127, "dvar": 0.000461655552499, "dvar2": 0.000947116990574, "max": 0.537075042725, "mean": 0.236322283745, "median": 0.222133338451, "min": 2.45917107122e-07, "var": 0.00612953444943}, "melbands_kurtosis": {"dmean": 5.25808238983, "dmean2": 8.25095272064, "dvar": 186.387969971, "dvar2": 479.78817749, "max": 576.600097656, "mean": 11.7794122696, "median": 8.7311000824, "min": -1.68010044098, "var": 239.330932617}, "melbands_skewness": {"dmean": 0.518971323967, "dmean2": 0.783028423786, "dvar": 0.519538700581, "dvar2": 1.13037228584, "max": 21.0595436096, "mean": 2.62621569633, "median": 2.66120195389, "min": -1.35913658142, "var": 1.93425631523}, "melbands_spread": {"dmean": 4.23061847687, "dmean2": 6.44085979462, "dvar": 32.3664627075, "dvar2": 74.383392334, "max": 156.523910522, "mean": 18.2474346161, "median": 15.692697525, "min": 1.08622336388, "var": 174.619445801}, "pitch_salience": {"dmean": 0.0568133294582, "dmean2": 0.089675322175, "dvar": 0.00319022592157, "dvar2": 0.00790317822248, "max": 0.996023356915, "mean": 0.574832558632, "median": 0.579852879047, "min": 0.102119795978, "var": 0.00889624748379}, "silence_rate_20dB": {"dmean": 0, "dmean2": 0, "dvar": 0, "dvar2": 0, "max": 1, "mean": 1, "median": 1, "min": 1, "var": 0}, "silence_rate_30dB": {"dmean": 0.0483245961368, "dmean2": 0.0966712236404, "dvar": 0.0459887571633, "dvar2": 0.111489847302, "max": 1, "mean": 0.963081121445, "median": 1, "min": 0, "var": 0.0355554446578}, "silence_rate_60dB": {"dmean": 0.00319124688394, "dmean2": 0.00638394895941, "dvar": 0.0031809178181, "dvar2": 0.00679939426482, "max": 1, "mean": 0.0672288089991, "median": 0, "min": 0, "var": 0.0627059936523}, "spectral_centroid": {"dmean": 156.12449646, "dmean2": 237.242263794, "dvar": 45917.8828125, "dvar2": 86155.5, "max": 11666.5751953, "mean": 1071.48425293, "median": 981.994873047, "min": 274.570861816, "var": 347830.875}, "spectral_complexity": {"dmean": 2.86893081665, "dmean2": 4.31053352356, "dvar": 8.33948898315, "dvar2": 17.2635059357, "max": 53, "mean": 20.4304924011, "median": 20, "min": 0, "var": 75.84740448}, "spectral_decrease": {"dmean": 3.18022341794e-09, "dmean2": 4.84623363661e-09, "dvar": 3.29537870344e-17, "dvar2": 7.77662735584e-17, "max": -1.26394057703e-29, "mean": -1.06187894033e-08, "median": -9.88584147876e-09, "min": -5.97845755124e-08, "var": 5.8420841754e-17}, "spectral_energy": {"dmean": 0.0123050594702, "dmean2": 0.0186504237354, "dvar": 0.000483551586512, "dvar2": 0.00113656220492, "max": 0.231110662222, "mean": 0.0419740490615, "median": 0.0392349734902, "min": 1.08341539771e-20, "var": 0.000881664163899}, "spectral_energyband_high": {"dmean": 0.000242922804318, "dmean2": 0.00031898135785, "dvar": 1.67773080761e-07, "dvar2": 3.1119606092e-07, "max": 0.00401038210839, "mean": 0.000477603636682, "median": 0.00023832244915, "min": 8.03154650829e-21, "var": 4.09977388927e-07}, "spectral_energyband_low": {"dmean": 0.00873238034546, "dmean2": 0.0137066217139, "dvar": 0.000427090330049, "dvar2": 0.00101839296985, "max": 0.201110288501, "mean": 0.0183045864105, "median": 0.0131304869428, "min": 9.7420169231e-23, "var": 0.000521402107552}, "spectral_energyband_middle_high": {"dmean": 0.00115247338545, "dmean2": 0.0016231702175, "dvar": 2.47308821599e-06, "dvar2": 4.56103043689e-06, "max": 0.0331197828054, "mean": 0.00551707670093, "median": 0.00518563436344, "min": 1.3457415724e-21, "var": 1.50708301589e-05}, "spectral_energyband_middle_low": {"dmean": 0.0050650392659, "dmean2": 0.00790780503303, "dvar": 6.36160184513e-05, "dvar2": 0.000160650466569, "max": 0.122845672071, "mean": 0.0192618537694, "median": 0.0169972032309, "min": 3.92151414523e-22, "var": 0.000190102815395}, "spectral_entropy": {"dmean": 0.135296344757, "dmean2": 0.1776548177, "dvar": 0.0212162174284, "dvar2": 0.0384692065418, "max": 9.80080986023, "mean": 7.25774049759, "median": 7.41106319427, "min": 4.8976187706, "var": 0.353868693113}, "spectral_flux": {"dmean": 0.0255267191678, "dmean2": 0.0401833094656, "dvar": 0.00133546686266, "dvar2": 0.00310822040774, "max": 0.361350297928, "mean": 0.0746515542269, "median": 0.0613964907825, "min": 1.04087238828e-10, "var": 0.00285702804103}, "spectral_kurtosis": {"dmean": 3.5878431797, "dmean2": 6.06026887894, "dvar": 44.0793762207, "dvar2": 125.867378235, "max": 149.837936401, "mean": 10.0263586044, "median": 4.76478862762, "min": -1.183786273, "var": 274.975769043}, "spectral_rms": {"dmean": 0.0007952034357, "dmean2": 0.00115955621004, "dvar": 1.3711377278e-06, "dvar2": 3.01941304315e-06, "max": 0.0150157855824, "mean": 0.00594059098512, "median": 0.00618692394346, "min": 3.25113915824e-12, "var": 5.65967593502e-06}, "spectral_rolloff": {"dmean": 279.427337646, "dmean2": 466.721038818, "dvar": 251341.96875, "dvar2": 475319.84375, "max": 18755.4199219, "mean": 1054.51171875, "median": 732.12890625, "min": 86.1328125, "var": 1043252.25}, "spectral_skewness": {"dmean": 0.31152009964, "dmean2": 0.509549021721, "dvar": 0.158195853233, "dvar2": 0.462767928839, "max": 10.1235742569, "mean": 1.98186194897, "median": 1.68001031876, "min": -0.0688457936049, "var": 1.39285004139}, "spectral_spread": {"dmean": 573458.3125, "dmean2": 748304.5, "dvar": 893933322240, "dvar2": 1408612171780.0, "max": 41066172, "mean": 3734010.75, "median": 3569480.5, "min": 611154.875, "var": 2502046515200.0}, "spectral_strongpeak": {"dmean": 0.333775877953, "dmean2": 0.578053534031, "dvar": 0.438108891249, "dvar2": 1.12886500359, "max": 9.56172847748, "mean": 0.733727395535, "median": 0.428458154202, "min": 0, "var": 0.910442113876}, "zerocrossingrate": {"dmean": 0.00648311059922, "dmean2": 0.00776596507058, "dvar": 8.59576903167e-05, "dvar2": 9.40423851716e-05, "max": 0.5166015625, "mean": 0.0468613132834, "median": 0.04150390625, "min": 0.01123046875, "var": 0.000944288971368}, "barkbands": {"dmean": [0.000140139629366, 0.00571777438745, 0.00338469864801, 0.00167243485339, 0.00300854071975, 0.00122734648176, 0.000821334775537, 0.000423772842623, 0.00051956315292, 0.00025800295407, 0.000216566826566, 0.000113733032777, 0.000178294460056, 0.000243224072619, 0.000379124947358, 0.000358044519089, 0.000212866099901, 6.09108246863e-05, 9.49061504798e-05, 7.32008193154e-05, 6.15478929831e-05, 4.92974941153e-05, 2.87308612315e-05, 2.85993846774e-05, 3.87195250369e-05, 3.23252534145e-05, 1.28709643832e-05], "dmean2": [0.000208060926525, 0.00936613883823, 0.00525249028578, 0.00270883576013, 0.00484795309603, 0.00183450803161, 0.00132222485263, 0.000591625343077, 0.000748728227336, 0.000380536221201, 0.000306693138555, 0.000177534442628, 0.000268620235147, 0.000359162368113, 0.000578563427553, 0.00055065198103, 0.000333471951308, 9.73894129856e-05, 0.000149398634676, 0.000111399021989, 8.18627959234e-05, 6.84912665747e-05, 3.89443448512e-05, 4.19882162532e-05, 5.43245878362e-05, 5.04419476783e-05, 2.05100004678e-05], "dvar": [1.22906627098e-07, 0.000194208376342, 6.46817788947e-05, 7.88873512647e-06, 2.84265333903e-05, 3.84006671084e-06, 1.3210948282e-06, 4.82153836856e-07, 7.33799197405e-07, 1.16577965059e-07, 1.19319906844e-07, 2.80026117849e-08, 1.89288826391e-07, 1.72193935555e-07, 5.49352705548e-07, 3.08953076456e-07, 1.37366924946e-07, 7.77931319362e-09, 2.07545429731e-08, 1.30342971971e-08, 1.12625011539e-08, 8.64222027275e-09, 2.797373444e-09, 2.72646927257e-09, 6.62470700519e-09, 6.33636787484e-09, 1.7068232383e-09], "dvar2": [2.31265673278e-07, 0.000497242086567, 0.000153674423927, 2.08391393244e-05, 7.33560154913e-05, 8.76295962371e-06, 3.73050966118e-06, 8.88082013262e-07, 1.64702066741e-06, 2.40831582232e-07, 2.09027334108e-07, 6.62252830352e-08, 3.6617996102e-07, 3.05316035565e-07, 1.05426943264e-06, 6.06520927704e-07, 3.23411427416e-07, 2.01280201395e-08, 5.07472890376e-08, 3.01614662135e-08, 1.84409554294e-08, 1.79592589689e-08, 5.32637178807e-09, 6.43476560924e-09, 1.50729029258e-08, 1.49558072593e-08, 3.93129218068e-09], "max": [0.00454733613878, 0.15447229147, 0.0934614762664, 0.0472176596522, 0.0889021679759, 0.0670568421483, 0.0215033311397, 0.0233637057245, 0.0155787458643, 0.00808291230351, 0.00657115271315, 0.00276258448139, 0.0189456753433, 0.00802757684141, 0.0191614218056, 0.0120996478945, 0.00899792835116, 0.00148273329251, 0.00285380659625, 0.00161383696832, 0.00117360893637, 0.000892400974408, 0.000567535345908, 0.00049496057909, 0.000646976055577, 0.000693001027685, 0.000598257407546], "mean": [0.000269555981504, 0.00975840352476, 0.00672348588705, 0.00346580008045, 0.0077609764412, 0.00363310193643, 0.00191393028945, 0.00111061357893, 0.00129789602943, 0.000633568270132, 0.000515696592629, 0.000241990317591, 0.000442078511696, 0.000610066053923, 0.00105611467734, 0.00101162155624, 0.000530949560925, 0.000157591726747, 0.000259990018094, 0.000169900682522, 0.000117097428301, 8.79639119375e-05, 5.53486024728e-05, 5.31364021299e-05, 5.59600739507e-05, 3.00749888993e-05, 1.11024646685e-05], "median": [0.000182277843123, 0.00679428176954, 0.0042274966836, 0.00238509965129, 0.00476317480206, 0.00195291568525, 0.0012710057199, 0.000528679636773, 0.000734960194677, 0.000378165510483, 0.000221548660193, 0.000149390631123, 0.00022126341355, 0.000279401021544, 0.000470535072964, 0.000603029329795, 0.000325259228703, 9.84264843282e-05, 0.000153380358825, 0.000113722417154, 5.55365004402e-05, 3.84563281841e-05, 2.74258454738e-05, 2.33517239394e-05, 1.26773948068e-05, 1.43998613567e-06, 2.08808756952e-07], "min": [4.86817865971e-23, 2.40026991622e-23, 5.30233930295e-23, 1.53319077011e-23, 1.44604830359e-22, 8.18869047838e-23, 3.92394465723e-23, 2.95076987249e-23, 7.95690042523e-23, 9.80391599843e-24, 1.06002496252e-22, 3.50642803246e-23, 6.47450456658e-23, 3.94832582346e-23, 1.08118410527e-22, 8.25097388675e-23, 1.74051417607e-22, 1.79615373478e-22, 4.75805456087e-22, 3.57087342457e-22, 3.53035576143e-22, 6.93983026428e-22, 5.30921917979e-22, 8.37333921357e-22, 1.35180850598e-21, 1.78852927423e-21, 2.32310504446e-21], "var": [1.88498020748e-07, 0.000198899841052, 7.72695202613e-05, 1.70298608282e-05, 7.70355036366e-05, 3.19769205817e-05, 4.28030034527e-06, 4.52341146229e-06, 2.4612290872e-06, 6.63497360165e-07, 5.28086161466e-07, 7.80175213322e-08, 7.90653075455e-07, 8.27021210625e-07, 3.41401846526e-06, 1.58213470058e-06, 4.67352805344e-07, 2.9072465324e-08, 9.08362807195e-08, 3.86740595104e-08, 3.05068788009e-08, 1.82223551803e-08, 6.25371132656e-09, 5.15850873128e-09, 9.77900960208e-09, 6.22350748714e-09, 1.62910196444e-09]}, "erbbands": {"dmean": [0.108990252018, 1.54213738441, 4.28636264801, 4.16435337067, 9.08274269104, 10.481294632, 9.09607410431, 10.642572403, 11.1715021133, 10.4300966263, 10.046585083, 10.7429962158, 6.85727310181, 8.74121570587, 6.56004858017, 4.49370622635, 8.60923671722, 8.01718902588, 20.429807663, 15.5876617432, 19.7646961212, 12.5243968964, 3.37735915184, 3.36039376259, 5.36448478699, 3.21756505966, 2.72303080559, 2.17468929291, 1.82749187946, 1.26454603672, 0.769211113453, 0.503368139267, 0.5816629529, 0.451689481735, 0.28350019455, 0.146901205182, 0.0550711639225, 0.0163347125053, 0.00243492424488, 8.41713845148e-05], "dmean2": [0.179988369346, 2.53706812859, 6.67701482773, 6.50574016571, 15.1794786453, 16.7083797455, 13.5796442032, 15.7509403229, 18.2809391022, 15.5323848724, 13.9091186523, 15.5441017151, 10.3594884872, 12.1668977737, 9.16830158234, 6.99229097366, 12.8257131577, 11.9308872223, 29.5269203186, 24.2610626221, 30.8214454651, 19.4135456085, 5.37167739868, 5.26059341431, 8.34959888458, 4.85993146896, 3.84801602364, 2.95469975471, 2.52733302116, 1.70628368855, 1.0556012392, 0.763227939606, 0.842037677765, 0.621328532696, 0.422969788313, 0.229198172688, 0.0859811156988, 0.0260577108711, 0.00386640103534, 0.000131951033836], "dvar": [0.0600417368114, 14.8756465912, 115.227035522, 50.0425300598, 382.406341553, 275.514526367, 175.226531982, 304.690063477, 224.78036499, 305.124481201, 251.444976807, 297.213531494, 83.2404251099, 143.996627808, 98.5551605225, 46.9470787048, 483.361572266, 135.822753906, 1775.91174316, 745.695007324, 981.805664062, 537.013793945, 20.6359825134, 20.203578949, 68.0480651855, 23.255115509, 22.5727996826, 16.2549514771, 12.3002147675, 5.93192100525, 1.91017913818, 0.969355046749, 1.05190825462, 0.702713489532, 0.516837716103, 0.128176122904, 0.018254134804, 0.00218051439151, 6.3115498051e-05, 5.99550133984e-08], "dvar2": [0.151793003082, 38.8957595825, 271.832305908, 123.099693298, 1008.82434082, 735.424560547, 371.95022583, 721.117553711, 640.782714844, 788.153503418, 501.384277344, 662.117858887, 198.34274292, 268.157012939, 165.300827026, 110.704147339, 934.70300293, 278.84161377, 2872.38452148, 1859.29052734, 2058.03320312, 1226.85974121, 53.5622329712, 50.8283576965, 165.312820435, 51.3260955811, 44.394744873, 26.7240924835, 25.0006542206, 12.0379018784, 3.63064098358, 2.48827004433, 2.23768091202, 1.49067747593, 1.26531481743, 0.310421228409, 0.042182251811, 0.00508049689233, 0.000147049460793, 1.37410467005e-07], "max": [2.42891931534, 40.4407272339, 100.490760803, 89.6798934937, 251.25592041, 368.499206543, 458.52053833, 521.833862305, 381.257751465, 337.663482666, 432.451293945, 275.806060791, 146.81111145, 289.246765137, 198.650558472, 122.429367065, 963.671264648, 215.805374146, 1169.81750488, 585.5, 809.558837891, 602.522521973, 74.8278961182, 82.2521286011, 142.375747681, 64.8007659912, 51.1836128235, 43.6992301941, 32.9562911987, 29.1224250793, 16.7237644196, 8.58326053619, 10.3676395416, 7.08054018021, 6.60490560532, 3.06435775757, 1.14203357697, 0.559379756451, 0.12760618329, 0.00320567120798], "mean": [0.222955733538, 2.40676617622, 7.97157907486, 9.28252124786, 17.1958732605, 29.8501796722, 27.9028682709, 31.9204540253, 26.5929660797, 27.3707065582, 27.1678199768, 27.7772846222, 18.1524753571, 24.9754638672, 17.0877342224, 10.750500679, 22.5288257599, 20.8723506927, 64.3031539917, 42.3475456238, 56.2354507446, 32.8634262085, 10.1361341476, 10.1261196136, 14.1956825256, 7.92305803299, 5.36384391785, 3.93179154396, 3.23416399956, 2.27899861336, 1.54856908321, 0.896442055702, 1.12045276165, 0.770738482475, 0.301544398069, 0.141762554646, 0.0513707324862, 0.0143598821014, 0.00211154227145, 0.000109678105218], "median": [0.141020342708, 1.62900972366, 4.82211685181, 7.28908729553, 10.6909627914, 15.0471343994, 16.5275421143, 17.0083827972, 18.3970623016, 15.9776592255, 14.1911830902, 15.1517238617, 13.5888118744, 15.855887413, 9.74767494202, 7.74414539337, 11.7806243896, 14.0258569717, 25.6365909576, 28.0900726318, 35.3032455444, 20.4285545349, 7.44323921204, 6.60770511627, 8.24807739258, 5.37444114685, 2.94555640221, 1.65792047977, 1.29271316528, 1.0082013607, 0.826736032963, 0.446362733841, 0.456194996834, 0.222842663527, 0.0326678827405, 0.00928219221532, 0.00224753981456, 0.000402055564336, 5.66866001463e-05, 4.94188425364e-05], "min": [5.97902746911e-22, 6.3384705648e-21, 4.83282663953e-20, 7.12917760144e-20, 2.38726625379e-19, 5.63337449205e-19, 6.16088979916e-19, 5.02205751709e-19, 4.76474851189e-19, 1.01557296162e-18, 4.57308249216e-19, 1.50568946867e-18, 1.29172059167e-18, 2.18586530052e-18, 2.58649513417e-18, 1.60071959636e-18, 3.37622121538e-18, 2.33453137009e-18, 2.76963705769e-18, 7.05664885437e-18, 5.84627020561e-18, 9.84515162708e-18, 1.07920244471e-17, 1.57439287764e-17, 2.11633812306e-17, 1.7769742073e-17, 2.05990124423e-17, 1.30587392079e-17, 2.16011235564e-17, 2.18856587979e-17, 1.49199625877e-17, 1.74881929536e-17, 1.46394093937e-17, 1.51858730305e-17, 9.45887565181e-18, 6.74615958041e-18, 3.37097606311e-18, 1.6826829587e-18, 3.08435332797e-19, 3.01142016713e-20], "var": [0.0835293009877, 13.7502784729, 128.369522095, 91.0039367676, 490.706542969, 1442.73706055, 1536.47338867, 2444.19311523, 860.056518555, 1130.17248535, 1807.15539551, 1253.15893555, 306.884918213, 892.508117676, 456.831573486, 119.600845337, 2010.02258301, 498.503417969, 13170.5, 2182.24658203, 5250.81933594, 1904.41992188, 87.8661880493, 104.73400116, 280.331726074, 81.9330444336, 56.5437660217, 39.8430213928, 26.129776001, 12.5358047485, 4.39093923569, 1.49557101727, 2.25769400597, 1.40972101688, 0.511303424835, 0.124093137681, 0.0184161607176, 0.00208014179952, 5.91641037317e-05, 5.9047462031e-08]}, "gfcc": {"mean": [-11.7808408737, 127.130210876, -116.267936707, 33.7380104065, -44.7193527222, 4.15907716751, -41.1716804504, 3.72595930099, -11.540804863, -2.15737128258, -13.5287704468, -7.81162214279, -0.950819134712], "cov": [[19776.7441406, -2044.85571289, 154.271102905, 1508.91394043, 536.568969727, 1915.0189209, -87.1233825684, 478.108612061, -516.889160156, 27.810874939, -317.943511963, 179.087677002, 0.0636225044727], [-2044.85571289, 2666.93139648, -354.257873535, -366.273193359, 385.794586182, -408.940155029, 119.428100586, -284.471862793, 316.619293213, -295.913482666, 237.481445312, -188.043685913, 221.372940063], [154.271102905, -354.257873535, 917.348876953, -121.956420898, 41.3034439087, -20.0707187653, -65.0605697632, 70.669883728, -83.4145050049, 138.35458374, -195.0703125, 71.7736358643, -112.24836731], [1508.91394043, -366.273193359, -121.956420898, 478.566345215, -120.14919281, 216.123580933, -10.581111908, 132.923431396, -33.1590232849, -57.6541175842, 47.0500564575, -55.9606781006, 23.3237571716], [536.568969727, 385.794586182, 41.3034439087, -120.14919281, 383.101806641, 37.3097038269, 15.4232120514, -92.2948989868, 20.2223396301, 6.10876178741, -12.504160881, 26.5397109985, 26.4796638489], [1915.0189209, -408.940155029, -20.0707187653, 216.123580933, 37.3097038269, 331.274841309, 2.05775308609, 80.7911376953, -71.3673171997, 6.85822439194, -3.98849177361, 20.9502029419, 0.326831668615], [-87.1233825684, 119.428100586, -65.0605697632, -10.581111908, 15.4232120514, 2.05775308609, 122.455795288, 27.7195224762, 26.3425674438, -16.5252819061, 31.5482673645, -9.60763645172, 1.20699465275], [478.108612061, -284.471862793, 70.669883728, 132.923431396, -92.2948989868, 80.7911376953, 27.7195224762, 196.579086304, -5.73797035217, -3.97086691856, 0.65643543005, -5.44000339508, -27.2136554718], [-516.889160156, 316.619293213, -83.4145050049, -33.1590232849, 20.2223396301, -71.3673171997, 26.3425674438, -5.73797035217, 113.604743958, -21.6624107361, 46.3428344727, -40.6014060974, 35.5021324158], [27.810874939, -295.913482666, 138.35458374, -57.6541175842, 6.10876178741, 6.85822439194, -16.5252819061, -3.97086691856, -21.6624107361, 132.293991089, -53.7290229797, 49.379940033, -45.5854492188], [-317.943511963, 237.481445312, -195.0703125, 47.0500564575, -12.504160881, -3.98849177361, 31.5482673645, 0.65643543005, 46.3428344727, -53.7290229797, 144.223968506, -19.9866466522, 49.2854957581], [179.087677002, -188.043685913, 71.7736358643, -55.9606781006, 26.5397109985, 20.9502029419, -9.60763645172, -5.44000339508, -40.6014060974, 49.379940033, -19.9866466522, 94.7136764526, -9.42952442169], [0.0636225044727, 221.372940063, -112.24836731, 23.3237571716, 26.4796638489, 0.326831668615, 1.20699465275, -27.2136554718, 35.5021324158, -45.5854492188, 49.2854957581, -9.42952442169, 85.1818161011]], "icov": [[0.000160983981914, -0.000170432962477, 7.930220454e-05, -0.000365521089407, -0.000117255789519, -0.000753925298341, 0.00010057426698, -0.000180844814167, 0.000237185420701, -0.000152137799887, 0.000602294341661, -0.000405941827921, 5.38408312423e-05], [-0.000170432962477, 0.0020789084956, -0.000585746951401, 0.0012019535061, -0.00126047281083, 0.00181178783532, -0.000924927182496, 0.00146478333045, -0.00218518008478, 0.00303817982785, -0.00213091541082, 0.00241675903089, -0.00160052650608], [7.930220454e-05, -0.000585746951401, 0.00209120893851, -0.000141194512253, -0.00021694683528, -0.000119122320029, 0.000989292981103, -0.00178936158773, 0.001254679868, -0.00168882834259, 0.00230606878176, -0.000897905847523, 0.000938387645874], [-0.000365521089407, 0.0012019535061, -0.000141194512253, 0.00605083769187, 0.000682409852743, -0.000550865894184, 0.000572755699977, -0.00109527737368, 1.01390105556e-05, 0.00175628112629, -0.00287568150088, 0.00492938887328, -0.00238911923952], [-0.000117255789519, -0.00126047281083, -0.00021694683528, 0.000682409852743, 0.00502253230661, -0.00221049785614, -0.000257792882621, 0.00135167129338, -0.000660591816995, -0.00113160698675, 0.00106167246122, -0.00199753930792, 0.000520099536516], [-0.000753925298341, 0.00181178783532, -0.000119122320029, -0.000550865894184, -0.00221049785614, 0.0104771060869, -0.00138033658732, -0.000455691391835, 0.00158203707542, 0.000725377933122, -0.00337393139489, 0.0022862853948, -0.00225912500173], [0.00010057426698, -0.000924927182496, 0.000989292981103, 0.000572755699977, -0.000257792882621, -0.00138033658732, 0.0105318995193, -0.00305669661611, -0.000532829959411, -0.00063256372232, -0.000535476603545, -0.000920048041735, 0.00260164961219], [-0.000180844814167, 0.00146478333045, -0.00178936158773, -0.00109527737368, 0.00135167129338, -0.000455691391835, -0.00305669661611, 0.0105520579964, -0.00526223424822, 0.00404538027942, -0.00188619049732, -0.000534867518581, 0.00252163084224], [0.000237185420701, -0.00218518008478, 0.001254679868, 1.01390105556e-05, -0.000660591816995, 0.00158203707542, -0.000532829959411, -0.00526223424822, 0.0205776598305, -0.00758437532932, -0.000741344003472, 0.00579761574045, -0.00570948235691], [-0.000152137799887, 0.00303817982785, -0.00168882834259, 0.00175628112629, -0.00113160698675, 0.000725377933122, -0.00063256372232, 0.00404538027942, -0.00758437532932, 0.0180682744831, -0.000825301860459, -0.00348827661946, 0.00397012801841], [0.000602294341661, -0.00213091541082, 0.00230606878176, -0.00287568150088, 0.00106167246122, -0.00337393139489, -0.000535476603545, -0.00188619049732, -0.000741344003472, -0.000825301860459, 0.015593602322, -0.00525486003608, -0.00128516531549], [-0.000405941827921, 0.00241675903089, -0.000897905847523, 0.00492938887328, -0.00199753930792, 0.0022862853948, -0.000920048041735, -0.000534867518581, 0.00579761574045, -0.00348827661946, -0.00525486003608, 0.0221298094839, -0.00715197483078], [5.38408312423e-05, -0.00160052650608, 0.000938387645874, -0.00238911923952, 0.000520099536516, -0.00225912500173, 0.00260164961219, 0.00252163084224, -0.00570948235691, 0.00397012801841, -0.00128516531549, -0.00715197483078, 0.0228616110981]]}, "melbands": {"dmean": [0.0012208558619, 0.00217993604019, 0.000832903198898, 0.000715788570233, 0.000337033823598, 0.0002323428198, 0.000166764992173, 0.000108068903501, 8.8011896878e-05, 6.35549004073e-05, 3.54416952177e-05, 3.74619048671e-05, 3.01424806821e-05, 8.85536337591e-06, 2.15549043787e-05, 1.63762633747e-05, 1.57251597557e-05, 3.43630017596e-05, 2.30588102568e-05, 2.48429114436e-05, 2.24496980081e-05, 1.66698719113e-05, 3.79301673092e-06, 3.53403152076e-06, 2.84064003608e-06, 4.82636778543e-06, 3.41913550983e-06, 2.1084213131e-06, 1.86909028344e-06, 1.59374837949e-06, 1.21129733088e-06, 1.11423844373e-06, 9.47105149862e-07, 6.50289166515e-07, 4.77700780266e-07, 3.49050708337e-07, 3.24140188468e-07, 4.51457992767e-07, 4.18539258362e-07, 3.65320914852e-07], "dmean2": [0.00201431196183, 0.0034212989267, 0.00131059414707, 0.00117876019794, 0.000501163653098, 0.000343837338733, 0.000271303899353, 0.000157068643603, 0.000125012433273, 9.12606774364e-05, 5.37236082891e-05, 5.249849346e-05, 4.22643825004e-05, 1.37506076499e-05, 3.24762477248e-05, 2.47399693762e-05, 2.34186300077e-05, 4.93521001772e-05, 3.70456655219e-05, 3.74919109163e-05, 3.54789845005e-05, 2.60119122686e-05, 6.04711431151e-06, 5.67933420825e-06, 4.54395831184e-06, 7.56983581596e-06, 5.44311706108e-06, 3.19799664794e-06, 2.77801746051e-06, 2.18836771637e-06, 1.72502370788e-06, 1.61746390859e-06, 1.33393575652e-06, 9.01190901459e-07, 6.72682631375e-07, 4.98121494275e-07, 5.2099903769e-07, 6.79022946315e-07, 5.80938433359e-07, 5.15249780619e-07], "dvar": [8.18358148535e-06, 2.96837042697e-05, 1.95704978978e-06, 1.85450187473e-06, 2.19563759174e-07, 1.40799386372e-07, 4.92728737811e-08, 3.00099749495e-08, 2.11939319428e-08, 9.36956290332e-09, 2.15647322221e-09, 2.67846167468e-09, 2.36204344972e-09, 1.56895163528e-10, 1.71074188149e-09, 1.19890353201e-09, 5.18106280101e-10, 4.51375603561e-09, 1.74717973422e-09, 1.86288340309e-09, 1.31233424128e-09, 1.05190223199e-09, 2.62113542676e-11, 2.92313395711e-11, 1.47008863416e-11, 6.6302491275e-11, 2.91042953626e-11, 1.00844289516e-11, 1.19543628468e-11, 7.45972034144e-12, 5.24907287774e-12, 4.79337316367e-12, 3.75057146798e-12, 1.6477895437e-12, 7.589815278e-13, 4.05607296881e-13, 4.99777844977e-13, 6.5290611459e-13, 4.80815636871e-13, 5.05148982539e-13], "dvar2": [2.05480446311e-05, 7.18751762179e-05, 4.89821559313e-06, 4.8974393394e-06, 4.73155438385e-07, 3.24801817442e-07, 1.39601525007e-07, 7.3321402283e-08, 4.55889050954e-08, 2.07848742662e-08, 5.15553866265e-09, 4.9645518807e-09, 3.97406818564e-09, 3.57511492632e-10, 3.37594419086e-09, 2.57955123928e-09, 1.01289343579e-09, 7.18481585338e-09, 4.41559944164e-09, 3.62127994258e-09, 2.85050760773e-09, 2.38177833012e-09, 6.61108043309e-11, 7.67976446325e-11, 3.83088630262e-11, 1.57659524325e-10, 7.04319172429e-11, 2.31921860189e-11, 2.61632295689e-11, 1.42602830586e-11, 9.24782819767e-12, 1.06591766663e-11, 7.88423666631e-12, 3.60768229526e-12, 1.58320253608e-12, 8.00020640013e-13, 1.4173829211e-12, 1.45864245162e-12, 9.52880135907e-13, 1.05974452304e-12], "max": [0.0331807881594, 0.0474845692515, 0.0202055163682, 0.0224032141268, 0.0159547198564, 0.0120404101908, 0.00492268055677, 0.00317799858749, 0.0033461318817, 0.00150626536924, 0.000733570603188, 0.00129718775861, 0.00095987127861, 0.000291673495667, 0.00167955714278, 0.00127318536397, 0.000357437704224, 0.00173129630275, 0.000720583251677, 0.000934717943892, 0.000895052333362, 0.00084427226102, 8.24807502795e-05, 0.000107605475932, 4.81623319502e-05, 0.000177575609996, 7.80928676249e-05, 4.22032208007e-05, 3.69801346096e-05, 3.15617071465e-05, 2.75334732578e-05, 1.79479684448e-05, 2.28542648983e-05, 1.706353396e-05, 1.08778049253e-05, 7.2287830335e-06, 6.75550199958e-06, 8.41635574034e-06, 6.88526779413e-06, 6.23886944595e-06], "mean": [0.00234671984799, 0.00391336483881, 0.0019069078844, 0.00166012963746, 0.00113266776316, 0.000697835232131, 0.00040366689791, 0.000292761862511, 0.000225997646339, 0.000165517514688, 8.93627220648e-05, 0.000103570659121, 7.32545740902e-05, 1.97370445676e-05, 5.06129981659e-05, 4.01990946557e-05, 3.77151445718e-05, 0.000105563478428, 5.66014459764e-05, 6.96493880241e-05, 5.82507054787e-05, 3.9642698539e-05, 9.72301950242e-06, 8.7032749434e-06, 7.34498280508e-06, 1.2140409126e-05, 7.72252769821e-06, 4.55691042589e-06, 3.33614570991e-06, 2.91696892418e-06, 2.0246427539e-06, 1.81913196684e-06, 1.69113297943e-06, 1.09383029212e-06, 9.0293769972e-07, 6.61197191221e-07, 5.09730568865e-07, 7.89044918292e-07, 8.29271982639e-07, 5.69197140976e-07], "median": [0.0016579516232, 0.00247022649273, 0.00148003245704, 0.0010363018373, 0.000678051088471, 0.000372955808416, 0.000288418726996, 0.000165460020071, 0.00011460029782, 9.40945901675e-05, 6.47539782221e-05, 6.47658598609e-05, 3.48197063431e-05, 1.11585795821e-05, 2.77197614196e-05, 2.23710339924e-05, 2.22052985919e-05, 3.70390698663e-05, 3.00888896163e-05, 4.1134757339e-05, 3.24583161273e-05, 2.05289325095e-05, 7.21779179003e-06, 5.39524080523e-06, 4.85973941977e-06, 6.36938602838e-06, 4.95317090099e-06, 2.85955229629e-06, 1.74182775936e-06, 1.38913264891e-06, 7.32511921342e-07, 6.88849354447e-07, 7.53273752707e-07, 4.64395242261e-07, 4.74013887697e-07, 3.41607545806e-07, 2.4318950409e-07, 3.30000148097e-07, 2.87516968456e-07, 1.36823658181e-07], "min": [6.86726294961e-24, 2.04545826708e-23, 1.33890710871e-23, 3.48685386904e-23, 2.03401773291e-23, 1.28869003786e-23, 7.35783030302e-24, 1.0464119212e-23, 3.09512238569e-24, 1.14132372102e-23, 6.4602170334e-24, 8.03380915701e-24, 1.30011132382e-23, 2.9280020057e-24, 7.30779601124e-24, 5.15197957452e-24, 4.46670399476e-24, 3.44660941999e-24, 7.95558097648e-24, 7.51127637086e-24, 7.55682835497e-24, 1.00947114273e-23, 1.08760623767e-23, 8.00916277575e-24, 1.23192392266e-23, 2.12082035816e-23, 7.19078506203e-24, 1.31794147354e-23, 1.44999797237e-23, 8.2381454307e-24, 7.31042291806e-24, 1.30171223814e-23, 1.2827649036e-23, 1.12358436918e-23, 7.60938226848e-24, 9.29201942387e-24, 1.1517710793e-23, 1.02078869348e-23, 8.78323175013e-24, 1.49739368219e-23], "var": [9.70212749962e-06, 3.1492261769e-05, 3.65954747394e-06, 3.56586951966e-06, 2.03917034014e-06, 1.17946285627e-06, 1.83685628485e-07, 1.49006922356e-07, 1.04080392305e-07, 3.99348607516e-08, 7.92135956829e-09, 1.67311924315e-08, 1.06510231745e-08, 5.95372362522e-10, 6.89619072958e-09, 4.07456246521e-09, 2.06525707647e-09, 3.29386828923e-08, 6.61537757907e-09, 7.91099186159e-09, 6.71160726995e-09, 3.69599417738e-09, 8.96949389761e-11, 1.02790762013e-10, 5.70123219468e-11, 2.57872390108e-10, 8.27885884847e-11, 3.06811000217e-11, 2.42809054113e-11, 1.82282661187e-11, 1.20606051188e-11, 8.69878735016e-12, 7.30117615672e-12, 3.04616336495e-12, 1.54644136038e-12, 8.65863153746e-13, 5.55092484564e-13, 1.18690159697e-12, 1.30675006406e-12, 9.11477924387e-13]}, "mfcc": {"mean": [-646.301940918, 146.003646851, -1.1795374155, 27.6610012054, 16.3010349274, 2.26994729042, -7.20841550827, -2.88719940186, 5.17155742645, 5.00105142593, -4.34987592697, -5.57944822311, 3.05529618263], "cov": [[12221.8662109, 8.79930019379, 9.79884624481, 473.457489014, 678.203857422, 521.655090332, 478.425018311, 414.873901367, 428.707794189, 141.722640991, -67.8938446045, -112.37701416, -107.549613953], [8.79930019379, 2145.74682617, -431.313873291, -46.5199699402, 279.391784668, 55.3177604675, -96.956703186, -14.9882326126, 5.52024364471, -21.7301578522, -70.2426452637, -74.9108963013, -13.0622959137], [9.79884624481, -431.313873291, 672.773010254, 16.1970367432, -55.1587333679, -64.024597168, 8.07196140289, -8.31060028076, 34.5683517456, -8.5873374939, 21.5192718506, 51.5076675415, -11.7594614029], [473.457489014, -46.5199699402, 16.1970367432, 176.45753479, 31.2532081604, 10.2205400467, 21.3237476349, 24.6283035278, 14.7359609604, 21.629442215, -3.4749853611, -6.92847537994, -0.552980720997], [678.203857422, 279.391784668, -55.1587333679, 31.2532081604, 228.480606079, 88.0361938477, 32.9279022217, 16.8214893341, 25.4246997833, -1.24145126343, -15.5254840851, -26.5013561249, -5.35138511658], [521.655090332, 55.3177604675, -64.024597168, 10.2205400467, 88.0361938477, 173.840316772, 13.2463846207, -30.8828754425, 10.8307104111, -3.04220700264, -13.0728807449, -33.9939575195, -25.414478302], [478.425018311, -96.956703186, 8.07196140289, 21.3237476349, 32.9279022217, 13.2463846207, 123.80480957, 66.8598327637, 17.8026351929, 9.36416912079, 10.4631872177, 23.7022895813, 6.31687402725], [414.873901367, -14.9882326126, -8.31060028076, 24.6283035278, 16.8214893341, -30.8828754425, 66.8598327637, 112.314674377, 36.3990898132, 6.7603597641, 5.03319692612, 28.6224975586, 11.3387880325], [428.707794189, 5.52024364471, 34.5683517456, 14.7359609604, 25.4246997833, 10.8307104111, 17.8026351929, 36.3990898132, 84.9990081787, 33.9144973755, -2.05842399597, -6.31721925735, 2.11036682129], [141.722640991, -21.7301578522, -8.5873374939, 21.629442215, -1.24145126343, -3.04220700264, 9.36416912079, 6.7603597641, 33.9144973755, 79.1583709717, 17.5503845215, -12.5524511337, 9.21208286285], [-67.8938446045, -70.2426452637, 21.5192718506, -3.4749853611, -15.5254840851, -13.0728807449, 10.4631872177, 5.03319692612, -2.05842399597, 17.5503845215, 55.805557251, 29.9575138092, 4.28426122665], [-112.37701416, -74.9108963013, 51.5076675415, -6.92847537994, -26.5013561249, -33.9939575195, 23.7022895813, 28.6224975586, -6.31721925735, -12.5524511337, 29.9575138092, 81.3963470459, 17.3917293549], [-107.549613953, -13.0622959137, -11.7594614029, -0.552980720997, -5.35138511658, -25.414478302, 6.31687402725, 11.3387880325, 2.11036682129, 9.21208286285, 4.28426122665, 17.3917293549, 54.5817604065]], "icov": [[0.000155782836373, 2.07330831472e-05, -1.7132890207e-05, -0.000235291037825, -0.000204719108297, -0.000321500672726, -0.000242326859734, -0.000349996407749, -0.000430772866821, -2.09599852496e-06, 5.78028302698e-05, 0.000117380273878, 0.000211900653085], [2.07330831472e-05, 0.000731953768991, 0.000412922992837, 0.000222544884309, -0.00109278573655, 0.000380509212846, 0.000748271879274, -0.000120398202853, -0.000173695618287, -5.80686682952e-05, 0.000557495106477, -0.00021652392752, 0.000357433862519], [-1.7132890207e-05, 0.000412922992837, 0.00210133031942, -0.000236004445469, -0.000404842750868, 0.00125333038159, -0.00021753848705, 0.00168120744638, -0.0019186893478, 0.000801390095148, 0.000104476821434, -0.00143330649007, 0.00112263532355], [-0.000235291037825, 0.000222544884309, -0.000236004445469, 0.00677014514804, -0.000748163438402, 0.00021534806001, 0.00062386872014, -0.0012759771198, 0.00165696023032, -0.00230257888325, 0.00108327460475, 8.53286474012e-05, 3.95013630623e-05], [-0.000204719108297, -0.00109278573655, -0.000404842750868, -0.000748163438402, 0.00792767945677, -0.00305922911502, -0.00164098956157, -0.000474113388918, -0.000417827861384, 0.0013380603632, -0.000911705486942, 0.00174925767351, -0.00181398028508], [-0.000321500672726, 0.000380509212846, 0.00125333038159, 0.00021534806001, -0.00305922911502, 0.0105659058318, -0.00229261140339, 0.00622525485232, -0.00220154528506, 0.00148284621537, 0.000118627329357, 0.000395343726268, 0.00302122556604], [-0.000242326859734, 0.000748271879274, -0.00021753848705, 0.00062386872014, -0.00164098956157, -0.00229261140339, 0.0151438601315, -0.00889950525016, 0.00337708625011, -0.0023900535889, -0.000187336176168, -0.0021588797681, -0.000495784101076], [-0.000349996407749, -0.000120398202853, 0.00168120744638, -0.0012759771198, -0.000474113388918, 0.00622525485232, -0.00889950525016, 0.0212716497481, -0.00813499744982, 0.00302187050693, 0.00110055797268, -0.00485675595701, 0.000359626283171], [-0.000430772866821, -0.000173695618287, -0.0019186893478, 0.00165696023032, -0.000417827861384, -0.00220154528506, 0.00337708625011, -0.00813499744982, 0.021528698504, -0.00942872557789, 0.00301561248489, 0.000689841632266, -0.000751459330786], [-2.09599852496e-06, -5.80686682952e-05, 0.000801390095148, -0.00230257888325, 0.0013380603632, 0.00148284621537, -0.0023900535889, 0.00302187050693, -0.00942872557789, 0.0213479120284, -0.0102019757032, 0.00712109263986, -0.0041049355641], [5.78028302698e-05, 0.000557495106477, 0.000104476821434, 0.00108327460475, -0.000911705486942, 0.000118627329357, -0.000187336176168, 0.00110055797268, 0.00301561248489, -0.0102019757032, 0.0281326044351, -0.0123763373122, 0.00338029931299], [0.000117380273878, -0.00021652392752, -0.00143330649007, 8.53286474012e-05, 0.00174925767351, 0.000395343726268, -0.0021588797681, -0.00485675595701, 0.000689841632266, 0.00712109263986, -0.0123763373122, 0.0232616569847, -0.00618318654597], [0.000211900653085, 0.000357433862519, 0.00112263532355, 3.95013630623e-05, -0.00181398028508, 0.00302122556604, -0.000495784101076, 0.000359626283171, -0.000751459330786, -0.0041049355641, 0.00338029931299, -0.00618318654597, 0.0227047801018]]}, "spectral_contrast_coeffs": {"dmean": [0.0395738072693, 0.0379838272929, 0.0335161276162, 0.0281428378075, 0.0195207241923, 0.015951577574], "dmean2": [0.064530774951, 0.0614417083561, 0.0523134358227, 0.0447025373578, 0.0312164202332, 0.024901797995], "dvar": [0.00132296362426, 0.00103656551801, 0.000799212488346, 0.000633176008705, 0.000282963737845, 0.000298007566016], "dvar2": [0.00358854816295, 0.0026946417056, 0.00195895135403, 0.0015148249222, 0.000717828166671, 0.000695638707839], "max": [-0.288147687912, -0.435783773661, -0.549563884735, -0.502517819405, -0.597836792469, -0.651315867901], "mean": [-0.648174524307, -0.711698114872, -0.731812298298, -0.73818475008, -0.781514883041, -0.757019400597], "median": [-0.652798891068, -0.714151740074, -0.729487657547, -0.745001733303, -0.783906459808, -0.752971172333], "min": [-0.966995000839, -0.991083979607, -0.989852309227, -0.996012508869, -0.985671699047, -0.956544935703], "var": [0.00431263633072, 0.00516659440473, 0.00336522748694, 0.00443078391254, 0.00165489909705, 0.00124440714717]}, "spectral_contrast_valleys": {"dmean": [0.27568128705, 0.303470790386, 0.29288738966, 0.280492216349, 0.223046392202, 0.363549083471], "dmean2": [0.453245520592, 0.484246015549, 0.45916351676, 0.458390146494, 0.302810907364, 0.41931065917], "dvar": [0.116486616433, 0.138368874788, 0.111162759364, 0.133118703961, 0.113831937313, 0.260944515467], "dvar2": [0.234326124191, 0.234858080745, 0.198811069131, 0.265742272139, 0.149166300893, 0.425461530685], "max": [-4.97781133652, -4.