{"lowlevel": {"average_loudness": 0.936285495758, "barkbands_crest": {"dmean": 2.04085326195, "dmean2": 3.19833660126, "dvar": 3.99201583862, "dvar2": 10.3600435257, "max": 24.694278717, "mean": 13.015622139, "median": 12.6634597778, "min": 3.94991350174, "var": 15.0641756058}, "barkbands_flatness_db": {"dmean": 0.0241938885301, "dmean2": 0.0349744185805, "dvar": 0.00075161375571, "dvar2": 0.00154667918105, "max": 0.470118552446, "mean": 0.309096395969, "median": 0.312579363585, "min": 0.0714768916368, "var": 0.00361716328189}, "barkbands_kurtosis": {"dmean": 3.65889596939, "dmean2": 5.6796336174, "dvar": 28.3979549408, "dvar2": 69.9818191528, "max": 110.687492371, "mean": 8.78949642181, "median": 6.67374038696, "min": -1.49362576008, "var": 64.931060791}, "barkbands_skewness": {"dmean": 0.445452868938, "dmean2": 0.676646769047, "dvar": 0.240745469928, "dvar2": 0.604302406311, "max": 7.32331848145, "mean": 2.12231874466, "median": 2.00631332397, "min": -1.66405951977, "var": 0.846858203411}, "barkbands_spread": {"dmean": 0.988704502583, "dmean2": 1.50303828716, "dvar": 2.4618229866, "dvar2": 5.47750329971, "max": 28.6580543518, "mean": 4.5579624176, "median": 3.74764704704, "min": 0.500323593616, "var": 9.62719345093}, "dissonance": {"dmean": 0.0322731547058, "dmean2": 0.0531319566071, "dvar": 0.000731750042178, "dvar2": 0.00187368621118, "max": 0.499151557684, "mean": 0.382478117943, "median": 0.385233461857, "min": 0.209286749363, "var": 0.00247227423824}, "dynamic_complexity": 1.62393832207, "erbbands_crest": {"dmean": 2.30458879471, "dmean2": 3.66507077217, "dvar": 4.59249782562, "dvar2": 11.0603590012, "max": 29.1282596588, "mean": 11.2072248459, "median": 10.3213329315, "min": 3.01205444336, "var": 16.4978103638}, "erbbands_flatness_db": {"dmean": 0.0229467805475, "dmean2": 0.0341190844774, "dvar": 0.000748943304643, "dvar2": 0.00161573989317, "max": 0.364779829979, "mean": 0.266252368689, "median": 0.275099813938, "min": 0.0928793475032, "var": 0.00194222864229}, "erbbands_kurtosis": {"dmean": 1.18231379986, "dmean2": 1.82129836082, "dvar": 3.32071089745, "dvar2": 7.15262079239, "max": 42.8196372986, "mean": 1.42226934433, "median": 0.80078458786, "min": -1.5095897913, "var": 6.88175964355}, "erbbands_skewness": {"dmean": 0.35042116046, "dmean2": 0.526783525944, "dvar": 0.119708649814, "dvar2": 0.263736456633, "max": 5.18680763245, "mean": 0.818783581257, "median": 0.799327850342, "min": -1.69954824448, "var": 0.508747458458}, "erbbands_spread": {"dmean": 3.34190678596, "dmean2": 5.09462404251, "dvar": 22.0377960205, "dvar2": 49.0501403809, "max": 77.1150131226, "mean": 17.90366745, "median": 16.2666454315, "min": 3.04458594322, "var": 59.8548126221}, "hfc": {"dmean": 3.35234642029, "dmean2": 5.0473151207, "dvar": 41.8418006897, "dvar2": 98.8235855103, "max": 127.325889587, "mean": 11.6364297867, "median": 10.1975345612, "min": 1.19444364292e-16, "var": 59.4723815918}, "melbands_crest": {"dmean": 2.47418022156, "dmean2": 3.79880261421, "dvar": 5.5348200798, "dvar2": 13.1410255432, "max": 32.0057640076, "mean": 17.8525276184, "median": 16.990146637, "min": 2.19754099846, "var": 33.5333976746}, "melbands_flatness_db": {"dmean": 0.0268081985414, "dmean2": 0.0376564636827, "dvar": 0.0009705015691, "dvar2": 0.00186925462913, "max": 0.60106498003, "mean": 0.416027665138, "median": 0.420599937439, "min": 0.00606707343832, "var": 0.00547555042431}, "melbands_kurtosis": {"dmean": 5.16400575638, "dmean2": 7.87810230255, "dvar": 51.882774353, "dvar2": 121.13092041, "max": 119.751457214, "mean": 14.0944433212, "median": 10.7813940048, "min": -1.16870284081, "var": 147.974121094}, "melbands_skewness": {"dmean": 0.486042648554, "dmean2": 0.726079463959, "dvar": 0.259426802397, "dvar2": 0.620711624622, "max": 8.34300804138, "mean": 2.69899201393, "median": 2.55907392502, "min": -0.131021752954, "var": 1.17149198055}, "melbands_spread": {"dmean": 1.12477767467, "dmean2": 1.65406262875, "dvar": 5.34791517258, "dvar2": 8.135679245, "max": 118.197303772, "mean": 5.08925867081, "median": 4.12874937057, "min": 0.576343655586, "var": 15.8752422333}, "pitch_salience": {"dmean": 0.0580183081329, "dmean2": 0.0917157903314, "dvar": 0.00264687649906, "dvar2": 0.00617688009515, "max": 0.819401741028, "mean": 0.485945641994, "median": 0.497414946556, "min": 0.134766757488, "var": 0.0155274206772}, "silence_rate_20dB": {"dmean": 0.000899685139302, "dmean2": 0.00179977505468, "dvar": 0.000898854632396, "dvar2": 0.00269633810967, "max": 1, "mean": 0.999550282955, "median": 1, "min": 0, "var": 0.000449542480055}, "silence_rate_30dB": {"dmean": 0.0355375632644, "dmean2": 0.0710911154747, "dvar": 0.0342767164111, "dvar2": 0.0772873535752, "max": 1, "mean": 0.932313919067, "median": 1, "min": 0, "var": 0.0631013065577}, "silence_rate_60dB": {"dmean": 0.000449842569651, "dmean2": 0.000674915616401, "dvar": 0.000449617480626, "dvar2": 0.000674481503665, "max": 1, "mean": 0.0143917249516, "median": 0, "min": 0, "var": 0.0141845559701}, "spectral_centroid": {"dmean": 43.2830352783, "dmean2": 63.1032180786, "dvar": 29560.9023438, "dvar2": 34213.0117188, "max": 10974.1923828, "mean": 349.893676758, "median": 311.854705811, "min": 147.419677734, "var": 45609.46875}, "spectral_complexity": {"dmean": 1.4102563858, "dmean2": 2.30821156502, "dvar": 2.01882457733, "dvar2": 4.48584127426, "max": 25, "mean": 10.8167304993, "median": 11, "min": 0, "var": 7.00694847107}, "spectral_decrease": {"dmean": 3.3791651699e-09, "dmean2": 4.97403185307e-09, "dvar": 3.48927149339e-17, "dvar2": 7.88338527093e-17, "max": -6.79834011069e-30, "mean": -1.29582140573e-08, "median": -1.0707471354e-08, "min": -1.17637107167e-07, "var": 8.30572780983e-17}, "spectral_energy": {"dmean": 0.0130360955372, "dmean2": 0.0192039888352, "dvar": 0.000520656467415, "dvar2": 0.00117763353046, "max": 0.455284029245, "mean": 0.0499624945223, "median": 0.0413647852838, "min": 1.08596196693e-20, "var": 0.00122161535546}, "spectral_energyband_high": {"dmean": 3.11192670779e-05, "dmean2": 4.95260028401e-05, "dvar": 1.5610805093e-08, "dvar2": 3.9275239061e-08, "max": 0.00370370992459, "mean": 2.96903817798e-05, "median": 2.74847525361e-06, "min": 7.45595320217e-21, "var": 1.45711762656e-08}, "spectral_energyband_low": {"dmean": 0.00651288451627, "dmean2": 0.00832149107009, "dvar": 9.1674781288e-05, "dvar2": 0.000169590523001, "max": 0.221175894141, "mean": 0.0267575196922, "median": 0.0173544734716, "min": 7.00819863013e-23, "var": 0.000803405768238}, "spectral_energyband_middle_high": {"dmean": 0.000587656337302, "dmean2": 0.000869972049259, "dvar": 2.48022752203e-06, "dvar2": 5.73079569222e-06, "max": 0.0355182476342, "mean": 0.00163874332793, "median": 0.000956538773607, "min": 1.91730227206e-21, "var": 5.07690901941e-06}, "spectral_energyband_middle_low": {"dmean": 0.00938362628222, "dmean2": 0.0148841263726, "dvar": 0.000317163561704, "dvar2": 0.000755901448429, "max": 0.306472092867, "mean": 0.0240532103926, "median": 0.0200748834759, "min": 2.87006176571e-22, "var": 0.000365205632988}, "spectral_entropy": {"dmean": 0.203428566456, "dmean2": 0.325299978256, "dvar": 0.0646603703499, "dvar2": 0.150821194053, "max": 9.78892326355, "mean": 5.9120349884, "median": 5.87377166748, "min": 4.6785492897, "var": 0.157038703561}, "spectral_flux": {"dmean": 0.0265983119607, "dmean2": 0.0428135283291, "dvar": 0.00141228339635, "dvar2": 0.0034070929978, "max": 0.497503221035, "mean": 0.0665877759457, "median": 0.0539054200053, "min": 1.04209502139e-10, "var": 0.00201163813472}, "spectral_kurtosis": {"dmean": 14.7230329514, "dmean2": 24.8014736176, "dvar": 182.78074646, "dvar2": 456.458953857, "max": 130.118911743, "mean": 34.6782913208, "median": 30.4552993774, "min": -1.17956900597, "var": 466.421691895}, "spectral_rms": {"dmean": 0.000858750892803, "dmean2": 0.00124004355166, "dvar": 1.36112078053e-06, "dvar2": 2.87944681077e-06, "max": 0.0210755672306, "mean": 0.00663283793256, "median": 0.00635262858123, "min": 3.25495793513e-12, "var": 4.74927310279e-06}, "spectral_rolloff": {"dmean": 68.4298019409, "dmean2": 112.625228882, "dvar": 90694.6953125, "dvar2": 104300.984375, "max": 19078.4179688, "mean": 383.878417969, "median": 322.998046875, "min": 129.19921875, "var": 123348.609375}, "spectral_skewness": {"dmean": 0.882324516773, "dmean2": 1.48634541035, "dvar": 0.596837520599, "dvar2": 1.46730613708, "max": 9.19121837616, "mean": 4.18555545807, "median": 4.03836011887, "min": -0.0215713884681, "var": 1.78988039494}, "spectral_spread": {"dmean": 473266.375, "dmean2": 745126.4375, "dvar": 651595415552, "dvar2": 1127645839360.0, "max": 40403996, "mean": 1787230.375, "median": 1556970.5, "min": 634988.875, "var": 1020337258500.0}, "spectral_strongpeak": {"dmean": 0.292317032814, "dmean2": 0.482607424259, "dvar": 0.165502026677, "dvar2": 0.395091980696, "max": 6.48816251755, "mean": 0.897185742855, "median": 0.823005318642, "min": 4.87049733877e-09, "var": 0.309151619673}, "zerocrossingrate": {"dmean": 0.00256067607552, "dmean2": 0.00318431877531, "dvar": 3.54777403118e-05, "dvar2": 2.34074486798e-05, "max": 0.484375, "mean": 0.0153565388173, "median": 0.013671875, "min": 0.0048828125, "var": 0.000113457244879}, "barkbands": {"dmean": [4.48378386864e-06, 0.00127292703837, 0.00491998903453, 0.00198102532886, 0.00738274492323, 0.000782472023275, 0.00110258965287, 0.000311924726702, 0.000418684445322, 0.000520208559465, 0.000109114545921, 8.44991009217e-05, 0.000148797640577, 3.17875055771e-05, 2.21887676162e-05, 1.48082835949e-05, 1.50490868691e-05, 2.04029838642e-05, 2.03629606403e-05, 7.4823410614e-06, 5.571060683e-06, 6.31744978818e-06, 5.63345201954e-06, 4.67240079161e-06, 3.82205553251e-06, 3.43073293152e-06, 3.41285186778e-07], "dmean2": [7.54403981773e-06, 0.00191382272169, 0.00580434082076, 0.00308618484996, 0.0120237693191, 0.00109046907164, 0.00165601377375, 0.000503831601236, 0.000575493846554, 0.000763545045629, 0.000167560312548, 0.000129015767016, 0.000214913932723, 5.00814385305e-05, 3.48234134435e-05, 2.36966825469e-05, 2.41225898208e-05, 3.33683565259e-05, 2.98041795759e-05, 1.14834138003e-05, 8.88767135621e-06, 9.6921748991e-06, 8.65390302351e-06, 7.64317246649e-06, 6.73737667967e-06, 6.40266398477e-06, 6.49335049729e-07], "dvar": [4.42625880392e-10, 5.25488303538e-06, 5.44946378795e-05, 8.41927885631e-06, 0.000217520893784, 2.63726860794e-06, 6.52669132251e-06, 2.31833226394e-07, 3.87375621358e-07, 2.29077454605e-06, 2.63831253733e-07, 2.51185934275e-08, 3.63971452089e-07, 3.79230939984e-08, 4.75398342914e-09, 2.00532612737e-09, 3.98331412299e-09, 2.57936818571e-08, 6.65066357541e-09, 8.92040497025e-10, 5.38718292198e-10, 2.44155629048e-09, 6.17779882806e-10, 4.92927587636e-10, 3.756998046e-10, 4.28579727263e-10, 5.41034014465e-12], "dvar2": [1.25836574494e-09, 1.18532871056e-05, 9.4491551863e-05, 2.2143136448e-05, 0.000517964363098, 5.87953854847e-06, 1.62284977705e-05, 5.88651914768e-07, 6.64916967708e-07, 5.14032808496e-06, 6.98586234193e-07, 4.99329644299e-08, 6.04103945534e-07, 9.68523679035e-08, 1.08570246127e-08, 4.98505148272e-09, 1.03120250117e-08, 6.99767284118e-08, 1.45918797045e-08, 2.09894768233e-09, 1.39534039878e-09, 6.13660722237e-09, 1.38764555402e-09, 1.20077248145e-09, 1.02896202669e-09, 1.22738286201e-09, 1.57907072834e-11], "max": [0.000752559048124, 0.0475593060255, 0.175775885582, 0.0468447506428, 0.222693666816, 0.0363112799823, 0.0659566670656, 0.00724716391414, 0.0146716460586, 0.0353697054088, 0.0218041110784, 0.0045478423126, 0.0312425084412, 0.00490698777139, 0.00187541416381, 0.00121443672106, 0.0018904969329, 0.00778337847441, 0.00193670717999, 0.000645322841592, 0.000628480047453, 0.0025685550645, 0.000529282842763, 0.000687507446855, 0.000406488805311, 0.000416804978158, 7.42379634175e-05], "mean": [4.33116110798e-06, 0.0040135816671, 0.0206032749265, 0.00492943404242, 0.0121765658259, 0.00200505275279, 0.00260169920512, 0.00048888544552, 0.000869157898705, 0.00122771644965, 0.00025125980028, 0.000185705692274, 0.000364405976143, 5.20469220646e-05, 4.3847678171e-05, 2.4274475436e-05, 2.09945028473e-05, 2.85076366708e-05, 3.46014094248e-05, 1.09580969365e-05, 5.96070822212e-06, 6.53048391541e-06, 5.39669917998e-06, 3.57899784831e-06, 2.56038219959e-06, 2.06498521038e-06, 2.2123664678e-07], "median": [1.13625651466e-06, 0.00276781944558, 0.01212600898, 0.00389273837209, 0.0083104595542, 0.00131405715365, 0.00144258304499, 0.000236033592955, 0.000486158736749, 0.000382718630135, 7.09399610059e-05, 9.79332908173e-05, 6.09608687228e-05, 1.55389116117e-05, 1.57563990797e-05, 7.61007777328e-06, 7.55377277528e-06, 8.6699210442e-06, 4.40142457592e-06, 1.92464767679e-06, 9.27409757878e-07, 3.66259371276e-07, 1.94286286614e-07, 8.73729035789e-08, 4.73087169439e-08, 3.49904176744e-08, 3.34311280881e-08], "min": [3.2095208248e-24, 3.61015251298e-23, 2.06703140402e-23, 2.00073553355e-23, 1.81181612629e-23, 3.20509673507e-23, 3.73439495011e-23, 9.31951690621e-23, 5.94720406289e-23, 1.14503715751e-22, 1.05529375347e-22, 1.75550556249e-22, 1.00603305025e-22, 9.92733234042e-23, 1.35979097055e-22, 8.64245399957e-23, 2.43626500823e-22, 3.68650478228e-22, 2.53225284587e-22, 3.97981134478e-22, 3.25944350853e-22, 5.12644427323e-22, 5.07868903217e-22, 8.23564676112e-22, 1.25886539375e-21, 1.98221333193e-21, 2.10610644883e-21], "var": [3.67570668347e-10, 1.88652229554e-05, 0.000588165363297, 1.90549235413e-05, 0.000244574825047, 5.55030419491e-06, 1.29246300276e-05, 4.66156734547e-07, 1.32097443384e-06, 5.14989415024e-06, 4.27788478419e-07, 8.29612147868e-08, 1.68163489889e-06, 3.84517662155e-08, 1.05274775564e-08, 3.61414698169e-09, 3.73257647013e-09, 1.88704643023e-08, 1.18547296424e-08, 1.17035781066e-09, 4.76468420274e-10, 2.48809972625e-09, 7.1483230446e-10, 4.33849373094e-10, 2.4329180337e-10, 2.44122694282e-10, 2.92081354762e-12]}, "erbbands": {"dmean": [0.00831474363804, 0.465580880642, 5.02152061462, 5.6435842514, 15.3620386124, 29.9987621307, 10.5605611801, 6.7097325325, 18.9754486084, 6.98186254501, 5.25082874298, 10.7473211288, 18.9451465607, 6.05308914185, 4.07726812363, 3.65143156052, 7.16375255585, 1.91282737255, 0.734219074249, 1.32909226418, 0.95416021347, 0.752200067043, 1.05710041523, 0.630006670952, 1.23064506054, 0.421275228262, 0.194368466735, 0.256363540888, 0.243259176612, 0.188318967819, 0.17029710114, 0.129002660513, 0.0576136521995, 0.0431268289685, 0.0265621878207, 0.0168498381972, 0.005568518769, 0.000843133602757, 6.65244006086e-05, 1.59172705025e-05], "dmean2": [0.0122908912599, 0.64896851778, 5.81942510605, 8.5436668396, 24.5353507996, 49.80235672, 16.9708824158, 9.59236812592, 28.4403610229, 10.7073421478, 8.12431144714, 14.5390787125, 27.8111515045, 9.49136066437, 6.2452044487, 5.43197727203, 10.22706604, 2.9909632206, 1.13297271729, 2.07393527031, 1.51416754723, 1.19357657433, 1.70708060265, 0.993294000626, 1.78922140598, 0.627985298634, 0.302732944489, 0.403878420591, 0.374527782202, 0.285602748394, 0.26368483901, 0.210990920663, 0.0940783247352, 0.0748138874769, 0.0474242046475, 0.0311097670346, 0.0104620214552, 0.00160390185192, 0.000123618578073, 2.37813437707e-05], "dvar": [0.000199978268938, 0.649813055992, 61.1737098694, 53.4161720276, 1537.19995117, 2551.79321289, 289.2315979, 203.230758667, 1995.96606445, 111.143783569, 53.9335365295, 256.274230957, 3685.25317383, 210.154098511, 163.525009155, 72.5639343262, 824.867492676, 112.265693665, 6.51626396179, 20.488035202, 9.72991657257, 9.91364383698, 65.422492981, 4.85243606567, 25.1703491211, 3.01786708832, 0.464357733727, 1.58597028255, 3.23282980919, 1.28018736839, 0.588379979134, 0.355015009642, 0.0861879438162, 0.0440015234053, 0.0194866675884, 0.00911678839475, 0.00149060075637, 4.37632843386e-05, 1.67832709508e-07, 8.90404916465e-10], "dvar2": [0.000497350411024, 1.35023319721, 103.95223999, 133.475036621, 3679.44726562, 6234.05273438, 718.613098145, 466.88369751, 5027.38427734, 262.512329102, 130.052230835, 416.272186279, 8304.46777344, 533.027954102, 414.611816406, 137.77520752, 1345.03088379, 284.856811523, 16.3928833008, 45.8508758545, 24.0394229889, 25.9110660553, 176.07711792, 11.7974061966, 55.1924438477, 7.0202498436, 1.14927792549, 4.07689905167, 8.15078926086, 3.12185621262, 1.34183299541, 0.882321238518, 0.207793518901, 0.118830367923, 0.0536157786846, 0.0257872026414, 0.004300436005, 0.000127902123495, 4.83709015953e-07, 2.11719020093e-09], "max": [0.270783931017, 16.7789134979, 191.192581177, 113.219818115, 550.472961426, 779.040771484, 440.779663086, 328.689453125, 1096.77624512, 221.973815918, 151.439880371, 385.26675415, 1485.02380371, 390.290557861, 530.992736816, 232.778320312, 1502.1854248, 276.11416626, 79.0230560303, 122.393257141, 73.8962020874, 108.292106628, 397.939178467, 43.9436454773, 104.617485046, 41.3848762512, 17.6326007843, 39.3649368286, 89.9006958008, 51.6743507385, 18.4123134613, 14.6335096359, 9.98645782471, 4.33729696274, 2.75190711021, 2.05457210541, 0.889786481857, 0.21415938437, 0.0109085878357, 0.000520015601069], "mean": [0.0296339653432, 1.65986382961, 21.2265033722, 17.8975009918, 27.0117988586, 46.990146637, 24.9133796692, 17.3703556061, 44.1182518005, 17.5159473419, 10.5761480331, 22.2449913025, 45.6803398132, 13.4932317734, 10.2195005417, 9.42117023468, 18.1780509949, 3.47089076042, 1.52710926533, 2.56486916542, 1.62250292301, 1.15359115601, 1.49590206146, 1.05307483673, 2.02144098282, 0.648440539837, 0.250635623932, 0.265359818935, 0.250807464123, 0.192203938961, 0.157247170806, 0.100547805429, 0.0444686114788, 0.0297243818641, 0.0175338536501, 0.0104350112379, 0.0033078819979, 0.000498600362334, 6.27386252745e-05, 5.65738628211e-05], "median": [0.0207963678986, 1.01813101768, 11.8193778992, 15.1751060486, 15.2051334381, 32.747718811, 17.5449733734, 11.9629230499, 26.1830654144, 12.1465101242, 6.80389308929, 12.2113008499, 11.1863822937, 8.12355232239, 5.34475469589, 4.47898006439, 3.83370447159, 1.22337496281, 0.664852976799, 0.726517915726, 0.565909743309, 0.481271922588, 0.51769131422, 0.276862859726, 0.224555134773, 0.0949116870761, 0.048904735595, 0.0295157302171, 0.0145553909242, 0.0102356225252, 0.00502267107368, 0.00256207515486, 0.00109181844164, 0.000635479111224, 0.000324330700096, 0.00017028527509, 7.57964662625e-05, 2.34080325754e-05, 2.53969010373e-05, 4.65199518658e-05], "min": [6.47422411075e-22, 9.80458553308e-21, 2.74065939572e-20, 4.68109328085e-20, 3.2265187919e-20, 7.24828643977e-20, 1.41571121733e-19, 3.29354006706e-19, 4.33167319081e-19, 1.49606377468e-18, 1.61057824509e-18, 1.31051113666e-18, 2.2609749545e-18, 4.4324928073e-18, 3.76749253437e-18, 8.4737018879e-18, 5.12646963068e-18, 3.98142377465e-18, 6.43252412499e-18, 8.35881808135e-18, 4.39109696713e-18, 1.64164315775e-17, 2.07735326622e-17, 1.08279480739e-17, 1.51479964303e-17, 2.04916046941e-17, 1.52081092998e-17, 1.1130974938e-17, 1.56768113415e-17, 1.7437862322e-17, 1.54893904127e-17, 1.61807380425e-17, 1.40264305095e-17, 1.05933273921e-17, 1.12496480589e-17, 7.43060976468e-18, 3.51274489394e-18, 1.246532025e-18, 2.63345433264e-19, 3.21586367163e-20], "var": [0.000767581572291, 3.47744703293, 648.10559082, 173.437408447, 1872.54064941, 3029.859375, 631.734619141, 376.242370605, 3497.80859375, 302.837890625, 126.008323669, 889.139709473, 8527.03417969, 329.298736572, 344.915802002, 249.340148926, 3852.31835938, 120.708641052, 8.77198410034, 47.9139862061, 16.7370281219, 8.74056339264, 48.3270874023, 6.69172382355, 43.1292724609, 4.12810754776, 0.547682285309, 1.41749310493, 3.24771904945, 1.32543635368, 0.649628818035, 0.307463377714, 0.0755531862378, 0.0297921840101, 0.0124006597325, 0.00537581695244, 0.000831754761748, 2.35490824707e-05, 9.42076567867e-08, 1.66326619144e-09]}, "gfcc": {"mean": [-92.8477554321, 200.630233765, -86.209564209, 6.81241178513, -40.4156761169, -11.7506465912, -19.6867752075, -9.66582298279, -23.6671447754, -19.4988555908, -9.83568763733, -9.71546459198, -12.5734119415], "cov": [[3840.65307617, -1121.90844727, -546.104858398, 424.636688232, -416.771270752, 342.105712891, -242.163604736, 19.7042655945, -152.522491455, 137.693496704, -25.0451469421, 67.2512054443, 30.3657474518], [-1121.90844727, 991.269775391, 88.013885498, -318.169830322, 308.333618164, -254.282363892, 221.55682373, -53.5952415466, 129.139907837, -107.647247314, 50.8236045837, -63.4677581787, 43.1328849792], [-546.104858398, 88.013885498, 482.920166016, -36.3601913452, 56.5101585388, 9.74069309235, -2.49839520454, 67.9172363281, 12.2928190231, -5.98705291748, -23.8951721191, -8.33834075928, -23.5844020844], [424.636688232, -318.169830322, -36.3601913452, 278.679229736, -73.9806289673, 72.7112045288, -12.0497846603, -7.80682420731, -21.8519954681, 32.3750419617, 15.8196258545, 2.35847353935, -13.3289585114], [-416.771270752, 308.333618164, 56.5101585388, -73.9806289673, 226.665725708, -52.2908363342, 76.5308151245, -18.3599433899, 34.8433532715, -21.3128700256, 11.6048307419, -19.6982307434, 9.33557319641], [342.105712891, -254.282363892, 9.74069309235, 72.7112045288, -52.2908363342, 172.818267822, -44.6395225525, 11.6005325317, -29.1619529724, 22.1037654877, -10.5774297714, 9.27422904968, -12.652299881], [-242.163604736, 221.55682373, -2.49839520454, -12.0497846603, 76.5308151245, -44.6395225525, 176.494445801, 10.9155445099, 16.7407932281, -25.5489673615, 29.3446235657, -28.5797367096, -4.80485343933], [19.7042655945, -53.5952415466, 67.9172363281, -7.80682420731, -18.3599433899, 11.6005325317, 10.9155445099, 96.3627319336, 0.266276240349, 1.26776254177, -12.5558538437, 0.156214505434, -6.01404523849], [-152.522491455, 129.139907837, 12.2928190231, -21.8519954681, 34.8433532715, -29.1619529724, 16.7407932281, 0.266276240349, 83.0886154175, -4.76284074783, -0.23129786551, -14.0727834702, 2.13815522194], [137.693496704, -107.647247314, -5.98705291748, 32.3750419617, -21.3128700256, 22.1037654877, -25.5489673615, 1.26776254177, -4.76284074783, 75.4470062256, 18.3945140839, -1.03430259228, -20.9849319458], [-25.0451469421, 50.8236045837, -23.8951721191, 15.8196258545, 11.6048307419, -10.5774297714, 29.3446235657, -12.5558538437, -0.23129786551, 18.3945140839, 73.7430648804, 2.71197080612, -20.771150589], [67.2512054443, -63.4677581787, -8.33834075928, 2.35847353935, -19.6982307434, 9.27422904968, -28.5797367096, 0.156214505434, -14.0727834702, -1.03430259228, 2.71197080612, 59.8674850464, 11.1617689133], [30.3657474518, 43.1328849792, -23.5844020844, -13.3289585114, 9.33557319641, -12.652299881, -4.80485343933, -6.01404523849, 2.13815522194, -20.9849319458, -20.771150589, 11.1617689133, 65.5705871582]], "icov": [[0.000551167468075, -0.000387221341953, 0.000673629168887, -0.000736151647288, 0.000507858290803, -0.000829982338473, 0.000536618870683, -0.000678928568959, 0.000643592095003, -0.000746220874134, 0.000424822355853, -0.000186176999705, -0.000256823666859], [-0.000387221341953, 0.0163574721664, -0.00354349450208, 0.0123012149706, -0.0075272526592, 0.00943441875279, -0.00939564593136, 0.00891969259828, -0.0119593515992, 0.010482782498, -0.0125559857115, 0.0077602355741, -0.00788657367229], [0.000673629168887, -0.00354349450208, 0.00397692015395, -0.00310858665034, 0.000953728565946, -0.00283480226062, 0.00292549887672, -0.00432673888281, 0.00288966484368, -0.00249297590926, 0.00355656933971, -0.00166146981064, 0.00246963580139], [-0.000736151647288, 0.0123012149706, -0.00310858665034, 0.0141734536737, -0.0045826821588, 0.00593935651705, -0.00810326263309, 0.00788215361536, -0.00911328848451, 0.00705744931474, -0.0102819437161, 0.00608611525968, -0.00579751748592], [0.000507858290803, -0.0075272526592, 0.000953728565946, -0.0045826821588, 0.010233014822, -0.0044422452338, 0.00197211094201, -0.00219210702926, 0.0042030652985, -0.00519393989816, 0.00526538770646, -0.002972450573, 0.00213178875856], [-0.000829982338473, 0.00943441875279, -0.00283480226062, 0.00593935651705, -0.0044422452338, 0.0136432591826, -0.00459270225838, 0.00489232828841, -0.00556206423789, 0.00569608341902, -0.00605987384915, 0.00412631127983, -0.00287446589209], [0.000536618870683, -0.00939564593136, 0.00292549887672, -0.00810326263309, 0.00197211094201, -0.00459270225838, 0.0145097160712, -0.00804151780903, 0.00727272126824, -0.002810546197, 0.00326640345156, -0.000862276821863, 0.00454064458609], [-0.000678928568959, 0.00891969259828, -0.00432673888281, 0.00788215361536, -0.00219210702926, 0.00489232828841, -0.00804151780903, 0.0182415135205, -0.00731748621911, 0.00489805312827, -0.00440337928012, 0.00311669474468, -0.00328634609468], [0.000643592095003, -0.0119593515992, 0.00288966484368, -0.00911328848451, 0.0042030652985, -0.00556206423789, 0.00727272126824, -0.00731748621911, 0.0227283332497, -0.008181553334, 0.00941278133541, -0.00307898945175, 0.00509221479297], [-0.000746220874134, 0.010482782498, -0.00249297590926, 0.00705744931474, -0.00519393989816, 0.00569608341902, -0.002810546197, 0.00489805312827, -0.008181553334, 0.0246185269207, -0.0129079278558, 0.00665482878685, -0.00100640871096], [0.000424822355853, -0.0125559857115, 0.00355656933971, -0.0102819437161, 0.00526538770646, -0.00605987384915, 0.00326640345156, -0.00440337928012, 0.00941278133541, -0.0129079278558, 0.0288569070399, -0.0101252393797, 0.0115951728076], [-0.000186176999705, 0.0077602355741, -0.00166146981064, 0.00608611525968, -0.002972450573, 0.00412631127983, -0.000862276821863, 0.00311669474468, -0.00307898945175, 0.00665482878685, -0.0101252393797, 0.0239718556404, -0.00799474492669], [-0.000256823666859, -0.00788657367229, 0.00246963580139, -0.00579751748592, 0.00213178875856, -0.00287446589209, 0.00454064458609, -0.00328634609468, 0.00509221479297, -0.00100640871096, 0.0115951728076, -0.00799474492669, 0.023986293003]]}, "melbands": {"dmean": [0.000191140308743, 0.00189339427743, 0.00108826637734, 0.00178877415601, 0.000583698565606, 0.000156733076437, 0.000272704579402, 7.23908087821e-05, 5.06354881509e-05, 6.23683663434e-05, 9.35382267926e-05, 2.4000839403e-05, 1.56531059474e-05, 9.88851479633e-06, 1.70116654772e-05, 9.07910089154e-06, 3.66027734344e-06, 1.14385511552e-06, 1.50075925376e-06, 1.46061256601e-06, 1.155616701e-06, 6.85028680891e-07, 1.29128852677e-06, 8.13358042251e-07, 4.28519655316e-07, 9.84456505648e-07, 5.36108814231e-07, 2.2620444895e-07, 1.32092665694e-07, 1.37498091135e-07, 1.38850765552e-07, 1.27687002305e-07, 1.39790714115e-07, 9.12289266353e-08, 1.0387930871e-07, 9.05969699261e-08, 6.99233950741e-08, 3.78910556265e-08, 3.71178039416e-08, 3.83392375625e-08], "dmean2": [0.000290586234769, 0.00226001953706, 0.00165243796073, 0.00291041308083, 0.000961026526056, 0.000223656577873, 0.000405743980082, 0.000113635229354, 7.35377398087e-05, 8.51320437505e-05, 0.000137372830068, 3.82996768167e-05, 2.39183536905e-05, 1.51640488184e-05, 2.47274256253e-05, 1.30776397782e-05, 5.79279230806e-06, 1.77773677024e-06, 2.38046504819e-06, 2.28490375775e-06, 1.84006171366e-06, 1.09759662337e-06, 2.08263350032e-06, 1.32892500915e-06, 6.89202067861e-07, 1.46343222696e-06, 7.62906552154e-07, 3.47160977299e-07, 2.09367414072e-07, 2.22333881084e-07, 2.20748901825e-07, 1.96668466401e-07, 2.17723354012e-07, 1.38187743914e-07, 1.58600613531e-07, 1.48989499849e-07, 1.15460963457e-07, 6.22676381568e-08, 6.23378184628e-08, 6.7635930634e-08], "dvar": [1.15584427363e-07, 8.8390061137e-06, 2.67820632871e-06, 1.54305034812e-05, 7.35693276965e-07, 1.21637683037e-07, 3.94737185161e-07, 1.07373230307e-08, 4.19146717334e-09, 8.54634407688e-09, 8.99685446143e-08, 3.40509487273e-09, 4.18062118257e-09, 3.04171132726e-10, 3.62184815472e-09, 1.2547813899e-09, 5.05681274632e-10, 2.27111489337e-11, 2.39452884604e-11, 1.81840306701e-11, 1.74737342651e-11, 8.09991483608e-12, 1.44406375746e-10, 1.07011500355e-11, 2.3013698152e-12, 1.73105401541e-11, 5.07163755437e-12, 9.27928198689e-13, 2.62329220846e-13, 3.24338049907e-13, 5.62393014103e-13, 6.73728434153e-13, 2.18598294847e-12, 2.01979343081e-13, 2.64434795675e-13, 1.6279634433e-13, 1.32296341308e-13, 4.17678112691e-14, 3.75751540342e-14, 4.34378214279e-14], "dvar2": [2.71980354682e-07, 1.55118978e-05, 6.573985047e-06, 3.63349317922e-05, 1.90188325178e-06, 2.81314953554e-07, 9.78075377134e-07, 2.60817412112e-08, 8.50244585848e-09, 1.50561660917e-08, 2.02857705744e-07, 8.57868975856e-09, 1.08046691594e-08, 5.99421290381e-10, 6.17895290489e-09, 2.082319428e-09, 1.26935750799e-09, 5.91930046645e-11, 5.64799838843e-11, 4.13948215983e-11, 4.37275528287e-11, 2.17062774005e-11, 3.93026167167e-10, 2.78052754432e-11, 5.55431915739e-12, 4.03832592366e-11, 1.06363147456e-11, 2.19367601341e-12, 6.34372112132e-13, 8.38662310172e-13, 1.44132579136e-12, 1.65837363373e-12, 5.6278389067e-12, 4.61008889483e-13, 5.85830917197e-13, 4.08233397173e-13, 3.27565258989e-13, 9.97931731282e-14, 9.5373856653e-14, 1.1969108159e-13], "max": [0.00702264532447, 0.0713449716568, 0.0273227673024, 0.0629165545106, 0.014157300815, 0.00821504648775, 0.0155665595084, 0.0015357171651, 0.00133138347883, 0.00206304667518, 0.00731925619766, 0.00139830133412, 0.00275175785646, 0.0005623731995, 0.0030545971822, 0.00181625213008, 0.000623357656877, 0.000175082270289, 0.00013850540563, 0.000109052052721, 9.35841162573e-05, 0.000100317811302, 0.000589257630054, 0.000114960937935, 3.76755488105e-05, 0.000134420231916, 5.58893189009e-05, 2.37388048845e-05, 1.63585445989e-05, 1.13210980999e-05, 2.42523074121e-05, 3.68129185517e-05, 7.96337990323e-05, 1.34902256832e-05, 1.61562675203e-05, 9.59839053394e-06, 1.05098697532e-05, 7.30842884877e-06, 4.21660388383e-06, 5.125944881e-06], "mean": [0.000610816059634, 0.00782995298505, 0.0035233781673, 0.00282973330468, 0.00121432787273, 0.000386911182432, 0.000647388806101, 0.000164160839631, 0.000101470417576, 0.000135206180857, 0.000222263683099, 4.92858889629e-05, 3.85141429433e-05, 2.05035084946e-05, 4.38261777163e-05, 2.21184382099e-05, 5.8200780586e-06, 2.31892886404e-06, 2.82266432805e-06, 2.59872081187e-06, 1.87363229998e-06, 1.01604166503e-06, 1.739839945e-06, 1.15821160307e-06, 6.83187408868e-07, 1.60162517204e-06, 8.69929237979e-07, 3.29802674059e-07, 1.72276145349e-07, 1.44634554999e-07, 1.40984880659e-07, 1.34573056698e-07, 1.37899831998e-07, 9.47067988477e-08, 9.88536896784e-08, 7.16167747328e-08, 5.34921547057e-08, 2.96030489011e-08, 2.71719606815e-08, 2.56258534392e-08], "median": [0.00046834841487, 0.00438064429909, 0.00302783655934, 0.00183699815534, 0.000872392847668, 0.000249235716183, 0.000383161765058, 0.00011436373461, 6.25811371719e-05, 7.65694567235e-05, 5.28192213096e-05, 2.75094807876e-05, 1.4530957742e-05, 1.22563787954e-05, 1.28657957248e-05, 4.331458058e-06, 1.70665748556e-06, 9.12534119379e-07, 9.60381953519e-07, 8.37340280668e-07, 5.46233707155e-07, 3.93428649659e-07, 4.88664170462e-07, 3.80608213391e-07, 1.76334609137e-07, 1.78363492864e-07, 1.05777097303e-07, 4.52060398004e-08, 2.89896959771e-08, 1.80715815645e-08, 1.38970168706e-08, 7.30855997944e-09, 6.89137369392e-09, 4.70248062712e-09, 2.7395665736e-09, 1.95564986427e-09, 1.23459231727e-09, 7.2385308858e-10, 5.63555646593e-10, 4.77744510619e-10], "min": [8.60128571551e-24, 1.37525040393e-23, 7.81033590661e-24, 2.86341204694e-24, 5.51017488474e-24, 6.79268640621e-24, 7.01762772676e-24, 1.88469993196e-23, 1.30471803485e-23, 8.01240420521e-24, 1.17104689552e-23, 1.83083272282e-23, 1.45704723342e-23, 1.63116145697e-23, 2.13255135091e-23, 6.79943353354e-24, 7.22991966268e-24, 1.08152167463e-23, 1.06037586363e-23, 8.15753725683e-24, 4.26304140828e-24, 1.548623256e-23, 2.34934689374e-23, 1.35955917166e-23, 7.86537788741e-24, 1.03390169165e-23, 1.32183189887e-23, 1.32584230994e-23, 8.44048509745e-24, 9.81270864208e-24, 5.45740048461e-24, 8.77324792652e-24, 1.05847628657e-23, 8.92785914191e-24, 8.80258408586e-24, 9.78409902363e-24, 9.66211509528e-24, 9.33124947669e-24, 9.9235428104e-24, 8.5255329805e-24], "var": [3.60070345096e-07, 8.63094246597e-05, 6.6712905209e-06, 1.66636509675e-05, 1.37455401727e-06, 2.23272749622e-07, 7.48666138861e-07, 2.74976326153e-08, 1.33750930331e-08, 2.89923232089e-08, 2.06236066447e-07, 5.63851010327e-09, 8.08223443727e-09, 9.44048506035e-10, 1.63257247721e-08, 5.66279112491e-09, 5.39440603298e-10, 2.83547959418e-11, 4.8003972325e-11, 3.90478899215e-11, 2.85491248697e-11, 7.28516465903e-12, 1.02684985515e-10, 1.03549304548e-11, 3.37121888565e-12, 2.6721548585e-11, 9.1340494196e-12, 1.21382255375e-12, 3.53425838942e-13, 3.00695991544e-13, 5.06729478256e-13, 7.40214042404e-13, 2.01497347453e-12, 2.36474332954e-13, 3.15470143498e-13, 1.40795551216e-13, 1.1341834183e-13, 3.71655695585e-14, 2.97105886443e-14, 2.77292362791e-14]}, "mfcc": {"mean": [-749.302612305, 234.152435303, 16.3486785889, 28.3848724365, 1.51880311966, -1.01170802116, 6.11112689972, 7.09269809723, -7.94742155075, -5.76326990128, -3.85800909996, -5.06151628494, -3.7472114563], "cov": [[3368.62597656, -1023.55462646, -391.855316162, 63.4117202759, -193.31211853, 203.093185425, -100.02191925, -31.2690505981, -154.004760742, 105.791419983, -94.8870239258, -104.841064453, 40.1591262817], [-1023.55462646, 1197.90820312, -139.608444214, -73.7382583618, 87.1749191284, -146.875976562, 75.1950378418, 13.9395284653, 97.8936843872, -47.6617050171, 56.0122947693, 8.82650089264, -30.6411590576], [-391.855316162, -139.608444214, 410.44909668, -1.67384183407, 46.6113777161, -12.5207033157, 8.28722476959, 31.0314426422, 24.7501296997, -3.94209980965, 13.2837018967, 52.3530921936, -17.288318634], [63.4117202759, -73.7382583618, -1.67384183407, 184.985046387, -24.5115451813, 19.4565563202, 30.1895942688, 3.7580602169, -0.912684977055, 17.1254882812, 17.4238300323, 1.90680575371, 16.9107265472], [-193.31211853, 87.1749191284, 46.6113777161, -24.5115451813, 147.892822266, 13.0043106079, -3.66492033005, -6.51381635666, 25.7705879211, -12.0999946594, -5.79271936417, 24.2776699066, -8.94235229492], [203.093185425, -146.875976562, -12.5207033157, 19.4565563202, 13.0043106079, 136.372406006, 8.06835269928, -6.10048294067, -17.5391807556, 9.90636253357, -6.11409902573, 3.92538714409, 6.86175727844], [-100.02191925, 75.1950378418, 8.28722476959, 30.1895942688, -3.66492033005, 8.06835269928, 123.08618927, 25.3933696747, -5.60108995438, 12.6373376846, 28.3000736237, -2.93016791344, 0.974666893482], [-31.2690505981, 13.9395284653, 31.0314426422, 3.7580602169, -6.51381635666, -6.10048294067, 25.3933696747, 85.7936096191, 21.3570194244, -4.34807777405, 6.55605459213, -0.843854904175, -1.27624177933], [-154.004760742, 97.8936843872, 24.7501296997, -0.912684977055, 25.7705879211, -17.5391807556, -5.60108995438, 21.3570194244, 98.1444091797, 2.90294361115, -18.2630138397, 0.00820261891931, -17.4072437286], [105.791419983, -47.6617050171, -3.94209980965, 17.1254882812, -12.0999946594, 9.90636253357, 12.6373376846, -4.34807777405, 2.90294361115, 98.3663101196, 17.1772174835, -23.9771442413, 8.32586479187], [-94.8870239258, 56.0122947693, 13.2837018967, 17.4238300323, -5.79271936417, -6.11409902573, 28.3000736237, 6.55605459213, -18.2630138397, 17.1772174835, 92.4653778076, 11.1678361893, 2.3181385994], [-104.841064453, 8.82650089264, 52.3530921936, 1.90680575371, 24.2776699066, 3.92538714409, -2.93016791344, -0.843854904175, 0.00820261891931, -23.9771442413, 11.1678361893, 89.5184173584, 10.5798387527], [40.1591262817, -30.6411590576, -17.288318634, 16.9107265472, -8.94235229492, 6.86175727844, 0.974666893482, -1.27624177933, -17.4072437286, 8.32586479187, 2.3181385994, 10.5798387527, 85.1239700317]], "icov": [[0.000586044625379, 0.000459826813312, 0.000667664513458, 1.44697887663e-05, 0.000221554029849, -0.000281936256215, 0.000223416485824, -0.000307932758005, 0.000366141990526, -0.000443782017101, 0.000320043269312, 2.84076286334e-05, 0.000166623663972], [0.000459826813312, 0.001854802249, 0.00133691856172, 0.000558464089409, -0.000694508489687, 0.00124041258823, -0.00100342836231, 0.000107763749838, -0.00129183707759, 0.000440115283709, -0.000937735370826, -0.000122864890727, 0.000185044307727], [0.000667664513458, 0.00133691856172, 0.00406108051538, 0.000239815679379, -0.000904420099687, 0.000792205100879, -0.000363433588063, -0.00121961347759, -0.000570530770347, -0.000573428231291, -0.000376975192921, -0.00176034495234, 0.000938875542488], [1.44697887663e-05, 0.000558464089409, 0.000239815679379, 0.00627483054996, 0.000855809426866, -0.000415842514485, -0.00170787516981, 0.000520366011187, -0.00145409908146, -0.000178870774107, -0.00121378188487, -0.000348391680745, -0.00105637602974], [0.000221554029849, -0.000694508489687, -0.000904420099687, 0.000855809426866, 0.00869336165488, -0.00221198610961, 0.000341208069585, 0.00119019066915, -0.0014681010507, 7.61344126659e-05, 0.000696443079505, -0.00149631057866, 0.000256616302067], [-0.000281936256215, 0.00124041258823, 0.000792205100879, -0.000415842514485, -0.00221198610961, 0.00963211432099, -0.00172134395689, 0.000354374526069, 0.000278649036773, -0.000240436464082, 0.000127519873786, -0.000865572714247, 2.38342854573e-05], [0.000223416485824, -0.00100342836231, -0.000363433588063, -0.00170787516981, 0.000341208069585, -0.00172134395689, 0.0107397139072, -0.00334412255324, 0.00223485985771, -0.00146875507198, -0.00130309921224, 0.000639241945464, 0.000357079494279], [-0.000307932758005, 0.000107763749838, -0.00121961347759, 0.000520366011187, 0.00119019066915, 0.000354374526069, -0.00334412255324, 0.0143559612334, -0.00436650356278, 0.0021182091441, -0.00153978646267, 0.000894889235497, -0.000986408675089], [0.000366141990526, -0.00129183707759, -0.000570530770347, -0.00145409908146, -0.0014681010507, 0.000278649036773, 0.00223485985771, -0.00436650356278, 0.0150944227353, -0.00302743026987, 0.00458783330396, -0.000349468638888, 0.00256881956011], [-0.000443782017101, 0.000440115283709, -0.000573428231291, -0.000178870774107, 7.61344126659e-05, -0.000240436464082, -0.00146875507198, 0.0021182091441, -0.00302743026987, 0.01304785721, -0.00376605778001, 0.00392945762724, -0.00191828922834], [0.000320043269312, -0.000937735370826, -0.000376975192921, -0.00121378188487, 0.000696443079505, 0.000127519873786, -0.00130309921224, -0.00153978646267, 0.00458783330396, -0.00376605778001, 0.0144333522767, -0.00246007810347, 0.000949984241743], [2.84076286334e-05, -0.000122864890727, -0.00176034495234, -0.000348391680745, -0.00149631057866, -0.000865572714247, 0.000639241945464, 0.000894889235497, -0.000349468638888, 0.00392945762724, -0.00246007810347, 0.0143936164677, -0.0026050042361], [0.000166623663972, 0.000185044307727, 0.000938875542488, -0.00105637602974, 0.000256616302067, 2.38342854573e-05, 0.000357079494279, -0.000986408675089, 0.00256881956011, -0.00191828922834, 0.000949984241743, -0.0026050042361, 0.0131531022489]]}, "spectral_contrast_coeffs": {"dmean": [0.0454358719289, 0.0364885851741, 0.0323368534446, 0.0295086726546, 0.0210278630257, 0.0180507414043], "dmean2": [0.0757398083806, 0.0586969666183, 0.0513423718512, 0.047363486141, 0.0331211350858, 0.0266996510327], "dvar": [0.00147623114754, 0.000942999729887, 0.000775402295403, 0.000658580975141, 0.000426430604421, 0.000283099565422], "dvar2": [0.00386714399792, 0.00233497843146, 0.00184612104204, 0.00157167040743, 0.00088296510512, 0.000573164550588], "max": [-0.284972041845, -0.458720982075, -0.490437597036, -0.471067965031, -0.592354476452, -0.594497919083], "mean": [-0.5205078125, -0.665385663509, -0.705465316772, -0.735303580761, -0.781142234802, -0.784341394901], "median": [-0.52283000946, -0.666310369968, -0.709354043007, -0.739600777626, -0.789662003517, -0.79160118103], "min": [-0.954656660557, -0.958546757698, -0.95757496357, -0.952855110168, -0.952976882458, -0.960234582424], "var": [0.00389040797018, 0.00356305018067, 0.00354657066055, 0.00325663480908, 0.00212716730312, 0.00150389585178]}, "spectral_contrast_valleys": {"dmean": [0.406542629004, 0.30307418108, 0.27101162076, 0.336625128984, 0.288112521172, 0.455695033073], "dmean2": [0.673185825348, 0.489747673273, 0.441705286503, 0.531696915627, 0.448095321655, 0.690810859203], "dvar