{"lowlevel": {"average_loudness": 0.858058989048, "barkbands_crest": {"dmean": 3.37146019936, "dmean2": 5.17468261719, "dvar": 10.6499576569, "dvar2": 21.7378959656, "max": 26.6356582642, "mean": 12.830532074, "median": 11.9495372772, "min": 2.14147186279, "var": 34.5870285034}, "barkbands_flatness_db": {"dmean": 0.0412479490042, "dmean2": 0.054260417819, "dvar": 0.00156682310626, "dvar2": 0.0027783436235, "max": 0.551111459732, "mean": 0.176520034671, "median": 0.162925869226, "min": 0.0136159118265, "var": 0.00840307120234}, "barkbands_kurtosis": {"dmean": 9.70442581177, "dmean2": 14.5901937485, "dvar": 522.53729248, "dvar2": 1225.01831055, "max": 664.982055664, "mean": 18.5192985535, "median": 1.92909741402, "min": -1.83411049843, "var": 3535.26049805}, "barkbands_skewness": {"dmean": 1.03964674473, "dmean2": 1.4581515789, "dvar": 1.39767837524, "dvar2": 2.56156420708, "max": 18.6003189087, "mean": 1.60820245743, "median": 1.32902216911, "min": -23.3782730103, "var": 12.9132385254}, "barkbands_spread": {"dmean": 9.24795913696, "dmean2": 13.586388588, "dvar": 125.363571167, "dvar2": 254.046768188, "max": 111.487335205, "mean": 21.222612381, "median": 16.8550415039, "min": 0.143753454089, "var": 312.56552124}, "dissonance": {"dmean": 0.0188685003668, "dmean2": 0.0305124800652, "dvar": 0.000403483281843, "dvar2": 0.00101660750806, "max": 0.500000238419, "mean": 0.463867992163, "median": 0.472814202309, "min": 0.1880710572, "var": 0.000959435710683}, "dynamic_complexity": 5.3532781601, "erbbands_crest": {"dmean": 2.99490046501, "dmean2": 4.91131687164, "dvar": 9.16778850555, "dvar2": 22.6545276642, "max": 31.5580444336, "mean": 9.13303756714, "median": 8.02209663391, "min": 2.31965017319, "var": 20.4644317627}, "erbbands_flatness_db": {"dmean": 0.0273374896497, "dmean2": 0.0375361479819, "dvar": 0.000832143181469, "dvar2": 0.0015366388252, "max": 0.489200294018, "mean": 0.17348729074, "median": 0.162231057882, "min": 0.0347594171762, "var": 0.00602168496698}, "erbbands_kurtosis": {"dmean": 1.04969334602, "dmean2": 1.7169508934, "dvar": 2.7308716774, "dvar2": 6.87568807602, "max": 35.1562385559, "mean": 0.178344905376, "median": -0.285729408264, "min": -1.82915389538, "var": 3.59738540649}, "erbbands_skewness": {"dmean": 0.443496912718, "dmean2": 0.667923688889, "dvar": 0.189077526331, "dvar2": 0.421705752611, "max": 4.99133682251, "mean": -0.0209431555122, "median": -0.0893411412835, "min": -3.61966824532, "var": 0.553328514099}, "erbbands_spread": {"dmean": 10.2377462387, "dmean2": 15.307097435, "dvar": 127.919502258, "dvar2": 271.800079346, "max": 148.432739258, "mean": 38.1045608521, "median": 34.0569267273, "min": 2.17702484131, "var": 424.822479248}, "hfc": {"dmean": 18.0565757751, "dmean2": 25.7897281647, "dvar": 1442.86828613, "dvar2": 3238.25415039, "max": 582.052856445, "mean": 26.476316452, "median": 10.8449459076, "min": 1.08186151605e-16, "var": 1978.31604004}, "melbands_crest": {"dmean": 3.6829419136, "dmean2": 5.65366983414, "dvar": 12.8459043503, "dvar2": 27.251865387, "max": 35.3950614929, "mean": 16.3018779755, "median": 15.9216823578, "min": 1.61494445801, "var": 45.6584434509}, "melbands_flatness_db": {"dmean": 0.0517526865005, "dmean2": 0.0669383779168, "dvar": 0.00250721746124, "dvar2": 0.00435750931501, "max": 0.697832465172, "mean": 0.244739800692, "median": 0.234665721655, "min": 0.00274240714498, "var": 0.0138398427516}, "melbands_kurtosis": {"dmean": 17.2288551331, "dmean2": 24.9949398041, "dvar": 1079.7076416, "dvar2": 2101.32055664, "max": 626.240905762, "mean": 27.1932640076, "median": 7.50390338898, "min": -1.75527858734, "var": 2313.81030273}, "melbands_skewness": {"dmean": 1.26602494717, "dmean2": 1.78515779972, "dvar": 2.19853234291, "dvar2": 3.83443713188, "max": 20.4283809662, "mean": 3.36428165436, "median": 2.4965057373, "min": -1.86354577541, "var": 8.42069149017}, "melbands_spread": {"dmean": 11.1775426865, "dmean2": 17.0043087006, "dvar": 236.892059326, "dvar2": 513.35534668, "max": 206.524108887, "mean": 24.7018241882, "median": 16.0987682343, "min": 0.284373819828, "var": 738.811523438}, "pitch_salience": {"dmean": 0.0921470299363, "dmean2": 0.142429411411, "dvar": 0.00841500796378, "dvar2": 0.0179735645652, "max": 0.974940896034, "mean": 0.481237262487, "median": 0.49293845892, "min": 0.0414030887187, "var": 0.0231769029051}, "silence_rate_20dB": {"dmean": 0, "dmean2": 0, "dvar": 0, "dvar2": 0, "max": 1, "mean": 1, "median": 1, "min": 1, "var": 0}, "silence_rate_30dB": {"dmean": 0.0916254073381, "dmean2": 0.183258697391, "dvar": 0.0832523629069, "dvar2": 0.160551071167, "max": 1, "mean": 0.852622032166, "median": 1, "min": 0, "var": 0.125666424632}, "silence_rate_60dB": {"dmean": 0.0524434894323, "dmean2": 0.104891493917, "dvar": 0.0497012585402, "dvar2": 0.115326359868, "max": 1, "mean": 0.158529236913, "median": 0, "min": 0, "var": 0.133408412337}, "spectral_centroid": {"dmean": 365.09463501, "dmean2": 528.327209473, "dvar": 161757.75, "dvar2": 304385.09375, "max": 11668.2822266, "mean": 1393.29272461, "median": 1196.3359375, "min": 108.00793457, "var": 911565.4375}, "spectral_complexity": {"dmean": 4.93476867676, "dmean2": 6.89269733429, "dvar": 37.0161628723, "dvar2": 67.6209487915, "max": 69, "mean": 16.8405227661, "median": 14, "min": 0, "var": 156.980804443}, "spectral_decrease": {"dmean": 5.50119727549e-09, "dmean2": 7.63661667236e-09, "dvar": 7.93702760278e-17, "dvar2": 1.36822012828e-16, "max": 8.86327229194e-16, "mean": -1.17415694945e-08, "median": -5.050623475e-09, "min": -8.91101663569e-08, "var": 2.05627902032e-16}, "spectral_energy": {"dmean": 0.0216794926673, "dmean2": 0.0301073566079, "dvar": 0.00116149580572, "dvar2": 0.00199916376732, "max": 0.339249432087, "mean": 0.0467168018222, "median": 0.021410567686, "min": 1.01755849235e-20, "var": 0.00305954297073}, "spectral_energyband_high": {"dmean": 0.00132295768708, "dmean2": 0.00189644901548, "dvar": 1.18539319374e-05, "dvar2": 2.60174765572e-05, "max": 0.0600699968636, "mean": 0.0016079879133, "median": 9.07071225811e-05, "min": 7.28743211602e-21, "var": 1.62260257639e-05}, "spectral_energyband_low": {"dmean": 0.0185232441872, "dmean2": 0.0262858662754, "dvar": 0.00116718234494, "dvar2": 0.00205802288838, "max": 0.335052758455, "mean": 0.034271415323, "median": 0.00478702923283, "min": 2.23328415534e-23, "var": 0.00272521516308}, "spectral_energyband_middle_high": {"dmean": 0.00294000073336, "dmean2": 0.00455511035398, "dvar": 2.83937770291e-05, "dvar2": 6.98302537785e-05, "max": 0.0638042911887, "mean": 0.0046222214587, "median": 0.00235537486151, "min": 1.14246436024e-21, "var": 3.704323899e-05}, "spectral_energyband_middle_low": {"dmean": 0.00343342823908, "dmean2": 0.0055123413913, "dvar": 4.24327590736e-05, "dvar2": 0.00011213329708, "max": 0.1233420223, "mean": 0.00689052138478, "median": 0.00452958792448, "min": 1.63754170086e-22, "var": 6.1122882471e-05}, "spectral_entropy": {"dmean": 0.268012404442, "dmean2": 0.368607908487, "dvar": 0.0862099602818, "dvar2": 0.162453353405, "max": 9.82011032104, "mean": 7.41592597961, "median": 7.42705106735, "min": 4.71228599548, "var": 0.489773839712}, "spectral_flux": {"dmean": 0.0505069456995, "dmean2": 0.0813010856509, "dvar": 0.00364407058805, "dvar2": 0.00859750062227, "max": 0.495112687349, "mean": 0.100749641657, "median": 0.0746227502823, "min": 6.22877721623e-11, "var": 0.0071197762154}, "spectral_kurtosis": {"dmean": 4.52776765823, "dmean2": 7.18931245804, "dvar": 57.07629776, "dvar2": 137.948699951, "max": 147.693557739, "mean": 8.8954706192, "median": 5.6935210228, "min": -1.27009129524, "var": 112.262779236}, "spectral_rms": {"dmean": 0.00147451693192, "dmean2": 0.00196712347679, "dvar": 3.58738611794e-06, "dvar2": 5.35156186743e-06, "max": 0.0181927196681, "mean": 0.00554326130077, "median": 0.00457037845626, "min": 3.1507775989e-12, "var": 1.48491835716e-05}, "spectral_rolloff": {"dmean": 798.97265625, "dmean2": 1270.30700684, "dvar": 2285278.25, "dvar2": 4512550.5, "max": 19875.1464844, "mean": 1910.33703613, "median": 990.52734375, "min": 21.533203125, "var": 10943812}, "spectral_skewness": {"dmean": 0.435169577599, "dmean2": 0.658358871937, "dvar": 0.2963578403, "dvar2": 0.678836762905, "max": 9.36734962463, "mean": 1.93043422699, "median": 1.75511479378, "min": -0.0731219798326, "var": 0.749402761459}, "spectral_spread": {"dmean": 798264.1875, "dmean2": 1067207.125, "dvar": 930284896256, "dvar2": 1491219644420.0, "max": 42985560, "mean": 4582016.5, "median": 3843505.5, "min": 570762.5, "var": 12301802405900.0}, "spectral_strongpeak": {"dmean": 0.455959647894, "dmean2": 0.771587312222, "dvar": 1.32654333115, "dvar2": 3.42365121841, "max": 33.8565483093, "mean": 0.689820408821, "median": 0.487227529287, "min": 0, "var": 1.22260725498}, "zerocrossingrate": {"dmean": 0.0166157111526, "dmean2": 0.0181350950152, "dvar": 0.00044002692448, "dvar2": 0.000525407551322, "max": 0.8154296875, "mean": 0.0708634704351, "median": 0.0439453125, "min": 0.001953125, "var": 0.0135319167748}, "barkbands": {"dmean": [0.00133663718589, 0.0158232264221, 0.00494344346225, 0.00143752561416, 0.00140911631752, 0.000552871788386, 0.000514786108397, 0.00034062875784, 0.000197526547709, 0.000325865927152, 0.000344000291079, 0.000205601696507, 0.000283633969957, 0.000331995019224, 0.000565827882383, 0.000974903581664, 0.000393858703319, 0.000260827247985, 0.000242478578002, 0.000178744274308, 0.000187462646863, 0.00021520529117, 0.000237741362071, 0.000195509797777, 0.000212954633753, 0.000172769112396, 8.48292838782e-05], "dmean2": [0.00217105681077, 0.0225025359541, 0.00853033736348, 0.00247777951881, 0.00235023768619, 0.000838757492602, 0.000769074016716, 0.000505301868543, 0.00029766294756, 0.000503709481563, 0.000538332562428, 0.000331945630023, 0.000461080519017, 0.000533844809979, 0.000952886883169, 0.00174545543268, 0.000635714503005, 0.0004201582924, 0.000369331159163, 0.000280415668385, 0.000281805172563, 0.000312332500471, 0.00036438004463, 0.000295534351608, 0.000312207004754, 0.000255098508205, 0.000129390289658], "dvar": [6.82802465235e-06, 0.000981106655672, 0.000158252762049, 1.55125435413e-05, 1.08872609417e-05, 1.50734933868e-06, 1.22036271932e-06, 5.8246808976e-07, 2.91747170422e-07, 4.93724655826e-07, 7.17992634236e-07, 2.26619434329e-07, 5.30019292455e-07, 7.87487465459e-07, 3.66480480807e-06, 1.15356133392e-05, 9.05545164187e-07, 3.05596302042e-07, 2.64978723408e-07, 1.82018965234e-07, 1.81203347438e-07, 2.87443498337e-07, 3.56216673936e-07, 3.0648894267e-07, 4.15785450514e-07, 4.24800987275e-07, 1.02775949529e-07], "dvar2": [1.82601979759e-05, 0.00174706615508, 0.000427637482062, 4.16712500737e-05, 2.89522631647e-05, 3.39002895089e-06, 2.70844839179e-06, 1.18443915653e-06, 5.5909532648e-07, 1.04736000139e-06, 1.76034563992e-06, 5.42195095932e-07, 1.27354098822e-06, 1.91166623154e-06, 1.01257819551e-05, 3.30888324243e-05, 2.27150849241e-06, 7.53830306621e-07, 5.53320717245e-07, 4.17192183022e-07, 3.96803983449e-07, 5.93417041728e-07, 8.24012431622e-07, 7.24089034065e-07, 9.28009683321e-07, 9.45948386288e-07, 2.49664935836e-07], "max": [0.053246345371, 0.307224661112, 0.150639250875, 0.0705111026764, 0.0541067495942, 0.0427085421979, 0.0329034402966, 0.0231424774975, 0.0259426850826, 0.019357919693, 0.022874481976, 0.014281379059, 0.0215711779892, 0.0347706079483, 0.0453290529549, 0.0474305190146, 0.0338852964342, 0.0139204273, 0.0090667931363, 0.009198253043, 0.00699024554342, 0.00785887986422, 0.00754586281255, 0.0105052003637, 0.0131393261254, 0.0107523277402, 0.00598298339173], "mean": [0.00156941742171, 0.0253024101257, 0.00684956088662, 0.0018315485213, 0.00204489543103, 0.000975971692242, 0.000949620793108, 0.000532559584826, 0.000305115041556, 0.000507663062308, 0.000513716891874, 0.000280545093119, 0.000339664227795, 0.000427184131695, 0.000592488679104, 0.000890653289389, 0.000453248736449, 0.000315040699206, 0.000313553900924, 0.000231653961237, 0.000276933773421, 0.000265827315161, 0.000251480261795, 0.000221604306716, 0.000226767835557, 0.00017019516963, 7.72563798819e-05], "median": [0.000568213989027, 0.00270316330716, 0.000349300011294, 0.000241581597948, 0.000646754866466, 0.000373932271032, 0.000395032519009, 0.000203056217288, 0.00011404453835, 0.000193743762793, 0.000187592668226, 9.90468688542e-05, 0.00010406444926, 0.000127691047965, 0.000166637284565, 0.00023788708495, 0.000121173841762, 5.65928312426e-05, 5.02661714563e-05, 2.69480151474e-05, 2.17920205614e-05, 1.31742690428e-05, 8.98588223208e-06, 6.89291391609e-06, 6.01700867264e-06, 2.47790489993e-06, 5.16223394698e-07], "min": [1.48408816251e-24, 2.85584253212e-24, 2.1630084816e-24, 1.65259802238e-24, 1.0081799352e-23, 1.19770518763e-23, 8.26346865462e-24, 4.9618853956e-24, 1.58006062525e-23, 6.52456283972e-24, 1.79742541012e-23, 3.0980836512e-23, 3.24297625802e-23, 3.14839846191e-23, 4.14804300101e-23, 5.51112743428e-23, 6.7363622109e-23, 1.08999019111e-22, 1.52918666993e-22, 2.05768548489e-22, 2.25429814768e-22, 3.1379629681e-22, 3.95553285669e-22, 6.48128776062e-22, 9.88195781846e-22, 1.3277185872e-21, 1.99789926936e-21], "var": [7.41014810046e-06, 0.00193703023251, 0.000199099536985, 1.82363964996e-05, 1.51105214172e-05, 3.21354491462e-06, 2.88914111479e-06, 1.21846335333e-06, 5.48937123312e-07, 1.04069397366e-06, 1.16806916139e-06, 2.99953200056e-07, 5.85197710734e-07, 8.99524138731e-07, 2.68840744866e-06, 7.18886349205e-06, 8.70437418143e-07, 3.88504389548e-07, 4.89575882057e-07, 3.02862503077e-07, 3.48536559613e-07, 4.5191825393e-07, 4.16949461624e-07, 3.95279158738e-07, 4.88109037633e-07, 4.44478018835e-07, 9.47932790041e-08]}, "erbbands": {"dmean": [0.528543770313, 3.48761439323, 6.0062289238, 4.90760707855, 4.41428470612, 5.00753116608, 4.07577896118, 4.60683441162, 7.91413736343, 7.99784421921, 5.32632827759, 5.11894464493, 8.34255886078, 8.49260044098, 14.8010482788, 9.86890029907, 12.4664812088, 18.3494434357, 25.2949523926, 34.2439651489, 47.5888214111, 19.3156204224, 13.4203796387, 14.9064769745, 9.85203456879, 8.94652080536, 8.47152423859, 6.75068712234, 8.40078258514, 6.40834236145, 6.83592891693, 4.20997667313, 3.76829528809, 2.54216909409, 1.28411269188, 0.615185499191, 0.394252121449, 0.0903210639954, 0.0145868621767, 0.000827194948215], "dmean2": [0.738164663315, 5.23799037933, 10.2209243774, 8.34554767609, 7.54070949554, 8.3727350235, 6.51328849792, 7.0088057518, 11.5046787262, 12.2561397552, 7.86535167694, 7.61252117157, 12.5775880814, 13.5746049881, 23.2060699463, 15.6776018143, 20.0738601685, 29.3810520172, 42.6640625, 58.4241142273, 84.0154190063, 31.0429153442, 21.2464504242, 23.3809318542, 15.196056366, 14.0518484116, 12.9673395157, 9.81904315948, 12.1814126968, 9.59304046631, 10.6983509064, 6.26888465881, 5.87687492371, 3.69255948067, 1.93051826954, 0.910395443439, 0.58462536335, 0.138439401984, 0.0220292285085, 0.00125170859974], "dvar": [1.26158130169, 48.7604522705, 207.995132446, 169.033081055, 117.041023254, 161.573104858, 83.985534668, 105.519172668, 290.625671387, 315.351989746, 131.690917969, 199.122238159, 509.181304932, 316.17880249, 1550.59033203, 495.556945801, 969.639709473, 2143.00830078, 8600.79101562, 7390.30957031, 23507.2695312, 2089.66210938, 715.164001465, 987.425720215, 384.565002441, 441.122589111, 331.886169434, 282.366271973, 452.352294922, 276.420623779, 295.893188477, 130.211746216, 130.735870361, 61.8116188049, 15.1623773575, 3.96250844002, 2.78374576569, 0.124026663601, 0.00300537631847, 8.64565026859e-06], "dvar2": [2.1591258049, 99.5958404541, 560.34979248, 449.976135254, 317.015594482, 421.832794189, 201.471801758, 241.06288147, 613.756958008, 698.25213623, 269.244293213, 378.668792725, 1011.24432373, 779.223571777, 3888.40991211, 1161.5637207, 2326.59375, 5173.74755859, 23810.8320312, 19721.5683594, 67038.25, 5206.90527344, 1707.45922852, 2205.2265625, 842.077575684, 989.530456543, 715.31628418, 619.763122559, 950.643188477, 597.943115234, 697.583129883, 294.314086914, 316.848205566, 128.950012207, 34.8848152161, 9.21137237549, 6.08002758026, 0.300697535276, 0.00714026065543, 2.05938031286e-05], "max": [12.81711483, 66.5023498535, 198.155334473, 207.079788208, 253.244354248, 237.015396118, 222.512924194, 367.311065674, 481.818847656, 485.916381836, 540.208557129, 697.971252441, 763.969604492, 413.464111328, 1152.67285156, 702.911865234, 933.682556152, 1387.35021973, 2315.97753906, 1912.53100586, 2066.28393555, 1681.56884766, 741.740356445, 475.923034668, 344.172729492, 540.585693359, 335.753112793, 332.418914795, 313.558319092, 207.96635437, 220.894577026, 242.280807495, 180.516143799, 120.56464386, 152.320831299, 31.6939487457, 28.1448955536, 6.47549057007, 1.34089362621, 0.0508872233331], "mean": [0.798062562943, 5.38496255875, 8.92121124268, 6.92762374878, 5.89261102676, 6.92990207672, 6.28805351257, 8.1474237442, 15.2659339905, 13.245800972, 8.94043254852, 8.39966964722, 13.4534664154, 13.5296487808, 22.6938343048, 14.2873029709, 15.8767805099, 23.8931236267, 27.4613704681, 34.896900177, 46.2127418518, 23.394235611, 16.896686554, 19.472026825, 13.0438318253, 11.6096143723, 12.490319252, 9.39157581329, 10.3697195053, 7.59084892273, 7.08198785782, 4.86146116257, 3.95808339119, 2.78630065918, 1.35321354866, 0.63927936554, 0.377580881119, 0.0824067592621, 0.0134740984067, 0.000782802933827], "median": [0.0666745230556, 0.618736386299, 0.678140878677, 0.96123021841, 1.77879679203, 2.09638929367, 2.07191348076, 3.36173868179, 5.97103023529, 5.68793344498, 4.2059264183, 3.52727270126, 4.6168422699, 6.28807115555, 9.18561553955, 5.89568328857, 5.59809446335, 7.91986656189, 8.10834693909, 11.3181209564, 13.8646945953, 6.54693508148, 3.85831737518, 3.23213386536, 2.09908390045, 1.46062612534, 1.11835217476, 0.634905099869, 0.53179526329, 0.312847197056, 0.252845466137, 0.161528974771, 0.105304129422, 0.0676214843988, 0.0368704721332, 0.0137544525787, 0.00405719550326, 0.000812702637631, 0.000118780066259, 6.40970974928e-05], "min": [1.12210011161e-22, 1.10324638646e-21, 4.16602931995e-21, 6.89764829396e-21, 1.49764329545e-20, 2.21248680314e-20, 5.53465901624e-20, 6.73971188848e-20, 9.50318983688e-20, 2.45709477315e-19, 3.62652394909e-19, 4.80991102238e-19, 2.90543054256e-19, 6.555256428e-19, 1.24553940827e-18, 1.89662112662e-18, 1.82291333698e-18, 1.70297711125e-18, 1.93808231406e-18, 3.23089736908e-18, 4.3033562652e-18, 4.41438375574e-18, 6.13734348263e-18, 6.54301436173e-18, 8.67345194376e-18, 7.81854258271e-18, 8.34045798047e-18, 1.12390005901e-17, 9.30140279706e-18, 1.10900270161e-17, 9.86853767736e-18, 1.17567428616e-17, 1.0057349924e-17, 7.67256505693e-18, 6.69386439491e-18, 4.65734944911e-18, 2.44064313304e-18, 9.74810535005e-19, 2.43617821889e-19, 2.8537469408e-20], "var": [2.43651080132, 84.8142471313, 281.929016113, 187.405853271, 146.079849243, 210.716461182, 164.199951172, 214.315612793, 758.65234375, 601.37713623, 267.893554688, 382.825958252, 1187.51330566, 511.198669434, 2463.5480957, 675.764465332, 1108.01452637, 2473.99389648, 6400.61914062, 5912.578125, 15263.8886719, 2084.65039062, 941.438537598, 1693.86889648, 709.20098877, 737.256103516, 658.987792969, 494.213287354, 681.260314941, 396.063110352, 336.195983887, 174.298904419, 143.498596191, 77.4538497925, 17.5552215576, 4.37770414352, 2.86705565453, 0.11301971972, 0.00288006127812, 8.17083400761e-06]}, "gfcc": {"mean": [-60.725894928, 91.9510650635, -116.570480347, 20.2338161469, -35.1202011108, 8.34869861603, -30.1172904968, 5.31314706802, -9.74037742615, 2.62131404877, -9.22902965546, 2.7704398632, -4.40645885468], "cov": [[34716.0234375, -887.10760498, 621.682617188, 3088.52734375, -563.938415527, 1824.10656738, -713.991027832, 1115.84423828, -627.051330566, 673.167541504, -635.236022949, 165.569595337, -459.011230469], [-887.10760498, 4766.00683594, -1225.92443848, -460.621734619, 352.293060303, -490.923706055, 144.079467773, -346.221435547, 268.701934814, -316.197662354, 262.304351807, -184.191131592, 242.495605469], [621.682617188, -1225.92443848, 2097.16333008, 662.012084961, 535.55480957, 591.843383789, 186.911437988, 227.767745972, -85.7884597778, 40.5755729675, -223.518249512, -30.1064014435, -145.516677856], [3088.52734375, -460.621734619, 662.012084961, 935.215148926, 187.583892822, 448.893829346, 58.0939292908, 178.431869507, -43.5561103821, 50.4423789978, -119.237190247, -36.3250846863, -80.7020797729], [-563.938415527, 352.293060303, 535.55480957, 187.583892822, 531.337890625, 171.498809814, 213.385299683, 40.2393455505, 82.4493255615, -42.8996276855, -20.8886699677, -68.1485366821, -19.0713825226], [1824.10656738, -490.923706055, 591.843383789, 448.893829346, 171.498809814, 465.714263916, 95.8086013794, 207.270507812, -16.2256469727, 67.6986618042, -98.2660903931, 1.01014363766, -62.4851570129], [-713.991027832, 144.079467773, 186.911437988, 58.0939292908, 213.385299683, 95.8086013794, 312.96875, 131.823318481, 147.462600708, 54.1775360107, 75.1940841675, -22.842634201, -3.28177213669], [1115.84423828, -346.221435547, 227.767745972, 178.431869507, 40.2393455505, 207.270507812, 131.823318481, 273.065551758, 90.0085372925, 138.946502686, -3.64965724945, 24.9151477814, -44.8622131348], [-627.051330566, 268.701934814, -85.7884597778, -43.5561103821, 82.4493255615, -16.2256469727, 147.462600708, 90.0085372925, 241.1355896, 86.0433654785, 104.470817566, -0.427723616362, 16.9639568329], [673.167541504, -316.197662354, 40.5755729675, 50.4423789978, -42.8996276855, 67.6986618042, 54.1775360107, 138.946502686, 86.0433654785, 204.579864502, 74.9113540649, 46.7567214966, -38.3761787415], [-635.236022949, 262.304351807, -223.518249512, -119.237190247, -20.8886699677, -98.2660903931, 75.1940841675, -3.64965724945, 104.470817566, 74.9113540649, 183.034255981, 42.9372177124, 31.8882369995], [165.569595337, -184.191131592, -30.1064014435, -36.3250846863, -68.1485366821, 1.01014363766, -22.842634201, 24.9151477814, -0.427723616362, 46.7567214966, 42.9372177124, 89.1428070068, 24.3130302429], [-459.011230469, 242.495605469, -145.516677856, -80.7020797729, -19.0713825226, -62.4851570129, -3.28177213669, -44.8622131348, 16.9639568329, -38.3761787415, 31.8882369995, 24.3130302429, 93.4473724365]], "icov": [[8.30870121717e-05, -9.66472071013e-05, 6.83007674525e-05, -0.000224603441893, 6.03635708103e-05, -0.000120189120935, 0.000206572047318, -0.000260096276179, 0.000241162764723, -0.000288089213427, 0.000220312256715, -0.000262270943495, 0.000216617452679], [-9.66472071013e-05, 0.000573180790525, 0.000176651214133, 0.00025547054247, -0.000592815980781, 0.000158234091941, 4.62049865746e-05, 0.000159072704264, -0.000466724100988, 0.000901885447092, -0.00101977447048, 0.0013128395658, -0.000942088838201], [6.83007674525e-05, 0.000176651214133, 0.00128788256552, -0.000346008862834, -0.00114291941281, -0.000597804202698, -5.84278932365e-05, -8.51243021316e-05, 0.000526308605913, -0.000338913931046, 0.000801349757239, -0.000689687323757, 0.000579118961468], [-0.000224603441893, 0.00025547054247, -0.000346008862834, 0.00273448834196, -0.000217803768464, -0.00161113392096, -3.662164454e-05, 0.000542475143448, -0.000469268357847, 0.00066661904566, -0.00100268318783, 0.00192983774468, -0.000607079011388], [6.03635708103e-05, -0.000592815980781, -0.00114291941281, -0.000217803768464, 0.00505450367928, -0.00112595153041, -0.00236455118284, 0.00166627625003, -0.00118398095947, 0.000458270515082, 0.000794315652456, 0.000100668527011, 0.00096846598899], [-0.000120189120935, 0.000158234091941, -0.000597804202698, -0.00161113392096, -0.00112595153041, 0.0072651412338, -0.000720601179637, -0.00300724152476, 0.000829355965834, 4.8226207582e-05, 0.00145355530549, -0.00118532648776, -0.000482504023239], [0.000206572047318, 4.62049865746e-05, -5.84278932365e-05, -3.662164454e-05, -0.00236455118284, -0.000720601179637, 0.00930633023381, -0.00528952805325, -0.000845679780468, 0.00138857832644, -0.00478471303359, 0.0035802568309, -0.000979808508419], [-0.000260096276179, 0.000159072704264, -8.51243021316e-05, 0.000542475143448, 0.00166627625003, -0.00300724152476, -0.00528952805325, 0.0132960863411, -0.00376908713952, -0.00449829315767, 0.00461088726297, -0.00296870968305, 0.00120805948973], [0.000241162764723, -0.000466724100988, 0.000526308605913, -0.000469268357847, -0.00118398095947, 0.000829355965834, -0.000845679780468, -0.00376908713952, 0.00999985262752, -0.00345645938069, -0.0019840602763, 0.00178733863868, -0.00173896958586], [-0.000288089213427, 0.000901885447092, -0.000338913931046, 0.00066661904566, 0.000458270515082, 4.8226207582e-05, 0.00138857832644, -0.00449829315767, -0.00345645938069, 0.0150185935199, -0.00751230446622, -0.000814696599264, 0.00387812615372], [0.000220312256715, -0.00101977447048, 0.000801349757239, -0.00100268318783, 0.000794315652456, 0.00145355530549, -0.00478471303359, 0.00461088726297, -0.0019840602763, -0.00751230446622, 0.0171128418297, -0.00919507164508, 0.00111784867477], [-0.000262270943495, 0.0013128395658, -0.000689687323757, 0.00192983774468, 0.000100668527011, -0.00118532648776, 0.0035802568309, -0.00296870968305, 0.00178733863868, -0.000814696599264, -0.00919507164508, 0.0244139488786, -0.0100472457707], [0.000216617452679, -0.000942088838201, 0.000579118961468, -0.000607079011388, 0.00096846598899, -0.000482504023239, -0.000979808508419, 0.00120805948973, -0.00173896958586, 0.00387812615372, 0.00111784867477, -0.0100472457707, 0.0191489905119]]}, "melbands": {"dmean": [0.00459651742131, 0.00344182970002, 0.000829346943647, 0.000333643431077, 0.00016126074479, 0.000108171552711, 0.000116838724352, 8.56144615682e-05, 4.18012386945e-05, 3.03347242152e-05, 4.17721166741e-05, 3.48167050106e-05, 4.87694269395e-05, 2.81970369542e-05, 2.85676323983e-05, 2.5141003789e-05, 3.70084271708e-05, 3.79732700821e-05, 3.51454073098e-05, 7.28497107048e-05, 4.91361388413e-05, 2.09423888009e-05, 1.5012971744e-05, 1.42196449815e-05, 1.24494945339e-05, 8.58879229781e-06, 6.56292559142e-06, 5.85619545745e-06, 5.55505539523e-06, 4.83102894577e-06, 3.714210834e-06, 5.24465895069e-06, 3.56821033165e-06, 3.72450585928e-06, 4.18797981183e-06, 3.28391479343e-06, 2.32476509154e-06, 2.66349252342e-06, 2.83038775706e-06, 1.86187605777e-06], "dmean2": [0.00636269617826, 0.00548276118934, 0.00140274572186, 0.000562775763683, 0.000259364373051, 0.000163250108017, 0.000170054932823, 0.00013112302986, 6.1594939325e-05, 4.53574975836e-05, 6.31133661955e-05, 5.60750886507e-05, 7.61499977671e-05, 4.49964827567e-05, 4.5940563723e-05, 4.06175604439e-05, 5.96861427766e-05, 6.40881626168e-05, 5.92714604863e-05, 0.000129675259814, 8.61421212903e-05, 3.38148456649e-05, 2.43275007961e-05, 2.30161112995e-05, 1.96920645976e-05, 1.30550934045e-05, 1.08973017632e-05, 9.12261839403e-06, 8.67615017341e-06, 7.53788299335e-06, 5.50378263142e-06, 7.72176736064e-06, 5.19730838278e-06, 5.80883170187e-06, 6.7815476541e-06, 5.04166564497e-06, 3.44128216057e-06, 4.16856664742e-06, 4.45238356406e-06, 2.69376687356e-06], "dvar": [8.50185970194e-05, 5.11829239258e-05, 4.33212744611e-06, 6.75691637753e-07, 1.29769787804e-07, 5.75111549495e-08, 6.37427746142e-08, 3.86529812602e-08, 8.20314305372e-09, 6.20896178916e-09, 1.25077423974e-08, 5.9771312344e-09, 1.41856828506e-08, 3.97249122486e-09, 5.37194688732e-09, 3.65764507571e-09, 9.98741800373e-09, 1.83921997632e-08, 1.33613875519e-08, 6.12883681583e-08, 2.16986535406e-08, 2.93457547151e-09, 1.4750491939e-09, 9.92875892614e-10, 7.60497886887e-10, 3.64480751136e-10, 2.40780229088e-10, 1.99490715613e-10, 1.48304535319e-10, 1.35471786566e-10, 8.9941380732e-11, 1.89795984484e-10, 7.31114474517e-11, 1.10867592884e-10, 1.18259194104e-10, 7.65787017132e-11, 4.56131417359e-11, 6.70210900666e-11, 8.36314142938e-11, 3.158189682e-11], "dvar2": [0.000145336700371, 0.000127883206005, 1.15176917461e-05, 1.83274823939e-06, 3.16581093784e-07, 1.29430759443e-07, 1.35336861717e-07, 8.39116935936e-08, 1.63768891781e-08, 1.20105863033e-08, 2.48353480004e-08, 1.46440273241e-08, 3.46471438206e-08, 9.71327374089e-09, 1.28967014845e-08, 8.92855833712e-09, 2.42422331098e-08, 5.03785706485e-08, 3.68569779141e-08, 1.74232738459e-07, 6.11723081079e-08, 7.47465644935e-09, 3.66617669556e-09, 2.50097476062e-09, 1.71858294262e-09, 7.6208200861e-10, 6.46619591205e-10, 4.26748442139e-10, 3.26080662472e-10, 3.2167893349e-10, 2.00690769558e-10, 4.13657885723e-10, 1.42919676094e-10, 2.62442512167e-10, 2.94598262451e-10, 1.66522670653e-10, 1.02857049267e-10, 1.64317823237e-10, 2.02376629344e-10, 6.14474929272e-11], "max": [0.0972246453166, 0.096402913332, 0.0303282681853, 0.0145881157368, 0.0100255878642, 0.00810889713466, 0.00733373500407, 0.00586451264098, 0.00408999109641, 0.00378969754092, 0.00377711467445, 0.00185267883353, 0.00324360188097, 0.00171029649209, 0.00233204429969, 0.00184111949056, 0.00315232947469, 0.00357212475501, 0.002804039279, 0.00440530152991, 0.00282014044933, 0.00241934135556, 0.00145483098458, 0.00107155949809, 0.000437258218881, 0.000366119464161, 0.000295370642561, 0.000432655680925, 0.000246653275099, 0.000196942972252, 0.00019105366664, 0.000196700522793, 0.000123993886518, 0.00015203935618, 0.000151311091031, 0.000134883564897, 0.000201433402253, 0.000113802117994, 0.000138631745358, 8.63121749717e-05], "mean": [0.00718434341252, 0.0055763120763, 0.00118981150445, 0.000459564675111, 0.000248187716352, 0.000192583480384, 0.000225678755669, 0.000138805960887, 6.93904075888e-05, 4.82662981085e-05, 6.61116137053e-05, 5.17497282999e-05, 7.39326424082e-05, 4.13993766415e-05, 3.62359423889e-05, 3.12427582685e-05, 4.65491684736e-05, 4.09562562709e-05, 3.72206741304e-05, 6.40886864858e-05, 4.99590460095e-05, 2.48145388468e-05, 1.71732481249e-05, 1.65205401572e-05, 1.58305592777e-05, 1.08113335955e-05, 7.71652776166e-06, 7.40432778912e-06, 7.75042826717e-06, 6.66608320898e-06, 5.0091043704e-06, 6.21705385129e-06, 4.52722224509e-06, 4.14100531998e-06, 4.19506295657e-06, 3.45381408806e-06, 2.83149870484e-06, 2.84997827293e-06, 2.73781756732e-06, 2.12813438338e-06], "median": [0.000790569116361, 0.000634820200503, 0.000226029325859, 0.00015226782125, 8.1609483459e-05, 7.55123328418e-05, 8.89651928446e-05, 5.74335426791e-05, 3.21894476656e-05, 1.95581324078e-05, 2.14730825974e-05, 2.13637376874e-05, 2.78600891761e-05, 1.67623165908e-05, 1.26051199913e-05, 1.05345734482e-05, 1.36538728839e-05, 1.12830148282e-05, 1.07662363007e-05, 1.76710600499e-05, 1.40512784128e-05, 6.59749821352e-06, 4.07417792303e-06, 2.64325171884e-06, 2.41306270254e-06, 1.59841897585e-06, 1.05457820609e-06, 8.4508621967e-07, 7.04519720784e-07, 5.11779319368e-07, 2.99680664284e-07, 2.97312965358e-07, 2.19698563342e-07, 1.52558357058e-07, 1.52027354261e-07, 1.06579918224e-07, 9.01453844904e-08, 7.43648911339e-08, 5.79488386165e-08, 5.78810244178e-08], "min": [1.9953426043e-24, 2.68277887407e-24, 1.42546534485e-24, 1.88626010162e-24, 2.25369829785e-24, 1.67130457684e-24, 1.39035975267e-24, 2.85495979677e-24, 2.38759540638e-24, 2.85519625782e-24, 1.27092137984e-24, 2.41193137088e-24, 2.98048137185e-24, 3.30701062205e-24, 4.07022526481e-24, 2.10032539686e-24, 2.3193695877e-24, 3.01508120559e-24, 4.26177765311e-24, 5.60778695543e-24, 3.4601900549e-24, 4.0270008148e-24, 2.70498866122e-24, 3.88168474745e-24, 4.95382560373e-24, 5.54101816284e-24, 4.04401457237e-24, 4.1399238868e-24, 4.75455460591e-24, 5.42992998131e-24, 5.82577525595e-24, 4.10776754972e-24, 6.88433311074e-24, 4.84492848336e-24, 5.91696678773e-24, 5.42309095169e-24, 5.4092062109e-24, 6.71036955962e-24, 6.66631562236e-24, 5.75389030596e-24], "var": [0.000169467326486, 8.11776990304e-05, 4.69190081276e-06, 8.16129613668e-07, 2.46982352792e-07, 1.22581525375e-07, 1.65440027899e-07, 7.41785726177e-08, 1.65552904718e-08, 1.18641656499e-08, 2.93359416759e-08, 9.18270171013e-09, 2.33647963199e-08, 6.09183370415e-09, 6.03686434175e-09, 4.1122625305e-09, 1.12188258683e-08, 1.42272131853e-08, 9.75269376369e-09, 3.8693347193e-08, 1.53248542745e-08, 2.73584244148e-09, 1.49013656969e-09, 1.16622067559e-09, 1.27352484114e-09, 6.2398441969e-10, 3.11604658743e-10, 3.38426231483e-10, 2.69621214244e-10, 2.1824218821e-10, 1.50101972518e-10, 2.62528471184e-10, 1.27057142585e-10, 1.30478419735e-10, 1.24498356069e-10, 8.89472454024e-11, 6.83956294378e-11, 7.59244681015e-11, 8.1992163059e-11, 4.30904339987e-11]}, "mfcc": {"mean": [-693.167419434, 127.27130127, -11.4094552994, 18.065366745, 14.0951051712, 7.49311256409, -2.56785464287, 4.35462999344, 4.70817041397, 2.06551241875, -0.651228964329, 4.18797445297, 7.56425523758], "cov": [[16609.0820312, -1796.49621582, 861.16204834, 1466.0333252, 590.256896973, 875.550842285, 576.813964844, 506.416412354, 370.212310791, 355.510528564, 286.879821777, 159.571426392, -40.7082328796], [-1796.49621582, 3477.38549805, -617.154785156, -96.8036499023, 143.552001953, -72.5724411011, -27.4951400757, 31.7765254974, 4.15209293365, -1.39502155781, -19.2674598694, 24.4749507904, 98.3377075195], [861.16204834, -617.154785156, 1060.28930664, 314.482116699, 349.507781982, 293.325653076, 219.085021973, 159.023468018, 134.701690674, 59.5427513123, 15.6382026672, -26.8077049255, -76.8563613892], [1466.0333252, -96.8036499023, 314.482116699, 530.112792969, 246.818908691, 264.17678833, 166.300308228, 138.405807495, 108.870826721, 85.5109863281, 47.8052635193, 17.0914840698, -31.1684436798], [590.256896973, 143.552001953, 349.507781982, 246.818908691, 375.674835205, 239.142501831, 143.083786011, 127.548538208, 99.3509063721, 55.8680534363, -2.72104859352, -23.8812103271, -27.4187450409], [875.550842285, -72.5724411011, 293.325653076, 264.17678833, 239.142501831, 292.596984863, 164.066497803, 129.421112061, 97.9866333008, 61.4689788818, 22.1504993439, -2.49192047119, -28.5428333282], [576.813964844, -27.4951400757, 219.085021973, 166.300308228, 143.083786011, 164.066497803, 218.468078613, 127.271850586, 91.6743164062, 66.7223129272, 55.8915023804, 25.2521820068, -21.9761199951], [506.416412354, 31.7765254974, 159.023468018, 138.405807495, 127.548538208, 129.421112061, 127.271850586, 180.688476562, 126.793258667, 78.275642395, 40.5238723755, 28.3750934601, 10.4021224976], [370.212310791, 4.15209293365, 134.701690674, 108.870826721, 99.3509063721, 97.9866333008, 91.6743164062, 126.793258667, 175.799606323, 113.389663696, 61.0256385803, 41.4219551086, 23.9342651367], [355.510528564, -1.39502155781, 59.5427513123, 85.5109863281, 55.8680534363, 61.4689788818, 66.7223129272, 78.275642395, 113.389663696, 152.445968628, 107.064933777, 62.3669052124, 35.6554145813], [286.879821777, -19.2674598694, 15.6382026672, 47.8052635193, -2.72104859352, 22.1504993439, 55.8915023804, 40.5238723755, 61.0256385803, 107.064933777, 170.880813599, 116.086158752, 45.5827293396], [159.571426392, 24.4749507904, -26.8077049255, 17.0914840698, -23.8812103271, -2.49192047119, 25.2521820068, 28.3750934601, 41.4219551086, 62.3669052124, 116.086158752, 172.046981812, 105.279052734], [-40.7082328796, 98.3377075195, -76.8563613892, -31.1684436798, -27.4187450409, -28.5428333282, -21.9761199951, 10.4021224976, 23.9342651367, 35.6554145813, 45.5827293396, 105.279052734, 146.093505859]], "icov": [[8.82467938936e-05, 4.64820732304e-05, 4.50566622021e-05, -0.000197974135517, 1.58633793035e-05, -9.66337465798e-05, -9.390671039e-06, -9.48585293372e-05, 5.8557237935e-05, -2.911151023e-05, -5.00660498801e-05, 2.77282282468e-07, -2.28600001719e-05], [4.64820732304e-05, 0.000419793941546, 0.000403532525524, -5.27804331796e-05, -0.000659000885207, 0.000267151306616, -0.000145624304423, -0.000179354508873, -2.86033173325e-06, 0.000136054179166, -7.26427097106e-05, 4.73885411338e-05, -0.000193431609659], [4.50566622021e-05, 0.000403532525524, 0.00191801751498, -0.000181889990927, -0.0015081356978, -7.97520842752e-05, -0.000668541295454, 4.28059247497e-05, -0.000638414523564, 0.000659536861349, -0.000180054485099, -9.74748109002e-05, 0.000378955475753], [-0.000197974135517, -5.27804331796e-05, -0.000181889990927, 0.00411350093782, -0.000705590180587, -0.00215716077946, 4.31320913776e-05, -0.000219533787458, 0.00021800189279, -0.000723001779988, 0.000183357245987, -0.000807560631074, 0.00089599651983], [1.58633793035e-05, -0.000659000885207, -0.0015081356978, -0.000705590180587, 0.00767143536359, -0.00407839845866, 0.000170485160197, -0.000572191958781, -4.48542268714e-05, -0.00101540971082, 0.00111100741196, 0.000972906243987, -0.000579162326176], [-9.66337465798e-05, 0.000267151306616, -7.97520842752e-05, -0.00215716077946, -0.00407839845866, 0.0115755675361, -0.00348299648613, -0.000969629734755, -0.000350372225512, 0.000130490429001, 0.000514560204465, 0.000170466941199, 7.4474955909e-05], [-9.390671039e-06, -0.000145624304423, -0.000668541295454, 4.31320913776e-05, 0.000170485160197, -0.00348299648613, 0.0112317958847, -0.00490222405642, 0.00061972590629, 0.000170034632902, -0.00214458885603, -0.00130766420625, 0.00261145108379], [-9.48585293372e-05, -0.000179354508873, 4.28059247497e-05, -0.000219533787458, -0.000572191958781, -0.000969629734755, -0.00490222405642, 0.015972437337, -0.00843470450491, 0.00069108302705, 0.0011029917514, -0.000136063303216, -0.00113445066381], [5.8557237935e-05, -2.86033173325e-06, -0.000638414523564, 0.00021800189279, -4.48542268714e-05, -0.000350372225512, 0.00061972590629, -0.00843470450491, 0.0181874427944, -0.0108564971015, 0.00296444422565, -0.00138350692578, 8.78738064785e-05], [-2.911151023e-05, 0.000136054179166, 0.000659536861349, -0.000723001779988, -0.00101540971082, 0.000130490429001, 0.000170034632902, 0.00069108302705, -0.0108564971015, 0.0224480610341, -0.0128210848197, 0.00519878324121, -0.00354179926217], [-5.00660498801e-05, -7.26427097106e-05, -0.000180054485099, 0.000183357245987, 0.00111100741196, 0.000514560204465, -0.00214458885603, 0.0011029917514, 0.00296444422565, -0.0128210848197, 0.0206762570888, -0.013081532903, 0.0055063967593], [2.77282282468e-07, 4.73885411338e-05, -9.74748109002e-05, -0.000807560631074, 0.000972906243987, 0.000170466941199, -0.00130766420625, -0.000136063303216, -0.00138350692578, 0.00519878324121, -0.013081532903, 0.0210651513189, -0.0123672168702], [-2.28600001719e-05, -0.000193431609659, 0.000378955475753, 0.00089599651983, -0.000579162326176, 7.4474955909e-05, 0.00261145108379, -0.00113445066381, 8.78738064785e-05, -0.00354179926217, 0.0055063967593, -0.0123672168702, 0.0157828535885]]}, "spectral_contrast_coeffs": {"dmean": [0.0576883852482, 0.0452287085354, 0.0404952093959, 0.0390056073666, 0.0265454053879, 0.0218010228127], "dmean2": [0.092977643013, 0.0723547488451, 0.064944177866, 0.0623380355537, 0.0427668429911, 0.0325842238963], "dvar": [0.00251245452091, 0.00143012811895, 0.00111901410855, 0.00121441110969, 0.000587706977967, 0.000413642235799], "dvar2": [0.00603158958256, 0.0035835467279, 0.00281298346817, 0.00303291692398, 0.00141002272721, 0.000838151376229], "max": [-0.272298872471, -0.44207072258, -0.491010159254, -0.431644827127, -0.468161195517, -0.55832272768], "mean": [-0.653203070164, -0.737822771072, -0.762087345123, -0.759548664093, -0.779369950294, -0.771471858025], "median": [-0.658896446228, -0.74065387249, -0.76463830471, -0.764250814915, -0.782360672951, -0.774028539658], "min": [-0.981128334999, -0.978738605976, -0.983516991138, -0.969506978989, -0.964735209942, -0.963821232319], "var": [0.0139966262504, 0.00545261241496, 0.00430048909038, 0.00421627331525, 0.00268616480753, 0.00233394443057]}, "spectral_contrast_valleys": {"dmean": [0.583879649639, 0.391739338636, 0.363098144531, 0.389287948608, 0.508596837521, 0.682813405991], "dmean2": [0.896031022072, 0.638584733009, 0.588583827019, 0.592112779617, 0.684576094151, 0.87195789814], "dvar": [0.322985708714, 0.141024544835, 0.122614696622, 0.167133837938, 0.328709095716, 0.619232416153], "dvar2": [0.646716296673, 0.337711304426, 0.283567100763, 0.360933363438, 0.628251314163, 1.04970753193], "max": [-4.82398509979, -4.65158653259, -5.39695358276, -5.43005609512, -5.23046541214, -7.1900267601], "mean": [-8.05592727661, -7.368887424