{"lowlevel": {"average_loudness": 0.941296219826, "barkbands_crest": {"dmean": 2.92337298393, "dmean2": 4.31273984909, "dvar": 13.4776573181, "dvar2": 22.2861537933, "max": 26.6860599518, "mean": 14.5884914398, "median": 12.4938116074, "min": 1.67466378212, "var": 54.1608581543}, "barkbands_flatness_db": {"dmean": 0.0367073900998, "dmean2": 0.0499737709761, "dvar": 0.00199457537383, "dvar2": 0.00333630829118, "max": 0.533411622047, "mean": 0.149723768234, "median": 0.124321140349, "min": 0.0110227316618, "var": 0.0081271706149}, "barkbands_kurtosis": {"dmean": 22.2298908234, "dmean2": 25.6492195129, "dvar": 1987.04699707, "dvar2": 2410.51806641, "max": 952.821289062, "mean": 41.6903190613, "median": 8.08524131775, "min": -1.90474820137, "var": 7498.77001953}, "barkbands_skewness": {"dmean": 1.46446633339, "dmean2": 1.78709733486, "dvar": 3.73997473717, "dvar2": 4.83126449585, "max": 29.7866954803, "mean": 4.38986873627, "median": 2.82263708115, "min": -2.26925206184, "var": 18.1820678711}, "barkbands_spread": {"dmean": 9.47820281982, "dmean2": 13.7079648972, "dvar": 129.078308105, "dvar2": 243.090942383, "max": 127.516723633, "mean": 26.0938911438, "median": 19.7095050812, "min": 0.469038665295, "var": 550.070129395}, "dissonance": {"dmean": 0.0164009351283, "dmean2": 0.0268301907927, "dvar": 0.000250987213803, "dvar2": 0.000632102019154, "max": 0.500000119209, "mean": 0.473458826542, "median": 0.478838503361, "min": 0.335418641567, "var": 0.000449763989309}, "dynamic_complexity": 3.40671992302, "erbbands_crest": {"dmean": 2.70218300819, "dmean2": 3.94255018234, "dvar": 7.25419712067, "dvar2": 16.5360813141, "max": 27.5498142242, "mean": 7.08580684662, "median": 5.87445211411, "min": 1.93432974815, "var": 16.4441928864}, "erbbands_flatness_db": {"dmean": 0.0126973493025, "dmean2": 0.0189401805401, "dvar": 0.000160031791893, "dvar2": 0.000358052464435, "max": 0.233216315508, "mean": 0.0817541107535, "median": 0.077217541635, "min": 0.0187709592283, "var": 0.000705399666913}, "erbbands_kurtosis": {"dmean": 0.85869204998, "dmean2": 1.31805193424, "dvar": 1.56626331806, "dvar2": 3.68998908997, "max": 19.0611019135, "mean": -0.162032052875, "median": -0.597477674484, "min": -1.9176017046, "var": 2.23626375198}, "erbbands_skewness": {"dmean": 0.400751233101, "dmean2": 0.573813021183, "dvar": 0.137494564056, "dvar2": 0.304360181093, "max": 3.68376159668, "mean": 0.411617547274, "median": 0.387060403824, "min": -1.93494284153, "var": 0.515659272671}, "erbbands_spread": {"dmean": 16.4999752045, "dmean2": 24.6994895935, "dvar": 269.761016846, "dvar2": 590.800170898, "max": 225.249298096, "mean": 74.8834457397, "median": 72.7120285034, "min": 8.07013130188, "var": 782.463500977}, "hfc": {"dmean": 12.5738048553, "dmean2": 18.2650470734, "dvar": 336.291412354, "dvar2": 642.260803223, "max": 334.693908691, "mean": 32.2894172668, "median": 17.4327659607, "min": 3.89829146741e-09, "var": 1620.15625}, "melbands_crest": {"dmean": 3.37783646584, "dmean2": 4.8560218811, "dvar": 14.2289247513, "dvar2": 24.4724235535, "max": 35.2270698547, "mean": 20.9949474335, "median": 20.1578292847, "min": 3.16603398323, "var": 75.4815826416}, "melbands_flatness_db": {"dmean": 0.0451279170811, "dmean2": 0.0612600184977, "dvar": 0.00283219059929, "dvar2": 0.00481284735724, "max": 0.65975433588, "mean": 0.245165318251, "median": 0.224646165967, "min": 0.020131520927, "var": 0.012086966075}, "melbands_kurtosis": {"dmean": 64.0816955566, "dmean2": 90.3875198364, "dvar": 13053.0595703, "dvar2": 20764.8085938, "max": 2150.6652832, "mean": 136.918212891, "median": 38.5864677429, "min": -1.53457117081, "var": 52942.2070312}, "melbands_skewness": {"dmean": 2.16736769676, "dmean2": 3.11315846443, "dvar": 8.63093852997, "dvar2": 14.7629051208, "max": 39.8306884766, "mean": 7.40348768234, "median": 5.17437362671, "min": -1.04022169113, "var": 32.9757652283}, "melbands_spread": {"dmean": 7.29108905792, "dmean2": 11.304312706, "dvar": 124.73160553, "dvar2": 269.852600098, "max": 193.898666382, "mean": 15.2380552292, "median": 9.62053585052, "min": 0.246926188469, "var": 312.754852295}, "pitch_salience": {"dmean": 0.0909311249852, "dmean2": 0.140969023108, "dvar": 0.013613817282, "dvar2": 0.0254421774298, "max": 0.890685498714, "mean": 0.414032995701, "median": 0.473523288965, "min": 0.0199756305665, "var": 0.0459480397403}, "silence_rate_20dB": {"dmean": 0, "dmean2": 0, "dvar": 0, "dvar2": 0, "max": 1, "mean": 1, "median": 1, "min": 1, "var": 0}, "silence_rate_30dB": {"dmean": 0.0862567052245, "dmean2": 0.172531217337, "dvar": 0.0788202807307, "dvar2": 0.152471214533, "max": 1, "mean": 0.858660876751, "median": 1, "min": 0, "var": 0.121368594468}, "silence_rate_60dB": {"dmean": 0.0101114325225, "dmean2": 0.020121762529, "dvar": 0.0100092254579, "dvar2": 0.022193511948, "max": 1, "mean": 0.0572578161955, "median": 0, "min": 0, "var": 0.0539798177779}, "spectral_centroid": {"dmean": 365.302734375, "dmean2": 536.646118164, "dvar": 150359.375, "dvar2": 342583.34375, "max": 4334.85546875, "mean": 1252.62634277, "median": 1106.59741211, "min": 148.162841797, "var": 524664.75}, "spectral_complexity": {"dmean": 6.12092447281, "dmean2": 8.97616386414, "dvar": 50.9487915039, "dvar2": 93.9798431396, "max": 59, "mean": 16.4902515411, "median": 13, "min": 0, "var": 156.977767944}, "spectral_decrease": {"dmean": 4.4121768461e-09, "dmean2": 5.53151169314e-09, "dvar": 4.16497283647e-17, "dvar2": 5.65809009041e-17, "max": -4.6318850817e-21, "mean": -1.37594486915e-08, "median": -1.02011812331e-08, "min": -6.20840481247e-08, "var": 1.57610927741e-16}, "spectral_energy": {"dmean": 0.0171947386116, "dmean2": 0.0216256361455, "dvar": 0.00059262115974, "dvar2": 0.00080793973757, "max": 0.240081176162, "mean": 0.0548600889742, "median": 0.0414677038789, "min": 3.71068437479e-13, "var": 0.00228834268637}, "spectral_energyband_high": {"dmean": 0.00112386432011, "dmean2": 0.00171672541182, "dvar": 2.94560413749e-06, "dvar2": 6.05165723755e-06, "max": 0.0370333753526, "mean": 0.00231721485034, "median": 0.000919139303733, "min": 2.64435852772e-13, "var": 1.1029423149e-05}, "spectral_energyband_low": {"dmean": 0.0148020172492, "dmean2": 0.0180466677994, "dvar": 0.000689334410708, "dvar2": 0.000954189803451, "max": 0.229002013803, "mean": 0.0408344343305, "median": 0.0247162040323, "min": 9.08049982049e-15, "var": 0.00232580956072}, "spectral_energyband_middle_high": {"dmean": 0.00156164017972, "dmean2": 0.00233300868422, "dvar": 6.51610525892e-06, "dvar2": 1.30529479065e-05, "max": 0.0380051806569, "mean": 0.00268849055283, "median": 0.00136438361369, "min": 5.38773127674e-14, "var": 1.38490731842e-05}, "spectral_energyband_middle_low": {"dmean": 0.00524795521051, "dmean2": 0.00788851547986, "dvar": 6.50383881293e-05, "dvar2": 0.000125031961943, "max": 0.0975682884455, "mean": 0.0103223845363, "median": 0.00537080783397, "min": 3.77748911795e-15, "var": 0.000176879446371}, "spectral_entropy": {"dmean": 0.177161902189, "dmean2": 0.251017689705, "dvar": 0.0334259197116, "dvar2": 0.0783156752586, "max": 8.84542369843, "mean": 8.03425788879, "median": 8.08567619324, "min": 6.44307279587, "var": 0.114211112261}, "spectral_flux": {"dmean": 0.0390587225556, "dmean2": 0.0586918890476, "dvar": 0.0027461531572, "dvar2": 0.00491843558848, "max": 0.445340752602, "mean": 0.0958317145705, "median": 0.0780439600348, "min": 1.122469439e-05, "var": 0.00536205992103}, "spectral_kurtosis": {"dmean": 0.560474574566, "dmean2": 0.863629221916, "dvar": 0.270491778851, "dvar2": 0.605631649494, "max": 9.49321460724, "mean": 2.08505773544, "median": 1.9844660759, "min": -0.838572740555, "var": 0.946951568127}, "spectral_rms": {"dmean": 0.00107801845297, "dmean2": 0.00134588335641, "dvar": 1.74453305135e-06, "dvar2": 2.55257236859e-06, "max": 0.0153044285253, "mean": 0.0065998849459, "median": 0.00636052619666, "min": 1.90267694933e-08, "var": 9.9636736195e-06}, "spectral_rolloff": {"dmean": 861.426269531, "dmean2": 1406.67492676, "dvar": 2981102, "dvar2": 6138313.5, "max": 18540.0878906, "mean": 1643.02160645, "median": 409.130859375, "min": 64.599609375, "var": 8897974}, "spectral_skewness": {"dmean": 0.159040644765, "dmean2": 0.240947201848, "dvar": 0.0221933424473, "dvar2": 0.0487883985043, "max": 2.64133167267, "mean": 1.33524262905, "median": 1.32583856583, "min": 0.335849910975, "var": 0.0759065002203}, "spectral_spread": {"dmean": 831407.3125, "dmean2": 1226296.75, "dvar": 915223019520, "dvar2": 1928317763580.0, "max": 16676159, "mean": 8072096.5, "median": 7513071, "min": 3610919.75, "var": 4427771543550.0}, "spectral_strongpeak": {"dmean": 0.295179605484, "dmean2": 0.475030601025, "dvar": 0.275138556957, "dvar2": 0.728719353676, "max": 6.97419452667, "mean": 0.643437087536, "median": 0.50620663166, "min": 0, "var": 0.366123557091}, "zerocrossingrate": {"dmean": 0.0187474414706, "dmean2": 0.0205277148634, "dvar": 0.000404694030294, "dvar2": 0.000393951690057, "max": 0.501953125, "mean": 0.074992403388, "median": 0.0615234375, "min": 0.00244140625, "var": 0.00398705760017}, "barkbands": {"dmean": [0.000339953490766, 0.0134378261864, 0.00488331867382, 0.0017387176631, 0.0014228222426, 0.00150292704348, 0.000789589365013, 0.000674544309732, 0.00081142532872, 0.000325493863784, 0.000197327506612, 0.000268237054115, 0.000284116977127, 0.000180485105375, 0.000159806484589, 0.000130884945975, 0.000140804084367, 0.000129892287077, 0.000147301776451, 0.000157048751134, 0.000190482882317, 0.000229290366406, 0.000269124255283, 0.000162205644301, 0.000130632644868, 0.000124894548208, 9.13563781069e-05], "dmean2": [0.000430317159044, 0.0144688263535, 0.00825090799481, 0.0029180010315, 0.00218468019739, 0.00216814153828, 0.00129541172646, 0.00110681110527, 0.00127691496164, 0.000502445211168, 0.00032559860847, 0.000411196553614, 0.000465178280137, 0.000289590243483, 0.000242321446422, 0.000208934725379, 0.000225786105148, 0.000212217259104, 0.000235409839661, 0.000249390344834, 0.000302049098536, 0.000378754310077, 0.000439750088844, 0.000255766150076, 0.000196071370738, 0.000169375693076, 0.000139194744406], "dvar": [2.71024731546e-07, 0.000695334689226, 9.99713884084e-05, 9.50266439759e-06, 8.08196637081e-06, 1.31286287797e-05, 4.82091763843e-06, 4.05692935601e-06, 5.07116692461e-06, 1.57792783284e-06, 1.30033583901e-07, 3.00013908827e-07, 3.70527232008e-07, 9.75847243012e-08, 8.22066823503e-08, 4.11473202178e-08, 6.07653518614e-08, 3.9699969534e-08, 6.07541750242e-08, 5.92972462243e-08, 1.88194178463e-07, 1.43447820733e-07, 1.67100338899e-07, 6.68970088213e-08, 4.22172625747e-08, 9.1659579482e-08, 1.33684110892e-07], "dvar2": [5.43791486507e-07, 0.000902071420569, 0.000280106381979, 2.51146975643e-05, 1.58717666636e-05, 2.00958766072e-05, 1.1549638657e-05, 1.0054822269e-05, 1.18704138004e-05, 2.88593628284e-06, 3.2262539662e-07, 6.70999042995e-07, 8.8359053052e-07, 2.35782920299e-07, 1.64773737765e-07, 9.52585992309e-08, 1.36100936743e-07, 9.54757695126e-08, 1.42585619756e-07, 1.39432728474e-07, 4.86112867293e-07, 3.10397382464e-07, 3.92481410927e-07, 1.51767594048e-07, 7.79665398909e-08, 1.46933032852e-07, 2.69062240932e-07], "max": [0.0184593014419, 0.226629883051, 0.0760438591242, 0.0289519336075, 0.0406594350934, 0.0669681802392, 0.0260134227574, 0.0389544069767, 0.0457930155098, 0.033169016242, 0.00568474223837, 0.0113831534982, 0.0122952815145, 0.00517795886844, 0.00792398210615, 0.00329291447997, 0.00384626816958, 0.00237166299485, 0.00396259780973, 0.00357823190279, 0.0182000398636, 0.00750219961628, 0.00428234040737, 0.00762449251488, 0.003707469441, 0.00651602027938, 0.00653579132631], "mean": [0.00121089047752, 0.0318102836609, 0.00655957590789, 0.0025024113711, 0.00251890160143, 0.00219792174175, 0.000869101902936, 0.000876136822626, 0.00128474424127, 0.000496239110362, 0.000248492811806, 0.000338450772688, 0.000326927663991, 0.000233483064221, 0.000226010204642, 0.000175048829988, 0.000181994531886, 0.000174935950781, 0.000209236590308, 0.000228217933909, 0.000278997496935, 0.000343518855516, 0.000371167261619, 0.000297074700939, 0.000309532362735, 0.000319728598697, 0.00027104417677], "median": [0.000520994479302, 0.00928473379463, 0.00213134451769, 0.000851788616274, 0.00093484291574, 0.000683540769387, 0.000199258443899, 0.000225395808229, 0.00025644392008, 0.000118987823953, 0.000114683542051, 0.000134362257086, 0.000117452509585, 0.000117929790576, 0.000105064907984, 8.73377648531e-05, 7.45887300582e-05, 8.38240230223e-05, 7.56243025535e-05, 8.8500099082e-05, 8.67062190082e-05, 9.79831966106e-05, 0.000118450181617, 0.000139006398967, 0.000180343471584, 0.000116330549645, 1.72976215254e-05], "min": [8.31899178992e-15, 4.8244358168e-15, 3.3412114577e-16, 4.32116405758e-17, 7.34588052957e-16, 1.82337526773e-16, 3.27654631552e-16, 9.12499594352e-16, 1.25454388631e-15, 6.57995892795e-16, 1.58443696124e-15, 2.11876948481e-15, 6.65600099315e-15, 4.36062386829e-15, 4.23684059096e-15, 6.53635166012e-15, 3.88004490259e-15, 9.64388091547e-15, 9.93786318157e-15, 1.23556221678e-14, 1.37024418233e-14, 2.7545159079e-14, 2.80439716994e-14, 2.80886509933e-14, 4.21281560255e-14, 5.075134784e-14, 7.1635161995e-14], "var": [2.34416870626e-06, 0.00222753291018, 0.000101237776107, 1.4684334019e-05, 1.74227534444e-05, 2.47577809205e-05, 5.14203475177e-06, 5.63940466236e-06, 1.13706091724e-05, 4.1324619815e-06, 1.57862345418e-07, 4.31565240433e-07, 5.08657194587e-07, 1.15908996179e-07, 1.67778992477e-07, 5.95861564534e-08, 8.78369803559e-08, 5.56140165031e-08, 1.14978043086e-07, 1.16659180094e-07, 3.03831171777e-07, 3.38339646078e-07, 2.8327613677e-07, 1.80644974535e-07, 1.39800306442e-07, 5.40869336874e-07, 8.42863244088e-07]}, "erbbands": {"dmean": [0.484253883362, 3.08231782913, 5.71688508987, 5.74071645737, 4.48844242096, 4.38076782227, 12.9853754044, 9.35756969452, 13.6685810089, 7.7012219429, 17.7669258118, 15.3041973114, 11.6132631302, 7.50502252579, 8.19774150848, 9.4710817337, 12.5545759201, 8.70750713348, 7.58217716217, 8.81552124023, 7.65086364746, 8.43254947662, 6.51884269714, 7.45112276077, 7.54631900787, 7.14805555344, 8.20086479187, 7.4839630127, 7.8591132164, 9.19030475616, 7.00826454163, 4.2362742424, 2.21872115135, 1.74280917645, 0.859663546085, 0.444604754448, 0.226223260164, 0.0936187282205, 0.0164960492402, 0.00105176283978], "dmean2": [0.444753080606, 3.6600985527, 9.36059379578, 9.64502906799, 6.91385030746, 6.87519168854, 18.1495780945, 13.9144039154, 22.2170944214, 12.5990133286, 28.0909957886, 24.247844696, 18.0458984375, 11.9348163605, 12.7620697021, 14.6229410172, 20.0535049438, 14.0283880234, 11.7626676559, 13.6389141083, 12.2192726135, 13.4907770157, 10.5877523422, 12.1653823853, 12.0425672531, 11.4259061813, 13.0880365372, 12.4859619141, 12.8766708374, 14.7622871399, 11.6333999634, 6.66611766815, 3.57365489006, 2.73795008659, 1.26264548302, 0.67563611269, 0.323895514011, 0.121923580766, 0.0260145440698, 0.00150745816063], "dvar": [0.702497899532, 43.866733551, 149.773620605, 103.176193237, 66.7386322021, 72.8190155029, 1168.47900391, 340.984893799, 1647.66699219, 271.221221924, 2087.10058594, 1657.05126953, 1763.12072754, 336.945678711, 234.967193604, 330.267303467, 692.649658203, 211.241241455, 167.630462646, 262.079498291, 145.668167114, 226.621627808, 97.6277008057, 139.298828125, 142.045684814, 132.855163574, 377.338409424, 192.810379028, 161.893157959, 198.565093994, 118.342308044, 39.6574668884, 14.6571378708, 8.68711280823, 1.79388582706, 0.588536679745, 0.373152107, 0.124288775027, 0.00463218009099, 2.13664116018e-05], "dvar2": [0.897212147713, 71.5135269165, 410.972900391, 272.093658447, 154.844192505, 154.345855713, 1671.3347168, 629.038146973, 3945.3996582, 678.75201416, 4949.82128906, 3926.45288086, 3874.5715332, 680.065734863, 548.07623291, 726.730957031, 1554.10998535, 496.860321045, 393.591186523, 579.442871094, 328.067352295, 501.543945312, 229.880737305, 327.499084473, 330.226104736, 316.146057129, 969.284606934, 484.842163086, 330.865997314, 463.177856445, 275.023742676, 90.8841934204, 32.5882377625, 18.1660480499, 3.40577244759, 1.19058120251, 0.621331393719, 0.172377571464, 0.00964907929301, 4.64019285573e-05], "max": [7.43617248535, 48.9600791931, 96.555557251, 100.763801575, 134.990402222, 121.027946472, 600.38269043, 237.420288086, 430.791290283, 296.01550293, 867.581848145, 1011.04101562, 946.135009766, 430.780639648, 253.427978516, 357.540863037, 603.225036621, 194.105178833, 243.086471558, 270.370056152, 219.084457397, 260.578521729, 143.650787354, 192.540115356, 200.836517334, 211.391769409, 846.557250977, 442.784881592, 243.332611084, 286.950561523, 132.999130249, 122.913536072, 137.662368774, 50.3114814758, 34.2888259888, 20.0436058044, 12.1082115173, 7.60851669312, 1.05127799511, 0.106086574495], "mean": [1.25111997128, 5.82771158218, 7.66817855835, 8.37380504608, 8.30008029938, 7.34260368347, 18.6725215912, 14.2371101379, 14.5847034454, 10.9770612717, 25.1754207611, 25.1533050537, 19.1882190704, 11.794752121, 10.8804197311, 12.6771450043, 15.6009302139, 11.5337228775, 10.8558015823, 12.0003757477, 10.3702640533, 10.9696865082, 8.99827671051, 10.3360128403, 11.0761346817, 10.4781723022, 11.9199304581, 10.4587516785, 11.9434652328, 12.5589790344, 10.0864877701, 7.00377845764, 4.42573356628, 3.58460474014, 2.13633775711, 1.16141784191, 0.596862316132, 0.231537252665, 0.0449654348195, 0.00299249403179], "median": [0.401190012693, 1.73554396629, 3.31236052513, 3.33735394478, 2.85445570946, 2.92942404747, 4.58468675613, 5.16116571426, 3.06057047844, 4.24612760544, 6.04015350342, 5.11819505692, 4.53766536713, 4.75570487976, 5.16186523438, 5.40569114685, 5.83850765228, 5.77043294907, 6.08526992798, 5.47966957092, 5.1460647583, 4.54574728012, 4.38246774673, 4.05375385284, 4.09052038193, 4.09357976913, 3.58689451218, 3.55187392235, 3.54099297523, 3.61800408363, 3.12646389008, 2.93329501152, 2.1799902916, 1.9639070034, 1.29513585567, 0.624296784401, 0.183184280992, 0.0271918959916, 0.00289839995094, 0.00019363994943], "min": [2.70589946933e-13, 6.44473352723e-13, 5.58131828515e-13, 2.20898291521e-13, 6.07513659604e-13, 2.99384649016e-12, 3.72321661349e-12, 9.12512253259e-13, 3.56465356365e-12, 5.81249588391e-12, 3.07934233668e-11, 2.69495363525e-11, 2.63268035844e-11, 1.77404115703e-11, 8.44141770373e-11, 1.04635619613e-10, 2.75074490963e-10, 2.25710367063e-10, 2.00598954114e-10, 3.45796613566e-10, 3.56607798846e-10, 1.97967642279e-10, 3.99878880009e-10, 4.22519602639e-10, 6.25799523313e-10, 6.08799732849e-10, 5.955270721e-10, 7.02343072589e-10, 8.58141058213e-10, 7.2501321613e-10, 9.35680977143e-10, 6.12972950176e-10, 4.97519414555e-10, 4.9864795626e-10, 2.66719868414e-10, 1.87934695584e-10, 9.58133919426e-11, 4.07188137375e-11, 9.88457145995e-12, 1.06657521357e-12], "var": [2.90300154686, 98.6909942627, 139.379653931, 150.627044678, 173.712677002, 145.581466675, 2230.02050781, 639.603515625, 1708.58691406, 415.338195801, 3896.69750977, 4126.96533203, 4426.93261719, 805.690063477, 298.086914062, 522.648925781, 1107.7545166, 264.828857422, 240.530792236, 411.35043335, 217.139663696, 334.289245605, 144.109237671, 240.184005737, 288.107818604, 257.257476807, 687.875488281, 285.491455078, 355.283355713, 415.913970947, 222.97807312, 97.448638916, 43.7584381104, 21.7074813843, 6.39675617218, 2.82824468613, 2.34695887566, 0.620702087879, 0.0240294896066, 0.000110141932964]}, "gfcc": {"mean": [21.6179389954, 46.7636871338, -63.3558616638, 32.3960418701, -46.1994972229, 25.0906200409, -30.400636673, 12.5047702789, -19.3679256439, 7.30427503586, -16.2993812561, 3.35273313522, -13.662109375], "cov": [[7365.29199219, -349.31362915, -787.71282959, -113.950271606, -400.88772583, -353.652954102, -198.728515625, -305.745300293, -240.467956543, -162.883132935, -167.690048218, -140.741088867, -144.035507202], [-349.31362915, 732.430664062, 87.3899154663, 85.9040527344, -48.2273445129, 77.1488800049, -30.29753685, 76.9819107056, 29.2112731934, 48.233455658, 31.3686714172, 39.1044425964, 44.934425354], [-787.71282959, 87.3899154663, 818.813720703, 108.784912109, 252.460021973, 177.024902344, 128.897262573, 134.954345703, 123.76146698, 90.2905960083, 92.2701416016, 59.8819198608, 22.4110889435], [-113.950271606, 85.9040527344, 108.784912109, 405.416992188, 114.408676147, 198.097824097, 105.617996216, 66.2807312012, 72.1025466919, 76.9281005859, 85.4576950073, 81.1958847046, 57.4621543884], [-400.88772583, -48.2273445129, 252.460021973, 114.408676147, 374.706451416, 192.037353516, 230.131286621, 99.2032012939, 150.359222412, 66.8300933838, 103.614440918, 76.5048065186, 63.390296936], [-353.652954102, 77.1488800049, 177.024902344, 198.097824097, 192.037353516, 272.192657471, 149.939041138, 126.46471405, 93.8384475708, 76.8857574463, 69.1975708008, 71.6840209961, 56.3242797852], [-198.728515625, -30.29753685, 128.897262573, 105.617996216, 230.131286621, 149.939041138, 279.961853027, 109.503379822, 160.644775391, 55.4763526917, 95.8042678833, 64.7761001587, 74.472869873], [-305.745300293, 76.9819107056, 134.954345703, 66.2807312012, 99.2032012939, 126.46471405, 109.503379822, 138.129272461, 85.4184799194, 57.9960212708, 41.098613739, 31.6477050781, 31.5137138367], [-240.467956543, 29.2112731934, 123.76146698, 72.1025466919, 150.359222412, 93.8384475708, 160.644775391, 85.4184799194, 151.728530884, 68.7981033325, 84.162979126, 49.878074646, 47.558139801], [-162.883132935, 48.233455658, 90.2905960083, 76.9281005859, 66.8300933838, 76.8857574463, 55.4763526917, 57.9960212708, 68.7981033325, 92.03565979, 74.2481613159, 50.025302887, 37.2724075317], [-167.690048218, 31.3686714172, 92.2701416016, 85.4576950073, 103.614440918, 69.1975708008, 95.8042678833, 41.098613739, 84.162979126, 74.2481613159, 113.070495605, 77.1197967529, 60.3541641235], [-140.741088867, 39.1044425964, 59.8819198608, 81.1958847046, 76.5048065186, 71.6840209961, 64.7761001587, 31.6477050781, 49.878074646, 50.025302887, 77.1197967529, 82.8173599243, 68.5788269043], [-144.035507202, 44.934425354, 22.4110889435, 57.4621543884, 63.390296936, 56.3242797852, 74.472869873, 31.5137138367, 47.558139801, 37.2724075317, 60.3541641235, 68.5788269043, 93.6807327271]], "icov": [[0.000166953759617, 2.21135433094e-05, 9.83040372375e-05, -6.60394725855e-05, 9.54896022449e-05, 0.000104690436274, -0.000291182572255, 0.000254380604019, 0.000176494373591, -0.000194451858988, 0.000169529215782, -0.000153658023919, 0.000272458506515], [2.21135433094e-05, 0.00176207802724, -0.000121160541312, -0.000176450004801, 0.000698298274074, -0.000547578150872, 0.00140348041896, -0.00114519242197, -0.00106778799091, 0.000823805166874, -0.000692313013133, 0.000406143662985, -0.00118472287431], [9.83040372375e-05, -0.000121160541312, 0.00186216901056, -4.93041989102e-05, -0.00117589428555, 6.63239407004e-05, 0.000655007432215, -0.00113530131057, -8.67007256602e-05, -0.000124796570162, -0.000622029067017, -0.000422553857788, 0.00121476897039], [-6.60394725855e-05, -0.000176450004801, -4.93041989102e-05, 0.00446975370869, 0.000993902911432, -0.00382308638655, -0.000513637554832, 0.00191189674661, -0.000168162136106, -0.000664250110276, -0.00109459960368, -0.00137770257425, 0.000707833678462], [9.54896022449e-05, 0.000698298274074, -0.00117589428555, 0.000993902911432, 0.00821483600885, -0.00413257628679, -0.00353140407242, 0.00263528269716, -0.002533539664, 0.00156288733706, -0.00158389087301, -0.00127992057241, 0.000952116388362], [0.000104690436274, -0.000547578150872, 6.63239407004e-05, -0.00382308638655, -0.00413257628679, 0.0138824796304, -0.002798138652, -0.00676406454295, 0.00429519312456, -0.00488643534482, 0.00716716749594, -0.00758769921958, 0.00240301666781], [-0.000291182572255, 0.00140348041896, 0.000655007432215, -0.000513637554832, -0.00353140407242, -0.002798138652, 0.0177792925388, -0.00555461924523, -0.0118265319616, 0.0109131876379, -0.00846740137786, 0.00730562396348, -0.00738699827343], [0.000254380604019, -0.00114519242197, -0.00113530131057, 0.00191189674661, 0.00263528269716, -0.00676406454295, -0.00555461924523, 0.0213661473244, -0.00421810988337, -0.00904053729028, 0.00765607645735, 0.000243447968387, 0.000178778689587], [0.000176494373591, -0.00106778799091, -8.67007256602e-05, -0.000168162136106, -0.002533539664, 0.00429519312456, -0.0118265319616, -0.00421810988337, 0.0278034787625, -0.00971614848822, -0.00552126951516, 0.00337803014554, 0.00169515062589], [-0.000194451858988, 0.000823805166874, -0.000124796570162, -0.000664250110276, 0.00156288733706, -0.00488643534482, 0.0109131876379, -0.00904053729028, -0.00971614848822, 0.0376767404377, -0.0241609588265, 0.0052794078365, -0.00236765458249], [0.000169529215782, -0.000692313013133, -0.000622029067017, -0.00109459960368, -0.00158389087301, 0.00716716749594, -0.00846740137786, 0.00765607645735, -0.00552126951516, -0.0241609588265, 0.0529141537845, -0.0361653342843, 0.00713175954297], [-0.000153658023919, 0.000406143662985, -0.000422553857788, -0.00137770257425, -0.00127992057241, -0.00758769921958, 0.00730562396348, 0.000243447968387, 0.00337803014554, 0.0052794078365, -0.0361653342843, 0.0698205381632, -0.0315741971135], [0.000272458506515, -0.00118472287431, 0.00121476897039, 0.000707833678462, 0.000952116388362, 0.00240301666781, -0.00738699827343, 0.000178778689587, 0.00169515062589, -0.00236765458249, 0.00713175954297, -0.0315741971135, 0.0332607850432]]}, "melbands": {"dmean": [0.0040611596778, 0.00318812741898, 0.000935061310884, 0.000278782710666, 0.000389638036722, 0.000239395740209, 0.000184775330126, 9.99356343527e-05, 0.000159606992383, 9.29420930333e-05, 6.06315443292e-05, 3.40634178428e-05, 2.80980984826e-05, 2.71362969215e-05, 3.40536571457e-05, 2.34062699747e-05, 1.59806713782e-05, 1.30705921038e-05, 1.35072878038e-05, 9.58631517278e-06, 8.83340089786e-06, 9.67550022324e-06, 5.87754084336e-06, 6.47933075015e-06, 6.08370328337e-06, 6.45351656203e-06, 5.09929759573e-06, 4.94261212225e-06, 5.50741788174e-06, 4.51418873126e-06, 4.62558637082e-06, 4.69450651508e-06, 4.48400487585e-06, 5.85368024986e-06, 4.57649230157e-06, 3.08836320073e-06, 2.50475886787e-06, 1.60888316714e-06, 1.52676284415e-06, 1.54405427111e-06], "dmean2": [0.00387059664354, 0.00447218306363, 0.00153942685574, 0.000439388182713, 0.000553680176381, 0.000352728500729, 0.000301186606521, 0.000164500117535, 0.000250543176662, 0.000148348568473, 9.38408265938e-05, 5.38731655979e-05, 4.50207226095e-05, 4.25820398959e-05, 5.45490693185e-05, 3.81613172067e-05, 2.57741849055e-05, 2.10981907003e-05, 2.0631332518e-05, 1.50601226778e-05, 1.43463921631e-05, 1.5616098608e-05, 9.45934243646e-06, 1.08108024506e-05, 1.00153765743e-05, 1.04165037556e-05, 8.29026703286e-06, 8.04427236289e-06, 8.93053402251e-06, 7.13604094926e-06, 7.97763914306e-06, 7.62504987506e-06, 7.47562853576e-06, 9.4058632385e-06, 7.53632184569e-06, 5.23497601534e-06, 3.87931822843e-06, 2.63776951215e-06, 2.42938835981e-06, 2.43824911195e-06], "dvar": [5.25072719029e-05, 4.09832355217e-05, 2.72976831184e-06, 2.77021030115e-07, 9.46119769196e-07, 2.37277518522e-07, 2.87687470291e-07, 7.46180788269e-08, 1.57110747523e-07, 6.99292925788e-08, 5.03872641389e-08, 9.84088988076e-09, 2.67906696827e-09, 3.81256581861e-09, 6.26075236099e-09, 1.69142821971e-09, 7.05551950198e-10, 6.20410167684e-10, 7.07304381731e-10, 2.5815843907e-10, 1.95329655228e-10, 3.24180932099e-10, 9.63700230727e-11, 1.06988536086e-10, 9.87817952436e-11, 1.15597191541e-10, 6.76700015467e-11, 7.16079487373e-11, 1.32530084129e-10, 1.43692585608e-10, 6.2103294729e-11, 5.97962512838e-11, 5.74268514686e-11, 7.82644990482e-11, 5.36947430962e-11, 2.02627862406e-11, 1.45030584764e-11, 8.36805104376e-12, 6.2688005828e-12, 6.91632341676e-12], "dvar2": [6.20786013315e-05, 9.75769871729e-05, 7.13690496923e-06, 6.58027374811e-07, 1.37461938721e-06, 4.19014526187e-07, 6.8974856049e-07, 1.88438932014e-07, 3.6481975485e-07, 1.64903269706e-07, 1.09629660017e-07, 1.89803159856e-08, 6.38364872074e-09, 9.38865785116e-09, 1.43931071506e-08, 3.88976184595e-09, 1.6606968023e-09, 1.56086754632e-09, 1.35303912518e-09, 5.86967363603e-10, 4.51107345922e-10, 7.02670810426e-10, 2.20980275745e-10, 2.70980904382e-10, 2.34214980743e-10, 2.67716765423e-10, 1.69566222175e-10, 1.78464007461e-10, 3.40714872982e-10, 3.66575464428e-10, 1.58388538396e-10, 1.23274307429e-10, 1.31968186379e-10, 1.88073473462e-10, 1.2561914009e-10, 4.91180290885e-11, 3.33021006604e-11, 1.96629483529e-11, 1.40827826831e-11, 1.47725321559e-11], "max": [0.0665433704853, 0.0569674968719, 0.0165821015835, 0.00988810416311, 0.0157018527389, 0.00713041750714, 0.00586331589147, 0.00536730047315, 0.0091220671311, 0.00560009200126, 0.0049139414914, 0.00248199654743, 0.000869241077453, 0.0015421930002, 0.00126525119413, 0.000763957214076, 0.000349881476723, 0.000530581804924, 0.000842385052238, 0.000263496069238, 0.000257613311987, 0.000346118817106, 0.000144647507113, 9.19791127671e-05, 0.000177660840563, 0.000149278974277, 0.000120318749396, 0.000149247265654, 0.000435289432062, 0.000525109178852, 0.000182979259989, 0.000154884750373, 0.000161487841979, 0.000144959340105, 7.87397075328e-05, 7.3377872468e-05, 8.15632884041e-05, 0.000131445238367, 4.27348895755e-05, 4.16898801632e-05], "mean": [0.00986150000244, 0.00523191085085, 0.0015275235055, 0.000515275227372, 0.000585302943364, 0.000355869618943, 0.000199836358661, 0.000132282730192, 0.000232422549743, 0.000150845808093, 9.78414609563e-05, 5.27237316419e-05, 3.68522196368e-05, 3.26254667016e-05, 4.25217003794e-05, 2.78605111816e-05, 2.07802404475e-05, 1.73611042555e-05, 1.85369772225e-05, 1.2809206055e-05, 1.14778995339e-05, 1.20300901472e-05, 8.07568630989e-06, 8.23116715765e-06, 8.19291471998e-06, 8.67632297741e-06, 7.40494078855e-06, 6.75304181641e-06, 7.64958167565e-06, 6.43192333882e-06, 5.91669049754e-06, 6.78324840919e-06, 6.65515108267e-06, 7.3861342571e-06, 6.2322778831e-06, 4.61081299363e-06, 4.15677504861e-06, 3.01868567476e-06, 3.02915418615e-06, 3.00595320368e-06], "median": [0.00296735204756, 0.00270495028235, 0.000652470858768, 0.000204250740353, 0.000163083241205, 0.000122272685985, 4.41162883362e-05, 4.42379532615e-05, 5.10641730216e-05, 3.2031963201e-05, 2.20997299039e-05, 1.87649638974e-05, 1.70963976416e-05, 1.32232844408e-05, 1.46754964589e-05, 1.07652094812e-05, 1.0429816939e-05, 9.27520795813e-06, 8.12712096376e-06, 5.99859822614e-06, 5.52207575311e-06, 4.64576805825e-06, 3.79263747163e-06, 3.73881175619e-06, 3.11027474709e-06, 3.01709769701e-06, 2.93714128929e-06, 2.56792691289e-06, 2.19746038965e-06, 1.94777635443e-06, 2.01004081646e-06, 2.00987074095e-06, 1.84785722013e-06, 2.27396776609e-06, 1.88725027783e-06, 1.63495849392e-06, 1.7784367401e-06, 1.35365530696e-06, 1.64941366165e-06, 1.60863919518e-06], "min": [2.27708671892e-15, 4.74115998435e-16, 4.43102522346e-17, 1.20987737731e-16, 1.4330115313e-16, 2.31021254959e-17, 5.91159712535e-17, 7.31530740473e-17, 2.78542443661e-16, 1.58832865412e-16, 1.28774471911e-16, 5.52802255653e-17, 2.52283045867e-16, 1.93141021733e-16, 4.42039601876e-16, 6.83864914279e-16, 3.88385914489e-16, 3.59035984638e-16, 3.4194918604e-16, 4.53855287974e-16, 4.33172913924e-16, 1.88146015504e-16, 2.54316824913e-16, 4.86984917063e-16, 2.92461021399e-16, 4.88087436323e-16, 3.27331409074e-16, 4.39085971519e-16, 3.64878420862e-16, 3.79600621109e-16, 4.29465265425e-16, 4.8554766097e-16, 5.6501406862e-16, 3.05379173817e-16, 5.85794116157e-16, 3.47826721191e-16, 4.45839550496e-16, 3.73207613469e-16, 3.95009129801e-16, 4.06003114531e-16], "var": [0.000198493042262, 5.72638600715e-05, 4.52451149613e-06, 6.14024258994e-07, 1.84655311841e-06, 4.38744848452e-07, 3.01334580399e-07, 1.01424681986e-07, 3.44674731423e-07, 1.54708942546e-07, 1.28504211716e-07, 2.41293527381e-08, 3.38600303351e-09, 3.96793575774e-09, 9.44882661003e-09, 2.47644993401e-09, 8.78012773597e-10, 6.93260171492e-10, 1.52300272394e-09, 3.680124816e-10, 2.78204653759e-10, 4.83964146536e-10, 1.3750231509e-10, 1.30804367338e-10, 1.66564456672e-10, 1.98470295754e-10, 1.3047055103e-10, 1.12459937196e-10, 2.73248923488e-10, 1.89203278045e-10, 8.6105164665e-11, 1.18405354965e-10, 1.4542432536e-10, 1.26752580654e-10, 8.90286733224e-11, 4.37058583769e-11, 3.55454277123e-11, 2.34529895504e-11, 1.6395997407e-11, 1.59012126383e-11]}, "mfcc": {"mean": [-640.937866211, 92.6744384766, 36.4851646423, 20.6622257233, 14.2283525467, 14.9457626343, 6.49838066101, 8.94040966034, 3.40947914124, 6.73905467987, 3.89481806755, 0.784417867661, 1.61620151997], "cov": [[7656.51074219, -438.867919922, -721.133300781, -86.3491439819, -487.409362793, -194.791671753, -263.243927002, -294.129211426, -224.856948853, -286.345367432, -179.676681519, -102.376899719, -163.416702271], [-438.867919922, 592.526184082, 168.223358154, -36.5529289246, 46.902141571, -41.1882514954, -1.09338855743, 15.5518903732, 33.1738319397, 23.093870163, 21.9848060608, 19.8237628937, 21.1394138336], [-721.133300781, 168.223358154, 529.897521973, 102.335700989, 154.646118164, 62.8702201843, 66.0060348511, 57.3203544617, 36.5807647705, 63.883014679, 57.8764839172, 39.8064041138, 55.7152671814], [-86.3491439819, -36.5529289246, 102.335700989, 193.132766724, 77.3448257446, 109.825653076, 61.0406532288, 66.3400268555, 33.2957801819, 43.9327201843, 42.2871742249, 50.6984481812, 52.3623847961], [-487.409362793, 46.902141571, 154.646118164, 77.3448257446, 202.929870605, 128.274978638, 97.3261032104, 87.6298904419, 55.3801765442, 62.5077323914, 57.3368301392, 42.8359603882, 59.8269271851], [-194.791671753, -41.1882514954, 62.8702201843, 109.825653076, 128.274978638, 202.256118774, 118.288497925, 120.178276062, 70.3975067139, 76.0905685425, 58.8235931396, 53.9087219238, 77.2638397217], [-263.243927002, -1.09338855743, 66.0060348511, 61.0406532288, 97.3261032104, 118.288497925, 133.570541382, 112.121994019, 76.6270446777, 73.7608947754, 54.1768913269, 40.2748031616, 52.0726509094], [-294.129211426, 15.5518903732, 57.3203544617, 66.3400268555, 87.6298904419, 120.178276062, 112.121994019, 158.773483276, 97.1664199829, 97.6017837524, 61.7831840515, 43.5677108765, 53.0079460144], [-224.856948853, 33.1738319397, 36.5807647705, 33.2957801819, 55.3801765442, 70.3975067139, 76.6270446777, 97.1664199829, 102.096618652, 80.0311508179, 49.2982063293, 33.4120254517, 32.9392776489], [-286.345367432, 23.093870163, 63.883014679, 43.9327201843, 62.5077323914, 76.0905685425, 73.7608947754, 97.6017837524, 80.0311508179, 115.742507935, 73.0189437866, 45.9081039429, 45.6220092773], [-179.676681519, 21.9848060608, 57.8764839172, 42.2871742249, 57.3368301392, 58.8235931396, 54.1768913269, 61.7831840515, 49.2982063293, 73.0189437866, 79.7086029053, 55.1051559448, 44.245098114], [-102.376899719, 19.8237628937, 39.8064041138, 50.6984481812, 42.8359603882, 53.9087219238, 40.2748031616, 43.5677108765, 33.4120254517, 45.9081039429, 55.1051559448, 72.1622238159, 54.5824699402], [-163.416702271, 21.1394138336, 55.7152671814, 52.3623847961, 59.8269271851, 77.2638397217, 52.0726509094, 53.0079460144, 32.9392776489, 45.6220092773, 44.245098114, 54.5824699402, 80.069152832]], "icov": [[0.000175676221261, 3.1590450817e-05, 0.000124415455502, -9.94677830022e-05, 0.000361645361409, -0.000233751678024, 3.81185054721e-05, 0.000106944884465, 1.51685517267e-05, 0.000310356030241, -0.000177794776391, -6.43056409899e-05, 0.000147441518493], [3.1590450817e-05, 0.00218027783558, -0.000656393123791, 0.000707826402504, -0.000582094769925, 0.0012142494088, 0.000722778378986, -0.00050544727128, -0.00127188512124, 0.000601934851147, 0.000102518497442, -0.000544946000446, -0.000894409196917], [0.000124415455502, -0.000656393123791, 0.00309860846028, -0.00161191169173, -0.00187318807002, 0.00135344034061, -0.000565923925024, 0.000525642244611, 0.000831818964798, -0.000954494404141, -0.000615295255557, 0.00120986765251, -0.000844210560899], [-9.94677830022e-05, 0.000707826402504, -0.00161191169173, 0.00907262973487, 9.53548151301e-05, -0.00413704290986, 0.00111906044185, -0.00139532133471, 0.000847557908855, 0.000416537048295, 0.00113317952491, -0.00486011290923, 0.00101629260462], [0.000361645361409, -0.000582094769925, -0.00187318807002, 9.53548151301e-05, 0.0121634192765, -0.0058136228472, -0.00292276102118, 0.000792966631707, 0.000105870298285, 0.00237767212093, -0.00402288511395, 0.00160667148884, -0.000240332359681], [-0.000233751678024, 0.0012142494088, 0.00135344034061, -0.00413704290986, -0.0058136228472, 0.0187493525445, -0.00576626043767, -0.00474515277892, 0.000649268971756, -0.000448010046966, 0.00133537850343, 0.00208477140404, -0.00806194450706], [3.81185054721e-05, 0.000722778378986, -0.000565923925024, 0.00111906044185, -0.00292276102118, -0.00576626043767, 0.025432785973, -0.00890334043652, -0.00581048009917, 0.00259536853991, -0.00302942586131, 0.00110444496386, -0.00151614635251], [0.000106944884465, -0.00050544727128, 0.000525642244611, -0.00139532133471, 0.000792966631707, -0.00474515277892, -0.00890334043652, 0.0262846406549, -0.00978754367679, -0.00819585192949, 0.00192564434838, 0.00153760029934, -0.000141993412399], [1.51685517267e-05, -0.00127188512124, 0.000831818964798, 0.000847557908855, 0.000105870298285, 0.000649268971756, -0.00581048009917, -0.00978754367679, 0.0311538595706, -0.0124230775982, 0.00280363485217, -0.00387215055525, 0.00413905875757], [0.000310356030241, 0.000601934851147, -0.000954494404141, 0.000416537048295, 0.00237767212093, -0.000448010046966, 0.00259536853991, -0.00819585192949, -0.0124230775982, 0.0365520194173, -0.0241431295872, 0.00660045444965, -0.00361434742808], [-0.000177794776391, 0.000102518497442, -0.000615295255557, 0.00113317952491, -0.00402288511395, 0.00133537850343, -0.00302942586131, 0.00192564434838, 0.00280363485217, -0.0241431295872, 0.0511151328683, -0.027358232066, 0.0047170962207], [-6.43056409899e-05, -0.000544946000446, 0.00120986765251, -0.00486011290923, 0.00160667148884, 0.00208477140404, 0.00110444496386, 0.00153760029934, -0.00387215055525, 0.00660045444965, -0.027358232066, 0.0480279326439, -0.022389665246], [0.000147441518493, -0.000894409196917, -0.000844210560899, 0.00101629260462, -0.000240332359681, -0.00806194450706, -0.00151614635251, -0.000141993412399, 0.00413905875757, -0.00361434742808, 0.0047170962207, -0.022389665246, 0.0350010469556]]}, "spectral_contrast_coeffs": {"dmean": [0.048502702266, 0.0541116334498, 0.0379131697118, 0.027474315837, 0.0201973281801, 0.0199779924005], "dmean2": [0.0760376304388, 0.0838792994618, 0.0620974302292, 0.0455739013851, 0.0327391810715, 0.0305844806135], "dvar": [0.0016901808558, 0.00218791724183, 0.000975964649115, 0.000512819329742, 0.000290945754386, 0.000318401027471], "dvar2": [0.0042712520808, 0.00504225213081, 0.00239026849158, 0.00134855334181, 0.000710550579242, 0.000707020750269], "max": [-0.303701221943, -0.471188187599, -0.469863295555, -0.631264448166, -0.68517190218, -0.628922939301], "mean": [-0.646858274937, -0.749724447727, -0.802686154842, -0.828972458839, -0.831802427769, -0.802035689354], "median": [-0.649224877357, -0.757225036621, -0.811671793461, -0.833876132965, -0.833100676537, -0.801378905773], "min": [-0.943708240986, -0.940504491329, -0.958981156349, -0.96735227108, -0.950662791729, -0.922150731087], "var": [0.0091860005632, 0.00570673821494, 0.00350910401903, 0.00127236510161, 0.000736015092116, 0.00119181175251]}, "spectral_contrast_valleys": {"dmean": [0.431397199631, 0.487444698811, 0.421393930912, 0.425283104181, 0.408035606146, 0.30828410387], "dmean2": [0.692784965038, 0.791365981102, 0.672865271568, 0.626682639122, 0.595019996166, 0.441272228956], "dvar": [0.188368469477, 0.242348343134, 0.175650954247, 0.198519423604, 0.213551387191, 0.112304575741], "dvar2": [0.436808675528, 0.556361198425, 0.36794757843, 0.407047986984, 0.456204682589, 0.191575780511], "max": [-5.35426425934, -4.38467311859, -5.06609201431, -5.75690412521, -5.72528505325, -7.45886278152], "mean": [-7.06629562378, -6.92646360397, -7.52567481995, -7.6904296875, -7.5281791687, -9.22086715698], "media