{"lowlevel": {"average_loudness": 0.68821823597, "barkbands_crest": {"dmean": 2.3174507618, "dmean2": 3.72297358513, "dvar": 5.8536734581, "dvar2": 14.4337863922, "max": 26.6085796356, "mean": 18.0266685486, "median": 18.4730110168, "min": 2.3605735302, "var": 28.3202629089}, "barkbands_flatness_db": {"dmean": 0.0388333722949, "dmean2": 0.0556905604899, "dvar": 0.00181841826998, "dvar2": 0.00329908565618, "max": 0.627943694592, "mean": 0.329812139273, "median": 0.329641282558, "min": 0.0228026919067, "var": 0.0140368351713}, "barkbands_kurtosis": {"dmean": 33.7701683044, "dmean2": 52.1155700684, "dvar": 5070.3671875, "dvar2": 11532.4550781, "max": 1602.85620117, "mean": 76.7527389526, "median": 32.3483734131, "min": -1.85868704319, "var": 18802.0742188}, "barkbands_skewness": {"dmean": 1.45682787895, "dmean2": 2.22402215004, "dvar": 3.07781052589, "dvar2": 6.81305885315, "max": 29.6939868927, "mean": 5.22341966629, "median": 4.35869455338, "min": -9.03055477142, "var": 18.4596233368}, "barkbands_spread": {"dmean": 2.79728269577, "dmean2": 4.47434616089, "dvar": 41.6386947632, "dvar2": 100.687072754, "max": 93.5094833374, "mean": 6.32763528824, "median": 2.5490398407, "min": 0.0511294044554, "var": 125.259689331}, "dissonance": {"dmean": 0.0265186559409, "dmean2": 0.044197935611, "dvar": 0.000811849138699, "dvar2": 0.00209093140438, "max": 0.500000059605, "mean": 0.423995822668, "median": 0.436485886574, "min": 0.188648059964, "var": 0.00370629527606}, "dynamic_complexity": 7.5418753624, "erbbands_crest": {"dmean": 2.59548020363, "dmean2": 4.0537815094, "dvar": 7.18135404587, "dvar2": 15.9390592575, "max": 33.8475990295, "mean": 13.1655006409, "median": 12.6381788254, "min": 2.06852817535, "var": 30.7652587891}, "erbbands_flatness_db": {"dmean": 0.021740745753, "dmean2": 0.0311626065522, "dvar": 0.000731909531169, "dvar2": 0.00132418377325, "max": 0.419456392527, "mean": 0.202786505222, "median": 0.206888079643, "min": 0.0452515631914, "var": 0.0054080770351}, "erbbands_kurtosis": {"dmean": 3.94023180008, "dmean2": 6.02849388123, "dvar": 67.1513595581, "dvar2": 152.611083984, "max": 107.192359924, "mean": 6.70630502701, "median": 1.80832362175, "min": -1.79239225388, "var": 169.568191528}, "erbbands_skewness": {"dmean": 0.603198945522, "dmean2": 0.897106170654, "dvar": 0.658000469208, "dvar2": 1.28911089897, "max": 8.54046440125, "mean": 1.44063925743, "median": 1.07341575623, "min": -3.66777801514, "var": 3.05183935165}, "erbbands_spread": {"dmean": 8.00391483307, "dmean2": 12.4056425095, "dvar": 153.823791504, "dvar2": 315.617279053, "max": 140.513534546, "mean": 33.3974838257, "median": 21.5063438416, "min": 1.0247977972, "var": 802.814575195}, "hfc": {"dmean": 6.45356893539, "dmean2": 10.0420217514, "dvar": 248.874649048, "dvar2": 653.73840332, "max": 229.157150269, "mean": 11.595158577, "median": 4.38053846359, "min": 1.11639418904e-16, "var": 338.668212891}, "melbands_crest": {"dmean": 2.7104074955, "dmean2": 4.2906370163, "dvar": 7.04109334946, "dvar2": 16.3205184937, "max": 32.8541755676, "mean": 22.083404541, "median": 22.5523777008, "min": 1.00051271915, "var": 25.5410385132}, "melbands_flatness_db": {"dmean": 0.0430388525128, "dmean2": 0.0616318695247, "dvar": 0.00236535584554, "dvar2": 0.00417467951775, "max": 0.775011360645, "mean": 0.443824082613, "median": 0.450127720833, "min": 2.5885974253e-08, "var": 0.0195808820426}, "melbands_kurtosis": {"dmean": 32.3224983215, "dmean2": 50.160610199, "dvar": 2726.52172852, "dvar2": 6117.43066406, "max": 687.581970215, "mean": 81.6097564697, "median": 41.5686416626, "min": -1.72408533096, "var": 11324.0166016}, "melbands_skewness": {"dmean": 1.30661427975, "dmean2": 2.02178072929, "dvar": 2.62072110176, "dvar2": 5.80129671097, "max": 19.7289791107, "mean": 5.08262729645, "median": 4.16029310226, "min": -2.09717583656, "var": 12.8009824753}, "melbands_spread": {"dmean": 2.62084984779, "dmean2": 4.15404987335, "dvar": 66.9271087646, "dvar2": 156.561279297, "max": 158.910018921, "mean": 5.44104480743, "median": 1.84709858894, "min": 0.244254633784, "var": 151.197601318}, "pitch_salience": {"dmean": 0.0735339075327, "dmean2": 0.117523923516, "dvar": 0.00587600609288, "dvar2": 0.0142435450107, "max": 0.996096432209, "mean": 0.303831040859, "median": 0.286527454853, "min": 0.0380417592824, "var": 0.0230645798147}, "silence_rate_20dB": {"dmean": 0.0480715483427, "dmean2": 0.0961610153317, "dvar": 0.0457579828799, "dvar2": 0.100333765149, "max": 1, "mean": 0.911885261536, "median": 1, "min": 0, "var": 0.0803471207619}, "silence_rate_30dB": {"dmean": 0.0857089608908, "dmean2": 0.171449869871, "dvar": 0.0783646628261, "dvar2": 0.152870416641, "max": 1, "mean": 0.694485843182, "median": 1, "min": 0, "var": 0.212172806263}, "silence_rate_60dB": {"dmean": 0.0357741750777, "dmean2": 0.0715616866946, "dvar": 0.0344953723252, "dvar2": 0.0765073075891, "max": 1, "mean": 0.172317430377, "median": 0, "min": 0, "var": 0.142617940903}, "spectral_centroid": {"dmean": 144.49382019, "dmean2": 215.758880615, "dvar": 84052.25, "dvar2": 157602.3125, "max": 10914.2910156, "mean": 531.858947754, "median": 354.676513672, "min": 82.8430099487, "var": 333817.28125}, "spectral_complexity": {"dmean": 1.48798215389, "dmean2": 2.34923601151, "dvar": 10.7859144211, "dvar2": 22.4289951324, "max": 53, "mean": 5.24720573425, "median": 5, "min": 0, "var": 21.4313201904}, "spectral_decrease": {"dmean": 1.43434393252e-08, "dmean2": 2.19868887541e-08, "dvar": 1.11401677932e-15, "dvar2": 2.77560563068e-15, "max": 1.0770933426e-15, "mean": -2.74007057044e-08, "median": -7.13481007608e-09, "min": -4.24521829245e-07, "var": 2.11306238857e-15}, "spectral_energy": {"dmean": 0.0546487718821, "dmean2": 0.0837616473436, "dvar": 0.0161076467484, "dvar2": 0.0401301048696, "max": 1.61426913738, "mean": 0.10446780175, "median": 0.0273538194597, "min": 1.01611092628e-20, "var": 0.0305790062994}, "spectral_energyband_high": {"dmean": 0.00016573681205, "dmean2": 0.000301403691992, "dvar": 1.35669210977e-06, "dvar2": 3.92038964492e-06, "max": 0.0202206168324, "mean": 0.000131431734189, "median": 5.38018684892e-06, "min": 7.48524783587e-21, "var": 8.28736574476e-07}, "spectral_energyband_low": {"dmean": 0.0536947846413, "dmean2": 0.0829240605235, "dvar": 0.0160548668355, "dvar2": 0.0401987805963, "max": 1.59961926937, "mean": 0.0989915728569, "median": 0.0220056660473, "min": 1.1366367355e-22, "var": 0.0296136774123}, "spectral_energyband_middle_high": {"dmean": 0.000350717338733, "dmean2": 0.00053101638332, "dvar": 3.34301626026e-06, "dvar2": 8.39772656036e-06, "max": 0.0384842045605, "mean": 0.000559268228244, "median": 9.43656486925e-05, "min": 1.37088919588e-21, "var": 3.34635433319e-06}, "spectral_energyband_middle_low": {"dmean": 0.00206666765735, "dmean2": 0.00295971566811, "dvar": 1.52412903844e-05, "dvar2": 3.02248845401e-05, "max": 0.0807117447257, "mean": 0.00565154058859, "median": 0.00255409791134, "min": 3.21780149772e-22, "var": 6.57370619592e-05}, "spectral_entropy": {"dmean": 0.275924265385, "dmean2": 0.39609092474, "dvar": 0.117638535798, "dvar2": 0.194407820702, "max": 9.78780078888, "mean": 6.41535043716, "median": 6.29360294342, "min": 4.05368089676, "var": 0.956548988819}, "spectral_flux": {"dmean": 0.056717440486, "dmean2": 0.0930445343256, "dvar": 0.00803643092513, "dvar2": 0.0198884531856, "max": 0.872610092163, "mean": 0.0933327972889, "median": 0.054552488029, "min": 1.00802324821e-10, "var": 0.0130192516372}, "spectral_kurtosis": {"dmean": 6.00706148148, "dmean2": 9.55229759216, "dvar": 80.2024612427, "dvar2": 191.163909912, "max": 116.812736511, "mean": 16.5762748718, "median": 11.1353750229, "min": -1.19550645351, "var": 277.312164307}, "spectral_rms": {"dmean": 0.00205112947151, "dmean2": 0.00289419991896, "dvar": 1.04687542262e-05, "dvar2": 2.1672965886e-05, "max": 0.0396849699318, "mean": 0.00755618140101, "median": 0.0051659126766, "min": 3.14853568564e-12, "var": 4.48241189588e-05}, "spectral_rolloff": {"dmean": 166.052688599, "dmean2": 290.677215576, "dvar": 492591.78125, "dvar2": 1261553, "max": 19789.0136719, "mean": 521.745483398, "median": 107.666015625, "min": 64.599609375, "var": 4180135}, "spectral_skewness": {"dmean": 0.483083844185, "dmean2": 0.739856719971, "dvar": 0.362547636032, "dvar2": 0.777149915695, "max": 8.59701728821, "mean": 2.92294788361, "median": 2.75102686882, "min": 0.0523829832673, "var": 2.11144971848}, "spectral_spread": {"dmean": 528293.9375, "dmean2": 806335.375, "dvar": 542918803456, "dvar2": 913353998336, "max": 41495156, "mean": 3808539.5, "median": 3595290.5, "min": 706468.125, "var": 3653901484030.0}, "spectral_strongpeak": {"dmean": 0.276101201773, "dmean2": 0.421964675188, "dvar": 0.186921551824, "dvar2": 0.419926702976, "max": 5.30854034424, "mean": 0.705844342709, "median": 0.392841279507, "min": 0, "var": 0.536311030388}, "zerocrossingrate": {"dmean": 0.00494968146086, "dmean2": 0.00626039179042, "dvar": 0.000115807226393, "dvar2": 0.000153865563334, "max": 0.73779296875, "mean": 0.0222536362708, "median": 0.0087890625, "min": 0.001953125, "var": 0.00362963392399}, "barkbands": {"dmean": [0.000178483489435, 0.0426226295531, 0.012823516503, 0.000856074737385, 0.0006837156252, 0.000561809167266, 0.000237274929532, 0.000142769364174, 0.000210740894545, 3.34819014824e-05, 3.93809714296e-05, 1.6096053514e-05, 1.24612106447e-05, 2.11227325053e-05, 1.18921770991e-05, 3.90892819269e-05, 7.32646658435e-05, 8.81884188857e-05, 4.4439391786e-05, 1.42724611578e-05, 2.98882005154e-05, 6.32317969576e-05, 3.45608823409e-05, 1.65620276675e-05, 1.13742034955e-05, 6.14595774096e-06, 1.85416899967e-06], "dmean2": [0.000305659894366, 0.0663194656372, 0.0199428535998, 0.00141110422555, 0.0010945207905, 0.000809278397355, 0.00035048549762, 0.000213680250454, 0.000248785887379, 4.49913131888e-05, 4.84598822368e-05, 2.34109102166e-05, 1.84233012988e-05, 3.47157583747e-05, 1.92468069145e-05, 5.9477169998e-05, 0.000116293114843, 0.000147328930325, 7.67980382079e-05, 2.37026379182e-05, 5.49816759303e-05, 0.000118501055113, 6.13247320871e-05, 2.93289431283e-05, 1.98895086214e-05, 1.09570037239e-05, 3.39166126651e-06], "dvar": [1.28433228497e-07, 0.0109024075791, 0.000963045633398, 3.80789538212e-06, 1.85274552678e-06, 3.2750660921e-06, 1.22624430787e-06, 4.99785642205e-07, 1.03188324374e-06, 6.34767403085e-08, 2.71295501619e-08, 4.40764758025e-09, 1.31405553105e-09, 1.50483892014e-08, 3.04027758524e-09, 5.39938262989e-08, 2.47848163326e-07, 3.32646123979e-07, 8.84857911387e-08, 5.84856918451e-09, 4.93869407592e-08, 2.49954098308e-07, 5.53369510214e-08, 1.1864514704e-08, 4.19384749151e-09, 1.21104559714e-09, 1.64335767217e-10], "dvar2": [3.54625399268e-07, 0.0272343568504, 0.00230796216056, 9.87727071333e-06, 4.48718492407e-06, 7.08897869117e-06, 2.56062276094e-06, 9.33921569413e-07, 1.42968372074e-06, 9.421012237e-08, 3.88026109022e-08, 7.91364396235e-09, 2.94183410965e-09, 3.95826695865e-08, 8.15102030316e-09, 1.2805237759e-07, 6.21808624146e-07, 8.44445423809e-07, 2.38724680912e-07, 1.52442112267e-08, 1.44853260053e-07, 7.32077182874e-07, 1.56324617251e-07, 3.34938121682e-08, 1.21194867475e-08, 3.57541618534e-09, 4.75460171234e-10], "max": [0.00509236054495, 1.38111996651, 0.427419245243, 0.0294797085226, 0.0256525482982, 0.059886816889, 0.0495512858033, 0.0346062742174, 0.0368949100375, 0.0162204690278, 0.00496290111914, 0.00308287399821, 0.000908680842258, 0.00329802464694, 0.00114496645983, 0.00526844337583, 0.00975539907813, 0.0100569464266, 0.00506923999637, 0.00141112145502, 0.0042323586531, 0.00875925924629, 0.00388480862603, 0.00185405893717, 0.00135612150189, 0.000559138017707, 0.000330652401317], "mean": [0.00028159795329, 0.08087798208, 0.0169767010957, 0.00137204385828, 0.00126259750687, 0.00137393712066, 0.000570098811295, 0.000376585376216, 0.000674798851833, 9.06803688849e-05, 0.000128376443172, 3.95895222027e-05, 2.86497670459e-05, 3.69707740902e-05, 1.72936852323e-05, 4.50723891845e-05, 6.4400206611e-05, 7.46557925595e-05, 3.68056280422e-05, 1.5375948351e-05, 2.28690096264e-05, 4.31731859862e-05, 2.76629816653e-05, 1.37852039188e-05, 1.0050360288e-05, 5.12445376444e-06, 1.29065961119e-06], "median": [0.000109092783532, 0.01657519117, 0.00293969619088, 0.000425109901698, 0.000344014144503, 0.000108311869553, 3.90618915844e-05, 1.16711053124e-05, 1.79545168066e-05, 3.73451939595e-06, 9.0350949904e-06, 4.90949150844e-06, 5.02941202285e-06, 1.65486744663e-06, 2.16214493776e-06, 4.23602068622e-06, 2.7178439268e-06, 4.66287201561e-06, 2.62605863099e-06, 1.51438814555e-06, 8.05168667739e-07, 8.28567465305e-07, 9.46966338233e-07, 6.26114456281e-07, 5.66537210034e-07, 2.43314786985e-07, 2.32742358719e-08], "min": [7.59111777194e-24, 7.88114011716e-23, 2.28316635473e-23, 6.40617927254e-24, 7.97235389482e-23, 4.19441003621e-23, 1.94511263558e-23, 3.22078433857e-23, 1.14725644412e-22, 6.81789256317e-23, 1.6780597111e-23, 4.23691954158e-23, 8.4135196229e-23, 1.0644163303e-22, 5.36535982295e-23, 1.40152133378e-22, 1.66161331807e-22, 2.48964249252e-22, 2.61310616617e-22, 4.27277005117e-22, 5.25026791988e-22, 4.88574198512e-22, 4.1152253145e-22, 9.05606260742e-22, 1.26934368801e-21, 1.61564802133e-21, 2.22874304283e-21], "var": [1.82271392646e-07, 0.0216853171587, 0.00134381686803, 7.45654597267e-06, 5.15918236488e-06, 1.1202292626e-05, 3.98676729674e-06, 2.38435200117e-06, 6.1982113948e-06, 2.55952556927e-07, 1.60762752444e-07, 1.83039912116e-08, 3.80707021463e-09, 3.45792479095e-08, 3.10036485374e-09, 5.09534174853e-08, 1.98139289864e-07, 2.62740826429e-07, 6.25861744652e-08, 5.7527973496e-09, 2.86042620701e-08, 1.39405855748e-07, 3.5529531317e-08, 7.87295384441e-09, 2.9330740059e-09, 8.01727961797e-10, 9.77565459137e-11]}, "erbbands": {"dmean": [0.647536993027, 11.4103603363, 21.0005435944, 4.8572306633, 2.30045866966, 2.53414797783, 2.64739084244, 5.71919202805, 3.73684048653, 3.02730727196, 4.39962148666, 4.08652973175, 1.11675584316, 0.83254212141, 1.83089232445, 0.656917214394, 0.605552315712, 0.959896624088, 0.896409034729, 0.802982270718, 2.51905536652, 4.12740564346, 5.29604005814, 2.93574166298, 1.65823793411, 0.640046775341, 0.668700277805, 1.90696489811, 2.36921477318, 1.39597547054, 0.957754969597, 0.571549355984, 0.162466615438, 0.124733738601, 0.086418800056, 0.0386458821595, 0.00691322656348, 0.00277773174457, 0.00025903628557, 6.96045099176e-05], "dmean2": [0.949187874794, 17.9012794495, 32.8248100281, 7.5144906044, 3.74570035934, 4.06772422791, 3.87302112579, 8.17145347595, 5.68538331985, 4.48631715775, 5.67367649078, 5.05525445938, 1.46700763702, 1.11865997314, 2.22434806824, 0.909818410873, 0.891797304153, 1.56753218174, 1.49544358253, 1.26777625084, 3.79247522354, 6.51367473602, 8.92282581329, 4.99004125595, 2.83496308327, 1.06657195091, 1.15220534801, 3.5850212574, 4.45115423203, 2.53748846054, 1.70808207989, 1.01940512657, 0.28449806571, 0.218317821622, 0.153741240501, 0.0697000101209, 0.0119905304164, 0.00501778628677, 0.000458984548459, 0.00010986932466], "dvar": [2.03900814056, 805.355895996, 2709.46948242, 117.813522339, 19.6244087219, 30.0795021057, 41.5673561096, 429.185302734, 254.924255371, 179.253936768, 632.091674805, 290.226715088, 38.5913391113, 18.3507270813, 67.0885162354, 4.04878282547, 3.0031003952, 30.626947403, 25.8405761719, 16.0581359863, 239.603530884, 788.633789062, 1248.63513184, 372.685821533, 110.506500244, 11.9329776764, 16.2785549164, 233.058837891, 347.96673584, 103.617630005, 42.9802703857, 16.4544010162, 0.826393663883, 0.533853948116, 0.24123108387, 0.049912057817, 0.00147857994307, 0.000388710584957, 2.1257676508e-06, 2.39027642124e-08], "dvar2": [4.39161729813, 2037.0378418, 6848.34423828, 295.378234863, 48.2470550537, 70.2433547974, 89.0478744507, 917.63848877, 526.034973145, 348.509918213, 996.655822754, 426.196746826, 59.9837112427, 30.4157447815, 96.2950057983, 7.59971475601, 6.63997793198, 77.141746521, 72.1519851685, 41.1338157654, 538.879760742, 1981.40686035, 3233.24145508, 973.393310547, 297.218566895, 31.5001754761, 45.6110649109, 687.575134277, 1020.72717285, 300.621795654, 121.343170166, 46.6072273254, 2.35119557381, 1.53175210953, 0.708158731461, 0.14846482873, 0.00430374452844, 0.00112946622539, 6.09131120655e-06, 6.16620710048e-08], "max": [17.9477005005, 371.569488525, 708.437744141, 137.759628296, 64.2114028931, 110.955711365, 164.727081299, 634.061706543, 662.188842773, 706.17791748, 850.434997559, 537.301513672, 341.297332764, 238.341079712, 244.770828247, 62.1984176636, 46.3693809509, 195.540603638, 98.9550247192, 91.1265945435, 332.336669922, 571.487548828, 638.342102051, 335.803466797, 183.191925049, 58.4053077698, 76.1337509155, 291.390777588, 332.552429199, 181.856796265, 107.795349121, 74.7488861084, 16.6185646057, 16.270450592, 8.30387020111, 3.4312069416, 0.717679381371, 0.508250713348, 0.0381173565984, 0.00198983610608], "mean": [1.43440854549, 20.7084007263, 29.9580593109, 8.21203899384, 3.79574966431, 5.12712192535, 6.21391582489, 13.6349601746, 8.58556175232, 7.58152103424, 13.9150857925, 12.5056772232, 3.09321546555, 2.4825861454, 6.07380628586, 1.82384121418, 1.4918487072, 1.85922551155, 1.33133137226, 1.09114563465, 2.85573911667, 3.65578126907, 4.40386629105, 2.50125718117, 1.47015035152, 0.696813106537, 0.643569648266, 1.28964185715, 1.59930360317, 1.06253671646, 0.747398257256, 0.440848559141, 0.151937454939, 0.114129923284, 0.0716671869159, 0.0311994105577, 0.00651680352166, 0.00205357116647, 0.000222520975512, 0.000122229248518], "median": [0.517290115356, 3.4176068306, 4.9921579361, 2.26922798157, 1.36638021469, 1.11550474167, 1.24586510658, 0.995477795601, 1.06188642979, 0.640482127666, 0.480991065502, 0.600009083748, 0.458611369133, 0.305616617203, 0.363940566778, 0.277025878429, 0.305792927742, 0.15537327528, 0.150462731719, 0.128710448742, 0.249310225248, 0.1774700284, 0.287882864475, 0.175141364336, 0.109093278646, 0.0662127882242, 0.041031204164, 0.0255183540285, 0.029913071543, 0.0382476896048, 0.0220529325306, 0.0138743128628, 0.0113447355106, 0.00707853073254, 0.00356628233567, 0.00148368580267, 0.000389083434129, 5.24188944837e-05, 2.41167272179e-05, 3.29216927639e-05], "min": [3.16118299418e-21, 1.50099983928e-20, 2.5156310493e-20, 2.58526883244e-20, 5.5736192231e-20, 2.82593900268e-19, 5.13980719427e-19, 2.98645184959e-19, 3.56043868049e-19, 2.88902961897e-19, 8.62295308435e-19, 2.56203436948e-18, 2.66097054741e-18, 1.56836659805e-18, 1.19623675542e-18, 2.01167533238e-18, 4.324919623e-18, 4.34921681272e-18, 3.42655019257e-18, 5.30391476132e-18, 7.71438813588e-18, 1.03273441575e-17, 1.21873540634e-17, 1.62633386441e-17, 1.06173685695e-17, 2.12209132965e-17, 2.18169349782e-17, 1.90197360557e-17, 1.81705226604e-17, 1.48797268684e-17, 1.29744602568e-17, 1.64353740135e-17, 1.58520445912e-17, 1.29679859141e-17, 9.48531151701e-18, 6.71074177453e-18, 2.51799465328e-18, 1.29364761231e-18, 2.91687872224e-19, 3.29449526679e-20], "var": [5.95887708664, 1523.63586426, 3779.65136719, 191.280349731, 36.8144569397, 108.100524902, 140.617736816, 1467.77185059, 815.221862793, 775.581481934, 3494.9909668, 1539.94372559, 145.599914551, 88.3703689575, 396.373291016, 17.6150817871, 9.26362133026, 96.4460372925, 23.8823184967, 16.2840843201, 237.068466187, 631.418823242, 943.548828125, 281.807250977, 83.7391738892, 11.6420288086, 12.127453804, 127.465370178, 193.076385498, 61.2568702698, 27.3671836853, 10.3590183258, 0.608472406864, 0.377850919962, 0.160478010774, 0.03244112432, 0.00103688694071, 0.000230574791203, 1.36647463478e-06, 4.06000744135e-08]}, "gfcc": {"mean": [-143.824432373, 134.068466187, -53.6264686584, 44.5686187744, -26.3015766144, 12.7704658508, -22.7264194489, 13.2618675232, -9.12049674988, -3.70482087135, -3.74184536934, 1.38778030872, -8.93195819855], "cov": [[13249.7099609, 1269.05541992, 324.492858887, 822.752746582, -136.642105103, 787.094360352, 325.723419189, 354.344726562, 141.481536865, 292.766174316, -62.8810501099, 164.299453735, 76.7783813477], [1269.05541992, 2599.60131836, 354.193389893, -679.342285156, 225.034423828, -96.6514587402, 410.128051758, -127.435249329, 212.697555542, -185.52305603, 255.78074646, -189.262069702, 189.649276733], [324.492858887, 354.193389893, 1161.3223877, 374.802642822, 259.547790527, 45.8155059814, 264.315856934, 50.3535804749, 67.1049194336, -42.0111579895, 56.3259086609, -81.7490615845, 4.70789289474], [822.752746582, -679.342285156, 374.802642822, 1044.32592773, 138.189163208, 177.75769043, -19.8190994263, 121.114379883, -3.63349962234, 29.4204921722, -74.8268737793, 21.6382961273, -48.1902885437], [-136.642105103, 225.034423828, 259.547790527, 138.189163208, 294.510284424, 20.3476028442, 105.973426819, -25.9664115906, 56.2442588806, -72.3263397217, 39.7064933777, -52.6659317017, 12.8833580017], [787.094360352, -96.6514587402, 45.8155059814, 177.75769043, 20.3476028442, 176.124649048, 47.2494354248, 43.2384796143, -18.8252754211, 36.6046600342, -11.9085626602, 28.7233810425, 0.501387417316], [325.723419189, 410.128051758, 264.315856934, -19.8190994263, 105.973426819, 47.2494354248, 227.429336548, 22.9658260345, 88.6471633911, -39.8469200134, 52.0181007385, -48.7073364258, 44.9345664978], [354.344726562, -127.435249329, 50.3535804749, 121.114379883, -25.9664115906, 43.2384796143, 22.9658260345, 116.889221191, 30.1929206848, 37.0103683472, -26.6953659058, 7.24759721756, -21.8737316132], [141.481536865, 212.697555542, 67.1049194336, -3.63349962234, 56.2442588806, -18.8252754211, 88.6471633911, 30.1929206848, 146.72807312, 8.95707511902, 27.6435909271, -42.0146141052, 22.984834671], [292.766174316, -185.52305603, -42.0111579895, 29.4204921722, -72.3263397217, 36.6046600342, -39.8469200134, 37.0103683472, 8.95707511902, 104.852050781, -7.38448810577, 27.5257644653, -24.5104694366], [-62.8810501099, 255.78074646, 56.3259086609, -74.8268737793, 39.7064933777, -11.9085626602, 52.0181007385, -26.6953659058, 27.6435909271, -7.38448810577, 86.8619689941, 5.06915330887, 29.0833415985], [164.299453735, -189.262069702, -81.7490615845, 21.6382961273, -52.6659317017, 28.7233810425, -48.7073364258, 7.24759721756, -42.0146141052, 27.5257644653, 5.06915330887, 91.3772583008, 15.4572429657], [76.7783813477, 189.649276733, 4.70789289474, -48.1902885437, 12.8833580017, 0.501387417316, 44.9345664978, -21.8737316132, 22.984834671, -24.5104694366, 29.0833415985, 15.4572429657, 79.2468719482]], "icov": [[0.000176852627192, -0.000335673248628, 1.52308612087e-05, -0.000191809784155, 0.000145667552715, -0.000546585710254, -4.27297600254e-05, -9.95321215669e-07, -0.000195479035028, -0.00039974518586, 0.000794420833699, -0.000787651573773, 0.000313298311085], [-0.000335673248628, 0.00177900714334, -0.000242422422161, 0.000986504484899, -7.99291374278e-05, 0.000320702180034, 7.9524856119e-05, -0.000208703917451, -4.728654676e-05, 0.00190678366926, -0.003834401723, 0.00372601323761, -0.00212572375312], [1.52308612087e-05, -0.000242422422161, 0.00188421609346, -0.000979077536613, -0.000934629235417, 0.00183285155799, -0.00294696399942, -0.000223713708692, 0.00191719911527, -0.00184504396748, 0.000121694414702, 7.94972656877e-05, 0.000420772674261], [-0.000191809784155, 0.000986504484899, -0.000979077536613, 0.00252213119529, -0.000795487081632, -0.00199984107167, 0.00242032832466, -0.00139245321043, -0.00113529828377, 0.00208185706288, -0.0012139340397, 0.00158811407164, -0.00108894368168], [0.000145667552715, -7.99291374278e-05, -0.000934629235417, -0.000795487081632, 0.00722705572844, -0.00288928602822, 0.000387157371733, 0.00252736359835, -0.00362283200957, 0.00508996844292, -0.00208517722785, 0.000544096226804, 0.00222756061703], [-0.000546585710254, 0.000320702180034, 0.00183285155799, -0.00199984107167, -0.00288928602822, 0.0152683332562, -0.00839950051159, -0.00079616997391, 0.00749519420788, -0.007364009507, 0.00147696875501, -0.00130130932666, -0.00138664618134], [-4.27297600254e-05, 7.9524856119e-05, -0.00294696399942, 0.00242032832466, 0.000387157371733, -0.00839950051159, 0.0167936012149, -0.00391455972567, -0.00675425538793, 0.00741255655885, -0.00503546278924, 0.00476558506489, -0.00394451571628], [-9.95321215669e-07, -0.000208703917451, -0.000223713708692, -0.00139245321043, 0.00252736359835, -0.00079616997391, -0.00391455972567, 0.0158468168229, -0.00476939231157, -0.00173163064755, 0.00524677382782, -0.00486852601171, 0.00572659401223], [-0.000195479035028, -4.728654676e-05, 0.00191719911527, -0.00113529828377, -0.00362283200957, 0.00749519420788, -0.00675425538793, -0.00476939231157, 0.017135694623, -0.00903283059597, -0.00158929382451, 0.00624846480787, -0.00584616884589], [-0.00039974518586, 0.00190678366926, -0.00184504396748, 0.00208185706288, 0.00508996844292, -0.007364009507, 0.00741255655885, -0.00173163064755, -0.00903283059597, 0.0233650170267, -0.00785399787128, 0.000361971295206, 0.00439605209976], [0.000794420833699, -0.003834401723, 0.000121694414702, -0.0012139340397, -0.00208517722785, 0.00147696875501, -0.00503546278924, 0.00524677382782, -0.00158929382451, -0.00785399787128, 0.0277273263782, -0.0141350738704, 0.00290726008825], [-0.000787651573773, 0.00372601323761, 7.94972656877e-05, 0.00158811407164, 0.000544096226804, -0.00130130932666, 0.00476558506489, -0.00486852601171, 0.00624846480787, 0.000361971295206, -0.0141350738704, 0.029259653762, -0.0135389519855], [0.000313298311085, -0.00212572375312, 0.000420772674261, -0.00108894368168, 0.00222756061703, -0.00138664618134, -0.00394451571628, 0.00572659401223, -0.00584616884589, 0.00439605209976, 0.00290726008825, -0.0135389519855, 0.0248082783073]]}, "melbands": {"dmean": [0.00915329251438, 0.013045238331, 0.000836920458823, 0.000165487610502, 9.58900272963e-05, 0.000119410149637, 5.60946828045e-05, 3.04830482492e-05, 4.35921465396e-05, 2.40663339355e-05, 5.10558083988e-06, 3.54601479557e-06, 5.17941953149e-06, 2.98132022181e-06, 1.35191419304e-06, 1.38544282891e-06, 1.93030723494e-06, 1.58710292908e-06, 8.06009893495e-07, 1.74734907432e-06, 3.2685129554e-06, 3.82367989005e-06, 5.48033358427e-06, 4.27793247582e-06, 2.19022058445e-06, 1.57613169449e-06, 7.47255796796e-07, 3.69461162109e-07, 3.32968085104e-07, 7.05012155322e-07, 1.22272069802e-06, 1.43156978538e-06, 1.06576271719e-06, 6.94964512604e-07, 5.52289122879e-07, 5.86926944379e-07, 2.36983836999e-07, 1.2262650273e-07, 7.2900604664e-08, 1.16875462197e-07], "dmean2": [0.0139126768336, 0.020476732403, 0.00128613738343, 0.000269104726613, 0.000140369331348, 0.000171697494807, 8.49436692079e-05, 4.55907393189e-05, 5.44446993445e-05, 2.97977967421e-05, 6.79465256326e-06, 4.80838298245e-06, 6.36225149719e-06, 3.87598765883e-06, 1.94638892026e-06, 2.07253037843e-06, 3.15686406793e-06, 2.66413917416e-06, 1.25808844587e-06, 2.78876518678e-06, 4.97906285091e-06, 5.79189736527e-06, 9.32433158596e-06, 7.20886009731e-06, 3.72440854335e-06, 2.73846330856e-06, 1.28114163545e-06, 6.12761994034e-07, 5.47220793123e-07, 1.30909893414e-06, 2.30675072999e-06, 2.70476994046e-06, 1.96963469534e-06, 1.25723545352e-06, 9.85316319202e-07, 1.06234836039e-06, 4.1670116957e-07, 2.17794237756e-07, 1.24241054777e-07, 2.06494121358e-07], "dvar": [0.000465677294414, 0.00103169062641, 3.37224150826e-06, 1.12732635671e-07, 4.55301254476e-08, 1.69845449705e-07, 6.0391201373e-08, 2.11209894019e-08, 6.93077808478e-08, 9.36832833531e-09, 1.10648301632e-09, 4.8609466452e-10, 4.88711571212e-10, 1.43500086813e-10, 1.9514201019e-11, 1.92772377922e-11, 1.37348118989e-10, 8.80771983125e-11, 1.06662040311e-11, 9.11292222239e-11, 4.18301560057e-10, 6.50650366918e-10, 1.45173650878e-09, 7.96372690015e-10, 2.03133176946e-10, 1.13387348122e-10, 1.65597327517e-11, 3.93382462022e-12, 3.15601125962e-12, 2.79333934455e-11, 9.6916114023e-11, 1.31264540904e-10, 6.66763727564e-11, 2.43023587365e-11, 1.40484308214e-11, 1.84205237869e-11, 2.57704469743e-12, 4.90497237011e-13, 1.3457031984e-13, 5.25490458439e-13], "dvar2": [0.00110183982179, 0.00266255578026, 8.18169792183e-06, 2.81890635279e-07, 9.46144709246e-08, 3.66592985301e-07, 1.25411730778e-07, 3.98593513751e-08, 1.05290553165e-07, 1.38510332093e-08, 1.68248281973e-09, 7.67446994843e-10, 7.00548508092e-10, 2.26622207111e-10, 3.61015627115e-11, 4.48696496624e-11, 3.39778649661e-10, 2.45934966836e-10, 2.71559771198e-11, 2.37039193829e-10, 9.2620916492e-10, 1.5573619061e-09, 3.89301169079e-09, 2.038781588e-09, 5.31790445013e-10, 3.07632336272e-10, 4.50067205726e-11, 1.02570296007e-11, 8.28624148463e-12, 8.21607296086e-11, 2.86195289689e-10, 3.85783432977e-10, 1.94808821852e-10, 7.02865404767e-11, 3.98581757877e-11, 5.23567821042e-11, 7.27221755037e-12, 1.40789799524e-12, 3.71567224688e-13, 1.51972412519e-12], "max": [0.289785146713, 0.407243579626, 0.0223551765084, 0.00704360892996, 0.0049334783107, 0.0129190795124, 0.0106515679508, 0.00857582315803, 0.00920594204217, 0.0028210314922, 0.00197047460824, 0.00135375675745, 0.000660968828015, 0.000401751982281, 0.00014280625328, 9.00239028852e-05, 0.000435084017226, 0.000175987559487, 6.92807370797e-05, 0.000259919790551, 0.000423533550929, 0.000520683242939, 0.000727760081645, 0.000502283335663, 0.000244403956458, 0.00018400605768, 7.2120979894e-05, 3.28983878717e-05, 2.93536504614e-05, 0.000100688666862, 0.000189851460163, 0.000210950252949, 0.000140976233524, 8.90735027497e-05, 6.38425117359e-05, 8.15616440377e-05, 2.8860718885e-05, 1.34031333801e-05, 6.75158571539e-06, 1.6976848201e-05], "mean": [0.0185183677822, 0.0211491137743, 0.00140421255492, 0.000306125672068, 0.000225067255087, 0.000285394577077, 0.000129809515784, 7.3674833402e-05, 0.000139072697493, 7.22977929399e-05, 1.35853579195e-05, 9.89986801869e-06, 1.68450533238e-05, 9.08868150873e-06, 3.44285672327e-06, 3.09795700559e-06, 3.68139990314e-06, 2.26295878747e-06, 1.21884659166e-06, 2.1536186523e-06, 3.55212819159e-06, 3.54696885552e-06, 4.37034941569e-06, 3.54899680133e-06, 1.8683693952e-06, 1.2815090713e-06, 7.27301312509e-07, 4.06589833801e-07, 3.56757112741e-07, 5.3049672033e-07, 8.0538166003e-07, 9.39075448514e-07, 7.65861614127e-07, 5.38977303677e-07, 4.29850047112e-07, 4.24139955157e-07, 1.96738525915e-07, 1.0908869541e-07, 7.92796868154e-08, 1.00998200026e-07], "median": [0.00468632671982, 0.0034099961631, 0.000413192843553, 8.27030744404e-05, 5.16885484103e-05, 1.94518870558e-05, 1.37058214023e-05, 4.20148444391e-06, 2.39034079641e-06, 3.14384033118e-06, 1.09230620637e-06, 6.0804899249e-07, 1.09300208351e-06, 7.89418209024e-07, 4.6273191856e-07, 3.54257679192e-07, 1.94907499917e-07, 2.21936574007e-07, 1.44792295487e-07, 1.89131583284e-07, 2.89696288291e-07, 1.27937880734e-07, 2.93180676181e-07, 1.89414436136e-07, 1.38246093684e-07, 7.84800562315e-08, 6.60229346749e-08, 3.75197082292e-08, 2.87200112581e-08, 1.67262612649e-08, 1.38400739758e-08, 1.42257441382e-08, 2.10532817846e-08, 2.03739354276e-08, 1.26180630389e-08, 9.22527831904e-09, 8.17889400651e-09, 7.26716109511e-09, 7.53432161105e-09, 5.27598675859e-09], "min": [2.60208183502e-23, 1.4677758995e-23, 4.84981626553e-24, 1.04009022657e-23, 1.92773276766e-23, 7.47819864424e-24, 4.87621470687e-24, 3.63500597023e-24, 7.35587156139e-24, 1.79110915862e-23, 1.28234838504e-23, 6.38262230818e-24, 3.14789796911e-24, 4.21146568229e-24, 8.60339434071e-24, 7.56606354959e-24, 8.68952927409e-24, 6.39653110923e-24, 4.8579135283e-24, 8.30326353185e-24, 8.85124575966e-24, 8.31878989218e-24, 1.44357916895e-23, 1.0640567675e-23, 1.35569564649e-23, 8.98596742505e-24, 8.51363774691e-24, 1.5098848213e-23, 1.27664760282e-23, 1.31809127823e-23, 1.05611522588e-23, 1.00206003119e-23, 9.61679266969e-24, 7.87722578935e-24, 7.82310362036e-24, 6.81905723742e-24, 1.11393620588e-23, 1.12082785252e-23, 1.01528544204e-23, 1.159387768e-23], "var": [0.00106926588342, 0.00161824852694, 5.57915018362e-06, 3.12307747663e-07, 1.57655534849e-07, 5.76540912789e-07, 1.92255456e-07, 9.84926344927e-08, 3.92429626572e-07, 4.69572754014e-08, 4.21635881764e-09, 2.20469886791e-09, 2.88883206245e-09, 7.50971007601e-10, 8.88696130574e-11, 4.96795451999e-11, 4.67228256085e-10, 8.51388057277e-11, 1.33448261122e-11, 8.1914662553e-11, 4.14068418442e-10, 5.68327385153e-10, 1.00901142996e-09, 6.18940176889e-10, 1.53377643919e-10, 7.86089388027e-11, 1.46359886016e-11, 3.92776739952e-12, 2.90371112571e-12, 1.60601566768e-11, 5.25248386452e-11, 7.20084547545e-11, 3.7959566046e-11, 1.46153419228e-11, 8.87540041461e-12, 1.12275041694e-11, 1.70164706978e-12, 3.48639574241e-13, 1.16782600842e-13, 3.52559751142e-13]}, "mfcc": {"mean": [-805.952514648, 162.101226807, 41.3705749512, 48.7897872925, 29.7910423279, 12.5585660934, 8.95167636871, 18.2906723022, 2.98415660858, 3.40306735039, 7.47277545929, 4.62443780899, 6.21489906311], "cov": [[8427.13671875, 658.823120117, -41.6593170166, 69.7062072754, -6.31864595413, 343.545532227, -22.4107513428, 236.380630493, 167.288299561, 46.5212211609, 61.6037521362, 100.599243164, 136.826278687], [658.823120117, 3102.24707031, 297.528503418, -262.464752197, -10.2794799805, -39.533039093, 178.349578857, 66.0261001587, 47.5439224243, 29.4532260895, -30.5368480682, 56.0923347473, 100.665084839], [-41.6593170166, 297.528503418, 685.224182129, 352.239746094, 113.495399475, 82.5503768921, 152.392807007, 101.621170044, 72.0697097778, 69.4252243042, 66.0020294189, 28.0377540588, 15.4419212341], [69.7062072754, -262.464752197, 352.239746094, 508.151763916, 221.028762817, 110.390419006, 69.310218811, 114.275794983, 67.6253585815, 65.2279205322, 66.2638778687, 20.7012443542, -8.49960517883], [-6.31864595413, -10.2794799805, 113.495399475, 221.028762817, 207.364700317, 76.4273147583, 47.8913078308, 57.7494239807, 16.9309215546, 27.3455181122, 23.1987533569, 2.90081977844, 2.37366294861], [343.545532227, -39.533039093, 82.5503768921, 110.390419006, 76.4273147583, 137.368835449, 60.9886169434, 44.1600189209, 29.6584796906, 12.5336360931, 11.7381858826, 2.80305051804, 15.3064985275], [-22.4107513428, 178.349578857, 152.392807007, 69.310218811, 47.8913078308, 60.9886169434, 131.802597046, 60.9338493347, 13.7834510803, 11.6344614029, 3.85139298439, -3.49572396278, 17.0839099884], [236.380630493, 66.0261001587, 101.621170044, 114.275794983, 57.7494239807, 44.1600189209, 60.9338493347, 114.007904053, 52.5710487366, 23.0667896271, 15.0624952316, 7.68952417374, 10.922709465], [167.288299561, 47.5439224243, 72.0697097778, 67.6253585815, 16.9309215546, 29.6584796906, 13.7834510803, 52.5710487366, 100.443832397, 54.1324234009, 23.3572998047, 23.288646698, 2.0657916069], [46.5212211609, 29.4532260895, 69.4252243042, 65.2279205322, 27.3455181122, 12.5336360931, 11.6344614029, 23.0667896271, 54.1324234009, 76.823387146, 46.8436965942, 17.4061470032, -3.39535188675], [61.6037521362, -30.5368480682, 66.0020294189, 66.2638778687, 23.1987533569, 11.7381858826, 3.85139298439, 15.0624952316, 23.3572998047, 46.8436965942, 65.359588623, 29.6093711853, 4.15416812897], [100.599243164, 56.0923347473, 28.0377540588, 20.7012443542, 2.90081977844, 2.80305051804, -3.49572396278, 7.68952417374, 23.288646698, 17.4061470032, 29.6093711853, 61.0491142273, 33.1062469482], [136.826278687, 100.665084839, 15.4419212341, -8.49960517883, 2.37366294861, 15.3064985275, 17.0839099884, 10.922709465, 2.0657916069, -3.39535188675, 4.15416812897, 33.1062469482, 65.3417205811]], "icov": [[0.000169862192706, -6.7398264946e-05, 4.64698132419e-05, -2.05872620427e-05, 0.000281634420389, -0.00068744661985, 0.000552971498109, -0.000535655941349, 0.000158113864018, -7.29707462597e-05, -8.52978264447e-05, -2.65948328888e-05, -0.00015964267368], [-6.7398264946e-05, 0.000533031881787, -0.000508870754857, 0.000933123927098, -0.000766686571296, 0.000621513929218, -0.000559344945941, -9.63983911788e-05, -0.000127572740894, -0.000443235214334, 0.000719922361895, -0.000549950345885, -0.000179925162229], [4.64698132419e-05, -0.000508870754857, 0.00383899337612, -0.00351601094007, 0.00198308937252, 0.00055445486214, -0.00339901447296, 0.00154324423056, -0.00120880908798, 0.00084471370792, -0.00203675800003, 0.000744464283343, -0.00041475717444], [-2.05872620427e-05, 0.000933123927098, -0.00351601094007, 0.0084799034521, -0.00613806489855, -0.00100318237673, 0.00246896361932, -0.00360761489719, 0.000109155014798, -0.000631446600892, -0.000428787519922, -0.00181633944158, 0.00186631025281], [0.000281634420389, -0.000766686571296, 0.00198308937252, -0.00613806489855, 0.012207005173, -0.00415650848299, 0.000253013597103, -0.00186068436597, 0.00421871617436, -0.00344347395003, 0.00130436941981, 0.000235588013311, -0.00041516404599], [-0.00068744661985, 0.000621513929218, 0.00055445486214, -0.00100318237673, -0.00415650848299, 0.0156010137871, -0.00803558155894, 0.00447405129671, -0.00673088664189, 0.00502768019214, -0.0029826622922, 0.00327110756189, -0.00292372331023], [0.000552971498109, -0.000559344945941, -0.00339901447296, 0.00246896361932, 0.000253013597103, -0.00803558155894, 0.0192611496896, -0.00997421983629, 0.00664805015549, -0.00498645799235, 0.00334558775648, 0.00143041787669, -0.00207393337041], [-0.000535655941349, -9.63983911788e-05, 0.00154324423056, -0.00360761489719, -0.00186068436597, 0.00447405129671, -0.00997421983629, 0.0216381140053, -0.0127898994833, 0.00783289130777, -0.00494073564187, 0.00461412221193, -0.00276587018743], [0.000158113864018, -0.000127572740894, -0.00120880908798, 0.000109155014798, 0.00421871617436, -0.00673088664189, 0.00664805015549, -0.0127898994833, 0.0293652135879, -0.0231232773513, 0.0142265334725, -0.0116747925058, 0.00486940564588], [-7.29707462597e-05, -0.000443235214334, 0.00084471370792, -0.000631446600892, -0.00344347395003, 0.00502768019214, -0.00498645799235, 0.00783289130777, -0.0231232773513, 0.0434122532606, -0.0287725050002, 0.00975452363491, -0.000630550261121], [-8.52978264447e-05, 0.000719922361895, -0.00203675800003, -0.000428787519922, 0.00130436941981, -0.0029826622922, 0.00334558775648, -0.00494073564187, 0.0142265334725, -0.0287725050002, 0.0433526821434, -0.0197241343558, 0.0053899907507], [-2.65948328888e-05, -0.000549950345885, 0.000744464283343, -0.00181633944158, 0.000235588013311, 0.00327110756189, 0.00143041787669, 0.00461412221193, -0.0116747925058, 0.00975452363491, -0.0197241343558, 0.0377827398479, -0.0184425543994], [-0.00015964267368, -0.000179925162229, -0.00041475717444, 0.00186631025281, -0.00041516404599, -0.00292372331023, -0.00207393337041, -0.00276587018743, 0.00486940564588, -0.000630550261121, 0.0053899907507, -0.0184425543994, 0.0267757698894]]}, "spectral_contrast_coeffs": {"dmean": [0.0500693954527, 0.0426019132137, 0.0315158069134, 0.0232433397323, 0.0169204585254, 0.0142020219937], "dmean2": [0.0815592706203, 0.0688605755568, 0.0488519705832, 0.0370475910604, 0.0273438487202, 0.0234844610095], "dvar": [0.00191201537382, 0.00148313492537, 0.000998803297989, 0.000477828318253, 0.000313330063364, 0.000363055209164], "dvar2": [0.00456028198823, 0.00349459121935, 0.00203950796276, 0.00105038587935, 0.000676283263601, 0.000927628309], "max": [-0.384978115559, -0.348016321659, -0.492219895124, -0.524429678917, -0.62505120039, -0.636131167412], "mean": [-0.660227358341, -0.698841869831, -0.764184057713, -0.811840236187, -0.829326868057, -0.818901479244], "median": [-0.665335595608, -0.71782130003, -0.793750941753, -0.832545816898, -0.833765208721, -0.824552237988], "min": [-0.95726120472, -0.98827290535, -0.996514558792, -0.985569953918, -0.98731559515, -0.958071172237], "var": [0.00826369039714, 0.0137652242556, 0.0104635898024, 0.00462096603587, 0.00120862398762, 0.000938167853747]}, "spectral_contrast_valleys": {"dmean": [0.407272726297, 0.398801445961, 0.384973376989, 0.323251634836, 0.250591307878, 0.292400121689], "dmean2": [0.665293097496, 0.640454351902, 0.580071091652, 0.486688971519, 0.360132277012, 0.384425699711], "dvar": [0.182089835405, 0.172679528594, 0.189048528671, 0.147412210703, 0.145353332162, 0.192991048098], "dvar2": [0.352711468935, 0.323002159595, 0.344831228256, 0.256035298109, 0.190606638789, 0.282944023609], "max": [-4.86704492569, -5.57553100586