{"lowlevel": {"average_loudness": 0.930165469646, "barkbands_crest": {"dmean": 2.23776173592, "dmean2": 3.5799715519, "dvar": 7.88739013672, "dvar2": 21.247177124, "max": 26.348367691, "mean": 16.3538131714, "median": 17.0109214783, "min": 2.85729837418, "var": 21.9485397339}, "barkbands_flatness_db": {"dmean": 0.0263947285712, "dmean2": 0.0377337411046, "dvar": 0.00082850252511, "dvar2": 0.0021430416964, "max": 0.687268137932, "mean": 0.163937285542, "median": 0.155129566789, "min": 0.0268173106015, "var": 0.00542745180428}, "barkbands_kurtosis": {"dmean": 7.89200878143, "dmean2": 12.9655542374, "dvar": 337.543518066, "dvar2": 971.506164551, "max": 346.292297363, "mean": 15.3546495438, "median": 7.68169593811, "min": -1.79380679131, "var": 585.323852539}, "barkbands_skewness": {"dmean": 0.758550107479, "dmean2": 1.19962000847, "dvar": 1.28947484493, "dvar2": 3.54571557045, "max": 16.5557556152, "mean": 3.05976271629, "median": 2.7240717411, "min": -2.34192371368, "var": 3.53157687187}, "barkbands_spread": {"dmean": 6.37163305283, "dmean2": 9.45133304596, "dvar": 74.7306594849, "dvar2": 183.747497559, "max": 94.7643432617, "mean": 18.3751888275, "median": 14.8650150299, "min": 0.179967820644, "var": 185.748794556}, "dissonance": {"dmean": 0.015780845657, "dmean2": 0.0262363515794, "dvar": 0.000223694194574, "dvar2": 0.000586322101299, "max": 0.499911904335, "mean": 0.463011234999, "median": 0.468292415142, "min": 0.270877808332, "var": 0.000672316236887}, "dynamic_complexity": 2.99736595154, "erbbands_crest": {"dmean": 1.93007516861, "dmean2": 2.97481751442, "dvar": 4.02385997772, "dvar2": 9.08261108398, "max": 29.7781925201, "mean": 8.05019760132, "median": 6.88959693909, "min": 2.07778406143, "var": 17.7676448822}, "erbbands_flatness_db": {"dmean": 0.0160012003034, "dmean2": 0.0197596307844, "dvar": 0.000232158519793, "dvar2": 0.000404537160648, "max": 0.434105545282, "mean": 0.111149154603, "median": 0.103029847145, "min": 0.0362576507032, "var": 0.00194413226563}, "erbbands_kurtosis": {"dmean": 0.548885047436, "dmean2": 0.832786083221, "dvar": 0.708910346031, "dvar2": 1.47218430042, "max": 23.1994514465, "mean": 0.256507337093, "median": -0.141168355942, "min": -1.68559134007, "var": 3.13579010963}, "erbbands_skewness": {"dmean": 0.252789080143, "dmean2": 0.379372149706, "dvar": 0.0731441453099, "dvar2": 0.173414856195, "max": 4.07551622391, "mean": 0.349104225636, "median": 0.317911356688, "min": -3.48258709908, "var": 0.339435011148}, "erbbands_spread": {"dmean": 8.86054325104, "dmean2": 12.3778915405, "dvar": 98.8318328857, "dvar2": 186.835494995, "max": 141.811126709, "mean": 48.732219696, "median": 45.5500869751, "min": 2.79787230492, "var": 433.989593506}, "hfc": {"dmean": 8.45729160309, "dmean2": 11.4133844376, "dvar": 249.477035522, "dvar2": 498.720489502, "max": 371.342834473, "mean": 21.6360359192, "median": 11.5769176483, "min": 1.10651156448e-16, "var": 661.127929688}, "melbands_crest": {"dmean": 2.24240350723, "dmean2": 3.62207484245, "dvar": 7.8541135788, "dvar2": 20.4920501709, "max": 34.6498832703, "mean": 19.3152103424, "median": 19.2905540466, "min": 1.75507736206, "var": 22.8729362488}, "melbands_flatness_db": {"dmean": 0.0300113279372, "dmean2": 0.0438035279512, "dvar": 0.00126840523444, "dvar2": 0.00320876250044, "max": 0.843264698982, "mean": 0.256201982498, "median": 0.249264031649, "min": 0.00459911953658, "var": 0.00797874107957}, "melbands_kurtosis": {"dmean": 18.0681476593, "dmean2": 29.5183124542, "dvar": 1646.39916992, "dvar2": 4395.65917969, "max": 762.322570801, "mean": 40.3684883118, "median": 25.4576663971, "min": -1.28757846355, "var": 2430.43603516}, "melbands_skewness": {"dmean": 0.976013481617, "dmean2": 1.5335688591, "dvar": 1.89867520332, "dvar2": 4.85232925415, "max": 20.3628482819, "mean": 4.7025437355, "median": 4.3831152916, "min": -0.237986579537, "var": 5.85188674927}, "melbands_spread": {"dmean": 4.00237989426, "dmean2": 6.1207036972, "dvar": 35.8311958313, "dvar2": 88.4099655151, "max": 165.269348145, "mean": 12.8380842209, "median": 9.31180953979, "min": 0.315388828516, "var": 146.96913147}, "pitch_salience": {"dmean": 0.064384944737, "dmean2": 0.106055803597, "dvar": 0.00596393225715, "dvar2": 0.0162699278444, "max": 0.912871003151, "mean": 0.390044808388, "median": 0.391272753477, "min": 0.0581908077002, "var": 0.0134507361799}, "silence_rate_20dB": {"dmean": 0.00205681961961, "dmean2": 0.00411416823044, "dvar": 0.00205246219411, "dvar2": 0.00615381076932, "max": 1, "mean": 0.998971700668, "median": 1, "min": 0, "var": 0.00102715275716}, "silence_rate_30dB": {"dmean": 0.0624758973718, "dmean2": 0.124967858195, "dvar": 0.0585746429861, "dvar2": 0.135069012642, "max": 1, "mean": 0.909768640995, "median": 1, "min": 0, "var": 0.0820882320404}, "silence_rate_60dB": {"dmean": 0.00231392215937, "dmean2": 0.00462843896821, "dvar": 0.00230865436606, "dvar2": 0.00589259061962, "max": 1, "mean": 0.0158097688109, "median": 0, "min": 0, "var": 0.0155599564314}, "spectral_centroid": {"dmean": 221.281204224, "dmean2": 340.711242676, "dvar": 98067.265625, "dvar2": 241617.4375, "max": 10897.1181641, "mean": 1149.37536621, "median": 1072.89306641, "min": 93.3499603271, "var": 323346.28125}, "spectral_complexity": {"dmean": 3.22689294815, "dmean2": 4.86757516861, "dvar": 19.6293373108, "dvar2": 39.7465209961, "max": 55, "mean": 17.2384319305, "median": 16, "min": 0, "var": 71.5816650391}, "spectral_decrease": {"dmean": 5.37555244762e-09, "dmean2": 8.85587869703e-09, "dvar": 1.72925720179e-16, "dvar2": 4.48663928919e-16, "max": 9.64671058454e-19, "mean": -1.26328600913e-08, "median": -8.58977244889e-09, "min": -1.35367741905e-07, "var": 1.81853288625e-16}, "spectral_energy": {"dmean": 0.0207768045366, "dmean2": 0.0338679105043, "dvar": 0.00248102936894, "dvar2": 0.00639454834163, "max": 0.516439557076, "mean": 0.049641802907, "median": 0.0337711647153, "min": 9.92317932223e-21, "var": 0.00269971229136}, "spectral_energyband_high": {"dmean": 0.000740312389098, "dmean2": 0.00100225151982, "dvar": 2.03611989491e-06, "dvar2": 4.56339057564e-06, "max": 0.025994380936, "mean": 0.00118797086179, "median": 0.000374428054783, "min": 7.29762647084e-21, "var": 3.73471380044e-06}, "spectral_energyband_low": {"dmean": 0.0182011984289, "dmean2": 0.0311535336077, "dvar": 0.00258963392116, "dvar2": 0.00690190773457, "max": 0.508525013924, "mean": 0.0361968204379, "median": 0.0236020144075, "min": 3.87214805019e-23, "var": 0.00232886360027}, "spectral_energyband_middle_high": {"dmean": 0.00127383577637, "dmean2": 0.00185312330723, "dvar": 7.93111394159e-06, "dvar2": 1.57777813001e-05, "max": 0.0732818096876, "mean": 0.00410182401538, "median": 0.0023873639293, "min": 1.4194068931e-21, "var": 3.17827543768e-05}, "spectral_energyband_middle_low": {"dmean": 0.00343616004102, "dmean2": 0.00538321211934, "dvar": 4.30262698501e-05, "dvar2": 0.000102489299024, "max": 0.104151763022, "mean": 0.00932532269508, "median": 0.0054070726037, "min": 3.10363350855e-22, "var": 0.00011981632997}, "spectral_entropy": {"dmean": 0.182145699859, "dmean2": 0.233742401004, "dvar": 0.0373517237604, "dvar2": 0.0754467174411, "max": 9.7967004776, "mean": 7.6495256424, "median": 7.72032642365, "min": 3.90276145935, "var": 0.302857905626}, "spectral_flux": {"dmean": 0.0342809930444, "dmean2": 0.0525479800999, "dvar": 0.00298586534336, "dvar2": 0.0068996543996, "max": 0.605881214142, "mean": 0.0778003484011, "median": 0.0486531332135, "min": 9.96151564014e-11, "var": 0.00616999203339}, "spectral_kurtosis": {"dmean": 1.38534390926, "dmean2": 2.04755783081, "dvar": 7.75562429428, "dvar2": 19.0501651764, "max": 204.195068359, "mean": 4.80396127701, "median": 3.15239596367, "min": -1.14380252361, "var": 115.993881226}, "spectral_rms": {"dmean": 0.00108480430208, "dmean2": 0.0016922741197, "dvar": 3.9023602767e-06, "dvar2": 9.46472664509e-06, "max": 0.0224464572966, "mean": 0.00644195079803, "median": 0.00573998875916, "min": 3.1114546703e-12, "var": 6.93216588843e-06}, "spectral_rolloff": {"dmean": 334.902648926, "dmean2": 554.067749023, "dvar": 578031.375, "dvar2": 1401444.5, "max": 18970.7519531, "mean": 726.572509766, "median": 322.998046875, "min": 64.599609375, "var": 2030874.875}, "spectral_skewness": {"dmean": 0.199245661497, "dmean2": 0.290472745895, "dvar": 0.0535224191844, "dvar2": 0.117582589388, "max": 12.624256134, "mean": 1.65192782879, "median": 1.54468309879, "min": 0.0117897726595, "var": 0.702381014824}, "spectral_spread": {"dmean": 881827.375, "dmean2": 1075860.75, "dvar": 938144104448, "dvar2": 1622537142270.0, "max": 39089332, "mean": 5862201, "median": 5737628, "min": 585111.9375, "var": 3295863898110.0}, "spectral_strongpeak": {"dmean": 0.194653496146, "dmean2": 0.345658153296, "dvar": 0.339823395014, "dvar2": 0.864258825779, "max": 8.24588489532, "mean": 0.564317464828, "median": 0.43694627285, "min": 0, "var": 0.505452334881}, "zerocrossingrate": {"dmean": 0.0112836966291, "dmean2": 0.0132181216031, "dvar": 0.00015353463823, "dvar2": 0.000188151112525, "max": 0.513671875, "mean": 0.0423218719661, "median": 0.033203125, "min": 0.001953125, "var": 0.00159575417638}, "barkbands": {"dmean": [0.000565776485018, 0.0168093647808, 0.00181099807378, 0.000839481304865, 0.00123244151473, 0.000688986619934, 0.000600473722443, 0.000461531366454, 0.000535374507308, 0.000524531176779, 0.000283944973489, 0.0002614116529, 0.00021577932057, 0.000225414041779, 0.000148401537444, 9.47348453337e-05, 0.000154093868332, 0.000110150540422, 0.000107054816908, 0.000109810527647, 0.000147159167682, 0.000122955607367, 0.000120449039969, 0.000113737303764, 0.000127933264594, 9.73382848315e-05, 2.51998262684e-05], "dmean2": [0.000728942046408, 0.0291207302362, 0.00319097214378, 0.00145958072972, 0.00203180126846, 0.00110561645124, 0.000953100563493, 0.000661884783767, 0.000787332304753, 0.000756476714741, 0.000427843246143, 0.000390342407627, 0.000337250239681, 0.000334199139616, 0.000233233731706, 0.000152264037752, 0.000247881456744, 0.000182224830496, 0.000172838030267, 0.000176214089151, 0.000237709551584, 0.00017607153859, 0.000174671644345, 0.000151610773173, 0.000173596665263, 0.000141492724651, 3.90772293031e-05], "dvar": [1.85112730833e-06, 0.00237103877589, 3.66720123566e-05, 3.69573808712e-06, 9.6215362646e-06, 2.7886155749e-06, 3.39294979312e-06, 3.69347458218e-06, 2.56537919086e-06, 3.16344971907e-06, 6.97293046414e-07, 7.48754814595e-07, 2.47182612156e-07, 2.56375642493e-07, 1.72486252836e-07, 5.23214609416e-08, 1.76971639121e-07, 1.04536646006e-07, 6.53069989198e-08, 6.54980851778e-08, 1.51955646288e-07, 6.86513672576e-08, 5.93615965272e-08, 4.01307573838e-08, 5.00261627678e-08, 3.67732759798e-08, 1.56665134199e-08], "dvar2": [3.28697456098e-06, 0.00645659957081, 0.000100278142781, 1.00539773484e-05, 2.513070649e-05, 6.8792219281e-06, 7.54725033403e-06, 6.35545802652e-06, 5.36352081326e-06, 5.84553527005e-06, 1.43669558383e-06, 1.46526429035e-06, 5.15802980772e-07, 4.78673769067e-07, 3.71538334321e-07, 1.10687508936e-07, 3.66758968084e-07, 2.28986749562e-07, 1.56246002803e-07, 1.73545288362e-07, 3.9913436467e-07, 1.57460746664e-07, 1.32273370923e-07, 7.55462821189e-08, 9.66631290567e-08, 8.50708659073e-08, 4.18824299686e-08], "max": [0.0135831860825, 0.481501847506, 0.108698062599, 0.0375769436359, 0.0642400085926, 0.0410078577697, 0.0512762665749, 0.0797830745578, 0.0633339881897, 0.0741460248828, 0.0265009775758, 0.0367178507149, 0.0225083939731, 0.0158050470054, 0.0135541837662, 0.00915856286883, 0.0247196257114, 0.0144819980487, 0.00641226302832, 0.00539267389104, 0.00878037512302, 0.00417616264895, 0.00573502061889, 0.00293002114631, 0.0039158212021, 0.00509001361206, 0.00414712773636], "mean": [0.000831639335956, 0.0309103559703, 0.00367793231271, 0.00143384758849, 0.00225856713951, 0.0013417621376, 0.00121781218331, 0.0011590103386, 0.00119524798356, 0.0011661555618, 0.000571694399696, 0.000546152936295, 0.000402391509851, 0.000467956124339, 0.000298091908917, 0.00018023539451, 0.000295416859444, 0.000185171244084, 0.000218516230234, 0.000193110259715, 0.00022314870148, 0.000194880922209, 0.000174459972186, 0.000188931677258, 0.000183786221896, 0.000101309473393, 2.41734087467e-05], "median": [4.69342921861e-05, 0.0202493127435, 0.0024279053323, 0.000889127666596, 0.00145117461216, 0.00046549164108, 0.000209487290704, 0.000214300554944, 0.000284570618533, 0.000376026757294, 0.000205625459785, 0.000210920959944, 0.000184443619219, 0.000193841027794, 0.000106488558231, 8.57730774442e-05, 0.000122526966152, 7.15173373464e-05, 0.000109972606879, 6.16530014668e-05, 5.24193928868e-05, 4.76262866869e-05, 5.01498288941e-05, 6.81991077727e-05, 4.68679281767e-05, 1.85370936379e-05, 4.67961581307e-06], "min": [1.71671468432e-23, 1.29097284355e-23, 7.47328561852e-24, 3.22037002883e-23, 3.91492545273e-23, 7.01974944705e-23, 2.39781135232e-23, 7.29144513349e-23, 6.10404665024e-23, 3.3086419864e-23, 4.96810556384e-23, 1.09661498188e-22, 7.71702233899e-23, 1.04108340245e-22, 2.63833431657e-22, 1.45159948622e-22, 1.59129047045e-22, 1.45745434875e-22, 1.6095994903e-22, 3.56017571339e-22, 3.58322559795e-22, 4.57991386503e-22, 6.42007821283e-22, 9.78871420703e-22, 7.78857391636e-22, 1.66648105686e-21, 2.39696948627e-21], "var": [4.57590203951e-06, 0.00200797733851, 3.4831562516e-05, 3.90470677303e-06, 1.01479099612e-05, 7.53550420995e-06, 1.20664371934e-05, 2.08018718695e-05, 1.17102226795e-05, 1.17313056762e-05, 2.20758238356e-06, 2.81066968455e-06, 7.41202825338e-07, 9.61569980973e-07, 5.69355847801e-07, 1.51711489593e-07, 4.77638934626e-07, 2.44181421749e-07, 1.45129234852e-07, 1.18525960602e-07, 1.93653690417e-07, 1.18476073396e-07, 9.75442731033e-08, 8.85795330419e-08, 1.00313904738e-07, 4.48575754319e-08, 1.16451168708e-08]}, "erbbands": {"dmean": [0.516629993916, 3.67439341545, 2.97909069061, 2.25278830528, 3.53338742256, 5.05002737045, 3.856944561, 5.71157169342, 8.79920101166, 7.71946620941, 11.5313510895, 13.2509593964, 17.1376132965, 10.1962633133, 10.3468694687, 12.4026489258, 10.1191701889, 12.7637214661, 6.98043966293, 7.40073537827, 6.10393381119, 6.49387025833, 5.93027019501, 5.4087600708, 5.27630662918, 5.06059217453, 6.57868146896, 5.22929191589, 4.69903469086, 3.95617365837, 3.35928964615, 2.6145863533, 1.90455114841, 1.50393629074, 0.86039274931, 0.517679691315, 0.161906599998, 0.0318423174322, 0.00418772734702, 0.000209712423384], "dmean2": [0.908237338066, 6.35631084442, 4.96986198425, 3.8467502594, 5.86998939514, 8.60606098175, 6.32319164276, 9.19920730591, 14.0005168915, 11.767127037, 16.1308841705, 19.3210391998, 25.0030956268, 14.6363534927, 15.6573114395, 18.4968128204, 15.6283111572, 19.0950622559, 10.7867298126, 11.7028112411, 9.75591278076, 10.5309486389, 9.82227611542, 8.6190290451, 8.51010227203, 8.04852485657, 10.7568836212, 8.0271320343, 6.96146631241, 5.62437915802, 4.7866435051, 3.55297684669, 2.53951025009, 2.03070783615, 1.20416271687, 0.757281541824, 0.236487656832, 0.0476589500904, 0.00645988527685, 0.000321111816447], "dvar": [2.18118453026, 116.90499115, 77.2300109863, 30.9990444183, 57.3311653137, 221.965560913, 76.6600952148, 203.332061768, 816.932678223, 866.916381836, 2516.38720703, 1559.33630371, 4720.11035156, 532.222106934, 1075.43127441, 1908.62072754, 623.853759766, 716.198852539, 477.339355469, 348.586090088, 262.003326416, 289.606140137, 259.899749756, 180.214553833, 195.401687622, 149.164871216, 333.059143066, 131.951950073, 101.793014526, 69.1749343872, 45.5717163086, 23.3087615967, 11.5137252808, 7.32915735245, 2.36412668228, 0.91028124094, 0.115860179067, 0.0126430327073, 0.000409930536989, 1.37124266075e-06], "dvar2": [6.32194280624, 310.044219971, 200.29699707, 82.142868042, 147.07270813, 613.75390625, 202.913848877, 501.207183838, 1914.98266602, 1764.96435547, 4176.03955078, 3355.39038086, 8665.0625, 1107.37036133, 2211.55883789, 3681.70141602, 1289.83056641, 1370.78747559, 1016.94567871, 741.293395996, 514.391113281, 650.736877441, 602.062255859, 416.864624023, 477.412353516, 379.615081787, 910.141296387, 327.78024292, 242.023269653, 159.173431396, 97.5690536499, 49.5713157654, 21.3755435944, 14.2926855087, 5.0393280983, 2.14716029167, 0.265526413918, 0.0327747762203, 0.00112514488865, 3.60819649359e-06], "max": [12.8100824356, 110.407165527, 119.84539032, 96.6860275269, 107.299003601, 289.707641602, 180.377761841, 389.760772705, 999.782531738, 1388.23095703, 2186.72070312, 1389.74157715, 2860.39160156, 882.776306152, 1332.5135498, 1894.10327148, 1140.74389648, 822.034667969, 811.254333496, 843.102539062, 725.859313965, 706.726074219, 572.29864502, 319.884490967, 349.409820557, 324.195098877, 449.752319336, 195.001434326, 164.185455322, 99.3203887939, 272.114074707, 65.9452667236, 66.8461532593, 51.275680542, 21.1193408966, 14.069852829, 9.49694538116, 3.43977379799, 0.771384835243, 0.040029913187], "mean": [0.845554888248, 6.89269924164, 6.4590086937, 4.79595279694, 5.96198749542, 8.469830513, 7.0419549942, 11.2835445404, 17.965215683, 16.5168170929, 31.5383071899, 31.6867332458, 40.5532608032, 23.3271102905, 23.045507431, 27.0866565704, 21.2152767181, 26.5896587372, 15.5165014267, 14.3179502487, 12.4809417725, 12.9903745651, 10.8873109818, 11.4430017471, 10.1693305969, 9.3265209198, 9.38271427155, 8.18395900726, 7.27474021912, 5.70900440216, 5.10692739487, 4.11069440842, 3.16203570366, 2.26958870888, 1.09969806671, 0.539628624916, 0.17111620307, 0.0324877090752, 0.00411863392219, 0.000244391732849], "median": [0.40666949749, 4.83059024811, 4.11716461182, 3.54719400406, 3.44556427002, 5.14715957642, 3.91108608246, 3.66022396088, 3.05049180984, 3.58032894135, 6.61109733582, 7.32318544388, 9.98119163513, 12.4200572968, 9.96598148346, 10.5840997696, 9.78230857849, 12.5881710052, 6.04392051697, 5.76903152466, 5.71231365204, 5.87239694595, 4.8568520546, 5.52782678604, 4.70534896851, 2.73829483986, 2.25934553146, 1.80206024647, 1.95946383476, 1.33603382111, 1.63227796555, 1.48395252228, 1.12249684334, 0.664068579674, 0.222237199545, 0.097258605063, 0.0315361917019, 0.00660627987236, 0.000844189024065, 8.45620088512e-05], "min": [9.15676316322e-22, 1.08025092699e-21, 7.56170468919e-21, 4.78257767914e-20, 2.0289970114e-19, 6.71770371431e-20, 2.43602958487e-19, 5.87288412143e-19, 5.44111652119e-19, 6.84033492033e-19, 1.50675704865e-18, 1.57749350213e-18, 1.10210463569e-18, 1.29214421154e-18, 3.17336096041e-18, 4.58075004285e-18, 3.64776310378e-18, 3.5132242451e-18, 1.15652795011e-17, 1.24230335363e-17, 7.75178248984e-18, 1.05229326677e-17, 9.16911759196e-18, 5.57391685302e-18, 1.08551441181e-17, 1.60424731488e-17, 1.27620071883e-17, 1.79105000892e-17, 1.79868836013e-17, 1.85727028373e-17, 1.58845594067e-17, 1.8005984856e-17, 1.57754443578e-17, 1.07569643968e-17, 5.25112244027e-18, 5.68695315168e-18, 3.21465050787e-18, 1.22397822182e-18, 3.39639868376e-19, 3.50706646705e-20], "var": [1.94669926167, 98.5133285522, 77.513885498, 31.956287384, 65.6333007812, 196.793548584, 124.925621033, 581.467773438, 2877.75732422, 3355.11303711, 15491.1298828, 7522.08056641, 18515.7539062, 1535.19165039, 3541.58251953, 7358.04052734, 1970.69384766, 2588.92260742, 1612.29052734, 1113.82006836, 830.617675781, 666.444641113, 547.602661133, 452.981384277, 364.851928711, 290.665863037, 403.563903809, 201.393493652, 161.144989014, 108.469680786, 81.338470459, 44.509765625, 25.7642421722, 14.8027276993, 3.99394202232, 1.13160562515, 0.138972446322, 0.0107030766085, 0.000288900570013, 1.05949186491e-06]}, "gfcc": {"mean": [11.7379922867, 84.2733688354, -82.1617660522, 34.0769805908, -40.1411895752, 29.9963359833, -22.9597702026, 14.9986858368, -19.7261314392, 3.44974136353, -10.7396154404, 1.99536526203, -8.73539829254], "cov": [[12854.2402344, -1310.28137207, -816.983154297, 471.213562012, -554.937011719, 320.545806885, -133.481369019, 499.954986572, -15.2264261246, 249.164245605, -230.536132812, 85.4511108398, -79.3305206299], [-1310.28137207, 1344.80639648, -19.4884853363, -33.3196678162, 273.085693359, -101.447227478, 89.3557739258, -119.801551819, 101.451889038, -103.593215942, 132.215606689, -77.9808654785, 72.3935852051], [-816.983154297, -19.4884853363, 573.164367676, -3.62471199036, 112.24394989, -5.89446115494, 8.41380310059, -54.0386161804, -46.2136917114, 16.8209571838, -7.59629440308, 63.7881317139, -4.27166366577], [471.213562012, -33.3196678162, -3.62471199036, 272.293304443, -36.5249595642, 58.384601593, 18.3649024963, -4.66943979263, -11.142739296, -14.0464611053, 8.69539356232, -4.81371355057, 26.3231048584], [-554.937011719, 273.085693359, 112.24394989, -36.5249595642, 245.198608398, 16.3714389801, 58.3963356018, -20.9978866577, 11.6079902649, -28.2641391754, 20.9583358765, -2.44952774048, -0.969768643379], [320.545806885, -101.447227478, -5.89446115494, 58.384601593, 16.3714389801, 134.773117065, 18.4718894958, 40.3489952087, -18.0596370697, -7.04656648636, -10.8139314651, -4.77349233627, 0.299607753754], [-133.481369019, 89.3557739258, 8.41380310059, 18.3649024963, 58.3963356018, 18.4718894958, 92.5441360474, 10.7075710297, 13.7907953262, -12.6483650208, 7.58342313766, -8.98332881927, 3.83442997932], [499.954986572, -119.801551819, -54.0386161804, -4.66943979263, -20.9978866577, 40.3489952087, 10.7075710297, 95.0578231812, 23.0693588257, 12.5432682037, -19.1347389221, -7.5281701088, -9.09948062897], [-15.2264261246, 101.451889038, -46.2136917114, -11.142739296, 11.6079902649, -18.0596370697, 13.7907953262, 23.0693588257, 75.9083023071, 20.4887943268, 13.80539608, -21.5707740784, 8.96250724792], [249.164245605, -103.593215942, 16.8209571838, -14.0464611053, -28.2641391754, -7.04656648636, -12.6483650208, 12.5432682037, 20.4887943268, 72.404876709, 7.03755712509, 13.3113603592, -9.08689212799], [-230.536132812, 132.215606689, -7.59629440308, 8.69539356232, 20.9583358765, -10.8139314651, 7.58342313766, -19.1347389221, 13.80539608, 7.03755712509, 76.6928329468, 8.87478733063, 16.1494293213], [85.4511108398, -77.9808654785, 63.7881317139, -4.81371355057, -2.44952774048, -4.77349233627, -8.98332881927, -7.5281701088, -21.5707740784, 13.3113603592, 8.87478733063, 64.2817230225, 16.3652992249], [-79.3305206299, 72.3935852051, -4.27166366577, 26.3231048584, -0.969768643379, 0.299607753754, 3.83442997932, -9.09948062897, 8.96250724792, -9.08689212799, 16.1494293213, 16.3652992249, 62.8315467834]], "icov": [[0.000161073214258, -0.000144863690366, 0.000255530670984, -0.000362879596651, 9.64772771113e-05, -9.84008584055e-05, 0.000200095353648, -0.000767080287915, 0.00036750966683, -0.000705496524461, 0.000559729756787, -0.0006153145805, 0.000280282052699], [-0.000144863690366, 0.00224877940491, -0.000211026330362, 0.000530856952537, -0.00164990185294, 0.00103855575435, -0.000535316648893, 0.00242445454933, -0.00251801288687, 0.0030647048261, -0.00290192267857, 0.00278091407381, -0.00183333957102], [0.000255530670984, -0.000211026330362, 0.00288207805716, -0.000876559177414, -0.00124878797214, 2.2695374355e-05, 0.000250488374149, -0.000149764149683, 0.00149520626292, -0.00238998257555, 0.00192964274902, -0.00302451825701, 0.000805462826975], [-0.000362879596651, 0.000530856952537, -0.000876559177414, 0.00557751534507, 0.00118948554154, -0.00216451333836, -0.00172742828727, 0.00320323277265, -0.00113796861842, 0.00246804207563, -0.00218011531979, 0.00245859473944, -0.00242885318585], [9.64772771113e-05, -0.00164990185294, -0.00124878797214, 0.00118948554154, 0.00794212054461, -0.00289038848132, -0.00291385990568, 0.000397186173359, -0.00130435149185, 0.00118596141692, 0.00053651741473, -0.00251538655721, 0.0026861235965], [-9.84008584055e-05, 0.00103855575435, 2.2695374355e-05, -0.00216451333836, -0.00289038848132, 0.0121868345886, -0.000877867918462, -0.00544168660417, 0.00513485725969, -0.000109729320684, -0.00140530953649, 0.00385298882611, -0.00264040380716], [0.000200095353648, -0.000535316648893, 0.000250488374149, -0.00172742828727, -0.00291385990568, -0.000877867918462, 0.0144655862823, -0.00330098601989, -0.00109066464938, 0.00045399836381, 0.000269966985798, -0.000453668180853, 0.000478521978948], [-0.000767080287915, 0.00242445454933, -0.000149764149683, 0.00320323277265, 0.000397186173359, -0.00544168660417, -0.00330098601989, 0.0227042678744, -0.011782082729, 0.0051437956281, -0.000356013450073, 0.00102086458355, 0.000657697673887], [0.00036750966683, -0.00251801288687, 0.00149520626292, -0.00113796861842, -0.00130435149185, 0.00513485725969, -0.00109066464938, -0.011782082729, 0.0292954836041, -0.0141530977562, 0.000367386674043, 0.00795954652131, -0.00613401457667], [-0.000705496524461, 0.0030647048261, -0.00238998257555, 0.00246804207563, 0.00118596141692, -0.000109729320684, 0.00045399836381, 0.0051437956281, -0.0141530977562, 0.0268850103021, -0.00742007605731, -0.00227444013581, 0.00352434790693], [0.000559729756787, -0.00290192267857, 0.00192964274902, -0.00218011531979, 0.00053651741473, -0.00140530953649, 0.000269966985798, -0.000356013450073, 0.000367386674043, -0.00742007605731, 0.021111054346, -0.00781926698983, 0.000526743067894], [-0.0006153145805, 0.00278091407381, -0.00302451825701, 0.00245859473944, -0.00251538655721, 0.00385298882611, -0.000453668180853, 0.00102086458355, 0.00795954652131, -0.00227444013581, -0.00781926698983, 0.0305888000876, -0.0125201307237], [0.000280282052699, -0.00183333957102, 0.000805462826975, -0.00242885318585, 0.0026861235965, -0.00264040380716, 0.000478521978948, 0.000657697673887, -0.00613401457667, 0.00352434790693, 0.000526743067894, -0.0125201307237, 0.0240845419466]]}, "melbands": {"dmean": [0.00476985797286, 0.00269477791153, 0.000408307008911, 0.000312857155222, 0.000145570462337, 0.000136943199323, 0.000127891835291, 7.95481828391e-05, 9.76962983259e-05, 7.88804754848e-05, 8.50313008414e-05, 4.10090033256e-05, 4.14872338297e-05, 3.05588109768e-05, 2.41183533944e-05, 2.2310503482e-05, 2.51086385106e-05, 1.13009227789e-05, 9.54645202e-06, 8.60255840962e-06, 8.56926362758e-06, 7.76981778472e-06, 6.03324133408e-06, 6.40022017251e-06, 4.48354558102e-06, 4.18802937929e-06, 3.66147651221e-06, 3.31120645569e-06, 4.36828531747e-06, 3.9140836634e-06, 2.97176711683e-06, 2.87797524834e-06, 2.22661333282e-06, 2.295461627e-06, 1.87907221516e-06, 1.90152297819e-06, 1.4844637235e-06, 1.27719806642e-06, 1.6001926042e-06, 1.14725310141e-06], "dmean2": [0.00832603499293, 0.00454529561102, 0.000690839777235, 0.000519944180269, 0.000240707959165, 0.000218698434765, 0.000202157025342, 0.000120745738968, 0.000136384769576, 0.000116150840768, 0.000123993653688, 5.90490744798e-05, 6.24614185654e-05, 4.59180992038e-05, 3.65111336578e-05, 3.48304165527e-05, 3.74671180907e-05, 1.742385939e-05, 1.48217886817e-05, 1.37846982398e-05, 1.37687438837e-05, 1.25485630633e-05, 1.00924307844e-05, 1.05639846879e-05, 7.19458739695e-06, 6.8531130637e-06, 5.88501325183e-06, 5.26245275978e-06, 7.4027939263e-06, 6.22162406216e-06, 4.61907029603e-06, 4.38904817202e-06, 3.18713273373e-06, 3.38568611369e-06, 2.73745604318e-06, 2.75428192253e-06, 2.05452033697e-06, 1.72133161414e-06, 2.13238217839e-06, 1.5953626189e-06], "dvar": [0.000192192121176, 5.76767379243e-05, 9.77468971541e-07, 6.46265618798e-07, 1.13957739245e-07, 1.24317111272e-07, 1.57631490083e-07, 8.07277089621e-08, 1.43619416804e-07, 5.58434400943e-08, 1.17570195357e-07, 9.38178779109e-09, 1.51051331443e-08, 9.19156573076e-09, 4.27007940118e-09, 1.84391213409e-09, 3.35512062577e-09, 1.08257369735e-09, 5.59353507956e-10, 3.99801358686e-10, 5.94486682104e-10, 4.93886487263e-10, 1.99137997758e-10, 4.87221374357e-10, 1.29603106025e-10, 1.13445808303e-10, 8.45702952113e-11, 6.46344575084e-11, 1.53782903078e-10, 9.5973472225e-11, 4.06428848909e-11, 3.98629428078e-11, 2.10449262183e-11, 2.39036880567e-11, 1.61669740095e-11, 1.43383447476e-11, 7.47332577766e-12, 5.68428333916e-12, 7.14805124813e-12, 5.00494090616e-12], "dvar2": [0.000540135370102, 0.000145362311741, 2.53485040957e-06, 1.68024405411e-06, 3.08348290901e-07, 2.99699109974e-07, 3.59822251994e-07, 1.66724490214e-07, 2.39479220454e-07, 1.20331321796e-07, 2.15614861077e-07, 1.96617602199e-08, 3.15957109365e-08, 1.79573476089e-08, 8.65821547791e-09, 4.13350154105e-09, 6.35713437447e-09, 2.28385088619e-09, 1.19956156119e-09, 8.84136597268e-10, 1.14749221236e-09, 1.04688857583e-09, 4.89241647195e-10, 1.02339914321e-09, 3.0451852151e-10, 2.76802192278e-10, 2.08460970708e-10, 1.66625102604e-10, 4.24241447528e-10, 2.49550657916e-10, 9.64215929322e-11, 9.63872315296e-11, 4.71255916235e-11, 5.64681322535e-11, 3.33261127028e-11, 3.43418279924e-11, 1.54907909417e-11, 1.10287508293e-11, 1.31040863924e-11, 1.04888476377e-11], "max": [0.129360541701, 0.0776150301099, 0.0166827831417, 0.0176319442689, 0.00538823194802, 0.0110746966675, 0.0129343699664, 0.0129006840289, 0.0164977777749, 0.00761465355754, 0.0142452772707, 0.00382820051163, 0.00382244214416, 0.00393469911069, 0.00222361925989, 0.00146761559881, 0.00188504497055, 0.00117266702, 0.000722824537661, 0.000769046775531, 0.00135447981302, 0.0011807695264, 0.000410587759688, 0.00108690268826, 0.000266375369392, 0.000341076491168, 0.000216517044464, 0.000187333673239, 0.00039032715722, 0.000149817264173, 0.000168417042005, 0.000145630780025, 7.82015631557e-05, 6.8358516728e-05, 0.000203772186069, 7.85912125139e-05, 4.59599395981e-05, 5.08458033437e-05, 5.99840968789e-05, 4.76682471344e-05], "mean": [0.00834986101836, 0.00567409396172, 0.000863592198584, 0.000530140998308, 0.000279601867078, 0.000273769925116, 0.000265602517175, 0.000172318119439, 0.000266543996986, 0.000181227995199, 0.000197253059014, 8.95121556823e-05, 8.39218992041e-05, 6.4321422542e-05, 5.39574502909e-05, 4.10815046052e-05, 5.13755112479e-05, 2.36616888287e-05, 1.92038623936e-05, 1.58426046255e-05, 1.5927669665e-05, 1.46200363815e-05, 1.03930196929e-05, 1.0820519492e-05, 8.91202944331e-06, 7.75951684773e-06, 6.42000850348e-06, 5.93262075199e-06, 5.8218633967e-06, 5.62007153349e-06, 4.47780666946e-06, 4.21758932134e-06, 3.47070363205e-06, 3.06119204652e-06, 2.92934646495e-06, 2.68348480859e-06, 2.37385256696e-06, 2.07177367884e-06, 2.47959042099e-06, 1.65102221672e-06], "median": [0.00494864862412, 0.00393548514694, 0.000642781145871, 0.000319053098792, 0.000161250733072, 8.41964356368e-05, 4.59266229882e-05, 3.7854166294e-05, 6.1265178374e-05, 4.32800443377e-05, 4.53137727163e-05, 4.44460529252e-05, 3.16047226079e-05, 2.39687269641e-05, 2.14967330976e-05, 2.04158222914e-05, 2.14484171011e-05, 8.3191162048e-06, 7.05638103682e-06, 6.42088207314e-06, 6.31996499578e-06, 5.83233577345e-06, 4.84713109472e-06, 3.86881129089e-06, 4.27223312727e-06, 3.72612339561e-06, 2.71113776762e-06, 1.52468089709e-06, 1.47594721511e-06, 1.17824617973e-06, 9.46514660427e-07, 1.15202942652e-06, 7.69811663304e-07, 6.92078856446e-07, 9.57043312155e-07, 8.51202514696e-07, 8.69723976393e-07, 7.40019515888e-07, 8.40584561956e-07, 4.42443081283e-07], "min": [6.73345399629e-24, 2.80417036789e-24, 1.49143115592e-23, 1.00081662863e-23, 6.67098804551e-24, 1.37391786008e-23, 7.41556782153e-24, 9.88014599429e-24, 1.09437426981e-23, 9.91576937504e-24, 5.30935061979e-24, 4.8119537031e-24, 9.72781379804e-24, 1.25215504944e-23, 1.05496640775e-23, 5.869396503e-24, 5.39882322366e-24, 1.82374086328e-23, 1.83517950418e-23, 1.39113932473e-23, 6.79742824912e-24, 1.12154232384e-23, 1.01700295e-23, 5.60813878739e-24, 3.98223374729e-24, 7.75069881104e-24, 9.65037684501e-24, 1.05518397558e-23, 8.51375607605e-24, 8.41625602361e-24, 1.0143918204e-23, 1.00824051972e-23, 8.90007230539e-24, 1.20158464779e-23, 8.33484557819e-24, 1.06540903287e-23, 1.12091052514e-23, 1.21536265571e-23, 9.4002101193e-24, 9.04230550432e-24], "var": [0.000160898969625, 5.44239446754e-05, 1.07395362647e-06, 6.53980464449e-07, 1.58459172894e-07, 3.81174402264e-07, 5.79083405228e-07, 3.18607845884e-07, 9.47110891047e-07, 2.51503223581e-07, 4.6041668611e-07, 2.60814303488e-08, 4.66030556368e-08, 3.5158155498e-08, 1.58774859926e-08, 4.85939732897e-09, 1.22954633142e-08, 3.61837892981e-09, 1.75515668666e-09, 1.24574450755e-09, 1.84492143784e-09, 1.24514609734e-09, 3.60019319912e-10, 1.25656007821e-09, 3.16198844885e-10, 2.25230140094e-10, 1.35374961241e-10, 1.29167773699e-10, 1.95025912086e-10, 1.23634921745e-10, 6.66444330277e-11, 5.82097078872e-11, 3.97122230933e-11, 3.40131985077e-11, 2.91968081656e-11, 2.21071199541e-11, 1.43825281546e-11, 1.2068307291e-11, 1.57916214827e-11, 8.93492745069e-12]}, "mfcc": {"mean": [-639.199279785, 119.109657288, 22.260181427, 21.4461708069, 15.5587902069, 15.595246315, 15.3247880936, 13.321352005, 5.99858093262, 6.43805074692, 4.29558849335, 3.41426682472, 0.0539051406085], "cov": [[7517.71875, -966.064147949, -216.211883545, -169.240036011, -281.253448486, -121.232276917, -96.3644561768, 7.69164180756, 126.954414368, 123.43825531, 85.1033172607, 87.7533569336, -5.74581813812], [-966.064147949, 1197.23095703, -90.4077072144, 95.4453353882, 154.582946777, 51.0799751282, 45.19348526, 43.5118484497, -12.5624790192, 23.6824150085, 19.7470703125, -15.8340826035, 5.01103496552], [-216.211883545, -90.4077072144, 373.549865723, 86.4564437866, 32.3259544373, 52.1608810425, 23.5040473938, -8.26006603241, -3.06856250763, -43.1878433228, -21.0072898865, 4.0333814621, 16.6525726318], [-169.240036011, 95.4453353882, 86.4564437866, 171.186950684, 16.1351680756, 51.8718719482, 13.6628437042, 2.36857748032, -9.18582057953, -18.6820583344, -15.0231609344, 3.29237747192, 17.5834941864], [-281.253448486, 154.582946777, 32.3259544373, 16.1351680756, 127.573532104, 43.4933242798, 40.0041885376, 25.4804134369, -3.44082975388, -2.22425508499, 3.08600330353, -2.12110877037, 0.549073934555], [-121.232276917, 51.0799751282, 52.1608810425, 51.8718719482, 43.4933242798, 102.603172302, 48.832408905, 17.1369132996, -0.577723503113, -7.55072212219, -3.47023463249, -3.23011445999, 1.01512694359], [-96.3644561768, 45.19348526, 23.5040473938, 13.6628437042, 40.0041885376, 48.832408905, 97.7574462891, 47.8437538147, -1.80590546131, -0.616503417492, 1.14311420918, -1.26908779144, -1.767750144], [7.69164180756, 43.5118484497, -8.26006603241, 2.36857748032, 25.4804134369, 17.1369132996, 47.8437538147, 75.6302566528, 21.0493049622, 5.82883167267, -1.64480936527, -6.64795732498, -6.76295185089], [126.954414368, -12.5624790192, -3.06856250763, -9.18582057953, -3.44082975388, -0.577723503113, -1.80590546131, 21.0493049622, 67.7028884888, 34.0234870911, 3.0452671051, -5.14629745483, -6.11124229431], [123.43825531, 23.6824150085, -43.1878433228, -18.6820583344, -2.22425508499, -7.55072212219, -0.616503417492, 5.82883167267, 34.0234870911, 70.3318252563, 28.7467556, -3.3175444603, -11.6549806595], [85.1033172607, 19.7470703125, -21.0072898865, -15.0231609344, 3.08600330353, -3.47023463249, 1.14311420918, -1.64480936527, 3.0452671051, 28.7467556, 54.7774047852, 22.7074661255, -6.57090044022], [87.7533569336, -15.8340826035, 4.0333814621, 3.29237747192, -2.12110877037, -3.23011445999, -1.26908779144, -6.64795732498, -5.14629745483, -3.3175444603, 22.7074661255, 61.3334884644, 30.3907413483], [-5.74581813812, 5.01103496552, 16.6525726318, 17.5834941864, 0.549073934555, 1.01512694359, -1.767750144, -6.76295185089, -6.11124229431, -11.6549806595, -6.57090044022, 30.3907413483, 63.8510093689]], "icov": [[0.000168402169948, 0.000116565330245, 7.47305748519e-05, 1.77272158908e-05, 0.000217169610551, -4.06553845096e-05, 0.000101028221252, -0.000169545237441, -0.000155128742335, -0.000153507106006, -0.000113173344289, -0.000213074672502, 1.21536368169e-05], [0.000116565330245, 0.00123467994854, 0.000569790019654, -0.000855533231515, -0.0012836601818, 0.000171650768607, 0.000152759879711, -0.000363187427865, 0.000180329443538, -0.000342189712683, -0.000668515800498, 0.000526117742993, -0.000389752705814], [7.47305748519e-05, 0.000569790019654, 0.00373895210214, -0.00170996447559, -0.00110923335887, -0.000404043035815, -0.000940065132454, 0.00149632128887, -0.00182868458796, 0.00239203544334, -0.000592602591496, 0.000340577185852, -0.000355290394509], [1.77272158908e-05, -0.000855533231515, -0.00170996447559, 0.00854535959661, 0.00153952126857, -0.00420330418274, 0.00152717845049, -0.000947542896029, 0.00124442297965, -0.000477583293105, 0.00196591042913, -0.00089486502111, -0.00118287547957], [0.000217169610551, -0.0012836601818, -0.00110923335887, 0.00153952126857, 0.0120066963136, -0.0035079983063, -0.00119835010264, -0.00222574081272, 0.000865858048201, -0.000248011026997, -0.00065059796907, -0.000273264275165, -0.000230069315876], [-4.06553845096e-05, 0.000171650768607, -0.000404043035815, -0.00420330418274, -0.0035079983063, 0.0167752578855, -0.00782945286483, 0.00297632766888, -0.00232646637596, 0.00172771629877, -0.00107905000914, 0.00135494384449, 0.000444465695182], [0.000101028221252, 0.000152759879711, -0.000940065132454, 0.00152717845049, -0.00119835010264, -0.00782945286483, 0.0210542175919, -0.0129085797817, 0.0058952239342, -0.00313877896406, 0.000420056545408, -0.00128261349164, -0.000182844494702], [-0.000169545237441, -0.000363187427865, 0.00149632128887, -0.000947542896029, -0.00222574081272, 0.00297632766888, -0.0129085797817, 0.0245065204799, -0.00975510664284, 0.00420835008845, -5.38658823643e-05, 0.00136938598007, 0.00127122690901], [-0.000155128742335, 0.000180329443538, -0.00182868458796, 0.00124442297965, 0.000865858048201, -0.00232646637596, 0.0058952239342, -0.00975510664284, 0.0255285091698, -0.0149937523529, 0.00663736369461, -0.00217425846495, 0.000690044136718], [-0.000153507106006, -0.000342189712683, 0.00239203544334, -0.000477583293105, -0.000248011026997, 0.00172771629877, -0.00313877896406, 0.00420835008845, -0.0149937523529, 0.0300253927708, -0.016927164048, 0.00790013559163, -0.00160234596115], [-0.000113173344289, -0.000668515800498, -0.000592602591496, 0.00196591042913, -0.00065059796907, -0.00107905000914, 0.000420056545408, -5.38658823643e-05, 0.00663736369461, -0.016927164048, 0.0365452803671, -0.0190186537802, 0.0100426673889], [-0.000213074672502, 0.000526117742993, 0.000340577185852, -0.00089486502111, -0.000273264275165, 0.00135494384449, -0.00128261349164, 0.00136938598007, -0.00217425846495, 0.00790013559163, -0.0190186537802, 0.0320692658424, -0.0157995764166], [1.21536368169e-05, -0.000389752705814, -0.000355290394509, -0.00118287547957, -0.000230069315876, 0.000444465695182, -0.000182844494702, 0.00127122690901, 0.000690044136718, -0.00160234596115, 0.0100426673889, -0.0157995764166, 0.0245631132275]]}, "spectral_contrast_coeffs": {"dmean": [0.0362517647445, 0.0407231338322, 0.0330466479063, 0.0273994524032, 0.0198760218918, 0.0183874536306], "dmean2": [0.0606375597417, 0.0666112601757, 0.052534494549, 0.0438009649515, 0.0323930047452, 0.0286462698132], "dvar": [0.00104260304943, 0.0012167460518, 0.00080691894982, 0.000527511641849, 0.000335929944413, 0.000304206478177], "dvar2": [0.00280567468144, 0.00313020637259, 0.00191472610459, 0.0013260365231, 0.000804890121799, 0.000740226765629], "max": [-0.443437963724, -0.363611787558, -0.437469154596, -0.559879243374, -0.561821937561, -0.600664317608], "mean": [-0.69793009758, -0.724541425705, -0.734910368919, -0.760730624199, -0.79143512249, -0.788539350033], "median": [-0.699367463589, -0.733263492584, -0.741209149361, -0.764901638031, -0.795621037483, -0.789067566395], "min": [-0.977306365967, -0.966526508331, -0.96872740984, -0.956356942654, -0.958557844162, -0.958677768707], "var": [0.00404754048213, 0.00507386028767, 0.00379663915373, 0.00239524245262, 0.00171796861105, 0.00128886010498]}, "spectral_contrast_valleys": {"dmean": [0.290552347898, 0.351081848145, 0.302893519402, 0.265784025192, 0.264132291079, 0.412628889084], "dmean2": [0.475383877754, 0.567504167557, 0.479590475559, 0.411492288113, 0.37418910861, 0.462734222412], "dvar": [0.0952868387103, 0.129410549998, 0.100895665586, 0.0966717675328, 0.128927767277, 0.191685736179], "dvar2": [0.196166649461, 0.273949414492, 0.201070860028, 0.184383511543, 0.236997500062, 0.335885435343], "max": [-4.72812509