{"lowlevel": {"average_loudness": 0.124970935285, "barkbands_crest": {"dmean": 2.78589606285, "dmean2": 4.67564439774, "dvar": 5.39968442917, "dvar2": 15.5102233887, "max": 25.3716316223, "mean": 11.1066141129, "median": 10.6261968613, "min": 2.62174582481, "var": 18.6637744904}, "barkbands_flatness_db": {"dmean": 0.0215974543244, "dmean2": 0.0347303338349, "dvar": 0.000320123130223, "dvar2": 0.000806063821074, "max": 0.352176219225, "mean": 0.14207649231, "median": 0.136847048998, "min": 0.0127096679062, "var": 0.00296476716176}, "barkbands_kurtosis": {"dmean": 3.43262600899, "dmean2": 5.56469964981, "dvar": 23.8955135345, "dvar2": 60.6679763794, "max": 76.0862579346, "mean": 5.81715106964, "median": 2.70904231071, "min": -1.95503675938, "var": 65.4291610718}, "barkbands_skewness": {"dmean": 0.623573660851, "dmean2": 0.984667599201, "dvar": 0.343663364649, "dvar2": 0.839873611927, "max": 7.02115106583, "mean": 1.25555229187, "median": 1.2505800724, "min": -7.07558441162, "var": 2.30275630951}, "barkbands_spread": {"dmean": 5.91115045547, "dmean2": 9.18602275848, "dvar": 62.0632286072, "dvar2": 133.540924072, "max": 140.64050293, "mean": 19.2228221893, "median": 14.2535228729, "min": 0.96941524744, "var": 258.261962891}, "dissonance": {"dmean": 0.0267185289413, "dmean2": 0.0452952571213, "dvar": 0.000715644331649, "dvar2": 0.00202717585489, "max": 0.500000059605, "mean": 0.449228197336, "median": 0.459391504526, "min": 0.238711729646, "var": 0.00170922861435}, "dynamic_complexity": 4.75453901291, "erbbands_crest": {"dmean": 3.08879733086, "dmean2": 5.06467723846, "dvar": 6.8023109436, "dvar2": 18.6066036224, "max": 31.20403862, "mean": 11.7291307449, "median": 11.2311172485, "min": 2.4120247364, "var": 20.3612918854}, "erbbands_flatness_db": {"dmean": 0.0213835798204, "dmean2": 0.0335526801646, "dvar": 0.000327062502038, "dvar2": 0.000763631600421, "max": 0.411309093237, "mean": 0.196951106191, "median": 0.194299936295, "min": 0.0534653179348, "var": 0.0028796645347}, "erbbands_kurtosis": {"dmean": 2.47869992256, "dmean2": 4.00708770752, "dvar": 13.0645561218, "dvar2": 33.375705719, "max": 63.3856124878, "mean": 3.66639113426, "median": 1.48445725441, "min": -1.91397559643, "var": 36.0667724609}, "erbbands_skewness": {"dmean": 0.547694444656, "dmean2": 0.839669048786, "dvar": 0.282700866461, "dvar2": 0.619344592094, "max": 5.78495454788, "mean": 0.947115302086, "median": 0.890409231186, "min": -7.35260343552, "var": 1.94832420349}, "erbbands_spread": {"dmean": 8.00084114075, "dmean2": 12.6088790894, "dvar": 106.124282837, "dvar2": 240.249603271, "max": 135.568710327, "mean": 26.321969986, "median": 20.1875495911, "min": 1.95567440987, "var": 402.936401367}, "hfc": {"dmean": 14.4731445312, "dmean2": 22.7196769714, "dvar": 1614.6003418, "dvar2": 3967.77905273, "max": 495.104095459, "mean": 29.3138027191, "median": 10.0885314941, "min": 1.08946396762e-16, "var": 2891.91674805}, "melbands_crest": {"dmean": 3.49186182022, "dmean2": 5.99321174622, "dvar": 9.52301979065, "dvar2": 29.3042984009, "max": 36.2553291321, "mean": 13.5001583099, "median": 12.8229970932, "min": 1.00024402142, "var": 25.059343338}, "melbands_flatness_db": {"dmean": 0.0265801046044, "dmean2": 0.0416210070252, "dvar": 0.000514285115059, "dvar2": 0.00122897757683, "max": 0.444319903851, "mean": 0.18854637444, "median": 0.184559881687, "min": 2.58860126223e-07, "var": 0.00492963567376}, "melbands_kurtosis": {"dmean": 4.86405992508, "dmean2": 8.04144287109, "dvar": 55.9792518616, "dvar2": 146.379272461, "max": 171.68901062, "mean": 8.97309589386, "median": 5.17510223389, "min": -1.95433080196, "var": 134.499404907}, "melbands_skewness": {"dmean": 0.712972462177, "dmean2": 1.1822052002, "dvar": 0.474106103182, "dvar2": 1.26962840557, "max": 9.91893100739, "mean": 1.62815833092, "median": 1.46623051167, "min": -2.89727950096, "var": 1.75588512421}, "melbands_spread": {"dmean": 10.6383037567, "dmean2": 16.4890270233, "dvar": 339.763519287, "dvar2": 720.648254395, "max": 282.290496826, "mean": 31.4359092712, "median": 17.2287712097, "min": 1.74240422249, "var": 1661.31494141}, "pitch_salience": {"dmean": 0.0655621215701, "dmean2": 0.109367847443, "dvar": 0.00297508039512, "dvar2": 0.00820170529187, "max": 0.99609708786, "mean": 0.569930434227, "median": 0.573429226875, "min": 0.165181323886, "var": 0.0102982679382}, "silence_rate_20dB": {"dmean": 0, "dmean2": 0, "dvar": 0, "dvar2": 0, "max": 1, "mean": 1, "median": 1, "min": 1, "var": 0}, "silence_rate_30dB": {"dmean": 0.00108124047983, "dmean2": 0.00216258713044, "dvar": 0.00108005560469, "dvar2": 0.00235439790413, "max": 1, "mean": 0.9968547225, "median": 1, "min": 0, "var": 0.00313600874506}, "silence_rate_60dB": {"dmean": 0.0354843474925, "dmean2": 0.0709721818566, "dvar": 0.0342326052487, "dvar2": 0.0720242038369, "max": 1, "mean": 0.202427759767, "median": 0, "min": 0, "var": 0.161475718021}, "spectral_centroid": {"dmean": 291.689880371, "dmean2": 456.135009766, "dvar": 184406.640625, "dvar2": 377840.21875, "max": 11734.3681641, "mean": 1472.01428223, "median": 1102.00012207, "min": 316.002746582, "var": 1274218.25}, "spectral_complexity": {"dmean": 2.50503754616, "dmean2": 4.09829950333, "dvar": 12.3724632263, "dvar2": 24.5220489502, "max": 54, "mean": 13.7142715454, "median": 10, "min": 0, "var": 96.8009490967}, "spectral_decrease": {"dmean": 9.99093030529e-10, "dmean2": 1.59345203699e-09, "dvar": 2.12323573403e-18, "dvar2": 5.42424927453e-18, "max": 1.61607177835e-14, "mean": -3.55907392446e-09, "median": -2.40979192156e-09, "min": -5.59453496862e-08, "var": 1.57969791778e-17}, "spectral_energy": {"dmean": 0.00490159774199, "dmean2": 0.00775478500873, "dvar": 5.38663407497e-05, "dvar2": 0.000134911839268, "max": 0.229561299086, "mean": 0.016091728583, "median": 0.0109768193215, "min": 9.9505570618e-21, "var": 0.000298455037409}, "spectral_energyband_high": {"dmean": 0.00150168209802, "dmean2": 0.002369904425, "dvar": 2.29480410781e-05, "dvar2": 5.64138827031e-05, "max": 0.0601352751255, "mean": 0.00212465925142, "median": 0.000194283304154, "min": 7.2120310489e-21, "var": 3.71462119801e-05}, "spectral_energyband_low": {"dmean": 0.000142867924296, "dmean2": 0.000209704929148, "dvar": 8.59584687873e-08, "dvar2": 1.74095262651e-07, "max": 0.036962762475, "mean": 0.000466591474833, "median": 9.63349739322e-05, "min": 2.2727243607e-23, "var": 2.67856080427e-06}, "spectral_energyband_middle_high": {"dmean": 0.00169845181517, "dmean2": 0.00276433466934, "dvar": 1.73263706529e-05, "dvar2": 4.63498654426e-05, "max": 0.179806336761, "mean": 0.00504238205031, "median": 0.00134492293, "min": 1.27644651587e-21, "var": 7.03616024111e-05}, "spectral_energyband_middle_low": {"dmean": 0.00289062457159, "dmean2": 0.00465263007209, "dvar": 1.97149456653e-05, "dvar2": 5.00093046867e-05, "max": 0.206870228052, "mean": 0.00878401380032, "median": 0.00566370878369, "min": 1.94387456572e-22, "var": 0.000142599543324}, "spectral_entropy": {"dmean": 0.222620248795, "dmean2": 0.346023976803, "dvar": 0.0453792884946, "dvar2": 0.105300538242, "max": 9.81876754761, "mean": 7.45086669922, "median": 7.47903728485, "min": 5.43922328949, "var": 0.377738773823}, "spectral_flux": {"dmean": 0.0130716897547, "dmean2": 0.0210746899247, "dvar": 0.000243915274041, "dvar2": 0.000538825173862, "max": 0.354157924652, "mean": 0.0583276934922, "median": 0.049508087337, "min": 6.37912778156e-11, "var": 0.00149755412713}, "spectral_kurtosis": {"dmean": 2.55792236328, "dmean2": 4.24970340729, "dvar": 16.2623825073, "dvar2": 46.6901168823, "max": 113.161651611, "mean": 7.14601421356, "median": 5.35310316086, "min": -1.71428024769, "var": 64.7877502441}, "spectral_rms": {"dmean": 0.000545091810636, "dmean2": 0.000850310199894, "dvar": 3.6134167658e-07, "dvar2": 8.81733626557e-07, "max": 0.0149653684348, "mean": 0.00346567225643, "median": 0.00327247474343, "min": 3.11574399094e-12, "var": 3.68828523278e-06}, "spectral_rolloff": {"dmean": 721.240478516, "dmean2": 1193.24902344, "dvar": 2169470.75, "dvar2": 4516942.5, "max": 19681.3476562, "mean": 2640.31274414, "median": 1442.72460938, "min": 193.798828125, "var": 9633238}, "spectral_skewness": {"dmean": 0.347582995892, "dmean2": 0.556873202324, "dvar": 0.134089767933, "dvar2": 0.358140140772, "max": 8.18803787231, "mean": 1.94400513172, "median": 1.84708893299, "min": -0.590750873089, "var": 0.886030137539}, "spectral_spread": {"dmean": 798331.375, "dmean2": 1250712.375, "dvar": 875180654592, "dvar2": 1813358313470.0, "max": 48579064, "mean": 5562272, "median": 5040990, "min": 726009.0625, "var": 9194923098110.0}, "spectral_strongpeak": {"dmean": 0.836632370949, "dmean2": 1.42794179916, "dvar": 3.55683684349, "dvar2": 10.6198606491, "max": 42.7588577271, "mean": 1.73039603233, "median": 1.05324530602, "min": 0, "var": 7.54589128494}, "zerocrossingrate": {"dmean": 0.0132840005681, "dmean2": 0.0146196391433, "dvar": 0.000354770512786, "dvar2": 0.000395905284677, "max": 0.58154296875, "mean": 0.0968816429377, "median": 0.06982421875, "min": 0.0126953125, "var": 0.00701689207926}, "barkbands": {"dmean": [9.9619737739e-06, 5.76272432227e-05, 2.56467683357e-05, 0.000194878477487, 0.000300643790979, 0.00140775111504, 0.000732310989406, 0.000792979903053, 0.000946701096836, 0.000307463138597, 0.000439217896201, 0.000662875070702, 0.000339449412422, 0.000423547695391, 0.000174905057065, 0.000217059947317, 0.000240218505496, 0.000119695418107, 0.000137986935442, 0.00011696270667, 0.000135042777401, 0.000266823393758, 0.000464120967081, 0.000534171995241, 0.000165633726283, 6.3438055804e-05, 3.88188054785e-05], "dmean2": [1.38987788887e-05, 9.77927047643e-05, 3.6464225559e-05, 0.000245713745244, 0.000435029272921, 0.00240920321085, 0.0012319041416, 0.00125542224851, 0.00145161501132, 0.000497549946886, 0.000714574707672, 0.00111794169061, 0.00057172490051, 0.000709269428626, 0.000289105024422, 0.000369468325516, 0.000400218152208, 0.000198846813873, 0.000215898937313, 0.00019361898012, 0.000212536280742, 0.000445127050625, 0.000761456612963, 0.000909784401301, 0.00027208114625, 9.88045649137e-05, 6.10882198089e-05], "dvar": [4.19029422272e-10, 1.96687111043e-08, 3.24735682788e-09, 3.90826102148e-07, 1.93685013983e-06, 9.57562406256e-06, 3.19966966345e-06, 2.72924467026e-06, 4.10801885664e-06, 7.5419291079e-07, 1.59157980306e-06, 5.94148559685e-06, 1.03866398149e-06, 5.92030801272e-06, 2.71057075452e-07, 1.07283756279e-06, 1.28708074953e-06, 2.42151912744e-07, 1.3068000726e-07, 1.03203994684e-07, 1.44183729844e-07, 7.32687681193e-07, 2.79113464785e-06, 4.45376417701e-06, 6.14580642377e-07, 7.24571407318e-08, 1.8517356537e-08], "dvar2": [7.54424633875e-10, 4.64749874141e-08, 5.25551557828e-09, 5.7315395452e-07, 3.86173360312e-06, 2.71979934041e-05, 8.80523930391e-06, 6.84339829604e-06, 9.93848698272e-06, 1.8335290406e-06, 4.3577915676e-06, 1.65478104464e-05, 2.84554448626e-06, 1.55524994625e-05, 7.49825119328e-07, 3.00697024613e-06, 3.49310903403e-06, 6.19095601451e-07, 2.94237224807e-07, 2.62778399929e-07, 3.20798193343e-07, 1.96691485144e-06, 7.73918600316e-06, 1.26919740069e-05, 1.74876026904e-06, 1.70911846453e-07, 4.40640590682e-08], "max": [0.000364380946849, 0.0276894066483, 0.00794623605907, 0.1241049245, 0.112444378436, 0.107544094324, 0.0674752518535, 0.0496064200997, 0.074774980545, 0.0228189509362, 0.0408672690392, 0.0649248212576, 0.0392080172896, 0.157398566604, 0.0190733112395, 0.0610442534089, 0.0345997922122, 0.0362237244844, 0.0153509331867, 0.00669394759461, 0.0101018566638, 0.00936316139996, 0.0407740660012, 0.0446724928916, 0.0215716436505, 0.0038999512326, 0.00190741627011], "mean": [1.66075078596e-05, 0.000176007277332, 6.97951181792e-05, 0.000691978901159, 0.000709754880518, 0.00241869851016, 0.00131468614563, 0.00142934697215, 0.00197340361774, 0.000527915137354, 0.000720642448869, 0.00115472089965, 0.000567303679418, 0.000684733618982, 0.000276740989648, 0.000341231789207, 0.000413059169659, 0.000198988840566, 0.000209221776458, 0.000149651124957, 0.000169745500898, 0.000295506528346, 0.000507655611727, 0.00071211339673, 0.000226237083552, 7.75965017965e-05, 5.83220862609e-05], "median": [5.24940423929e-06, 3.06174042635e-05, 1.11643821583e-05, 1.37311226354e-05, 7.93416547822e-05, 0.000479984038975, 0.000381418620236, 0.000545935414266, 0.000884601904545, 0.000108312895463, 0.000273437763099, 0.00011538957915, 9.75896036834e-05, 0.000120956727187, 7.076417387e-05, 3.43692081515e-05, 2.28595199587e-05, 1.57233225764e-05, 1.60985728144e-05, 1.4655925952e-05, 1.55512789206e-05, 1.99414898816e-05, 1.8221388018e-05, 2.19562880375e-05, 1.03728943941e-05, 1.0675030353e-05, 9.88574174698e-06], "min": [1.19477766565e-24, 4.79863299785e-24, 1.70246122994e-24, 1.49728836925e-24, 9.50831877319e-24, 1.16105652436e-23, 5.7696316309e-24, 9.73681548983e-24, 1.78739062609e-23, 2.05331153516e-23, 2.35597174763e-23, 1.83365242724e-23, 3.10698894419e-23, 4.88414015572e-23, 5.83690742439e-23, 7.64909636634e-23, 8.17133869391e-23, 1.0275414375e-22, 1.58996657252e-22, 1.4927710835e-22, 2.4249445387e-22, 3.94865247498e-22, 4.11783524503e-22, 6.07009559149e-22, 8.51660493677e-22, 1.28840933275e-21, 2.04390392079e-21], "var": [1.13766962517e-09, 1.06230697838e-06, 7.73501440676e-08, 1.78811988008e-05, 7.70977112552e-06, 2.61231361947e-05, 6.68351003696e-06, 5.94690664002e-06, 1.29188410938e-05, 1.67835037246e-06, 2.51265714724e-06, 1.43787092384e-05, 2.06679897019e-06, 6.53430561215e-06, 4.08452820011e-07, 1.44773764532e-06, 2.50423886428e-06, 3.56675940338e-07, 2.49151440812e-07, 1.28453990555e-07, 2.01398947297e-07, 8.15570558643e-07, 3.43933606928e-06, 7.48530464989e-06, 9.94328274828e-07, 8.71813767844e-08, 2.19135873891e-08]}, "erbbands": {"dmean": [0.00134967197664, 0.0144005715847, 0.0311916973442, 0.327348351479, 0.680720865726, 1.18557417393, 3.0585193634, 16.8227558136, 9.63827514648, 13.5983791351, 16.7509765625, 19.5688552856, 16.9796943665, 8.63274478912, 21.1586380005, 24.8129482269, 16.2154121399, 18.4534797668, 12.914648056, 8.71113491058, 11.6921510696, 12.8825626373, 7.49313306808, 5.30021476746, 6.68695116043, 5.23079013824, 6.04978370667, 5.55457448959, 9.62711811066, 9.89489459991, 14.2612943649, 9.4405670166, 9.7840013504, 1.80309593678, 1.54967820644, 0.409867763519, 0.0975836589932, 0.0217294953763, 0.00648088566959, 0.000593220291194], "dmean2": [0.00227018026635, 0.0244107693434, 0.0463474281132, 0.424626797438, 0.888803303242, 1.77895915508, 4.81244802475, 29.2193584442, 16.2847518921, 21.5356197357, 26.939119339, 30.3455467224, 26.1329860687, 13.6424608231, 35.0915336609, 41.932849884, 27.3321380615, 30.7553482056, 21.3959331512, 14.4891252518, 19.5594711304, 21.5341358185, 12.4592046738, 8.37718868256, 10.4892377853, 8.56438732147, 9.86928272247, 8.91691589355, 16.1694278717, 15.6463632584, 23.6691188812, 15.8664741516, 16.8887500763, 3.00337934494, 2.58309149742, 0.659077584743, 0.148091316223, 0.0333006978035, 0.0100336661562, 0.000943841529079], "dvar": [5.7410975387e-06, 0.00140792143065, 0.00449972227216, 0.916258096695, 8.1045255661, 47.6043014526, 61.8902740479, 1530.66088867, 655.430664062, 928.103027344, 1453.11535645, 2216.78833008, 1354.09033203, 356.277770996, 3933.25634766, 8421.50878906, 2401.00610352, 5069.36669922, 5050.25976562, 1165.60253906, 3957.39135742, 3978.67016602, 1203.94335938, 177.277587891, 346.773376465, 207.319992065, 335.785125732, 292.510894775, 994.633972168, 1134.00097656, 3130.08837891, 1622.54138184, 1650.79748535, 64.4110336304, 71.4110870361, 3.35894036293, 0.17285990715, 0.00603669835255, 0.000638903991785, 3.33752245751e-06], "dvar2": [1.50647065311e-05, 0.00327057554387, 0.0082869566977, 1.59449589252, 11.6520719528, 96.400428772, 141.282058716, 4513.90722656, 1797.28137207, 2438.69311523, 3620.94287109, 5548.83251953, 3060.69189453, 943.445617676, 10735.6425781, 23899.8769531, 6550.44140625, 13112.7128906, 13483.3574219, 3311.98901367, 10766.3056641, 10706.1005859, 3171.23339844, 426.846496582, 758.174560547, 519.491210938, 798.603271484, 687.05279541, 2681.44604492, 2757.60180664, 9115.85742188, 4310.82470703, 5100.80859375, 181.475631714, 216.997619629, 8.17192840576, 0.405361413956, 0.0137833785266, 0.00156088464428, 7.93596791482e-06], "max": [0.219663634896, 7.81404256821, 15.6472244263, 158.95892334, 480.909576416, 612.027770996, 319.439605713, 1352.51782227, 1134.89147949, 1132.7467041, 1336.13623047, 1448.58312988, 1507.10290527, 557.703186035, 1521.17712402, 2319.66870117, 1986.63720703, 3650.83349609, 4998.86132812, 1605.97351074, 3860.87695312, 2246.74658203, 2701.33203125, 412.724304199, 920.244140625, 322.919952393, 612.751037598, 207.293487549, 343.260467529, 437.318664551, 1669.3918457, 635.320556641, 1012.54699707, 293.65322876, 273.575744629, 29.8145275116, 6.27360105515, 1.06579267979, 0.363178670406, 0.0245771501213], "mean": [0.00290149124339, 0.0461152531207, 0.101956270635, 1.0706448555, 2.40647244453, 2.31839394569, 6.1060552597, 27.3947677612, 18.0026340485, 28.1517772675, 28.9892044067, 39.3140068054, 37.1676826477, 17.9607219696, 34.9608078003, 46.0582618713, 30.3418693542, 31.8762836456, 21.9596099854, 15.5948724747, 20.2217731476, 23.1052379608, 13.4735631943, 8.79302120209, 10.4039201736, 7.01609182358, 7.2557182312, 6.73013448715, 10.3217306137, 10.9738550186, 16.4905929565, 11.4176702499, 13.0790691376, 2.8114964962, 2.04988646507, 0.483596324921, 0.116537086666, 0.0293033607304, 0.00934502668679, 0.000915746961255], "median": [0.000889932736754, 0.006931187585, 0.0182544030249, 0.0376867800951, 0.104202970862, 0.306598544121, 1.44243383408, 4.30102014542, 7.33472061157, 11.4826526642, 11.9162712097, 17.770866394, 14.687084198, 9.82327461243, 6.65535831451, 5.70445919037, 5.46747779846, 7.48686790466, 3.68825483322, 3.24320983887, 2.29051876068, 1.21301555634, 0.953268647194, 0.761907637119, 0.83367484808, 0.696743428707, 0.708356261253, 0.641953229904, 0.762441396713, 0.603335142136, 0.523941397667, 0.3696359694, 0.385777294636, 0.123234421015, 0.0777162015438, 0.0490886494517, 0.0169242247939, 0.00449496228248, 0.00147697003558, 0.000189729849808], "min": [1.07853820268e-22, 9.57624733331e-22, 2.49195106556e-21, 5.06623285537e-21, 1.10858341798e-20, 2.64180307302e-20, 5.28038175724e-20, 1.00501358751e-19, 1.56312384978e-19, 3.15704880364e-19, 3.96203590186e-19, 4.65174891938e-19, 6.07007157175e-19, 1.06875395416e-18, 1.17792328685e-18, 1.07201521712e-18, 1.62360851109e-18, 2.46400105918e-18, 3.89572869037e-18, 3.14567501852e-18, 4.90158362396e-18, 5.5032971354e-18, 6.35646404049e-18, 4.94956919847e-18, 8.70968907204e-18, 8.08270353851e-18, 1.14071126419e-17, 9.60685743622e-18, 1.27801431232e-17, 1.05833532483e-17, 1.21424298843e-17, 1.12072732505e-17, 9.71318075061e-18, 9.72040865481e-18, 6.39372976786e-18, 4.41228726648e-18, 2.40976386039e-18, 1.04298066063e-18, 2.48974307494e-19, 2.85168318979e-20], "var": [0.000121044839034, 0.0812202319503, 0.270288705826, 30.1676273346, 227.358444214, 136.325668335, 198.40423584, 3795.20019531, 1260.65563965, 1953.01318359, 2668.21533203, 4727.73486328, 5890.02246094, 705.406982422, 6994.37304688, 20478.4140625, 5428.00292969, 6439.2109375, 6292.13378906, 2019.15063477, 5892.04394531, 7719.61132812, 1796.01123047, 346.000183105, 696.405700684, 270.989929199, 425.131378174, 362.764190674, 1043.55236816, 1313.46948242, 4312.66894531, 2094.52148438, 2778.69555664, 142.329437256, 105.635787964, 3.80144405365, 0.209539294243, 0.0076943365857, 0.000690404966008, 4.21337563239e-06]}, "gfcc": {"mean": [-50.2345581055, 44.3605041504, -120.430976868, -22.6459999084, -73.1852264404, 2.53285765648, -32.378868103, 4.76144313812, -10.0145235062, 4.41754674911, -9.13596820831, -1.29111790657, -9.7772102356], "cov": [[13458.5214844, -754.191589355, -1022.20819092, 603.762451172, -510.823516846, -283.835144043, -595.828308105, -620.032592773, -663.721984863, -496.826843262, -110.025848389, -173.714950562, -301.938079834], [-754.191589355, 2959.92382812, -608.269165039, -561.55078125, 271.303894043, -361.406433105, -121.79234314, -116.588111877, -66.3656158447, 8.96117115021, -30.5471687317, -74.3430252075, 6.58166360855], [-1022.20819092, -608.269165039, 941.761413574, -18.1930294037, -155.549209595, 212.425247192, 29.2484912872, 147.111633301, 245.377456665, 148.243927002, 76.2850875854, 54.6475524902, 79.4185943604], [603.762451172, -561.55078125, -18.1930294037, 539.60144043, 80.4257659912, 46.4870605469, 22.8980693817, -70.138458252, -90.6980667114, -67.251335144, -7.61393642426, -0.498352617025, -32.6452789307], [-510.823516846, 271.303894043, -155.549209595, 80.4257659912, 503.04876709, 9.36956214905, 134.285491943, -32.1405410767, -82.7073974609, 7.46879386902, -30.2821292877, -13.7971334457, -11.4568967819], [-283.835144043, -361.406433105, 212.425247192, 46.4870605469, 9.36956214905, 368.383605957, -14.5679244995, 121.493766785, 88.0419235229, 66.1628036499, -1.52983140945, -13.2402410507, -15.9599123001], [-595.828308105, -121.79234314, 29.2484912872, 22.8980693817, 134.285491943, -14.5679244995, 419.721588135, 112.992088318, 108.619972229, 66.9710998535, 1.40104115009, 1.21588587761, 8.64856529236], [-620.032592773, -116.588111877, 147.111633301, -70.138458252, -32.1405410767, 121.493766785, 112.992088318, 272.325256348, 121.848747253, 103.785720825, -33.1494216919, 1.10340201855, 0.870565891266], [-663.721984863, -66.3656158447, 245.377456665, -90.6980667114, -82.7073974609, 88.0419235229, 108.619972229, 121.848747253, 286.876586914, 151.144683838, 69.5908203125, -1.51798522472, 28.7716808319], [-496.826843262, 8.96117115021, 148.243927002, -67.251335144, 7.46879386902, 66.1628036499, 66.9710998535, 103.785720825, 151.144683838, 222.987106323, 71.5982437134, 33.6209106445, 5.72646856308], [-110.025848389, -30.5471687317, 76.2850875854, -7.61393642426, -30.2821292877, -1.52983140945, 1.40104115009, -33.1494216919, 69.5908203125, 71.5982437134, 149.781112671, 46.7384986877, 12.7523441315], [-173.714950562, -74.3430252075, 54.6475524902, -0.498352617025, -13.7971334457, -13.2402410507, 1.21588587761, 1.10340201855, -1.51798522472, 33.6209106445, 46.7384986877, 116.352828979, 44.8858261108], [-301.938079834, 6.58166360855, 79.4185943604, -32.6452789307, -11.4568967819, -15.9599123001, 8.64856529236, 0.870565891266, 28.7716808319, 5.72646856308, 12.7523441315, 44.8858261108, 117.510604858]], "icov": [[0.000111481327622, 3.48916764779e-05, 9.44596831687e-05, -6.54509567539e-05, 0.000164008393767, 4.83794519823e-06, 3.92525507777e-05, 0.000160848052474, 0.00013452389976, -4.72455758427e-05, 1.77637903107e-05, 0.000117318864795, 0.000137660870678], [3.48916764779e-05, 0.000661314174067, 0.000336604047334, 0.000605450535659, -0.000459263363155, 0.000515588442795, 0.000426384794991, 5.10440513608e-05, -0.000229848446907, -0.000187836019904, 1.96055771085e-05, 0.000401665631216, -0.000103312617284], [9.44596831687e-05, 0.000336604047334, 0.00189258577302, 4.58750837424e-05, 0.000224698480451, -0.000431270804256, 0.000333976437105, -3.87324616895e-05, -0.000974871742073, -0.000274768681265, -9.62385165622e-05, -0.000150600171764, -0.00078339735046], [-6.54509567539e-05, 0.000605450535659, 4.58750837424e-05, 0.0028786752373, -0.000704507285263, -0.000149542407598, -0.000162043812452, 0.00057731353445, 0.000348320289049, 0.000322629057337, -0.000166097903275, -1.85442286238e-06, 0.000403007084969], [0.000164008393767, -0.000459263363155, 0.000224698480451, -0.000704507285263, 0.00349290645681, -0.00111775530968, -0.00163557741325, 0.00115034054033, 0.00196804758161, -0.0013489802368, 0.000447067548521, 0.000465392571641, -0.000242261245148], [4.83794519823e-06, 0.000515588442795, -0.000431270804256, -0.000149542407598, -0.00111775530968, 0.00449800398201, 0.00146893388592, -0.00184557586908, -0.0010515920585, -4.14582427766e-05, -4.2290197598e-05, 0.000687420950271, 0.00064247805858], [3.92525507777e-05, 0.000426384794991, 0.000333976437105, -0.000162043812452, -0.00163557741325, 0.00146893388592, 0.00405733566731, -0.00169915193692, -0.00212366227061, 0.00043839821592, -1.74449212409e-06, -6.57409327687e-05, 8.41631554067e-05], [0.000160848052474, 5.10440513608e-05, -3.87324616895e-05, 0.00057731353445, 0.00115034054033, -0.00184557586908, -0.00169915193692, 0.00775635894388, -0.000826949602924, -0.0026306565851, 0.00401190854609, -0.00100950314663, 0.000806973897852], [0.00013452389976, -0.000229848446907, -0.000974871742073, 0.000348320289049, 0.00196804758161, -0.0010515920585, -0.00212366227061, -0.000826949602924, 0.00966847222298, -0.0038163268473, -0.0029002733063, 0.00382301677018, -0.00200120266527], [-4.72455758427e-05, -0.000187836019904, -0.000274768681265, 0.000322629057337, -0.0013489802368, -4.14582427766e-05, 0.00043839821592, -0.0026306565851, -0.0038163268473, 0.00970435701311, -0.00300136278383, -0.00253565330058, 0.00177028006874], [1.77637903107e-05, 1.96055771085e-05, -9.62385165622e-05, -0.000166097903275, 0.000447067548521, -4.2290197598e-05, -1.74449212409e-06, 0.00401190854609, -0.0029002733063, -0.00300136278383, 0.0117207868025, -0.00428361119702, 0.00129234069027], [0.000117318864795, 0.000401665631216, -0.000150600171764, -1.85442286238e-06, 0.000465392571641, 0.000687420950271, -6.57409327687e-05, -0.00100950314663, 0.00382301677018, -0.00253565330058, -0.00428361119702, 0.0136905414984, -0.00504575390369], [0.000137660870678, -0.000103312617284, -0.00078339735046, 0.000403007084969, -0.000242261245148, 0.00064247805858, 8.41631554067e-05, 0.000806973897852, -0.00200120266527, 0.00177028006874, 0.00129234069027, -0.00504575390369, 0.0117530543357]]}, "melbands": {"dmean": [1.43954457599e-05, 1.62091582752e-05, 7.08447842044e-05, 6.05023560638e-05, 9.4235954748e-05, 0.000331337883836, 0.000154331966769, 0.000151800137246, 0.000132305038278, 0.000138821967994, 8.49182979437e-05, 3.42397870554e-05, 6.63870159769e-05, 7.0810696343e-05, 6.01465981163e-05, 3.19886603393e-05, 3.67288084817e-05, 2.59724947682e-05, 1.06475627035e-05, 1.37446431836e-05, 1.4879849914e-05, 1.53281343955e-05, 9.8781692941e-06, 5.24137612956e-06, 4.45656041848e-06, 5.80091045776e-06, 4.16963939642e-06, 3.75348099624e-06, 4.07970810556e-06, 3.06063293465e-06, 3.52048914465e-06, 5.44387057744e-06, 5.54552298127e-06, 5.83736255066e-06, 8.09480661701e-06, 8.14202485344e-06, 5.21035190104e-06, 8.37249172037e-06, 3.31609066961e-06, 1.28286501422e-06], "dmean2": [2.41615834966e-05, 2.57128886005e-05, 8.97917343536e-05, 8.66659611347e-05, 0.000145530619193, 0.000572506338358, 0.000260099041043, 0.00023849227, 0.000212245387957, 0.000214716419578, 0.000130853281007, 5.46281880816e-05, 0.000110019405838, 0.000117868963571, 0.000102318517747, 5.29064709553e-05, 6.18674821453e-05, 4.34461799159e-05, 1.75010372914e-05, 2.33749560721e-05, 2.48302130785e-05, 2.56028306467e-05, 1.65899000422e-05, 8.74543275131e-06, 7.10386439096e-06, 8.98765847523e-06, 6.74258717481e-06, 6.26857718089e-06, 6.78866081216e-06, 4.76059813082e-06, 5.71077634959e-06, 9.22720300878e-06, 9.23549396248e-06, 8.9832356025e-06, 1.30742128022e-05, 1.43172565004e-05, 8.70152962307e-06, 1.44895875565e-05, 5.75445574214e-06, 2.12737631955e-06], "dvar": [9.12312336787e-10, 1.55907997623e-09, 5.30796526732e-08, 1.1269138156e-07, 6.24756566481e-08, 5.75250339807e-07, 1.4374106172e-07, 1.08004002186e-07, 9.57981143301e-08, 1.07630910406e-07, 3.43038166761e-08, 6.37054409225e-09, 3.95964896427e-08, 7.30743607846e-08, 4.65820590989e-08, 6.01348348894e-09, 2.97734406018e-08, 2.96425728408e-08, 1.07097930524e-09, 3.57213569835e-09, 7.29867499771e-09, 5.66074742636e-09, 4.58445770235e-09, 2.22952281637e-10, 1.45087969416e-10, 2.64583882581e-10, 1.58819665752e-10, 1.1939588207e-10, 1.67335756363e-10, 6.07742189906e-11, 1.31872054943e-10, 3.44889811155e-10, 3.03043451444e-10, 4.36807284787e-10, 9.28388810273e-10, 1.1359831964e-09, 5.60093471602e-10, 1.16966114572e-09, 3.89937693246e-10, 5.51683837502e-11], "dvar2": [2.26055307806e-09, 3.16881498819e-09, 7.33078309167e-08, 2.1582391696e-07, 1.3697443535e-07, 1.67571283782e-06, 3.9285788489e-07, 2.82308718624e-07, 2.42768635417e-07, 2.66006537686e-07, 7.73835893142e-08, 1.67392553152e-08, 1.08491619244e-07, 1.98269958673e-07, 1.31730004682e-07, 1.57608788243e-08, 7.7395341691e-08, 7.93211611949e-08, 3.00298830247e-09, 1.02447268446e-08, 1.95371399059e-08, 1.52066714776e-08, 1.20806715742e-08, 6.03490091233e-10, 3.52508439105e-10, 5.71181379971e-10, 3.79880960022e-10, 3.15036913223e-10, 4.10789097183e-10, 1.33821453918e-10, 3.24617027703e-10, 9.33207844334e-10, 8.22061974048e-10, 1.04278052859e-09, 2.58589327728e-09, 3.42992945157e-09, 1.45463951995e-09, 3.56559293202e-09, 1.29559518669e-09, 1.53370580125e-10], "max": [0.00473429588601, 0.00982409715652, 0.0460947081447, 0.0310639198869, 0.0121920639649, 0.0261259675026, 0.0161365587264, 0.010906804353, 0.00947036035359, 0.00994149968028, 0.00770421279594, 0.00203122384846, 0.00590276857838, 0.00975162163377, 0.00598539086059, 0.00277659017593, 0.00923744030297, 0.0121761206537, 0.00131791585591, 0.00257212901488, 0.00418895715848, 0.00266596581787, 0.00486114202067, 0.000608996197116, 0.000401069497457, 0.000890650495421, 0.000456642825156, 0.000265187409241, 0.000468486483442, 0.000209836027352, 0.000167178470292, 0.000185721582966, 0.000267160387011, 0.000199689806323, 0.000800690322649, 0.000843107176479, 0.0003104750067, 0.0010711660143, 0.000631492643151, 0.000343110325048], "mean": [4.02797850256e-05, 5.48105017515e-05, 0.00025541667128, 0.000152448788867, 0.000195640765014, 0.000549652730115, 0.000293132296065, 0.000312026269967, 0.000220772955799, 0.000278637045994, 0.000182924341061, 6.47944616503e-05, 0.000106274812424, 0.000123894918943, 0.000106332357973, 5.48134376004e-05, 5.95454330323e-05, 4.04380589316e-05, 1.78741538548e-05, 2.23191364057e-05, 2.4540880986e-05, 2.60002070718e-05, 1.61878815561e-05, 8.63482273417e-06, 6.72391388434e-06, 8.38717278384e-06, 6.07097035754e-06, 4.35669880972e-06, 4.55734516436e-06, 3.84873328585e-06, 3.93199889004e-06, 5.58008650842e-06, 6.25965276413e-06, 5.95427991357e-06, 8.9668938017e-06, 9.8546170193e-06, 5.82708662478e-06, 1.08476597234e-05, 4.45268642579e-06, 1.82992835107e-06], "median": [9.71249573922e-06, 9.82678102446e-06, 7.55881774239e-06, 1.22439960251e-05, 4.53775828646e-05, 9.33883929974e-05, 0.000115316608571, 0.000135257112561, 8.48997151479e-05, 0.000120622469694, 6.80179073242e-05, 3.42050625477e-05, 2.80447420664e-05, 1.41129485201e-05, 1.09640677692e-05, 1.20992626762e-05, 1.22915544125e-05, 4.47591628472e-06, 5.74071282244e-06, 1.57271188073e-06, 2.69961196864e-06, 1.29709314933e-06, 6.27070392056e-07, 7.86829957633e-07, 5.79459083383e-07, 6.25506004326e-07, 5.20147068528e-07, 4.22447584469e-07, 4.23279402639e-07, 3.48669743744e-07, 3.27760972141e-07, 3.88450644095e-07, 3.31395085595e-07, 2.82738426449e-07, 3.10627740419e-07, 2.01171644676e-07, 2.14861714198e-07, 2.94975961879e-07, 1.55376639555e-07, 7.75861650482e-08], "min": [1.34018159238e-24, 1.36638518507e-24, 1.50803857124e-24, 1.47977861539e-24, 2.00792690789e-24, 2.60929865012e-24, 2.32270153895e-24, 3.13519908347e-24, 3.17880415887e-24, 2.4630400912e-24, 2.6912188969e-24, 3.93438578351e-24, 3.46202336765e-24, 3.18934689044e-24, 1.79056476571e-24, 3.34588687075e-24, 4.13635626336e-24, 4.99621031131e-24, 4.25809012281e-24, 3.81974654461e-24, 4.53166747917e-24, 4.74814629435e-24, 4.85253823009e-24, 4.56301010622e-24, 3.31767168275e-24, 5.26040180062e-24, 5.14616685294e-24, 4.99077742626e-24, 6.19284801237e-24, 5.151092106e-24, 5.32829117013e-24, 6.77103690753e-24, 6.40483860343e-24, 5.59336184491e-24, 6.38030029611e-24, 5.7692573164e-24, 6.35273631279e-24, 6.37372119616e-24, 6.45946998213e-24, 7.39646082155e-24], "var": [3.84106009221e-08, 1.10076989301e-07, 2.32590377891e-06, 5.65048139833e-07, 2.15903341427e-07, 1.47451510202e-06, 2.93479502034e-07, 2.33868490795e-07, 1.68970629488e-07, 2.58797513197e-07, 1.50620650174e-07, 1.13818883207e-08, 6.3419520302e-08, 1.75332999675e-07, 1.12200538638e-07, 1.2173366315e-08, 3.34297780569e-08, 3.41695027828e-08, 1.6652885737e-09, 5.74784753127e-09, 1.11326912133e-08, 1.11797415769e-08, 6.34578567471e-09, 4.10557476904e-10, 2.53447901555e-10, 5.02313912687e-10, 2.60046317813e-10, 1.28684812806e-10, 2.00614219681e-10, 9.05012939589e-11, 1.49123755011e-10, 3.40196842918e-10, 3.70806690908e-10, 4.69484784382e-10, 1.18859067033e-09, 1.85334336766e-09, 5.96136029429e-10, 1.94947213927e-09, 5.49191414567e-10, 9.81359021823e-11]}, "mfcc": {"mean": [-699.081848145, 103.149261475, -7.03413438797, -19.9911346436, -21.0946788788, -9.78320980072, -12.6620187759, -3.16894483566, -4.35255098343, 5.89984273911, 1.74813306332, 2.62618231773, -0.346546947956], "cov": [[9308.59863281, -787.610046387, -687.021789551, 463.940734863, -65.672668457, -2.18685674667, -157.172729492, -198.179763794, -696.609375, -535.339477539, -381.5546875, -127.964172363, -342.104736328], [-787.610046387, 2696.81152344, -590.143005371, -188.678207397, -5.54693126678, -168.253372192, -68.348487854, -211.436676025, -1.04213225842, -53.0965003967, 28.1963863373, -32.011920929, -92.9367523193], [-687.021789551, -590.143005371, 979.436462402, -220.691040039, 24.0995616913, -26.5793476105, -141.031829834, 37.7358283997, 50.8111991882, 209.522705078, 82.8713912964, 6.25110292435, 91.6120452881], [463.940734863, -188.678207397, -220.691040039, 473.586090088, -38.7292137146, 80.1971435547, 100.000740051, 14.8557853699, -18.0586795807, -103.353790283, -30.8774757385, -9.48461532593, -24.9181842804], [-65.672668457, -5.54693126678, 24.0995616913, -38.7292137146, 325.789978027, 90.8327484131, 30.1363983154, -30.6474609375, -42.236240387, -18.3920574188, -44.0963134766, 5.73054790497, -1.93765151501], [-2.18685674667, -168.253372192, -26.5793476105, 80.1971435547, 90.8327484131, 225.12336731, 88.4997253418, 28.3238067627, 11.6628360748, 18.8270359039, 26.3221168518, 18.2525978088, 27.8783664703], [-157.172729492, -68.348487854, -141.031829834, 100.000740051, 30.1363983154, 88.4997253418, 204.64781189, 71.4905853271, 63.6250686646, -2.54862499237, 12.4606084824, 22.6416492462, -4.86847829819], [-198.179763794, -211.436676025, 37.7358283997, 14.8557853699, -30.6474609375, 28.3238067627, 71.4905853271, 157.62840271, 95.0400009155, 50.0956954956, 27.6300010681, 12.7873630524, 8.17624378204], [-696.609375, -1.04213225842, 50.8111991882, -18.0586795807, -42.236240387, 11.6628360748, 63.6250686646, 95.0400009155, 240.949554443, 145.997955322, 76.6810913086, -2.7499525547, 31.8150005341], [-535.339477539, -53.0965003967, 209.522705078, -103.353790283, -18.3920574188, 18.8270359039, -2.54862499237, 50.0956954956, 145.997955322, 270.629516602, 129.614151001, 10.69460392, 21.2840003967], [-381.5546875, 28.1963863373, 82.8713912964, -30.8774757385, -44.0963134766, 26.3221168518, 12.4606084824, 27.6300010681, 76.6810913086, 129.614151001, 198.72026062, 81.1564865112, 37.7328186035], [-127.964172363, -32.011920929, 6.25110292435, -9.48461532593, 5.73054790497, 18.2525978088, 22.6416492462, 12.7873630524, -2.7499525547, 10.69460392, 81.1564865112, 160.649078369, 65.4662780762], [-342.104736328, -92.9367523193, 91.6120452881, -24.9181842804, -1.93765151501, 27.8783664703, -4.86847829819, 8.17624378204, 31.8150005341, 21.2840003967, 37.7328186035, 65.4662780762, 145.094223022]], "icov": [[0.000172502725036, 8.23278314783e-05, 0.000129410676891, -6.83182443026e-05, 8.4623497969e-05, -6.65829138597e-05, 0.000185339900781, -4.53681877843e-06, 0.000386048108339, -3.79544653697e-05, 0.000108552238089, -4.40050207544e-05, 0.000298961007502], [8.23278314783e-05, 0.000623833446298, 0.000490841805004, 0.000296157610137, -6.04078741162e-05, 0.000276627135463, 0.000160868352395, 0.000790120859165, -0.000208823184948, 0.000101526340586, -0.000350078917108, 0.000112511428597, 0.000312728283461], [0.000129410676891, 0.000490841805004, 0.0020099831745, 0.000397483934648, -0.000331135175657, 0.000303292588796, 0.00122238951735, -0.00032145678415, 0.000620667007752, -0.00119451479986, -0.000270449265372, 0.000486820936203, -0.00069506757427], [-6.83182443026e-05, 0.000296157610137, 0.000397483934648, 0.00311864842661, 0.000674615846947, -0.000919181504287, -0.000934915733524, 0.000600432045758, -0.000537487270776, 0.00123850186355, -0.000398695847252, 0.000311710668029, 0.000332869793056], [8.4623497969e-05, -6.04078741162e-05, -0.000331135175657, 0.000674615846947, 0.00425447011366, -0.00212692213245, -0.00071956141619, 0.00112586817704, 0.00040060657193, -0.000180971561349, 0.00173862301745, -0.000970869208686, 0.000788280565757], [-6.65829138597e-05, 0.000276627135463, 0.000303292588796, -0.000919181504287, -0.00212692213245, 0.00724995089695, -0.00245849741623, -0.00040367274778, 0.00117637705989, -0.00102568673901, -0.00157913169824, 0.00130754266866, -0.00209709466435], [0.000185339900781, 0.000160868352395, 0.00122238951735, -0.000934915733524, -0.00071956141619, -0.00245849741623, 0.00927507691085, -0.00275078369305, -0.00183541025035, 0.000601956504397, 0.000307280512061, -0.00152819429059, 0.00146041391417], [-4.53681877843e-06, 0.000790120859165, -0.00032145678415, 0.000600432045758, 0.00112586817704, -0.00040367274778, -0.00275078369305, 0.011157062836, -0.00401511928067, 0.000516555155627, 0.00046918890439, -0.00120291439816, 0.00139842671342], [0.000386048108339, -0.000208823184948, 0.000620667007752, -0.000537487270776, 0.00040060657193, 0.00117637705989, -0.00183541025035, -0.00401511928067, 0.0104540474713, -0.00459764432162, -0.000511529331561, 0.00231894827448, -0.00229484867305], [-3.79544653697e-05, 0.000101526340586, -0.00119451479986, 0.00123850186355, -0.000180971561349, -0.00102568673901, 0.000601956504397, 0.000516555155627, -0.00459764432162, 0.00952368881553, -0.00457867048681, 0.00112785305828, 0.0014211240923], [0.000108552238089, -0.000350078917108, -0.000270449265372, -0.000398695847252, 0.00173862301745, -0.00157913169824, 0.000307280512061, 0.00046918890439, -0.000511529331561, -0.00457867048681, 0.0111849699169, -0.00567203946412, 0.000878798018675], [-4.40050207544e-05, 0.000112511428597, 0.000486820936203, 0.000311710668029, -0.000970869208686, 0.00130754266866, -0.00152819429059, -0.00120291439816, 0.00231894827448, 0.00112785305828, -0.00567203946412, 0.0111864404753, -0.00477939425036], [0.000298961007502, 0.000312728283461, -0.00069506757427, 0.000332869793056, 0.000788280565757, -0.00209709466435, 0.00146041391417, 0.00139842671342, -0.00229484867305, 0.0014211240923, 0.000878798018675, -0.00477939425036, 0.0108996145427]]}, "spectral_contrast_coeffs": {"dmean": [0.0410760529339, 0.0461617819965, 0.0360249243677, 0.0291838180274, 0.0238794628531, 0.0252069197595], "dmean2": [0.0679298043251, 0.0774245113134, 0.0587230622768, 0.047405064106, 0.0387973710895, 0.0407648086548], "dvar": [0.00107363879215, 0.00132405874319, 0.000832361809444, 0.000536091683898, 0.000407944287872, 0.00062066904502], "dvar2": [0.00294722686522, 0.0037984396331, 0.00220166146755, 0.00143122510053, 0.00105926813558, 0.0014871127205], "max": [-0.180863499641, -0.333922117949, -0.40864866972, -0.387176275253, -0.486756414175, -0.54029160738], "mean": [-0.668195307255, -0.695592463017, -0.715487599373, -0.745082736015, -0.801841795444, -0.78344887495], "median": [-0.700957775116, -0.697535574436, -0.71862500906, -0.749238550663, -0.814391732216, -0.799462616444], "min": [-0.999785721302, -0.999579906464, -0.999196827412, -0.997930884361, -0.998220920563, -0.964157581329], "var": [0.0216280482709, 0.00719926971942, 0.00555794546381, 0.0035024615936, 0.0034345483873, 0.00381944188848]}, "spectral_contrast_valleys": {"dmean": [0.392845988274, 0.303342103958, 0.260701686144, 0.236677527428, 0.366709262133, 0.357197672129], "dmean2": [0.66770195961, 0.509225130081, 0.434132486582, 0.37725186348, 0.549236655235, 0.522519052029], "dvar": [0.107002817094, 0.0739459842443, 0.0589962154627, 0.0565137416124, 0.142703711987, 0.112275280058], "dvar2": [0.283657938242, 0.1