{"lowlevel": {"average_loudness": 0.961429595947, "barkbands_crest": {"dmean": 2.28802275658, "dmean2": 3.74255347252, "dvar": 4.97300386429, "dvar2": 12.9155845642, "max": 26.2952480316, "mean": 12.0927743912, "median": 11.7331190109, "min": 2.89312458038, "var": 15.5288133621}, "barkbands_flatness_db": {"dmean": 0.0261245202273, "dmean2": 0.0374823473394, "dvar": 0.000560966727789, "dvar2": 0.00124941172544, "max": 0.588663876057, "mean": 0.162215784192, "median": 0.152716606855, "min": 0.0130108501762, "var": 0.00414392910898}, "barkbands_kurtosis": {"dmean": 7.53215742111, "dmean2": 11.5825710297, "dvar": 215.886199951, "dvar2": 527.928527832, "max": 506.310546875, "mean": 16.9315090179, "median": 9.68553638458, "min": -1.85044503212, "var": 874.223693848}, "barkbands_skewness": {"dmean": 0.716871142387, "dmean2": 1.0594329834, "dvar": 0.561989784241, "dvar2": 1.29354834557, "max": 17.151506424, "mean": 3.13297104836, "median": 2.85836434364, "min": -2.27499556541, "var": 3.06670999527}, "barkbands_spread": {"dmean": 4.44561290741, "dmean2": 6.6146941185, "dvar": 23.8823356628, "dvar2": 58.1215400696, "max": 89.0742340088, "mean": 15.0197649002, "median": 12.5852918625, "min": 0.118418954313, "var": 122.577796936}, "dissonance": {"dmean": 0.0182656813413, "dmean2": 0.0299697220325, "dvar": 0.000291356904199, "dvar2": 0.000776020169724, "max": 0.500000178814, "mean": 0.459544479847, "median": 0.465345948935, "min": 0.293665230274, "var": 0.0007249203627}, "dynamic_complexity": 3.19462490082, "erbbands_crest": {"dmean": 2.29249238968, "dmean2": 3.54315924644, "dvar": 4.79106855392, "dvar2": 10.3574943542, "max": 28.2769126892, "mean": 8.18483161926, "median": 7.32802438736, "min": 2.52387499809, "var": 14.1640672684}, "erbbands_flatness_db": {"dmean": 0.0210670121014, "dmean2": 0.0272647831589, "dvar": 0.000381033023586, "dvar2": 0.000757194356993, "max": 0.343511939049, "mean": 0.117770813406, "median": 0.108343370259, "min": 0.0391909554601, "var": 0.0017666798085}, "erbbands_kurtosis": {"dmean": 0.847046971321, "dmean2": 1.28716552258, "dvar": 1.77229976654, "dvar2": 3.88703346252, "max": 40.6275901794, "mean": 0.397827357054, "median": -0.336360692978, "min": -1.75528967381, "var": 6.6366853714}, "erbbands_skewness": {"dmean": 0.334342122078, "dmean2": 0.495739966631, "dvar": 0.0954884290695, "dvar2": 0.209436506033, "max": 5.46721363068, "mean": 0.518477618694, "median": 0.42575353384, "min": -2.28239989281, "var": 0.606994390488}, "erbbands_spread": {"dmean": 11.32264328, "dmean2": 16.2847805023, "dvar": 118.217628479, "dvar2": 259.939697266, "max": 147.907577515, "mean": 51.0354385376, "median": 49.7659988403, "min": 3.24420571327, "var": 411.262664795}, "hfc": {"dmean": 7.59529399872, "dmean2": 11.4706983566, "dvar": 124.918640137, "dvar2": 315.25604248, "max": 121.944038391, "mean": 18.9964256287, "median": 15.9404220581, "min": 1.10579582164e-16, "var": 190.242950439}, "melbands_crest": {"dmean": 2.63083982468, "dmean2": 4.29037618637, "dvar": 6.23445081711, "dvar2": 15.7499895096, "max": 37.5344429016, "mean": 17.6237239838, "median": 17.7291717529, "min": 1.64602434635, "var": 26.4521923065}, "melbands_flatness_db": {"dmean": 0.0300570242107, "dmean2": 0.0435372181237, "dvar": 0.00075033743633, "dvar2": 0.00166998268105, "max": 0.731989622116, "mean": 0.263377308846, "median": 0.259857535362, "min": 0.0028479245957, "var": 0.00639323377982}, "melbands_kurtosis": {"dmean": 18.0966053009, "dmean2": 27.7167053223, "dvar": 757.011413574, "dvar2": 1898.73547363, "max": 611.543823242, "mean": 41.4487915039, "median": 27.3789138794, "min": -1.33975303173, "var": 2458.69360352}, "melbands_skewness": {"dmean": 1.05057406425, "dmean2": 1.57142591476, "dvar": 1.1434545517, "dvar2": 2.69967031479, "max": 17.3645935059, "mean": 4.64329385757, "median": 4.30135059357, "min": -0.348835974932, "var": 5.05993461609}, "melbands_spread": {"dmean": 3.51496100426, "dmean2": 5.29119539261, "dvar": 23.4653949738, "dvar2": 55.1271438599, "max": 169.173156738, "mean": 11.4586610794, "median": 8.16597366333, "min": 0.263608127832, "var": 194.023345947}, "pitch_salience": {"dmean": 0.07645072788, "dmean2": 0.12477465719, "dvar": 0.00507992645726, "dvar2": 0.0127192484215, "max": 0.92781162262, "mean": 0.473512530327, "median": 0.471911638975, "min": 0.0648625195026, "var": 0.0157839972526}, "silence_rate_20dB": {"dmean": 0, "dmean2": 0, "dvar": 0, "dvar2": 0, "max": 1, "mean": 1, "median": 1, "min": 1, "var": 0}, "silence_rate_30dB": {"dmean": 0.106735751033, "dmean2": 0.213499158621, "dvar": 0.0953473299742, "dvar2": 0.205991774797, "max": 1, "mean": 0.909597218037, "median": 1, "min": 0, "var": 0.0822341814637}, "silence_rate_60dB": {"dmean": 0.00492227962241, "dmean2": 0.00984583515674, "dvar": 0.00489850202575, "dvar2": 0.0110430689529, "max": 1, "mean": 0.050123039633, "median": 0, "min": 0, "var": 0.0476087369025}, "spectral_centroid": {"dmean": 218.944915771, "dmean2": 329.648345947, "dvar": 60735.7226562, "dvar2": 127725.210938, "max": 11782.5869141, "mean": 1011.44610596, "median": 872.263427734, "min": 93.3609619141, "var": 399577.5625}, "spectral_complexity": {"dmean": 4.00803089142, "dmean2": 5.78028249741, "dvar": 23.8928909302, "dvar2": 52.122543335, "max": 57, "mean": 16.6038074493, "median": 16, "min": 0, "var": 73.4019927979}, "spectral_decrease": {"dmean": 5.61095525597e-09, "dmean2": 9.37153199487e-09, "dvar": 9.60094309484e-17, "dvar2": 2.55150093575e-16, "max": 1.09488477389e-20, "mean": -1.39895739437e-08, "median": -1.2370003688e-08, "min": -8.35568485513e-08, "var": 1.07956599059e-16}, "spectral_energy": {"dmean": 0.0216978900135, "dmean2": 0.0361778996885, "dvar": 0.00142270582728, "dvar2": 0.00377702969126, "max": 0.319717615843, "mean": 0.0545228980482, "median": 0.0481861270964, "min": 1.06326975316e-20, "var": 0.00160385807976}, "spectral_energyband_high": {"dmean": 0.000435241177911, "dmean2": 0.000619007449131, "dvar": 4.59204301251e-07, "dvar2": 1.09367351797e-06, "max": 0.00973815005273, "mean": 0.000769026693888, "median": 0.000477414869238, "min": 7.69687278675e-21, "var": 7.99204656232e-07}, "spectral_energyband_low": {"dmean": 0.0159769803286, "dmean2": 0.0266405642033, "dvar": 0.000980731099844, "dvar2": 0.00263256137259, "max": 0.298713028431, "mean": 0.0371072180569, "median": 0.0324357524514, "min": 1.26289524867e-22, "var": 0.00110014574602}, "spectral_energyband_middle_high": {"dmean": 0.0014003313845, "dmean2": 0.00200358359143, "dvar": 3.70812472283e-06, "dvar2": 8.27303028927e-06, "max": 0.0242121834308, "mean": 0.00338559783995, "median": 0.0025518334005, "min": 1.72954822694e-21, "var": 9.49619152379e-06}, "spectral_energyband_middle_low": {"dmean": 0.0090812984854, "dmean2": 0.0153841972351, "dvar": 0.00026903176331, "dvar2": 0.000711392785888, "max": 0.154798388481, "mean": 0.0163202472031, "median": 0.0123057868332, "min": 4.58535183035e-22, "var": 0.000264414295088}, "spectral_entropy": {"dmean": 0.212626039982, "dmean2": 0.300175011158, "dvar": 0.0462371595204, "dvar2": 0.099458232522, "max": 9.79558753967, "mean": 7.43510866165, "median": 7.52009677887, "min": 4.51107883453, "var": 0.247843280435}, "spectral_flux": {"dmean": 0.0412072278559, "dmean2": 0.0628921240568, "dvar": 0.00307460245676, "dvar2": 0.00577591592446, "max": 0.478622376919, "mean": 0.0953395366669, "median": 0.0711381956935, "min": 1.03114974892e-10, "var": 0.00524946115911}, "spectral_kurtosis": {"dmean": 1.5856218338, "dmean2": 2.46856641769, "dvar": 6.51258230209, "dvar2": 17.4131793976, "max": 65.6597442627, "mean": 4.90368127823, "median": 4.04319000244, "min": -1.18812894821, "var": 16.8065910339}, "spectral_rms": {"dmean": 0.00125121884048, "dmean2": 0.00200364249758, "dvar": 3.24659890794e-06, "dvar2": 8.22413312562e-06, "max": 0.0176612474024, "mean": 0.00678473664448, "median": 0.00685644662008, "min": 3.22077065538e-12, "var": 7.16043496141e-06}, "spectral_rolloff": {"dmean": 222.794494629, "dmean2": 374.269165039, "dvar": 238231.6875, "dvar2": 557365.8125, "max": 18776.953125, "mean": 688.824523926, "median": 322.998046875, "min": 43.06640625, "var": 2319681.25}, "spectral_skewness": {"dmean": 0.233337327838, "dmean2": 0.354822456837, "dvar": 0.0725727453828, "dvar2": 0.178841903806, "max": 6.81719779968, "mean": 1.6955177784, "median": 1.62043213844, "min": -0.0835439711809, "var": 0.302199602127}, "spectral_spread": {"dmean": 902530.625, "dmean2": 1186807.125, "dvar": 921183715328, "dvar2": 1834192470020.0, "max": 40257636, "mean": 5426839.5, "median": 5422271, "min": 1168655.75, "var": 2759944568830.0}, "spectral_strongpeak": {"dmean": 0.238056823611, "dmean2": 0.411153227091, "dvar": 0.110992304981, "dvar2": 0.271796733141, "max": 4.4936504364, "mean": 0.567923724651, "median": 0.511364459991, "min": 0, "var": 0.154824882746}, "zerocrossingrate": {"dmean": 0.00931927748024, "dmean2": 0.0112884119153, "dvar": 9.3599948741e-05, "dvar2": 0.000122072553495, "max": 0.50390625, "mean": 0.0445211827755, "median": 0.03759765625, "min": 0.00146484375, "var": 0.00176026765257}, "barkbands": {"dmean": [0.000212728235056, 0.0105661908165, 0.00615986250341, 0.00378702138551, 0.00440442049876, 0.00122366298456, 0.000695024442393, 0.000533581944183, 0.000427702005254, 0.000535632774699, 0.000293167831842, 0.000329505011905, 0.000126360871946, 0.000158922455739, 0.00020344175573, 0.000126033788547, 0.000126161714434, 0.000135466762003, 0.000172285654116, 0.000127173931105, 0.000101983110653, 6.6421169322e-05, 6.13608935964e-05, 5.69195290154e-05, 7.57356974646e-05, 5.0512215239e-05, 2.84438156086e-05], "dmean2": [0.000348514557118, 0.0175172109157, 0.0106370905414, 0.00664031784981, 0.00734636047855, 0.00197175401263, 0.00114855263382, 0.000804680516012, 0.000740872346796, 0.000847725372296, 0.00042874852079, 0.000461437623017, 0.000189681377378, 0.000247223011684, 0.000317468395224, 0.000204542244319, 0.0002035182697, 0.000211152859265, 0.000264948117547, 0.000198203895707, 0.000155223053298, 0.00010399351595, 9.34362979024e-05, 8.34437596495e-05, 0.000111084737, 7.4832518294e-05, 4.31866719737e-05], "dvar": [1.54748065029e-07, 0.000480324524688, 0.0001627215388, 5.85642919759e-05, 7.29448001948e-05, 5.24329880136e-06, 1.75227660293e-06, 7.37417394703e-07, 1.10901362405e-06, 9.71924350779e-07, 3.11787943019e-07, 4.68642838314e-07, 7.22982846924e-08, 7.61307603625e-08, 1.40737100196e-07, 5.48623866337e-08, 4.45011600902e-08, 4.92221197135e-08, 1.06137733269e-07, 8.23778520953e-08, 3.61760896794e-08, 2.22831353369e-08, 8.78815331617e-09, 7.06829039743e-09, 1.2920429171e-08, 5.80798342753e-09, 2.12066098015e-09], "dvar2": [4.15614522353e-07, 0.00127648643684, 0.000461042363895, 0.000159506715136, 0.000193337415112, 1.41474538395e-05, 4.48012315246e-06, 1.63095376138e-06, 3.10215614263e-06, 2.36651339947e-06, 5.58773479042e-07, 7.96101858214e-07, 1.23939472019e-07, 1.88826248859e-07, 3.28211342548e-07, 1.38904781011e-07, 1.10375950158e-07, 1.16529321303e-07, 2.40819332475e-07, 1.97143407377e-07, 8.8008235366e-08, 5.73481351296e-08, 2.05834407296e-08, 1.55680055514e-08, 3.07935685839e-08, 1.3520216946e-08, 5.20176213215e-09], "max": [0.00531642418355, 0.253700971603, 0.135358974338, 0.0958482325077, 0.0957206264138, 0.0351514369249, 0.0217799991369, 0.0153862806037, 0.0142185855657, 0.0155955161899, 0.0119908265769, 0.0137979276478, 0.00690891034901, 0.00418583117425, 0.0068525262177, 0.00344637944363, 0.0026071278844, 0.00513995019719, 0.00937538035214, 0.00708447676152, 0.00473949639127, 0.00291547016241, 0.00171313807368, 0.00096408376703, 0.00119015167002, 0.000894475087989, 0.000533843762241], "mean": [0.000344063708326, 0.0212671663612, 0.0126854889095, 0.00475549465045, 0.00569769972935, 0.00264300173149, 0.00126784807071, 0.00101769599132, 0.000469217484351, 0.000922395614907, 0.000488668505568, 0.00050946790725, 0.000194574909983, 0.000231167607126, 0.000270584656391, 0.000167255697306, 0.000182970048627, 0.000216242784518, 0.000306067697238, 0.000231087920838, 0.000182652525837, 0.000102190577309, 9.19690501178e-05, 9.18228251976e-05, 9.54229617491e-05, 6.14467644482e-05, 2.93109915219e-05], "median": [0.000148287857883, 0.0159523654729, 0.00926145352423, 0.0022879242897, 0.00298971263692, 0.00165275856853, 0.000497342087328, 0.000447809288744, 0.000177879701369, 0.000337912177201, 0.000171903084265, 0.000180531656952, 6.8453788117e-05, 0.00012409905321, 0.000127729115775, 8.12661455711e-05, 0.000106328610855, 0.000120778364362, 0.00015656191681, 0.000105096682091, 9.85960723483e-05, 4.20961769123e-05, 4.09380518249e-05, 4.26366023021e-05, 4.77803660033e-05, 2.9722283216e-05, 1.20284275908e-05], "min": [1.48677040792e-23, 8.55118784155e-23, 1.45028448665e-23, 2.36190256168e-23, 9.77023163778e-23, 1.74004199549e-22, 8.25365285838e-23, 3.0928449837e-23, 3.8032785999e-23, 3.81721745655e-23, 1.04597213125e-22, 5.72600809615e-23, 2.02038473341e-22, 1.86253518089e-22, 9.95362602103e-23, 1.06686987704e-22, 1.45712138634e-22, 2.63292008019e-22, 2.99467477814e-22, 4.36143700717e-22, 4.0162809524e-22, 4.94571510389e-22, 6.95816414903e-22, 7.40475989071e-22, 1.33097540891e-21, 1.66628971076e-21, 2.33353264966e-21], "var": [2.35795468484e-07, 0.000555718375836, 0.000184927499504, 5.37106134288e-05, 6.91681998433e-05, 9.60849320109e-06, 4.62533398604e-06, 2.33483433476e-06, 8.48585443691e-07, 2.02955720852e-06, 7.95390633357e-07, 1.00560441751e-06, 1.78109502258e-07, 9.94801396814e-08, 1.77223768105e-07, 7.00947424548e-08, 5.62258577474e-08, 8.40267091462e-08, 2.1998916111e-07, 1.46826849345e-07, 6.51073577274e-08, 2.79483511889e-08, 1.58581077159e-08, 1.50569263724e-08, 1.68987543958e-08, 7.5083042006e-09, 2.27042340484e-09]}, "erbbands": {"dmean": [0.264737188816, 2.58751511574, 6.85389089584, 9.61734294891, 17.2818927765, 11.8712749481, 11.3945455551, 9.36528968811, 10.8326826096, 11.2632303238, 9.38182258606, 9.7435541153, 16.6394786835, 12.3491611481, 10.0856027603, 16.5393218994, 6.43599128723, 7.89829778671, 9.86963176727, 8.00696754456, 7.83204174042, 6.02649593353, 6.78754520416, 7.96702957153, 8.686668396, 6.02466869354, 5.03961038589, 2.95610618591, 2.39620709419, 2.05036044121, 1.68402016163, 1.31165361404, 0.885321140289, 0.666334331036, 0.621745526791, 0.311267971992, 0.0830972716212, 0.0235419236124, 0.00443272991106, 0.000316035351716], "dmean2": [0.437386751175, 4.33190727234, 11.8693132401, 16.7013721466, 29.1661968231, 20.2132663727, 18.737701416, 15.5695495605, 17.7526245117, 17.5106258392, 13.5642251968, 17.1040153503, 26.5991020203, 19.1171913147, 14.7564783096, 22.8676509857, 9.34724235535, 12.0645294189, 15.1645450592, 12.7880373001, 12.7401800156, 9.46412563324, 10.3863430023, 12.4689645767, 13.1518592834, 9.31719017029, 7.7173371315, 4.58594226837, 3.76235747337, 3.10696101189, 2.58994746208, 1.97206020355, 1.30052947998, 0.94237691164, 0.941984653473, 0.471070617437, 0.126001521945, 0.0356610305607, 0.00671886792406, 0.000477122521261], "dvar": [0.312439113855, 29.3992557526, 200.153320312, 352.484344482, 1282.97753906, 487.549804688, 414.806549072, 371.885070801, 381.044494629, 523.874267578, 221.040130615, 651.193786621, 1088.40466309, 522.648376465, 327.406280518, 1239.22680664, 178.992904663, 200.467102051, 363.217590332, 210.887359619, 214.492752075, 102.20565033, 117.568092346, 208.477493286, 349.359924316, 203.773284912, 95.5172119141, 35.1935958862, 27.136220932, 14.8005590439, 6.78144645691, 3.42284202576, 2.0448012352, 1.04470539093, 0.958201885223, 0.19990298152, 0.0219944696873, 0.001571873785, 5.81473977945e-05, 2.17945839154e-07], "dvar2": [0.820037484169, 79.4494628906, 571.03314209, 965.630859375, 3396.46923828, 1316.94567871, 1111.79125977, 1005.44360352, 994.05078125, 1094.88183594, 428.463653564, 1862.29589844, 2728.71264648, 1122.68286133, 605.076599121, 2088.72143555, 293.10647583, 497.689849854, 783.859313965, 540.545043945, 543.312316895, 253.114151001, 270.02545166, 488.961120605, 789.326660156, 502.787506104, 232.260604858, 88.6502761841, 68.0618133545, 35.8393363953, 16.3803958893, 7.70856952667, 4.39339399338, 2.21880364418, 2.37337207794, 0.460489153862, 0.0555316209793, 0.00386958871968, 0.000141751705087, 5.35857623163e-07], "max": [6.61367750168, 64.6009063721, 148.933685303, 221.818328857, 393.25088501, 275.611541748, 294.347290039, 258.355010986, 288.656005859, 538.289672852, 410.12979126, 363.300598145, 598.69354248, 382.1015625, 343.857727051, 713.983764648, 366.209625244, 231.343643188, 403.626342773, 183.849243164, 221.207809448, 143.458526611, 189.684295654, 367.147857666, 499.146820068, 444.116729736, 310.152038574, 80.8892211914, 87.3561096191, 99.8606033325, 48.2093696594, 26.2747135162, 19.1603603363, 11.1713056564, 10.8092327118, 5.02727556229, 1.61957228184, 0.483838111162, 0.0962540656328, 0.00512643577531], "mean": [0.465686500072, 5.29222154617, 14.9891338348, 15.9476146698, 19.8373184204, 15.4409723282, 21.3518447876, 17.8746795654, 18.3528175354, 21.191034317, 20.8512401581, 11.9494371414, 27.1693553925, 22.5497589111, 18.3374385834, 25.9714736938, 10.7611923218, 12.3607692719, 13.2421283722, 11.0274000168, 10.4384260178, 9.38387489319, 11.1915845871, 14.3149385452, 15.50431633, 11.4845695496, 9.37575817108, 4.92775821686, 3.72515511513, 3.33153367043, 2.46652889252, 2.12370944023, 1.3598908186, 0.957994699478, 0.727439403534, 0.3680151999, 0.0977480113506, 0.025426780805, 0.00458593806252, 0.000374549854314], "median": [0.311215728521, 3.88662958145, 12.1198291779, 10.3207979202, 8.76957893372, 7.94482755661, 12.4884338379, 9.31133365631, 9.8986082077, 5.60966873169, 9.76940917969, 5.54723834991, 10.1431427002, 10.5018281937, 8.49997806549, 9.25467395782, 4.57745218277, 6.98901796341, 6.31825065613, 5.88607406616, 5.11220312119, 5.69806623459, 6.70231199265, 7.73901891708, 7.68350505829, 5.38070058823, 5.35545778275, 2.35249996185, 1.58080005646, 1.36598074436, 1.18903636932, 0.957078874111, 0.65476757288, 0.473427206278, 0.350535959005, 0.176740512252, 0.0462500788271, 0.0114861913025, 0.00186705531087, 0.000190901220776], "min": [1.59211992298e-21, 2.13683838963e-20, 2.24333547011e-20, 7.85041834951e-20, 2.23626856887e-19, 3.65179147337e-19, 8.91425145791e-19, 1.18841173022e-18, 1.28302444189e-18, 1.13304274156e-18, 3.57897476404e-19, 6.9745584164e-19, 1.30053089238e-18, 1.88313063801e-18, 4.56468950407e-18, 3.50205978837e-18, 9.00666345556e-18, 1.09599015796e-17, 4.07317671614e-18, 5.96476879144e-18, 8.00519919666e-18, 8.0579667023e-18, 8.63927118649e-18, 2.06815468694e-17, 1.52812949316e-17, 2.11154576946e-17, 1.88546804363e-17, 1.4381353858e-17, 1.7596545342e-17, 2.02814578051e-17, 1.8149664474e-17, 1.57866510007e-17, 1.30517569763e-17, 1.49269952773e-17, 9.56008285412e-18, 5.85167831245e-18, 3.09690755153e-18, 1.20747028173e-18, 2.80969007353e-19, 3.79558512601e-20], "var": [0.341222882271, 33.8477134705, 217.238571167, 362.266479492, 1141.47192383, 479.472198486, 662.258666992, 615.543945312, 588.999328613, 2224.45922852, 1211.25024414, 464.398193359, 2145.81616211, 1269.25708008, 820.055541992, 2624.33300781, 452.120635986, 270.773193359, 478.072387695, 236.048309326, 274.195526123, 134.038619995, 194.794525146, 492.535705566, 610.844665527, 371.660064697, 181.415878296, 51.5578384399, 35.9895782471, 23.6702690125, 11.4812822342, 8.14921188354, 3.64947152138, 1.69103324413, 1.09422874451, 0.250786364079, 0.0239083468914, 0.00165465299506, 6.20424325461e-05, 2.48557881832e-07]}, "gfcc": {"mean": [4.86189556122, 89.582611084, -76.3398895264, 35.2367172241, -40.0046348572, 11.1823644638, -24.9786472321, 8.62721347809, -26.3125419617, 2.47023463249, -12.8642311096, -0.498408585787, -10.0155000687], "cov": [[19573.890625, -142.099395752, 176.981765747, -88.6758422852, -567.252380371, -44.6075439453, -379.02947998, 1.58551549911, -530.184997559, -251.267166138, -487.155181885, -97.4163284302, -127.849739075], [-142.099395752, 1304.29504395, -142.583114624, 34.5467414856, 124.607421875, -128.506439209, 173.402374268, -28.9006233215, 41.9357032776, -22.1203117371, 95.1730957031, -32.170501709, 82.2354812622], [176.981765747, -142.583114624, 836.677185059, 18.2080364227, 57.2499160767, 168.900421143, -54.3412284851, -22.8231925964, 18.1334018707, -3.52484607697, -28.98670578, 33.6636047363, -12.4757852554], [-88.6758422852, 34.5467414856, 18.2080364227, 305.292297363, 75.0475311279, 48.3859481812, 63.7216873169, 22.4211902618, 50.4095153809, 26.8072929382, 31.6848049164, -19.5485267639, -6.06380414963], [-567.252380371, 124.607421875, 57.2499160767, 75.0475311279, 259.627410889, 61.1776885986, 71.4673843384, 34.0272750854, 29.3474502563, 16.7059612274, 37.9183654785, 12.2190885544, 14.112288475], [-44.6075439453, -128.506439209, 168.900421143, 48.3859481812, 61.1776885986, 185.180541992, 13.9352321625, 0.688935518265, 20.8717536926, 9.22152996063, 2.69810581207, 20.6900501251, -13.6766786575], [-379.02947998, 173.402374268, -54.3412284851, 63.7216873169, 71.4673843384, 13.9352321625, 141.767364502, 54.5843048096, 30.4043903351, 11.7595176697, 33.6984596252, -2.84302544594, 16.2930660248], [1.58551549911, -28.9006233215, -22.8231925964, 22.4211902618, 34.0272750854, 0.688935518265, 54.5843048096, 126.765396118, 42.48097229, 27.6353054047, 7.59841156006, 6.50952386856, -3.49289345741], [-530.184997559, 41.9357032776, 18.1334018707, 50.4095153809, 29.3474502563, 20.8717536926, 30.4043903351, 42.48097229, 109.796569824, 47.6651344299, 30.8411464691, -1.04243040085, -2.09122252464], [-251.267166138, -22.1203117371, -3.52484607697, 26.8072929382, 16.7059612274, 9.22152996063, 11.7595176697, 27.6353054047, 47.6651344299, 72.4705810547, 34.7338027954, 1.40020906925, -9.93029403687], [-487.155181885, 95.1730957031, -28.98670578, 31.6848049164, 37.9183654785, 2.69810581207, 33.6984596252, 7.59841156006, 30.8411464691, 34.7338027954, 78.0970687866, 17.7255363464, 4.34913730621], [-97.4163284302, -32.170501709, 33.6636047363, -19.5485267639, 12.2190885544, 20.6900501251, -2.84302544594, 6.50952386856, -1.04243040085, 1.40020906925, 17.7255363464, 65.7739868164, 28.4935798645], [-127.849739075, 82.2354812622, -12.4757852554, -6.06380414963, 14.112288475, -13.6766786575, 16.2930660248, -3.49289345741, -2.09122252464, -9.93029403687, 4.34913730621, 28.4935798645, 65.1379928589]], "icov": [[8.1150814367e-05, -0.000118604075396, 5.82670693916e-08, -0.000125682985527, 0.000157861519256, -0.000126480066683, 0.000249203090789, -0.000293545454042, 0.000463123316877, -0.000152800130309, 0.000450840627309, -0.000108322317828, 0.000167349804542], [-0.000118604075396, 0.00157364248298, -0.000136750735692, 0.000468510348583, -0.000663350510877, 0.00125486915931, -0.00189368019346, 0.00142517557833, -0.00145933590829, 0.00144572835416, -0.00227313255891, 0.00156180607155, -0.00160264002625], [5.82670693916e-08, -0.000136750735692, 0.00160281301942, -5.52311139472e-05, -0.000261154869804, -0.00138405151665, 0.000858385232277, 9.70801775111e-05, -0.000378058146453, -5.04170839122e-06, 0.000887797388714, -0.000764335272834, 0.000293240649626], [-0.000125682985527, 0.000468510348583, -5.52311139472e-05, 0.00440864218399, -0.000862369255628, -0.000481192488223, -0.00178979570046, 0.00086802279111, -0.00191135914065, 0.000318475737004, -0.00191650213674, 0.00234176171944, -0.000767526275013], [0.000157861519256, -0.000663350510877, -0.000261154869804, -0.000862369255628, 0.00562644470483, -0.00192077877, -0.000584958295804, -0.00166008190718, 0.00144647969864, -0.000434982270235, -0.000525919720531, -0.000136484290124, -0.000473023916129], [-0.000126480066683, 0.00125486915931, -0.00138405151665, -0.000481192488223, -0.00192077877, 0.00930022913963, -0.00322958268225, 0.00289640133269, -0.00247157039121, 0.000588467053603, 0.000403192534577, -0.00329630589113, 0.00261497637257], [0.000249203090789, -0.00189368019346, 0.000858385232277, -0.00178979570046, -0.000584958295804, -0.00322958268225, 0.0148988533765, -0.0072536165826, 0.00217723916285, 0.00112451775931, -0.00224750675261, 0.00268957414664, -0.00257446756586], [-0.000293545454042, 0.00142517557833, 9.70801775111e-05, 0.00086802279111, -0.00166008190718, 0.00289640133269, -0.0072536165826, 0.0140956295654, -0.00566394301131, -0.00218020193279, 0.00245377933607, -0.00345249054953, 0.00209418823943], [0.000463123316877, -0.00145933590829, -0.000378058146453, -0.00191135914065, 0.00144647969864, -0.00247157039121, 0.00217723916285, -0.00566394301131, 0.0180849991739, -0.00873062945902, 0.000783554278314, 0.00125185097568, -0.000529893673956], [-0.000152800130309, 0.00144572835416, -5.04170839122e-06, 0.000318475737004, -0.000434982270235, 0.000588467053603, 0.00112451775931, -0.00218020193279, -0.00873062945902, 0.0256168134511, -0.0115540893748, 0.00277595221996, 0.000905320513994], [0.000450840627309, -0.00227313255891, 0.000887797388714, -0.00191650213674, -0.000525919720531, 0.000403192534577, -0.00224750675261, 0.00245377933607, 0.000783554278314, -0.0115540893748, 0.0276059005409, -0.0116930007935, 0.00617411127314], [-0.000108322317828, 0.00156180607155, -0.000764335272834, 0.00234176171944, -0.000136484290124, -0.00329630589113, 0.00268957414664, -0.00345249054953, 0.00125185097568, 0.00277595221996, -0.0116930007935, 0.0278361868113, -0.0145655665547], [0.000167349804542, -0.00160264002625, 0.000293240649626, -0.000767526275013, -0.000473023916129, 0.00261497637257, -0.00257446756586, 0.00209418823943, -0.000529893673956, 0.000905320513994, 0.00617411127314, -0.0145655665547, 0.0251765381545]]}, "melbands": {"dmean": [0.00265279156156, 0.00345147564076, 0.00185753090773, 0.0010891413549, 0.000390728848288, 0.000215324500459, 0.000158326089149, 0.000122633529827, 7.28593222448e-05, 6.33423042018e-05, 8.28889460536e-05, 5.11941216246e-05, 4.1803898057e-05, 3.6207777157e-05, 2.57112169493e-05, 1.24456082631e-05, 1.55674115376e-05, 1.54921253852e-05, 1.32061177283e-05, 9.12947780307e-06, 1.01235973489e-05, 6.64815206619e-06, 6.770148957e-06, 7.12795508662e-06, 6.93135280017e-06, 6.53617189528e-06, 5.51213315703e-06, 4.03116337111e-06, 3.48519984072e-06, 2.63346805696e-06, 1.55796533363e-06, 1.37168024139e-06, 1.36690118779e-06, 1.13015801162e-06, 9.56954636422e-07, 9.31020622374e-07, 8.31592672057e-07, 5.93935510551e-07, 6.66315088438e-07, 5.31444300123e-07], "dmean2": [0.00438504992053, 0.00588961271569, 0.0032094323542, 0.00182895327453, 0.000649890396744, 0.000353407929651, 0.000259557331447, 0.000191375191207, 0.000106456878711, 0.000110984328785, 0.000132333603688, 7.97481407062e-05, 6.09503003943e-05, 5.04755480506e-05, 3.60344311048e-05, 1.88365193026e-05, 2.40997851506e-05, 2.39241198869e-05, 2.11283368117e-05, 1.47045111589e-05, 1.67467696883e-05, 1.07065106931e-05, 1.05797325887e-05, 1.11991821541e-05, 1.10574355858e-05, 9.99715120997e-06, 8.45577960717e-06, 6.35746846456e-06, 5.37992809768e-06, 4.0931604417e-06, 2.49595905188e-06, 2.22213270717e-06, 2.10849952964e-06, 1.73489763711e-06, 1.5016441921e-06, 1.41811892718e-06, 1.30537841869e-06, 9.05696879272e-07, 9.6826988738e-07, 7.66541234043e-07], "dvar": [3.13387718052e-05, 4.93843472213e-05, 1.22071178339e-05, 4.79493473904e-06, 4.61454135348e-07, 1.77715179461e-07, 8.15773688601e-08, 5.72985143776e-08, 1.37937812283e-08, 2.58436205769e-08, 2.73995031108e-08, 9.81393988297e-09, 6.47229692063e-09, 5.46836531612e-09, 2.23025731216e-09, 5.07428932206e-10, 8.54018744612e-10, 8.70481298154e-10, 6.04852556929e-10, 2.5027802053e-10, 3.96526589341e-10, 1.39712422187e-10, 1.25218155289e-10, 1.44071185537e-10, 1.80470666189e-10, 1.78976611309e-10, 1.71977335151e-10, 1.23914628558e-10, 4.20933531087e-11, 2.66454202452e-11, 1.0263043887e-11, 9.94763126039e-12, 8.78260658643e-12, 3.7307084505e-12, 2.55140201501e-12, 1.74099666975e-12, 1.53809191945e-12, 9.09215844974e-13, 1.1331658268e-12, 7.075183538e-13], "dvar2": [8.27832773211e-05, 0.000138623290695, 3.31107730744e-05, 1.28359524751e-05, 1.24419887015e-06, 4.77463004245e-07, 2.13823028616e-07, 1.23189892065e-07, 2.76007074973e-08, 7.35482217351e-08, 6.88716923491e-08, 2.11868833588e-08, 1.15689395841e-08, 9.0878566894e-09, 3.79374309745e-09, 1.01307984224e-09, 2.16514384199e-09, 1.89329263378e-09, 1.55248358613e-09, 6.19045981143e-10, 1.03027253395e-09, 3.54352158727e-10, 2.84728490785e-10, 3.40915851105e-10, 4.26104818096e-10, 3.99905525361e-10, 3.93512111785e-10, 3.05084540964e-10, 1.01097567817e-10, 6.53117906979e-11, 2.63701543241e-11, 2.58565408667e-11, 2.18072296332e-11, 8.59434051703e-12, 6.19069205621e-12, 4.15861876185e-12, 3.45257091146e-12, 1.98186584331e-12, 2.36780994117e-12, 1.53033076662e-12], "max": [0.0676221102476, 0.0737163498998, 0.037794355303, 0.0244246348739, 0.00907715409994, 0.0060412096791, 0.00444152485579, 0.00502685131505, 0.00309982569888, 0.00220242445357, 0.00302423420362, 0.00167430040892, 0.00170045695268, 0.00147810601629, 0.000873339478858, 0.000517288281117, 0.00050663750153, 0.000574234349187, 0.000299932056805, 0.00022406700009, 0.000279392552329, 0.000173186810571, 0.000150684893015, 0.000298736122204, 0.000361709098797, 0.000354473246261, 0.000464864104288, 0.000356837816071, 0.000169722392457, 0.000100378769275, 3.98672527808e-05, 5.5671636801e-05, 6.96908537066e-05, 4.55334447906e-05, 3.36804914696e-05, 1.99439018616e-05, 2.01312122954e-05, 1.33253397507e-05, 1.22227402244e-05, 9.73804708337e-06], "mean": [0.00510555319488, 0.00780540844426, 0.00293732923456, 0.00130475196056, 0.000703565834556, 0.000433064764366, 0.00027617419255, 0.00022098053887, 0.000155491594342, 7.18567389413e-05, 0.00013487545948, 8.98960934137e-05, 7.02929028193e-05, 5.81935237278e-05, 4.13597481383e-05, 1.90907230717e-05, 2.3180646167e-05, 1.99370715563e-05, 1.76511039172e-05, 1.25863271023e-05, 1.2456440345e-05, 9.51248421188e-06, 9.9530807347e-06, 1.12967300083e-05, 1.15987222671e-05, 1.08904141598e-05, 9.59087628871e-06, 7.16158001524e-06, 6.29568057775e-06, 4.16103102907e-06, 2.41566544901e-06, 1.97979966288e-06, 2.08786536859e-06, 1.75441255124e-06, 1.3417751461e-06, 1.38580242037e-06, 1.30125306441e-06, 8.98920802683e-07, 9.29657062443e-07, 7.56115866807e-07], "median": [0.00369397271425, 0.00692769838497, 0.00192848173901, 0.000619311234914, 0.000428426807048, 0.000242175156018, 0.000139424199006, 6.25325919827e-05, 7.07747094566e-05, 3.06457877741e-05, 4.95877575304e-05, 3.81265635951e-05, 2.56745988736e-05, 2.20357251237e-05, 1.73563494172e-05, 8.17346608528e-06, 1.25099677462e-05, 9.28530334932e-06, 8.1692232925e-06, 6.83391817802e-06, 5.47851414012e-06, 5.4183174143e-06, 5.482526376e-06, 6.11867517364e-06, 5.47337867829e-06, 4.94112146043e-06, 4.40114445155e-06, 2.96327425531e-06, 3.41674626725e-06, 2.0612390017e-06, 9.51484935285e-07, 8.28885333704e-07, 7.97658117335e-07, 6.79855702401e-07, 6.0204536112e-07, 7.39787537896e-07, 5.09368305757e-07, 4.14284414774e-07, 4.63458576405e-07, 3.55230042715e-07], "min": [2.05286851087e-23, 1.94330314643e-23, 1.40142244218e-23, 2.47176927099e-23, 2.61774498383e-23, 3.14654053671e-23, 1.71171504168e-23, 1.13313873692e-23, 2.07010176899e-24, 5.39720526994e-24, 6.37461615886e-24, 6.64264663976e-24, 1.48421355195e-23, 7.7354004315e-24, 1.67364366776e-23, 1.87246059724e-23, 2.10253819114e-23, 5.59248699817e-24, 8.9831535582e-24, 6.10658015592e-24, 1.0262892628e-23, 8.4472558906e-24, 7.03239362518e-24, 1.07971218548e-23, 1.77626942282e-23, 1.17913137873e-23, 1.2320184282e-23, 1.42583421621e-23, 1.00637028829e-23, 1.21988322312e-23, 7.41089539839e-24, 1.07403364914e-23, 8.22718499729e-24, 1.31550649658e-23, 1.16795471854e-23, 8.39951955064e-24, 9.9702291765e-24, 7.87480793067e-24, 1.07629192126e-23, 1.31206169878e-23], "var": [3.52571369149e-05, 5.22384762007e-05, 1.18379884952e-05, 4.29737065133e-06, 6.79575975937e-07, 3.17126307436e-07, 1.35392298262e-07, 2.03182622727e-07, 7.06252478722e-08, 1.85092599025e-08, 5.35603241758e-08, 2.31530172812e-08, 1.60098281299e-08, 1.23879670966e-08, 5.08058617399e-09, 1.09564557427e-09, 1.05639430537e-09, 1.11517028945e-09, 6.98522129028e-10, 3.07755071427e-10, 4.52740067658e-10, 1.66529054435e-10, 1.87800330842e-10, 2.50975101812e-10, 4.20661477873e-10, 3.39351907686e-10, 2.6750757165e-10, 2.17982937256e-10, 8.0056919427e-11, 4.04153169264e-11, 1.47503016745e-11, 1.14333664064e-11, 1.23456479414e-11, 6.42441915638e-12, 4.07768306968e-12, 3.01352042278e-12, 3.62109908031e-12, 1.64867468636e-12, 1.75208437168e-12, 1.109142834e-12]}, "mfcc": {"mean": [-648.580444336, 127.043395996, 22.12068367, 35.1802597046, 10.6520080566, 9.42140388489, 12.092833519, 5.78716516495, 0.533800363541, 3.57782363892, -2.23628211021, 0.0562802292407, 0.440313160419], "cov": [[10867.3525391, 834.882263184, -101.749717712, 166.844039917, -93.1953125, -182.187194824, -51.1635627747, -55.7611885071, -68.4302978516, -37.7088088989, -257.988464355, -225.857955933, -112.986968994], [834.882263184, 1320.53552246, -88.114112854, 150.398803711, -52.2577323914, -31.0759277344, 61.6785621643, -4.84159660339, -11.2616147995, -34.7739143372, -49.1533889771, -10.8428506851, -12.0995769501], [-101.749717712, -88.114112854, 636.205078125, -32.7889862061, 114.43687439, 113.320075989, -20.1190624237, 19.9693470001, 6.11090612411, 0.8069845438, 10.3171224594, 15.6584672928, -25.5212535858], [166.844039917, 150.398803711, -32.7889862061, 263.629974365, 27.389541626, 9.99758434296, 53.5775337219, 17.8926181793, 29.6952075958, 36.8074684143, 25.7899799347, 12.0672807693, 23.4684391022], [-93.1953125, -52.2577323914, 114.43687439, 27.389541626, 186.386199951, 88.7113647461, 31.7451324463, 31.8205242157, 15.9864082336, 15.0650510788, 23.9834079742, 17.8341388702, 6.57893323898], [-182.187194824, -31.0759277344, 113.320075989, 9.99758434296, 88.7113647461, 161.200027466, 44.871421814, 22.5797042847, 5.63277482986, -7.12260198593, 24.4874629974, 16.2440872192, 9.09830856323], [-51.1635627747, 61.6785621643, -20.1190624237, 53.5775337219, 31.7451324463, 44.871421814, 114.806251526, 46.5330581665, 15.1936731339, 13.1233739853, 1.13298916817, 16.2034168243, 19.2579345703], [-55.7611885071, -4.84159660339, 19.9693470001, 17.8926181793, 31.8205242157, 22.5797042847, 46.5330581665, 89.4014892578, 42.1837921143, 11.6213417053, 10.8192253113, 8.76236820221, 11.7743473053], [-68.4302978516, -11.2616147995, 6.11090612411, 29.6952075958, 15.9864082336, 5.63277482986, 15.1936731339, 42.1837921143, 85.9058303833, 36.8008460999, 8.63396453857, 9.11152172089, 10.8749828339], [-37.7088088989, -34.7739143372, 0.8069845438, 36.8074684143, 15.0650510788, -7.12260198593, 13.1233739853, 11.6213417053, 36.8008460999, 85.5727157593, 39.802822113, 16.9596424103, 13.5368728638], [-257.988464355, -49.1533889771, 10.3171224594, 25.7899799347, 23.9834079742, 24.4874629974, 1.13298916817, 10.8192253113, 8.63396453857, 39.802822113, 94.0222473145, 47.7716751099, 13.1396560669], [-225.857955933, -10.8428506851, 15.6584672928, 12.0672807693, 17.8341388702, 16.2440872192, 16.2034168243, 8.76236820221, 9.11152172089, 16.9596424103, 47.7716751099, 90.0255813599, 36.3333015442], [-112.986968994, -12.0995769501, -25.5212535858, 23.4684391022, 6.57893323898, 9.09830856323, 19.2579345703, 11.7743473053, 10.8749828339, 13.5368728638, 13.1396560669, 36.3333015442, 64.9913330078]], "icov": [[0.000108345513581, -5.43408241356e-05, 5.70834026803e-06, -8.93703472684e-05, -2.06514741876e-05, 3.10241266561e-05, 0.000119808697491, -9.14482734515e-05, 0.000160103983944, -0.000177817681106, 0.00030661773053, 7.78026806074e-05, 9.63291095104e-05], [-5.43408241356e-05, 0.000914909644052, 2.64881200565e-05, -0.000533565937076, 0.00024668770493, 0.000103162106825, -0.000509717792738, 0.000168089012732, -3.57436583727e-05, 0.00048304189113, 0.000293908989988, -0.000358778197551, 0.000406626262702], [5.70834026803e-06, 2.64881200565e-05, 0.0021238909103, 1.70569728652e-05, -0.000700805627275, -0.00158312299754, 0.00150448468048, -0.000932724913582, 0.000484558142489, -0.000882075924892, 0.0012152348645, -0.00119602610357, 0.0013840548927], [-8.93703472684e-05, -0.000533565937076, 1.70569728652e-05, 0.00514363404363, -0.000727785460185, 0.000675902992953, -0.00242782826535, 0.00141123682261, -0.0016513178125, -0.000368398090359, -0.00225448724814, 0.00144419888966, -0.00166112347506], [-2.06514741876e-05, 0.00024668770493, -0.000700805627275, -0.000727785460185, 0.00812733639032, -0.00378293381073, 0.000141393975355, -0.00179576466326, 0.0004930300056, -0.00141551496927, 0.000330584734911, -0.000766130920965, 0.000561742053833], [3.10241266561e-05, 0.000103162106825, -0.00158312299754, 0.000675902992953, -0.00378293381073, 0.0114428894594, -0.00526659050956, 0.00233136862516, -0.00192645948846, 0.00481819780543, -0.00486365938559, 0.00229787454009, -0.001855905517], [0.000119808697491, -0.000509717792738, 0.00150448468048, -0.00242782826535, 0.000141393975355, -0.00526659050956, 0.0165414512157, -0.00901941396296, 0.00449958723038, -0.00508160796016, 0.00640414003283, -0.00385138695128, 0.000200258378754], [-9.14482734515e-05, 0.000168089012732, -0.000932724913582, 0.00141123682261, -0.00179576466326, 0.00233136862516, -0.00901941396296, 0.0208166334778, -0.0107260197401, 0.0053822924383, -0.00548000866547, 0.00318132992834, -0.00224374048412], [0.000160103983944, -3.57436583727e-05, 0.000484558142489, -0.0016513178125, 0.0004930300056, -0.00192645948846, 0.00449958723038, -0.0107260197401, 0.0206592399627, -0.00996470358223, 0.0059433397837, -0.00267121568322, 0.000798310909886], [-0.000177817681106, 0.00048304189113, -0.000882075924892, -0.000368398090359, -0.00141551496927, 0.00481819780543, -0.00508160796016, 0.0053822924383, -0.00996470358223, 0.0219922754914, -0.0113694183528, 0.00379421608523, -0.00316897360608], [0.00030661773053, 0.000293908989988, 0.0012152348645, -0.00225448724814, 0.000330584734911, -0.00486365938559, 0.00640414003283, -0.00548000866547, 0.0059433397837, -0.0113694183528, 0.0234103258699, -0.0117419073358, 0.00482655270025], [7.78026806074e-05, -0.000358778197551, -0.00119602610357, 0.00144419888966, -0.000766130920965, 0.00229787454009, -0.00385138695128, 0.00318132992834, -0.00267121568322, 0.00379421608523, -0.0117419073358, 0.0214429311454, -0.010558986105], [9.63291095104e-05, 0.000406626262702, 0.0013840548927, -0.00166112347506, 0.000561742053833, -0.001855905517, 0.000200258378754, -0.00224374048412, 0.000798310909886, -0.00316897360608, 0.00482655270025, -0.010558986105, 0.0227769240737]]}, "spectral_contrast_coeffs": {"dmean": [0.0486051850021, 0.047813680023, 0.0413817279041, 0.0326701402664, 0.0242405049503, 0.0210050437599], "dmean2": [0.0806353986263, 0.0761261805892, 0.0634173080325, 0.0497610531747, 0.037769716233, 0.0343538410962], "dvar": [0.0017176939873, 0.00156666932162, 0.00116781820543, 0.000731744279619, 0.00044352086843, 0.000443942146376], "dvar2": [0.00464585004374, 0.0038379447069, 0.00253360439092, 0.00162177882157, 0.00103445712011, 0.00107787083834], "max": [-0.294334679842, -0.467483848333, -0.502388238907, -0.573778986931, -0.559391498566, -0.538303136826], "mean": [-0.642643809319, -0.710157811642, -0.743288397789, -0.785554349422, -0.78907263279, -0.780914366245], "median": [-0.64275765419, -0.710210561752, -0.746305048466, -0.789708733559, -0.793978512287, -0.780945718288], "min": [-0.978590548038, -0.965365350246, -0.965557157993, -0.95520055294, -0.960436046124, -0.958389997482], "var": [0.00620543025434, 0.00593372853473, 0.00493204081431, 0.00224472139962, 0.00205809692852, 0.00153460609727]}, "spectral_contrast_valleys": {"dmean": [0.399042129517, 0.464827924967, 0.390632033348, 0.356385350227, 0.326846331358, 0.482180476189], "dmean2": [0.637265264988, 0.734402537346, 0.6194409132, 0.530080974102, 0.472988963127, 0.608301639557], "dvar": [0.162919476628, 0.19554400444, 0.156785950065, 0.13631875813, 0.138235166669, 0.250046521425], "dvar2": [0.336912423372, 0.436011254787, 0.344662427902, 0.26969113946, 0.285502195358, 0.553363084793], "max": [-4.66521692276, -4.722407341, -5.04724645615, -5.91029071808, -5.59474134445, -8.05720329285], "mean": [-6.6