{"lowlevel": {"average_loudness": 0.95137912035, "barkbands_crest": {"dmean": 2.59588074684, "dmean2": 4.06377792358, "dvar": 6.06972932816, "dvar2": 14.6684617996, "max": 24.6322631836, "mean": 10.8635396957, "median": 10.2341585159, "min": 2.80317234993, "var": 15.1324596405}, "barkbands_flatness_db": {"dmean": 0.0262630488724, "dmean2": 0.0426957346499, "dvar": 0.000910866132472, "dvar2": 0.00255482201464, "max": 0.336744964123, "mean": 0.162761688232, "median": 0.160369381309, "min": 0.0338213965297, "var": 0.0021243346855}, "barkbands_kurtosis": {"dmean": 4.81774997711, "dmean2": 7.88843917847, "dvar": 94.978729248, "dvar2": 250.055969238, "max": 109.943130493, "mean": 5.87800741196, "median": 3.13034296036, "min": -1.70902454853, "var": 91.4106674194}, "barkbands_skewness": {"dmean": 0.712310254574, "dmean2": 1.05686604977, "dvar": 0.784809648991, "dvar2": 1.77048683167, "max": 8.54534339905, "mean": 1.66492629051, "median": 1.4986178875, "min": -2.09063982964, "var": 1.60307753086}, "barkbands_spread": {"dmean": 4.04467582703, "dmean2": 6.47043466568, "dvar": 24.1660938263, "dvar2": 64.9503860474, "max": 80.9480895996, "mean": 14.6901721954, "median": 13.0555076599, "min": 0.952353596687, "var": 71.0034942627}, "dissonance": {"dmean": 0.0285961423069, "dmean2": 0.0477947331965, "dvar": 0.000713053625077, "dvar2": 0.00189832574688, "max": 0.499985784292, "mean": 0.427925437689, "median": 0.434308052063, "min": 0.239886492491, "var": 0.00174542167224}, "dynamic_complexity": 2.65355443954, "erbbands_crest": {"dmean": 2.77413773537, "dmean2": 4.30405712128, "dvar": 6.69461870193, "dvar2": 15.6734848022, "max": 30.420999527, "mean": 12.4604377747, "median": 11.6652698517, "min": 2.92268109322, "var": 24.6075153351}, "erbbands_flatness_db": {"dmean": 0.0219050962478, "dmean2": 0.0317497327924, "dvar": 0.000480911898194, "dvar2": 0.00103630986996, "max": 0.338351726532, "mean": 0.169824391603, "median": 0.165271297097, "min": 0.049807254225, "var": 0.00192886928562}, "erbbands_kurtosis": {"dmean": 1.30974555016, "dmean2": 2.03467488289, "dvar": 2.97305631638, "dvar2": 6.51604747772, "max": 41.6593475342, "mean": 2.00844550133, "median": 1.29395842552, "min": -1.61816465855, "var": 8.93452453613}, "erbbands_skewness": {"dmean": 0.39290368557, "dmean2": 0.599408507347, "dvar": 0.138317927718, "dvar2": 0.320417791605, "max": 4.87696123123, "mean": 0.584206700325, "median": 0.617868900299, "min": -2.81601262093, "var": 0.639045596123}, "erbbands_spread": {"dmean": 7.31238222122, "dmean2": 11.0850114822, "dvar": 70.2041931152, "dvar2": 165.213195801, "max": 97.9860458374, "mean": 27.6982116699, "median": 24.5937309265, "min": 2.46818804741, "var": 214.932327271}, "hfc": {"dmean": 5.6689825058, "dmean2": 8.52032852173, "dvar": 54.3753318787, "dvar2": 122.278358459, "max": 83.3058929443, "mean": 16.9764099121, "median": 14.6315059662, "min": 1.15383119243e-16, "var": 113.218826294}, "melbands_crest": {"dmean": 3.41555690765, "dmean2": 5.50476360321, "dvar": 11.6411542892, "dvar2": 28.9322929382, "max": 31.1274185181, "mean": 15.1454792023, "median": 14.4031352997, "min": 2.71300244331, "var": 31.2894039154}, "melbands_flatness_db": {"dmean": 0.0313798673451, "dmean2": 0.050329964608, "dvar": 0.00141309853643, "dvar2": 0.00367272808217, "max": 0.467341065407, "mean": 0.245519146323, "median": 0.243978351355, "min": 0.00719483057037, "var": 0.00441655376926}, "melbands_kurtosis": {"dmean": 9.38017272949, "dmean2": 15.2200241089, "dvar": 342.817596436, "dvar2": 874.772155762, "max": 222.108505249, "mean": 11.8210611343, "median": 5.98627901077, "min": -1.75941443443, "var": 345.864471436}, "melbands_skewness": {"dmean": 0.894938051701, "dmean2": 1.33915948868, "dvar": 1.29191613197, "dvar2": 2.85080909729, "max": 11.7870826721, "mean": 2.26091241837, "median": 1.97562396526, "min": -1.49401652813, "var": 2.64302110672}, "melbands_spread": {"dmean": 4.53804683685, "dmean2": 7.04743099213, "dvar": 33.7620124817, "dvar2": 73.4520645142, "max": 157.704345703, "mean": 16.440322876, "median": 14.3857955933, "min": 0.686993479729, "var": 126.462882996}, "pitch_salience": {"dmean": 0.070223942399, "dmean2": 0.115658544004, "dvar": 0.00518470583484, "dvar2": 0.0139047540724, "max": 0.834687530994, "mean": 0.487211108208, "median": 0.485962957144, "min": 0.106498390436, "var": 0.0115738753229}, "silence_rate_20dB": {"dmean": 0, "dmean2": 0, "dvar": 0, "dvar2": 0, "max": 1, "mean": 1, "median": 1, "min": 1, "var": 0}, "silence_rate_30dB": {"dmean": 0.106604509056, "dmean2": 0.213242158294, "dvar": 0.095234721899, "dvar2": 0.177408859134, "max": 1, "mean": 0.893412053585, "median": 1, "min": 0, "var": 0.0952232629061}, "silence_rate_60dB": {"dmean": 0.00466200476512, "dmean2": 0.00932545866817, "dvar": 0.0046397363767, "dvar2": 0.0107919555157, "max": 1, "mean": 0.0264139212668, "median": 0, "min": 0, "var": 0.0257166195661}, "spectral_centroid": {"dmean": 151.825653076, "dmean2": 243.64100647, "dvar": 50031.53125, "dvar2": 101437.304688, "max": 11273.2011719, "mean": 859.61895752, "median": 728.640563965, "min": 171.861816406, "var": 289774.1875}, "spectral_complexity": {"dmean": 2.14918422699, "dmean2": 3.42368674278, "dvar": 5.54380846024, "dvar2": 12.4701719284, "max": 40, "mean": 13.1325359344, "median": 13, "min": 0, "var": 20.8471775055}, "spectral_decrease": {"dmean": 7.20803638998e-09, "dmean2": 1.18821095185e-08, "dvar": 2.1086214213e-16, "dvar2": 5.43874190899e-16, "max": 1.40737471861e-14, "mean": -1.15397895684e-08, "median": -7.45796402413e-09, "min": -1.04198157658e-07, "var": 1.89225307532e-16}, "spectral_energy": {"dmean": 0.0276403948665, "dmean2": 0.0454752705991, "dvar": 0.00305890641175, "dvar2": 0.00787735544145, "max": 0.397551327944, "mean": 0.0450936555862, "median": 0.0294811464846, "min": 1.06445874451e-20, "var": 0.0027651223354}, "spectral_energyband_high": {"dmean": 0.000173622654984, "dmean2": 0.000280583597487, "dvar": 7.96927821511e-08, "dvar2": 2.02511600378e-07, "max": 0.00386489927769, "mean": 0.000351791008143, "median": 0.00017742565251, "min": 7.73686422287e-21, "var": 1.8109864186e-07}, "spectral_energyband_low": {"dmean": 0.0226475968957, "dmean2": 0.0386335551739, "dvar": 0.00291035673581, "dvar2": 0.00767266657203, "max": 0.353053808212, "mean": 0.0242417864501, "median": 0.00892646424472, "min": 1.49916716772e-22, "var": 0.00231403065845}, "spectral_energyband_middle_high": {"dmean": 0.00185909983702, "dmean2": 0.00277635827661, "dvar": 6.34157140667e-06, "dvar2": 1.40843339977e-05, "max": 0.05467492342, "mean": 0.00540905399248, "median": 0.00410761265084, "min": 1.56662737165e-21, "var": 2.64965401584e-05}, "spectral_energyband_middle_low": {"dmean": 0.00683913379908, "dmean2": 0.0106503795832, "dvar": 0.000177423207788, "dvar2": 0.000439340888988, "max": 0.155417308211, "mean": 0.0164644662291, "median": 0.0121655408293, "min": 2.75583622125e-22, "var": 0.000250901386607}, "spectral_entropy": {"dmean": 0.235797449946, "dmean2": 0.377869993448, "dvar": 0.060418099165, "dvar2": 0.162940263748, "max": 9.78730964661, "mean": 7.18845462799, "median": 7.1909737587, "min": 5.82531070709, "var": 0.212059557438}, "spectral_flux": {"dmean": 0.051444940269, "dmean2": 0.083161868155, "dvar": 0.00678907334805, "dvar2": 0.0126617597416, "max": 0.519727230072, "mean": 0.10192476213, "median": 0.0638347566128, "min": 1.03172609345e-10, "var": 0.0100530320778}, "spectral_kurtosis": {"dmean": 2.56195211411, "dmean2": 4.15554285049, "dvar": 10.8914661407, "dvar2": 28.6604156494, "max": 55.2512626648, "mean": 7.06811857224, "median": 5.93019390106, "min": -1.1779654026, "var": 26.9673461914}, "spectral_rms": {"dmean": 0.0015610618284, "dmean2": 0.00239179376513, "dvar": 6.34807292954e-06, "dvar2": 1.49245588545e-05, "max": 0.0196940340102, "mean": 0.00591844459996, "median": 0.00536303035915, "min": 3.22257086467e-12, "var": 8.96582605492e-06}, "spectral_rolloff": {"dmean": 241.795257568, "dmean2": 412.436981201, "dvar": 282367.5, "dvar2": 634525.4375, "max": 19875.1464844, "mean": 1054.75061035, "median": 839.794921875, "min": 86.1328125, "var": 3463942.25}, "spectral_skewness": {"dmean": 0.305595904589, "dmean2": 0.494228243828, "dvar": 0.102593570948, "dvar2": 0.272169649601, "max": 5.50852823257, "mean": 2.08161449432, "median": 2.07578229904, "min": -0.0621292702854, "var": 0.403645247221}, "spectral_spread": {"dmean": 804348.5625, "dmean2": 1241355.5, "dvar": 1091287973890.0, "dvar2": 2432888209410.0, "max": 40171076, "mean": 4743107, "median": 4704012, "min": 1401534.625, "var": 2536691466240.0}, "spectral_strongpeak": {"dmean": 0.514558017254, "dmean2": 0.870336651802, "dvar": 0.551305711269, "dvar2": 1.24982857704, "max": 10.5302324295, "mean": 1.08812177181, "median": 0.632432818413, "min": 1.47949830165e-09, "var": 1.23782587051}, "zerocrossingrate": {"dmean": 0.0083301467821, "dmean2": 0.0107473479584, "dvar": 0.000117123796372, "dvar2": 0.000202405222808, "max": 0.56787109375, "mean": 0.0475597009063, "median": 0.03857421875, "min": 0.0068359375, "var": 0.00209090462886}, "barkbands": {"dmean": [0.000303545006318, 0.0144280232489, 0.00883988663554, 0.00160091207363, 0.00463057076558, 0.000754789798521, 0.000822596426588, 0.00055967271328, 0.000768644735217, 0.000829251017421, 0.000484408345073, 0.000358395656804, 0.000439281924628, 0.000280052685412, 0.000115033632028, 6.75200644764e-05, 6.25471657258e-05, 5.23573398823e-05, 3.91510984628e-05, 3.46222805092e-05, 3.05835310428e-05, 3.07937552861e-05, 3.67122665921e-05, 2.36133946601e-05, 7.04063349986e-05, 6.75973387843e-06, 4.36052823716e-06], "dmean2": [0.00027233583387, 0.0246961079538, 0.0156904049218, 0.00268001924269, 0.00745111098513, 0.00120545877144, 0.00124557665549, 0.000702609191649, 0.00103228830267, 0.00119670410641, 0.000776222907007, 0.000535582774319, 0.000714417663403, 0.000440571340732, 0.000178908521775, 0.000104420418211, 9.59172248258e-05, 8.517401875e-05, 6.62426537019e-05, 5.68630312046e-05, 4.80740600324e-05, 5.0660699344e-05, 6.18817939539e-05, 3.54482581315e-05, 0.000121696983115, 9.52460595727e-06, 6.24037056696e-06], "dvar": [1.68201438555e-07, 0.00127707759384, 0.000463135453174, 6.29156420473e-06, 0.000128030325868, 2.27210830417e-06, 1.68475253304e-06, 1.76103219474e-06, 2.04962475436e-06, 3.35724735123e-06, 1.2829661955e-06, 4.80492246879e-07, 5.40251335224e-07, 6.41962230929e-07, 1.44004346225e-07, 2.46465656772e-08, 2.26555751937e-08, 4.15958361089e-08, 1.01375388084e-08, 3.81930531645e-09, 2.58369259321e-09, 2.10632911113e-09, 5.17685672108e-09, 1.21455523416e-09, 2.65152841905e-08, 1.40424588624e-10, 8.84614950736e-11], "dvar2": [2.27128694519e-07, 0.0034213855397, 0.0012537149014, 1.57840877364e-05, 0.000320152932545, 5.70400789002e-06, 3.86619012716e-06, 2.41261841438e-06, 3.68227551917e-06, 6.73222393743e-06, 3.05659500555e-06, 1.06724075977e-06, 1.45354181313e-06, 1.57788042543e-06, 3.58166062142e-07, 5.07719697396e-08, 4.39109228978e-08, 1.10554665866e-07, 2.76201692628e-08, 1.01021937482e-08, 6.97155311258e-09, 5.4528128679e-09, 1.37191111804e-08, 2.73075717594e-09, 7.12671024417e-08, 2.57262933179e-10, 1.48426326785e-10], "max": [0.0048113623634, 0.226810842752, 0.141201674938, 0.0255792886019, 0.125829026103, 0.031991392374, 0.0389628298581, 0.0360112935305, 0.0351774506271, 0.0523875504732, 0.0289749465883, 0.0113248471171, 0.0107820713893, 0.0319211296737, 0.0164621546865, 0.00500540435314, 0.00443069357425, 0.00624852767214, 0.00165734090842, 0.00147207139526, 0.00133533286862, 0.00081530190073, 0.000873916374985, 0.000968350213952, 0.00121399678756, 0.000147836704855, 0.000125852995552], "mean": [0.000720868411008, 0.0137486811727, 0.0084830019623, 0.00224629929289, 0.00667406944558, 0.00173111725599, 0.00206690770574, 0.00150770205073, 0.00211487081833, 0.00205826689489, 0.000725530728232, 0.000797086278908, 0.000667313288432, 0.000565069029108, 0.000212241488043, 0.000128650659462, 0.000118257223221, 7.62966228649e-05, 6.19513593847e-05, 6.84434271534e-05, 6.49232388241e-05, 6.01128740527e-05, 5.82920401939e-05, 4.9227171985e-05, 7.08900479367e-05, 1.06051129478e-05, 7.0155724643e-06], "median": [0.000117759700515, 0.00211628619581, 0.0022552057635, 0.00128749664873, 0.00269280467182, 0.000944919360336, 0.000963151804172, 0.00026214128593, 0.000565075664781, 0.000716543989256, 0.000148151026224, 0.000189300772035, 0.000240141802351, 0.000129076564917, 0.000101315214124, 6.10867282376e-05, 5.7009376178e-05, 3.6314202589e-05, 3.3354437619e-05, 3.31210540025e-05, 3.51361377398e-05, 2.36760861299e-05, 2.42265450652e-05, 2.06182066904e-05, 2.19229568756e-05, 4.33534023614e-06, 3.14835006066e-06], "min": [7.94503090851e-23, 7.49011754366e-23, 9.61093853291e-24, 2.17368066524e-23, 4.89525930795e-23, 2.12221096217e-23, 3.96797287762e-23, 6.65099547027e-23, 6.93155290458e-23, 5.14003842922e-23, 4.53710635956e-23, 1.29512394007e-22, 9.54029950984e-23, 4.29523971276e-23, 8.1067070044e-23, 2.41543403162e-22, 1.34463890893e-22, 2.80514949416e-22, 3.2539343564e-22, 4.12762847985e-22, 4.15374217395e-22, 5.60779987697e-22, 5.70284537293e-22, 9.4418072597e-22, 1.0120592155e-21, 1.92510091311e-21, 2.15756007176e-21], "var": [9.53809262683e-07, 0.00101153936703, 0.000322592240991, 7.09992309567e-06, 0.000142761462484, 5.3055969147e-06, 1.09501879706e-05, 1.45114963743e-05, 1.30142898342e-05, 1.69136310433e-05, 2.72486545327e-06, 1.90492380625e-06, 8.98795519788e-07, 1.6243564005e-06, 2.09181237665e-07, 6.78537972476e-08, 5.74669236642e-08, 4.20460004591e-08, 1.1296377167e-08, 9.29741883482e-09, 6.70661792768e-09, 8.01618238455e-09, 7.26044779853e-09, 5.07375830239e-09, 2.05079988547e-08, 2.81834944271e-10, 1.61489710493e-10]}, "erbbands": {"dmean": [0.220669403672, 4.00451517105, 11.6980743408, 6.18333959579, 9.31311416626, 17.5182781219, 13.921087265, 4.77868032455, 11.6907920837, 8.44856929779, 14.0196037292, 18.8167533875, 14.5403623581, 26.7456874847, 18.3712329865, 15.3513565063, 20.6680049896, 11.6540880203, 10.4780063629, 4.69508266449, 4.10467195511, 3.10028886795, 2.90337443352, 2.12063479424, 2.04285669327, 1.60372591019, 1.42547404766, 1.08621668816, 1.17131698132, 0.698301136494, 1.39480137825, 0.675603687763, 0.346718013287, 1.1757992506, 0.285737663507, 0.0360908955336, 0.0116176977754, 0.00468664243817, 0.000751193030737, 5.75075646339e-05], "dmean2": [0.324737548828, 7.10950565338, 21.0050868988, 10.367685318, 15.6477451324, 28.0097293854, 22.074924469, 7.5946149826, 18.0212364197, 12.0055627823, 17.6430892944, 24.7153549194, 20.4148178101, 40.9394416809, 28.4903583527, 23.4169254303, 33.1883735657, 18.3899612427, 16.6256694794, 7.37192296982, 6.14443588257, 4.90057659149, 4.69296264648, 3.49744510651, 3.48123216629, 2.6178393364, 2.26727938652, 1.69547128677, 1.9202491045, 1.14640808105, 2.36581850052, 1.06523406506, 0.521974146366, 2.04902029037, 0.484066992998, 0.0544849149883, 0.0165793709457, 0.00663594994694, 0.00104046741035, 8.3042163169e-05], "dvar": [0.175983652472, 109.711326599, 884.422485352, 135.459320068, 648.13293457, 1889.90368652, 1284.17834473, 78.6122665405, 431.976409912, 164.720184326, 897.487243652, 1245.47692871, 1313.4576416, 2823.58325195, 1328.83288574, 816.515258789, 1306.18432617, 669.959838867, 1052.69567871, 352.458068848, 107.083724976, 35.8876190186, 128.329727173, 31.5110740662, 20.0656681061, 9.84844493866, 7.21895694733, 2.55590939522, 3.06917500496, 1.23519873619, 9.25428199768, 1.05337262154, 0.308981448412, 7.79233455658, 0.376089125872, 0.00330301071517, 0.000458817987237, 8.57344130054e-05, 2.78419656752e-06, 8.9737453024e-09], "dvar2": [0.370401322842, 297.910980225, 2420.39453125, 344.768737793, 1733.61328125, 4739.64355469, 3115.18115234, 192.767974854, 1027.59204102, 305.016113281, 1270.9597168, 2013.41943359, 2386.890625, 6595.27392578, 3037.93994141, 1817.26342773, 3476.18652344, 1734.85205078, 2591.86547852, 781.321655273, 204.041168213, 80.5160827637, 352.892028809, 84.0869979858, 55.3931274414, 25.7026081085, 19.779083252, 6.49742555618, 7.92077922821, 3.13180804253, 24.565984726, 2.4338786602, 0.750747740269, 20.9750671387, 1.00523090363, 0.00726116308942, 0.000856586091686, 0.000151315602125, 4.55679628431e-06, 1.71765357493e-08], "max": [3.0421102047, 64.4169006348, 187.130828857, 119.703910828, 296.074981689, 599.036132812, 815.98449707, 158.157821655, 700.356018066, 258.915985107, 890.598999023, 951.13092041, 1404.45715332, 1184.11340332, 999.010864258, 568.137573242, 532.090515137, 471.224945068, 1370.6237793, 949.129394531, 348.746398926, 115.424980164, 391.835479736, 120.91481781, 75.9773406982, 82.1887588501, 76.9768295288, 28.7824707031, 33.0611076355, 24.6102523804, 38.7872161865, 18.1379947662, 16.7200202942, 20.8608913422, 4.52759504318, 0.821686685085, 0.346161991358, 0.115123599768, 0.0205352399498, 0.00100331846625], "mean": [0.368415892124, 3.16789960861, 10.2689447403, 8.16437339783, 11.2843589783, 26.0241966248, 23.8680267334, 13.1530952454, 30.1749477386, 20.9477653503, 41.6605606079, 54.9820594788, 40.884563446, 59.526676178, 34.2579689026, 33.5053901672, 32.1485824585, 25.8386058807, 19.7667160034, 8.78546905518, 8.3077545166, 6.05764389038, 4.56430196762, 3.44938802719, 3.55894732475, 3.30865597725, 2.97055649757, 2.2938554287, 2.24675536156, 1.40326857567, 1.9630562067, 1.21888029575, 0.71345281601, 1.10610330105, 0.329762935638, 0.0571894720197, 0.0175490882248, 0.00635458575562, 0.00118115695659, 0.00012262139353], "median": [0.0482649467885, 0.492792606354, 2.17395877838, 5.01884174347, 5.27817296982, 8.93058204651, 11.1215801239, 7.02778720856, 12.0656261444, 11.5691165924, 13.3713579178, 15.9675750732, 15.0406646729, 27.6495666504, 15.406080246, 13.3552455902, 13.283908844, 7.62500667572, 7.97599029541, 4.24306058884, 3.73876333237, 3.46255779266, 2.16778850555, 2.00684833527, 1.91948330402, 1.49521589279, 1.47773730755, 1.20207512379, 0.90795814991, 0.540681958199, 0.784451246262, 0.490906596184, 0.28709435463, 0.300737351179, 0.124072119594, 0.0258110016584, 0.00679935468361, 0.0018348263111, 0.000483554875245, 8.61194421304e-05], "min": [4.50662255275e-21, 8.4647338865e-21, 1.25967861973e-20, 5.87672663387e-20, 9.4983249809e-20, 2.13447016507e-19, 1.06946937492e-19, 2.30550668807e-19, 5.99126659178e-19, 9.08310797225e-19, 1.635814595e-18, 1.37443027772e-18, 8.07602850116e-19, 2.71118496009e-18, 1.51207592339e-18, 5.8615147307e-18, 4.10077683805e-18, 3.23450759886e-18, 2.53867127346e-18, 8.44802702887e-18, 1.39877548528e-17, 7.1268326478e-18, 1.16775345277e-17, 2.29970106924e-17, 1.32474910703e-17, 1.73594373282e-17, 1.54056052885e-17, 1.95596997072e-17, 1.7504407348e-17, 1.91441638722e-17, 1.80623985738e-17, 2.15199721752e-17, 1.39957669242e-17, 1.0194219364e-17, 8.25529394614e-18, 6.63603785264e-18, 3.68106332729e-18, 1.15218204657e-18, 3.23649562406e-19, 3.27320667513e-20], "var": [0.341076731682, 75.8269729614, 586.778259277, 119.898735046, 528.951538086, 2335.37939453, 1894.04577637, 314.124511719, 3087.51123047, 742.770812988, 7875.46923828, 9011.87792969, 7689.98193359, 9309.29980469, 3195.99243164, 2791.40185547, 2064.63012695, 2398.59155273, 2206.58813477, 711.46887207, 326.149291992, 76.9217453003, 115.897842407, 34.2909507751, 28.0336093903, 25.1280193329, 17.2859592438, 7.84120512009, 11.1651620865, 4.2141623497, 9.79415988922, 2.84927535057, 1.29425275326, 5.8043255806, 0.326890647411, 0.00605234550312, 0.000866297923494, 0.000150914289407, 5.17358648722e-06, 1.4946566651e-08]}, "gfcc": {"mean": [-3.276648283, 106.450744629, -96.0618591309, 12.9312314987, -55.4393196106, 17.3323879242, -28.5214233398, 2.09254741669, -22.0172367096, -3.12576198578, -12.1501951218, -5.81058311462, -5.44403743744], "cov": [[5941.29736328, 714.33190918, 687.862548828, 402.329162598, -434.811798096, 657.960205078, -447.735931396, 222.434463501, -400.853546143, -42.4016609192, -252.410339355, 124.713012695, -53.440952301], [714.33190918, 1486.54504395, -13.0574026108, -42.9931564331, 223.021286011, 45.7931861877, 46.5077514648, 2.87315797806, 90.7660140991, -34.0798377991, 98.0566253662, 31.26329422, 156.254669189], [687.862548828, -13.0574026108, 651.153930664, 45.6319694519, 65.0214614868, 146.662506104, -26.0965900421, 43.8993835449, -83.0284194946, 13.1308746338, -84.7039413452, 65.0150299072, -47.8278427124], [402.329162598, -42.9931564331, 45.6319694519, 402.508392334, 1.36711359024, 76.9675292969, 25.5404281616, 62.2098197937, 16.1724376678, 23.2017288208, 19.9966506958, 20.5703887939, 22.2505531311], [-434.811798096, 223.021286011, 65.0214614868, 1.36711359024, 357.796844482, -10.6167507172, 132.442642212, -21.8446025848, 70.4066009521, 48.9932403564, 41.2323951721, 17.638677597, 20.2374725342], [657.960205078, 45.7931861877, 146.662506104, 76.9675292969, -10.6167507172, 296.71295166, -10.3624343872, 35.9521484375, -70.2282104492, 1.04159414768, -9.05114269257, 14.2189245224, -21.8065834045], [-447.735931396, 46.5077514648, -26.0965900421, 25.5404281616, 132.442642212, -10.3624343872, 210.953033447, 34.3783302307, 65.2512664795, 16.2052612305, 32.7720222473, 4.22560834885, 10.746629715], [222.434463501, 2.87315797806, 43.8993835449, 62.2098197937, -21.8446025848, 35.9521484375, 34.3783302307, 145.162094116, 55.7072906494, 9.91292095184, -22.0772018433, 1.41535830498, -7.74981021881], [-400.853546143, 90.7660140991, -83.0284194946, 16.1724376678, 70.4066009521, -70.2282104492, 65.2512664795, 55.7072906494, 163.006851196, 50.3781433105, 32.2418861389, -23.4713344574, 24.2438697815], [-42.4016609192, -34.0798377991, 13.1308746338, 23.2017288208, 48.9932403564, 1.04159414768, 16.2052612305, 9.91292095184, 50.3781433105, 101.687065125, 35.914150238, 5.65883636475, -6.00222063065], [-252.410339355, 98.0566253662, -84.7039413452, 19.9966506958, 41.2323951721, -9.05114269257, 32.7720222473, -22.0772018433, 32.2418861389, 35.914150238, 112.722473145, 31.9389743805, 31.2783069611], [124.713012695, 31.26329422, 65.0150299072, 20.5703887939, 17.638677597, 14.2189245224, 4.22560834885, 1.41535830498, -23.4713344574, 5.65883636475, 31.9389743805, 97.9847259521, 46.1829986572], [-53.440952301, 156.254669189, -47.8278427124, 22.2505531311, 20.2374725342, -21.8065834045, 10.746629715, -7.74981021881, 24.2438697815, -6.00222063065, 31.2783069611, 46.1829986572, 114.12625885]], "icov": [[0.00070891546784, -0.000761742179748, 8.65514957695e-05, -0.000640823855065, 0.000654081406537, -0.000640776590444, 0.000801317568403, -0.000904423359316, 0.00152891513426, -0.0014954485232, 0.0018921601586, -0.00111842877232, 0.000691378721967], [-0.000761742179748, 0.00186887977179, -0.000305561203277, 0.000979400239885, -0.00143384828698, 0.000313908269163, -0.000368680863176, 0.000568086630665, -0.00204098992981, 0.00271690147929, -0.0032107308507, 0.00203489162959, -0.00221395865083], [8.65514957695e-05, -0.000305561203277, 0.00272348034196, -0.00027634302387, -0.000706202874426, -0.000803030095994, 0.000439657800598, -0.000485590164317, 0.000830068194773, -0.00125902157743, 0.00308602605946, -0.00306785618886, 0.00170465779956], [-0.000640823855065, 0.000979400239885, -0.00027634302387, 0.00354983913712, -0.000684309285134, -7.99134140834e-05, -0.000765558797866, -0.0005246506189, -0.00118534825742, 0.00113404833246, -0.00269601563923, 0.00152977509424, -0.00187508238014], [0.000654081406537, -0.00143384828698, -0.000706202874426, -0.000684309285134, 0.00583298970014, -0.000643413863145, -0.00235374318436, 0.00199251854792, -0.000482084869873, -0.00302621722221, 0.00248861988075, -0.0020588869229, 0.0014009088045], [-0.000640776590444, 0.000313908269163, -0.000803030095994, -7.99134140834e-05, -0.000643413863145, 0.00557459658012, -0.000913637864869, -0.00138298620004, 0.00227974844165, 0.000212996310438, -0.00285930326208, 0.00234021316282, -0.000515859981533], [0.000801317568403, -0.000368680863176, 0.000439657800598, -0.000765558797866, -0.00235374318436, -0.000913637864869, 0.00843261834234, -0.00326251005754, 0.000444983801572, 0.000273927726084, 0.000167813661392, -0.00111919234041, 0.000767505145632], [-0.000904423359316, 0.000568086630665, -0.000485590164317, -0.0005246506189, 0.00199251854792, -0.00138298620004, -0.00326251005754, 0.0140939857811, -0.00967759173363, 0.00245975982398, 0.00233521033078, -0.00303886132315, 0.00211908435449], [0.00152891513426, -0.00204098992981, 0.000830068194773, -0.00118534825742, -0.000482084869873, 0.00227974844165, 0.000444983801572, -0.00967759173363, 0.0196180120111, -0.00939835142344, 0.0012917239219, 0.0044749812223, -0.00291531905532], [-0.0014954485232, 0.00271690147929, -0.00125902157743, 0.00113404833246, -0.00302621722221, 0.000212996310438, 0.000273927726084, 0.00245975982398, -0.00939835142344, 0.0190766863525, -0.00929345656186, 0.00155666505452, 0.000466653116746], [0.0018921601586, -0.0032107308507, 0.00308602605946, -0.00269601563923, 0.00248861988075, -0.00285930326208, 0.000167813661392, 0.00233521033078, 0.0012917239219, -0.00929345656186, 0.0226940196007, -0.0113042192534, 0.00384757877328], [-0.00111842877232, 0.00203489162959, -0.00306785618886, 0.00152977509424, -0.0020588869229, 0.00234021316282, -0.00111919234041, -0.00303886132315, 0.0044749812223, 0.00155666505452, -0.0113042192534, 0.0227425266057, -0.0111561659724], [0.000691378721967, -0.00221395865083, 0.00170465779956, -0.00187508238014, 0.0014009088045, -0.000515859981533, 0.000767505145632, 0.00211908435449, -0.00291531905532, 0.000466653116746, 0.00384757877328, -0.0111561659724, 0.0170256569982]]}, "melbands": {"dmean": [0.00296688987873, 0.00599262258038, 0.00110697606578, 0.00103930116165, 0.000545253045857, 0.000112474597699, 0.000173606051248, 9.67961386777e-05, 0.000124429105199, 0.000108929976705, 7.85256634117e-05, 0.000117825096822, 7.51499319449e-05, 4.28995372204e-05, 4.44301949756e-05, 3.71638125216e-05, 2.14949195652e-05, 2.08122255572e-05, 7.07360914021e-06, 5.02269404024e-06, 4.94512596561e-06, 3.36046014127e-06, 3.01703062178e-06, 2.99498265122e-06, 1.607415129e-06, 1.70046666881e-06, 1.44163266214e-06, 1.1243012068e-06, 9.05276124286e-07, 8.82615836417e-07, 6.90156127803e-07, 8.38352946175e-07, 4.18074876052e-07, 3.77554385977e-07, 9.69051257016e-07, 5.33807565262e-07, 3.61996171705e-07, 2.5008083071e-07, 2.73623641078e-07, 1.37755398555e-06], "dmean2": [0.00479561416432, 0.0107353469357, 0.00187001924496, 0.00167764676735, 0.00087082159007, 0.000179370021215, 0.000265827722615, 0.000131574794068, 0.000157994509209, 0.000145619997056, 0.000110426546598, 0.000178297181264, 0.00011888298468, 6.36903860141e-05, 7.15527494322e-05, 5.9326957853e-05, 3.40808146575e-05, 3.29915237671e-05, 1.12791667561e-05, 7.86438067735e-06, 7.33487968319e-06, 5.35298386239e-06, 4.88126806886e-06, 4.78799211123e-06, 2.69957968158e-06, 2.88901333079e-06, 2.45036699198e-06, 1.84265581993e-06, 1.4656870917e-06, 1.41386476571e-06, 1.10858343305e-06, 1.39062103699e-06, 6.89143291766e-07, 6.23732375971e-07, 1.66069901297e-06, 8.60892498622e-07, 5.67540894281e-07, 3.77776899541e-07, 4.45447369657e-07, 2.41640418608e-06], "dvar": [4.51388004876e-05, 0.000238205873757, 4.05265109293e-06, 8.33327703731e-06, 1.78090510872e-06, 4.25720756425e-08, 8.63182734179e-08, 2.74326303895e-08, 5.05126358519e-08, 4.13760403717e-08, 3.88824332731e-08, 5.75456944318e-08, 2.89755206495e-08, 7.49099093866e-09, 4.52284654173e-09, 3.689476058e-09, 2.51706500087e-09, 5.20227461109e-09, 9.11860253971e-10, 2.27150825927e-10, 1.71137201632e-10, 4.21884957524e-11, 7.67534855117e-11, 1.83673673493e-10, 1.70971899832e-11, 1.83648651841e-11, 6.64221629088e-12, 6.25551260097e-12, 3.10827470533e-12, 2.15996664998e-12, 1.17035634656e-12, 1.78433841053e-12, 3.96200325152e-13, 3.74153399235e-13, 4.12660183802e-12, 8.10500755052e-13, 3.19055681397e-13, 1.93088939477e-13, 2.17764662639e-13, 1.14611115737e-11], "dvar2": [0.000115704489872, 0.000649042893201, 1.03427528302e-05, 2.10373345908e-05, 4.30610316471e-06, 1.05634285319e-07, 2.04002347459e-07, 4.26503596884e-08, 7.40740233596e-08, 7.21379365132e-08, 6.8824803634e-08, 1.31972967665e-07, 6.79705536299e-08, 1.67263625173e-08, 1.18659286841e-08, 9.73112079805e-09, 6.45012754319e-09, 1.27521255777e-08, 2.43144859802e-09, 4.53611564977e-10, 3.17006781936e-10, 8.86209647333e-11, 1.84033788209e-10, 4.73241279497e-10, 4.65984612008e-11, 5.05441626053e-11, 1.83211414789e-11, 1.63407568726e-11, 8.46501081037e-12, 5.99614758887e-12, 3.07443588816e-12, 4.75747349502e-12, 9.89965271217e-13, 9.60898569914e-13, 1.09965864539e-11, 1.92061015529e-12, 7.77515855518e-13, 4.66728001733e-13, 5.59450001516e-13, 3.08532852045e-11], "max": [0.0452892184258, 0.0972149223089, 0.0191373731941, 0.0347454473376, 0.0298679601401, 0.00339946616441, 0.00901127327234, 0.00446834275499, 0.00662639178336, 0.00513146258891, 0.0076261870563, 0.00526324193925, 0.00455942703411, 0.00154127273709, 0.000986559782177, 0.000777030421887, 0.0011340379715, 0.00315095600672, 0.00148995278869, 0.000888553855475, 0.000425232516136, 0.000192062710994, 0.00015295438061, 0.000413713714806, 9.57922893576e-05, 8.12980870251e-05, 3.92192814616e-05, 6.92809189786e-05, 4.87290817546e-05, 3.31325572915e-05, 1.88426147361e-05, 2.10321613849e-05, 1.56974801939e-05, 1.43253246279e-05, 2.53146790783e-05, 1.13855749078e-05, 1.15157308755e-05, 1.49032566696e-05, 1.18362413559e-05, 2.52359805017e-05], "mean": [0.00350085808896, 0.00506522879004, 0.00147524347994, 0.00140605226625, 0.000938365294132, 0.000305474997731, 0.000441272830358, 0.000243427319219, 0.000373067363398, 0.000302784901578, 0.000210806305404, 0.000266862945864, 0.000122068893688, 9.76239098236e-05, 7.21155665815e-05, 6.35410688119e-05, 4.52967469755e-05, 3.69776898879e-05, 1.2864215023e-05, 9.13604344532e-06, 9.61397654464e-06, 6.26818518867e-06, 4.85573991682e-06, 4.21911454396e-06, 2.50970879279e-06, 2.64372147285e-06, 2.48248306889e-06, 2.12107511288e-06, 1.72483601091e-06, 1.73377350166e-06, 1.25725080125e-06, 1.48051367432e-06, 7.97457971657e-07, 7.29924636289e-07, 1.29019770156e-06, 8.14781060399e-07, 6.71923260143e-07, 5.09619383138e-07, 4.36181949226e-07, 1.18513617053e-06], "median": [0.000478409521747, 0.00117698707618, 0.000913686235435, 0.000511195219588, 0.000438324728748, 0.000155686691869, 0.000192539009731, 0.000109150467324, 0.000130025000544, 8.18852859084e-05, 6.38551573502e-05, 0.000113345697173, 3.72676440747e-05, 2.05863998417e-05, 3.4784876334e-05, 2.29299639614e-05, 9.97738425212e-06, 1.11432218546e-05, 6.29683427178e-06, 4.22797802457e-06, 3.82942471333e-06, 3.59337082045e-06, 1.76859998646e-06, 1.77380684363e-06, 1.48484468809e-06, 1.31256047098e-06, 1.29384397951e-06, 8.32546220408e-07, 8.42497627218e-07, 8.65626475388e-07, 6.0413879055e-07, 5.70055249227e-07, 3.09918902985e-07, 2.63424738023e-07, 5.13878831043e-07, 3.18408638122e-07, 2.68086637334e-07, 1.81552593403e-07, 1.82449753083e-07, 2.67786504082e-07], "min": [3.37969910575e-23, 7.26206337799e-24, 9.01510084714e-24, 1.27152797444e-23, 4.42446483202e-24, 4.68107536803e-24, 8.60605122424e-24, 1.07385102784e-23, 1.5591816859e-23, 7.52380900406e-24, 3.60633758165e-24, 1.08054317156e-23, 5.30112911144e-24, 1.02730847109e-23, 1.53493573044e-23, 8.59059270594e-24, 5.66464607732e-24, 3.44373559971e-24, 7.46907231243e-24, 1.23225279877e-23, 1.78912974884e-23, 6.19218931351e-24, 8.65084116871e-24, 1.27519878089e-23, 1.98074516712e-23, 1.08796777263e-23, 9.50432713701e-24, 1.25481358958e-23, 1.06799704884e-23, 8.0060160096e-24, 1.30839120788e-23, 9.36807271488e-24, 1.08232473503e-23, 9.7099247993e-24, 9.71414047197e-24, 1.37286425746e-23, 1.2030183236e-23, 9.89253742139e-24, 7.95525044376e-24, 8.94965300214e-24], "var": [4.59716939076e-05, 0.0001591200853, 3.60020681001e-06, 8.28516749607e-06, 2.619276529e-06, 1.76615941427e-07, 5.56878319458e-07, 1.62596862197e-07, 4.49767270538e-07, 2.73251714589e-07, 2.38732894786e-07, 2.06082503951e-07, 6.32616590224e-08, 3.10498045053e-08, 8.31506952181e-09, 8.222812653e-09, 7.98467958418e-09, 1.13036842109e-08, 1.00021513294e-09, 5.92389193255e-10, 5.32453636737e-10, 9.99486188258e-11, 1.34880898117e-10, 2.0515485144e-10, 1.72230146811e-11, 2.22413164275e-11, 1.11612828355e-11, 1.35132773027e-11, 6.21617384303e-12, 5.4526166568e-12, 2.76384535917e-12, 5.30994345715e-12, 1.39976116635e-12, 1.24155243378e-12, 4.28470670402e-12, 1.39693269972e-12, 1.00043172531e-12, 8.40399147842e-13, 4.14009972138e-13, 8.24873069155e-12]}, "mfcc": {"mean": [-657.112731934, 144.239578247, 16.5808467865, 9.01278972626, 0.576384246349, 7.67387962341, 4.90156698227, 1.73168408871, 1.91405367851, 0.765400707722, -2.12200307846, -1.397985816, -2.85265994072], "cov": [[4846.47314453, 459.386932373, 577.197387695, 57.9424514771, 103.394447327, 139.978912354, 82.2926025391, 128.789825439, 10.4601697922, -45.5932388306, -34.5071105957, -106.757614136, -91.6608200073], [459.386932373, 1513.28674316, -119.078147888, -4.05975818634, 136.922393799, 59.1309700012, 33.9455718994, 43.067905426, 53.5964851379, -24.7604141235, 23.0469722748, 20.2881584167, -6.27585124969], [577.197387695, -119.078147888, 489.449859619, 10.2385139465, 56.9755325317, 56.5694160461, 42.0266609192, 62.6630821228, 25.3107051849, -30.5677909851, -10.5542058945, -19.2328948975, -1.67528474331], [57.9424514771, -4.05975818634, 10.2385139465, 288.147583008, 48.643196106, 24.4223365784, 26.3036308289, 22.1008396149, 54.5557785034, 24.4118061066, 7.11296749115, 35.7135124207, 25.5346565247], [103.394447327, 136.922393799, 56.9755325317, 48.643196106, 169.55682373, 80.565536499, 34.6716918945, 14.0529298782, 16.384349823, 5.09832811356, 27.7212238312, 4.62966251373, -1.99064338207], [139.978912354, 59.1309700012, 56.5694160461, 24.4223365784, 80.565536499, 165.667404175, 92.8994140625, 20.4809989929, -1.32955670357, 0.413299500942, 28.760509491, 10.8550453186, -19.5935516357], [82.2926025391, 33.9455718994, 42.0266609192, 26.3036308289, 34.6716918945, 92.8994140625, 134.31187439, 55.6474151611, 7.44408035278, -6.25958442688, 20.7513885498, 7.44666671753, -12.2704639435], [128.789825439, 43.067905426, 62.6630821228, 22.1008396149, 14.0529298782, 20.4809989929, 55.6474151611, 121.181129456, 54.4663734436, 8.09776878357, 1.34450960159, 5.91265153885, 9.6881685257], [10.4601697922, 53.5964851379, 25.3107051849, 54.5557785034, 16.384349823, -1.32955670357, 7.44408035278, 54.4663734436, 121.381820679, 45.2542572021, 10.7848062515, 11.7537622452, 11.1102733612], [-45.5932388306, -24.7604141235, -30.5677909851, 24.4118061066, 5.09832811356, 0.413299500942, -6.25958442688, 8.09776878357, 45.2542572021, 120.82043457, 58.9512138367, 8.58976078033, -11.7675447464], [-34.5071105957, 23.0469722748, -10.5542058945, 7.11296749115, 27.7212238312, 28.760509491, 20.7513885498, 1.34450960159, 10.7848062515, 58.9512138367, 115.645553589, 44.6876220703, -17.3251113892], [-106.757614136, 20.2881584167, -19.2328948975, 35.7135124207, 4.62966251373, 10.8550453186, 7.44666671753, 5.91265153885, 11.7537622452, 8.58976078033, 44.6876220703, 113.989761353, 56.9084663391], [-91.6608200073, -6.27585124969, -1.67528474331, 25.5346565247, -1.99064338207, -19.5935516357, -12.2704639435, 9.6881685257, 11.1102733612, -11.7675447464, -17.3251113892, 56.9084663391, 136.291397095]], "icov": [[0.000269254815066, -0.000120386015624, -0.000330221169861, -0.000114892332931, 0.000119951233501, -0.000173258886207, 0.000148788676597, -0.000213318868191, 0.000211930513615, -6.07178699283e-05, 2.37547483266e-05, 0.000190692328033, 9.92869099719e-05], [-0.000120386015624, 0.000846925599035, 0.000506698677782, 0.000242796202656, -0.000783393392339, 3.17017038469e-05, -9.37592062655e-07, -0.000164099386893, -0.000583823479246, 0.000558398140129, -0.00013927895634, -0.000182873598533, 7.79293550295e-05], [-0.000330221169861, 0.000506698677782, 0.00295203272253, 0.000250870682066, -0.000904014275875, -0.000507812597789, 0.000229377968935, -0.00103579135612, -0.000796340405941, 0.00122506276239, -0.000375007512048, 0.00040400470607, -0.000247069896432], [-0.000114892332931, 0.000242796202656, 0.000250870682066, 0.00432602176443, -0.00143205549102, 0.000417507108068, -0.00115321471822, 0.0006799941184, -0.0018325294368, -0.000658101285808, 0.00123685179278, -0.00162201665808, -5.9493639128e-05], [0.000119951233501, -0.000783393392339, -0.000904014275875, -0.00143205549102, 0.00940597523004, -0.00469674635679, 0.0017790812999, -9.59976241575e-05, -0.000380227254936, 0.000785451324191, -0.0025362293236, 0.00204955413938, -0.00114842935], [-0.000173258886207, 3.17017038469e-05, -0.000507812597789, 0.000417507108068, -0.00469674635679, 0.01343047712, -0.00888025946915, 0.00254041189328, 0.000461360788904, -0.000957513344474, 0.000657653785311, -0.00199603871442, 0.00147934968118], [0.000148788676597, -9.37592062655e-07, 0.000229377968935, -0.00115321471822, 0.0017790812999, -0.00888025946915, 0.0166418664157, -0.00735596148297, 0.0016342906747, 0.00232172990218, -0.00272211385891, 0.00117023393977, 0.000321992702084], [-0.000213318868191, -0.000164099386893, -0.00103579135612, 0.0006799941184, -9.59976241575e-05, 0.00254041189328, -0.00735596148297, 0.0146943442523, -0.00599419046193, -0.000223202136112, 0.00109722453635, -0.000456624111393, -0.000834633654449], [0.000211930513615, -0.000583823479246, -0.000796340405941, -0.0018325294368, -0.000380227254936, 0.000461360788904, 0.0016342906747, -0.00599419046193, 0.0140587780625, -0.00542971445248, 0.00175558251794, -0.000829860102385, 3.80078126909e-05], [-6.07178699283e-05, 0.000558398140129, 0.00122506276239, -0.000658101285808, 0.000785451324191, -0.000957513344474, 0.00232172990218, -0.000223202136112, -0.00542971445248, 0.0149758430198, -0.00885496940464, 0.00336464191787, -0.000572935270611], [2.37547483266e-05, -0.00013927895634, -0.000375007512048, 0.00123685179278, -0.0025362293236, 0.000657653785311, -0.00272211385891, 0.00109722453635, 0.00175558251794, -0.00885496940464, 0.018125616014, -0.00923941563815, 0.0047620087862], [0.000190692328033, -0.000182873598533, 0.00040400470607, -0.00162201665808, 0.00204955413938, -0.00199603871442, 0.00117023393977, -0.000456624111393, -0.000829860102385, 0.00336464191787, -0.00923941563815, 0.0168298184872, -0.0075341523625], [9.92869099719e-05, 7.79293550295e-05, -0.000247069896432, -5.9493639128e-05, -0.00114842935, 0.00147934968118, 0.000321992702084, -0.000834633654449, 3.80078126909e-05, -0.000572935270611, 0.0047620087862, -0.0075341523625, 0.0113985678181]]}, "spectral_contrast_coeffs": {"dmean": [0.0534885898232, 0.0411953926086, 0.0436534062028, 0.0327791050076, 0.0228167604655, 0.0186307355762], "dmean2": [0.0880925357342, 0.0648024976254, 0.0682742744684, 0.0530012100935, 0.0369994305074, 0.0309274401516], "dvar": [0.00257303821854, 0.00126430147793, 0.00139882601798, 0.000736636633519, 0.000427281658631, 0.000306954985717], "dvar2": [0.00638772780076, 0.00306107662618, 0.00329324114136, 0.00177836290095, 0.00102384400088, 0.000754728738684], "max": [-0.198133975267, -0.434238255024, -0.39646935463, -0.540739953518, -0.600784063339, -0.624311685562], "mean": [-0.624901413918, -0.674291908741, -0.667253017426, -0.750342607498, -0.800224661827, -0.782212674618], "median": [-0.626194834709, -0.673509418964, -0.664349079132, -0.754031658173, -0.805602610111, -0.785357236862], "min": [-0.973669588566, -0.956976115704, -0.966271936893, -0.956721901894, -0.96368008852, -0.957549750805], "var": [0.00811406690627, 0.00542091019452, 0.00652962736785, 0.00372321857139, 0.00160107424017, 0.00106362230144]}, "spectral_contrast_valleys": {"dmean": [0.461793541908, 0.347246617079, 0.369672417641, 0.330680042505, 0.331510335207, 0.420953333378], "dmean2": [0.725978136063, 0.544290661812, 0.568221688271, 0.508909761906, 0.494327634573, 0.585080087185], "dvar": [0.265603452921, 0.144953727722, 0.164278030396, 0.137838736176, 0.15214176476, 0.239142552018], "dvar2": [0.491587102413, 0.25393140316, 0.299175679684, 0.227863401175, 0.258874952793, 0.464440047741], "max": [-4.67355918884, -4.89104175568, -5.50077867508, -5.48303985596, -6.200