{"lowlevel": {"average_loudness": 0.897994458675, "barkbands_crest": {"dmean": 1.71980154514, "dmean2": 2.74208140373, "dvar": 9.5778427124, "dvar2": 21.7860908508, "max": 26.0059585571, "mean": 16.9172229767, "median": 18.597442627, "min": 2.45843076706, "var": 52.050365448}, "barkbands_flatness_db": {"dmean": 0.0370604470372, "dmean2": 0.0516635552049, "dvar": 0.00257651251741, "dvar2": 0.00422238698229, "max": 0.707499682903, "mean": 0.277043938637, "median": 0.25723361969, "min": 0.0225378330797, "var": 0.0185696538538}, "barkbands_kurtosis": {"dmean": 50.6480751038, "dmean2": 79.4254379272, "dvar": 21108.5644531, "dvar2": 43959.5625, "max": 2156.40356445, "mean": 99.7423477173, "median": 10.8223295212, "min": -1.88915932178, "var": 42232.2226562}, "barkbands_skewness": {"dmean": 1.6655267477, "dmean2": 2.50008320808, "dvar": 12.2929973602, "dvar2": 23.0608253479, "max": 38.3478431702, "mean": 5.5728302002, "median": 2.97618532181, "min": -2.06713485718, "var": 36.2775993347}, "barkbands_spread": {"dmean": 5.3457903862, "dmean2": 7.58733606339, "dvar": 100.840415955, "dvar2": 181.585800171, "max": 120.828941345, "mean": 12.3966960907, "median": 6.99340438843, "min": 0.0586490780115, "var": 301.590209961}, "dissonance": {"dmean": 0.0222988538444, "dmean2": 0.0360500924289, "dvar": 0.000545814807992, "dvar2": 0.00138311902992, "max": 0.499999970198, "mean": 0.436595261097, "median": 0.443042159081, "min": 0.273567438126, "var": 0.00167114462238}, "dynamic_complexity": 4.99213790894, "erbbands_crest": {"dmean": 2.33179163933, "dmean2": 3.61535739899, "dvar": 8.3545923233, "dvar2": 19.2287368774, "max": 31.9988594055, "mean": 11.0857038498, "median": 10.2421875, "min": 2.31618189812, "var": 25.4048748016}, "erbbands_flatness_db": {"dmean": 0.0275321677327, "dmean2": 0.0377083495259, "dvar": 0.00102948548738, "dvar2": 0.00178749090992, "max": 0.545219063759, "mean": 0.18393535912, "median": 0.178328379989, "min": 0.0308852009475, "var": 0.00671748211607}, "erbbands_kurtosis": {"dmean": 1.42533910275, "dmean2": 2.27953004837, "dvar": 6.44831609726, "dvar2": 16.6748657227, "max": 67.7242126465, "mean": 1.22915136814, "median": 0.31920337677, "min": -1.83965659142, "var": 11.6103448868}, "erbbands_skewness": {"dmean": 0.432942867279, "dmean2": 0.617367267609, "dvar": 0.237249404192, "dvar2": 0.484857708216, "max": 7.03756713867, "mean": 0.605395615101, "median": 0.555954277515, "min": -3.63662743568, "var": 0.957499206066}, "erbbands_spread": {"dmean": 13.7371025085, "dmean2": 20.7466430664, "dvar": 316.352142334, "dvar2": 691.419067383, "max": 184.477676392, "mean": 38.8782730103, "median": 30.3648033142, "min": 3.86121058464, "var": 644.006408691}, "hfc": {"dmean": 7.55994749069, "dmean2": 10.1168365479, "dvar": 327.69833374, "dvar2": 566.840209961, "max": 224.648727417, "mean": 14.4828233719, "median": 6.10885810852, "min": 1.20095295877e-16, "var": 632.53326416}, "melbands_crest": {"dmean": 2.38370299339, "dmean2": 3.76144719124, "dvar": 14.0335168839, "dvar2": 32.7067909241, "max": 35.8886070251, "mean": 24.1148529053, "median": 28.4836044312, "min": 2.22236299515, "var": 102.71900177}, "melbands_flatness_db": {"dmean": 0.0452299788594, "dmean2": 0.060807723552, "dvar": 0.00353732286021, "dvar2": 0.00568842235953, "max": 0.867603480816, "mean": 0.377392828465, "median": 0.353291213512, "min": 0.00683584855869, "var": 0.0251874141395}, "melbands_kurtosis": {"dmean": 67.1547393799, "dmean2": 106.546035767, "dvar": 26744.9179688, "dvar2": 59662.0546875, "max": 1978.11022949, "mean": 117.620063782, "median": 26.1257514954, "min": -1.85870277882, "var": 40918.9609375}, "melbands_skewness": {"dmean": 1.6166267395, "dmean2": 2.46664953232, "dvar": 7.54675292969, "dvar2": 15.8162298203, "max": 35.5991401672, "mean": 6.12522411346, "median": 4.24275779724, "min": -0.763594150543, "var": 25.0523109436}, "melbands_spread": {"dmean": 4.52691364288, "dmean2": 6.19905567169, "dvar": 110.969818115, "dvar2": 176.020980835, "max": 216.782501221, "mean": 11.0698213577, "median": 6.11374092102, "min": 0.130989819765, "var": 343.055328369}, "pitch_salience": {"dmean": 0.0656615272164, "dmean2": 0.105979084969, "dvar": 0.0128510082141, "dvar2": 0.0296722613275, "max": 0.88429671526, "mean": 0.327176809311, "median": 0.324689924717, "min": 0.0176943801343, "var": 0.047405462712}, "silence_rate_20dB": {"dmean": 0.0684410631657, "dmean2": 0.13689891994, "dvar": 0.0637533068657, "dvar2": 0.142946496606, "max": 1, "mean": 0.899803757668, "median": 1, "min": 0, "var": 0.0901477858424}, "silence_rate_30dB": {"dmean": 0.0615724287927, "dmean2": 0.123159959912, "dvar": 0.0577768459916, "dvar2": 0.115609757602, "max": 1, "mean": 0.662742197514, "median": 1, "min": 0, "var": 0.223522245884}, "silence_rate_60dB": {"dmean": 0.0375321954489, "dmean2": 0.0750735998154, "dvar": 0.0361213721335, "dvar2": 0.0733645632863, "max": 1, "mean": 0.15636497736, "median": 0, "min": 0, "var": 0.131923928857}, "spectral_centroid": {"dmean": 247.435073853, "dmean2": 336.601135254, "dvar": 159858.203125, "dvar2": 242058.984375, "max": 10741.0917969, "mean": 882.835998535, "median": 593.858764648, "min": 64.5852203369, "var": 661661.3125}, "spectral_complexity": {"dmean": 2.84582352638, "dmean2": 4.27894973755, "dvar": 38.3523597717, "dvar2": 58.9983634949, "max": 65, "mean": 10.0018396378, "median": 8, "min": 0, "var": 93.7464294434}, "spectral_decrease": {"dmean": 6.11840444975e-09, "dmean2": 7.52294138096e-09, "dvar": 2.24419129444e-16, "dvar2": 3.62796519757e-16, "max": 3.4498981473e-29, "mean": -2.70107438638e-08, "median": -6.34142782729e-09, "min": -1.33712873662e-07, "var": 1.22669545471e-15}, "spectral_energy": {"dmean": 0.0234646983445, "dmean2": 0.0288919322193, "dvar": 0.00325644365512, "dvar2": 0.00529276300222, "max": 0.507264554501, "mean": 0.10325845331, "median": 0.0247878134251, "min": 1.0762795109e-20, "var": 0.0176613591611}, "spectral_energyband_high": {"dmean": 0.000562314060517, "dmean2": 0.000724340090528, "dvar": 2.93724656331e-06, "dvar2": 4.76028344565e-06, "max": 0.0234910901636, "mean": 0.000709853426088, "median": 1.75729182956e-05, "min": 7.86107863966e-21, "var": 5.65491882298e-06}, "spectral_energyband_low": {"dmean": 0.0224122591317, "dmean2": 0.0263687968254, "dvar": 0.00294526363723, "dvar2": 0.00458630220965, "max": 0.505612969398, "mean": 0.0967910736799, "median": 0.0196458660066, "min": 6.03710580709e-23, "var": 0.017162617296}, "spectral_energyband_middle_high": {"dmean": 0.000733894354198, "dmean2": 0.00103652116377, "dvar": 4.98021654494e-06, "dvar2": 8.08185723145e-06, "max": 0.0289588235319, "mean": 0.00111206970178, "median": 0.000407452491345, "min": 1.36241675402e-21, "var": 8.41591281642e-06}, "spectral_energyband_middle_low": {"dmean": 0.00605975743383, "dmean2": 0.0114291124046, "dvar": 0.000518154061865, "dvar2": 0.00151592865586, "max": 0.16167126596, "mean": 0.00553904846311, "median": 0.00240861391649, "min": 3.13215392261e-22, "var": 0.000276390463114}, "spectral_entropy": {"dmean": 0.34225833416, "dmean2": 0.495921015739, "dvar": 0.191443040967, "dvar2": 0.371981859207, "max": 9.79756546021, "mean": 6.93669366837, "median": 6.7146935463, "min": 4.32353210449, "var": 0.745979964733}, "spectral_flux": {"dmean": 0.0418371967971, "dmean2": 0.0640428811312, "dvar": 0.0104802781716, "dvar2": 0.0189680140465, "max": 0.706263065338, "mean": 0.0681132674217, "median": 0.0358504578471, "min": 1.0374388848e-10, "var": 0.0132876448333}, "spectral_kurtosis": {"dmean": 8.52812862396, "dmean2": 13.5268449783, "dvar": 145.147979736, "dvar2": 328.168731689, "max": 138.437728882, "mean": 14.4959402084, "median": 7.33585739136, "min": -1.24219417572, "var": 325.237976074}, "spectral_rms": {"dmean": 0.00109452928882, "dmean2": 0.00130564288702, "dvar": 5.54490634386e-06, "dvar2": 8.94278946362e-06, "max": 0.0222461745143, "mean": 0.00772338826209, "median": 0.00491764489561, "min": 3.24041466403e-12, "var": 4.10890534113e-05}, "spectral_rolloff": {"dmean": 347.689422607, "dmean2": 535.3671875, "dvar": 1097929.375, "dvar2": 2276800.75, "max": 19078.4179688, "mean": 724.228393555, "median": 215.33203125, "min": 64.599609375, "var": 2007106}, "spectral_skewness": {"dmean": 0.738985419273, "dmean2": 1.12745630741, "dvar": 0.683177113533, "dvar2": 1.51652121544, "max": 9.3481798172, "mean": 2.45800495148, "median": 2.18734502792, "min": -0.119758099318, "var": 1.82099759579}, "spectral_spread": {"dmean": 1409871.875, "dmean2": 1999204.75, "dvar": 3464342798340.0, "dvar2": 5492882538500.0, "max": 41689972, "mean": 4599515, "median": 3814763, "min": 619272.5625, "var": 9669080776700.0}, "spectral_strongpeak": {"dmean": 0.150404915214, "dmean2": 0.21573074162, "dvar": 0.0856294706464, "dvar2": 0.222930669785, "max": 7.63874864578, "mean": 0.644172847271, "median": 0.533253312111, "min": 0, "var": 0.233172148466}, "zerocrossingrate": {"dmean": 0.0107619510964, "dmean2": 0.0127576654777, "dvar": 0.000322317588143, "dvar2": 0.000371330184862, "max": 0.5224609375, "mean": 0.0323048271239, "median": 0.0205078125, "min": 0.001953125, "var": 0.00158604665194}, "barkbands": {"dmean": [0.00146714167204, 0.0211257208139, 0.0040972805582, 0.00287228776142, 0.00220775208436, 0.000658462638967, 0.000330677663442, 0.000167744437931, 0.000130378641188, 4.64154181827e-05, 6.02709151281e-05, 8.02302602096e-05, 7.0210386184e-05, 4.02086152462e-05, 4.38206407125e-05, 5.98791084485e-05, 0.000115009948786, 8.59869614942e-05, 0.000213084567804, 0.000117652249173, 0.000133851222927, 0.000106872299511, 9.26145221456e-05, 5.81374551984e-05, 6.17519617663e-05, 4.01285360567e-05, 1.12024044938e-05], "dmean2": [0.00188247393817, 0.02495601587, 0.00791446585208, 0.00556004466489, 0.00413621496409, 0.00122438685503, 0.000616620120127, 0.000248008960625, 0.000197189699975, 8.02165232017e-05, 9.9240707641e-05, 0.000120906101074, 0.000107253232272, 6.16039978922e-05, 6.87901847414e-05, 8.20631175884e-05, 0.000180740986252, 0.000123611898744, 0.000303037493723, 0.000170055267517, 0.000193280851818, 0.000154122812091, 0.000129892141558, 7.80484624556e-05, 7.74686632212e-05, 4.99708185089e-05, 1.4570953681e-05], "dvar": [6.81827714288e-06, 0.00280616921373, 0.000321910862112, 0.000138786475873, 5.90136260143e-05, 4.96655457027e-06, 1.31670481096e-06, 1.39738844496e-07, 8.27209234444e-08, 1.17156684354e-08, 2.28023147031e-08, 2.58407819587e-08, 3.12307228967e-08, 1.02185619966e-08, 1.57361075281e-08, 4.96728489452e-08, 1.18939283311e-07, 9.13769540034e-08, 8.18761748178e-07, 1.97898529564e-07, 2.5303566531e-07, 1.4520435343e-07, 7.03541971347e-08, 2.14884003924e-08, 2.23314433612e-08, 8.7640383839e-09, 7.34261318414e-10], "dvar2": [1.5147384147e-05, 0.00481983181089, 0.000946795626078, 0.000405879749451, 0.000171987747308, 1.4522197489e-05, 3.85223165722e-06, 3.1838067116e-07, 1.86710494177e-07, 3.28913678516e-08, 5.9014816145e-08, 5.07441129116e-08, 6.18562481236e-08, 1.96897307347e-08, 3.66449128819e-08, 9.86066623909e-08, 2.21478430262e-07, 1.53791418711e-07, 1.61554783062e-06, 3.21652180446e-07, 5.4691281548e-07, 2.33715184095e-07, 1.22466076391e-07, 2.88463457565e-08, 2.74636224873e-08, 1.15883986851e-08, 1.20736942666e-09], "max": [0.0268003810197, 0.48166769743, 0.138813376427, 0.0870949774981, 0.0602387525141, 0.0178612004966, 0.0112513927743, 0.0053797243163, 0.0111988242716, 0.000910253904294, 0.0021758233197, 0.0062817921862, 0.00251151248813, 0.00196581962518, 0.00143569521606, 0.0027730804868, 0.00478296680376, 0.00375576689839, 0.012333502993, 0.00666292570531, 0.00669887382537, 0.00527092209086, 0.00371369672939, 0.00212172558531, 0.00208375533111, 0.0011289191898, 0.000243499365752], "mean": [0.00542069738731, 0.0876391753554, 0.0028517358005, 0.00165595219005, 0.00187600671779, 0.000696285569575, 0.000364300562069, 0.000576227437705, 0.000351988448529, 7.06247665221e-05, 0.000104460195871, 0.000118829178973, 0.000137006718433, 6.08896880294e-05, 6.17244368186e-05, 7.02995530446e-05, 0.000132820510771, 0.00010693049262, 0.000200934242457, 0.000140121628647, 0.00013515156752, 0.000135133988806, 0.000110509063234, 7.62231647968e-05, 9.0440371423e-05, 6.0619564465e-05, 1.30789276227e-05], "median": [0.00160191720352, 0.0159653872252, 0.000609631824773, 9.9164150015e-05, 0.000599470571615, 0.000262190238573, 0.000117872594274, 0.000274295656709, 0.000152679800522, 3.52870665665e-05, 5.52544006496e-05, 5.29112367076e-05, 5.21838082932e-05, 1.67366561072e-05, 1.81704235729e-05, 1.21313823911e-05, 2.00307404157e-05, 4.81236111227e-06, 6.57856617181e-06, 2.70639066002e-06, 3.85466273656e-06, 3.02208991343e-06, 2.70688224191e-06, 1.8257562715e-06, 1.64965035765e-06, 6.46454410003e-08, 2.53297667285e-08], "min": [1.18458938112e-22, 9.27896456475e-24, 7.4778846776e-24, 1.13937547124e-23, 3.67799234202e-23, 1.10664020492e-22, 5.87584433649e-23, 5.3391077942e-23, 3.48361796161e-23, 1.42437633814e-22, 6.42276349535e-23, 8.99908854849e-23, 1.66988398824e-22, 5.08953050536e-23, 9.14336994588e-23, 1.09859306638e-22, 9.04776442179e-23, 2.20174814692e-22, 2.26505619094e-22, 2.41361371931e-22, 3.76970322827e-22, 5.21258737921e-22, 8.75742132572e-22, 8.1592501894e-22, 1.29148773306e-21, 1.80773012342e-21, 2.2444178731e-21], "var": [4.6012319217e-05, 0.0149100180715, 0.000170759798493, 7.3538714787e-05, 3.22404121107e-05, 2.85968417302e-06, 8.09365815257e-07, 5.32570425094e-07, 2.67443482471e-07, 1.13224816189e-08, 2.83920051913e-08, 4.66016985001e-08, 5.68802498435e-08, 1.72951128974e-08, 2.29415402231e-08, 6.73949287489e-08, 1.70673558841e-07, 1.58729477562e-07, 9.53208825649e-07, 3.24037870314e-07, 3.06940449946e-07, 2.57525840652e-07, 1.29678326743e-07, 5.05399526674e-08, 6.4041763892e-08, 2.63514827736e-08, 1.15480058849e-09]}, "erbbands": {"dmean": [0.994462192059, 3.63041305542, 4.63298797607, 8.00355434418, 9.32336044312, 6.64482736588, 4.46980524063, 6.01496648788, 5.64484453201, 3.19911909103, 3.74055314064, 3.4288828373, 1.38901948929, 1.87779247761, 2.72307682037, 3.69756913185, 3.17305278778, 2.08155989647, 2.36485743523, 2.76057553291, 3.97430944443, 5.55490970612, 5.05454730988, 5.92750072479, 11.9913425446, 6.18320560455, 5.45733642578, 5.21051502228, 3.28961920738, 4.33666038513, 2.43466734886, 1.49121546745, 0.900791227818, 0.671071767807, 0.466140538454, 0.226004853845, 0.0659986063838, 0.0127920871601, 0.0017832738813, 0.000133282315801], "dmean2": [1.15629017353, 4.57549333572, 8.55517959595, 15.4706907272, 17.7060222626, 12.484746933, 8.15866279602, 11.3145771027, 10.5864105225, 5.68757677078, 5.47887277603, 4.92586612701, 2.30074810982, 3.25915575027, 4.33171892166, 5.67554712296, 4.80890083313, 3.07587599754, 3.52591323853, 4.45172929764, 6.18491983414, 8.76356124878, 7.49657201767, 8.16915225983, 17.4454078674, 8.66090583801, 7.68790006638, 7.26378393173, 4.55035734177, 6.27176952362, 3.43059134483, 1.98460221291, 1.31466770172, 0.895200490952, 0.580326974392, 0.259841442108, 0.0878028944135, 0.0166353117675, 0.00230315187946, 0.000166091034771], "dvar": [5.68228578568, 103.661521912, 370.195617676, 1157.6628418, 1188.89978027, 513.72668457, 176.964797974, 435.704864502, 444.866821289, 83.8838043213, 71.8256759644, 56.0677642822, 9.80756950378, 29.7983150482, 43.6762580872, 48.4470024109, 55.7397766113, 27.83070755, 34.3195571899, 108.86075592, 176.149749756, 326.09387207, 357.197662354, 444.348754883, 2689.03051758, 539.851989746, 388.580596924, 388.95010376, 128.061416626, 248.267059326, 44.5888519287, 15.8193149567, 4.82319927216, 2.43968820572, 1.51749002934, 0.318438768387, 0.0225585289299, 0.000818725326099, 1.7595004465e-05, 8.08276965358e-08], "dvar2": [9.59065914154, 215.865768433, 1073.04577637, 3389.80004883, 3456.27905273, 1504.44543457, 516.942565918, 1274.76733398, 1306.03820801, 235.153701782, 160.30255127, 115.510025024, 27.1944274902, 83.4145431519, 92.3466415405, 104.082130432, 111.10496521, 48.2718696594, 60.1457328796, 278.429840088, 280.245239258, 627.186340332, 599.577758789, 743.110107422, 5383.07861328, 854.341918945, 736.175476074, 837.108276367, 242.055923462, 429.160888672, 70.6276168823, 22.1749000549, 7.98549985886, 3.419059515, 1.89860332012, 0.372917830944, 0.0364266820252, 0.00125901773572, 2.88783139695e-05, 1.31692090122e-07], "max": [22.6976585388, 92.5928192139, 152.5962677, 254.545089722, 240.01385498, 189.12651062, 104.962257385, 170.457870483, 192.362579346, 124.202613831, 142.790527344, 359.2706604, 56.8599739075, 60.4937744141, 311.526641846, 93.4957809448, 99.6233444214, 79.7896575928, 71.8995819092, 115.288208008, 183.042129517, 207.097183228, 228.94354248, 288.342712402, 668.580688477, 304.666503906, 233.600708008, 291.310760498, 166.515884399, 209.444000244, 94.0880966187, 58.054359436, 27.675245285, 21.8831157684, 19.4213981628, 7.19779539108, 2.01808738708, 0.29152327776, 0.0369806103408, 0.00276171020232], "mean": [4.36114597321, 12.3051643372, 4.47439146042, 5.00694990158, 6.11838579178, 6.03254938126, 5.37128210068, 5.92915391922, 5.82195901871, 7.7317237854, 11.1197414398, 10.3954916, 3.01563668251, 2.74111771584, 5.07470655441, 6.00307321548, 6.3708281517, 3.16415214539, 3.64816069603, 3.33430576324, 5.1230635643, 6.34382343292, 6.14760398865, 6.53955841064, 11.2988605499, 7.11432504654, 5.78519439697, 5.43692970276, 3.89602684975, 4.95926713943, 2.98309445381, 1.9188991785, 1.18868255615, 0.866102695465, 0.731789767742, 0.350391447544, 0.0933334156871, 0.0175617709756, 0.00213458645158, 0.000236771302298], "median": [0.844273805618, 1.83649408817, 1.10565948486, 0.775741219521, 0.793777346611, 2.08637166023, 2.42775535583, 1.99406147003, 2.02330446243, 2.87897109985, 5.27308273315, 5.58062362671, 1.62712025642, 1.35830974579, 2.72695732117, 3.02710580826, 2.53325104713, 1.01786780357, 1.2873852253, 0.740870952606, 1.03551864624, 0.805560469627, 0.3366779387, 0.219796895981, 0.397462546825, 0.168083757162, 0.183400660753, 0.100530780852, 0.114824101329, 0.0696227103472, 0.0859931856394, 0.0521772801876, 0.026984076947, 0.0168138071895, 0.0105698406696, 0.00181946414523, 0.000270294462098, 3.68359251297e-05, 8.22853253339e-05, 7.01272656443e-05], "min": [9.1114600805e-22, 8.86887664312e-22, 5.37071852352e-21, 2.61091094676e-20, 6.86602559919e-20, 1.92181443729e-19, 5.64410664351e-19, 7.75973479745e-19, 4.23736529519e-19, 1.61002372389e-18, 9.86883753033e-19, 7.54171842232e-19, 2.20509290707e-18, 5.04747222782e-18, 2.68575039702e-18, 3.50447598294e-18, 7.33656594648e-18, 4.12167969213e-18, 3.35705688815e-18, 6.55384918698e-18, 4.75364816166e-18, 4.83757225225e-18, 9.69975230055e-18, 1.06110530455e-17, 1.35805239111e-17, 1.05374968367e-17, 1.21974994336e-17, 2.04023899563e-17, 1.657413687e-17, 2.05258962935e-17, 2.37200558833e-17, 1.89332510139e-17, 1.38358729118e-17, 1.49113632181e-17, 9.73763138234e-18, 7.47955817743e-18, 2.86453948937e-18, 1.16822852328e-18, 3.12888769818e-19, 3.73349811245e-20], "var": [35.6533622742, 336.781188965, 219.306671143, 613.764587402, 643.450134277, 281.2628479, 105.768608093, 245.740432739, 257.512207031, 135.76725769, 235.959838867, 211.414505005, 14.3287172318, 24.5060424805, 84.8827362061, 78.6141052246, 111.28427124, 48.8363113403, 63.427822113, 112.602592468, 280.134521484, 459.460266113, 574.159301758, 706.586853027, 3029.70800781, 873.924316406, 545.688476562, 492.518890381, 204.856231689, 383.912506104, 89.7179718018, 35.5166702271, 10.6655311584, 5.59231424332, 4.55137777328, 1.05860388279, 0.0537205561996, 0.00172323023435, 2.82910732494e-05, 1.37999805361e-07]}, "gfcc": {"mean": [-93.7765960693, 129.035812378, -85.2839279175, 23.7605209351, -36.2701148987, 15.353094101, -17.7886276245, 7.30730199814, -7.21880674362, 3.72761392593, -2.92809391022, -1.51283991337, -3.71536064148], "cov": [[12581.5361328, -3913.70166016, 2449.04370117, 1452.91589355, -860.904296875, 1127.73046875, -539.833007812, 944.457092285, -132.697525024, 594.546813965, -333.340667725, 575.524902344, -67.7217483521], [-3913.70166016, 5234.80517578, -1044.39135742, -1145.31274414, 760.080383301, -1035.48937988, 487.600158691, -658.471557617, 458.023101807, -501.152191162, 246.953872681, -585.336242676, 260.683776855], [2449.04370117, -1044.39135742, 2024.45361328, 333.433776855, 259.266326904, 727.002929688, 210.134613037, 566.891235352, 309.41619873, 360.685760498, 87.5037689209, 249.169662476, 117.741127014], [1452.91589355, -1145.31274414, 333.433776855, 743.808898926, -184.154800415, 401.908355713, -10.4978218079, 197.242858887, -7.38048505783, 118.129302979, 42.6578178406, 121.646606445, 55.145362854], [-860.904296875, 760.080383301, 259.266326904, -184.154800415, 725.869445801, -94.1566619873, 368.98449707, 59.8160705566, 220.462600708, 34.6218147278, 170.895263672, 31.0039768219, 85.1281967163], [1127.73046875, -1035.48937988, 727.002929688, 401.908355713, -94.1566619873, 621.540039062, 58.3499107361, 299.607635498, 116.62336731, 194.294723511, 83.7302474976, 135.825958252, 74.6951446533], [-539.833007812, 487.600158691, 210.134613037, -10.4978218079, 368.98449707, 58.3499107361, 327.249053955, 68.3663635254, 205.154678345, 35.3972969055, 140.642120361, -1.38497722149, 104.063743591], [944.457092285, -658.471557617, 566.891235352, 197.242858887, 59.8160705566, 299.607635498, 68.3663635254, 298.3203125, 88.1371917725, 142.337127686, 19.2977771759, 142.465789795, 37.6192054749], [-132.697525024, 458.023101807, 309.41619873, -7.38048505783, 220.462600708, 116.62336731, 205.154678345, 88.1371917725, 260.577514648, 37.4226036072, 118.142700195, -21.3166446686, 129.370178223], [594.546813965, -501.152191162, 360.685760498, 118.129302979, 34.6218147278, 194.294723511, 35.3972969055, 142.337127686, 37.4226036072, 162.531677246, 29.9518375397, 92.6610412598, -4.67391967773], [-333.340667725, 246.953872681, 87.5037689209, 42.6578178406, 170.895263672, 83.7302474976, 140.642120361, 19.2977771759, 118.142700195, 29.9518375397, 156.41545105, -3.36645030975, 77.321723938], [575.524902344, -585.336242676, 249.169662476, 121.646606445, 31.0039768219, 135.825958252, -1.38497722149, 142.465789795, -21.3166446686, 92.6610412598, -3.36645030975, 159.565261841, -4.81418943405], [-67.7217483521, 260.683776855, 117.741127014, 55.145362854, 85.1281967163, 74.6951446533, 104.063743591, 37.6192054749, 129.370178223, -4.67391967773, 77.321723938, -4.81418943405, 134.76159668]], "icov": [[0.000184473974514, -7.84724979894e-05, -0.000184566219104, -0.000334194570314, 0.000101728066511, 0.000149256258737, 0.000349909765646, -0.000225563839194, -3.86438550777e-05, -0.000279488158412, 0.000291673321044, -0.000188080739463, 4.16187358496e-05], [-7.84724979894e-05, 0.001217507408, -9.6667688922e-05, 0.000883930828422, 2.18663590204e-05, 0.00120870617684, -0.000782742747106, 0.000704839068931, -0.00130286684725, 0.00128202186897, -0.00107322807889, 0.0015863351291, -0.000980271608569], [-0.000184566219104, -9.6667688922e-05, 0.00177004630677, 0.000336676283041, -0.000993687077425, -0.0014995400561, 0.000502369133756, -0.000972634239588, -0.000828928663395, -0.00122463074513, 0.00118027930148, 0.000253103324212, -0.000162437136169], [-0.000334194570314, 0.000883930828422, 0.000336676283041, 0.00360126770101, 0.000601977633778, -0.000626722932793, -0.00177852367051, 5.13657796546e-05, 0.000921151367947, 0.00110054621473, -0.00187858147547, 0.000914255389944, -0.00205508293584], [0.000101728066511, 2.18663590204e-05, -0.000993687077425, 0.000601977633778, 0.00591190718114, 0.00315008475445, -0.00501677114516, -0.000738732924219, -0.000591922784224, 0.000685364764649, -0.00359732843935, -0.00290722958744, 0.00178252020851], [0.000149256258737, 0.00120870617684, -0.0014995400561, -0.000626722932793, 0.00315008475445, 0.00839312467724, -0.00156578421593, -0.0026536162477, -0.00174653506838, -0.000502020819113, -0.00490821572021, 0.00124256743584, -0.000868833565619], [0.000349909765646, -0.000782742747106, 0.000502369133756, -0.00177852367051, -0.00501677114516, -0.00156578421593, 0.0131733091548, -0.00143549579661, -0.00353093072772, -0.00180734961759, 9.06861387193e-05, 0.000707603699993, -0.000455764529761], [-0.000225563839194, 0.000704839068931, -0.000972634239588, 5.13657796546e-05, -0.000738732924219, -0.0026536162477, -0.00143549579661, 0.0148161910474, -0.00465118186548, -0.000239200104261, 0.00393286393955, -0.00635211821645, 0.000235303145018], [-3.86438550777e-05, -0.00130286684725, -0.000828928663395, 0.000921151367947, -0.000591922784224, -0.00174653506838, -0.00353093072772, -0.00465118186548, 0.0187718961388, -0.00321694952436, -0.00156403461006, 0.00575297651812, -0.00881442427635], [-0.000279488158412, 0.00128202186897, -0.00122463074513, 0.00110054621473, 0.000685364764649, -0.000502020819113, -0.00180734961759, -0.000239200104261, -0.00321694952436, 0.0179151408374, -0.00497740320861, -0.00348856044002, 0.00574778346345], [0.000291673321044, -0.00107322807889, 0.00118027930148, -0.00187858147547, -0.00359732843935, -0.00490821572021, 9.06861387193e-05, 0.00393286393955, -0.00156403461006, -0.00497740320861, 0.0183787420392, -0.00106896099169, -0.00346929533407], [-0.000188080739463, 0.0015863351291, 0.000253103324212, 0.000914255389944, -0.00290722958744, 0.00124256743584, 0.000707603699993, -0.00635211821645, 0.00575297651812, -0.00348856044002, -0.00106896099169, 0.0194563698024, -0.0057192533277], [4.16187358496e-05, -0.000980271608569, -0.000162437136169, -0.00205508293584, 0.00178252020851, -0.000868833565619, -0.000455764529761, 0.000235303145018, -0.00881442427635, 0.00574778346345, -0.00346929533407, -0.0057192533277, 0.0204097572714]]}, "melbands": {"dmean": [0.0071206940338, 0.00289269420318, 0.00144822744187, 0.000579584972002, 0.000176998641109, 0.000132980712806, 8.16023166408e-05, 3.30784860125e-05, 2.93041648547e-05, 2.06469121622e-05, 6.56075690131e-06, 7.5348275459e-06, 8.40569919092e-06, 1.02731728475e-05, 8.46537841426e-06, 5.69597887079e-06, 3.84690656574e-06, 3.97226585847e-06, 3.28534861183e-06, 4.34933872384e-06, 5.72809585719e-06, 6.13345764577e-06, 5.32777949047e-06, 4.10061920775e-06, 4.5725128075e-06, 8.78275204741e-06, 5.78259323447e-06, 4.18842955696e-06, 3.64214929505e-06, 3.23699600813e-06, 2.81933785118e-06, 1.94558197109e-06, 1.83167423984e-06, 2.46535500992e-06, 1.46569868775e-06, 1.09291033823e-06, 8.53318283589e-07, 6.91165894295e-07, 5.07115260007e-07, 5.90218519392e-07], "dmean2": [0.00832524709404, 0.00441403267905, 0.00279515236616, 0.00109063915443, 0.000325525790686, 0.000249286822509, 0.000153132612468, 5.70555312152e-05, 4.30127947766e-05, 2.99547155009e-05, 1.09958064058e-05, 1.30733033075e-05, 1.3775822481e-05, 1.58313341672e-05, 1.31822644107e-05, 8.56222504808e-06, 5.78419985686e-06, 5.8876184994e-06, 5.57236080567e-06, 6.82063227941e-06, 8.6162954176e-06, 9.71118242887e-06, 8.4243438323e-06, 5.86128271607e-06, 6.4163486968e-06, 1.25438054965e-05, 8.22647052701e-06, 5.86395935898e-06, 5.1277561397e-06, 4.9521568144e-06, 3.87293039239e-06, 2.85508053821e-06, 2.44118587034e-06, 3.60350122719e-06, 2.09014410757e-06, 1.57870647399e-06, 1.14999545531e-06, 1.04155401459e-06, 7.22015386145e-07, 7.70392148297e-07], "dvar": [0.00030181222246, 9.17875295272e-05, 3.56781638402e-05, 4.29933743362e-06, 2.84900551151e-07, 2.13330139331e-07, 9.04900048226e-08, 7.9283184462e-09, 4.27751878362e-09, 2.20011076024e-09, 2.22510357362e-10, 4.65368577007e-10, 4.49009385228e-10, 4.32570118614e-10, 3.37629868508e-10, 2.23448912151e-10, 9.57907711485e-11, 9.41888234074e-11, 1.25818439001e-10, 2.92899510201e-10, 3.48531259409e-10, 3.65060287555e-10, 3.89808740842e-10, 2.03408026533e-10, 2.65209937345e-10, 1.44605627472e-09, 5.27009325069e-10, 2.55429427609e-10, 1.89271043283e-10, 1.57425350533e-10, 1.09773044821e-10, 4.73982034177e-11, 3.71295841295e-11, 7.84269871268e-11, 1.54037633343e-11, 9.41218283868e-12, 4.98225896303e-12, 2.7451417875e-12, 1.54013076164e-12, 1.83907468247e-12], "dvar2": [0.000512504717335, 0.00024071666121, 0.00010443420615, 1.25311380543e-05, 8.33557976421e-07, 6.24248741588e-07, 2.65430742274e-07, 2.15298161521e-08, 9.80258185734e-09, 4.42952163837e-09, 6.21193929629e-10, 1.31234745293e-09, 1.11064246688e-09, 8.25882473521e-10, 8.22656442967e-10, 4.32845481679e-10, 1.77485998121e-10, 1.59803559274e-10, 3.28801430527e-10, 7.21073645238e-10, 6.25261231679e-10, 7.34629468369e-10, 7.06954605967e-10, 3.75703801403e-10, 4.4164186197e-10, 2.92265966984e-09, 9.62142476801e-10, 4.10130901463e-10, 3.39591604837e-10, 3.79334591516e-10, 2.28162322369e-10, 9.7586022596e-11, 5.52352781569e-11, 1.38101169389e-10, 2.52783280419e-11, 1.41627872624e-11, 7.43925407387e-12, 5.21710799561e-12, 2.43757553205e-12, 2.65502658921e-12], "max": [0.1632412076, 0.0801525861025, 0.0442776754498, 0.0160523671657, 0.00450670998544, 0.00375714502297, 0.00281019019894, 0.00134136748966, 0.00105531828012, 0.00222191680223, 0.000231870260905, 0.000229101176956, 0.000714976573363, 0.000772586092353, 0.000243154368945, 0.000308009999571, 0.000169297287357, 0.000136543021654, 0.000122174096759, 0.000197152068722, 0.000283714995021, 0.000262791232672, 0.00022599985823, 0.000172603540705, 0.000225968775339, 0.000509849458467, 0.000285623653326, 0.000222299684538, 0.000170136656379, 0.000163142118254, 0.000159208240802, 9.9857650639e-05, 8.55063990457e-05, 0.000121511286125, 5.29913631908e-05, 4.4523840188e-05, 3.37751444022e-05, 2.00382874027e-05, 1.61245461641e-05, 2.02275950869e-05], "mean": [0.0301434099674, 0.00647015077993, 0.000899248349015, 0.00044595435611, 0.000205021395232, 0.000132256944198, 8.46812763484e-05, 9.31865797611e-05, 8.34788515931e-05, 6.16448814981e-05, 1.27707307911e-05, 1.04393375295e-05, 1.48923654706e-05, 1.62143824127e-05, 1.62379565154e-05, 9.72749148787e-06, 5.73130091652e-06, 6.05259083386e-06, 4.13233692598e-06, 4.85215514345e-06, 6.75177807352e-06, 6.89427906764e-06, 5.86031637795e-06, 5.09542360305e-06, 5.00413216287e-06, 8.30953558761e-06, 5.87423801335e-06, 4.77346338812e-06, 3.91661205867e-06, 3.08232642965e-06, 3.10387986246e-06, 2.2283600174e-06, 2.28807198255e-06, 2.7474725357e-06, 1.72499062501e-06, 1.48456695115e-06, 1.0587162933e-06, 8.74724776168e-07, 6.69582902901e-07, 7.37628056413e-07], "median": [0.00570380408317, 0.00115276197903, 0.000132850487716, 0.000109314598376, 9.9758428405e-05, 4.42890777776e-05, 2.84698180621e-05, 3.91226276406e-05, 4.1442544898e-05, 2.63518522843e-05, 6.24490667178e-06, 4.61164108856e-06, 8.30160843179e-06, 8.36155868456e-06, 8.38786490931e-06, 3.50436266672e-06, 1.58063892286e-06, 2.05220521821e-06, 1.09217535282e-06, 9.74162503553e-07, 1.1461113445e-06, 9.93579760689e-07, 3.48401840711e-07, 2.08421880643e-07, 1.12466395308e-07, 2.8775212968e-07, 1.98976550791e-07, 7.92977914443e-08, 9.70990043925e-08, 9.95881279664e-08, 3.76273909808e-08, 5.81355621421e-08, 6.64043184884e-08, 2.95064186417e-08, 5.22900194255e-08, 3.73494231098e-08, 2.68356075139e-08, 1.91896720736e-08, 1.61931961173e-08, 1.32180861812e-08], "min": [1.06363606798e-23, 2.21418701612e-24, 5.22171803398e-24, 1.0120359662e-23, 1.71520101802e-23, 1.87303331026e-23, 7.5159448497e-24, 1.61467473737e-23, 7.85175978161e-24, 4.43694816142e-24, 1.24932224993e-23, 2.23590916889e-23, 8.75407387335e-24, 1.0721640488e-23, 1.05999792037e-23, 1.64664600768e-23, 6.51916821442e-24, 4.27130235968e-24, 7.86504735469e-24, 1.0144598991e-23, 4.61436534558e-24, 4.39432876772e-24, 7.07389007538e-24, 1.11447215798e-23, 7.64997468408e-24, 1.08114720235e-23, 8.11501528745e-24, 6.70105390119e-24, 6.7844822528e-24, 1.01907402542e-23, 1.25285082476e-23, 9.64515379695e-24, 8.86780079462e-24, 1.30907917347e-23, 1.33093267159e-23, 1.37788362163e-23, 1.09545232712e-23, 8.97177897281e-24, 9.77985810741e-24, 1.38105531578e-23], "var": [0.00173354987055, 0.000122379788081, 1.88914909813e-05, 2.3323204914e-06, 1.65284191667e-07, 1.20759125366e-07, 5.27133536821e-08, 1.78604864232e-08, 1.30899664441e-08, 9.14647912964e-09, 2.76026257406e-10, 3.79262732331e-10, 6.61838528426e-10, 7.82742981542e-10, 5.29625787671e-10, 3.57550572483e-10, 1.65051292078e-10, 1.74933539876e-10, 1.35253169775e-10, 2.86216855772e-10, 4.95496477182e-10, 4.95911200993e-10, 5.35142818947e-10, 3.49754308848e-10, 4.20689455494e-10, 1.63132207742e-09, 6.8688121857e-10, 4.08133249419e-10, 2.73746081358e-10, 1.61142474364e-10, 1.52183016189e-10, 6.7918053126e-11, 7.1587825945e-11, 1.18191914589e-10, 2.95643752535e-11, 2.16708474082e-11, 1.05430534095e-11, 5.65293645227e-12, 3.34215749694e-12, 4.0947748664e-12]}, "mfcc": {"mean": [-745.069702148, 160.563156128, 22.7374534607, 19.214050293, 14.4050045013, 13.5214662552, 7.45030784607, 8.05835437775, 5.52384901047, 6.78569746017, 5.30885028839, 9.99083518982, 6.72191047668], "cov": [[8784.58496094, -3327.21923828, 868.718139648, 770.576721191, -43.5417747498, 327.953491211, 45.3612747192, 182.9400177, 51.5867652893, 79.7836761475, 92.261932373, 36.4153251648, 108.518814087], [-3327.21923828, 3964.17382812, -865.511047363, -344.32711792, 201.18536377, -218.175369263, 10.2090435028, -138.310623169, 6.07757234573, 54.107749939, 18.3833026886, 11.5914583206, -49.1366500854], [868.718139648, -865.511047363, 1084.3067627, 110.285179138, 172.038757324, 324.10055542, 142.620407104, 240.916595459, 229.29901123, 212.983779907, 196.390686035, 97.3566055298, 102.043548584], [770.576721191, -344.32711792, 110.285179138, 369.553131104, 85.8142700195, 120.197746277, 110.450942993, 105.874671936, 70.2205657959, 60.5299072266, 37.8389434814, 60.6180801392, 67.0646362305], [-43.5417747498, 201.18536377, 172.038757324, 85.8142700195, 218.761276245, 94.9674682617, 106.992248535, 118.792427063, 107.046974182, 97.6089172363, 95.7873306274, 61.1096763611, 54.6183052063], [327.953491211, -218.175369263, 324.10055542, 120.197746277, 94.9674682617, 237.526855469, 120.284133911, 120.796798706, 113.526573181, 112.873130798, 105.351158142, 89.9290237427, 73.1530990601], [45.3612747192, 10.2090435028, 142.620407104, 110.450942993, 106.992248535, 120.284133911, 160.740814209, 115.033226013, 79.8427429199, 83.7958526611, 82.7452468872, 61.5423660278, 52.5092124939], [182.9400177, -138.310623169, 240.916595459, 105.874671936, 118.792427063, 120.796798706, 115.033226013, 195.643539429, 135.677749634, 101.18107605, 80.3303604126, 52.7745513916, 72.535118103], [51.5867652893, 6.07757234573, 229.29901123, 70.2205657959, 107.046974182, 113.526573181, 79.8427429199, 135.677749634, 178.020599365, 117.288970947, 75.0412902832, 50.3429336548, 60.5979194641], [79.7836761475, 54.107749939, 212.983779907, 60.5299072266, 97.6089172363, 112.873130798, 83.7958526611, 101.18107605, 117.288970947, 146.073364258, 104.488563538, 45.6679801941, 47.5043144226], [92.261932373, 18.3833026886, 196.390686035, 37.8389434814, 95.7873306274, 105.351158142, 82.7452468872, 80.3303604126, 75.0412902832, 104.488563538, 132.469696045, 58.2089385986, 30.1746025085], [36.4153251648, 11.5914583206, 97.3566055298, 60.6180801392, 61.1096763611, 89.9290237427, 61.5423660278, 52.7745513916, 50.3429336548, 45.6679801941, 58.2089385986, 97.3857345581, 63.2503204346], [108.518814087, -49.1366500854, 102.043548584, 67.0646362305, 54.6183052063, 73.1530990601, 52.5092124939, 72.535118103, 60.5979194641, 47.5043144226, 30.1746025085, 63.2503204346, 109.784126282]], "icov": [[0.000199999951292, 0.000126491941046, -2.39827040787e-05, -0.000370402034605, 1.09448649255e-06, -7.38274320611e-05, 0.00029294952401, 3.53923715011e-05, 0.000116094939585, -3.87884210795e-05, -0.000267250346951, 0.000213457518839, -0.000104191742139], [0.000126491941046, 0.000602934742346, 0.000556245213374, 0.000385175400879, -0.000895368459169, 0.000135296722874, -0.000156826572493, 0.000622107414529, -0.000270641583484, -0.000948071887251, 0.000160551528097, -0.000288023264147, 9.32165421546e-05], [-2.39827040787e-05, 0.000556245213374, 0.0025961145293, 0.000945011735894, -0.00104448571801, -0.00220268848352, 0.00091758108465, -0.00051480717957, -0.000842909270432, -0.000941253616475, -0.00098709994927, 0.00065584940603, -6.30557842669e-05], [-0.000370402034605, 0.000385175400879, 0.000945011735894, 0.00528503907844, -0.00155732606072, -0.00102313561365, -0.00238967174664, -0.000397300347686, 6.62177626509e-05, -0.00175715074874, 0.00297121843323, -0.00153622531798, 8.58347484609e-05], [1.09448649255e-06, -0.000895368459169, -0.00104448571801, -0.00155732606072, 0.0105848163366, 0.00161098479293, -0.00201058667153, -0.00235544191673, -0.00167554256041, 0.00160522188526, -0.00409337878227, -0.000460988463601, -0.000680273049511], [-7.38274320611e-05, 0.000135296722874, -0.00220268848352, -0.00102313561365, 0.00161098479293, 0.013603896834, -0.00458941375837, 0.00088971061632, -0.00141405011527, -0.00244401348755, -0.000690792803653, -0.00605633668602, 6.41274964437e-05], [0.00029294952401, -0.000156826572493, 0.00091758108465, -0.00238967174664, -0.00201058667153, -0.00458941375837, 0.0173189043999, -0.00670498795807, 0.00332308234647, -0.00106189050712, -0.00325795495883, -0.000937915698159, 0.00051306100795], [3.53923715011e-05, 0.000622107414529, -0.00051480717957, -0.000397300347686, -0.00235544191673, 0.00088971061632, -0.00670498795807, 0.017868058756, -0.00887280516326, 0.00181790778879, -0.00188399688341, 0.00370954838581, -0.00456335581839], [0.000116094939585, -0.000270641583484, -0.000842909270432, 6.62177626509e-05, -0.00167554256041, -0.00141405011527, 0.00332308234647, -0.00887280516326, 0.0195077788085, -0.0117057524621, 0.0061133345589, -0.00296627287753, 0.000881948159076], [-3.87884210795e-05, -0.000948071887251, -0.000941253616475, -0.00175715074874, 0.00160522188526, -0.00244401348755, -0.00106189050712, 0.00181790778879, -0.0117057524621, 0.0305079892278, -0.017726296559, 0.0088639613241, -0.00527540780604], [-0.000267250346951, 0.000160551528097, -0.00098709994927, 0.00297121843323, -0.00409337878227, -0.000690792803653, -0.00325795495883, -0.00188399688341, 0.0061133345589, -0.017726296559, 0.0288893058896, -0.0116987582296, 0.00783389061689], [0.000213457518839, -0.000288023264147, 0.00065584940603, -0.00153622531798, -0.000460988463601, -0.00605633668602, -0.000937915698159, 0.00370954838581, -0.00296627287753, 0.0088639613241, -0.0116987582296, 0.0275387838483, -0.0125972535461], [-0.000104191742139, 9.32165421546e-05, -6.30557842669e-05, 8.58347484609e-05, -0.000680273049511, 6.41274964437e-05, 0.00051306100795, -0.00456335581839, 0.000881948159076, -0.00527540780604, 0.00783389061689, -0.0125972535461, 0.0192254446447]]}, "spectral_contrast_coeffs": {"dmean": [0.0390481688082, 0.0370094142854, 0.0336528420448, 0.0324925780296, 0.0301980171353, 0.024251556024], "dmean2": [0.0652264356613, 0.0598171837628, 0.0531543157995, 0.0507146380842, 0.0447034984827, 0.0376986972988], "dvar": [0.00127946294378, 0.00167054170743, 0.00138661789242, 0.00140555994585, 0.00104263541289, 0.000617554935161], "dvar2": [0.00321103818715, 0.00405811844394, 0.00304033327848, 0.00305315456353, 0.00220571318641, 0.00138911372051], "max": [-0.354903399944, -0.46525990963, -0.504777848721, -0.558414161205, -0.566194176674, -0.356260299683], "mean": [-0.657951414585, -0.681625843048, -0.741337239742, -0.754890203476, -0.781046390533, -0.788109242916], "median": [-0.667503833771, -0.677972078323, -0.74459707737, -0.745980858803, -0.79075729847, -0.79657459259], "min": [-0.959892809391, -0.961500763893, -0.977639436722, -0.951364457607, -0.95648598671, -0.960183262825], "var": [0.00849437247962, 0.00578115833923, 0.00494244648144, 0.00409302674234, 0.00428486382589, 0.00247438205406]}, "spectral_contrast_valleys": {"dmean": [0.424142330885, 0.462588846684, 0.38674223423, 0.46351981163, 0.594384253025, 0.858657836914], "dmean2": [0.689183473587, 0.729709208012, 0.620941281319, 0.688131153584, 0.766730427742, 1.05505859852], "dvar": [0.291322559118, 0.482365399599, 0.339897841215, 0.443804562092, 0.639917433262, 1.01274299622], "dvar2": [0.643133997917, 1.08282184601, 0.747654974461, 0.948057472706, 1.22161602974, 1.57739901543], "max": [-4.52668809891, -4.71730184555, -5.96133995056, -6.03320884705