{"lowlevel": {"average_loudness": 0.839509665966, "barkbands_crest": {"dmean": 2.54047393799, "dmean2": 4.00262594223, "dvar": 7.55602502823, "dvar2": 17.1257801056, "max": 26.2066268921, "mean": 12.5125522614, "median": 11.1795654297, "min": 2.31164884567, "var": 28.7360877991}, "barkbands_flatness_db": {"dmean": 0.0387638360262, "dmean2": 0.0552896931767, "dvar": 0.00199066800997, "dvar2": 0.00397659419104, "max": 0.524235069752, "mean": 0.205079138279, "median": 0.202827721834, "min": 0.021353950724, "var": 0.00807864964008}, "barkbands_kurtosis": {"dmean": 7.30683517456, "dmean2": 11.8622703552, "dvar": 465.924346924, "dvar2": 1269.72094727, "max": 530.820800781, "mean": 10.3658666611, "median": 3.6608133316, "min": -1.76346576214, "var": 691.227539062}, "barkbands_skewness": {"dmean": 0.74636900425, "dmean2": 1.13715040684, "dvar": 0.985924720764, "dvar2": 2.41737127304, "max": 20.0042610168, "mean": 2.13399934769, "median": 1.71577835083, "min": -2.10536932945, "var": 3.29790449142}, "barkbands_spread": {"dmean": 5.34298086166, "dmean2": 8.08203887939, "dvar": 67.2280197144, "dvar2": 143.341094971, "max": 109.192100525, "mean": 14.3508615494, "median": 10.3991031647, "min": 0.286793678999, "var": 149.976333618}, "dissonance": {"dmean": 0.0335084795952, "dmean2": 0.0541112683713, "dvar": 0.00105603586417, "dvar2": 0.00263484497555, "max": 0.499985188246, "mean": 0.414605379105, "median": 0.424754679203, "min": 0.105739712715, "var": 0.00350445322692}, "dynamic_complexity": 4.1417183876, "erbbands_crest": {"dmean": 2.43404078484, "dmean2": 3.76634073257, "dvar": 5.57167100906, "dvar2": 12.8363723755, "max": 27.7357559204, "mean": 10.3424367905, "median": 9.71230983734, "min": 2.17153453827, "var": 19.7179641724}, "erbbands_flatness_db": {"dmean": 0.0286832880229, "dmean2": 0.0382635295391, "dvar": 0.00115291867405, "dvar2": 0.00206771423109, "max": 0.448509812355, "mean": 0.181549564004, "median": 0.174604356289, "min": 0.0480109639466, "var": 0.00538014387712}, "erbbands_kurtosis": {"dmean": 1.33562755585, "dmean2": 2.05498981476, "dvar": 2.85809373856, "dvar2": 6.68486404419, "max": 27.2305011749, "mean": 1.5101556778, "median": 0.765994787216, "min": -1.74580049515, "var": 6.68659448624}, "erbbands_skewness": {"dmean": 0.391095608473, "dmean2": 0.585360705853, "dvar": 0.132083818316, "dvar2": 0.29687088728, "max": 3.50830101967, "mean": 0.613662719727, "median": 0.565712511539, "min": -1.56640136242, "var": 0.4720492661}, "erbbands_spread": {"dmean": 8.75326919556, "dmean2": 12.6854963303, "dvar": 117.766891479, "dvar2": 233.461212158, "max": 185.516372681, "mean": 31.0373840332, "median": 25.7818336487, "min": 3.50782585144, "var": 373.150146484}, "hfc": {"dmean": 9.95878791809, "dmean2": 15.7706823349, "dvar": 526.962280273, "dvar2": 1329.57543945, "max": 220.414810181, "mean": 15.9156656265, "median": 9.47010993958, "min": 1.0503262809e-16, "var": 510.871032715}, "melbands_crest": {"dmean": 2.87843179703, "dmean2": 4.57248783112, "dvar": 9.63503551483, "dvar2": 23.3552875519, "max": 35.7777099609, "mean": 15.3614997864, "median": 14.0793476105, "min": 1.69094014168, "var": 38.6622543335}, "melbands_flatness_db": {"dmean": 0.0443923771381, "dmean2": 0.0638586804271, "dvar": 0.00276358774863, "dvar2": 0.00561887444928, "max": 0.637384593487, "mean": 0.290067285299, "median": 0.287344962358, "min": 0.00417050672695, "var": 0.0111158993095}, "melbands_kurtosis": {"dmean": 10.5335540771, "dmean2": 16.5781230927, "dvar": 560.3515625, "dvar2": 1307.15673828, "max": 715.392150879, "mean": 18.3690872192, "median": 8.18854904175, "min": -1.55097806454, "var": 1180.58459473}, "melbands_skewness": {"dmean": 0.818596124649, "dmean2": 1.23279702663, "dvar": 0.93896728754, "dvar2": 2.16294693947, "max": 19.0983810425, "mean": 2.82980442047, "median": 2.35121774673, "min": -0.812957286835, "var": 3.92430138588}, "melbands_spread": {"dmean": 4.44720554352, "dmean2": 7.06385946274, "dvar": 44.6105957031, "dvar2": 109.37298584, "max": 149.766769409, "mean": 13.5841970444, "median": 11.01679039, "min": 0.354403316975, "var": 150.013580322}, "pitch_salience": {"dmean": 0.0711983218789, "dmean2": 0.112565368414, "dvar": 0.00591017305851, "dvar2": 0.0139452833682, "max": 0.927381694317, "mean": 0.469797074795, "median": 0.481821626425, "min": 0.0417996756732, "var": 0.0209983270615}, "silence_rate_20dB": {"dmean": 0, "dmean2": 0, "dvar": 0, "dvar2": 0, "max": 1, "mean": 1, "median": 1, "min": 1, "var": 0}, "silence_rate_30dB": {"dmean": 0.0534168370068, "dmean2": 0.106853350997, "dvar": 0.0505616292357, "dvar2": 0.117172218859, "max": 1, "mean": 0.926703512669, "median": 1, "min": 0, "var": 0.0679228380322}, "silence_rate_60dB": {"dmean": 0.0195247735828, "dmean2": 0.0388725139201, "dvar": 0.0191438030452, "dvar2": 0.040677189827, "max": 1, "mean": 0.085082873702, "median": 0, "min": 0, "var": 0.0778422355652}, "spectral_centroid": {"dmean": 202.092346191, "dmean2": 314.975830078, "dvar": 106634.773438, "dvar2": 236854.421875, "max": 11574.9111328, "mean": 850.253112793, "median": 652.624572754, "min": 144.199920654, "var": 539084.0625}, "spectral_complexity": {"dmean": 3.19432687759, "dmean2": 4.96831226349, "dvar": 29.224489212, "dvar2": 57.5545883179, "max": 61, "mean": 11.8261508942, "median": 11, "min": 0, "var": 63.5810585022}, "spectral_decrease": {"dmean": 3.77033648746e-09, "dmean2": 5.83717874036e-09, "dvar": 4.38494563851e-17, "dvar2": 9.74923871157e-17, "max": 2.03140614595e-28, "mean": -9.9556709543e-09, "median": -6.60691990007e-09, "min": -7.04132858687e-08, "var": 1.06399904703e-16}, "spectral_energy": {"dmean": 0.0148497866467, "dmean2": 0.0230451188982, "dvar": 0.000683902180754, "dvar2": 0.00152170739602, "max": 0.27622038126, "mean": 0.0390185490251, "median": 0.0261382870376, "min": 1.02751067066e-20, "var": 0.00161117140669}, "spectral_energyband_high": {"dmean": 0.000549533811864, "dmean2": 0.000858852581587, "dvar": 1.57700048931e-06, "dvar2": 3.88857870348e-06, "max": 0.0110969282687, "mean": 0.000546847528312, "median": 6.51207228657e-05, "min": 6.94065199229e-21, "var": 1.53720782237e-06}, "spectral_energyband_low": {"dmean": 0.0108917923644, "dmean2": 0.0170055739582, "dvar": 0.000460586306872, "dvar2": 0.00108013011049, "max": 0.242254421115, "mean": 0.0225881319493, "median": 0.00835414230824, "min": 2.540787816e-23, "var": 0.0010503573576}, "spectral_energyband_middle_high": {"dmean": 0.00271735410206, "dmean2": 0.00445875991136, "dvar": 5.44226095371e-05, "dvar2": 0.000144353572978, "max": 0.115937903523, "mean": 0.00370443309657, "median": 0.00172046246007, "min": 1.20217615779e-21, "var": 4.9084512284e-05}, "spectral_energyband_middle_low": {"dmean": 0.00518704671413, "dmean2": 0.00840066373348, "dvar": 0.000152519744006, "dvar2": 0.000401965458877, "max": 0.183061495423, "mean": 0.0130839152262, "median": 0.00911860540509, "min": 2.16380456847e-22, "var": 0.000207134522498}, "spectral_entropy": {"dmean": 0.327115058899, "dmean2": 0.447679072618, "dvar": 0.17032623291, "dvar2": 0.332523286343, "max": 9.82582187653, "mean": 7.01344871521, "median": 6.93410968781, "min": 4.47379970551, "var": 0.709675431252}, "spectral_flux": {"dmean": 0.0338242091238, "dmean2": 0.0518065243959, "dvar": 0.00252032163553, "dvar2": 0.0050279549323, "max": 0.492519944906, "mean": 0.0772190392017, "median": 0.052558593452, "min": 6.41864547624e-11, "var": 0.00511854933575}, "spectral_kurtosis": {"dmean": 6.26048564911, "dmean2": 9.77620983124, "dvar": 167.360275269, "dvar2": 337.393707275, "max": 288.12677002, "mean": 12.0031795502, "median": 6.13747692108, "min": -1.21916604042, "var": 452.972869873}, "spectral_rms": {"dmean": 0.00100357399788, "dmean2": 0.00151862832718, "dvar": 2.34969866142e-06, "dvar2": 4.85149348606e-06, "max": 0.0164159461856, "mean": 0.00539656775072, "median": 0.00504982843995, "min": 3.16614811625e-12, "var": 8.94401364349e-06}, "spectral_rolloff": {"dmean": 326.001647949, "dmean2": 564.962768555, "dvar": 618253.3125, "dvar2": 1616293.5, "max": 19315.2832031, "mean": 867.61730957, "median": 667.529296875, "min": 64.599609375, "var": 2128726.25}, "spectral_skewness": {"dmean": 0.556214511395, "dmean2": 0.81826967001, "dvar": 0.59760171175, "dvar2": 1.22640669346, "max": 14.1132535934, "mean": 2.39332318306, "median": 2.11381483078, "min": -0.0847323834896, "var": 2.05562090874}, "spectral_spread": {"dmean": 1059453.625, "dmean2": 1374692, "dvar": 1580142428160.0, "dvar2": 2709422342140.0, "max": 41506128, "mean": 4751734, "median": 4370973, "min": 396745.90625, "var": 9310112317440.0}, "spectral_strongpeak": {"dmean": 0.340220987797, "dmean2": 0.593568265438, "dvar": 0.381998628378, "dvar2": 0.929666340351, "max": 6.53188896179, "mean": 0.751771748066, "median": 0.444949090481, "min": 0, "var": 0.847363650799}, "zerocrossingrate": {"dmean": 0.0107668312266, "dmean2": 0.0128118954599, "dvar": 0.000188362726476, "dvar2": 0.000248340948019, "max": 0.52392578125, "mean": 0.0418878756464, "median": 0.03076171875, "min": 0.00244140625, "var": 0.00188018102199}, "barkbands": {"dmean": [0.000338520738296, 0.00958179216832, 0.00232172082178, 0.00106113101356, 0.00125807151198, 0.00177584274206, 0.000858669809531, 0.000698406947777, 0.000948197382968, 0.000733969791327, 0.000945236068219, 0.000416922819568, 0.00019616119971, 0.000228956210776, 8.2658334577e-05, 0.000201013041078, 0.000133930225275, 0.000152733016876, 0.000114597540232, 8.68060815264e-05, 9.07777357497e-05, 7.76780143497e-05, 6.97335781297e-05, 7.32961780159e-05, 0.000128894957015, 7.54007342039e-05, 5.3871435739e-06], "dmean2": [0.000495102140121, 0.0151711786166, 0.0039399266243, 0.00185176788364, 0.00211865804158, 0.00282437959686, 0.00135172216687, 0.0010706721805, 0.00143924867734, 0.00122215412557, 0.00146064115688, 0.000707883795258, 0.000339248566888, 0.000386374100344, 0.000145400845213, 0.000356850534445, 0.000233678802033, 0.000269460433628, 0.00019853595586, 0.000144763456774, 0.000147134895087, 0.000128087805933, 0.00011122556316, 0.000114165435662, 0.000203600851819, 0.000119832031487, 8.66187474458e-06], "dvar": [5.55290682769e-07, 0.000362966500688, 5.63681751373e-05, 8.59582814883e-06, 5.34897981197e-06, 2.97821297863e-05, 7.9953315435e-06, 3.44427508026e-06, 5.79125162403e-06, 9.0355752036e-06, 7.85573229223e-06, 1.90177615877e-06, 3.09193666226e-07, 3.33024331667e-07, 6.669730368e-08, 7.14511884325e-07, 1.35319055516e-07, 2.42656199134e-07, 1.20860349284e-07, 6.48153601901e-08, 6.69022668376e-08, 3.39204859756e-08, 2.55480170352e-08, 3.23578213113e-08, 1.13487182318e-07, 4.3852292464e-08, 2.24953000671e-10], "dvar2": [1.09607299237e-06, 0.000872454489581, 0.000144699399243, 2.32946713368e-05, 1.4005146113e-05, 7.92852806626e-05, 2.04545322049e-05, 8.80930019775e-06, 1.3995631889e-05, 2.42605092353e-05, 1.9187657017e-05, 5.14022167408e-06, 8.42854831262e-07, 8.90491776318e-07, 1.84321891084e-07, 1.92797006093e-06, 3.61258912562e-07, 6.69510541229e-07, 3.2624745927e-07, 1.74104954453e-07, 1.78386613925e-07, 9.00466190501e-08, 6.62578116817e-08, 7.71417845158e-08, 2.54006721434e-07, 1.02708739291e-07, 5.6091647993e-10], "max": [0.0111445272341, 0.189745128155, 0.0970575883985, 0.0361331626773, 0.0457012951374, 0.102761976421, 0.0520647913218, 0.0312064345926, 0.0422707535326, 0.061924867332, 0.0580792278051, 0.018165403977, 0.00760572915897, 0.0092942789197, 0.00383647950366, 0.00923833996058, 0.00623816438019, 0.00647162646055, 0.0042926617898, 0.00336255901493, 0.00353928864934, 0.00169849069789, 0.00163440394681, 0.00190672522876, 0.00268538109958, 0.00162310327869, 0.000141554832226], "mean": [0.000557744759135, 0.0180432554334, 0.00314610474743, 0.00163356668781, 0.00362667650916, 0.00311223557219, 0.00123604293913, 0.00114699092228, 0.00219589774497, 0.000963395636063, 0.00117798068095, 0.000470295897685, 0.000216888307477, 0.000266555143753, 8.97559584701e-05, 0.000176998291863, 0.000136881906656, 0.00013462685456, 9.79988035397e-05, 8.55972321006e-05, 9.20284437598e-05, 7.65418444644e-05, 6.807562022e-05, 7.41220283089e-05, 0.000122130877571, 6.53645256534e-05, 4.85583586851e-06], "median": [5.56035301997e-05, 0.00549910310656, 0.000976245442871, 0.000746333855204, 0.00223006610759, 0.00126215652563, 0.000402166740969, 0.000263264810201, 0.00047366990475, 0.000166258076206, 0.000135083246278, 5.41449117009e-05, 7.75211447035e-05, 6.55307958368e-05, 2.8225400456e-05, 5.323044752e-05, 4.65207958769e-05, 2.66001043201e-05, 1.19978303701e-05, 1.50304449562e-05, 1.22336386994e-05, 8.68724691827e-06, 6.11953419138e-06, 6.75600722388e-06, 7.02063061908e-06, 2.57936653725e-06, 2.73688613106e-07], "min": [2.07642271421e-24, 6.67403383746e-24, 3.11998530927e-24, 1.67588154782e-24, 7.07202757478e-24, 1.24490565438e-23, 8.45318733575e-24, 5.58787689504e-24, 2.4344968554e-23, 3.13154460644e-23, 1.35303497643e-23, 3.50687768317e-23, 3.37045239377e-23, 4.20964041593e-23, 6.68790027668e-23, 6.54117151722e-23, 9.70489249781e-23, 1.18842122563e-22, 1.58907598011e-22, 2.32223358666e-22, 3.0389332828e-22, 3.50168641044e-22, 4.57553511903e-22, 5.97854329784e-22, 8.26463241378e-22, 1.4895492241e-21, 2.04230913434e-21], "var": [1.36876167289e-06, 0.000811166828498, 5.26923286088e-05, 7.5512298281e-06, 1.67280650203e-05, 3.56887794624e-05, 8.31906254462e-06, 5.40054679732e-06, 2.140792094e-05, 8.44683745527e-06, 9.76620231086e-06, 2.01213788387e-06, 2.45065876925e-07, 3.22662316421e-07, 5.49549206141e-08, 4.97663450005e-07, 1.09572660278e-07, 1.75313417117e-07, 8.97828584812e-08, 5.24161691828e-08, 5.98753189252e-08, 3.13593240264e-08, 2.45539393262e-08, 3.25088862496e-08, 1.13925821665e-07, 3.99305122301e-08, 2.00489527757e-10]}, "erbbands": {"dmean": [0.304371982813, 2.20724654198, 3.17247867584, 2.90071177483, 3.75073862076, 4.61481571198, 8.13091182709, 16.273103714, 8.74603176117, 18.8085460663, 14.6664266586, 18.571685791, 25.0077362061, 22.5435581207, 35.2921447754, 14.8046426773, 9.82199001312, 10.0372505188, 6.4006857872, 8.20580768585, 9.984126091, 8.24916172028, 8.69264316559, 6.2158870697, 5.29210758209, 4.33121013641, 3.82015562057, 3.20644021034, 2.9390566349, 2.2667350769, 2.0341527462, 1.41372835636, 1.32420241833, 1.38497745991, 0.947210431099, 0.493731766939, 0.104344666004, 0.0112103205174, 0.00110226066317, 4.8738966143e-05], "dmean2": [0.473846763372, 3.49767875671, 5.38063430786, 4.94749641418, 6.51049518585, 7.75294542313, 13.2451238632, 25.745223999, 14.7163047791, 28.3858947754, 22.5233459473, 28.4559745789, 39.4322166443, 37.1508026123, 54.9608955383, 25.4565792084, 17.0285892487, 17.0985870361, 10.8689460754, 14.5215358734, 17.5254402161, 14.4112529755, 15.476307869, 10.927066803, 8.98832702637, 7.26793670654, 6.25313282013, 5.26040410995, 4.86128616333, 3.66329789162, 3.29213547707, 2.21318340302, 2.04117941856, 2.18179631233, 1.48301780224, 0.791462421417, 0.167213976383, 0.0177556425333, 0.00176612206269, 7.72850908106e-05], "dvar": [0.361455976963, 20.6173248291, 89.8535690308, 72.0962677002, 58.6193809509, 63.8097724915, 756.843566895, 2463.41650391, 817.894836426, 4413.53222656, 1566.63659668, 2193.51342773, 5465.10791016, 5166.19580078, 9448.73925781, 2645.08203125, 775.208068848, 932.809753418, 231.676254272, 818.998046875, 1382.32653809, 528.981018066, 818.801330566, 319.566253662, 254.577148438, 167.966903687, 129.105895996, 73.0370254517, 50.6589317322, 29.0325946808, 21.4919204712, 10.0832843781, 10.6507797241, 11.486456871, 7.18929958344, 2.12726712227, 0.0721988752484, 0.000689745240379, 9.7961319625e-06, 1.20869483311e-08], "dvar2": [0.889149785042, 48.9439086914, 231.765228271, 191.032440186, 164.392715454, 175.831985474, 2049.89453125, 6469.73779297, 2313.83496094, 11045.3798828, 4052.14819336, 5579.32617188, 14034.5410156, 14156.3417969, 23307.2167969, 7318.16894531, 2097.94238281, 2515.80224609, 602.82232666, 2268.99487305, 3644.34204102, 1404.41564941, 2280.77441406, 872.926574707, 670.837219238, 451.921661377, 347.37789917, 193.923919678, 134.46824646, 75.2340393066, 56.3856735229, 24.4341983795, 24.7114753723, 25.0556583405, 16.4626312256, 5.03985929489, 0.170907407999, 0.00166598975193, 2.4379178285e-05, 2.95423685515e-08], "max": [5.7071352005, 51.2862586975, 106.461341858, 101.171508789, 103.464874268, 134.809555054, 785.080810547, 726.978637695, 546.245910645, 1361.31420898, 653.559570312, 991.181152344, 1120.4942627, 1437.82885742, 2010.70141602, 636.645751953, 373.701934814, 455.231903076, 203.402816772, 330.689849854, 410.93182373, 364.166259766, 392.192047119, 181.338241577, 248.515884399, 168.247634888, 153.60609436, 123.427108765, 64.435295105, 56.0367965698, 41.0234413147, 27.7639598846, 32.078868866, 29.4333686829, 22.079744339, 11.8932266235, 1.96568381786, 0.196928754449, 0.0305772889405, 0.0010669156909], "mean": [0.553285121918, 3.84896230698, 4.53829669952, 4.70664024353, 7.4947514534, 13.7544260025, 18.1122169495, 27.6775417328, 12.4322872162, 29.1822166443, 25.6416530609, 40.6504821777, 48.8528785706, 28.678030014, 45.4625587463, 16.3671703339, 11.0473690033, 10.9926977158, 7.97243976593, 8.2115020752, 9.23506832123, 8.40036773682, 7.63057374954, 5.60675001144, 4.73044013977, 4.19759178162, 3.82438755035, 3.35701656342, 2.88593316078, 2.25507330894, 1.95794451237, 1.45382833481, 1.33069837093, 1.35125684738, 0.868670165539, 0.416008383036, 0.0917475000024, 0.010621311143, 0.000979629927315, 7.42418051232e-05], "median": [0.161439985037, 1.14941954613, 1.47454273701, 2.24222373962, 4.4689617157, 8.01235198975, 8.78827285767, 10.8758096695, 5.45148944855, 8.80992698669, 7.79482269287, 10.5544710159, 9.34854888916, 10.1522016525, 11.030090332, 4.31286716461, 4.15602016449, 3.43173599243, 1.99044156075, 2.54683065414, 2.70388889313, 2.74120664597, 1.8757648468, 1.04075479507, 0.593080580235, 0.746028482914, 0.521259784698, 0.45887118578, 0.313006162643, 0.240690767765, 0.17315107584, 0.144837707281, 0.103003062308, 0.0864455550909, 0.0403828881681, 0.0146157816052, 0.00443339766935, 0.000721706775948, 7.14730849722e-05, 4.04758102377e-05], "min": [1.06194788987e-22, 2.06119918496e-21, 3.50040984416e-21, 7.27565125464e-21, 1.42700449451e-20, 1.98683629412e-20, 1.20475069282e-19, 1.34158368523e-19, 1.47938732239e-19, 3.31035251301e-19, 2.30243862348e-19, 6.31115491224e-19, 7.97073668099e-19, 1.24097326789e-18, 1.0475047182e-18, 1.69427041492e-18, 1.96154487854e-18, 1.86088361544e-18, 3.64640652758e-18, 3.70419832825e-18, 3.9961798496e-18, 5.74508988667e-18, 6.0025978288e-18, 8.53227123835e-18, 9.75106893139e-18, 1.0898130213e-17, 9.83337257516e-18, 1.03112174442e-17, 1.10390544924e-17, 1.2909120433e-17, 9.97341921595e-18, 1.21537118007e-17, 9.80965978854e-18, 9.165719534e-18, 5.86166817271e-18, 4.69955096319e-18, 2.97873466806e-18, 1.16325572023e-18, 2.97442567745e-19, 2.68869694361e-20], "var": [0.814853847027, 40.6151771545, 88.0216827393, 69.3352127075, 81.3539276123, 227.589202881, 1169.41894531, 2933.51538086, 650.415039062, 4944.80126953, 2292.92993164, 5391.01660156, 12280.375, 4172.00976562, 12080.0585938, 2204.95678711, 621.036010742, 761.346984863, 290.100952148, 598.466369629, 1039.97766113, 431.029937744, 559.771179199, 241.715072632, 201.022171021, 134.125793457, 109.949172974, 67.2746658325, 46.2031440735, 28.4744586945, 19.7290744781, 10.7147798538, 10.9023017883, 12.2631978989, 6.85891962051, 1.88263595104, 0.0656285658479, 0.00066738697933, 8.58674866322e-06, 1.26125039301e-08]}, "gfcc": {"mean": [-59.2174034119, 123.259552002, -90.6153640747, 16.3672084808, -56.1728630066, 10.5115709305, -29.5552883148, 7.69321393967, -21.7263317108, -3.8095471859, -14.6910018921, 0.92182970047, -3.97071671486], "cov": [[23686.5957031, -1810.59472656, 180.907943726, 1536.86730957, -306.267364502, 1374.92541504, 39.4811325073, 1180.67614746, -180.811264038, 794.032348633, 127.506652832, 939.705200195, 98.063293457], [-1810.59472656, 3107.00976562, -605.464660645, -313.690948486, 292.695709229, -604.557128906, 281.423431396, -526.463317871, 348.366943359, -460.423339844, 128.251846313, -416.099517822, 222.716064453], [180.907943726, -605.464660645, 1386.66870117, -96.2591018677, -18.745464325, 345.263092041, 12.0904693604, 359.094268799, -36.3991508484, 270.693603516, 3.90639352798, 188.693893433, -5.37850189209], [1536.86730957, -313.690948486, -96.2591018677, 566.712768555, 73.4164123535, 197.731048584, 102.089538574, 105.339530945, 80.6631698608, 83.2845230103, 67.8882217407, 52.3562736511, 44.8974609375], [-306.267364502, 292.695709229, -18.745464325, 73.4164123535, 364.826446533, 97.1734237671, 152.429595947, 61.8545532227, 130.813369751, 35.3287467957, 76.3649520874, 25.9994869232, 58.7427711487], [1374.92541504, -604.557128906, 345.263092041, 197.731048584, 97.1734237671, 435.112213135, 82.7627182007, 278.979125977, 9.44507598877, 217.721038818, 41.6192512512, 176.054733276, 12.4510688782], [39.4811325073, 281.423431396, 12.0904693604, 102.089538574, 152.429595947, 82.7627182007, 246.870895386, 80.9222717285, 124.45275116, 10.8114175797, 74.9904708862, 27.339548111, 68.7722625732], [1180.67614746, -526.463317871, 359.094268799, 105.339530945, 61.8545532227, 278.979125977, 80.9222717285, 352.417266846, 19.2720241547, 187.585479736, 35.2875442505, 188.664382935, 18.8342113495], [-180.811264038, 348.366943359, -36.3991508484, 80.6631698608, 130.813369751, 9.44507598877, 124.45275116, 19.2720241547, 195.886505127, 27.4211006165, 48.5811767578, -37.3040084839, 66.4828109741], [794.032348633, -460.423339844, 270.693603516, 83.2845230103, 35.3287467957, 217.721038818, 10.8114175797, 187.585479736, 27.4211006165, 231.806518555, 43.7466659546, 114.899490356, -10.1302709579], [127.506652832, 128.251846313, 3.90639352798, 67.8882217407, 76.3649520874, 41.6192512512, 74.9904708862, 35.2875442505, 48.5811767578, 43.7466659546, 120.693084717, 42.8575134277, 29.6384601593], [939.705200195, -416.099517822, 188.693893433, 52.3562736511, 25.9994869232, 176.054733276, 27.339548111, 188.664382935, -37.3040084839, 114.899490356, 42.8575134277, 204.855865479, 14.3348798752], [98.063293457, 222.716064453, -5.37850189209, 44.8974609375, 58.7427711487, 12.4510688782, 68.7722625732, 18.8342113495, 66.4828109741, -10.1302709579, 29.6384601593, 14.3348798752, 109.037872314]], "icov": [[0.00010371015378, -0.000254935701378, 0.00012167818204, -0.000343619147316, 0.000258002604824, -0.000199100060854, 0.000183637908776, -0.000296718790196, 0.000285920046736, -0.000372302514734, 0.000376266572857, -0.000458546011942, 0.000143194556586], [-0.000254935701378, 0.00202392181382, -0.000420760479756, 0.00167474057525, -0.00104740017559, 0.000828522839583, -0.00106548541225, 0.00142106902786, -0.00201492500491, 0.00254530226812, -0.00269652763382, 0.00239230436273, -0.00183534761891], [0.00012167818204, -0.000420760479756, 0.00136208557524, 0.000104300270323, 0.000588044757023, -0.000782686343882, 0.000213603154407, -0.00127207231708, 0.000717200688086, -0.00131930958014, 0.000634921423625, -0.000210188605706, -7.30023384676e-05], [-0.000343619147316, 0.00167474057525, 0.000104300270323, 0.00428413785994, -0.00058880506549, -0.000911017414182, -0.00102048541885, 0.00114336272236, -0.00247781071812, 0.00238078297116, -0.00325424177572, 0.00274435989559, -0.00174749153666], [0.000258002604824, -0.00104740017559, 0.000588044757023, -0.00058880506549, 0.00523252645507, -0.00204160623252, -0.000376724870875, -0.000735603680369, -0.00121414568275, -0.000648275658023, 0.000165293327882, -0.0018343286356, 0.000833922880702], [-0.000199100060854, 0.000828522839583, -0.000782686343882, -0.000911017414182, -0.00204160623252, 0.00824587512761, -0.00241126073524, -0.00102741946466, 0.00179004122037, -0.00338385812938, 0.000817683176138, 0.000110717432108, -0.000962770660408], [0.000183637908776, -0.00106548541225, 0.000213603154407, -0.00102048541885, -0.000376724870875, -0.00241126073524, 0.00996110402048, -0.0029907473363, -0.00341531587765, 0.00313288392499, -0.00208467640914, -0.00135952653363, 0.000272969045909], [-0.000296718790196, 0.00142106902786, -0.00127207231708, 0.00114336272236, -0.000735603680369, -0.00102741946466, -0.0029907473363, 0.0111875953153, -0.0026589112822, -0.000822670001071, 0.00055138458265, -0.0038832265418, -0.000796396576334], [0.000285920046736, -0.00201492500491, 0.000717200688086, -0.00247781071812, -0.00121414568275, 0.00179004122037, -0.00341531587765, -0.0026589112822, 0.0154833225533, -0.00816851947457, 0.0026931327302, 0.00316213117912, -0.00337000866421], [-0.000372302514734, 0.00254530226812, -0.00131930958014, 0.00238078297116, -0.000648275658023, -0.00338385812938, 0.00313288392499, -0.000822670001071, -0.00816851947457, 0.0169043596834, -0.00737304845825, 0.00129177479539, 0.00137764739338], [0.000376266572857, -0.00269652763382, 0.000634921423625, -0.00325424177572, 0.000165293327882, 0.000817683176138, -0.00208467640914, 0.00055138458265, 0.0026931327302, -0.00737304845825, 0.0169856678694, -0.00694552017376, 0.00154691690113], [-0.000458546011942, 0.00239230436273, -0.000210188605706, 0.00274435989559, -0.0018343286356, 0.000110717432108, -0.00135952653363, -0.0038832265418, 0.00316213117912, 0.00129177479539, -0.00694552017376, 0.016903642565, -0.00525296106935], [0.000143194556586, -0.00183534761891, -7.30023384676e-05, -0.00174749153666, 0.000833922880702, -0.000962770660408, 0.000272969045909, -0.000796396576334, -0.00337000866421, 0.00137764739338, 0.00154691690113, -0.00525296106935, 0.0155860325322]]}, "melbands": {"dmean": [0.00265539670363, 0.00203202664852, 0.000517666223459, 0.000282641180092, 0.000266890769126, 0.000353476410965, 0.000144171310239, 0.000200478927582, 0.000116014038213, 0.000124385784147, 0.000131065811729, 9.34858981054e-05, 0.000143752826261, 5.32700141775e-05, 2.73302757705e-05, 1.9840836103e-05, 1.83839219972e-05, 1.25902161017e-05, 6.85067516315e-06, 1.30179141706e-05, 1.17247764138e-05, 9.12033738132e-06, 6.15323187958e-06, 9.15021246328e-06, 4.51328969575e-06, 4.38803454017e-06, 3.29145291289e-06, 2.82769065052e-06, 2.33915102399e-06, 2.31411422646e-06, 1.66933830315e-06, 1.67016060004e-06, 1.51623282818e-06, 1.21928167118e-06, 1.23607105706e-06, 9.56489088821e-07, 8.45025624585e-07, 8.48795025377e-07, 1.12724887913e-06, 1.17748516004e-06], "dmean2": [0.00420697545633, 0.00329890218563, 0.000872990523931, 0.00048180486192, 0.000434971851064, 0.000560382381082, 0.000237597094383, 0.000300736370264, 0.000182264906471, 0.00018956947315, 0.000206619297387, 0.00015480905131, 0.000220320682274, 9.00535233086e-05, 4.78979745822e-05, 3.43095816788e-05, 3.12419069814e-05, 2.14689844142e-05, 1.21786642922e-05, 2.3334292564e-05, 2.06626828003e-05, 1.60689705808e-05, 1.07901623778e-05, 1.63444237842e-05, 7.96247149992e-06, 7.63840762374e-06, 5.53658173885e-06, 4.82089672005e-06, 3.86076771974e-06, 3.79709695153e-06, 2.75944489658e-06, 2.77512526736e-06, 2.5346359962e-06, 1.97162739823e-06, 2.03910758501e-06, 1.51201470544e-06, 1.33840114813e-06, 1.32166189815e-06, 1.79385438059e-06, 1.85943463293e-06], "dvar": [2.7465290259e-05, 2.38374959736e-05, 1.96374980987e-06, 2.2797632937e-07, 6.6477934979e-07, 1.1496923662e-06, 2.02331932542e-07, 4.23492821255e-07, 1.01362040539e-07, 9.9130495812e-08, 1.59026100732e-07, 1.03588796208e-07, 1.71155576822e-07, 2.81015530845e-08, 9.10993680492e-09, 3.18034221181e-09, 2.98562730094e-09, 9.43548461585e-10, 5.24902121768e-10, 2.85773782416e-09, 1.88810900248e-09, 7.64212026994e-10, 2.44019970896e-10, 1.00157837579e-09, 1.76862274825e-10, 1.86116955181e-10, 9.17386999699e-11, 7.90968054942e-11, 4.72159984721e-11, 4.87274283423e-11, 1.78463563372e-11, 1.65986200479e-11, 1.29024152473e-11, 8.91127015928e-12, 8.52462198053e-12, 4.18258396667e-12, 3.8987446084e-12, 4.5875764125e-12, 7.68715820165e-12, 8.57226442608e-12], "dvar2": [6.60779041937e-05, 5.90799572819e-05, 5.13186887474e-06, 6.43512748866e-07, 1.77150559466e-06, 3.03082038045e-06, 5.59204750061e-07, 1.06921072529e-06, 2.65757620355e-07, 2.45640990215e-07, 4.09686577996e-07, 2.84191202127e-07, 4.11706309933e-07, 7.54433671091e-08, 2.51893457204e-08, 8.54462989253e-09, 8.05958411121e-09, 2.45199616167e-09, 1.47505552217e-09, 7.81381714887e-09, 4.98808239158e-09, 2.0594588257e-09, 6.53830378727e-10, 2.80607448389e-09, 4.86748363837e-10, 5.03098174232e-10, 2.34362085294e-10, 2.18619941594e-10, 1.27306373776e-10, 1.31178359841e-10, 4.68433694611e-11, 4.42682245028e-11, 3.41028767725e-11, 2.31582131943e-11, 2.28692030591e-11, 1.01706863417e-11, 9.60213245721e-12, 1.0845668981e-11, 1.76154386217e-11, 1.84918642898e-11], "max": [0.0519256591797, 0.0572773367167, 0.0160768702626, 0.0064728599973, 0.0218861103058, 0.0150003982708, 0.00769909983501, 0.0129549941048, 0.00445482740179, 0.00551554234698, 0.00636100955307, 0.00682676956058, 0.00895941071212, 0.00231021083891, 0.00142269826028, 0.000739053823054, 0.000834456528537, 0.000412679626606, 0.000310760340653, 0.000592945551034, 0.000517702719662, 0.000465080869617, 0.000204631898669, 0.000444438279374, 0.000144440899021, 0.000203542876989, 0.000139752577525, 0.000130282583996, 9.78754324024e-05, 0.000104071608803, 5.68400027987e-05, 3.70831912733e-05, 3.44549080182e-05, 3.5802477214e-05, 2.81530137727e-05, 1.70712446561e-05, 2.04850402952e-05, 2.10257148865e-05, 2.84106827166e-05, 2.55909035332e-05], "mean": [0.00508164940402, 0.0034076331649, 0.000884267035872, 0.000782402057666, 0.000662314007059, 0.000607214693446, 0.000202262817766, 0.000322337349644, 0.000205191463465, 0.000280805019429, 0.00025135310716, 0.000117239243991, 0.000185168668395, 6.15481185378e-05, 2.66068491328e-05, 2.19887551793e-05, 1.99174610316e-05, 1.55376055773e-05, 7.08416973794e-06, 1.19079422802e-05, 1.04591445051e-05, 8.94190179679e-06, 6.06656476521e-06, 7.79583660915e-06, 4.05491618949e-06, 3.78387539968e-06, 3.02659827867e-06, 2.68991652774e-06, 2.35528841586e-06, 2.2596841518e-06, 1.79059350103e-06, 1.61509944974e-06, 1.47431774167e-06, 1.18405444027e-06, 1.15364036901e-06, 9.7345616723e-07, 8.50909657402e-07, 8.57156294387e-07, 1.08441804514e-06, 1.14988597488e-06], "median": [0.0015607625246, 0.00112075498328, 0.000454444350908, 0.000497081200592, 0.000351347611286, 0.000243504866376, 7.9971170635e-05, 0.000105493963929, 5.53508216399e-05, 6.19445490884e-05, 4.10171160183e-05, 3.71289388568e-05, 3.04715613311e-05, 7.81323251431e-06, 7.55936889618e-06, 7.93035360402e-06, 5.76120601181e-06, 2.40607323576e-06, 2.21846585191e-06, 3.45878652297e-06, 2.50656171374e-06, 2.38752363657e-06, 1.9269364202e-06, 1.31406500259e-06, 7.07210119799e-07, 4.6105995466e-07, 4.43395208549e-07, 4.81795837004e-07, 3.5889792116e-07, 2.45736657689e-07, 2.55444433606e-07, 1.59701045277e-07, 1.71918401293e-07, 1.17471188332e-07, 1.00706145645e-07, 8.51712229633e-08, 8.65863327704e-08, 6.71070807812e-08, 7.44487209658e-08, 6.89997108339e-08], "min": [2.0885652557e-24, 3.24471072649e-24, 1.15295009109e-24, 1.725553358e-24, 3.35330019111e-24, 2.88828226748e-24, 1.97378086639e-24, 4.72975952437e-24, 2.3539741546e-24, 3.89813841378e-24, 3.88932368202e-24, 5.09617870953e-24, 3.26349626565e-24, 3.16977820961e-24, 6.52560098067e-24, 3.06247774371e-24, 3.57511643917e-24, 4.39666419043e-24, 5.16133901473e-24, 5.53783905339e-24, 3.43223440214e-24, 4.74562706705e-24, 4.86980876188e-24, 5.88063382659e-24, 6.11696945405e-24, 6.44513006859e-24, 7.42682328893e-24, 7.31963129141e-24, 5.96163445877e-24, 5.33905399389e-24, 4.76699494239e-24, 6.24167179708e-24, 4.97907112485e-24, 7.10013784428e-24, 4.9193941918e-24, 5.22142615545e-24, 6.77841354586e-24, 5.85553542803e-24, 8.4891720148e-24, 7.43270819128e-24], "var": [6.43253370072e-05, 3.3258136682e-05, 1.91206981981e-06, 6.76521779042e-07, 1.20791582958e-06, 1.37585016091e-06, 1.71563442564e-07, 4.83811675167e-07, 1.39995336212e-07, 3.17489281088e-07, 3.37533862194e-07, 8.39214067128e-08, 2.26068536335e-07, 3.28845395359e-08, 6.49917408779e-09, 2.54576271175e-09, 2.45855646952e-09, 1.28239241448e-09, 3.91862375881e-10, 1.96666416485e-09, 1.42054901175e-09, 5.97877636288e-10, 1.95142749182e-10, 6.83327061601e-10, 1.31293392824e-10, 1.37091768493e-10, 7.76342046205e-11, 5.87065326907e-11, 4.01642122339e-11, 4.07934797053e-11, 1.74862659075e-11, 1.48635496272e-11, 1.20108627905e-11, 8.56922952736e-12, 7.33668594627e-12, 4.49848535158e-12, 3.93621246708e-12, 4.60885886747e-12, 7.71077299233e-12, 9.21972307527e-12]}, "mfcc": {"mean": [-705.936767578, 153.038391113, 23.2509632111, 16.7472324371, 0.0156152322888, 0.376886636019, 1.97116804123, 5.8541636467, 2.79710388184, -3.54911541939, -3.14762997627, -1.22787892818, -2.57268881798], "cov": [[12820.3466797, -716.342956543, -84.9154205322, 462.482971191, 204.184341431, 376.157501221, 416.474121094, 542.168701172, 323.6980896, 162.111984253, 310.48336792, 317.991882324, 350.54498291], [-716.342956543, 2883.61962891, -150.488983154, 84.1218261719, -61.7602958679, -101.002281189, -110.455566406, -12.316947937, 34.2589035034, -0.410187184811, -68.4222106934, -50.6079788208, -115.4246521], [-84.9154205322, -150.488983154, 971.93560791, -86.9483947754, 87.5339584351, -3.85387635231, 92.100769043, 13.5071229935, 61.4058876038, 75.0477371216, 85.7592697144, -0.83115363121, 40.3669204712], [462.482971191, 84.1218261719, -86.9483947754, 299.976928711, 30.5037441254, 88.7974777222, 32.5923919678, 80.5795288086, 44.1105232239, 69.3253479004, 52.0873908997, 29.0562324524, 7.22391414642], [204.184341431, -61.7602958679, 87.5339584351, 30.5037441254, 228.738876343, 105.152984619, 106.145111084, 64.7132797241, 88.3877716064, 63.8881530762, 76.2062911987, 63.7071990967, 62.2991867065], [376.157501221, -101.002281189, -3.85387635231, 88.7974777222, 105.152984619, 214.49949646, 101.102600098, 81.345954895, 75.6863327026, 95.332649231, 78.2705764771, 62.5647926331, 50.4389915466], [416.474121094, -110.455566406, 92.100769043, 32.5923919678, 106.145111084, 101.102600098, 208.587036133, 139.652801514, 81.0411987305, 51.2938156128, 84.2559738159, 74.3896636963, 84.9422683716], [542.168701172, -12.316947937, 13.5071229935, 80.5795288086, 64.7132797241, 81.345954895, 139.652801514, 206.368759155, 112.92906189, 46.8340148926, 65.4284133911, 66.1120758057, 73.0974655151], [323.6980896, 34.2589035034, 61.4058876038, 44.1105232239, 88.3877716064, 75.6863327026, 81.0411987305, 112.92906189, 174.736297607, 101.883895874, 52.0821266174, 49.4052352905, 48.0729942322], [162.111984253, -0.410187184811, 75.0477371216, 69.3253479004, 63.8881530762, 95.332649231, 51.2938156128, 46.8340148926, 101.883895874, 165.087646484, 94.9841156006, 37.0776443481, 19.3734397888], [310.48336792, -68.4222106934, 85.7592697144, 52.0873908997, 76.2062911987, 78.2705764771, 84.2559738159, 65.4284133911, 52.0821266174, 94.9841156006, 142.112762451, 80.194984436, 43.889755249], [317.991882324, -50.6079788208, -0.83115363121, 29.0562324524, 63.7071990967, 62.5647926331, 74.3896636963, 66.1120758057, 49.4052352905, 37.0776443481, 80.194984436, 116.019798279, 77.6480560303], [350.54498291, -115.4246521, 40.3669204712, 7.22391414642, 62.2991867065, 50.4389915466, 84.9422683716, 73.0974655151, 48.0729942322, 19.3734397888, 43.889755249, 77.6480560303, 136.550979614]], "icov": [[9.52920527197e-05, 1.93851992663e-05, 1.20274762594e-05, -0.00010430860857, 6.87341525918e-05, -5.87895301578e-05, 4.50176185041e-06, -8.36264080135e-05, -0.000130010666908, 0.000162207696121, -0.00016727905313, 1.60744184541e-05, -0.000126573635498], [1.93851992663e-05, 0.00038524728734, 2.89674553642e-05, -0.000149872183101, -3.29238318955e-05, 0.000231523052207, 0.000114588008728, -0.000123749079648, -0.000183020427357, -8.30208009575e-05, 0.000200159673113, -0.000214012950892, 0.00033328338759], [1.20274762594e-05, 2.89674553642e-05, 0.00132535980083, 0.000361406040611, -0.000195495260414, 0.000501636648551, -0.000652987335343, 0.000544354435988, -0.000562204397283, -5.07449040015e-05, -0.00136809400283, 0.00142139953095, -0.000562026514672], [-0.00010430860857, -0.000149872183101, 0.000361406040611, 0.00479050027207, -0.000277207640465, -0.00116677430924, 0.00128210976254, -0.00259831175208, 0.00161256676074, -0.00199544918723, -6.00890671194e-05, 1.59911414812e-05, 0.000657261756714], [6.87341525918e-05, -3.29238318955e-05, -0.000195495260414, -0.000277207640465, 0.00778301432729, -0.00234220968559, -0.00230752420612, 0.00285134813748, -0.00418012682348, 0.00268546724692, -0.00291236443445, 0.000378456432372, -0.00109699915629], [-5.87895301578e-05, 0.000231523052207, 0.000501636648551, -0.00116677430924, -0.00234220968559, 0.0092383781448, -0.00226228195243, -0.000588244816754, 0.00152467261069, -0.00481206784025, 0.00177599664312, -0.00188031850848, 0.000282697466901], [4.50176185041e-06, 0.000114588008728, -0.000652987335343, 0.00128210976254, -0.00230752420612, -0.00226228195243, 0.0130381826311, -0.00720279570669, 0.00155235163402, 0.000532071862835, -0.00229635462165, 0.000104584309156, -0.00209918478504], [-8.36264080135e-05, -0.000123749079648, 0.000544354435988, -0.00259831175208, 0.00285134813748, -0.000588244816754, -0.00720279570669, 0.0156102394685, -0.00958897359669, 0.00628419034183, -0.0044545698911, 0.00177399057429, -0.00196555745788], [-0.000130010666908, -0.000183020427357, -0.000562204397283, 0.00161256676074, -0.00418012682348, 0.00152467261069, 0.00155235163402, -0.00958897359669, 0.0189095698297, -0.013393654488, 0.00946169067174, -0.00507745426148, 0.000860518019181], [0.000162207696121, -8.30208009575e-05, -5.07449040015e-05, -0.00199544918723, 0.00268546724692, -0.00481206784025, 0.000532071862835, 0.00628419034183, -0.013393654488, 0.0220461376011, -0.0150871444494, 0.00701245805249, -0.00105960294604], [-0.00016727905313, 0.000200159673113, -0.00136809400283, -6.00890671194e-05, -0.00291236443445, 0.00177599664312, -0.00229635462165, -0.0044545698911, 0.00946169067174, -0.0150871444494, 0.0260373428464, -0.0149809466675, 0.00445139734074], [1.60744184541e-05, -0.000214012950892, 0.00142139953095, 1.59911414812e-05, 0.000378456432372, -0.00188031850848, 0.000104584309156, 0.00177399057429, -0.00507745426148, 0.00701245805249, -0.0149809466675, 0.0250224359334, -0.00975697673857], [-0.000126573635498, 0.00033328338759, -0.000562026514672, 0.000657261756714, -0.00109699915629, 0.000282697466901, -0.00209918478504, -0.00196555745788, 0.000860518019181, -0.00105960294604, 0.00445139734074, -0.00975697673857, 0.0147801805288]]}, "spectral_contrast_coeffs": {"dmean": [0.0404153689742, 0.0436565428972, 0.0494883544743, 0.0373426228762, 0.0245715696365, 0.020029483363], "dmean2": [0.0657203495502, 0.0689489543438, 0.0777533054352, 0.060863237828, 0.0397258065641, 0.0313360393047], "dvar": [0.0012487815693, 0.00170577643439, 0.00210123043507, 0.0011381006334, 0.000551947858185, 0.000375606236048], "dvar2": [0.0030677288305, 0.00410667806864, 0.00497402250767, 0.00285812560469, 0.00123930547852, 0.000798144203145], "max": [-0.229517638683, -0.277090966702, -0.3867225945, -0.53868496418, -0.587669014931, -0.645284533501], "mean": [-0.631257891655, -0.669639766216, -0.683357536793, -0.764496386051, -0.803891479969, -0.795849323273], "median": [-0.661091327667, -0.66544008255, -0.685689270496, -0.775058209896, -0.813009858131, -0.797160387039], "min": [-0.969928026199, -0.968744218349, -0.977508664131, -0.969920814037, -0.964343309402, -0.965356230736], "var": [0.0134368119761, 0.00802349857986, 0.0102443834767, 0.00482311239466, 0.00264175469056, 0.00224047107622]}, "spectral_contrast_valleys": {"dmean": [0.394185483456, 0.42689114809, 0.517200529575, 0.522389352322, 0.528808176517, 0.656308352947], "dmean2": [0.62976539135, 0.671063423157, 0.821557402611, 0.783324182034, 0.737782120705, 0.851595163345], "dvar": [0.198278471828, 0.237255990505, 0.342229455709, 0.384749025106, 0.464352756739, 0.639990448952], "dvar2": [0.389776885509, 0.53607237339, 0.787364304066, 0.801507890224, 0.958945453167, 1.17123806477], "max": [-5.07827281952, -4.32684755325, -4.83997678757, -5.41813135147, -5.39380979538, -7.88236665726], "mean": [-7.46941041946, -7.36439561844,