{"lowlevel": {"average_loudness": 0.965356349945, "barkbands_crest": {"dmean": 3.11216306686, "dmean2": 4.80499076843, "dvar": 10.7782649994, "dvar2": 26.7845802307, "max": 26.7473812103, "mean": 18.1477508545, "median": 18.2284927368, "min": 2.75162291527, "var": 37.5596237183}, "barkbands_flatness_db": {"dmean": 0.0530414693058, "dmean2": 0.0768508091569, "dvar": 0.00351410359144, "dvar2": 0.00642394321039, "max": 0.674471497536, "mean": 0.294330686331, "median": 0.283900380135, "min": 0.0265342369676, "var": 0.0165799316019}, "barkbands_kurtosis": {"dmean": 63.3535614014, "dmean2": 100.087188721, "dvar": 17944.4199219, "dvar2": 42677.1445312, "max": 3151.37036133, "mean": 108.142608643, "median": 28.6284828186, "min": -1.93128490448, "var": 46426.6875}, "barkbands_skewness": {"dmean": 2.24570846558, "dmean2": 3.40088820457, "dvar": 7.3110332489, "dvar2": 16.7097167969, "max": 44.1479072571, "mean": 6.41839027405, "median": 4.73476982117, "min": -9.17980957031, "var": 30.0454845428}, "barkbands_spread": {"dmean": 5.13676643372, "dmean2": 7.53521108627, "dvar": 55.5598602295, "dvar2": 104.347694397, "max": 98.3761367798, "mean": 9.36093044281, "median": 4.35192298889, "min": 0.0291712917387, "var": 138.965454102}, "dissonance": {"dmean": 0.0175968874246, "dmean2": 0.0296471267939, "dvar": 0.000386498169973, "dvar2": 0.000997870462015, "max": 0.500000059605, "mean": 0.469685286283, "median": 0.477368414402, "min": 0.0825417861342, "var": 0.000685283739585}, "dynamic_complexity": 3.49435734749, "erbbands_crest": {"dmean": 3.12522530556, "dmean2": 4.90315055847, "dvar": 9.55111885071, "dvar2": 21.7627410889, "max": 31.2219734192, "mean": 10.4914712906, "median": 9.42089748383, "min": 2.35757565498, "var": 30.1086368561}, "erbbands_flatness_db": {"dmean": 0.0266970116645, "dmean2": 0.0395934060216, "dvar": 0.00100843736436, "dvar2": 0.00197780248709, "max": 0.643079817295, "mean": 0.180532842875, "median": 0.17332354188, "min": 0.0252616647631, "var": 0.00677787745371}, "erbbands_kurtosis": {"dmean": 2.19975686073, "dmean2": 3.61409425735, "dvar": 26.5769615173, "dvar2": 70.6503982544, "max": 114.923545837, "mean": 1.57466876507, "median": -0.317833662033, "min": -1.94638633728, "var": 45.888835907}, "erbbands_skewness": {"dmean": 0.644137203693, "dmean2": 0.94861382246, "dvar": 0.437956750393, "dvar2": 1.01628708839, "max": 9.87287044525, "mean": 0.558354318142, "median": 0.36003407836, "min": -6.95001888275, "var": 1.82142233849}, "erbbands_spread": {"dmean": 14.173286438, "dmean2": 21.6913814545, "dvar": 233.03225708, "dvar2": 487.918182373, "max": 187.012863159, "mean": 53.4036026001, "median": 47.5460357666, "min": 0.667332172394, "var": 1004.79962158}, "hfc": {"dmean": 7.24002075195, "dmean2": 11.3076629639, "dvar": 171.244140625, "dvar2": 418.184753418, "max": 98.0737915039, "mean": 9.92421913147, "median": 5.47692632675, "min": 1.13997179751e-11, "var": 177.712966919}, "melbands_crest": {"dmean": 3.80674695969, "dmean2": 5.97341012955, "dvar": 12.3068094254, "dvar2": 32.1335487366, "max": 36.2974510193, "mean": 22.1700401306, "median": 21.3799800873, "min": 3.72533869743, "var": 49.650718689}, "melbands_flatness_db": {"dmean": 0.0591023638844, "dmean2": 0.0843114107847, "dvar": 0.00431286171079, "dvar2": 0.00791516993195, "max": 0.813012957573, "mean": 0.396531224251, "median": 0.385702878237, "min": 0.0291749443859, "var": 0.0213176589459}, "melbands_kurtosis": {"dmean": 57.638469696, "dmean2": 89.9329299927, "dvar": 6672.19238281, "dvar2": 15322.4882812, "max": 1658.73376465, "mean": 124.001686096, "median": 78.9097442627, "min": -1.92034304142, "var": 19594.7929688}, "melbands_skewness": {"dmean": 1.97647714615, "dmean2": 3.07074022293, "dvar": 4.22952365875, "dvar2": 10.0608100891, "max": 32.9614982605, "mean": 7.36589050293, "median": 7.10556507111, "min": -6.47906112671, "var": 18.0058460236}, "melbands_spread": {"dmean": 3.58318734169, "dmean2": 5.38592195511, "dvar": 39.0676841736, "dvar2": 75.1876144409, "max": 156.471817017, "mean": 6.90607261658, "median": 2.77395701408, "min": 0.134355440736, "var": 123.635025024}, "pitch_salience": {"dmean": 0.0958046317101, "dmean2": 0.149512469769, "dvar": 0.0128760701045, "dvar2": 0.0303542613983, "max": 0.956059277058, "mean": 0.343000739813, "median": 0.37047585845, "min": 0.0157905817032, "var": 0.0429705679417}, "silence_rate_20dB": {"dmean": 0, "dmean2": 0, "dvar": 0, "dvar2": 0, "max": 1, "mean": 1, "median": 1, "min": 1, "var": 0}, "silence_rate_30dB": {"dmean": 0.163276225328, "dmean2": 0.326596170664, "dvar": 0.136626020074, "dvar2": 0.304804295301, "max": 1, "mean": 0.789508879185, "median": 1, "min": 0, "var": 0.166188552976}, "silence_rate_60dB": {"dmean": 0.0203426126391, "dmean2": 0.0406906716526, "dvar": 0.0199271216989, "dvar2": 0.041710048914, "max": 1, "mean": 0.0879165008664, "median": 0, "min": 0, "var": 0.0801813676953}, "spectral_centroid": {"dmean": 277.041717529, "dmean2": 402.245910645, "dvar": 122407.015625, "dvar2": 200255.15625, "max": 11353.0986328, "mean": 768.51550293, "median": 575.926513672, "min": 64.3662185669, "var": 393196.28125}, "spectral_complexity": {"dmean": 3.70101714134, "dmean2": 5.38455343246, "dvar": 33.8303184509, "dvar2": 61.2858161926, "max": 51, "mean": 7.58330011368, "median": 5, "min": 0, "var": 66.7459411621}, "spectral_decrease": {"dmean": 7.63400009873e-09, "dmean2": 1.25291403918e-08, "dvar": 1.33198247061e-16, "dvar2": 3.88028863632e-16, "max": -1.10552012498e-24, "mean": -1.42952005788e-08, "median": -8.38918268187e-09, "min": -9.53625090006e-08, "var": 1.98619935238e-16}, "spectral_energy": {"dmean": 0.0293277706951, "dmean2": 0.048119533807, "dvar": 0.00195168447681, "dvar2": 0.00566479889676, "max": 0.365609824657, "mean": 0.0548534877598, "median": 0.0325285233557, "min": 1.03816106136e-15, "var": 0.00289589632303}, "spectral_energyband_high": {"dmean": 0.000380026991479, "dmean2": 0.00057204120094, "dvar": 6.10588074323e-07, "dvar2": 1.36440598908e-06, "max": 0.00539312232286, "mean": 0.000371291447664, "median": 1.88904778042e-05, "min": 6.13822965777e-16, "var": 6.90872923315e-07}, "spectral_energyband_low": {"dmean": 0.0265410915017, "dmean2": 0.0440828166902, "dvar": 0.00162857025862, "dvar2": 0.0049912026152, "max": 0.290400654078, "mean": 0.0490974336863, "median": 0.0273968447, "min": 3.70761508049e-17, "var": 0.00254232087173}, "spectral_energyband_middle_high": {"dmean": 0.00107015843969, "dmean2": 0.00164710718673, "dvar": 6.02017780693e-06, "dvar2": 1.47317932715e-05, "max": 0.021239163354, "mean": 0.00129912199918, "median": 0.00035275350092, "min": 1.96648995449e-16, "var": 6.90592696628e-06}, "spectral_energyband_middle_low": {"dmean": 0.00650353962556, "dmean2": 0.0118119334802, "dvar": 0.000377541262424, "dvar2": 0.00106612057425, "max": 0.213491767645, "mean": 0.0057094139047, "median": 0.00227061845362, "min": 2.59923872004e-17, "var": 0.000226996489801}, "spectral_entropy": {"dmean": 0.339846134186, "dmean2": 0.499635398388, "dvar": 0.160515531898, "dvar2": 0.306567698717, "max": 9.80655956268, "mean": 7.06486034393, "median": 7.08256578445, "min": 4.16559457779, "var": 0.686599314213}, "spectral_flux": {"dmean": 0.0440546311438, "dmean2": 0.0681569203734, "dvar": 0.00342035456561, "dvar2": 0.00606590276584, "max": 0.535009324551, "mean": 0.0991176366806, "median": 0.064100690186, "min": 5.88384818911e-06, "var": 0.00864868890494}, "spectral_kurtosis": {"dmean": 4.83265924454, "dmean2": 7.97875595093, "dvar": 53.5108604431, "dvar2": 144.60319519, "max": 187.627914429, "mean": 9.54638004303, "median": 5.69374084473, "min": -1.16311705112, "var": 147.009414673}, "spectral_rms": {"dmean": 0.00169034232385, "dmean2": 0.00267212418839, "dvar": 4.22156517743e-06, "dvar2": 1.1676327631e-05, "max": 0.0188863053918, "mean": 0.00643341150135, "median": 0.00563339563087, "min": 1.00639951928e-09, "var": 1.21267330542e-05}, "spectral_rolloff": {"dmean": 155.471801758, "dmean2": 255.198287964, "dvar": 197785.359375, "dvar2": 348294, "max": 20133.5449219, "mean": 366.084411621, "median": 129.19921875, "min": 43.06640625, "var": 475226.6875}, "spectral_skewness": {"dmean": 0.486806631088, "dmean2": 0.745806515217, "dvar": 0.29088550806, "dvar2": 0.726072251797, "max": 8.67316246033, "mean": 2.00733423233, "median": 1.82531833649, "min": -0.203387722373, "var": 1.03483963013}, "spectral_spread": {"dmean": 779563.9375, "dmean2": 1144356.875, "dvar": 1160674410500.0, "dvar2": 1958873006080.0, "max": 38929140, "mean": 4439094, "median": 3880969.5, "min": 451398.6875, "var": 5519733424130.0}, "spectral_strongpeak": {"dmean": 0.218035161495, "dmean2": 0.37847623229, "dvar": 0.110846988857, "dvar2": 0.323703348637, "max": 6.71127510071, "mean": 0.510896623135, "median": 0.4667506814, "min": 0, "var": 0.14367569983}, "zerocrossingrate": {"dmean": 0.00903418380767, "dmean2": 0.00963458418846, "dvar": 0.000156208203407, "dvar2": 0.000175968350959, "max": 0.5078125, "mean": 0.0252681132406, "median": 0.01416015625, "min": 0.001953125, "var": 0.000880581326783}, "barkbands": {"dmean": [0.000710315827746, 0.0184713564813, 0.0106636686251, 0.00371348834597, 0.00186315376777, 0.00086620048387, 0.000226467396715, 0.000280180363916, 0.000281305256067, 0.00012073507969, 0.00012813086505, 0.000114245165605, 0.00014867518621, 0.000193243002286, 0.000127327410155, 0.000108070838905, 0.000129644336994, 6.31201182841e-05, 5.97024591116e-05, 6.30047288723e-05, 5.81313324801e-05, 5.95359997533e-05, 6.73188696965e-05, 6.77793577779e-05, 7.56301451474e-05, 2.52877216553e-05, 2.05366950468e-06], "dmean2": [0.00112210598309, 0.0271870847791, 0.018407644704, 0.00701672211289, 0.00339624402113, 0.00159926770721, 0.000409541011322, 0.00050402188208, 0.000531201483682, 0.000199716057978, 0.000205622491194, 0.000180942501174, 0.000256160274148, 0.000314328208333, 0.000195251021069, 0.000181718671229, 0.000199286150746, 0.000100094504887, 9.46428917814e-05, 9.89975378616e-05, 9.07385110622e-05, 8.97382487892e-05, 0.000100278659374, 0.000100479534012, 0.000118421892694, 4.27544000559e-05, 3.65462051377e-06], "dvar": [1.31236561174e-06, 0.000769507954828, 0.000924049061723, 0.000156503592734, 3.15104371111e-05, 6.93003994456e-06, 2.87634549068e-07, 5.65078494219e-07, 8.30864451018e-07, 1.05167799802e-07, 9.70645714915e-08, 7.34848200068e-08, 1.81704123747e-07, 3.08743835831e-07, 1.2010144701e-07, 7.55901510274e-08, 1.64590517215e-07, 1.59168180858e-08, 2.05678176712e-08, 1.80922352655e-08, 1.4585071817e-08, 1.56456927414e-08, 2.05507948436e-08, 2.09369748205e-08, 2.92026776094e-08, 5.01397146024e-09, 4.316213012e-11], "dvar2": [3.236824341e-06, 0.00222398387268, 0.00248678331263, 0.000454646884464, 9.04474800336e-05, 1.99831683858e-05, 8.01438034159e-07, 1.54647057116e-06, 2.3985394364e-06, 2.67014087285e-07, 2.29536254892e-07, 1.66473896002e-07, 4.97013616041e-07, 7.90794558725e-07, 2.83660824607e-07, 1.96014980247e-07, 3.77985031719e-07, 3.84541962717e-08, 5.2807333617e-08, 4.39780194483e-08, 3.41039836371e-08, 3.3719828707e-08, 4.36102389756e-08, 4.38957279414e-08, 6.97764406254e-08, 1.34657112127e-08, 1.18935777893e-10], "max": [0.00958942621946, 0.204873993993, 0.208305731416, 0.108570210636, 0.0720902606845, 0.025683818385, 0.00683204596862, 0.00862025935203, 0.00906042102724, 0.00654780492187, 0.00336532760412, 0.00402456987649, 0.00566384429112, 0.00689418287948, 0.00639891345054, 0.00271979440004, 0.00817480497062, 0.00182063528337, 0.00132072367705, 0.00109543313738, 0.0015079829609, 0.00335728307255, 0.00115354801528, 0.00110934663098, 0.00106839626096, 0.00058723409893, 6.76701165503e-05], "mean": [0.0011053243652, 0.0365624688566, 0.00982587412, 0.00262142624706, 0.00171641702764, 0.000680635566823, 0.000195995176909, 0.000270725111477, 0.000188768026419, 0.000116103532491, 0.000128342799144, 0.000139062511153, 0.00014561873104, 0.000212652856135, 0.000156108188094, 0.00011393459863, 0.000155531262862, 6.35269607301e-05, 5.77565588173e-05, 5.80945961701e-05, 5.62792083656e-05, 5.90420750086e-05, 6.44192186883e-05, 7.02787947375e-05, 6.77488787915e-05, 1.99386631721e-05, 1.54684801146e-06], "median": [0.000197300701984, 0.0193775035441, 0.00230958824977, 0.00061698135687, 0.000539988279343, 0.000139816344017, 4.78821311845e-05, 2.81938046101e-05, 1.56095484272e-05, 1.29211712192e-05, 1.03907932498e-05, 1.84848504432e-05, 1.85000008059e-05, 2.81907559838e-05, 2.58583495452e-05, 1.2435068129e-05, 1.63017830346e-05, 1.21253897305e-05, 1.01063424154e-05, 6.87285137246e-06, 4.10241455029e-06, 3.13171744892e-06, 1.96563541977e-06, 1.43791589835e-06, 1.1392938859e-06, 3.19772482271e-07, 1.55815236269e-08], "min": [1.29120412078e-17, 1.75596977545e-17, 9.31697529927e-18, 6.93169908694e-18, 8.44433532179e-18, 2.83268621154e-18, 3.21886644066e-18, 2.73801497685e-18, 1.344876562e-18, 2.61962144295e-18, 5.45774016317e-18, 2.10913139469e-17, 3.34203268261e-17, 2.36952503911e-17, 1.29500939975e-17, 1.14604806806e-17, 1.76612738793e-17, 4.89955918212e-17, 5.92037731668e-18, 2.57067435369e-17, 2.73607705811e-17, 2.87358905206e-17, 3.16422690122e-17, 7.20072899326e-17, 1.3536146333e-16, 1.36679261307e-16, 2.1914955219e-16], "var": [3.24510165228e-06, 0.00181253068149, 0.000669052416924, 8.57424965943e-05, 1.85564258572e-05, 4.07246443501e-06, 2.0447571103e-07, 6.13641418568e-07, 4.8983298484e-07, 1.01793375507e-07, 1.11573051242e-07, 1.08044176272e-07, 1.58352463586e-07, 3.20845174429e-07, 1.63654817698e-07, 7.7607410276e-08, 2.61179877725e-07, 1.74335976766e-08, 1.83402129039e-08, 1.7237903549e-08, 1.5122315844e-08, 1.92774471941e-08, 2.43719195936e-08, 2.69541402531e-08, 2.89440098555e-08, 3.52638873657e-09, 2.85916984533e-11]}, "erbbands": {"dmean": [0.707059144974, 3.58003687859, 9.89398002625, 13.7671136856, 8.24600219727, 5.3884806633, 7.14919090271, 6.33401060104, 4.73745441437, 2.83744573593, 7.40805196762, 6.96861791611, 3.27680301666, 4.47041988373, 5.14655399323, 4.96629285812, 6.37517118454, 10.4205303192, 6.31878423691, 6.90598869324, 7.15498161316, 5.51372432709, 3.6719789505, 2.7858607769, 3.3072988987, 2.88259339333, 2.6750497818, 2.33169674873, 2.08958029747, 1.95758354664, 1.78088271618, 1.4335616827, 1.20207190514, 0.955876946449, 0.443979531527, 0.157259389758, 0.0374094173312, 0.00482552219182, 0.000379274308216, 4.11679102399e-05], "dmean2": [1.04225349426, 5.41907310486, 17.1814861298, 24.3626441956, 14.8761987686, 10.0547857285, 13.4900388718, 11.6542797089, 8.65772438049, 4.94810438156, 13.5393724442, 13.1440839767, 5.49187326431, 7.39445495605, 8.1739692688, 7.89609861374, 10.7701711655, 16.9336566925, 10.490986824, 10.7452402115, 11.526843071, 8.41443252563, 5.87635850906, 4.27198219299, 5.35990190506, 4.49764299393, 4.27502584457, 3.56095671654, 3.12300515175, 2.92577123642, 2.65234279633, 2.12826275826, 1.78349006176, 1.4768717289, 0.716295599937, 0.258964657784, 0.0641920939088, 0.00840609986335, 0.000666020729113, 6.73288814141e-05], "dvar": [1.21111547947, 30.9122753143, 683.883483887, 1706.08203125, 601.829284668, 304.142578125, 549.14251709, 351.470001221, 141.91633606, 40.095615387, 483.318756104, 503.83682251, 91.7459030151, 143.033187866, 154.944717407, 144.842407227, 299.241607666, 970.318969727, 255.93170166, 345.656219482, 285.084228516, 186.29598999, 61.5332069397, 29.0121593475, 75.3375320435, 38.8458023071, 35.2845878601, 20.703622818, 19.5536460876, 16.2738037109, 14.5077791214, 9.61116218567, 6.78697490692, 4.4768781662, 1.2514513731, 0.176381111145, 0.0118370074779, 0.00020680342277, 1.32251864216e-06, 4.21060342148e-09], "dvar2": [3.24439549446, 86.1806030273, 1860.31079102, 4736.80078125, 1721.30981445, 878.298156738, 1594.96386719, 1010.14306641, 400.338409424, 109.036827087, 1331.39892578, 1454.19519043, 241.89894104, 347.481079102, 361.852661133, 343.695556641, 800.240722656, 2495.08813477, 679.762695312, 826.586120605, 698.13067627, 436.783966064, 149.131393433, 68.5349273682, 197.670593262, 93.0890960693, 86.9209976196, 46.7380027771, 41.3624420166, 33.8024139404, 31.6406211853, 19.5808315277, 14.2841796875, 10.2279253006, 3.23546981812, 0.463136941195, 0.0322557426989, 0.000567773764487, 3.59620707968e-06, 1.11489466548e-08], "max": [8.11408233643, 45.6023597717, 188.978256226, 351.766357422, 298.330993652, 204.474441528, 220.207839966, 178.628173828, 152.356048584, 126.810668945, 235.231201172, 223.403167725, 231.420455933, 114.482963562, 143.995788574, 179.967819214, 245.798294067, 367.705291748, 210.882461548, 439.3777771, 228.999786377, 257.81048584, 114.515449524, 69.2907867432, 76.0446853638, 55.1624336243, 92.9433822632, 58.5839881897, 144.357910156, 41.821685791, 29.9102745056, 25.5647754669, 22.048625946, 13.6009712219, 8.62098026276, 3.54984164238, 0.886609256268, 0.153468176723, 0.013131564483, 0.000676822266541], "mean": [1.34217023849, 7.12258863449, 10.7299880981, 11.3689222336, 7.9041352272, 4.34292030334, 4.98868131638, 5.11154937744, 4.06441545486, 3.07863879204, 6.26262664795, 4.77884483337, 3.1034526825, 4.16535186768, 5.56210327148, 6.27063369751, 6.81474351883, 10.5227956772, 7.63758230209, 8.31345939636, 8.47966575623, 6.55421876907, 3.76435184479, 2.94867491722, 2.96824932098, 2.73366451263, 2.43918943405, 2.2918009758, 2.09585118294, 1.95723879337, 1.69484913349, 1.4514850378, 1.23799586296, 0.893068373203, 0.379900723696, 0.130153402686, 0.0287937894464, 0.00363173824735, 0.000305847002892, 7.03851910657e-05], "median": [0.507208824158, 4.14172744751, 3.4949464798, 3.09804797173, 3.48735618591, 1.26815247536, 0.656999528408, 1.3451385498, 0.986591219902, 0.707671046257, 0.471343547106, 0.404020160437, 0.443615585566, 0.321932584047, 0.590733230114, 0.848611950874, 1.02783536911, 1.33647036552, 1.66164660454, 1.42628347874, 0.798673331738, 0.934845626354, 0.671182751656, 0.673381745815, 0.404083848, 0.350368767977, 0.2082875669, 0.151974856853, 0.116237163544, 0.0769983679056, 0.0503969080746, 0.0346263870597, 0.0226935576648, 0.0150506338105, 0.00670144567266, 0.00233935774304, 0.00044822646305, 4.46172016382e-05, 4.25838879892e-05, 4.12150693592e-05], "min": [6.70409054758e-16, 3.43453161859e-15, 9.94539076337e-15, 1.89219706527e-14, 2.64417207883e-14, 2.77677169859e-14, 2.36369287316e-14, 2.38575435449e-14, 3.86810809078e-14, 5.85881644306e-14, 5.4267561175e-14, 3.11860624401e-14, 5.30657772769e-14, 1.35629476942e-13, 3.44253840929e-13, 9.83274659611e-13, 1.5164866975e-12, 1.26922832053e-12, 1.08471283171e-12, 3.68524302871e-13, 7.04493212898e-13, 1.14887949414e-12, 2.69939777996e-12, 1.04650229454e-12, 3.99768434502e-13, 1.30117336176e-12, 1.53303249002e-12, 6.00929570861e-13, 1.17910748439e-12, 7.87155822295e-13, 7.57543225198e-13, 1.37443030047e-12, 1.40548011597e-12, 1.48988297827e-12, 1.03836199621e-12, 6.49323368511e-13, 2.33443608411e-13, 7.19782781012e-14, 2.09618953461e-14, 3.83033126836e-15], "var": [3.29376745224, 62.359703064, 552.097106934, 1094.83081055, 359.907836914, 171.787322998, 308.440826416, 206.669036865, 95.355682373, 39.4443206787, 450.119354248, 298.127593994, 83.4309310913, 139.499465942, 196.656661987, 211.336364746, 294.462921143, 888.192504883, 298.754394531, 449.081420898, 428.762023926, 282.691680908, 66.6783676147, 32.6220550537, 60.4638328552, 37.9048957825, 32.3446731567, 23.668762207, 25.0577259064, 19.9920749664, 16.7596988678, 12.1657762527, 8.72246360779, 4.95181894302, 1.02223694324, 0.133562088013, 0.00796633306891, 0.000135701295221, 8.96590904631e-07, 5.40045608233e-09]}, "gfcc": {"mean": [-109.894187927, 116.725120544, -84.5210037231, 51.5608673096, -17.0883045197, 22.8290138245, -23.7618637085, 6.06637430191, -8.26200962067, 7.01276254654, -2.43604564667, -3.4897954464, -5.66620731354], "cov": [[18648.2910156, -1215.08081055, 2095.76098633, 2005.1385498, -1450.1348877, 1106.74194336, -932.41229248, 352.119354248, -1052.76611328, 0.185031220317, -868.688110352, 77.2551422119, -382.768127441], [-1215.08081055, 3117.53076172, 210.778640747, -123.993484497, 955.51361084, -588.028259277, 580.840087891, -321.464141846, 404.032501221, -215.732284546, 399.682250977, -179.086334229, 197.043334961], [2095.76098633, 210.778640747, 1979.96484375, 944.795166016, 22.6740379333, 357.837127686, 13.0457048416, -66.9725265503, -279.128173828, -27.773481369, -49.6953887939, -57.39635849, -19.5873394012], [2005.1385498, -123.993484497, 944.795166016, 988.272155762, -35.872215271, 194.264266968, -102.871376038, -63.6913261414, -181.117935181, -52.4506492615, -83.5874710083, -38.0423278809, -20.9942264557], [-1450.1348877, 955.51361084, 22.6740379333, -35.872215271, 818.065917969, -106.981430054, 323.876678467, -92.8285369873, 291.132965088, -8.61634635925, 251.625183105, -40.3947753906, 117.465393066], [1106.74194336, -588.028259277, 357.837127686, 194.264266968, -106.981430054, 467.122619629, -34.9671096802, 56.6922912598, -153.292770386, 78.2413787842, -52.6662940979, 44.5953598022, -17.2535400391], [-932.41229248, 580.840087891, 13.0457048416, -102.871376038, 323.876678467, -34.9671096802, 396.970031738, 14.4675693512, 185.35395813, 5.55714464188, 215.382537842, 7.34780502319, 91.9825286865], [352.119354248, -321.464141846, -66.9725265503, -63.6913261414, -92.8285369873, 56.6922912598, 14.4675693512, 218.581710815, 69.9332504272, 55.1051750183, -15.9446363449, 54.2696990967, -0.0844419002533], [-1052.76611328, 404.032501221, -279.128173828, -181.117935181, 291.132965088, -153.292770386, 185.35395813, 69.9332504272, 367.564910889, 84.1725006104, 171.512527466, -10.1235485077, 84.5227508545], [0.185031220317, -215.732284546, -27.773481369, -52.4506492615, -8.61634635925, 78.2413787842, 5.55714464188, 55.1051750183, 84.1725006104, 175.272033691, 74.9899368286, 31.8093738556, 14.6127882004], [-868.688110352, 399.682250977, -49.6953887939, -83.5874710083, 251.625183105, -52.6662940979, 215.382537842, -15.9446363449, 171.512527466, 74.9899368286, 250.885513306, 35.365146637, 76.5501708984], [77.2551422119, -179.086334229, -57.39635849, -38.0423278809, -40.3947753906, 44.5953598022, 7.34780502319, 54.2696990967, -10.1235485077, 31.8093738556, 35.365146637, 115.236442566, 31.4992904663], [-382.768127441, 197.043334961, -19.5873394012, -20.9942264557, 117.465393066, -17.2535400391, 91.9825286865, -0.0844419002533, 84.5227508545, 14.6127882004, 76.5501708984, 31.4992904663, 109.57219696]], "icov": [[0.000147297745571, -0.000306348549202, 0.000109107662865, -0.00033238218748, 0.00016226770822, -0.000338268931955, 0.000155704372446, -0.000461549236206, 0.000229905315791, -0.000421615462983, 0.000422914657975, -0.000320772931445, 0.000338628684403], [-0.000306348549202, 0.00180654239375, -0.0006825759192, 0.00102288322523, -0.000705368351191, 0.00161017978098, -0.000839620654006, 0.00184160808567, -0.000927893677726, 0.00209605577402, -0.00163437286392, 0.00154960970394, -0.00139634299558], [0.000109107662865, -0.0006825759192, 0.00141037360299, -0.00133704359178, 5.86363421462e-05, -0.000810735975392, -0.000160402254551, -0.00104327779263, 0.00138800253626, -0.00124032411259, 0.000452138046967, 0.000216244894546, 0.000264570262516], [-0.00033238218748, 0.00102288322523, -0.00133704359178, 0.00290986662731, -0.00046392265358, 0.000623685307801, 0.000386502331821, 0.00151759164874, -0.00103209796362, 0.00214591319673, -0.00143222243059, 0.00104852311779, -0.001200641389], [0.00016226770822, -0.000705368351191, 5.86363421462e-05, -0.00046392265358, 0.00315938750282, -0.00130467559211, -0.000335280812578, 0.00083627726417, -0.00203190580942, 0.000691358873155, -0.000419730262365, -0.000421425880631, 0.000336163153406], [-0.000338268931955, 0.00161017978098, -0.000810735975392, 0.000623685307801, -0.00130467559211, 0.00560362730175, -0.00196738936938, 0.000527965719812, 0.00199124030769, -0.00162173737772, 6.3050276367e-05, 0.000873145647347, -0.00178448949009], [0.000155704372446, -0.000839620654006, -0.000160402254551, 0.000386502331821, -0.000335280812578, -0.00196738936938, 0.00766966631636, -0.00290422234684, -0.000305970897898, 0.00289719272405, -0.00539011135697, 0.00127357034944, -0.00104265008122], [-0.000461549236206, 0.00184160808567, -0.00104327779263, 0.00151759164874, 0.00083627726417, 0.000527965719812, -0.00290422234684, 0.0113139320165, -0.00628824252635, 0.00153123121709, 0.00235386728309, -0.00385107914917, 0.000922612613067], [0.000229905315791, -0.000927893677726, 0.00138800253626, -0.00103209796362, -0.00203190580942, 0.00199124030769, -0.000305970897898, -0.00628824252635, 0.0114269126207, -0.00567715521902, -0.00121274101548, 0.00404495885596, -0.00310708745383], [-0.000421615462983, 0.00209605577402, -0.00124032411259, 0.00214591319673, 0.000691358873155, -0.00162173737772, 0.00289719272405, 0.00153123121709, -0.00567715521902, 0.014967254363, -0.00836050789803, 0.00173682870809, -0.000755355926231], [0.000422914657975, -0.00163437286392, 0.000452138046967, -0.00143222243059, -0.000419730262365, 6.3050276367e-05, -0.00539011135697, 0.00235386728309, -0.00121274101548, -0.00836050789803, 0.0167305618525, -0.0074054482393, 0.00170032423921], [-0.000320772931445, 0.00154960970394, 0.000216244894546, 0.00104852311779, -0.000421425880631, 0.000873145647347, 0.00127357034944, -0.00385107914917, 0.00404495885596, 0.00173682870809, -0.0074054482393, 0.017133180052, -0.00725405337289], [0.000338628684403, -0.00139634299558, 0.000264570262516, -0.001200641389, 0.000336163153406, -0.00178448949009, -0.00104265008122, 0.000922612613067, -0.00310708745383, -0.000755355926231, 0.00170032423921, -0.00725405337289, 0.0162672121078]]}, "melbands": {"dmean": [0.00560898659751, 0.00458129541948, 0.00224086269736, 0.000449550512712, 0.000244275637669, 0.000148289880599, 6.45219915896e-05, 3.5105193092e-05, 6.42771046842e-05, 3.98617776227e-05, 1.53228811541e-05, 1.80837632797e-05, 1.71624487848e-05, 1.3172432773e-05, 1.5254930986e-05, 1.42332701216e-05, 2.07299508475e-05, 1.02674684967e-05, 1.10267747004e-05, 7.24042638467e-06, 9.66521110968e-06, 6.74387638355e-06, 4.29586316386e-06, 2.68471399067e-06, 2.16892090066e-06, 2.55437998931e-06, 2.16965327127e-06, 1.86470447261e-06, 1.81510483799e-06, 1.36102187298e-06, 1.43714669321e-06, 1.29079910494e-06, 9.63941829468e-07, 1.20560332562e-06, 1.07855726128e-06, 9.59543740464e-07, 8.35672040012e-07, 8.73129295087e-07, 7.85274096415e-07, 8.14115253434e-07], "dmean2": [0.00820955820382, 0.00797453057021, 0.00393939204514, 0.000816017040052, 0.000461999326944, 0.000272651464911, 0.000117331983347, 6.17471523583e-05, 0.000118245698104, 7.51956758904e-05, 2.55247196037e-05, 3.00852261716e-05, 2.75593065453e-05, 2.05843025469e-05, 2.55348950304e-05, 2.43240410782e-05, 3.36877383234e-05, 1.74045853782e-05, 1.71709089045e-05, 1.15937027658e-05, 1.55124416779e-05, 1.02792973848e-05, 6.89299486112e-06, 4.24558174927e-06, 3.33859838975e-06, 4.17042201661e-06, 3.52557367478e-06, 2.88710725727e-06, 2.95110203297e-06, 2.13137968785e-06, 2.21729169425e-06, 1.96478754333e-06, 1.45947717556e-06, 1.83890529115e-06, 1.64219625276e-06, 1.44345597164e-06, 1.24842847526e-06, 1.31397212044e-06, 1.15508930776e-06, 1.28937938371e-06], "dvar": [7.18579321983e-05, 8.61264052219e-05, 4.40937510575e-05, 1.7742449927e-06, 6.50648360079e-07, 1.89511538906e-07, 2.60351100678e-08, 6.46186393283e-09, 3.81954983197e-08, 1.64652700363e-08, 2.10540096468e-09, 2.3708126573e-09, 1.7584483869e-09, 1.0019517438e-09, 1.55527968282e-09, 1.65412172848e-09, 3.96177179951e-09, 6.52579046356e-10, 9.49552991791e-10, 3.74224623512e-10, 6.36568020518e-10, 3.94375893054e-10, 1.18371215607e-10, 2.58391415903e-11, 1.68009547247e-11, 5.03408773e-11, 2.92631370524e-11, 1.51215238248e-11, 1.65596408114e-11, 8.51655898582e-12, 8.27609595438e-12, 7.71915083936e-12, 4.32716666318e-12, 6.44740641084e-12, 5.83994701556e-12, 4.51413862887e-12, 3.40591292149e-12, 3.68574311696e-12, 2.90215421139e-12, 3.36190667319e-12], "dvar2": [0.000205748583539, 0.000246089446591, 0.00012175682059, 5.06048854731e-06, 1.89117918126e-06, 5.44220483789e-07, 7.32576310725e-08, 1.77980208349e-08, 1.06530684718e-07, 4.75112891252e-08, 5.50875167704e-09, 5.77384184908e-09, 4.11352818475e-09, 2.31501351422e-09, 3.94658794534e-09, 4.46671677423e-09, 1.02352579745e-08, 1.76929970674e-09, 2.220773343e-09, 9.29426424712e-10, 1.52693924171e-09, 9.10647501851e-10, 2.86087847856e-10, 6.12280712242e-11, 3.93399340881e-11, 1.34269456664e-10, 7.66730776092e-11, 3.50512084635e-11, 4.16060970398e-11, 2.02213905343e-11, 1.89465821504e-11, 1.73849337703e-11, 8.47797700099e-12, 1.37341561735e-11, 1.32132802963e-11, 1.00400347758e-11, 6.57083155248e-12, 7.9239574971e-12, 6.08241755573e-12, 8.03837378605e-12], "max": [0.0579517073929, 0.0729240775108, 0.0574852265418, 0.0180494561791, 0.0077074165456, 0.00430069491267, 0.00205332995392, 0.00146147899795, 0.00186093756929, 0.00130735279527, 0.00118255976122, 0.000452452572063, 0.000437666953076, 0.000373873917852, 0.000800306384917, 0.000623044965323, 0.000818533357233, 0.000449694140116, 0.000633804011159, 0.000352819275577, 0.000421055301558, 0.000425529491622, 0.000102977850474, 0.000107832223875, 5.8205161622e-05, 6.93895563018e-05, 4.52477288491e-05, 4.14942660427e-05, 7.51842380851e-05, 3.78375516448e-05, 3.17755984724e-05, 7.63195930631e-05, 7.18554510968e-05, 2.121702164e-05, 2.15236777876e-05, 1.598414201e-05, 1.62899505085e-05, 1.47717273649e-05, 1.56536771101e-05, 1.17994031825e-05], "mean": [0.0110674742609, 0.00694346474484, 0.00194179196842, 0.000425502832513, 0.000170704530319, 0.000120623451949, 5.58685860597e-05, 3.73566217604e-05, 5.15730498591e-05, 2.70856671705e-05, 1.48485469254e-05, 1.64388984558e-05, 1.76209359779e-05, 1.50831501742e-05, 1.86383822438e-05, 1.33564280986e-05, 2.09557219932e-05, 1.18212501548e-05, 1.32776922328e-05, 8.30359203974e-06, 1.13066989798e-05, 8.00665839051e-06, 4.35764013673e-06, 2.67214090854e-06, 2.2958779482e-06, 2.28376529776e-06, 1.8711566554e-06, 1.81123084531e-06, 1.60870081345e-06, 1.27784664983e-06, 1.39343080718e-06, 1.22844664929e-06, 1.03640752513e-06, 1.14495446724e-06, 9.85573478829e-07, 9.41730263548e-07, 8.64477442519e-07, 8.79106153207e-07, 8.20769571419e-07, 7.26237260551e-07], "median": [0.00544339744374, 0.00402847956866, 0.000601727515459, 0.000164325494552, 2.76134833257e-05, 2.97758106171e-05, 1.37337428896e-05, 7.08809648131e-06, 3.50741311195e-06, 2.31650369642e-06, 2.03620220418e-06, 1.04256730538e-06, 1.52648010499e-06, 2.10300299841e-06, 2.58902991845e-06, 1.51489791733e-06, 2.3319050797e-06, 2.52466020356e-06, 2.10965777114e-06, 1.06381969545e-06, 8.54168320075e-07, 9.80007030194e-07, 6.54805091926e-07, 5.62910202007e-07, 4.97938913213e-07, 2.67920512442e-07, 2.30403344403e-07, 2.32529330901e-07, 1.27671384575e-07, 9.80024950081e-08, 7.79993811761e-08, 6.98228674878e-08, 5.06658857091e-08, 3.81335247823e-08, 2.97664666249e-08, 2.35492265688e-08, 1.87780280214e-08, 1.60426978368e-08, 1.34188686829e-08, 1.28830004442e-08], "min": [6.05478175851e-18, 5.07400156443e-18, 3.53384751213e-18, 2.0040714746e-18, 9.09143974897e-19, 5.40162950369e-19, 6.14179588568e-19, 6.46343059121e-19, 4.10438101908e-19, 1.80378662063e-19, 2.66428516352e-19, 5.08259007733e-19, 8.942876043e-19, 1.99460025659e-18, 3.31561948216e-18, 3.16754484673e-18, 2.24811395034e-18, 1.89896246135e-18, 7.50966155466e-19, 5.28435804029e-19, 8.16252470987e-19, 7.79084971318e-19, 2.49867936559e-18, 2.22847358067e-18, 7.03823116104e-19, 1.44940499787e-19, 6.11343237946e-19, 8.47621124369e-19, 1.04748248772e-18, 6.00525318196e-19, 2.2673834846e-19, 5.82528659802e-19, 7.07707246068e-19, 3.38087612258e-19, 1.52064489415e-19, 1.18716558263e-18, 6.56788592499e-19, 9.43137685953e-19, 9.57514808782e-19, 1.38088001175e-18], "var": [0.00018401806301, 9.01567545952e-05, 2.87314996967e-05, 1.06240941022e-06, 3.6091537936e-07, 1.12550686993e-07, 1.76984666922e-08, 6.41610631291e-09, 3.17359258872e-08, 9.79941905399e-09, 1.96983074296e-09, 2.29169927479e-09, 2.09507411419e-09, 1.29365163026e-09, 2.12383688414e-09, 1.42741463094e-09, 3.64944141573e-09, 7.61048501996e-10, 1.33152711079e-09, 4.38451636109e-10, 1.0394751726e-09, 6.1847010846e-10, 1.24494289877e-10, 2.81356292431e-11, 1.93525022396e-11, 3.94109224422e-11, 2.3280764469e-11, 1.57025451669e-11, 1.45705184029e-11, 8.46928603637e-12, 9.1893550061e-12, 8.88514522374e-12, 6.12484889195e-12, 7.41202758892e-12, 6.23536292044e-12, 5.1355543082e-12, 4.50168374799e-12, 4.50455384798e-12, 3.91609010844e-12, 3.38950915946e-12]}, "mfcc": {"mean": [-756.203308105, 140.011581421, 16.9821224213, 41.8114967346, 34.7953414917, 24.8441104889, 12.3552932739, 6.52895689011, 5.581199646, 8.27792930603, 8.78784370422, 7.80368804932, 5.44149637222], "cov": [[11882.1416016, -1838.8248291, 1063.33056641, 115.414863586, -355.868408203, 67.026725769, -125.327201843, 70.1494140625, 46.4478492737, -174.713821411, -336.976623535, -271.732055664, -282.50302124], [-1838.8248291, 3039.42260742, -449.131439209, 302.502868652, 251.03755188, -9.03483486176, 170.290588379, 66.1495361328, 47.2487678528, 121.006080627, 201.710083008, 113.092834473, 122.518417358], [1063.33056641, -449.131439209, 1344.56188965, 375.688049316, 77.2559127808, 203.843673706, 181.831375122, -15.4392929077, -105.211830139, -16.6575832367, -81.943901062, -164.231521606, -189.837432861], [115.414863586, 302.502868652, 375.688049316, 612.03692627, 211.146484375, 96.0509414673, 73.3460769653, 23.5692081451, -17.7149753571, 25.3089809418, 32.0163879395, -41.421787262, -50.1441917419], [-355.868408203, 251.03755188, 77.2559127808, 211.146484375, 358.017028809, 138.60168457, 59.4268951416, 18.2900009155, 15.0905714035, 43.9346618652, 28.0533771515, 5.17956495285, 14.9572906494], [67.026725769, -9.03483486176, 203.843673706, 96.0509414673, 138.60168457, 288.022705078, 160.119155884, 15.7546758652, -9.091132164, 31.1624355316, 16.2600040436, 1.0165476799, -4.39247083664], [-125.327201843, 170.290588379, 181.831375122, 73.3460769653, 59.4268951416, 160.119155884, 252.195083618, 75.3866653442, -17.079126358, 16.4504165649, 24.3323516846, 16.1013259888, 15.7631549835], [70.1494140625, 66.1495361328, -15.4392929077, 23.5692081451, 18.2900009155, 15.7546758652, 75.3866653442, 145.72102356, 62.9262504578, -3.64645886421, 6.72925901413, 46.2933883667, 50.4151344299], [46.4478492737, 47.2487678528, -105.211830139, -17.7149753571, 15.0905714035, -9.091132164, -17.079126358, 62.9262504578, 129.079574585, 61.3337593079, 29.8478927612, 43.1983184814, 44.4682617188], [-174.713821411, 121.006080627, -16.6575832367, 25.3089809418, 43.9346618652, 31.1624355316, 16.4504165649, -3.64645886421, 61.3337593079, 140.068130493, 89.1782150269, 22.7314834595, 26.0163288116], [-336.976623535, 201.710083008, -81.943901062, 32.0163879395, 28.0533771515, 16.2600040436, 24.3323516846, 6.72925901413, 29.8478927612, 89.1782150269, 147.879104614, 87.7358398438, 56.3456764221], [-271.732055664, 113.092834473, -164.231521606, -41.421787262, 5.17956495285, 1.0165476799, 16.1013259888, 46.2933883667, 43.1983184814, 22.7314834595, 87.7358398438, 163.279403687, 113.531356812], [-282.50302124, 122.518417358, -189.837432861, -50.1441917419, 14.9572906494, -4.39247083664, 15.7631549835, 50.4151344299, 44.4682617188, 26.0163288116, 56.3456764221, 113.531356812, 149.049850464]], "icov": [[0.000108935193566, 3.31044793711e-05, -6.50342917652e-05, -4.41144147771e-05, 0.000142729855725, -0.000118821764772, 0.000142068325658, -0.000121959819808, -0.000133839523187, 4.64601944259e-05, 0.000102741774754, 3.09997885779e-05, 5.93584991293e-05], [3.31044793711e-05, 0.000484559801407, 0.000239008440985, -0.000289480842184, -0.000214843355934, 0.000394151138607, -0.000637121964246, 0.000186908684555, -0.000126813232782, 3.54171679646e-05, -0.000369335582945, 0.000153141227202, -3.65766973118e-05], [-6.50342917652e-05, 0.000239008440985, 0.0014900873648, -0.000809263496194, 0.000129813677631, -0.000207231525565, -0.000941781909205, -4.03784506489e-05, 0.000770352722611, -0.000779363093898, 0.000622376915999, -0.000113039488497, 0.00115701963659], [-4.41144147771e-05, -0.000289480842184, -0.000809263496194, 0.00286574428901, -0.0014247460058, 9.81371704256e-05, 0.000494915700983, -0.000820284534711, 0.000185523822438, 0.000656649237499, -0.00155454513151, 0.000752336345613, 0.000303358479869], [0.000142729855725, -0.000214843355934, 0.000129813677631, -0.0014247460058, 0.0047878283076, -0.00256568449549, 0.00123501347844, -0.00061613752041, 0.000103837504867, -0.00101157533936, 0.000962034915574, 0.000128654472064, -0.000661227561068], [-0.000118821764772, 0.000394151138607, -0.000207231525565, 9.81371704256e-05, -0.00256568449549, 0.00767073733732, -0.00535626430064, 0.00278504192829, -0.00122089032084, -0.000290717056487, 0.000282834371319, -0.000887436675839, 0.000311873009196], [0.000142068325658, -0.000637121964246, -0.000941781909205, 0.000494915700983, 0.00123501347844, -0.00535626430064, 0.010819721967, -0.00731239514425, 0.00512755289674, -0.0022084817756, -0.000192428735318, 0.000200823924388, -0.000417214381741], [-0.000121959819808, 0.000186908684555, -4.03784506489e-05, -0.000820284534711, -0.00061613752041, 0.00278504192829, -0.00731239514425, 0.0163582637906, -0.0105750784278, 0.00613595079631, -0.000363476079656, -0.000418394862209, -0.00278791692108], [-0.000133839523187, -0.000126813232782, 0.000770352722611, 0.000185523822438, 0.000103837504867, -0.00122089032084, 0.00512755289674, -0.0105750784278, 0.0197685118765, -0.0122731784359, 0.00536579219624, -0.00403614528477, 0.0011727277888], [4.64601944259e-05, 3.54171679646e-05, -0.000779363093898, 0.000656649237499, -0.00101157533936, -0.000290717056487, -0.0022084817756, 0.00613595079631, -0.0122731784359, 0.0215571019799, -0.0143406055868, 0.00831596273929, -0.00347587792203], [0.000102741774754, -0.000369335582945, 0.000622376915999, -0.00155454513151, 0.000962034915574, 0.000282834371319, -0.000192428735318, -0.000363476079656, 0.00536579219624, -0.0143406055868, 0.0218567233533, -0.0124877486378, 0.00297475559637], [3.09997885779e-05, 0.000153141227202, -0.000113039488497, 0.000752336345613, 0.000128654472064, -0.000887436675839, 0.000200823924388, -0.000418394862209, -0.00403614528477, 0.00831596273929, -0.0124877486378, 0.0205612611026, -0.0110648954287], [5.93584991293e-05, -3.65766973118e-05, 0.00115701963659, 0.000303358479869, -0.000661227561068, 0.000311873009196, -0.000417214381741, -0.00278791692108, 0.0011727277888, -0.00347587792203, 0.00297475559637, -0.0110648954287, 0.0170505102724]]}, "spectral_contrast_coeffs": {"dmean": [0.0592850409448, 0.0446841306984, 0.0346665941179, 0.0299111697823, 0.0228070449084, 0.021706411615], "dmean2": [0.0943695232272, 0.0741736143827, 0.0566671825945, 0.0469375066459, 0.0357856228948, 0.0340462177992], "dvar": [0.00286875618622, 0.00139022641815, 0.000858113344293, 0.00072404590901, 0.00042039717664, 0.000394331407733], "dvar2": [0.00713266292587, 0.00374883273616, 0.00215506507084, 0.00168171047699, 0.000941239239182, 0.000885465648025], "max": [-0.361763238907, -0.368207752705, -0.5441634655, -0.536934554577, -0.473616421223, -0.52525395155], "mean": [-0.661754250526, -0.750055909157, -0.816618978977, -0.802881777287, -0.817225813866, -0.796475410461], "median": [-0.664406120777, -0.753498315811, -0.82776427269, -0.817031443119, -0.827671408653, -0.799139618874], "min": [-0.992365479469, -0.975877940655, -0.962310731411, -0.970034182072, -0.959239304066, -0.960794866085], "var": [0.00764358090237, 0.00437779165804, 0.00346762430854, 0.00368173234165, 0.00262551498599, 0.00140247994568]}, "spectral_contrast_valleys": {"dmean": [0.525587022305, 0.595266401768, 0.539525389671, 0.476917892694, 0.528542876244, 0.652802467346], "dmean2": [0.833083212376, 0.929360330105, 0.816842556, 0.687604188919, 0.682557761669, 0.804889440536], "dvar": [0.277991712093, 0.465784698725, 0.457464545965, 0.35075673461, 0.383109480143, 0.680326282978], "dvar2": [0.541731476784, 1.01010799408, 0.946277976036, 0.691577613354, 0.683582901955, 1.10802209377], "max": [-4.92532396317, -4.70988893509, -5.23980236