{"lowlevel": {"average_loudness": 0.904256343842, "barkbands_crest": {"dmean": 1.87219953537, "dmean2": 2.94736003876, "dvar": 3.39004445076, "dvar2": 7.82211494446, "max": 26.4120731354, "mean": 12.1729698181, "median": 11.5435009003, "min": 4.13309907913, "var": 15.6144628525}, "barkbands_flatness_db": {"dmean": 0.0176401045173, "dmean2": 0.0282149389386, "dvar": 0.000244525959715, "dvar2": 0.000585185771342, "max": 0.58975225687, "mean": 0.366021037102, "median": 0.369565665722, "min": 0.0429924242198, "var": 0.00289989425801}, "barkbands_kurtosis": {"dmean": 1.55338251591, "dmean2": 2.29496693611, "dvar": 6.39708900452, "dvar2": 12.2588157654, "max": 192.057128906, "mean": 4.49757814407, "median": 3.43527889252, "min": -1.8485918045, "var": 31.3767642975}, "barkbands_skewness": {"dmean": 0.307889968157, "dmean2": 0.457955151796, "dvar": 0.102667078376, "dvar2": 0.221682950854, "max": 8.22000217438, "mean": 1.47355222702, "median": 1.46502041817, "min": -2.37457132339, "var": 0.880252182484}, "barkbands_spread": {"dmean": 0.802412986755, "dmean2": 1.23976838589, "dvar": 1.13450372219, "dvar2": 2.72438311577, "max": 94.5142593384, "mean": 4.85362815857, "median": 4.14311408997, "min": 0.131063058972, "var": 16.8239784241}, "dissonance": {"dmean": 0.0354814827442, "dmean2": 0.0596448816359, "dvar": 0.00104685663246, "dvar2": 0.002849110635, "max": 0.500000059605, "mean": 0.371529072523, "median": 0.377811849117, "min": 0.0683472156525, "var": 0.0042625721544}, "dynamic_complexity": 2.35924744606, "erbbands_crest": {"dmean": 1.87568295002, "dmean2": 2.89797329903, "dvar": 3.8785340786, "dvar2": 8.69881153107, "max": 32.9644737244, "mean": 11.9508419037, "median": 10.9325180054, "min": 2.13899898529, "var": 25.1065425873}, "erbbands_flatness_db": {"dmean": 0.0119453556836, "dmean2": 0.0192345194519, "dvar": 0.000128761210362, "dvar2": 0.000296732207062, "max": 0.548673808575, "mean": 0.377691179514, "median": 0.377356290817, "min": 0.0497400797904, "var": 0.00230474513955}, "erbbands_kurtosis": {"dmean": 0.650083482265, "dmean2": 0.961780428886, "dvar": 1.14929640293, "dvar2": 2.16388678551, "max": 40.9974708557, "mean": 0.82147359848, "median": 0.121336221695, "min": -1.6939176321, "var": 6.77104854584}, "erbbands_skewness": {"dmean": 0.226408287883, "dmean2": 0.338269114494, "dvar": 0.0505893789232, "dvar2": 0.112244479358, "max": 5.21048545837, "mean": 0.59146797657, "median": 0.58834207058, "min": -2.45783281326, "var": 0.419002652168}, "erbbands_spread": {"dmean": 1.63762843609, "dmean2": 2.48693013191, "dvar": 2.85249328613, "dvar2": 6.42074680328, "max": 107.664306641, "mean": 13.4356489182, "median": 13.3748569489, "min": 0.56418466568, "var": 38.6369438171}, "hfc": {"dmean": 2.66643333435, "dmean2": 3.65231251717, "dvar": 15.5972604752, "dvar2": 27.3636264801, "max": 103.881034851, "mean": 11.7540712357, "median": 10.3194656372, "min": 1.17190237566e-16, "var": 66.6563339233}, "melbands_crest": {"dmean": 2.51791095734, "dmean2": 3.94216156006, "dvar": 6.17700624466, "dvar2": 14.3347415924, "max": 32.9255485535, "mean": 15.8604707718, "median": 15.1344099045, "min": 1.38007342815, "var": 29.1953029633}, "melbands_flatness_db": {"dmean": 0.0197184756398, "dmean2": 0.0316355153918, "dvar": 0.000318634789437, "dvar2": 0.000759371963795, "max": 0.714820444584, "mean": 0.480486959219, "median": 0.487223803997, "min": 0.00292465602979, "var": 0.00624542310834}, "melbands_kurtosis": {"dmean": 1.93688249588, "dmean2": 2.891497612, "dvar": 6.59323072433, "dvar2": 13.9773645401, "max": 151.11177063, "mean": 5.97121715546, "median": 4.51132011414, "min": -1.77785909176, "var": 37.0775680542}, "melbands_skewness": {"dmean": 0.338137537241, "dmean2": 0.501776456833, "dvar": 0.116162888706, "dvar2": 0.239302948117, "max": 9.10332584381, "mean": 1.72187590599, "median": 1.70551884174, "min": -2.01587462425, "var": 1.04484140873}, "melbands_spread": {"dmean": 1.27603173256, "dmean2": 1.97597646713, "dvar": 5.39110088348, "dvar2": 14.0434494019, "max": 159.320953369, "mean": 8.2150182724, "median": 5.96542549133, "min": 0.445910930634, "var": 219.74546814}, "pitch_salience": {"dmean": 0.049690309912, "dmean2": 0.078415222466, "dvar": 0.00238945125602, "dvar2": 0.00593510176986, "max": 0.847573161125, "mean": 0.537631690502, "median": 0.540560603142, "min": 0.0983490124345, "var": 0.0119684180245}, "silence_rate_20dB": {"dmean": 0, "dmean2": 0, "dvar": 0, "dvar2": 0, "max": 1, "mean": 1, "median": 1, "min": 1, "var": 0}, "silence_rate_30dB": {"dmean": 0.00370507594198, "dmean2": 0.0074104568921, "dvar": 0.00369229144417, "dvar2": 0.00941518042237, "max": 1, "mean": 0.996953725815, "median": 1, "min": 0, "var": 0.00303595163859}, "silence_rate_60dB": {"dmean": 0.00395208084956, "dmean2": 0.00790448766202, "dvar": 0.00393610727042, "dvar2": 0.00858165509999, "max": 1, "mean": 0.0500164665282, "median": 0, "min": 0, "var": 0.0475154407322}, "spectral_centroid": {"dmean": 34.7396240234, "dmean2": 51.516960144, "dvar": 4477.68505859, "dvar2": 6890.24707031, "max": 11023.0058594, "mean": 491.116821289, "median": 416.660247803, "min": 195.437423706, "var": 190104.359375}, "spectral_complexity": {"dmean": 1.27092337608, "dmean2": 2.07632780075, "dvar": 1.85463821888, "dvar2": 4.00691604614, "max": 25, "mean": 11.6325950623, "median": 12, "min": 0, "var": 13.834854126}, "spectral_decrease": {"dmean": 2.14743534066e-09, "dmean2": 3.07446446079e-09, "dvar": 7.4046594545e-18, "dvar2": 1.49561864811e-17, "max": 3.61776333092e-18, "mean": -8.18152923188e-09, "median": -7.19999704302e-09, "min": -4.3486362955e-08, "var": 2.9471065488e-17}, "spectral_energy": {"dmean": 0.00833681318909, "dmean2": 0.0119200302288, "dvar": 0.00011161040311, "dvar2": 0.000224512026762, "max": 0.167150869966, "mean": 0.0319452024996, "median": 0.0281998217106, "min": 1.0712581853e-20, "var": 0.000443723751232}, "spectral_energyband_high": {"dmean": 1.41441688584e-07, "dmean2": 1.80448637366e-07, "dvar": 1.90002039709e-13, "dvar2": 2.79664854642e-13, "max": 1.35942236739e-05, "mean": 3.31024438083e-07, "median": 9.66821005477e-08, "min": 7.68734324604e-21, "var": 5.56775383177e-13}, "spectral_energyband_low": {"dmean": 0.00238569499925, "dmean2": 0.00366684165783, "dvar": 2.58254622167e-05, "dvar2": 5.69863623241e-05, "max": 0.0832924619317, "mean": 0.00697363261133, "median": 0.000741566182114, "min": 2.81204426469e-23, "var": 0.000135664231493}, "spectral_energyband_middle_high": {"dmean": 0.000613399373833, "dmean2": 0.000764657161199, "dvar": 2.60734555013e-06, "dvar2": 4.51351843367e-06, "max": 0.055517051369, "mean": 0.00271098851226, "median": 0.0018439986743, "min": 1.64741046439e-21, "var": 1.28387709992e-05}, "spectral_energyband_middle_low": {"dmean": 0.00681305071339, "dmean2": 0.00984139740467, "dvar": 8.37855477585e-05, "dvar2": 0.00017077953089, "max": 0.131953805685, "mean": 0.0231974367052, "median": 0.0198157262057, "min": 3.19853057244e-22, "var": 0.000280909909634}, "spectral_entropy": {"dmean": 0.125438287854, "dmean2": 0.197422668338, "dvar": 0.0219273939729, "dvar2": 0.0496508255601, "max": 9.79148101807, "mean": 5.70022296906, "median": 5.69862794876, "min": 3.65662169456, "var": 0.265534579754}, "spectral_flux": {"dmean": 0.0207709800452, "dmean2": 0.0333603397012, "dvar": 0.000661412719637, "dvar2": 0.00149564433377, "max": 0.253491461277, "mean": 0.0517076477408, "median": 0.042707234621, "min": 1.03501603121e-10, "var": 0.00137765600812}, "spectral_kurtosis": {"dmean": 32.9076843262, "dmean2": 57.7238273621, "dvar": 871.867492676, "dvar2": 2379.16455078, "max": 359.271575928, "mean": 103.980148315, "median": 104.571411133, "min": -1.20985877514, "var": 2358.89379883}, "spectral_rms": {"dmean": 0.000666431325953, "dmean2": 0.000939645222388, "dvar": 5.66022038129e-07, "dvar2": 1.06374716324e-06, "max": 0.012770043686, "mean": 0.00522868288681, "median": 0.00524519011378, "min": 3.23284693286e-12, "var": 3.82693633583e-06}, "spectral_rolloff": {"dmean": 65.6380767822, "dmean2": 112.20249939, "dvar": 36845.7890625, "dvar2": 75154.109375, "max": 19207.6171875, "mean": 842.256286621, "median": 559.86328125, "min": 129.19921875, "var": 4898242.5}, "spectral_skewness": {"dmean": 1.82036578655, "dmean2": 3.21543097496, "dvar": 2.1918156147, "dvar2": 6.11802959442, "max": 15.9960289001, "mean": 6.82392549515, "median": 6.93560886383, "min": 0.00448167836294, "var": 5.45531845093}, "spectral_spread": {"dmean": 243607.953125, "dmean2": 432546.375, "dvar": 79996592128, "dvar2": 164335386624, "max": 40473640, "mean": 977772.875, "median": 793395.125, "min": 243152.3125, "var": 1431073718270.0}, "spectral_strongpeak": {"dmean": 0.364398598671, "dmean2": 0.590385556221, "dvar": 0.246381640434, "dvar2": 0.550077617168, "max": 14.4279537201, "mean": 1.22682571411, "median": 0.96463572979, "min": 0, "var": 0.964317440987}, "zerocrossingrate": {"dmean": 0.0022071453277, "dmean2": 0.00284005189314, "dvar": 1.28106185002e-05, "dvar2": 1.97077515622e-05, "max": 0.52587890625, "mean": 0.0284945443273, "median": 0.02001953125, "min": 0.0048828125, "var": 0.00350240175612}, "barkbands": {"dmean": [2.09934410123e-06, 0.00081962015247, 0.00158830895089, 0.000589505245443, 0.00403881585225, 0.00201396248303, 0.00106199365109, 0.000953858136199, 0.000511476828251, 0.000454161374364, 9.3910995929e-05, 0.000158112394274, 0.000136877613841, 6.00829407631e-05, 2.81148240902e-05, 1.86892575584e-05, 7.2414504757e-06, 2.98240843222e-06, 1.84544023796e-06, 1.55158957682e-07, 7.04436331489e-08, 1.74649841256e-08, 3.15034265341e-09, 1.23320953449e-09, 1.26471366713e-09, 1.55706103566e-09, 1.53316936924e-09], "dmean2": [3.64636775885e-06, 0.0013821281027, 0.00238161813468, 0.000996926799417, 0.0061125359498, 0.00301757222041, 0.00153623626102, 0.00132173136808, 0.000744252989534, 0.000525746610947, 0.000137754745083, 0.000241365385591, 0.000190882507013, 8.79071449162e-05, 4.11680775869e-05, 2.54052956734e-05, 1.05760627775e-05, 4.09685571867e-06, 2.66105257651e-06, 2.06362386734e-07, 8.80205561771e-08, 2.35881962851e-08, 5.05668928952e-09, 2.19847473559e-09, 2.24926655079e-09, 2.72226263753e-09, 2.70909983335e-09], "dvar": [1.19593840039e-11, 3.4843155845e-06, 1.40587544593e-05, 1.3770456917e-06, 4.68659600301e-05, 1.32900750032e-05, 5.5536538639e-06, 4.33449440607e-06, 3.2598186408e-06, 3.93115942643e-06, 4.57475294979e-07, 1.45869933021e-07, 1.65679765018e-07, 7.86571732192e-08, 2.9061861806e-09, 1.56279700292e-09, 2.10635370257e-10, 5.58108177728e-11, 3.48385244264e-11, 2.3939175837e-13, 6.81915597123e-14, 5.73504917466e-15, 1.65662492066e-16, 2.82758292075e-18, 4.12171402013e-18, 3.3348257888e-18, 3.25364545631e-18], "dvar2": [3.30823424211e-11, 9.95288883132e-06, 2.74080193776e-05, 4.13245561504e-06, 0.000102974416222, 3.15279794449e-05, 1.16799164971e-05, 6.95140442986e-06, 7.49609489503e-06, 5.75189187657e-06, 1.03756588032e-06, 3.51340588622e-07, 3.09573863433e-07, 1.03700699583e-07, 5.98198157675e-09, 2.83128187561e-09, 4.33015845402e-10, 1.03509187332e-10, 5.65566239674e-11, 4.53307096721e-13, 1.05638303552e-13, 1.05508931128e-14, 3.35308024217e-16, 8.07562204529e-18, 1.21828335213e-17, 9.52960124855e-18, 9.48276297354e-18], "max": [0.000114071328426, 0.0325059592724, 0.0594019405544, 0.0214229747653, 0.124354600906, 0.0739263668656, 0.0591415651143, 0.0399623885751, 0.0510224439204, 0.0802583619952, 0.0457310192287, 0.0214106645435, 0.0135912122205, 0.0481728725135, 0.00118277361616, 0.000903802050743, 0.000295048404951, 0.000163499746122, 0.00017618588754, 1.66493591678e-05, 1.06718680399e-05, 2.03345325644e-06, 9.86661234492e-07, 7.01445870277e-08, 1.10063140824e-07, 9.5865033245e-08, 8.5309117992e-08], "mean": [2.2483968678e-06, 0.00154034141451, 0.00482126371935, 0.00128257612232, 0.00864662416279, 0.00535015715286, 0.00342788011767, 0.00257389713079, 0.0012216392206, 0.00183358462527, 0.000241899877437, 0.000397038820665, 0.00030062609585, 0.00015362733393, 7.1160189691e-05, 5.06559736095e-05, 1.88725462067e-05, 6.38423853161e-06, 4.12497547586e-06, 3.47404636614e-07, 1.49182469045e-07, 3.12026351423e-08, 4.17597156854e-09, 1.97226435183e-09, 2.98278401978e-09, 6.50163789473e-09, 5.37178790339e-09], "median": [1.15182740501e-06, 9.64453429333e-05, 0.00020705893985, 0.000646398984827, 0.0055514019914, 0.00281198462471, 0.00193486898206, 0.000850770273246, 0.000567728886381, 0.000755112152547, 0.00012695537589, 0.000233534025028, 0.000139193361974, 8.78684004419e-05, 4.41906304331e-05, 2.59391563304e-05, 7.50847311792e-06, 2.64047275778e-06, 1.38063523991e-06, 1.03522644679e-07, 2.08433590387e-08, 5.17746245876e-09, 1.51180379326e-09, 1.42793155078e-09, 2.43545938972e-09, 5.2557247443e-09, 4.2554022528e-09], "min": [7.25049378618e-23, 2.22989027851e-24, 1.00056790079e-24, 1.80262463457e-23, 2.42109679075e-23, 3.18101786034e-23, 2.70466325609e-23, 9.46999180834e-23, 1.19970155793e-22, 2.57970232445e-23, 6.02664929802e-23, 5.69767095026e-23, 7.5206180617e-23, 2.14429711114e-22, 1.02341298128e-22, 2.2933347718e-22, 1.08889197051e-22, 1.77927930582e-22, 3.27629887861e-22, 6.32183233973e-22, 4.17690969345e-22, 4.78392314011e-22, 4.76332187979e-22, 8.02822809232e-22, 1.20154658368e-21, 1.96251508385e-21, 2.18490348011e-21], "var": [1.13825632947e-11, 8.55946291267e-06, 8.37265033624e-05, 3.00234114547e-06, 0.000107416693936, 4.57264250144e-05, 2.73947625828e-05, 1.8839704353e-05, 6.47335082249e-06, 2.4675979148e-05, 9.99950998448e-07, 3.16799685152e-07, 3.5011467503e-07, 3.5234927509e-07, 9.07998387589e-09, 4.81300777011e-09, 7.67383101508e-10, 1.32026778399e-10, 8.31473362384e-11, 6.18169035925e-13, 1.79222603555e-13, 1.12735638357e-14, 2.93397972187e-16, 3.81388868133e-18, 5.582877287e-18, 2.61735778049e-17, 1.95144363841e-17]}, "erbbands": {"dmean": [0.00549152726308, 0.260116070509, 1.74544584751, 1.65602004528, 8.61135482788, 14.2909555435, 15.5289115906, 15.7092752457, 15.2563962936, 13.3061084747, 22.4690322876, 12.7528419495, 12.9711685181, 10.5086717606, 3.65255784988, 7.21628046036, 6.90090656281, 3.27910327911, 2.02897429466, 1.07997894287, 0.846457242966, 0.2916020751, 0.202838435769, 0.146259918809, 0.0397765524685, 0.00840665213764, 0.00348088075407, 0.00235271989368, 0.000720006646588, 0.000250098382821, 6.23794985586e-05, 2.88766459562e-05, 2.12851318793e-05, 1.62265423569e-05, 1.08394915515e-05, 7.29212388251e-06, 4.29843021266e-06, 1.43250747442e-06, 3.8589464566e-06, 9.21109040064e-06], "dmean2": [0.00925650727004, 0.427975147963, 2.62517929077, 2.6643717289, 13.5246362686, 21.3360939026, 22.9208621979, 24.2661247253, 22.3462352753, 19.4375095367, 30.9977970123, 18.3838005066, 15.388130188, 12.5796146393, 5.33311653137, 10.9946813583, 9.57786941528, 4.68983125687, 2.95071864128, 1.56095552444, 1.13100099564, 0.431631505489, 0.290847152472, 0.192553684115, 0.061427347362, 0.0114922011271, 0.00454856315628, 0.00288278912194, 0.000919477199204, 0.00037673159386, 9.69333850662e-05, 4.97767541674e-05, 3.65853666153e-05, 2.70433320111e-05, 1.79622602445e-05, 1.17220215543e-05, 6.81480105413e-06, 2.39125688495e-06, 5.48885736862e-06, 1.3147631762e-05], "dvar": [0.000156911075464, 0.338486671448, 16.1307888031, 8.94171524048, 247.915893555, 690.912414551, 1153.36755371, 1060.3145752, 941.318786621, 1036.39697266, 2797.63500977, 2168.78857422, 5350.72265625, 956.284973145, 485.591796875, 339.490783691, 423.686920166, 236.703613281, 15.9527807236, 2.58091115952, 5.67615842819, 0.358743309975, 0.222012773156, 0.309923946857, 0.0192334540188, 0.000551470380742, 0.00015344491112, 9.82369019766e-05, 8.07924698165e-06, 9.60216652857e-07, 3.66703893917e-08, 1.96121119345e-09, 6.82604306412e-10, 3.75982911471e-10, 3.42711276025e-10, 7.31705668278e-11, 2.38773792405e-11, 2.91402145469e-12, 2.36374132073e-11, 1.36376507309e-10], "dvar2": [0.00044479110511, 0.928192317486, 32.8269805908, 23.2532157898, 611.07824707, 1534.97619629, 2563.38085938, 2676.04296875, 2208.12768555, 1954.40356445, 4425.23632812, 4939.18994141, 7528.37890625, 1621.04089355, 1191.10766602, 825.509765625, 792.215209961, 335.29397583, 28.2804298401, 5.68414926529, 10.2111024857, 0.762577295303, 0.421728819609, 0.456240832806, 0.0474424175918, 0.00106688751839, 0.00028445982025, 0.000145359896123, 1.34901056299e-05, 2.04573530027e-06, 5.61182993408e-08, 4.60516824674e-09, 1.93741334087e-09, 1.00127239833e-09, 9.47175560206e-10, 1.79304723846e-10, 5.4535733568e-11, 7.70562866986e-12, 4.66314660497e-11, 2.72889516539e-10], "max": [0.313478857279, 9.73340511322, 63.6761245728, 46.8421363831, 234.122894287, 527.909423828, 606.101379395, 832.728393555, 602.966369629, 753.261535645, 1042.46203613, 1476.06677246, 3098.50366211, 1513.67248535, 2172.17163086, 1066.46582031, 704.52545166, 2463.99926758, 480.842071533, 33.0388145447, 60.7224960327, 14.6423683167, 11.0586395264, 13.1355724335, 7.87996196747, 0.627023816109, 0.352211982012, 0.303991913795, 0.0667566806078, 0.0596310719848, 0.020715713501, 0.00334574189037, 0.000501597649418, 0.000379642966436, 0.00117458275054, 0.000288739101961, 0.000213475155761, 0.000107687279524, 7.70459882915e-05, 0.000183016003575], "mean": [0.0110522285104, 0.552327930927, 5.12795495987, 4.67248392105, 15.6343822479, 32.3962936401, 36.0417633057, 41.9917907715, 52.3688850403, 39.3883590698, 61.4805679321, 32.4922180176, 46.026386261, 45.1443786621, 11.7805280685, 18.7179546356, 15.828918457, 8.94261264801, 5.35499095917, 3.29978108406, 2.2977669239, 0.799140810966, 0.458786219358, 0.307753294706, 0.0958846434951, 0.0193819571286, 0.00784792564809, 0.00434626126662, 0.00142738490831, 0.000412314257119, 0.000113180103654, 5.59752734262e-05, 5.48943135072e-05, 5.23759736097e-05, 3.9086171455e-05, 3.22561645589e-05, 2.24395644182e-05, 7.77711466071e-06, 1.58535458468e-05, 3.55674274033e-05], "median": [0.00160158891231, 0.0306345894933, 0.259261161089, 2.10788106918, 8.98585605621, 16.9202384949, 21.0545196533, 17.2852802277, 33.2627029419, 18.4753513336, 21.7176513672, 16.3734817505, 14.4159107208, 18.3615531921, 8.60649490356, 10.6641693115, 7.92892932892, 5.70156860352, 3.59459996223, 2.28407859802, 1.14046144485, 0.430564969778, 0.203224718571, 0.0900517329574, 0.042863316834, 0.00790318287909, 0.00177832343616, 0.000583809276577, 0.000213490449823, 0.000130211294163, 5.75264493818e-05, 4.20093347202e-05, 4.70580343972e-05, 4.68037105747e-05, 3.50708869519e-05, 2.94487945212e-05, 2.04667885555e-05, 6.5557378548e-06, 1.41620785143e-05, 3.15211400448e-05], "min": [2.73668974667e-22, 4.46689748656e-22, 1.24520853279e-21, 2.33231247748e-20, 9.83910142129e-20, 5.17973875673e-20, 1.18576922421e-19, 2.79646087059e-19, 3.86430580496e-19, 8.32183452597e-19, 2.17799653815e-18, 3.04758566673e-18, 1.23689330291e-18, 1.45835199017e-18, 2.53983098068e-18, 2.36499705243e-18, 3.44071772851e-18, 7.77833995058e-18, 8.68257491874e-18, 7.3174464938e-18, 1.14861009457e-17, 8.39272007875e-18, 9.38724842821e-18, 8.91343358308e-18, 2.4095987965e-17, 2.41131833956e-17, 2.03570703849e-17, 1.66800672736e-17, 1.57514279959e-17, 1.52740306315e-17, 1.51589631908e-17, 1.59603440401e-17, 1.37746929793e-17, 1.11154462763e-17, 1.03105631444e-17, 7.14409425282e-18, 3.52477499518e-18, 1.50426878597e-18, 2.94285064251e-19, 3.27923604631e-20], "var": [0.000434857676737, 0.996107578278, 93.5719985962, 35.6933174133, 461.195465088, 1844.0534668, 2057.53442383, 3894.03662109, 3947.00170898, 4721.73535156, 11572.0634766, 4237.72314453, 33020.2890625, 5136.35546875, 843.507568359, 725.440246582, 888.036804199, 1003.99523926, 62.3898391724, 10.5756597519, 14.8250656128, 1.12138879299, 0.540215075016, 0.79561829567, 0.0289990864694, 0.0012953922851, 0.000353207375156, 0.000239231536398, 2.05229407584e-05, 1.57578460858e-06, 1.47728314914e-07, 4.08996747581e-09, 1.2615012368e-09, 9.29252508275e-10, 5.97191740503e-10, 3.05869135575e-10, 1.55683479997e-10, 2.94640631338e-11, 9.46607653374e-11, 5.42039302331e-10]}, "gfcc": {"mean": [-181.639312744, 247.837615967, -122.379608154, -64.473991394, -13.1259431839, -36.4079360962, -32.8211746216, -13.4618082047, -20.1695537567, -13.1333808899, -7.23548412323, -11.6921367645, -4.48800230026], "cov": [[12857.8847656, 4448.17919922, -1390.01171875, -235.283599854, 709.746887207, -791.147644043, 131.643234253, -380.647033691, -48.8753738403, -245.438796997, 14.9447908401, -343.909912109, 6.98339271545], [4448.17919922, 2345.81323242, 193.296096802, -199.991394043, 568.963378906, -11.2347946167, -55.2773857117, -124.872062683, -47.8485031128, -211.797058105, 31.1746845245, -203.904983521, -49.8571166992], [-1390.01171875, 193.296096802, 1008.27276611, 73.6563491821, 206.241729736, 424.257781982, -54.3380775452, 35.1961326599, 11.8397064209, -81.2740478516, 10.5723237991, -47.0303955078, -74.6553649902], [-235.283599854, -199.991394043, 73.6563491821, 454.776672363, 167.384414673, 115.096565247, 179.314712524, 20.0224781036, 46.0002555847, 42.4722366333, -9.10220050812, -3.83960485458, -19.9622821808], [709.746887207, 568.963378906, 206.241729736, 167.384414673, 441.177978516, 186.003479004, 40.7413635254, 18.3629245758, 9.04304981232, -55.5239868164, 37.8946304321, -67.628112793, -25.8021278381], [-791.147644043, -11.2347946167, 424.257781982, 115.096565247, 186.003479004, 343.82321167, 74.5150527954, 33.9765090942, 24.4376029968, -12.1016902924, 3.44602108002, -1.8126373291, -19.4984092712], [131.643234253, -55.2773857117, -54.3380775452, 179.314712524, 40.7413635254, 74.5150527954, 223.172302246, 62.0387954712, 15.2497901917, 39.1626739502, -11.9144620895, -16.5271663666, 3.73279190063], [-380.647033691, -124.872062683, 35.1961326599, 20.0224781036, 18.3629245758, 33.9765090942, 62.0387954712, 132.157791138, 39.7933044434, 22.0567188263, 19.6431293488, -13.1212654114, -16.5446453094], [-48.8753738403, -47.8485031128, 11.8397064209, 46.0002555847, 9.04304981232, 24.4376029968, 15.2497901917, 39.7933044434, 96.8533706665, 51.5398330688, -0.0791150033474, 11.5427961349, -6.75813388824], [-245.438796997, -211.797058105, -81.2740478516, 42.4722366333, -55.5239868164, -12.1016902924, 39.1626739502, 22.0567188263, 51.5398330688, 97.4560470581, 16.3166046143, 27.4352340698, 11.8792572021], [14.9447908401, 31.1746845245, 10.5723237991, -9.10220050812, 37.8946304321, 3.44602108002, -11.9144620895, 19.6431293488, -0.0791150033474, 16.3166046143, 68.9485397339, 19.1293087006, -0.652867496014], [-343.909912109, -203.904983521, -47.0303955078, -3.83960485458, -67.628112793, -1.8126373291, -16.5271663666, -13.1212654114, 11.5427961349, 27.4352340698, 19.1293087006, 98.6687545776, 44.2644233704], [6.98339271545, -49.8571166992, -74.6553649902, -19.9622821808, -25.8021278381, -19.4984092712, 3.73279190063, -16.5446453094, -6.75813388824, 11.8792572021, -0.652867496014, 44.2644233704, 77.6359863281]], "icov": [[0.00136294832919, -0.00327250151895, 0.0025679175742, -0.00177894590888, 0.00213668565266, -0.000646614818834, -1.62035648827e-05, 0.000822016445454, -0.00140246143565, 0.000912671443075, -0.00132854573894, 0.00102467276156, -0.000345699867466], [-0.00327250151895, 0.0111798001453, -0.00889529660344, 0.00993838533759, -0.0119253396988, 0.00840962026268, -0.00781449396163, 0.00529922172427, -0.0022579128854, 0.00177772389725, 0.00182040396612, -0.00223801820539, 0.00195207772776], [0.0025679175742, -0.00889529660344, 0.0107157733291, -0.00946894194931, 0.0115297241136, -0.0124110458419, 0.00994452554733, -0.00533888163045, 0.00146230554674, 0.00108384224586, -0.00356718059629, 0.00500831147656, -0.00189892610069], [-0.00177894590888, 0.00993838533759, -0.00946894194931, 0.0173557605594, -0.0175778903067, 0.0152922142297, -0.0186100471765, 0.0132203260437, -0.00826925691217, 0.00284241163172, 0.0024223451037, -0.0054147541523, 0.00556323817], [0.00213668565266, -0.0119253396988, 0.0115297241136, -0.0175778903067, 0.0243999697268, -0.0204865597188, 0.018783852458, -0.0131148323417, 0.00600114651024, -0.000213872510358, -0.0070977313444, 0.0091109322384, -0.00671635521576], [-0.000646614818834, 0.00840962026268, -0.0124110458419, 0.0152922142297, -0.0204865597188, 0.027544606477, -0.0231197793037, 0.0155289936811, -0.0103500848636, 0.00381167861633, 0.00318691553548, -0.00838826596737, 0.00531156687066], [-1.62035648827e-05, -0.00781449396163, 0.00994452554733, -0.0186100471765, 0.018783852458, -0.0231197793037, 0.0320698991418, -0.022968692705, 0.0168283954263, -0.0108028622344, 0.00336649524979, 0.00584194017574, -0.00642447220162], [0.000822016445454, 0.00529922172427, -0.00533888163045, 0.0132203260437, -0.0131148323417, 0.0155289936811, -0.022968692705, 0.0290594715625, -0.019683342427, 0.0113069694489, -0.00917487498373, 0.00246312585659, 0.00350805628113], [-0.00140246143565, -0.0022579128854, 0.00146230554674, -0.00826925691217, 0.00600114651024, -0.0103500848636, 0.0168283954263, -0.019683342427, 0.0319660715759, -0.0212951805443, 0.0125667639077, -0.0062266481109, 0.00204419787042], [0.000912671443075, 0.00177772389725, 0.00108384224586, 0.00284241163172, -0.000213872510358, 0.00381167861633, -0.0108028622344, 0.0113069694489, -0.0212951805443, 0.0308509133756, -0.0147604178637, 0.00523641053587, -0.00303612649441], [-0.00132854573894, 0.00182040396612, -0.00356718059629, 0.0024223451037, -0.0070977313444, 0.00318691553548, 0.00336649524979, -0.00917487498373, 0.0125667639077, -0.0147604178637, 0.0291563738137, -0.0137586258352, 0.0062477402389], [0.00102467276156, -0.00223801820539, 0.00500831147656, -0.0054147541523, 0.0091109322384, -0.00838826596737, 0.00584194017574, 0.00246312585659, -0.0062266481109, 0.00523641053587, -0.0137586258352, 0.0267076417804, -0.013626774773], [-0.000345699867466, 0.00195207772776, -0.00189892610069, 0.00556323817, -0.00671635521576, 0.00531156687066, -0.00642447220162, 0.00350805628113, 0.00204419787042, -0.00303612649441, 0.0062477402389, -0.013626774773, 0.0223924871534]]}, "melbands": {"dmean": [0.000129163818201, 0.000712261360604, 0.000378144177375, 0.000989756546915, 0.000500215392094, 0.000354313582648, 0.000238480526605, 0.000152591324877, 0.000169461753103, 7.55369837862e-05, 6.47864071652e-05, 4.5241911721e-05, 1.29039353851e-05, 1.81132181751e-05, 1.61709522217e-05, 1.22719693536e-05, 6.08134132563e-06, 3.56043733518e-06, 1.64150469573e-06, 1.59068258654e-06, 9.66061634244e-07, 3.06061195943e-07, 3.4570086882e-07, 1.01397510832e-07, 1.31185174723e-07, 4.3766018365e-08, 1.29924835335e-08, 4.4231946994e-09, 1.91955051854e-09, 1.87562565479e-09, 1.13107201383e-09, 4.43161590757e-10, 2.60842403232e-10, 1.01227054516e-10, 3.74858338814e-11, 1.90347494711e-11, 1.61770215279e-11, 1.42228138988e-11, 1.34461036055e-11, 1.20940826798e-11], "dmean2": [0.000219005145482, 0.00108475121669, 0.000613451353274, 0.00149379787035, 0.000748060643673, 0.000540977402125, 0.000347807130311, 0.000221020702156, 0.000235255574808, 0.000107427258627, 7.66214507166e-05, 5.40296532563e-05, 1.89973634406e-05, 2.77931321762e-05, 2.31948451983e-05, 1.74437354872e-05, 8.69833547767e-06, 5.2516861615e-06, 2.45425303547e-06, 2.27548252951e-06, 1.28194983517e-06, 4.52307716614e-07, 5.20173898622e-07, 1.37396042987e-07, 1.73031338591e-07, 6.74432172332e-08, 1.99706775561e-08, 5.98921534589e-09, 2.55530130389e-09, 2.36143016252e-09, 1.4172926166e-09, 5.71503233626e-10, 3.85216136767e-10, 1.62074367815e-10, 5.7802821557e-11, 3.35637732884e-11, 2.89017074162e-11, 2.54988339471e-11, 2.35913285435e-11, 2.12804461552e-11], "dvar": [8.57135873389e-08, 2.52094196185e-06, 4.07976529004e-07, 3.44157160725e-06, 9.94498009277e-07, 4.91221840093e-07, 2.38978628886e-07, 1.06807227951e-07, 1.63229046279e-07, 7.74478081667e-08, 1.32160835165e-07, 1.75142833569e-08, 7.93571608426e-09, 2.28763363808e-09, 1.4588880104e-09, 1.1505937314e-09, 1.01565400534e-09, 5.46228721976e-11, 9.52334044957e-12, 6.38815346107e-12, 9.81373836362e-12, 3.65123404601e-13, 6.28154917404e-13, 7.84763218493e-14, 2.55718135469e-13, 1.38660758833e-14, 2.61361883809e-15, 1.69554979035e-16, 5.49768653474e-17, 5.81243272829e-17, 2.54457713624e-17, 3.39451245347e-18, 1.29290056482e-18, 2.25059404461e-19, 2.15062645646e-20, 7.45890578863e-22, 5.73035831695e-22, 3.30264531823e-22, 2.69161587537e-22, 2.18386435466e-22], "dvar2": [2.44543201688e-07, 5.46728142581e-06, 1.13050168693e-06, 7.31992258807e-06, 2.26610245591e-06, 1.22482049392e-06, 5.47781269233e-07, 2.00959149765e-07, 2.667958654e-07, 1.66909430277e-07, 1.86519031331e-07, 3.00445357482e-08, 1.92589038051e-08, 5.66575852901e-09, 2.89249846297e-09, 2.20530038675e-09, 1.29372901281e-09, 9.77261535584e-11, 2.2278087361e-11, 1.24445341185e-11, 1.74818267501e-11, 7.93173361192e-13, 1.37735667056e-12, 1.40024575051e-13, 3.74959774601e-13, 3.32944324779e-14, 6.61865022831e-15, 3.13137863265e-16, 1.03091619004e-16, 1.03613569971e-16, 3.77918903366e-17, 5.85073574014e-18, 2.81291349298e-18, 4.9167108962e-19, 2.85630990823e-20, 2.0138222942e-21, 1.51343850715e-21, 9.99690482355e-22, 7.99252715076e-22, 6.47191483089e-22], "max": [0.00553472153842, 0.0251845233142, 0.00915903970599, 0.0343781076372, 0.0170960556716, 0.0171737205237, 0.0102747045457, 0.0068264240399, 0.0079583292827, 0.00967841688544, 0.0154002215713, 0.00663054361939, 0.00674316473305, 0.00276194605976, 0.00117514608428, 0.00148639630061, 0.005665470846, 0.00101455976255, 7.55006913096e-05, 7.55358269089e-05, 8.01649512141e-05, 1.69094619196e-05, 1.35407835842e-05, 9.61428304436e-06, 1.20342083392e-05, 5.27352176505e-06, 2.55826148532e-06, 4.53749919416e-07, 2.21129525357e-07, 5.21199297054e-07, 1.60048358566e-07, 4.86231712671e-08, 4.65944154371e-08, 3.82235114671e-08, 1.83678459109e-08, 1.24576693405e-09, 1.45921497108e-09, 3.18395698695e-10, 3.08436248764e-10, 2.64633343017e-10], "mean": [0.000244201568421, 0.00198570848443, 0.000995206530206, 0.00199186406098, 0.00123461405747, 0.000960167322773, 0.000803675386123, 0.000446169113275, 0.000458514608908, 0.000187632933375, 0.000229053301155, 0.000192028557649, 3.5863758967e-05, 4.53597858723e-05, 3.89250599255e-05, 2.80141211988e-05, 1.58991406352e-05, 8.70634175953e-06, 4.41650945504e-06, 4.52243239124e-06, 2.32107458942e-06, 7.75495891503e-07, 7.41213511901e-07, 2.046190275e-07, 2.63602174755e-07, 1.0315539356e-07, 2.63957655733e-08, 8.90613893745e-09, 4.12291623064e-09, 4.00156174862e-09, 1.82812132099e-09, 8.21675671947e-10, 4.26571167278e-10, 1.36185285271e-10, 5.89377366356e-11, 2.43476662443e-11, 2.12321913523e-11, 2.32242523823e-11, 2.97954577677e-11, 2.74693271601e-11], "median": [2.03928248084e-05, 0.0001038180053, 0.00062973133754, 0.0010657638777, 0.000821348687168, 0.000407369050663, 0.000498060311656, 0.000198625464691, 0.000171438558027, 8.64808316692e-05, 7.10066087777e-05, 7.65013246564e-05, 2.1883586669e-05, 2.69926713372e-05, 2.21678819798e-05, 1.50886808115e-05, 8.79556318978e-06, 5.1990900829e-06, 2.76266837318e-06, 2.74756939689e-06, 8.29102134503e-07, 3.59855079068e-07, 2.88430385353e-07, 6.74455975513e-08, 6.40821653519e-08, 4.44074714778e-08, 8.47943582016e-09, 3.08756753498e-09, 9.05499453197e-10, 4.58008242443e-10, 2.31275304463e-10, 9.27751139801e-11, 8.49229922495e-11, 4.2587312149e-11, 2.23024133883e-11, 1.47431008374e-11, 1.35753595865e-11, 1.726037889e-11, 2.5423774197e-11, 2.25819311167e-11], "min": [4.85744021175e-24, 5.20540517932e-25, 7.4313639723e-24, 5.37434171433e-24, 3.93408325536e-24, 6.39964750424e-24, 6.30282705547e-24, 1.27540948563e-23, 1.73055540668e-23, 1.92008444564e-23, 5.86678458454e-24, 5.22844622864e-24, 8.83383402176e-24, 6.4171519333e-24, 4.98309234332e-24, 9.28381053729e-24, 1.67096722048e-23, 1.7282968979e-23, 8.29205855155e-24, 1.13055853067e-23, 1.45774916185e-23, 8.03888863238e-24, 1.01522075544e-23, 5.89403262907e-24, 6.61375382025e-24, 1.42695218988e-23, 2.02792804227e-23, 1.56442413993e-23, 1.44000783786e-23, 1.09545974242e-23, 9.42565325007e-24, 7.05900032579e-24, 1.28087218963e-23, 6.14679549601e-24, 8.47243396411e-24, 8.59483835533e-24, 1.08522403551e-23, 9.73421303771e-24, 8.24394198064e-24, 9.58744704401e-24], "var": [2.21309875315e-07, 1.3240498447e-05, 1.38784287174e-06, 7.88401302998e-06, 1.8853546635e-06, 1.83804343123e-06, 1.05762649127e-06, 4.99091186157e-07, 6.45206284844e-07, 1.76096008886e-07, 8.14696932139e-07, 9.49882803525e-08, 1.41208689186e-08, 4.49753301268e-09, 3.3003066946e-09, 2.50445597594e-09, 4.71924410661e-09, 2.15834974893e-10, 2.88081242888e-11, 2.60138785513e-11, 2.41554328623e-11, 1.15673952621e-12, 1.54094586483e-12, 1.87066359039e-13, 6.55160225117e-13, 2.56135715936e-14, 3.65786350184e-15, 3.85822898669e-16, 1.21203916421e-16, 1.36674139405e-16, 5.82332570434e-17, 7.67917340285e-18, 2.24743607583e-18, 2.86933444858e-19, 1.02294227492e-19, 1.12399840125e-21, 8.09557586148e-22, 4.10827298868e-22, 3.9540826148e-22, 3.9055503773e-22]}, "mfcc": {"mean": [-798.374633789, 264.837524414, -11.9997825623, -24.6714859009, 9.94068527222, -13.9470272064, -13.8012685776, -7.35730361938, -12.2673549652, -7.33992910385, -4.16281700134, -8.391040802, -5.44215106964], "cov": [[3945.53417969, 2426.81958008, -725.758117676, 73.3252029419, 381.475860596, -57.3460884094, 80.9607543945, 41.6942138672, -64.3933029175, 9.15190124512, 39.343837738, -16.344379425, 35.2459564209], [2426.81958008, 2002.95544434, 40.3646316528, -15.8670625687, 432.459350586, 199.624389648, 95.9092483521, 114.858154297, -26.2322158813, -15.5540533066, 16.4237785339, -17.4962272644, 25.3769187927], [-725.758117676, 40.3646316528, 693.114318848, 34.473449707, 120.864044189, 270.141845703, 71.4309997559, 98.513053894, 59.9387130737, -9.11477661133, 9.32971668243, 11.1241569519, -13.7363643646], [73.3252029419, -15.8670625687, 34.473449707, 197.419647217, 91.5871124268, 37.6496429443, 67.0182647705, 48.1511421204, 37.2965049744, 25.09623909, 36.5237236023, 27.0748329163, 7.72152614594], [381.475860596, 432.459350586, 120.864044189, 91.5871124268, 337.838409424, 230.042358398, 78.0424575806, 95.1803741455, 29.7281475067, -4.5241765976, 15.6564493179, 26.2313079834, 38.4195899963], [-57.3460884094, 199.624389648, 270.141845703, 37.6496429443, 230.042358398, 331.702453613, 140.105224609, 90.1481399536, 70.2629394531, 8.72025585175, 7.70675420761, 22.5035533905, 29.6253147125], [80.9607543945, 95.9092483521, 71.4309997559, 67.0182647705, 78.0424575806, 140.105224609, 189.343093872, 108.261650085, 34.5593910217, 54.0120315552, 21.2877006531, -10.2494239807, 37.2632637024], [41.6942138672, 114.858154297, 98.513053894, 48.1511421204, 95.1803741455, 90.1481399536, 108.261650085, 126.011878967, 50.6490478516, 27.5713672638, 27.1503982544, 3.20004558563, 19.4040699005], [-64.3933029175, -26.2322158813, 59.9387130737, 37.2965049744, 29.7281475067, 70.2629394531, 34.5593910217, 50.6490478516, 103.044471741, 51.6155662537, 17.9101676941, 25.4716072083, 12.5081768036], [9.15190124512, -15.5540533066, -9.11477661133, 25.09623909, -4.5241765976, 8.72025585175, 54.0120315552, 27.5713672638, 51.6155662537, 110.669754028, 45.6695899963, -8.39891529083, 34.4297409058], [39.343837738, 16.4237785339, 9.32971668243, 36.5237236023, 15.6564493179, 7.70675420761, 21.2877006531, 27.1503982544, 17.9101676941, 45.6695899963, 81.9602508545, 37.9223480225, 4.50424718857], [-16.344379425, -17.4962272644, 11.1241569519, 27.0748329163, 26.2313079834, 22.5035533905, -10.2494239807, 3.20004558563, 25.4716072083, -8.39891529083, 37.9223480225, 95.2922821045, 29.7323513031], [35.2459564209, 25.3769187927, -13.7363643646, 7.72152614594, 38.4195899963, 29.6253147125, 37.2632637024, 19.4040699005, 12.5081768036, 34.4297409058, 4.50424718857, 29.7323513031, 93.0203399658]], "icov": [[18.4512710571, -25.6518058777, 24.3691864014, -22.3304214478, 19.7139415741, -16.7067985535, 13.5247545242, -10.413766861, 7.46704006195, -4.96414136887, 3.01440548897, -1.53289222717, 0.569224655628], [-25.6518058777, 35.664604187, -33.8847885132, 31.0572109222, -27.4270095825, 23.2516403198, -18.8319282532, 14.5079708099, -10.4094438553, 6.92591047287, -4.2097992897, 2.14291262627, -0.796401023865], [24.3691864014, -33.8847885132, 32.2091255188, -29.5374965668, 26.1076278687, -22.1617145538, 17.9740276337, -13.871635437, 9.97194290161, -6.65046072006, 4.05330038071, -2.06930947304, 0.772916316986], [-22.3304214478, 31.0572109222, -29.5374965668, 27.1253757477, -24.0070037842, 20.4163322449, -16.599363327, 12.8439617157, -9.26528263092, 6.20256996155, -3.79870796204, 1.94640243053, -0.729604423046], [19.7139415741, -27.4270095825, 26.1076278687, -24.0070037842, 21.2989692688, -18.1604232788, 14.810382843, -11.5056419373, 8.33418655396, -5.60725069046, 3.45348763466, -1.78216707706, 0.671873509884], [-16.7067985535, 23.2516403198, -22.1617145538, 20.4163322449, -18.1604232788, 15.5468416214, -12.7318964005, 9.93815422058, -7.2431602478, 4.90755939484, -3.04392409325, 1.58317065239, -0.604978322983], [13.5247545242, -18.8319282532, 17.9740276337, -16.599363327, 14.810382843, -12.7318964005, 10.4907341003, -8.23652362823, 6.03882408142, -4.12635946274, 2.58105421066, -1.35277295113, 0.521224498749], [-10.413766861, 14.5079708099, -13.871635437, 12.8439617157, -11.5056419373, 9.93815422058, -8.23652362823, 6.52521324158, -4.81745147705, 3.32114744186, -2.10211539268, 1.11650371552, -0.437932997942], [7.46704006195, -10.4094438553, 9.97194290161, -9.26528263092, 8.33418655396, -7.2431602478, 6.03882408142, -4.81745147705, 3.60837650299, -2.51348161697, 1.60625076294, -0.868150770664, 0.347399830818], [-4.96414136887, 6.92591047287, -6.65046072006, 6.20256996155, -5.60725069046, 4.90755939484, -4.12635946274, 3.32114744186, -2.51348161697, 1.79058778286, -1.15939116478, 0.637102544308, -0.264581471682], [3.01440548897, -4.2097992897, 4.05330038071, -3.79870796204, 3.45348763466, -3.04392409325, 2.58105421066, -2.10211539268, 1.60625076294, -1.15939116478, 0.776992201805, -0.430602610111, 0.180945634842], [-1.53289222717, 2.14291262627, -2.06930947304, 1.94640243053, -1.78216707706, 1.58317065239, -1.35277295113, 1.11650371552, -0.868150770664, 0.637102544308, -0.430602610111, 0.257348537445, -0.110538899899], [0.569224655628, -0.796401023865, 0.772916316986, -0.729604423046, 0.671873509884, -0.604978322983, 0.521224498749, -0.437932997942, 0.347399830818, -0.264581471682, 0.180945634842, -0.110538899899, 0.0625505372882]]}, "spectral_contrast_coeffs": {"dmean": [0.0473217070103, 0.0365574806929, 0.0287842303514, 0.0235123224556, 0.0158969126642, 0.0368802286685], "dmean2": [0.0770011767745, 0.0595922023058, 0.0449462495744, 0.0371088944376, 0.0248728264123, 0.064116962254], "dvar": [0.00148306868505, 0.0010553119937, 0.000802322523668, 0.000522451708093, 0.000206136028282, 0.000963110243902], "dvar2": [0.00391656672582, 0.00264153094031, 0.00184179865755, 0.00125776289497, 0.000482528732391, 0.00265670614317], "max": [-0.242312014103, -0.34608194232, -0.351001381874, -0.512544095516, -0.576163291931, -0.607288062572], "mean": [-0.51755464077, -0.639518857002, -0.673797428608, -0.700984954834, -0.695186257362, -0.870027005672], "median": [-0.51203674078, -0.637804985046, -0.679046392441, -0.698670387268, -0.687250852585, -0.879065990448], "min": [-0.957985579967, -0.965789318085, -0.968343794346, -0.957091510296, -0.95745241642, -0.962796449661], "var": [0.00977545324713, 0.00720386346802, 0.00713189551607, 0.00338556803763, 0.00263574509881, 0.00297382310964]}, "spectral_contrast_valleys": {"dmean": [0.464072853327, 0.29184961319, 0.267991930246, 0.261570841074, 0.235162615776, 0.712016165257], "dmean2": [0.759289503098, 0.474135041237, 0.424650490284, 0.406020402908, 0.352181643248, 1.26602447033], "dvar": [0.155197367072, 0.0902959406376, 0.0913415104151, 0.110615693033, 0.103288479149, 0.298377007246], "dvar2": [0.373892009258, 0.184773743153, 0.175884306431, 0.215116098523, 0.187735393643, 0.891279459], "max": [-5.36560821533, -4.59177207947, -5.69910764694, -6.69479513168, -8.70244598389, -12.0791835785], "mean": [-8.24237346649, -6.84180641174, -8.02790927887, -9.22293949127, -11.4579229355, -14.2478456497], "median": [-8.12621974945, -6.5680308342, -7.76662254333, -8.960096359