{"lowlevel": {"average_loudness": 0.956676125526, "barkbands_crest": {"dmean": 3.25116014481, "dmean2": 4.88079547882, "dvar": 9.17724514008, "dvar2": 20.7861061096, "max": 26.1239757538, "mean": 14.6265707016, "median": 13.5534591675, "min": 1.92508041859, "var": 31.6462078094}, "barkbands_flatness_db": {"dmean": 0.0585438199341, "dmean2": 0.0829744488001, "dvar": 0.00459144124761, "dvar2": 0.00950845982879, "max": 0.853782951832, "mean": 0.240374937654, "median": 0.227015092969, "min": 0.0145655907691, "var": 0.0166641455144}, "barkbands_kurtosis": {"dmean": 28.4458847046, "dmean2": 45.4016876221, "dvar": 6769.62939453, "dvar2": 17924.0996094, "max": 2411.11352539, "mean": 39.3832702637, "median": 13.2684316635, "min": -1.94114565849, "var": 8930.33398438}, "barkbands_skewness": {"dmean": 1.6566618681, "dmean2": 2.51041579247, "dvar": 4.62704372406, "dvar2": 11.8189888, "max": 40.8157234192, "mean": 3.67073965073, "median": 3.01253628731, "min": -4.91489267349, "var": 10.3891115189}, "barkbands_spread": {"dmean": 10.880610466, "dmean2": 17.6233119965, "dvar": 289.11706543, "dvar2": 694.797607422, "max": 126.211357117, "mean": 15.9717979431, "median": 7.06161117554, "min": 0.0340735279024, "var": 412.578369141}, "dissonance": {"dmean": 0.0277523007244, "dmean2": 0.04625531286, "dvar": 0.00105169089511, "dvar2": 0.00274641509168, "max": 0.500000178814, "mean": 0.456083297729, "median": 0.471455544233, "min": 0.157459959388, "var": 0.00208048615605}, "dynamic_complexity": 2.71109080315, "erbbands_crest": {"dmean": 3.24342918396, "dmean2": 5.07121562958, "dvar": 11.8440599442, "dvar2": 25.0298500061, "max": 32.690826416, "mean": 9.98836135864, "median": 8.36596870422, "min": 1.96744215488, "var": 33.6953544617}, "erbbands_flatness_db": {"dmean": 0.0337390564382, "dmean2": 0.0492577329278, "dvar": 0.0015760663664, "dvar2": 0.0029292802792, "max": 0.50261336565, "mean": 0.158594399691, "median": 0.145610034466, "min": 0.0231968592852, "var": 0.00586702628061}, "erbbands_kurtosis": {"dmean": 4.34479475021, "dmean2": 7.11620903015, "dvar": 329.80267334, "dvar2": 691.62286377, "max": 390.921478271, "mean": 4.96161413193, "median": 0.402075886726, "min": -1.91445147991, "var": 596.649291992}, "erbbands_skewness": {"dmean": 0.774466097355, "dmean2": 1.18968904018, "dvar": 1.31018149853, "dvar2": 2.75735354424, "max": 15.8355998993, "mean": 0.709627091885, "median": 0.442736983299, "min": -5.05859184265, "var": 3.18883800507}, "erbbands_spread": {"dmean": 17.9759368896, "dmean2": 27.7186317444, "dvar": 496.449829102, "dvar2": 1141.94958496, "max": 209.377944946, "mean": 47.5881500244, "median": 40.458404541, "min": 0.582913160324, "var": 1102.83789062}, "hfc": {"dmean": 17.9250164032, "dmean2": 29.9872627258, "dvar": 1192.35668945, "dvar2": 3184.70556641, "max": 298.681152344, "mean": 23.3796577454, "median": 12.3213453293, "min": 4.00545786761e-07, "var": 1051.27331543}, "melbands_crest": {"dmean": 4.25924777985, "dmean2": 6.66320466995, "dvar": 17.4758739471, "dvar2": 40.0419616699, "max": 37.1920394897, "mean": 22.4894809723, "median": 21.3806915283, "min": 2.22884988785, "var": 60.7182807922}, "melbands_flatness_db": {"dmean": 0.0685816630721, "dmean2": 0.0981730297208, "dvar": 0.00648681260645, "dvar2": 0.0138539280742, "max": 1, "mean": 0.344909459352, "median": 0.336146950722, "min": 0.0121747255325, "var": 0.0232548154891}, "melbands_kurtosis": {"dmean": 60.9925270081, "dmean2": 97.098815918, "dvar": 27447.8164062, "dvar2": 79188.34375, "max": 2966.36962891, "mean": 89.5205383301, "median": 33.3845825195, "min": -1.86269676685, "var": 33829.6054688}, "melbands_skewness": {"dmean": 2.20487070084, "dmean2": 3.35432338715, "dvar": 9.16321849823, "dvar2": 23.2605705261, "max": 44.9331741333, "mean": 5.78180408478, "median": 4.54880332947, "min": -2.60217022896, "var": 21.2680740356}, "melbands_spread": {"dmean": 8.27766609192, "dmean2": 13.8495368958, "dvar": 210.966125488, "dvar2": 528.903198242, "max": 249.610946655, "mean": 12.5647716522, "median": 4.73269939423, "min": 0.0800514295697, "var": 392.235870361}, "pitch_salience": {"dmean": 0.106050483882, "dmean2": 0.162905305624, "dvar": 0.0116053000093, "dvar2": 0.024932095781, "max": 0.98212647438, "mean": 0.432569533587, "median": 0.462744355202, "min": 0.0119659360498, "var": 0.0377242676914}, "silence_rate_20dB": {"dmean": 0.00302571849898, "dmean2": 0.00605177646503, "dvar": 0.00301508489065, "dvar2": 0.00769746722654, "max": 1, "mean": 0.997814893723, "median": 1, "min": 0, "var": 0.00218119518831}, "silence_rate_30dB": {"dmean": 0.0822547227144, "dmean2": 0.164518654346, "dvar": 0.0754844322801, "dvar2": 0.141049802303, "max": 1, "mean": 0.748935461044, "median": 1, "min": 0, "var": 0.187996655703}, "silence_rate_60dB": {"dmean": 0.00481873704121, "dmean2": 0.00958197936416, "dvar": 0.00479520205408, "dvar2": 0.0107226744294, "max": 1, "mean": 0.0166405197233, "median": 0, "min": 0, "var": 0.016361778602}, "spectral_centroid": {"dmean": 435.916870117, "dmean2": 697.744812012, "dvar": 409833.5, "dvar2": 948269.3125, "max": 10762.4755859, "mean": 1044.48779297, "median": 682.071044922, "min": 49.331287384, "var": 906587.5}, "spectral_complexity": {"dmean": 5.65910243988, "dmean2": 8.7115316391, "dvar": 63.308216095, "dvar2": 141.095657349, "max": 62, "mean": 13.1055583954, "median": 10, "min": 0, "var": 121.315177917}, "spectral_decrease": {"dmean": 7.32906357825e-09, "dmean2": 1.1017836421e-08, "dvar": 1.03671975539e-16, "dvar2": 2.41412833827e-16, "max": 9.32187117618e-15, "mean": -1.86453696926e-08, "median": -1.1967161484e-08, "min": -1.63351103311e-07, "var": 3.19619147619e-16}, "spectral_energy": {"dmean": 0.028368877247, "dmean2": 0.0428188294172, "dvar": 0.00149747775868, "dvar2": 0.00350358244032, "max": 0.621536374092, "mean": 0.072492428124, "median": 0.0476467609406, "min": 4.20474662033e-11, "var": 0.00460203038529}, "spectral_energyband_high": {"dmean": 0.00178678799421, "dmean2": 0.00306291086599, "dvar": 1.54096378537e-05, "dvar2": 4.15940485254e-05, "max": 0.0335796438158, "mean": 0.00163691525813, "median": 0.000154821580509, "min": 3.23266170776e-11, "var": 1.28031524582e-05}, "spectral_energyband_low": {"dmean": 0.0258157402277, "dmean2": 0.0365782827139, "dvar": 0.00137027399614, "dvar2": 0.00294848158956, "max": 0.617579817772, "mean": 0.0590408705175, "median": 0.0319988578558, "min": 5.17752073853e-13, "var": 0.00444955006242}, "spectral_energyband_middle_high": {"dmean": 0.00151559966616, "dmean2": 0.00249286880717, "dvar": 7.76942761149e-06, "dvar2": 2.01969542104e-05, "max": 0.0336734764278, "mean": 0.00218615890481, "median": 0.000836245948449, "min": 6.24562554452e-12, "var": 9.64622267929e-06}, "spectral_energyband_middle_low": {"dmean": 0.00868181791157, "dmean2": 0.0147867826745, "dvar": 0.000333535193931, "dvar2": 0.000918247096706, "max": 0.18675725162, "mean": 0.012822384946, "median": 0.00812347233295, "min": 1.9425637314e-12, "var": 0.000287594826659}, "spectral_entropy": {"dmean": 0.449220776558, "dmean2": 0.661883294582, "dvar": 0.327403515577, "dvar2": 0.660697460175, "max": 9.80246257782, "mean": 7.18156862259, "median": 7.30463790894, "min": 3.40790128708, "var": 0.94193905592}, "spectral_flux": {"dmean": 0.0547311045229, "dmean2": 0.0851935520768, "dvar": 0.00318516721018, "dvar2": 0.00700158113614, "max": 0.561155319214, "mean": 0.122706793249, "median": 0.0990148857236, "min": 6.48440163786e-06, "var": 0.00694450596347}, "spectral_kurtosis": {"dmean": 5.64838647842, "dmean2": 8.94402217865, "dvar": 155.390823364, "dvar2": 361.129760742, "max": 297.731262207, "mean": 10.7210912704, "median": 3.72869753838, "min": -1.23248589039, "var": 388.957336426}, "spectral_rms": {"dmean": 0.00158400263172, "dmean2": 0.00234051467851, "dvar": 3.06958327201e-06, "dvar2": 6.321944511e-06, "max": 0.0246247220784, "mean": 0.00756394816563, "median": 0.00681796483696, "min": 2.02538686267e-07, "var": 1.35107129609e-05}, "spectral_rolloff": {"dmean": 796.52734375, "dmean2": 1452.5189209, "dvar": 2945898.25, "dvar2": 7539426, "max": 19982.8125, "mean": 996.07208252, "median": 215.33203125, "min": 64.599609375, "var": 5023288}, "spectral_skewness": {"dmean": 0.58887386322, "dmean2": 0.902468800545, "dvar": 0.751156806946, "dvar2": 1.59660756588, "max": 15.4878082275, "mean": 2.1522090435, "median": 1.64576971531, "min": -0.281897783279, "var": 2.41159486771}, "spectral_spread": {"dmean": 1189775.5, "dmean2": 1825626.125, "dvar": 2492864397310.0, "dvar2": 5136084631550.0, "max": 41848216, "mean": 5259127, "median": 5117162.5, "min": 409466.875, "var": 6742068953090.0}, "spectral_strongpeak": {"dmean": 0.273525357246, "dmean2": 0.466338306665, "dvar": 0.204126417637, "dvar2": 0.514120340347, "max": 7.4626994133, "mean": 0.57433116436, "median": 0.407601475716, "min": 0, "var": 0.298458456993}, "zerocrossingrate": {"dmean": 0.0148020870984, "dmean2": 0.0175913125277, "dvar": 0.000351204391336, "dvar2": 0.0004441824276, "max": 0.81787109375, "mean": 0.0410931035876, "median": 0.0234375, "min": 0.001953125, "var": 0.00457368372008}, "barkbands": {"dmean": [0.0024914869573, 0.0221207626164, 0.00641997810453, 0.00492293247953, 0.00285919802263, 0.00105974311009, 0.000610739167314, 0.000506172596943, 0.000588913855609, 0.000263246998657, 0.000176886489498, 0.00014068375458, 0.000264798727585, 0.000190214850591, 0.000169661012478, 0.000192031060578, 0.000191454426385, 0.000143753408338, 0.000187073266716, 0.000331034447299, 0.000273316196399, 0.000353987881681, 0.000191628481844, 0.000327367335558, 0.000258183019469, 0.00012409412011, 5.36252555321e-05], "dmean2": [0.00367468642071, 0.0295612346381, 0.0106068281457, 0.00883597414941, 0.0048626405187, 0.00179563229904, 0.00103610928636, 0.000874009449035, 0.000951183959842, 0.000435936555732, 0.000291308533633, 0.000239512723056, 0.000434700486949, 0.000300910003716, 0.000293879973469, 0.00030872510979, 0.000336552242516, 0.000245860952418, 0.000332866184181, 0.000573423691094, 0.000478262547404, 0.000626891327556, 0.000325536442688, 0.000578236475121, 0.00044518118375, 0.000207229779335, 8.67977141752e-05], "dvar": [1.6345831682e-05, 0.00145105388947, 0.000119674958114, 0.000141224343679, 3.48039029632e-05, 5.39368829777e-06, 1.60158242579e-06, 1.56636917836e-06, 1.52933569098e-06, 3.21190725572e-07, 1.26666094502e-07, 1.81435197533e-07, 6.20166076715e-07, 1.88273176605e-07, 1.64982679962e-07, 2.00804649353e-07, 2.08318610362e-07, 8.12178697629e-08, 1.98364460857e-07, 6.53799077099e-07, 4.77182140912e-07, 6.79036816109e-07, 1.44143328384e-07, 6.29738622138e-07, 4.0936959067e-07, 8.55280930523e-08, 1.79841066483e-08], "dvar2": [3.35184668074e-05, 0.00305212731473, 0.000295675534289, 0.000402156059863, 9.5132018032e-05, 1.47442124216e-05, 4.39112864115e-06, 4.233225809e-06, 3.73910211238e-06, 8.35832224766e-07, 3.0128970252e-07, 5.16735781275e-07, 1.53284759108e-06, 3.70592488252e-07, 4.715146531e-07, 4.65404212946e-07, 5.82143059091e-07, 2.10376029486e-07, 5.55892256671e-07, 1.75957950432e-06, 1.34513697958e-06, 1.89610307189e-06, 3.845022718e-07, 1.7025967054e-06, 1.09706127205e-06, 2.19466201656e-07, 4.44225882745e-08], "max": [0.040162704885, 0.588636159897, 0.121510408819, 0.144431188703, 0.0618137940764, 0.0278333388269, 0.0212924294174, 0.0255967527628, 0.0210182107985, 0.0106828324497, 0.00965453498065, 0.0106634572148, 0.0175140555948, 0.0126397991553, 0.00795210618526, 0.0101753231138, 0.00605586124584, 0.00507698534057, 0.00558787817135, 0.00727578112856, 0.00910231657326, 0.008669805713, 0.00638891430572, 0.00750467414036, 0.00665612192824, 0.00259483745322, 0.0010249792831], "mean": [0.00434395112097, 0.0416271872818, 0.00994785130024, 0.00566084496677, 0.00361625640653, 0.00124318443704, 0.000638129538856, 0.000558994943276, 0.000971895409748, 0.000312108546495, 0.000205651682336, 0.00016440077161, 0.000305974448565, 0.000245008908678, 0.000170562838321, 0.000238453285419, 0.000202928888029, 0.000149977902765, 0.000173414257006, 0.000284674140858, 0.000266635150183, 0.000328611815348, 0.000207603254239, 0.000262329063844, 0.000216071683099, 0.000105253697257, 4.45295554528e-05], "median": [0.00139439036138, 0.0148397684097, 0.0048284670338, 0.00202292017639, 0.0015264012618, 0.000329196976963, 0.000199553309358, 0.000132158427732, 0.000277784653008, 8.79644503584e-05, 4.97459914186e-05, 4.10181601183e-05, 4.62930147478e-05, 3.65805717593e-05, 3.22049672832e-05, 3.14867575071e-05, 2.72545548796e-05, 2.21272457566e-05, 2.27336713579e-05, 2.74088451988e-05, 2.02589362743e-05, 2.46410563705e-05, 1.70766143128e-05, 1.74754368345e-05, 1.32984860102e-05, 4.63023843622e-06, 9.1772938049e-07], "min": [1.67805548103e-13, 1.37447345172e-13, 6.96586749871e-14, 4.76952292494e-14, 1.31907017861e-13, 5.03514168294e-13, 2.0032803541e-13, 3.21802426286e-13, 1.56829207281e-13, 6.68149780295e-13, 2.70915966527e-13, 6.79840027589e-13, 8.76167411193e-13, 3.10142536653e-13, 2.62298510819e-13, 3.870517188e-13, 5.14169110934e-13, 3.25910034637e-13, 5.0086226399e-13, 1.63840837598e-12, 2.18285112208e-12, 2.74558110622e-12, 3.60512791495e-12, 4.71874709446e-12, 5.54172333023e-12, 5.41726299236e-12, 8.18930079999e-12], "var": [3.71140413336e-05, 0.0037514406722, 0.000170505983988, 0.000119492353406, 3.29364993377e-05, 5.05435127707e-06, 1.366566039e-06, 2.59568378169e-06, 3.75536569663e-06, 4.23267152883e-07, 1.82435670126e-07, 1.3440964608e-07, 8.89637306045e-07, 4.22137816258e-07, 1.64467678587e-07, 4.08591716905e-07, 2.16053237523e-07, 8.77236772112e-08, 1.52050915858e-07, 4.88467833293e-07, 4.04575786206e-07, 6.44302474484e-07, 2.21917787258e-07, 4.50540341035e-07, 3.04741746504e-07, 7.50734656663e-08, 1.6011824755e-08]}, "erbbands": {"dmean": [0.986585080624, 3.78176403046, 6.77393913269, 13.0827817917, 11.1665010452, 9.56921577454, 9.22214889526, 8.7698469162, 7.98740053177, 10.5078678131, 11.5453968048, 14.9119281769, 8.77395629883, 6.45928573608, 7.3138551712, 5.91901874542, 11.4125442505, 10.020190239, 10.2506856918, 8.60403728485, 9.20085525513, 9.69965934753, 8.21520805359, 8.85447978973, 8.82547950745, 11.9763278961, 14.4683713913, 12.4812402725, 14.5499715805, 8.30522632599, 5.38069725037, 5.5012755394, 6.20183801651, 3.18606543541, 1.67256999016, 0.600544095039, 0.235380753875, 0.0495449192822, 0.00783567968756, 0.000640159589238], "dmean2": [1.36256194115, 5.32562351227, 10.494509697, 23.1381168365, 19.7861022949, 16.4137840271, 15.4005374908, 14.9184827805, 13.8700437546, 17.9049701691, 19.2776298523, 23.8764076233, 14.504119873, 10.7519712448, 11.9458236694, 10.016163826, 18.6414222717, 15.7284088135, 17.2695198059, 14.2008676529, 15.4144449234, 17.0241603851, 13.9604301453, 15.5388250351, 15.5161104202, 20.7752132416, 25.0035457611, 22.2915668488, 25.789484024, 14.8204708099, 9.04523277283, 9.43214797974, 11.0506763458, 5.54169416428, 2.84961390495, 1.01153659821, 0.395293861628, 0.0795626491308, 0.0125025734305, 0.00105779967271], "dvar": [3.06247925758, 49.1339302063, 135.779891968, 886.461914062, 565.784729004, 474.786132812, 370.767822266, 395.937011719, 333.276123047, 521.261962891, 713.512268066, 1087.63110352, 353.699066162, 258.273742676, 251.631622314, 296.592803955, 1168.89172363, 665.441467285, 534.652893066, 308.498748779, 414.350158691, 510.655578613, 269.75894165, 378.0105896, 427.413238525, 752.92388916, 1066.95361328, 1187.36987305, 1222.90710449, 333.910247803, 110.429260254, 163.289321899, 254.753845215, 61.6785888672, 18.9737377167, 1.96229851246, 0.342398703098, 0.0132334670052, 0.000387108855648, 2.74698822977e-06], "dvar2": [5.41210412979, 111.785140991, 311.369018555, 2473.20898438, 1596.03417969, 1310.00354004, 908.763366699, 1089.20141602, 920.341918945, 1482.95178223, 1788.59375, 2608.80737305, 908.88494873, 680.611938477, 600.808288574, 833.794616699, 2901.40551758, 1372.15930176, 1427.65344238, 747.896057129, 1035.21533203, 1440.98974609, 699.67175293, 1032.57678223, 1192.65344238, 2030.93847656, 2847.61401367, 3367.43139648, 3431.19824219, 928.123535156, 290.337188721, 437.03338623, 703.989257812, 167.246627808, 50.6119194031, 5.16876173019, 0.874118387699, 0.0316837392747, 0.000938105280511, 7.02521128915e-06], "max": [23.4449825287, 105.335655212, 126.548988342, 433.407501221, 247.473617554, 282.80166626, 241.143081665, 236.738998413, 236.720092773, 369.395782471, 736.406494141, 649.71875, 319.1668396, 515.788574219, 424.904724121, 407.409790039, 778.223571777, 711.579406738, 467.671142578, 316.828033447, 341.260894775, 291.939422607, 250.133285522, 248.48348999, 254.304534912, 328.236816406, 298.753540039, 462.898681641, 381.113067627, 359.482330322, 173.673080444, 137.90977478, 124.335700989, 77.827835083, 47.6993865967, 14.7080764771, 5.50056600571, 1.1220061779, 0.151431530714, 0.0138472747058], "mean": [1.9847304821, 6.23626661301, 11.2334651947, 16.4468269348, 13.9577360153, 11.5278348923, 11.2127914429, 10.1694774628, 8.35065746307, 11.240193367, 15.0933055878, 25.9022026062, 11.0576601028, 8.32745838165, 9.04718494415, 7.24031972885, 13.9187364578, 12.6335439682, 11.7411632538, 11.1284627914, 11.3262033463, 10.2938604355, 8.84735012054, 8.52449226379, 8.64266109467, 10.9740161896, 13.0263872147, 11.5422458649, 12.9902000427, 8.40013122559, 5.74117708206, 4.79905653, 4.74368619919, 2.59708452225, 1.43155574799, 0.519582152367, 0.193613961339, 0.0430436842144, 0.00675289472565, 0.000574900419451], "median": [0.657583534718, 2.42817902565, 5.91750001907, 7.90779304504, 6.63594913483, 4.80221366882, 3.202480793, 2.59186768532, 2.58087801933, 3.5762181282, 4.49297761917, 7.0424990654, 4.3291387558, 2.51588177681, 2.55377364159, 2.10208439827, 2.47188854218, 2.18285083771, 2.10351991653, 1.83980333805, 1.76494276524, 1.58971500397, 1.38099718094, 1.13995158672, 1.16462206841, 1.05629110336, 1.08592581749, 0.844851374626, 0.899397194386, 0.708652377129, 0.476434648037, 0.386261880398, 0.320771515369, 0.140577018261, 0.0925935953856, 0.028065090999, 0.00689288321882, 0.00124630378559, 0.00017944353749, 0.000109502972919], "min": [4.88686825381e-12, 3.13250016204e-11, 1.57943158552e-10, 3.54925172585e-10, 4.95743834872e-10, 3.03785496758e-10, 2.01844096992e-09, 2.68204614073e-09, 4.79069939274e-09, 6.21826012903e-09, 6.92336721286e-09, 3.00056934854e-09, 8.26250978747e-09, 3.06305487641e-08, 1.33138868819e-08, 2.65354049844e-08, 3.71761075257e-08, 2.66460205012e-08, 1.4718219532e-08, 1.19831788936e-08, 2.28207088782e-08, 2.70592330764e-08, 2.25023946143e-08, 2.93009758678e-08, 3.11439798395e-08, 9.30437522584e-08, 5.22783842882e-08, 1.01675539099e-07, 6.11964949826e-08, 1.3850855396e-07, 1.04575768489e-07, 9.50242124986e-08, 8.19854690803e-08, 5.89716826482e-08, 3.79275917339e-08, 2.07557366849e-08, 1.08279802902e-08, 4.69597116748e-09, 1.37087774466e-09, 8.94960494602e-11], "var": [8.95731544495, 92.6816711426, 210.709869385, 813.188964844, 494.502746582, 396.107147217, 404.656982422, 362.307952881, 274.190704346, 444.036071777, 1743.97021484, 3024.90649414, 492.052062988, 282.383911133, 337.488677979, 234.539001465, 1738.46472168, 1220.35217285, 690.267333984, 615.172912598, 668.99786377, 485.83392334, 299.643432617, 317.315185547, 350.147125244, 609.749328613, 883.312988281, 924.24420166, 1034.26989746, 448.007415771, 156.335220337, 128.891967773, 170.134399414, 44.6440620422, 14.1828727722, 1.66756653786, 0.289603739977, 0.0129900490865, 0.000359756610123, 2.27293094213e-06]}, "gfcc": {"mean": [-38.6956291199, 97.8805999756, -65.0480117798, 40.3851318359, -38.7636833191, 19.8917713165, -17.9170379639, 9.87474155426, -11.7298908234, 2.81052303314, -13.247177124, -4.22738170624, -6.59501028061], "cov": [[15358.421875, -3348.69775391, -1346.31518555, 632.839294434, -1074.33874512, 649.88494873, -1030.0871582, 291.213623047, -675.84387207, 215.142913818, -695.97253418, 166.437103271, -411.536071777], [-3348.69775391, 4493.9453125, 380.21270752, -616.161499023, 328.901672363, -553.882141113, 392.267700195, -389.026794434, 189.382400513, -343.624572754, 220.917572021, -283.273925781, 118.289779663], [-1346.31518555, 380.21270752, 1363.65490723, 213.826629639, 63.4578285217, 20.6236896515, 136.247848511, -23.1822834015, -19.2895679474, -59.0905265808, 46.9201660156, -57.8423995972, 45.1378364563], [632.839294434, -616.161499023, 213.826629639, 738.081665039, 70.9673156738, 122.435173035, 26.1224746704, 71.6533432007, 1.60997009277, 18.7375507355, -20.5070095062, 24.8596935272, 6.37317180634], [-1074.33874512, 328.901672363, 63.4578285217, 70.9673156738, 531.398132324, 124.743011475, 194.284851074, 14.7580461502, 128.465621948, -11.50831604, 65.432434082, -9.47438430786, 29.2051715851], [649.88494873, -553.882141113, 20.6236896515, 122.435173035, 124.743011475, 457.279266357, 72.9931488037, 155.68208313, 22.6864204407, 74.3786697388, -20.4199104309, 40.4013671875, -7.54518508911], [-1030.0871582, 392.267700195, 136.247848511, 26.1224746704, 194.284851074, 72.9931488037, 389.966217041, 27.7786235809, 92.775062561, -3.79639434814, 93.9396896362, -12.67623806, 52.5219116211], [291.213623047, -389.026794434, -23.1822834015, 71.6533432007, 14.7580461502, 155.68208313, 27.7786235809, 205.561599731, 76.8860626221, 76.1054840088, -19.865655899, 29.9687175751, 9.61858654022], [-675.84387207, 189.382400513, -19.2895679474, 1.60997009277, 128.465621948, 22.6864204407, 92.775062561, 76.8860626221, 202.933868408, 47.2816314697, 63.9848022461, 10.3718185425, 39.912563324], [215.142913818, -343.624572754, -59.0905265808, 18.7375507355, -11.50831604, 74.3786697388, -3.79639434814, 76.1054840088, 47.2816314697, 160.941711426, 60.8604316711, 59.0496444702, 17.0587215424], [-695.97253418, 220.917572021, 46.9201660156, -20.5070095062, 65.432434082, -20.4199104309, 93.9396896362, -19.865655899, 63.9848022461, 60.8604316711, 172.943359375, 49.0970535278, 65.3110198975], [166.437103271, -283.273925781, -57.8423995972, 24.8596935272, -9.47438430786, 40.4013671875, -12.67623806, 29.9687175751, 10.3718185425, 59.0496444702, 49.0970535278, 115.473358154, 36.6495018005], [-411.536071777, 118.289779663, 45.1378364563, 6.37317180634, 29.2051715851, -7.54518508911, 52.5219116211, 9.61858654022, 39.912563324, 17.0587215424, 65.3110198975, 36.6495018005, 96.9638214111]], "icov": [[0.000153390312335, -6.77800780977e-05, 0.000132763074362, -0.000179834823939, 0.000197513159947, -0.000231312951655, 0.000161862059031, -8.42945446493e-05, 0.000350802001776, -0.000294213881716, 0.000397581839934, -0.000282153196167, 0.000273136945907], [-6.77800780977e-05, 0.000618094753008, -0.000132458997541, 0.000445798097644, -0.000206972908927, 0.00036703736987, -0.000281122280285, 0.000525164941791, -0.000710593012627, 0.00101265322883, -0.000860154978, 0.00123896554578, -0.000592855620198], [0.000132763074362, -0.000132458997541, 0.000989510328509, -0.000470142287668, 0.000224997318583, -0.00031046217191, 4.98107056046e-06, -0.000210226950003, 0.000667055137455, -6.05105815339e-05, -2.602540917e-05, 0.00028719403781, -0.000133382185595], [-0.000179834823939, 0.000445798097644, -0.000470142287668, 0.00198324257508, -0.000540199398529, 0.000284290028503, -0.000304201734252, 2.06934837479e-05, -0.000563522975426, 0.000827257987112, -0.000523886294104, 0.000562656729016, -0.000644428189844], [0.000197513159947, -0.000206972908927, 0.000224997318583, -0.000540199398529, 0.00322303269058, -0.00141815491952, -0.000552253215574, 0.000909765134566, -0.00134060019627, 0.000278969033388, 0.000219245499466, -0.000426209531724, 0.000665484229103], [-0.000231312951655, 0.00036703736987, -0.00031046217191, 0.000284290028503, -0.00141815491952, 0.00418791780248, -0.00091676908778, -0.00227889302187, 0.000662980834022, -0.000155390327564, -0.000242347232415, 2.35973748204e-05, 8.0754274677e-05], [0.000161862059031, -0.000281122280285, 4.98107056046e-06, -0.000304201734252, -0.000552253215574, -0.00091676908778, 0.00425216555595, -0.00097509281477, 0.000104357626697, 0.000549972639419, -0.00163366959896, 0.000655777694192, -0.000351118913386], [-8.42945446493e-05, 0.000525164941791, -0.000210226950003, 2.06934837479e-05, 0.000909765134566, -0.00227889302187, -0.00097509281477, 0.0111029325053, -0.00504704518244, -0.0027690466959, 0.00380136980675, 5.29748249392e-05, -0.00194233073853], [0.000350802001776, -0.000710593012627, 0.000667055137455, -0.000563522975426, -0.00134060019627, 0.000662980834022, 0.000104357626697, -0.00504704518244, 0.0103341741487, -0.00233532348648, -0.000859314168338, -0.000105710299977, -0.000242400637944], [-0.000294213881716, 0.00101265322883, -6.05105815339e-05, 0.000827257987112, 0.000278969033388, -0.000155390327564, 0.000549972639419, -0.0027690466959, -0.00233532348648, 0.0135329496115, -0.00726844463497, -0.000378097436624, 0.000989465741441], [0.000397581839934, -0.000860154978, -2.602540917e-05, -0.000523886294104, 0.000219245499466, -0.000242347232415, -0.00163366959896, 0.00380136980675, -0.000859314168338, -0.00726844463497, 0.0153282461688, -0.00525957811624, -0.0034978648182], [-0.000282153196167, 0.00123896554578, 0.00028719403781, 0.000562656729016, -0.000426209531724, 2.35973748204e-05, 0.000655777694192, 5.29748249392e-05, -0.000105710299977, -0.000378097436624, -0.00525957811624, 0.0163750387728, -0.00564652495086], [0.000273136945907, -0.000592855620198, -0.000133382185595, -0.000644428189844, 0.000665484229103, 8.0754274677e-05, -0.000351118913386, -0.00194233073853, -0.000242400637944, 0.000989465741441, -0.0034978648182, -0.00564652495086, 0.0169047284871]]}, "melbands": {"dmean": [0.00727897603065, 0.00325951189734, 0.00215048273094, 0.000692986010108, 0.000348335859599, 0.000195846834686, 0.000123031437397, 0.000111478497274, 0.000100942663266, 8.65125039127e-05, 4.2733085138e-05, 2.62210032815e-05, 2.55289887718e-05, 1.64615812537e-05, 2.26005195145e-05, 2.52299887507e-05, 1.78865811904e-05, 1.74088836502e-05, 1.10166120066e-05, 1.49329944179e-05, 1.0733475392e-05, 1.09868142317e-05, 9.24353025766e-06, 6.79109780322e-06, 7.39781808079e-06, 6.99835982232e-06, 5.56278564545e-06, 9.24534015212e-06, 1.23487270685e-05, 5.3309940995e-06, 7.55223800297e-06, 7.72692601458e-06, 7.5326465776e-06, 3.83996984965e-06, 3.13808754981e-06, 2.82444079858e-06, 3.82001871913e-06, 4.82797759105e-06, 3.09566985379e-06, 2.70499913313e-06], "dmean2": [0.01004725229, 0.00467365421355, 0.00376901286654, 0.00121237314306, 0.000580388179515, 0.00033252601861, 0.000212482889765, 0.000192179664737, 0.000165014222148, 0.000139503899845, 7.07165527274e-05, 4.37632552348e-05, 4.17758928961e-05, 2.77876970358e-05, 3.68294531654e-05, 4.08276719099e-05, 2.83056269836e-05, 2.91679425573e-05, 1.87311616173e-05, 2.36989671976e-05, 1.81246396096e-05, 1.93537453015e-05, 1.57915183081e-05, 1.16018045446e-05, 1.30506914502e-05, 1.25303904497e-05, 9.66204061115e-06, 1.60420840984e-05, 2.1518972062e-05, 9.31118211156e-06, 1.34556012199e-05, 1.36818089231e-05, 1.34567617351e-05, 6.83071721141e-06, 5.33326601726e-06, 4.77600497106e-06, 6.75701176078e-06, 8.60787349666e-06, 5.50710365133e-06, 4.69951419291e-06], "dvar": [0.000167183068697, 2.7051928555e-05, 2.29391025641e-05, 2.21924915422e-06, 5.65779657791e-07, 1.95894614308e-07, 7.37444807442e-08, 6.47416129596e-08, 4.82235051891e-08, 3.76560365112e-08, 8.6384934761e-09, 4.50170611899e-09, 2.97911229019e-09, 2.24859686426e-09, 4.66968064217e-09, 5.65728708324e-09, 2.09785588901e-09, 1.45285428133e-09, 6.5372057767e-10, 1.43622147508e-09, 5.61276469746e-10, 7.0710132194e-10, 4.01877059408e-10, 1.86396620361e-10, 2.7046870299e-10, 2.96052210524e-10, 1.53608611941e-10, 4.89387252944e-10, 9.67019131437e-10, 1.49853393583e-10, 4.70368077821e-10, 3.41285583128e-10, 3.13464532109e-10, 6.99091687317e-11, 3.80501324893e-11, 3.25800289525e-11, 9.87727122315e-11, 1.43180550749e-10, 8.22329912498e-11, 4.98613025868e-11], "dvar2": [0.000339983409503, 5.16883264936e-05, 6.39884674456e-05, 6.18869444224e-06, 1.39845519698e-06, 5.38736685485e-07, 2.0332117856e-07, 1.85732872637e-07, 1.18121263881e-07, 9.18665747918e-08, 2.22016200979e-08, 1.19027383505e-08, 7.03782410127e-09, 6.35578878416e-09, 1.21854535351e-08, 1.32887798543e-08, 4.33196145622e-09, 3.65333319152e-09, 1.82948689531e-09, 3.13197001667e-09, 1.48734202732e-09, 2.00752947599e-09, 1.08286735134e-09, 4.777797602e-10, 7.44513173334e-10, 8.38265790115e-10, 4.17772316741e-10, 1.32090871574e-09, 2.59550358983e-09, 4.17848311507e-10, 1.33058219998e-09, 9.62343316147e-10, 8.76092698388e-10, 1.9423432307e-10, 1.01003094777e-10, 8.53344339635e-11, 2.69529676356e-10, 3.90876886414e-10, 2.32022234758e-10, 1.35594729889e-10], "max": [0.186150461435, 0.0660450235009, 0.06394071877, 0.0156687684357, 0.0100309289992, 0.00528507679701, 0.00365114212036, 0.00378327560611, 0.00626687379554, 0.0036831095349, 0.00155998021364, 0.00215770164505, 0.00157418462913, 0.00116472982336, 0.00156110792886, 0.00238468451425, 0.00130983081181, 0.000667374231853, 0.000502745097037, 0.000952256435994, 0.000360664678738, 0.000390090921428, 0.000245161470957, 0.000271969038295, 0.000217620006879, 0.00023773178691, 0.000156270296429, 0.00023937394144, 0.000305163441226, 0.000143643992487, 0.000294926954666, 0.000207282544579, 0.0001834443392, 0.000201365415705, 0.000115276568977, 9.10956732696e-05, 0.000117793068057, 0.00011650131637, 8.10264318716e-05, 8.1309248344e-05], "mean": [0.0139635484666, 0.00646237563342, 0.00282186409459, 0.00090037699556, 0.000422063923907, 0.000227763986913, 0.000129205276608, 0.000117487914395, 0.000142128978041, 0.000147557715536, 4.98163426528e-05, 3.27912712237e-05, 3.05628636852e-05, 1.95355478354e-05, 2.42712394538e-05, 3.1191513699e-05, 2.19374524022e-05, 1.96820183191e-05, 1.17219387903e-05, 1.909204002e-05, 1.20711883937e-05, 1.09067232188e-05, 9.75157672656e-06, 6.91755712978e-06, 6.83575308358e-06, 6.59264514979e-06, 5.701135251e-06, 8.00754696684e-06, 1.02431495179e-05, 5.40565315532e-06, 6.86307657816e-06, 7.02873103364e-06, 6.56841348246e-06, 4.04995626013e-06, 3.27777320308e-06, 2.81205893771e-06, 3.07736195282e-06, 3.68670021089e-06, 2.35391962633e-06, 2.21486607188e-06], "median": [0.00483684241772, 0.00414264760911, 0.00151746999472, 0.000423401332228, 0.000133718625875, 5.64706424484e-05, 4.03986159654e-05, 3.70719208149e-05, 4.1041043005e-05, 4.00800381612e-05, 1.61579609994e-05, 9.21279570321e-06, 8.04286901257e-06, 5.43904297956e-06, 5.00856549479e-06, 4.58354588773e-06, 3.44281170328e-06, 2.98341410598e-06, 2.2861584057e-06, 2.33012906392e-06, 1.84488726518e-06, 1.60810714078e-06, 1.33495586851e-06, 8.90612454896e-07, 8.20399463919e-07, 8.358038599e-07, 6.72765963827e-07, 7.29241492081e-07, 8.01087594482e-07, 4.0952321001e-07, 4.74069736356e-07, 4.58714936258e-07, 4.55926908671e-07, 3.27972543346e-07, 2.58718273471e-07, 2.31164392517e-07, 2.08214970598e-07, 2.40521330852e-07, 1.2924797943e-07, 1.18139226402e-07], "min": [4.86854683629e-14, 8.84247915774e-14, 6.9309446691e-14, 2.68932147602e-14, 5.62811516142e-14, 7.50998926675e-14, 6.84452088106e-14, 7.18006519041e-14, 5.08414450405e-14, 1.94162499528e-14, 4.084031358e-14, 1.26556276851e-13, 3.79851992959e-14, 5.86987598285e-14, 9.11647534264e-14, 9.07204473761e-14, 4.08658770343e-14, 2.15891825359e-14, 1.84111674338e-14, 2.25717983529e-14, 2.42901232711e-14, 2.25897130998e-14, 3.50443957707e-14, 1.31104098389e-14, 2.60863684441e-14, 1.50176485153e-14, 4.8630451879e-14, 5.70405945784e-14, 2.04693033357e-14, 4.91827512419e-14, 6.89679365592e-14, 3.38636962167e-14, 5.03775928579e-14, 8.1442075577e-14, 5.86244716509e-14, 5.42914915498e-14, 6.4690765765e-14, 5.83743326571e-14, 6.18359733535e-14, 4.37882016887e-14], "var": [0.000432244152762, 5.94755911152e-05, 2.06562453968e-05, 1.97067834051e-06, 5.91385230564e-07, 1.80344514433e-07, 6.16017388211e-08, 5.30093160478e-08, 1.28256431253e-07, 9.70508011733e-08, 1.17683871537e-08, 4.86988360748e-09, 4.09927958245e-09, 1.73333236653e-09, 4.14776479829e-09, 1.03394386386e-08, 3.8085534726e-09, 2.25274465748e-09, 7.09975467306e-10, 3.33925842533e-09, 7.02589320056e-10, 6.13432138419e-10, 4.79730921654e-10, 1.88381185651e-10, 2.18921533679e-10, 2.26754226507e-10, 1.46479203766e-10, 3.73420877553e-10, 7.13114789441e-10, 1.52042683998e-10, 3.64645230677e-10, 3.01735636477e-10, 2.81196982366e-10, 1.15092893549e-10, 5.70801704514e-11, 3.49921515375e-11, 6.86721998711e-11, 9.80282383045e-11, 5.2322035593e-11, 3.53864819391e-11]}, "mfcc": {"mean": [-696.129089355, 131.127410889, 36.472858429, 34.0391235352, 13.9762954712, 17.5824832916, 9.63090133667, 10.3535509109, 10.6396055222, 9.41709041595, 5.24845409393, 3.14485502243, -0.162461355329], "cov": [[12947.0566406, -3370.34960938, -1104.65026855, -313.727752686, -274.928466797, -124.511238098, -376.22467041, -185.133804321, -136.178710938, -235.526611328, -122.3201828, -189.105499268, -171.998031616], [-3370.34960938, 3907.72509766, 263.327850342, -37.7803688049, -110.596725464, -119.36101532, 11.4104099274, -60.6719894409, -93.186416626, -12.146071434, -74.6776275635, -10.7983055115, -24.7212867737], [-1104.65026855, 263.327850342, 1127.85656738, 215.555221558, 20.5153636932, 10.5362539291, 94.6996841431, -0.576327681541, -10.3283615112, 11.9131813049, -67.3069458008, -31.3616924286, -19.5336170197], [-313.727752686, -37.7803688049, 215.555221558, 540.25189209, 75.1852645874, 57.9583129883, 47.2676239014, 32.3347549438, 23.9398479462, 2.97836756706, -10.0701818466, -0.257935553789, -1.72427201271], [-274.928466797, -110.596725464, 20.5153636932, 75.1852645874, 349.843902588, 125.947822571, 31.6897373199, 79.3392486572, 66.93334198, 53.7166633606, 42.1311416626, 12.5514764786, 22.952878952], [-124.511238098, -119.36101532, 10.5362539291, 57.9583129883, 125.947822571, 256.024627686, 159.033889771, 107.412025452, 68.8733978271, 36.4829483032, 62.2386398315, 38.7691574097, 6.37319946289], [-376.22467041, 11.4104099274, 94.6996841431, 47.2676239014, 31.6897373199, 159.033889771, 251.744155884, 99.1445846558, 60.0590209961, 42.3741569519, 27.9958972931, 33.6978683472, 8.17960262299], [-185.133804321, -60.6719894409, -0.576327681541, 32.3347549438, 79.3392486572, 107.412025452, 99.1445846558, 175.877578735, 106.288887024, 47.9156188965, 43.8660354614, 25.6118812561, 19.4887065887], [-136.178710938, -93.186416626, -10.3283615112, 23.9398479462, 66.93334198, 68.8733978271, 60.0590209961, 106.288887024, 151.344177246, 78.8094787598, 52.8097419739, 24.0451660156, 7.1982254982], [-235.526611328, -12.146071434, 11.9131813049, 2.97836756706, 53.7166633606, 36.4829483032, 42.3741569519, 47.9156188965, 78.8094787598, 131.586090088, 73.6333007812, 28.1167221069, 18.9425945282], [-122.3201828, -74.6776275635, -67.3069458008, -10.0701818466, 42.1311416626, 62.2386398315, 27.9958972931, 43.8660354614, 52.8097419739, 73.6333007812, 130.155487061, 58.4280776978, 19.7363243103], [-189.105499268, -10.7983055115, -31.3616924286, -0.257935553789, 12.5514764786, 38.7691574097, 33.6978683472, 25.6118812561, 24.0451660156, 28.1167221069, 58.4280776978, 94.731918335, 39.0053672791], [-171.998031616, -24.7212867737, -19.5336170197, -1.72427201271, 22.952878952, 6.37319946289, 8.17960262299, 19.4887065887, 7.1982254982, 18.9425945282, 19.7363243103, 39.0053672791, 92.2826004028]], "icov": [[0.000124414727907, 0.000105129889562, 9.07860376174e-05, 2.75605125353e-05, 0.000103645143099, -0.000105199062091, 0.000146365957335, 2.76998889603e-06, 4.2805877456e-05, 3.37026649504e-05, 9.58201853791e-05, 0.000118261465104, 0.00016697323008], [0.000105129889562, 0.000360732810805, 2.45026330958e-05, 5.13716040587e-05, 0.000104998078314, 5.96501013206e-05, 3.4566866816e-05, -8.0288562458e-05, 0.000266297516646, -0.000140105723403, 0.000231862650253, -4.58073409391e-05, 0.000260142609477], [9.07860376174e-05, 2.45026330958e-05, 0.00113533053081, -0.000371336500393, -1.91753497347e-05, 0.000119566801004, -0.000422422890551, 9.79403557722e-05, 0.00024541048333, -0.000480957969557, 0.000725723162759, 0.000152940090629, 0.000282151682768], [2.75605125353e-05, 5.13716040587e-05, -0.000371336500393, 0.00210761930794, -0.000313420197926, -0.00028999033384, 5.05278740093e-06, -1.02990670712e-05, -0.000238881024416, 0.000264052388957, 0.000248860538704, -9.86982340692e-05, 7.85433949204e-05], [0.000103645143099, 0.000104998078314, -1.91753497347e-05, -0.000313420197926, 0.00422154087573, -0.00269920565188, 0.0018176571466, -0.000739001319744, -0.000227185344556, -0.00127729948144, 0.000495533633512, 0.000775275402702, -0.000811000412796], [-0.000105199062091, 5.96501013206e-05, 0.000119566801004, -0.00028999033384, -0.00269920565188, 0.00984075199813, -0.00536525994539, -0.00162532331888, -4.06289364037e-05, 0.00240103551187, -0.00342630711384, -0.000536468287464, 0.00112018105574], [0.000146365957335, 3.4566866816e-05, -0.000422422890551, 5.05278740093e-06, 0.0018176571466, -0.00536525994539, 0.00862223096192, -0.00242405803874, 0.000601695734076, -0.00239970930852, 0.00261210207827, -0.0015102714533, 0.000384212995414], [2.76998889603e-06, -8.0288562458e-05, 9.79403557722e-05, -1.02990670712e-05, -0.000739001319744, -0.00162532331888, -0.00242405803874, 0.0128911081702, -0.00794803723693, 0.00223217904568, -0.000968799809925, 0.00106324721128, -0.00228774221614], [4.2805877456e-05, 0.000266297516646, 0.00024541048333, -0.000238881024416, -0.000227185344556, -4.06289364037e-05, 0.000601695734076, -0.00794803723693, 0.0158491954207, -0.00708320550621, 0.000672084162943, -0.0011658599833, 0.00244981143624], [3.37026649504e-05, -0.000140105723403, -0.000480957969557, 0.000264052388957, -0.00127729948144, 0.00240103551187, -0.00239970930852, 0.00223217904568, -0.00708320550621, 0.0161618236452, -0.00821617152542, 0.00228395708837, -0.0021515917033], [9.58201853791e-05, 0.000231862650253, 0.000725723162759, 0.000248860538704, 0.000495533633512, -0.00342630711384, 0.00261210207827, -0.000968799809925, 0.000672084162943, -0.00821617152542, 0.0172229316086, -0.00796974077821, 0.00180465565063], [0.000118261465104, -4.58073409391e-05, 0.000152940090629, -9.86982340692e-05, 0.000775275402702, -0.000536468287464, -0.0015102714533, 0.00106324721128, -0.0011658599833, 0.00228395708837, -0.00796974077821, 0.0183959789574, -0.00645667267963], [0.00016697323008, 0.000260142609477, 0.000282151682768, 7.85433949204e-05, -0.000811000412796, 0.00112018105574, 0.000384212995414, -0.00228774221614, 0.00244981143624, -0.0021515917033, 0.00180465565063, -0.00645667267963, 0.0144454659894]]}, "spectral_contrast_coeffs": {"dmean": [0.0597903504968, 0.0484760850668, 0.0387669540942, 0.0348804220557, 0.0278315059841, 0.0250413026661], "dmean2": [0.0972390621901, 0.0795885547996, 0.0614106990397, 0.0550678558648, 0.0446197241545, 0.0406442172825], "dvar": [0.00245635630563, 0.00170015834738, 0.00115227897186, 0.00107467686757, 0.000725313439034, 0.000717430200893], "dvar2": [0.00637102732435, 0.00427340436727, 0.00274916249327, 0.00230825156905, 0.00167224113829, 0.00165583891794], "max": [-0.288281202316, -0.312957584858, -0.436199069023, -0.476445108652, -0.536389231682, -0.517796814442], "mean": [-0.661707222462, -0.767856955528, -0.783125042915, -0.804222583771, -0.817141652107, -0.786765754223], "median": [-0.664721727371, -0.775505244732, -0.797951459885, -0.822464287281, -0.825056195259, -0.791654229164], "min": [-0.952629268169, -0.972806930542, -0.971616387367, -0.986828923225, -0.971749544144, -0.959053874016], "var": [0.00840062648058, 0.00549999671057, 0.00585400359705, 0.00560204451904, 0.00271730218083, 0.00276048434898]}, "spectral_contrast_valleys": {"dmean": [0.474269241095, 0.6117862463, 0.540920734406, 0.615880489349, 0.648225605488, 0.770439326763], "dmean2": [0.733398318291, 0.973459661007, 0.824949860573, 0.93474894762, 0.933710634708, 1.08826470375], "dvar": [0.255171984434, 0.51374822855, 0.428627550602, 0.593690812588, 0.727177143097, 0.948763072491], "dvar2": [0.459284961224, 1.09966146946, 0.870570123196, 1.25422477722, 1.55177736282, 1.95214486122], "max": [-4.86948251724, -3.89725542068, -5.38974189758, -5.3370218277, -5.09667825699, -7