{"lowlevel": {"average_loudness": 0.842074155807, "barkbands_crest": {"dmean": 2.24977231026, "dmean2": 3.39471316338, "dvar": 5.83022737503, "dvar2": 12.4883394241, "max": 26.3110027313, "mean": 11.7038230896, "median": 10.3749265671, "min": 2.3787689209, "var": 27.1671714783}, "barkbands_flatness_db": {"dmean": 0.0281619653106, "dmean2": 0.0431786924601, "dvar": 0.00124952197075, "dvar2": 0.00289326766506, "max": 0.8519551754, "mean": 0.188152447343, "median": 0.142424345016, "min": 0.0188261922449, "var": 0.0206958539784}, "barkbands_kurtosis": {"dmean": 6.14439058304, "dmean2": 9.1014547348, "dvar": 360.245666504, "dvar2": 720.20123291, "max": 515.483764648, "mean": 9.42169761658, "median": 1.26950502396, "min": -1.93290901184, "var": 709.943481445}, "barkbands_skewness": {"dmean": 0.649598002434, "dmean2": 0.927947878838, "dvar": 1.05913221836, "dvar2": 1.88836038113, "max": 18.5725250244, "mean": 1.66131484509, "median": 1.0913465023, "min": -2.99496865273, "var": 4.70739364624}, "barkbands_spread": {"dmean": 5.67168569565, "dmean2": 8.72843074799, "dvar": 76.9993438721, "dvar2": 165.139694214, "max": 108.706794739, "mean": 21.2474308014, "median": 16.8373203278, "min": 0.281224101782, "var": 307.890075684}, "dissonance": {"dmean": 0.0237672626972, "dmean2": 0.0396215058863, "dvar": 0.000980910495855, "dvar2": 0.00252252770588, "max": 0.500000178814, "mean": 0.451142549515, "median": 0.465692222118, "min": 0.0542200729251, "var": 0.00249035167508}, "dynamic_complexity": 3.49673485756, "erbbands_crest": {"dmean": 2.59123444557, "dmean2": 4.09267425537, "dvar": 6.07197904587, "dvar2": 15.4014482498, "max": 28.9819030762, "mean": 10.1172599792, "median": 9.32297325134, "min": 2.30758094788, "var": 20.1667366028}, "erbbands_flatness_db": {"dmean": 0.0203328058124, "dmean2": 0.0302689746022, "dvar": 0.000559058680665, "dvar2": 0.0011805340182, "max": 0.631808280945, "mean": 0.189384296536, "median": 0.147783383727, "min": 0.0434326715767, "var": 0.0165639072657}, "erbbands_kurtosis": {"dmean": 1.21856892109, "dmean2": 1.90323352814, "dvar": 8.42400455475, "dvar2": 20.0642642975, "max": 93.4996566772, "mean": 1.50504100323, "median": 0.296792030334, "min": -1.90034222603, "var": 22.7325000763}, "erbbands_skewness": {"dmean": 0.357181340456, "dmean2": 0.531134724617, "dvar": 0.184888884425, "dvar2": 0.425772368908, "max": 7.5203166008, "mean": 0.364569187164, "median": 0.243491142988, "min": -3.04048418999, "var": 0.907648444176}, "erbbands_spread": {"dmean": 7.93162345886, "dmean2": 11.9125967026, "dvar": 131.967483521, "dvar2": 278.861724854, "max": 189.36277771, "mean": 34.9886207581, "median": 30.6893939972, "min": 0.746337115765, "var": 663.552246094}, "hfc": {"dmean": 6.16007041931, "dmean2": 9.03125476837, "dvar": 230.449676514, "dvar2": 353.840301514, "max": 546.581970215, "mean": 21.1483097076, "median": 11.6851062775, "min": 1.25671962278e-16, "var": 949.319885254}, "melbands_crest": {"dmean": 2.59332704544, "dmean2": 3.98688101768, "dvar": 7.2850317955, "dvar2": 17.1041870117, "max": 37.4560508728, "mean": 16.517156601, "median": 14.7497444153, "min": 2.43444895744, "var": 61.6669273376}, "melbands_flatness_db": {"dmean": 0.0323299728334, "dmean2": 0.0495026111603, "dvar": 0.00179249816574, "dvar2": 0.00414313701913, "max": 1, "mean": 0.264827370644, "median": 0.209418788552, "min": 0.00849382951856, "var": 0.0309974476695}, "melbands_kurtosis": {"dmean": 14.0685834885, "dmean2": 20.5214004517, "dvar": 1441.09179688, "dvar2": 2685.85058594, "max": 530.046936035, "mean": 25.3747653961, "median": 4.79641199112, "min": -1.84709525108, "var": 3523.36816406}, "melbands_skewness": {"dmean": 0.830849170685, "dmean2": 1.16005587578, "dvar": 1.76275396347, "dvar2": 2.88269901276, "max": 17.8694534302, "mean": 2.77972507477, "median": 1.87163424492, "min": -2.23714470863, "var": 9.58678245544}, "melbands_spread": {"dmean": 5.99913883209, "dmean2": 9.03401279449, "dvar": 112.569259644, "dvar2": 214.9715271, "max": 242.680969238, "mean": 22.5780296326, "median": 16.8141307831, "min": 0.354250639677, "var": 454.993164062}, "pitch_salience": {"dmean": 0.0648370906711, "dmean2": 0.0997742190957, "dvar": 0.0047251349315, "dvar2": 0.01051538717, "max": 0.883852362633, "mean": 0.512365400791, "median": 0.530993938446, "min": 0.0742227137089, "var": 0.0270027704537}, "silence_rate_20dB": {"dmean": 0, "dmean2": 0, "dvar": 0, "dvar2": 0, "max": 1, "mean": 1, "median": 1, "min": 1, "var": 0}, "silence_rate_30dB": {"dmean": 0, "dmean2": 0, "dvar": 0, "dvar2": 0, "max": 1, "mean": 1, "median": 1, "min": 1, "var": 0}, "silence_rate_60dB": {"dmean": 0.0135776214302, "dmean2": 0.027157464996, "dvar": 0.0133922602981, "dvar2": 0.0300156511366, "max": 1, "mean": 0.0597039349377, "median": 0, "min": 0, "var": 0.056143283844}, "spectral_centroid": {"dmean": 216.589706421, "dmean2": 316.918518066, "dvar": 112346.820312, "dvar2": 220267.328125, "max": 11692.8935547, "mean": 1320.59313965, "median": 1333.50915527, "min": 122.420173645, "var": 577959.1875}, "spectral_complexity": {"dmean": 2.47897911072, "dmean2": 3.98372197151, "dvar": 11.6584377289, "dvar2": 27.7882804871, "max": 50, "mean": 13.5250673294, "median": 13, "min": 0, "var": 52.3203201294}, "spectral_decrease": {"dmean": 1.55313084615e-09, "dmean2": 2.31932828498e-09, "dvar": 4.79523177183e-18, "dvar2": 1.08880328192e-17, "max": 4.43232674807e-29, "mean": -5.87334270108e-09, "median": -4.76229189417e-09, "min": -2.92444557459e-08, "var": 1.78867533881e-17}, "spectral_energy": {"dmean": 0.00612298771739, "dmean2": 0.00912938732654, "dvar": 6.94105037837e-05, "dvar2": 0.000157523478265, "max": 0.110953971744, "mean": 0.0240855906159, "median": 0.0196271054447, "min": 1.12315221729e-20, "var": 0.00028156809276}, "spectral_energyband_high": {"dmean": 0.000512258789968, "dmean2": 0.000743984768633, "dvar": 2.66407073468e-06, "dvar2": 3.97591975343e-06, "max": 0.0526696965098, "mean": 0.00114923494402, "median": 0.000430681859143, "min": 8.12049831251e-21, "var": 8.6340960479e-06}, "spectral_energyband_low": {"dmean": 0.00407266337425, "dmean2": 0.00614057434723, "dvar": 7.47142912587e-05, "dvar2": 0.000165880017448, "max": 0.10826061666, "mean": 0.00981111638248, "median": 0.00434537045658, "min": 1.56738079061e-22, "var": 0.000214867628529}, "spectral_energyband_middle_high": {"dmean": 0.00117144931573, "dmean2": 0.00172331812792, "dvar": 3.54955363946e-06, "dvar2": 7.39642791814e-06, "max": 0.0432071536779, "mean": 0.00450059352443, "median": 0.00228769565001, "min": 1.43162679028e-21, "var": 3.52559618477e-05}, "spectral_energyband_middle_low": {"dmean": 0.00291097932495, "dmean2": 0.00448302086443, "dvar": 2.33763585129e-05, "dvar2": 6.08564405411e-05, "max": 0.0656626746058, "mean": 0.00928963720798, "median": 0.00540959089994, "min": 4.26871038362e-22, "var": 9.1701738711e-05}, "spectral_entropy": {"dmean": 0.206733539701, "dmean2": 0.308886796236, "dvar": 0.0685155615211, "dvar2": 0.159263089299, "max": 9.79952526093, "mean": 7.18083953857, "median": 7.44258546829, "min": 3.51496434212, "var": 1.00128245354}, "spectral_flux": {"dmean": 0.0201873742044, "dmean2": 0.0313711725175, "dvar": 0.000664545805193, "dvar2": 0.00124910497107, "max": 0.290341347456, "mean": 0.0647736042738, "median": 0.0519648306072, "min": 1.05978878451e-10, "var": 0.0019964936655}, "spectral_kurtosis": {"dmean": 37.350112915, "dmean2": 67.1036071777, "dvar": 31386.9101562, "dvar2": 96334.046875, "max": 3473.7043457, "mean": 61.1235389709, "median": 3.96714353561, "min": -1.36731743813, "var": 48986.8984375}, "spectral_rms": {"dmean": 0.000577270286158, "dmean2": 0.000846019596793, "dvar": 4.54430562513e-07, "dvar2": 1.0104232615e-06, "max": 0.0104042189196, "mean": 0.0045151100494, "median": 0.0043758880347, "min": 3.31022383983e-12, "var": 3.11191934088e-06}, "spectral_rolloff": {"dmean": 459.962097168, "dmean2": 757.720153809, "dvar": 1209789.875, "dvar2": 2359673, "max": 19164.5507812, "mean": 1573.8807373, "median": 1076.66015625, "min": 43.06640625, "var": 3449313.75}, "spectral_skewness": {"dmean": 0.773243784904, "dmean2": 1.30938386917, "dvar": 5.2065205574, "dvar2": 15.88722229, "max": 47.7840652466, "mean": 3.57055187225, "median": 1.68684446812, "min": -0.170589730144, "var": 32.3882369995}, "spectral_spread": {"dmean": 694437.875, "dmean2": 1009256.5625, "dvar": 936314798080, "dvar2": 1579997724670.0, "max": 40960228, "mean": 5030680, "median": 5378752.5, "min": 35509.109375, "var": 6639294873600.0}, "spectral_strongpeak": {"dmean": 0.481546401978, "dmean2": 0.80150437355, "dvar": 1.20345556736, "dvar2": 2.95732116699, "max": 21.358537674, "mean": 1.10573613644, "median": 0.479229271412, "min": 0, "var": 2.85177612305}, "zerocrossingrate": {"dmean": 0.0119569795206, "dmean2": 0.0138205764815, "dvar": 0.000324689841364, "dvar2": 0.000374676339561, "max": 0.5068359375, "mean": 0.0622383877635, "median": 0.0537109375, "min": 0.001953125, "var": 0.0024955982808}, "barkbands": {"dmean": [0.000212519647903, 0.00350889004767, 0.0011852531461, 0.000954409362748, 0.00121148116887, 0.000880878302269, 0.000587007787544, 0.000420625758125, 0.000267225026619, 0.000287251605187, 0.000150778068928, 0.000223059090786, 0.000174918546691, 0.00019756887923, 0.000299756968161, 0.000328729569446, 0.000212338738493, 0.00010647574527, 9.81380217127e-05, 8.46385155455e-05, 9.79847609415e-05, 0.000109720320324, 5.81374333706e-05, 0.000108495303721, 0.000126509534311, 6.76843337715e-05, 3.33487223543e-05], "dmean2": [0.000306168018142, 0.00522629683837, 0.00206462619826, 0.00162277778145, 0.00180780468509, 0.00121669017244, 0.00087018578779, 0.000616385252215, 0.000399867189117, 0.000410485139582, 0.000224050920224, 0.000333693256835, 0.000250884448178, 0.000306711299345, 0.000457352172816, 0.000507354154252, 0.000333356641931, 0.000162608455867, 0.000152831853484, 0.000135376176331, 0.00015176506713, 0.000170911138412, 9.16414501262e-05, 0.000159839430125, 0.000183405049029, 0.000101154881122, 5.55394908588e-05], "dvar": [2.54707231306e-07, 6.65249972371e-05, 2.11105871131e-05, 9.48830893321e-06, 4.74272837891e-06, 2.91004062092e-06, 2.04876369025e-06, 8.65737433742e-07, 6.50706681427e-07, 5.74470732317e-07, 5.04954698499e-07, 3.83726586506e-07, 2.53153189078e-07, 2.25930492093e-07, 6.80581536017e-07, 7.67651442857e-07, 3.88408523122e-07, 1.51509127022e-07, 4.89810787485e-08, 4.97015442136e-08, 8.37497893258e-08, 1.47884875901e-07, 1.57134287804e-08, 2.0907756948e-07, 3.85396305091e-07, 5.86503183797e-08, 9.92343629491e-09], "dvar2": [4.9552636483e-07, 0.000148713981616, 5.73134420847e-05, 2.71037879429e-05, 1.09394377432e-05, 6.32301043879e-06, 4.97731616633e-06, 1.95104144041e-06, 1.36766311698e-06, 1.17518072784e-06, 8.71204861141e-07, 7.88664976881e-07, 4.0456754391e-07, 5.46676233171e-07, 1.60215074629e-06, 1.79018616109e-06, 8.97751533557e-07, 2.88441981411e-07, 1.11004993641e-07, 1.14837014564e-07, 1.61865401083e-07, 3.20265797882e-07, 3.48380737591e-08, 3.19964755136e-07, 6.05805041687e-07, 9.04038159888e-08, 2.24466116805e-08], "max": [0.0129068754613, 0.103374101222, 0.0477837920189, 0.0405024811625, 0.0489315167069, 0.0411595664918, 0.0322697497904, 0.0229274220765, 0.0364554710686, 0.0278292503208, 0.0426920577884, 0.0196482855827, 0.0224183630198, 0.0149466982111, 0.0262513048947, 0.0210573691875, 0.016189865768, 0.0162443909794, 0.00676656607538, 0.00501274736598, 0.00920941308141, 0.0116867916659, 0.00305028446019, 0.0170940328389, 0.027803029865, 0.0115701062605, 0.00303129339591], "mean": [0.00055297173094, 0.00750702014193, 0.00111499836203, 0.00141541508492, 0.00275438209064, 0.00210086395964, 0.00116300489753, 0.00120931002311, 0.000588966999203, 0.000663888698909, 0.000361730111763, 0.000401517405408, 0.000343239400536, 0.000364626175724, 0.00077866925858, 0.000665396684781, 0.000508658937179, 0.000197966233827, 0.0001777610305, 0.000125264879898, 0.000203409173992, 0.000220762478421, 9.87580351648e-05, 0.000201497081434, 0.00022684855503, 0.000103227677755, 3.54388575943e-05], "median": [5.33673664904e-05, 0.0027708967682, 0.000208187178941, 0.000453918066341, 0.000993289868347, 0.000800984911621, 0.000341383682098, 0.000389968481613, 0.000222034315811, 0.000176358109456, 3.77037285944e-05, 0.000104837541585, 8.11740756035e-05, 8.05120362202e-05, 7.9204532085e-05, 0.000103898288216, 5.90724303038e-05, 4.93932166137e-05, 5.02711263834e-05, 3.4110933484e-05, 6.10665883869e-05, 5.60974112886e-05, 3.46673332388e-05, 5.55056030862e-05, 5.29286153323e-05, 2.07188513741e-05, 2.74129820355e-06], "min": [9.97883564897e-24, 5.96363193347e-23, 6.65382148557e-23, 2.99264986686e-23, 9.37175590645e-23, 7.89323682582e-23, 1.89357303942e-23, 1.3271672176e-22, 3.624406914e-23, 1.06960968563e-22, 2.06112914673e-23, 1.27582991694e-22, 1.11962750599e-22, 8.44828314527e-23, 7.04218149575e-23, 2.00695251479e-22, 1.52283047052e-22, 1.16381431897e-22, 2.53204812069e-22, 3.66362806846e-22, 4.12900400083e-22, 6.51601733042e-22, 8.5785687618e-22, 8.46527722865e-22, 1.2130012984e-21, 1.58368039871e-21, 2.7136582899e-21], "var": [1.19397520848e-06, 0.000155104935402, 1.45216954479e-05, 9.53159997152e-06, 1.69123577507e-05, 1.0132668649e-05, 5.63280354982e-06, 6.46081298328e-06, 2.00579756893e-06, 2.45775186158e-06, 4.18441504735e-06, 8.45434954044e-07, 7.75150112986e-07, 5.58691567676e-07, 4.59095144834e-06, 2.71821249953e-06, 1.55921441092e-06, 3.53221480509e-07, 1.22182470363e-07, 9.02256616087e-08, 2.19148176939e-07, 3.39611119671e-07, 3.83156226746e-08, 5.97236805788e-07, 9.41268297083e-07, 1.45439187804e-07, 1.32950521703e-08]}, "erbbands": {"dmean": [0.135124787688, 0.679300189018, 1.27138447762, 2.38206267357, 3.17999315262, 4.30912399292, 7.75615167618, 7.11250734329, 9.01742172241, 6.8901219368, 8.19565010071, 5.20121860504, 6.61068153381, 9.47279453278, 7.84459114075, 6.44699001312, 7.80171823502, 7.52946901321, 10.6381454468, 17.2640209198, 19.4896907806, 11.5866804123, 5.63735246658, 4.70519304276, 4.6450176239, 3.82411074638, 3.53416824341, 4.35452699661, 4.41641235352, 2.60396671295, 1.40306186676, 1.98719859123, 2.03800916672, 1.70518434048, 0.754891693592, 0.355300784111, 0.115421228111, 0.0314000099897, 0.00537310820073, 0.000376867421437], "dmean2": [0.199269548059, 1.0343439579, 2.13797235489, 4.04682636261, 4.84046649933, 6.45204114914, 11.1542396545, 9.71688365936, 13.5261297226, 10.0588474274, 11.9391384125, 7.83948898315, 9.94817829132, 13.0804367065, 11.1929273605, 9.85981082916, 11.0212755203, 11.4223299026, 16.3510112762, 26.1731853485, 29.9891223907, 17.8560314178, 8.50426769257, 7.36645889282, 7.13991689682, 6.12082958221, 5.43990278244, 6.67754411697, 6.83076477051, 4.13358736038, 2.19914412498, 3.00801253319, 2.95407342911, 2.46361637115, 1.11346590519, 0.531835854053, 0.175841346383, 0.0507936775684, 0.00888689234853, 0.0006414714735], "dvar": [0.106637753546, 2.95099902153, 21.3602485657, 69.0650482178, 53.0894851685, 76.2075653076, 283.850524902, 200.263824463, 502.151611328, 260.796234131, 399.956939697, 287.136260986, 322.442718506, 765.834533691, 616.863952637, 415.461853027, 514.551208496, 419.135070801, 714.738891602, 2501.91162109, 2768.64038086, 1072.52368164, 273.627716064, 147.270751953, 143.979095459, 92.0989303589, 112.265960693, 168.686523438, 243.583999634, 55.6147384644, 10.4113521576, 42.5088500977, 92.2585906982, 81.0780105591, 10.6572761536, 2.5098400116, 0.151147350669, 0.0106845041737, 0.000265371520072, 1.22756773635e-06], "dvar2": [0.241933271289, 6.19450998306, 55.8507957458, 194.126708984, 138.865005493, 176.328567505, 673.211120605, 426.632202148, 1281.1427002, 545.962158203, 882.829467773, 625.642883301, 694.031738281, 1470.65393066, 980.786315918, 874.18347168, 803.45880127, 948.325317383, 1718.18664551, 5794.52539062, 6459.56787109, 2449.77587891, 513.905883789, 286.314880371, 325.537231445, 215.772247314, 220.704055786, 326.226959229, 532.225341797, 120.324287415, 23.8188591003, 73.9945983887, 131.517440796, 126.910133362, 19.903459549, 4.40598249435, 0.270311594009, 0.0221897512674, 0.000598049722612, 3.09803158416e-06], "max": [5.37969970703, 22.1755599976, 52.9118843079, 91.0795059204, 162.716751099, 177.007873535, 361.028930664, 399.284362793, 505.740539551, 536.239562988, 547.195922852, 1022.44970703, 648.874511719, 1396.96386719, 1463.90539551, 772.108398438, 1149.91186523, 787.781311035, 1042.83898926, 1844.22912598, 1331.70422363, 978.956298828, 671.560180664, 389.678497314, 333.568664551, 270.294525146, 302.970123291, 407.404693604, 442.94543457, 230.07270813, 76.4671096802, 259.424255371, 410.188720703, 367.136962891, 126.641784668, 89.0309906006, 12.5461988449, 3.13554692268, 0.534276843071, 0.0246647335589], "mean": [0.32729408145, 1.23223662376, 1.33017635345, 3.27005386353, 6.19257259369, 8.9271440506, 16.3844165802, 17.0370845795, 18.6646671295, 17.9328899384, 23.6761283875, 12.1017198563, 15.3239459991, 23.7342224121, 18.6664829254, 12.8108205795, 16.1989841461, 14.5922460556, 22.9254722595, 48.4660377502, 43.9118385315, 32.3320045471, 12.3216323853, 8.85966300964, 8.704621315, 6.10373735428, 6.68190670013, 8.88220787048, 9.06518363953, 4.61857414246, 2.4965057373, 3.55532932281, 3.6692802906, 2.93777704239, 1.30836045742, 0.562279820442, 0.165533646941, 0.0376814901829, 0.00583330681548, 0.000382668658858], "median": [0.0881902724504, 0.471902579069, 0.342460125685, 1.21339631081, 1.83904254436, 3.20913934708, 4.3880200386, 7.02404212952, 7.47821712494, 7.64245843887, 7.79726982117, 5.03591108322, 6.71983242035, 6.47535657883, 5.23734092712, 4.21921157837, 4.46400594711, 4.5833530426, 4.71942710876, 4.8825507164, 6.69171714783, 4.43653059006, 3.28834295273, 2.7245452404, 2.79165744781, 2.02977633476, 2.17157649994, 2.34228801727, 2.11562418938, 1.54973077774, 0.982942223549, 1.12177920341, 0.877828657627, 0.628711760044, 0.316107302904, 0.127509430051, 0.0291751008481, 0.00460331840441, 0.00048220474855, 6.54708273942e-05], "min": [2.01862785813e-21, 1.28184285962e-20, 6.50118143416e-20, 1.05340229625e-19, 6.88285161608e-20, 3.82581631557e-19, 7.93885145332e-19, 5.73908869132e-19, 3.38353240632e-19, 5.26795504875e-19, 3.54102454472e-18, 9.04043269047e-19, 3.00388530138e-18, 1.45264806286e-18, 1.88861298432e-18, 6.62377076416e-18, 4.86018447507e-18, 3.98226873964e-18, 3.4441699668e-18, 6.12870109959e-18, 1.21145497618e-17, 7.64450212747e-18, 7.35868806478e-18, 8.30085670864e-18, 1.57869620206e-17, 1.60430025443e-17, 1.82829497405e-17, 1.62754634575e-17, 2.60969147057e-17, 2.04311096672e-17, 2.47068045991e-17, 1.72731640446e-17, 1.49241795545e-17, 1.0327919048e-17, 1.0003293671e-17, 4.63056906319e-18, 2.84967484696e-18, 1.4205743414e-18, 3.75691578946e-19, 4.39969548375e-20], "var": [0.318573713303, 5.14291095734, 16.9193019867, 55.2089653015, 128.480117798, 205.121383667, 813.828918457, 668.951293945, 1219.6784668, 1132.57165527, 2387.13378906, 919.675048828, 975.782958984, 3346.37963867, 4470.33203125, 895.157836914, 1715.39331055, 931.560241699, 2063.0793457, 19381.8886719, 11043.8613281, 6260.39111328, 904.772827148, 377.464019775, 316.624023438, 168.275253296, 272.408599854, 453.699279785, 569.724243164, 120.249946594, 24.0704231262, 117.609519958, 268.561035156, 194.250656128, 22.7556533813, 5.40110206604, 0.33085668087, 0.0165529306978, 0.000360045669368, 1.23897791582e-06]}, "gfcc": {"mean": [-45.3620300293, 88.3399429321, -91.1802444458, 9.20192527771, -56.1911697388, 7.0549454689, -37.3446846008, 8.46830463409, -16.1022834778, 4.58421468735, -13.4525575638, 3.57664489746, -2.57482886314], "cov": [[21086.9394531, -7463.03857422, -1357.94836426, 3642.65234375, 369.741485596, 1369.15527344, -1156.62890625, 749.094726562, -318.934204102, 745.716491699, -747.09362793, 597.995300293, -231.682403564], [-7463.03857422, 6075.80566406, 2330.62695312, -1337.66430664, 21.8589897156, -833.420410156, 500.361358643, -433.937927246, 207.432250977, -399.856018066, 502.719970703, -292.878631592, 222.295135498], [-1357.94836426, 2330.62695312, 3963.82592773, 319.899932861, 110.96824646, -225.733764648, 195.442932129, -14.5661067963, 104.168380737, -69.2692947388, 238.1484375, -14.6052007675, 90.5326766968], [3642.65234375, -1337.66430664, 319.899932861, 1429.32275391, 210.018112183, 351.647796631, -166.516586304, 255.539962769, 15.0077667236, 181.186264038, -136.503143311, 111.058174133, -23.8061885834], [369.741485596, 21.8589897156, 110.96824646, 210.018112183, 468.418212891, 186.101928711, 112.298797607, 112.61050415, 85.9464950562, 48.1992645264, 28.3502788544, 12.1808462143, -6.08775186539], [1369.15527344, -833.420410156, -225.733764648, 351.647796631, 186.101928711, 444.072143555, 101.463874817, 195.634933472, 14.8114652634, 118.486946106, -37.052028656, 60.1641540527, -42.5004615784], [-1156.62890625, 500.361358643, 195.442932129, -166.516586304, 112.298797607, 101.463874817, 441.184112549, 60.7009849548, 61.4336967468, -1.48261904716, 114.000160217, -34.5678863525, -14.9490890503], [749.094726562, -433.937927246, -14.5661067963, 255.539962769, 112.61050415, 195.634933472, 60.7009849548, 248.20552063, 53.987071991, 79.9353942871, -7.73656082153, 50.5586051941, -10.329240799], [-318.934204102, 207.432250977, 104.168380737, 15.0077667236, 85.9464950562, 14.8114652634, 61.4336967468, 53.987071991, 166.702011108, 36.9950904846, 20.6296844482, 2.81448340416, 12.7184858322], [745.716491699, -399.856018066, -69.2692947388, 181.186264038, 48.1992645264, 118.486946106, -1.48261904716, 79.9353942871, 36.9950904846, 134.237411499, -8.01326465607, 39.0190391541, -8.14900875092], [-747.09362793, 502.719970703, 238.1484375, -136.503143311, 28.3502788544, -37.052028656, 114.000160217, -7.73656082153, 20.6296844482, -8.01326465607, 138.884521484, -7.23426818848, 17.0503444672], [597.995300293, -292.878631592, -14.6052007675, 111.058174133, 12.1808462143, 60.1641540527, -34.5678863525, 50.5586051941, 2.81448340416, 39.0190391541, -7.23426818848, 98.7675933838, 9.61310577393], [-231.682403564, 222.295135498, 90.5326766968, -23.8061885834, -6.08775186539, -42.5004615784, -14.9490890503, -10.329240799, 12.7184858322, -8.14900875092, 17.0503444672, 9.61310577393, 76.9933929443]], "icov": [[0.00014385159011, 4.99919879076e-05, -3.44603051872e-07, -0.000201826711418, -5.10335194122e-05, -9.57184820436e-05, 0.00019228279416, 1.05449644252e-05, 0.000220771617023, -0.000239615415921, 0.000142763761687, -0.000285152142169, 0.000150564999785], [4.99919879076e-05, 0.000654628674965, -0.000232203907217, 0.000141938406159, -0.000217156251892, 0.000380781537388, -0.000176686604391, 0.000338483601809, -0.000530961260665, 0.00071006140206, -0.000979247852229, 0.000758040230721, -0.00093348743394], [-3.44603051872e-07, -0.000232203907217, 0.000427776976721, -0.000330098118866, 5.49569413124e-05, 0.000124181140563, -6.06573084951e-05, -8.79628860275e-05, 8.57151098899e-05, -2.85529968096e-05, -0.000206926139072, -0.000334903015755, 0.000184087504749], [-0.000201826711418, 0.000141938406159, -0.000330098118866, 0.00171508349013, -0.000330801412929, -0.00027748796856, 0.000245535105933, -0.000577766739298, -0.000182421805221, -0.000316632271279, 0.000504543655552, 0.00047120283125, -0.000481790630147], [-5.10335194122e-05, -0.000217156251892, 5.49569413124e-05, -0.000330801412929, 0.00313831306994, -0.00132929557003, -0.000152554901433, -0.000176964429556, -0.00127337279264, 0.000501790898852, -0.000569397059735, 0.000289604242425, 0.000120902739582], [-9.57184820436e-05, 0.000380781537388, 0.000124181140563, -0.00027748796856, -0.00132929557003, 0.00597122777253, -0.00195023964625, -0.00193555199075, 0.00104191969149, -0.00162534101401, 0.000640166283119, -0.000516671105288, 0.000512057973538], [0.00019228279416, -0.000176686604391, -6.06573084951e-05, 0.000245535105933, -0.000152554901433, -0.00195023964625, 0.0044174734503, -0.000757267640438, -0.000405437371228, 0.000141509706737, -0.00219444558024, 0.00082911917707, 0.00136787828524], [1.05449644252e-05, 0.000338483601809, -8.79628860275e-05, -0.000577766739298, -0.000176964429556, -0.00193555199075, -0.000757267640438, 0.00771658029407, -0.00202747737058, -0.000302971049678, -0.000722949800547, -0.00125526974443, -0.00059528730344], [0.000220771617023, -0.000530961260665, 8.57151098899e-05, -0.000182421805221, -0.00127337279264, 0.00104191969149, -0.000405437371228, -0.00202747737058, 0.00906529091299, -0.00392168108374, 0.00193356687669, -0.000835380866192, -7.25889767637e-05], [-0.000239615415921, 0.00071006140206, -2.85529968096e-05, -0.000316632271279, 0.000501790898852, -0.00162534101401, 0.000141509706737, -0.000302971049678, -0.00392168108374, 0.0137001825497, -0.00333948270418, -0.000424886442488, -0.000815694977064], [0.000142763761687, -0.000979247852229, -0.000206926139072, 0.000504543655552, -0.000569397059735, 0.000640166283119, -0.00219444558024, -0.000722949800547, 0.00193356687669, -0.00333948270418, 0.0137763042003, -0.00281732273288, 6.95934577379e-05], [-0.000285152142169, 0.000758040230721, -0.000334903015755, 0.00047120283125, 0.000289604242425, -0.000516671105288, 0.00082911917707, -0.00125526974443, -0.000835380866192, -0.000424886442488, -0.00281732273288, 0.0151008069515, -0.00394540699199], [0.000150564999785, -0.00093348743394, 0.000184087504749, -0.000481790630147, 0.000120902739582, 0.000512057973538, 0.00136787828524, -0.00059528730344, -7.25889767637e-05, -0.000815694977064, 6.95934577379e-05, -0.00394540699199, 0.0166517272592]]}, "melbands": {"dmean": [0.00107497908175, 0.000663538346998, 0.00043420252041, 0.000243174334173, 0.000256685045315, 0.000158821421792, 0.000134349771542, 8.19761116873e-05, 5.99703016633e-05, 3.45832122548e-05, 3.5008550185e-05, 4.16050934291e-05, 2.51050496445e-05, 2.88637420454e-05, 1.57831836987e-05, 1.66979498317e-05, 1.45257336044e-05, 1.92336810869e-05, 2.09460104088e-05, 2.08187157114e-05, 2.39764976868e-05, 1.43346878758e-05, 7.25260269974e-06, 5.03027422383e-06, 3.95567894884e-06, 4.02931709687e-06, 3.25273049384e-06, 2.49394975071e-06, 2.59805142377e-06, 2.33109926739e-06, 2.65682115241e-06, 2.81724305751e-06, 2.08233268495e-06, 1.44472335251e-06, 8.29294833693e-07, 9.47533180806e-07, 1.38196139687e-06, 1.51036181251e-06, 1.59958699442e-06, 1.48730555338e-06], "dmean2": [0.00158986030146, 0.00103006488644, 0.000715037283953, 0.000363542494597, 0.000372325768694, 0.000217534805415, 0.000200226102606, 0.000119959135191, 8.77485945239e-05, 5.19718923897e-05, 5.25244722667e-05, 5.74145669816e-05, 3.56726850441e-05, 4.32098750025e-05, 2.37464246311e-05, 2.40309273067e-05, 2.21919217438e-05, 2.95290828944e-05, 3.21709776472e-05, 3.15116485581e-05, 3.6807556171e-05, 2.22649523494e-05, 1.11631688924e-05, 7.80412119639e-06, 6.27204872217e-06, 6.17768500888e-06, 5.22855680174e-06, 3.99709188059e-06, 3.99821419705e-06, 3.65225423593e-06, 4.1124631025e-06, 4.35981519331e-06, 3.34011315317e-06, 2.31615877055e-06, 1.32952015974e-06, 1.48475078277e-06, 2.1163175461e-06, 2.23808956434e-06, 2.34263461607e-06, 2.19168919102e-06], "dvar": [6.31824832453e-06, 3.6918306705e-06, 1.84266286851e-06, 2.17386059376e-07, 2.85696245328e-07, 9.76949010578e-08, 1.02484428055e-07, 3.01503995104e-08, 2.3121415893e-08, 1.1112976317e-08, 8.84552964209e-09, 1.36479174628e-08, 9.50726963822e-09, 5.86072035347e-09, 3.90835586117e-09, 1.93311788799e-09, 1.77902725884e-09, 2.27688934373e-09, 3.58326990302e-09, 3.52685103344e-09, 4.36323643882e-09, 1.93285099037e-09, 5.02583474837e-10, 4.97875740635e-10, 9.77663922042e-11, 1.06519591758e-10, 7.08039391006e-11, 4.44669613631e-11, 5.44970041316e-11, 6.0953006531e-11, 6.21317233773e-11, 9.31390034542e-11, 6.7596213349e-11, 1.17914150666e-11, 3.68636848477e-12, 5.60617221049e-12, 2.45861889875e-11, 3.9382618694e-11, 9.6059604715e-11, 5.99406427271e-11], "dvar2": [1.44484665725e-05, 8.55279449752e-06, 5.1058527788e-06, 5.14649457273e-07, 6.72009093705e-07, 2.08839111338e-07, 2.60318131495e-07, 6.49563816069e-08, 4.96026366648e-08, 2.38275017495e-08, 1.90677482692e-08, 2.59322483487e-08, 1.51669414805e-08, 1.27172636866e-08, 7.86153364629e-09, 3.03268077317e-09, 4.03434530227e-09, 5.52793322228e-09, 8.46333580995e-09, 8.02182942294e-09, 1.0089095781e-08, 4.50975612409e-09, 1.13748488406e-09, 9.29828714025e-10, 2.05288633315e-10, 2.41820702351e-10, 1.70278430245e-10, 1.03337928492e-10, 1.13269817137e-10, 1.26356938801e-10, 1.27944960182e-10, 2.04464306597e-10, 1.60228885715e-10, 2.63586982102e-11, 9.11497873707e-12, 1.14506451196e-11, 4.37995785474e-11, 6.15733852793e-11, 1.41173239765e-10, 1.07930241133e-10], "max": [0.034854862839, 0.0228568520397, 0.0139674404636, 0.00784857384861, 0.0132303675637, 0.00850611086935, 0.00670571858063, 0.00516964448616, 0.00487520592287, 0.00551561964676, 0.00315877771936, 0.00528052914888, 0.00672457180917, 0.00290809036233, 0.00299953320064, 0.0027617579326, 0.00178512453567, 0.00141216488555, 0.00186669896357, 0.00190307339653, 0.00161841884255, 0.00114467123058, 0.000820903398562, 0.000951870169956, 0.000295107718557, 0.000251818273682, 0.000213507679291, 0.000232982216403, 0.000207732795388, 0.000270230142632, 0.000245696399361, 0.000255757127889, 0.000349048932549, 8.59439460328e-05, 4.63749092887e-05, 7.61695118854e-05, 0.000224621282541, 0.000266469200142, 0.0004543865507, 0.000293422985123], "mean": [0.00243412493728, 0.000998824485578, 0.000666283885948, 0.000512225262355, 0.000556260114536, 0.000380678276997, 0.000279735773802, 0.000228861084906, 0.000168371159816, 7.62302443036e-05, 7.8793054854e-05, 0.000100904821011, 6.22394945822e-05, 5.23401322425e-05, 2.7955373298e-05, 3.38455356541e-05, 2.62104731519e-05, 3.5342087358e-05, 5.88392031204e-05, 4.90902966703e-05, 4.93741645187e-05, 3.65252926713e-05, 1.46444835991e-05, 9.077219147e-06, 6.72389705869e-06, 7.3974983934e-06, 4.90207003168e-06, 3.68834412257e-06, 4.2891447265e-06, 4.51183950645e-06, 5.10008294441e-06, 5.62011791772e-06, 3.54524945578e-06, 2.27649070439e-06, 1.33945331982e-06, 1.58629075031e-06, 2.3676705041e-06, 2.5989529604e-06, 2.60373849414e-06, 2.44600187216e-06], "median": [0.000818493193947, 0.00035519694211, 0.000226533345995, 0.000183000898687, 0.000154707668116, 0.00015304365661, 0.000109486754809, 9.74333088379e-05, 5.26636686118e-05, 2.95675399684e-05, 3.33703392243e-05, 2.60259803326e-05, 1.15222755994e-05, 1.27787079691e-05, 5.42308589502e-06, 1.02381191027e-05, 6.60311297906e-06, 5.97739790464e-06, 5.45538250663e-06, 5.94107450524e-06, 6.64062326905e-06, 3.32678132509e-06, 2.65925768872e-06, 2.25729172598e-06, 1.74970818989e-06, 2.07747257264e-06, 1.36754988489e-06, 9.10538403787e-07, 1.14180318178e-06, 9.88705778582e-07, 1.29196428134e-06, 1.10870587378e-06, 9.0518807383e-07, 7.04425076492e-07, 4.43160530494e-07, 5.41886038263e-07, 6.07029051025e-07, 5.91800471739e-07, 4.63288984065e-07, 4.80800906644e-07], "min": [1.74034895704e-23, 2.86347073819e-23, 1.696890452e-23, 1.25629680585e-23, 2.82809158877e-23, 1.33435601237e-23, 4.39957390388e-24, 9.99974282954e-24, 2.68447819879e-23, 4.21855754183e-24, 1.59203316721e-23, 6.9951160031e-24, 3.42768622459e-24, 1.51571308344e-23, 1.55841144212e-23, 8.06955717779e-24, 7.69553928996e-24, 5.4890077745e-24, 6.63568336455e-24, 1.05267934221e-23, 1.57576101778e-23, 8.91624474281e-24, 5.29212505306e-24, 6.24145012717e-24, 6.16983772862e-24, 1.2262341845e-23, 1.2155793558e-23, 1.01352494115e-23, 9.84053886596e-24, 1.18694394159e-23, 9.08552798218e-24, 1.61494705215e-23, 9.95334518654e-24, 1.2641962223e-23, 1.43633048387e-23, 1.38482370433e-23, 9.05964861132e-24, 1.13068277626e-23, 9.38614157391e-24, 7.89844851428e-24], "var": [1.6381696696e-05, 4.70999611935e-06, 1.81701773272e-06, 6.3859971533e-07, 8.75104319675e-07, 3.33167491817e-07, 2.57655841551e-07, 1.75787519652e-07, 1.21348477933e-07, 3.48950059958e-08, 2.7128445268e-08, 6.06222982924e-08, 9.04993697759e-08, 1.33177335826e-08, 8.37799785103e-09, 6.89383261587e-09, 3.78085829311e-09, 5.69402880402e-09, 2.91536430552e-08, 1.52755923466e-08, 1.57352602059e-08, 9.55068646391e-09, 1.33951094661e-09, 9.73987335229e-10, 2.32779337472e-10, 2.49289755505e-10, 1.18742668476e-10, 7.79224185177e-11, 1.18703741281e-10, 1.46681070068e-10, 1.52577311896e-10, 2.25686788702e-10, 1.08034331481e-10, 2.52058599687e-11, 6.65283887008e-12, 1.41402870316e-11, 6.39632374844e-11, 1.07999290067e-10, 2.51168752463e-10, 1.20569013107e-10]}, "mfcc": {"mean": [-690.213317871, 123.355697632, 20.6123752594, 11.7710609436, 3.54051089287, -1.58258795738, -6.35460329056, -0.429333746433, 5.19205331802, -1.01159155369, -0.579869568348, 0.363556087017, 1.83112621307], "cov": [[14010.2099609, -4256.3515625, -2433.30761719, 376.494384766, 934.754760742, 637.78527832, -122.472221375, -62.2348632812, 262.863983154, -104.348960876, 143.149124146, 40.7152633667, 8.70802974701], [-4256.3515625, 3598.54223633, 1538.64904785, 131.227584839, -209.813018799, -304.629730225, -17.0214710236, -17.5284328461, -163.72644043, -13.9168615341, -95.4219665527, -25.3219928741, 40.1047363281], [-2433.30761719, 1538.64904785, 2639.54052734, 771.747070312, 133.06539917, -143.51550293, 61.1379852295, 13.2049245834, -44.3067893982, 15.634894371, -48.7356262207, 18.3019428253, 54.4749984741], [376.494384766, 131.227584839, 771.747070312, 807.122253418, 317.905273438, 66.1541366577, -8.44581031799, 23.1557159424, 44.9681282043, 32.0851669312, -2.54340267181, 27.5079078674, 35.4637451172], [934.754760742, -209.813018799, 133.06539917, 317.905273438, 492.166900635, 116.91570282, 5.59592723846, 43.3526039124, 86.1146240234, 46.1748580933, 18.0844421387, 32.4412117004, 29.0143604279], [637.78527832, -304.629730225, -143.51550293, 66.1541366577, 116.91570282, 271.422912598, 130.319137573, 86.2340316772, 72.8882827759, 81.2288742065, 78.0121231079, 34.972820282, 4.42535066605], [-122.472221375, -17.0214710236, 61.1379852295, -8.44581031799, 5.59592723846, 130.319137573, 311.376190186, 147.774978638, 33.9226570129, 132.517089844, 63.5283737183, 34.7204055786, 20.0866222382], [-62.2348632812, -17.5284328461, 13.2049245834, 23.1557159424, 43.3526039124, 86.2340316772, 147.774978638, 203.998916626, 72.2317428589, 106.431762695, 57.4482917786, 38.4524002075, 32.6714897156], [262.863983154, -163.72644043, -44.3067893982, 44.9681282043, 86.1146240234, 72.8882827759, 33.9226570129, 72.2317428589, 150.772415161, 64.6072692871, 44.3268966675, 34.3124275208, 15.3534297943], [-104.348960876, -13.9168615341, 15.634894371, 32.0851669312, 46.1748580933, 81.2288742065, 132.517089844, 106.431762695, 64.6072692871, 201.740539551, 74.9382629395, 34.1800193787, 11.9272232056], [143.149124146, -95.4219665527, -48.7356262207, -2.54340267181, 18.0844421387, 78.0121231079, 63.5283737183, 57.4482917786, 44.3268966675, 74.9382629395, 126.679573059, 45.4097633362, 2.46959590912], [40.7152633667, -25.3219928741, 18.3019428253, 27.5079078674, 32.4412117004, 34.972820282, 34.7204055786, 38.4524002075, 34.3124275208, 34.1800193787, 45.4097633362, 88.7049865723, 26.3945999146], [8.70802974701, 40.1047363281, 54.4749984741, 35.4637451172, 29.0143604279, 4.42535066605, 20.0866222382, 32.6714897156, 15.3534297943, 11.9272232056, 2.46959590912, 26.3945999146, 91.5347137451]], "icov": [[0.000146068297909, 0.000112582798465, 0.000103472521005, -0.000115293812996, -0.000175093970029, -0.000110831570055, -5.94584844293e-06, 9.54994975473e-05, -4.3727341108e-06, 0.00016802654136, -0.000110485896585, 6.84372935211e-05, -8.99705555639e-05], [0.000112582798465, 0.000518729619216, -0.000197659173864, 5.19986388099e-05, -3.52336719516e-05, 0.000123555102618, 0.000100923636637, -9.42130063777e-05, 0.000304390327074, -6.11573996139e-05, 3.26231238432e-05, 2.80231579382e-05, -0.000175871231477], [0.000103472521005, -0.000197659173864, 0.00087776692817, -0.000879403203726, -5.74564692215e-05, 0.000400152930524, -0.00050144281704, 0.000210237878491, -8.36545805214e-05, 0.000273440557066, -0.000154112130986, -1.28076671899e-05, -8.47983828862e-05], [-0.000115293812996, 5.19986388099e-05, -0.000879403203726, 0.00262075220235, -0.00104573427234, -0.000593028671574, 0.000659660727251, -0.000157613365445, 0.000154020250193, -0.000438926741481, 0.000417583185481, -0.000194966327399, -0.000155870860908], [-0.000175093970029, -3.52336719516e-05, -5.74564692215e-05, -0.00104573427234, 0.00348112476058, -0.00085654691793, 0.000529002747498, -0.000181776209502, -0.000918599136639, -0.000526626652572, 0.000754153646994, -0.000387537991628, -0.000327683461364], [-0.000110831570055, 0.000123555102618, 0.000400152930524, -0.000593028671574, -0.00085654691793, 0.00691997725517, -0.00256174616516, -0.000113971218525, -0.00116836279631, 0.0003303058038, -0.00228523300029, 0.000120428019727, 0.000667677202728], [-5.94584844293e-06, 0.000100923636637, -0.00050144281704, 0.000659660727251, 0.000529002747498, -0.00256174616516, 0.00683676684275, -0.0033680354245, 0.00184779474512, -0.0025727651082, 0.000525885552634, -0.000397056515794, -0.000217154389247], [9.54994975473e-05, -9.42130063777e-05, 0.000210237878491, -0.000157613365445, -0.000181776209502, -0.000113971218525, -0.0033680354245, 0.00980032142252, -0.00282510765828, -0.00146730605047, -0.000779453897849, -0.000239710425376, -0.00197245972231], [-4.3727341108e-06, 0.000304390327074, -8.36545805214e-05, 0.000154020250193, -0.000918599136639, -0.00116836279631, 0.00184779474512, -0.00282510765828, 0.0102516319603, -0.00185686640907, -0.0005111444043, -0.00157157203648, -0.000202918425202], [0.00016802654136, -6.11573996139e-05, 0.000273440557066, -0.000438926741481, -0.000526626652572, 0.0003303058038, -0.0025727651082, -0.00146730605047, -0.00185686640907, 0.00927066709846, -0.00330826197751, 0.000433447654359, 0.000325127271935], [-0.000110485896585, 3.26231238432e-05, -0.000154112130986, 0.000417583185481, 0.000754153646994, -0.00228523300029, 0.000525885552634, -0.000779453897849, -0.0005111444043, -0.00330826197751, 0.0133133931085, -0.00509570958093, 0.00158738694154], [6.84372935211e-05, 2.80231579382e-05, -1.28076671899e-05, -0.000194966327399, -0.000387537991628, 0.000120428019727, -0.000397056515794, -0.000239710425376, -0.00157157203648, 0.000433447654359, -0.00509570958093, 0.0158698316664, -0.00387747702189], [-8.99705555639e-05, -0.000175871231477, -8.47983828862e-05, -0.000155870860908, -0.000327683461364, 0.000667677202728, -0.000217154389247, -0.00197245972231, -0.000202918425202, 0.000325127271935, 0.00158738694154, -0.00387747702189, 0.0130114974454]]}, "spectral_contrast_coeffs": {"dmean": [0.0430956333876, 0.0375601947308, 0.0344806089997, 0.0321750864387, 0.0253008995205, 0.0205608904362], "dmean2": [0.0666545107961, 0.0602449476719, 0.0542531758547, 0.052066616714, 0.0395754463971, 0.031597007066], "dvar": [0.00164523778949, 0.00099795171991, 0.000972395937424, 0.000897868012544, 0.000615864119027, 0.000385392922908], "dvar2": [0.00382399815135, 0.0025282157585, 0.00217350875027, 0.0021420000121, 0.00128599326126, 0.000842557230499], "max": [-0.303243666887, -0.447596937418, -0.382587552071, -0.424831748009, -0.520518302917, -0.578752636909], "mean": [-0.644065976143, -0.714386284351, -0.735820412636, -0.747171878815, -0.772727310658, -0.785838186741], "median": [-0.654394090176, -0.718000650406, -0.739692270756, -0.756850540638, -0.776995062828, -0.779053509235], "min": [-0.956943511963, -0.956383824348, -0.97372853756, -0.97704076767, -0.968951225281, -0.968348860741], "var": [0.0101356972009, 0.00681770173833, 0.00705137196928, 0.00844887923449, 0.00681344326586, 0.00480004632846]}, "spectral_contrast_valleys": {"dmean": [0.34570017457, 0.309968620539, 0.302895903587, 0.349109113216, 0.374363273382, 0.444817066193], "dmean2": [0.550339341164, 0.504136025906, 0.490746408701, 0.566889584064, 0.589504957199, 0.66906362772], "dvar": [0.15798266232, 0.101153552532, 0.104644648731, 0.1756824404, 0.231898725033, 0.290573626757], "dvar2": [0.339680284262, 0.232165694237, 0.244065240026, 0.422406226397, 0.55146586895, 0.663395106792], "max": [-5.52664232254, -5.02117919922, -5.65242910385, -6.05861186981, -5