{"lowlevel": {"average_loudness": 0.950307130814, "barkbands_crest": {"dmean": 3.12537503242, "dmean2": 5.04732704163, "dvar": 11.1472415924, "dvar2": 23.9363937378, "max": 26.1941680908, "mean": 11.056678772, "median": 10.023680687, "min": 2.68598079681, "var": 23.1223545074}, "barkbands_flatness_db": {"dmean": 0.0281169191003, "dmean2": 0.0445683859289, "dvar": 0.000890628434718, "dvar2": 0.0021654360462, "max": 0.567202270031, "mean": 0.156591907144, "median": 0.142650529742, "min": 0.0224386379123, "var": 0.00542557332665}, "barkbands_kurtosis": {"dmean": 5.17486095428, "dmean2": 8.46577167511, "dvar": 150.526092529, "dvar2": 388.010559082, "max": 260.313293457, "mean": 5.75025606155, "median": 1.53447914124, "min": -1.77530145645, "var": 225.556671143}, "barkbands_skewness": {"dmean": 0.770606935024, "dmean2": 1.17866384983, "dvar": 1.0746036768, "dvar2": 2.34009933472, "max": 14.4485969543, "mean": 1.70404553413, "median": 1.4176889658, "min": -3.93934798241, "var": 2.71442770958}, "barkbands_spread": {"dmean": 5.36572408676, "dmean2": 8.39726161957, "dvar": 34.7664527893, "dvar2": 75.7984085083, "max": 96.5461730957, "mean": 21.6692256927, "median": 18.9939918518, "min": 0.484893530607, "var": 157.54776001}, "dissonance": {"dmean": 0.0170916505158, "dmean2": 0.0288014169782, "dvar": 0.000432308559539, "dvar2": 0.00117349298671, "max": 0.500000059605, "mean": 0.467277377844, "median": 0.476211279631, "min": 0.262890845537, "var": 0.000870901159942}, "dynamic_complexity": 3.11323904991, "erbbands_crest": {"dmean": 2.50862431526, "dmean2": 3.909709692, "dvar": 6.25415420532, "dvar2": 13.9156675339, "max": 34.1590766907, "mean": 10.2430925369, "median": 8.46290588379, "min": 2.15463829041, "var": 32.6186714172}, "erbbands_flatness_db": {"dmean": 0.0220224168152, "dmean2": 0.0302158780396, "dvar": 0.000684852653649, "dvar2": 0.00135429739021, "max": 0.655573487282, "mean": 0.165435552597, "median": 0.140730559826, "min": 0.0287882443517, "var": 0.00733422581106}, "erbbands_kurtosis": {"dmean": 0.986774921417, "dmean2": 1.51473200321, "dvar": 2.56832051277, "dvar2": 6.0532989502, "max": 32.1625900269, "mean": 0.863946557045, "median": 0.0875072479248, "min": -1.6492587328, "var": 6.89611530304}, "erbbands_skewness": {"dmean": 0.311445891857, "dmean2": 0.466360926628, "dvar": 0.102673135698, "dvar2": 0.227770447731, "max": 5.35556602478, "mean": -0.141072154045, "median": -0.154087886214, "min": -4.93600749969, "var": 0.536281645298}, "erbbands_spread": {"dmean": 8.89480781555, "dmean2": 13.2703819275, "dvar": 100.686340332, "dvar2": 214.820602417, "max": 117.966362, "mean": 36.2882614136, "median": 34.2607307434, "min": 0.596056580544, "var": 361.523162842}, "hfc": {"dmean": 7.75607824326, "dmean2": 11.5228071213, "dvar": 147.652374268, "dvar2": 344.797058105, "max": 125.29598999, "mean": 22.0772895813, "median": 17.8623638153, "min": 1.10826551825e-16, "var": 287.928161621}, "melbands_crest": {"dmean": 3.62597799301, "dmean2": 5.76537322998, "dvar": 10.8703832626, "dvar2": 26.0164699554, "max": 38.0647544861, "mean": 15.9608736038, "median": 15.5369548798, "min": 1.69838321209, "var": 33.4830055237}, "melbands_flatness_db": {"dmean": 0.0342115238309, "dmean2": 0.0537898764014, "dvar": 0.00127099943347, "dvar2": 0.00286480830982, "max": 0.666063666344, "mean": 0.234014064074, "median": 0.229138329625, "min": 0.00328179565258, "var": 0.00606797542423}, "melbands_kurtosis": {"dmean": 13.8706226349, "dmean2": 22.2619361877, "dvar": 835.091125488, "dvar2": 2067.50927734, "max": 598.290588379, "mean": 18.9107837677, "median": 7.36676120758, "min": -1.73432672024, "var": 1570.72741699}, "melbands_skewness": {"dmean": 1.1127153635, "dmean2": 1.69219720364, "dvar": 2.10748434067, "dvar2": 4.41829204559, "max": 19.4534492493, "mean": 3.02762794495, "median": 2.56917285919, "min": -3.57644605637, "var": 5.54472541809}, "melbands_spread": {"dmean": 6.58684444427, "dmean2": 10.3045091629, "dvar": 60.0909194946, "dvar2": 125.824142456, "max": 143.082092285, "mean": 21.3298587799, "median": 17.9119377136, "min": 0.550831377506, "var": 245.263397217}, "pitch_salience": {"dmean": 0.0846142098308, "dmean2": 0.138607546687, "dvar": 0.00733865005895, "dvar2": 0.0180181413889, "max": 0.824886679649, "mean": 0.47876265645, "median": 0.484975039959, "min": 0.0718672499061, "var": 0.0171367712319}, "silence_rate_20dB": {"dmean": 0, "dmean2": 0, "dvar": 0, "dvar2": 0, "max": 1, "mean": 1, "median": 1, "min": 1, "var": 0}, "silence_rate_30dB": {"dmean": 0.112625963986, "dmean2": 0.225285306573, "dvar": 0.0999467894435, "dvar2": 0.203891694546, "max": 1, "mean": 0.898651659489, "median": 1, "min": 0, "var": 0.0910787507892}, "silence_rate_60dB": {"dmean": 0.0041493778117, "dmean2": 0.0082999849692, "dvar": 0.00413211295381, "dvar2": 0.00941665656865, "max": 1, "mean": 0.0552674457431, "median": 0, "min": 0, "var": 0.0522124059498}, "spectral_centroid": {"dmean": 222.101623535, "dmean2": 350.794525146, "dvar": 69634.25, "dvar2": 139453.640625, "max": 11386.921875, "mean": 1354.01989746, "median": 1177.8059082, "min": 177.777023315, "var": 466065.46875}, "spectral_complexity": {"dmean": 3.86336684227, "dmean2": 6.03675699234, "dvar": 21.2992763519, "dvar2": 45.647605896, "max": 62, "mean": 21.7184772491, "median": 20, "min": 0, "var": 143.708709717}, "spectral_decrease": {"dmean": 6.70247501944e-09, "dmean2": 1.06925552856e-08, "dvar": 1.50383698528e-16, "dvar2": 3.53253449526e-16, "max": 1.94822756019e-17, "mean": -1.11170743722e-08, "median": -7.50496553792e-09, "min": -9.0929496821e-08, "var": 1.59688567212e-16}, "spectral_energy": {"dmean": 0.0258487481624, "dmean2": 0.0411462858319, "dvar": 0.00220037088729, "dvar2": 0.00516273034737, "max": 0.346647560596, "mean": 0.0439608320594, "median": 0.0303275994956, "min": 1.01794978756e-20, "var": 0.0023596000392}, "spectral_energyband_high": {"dmean": 0.000431851047324, "dmean2": 0.000644268118776, "dvar": 5.33971103778e-07, "dvar2": 1.2357451169e-06, "max": 0.0068636899814, "mean": 0.000838964304421, "median": 0.000420499942265, "min": 7.57671591704e-21, "var": 1.11874487629e-06}, "spectral_energyband_low": {"dmean": 0.0205760151148, "dmean2": 0.0331502631307, "dvar": 0.00198597507551, "dvar2": 0.00472168531269, "max": 0.330489397049, "mean": 0.0263016913086, "median": 0.0124618727714, "min": 3.99645264956e-23, "var": 0.00197046040557}, "spectral_energyband_middle_high": {"dmean": 0.0017730522668, "dmean2": 0.00271271076053, "dvar": 4.28253042628e-06, "dvar2": 9.89080490399e-06, "max": 0.0303027573973, "mean": 0.00657460605726, "median": 0.00599386356771, "min": 1.40985574391e-21, "var": 1.57493432198e-05}, "spectral_energyband_middle_low": {"dmean": 0.0071410597302, "dmean2": 0.0117457602173, "dvar": 0.000291014497634, "dvar2": 0.000697958050296, "max": 0.18981128931, "mean": 0.0119608584791, "median": 0.00786071456969, "min": 3.15712054984e-22, "var": 0.000294852972729}, "spectral_entropy": {"dmean": 0.175942137837, "dmean2": 0.266212999821, "dvar": 0.0489539168775, "dvar2": 0.108590468764, "max": 9.80456829071, "mean": 7.44494152069, "median": 7.60290956497, "min": 4.91618299484, "var": 0.300323545933}, "spectral_flux": {"dmean": 0.0473386310041, "dmean2": 0.0780919417739, "dvar": 0.00482663465664, "dvar2": 0.0109376115724, "max": 0.49912956357, "mean": 0.103158265352, "median": 0.0727229937911, "min": 1.00893494948e-10, "var": 0.0074723768048}, "spectral_kurtosis": {"dmean": 2.8362724781, "dmean2": 4.69976568222, "dvar": 33.3022232056, "dvar2": 93.5411300659, "max": 170.628509521, "mean": 6.79102802277, "median": 4.54636478424, "min": -1.23224532604, "var": 62.8158569336}, "spectral_rms": {"dmean": 0.00152752408758, "dmean2": 0.00232667708769, "dvar": 5.02615239384e-06, "dvar2": 1.07280966404e-05, "max": 0.0183900166303, "mean": 0.00582295004278, "median": 0.00543947611004, "min": 3.15138345107e-12, "var": 8.98182315723e-06}, "spectral_rolloff": {"dmean": 402.70602417, "dmean2": 676.595031738, "dvar": 427277.40625, "dvar2": 879509.0625, "max": 18906.1523438, "mean": 1328.89135742, "median": 1033.59375, "min": 21.533203125, "var": 2119144.25}, "spectral_skewness": {"dmean": 0.309581965208, "dmean2": 0.496575266123, "dvar": 0.189660713077, "dvar2": 0.51915127039, "max": 10.8343315125, "mean": 1.7166788578, "median": 1.54558241367, "min": -0.176858186722, "var": 0.513525307178}, "spectral_spread": {"dmean": 652490.75, "dmean2": 820154.4375, "dvar": 840549990400, "dvar2": 1183975211010.0, "max": 42616336, "mean": 4406073, "median": 4098674.25, "min": 642800.9375, "var": 4393032220670.0}, "spectral_strongpeak": {"dmean": 0.417665243149, "dmean2": 0.722609579563, "dvar": 0.445009678602, "dvar2": 1.12396872044, "max": 6.55042934418, "mean": 0.80939245224, "median": 0.50970864296, "min": 0, "var": 0.849728405476}, "zerocrossingrate": {"dmean": 0.00975643564016, "dmean2": 0.0116786565632, "dvar": 0.000144032659591, "dvar2": 0.000216375323362, "max": 0.583984375, "mean": 0.0556288994849, "median": 0.048828125, "min": 0.00390625, "var": 0.00173316011205}, "barkbands": {"dmean": [0.000248802243732, 0.0173053666949, 0.00458404421806, 0.00236166361719, 0.00427858671173, 0.000929081114009, 0.000279986270471, 0.000213266772334, 0.000323004642269, 0.000856132770423, 0.000544189708307, 0.000184173302841, 0.000261394045083, 0.000184667791473, 0.000260679109488, 0.000160337498528, 0.000306598172756, 0.000163866468938, 0.000224255840294, 0.000151091022417, 0.000115091293992, 7.41159456084e-05, 4.77411340398e-05, 4.99010748172e-05, 6.17508558207e-05, 4.53935463156e-05, 2.66479946731e-05], "dmean2": [0.00043099996401, 0.0283685401082, 0.00804410502315, 0.00401758868247, 0.00715066911653, 0.00149632664397, 0.000467413774459, 0.000333605305059, 0.000517929322086, 0.00127386278473, 0.000809686665889, 0.000301202962874, 0.000386122148484, 0.000310116593027, 0.000423589168349, 0.000246578303631, 0.000507128308527, 0.000267698371317, 0.000354588439222, 0.000252609810559, 0.000190015212866, 0.000122847050079, 7.29152161512e-05, 7.22239565221e-05, 8.72464806889e-05, 6.35703836451e-05, 3.92210095015e-05], "dvar": [3.3723884485e-07, 0.00169303652365, 8.32391087897e-05, 2.03998552024e-05, 0.000157231377671, 3.19796436088e-06, 3.67086499864e-07, 1.89675930073e-07, 3.60223850748e-07, 1.27013584006e-06, 7.39745132705e-07, 9.70149613977e-08, 2.32285984225e-07, 6.36942303345e-08, 1.59605050953e-07, 6.93973589705e-08, 3.09958693379e-07, 7.28768085878e-08, 1.85353556503e-07, 6.79704470485e-08, 4.09151041936e-08, 2.78524279196e-08, 7.92847032471e-09, 7.91599319427e-09, 1.59306221548e-08, 9.93538140648e-09, 4.16827505845e-09], "dvar2": [9.16339672585e-07, 0.00412995787337, 0.000234634411754, 5.08838747919e-05, 0.000389312888728, 7.95071082393e-06, 9.90330590867e-07, 3.86374352956e-07, 8.98882888123e-07, 2.54548422163e-06, 1.50529933762e-06, 2.44251680215e-07, 4.87433339913e-07, 1.71607766219e-07, 4.04181236036e-07, 1.54191980073e-07, 8.33830540614e-07, 1.79358650598e-07, 4.02093149887e-07, 1.6906692224e-07, 1.09568112805e-07, 7.13745578196e-08, 1.56037369692e-08, 1.65878795144e-08, 3.53064173453e-08, 2.14540420984e-08, 9.89169812726e-09], "max": [0.00524773215875, 0.318147808313, 0.0935108661652, 0.0584511086345, 0.149396032095, 0.0293557196856, 0.00821792986244, 0.0102131608874, 0.00860573537648, 0.0183404311538, 0.0198558047414, 0.00531127816066, 0.0119604449719, 0.00284912390634, 0.00895556807518, 0.00484763784334, 0.00934068392962, 0.00449803192168, 0.00803578644991, 0.00375332613476, 0.00306277256459, 0.00194764125627, 0.00115064741112, 0.00135765597224, 0.00177640502807, 0.00122162955813, 0.000749562808778], "mean": [0.000244490685873, 0.0184762571007, 0.0062507474795, 0.0029122964479, 0.00508847413585, 0.00182031595614, 0.000430423970101, 0.000385677616578, 0.000538679480087, 0.00165780377574, 0.0014441710664, 0.000316489633406, 0.000870368559845, 0.000300947576761, 0.000502640556078, 0.000350475427695, 0.000600090192165, 0.000341252685757, 0.000442936288891, 0.00030224522925, 0.000219762936467, 0.000108553416794, 8.38674823171e-05, 8.69887735462e-05, 9.14477423066e-05, 6.28746201983e-05, 3.0516372135e-05], "median": [3.11197727569e-05, 0.00586642045528, 0.00297570298426, 0.00122297299094, 0.00233712699264, 0.000898446596693, 0.000216509026359, 0.000129007632495, 0.00024982780451, 0.00108243792783, 0.000574204022996, 0.000171314371983, 0.000235012397752, 0.000214548388612, 0.000321241037454, 0.000212764309254, 0.000197683199076, 0.000173807915417, 0.000156795023941, 0.000123153877212, 8.95015837159e-05, 3.58273064194e-05, 2.23391853069e-05, 2.41935304075e-05, 2.22057642532e-05, 1.20290969789e-05, 3.72158297068e-06], "min": [4.51821385086e-24, 2.61294192533e-23, 9.23484751862e-24, 3.91720242085e-24, 3.0043253238e-23, 3.94752118533e-23, 1.04549389221e-22, 4.12576304469e-23, 7.57056116115e-23, 7.58334954306e-23, 3.43845188825e-23, 5.65766055624e-23, 1.26408825879e-22, 8.46061461894e-23, 6.1651997787e-23, 9.44700629483e-23, 8.95608616282e-23, 1.82561712161e-22, 3.28642835751e-22, 2.67200340487e-22, 3.54160807339e-22, 3.94805546505e-22, 8.32078921282e-22, 9.13530311737e-22, 8.23361314081e-22, 1.54263559978e-21, 2.3722221245e-21], "var": [3.12195624019e-07, 0.00151995173655, 7.89933474152e-05, 2.33757382375e-05, 0.000137009483296, 6.90605929776e-06, 4.37171848944e-07, 5.73149691263e-07, 6.08936147728e-07, 3.28636588165e-06, 4.21322420152e-06, 1.66138960367e-07, 2.33561900131e-06, 1.01253391449e-07, 3.34438027494e-07, 1.9834305931e-07, 7.51453796966e-07, 1.90366321817e-07, 5.32083788585e-07, 1.72262076603e-07, 8.3660857797e-08, 3.60535707955e-08, 1.87107804805e-08, 1.96065048641e-08, 2.47056721747e-08, 1.48290517643e-08, 4.80393147484e-09]}, "erbbands": {"dmean": [0.472214967012, 4.00219774246, 5.89693593979, 5.93354129791, 16.5553722382, 11.0999383926, 7.06552267075, 7.95419359207, 5.09269571304, 3.59704089165, 5.15032291412, 7.27757072449, 22.7956428528, 21.2051830292, 22.3098201752, 7.96507406235, 12.4901161194, 9.17338943481, 12.709651947, 10.9955978394, 10.3397855759, 13.6640062332, 9.6774930954, 11.3329944611, 9.55885505676, 7.11307764053, 5.7910990715, 4.05884218216, 2.68019628525, 2.06094694138, 1.22293508053, 1.03854882717, 0.846302628517, 0.592585265636, 0.502443194389, 0.239446997643, 0.0838712379336, 0.0221975427121, 0.00457241712138, 0.000289186951704], "dmean2": [0.78813624382, 6.52981472015, 10.1214370728, 10.2506256104, 27.8952732086, 18.8576507568, 11.306432724, 12.9745388031, 8.0691318512, 6.16234874725, 7.91945934296, 11.5363578796, 34.2492752075, 31.4124336243, 33.3382644653, 12.7475709915, 18.423160553, 15.2741003036, 20.5091629028, 17.5847549438, 16.3820991516, 22.4966926575, 16.0436344147, 17.802110672, 15.4020385742, 11.7916250229, 9.6932182312, 6.77943134308, 4.45435762405, 3.25604081154, 1.85398864746, 1.52165544033, 1.21270942688, 0.835818886757, 0.720367968082, 0.340586036444, 0.1262280792, 0.0328216515481, 0.00680132582784, 0.00041806497029], "dvar": [1.36787843704, 88.2826385498, 145.963928223, 107.008956909, 2686.6550293, 762.640869141, 168.475570679, 270.941986084, 84.6703262329, 72.7853393555, 122.071403503, 171.9400177, 903.127685547, 1354.13549805, 1252.68994141, 158.486175537, 545.017028809, 158.460678101, 413.193908691, 301.31741333, 288.004394531, 623.3515625, 252.861343384, 463.881439209, 328.925537109, 153.313430786, 89.1199798584, 65.5598907471, 30.8522472382, 25.478843689, 5.07728672028, 3.43535804749, 2.47188687325, 1.35363602638, 1.17903506756, 0.237007990479, 0.0450493097305, 0.00283652218059, 0.00013535891776, 3.97844871713e-07], "dvar2": [3.40639352798, 217.112304688, 401.04208374, 286.32244873, 6734.13134766, 1986.27270508, 428.919555664, 644.509460449, 206.157730103, 199.163726807, 242.194915771, 420.783416748, 1999.38195801, 2579.43359375, 2543.76196289, 409.103088379, 1132.19921875, 422.611022949, 1033.25720215, 752.802978516, 685.413635254, 1627.31262207, 640.015625, 1014.60009766, 760.680725098, 382.869384766, 236.026916504, 178.306518555, 78.3046417236, 59.2634887695, 10.2513856888, 7.46654844284, 4.91361856461, 2.75439381599, 2.71727895737, 0.454901903868, 0.112697921693, 0.00682512391359, 0.000322725827573, 9.28145425405e-07], "max": [10.1335144043, 72.7785263062, 133.699020386, 143.421264648, 596.81854248, 347.359588623, 205.459030151, 366.20199585, 156.722839355, 99.2851791382, 278.328308105, 215.329360962, 446.677856445, 763.110961914, 925.943664551, 149.790206909, 595.585266113, 156.190338135, 540.233337402, 278.528533936, 324.124969482, 349.298797607, 242.892318726, 487.209594727, 344.885284424, 185.867843628, 130.765289307, 125.683067322, 61.2836799622, 57.5859985352, 33.7026367188, 27.9755916595, 21.2290802002, 23.1029872894, 11.9029378891, 6.72262334824, 2.18135452271, 0.68555700779, 0.137235224247, 0.00753240752965], "mean": [0.431649446487, 4.4487323761, 8.39484119415, 8.17755794525, 17.6348838806, 13.3736019135, 13.5135145187, 14.2645931244, 9.37146568298, 5.05102300644, 9.75571727753, 13.3392133713, 43.2559700012, 42.3684082031, 62.7214622498, 19.0392818451, 42.7606925964, 17.967042923, 23.7016601562, 23.9669971466, 23.3629570007, 27.9923686981, 21.5271053314, 22.9422340393, 18.3549365997, 14.2468204498, 10.8706674576, 7.09209823608, 4.07370662689, 3.31979513168, 2.16941547394, 1.86207687855, 1.38359367847, 0.94809705019, 0.692927241325, 0.347050696611, 0.103927783668, 0.0267518945038, 0.00510835973546, 0.000362023682101], "median": [0.0860487744212, 1.45280587673, 3.90776968002, 4.62807703018, 5.92573451996, 6.34159374237, 6.46367073059, 6.01599216461, 4.40145349503, 2.75718665123, 3.48878145218, 7.76994228363, 28.5491409302, 23.5281181335, 25.0043792725, 12.3592653275, 11.7316493988, 13.5625505447, 13.8540658951, 15.8035297394, 12.5343513489, 9.70199775696, 10.0623922348, 9.2731218338, 6.31144094467, 5.97741127014, 4.11768102646, 2.82542443275, 1.50343596935, 0.795471668243, 0.614221990108, 0.48160803318, 0.371340543032, 0.233938336372, 0.160801559687, 0.0734484270215, 0.0167369563133, 0.00420907652006, 0.000612345174886, 8.59854990267e-05], "min": [1.2683556555e-21, 3.67975778749e-21, 8.75918756635e-21, 1.61589328765e-20, 4.31518121272e-20, 8.27266691036e-20, 2.10925188389e-19, 3.42224161555e-19, 7.81880893487e-19, 1.49143342441e-18, 1.45495527638e-18, 1.51605021604e-18, 1.44870127396e-18, 2.52086021372e-18, 1.89239981716e-18, 3.41858278891e-18, 6.05769012555e-18, 4.20835415826e-18, 4.39306317545e-18, 3.65323407635e-18, 6.01985777946e-18, 5.46599087619e-18, 9.38439796382e-18, 1.2371499357e-17, 1.66188095862e-17, 1.17687270543e-17, 1.78457698975e-17, 1.08080196386e-17, 1.63730939309e-17, 1.52196319257e-17, 2.20585593982e-17, 1.69487123755e-17, 1.62068620606e-17, 7.53910690972e-18, 6.74188553819e-18, 5.58893555781e-18, 2.65826752796e-18, 1.09911148264e-18, 2.93226919302e-19, 3.6937146024e-20], "var": [1.17678487301, 79.220954895, 141.711334229, 116.280853271, 2232.26074219, 665.984741211, 363.51385498, 598.516906738, 175.837402344, 67.389465332, 398.242004395, 318.148590088, 2110.13256836, 3494.87768555, 8686.765625, 350.178436279, 5729.84716797, 285.548278809, 904.064208984, 733.322875977, 845.474731445, 1480.47338867, 720.557983398, 1371.12524414, 814.404602051, 374.650177002, 195.467956543, 105.487991333, 43.3288536072, 38.0934524536, 12.5681190491, 9.6760559082, 5.16057252884, 2.46696043015, 1.61304235458, 0.400072842836, 0.0503482036293, 0.00324521912262, 0.00014928127348, 5.0834501053e-07]}, "gfcc": {"mean": [-8.15486812592, 96.455116272, -114.738647461, 26.2712993622, -36.1390991211, 13.7598171234, -22.7092571259, 3.68588018417, -29.4439296722, -6.30650186539, -16.8582210541, 0.0540131963789, -2.41890025139], "cov": [[17370.6054688, -637.629211426, 1932.98400879, 968.113891602, 110.137641907, 193.478012085, -361.966400146, 330.495147705, -380.018127441, 121.249343872, -451.814208984, 196.183425903, -164.484344482], [-637.629211426, 2435.29760742, -720.634216309, -14.1539974213, 153.867919922, -227.461227417, 232.110870361, -313.993041992, 39.9053916931, -191.059570312, 174.789215088, -148.790847778, 113.552253723], [1932.98400879, -720.634216309, 2249.29614258, 417.129516602, 133.926086426, 542.282043457, -39.3897857666, 256.498779297, -49.4261512756, 325.657348633, -37.8354301453, 146.062896729, -199.034545898], [968.113891602, -14.1539974213, 417.129516602, 698.407958984, 122.904312134, -17.3991508484, 25.1146965027, 159.04309082, 24.2858276367, 118.039421082, -62.6828079224, 9.66567134857, -1.32294642925], [110.137641907, 153.867919922, 133.926086426, 122.904312134, 309.809112549, 62.4875907898, 113.418930054, 74.1968765259, 49.920425415, 55.9817504883, 23.0167140961, 13.3089475632, 25.3871688843], [193.478012085, -227.461227417, 542.282043457, -17.3991508484, 62.4875907898, 357.994415283, 53.2091560364, 58.5392227173, 6.65927171707, 96.8805236816, 28.9002342224, 55.4746437073, -55.3761520386], [-361.966400146, 232.110870361, -39.3897857666, 25.1146965027, 113.418930054, 53.2091560364, 213.775161743, 38.9677124023, 43.2212638855, 13.5990066528, 40.0227813721, -10.7029047012, 14.2868385315], [330.495147705, -313.993041992, 256.498779297, 159.04309082, 74.1968765259, 58.5392227173, 38.9677124023, 213.065429688, 32.8907585144, 77.3915023804, -15.775437355, 39.8949737549, -11.0771598816], [-380.018127441, 39.9053916931, -49.4261512756, 24.2858276367, 49.920425415, 6.65927171707, 43.2212638855, 32.8907585144, 113.027381897, 40.6778831482, 19.6924648285, 0.171322315931, 28.1586208344], [121.249343872, -191.059570312, 325.657348633, 118.039421082, 55.9817504883, 96.8805236816, 13.5990066528, 77.3915023804, 40.6778831482, 170.831436157, 27.316619873, 32.1424598694, -32.2017860413], [-451.814208984, 174.789215088, -37.8354301453, -62.6828079224, 23.0167140961, 28.9002342224, 40.0227813721, -15.775437355, 19.6924648285, 27.316619873, 133.494873047, 25.6903781891, -9.94234085083], [196.183425903, -148.790847778, 146.062896729, 9.66567134857, 13.3089475632, 55.4746437073, -10.7029047012, 39.8949737549, 0.171322315931, 32.1424598694, 25.6903781891, 96.0468139648, 24.3176212311], [-164.484344482, 113.552253723, -199.034545898, -1.32294642925, 25.3871688843, -55.3761520386, 14.2868385315, -11.0771598816, 28.1586208344, -32.2017860413, -9.94234085083, 24.3176212311, 106.083389282]], "icov": [[8.36642866489e-05, -6.38786368654e-05, -1.20472959679e-05, -4.90154634463e-05, -5.11292382726e-05, -1.03247111838e-05, 0.00012833996152, -0.000105973158497, 0.000215900858166, -2.65580492851e-05, 0.000347538909409, -0.000308094575303, 0.00019120782963], [-6.38786368654e-05, 0.00105961563531, -0.000202863389859, -0.000372697424609, -0.000325408473145, 0.000373274873709, -0.00090589694446, 0.00149819941726, -0.000237886488321, 0.000961606448982, -0.00201218761504, 0.0017720022006, -0.00130709877703], [-1.20472959679e-05, -0.000202863389859, 0.00134340161458, -0.000416977563873, -0.000181956362212, -0.00141378259286, 0.000569795724005, -0.000424290541559, 0.000514629296958, -0.00112475058995, 0.00113299186341, -0.0016170371091, 0.00189710711129], [-4.90154634463e-05, -0.000372697424609, -0.000416977563873, 0.00251301773824, -0.000286758033326, 0.00104647187982, -2.41216221184e-05, -0.00147913140245, 0.000175606051926, -0.00151103397366, 0.00124923139811, 0.000224504590733, -0.000404043792514], [-5.11292382726e-05, -0.000325408473145, -0.000181956362212, -0.000286758033326, 0.00491979299113, -0.000427109305747, -0.00170072366018, -0.00108801724855, -0.000557625782676, -0.000725423858967, -0.000279331201455, 0.000447144149803, -0.0015616788296], [-1.03247111838e-05, 0.000373274873709, -0.00141378259286, 0.00104647187982, -0.000427109305747, 0.00597174372524, -0.00212306249887, 0.000901541439816, -0.000569752417505, -0.000494957494084, -0.000417675211793, -0.00128116470296, 0.000800023146439], [0.00012833996152, -0.00090589694446, 0.000569795724005, -2.41216221184e-05, -0.00170072366018, -0.00212306249887, 0.00810716487467, -0.00271154567599, -0.000436888221884, 0.000160032432177, -0.000382919184631, 0.00099607789889, 6.15304525127e-05], [-0.000105973158497, 0.00149819941726, -0.000424290541559, -0.00147913140245, -0.00108801724855, 0.000901541439816, -0.00271154567599, 0.00984709803015, -0.00222796038724, 0.000161067364388, -0.000557171122637, -0.00144869147334, 0.000462040537968], [0.000215900858166, -0.000237886488321, 0.000514629296958, 0.000175606051926, -0.000557625782676, -0.000569752417505, -0.000436888221884, -0.00222796038724, 0.0137043297291, -0.0044156187214, -0.000541366171092, 0.00237358408049, -0.00435349857435], [-2.65580492851e-05, 0.000961606448982, -0.00112475058995, -0.00151103397366, -0.000725423858967, -0.000494957494084, 0.000160032432177, 0.000161067364388, -0.0044156187214, 0.0124205676839, -0.00404833815992, 0.000377271178877, 0.00118735956494], [0.000347538909409, -0.00201218761504, 0.00113299186341, 0.00124923139811, -0.000279331201455, -0.000417675211793, -0.000382919184631, -0.000557171122637, -0.000541366171092, -0.00404833815992, 0.0157626066357, -0.00992680806667, 0.0073438952677], [-0.000308094575303, 0.0017720022006, -0.0016170371091, 0.000224504590733, 0.000447144149803, -0.00128116470296, 0.00099607789889, -0.00144869147334, 0.00237358408049, 0.000377271178877, -0.00992680806667, 0.0235055480152, -0.0133008519188], [0.00019120782963, -0.00130709877703, 0.00189710711129, -0.000404043792514, -0.0015616788296, 0.000800023146439, 6.15304525127e-05, 0.000462040537968, -0.00435349857435, 0.00118735956494, 0.0073438952677, -0.0133008519188, 0.020761044696]]}, "melbands": {"dmean": [0.00463573355228, 0.00378680694848, 0.00135515804868, 0.00105764239561, 0.000266063550953, 0.000174763103132, 7.40293326089e-05, 3.85894891224e-05, 4.20285541622e-05, 4.9657166528e-05, 0.000114621521789, 8.94584445632e-05, 7.94078587205e-05, 2.79608975688e-05, 2.52168683801e-05, 2.27856817219e-05, 1.86936795217e-05, 2.03279741982e-05, 1.61882562679e-05, 1.38982704811e-05, 1.44590476339e-05, 1.59180708579e-05, 1.47360315168e-05, 7.62832587498e-06, 1.01529121821e-05, 8.71043721418e-06, 5.64535412195e-06, 5.02680404679e-06, 4.55137433164e-06, 2.51826509157e-06, 2.41158318204e-06, 1.61397554166e-06, 1.39059397952e-06, 1.08929953058e-06, 7.40499046969e-07, 6.10947495261e-07, 7.16491456387e-07, 5.58443446153e-07, 6.36891854811e-07, 4.69411503445e-07], "dmean2": [0.00764242000878, 0.00620846357197, 0.00232104351744, 0.00177616113797, 0.000436246249592, 0.000283062137896, 0.000118082658446, 6.52639137115e-05, 6.48869754514e-05, 7.87932949606e-05, 0.000172204119735, 0.00013259780826, 0.0001189817267, 4.34467292507e-05, 3.84488303098e-05, 3.43669817084e-05, 3.13332056976e-05, 3.29336362483e-05, 2.65292510448e-05, 2.12799695873e-05, 2.31747289945e-05, 2.61135464825e-05, 2.50152206718e-05, 1.23304271256e-05, 1.60903073265e-05, 1.3860107174e-05, 9.29600264499e-06, 8.4195553427e-06, 7.68835434428e-06, 4.11481642004e-06, 4.09562426285e-06, 2.75457409771e-06, 2.26232009481e-06, 1.71201281773e-06, 1.13947817226e-06, 9.1909441835e-07, 1.11074211873e-06, 8.22208960471e-07, 9.24263190427e-07, 6.72138185109e-07], "dvar": [0.000127728300868, 6.29975984339e-05, 7.19582430975e-06, 1.00626866697e-05, 2.32088723351e-07, 1.2145001449e-07, 1.89609217216e-08, 7.36154337488e-09, 7.20469639504e-09, 8.14599854237e-09, 2.24792255921e-08, 2.58752290705e-08, 1.58733346467e-08, 1.96890770354e-09, 2.14007345178e-09, 1.61377666785e-09, 6.90367596423e-10, 1.06195607863e-09, 6.99641011792e-10, 4.57257315345e-10, 6.27998875125e-10, 8.21726020561e-10, 8.43624170521e-10, 1.39445718861e-10, 3.97936184005e-10, 3.2754643442e-10, 9.50005768496e-11, 8.24069493199e-11, 5.6812440169e-11, 2.33474229533e-11, 2.31630305214e-11, 1.14639851431e-11, 1.1268835691e-11, 6.12986527856e-12, 2.09475362403e-12, 1.062092146e-12, 1.85046877994e-12, 1.05905703044e-12, 1.56082818111e-12, 8.7812726925e-13], "dvar2": [0.000312724936521, 0.000160864903592, 1.81815084943e-05, 2.52010322583e-05, 6.05271338827e-07, 2.91683562637e-07, 4.75487667018e-08, 1.95345624121e-08, 1.45390544048e-08, 2.0138287482e-08, 4.99021091116e-08, 4.91877756303e-08, 3.28127143234e-08, 4.33580238379e-09, 4.72844163824e-09, 3.44465655999e-09, 1.8544427105e-09, 2.69050892676e-09, 1.83477566473e-09, 9.98556015652e-10, 1.52930268449e-09, 2.1248756088e-09, 2.31090280245e-09, 3.3229746732e-10, 8.78293382467e-10, 7.25901394549e-10, 2.33465219379e-10, 2.09658804207e-10, 1.50871842797e-10, 6.094548477e-11, 6.40865763235e-11, 3.03430995607e-11, 2.8189818535e-11, 1.30125406977e-11, 4.40063914128e-12, 2.22158229313e-12, 4.17002109926e-12, 2.07831430017e-12, 3.16519748779e-12, 1.86499557117e-12], "max": [0.0940269827843, 0.0746655464172, 0.0241668894887, 0.0377734974027, 0.00633166078478, 0.00710001820698, 0.00203629792668, 0.00102335796691, 0.00208003912121, 0.00145432329737, 0.00219791173004, 0.00327321281657, 0.00276663363911, 0.000938907731324, 0.00109834701288, 0.000976858660579, 0.000326433830196, 0.00079533882672, 0.000371080590412, 0.000373541755835, 0.000422800163506, 0.000417373608798, 0.000402116420446, 0.000179061491508, 0.000470764469355, 0.000390459026676, 0.000150865453179, 0.000125850419863, 0.000114195841888, 6.49785433779e-05, 9.30708338274e-05, 3.56453274435e-05, 4.26708465966e-05, 2.65867583948e-05, 2.43514768954e-05, 1.37754086609e-05, 2.10932412301e-05, 1.18826737889e-05, 1.99738842639e-05, 1.91327690118e-05], "mean": [0.00463076634333, 0.00509444996715, 0.00175759394187, 0.00117924495135, 0.000477857713122, 0.000325002649333, 0.000132787594339, 5.5728974985e-05, 7.7988144767e-05, 8.86540365173e-05, 0.000215674823266, 0.000164464843692, 0.000208448458579, 7.06229693606e-05, 7.43627533666e-05, 7.22321929061e-05, 2.98830527754e-05, 3.64227053069e-05, 3.15468059853e-05, 3.03336855723e-05, 2.84820071101e-05, 3.04044242512e-05, 2.58024847426e-05, 1.56166734087e-05, 1.90954651771e-05, 1.52032680489e-05, 1.09757520477e-05, 9.02837382455e-06, 7.96946915216e-06, 4.19436673837e-06, 4.0445970626e-06, 2.20678452933e-06, 2.0384131858e-06, 1.76024036591e-06, 1.22002495573e-06, 1.10806263365e-06, 1.19218896089e-06, 9.2450864031e-07, 9.40955374062e-07, 7.45022759929e-07], "median": [0.00131017714739, 0.00228891265579, 0.000986062339507, 0.000485344935441, 0.000249028060352, 0.000146291044075, 6.12932853983e-05, 2.79095020232e-05, 2.95409863611e-05, 4.87323595735e-05, 0.000142684250022, 7.96805252321e-05, 8.36254548631e-05, 3.14137323585e-05, 2.44591119554e-05, 2.14789397432e-05, 2.03549661819e-05, 2.0770885385e-05, 2.08585406654e-05, 1.87598016055e-05, 1.2606893506e-05, 1.0416000805e-05, 8.33563808555e-06, 8.38582855067e-06, 7.09633786755e-06, 4.22838093073e-06, 4.54900964542e-06, 3.54068674824e-06, 2.42057535615e-06, 1.92693505596e-06, 1.43749946346e-06, 8.11315430838e-07, 4.83120459194e-07, 3.88622595437e-07, 3.27564123381e-07, 3.47019636138e-07, 2.75081333712e-07, 2.46661983283e-07, 2.26391023261e-07, 1.83077631277e-07], "min": [8.46594952747e-24, 4.78422760886e-24, 2.83833060889e-24, 3.37926436451e-24, 7.05789513166e-24, 7.85169193957e-24, 1.56266308685e-23, 1.39614448941e-23, 1.40422636938e-23, 8.97156519151e-24, 7.76290958899e-24, 1.1186966659e-23, 5.384875374e-24, 6.03920670145e-24, 1.21015672593e-23, 1.17990809118e-23, 7.64854842356e-24, 7.8119301945e-24, 3.97683636098e-24, 5.53881290218e-24, 7.91285074783e-24, 5.45227367759e-24, 7.04322862971e-24, 8.9500371774e-24, 9.81900927413e-24, 1.23800107042e-23, 1.00509730345e-23, 7.45134108586e-24, 1.21499583538e-23, 8.34675106697e-24, 5.52558252151e-24, 9.11046308653e-24, 6.39823307664e-24, 9.52500712564e-24, 1.06928091996e-23, 1.13499263893e-23, 1.01139383342e-23, 1.13638868608e-23, 9.04666396082e-24, 5.75053370281e-24], "var": [0.000112889756565, 6.09303642705e-05, 7.12948894943e-06, 8.46738748805e-06, 3.99511748128e-07, 2.6915415674e-07, 3.59484708667e-08, 7.81336417788e-09, 2.27196963465e-08, 1.48081298335e-08, 5.24728065443e-08, 6.4486620488e-08, 8.2506851129e-08, 1.21411156684e-08, 1.83306472223e-08, 1.3254056519e-08, 1.07445641273e-09, 2.24031082574e-09, 1.27170696196e-09, 1.35637068244e-09, 1.56461621437e-09, 1.86105497679e-09, 1.54236445837e-09, 3.77261250017e-10, 1.09486109068e-09, 7.47525874534e-10, 2.46582393393e-10, 1.64579919137e-10, 1.22061624697e-10, 3.53251941587e-11, 3.70507825809e-11, 1.35850601601e-11, 1.51396204601e-11, 1.04998119574e-11, 4.67991314104e-12, 2.76419056915e-12, 4.6503174575e-12, 2.2897985591e-12, 2.62628850958e-12, 1.5666606467e-12]}, "mfcc": {"mean": [-652.525390625, 132.860122681, -11.6519937515, 24.7881469727, 7.52822685242, 11.5627145767, 13.0670194626, 8.97646713257, 4.71636676788, -2.67940211296, -8.24213695526, -6.21420955658, -5.11096668243], "cov": [[11189.5830078, -325.658599854, 1025.55651855, 949.490600586, 400.13369751, 45.5083503723, 86.6215286255, 60.4316558838, 114.965072632, 84.6662139893, -175.176498413, -61.0351905823, 52.2872581482], [-325.658599854, 1910.35900879, -406.546875, 29.3846092224, -118.505859375, 101.949745178, 79.1721725464, -29.1979103088, -103.832809448, -113.654014587, -0.456410467625, -15.8130702972, -38.4300880432], [1025.55651855, -406.546875, 1471.73657227, 118.365447998, 278.56451416, 260.842041016, 118.396736145, 69.7393798828, 17.802072525, 120.66506958, 111.77230072, 99.6654586792, 86.1945724487], [949.490600586, 29.3846092224, 118.365447998, 728.030395508, 125.757301331, 7.53304386139, 55.4246902466, 11.7825679779, 113.249969482, 94.5861663818, 21.8611621857, 41.9620666504, 10.3207454681], [400.13369751, -118.505859375, 278.56451416, 125.757301331, 257.096038818, 87.0049285889, 57.3106994629, 40.3412208557, 57.6398620605, 67.6736068726, 18.1068077087, 43.5928993225, 52.6617660522], [45.5083503723, 101.949745178, 260.842041016, 7.53304386139, 87.0049285889, 235.342178345, 89.5358276367, 27.5086746216, 28.9008102417, 30.2067737579, 50.2241210938, 48.724609375, 30.4573974609], [86.6215286255, 79.1721725464, 118.396736145, 55.4246902466, 57.3106994629, 89.5358276367, 171.128616333, 73.8904495239, 29.6719608307, 38.5104675293, 44.1196327209, 50.2145385742, 24.9114589691], [60.4316558838, -29.1979103088, 69.7393798828, 11.7825679779, 40.3412208557, 27.5086746216, 73.8904495239, 124.325408936, 52.2449760437, 18.9121818542, 8.13969802856, 11.8874235153, 26.3827800751], [114.965072632, -103.832809448, 17.802072525, 113.249969482, 57.6398620605, 28.9008102417, 29.6719608307, 52.2449760437, 154.510635376, 70.7590408325, -11.5077524185, 7.46601676941, 17.3068828583], [84.6662139893, -113.654014587, 120.66506958, 94.5861663818, 67.6736068726, 30.2067737579, 38.5104675293, 18.9121818542, 70.7590408325, 126.315719604, 57.8416671753, 31.5484771729, 13.5096702576], [-175.176498413, -0.456410467625, 111.77230072, 21.8611621857, 18.1068077087, 50.2241210938, 44.1196327209, 8.13969802856, -11.5077524185, 57.8416671753, 135.187545776, 69.4684371948, 0.669784843922], [-61.0351905823, -15.8130702972, 99.6654586792, 41.9620666504, 43.5928993225, 48.724609375, 50.2145385742, 11.8874235153, 7.46601676941, 31.5484771729, 69.4684371948, 104.489250183, 35.9450683594], [52.2872581482, -38.4300880432, 86.1945724487, 10.3207454681, 52.6617660522, 30.4573974609, 24.9114589691, 26.3827800751, 17.3068828583, 13.5096702576, 0.669784843922, 35.9450683594, 97.6886138916]], "icov": [[0.000114836533612, 4.83047460875e-06, -7.99524277681e-05, -0.000144400386489, -6.82553873048e-05, 3.76250500267e-05, -4.26087972301e-05, -1.59561004693e-05, 8.1132784544e-05, -1.3777455024e-05, 0.000220339294174, 7.91126512922e-05, 2.33857135754e-05], [4.83047460875e-06, 0.000704822014086, 0.00027268184931, -0.000214697793126, 0.000172083251528, -0.00066298089223, -0.000428892875789, 8.05783129181e-05, 0.000501628906932, 0.000409855303587, -9.40175523283e-05, 0.000267711962806, 1.49073966895e-05], [-7.99524277681e-05, 0.00027268184931, 0.00122427486349, -6.39439967927e-05, -0.000596649479121, -0.0012185589876, 0.000210699043237, -0.000512001221068, 0.00103378039785, -0.000641389284283, -0.00023606751347, -1.99990390684e-05, -0.000222767470405], [-0.000144400386489, -0.000214697793126, -6.39439967927e-05, 0.00201571849175, -0.000621327664703, 0.000805806834251, -0.000507024757098, 0.000873624929227, -0.00151735579129, -0.000298687547911, -0.000272513105301, -0.000573555531446, 0.000336392811732], [-6.82553873048e-05, 0.000172083251528, -0.000596649479121, -0.000621327664703, 0.00656470656395, -0.00139864662196, 3.71154892491e-05, -0.000789816840552, 0.000184062388144, -0.0023146958556, 0.00182839587796, -0.00123250298202, -0.00147418770939], [3.76250500267e-05, -0.00066298089223, -0.0012185589876, 0.000805806834251, -0.00139864662196, 0.00792047195137, -0.00309517839924, 0.0022310889326, -0.0031808889471, 0.00224903365597, -0.00225850846618, 0.000141525670188, -0.000603700056672], [-4.26087972301e-05, -0.000428892875789, 0.000210699043237, -0.000507024757098, 3.71154892491e-05, -0.00309517839924, 0.0115560134873, -0.00669875787571, 0.00208220304921, -0.00270895240828, 0.000823212845717, -0.00362583529204, 0.00086323893629], [-1.59561004693e-05, 8.05783129181e-05, -0.000512001221068, 0.000873624929227, -0.000789816840552, 0.0022310889326, -0.00669875787571, 0.0144507652149, -0.00613797502592, 0.00398693419993, -0.00296739139594, 0.00312701961957, -0.002658812562], [8.1132784544e-05, 0.000501628906932, 0.00103378039785, -0.00151735579129, 0.000184062388144, -0.0031808889471, 0.00208220304921, -0.00613797502592, 0.0147615699098, -0.00941161438823, 0.00670858519152, -0.00211086124182, 0.000838346313685], [-1.3777455024e-05, 0.000409855303587, -0.000641389284283, -0.000298687547911, -0.0023146958556, 0.00224903365597, -0.00270895240828, 0.00398693419993, -0.00941161438823, 0.019249625504, -0.0102458475158, 0.00368938967586, -0.00135523790959], [0.000220339294174, -9.40175523283e-05, -0.00023606751347, -0.000272513105301, 0.00182839587796, -0.00225850846618, 0.000823212845717, -0.00296739139594, 0.00670858519152, -0.0102458475158, 0.0189190804958, -0.0108210919425, 0.00447252811864], [7.91126512922e-05, 0.000267711962806, -1.99990390684e-05, -0.000573555531446, -0.00123250298202, 0.000141525670188, -0.00362583529204, 0.00312701961957, -0.00211086124182, 0.00368938967586, -0.0108210919425, 0.0202702078968, -0.00667898310348], [2.33857135754e-05, 1.49073966895e-05, -0.000222767470405, 0.000336392811732, -0.00147418770939, -0.000603700056672, 0.00086323893629, -0.002658812562, 0.000838346313685, -0.00135523790959, 0.00447252811864, -0.00667898310348, 0.0143376272172]]}, "spectral_contrast_coeffs": {"dmean": [0.0538948848844, 0.045320764184, 0.0396149791777, 0.0298962928355, 0.0225644446909, 0.0215821191669], "dmean2": [0.0885418578982, 0.0740009322762, 0.0627418830991, 0.0482622087002, 0.0362434089184, 0.0332463122904], "dvar": [0.00210317131132, 0.00144301599357, 0.00103411299642, 0.000693976704497, 0.000448136299383, 0.000435467634816], "dvar2": [0.00525992270559, 0.00350379524752, 0.00258222757839, 0.00175942946225, 0.000987507170066, 0.000991716748103], "max": [-0.329397618771, -0.418271243572, -0.490956932306, -0.541487395763, -0.547272562981, -0.48771739006], "mean": [-0.640227735043, -0.735054671764, -0.723477780819, -0.756347715855, -0.785157501698, -0.753901302814], "median": [-0.644637465477, -0.742035984993, -0.725898742676, -0.762995362282, -0.789041221142, -0.757596969604], "min": [-0.965678572655, -0.962499976158, -0.968385756016, -0.960462152958, -0.9647564888, -0.963669657707], "var": [0.0078557189554, 0.00611183512956, 0.0052685784176, 0.00381172751077, 0.00221468647942, 0.00278125097975]}, "spectral_contrast_valleys": {"dmean": [0.462201625109, 0.406276762486, 0.322837889194, 0.319085389376, 0.351298570633, 0.436635047197], "dmean2": [0.756675779819, 0.662275910378, 0.52168148756, 0.509235799313, 0.543142139912, 0.5930352211], "dvar": [0.213406801224, 0.172964930534, 0.110019855201, 0.144137114286, 0.222426459193, 0.327396959066], "dvar2": [0.48590067029, 0.372401118279, 0.22230476141, 0.293120533228, 0.47487577796, 0.700165212154], "max": [-4.84034109116, -4.92980909348, -5.32298088074, -5.81864452362, -5