{"lowlevel": {"average_loudness": 0.903351485729, "barkbands_crest": {"dmean": 2.92944288254, "dmean2": 4.56451320648, "dvar": 9.36589717865, "dvar2": 21.9902210236, "max": 26.9665718079, "mean": 15.1015510559, "median": 14.3876342773, "min": 3.19419145584, "var": 27.1959915161}, "barkbands_flatness_db": {"dmean": 0.0561298280954, "dmean2": 0.0793743282557, "dvar": 0.00479895574972, "dvar2": 0.00953779742122, "max": 0.858566582203, "mean": 0.320209741592, "median": 0.29061833024, "min": 0.0445966348052, "var": 0.0224043875933}, "barkbands_kurtosis": {"dmean": 24.9766044617, "dmean2": 38.8548202515, "dvar": 16428.2011719, "dvar2": 39870.8710938, "max": 5759.13134766, "mean": 44.8078117371, "median": 8.00423812866, "min": -1.94604551792, "var": 27552.9199219}, "barkbands_skewness": {"dmean": 1.29335939884, "dmean2": 1.90860891342, "dvar": 3.52715015411, "dvar2": 7.90456676483, "max": 43.6610374451, "mean": 2.97973108292, "median": 2.21625041962, "min": -5.83993768692, "var": 13.8105421066}, "barkbands_spread": {"dmean": 5.45461511612, "dmean2": 8.20528888702, "dvar": 81.3664169312, "dvar2": 170.79309082, "max": 132.066040039, "mean": 11.5518722534, "median": 6.50971508026, "min": 0.0130933625624, "var": 217.90411377}, "dissonance": {"dmean": 0.0438273511827, "dmean2": 0.0698829144239, "dvar": 0.00214219349436, "dvar2": 0.00510651059449, "max": 0.499999970198, "mean": 0.369188964367, "median": 0.388494938612, "min": 0.0179074201733, "var": 0.0103695448488}, "dynamic_complexity": 4.62157154083, "erbbands_crest": {"dmean": 3.11451482773, "dmean2": 4.78172111511, "dvar": 12.5639514923, "dvar2": 28.4975833893, "max": 33.9434318542, "mean": 15.2367639542, "median": 14.3366127014, "min": 2.77725219727, "var": 46.2268562317}, "erbbands_flatness_db": {"dmean": 0.0423745661974, "dmean2": 0.058649610728, "dvar": 0.0027153021656, "dvar2": 0.00514186313376, "max": 0.662422120571, "mean": 0.255033016205, "median": 0.230528235435, "min": 0.0468360967934, "var": 0.0139137189835}, "erbbands_kurtosis": {"dmean": 7.07375526428, "dmean2": 10.9478883743, "dvar": 367.269561768, "dvar2": 770.587585449, "max": 617.044799805, "mean": 20.653755188, "median": 2.78507494926, "min": -1.94079732895, "var": 6412.77050781}, "erbbands_skewness": {"dmean": 0.88877850771, "dmean2": 1.34390377998, "dvar": 1.3769133091, "dvar2": 3.10752105713, "max": 19.3528060913, "mean": 1.46539235115, "median": 0.906334757805, "min": -8.36158180237, "var": 8.6122379303}, "erbbands_spread": {"dmean": 14.5073156357, "dmean2": 22.3999519348, "dvar": 484.354034424, "dvar2": 1080.33056641, "max": 192.227645874, "mean": 31.0178394318, "median": 20.510017395, "min": 0.246540740132, "var": 953.105529785}, "hfc": {"dmean": 8.03092288971, "dmean2": 12.6361570358, "dvar": 241.746871948, "dvar2": 586.173583984, "max": 133.545883179, "mean": 11.1854858398, "median": 5.17821216583, "min": 1.17361695563e-16, "var": 261.347290039}, "melbands_crest": {"dmean": 3.74862337112, "dmean2": 5.91715764999, "dvar": 17.5028152466, "dvar2": 40.4759292603, "max": 38.0018730164, "mean": 20.8740901947, "median": 20.1858215332, "min": 1.64269351959, "var": 48.3111839294}, "melbands_flatness_db": {"dmean": 0.0628615692258, "dmean2": 0.0881077721715, "dvar": 0.00615378702059, "dvar2": 0.0117986239493, "max": 0.963669002056, "mean": 0.420018464327, "median": 0.391488015652, "min": 0.00831294991076, "var": 0.0307336356491}, "melbands_kurtosis": {"dmean": 29.4787902832, "dmean2": 46.4079551697, "dvar": 5154.30566406, "dvar2": 12099.1396484, "max": 2975.66333008, "mean": 49.0904884338, "median": 14.9030399323, "min": -1.94197022915, "var": 11804.3564453}, "melbands_skewness": {"dmean": 1.50520443916, "dmean2": 2.23965096474, "dvar": 4.15703582764, "dvar2": 9.74195384979, "max": 43.8134269714, "mean": 3.55500340462, "median": 2.8436794281, "min": -5.6495256424, "var": 12.277381897}, "melbands_spread": {"dmean": 5.05157899857, "dmean2": 7.63524627686, "dvar": 139.537811279, "dvar2": 300.406555176, "max": 283.336883545, "mean": 11.5217046738, "median": 5.67082595825, "min": 0.0802213326097, "var": 428.82800293}, "pitch_salience": {"dmean": 0.0838479995728, "dmean2": 0.133759528399, "dvar": 0.0112146679312, "dvar2": 0.0272296685725, "max": 0.957598924637, "mean": 0.39550742507, "median": 0.410204946995, "min": 0.00298306811601, "var": 0.0247008260339}, "silence_rate_20dB": {"dmean": 0, "dmean2": 0, "dvar": 0, "dvar2": 0, "max": 1, "mean": 1, "median": 1, "min": 1, "var": 0}, "silence_rate_30dB": {"dmean": 0.0424548722804, "dmean2": 0.0849220082164, "dvar": 0.0406507179141, "dvar2": 0.098212197423, "max": 1, "mean": 0.964770436287, "median": 1, "min": 0, "var": 0.0339865386486}, "silence_rate_60dB": {"dmean": 0.0531407929957, "dmean2": 0.106296941638, "dvar": 0.0503203347325, "dvar2": 0.106258481741, "max": 1, "mean": 0.136586770415, "median": 0, "min": 0, "var": 0.117932848632}, "spectral_centroid": {"dmean": 214.636825562, "dmean2": 315.389587402, "dvar": 160359.921875, "dvar2": 300995.1875, "max": 11334.5449219, "mean": 752.861022949, "median": 489.876403809, "min": 48.3243560791, "var": 529410.9375}, "spectral_complexity": {"dmean": 2.6795668602, "dmean2": 4.12882709503, "dvar": 34.5111961365, "dvar2": 67.2908782959, "max": 53, "mean": 5.96837997437, "median": 4, "min": 0, "var": 49.0190544128}, "spectral_decrease": {"dmean": 3.74956377058e-09, "dmean2": 5.40340794331e-09, "dvar": 3.67296580812e-17, "dvar2": 8.00336020872e-17, "max": 1.91511888813e-12, "mean": -8.10479683366e-09, "median": -6.19900575316e-09, "min": -7.66726628854e-08, "var": 6.857845424e-17}, "spectral_energy": {"dmean": 0.0147891612723, "dmean2": 0.0213506110013, "dvar": 0.000565614027437, "dvar2": 0.00123890966643, "max": 0.293527066708, "mean": 0.0316038168967, "median": 0.0240419749171, "min": 1.06600154945e-20, "var": 0.00103968381882}, "spectral_energyband_high": {"dmean": 0.000524681352545, "dmean2": 0.000867777329404, "dvar": 1.51332119458e-06, "dvar2": 3.7127788346e-06, "max": 0.0106159541756, "mean": 0.000445542886155, "median": 2.31954782066e-05, "min": 7.97482405182e-21, "var": 1.35494724418e-06}, "spectral_energyband_low": {"dmean": 0.00898963212967, "dmean2": 0.0130258956924, "dvar": 0.00025417789584, "dvar2": 0.000559429230634, "max": 0.231937155128, "mean": 0.0180709213018, "median": 0.0136944334954, "min": 1.24924044505e-23, "var": 0.00043829617789}, "spectral_energyband_middle_high": {"dmean": 0.000943789666053, "dmean2": 0.00138810090721, "dvar": 4.6967606977e-06, "dvar2": 1.06613279058e-05, "max": 0.0407046191394, "mean": 0.00183222244959, "median": 0.000438672897872, "min": 1.45466819301e-21, "var": 1.15163138616e-05}, "spectral_energyband_middle_low": {"dmean": 0.0075223329477, "dmean2": 0.0118247615173, "dvar": 0.000238169406657, "dvar2": 0.000562966510188, "max": 0.191821962595, "mean": 0.0133198201656, "median": 0.00550166331232, "min": 3.45049072608e-22, "var": 0.000395025475882}, "spectral_entropy": {"dmean": 0.511127531528, "dmean2": 0.725752234459, "dvar": 0.414435684681, "dvar2": 0.766226172447, "max": 9.80706214905, "mean": 6.22650432587, "median": 6.40672540665, "min": 2.20304656029, "var": 1.91846442223}, "spectral_flux": {"dmean": 0.0422018505633, "dmean2": 0.0644387379289, "dvar": 0.00280982558616, "dvar2": 0.00588442524895, "max": 0.455078721046, "mean": 0.0706674456596, "median": 0.0460638962686, "min": 1.05853208143e-10, "var": 0.00476702721789}, "spectral_kurtosis": {"dmean": 15.2876977921, "dmean2": 24.2759170532, "dvar": 1590.6015625, "dvar2": 3406.69091797, "max": 1521.88549805, "mean": 31.0546207428, "median": 7.81855535507, "min": -1.18502402306, "var": 4159.55322266}, "spectral_rms": {"dmean": 0.00118163868319, "dmean2": 0.00162358698435, "dvar": 2.46928675551e-06, "dvar2": 4.91872287967e-06, "max": 0.0169224068522, "mean": 0.00482201809064, "median": 0.00484309624881, "min": 3.22490536879e-12, "var": 7.58112719268e-06}, "spectral_rolloff": {"dmean": 331.426544189, "dmean2": 557.550048828, "dvar": 1233763.125, "dvar2": 2664338.5, "max": 18626.2207031, "mean": 853.739013672, "median": 344.53125, "min": 43.06640625, "var": 3655913.5}, "spectral_skewness": {"dmean": 1.01037979126, "dmean2": 1.55986905098, "dvar": 2.47863602638, "dvar2": 4.78762960434, "max": 35.3269042969, "mean": 3.52385663986, "median": 2.36075735092, "min": -0.0232666414231, "var": 10.1798963547}, "spectral_spread": {"dmean": 1494779.25, "dmean2": 2234463, "dvar": 4256190693380.0, "dvar2": 8115988201470.0, "max": 40462704, "mean": 4952540, "median": 4247553.5, "min": 69781.859375, "var": 10804022738900.0}, "spectral_strongpeak": {"dmean": 0.294720768929, "dmean2": 0.493816047907, "dvar": 0.240753769875, "dvar2": 0.556900382042, "max": 6.08577728271, "mean": 0.693371295929, "median": 0.395692825317, "min": 0, "var": 0.522642672062}, "zerocrossingrate": {"dmean": 0.0109970811754, "dmean2": 0.0133729400113, "dvar": 0.000344811414834, "dvar2": 0.000405722763389, "max": 0.67431640625, "mean": 0.0387742258608, "median": 0.025390625, "min": 0.001953125, "var": 0.00324096041732}, "barkbands": {"dmean": [0.000347452849383, 0.00660333503038, 0.00225769425742, 0.00237946677953, 0.00219558202662, 0.00300429784693, 0.000433436274761, 0.000319419166772, 0.000174534696271, 0.000220975955017, 0.000141657175845, 0.00018342549447, 0.000107595777081, 4.95823078381e-05, 4.55362496723e-05, 7.1476730227e-05, 0.000160887386301, 0.000112579313281, 6.54969699099e-05, 7.83666255302e-05, 5.14345301781e-05, 5.65274021938e-05, 8.65195179358e-05, 0.000204002877581, 6.89463049639e-05, 3.17227277264e-05, 4.70676059194e-06], "dmean2": [0.000529019744135, 0.00918209273368, 0.00394240254536, 0.00399350840598, 0.00347297848202, 0.00487871468067, 0.000696950999554, 0.000433454144513, 0.000232657868764, 0.000245645729592, 0.000174639179022, 0.000246131327003, 0.000171721054357, 8.18213957245e-05, 7.48212623876e-05, 0.000114852984552, 0.0002855862258, 0.00018344023556, 0.000101969460957, 0.000130600325065, 7.76245287852e-05, 9.01575549506e-05, 0.000145803220221, 0.000356421835022, 0.000114028793178, 5.16381551279e-05, 8.32986825117e-06], "dvar": [3.52307722551e-07, 0.000164449345903, 3.91337634937e-05, 5.99262602918e-05, 5.26367366547e-05, 5.84543886362e-05, 2.47971593126e-06, 1.80855431609e-06, 4.30107604643e-07, 7.96467588771e-07, 2.53613819723e-07, 4.17271394326e-07, 1.77673967983e-07, 2.80500831451e-08, 3.36878400731e-08, 7.70473747025e-08, 5.05856064592e-07, 1.71005083871e-07, 5.92553703882e-08, 9.76605676328e-08, 3.75391628893e-08, 3.08956984441e-08, 3.87296594795e-08, 2.5151950922e-07, 3.28566969188e-08, 1.00318375829e-08, 1.85107498774e-10], "dvar2": [8.30578585465e-07, 0.000348452507751, 0.000106529063487, 0.000155742396601, 0.000121812794532, 0.000146101490827, 5.54783082407e-06, 3.66341078006e-06, 8.24538403776e-07, 1.20423078442e-06, 4.19206685365e-07, 7.62253080211e-07, 4.29565062632e-07, 6.40169517396e-08, 8.07920059742e-08, 1.90053782489e-07, 1.4404496369e-06, 3.96387036972e-07, 1.40686694294e-07, 2.51631036008e-07, 8.32570918874e-08, 7.60846248227e-08, 9.52391445708e-08, 6.6311736191e-07, 8.19473129354e-08, 2.43560762669e-08, 5.44485012632e-10], "max": [0.00771591998637, 0.151157125831, 0.100865140557, 0.108785822988, 0.137930437922, 0.0700177997351, 0.0397817753255, 0.0271914787591, 0.0179375968874, 0.0243561565876, 0.0190240442753, 0.0178976021707, 0.0108873406425, 0.00672475993633, 0.0083304643631, 0.00911534391344, 0.0126998983324, 0.0110829016194, 0.00521598523483, 0.00781852565706, 0.0049356194213, 0.002444465179, 0.0017729428364, 0.00419812416658, 0.00186468381435, 0.000988768762909, 0.000297510297969], "mean": [0.000754264590796, 0.0118224471807, 0.00352760241367, 0.00318814325146, 0.00459086662158, 0.00351862306707, 0.000721628719475, 0.000640398298856, 0.000459696981125, 0.00050613906933, 0.000368766312022, 0.000360964186257, 0.000167157093529, 5.19266395713e-05, 4.22966913902e-05, 8.78916325746e-05, 0.000136985385325, 0.000106367842818, 7.18707160559e-05, 6.89203516231e-05, 5.08759949298e-05, 5.00447677041e-05, 6.97266950738e-05, 0.000152931112098, 5.63204557693e-05, 2.6513605917e-05, 4.45622754341e-06], "median": [0.000359267753083, 0.00643404666334, 0.000342647836078, 0.000254100974416, 0.0002649637172, 0.000194836087758, 2.32137153944e-05, 1.63504300872e-05, 3.28897003783e-05, 1.91939761862e-05, 1.46601014421e-05, 1.54864083015e-05, 5.47332729184e-06, 2.02566661756e-06, 2.17039678319e-06, 2.08280653169e-06, 1.98054794964e-06, 2.87212333205e-06, 2.31935860029e-06, 2.20172910304e-06, 2.13543853533e-06, 1.71028659679e-06, 1.64237144418e-06, 1.83982729141e-06, 2.0846669031e-06, 1.82608323485e-06, 2.04687111705e-07], "min": [2.79367339026e-24, 3.64691027572e-24, 5.74983713863e-24, 2.23718921404e-24, 5.55535350098e-23, 3.57951126216e-23, 5.67485204417e-23, 5.99306023176e-23, 5.18232642245e-23, 3.650689235e-23, 3.26355353696e-23, 8.80184555428e-23, 6.80260570101e-23, 4.38537937741e-23, 9.95697268453e-23, 1.55040904777e-22, 1.30764486658e-22, 2.55709376023e-22, 2.47563661425e-22, 1.9613744036e-22, 5.13890701336e-22, 4.19213937898e-22, 4.55370803198e-22, 7.8489458832e-22, 1.05985343261e-21, 1.63203199338e-21, 2.47216375824e-21], "var": [9.36199455737e-07, 0.000274052523309, 4.29663959949e-05, 6.86947387294e-05, 0.000111748107884, 6.62562597427e-05, 5.04157742398e-06, 4.96964685226e-06, 1.56832595621e-06, 2.79069513454e-06, 1.03978686639e-06, 1.29727584408e-06, 4.03795354487e-07, 5.12291151722e-08, 3.51075897242e-08, 1.66810252722e-07, 3.84168856726e-07, 1.97828711634e-07, 8.59065991676e-08, 9.10000466092e-08, 4.32077698065e-08, 2.82927032913e-08, 3.32953931093e-08, 1.80947111517e-07, 2.8848548439e-08, 9.1897982557e-09, 2.19556414716e-10]}, "erbbands": {"dmean": [0.264802664518, 1.24363982677, 2.22119426727, 6.04204797745, 6.96650886536, 7.64544439316, 12.0738153458, 29.2461071014, 11.5929937363, 6.15099573135, 6.63985824585, 3.6492600441, 6.71847343445, 3.70102834702, 6.50353384018, 7.10935354233, 5.56626844406, 2.8627538681, 2.42358708382, 2.7347176075, 4.68899345398, 9.37781047821, 6.04589080811, 4.3384308815, 3.96058559418, 3.54037308693, 2.0865893364, 2.07387852669, 2.04782295227, 2.12559390068, 2.63845968246, 4.28280544281, 2.99953937531, 0.912254154682, 0.453172594309, 0.18953128159, 0.0499465167522, 0.00699314987287, 0.00108945602551, 4.68306752737e-05], "dmean2": [0.358750283718, 1.76381695271, 3.7708272934, 10.186006546, 11.4675674438, 12.1814289093, 18.7420825958, 47.920249939, 18.5833358765, 8.74184131622, 8.92943572998, 5.01463079453, 7.72662496567, 4.4547829628, 8.18441486359, 9.62641620636, 8.63733577728, 4.66817903519, 3.99092507362, 4.46831846237, 7.71724128723, 16.6543140411, 9.87193202972, 6.43408679962, 6.60861063004, 5.85336256027, 3.16290450096, 3.15155601501, 3.27593183517, 3.5283498764, 4.44730997086, 7.50505590439, 5.20978450775, 1.51441669464, 0.761940896511, 0.306184381247, 0.0826493427157, 0.0120857423171, 0.0019205075223, 7.67373785493e-05], "dvar": [0.245494291186, 6.38557195663, 35.9280776978, 323.081542969, 436.06338501, 879.477478027, 1280.80981445, 6687.609375, 1165.10803223, 650.68560791, 756.187011719, 194.864730835, 715.859985352, 179.187652588, 510.102325439, 614.677490234, 386.245635986, 75.6795730591, 60.9008483887, 102.436264038, 270.131072998, 1620.3939209, 495.421295166, 275.799407959, 262.478546143, 186.932525635, 58.515827179, 63.4705848694, 42.8865470886, 32.0366172791, 36.5682868958, 112.486228943, 53.3500938416, 5.00012302399, 1.64607572556, 0.346527904272, 0.0249118842185, 0.000437384849647, 1.06115476228e-05, 1.0018059271e-08], "dvar2": [0.49312582612, 14.0524568558, 95.107963562, 851.11126709, 1086.50146484, 1966.84472656, 2630.31274414, 17233.5839844, 2833.0324707, 1336.86328125, 1548.29101562, 417.144561768, 1153.98962402, 303.375061035, 862.231506348, 1135.6015625, 926.442749023, 189.534225464, 141.815826416, 257.047851562, 693.383178711, 4593.30322266, 1159.14880371, 543.331970215, 704.326599121, 472.255523682, 134.018447876, 139.834121704, 106.491012573, 78.7091827393, 90.5688476562, 298.511962891, 138.688339233, 12.5244092941, 4.16962242126, 0.831307172775, 0.0624345168471, 0.0011690199608, 3.15485813189e-05, 2.90134973824e-08], "max": [5.72734498978, 32.8751182556, 87.5551986694, 253.910949707, 346.171203613, 643.041931152, 648.958435059, 819.896789551, 744.91607666, 527.353637695, 777.90814209, 475.832824707, 847.370056152, 406.754272461, 602.196166992, 572.482788086, 456.472503662, 253.503829956, 250.930664062, 342.113861084, 477.579345703, 703.454040527, 724.997131348, 649.030578613, 398.170959473, 279.429901123, 116.706932068, 268.351776123, 90.6644973755, 65.8962478638, 57.5948486328, 83.7765350342, 59.879535675, 22.301897049, 12.5968675613, 5.97450065613, 1.62510967255, 0.315045058727, 0.0567841418087, 0.00184910173994], "mean": [0.530765533447, 1.92575109005, 3.38156914711, 9.04752731323, 11.2208480835, 15.2113866806, 23.4081268311, 30.6309108734, 14.6936073303, 12.3005914688, 14.9084043503, 9.94591617584, 15.659734726, 10.3292741776, 15.3472881317, 14.0809555054, 9.20315647125, 3.67984962463, 2.47660446167, 3.24763560295, 5.22332954407, 7.71902704239, 5.54634046555, 5.21977233887, 3.33246874809, 3.18141818047, 2.13164186478, 2.02702713013, 1.80671286583, 1.76082503796, 2.12466931343, 3.18647742271, 2.28158044815, 0.750652253628, 0.361625760794, 0.159211948514, 0.0405800156295, 0.00550524052233, 0.00106457760558, 6.78375872667e-05], "median": [0.29064527154, 1.00655698776, 0.683419704437, 1.5877571106, 0.953650712967, 0.99759042263, 0.951758146286, 1.78953826427, 0.815860033035, 0.350584566593, 0.595866084099, 1.16871881485, 0.897468328476, 1.10497975349, 1.52643799782, 0.776810765266, 0.495482504368, 0.267168521881, 0.166414529085, 0.161014214158, 0.150477737188, 0.170188486576, 0.170123398304, 0.156240642071, 0.120360016823, 0.109410494566, 0.0876692682505, 0.0847126767039, 0.065364420414, 0.0565648525953, 0.0466136299074, 0.0361198559403, 0.0311199761927, 0.0219889897853, 0.015224955976, 0.00940712168813, 0.00270936405286, 0.000483357522171, 6.03439621045e-05, 3.14271856041e-05], "min": [9.50381690178e-23, 1.0702772008e-21, 7.11874462441e-21, 9.49080700773e-21, 1.03232049974e-19, 2.3842878866e-19, 2.61325303111e-19, 3.0950655754e-19, 6.20174786853e-19, 1.22597689697e-18, 1.66042032309e-18, 1.18040544907e-18, 9.35596383706e-19, 1.10837776666e-18, 2.26139971175e-18, 3.88067317604e-18, 3.25102081222e-18, 2.48657212976e-18, 3.94956325899e-18, 9.149378581e-18, 7.18998623321e-18, 8.75563151044e-18, 1.20671357691e-17, 1.34345447309e-17, 1.19015590258e-17, 9.43896955037e-18, 1.91990506145e-17, 2.00428443225e-17, 1.52125843469e-17, 1.20653110086e-17, 1.45568203727e-17, 1.47188038433e-17, 1.40522302728e-17, 1.05464121893e-17, 7.30146619154e-18, 6.19528003992e-18, 2.87003155504e-18, 1.17780562041e-18, 3.58882312472e-19, 3.464258901e-20], "var": [0.495070546865, 9.24036693573, 37.4654312134, 362.09463501, 659.268981934, 1782.71350098, 3272.37011719, 6318.18652344, 1701.85083008, 1557.43994141, 2253.84106445, 696.005615234, 2422.28857422, 772.676940918, 1850.7947998, 1964.82629395, 883.824768066, 135.540039062, 84.6944580078, 174.413543701, 370.205169678, 1194.3170166, 567.644165039, 686.69732666, 206.004943848, 184.158248901, 64.6721496582, 77.1332550049, 38.523525238, 28.0744743347, 30.9811668396, 79.2766189575, 39.8092155457, 4.37331151962, 1.38301277161, 0.325805276632, 0.0213425885886, 0.000325533997966, 1.46430729728e-05, 1.49314853815e-08]}, "gfcc": {"mean": [-151.259933472, 107.343109131, -56.0421524048, 21.7309055328, -46.4363937378, 16.47797966, -23.6683216095, 7.38031864166, -17.9449882507, -0.679612755775, -3.67361187935, 7.19951105118, -4.8360581398], "cov": [[28388.875, -2040.90283203, -2088.99487305, 2307.34472656, 24.0256347656, 2259.18261719, -1076.37646484, 777.035888672, -1285.11755371, -582.965698242, -563.269470215, -120.420440674, -388.736328125], [-2040.90283203, 4540.21875, 1456.65649414, -581.490356445, 500.638671875, -791.411071777, 546.008789062, -321.937408447, 362.169281006, -366.099273682, 170.981781006, -362.194824219, 195.725921631], [-2088.99487305, 1456.65649414, 2821.78564453, 542.555725098, 21.29205513, -363.780609131, -79.2555084229, -58.996547699, 317.911071777, 17.3103713989, 174.946105957, -76.4925460815, 158.112106323], [2307.34472656, -581.490356445, 542.555725098, 1722.84106445, 344.295837402, 138.159622192, -279.615997314, 172.417251587, -67.8766937256, 30.400346756, -7.15778112411, -19.0376701355, -35.7301864624], [24.0256347656, 500.638671875, 21.29205513, 344.295837402, 1413.40966797, 294.106567383, 165.89805603, -78.6715164185, -117.499176025, -105.246170044, -41.7994346619, -53.54662323, 63.9523429871], [2259.18261719, -791.411071777, -363.780609131, 138.159622192, 294.106567383, 1092.17431641, 231.897109985, 245.628417969, -178.898696899, -43.9047355652, -71.5445632935, 21.2894802094, -37.7713928223], [-1076.37646484, 546.008789062, -79.2555084229, -279.615997314, 165.89805603, 231.897109985, 781.799438477, 193.936569214, 98.084022522, -66.3484725952, 42.6862335205, -59.472492218, -12.4845952988], [777.035888672, -321.937408447, -58.996547699, 172.417251587, -78.6715164185, 245.628417969, 193.936569214, 562.315063477, 234.804397583, 29.8952789307, -71.0215301514, -69.9566192627, -61.6924362183], [-1285.11755371, 362.169281006, 317.911071777, -67.8766937256, -117.499176025, -178.898696899, 98.084022522, 234.804397583, 642.037536621, 255.559432983, 151.75227356, -14.0680847168, -13.8108100891], [-582.965698242, -366.099273682, 17.3103713989, 30.400346756, -105.246170044, -43.9047355652, -66.3484725952, 29.8952789307, 255.559432983, 423.986724854, 221.843338013, 150.200317383, -18.6636219025], [-563.269470215, 170.981781006, 174.946105957, -7.15778112411, -41.7994346619, -71.5445632935, 42.6862335205, -71.0215301514, 151.75227356, 221.843338013, 399.115661621, 206.233978271, 94.7967605591], [-120.420440674, -362.194824219, -76.4925460815, -19.0376701355, -53.54662323, 21.2894802094, -59.472492218, -69.9566192627, -14.0680847168, 150.200317383, 206.233978271, 355.267333984, 165.621520996], [-388.736328125, 195.725921631, 158.112106323, -35.7301864624, 63.9523429871, -37.7713928223, -12.4845952988, -61.6924362183, -13.8108100891, -18.6636219025, 94.7967605591, 165.621520996, 319.046569824]], "icov": [[7.97692046035e-05, -0.00011207908392, 8.95497651072e-05, -0.00011210199591, 7.57402085583e-05, -0.000200076348847, 0.000219630892389, -0.000172792060766, 0.000151951535372, 7.81173184805e-06, -1.88773378795e-06, -9.05928536667e-05, 9.99546900857e-05], [-0.00011207908392, 0.000812267535366, -0.000338201411068, 0.000346264860127, -0.000344641710399, 0.000616859702859, -0.000651546812151, 0.000585514411796, -0.000617585377768, 0.000735419511329, -0.000632915238384, 0.000900461047422, -0.000461746240035], [8.95497651072e-05, -0.000338201411068, 0.000653099210467, -0.000398285978008, 0.000217436798266, -0.000285496760625, 0.000343189429259, -9.37853110372e-05, -2.91202322842e-05, -5.06496398884e-05, -2.95431837003e-05, -1.14175945782e-05, -0.000123286212329], [-0.00011210199591, 0.000346264860127, -0.000398285978008, 0.00108451046981, -0.000469936436275, 0.000387099105865, 6.21173312538e-05, -0.000335091783199, 0.000107654290332, 6.81956589688e-05, -0.000422785728006, 0.000361341575626, -5.82200800636e-06], [7.57402085583e-05, -0.000344641710399, 0.000217436798266, -0.000469936436275, 0.00108313537203, -0.000595080142375, 2.34094386542e-05, 0.000243890681304, 0.000122616009321, -0.000208560770261, 0.000352319388185, -8.95078046597e-05, -0.000161271120305], [-0.000200076348847, 0.000616859702859, -0.000285496760625, 0.000387099105865, -0.000595080142375, 0.00206362572499, -0.000999003415927, -0.000260125088971, 0.000187439800357, 6.74591356074e-05, -0.00027260457864, 0.000340854137903, -0.000247051386395], [0.000219630892389, -0.000651546812151, 0.000343189429259, 6.21173312538e-05, 2.34094386542e-05, -0.000999003415927, 0.00272682518698, -0.00144598714542, 0.000520389527082, 0.000301941559883, -0.000644017651211, -0.000284573092358, 0.000587596732657], [-0.000172792060766, 0.000585514411796, -9.37853110372e-05, -0.000335091783199, 0.000243890681304, -0.000260125088971, -0.00144598714542, 0.00420885113999, -0.00247760140337, 0.000662353006192, 0.000859911553562, 0.000473025982501, -0.000452761596534], [0.000151951535372, -0.000617585377768, -2.91202322842e-05, 0.000107654290332, 0.000122616009321, 0.000187439800357, 0.000520389527082, -0.00247760140337, 0.00426680175588, -0.00255144014955, -0.00043255786295, 0.000514338433277, 2.63648780674e-05], [7.81173184805e-06, 0.000735419511329, -5.06496398884e-05, 6.81956589688e-05, -0.000208560770261, 6.74591356074e-05, 0.000301941559883, 0.000662353006192, -0.00255144014955, 0.00619598850608, -0.00246948073618, -0.000994381029159, 0.00128272990696], [-1.88773378795e-06, -0.000632915238384, -2.95431837003e-05, -0.000422785728006, 0.000352319388185, -0.00027260457864, -0.000644017651211, 0.000859911553562, -0.00043255786295, -0.00246948073618, 0.00610947748646, -0.00306566944346, 4.41679367214e-06], [-9.05928536667e-05, 0.000900461047422, -1.14175945782e-05, 0.000361341575626, -8.95078046597e-05, 0.000340854137903, -0.000284573092358, 0.000473025982501, 0.000514338433277, -0.000994381029159, -0.00306566944346, 0.00760683370754, -0.00355186779052], [9.99546900857e-05, -0.000461746240035, -0.000123286212329, -5.82200800636e-06, -0.000161271120305, -0.000247051386395, 0.000587596732657, -0.000452761596534, 2.63648780674e-05, 0.00128272990696, 4.41679367214e-06, -0.00355186779052, 0.00545705435798]]}, "melbands": {"dmean": [0.00205688830465, 0.00119895453099, 0.00104260863736, 0.00051438936498, 0.000398900418077, 0.00061847071629, 0.000163580742083, 6.66145788273e-05, 5.45062175661e-05, 2.132895861e-05, 3.49572692357e-05, 1.64425364346e-05, 1.97688350454e-05, 1.98911166081e-05, 1.87521964108e-05, 1.01183368315e-05, 4.78434003526e-06, 3.92165338781e-06, 3.29370527652e-06, 4.88426894663e-06, 5.55692486159e-06, 1.12111256385e-05, 5.39691654922e-06, 5.46708497495e-06, 3.29043723468e-06, 2.57740362031e-06, 3.20019580613e-06, 2.12808731703e-06, 1.31534375214e-06, 1.45439605603e-06, 1.02480453279e-06, 1.19852438729e-06, 1.05715230347e-06, 1.25093174574e-06, 1.44428224758e-06, 1.82164956186e-06, 3.06764218294e-06, 2.48977380579e-06, 1.13802195756e-06, 6.43046973892e-07], "dmean2": [0.00283982581459, 0.00185437605251, 0.00175412453245, 0.000829847820569, 0.000613528478425, 0.00100997544359, 0.000262791494606, 9.23775733099e-05, 7.2532791819e-05, 2.95443478535e-05, 3.98429256165e-05, 1.94768945221e-05, 2.46351810347e-05, 2.63683341473e-05, 2.70000473392e-05, 1.5872037693e-05, 7.93855451775e-06, 6.4844462031e-06, 5.43689338883e-06, 7.77617788117e-06, 9.22827257455e-06, 2.01860093512e-05, 9.01799103303e-06, 8.84637847776e-06, 4.81631923321e-06, 4.31552234659e-06, 5.64766833122e-06, 3.41272630067e-06, 2.01283660317e-06, 2.17785213863e-06, 1.56361556947e-06, 1.93229038814e-06, 1.71416513695e-06, 2.11145788853e-06, 2.42455121224e-06, 3.13109944727e-06, 5.42084990229e-06, 4.35845868196e-06, 1.90967239178e-06, 1.06248683096e-06], "dvar": [1.55823290697e-05, 7.0298542596e-06, 8.88639715413e-06, 2.97111841974e-06, 1.43966417454e-06, 2.79979235529e-06, 2.35607075183e-07, 8.74070664736e-08, 5.16885769741e-08, 7.18444992387e-09, 1.93342390986e-08, 4.41680514385e-09, 4.89603602105e-09, 6.00652771965e-09, 4.34486180367e-09, 1.95050131602e-09, 2.42490555413e-10, 1.7136060626e-10, 2.76802164523e-10, 4.78910799906e-10, 4.31554014746e-10, 2.68179500829e-09, 3.46776996007e-10, 4.02062938498e-10, 1.77920969624e-10, 1.10374424878e-10, 2.00444355558e-10, 6.70136654501e-11, 2.42571674552e-11, 2.96891643214e-11, 1.72611057392e-11, 1.64473851205e-11, 9.45233301353e-12, 1.04322219266e-11, 1.12890165965e-11, 1.83484165361e-11, 6.14734929627e-11, 3.79832658381e-11, 7.5229631552e-12, 2.78956675467e-12], "dvar2": [3.21890984196e-05, 1.70191178768e-05, 2.32820639212e-05, 7.02275701769e-06, 2.88448313768e-06, 7.18044066161e-06, 5.73228419398e-07, 1.75549359938e-07, 1.05274395423e-07, 1.55732422513e-08, 3.06756930968e-08, 6.9809114045e-09, 8.04329669535e-09, 1.08690025868e-08, 8.94809826235e-09, 4.03466371424e-09, 6.16855788671e-10, 3.68206937162e-10, 6.47134124065e-10, 1.17239440378e-09, 1.12548081965e-09, 7.68672414608e-09, 8.39488756288e-10, 9.38751076873e-10, 3.31346144966e-10, 2.89946316956e-10, 5.56198032076e-10, 1.53628110233e-10, 5.5845369995e-11, 6.66023139417e-11, 3.90190414701e-11, 4.19359443005e-11, 2.26862747338e-11, 2.60884352316e-11, 2.7579343323e-11, 4.75844953718e-11, 1.64475821851e-10, 9.98554294807e-11, 1.88325743888e-11, 7.10982141217e-12], "max": [0.0446520969272, 0.0352438539267, 0.0402719639242, 0.0317990072072, 0.0178464073688, 0.0164751932025, 0.0101467426866, 0.00605198089033, 0.00700243376195, 0.00312966224737, 0.00416091410443, 0.00218630023301, 0.00287057319656, 0.0025493518915, 0.00182629365008, 0.00151518743951, 0.000580150284804, 0.000596627767663, 0.000890898285434, 0.000885748653673, 0.000560606073122, 0.000920222839341, 0.000567952520214, 0.000448746432085, 0.000596840342041, 0.0002051408228, 0.000428535713581, 0.00027253862936, 0.000104151156847, 0.000147336220834, 0.000121050987218, 6.00021412538e-05, 4.19208663516e-05, 3.31526025548e-05, 3.50208683813e-05, 3.93542322854e-05, 6.44963511149e-05, 4.43685385108e-05, 2.85463320324e-05, 2.05342330446e-05], "mean": [0.00387928029522, 0.00199060165323, 0.00158971257042, 0.000944130297285, 0.000808970420621, 0.000670866284054, 0.000206559212529, 0.00013132726599, 0.000124805126688, 5.75886369916e-05, 7.99194240244e-05, 4.34224384662e-05, 4.73388499813e-05, 4.10718312196e-05, 3.05982393911e-05, 1.81979303306e-05, 5.04843865201e-06, 3.95050528823e-06, 3.26966960529e-06, 6.63248511046e-06, 5.81473386774e-06, 9.15053715289e-06, 4.69425913252e-06, 5.07835557073e-06, 4.19168782173e-06, 2.31834474107e-06, 2.36527580455e-06, 2.08913002098e-06, 1.33857747642e-06, 1.42666090142e-06, 1.01038676803e-06, 1.05440949483e-06, 9.15926989364e-07, 1.00694205685e-06, 1.16236685699e-06, 1.42524731928e-06, 2.22748144552e-06, 1.86250974821e-06, 9.15497935239e-07, 5.30925547082e-07], "median": [0.00213174847886, 0.000913646421395, 0.000397576426622, 5.91463067394e-05, 3.21779516526e-05, 3.97497169615e-05, 9.06585046323e-06, 1.55359452947e-06, 3.36869993589e-06, 5.06714695803e-06, 2.49174672717e-06, 2.66250253844e-06, 3.52168990503e-06, 1.9803237592e-06, 9.29167185859e-07, 3.83809549476e-07, 2.74310195891e-07, 1.81555734002e-07, 1.51987165964e-07, 1.48412510725e-07, 1.56956460273e-07, 1.17081839335e-07, 1.25218150515e-07, 1.41346461646e-07, 9.31905361767e-08, 8.03921622605e-08, 7.05689586766e-08, 6.42668993578e-08, 4.98183787556e-08, 4.44069243599e-08, 4.307119994e-08, 3.70165018637e-08, 2.73196150147e-08, 3.14229069431e-08, 2.53540548556e-08, 2.08825596815e-08, 2.10142392376e-08, 2.04239221091e-08, 2.02536920568e-08, 1.63872684311e-08], "min": [1.10434215844e-24, 2.67344408577e-24, 3.05917853019e-24, 1.28700226995e-23, 9.85867162272e-24, 7.74781789101e-24, 1.21278434272e-23, 1.36381412961e-23, 1.44566491719e-23, 5.73331878571e-24, 4.30632423399e-24, 4.15789768809e-24, 5.78363706741e-24, 8.44177646275e-24, 9.34278656742e-24, 7.29148079e-24, 4.01487168395e-24, 5.59403277111e-24, 8.51951554952e-24, 1.25935143305e-23, 7.15172224773e-24, 9.23477652114e-24, 7.27874384183e-24, 1.33029479866e-23, 1.0198193412e-23, 1.06936564362e-23, 5.9587271119e-24, 5.18303702836e-24, 9.88689391047e-24, 1.25340066081e-23, 1.16492951586e-23, 8.50892982503e-24, 8.40067838731e-24, 5.78133911559e-24, 9.06510279562e-24, 8.10994133411e-24, 8.04302620782e-24, 1.00004125725e-23, 1.02757502719e-23, 8.13905345696e-24], "var": [2.79879732261e-05, 8.96322944755e-06, 1.00170918813e-05, 5.25825953446e-06, 3.99005466534e-06, 2.72938314083e-06, 3.38581855885e-07, 2.07177421885e-07, 1.60753032219e-07, 2.58820875843e-08, 6.59335768205e-08, 1.77160845993e-08, 1.79014190138e-08, 1.68977649651e-08, 1.24274572855e-08, 6.76178046888e-09, 3.85566190086e-10, 3.01278058057e-10, 3.07196323934e-10, 1.29324140286e-09, 5.25840371246e-10, 1.94792626473e-09, 3.75462133606e-10, 4.34849684039e-10, 5.25557486419e-10, 9.57687401604e-11, 1.35792155298e-10, 9.22380019586e-11, 2.8618104414e-11, 3.4777562774e-11, 1.94613977711e-11, 1.41705648951e-11, 8.7567895643e-12, 8.765401599e-12, 9.84231446344e-12, 1.38910801264e-11, 4.22725743299e-11, 2.7451072665e-11, 6.3542582654e-12, 2.41700062742e-12]}, "mfcc": {"mean": [-806.675842285, 133.926452637, 47.8855400085, 23.4218921661, 12.679058075, 9.64480018616, 10.6941642761, 12.1330776215, -1.36645364761, -2.51637840271, -1.55938267708, 4.50052070618, 4.06577301025], "cov": [[17353.4511719, -1505.46655273, -574.039978027, -111.742271423, 280.363891602, 120.144538879, -15.1466379166, 408.432983398, -152.908035278, -71.991645813, -288.263519287, -36.2705688477, -413.401519775], [-1505.46655273, 4009.39038086, 794.711425781, 196.76133728, -80.0595321655, -74.4332504272, 125.67427063, 137.006057739, 128.67640686, 29.0956478119, 78.4999465942, -184.689361572, -147.981521606], [-574.039978027, 794.711425781, 2377.18896484, 687.237854004, 214.518432617, -44.9022979736, -99.3555603027, 31.1954669952, 38.8762550354, 215.281005859, 87.2917480469, 12.0434846878, -78.9467163086], [-111.742271423, 196.76133728, 687.237854004, 1351.40881348, 595.885498047, 37.0145874023, -70.1981735229, -79.3228759766, 2.41090607643, 54.6610374451, 81.6716079712, -13.5868186951, -66.5852279663], [280.363891602, -80.0595321655, 214.518432617, 595.885498047, 892.785461426, 347.330352783, -0.996266365051, -42.7109031677, 15.9685401917, 48.3534736633, -8.51535224915, -19.0976448059, -40.0924339294], [120.144538879, -74.4332504272, -44.9022979736, 37.0145874023, 347.330352783, 598.667114258, 351.535308838, 92.0023880005, 4.74686098099, -58.8519096375, -44.1322021484, 7.80740976334, 89.0107116699], [-15.1466379166, 125.67427063, -99.3555603027, -70.1981735229, -0.996266365051, 351.535308838, 565.767150879, 296.823516846, 81.7404632568, -72.7134094238, -85.6746673584, -26.2164325714, 31.963054657], [408.432983398, 137.006057739, 31.1954669952, -79.3228759766, -42.7109031677, 92.0023880005, 296.823516846, 478.456176758, 282.580230713, 110.778274536, 19.6451644897, -7.99908828735, -9.86560249329], [-152.908035278, 128.67640686, 38.8762550354, 2.41090607643, 15.9685401917, 4.74686098099, 81.7404632568, 282.580230713, 396.276031494, 264.946777344, 100.834060669, -5.421895504, -30.8398151398], [-71.991645813, 29.0956478119, 215.281005859, 54.6610374451, 48.3534736633, -58.8519096375, -72.7134094238, 110.778274536, 264.946777344, 422.655212402, 277.591888428, 109.400520325, -7.31112527847], [-288.263519287, 78.4999465942, 87.2917480469, 81.6716079712, -8.51535224915, -44.1322021484, -85.6746673584, 19.6451644897, 100.834060669, 277.591888428, 407.295410156, 250.155502319, 95.7471389771], [-36.2705688477, -184.689361572, 12.0434846878, -13.5868186951, -19.0976448059, 7.80740976334, -26.2164325714, -7.99908828735, -5.421895504, 109.400520325, 250.155502319, 376.422210693, 238.706924438], [-413.401519775, -147.981521606, -78.9467163086, -66.5852279663, -40.0924339294, 89.0107116699, 31.963054657, -9.86560249329, -30.8398151398, -7.31112527847, 95.7471389771, 238.706924438, 338.309814453]], "icov": [[7.6876123785e-05, 1.21211232909e-05, 4.12439731008e-05, -3.4733384382e-05, 3.77206633857e-05, -0.000126256345538, 0.000181920375326, -0.000283758621663, 0.000255781458691, -0.000163136355695, 0.00021357931837, -0.000209136895137, 0.000221165377297], [1.21211232909e-05, 0.000314093515044, -0.000135410795338, 5.52789315407e-05, -5.7173310779e-05, 0.000168682367075, -0.000205186501262, 7.77676614234e-05, -0.000225411757128, 0.000382950529456, -0.000494014821015, 0.000381456251489, -3.96302239096e-05], [4.12439731008e-05, -0.000135410795338, 0.000657470314763, -0.000433184148278, 0.000279453350231, -0.000382048310712, 0.000470446626423, -0.000573231722228, 0.000796763866674, -0.00102499418426, 0.000813780701719, -0.00046588879195, 0.000280699954601], [-3.4733384382e-05, 5.52789315407e-05, -0.000433184148278, 0.00156370981131, -0.00142008345574, 0.00121053901967, -0.000948210537899, 0.000759701593779, -0.000723067088984, 0.0011083020363, -0.00132995774038, 0.000732255808543, -0.000368866603822], [3.77206633857e-05, -5.7173310779e-05, 0.000279453350231, -0.00142008345574, 0.00324461748824, -0.00306253903545, 0.00209041917697, -0.000790496706031, 0.000585126341321, -0.00133518595248, 0.001709178905, -0.00120942445938, 0.0011706413934], [-0.000126256345538, 0.000168682367075, -0.000382048310712, 0.00121053901967, -0.00306253903545, 0.00606987811625, -0.00460171280429, 0.00211291015148, -0.00112406979315, 0.0014018464135, -0.00213596760295, 0.00201345933601, -0.00228329142556], [0.000181920375326, -0.000205186501262, 0.000470446626423, -0.000948210537899, 0.00209041917697, -0.00460171280429, 0.00676976889372, -0.00443925336003, 0.00190421298612, -0.000808804878034, 0.00221797148697, -0.00169881561305, 0.00147215940524], [-0.000283758621663, 7.77676614234e-05, -0.000573231722228, 0.000759701593779, -0.000790496706031, 0.00211291015148, -0.00443925336003, 0.00772873638198, -0.00584941683337, 0.0023516563233, -0.0017606082838, 0.000744387158193, -0.00081112224143], [0.000255781458691, -0.000225411757128, 0.000796763866674, -0.000723067088984, 0.000585126341321, -0.00112406979315, 0.00190421298612, -0.00584941683337, 0.0103788943961, -0.00706123746932, 0.00294165103696, 4.11321016145e-05, 0.000204148047487], [-0.000163136355695, 0.000382950529456, -0.00102499418426, 0.0011083020363, -0.00133518595248, 0.0014018464135, -0.000808804878034, 0.0023516563233, -0.00706123746932, 0.0108887525275, -0.00689960829914, 0.00137032417115, 0.000142476666952], [0.00021357931837, -0.000494014821015, 0.000813780701719, -0.00132995774038, 0.001709178905, -0.00213596760295, 0.00221797148697, -0.0017606082838, 0.00294165103696, -0.00689960829914, 0.0104978121817, -0.00628043664619, 0.00205607246608], [-0.000209136895137, 0.000381456251489, -0.00046588879195, 0.000732255808543, -0.00120942445938, 0.00201345933601, -0.00169881561305, 0.000744387158193, 4.11321016145e-05, 0.00137032417115, -0.00628043664619, 0.0101928999647, -0.00592531403527], [0.000221165377297, -3.96302239096e-05, 0.000280699954601, -0.000368866603822, 0.0011706413934, -0.00228329142556, 0.00147215940524, -0.00081112224143, 0.000204148047487, 0.000142476666952, 0.00205607246608, -0.00592531403527, 0.00739903794602]]}, "spectral_contrast_coeffs": {"dmean": [0.0628468394279, 0.0674702227116, 0.0515830367804, 0.0369545146823, 0.0249774586409, 0.0216656662524], "dmean2": [0.0955382660031, 0.101206965744, 0.0802493691444, 0.0591203384101, 0.0409452207386, 0.0349015295506], "dvar": [0.00357625749893, 0.00465545337647, 0.00289173633792, 0.00139585090801, 0.000782672665082, 0.000584388850257], "dvar2": [0.00767438020557, 0.00984221231192, 0.00636518420652, 0.00329779554158, 0.00196416769177, 0.00142986606807], "max": [-0.15946161747, -0.247685447335, -0.308950304985, -0.41417196393, -0.516930520535, -0.542479515076], "mean": [-0.596974790096, -0.635195791721, -0.703419148922, -0.785758554935, -0.831290006638, -0.828497231007], "median": [-0.593477129936, -0.638884544373, -0.715401411057, -0.813403129578, -0.843290686607, -0.836478292942], "min": [-0.983709573746, -0.975370168686, -0.966293632984, -0.971454977989, -0.964511156082, -0.967350125313], "var": [0.0178828164935, 0.0191965736449, 0.0196914672852, 0.0110346861184, 0.00338678224944, 0.00234378245659]}, "spectral_contrast_valleys": {"dmean": [0.769060432911, 0.853260219097, 0.74181240797, 0.715461790562, 0.685760855675, 0.845889508724], "dmean2": [1.14776933193, 1.33156621456, 1.15089035034, 1.06420218945, 0.973118841648, 1.14331924915], "dvar": [0.665879964828, 0.976707816124, 0.759983241558, 0.763221263885, 0.794877707958, 1.18014788628], "dvar2": [1.26027882099, 2.05671048164, 1.55679404736, 1.5126