{"lowlevel": {"average_loudness": 0.938365936279, "barkbands_crest": {"dmean": 1.62291669846, "dmean2": 2.5031106472, "dvar": 3.00615882874, "dvar2": 7.56997013092, "max": 19.2939567566, "mean": 8.50077724457, "median": 7.8484711647, "min": 3.81615233421, "var": 8.36724948883}, "barkbands_flatness_db": {"dmean": 0.01363557484, "dmean2": 0.0192321203649, "dvar": 0.000186753619346, "dvar2": 0.000412404857343, "max": 0.398225218058, "mean": 0.161303788424, "median": 0.137124121189, "min": 0.0488072670996, "var": 0.00617660116404}, "barkbands_kurtosis": {"dmean": 1.9287147522, "dmean2": 2.89928030968, "dvar": 12.7091817856, "dvar2": 27.9169635773, "max": 77.5559921265, "mean": 3.64275074005, "median": 1.97126197815, "min": -1.79273760319, "var": 57.9388046265}, "barkbands_skewness": {"dmean": 0.347945123911, "dmean2": 0.51073795557, "dvar": 0.203272685409, "dvar2": 0.425288051367, "max": 6.74196815491, "mean": 1.47050845623, "median": 1.43975412846, "min": -2.209867239, "var": 1.10169422626}, "barkbands_spread": {"dmean": 3.26494765282, "dmean2": 4.91348075867, "dvar": 12.9327363968, "dvar2": 28.024766922, "max": 81.2672042847, "mean": 18.6997261047, "median": 19.4378433228, "min": 1.42527186871, "var": 96.6554031372}, "dissonance": {"dmean": 0.0190761331469, "dmean2": 0.0324345976114, "dvar": 0.000744771852624, "dvar2": 0.00204447144642, "max": 0.500000059605, "mean": 0.458495914936, "median": 0.473117798567, "min": 0.152786672115, "var": 0.00238558510318}, "dynamic_complexity": 4.67041158676, "erbbands_crest": {"dmean": 1.74241244793, "dmean2": 2.69273686409, "dvar": 2.60036373138, "dvar2": 6.18910551071, "max": 23.9889678955, "mean": 9.06436824799, "median": 7.70422649384, "min": 2.64564156532, "var": 22.2248592377}, "erbbands_flatness_db": {"dmean": 0.0136261954904, "dmean2": 0.0175875835121, "dvar": 0.000254793878412, "dvar2": 0.000445406505605, "max": 0.408022731543, "mean": 0.179582357407, "median": 0.159522846341, "min": 0.056015625596, "var": 0.00673932675272}, "erbbands_kurtosis": {"dmean": 0.559298694134, "dmean2": 0.810218989849, "dvar": 1.06657469273, "dvar2": 2.10838079453, "max": 54.6461219788, "mean": 0.873017072678, "median": -0.612994909286, "min": -1.55695521832, "var": 29.322183609}, "erbbands_skewness": {"dmean": 0.245419442654, "dmean2": 0.366881877184, "dvar": 0.0411961600184, "dvar2": 0.0890688449144, "max": 5.40412378311, "mean": 0.188687071204, "median": 0.0339540019631, "min": -1.29019391537, "var": 0.617340326309}, "erbbands_spread": {"dmean": 4.43418121338, "dmean2": 6.45017242432, "dvar": 24.1182556152, "dvar2": 49.8922424316, "max": 94.9803237915, "mean": 36.4760322571, "median": 39.1407623291, "min": 2.32463550568, "var": 284.18838501}, "hfc": {"dmean": 3.86687994003, "dmean2": 5.35572195053, "dvar": 26.1566963196, "dvar2": 51.1549339294, "max": 69.7613372803, "mean": 20.4322681427, "median": 20.8752174377, "min": 1.16154700083e-16, "var": 194.331375122}, "melbands_crest": {"dmean": 2.24041771889, "dmean2": 3.3281121254, "dvar": 4.82836437225, "dvar2": 11.5912857056, "max": 25.8353805542, "mean": 12.9786195755, "median": 12.5294952393, "min": 1.78906667233, "var": 14.3252763748}, "melbands_flatness_db": {"dmean": 0.0159741025418, "dmean2": 0.0224543530494, "dvar": 0.000287622824544, "dvar2": 0.000611990690231, "max": 0.522504627705, "mean": 0.239260002971, "median": 0.210638523102, "min": 0.00357201416045, "var": 0.0083354189992}, "melbands_kurtosis": {"dmean": 4.53041887283, "dmean2": 6.9479637146, "dvar": 91.0597915649, "dvar2": 214.02947998, "max": 135.644241333, "mean": 10.8464107513, "median": 7.99549770355, "min": -1.27944028378, "var": 157.671722412}, "melbands_skewness": {"dmean": 0.459366440773, "dmean2": 0.67660588026, "dvar": 0.419144421816, "dvar2": 0.911538004875, "max": 9.68398475647, "mean": 2.47993946075, "median": 2.59463977814, "min": -0.617556154728, "var": 2.0146048069}, "melbands_spread": {"dmean": 3.54867911339, "dmean2": 5.22587251663, "dvar": 24.1977615356, "dvar2": 36.8356628418, "max": 139.816589355, "mean": 17.5264530182, "median": 15.9625005722, "min": 2.3812661171, "var": 182.351745605}, "pitch_salience": {"dmean": 0.0522190593183, "dmean2": 0.0826869606972, "dvar": 0.00255738431588, "dvar2": 0.00629454338923, "max": 0.793313145638, "mean": 0.574063539505, "median": 0.576651215553, "min": 0.216296851635, "var": 0.00684118689969}, "silence_rate_20dB": {"dmean": 0, "dmean2": 0, "dvar": 0, "dvar2": 0, "max": 1, "mean": 1, "median": 1, "min": 1, "var": 0}, "silence_rate_30dB": {"dmean": 0.0525502301753, "dmean2": 0.105181746185, "dvar": 0.0497889146209, "dvar2": 0.10958597064, "max": 1, "mean": 0.954440176487, "median": 1, "min": 0, "var": 0.0434838682413}, "silence_rate_60dB": {"dmean": 0.00772797549143, "dmean2": 0.0154679045081, "dvar": 0.00766829121858, "dvar2": 0.0183222126216, "max": 1, "mean": 0.1135135144, "median": 0, "min": 0, "var": 0.100628107786}, "spectral_centroid": {"dmean": 151.667922974, "dmean2": 227.508453369, "dvar": 90429.046875, "dvar2": 116557.84375, "max": 11139.9775391, "mean": 1142.49597168, "median": 1165.76220703, "min": 388.579803467, "var": 315557.6875}, "spectral_complexity": {"dmean": 2.91653776169, "dmean2": 4.49651956558, "dvar": 8.22016239166, "dvar2": 17.4488010406, "max": 50, "mean": 22.5150585175, "median": 25, "min": 0, "var": 122.746780396}, "spectral_decrease": {"dmean": 3.00778046913e-09, "dmean2": 4.68433736245e-09, "dvar": 3.68470714061e-17, "dvar2": 8.69337045291e-17, "max": 4.49783697376e-19, "mean": -1.01320978274e-08, "median": -9.77934622171e-09, "min": -5.55157164683e-08, "var": 6.95735525169e-17}, "spectral_energy": {"dmean": 0.0115860924125, "dmean2": 0.0180017016828, "dvar": 0.000539954344276, "dvar2": 0.00127137743402, "max": 0.213498815894, "mean": 0.0400941409171, "median": 0.0388555414975, "min": 1.03746680715e-20, "var": 0.00105473655276}, "spectral_energyband_high": {"dmean": 0.000219160123379, "dmean2": 0.000286478432827, "dvar": 1.50891509065e-07, "dvar2": 2.7576049888e-07, "max": 0.00389535073191, "mean": 0.000512273691129, "median": 0.000281753396848, "min": 7.67071804664e-21, "var": 4.43079329671e-07}, "spectral_energyband_low": {"dmean": 0.00919660739601, "dmean2": 0.014214402996, "dvar": 0.000498475099448, "dvar2": 0.00119060813449, "max": 0.194609209895, "mean": 0.0205775704235, "median": 0.0158407706767, "min": 5.79509337879e-23, "var": 0.00065136491321}, "spectral_energyband_middle_high": {"dmean": 0.000962189573329, "dmean2": 0.00139673193917, "dvar": 1.18386697068e-06, "dvar2": 2.5084709705e-06, "max": 0.020981753245, "mean": 0.00535086821765, "median": 0.00550273433328, "min": 1.32255355513e-21, "var": 1.44209034261e-05}, "spectral_energyband_middle_low": {"dmean": 0.00436777435243, "dmean2": 0.00696616526693, "dvar": 5.36636543984e-05, "dvar2": 0.000133615598315, "max": 0.0964951515198, "mean": 0.0152775943279, "median": 0.0143683226779, "min": 3.03180803867e-22, "var": 0.000128199477331}, "spectral_entropy": {"dmean": 0.0936974585056, "dmean2": 0.134500473738, "dvar": 0.010428423062, "dvar2": 0.0192563962191, "max": 9.78529453278, "mean": 7.2876329422, "median": 7.53138637543, "min": 4.9678940773, "var": 0.54306012392}, "spectral_flux": {"dmean": 0.0216070078313, "dmean2": 0.0350607223809, "dvar": 0.00119110383093, "dvar2": 0.00293015991338, "max": 0.350867301226, "mean": 0.0720777884126, "median": 0.0624776184559, "min": 1.01856113821e-10, "var": 0.00300030340441}, "spectral_kurtosis": {"dmean": 4.2976808548, "dmean2": 7.47950124741, "dvar": 78.5184783936, "dvar2": 246.296722412, "max": 138.421127319, "mean": 13.305727005, "median": 4.3447432518, "min": -1.20103299618, "var": 586.297424316}, "spectral_rms": {"dmean": 0.000711282540578, "dmean2": 0.00107019743882, "dvar": 1.33519506562e-06, "dvar2": 2.99977432405e-06, "max": 0.0144323082641, "mean": 0.00561862625182, "median": 0.0061569348909, "min": 3.18145054572e-12, "var": 7.54730217523e-06}, "spectral_rolloff": {"dmean": 280.396850586, "dmean2": 438.508544922, "dvar": 368679.03125, "dvar2": 458679.09375, "max": 19918.2128906, "mean": 1134.95654297, "median": 732.12890625, "min": 107.666015625, "var": 3848838}, "spectral_skewness": {"dmean": 0.336705297232, "dmean2": 0.571069717407, "dvar": 0.237098515034, "dvar2": 0.758168816566, "max": 9.77325153351, "mean": 2.11915540695, "median": 1.4965184927, "min": -0.0128257609904, "var": 2.86247634888}, "spectral_spread": {"dmean": 468153.1875, "dmean2": 629611.875, "dvar": 1411488677890.0, "dvar2": 1784809652220.0, "max": 40363012, "mean": 3628045.5, "median": 3412578.25, "min": 645720.875, "var": 3827985285120.0}, "spectral_strongpeak": {"dmean": 0.232947066426, "dmean2": 0.415715038776, "dvar": 0.0948256999254, "dvar2": 0.238990500569, "max": 2.59320259094, "mean": 0.430237472057, "median": 0.259677112103, "min": 0, "var": 0.169136419892}, "zerocrossingrate": {"dmean": 0.00624577375129, "dmean2": 0.00758818536997, "dvar": 0.000156093999976, "dvar2": 0.000130132044433, "max": 0.51416015625, "mean": 0.0489536821842, "median": 0.04296875, "min": 0.013671875, "var": 0.00246620271355}, "barkbands": {"dmean": [0.000128075538669, 0.00588996428996, 0.00366917136125, 0.0015720265219, 0.00268121063709, 0.000795932952315, 0.000937341537792, 0.000358585239155, 0.000597435748205, 0.000333793344907, 0.000221528534894, 0.000126866274513, 0.000142632052302, 0.000127027829876, 0.00029162602732, 0.000378456199542, 0.000246755516855, 9.36363649089e-05, 0.000142765231431, 8.24337039376e-05, 5.6158634834e-05, 4.13802263211e-05, 2.38464836002e-05, 2.79858286376e-05, 4.40989024355e-05, 2.88622286462e-05, 5.85613270232e-06], "dmean2": [0.000190781924175, 0.00960724707693, 0.00562885263935, 0.00243520317599, 0.00448566814885, 0.00114542071242, 0.00149181229062, 0.000519574212376, 0.000867400085554, 0.000478799513076, 0.000312937278068, 0.000200816095457, 0.000228657198022, 0.000192884923308, 0.000448724866146, 0.000611428637058, 0.000391517882235, 0.000149330939166, 0.000224352581427, 0.000124968661112, 7.34902423574e-05, 5.76534876018e-05, 3.17980629916e-05, 4.23607816629e-05, 6.0620073782e-05, 4.66388373752e-05, 9.57489100983e-06], "dvar": [1.24787547406e-07, 0.000227381926379, 7.8977602243e-05, 7.15259966455e-06, 2.51618021139e-05, 1.42406372561e-06, 1.33833350446e-06, 3.09762157258e-07, 8.55667906308e-07, 1.80097686098e-07, 1.45917326222e-07, 3.44767805416e-08, 3.98342692165e-08, 3.40455628134e-08, 1.50534987142e-07, 2.82264380758e-07, 1.34861309675e-07, 1.32731203806e-08, 3.55888332138e-08, 1.75554166759e-08, 1.16357803392e-08, 7.82673215127e-09, 2.12190287563e-09, 3.07654435261e-09, 8.81182682377e-09, 5.79049341809e-09, 2.4302732049e-10], "dvar2": [2.46449701535e-07, 0.000584089953918, 0.000192654319108, 1.72732270585e-05, 6.48288623779e-05, 3.34835249305e-06, 4.0043255467e-06, 6.4752742901e-07, 2.12198256122e-06, 3.54204360065e-07, 2.61653525513e-07, 8.64032330128e-08, 8.97945966472e-08, 7.36727372441e-08, 3.3570057667e-07, 6.93606295954e-07, 3.43580154549e-07, 3.40377823704e-08, 9.11791673275e-08, 3.90868528655e-08, 1.77555250502e-08, 1.63365641015e-08, 3.78048214955e-09, 7.40845385039e-09, 1.99385006283e-08, 1.4347769195e-08, 5.99383098709e-10], "max": [0.00413499493152, 0.144698292017, 0.0814505517483, 0.0243626460433, 0.055434115231, 0.0304356925189, 0.0134810777381, 0.0110805286095, 0.0118985176086, 0.00845705997199, 0.00568050798029, 0.0024248464033, 0.00323464372195, 0.00222048070282, 0.00478506833315, 0.00824475474656, 0.00615895353258, 0.00150900310837, 0.00319171673618, 0.00150488503277, 0.0012644509552, 0.00100728718098, 0.000537780346349, 0.000489760132041, 0.000665264436975, 0.000591674761381, 0.00011208900105], "mean": [0.000263278168859, 0.0106877451763, 0.00803452730179, 0.00290544400923, 0.00526511343196, 0.00237331050448, 0.00237198593095, 0.000809736258816, 0.00148774194531, 0.000824759539682, 0.000494985783007, 0.000293093413347, 0.000296638900181, 0.000302396452753, 0.000834103731904, 0.000900602259208, 0.000613707408775, 0.000251843157457, 0.000428310362622, 0.000228572534979, 0.000127560910187, 8.64862013259e-05, 5.57252569706e-05, 5.97944999754e-05, 6.6236796556e-05, 2.52578593063e-05, 5.22030086358e-06], "median": [0.000213348408579, 0.00750325992703, 0.00580009398982, 0.00211988901719, 0.00348973833025, 0.00136565335561, 0.0019174052868, 0.000451345433248, 0.000975781236775, 0.000481390685309, 0.000159096147399, 0.000193644911633, 0.000230130332056, 0.000175076173036, 0.000568952294998, 0.000599470804445, 0.00046097903396, 0.00021954413387, 0.000381591817131, 0.000187310492038, 6.36892509647e-05, 4.05948630942e-05, 3.03566266666e-05, 2.97840324492e-05, 1.42235612657e-05, 3.89617298424e-07, 3.0516208227e-08], "min": [2.40537889498e-23, 2.94571516736e-23, 1.88509641345e-23, 1.16345931579e-23, 8.2613754911e-23, 4.04191533462e-23, 3.76186466455e-23, 3.52479713195e-23, 9.21964459126e-23, 5.17653271242e-23, 4.85636562543e-23, 5.19508672091e-23, 1.28282616654e-22, 6.28605831809e-23, 9.76264468914e-23, 1.42541220718e-22, 1.60398065495e-22, 1.91408427493e-22, 2.39474441889e-22, 3.33516229096e-22, 4.20437871369e-22, 6.36113503086e-22, 6.06259472335e-22, 8.3815797177e-22, 1.06067223236e-21, 1.86822275442e-21, 2.18361020261e-21], "var": [1.81481325967e-07, 0.000243337548454, 9.63593774941e-05, 1.09745051304e-05, 3.97364965465e-05, 1.17172485261e-05, 4.3375016503e-06, 1.2159034668e-06, 2.58061209024e-06, 1.09849565888e-06, 5.61444664982e-07, 1.03902202397e-07, 9.09156128159e-08, 1.33076326847e-07, 8.37343122839e-07, 1.14584202038e-06, 4.41607625135e-07, 5.22273531089e-08, 1.530862761e-07, 5.74926772856e-08, 3.64935530683e-08, 1.83588291236e-08, 5.95167692907e-09, 6.02826988327e-09, 1.34395374829e-08, 5.03961850029e-09, 2.15516576807e-10]}, "erbbands": {"dmean": [0.109988555312, 1.60602831841, 4.63272953033, 4.32285070419, 7.50913858414, 10.0640935898, 5.94353628159, 7.69962024689, 12.3246002197, 11.301779747, 8.68585968018, 12.6365232468, 7.1031999588, 11.8830966949, 6.82372617722, 4.42881679535, 6.6481294632, 7.36174678802, 10.7855997086, 15.3350076675, 24.6674594879, 14.6459560394, 4.8043718338, 4.85558652878, 7.80088615417, 3.80752658844, 2.62137961388, 1.89820539951, 1.5020929575, 1.13557779789, 0.621356844902, 0.485392779112, 0.580665767193, 0.489001601934, 0.337658017874, 0.143973991275, 0.0466732792556, 0.0102648492903, 0.00111071369611, 4.12443150708e-05], "dmean2": [0.178927853703, 2.60617756844, 7.06976175308, 6.41306495667, 12.5404310226, 17.0220794678, 9.55878162384, 11.138671875, 19.9747219086, 17.6215190887, 12.2895498276, 18.4088573456, 10.8071737289, 16.3803081512, 9.54988956451, 7.11604690552, 10.4934673309, 11.1906795502, 17.3175258636, 23.3809280396, 39.5890350342, 23.3311233521, 7.73537731171, 7.65003108978, 12.3263587952, 5.77581357956, 3.63087534904, 2.45721721649, 2.079631567, 1.51960504055, 0.844282627106, 0.771745979786, 0.850674569607, 0.646576762199, 0.510571479797, 0.231025502086, 0.0743886381388, 0.0169148668647, 0.00180752261076, 6.45266918582e-05], "dvar": [0.0643578842282, 17.2279491425, 136.213043213, 56.1579055786, 301.544586182, 256.645019531, 66.3926086426, 162.626083374, 236.508300781, 384.281097412, 179.398925781, 377.926940918, 98.7373199463, 238.837524414, 112.219055176, 46.5242843628, 89.5566635132, 122.790161133, 230.155715942, 634.145019531, 1279.88696289, 536.926391602, 32.2776947021, 32.2716789246, 124.703437805, 32.9888458252, 22.7368164062, 15.5064401627, 10.626200676, 5.57932567596, 1.23165106773, 1.09522259235, 1.18544197083, 0.848678469658, 0.744531154633, 0.139596641064, 0.0144283464178, 0.000804097333457, 8.29907548905e-06, 8.57426663003e-09], "dvar2": [0.165744885802, 45.013999939, 326.251037598, 129.744277954, 763.665039062, 696.120361328, 174.795425415, 377.442840576, 710.321228027, 1035.57043457, 364.141143799, 935.977172852, 244.997421265, 420.826385498, 189.000778198, 119.571136475, 197.537338257, 268.381011963, 535.208312988, 1332.64916992, 3168.70605469, 1358.85754395, 85.0818634033, 83.1002578735, 316.858184814, 72.1611862183, 41.4529418945, 22.7235927582, 21.2868099213, 11.0880737305, 2.1102540493, 2.99108695984, 2.51489496231, 1.75276196003, 1.81850552559, 0.34556043148, 0.0352340340614, 0.00202063005418, 2.00908471015e-05, 2.01029397573e-08], "max": [2.38403105736, 38.1915245056, 96.6147918701, 80.731300354, 222.437759399, 209.862228394, 124.407066345, 353.695404053, 188.585464478, 248.044235229, 227.225387573, 265.020568848, 141.591842651, 301.668609619, 161.007278442, 92.4075698853, 159.098754883, 131.010375977, 278.809906006, 367.292663574, 557.959655762, 400.643096924, 71.4810028076, 87.3472747803, 154.766891479, 64.4309082031, 52.5928573608, 46.8862075806, 35.9854812622, 25.5729694366, 12.0222616196, 9.00878238678, 10.8520469666, 7.33321332932, 6.94532489777, 3.12825393677, 0.765205264091, 0.2131844908, 0.0192673075944, 0.000666488835122], "mean": [0.237770915031, 2.69366455078, 9.41083526611, 9.27525901794, 12.8040237427, 19.7722759247, 15.105881691, 23.2145786285, 31.4135169983, 30.3379096985, 21.328874588, 32.8771820068, 18.5940589905, 33.6180305481, 17.7481498718, 10.8684587479, 14.9154052734, 17.6853294373, 29.3120536804, 41.4199104309, 61.1217842102, 37.794380188, 14.618598938, 16.1153469086, 22.9042644501, 11.101023674, 6.24338197708, 4.03455209732, 3.09102606773, 2.31584811211, 1.57979726791, 0.987274169922, 1.28725230694, 0.910196900368, 0.347682863474, 0.130931302905, 0.0413838475943, 0.00881579890847, 0.0010196386138, 7.35733992769e-05], "median": [0.15159279108, 1.84990155697, 6.74227714539, 7.55928516388, 7.96923351288, 11.3247871399, 10.821472168, 11.8913564682, 23.8290061951, 19.9747276306, 13.492269516, 19.1502761841, 15.1272172928, 21.4030208588, 10.2585391998, 7.80114793777, 11.7722539902, 10.5703020096, 18.7650547028, 25.5016841888, 42.0769615173, 28.2459926605, 13.6298856735, 15.8952436447, 19.5905990601, 9.10912418365, 3.84783291817, 1.81699430943, 1.35849630833, 1.03618490696, 0.968833446503, 0.581479072571, 0.577181339264, 0.278112530708, 0.0218977537006, 0.00325912982225, 0.000595050514676, 9.12963296287e-05, 2.9642118534e-05, 4.79937079945e-05], "min": [6.54226052392e-22, 7.44396796901e-21, 2.13027732872e-20, 3.22104421334e-20, 2.46607175075e-19, 2.12364870395e-19, 1.07391734479e-19, 3.44955072498e-19, 6.56277343181e-19, 3.88451279335e-19, 1.18250410969e-18, 2.14485947602e-18, 1.60440964907e-18, 1.99641364329e-18, 1.62794128314e-18, 2.46519757594e-18, 5.14517921537e-18, 4.03342655181e-18, 5.23965647621e-18, 6.68991212594e-18, 6.72594287265e-18, 9.28396252102e-18, 1.11357568691e-17, 8.45336896126e-18, 1.48032738731e-17, 1.58106839062e-17, 1.69196717186e-17, 1.68641331579e-17, 2.05165855486e-17, 2.30210833026e-17, 1.64253816717e-17, 1.88001113313e-17, 1.25241497488e-17, 1.07653884042e-17, 7.94250469649e-18, 5.66865053985e-18, 4.07734239771e-18, 1.31345641663e-18, 3.47263578491e-19, 3.00111756798e-20], "var": [0.0948562771082, 16.9484195709, 159.744262695, 93.302192688, 326.157043457, 618.246887207, 238.590438843, 1398.58911133, 824.479125977, 1184.91772461, 597.368408203, 1421.51049805, 293.143707275, 1535.23498535, 471.705657959, 127.280487061, 220.11857605, 460.614868164, 1450.83276367, 2944.36669922, 5152.85400391, 1761.7824707, 145.149429321, 171.051269531, 475.203125, 125.217422485, 70.8554153442, 45.0409851074, 25.8634166718, 13.2456140518, 3.95992779732, 1.63413012028, 2.74568128586, 1.87494194508, 0.728822767735, 0.124444909394, 0.0130552332848, 0.000668809516355, 7.64717788115e-06, 1.00216484e-08]}, "gfcc": {"mean": [-45.4146842957, 135.060043335, -115.646080017, 35.646484375, -48.1163291931, 1.81666278839, -35.8181304932, 10.4267663956, -10.3166570663, -4.65061855316, -9.55576324463, -9.76841926575, -1.21584975719], "cov": [[44970.109375, -2564.3046875, -3460.90917969, 3982.10498047, 515.567687988, 3012.29760742, -353.646636963, 1029.70532227, -1144.86193848, -504.863128662, -179.68347168, -72.8540802002, 256.878723145], [-2564.3046875, 2880.91235352, -521.891723633, -699.950561523, -14.0717468262, -638.485778809, 287.223114014, -368.8046875, 353.298065186, -200.44291687, 231.684677124, -183.10168457, 144.073455811], [-3460.90917969, -521.891723633, 992.730957031, -410.867889404, -20.1118240356, -194.940734863, -86.1753921509, 49.6948852539, -30.069606781, 227.657150269, -168.390640259, 133.200531006, -136.88684082], [3982.10498047, -699.950561523, -410.867889404, 746.507629395, 2.60128235817, 413.947601318, -126.492851257, 152.423126221, -100.008453369, -93.1206130981, 41.6505622864, -58.5495452881, 53.3387374878], [515.567687988, -14.0717468262, -20.1118240356, 2.60128235817, 121.20639801, 46.704826355, 29.7170085907, 14.790772438, -26.8869628906, 0.350526541471, -9.30476856232, 21.0595245361, -0.693648517132], [3012.29760742, -638.485778809, -194.940734863, 413.947601318, 46.704826355, 373.910247803, -60.6272468567, 136.851303101, -120.948280334, -37.2252388, -12.9025325775, -3.4523434639, 21.7377090454], [-353.646636963, 287.223114014, -86.1753921509, -126.492851257, 29.7170085907, -60.6272468567, 126.912033081, -45.1482086182, 37.8927764893, -10.9664764404, 16.1594657898, -1.35757863522, 9.33249282837], [1029.70532227, -368.8046875, 49.6948852539, 152.423126221, 14.790772438, 136.851303101, -45.1482086182, 120.618736267, -46.3206977844, 15.1649589539, -39.0298538208, 14.0677251816, -12.0866374969], [-1144.86193848, 353.298065186, -30.069606781, -100.008453369, -26.8869628906, -120.948280334, 37.8927764893, -46.3206977844, 106.684494019, -11.466258049, 45.8867607117, -36.1621856689, 15.5427980423], [-504.863128662, -200.44291687, 227.657150269, -93.1206130981, 0.350526541471, -37.2252388, -10.9664764404, 15.1649589539, -11.466258049, 107.815795898, -49.0805664062, 55.3249359131, -52.4275627136], [-179.68347168, 231.684677124, -168.390640259, 41.6505622864, -9.30476856232, -12.9025325775, 16.1594657898, -39.0298538208, 45.8867607117, -49.0805664062, 109.419807434, -39.0420341492, 37.8480262756], [-72.8540802002, -183.10168457, 133.200531006, -58.5495452881, 21.0595245361, -3.4523434639, -1.35757863522, 14.0677251816, -36.1621856689, 55.3249359131, -39.0420341492, 79.1067352295, -26.465511322], [256.878723145, 144.073455811, -136.88684082, 53.3387374878, -0.693648517132, 21.7377090454, 9.33249282837, -12.0866374969, 15.5427980423, -52.4275627136, 37.8480262756, -26.465511322, 60.4058990479]], "icov": [[0.000160291951033, -0.000458276859717, 0.000427366001531, -0.000558801402804, 5.07153054059e-05, -0.000755721121095, 0.000141117256135, -0.000481903087348, 0.00113759504166, -0.000801496091299, 0.000687780033331, -0.000446599966381, 0.000412629102357], [-0.000458276859717, 0.00299010309391, -0.000148916908074, 0.00291065545753, -0.00107816094533, 0.00406950293109, -0.000485343771288, 0.00137192942202, -0.00430731102824, 0.0030649129767, -0.00229466566816, 0.00296349171549, -0.00271321064793], [0.000427366001531, -0.000148916908074, 0.00566937634721, 0.00151374714915, -0.00046319924877, 0.000259455904597, 0.00380276585929, -0.00426163431257, 0.00295507675037, -0.00555696617812, 0.00285580311902, -0.00045938079711, 0.000935726915486], [-0.000558801402804, 0.00291065545753, 0.00151374714915, 0.00931896083057, -0.000148638908286, -0.000465443474241, 0.00418393220752, -0.000891976465937, -0.00539242941886, 0.00266761565581, -0.0036439509131, 0.00391444331035, -0.0023223280441], [5.07153054059e-05, -0.00107816094533, -0.00046319924877, -0.000148638908286, 0.0110953263938, -0.00313925463706, -0.00313422898762, -0.000914908596314, 0.00252778246067, 0.000382139289286, -0.000154977664351, -0.00353973568417, 0.0012231915025], [-0.000755721121095, 0.00406950293109, 0.000259455904597, -0.000465443474241, -0.00313925463706, 0.0205763541162, -0.0032788051758, -0.00644119922072, 0.00461301300675, 0.00223717209883, -0.00518312864006, 0.00644588377327, -0.00688996678218], [0.000141117256135, -0.000485343771288, 0.00380276585929, 0.00418393220752, -0.00313422898762, -0.0032788051758, 0.0161146912724, 0.000357196608093, -0.00418044393882, -0.00163108750712, 0.00224720104598, -0.00261808652431, 0.00131122150924], [-0.000481903087348, 0.00137192942202, -0.00426163431257, -0.000891976465937, -0.000914908596314, -0.00644119922072, 0.000357196608093, 0.0237451344728, -0.010508001782, 0.00424714758992, 0.0034006848, -0.000832954014186, 0.000805094663519], [0.00113759504166, -0.00430731102824, 0.00295507675037, -0.00539242941886, 0.00252778246067, 0.00461301300675, -0.00418044393882, -0.010508001782, 0.0370508357882, -0.0131296832114, -0.00282713701017, 0.00746437674388, -0.00208116229624], [-0.000801496091299, 0.0030649129767, -0.00555696617812, 0.00266761565581, 0.000382139289286, 0.00223717209883, -0.00163108750712, 0.00424714758992, -0.0131296832114, 0.0330251641572, -0.00212136469781, -0.009710569866, 0.0105674602091], [0.000687780033331, -0.00229466566816, 0.00285580311902, -0.0036439509131, -0.000154977664351, -0.00518312864006, 0.00224720104598, 0.0034006848, -0.00282713701017, -0.00212136469781, 0.0206989049911, -0.00282418029383, -0.000886167865247], [-0.000446599966381, 0.00296349171549, -0.00045938079711, 0.00391444331035, -0.00353973568417, 0.00644588377327, -0.00261808652431, -0.000832954014186, 0.00746437674388, -0.009710569866, -0.00282418029383, 0.0305618736893, -0.00697804568335], [0.000412629102357, -0.00271321064793, 0.000935726915486, -0.0023223280441, 0.0012231915025, -0.00688996678218, 0.00131122150924, 0.000805094663519, -0.00208116229624, 0.0105674602091, -0.000886167865247, -0.00697804568335, 0.0350994654]]}, "melbands": {"dmean": [0.00124529539607, 0.00234515964985, 0.000806435011327, 0.000650406407658, 0.000251517369179, 0.000162411379279, 0.000188033169252, 0.000112021865789, 8.25291863293e-05, 7.47649028199e-05, 3.72166468878e-05, 5.14993989782e-05, 3.08235539705e-05, 1.07052928797e-05, 1.77480997081e-05, 1.48523768075e-05, 1.27853982121e-05, 1.65868495969e-05, 1.82426556421e-05, 2.06462100323e-05, 2.94173732982e-05, 1.98249017558e-05, 4.38837787442e-06, 5.57004386792e-06, 4.13487896367e-06, 7.72127077653e-06, 4.18774470745e-06, 2.48820015258e-06, 1.84003965842e-06, 1.53433779815e-06, 1.03556453723e-06, 8.94971037724e-07, 8.61780335981e-07, 5.87400904806e-07, 3.91199506566e-07, 3.04347906877e-07, 3.29694813672e-07, 4.51037635685e-07, 4.44865492e-07, 3.98445280325e-07], "dmean2": [0.00203905836679, 0.00361623265781, 0.00119918654673, 0.00109215825796, 0.000412478198996, 0.000234973616898, 0.00030199464527, 0.000171301609953, 0.000117501018394, 0.00010841715266, 5.66070739296e-05, 7.1132388257e-05, 4.28329512943e-05, 1.64327502716e-05, 2.88409992208e-05, 2.30748264585e-05, 1.9566508854e-05, 2.65016515186e-05, 2.84849174932e-05, 3.18931051879e-05, 4.73577965749e-05, 3.15554680128e-05, 7.13965573595e-06, 8.99620044947e-06, 6.69618566462e-06, 1.21037292047e-05, 6.79323193253e-06, 3.88506987292e-06, 2.65702306024e-06, 2.14366923501e-06, 1.43591353208e-06, 1.3080567669e-06, 1.20857043839e-06, 8.12778296222e-07, 5.46197156837e-07, 4.484558076e-07, 5.51474329313e-07, 6.90890658461e-07, 5.97088046561e-07, 5.40068526789e-07], "dvar": [9.66154766502e-06, 3.42371859006e-05, 1.87563773579e-06, 1.68107453646e-06, 1.25659610717e-07, 6.79931346781e-08, 5.21170306911e-08, 3.57642342408e-08, 1.83641635232e-08, 1.16457927746e-08, 2.58611532189e-09, 4.50987691636e-09, 2.6793414154e-09, 2.69077482518e-10, 6.65556498802e-10, 3.84428405775e-10, 3.74927450197e-10, 5.2413939855e-10, 6.22290052821e-10, 7.39842909159e-10, 1.77316272776e-09, 1.07647268877e-09, 2.73528977246e-11, 5.70680898371e-11, 2.33978947328e-11, 1.22274884662e-10, 4.69307925854e-11, 1.39710023064e-11, 1.0931067683e-11, 8.63553499542e-12, 4.89895363859e-12, 4.01979881673e-12, 3.8706871909e-12, 1.58571983669e-12, 4.54033593491e-13, 3.26463980632e-13, 6.34235231608e-13, 7.04395472072e-13, 5.83525632328e-13, 6.19316989185e-13], "dvar2": [2.45878745773e-05, 8.31571596791e-05, 4.44667421107e-06, 4.33611148765e-06, 3.36548310997e-07, 1.57094049769e-07, 1.54064437652e-07, 9.56041503741e-08, 4.24450838921e-08, 2.85433845448e-08, 6.46847242436e-09, 7.83724285469e-09, 4.49237669287e-09, 6.15428041861e-10, 1.62112911983e-09, 8.63707549925e-10, 8.23921653126e-10, 1.21635856942e-09, 1.45621770198e-09, 1.60445645658e-09, 4.43902115066e-09, 2.71314237743e-09, 7.10574168949e-11, 1.42878237019e-10, 6.36972002921e-11, 3.01019958959e-10, 1.17845483372e-10, 3.08439940255e-11, 2.2214124637e-11, 1.61572769053e-11, 7.52591391984e-12, 8.93907864397e-12, 8.3973340434e-12, 3.39558849788e-12, 8.46265386326e-13, 6.78236438366e-13, 1.8580820476e-12, 1.58397557223e-12, 1.10626015726e-12, 1.26821383256e-12], "max": [0.0311991982162, 0.0495691001415, 0.0143762454391, 0.0148687837645, 0.0038535988424, 0.00710819847882, 0.00292973965406, 0.00261046155356, 0.00161344185472, 0.00142876035534, 0.000707327271812, 0.00134892808273, 0.000804619281553, 0.000330291164573, 0.000332124851411, 0.000221920738113, 0.000220830290345, 0.000410047912737, 0.000317180674756, 0.000343767373124, 0.000646598520689, 0.000563615933061, 5.41681001778e-05, 0.000103805417893, 6.09467751929e-05, 0.000203009301913, 7.88013931015e-05, 4.02961086365e-05, 4.20073665737e-05, 3.10369759973e-05, 2.91084452329e-05, 2.05800661206e-05, 2.56463936239e-05, 1.49944689838e-05, 6.53331562717e-06, 6.04162005402e-06, 6.92236653776e-06, 7.92227729107e-06, 6.78469450577e-06, 6.40636835669e-06], "mean": [0.00256568752229, 0.0045256591402, 0.00173837319016, 0.0012025272008, 0.000624913373031, 0.000485404452775, 0.000495251384564, 0.000297893537208, 0.000192713952856, 0.000195550572244, 9.11621464184e-05, 0.000141448224895, 7.20247990103e-05, 2.67132854788e-05, 3.49140937033e-05, 3.47351960954e-05, 2.88359078695e-05, 4.13255766034e-05, 4.96176435263e-05, 5.529416012e-05, 6.89668668201e-05, 4.57520582131e-05, 1.18129901239e-05, 1.40515403473e-05, 1.1481745787e-05, 2.05109190574e-05, 1.10875153041e-05, 6.26044902674e-06, 3.91015919377e-06, 3.17250282933e-06, 2.03616718863e-06, 1.71676788341e-06, 1.7068877014e-06, 1.10527912511e-06, 9.13555879833e-07, 6.89921762387e-07, 5.71854741338e-07, 8.9988026275e-07, 9.86155896499e-07, 6.65707375447e-07], "median": [0.0019272363279, 0.00330651504919, 0.00142253050581, 0.000786331598647, 0.000417825533077, 0.000259018823272, 0.000395804119762, 0.00019358402642, 0.000113823902211, 0.000128074170789, 7.13881163392e-05, 8.76033373061e-05, 3.07775153487e-05, 1.72891777765e-05, 2.15111249418e-05, 2.50397606578e-05, 1.56403839355e-05, 2.22627204494e-05, 3.47872337443e-05, 3.79116463591e-05, 4.50786865258e-05, 2.88731334877e-05, 1.07796213342e-05, 1.12402431114e-05, 1.12441439342e-05, 1.61376592587e-05, 9.17578199733e-06, 4.83054964207e-06, 2.42181431531e-06, 1.53682310611e-06, 7.66710854805e-07, 7.27457575067e-07, 7.61726653309e-07, 4.54307723885e-07, 5.4603128774e-07, 4.08910210581e-07, 3.37864918265e-07, 4.29084394682e-07, 4.01623054813e-07, 1.56195710588e-07], "min": [8.04896554158e-24, 1.12275606523e-23, 1.07170982269e-23, 2.0559621078e-23, 4.03466183748e-24, 8.70486867439e-24, 9.77621672547e-24, 4.11141484811e-24, 1.10362997481e-23, 1.35332874823e-23, 8.29218240271e-24, 8.30398612844e-24, 6.11982513052e-24, 5.33261925548e-24, 6.68166922216e-24, 1.43613232201e-23, 6.52672589632e-24, 7.7818951044e-24, 8.5446194701e-24, 9.75157902168e-24, 7.28370577692e-24, 9.94564748183e-24, 9.65409474645e-24, 9.12929950723e-24, 6.49110567101e-24, 7.91883977982e-24, 1.21320023019e-23, 1.04872154816e-23, 1.09921369481e-23, 1.06999894116e-23, 9.01555996419e-24, 9.76952008524e-24, 1.61105134146e-23, 1.22092933157e-23, 8.69960145013e-24, 1.13301275583e-23, 1.09952497932e-23, 7.64606745601e-24, 9.25745863875e-24, 9.08448747465e-24], "var": [1.17293384392e-05, 3.891983215e-05, 3.13144528263e-06, 2.33948640016e-06, 4.30644490734e-07, 5.82881057198e-07, 1.88550316693e-07, 1.15026452363e-07, 4.85480668999e-08, 4.40358363107e-08, 7.53962492439e-09, 2.93713444677e-08, 1.08272208976e-08, 1.03261799111e-09, 1.6060236474e-09, 1.25421750763e-09, 1.35050426397e-09, 3.2443063791e-09, 2.85589263349e-09, 3.42920247753e-09, 6.88352219669e-09, 3.41541306348e-09, 9.94751364614e-11, 2.08139380731e-10, 8.80176417861e-11, 4.71727157336e-10, 1.27732727173e-10, 4.5469024379e-11, 2.95255972449e-11, 2.24015059974e-11, 1.35844252513e-11, 8.23924869303e-12, 7.89585237471e-12, 3.21488213655e-12, 1.33007027701e-12, 8.27520289706e-13, 6.56934630392e-13, 1.38888239017e-12, 1.74792710687e-12, 1.2142668598e-12]}, "mfcc": {"mean": [-661.828063965, 142.891799927, 2.01833820343, 28.6771316528, 13.2525701523, -4.69209289551, -2.31173110008, 1.5286192894, 5.65683269501, 6.65660429001, -3.14007639885, -2.49344921112, 5.49535226822], "cov": [[22852.5214844, 25.9601650238, -1458.57568359, 1293.52172852, 1105.43359375, 647.587890625, 782.543762207, 673.310546875, 476.7762146, 288.701141357, -191.011459351, -380.868164062, -63.901348114], [25.9601650238, 2096.39575195, -217.823699951, -146.064483643, -146.685958862, -178.143707275, -111.39553833, -59.0357589722, -29.4193153381, 17.8339748383, -42.4822654724, 12.9713888168, 49.072063446], [-1458.57568359, -217.823699951, 530.008239746, -113.936027527, -64.5762023926, -58.9888076782, -73.0008392334, -82.6950073242, -7.97687244415, -27.1391525269, 36.638217926, 30.8465480804, 11.0373067856], [1293.52172852, -146.064483643, -113.936027527, 228.238311768, 77.5947494507, 53.9976768494, 24.1189670563, 41.3491973877, 14.3360624313, 22.0581531525, 0.865084409714, -5.59477519989, -2.14907884598], [1105.43359375, -146.685958862, -64.5762023926, 77.5947494507, 157.438690186, 42.5811767578, 66.6449050903, 38.7868995667, 17.5989055634, 8.80901908875, -9.30072021484, -22.1436805725, -6.55015802383], [647.587890625, -178.143707275, -58.9888076782, 53.9976768494, 42.5811767578, 80.4663543701, 39.7577667236, 24.2014255524, 14.1091032028, 0.512901842594, -1.74529194832, -10.3176755905, -8.24246311188], [782.543762207, -111.39553833, -73.0008392334, 24.1189670563, 66.6449050903, 39.7577667236, 89.0073013306, 43.0316085815, 19.2233905792, 3.75593757629, -8.43364143372, -19.0422401428, -14.620847702], [673.310546875, -59.0357589722, -82.6950073242, 41.3491973877, 38.7868995667, 24.2014255524, 43.0316085815, 68.750541687, 27.4820747375, 13.371090889, -15.04961586, -14.1093072891, -4.80985641479], [476.7762146, -29.4193153381, -7.97687244415, 14.3360624313, 17.5989055634, 14.1091032028, 19.2233905792, 27.4820747375, 61.2530250549, 20.7452507019, -9.98485183716, -18.661529541, 0.0325995832682], [288.701141357, 17.8339748383, -27.1391525269, 22.0581531525, 8.80901908875, 0.512901842594, 3.75593757629, 13.371090889, 20.7452507019, 48.1209182739, 3.31924390793, -6.73845720291, -2.76083254814], [-191.011459351, -42.4822654724, 36.638217926, 0.865084409714, -9.30072021484, -1.74529194832, -8.43364143372, -15.04961586, -9.98485183716, 3.31924390793, 42.0367431641, 20.9154109955, 0.622178673744], [-380.868164062, 12.9713888168, 30.8465480804, -5.59477519989, -22.1436805725, -10.3176755905, -19.0422401428, -14.1093072891, -18.661529541, -6.73845720291, 20.9154109955, 49.1935844421, 15.0803003311], [-63.901348114, 49.072063446, 11.0373067856, -2.14907884598, -6.55015802383, -8.24246311188, -14.620847702, -4.80985641479, 0.0325995832682, -2.76083254814, 0.622178673744, 15.0803003311, 40.0075492859]], "icov": [[0.000156335081556, -0.000164987737662, -3.79776320187e-05, -0.000572621182073, -0.000386032188544, -0.000555306964088, -0.0006063443725, -0.000317066645948, -0.000384751620004, -0.000189635786228, -9.22327599255e-05, 0.000530440534931, -0.00021680748614], [-0.000164987737662, 0.000947402382735, 0.000721160147805, 0.000876552367117, 0.000600578146987, 0.0021506769117, 0.000910660426598, 0.0010601519607, 0.000141433207318, -7.73164283601e-05, 0.000717956747394, -0.000658376084175, -0.000344222731655], [-3.79776320187e-05, 0.000721160147805, 0.0034279176034, 0.00123787357006, -0.000324152642861, 0.00234069908038, 0.00165882660076, 0.00292170536704, -0.0024379780516, 0.00144679879304, -0.00133519642986, -0.000825505296234, -4.01356010116e-06], [-0.000572621182073, 0.000876552367117, 0.00123787357006, 0.00917709711939, -0.00171811669134, -0.00104043423198, 0.00619711074978, -0.00135332520586, 0.00172324699815, -0.001218972262, -0.000762553419918, -0.0027964131441, 0.00074850092642], [-0.000386032188544, 0.000600578146987, -0.000324152642861, -0.00171811669134, 0.0123780723661, 0.0012858043192, -0.00634416891262, 0.00109088991303, 0.00195615692064, -0.000190316975932, 0.00085329200374, 0.00147539819591, -0.00183608627412], [-0.000555306964088, 0.0021506769117, 0.00234069908038, -0.00104043423198, 0.0012858043192, 0.0244545973837, -0.00366274197586, 0.00347301084548, -0.0024905463215, 0.00412096781656, -0.000726493366528, -0.00153773755301, 0.000978482072242], [-0.0006063443725, 0.000910660426598, 0.00165882660076, 0.00619711074978, -0.00634416891262, -0.00366274197586, 0.0285184402019, -0.00884962920099, -0.000136374292197, 0.00328154698946, -0.00239680777304, -0.00078971683979, 0.00591619731858], [-0.000317066645948, 0.0010601519607, 0.00292170536704, -0.00135332520586, 0.00109088991303, 0.00347301084548, -0.00884962920099, 0.0308612976223, -0.00802066829056, -0.00201435387135, 0.00727809453383, -0.00453330483288, 0.000147859711433], [-0.000384751620004, 0.000141433207318, -0.0024379780516, 0.00172324699815, 0.00195615692064, -0.0024905463215, -0.000136374292197, -0.00802066829056, 0.0278418529779, -0.00950886309147, 0.00216610799544, 0.00638507725671, -0.00434913719073], [-0.000189635786228, -7.73164283601e-05, 0.00144679879304, -0.001218972262, -0.000190316975932, 0.00412096781656, 0.00328154698946, -0.00201435387135, -0.00950886309147, 0.0286188367754, -0.00751101598144, 0.00169870152604, 0.00256142392755], [-9.22327599255e-05, 0.000717956747394, -0.00133519642986, -0.000762553419918, 0.00085329200374, -0.000726493366528, -0.00239680777304, 0.00727809453383, 0.00216610799544, -0.00751101598144, 0.0364267081022, -0.0157214477658, 0.00412797229365], [0.000530440534931, -0.000658376084175, -0.000825505296234, -0.0027964131441, 0.00147539819591, -0.00153773755301, -0.00078971683979, -0.00453330483288, 0.00638507725671, 0.00169870152604, -0.0157214477658, 0.0367696397007, -0.0126798599958], [-0.00021680748614, -0.000344222731655, -4.01356010116e-06, 0.00074850092642, -0.00183608627412, 0.000978482072242, 0.00591619731858, 0.000147859711433, -0.00434913719073, 0.00256142392755, 0.00412797229365, -0.0126798599958, 0.0320889689028]]}, "spectral_contrast_coeffs": {"dmean": [0.039577100426, 0.0365368798375, 0.0316926799715, 0.0246254429221, 0.0168698113412, 0.0154588473961], "dmean2": [0.0663525536656, 0.0586994811893, 0.0499244742095, 0.0403777323663, 0.0276974868029, 0.0243890993297], "dvar": [0.00111485482194, 0.000914225063752, 0.000749552214984, 0.000384221755667, 0.000183129959623, 0.000341520062648], "dvar2": [0.00302494713105, 0.00245121796615, 0.00191000872292, 0.00103970244527, 0.000475594599266, 0.00077521946514], "max": [-0.458233475685, -0.488990098238, -0.59198731184, -0.63326138258, -0.690205931664, -0.651602387428], "mean": [-0.672947227955, -0.719724357128, -0.73188406229, -0.770473182201, -0.797505438328, -0.759357094765], "median": [-0.674800097942, -0.720938801765, -0.727517724037, -0.766775608063, -0.790885210037, -0.749334573746], "min": [-0.961828529835, -0.965207993984, -0.963497281075, -0.955301642418, -0.958810031414, -0.956945478916], "var": [0.00310509069823, 0.00358441076241, 0.00315461866558, 0.00234672590159, 0.00165104900952, 0.0023169782944]}, "spectral_contrast_valleys": {"dmean": [0.285964339972, 0.288427680731, 0.268817305565, 0.223756954074, 0.164546385407, 0.274989873171], "dmean2": [0.470993518829, 0.450769782066, 0.425305277109, 0.355734080076, 0.242808714509, 0.348614573479], "dvar": [0.323473155499, 0.325985193253, 0.293363064528, 0.275693029165, 0.263309776783, 0.284247815609], "dvar2": [0.391699165106, 0.370546072721, 0.328504741192, 0.291580468416, 0.251126497984, 0.388793319464], "max": [-5.04544019699, -4.76340389