{"lowlevel": {"average_loudness": 0.935189664364, "barkbands_crest": {"dmean": 3.07550930977, "dmean2": 4.66351175308, "dvar": 10.5874671936, "dvar2": 23.3533382416, "max": 26.3075618744, "mean": 14.1200704575, "median": 13.3959989548, "min": 2.56036543846, "var": 37.9041366577}, "barkbands_flatness_db": {"dmean": 0.033733278513, "dmean2": 0.0484400503337, "dvar": 0.00119030522183, "dvar2": 0.00226926174946, "max": 0.454575419426, "mean": 0.15835274756, "median": 0.149185746908, "min": 0.0254207011312, "var": 0.00502286152914}, "barkbands_kurtosis": {"dmean": 11.4234924316, "dmean2": 17.8734455109, "dvar": 626.208496094, "dvar2": 1417.05737305, "max": 438.665557861, "mean": 15.3372840881, "median": 4.67365837097, "min": -1.81010341644, "var": 949.316833496}, "barkbands_skewness": {"dmean": 1.07484316826, "dmean2": 1.59628379345, "dvar": 1.8753194809, "dvar2": 3.98120641708, "max": 18.4531364441, "mean": 2.79502892494, "median": 2.22133731842, "min": -2.04173851013, "var": 5.34123945236}, "barkbands_spread": {"dmean": 7.75722503662, "dmean2": 11.5153169632, "dvar": 101.534103394, "dvar2": 204.72694397, "max": 108.647972107, "mean": 19.683052063, "median": 16.7974834442, "min": 0.209579005837, "var": 222.943984985}, "dissonance": {"dmean": 0.0188084263355, "dmean2": 0.0317135713995, "dvar": 0.000327427784214, "dvar2": 0.000883714354131, "max": 0.49976465106, "mean": 0.460968315601, "median": 0.465528666973, "min": 0.271519899368, "var": 0.000613552518189}, "dynamic_complexity": 4.99080038071, "erbbands_crest": {"dmean": 2.56002616882, "dmean2": 4.15525913239, "dvar": 6.01329135895, "dvar2": 14.7881536484, "max": 28.6360092163, "mean": 8.71981048584, "median": 7.52028560638, "min": 2.44656658173, "var": 17.1469802856}, "erbbands_flatness_db": {"dmean": 0.0256382972002, "dmean2": 0.0360671691597, "dvar": 0.000674553390127, "dvar2": 0.00136639992706, "max": 0.317727923393, "mean": 0.129959449172, "median": 0.122250936925, "min": 0.0414191707969, "var": 0.00234506139532}, "erbbands_kurtosis": {"dmean": 0.88616412878, "dmean2": 1.40362560749, "dvar": 2.99227380753, "dvar2": 6.75537776947, "max": 63.9125213623, "mean": 0.300980091095, "median": -0.213456630707, "min": -1.80314266682, "var": 4.56656932831}, "erbbands_skewness": {"dmean": 0.378678977489, "dmean2": 0.580722093582, "dvar": 0.130837783217, "dvar2": 0.29498526454, "max": 3.46876358986, "mean": 0.179795697331, "median": 0.17686240375, "min": -2.58582305908, "var": 0.473496824503}, "erbbands_spread": {"dmean": 12.2721357346, "dmean2": 18.3119983673, "dvar": 168.722183228, "dvar2": 361.933013916, "max": 163.599441528, "mean": 45.243221283, "median": 41.4332008362, "min": 1.99025738239, "var": 488.020446777}, "hfc": {"dmean": 11.8187828064, "dmean2": 17.8359165192, "dvar": 398.648468018, "dvar2": 953.25378418, "max": 240.125549316, "mean": 22.2937984467, "median": 16.2829761505, "min": 1.25702786337e-16, "var": 556.197021484}, "melbands_crest": {"dmean": 3.33058595657, "dmean2": 4.99742889404, "dvar": 10.1841125488, "dvar2": 23.4500370026, "max": 34.4443283081, "mean": 18.4966869354, "median": 19.6631164551, "min": 2.04358625412, "var": 42.6696968079}, "melbands_flatness_db": {"dmean": 0.0399329513311, "dmean2": 0.0565033890307, "dvar": 0.00171350326855, "dvar2": 0.00318564870395, "max": 0.589609861374, "mean": 0.252360492945, "median": 0.246459454298, "min": 0.00581645406783, "var": 0.0083469953388}, "melbands_kurtosis": {"dmean": 24.782957077, "dmean2": 38.1641235352, "dvar": 1836.30932617, "dvar2": 4043.61450195, "max": 575.22454834, "mean": 40.7056350708, "median": 17.618888855, "min": -1.71166825294, "var": 3912.06396484}, "melbands_skewness": {"dmean": 1.38634455204, "dmean2": 2.05430078506, "dvar": 2.55185890198, "dvar2": 5.53583145142, "max": 19.2390232086, "mean": 4.39569377899, "median": 3.75096464157, "min": -1.15905630589, "var": 8.9034576416}, "melbands_spread": {"dmean": 6.0729842186, "dmean2": 9.27241420746, "dvar": 63.0102424622, "dvar2": 127.495162964, "max": 147.125366211, "mean": 16.1042137146, "median": 12.5118808746, "min": 0.352416783571, "var": 206.474136353}, "pitch_salience": {"dmean": 0.0874867886305, "dmean2": 0.132322281599, "dvar": 0.00757158407941, "dvar2": 0.016548095271, "max": 0.993871986866, "mean": 0.399648100138, "median": 0.396509766579, "min": 0.0693544447422, "var": 0.0253966897726}, "silence_rate_20dB": {"dmean": 0.00174418604001, "dmean2": 0.00348938652314, "dvar": 0.00174114562105, "dvar2": 0.00522190565243, "max": 1, "mean": 0.999128162861, "median": 1, "min": 0, "var": 0.000871068390552}, "silence_rate_30dB": {"dmean": 0.140116274357, "dmean2": 0.280314058065, "dvar": 0.120481811464, "dvar2": 0.218598797917, "max": 1, "mean": 0.739610552788, "median": 1, "min": 0, "var": 0.192590162158}, "silence_rate_60dB": {"dmean": 0.0151162790135, "dmean2": 0.030241349712, "dvar": 0.0148881357163, "dvar2": 0.035143263638, "max": 1, "mean": 0.0781749486923, "median": 0, "min": 0, "var": 0.072063498199}, "spectral_centroid": {"dmean": 282.955047607, "dmean2": 425.082000732, "dvar": 113690.75, "dvar2": 216864.75, "max": 11193.3740234, "mean": 1214.06164551, "median": 1185.57458496, "min": 121.956268311, "var": 330824.84375}, "spectral_complexity": {"dmean": 3.15697669983, "dmean2": 4.76650190353, "dvar": 13.4531431198, "dvar2": 27.4579391479, "max": 50, "mean": 16.3815746307, "median": 17, "min": 0, "var": 68.1912765503}, "spectral_decrease": {"dmean": 9.77555369985e-09, "dmean2": 1.55997703644e-08, "dvar": 3.19925694137e-16, "dvar2": 8.08497871533e-16, "max": 1.02880746143e-28, "mean": -1.68156617519e-08, "median": -8.95611673712e-09, "min": -1.25829231479e-07, "var": 4.03419425813e-16}, "spectral_energy": {"dmean": 0.0376003682613, "dmean2": 0.0599452927709, "dvar": 0.00466546788812, "dvar2": 0.0117763010785, "max": 0.478340953588, "mean": 0.0654882416129, "median": 0.0357003062963, "min": 1.10133177435e-20, "var": 0.00591375306249}, "spectral_energyband_high": {"dmean": 0.000792106904555, "dmean2": 0.00121574883815, "dvar": 2.79279765891e-06, "dvar2": 6.90958540872e-06, "max": 0.0181176774204, "mean": 0.000973045651335, "median": 0.000449008686701, "min": 8.46110123883e-21, "var": 2.98295412904e-06}, "spectral_energyband_low": {"dmean": 0.0335195921361, "dmean2": 0.053837094456, "dvar": 0.00429281173274, "dvar2": 0.0110288579017, "max": 0.470373779535, "mean": 0.05073133111, "median": 0.0213450696319, "min": 6.39955962514e-23, "var": 0.00513513758779}, "spectral_energyband_middle_high": {"dmean": 0.00163654901553, "dmean2": 0.00259029096924, "dvar": 6.6138177317e-06, "dvar2": 1.58498387464e-05, "max": 0.0372476540506, "mean": 0.00432230625302, "median": 0.00324786524288, "min": 1.19208691711e-21, "var": 1.79651087819e-05}, "spectral_energyband_middle_low": {"dmean": 0.0073518268764, "dmean2": 0.0119566945359, "dvar": 0.000388520740671, "dvar2": 0.000986124505289, "max": 0.249528348446, "mean": 0.0103779202327, "median": 0.00546388654038, "min": 3.23970936413e-22, "var": 0.000354870018782}, "spectral_entropy": {"dmean": 0.251289218664, "dmean2": 0.357884168625, "dvar": 0.0666590929031, "dvar2": 0.133871525526, "max": 9.79805183411, "mean": 7.50676822662, "median": 7.50074577332, "min": 5.30560827255, "var": 0.188065707684}, "spectral_flux": {"dmean": 0.0590728856623, "dmean2": 0.0941009297967, "dvar": 0.00761430803686, "dvar2": 0.0166298840195, "max": 0.61929911375, "mean": 0.115271732211, "median": 0.0758907720447, "min": 1.04944358759e-10, "var": 0.0115797426552}, "spectral_kurtosis": {"dmean": 2.10357928276, "dmean2": 3.25378394127, "dvar": 6.50104618073, "dvar2": 16.1189975739, "max": 30.3550300598, "mean": 5.17285919189, "median": 4.41674470901, "min": -1.16923964024, "var": 11.6567745209}, "spectral_rms": {"dmean": 0.00192274327856, "dmean2": 0.00284924078733, "dvar": 8.20434252091e-06, "dvar2": 1.89178299479e-05, "max": 0.0216026417911, "mean": 0.00675647472963, "median": 0.00590165797621, "min": 3.2779109288e-12, "var": 1.82411040441e-05}, "spectral_rolloff": {"dmean": 600.338806152, "dmean2": 1006.47454834, "dvar": 1698610.875, "dvar2": 3703316.5, "max": 18647.7539062, "mean": 1048.90905762, "median": 581.396484375, "min": 64.599609375, "var": 2356459.25}, "spectral_skewness": {"dmean": 0.264657765627, "dmean2": 0.406529605389, "dvar": 0.077055297792, "dvar2": 0.17996917665, "max": 4.60465955734, "mean": 1.71918022633, "median": 1.67663300037, "min": -0.0276912730187, "var": 0.184657335281}, "spectral_spread": {"dmean": 1230632.5, "dmean2": 1598576.25, "dvar": 1954989867010.0, "dvar2": 3358739922940.0, "max": 39795180, "mean": 5405004, "median": 4995532, "min": 1442378.625, "var": 5173592195070.0}, "spectral_strongpeak": {"dmean": 0.33948430419, "dmean2": 0.560936510563, "dvar": 0.30061095953, "dvar2": 0.777663707733, "max": 8.09346675873, "mean": 0.694707095623, "median": 0.536014199257, "min": 0, "var": 0.509015381336}, "zerocrossingrate": {"dmean": 0.0155626870692, "dmean2": 0.0175579637289, "dvar": 0.000402241654228, "dvar2": 0.000461428717244, "max": 0.51025390625, "mean": 0.0518262088299, "median": 0.04052734375, "min": 0.001953125, "var": 0.00182693765964}, "barkbands": {"dmean": [0.000354770629201, 0.0278562549502, 0.00768645294011, 0.00263341609389, 0.00364788738079, 0.000894648488611, 0.00053673167713, 0.000329047994455, 0.000536538020242, 0.00029027229175, 0.000574719277211, 0.000235761806834, 0.00028315797681, 0.000311274139676, 0.00037705336581, 0.000232196252909, 0.000259110616753, 8.97622303455e-05, 0.000117126292025, 0.000126096478198, 9.48321685428e-05, 0.000114927803224, 0.000150823849253, 8.36371909827e-05, 0.000115951799671, 0.000167982332641, 4.70317645522e-05], "dmean2": [0.000581797212362, 0.0450346022844, 0.012828248553, 0.00441578216851, 0.00614422326908, 0.00137363094836, 0.000858547340613, 0.000525490206201, 0.00088837306248, 0.000471400329843, 0.000962215650361, 0.00038892016164, 0.000455115077784, 0.000493286701385, 0.000602393061854, 0.000378538010409, 0.000416224735091, 0.000145426602103, 0.000197479705093, 0.000211488601053, 0.000140149000799, 0.000180434857612, 0.000243301910814, 0.000129560226924, 0.000173244377947, 0.000265324197244, 7.10418753442e-05], "dvar": [4.42390273747e-07, 0.00298136635683, 0.000304394692648, 4.98610424984e-05, 0.00016873414279, 2.33924220083e-06, 1.15722514238e-06, 3.2080413348e-07, 1.09372717816e-06, 5.06252888499e-07, 8.32539569728e-07, 1.73536676584e-07, 5.87574845667e-07, 3.33212966552e-07, 6.60189016344e-07, 3.3345932593e-07, 4.40437190719e-07, 3.72613087052e-08, 7.94397365667e-08, 1.27159097474e-07, 2.38475585945e-08, 9.23660934404e-08, 1.2612936473e-07, 2.7391056534e-08, 4.4157904e-08, 2.5476199994e-07, 7.15180537014e-09], "dvar2": [1.1566971807e-06, 0.00769002223387, 0.000818706583232, 0.000122640456539, 0.00044857172179, 5.30480019734e-06, 2.87367561214e-06, 7.80901189046e-07, 2.90405614578e-06, 1.24188579775e-06, 2.22395601668e-06, 4.67231728862e-07, 1.57905378728e-06, 8.01293538188e-07, 1.62464766618e-06, 8.83219456682e-07, 1.0889590385e-06, 9.72550324718e-08, 1.8657937062e-07, 3.61930062809e-07, 5.62293784867e-08, 2.43436119263e-07, 3.20463243497e-07, 6.69425830324e-08, 9.81978445225e-08, 6.47971546641e-07, 1.6878136222e-08], "max": [0.00621349550784, 0.443419575691, 0.151547312737, 0.075652629137, 0.178566038609, 0.0284690689296, 0.0277327951044, 0.0121121471748, 0.0228705797344, 0.0126809598878, 0.0104656741023, 0.00515425624326, 0.0265111867338, 0.00862727500498, 0.0170325413346, 0.012505392544, 0.0230637136847, 0.00386828114279, 0.00653043063357, 0.00433402089402, 0.00349944992922, 0.00595808401704, 0.00399599364027, 0.00207780255005, 0.00175995274913, 0.00660323025659, 0.00083100318443], "mean": [0.000450620427728, 0.0410550646484, 0.00843306444585, 0.00235539884306, 0.00344100920483, 0.00189798884094, 0.00101917749271, 0.000590988784097, 0.000768189143855, 0.000478337868117, 0.000801766407676, 0.000400667369831, 0.000505717413034, 0.000577017781325, 0.000620107166469, 0.000317842757795, 0.000396623188863, 0.000136120652314, 0.000189332466107, 0.000168976170244, 0.000171268795384, 0.000160615833011, 0.000146315302118, 9.22225299291e-05, 0.000119048869237, 0.000150104024215, 4.46505946456e-05], "median": [0.000136103641125, 0.0148156927899, 0.00143550836947, 0.000396003044443, 0.000957869109698, 0.00093603215646, 0.000578486826271, 0.000305258581648, 0.000425023084972, 0.000157598668011, 0.000372018985217, 0.000183663665666, 0.000223218245083, 0.000280469452264, 0.000236213149037, 0.000139725787449, 0.00013891083654, 5.48003627046e-05, 0.000101688659925, 6.34016396361e-05, 7.66726589063e-05, 4.72267965961e-05, 3.96537616325e-05, 2.9914708648e-05, 2.59029147855e-05, 2.13793955481e-05, 7.52271171223e-06], "min": [1.68064192895e-24, 2.84588797524e-23, 2.56191035559e-23, 1.09568535664e-23, 1.69878671584e-23, 9.84077157992e-23, 5.27918055558e-23, 9.1228955344e-23, 5.2365656584e-23, 7.30303760226e-23, 2.75910791142e-23, 1.15901703493e-22, 6.70504253969e-23, 9.65964532955e-23, 1.50803358564e-22, 9.02962503859e-23, 1.11167641915e-22, 1.18213873739e-22, 2.27376294342e-22, 2.44256630292e-22, 4.7951181492e-22, 6.79632472737e-22, 8.31342768907e-22, 6.83848650286e-22, 1.19548792998e-21, 1.97876627483e-21, 2.60870773019e-21], "var": [6.20882872227e-07, 0.00358303356916, 0.000317284109769, 4.47635284218e-05, 0.000124286205391, 8.14432314655e-06, 2.21774394049e-06, 6.67480946959e-07, 1.31179490381e-06, 1.00892793853e-06, 1.31909769152e-06, 3.19117702929e-07, 1.0096692904e-06, 7.15315820798e-07, 1.37335462114e-06, 3.51276327137e-07, 6.78205594795e-07, 5.62075257449e-08, 1.19427951972e-07, 1.03018521713e-07, 4.9570559213e-08, 9.68916609168e-08, 1.19146292832e-07, 2.9934142276e-08, 5.21942276066e-08, 2.13796624848e-07, 7.64201768533e-09]}, "erbbands": {"dmean": [0.643911361694, 6.86082267761, 11.1608428955, 6.86194181442, 16.7128925323, 7.51194190979, 5.49101638794, 7.33820962906, 8.5340089798, 7.86182880402, 7.41568517685, 12.8269987106, 12.0683841705, 10.4543991089, 19.0690155029, 11.3222770691, 12.8421459198, 16.9071464539, 13.7274179459, 23.6623477936, 12.3682603836, 9.8150177002, 4.48777484894, 5.4170217514, 5.43067598343, 5.79345035553, 5.14972257614, 3.22346425056, 4.24948883057, 3.09652662277, 4.93247652054, 2.48847293854, 1.16729748249, 1.06831049919, 1.04303920269, 1.12859261036, 0.176911920309, 0.0418883785605, 0.00691795395687, 0.000558370200451], "dmean2": [1.04539418221, 11.1998910904, 18.3175239563, 11.8300905228, 27.8694133759, 12.8505020142, 8.57546138763, 11.5709228516, 13.3806877136, 12.6585798264, 11.8700790405, 21.2595863342, 19.6979751587, 17.172750473, 31.9992141724, 18.6309261322, 20.8534259796, 26.5635356903, 21.4413280487, 39.13306427, 19.9790916443, 15.3773059845, 7.23912811279, 8.94909286499, 9.13977336884, 9.38466072083, 8.09906959534, 4.82957935333, 6.58347415924, 5.06611776352, 8.08192539215, 3.89898586273, 1.78848087788, 1.59227752686, 1.6056112051, 1.8104133606, 0.26943692565, 0.0632570013404, 0.0105025535449, 0.000832669902593], "dvar": [1.52978813648, 184.339828491, 557.047668457, 261.646789551, 3408.69067383, 653.554870605, 83.7057418823, 182.839935303, 363.362792969, 195.616317749, 187.879562378, 565.271972656, 834.65057373, 310.086120605, 1102.91088867, 409.700958252, 1482.50158691, 998.152893066, 771.070739746, 4250.78662109, 662.237487793, 550.380981445, 112.925559998, 107.090789795, 283.580169678, 209.802322388, 113.528518677, 33.6820831299, 89.1214370728, 94.632019043, 145.755508423, 34.0011787415, 4.52821445465, 3.90327620506, 4.29143810272, 12.7552404404, 0.185880243778, 0.00626666285098, 0.000153445143951, 8.68246104346e-07], "dvar2": [3.90447711945, 478.965026855, 1451.3972168, 707.625183105, 8738.36132812, 1796.42224121, 190.117965698, 433.424499512, 872.17779541, 511.315887451, 462.921813965, 1503.20776367, 2021.46362305, 812.87512207, 2956.70507812, 1103.67810059, 4075.92993164, 2297.13720703, 1665.56994629, 11246.0439453, 1571.95288086, 1333.38586426, 293.958831787, 279.637207031, 646.88269043, 582.192932129, 309.503814697, 74.5857162476, 220.98059082, 260.607299805, 376.905273438, 84.0922622681, 11.0638237, 8.49517726898, 10.1944198608, 32.4719581604, 0.457474172115, 0.0146349379793, 0.000362233113265, 2.03986201086e-06], "max": [10.574514389, 109.579223633, 204.024551392, 191.291168213, 715.144836426, 371.306091309, 128.764007568, 241.114746094, 413.859191895, 269.701324463, 361.884002686, 540.362243652, 524.34185791, 263.0340271, 367.70791626, 249.54914856, 1377.90734863, 458.625061035, 627.47064209, 1496.19763184, 699.614624023, 682.836730957, 259.665740967, 133.855072021, 421.538726807, 170.177368164, 195.081710815, 89.0887756348, 175.478118896, 186.417160034, 137.539932251, 74.4869232178, 36.6457595825, 22.8313617706, 18.968536377, 48.3825035095, 4.84168100357, 0.824329137802, 0.114613600075, 0.00698171230033], "mean": [0.932892978191, 9.9039182663, 13.8024816513, 6.78329849243, 14.5869321823, 7.47070407867, 9.19364929199, 14.9967212677, 18.2116069794, 12.7627439499, 14.444776535, 19.980594635, 19.2096042633, 17.8147640228, 26.506975174, 20.5628051758, 23.6486663818, 33.0523071289, 25.014005661, 35.9495773315, 20.0688858032, 16.1010627747, 7.49899530411, 8.99608421326, 9.56467819214, 8.44820690155, 8.04137516022, 5.41115474701, 6.25926351547, 3.67292451859, 4.64395618439, 2.63893437386, 1.28167700768, 1.14799559116, 1.0211378336, 0.970918118954, 0.174543008208, 0.0405709818006, 0.00665826862678, 0.000574901117943], "median": [0.343004763126, 3.32377123833, 3.76881623268, 1.89737331867, 2.7170085907, 2.43698573112, 3.42945790291, 7.2918806076, 8.53942394257, 7.61115026474, 7.79740428925, 12.0992193222, 7.13465499878, 8.72067832947, 14.3429613113, 10.157245636, 11.3262767792, 15.9616727829, 12.413356781, 13.3976869583, 9.65435600281, 6.26543569565, 3.63792777061, 4.17493534088, 4.91871404648, 3.42588400841, 3.79193687439, 2.23663687706, 1.78042638302, 1.384075284, 1.23598122597, 0.709452629089, 0.410490810871, 0.267765879631, 0.214458301663, 0.124804779887, 0.0338314622641, 0.0071867457591, 0.00115774525329, 0.000151387386722], "min": [1.55082208271e-21, 3.55331749552e-21, 1.71081646347e-20, 5.07343700073e-20, 1.61742373335e-20, 7.08336213526e-20, 3.40652363295e-19, 8.10269370218e-19, 1.01778959886e-18, 7.46050738074e-19, 2.32457893975e-18, 1.12676723245e-18, 1.8347738662e-18, 1.73183723602e-18, 1.92573250751e-18, 5.04225726765e-18, 2.64529857673e-18, 4.74068003761e-18, 6.33888479811e-18, 7.31930847736e-18, 4.91588557675e-18, 6.71105362162e-18, 7.03516614668e-18, 9.2223028238e-18, 1.13534385463e-17, 1.12806979376e-17, 1.45010220773e-17, 2.2040573183e-17, 2.36285316572e-17, 2.87755621028e-17, 2.08732079261e-17, 1.40544719323e-17, 1.17731144203e-17, 1.42699888778e-17, 8.39284001994e-18, 7.64296853462e-18, 3.38018671923e-18, 1.6642258709e-18, 3.75748473463e-19, 3.53858334086e-20], "var": [1.85054886341, 218.39175415, 640.722900391, 201.197769165, 2691.98974609, 462.899108887, 204.746368408, 576.684448242, 904.982910156, 269.575866699, 453.793457031, 704.814147949, 1722.33215332, 639.214904785, 1528.04284668, 802.955566406, 2413.97167969, 2329.87988281, 1635.2857666, 6601.86962891, 1101.68151855, 885.563781738, 177.511764526, 178.741134644, 427.632141113, 210.124771118, 128.940872192, 66.6385269165, 119.748779297, 73.6539535522, 130.108779907, 34.8121109009, 4.90932130814, 4.81016302109, 4.46527051926, 10.4275989532, 0.179703429341, 0.00672173500061, 0.000164252371178, 9.83354993878e-07]}, "gfcc": {"mean": [-8.7501335144, 83.2198181152, -92.987487793, 23.7920360565, -37.4224205017, 17.6591701508, -24.305562973, 9.06248283386, -14.0942821503, 11.8162403107, -12.3006162643, 2.22947740555, -8.14608478546], "cov": [[21355.7460938, -1010.6262207, 1224.33886719, 398.018066406, 29.8206329346, 475.320709229, -460.093536377, -91.3965835571, -226.393310547, 0.296339035034, -719.242736816, -63.9034347534, -144.626831055], [-1010.6262207, 1665.84460449, -446.265960693, 215.258758545, 454.782043457, -19.4301624298, 185.852645874, 66.7929229736, 144.355773926, -71.3189697266, 105.818565369, -93.0667953491, 62.0498924255], [1224.33886719, -446.265960693, 1192.91943359, 215.30809021, 169.557159424, 197.110366821, 8.8287935257, 91.0482177734, 7.92025899887, -1.78649365902, -117.624862671, -20.6769676208, -56.1672477722], [398.018066406, 215.258758545, 215.30809021, 407.800689697, 230.172088623, 121.888900757, 111.29196167, 41.8455924988, 52.2281570435, 12.0247526169, -2.18043065071, -31.5071582794, -22.8860530853], [29.8206329346, 454.782043457, 169.557159424, 230.172088623, 492.12991333, 170.957977295, 140.44984436, 93.0856399536, 102.385070801, 6.76056909561, 18.5540466309, -50.5833015442, 7.53398275375], [475.320709229, -19.4301624298, 197.110366821, 121.888900757, 170.957977295, 239.552139282, 94.3789901733, 53.0402030945, 45.5971298218, 31.4715824127, -6.04528570175, -0.178966149688, -14.110868454], [-460.093536377, 185.852645874, 8.8287935257, 111.29196167, 140.44984436, 94.3789901733, 186.217483521, 69.0099258423, 54.2099342346, 18.364440918, 41.2950744629, -11.7354354858, 12.4936504364], [-91.3965835571, 66.7929229736, 91.0482177734, 41.8455924988, 93.0856399536, 53.0402030945, 69.0099258423, 116.336990356, 51.5888252258, 18.9553565979, 18.1272754669, -4.89816904068, -3.75304222107], [-226.393310547, 144.355773926, 7.92025899887, 52.2281570435, 102.385070801, 45.5971298218, 54.2099342346, 51.5888252258, 136.78364563, 48.2168769836, 10.9817838669, -4.61937522888, 14.4453697205], [0.296339035034, -71.3189697266, -1.78649365902, 12.0247526169, 6.76056909561, 31.4715824127, 18.364440918, 18.9553565979, 48.2168769836, 115.918556213, 34.7113494873, 1.16109204292, -10.704949379], [-719.242736816, 105.818565369, -117.624862671, -2.18043065071, 18.5540466309, -6.04528570175, 41.2950744629, 18.1272754669, 10.9817838669, 34.7113494873, 131.145050049, 17.5333595276, 10.0509777069], [-63.9034347534, -93.0667953491, -20.6769676208, -31.5071582794, -50.5833015442, -0.178966149688, -11.7354354858, -4.89816904068, -4.61937522888, 1.16109204292, 17.5333595276, 97.4581375122, 27.3085441589], [-144.626831055, 62.0498924255, -56.1672477722, -22.8860530853, 7.53398275375, -14.110868454, 12.4936504364, -3.75304222107, 14.4453697205, -10.704949379, 10.0509777069, 27.3085441589, 70.7361297607]], "icov": [[7.09300293238e-05, -2.37169788306e-05, 1.97543022296e-06, -9.44156636251e-05, 2.45363426075e-05, -0.000205606746022, 0.000260762259131, -9.95665614028e-05, 0.000204091847991, -0.000176272893441, 0.000362481281627, 1.03236857285e-06, -7.83783470979e-05], [-2.37169788306e-05, 0.00146033498459, 0.000596252211835, -0.0003807444009, -0.00123685353901, 0.000868640199769, -0.000405165774282, 3.6686356907e-05, -0.00107769155875, 0.00149727903772, -0.000837604107801, 0.000882095191628, -0.000375568954041], [1.97543022296e-06, 0.000596252211835, 0.00151525379624, -0.000706632214133, -0.000566430622712, -0.000485237484099, 0.000649198540486, -0.00121136207599, 0.000117440569738, 0.000463242351543, 0.000727529171854, 0.000228783726925, 9.4570008514e-05], [-9.44156636251e-05, -0.0003807444009, -0.000706632214133, 0.00425250129774, -0.00105250137858, 1.78233767656e-05, -0.00211090245284, 0.00153850845527, -0.000435292953625, -0.000143917801324, -0.00017892444157, -0.00040808742051, 0.00177591654938], [2.45363426075e-05, -0.00123685353901, -0.000566430622712, -0.00105250137858, 0.00530502293259, -0.00269528781064, 0.00019667171, -0.00119977071881, -0.00080015626736, 0.000212908518733, -0.000253171921941, 0.00142015260644, -0.00117292103823], [-0.000205606746022, 0.000868640199769, -0.000485237484099, 1.78233767656e-05, -0.00269528781064, 0.00872688274831, -0.00394349358976, 0.000714006018825, -0.000893015356269, -0.000600712257437, -1.30887074192e-05, -0.00181619008072, 0.00199494999833], [0.000260762259131, -0.000405165774282, 0.000649198540486, -0.00211090245284, 0.00019667171, -0.00394349358976, 0.0115801990032, -0.00460383016616, 0.000472284766147, -0.000273429381195, -0.000856545695569, 0.00151075702161, -0.00297549250536], [-9.95665614028e-05, 3.6686356907e-05, -0.00121136207599, 0.00153850845527, -0.00119977071881, 0.000714006018825, -0.00460383016616, 0.0142660234123, -0.00397894484922, 0.000582622655202, -0.00186580687296, -0.000846300099511, 0.00263299327344], [0.000204091847991, -0.00107769155875, 0.000117440569738, -0.000435292953625, -0.00080015626736, -0.000893015356269, 0.000472284766147, -0.00397894484922, 0.0135534675792, -0.0067278794013, 0.00352678541094, -0.000607441063039, -0.00312499934807], [-0.000176272893441, 0.00149727903772, 0.000463242351543, -0.000143917801324, 0.000212908518733, -0.000600712257437, -0.000273429381195, 0.000582622655202, -0.0067278794013, 0.0142888426781, -0.0053872265853, 0.00128180801403, 0.00239111599512], [0.000362481281627, -0.000837604107801, 0.000727529171854, -0.00017892444157, -0.000253171921941, -1.30887074192e-05, -0.000856545695569, -0.00186580687296, 0.00352678541094, -0.0053872265853, 0.0130289476365, -0.00284623145126, -0.000215662090341], [1.03236857285e-06, 0.000882095191628, 0.000228783726925, -0.00040808742051, 0.00142015260644, -0.00181619008072, 0.00151075702161, -0.000846300099511, -0.000607441063039, 0.00128180801403, -0.00284623145126, 0.014120218344, -0.00627615954727], [-7.83783470979e-05, -0.000375568954041, 9.4570008514e-05, 0.00177591654938, -0.00117292103823, 0.00199494999833, -0.00297549250536, 0.00263299327344, -0.00312499934807, 0.00239111599512, -0.000215662090341, -0.00627615954727, 0.0195977147669]]}, "melbands": {"dmean": [0.00694902520627, 0.00702957483009, 0.00159129768144, 0.000937608652748, 0.000178389178473, 0.000169840088347, 0.0001240465499, 7.98382461653e-05, 6.33670133539e-05, 8.39131243993e-05, 5.89461233176e-05, 3.859127537e-05, 8.05331510492e-05, 2.92970271403e-05, 2.438554111e-05, 3.09166280203e-05, 3.35574331984e-05, 2.25637686526e-05, 2.38577340497e-05, 2.83156114165e-05, 1.58743605425e-05, 1.40308275149e-05, 4.97342171002e-06, 4.09280255553e-06, 4.70310487799e-06, 4.53492293673e-06, 3.03216165776e-06, 4.46227159046e-06, 3.62335435966e-06, 2.79423284155e-06, 1.77869208073e-06, 2.49631966653e-06, 2.23979373004e-06, 1.50699054302e-06, 2.74855005955e-06, 2.83698659587e-06, 1.16894557323e-06, 7.8789565805e-07, 8.18314561002e-07, 9.26635152609e-07], "dmean2": [0.0112053314224, 0.0114820823073, 0.00266934162937, 0.00158438447397, 0.000282648688881, 0.000264141854132, 0.000193919928279, 0.000128603205667, 0.000101994381112, 0.000139173032949, 9.66215811786e-05, 6.36103141005e-05, 0.00013561535161, 4.82604882563e-05, 4.00567623728e-05, 4.96151442348e-05, 5.29685712536e-05, 3.54546355084e-05, 3.85393941542e-05, 4.63478536403e-05, 2.60254782916e-05, 2.21312111535e-05, 7.98088240117e-06, 6.51345408187e-06, 7.83876384958e-06, 7.61352339396e-06, 4.82238147015e-06, 7.44332055547e-06, 6.02048794462e-06, 4.13972884417e-06, 2.71519138551e-06, 3.89200113204e-06, 3.57111139238e-06, 2.50417178904e-06, 4.60088949694e-06, 4.44165380031e-06, 1.86569286598e-06, 1.25286851471e-06, 1.23043048461e-06, 1.41011901178e-06], "dvar": [0.000183368218131, 0.000198116031243, 1.49202523971e-05, 1.1671700122e-05, 8.82215971387e-08, 9.83885186656e-08, 7.27628943764e-08, 1.94280946886e-08, 1.46498821962e-08, 2.37500543676e-08, 2.07684696107e-08, 4.84869566719e-09, 1.82001436144e-08, 2.47865261649e-09, 3.9550100972e-09, 5.05560970865e-09, 4.20498169618e-09, 2.02992023191e-09, 3.0379148086e-09, 5.41206013338e-09, 1.51514212288e-09, 1.25411858676e-09, 1.31239380474e-10, 7.38580238635e-11, 8.34141505868e-11, 1.57968818582e-10, 5.0505068877e-11, 1.64288929683e-10, 9.49628500835e-11, 1.8891799583e-11, 1.52634745121e-11, 3.1388534133e-11, 4.58496296485e-11, 1.84539328263e-11, 4.30071811497e-11, 4.83153829445e-11, 7.74688212885e-12, 2.34433371153e-12, 1.82003630916e-12, 3.32522941474e-12], "dvar2": [0.000470734375995, 0.000515603576787, 3.78744698537e-05, 3.10142568196e-05, 2.07751142511e-07, 2.29421786457e-07, 1.72414431177e-07, 5.07153821161e-08, 3.76815840752e-08, 6.33279171325e-08, 5.07784605475e-08, 1.28536168376e-08, 4.91088094634e-08, 6.53021237085e-09, 1.07563895568e-08, 1.2870145838e-08, 9.79948655555e-09, 4.52377335591e-09, 7.8265172121e-09, 1.43301557287e-08, 3.64539953779e-09, 3.05134095768e-09, 3.26425386721e-10, 1.81702444757e-10, 2.19159940196e-10, 3.70587643905e-10, 1.20244716961e-10, 4.65677107986e-10, 2.69030686617e-10, 4.36866098852e-11, 3.5053231151e-11, 7.66318675183e-11, 1.26611915396e-10, 5.0123977885e-11, 1.13195224027e-10, 1.2036943664e-10, 1.92823240014e-11, 6.06758263424e-12, 3.83925920569e-12, 7.43117980345e-12], "max": [0.10812227428, 0.102539807558, 0.0339869260788, 0.0465047582984, 0.00449990434572, 0.00621333671734, 0.00634236633778, 0.00240792124532, 0.00318226101808, 0.00293639977463, 0.00256001902744, 0.00103811826557, 0.0015676546609, 0.000629269925412, 0.00226553436369, 0.0018716637278, 0.00100622989703, 0.000953177164774, 0.00123722525313, 0.00144722789992, 0.001278628828, 0.00112452125177, 0.000239864501054, 0.000160213065101, 0.000118258212751, 0.000287934584776, 0.00018280815857, 0.000156467955094, 0.000123499034089, 8.3777900727e-05, 5.68224713788e-05, 9.93542562355e-05, 0.000124731188407, 8.80281804712e-05, 7.64996657381e-05, 7.60503316997e-05, 4.28174207627e-05, 2.79409687209e-05, 2.27088512474e-05, 1.82182720891e-05], "mean": [0.0102885682136, 0.00969577766955, 0.00153809168842, 0.00083638378419, 0.000293676770525, 0.000361680751666, 0.000267246505246, 0.00012815608352, 0.00011463543342, 0.000126678380184, 9.05686174519e-05, 6.36463373667e-05, 0.000106964449515, 5.03346054757e-05, 4.33880850323e-05, 5.65560039831e-05, 6.1955943238e-05, 3.86877363781e-05, 3.87894688174e-05, 4.0959661419e-05, 2.3331536795e-05, 2.16974858631e-05, 6.78743344906e-06, 6.67661834086e-06, 7.11061875336e-06, 7.39150482332e-06, 5.45493048776e-06, 5.652555501e-06, 4.6402760745e-06, 4.97508926856e-06, 2.63856532001e-06, 3.39879261446e-06, 3.27239922626e-06, 1.54696715526e-06, 2.52507629739e-06, 2.72542138191e-06, 1.25629208014e-06, 8.14506734059e-07, 9.4610703627e-07, 9.64850187302e-07], "median": [0.00360628776252, 0.00343584804796, 0.000404264545068, 0.000192446255824, 0.000118889081932, 0.000179778638994, 0.000131063672598, 7.54381471779e-05, 5.98386322963e-05, 7.43880591472e-05, 3.00401752611e-05, 2.80542935798e-05, 5.24707720615e-05, 2.47116040555e-05, 2.15855397983e-05, 2.57287229033e-05, 2.68415442406e-05, 1.82915118785e-05, 1.44057848956e-05, 1.57791873789e-05, 8.50757260196e-06, 6.89111493557e-06, 2.70674831881e-06, 2.6424763746e-06, 2.74777994491e-06, 3.61208935828e-06, 2.35217953559e-06, 1.92495872398e-06, 1.99348505703e-06, 1.96581868295e-06, 6.20950970642e-07, 1.00424006177e-06, 7.97141751718e-07, 4.92166350341e-07, 6.72324347306e-07, 5.52398716991e-07, 3.61008005711e-07, 2.38909109385e-07, 3.03563382431e-07, 2.03893193884e-07], "min": [9.6412079147e-24, 7.9806801639e-24, 7.37540375741e-24, 2.4293032713e-24, 9.23620672596e-24, 1.99403274021e-23, 1.46741491675e-23, 9.71679420006e-24, 1.85849665482e-23, 6.71741724294e-24, 1.03881684729e-23, 8.31473672485e-24, 4.38154251574e-24, 1.39022093287e-23, 9.43945358275e-24, 5.41479805142e-24, 9.23473155607e-24, 1.03110336536e-23, 9.57700489221e-24, 9.04951095983e-24, 4.81158569948e-24, 7.00864338991e-24, 7.50365360793e-24, 4.60309055109e-24, 7.8494050318e-24, 8.35740778894e-24, 8.41772961578e-24, 7.15639624859e-24, 6.68477338982e-24, 1.47350586957e-23, 1.17748392162e-23, 1.15829630005e-23, 1.6669710089e-23, 1.65125611081e-23, 1.33571648189e-23, 9.3621499472e-24, 7.59729139738e-24, 7.71882567502e-24, 9.16760264848e-24, 1.31201689148e-23], "var": [0.000222969218157, 0.000228373872233, 1.28086703626e-05, 8.54179324961e-06, 1.95003067915e-07, 3.30775009161e-07, 1.83846751156e-07, 2.72734670403e-08, 3.39950574357e-08, 2.85201551264e-08, 4.16122070135e-08, 9.26198406859e-09, 2.45649136588e-08, 4.81460160628e-09, 6.80634126837e-09, 9.25434040511e-09, 9.21970499945e-09, 4.05416233917e-09, 5.64230884237e-09, 7.47307637994e-09, 2.41739761542e-09, 1.97167038252e-09, 1.89265186856e-10, 1.35299493831e-10, 1.37790237553e-10, 2.31996741262e-10, 8.74378208726e-11, 1.36744338075e-10, 7.28326080002e-11, 4.7782128948e-11, 2.69178464241e-11, 3.91942138467e-11, 4.68722977098e-11, 1.44949694608e-11, 3.70131564287e-11, 4.73075086049e-11, 7.7167560536e-12, 2.19192242482e-12, 2.42835222417e-12, 3.88539244181e-12]}, "mfcc": {"mean": [-661.016113281, 124.930618286, 7.34586429596, 21.07538414, 10.4261341095, 15.7018785477, 4.66417646408, 3.50675392151, 6.08699893951, 9.54620265961, 2.30438184738, 3.81279659271, 5.543800354], "cov": [[12884.7138672, 1000.04644775, 168.325759888, 355.040649414, 282.243133545, 411.011322021, -69.1740646362, -83.0837402344, 93.471572876, 60.9111061096, -223.654663086, -122.225860596, 17.6037788391], [1000.04644775, 1531.93591309, -418.499389648, 256.057495117, 196.397003174, 69.1579742432, 42.5482788086, 79.2361297607, 69.1336746216, 103.849624634, 23.6918506622, -38.7976913452, 23.3878479004], [168.325759888, -418.499389648, 799.509399414, 95.6138687134, 118.713951111, 68.9328842163, 38.6061515808, 69.7638473511, 57.0222473145, 30.0505161285, -13.0688962936, 11.3717250824, -34.5178565979], [355.040649414, 256.057495117, 95.6138687134, 354.451263428, 167.434341431, 107.285209656, 79.2143783569, 71.5606460571, 69.9164962769, 60.3286476135, 36.5548858643, 0.198077514768, 3.5364279747], [282.243133545, 196.397003174, 118.713951111, 167.434341431, 304.61050415, 153.490386963, 94.2420425415, 100.729507446, 85.516418457, 89.5232391357, 36.0087013245, 20.8914203644, 5.53253507614], [411.011322021, 69.1579742432, 68.9328842163, 107.285209656, 153.490386963, 230.370330811, 94.6217956543, 65.8714370728, 85.9473266602, 53.7957458496, 40.9818916321, 42.5882301331, 31.910861969], [-69.1740646362, 42.5482788086, 38.6061515808, 79.2143783569, 94.2420425415, 94.6217956543, 184.404037476, 80.4822616577, 28.3993740082, 60.0622558594, 39.5162162781, 14.9684839249, 5.92176389694], [-83.0837402344, 79.2361297607, 69.7638473511, 71.5606460571, 100.729507446, 65.8714370728, 80.4822616577, 147.512466431, 66.5963287354, 24.8122272491, 20.8040943146, 23.1549854279, 9.96405029297], [93.471572876, 69.1336746216, 57.0222473145, 69.9164962769, 85.516418457, 85.9473266602, 28.3993740082, 66.5963287354, 151.609222412, 49.0229682922, 15.1263828278, 25.4046611786, 25.8803348541], [60.9111061096, 103.849624634, 30.0505161285, 60.3286476135, 89.5232391357, 53.7957458496, 60.0622558594, 24.8122272491, 49.0229682922, 153.911849976, 60.3584671021, 5.60582923889, 6.15913772583], [-223.654663086, 23.6918506622, -13.0688962936, 36.5548858643, 36.0087013245, 40.9818916321, 39.5162162781, 20.8040943146, 15.1263828278, 60.3584671021, 104.828781128, 48.4944114685, 10.6546201706], [-122.225860596, -38.7976913452, 11.3717250824, 0.198077514768, 20.8914203644, 42.5882301331, 14.9684839249, 23.1549854279, 25.4046611786, 5.60582923889, 48.4944114685, 89.4887390137, 32.129524231], [17.6037788391, 23.3878479004, -34.5178565979, 3.5364279747, 5.53253507614, 31.910861969, 5.92176389694, 9.96405029297, 25.8803348541, 6.15913772583, 10.6546201706, 32.129524231, 75.4274139404]], "icov": [[0.000100541416032, -7.41222975194e-05, -4.69360857096e-05, -4.62594653072e-05, 4.15809226979e-05, -0.000294881640002, 0.000114497212053, 0.000116679701023, 7.99607150839e-05, -9.92976565612e-05, 0.000322063366184, -3.56920850209e-06, 1.42091048474e-05], [-7.41222975194e-05, 0.00116570375394, 0.000814093335066, -0.000685486535076, -0.000563658948522, 0.000321966857882, 0.000350243848516, -0.000648754183203, -1.59341725521e-05, -0.000507807650138, 9.76453375188e-05, 0.000416507333284, -0.00012040285219], [-4.69360857096e-05, 0.000814093335066, 0.00201136711985, -0.000690933200531, -0.000602852320299, 3.64422048733e-05, 0.00037018142757, -0.000842443201691, -0.000122722834931, -0.000684242288116, 0.000963966362178, -0.000486392673338, 0.000991411623545], [-4.62594653072e-05, -0.000685486535076, -0.000690933200531, 0.00463933963329, -0.00138734956272, -0.000269229320111, -0.000850217591505, 0.000229300436331, -0.000896882265806, 0.000990637461655, -0.00193823303562, 0.00157734320965, -0.000229504221352], [4.15809226979e-05, -0.000563658948522, -0.000602852320299, -0.00138734956272, 0.0075184055604, -0.00332463765517, 0.000297838938423, -0.00240321247838, 0.000364710605936, -0.00262282299809, 0.00145542272367, -0.00093395751901, 0.0013846718939], [-0.000294881640002, 0.000321966857882, 3.64422048733e-05, -0.000269229320111, -0.00332463765517, 0.00984557811171, -0.00343499821611, 0.00134415482171, -0.00322798127308, 0.00148055842146, -0.0018020226853, -0.00144009897485, -0.00197642226703], [0.000114497212053, 0.000350243848516, 0.00037018142757, -0.000850217591505, 0.000297838938423, -0.00343499821611, 0.00988946016878, -0.00487832725048, 0.0028918532189, -0.00299927475862, -6.97838986525e-05, 0.000723432225641, 0.000327721325448], [0.000116679701023, -0.000648754183203, -0.000842443201691, 0.000229300436331, -0.00240321247838, 0.00134415482171, -0.00487832725048, 0.0129773300141, -0.00443929899484, 0.00296481489204, -0.000767873658333, -0.00111612398177, -8.10745186755e-05], [7.99607150839e-05, -1.59341725521e-05, -0.000122722834931, -0.000896882265806, 0.000364710605936, -0.00322798127308, 0.0028918532189, -0.00443929899484, 0.0115843517706, -0.00386295770295, 0.00296550313942, -0.00183375063352, -0.00162665103562], [-9.92976565612e-05, -0.000507807650138, -0.000684242288116, 0.000990637461655, -0.00262282299809, 0.00148055842146, -0.00299927475862, 0.00296481489204, -0.00386295770295, 0.0127818863839, -0.00853605382144, 0.00476348632947, -0.00131071521901], [0.000322063366184, 9.76453375188e-05, 0.000963966362178, -0.00193823303562, 0.00145542272367, -0.0018020226853, -6.97838986525e-05, -0.000767873658333, 0.00296550313942, -0.00853605382144, 0.02094046399, -0.0115841962397, 0.00284512061626], [-3.56920850209e-06, 0.000416507333284, -0.000486392673338, 0.00157734320965, -0.00093395751901, -0.00144009897485, 0.000723432225641, -0.00111612398177, -0.00183375063352, 0.00476348632947, -0.0115841962397, 0.0214652139693, -0.00692333839834], [1.42091048474e-05, -0.00012040285219, 0.000991411623545, -0.000229504221352, 0.0013846718939, -0.00197642226703, 0.000327721325448, -8.10745186755e-05, -0.00162665103562, -0.00131071521901, 0.00284512061626, -0.00692333839834, 0.0176882054657]]}, "spectral_contrast_coeffs": {"dmean": [0.0535334609449, 0.0452250279486, 0.0433595441282, 0.0333318524063, 0.0266509298235, 0.0250587016344], "dmean2": [0.0868413150311, 0.0745190680027, 0.0702280178666, 0.0528844706714, 0.0420590676367, 0.0388139858842], "dvar": [0.00242873770185, 0.00139936374035, 0.00129352265503, 0.000767950026784, 0.000551626551896, 0.000654578907415], "dvar2": [0.00574997160584, 0.00365068181418, 0.00328388833441, 0.00197432329878, 0.00127940054517, 0.00145382795017], "max": [-0.305530130863, -0.482377976179, -0.476462781429, -0.542272567749, -0.578640520573, -0.552046597004], "mean": [-0.670797646046, -0.7329646945, -0.732624709606, -0.758388280869, -0.775290727615, -0.768092930317], "median": [-0.674103975296, -0.737478733063, -0.731998383999, -0.759364724159, -0.777379870415, -0.773125708103], "min": [-0.984181761742, -0.974778413773, -0.961777150631, -0.975429832935, -0.975263655186, -0.958803892136], "var": [0.00804858934134, 0.00512944348156, 0.00460771657526, 0.00340934609994, 0.00270512374118, 0.00281834951602]}, "spectral_contrast_valleys": {"dmean": [0.47104126215, 0.399916291237, 0.430575489998, 0.370757609606, 0.390595167875, 0.654723763466], "dmean2": [0.732559144497, 0.634037196636, 0.648861050606, 0.560653030872, 0.568410933018, 0.844030320644], "dvar": [0.299360722303, 0.182111412287, 0.214163780212, 0.202589854598, 0.217202007771, 0.467970460653], "dvar2": [0.556136786938, 0.345739752054, 0.392654687166, 0.364203542471, 0.422531872988, 1.02142643929], "max": [-4.81406164169, -4.83682727814, -5.23629665375, -5.5099992