{"lowlevel": {"average_loudness": 0.213041543961, "barkbands_crest": {"dmean": 2.47420525551, "dmean2": 3.98755431175, "dvar": 5.79383087158, "dvar2": 14.5252923965, "max": 25.3518943787, "mean": 11.9123802185, "median": 11.204908371, "min": 3.35558152199, "var": 18.562713623}, "barkbands_flatness_db": {"dmean": 0.0292415767908, "dmean2": 0.043306607753, "dvar": 0.000909575494006, "dvar2": 0.00191682728473, "max": 0.572230994701, "mean": 0.220963537693, "median": 0.205818265676, "min": 0.0431920625269, "var": 0.00966299697757}, "barkbands_kurtosis": {"dmean": 7.66835737228, "dmean2": 11.7854328156, "dvar": 209.952896118, "dvar2": 482.073699951, "max": 302.469085693, "mean": 15.9772949219, "median": 7.65160703659, "min": -1.89880478382, "var": 739.802307129}, "barkbands_skewness": {"dmean": 0.760005474091, "dmean2": 1.14806568623, "dvar": 0.780352890491, "dvar2": 1.76496505737, "max": 14.7014007568, "mean": 2.36666274071, "median": 2.14107322693, "min": -2.45166254044, "var": 3.9197936058}, "barkbands_spread": {"dmean": 3.62898373604, "dmean2": 5.64233064651, "dvar": 40.4183082581, "dvar2": 93.0904693604, "max": 113.579498291, "mean": 11.0276689529, "median": 7.81534004211, "min": 0.179242625833, "var": 109.094009399}, "dissonance": {"dmean": 0.0272789373994, "dmean2": 0.0445925146341, "dvar": 0.000693291716743, "dvar2": 0.00178351369686, "max": 0.499999940395, "mean": 0.42510831356, "median": 0.435468196869, "min": 0.184779211879, "var": 0.00269355089404}, "dynamic_complexity": 3.99498724937, "erbbands_crest": {"dmean": 2.54882335663, "dmean2": 3.87645244598, "dvar": 7.1481089592, "dvar2": 15.8420410156, "max": 32.5595588684, "mean": 11.9990758896, "median": 11.048459053, "min": 2.69058609009, "var": 29.8038520813}, "erbbands_flatness_db": {"dmean": 0.0239440705627, "dmean2": 0.0331961773336, "dvar": 0.000658854143694, "dvar2": 0.0013210431207, "max": 0.443301022053, "mean": 0.193805754185, "median": 0.18149253726, "min": 0.0637618750334, "var": 0.0054633510299}, "erbbands_kurtosis": {"dmean": 2.14529776573, "dmean2": 3.24979519844, "dvar": 22.7745380402, "dvar2": 49.8345756531, "max": 235.353302002, "mean": 4.83299779892, "median": 0.779565453529, "min": -1.92381644249, "var": 308.854675293}, "erbbands_skewness": {"dmean": 0.442350775003, "dmean2": 0.650128662586, "dvar": 0.286353975534, "dvar2": 0.614160120487, "max": 12.5354089737, "mean": 1.13814592361, "median": 0.893720626831, "min": -4.43463087082, "var": 2.13991546631}, "erbbands_spread": {"dmean": 7.83293390274, "dmean2": 11.6486825943, "dvar": 123.247711182, "dvar2": 263.749328613, "max": 192.330947876, "mean": 32.1589622498, "median": 27.7648258209, "min": 0.864966988564, "var": 482.317047119}, "hfc": {"dmean": 4.29901981354, "dmean2": 5.79240989685, "dvar": 66.1846542358, "dvar2": 143.798202515, "max": 191.877166748, "mean": 11.1997203827, "median": 7.32372951508, "min": 1.14951066265e-16, "var": 166.025939941}, "melbands_crest": {"dmean": 3.293166399, "dmean2": 5.2040605545, "dvar": 10.434967041, "dvar2": 25.1878795624, "max": 33.1668205261, "mean": 16.7262554169, "median": 16.1512107849, "min": 1.50468242168, "var": 40.0076408386}, "melbands_flatness_db": {"dmean": 0.0328389257193, "dmean2": 0.0481309592724, "dvar": 0.0012217105832, "dvar2": 0.0025495486334, "max": 0.708761751652, "mean": 0.302815496922, "median": 0.29418104887, "min": 0.00308630475774, "var": 0.0157751888037}, "melbands_kurtosis": {"dmean": 15.379573822, "dmean2": 22.9712104797, "dvar": 1094.18847656, "dvar2": 2236.95800781, "max": 1018.93908691, "mean": 32.8568572998, "median": 13.8486871719, "min": -1.88531470299, "var": 4629.13427734}, "melbands_skewness": {"dmean": 0.960970401764, "dmean2": 1.4391592741, "dvar": 1.39938163757, "dvar2": 3.06790137291, "max": 22.1170272827, "mean": 3.27847623825, "median": 2.78809547424, "min": -0.832372307777, "var": 6.69651937485}, "melbands_spread": {"dmean": 3.95509982109, "dmean2": 6.13387298584, "dvar": 60.2786483765, "dvar2": 139.504562378, "max": 246.978179932, "mean": 14.2129983902, "median": 7.23647975922, "min": 0.260303109884, "var": 573.24987793}, "pitch_salience": {"dmean": 0.072050139308, "dmean2": 0.116124585271, "dvar": 0.00526442378759, "dvar2": 0.0129715828225, "max": 0.924538254738, "mean": 0.494728416204, "median": 0.494892179966, "min": 0.0857043042779, "var": 0.0178832765669}, "silence_rate_20dB": {"dmean": 0.00152817578055, "dmean2": 0.00305693550035, "dvar": 0.00152585853357, "dvar2": 0.00304766185582, "max": 1, "mean": 0.996944248676, "median": 1, "min": 0, "var": 0.00304650329053}, "silence_rate_30dB": {"dmean": 0.0225405916572, "dmean2": 0.0450897961855, "dvar": 0.0220335684717, "dvar2": 0.0499341972172, "max": 1, "mean": 0.960657000542, "median": 1, "min": 0, "var": 0.0377930812538}, "silence_rate_60dB": {"dmean": 0.0485195815563, "dmean2": 0.0970577001572, "dvar": 0.0461637526751, "dvar2": 0.101394884288, "max": 1, "mean": 0.131398007274, "median": 0, "min": 0, "var": 0.114136897027}, "spectral_centroid": {"dmean": 149.060852051, "dmean2": 222.751647949, "dvar": 73615.4375, "dvar2": 132956.828125, "max": 11365.3935547, "mean": 769.278320312, "median": 534.121582031, "min": 124.231208801, "var": 567624.8125}, "spectral_complexity": {"dmean": 2.19063997269, "dmean2": 3.30875039101, "dvar": 10.0246419907, "dvar2": 20.5187759399, "max": 39, "mean": 9.49388885498, "median": 9, "min": 0, "var": 37.0287132263}, "spectral_decrease": {"dmean": 3.57084428693e-09, "dmean2": 5.1712585325e-09, "dvar": 3.82911798631e-17, "dvar2": 8.92853657757e-17, "max": 1.21767620156e-17, "mean": -8.14025913343e-09, "median": -5.05979924625e-09, "min": -1.14726930178e-07, "var": 1.12949739169e-16}, "spectral_energy": {"dmean": 0.0138041852042, "dmean2": 0.019922208041, "dvar": 0.000565228576306, "dvar2": 0.00131513562519, "max": 0.438247948885, "mean": 0.0317390374839, "median": 0.0198609549552, "min": 1.0523430527e-20, "var": 0.0016729044728}, "spectral_energyband_high": {"dmean": 0.00013400305761, "dmean2": 0.000194522144739, "dvar": 1.6284930382e-07, "dvar2": 3.75499553229e-07, "max": 0.00997814536095, "mean": 0.000221488531679, "median": 4.04980055464e-05, "min": 7.42186269805e-21, "var": 2.42241156911e-07}, "spectral_energyband_low": {"dmean": 0.00892868638039, "dmean2": 0.0137919932604, "dvar": 0.000341200910043, "dvar2": 0.000843157991767, "max": 0.360843777657, "mean": 0.0148526579142, "median": 0.00555360177532, "min": 3.27025222822e-23, "var": 0.000825528055429}, "spectral_energyband_middle_high": {"dmean": 0.000890950788744, "dmean2": 0.00125434203073, "dvar": 4.13566749558e-06, "dvar2": 8.07679316495e-06, "max": 0.0395320206881, "mean": 0.00222346186638, "median": 0.000864096451551, "min": 1.80714184775e-21, "var": 1.27208450067e-05}, "spectral_energyband_middle_low": {"dmean": 0.00749083468691, "dmean2": 0.0105762938038, "dvar": 0.000212577419006, "dvar2": 0.000470335799037, "max": 0.271961092949, "mean": 0.0170744452626, "median": 0.0102723184973, "min": 1.85161772461e-22, "var": 0.000515091582201}, "spectral_entropy": {"dmean": 0.272923350334, "dmean2": 0.396274387836, "dvar": 0.0949146747589, "dvar2": 0.201089248061, "max": 9.78556251526, "mean": 6.73425340652, "median": 6.78304195404, "min": 3.58756995201, "var": 0.923124969006}, "spectral_flux": {"dmean": 0.0340766198933, "dmean2": 0.0533135160804, "dvar": 0.00191371282563, "dvar2": 0.00418438622728, "max": 0.4827516675, "mean": 0.0714749544859, "median": 0.0551469027996, "min": 1.02583774808e-10, "var": 0.00374599918723}, "spectral_kurtosis": {"dmean": 5.14660644531, "dmean2": 8.25174999237, "dvar": 79.283782959, "dvar2": 192.478408813, "max": 221.039642334, "mean": 14.8499774933, "median": 7.81407546997, "min": -1.16170239449, "var": 505.994140625}, "spectral_rms": {"dmean": 0.001104800147, "dmean2": 0.00150349712931, "dvar": 2.10085568142e-06, "dvar2": 4.43911085313e-06, "max": 0.0206774994731, "mean": 0.00470971455798, "median": 0.00440187938511, "min": 3.20417867586e-12, "var": 8.78329137777e-06}, "spectral_rolloff": {"dmean": 259.762908936, "dmean2": 438.116149902, "dvar": 667156.4375, "dvar2": 1517220.875, "max": 19875.1464844, "mean": 1313.49023438, "median": 430.6640625, "min": 86.1328125, "var": 11643690}, "spectral_skewness": {"dmean": 0.444167256355, "dmean2": 0.696332752705, "dvar": 0.314210683107, "dvar2": 0.738474011421, "max": 12.490647316, "mean": 2.64551329613, "median": 2.27663373947, "min": -0.0413256399333, "var": 2.57897663116}, "spectral_spread": {"dmean": 674941.5, "dmean2": 982464.125, "dvar": 937033269248, "dvar2": 1688786829310.0, "max": 39395712, "mean": 4270333, "median": 3974437, "min": 502786.375, "var": 4756375863300.0}, "spectral_strongpeak": {"dmean": 0.340847313404, "dmean2": 0.558356285095, "dvar": 0.407585322857, "dvar2": 1.12211000919, "max": 15.1622619629, "mean": 0.793788671494, "median": 0.60795456171, "min": 0, "var": 0.621609449387}, "zerocrossingrate": {"dmean": 0.00776474457234, "dmean2": 0.00950450543314, "dvar": 0.000166188940057, "dvar2": 0.000224356364924, "max": 0.5302734375, "mean": 0.0498616658151, "median": 0.02783203125, "min": 0.00390625, "var": 0.00800349377096}, "barkbands": {"dmean": [5.96031350142e-05, 0.00367722194642, 0.00463131722063, 0.00342128239572, 0.00335999485105, 0.00107007636689, 0.00079928082414, 0.000401150027756, 0.00027201816556, 0.000328261783579, 0.000121938202938, 0.000126372498926, 0.00012907407654, 8.47111441544e-05, 0.000102691701613, 0.000135202222737, 0.000163399075973, 6.1956110585e-05, 3.98240263166e-05, 2.21703794523e-05, 2.2898782845e-05, 2.213042535e-05, 1.65647907124e-05, 2.56535568042e-05, 2.4011995265e-05, 2.61149070866e-05, 4.58666227132e-06], "dmean2": [9.95218433673e-05, 0.00595864513889, 0.00723212584853, 0.00533037306741, 0.00497096218169, 0.00154691573698, 0.00119753158651, 0.000610003247857, 0.000414624839323, 0.000448690727353, 0.000190419392311, 0.000194735956029, 0.000192287319805, 0.000125693302834, 0.000170628569322, 0.000209107267438, 0.00024293930619, 9.52931877691e-05, 6.440209836e-05, 3.53074428858e-05, 3.45447915606e-05, 3.3859458199e-05, 2.61819441221e-05, 3.87238433177e-05, 3.54025214619e-05, 4.21318218287e-05, 7.48296315578e-06], "dvar": [7.07794782784e-08, 0.000108694890514, 8.39057538542e-05, 6.97154391673e-05, 5.761740249e-05, 4.27344411946e-06, 3.48328740074e-06, 1.24737937313e-06, 4.32885855162e-07, 1.26613406337e-06, 1.73268233539e-07, 2.88354385702e-07, 1.66445971672e-07, 8.31960562664e-08, 1.37072319717e-07, 7.29035775748e-07, 3.99397464435e-07, 5.73683571758e-08, 1.23089369808e-08, 4.30617141944e-09, 2.7959123905e-09, 4.94410823393e-09, 1.78666470507e-09, 5.75341951858e-09, 9.44368405698e-09, 3.15070103341e-08, 1.43494682803e-09], "dvar2": [1.88432181858e-07, 0.000290593190584, 0.000202298004297, 0.000164759811014, 0.000124101352412, 8.27266740089e-06, 7.44214412407e-06, 2.82742348645e-06, 9.63720253822e-07, 1.80624340373e-06, 4.22441218006e-07, 6.10667711953e-07, 3.43224684229e-07, 1.76543508701e-07, 3.73985045599e-07, 1.64612833942e-06, 8.3713729282e-07, 1.17855563531e-07, 3.22029052313e-08, 1.09520597036e-08, 6.40800346119e-09, 9.51607503907e-09, 4.37688152388e-09, 1.36482016799e-08, 1.9344620128e-08, 7.92419641016e-08, 3.94014110228e-09], "max": [0.00328753399663, 0.171078681946, 0.200825706124, 0.184300109744, 0.182711705565, 0.0420406535268, 0.0435039252043, 0.0215424224734, 0.0113859884441, 0.0408170558512, 0.00989715754986, 0.0173118021339, 0.0098608834669, 0.00860202498734, 0.0106988381594, 0.0371477343142, 0.0331664159894, 0.00858333334327, 0.00264278496616, 0.00236298399977, 0.00111090822611, 0.00350112956949, 0.00100238190498, 0.00162479584105, 0.00258753378876, 0.00491995038465, 0.00151567347348], "mean": [4.96186294185e-05, 0.00488087115809, 0.00755809247494, 0.0052710021846, 0.00579204317182, 0.00277670705691, 0.00159824208822, 0.00064134655986, 0.000445437937742, 0.000777342182118, 0.00022299491684, 0.000254772690823, 0.000230986013776, 0.000165885139722, 0.000158205613843, 0.000204302530619, 0.000293866876746, 0.000109737753519, 6.68067659717e-05, 3.92912188545e-05, 4.30665459135e-05, 3.80307028536e-05, 2.65064572886e-05, 3.45973785443e-05, 3.01232303173e-05, 2.52277204709e-05, 3.9647761696e-06], "median": [9.2117454642e-07, 0.000996179878712, 0.00206036074087, 0.00146530824713, 0.00155702070333, 0.000781126262154, 0.000441097858129, 0.000127600273117, 0.000111368099169, 7.31520849513e-05, 4.13588531956e-05, 2.09246063605e-05, 4.36801492469e-05, 3.79873017664e-05, 3.68178261851e-05, 2.70189520961e-05, 4.13588750234e-05, 1.66890386026e-05, 1.20224294733e-05, 6.73751856084e-06, 8.36873186927e-06, 6.24604854238e-06, 4.66987239633e-06, 4.73776617582e-06, 3.1419442621e-06, 1.56904616233e-06, 1.63659535701e-07], "min": [3.87699575823e-23, 2.0000608997e-23, 2.9407754387e-24, 1.09742601767e-24, 2.49450124461e-23, 2.4359702898e-23, 4.59289744268e-23, 1.21595982341e-23, 4.35477283646e-23, 1.84519639685e-22, 1.28082523663e-22, 1.53352893901e-22, 1.01125398416e-22, 1.36371293453e-22, 1.00878983512e-22, 1.20896051303e-22, 2.32992403385e-22, 2.62195327277e-22, 3.32644948004e-22, 2.06605712925e-22, 3.54234619476e-22, 4.79847453147e-22, 7.34722025006e-22, 8.02839621436e-22, 1.2047556446e-21, 1.74806265354e-21, 2.27204845206e-21], "var": [5.4536048566e-08, 0.000171040039277, 0.000251324818237, 0.000142051983858, 0.000125302554807, 2.21626814891e-05, 8.34035836306e-06, 1.97874805963e-06, 8.15695671008e-07, 5.6832318478e-06, 3.21877905662e-07, 7.63150126204e-07, 3.73762333084e-07, 2.47887982141e-07, 1.54077739012e-07, 9.51137621996e-07, 1.11786914658e-06, 1.41787921848e-07, 2.50082603515e-08, 7.59347162926e-09, 7.15565784404e-09, 1.06830206903e-08, 3.01089886356e-09, 7.47954587155e-09, 1.39758791207e-08, 2.67057913561e-08, 9.65305613221e-10]}, "erbbands": {"dmean": [0.056052070111, 1.03740394115, 5.05404376984, 7.71433401108, 16.0710773468, 7.47052049637, 5.95179510117, 9.12767982483, 10.2635583878, 11.6972389221, 8.09883117676, 6.29222249985, 10.839682579, 6.07257127762, 5.16791629791, 5.25136518478, 6.56908273697, 4.61763429642, 4.86650753021, 4.37588787079, 9.37038898468, 7.11602640152, 4.00628852844, 1.98065543175, 1.88766491413, 1.04918444157, 1.09344112873, 0.840822100639, 0.769955515862, 0.659861922264, 0.444739252329, 0.472673565149, 0.49088293314, 0.29362899065, 0.162192091346, 0.10161280632, 0.0546213872731, 0.00691501563415, 0.000787794648204, 5.93823497184e-05], "dmean2": [0.0931867882609, 1.66915750504, 7.72348690033, 11.9592552185, 24.0628376007, 11.2251558304, 8.7010307312, 13.4687232971, 15.5383052826, 17.1609096527, 12.234246254, 9.43050956726, 14.4914693832, 9.16696834564, 7.92887830734, 7.95950984955, 9.63664340973, 6.78230762482, 7.99320173264, 6.7867937088, 14.3238143921, 10.691283226, 5.96510219574, 3.27049279213, 2.98623490334, 1.64202940464, 1.72470080853, 1.26235544682, 1.17211937904, 1.01859307289, 0.708639085293, 0.714821994305, 0.76081597805, 0.437718629837, 0.245150998235, 0.159271880984, 0.0902981981635, 0.0111915627494, 0.00127552077174, 9.39368474064e-05], "dvar": [0.0401757955551, 7.60238027573, 104.019927979, 253.456954956, 1608.11706543, 243.65007019, 130.261642456, 351.507293701, 578.421081543, 988.379943848, 538.153503418, 254.601928711, 1722.45654297, 306.6171875, 231.444198608, 321.992462158, 424.125061035, 208.113586426, 352.440155029, 295.735046387, 1799.91638184, 632.898742676, 230.495361328, 30.6466217041, 32.3294639587, 12.2612695694, 7.22506570816, 4.01401042938, 5.48311424255, 4.92198610306, 1.32610809803, 1.75594222546, 2.55574178696, 1.68985927105, 0.411753952503, 0.252076417208, 0.186928004026, 0.00351250334643, 4.58716422145e-05, 1.47510306192e-07], "dvar2": [0.109568588436, 19.8634490967, 236.507446289, 588.334777832, 3680.35839844, 508.28302002, 261.468322754, 719.79309082, 1251.47192383, 2093.42553711, 1193.50134277, 562.977844238, 2368.33007812, 654.271850586, 533.534362793, 660.649169922, 855.435974121, 421.413299561, 958.783935547, 632.070617676, 4038.44970703, 1413.984375, 471.412078857, 82.0803909302, 79.0377883911, 32.793586731, 17.0989513397, 9.40917301178, 9.66304683685, 10.9555673599, 3.42828297615, 4.06083440781, 6.28647422791, 3.49690651894, 0.922927796841, 0.603629052639, 0.478077054024, 0.00930834189057, 0.000127533596242, 3.95324491365e-07], "max": [2.91311788559, 51.4222145081, 271.402282715, 267.785552979, 834.055969238, 257.281799316, 250.440643311, 409.385986328, 650.625671387, 578.148925781, 585.808227539, 292.830871582, 1500.30078125, 513.716247559, 293.617095947, 458.831573486, 494.783691406, 435.137512207, 561.419372559, 642.007995605, 1604.01000977, 974.030456543, 531.973693848, 113.620681763, 156.536132812, 142.821960449, 70.6121673584, 36.0571784973, 137.944335938, 89.6904983521, 17.1968784332, 20.6423435211, 41.1078414917, 34.3530502319, 17.1786136627, 17.8751983643, 12.7602958679, 2.05848908424, 0.282668858767, 0.00933215674013], "mean": [0.0583079904318, 1.45552873611, 8.33171653748, 13.0563411713, 24.3990192413, 14.8354644775, 15.9666404724, 22.5591583252, 20.2996673584, 22.7422943115, 13.5339479446, 11.1498479843, 27.5624732971, 11.9696769714, 10.4591655731, 10.9777946472, 12.3867835999, 9.42316818237, 7.83880472183, 7.015396595, 16.3555049896, 12.9529666901, 7.62207698822, 3.31942367554, 3.28420472145, 1.96223676205, 1.8520860672, 1.60983157158, 1.37205922604, 1.08500993252, 0.698560833931, 0.675799489021, 0.616747319698, 0.37512075901, 0.192421913147, 0.10866074264, 0.0498770140111, 0.00624260865152, 0.00070197111927, 7.56534282118e-05], "median": [0.00901173613966, 0.332914441824, 2.33224511147, 5.45304870605, 6.07537508011, 4.18413066864, 4.68546867371, 6.2419090271, 7.37647914886, 5.4251947403, 3.36058139801, 3.32113361359, 2.50862407684, 3.14329266548, 2.73974466324, 1.81561458111, 2.80446434021, 2.69036817551, 1.92613446712, 1.77497255802, 2.48310804367, 2.11881375313, 1.18829321861, 0.731354355812, 0.562814593315, 0.348295152187, 0.29716527462, 0.338553488255, 0.238878548145, 0.163680583239, 0.132560640574, 0.0956722646952, 0.0785954669118, 0.0383299067616, 0.0198749452829, 0.00999728403986, 0.00202138628811, 0.00030074454844, 4.36219743278e-05, 2.8463671697e-05], "min": [7.73369444091e-22, 4.01270000352e-21, 4.00049545442e-21, 3.32922202951e-21, 2.55797009508e-20, 1.16386819577e-19, 1.94891778554e-19, 1.77411267937e-19, 4.34556232877e-19, 5.813042257e-19, 5.3323438216e-19, 1.18916591215e-18, 3.6292665181e-18, 4.48645807046e-18, 7.14027350558e-18, 7.05935787087e-18, 4.44557673664e-18, 5.26498391938e-18, 6.02218008903e-18, 7.99893578506e-18, 6.82968621072e-18, 1.32119802066e-17, 1.37129745523e-17, 1.51215349225e-17, 1.50247729888e-17, 9.42578346423e-18, 1.52085228901e-17, 1.49090189882e-17, 1.80013625707e-17, 1.7903075316e-17, 1.89465239541e-17, 1.52614624493e-17, 1.39644779904e-17, 1.30962518486e-17, 8.58653428654e-18, 6.82520495975e-18, 3.23076315902e-18, 1.31479551864e-18, 2.89104819816e-19, 3.12109009919e-20], "var": [0.0313171632588, 14.9175186157, 379.829986572, 522.312805176, 2814.40478516, 756.523742676, 596.342224121, 1535.44921875, 1302.62390137, 2260.79248047, 908.432556152, 482.022003174, 8064.0078125, 801.250671387, 503.689117432, 892.554321289, 985.776855469, 676.940795898, 407.175476074, 429.174224854, 3250.92211914, 1436.28894043, 587.06854248, 49.0863571167, 70.6026229858, 20.1434593201, 14.5501203537, 10.138176918, 13.0345544815, 9.06410884857, 1.95640361309, 2.48293447495, 2.92880177498, 2.4621758461, 0.522744238377, 0.249600797892, 0.150741368532, 0.00257693394087, 2.97149636026e-05, 1.0721697663e-07]}, "gfcc": {"mean": [-101.531974792, 114.652809143, -86.375541687, 23.1968917847, -45.3484344482, 4.40424442291, -42.8633270264, 0.848674297333, -23.3529567719, -4.63152170181, -18.008441925, -2.69670200348, -11.4503507614], "cov": [[36317.7539062, 3658.35302734, -1979.92285156, 578.494628906, -1267.12841797, 327.691101074, -837.918701172, 336.312164307, -250.270706177, 14.927775383, -559.159484863, -168.168212891, -350.252746582], [3658.35302734, 3295.61572266, 21.6269874573, -262.604888916, 314.953460693, -338.494293213, -29.3072528839, -259.266052246, -13.8925800323, -343.3097229, 73.9324645996, -131.297821045, 115.198661804], [-1979.92285156, 21.6269874573, 1527.7611084, 431.319976807, 386.669799805, 77.4217071533, 26.3268566132, -116.876411438, -151.855438232, -78.6264190674, -124.302909851, -56.3459281921, 24.6207408905], [578.494628906, -262.604888916, 431.319976807, 725.564697266, 82.7279052734, 124.854736328, -9.76801300049, -40.3871536255, -38.3308753967, -11.819893837, -50.328868866, -57.624912262, -21.699596405], [-1267.12841797, 314.953460693, 386.669799805, 82.7279052734, 470.502197266, -15.2117195129, 41.078666687, -57.3417205811, -45.6849822998, -76.1294784546, -17.8347816467, -11.6254463196, 40.7469406128], [327.691101074, -338.494293213, 77.4217071533, 124.854736328, -15.2117195129, 258.413269043, 68.9367523193, 58.8186798096, 6.89041757584, 44.320892334, -14.5226554871, 16.0713596344, -26.4266109467], [-837.918701172, -29.3072528839, 26.3268566132, -9.76801300049, 41.078666687, 68.9367523193, 177.623382568, 39.270362854, 19.3470935822, -25.9463672638, 22.9762496948, 12.5317440033, 24.4963512421], [336.312164307, -259.266052246, -116.876411438, -40.3871536255, -57.3417205811, 58.8186798096, 39.270362854, 151.907012939, 38.6304740906, 49.3117637634, -24.5587005615, 26.9241695404, -13.7255735397], [-250.270706177, -13.8925800323, -151.855438232, -38.3308753967, -45.6849822998, 6.89041757584, 19.3470935822, 38.6304740906, 146.945709229, 59.7449455261, 55.2277641296, -2.1685693264, -7.67209720612], [14.927775383, -343.3097229, -78.6264190674, -11.819893837, -76.1294784546, 44.320892334, -25.9463672638, 49.3117637634, 59.7449455261, 163.558761597, 37.6681175232, 9.80085659027, -44.0426712036], [-559.159484863, 73.9324645996, -124.302909851, -50.328868866, -17.8347816467, -14.5226554871, 22.9762496948, -24.5587005615, 55.2277641296, 37.6681175232, 138.406112671, 28.7859153748, -3.54893136024], [-168.168212891, -131.297821045, -56.3459281921, -57.624912262, -11.6254463196, 16.0713596344, 12.5317440033, 26.9241695404, -2.1685693264, 9.80085659027, 28.7859153748, 94.8433303833, 30.6290531158], [-350.252746582, 115.198661804, 24.6207408905, -21.699596405, 40.7469406128, -26.4266109467, 24.4963512421, -13.7255735397, -7.67209720612, -44.0426712036, -3.54893136024, 30.6290531158, 111.399940491]], "icov": [[0.00010667621973, -0.000291068310617, 0.000175779176061, -0.000249279924901, 0.0002650488168, -0.000332053983584, 0.000387277279515, -0.000339461927069, 0.000345420528902, -0.000347360328306, 0.000560234300792, -0.000331152172294, 0.00024163913622], [-0.000291068310617, 0.00135392567609, -0.00047605522559, 0.000919167650864, -0.000958398624789, 0.00106891675387, -0.000747557089198, 0.00111883925274, -0.0012216080213, 0.00209266832098, -0.00217042095028, 0.00183985813055, -0.000956410658546], [0.000175779176061, -0.00047605522559, 0.00143047771417, -0.000866971968208, -0.000284868234303, -0.000665703904815, 0.000240747787757, 0.000244256894803, 0.00112231913954, -0.00107459514402, 0.00180312374141, -0.000571223383304, 0.000350302958395], [-0.000249279924901, 0.000919167650864, -0.000866971968208, 0.00260514742695, -0.000682689948007, -0.000248256139457, -0.00022724486189, 0.00106780254282, -0.000995236914605, 0.00153260480147, -0.00170778483152, 0.00217163097113, -0.000776959641371], [0.0002650488168, -0.000958398624789, -0.000284868234303, -0.000682689948007, 0.00369993434288, -0.000639503938146, 0.000313935626764, -0.000653798342682, 0.000922563485801, -0.000580287131015, 0.0013593143085, -0.00116216694005, 0.000296730082482], [-0.000332053983584, 0.00106891675387, -0.000665703904815, -0.000248256139457, -0.000639503938146, 0.00707542290911, -0.00391885312274, 0.000427155842772, -0.000960723264143, -0.000307917740429, -0.000608578207903, -0.000576436868869, 0.000727324746549], [0.000387277279515, -0.000747557089198, 0.000240747787757, -0.00022724486189, 0.000313935626764, -0.00391885312274, 0.0104729868472, -0.00473303999752, 0.00057888077572, 0.00263013830408, -0.00206486764364, 0.00111694657244, -0.00133054947946], [-0.000339461927069, 0.00111883925274, 0.000244256894803, 0.00106780254282, -0.000653798342682, 0.000427155842772, -0.00473303999752, 0.0135825043544, -0.00412974832579, -0.00176924979314, 0.00463829841465, -0.00330259860493, 0.0010563689284], [0.000345420528902, -0.0012216080213, 0.00112231913954, -0.000995236914605, 0.000922563485801, -0.000960723264143, 0.00057888077572, -0.00412974832579, 0.0121040279046, -0.00435291510075, -0.00220034760423, 0.00200917315669, -0.00080394197721], [-0.000347360328306, 0.00209266832098, -0.00107459514402, 0.00153260480147, -0.000580287131015, -0.000307917740429, 0.00263013830408, -0.00176924979314, -0.00435291510075, 0.0140393944457, -0.00643514329568, 0.00282442080788, 0.000891938630957], [0.000560234300792, -0.00217042095028, 0.00180312374141, -0.00170778483152, 0.0013593143085, -0.000608578207903, -0.00206486764364, 0.00463829841465, -0.00220034760423, -0.00643514329568, 0.0174624864012, -0.00870035588741, 0.0039114006795], [-0.000331152172294, 0.00183985813055, -0.000571223383304, 0.00217163097113, -0.00116216694005, -0.000576436868869, 0.00111694657244, -0.00330259860493, 0.00200917315669, 0.00282442080788, -0.00870035588741, 0.0188745800406, -0.00697034737095], [0.00024163913622, -0.000956410658546, 0.000350302958395, -0.000776959641371, 0.000296730082482, 0.000727324746549, -0.00133054947946, 0.0010563689284, -0.00080394197721, 0.000891938630957, 0.0039114006795, -0.00697034737095, 0.0133217507973]]}, "melbands": {"dmean": [0.000747279147618, 0.00220046448521, 0.00160230824258, 0.000870966701768, 0.000206445853109, 0.00020486646099, 0.00015952969261, 0.000116456089017, 6.19449856458e-05, 3.8575315557e-05, 5.38605781912e-05, 2.440219032e-05, 1.8641445422e-05, 1.64388984558e-05, 1.27532066472e-05, 1.19919050121e-05, 8.66412301548e-06, 7.24935580365e-06, 6.85193117533e-06, 7.71248414821e-06, 1.2277047972e-05, 8.6241570898e-06, 5.78662638873e-06, 2.46074046117e-06, 1.60037063779e-06, 1.59456510573e-06, 9.71600684352e-07, 6.92740513841e-07, 7.58201338158e-07, 5.87124986851e-07, 5.22062862274e-07, 4.70110734341e-07, 4.12956666196e-07, 3.62653025832e-07, 2.50782363764e-07, 2.72990320127e-07, 2.94444504334e-07, 3.80663038868e-07, 2.70352330745e-07, 2.53362998137e-07], "dmean2": [0.00122694519814, 0.00339755206369, 0.00243326835334, 0.00129665422719, 0.000303659413476, 0.000298756262055, 0.000240373978158, 0.000171400111867, 9.43962513702e-05, 5.78701256018e-05, 7.21142860129e-05, 3.73676011804e-05, 2.88718565571e-05, 2.52182217082e-05, 1.90144110093e-05, 1.76826706593e-05, 1.28583169499e-05, 1.1977759641e-05, 1.13711612357e-05, 1.18460820886e-05, 1.88205867744e-05, 1.29682748593e-05, 8.63226159709e-06, 3.84760232919e-06, 2.68738904197e-06, 2.56984549196e-06, 1.56518706262e-06, 1.09245377189e-06, 1.21112429952e-06, 9.25982533317e-07, 7.891208611e-07, 7.32096907541e-07, 6.30877991625e-07, 5.68313566873e-07, 4.03763039003e-07, 4.40220418341e-07, 4.48219054761e-07, 6.03066609983e-07, 4.15856533209e-07, 3.7758485405e-07], "dvar": [5.47763283976e-06, 2.16457501665e-05, 1.17961571959e-05, 3.82939197152e-06, 1.58235621939e-07, 1.65663379903e-07, 1.38094961244e-07, 9.68132596313e-08, 3.00153430999e-08, 8.97457752558e-09, 4.25725694697e-08, 5.65718050183e-09, 3.61575458463e-09, 5.67010216557e-09, 1.40923239744e-09, 1.08845410463e-09, 8.18117851242e-10, 7.69118213562e-10, 7.38764827091e-10, 3.69582586757e-09, 2.25993335157e-09, 1.23734744673e-09, 5.03758423864e-10, 5.71731065269e-11, 2.19273904589e-11, 2.08781256172e-11, 7.95808818149e-12, 6.50843094696e-12, 4.13602875907e-12, 1.79219876786e-12, 1.67470854892e-12, 1.42547085247e-12, 3.01311211225e-12, 1.34736481954e-12, 4.11018522819e-13, 5.50371597255e-13, 7.22938798669e-13, 1.81359734088e-12, 9.3478566901e-13, 1.63652901994e-12], "dvar2": [1.49857796714e-05, 5.05608113599e-05, 2.77915733022e-05, 8.45365775604e-06, 3.13570154731e-07, 3.28685985096e-07, 2.96767183272e-07, 2.09486614722e-07, 6.65025865487e-08, 1.97325089601e-08, 5.83334021087e-08, 1.22334951058e-08, 8.69889493771e-09, 1.2101692981e-08, 2.87671730881e-09, 2.27642082962e-09, 1.63347313453e-09, 2.08983053085e-09, 2.03244332475e-09, 8.25755641642e-09, 4.9216954956e-09, 2.73405031948e-09, 1.02456254591e-09, 1.26696597658e-10, 5.98404450991e-11, 5.33783260648e-11, 1.94912766482e-11, 1.7723638529e-11, 9.72019253281e-12, 4.39223787549e-12, 3.94248566085e-12, 2.91986291916e-12, 4.91877762479e-12, 3.06308949559e-12, 1.0656224167e-12, 1.43436347869e-12, 1.65426624222e-12, 4.5213420681e-12, 2.10041272569e-12, 3.3447051552e-12], "max": [0.0379688031971, 0.117131076753, 0.0667604133487, 0.0447123385966, 0.00696078827605, 0.00874348636717, 0.0100118722767, 0.00640865601599, 0.00431486777961, 0.00163944100495, 0.00754544371739, 0.0022714366205, 0.00129658158403, 0.00256675691344, 0.000906636938453, 0.000628940470051, 0.00100149796344, 0.00087413622532, 0.000896531681065, 0.00275565031916, 0.00177456485108, 0.00162342505064, 0.000570247648284, 0.000208030818612, 0.000108497653855, 9.00998857105e-05, 8.95833290997e-05, 0.000111237786768, 5.60524167668e-05, 2.86550221062e-05, 2.61612276518e-05, 4.9386988394e-05, 0.000116179835459, 4.26987317041e-05, 9.55693667493e-06, 8.1159396359e-06, 1.45151871038e-05, 3.16485347867e-05, 2.8700047551e-05, 3.60545673175e-05], "mean": [0.000906135945115, 0.00356291187927, 0.00274632312357, 0.00145718036219, 0.000564484857023, 0.000512714905199, 0.000317685800837, 0.00022047838138, 0.000100125376775, 6.85392224113e-05, 0.000135416645207, 4.50043480669e-05, 3.57869685104e-05, 3.33452771883e-05, 2.40697863774e-05, 2.24375435209e-05, 1.68495407706e-05, 1.14493650472e-05, 1.01549776446e-05, 1.06754287117e-05, 2.16683602048e-05, 1.48733570313e-05, 1.0682408174e-05, 4.08538153351e-06, 2.43745944317e-06, 2.63857396021e-06, 1.71463705101e-06, 1.19166668355e-06, 1.18419518458e-06, 1.00154568372e-06, 9.31987642616e-07, 7.97045117906e-07, 6.68693985517e-07, 5.72187047965e-07, 3.8891641907e-07, 3.85079573562e-07, 4.06252041785e-07, 4.62609420993e-07, 3.40612785976e-07, 3.13340677849e-07], "median": [0.000174135057023, 0.000984101789072, 0.0011410578154, 0.000406397739425, 0.000174826331204, 0.000141918833833, 0.000105427396193, 5.46621704416e-05, 2.19517678488e-05, 1.70879447978e-05, 1.06791176222e-05, 1.00111683423e-05, 7.84284293331e-06, 3.17728836308e-06, 4.79441405332e-06, 4.8696392696e-06, 3.77430978915e-06, 2.46943250204e-06, 2.42983401222e-06, 1.75842501449e-06, 3.02246780848e-06, 2.21024629354e-06, 1.26769452891e-06, 7.29184080228e-07, 4.98901954415e-07, 4.34517744452e-07, 2.90980835871e-07, 1.93574081209e-07, 1.63655400343e-07, 1.79475208029e-07, 1.91067897504e-07, 1.45756558823e-07, 8.23001968797e-08, 8.80114754409e-08, 7.13657328788e-08, 5.94318052549e-08, 5.2888445623e-08, 5.47761658254e-08, 4.37685159227e-08, 2.62964281461e-08], "min": [7.66435482952e-24, 3.22116263682e-24, 9.19658579257e-25, 5.0693645385e-24, 6.31447300901e-24, 4.38240237412e-24, 7.51559459545e-24, 5.28891399475e-24, 4.94544553434e-24, 6.77785424347e-24, 1.95827556864e-23, 1.95468088727e-23, 1.97949040497e-23, 2.2216353619e-23, 1.1484754551e-23, 8.80334297005e-24, 1.0776074257e-23, 1.03355269959e-23, 1.04548603516e-23, 9.63264009641e-24, 8.25438255472e-24, 1.29465335299e-23, 1.56318641717e-23, 1.0490082991e-23, 1.24612578554e-23, 1.18612881162e-23, 7.27224993886e-24, 6.12738912331e-24, 1.07014858807e-23, 6.41857661609e-24, 1.04069741281e-23, 1.15012212335e-23, 7.90025342803e-24, 1.0897890158e-23, 1.0815858879e-23, 1.08298935034e-23, 9.18469016455e-24, 8.88805164291e-24, 1.10350194269e-23, 1.1753618069e-23], "var": [5.78787739869e-06, 7.13852568879e-05, 2.39089895331e-05, 7.86547298048e-06, 7.14027066806e-07, 7.8422903016e-07, 3.18822799272e-07, 2.06632279287e-07, 5.09396116399e-08, 1.79942745149e-08, 1.99009633661e-07, 1.41793146113e-08, 7.02510938311e-09, 1.48318823889e-08, 3.15443116072e-09, 2.55976195795e-09, 2.75421951912e-09, 9.08453201554e-10, 7.3100686615e-10, 4.10796019423e-09, 5.38186339938e-09, 2.86362178414e-09, 1.25976251653e-09, 1.23915988581e-10, 3.20182595714e-11, 4.21229370828e-11, 1.88770128001e-11, 8.49141416903e-12, 7.16758336711e-12, 3.90699755534e-12, 3.95885537893e-12, 3.25277868876e-12, 6.55798635882e-12, 2.40747352609e-12, 6.12909083295e-13, 6.86438427801e-13, 1.00215517308e-12, 1.95632572642e-12, 1.25546177187e-12, 2.39034399913e-12]}, "mfcc": {"mean": [-739.925109863, 148.264389038, 18.4177589417, 25.8937110901, 16.2370281219, 4.43384361267, -4.96147823334, 0.156970724463, -1.31562376022, -6.18178367615, -4.38203525543, 0.0143370097503, -4.22592258453], "cov": [[16445.7558594, 1152.00695801, -748.348144531, 155.16947937, -224.421279907, -178.275314331, -361.469665527, 29.0036830902, 126.25932312, 86.7950515747, 144.28767395, 134.438400269, 21.7280960083], [1152.00695801, 2778.52758789, -123.381660461, -26.0479068756, 128.278793335, -110.194450378, -49.2452201843, 31.4688148499, -31.5245189667, -130.421447754, -90.4795761108, -38.9394874573, -4.38317251205], [-748.348144531, -123.381660461, 979.125305176, 324.279571533, 234.805511475, 242.394561768, 162.260391235, 24.760219574, 36.482837677, 11.5372686386, -71.5352096558, -60.689743042, -96.4137039185], [155.16947937, -26.0479068756, 324.279571533, 471.525604248, 204.998931885, 150.060516357, 91.4383392334, 22.4672603607, 17.4785404205, 13.717675209, -60.9400901794, -73.9627609253, -35.4846992493], [-224.421279907, 128.278793335, 234.805511475, 204.998931885, 329.758209229, 142.212051392, 88.9994049072, 4.67134904861, 49.9853782654, -34.3313140869, -50.8747596741, -14.2462053299, -24.1840553284], [-178.275314331, -110.194450378, 242.394561768, 150.060516357, 142.212051392, 215.239395142, 102.335517883, 30.2727546692, 16.4367275238, 17.0536689758, -13.005027771, -6.14015102386, -29.7975463867], [-361.469665527, -49.2452201843, 162.260391235, 91.4383392334, 88.9994049072, 102.335517883, 174.786254883, 66.0532531738, 27.0117359161, -13.990489006, -19.0929260254, -22.9646320343, -28.6984214783], [29.0036830902, 31.4688148499, 24.760219574, 22.4672603607, 4.67134904861, 30.2727546692, 66.0532531738, 143.242950439, 43.5056610107, -10.2335882187, -1.43840157986, -4.97567892075, -14.5339946747], [126.25932312, -31.5245189667, 36.482837677, 17.4785404205, 49.9853782654, 16.4367275238, 27.0117359161, 43.5056610107, 138.513427734, 23.3036823273, -16.9081573486, 2.04899740219, -15.6327352524], [86.7950515747, -130.421447754, 11.5372686386, 13.717675209, -34.3313140869, 17.0536689758, -13.990489006, -10.2335882187, 23.3036823273, 134.390289307, 41.2577857971, 8.09155368805, 20.104888916], [144.28767395, -90.4795761108, -71.5352096558, -60.9400901794, -50.8747596741, -13.005027771, -19.0929260254, -1.43840157986, -16.9081573486, 41.2577857971, 130.137969971, 61.8405570984, 22.4334526062], [134.438400269, -38.9394874573, -60.689743042, -73.9627609253, -14.2462053299, -6.14015102386, -22.9646320343, -4.97567892075, 2.04899740219, 8.09155368805, 61.8405570984, 134.950164795, 41.1756019592], [21.7280960083, -4.38317251205, -96.4137039185, -35.4846992493, -24.1840553284, -29.7975463867, -28.6984214783, -14.5339946747, -15.6327352524, 20.104888916, 22.4334526062, 41.1756019592, 105.43145752]], "icov": [[7.40673494874e-05, -3.76474454242e-05, 6.32832961855e-05, -0.000137223629281, 0.000100799756183, -6.31038492429e-05, 0.000160932366271, -1.53070050146e-05, -0.000134007888846, 1.51100057337e-05, -7.64440992498e-05, -8.10986966826e-05, 6.70257068123e-05], [-3.76474454242e-05, 0.000436988280853, -4.08081677961e-06, 0.000146081991261, -0.000466861209134, 0.000381431105779, 0.00010019295587, -0.000306742935209, 0.000323357875459, 0.000119155338325, 0.000238162014284, 9.62716585491e-05, -5.99016084379e-06], [6.32832961855e-05, -4.08081677961e-06, 0.00176551379263, -0.000681658508256, -0.000129716645461, -0.00102364155464, -0.00043835042743, 0.000310800620355, -6.29611240583e-05, -0.000300689775031, 0.000388018641388, -0.000242285124841, 0.00103640044108], [-0.000137223629281, 0.000146081991261, -0.000681658508256, 0.00407730229199, -0.00202234461904, -0.000583135115448, -0.00015191626153, -0.000632732757367, 0.00103306968231, -0.00104954245035, 0.000642258266453, 0.00169912003912, -0.000420913944254], [0.000100799756183, -0.000466861209134, -0.000129716645461, -0.00202234461904, 0.00681869126856, -0.0031494833529, -0.000746206147596, 0.00221625017002, -0.00303577887826, 0.00258095911704, 0.000106620027509, -0.000811088830233, -0.000711312633939], [-6.31038492429e-05, 0.000381431105779, -0.00102364155464, -0.000583135115448, -0.0031494833529, 0.0103531843051, -0.00326740788296, -0.00109192472883, 0.00203091045842, -0.00256496621296, 0.000381514430046, -0.00153412867803, 0.00136844650842], [0.000160932366271, 0.00010019295587, -0.00043835042743, -0.00015191626153, -0.000746206147596, -0.00326740788296, 0.0106034390628, -0.00384884700179, -0.000471358915092, 0.00124479213264, -0.00056211987976, 0.00117228727322, 0.00013459121692], [-1.53070050146e-05, -0.000306742935209, 0.000310800620355, -0.000632732757367, 0.00221625017002, -0.00109192472883, -0.00384884700179, 0.010252318345, -0.00364393019117, 0.0018069302896, -0.0010968541028, 9.54916176852e-05, -6.16959368926e-05], [-0.000134007888846, 0.000323357875459, -6.29611240583e-05, 0.00103306968231, -0.00303577887826, 0.00203091045842, -0.000471358915092, -0.00364393019117, 0.0106155890971, -0.00392545526847, 0.00270154280588, -0.00141489843372, 0.00187850394286], [1.51100057337e-05, 0.000119155338325, -0.000300689775031, -0.00104954245035, 0.00258095911704, -0.00256496621296, 0.00124479213264, 0.0018069302896, -0.00392545526847, 0.0111656263471, -0.00408896524459, 0.00184031226672, -0.00273126387037], [-7.64440992498e-05, 0.000238162014284, 0.000388018641388, 0.000642258266453, 0.000106620027509, 0.000381514430046, -0.00056211987976, -0.0010968541028, 0.00270154280588, -0.00408896524459, 0.0123855657876, -0.00521460454911, 0.00100617774297], [-8.10986966826e-05, 9.62716585491e-05, -0.000242285124841, 0.00169912003912, -0.000811088830233, -0.00153412867803, 0.00117228727322, 9.54916176852e-05, -0.00141489843372, 0.00184031226672, -0.00521460454911, 0.0119162835181, -0.00402135495096], [6.70257068123e-05, -5.99016084379e-06, 0.00103640044108, -0.000420913944254, -0.000711312633939, 0.00136844650842, 0.00013459121692, -6.16959368926e-05, 0.00187850394286, -0.00273126387037, 0.00100617774297, -0.00402135495096, 0.012684373185]]}, "spectral_contrast_coeffs": {"dmean": [0.0529650598764, 0.0513854473829, 0.0410991348326, 0.0330540798604, 0.02498700656, 0.0193266104907], "dmean2": [0.0842465236783, 0.0816210508347, 0.0630995333195, 0.0512604080141, 0.0387920178473, 0.0302214231342], "dvar": [0.00220535951667, 0.00217152992263, 0.00142557069194, 0.000973951246124, 0.000703435798641, 0.000349752954207], "dvar2": [0.00535756209865, 0.00527465716004, 0.00293507985771, 0.00218134047464, 0.00139541225508, 0.000782080926001], "max": [-0.266804426908, -0.357362806797, -0.378696203232, -0.485729366541, -0.451073408127, -0.60727840662], "mean": [-0.591840684414, -0.662273049355, -0.736176967621, -0.777784109116, -0.792600929737, -0.797013580799], "median": [-0.592989385128, -0.659289300442, -0.742642521858, -0.784540295601, -0.805502533913, -0.79573571682], "min": [-0.974542438984, -0.988532662392, -0.971339583397, -0.958081185818, -0.955337762833, -0.959360659122], "var": [0.00982133764774, 0.0107806604356, 0.0103432424366, 0.00578205054626, 0.00504279555753, 0.00224382034503]}, "spectral_contrast_valleys": {"dmean": [0.521568894386, 0.483020722866, 0.44679543376, 0.429607987404, 0.395923674107, 0.457068502903], "dmean2": [0.793051242828, 0.752385854721, 0.676455080509, 0.644314825535, 0.576260387897, 0.620580792427], "dvar": [0.266594320536, 0.252526462078, 0.228506296873, 0.236671581864, 0.24060575664, 0.305145382881], "dvar2": [0.49603363871