{"lowlevel": {"average_loudness": 0.912231326103, "barkbands_crest": {"dmean": 3.60189366341, "dmean2": 5.54548788071, "dvar": 10.5679607391, "dvar2": 21.5755939484, "max": 26.2918739319, "mean": 14.6003608704, "median": 14.1083288193, "min": 2.53063821793, "var": 32.2271995544}, "barkbands_flatness_db": {"dmean": 0.0596828311682, "dmean2": 0.0806940123439, "dvar": 0.00391669617966, "dvar2": 0.00690679438412, "max": 0.849988520145, "mean": 0.248060137033, "median": 0.23596213758, "min": 0.0209086015821, "var": 0.0159728266299}, "barkbands_kurtosis": {"dmean": 31.2289085388, "dmean2": 45.6733093262, "dvar": 3127.54931641, "dvar2": 6181.69580078, "max": 1185.96948242, "mean": 45.642124176, "median": 15.7862892151, "min": -1.97936761379, "var": 6887.63183594}, "barkbands_skewness": {"dmean": 1.88411307335, "dmean2": 2.67031002045, "dvar": 4.02223777771, "dvar2": 8.0516834259, "max": 25.8956432343, "mean": 4.06123304367, "median": 3.30896520615, "min": -7.46622800827, "var": 12.8085565567}, "barkbands_spread": {"dmean": 10.7152042389, "dmean2": 16.5362815857, "dvar": 310.54888916, "dvar2": 621.817749023, "max": 132.29737854, "mean": 17.7388057709, "median": 6.38164615631, "min": 0.0901248902082, "var": 616.174560547}, "dissonance": {"dmean": 0.0313759334385, "dmean2": 0.0492721498013, "dvar": 0.00118719565216, "dvar2": 0.00281301885843, "max": 0.500000178814, "mean": 0.440380126238, "median": 0.457504808903, "min": 0.0905046015978, "var": 0.00299741630442}, "dynamic_complexity": 3.54597687721, "erbbands_crest": {"dmean": 3.59406328201, "dmean2": 5.50288391113, "dvar": 13.5380878448, "dvar2": 24.9601421356, "max": 31.4628601074, "mean": 11.5318861008, "median": 10.5676746368, "min": 2.28544306755, "var": 36.2200622559}, "erbbands_flatness_db": {"dmean": 0.0396352186799, "dmean2": 0.0534314960241, "dvar": 0.00215770397335, "dvar2": 0.00351244374178, "max": 0.675228714943, "mean": 0.182664379478, "median": 0.16487801075, "min": 0.0292114187032, "var": 0.0095990607515}, "erbbands_kurtosis": {"dmean": 5.70234966278, "dmean2": 8.68328285217, "dvar": 124.651893616, "dvar2": 253.500610352, "max": 149.448471069, "mean": 6.8898525238, "median": 0.928630590439, "min": -1.95432722569, "var": 220.367858887}, "erbbands_skewness": {"dmean": 0.932826399803, "dmean2": 1.3536683321, "dvar": 1.18584418297, "dvar2": 2.20457386971, "max": 10.0429134369, "mean": 1.46823680401, "median": 1.10924625397, "min": -7.89638471603, "var": 3.2492723465}, "erbbands_spread": {"dmean": 17.2461013794, "dmean2": 26.1661281586, "dvar": 431.295593262, "dvar2": 911.591064453, "max": 199.296630859, "mean": 43.7946128845, "median": 38.9659423828, "min": 0.627103388309, "var": 1038.61315918}, "hfc": {"dmean": 15.1871070862, "dmean2": 22.5653705597, "dvar": 845.091186523, "dvar2": 1906.75524902, "max": 854.662658691, "mean": 20.6276760101, "median": 6.99282503128, "min": 1.23420429591e-16, "var": 1277.65026855}, "melbands_crest": {"dmean": 4.06932258606, "dmean2": 6.22344350815, "dvar": 14.76948452, "dvar2": 31.6454467773, "max": 37.137512207, "mean": 19.8857555389, "median": 18.4236831665, "min": 2.57391834259, "var": 56.3824729919}, "melbands_flatness_db": {"dmean": 0.0704153999686, "dmean2": 0.0932366400957, "dvar": 0.00533212441951, "dvar2": 0.0097011430189, "max": 1, "mean": 0.336253345013, "median": 0.333190411329, "min": 0.00518079102039, "var": 0.0223791003227}, "melbands_kurtosis": {"dmean": 49.5639686584, "dmean2": 72.6872253418, "dvar": 5428.34375, "dvar2": 11469.5751953, "max": 1181.96313477, "mean": 78.4979095459, "median": 35.4153518677, "min": -1.98275065422, "var": 13253.6972656}, "melbands_skewness": {"dmean": 2.07169890404, "dmean2": 3.00705718994, "dvar": 4.36217069626, "dvar2": 9.47119808197, "max": 28.0258674622, "mean": 5.32364368439, "median": 4.44094800949, "min": -2.36583518982, "var": 13.8576784134}, "melbands_spread": {"dmean": 10.2008533478, "dmean2": 16.0414848328, "dvar": 500.379089355, "dvar2": 1186.01171875, "max": 294.272766113, "mean": 13.4371471405, "median": 4.00673437119, "min": 0.0984613671899, "var": 669.034545898}, "pitch_salience": {"dmean": 0.101276054978, "dmean2": 0.153156578541, "dvar": 0.00994391366839, "dvar2": 0.0205459129065, "max": 0.95236569643, "mean": 0.479043573141, "median": 0.509373426437, "min": 0.0276132244617, "var": 0.0332752428949}, "silence_rate_20dB": {"dmean": 0, "dmean2": 0, "dvar": 0, "dvar2": 0, "max": 1, "mean": 1, "median": 1, "min": 1, "var": 0}, "silence_rate_30dB": {"dmean": 0.0566578246653, "dmean2": 0.113327674568, "dvar": 0.0534446872771, "dvar2": 0.109814152122, "max": 1, "mean": 0.91502225399, "median": 1, "min": 0, "var": 0.0777586996555}, "silence_rate_60dB": {"dmean": 0.0562334209681, "dmean2": 0.112372666597, "dvar": 0.0530765578151, "dvar2": 0.11481333524, "max": 1, "mean": 0.100042432547, "median": 0, "min": 0, "var": 0.090035893023}, "spectral_centroid": {"dmean": 352.242736816, "dmean2": 527.258239746, "dvar": 320494.9375, "dvar2": 642481.1875, "max": 10948.4833984, "mean": 798.743713379, "median": 475.482910156, "min": 70.854057312, "var": 638569.6875}, "spectral_complexity": {"dmean": 4.67883300781, "dmean2": 6.86969423294, "dvar": 48.4197883606, "dvar2": 95.3742675781, "max": 58, "mean": 8.7110118866, "median": 5, "min": 0, "var": 78.4945907593}, "spectral_decrease": {"dmean": 4.72457761802e-09, "dmean2": 6.92871893193e-09, "dvar": 5.03005552643e-17, "dvar2": 1.06199640968e-16, "max": 2.7971325256e-10, "mean": -9.27262622241e-09, "median": -4.61000837504e-09, "min": -6.30835472748e-08, "var": 1.29609289055e-16}, "spectral_energy": {"dmean": 0.0186168439686, "dmean2": 0.0272394474596, "dvar": 0.000750074337702, "dvar2": 0.00161492731422, "max": 0.239291369915, "mean": 0.0368679985404, "median": 0.0193224549294, "min": 1.10251470725e-20, "var": 0.00189931469504}, "spectral_energyband_high": {"dmean": 0.00112787820399, "dmean2": 0.00172629742883, "dvar": 7.21673768567e-06, "dvar2": 1.61432872119e-05, "max": 0.095028527081, "mean": 0.00126064999495, "median": 8.34325692267e-05, "min": 7.88399089639e-21, "var": 1.1255075151e-05}, "spectral_energyband_low": {"dmean": 0.0124438526109, "dmean2": 0.0171449966729, "dvar": 0.000511674792506, "dvar2": 0.00080286199227, "max": 0.23618376255, "mean": 0.0224398486316, "median": 0.00275968573987, "min": 9.6992568755e-23, "var": 0.00155458017252}, "spectral_energyband_middle_high": {"dmean": 0.0015616187593, "dmean2": 0.00251100421883, "dvar": 1.49492034325e-05, "dvar2": 3.93395894207e-05, "max": 0.034578576684, "mean": 0.00149816670455, "median": 0.000269480224233, "min": 1.54444758173e-21, "var": 1.29642221509e-05}, "spectral_energyband_middle_low": {"dmean": 0.00908571574837, "dmean2": 0.0143660027534, "dvar": 0.000331526534865, "dvar2": 0.000853110745084, "max": 0.185773387551, "mean": 0.01351363305, "median": 0.00655338354409, "min": 4.11661572918e-22, "var": 0.000361968792276}, "spectral_entropy": {"dmean": 0.494325995445, "dmean2": 0.690486371517, "dvar": 0.356331467628, "dvar2": 0.630687713623, "max": 9.80100154877, "mean": 6.92825078964, "median": 7.09047794342, "min": 3.40583086014, "var": 1.19318926334}, "spectral_flux": {"dmean": 0.043115761131, "dmean2": 0.0681081935763, "dvar": 0.00257350807078, "dvar2": 0.0051112100482, "max": 0.452531754971, "mean": 0.0939183756709, "median": 0.0732090622187, "min": 1.05000702577e-10, "var": 0.00578753743321}, "spectral_kurtosis": {"dmean": 13.1659164429, "dmean2": 22.3827018738, "dvar": 9316.19433594, "dvar2": 28593.3339844, "max": 3727.9284668, "mean": 18.6566562653, "median": 5.27412509918, "min": -1.63506603241, "var": 8737.3125}, "spectral_rms": {"dmean": 0.00142317987047, "dmean2": 0.00200276728719, "dvar": 2.65492803919e-06, "dvar2": 5.04777335664e-06, "max": 0.015279234387, "mean": 0.00509360386059, "median": 0.00434179417789, "min": 3.27967080577e-12, "var": 1.002384397e-05}, "spectral_rolloff": {"dmean": 1329.53857422, "dmean2": 2271.7355957, "dvar": 10254194, "dvar2": 21344804, "max": 18841.5527344, "mean": 1909.2845459, "median": 301.46484375, "min": 43.06640625, "var": 16521114}, "spectral_skewness": {"dmean": 0.72788220644, "dmean2": 1.11076700687, "dvar": 2.49893593788, "dvar2": 6.84098434448, "max": 51.7278900146, "mean": 2.52662134171, "median": 1.88796317577, "min": -0.747718632221, "var": 6.83296823502}, "spectral_spread": {"dmean": 1302110.75, "dmean2": 1872419.625, "dvar": 2719995658240.0, "dvar2": 4925499637760.0, "max": 39278932, "mean": 5423074.5, "median": 4783799, "min": 41149.0429688, "var": 8753298014210.0}, "spectral_strongpeak": {"dmean": 0.301008522511, "dmean2": 0.472313761711, "dvar": 0.377359986305, "dvar2": 0.849258005619, "max": 24.2936153412, "mean": 0.581546068192, "median": 0.389378964901, "min": 0, "var": 0.645053684711}, "zerocrossingrate": {"dmean": 0.0244678892195, "dmean2": 0.0254570487887, "dvar": 0.00136073492467, "dvar2": 0.0012264852412, "max": 0.5263671875, "mean": 0.059362847358, "median": 0.02734375, "min": 0.00146484375, "var": 0.00623774388805}, "barkbands": {"dmean": [0.000777969718911, 0.00986877735704, 0.00324880471453, 0.00378037872724, 0.00340775912628, 0.00249582645483, 0.000565478170756, 0.000422890268965, 0.000258438667515, 0.00033068517223, 0.000205123767955, 0.000298840546748, 0.000222649454372, 0.000164992437931, 0.000149249914102, 0.00012795755174, 8.97225036169e-05, 6.92330067977e-05, 8.02613067208e-05, 9.83450154308e-05, 0.000139255833346, 0.000121616671095, 0.000134511952638, 0.000271333381534, 0.000142177377711, 0.000129325533635, 0.000219851601287], "dmean2": [0.00121552916244, 0.0128233050928, 0.0051014511846, 0.00672246469185, 0.00548721663654, 0.00368308206089, 0.000983313308097, 0.000689984823111, 0.000418737356085, 0.000594246084802, 0.000348896777723, 0.000506304495502, 0.000374989089323, 0.000277708983049, 0.000237016560277, 0.000218028653762, 0.000145719022839, 0.000111044668301, 0.00012809484906, 0.000155506946612, 0.000224715855438, 0.000187100682524, 0.000222028160351, 0.000446075806394, 0.000217520602746, 0.000195436557988, 0.000342532905051], "dvar": [4.23590563514e-06, 0.000465969584184, 7.97425600467e-05, 0.000114849695819, 3.748990639e-05, 5.27083466295e-05, 3.4767112993e-06, 1.0453051118e-06, 5.62599097975e-07, 1.0918274711e-06, 2.94991423289e-07, 7.26300413589e-07, 4.26606419524e-07, 2.22213643042e-07, 1.43784262718e-07, 1.22921875345e-07, 4.13675032007e-08, 3.2078467882e-08, 2.81542611447e-08, 3.43313750761e-08, 1.31741501264e-07, 9.48253244815e-08, 1.21341642512e-07, 1.24539963053e-06, 2.25248612651e-07, 9.48070990603e-08, 3.025656099e-07], "dvar2": [9.89647014649e-06, 0.000741992378607, 0.000188339399756, 0.000326399167534, 0.000103085199953, 0.00011412180902, 9.46835825744e-06, 2.43192880589e-06, 1.20786660318e-06, 3.06919491777e-06, 7.97300629074e-07, 1.93321852748e-06, 1.17209356176e-06, 5.14503142313e-07, 3.33181247925e-07, 3.32951259452e-07, 1.04814589008e-07, 8.4179070825e-08, 6.96388937627e-08, 8.50333847779e-08, 3.4499407775e-07, 2.12746215311e-07, 2.90594130092e-07, 2.72296119874e-06, 5.10136487719e-07, 2.17134640934e-07, 6.97465736721e-07], "max": [0.0176474787295, 0.226098522544, 0.132705226541, 0.142073810101, 0.0637900009751, 0.0995910763741, 0.0372099690139, 0.0245740637183, 0.0250521861017, 0.0138021754101, 0.00600209413096, 0.0127280894667, 0.0108878351748, 0.0210969801992, 0.00987839698792, 0.00366012193263, 0.0029526015278, 0.00349452509545, 0.00246954802424, 0.00233931164257, 0.00604371121153, 0.00983430072665, 0.00544179324061, 0.0605593770742, 0.0254207346588, 0.00463120732456, 0.00972911715508], "mean": [0.00103333033621, 0.016263673082, 0.00332828075625, 0.00356681202538, 0.00542379450053, 0.00328011321835, 0.000482429546537, 0.000443597557023, 0.000256909406744, 0.000231499609072, 0.000174117987626, 0.000241916757659, 0.000187941128388, 0.00016285062884, 0.000145368903759, 0.000106745530502, 9.1986170446e-05, 6.88682266627e-05, 7.60717812227e-05, 0.000108751322841, 0.000120232383779, 0.000121111770568, 0.000122142984765, 0.000255940394709, 0.000151519445353, 0.000158231967362, 0.000263659283519], "median": [2.53757389146e-06, 3.5094722989e-05, 0.00030086748302, 0.000983076868579, 0.00295905163512, 0.000547625182662, 6.91731984261e-05, 5.10288082296e-05, 2.71616772807e-05, 1.35113168653e-05, 1.80456518137e-05, 2.03850613616e-05, 1.55895322678e-05, 1.59207775141e-05, 1.51141266542e-05, 1.01869118225e-05, 1.08934164018e-05, 9.75946386461e-06, 1.07063260657e-05, 1.74903452717e-05, 9.8841428553e-06, 7.23526363799e-06, 5.66586686546e-06, 5.56742452318e-06, 5.04554554936e-06, 2.18518152906e-06, 1.19082210404e-06], "min": [3.67298646738e-24, 4.67505415052e-23, 3.18546829803e-23, 2.29089687606e-23, 2.38136107809e-23, 1.25587362931e-22, 2.53935682231e-23, 3.88021462627e-23, 1.28595308495e-22, 6.81828194492e-23, 6.5174419501e-23, 1.11124702639e-22, 1.48847892287e-22, 1.34920571938e-22, 2.06579068359e-22, 8.53536707832e-23, 1.77636986059e-22, 2.22732693022e-22, 2.32433511211e-22, 3.9395473793e-22, 2.90439501179e-22, 5.9865692318e-22, 5.75245399536e-22, 7.4417598653e-22, 1.16282772535e-21, 2.01967233522e-21, 2.45341224423e-21], "var": [7.45000534152e-06, 0.00116725964472, 7.93555809651e-05, 7.63344723964e-05, 4.71383500553e-05, 7.21960823284e-05, 2.51859432865e-06, 1.62247488333e-06, 8.66102141117e-07, 6.95841777087e-07, 2.21169329961e-07, 5.50551249034e-07, 3.41792912195e-07, 3.42957548582e-07, 1.72130754095e-07, 9.52875112148e-08, 4.56212241318e-08, 3.16482235974e-08, 2.67710138502e-08, 4.00023587588e-08, 1.08228171314e-07, 1.21083843396e-07, 1.27630343627e-07, 2.31537364925e-06, 4.11379346588e-07, 1.17823510948e-07, 3.62933690212e-07]}, "erbbands": {"dmean": [0.369966208935, 2.13906121254, 3.22222518921, 9.32005500793, 9.59079742432, 10.9326667786, 27.2274303436, 13.0938606262, 7.62130212784, 10.335770607, 7.06950187683, 5.7912530899, 7.93148708344, 11.6619939804, 8.8617477417, 11.5632772446, 10.6735248566, 7.92007303238, 7.46754646301, 6.78207826614, 7.59881448746, 5.36366319656, 3.9849178791, 3.20324921608, 4.22055673599, 4.79104661942, 4.91945123672, 5.85923194885, 3.9316971302, 5.19944238663, 3.90719914436, 4.56063699722, 4.84058237076, 2.07736063004, 0.758195579052, 0.441423654556, 0.269550144672, 0.109583072364, 0.0324755311012, 0.00353117729537], "dmean2": [0.467175781727, 2.89627814293, 4.57966566086, 16.270980835, 15.9387273788, 17.4715595245, 40.0316734314, 19.7044353485, 12.1432819366, 18.2259426117, 11.2818613052, 9.54477596283, 13.590470314, 21.0271091461, 14.7499523163, 19.2683200836, 17.9018192291, 13.2327861786, 11.6902532578, 10.8562898636, 13.0670623779, 8.60840415955, 6.36832952499, 5.12650346756, 6.68916511536, 7.53603982925, 8.13431453705, 9.54813957214, 5.88164424896, 8.47354698181, 6.43591117859, 7.33738088608, 7.98575210571, 3.36415338516, 1.11747217178, 0.644745469093, 0.41791549325, 0.178827270865, 0.0513083226979, 0.00531113147736], "dvar": [0.813424050808, 24.821149826, 63.146987915, 698.468139648, 559.532775879, 385.922668457, 6626.19189453, 1186.92236328, 539.790527344, 988.975158691, 445.763458252, 221.51385498, 656.521362305, 1296.41564941, 516.335205078, 999.734313965, 1006.29986572, 516.764160156, 379.831573486, 230.405944824, 450.143249512, 157.340209961, 100.127410889, 51.1967010498, 81.3411331177, 86.3134994507, 126.776947021, 244.682540894, 96.4582214355, 191.410797119, 110.730247498, 264.780303955, 485.463806152, 78.2147445679, 2.8988275528, 0.968945741653, 0.4704631567, 0.0753472298384, 0.00565087469295, 9.01294479263e-05], "dvar2": [1.24429166317, 49.8143081665, 117.551010132, 1931.04394531, 1539.58312988, 1048.7512207, 14351.5498047, 2482.05102539, 1254.5065918, 2807.64697266, 975.307739258, 530.577392578, 1645.01989746, 3638.30297852, 1347.19067383, 2631.66235352, 2765.99169922, 1203.37036133, 824.973815918, 563.086486816, 1242.07385254, 403.368621826, 260.076293945, 127.917602539, 204.322906494, 213.890090942, 328.991363525, 641.37713623, 226.243255615, 445.949493408, 271.128143311, 562.048828125, 1080.33703613, 176.338088989, 6.71650743484, 2.16080617905, 1.13028299809, 0.184460312128, 0.0125218844041, 0.000217122840695], "max": [10.9410629272, 53.0169525146, 107.690956116, 320.413208008, 328.928131104, 229.360366821, 1322.05541992, 1198.21337891, 903.156005859, 356.754730225, 612.452453613, 381.854431152, 878.648986816, 440.03805542, 291.558105469, 432.810546875, 385.030334473, 801.456176758, 731.692871094, 272.891448975, 221.483764648, 172.239624023, 182.121856689, 147.886856079, 123.89503479, 119.713546753, 233.49005127, 254.972564697, 371.638519287, 357.364898682, 163.783172607, 801.967102051, 1311.03161621, 541.495910645, 37.2705955505, 14.405667305, 11.0831031799, 5.0198264122, 1.28171920776, 0.179817065597], "mean": [0.633064568043, 2.94405198097, 3.99661588669, 8.79482650757, 12.8966827393, 17.383852005, 36.8546829224, 19.2070598602, 8.58724689484, 8.79546833038, 7.86822748184, 5.43716573715, 7.34003591537, 8.11826610565, 7.63982105255, 9.64253520966, 9.09552192688, 8.19153785706, 7.81582260132, 6.50567293167, 6.37822294235, 5.43850517273, 3.98165941238, 3.28215765953, 4.05858898163, 5.31927728653, 4.66563749313, 4.82105875015, 3.96419715881, 4.85209321976, 3.42927789688, 4.17254590988, 4.65260648727, 2.11689305305, 0.845286786556, 0.50303965807, 0.327227205038, 0.129592165351, 0.0400635674596, 0.00391841167584], "median": [0.00126037886366, 0.0215189512819, 0.3978536129, 2.43922567368, 3.94117212296, 9.46115684509, 10.4733610153, 3.24237585068, 1.33074092865, 1.37644314766, 0.920812129974, 0.598392605782, 0.682466745377, 0.596800744534, 0.827547430992, 0.825875163078, 0.787191092968, 0.804811120033, 0.874081432819, 0.721502780914, 0.668414592743, 0.688893795013, 0.557423830032, 0.545544743538, 0.649966239929, 0.845610320568, 0.558542370796, 0.325454711914, 0.247006773949, 0.239440202713, 0.148500859737, 0.111278370023, 0.0923847109079, 0.0640964433551, 0.0260709766299, 0.0103204138577, 0.0034122094512, 0.000905145483557, 0.00019341064035, 7.50782346586e-05], "min": [1.06500442926e-21, 1.11614242706e-20, 3.11559548734e-20, 7.45649103112e-20, 8.75381266952e-20, 5.83539862251e-20, 2.35134516021e-19, 1.43067369969e-18, 4.40375603583e-19, 7.40447933592e-19, 9.67570429899e-19, 2.653205803e-18, 3.65883326192e-18, 2.10020454424e-18, 2.73756230226e-18, 5.50729407212e-18, 5.79190375985e-18, 6.14093013777e-18, 9.81640627361e-18, 8.28792043104e-18, 5.03478245004e-18, 9.47053807127e-18, 1.21971611167e-17, 1.33173886592e-17, 1.08851939354e-17, 2.25911495618e-17, 9.71361005735e-18, 1.66141194721e-17, 2.14703611908e-17, 1.81315492186e-17, 1.71380854506e-17, 1.56175306157e-17, 1.27039391093e-17, 1.35530821943e-17, 7.60910872342e-18, 5.41183205276e-18, 4.56511757004e-18, 1.51275658963e-18, 3.55142784019e-19, 3.46186266216e-20], "var": [2.27017521858, 41.0767478943, 94.0443954468, 482.22644043, 578.15411377, 492.261352539, 9022.05664062, 2272.81762695, 639.913085938, 636.516174316, 781.883850098, 255.883834839, 778.490478516, 797.63104248, 416.853759766, 792.836303711, 777.123901367, 781.559143066, 593.023132324, 246.089187622, 330.108825684, 164.283309937, 99.1675720215, 52.6173782349, 75.7382278442, 99.9146957397, 115.713188171, 195.594223022, 110.818244934, 239.319488525, 110.320426941, 462.299804688, 884.817871094, 151.035354614, 3.92126870155, 1.2513500452, 0.535038292408, 0.0874915570021, 0.00762628018856, 9.75635048235e-05]}, "gfcc": {"mean": [-81.1731948853, 88.0893173218, -67.9432144165, 25.3096904755, -45.3530082703, -8.14741516113, -40.2112808228, -18.7178916931, -29.4738845825, -8.27259254456, -13.2840881348, -4.94947338104, -5.23679208755], "cov": [[14291.7177734, -5515.71386719, 17.9206867218, -353.251098633, -138.341049194, 964.687194824, 240.339736938, 1037.79882812, 24.9448204041, 708.431640625, -225.182144165, 277.027282715, -363.934234619], [-5515.71386719, 5176.01171875, -272.943084717, 223.654556274, 352.801300049, -60.9392585754, 300.367095947, -174.581329346, 399.092132568, -205.130340576, 344.813995361, -179.933349609, 243.453689575], [17.9206867218, -272.943084717, 1867.56176758, 272.252838135, 372.313171387, 148.744445801, 332.136749268, 227.884277344, 94.6069107056, 178.780731201, 73.9677276611, 107.786720276, 52.7023124695], [-353.251098633, 223.654556274, 272.252838135, 739.064819336, 269.57800293, 172.601470947, 132.383666992, 115.939971924, 147.721969604, 56.3459205627, 85.9584121704, 35.668296814, 94.9848861694], [-138.341049194, 352.801300049, 372.313171387, 269.57800293, 665.498962402, 237.426818848, 389.811767578, 153.50994873, 184.595703125, 126.088050842, 97.9208679199, 90.9600296021, 28.1429252625], [964.687194824, -60.9392585754, 148.744445801, 172.601470947, 237.426818848, 579.848327637, 266.821044922, 275.271972656, 189.056655884, 162.183074951, 92.4729232788, 59.2700614929, 33.086101532], [240.339736938, 300.367095947, 332.136749268, 132.383666992, 389.811767578, 266.821044922, 522.576477051, 262.226074219, 233.601333618, 157.332168579, 111.058776855, 90.747177124, 24.9111423492], [1037.79882812, -174.581329346, 227.884277344, 115.939971924, 153.50994873, 275.271972656, 262.226074219, 406.835235596, 193.379364014, 194.672241211, 69.1835174561, 63.5657424927, 16.3008594513], [24.9448204041, 399.092132568, 94.6069107056, 147.721969604, 184.595703125, 189.056655884, 233.601333618, 193.379364014, 290.484924316, 135.378005981, 124.321754456, 72.7497558594, 62.6456756592], [708.431640625, -205.130340576, 178.780731201, 56.3459205627, 126.088050842, 162.183074951, 157.332168579, 194.672241211, 135.378005981, 234.159927368, 103.257720947, 94.2883453369, 25.3077526093], [-225.182144165, 344.813995361, 73.9677276611, 85.9584121704, 97.9208679199, 92.4729232788, 111.058776855, 69.1835174561, 124.321754456, 103.257720947, 175.315261841, 79.0556411743, 73.2824554443], [277.027282715, -179.933349609, 107.786720276, 35.668296814, 90.9600296021, 59.2700614929, 90.747177124, 63.5657424927, 72.7497558594, 94.2883453369, 79.0556411743, 175.916885376, 64.1468734741], [-363.934234619, 243.453689575, 52.7023124695, 94.9848861694, 28.1429252625, 33.086101532, 24.9111423492, 16.3008594513, 62.6456756592, 25.3077526093, 73.2824554443, 64.1468734741, 131.336227417]], "icov": [[0.000179465743713, 0.000147230006405, 6.04853594268e-05, 6.05030509178e-05, 4.08485684602e-05, -0.00017970756744, 1.26785616885e-05, -0.000271920813248, 1.13830283226e-05, -0.000199899775907, 0.00010333218961, -8.15358216641e-05, 0.000239477914874], [0.000147230006405, 0.000577483791858, 9.91714987322e-05, 0.000178716887604, -0.000200849346584, 4.45520818175e-05, -0.000209128964343, -9.40757126955e-06, -0.000673581147566, 0.00063793809386, -0.00100459274836, 0.00103421113454, -0.000505110365339], [6.04853594268e-05, 9.91714987322e-05, 0.000713452522177, -0.000140422984259, -0.00019825376512, 0.000111619934614, -0.000356080301572, -0.000268892064923, 0.000410445587477, -0.000359956466127, 4.39704745077e-05, 4.01307297579e-05, -0.000256236060522], [6.05030509178e-05, 0.000178716887604, -0.000140422984259, 0.00198823679239, -0.00088394532213, -0.000227238211664, 0.000597858044785, -0.000405942962971, -0.000731263775378, 0.000624068721663, -0.000471759849461, 0.000777965527959, -0.00124975759536], [4.08485684602e-05, -0.000200849346584, -0.00019825376512, -0.00088394532213, 0.00343099911697, -0.000524825765751, -0.00215567881241, 0.00095781678101, 0.00016724091256, -0.000847086193971, 0.000746051606257, -0.00116125377826, 0.00112570682541], [-0.00017970756744, 4.45520818175e-05, 0.000111619934614, -0.000227238211664, -0.000524825765751, 0.00314754573628, -0.000476039509522, -0.000959732569754, -0.000431153195677, 9.95314840111e-05, -0.000770882936195, 0.000846705224831, -0.000728996121325], [1.26785616885e-05, -0.000209128964343, -0.000356080301572, 0.000597858044785, -0.00215567881241, -0.000476039509522, 0.00567311607301, -0.00194646965247, -0.0016217342345, 0.000557474792004, -0.000315666780807, -0.00101587665267, 0.00121910939924], [-0.000271920813248, -9.40757126955e-06, -0.000268892064923, -0.000405942962971, 0.00095781678101, -0.000959732569754, -0.00194646965247, 0.00703608896583, -0.00212418357842, -0.00303881149739, 0.00147291878238, 0.000985396676697, -0.000506498385221], [1.13830283226e-05, -0.000673581147566, 0.000410445587477, -0.000731263775378, 0.00016724091256, -0.000431153195677, -0.0016217342345, -0.00212418357842, 0.0093661993742, -0.00207695690915, -0.00111505226232, -0.00119770842139, -0.000571859709453], [-0.000199899775907, 0.00063793809386, -0.000359956466127, 0.000624068721663, -0.000847086193971, 9.95314840111e-05, 0.000557474792004, -0.00303881149739, -0.00207695690915, 0.0123084746301, -0.00607802672312, -0.0010640132241, 0.000914502888918], [0.00010333218961, -0.00100459274836, 4.39704745077e-05, -0.000471759849461, 0.000746051606257, -0.000770882936195, -0.000315666780807, 0.00147291878238, -0.00111505226232, -0.00607802672312, 0.0145942289382, -0.00362256774679, -0.00228738319129], [-8.15358216641e-05, 0.00103421113454, 4.01307297579e-05, 0.000777965527959, -0.00116125377826, 0.000846705224831, -0.00101587665267, 0.000985396676697, -0.00119770842139, -0.0010640132241, -0.00362256774679, 0.011922121048, -0.00564118940383], [0.000239477914874, -0.000505110365339, -0.000256236060522, -0.00124975759536, 0.00112570682541, -0.000728996121325, 0.00121910939924, -0.000506498385221, -0.000571859709453, 0.000914502888918, -0.00228738319129, -0.00564118940383, 0.014122787863]]}, "melbands": {"dmean": [0.00293364259414, 0.00188329140656, 0.0015994720161, 0.00064913649112, 0.000843824876938, 0.000328093155986, 0.000116787516163, 0.00011435480701, 5.01791255374e-05, 3.78060030926e-05, 4.00193675887e-05, 4.85768687213e-05, 2.93773118756e-05, 2.96577509289e-05, 3.43966530636e-05, 1.71044721355e-05, 1.49565921674e-05, 1.22351802929e-05, 1.16067549243e-05, 8.3299992184e-06, 8.71363135957e-06, 6.01527972321e-06, 4.0484251258e-06, 3.10150039695e-06, 2.48133460445e-06, 3.41174973073e-06, 2.69804581876e-06, 3.43695046467e-06, 2.9966972761e-06, 3.56714440386e-06, 3.24807911056e-06, 1.99154987968e-06, 2.79128562397e-06, 2.84445968646e-06, 2.27613668358e-06, 2.21008963308e-06, 3.00831607092e-06, 3.79411358153e-06, 2.68009125648e-06, 1.47558318986e-06], "dmean2": [0.00371972448193, 0.00253498298116, 0.00274412077852, 0.00105130148586, 0.00125800585374, 0.000491720449645, 0.000191282553715, 0.000198791967705, 7.97206012066e-05, 6.17711048108e-05, 6.88647269271e-05, 8.8104759925e-05, 4.92602266604e-05, 5.03380433656e-05, 5.8252546296e-05, 2.83953741018e-05, 2.52009049291e-05, 1.957990753e-05, 1.87083041965e-05, 1.37416964208e-05, 1.50593041326e-05, 9.76321916824e-06, 6.53160850561e-06, 4.98322060594e-06, 4.04599813919e-06, 5.4246088439e-06, 4.42767577624e-06, 5.48410980628e-06, 5.02233433508e-06, 5.79386050958e-06, 5.39430948265e-06, 2.94503615805e-06, 4.42998180006e-06, 4.67014251626e-06, 3.73980287804e-06, 3.75718127543e-06, 4.74661783301e-06, 6.34031721347e-06, 4.29649617217e-06, 2.45997694037e-06], "dvar": [4.22094453825e-05, 1.67185880855e-05, 1.84753916983e-05, 1.81895234164e-06, 4.94925780004e-06, 7.21066669485e-07, 1.30199751425e-07, 1.01215512416e-07, 2.57143142335e-08, 1.05549871066e-08, 1.70745710903e-08, 2.32978347725e-08, 5.64561020155e-09, 7.54211004761e-09, 9.66083213427e-09, 2.52700371739e-09, 1.8314277872e-09, 1.13177867078e-09, 1.02264707813e-09, 4.17213291692e-10, 5.78356362801e-10, 1.92427337953e-10, 1.02157234061e-10, 6.34364782925e-11, 3.08363716506e-11, 4.91538615366e-11, 3.59485670398e-11, 4.56433571494e-11, 3.92963370177e-11, 9.40008140771e-11, 7.51461878834e-11, 2.20999850364e-11, 6.26683913096e-11, 5.58759358227e-11, 3.77625049286e-11, 4.38270600367e-11, 1.46227877029e-10, 3.15877490831e-10, 1.78214318303e-10, 3.27838346748e-11], "dvar2": [6.12494768575e-05, 2.67520626949e-05, 5.05686148244e-05, 4.99520774611e-06, 1.08927561087e-05, 1.54282315634e-06, 3.19410645488e-07, 2.8188600254e-07, 5.6374798163e-08, 2.382189912e-08, 4.3142868833e-08, 6.55804512917e-08, 1.49271208727e-08, 2.00556513619e-08, 2.62410591034e-08, 6.7866547937e-09, 4.3271675132e-09, 2.45537679078e-09, 2.47041231916e-09, 1.07522291071e-09, 1.59870061633e-09, 4.89857265862e-10, 2.69845479295e-10, 1.6142580328e-10, 7.73890049266e-11, 1.18041368347e-10, 9.30000174093e-11, 1.13641311639e-10, 1.01891481363e-10, 2.46169279405e-10, 1.98866409451e-10, 5.19067497318e-11, 1.38296304963e-10, 1.32802255304e-10, 9.15089046205e-11, 1.16471693401e-10, 2.7977473116e-10, 7.38820171708e-10, 3.73731878778e-10, 7.90651710769e-11], "max": [0.0761663690209, 0.0397808849812, 0.05183814466, 0.0163189638406, 0.0373797491193, 0.022956751287, 0.0123677263036, 0.00351485004649, 0.00576568534598, 0.00321306521073, 0.0042713265866, 0.00186988571659, 0.000796172535047, 0.00152579182759, 0.000924016931094, 0.00121555884834, 0.00147140130866, 0.00129283498973, 0.000721034535673, 0.000215362480958, 0.000258098560153, 0.0001906814432, 0.000166239755345, 0.000167339196196, 0.000117480587505, 8.31615470815e-05, 9.47960579651e-05, 8.54452009662e-05, 0.000146188467625, 0.000204293595743, 0.000149615603732, 0.000145802812767, 0.000293587596389, 0.00018912217638, 0.000115185182949, 9.41959151533e-05, 0.000714089837857, 0.000878941966221, 0.001034033834, 0.000244348746492], "mean": [0.00498898327351, 0.00274280435406, 0.00167486385908, 0.000997618888505, 0.00119954231195, 0.000462045747554, 0.000123426580103, 0.000100967721664, 5.53455429326e-05, 3.60832236765e-05, 3.66097192455e-05, 3.27956076944e-05, 2.53982889262e-05, 2.41941925196e-05, 2.73078367172e-05, 1.62674732564e-05, 1.4955980987e-05, 1.25544829643e-05, 1.07696014311e-05, 7.42713746149e-06, 7.22886716176e-06, 6.03638909524e-06, 4.00106000598e-06, 3.06550805362e-06, 2.49695312959e-06, 3.18523120768e-06, 2.79684445559e-06, 3.77177980226e-06, 2.88344631372e-06, 2.99949920191e-06, 2.60130332208e-06, 2.01898546948e-06, 2.72055331152e-06, 2.6349800919e-06, 2.01807483791e-06, 1.76602770807e-06, 2.86359909296e-06, 3.46113256455e-06, 2.76103560282e-06, 1.42076987686e-06], "median": [1.00367269624e-05, 0.000205293123145, 0.000496073858812, 0.000483502459247, 0.000421588105382, 7.51331681386e-05, 1.79838389158e-05, 1.42722838063e-05, 5.94755692873e-06, 3.7432357658e-06, 3.22612822856e-06, 2.1292735255e-06, 2.67219934358e-06, 2.19307094085e-06, 1.86765237231e-06, 1.65047094924e-06, 1.35409845825e-06, 1.35157586101e-06, 1.06052982574e-06, 7.28515260562e-07, 6.95867242939e-07, 7.00079112903e-07, 4.96626398672e-07, 4.36464517861e-07, 3.99908344662e-07, 4.20060416673e-07, 5.20482331012e-07, 5.43189230484e-07, 3.64248649021e-07, 2.04544363669e-07, 1.52856856062e-07, 1.26595608663e-07, 1.38920924542e-07, 1.26158994362e-07, 8.53098356401e-08, 6.03676610922e-08, 6.28907699252e-08, 6.27466647529e-08, 5.4470483235e-08, 4.96488112844e-08], "min": [1.14027335272e-23, 1.71303654146e-23, 1.2903220333e-23, 5.54532061022e-24, 7.09755590253e-24, 2.86564641656e-23, 6.90288948581e-24, 8.34818994926e-24, 7.61839658204e-24, 1.94231628144e-23, 1.75868429329e-23, 7.71122263362e-24, 8.98555958397e-24, 1.01536756246e-23, 1.88156452541e-23, 1.22730182885e-23, 9.98430561049e-24, 1.44939859585e-23, 1.65291697856e-23, 7.31527599035e-24, 5.82412929767e-24, 9.50373312475e-24, 1.13083644637e-23, 1.05832679743e-23, 1.10083906382e-23, 8.2027066434e-24, 8.28985762962e-24, 1.69465213807e-23, 5.00375063827e-24, 7.1102707626e-24, 9.8629054392e-24, 1.17583054805e-23, 1.21865370452e-23, 9.69709476553e-24, 9.33709730258e-24, 1.03692444887e-23, 8.79864609222e-24, 7.2767164693e-24, 1.26197179232e-23, 1.0771797842e-23], "var": [0.000119941883895, 3.24520879076e-05, 1.37789911605e-05, 2.08220853892e-06, 6.89591388436e-06, 1.22004144032e-06, 1.36783313565e-07, 7.37082643809e-08, 4.20117629574e-08, 1.42879121867e-08, 1.9583296762e-08, 1.4124236003e-08, 4.47486581123e-09, 5.78081360558e-09, 7.1168400062e-09, 2.53082976798e-09, 2.65154742607e-09, 1.73450576124e-09, 1.05214414958e-09, 3.719023145e-10, 4.24547369482e-10, 2.07238226579e-10, 9.79428621539e-11, 6.71932301466e-11, 3.10068533349e-11, 4.83874884605e-11, 3.25948955326e-11, 5.30635362039e-11, 3.80215650631e-11, 7.59428700481e-11, 5.8329209518e-11, 2.47030347567e-11, 8.35004149158e-11, 6.74594477501e-11, 3.78013349789e-11, 3.61073948518e-11, 3.02626895765e-10, 5.14228382098e-10, 3.86266130192e-10, 5.01991989643e-11]}, "mfcc": {"mean": [-742.759216309, 127.868782043, 29.2211399078, 31.0792255402, 10.6434717178, 6.88904428482, -2.2540743351, -11.7274675369, -12.5888118744, -10.6948623657, -13.3072738647, -9.62725734711, -5.12005758286], "cov": [[12250.0615234, -3076.12695312, -733.727050781, -758.934814453, -355.885742188, 106.717735291, 227.095596313, 375.879547119, 482.339202881, 474.047698975, 380.907867432, 417.239562988, 287.789428711], [-3076.12695312, 3104.66870117, 30.443769455, 183.246582031, 178.308670044, 139.983230591, 152.491836548, 147.84954834, 80.9533233643, 179.399795532, 156.905685425, 89.1873703003, 50.3532714844], [-733.727050781, 30.443769455, 1169.9453125, 323.118011475, 213.877090454, 80.170249939, 166.294708252, 59.3728637695, 138.180618286, 56.6643028259, 61.182308197, 89.1094284058, 23.7347240448], [-758.934814453, 183.246582031, 323.118011475, 650.274169922, 223.77355957, 137.704406738, 133.432830811, 123.41318512, 122.372177124, 69.9530410767, 83.5118103027, 56.5396499634, 77.5404586792], [-355.885742188, 178.308670044, 213.877090454, 223.77355957, 354.174743652, 200.027236938, 155.616699219, 117.041694641, 113.530967712, 90.853263855, 80.4277954102, 72.87915802, 56.7855033875], [106.717735291, 139.983230591, 80.170249939, 137.704406738, 200.027236938, 386.295959473, 218.418060303, 211.198135376, 160.895935059, 134.18963623, 147.250686646, 101.720352173, 97.0362167358], [227.095596313, 152.491836548, 166.294708252, 133.432830811, 155.616699219, 218.418060303, 336.265075684, 201.88230896, 186.666091919, 178.491226196, 162.572998047, 118.181274414, 84.1290206909], [375.879547119, 147.84954834, 59.3728637695, 123.41318512, 117.041694641, 211.198135376, 201.88230896, 316.440155029, 225.204162598, 171.952804565, 166.222579956, 141.230636597, 119.08366394], [482.339202881, 80.9533233643, 138.180618286, 122.372177124, 113.530967712, 160.895935059, 186.666091919, 225.204162598, 287.194244385, 208.693405151, 159.737579346, 150.263778687, 103.028358459], [474.047698975, 179.399795532, 56.6643028259, 69.9530410767, 90.853263855, 134.18963623, 178.491226196, 171.952804565, 208.693405151, 263.842224121, 188.001739502, 139.691543579, 97.5866928101], [380.907867432, 156.905685425, 61.182308197, 83.5118103027, 80.4277954102, 147.250686646, 162.572998047, 166.222579956, 159.737579346, 188.001739502, 228.986633301, 157.179244995, 122.554641724], [417.239562988, 89.1873703003, 89.1094284058, 56.5396499634, 72.87915802, 101.720352173, 118.181274414, 141.230636597, 150.263778687, 139.691543579, 157.179244995, 200.54196167, 130.036346436], [287.789428711, 50.3532714844, 23.7347240448, 77.5404586792, 56.7855033875, 97.0362167358, 84.1290206909, 119.08366394, 103.028358459, 97.5866928101, 122.554641724, 130.036346436, 166.940139771]], "icov": [[0.000169865365024, 0.000180662449566, 9.19865778997e-05, 0.000153825283633, 0.000107255138573, 1.91724830074e-05, -4.71578787256e-05, -5.35697618034e-05, -0.000127638762933, -0.000220910049393, -4.33189088653e-05, -0.000206975309993, -1.65697292687e-05], [0.000180662449566, 0.000545925635379, 0.000118945274153, 8.95469929674e-05, -1.30911257656e-05, 4.93298321089e-05, -4.12936205976e-05, -0.000230710153119, 0.000214262283407, -0.00055764982244, -0.00014479715901, -0.000285375223029, 0.000148883889779], [9.19865778997e-05, 0.000118945274153, 0.00122561550234, -0.000345605483744, -0.000349116482539, 0.000267785304459, -0.000563113193493, 0.000538559979759, -0.000804308801889, 0.000503925606608, -7.50014442019e-05, -0.000767703459132, 0.000509394390974], [0.000153825283633, 8.95469929674e-05, -0.000345605483744, 0.00244038039818, -0.00100522034336, 0.000241234287387, -6.54021641822e-05, -0.000290330965072, -0.000750256236643, 0.000440984789748, -0.000641856342554, 0.0010450175032, -0.00107235217001], [0.000107255138573, -1.30911257656e-05, -0.000349116482539, -0.00100522034336, 0.00524638453498, -0.00214979238808, -0.000633413787, 0.000390045490349, 3.84521335945e-05, -0.000828236516099, 0.00128949712962, -0.00109295488801, 0.000206699754926], [1.91724830074e-05, 4.93298321089e-05, 0.000267785304459, 0.000241234287387, -0.00214979238808, 0.0058406018652, -0.00173354824074, -0.00196606223471, -0.000224730814807, 0.00107154017314, -0.0017469371669, 0.00127634021919, -0.000785058597103], [-4.71578787256e-05, -4.12936205976e-05, -0.000563113193493, -6.54021641822e-05, -0.000633413787, -0.00173354824074, 0.00706224236637, -0.00158060016111, -0.000157262154971, -0.00180477660615, -0.00133386941161, 0.000273835612461, 0.000913771858905], [-5.35697618034e-05, -0.000230710153119, 0.000538559979759, -0.000290330965072, 0.000390045490349, -0.00196606223471, -0.00158060016111, 0.0100015811622, -0.00583783956245, 0.00180759245995, -0.00139125913847, 8.30057888379e-06, -0.00154645054135], [-0.000127638762933, 0.000214262283407, -0.000804308801889, -0.000750256236643, 3.84521335945e-05, -0.000224730814807, -0.000157262154971, -0.00583783956245, 0.0145097495988, -0.00777955213562, 0.00322812749073, -0.00358506990597, 0.000994890462607], [-0.000220910049393, -0.00055764982244, 0.000503925606608, 0.000440984789748, -0.000828236516099, 0.00107154017314, -0.00180477660615, 0.00180759245995, -0.00777955213562, 0.0153067782521, -0.00818191748112, 0.00115536130033, 0.000511578400619], [-4.33189088653e-05, -0.00014479715901, -7.50014442019e-05, -0.000641856342554, 0.00128949712962, -0.0017469371669, -0.00133386941161, -0.00139125913847, 0.00322812749073, -0.00818191748112, 0.0175542235374, -0.00628291396424, -0.00253380835056], [-0.000206975309993, -0.000285375223029, -0.000767703459132, 0.0010450175032, -0.00109295488801, 0.00127634021919, 0.000273835612461, 8.30057888379e-06, -0.00358506990597, 0.00115536130033, -0.00628291396424, 0.0167331043631, -0.00733187282458], [-1.65697292687e-05, 0.000148883889779, 0.000509394390974, -0.00107235217001, 0.000206699754926, -0.000785058597103, 0.000913771858905, -0.00154645054135, 0.000994890462607, 0.000511578400619, -0.00253380835056, -0.00733187282458, 0.0140863107517]]}, "spectral_contrast_coeffs": {"dmean": [0.0668974071741, 0.0559812635183, 0.0403111949563, 0.0333260633051, 0.024351073429, 0.0233297590166], "dmean2": [0.0954575687647, 0.0849851444364, 0.0634912699461, 0.0519236288965, 0.0362070612609, 0.0351028963923], "dvar": [0.00378879904747, 0.00236966554075, 0.00129357189871, 0.000937224656809, 0.000520168745425, 0.000492591352668], "dvar2": [0.00680952519178, 0.00523021258414, 0.00287733366713, 0.0021088598296, 0.00108890363481, 0.00117943540681], "max": [-0.188129082322, -0.323656439781, -0.507126748562, -0.51007193327, -0.524716436863, -0.567706286907], "mean": [-0.509816408157, -0.687904834747, -0.81510925293, -0.823317945004, -0.824062407017, -0.793057918549], "median": [-0.486441075802, -0.695606350899, -0.829580187798, -0.835707783699, -0.83455312252, -0.792958498001], "min": [-0.967764794827, -0.981548428535, -0.980203926563, -0.993559479713, -0.966553449631, -0.966609835625], "var": [0.027295704931, 0.00933225825429, 0.00425973208621, 0.00338968052529, 0.00293204258196, 0.00163671956398]}, "spectral_contrast_valleys": {"dmean": [0.703754067421, 0.561181902885, 0.599528968334, 0.616735458374, 0.654866278172, 0.800489008427], "dmean2": [0.975980520248, 0.814672887325, 0.863141715527, 0.865807235241, 0.850255131721, 1.01228940487], "dvar": [0.588853538036, 0.328703433275, 0.4361320436, 0.508675336838, 0.55917173624, 0.883870005608], "dvar2": [0.808154344559, 0.631275415421, 0.81631988287, 0.974938929081, 1.03374826908, 1.60694873333], "max": [-5.16544675827, -4.78960084915, -5.03717899323, -5.55813360214, -5.4610710144, -6.98828697205], "mean": [-8.40358161926, -7.76732826233, -8.3890581131, -