{"lowlevel": {"average_loudness": 0.385336339474, "barkbands_crest": {"dmean": 2.14877772331, "dmean2": 3.60249686241, "dvar": 4.38924646378, "dvar2": 12.8175420761, "max": 25.4199447632, "mean": 12.6110944748, "median": 11.7534751892, "min": 4.54411506653, "var": 19.8495979309}, "barkbands_flatness_db": {"dmean": 0.0228699017316, "dmean2": 0.0389833785594, "dvar": 0.00051413703477, "dvar2": 0.00140692177229, "max": 0.51798337698, "mean": 0.364345401525, "median": 0.364234954119, "min": 0.0624066330492, "var": 0.00260558514856}, "barkbands_kurtosis": {"dmean": 2.39041495323, "dmean2": 3.92860245705, "dvar": 11.292848587, "dvar2": 31.8302593231, "max": 52.4335021973, "mean": 5.77116680145, "median": 4.44199371338, "min": -1.51407718658, "var": 30.7081508636}, "barkbands_skewness": {"dmean": 0.396450489759, "dmean2": 0.649074554443, "dvar": 0.1757940799, "dvar2": 0.499989122152, "max": 5.81028270721, "mean": 1.68416321278, "median": 1.62579035759, "min": -2.11459946632, "var": 0.818651854992}, "barkbands_spread": {"dmean": 0.997857928276, "dmean2": 1.63217079639, "dvar": 2.40699076653, "dvar2": 4.36159706116, "max": 85.3471908569, "mean": 4.84167909622, "median": 4.23968696594, "min": 0.76200658083, "var": 8.67182922363}, "dissonance": {"dmean": 0.0332940556109, "dmean2": 0.056387513876, "dvar": 0.000996806309558, "dvar2": 0.00276367855258, "max": 0.499986201525, "mean": 0.397210180759, "median": 0.400468885899, "min": 0.19782936573, "var": 0.00260427757166}, "dynamic_complexity": 5.74787092209, "erbbands_crest": {"dmean": 2.23026585579, "dmean2": 3.65040135384, "dvar": 5.2112159729, "dvar2": 14.4778089523, "max": 31.1725482941, "mean": 12.9902191162, "median": 11.8806285858, "min": 2.76038217545, "var": 29.6151371002}, "erbbands_flatness_db": {"dmean": 0.0150044960901, "dmean2": 0.0244241226465, "dvar": 0.000259808963165, "dvar2": 0.000641142018139, "max": 0.48447227478, "mean": 0.3652574718, "median": 0.366250395775, "min": 0.0354255698621, "var": 0.00179128861055}, "erbbands_kurtosis": {"dmean": 0.958924651146, "dmean2": 1.52831315994, "dvar": 2.36467719078, "dvar2": 5.95051813126, "max": 24.0513458252, "mean": 1.03060102463, "median": 0.221284270287, "min": -1.69837188721, "var": 7.73804521561}, "erbbands_skewness": {"dmean": 0.291569054127, "dmean2": 0.466517150402, "dvar": 0.0860722437501, "dvar2": 0.229540750384, "max": 4.51511096954, "mean": 0.837654054165, "median": 0.768182218075, "min": -1.80757522583, "var": 0.515309095383}, "erbbands_spread": {"dmean": 2.2549059391, "dmean2": 3.51971125603, "dvar": 5.11226606369, "dvar2": 11.9398088455, "max": 86.2036132812, "mean": 15.4100446701, "median": 15.0869197845, "min": 2.74722886086, "var": 35.9468612671}, "hfc": {"dmean": 1.93299555779, "dmean2": 3.01502180099, "dvar": 15.8098316193, "dvar2": 36.0733184814, "max": 60.8128089905, "mean": 7.23485183716, "median": 3.90141940117, "min": 1.12440248851e-16, "var": 74.608543396}, "melbands_crest": {"dmean": 2.66140508652, "dmean2": 4.45569658279, "dvar": 6.3306055069, "dvar2": 18.3464279175, "max": 31.9221401215, "mean": 16.4060401917, "median": 15.4976863861, "min": 1.00206291676, "var": 24.5776309967}, "melbands_flatness_db": {"dmean": 0.025374757126, "dmean2": 0.0423300303519, "dvar": 0.000713134650141, "dvar2": 0.00181301415432, "max": 0.699730038643, "mean": 0.485862910748, "median": 0.488280445337, "min": -2.41601952666e-07, "var": 0.0056863874197}, "melbands_kurtosis": {"dmean": 3.32459902763, "dmean2": 5.42100286484, "dvar": 18.6459503174, "dvar2": 52.1266899109, "max": 67.1677856445, "mean": 9.19343090057, "median": 7.19589805603, "min": -1.58273887634, "var": 60.5948181152}, "melbands_skewness": {"dmean": 0.441639244556, "dmean2": 0.7169906497, "dvar": 0.194984465837, "dvar2": 0.558160364628, "max": 6.949198246, "mean": 2.14693808556, "median": 2.11111831665, "min": -0.751914680004, "var": 1.05575633049}, "melbands_spread": {"dmean": 1.34684741497, "dmean2": 2.21840071678, "dvar": 5.68590641022, "dvar2": 12.5377893448, "max": 154.652420044, "mean": 6.58649396896, "median": 5.48944091797, "min": 1.02046072483, "var": 75.9123001099}, "pitch_salience": {"dmean": 0.0578645355999, "dmean2": 0.0962272807956, "dvar": 0.00306698540226, "dvar2": 0.00869903806597, "max": 0.996086359024, "mean": 0.501169145107, "median": 0.498769521713, "min": 0.155262246728, "var": 0.0107286423445}, "silence_rate_20dB": {"dmean": 0, "dmean2": 0, "dvar": 0, "dvar2": 0, "max": 1, "mean": 1, "median": 1, "min": 1, "var": 0}, "silence_rate_30dB": {"dmean": 0.00732466578484, "dmean2": 0.01465201471, "dvar": 0.00727085908875, "dvar2": 0.0166346728802, "max": 1, "mean": 0.991944313049, "median": 1, "min": 0, "var": 0.00799072533846}, "silence_rate_60dB": {"dmean": 0.0208752974868, "dmean2": 0.0417582429945, "dvar": 0.0204389952123, "dvar2": 0.0466066449881, "max": 1, "mean": 0.187110945582, "median": 0, "min": 0, "var": 0.152101904154}, "spectral_centroid": {"dmean": 39.1672554016, "dmean2": 63.7963867188, "dvar": 13541.7792969, "dvar2": 20541.9472656, "max": 11519.8417969, "mean": 434.647155762, "median": 378.819702148, "min": 171.72869873, "var": 449309.1875}, "spectral_complexity": {"dmean": 1.23054385185, "dmean2": 2.0461537838, "dvar": 1.82873725891, "dvar2": 3.94585514069, "max": 23, "mean": 9.00805568695, "median": 9, "min": 0, "var": 19.4175491333}, "spectral_decrease": {"dmean": 1.40304734497e-09, "dmean2": 2.27383689655e-09, "dvar": 6.02291338465e-18, "dvar2": 1.5074332688e-17, "max": 2.50338272332e-28, "mean": -4.86710050041e-09, "median": -3.09912540075e-09, "min": -4.00663928701e-08, "var": 2.92038497542e-17}, "spectral_energy": {"dmean": 0.00546257430688, "dmean2": 0.00884465593845, "dvar": 9.20239908737e-05, "dvar2": 0.00022952069412, "max": 0.155681699514, "mean": 0.0190258026123, "median": 0.0120510328561, "min": 1.03811102252e-20, "var": 0.000447038415587}, "spectral_energyband_high": {"dmean": 2.49153322329e-06, "dmean2": 3.78490153707e-06, "dvar": 3.75584535695e-10, "dvar2": 9.30034549373e-10, "max": 0.000487609824631, "mean": 3.07282971335e-06, "median": 4.58888180788e-08, "min": 7.3624753306e-21, "var": 4.41247288707e-10}, "spectral_energyband_low": {"dmean": 0.00132553570438, "dmean2": 0.00205184426159, "dvar": 1.1128472579e-05, "dvar2": 2.77973813354e-05, "max": 0.0976234823465, "mean": 0.00354345119558, "median": 0.00172674446367, "min": 1.80304730624e-23, "var": 2.87466282316e-05}, "spectral_energyband_middle_high": {"dmean": 0.00027447543107, "dmean2": 0.000375431700377, "dvar": 3.50760188894e-07, "dvar2": 6.62525735606e-07, "max": 0.0107148643583, "mean": 0.00107014353853, "median": 0.000604902103078, "min": 1.22036605333e-21, "var": 1.77620233899e-06}, "spectral_energyband_middle_low": {"dmean": 0.00486564356834, "dmean2": 0.00803370773792, "dvar": 7.77319364715e-05, "dvar2": 0.000204415482585, "max": 0.138540163636, "mean": 0.015374770388, "median": 0.00877213664353, "min": 1.94266072967e-22, "var": 0.000336188968504}, "spectral_entropy": {"dmean": 0.159701451659, "dmean2": 0.264126628637, "dvar": 0.0362487882376, "dvar2": 0.092851087451, "max": 9.8176202774, "mean": 5.70118951797, "median": 5.68510532379, "min": 4.32487535477, "var": 0.199406638741}, "spectral_flux": {"dmean": 0.0156603939831, "dmean2": 0.0253914184868, "dvar": 0.000517494685482, "dvar2": 0.0013334749965, "max": 0.268603563309, "mean": 0.0402693524957, "median": 0.0313660204411, "min": 6.64835200781e-11, "var": 0.00115902663674}, "spectral_kurtosis": {"dmean": 32.692440033, "dmean2": 56.9510536194, "dvar": 946.790771484, "dvar2": 2624.41113281, "max": 376.896362305, "mean": 98.8177871704, "median": 90.458190918, "min": -1.23553872108, "var": 3567.96704102}, "spectral_rms": {"dmean": 0.000535192782991, "dmean2": 0.000862991262693, "dvar": 5.09274514116e-07, "dvar2": 1.25779342852e-06, "max": 0.0123241459951, "mean": 0.00372711848468, "median": 0.00342886336148, "min": 3.18243803706e-12, "var": 4.67029985884e-06}, "spectral_rolloff": {"dmean": 63.8416786194, "dmean2": 114.197128296, "dvar": 87412.28125, "dvar2": 165467.75, "max": 19530.6152344, "mean": 542.380554199, "median": 473.73046875, "min": 107.666015625, "var": 1392141.625}, "spectral_skewness": {"dmean": 1.79237163067, "dmean2": 3.14406442642, "dvar": 2.25087809563, "dvar2": 6.36438941956, "max": 14.3948974609, "mean": 6.5470700264, "median": 6.39973306656, "min": -0.0557543560863, "var": 7.02515554428}, "spectral_spread": {"dmean": 284754.84375, "dmean2": 502946.9375, "dvar": 252033810432, "dvar2": 522418257920, "max": 41797520, "mean": 1100304, "median": 869712.625, "min": 233587.671875, "var": 6240960774140.0}, "spectral_strongpeak": {"dmean": 0.298844873905, "dmean2": 0.502654135227, "dvar": 0.227758362889, "dvar2": 0.552498996258, "max": 6.22864627838, "mean": 0.875569999218, "median": 0.501920461655, "min": 0, "var": 0.866730511189}, "zerocrossingrate": {"dmean": 0.00205389270559, "dmean2": 0.00282147875987, "dvar": 4.70745108032e-05, "dvar2": 9.63999482337e-05, "max": 0.52734375, "mean": 0.0206169653684, "median": 0.0185546875, "min": 0.00537109375, "var": 0.000974426744506}, "barkbands": {"dmean": [8.79439721757e-06, 0.000179785711225, 0.000873976154253, 0.000676101306453, 0.00205672485754, 0.00166868953966, 0.000772419851273, 0.00102613167837, 0.000258300104178, 7.50733088353e-05, 5.01543327118e-05, 9.7442403785e-05, 7.88689430919e-05, 4.60547926195e-05, 3.41887352988e-05, 2.20126021304e-05, 7.91984803072e-06, 4.390295544e-06, 3.85154362448e-06, 1.58807779371e-06, 7.8557428651e-07, 7.08201753241e-07, 1.76303188937e-07, 5.03980430722e-08, 7.34992156026e-09, 2.32685626322e-09, 9.0893909066e-10], "dmean2": [1.60257313837e-05, 0.000276441744063, 0.00133736850694, 0.00113207602408, 0.00350203085691, 0.00272867712192, 0.00122291897424, 0.00157471594866, 0.000328328023897, 0.000107191255665, 7.14495035936e-05, 0.000137734008604, 0.00011401437223, 7.04388949089e-05, 5.18730994372e-05, 3.25970504491e-05, 1.17544750537e-05, 6.48176546747e-06, 5.29710405317e-06, 2.51725805356e-06, 1.11440397177e-06, 1.02140688796e-06, 2.73660106132e-07, 8.45360119683e-08, 1.1733826355e-08, 4.05843270102e-09, 1.66843650007e-09], "dvar": [1.42426778704e-10, 3.54109687351e-07, 4.93573770655e-06, 3.32375884682e-06, 2.17141841858e-05, 2.63569727394e-05, 6.47774231766e-06, 1.32240693347e-05, 1.50104040131e-06, 2.46671465476e-08, 9.03876351543e-09, 7.44750536796e-08, 5.14809599395e-08, 1.95691107763e-08, 1.03553841058e-08, 4.01604127731e-09, 1.07600106602e-09, 4.97892505003e-10, 2.68801869652e-10, 9.39828631585e-11, 3.51101821228e-11, 2.55869388177e-11, 2.57735477925e-12, 3.46636971514e-13, 5.64233548935e-15, 6.09851598864e-16, 4.92573853861e-18], "dvar2": [4.60018217963e-10, 6.74073135087e-07, 1.13098894872e-05, 9.76964656729e-06, 6.05422064837e-05, 7.73225619923e-05, 1.53987475642e-05, 2.89656654786e-05, 2.38378743234e-06, 4.78973340989e-08, 1.84853714558e-08, 1.38587836318e-07, 1.03420063624e-07, 4.34803446581e-08, 2.08334380858e-08, 7.74272734816e-09, 2.38372077632e-09, 9.68566782333e-10, 5.26563681547e-10, 2.53090798319e-10, 7.54437207151e-11, 5.99514604627e-11, 5.8915203445e-12, 8.89014556416e-13, 1.3047940312e-14, 1.60000182692e-15, 1.52075947934e-17], "max": [0.000132921035402, 0.0339224375784, 0.0623356103897, 0.0454026982188, 0.092347420752, 0.117260694504, 0.0554271638393, 0.0777796283364, 0.0486498996615, 0.00373616139404, 0.00239171413705, 0.00634940993041, 0.00503071025014, 0.00399006530643, 0.00201920932159, 0.00123056059238, 0.000770280603319, 0.000696552044246, 0.000428715109592, 0.000218625194975, 0.000134637579322, 0.000118571195344, 6.0385929828e-05, 1.4582868971e-05, 2.24230279855e-06, 7.13164240551e-07, 4.47249242086e-08], "mean": [8.54769223224e-06, 0.000464140961412, 0.00213691988029, 0.00148681772407, 0.00435490673408, 0.00403434131294, 0.00198167562485, 0.00266190292314, 0.000792978273239, 0.00020039062656, 0.000150539257447, 0.000279084255453, 0.000222626069444, 9.47883308982e-05, 6.89899461577e-05, 5.13213562954e-05, 1.63427594089e-05, 8.39305175759e-06, 7.01291764926e-06, 1.98363818527e-06, 1.10486575977e-06, 7.88188515344e-07, 1.73725723585e-07, 4.32396802807e-08, 7.15229964143e-09, 2.07751504888e-09, 1.06845854386e-09], "median": [4.66688288725e-06, 0.000115028531582, 0.000808979442809, 0.000641413847916, 0.00162520003505, 0.000711109372787, 0.00048932118807, 0.000342549639754, 7.20797979739e-05, 8.84055334609e-05, 5.91085772612e-05, 7.73919309722e-05, 5.51412231289e-05, 2.97583010251e-05, 1.71420979314e-05, 1.11478866529e-05, 3.36031234838e-06, 1.30548039579e-06, 2.93930440876e-07, 6.61534471647e-08, 1.25059900213e-08, 2.37039676776e-09, 8.14798228888e-10, 4.7888881749e-10, 4.20801171686e-10, 3.76790376677e-10, 5.29940313854e-10], "min": [1.57131320306e-24, 2.46978268258e-24, 1.87471531948e-24, 2.34565285534e-24, 8.86011413396e-24, 1.5194865207e-23, 6.99728458173e-24, 8.81274461432e-24, 2.69883168074e-23, 3.21456275039e-23, 9.45979515005e-24, 2.26076917369e-23, 4.51985365602e-23, 4.88843881657e-23, 8.36769374628e-23, 1.10203830594e-22, 8.91089389929e-23, 1.30078291266e-22, 1.44465359751e-22, 2.11771918817e-22, 2.61638454587e-22, 3.03544714869e-22, 3.98112754342e-22, 6.31347521041e-22, 1.03244338129e-21, 1.42272954998e-21, 2.12873375638e-21], "var": [1.3283402156e-10, 1.06806180611e-06, 1.36792405101e-05, 6.37848597762e-06, 5.23580092704e-05, 0.000114193942863, 1.94744316104e-05, 4.73736181448e-05, 6.55756048218e-06, 1.01563308874e-07, 5.54648451612e-08, 3.15315190846e-07, 2.25779658081e-07, 4.02156317136e-08, 2.39672566238e-08, 1.29202941679e-08, 2.89417734223e-09, 9.35641342181e-10, 5.00746610843e-10, 9.19035680891e-11, 5.61431109936e-11, 3.01846707351e-11, 2.76551958417e-12, 2.78117047621e-13, 6.00566646042e-15, 4.67094201181e-16, 3.8972631104e-18]}, "erbbands": {"dmean": [0.00121004099492, 0.0612764246762, 0.728557229042, 1.90043354034, 2.86844396591, 9.79569721222, 12.0117721558, 12.9005403519, 7.36453437805, 25.3925647736, 13.0666713715, 6.77747249603, 2.26875686646, 2.12484645844, 2.21351289749, 4.51058006287, 3.5758292675, 3.19239807129, 0.803800880909, 2.51943802834, 0.818202197552, 0.351637095213, 0.305503875017, 0.166052356362, 0.183792501688, 0.0680630207062, 0.0403497517109, 0.0333825573325, 0.0274655316025, 0.00926970969886, 0.00387852196582, 0.00199570460245, 0.000512484053615, 0.000112814595923, 5.03699957335e-05, 1.40965385071e-05, 3.49558672497e-06, 7.82887809692e-07, 2.52927452493e-06, 6.05469904258e-06], "dmean2": [0.00187872827519, 0.0920691937208, 1.09809565544, 3.12267494202, 5.04387712479, 16.6732749939, 19.9073944092, 21.4926490784, 11.3919353485, 39.9399299622, 20.1560287476, 8.64839744568, 3.27974510193, 2.97818660736, 3.08571791649, 6.29877853394, 5.0986790657, 4.85895681381, 1.20738506317, 3.79558253288, 1.20003974438, 0.521011650562, 0.450117856264, 0.237613707781, 0.246958300471, 0.106685906649, 0.0643298625946, 0.0473995320499, 0.0385616011918, 0.013425797224, 0.00594567321241, 0.00313872145489, 0.000896929996088, 0.000179119291715, 8.26346586109e-05, 2.37945514527e-05, 5.83592873227e-06, 1.34098718263e-06, 4.07216475651e-06, 9.78939624474e-06], "dvar": [1.0669967196e-05, 0.041342034936, 4.06695175171, 26.7657718658, 21.2894382477, 664.828918457, 1111.39611816, 2153.10961914, 314.172943115, 8875.01953125, 2404.62915039, 1199.01782227, 62.2707710266, 19.9160366058, 22.3991222382, 173.517730713, 90.0567169189, 100.07900238, 3.46935510635, 70.2710723877, 5.57813882828, 1.72224962711, 2.58684635162, 0.386542379856, 1.02266466618, 0.17173807323, 0.0852428525686, 0.074001044035, 0.0324733033776, 0.00610521808267, 0.00112872442696, 0.000423865101766, 5.31845980731e-05, 1.27534656258e-06, 3.73777055529e-07, 2.3300918528e-08, 4.66081673256e-10, 1.01508853406e-11, 2.02823469825e-11, 1.14147517827e-10], "dvar2": [2.2489031835e-05, 0.0744356513023, 7.9046087265, 79.5419235229, 67.5775756836, 1910.37121582, 2947.96484375, 6939.96777344, 710.266906738, 21422.8027344, 5914.96044922, 1973.98937988, 107.904747009, 37.5843505859, 46.8563117981, 301.568634033, 163.02897644, 247.565689087, 7.93173027039, 135.825576782, 10.5906543732, 3.88012456894, 5.143658638, 0.870275497437, 1.89797747135, 0.466824293137, 0.230949491262, 0.146082192659, 0.0694928392768, 0.0137067968026, 0.00260786595754, 0.00101370073389, 0.000149728468386, 2.970494279e-06, 9.49932370986e-07, 6.14896862317e-08, 1.21105847573e-09, 2.80435293043e-11, 4.96005146677e-11, 2.83292778125e-10], "max": [0.151697188616, 11.3949184418, 78.7303237915, 127.004096985, 117.0834198, 510.274353027, 924.899169922, 1238.70751953, 401.204162598, 1667.50976562, 1381.71496582, 1383.85925293, 285.014770508, 105.877700806, 105.121681213, 320.679138184, 263.769561768, 258.947418213, 49.9300422668, 188.891464233, 54.3788146973, 29.0086517334, 49.9156951904, 12.3260269165, 30.7188034058, 10.0082902908, 6.72453355789, 7.2314157486, 3.73512125015, 3.13319468498, 1.09503257275, 0.504213988781, 0.18879199028, 0.0304801017046, 0.0161058828235, 0.00437910528854, 0.000569730007555, 8.39376589283e-05, 7.26609723642e-05, 0.000172169035068], "mean": [0.00328161078505, 0.167969599366, 1.86619734764, 4.59559583664, 6.71992492676, 18.645898819, 26.8614349365, 31.8325138092, 23.5440063477, 61.0125007629, 35.7576980591, 20.3712043762, 5.78575658798, 6.6819152832, 7.11124229431, 13.2514305115, 10.6725378036, 7.67141723633, 2.17837738991, 4.81980705261, 2.11767196655, 0.800005912781, 0.585393607616, 0.317155152559, 0.322674840689, 0.0923642367125, 0.0489820018411, 0.044539116323, 0.0329856313765, 0.0102429548278, 0.00384870823473, 0.00182565650903, 0.000404787424486, 0.000118625714094, 5.37542218808e-05, 2.07206521736e-05, 8.21710727905e-06, 1.91169169739e-06, 9.05205888557e-06, 2.12073609873e-05], "median": [0.0013043594081, 0.0516182184219, 0.713832736015, 2.27370452881, 3.39199447632, 5.46360778809, 5.29527854919, 6.14592170715, 8.860496521, 7.29218387604, 7.99571990967, 2.4256644249, 2.29910850525, 3.17552256584, 3.12443184853, 4.0508890152, 4.00511455536, 2.51769590378, 0.908163428307, 1.08012509346, 0.520112335682, 0.211695075035, 0.0997150093317, 0.0354083478451, 0.0129971317947, 0.00386441266164, 0.00106391648296, 0.000290293653961, 0.000106588413473, 4.84157426399e-05, 2.88624760287e-05, 1.93201358343e-05, 1.53015207616e-05, 1.27495677589e-05, 1.04209157143e-05, 7.71435679781e-06, 4.48380706075e-06, 1.17498802865e-06, 5.69782969251e-06, 1.33576359076e-05], "min": [1.47482960972e-22, 5.40495584412e-22, 1.6905315957e-21, 5.00500412247e-21, 1.38981690987e-20, 3.38928144082e-20, 3.99086469717e-20, 1.49416141437e-19, 1.67017472122e-19, 1.84392064847e-19, 3.49890755816e-19, 6.98776693982e-19, 8.07494075866e-19, 1.00697245459e-18, 6.82750069614e-19, 1.28832067256e-18, 2.00501611486e-18, 2.02372280441e-18, 3.05336724562e-18, 5.50767292084e-18, 5.61885881647e-18, 4.95314551385e-18, 6.73066069727e-18, 8.00152486038e-18, 1.00217158104e-17, 9.77848665997e-18, 1.07858239012e-17, 9.86606937041e-18, 1.08238866171e-17, 1.13855976741e-17, 1.22557544554e-17, 1.23079776762e-17, 1.13010184565e-17, 9.57087259803e-18, 7.5680052916e-18, 4.12177895381e-18, 2.0653353659e-18, 1.11717245433e-18, 2.75560693713e-19, 3.04563119404e-20], "var": [3.5438566556e-05, 0.130546838045, 12.7375593185, 49.0019378662, 79.1234283447, 1240.9206543, 4996.56054688, 7444.74853516, 1874.39990234, 23292.5644531, 6249.52246094, 4713.28271484, 211.582366943, 109.900939941, 115.959381104, 760.711608887, 381.493896484, 272.171234131, 9.77744483948, 158.828308105, 20.0254135132, 4.53606319427, 4.77765035629, 0.704535126686, 1.81546545029, 0.170246899128, 0.0774681642652, 0.131293609738, 0.0454629659653, 0.00687986239791, 0.0012007758487, 0.000386232393794, 3.42049097526e-05, 1.32465038405e-06, 3.07353616336e-07, 1.85539441588e-08, 4.42918757226e-10, 1.05915484716e-11, 1.011586509e-10, 5.56456491996e-10]}, "gfcc": {"mean": [-227.361572266, 254.778198242, -114.668197632, -42.8405532837, -10.3010187149, -27.8576183319, -30.4542636871, -23.1841220856, -15.0850191116, -14.8551597595, -6.06415367126, -14.998336792, -9.94515132904], "cov": [[14522.2646484, 134.417510986, -3514.65771484, 1139.06945801, -893.325195312, -1524.7010498, 251.912124634, -441.904876709, 280.730895996, 255.780197144, 79.0430145264, -265.257324219, -89.8721923828], [134.417510986, 1006.6574707, 335.630371094, -447.635650635, 437.08505249, 110.517913818, -80.0619430542, 70.6922302246, -98.8380661011, -110.876991272, -16.1823120117, -47.1883964539, 10.4109773636], [-3514.65771484, 335.630371094, 1303.02502441, -356.781066895, 327.470397949, 565.370605469, -78.2537765503, 124.466880798, -82.9942169189, -129.173156738, -43.6253738403, 66.5573425293, 42.9575958252], [1139.06945801, -447.635650635, -356.781066895, 530.756408691, -199.352020264, -96.7702026367, 148.588806152, -49.5044975281, 72.2902145386, 62.7453804016, -4.15911197662, 12.2376127243, -13.6452484131], [-893.325195312, 437.08505249, 327.470397949, -199.352020264, 426.754821777, 146.351028442, -17.4712200165, 105.656967163, -75.6265716553, -62.6604576111, -7.52500915527, -12.0129814148, 10.556350708], [-1524.7010498, 110.517913818, 565.370605469, -96.7702026367, 146.351028442, 401.308959961, 19.8105258942, 54.340423584, -19.2987613678, -70.4467086792, -27.8527374268, 56.487903595, 21.6398239136], [251.912124634, -80.0619430542, -78.2537765503, 148.588806152, -17.4712200165, 19.8105258942, 143.37310791, 33.7366676331, 20.848493576, 25.7595481873, -9.51031112671, -4.21685934067, -11.3286819458], [-441.904876709, 70.6922302246, 124.466880798, -49.5044975281, 105.656967163, 54.340423584, 33.7366676331, 134.281005859, 26.4613170624, -3.7963116169, 6.13425827026, -13.4987564087, -21.0588111877], [280.730895996, -98.8380661011, -82.9942169189, 72.2902145386, -75.6265716553, -19.2987613678, 20.848493576, 26.4613170624, 107.611915588, 41.0342750549, 1.27836811543, 0.575259029865, -16.652967453], [255.780197144, -110.876991272, -129.173156738, 62.7453804016, -62.6604576111, -70.4467086792, 25.7595481873, -3.7963116169, 41.0342750549, 84.2387466431, 16.1811676025, -18.1917800903, -13.6609363556], [79.0430145264, -16.1823120117, -43.6253738403, -4.15911197662, -7.52500915527, -27.8527374268, -9.51031112671, 6.13425827026, 1.27836811543, 16.1811676025, 49.9648513794, 15.29845047, -8.21008586884], [-265.257324219, -47.1883964539, 66.5573425293, 12.2376127243, -12.0129814148, 56.487903595, -4.21685934067, -13.4987564087, 0.575259029865, -18.1917800903, 15.29845047, 85.3829803467, 34.7732849121], [-89.8721923828, 10.4109773636, 42.9575958252, -13.6452484131, 10.556350708, 21.6398239136, -11.3286819458, -21.0588111877, -16.652967453, -13.6609363556, -8.21008586884, 34.7732849121, 66.060256958]], "icov": [[0.000664748891722, -0.00179835094605, 0.00145225075539, -0.0015101620229, 0.0013290225761, -4.54008040833e-05, 0.000190298873349, 0.00033642994822, -0.000781418173574, 0.000527398369741, -0.000957439129706, 0.00109479925595, -0.000909348891582], [-0.00179835094605, 0.00785067398101, -0.00398860592395, 0.00624703476205, -0.00634498335421, 0.000804634008091, -0.00236369739287, 0.00135563604999, 0.000208617479075, 0.0014501682017, 0.00155306851957, -0.00121259165462, 0.00216117757373], [0.00145225075539, -0.00398860592395, 0.0061316434294, -0.00299785402603, 0.00299691990949, -0.0039202850312, 0.00275997002609, -0.00154366099741, 0.00017222148017, 6.09166381764e-05, -0.000454647961305, 0.00184993294533, -0.00218995125033], [-0.0015101620229, 0.00624703476205, -0.00299785402603, 0.00892321113497, -0.00447804341093, 0.000905123597477, -0.00584278162569, 0.00276589742862, -0.00119789852761, 0.00104606989771, 0.0017098170938, -0.00231270468794, 0.00239661685191], [0.0013290225761, -0.00634498335421, 0.00299691990949, -0.00447804341093, 0.00973884016275, -0.00166872167028, 0.00254558282904, -0.00525831989944, 0.00340269575827, -0.00117878487799, -0.000912611372769, 0.00168640853371, -0.00270222057588], [-4.54008040833e-05, 0.000804634008091, -0.0039202850312, 0.000905123597477, -0.00166872167028, 0.00910440180451, -0.00481430394575, 0.00289892638102, -0.00327224540524, 0.00363691337407, 0.000456918030977, -0.00261932611465, 0.00129322102293], [0.000190298873349, -0.00236369739287, 0.00275997002609, -0.00584278162569, 0.00254558282904, -0.00481430394575, 0.0166840814054, -0.00880790874362, 0.00594429532066, -0.00700402352959, 0.00557358749211, -0.00180873495992, 0.000548290612642], [0.00033642994822, 0.00135563604999, -0.00154366099741, 0.00276589742862, -0.00525831989944, 0.00289892638102, -0.00880790874362, 0.0188238527626, -0.0109250824898, 0.0063570458442, -0.00735234376043, 0.00466291466728, 0.00139233202208], [-0.000781418173574, 0.000208617479075, 0.00017222148017, -0.00119789852761, 0.00340269575827, -0.00327224540524, 0.00594429532066, -0.0109250824898, 0.0206195320934, -0.0111486949027, 0.00833122432232, -0.00673447502777, 0.00408223830163], [0.000527398369741, 0.0014501682017, 6.09166381764e-05, 0.00104606989771, -0.00117878487799, 0.00363691337407, -0.00700402352959, 0.0063570458442, -0.0111486949027, 0.0252284705639, -0.0117926429957, 0.00930597167462, -0.0034696708899], [-0.000957439129706, 0.00155306851957, -0.000454647961305, 0.0017098170938, -0.000912611372769, 0.000456918030977, 0.00557358749211, -0.00735234376043, 0.00833122432232, -0.0117926429957, 0.0340483225882, -0.016097586602, 0.0100763766095], [0.00109479925595, -0.00121259165462, 0.00184993294533, -0.00231270468794, 0.00168640853371, -0.00261932611465, -0.00180873495992, 0.00466291466728, -0.00673447502777, 0.00930597167462, -0.016097586602, 0.0265605505556, -0.0139903547242], [-0.000909348891582, 0.00216117757373, -0.00218995125033, 0.00239661685191, -0.00270222057588, 0.00129322102293, 0.000548290612642, 0.00139233202208, 0.00408223830163, -0.0034696708899, 0.0100763766095, -0.0139903547242, 0.0249533690512]]}, "melbands": {"dmean": [2.83334811684e-05, 0.000279000902083, 0.000317541882396, 0.000429630716098, 0.00043889938388, 0.00029181066202, 0.000114973518066, 0.000277592393104, 9.2808943009e-05, 3.82747093681e-05, 1.07436017061e-05, 8.90018418431e-06, 6.78175774738e-06, 9.94133188215e-06, 9.90600619843e-06, 8.33238755149e-06, 5.75558260607e-06, 1.08844517399e-06, 2.71248723038e-06, 2.80728022517e-06, 7.40321638659e-07, 4.25561324846e-07, 3.38192165827e-07, 1.80155893759e-07, 1.41013700272e-07, 1.35994824291e-07, 8.73065744145e-08, 4.24568433743e-08, 3.01858236185e-08, 1.46489513853e-08, 2.47793447983e-08, 1.74543171028e-08, 1.03990958067e-08, 3.80650178045e-09, 2.29791830009e-09, 2.00812722007e-09, 8.41762270998e-10, 4.19946549757e-10, 1.51428147799e-10, 7.26170581999e-11], "dmean2": [4.39335672127e-05, 0.00041987397708, 0.000530517776497, 0.000745985948015, 0.000730462023057, 0.000481788621983, 0.000178646514541, 0.00043438267312, 0.000141192911542, 4.81415081595e-05, 1.56652877195e-05, 1.24174048324e-05, 9.52702976065e-06, 1.39930434671e-05, 1.4113900761e-05, 1.20814811453e-05, 8.88312024472e-06, 1.67088785474e-06, 4.12175813835e-06, 4.157352123e-06, 1.10577082069e-06, 6.26513269708e-07, 5.32454521363e-07, 2.59365890543e-07, 2.05212160154e-07, 1.81113293252e-07, 1.22382317613e-07, 7.18052746151e-08, 4.97599366156e-08, 2.35310437802e-08, 3.48383153437e-08, 2.51648906158e-08, 1.49284176132e-08, 5.80150549823e-09, 3.58208152029e-09, 3.14628900711e-09, 1.34722299983e-09, 7.60761564855e-10, 2.55527182746e-10, 1.19789136943e-10], "dvar": [7.6559381057e-09, 5.98563644871e-07, 5.86164787819e-07, 9.72662633103e-07, 1.08937047116e-06, 9.33322667152e-07, 8.62379962996e-08, 1.03398326701e-06, 1.3107688801e-07, 5.10332291981e-08, 1.14911968829e-09, 3.70708824748e-10, 1.67742750246e-10, 8.04544153521e-10, 5.96355853588e-10, 7.30274840599e-10, 2.97733199206e-10, 7.49291687724e-12, 6.99713342822e-11, 8.22264409339e-11, 4.4021461823e-12, 2.79269294322e-12, 3.06359842009e-12, 1.07767061334e-12, 3.54892303695e-13, 5.74729987993e-13, 1.79857756293e-13, 1.35623933958e-13, 6.20228220454e-14, 1.72515183427e-14, 5.36922597854e-14, 1.42994611377e-14, 6.80838518498e-15, 1.32388507387e-15, 4.19709616395e-16, 3.61426867481e-16, 8.83002466057e-17, 4.18900342588e-17, 3.22962082259e-18, 5.11038489687e-19], "dvar2": [1.5297636935e-08, 1.16759713364e-06, 1.73515695678e-06, 2.90644288725e-06, 2.85653709398e-06, 2.94818073598e-06, 1.91661456483e-07, 2.43168551606e-06, 3.28163395125e-07, 8.15296488099e-08, 2.08871742124e-09, 6.88295531681e-10, 3.43487044363e-10, 1.46810130719e-09, 1.16969078867e-09, 1.57972102066e-09, 7.37983230081e-10, 1.76518695494e-11, 1.46625614428e-10, 1.56252039085e-10, 8.61377809358e-12, 5.73322509259e-12, 8.41589645195e-12, 1.96156784392e-12, 8.22440531477e-13, 1.05527761009e-12, 3.72819559512e-13, 3.82829103704e-13, 1.72750350266e-13, 4.64469127493e-14, 9.92438349925e-14, 3.12273366616e-14, 1.48505458554e-14, 2.92301011581e-15, 9.71948919392e-16, 8.4992429422e-16, 2.17797369969e-16, 1.20347896984e-16, 7.79834035061e-18, 1.16797985211e-18], "max": [0.00481379916891, 0.0318103320897, 0.0182696599513, 0.0168873053044, 0.0245591290295, 0.0244789049029, 0.007224467583, 0.0199300684035, 0.0104447538033, 0.00926448125392, 0.00109113310464, 0.000464217999252, 0.000241550413193, 0.000629299785942, 0.000636330456473, 0.000687193358317, 0.000428891886258, 7.74576765252e-05, 0.000176533110789, 0.000186599936569, 4.66025303467e-05, 4.5583165047e-05, 5.13062950631e-05, 3.581141209e-05, 1.27987086671e-05, 2.16350872506e-05, 1.0753051356e-05, 9.48293745751e-06, 5.91730349697e-06, 5.13574286742e-06, 6.59729130348e-06, 2.70104465017e-06, 2.58064119407e-06, 1.80810445727e-06, 7.14057364348e-07, 4.73228567444e-07, 2.30724566563e-07, 1.65816103959e-07, 7.72057404674e-08, 1.71604668253e-08], "mean": [7.29694438633e-05, 0.000735795707442, 0.000796703563537, 0.000926897919271, 0.00094667688245, 0.000717609305866, 0.000358072720701, 0.000682294310536, 0.000261651090113, 0.000110863198643, 2.49604454439e-05, 2.69321517408e-05, 2.07741250051e-05, 2.96750404232e-05, 2.91644828394e-05, 2.25984476856e-05, 1.28449873955e-05, 2.69096676675e-06, 5.40445080333e-06, 5.81935910304e-06, 1.86929401025e-06, 9.02927638435e-07, 6.06913829415e-07, 3.52064432718e-07, 2.52295421888e-07, 2.46632367862e-07, 1.33910901923e-07, 5.02215051768e-08, 3.41770061141e-08, 1.59980420023e-08, 3.40191199655e-08, 2.09600958812e-08, 1.16241309911e-08, 3.96524058033e-09, 2.26756924349e-09, 1.83081005911e-09, 7.45603245811e-10, 2.92173812921e-10, 1.35718866701e-10, 6.98961444279e-11], "median": [2.0714063794e-05, 0.000296801445074, 0.00045100931311, 0.00033893546788, 0.000231803773204, 0.000135373018566, 0.000122668163385, 7.48888705857e-05, 5.30782817805e-05, 1.00192801256e-05, 9.74831618805e-06, 1.08083759187e-05, 8.90691899258e-06, 9.27274413698e-06, 1.06455800051e-05, 5.99040777161e-06, 3.72868316845e-06, 9.81053290161e-07, 1.34088486448e-06, 1.1039637684e-06, 4.06685842336e-07, 1.87115219319e-07, 1.03086946979e-07, 5.02559771576e-08, 2.03582928293e-08, 7.81285969254e-09, 4.72303796073e-09, 1.6669143843e-09, 5.99727711936e-10, 2.81769829691e-10, 9.86388470903e-11, 5.51235793123e-11, 3.07471027805e-11, 1.8829982712e-11, 1.23773335331e-11, 8.80754063431e-12, 6.38036845579e-12, 5.08513196829e-12, 4.49778322226e-12, 3.75013518503e-12], "min": [1.82851784994e-24, 1.58440612471e-24, 2.18105249152e-24, 1.41440551496e-24, 1.84459700455e-24, 3.42990844576e-24, 2.15845537367e-24, 2.30891422248e-24, 3.62987955764e-24, 3.85593553864e-24, 4.08135135902e-24, 3.36507867328e-24, 1.71091407176e-24, 2.25265049335e-24, 2.26603154646e-24, 4.2950052633e-24, 2.56475621075e-24, 4.13942927101e-24, 7.03372364467e-24, 5.148517264e-24, 3.41803766686e-24, 5.29815747241e-24, 6.22810772825e-24, 5.24527933707e-24, 5.61395032568e-24, 6.04603074271e-24, 6.9558796394e-24, 6.41181805029e-24, 5.29977582055e-24, 6.85495277519e-24, 5.18717184279e-24, 5.15972066658e-24, 6.92133384264e-24, 5.85378376239e-24, 6.19516410799e-24, 7.56983193813e-24, 7.15578724797e-24, 7.53459825466e-24, 8.2799526921e-24, 7.39277605226e-24], "var": [2.28912444555e-08, 1.86869885965e-06, 1.20500840239e-06, 2.31484523283e-06, 4.30586624134e-06, 3.430564675e-06, 4.77255355236e-07, 3.01740919895e-06, 3.31207189674e-07, 1.83726839964e-07, 3.75543285358e-09, 2.0441235371e-09, 9.21439091695e-10, 3.53172646683e-09, 2.71477573754e-09, 2.7167921246e-09, 7.70985941756e-10, 1.86608246217e-11, 1.58371732395e-10, 2.17813225789e-10, 1.5909376247e-11, 8.55872230726e-12, 4.28216316573e-12, 2.07969405586e-12, 5.95081655393e-13, 1.09017460857e-12, 2.66105740958e-13, 1.18084253313e-13, 5.14967910437e-14, 1.28933093653e-14, 1.03341448354e-13, 1.98620366167e-14, 7.99219631448e-15, 1.53833624018e-15, 4.53965984592e-16, 3.34801445575e-16, 7.6936194505e-17, 2.5044353846e-17, 3.38899929468e-18, 5.2596201701e-19]}, "mfcc": {"mean": [-828.994995117, 241.53855896, 5.64860534668, -9.88296794891, 13.1839580536, 1.65925872326, -8.90817928314, -10.0561056137, -11.5598363876, -9.13784980774, -4.69651412964, -1.95663750172, 0.06088315323], "cov": [[6249.37792969, 1905.55432129, -2284.49780273, 404.49508667, -118.986244202, -655.572570801, -457.690673828, -292.043731689, -237.433486938, 73.9753341675, 179.646408081, -31.0470123291, 82.466796875], [1905.55432129, 1370.23791504, -446.310333252, -193.051849365, 184.094696045, -159.812866211, -120.245750427, -63.387928009, -56.7106704712, -5.59263467789, 26.0960426331, 3.28888440132, -19.3156967163], [-2284.49780273, -446.310333252, 1229.52880859, -168.163619995, 29.3972320557, 409.153778076, 210.921051025, 152.676116943, 143.633575439, -46.1769065857, -95.684425354, 9.2509355545, -56.725605011], [404.49508667, -193.051849365, -168.163619995, 305.690246582, -64.0508346558, -32.5771026611, 31.2744464874, 8.06167888641, 12.3463077545, 34.1626968384, 27.5195274353, -3.04718804359, 42.885723114], [-118.986244202, 184.094696045, 29.3972320557, -64.0508346558, 214.265838623, 33.2939987183, 21.6090602875, 59.9270095825, 28.8777675629, -9.65575027466, -5.62947273254, 23.4274520874, 2.02977347374], [-655.572570801, -159.812866211, 409.153778076, -32.5771026611, 33.2939987183, 265.456817627, 106.784576416, 76.0765228271, 83.3562164307, -29.6409721375, -41.500667572, -2.54081773758, -26.6998748779], [-457.690673828, -120.245750427, 210.921051025, 31.2744464874, 21.6090602875, 106.784576416, 182.299026489, 93.1006546021, 37.2379188538, 14.5585098267, -10.5529403687, -5.42008876801, -13.8963403702], [-292.043731689, -63.387928009, 152.676116943, 8.06167888641, 59.9270095825, 76.0765228271, 93.1006546021, 153.826904297, 73.2814865112, -8.24161624908, 11.3230113983, 18.8034858704, -8.2835226059], [-237.433486938, -56.7106704712, 143.633575439, 12.3463077545, 28.8777675629, 83.3562164307, 37.2379188538, 73.2814865112, 109.379043579, 22.3294506073, -3.14422249794, 20.8172874451, 5.08362770081], [73.9753341675, -5.59263467789, -46.1769065857, 34.1626968384, -9.65575027466, -29.6409721375, 14.5585098267, -8.24161624908, 22.3294506073, 95.3707504272, 39.973575592, -2.24004912376, 21.9287509918], [179.646408081, 26.0960426331, -95.684425354, 27.5195274353, -5.62947273254, -41.500667572, -10.5529403687, 11.3230113983, -3.14422249794, 39.973575592, 78.7220153809, 23.314655304, 3.26710271835], [-31.0470123291, 3.28888440132, 9.2509355545, -3.04718804359, 23.4274520874, -2.54081773758, -5.42008876801, 18.8034858704, 20.8172874451, -2.24004912376, 23.314655304, 69.1936721802, 40.4274559021], [82.466796875, -19.3156967163, -56.725605011, 42.885723114, 2.02977347374, -26.6998748779, -13.8963403702, -8.2835226059, 5.08362770081, 21.9287509918, 3.26710271835, 40.4274559021, 111.439582825]], "icov": [[0.0118485642597, -0.0165450274944, 0.0171555262059, -0.0173264630139, 0.0175759326667, -0.0177957769483, 0.0175589788705, -0.0166243873537, 0.0155133148655, -0.0138455042616, 0.0124066630378, -0.0101585183293, 0.00547292456031], [-0.0165450274944, 0.0242643170059, -0.0234772395343, 0.025046877563, -0.0255078878254, 0.0251036528498, -0.0247445050627, 0.0238578785211, -0.0222639888525, 0.0197685323656, -0.0178556740284, 0.0146106583998, -0.00762440357357], [0.0171555262059, -0.0234772395343, 0.0271913092583, -0.0237409528345, 0.0259366109967, -0.028308160603, 0.0247909333557, -0.0248234588653, 0.0224985983223, -0.0210473593324, 0.0198209974915, -0.0161532592028, 0.00859841983765], [-0.0173264630139, 0.025046877563, -0.0237409528345, 0.0308515354991, -0.0249011218548, 0.0262578669935, -0.0282141454518, 0.0254292525351, -0.0257365293801, 0.022074084729, -0.0207556821406, 0.0174740273505, -0.0105779338628], [0.0175759326667, -0.0255078878254, 0.0259366109967, -0.0249011218548, 0.0331626422703, -0.0279333014041, 0.0268662981689, -0.0288577508181, 0.0247651189566, -0.0228475946933, 0.0216255895793, -0.0182950850576, 0.00863520428538], [-0.0177957769483, 0.0251036528498, -0.028308160603, 0.0262578669935, -0.0279333014041, 0.0383936204016, -0.031466588378, 0.0299544874579, -0.0325521938503, 0.0286588612944, -0.023019278422, 0.0202301740646, -0.0098024988547], [0.0175589788705, -0.0247445050627, 0.0247909333557, -0.0282141454518, 0.0268662981689, -0.031466588378, 0.0406003445387, -0.0361043512821, 0.0335984937847, -0.031575255096, 0.0268257502466, -0.0197008475661, 0.0115859145299], [-0.0166243873537, 0.0238578785211, -0.0248234588653, 0.0254292525351, -0.0288577508181, 0.0299544874579, -0.0361043512821, 0.0460864380002, -0.0394332781434, 0.0348278321326, -0.0320154987276, 0.0217910595238, -0.0113794086501], [0.0155133148655, -0.0222639888525, 0.0224985983223, -0.0257365293801, 0.0247651189566, -0.0325521938503, 0.0335984937847, -0.0394332781434, 0.0514531359076, -0.0388582423329, 0.0326211154461, -0.027983840555, 0.0135205462575], [-0.0138455042616, 0.0197685323656, -0.0210473593324, 0.022074084729, -0.0228475946933, 0.0286588612944, -0.031575255096, 0.0348278321326, -0.0388582423329, 0.0484022833407, -0.0381896570325, 0.0295063946396, -0.0169385913759], [0.0124066630378, -0.0178556740284, 0.0198209974915, -0.0207556821406, 0.0216255895793, -0.023019278422, 0.0268257502466, -0.0320154987276, 0.0326211154461, -0.0381896570325, 0.0487153083086, -0.0319358110428, 0.0170411914587], [-0.0101585183293, 0.0146106583998, -0.0161532592028, 0.0174740273505, -0.0182950850576, 0.0202301740646, -0.0197008475661, 0.0217910595238, -0.027983840555, 0.0295063946396, -0.0319358110428, 0.0433466807008, -0.0198722612113], [0.00547292456031, -0.00762440357357, 0.00859841983765, -0.0105779338628, 0.00863520428538, -0.0098024988547, 0.0115859145299, -0.0113794086501, 0.0135205462575, -0.0169385913759, 0.0170411914587, -0.0198722612113, 0.0195683911443]]}, "spectral_contrast_coeffs": {"dmean": [0.0433248467743, 0.0375561639667, 0.025085343048, 0.0232082847506, 0.0172092150897, 0.0405520275235], "dmean2": [0.073111474514, 0.0618236847222, 0.0397639460862, 0.0383090339601, 0.0276398509741, 0.0706188306212], "dvar": [0.00127020524815, 0.00110106961802, 0.00054531841306, 0.000517554057296, 0.000395539362216, 0.001285886392], "dvar2": [0.00367427733727, 0.0029789309483, 0.00132330716588, 0.00126231403556, 0.000914385542274, 0.00348002230749], "max": [-0.245763212442, -0.363483399153, -0.475330799818, -0.542950034142, -0.594101786613, -0.594323158264], "mean": [-0.545853197575, -0.655106961727, -0.745359659195, -0.730494976044, -0.730027019978, -0.846878230572], "median": [-0.544562339783, -0.661641299725, -0.749647736549, -0.733080744743, -0.725783824921, -0.866914749146], "min": [-0.981651425362, -0.986061632633, -0.997770130634, -0.987511515617, -0.989022433758, -0.96365404129], "var": [0.0095484694466, 0.00844312552363, 0.00412477506325, 0.00306180398911, 0.00266252853908, 0.00547444913536]}, "spectral_contrast_valleys": {"dmean": [0.383486181498, 0.300052285194, 0.246359482408, 0.242649227381, 0.252790689468, 0.740559875965], "dmean2": [0.639122605324, 0.484348207712, 0.392625510693, 0.399096846581, 0.391403436661, 1.31416833401], "dvar": [0.128298714757, 0.109024971724, 0.0829169303179, 0.103420861065, 0.17272298038, 0.353333294392], "dvar2": [0.300152689219, 0.220468997955, 0.156242340803, 0