{"lowlevel": {"average_loudness": 0.615088582039, "barkbands_crest": {"dmean": 2.05477571487, "dmean2": 3.25592923164, "dvar": 4.75883150101, "dvar2": 11.0061006546, "max": 25.9291725159, "mean": 13.6704998016, "median": 12.9718780518, "min": 4.59188318253, "var": 20.2445278168}, "barkbands_flatness_db": {"dmean": 0.0357827320695, "dmean2": 0.0622453317046, "dvar": 0.000819392269477, "dvar2": 0.00235187751241, "max": 0.678278148174, "mean": 0.485890895128, "median": 0.49195548892, "min": 0.0434632226825, "var": 0.00554963946342}, "barkbands_kurtosis": {"dmean": 1.68928647041, "dmean2": 2.72394824028, "dvar": 12.9196949005, "dvar2": 31.2653980255, "max": 219.996063232, "mean": 2.93757843971, "median": 0.981657981873, "min": -1.81887066364, "var": 85.2348327637}, "barkbands_skewness": {"dmean": 0.427623301744, "dmean2": 0.66373026371, "dvar": 0.229512542486, "dvar2": 0.490424901247, "max": 5.22770309448, "mean": -0.184785231948, "median": -0.0755383074284, "min": -7.57155656815, "var": 1.56709325314}, "barkbands_spread": {"dmean": 0.760713815689, "dmean2": 1.22647869587, "dvar": 1.45143043995, "dvar2": 3.70877456665, "max": 57.6413612366, "mean": 3.61262440681, "median": 2.89936733246, "min": 0.284417033195, "var": 12.8696060181}, "dissonance": {"dmean": 0.0635570809245, "dmean2": 0.108859524131, "dvar": 0.00390296173282, "dvar2": 0.010080662556, "max": 0.5, "mean": 0.291664689779, "median": 0.292589753866, "min": 0.0359485596418, "var": 0.00974475871772}, "dynamic_complexity": 4.20011425018, "erbbands_crest": {"dmean": 2.51617383957, "dmean2": 3.92318916321, "dvar": 8.47632312775, "dvar2": 17.7944755554, "max": 34.6229858398, "mean": 18.2273273468, "median": 17.5106067657, "min": 2.59187412262, "var": 41.2535972595}, "erbbands_flatness_db": {"dmean": 0.0208870656788, "dmean2": 0.0351834520698, "dvar": 0.000353299808921, "dvar2": 0.000902053026948, "max": 0.624695181847, "mean": 0.485417246819, "median": 0.491953581572, "min": 0.0776020288467, "var": 0.00423052860424}, "erbbands_kurtosis": {"dmean": 2.13991618156, "dmean2": 3.18111133575, "dvar": 15.9889564514, "dvar2": 29.7160587311, "max": 288.783508301, "mean": 5.45346069336, "median": 1.86687135696, "min": -1.855281353, "var": 215.541427612}, "erbbands_skewness": {"dmean": 0.409221321344, "dmean2": 0.613321781158, "dvar": 0.231716170907, "dvar2": 0.46580389142, "max": 13.8992385864, "mean": -0.190101474524, "median": -0.0935249179602, "min": -7.3136177063, "var": 2.2942199707}, "erbbands_spread": {"dmean": 0.899096190929, "dmean2": 1.39024484158, "dvar": 1.51195180416, "dvar2": 3.40000271797, "max": 58.1086463928, "mean": 5.02093839645, "median": 4.26937389374, "min": 0.301211088896, "var": 22.8030319214}, "hfc": {"dmean": 3.01992917061, "dmean2": 3.89255023003, "dvar": 24.3016052246, "dvar2": 43.0976791382, "max": 116.824691772, "mean": 10.2767248154, "median": 7.61952400208, "min": 1.08007010754e-16, "var": 104.254798889}, "melbands_crest": {"dmean": 2.46721601486, "dmean2": 3.91814875603, "dvar": 6.99323415756, "dvar2": 16.1653766632, "max": 34.4279670715, "mean": 16.265499115, "median": 15.1780920029, "min": 1.42198264599, "var": 34.7512512207}, "melbands_flatness_db": {"dmean": 0.0404098592699, "dmean2": 0.0705639123917, "dvar": 0.00104846991599, "dvar2": 0.00303682801314, "max": 0.85113209486, "mean": 0.61170989275, "median": 0.621155798435, "min": 0.00147105858196, "var": 0.00966073665768}, "melbands_kurtosis": {"dmean": 1.43614053726, "dmean2": 2.31825208664, "dvar": 12.4831695557, "dvar2": 33.8605766296, "max": 312.877990723, "mean": 2.47242736816, "median": 0.448646068573, "min": -1.87498700619, "var": 171.116607666}, "melbands_skewness": {"dmean": 0.387583613396, "dmean2": 0.602929115295, "dvar": 0.189617961645, "dvar2": 0.414472132921, "max": 7.70992708206, "mean": 0.143760547042, "median": 0.213052168489, "min": -5.96579027176, "var": 1.28890931606}, "melbands_spread": {"dmean": 1.34019613266, "dmean2": 2.15758705139, "dvar": 6.82236480713, "dvar2": 16.8949146271, "max": 162.021774292, "mean": 7.70536184311, "median": 5.22619628906, "min": 0.381229668856, "var": 260.618652344}, "pitch_salience": {"dmean": 0.056925393641, "dmean2": 0.0913027748466, "dvar": 0.0039301388897, "dvar2": 0.00931792799383, "max": 0.955090343952, "mean": 0.491633504629, "median": 0.497456461191, "min": 0.0642971023917, "var": 0.016137285158}, "silence_rate_20dB": {"dmean": 0, "dmean2": 0, "dvar": 0, "dvar2": 0, "max": 1, "mean": 1, "median": 1, "min": 1, "var": 0}, "silence_rate_30dB": {"dmean": 0.00373320048675, "dmean2": 0.00746733043343, "dvar": 0.00371902366169, "dvar2": 0.01014944911, "max": 1, "mean": 0.996640563011, "median": 1, "min": 0, "var": 0.00334825948812}, "silence_rate_60dB": {"dmean": 0.0191637631506, "dmean2": 0.0383322946727, "dvar": 0.0187956858426, "dvar2": 0.0435803569853, "max": 1, "mean": 0.104516610503, "median": 0, "min": 0, "var": 0.0935936272144}, "spectral_centroid": {"dmean": 33.6463432312, "dmean2": 51.8853111267, "dvar": 10990.2744141, "dvar2": 23417.9765625, "max": 11617.1513672, "mean": 626.4140625, "median": 445.463134766, "min": 240.548248291, "var": 1748099.875}, "spectral_complexity": {"dmean": 1.04554510117, "dmean2": 1.72221529484, "dvar": 1.28136885166, "dvar2": 2.8299241066, "max": 18, "mean": 6.96839618683, "median": 7, "min": 0, "var": 7.65038347244}, "spectral_decrease": {"dmean": 1.6913072054e-09, "dmean2": 2.27644547657e-09, "dvar": 5.8842812227e-18, "dvar2": 1.16466393318e-17, "max": 2.02890027035e-28, "mean": -5.88309445604e-09, "median": -4.64332972072e-09, "min": -6.71387070383e-08, "var": 2.68083396633e-17}, "spectral_energy": {"dmean": 0.00665009394288, "dmean2": 0.00893109571189, "dvar": 9.14034608286e-05, "dvar2": 0.000180035203812, "max": 0.263993173838, "mean": 0.0231363251805, "median": 0.0182683560997, "min": 9.97134239807e-21, "var": 0.000416121707531}, "spectral_energyband_high": {"dmean": 4.95769576503e-08, "dmean2": 7.50442765707e-08, "dvar": 3.27570246319e-13, "dvar2": 6.77377587615e-13, "max": 3.60630801879e-05, "mean": 6.86729251242e-08, "median": 4.63795624128e-09, "min": 6.81033307951e-21, "var": 4.7906839086e-13}, "spectral_energyband_low": {"dmean": 0.00114049017429, "dmean2": 0.00185422855429, "dvar": 5.09393748871e-06, "dvar2": 1.27086614157e-05, "max": 0.0376179553568, "mean": 0.00203971378505, "median": 0.000704218633473, "min": 8.53620232425e-24, "var": 1.20728909678e-05}, "spectral_energyband_middle_high": {"dmean": 0.00095423538005, "dmean2": 0.00110023864545, "dvar": 1.55744291988e-05, "dvar2": 2.44580933213e-05, "max": 0.121255554259, "mean": 0.00215399148874, "median": 0.000270105112577, "min": 1.16145639479e-21, "var": 5.33752499905e-05}, "spectral_energyband_middle_low": {"dmean": 0.00551956472918, "dmean2": 0.00761407334358, "dvar": 6.23969244771e-05, "dvar2": 0.000127785038785, "max": 0.166985541582, "mean": 0.019696071744, "median": 0.0155886467546, "min": 1.61472077529e-22, "var": 0.000301761145238}, "spectral_entropy": {"dmean": 0.183677762747, "dmean2": 0.294443577528, "dvar": 0.0466978922486, "dvar2": 0.112379163504, "max": 9.82482814789, "mean": 4.91996955872, "median": 4.86334323883, "min": 2.93146109581, "var": 0.548632860184}, "spectral_flux": {"dmean": 0.0226045250893, "dmean2": 0.0353401973844, "dvar": 0.000862090324517, "dvar2": 0.00204031099565, "max": 0.303746789694, "mean": 0.0469093136489, "median": 0.0376722291112, "min": 6.40598754598e-11, "var": 0.00136875477619}, "spectral_kurtosis": {"dmean": 126.451248169, "dmean2": 223.734130859, "dvar": 15036.8886719, "dvar2": 45797.9804688, "max": 1444.75488281, "mean": 325.372009277, "median": 305.067352295, "min": -1.29102110863, "var": 24956.0703125}, "spectral_rms": {"dmean": 0.000643729115836, "dmean2": 0.00085261388449, "dvar": 5.81222082019e-07, "dvar2": 1.13434271043e-06, "max": 0.0160484984517, "mean": 0.00426145689562, "median": 0.00422170432284, "min": 3.11899638061e-12, "var": 4.41200472778e-06}, "spectral_rolloff": {"dmean": 43.4889678955, "dmean2": 77.1764755249, "dvar": 46921.0195312, "dvar2": 95800.0859375, "max": 19681.3476562, "mean": 882.198547363, "median": 581.396484375, "min": 258.3984375, "var": 5176965.5}, "spectral_skewness": {"dmean": 2.62299799919, "dmean2": 4.58382749557, "dvar": 5.84839296341, "dvar2": 16.8216705322, "max": 30.6784515381, "mean": 14.0793418884, "median": 14.4305410385, "min": -0.0972637981176, "var": 16.1508769989}, "spectral_spread": {"dmean": 379088.09375, "dmean2": 679848.5, "dvar": 247417536512, "dvar2": 677390974976, "max": 43648280, "mean": 1276940.125, "median": 544911.9375, "min": 80179.578125, "var": 25277786751000.0}, "spectral_strongpeak": {"dmean": 0.484256744385, "dmean2": 0.740453541279, "dvar": 0.482464283705, "dvar2": 1.02549576759, "max": 10.3723335266, "mean": 1.63497436047, "median": 1.33961713314, "min": 0, "var": 1.73269975185}, "zerocrossingrate": {"dmean": 0.00181969220284, "dmean2": 0.00234399316832, "dvar": 3.367800673e-05, "dvar2": 6.10559072811e-05, "max": 0.525390625, "mean": 0.0294987000525, "median": 0.02099609375, "min": 0.00634765625, "var": 0.00364589993842}, "barkbands": {"dmean": [1.80677102435e-06, 0.000547170231584, 0.000629511254374, 0.00033657590393, 0.00153928902, 0.00184151041321, 0.000907437526621, 0.00154808734078, 0.00091582571622, 0.00102666544262, 0.000166007084772, 1.55133038788e-05, 1.18083289635e-05, 7.51664720156e-06, 1.80400627414e-06, 8.20183686301e-07, 5.13621444043e-07, 2.1319942789e-07, 4.42337835693e-07, 1.27170324049e-07, 6.08859140883e-09, 1.41776124174e-09, 1.0959364527e-09, 9.89852311228e-10, 9.52815382149e-10, 9.31959398542e-10, 9.93913951142e-10], "dmean2": [3.09236543217e-06, 0.000904442218598, 0.00105907244142, 0.000534856342711, 0.00227056443691, 0.00276709836908, 0.00136216857936, 0.00230434024706, 0.00105144153349, 0.0011455406202, 0.000204656229471, 2.29757333727e-05, 1.59142346092e-05, 9.93522189674e-06, 2.62009416474e-06, 1.23287702536e-06, 7.29397982013e-07, 2.68671925596e-07, 5.23016979059e-07, 1.58720197874e-07, 9.24839582694e-09, 2.50586595918e-09, 1.99609373475e-09, 1.83414916588e-09, 1.76503911486e-09, 1.72609149196e-09, 1.8409422875e-09], "dvar": [2.16756300409e-11, 1.66355880538e-06, 1.62255230407e-06, 5.36111997462e-07, 8.3238546722e-06, 1.47656373883e-05, 3.74600040232e-06, 1.45497906487e-05, 5.96739027969e-06, 1.55438065121e-05, 1.77875915597e-06, 2.03540118093e-09, 6.0249267797e-09, 1.54808099673e-09, 1.11817478887e-10, 3.69684664825e-11, 1.6198105357e-11, 9.04023036985e-12, 1.89936105038e-11, 1.85964394925e-12, 6.56342876234e-15, 1.27419803185e-17, 4.77756732985e-18, 2.57072700374e-18, 2.38286498085e-18, 2.27901617725e-18, 2.59167452557e-18], "dvar2": [5.9212787451e-11, 4.19181105826e-06, 4.08143114328e-06, 1.19555204492e-06, 1.73781008925e-05, 3.61761522072e-05, 8.36320577946e-06, 3.14818098559e-05, 8.29800501378e-06, 2.35739353229e-05, 2.84510861093e-06, 4.10229228365e-09, 1.16836398334e-08, 2.87699220003e-09, 2.40616832015e-10, 8.37000885268e-11, 3.02763959736e-11, 1.70801307126e-11, 3.39595504495e-11, 3.34753687443e-12, 1.13948953761e-14, 2.73957139989e-17, 1.32644358651e-17, 8.35321558706e-18, 7.73858978625e-18, 7.40245170945e-18, 8.41777372514e-18], "max": [0.000143449811731, 0.0273444727063, 0.0298643931746, 0.023095401004, 0.0667549595237, 0.0919005349278, 0.0601563900709, 0.106187328696, 0.0610930807889, 0.118653252721, 0.0526387616992, 0.000945806794334, 0.00390977598727, 0.00286957086064, 0.00057740486227, 0.000269771931926, 0.000178484639036, 0.000192949286429, 0.00020761959604, 6.67164786137e-05, 4.60079672848e-06, 1.34133713914e-07, 9.14217039849e-08, 2.54123690979e-08, 2.4457046166e-08, 2.39329462914e-08, 2.55328949095e-08], "mean": [1.95912139134e-06, 0.000849458039738, 0.000928858935367, 0.000699278898537, 0.00424158480018, 0.00487796915695, 0.00220707594417, 0.00407380471006, 0.00257626874372, 0.00228339480236, 0.000312333053444, 3.54878393409e-05, 2.47517509706e-05, 1.58235870913e-05, 4.54739665656e-06, 1.30138027998e-06, 9.51112099301e-07, 4.31650192922e-07, 8.20380591904e-07, 1.92624426631e-07, 8.3376239246e-09, 1.38143418926e-09, 9.40986399911e-10, 8.09352584952e-10, 7.85933262915e-10, 7.84210918425e-10, 8.48646763973e-10], "median": [8.45877593747e-07, 0.000170233455719, 0.000232607053476, 0.00014861622185, 0.00194865441881, 0.00199265102856, 0.00079508771887, 0.00106614793185, 0.000372923910618, 0.000157755377586, 3.29102877004e-05, 7.59166823627e-06, 2.7123558084e-06, 2.15450063479e-06, 4.01763088576e-07, 1.26692725644e-07, 6.21966833592e-08, 2.53774992132e-08, 3.14259445133e-08, 3.72461239628e-09, 6.24086116119e-10, 3.7702968525e-10, 2.92743523866e-10, 2.71443117983e-10, 2.68916444668e-10, 2.79536643832e-10, 3.11022818611e-10], "min": [8.64339806886e-25, 1.60302126993e-24, 2.06692367027e-25, 6.22586085517e-25, 8.85674017586e-24, 5.64514385802e-24, 5.4505511998e-24, 8.14892920663e-24, 1.10031778453e-23, 1.5369583698e-23, 9.08152845739e-24, 2.78486327334e-23, 2.60121755901e-23, 3.7610590798e-23, 2.67582407912e-23, 4.16643639742e-23, 5.33691223653e-23, 8.6798895516e-23, 1.26400230451e-22, 1.76595967343e-22, 2.29779000576e-22, 2.76705142519e-22, 3.68820266338e-22, 5.85368214133e-22, 8.76280526984e-22, 1.29419565904e-21, 1.78569048568e-21], "var": [2.11783646176e-11, 4.83277426611e-06, 2.77815502159e-06, 2.22227208724e-06, 3.4957229218e-05, 5.48303360119e-05, 1.6869900719e-05, 5.28772543475e-05, 3.0884933949e-05, 5.52331657673e-05, 4.63540618512e-06, 6.50168185956e-09, 1.64161573224e-08, 5.09444619823e-09, 3.35554861675e-10, 6.05263963949e-11, 3.694194603e-11, 2.10231363568e-11, 5.35110844524e-11, 3.63717519644e-12, 1.15687531237e-14, 2.33707474368e-17, 5.35995335269e-18, 2.04708817518e-18, 1.88662671687e-18, 1.8042506948e-18, 2.04937388201e-18]}, "erbbands": {"dmean": [0.00618483033031, 0.157425194979, 0.676052987576, 0.84235906601, 2.34737277031, 5.50215864182, 14.4384508133, 13.0921602249, 12.0327835083, 24.2153358459, 28.5620594025, 22.5425281525, 29.0819854736, 20.4245471954, 2.97276139259, 0.722699165344, 0.538897752762, 0.487663835287, 0.150760367513, 0.0652182027698, 0.0357091166079, 0.0252672862262, 0.0162301324308, 0.0236509609967, 0.0139105943963, 0.0058568995446, 0.000936369644478, 0.000132751869387, 5.64640540688e-05, 4.0442278987e-05, 3.01995332848e-05, 2.27479686146e-05, 1.68645619851e-05, 1.20433687698e-05, 8.20500827103e-06, 5.23466360391e-06, 2.79438768302e-06, 7.70381632265e-07, 3.15211718771e-06, 7.45098213883e-06], "dmean2": [0.00958399754018, 0.261705368757, 1.15266048908, 1.30235779285, 3.57832765579, 8.12383365631, 22.1490898132, 19.4915523529, 17.8243751526, 36.6490249634, 40.636341095, 26.238658905, 31.9098148346, 23.6671962738, 3.83331799507, 1.02180492878, 0.719892680645, 0.638625979424, 0.212034702301, 0.0949896723032, 0.0532846562564, 0.0353055000305, 0.0206704754382, 0.0253985244781, 0.019221836701, 0.00800625700504, 0.00128573377151, 0.000206154072657, 9.66465886449e-05, 7.2018316132e-05, 5.45911570953e-05, 4.10039028793e-05, 2.99944149447e-05, 2.09147019632e-05, 1.3746715922e-05, 8.35676655697e-06, 4.29462352258e-06, 1.27798023186e-06, 4.20412288804e-06, 9.97966890282e-06], "dvar": [0.000197015557205, 0.135833665729, 1.98815333843, 2.41456794739, 34.5693511963, 135.11000061, 1234.55395508, 817.664489746, 659.694458008, 4474.11035156, 4951.31738281, 3535.74975586, 7240.54882812, 13769.8173828, 189.421340942, 4.02654409409, 9.79514503479, 5.29321861267, 0.495965212584, 0.0812170803547, 0.0520546473563, 0.0506983585656, 0.0398656800389, 0.0534193739295, 0.0472628958523, 0.00569833209738, 0.00010409069364, 1.88219564734e-06, 3.44286874565e-08, 8.06570099599e-09, 2.65787925002e-09, 1.29271970906e-09, 6.7592537123e-10, 3.24878735025e-10, 1.40103706414e-10, 5.33644552159e-11, 1.48302811004e-11, 1.29058786227e-12, 2.07735061791e-11, 1.15454916461e-10], "dvar2": [0.000384085753467, 0.348279953003, 5.12905693054, 5.44905042648, 72.2630462646, 292.650115967, 2948.41674805, 1951.66748047, 1447.95385742, 10048.3486328, 8985.35546875, 4949.79833984, 10718.0732422, 21066.2148438, 327.83605957, 7.49718523026, 18.4728984833, 9.84871578217, 1.06207478046, 0.166033670306, 0.117499999702, 0.0861186608672, 0.0805691629648, 0.0665264353156, 0.113068602979, 0.0118542918935, 0.00019110419089, 3.3731826079e-06, 6.54947100998e-08, 1.97102405508e-08, 7.9541155884e-09, 4.07002831437e-09, 2.11020556584e-09, 9.8102448387e-10, 3.96079447018e-10, 1.35985819827e-10, 3.4611119526e-11, 3.4821440436e-12, 3.99931893158e-11, 2.26021576455e-10], "max": [0.465142011642, 7.11102247238, 25.1527004242, 34.3776245117, 222.952087402, 233.597518921, 1365.08728027, 744.842041016, 929.73034668, 2053.7434082, 1808.41235352, 1761.93969727, 2765.67333984, 4564.64941406, 482.477020264, 53.5702133179, 154.900146484, 147.127090454, 33.8453063965, 18.4525051117, 9.46663284302, 11.1796693802, 14.3515720367, 15.0999193192, 12.3652887344, 4.58511209488, 0.576943337917, 0.101991720498, 0.0068808272481, 0.0037014472764, 0.00150499551091, 0.000602051091846, 0.000448851002147, 0.000318705453537, 0.000224514631554, 0.000155188768986, 9.01539751794e-05, 2.02417231776e-05, 0.000126178274513, 0.000296072714264], "mean": [0.0109938643873, 0.243979051709, 0.998134434223, 1.7313028574, 5.61210298538, 15.0988740921, 38.1553993225, 34.7098007202, 31.8258037567, 60.3510284424, 80.2781677246, 67.895111084, 70.4807128906, 45.0112342834, 6.36787986755, 1.75118899345, 1.20143294334, 1.06370282173, 0.349213808775, 0.158850848675, 0.0627826973796, 0.0489670820534, 0.0356506146491, 0.0519604571164, 0.0189368519932, 0.00801331270486, 0.00164582731668, 0.000224245843128, 7.1060632763e-05, 4.79142363474e-05, 3.70638554159e-05, 3.11442963721e-05, 2.68257226708e-05, 2.28897442867e-05, 1.88195826922e-05, 1.41626869663e-05, 8.29076361697e-06, 1.77694698777e-06, 1.10723276521e-05, 2.59348580585e-05], "median": [0.00260353577323, 0.0551846884191, 0.282239019871, 0.619398236275, 1.32288217545, 5.66109085083, 13.3240118027, 14.2369203568, 12.3974714279, 18.4759216309, 21.4743614197, 14.6043138504, 10.8227415085, 3.51562929153, 1.52593922615, 0.546427071095, 0.235920965672, 0.224762439728, 0.0643117129803, 0.0233448967338, 0.00847352482378, 0.00353262922727, 0.0026649418287, 0.00205363542773, 0.000771601160523, 0.000243882415816, 6.35037722532e-05, 3.1307223253e-05, 2.43986887654e-05, 2.1884958187e-05, 2.02584178624e-05, 1.92964653252e-05, 1.78980790224e-05, 1.62870310305e-05, 1.39304529512e-05, 1.07897722046e-05, 6.39595873508e-06, 1.26400698264e-06, 8.77151433087e-06, 2.05258638744e-05], "min": [9.16099814721e-23, 1.09561748304e-22, 1.15166321046e-21, 5.79910154949e-21, 1.1433931007e-20, 3.10401011201e-20, 3.80002960621e-20, 7.1342757482e-20, 9.09369278216e-20, 1.60874247282e-19, 2.75662075036e-19, 3.2870531616e-19, 6.29896640592e-19, 6.88883820651e-19, 1.06767324269e-18, 1.07156202555e-18, 1.42106434251e-18, 2.03014234635e-18, 1.79669336593e-18, 2.94624404758e-18, 2.72603740158e-18, 4.19795732514e-18, 5.4023244388e-18, 5.31029728693e-18, 7.18026355229e-18, 8.61654191762e-18, 8.13941752285e-18, 1.05396350986e-17, 9.52700721015e-18, 1.12310000992e-17, 9.61838998832e-18, 1.06010962725e-17, 7.9828917899e-18, 9.18885825728e-18, 6.17581317138e-18, 4.02526724225e-18, 2.48279542988e-18, 9.45864176649e-19, 2.24857262199e-19, 2.68713951761e-20], "var": [0.00110880541615, 0.354718118906, 3.07364463806, 7.68369150162, 134.896636963, 585.955566406, 5001.49951172, 2920.33911133, 3299.03491211, 13485.5976562, 24366.5351562, 19485.0664062, 29377.2070312, 46035.0195312, 516.764282227, 14.1887254715, 28.1080589294, 17.4095172882, 1.26412439346, 0.312246441841, 0.0871356874704, 0.126096278429, 0.0875185802579, 0.237974658608, 0.0487155690789, 0.00747855519876, 0.00025175922201, 4.91202945341e-06, 7.64517480434e-08, 1.29996466924e-08, 3.14656456446e-09, 1.51732104658e-09, 9.14363640359e-10, 5.58665558259e-10, 3.27320948124e-10, 1.68751651541e-10, 5.56223817005e-11, 3.20870500309e-12, 9.59117507637e-11, 5.25440191357e-10]}, "gfcc": {"mean": [-290.17578125, 266.643432617, -56.4831886292, -79.9186935425, -43.6265640259, -30.3827972412, -20.523859024, -3.32579278946, -10.6619262695, -15.0907850266, -0.720682501793, -15.4461431503, -2.24895381927], "cov": [[21899.6347656, 5423.02685547, -2258.88305664, -1296.00244141, 528.761352539, -488.582946777, -44.317325592, 1.65244150162, -352.427825928, -432.901092529, 65.9809646606, -552.651977539, -14.3129234314], [5423.02685547, 1987.76843262, -126.179168701, -509.727264404, 73.8003234863, -112.46963501, -120.171096802, -78.3934249878, -87.2322006226, -174.041992188, 9.75820636749, -125.882286072, 5.41770744324], [-2258.88305664, -126.179168701, 1005.76513672, 137.085464478, -246.695404053, 124.426315308, -15.5299901962, -103.910865784, 44.4854011536, -9.11119174957, -45.8060913086, 74.4291610718, 21.0774459839], [-1296.00244141, -509.727264404, 137.085464478, 410.671600342, 81.3340072632, 10.739361763, 78.5548400879, 60.0645599365, 35.1606788635, 75.2395248413, -9.73174762726, -19.9303226471, -44.5266571045], [528.761352539, 73.8003234863, -246.695404053, 81.3340072632, 374.006164551, 18.4423904419, 8.28259086609, 60.9503440857, 7.88963413239, 2.00486373901, 31.6741809845, -53.3596992493, -32.0401802063], [-488.582946777, -112.46963501, 124.426315308, 10.739361763, 18.4423904419, 186.267440796, 91.759437561, -10.6219835281, 4.54035425186, -24.7259159088, -56.4455718994, 21.6166801453, 46.7889785767], [-44.317325592, -120.171096802, -15.5299901962, 78.5548400879, 8.28259086609, 91.759437561, 237.581771851, 112.531600952, -25.6007709503, -13.9695205688, -36.2930297852, -48.3828430176, 16.0983943939], [1.65244150162, -78.3934249878, -103.910865784, 60.0645599365, 60.9503440857, -10.6219835281, 112.531600952, 179.846176147, 69.0437927246, 46.8832168579, 30.109577179, -51.5201568604, -74.5397109985], [-352.427825928, -87.2322006226, 44.4854011536, 35.1606788635, 7.88963413239, 4.54035425186, -25.6007709503, 69.0437927246, 136.537155151, 91.1522750854, 33.6542053223, 1.50639772415, -59.429901123], [-432.901092529, -174.041992188, -9.11119174957, 75.2395248413, 2.00486373901, -24.7259159088, -13.9695205688, 46.8832168579, 91.1522750854, 116.631523132, 60.9445800781, 8.19811820984, -42.5025215149], [65.9809646606, 9.75820636749, -45.8060913086, -9.73174762726, 31.6741809845, -56.4455718994, -36.2930297852, 30.109577179, 33.6542053223, 60.9445800781, 125.2290802, 69.0869216919, -20.3345470428], [-552.651977539, -125.882286072, 74.4291610718, -19.9303226471, -53.3596992493, 21.6166801453, -48.3828430176, -51.5201568604, 1.50639772415, 8.19811820984, 69.0869216919, 169.413696289, 94.8418579102], [-14.3129234314, 5.41770744324, 21.0774459839, -44.5266571045, -32.0401802063, 46.7889785767, 16.0983943939, -74.5397109985, -59.429901123, -42.5025215149, -20.3345470428, 94.8418579102, 171.66394043]], "icov": [[0.000451511761639, -0.00126237759832, 0.00129058153834, -0.00108441500925, 0.000921708939131, -0.000526750867721, -0.000494036648888, 0.00114653911442, -0.00157637766097, 0.00193289387971, -0.00215948745608, 0.00160534947645, -0.000712378940079], [-0.00126237759832, 0.00484512047842, -0.00371789629571, 0.00373824476264, -0.00237784674391, 0.00155086279847, 0.001589294523, -0.00212677964009, 0.0016940748319, -0.000905357301235, 0.00145136553328, -2.16897642531e-05, -0.000224848117796], [0.00129058153834, -0.00371789629571, 0.00612481962889, -0.00596674531698, 0.00573052978143, -0.00486513832584, 8.04542578408e-05, 0.00475718639791, -0.00854850932956, 0.0114780943841, -0.0120036965236, 0.00853593554348, -0.00387651007622], [-0.00108441500925, 0.00373824476264, -0.00596674531698, 0.0120457019657, -0.00941427145153, 0.0101315295324, -0.00655417377129, -0.0010881050257, 0.00959736015648, -0.0188562385738, 0.0216707326472, -0.0166037436575, 0.00966654531658], [0.000921708939131, -0.00237784674391, 0.00573052978143, -0.00941427145153, 0.0128036597744, -0.0130513105541, 0.00948189292103, -0.00184989336412, -0.00817232020199, 0.019451899454, -0.0262362863868, 0.0220214333385, -0.0120265372097], [-0.000526750867721, 0.00155086279847, -0.00486513832584, 0.0101315295324, -0.0130513105541, 0.027565639466, -0.0221965573728, 0.0124712726101, -0.00311658531427, -0.0145775163546, 0.0311891343445, -0.0278285536915, 0.0150611419231], [-0.000494036648888, 0.001589294523, 8.04542578408e-05, -0.00655417377129, 0.00948189292103, -0.0221965573728, 0.0326426289976, -0.0264810640365, 0.0150737743825, 0.00452979514375, -0.018097570166, 0.0221661832184, -0.0165915396065], [0.00114653911442, -0.00212677964009, 0.00475718639791, -0.0010881050257, -0.00184989336412, 0.0124712726101, -0.0264810640365, 0.037375126034, -0.0306980442256, 0.0177373867482, -0.00957500189543, 0.00149292242713, 0.00606921548024], [-0.00157637766097, 0.0016940748319, -0.00854850932956, 0.00959736015648, -0.00817232020199, -0.00311658531427, 0.0150737743825, -0.0306980442256, 0.0568934194744, -0.0546917133033, 0.0403318479657, -0.0287801735103, 0.0147683927789], [0.00193289387971, -0.000905357301235, 0.0114780943841, -0.0188562385738, 0.019451899454, -0.0145775163546, 0.00452979514375, 0.0177373867482, -0.0546917133033, 0.0848202258348, -0.0751157402992, 0.05642721802, -0.0292361546308], [-0.00215948745608, 0.00145136553328, -0.0120036965236, 0.0216707326472, -0.0262362863868, 0.0311891343445, -0.018097570166, -0.00957500189543, 0.0403318479657, -0.0751157402992, 0.100986383855, -0.0802688226104, 0.0426853038371], [0.00160534947645, -2.16897642531e-05, 0.00853593554348, -0.0166037436575, 0.0220214333385, -0.0278285536915, 0.0221661832184, 0.00149292242713, -0.0287801735103, 0.05642721802, -0.0802688226104, 0.0770313069224, -0.0430152900517], [-0.000712378940079, -0.000224848117796, -0.00387651007622, 0.00966654531658, -0.0120265372097, 0.0150611419231, -0.0165915396065, 0.00606921548024, 0.0147683927789, -0.0292361546308, 0.0426853038371, -0.0430152900517, 0.0332936830819]]}, "melbands": {"dmean": [0.000104299215309, 0.000303237029584, 0.000182647592737, 0.000259729044046, 0.000452213862445, 0.000308597082039, 0.000178482296178, 0.000284925830783, 0.000225080584642, 0.000141188196721, 0.00014765256492, 9.06937129912e-05, 1.34639258249e-05, 2.38058692048e-06, 1.16341948342e-06, 1.39683220368e-06, 8.89510829438e-07, 2.59295234173e-07, 1.27874869804e-07, 7.7905838225e-08, 3.27025020397e-08, 2.75000662242e-08, 2.25751097815e-08, 8.97074237116e-09, 2.33290702312e-08, 8.29267854385e-09, 8.14866574217e-09, 3.0010833818e-09, 7.57471640966e-10, 1.23663648766e-10, 5.15033155013e-11, 3.025057288e-11, 2.68615320959e-11, 2.12214378015e-11, 1.74229762562e-11, 1.49011237377e-11, 1.28699481627e-11, 1.12850067832e-11, 9.94190407083e-12, 8.79213108568e-12], "dmean2": [0.000167107820744, 0.000512350932695, 0.000280974432826, 0.00038169772597, 0.000688765547238, 0.000459898728877, 0.000262429530267, 0.000434591318481, 0.000314274802804, 0.00016090713325, 0.000163053278811, 0.000106249855889, 1.70320126927e-05, 3.50120103576e-06, 1.67297730513e-06, 1.83755605576e-06, 1.17559977753e-06, 3.67406215673e-07, 1.85400111263e-07, 1.15345223151e-07, 4.96110530435e-08, 3.91366441477e-08, 2.95310176313e-08, 1.09185664954e-08, 2.46170763774e-08, 1.21678676024e-08, 1.03051789324e-08, 4.44165904057e-09, 1.01111885531e-09, 1.90488985696e-10, 8.52307877053e-11, 5.33228218524e-11, 4.68589438085e-11, 3.82833834078e-11, 3.20037954471e-11, 2.75073522987e-11, 2.38579954404e-11, 2.09063565071e-11, 1.84178106793e-11, 1.62859985914e-11], "dvar": [5.79640015985e-08, 4.07707801742e-07, 1.29494864609e-07, 2.98286579437e-07, 1.00028330507e-06, 4.02494123364e-07, 1.37303700853e-07, 6.33598915556e-07, 3.30466434662e-07, 1.45905957538e-07, 2.01183567583e-07, 2.71447134992e-07, 8.28052471036e-09, 5.55525035695e-11, 1.50061126719e-11, 1.07185878229e-10, 2.13990058312e-11, 1.51539306277e-12, 5.31871584535e-13, 2.86088183308e-13, 4.06871395299e-14, 6.38743547529e-14, 5.59671565006e-14, 1.66086186416e-14, 5.72549345716e-14, 2.53192056215e-14, 7.13332099959e-15, 2.35565071884e-15, 7.60852374129e-17, 2.05445835444e-18, 1.82488580085e-19, 6.13348365756e-21, 7.71155120365e-21, 2.67336070001e-21, 9.51074941141e-22, 6.54396193912e-22, 4.34542249971e-22, 3.34352421656e-22, 2.5938531638e-22, 2.02851315618e-22], "dvar2": [1.33092470378e-07, 1.06216327822e-06, 2.90268530989e-07, 6.15262308656e-07, 2.32182060245e-06, 9.56777739702e-07, 2.97160681839e-07, 1.43718500567e-06, 5.67310678434e-07, 2.05180214152e-07, 3.00897283978e-07, 4.13864142956e-07, 1.35638345e-08, 1.28053928572e-10, 2.77271070687e-11, 2.08553146974e-10, 3.95145235976e-11, 3.20254803579e-12, 1.06426022509e-12, 6.44243989753e-13, 9.0094950814e-14, 1.11547998215e-13, 9.53233599368e-14, 3.45197435632e-14, 6.88105646139e-14, 6.18162002163e-14, 1.39181218227e-14, 5.03682297557e-15, 1.28773677817e-16, 3.62395684575e-18, 3.26258179866e-19, 1.32338970226e-20, 1.47695925649e-20, 6.77203397092e-21, 2.89269523269e-21, 1.97994141252e-21, 1.41189239344e-21, 1.08594506385e-21, 8.42485675318e-22, 6.58776202094e-22], "max": [0.00645603658631, 0.010671001859, 0.0100324228406, 0.0117532191798, 0.0374041087925, 0.0164186693728, 0.0140792503953, 0.0253477804363, 0.0144754676148, 0.0119454413652, 0.0135352006182, 0.020109416917, 0.00356918177567, 0.00025393391843, 0.00012818077812, 0.000521517009474, 0.000338066922268, 5.94191042183e-05, 5.38623535249e-05, 2.34762737819e-05, 9.23067182157e-06, 1.26866098071e-05, 1.75186269189e-05, 1.01177447505e-05, 1.58937491506e-05, 9.24396681512e-06, 3.64296192856e-06, 3.08873768518e-06, 4.71111661682e-07, 8.92225173743e-08, 3.35841114918e-08, 3.31860627867e-09, 3.8281027237e-09, 2.42379227799e-09, 9.12076636439e-10, 8.24101176189e-10, 3.30274779747e-10, 2.89721913127e-10, 2.55128862481e-10, 2.25698112977e-10], "mean": [0.000171597959707, 0.000470211758511, 0.00040740793338, 0.000678201613482, 0.00123688683379, 0.000820682209451, 0.000469902181067, 0.000709853949957, 0.000615979661234, 0.000415977527155, 0.000346819608239, 0.000194052801817, 2.65683975158e-05, 5.45941475139e-06, 2.56434987023e-06, 2.96500206787e-06, 1.86509453215e-06, 5.60308478725e-07, 3.4546010852e-07, 1.32835040745e-07, 5.43602354242e-08, 5.00731900388e-08, 4.64979734716e-08, 1.87326474332e-08, 5.09428872419e-08, 9.65384572282e-09, 1.16755769497e-08, 3.70065555977e-09, 1.35055422401e-09, 1.79853604232e-10, 6.72210898056e-11, 2.97199036214e-11, 2.68419054344e-11, 1.88047875882e-11, 1.46971462778e-11, 1.22701354285e-11, 1.05155285521e-11, 9.21644011109e-12, 8.14824076267e-12, 7.23224518467e-12], "median": [3.58259239874e-05, 0.000128869141918, 0.000137449620524, 0.000238409964368, 0.000472211366287, 0.0003462646564, 0.000173389227712, 0.000205372023629, 0.000132527784444, 6.7910841608e-05, 4.48123100796e-05, 1.06297820821e-05, 4.11452083426e-06, 1.51827975969e-06, 4.63745948309e-07, 2.47699631473e-07, 3.07676600642e-07, 8.48235970352e-08, 2.91052248969e-08, 1.52463925929e-08, 5.78095660231e-09, 3.01308400452e-09, 2.28133534286e-09, 1.50772705432e-09, 1.35004774027e-09, 3.30587723862e-10, 2.94173213566e-10, 7.27670701473e-11, 2.7737305508e-11, 1.50389561915e-11, 1.00273634882e-11, 8.00119866196e-12, 6.71579892392e-12, 5.57284600411e-12, 4.722112458e-12, 4.02278124007e-12, 3.53243562873e-12, 3.09104976857e-12, 2.74536318158e-12, 2.46101424829e-12], "min": [9.99648286185e-25, 3.09616170993e-25, 1.15881694825e-24, 1.27861356253e-24, 1.07093715315e-24, 1.95285593645e-24, 1.65006548305e-24, 1.71851198556e-24, 2.52274562046e-24, 1.83107395648e-24, 2.15364489987e-24, 2.32119205361e-24, 2.44079184709e-24, 2.67501707441e-24, 1.58515692308e-24, 2.48024751413e-24, 3.06495910569e-24, 1.97029804549e-24, 1.99891456648e-24, 3.52634866358e-24, 2.33709548946e-24, 3.00967494459e-24, 3.6074171378e-24, 3.94937966274e-24, 3.44331632014e-24, 4.08568614969e-24, 4.8757216688e-24, 4.37862530811e-24, 4.57802883457e-24, 5.65161212302e-24, 5.24140484673e-24, 4.17700587137e-24, 5.21938340013e-24, 5.62593154511e-24, 4.44396981233e-24, 5.37936320842e-24, 6.20112986858e-24, 5.41299392653e-24, 6.15224534158e-24, 6.81391228659e-24], "var": [2.28683362025e-07, 6.9882509024e-07, 4.60188147144e-07, 1.3055407635e-06, 4.149412689e-06, 1.47459343225e-06, 7.35080959657e-07, 1.88409899238e-06, 1.61409582233e-06, 8.25754000289e-07, 7.92772539171e-07, 9.04894818632e-07, 2.18265174823e-08, 1.30515695473e-10, 4.71552380477e-11, 2.95717728083e-10, 7.10664860293e-11, 3.85862652594e-12, 2.32854209005e-12, 4.94006962073e-13, 6.85750826783e-14, 1.48328886066e-13, 1.73837750835e-13, 3.03203541105e-14, 2.57148198134e-13, 2.3114821011e-14, 1.29544016166e-14, 2.62665171053e-15, 2.17264877413e-16, 4.50054785143e-18, 4.71318310648e-19, 1.12528374218e-20, 1.49684842658e-20, 3.41336726005e-21, 8.92082685715e-22, 5.94068201336e-22, 3.47317937546e-22, 2.65097981999e-22, 2.05449406921e-22, 1.60642915298e-22]}, "mfcc": {"mean": [-886.515991211, 249.284179688, 65.7637176514, -19.4678287506, -23.7677536011, -17.1034507751, -10.993678093, -6.45617723465, -3.26920819283, 1.32207489014, -0.575570940971, -7.38464069366, -7.31374406815], "cov": [[4614.69970703, 3540.19555664, -417.330871582, -612.693603516, 167.601882935, 45.7131767273, 27.9418125153, 45.5209465027, -11.4996271133, 91.508972168, 60.8444824219, -75.1265182495, -88.9348449707], [3540.19555664, 3089.84619141, 186.587966919, -493.269317627, -24.9715156555, 70.8582687378, 19.5737018585, 11.7188386917, 5.47111797333, 55.1166687012, 20.2787685394, -94.9694900513, -108.326133728], [-417.330871582, 186.587966919, 809.952819824, 164.019378662, -206.854873657, 4.45876550674, 12.62155056, -26.2100372314, 16.8989677429, -11.5478143692, -30.4417686462, -36.0698509216, -43.2948989868], [-612.693603516, -493.269317627, 164.019378662, 347.837432861, 85.0387268066, -50.4516448975, 2.89769625664, 4.68199014664, -9.21374130249, 8.26685810089, 21.8858470917, 41.0236816406, 32.368106842], [167.601882935, -24.9715156555, -206.854873657, 85.0387268066, 231.71206665, 64.6972885132, -22.2703151703, -5.33400535583, -9.68294048309, 0.168654561043, 26.1921901703, 36.4828033447, 30.3057098389], [45.7131767273, 70.8582687378, 4.45876550674, -50.4516448975, 64.6972885132, 133.988006592, 44.1458854675, -1.212708354, 19.1849861145, 5.13650465012, -17.4006710052, -27.1005764008, -28.0240478516], [27.9418125153, 19.5737018585, 12.62155056, 2.89769625664, -22.2703151703, 44.1458854675, 118.870040894, 82.4532852173, 43.5647087097, 37.5599327087, -3.82021188736, -41.5835189819, -46.7601661682], [45.5209465027, 11.7188386917, -26.2100372314, 4.68199014664, -5.33400535583, -1.212708354, 82.4532852173, 123.945610046, 80.3141021729, 35.9453697205, 7.54801797867, -23.4500141144, -36.7960281372], [-11.4996271133, 5.47111797333, 16.8989677429, -9.21374130249, -9.68294048309, 19.1849861145, 43.5647087097, 80.3141021729, 106.307746887, 71.7634277344, 12.415854454, -24.9447383881, -46.6236686707], [91.508972168, 55.1166687012, -11.5478143692, 8.26685810089, 0.168654561043, 5.13650465012, 37.5599327087, 35.9453697205, 71.7634277344, 130.550247192, 97.4839935303, 17.3176403046, -38.7521362305], [60.8444824219, 20.2787685394, -30.4417686462, 21.8858470917, 26.1921901703, -17.4006710052, -3.82021188736, 7.54801797867, 12.415854454, 97.4839935303, 169.142608643, 118.171127319, 24.5345306396], [-75.1265182495, -94.9694900513, -36.0698509216, 41.0236816406, 36.4828033447, -27.1005764008, -41.5835189819, -23.4500141144, -24.9447383881, 17.3176403046, 118.171127319, 165.059127808, 115.997833252], [-88.9348449707, -108.326133728, -43.2948989868, 32.368106842, 30.3057098389, -28.0240478516, -46.7601661682, -36.7960281372, -46.6236686707, -38.7521362305, 24.5345306396, 115.997833252, 169.520095825]], "icov": [[-269.549835205, 372.612854004, -347.778320312, 309.316772461, -261.289703369, 208.594665527, -156.262420654, 108.708305359, -69.1016387939, 39.2847557068, -19.252538681, 7.38339948654, -1.79203009605], [372.612854004, -515.022827148, 480.532440186, -427.146911621, 360.541778564, -287.542755127, 215.141113281, -149.456710815, 94.852645874, -53.8284721375, 26.3235588074, -10.0700616837, 2.43682026863], [-347.778320312, 480.532440186, -447.891448975, 397.457000732, -334.687835693, 266.115386963, -198.367584229, 137.202789307, -86.644203186, 48.8953285217, -23.7491226196, 9.01309967041, -2.1592400074], [309.316772461, -427.146911621, 397.457000732, -351.698455811, 294.979248047, -233.33052063, 172.807373047, -118.60269165, 74.2294082642, -41.4568634033, 19.8756465912, -7.42477607727, 1.74277162552], [-261.289703369, 360.541778564, -334.687835693, 294.979248047, -245.999557495, 193.13104248, -141.666122437, 96.0837860107, -59.2863349915, 32.5492248535, -15.2556419373, 5.53284311295, -1.24755644798], [208.594665527, -287.542755127, 266.115386963, -233.33052063, 193.13104248, -150.074127197, 108.608459473, -72.3957748413, 43.7059822083, -23.3378372192, 10.5127954483, -3.60267305374, 0.744329810143], [-156.262420654, 215.141113281, -198.367584229, 172.807373047, -141.666122437, 108.608459473, -77.137336731, 50.1407699585, -29.267616272, 14.9131946564, -6.2325553894, 1.88372707367, -0.29963991046], [108.708305359, -149.456710815, 137.202789307, -118.60269165, 96.0837860107, -72.3957748413, 50.1407699585, -31.4072055817, 17.3680839539, -8.13454627991, 2.87382173538, -0.565726578236, -0.0301911029965], [-69.1016387939, 94.852645874, -86.644203186, 74.2294082642, -59.2863349915, 43.7059822083, -29.267616272, 17.3680839539, -8.75502872467, 3.4316778183, -0.670309722424, -0.241692483425, 0.217584848404], [39.2847557068, -53.8284721375, 48.8953285217, -41.4568634033, 32.5492248535, -23.3378372192, 14.9131946564, -8.13454627991, 3.4316778183, -0.735287129879, -0.449296087027, 0.579662561417, -0.268904745579], [-19.252538681, 26.3235588074, -23.7491226196, 19.8756465912, -15.2556419373, 10.5127954483, -6.2325553894, 2.87382173538, -0.670309722424, -0.449296087027, 0.80973392725, -0.620603978634, 0.250517696142], [7.38339948654, -10.0700616837, 9.01309967041, -7.42477607727, 5.53284311295, -3.60267305374, 1.88372707367, -0.565726578236, -0.241692483425, 0.579662561417, -0.620603978634, 0.434687614441, -0.171280696988], [-1.79203009605, 2.43682026863, -2.1592400074, 1.74277162552, -1.24755644798, 0.744329810143, -0.29963991046, -0.0301911029965, 0.217584848404, -0.268904745579, 0.250517696142, -0.171280696988, 0.0748822018504]]}, "spectral_contrast_coeffs": {"dmean": [0.0462262332439, 0.0451236069202, 0.0374841243029, 0.0279034711421, 0.0317967049778, 0.0213917102665], "dmean2": [0.0751010030508, 0.0726500451565, 0.0553790442646, 0.042672522366, 0.0536467544734, 0.039181612432], "dvar": [0.00154529383872, 0.00182323192712, 0.00140959804412, 0.000702527817339, 0.000655491952784, 0.000652970862575], "dvar2": [0.00366916460916, 0.00425405241549, 0.00276510487311, 0.0015037014382, 0.00180521060247, 0.00180729129352], "max": [-0.310298204422, -0.357662379742, -0.310962796211, -0.519128918648, -0.576253950596, -0.666097998619], "mean": [-0.584389865398, -0.630255818367, -0.641155421734, -0.74405169487, -0.787546038628, -0.945325553417], "median": [-0.578941524029, -0.622817993164, -0.653536498547, -0.742664456367, -0.784181654453, -0.958271026611], "min": [-0.985694408417, -0.976553082466, -0.985729694366, -0.969765841961, -0.967706978321, -0.966585218906], "var": [0.0115609345958, 0.00858846306801, 0.012618877925, 0.00433801393956, 0.00418455526233, 0.000780397211201]}, "spectral_contrast_valleys": {"dmean": [0.495799303055, 0.390358477831, 0.403369814157, 0.440441846848, 0.565880775452, 1.03464758396], "dmean2": [0.790322959423, 0.618648529053, 0.638801395893, 0.719964981079, 0.978208363056, 1.85434949398], "dvar": [0.198123127222, 0.177778318524, 0.199786692858, 0.262860715389, 0.25518617034, 0.69265961647], "dvar2": [0.415785372257, 0.382783442736, 0.437450379133, 0.604294419289, 0.683825194836, 2.05120420456], "max": [-5.66144514084, -4.8117184639, -5.97076416016, -7.90425395966, -8.76554298401, -12.1008329391], "mean": [-8.59507751465, -7.38203382492, -9.26117992401, -11.4929218292, -13.31