{"lowlevel": {"average_loudness": 0.916611850262, "barkbands_crest": {"dmean": 2.10813570023, "dmean2": 3.35537600517, "dvar": 5.83146905899, "dvar2": 13.0240488052, "max": 26.717420578, "mean": 16.4734420776, "median": 14.9317398071, "min": 2.29457378387, "var": 55.5419883728}, "barkbands_flatness_db": {"dmean": 0.0365321524441, "dmean2": 0.0538212656975, "dvar": 0.00141203438397, "dvar2": 0.00318921427242, "max": 0.501293122768, "mean": 0.221314266324, "median": 0.226401627064, "min": 0.0245869401842, "var": 0.00776460021734}, "barkbands_kurtosis": {"dmean": 18.0460853577, "dmean2": 27.0493030548, "dvar": 1405.30529785, "dvar2": 2987.88354492, "max": 1003.42144775, "mean": 38.4578208923, "median": 22.5496845245, "min": -1.80291509628, "var": 3458.10083008}, "barkbands_skewness": {"dmean": 1.23047626019, "dmean2": 1.83040952682, "dvar": 2.29140329361, "dvar2": 4.79488277435, "max": 28.5717582703, "mean": 4.41564321518, "median": 4.65672874451, "min": -2.30595755577, "var": 15.0259370804}, "barkbands_spread": {"dmean": 4.33249139786, "dmean2": 6.80961561203, "dvar": 34.2458534241, "dvar2": 82.748878479, "max": 79.7580032349, "mean": 11.768404007, "median": 7.34261417389, "min": 0.218244239688, "var": 136.792938232}, "dissonance": {"dmean": 0.0141196344048, "dmean2": 0.0242116060108, "dvar": 0.000255005492363, "dvar2": 0.0007408229867, "max": 0.500000059605, "mean": 0.475554287434, "median": 0.483451545238, "min": 0.30681848526, "var": 0.000725566002075}, "dynamic_complexity": 4.86825847626, "erbbands_crest": {"dmean": 2.61394882202, "dmean2": 4.15273046494, "dvar": 6.03599643707, "dvar2": 14.4446172714, "max": 25.2038536072, "mean": 9.16359043121, "median": 8.28004646301, "min": 2.76463007927, "var": 15.9314670563}, "erbbands_flatness_db": {"dmean": 0.0217575877905, "dmean2": 0.0326965898275, "dvar": 0.000552462413907, "dvar2": 0.00121237605345, "max": 0.548000335693, "mean": 0.157540157437, "median": 0.132977545261, "min": 0.0503213405609, "var": 0.00657134177163}, "erbbands_kurtosis": {"dmean": 0.674995481968, "dmean2": 1.08310568333, "dvar": 0.847497045994, "dvar2": 2.20509028435, "max": 13.4905223846, "mean": -0.2248442173, "median": -0.684508800507, "min": -1.8602231741, "var": 1.928855896}, "erbbands_skewness": {"dmean": 0.353937357664, "dmean2": 0.542691290379, "dvar": 0.108122810721, "dvar2": 0.252960890532, "max": 3.19740819931, "mean": -0.183511838317, "median": -0.190895199776, "min": -3.25486254692, "var": 0.404588669538}, "erbbands_spread": {"dmean": 8.47260284424, "dmean2": 13.1834192276, "dvar": 73.9123764038, "dvar2": 175.476425171, "max": 120.552009583, "mean": 53.2803649902, "median": 60.7175216675, "min": 4.22013235092, "var": 673.514282227}, "hfc": {"dmean": 10.1646518707, "dmean2": 15.4076814651, "dvar": 205.985733032, "dvar2": 508.400421143, "max": 127.200439453, "mean": 23.1835098267, "median": 20.3221740723, "min": 1.10105349592e-16, "var": 335.597869873}, "melbands_crest": {"dmean": 2.3781774044, "dmean2": 3.82815647125, "dvar": 8.04179382324, "dvar2": 19.2421588898, "max": 33.7059593201, "mean": 22.1576747894, "median": 26.4779891968, "min": 2.18688511848, "var": 73.3782272339}, "melbands_flatness_db": {"dmean": 0.037312168628, "dmean2": 0.0554182268679, "dvar": 0.00159552285913, "dvar2": 0.00354934367351, "max": 0.615203678608, "mean": 0.297773629427, "median": 0.325421929359, "min": 0.00534824142233, "var": 0.0142434202135}, "melbands_kurtosis": {"dmean": 36.4877738953, "dmean2": 54.6711578369, "dvar": 2358.84326172, "dvar2": 4918.89648438, "max": 624.75189209, "mean": 99.1757888794, "median": 82.5197906494, "min": -1.66256988049, "var": 9629.7734375}, "melbands_skewness": {"dmean": 1.4383687973, "dmean2": 2.14423847198, "dvar": 2.35323023796, "dvar2": 4.96135807037, "max": 17.8034725189, "mean": 7.01113128662, "median": 8.17365264893, "min": -1.95792710781, "var": 24.023393631}, "melbands_spread": {"dmean": 5.12675952911, "dmean2": 8.17873954773, "dvar": 85.2451019287, "dvar2": 206.374038696, "max": 136.318054199, "mean": 15.7639980316, "median": 4.22173786163, "min": 0.313672751188, "var": 490.238983154}, "pitch_salience": {"dmean": 0.0772288441658, "dmean2": 0.120550923049, "dvar": 0.00709703331813, "dvar2": 0.0167347248644, "max": 0.93317759037, "mean": 0.294247508049, "median": 0.207695394754, "min": 0.0470836050808, "var": 0.0453693717718}, "silence_rate_20dB": {"dmean": 0.0452567450702, "dmean2": 0.090539753437, "dvar": 0.0432064160705, "dvar2": 0.115428008139, "max": 1, "mean": 0.971287727356, "median": 1, "min": 0, "var": 0.0278875250369}, "silence_rate_30dB": {"dmean": 0.0632433965802, "dmean2": 0.126523509622, "dvar": 0.059242464602, "dvar2": 0.156369313598, "max": 1, "mean": 0.373549878597, "median": 0, "min": 0, "var": 0.234008014202}, "silence_rate_60dB": {"dmean": 0.0464171729982, "dmean2": 0.0928612872958, "dvar": 0.0442618913949, "dvar2": 0.0952661707997, "max": 1, "mean": 0.159512758255, "median": 0, "min": 0, "var": 0.13407240808}, "spectral_centroid": {"dmean": 310.903259277, "dmean2": 476.173797607, "dvar": 134803.046875, "dvar2": 271327.5625, "max": 10981.1152344, "mean": 1425.7755127, "median": 1243.82824707, "min": 147.448348999, "var": 720350.75}, "spectral_complexity": {"dmean": 4.11720323563, "dmean2": 6.34300661087, "dvar": 20.3832187653, "dvar2": 46.1408958435, "max": 43, "mean": 15.8207654953, "median": 16, "min": 0, "var": 68.2834625244}, "spectral_decrease": {"dmean": 7.44810524367e-09, "dmean2": 1.07541877625e-08, "dvar": 1.68636768851e-16, "dvar2": 3.26775517232e-16, "max": -1.70084711364e-28, "mean": -3.3511756925e-08, "median": -3.21652109392e-08, "min": -1.32848228418e-07, "var": 7.98337552512e-16}, "spectral_energy": {"dmean": 0.0286521036178, "dmean2": 0.0414159372449, "dvar": 0.00244673946872, "dvar2": 0.00472500408068, "max": 0.506221950054, "mean": 0.128584071994, "median": 0.124693252146, "min": 1.06288176991e-20, "var": 0.0115988990292}, "spectral_energyband_high": {"dmean": 0.000735358975362, "dmean2": 0.00120277667884, "dvar": 1.89200966361e-06, "dvar2": 4.93137349622e-06, "max": 0.0119004063308, "mean": 0.000810663565062, "median": 0.000358506571501, "min": 7.41667181659e-21, "var": 1.68580902482e-06}, "spectral_energyband_low": {"dmean": 0.0266233235598, "dmean2": 0.038007479161, "dvar": 0.00223924242891, "dvar2": 0.00439907470718, "max": 0.475647032261, "mean": 0.119825303555, "median": 0.114118933678, "min": 6.28302593677e-23, "var": 0.0108014279976}, "spectral_energyband_middle_high": {"dmean": 0.00185980147216, "dmean2": 0.00289803906344, "dvar": 6.38037727185e-06, "dvar2": 1.58678303706e-05, "max": 0.0285617094487, "mean": 0.00363804376684, "median": 0.00281979842111, "min": 2.05948403727e-21, "var": 9.83279096545e-06}, "spectral_energyband_middle_low": {"dmean": 0.00397723959759, "dmean2": 0.00644527422264, "dvar": 4.10157772421e-05, "dvar2": 9.76477967924e-05, "max": 0.0508994683623, "mean": 0.00480321189389, "median": 0.00220733275637, "min": 3.55243780833e-22, "var": 4.43797944172e-05}, "spectral_entropy": {"dmean": 0.246669501066, "dmean2": 0.399827450514, "dvar": 0.0676551163197, "dvar2": 0.167427048087, "max": 9.81326293945, "mean": 7.31254720688, "median": 7.434923172, "min": 4.87936067581, "var": 0.384798020124}, "spectral_flux": {"dmean": 0.0474930591881, "dmean2": 0.0750689655542, "dvar": 0.00487265875563, "dvar2": 0.0114470124245, "max": 0.607924640179, "mean": 0.0899447798729, "median": 0.0668157488108, "min": 1.03096156612e-10, "var": 0.00709825754166}, "spectral_kurtosis": {"dmean": 1.85805308819, "dmean2": 3.20029878616, "dvar": 12.809928894, "dvar2": 37.0349349976, "max": 108.98500061, "mean": 6.96872282028, "median": 3.79385757446, "min": -1.19768881798, "var": 181.734481812}, "spectral_rms": {"dmean": 0.00115728576202, "dmean2": 0.00166469125543, "dvar": 2.83576923721e-06, "dvar2": 5.06898641106e-06, "max": 0.0222232993692, "mean": 0.00953489076346, "median": 0.0110295945778, "min": 3.22018301781e-12, "var": 3.45337066392e-05}, "spectral_rolloff": {"dmean": 256.92388916, "dmean2": 433.70880127, "dvar": 520321.5625, "dvar2": 1157127.875, "max": 18109.4238281, "mean": 1049.17578125, "median": 107.666015625, "min": 64.599609375, "var": 2556825}, "spectral_skewness": {"dmean": 0.234752878547, "dmean2": 0.393327474594, "dvar": 0.0810150578618, "dvar2": 0.236520260572, "max": 8.17423629761, "mean": 1.65425336361, "median": 1.44731724262, "min": 0.00787157658488, "var": 0.921040594578}, "spectral_spread": {"dmean": 525008.5625, "dmean2": 777173.0625, "dvar": 572688171008, "dvar2": 841890398208, "max": 39946508, "mean": 4438257, "median": 4524311, "min": 761684.6875, "var": 1805509197820.0}, "spectral_strongpeak": {"dmean": 0.379643827677, "dmean2": 0.637475907803, "dvar": 0.7248467803, "dvar2": 1.92481720448, "max": 13.2831449509, "mean": 1.14390289783, "median": 1.01954734325, "min": 0, "var": 0.762332439423}, "zerocrossingrate": {"dmean": 0.00735637405887, "dmean2": 0.00908945593983, "dvar": 0.000149086379679, "dvar2": 0.000194723150344, "max": 0.4765625, "mean": 0.0410210080445, "median": 0.01611328125, "min": 0.00244140625, "var": 0.00229631573893}, "barkbands": {"dmean": [0.000426444137702, 0.0246406253427, 0.00684435712174, 0.00119065551553, 0.00207241997123, 0.000403093115892, 0.000246147974394, 0.000384133454645, 0.000247798016062, 0.000169167047716, 0.000305036897771, 0.000169551305589, 0.000182444666279, 0.000353701907443, 0.000262847053818, 0.000291385891614, 0.000257214996964, 0.00025190890301, 0.000285695045022, 0.000259899214143, 0.00021114750416, 0.000133362977067, 9.33310002438e-05, 7.21666729078e-05, 4.95010754094e-05, 3.96766117774e-05, 1.43234101415e-05], "dmean2": [0.000676821917295, 0.0360968895257, 0.0108137261122, 0.00200802716427, 0.00343510461971, 0.000692604284268, 0.000426114653237, 0.000646831525955, 0.000427708640927, 0.000269555137493, 0.000502772105392, 0.000283463159576, 0.000281556043774, 0.000586238864344, 0.000442378834123, 0.000492138497066, 0.000408072257414, 0.000394812988816, 0.000455768429674, 0.000427095481427, 0.000357417622581, 0.000226185657084, 0.000158191978699, 0.000121046759887, 8.28274787636e-05, 6.32327355561e-05, 2.35137449636e-05], "dvar": [6.55431108498e-07, 0.00202504964545, 0.000188658086699, 6.54460336591e-06, 1.18101161206e-05, 4.87426746076e-07, 1.99653072741e-07, 4.4238299779e-07, 2.09144857877e-07, 7.11511418672e-08, 3.00081751448e-07, 9.66892770293e-08, 1.17005868105e-07, 2.79201486819e-07, 2.72358846587e-07, 3.42529034469e-07, 2.79201458397e-07, 2.1115521065e-07, 4.41221544634e-07, 3.27872498929e-07, 2.05178068313e-07, 7.09337015792e-08, 3.93751662386e-08, 2.43325288807e-08, 1.11108491296e-08, 7.36306660087e-09, 8.99339214211e-10], "dvar2": [1.4816678231e-06, 0.00376782147214, 0.000418188545154, 1.68300994119e-05, 2.94734636554e-05, 1.20418883398e-06, 5.13109171152e-07, 1.17203580885e-06, 5.35526737622e-07, 1.74194724423e-07, 7.91558704805e-07, 2.46013598826e-07, 2.65512312581e-07, 7.25803545265e-07, 7.25196116491e-07, 9.21023797673e-07, 6.50747551845e-07, 4.8202770131e-07, 1.14137833407e-06, 8.44741464334e-07, 5.37875052942e-07, 1.84065171993e-07, 1.08435401103e-07, 6.57801209059e-08, 2.90875199482e-08, 1.75977099559e-08, 2.32875652095e-09], "max": [0.00838291738182, 0.395199745893, 0.119146928191, 0.0226554572582, 0.0299659762532, 0.00514525733888, 0.00384943932295, 0.00620582466945, 0.00519983517006, 0.0034897737205, 0.00766964070499, 0.0055759511888, 0.00532470038161, 0.00799160916358, 0.0107361059636, 0.0102837653831, 0.0123632932082, 0.00822881795466, 0.0120612978935, 0.007561203558, 0.00570620363578, 0.00374809606001, 0.00239197118208, 0.00176497723442, 0.000769227102865, 0.000722276803572, 0.000250921759289], "mean": [0.000531868485268, 0.0975391417742, 0.0213437378407, 0.00104968505912, 0.00213768985122, 0.000509401725139, 0.000237728876527, 0.000455255823908, 0.000262280780589, 0.000220507776248, 0.000385901046684, 0.000213793799048, 0.000289703748422, 0.000525267329067, 0.000396450603148, 0.000369282643078, 0.000405895232689, 0.000379053730285, 0.000385383609682, 0.000301698135445, 0.000230656092754, 0.000142813529237, 9.51499459916e-05, 7.69520192989e-05, 4.97617365909e-05, 3.69492154277e-05, 1.20174590847e-05], "median": [0.000223168346565, 0.0525904297829, 0.00112983852159, 0.000250067561865, 0.000811044010334, 0.000298411556287, 8.88592330739e-05, 0.000195540240384, 8.21616267785e-05, 0.00011436319619, 0.000193127285456, 0.000100330638816, 0.000132317189127, 0.000319321523421, 0.000205301781534, 0.000192622421309, 0.000182738906005, 0.000206486554816, 0.000179100912646, 0.00011948170868, 0.00011009593436, 6.60669466015e-05, 3.56841919711e-05, 2.51209476119e-05, 1.51849935719e-05, 7.03745809005e-06, 1.90869218386e-06], "min": [2.65401030015e-24, 2.07176062515e-23, 1.99711876407e-23, 3.05642075135e-23, 5.86673583293e-23, 3.36075382225e-23, 5.79067765099e-23, 2.71168159379e-23, 7.19530570834e-23, 1.76214297504e-22, 1.46984173688e-22, 8.47610406059e-23, 1.1246628367e-22, 1.72303882443e-22, 3.49351254928e-22, 1.21207670294e-22, 2.65506675057e-22, 2.31849678411e-22, 2.43094392054e-22, 3.12436300609e-22, 5.13890751823e-22, 4.8388036253e-22, 6.11413548702e-22, 7.51702199193e-22, 1.08401857716e-21, 1.90393934698e-21, 2.1084825736e-21], "var": [9.09607933863e-07, 0.00962453894317, 0.000898354453966, 5.4015713431e-06, 1.17309664347e-05, 4.90587126478e-07, 1.65635313465e-07, 4.40816251057e-07, 1.88369057241e-07, 9.93549420514e-08, 3.16139306733e-07, 1.06629336472e-07, 1.97643970523e-07, 4.27222602184e-07, 3.48812449147e-07, 3.48671761685e-07, 4.62718418248e-07, 3.00628727246e-07, 4.82864720652e-07, 3.08006150362e-07, 1.71202984234e-07, 6.17449984475e-08, 3.04197200762e-08, 2.13110222802e-08, 1.00653796409e-08, 7.45581463235e-09, 7.54802498282e-10]}, "erbbands": {"dmean": [0.630414783955, 5.93991279602, 9.17307949066, 4.79809999466, 7.03734588623, 5.85848236084, 3.2152504921, 3.83146834373, 3.88195204735, 5.35537052155, 7.95293426514, 5.98660564423, 6.32508277893, 4.68925571442, 12.2067470551, 7.32039451599, 8.41809749603, 18.0018577576, 10.9762630463, 14.1409578323, 15.3500175476, 9.86094760895, 9.41820430756, 23.7642364502, 9.3818693161, 13.4930610657, 7.63085985184, 8.9291973114, 4.6151432991, 4.29810667038, 3.17467331886, 1.69553267956, 1.01262891293, 0.607752561569, 0.390495449305, 0.170524299145, 0.0696663036942, 0.0180200431496, 0.00243102060631, 0.000174603716005], "dmean2": [0.873456716537, 8.70704460144, 13.7159147263, 7.97920942307, 11.8462915421, 9.82680797577, 5.53868627548, 6.55841159821, 6.67824029922, 9.16117095947, 13.3345565796, 10.2141084671, 10.0615615845, 7.82229614258, 20.1832809448, 12.0347175598, 12.969127655, 29.9926834106, 17.9590530396, 23.5539340973, 25.5112342834, 15.7269086838, 14.8000879288, 37.813369751, 14.6072854996, 22.3837165833, 12.6114063263, 15.1360321045, 7.84754562378, 7.27284765244, 5.4433965683, 2.84675455093, 1.69879972935, 1.02514970303, 0.660453796387, 0.274195402861, 0.111737243831, 0.0292551275343, 0.0039857220836, 0.000281043874566], "dvar": [1.38260948658, 131.218902588, 416.011627197, 124.477638245, 148.081939697, 107.784919739, 35.7918167114, 49.4005584717, 49.0916290283, 78.9881362915, 185.69758606, 109.121826172, 93.3351593018, 99.6313171387, 415.053985596, 175.281143188, 270.355194092, 706.692932129, 445.005767822, 502.826293945, 779.263000488, 398.575469971, 231.927139282, 3822.85424805, 296.526733398, 963.933227539, 167.771865845, 571.180664062, 64.5946731567, 91.9481735229, 66.8175964355, 13.162355423, 4.83243131638, 1.63603436947, 0.868014872074, 0.135997772217, 0.0246897172183, 0.00143001100514, 2.73931109405e-05, 1.29374313929e-07], "dvar2": [2.00522303581, 260.050262451, 846.690734863, 320.590148926, 376.253326416, 273.537139893, 91.3307037354, 122.10597229, 120.655418396, 204.882873535, 494.002868652, 277.412384033, 225.045578003, 265.402069092, 1086.4967041, 438.984924316, 622.641235352, 1905.96533203, 1117.14648438, 1259.68835449, 2039.75695801, 938.420410156, 545.283691406, 9716.14453125, 670.971496582, 2505.40454102, 432.118499756, 1504.1282959, 169.043395996, 238.701705933, 187.356048584, 35.3743896484, 13.1951313019, 4.43713378906, 2.30326557159, 0.330688178539, 0.059465944767, 0.00346557796001, 7.164307317e-05, 3.45694644466e-07], "max": [11.8904123306, 108.851554871, 176.159973145, 126.696937561, 90.7334747314, 100.547676086, 55.1614685059, 58.0648918152, 59.2854270935, 82.9868164062, 125.286636353, 107.339553833, 133.859069824, 155.271179199, 263.800842285, 265.634429932, 268.480438232, 420.321472168, 593.080200195, 294.622619629, 419.990600586, 485.281036377, 275.499328613, 1204.80102539, 400.796569824, 382.09487915, 171.158309937, 331.767120361, 108.588043213, 140.740112305, 109.86555481, 39.1181564331, 26.3523979187, 11.3701066971, 7.54938077927, 2.83537483215, 1.46823704243, 0.313786625862, 0.0491109676659, 0.00332996528596], "mean": [2.29098296165, 23.5217647552, 34.2100791931, 7.99326276779, 7.15491580963, 5.79969120026, 3.99092292786, 4.43938446045, 4.08503293991, 5.37533807755, 9.89134120941, 7.05875921249, 8.43060493469, 5.57421827316, 17.0970497131, 10.1706466675, 13.9643907547, 26.5932846069, 19.2266540527, 22.2523117065, 22.5358066559, 16.053237915, 15.6154108047, 29.9500713348, 14.3406229019, 15.2825365067, 9.4731760025, 9.07335567474, 5.02673768997, 4.33015155792, 3.05807113647, 1.77988934517, 1.08660495281, 0.63175290823, 0.358550310135, 0.162001520395, 0.0641802400351, 0.0158596858382, 0.00211474718526, 0.000265433103777], "median": [0.341711848974, 16.1396408081, 12.9400463104, 2.0538175106, 2.79192090034, 1.84889101982, 2.26950454712, 2.22461175919, 1.79319679737, 2.01892375946, 4.11839675903, 2.31901049614, 4.43556118011, 2.73286247253, 9.23795318604, 5.40867233276, 7.06518220901, 16.9564399719, 11.2936267853, 13.5570793152, 12.8294458389, 8.70928573608, 9.93380355835, 12.4057846069, 6.7287569046, 5.92862892151, 5.02598762512, 3.54772520065, 2.39417362213, 1.60483241081, 1.05515098572, 0.611670732498, 0.349228978157, 0.208031356335, 0.0942927598953, 0.0368632823229, 0.0119524579495, 0.00247741793282, 0.00040430156514, 0.00019110381254], "min": [6.72840948323e-22, 4.50460306884e-21, 1.66022774511e-20, 8.08373756598e-20, 1.1236119003e-19, 2.77865037953e-19, 1.68251832391e-19, 3.25262667998e-19, 9.58202609461e-19, 3.60152500001e-19, 8.59773700037e-19, 1.97918802062e-18, 5.15989806719e-18, 4.72872314186e-18, 6.29071807104e-18, 3.00397153496e-18, 5.57913636268e-18, 9.01187882932e-18, 9.08995723452e-18, 2.00326038265e-17, 8.01063625483e-18, 1.4213336932e-17, 1.57883897344e-17, 1.31419411698e-17, 1.15532531222e-17, 1.47337179097e-17, 2.04469385954e-17, 1.7147521927e-17, 1.63195389493e-17, 2.18272284137e-17, 1.63966636152e-17, 1.35736839546e-17, 1.34403771814e-17, 1.19929062352e-17, 8.06131347505e-18, 6.18748344905e-18, 3.86563834123e-18, 1.25508041964e-18, 2.96825232515e-19, 3.08001896619e-20], "var": [8.49491119385, 517.53302002, 1797.3137207, 143.899490356, 136.61114502, 101.229011536, 35.8510704041, 47.0136795044, 44.1409225464, 70.5435562134, 194.494781494, 110.200675964, 141.106842041, 83.0813446045, 532.374755859, 209.731506348, 438.410095215, 1004.24066162, 650.243774414, 741.022460938, 913.981140137, 610.196655273, 367.586395264, 3823.45385742, 491.450195312, 857.775024414, 174.551483154, 445.703430176, 58.583190918, 76.9734191895, 45.889415741, 11.2926359177, 4.28132867813, 1.40307152271, 0.711808204651, 0.13443236053, 0.0245280563831, 0.00138718995731, 2.26629781537e-05, 1.15419375391e-07]}, "gfcc": {"mean": [-27.6529941559, 76.5403594971, -113.206413269, 40.9596672058, -27.5186882019, 20.2097568512, -23.1950798035, 5.95908355713, -13.6541280746, 4.77952194214, -11.3867473602, -2.45837569237, -9.69288921356], "cov": [[21998.03125, -658.977783203, 3440.06005859, 4613.70703125, 667.751586914, 1000.58013916, 1170.62487793, 1656.40039062, -201.729797363, 278.959289551, -92.9773330688, 43.4998588562, -688.042297363], [-658.977783203, 2595.41650391, 1191.70129395, 219.611831665, 787.356262207, 210.225952148, 204.781188965, -5.45811843872, 268.745056152, -4.76069879532, 41.1281318665, -69.2328948975, 124.376541138], [3440.06005859, 1191.70129395, 2201.15869141, 981.668640137, 715.981262207, 412.141113281, 375.25402832, 381.173400879, 151.333724976, 100.435699463, -19.0747890472, 34.2769889832, -47.3029022217], [4613.70703125, 219.611831665, 981.668640137, 1481.99487305, 429.303375244, 308.438049316, 381.231048584, 417.416168213, 47.3983802795, 80.3564300537, 65.7147216797, -2.87575793266, -96.1085968018], [667.751586914, 787.356262207, 715.981262207, 429.303375244, 625.954101562, 242.106277466, 228.244125366, 144.680938721, 141.236541748, 63.253490448, 75.6410217285, 18.1764945984, 47.3785858154], [1000.58013916, 210.225952148, 412.141113281, 308.438049316, 242.106277466, 259.707214355, 174.387451172, 139.886917114, 63.7830162048, 59.2244529724, 51.5716667175, 30.573802948, 9.93977642059], [1170.62487793, 204.781188965, 375.25402832, 381.231048584, 228.244125366, 174.387451172, 263.083618164, 175.477676392, 89.309211731, 64.7285003662, 66.7480697632, 30.4637298584, 15.6399259567], [1656.40039062, -5.45811843872, 381.173400879, 417.416168213, 144.680938721, 139.886917114, 175.477676392, 253.485183716, 61.9415245056, 73.7275466919, 28.4117393494, 31.5710945129, -26.7503757477], [-201.729797363, 268.745056152, 151.333724976, 47.3983802795, 141.236541748, 63.7830162048, 89.309211731, 61.9415245056, 145.073196411, 61.7895317078, 47.8147125244, 19.9325027466, 52.8841400146], [278.959289551, -4.76069879532, 100.435699463, 80.3564300537, 63.253490448, 59.2244529724, 64.7285003662, 73.7275466919, 61.7895317078, 92.0655441284, 40.8280105591, 20.9591636658, 9.96565628052], [-92.9773330688, 41.1281318665, -19.0747890472, 65.7147216797, 75.6410217285, 51.5716667175, 66.7480697632, 28.4117393494, 47.8147125244, 40.8280105591, 93.1854400635, 27.7167892456, 32.220287323], [43.4998588562, -69.2328948975, 34.2769889832, -2.87575793266, 18.1764945984, 30.573802948, 30.4637298584, 31.5710945129, 19.9325027466, 20.9591636658, 27.7167892456, 58.242061615, 23.0624294281], [-688.042297363, 124.376541138, -47.3029022217, -96.1085968018, 47.3785858154, 9.93977642059, 15.6399259567, -26.7503757477, 52.8841400146, 9.96565628052, 32.220287323, 23.0624294281, 93.5417404175]], "icov": [[0.000282115215668, -4.20639007643e-05, -5.36043844477e-05, -0.00063973251963, 0.000328126101522, -0.000193327359739, -0.000269836338703, -0.000587999704294, 0.000661293568555, -0.000391632842366, 0.000680928584188, -0.000502299168147, 0.0007350887754], [-4.20639007643e-05, 0.00115031644236, -0.000573958735913, 0.000311940035317, -0.000909974856768, 0.000207676654099, -8.79911895026e-05, 0.000855766236782, -0.00165168836247, 0.00138268293813, -0.000634853902739, 0.00212837569416, -0.000629966612905], [-5.36043844477e-05, -0.000573958735913, 0.00144127663225, -0.000327966641635, -0.000539180473424, -0.000611256051343, -1.26185859699e-05, -0.000383731705369, 0.00019470071129, -0.000831911573187, 0.00222426583059, -0.00189420056995, 0.000670579436701], [-0.00063973251963, 0.000311940035317, -0.000327966641635, 0.00344844139181, -0.00126958743203, 0.000534111866727, -0.000399825570639, -0.000910152506549, -0.000462389201857, 0.00191876105964, -0.00325195468031, 0.00345100695267, -0.00102392444387], [0.000328126101522, -0.000909974856768, -0.000539180473424, -0.00126958743203, 0.00510114664212, -0.00197936128825, -0.000764678348787, -0.000265440990916, 3.95162423956e-05, -0.000458949623862, -0.00054986163741, -0.000714226509444, 0.000116971546959], [-0.000193327359739, 0.000207676654099, -0.000611256051343, 0.000534111866727, -0.00197936128825, 0.0091566555202, -0.00279796123505, -0.000432121334597, 0.00105126597919, -0.00116550235543, -0.00169552210718, -0.000513038248755, -0.00084435462486], [-0.000269836338703, -8.79911895026e-05, -1.26185859699e-05, -0.000399825570639, -0.000764678348787, -0.00279796123505, 0.0123379407451, -0.0037364801392, -0.00271548843011, 0.00162611284759, -0.00425556022674, 0.00054002890829, -0.00203708629124], [-0.000587999704294, 0.000855766236782, -0.000383731705369, -0.000910152506549, -0.000265440990916, -0.000432121334597, -0.0037364801392, 0.0154284480959, -0.00519101787359, -0.00327078741975, 0.00249045481905, -0.00344586791471, 0.00190011889208], [0.000661293568555, -0.00165168836247, 0.00019470071129, -0.000462389201857, 3.95162423956e-05, 0.00105126597919, -0.00271548843011, -0.00519101787359, 0.0198762174696, -0.00939338374883, 0.000410119828302, -0.000685895676725, -0.0046870498918], [-0.000391632842366, 0.00138268293813, -0.000831911573187, 0.00191876105964, -0.000458949623862, -0.00116550235543, 0.00162611284759, -0.00327078741975, -0.00939338374883, 0.0230890046805, -0.00807006470859, 0.00255581806414, 0.000981025164947], [0.000680928584188, -0.000634853902739, 0.00222426583059, -0.00325195468031, -0.00054986163741, -0.00169552210718, -0.00425556022674, 0.00249045481905, 0.000410119828302, -0.00807006470859, 0.0242458228022, -0.0096376715228, 0.000171254607267], [-0.000502299168147, 0.00212837569416, -0.00189420056995, 0.00345100695267, -0.000714226509444, -0.000513038248755, 0.00054002890829, -0.00344586791471, -0.000685895676725, 0.00255581806414, -0.0096376715228, 0.0308064669371, -0.0087562976405], [0.0007350887754, -0.000629966612905, 0.000670579436701, -0.00102392444387, 0.000116971546959, -0.00084435462486, -0.00203708629124, 0.00190011889208, -0.0046870498918, 0.000981025164947, 0.000171254607267, -0.0087562976405, 0.0217816643417]]}, "melbands": {"dmean": [0.00602094363421, 0.00574498390779, 0.00090801611077, 0.0004955122713, 0.000140163188917, 8.39136337163e-05, 5.8062174503e-05, 6.76201379974e-05, 6.15128956269e-05, 3.54627518391e-05, 3.120920519e-05, 1.71614956344e-05, 4.35193505837e-05, 2.31861158682e-05, 1.98654979613e-05, 1.41185400935e-05, 4.0527767851e-05, 1.68420228874e-05, 2.05132782867e-05, 2.44859147642e-05, 1.83551965165e-05, 1.07335736175e-05, 1.0357798601e-05, 1.14723061415e-05, 2.10854559555e-05, 7.4677077464e-06, 6.01745568929e-06, 1.02689054984e-05, 5.19173045177e-06, 3.67453117178e-06, 6.43024168312e-06, 2.21495770347e-06, 3.01958834825e-06, 1.9173974124e-06, 1.86697593563e-06, 1.20766424061e-06, 1.09653058189e-06, 6.4512857989e-07, 6.56884878936e-07, 5.00660803482e-07], "dmean2": [0.00860213581473, 0.00816968549043, 0.00149858021177, 0.000826478237286, 0.000238701104536, 0.000143661687616, 0.000100022603874, 0.00011504869326, 0.000103425329144, 6.07690526522e-05, 4.96442771691e-05, 2.89405979856e-05, 7.17469520168e-05, 3.86895808333e-05, 3.13465643558e-05, 2.18426412175e-05, 6.77866482874e-05, 2.68254007096e-05, 3.49022629962e-05, 4.08239357057e-05, 3.0340766898e-05, 1.71216088347e-05, 1.63181812241e-05, 1.83685606316e-05, 3.36680241162e-05, 1.16691435323e-05, 9.78359184955e-06, 1.71469800989e-05, 8.47934916237e-06, 6.1815949266e-06, 1.10916116682e-05, 3.79190237254e-06, 5.15986857863e-06, 3.24429674947e-06, 3.20379945151e-06, 2.06033951144e-06, 1.84772125067e-06, 1.06919651444e-06, 1.13346573016e-06, 8.56778797242e-07], "dvar": [0.000117657975352, 0.000149338506162, 3.49369065589e-06, 6.69888322591e-07, 7.9599338676e-08, 2.28129337643e-08, 1.09145750216e-08, 1.29049837483e-08, 1.09447704233e-08, 3.77634457038e-09, 2.32472863182e-09, 1.42301104233e-09, 5.85970472144e-09, 1.3960279599e-09, 1.23008625508e-09, 6.4312877246e-10, 3.69490926744e-09, 9.48855771732e-10, 1.8566415072e-09, 2.13705142471e-09, 1.05383546334e-09, 3.7060279845e-10, 7.79772468817e-10, 4.69868699504e-10, 3.30197491571e-09, 2.69983091439e-10, 1.82927492598e-10, 6.90148216353e-10, 7.90552553975e-11, 4.68862344782e-11, 4.11525924449e-10, 1.73968374428e-11, 4.76768902136e-11, 1.52707742285e-11, 2.24311784425e-11, 7.07162540331e-12, 7.1363887022e-12, 1.60077116493e-12, 2.60208000979e-12, 1.33948538025e-12], "dvar2": [0.000191661572899, 0.000309000955895, 8.87700662133e-06, 1.68186591054e-06, 2.01957277568e-07, 5.61721122949e-08, 2.67745257077e-08, 3.34800134283e-08, 2.88742079135e-08, 9.58515133931e-09, 5.62057467235e-09, 3.78537912127e-09, 1.54389852014e-08, 3.63007290893e-09, 2.92254176415e-09, 1.477459044e-09, 9.94688775791e-09, 2.24194307563e-09, 5.15442044602e-09, 5.63330493364e-09, 2.65183719428e-09, 8.6710433278e-10, 1.79917580834e-09, 1.16202714118e-09, 8.43115532945e-09, 6.0926030887e-10, 4.52786030891e-10, 1.81590054105e-09, 2.01366701091e-10, 1.22252458157e-10, 1.09226505618e-09, 4.60453307427e-11, 1.23894131066e-10, 3.98132429802e-11, 6.28720894791e-11, 1.93616581101e-11, 1.92927444853e-11, 4.23151791384e-12, 7.2283455263e-12, 3.73078477833e-12], "max": [0.101973079145, 0.120617240667, 0.0196365788579, 0.00804851297289, 0.00247376551852, 0.00115977204405, 0.000816665589809, 0.00108971039299, 0.000946051499341, 0.000598873884883, 0.000667317537591, 0.000622155494057, 0.00103875272907, 0.000432273547631, 0.000596388650592, 0.000398489413783, 0.000964932143688, 0.00082324835239, 0.000569313124288, 0.000805186107755, 0.00039537352859, 0.000332767638611, 0.00082779256627, 0.000352085597115, 0.00112716516014, 0.000430294399848, 0.00031811001827, 0.000293469667668, 8.92654861673e-05, 0.00012847490143, 0.000293204269838, 9.44367202464e-05, 0.000103552330984, 4.86492390337e-05, 6.1857921537e-05, 3.02911721519e-05, 3.67022876162e-05, 1.2934589904e-05, 2.30960959016e-05, 1.23218451336e-05], "mean": [0.0248799491674, 0.02315778099, 0.00154672050849, 0.000495877407957, 0.000161692878464, 0.000100869998278, 5.94404518779e-05, 6.86210987624e-05, 7.84803851275e-05, 3.98133306589e-05, 4.08236192015e-05, 1.89601505554e-05, 5.62253626413e-05, 3.24323300447e-05, 2.98376598948e-05, 2.20244000957e-05, 5.73871511733e-05, 2.98337472486e-05, 2.91052238026e-05, 3.3810709283e-05, 2.64574864559e-05, 1.7388150809e-05, 1.55324305524e-05, 1.67872112797e-05, 2.54933438555e-05, 1.08922968138e-05, 8.57096893014e-06, 1.07397254396e-05, 6.22641164227e-06, 4.62126627099e-06, 5.94683569943e-06, 2.55318059317e-06, 2.91798028229e-06, 1.99084320229e-06, 1.8021064534e-06, 1.22578785522e-06, 1.10524501906e-06, 7.14627276466e-07, 6.80492689753e-07, 5.01424608501e-07], "median": [0.00787563156337, 0.0240291468799, 0.000397201220039, 0.000171784835402, 8.26345931273e-05, 5.42111156392e-05, 2.5210181775e-05, 2.59659918811e-05, 3.15461402352e-05, 1.37003407872e-05, 2.05782598641e-05, 7.98647033662e-06, 2.9046957934e-05, 1.7645643311e-05, 1.37931019708e-05, 1.17272775242e-05, 3.49405927409e-05, 1.61558637046e-05, 1.39337862493e-05, 1.96969594981e-05, 1.20328058983e-05, 8.30651424621e-06, 7.65267213865e-06, 9.49392597249e-06, 9.29869747779e-06, 3.90960849472e-06, 3.90780496673e-06, 3.66445328837e-06, 3.01930276692e-06, 2.41295106207e-06, 1.70928251464e-06, 1.23087647808e-06, 1.0782314348e-06, 7.63049513353e-07, 6.04766000833e-07, 4.51047924344e-07, 3.17192530019e-07, 2.23433090696e-07, 2.01618604478e-07, 1.62633924106e-07], "min": [6.15078279346e-24, 7.95838064383e-24, 1.34952359877e-23, 1.52210616999e-23, 7.18169580668e-24, 8.38411151944e-24, 1.30030861793e-23, 3.81040485377e-24, 7.90801187503e-24, 1.2021784234e-23, 2.60177370595e-23, 1.89004036252e-23, 1.92018005558e-23, 1.27278533983e-23, 8.93655791112e-24, 1.02891680071e-23, 1.84762378496e-23, 1.244142747e-23, 2.53519573881e-23, 1.69656339027e-23, 8.53220122173e-24, 1.33433786857e-23, 1.97409144093e-23, 9.84744139888e-24, 1.09302784202e-23, 7.84099893e-24, 1.13165780834e-23, 8.36915313896e-24, 1.33814980224e-23, 1.14909147658e-23, 8.64970363129e-24, 8.13209018175e-24, 1.22247202796e-23, 1.17623539146e-23, 1.03096902235e-23, 7.37988448735e-24, 8.71759063421e-24, 9.71892649109e-24, 8.9073321923e-24, 1.08476838945e-23], "var": [0.00075587379979, 0.000490998092573, 4.64103368358e-06, 6.6009584998e-07, 7.54476729981e-08, 2.21860112504e-08, 9.71013935924e-09, 1.17460947635e-08, 1.19408074539e-08, 3.6666731873e-09, 3.4800513582e-09, 1.18024012785e-09, 6.21995077665e-09, 1.73533709624e-09, 2.01087613227e-09, 9.97152360682e-10, 5.11379294466e-09, 1.68358482711e-09, 2.28954388781e-09, 2.49151055343e-09, 1.53867640851e-09, 6.77861211607e-10, 1.06434328018e-09, 5.6028626183e-10, 3.24256999029e-09, 4.38716923901e-10, 2.2985680026e-10, 5.57957569036e-10, 8.24521770304e-11, 4.93104689026e-11, 3.05194453043e-10, 1.68155558922e-11, 3.89303866921e-11, 1.32630061447e-11, 1.55018376607e-11, 5.49677534392e-12, 5.77161625784e-12, 1.66921988384e-12, 2.05409387416e-12, 1.01786678045e-12]}, "mfcc": {"mean": [-667.526855469, 103.168609619, -7.55392742157, 33.9099655151, 17.2463741302, 20.4249725342, 8.55869674683, 8.15682697296, 5.27977085114, 8.299949646, 4.25742912292, 2.47910141945, 2.55252361298], "cov": [[13676.2011719, 1267.53527832, 1390.8380127, 2071.5456543, 1079.51721191, 695.979736328, 775.19909668, 1025.02478027, 687.641113281, 474.171722412, 581.815368652, 505.142211914, -247.572357178], [1267.53527832, 1689.75671387, 800.784667969, 614.669616699, 530.01940918, 385.483673096, 285.145355225, 259.670288086, 254.696380615, 186.989501953, 165.641098022, 70.9483947754, 10.4597711563], [1390.8380127, 800.784667969, 1175.47424316, 507.083618164, 393.654632568, 266.606567383, 221.584136963, 228.410324097, 232.615768433, 140.172821045, 118.150436401, 58.0605964661, 18.4183864594], [2071.5456543, 614.669616699, 507.083618164, 819.664367676, 459.086517334, 271.726318359, 257.334442139, 291.567352295, 230.084365845, 174.758361816, 168.764953613, 136.416061401, 16.0480384827], [1079.51721191, 530.01940918, 393.654632568, 459.086517334, 445.999664307, 271.391967773, 221.472625732, 210.142501831, 172.642501831, 118.624191284, 123.630455017, 105.781143188, 24.6816959381], [695.979736328, 385.483673096, 266.606567383, 271.726318359, 271.391967773, 261.093200684, 186.23526001, 154.552474976, 122.52822113, 89.8861160278, 97.5988464355, 79.908531189, 28.1518001556], [775.19909668, 285.145355225, 221.584136963, 257.334442139, 221.472625732, 186.23526001, 222.432388306, 163.748718262, 118.381607056, 95.0859069824, 100.05304718, 84.9777526855, 28.9025688171], [1025.02478027, 259.670288086, 228.410324097, 291.567352295, 210.142501831, 154.552474976, 163.748718262, 218.080032349, 144.685195923, 88.7364501953, 105.898948669, 92.650718689, 18.1616210938], [687.641113281, 254.696380615, 232.615768433, 230.084365845, 172.642501831, 122.52822113, 118.381607056, 144.685195923, 180.532363892, 107.537979126, 84.5627746582, 71.7490310669, 27.4924907684], [474.171722412, 186.989501953, 140.172821045, 174.758361816, 118.624191284, 89.8861160278, 95.0859069824, 88.7364501953, 107.537979126, 137.269989014, 90.7887268066, 45.8638038635, 25.5039634705], [581.815368652, 165.641098022, 118.150436401, 168.764953613, 123.630455017, 97.5988464355, 100.05304718, 105.898948669, 84.5627746582, 90.7887268066, 142.633560181, 79.7297286987, 10.6151657104], [505.142211914, 70.9483947754, 58.0605964661, 136.416061401, 105.781143188, 79.908531189, 84.9777526855, 92.650718689, 71.7490310669, 45.8638038635, 79.7297286987, 121.349494934, 34.8784561157], [-247.572357178, 10.4597711563, 18.4183864594, 16.0480384827, 24.6816959381, 28.1518001556, 28.9025688171, 18.1616210938, 27.4924907684, 25.5039634705, 10.6151657104, 34.8784561157, 87.2128677368]], "icov": [[0.000170492319739, 4.08862470067e-05, -6.00463390583e-05, -0.000309334835038, 0.000184516087756, -7.71204940975e-06, -4.66519013571e-05, -0.000417876988649, 5.31357909495e-05, -0.000162628100952, 0.000118208925414, -0.000436572852777, 0.000792444159742], [4.08862470067e-05, 0.00119510700461, -0.000386890140362, -0.000254876853433, -0.000501840084326, -0.000824312039185, 7.92434657342e-05, 0.000230848178035, -0.000334199634381, -0.000110276298074, -0.000306179164909, 0.000696395582054, 0.000331471062964], [-6.00463390583e-05, -0.000386890140362, 0.00155949906912, -0.000222528513405, -0.000353010720573, -9.18084624573e-05, -0.000160483847139, 0.000162152689882, -0.00119415740483, 0.000606014044024, -0.000232657621382, 0.00110403110739, -0.000477487163153], [-0.000309334835038, -0.000254876853433, -0.000222528513405, 0.00431801564991, -0.00313063734211, 0.00120989431161, 0.00028192193713, -0.00157824042253, 0.000489593134262, -0.00155393395107, 0.0002913911012, -0.000104339975223, -0.000558089755941], [0.000184516087756, -0.000501840084326, -0.000353010720573, -0.00313063734211, 0.0102967033163, -0.0056431828998, -0.000939707679208, -0.000272609351669, -0.000974527152721, 0.000747046549805, 0.000509423727635, -0.00155374978203, 0.0011584716849], [-7.71204940975e-06, -0.000824312039185, -9.18084624573e-05, 0.00120989431161, -0.0056431828998, 0.0149272028357, -0.00629767403007, -0.000387649663026, -6.06286193943e-05, 0.000415383285144, -0.00107155402657, -0.000104502127215, -0.00110998703167], [-4.66519013571e-05, 7.92434657342e-05, -0.000160483847139, 0.00028192193713, -0.000939707679208, -0.00629767403007, 0.0161435250193, -0.00631523039192, 0.00235408125445, -0.00357705168426, 0.000158670489327, -0.0014579083072, -0.0010283163283], [-0.000417876988649, 0.000230848178035, 0.000162152689882, -0.00157824042253, -0.000272609351669, -0.000387649663026, -0.00631523039192, 0.0194066204131, -0.00857571139932, 0.00501291221008, -0.00405358197168, -0.000544303446077, -0.000755435554311], [5.31357909495e-05, -0.000334199634381, -0.00119415740483, 0.000489593134262, -0.000974527152721, -6.06286193943e-05, 0.00235408125445, -0.00857571139932, 0.0190637260675, -0.0103614693508, 0.00369457900524, -0.00394219579175, -0.000198525580345], [-0.000162628100952, -0.000110276298074, 0.000606014044024, -0.00155393395107, 0.000747046549805, 0.000415383285144, -0.00357705168426, 0.00501291221008, -0.0103614693508, 0.0218195840716, -0.0110122906044, 0.00646085711196, -0.00485240854323], [0.000118208925414, -0.000306179164909, -0.000232657621382, 0.0002913911012, 0.000509423727635, -0.00107155402657, 0.000158670489327, -0.00405358197168, 0.00369457900524, -0.0110122906044, 0.0198189485818, -0.00973569042981, 0.00489803170785], [-0.000436572852777, 0.000696395582054, 0.00110403110739, -0.000104339975223, -0.00155374978203, -0.000104502127215, -0.0014579083072, -0.000544303446077, -0.00394219579175, 0.00646085711196, -0.00973569042981, 0.0207497868687, -0.00822682492435], [0.000792444159742, 0.000331471062964, -0.000477487163153, -0.000558089755941, 0.0011584716849, -0.00110998703167, -0.0010283163283, -0.000755435554311, -0.000198525580345, -0.00485240854323, 0.00489803170785, -0.00822682492435, 0.0185835659504]]}, "spectral_contrast_coeffs": {"dmean": [0.048602361232, 0.0474292077124, 0.04321141541, 0.0394042991102, 0.0321065187454, 0.0207465384156], "dmean2": [0.0783376544714, 0.0813174620271, 0.0721909627318, 0.0654926821589, 0.0522143356502, 0.0338853858411], "dvar": [0.00195843633264, 0.00170941150282, 0.001403887989, 0.0011162138544, 0.00093277200358, 0.000396931660362], "dvar2": [0.00459973933175, 0.00489025749266, 0.00378312193789, 0.00286978553049, 0.00232672155835, 0.000996736460365], "max": [-0.263604581356, -0.551511883736, -0.533954977989, -0.49425521493, -0.554832041264, -0.620289564133], "mean": [-0.611996650696, -0.782500326633, -0.753374159336, -0.729265332222, -0.754804849625, -0.75108474493], "median": [-0.611059308052, -0.78317117691, -0.761367917061, -0.733153700829, -0.754733800888, -0.748933911324], "min": [-0.957354009151, -0.96915012598, -0.971767604351, -0.954803049564, -0.957810044289, -0.963022053242], "var": [0.00872353091836, 0.00285867298953, 0.00419554999098, 0.00357283232734, 0.00379971018992, 0.00189059448894]}, "spectral_contrast_valleys": {"dmean": [0.530128836632, 0.553308725357, 0.510396718979, 0.433927386999, 0.449622958899, 0.479842722416], "dmean2": [0.832104146481, 0.909890949726, 0.794497430325, 0.6704210639, 0.702580392361, 0.679068028927], "dvar": [0.376370489597, 0.367099434137, 0.297151446342, 0.248960152268, 0.283890724182, 0.306156307459], "dvar2": [0.704915106297, 0.736235618591, 0.56609416008, 0.479116737843, 0.588982999325, 0.645676612854], "max": [-4.87265777588, -4.81587934494