{"lowlevel": {"average_loudness": 0.816089689732, "barkbands_crest": {"dmean": 2.76427531242, "dmean2": 4.60516309738, "dvar": 10.0445261002, "dvar2": 25.3078994751, "max": 26.4776229858, "mean": 17.3293437958, "median": 17.1346931458, "min": 4.11470937729, "var": 33.4808769226}, "barkbands_flatness_db": {"dmean": 0.048501227051, "dmean2": 0.0744459480047, "dvar": 0.00245373742655, "dvar2": 0.00539355212823, "max": 0.527517080307, "mean": 0.306512951851, "median": 0.309688746929, "min": 0.0265952274203, "var": 0.00616933684796}, "barkbands_kurtosis": {"dmean": 31.2541847229, "dmean2": 48.1951446533, "dvar": 3390.35791016, "dvar2": 7652.25927734, "max": 851.51361084, "mean": 48.834564209, "median": 22.9156513214, "min": -1.75016689301, "var": 6022.0234375}, "barkbands_skewness": {"dmean": 1.73055458069, "dmean2": 2.6453268528, "dvar": 4.35128498077, "dvar2": 9.2468328476, "max": 23.8323860168, "mean": 4.85574245453, "median": 4.05320835114, "min": -4.58568572998, "var": 13.5468263626}, "barkbands_spread": {"dmean": 6.72358465195, "dmean2": 11.1419792175, "dvar": 109.539222717, "dvar2": 265.186920166, "max": 93.8027572632, "mean": 8.99882888794, "median": 4.58790874481, "min": 0.197041094303, "var": 142.906036377}, "dissonance": {"dmean": 0.0232298709452, "dmean2": 0.0381173565984, "dvar": 0.000509443168994, "dvar2": 0.00134462595452, "max": 0.499922215939, "mean": 0.453152984381, "median": 0.459709554911, "min": 0.339032739401, "var": 0.00106638483703}, "dynamic_complexity": 4.3982667923, "erbbands_crest": {"dmean": 2.49990177155, "dmean2": 3.9185359478, "dvar": 6.11657190323, "dvar2": 14.5125732422, "max": 27.6274585724, "mean": 8.73502731323, "median": 7.73738002777, "min": 2.60211801529, "var": 15.5232696533}, "erbbands_flatness_db": {"dmean": 0.0194849409163, "dmean2": 0.0268602184951, "dvar": 0.000340283848345, "dvar2": 0.000711774511728, "max": 0.419903606176, "mean": 0.202234223485, "median": 0.196074962616, "min": 0.0457577481866, "var": 0.00205169548281}, "erbbands_kurtosis": {"dmean": 1.56434106827, "dmean2": 2.48147273064, "dvar": 8.922123909, "dvar2": 22.8908901215, "max": 51.0852584839, "mean": 0.807613432407, "median": -0.237038135529, "min": -1.84474468231, "var": 12.7969551086}, "erbbands_skewness": {"dmean": 0.626858532429, "dmean2": 0.949059128761, "dvar": 0.413352191448, "dvar2": 0.930702090263, "max": 3.48124670982, "mean": 0.456984013319, "median": 0.521780610085, "min": -6.26853179932, "var": 1.11858665943}, "erbbands_spread": {"dmean": 16.5761680603, "dmean2": 25.3308506012, "dvar": 264.112670898, "dvar2": 609.172180176, "max": 130.493515015, "mean": 52.2814674377, "median": 48.111125946, "min": 2.69400763512, "var": 642.148620605}, "hfc": {"dmean": 11.6764945984, "dmean2": 18.2189731598, "dvar": 462.678894043, "dvar2": 1112.58337402, "max": 166.716369629, "mean": 20.2225017548, "median": 13.522986412, "min": 1.11065712901e-16, "var": 573.172851562}, "melbands_crest": {"dmean": 2.75348067284, "dmean2": 4.42070531845, "dvar": 10.1219930649, "dvar2": 24.4753093719, "max": 33.8674812317, "mean": 21.2392940521, "median": 21.2859401703, "min": 1.81253635883, "var": 33.5354347229}, "melbands_flatness_db": {"dmean": 0.0599006935954, "dmean2": 0.0889589563012, "dvar": 0.00375474593602, "dvar2": 0.00831304118037, "max": 0.642474234104, "mean": 0.37771704793, "median": 0.389204919338, "min": 0.00284305145033, "var": 0.011106679216}, "melbands_kurtosis": {"dmean": 45.1256942749, "dmean2": 69.5274887085, "dvar": 4265.33837891, "dvar2": 9361.90917969, "max": 799.210754395, "mean": 88.0833740234, "median": 56.5992965698, "min": -1.94535803795, "var": 9516.61914062}, "melbands_skewness": {"dmean": 1.78762578964, "dmean2": 2.80717229843, "dvar": 3.77614235878, "dvar2": 8.59048175812, "max": 22.5477752686, "mean": 6.31856918335, "median": 5.90086507797, "min": -3.11493444443, "var": 11.9679460526}, "melbands_spread": {"dmean": 5.90505933762, "dmean2": 9.99111461639, "dvar": 151.618637085, "dvar2": 361.92401123, "max": 165.264663696, "mean": 9.26752376556, "median": 3.21343064308, "min": 0.277001202106, "var": 377.762786865}, "pitch_salience": {"dmean": 0.082086853683, "dmean2": 0.130964636803, "dvar": 0.00818865839392, "dvar2": 0.0193941034377, "max": 0.833525538445, "mean": 0.388460248709, "median": 0.397082269192, "min": 0.0616203844547, "var": 0.0298281908035}, "silence_rate_20dB": {"dmean": 0.0680061802268, "dmean2": 0.136117562652, "dvar": 0.0633805841208, "dvar2": 0.131510362029, "max": 1, "mean": 0.91042470932, "median": 1, "min": 0, "var": 0.0815524160862}, "silence_rate_30dB": {"dmean": 0.114374034107, "dmean2": 0.228924974799, "dvar": 0.101292662323, "dvar2": 0.210548236966, "max": 1, "mean": 0.576833963394, "median": 1, "min": 0, "var": 0.2440957129}, "silence_rate_60dB": {"dmean": 0.00154559500515, "dmean2": 0.00309358071536, "dvar": 0.00154320162255, "dvar2": 0.00308397831395, "max": 1, "mean": 0.129729732871, "median": 0, "min": 0, "var": 0.112900450826}, "spectral_centroid": {"dmean": 440.845916748, "dmean2": 673.531860352, "dvar": 377131.125, "dvar2": 758651.8125, "max": 11630.9960938, "mean": 967.358398438, "median": 585.165283203, "min": 146.611495972, "var": 1357972}, "spectral_complexity": {"dmean": 4.83307552338, "dmean2": 7.69373559952, "dvar": 56.4251708984, "dvar2": 123.316726685, "max": 55, "mean": 12.2347488403, "median": 10, "min": 0, "var": 88.6040878296}, "spectral_decrease": {"dmean": 1.42902658595e-08, "dmean2": 2.22250857718e-08, "dvar": 7.94132086869e-16, "dvar2": 1.74118898434e-15, "max": 6.90052000009e-21, "mean": -3.31886447213e-08, "median": -2.05105248341e-08, "min": -2.75869325606e-07, "var": 1.3939043113e-15}, "spectral_energy": {"dmean": 0.0544168688357, "dmean2": 0.0843945294619, "dvar": 0.0113404337317, "dvar2": 0.0247807018459, "max": 1.04783844948, "mean": 0.127095982432, "median": 0.0792497470975, "min": 1.03408990692e-20, "var": 0.0201605670154}, "spectral_energyband_high": {"dmean": 0.00110852729995, "dmean2": 0.00190685433336, "dvar": 7.78126286605e-06, "dvar2": 2.07282246265e-05, "max": 0.0224737171084, "mean": 0.000915907265153, "median": 0.000159967326908, "min": 7.35428430383e-21, "var": 5.86354917687e-06}, "spectral_energyband_low": {"dmean": 0.0535382516682, "dmean2": 0.0844258442521, "dvar": 0.0117366658524, "dvar2": 0.0261502694339, "max": 1.02680325508, "mean": 0.113635003567, "median": 0.0627307444811, "min": 2.9266193692e-23, "var": 0.0195010453463}, "spectral_energyband_middle_high": {"dmean": 0.002797243651, "dmean2": 0.00455661863089, "dvar": 2.95849622489e-05, "dvar2": 7.60061811889e-05, "max": 0.0479688942432, "mean": 0.00303049758077, "median": 0.0010994101176, "min": 1.42257950233e-21, "var": 2.73843161267e-05}, "spectral_energyband_middle_low": {"dmean": 0.00397580349818, "dmean2": 0.00649293838069, "dvar": 8.66673872224e-05, "dvar2": 0.00020662798488, "max": 0.194891899824, "mean": 0.0123773962259, "median": 0.00914488360286, "min": 1.94330242068e-22, "var": 0.000225098323426}, "spectral_entropy": {"dmean": 0.364859849215, "dmean2": 0.506674051285, "dvar": 0.116650208831, "dvar2": 0.245099797845, "max": 9.80927467346, "mean": 7.06805038452, "median": 7.06653785706, "min": 5.69273042679, "var": 0.320406228304}, "spectral_flux": {"dmean": 0.0645896196365, "dmean2": 0.102338641882, "dvar": 0.0083832507953, "dvar2": 0.0207958463579, "max": 0.830480515957, "mean": 0.117256119847, "median": 0.0819205418229, "min": 6.35120636638e-11, "var": 0.0146981989965}, "spectral_kurtosis": {"dmean": 4.02557325363, "dmean2": 6.64665031433, "dvar": 27.4226150513, "dvar2": 69.9584274292, "max": 57.0607185364, "mean": 4.06183385849, "median": 2.2332701683, "min": -1.44342124462, "var": 30.8441181183}, "spectral_rms": {"dmean": 0.00198235036805, "dmean2": 0.00297831604257, "dvar": 9.06338573259e-06, "dvar2": 1.75138920895e-05, "max": 0.0319731347263, "mean": 0.00950626563281, "median": 0.00879299920052, "min": 3.17626849301e-12, "var": 3.36269295076e-05}, "spectral_rolloff": {"dmean": 314.110900879, "dmean2": 563.011169434, "dvar": 767850.3125, "dvar2": 1570606.75, "max": 19379.8828125, "mean": 634.053649902, "median": 172.265625, "min": 64.599609375, "var": 3521064.25}, "spectral_skewness": {"dmean": 0.595149159431, "dmean2": 0.875341117382, "dvar": 0.344454795122, "dvar2": 0.800585329533, "max": 5.43888759613, "mean": 1.26743745804, "median": 1.14483392239, "min": -1.45802557468, "var": 0.672439754009}, "spectral_spread": {"dmean": 778275.125, "dmean2": 1107618.625, "dvar": 2259151224830.0, "dvar2": 3570391318530.0, "max": 42246532, "mean": 3933290, "median": 3666421, "min": 1312978.25, "var": 9586628100100.0}, "spectral_strongpeak": {"dmean": 0.220046803355, "dmean2": 0.351549118757, "dvar": 0.0835829228163, "dvar2": 0.207785665989, "max": 2.92207980156, "mean": 0.756878077984, "median": 0.739875853062, "min": 0, "var": 0.21613317728}, "zerocrossingrate": {"dmean": 0.00853133760393, "dmean2": 0.0111269969493, "dvar": 0.000230196528719, "dvar2": 0.000268387957476, "max": 0.52197265625, "mean": 0.0294435471296, "median": 0.015625, "min": 0.00244140625, "var": 0.00307800457813}, "barkbands": {"dmean": [0.00233712769113, 0.0510220006108, 0.00430439412594, 0.00231543532573, 0.00139630027115, 0.000728418352082, 0.000173667096533, 0.000232904800214, 0.000386379862903, 0.000641070364509, 0.000119660173368, 0.000920091290027, 0.000149537620018, 0.000299485924188, 0.000241888483288, 0.000301049090922, 0.000231453144806, 0.000171367646544, 0.000169167440617, 0.00036067358451, 0.00026971209445, 0.000285954563878, 0.000215946827666, 8.92592142918e-05, 3.43056285601e-07, 5.78021719377e-09, 4.18974233085e-09], "dmean2": [0.00382279534824, 0.0812023952603, 0.00752123771235, 0.00399117916822, 0.00229442212731, 0.00118837389164, 0.000281166197965, 0.000343213789165, 0.000610725022852, 0.00101484835614, 0.000203471863642, 0.00141127582174, 0.000269927200861, 0.000552833895199, 0.000440270378022, 0.000538373482414, 0.000431060150731, 0.000316788995406, 0.000312688353006, 0.000609588576481, 0.000459019880509, 0.000501514819916, 0.000375808856916, 0.000153593107825, 5.78866377055e-07, 9.87551551646e-09, 7.46754924563e-09], "dvar": [2.87555194518e-05, 0.0111676547676, 9.77500894805e-05, 6.14632517681e-05, 7.10888616595e-06, 3.07449977299e-06, 1.66909089216e-07, 2.37943922343e-07, 2.37750964516e-06, 3.66333142665e-06, 6.19369373567e-08, 4.8983401939e-06, 2.19428301307e-07, 8.46557554723e-07, 1.16746866752e-06, 6.99618738054e-07, 4.65971623953e-07, 2.73742585932e-07, 2.8000488328e-07, 6.09823246123e-07, 6.31195291589e-07, 8.51401296131e-07, 3.14643187949e-07, 6.59838690353e-08, 1.31440192931e-12, 1.68884658337e-16, 3.5969661078e-17], "dvar2": [7.16726935934e-05, 0.0257950332016, 0.000270458287559, 0.000148662060383, 1.8203198124e-05, 8.35707214719e-06, 4.43441848574e-07, 5.05174512e-07, 5.43993610336e-06, 7.86319651525e-06, 1.64487332199e-07, 1.17518138723e-05, 6.16014119714e-07, 2.37724634644e-06, 3.33409116138e-06, 1.9616516056e-06, 1.32409809339e-06, 7.82827157764e-07, 8.05771549039e-07, 1.57968315762e-06, 1.72723093783e-06, 2.38863435698e-06, 8.23536652206e-07, 1.77032674742e-07, 3.49985014927e-12, 4.2300814798e-16, 1.03135069147e-16], "max": [0.0528399460018, 0.974455296993, 0.117420762777, 0.171565145254, 0.039271466434, 0.01728201285, 0.00515574589372, 0.00876017753035, 0.0227002575994, 0.0289906896651, 0.00205799844116, 0.0254753530025, 0.00563141750172, 0.00919370539486, 0.0195020735264, 0.0108870239928, 0.00664188759401, 0.0049789622426, 0.00536606553942, 0.00817854143679, 0.00733257271349, 0.00938613060862, 0.00574534386396, 0.00239148992114, 1.09857273856e-05, 1.67103422655e-07, 4.84628515096e-08], "mean": [0.00255212187767, 0.100510165095, 0.00775311980397, 0.00529521936551, 0.0042040804401, 0.00153413100634, 0.000298451486742, 0.000578775303438, 0.000391651847167, 0.000655097828712, 0.000143872210174, 0.00100133800879, 0.00012856120884, 0.000213724561036, 0.000173602325958, 0.000271110475296, 0.000143751720316, 0.000116272509331, 0.000125907550682, 0.000319081940688, 0.000240769993979, 0.000219958033995, 0.000162895390531, 6.21081926511e-05, 2.44583645781e-07, 5.24100274291e-09, 3.75639164218e-09], "median": [0.000736711081117, 0.0492492616177, 0.00427458714694, 0.00223816884682, 0.00322891492397, 0.000811773934402, 0.000137766925036, 0.000161622156156, 9.32716211537e-05, 0.000107098938315, 5.42407251487e-05, 0.000183664029464, 2.46300878644e-05, 3.45085718436e-05, 1.95100055862e-05, 6.9687521318e-05, 8.83973552845e-06, 1.49311308633e-05, 2.22101862164e-05, 5.20926187164e-05, 4.90324600833e-05, 3.01514519379e-05, 8.74919896887e-06, 1.94241124518e-06, 8.12738853995e-09, 1.4838075213e-09, 1.31520783153e-09], "min": [3.93413965891e-24, 3.82400718236e-24, 2.18715078074e-24, 4.13197729647e-24, 1.14332482447e-23, 2.88387667654e-23, 1.61115294674e-23, 1.49955531884e-23, 1.02102558841e-23, 1.92654647863e-23, 3.47891635061e-23, 4.77187578258e-23, 5.45111215879e-23, 4.05497192923e-23, 5.14515182561e-23, 6.71027489631e-23, 7.86130941618e-23, 1.16422982779e-22, 1.92309230916e-22, 1.8976425204e-22, 3.05881636415e-22, 4.02262288921e-22, 4.54075304265e-22, 6.35853746967e-22, 1.07954885341e-21, 1.49292337783e-21, 2.29760683857e-21], "var": [2.82136570604e-05, 0.0180370081216, 0.000122002558783, 0.000151380460011, 1.58307593665e-05, 4.62575962956e-06, 2.591526993e-07, 1.26867610106e-06, 2.36786672758e-06, 4.23491019319e-06, 5.99815024316e-08, 5.21477431903e-06, 1.42367696299e-07, 5.29065232513e-07, 6.8661216801e-07, 4.66679722422e-07, 2.70442285455e-07, 1.56737669954e-07, 1.61892074857e-07, 5.85035877521e-07, 4.50169466149e-07, 5.40721600828e-07, 2.39838584548e-07, 4.62546374536e-08, 9.39040403596e-13, 1.54755791434e-16, 3.46491664917e-17]}, "erbbands": {"dmean": [1.89927184582, 10.1467685699, 6.80052709579, 6.11622190475, 5.87477493286, 4.95805215836, 5.61398458481, 6.90842962265, 3.50128889084, 2.42241883278, 4.8691740036, 6.10484361649, 20.2535858154, 11.6895494461, 18.9847946167, 23.929107666, 7.11867046356, 11.5798072815, 17.8820438385, 9.35825157166, 19.0395889282, 13.6812124252, 10.6817007065, 8.6283493042, 8.71155071259, 15.38560009, 13.3154659271, 11.6767635345, 11.2421236038, 6.23312664032, 6.51680612564, 3.32268643379, 0.725929498672, 0.0370381623507, 0.00155849126168, 0.000185695535038, 4.45358127763e-05, 1.21884131659e-05, 2.53211201198e-05, 5.93157310504e-05], "dmean2": [3.10126709938, 16.0974292755, 11.4327259064, 10.5780067444, 9.21813678741, 8.19427490234, 8.1444606781, 11.5342464447, 5.81362867355, 3.71498203278, 7.2178235054, 9.74413776398, 31.6122779846, 18.7090740204, 29.3436889648, 37.4718818665, 12.798833847, 21.1073894501, 33.2107086182, 16.7529945374, 34.0830307007, 25.3310089111, 19.9057922363, 15.9173603058, 15.4790172577, 25.9749584198, 22.5826015472, 20.1201152802, 19.6948165894, 10.5661687851, 11.6009216309, 5.7032623291, 1.24939239025, 0.0646298751235, 0.00264592072926, 0.000306745932903, 6.99984957464e-05, 2.01502589334e-05, 3.82295329473e-05, 9.13578114705e-05], "dvar": [18.815946579, 400.415161133, 201.296157837, 291.876220703, 211.012069702, 86.9583740234, 92.6218032837, 333.423126221, 75.1167297363, 28.594209671, 103.932106018, 430.531921387, 2819.40698242, 892.484130859, 1899.6484375, 3157.36450195, 497.414367676, 1245.94433594, 5576.09375, 1052.18859863, 2351.83618164, 1613.12402344, 1099.97546387, 642.921142578, 713.567504883, 1075.43212891, 917.727783203, 1734.85241699, 1354.0559082, 280.322418213, 308.616516113, 89.610244751, 4.23866891861, 0.0123371519148, 1.87586610991e-05, 2.17491461285e-07, 8.68952643174e-09, 7.13621439719e-10, 2.08315409367e-09, 1.29173480801e-08], "dvar2": [45.9372520447, 922.260559082, 526.019165039, 746.90032959, 476.228881836, 225.651565552, 217.203598022, 931.228149414, 191.326934814, 73.6804275513, 231.280792236, 1012.25494385, 6262.49169922, 1994.7199707, 4561.85253906, 7659.76855469, 1391.63464355, 3455.21191406, 16035.8808594, 2942.27148438, 6594.19628906, 4587.79296875, 3150.1965332, 1835.9284668, 2019.69470215, 2813.85083008, 2378.72070312, 4838.45458984, 3802.84521484, 734.962097168, 834.048034668, 238.418014526, 11.2214355469, 0.033282648772, 4.91963401146e-05, 5.54236066819e-07, 2.09500150561e-08, 1.81133541499e-09, 4.35497637952e-09, 2.79307812434e-08], "max": [44.4449424744, 187.463806152, 138.87512207, 290.710662842, 351.413757324, 98.5007629395, 105.640785217, 185.519195557, 146.86529541, 83.4810791016, 161.944473267, 277.133605957, 677.036682129, 387.432922363, 485.771728516, 620.751953125, 289.92074585, 422.66973877, 1175.59155273, 424.209442139, 586.404418945, 419.529571533, 282.208221436, 231.865921021, 309.796936035, 361.532562256, 248.907897949, 403.18963623, 379.381530762, 141.064819336, 163.748672485, 88.699546814, 17.7568378448, 1.01651978493, 0.0401557385921, 0.00419759843498, 0.000865085457917, 0.000228308083024, 0.000464798416942, 0.00113264692482], "mean": [3.11110758781, 21.3739738464, 15.3567657471, 13.79591465, 16.2179279327, 11.516251564, 13.2300596237, 13.9588985443, 7.35125732422, 5.89074659348, 11.3978376389, 6.61681127548, 20.8424797058, 13.7291736603, 22.0320720673, 25.5427627563, 6.38342618942, 8.63600635529, 12.0583486557, 7.50806283951, 17.3553771973, 9.0579366684, 6.99053668976, 6.33947324753, 7.19465255737, 14.441321373, 11.8935489655, 9.61734867096, 8.79092025757, 5.12061214447, 4.57696914673, 2.35032343864, 0.510958790779, 0.0252962112427, 0.00120447878726, 0.000193383151782, 6.58595454297e-05, 1.30289354274e-05, 5.99820523348e-05, 0.000139686482726], "median": [0.920891523361, 11.9731931686, 12.2878332138, 7.04516363144, 11.0587329865, 8.64759254456, 7.45203018188, 6.200340271, 3.39837646484, 2.79928278923, 3.44029808044, 2.14438796043, 4.26478910446, 4.65053415298, 5.71895503998, 5.08515787125, 1.43254268169, 1.62956392765, 1.15419793129, 1.64850604534, 4.70674991608, 1.18471813202, 0.770765185356, 1.03447377682, 1.52792131901, 2.47796702385, 2.40419197083, 1.58206009865, 1.21580040455, 0.576651871204, 0.239660948515, 0.0883832648396, 0.0152315860614, 0.000845633738209, 0.00015742816322, 6.75703195157e-05, 3.41668346664e-05, 5.41892177353e-06, 3.87641593989e-05, 8.8216853328e-05], "min": [1.41059626342e-22, 1.05573540198e-21, 2.27876283219e-21, 1.13443192355e-20, 2.89071609806e-20, 3.39636643664e-20, 1.13186522411e-19, 2.03078423851e-19, 2.73962710016e-19, 4.10235080766e-19, 5.5837178059e-19, 3.32078998137e-19, 4.73322982863e-19, 1.84705088085e-18, 1.42570854806e-18, 1.98408803177e-18, 2.83966885668e-18, 2.69205909676e-18, 2.40089545025e-18, 4.32418839534e-18, 3.43531810027e-18, 5.06274032757e-18, 7.10826823331e-18, 9.25375553941e-18, 9.32005075679e-18, 9.2377950895e-18, 1.1772247535e-17, 1.56697720345e-17, 1.472940499e-17, 1.40087850927e-17, 1.290839665e-17, 1.30302808861e-17, 1.17620359904e-17, 1.10274508028e-17, 7.7716621215e-18, 4.72004808518e-18, 2.95824457711e-18, 1.17829262299e-18, 2.87261577067e-19, 2.95364257069e-20], "var": [25.365562439, 696.376831055, 265.898132324, 729.274353027, 508.133789062, 134.99446106, 246.721282959, 510.177062988, 167.120147705, 82.5273971558, 453.489135742, 416.576934814, 3122.9543457, 1001.23059082, 2066.42749023, 3273.83984375, 324.837005615, 805.256408691, 3203.49267578, 669.688293457, 1598.2845459, 941.200561523, 623.747314453, 376.837341309, 448.510314941, 1207.02319336, 762.287475586, 1137.47070312, 861.055786133, 221.596374512, 210.302124023, 63.7545623779, 3.05075335503, 0.00843453034759, 1.39217754622e-05, 1.81492211482e-07, 9.53805923132e-09, 6.33771701786e-10, 4.14230649781e-09, 2.37044943674e-08]}, "gfcc": {"mean": [-94.0343170166, 163.971252441, -112.592582703, 73.9025039673, -48.6711997986, 6.28583478928, 7.90590620041, -22.5077362061, 3.99355578423, -17.6290664673, 3.13916325569, -8.37594413757, 7.67246770859], "cov": [[28069.3574219, 2639.4519043, -757.444641113, 2423.87719727, -147.312667847, 2496.65527344, -16.0345230103, -358.073028564, 1328.2845459, -1354.62805176, 616.894104004, 63.6339950562, 444.653778076], [2639.4519043, 2317.62548828, 803.621398926, -74.4547424316, 712.539245605, 38.5060691833, 451.48739624, -93.7995223999, -62.3522338867, -121.122238159, -75.5378341675, 80.0784606934, 82.3237609863], [-757.444641113, 803.621398926, 1324.30480957, -31.9842357635, 505.732910156, 277.76348877, 268.739898682, 68.0276489258, -36.0129051208, 24.9929676056, -27.6597614288, 65.9447631836, 104.679084778], [2423.87719727, -74.4547424316, -31.9842357635, 578.477539062, -50.457118988, 230.307662964, -7.06233072281, -48.9705238342, 118.924118042, -120.518966675, 24.571138382, -27.862903595, 40.4721603394], [-147.312667847, 712.539245605, 505.732910156, -50.457118988, 701.236572266, 86.406829834, 180.684005737, 59.2284164429, 30.0638999939, -25.6889858246, -81.0071487427, 78.1625747681, 58.2528877258], [2496.65527344, 38.5060691833, 277.76348877, 230.307662964, 86.406829834, 632.736572266, -19.259595871, 47.274646759, 193.072036743, -169.372833252, 120.501907349, 41.9052314758, 102.739624023], [-16.0345230103, 451.48739624, 268.739898682, -7.06233072281, 180.684005737, -19.259595871, 279.256713867, -6.1091966629, -75.6812973022, 26.8355426788, -33.7690086365, 33.1484870911, 20.1690692902], [-358.073028564, -93.7995223999, 68.0276489258, -48.9705238342, 59.2284164429, 47.274646759, -6.1091966629, 110.9920578, 14.4970188141, 18.5192108154, 7.99493074417, -6.63160181046, 15.5809230804], [1328.2845459, -62.3522338867, -36.0129051208, 118.924118042, 30.0638999939, 193.072036743, -75.6812973022, 14.4970188141, 238.102737427, -75.9628982544, 33.8048820496, 18.8172397614, 20.8009777069], [-1354.62805176, -121.122238159, 24.9929676056, -120.518966675, -25.6889858246, -169.372833252, 26.8355426788, 18.5192108154, -75.9628982544, 174.221496582, -16.303396225, -18.4130592346, -24.8581638336], [616.894104004, -75.5378341675, -27.6597614288, 24.571138382, -81.0071487427, 120.501907349, -33.7690086365, 7.99493074417, 33.8048820496, -16.303396225, 118.841018677, 18.2950553894, 13.5358123779], [63.6339950562, 80.0784606934, 65.9447631836, -27.862903595, 78.1625747681, 41.9052314758, 33.1484870911, -6.63160181046, 18.8172397614, -18.4130592346, 18.2950553894, 69.7045898438, 20.6657447815], [444.653778076, 82.3237609863, 104.679084778, 40.4721603394, 58.2528877258, 102.739624023, 20.1690692902, 15.5809230804, 20.8009777069, -24.8581638336, 13.5358123779, 20.6657447815, 87.1384124756]], "icov": [[0.000377838907298, -0.000878624327015, 0.000737593742087, -0.000939402845688, 0.000501308357343, -0.00104585767258, 2.50710290857e-05, -4.48285863968e-05, -0.000813326623756, 0.000194998719962, -0.000464271608507, 0.000140951829962, -0.000359071418643], [-0.000878624327015, 0.00325085408986, -0.00208070315421, 0.00269870972261, -0.00213376269676, 0.00299727194943, -0.00145876326133, 0.00183298857883, 0.001571692992, 0.00107942789327, 2.35196384892e-05, 0.00138000852894, 0.000162599506439], [0.000737593742087, -0.00208070315421, 0.00301576009952, -0.00183928315528, 0.000550786149688, -0.00326987844892, -0.000227915195865, -0.00053060031496, -0.000947335967794, -0.000998807372525, -0.000144189150888, -0.000159617557074, -0.000930441485252], [-0.000939402845688, 0.00269870972261, -0.00183928315528, 0.00525792874396, -0.00155026069842, 0.00211282726377, -0.00137073430233, 0.00241197063588, 0.000951378722675, 0.000999678624794, 0.000789146695752, 0.00283595663495, -0.000294366909657], [0.000501308357343, -0.00213376269676, 0.000550786149688, -0.00155026069842, 0.00432210834697, -0.00170762557536, 0.000280598876998, -0.00287958886474, -0.00154828117229, -0.000352636590833, 0.00241063605063, -0.00363702536561, -0.000152838983922], [-0.00104585767258, 0.00299727194943, -0.00326987844892, 0.00211282726377, -0.00170762557536, 0.00799302663654, -0.000678162556142, -0.000532857899088, 0.000114587484859, 0.00322831608355, -0.00284225284122, 0.000825316645205, -0.0014389535645], [2.50710290857e-05, -0.00145876326133, -0.000227915195865, -0.00137073430233, 0.000280598876998, -0.000678162556142, 0.00739171123132, -0.00144479505252, 0.00228901812807, -0.00250509893522, 0.00181657564826, -0.0042263912037, 0.000779219728429], [-4.48285863968e-05, 0.00183298857883, -0.00053060031496, 0.00241197063588, -0.00287958886474, -0.000532857899088, -0.00144479505252, 0.0145695740357, -0.0010396912694, 5.15913088748e-05, -0.0024719464127, 0.00675505539402, -0.00265837810002], [-0.000813326623756, 0.001571692992, -0.000947335967794, 0.000951378722675, -0.00154828117229, 0.000114587484859, 0.00228901812807, -0.0010396912694, 0.00897950679064, -0.000736519985367, 0.00193678122014, -0.00302064185962, 0.00197950587608], [0.000194998719962, 0.00107942789327, -0.000998807372525, 0.000999678624794, -0.000352636590833, 0.00322831608355, -0.00250509893522, 5.15913088748e-05, -0.000736519985367, 0.0119285807014, -0.00367002654821, 0.0042262324132, -0.00113273912575], [-0.000464271608507, 2.35196384892e-05, -0.000144189150888, 0.000789146695752, 0.00241063605063, -0.00284225284122, 0.00181657564826, -0.0024719464127, 0.00193678122014, -0.00367002654821, 0.0157365780324, -0.00737437279895, 0.00170984910801], [0.000140951829962, 0.00138000852894, -0.000159617557074, 0.00283595663495, -0.00363702536561, 0.000825316645205, -0.0042263912037, 0.00675505539402, -0.00302064185962, 0.0042262324132, -0.00737437279895, 0.0254679359496, -0.0048875240609], [-0.000359071418643, 0.000162599506439, -0.000930441485252, -0.000294366909657, -0.000152838983922, -0.0014389535645, 0.000779219728429, -0.00265837810002, 0.00197950587608, -0.00113273912575, 0.00170984910801, -0.0048875240609, 0.0166007094085]]}, "melbands": {"dmean": [0.0155735621229, 0.00661896681413, 0.00100926624145, 0.000332026713295, 0.000202925351914, 0.000145644531585, 5.02474395034e-05, 3.43809042533e-05, 3.44308173226e-05, 4.9153179134e-05, 0.000109203618194, 5.7188939536e-05, 3.58822107955e-05, 0.000125907099573, 1.65762958204e-05, 1.77777383215e-05, 2.14140454773e-05, 3.18926468026e-05, 1.55846355483e-05, 1.35589889396e-05, 2.30993555306e-05, 1.39530147862e-05, 1.10172668428e-05, 8.22600941319e-06, 6.85696250002e-06, 6.54515633869e-06, 6.55895291857e-06, 1.28460414999e-05, 9.73387886916e-06, 7.05085312802e-06, 6.76241461406e-06, 6.75068076816e-06, 4.75925799037e-06, 3.18744764627e-06, 4.03322246711e-06, 2.49985214396e-06, 2.0396742002e-06, 5.76144543629e-07, 7.14847345762e-08, 1.9907326898e-09], "dmean2": [0.0250120721757, 0.0104211485013, 0.00172021915205, 0.0005472987541, 0.000298382248729, 0.00024262322404, 8.27027251944e-05, 5.12825718033e-05, 5.16242907906e-05, 7.83349532867e-05, 0.000169889826793, 9.12548130145e-05, 5.66900453123e-05, 0.000193472602405, 3.00769042951e-05, 3.25526598317e-05, 3.89878914575e-05, 5.94331031607e-05, 2.79492596746e-05, 2.42884325417e-05, 4.14137539337e-05, 2.5874518542e-05, 2.05394408113e-05, 1.52762640937e-05, 1.26783297674e-05, 1.20561326185e-05, 1.09845286715e-05, 2.22109047172e-05, 1.6686224626e-05, 1.2037671695e-05, 1.17230056276e-05, 1.18187872431e-05, 8.35700848256e-06, 5.33375987288e-06, 7.27016049495e-06, 4.24825111622e-06, 3.57465091838e-06, 9.78179855338e-07, 1.27627473034e-07, 3.15057713252e-09], "dvar": [0.00113336765207, 0.000153901142767, 8.02859085525e-06, 4.80989740481e-07, 1.18795135506e-07, 1.4529513237e-07, 1.44896903365e-08, 5.24576249106e-09, 5.52826673328e-09, 3.4637498203e-08, 8.28568502698e-08, 2.55137688754e-08, 5.6541114013e-09, 9.69540892015e-08, 2.33992292209e-09, 3.55400064933e-09, 4.21331236566e-09, 1.70429217405e-08, 3.98696808901e-09, 2.02585348497e-09, 3.28137783612e-09, 1.78294012887e-09, 1.10185349733e-09, 6.71119382289e-10, 3.94715371499e-10, 4.69934591241e-10, 2.81221379517e-10, 8.37234670481e-10, 4.8957460308e-10, 3.85166176731e-10, 7.43514139145e-10, 5.41053257752e-10, 1.80300663288e-10, 7.90812346163e-11, 1.18349260947e-10, 4.73855225891e-11, 3.68229960412e-11, 2.66661736095e-12, 5.27546722398e-14, 3.82976815027e-17], "dvar2": [0.00267030042596, 0.000354854419129, 1.99454752874e-05, 1.18110119729e-06, 2.82741666524e-07, 4.02051881565e-07, 3.71476112093e-08, 1.20804486414e-08, 1.28970896185e-08, 7.97436712219e-08, 1.82370584412e-07, 5.56504389237e-08, 1.37593101357e-08, 2.32671411027e-07, 6.46739151122e-09, 1.00848067675e-08, 1.16630607394e-08, 4.9070770558e-08, 1.13350395736e-08, 5.66521629608e-09, 9.20824039241e-09, 5.0655879491e-09, 3.14385228961e-09, 1.92481430794e-09, 1.12610809566e-09, 1.35702182824e-09, 7.67809149593e-10, 2.26618523946e-09, 1.26156662894e-09, 1.04452702043e-09, 2.08896677734e-09, 1.52835699652e-09, 4.96964136509e-10, 1.93492541434e-10, 3.23490401133e-10, 1.22356555443e-10, 1.00439823125e-10, 6.95712020979e-12, 1.44804605589e-13, 9.40096788041e-17], "max": [0.329346597195, 0.118483245373, 0.0567648373544, 0.0111347325146, 0.00440800562501, 0.00394443795085, 0.00202713161707, 0.00117237865925, 0.0010557876667, 0.0026531459298, 0.00381363905035, 0.00216909055598, 0.000754616223276, 0.00363751850091, 0.00047850960982, 0.000735951820388, 0.000804836396128, 0.0018677333137, 0.00112136511598, 0.000563795212656, 0.000646782864351, 0.000467640551506, 0.000305520574329, 0.000248220487265, 0.000189582438907, 0.000252421101322, 0.000173560183612, 0.000323953398038, 0.000193594183656, 0.000164674216649, 0.000279367901385, 0.000246364535997, 0.000128574407427, 8.97763311514e-05, 0.000102133635664, 5.71415694139e-05, 5.75166523049e-05, 1.26568611449e-05, 2.04285743166e-06, 6.08932708701e-08], "mean": [0.0288028791547, 0.0153759503737, 0.00250485935248, 0.000940778059885, 0.000482915260363, 0.000298077822663, 0.000107049818325, 8.93789110705e-05, 7.67183228163e-05, 4.96244756505e-05, 0.000112218840513, 6.47001506877e-05, 4.42526725237e-05, 0.000136880305945, 1.30092903419e-05, 1.47850805661e-05, 1.57084195962e-05, 2.11006299651e-05, 1.19563092085e-05, 1.06440029413e-05, 2.14469382627e-05, 8.7737407739e-06, 6.889753422e-06, 5.52554774913e-06, 5.03454157297e-06, 4.94525875183e-06, 5.90926219957e-06, 1.13548076115e-05, 8.09997982287e-06, 6.26210157861e-06, 5.34999890078e-06, 5.31820523975e-06, 3.52183724317e-06, 2.7487690204e-06, 2.78264064946e-06, 1.83470820048e-06, 1.37386041388e-06, 4.15875121007e-07, 4.62162752513e-08, 1.61960689304e-09], "median": [0.0113199949265, 0.0114707034081, 0.00153277814388, 0.000774569518398, 0.000292900396744, 0.00013754311658, 5.2339029935e-05, 3.62669707101e-05, 2.30598161579e-05, 1.29088357426e-05, 2.1772520995e-05, 1.80352071766e-05, 1.48784338307e-05, 2.45020637522e-05, 2.3741069981e-06, 3.06951710627e-06, 2.71809881269e-06, 1.5799924995e-06, 1.69304018982e-06, 2.58892987404e-06, 5.75385456614e-06, 5.67717222566e-07, 4.64268225642e-07, 7.12018845661e-07, 7.95601067693e-07, 9.22264234759e-07, 1.26464055938e-06, 1.64312677953e-06, 1.40698170981e-06, 1.27982866616e-06, 6.85969666847e-07, 7.27043470761e-07, 4.03843870345e-07, 2.2459418858e-07, 1.29857724573e-07, 8.15493947925e-08, 3.74602109332e-08, 1.15169846993e-08, 6.44574060793e-10, 7.04206276625e-11], "min": [1.76225235061e-24, 1.38489620064e-24, 2.53800278201e-24, 1.98965117008e-24, 3.50880755249e-24, 4.88406111186e-24, 3.79238056538e-24, 4.04310264917e-24, 4.14959729365e-24, 1.74917205072e-24, 2.18603335927e-24, 6.46331134031e-24, 4.66899238555e-24, 6.29254267585e-24, 5.25251674144e-24, 5.64531346312e-24, 4.24674788071e-24, 3.39876816153e-24, 4.34810901285e-24, 6.66246440342e-24, 3.40225887104e-24, 4.57733779241e-24, 6.77024962435e-24, 5.84327929058e-24, 6.61954958132e-24, 6.23885201378e-24, 7.3832813224e-24, 4.66604559564e-24, 6.28972447026e-24, 8.0601397563e-24, 8.28639374139e-24, 7.43027534425e-24, 7.96966529908e-24, 6.64048042772e-24, 7.2841017851e-24, 6.52141962344e-24, 6.86724796125e-24, 7.50428864096e-24, 7.47802903915e-24, 9.56405179615e-24], "var": [0.00174314889591, 0.000248340162216, 1.90961491171e-05, 9.64833020589e-07, 3.12281542847e-07, 2.22107217951e-07, 3.21837063666e-08, 2.43371935937e-08, 2.00859542332e-08, 3.43653283608e-08, 9.30345720462e-08, 2.91041644118e-08, 6.2800378231e-09, 1.02105026656e-07, 1.50686751965e-09, 2.22201923528e-09, 2.73929456895e-09, 9.78482894709e-09, 2.42019559948e-09, 1.28793731236e-09, 2.25797647246e-09, 1.03957276121e-09, 6.32394470124e-10, 3.80352443985e-10, 2.3216237266e-10, 2.70135191993e-10, 2.14594994552e-10, 8.61135329711e-10, 3.89942994561e-10, 2.81777545741e-10, 4.73594830019e-10, 3.40724726211e-10, 1.1898253216e-10, 7.49914297327e-11, 7.85619902466e-11, 3.58596451144e-11, 2.45498742862e-11, 1.99262221307e-12, 3.40960881761e-14, 3.30807129363e-17]}, "mfcc": {"mean": [-713.150268555, 154.635314941, 18.0058670044, 61.5467529297, -11.5474729538, 35.5596313477, 4.15391111374, 16.5488319397, 2.53925204277, 11.1853933334, -13.1971588135, 6.60825538635, 4.11142158508], "cov": [[14780.8359375, 1757.3215332, -212.626159668, 1002.87597656, -10.2085542679, 1745.00402832, -349.837463379, 1259.84960938, -153.790039062, 364.870727539, -551.712097168, 569.647583008, -156.689376831], [1757.3215332, 2662.60839844, 370.567840576, 283.893280029, 290.53616333, 300.135528564, 361.071563721, 208.822372437, 250.752609253, -163.003448486, -33.3007659912, -64.7956695557, 58.6036529541], [-212.626159668, 370.567840576, 781.996154785, 10.9291830063, 16.5345783234, 130.994689941, 171.917327881, 12.5360422134, 57.1536827087, -3.93746232986, -89.6154098511, 66.7989654541, 38.4850730896], [1002.87597656, 283.893280029, 10.9291830063, 434.884124756, -1.27606225014, 166.535232544, 17.9143028259, 73.8228988647, 35.434047699, -3.19809055328, -27.7487678528, -18.5104560852, -26.7981243134], [-10.2085542679, 290.53616333, 16.5345783234, -1.27606225014, 359.910186768, 85.9977264404, 36.5809669495, 88.6993484497, 91.0254745483, -10.4918575287, 13.7896795273, -2.42122268677, -24.3012619019], [1745.00402832, 300.135528564, 130.994689941, 166.535232544, 85.9977264404, 420.346008301, 2.90618157387, 239.830947876, 38.1568641663, 35.6037368774, -84.6873168945, 82.3140487671, -0.978670358658], [-349.837463379, 361.071563721, 171.917327881, 17.9143028259, 36.5809669495, 2.90618157387, 231.428085327, -2.84297227859, 63.1138725281, -52.640083313, -29.8055305481, -5.52745389938, 13.6657829285], [1259.84960938, 208.822372437, 12.5360422134, 73.8228988647, 88.6993484497, 239.830947876, -2.84297227859, 269.72567749, 27.5012187958, 24.7197055817, -58.3417625427, 55.2898368835, -2.85237145424], [-153.790039062, 250.752609253, 57.1536827087, 35.434047699, 91.0254745483, 38.1568641663, 63.1138725281, 27.5012187958, 136.293807983, -10.6004981995, 3.9411854744, -25.3613739014, -7.02323007584], [364.870727539, -163.003448486, -3.93746232986, -3.19809055328, -10.4918575287, 35.6037368774, -52.640083313, 24.7197055817, -10.6004981995, 107.000450134, 10.0720787048, 35.4457054138, -11.412938118], [-551.712097168, -33.3007659912, -89.6154098511, -27.7487678528, 13.7896795273, -84.6873168945, -29.8055305481, -58.3417625427, 3.9411854744, 10.0720787048, 125.170593262, -35.4021224976, -1.10775756836], [569.647583008, -64.7956695557, 66.7989654541, -18.5104560852, -2.42122268677, 82.3140487671, -5.52745389938, 55.2898368835, -25.3613739014, 35.4457054138, -35.4021224976, 106.719810486, 17.0918750763], [-156.689376831, 58.6036529541, 38.4850730896, -26.7981243134, -24.3012619019, -0.978670358658, 13.6657829285, -2.85237145424, -7.02323007584, -11.412938118, -1.10775756836, 17.0918750763, 92.1255187988]], "icov": [[0.000474126398331, -0.000544126261957, 0.000523648399394, -0.000362965947716, 0.000477051828057, -0.000845641596243, 0.000751038140152, -0.000511701102369, 0.000737032562029, -0.00103994493838, 0.001190203242, -0.00153671333101, 0.00104457989801], [-0.000544126261957, 0.00131677673198, -0.000744776974898, 0.000171693929587, -0.000768827623688, 0.000669814937282, -0.00152690662071, 0.000259481254034, -0.00126551953144, 0.00185435684398, -0.00174305774271, 0.00222382880747, -0.00166348007042], [0.000523648399394, -0.000744776974898, 0.00249283527955, -0.000160050258273, 0.000607335940003, -0.0017203980824, -0.00028626981657, 0.000493752129842, 0.000447969359811, -0.00171636650339, 0.00222042342648, -0.00247777719051, 0.000784077565186], [-0.000362965947716, 0.000171693929587, -0.000160050258273, 0.00345518020913, 0.000247920048423, -0.00108882109635, -0.000674251758028, 0.000853423553053, -0.000744485936593, 0.000650537142064, -0.00076502392767, 0.00244900141843, 8.59162319102e-05], [0.000477051828057, -0.000768827623688, 0.000607335940003, 0.000247920048423, 0.0044205696322, -0.00121297058649, 0.000867785769515, -0.00144526164513, -0.00138504477218, -0.00039289763663, 0.000129568550619, -0.00204896135256, 0.00232601049356], [-0.000845641596243, 0.000669814937282, -0.0017203980824, -0.00108882109635, -0.00121297058649, 0.00848302990198, -9.6506853879e-05, -0.00348334363662, -0.00193771277554, 0.00124970276374, -0.000797838612925, 0.000189437763765, -0.00182343437336], [0.000751038140152, -0.00152690662071, -0.00028626981657, -0.000674251758028, 0.000867785769515, -9.6506853879e-05, 0.00858246069402, -0.000754950684495, -0.00105388008524, 0.000620242557488, 0.00303795957007, -0.00368411536328, 0.00182007916737], [-0.000511701102369, 0.000259481254034, 0.000493752129842, 0.000853423553053, -0.00144526164513, -0.00348334363662, -0.000754950684495, 0.00925652403384, -0.00101081270259, 0.000237405052758, 0.000455709407106, 0.000564950576518, -0.00116002862342], [0.000737032562029, -0.00126551953144, 0.000447969359811, -0.000744485936593, -0.00138504477218, -0.00193771277554, -0.00105388008524, -0.00101081270259, 0.0126617634669, -0.0032696928829, 0.0013748992933, 0.00108802109025, 0.00176887854468], [-0.00103994493838, 0.00185435684398, -0.00171636650339, 0.000650537142064, -0.00039289763663, 0.00124970276374, 0.000620242557488, 0.000237405052758, -0.0032696928829, 0.0159747116268, -0.00551146268845, -0.00105342117604, -0.000358232588042], [0.001190203242, -0.00174305774271, 0.00222042342648, -0.00076502392767, 0.000129568550619, -0.000797838612925, 0.00303795957007, 0.000455709407106, 0.0013748992933, -0.00551146268845, 0.0145177189261, -0.00165748479776, 0.00147629994899], [-0.00153671333101, 0.00222382880747, -0.00247777719051, 0.00244900141843, -0.00204896135256, 0.000189437763765, -0.00368411536328, 0.000564950576518, 0.00108802109025, -0.00105342117604, -0.00165748479776, 0.0212858729064, -0.00627195416018], [0.00104457989801, -0.00166348007042, 0.000784077565186, 8.59162319102e-05, 0.00232601049356, -0.00182343437336, 0.00182007916737, -0.00116002862342, 0.00176887854468, -0.000358232588042, 0.00147629994899, -0.00627195416018, 0.0149471731856]]}, "spectral_contrast_coeffs": {"dmean": [0.0381010398269, 0.0382953025401, 0.0442638061941, 0.029568547383, 0.0325239561498, 0.0319605134428], "dmean2": [0.061521358788, 0.0620148405433, 0.0686049312353, 0.0484238937497, 0.0517814159393, 0.0490340664983], "dvar": [0.00126490474213, 0.00119119812734, 0.00144794175867, 0.000622450490482, 0.000803991919383, 0.00118965329602], "dvar2": [0.00330776255578, 0.00307135516778, 0.00319507345557, 0.00161924806889, 0.00204650848173, 0.00274250190705], "max": [-0.45985275507, -0.485816180706, -0.550784945488, -0.670684456825, -0.651215910912, -0.458915859461], "mean": [-0.66390812397, -0.718228816986, -0.759070694447, -0.811643064022, -0.800381839275, -0.635642051697], "median": [-0.662356138229, -0.717735648155, -0.762271881104, -0.813528239727, -0.805540084839, -0.633041858673], "min": [-0.972196817398, -0.98135727644, -0.972280681133, -0.962605774403, -0.962839245796, -0.961861014366], "var": [0.00464584864676, 0.00500554125756, 0.00472581805661, 0.00179993233178, 0.00200683041476, 0.00451478455216]}, "spectral_contrast_valleys": {"dmean": [0.321110635996, 0.381419062614, 0.473228693008, 0.627979934216, 0.620224297047, 0.743327379227], "dmean2": [0.502953112125, 0.601039350033, 0.754108071327, 0.965767323971, 0.873368740082, 0.945164740086], "dvar": [0.264721512794, 0.452923685312, 0.446683377028, 0.661333620548, 0.674726724625, 0.566533505917], "dvar2": [0.400517165661, 0.659852564335, 0.755340576172, 1.268356