{"lowlevel": {"average_loudness": 0.96521115303, "barkbands_crest": {"dmean": 2.41264271736, "dmean2": 3.91104769707, "dvar": 6.83878183365, "dvar2": 16.7430953979, "max": 25.4860496521, "mean": 11.9895334244, "median": 11.1649312973, "min": 2.8968629837, "var": 22.2577667236}, "barkbands_flatness_db": {"dmean": 0.0417631268501, "dmean2": 0.0561062395573, "dvar": 0.00187347456813, "dvar2": 0.00372169469483, "max": 0.728299081326, "mean": 0.239861473441, "median": 0.213042214513, "min": 0.0340637899935, "var": 0.0165900830179}, "barkbands_kurtosis": {"dmean": 6.47072887421, "dmean2": 9.1959733963, "dvar": 293.697052002, "dvar2": 456.35369873, "max": 828.670837402, "mean": 13.3626070023, "median": 6.47921943665, "min": -1.68430769444, "var": 909.9375}, "barkbands_skewness": {"dmean": 0.773169219494, "dmean2": 1.11477804184, "dvar": 0.716906309128, "dvar2": 1.54135608673, "max": 21.0569801331, "mean": 2.37584352493, "median": 2.15891075134, "min": -1.97159945965, "var": 2.69279360771}, "barkbands_spread": {"dmean": 4.73241090775, "dmean2": 6.2425198555, "dvar": 31.9960098267, "dvar2": 51.4975318909, "max": 115.252655029, "mean": 14.3593978882, "median": 9.48198223114, "min": 0.0969199463725, "var": 271.970184326}, "dissonance": {"dmean": 0.0313376113772, "dmean2": 0.0468462221324, "dvar": 0.000907171634026, "dvar2": 0.0020095363725, "max": 0.499984949827, "mean": 0.415796995163, "median": 0.442178994417, "min": 0.0411475710571, "var": 0.00768884876743}, "dynamic_complexity": 4.16763973236, "erbbands_crest": {"dmean": 2.38935184479, "dmean2": 3.40100717545, "dvar": 6.37612199783, "dvar2": 12.2203378677, "max": 31.1766033173, "mean": 11.2764606476, "median": 9.33149719238, "min": 2.67146706581, "var": 42.7149009705}, "erbbands_flatness_db": {"dmean": 0.0275557544082, "dmean2": 0.0333314947784, "dvar": 0.000647071399726, "dvar2": 0.00114441581536, "max": 0.672074019909, "mean": 0.210775539279, "median": 0.177632048726, "min": 0.0823169499636, "var": 0.0124578103423}, "erbbands_kurtosis": {"dmean": 1.74654865265, "dmean2": 2.5254676342, "dvar": 43.7337379456, "dvar2": 84.7275161743, "max": 294.73260498, "mean": 3.00324058533, "median": -0.0427889823914, "min": -1.84058213234, "var": 253.000198364}, "erbbands_skewness": {"dmean": 0.426842153072, "dmean2": 0.575556576252, "dvar": 0.174671784043, "dvar2": 0.309668779373, "max": 13.7486000061, "mean": 0.752286374569, "median": 0.553354859352, "min": -2.13898921013, "var": 2.053814888}, "erbbands_spread": {"dmean": 11.3518629074, "dmean2": 15.2365007401, "dvar": 122.891418457, "dvar2": 217.881408691, "max": 117.424797058, "mean": 38.4568023682, "median": 34.9361038208, "min": 0.37900274992, "var": 478.572723389}, "hfc": {"dmean": 8.74913787842, "dmean2": 13.8120965958, "dvar": 363.556854248, "dvar2": 986.220825195, "max": 151.064605713, "mean": 13.3835439682, "median": 8.14354038239, "min": 1.34850722588e-07, "var": 336.20425415}, "melbands_crest": {"dmean": 2.98134303093, "dmean2": 4.82843780518, "dvar": 11.0937185287, "dvar2": 28.565984726, "max": 34.8947601318, "mean": 16.8187446594, "median": 15.8824539185, "min": 2.9664876461, "var": 36.5201721191}, "melbands_flatness_db": {"dmean": 0.0504487603903, "dmean2": 0.0680853128433, "dvar": 0.00272860168479, "dvar2": 0.00555165996775, "max": 0.836740911007, "mean": 0.320494115353, "median": 0.297472834587, "min": 0.0289092920721, "var": 0.0219431947917}, "melbands_kurtosis": {"dmean": 15.3751487732, "dmean2": 21.5186710358, "dvar": 670.428588867, "dvar2": 1325.40222168, "max": 833.752990723, "mean": 33.0704040527, "median": 16.0084342957, "min": -1.44521248341, "var": 4174.92138672}, "melbands_skewness": {"dmean": 1.11072468758, "dmean2": 1.57874822617, "dvar": 1.32335722446, "dvar2": 2.84763622284, "max": 21.631772995, "mean": 3.73851799965, "median": 3.23749065399, "min": -1.61205601692, "var": 6.35946655273}, "melbands_spread": {"dmean": 4.86515760422, "dmean2": 7.19233560562, "dvar": 52.4975700378, "dvar2": 101.412872314, "max": 217.960662842, "mean": 14.6057138443, "median": 8.313331604, "min": 0.188847720623, "var": 762.129882812}, "pitch_salience": {"dmean": 0.076339378953, "dmean2": 0.120991364121, "dvar": 0.00731212645769, "dvar2": 0.0191584993154, "max": 0.891687810421, "mean": 0.466166496277, "median": 0.465833574533, "min": 0.0393948070705, "var": 0.0206476077437}, "silence_rate_20dB": {"dmean": 0, "dmean2": 0, "dvar": 0, "dvar2": 0, "max": 1, "mean": 1, "median": 1, "min": 1, "var": 0}, "silence_rate_30dB": {"dmean": 0.00388726918027, "dmean2": 0.00777831813321, "dvar": 0.00387216568924, "dvar2": 0.0106346346438, "max": 1, "mean": 0.997571647167, "median": 1, "min": 0, "var": 0.00242241751403}, "silence_rate_60dB": {"dmean": 0.0145772593096, "dmean2": 0.0286825466901, "dvar": 0.014364249073, "dvar2": 0.0346666760743, "max": 1, "mean": 0.106362313032, "median": 0, "min": 0, "var": 0.0950505360961}, "spectral_centroid": {"dmean": 254.936035156, "dmean2": 342.375366211, "dvar": 95354.1953125, "dvar2": 157734.6875, "max": 4288.96240234, "mean": 906.065429688, "median": 638.647888184, "min": 163.480377197, "var": 511265.375}, "spectral_complexity": {"dmean": 5.11370277405, "dmean2": 6.54059314728, "dvar": 53.5299758911, "dvar2": 86.2311172485, "max": 65, "mean": 12.5643520355, "median": 9, "min": 0, "var": 129.511779785}, "spectral_decrease": {"dmean": 3.55066043234e-09, "dmean2": 5.7808624554e-09, "dvar": 3.04205894219e-17, "dvar2": 7.51344958692e-17, "max": 1.56555335678e-18, "mean": -8.19076362291e-09, "median": -7.1466788043e-09, "min": -4.32912230508e-08, "var": 4.83857777301e-17}, "spectral_energy": {"dmean": 0.0140806017444, "dmean2": 0.0229543279856, "dvar": 0.000490802689455, "dvar2": 0.00121794664301, "max": 0.165579810739, "mean": 0.0321277342737, "median": 0.0283117480576, "min": 1.13770702928e-11, "var": 0.000749680155423}, "spectral_energyband_high": {"dmean": 0.000352682516677, "dmean2": 0.000470072147436, "dvar": 5.10350901095e-07, "dvar2": 1.10751875582e-06, "max": 0.00660262722522, "mean": 0.000464956858195, "median": 8.74683100847e-05, "min": 9.14733306462e-12, "var": 8.54192307997e-07}, "spectral_energyband_low": {"dmean": 0.00771091599017, "dmean2": 0.0123265990987, "dvar": 0.00014103227295, "dvar2": 0.000335486227414, "max": 0.127230122685, "mean": 0.0166636556387, "median": 0.0121272988617, "min": 9.21740982152e-13, "var": 0.000299281615298}, "spectral_energyband_middle_high": {"dmean": 0.00345124653541, "dmean2": 0.0060270302929, "dvar": 8.58872954268e-05, "dvar2": 0.000241571033257, "max": 0.0686822757125, "mean": 0.00328049203381, "median": 0.00111990212463, "min": 7.70897234936e-13, "var": 5.72368153371e-05}, "spectral_energyband_middle_low": {"dmean": 0.00612845784053, "dmean2": 0.0099746407941, "dvar": 0.000109041648102, "dvar2": 0.000281536136754, "max": 0.0829757750034, "mean": 0.0134730217978, "median": 0.00896456930786, "min": 1.88203470278e-13, "var": 0.000166854893905}, "spectral_entropy": {"dmean": 0.407345503569, "dmean2": 0.535368978977, "dvar": 0.207595169544, "dvar2": 0.380320221186, "max": 8.98560428619, "mean": 6.75381565094, "median": 7.0670466423, "min": 2.43431067467, "var": 1.57470345497}, "spectral_flux": {"dmean": 0.0425938442349, "dmean2": 0.0667178034782, "dvar": 0.00299722119235, "dvar2": 0.0067165712826, "max": 0.349620938301, "mean": 0.0749787390232, "median": 0.0531908199191, "min": 6.07358924753e-06, "var": 0.00469005061314}, "spectral_kurtosis": {"dmean": 10.2446517944, "dmean2": 16.6009178162, "dvar": 660.52557373, "dvar2": 1862.28833008, "max": 393.310241699, "mean": 19.6811332703, "median": 3.89149141312, "min": 0.325219392776, "var": 2170.36621094}, "spectral_rms": {"dmean": 0.00112179061398, "dmean2": 0.00175611686427, "dvar": 2.57624060396e-06, "dvar2": 5.83278369959e-06, "max": 0.0127098886296, "mean": 0.00494423275813, "median": 0.00525558926165, "min": 1.05354544644e-07, "var": 6.89860598868e-06}, "spectral_rolloff": {"dmean": 319.493438721, "dmean2": 535.12878418, "dvar": 405780.875, "dvar2": 921389.6875, "max": 18367.8222656, "mean": 1018.27618408, "median": 452.197265625, "min": 86.1328125, "var": 6293721}, "spectral_skewness": {"dmean": 0.764616906643, "dmean2": 1.09266901016, "dvar": 0.860405087471, "dvar2": 2.25356149673, "max": 16.9072341919, "mean": 2.45183753967, "median": 1.54127860069, "min": 0.288417518139, "var": 6.57283306122}, "spectral_spread": {"dmean": 587510, "dmean2": 768051.625, "dvar": 265345187840, "dvar2": 436963999744, "max": 14207757, "mean": 3837328.75, "median": 3868675, "min": 293883.90625, "var": 4057232310270.0}, "spectral_strongpeak": {"dmean": 0.229393333197, "dmean2": 0.383013337851, "dvar": 0.106264561415, "dvar2": 0.24312120676, "max": 3.62971663475, "mean": 0.664276659489, "median": 0.513472318649, "min": 0, "var": 0.32086288929}, "zerocrossingrate": {"dmean": 0.00813256390393, "dmean2": 0.00850160047412, "dvar": 0.000100777695479, "dvar2": 0.000102494603198, "max": 0.63330078125, "mean": 0.0433012284338, "median": 0.02734375, "min": 0.0029296875, "var": 0.00663898466155}, "barkbands": {"dmean": [4.36330046796e-05, 0.00420582620427, 0.00371158868074, 0.0017232549144, 0.00209549022838, 0.00137167179491, 0.00101290433668, 0.00049890083028, 0.000831293989904, 0.000943195947912, 0.000516393629368, 0.000431152497185, 0.000597980746534, 0.00023932629847, 0.000243098969804, 0.000263614667347, 0.000181435389095, 0.000136441303766, 0.000170289116795, 0.00016239641991, 0.000125977050629, 7.25569116184e-05, 4.46872800239e-05, 1.6984909962e-05, 7.09688492861e-06, 1.77416427505e-06, 4.68520937602e-07], "dmean2": [7.45920842746e-05, 0.00680514751002, 0.00611942866817, 0.00289324531332, 0.00330859306268, 0.00213315431029, 0.00175076723099, 0.000815618317574, 0.00147014681716, 0.00170134776272, 0.000912813760806, 0.000784623844083, 0.00110964023042, 0.000414978596382, 0.000426779792178, 0.0004266971373, 0.000321808038279, 0.000217524895561, 0.000264482805505, 0.000241614718107, 0.000180312461453, 8.73452008818e-05, 5.93555196247e-05, 2.28118587984e-05, 9.47475382418e-06, 2.85028249891e-06, 8.69492112088e-07], "dvar": [9.6815657713e-09, 4.40686453658e-05, 4.63693031634e-05, 9.27692690311e-06, 2.10564812733e-05, 8.57736995385e-06, 6.23862752036e-06, 1.05216713564e-06, 5.56243958272e-06, 6.71581756251e-06, 2.04442881113e-06, 1.41157863709e-06, 4.15224849348e-06, 4.88081127514e-07, 5.16302350206e-07, 4.17079036197e-07, 2.48233021694e-07, 9.22688698779e-08, 1.9588850364e-07, 1.22961594684e-07, 8.40906082544e-08, 1.85541466635e-08, 7.27376692211e-09, 1.03042774313e-09, 1.90625959462e-10, 1.98271191132e-11, 2.16690055656e-12], "dvar2": [2.56622225692e-08, 0.000105340222945, 0.000113904534373, 2.366283843e-05, 5.14933926752e-05, 2.11170317925e-05, 1.59254868777e-05, 2.73131013273e-06, 1.56236383191e-05, 1.89004458662e-05, 5.83197470405e-06, 3.98793918066e-06, 1.19054921015e-05, 1.38887958201e-06, 1.44096657095e-06, 1.12020507004e-06, 6.97452946952e-07, 2.29460354717e-07, 5.03031515109e-07, 3.09472966364e-07, 2.21275783474e-07, 2.69898983163e-08, 1.3063786497e-08, 1.77038050886e-09, 3.4959671269e-10, 5.13721704065e-11, 6.22769977948e-12], "max": [0.00133343669586, 0.0836901515722, 0.0722233653069, 0.0286996606737, 0.0471027567983, 0.0398099645972, 0.0360392071307, 0.0273212026805, 0.0219517312944, 0.0254214014858, 0.0137305930257, 0.00911855231971, 0.017879832536, 0.00620737439021, 0.00583168957382, 0.0066317981109, 0.00419231038541, 0.00250955135562, 0.00511605059728, 0.00323768542148, 0.00299431569874, 0.00168913567904, 0.000884482462425, 0.000297241669614, 0.00014736848243, 4.03102239943e-05, 1.50640171341e-05], "mean": [3.5888140701e-05, 0.008156680502, 0.00686895148829, 0.00297727365978, 0.00401221076027, 0.00337230344303, 0.00129411509261, 0.000837344559841, 0.000698856834788, 0.00085594470147, 0.000503662216943, 0.00031849250081, 0.000411332759541, 0.000226797230425, 0.000185448880075, 0.000310807779897, 0.000152060340042, 0.000156486290507, 0.000205648248084, 0.000193927029613, 0.000159356844961, 9.95118898572e-05, 5.80308769713e-05, 2.47297994065e-05, 9.49655895965e-06, 2.10205666917e-06, 3.4174411212e-07], "median": [7.83627911005e-06, 0.00428579002619, 0.00312272459269, 0.00162741099484, 0.00195852969773, 0.000964348495472, 0.000102633697679, 0.000253076839726, 0.000107448206109, 0.000117791700177, 0.000102191021142, 3.65599807992e-05, 3.04646164295e-05, 6.68847133056e-05, 1.65321052918e-05, 0.00013950302673, 1.93985761143e-05, 2.15770305658e-05, 3.65111736755e-05, 3.57069729944e-05, 3.03753313347e-05, 1.67313210113e-05, 1.25670376292e-05, 4.00254702981e-06, 1.5100578139e-06, 4.03174936991e-07, 6.51380887007e-08], "min": [6.10865958511e-13, 3.55835322416e-14, 6.6547295967e-15, 1.45242306477e-15, 2.77902802495e-14, 1.92079035647e-14, 5.05839394013e-15, 1.67243606117e-15, 2.42511055454e-14, 2.94645628425e-14, 2.68349524459e-14, 3.59745599195e-14, 2.51992166283e-14, 2.67372116201e-14, 2.31304487689e-14, 2.79777523577e-14, 9.32670688727e-14, 7.91071581071e-14, 1.26162670805e-13, 3.130231263e-13, 8.89290607841e-14, 1.84514472386e-13, 4.23251792772e-13, 3.5589006785e-13, 1.27477379781e-12, 2.31636281336e-12, 4.54086638083e-12], "var": [7.38307459613e-09, 0.000102066878753, 8.53336750879e-05, 1.4258790543e-05, 3.25653891196e-05, 3.42134553648e-05, 1.25142169054e-05, 4.38992310592e-06, 3.57993621947e-06, 4.46192598247e-06, 1.35528091505e-06, 8.77569050317e-07, 2.40374697569e-06, 3.13216645509e-07, 3.44272677921e-07, 3.49538453293e-07, 1.81080224593e-07, 1.15510438548e-07, 2.2921649645e-07, 1.53247171397e-07, 1.06347826545e-07, 4.34449063391e-08, 1.34357245329e-08, 2.23469864835e-09, 3.77174208532e-10, 2.03798956877e-11, 1.30796989992e-12]}, "erbbands": {"dmean": [0.0588077716529, 1.15994918346, 4.09511899948, 5.05035018921, 8.39514636993, 4.70130300522, 7.59135723114, 13.0460500717, 13.6630935669, 14.9875822067, 10.0049352646, 19.4759178162, 26.1681938171, 25.4867286682, 21.7426261902, 18.9581832886, 28.9786777496, 12.7671995163, 11.268327713, 13.8694381714, 14.0377092361, 10.4681711197, 7.56966876984, 8.6059513092, 8.19766426086, 8.17539978027, 6.83649587631, 3.65777873993, 2.49676799774, 1.94736981392, 1.19624483585, 0.450899332762, 0.247337237, 0.119775049388, 0.0333135090768, 0.00897373817861, 0.00336397485808, 0.000729678664356, 8.34012316773e-05, 1.8830085537e-05], "dmean2": [0.0949093624949, 1.88116180897, 6.73970746994, 8.18733596802, 13.5741014481, 7.63364839554, 11.5819139481, 20.7032489777, 22.8886756897, 24.9763202667, 16.7105808258, 34.5059013367, 46.4046363831, 46.2682113647, 38.3088302612, 34.5327262878, 53.8307762146, 21.9462127686, 20.0502662659, 23.1408748627, 23.6380825043, 18.4348125458, 11.886920929, 13.2318811417, 12.7931509018, 12.092918396, 10.6236972809, 4.85732507706, 3.15912985802, 2.53132581711, 1.58398735523, 0.644554972649, 0.306759506464, 0.152902677655, 0.047137029469, 0.013937599957, 0.00545821897686, 0.00130295788404, 0.000151360189193, 3.1189290894e-05], "dvar": [0.00891459081322, 3.46733808517, 56.3747673035, 62.0801124573, 389.787963867, 94.8341827393, 345.771057129, 925.088500977, 1076.87060547, 1356.20703125, 363.407653809, 2986.4140625, 4357.87695312, 4651.02880859, 3536.33105469, 2721.86889648, 10499.1201172, 1158.66577148, 1126.63842773, 1263.02844238, 1564.84313965, 837.828857422, 335.741271973, 328.538513184, 430.315185547, 290.88394165, 355.647064209, 42.9672813416, 21.9505882263, 14.1830358505, 5.04775285721, 0.816740989685, 0.210688069463, 0.0551791004837, 0.00451652193442, 0.000438163522631, 7.17072907719e-05, 4.85440841658e-06, 6.9584864093e-08, 1.09724485053e-09], "dvar2": [0.0214293841273, 8.25443744659, 137.648834229, 151.58821106, 969.814819336, 238.554168701, 747.249023438, 2273.61523438, 2674.41552734, 3440.20556641, 941.257995605, 8412.15722656, 11965.7548828, 13044.9990234, 10101.5644531, 7710.99414062, 30178.8378906, 3259.26220703, 3199.69116211, 3450.19262695, 4225.28710938, 2350, 859.516906738, 820.608703613, 1097.06555176, 706.064147949, 993.310424805, 74.5006790161, 31.6660614014, 25.9923992157, 8.5516500473, 1.68638372421, 0.271241188049, 0.083153732121, 0.00928267464042, 0.00105241907295, 0.000189803206013, 1.38939867611e-05, 1.99530717282e-07, 2.84714207766e-09], "max": [1.49091601372, 23.0094947815, 79.3275985718, 65.1866073608, 240.80355835, 98.0082015991, 321.710754395, 436.907989502, 544.726379395, 835.761901855, 202.935928345, 550.851013184, 566.889709473, 529.422790527, 528.838745117, 379.398590088, 912.426269531, 277.507202148, 266.294677734, 312.151916504, 400.63583374, 253.018051147, 161.226623535, 192.884124756, 231.900314331, 147.319824219, 191.469589233, 72.125541687, 52.0934295654, 40.4856987, 23.2069244385, 7.55783510208, 5.48401403427, 2.86107969284, 0.554914355278, 0.183060273528, 0.0787382572889, 0.0203382689506, 0.00305229495279, 0.000243872054853], "mean": [0.110570698977, 2.27661514282, 7.74243879318, 9.59721374512, 14.0536317825, 8.9517250061, 21.7579402924, 28.9553375244, 18.9685935974, 23.370010376, 13.645157814, 17.5959186554, 23.7331905365, 21.9724121094, 22.2265968323, 14.4859390259, 20.0075283051, 12.4727182388, 8.99540042877, 14.0968513489, 13.9133710861, 8.79497623444, 8.09294986725, 11.0233182907, 9.55124473572, 9.72510433197, 7.6404747963, 5.38076496124, 3.52287268639, 2.49058675766, 1.58034026623, 0.621017575264, 0.361902952194, 0.165044948459, 0.0436643250287, 0.0112116392702, 0.00390591751784, 0.000650931498967, 7.61115006753e-05, 3.88710141124e-05], "median": [0.0518840067089, 1.18042516708, 3.90160298347, 5.10229969025, 6.14358949661, 4.13004302979, 4.97190952301, 7.51646137238, 3.29200959206, 3.35282301903, 4.80454874039, 3.81909871101, 3.99294281006, 3.20710945129, 5.01355266571, 2.17165994644, 1.73639237881, 4.07873630524, 1.738022089, 5.3412065506, 5.20989465714, 1.09900188446, 1.20100188255, 2.23110890388, 1.47787082195, 1.86801290512, 1.0982606411, 1.14023208618, 0.565242826939, 0.506167590618, 0.34148851037, 0.107508979738, 0.0612322464585, 0.0253367591649, 0.00691100535914, 0.00195100461133, 0.000801171176136, 0.00014501507394, 2.88539231406e-05, 3.40386031894e-05], "min": [2.54652774562e-11, 3.62976554195e-12, 4.77657843834e-12, 1.10526665945e-11, 2.99226650402e-11, 8.57752827099e-11, 9.77265768309e-11, 1.45063322465e-10, 1.13671468072e-10, 2.54814329359e-11, 7.04732522339e-11, 5.33647126488e-10, 1.00632757682e-09, 8.57936222065e-10, 1.40345346455e-09, 1.32129651664e-09, 1.0170899678e-09, 1.66280511582e-09, 1.3012074751e-09, 9.52616319161e-10, 2.59423682536e-09, 5.433423933e-09, 3.14974291094e-09, 9.16137476992e-09, 6.59963950156e-09, 1.65053162249e-08, 4.00770661102e-09, 3.53822837695e-09, 5.82814552175e-09, 1.00428039218e-08, 1.1674249123e-08, 1.02095158994e-08, 4.98131136339e-09, 9.75132952163e-09, 1.10945501675e-08, 7.69876784545e-09, 4.64904958974e-09, 2.94540281054e-09, 7.70777164316e-10, 4.45058920273e-11], "var": [0.0259484183043, 7.73097372055, 104.000099182, 122.531837463, 541.476928711, 158.476669312, 1787.15344238, 3578.20068359, 2193.39892578, 4439.50439453, 525.042785645, 1958.96765137, 3276.96044922, 3024.80810547, 2392.5300293, 1692.40893555, 6031.32763672, 784.665527344, 706.952575684, 968.24029541, 1162.69726562, 617.79864502, 353.00189209, 471.446624756, 514.807983398, 383.319610596, 341.481384277, 99.3847198486, 52.2138557434, 26.3064670563, 9.79981136322, 1.41369223595, 0.517990589142, 0.123693406582, 0.00763137405738, 0.000548135081772, 6.96306160535e-05, 3.21392963087e-06, 4.29762927467e-08, 1.28186039561e-09]}, "gfcc": {"mean": [-106.682418823, 131.128295898, -102.207122803, 30.4356327057, -47.8876876831, 5.04284667969, -28.3978691101, -3.82411718369, -15.2931499481, -3.56558084488, -15.5184774399, -7.63477325439, -6.71586847305], "cov": [[49370.78125, 2073.81884766, -2542.05908203, 6994.76855469, -1045.37817383, 1621.20056152, -116.988327026, -234.038116455, -1888.80249023, -1256.6619873, -408.861572266, 475.38192749, 372.530578613], [2073.81884766, 3190.02954102, -218.583068848, -1132.61499023, 671.489685059, -392.4815979, -266.062286377, -480.893127441, 206.272445679, -222.704467773, -169.157150269, -240.435913086, 210.810058594], [-2542.05908203, -218.583068848, 657.507995605, 100.344718933, 80.9675521851, 49.3243522644, 118.977340698, 30.5825195312, 88.1850357056, 56.5863227844, 63.8231048584, 21.425195694, 7.05582237244], [6994.76855469, -1132.61499023, 100.344718933, 2383.33544922, -109.552154541, 563.000183105, 147.975372314, 158.882766724, -403.229919434, -153.985580444, -21.7016906738, 164.327301025, 41.8765487671], [-1045.37817383, 671.489685059, 80.9675521851, -109.552154541, 864.760253906, 26.3338947296, -129.018539429, -150.233505249, 98.4575195312, -53.1185684204, -146.900344849, -105.209564209, 101.429771423], [1621.20056152, -392.4815979, 49.3243522644, 563.000183105, 26.3338947296, 294.161499023, 92.9081954956, 60.2657546997, -99.7664718628, -12.906255722, 8.07052898407, 63.4577102661, 11.0675086975], [-116.988327026, -266.062286377, 118.977340698, 147.975372314, -129.018539429, 92.9081954956, 196.041122437, 114.470085144, -6.46796607971, 22.3955860138, 81.753074646, 34.148399353, -25.8597507477], [-234.038116455, -480.893127441, 30.5825195312, 158.882766724, -150.233505249, 60.2657546997, 114.470085144, 177.377456665, 16.0382575989, 52.2467498779, 46.9497909546, 29.9466247559, -63.611366272], [-1888.80249023, 206.272445679, 88.1850357056, -403.229919434, 98.4575195312, -99.7664718628, -6.46796607971, 16.0382575989, 195.966842651, 87.2903213501, 3.88243675232, -74.566947937, -30.6657772064], [-1256.6619873, -222.704467773, 56.5863227844, -153.985580444, -53.1185684204, -12.906255722, 22.3955860138, 52.2467498779, 87.2903213501, 119.945129395, 55.4133987427, -15.602478981, -61.729133606], [-408.861572266, -169.157150269, 63.8231048584, -21.7016906738, -146.900344849, 8.07052898407, 81.753074646, 46.9497909546, 3.88243675232, 55.4133987427, 115.628265381, 46.0826568604, -33.8066749573], [475.38192749, -240.435913086, 21.425195694, 164.327301025, -105.209564209, 63.4577102661, 34.148399353, 29.9466247559, -74.566947937, -15.602478981, 46.0826568604, 117.463737488, 34.0787963867], [372.530578613, 210.810058594, 7.05582237244, 41.8765487671, 101.429771423, 11.0675086975, -25.8597507477, -63.611366272, -30.6657772064, -61.729133606, -33.8066749573, 34.0787963867, 118.477752686]], "icov": [[0.000431852036854, -0.0013456203742, 0.00120924122166, -0.00137795787305, 0.00101357558742, -0.00127901067026, 0.000332801893819, -0.000534576480277, 0.00106307573151, -0.000768423138652, 0.00118992326315, -0.00136886071414, 0.00109688390512], [-0.0013456203742, 0.00543879065663, -0.0032240122091, 0.00439431564882, -0.0033524397295, 0.00402945280075, -0.0013713913504, 0.00413061538711, -0.0060501457192, 0.00626415992156, -0.00555323949084, 0.00547398766503, -0.00385676696897], [0.00120924122166, -0.0032240122091, 0.00597008457407, -0.0043748668395, 0.00239422824234, -0.0028378367424, -0.00178610673174, 0.00165062432643, -0.000369220389985, -0.00150716956705, 0.00311943772249, -0.00532403588295, 0.00337753817439], [-0.00137795787305, 0.00439431564882, -0.0043748668395, 0.00566031318158, -0.0031577271875, 0.00219360901974, 0.000349943438778, -9.69891407294e-05, -0.00156709318981, 0.00379470339976, -0.0046827737242, 0.00591659825295, -0.00417009042576], [0.00101357558742, -0.0033524397295, 0.00239422824234, -0.0031577271875, 0.00466808769852, -0.004673499614, 0.00197103014216, -0.000976905226707, 0.00110890204087, -0.00126625027042, 0.00376184121706, -0.0019343966851, 0.00135458889417], [-0.00127901067026, 0.00402945280075, -0.0028378367424, 0.00219360901974, -0.004673499614, 0.0139718754217, -0.0082012405619, 0.00460744230077, -0.000710050284397, -0.0045515676029, 0.0024586583022, -0.00111813796684, -0.00190693244804], [0.000332801893819, -0.0013713913504, -0.00178610673174, 0.000349943438778, 0.00197103014216, -0.0082012405619, 0.0208121798933, -0.0141528937966, 0.0018531329697, 0.00895917136222, -0.0147675629705, 0.00881534069777, -0.00420296192169], [-0.000534576480277, 0.00413061538711, 0.00165062432643, -9.69891407294e-05, -0.000976905226707, 0.00460744230077, -0.0141528937966, 0.0253678318113, -0.0129699977115, 0.00211639492773, 0.00569445965812, -0.00739463232458, 0.00670160772279], [0.00106307573151, -0.0060501457192, -0.000369220389985, -0.00156709318981, 0.00110890204087, -0.000710050284397, 0.0018531329697, -0.0129699977115, 0.0290482845157, -0.0215910039842, 0.00811113510281, 0.00257227406837, -0.00159993907437], [-0.000768423138652, 0.00626415992156, -0.00150716956705, 0.00379470339976, -0.00126625027042, -0.0045515676029, 0.00895917136222, 0.00211639492773, -0.0215910039842, 0.0426134765148, -0.0236106663942, 0.00980979576707, 0.00167492195033], [0.00118992326315, -0.00555323949084, 0.00311943772249, -0.0046827737242, 0.00376184121706, 0.0024586583022, -0.0147675629705, 0.00569445965812, 0.00811113510281, -0.0236106663942, 0.0373456254601, -0.0209988616407, 0.0104869706556], [-0.00136886071414, 0.00547398766503, -0.00532403588295, 0.00591659825295, -0.0019343966851, -0.00111813796684, 0.00881534069777, -0.00739463232458, 0.00257227406837, 0.00980979576707, -0.0209988616407, 0.0322479084134, -0.0169864036143], [0.00109688390512, -0.00385676696897, 0.00337753817439, -0.00417009042576, 0.00135458889417, -0.00190693244804, -0.00420296192169, 0.00670160772279, -0.00159993907437, 0.00167492195033, 0.0104869706556, -0.0169864036143, 0.0231627821922]]}, "melbands": {"dmean": [0.000854083977174, 0.00192183116451, 0.000968320178799, 0.000487637938932, 0.000246401497861, 0.00028126212419, 0.000208525991184, 0.000150961743202, 7.88472680142e-05, 0.000129552965518, 0.000135528156534, 0.000109810782305, 7.31512554921e-05, 5.03367991769e-05, 6.56664269627e-05, 4.81772221974e-05, 2.18784807657e-05, 1.78738864633e-05, 1.96025266632e-05, 1.94889034901e-05, 1.54409044626e-05, 1.11282088255e-05, 7.73095325712e-06, 6.61323838358e-06, 7.13649887985e-06, 6.56261818222e-06, 5.16374075232e-06, 5.64285028304e-06, 4.62447133032e-06, 2.97810242955e-06, 1.9491801595e-06, 1.42120541113e-06, 1.46962690906e-06, 9.8239036106e-07, 7.81479513989e-07, 3.97047557499e-07, 2.44404418481e-07, 1.81285912504e-07, 1.39677254651e-07, 9.27781158566e-08], "dmean2": [0.00137429544702, 0.00313545414247, 0.00157676532399, 0.00078778056195, 0.000378837576136, 0.00044369394891, 0.00035235210089, 0.000249714707024, 0.000132899702294, 0.000230133678997, 0.000241391288, 0.000199789210455, 0.000129739259137, 9.04263361008e-05, 0.000121922879771, 8.81752057467e-05, 3.71362330043e-05, 3.20125000144e-05, 3.44026957464e-05, 3.12753873004e-05, 2.62200155703e-05, 1.98601046577e-05, 1.29833651954e-05, 1.0342362657e-05, 1.10325036076e-05, 1.06054440039e-05, 8.08375170891e-06, 8.50827655086e-06, 7.6430151239e-06, 4.18480658482e-06, 2.47889602178e-06, 1.91189337784e-06, 1.77792651357e-06, 1.42225803756e-06, 1.04156958969e-06, 5.4351204426e-07, 3.77331559775e-07, 2.20069722445e-07, 1.79930736977e-07, 1.24958759784e-07], "dvar": [1.73555918082e-06, 1.09741749839e-05, 2.3759580472e-06, 1.32449213197e-06, 3.14934737844e-07, 3.89213425933e-07, 2.53355608493e-07, 1.30151022404e-07, 2.26658851687e-08, 1.4386260716e-07, 1.19574252722e-07, 9.23541207953e-08, 4.35265086196e-08, 1.78086381197e-08, 4.27576267725e-08, 2.52642067267e-08, 3.31163096945e-09, 3.2791849236e-09, 3.80174913772e-09, 1.62347391086e-09, 2.11493134117e-09, 9.75222791411e-10, 4.19573292776e-10, 2.09936470985e-10, 2.20866408496e-10, 3.52562784522e-10, 1.25776236648e-10, 1.50088844131e-10, 2.06420408544e-10, 3.735090362e-11, 1.26832832431e-11, 7.37479955576e-12, 8.49497729105e-12, 4.08594512391e-12, 2.18844690633e-12, 5.66826967308e-13, 2.65913945594e-13, 1.0794449644e-13, 7.85745031323e-14, 3.61607445376e-14], "dvar2": [4.16834200223e-06, 2.64032405539e-05, 5.88411512581e-06, 3.30653438141e-06, 7.07829542534e-07, 9.58029659159e-07, 6.33874890354e-07, 3.31190420866e-07, 5.9079500403e-08, 4.06099985639e-07, 3.29453655468e-07, 2.60149050746e-07, 1.24733944062e-07, 5.05325274958e-08, 1.21824371035e-07, 7.22953714671e-08, 9.30540089428e-09, 9.38537692008e-09, 1.0622072999e-08, 4.42183534233e-09, 5.59053026095e-09, 2.73947620144e-09, 1.13550724379e-09, 4.90479101778e-10, 5.62372259871e-10, 9.05963914999e-10, 3.20679066634e-10, 3.60353274997e-10, 5.88816662095e-10, 9.12422429278e-11, 1.86284720288e-11, 1.19311158175e-11, 1.31299216291e-11, 8.72884143438e-12, 3.84714309021e-12, 9.98237083272e-13, 6.15402802502e-13, 1.44248816451e-13, 1.04808976981e-13, 6.05765641099e-14], "max": [0.0164600908756, 0.0371155701578, 0.0140389567241, 0.0124151790515, 0.00895876158029, 0.00874895323068, 0.00824568979442, 0.00763361388817, 0.00114189670421, 0.00370622845367, 0.00302848988213, 0.00241661421023, 0.00193531310651, 0.00106458703522, 0.00160140777007, 0.00139511039015, 0.000502668670379, 0.000489086378366, 0.000526617688593, 0.000364483043086, 0.000467437377665, 0.000264728587354, 0.000183555312105, 0.000113912326924, 0.000162502925377, 0.000212778555579, 0.000140565869515, 0.000117947798572, 0.000153693719767, 7.17827351764e-05, 4.73549553135e-05, 2.52943609667e-05, 4.25485304731e-05, 1.90118335013e-05, 1.60571580636e-05, 6.46659100312e-06, 4.45783416581e-06, 3.7647737372e-06, 3.64303446077e-06, 2.0799898266e-06], "mean": [0.00166992505547, 0.00388110219501, 0.00186053966172, 0.00081092887558, 0.000687847612426, 0.000630533497315, 0.000282057677396, 0.00024326692801, 9.82644050964e-05, 0.000113246824185, 0.000119988500956, 9.17526922422e-05, 7.10600070306e-05, 4.37641465396e-05, 4.33250388596e-05, 3.54042567778e-05, 2.2704300136e-05, 1.4071329133e-05, 1.44116420415e-05, 2.58559884969e-05, 1.35801137731e-05, 9.22208619158e-06, 6.97185714671e-06, 7.96617314336e-06, 9.0823014034e-06, 7.20468506188e-06, 6.32775936538e-06, 6.41115866529e-06, 4.86626913698e-06, 3.73539000975e-06, 2.91763785754e-06, 1.93401024262e-06, 1.93925120584e-06, 1.18771333746e-06, 1.01081946013e-06, 5.34290734322e-07, 3.22617921711e-07, 2.59400337654e-07, 2.03353835104e-07, 1.21817450349e-07], "median": [0.000909353140742, 0.00229056528769, 0.00109531544149, 0.000339814170729, 0.000181153751328, 0.000176371802809, 3.92905240005e-05, 3.8395242882e-05, 3.34799733537e-05, 1.98131438083e-05, 1.86009456229e-05, 9.23271727515e-06, 1.43264851431e-05, 7.94833613327e-06, 2.38058532886e-06, 3.14318867822e-06, 7.45816987546e-06, 2.61827176473e-06, 1.04217576791e-06, 1.33081639433e-05, 3.79736661671e-06, 9.91570345832e-07, 9.86579379969e-07, 1.08338224436e-06, 1.95633947442e-06, 7.9275838516e-07, 1.26034990444e-06, 1.18744515021e-06, 6.07863796631e-07, 7.12131793534e-07, 6.12704752712e-07, 2.8049802836e-07, 3.33304257083e-07, 2.40038190213e-07, 2.20159634523e-07, 9.94641737861e-08, 5.20120053693e-08, 4.39402398911e-08, 3.02203275737e-08, 1.75228223043e-08], "min": [2.13254300286e-13, 2.72078290548e-15, 3.18460438311e-15, 4.7528704266e-15, 4.67911545623e-15, 3.63241947914e-15, 1.56159057683e-15, 2.60859889733e-16, 6.51219470398e-16, 3.83512208671e-15, 4.84271605835e-15, 3.13723364202e-15, 4.16360654585e-15, 3.64098848795e-15, 3.0695264869e-15, 3.0226775181e-15, 2.88229917127e-15, 2.12069288488e-15, 1.29976443427e-15, 1.11836841108e-15, 3.59931489046e-15, 7.15443753096e-15, 1.33256313817e-15, 4.50504298579e-15, 8.16783621939e-15, 3.1224995039e-15, 1.19024586939e-14, 9.13691814401e-15, 1.71446774183e-15, 2.75302648517e-15, 1.79874095558e-15, 3.39552109269e-15, 3.26047545354e-15, 6.81998784229e-15, 6.54872045873e-15, 6.79114340582e-15, 6.2999155419e-15, 3.5967682859e-15, 3.09090051629e-15, 1.03765144399e-14], "var": [4.46010017185e-06, 2.10501948459e-05, 3.76072534891e-06, 1.75135323843e-06, 1.48352171436e-06, 1.4863544493e-06, 5.05881985191e-07, 4.63506978576e-07, 2.6673637521e-08, 9.24110992173e-08, 8.77370069929e-08, 5.93451403574e-08, 2.83042993487e-08, 1.13419984515e-08, 2.49850273804e-08, 1.5007522336e-08, 2.33475438982e-09, 1.98468019796e-09, 2.4990784997e-09, 1.5781606022e-09, 1.58106605586e-09, 7.17523429561e-10, 3.34718835981e-10, 2.87657980769e-10, 3.07598890803e-10, 3.96466137698e-10, 1.57280299895e-10, 1.86769738564e-10, 1.70872926919e-10, 5.558468269e-11, 3.16362942787e-11, 1.58792562432e-11, 1.87024683934e-11, 6.00913980034e-12, 4.03920299985e-12, 1.09411188876e-12, 3.95374813618e-13, 2.63443374103e-13, 1.82285217194e-13, 7.33346353478e-14]}, "mfcc": {"mean": [-727.99798584, 141.714675903, 16.106754303, 34.2097663879, 2.4187848568, 12.3915452957, -2.0938475132, 1.99848151207, 1.57979297638, 2.65705394745, -6.88648557663, -3.45116877556, 2.09463238716], "cov": [[21052.9628906, 736.750854492, -502.131652832, 2000.05871582, -433.489471436, 669.46673584, 1019.77111816, 973.44128418, -170.15032959, -51.2527046204, 27.141456604, -263.378387451, -613.867370605], [736.750854492, 2747.84936523, 218.975326538, -125.017021179, 322.097106934, 225.234008789, -141.96270752, -112.158592224, 84.9793624878, -51.5085487366, -344.002624512, -174.243179321, 54.185092926], [-502.131652832, 218.975326538, 419.812927246, 181.635375977, 58.9253921509, 85.9788742065, 11.2215995789, -6.79509735107, 28.3879356384, 8.5257806778, -15.5320158005, -22.0413227081, 23.9476413727], [2000.05871582, -125.017021179, 181.635375977, 670.387023926, 108.603691101, 179.076705933, 199.814315796, 179.95854187, 1.32943844795, 23.4620189667, 61.8688583374, -6.78482341766, -85.0132217407], [-433.489471436, 322.097106934, 58.9253921509, 108.603691101, 353.852142334, 197.351715088, 4.37391233444, -35.354183197, 82.6051940918, 36.6640281677, -73.4146575928, -48.0290565491, 28.5586700439], [669.46673584, 225.234008789, 85.9788742065, 179.076705933, 197.351715088, 241.212478638, 105.220413208, 41.8849105835, 50.0028686523, 22.6266174316, -55.450756073, -54.4770889282, -5.51242589951], [1019.77111816, -141.96270752, 11.2215995789, 199.814315796, 4.37391233444, 105.220413208, 196.375411987, 141.784591675, 1.71326684952, 5.53454256058, 45.1293258667, 15.1177110672, -37.6730537415], [973.44128418, -112.158592224, -6.79509735107, 179.95854187, -35.354183197, 41.8849105835, 141.784591675, 162.076950073, 20.4865436554, -0.542443454266, 39.1962089539, 12.0808744431, -34.702911377], [-170.15032959, 84.9793624878, 28.3879356384, 1.32943844795, 82.6051940918, 50.0028686523, 1.71326684952, 20.4865436554, 104.933708191, 52.0141296387, -31.1934623718, -22.8113365173, 29.2677707672], [-51.2527046204, -51.5085487366, 8.5257806778, 23.4620189667, 36.6640281677, 22.6266174316, 5.53454256058, -0.542443454266, 52.0141296387, 97.1738204956, 42.5859489441, 13.4072217941, 18.1837615967], [27.141456604, -344.002624512, -15.5320158005, 61.8688583374, -73.4146575928, -55.450756073, 45.1293258667, 39.1962089539, -31.1934623718, 42.5859489441, 171.654342651, 109.888496399, -4.27832126617], [-263.378387451, -174.243179321, -22.0413227081, -6.78482341766, -48.0290565491, -54.4770889282, 15.1177110672, 12.0808744431, -22.8113365173, 13.4072217941, 109.888496399, 137.312454224, 49.3534545898], [-613.867370605, 54.185092926, 23.9476413727, -85.0132217407, 28.5586700439, -5.51242589951, -37.6730537415, -34.702911377, 29.2677707672, 18.1837615967, -4.27832126617, 49.3534545898, 109.537315369]], "icov": [[0.000181668190635, -0.000171380161191, 0.000637881690636, -0.000667275337037, 0.000953627401032, -0.000796287204139, -8.41837390908e-06, 4.73385671285e-06, -7.65741133364e-05, -2.62269750237e-05, -0.000100353987364, 0.00026886962587, 5.51942866878e-05], [-0.000171380161191, 0.00077017582953, -0.00101444101892, 0.00100721721537, -0.00125304609537, 0.000102032630821, 0.00116571912076, -0.00127462437376, 0.000977727933787, -0.000639968668111, 0.00167898717336, -0.00114772014786, 0.000418694107793], [0.000637881690636, -0.00101444101892, 0.00610378477722, -0.00444570044056, 0.00506250653416, -0.00365677685477, -0.000953509006649, 0.00403263559565, -0.00365425366908, 0.00265188212506, -0.00308974436484, 0.00319499592297, -0.00228650961071], [-0.000667275337037, 0.00100721721537, -0.00444570044056, 0.00687545770779, -0.00566698983312, 0.00135211006273, 0.00221710978076, -0.0069407983683, 0.00502767879516, -0.00291541474871, 0.00152347027324, -0.00244616949931, 0.00248169037513], [0.000953627401032, -0.00125304609537, 0.00506250653416, -0.00566698983312, 0.0139537025243, -0.0110876467079, 0.00116336869542, 0.00611175131053, -0.00741428183392, 0.00291542103514, -0.00217459676787, 0.000963469035923, -0.000422420009272], [-0.000796287204139, 0.000102032630821, -0.00365677685477, 0.00135211006273, -0.0110876467079, 0.0223392508924, -0.014632194303, 0.0065006702207, -0.000608750502579, -0.0012979087187, 0.00265195849352, 0.0028861456085, -0.00244079367258], [-8.41837390908e-06, 0.00116571912076, -0.000953509006649, 0.00221710978076, 0.00116336869542, -0.014632194303, 0.0299339592457, -0.0243511851877, 0.0102891465649, -0.00474272947758, 0.00144571939018, -0.00531529774889, 0.00333551038057], [4.73385671285e-06, -0.00127462437376, 0.00403263559565, -0.0069407983683, 0.00611175131053, 0.0065006702207, -0.0243511851877, 0.0380861163139, -0.0223557129502, 0.0133517915383, -0.00738324318081, 0.00421542767435, -0.00161745143123], [-7.65741133364e-05, 0.000977727933787, -0.00365425366908, 0.00502767879516, -0.00741428183392, -0.000608750502579, 0.0102891465649, -0.0223557129502, 0.0334056355059, -0.0202407222241, 0.0110103571787, -0.00173773197457, -0.00220600888133], [-2.62269750237e-05, -0.000639968668111, 0.00265188212506, -0.00291541474871, 0.00291542103514, -0.0012979087187, -0.00474272947758, 0.0133517915383, -0.0202407222241, 0.0280639175326, -0.0173145607114, 0.00873722042888, -0.00476291077211], [-0.000100353987364, 0.00167898717336, -0.00308974436484, 0.00152347027324, -0.00217459676787, 0.00265195849352, 0.00144571939018, -0.00738324318081, 0.0110103571787, -0.0173145607114, 0.0304775964469, -0.022351719439, 0.0105171175674], [0.00026886962587, -0.00114772014786, 0.00319499592297, -0.00244616949931, 0.000963469035923, 0.0028861456085, -0.00531529774889, 0.00421542767435, -0.00173773197457, 0.00873722042888, -0.022351719439, 0.0313192680478, -0.017091428861], [5.51942866878e-05, 0.000418694107793, -0.00228650961071, 0.00248169037513, -0.000422420009272, -0.00244079367258, 0.00333551038057, -0.00161745143123, -0.00220600888133, -0.00476291077211, 0.0105171175674, -0.017091428861, 0.021771164611]]}, "spectral_contrast_coeffs": {"dmean": [0.0486430488527, 0.0603069476783, 0.0507938414812, 0.0464048460126, 0.0218060892075, 0.0254072640091], "dmean2": [0.0787956491113, 0.0927844196558, 0.0790815502405, 0.0695928111672, 0.0348945520818, 0.035859413445], "dvar": [0.00176444649696, 0.00346685154364, 0.00246810493991, 0.00192718603648, 0.000336741271894, 0.000574709731154], "dvar2": [0.00449844775721, 0.0075195194222, 0.00529873697087, 0.00418940419331, 0.000873909739312, 0.00118790008128], "max": [-0.307015478611, -0.336500436068, -0.426333785057, -0.425860434771, -0.674944758415, -0.667077541351], "mean": [-0.595787346363, -0.660908460617, -0.743836939335, -0.756027281284, -0.829711079597, -0.768242716789], "median": [-0.590642631054, -0.669656336308, -0.753026843071, -0.778713941574, -0.825274705887, -0.744953870773], "min": [-0.962024986744, -0.962513029575, -0.963271677494, -0.954908370972, -0.944466114044, -0.962691545486], "var": [0.0111722648144, 0.0165930297226, 0.00977465230972, 0.00937683880329, 0.00143258343451, 0.00469839759171]}, "spectral_contrast_valleys": {"dmean": [0.538210093975, 0.728635489941, 0.812766730785, 0.756276249886, 0.679353237152, 0.620019733906], "dmean2": [0.854231774807, 1.04778420925, 1.15506148338, 1.0586630106, 0.881883025169, 0.788154661655], "dvar": [0.336085706949, 0.5509070158, 0.765720129013, 0.679201185703, 0.554277479649, 0.399059951305], "dvar2": [0.726713061333, 1.13229775429, 1.63259935379, 1.34493911266, 1.10301375389, 0.804974257946], "max": [-5.42257118225, -4.57938098907, -4.61220264435, -5.30348730087, -5.17995452881, -8.80971717834], "mean": [-7.97601604462, -8.01279735565, -8.57975292206, -9.14755249023, -8.8739738