{"lowlevel": {"average_loudness": 0.954632878304, "barkbands_crest": {"dmean": 2.4213283062, "dmean2": 4.07257270813, "dvar": 4.6976275444, "dvar2": 14.7332077026, "max": 24.4471435547, "mean": 11.0135002136, "median": 10.3328886032, "min": 2.94135212898, "var": 17.4794826508}, "barkbands_flatness_db": {"dmean": 0.0187938567251, "dmean2": 0.0304078813642, "dvar": 0.000330198789015, "dvar2": 0.000909648137167, "max": 0.397651553154, "mean": 0.185084447265, "median": 0.175632059574, "min": 0.0708151385188, "var": 0.00266224821098}, "barkbands_kurtosis": {"dmean": 2.05786895752, "dmean2": 3.35474562645, "dvar": 11.3808803558, "dvar2": 30.3316631317, "max": 61.1284332275, "mean": 3.39475607872, "median": 0.261252522469, "min": -1.82887339592, "var": 55.5584259033}, "barkbands_skewness": {"dmean": 0.47654440999, "dmean2": 0.758792281151, "dvar": 0.183486804366, "dvar2": 0.501497924328, "max": 6.72756814957, "mean": 1.47819328308, "median": 1.25029683113, "min": -1.86189651489, "var": 1.77672183514}, "barkbands_spread": {"dmean": 4.11145591736, "dmean2": 6.66576814651, "dvar": 14.188369751, "dvar2": 37.4307174683, "max": 54.1321678162, "mean": 25.7372684479, "median": 27.1112976074, "min": 1.41767954826, "var": 153.085800171}, "dissonance": {"dmean": 0.0123523343354, "dmean2": 0.020705960691, "dvar": 0.000142265984323, "dvar2": 0.000387813925045, "max": 0.499322712421, "mean": 0.469851285219, "median": 0.474100500345, "min": 0.313020944595, "var": 0.000404622813221}, "dynamic_complexity": 2.27820253372, "erbbands_crest": {"dmean": 2.09561085701, "dmean2": 3.21038413048, "dvar": 4.06056261063, "dvar2": 8.50781154633, "max": 26.4619731903, "mean": 9.19648075104, "median": 8.1597032547, "min": 2.88427066803, "var": 15.9538068771}, "erbbands_flatness_db": {"dmean": 0.0143587961793, "dmean2": 0.0210353322327, "dvar": 0.000252665922744, "dvar2": 0.000563766458072, "max": 0.309598594904, "mean": 0.208883702755, "median": 0.210931301117, "min": 0.0909323245287, "var": 0.00143412023317}, "erbbands_kurtosis": {"dmean": 0.66098433733, "dmean2": 1.00218617916, "dvar": 0.566647231579, "dvar2": 1.25448727608, "max": 10.7259912491, "mean": 0.614219486713, "median": 0.305500626564, "min": -1.69174659252, "var": 2.90701770782}, "erbbands_skewness": {"dmean": 0.256997942924, "dmean2": 0.382372796535, "dvar": 0.0488113835454, "dvar2": 0.104525521398, "max": 1.92153704166, "mean": -0.556454479694, "median": -0.59280872345, "min": -2.60385203362, "var": 0.399320423603}, "erbbands_spread": {"dmean": 4.91833209991, "dmean2": 7.25749731064, "dvar": 20.0260162354, "dvar2": 44.4719467163, "max": 84.2591018677, "mean": 32.3287200928, "median": 29.7057933807, "min": 6.5586810112, "var": 209.506347656}, "hfc": {"dmean": 4.3445763588, "dmean2": 6.25283479691, "dvar": 28.0304851532, "dvar2": 56.1942481995, "max": 97.6687393188, "mean": 21.6165390015, "median": 17.8233757019, "min": 1.1435061255e-16, "var": 268.732299805}, "melbands_crest": {"dmean": 2.9751560688, "dmean2": 4.92612504959, "dvar": 6.19936513901, "dvar2": 17.9455833435, "max": 30.064496994, "mean": 16.2568435669, "median": 16.1664657593, "min": 2.0320482254, "var": 22.2552261353}, "melbands_flatness_db": {"dmean": 0.0232249181718, "dmean2": 0.0382631495595, "dvar": 0.000434381217929, "dvar2": 0.00122975744307, "max": 0.545704066753, "mean": 0.27329787612, "median": 0.25903403759, "min": 0.00448581017554, "var": 0.00391991296783}, "melbands_kurtosis": {"dmean": 5.88488483429, "dmean2": 9.44640922546, "dvar": 74.3203430176, "dvar2": 193.557662964, "max": 185.242706299, "mean": 13.9403429031, "median": 6.67526340485, "min": -1.60937201977, "var": 393.798187256}, "melbands_skewness": {"dmean": 0.683535039425, "dmean2": 1.07592475414, "dvar": 0.380754947662, "dvar2": 1.01962351799, "max": 11.1039457321, "mean": 2.93732905388, "median": 2.58916139603, "min": -0.371689558029, "var": 3.11060118675}, "melbands_spread": {"dmean": 6.54866170883, "dmean2": 10.626950264, "dvar": 49.5520439148, "dvar2": 128.691009521, "max": 122.985031128, "mean": 27.107421875, "median": 23.4687633514, "min": 1.03970813751, "var": 338.645324707}, "pitch_salience": {"dmean": 0.0623949430883, "dmean2": 0.103054061532, "dvar": 0.00295332376845, "dvar2": 0.00818463135511, "max": 0.798749446869, "mean": 0.419979065657, "median": 0.415505826473, "min": 0.127753704786, "var": 0.00816900841892}, "silence_rate_20dB": {"dmean": 0, "dmean2": 0, "dvar": 0, "dvar2": 0, "max": 1, "mean": 1, "median": 1, "min": 1, "var": 0}, "silence_rate_30dB": {"dmean": 0.00714688748121, "dmean2": 0.0142964636907, "dvar": 0.00709593947977, "dvar2": 0.0186076648533, "max": 1, "mean": 0.995110929012, "median": 1, "min": 0, "var": 0.00486539490521}, "silence_rate_60dB": {"dmean": 0.000188075980986, "dmean2": 0.000188111356692, "dvar": 0.000188064848771, "dvar2": 0.000188100195373, "max": 1, "mean": 0.000188040619832, "median": 0, "min": 0, "var": 0.000188029502169}, "spectral_centroid": {"dmean": 191.091903687, "dmean2": 302.552612305, "dvar": 44287.6953125, "dvar2": 80161.015625, "max": 10930.1806641, "mean": 1662.64550781, "median": 1752.32617188, "min": 176.342956543, "var": 379204.9375}, "spectral_complexity": {"dmean": 2.0694000721, "dmean2": 3.43152737617, "dvar": 2.98166108131, "dvar2": 7.8315486908, "max": 41, "mean": 20.0767211914, "median": 20, "min": 0, "var": 47.8650588989}, "spectral_decrease": {"dmean": 2.33255814663e-09, "dmean2": 3.74007003145e-09, "dvar": 8.58440925954e-18, "dvar2": 2.22308280326e-17, "max": -5.91813483085e-30, "mean": -8.0284161541e-09, "median": -7.14480741237e-09, "min": -5.66046161055e-08, "var": 2.04551243747e-17}, "spectral_energy": {"dmean": 0.00903986860067, "dmean2": 0.0144234523177, "dvar": 0.000125865612063, "dvar2": 0.000324061315041, "max": 0.216752946377, "mean": 0.0322617404163, "median": 0.0290945880115, "min": 1.03942659512e-20, "var": 0.000320444378303}, "spectral_energyband_high": {"dmean": 8.68012357387e-05, "dmean2": 0.000143055323861, "dvar": 7.59262093197e-08, "dvar2": 2.04256679126e-07, "max": 0.00832176208496, "mean": 0.000220210698899, "median": 0.00010762711463, "min": 7.75362109262e-21, "var": 1.90286996826e-07}, "spectral_energyband_low": {"dmean": 0.00786423310637, "dmean2": 0.013124698773, "dvar": 9.81766279438e-05, "dvar2": 0.000274074322078, "max": 0.149484306574, "mean": 0.0178694687784, "median": 0.0145417181775, "min": 3.55598427452e-23, "var": 0.000177444613655}, "spectral_energyband_middle_high": {"dmean": 0.00217460980639, "dmean2": 0.0028508764226, "dvar": 8.72539567354e-06, "dvar2": 1.40213060149e-05, "max": 0.0540445186198, "mean": 0.00889912527055, "median": 0.00657162396237, "min": 1.57444893383e-21, "var": 6.77260468365e-05}, "spectral_energyband_middle_low": {"dmean": 0.00216854433529, "dmean2": 0.00327689317055, "dvar": 1.42547487485e-05, "dvar2": 3.06027977786e-05, "max": 0.075586616993, "mean": 0.00664646457881, "median": 0.00495124515146, "min": 2.04199788138e-22, "var": 3.39184298355e-05}, "spectral_entropy": {"dmean": 0.102657347918, "dmean2": 0.164409294724, "dvar": 0.0140572963282, "dvar2": 0.0343622751534, "max": 9.78428649902, "mean": 6.99350214005, "median": 6.99874544144, "min": 5.9628071785, "var": 0.0554493442178}, "spectral_flux": {"dmean": 0.018702680245, "dmean2": 0.0306126736104, "dvar": 0.000405287923058, "dvar2": 0.000978089752607, "max": 0.288472801447, "mean": 0.0710926800966, "median": 0.0672735720873, "min": 1.01952273013e-10, "var": 0.00102139392402}, "spectral_kurtosis": {"dmean": 3.32488036156, "dmean2": 5.9144525528, "dvar": 8.94505119324, "dvar2": 27.9668273926, "max": 39.0691146851, "mean": 7.80759716034, "median": 7.78079748154, "min": -1.20771145821, "var": 15.6739196777}, "spectral_rms": {"dmean": 0.000754810695071, "dmean2": 0.0011972481152, "dvar": 5.67413735553e-07, "dvar2": 1.46955721902e-06, "max": 0.0145418802276, "mean": 0.00542349787429, "median": 0.00532775418833, "min": 3.18445400257e-12, "var": 2.06045865525e-06}, "spectral_rolloff": {"dmean": 331.928436279, "dmean2": 577.110717773, "dvar": 212436.671875, "dvar2": 463775.78125, "max": 18626.2207031, "mean": 1356.02368164, "median": 1378.125, "min": 86.1328125, "var": 905476.0625}, "spectral_skewness": {"dmean": 0.328599989414, "dmean2": 0.573772072792, "dvar": 0.0794671550393, "dvar2": 0.244024708867, "max": 4.46727991104, "mean": 1.43430483341, "median": 1.42139959335, "min": 0.0130996275693, "var": 0.291912466288}, "spectral_spread": {"dmean": 216736.90625, "dmean2": 358132.03125, "dvar": 324497965056, "dvar2": 413668802560, "max": 39683764, "mean": 2576795.5, "median": 2477425, "min": 1260343.75, "var": 505031786496}, "spectral_strongpeak": {"dmean": 0.550373077393, "dmean2": 0.975446343422, "dvar": 1.73575508595, "dvar2": 4.14848089218, "max": 9.67718410492, "mean": 0.805014550686, "median": 0.353300035, "min": 2.82624101899e-09, "var": 2.17069602013}, "zerocrossingrate": {"dmean": 0.00535988993943, "dmean2": 0.00705876853317, "dvar": 4.51335981779e-05, "dvar2": 4.99061134178e-05, "max": 0.48779296875, "mean": 0.046383779496, "median": 0.04736328125, "min": 0.0048828125, "var": 0.000450904888567}, "barkbands": {"dmean": [6.23062078375e-05, 0.00602357136086, 0.00237995223142, 0.0014269950334, 0.000738606962841, 0.000476286426419, 0.000226031304919, 0.000145460158819, 8.85671106516e-05, 0.000171116451384, 0.000113612521091, 0.000685732695274, 0.000775633787271, 0.000328355148667, 0.000605649256613, 0.000353142473614, 0.000400888209697, 0.000411131914007, 0.000401969416998, 0.000142598888488, 2.23216229642e-05, 2.35306265495e-06, 1.01745467873e-06, 1.29528552861e-06, 1.44106081734e-06, 1.97230633603e-06, 5.05184004851e-07], "dmean2": [7.84761577961e-05, 0.0101642468944, 0.00401592021808, 0.00237269001082, 0.00112526270095, 0.000655926996842, 0.000315284909448, 0.000198675785214, 0.000129929263494, 0.000225333948038, 0.000173526306753, 0.000837029423565, 0.000977362389676, 0.000491186161526, 0.000905174820218, 0.000555613078177, 0.000659209908918, 0.000692499568686, 0.000652368238661, 0.000232328224229, 3.73010952899e-05, 3.92479387301e-06, 1.74630440597e-06, 2.14010924537e-06, 2.27910823014e-06, 3.04302670884e-06, 9.05781121219e-07], "dvar": [9.57805301738e-09, 5.68277027924e-05, 1.58354905579e-05, 6.56494103168e-06, 2.36318555835e-06, 6.77823379647e-07, 3.0544779861e-07, 1.0598694189e-07, 3.83155409622e-08, 8.76359251833e-08, 4.93568350635e-08, 2.04371326618e-06, 3.31266096509e-06, 4.6305862611e-07, 1.2376082168e-06, 5.13670897817e-07, 3.47867484152e-07, 3.71679107047e-07, 3.72158694972e-07, 1.02511485522e-07, 1.13241238608e-09, 1.99402942075e-11, 6.22850902798e-12, 7.48904410708e-11, 1.62289903738e-11, 3.35184970057e-11, 1.91869697214e-12], "dvar2": [1.72238294738e-08, 0.00017849750293, 4.22079101554e-05, 1.57908325491e-05, 5.42665111425e-06, 1.35786069677e-06, 6.40720031697e-07, 1.98659051875e-07, 8.06291922117e-08, 1.40562718798e-07, 1.19909316254e-07, 2.67242126029e-06, 4.62344814878e-06, 9.89764885162e-07, 2.38763664129e-06, 1.19934668419e-06, 9.07971639208e-07, 1.03961349396e-06, 9.89016143649e-07, 2.66303175067e-07, 3.09922665309e-09, 5.05172952081e-11, 1.65063518409e-11, 2.20753165747e-10, 3.23036077055e-11, 6.1268441709e-11, 5.42680310411e-12], "max": [0.00244283955544, 0.0845307707787, 0.0817481800914, 0.0467163771391, 0.0409932807088, 0.0165708623827, 0.0172107219696, 0.010586659424, 0.00512652052566, 0.010296780616, 0.00513172056526, 0.0229958165437, 0.0392007380724, 0.0126198921353, 0.0201369822025, 0.0135333333164, 0.0119433896616, 0.0091311680153, 0.00833043362945, 0.0083231292665, 0.000734680565074, 0.000105489700218, 4.12162553403e-05, 0.00056984013645, 0.000109375949251, 0.000187589175766, 2.35357620113e-05], "mean": [0.000205804768484, 0.0122059583664, 0.004209456034, 0.00196137838066, 0.00179152889177, 0.00138173974119, 0.000544050766621, 0.000443970406195, 0.00028321632999, 0.000480578833958, 0.000231004363741, 0.00157492933795, 0.00155714666471, 0.000568931223825, 0.00117701501586, 0.000702655466739, 0.000855616701301, 0.000842050765641, 0.000858219980728, 0.000306825677399, 5.50470649614e-05, 5.28306827619e-06, 1.85176054401e-06, 2.8280078368e-06, 4.30241834692e-06, 9.37214736041e-06, 1.00296767869e-06], "median": [0.000114554793981, 0.00951784476638, 0.00266807200387, 0.00100879196543, 0.00115622824524, 0.00084324949421, 0.00030851358315, 0.000160707248142, 0.000116866489407, 0.000224312461796, 0.000102915902971, 0.000293093704386, 0.000246135488851, 0.000191419647308, 0.000500801019371, 0.000226376985665, 0.000544009031728, 0.000530657882337, 0.000526871532202, 0.000131297740154, 3.63343642675e-05, 3.58510897058e-06, 1.05169397102e-06, 1.08430981527e-06, 5.37961227565e-07, 4.94034452458e-07, 3.96095032329e-08], "min": [4.32581501481e-24, 2.99356873204e-23, 3.9863902554e-24, 1.19206309667e-23, 4.60628914541e-23, 2.61793383713e-23, 1.93041836572e-23, 4.35213583223e-23, 5.34229920988e-23, 2.72501208091e-23, 3.37747641127e-23, 1.094935781e-22, 7.5358695829e-23, 1.5472283606e-22, 1.56019647657e-22, 2.2289791205e-22, 1.51120960275e-22, 2.20767608953e-22, 2.05919580642e-22, 3.63325301086e-22, 4.55212576633e-22, 4.55236255082e-22, 5.59937257058e-22, 9.58371235561e-22, 1.36780827121e-21, 1.83154165634e-21, 2.19134038315e-21], "var": [6.87771759544e-08, 9.40013342188e-05, 2.58448035311e-05, 1.04411219581e-05, 5.46406954527e-06, 2.83369945464e-06, 6.64571132347e-07, 7.4129695804e-07, 2.83700046566e-07, 5.49014316675e-07, 1.19022452338e-07, 9.53849757934e-06, 1.2572473679e-05, 1.07324842702e-06, 3.49832998836e-06, 1.43732154356e-06, 9.11358426947e-07, 8.94535162388e-07, 9.27186533772e-07, 2.50675469715e-07, 3.57348017843e-09, 4.04173985946e-11, 9.53633699785e-12, 3.14214654296e-10, 7.84589129776e-11, 4.18255374779e-10, 5.17618239937e-12]}, "erbbands": {"dmean": [0.130284890532, 1.53485488892, 3.17479014397, 3.79539489746, 2.93824648857, 2.45527529716, 3.5069770813, 3.84518694878, 3.76960873604, 2.52370476723, 3.49093604088, 2.21134972572, 3.94557070732, 5.7969994545, 5.97567224503, 36.7510948181, 40.5068283081, 18.9394893646, 24.208694458, 22.6376457214, 23.4639205933, 14.8718881607, 18.990530014, 27.8031139374, 16.0798625946, 7.0880689621, 1.66057276726, 0.371867746115, 0.0992496162653, 0.040246322751, 0.0269548483193, 0.0202822685242, 0.0222327709198, 0.0162249300629, 0.0112705668435, 0.00756084173918, 0.00491004670039, 0.00100256688893, 7.55248547648e-05, 1.19474325402e-05], "dmean2": [0.219939425588, 2.57338619232, 5.21928739548, 6.36894750595, 4.70072460175, 3.6798992157, 5.00421619415, 5.43324136734, 5.17268753052, 3.6887550354, 4.69321298599, 3.17775678635, 5.22770547867, 7.88486480713, 8.75784397125, 44.2891921997, 49.8538246155, 28.4190292358, 35.2580108643, 35.0629386902, 37.3932876587, 24.5705108643, 31.7399234772, 46.0831680298, 26.2445011139, 11.6872262955, 2.78822493553, 0.599878132343, 0.164479672909, 0.0676998049021, 0.0460289344192, 0.0357049964368, 0.0358575247228, 0.0260150264949, 0.0182162616402, 0.0116677107289, 0.00788852572441, 0.00170058896765, 0.000132516768645, 1.90292539628e-05], "dvar": [0.033156003803, 3.55991292, 20.7011833191, 42.0484275818, 52.1496505737, 17.8205680847, 25.4816799164, 75.3118286133, 50.7688903809, 54.4821853638, 64.9423980713, 23.6023902893, 42.1719207764, 113.75062561, 108.471870422, 5425.83300781, 8740.96191406, 1256.57458496, 3147.15600586, 1221.91357422, 1396.48254395, 456.225311279, 837.646972656, 1980.50756836, 868.795532227, 365.114349365, 8.14874362946, 0.278832674026, 0.0317228659987, 0.00749132363126, 0.00448314426467, 0.0025733478833, 0.0221924223006, 0.00508248107508, 0.000898294500075, 0.000472989631817, 0.000229335040785, 6.73823797115e-06, 4.7910187817e-08, 2.93819357733e-10], "dvar2": [0.110269285738, 10.7940969467, 52.0371742249, 103.629600525, 121.307182312, 39.5659942627, 45.755191803, 158.316482544, 98.3880767822, 113.151802063, 117.539840698, 47.9292449951, 70.082901001, 184.891952515, 267.323760986, 6965.80566406, 11941.8271484, 2807.59765625, 6282.61865234, 2833.78417969, 3483.99658203, 1257.0604248, 2310.85522461, 5309.40917969, 2369.96386719, 973.284790039, 22.1223049164, 0.725496888161, 0.0750777795911, 0.0206260383129, 0.0111468844116, 0.00690838880837, 0.0645539239049, 0.0138270994648, 0.0018796074437, 0.000893715361599, 0.000447641767096, 1.78444570338e-05, 1.31033885964e-07, 7.47390538347e-10], "max": [2.88903355598, 20.9434909821, 99.3370742798, 98.0654296875, 219.312408447, 78.6589126587, 141.847442627, 199.357208252, 135.265853882, 214.580093384, 291.616271973, 144.231277466, 146.346282959, 390.708251953, 262.280273438, 1191.4387207, 1981.87792969, 632.791992188, 1203.92468262, 515.301269531, 559.384033203, 387.578277588, 530.835449219, 657.48651123, 538.758178711, 574.601257324, 57.0736923218, 12.5646629333, 5.06515359879, 1.43940663338, 1.45673346519, 0.927617251873, 9.55270576477, 4.27172327042, 0.795463323593, 0.656366348267, 0.420358598232, 0.0795273855329, 0.00356134097092, 0.000264038622845], "mean": [0.237410187721, 3.03042173386, 6.32422542572, 5.60657453537, 5.87797212601, 5.62756824493, 8.19510650635, 11.1061534882, 10.58685112, 5.36673974991, 11.9456691742, 7.64491033554, 12.6013774872, 13.1060447693, 14.6707706451, 86.3649520874, 83.5948791504, 37.6491622925, 45.2424583435, 48.8335418701, 51.3121299744, 37.4987678528, 42.3942260742, 58.0450363159, 33.2580604553, 16.4075641632, 4.41084575653, 1.091786623, 0.259639531374, 0.0927247032523, 0.0495572686195, 0.0371250845492, 0.0512660592794, 0.0452218391001, 0.032147936523, 0.0304428655654, 0.0197689495981, 0.00376275042072, 0.000165779565577, 4.2058291001e-05], "median": [0.158281326294, 2.37631487846, 4.38385391235, 3.23741197586, 3.42038917542, 3.26280522346, 5.2111120224, 5.60315704346, 5.48576545715, 3.23446559906, 4.22457695007, 4.0449590683, 5.28682613373, 7.34961032867, 8.502784729, 19.2315063477, 21.2907829285, 18.6539440155, 14.8575296402, 27.6456184387, 26.3332901001, 27.1281547546, 30.4641456604, 35.0927772522, 16.5871543884, 7.24802875519, 2.61950349808, 0.757993578911, 0.173577666283, 0.0634572952986, 0.0283876098692, 0.0240698121488, 0.0174665600061, 0.00791810639203, 0.00221246411093, 0.00169705098961, 0.00118282111362, 0.000193940824829, 2.84823599941e-05, 3.76644093194e-05], "min": [7.81484487777e-22, 6.76055118536e-21, 6.82948586499e-21, 1.7473909328e-20, 1.1195180025e-19, 1.3843574532e-19, 1.82580694401e-19, 2.34840556711e-19, 2.81209820308e-19, 6.37221945301e-19, 8.67268111483e-19, 1.17383753161e-18, 6.39684927274e-19, 1.21305095913e-18, 2.11778957688e-18, 4.45151175753e-18, 3.00719898691e-18, 9.40294418033e-18, 8.7001376175e-18, 7.29985815243e-18, 1.16779191667e-17, 9.25744890085e-18, 1.1431564928e-17, 9.54388169464e-18, 1.33673040461e-17, 1.7950371849e-17, 1.4336686105e-17, 1.94274566884e-17, 1.57317146275e-17, 1.75050856361e-17, 1.37194323513e-17, 1.71930201694e-17, 1.75491363124e-17, 1.39706355229e-17, 1.04357039905e-17, 6.3510108523e-18, 3.70964986208e-18, 1.20021663154e-18, 2.94563229581e-19, 3.45847186789e-20], "var": [0.0596551224589, 5.92278385162, 41.5945739746, 62.2546005249, 95.8036880493, 50.0101966858, 108.990386963, 295.775238037, 213.486297607, 94.8655319214, 535.621398926, 172.504272461, 371.746704102, 491.150024414, 320.182434082, 25384.484375, 32968.3945312, 2939.42529297, 8169.72753906, 3553.47753906, 4353.76367188, 1454.7902832, 1976.49865723, 4621.93017578, 1931.43530273, 881.357910156, 28.7989902496, 1.26480770111, 0.0928045287728, 0.011486585252, 0.00817355141044, 0.00334463478066, 0.0913882479072, 0.0244217403233, 0.00439862115309, 0.00431778980419, 0.00190326478332, 7.54938228056e-05, 1.06766030683e-07, 6.46194764364e-10]}, "gfcc": {"mean": [-26.4574241638, 148.360809326, -143.70362854, 41.4794845581, -1.25251936913, -11.0998382568, -15.2417030334, 7.78286886215, -26.0715999603, 5.4951415062, -4.40913915634, -1.45279026031, -9.12512302399], "cov": [[3152.64208984, -1613.86535645, 20.773235321, -437.187561035, 162.658294678, 413.403320312, -533.945068359, 439.742340088, -523.106506348, 361.783630371, -155.46043396, 232.73739624, -244.791213989], [-1613.86535645, 1360.22753906, -294.550415039, 341.674926758, -93.0594482422, -344.186462402, 409.286865234, -410.059661865, 412.354797363, -284.553070068, 145.170883179, -174.083709717, 180.557144165], [20.773235321, -294.550415039, 636.876831055, -180.845901489, -81.7681808472, 107.866256714, -166.576538086, 209.97756958, -142.566085815, 40.1538772583, -107.909194946, 38.2031517029, -43.1867332458], [-437.187561035, 341.674926758, -180.845901489, 261.849945068, 13.625872612, -102.67212677, 145.647583008, -162.192489624, 149.722824097, -84.4770355225, 48.7226867676, -70.723777771, 76.4333496094], [162.658294678, -93.0594482422, -81.7681808472, 13.625872612, 175.907073975, 21.6923770905, 9.9906463623, -9.16069507599, -40.9376792908, 42.1734657288, 0.332247644663, 25.9188041687, -30.7801914215], [413.403320312, -344.186462402, 107.866256714, -102.67212677, 21.6923770905, 200.536987305, -114.53036499, 112.378868103, -107.008506775, 45.9850654602, -11.1344690323, 22.9995880127, -45.5219078064], [-533.945068359, 409.286865234, -166.576538086, 145.647583008, 9.9906463623, -114.53036499, 227.966567993, -140.919052124, 149.783004761, -80.3734512329, 41.0928726196, -46.6570968628, 50.6284217834], [439.742340088, -410.059661865, 209.97756958, -162.192489624, -9.16069507599, 112.378868103, -140.919052124, 251.155212402, -130.765274048, 84.1496963501, -64.7854232788, 44.1783218384, -57.7579574585], [-523.106506348, 412.354797363, -142.566085815, 149.722824097, -40.9376792908, -107.008506775, 149.783004761, -130.765274048, 220.651824951, -76.0880813599, 51.7389640808, -70.4651794434, 60.9663391113], [361.783630371, -284.553070068, 40.1538772583, -84.4770355225, 42.1734657288, 45.9850654602, -80.3734512329, 84.1496963501, -76.0880813599, 130.34286499, -20.1719551086, 44.6696662903, -38.2912216187], [-155.46043396, 145.170883179, -107.909194946, 48.7226867676, 0.332247644663, -11.1344690323, 41.0928726196, -64.7854232788, 51.7389640808, -20.1719551086, 106.499824524, -8.97157096863, 20.8122787476], [232.73739624, -174.083709717, 38.2031517029, -70.723777771, 25.9188041687, 22.9995880127, -46.6570968628, 44.1783218384, -70.4651794434, 44.6696662903, -8.97157096863, 92.3157196045, -9.77954673767], [-244.791213989, 180.557144165, -43.1867332458, 76.4333496094, -30.7801914215, -45.5219078064, 50.6284217834, -57.7579574585, 60.9663391113, -38.2912216187, 20.8122787476, -9.77954673767, 99.9408035278]], "icov": [[0.00120196782518, 0.00035562197445, 0.00116646767128, -0.000231018042541, 0.00027267166297, -0.000884703884367, 0.00129218981601, -0.000304839602904, 0.000555858772714, -0.00071886065416, 0.00110905489419, -0.00110351119656, 0.000879090337548], [0.00035562197445, 0.00797465723008, -0.00130917131901, 0.00454474519938, -0.00168087182101, 0.00633629504591, -0.00370285497047, 0.00381588703021, -0.00365335773677, 0.00695595378056, -0.00481762178242, 0.00624879030511, -0.00461980514228], [0.00116646767128, -0.00130917131901, 0.00418296270072, -0.000760467373766, 0.00167992827483, -0.00255344598554, 0.00265701278113, -0.00231519830413, 0.00165435601957, -0.00145811995026, 0.00374052068219, -0.00259794807062, 0.00168074888643], [-0.000231018042541, 0.00454474519938, -0.000760467373766, 0.0131559651345, -0.00383900664747, 0.00492784241214, -0.00342829152942, 0.00445932243019, -0.00431215623394, 0.00574781885371, -0.00342098739929, 0.00833735708147, -0.00742962583899], [0.00027267166297, -0.00168087182101, 0.00167992827483, -0.00383900664747, 0.00941746123135, -0.00327276275493, -0.00104659097269, -0.00010800112068, 0.00361335999332, -0.00477695465088, 0.00226445961744, -0.0040498059243, 0.0043417243287], [-0.000884703884367, 0.00633629504591, -0.00255344598554, 0.00492784241214, -0.00327276275493, 0.0149218700826, -0.00208304519765, 0.00129131553695, -0.00184100610204, 0.00752795021981, -0.00771980639547, 0.00826961454004, -0.0044720787555], [0.00129218981601, -0.00370285497047, 0.00265701278113, -0.00342829152942, -0.00104659097269, -0.00208304519765, 0.0144713912159, -0.00151274912059, -0.00193614966702, -0.00148301909212, 0.00403568195179, -0.00512145552784, 0.00341980205849], [-0.000304839602904, 0.00381588703021, -0.00231519830413, 0.00445932243019, -0.00010800112068, 0.00129131553695, -0.00151274912059, 0.0117078861222, -0.00155546539463, 0.000956585921813, -0.000513573933858, 0.0037494301796, -0.0021747648716], [0.000555858772714, -0.00365335773677, 0.00165435601957, -0.00431215623394, 0.00361335999332, -0.00184100610204, -0.00193614966702, -0.00155546539463, 0.0149785596877, -0.0045396280475, 0.000695446855389, 0.00077532621799, 0.00138520123437], [-0.00071886065416, 0.00695595378056, -0.00145811995026, 0.00574781885371, -0.00477695465088, 0.00752795021981, -0.00148301909212, 0.000956585921813, -0.0045396280475, 0.020369052887, -0.00550933880731, 0.00391551665962, -0.00398791721091], [0.00110905489419, -0.00481762178242, 0.00374052068219, -0.00342098739929, 0.00226445961744, -0.00771980639547, 0.00403568195179, -0.000513573933858, 0.000695446855389, -0.00550933880731, 0.0175565276295, -0.00719260796905, 0.00359781319275], [-0.00110351119656, 0.00624879030511, -0.00259794807062, 0.00833735708147, -0.0040498059243, 0.00826961454004, -0.00512145552784, 0.0037494301796, 0.00077532621799, 0.00391551665962, -0.00719260796905, 0.0245694573969, -0.0092811267823], [0.000879090337548, -0.00461980514228, 0.00168074888643, -0.00742962583899, 0.0043417243287, -0.0044720787555, 0.00341980205849, -0.0021747648716, 0.00138520123437, -0.00398791721091, 0.00359781319275, -0.0092811267823, 0.0191944148391]]}, "melbands": {"dmean": [0.00142275844701, 0.00179509341251, 0.000600051775109, 0.000180292627192, 0.000111645611469, 8.74133766047e-05, 5.67147217225e-05, 2.60412471107e-05, 2.77678718703e-05, 1.40187021316e-05, 1.97481967916e-05, 2.41283178184e-05, 1.34685296871e-05, 7.47591766412e-05, 9.47884254856e-05, 6.31518632872e-05, 3.84176310035e-05, 3.43398678524e-05, 3.96495670429e-05, 2.78920651908e-05, 2.99300118058e-05, 1.65143283084e-05, 2.47372081503e-05, 1.68214774021e-05, 2.54283986578e-05, 1.45434032675e-05, 5.99043414695e-06, 5.31930299985e-06, 1.40281952099e-06, 5.40032715435e-07, 1.77131880719e-07, 6.70972823968e-08, 3.33548513254e-08, 2.2707492775e-08, 1.69407297079e-08, 1.35456037498e-08, 1.21823289234e-08, 1.27607844291e-08, 2.19742535279e-08, 1.24614425445e-08], "dmean2": [0.00242492905818, 0.00293626380153, 0.000996176735498, 0.000280393578578, 0.000160228344612, 0.000121758239402, 7.84347575973e-05, 3.81608551834e-05, 3.71860842279e-05, 2.03312265512e-05, 2.61783607129e-05, 3.27333837049e-05, 2.08353576454e-05, 9.42868355196e-05, 0.000113170921395, 8.250263636e-05, 5.82780157856e-05, 4.99763591506e-05, 5.81496278755e-05, 4.37493617937e-05, 4.80332309962e-05, 2.70823329629e-05, 4.17705596192e-05, 2.82003529719e-05, 4.19888019678e-05, 2.4018359909e-05, 9.66324023466e-06, 8.79634535522e-06, 2.33210880651e-06, 8.85782981186e-07, 2.95420932162e-07, 1.13014507974e-07, 5.41722684488e-08, 3.87527663293e-08, 2.8879581393e-08, 2.36676740428e-08, 2.14987405656e-08, 2.12021848967e-08, 3.44879858005e-08, 2.02930756643e-08], "dvar": [3.55751762982e-06, 5.18937758898e-06, 1.164123546e-06, 1.50254166442e-07, 2.5773475798e-08, 3.26974820553e-08, 1.2887036327e-08, 5.09775954782e-09, 3.86942167196e-09, 1.04562514203e-09, 1.04608965934e-09, 2.1221879809e-09, 7.43957617733e-10, 2.21722533666e-08, 2.91954531662e-08, 1.68057763261e-08, 6.49513687279e-09, 6.27546059562e-09, 5.69394087435e-09, 3.66256069917e-09, 2.19136331303e-09, 5.3875409689e-10, 1.29746624555e-09, 7.91315402093e-10, 1.75608783071e-09, 7.41304406748e-10, 1.29563193507e-10, 2.7992999585e-10, 5.75786640589e-12, 1.09765029097e-12, 7.00727724543e-14, 1.29209565207e-14, 4.91739895331e-15, 3.21351997035e-15, 1.50642183867e-15, 1.44816375959e-15, 8.26170366945e-16, 2.38032415332e-15, 5.13371592144e-14, 1.24354653992e-15], "dvar2": [1.17712306746e-05, 1.35208392749e-05, 2.85037344838e-06, 3.43668318692e-07, 4.86390270282e-08, 6.73608155921e-08, 2.60360639714e-08, 1.06937863009e-08, 6.80526035524e-09, 2.11787742899e-09, 1.73155778604e-09, 3.43269923597e-09, 1.91694971008e-09, 3.05508329745e-08, 4.00799997635e-08, 2.44658728832e-08, 1.44950638159e-08, 1.30755459793e-08, 1.02616235509e-08, 8.10470268675e-09, 5.45734746282e-09, 1.40895817236e-09, 3.75937281305e-09, 2.02351357892e-09, 4.64360505603e-09, 2.07596673185e-09, 3.15071135848e-10, 7.57397478068e-10, 1.51170499729e-11, 2.85922782846e-12, 1.93844736812e-13, 3.26717582296e-14, 1.13383787968e-14, 9.12817252883e-15, 3.76894213199e-15, 3.71631216333e-15, 2.2593574723e-15, 6.42374371198e-15, 1.50842310647e-13, 2.76449827589e-15], "max": [0.0249242354184, 0.0427982285619, 0.0207431931049, 0.0103565119207, 0.00406634714454, 0.00390863511711, 0.00277780648321, 0.00192533817608, 0.00223911227658, 0.000985614606179, 0.000732754939236, 0.00172016769648, 0.000747541547753, 0.00237714871764, 0.00329129141755, 0.00277330446988, 0.00144998845644, 0.00173816783354, 0.00120528764091, 0.00141461321618, 0.000904361309949, 0.000492266670335, 0.000432332308264, 0.000693481881171, 0.000630410911981, 0.00049430062063, 0.000199268208235, 0.000502556562424, 5.0851420383e-05, 3.01159361698e-05, 4.19899424742e-06, 2.43553722612e-06, 2.47337789006e-06, 8.28990266655e-07, 7.89795876699e-07, 9.17863985705e-07, 5.89550040786e-07, 2.29182433031e-06, 1.56003607117e-05, 1.14577233035e-06], "mean": [0.00276671326719, 0.00375534035265, 0.000978783355094, 0.000414445006754, 0.000269380019745, 0.000256376020843, 0.000153720116941, 5.71314012632e-05, 9.48523738771e-05, 4.5064920414e-05, 6.17561163381e-05, 5.18217784702e-05, 2.94655928883e-05, 0.000173015330802, 0.000205024538445, 0.000127483537653, 6.74836410326e-05, 6.11170107732e-05, 7.72605781094e-05, 5.73415891267e-05, 6.11170471529e-05, 3.6551096855e-05, 4.7695270041e-05, 3.49222827936e-05, 4.90157290187e-05, 2.74917438219e-05, 1.29518830363e-05, 1.07785317596e-05, 3.03973433802e-06, 1.15598049888e-06, 4.18333229391e-07, 1.44445465367e-07, 7.16767942777e-08, 4.30672741913e-08, 2.93874879986e-08, 2.17940900882e-08, 2.16258797536e-08, 2.64152344442e-08, 5.47547465146e-08, 3.24605125002e-08], "median": [0.00205578841269, 0.00294230971485, 0.000618399702944, 0.000261436332949, 0.000180464150617, 0.000135446665809, 8.279652684e-05, 3.2083626138e-05, 3.2823310903e-05, 2.25190597121e-05, 2.5720531994e-05, 2.63579586317e-05, 1.53607234097e-05, 3.98607371608e-05, 5.6127908465e-05, 2.72706729447e-05, 2.3066837457e-05, 1.78936134034e-05, 3.25973414874e-05, 3.00541050819e-05, 3.03513879771e-05, 2.45224546234e-05, 3.04273817164e-05, 2.32547499763e-05, 2.71877925115e-05, 1.27728089865e-05, 6.20341688773e-06, 3.96887207899e-06, 1.83495603778e-06, 6.81202209307e-07, 2.72277134172e-07, 9.42581479535e-08, 4.47613501819e-08, 2.48342946207e-08, 1.53393742153e-08, 1.18876286592e-08, 1.40008591387e-08, 1.11715863227e-08, 1.04982236238e-08, 4.60740334773e-09], "min": [7.82997696543e-24, 5.77000397324e-24, 5.74557531759e-24, 1.04292002841e-23, 6.31557544213e-24, 5.5516346529e-24, 3.88342142473e-24, 8.31568335794e-24, 8.16019335149e-24, 6.93513338645e-24, 3.33790912041e-24, 4.98280835339e-24, 5.45399221107e-24, 1.38727169749e-23, 5.92799585205e-24, 8.48105858039e-24, 1.88677921153e-23, 1.22789994319e-23, 1.09556481869e-23, 1.37272636457e-23, 1.28006676265e-23, 9.42443445998e-24, 9.59453338153e-24, 1.00156604649e-23, 7.32515805091e-24, 7.87490338284e-24, 1.24930000405e-23, 1.14641857917e-23, 7.94060602992e-24, 1.1697017299e-23, 1.09999853252e-23, 8.25327736059e-24, 1.01005639864e-23, 9.75468555592e-24, 6.95321565612e-24, 9.75195373061e-24, 1.14641992024e-23, 1.28378584738e-23, 1.20459036561e-23, 1.17900153223e-23], "var": [5.64311130802e-06, 9.78749903879e-06, 1.75479783593e-06, 3.28934021354e-07, 1.03523639439e-07, 1.33244029143e-07, 4.47720012176e-08, 9.9975272505e-09, 3.29364837626e-08, 7.58155493941e-09, 9.28949894785e-09, 9.28163146341e-09, 1.87422921627e-09, 1.04153954794e-07, 1.15068893081e-07, 6.55335838928e-08, 1.44750167408e-08, 1.58827511143e-08, 1.63981734858e-08, 9.58981427601e-09, 6.34362340435e-09, 1.5172071377e-09, 2.73773892445e-09, 1.86446880157e-09, 3.83448517383e-09, 1.53043366868e-09, 3.16670939471e-10, 6.3704502784e-10, 1.39186396783e-11, 3.10294194852e-12, 2.0157439357e-13, 2.95867117698e-14, 1.13637042349e-14, 3.96625718651e-15, 2.84973011917e-15, 2.19397732844e-15, 1.00213622072e-15, 7.75100961198e-15, 2.34115380077e-13, 6.05792627569e-15]}, "mfcc": {"mean": [-667.934448242, 177.47215271, -55.0954170227, 60.0375022888, 22.4895591736, 2.84206652641, 22.1174087524, 1.0087736845, 0.583331823349, 1.44466459751, 2.48608016968, 6.34461688995, 3.23232150078], "cov": [[2271.95776367, -669.711242676, -582.525878906, -212.893661499, 117.604263306, 55.9694862366, 42.7661705017, -15.5323963165, -140.108673096, 15.0296001434, 3.95526027679, -16.7765445709, 90.8412628174], [-669.711242676, 449.99810791, 115.03730011, 105.4633255, -84.5445632935, -7.62616157532, -51.8395652771, 5.54057598114, 30.5655555725, -14.5962581635, 2.97658514977, -8.08224964142, -30.494260788], [-582.525878906, 115.03730011, 525.944580078, -82.9463272095, 3.64868593216, -96.6397094727, -14.2769165039, 15.0027503967, 51.1947631836, -2.69611501694, -23.8397884369, -13.202293396, -57.6618804932], [-212.893661499, 105.4633255, -82.9463272095, 222.776687622, -47.8151473999, 44.5391387939, -25.1075363159, -11.0720672607, 29.8778972626, -4.78267908096, -8.76901435852, 9.29215431213, 2.30347275734], [117.604263306, -84.5445632935, 3.64868593216, -47.8151473999, 131.343231201, -4.14586019516, 35.7983512878, -1.4314661026, -18.8129196167, -2.977414608, 9.07739639282, -1.77252995968, 10.8998727798], [55.9694862366, -7.62616157532, -96.6397094727, 44.5391387939, -4.14586019516, 137.802124023, 4.86253643036, -1.56658995152, -14.2804889679, -2.05322957039, -4.22488689423, 6.67913866043, 3.77644276619], [42.7661705017, -51.8395652771, -14.2769165039, -25.1075363159, 35.7983512878, 4.86253643036, 92.8199081421, 5.26225662231, -2.33007931709, -11.6482000351, 4.93561124802, 0.738564670086, 4.86230373383], [-15.5323963165, 5.54057598114, 15.0027503967, -11.0720672607, -1.4314661026, -1.56658995152, 5.26225662231, 84.3181533813, 2.88005018234, 7.97011423111, -12.9095821381, 6.78082227707, -3.39901638031], [-140.108673096, 30.5655555725, 51.1947631836, 29.8778972626, -18.8129196167, -14.2804889679, -2.33007931709, 2.88005018234, 98.0360107422, 6.81424283981, -0.695231795311, -8.23248004913, -3.33022761345], [15.0296001434, -14.5962581635, -2.69611501694, -4.78267908096, -2.977414608, -2.05322957039, -11.6482000351, 7.97011423111, 6.81424283981, 77.9714889526, 6.32110691071, 14.3108148575, -4.42068386078], [3.95526027679, 2.97658514977, -23.8397884369, -8.76901435852, 9.07739639282, -4.22488689423, 4.93561124802, -12.9095821381, -0.695231795311, 6.32110691071, 77.9105911255, 7.33529043198, 6.67885446548], [-16.7765445709, -8.08224964142, -13.202293396, 9.29215431213, -1.77252995968, 6.67913866043, 0.738564670086, 6.78082227707, -8.23248004913, 14.3108148575, 7.33529043198, 79.8982620239, 13.2604341507], [90.8412628174, -30.494260788, -57.6618804932, 2.30347275734, 10.8998727798, 3.77644276619, 4.86230373383, -3.39901638031, -3.33022761345, -4.42068386078, 6.67885446548, 13.2604341507, 75.3239212036]], "icov": [[0.00132701022085, 0.0014253326226, 0.00133022968657, 0.00105398346204, -3.31554911099e-05, 0.000148982231622, 0.000685811741278, -9.5787600003e-06, 0.000506873708218, 4.56305824628e-05, 0.000336121040164, 0.000545287970454, -0.000185352109838], [0.0014253326226, 0.00478748558089, 0.000486061529955, -0.000473859690828, 0.00135445978958, 0.000181045557838, 0.00159630074631, -0.000541895860806, 0.000801958609372, 0.000787574332207, -0.000664205173962, 0.000926071137656, 0.000250759127084], [0.00133022968657, 0.000486061529955, 0.00433932663873, 0.00251360819675, -0.000711103668436, 0.00154649280012, 0.0010554920882, 1.07759242383e-05, -0.00112889090087, 0.000381915393518, 0.00144395814277, 8.26941868581e-06, 0.00163821107708], [0.00105398346204, -0.000473859690828, 0.00251360819675, 0.00765560427681, 0.000635064323433, -0.00131853052881, 0.00141265918501, 0.000998361734673, -0.00214671902359, 0.000570737989619, 0.00152348331176, -0.000753552012611, 9.13774056244e-05], [-3.31554911099e-05, 0.00135445978958, -0.000711103668436, 0.000635064323433, 0.00994419120252, -8.7447144324e-05, -0.0028536056634, 0.000142493183375, 0.00153893651441, -1.75910754479e-05, -0.00109992804937, 0.000637293793261, -0.00116708385758], [0.000148982231622, 0.000181045557838, 0.00154649280012, -0.00131853052881, -8.7447144324e-05, 0.00886051356792, -0.000553080113605, -9.56394214882e-05, 0.00100691977423, 9.6609335742e-05, 0.000791906786617, -0.000384187645977, 0.00076522724703], [0.000685811741278, 0.00159630074631, 0.0010554920882, 0.00141265918501, -0.0028536056634, -0.000553080113605, 0.0133894495666, -0.00112738623284, -0.00096476112958, 0.0024789236486, -0.000556932820473, -0.000273257377557, 0.000309749244479], [-9.5787600003e-06, -0.000541895860806, 1.07759242383e-05, 0.000998361734673, 0.000142493183375, -9.56394214882e-05, -0.00112738623284, 0.012746296823, -0.000527080264874, -0.00140480045229, 0.00250537483953, -0.00131475401577, 0.000305578578264], [0.000506873708218, 0.000801958609372, -0.00112889090087, -0.00214671902359, 0.00153893651441, 0.00100691977423, -0.00096476112958, -0.000527080264874, 0.0125975310802, -0.00162285135593, -0.000647365231998, 0.00209656823426, -0.00116982182954], [4.56305824628e-05, 0.000787574332207, 0.000381915393518, 0.000570737989619, -1.75910754479e-05, 9.6609335742e-05, 0.0024789236486, -0.00140480045229, -0.00162285135593, 0.0143709173426, -0.00130156602245, -0.00272675883025, 0.00168011849746], [0.000336121040164, -0.000664205173962, 0.00144395814277, 0.00152348331176, -0.00109992804937, 0.000791906786617, -0.000556932820473, 0.00250537483953, -0.000647365231998, -0.00130156602245, 0.014343126677, -0.00130156544037, -0.000494661100674], [0.000545287970454, 0.000926071137656, 8.26941868581e-06, -0.000753552012611, 0.000637293793261, -0.000384187645977, -0.000273257377557, -0.00131475401577, 0.00209656823426, -0.00272675883025, -0.00130156544037, 0.0142673254013, -0.00283161038533], [-0.000185352109838, 0.000250759127084, 0.00163821107708, 9.13774056244e-05, -0.00116708385758, 0.00076522724703, 0.000309749244479, 0.000305578578264, -0.00116982182954, 0.00168011849746, -0.000494661100674, -0.00283161038533, 0.0155658870935]]}, "spectral_contrast_coeffs": {"dmean": [0.0412215292454, 0.0367126092315, 0.0332900360227, 0.032080065459, 0.0231090076268, 0.0212410017848], "dmean2": [0.0699447840452, 0.0582339167595, 0.0518205240369, 0.0513322129846, 0.0379996597767, 0.0340009406209], "dvar": [0.00108330626972, 0.000898687634617, 0.000804117473308, 0.000788959499914, 0.000399722572183, 0.000535244995262], "dvar2": [0.00303372880444, 0.00225853105076, 0.00191985582933, 0.00192664586939, 0.00106249086093, 0.00123588962015], "max": [-0.441943705082, -0.493913978338, -0.477518945932, -0.446950256824, -0.502854406834, -0.523642659187], "mean": [-0.668753564358, -0.707766354084, -0.71399307251, -0.667364299297, -0.665189981461, -0.716819941998], "median": [-0.670546591282, -0.709476649761, -0.717372655869, -0.669476389885, -0.663110494614, -0.721195161343], "min": [-0.95109140873, -0.962539076805, -0.966991364956, -0.953443586826, -0.958896875381, -0.957343578339], "var": [0.00278456648812, 0.00359006691724, 0.00475439336151, 0.00556417927146, 0.00272065540776, 0.00312553904951]}, "spectral_contrast_valleys": {"dmean": [0.347151428461, 0.295922070742, 0.281567573547, 0.254890948534, 0.174556225538, 0.286885797977], "dmean2": [0.583918631077, 0.478027790785, 0.460115522146, 0.422966778278, 0.285318911076, 0.454305976629], "dvar": [0.150130406022, 0.132105439901, 0.128842011094, 0.140872329473, 0.102091178298, 0