{"lowlevel": {"average_loudness": 0.891556084156, "barkbands_crest": {"dmean": 2.3059399128, "dmean2": 3.77362966537, "dvar": 4.94189739227, "dvar2": 13.5707063675, "max": 24.4848003387, "mean": 10.9299926758, "median": 9.9793214798, "min": 3.71179628372, "var": 15.7814435959}, "barkbands_flatness_db": {"dmean": 0.0239902678877, "dmean2": 0.0346121788025, "dvar": 0.000511255115271, "dvar2": 0.00102856184822, "max": 0.49730655551, "mean": 0.194454073906, "median": 0.190053939819, "min": 0.0602801777422, "var": 0.00255470629781}, "barkbands_kurtosis": {"dmean": 3.09377861023, "dmean2": 4.93502569199, "dvar": 22.6426868439, "dvar2": 54.1428565979, "max": 167.574035645, "mean": 6.97166776657, "median": 5.19416046143, "min": -0.945118665695, "var": 53.6231803894}, "barkbands_skewness": {"dmean": 0.464175075293, "dmean2": 0.721654772758, "dvar": 0.232727631927, "dvar2": 0.551867187023, "max": 9.97456455231, "mean": 2.07419419289, "median": 1.92371618748, "min": -1.77512156963, "var": 0.811007380486}, "barkbands_spread": {"dmean": 2.33147120476, "dmean2": 3.58973097801, "dvar": 6.96168041229, "dvar2": 15.2407579422, "max": 44.598323822, "mean": 9.67234134674, "median": 8.65942668915, "min": 1.1314483881, "var": 23.7342624664}, "dissonance": {"dmean": 0.0236220862716, "dmean2": 0.0381065756083, "dvar": 0.000467701000161, "dvar2": 0.00118091935292, "max": 0.49999755621, "mean": 0.435562252998, "median": 0.443557560444, "min": 0.182151541114, "var": 0.00152975681704}, "dynamic_complexity": 2.3111011982, "erbbands_crest": {"dmean": 2.07706642151, "dmean2": 3.29731917381, "dvar": 3.91499638557, "dvar2": 9.55240821838, "max": 24.7569580078, "mean": 8.62759685516, "median": 7.85502719879, "min": 2.69916653633, "var": 11.0477743149}, "erbbands_flatness_db": {"dmean": 0.0201283749193, "dmean2": 0.027339912951, "dvar": 0.000439488881966, "dvar2": 0.000805326853879, "max": 0.443786174059, "mean": 0.198058158159, "median": 0.197834864259, "min": 0.0768310055137, "var": 0.00255727651529}, "erbbands_kurtosis": {"dmean": 0.86519497633, "dmean2": 1.32204020023, "dvar": 1.19145953655, "dvar2": 2.50455355644, "max": 29.0769844055, "mean": 0.933877170086, "median": 0.489106893539, "min": -1.58192968369, "var": 3.86276960373}, "erbbands_skewness": {"dmean": 0.279433697462, "dmean2": 0.420903921127, "dvar": 0.0625111758709, "dvar2": 0.136554032564, "max": 4.34958982468, "mean": 0.854106605053, "median": 0.854362726212, "min": -0.757922530174, "var": 0.271427005529}, "erbbands_spread": {"dmean": 5.31856822968, "dmean2": 7.65753269196, "dvar": 29.7527370453, "dvar2": 58.8660888672, "max": 92.1949310303, "mean": 28.2532958984, "median": 26.5125904083, "min": 5.63607549667, "var": 142.145401001}, "hfc": {"dmean": 3.93234610558, "dmean2": 5.44251251221, "dvar": 35.7084922791, "dvar2": 63.3354797363, "max": 91.5099563599, "mean": 14.3808259964, "median": 12.0694389343, "min": 1.21993404068e-16, "var": 111.445610046}, "melbands_crest": {"dmean": 2.96975493431, "dmean2": 4.8080072403, "dvar": 7.99532270432, "dvar2": 20.5958042145, "max": 33.339138031, "mean": 14.8183240891, "median": 13.6349649429, "min": 1.97061216831, "var": 29.6136054993}, "melbands_flatness_db": {"dmean": 0.0261047035456, "dmean2": 0.0383880063891, "dvar": 0.000670237815939, "dvar2": 0.00136466894764, "max": 0.538890123367, "mean": 0.269948333502, "median": 0.265608042479, "min": 0.00809475127608, "var": 0.00335801835172}, "melbands_kurtosis": {"dmean": 5.35519170761, "dmean2": 8.44250583649, "dvar": 59.9039840698, "dvar2": 145.039611816, "max": 155.429718018, "mean": 13.165564537, "median": 9.46295547485, "min": -1.28598773479, "var": 149.967651367}, "melbands_skewness": {"dmean": 0.554874956608, "dmean2": 0.850612103939, "dvar": 0.340692251921, "dvar2": 0.800877809525, "max": 8.41630840302, "mean": 2.62192511559, "median": 2.40721464157, "min": 0.0937416851521, "var": 1.37992978096}, "melbands_spread": {"dmean": 2.53327870369, "dmean2": 3.96081614494, "dvar": 15.2014636993, "dvar2": 25.5529289246, "max": 146.147720337, "mean": 10.1455564499, "median": 9.20427513123, "min": 0.614605724812, "var": 31.4710941315}, "pitch_salience": {"dmean": 0.0657055750489, "dmean2": 0.105142757297, "dvar": 0.00375989824533, "dvar2": 0.0095058074221, "max": 0.97951567173, "mean": 0.555928647518, "median": 0.57383710146, "min": 0.115885004401, "var": 0.0156637951732}, "silence_rate_20dB": {"dmean": 0, "dmean2": 0, "dvar": 0, "dvar2": 0, "max": 1, "mean": 1, "median": 1, "min": 1, "var": 0}, "silence_rate_30dB": {"dmean": 0.0381826981902, "dmean2": 0.0763838514686, "dvar": 0.0367261767387, "dvar2": 0.0835992470384, "max": 1, "mean": 0.928968369961, "median": 1, "min": 0, "var": 0.0659856572747}, "silence_rate_60dB": {"dmean": 0.0033832769841, "dmean2": 0.00652646832168, "dvar": 0.00337182846852, "dvar2": 0.00793367717415, "max": 1, "mean": 0.00918096117675, "median": 0, "min": 0, "var": 0.00909676402807}, "spectral_centroid": {"dmean": 117.721984863, "dmean2": 177.247573853, "dvar": 45128.0078125, "dvar2": 64071.6796875, "max": 11033.3447266, "mean": 695.75958252, "median": 628.023925781, "min": 156.935180664, "var": 100949.710938}, "spectral_complexity": {"dmean": 2.97245049477, "dmean2": 4.31883001328, "dvar": 15.9450273514, "dvar2": 21.8183479309, "max": 60, "mean": 16.9567527771, "median": 16, "min": 0, "var": 63.2934379578}, "spectral_decrease": {"dmean": 3.41811645654e-09, "dmean2": 5.43184119906e-09, "dvar": 2.71095128156e-17, "dvar2": 6.94211461434e-17, "max": 2.36007764653e-28, "mean": -1.09998463671e-08, "median": -8.41416003539e-09, "min": -6.86378527348e-08, "var": 8.95803449996e-17}, "spectral_energy": {"dmean": 0.0131971910596, "dmean2": 0.0209024790674, "dvar": 0.000399438140448, "dvar2": 0.00101657595951, "max": 0.263091236353, "mean": 0.0428203158081, "median": 0.0330407209694, "min": 1.09662144928e-20, "var": 0.00132271903567}, "spectral_energyband_high": {"dmean": 0.000125522841699, "dmean2": 0.000165886143805, "dvar": 6.51124452133e-08, "dvar2": 1.1674682554e-07, "max": 0.00684411125258, "mean": 0.000224047733354, "median": 6.87267747708e-05, "min": 7.81089365651e-21, "var": 2.00553770924e-07}, "spectral_energyband_low": {"dmean": 0.00930576957762, "dmean2": 0.0152845345438, "dvar": 0.000299917446682, "dvar2": 0.00080578570487, "max": 0.238492652774, "mean": 0.0205766987056, "median": 0.0052826879546, "min": 9.40225200687e-23, "var": 0.000954183691647}, "spectral_energyband_middle_high": {"dmean": 0.00114279985428, "dmean2": 0.00161482940894, "dvar": 4.58120439362e-06, "dvar2": 8.99378937902e-06, "max": 0.0308068580925, "mean": 0.00321781635284, "median": 0.00245784712024, "min": 1.46611543565e-21, "var": 9.57386419032e-06}, "spectral_energyband_middle_low": {"dmean": 0.00610411306843, "dmean2": 0.00942564941943, "dvar": 9.08218571567e-05, "dvar2": 0.000222869013669, "max": 0.182031020522, "mean": 0.0206065140665, "median": 0.0167414546013, "min": 5.15835413861e-22, "var": 0.000234797058511}, "spectral_entropy": {"dmean": 0.206937998533, "dmean2": 0.295215219259, "dvar": 0.0495101101696, "dvar2": 0.0948237404227, "max": 9.81732749939, "mean": 6.94928503036, "median": 6.9366736412, "min": 4.42267608643, "var": 0.234396323562}, "spectral_flux": {"dmean": 0.0292418412864, "dmean2": 0.0457373932004, "dvar": 0.00128343817778, "dvar2": 0.00289713591337, "max": 0.39601239562, "mean": 0.0806187540293, "median": 0.0665112286806, "min": 1.04719698191e-10, "var": 0.00287517299876}, "spectral_kurtosis": {"dmean": 4.29190063477, "dmean2": 7.01128959656, "dvar": 30.8762702942, "dvar2": 78.299949646, "max": 88.2389984131, "mean": 9.41574859619, "median": 7.31506443024, "min": -1.18290245533, "var": 63.5016365051}, "spectral_rms": {"dmean": 0.000898334546946, "dmean2": 0.00137648091186, "dvar": 1.18710045172e-06, "dvar2": 2.76819559986e-06, "max": 0.016021059826, "mean": 0.00594057142735, "median": 0.00567757431418, "min": 3.2708937555e-12, "var": 6.48558261673e-06}, "spectral_rolloff": {"dmean": 141.474746704, "dmean2": 232.650466919, "dvar": 200571.953125, "dvar2": 250732.109375, "max": 19099.9511719, "mean": 628.251586914, "median": 538.330078125, "min": 64.599609375, "var": 268699.71875}, "spectral_skewness": {"dmean": 0.398859649897, "dmean2": 0.621209383011, "dvar": 0.17658393085, "dvar2": 0.425291478634, "max": 7.51903009415, "mean": 2.15817713737, "median": 2.02955269814, "min": -0.00599858677015, "var": 0.57381105423}, "spectral_spread": {"dmean": 471445.96875, "dmean2": 640433.9375, "dvar": 642090860544, "dvar2": 792471339008, "max": 40667268, "mean": 3198104, "median": 2870196.5, "min": 805871, "var": 1614045380610.0}, "spectral_strongpeak": {"dmean": 0.294097810984, "dmean2": 0.488874405622, "dvar": 0.138744562864, "dvar2": 0.333244889975, "max": 4.25823163986, "mean": 0.724432528019, "median": 0.607481360435, "min": 0, "var": 0.26313868165}, "zerocrossingrate": {"dmean": 0.00472315959632, "dmean2": 0.00573402922601, "dvar": 0.000123238001834, "dvar2": 0.000129233303596, "max": 0.50390625, "mean": 0.0294463448226, "median": 0.02783203125, "min": 0.00390625, "var": 0.000256168888882}, "barkbands": {"dmean": [0.000738937116694, 0.00594859942794, 0.00386593141593, 0.00219325441867, 0.00240520457737, 0.00245751440525, 0.000728946877643, 0.000861151260324, 0.000442541611847, 0.000545557530131, 0.000427574967034, 0.000128370520542, 0.00018948232173, 0.000151099680807, 0.000141309254104, 0.000161376112374, 9.40622994676e-05, 7.17306029401e-05, 8.02458089311e-05, 5.63405628782e-05, 4.76567547594e-05, 2.43971444434e-05, 1.7890934032e-05, 1.18410916912e-05, 6.13557176621e-06, 3.48937328454e-06, 3.22072622794e-07], "dmean2": [0.000872247561347, 0.00973001495004, 0.0067740320228, 0.00372617132962, 0.00368810561486, 0.00372321670875, 0.00108003511559, 0.0012460075086, 0.000617043755483, 0.000797791872174, 0.000653696770314, 0.0002049155446, 0.000305051624309, 0.000241724163061, 0.000229141296586, 0.000253995181993, 0.000143425990245, 9.87816747511e-05, 0.000120456017612, 7.83163341112e-05, 7.13607878424e-05, 3.27218767779e-05, 2.51357359957e-05, 1.62851465575e-05, 8.16789724922e-06, 4.7041153266e-06, 5.08120422182e-07], "dvar": [2.55785016634e-06, 0.00021330419986, 6.09568924119e-05, 3.90273162338e-05, 1.21424554891e-05, 1.3114923604e-05, 1.15064494821e-06, 1.30500598061e-06, 4.66133798227e-07, 7.40443738323e-07, 7.99985741651e-07, 4.56837696561e-08, 1.40813398275e-07, 7.90652023852e-08, 5.85320272251e-08, 8.06020210575e-08, 2.70732698482e-08, 2.219631412e-08, 3.25219424724e-08, 1.716827569e-08, 1.32226585237e-08, 2.1033277342e-09, 2.12762163443e-09, 7.55523699159e-10, 1.90006371747e-10, 7.97555146925e-11, 3.03230704435e-12], "dvar2": [4.28810426456e-06, 0.00061549723614, 0.000176933972398, 0.000105056838947, 3.08462185785e-05, 3.03385222651e-05, 2.12019608625e-06, 2.6644574973e-06, 8.25585971143e-07, 1.6842381001e-06, 1.7775436163e-06, 1.1770374897e-07, 3.38026097779e-07, 1.88686740898e-07, 1.39345246453e-07, 2.01812383693e-07, 5.31663708614e-08, 3.85454086427e-08, 6.93663650964e-08, 3.13134727037e-08, 2.75642335623e-08, 3.53266682573e-09, 5.20232168455e-09, 1.65109947936e-09, 3.96019883553e-10, 1.61873556226e-10, 7.97584220891e-12], "max": [0.0176844857633, 0.212441653013, 0.0951272249222, 0.121279522777, 0.0525434538722, 0.0547267459333, 0.0309214163572, 0.0192680731416, 0.014777851291, 0.0125101227313, 0.0168075188994, 0.00318508385681, 0.00468470994383, 0.00475601991639, 0.00346128176898, 0.00378573522903, 0.00249410863034, 0.00215895404108, 0.00222796294838, 0.00269009452313, 0.00132590928115, 0.0014077462256, 0.00174547324423, 0.000856208673213, 0.000395044829929, 0.000160202238476, 4.08293453802e-05], "mean": [0.00144673627801, 0.0125263286754, 0.00521670794114, 0.00305602233857, 0.006681246683, 0.00537590263411, 0.00176825595554, 0.00195420440286, 0.000971778354142, 0.00118701031897, 0.000674780574627, 0.000229635857977, 0.000285343383439, 0.000245831673965, 0.000232669364777, 0.000261954264715, 0.000176563378773, 0.000123675708892, 0.000136938338983, 9.12707182579e-05, 7.41521071177e-05, 4.31935623055e-05, 2.6929530577e-05, 1.81764280569e-05, 9.91082924884e-06, 4.83005487695e-06, 3.12689877546e-07], "median": [2.56453240581e-05, 0.000411992456065, 0.00201866682619, 0.00111404631753, 0.00443615438417, 0.00354294828139, 0.00128669699188, 0.0013337219134, 0.000641512626316, 0.000789498270024, 0.000355280993972, 0.000155603032908, 0.000144228062709, 0.000121781100461, 0.000140453514177, 0.000131242792122, 0.000108294480015, 6.46890912321e-05, 7.02490069671e-05, 3.26260378642e-05, 2.27118052862e-05, 1.27950179376e-05, 5.1718393479e-06, 2.61793388745e-06, 1.34408890062e-06, 3.48643482084e-07, 1.07331166177e-08], "min": [2.63633149339e-23, 4.68189767664e-23, 2.51050565466e-23, 4.21046808879e-23, 6.80975151863e-23, 1.800965029e-22, 1.22055500129e-22, 5.16623744652e-23, 4.270538269e-23, 6.70110959477e-23, 2.67802563213e-23, 9.07582704408e-23, 1.85622505095e-22, 7.7588862406e-23, 1.40459082312e-22, 2.16090029816e-22, 2.10852750712e-22, 1.96322033812e-22, 1.79518198437e-22, 2.33901600288e-22, 3.79142757408e-22, 4.5893574767e-22, 9.06615800752e-22, 9.7930621559e-22, 9.37888922851e-22, 1.46577484968e-21, 2.77988686107e-21], "var": [8.17451109469e-06, 0.000593872333411, 8.09080374893e-05, 4.57319838461e-05, 4.5428496378e-05, 3.6491001083e-05, 3.79663924832e-06, 4.26398128184e-06, 1.21317725643e-06, 1.72405134435e-06, 1.07660412141e-06, 6.50774651945e-08, 1.93522751601e-07, 1.40589733633e-07, 9.65044435475e-08, 1.6004509007e-07, 5.7530616715e-08, 4.40752216946e-08, 5.70268667843e-08, 3.852092334e-08, 2.65749857675e-08, 6.63906485343e-09, 4.96919572157e-09, 2.7665589819e-09, 6.04303662666e-10, 1.34065633595e-10, 2.45256874705e-12]}, "erbbands": {"dmean": [0.216409310699, 1.27026462555, 3.87692737579, 6.12069129944, 6.23689699173, 8.97232437134, 15.8188896179, 21.4913253784, 13.0816736221, 19.7306671143, 10.1876564026, 12.1485567093, 19.2172355652, 7.78191995621, 19.7003078461, 6.09357404709, 8.48067378998, 7.77709007263, 6.34757375717, 8.11668491364, 6.32556819916, 4.3083691597, 4.30489778519, 4.02816534042, 3.5927901268, 2.74295520782, 1.95670795441, 1.77955555916, 1.04210948944, 0.594815790653, 0.532830893993, 0.305475801229, 0.162055462599, 0.0820104703307, 0.0384250544012, 0.0152636859566, 0.00705658411607, 0.00113055366091, 5.52394922124e-05, 1.61104071594e-05], "dmean2": [0.359808146954, 2.0464515686, 6.61572599411, 10.4649372101, 10.2460393906, 13.6578483582, 24.4461803436, 32.7871589661, 17.5771064758, 30.9785575867, 14.2877874374, 16.7589740753, 28.0189590454, 11.7736644745, 30.0099201202, 9.40446949005, 13.3907251358, 12.2139921188, 9.84960651398, 12.8781929016, 9.91047000885, 6.30411195755, 6.09398460388, 6.30860376358, 5.38809871674, 3.91851520538, 2.79443979263, 2.57684087753, 1.4191133976, 0.814373672009, 0.769666612148, 0.432040691376, 0.228536635637, 0.111978679895, 0.0515895746648, 0.0210630521178, 0.00980475638062, 0.0015183056239, 8.49299685797e-05, 2.54307542491e-05], "dvar": [0.279059350491, 10.4064846039, 65.3696365356, 210.995315552, 274.486175537, 181.55909729, 609.664367676, 1058.1505127, 527.727050781, 743.363647461, 262.044036865, 358.48815918, 1002.77252197, 213.263153076, 1732.76635742, 100.130905151, 242.918182373, 213.567199707, 147.950927734, 133.111190796, 124.835678101, 62.1635017395, 87.2412643433, 71.1109542847, 64.6833496094, 41.3205718994, 23.8629074097, 16.9144115448, 3.97327685356, 2.22939276695, 1.7953877449, 0.493557691574, 0.166490986943, 0.0374843515456, 0.00878043100238, 0.00124750041869, 0.000530445890035, 1.20187796711e-05, 1.3128970977e-07, 6.393103269e-10], "dvar2": [0.870443880558, 27.4768829346, 182.422653198, 565.907409668, 741.494445801, 444.059112549, 1342.57617188, 2621.29125977, 870.546691895, 1862.33361816, 519.661560059, 618.543884277, 2223.25341797, 504.869140625, 3893.11499023, 237.488464355, 568.146789551, 473.824676514, 316.199523926, 321.933105469, 279.411254883, 106.458908081, 165.247772217, 144.257644653, 129.929519653, 75.9400634766, 47.0952835083, 35.2985916138, 7.2876367569, 4.99073934555, 4.37114095688, 1.16757941246, 0.362913250923, 0.0791044160724, 0.0181233044714, 0.00270740594715, 0.00118019536603, 2.38455122599e-05, 3.3811605249e-07, 1.61228219664e-09], "max": [5.79638814926, 49.7062911987, 98.9015197754, 244.023757935, 323.935913086, 227.771759033, 310.976470947, 522.835754395, 481.945404053, 420.652191162, 343.554840088, 418.649169922, 473.526123047, 163.116104126, 818.549133301, 144.122970581, 182.31010437, 238.623046875, 175.51713562, 144.230987549, 138.68951416, 126.479225159, 130.459762573, 111.231666565, 121.683166504, 95.533241272, 128.927902222, 49.3917236328, 44.1558380127, 58.1144676208, 48.0240783691, 15.7493925095, 13.4993057251, 7.17001152039, 1.99929881096, 0.641178846359, 0.523917198181, 0.059839528054, 0.00901566632092, 0.000344949949067], "mean": [0.395843863487, 2.58340239525, 6.17174625397, 8.56626319885, 12.1792955399, 24.1838207245, 36.2312965393, 47.834651947, 32.8289108276, 40.8873443604, 26.946931839, 28.3390655518, 40.0951309204, 17.6624279022, 32.282207489, 11.8767137527, 13.6860542297, 13.1490020752, 11.4036607742, 14.5312433243, 11.7409105301, 8.61939907074, 7.62714672089, 7.22709751129, 5.92792844772, 4.38136959076, 3.24225950241, 2.72266197205, 1.7882797718, 1.0263569355, 0.755876243114, 0.43175843358, 0.269358962774, 0.132925719023, 0.0604855902493, 0.0231322273612, 0.00896476022899, 0.00139196356758, 7.10074236849e-05, 4.99094021507e-05], "median": [0.0129697667435, 0.100870713592, 1.63433647156, 4.5455622673, 4.58354520798, 15.5926427841, 22.6086349487, 29.79479599, 22.931476593, 28.7224750519, 17.8257694244, 18.808588028, 24.7580471039, 11.00715065, 16.6277103424, 8.00412559509, 7.5012011528, 6.66565322876, 6.52849578857, 8.59578609467, 6.95404052734, 5.35561752319, 4.16736459732, 3.7520210743, 2.66914701462, 1.62119317055, 1.03630852699, 0.83458673954, 0.514902472496, 0.275068670511, 0.136655047536, 0.0669044703245, 0.0379452705383, 0.0186864379793, 0.00708466768265, 0.00210623862222, 0.000567841110751, 7.80312620918e-05, 2.40742647293e-05, 3.85468010791e-05], "min": [2.45054780824e-21, 6.94986245454e-21, 1.99248131713e-20, 7.27196319233e-20, 2.20792910259e-19, 1.13534532804e-19, 1.0311125834e-18, 1.68301527851e-18, 1.58320187554e-18, 1.2317697462e-18, 1.24372839971e-18, 6.43688946728e-19, 1.81034122565e-18, 2.08730466258e-18, 1.94852712365e-18, 3.41507223439e-18, 7.02361043352e-18, 7.55999156583e-18, 5.53106641575e-18, 9.02264789371e-18, 1.15468300648e-17, 1.24845914903e-17, 1.17211964292e-17, 9.77165414811e-18, 7.84685035764e-18, 1.06354681085e-17, 1.66031063894e-17, 1.51285477597e-17, 1.60029140631e-17, 2.06647749553e-17, 2.69683428636e-17, 1.89665930101e-17, 1.65218094245e-17, 9.22486542934e-18, 8.42869250923e-18, 5.01122930928e-18, 2.8914942036e-18, 1.07019521298e-18, 4.00170825952e-19, 4.47916524552e-20], "var": [0.507949411869, 33.7899398804, 132.176132202, 227.383529663, 403.065673828, 677.878845215, 1727.33532715, 3098.328125, 1454.86901855, 1682.90808105, 987.131408691, 992.566162109, 2296.5793457, 424.652770996, 2395.01147461, 170.470916748, 373.273376465, 396.012756348, 253.39831543, 306.880004883, 251.580505371, 143.188659668, 154.595748901, 145.975601196, 124.215591431, 88.6908035278, 55.8075561523, 33.4350204468, 10.7074356079, 5.42745447159, 4.01162242889, 1.26691281796, 0.644104242325, 0.132964387536, 0.023337341845, 0.00266007403843, 0.000655177747831, 1.69060240296e-05, 1.07055349474e-07, 1.78352954627e-09]}, "gfcc": {"mean": [-27.3242588043, 144.21395874, -124.861923218, 19.1970367432, -63.9741096497, -6.52895307541, -35.4821548462, -3.03991746902, -18.639755249, -4.25851202011, -12.0527162552, -2.21017456055, -2.69941186905], "cov": [[5881.140625, -762.318969727, 408.355773926, 801.061645508, 149.582870483, 524.6796875, 19.8291378021, 345.383972168, -71.6306152344, 226.013931274, -122.151046753, 148.354568481, -153.128005981], [-762.318969727, 1009.96252441, -136.662414551, -24.0717601776, 176.27180481, -132.078460693, 185.018188477, -164.202697754, 211.380432129, -146.606750488, 141.187042236, -128.914657593, 126.043174744], [408.355773926, -136.662414551, 932.406066895, 287.570098877, 172.751571655, 358.949920654, 96.0473327637, 249.911651611, 67.3176116943, 155.112503052, -55.1430740356, 50.5975914001, -89.3047409058], [801.061645508, -24.0717601776, 287.570098877, 470.385375977, 147.20010376, 229.919128418, 102.29864502, 96.1215820312, 88.7602844238, 23.7541656494, 12.6874713898, -10.8421230316, -18.331949234], [149.582870483, 176.27180481, 172.751571655, 147.20010376, 335.221893311, 68.1987686157, 116.380989075, 94.3144302368, 79.3346862793, 77.4726486206, 40.0346908569, 36.4371528625, 9.35551261902], [524.6796875, -132.078460693, 358.949920654, 229.919128418, 68.1987686157, 324.723999023, 88.614982605, 138.894439697, 72.7757797241, 74.3692016602, 22.8504333496, 40.5237236023, -16.6488685608], [19.8291378021, 185.018188477, 96.0473327637, 102.29864502, 116.380989075, 88.614982605, 188.883651733, 55.4274940491, 89.8859100342, 26.7485809326, 68.7057723999, 17.575963974, 32.0439109802], [345.383972168, -164.202697754, 249.911651611, 96.1215820312, 94.3144302368, 138.894439697, 55.4274940491, 203.226669312, 38.2644195557, 99.065612793, -3.0482134819, 68.8356399536, -20.2569007874], [-71.6306152344, 211.380432129, 67.3176116943, 88.7602844238, 79.3346862793, 72.7757797241, 89.8859100342, 38.2644195557, 163.030548096, 10.8242931366, 68.7844467163, -3.31420445442, 52.8640670776], [226.013931274, -146.606750488, 155.112503052, 23.7541656494, 77.4726486206, 74.3692016602, 26.7485809326, 99.065612793, 10.8242931366, 146.583709717, 10.9745178223, 61.5001068115, -17.0239524841], [-122.151046753, 141.187042236, -55.1430740356, 12.6874713898, 40.0346908569, 22.8504333496, 68.7057723999, -3.0482134819, 68.7844467163, 10.9745178223, 127.319252014, 30.1553287506, 55.806842804], [148.354568481, -128.914657593, 50.5975914001, -10.8421230316, 36.4371528625, 40.5237236023, 17.575963974, 68.8356399536, -3.31420445442, 61.5001068115, 30.1553287506, 115.149238586, 18.0963287354], [-153.128005981, 126.043174744, -89.3047409058, -18.331949234, 9.35551261902, -16.6488685608, 32.0439109802, -20.2569007874, 52.8640670776, -17.0239524841, 55.806842804, 18.0963287354, 104.014396667]], "icov": [[0.000319807528285, -0.000344125553966, 0.000402503530495, -0.00072936527431, 0.000260954548139, -0.000480011600303, 0.000325915956637, -0.000419532094384, 0.000539711501915, -0.000616706034634, 0.000541879388038, -0.000593239325099, 0.000259681837633], [-0.000344125553966, 0.0060871662572, -0.00212303758599, 0.00267550349236, -0.00356177147478, 0.00309475278482, -0.0038192323409, 0.0039865099825, -0.0052120690234, 0.0050321794115, -0.00348563282751, 0.00507107097656, -0.00200505135581], [0.000402503530495, -0.00212303758599, 0.00360369845293, -0.00153481459711, 0.000785964191891, -0.00343451532535, 0.00129936507437, -0.0024781068787, 0.00150999857578, -0.00285722897388, 0.00310933915898, -0.00192647357471, 0.0019172775792], [-0.00072936527431, 0.00267550349236, -0.00153481459711, 0.00637162290514, -0.00312948902138, -0.000783762196079, -0.0021185441874, 0.00203193328343, -0.00325438845903, 0.00413951324299, -0.00188698200509, 0.00387378921732, -0.000636302225757], [0.000260954548139, -0.00356177147478, 0.000785964191891, -0.00312948902138, 0.00717894732952, 0.000206013879506, 0.000200399270398, -0.00300188479014, 0.0021389555186, -0.0048377471976, 0.0019345942419, -0.00360566354357, 0.00127490109298], [-0.000480011600303, 0.00309475278482, -0.00343451532535, -0.000783762196079, 0.000206013879506, 0.0104258237407, -0.00313561782241, 0.000408992898883, -0.00372212589718, 0.00215027341619, -0.0037556537427, 0.00189058610704, -0.000918118224945], [0.000325915956637, -0.0038192323409, 0.00129936507437, -0.0021185441874, 0.000200399270398, -0.00313561782241, 0.0120145594701, -0.00362765835598, 0.0015822800342, -0.00248911743984, -0.0011166522745, -0.00254213367589, 0.000752196763642], [-0.000419532094384, 0.0039865099825, -0.0024781068787, 0.00203193328343, -0.00300188479014, 0.000408992898883, -0.00362765835598, 0.0146095855162, -0.00587891926989, 0.000106601219159, 0.00058162829373, -0.00147320830729, 2.99000366795e-05], [0.000539711501915, -0.0052120690234, 0.00150999857578, -0.00325438845903, 0.0021389555186, -0.00372212589718, 0.0015822800342, -0.00587891926989, 0.0173205044121, -0.00428379047662, -0.00121130491607, 5.14182611369e-05, -0.00345029775053], [-0.000616706034634, 0.0050321794115, -0.00285722897388, 0.00413951324299, -0.0048377471976, 0.00215027341619, -0.00248911743984, 0.000106601219159, -0.00428379047662, 0.0172835309058, -0.00488861044869, 0.00104510574602, 0.000284499343252], [0.000541879388038, -0.00348563282751, 0.00310933915898, -0.00188698200509, 0.0019345942419, -0.0037556537427, -0.0011166522745, 0.00058162829373, -0.00121130491607, -0.00488861044869, 0.0179549828172, -0.00750690186396, -0.00147105928045], [-0.000593239325099, 0.00507107097656, -0.00192647357471, 0.00387378921732, -0.00360566354357, 0.00189058610704, -0.00254213367589, -0.00147320830729, 5.14182611369e-05, 0.00104510574602, -0.00750690186396, 0.0204739160836, -0.00625596987084], [0.000259681837633, -0.00200505135581, 0.0019172775792, -0.000636302225757, 0.00127490109298, -0.000918118224945, 0.000752196763642, 2.99000366795e-05, -0.00345029775053, 0.000284499343252, -0.00147105928045, -0.00625596987084, 0.0171503145248]]}, "melbands": {"dmean": [0.00175051065162, 0.00175874179695, 0.00105981086381, 0.00043732530321, 0.000560814398341, 0.000477128574857, 0.000183639785973, 0.000220856192755, 7.52558917156e-05, 7.37461887184e-05, 9.52862392296e-05, 3.06020010612e-05, 5.92909709667e-05, 2.68249350484e-05, 1.78703867277e-05, 1.54678691615e-05, 1.63317599799e-05, 1.0288624253e-05, 9.6664607554e-06, 1.53712808242e-05, 6.39680774839e-06, 4.93692823511e-06, 4.70963277621e-06, 3.43644114764e-06, 3.5820503399e-06, 3.04807940665e-06, 2.09523386729e-06, 1.88867045381e-06, 1.33595938223e-06, 1.32313732593e-06, 8.99728377135e-07, 6.54290431612e-07, 4.28757431337e-07, 3.20043454849e-07, 3.30861468001e-07, 2.1639519332e-07, 1.87862156054e-07, 1.23268492302e-07, 8.75145289569e-08, 6.56358025708e-08], "dmean2": [0.00290338043123, 0.00285502057523, 0.00180342548992, 0.000689628417604, 0.000856164668221, 0.000721126096323, 0.000249034375884, 0.000340385362506, 0.000103875769128, 0.000101691868622, 0.000139332245453, 4.63214310003e-05, 9.11779134185e-05, 4.13711713918e-05, 2.82527307718e-05, 2.49646836892e-05, 2.60025608441e-05, 1.60264535225e-05, 1.5879253624e-05, 2.44398725044e-05, 9.98062296276e-06, 7.28716577214e-06, 7.06724767952e-06, 4.78877609567e-06, 5.78775643589e-06, 4.8077381507e-06, 3.07658660859e-06, 2.7062051231e-06, 1.97133886104e-06, 2.0288689484e-06, 1.26132101741e-06, 9.21154480693e-07, 5.75853505325e-07, 4.66957175149e-07, 4.94188896027e-07, 3.13999123591e-07, 2.68270810011e-07, 1.77019131797e-07, 1.25282682006e-07, 9.23189062974e-08], "dvar": [1.77585716301e-05, 1.35271566251e-05, 6.91274317433e-06, 5.86481576192e-07, 6.35625724499e-07, 4.95992480865e-07, 9.9123695918e-08, 9.21220149053e-08, 1.57423514224e-08, 1.50760257611e-08, 2.49410554432e-08, 3.50459616882e-09, 1.53682435666e-08, 2.55991805531e-09, 9.52165457591e-10, 1.00862507235e-09, 9.54791801178e-10, 3.48339135314e-10, 3.39056865917e-10, 6.5186173126e-10, 1.49613973988e-10, 8.67529381665e-11, 6.58475080018e-11, 7.04645855554e-11, 5.30068974824e-11, 5.8734114794e-11, 1.91347961781e-11, 2.18549067732e-11, 1.47995764949e-11, 1.1360526235e-11, 3.68053851285e-12, 1.59026058381e-12, 7.33286424203e-13, 7.56334719246e-13, 8.93857253839e-13, 2.52686543564e-13, 1.81917726868e-13, 8.60525368952e-14, 8.255899355e-14, 2.37717865412e-14], "dvar2": [5.45680049981e-05, 3.29891918227e-05, 1.85817370948e-05, 1.52184611579e-06, 1.44207308495e-06, 1.18145931083e-06, 1.6317086704e-07, 2.19805230017e-07, 3.19482857947e-08, 2.53328078514e-08, 5.55069270547e-08, 8.27994028896e-09, 3.44079289505e-08, 5.94640203744e-09, 2.1651722637e-09, 2.46419840089e-09, 2.2080226536e-09, 7.30612681465e-10, 8.5514312298e-10, 1.72536962495e-09, 3.19449966479e-10, 1.699082125e-10, 1.30742347504e-10, 1.37244535181e-10, 1.2081748102e-10, 1.35032679482e-10, 3.4104510882e-11, 4.24451064573e-11, 3.48557641083e-11, 2.48995286195e-11, 7.2003470894e-12, 3.2005869309e-12, 1.38807325009e-12, 1.8087870611e-12, 2.23339098951e-12, 5.83942941744e-13, 4.33029778485e-13, 1.75772753557e-13, 2.09620908413e-13, 5.15598238475e-14], "max": [0.0568243563175, 0.0516848005354, 0.0480913072824, 0.0121049517766, 0.0112930359319, 0.0104181887582, 0.00724477833137, 0.00483287451789, 0.00270208460279, 0.0028206310235, 0.00236633769237, 0.000693148176651, 0.00228302134201, 0.000957488373388, 0.000357621902367, 0.000402398378355, 0.000549695454538, 0.000282793072984, 0.000256689614616, 0.000348264962668, 0.000167902631802, 0.000146164835314, 0.000112981433631, 0.000117614341434, 9.7868280136e-05, 9.81451303232e-05, 6.38345154584e-05, 7.58664755267e-05, 0.000126467522932, 3.94844500988e-05, 2.6339888791e-05, 2.52071931754e-05, 2.99967177853e-05, 3.18106212944e-05, 3.81009085686e-05, 1.18868538266e-05, 8.8888564278e-06, 9.46471755014e-06, 1.18673706311e-05, 5.06948117618e-06], "mean": [0.00348744285293, 0.00346030830406, 0.00163887196686, 0.00120271567721, 0.00137162813917, 0.00105819129385, 0.000461717689177, 0.000459043949377, 0.000203045914532, 0.000165317862411, 0.000194917593035, 6.58631979604e-05, 9.49649620452e-05, 4.89256199216e-05, 2.95845857181e-05, 2.38378524955e-05, 2.59353710135e-05, 1.80512870429e-05, 1.51317135533e-05, 2.48086998909e-05, 1.15878447104e-05, 9.21660921449e-06, 8.34082129586e-06, 5.73189163333e-06, 5.94232278672e-06, 4.43186991106e-06, 3.60434023605e-06, 2.75826869256e-06, 2.08996789297e-06, 1.89866750588e-06, 1.37816118695e-06, 1.04471712348e-06, 7.29422481527e-07, 5.06810124534e-07, 4.54390374216e-07, 3.10646413482e-07, 2.57348631294e-07, 2.02542977945e-07, 1.40259345471e-07, 1.01945211384e-07], "median": [0.000118135052617, 0.000726315309294, 0.000846258946694, 0.000695012393408, 0.000916718388908, 0.000694609247148, 0.000328588706907, 0.000318616919685, 0.000131042630528, 0.000106260442408, 0.000118414216558, 3.78214026568e-05, 5.04677955178e-05, 2.96484431601e-05, 1.63256045198e-05, 1.2337724911e-05, 1.1861463463e-05, 1.03252396002e-05, 8.50069136504e-06, 1.31498418341e-05, 6.8188237492e-06, 5.58300052944e-06, 4.70840404887e-06, 2.83491067421e-06, 3.00008673548e-06, 1.84093323696e-06, 1.47675598328e-06, 9.4423472774e-07, 6.49592664104e-07, 5.60176999898e-07, 4.17411172293e-07, 3.080243971e-07, 1.8878685637e-07, 1.23219038528e-07, 8.55573318859e-08, 4.51999611073e-08, 3.74376440959e-08, 2.65195598814e-08, 1.83136723564e-08, 1.40525049375e-08], "min": [1.86108396081e-23, 9.82202903368e-24, 2.04966605114e-23, 9.3953673022e-24, 3.00692667152e-23, 3.55311187419e-23, 2.48697093618e-23, 1.31697488227e-23, 8.54881147696e-24, 4.83558324265e-24, 9.64720720189e-24, 9.10209721663e-24, 5.2052675231e-24, 8.92365293557e-24, 7.46582457208e-24, 2.26152584907e-23, 1.19895001014e-23, 7.90587958401e-24, 8.89568623876e-24, 1.5459957181e-23, 1.15425015358e-23, 1.16160856922e-23, 1.35230733113e-23, 8.80469113334e-24, 7.82144464588e-24, 6.70157060508e-24, 4.85932203944e-24, 7.5622091752e-24, 1.00927913399e-23, 9.81742287485e-24, 7.97591386631e-24, 8.1510646531e-24, 9.95843333938e-24, 1.26550754578e-23, 1.57015994758e-23, 1.546352441e-23, 9.6324365703e-24, 1.13650393866e-23, 1.03050738095e-23, 6.88111298052e-24], "var": [3.84290651709e-05, 4.51943960798e-05, 7.96293988969e-06, 1.92883453565e-06, 1.92229367713e-06, 1.41138139043e-06, 2.85868765104e-07, 2.28366928923e-07, 5.83834811607e-08, 3.91572356762e-08, 5.64218183285e-08, 7.32772154066e-09, 2.03518268904e-08, 3.801700732e-09, 1.61845092883e-09, 1.29474153621e-09, 1.73151437632e-09, 6.08817773973e-10, 4.97190011384e-10, 1.28931598731e-09, 2.64422261864e-10, 1.70652103559e-10, 1.40633810153e-10, 1.15889325913e-10, 9.90841436677e-11, 8.26773510765e-11, 4.62974623916e-11, 4.04736279214e-11, 2.77799033777e-11, 1.90843209291e-11, 8.36008345884e-12, 3.67439108653e-12, 2.29306591076e-12, 1.51523281769e-12, 1.81180710625e-12, 6.44197856951e-13, 4.27665959287e-13, 3.25406531148e-13, 2.50901025216e-13, 6.71327685282e-14]}, "mfcc": {"mean": [-666.126403809, 170.394165039, -7.12065267563, 23.9201431274, -9.11844062805, -2.55279779434, -11.1966466904, -3.52530837059, -3.88801288605, -5.23114585876, -5.97871732712, -4.2028670311, -1.80134499073], "cov": [[4180.97265625, -634.704467773, 356.567260742, 443.222076416, 269.715057373, 291.871643066, 226.686340332, 212.887451172, 120.217712402, 161.180130005, 64.9108123779, 102.96471405, 56.5636940002], [-634.704467773, 969.412780762, -197.774978638, 37.2018241882, -30.4838581085, -12.0100793839, -36.4187965393, -17.0641975403, 20.0058002472, -7.53182888031, 5.41386795044, 2.43594789505, 16.018705368], [356.567260742, -197.774978638, 735.102050781, 61.8140182495, 178.229919434, 179.713378906, 111.094306946, 146.070388794, 128.41015625, 140.115310669, 62.4520606995, 98.3444061279, 40.3247070312], [443.222076416, 37.2018241882, 61.8140182495, 297.240783691, 131.340942383, 103.017654419, 75.7461929321, 77.3304595947, 68.6300735474, 68.5694046021, 32.3014450073, 44.2008132935, 33.9323883057], [269.715057373, -30.4838581085, 178.229919434, 131.340942383, 242.170272827, 108.173088074, 77.2335510254, 83.62134552, 80.3009262085, 88.254737854, 44.7755851746, 64.2850341797, 52.9369506836], [291.871643066, -12.0100793839, 179.713378906, 103.017654419, 108.173088074, 203.027664185, 89.5504837036, 80.9256134033, 63.7407112122, 64.354888916, 54.5962982178, 69.8036575317, 29.5299072266], [226.686340332, -36.4187965393, 111.094306946, 75.7461929321, 77.2335510254, 89.5504837036, 149.311920166, 74.624961853, 48.6279182434, 57.1183853149, 58.9468383789, 48.428440094, 43.021484375], [212.887451172, -17.0641975403, 146.070388794, 77.3304595947, 83.62134552, 80.9256134033, 74.624961853, 157.855438232, 69.3003540039, 56.9589118958, 44.4182815552, 60.4189682007, 45.0490264893], [120.217712402, 20.0058002472, 128.41015625, 68.6300735474, 80.3009262085, 63.7407112122, 48.6279182434, 69.3003540039, 122.859458923, 69.2451171875, 31.7518959045, 40.2311782837, 33.8753585815], [161.180130005, -7.53182888031, 140.115310669, 68.5694046021, 88.254737854, 64.354888916, 57.1183853149, 56.9589118958, 69.2451171875, 125.083641052, 49.6695213318, 35.8621559143, 40.2803382874], [64.9108123779, 5.41386795044, 62.4520606995, 32.3014450073, 44.7755851746, 54.5962982178, 58.9468383789, 44.4182815552, 31.7518959045, 49.6695213318, 101.688926697, 43.9463691711, 29.1723213196], [102.96471405, 2.43594789505, 98.3444061279, 44.2008132935, 64.2850341797, 69.8036575317, 48.428440094, 60.4189682007, 40.2311782837, 35.8621559143, 43.9463691711, 100.410133362, 41.0745391846], [56.5636940002, 16.018705368, 40.3247070312, 33.9323883057, 52.9369506836, 29.5299072266, 43.021484375, 45.0490264893, 33.8753585815, 40.2803382874, 29.1723213196, 41.0745391846, 86.2848052979]], "icov": [[0.000345382664818, 0.000232087841141, 1.77432975761e-05, -0.000427708378993, 2.67040177278e-05, -0.000222096816287, -0.000135478519951, -0.000142651362694, 8.60548680066e-05, -0.000125467136968, 0.000149488652823, 2.15604704863e-05, 5.60431253689e-05], [0.000232087841141, 0.00131553795654, 0.000416295952164, -0.000452540640254, 0.000219213136006, -0.000352964765625, 0.000363127066521, -2.32302754739e-05, -0.000501209055074, -0.000137608440127, -8.01254427643e-05, -0.000153670771397, -0.000234322360484], [1.77432975761e-05, 0.000416295952164, 0.00247862702236, 0.000858352344949, -0.000654283794574, -0.00113347242586, -0.000120753160445, -0.000916713383049, -0.000850705138873, -0.00160357658751, 0.000646374479402, -0.000788353208918, 0.00098263763357], [-0.000427708378993, -0.000452540640254, 0.000858352344949, 0.0058195758611, -0.00199228525162, -0.00114925671369, -0.000784647243563, -0.00079920317512, -0.000843245245051, -0.000948868168052, 0.000738383736461, 9.88099491224e-05, 0.000576080055907], [2.67040177278e-05, 0.000219213136006, -0.000654283794574, -0.00199228525162, 0.00782316550612, -0.00112585921306, -0.000146253878484, -7.53800413804e-05, -0.000958125747275, -0.00182329234667, 0.000423866586061, -0.0010936500039, -0.0016663382994], [-0.000222096816287, -0.000352964765625, -0.00113347242586, -0.00114925671369, -0.00112585921306, 0.00977094657719, -0.00248551997356, -0.000304778513964, -0.000388114189263, 0.000137615803396, -0.00113688991405, -0.00298190792091, 0.00182994280476], [-0.000135478519951, 0.000363127066521, -0.000120753160445, -0.000784647243563, -0.000146253878484, -0.00248551997356, 0.0122247347608, -0.0020078944508, 2.97843471344e-05, -0.000390495260945, -0.00373945455067, 0.000529577315319, -0.00253736181185], [-0.000142651362694, -2.32302754739e-05, -0.000916713383049, -0.00079920317512, -7.53800413804e-05, -0.000304778513964, -0.0020078944508, 0.0115598002449, -0.00287365331315, 0.000632680254057, -0.000633310177363, -0.00236255419441, -0.00187149061821], [8.60548680066e-05, -0.000501209055074, -0.000850705138873, -0.000843245245051, -0.000958125747275, -0.000388114189263, 2.97843471344e-05, -0.00287365331315, 0.0147118167952, -0.00462164031342, 0.000721687683836, -0.0005826963461, -0.000612994539551], [-0.000125467136968, -0.000137608440127, -0.00160357658751, -0.000948868168052, -0.00182329234667, 0.000137615803396, -0.000390495260945, 0.000632680254057, -0.00462164031342, 0.0162992104888, -0.00455602398142, 0.0023322023917, -0.00319808605127], [0.000149488652823, -8.01254427643e-05, 0.000646374479402, 0.000738383736461, 0.000423866586061, -0.00113688991405, -0.00373945455067, -0.000633310177363, 0.000721687683836, -0.00455602398142, 0.0156667213887, -0.00395692419261, 7.89687037468e-05], [2.15604704863e-05, -0.000153670771397, -0.000788353208918, 9.88099491224e-05, -0.0010936500039, -0.00298190792091, 0.000529577315319, -0.00236255419441, -0.0005826963461, 0.0023322023917, -0.00395692419261, 0.017778404057, -0.00498040253296], [5.60431253689e-05, -0.000234322360484, 0.00098263763357, 0.000576080055907, -0.0016663382994, 0.00182994280476, -0.00253736181185, -0.00187149061821, -0.000612994539551, -0.00319808605127, 7.89687037468e-05, -0.00498040253296, 0.0176265481859]]}, "spectral_contrast_coeffs": {"dmean": [0.0518733486533, 0.0419469326735, 0.0374720394611, 0.034693736583, 0.0277102589607, 0.0239344090223], "dmean2": [0.0821090042591, 0.0682042315602, 0.0590052269399, 0.0551505722106, 0.0433085672557, 0.0329838320613], "dvar": [0.00182000384666, 0.00121635105461, 0.000997439725325, 0.000865201000124, 0.000630876165815, 0.000456135167042], "dvar2": [0.00422158511356, 0.00316970096901, 0.0024473790545, 0.00204061903059, 0.00135668518487, 0.000787088880315], "max": [-0.28532871604, -0.35206720233, -0.427183389664, -0.497431695461, -0.618171393871, -0.527042806149], "mean": [-0.550766646862, -0.673626661301, -0.717436015606, -0.748839199543, -0.763277113438, -0.731616258621], "median": [-0.539665818214, -0.677754640579, -0.722033083439, -0.749484360218, -0.768681943417, -0.736391067505], "min": [-0.954698979855, -0.996374666691, -0.970626890659, -0.983480751514, -0.976586937904, -0.959978401661], "var": [0.0126222977415, 0.00449877278879, 0.00364343752153, 0.00324773788452, 0.00262498459779, 0.00241919723339]}, "spectral_contrast_valleys": {"dmean": [0.490758270025, 0.31046384573, 0.339729219675, 0.353471517563, 0.40039947629, 0.4893835783], "dmean2": [0.767237901688, 0.489645600319, 0.531574130058, 0.529095351696, 0.555595934391, 0.642546653748], "dvar": [0.290961384773, 0.182267814875, 0.205147773027, 0.209517806768, 0.241383567452, 0.319691807032], "dvar2": [0.518120467663, 0.262837558985, 0.31312918663, 0.305113196373, 0.367180228233, 0.554944097996], "max": [-5.03725767136, -4.89144706726, -5.317512