{"lowlevel": {"average_loudness": 0.490765422583, "barkbands_crest": {"dmean": 2.91496491432, "dmean2": 4.61727809906, "dvar": 7.97391796112, "dvar2": 19.1262760162, "max": 26.8250904083, "mean": 15.7809934616, "median": 15.0570268631, "min": 3.49470901489, "var": 35.3923950195}, "barkbands_flatness_db": {"dmean": 0.0415889173746, "dmean2": 0.0607144497335, "dvar": 0.00181842013262, "dvar2": 0.00378609844483, "max": 0.778751552105, "mean": 0.361507207155, "median": 0.339677810669, "min": 0.0499940849841, "var": 0.0183353815228}, "barkbands_kurtosis": {"dmean": 15.6880092621, "dmean2": 24.0621356964, "dvar": 3123.73120117, "dvar2": 7023.99365234, "max": 1624.02624512, "mean": 27.6109752655, "median": 5.55423021317, "min": -1.91774427891, "var": 8946.875}, "barkbands_skewness": {"dmean": 1.06882607937, "dmean2": 1.56969702244, "dvar": 1.78297281265, "dvar2": 3.77919197083, "max": 30.1362686157, "mean": 2.75378489494, "median": 1.99714851379, "min": -8.81833457947, "var": 11.064043045}, "barkbands_spread": {"dmean": 3.07682108879, "dmean2": 4.64266014099, "dvar": 21.6604862213, "dvar2": 44.3515129089, "max": 70.6039657593, "mean": 7.82995462418, "median": 4.67552423477, "min": 0.0226120091975, "var": 76.1112976074}, "dissonance": {"dmean": 0.0426010526717, "dmean2": 0.0700989738107, "dvar": 0.00155720103066, "dvar2": 0.0039346460253, "max": 0.499964475632, "mean": 0.386950969696, "median": 0.404564350843, "min": 0.10123744607, "var": 0.00617744866759}, "dynamic_complexity": 5.09602165222, "erbbands_crest": {"dmean": 3.12937378883, "dmean2": 4.91270065308, "dvar": 8.59990215302, "dvar2": 19.9364261627, "max": 31.3902225494, "mean": 13.8430156708, "median": 12.9287481308, "min": 3.25332736969, "var": 28.5981788635}, "erbbands_flatness_db": {"dmean": 0.0320062600076, "dmean2": 0.04674821347, "dvar": 0.00123333418742, "dvar2": 0.00263739912771, "max": 0.555473327637, "mean": 0.31193202734, "median": 0.310227662325, "min": 0.0787845551968, "var": 0.00602002535015}, "erbbands_kurtosis": {"dmean": 2.34209918976, "dmean2": 3.61325764656, "dvar": 21.0089759827, "dvar2": 49.6397361755, "max": 122.88319397, "mean": 2.75901150703, "median": 0.249378204346, "min": -1.91511666775, "var": 56.5177955627}, "erbbands_skewness": {"dmean": 0.564089775085, "dmean2": 0.814495205879, "dvar": 0.32516220212, "dvar2": 0.671547651291, "max": 6.12350511551, "mean": 0.55929094553, "median": 0.428797185421, "min": -6.71227645874, "var": 1.86318361759}, "erbbands_spread": {"dmean": 6.03106927872, "dmean2": 9.36539745331, "dvar": 67.8652038574, "dvar2": 157.726287842, "max": 109.730438232, "mean": 19.2440776825, "median": 15.9770317078, "min": 0.563540220261, "var": 188.704727173}, "hfc": {"dmean": 7.09789896011, "dmean2": 9.53504657745, "dvar": 185.648391724, "dvar2": 302.554138184, "max": 197.691055298, "mean": 12.97660923, "median": 6.67088222504, "min": 1.11587961653e-16, "var": 365.87991333}, "melbands_crest": {"dmean": 3.2849919796, "dmean2": 5.24332523346, "dvar": 9.96828269958, "dvar2": 23.4654693604, "max": 36.6542930603, "mean": 20.0501937866, "median": 20.2226753235, "min": 4.15578174591, "var": 38.5503959656}, "melbands_flatness_db": {"dmean": 0.0461687669158, "dmean2": 0.0670589804649, "dvar": 0.00234168418683, "dvar2": 0.00472181010991, "max": 0.952678382397, "mean": 0.465820759535, "median": 0.435655504465, "min": 0.00812365300953, "var": 0.0293303541839}, "melbands_kurtosis": {"dmean": 11.1510791779, "dmean2": 17.276140213, "dvar": 425.341156006, "dvar2": 1031.64855957, "max": 323.820404053, "mean": 20.4307727814, "median": 9.02927589417, "min": -1.92932701111, "var": 1093.90649414}, "melbands_skewness": {"dmean": 0.950938522816, "dmean2": 1.41319680214, "dvar": 1.10150527954, "dvar2": 2.44803524017, "max": 15.1354513168, "mean": 2.82060647011, "median": 2.33859539032, "min": -5.06739759445, "var": 4.87953472137}, "melbands_spread": {"dmean": 4.5829834938, "dmean2": 6.75618648529, "dvar": 68.9773101807, "dvar2": 132.307312012, "max": 150.280044556, "mean": 10.6685676575, "median": 5.29851770401, "min": 0.233646258712, "var": 190.038040161}, "pitch_salience": {"dmean": 0.0774750560522, "dmean2": 0.120916694403, "dvar": 0.00478915916756, "dvar2": 0.0118653830141, "max": 0.800753653049, "mean": 0.365564256907, "median": 0.373459517956, "min": 0.037825986743, "var": 0.0223761834204}, "silence_rate_20dB": {"dmean": 0.002442748053, "dmean2": 0.00488698855042, "dvar": 0.00243691005744, "dvar2": 0.00608528684825, "max": 1, "mean": 0.998168468475, "median": 1, "min": 0, "var": 0.00182813662104}, "silence_rate_30dB": {"dmean": 0.0537404567003, "dmean2": 0.107513748109, "dvar": 0.0508524663746, "dvar2": 0.111841350794, "max": 1, "mean": 0.834249079227, "median": 1, "min": 0, "var": 0.138274550438}, "silence_rate_60dB": {"dmean": 0.0500763356686, "dmean2": 0.0998778268695, "dvar": 0.0475686490536, "dvar2": 0.106398947537, "max": 1, "mean": 0.149877905846, "median": 0, "min": 0, "var": 0.12741304934}, "spectral_centroid": {"dmean": 174.001495361, "dmean2": 246.719741821, "dvar": 88239.8515625, "dvar2": 128829.578125, "max": 11418.4794922, "mean": 710.301208496, "median": 410.824676514, "min": 71.7584457397, "var": 494924.90625}, "spectral_complexity": {"dmean": 1.66229009628, "dmean2": 2.55436778069, "dvar": 4.57547473907, "dvar2": 9.52196598053, "max": 27, "mean": 7.29609298706, "median": 7, "min": 0, "var": 18.2877483368}, "spectral_decrease": {"dmean": 4.92494756088e-09, "dmean2": 6.80008893639e-09, "dvar": 5.16118317499e-17, "dvar2": 9.91715240545e-17, "max": -1.47989612485e-28, "mean": -1.37473810113e-08, "median": -6.33875796296e-09, "min": -9.65844222378e-08, "var": 3.22424653089e-16}, "spectral_energy": {"dmean": 0.0191386695951, "dmean2": 0.0264151785523, "dvar": 0.000757878122386, "dvar2": 0.00145002023783, "max": 0.366860806942, "mean": 0.0530627667904, "median": 0.0251415781677, "min": 1.06799090266e-20, "var": 0.00467042950913}, "spectral_energyband_high": {"dmean": 5.59711515962e-05, "dmean2": 8.60414656927e-05, "dvar": 3.13624219928e-08, "dvar2": 7.13285217557e-08, "max": 0.00264444667846, "mean": 6.32080191281e-05, "median": 1.28744352423e-06, "min": 7.2812323004e-21, "var": 4.37010179155e-08}, "spectral_energyband_low": {"dmean": 0.0159009955823, "dmean2": 0.0222702752799, "dvar": 0.000727477308828, "dvar2": 0.00141164497472, "max": 0.365688532591, "mean": 0.0434126853943, "median": 0.0100626926869, "min": 2.27200801189e-22, "var": 0.00471199350432}, "spectral_energyband_middle_high": {"dmean": 0.0029870250728, "dmean2": 0.00396026903763, "dvar": 5.70945921936e-05, "dvar2": 9.10515591386e-05, "max": 0.103235013783, "mean": 0.00416296953335, "median": 0.000471723993542, "min": 1.56842955909e-21, "var": 0.000113557383884}, "spectral_energyband_middle_low": {"dmean": 0.00370803009719, "dmean2": 0.00570460828021, "dvar": 4.8112069635e-05, "dvar2": 0.000102567326394, "max": 0.093151807785, "mean": 0.00779162347317, "median": 0.0043870517984, "min": 5.0120773649e-22, "var": 0.000110590954137}, "spectral_entropy": {"dmean": 0.340210825205, "dmean2": 0.502231359482, "dvar": 0.152288764715, "dvar2": 0.319059878588, "max": 9.78657245636, "mean": 5.70886468887, "median": 5.75402641296, "min": 3.51616835594, "var": 0.655726194382}, "spectral_flux": {"dmean": 0.0387345552444, "dmean2": 0.0635626465082, "dvar": 0.00235114665702, "dvar2": 0.00553393363953, "max": 0.385249078274, "mean": 0.0744607597589, "median": 0.0567038655281, "min": 1.03343646141e-10, "var": 0.00400182511657}, "spectral_kurtosis": {"dmean": 23.0519790649, "dmean2": 37.9615783691, "dvar": 965.258300781, "dvar2": 2419.25341797, "max": 390.770904541, "mean": 62.3849487305, "median": 30.8823776245, "min": -1.19625473022, "var": 4847.76269531}, "spectral_rms": {"dmean": 0.0013110024156, "dmean2": 0.00178733514622, "dvar": 2.41052589445e-06, "dvar2": 4.55989993497e-06, "max": 0.0189185887575, "mean": 0.00583863910288, "median": 0.004952612333, "min": 3.22791316246e-12, "var": 1.76788325916e-05}, "spectral_rolloff": {"dmean": 240.0884552, "dmean2": 409.041168213, "dvar": 346649.6875, "dvar2": 624372.5, "max": 19143.0175781, "mean": 791.377441406, "median": 409.130859375, "min": 86.1328125, "var": 1151473.125}, "spectral_skewness": {"dmean": 1.17512655258, "dmean2": 1.91339790821, "dvar": 1.57321238518, "dvar2": 3.61689305305, "max": 16.5545349121, "mean": 5.24153089523, "median": 3.91151499748, "min": -0.0907620638609, "var": 12.5020132065}, "spectral_spread": {"dmean": 527682.1875, "dmean2": 856677.1875, "dvar": 897846345728, "dvar2": 1590218063870.0, "max": 40472496, "mean": 1869956.875, "median": 1683803.25, "min": 241817.1875, "var": 1642968776700.0}, "spectral_strongpeak": {"dmean": 0.778349220753, "dmean2": 1.17285740376, "dvar": 3.10498809814, "dvar2": 6.11182022095, "max": 22.7218647003, "mean": 1.36595547199, "median": 0.766170144081, "min": 0, "var": 5.06406784058}, "zerocrossingrate": {"dmean": 0.00595404952765, "dmean2": 0.00673303147778, "dvar": 0.000139361844049, "dvar2": 0.000166245677974, "max": 0.501953125, "mean": 0.0287424158305, "median": 0.0166015625, "min": 0.00244140625, "var": 0.00101231783628}, "barkbands": {"dmean": [8.68799033924e-05, 0.00800235662609, 0.00903571303934, 0.00233001145534, 0.000702439399902, 0.000462255673483, 0.000843946065288, 0.000221799054998, 0.00023848444107, 0.000433904206147, 0.000453621061752, 9.66041989159e-05, 9.50079920585e-05, 0.000492747232784, 0.000944187282585, 0.000370289519196, 0.000272120931186, 0.000128434185171, 6.54120522086e-05, 4.7301658924e-05, 2.28914359468e-05, 1.66541176441e-05, 4.70084069093e-06, 5.51260745851e-06, 3.62133164344e-06, 1.34382969463e-06, 2.49713082212e-07], "dmean2": [0.000147326340084, 0.0111460303888, 0.0133325429633, 0.00387925910763, 0.00113531958777, 0.000683762948029, 0.00107791507617, 0.000327400863171, 0.000323493994074, 0.000610146729741, 0.00057288253447, 0.000139077601489, 0.000128404673887, 0.000650634407066, 0.00132372207008, 0.000564442714676, 0.000388647720683, 0.000183912896318, 9.82448909781e-05, 6.72421665513e-05, 3.56367272616e-05, 2.69539650617e-05, 7.54430448069e-06, 8.22907531983e-06, 5.85446559853e-06, 2.30497153098e-06, 4.4960668788e-07], "dvar": [2.88562151951e-08, 0.00035288190702, 0.00033864370198, 3.2407220715e-05, 3.35938830176e-06, 1.76046569322e-06, 1.00863289845e-05, 7.43607245113e-07, 7.96964172878e-07, 5.51163748241e-06, 5.69558051211e-06, 8.40871052787e-08, 1.52814834564e-07, 9.61383375397e-06, 1.73296939465e-05, 5.46945921087e-06, 2.53100256487e-06, 4.39950099462e-07, 8.8549491295e-08, 4.30989857136e-08, 9.14304454369e-09, 6.70409106007e-09, 3.44444583966e-10, 7.03092195575e-10, 2.32520308563e-10, 5.26254283206e-11, 3.78594985223e-12], "dvar2": [7.49227027086e-08, 0.000608132802881, 0.000678647716995, 7.85630254541e-05, 8.16437204776e-06, 3.61491834155e-06, 1.22741921587e-05, 1.38046630127e-06, 1.32180798573e-06, 1.05447179521e-05, 7.85334759712e-06, 1.65197803881e-07, 2.6770931072e-07, 1.42590743053e-05, 3.34333453793e-05, 9.62185822573e-06, 5.13213126396e-06, 7.35575383715e-07, 1.66213396824e-07, 7.44244701423e-08, 1.94129619047e-08, 1.44755887277e-08, 7.95302046441e-10, 1.61216562322e-09, 6.18085249648e-10, 1.4940806925e-10, 1.10312575047e-11], "max": [0.00193926936481, 0.358894973993, 0.262062430382, 0.0624855794013, 0.0342493876815, 0.0241532884538, 0.0776598453522, 0.026470227167, 0.0180377587676, 0.0683584958315, 0.0646857619286, 0.00658008828759, 0.0119808260351, 0.0781454145908, 0.100840039551, 0.0570255033672, 0.056016035378, 0.0146791171283, 0.00632477924228, 0.00521785626188, 0.00214485637844, 0.00195241661277, 0.000315913639497, 0.000802922528237, 0.000267515017185, 0.000150845546159, 5.1923598221e-05], "mean": [0.000104645776446, 0.0272809099406, 0.0136954281479, 0.00330256484449, 0.0012167772511, 0.000917296041735, 0.00146509718616, 0.000364574079867, 0.000459214526927, 0.000614003452938, 0.000713652465492, 0.000131164284539, 0.000121910423331, 0.000563011271879, 0.00116365076974, 0.000372609560145, 0.000256726838415, 0.000146327889524, 6.8524168455e-05, 5.22092304891e-05, 2.34958315559e-05, 1.54833560373e-05, 4.23350365963e-06, 5.15720785188e-06, 2.9920590805e-06, 1.00481554455e-06, 1.66972583315e-07], "median": [3.00800820696e-05, 0.00130913080648, 0.00372356222942, 0.000811614911072, 0.000368700071704, 0.000231103622355, 0.000230025063502, 7.09169689799e-05, 9.67484374996e-05, 7.04724661773e-05, 2.73761033895e-05, 1.58965412993e-05, 7.03783825884e-06, 7.1735344136e-06, 1.16588453238e-05, 2.53273856288e-06, 2.14844885704e-06, 1.67032658283e-06, 8.86493239705e-07, 4.58543468085e-07, 3.09146969357e-07, 1.51525341607e-07, 4.56134330307e-08, 3.4227632284e-08, 2.45507987273e-08, 1.24649703892e-08, 4.79760853267e-09], "min": [5.06490857879e-23, 7.5803865815e-23, 5.79293126882e-23, 1.42765623246e-22, 4.38279885562e-23, 6.06417194029e-23, 1.12031842193e-22, 5.98510472731e-23, 4.79356756421e-23, 6.97527220703e-23, 1.18427774951e-22, 8.82780097133e-23, 1.4459715632e-22, 1.51682654483e-22, 1.73424822234e-22, 1.5179622521e-22, 1.91522831257e-22, 1.59673966915e-22, 1.22857878955e-22, 5.69098595362e-22, 5.01248277629e-22, 6.5248934671e-22, 6.15916038583e-22, 7.66160239916e-22, 9.21700133925e-22, 1.6493767349e-21, 2.16452506985e-21], "var": [3.92868138022e-08, 0.00365523737855, 0.000807839271147, 4.55469125882e-05, 6.86131716066e-06, 4.88512523589e-06, 2.67335108219e-05, 1.60862191478e-06, 1.55488339715e-06, 8.99585756997e-06, 1.43994657265e-05, 1.44856002748e-07, 2.65401837396e-07, 1.70036473719e-05, 2.89304898615e-05, 7.37237360227e-06, 2.82019141196e-06, 6.82452650835e-07, 1.20485594834e-07, 6.34307610881e-08, 1.1944720768e-08, 7.54313145279e-09, 3.53579499013e-10, 7.58035356707e-10, 1.75714262585e-10, 3.20334869741e-11, 2.08207301226e-12]}, "erbbands": {"dmean": [0.162463858724, 2.12174630165, 8.70747947693, 9.65907669067, 3.46679186821, 2.36052203178, 2.21775221825, 4.30979251862, 13.0555925369, 7.19122505188, 3.55302715302, 5.69425344467, 5.26552963257, 26.63098526, 8.42899608612, 4.15741062164, 4.95079565048, 22.6854057312, 27.5366840363, 41.3757781982, 19.3128929138, 10.4625425339, 8.80070495605, 5.25898742676, 1.89896309376, 1.95060622692, 0.973211169243, 0.671964466572, 0.680414378643, 0.278337061405, 0.168216988444, 0.145054712892, 0.0644372776151, 0.0450504720211, 0.0227919444442, 0.00859433785081, 0.00212646997534, 0.000434079673141, 4.31378430221e-05, 2.22050057346e-05], "dmean2": [0.22570104897, 2.9449968338, 12.4966878891, 15.3817529678, 5.59057569504, 3.71859169006, 3.29838037491, 6.50029277802, 16.4233131409, 10.1028823853, 5.10732936859, 7.74574995041, 7.61297798157, 35.0047836304, 10.980255127, 5.87935829163, 6.67096042633, 29.1323299408, 38.5275993347, 57.6393356323, 28.5185432434, 15.1080589294, 12.5335435867, 7.74906539917, 2.67080426216, 2.78168201447, 1.4931730032, 1.06258714199, 1.0851111412, 0.47177708149, 0.268585979939, 0.209661871195, 0.10187702626, 0.0728491470218, 0.038512378931, 0.0146398581564, 0.00366349914111, 0.000767489895225, 7.26456491975e-05, 3.07752015942e-05], "dvar": [0.185277670622, 21.7158164978, 291.377105713, 434.334350586, 48.7601966858, 50.1153106689, 61.1364135742, 160.445541382, 2141.3972168, 619.50769043, 93.4793014526, 547.450927734, 259.25567627, 13702.0654297, 1398.63464355, 140.865066528, 281.413238525, 19262.90625, 9475.77246094, 26124.9902344, 8122.43408203, 2524.08422852, 2186.44750977, 535.733032227, 41.8765296936, 105.608436584, 12.8227148056, 11.406006813, 16.2560253143, 1.70706319809, 0.497230917215, 0.531789124012, 0.0905576124787, 0.0340692922473, 0.0105903847143, 0.00179370155092, 0.000166666737641, 1.00136512629e-05, 6.97105946301e-08, 1.00793273727e-09], "dvar2": [0.307690322399, 38.2434768677, 550.338012695, 1100.78466797, 118.32875824, 116.380523682, 102.174049377, 357.386383057, 2583.94360352, 1007.60198975, 200.715240479, 896.858581543, 524.811157227, 23318.7285156, 1995.55554199, 278.869506836, 523.002807617, 27987.4902344, 18452.3964844, 48259.1757812, 14759.2207031, 5234.26513672, 3653.62866211, 992.063598633, 70.3095092773, 193.697738647, 24.0875263214, 29.3416690826, 31.798822403, 4.56757450104, 1.08681833744, 1.03956317902, 0.238920435309, 0.0895688608289, 0.0293707251549, 0.00499910814688, 0.000475012784591, 2.92183485726e-05, 2.02021510631e-07, 2.02023331397e-09], "max": [9.45462703705, 87.2601089478, 242.999328613, 255.541809082, 78.9018173218, 124.48764801, 262.842895508, 226.765426636, 1097.22497559, 485.170379639, 197.15222168, 477.417022705, 405.540283203, 2469.83300781, 1099.04528809, 233.077072144, 453.5909729, 3494.26000977, 2125.36694336, 3434.26513672, 1904.11010742, 1615.97363281, 1040.79626465, 460.356628418, 167.566192627, 334.868438721, 74.4253158569, 130.247375488, 111.404029846, 28.9294872284, 14.9404802322, 16.2238311768, 9.19389820099, 4.15972089767, 1.8798648119, 0.835483789444, 0.315503925085, 0.0818846225739, 0.00717236474156, 0.000395907787606], "mean": [0.556760728359, 7.04492330551, 15.7245035172, 14.7749557495, 5.94182825089, 4.04608106613, 4.19502449036, 8.26626873016, 24.2640552521, 11.4836301804, 6.78543663025, 11.2877149582, 9.50866889954, 41.4431037903, 12.359128952, 5.74330949783, 6.60381412506, 26.8829536438, 33.5037994385, 50.503490448, 19.9446372986, 10.2348642349, 10.2185707092, 5.6689453125, 2.05893063545, 2.14360737801, 1.12448513508, 0.664184868336, 0.642230391502, 0.242644250393, 0.156186893582, 0.139195889235, 0.0566156506538, 0.038408793509, 0.0175703186542, 0.00648870691657, 0.00157437776215, 0.000300089130178, 4.93967527291e-05, 5.95193851041e-05], "median": [0.0193125195801, 0.514430820942, 4.61281776428, 4.67348337173, 2.45820665359, 1.14872217178, 1.06244969368, 2.32173275948, 3.86383914948, 2.47578072548, 2.30914282799, 2.72339391708, 2.75013303757, 2.96419334412, 1.192466259, 0.975295543671, 0.644404888153, 0.658698797226, 1.026471138, 0.695437967777, 0.378353714943, 0.24782294035, 0.178870052099, 0.101358279586, 0.0613346882164, 0.0310246702284, 0.0193409565836, 0.0114442687482, 0.00560321379453, 0.00357321533374, 0.00157876801677, 0.000838927226141, 0.000524820177816, 0.000339300371706, 0.000200310838409, 0.000110988039523, 4.37611088273e-05, 6.59743182041e-06, 1.60125491675e-05, 2.90489551844e-05], "min": [1.82219023411e-21, 1.88672756828e-20, 6.57259943276e-20, 2.97460507225e-19, 3.42376569583e-19, 1.01637478397e-19, 3.53736163387e-19, 4.28360856885e-19, 7.82705851052e-19, 1.92650488741e-18, 1.55553868111e-18, 9.37346594484e-19, 2.47202016163e-18, 3.17417759447e-18, 3.89340927593e-18, 4.17683154588e-18, 6.83610223714e-18, 6.79454551034e-18, 8.84290071942e-18, 8.4607614744e-18, 8.06969198748e-18, 1.08172054793e-17, 1.05936987962e-17, 6.08591476882e-18, 1.3113070912e-17, 2.24057469536e-17, 2.37616299809e-17, 2.02722595567e-17, 2.57870677375e-17, 1.7550256315e-17, 1.5440199636e-17, 1.90357916314e-17, 1.29824317964e-17, 1.09866294395e-17, 6.21965539821e-18, 6.35584406862e-18, 2.98885212093e-18, 1.04560830325e-18, 2.50265226237e-19, 3.55804955024e-20], "var": [2.10866069794, 213.895965576, 767.213012695, 644.556518555, 87.5911483765, 102.216056824, 204.066223145, 375.787841797, 6164.82617188, 1305.75866699, 218.601364136, 1027.70532227, 449.829833984, 28735.3886719, 3033.46630859, 237.872543335, 489.963439941, 34896.2773438, 15294.0185547, 43686.09375, 10580.9892578, 2758.96557617, 3366.10473633, 749.424072266, 62.7183494568, 144.597885132, 20.2242698669, 11.4221601486, 20.074634552, 1.4669290781, 0.546796798706, 0.690884232521, 0.0739291906357, 0.0269158724695, 0.00698923086748, 0.00115900719538, 9.95279915514e-05, 5.53728705199e-06, 4.02241973063e-08, 5.54534906883e-09]}, "gfcc": {"mean": [-181.067398071, 166.786483765, -98.6242675781, -2.87482452393, -32.7835044861, -3.1020731926, -21.4291038513, -2.54791498184, -8.10799980164, -6.87843894958, -11.3697347641, -11.6212110519, -3.57541894913], "cov": [[17091.9863281, -963.325317383, -2077.96630859, 2111.6484375, -351.592010498, 806.65435791, -326.147674561, 311.834716797, -349.583251953, 214.838027954, -254.967102051, 20.8563327789, -159.134033203], [-963.325317383, 6536.60986328, 5042.49902344, 345.851104736, 1273.40710449, 260.134216309, 1220.46569824, -20.9041500092, 526.464477539, -245.840881348, 53.0251274109, -488.665039062, -321.897186279], [-2077.96630859, 5042.49902344, 7312.1484375, 1056.99475098, 1301.29541016, 1005.30236816, 1412.27783203, 113.409057617, 504.514648438, 19.6601524353, 162.357940674, -304.819549561, -397.224517822], [2111.6484375, 345.851104736, 1056.99475098, 1192.36584473, 527.37890625, 434.785125732, 205.284790039, 156.691635132, 85.938079834, 89.2473297119, -37.0659790039, -68.3673782349, -68.0170593262], [-351.592010498, 1273.40710449, 1301.29541016, 527.37890625, 906.057861328, 279.700042725, 344.861785889, 126.675094604, 237.64440918, -15.6368331909, 14.6922950745, -151.638153076, -46.1379814148], [806.65435791, 260.134216309, 1005.30236816, 434.785125732, 279.700042725, 595.315246582, 298.076477051, 85.5992660522, 10.1107692719, 27.5912361145, -13.1369609833, -46.3797988892, -115.569091797], [-326.147674561, 1220.46569824, 1412.27783203, 205.284790039, 344.861785889, 298.076477051, 527.60144043, 82.7822113037, 106.512489319, -56.4110488892, 23.8683929443, -88.4428253174, -72.2594070435], [311.834716797, -20.9041500092, 113.409057617, 156.691635132, 126.675094604, 85.5992660522, 82.7822113037, 166.016220093, 59.2400054932, -4.94427919388, -39.1075592041, -14.954867363, 3.60275197029], [-349.583251953, 526.464477539, 504.514648438, 85.938079834, 237.64440918, 10.1107692719, 106.512489319, 59.2400054932, 200.715744019, 25.7050170898, 16.6981906891, -58.1615791321, 13.5507106781], [214.838027954, -245.840881348, 19.6601524353, 89.2473297119, -15.6368331909, 27.5912361145, -56.4110488892, -4.94427919388, 25.7050170898, 144.374328613, 64.1850585938, 14.9639596939, -16.0058078766], [-254.967102051, 53.0251274109, 162.357940674, -37.0659790039, 14.6922950745, -13.1369609833, 23.8683929443, -39.1075592041, 16.6981906891, 64.1850585938, 196.446395874, 45.4120178223, -14.776766777], [20.8563327789, -488.665039062, -304.819549561, -68.3673782349, -151.638153076, -46.3797988892, -88.4428253174, -14.954867363, -58.1615791321, 14.9639596939, 45.4120178223, 183.261672974, 82.453704834], [-159.134033203, -321.897186279, -397.224517822, -68.0170593262, -46.1379814148, -115.569091797, -72.2594070435, 3.60275197029, 13.5507106781, -16.0058078766, -14.776766777, 82.453704834, 214.386642456]], "icov": [[0.000174102126039, -0.000275758240605, 0.0002328233968, -0.000444163684733, 0.000412264140323, -0.000467955454951, 0.000272511679213, -0.000393501861254, 0.000148473729496, -0.000253810198046, -5.83630644542e-05, -0.000106251551188, -5.09110323037e-05], [-0.000275758240605, 0.00117805751506, -0.000697903393302, 0.000712785345968, -0.00100153998937, 0.0015261817025, -0.00126990792342, 0.00149989512283, -0.000794727122411, 0.00126687611919, 0.000198732173885, 0.000696074857842, 0.00054192339303], [0.0002328233968, -0.000697903393302, 0.000863578170538, -0.000760746072046, 0.000663818616886, -0.00108720187563, -0.000138936884468, -0.000281096901745, -0.000274192163488, -0.000792421924416, -8.28034681035e-05, -0.000641367107164, 0.000197460598429], [-0.000444163684733, 0.000712785345968, -0.000760746072046, 0.00281100790016, -0.0019443158526, 0.00057045253925, -0.000216315704165, 6.96889474057e-05, 0.000533073034603, -0.000603924971074, 0.000699447584338, 0.000257892213995, -9.19317317312e-05], [0.000412264140323, -0.00100153998937, 0.000663818616886, -0.0019443158526, 0.0039176675491, -0.00196193670854, 0.000811738602351, -0.00145208172034, -0.00176555220969, 0.000541779678315, -0.00115552276839, 0.000670321634971, -0.000686597253662], [-0.000467955454951, 0.0015261817025, -0.00108720187563, 0.00057045253925, -0.00196193670854, 0.00580063648522, -0.00333625846542, 0.00139636604581, 0.000877491780557, -1.97358131118e-05, 0.00123712792993, 0.000104366183223, 0.00165569887031], [0.000272511679213, -0.00126990792342, -0.000138936884468, -0.000216315704165, 0.000811738602351, -0.00333625846542, 0.00736867729574, -0.003571346635, 0.000837314932141, 0.0015639293706, -0.00195311417338, 0.000624720123596, -0.0014217075659], [-0.000393501861254, 0.00149989512283, -0.000281096901745, 6.96889474057e-05, -0.00145208172034, 0.00139636604581, -0.003571346635, 0.0113483062014, -0.0044908397831, 0.00170004495885, 0.00234426418319, -0.000814481289126, 0.00139266299084], [0.000148473729496, -0.000794727122411, -0.000274192163488, 0.000533073034603, -0.00176555220969, 0.000877491780557, 0.000837314932141, -0.0044908397831, 0.0120881982148, -0.00460800388828, -0.000261985871475, 0.00196724873967, -0.00285396771505], [-0.000253810198046, 0.00126687611919, -0.000792421924416, -0.000603924971074, 0.000541779678315, -1.97358131118e-05, 0.0015639293706, 0.00170004495885, -0.00460800388828, 0.0133668361232, -0.00416782964021, 0.00112736586016, 0.00122681679204], [-5.83630644542e-05, 0.000198732173885, -8.28034681035e-05, 0.000699447584338, -0.00115552276839, 0.00123712792993, -0.00195311417338, 0.00234426418319, -0.000261985871475, -0.00416782964021, 0.00828386005014, -0.00323387840763, 0.00156420527492], [-0.000106251551188, 0.000696074857842, -0.000641367107164, 0.000257892213995, 0.000670321634971, 0.000104366183223, 0.000624720123596, -0.000814481289126, 0.00196724873967, 0.00112736586016, -0.00323387840763, 0.0102718062699, -0.00392912654206], [-5.09110323037e-05, 0.00054192339303, 0.000197460598429, -9.19317317312e-05, -0.000686597253662, 0.00165569887031, -0.0014217075659, 0.00139266299084, -0.00285396771505, 0.00122681679204, 0.00156420527492, -0.00392912654206, 0.00791019387543]]}, "melbands": {"dmean": [0.00192717381287, 0.00378444138914, 0.00148184038699, 0.000193039973965, 7.84577205195e-05, 9.98353134491e-05, 0.000198633162654, 7.12801920599e-05, 2.63524580078e-05, 3.92618858314e-05, 2.57229221461e-05, 0.000107326224679, 4.03453923354e-05, 9.86192480923e-06, 1.22284809549e-05, 9.78550360742e-06, 5.08517987328e-05, 3.0263865483e-05, 9.74760550889e-05, 3.52179558831e-05, 2.02360915864e-05, 1.43410661622e-05, 6.47356955596e-06, 6.11278392171e-06, 4.56008501715e-06, 7.35485286896e-07, 2.11821907214e-06, 1.02170577065e-06, 4.55679298739e-07, 8.68499910212e-07, 2.27408747833e-07, 4.6668750997e-07, 2.43333431627e-07, 1.01984845458e-07, 1.1246609688e-07, 7.77863817802e-08, 8.65579252718e-08, 4.38812435277e-08, 5.04225035058e-08, 3.54767237809e-08], "dmean2": [0.00265712151304, 0.00538245681673, 0.00232991878875, 0.000311786629027, 0.0001177354643, 0.000146254300489, 0.000251529883826, 0.000102971629531, 3.73985276383e-05, 5.36160478077e-05, 3.79136326956e-05, 0.000141759592225, 5.15252468176e-05, 1.42186472658e-05, 1.69293907675e-05, 1.30872131194e-05, 6.56114571029e-05, 4.39558825747e-05, 0.000135747497552, 5.28234049852e-05, 2.9400411222e-05, 2.07411649171e-05, 9.35132084123e-06, 8.84437395143e-06, 6.76044646752e-06, 1.09980567231e-06, 2.91929723062e-06, 1.50257346831e-06, 7.08084655798e-07, 1.34021411213e-06, 3.72207665578e-07, 7.22369065898e-07, 4.34552219986e-07, 1.71028773366e-07, 1.81174669933e-07, 1.15691626945e-07, 1.27399459871e-07, 7.21850383911e-08, 7.81255096172e-08, 5.95480962318e-08], "dvar": [2.32216425502e-05, 4.56551497336e-05, 9.46294585447e-06, 2.22255437166e-07, 7.12486709631e-08, 8.95680472013e-08, 5.25576922428e-07, 6.39655439727e-08, 5.15967490955e-09, 2.70557247717e-08, 7.29926075138e-09, 2.31334283285e-07, 3.6554716587e-08, 1.95567428918e-09, 1.69191982646e-09, 2.40579556277e-09, 1.05218177282e-07, 1.61571875879e-08, 2.08428190263e-07, 4.26529354058e-08, 9.6871222155e-09, 6.57120491354e-09, 1.00687680415e-09, 8.84308459792e-10, 5.20992915476e-10, 5.59273113931e-12, 9.9322966518e-11, 3.90107460224e-11, 2.75012608172e-12, 1.55070487701e-11, 2.48088528887e-12, 9.65616909349e-12, 2.15672098236e-12, 2.11860842997e-13, 3.12170455501e-13, 1.11260813388e-13, 2.62183585389e-13, 8.64589975134e-14, 4.76506651519e-14, 3.22496410544e-14], "dvar2": [3.80737401429e-05, 8.85441477294e-05, 2.343916276e-05, 5.79132006351e-07, 1.20002283666e-07, 1.80995030519e-07, 6.34455261661e-07, 1.07981939834e-07, 1.04053823335e-08, 4.4860502868e-08, 1.43404257358e-08, 4.03617605116e-07, 5.27967571884e-08, 3.08660386139e-09, 3.08580738739e-09, 3.91870758065e-09, 1.5324538083e-07, 2.85088361807e-08, 3.97206974867e-07, 7.42084509398e-08, 1.86139068603e-08, 1.35431204029e-08, 1.77560210979e-09, 1.47759626756e-09, 9.60463264477e-10, 1.06038008235e-11, 1.64022295746e-10, 7.41820008199e-11, 5.7543501214e-12, 3.06582016718e-11, 6.63101301299e-12, 1.79744726048e-11, 6.19465503199e-12, 5.37414730772e-13, 6.58088275714e-13, 2.09386625876e-13, 5.88056025316e-13, 2.31625265842e-13, 1.13347245272e-13, 8.68996647102e-14], "max": [0.0986905843019, 0.0868661478162, 0.0364077053964, 0.00950051750988, 0.00729562109336, 0.00597971491516, 0.0172757729888, 0.00584727665409, 0.00138571823481, 0.00335111725144, 0.0024431804195, 0.0110702523962, 0.00517075508833, 0.00144137605093, 0.000855843827594, 0.00164055870846, 0.00816763099283, 0.00259449635632, 0.0109990611672, 0.00507886055857, 0.00304192281328, 0.00270052673295, 0.000709404528607, 0.000603718799539, 0.00047154785716, 4.05863902415e-05, 0.000260099564912, 0.000204786992981, 2.92075255857e-05, 8.1599871919e-05, 6.47582055535e-05, 9.06823042897e-05, 3.84682680306e-05, 1.04264572656e-05, 1.23052286654e-05, 6.52032531434e-06, 1.63210279425e-05, 1.11906947495e-05, 4.09949007008e-06, 4.3750956138e-06], "mean": [0.00671778153628, 0.00891996733844, 0.00235704076476, 0.000329940317897, 0.000143389974255, 0.000191646089661, 0.000361978425644, 0.000112127119792, 5.0909438869e-05, 7.48281963752e-05, 4.42646633019e-05, 0.000165198463947, 6.08545051364e-05, 1.35213422254e-05, 1.6077354303e-05, 1.23442432596e-05, 5.92802389292e-05, 3.36586417689e-05, 0.00012022354349, 3.67103530152e-05, 1.99611222342e-05, 1.34614010676e-05, 7.43984992368e-06, 6.91024160915e-06, 4.82023324366e-06, 7.42981569601e-07, 2.25025519285e-06, 1.13171972771e-06, 5.46249850686e-07, 8.8634652684e-07, 2.00823762952e-07, 4.56651349623e-07, 1.79198295314e-07, 9.11227360234e-08, 1.02472256458e-07, 7.40003400779e-08, 8.03550008754e-08, 3.63308174656e-08, 4.46385506336e-08, 2.83967569459e-08], "median": [0.000243033922743, 0.00204412918538, 0.000866174174007, 0.000116518589493, 4.09959538956e-05, 4.70612576464e-05, 5.61612323509e-05, 2.2035850634e-05, 1.56566784426e-05, 1.51992053361e-05, 1.06854367914e-05, 1.06769421109e-05, 3.86160900234e-06, 1.5111374978e-06, 1.38790915116e-06, 5.68996824768e-07, 7.21449850971e-07, 1.21009236409e-06, 8.60447130435e-07, 3.04345491031e-07, 1.60422629847e-07, 1.17647346087e-07, 8.81243167328e-08, 8.40894216481e-08, 3.61976084662e-08, 1.81884267647e-08, 1.94647675755e-08, 7.0291101828e-09, 7.23036208683e-09, 7.28732629796e-09, 2.84189161093e-09, 1.95379890044e-09, 2.40776776295e-09, 1.14187226341e-09, 6.74331090966e-10, 5.28982080361e-10, 3.63997887387e-10, 2.82520784545e-10, 2.9029439963e-10, 1.95973043349e-10], "min": [2.13451750783e-23, 3.09600232059e-23, 5.551775859e-23, 1.37004597299e-23, 1.01918186271e-23, 9.78467489209e-24, 1.60845520022e-23, 2.01465577308e-23, 1.06653797171e-23, 6.17414451474e-24, 1.23100261201e-23, 1.18231080373e-23, 1.5303778499e-23, 9.69375946163e-24, 1.64421536946e-23, 1.19574242282e-23, 1.25932666281e-23, 1.44798527265e-23, 1.14274580057e-23, 1.02970645047e-23, 9.44264846942e-24, 9.42023771996e-24, 1.29290626274e-23, 7.72354227438e-24, 4.40332848736e-24, 5.9447749235e-24, 1.23685414555e-23, 1.66904082215e-23, 1.6772192587e-23, 9.69848947162e-24, 1.34616888888e-23, 1.31328640534e-23, 1.39193039445e-23, 8.73964166309e-24, 6.37031173933e-24, 1.35111741334e-23, 1.14764312796e-23, 8.09237261289e-24, 9.81416566817e-24, 9.05677400218e-24], "var": [0.000256390427239, 0.00018361498951, 1.49840561789e-05, 4.20670033918e-07, 2.05509238071e-07, 2.33942671457e-07, 1.45534829699e-06, 1.341634146e-07, 1.37057201144e-08, 4.9898840615e-08, 1.25373569304e-08, 4.64403484557e-07, 8.6909494712e-08, 3.60953267275e-09, 2.9740989671e-09, 4.26644897189e-09, 1.89890727142e-07, 2.49790836904e-08, 3.49805588939e-07, 5.86497357347e-08, 1.17392957577e-08, 7.1652817013e-09, 1.54318879897e-09, 1.3300481827e-09, 7.29092231033e-10, 7.97543801834e-12, 1.47298340192e-10, 5.28842560021e-11, 4.84351491206e-12, 2.09353871045e-11, 2.22280310477e-12, 1.262111856e-11, 1.33187677467e-12, 2.11565384352e-13, 3.61054285428e-13, 1.48138838978e-13, 2.88068370156e-13, 6.70995106266e-14, 4.67902931298e-14, 2.33838776386e-14]}, "mfcc": {"mean": [-827.524047852, 190.820373535, 13.6241416931, 10.0058689117, 7.08233165741, 2.47201633453, -1.89959049225, 2.00644516945, 6.30842494965, 4.64484882355, -1.2774374485, -5.26119232178, -1.33726406097], "cov": [[10917.8642578, 533.816894531, -2703.08056641, 275.801483154, 51.4759559631, -46.0335159302, -272.243438721, -10.5104541779, 87.9848175049, -52.2649841309, -210.526809692, -143.164901733, -16.038356781], [533.816894531, 5341.06152344, 3197.8371582, 953.173156738, 677.556945801, 781.657165527, 798.176391602, 540.33013916, 287.359222412, 373.332641602, 511.698852539, 199.224822998, 56.3730621338], [-2703.08056641, 3197.8371582, 4815.14160156, 1268.20605469, 724.671020508, 1177.57946777, 1047.01977539, 674.082275391, 355.198669434, 409.355712891, 654.781066895, 292.909545898, 17.0775756836], [275.801483154, 953.173156738, 1268.20605469, 990.515930176, 587.19708252, 472.842590332, 373.985839844, 297.430725098, 275.140472412, 235.431869507, 176.149353027, 104.228141785, 73.3698806763], [51.4759559631, 677.556945801, 724.671020508, 587.19708252, 627.389221191, 398.292144775, 269.194000244, 226.700546265, 189.906051636, 204.865646362, 144.804641724, 61.564037323, 47.085319519], [-46.0335159302, 781.657165527, 1177.57946777, 472.842590332, 398.292144775, 616.63848877, 426.486846924, 282.201812744, 154.154098511, 166.985534668, 252.079620361, 65.9719772339, -23.7414283752], [-272.243438721, 798.176391602, 1047.01977539, 373.985839844, 269.194000244, 426.486846924, 448.015777588, 289.714477539, 137.589553833, 144.582580566, 213.060455322, 49.9954719543, -47.5302009583], [-10.5104541779, 540.33013916, 674.082275391, 297.430725098, 226.700546265, 282.201812744, 289.714477539, 312.051208496, 182.825576782, 98.3370895386, 128.188232422, 23.1560707092, -21.2165031433], [87.9848175049, 287.359222412, 355.198669434, 275.140472412, 189.906051636, 154.154098511, 137.589553833, 182.825576782, 303.32144165, 111.518791199, -28.4589576721, 22.2240753174, 39.5176277161], [-52.2649841309, 373.332641602, 409.355712891, 235.431869507, 204.865646362, 166.985534668, 144.582580566, 98.3370895386, 111.518791199, 253.468917847, 105.558738708, -52.9406013489, -4.12640094757], [-210.526809692, 511.698852539, 654.781066895, 176.149353027, 144.804641724, 252.079620361, 213.060455322, 128.188232422, -28.4589576721, 105.558738708, 315.649841309, 57.2683258057, -69.9995422363], [-143.164901733, 199.224822998, 292.909545898, 104.228141785, 61.564037323, 65.9719772339, 49.9954719543, 23.1560707092, 22.2240753174, -52.9406013489, 57.2683258057, 260.508575439, 74.3580474854], [-16.038356781, 56.3730621338, 17.0775756836, 73.3698806763, 47.085319519, -23.7414283752, -47.5302009583, -21.2165031433, 39.5176277161, -4.12640094757, -69.9995422363, 74.3580474854, 242.629821777]], "icov": [[0.000201628354262, -0.000162357158842, 0.000355241616489, -0.000405201077228, 0.000393722410081, -0.000551755947527, 0.000344113446772, -0.000269771931926, 0.000109595501272, -5.75423182454e-05, 8.36389008327e-05, -6.17572150077e-05, 8.62294036779e-05], [-0.000162357158842, 0.000466802099254, -0.000483373005409, 0.000383383361623, -0.000516035768669, 0.000733690278139, -0.00054221105529, 0.000217031643842, -0.00012261098891, 2.2831489332e-05, -0.000222160990234, 8.1590435002e-05, -0.000185145036085], [0.000355241616489, -0.000483373005409, 0.00129919673782, -0.00114560360089, 0.00122901261784, -0.00154432200361, 0.000135091802804, -0.000473047693959, 0.000226403673878, -0.000267881056061, -7.44157950976e-05, -0.000390451663407, 4.30114705523e-05], [-0.000405201077228, 0.000383383361623, -0.00114560360089, 0.00391706405208, -0.00292038870975, 0.00137187552173, -0.00116553972475, 0.000812201411463, -0.00124399084598, 1.2457729099e-05, -0.000241272267886, 1.74040596903e-05, -0.000548169657122], [0.000393722410081, -0.000516035768669, 0.00122901261784, -0.00292038870975, 0.00590328499675, -0.00359129556455, 0.00207490869798, -0.00203547254205, 0.000938295153901, -0.00216530333273, 0.000755891611334, -0.000993530731648, 6.90277738613e-06], [-0.000551755947527, 0.000733690278139, -0.00154432200361, 0.00137187552173, -0.00359129556455, 0.00864742510021, -0.00566045474261, 0.00210778624751, -0.00161713454872, 0.00156458141282, -0.00240861787461, 0.00104310060851, -0.000619122234639], [0.000344113446772, -0.00054221105529, 0.000135091802804, -0.00116553972475, 0.00207490869798, -0.00566045474261, 0.0129304360598, -0.00743357418105, 0.00235842214897, -0.00240075355396, 0.000970994704403, -0.00134292058647, 0.0016848744126], [-0.000269771931926, 0.000217031643842, -0.000473047693959, 0.000812201411463, -0.00203547254205, 0.00210778624751, -0.00743357418105, 0.0136718023568, -0.00688185635954, 0.00393916480243, -0.00380212627351, 0.00244558998384, -0.000598565849941], [0.000109595501272, -0.00012261098891, 0.000226403673878, -0.00124399084598, 0.000938295153901, -0.00161713454872, 0.00235842214897, -0.00688185635954, 0.00981512479484, -0.00446445634589, 0.00548897963017, -0.00236405013129, 0.000549432472326], [-5.75423182454e-05, 2.2831489332e-05, -0.000267881056061, 1.2457729099e-05, -0.00216530333273, 0.00156458141282, -0.00240075355396, 0.00393916480243, -0.00446445634589, 0.00947560928762, -0.0043247085996, 0.00405862368643, -0.00114980468061], [8.36389008327e-05, -0.000222160990234, -7.44157950976e-05, -0.000241272267886, 0.000755891611334, -0.00240861787461, 0.000970994704403, -0.00380212627351, 0.00548897963017, -0.0043247085996, 0.00934277940542, -0.00307284994051, 0.0022803095635], [-6.17572150077e-05, 8.1590435002e-05, -0.000390451663407, 1.74040596903e-05, -0.000993530731648, 0.00104310060851, -0.00134292058647, 0.00244558998384, -0.00236405013129, 0.00405862368643, -0.00307284994051, 0.00651038438082, -0.00218284945004], [8.62294036779e-05, -0.000185145036085, 4.30114705523e-05, -0.000548169657122, 6.90277738613e-06, -0.000619122234639, 0.0016848744126, -0.000598565849941, 0.000549432472326, -0.00114980468061, 0.0022803095635, -0.00218284945004, 0.00576656265184]]}, "spectral_contrast_coeffs": {"dmean": [0.0554666407406, 0.0440163426101, 0.0410712696612, 0.0402709059417, 0.0325488969684, 0.0256401468068], "dmean2": [0.0899930670857, 0.0696788653731, 0.0608775950968, 0.0571258477867, 0.0464173480868, 0.0382664315403], "dvar": [0.00236397562549, 0.00143272569403, 0.00144567538518, 0.00140121241566, 0.00120412488468, 0.00059521390358], "dvar2": [0.00654466589913, 0.00334405293688, 0.00280960067175, 0.00246331258677, 0.00194962578826, 0.00110074365512], "max": [-0.206096664071, -0.291029393673, -0.333070129156, -0.352848738432, -0.424129009247, -0.535796761513], "mean": [-0.579111039639, -0.696491897106, -0.716560721397, -0.728313684464, -0.767660200596, -0.785572886467], "median": [-0.572039484978, -0.705420136452, -0.728003501892, -0.747514486313, -0.781342029572, -0.786188364029], "min": [-0.96191829443, -0.948400616646, -0.944181442261, -0.952462077141, -0.956274330616, -0.962055981159], "var": [0.00921829603612, 0.0078530004248, 0.00817198120058, 0.0106434375048, 0.0105211315677, 0.00553959840909]}, "spectral_contrast_valleys": {"dmean": [0.500463426113, 0.393873751163, 0.41113820672, 0.420819044113, 0.455762028694, 0.539388895035], "dmean2": [0.813175916672, 0.623527050018, 0.626571834087, 0.616903543472, 0.64244300127, 0.774823665619], "dvar": [0.315514326096, 0.241619512439, 0.287782043219, 0.325274854898, 0.42815592885, 0