{"lowlevel": {"average_loudness": 0.63442581892, "barkbands_crest": {"dmean": 2.37410831451, "dmean2": 3.82110071182, "dvar": 5.15693759918, "dvar2": 13.1638555527, "max": 25.6706295013, "mean": 12.5937223434, "median": 12.0431241989, "min": 2.30991125107, "var": 17.2751693726}, "barkbands_flatness_db": {"dmean": 0.0493949912488, "dmean2": 0.0675577074289, "dvar": 0.00309977377765, "dvar2": 0.00587741285563, "max": 0.732252299786, "mean": 0.319093763828, "median": 0.319169074297, "min": 0.0187858920544, "var": 0.0164289120585}, "barkbands_kurtosis": {"dmean": 8.328789711, "dmean2": 12.8955974579, "dvar": 237.927398682, "dvar2": 543.544128418, "max": 425.156921387, "mean": 11.7692680359, "median": 4.50686454773, "min": -1.9443154335, "var": 442.157043457}, "barkbands_skewness": {"dmean": 0.861114561558, "dmean2": 1.29929578304, "dvar": 1.05946326256, "dvar2": 2.29588031769, "max": 18.7152080536, "mean": 2.10206365585, "median": 1.5460268259, "min": -1.87490177155, "var": 3.36025738716}, "barkbands_spread": {"dmean": 6.08381986618, "dmean2": 9.29480171204, "dvar": 146.931655884, "dvar2": 320.382751465, "max": 128.271453857, "mean": 10.3025779724, "median": 4.49847459793, "min": 0.207304358482, "var": 285.474853516}, "dissonance": {"dmean": 0.0461245849729, "dmean2": 0.0771995931864, "dvar": 0.00174167321529, "dvar2": 0.00459857843816, "max": 0.499840676785, "mean": 0.379829227924, "median": 0.393426865339, "min": 0.0719134956598, "var": 0.00554932840168}, "dynamic_complexity": 4.00017118454, "erbbands_crest": {"dmean": 2.44376707077, "dmean2": 3.98241567612, "dvar": 5.12962293625, "dvar2": 13.4787969589, "max": 29.6466960907, "mean": 11.1946458817, "median": 10.7327671051, "min": 2.23929715157, "var": 16.8382797241}, "erbbands_flatness_db": {"dmean": 0.0446132086217, "dmean2": 0.0592310801148, "dvar": 0.00259437575005, "dvar2": 0.00460204156116, "max": 0.548663854599, "mean": 0.275328040123, "median": 0.277107268572, "min": 0.0468844398856, "var": 0.0156945306808}, "erbbands_kurtosis": {"dmean": 2.99909448624, "dmean2": 4.77459526062, "dvar": 23.0762767792, "dvar2": 55.4780654907, "max": 60.4547080994, "mean": 3.26802587509, "median": 1.35053014755, "min": -1.90258920193, "var": 32.4017105103}, "erbbands_skewness": {"dmean": 0.593206167221, "dmean2": 0.914982438087, "dvar": 0.424646139145, "dvar2": 1.00485897064, "max": 6.35122489929, "mean": 1.20840811729, "median": 1.06203377247, "min": -2.2715575695, "var": 0.967910528183}, "erbbands_spread": {"dmean": 13.1534662247, "dmean2": 19.2702636719, "dvar": 502.292572021, "dvar2": 1010.8079834, "max": 181.193527222, "mean": 26.7244205475, "median": 13.7462615967, "min": 1.08870518208, "var": 978.003356934}, "hfc": {"dmean": 10.3481330872, "dmean2": 16.3670902252, "dvar": 691.830383301, "dvar2": 1713.29296875, "max": 239.866165161, "mean": 14.5257101059, "median": 6.57949256897, "min": 1.18190067316e-16, "var": 663.93536377}, "melbands_crest": {"dmean": 2.77084183693, "dmean2": 4.42038440704, "dvar": 7.24155378342, "dvar2": 17.8770065308, "max": 37.214515686, "mean": 15.7910957336, "median": 15.0522441864, "min": 2.36686015129, "var": 25.9258937836}, "melbands_flatness_db": {"dmean": 0.0580412186682, "dmean2": 0.0794661939144, "dvar": 0.00454435683787, "dvar2": 0.0087086269632, "max": 0.916129171848, "mean": 0.435727924109, "median": 0.43656784296, "min": 0.00506517942995, "var": 0.0223241858184}, "melbands_kurtosis": {"dmean": 16.6926784515, "dmean2": 25.0576725006, "dvar": 1412.60229492, "dvar2": 2874.93579102, "max": 627.862060547, "mean": 27.0550308228, "median": 6.72460269928, "min": -1.32713735104, "var": 3180.59619141}, "melbands_skewness": {"dmean": 1.00270557404, "dmean2": 1.48445034027, "dvar": 2.08307790756, "dvar2": 4.00688171387, "max": 19.057806015, "mean": 2.79361200333, "median": 1.89058709145, "min": -0.425431132317, "var": 6.36139822006}, "melbands_spread": {"dmean": 3.3890683651, "dmean2": 5.32836055756, "dvar": 77.7102050781, "dvar2": 171.362197876, "max": 184.597549438, "mean": 8.31406593323, "median": 4.59839010239, "min": 0.332092791796, "var": 259.793121338}, "pitch_salience": {"dmean": 0.0675610825419, "dmean2": 0.107562482357, "dvar": 0.00469725811854, "dvar2": 0.0109761226922, "max": 0.939889192581, "mean": 0.538698375225, "median": 0.553025066853, "min": 0.0911038517952, "var": 0.0170780178159}, "silence_rate_20dB": {"dmean": 0.00765076512471, "dmean2": 0.0153049742803, "dvar": 0.00759212486446, "dvar2": 0.0191223807633, "max": 1, "mean": 0.993025898933, "median": 1, "min": 0, "var": 0.00692576356232}, "silence_rate_30dB": {"dmean": 0.043204318732, "dmean2": 0.08642809093, "dvar": 0.0413368754089, "dvar2": 0.0915653556585, "max": 1, "mean": 0.922834634781, "median": 1, "min": 0, "var": 0.0712091848254}, "silence_rate_60dB": {"dmean": 0.0279027894139, "dmean2": 0.0558181405067, "dvar": 0.0271239299327, "dvar2": 0.0621532127261, "max": 1, "mean": 0.0980877354741, "median": 0, "min": 0, "var": 0.0884707942605}, "spectral_centroid": {"dmean": 118.922294617, "dmean2": 181.483688354, "dvar": 90770.296875, "dvar2": 168340.390625, "max": 11151.9443359, "mean": 472.522491455, "median": 357.319580078, "min": 121.201667786, "var": 219411.703125}, "spectral_complexity": {"dmean": 1.93879389763, "dmean2": 3.07720017433, "dvar": 22.9228343964, "dvar2": 46.4651260376, "max": 60, "mean": 9.23239612579, "median": 9, "min": 0, "var": 35.6327896118}, "spectral_decrease": {"dmean": 3.86948295628e-09, "dmean2": 5.87326454138e-09, "dvar": 1.10374527399e-16, "dvar2": 2.67249720999e-16, "max": 8.68428293461e-29, "mean": -9.97514071344e-09, "median": -5.37505284726e-09, "min": -2.04745830956e-07, "var": 2.49043356602e-16}, "spectral_energy": {"dmean": 0.0152634773403, "dmean2": 0.023187816143, "dvar": 0.00164238305297, "dvar2": 0.00397072779015, "max": 0.779430091381, "mean": 0.0389659367502, "median": 0.0211408808827, "min": 1.0392416104e-20, "var": 0.00368992448784}, "spectral_energyband_high": {"dmean": 0.000772669387516, "dmean2": 0.00126871105749, "dvar": 5.40327437193e-06, "dvar2": 1.38911400427e-05, "max": 0.0217991229147, "mean": 0.000607838155702, "median": 2.23263668886e-06, "min": 7.35638052814e-21, "var": 4.1732232603e-06}, "spectral_energyband_low": {"dmean": 0.0104369455948, "dmean2": 0.015371917747, "dvar": 0.00147944642231, "dvar2": 0.00356580410153, "max": 0.735458076, "mean": 0.0212274957448, "median": 0.00257174437866, "min": 9.32949568112e-23, "var": 0.00265643023886}, "spectral_energyband_middle_high": {"dmean": 0.000978661002591, "dmean2": 0.0016138763167, "dvar": 2.06475669984e-05, "dvar2": 5.42921952729e-05, "max": 0.0519565716386, "mean": 0.00149173755199, "median": 0.000372398644686, "min": 1.54887116028e-21, "var": 1.70056609932e-05}, "spectral_energyband_middle_low": {"dmean": 0.00777328759432, "dmean2": 0.0130128990859, "dvar": 0.000609006849118, "dvar2": 0.00160668452736, "max": 0.323038905859, "mean": 0.0167807396501, "median": 0.0117935249582, "min": 3.46679326244e-22, "var": 0.000587110640481}, "spectral_entropy": {"dmean": 0.450350016356, "dmean2": 0.612303853035, "dvar": 0.292046010494, "dvar2": 0.540471673012, "max": 9.79052448273, "mean": 6.03960514069, "median": 5.81389474869, "min": 3.75693821907, "var": 1.07007920742}, "spectral_flux": {"dmean": 0.0301028955728, "dmean2": 0.0455323979259, "dvar": 0.0026986328885, "dvar2": 0.00516173848882, "max": 0.689091563225, "mean": 0.0724459514022, "median": 0.0458680316806, "min": 1.0194319694e-10, "var": 0.00818864069879}, "spectral_kurtosis": {"dmean": 47.0984840393, "dmean2": 76.3445892334, "dvar": 5241.55566406, "dvar2": 13187.09375, "max": 732.997314453, "mean": 99.3677368164, "median": 37.6878967285, "min": -1.18179678917, "var": 16563.8847656}, "spectral_rms": {"dmean": 0.00092484371271, "dmean2": 0.00136828154791, "dvar": 2.61400555246e-06, "dvar2": 5.46034425497e-06, "max": 0.0275757070631, "mean": 0.00513539323583, "median": 0.0045415032655, "min": 3.18417059213e-12, "var": 1.16432529467e-05}, "spectral_rolloff": {"dmean": 431.895019531, "dmean2": 767.581604004, "dvar": 2463305, "dvar2": 6065985.5, "max": 19186.0839844, "mean": 846.842895508, "median": 344.53125, "min": 43.06640625, "var": 4479736}, "spectral_skewness": {"dmean": 2.02078270912, "dmean2": 3.05031943321, "dvar": 5.83650016785, "dvar2": 12.7987127304, "max": 21.8107261658, "mean": 6.50019645691, "median": 5.03295850754, "min": 0.0260949265212, "var": 25.0850276947}, "spectral_spread": {"dmean": 1892379.25, "dmean2": 2460571.25, "dvar": 6342848806910.0, "dvar2": 10583624646700.0, "max": 39576188, "mean": 4155173.25, "median": 1785141.5, "min": 140089.25, "var": 19146618175500.0}, "spectral_strongpeak": {"dmean": 0.237501606345, "dmean2": 0.387573182583, "dvar": 0.124812364578, "dvar2": 0.281330049038, "max": 4.52288675308, "mean": 0.726655006409, "median": 0.56332975626, "min": 0, "var": 0.409222304821}, "zerocrossingrate": {"dmean": 0.0138507504016, "dmean2": 0.0164348464459, "dvar": 0.000475959677715, "dvar2": 0.000634295050986, "max": 0.5087890625, "mean": 0.0375907346606, "median": 0.02001953125, "min": 0.001953125, "var": 0.00267148623243}, "barkbands": {"dmean": [0.00125704822131, 0.00755995046347, 0.00407091295347, 0.00282893655822, 0.00363951385953, 0.00221348437481, 0.000412928668084, 0.000433666340541, 0.000240445588133, 0.000221694004722, 0.000342549319612, 0.000190371254575, 5.19016830367e-05, 7.26184516679e-05, 6.46444168524e-05, 4.08073065046e-05, 4.40466865257e-05, 4.59044058516e-05, 5.808568676e-05, 3.48643006873e-05, 5.16136788065e-05, 7.4071554991e-05, 9.58872042247e-05, 0.000167482867255, 0.000199610891286, 0.000138928924571, 3.35564254783e-05], "dmean2": [0.00157448253594, 0.0108805410564, 0.0067093949765, 0.00515771284699, 0.0065334122628, 0.00340607087128, 0.000669666333124, 0.000663098238874, 0.000377749674954, 0.000373466085875, 0.000571575132199, 0.000329490168951, 7.38333910704e-05, 0.000111679626571, 0.000109661013994, 6.84102051309e-05, 7.73756910348e-05, 7.94604566181e-05, 0.000102405552752, 5.97961043241e-05, 8.54343670653e-05, 0.0001254924573, 0.000166795347468, 0.000284992856905, 0.000320422230288, 0.000227396638365, 5.71356322325e-05], "dvar": [3.61865277227e-05, 0.000979202333838, 0.000409085449064, 0.000230986508541, 0.000209725141758, 1.91323160834e-05, 8.24239009489e-07, 2.53285611507e-06, 4.19482347525e-07, 7.55348594339e-07, 1.98893576453e-06, 9.64613604992e-07, 5.58784059024e-08, 6.69410411547e-08, 1.29242366143e-07, 5.10700388645e-08, 7.2589507738e-08, 8.36584206354e-08, 1.51995521946e-07, 3.92310965935e-08, 7.94072079202e-08, 9.61834416557e-08, 1.30899579176e-07, 3.06528392002e-07, 2.72336137641e-07, 1.21074492654e-07, 1.9937797191e-08], "dvar2": [6.4264939283e-05, 0.00220922008157, 0.00104285834823, 0.000652678951155, 0.000611958326772, 4.54890541732e-05, 2.05976903089e-06, 5.12554333909e-06, 8.15905593754e-07, 2.09769427784e-06, 5.47461013412e-06, 2.55277996075e-06, 7.88502845239e-08, 1.457799641e-07, 3.40002685562e-07, 1.27299387032e-07, 1.98003434093e-07, 2.2840845304e-07, 4.14315309172e-07, 1.0188994537e-07, 1.92661190113e-07, 2.35179015817e-07, 3.51698616896e-07, 8.17760678729e-07, 6.94322409345e-07, 3.02863071511e-07, 5.3555805124e-08], "max": [0.0901321992278, 0.660523056984, 0.273993730545, 0.275224775076, 0.220133274794, 0.117526195943, 0.0135787492618, 0.0419287420809, 0.0135723687708, 0.0115282665938, 0.0167605336756, 0.0138769950718, 0.00753127923235, 0.00355426501483, 0.00418330170214, 0.0026442182716, 0.00308679719456, 0.00346033927053, 0.00441443827003, 0.00233741384, 0.00302624423057, 0.00335675245151, 0.00396137358621, 0.00471000233665, 0.00500285811722, 0.00277606467716, 0.00189480371773], "mean": [0.00156995432917, 0.0128849335015, 0.00571413664147, 0.00273764762096, 0.00519776809961, 0.00599041674286, 0.00100830523297, 0.000873100012541, 0.000796770153102, 0.000322605425026, 0.000567126087844, 0.000208321027458, 0.000116517454444, 0.000144034580444, 6.46498228889e-05, 3.89283886761e-05, 3.79739140044e-05, 3.31955052388e-05, 3.96089235437e-05, 2.63622150669e-05, 3.98576303269e-05, 5.38238564332e-05, 6.96466959198e-05, 0.000126621540403, 0.000172648084117, 0.00010729249334, 2.3774589863e-05], "median": [1.89630554814e-06, 0.00111344701145, 0.000851005897857, 0.000560239132028, 0.00301609095186, 0.00288183381781, 0.000473200023407, 0.000286841095658, 0.000218625878915, 6.92129979143e-05, 9.63289203355e-05, 2.27566652029e-05, 1.76374414878e-05, 1.02934709503e-05, 3.43276860804e-06, 1.40395968629e-06, 1.21758046134e-06, 4.62564258896e-07, 4.11212226936e-07, 2.4884465688e-07, 1.53166567429e-07, 1.45029716236e-07, 1.68497777508e-07, 2.31393855188e-07, 6.80766618188e-07, 1.65649211681e-07, 1.95998701713e-08], "min": [8.72444425775e-24, 6.32677426931e-23, 1.77741043123e-23, 2.64592325314e-23, 9.41090865089e-23, 2.39985907746e-23, 5.88121931915e-23, 3.88402608662e-23, 7.69895616209e-23, 9.27589731578e-23, 7.51512948306e-23, 6.74685847856e-23, 7.53471595271e-23, 5.55976039354e-23, 1.24859414709e-22, 1.87558672679e-22, 1.79956035172e-22, 2.88990824391e-22, 2.10522539848e-22, 3.42581238018e-22, 3.07580678722e-22, 7.06144611014e-22, 5.14644473708e-22, 6.11177471032e-22, 9.6223440732e-22, 1.65275109058e-21, 2.84877327503e-21], "var": [5.87155554967e-05, 0.00140494690277, 0.00034093458089, 0.000144609366544, 0.000129238324007, 8.76213598531e-05, 2.04062735065e-06, 6.03455782766e-06, 2.62521916738e-06, 8.23659149773e-07, 2.24908626478e-06, 7.32702574169e-07, 1.6227021149e-07, 1.53983165774e-07, 9.72719433889e-08, 4.05749567278e-08, 5.11568458705e-08, 5.58079413793e-08, 9.87570132338e-08, 2.83060845874e-08, 6.46710134333e-08, 7.74237491896e-08, 9.00087968603e-08, 2.16345526383e-07, 2.32009867318e-07, 9.85371499951e-08, 1.35941515822e-08]}, "erbbands": {"dmean": [0.236975833774, 1.81574892998, 4.49155950546, 7.37532281876, 10.7522964478, 13.1807479858, 15.6384859085, 18.1294116974, 5.96154689789, 8.76508426666, 7.36324977875, 6.53198814392, 5.5540356636, 7.97542858124, 13.7080507278, 7.21470832825, 2.74765110016, 3.53428173065, 2.48311281204, 3.43536734581, 2.49782395363, 2.46925234795, 2.4285531044, 2.94387865067, 2.32175469398, 1.39751899242, 2.41024541855, 2.05403852463, 2.44352722168, 2.8284804821, 2.89204359055, 3.02135419846, 3.04521489143, 2.19445323944, 1.50555050373, 0.751988768578, 0.22219991684, 0.0417911894619, 0.00544552179053, 0.000371383852325], "dmean2": [0.324167758226, 2.67068266869, 7.25232505798, 12.9555492401, 19.5578632355, 23.4558048248, 24.2165470123, 29.2286167145, 9.44022083282, 13.8294067383, 11.181977272, 10.1416549683, 8.92919826508, 13.7929611206, 23.0178833008, 12.3561487198, 3.94963097572, 5.37564229965, 3.97681260109, 5.84794092178, 4.17352819443, 4.24875307083, 4.23222303391, 5.08243465424, 4.02903270721, 2.37930321693, 4.08974981308, 3.43241167068, 4.14487266541, 4.86650705338, 5.09244155884, 5.25023937225, 5.15339183807, 3.40834164619, 2.48877596855, 1.22369599342, 0.365281969309, 0.0691030994058, 0.00921355839819, 0.000634937954601], "dvar": [1.12368190289, 60.9143295288, 432.119293213, 1557.9432373, 2700.29882812, 2001.12243652, 970.464538574, 1414.82458496, 169.902679443, 959.287719727, 401.948425293, 327.048461914, 315.972717285, 1258.57653809, 3599.37841797, 1185.96899414, 158.391677856, 155.348449707, 106.572128296, 403.557739258, 199.098297119, 218.481887817, 241.220993042, 353.884002686, 222.453811646, 56.9991950989, 217.578979492, 97.2295303345, 118.207260132, 134.28817749, 114.056640625, 101.597793579, 99.4166946411, 26.8315925598, 19.3635082245, 4.0953001976, 0.284067690372, 0.0113538298756, 0.000384089507861, 4.61606668978e-06], "dvar2": [2.38818836212, 141.491851807, 1052.31542969, 4266.21044922, 7687.43798828, 5834.27783203, 2405.37670898, 3748.09204102, 426.845184326, 1986.21984863, 866.120544434, 631.934082031, 796.047668457, 3588.37451172, 9876.33300781, 3164.21313477, 237.527908325, 316.909973145, 265.51751709, 1064, 498.824951172, 579.607727051, 664.556030273, 942.743041992, 599.416137695, 144.216796875, 565.590026855, 224.250793457, 291.672332764, 344.885498047, 310.270324707, 272.491119385, 265.788909912, 64.2546844482, 51.103729248, 10.1984100342, 0.713752985001, 0.0291304122657, 0.00101744884159, 1.24915077322e-05], "max": [20.5374031067, 161.819168091, 379.465667725, 749.474243164, 747.906188965, 637.083068848, 741.25201416, 971.438293457, 249.376403809, 815.209106445, 543.449890137, 384.619567871, 306.867523193, 463.892578125, 732.004394531, 453.881347656, 386.594177246, 213.384979248, 134.388687134, 224.222229004, 169.115249634, 164.274536133, 187.611740112, 210.980209351, 171.873901367, 88.0408630371, 171.133178711, 105.128364563, 125.163215637, 137.454223633, 110.496765137, 89.3276977539, 85.121925354, 40.5343894958, 45.0098419189, 18.2378673553, 3.81544876099, 0.895078718662, 0.25342682004, 0.0298517737538], "mean": [0.39241361618, 2.76256251335, 7.12607955933, 7.69782161713, 12.3570384979, 18.3351402283, 36.95753479, 46.5355148315, 17.5332317352, 17.6879444122, 17.5190429688, 22.3793716431, 11.2624607086, 10.7825155258, 21.0598945618, 9.17087554932, 5.93964004517, 7.13823270798, 4.26645946503, 3.20186710358, 2.36722517014, 2.21915364265, 1.7568436861, 2.0774269104, 1.67136359215, 1.06646323204, 1.76161086559, 1.60489797592, 1.79030001163, 2.01560616493, 2.09151482582, 2.18057012558, 2.34530639648, 2.09482550621, 1.18716800213, 0.589488744736, 0.170028328896, 0.0310397278517, 0.00393276149407, 0.000290967349429], "median": [0.00934856478125, 0.323749274015, 1.03099262714, 1.56914269924, 5.71261405945, 10.6377029419, 21.0035133362, 19.1567707062, 8.429728508, 6.09377574921, 7.48842811584, 6.25523519516, 3.17304420471, 3.13160443306, 4.35504293442, 1.43215298653, 1.12728059292, 0.729412555695, 0.398001909256, 0.154247298837, 0.0951770544052, 0.0629579052329, 0.0324329994619, 0.027594698593, 0.0226977225393, 0.012260818854, 0.00746282236651, 0.0050682220608, 0.00544828688726, 0.00575618632138, 0.00518893031403, 0.00388532318175, 0.00505290413275, 0.00962955038995, 0.00353379477747, 0.000997404218651, 0.000256423460087, 3.04390014207e-05, 2.35656261793e-05, 3.25054134009e-05], "min": [1.37554824625e-21, 1.55348751876e-20, 2.53196948199e-20, 4.87701230141e-20, 2.29113571739e-19, 4.06710205682e-19, 1.39603336604e-19, 2.07499665451e-19, 7.0850842219e-19, 9.36921216854e-19, 8.24132090104e-19, 1.9239110558e-18, 2.28527607333e-18, 2.71442192462e-18, 3.55773276591e-18, 3.32943505275e-18, 3.33750192488e-18, 2.63259577086e-18, 3.43849343984e-18, 9.4826281431e-18, 1.15870475861e-17, 9.80406556606e-18, 1.57027666148e-17, 1.16251607601e-17, 1.20247014036e-17, 1.76613168927e-17, 9.25721480874e-18, 1.71064755707e-17, 2.66088915284e-17, 1.58451012372e-17, 1.54187855843e-17, 1.05583500599e-17, 1.26807954229e-17, 9.60053612198e-18, 6.67443516309e-18, 6.03459069335e-18, 3.35128502863e-18, 1.36911212677e-18, 3.52176824535e-19, 4.24620630498e-20], "var": [1.7455855608, 69.524848938, 413.261810303, 1045.54101562, 1653.35925293, 1312.04125977, 2548.80810547, 5891.00585938, 744.181518555, 2233.73168945, 1062.34851074, 2037.93859863, 755.294494629, 897.177124023, 3301.80419922, 984.06829834, 419.042785645, 398.447540283, 132.268615723, 291.860595703, 157.683258057, 168.221405029, 156.89704895, 242.764205933, 149.479949951, 43.3052139282, 156.351470947, 85.3759841919, 93.5182723999, 99.2111663818, 76.5424880981, 70.196685791, 70.0760498047, 27.5197601318, 14.6374797821, 3.34971427917, 0.231661722064, 0.00880615413189, 0.000272525765467, 3.090440714e-06]}, "gfcc": {"mean": [-143.522827148, 170.679885864, -41.9224624634, -24.5488185883, -53.9397621155, 6.14530324936, -36.726474762, -6.1559510231, -22.3406238556, -3.38182330132, -9.16659164429, -3.98116254807, -3.75414800644], "cov": [[23521.2421875, -7217.34667969, -315.761871338, 2457.21411133, -1044.52624512, 1711.35998535, -898.519836426, 1439.91137695, -816.897094727, 938.546813965, -241.576843262, 541.079284668, -397.491485596], [-7217.34667969, 7739.265625, -933.300048828, -2239.44970703, 1365.92126465, -1196.76806641, 528.019897461, -1076.40722656, 676.776367188, -777.910522461, 329.314880371, -439.149932861, 357.716918945], [-315.761871338, -933.300048828, 2825.37280273, 697.047302246, -536.541503906, 549.897460938, 110.252975464, 293.296569824, -103.669059753, 252.379837036, -112.254417419, 0.67816054821, -32.5678749084], [2457.21411133, -2239.44970703, 697.047302246, 1347.29760742, -333.48840332, 450.184936523, -20.1659946442, 473.410827637, -163.288604736, 280.357818604, -50.6103439331, 95.8323898315, -97.0526428223], [-1044.52624512, 1365.92126465, -536.541503906, -333.48840332, 629.823547363, -163.639862061, 125.520927429, -96.6064758301, 195.096664429, -104.224281311, 124.804641724, -61.0985870361, 56.8118896484], [1711.35998535, -1196.76806641, 549.897460938, 450.184936523, -163.639862061, 545.137573242, -54.0281677246, 298.977203369, -81.4588165283, 228.715606689, -34.923915863, 67.6044692993, -55.0387573242], [-898.519836426, 528.019897461, 110.252975464, -20.1659946442, 125.520927429, -54.0281677246, 203.144821167, -43.0452728271, 87.8379592896, -26.6577892303, 38.1724586487, -30.6445903778, 31.7878036499], [1439.91137695, -1076.40722656, 293.296569824, 473.410827637, -96.6064758301, 298.977203369, -43.0452728271, 332.734985352, -76.3656921387, 184.008987427, 6.90008497238, 51.4415092468, -36.4653205872], [-816.897094727, 676.776367188, -103.669059753, -163.288604736, 195.096664429, -81.4588165283, 87.8379592896, -76.3656921387, 165.793930054, -41.666809082, 40.2645378113, -19.8304309845, 20.922832489], [938.546813965, -777.910522461, 252.379837036, 280.357818604, -104.224281311, 228.715606689, -26.6577892303, 184.008987427, -41.666809082, 183.752502441, 0.118829637766, 31.6660060883, -27.6896476746], [-241.576843262, 329.314880371, -112.254417419, -50.6103439331, 124.804641724, -34.923915863, 38.1724586487, 6.90008497238, 40.2645378113, 0.118829637766, 91.497467041, -9.24455833435, 38.0430755615], [541.079284668, -439.149932861, 0.67816054821, 95.8323898315, -61.0985870361, 67.6044692993, -30.6445903778, 51.4415092468, -19.8304309845, 31.6660060883, -9.24455833435, 104.006378174, -3.49877285957], [-397.491485596, 357.716918945, -32.5678749084, -97.0526428223, 56.8118896484, -55.0387573242, 31.7878036499, -36.4653205872, 20.922832489, -27.6896476746, 38.0430755615, -3.49877285957, 91.1010971069]], "icov": [[9.09795780899e-05, -8.71659431141e-05, 9.80319600785e-05, -0.000110272791062, 5.02622388012e-05, -0.000136600225233, 0.000195625019842, -0.000173769120011, 0.000273566518445, -0.000255990715232, 0.000201303031645, -0.000324842170812, 0.00016793559189], [-8.71659431141e-05, 0.00121674907859, -0.00041167269228, 0.000758835114539, -0.000833396974485, 6.90050292178e-05, -0.000560776912607, 0.001116934116, -0.00159451551735, 0.00225912034512, -0.00186898838729, 0.00243848445825, -0.00136562529951], [9.80319600785e-05, -0.00041167269228, 0.000814734084997, -0.000368456792785, 0.000860843516421, -0.000693688809406, -0.000343253050232, -0.00055700133089, 0.000376762880478, -0.000772639294155, 0.0010303684976, -0.000380458950531, 0.000117574163596], [-0.000110272791062, 0.000758835114539, -0.000368456792785, 0.00235453108326, -0.000100995661342, 0.000321119383443, -0.00147216487676, -0.00162568024825, -0.000582534237765, 0.00131078134291, -0.000779771711677, 0.00113131594844, -6.29286951153e-05], [5.02622388012e-05, -0.000833396974485, 0.000860843516421, -0.000100995661342, 0.00473879370838, -0.000782568473369, -0.000525485666003, -0.00222610170022, -0.00217714859173, 0.000689936685376, -0.00171011534985, -0.000198699955945, 0.000972426671069], [-0.000136600225233, 6.90050292178e-05, -0.000693688809406, 0.000321119383443, -0.000782568473369, 0.00553618883714, 0.000109174419777, -0.00209077936597, 7.31628242647e-05, -0.00353078311309, 0.00174262188375, -0.00102648802567, 0.000327784655383], [0.000195625019842, -0.000560776912607, -0.000343253050232, -0.00147216487676, -0.000525485666003, 0.000109174419777, 0.00871431641281, 0.000680477591231, -0.00215333281085, -0.00103715236764, -0.000439066905528, -0.000331453920808, -0.000660267891362], [-0.000173769120011, 0.001116934116, -0.00055700133089, -0.00162568024825, -0.00222610170022, -0.00209077936597, 0.000680477591231, 0.0131000727415, 0.000591351825278, -0.00308079551905, -0.00480495672673, 0.00148573948536, -0.000952322152443], [0.000273566518445, -0.00159451551735, 0.000376762880478, -0.000582534237765, -0.00217714859173, 7.31628242647e-05, -0.00215333281085, 0.000591351825278, 0.014686874114, -0.00529002351686, 0.00210156501271, -0.00516618508846, 0.00330174388364], [-0.000255990715232, 0.00225912034512, -0.000772639294155, 0.00131078134291, 0.000689936685376, -0.00353078311309, -0.00103715236764, -0.00308079551905, -0.00529002351686, 0.0206946786493, -0.00711824791506, 0.00559006258845, -0.00160984857939], [0.000201303031645, -0.00186898838729, 0.0010303684976, -0.000779771711677, -0.00171011534985, 0.00174262188375, -0.000439066905528, -0.00480495672673, 0.00210156501271, -0.00711824791506, 0.0230754986405, -0.00364341842942, -0.00431839516386], [-0.000324842170812, 0.00243848445825, -0.000380458950531, 0.00113131594844, -0.000198699955945, -0.00102648802567, -0.000331453920808, 0.00148573948536, -0.00516618508846, 0.00559006258845, -0.00364341842942, 0.0171118415892, -0.00464474409819], [0.00016793559189, -0.00136562529951, 0.000117574163596, -6.29286951153e-05, 0.000972426671069, 0.000327784655383, -0.000660267891362, -0.000952322152443, 0.00330174388364, -0.00160984857939, -0.00431839516386, -0.00464474409819, 0.0168649498373]]}, "melbands": {"dmean": [0.00200904742815, 0.00229681050405, 0.00130285043269, 0.000852340541314, 0.000550855125766, 0.000400087446906, 8.39684144012e-05, 9.7527539765e-05, 5.84034969506e-05, 3.72320282622e-05, 2.77102062682e-05, 3.1450559618e-05, 4.99717061757e-05, 2.74221783911e-05, 8.97085192264e-06, 5.49464994037e-06, 6.75967612551e-06, 3.77073934033e-06, 5.53101517653e-06, 3.04628406411e-06, 2.93457242151e-06, 2.85877899842e-06, 1.52134361997e-06, 2.83461849904e-06, 2.36685605159e-06, 2.27374061978e-06, 1.13425221571e-06, 8.66461959959e-07, 1.54664860474e-06, 1.37586800975e-06, 1.10953033072e-06, 1.46187721839e-06, 1.33871867547e-06, 1.62033643392e-06, 1.75325726559e-06, 1.36644428039e-06, 2.07904645322e-06, 2.32474121731e-06, 1.62910805557e-06, 2.00202384804e-06], "dmean2": [0.00282651511952, 0.00342606636696, 0.0022482436616, 0.00154932949226, 0.000880887149833, 0.000632807204966, 0.000133432404255, 0.000152849795995, 8.88982758624e-05, 5.811417941e-05, 4.48286627943e-05, 5.48568204977e-05, 8.24409871711e-05, 4.78040856251e-05, 1.41024502227e-05, 8.15362363937e-06, 1.01738023659e-05, 5.90243098486e-06, 9.65724575508e-06, 4.96893699165e-06, 4.94887899549e-06, 4.96027405461e-06, 2.58241698248e-06, 5.04531180923e-06, 4.16174043494e-06, 4.03061994803e-06, 1.91258141058e-06, 1.47997263866e-06, 2.64348818746e-06, 2.32658817367e-06, 1.85498640803e-06, 2.47613411375e-06, 2.28427438742e-06, 2.81646498479e-06, 3.14517433253e-06, 2.32030652114e-06, 3.64963239008e-06, 4.0702257138e-06, 2.5932195058e-06, 3.12168845085e-06], "dvar": [7.01342069078e-05, 9.09899099497e-05, 4.13253474107e-05, 1.34733472805e-05, 1.25676172047e-06, 6.63461094064e-07, 3.52623494848e-08, 1.3841030011e-07, 2.1992423882e-08, 1.0420731833e-08, 8.61955928855e-09, 2.03633749862e-08, 4.10875706791e-08, 2.12625703711e-08, 1.22447607609e-09, 4.13063888649e-10, 5.65904989536e-10, 1.89761817371e-10, 1.16440934672e-09, 2.52605797391e-10, 2.8677324404e-10, 3.00446334478e-10, 7.53953566246e-11, 3.59148710771e-10, 2.41925451894e-10, 2.34473468419e-10, 4.23719774545e-11, 2.12253790932e-11, 9.39786928833e-11, 6.23346443906e-11, 2.37266022801e-11, 4.24911980601e-11, 3.18150367162e-11, 4.51989522199e-11, 4.60191364182e-11, 2.20199795897e-11, 5.04284322633e-11, 6.57423490646e-11, 2.01961451035e-11, 2.13926619475e-11], "dvar2": [0.000152575114043, 0.000210697355215, 0.000108638807433, 3.89896013075e-05, 3.34428295901e-06, 1.68382393895e-06, 8.62349978092e-08, 2.83903688114e-07, 4.73421977176e-08, 2.0127400191e-08, 2.2122703669e-08, 5.8229367994e-08, 1.11312530748e-07, 5.67609070856e-08, 2.69271605013e-09, 7.08045899689e-10, 1.12215936543e-09, 4.43518416438e-10, 3.15226644787e-09, 6.16505069218e-10, 7.31027405276e-10, 8.05643107782e-10, 1.9381193872e-10, 1.01006636388e-09, 6.56031784452e-10, 6.43438968773e-10, 1.10517664464e-10, 5.43127487429e-11, 2.46521220104e-10, 1.5674603282e-10, 5.30093850759e-11, 1.04339772933e-10, 8.01451960353e-11, 1.18004911398e-10, 1.27502605696e-10, 5.8289442717e-11, 1.37152067481e-10, 1.81980694403e-10, 4.83531895079e-11, 5.06155777014e-11], "max": [0.160306468606, 0.18706163764, 0.113115876913, 0.0554392561316, 0.0252539440989, 0.0219217091799, 0.00333098135889, 0.0100814988837, 0.00418348843232, 0.0022902705241, 0.00151407264639, 0.00190182181541, 0.0024350839667, 0.0020747105591, 0.000657085736748, 0.000523458526004, 0.000362137652701, 0.000209984282264, 0.00038266836782, 0.000177433495992, 0.000212334489333, 0.000196809618501, 9.65982108028e-05, 0.000230481629842, 0.000180617644219, 0.000174969944055, 7.51945699449e-05, 6.0035414208e-05, 0.000111685294542, 9.04065018403e-05, 5.49118776689e-05, 7.67642559367e-05, 6.37866323814e-05, 8.17113250378e-05, 7.09620217094e-05, 4.42690434284e-05, 6.31466027698e-05, 6.9788286055e-05, 4.04419515689e-05, 4.10969441873e-05], "mean": [0.00355476303957, 0.00379740120843, 0.00149573350791, 0.00110901461449, 0.00123755878303, 0.00106917181984, 0.000236557709286, 0.00019119308854, 0.000149383355165, 0.000124442958622, 5.14710336574e-05, 3.90602654079e-05, 8.44998357934e-05, 2.8081376513e-05, 1.53932087414e-05, 1.19163742056e-05, 1.38095483635e-05, 7.60494503993e-06, 4.61271974928e-06, 3.16686669066e-06, 2.67904670181e-06, 2.60622914539e-06, 1.24512041566e-06, 1.90239529729e-06, 1.62793025993e-06, 1.538729407e-06, 8.92927175755e-07, 6.38982896817e-07, 1.11999543151e-06, 1.03630941339e-06, 8.6811115807e-07, 1.06615334516e-06, 9.60120814852e-07, 1.14013573693e-06, 1.22458231999e-06, 1.0505972341e-06, 1.44850992001e-06, 1.70428324964e-06, 1.39041856073e-06, 1.9854301172e-06], "median": [0.000196977140149, 0.000455011642771, 0.000433404726209, 0.000616152305156, 0.000744266086258, 0.000462108757347, 0.000102571488242, 6.02178079134e-05, 6.17721743765e-05, 3.14770404657e-05, 1.17508798212e-05, 1.06728111859e-05, 1.38363138831e-05, 3.88488797398e-06, 2.25789244723e-06, 1.63311005963e-06, 1.16626540603e-06, 6.10400434198e-07, 1.9918984151e-07, 1.32972999722e-07, 1.03170862076e-07, 6.88079140332e-08, 3.31979883583e-08, 2.353821138e-08, 1.83718888991e-08, 1.76244441263e-08, 9.97428717397e-09, 6.18500495264e-09, 4.21911883208e-09, 4.12060119359e-09, 2.14550821553e-09, 2.66489075251e-09, 2.97727775767e-09, 3.16555581747e-09, 2.79046696861e-09, 2.36052088987e-09, 2.04557815131e-09, 3.50069617738e-09, 2.84223200531e-09, 9.75798464253e-09], "min": [1.62677349707e-23, 1.66891791762e-23, 1.38932100035e-23, 2.43788990392e-23, 7.03659904267e-24, 4.67102251909e-24, 1.16328324203e-23, 9.74044977202e-24, 7.24835928634e-24, 1.25068832036e-23, 1.12084078984e-23, 1.08492395282e-23, 1.14742879445e-23, 9.25648755098e-24, 8.50171095889e-24, 6.62897015825e-24, 4.38879333075e-24, 4.89489927184e-24, 9.83432185316e-24, 1.22617628211e-23, 1.44444344496e-23, 9.58852462801e-24, 1.52210254123e-23, 1.19710604778e-23, 9.21761879645e-24, 7.32909762227e-24, 1.17562915186e-23, 1.15286002289e-23, 4.91147994477e-24, 7.5673628035e-24, 1.07810219926e-23, 1.50825897898e-23, 1.30724980503e-23, 7.36562740421e-24, 9.12031832582e-24, 8.41054072635e-24, 5.52283334125e-24, 7.56374745397e-24, 1.10816584613e-23, 7.10364196442e-24], "var": [0.000116224924568, 0.000104949140223, 3.06158617605e-05, 8.044941751e-06, 2.5525143883e-06, 2.99507587442e-06, 1.45091433978e-07, 3.20501243323e-07, 6.46792557291e-08, 6.37332462361e-08, 1.88348376895e-08, 1.38601867761e-08, 4.93567284821e-08, 1.51911301316e-08, 1.98698235643e-09, 1.17967391411e-09, 1.60300406282e-09, 3.88944876306e-10, 7.79616426971e-10, 2.1220286639e-10, 2.20154117159e-10, 2.37922404001e-10, 5.62378026092e-11, 2.22174362241e-10, 1.59086008256e-10, 1.5007529941e-10, 3.09506448248e-11, 1.57500453651e-11, 6.6362138007e-11, 4.74586897559e-11, 2.19055745765e-11, 3.39371135361e-11, 2.42807891848e-11, 3.23588968121e-11, 2.92767615706e-11, 1.60618844613e-11, 3.358201911e-11, 4.21613577384e-11, 1.82641211183e-11, 2.3694973067e-11]}, "mfcc": {"mean": [-793.465515137, 199.921401978, 65.3837890625, -5.73791980743, 4.72356796265, 0.0527186319232, 0.437478780746, -6.25639438629, -5.27892494202, -4.79637384415, -3.04365849495, -4.60757875443, -2.80218815804], "cov": [[12689.2148438, -3002.421875, -685.538879395, -284.161651611, 515.054870605, 139.584030151, 357.081726074, 181.486984253, 133.840240479, 47.8863830566, 146.18989563, 248.926925659, 309.567596436], [-3002.421875, 4560.54492188, -834.535095215, -538.986999512, 27.8684062958, -26.8761863708, -193.167007446, -67.5772399902, -115.84563446, -125.809745789, 8.22238826752, -81.0926589966, -85.7716522217], [-685.538879395, -834.535095215, 2133.39770508, 502.075500488, -102.238716125, 153.793655396, 206.776702881, 18.0541534424, 165.137252808, 171.34362793, 8.52917766571, 26.5490379333, 16.540430069], [-284.161651611, -538.986999512, 502.075500488, 646.801757812, 80.5686187744, 27.8885116577, 101.505096436, 97.5386581421, 81.2513122559, 91.3332824707, 50.508430481, 31.6457271576, 17.3022441864], [515.054870605, 27.8684062958, -102.238716125, 80.5686187744, 297.98916626, 60.6820068359, 79.1937255859, 62.2739295959, 58.9456939697, 49.194568634, 80.7602386475, 66.4026794434, 51.9648742676], [139.584030151, -26.8761863708, 153.793655396, 27.8885116577, 60.6820068359, 159.093780518, 65.8377685547, 43.2552452087, 49.8474998474, 38.8885192871, 44.0627250671, 35.8210258484, 23.5650100708], [357.081726074, -193.167007446, 206.776702881, 101.505096436, 79.1937255859, 65.8377685547, 190.871200562, 37.1756362915, 64.4005050659, 66.2099304199, 46.3059997559, 54.8111305237, 59.6209716797], [181.486984253, -67.5772399902, 18.0541534424, 97.5386581421, 62.2739295959, 43.2552452087, 37.1756362915, 106.784492493, 34.3742179871, 15.8153343201, 44.3684158325, 31.472114563, 18.1973648071], [133.840240479, -115.84563446, 165.137252808, 81.2513122559, 58.9456939697, 49.8474998474, 64.4005050659, 34.3742179871, 97.1401367188, 62.5786437988, 32.7560424805, 33.0188674927, 39.6266479492], [47.8863830566, -125.809745789, 171.34362793, 91.3332824707, 49.194568634, 38.8885192871, 66.2099304199, 15.8153343201, 62.5786437988, 98.3371047974, 44.1200027466, 30.9604244232, 26.1908569336], [146.18989563, 8.22238826752, 8.52917766571, 50.508430481, 80.7602386475, 44.0627250671, 46.3059997559, 44.3684158325, 32.7560424805, 44.1200027466, 99.1828079224, 57.334903717, 21.20911026], [248.926925659, -81.0926589966, 26.5490379333, 31.6457271576, 66.4026794434, 35.8210258484, 54.8111305237, 31.472114563, 33.0188674927, 30.9604244232, 57.334903717, 85.3226318359, 49.1087532043], [309.567596436, -85.7716522217, 16.540430069, 17.3022441864, 51.9648742676, 23.5650100708, 59.6209716797, 18.1973648071, 39.6266479492, 26.1908569336, 21.20911026, 49.1087532043, 78.8754730225]], "icov": [[0.000126756523969, 0.000103351565485, 3.97036492359e-05, 0.000164734170539, -0.000171923777089, 5.54576081413e-06, -0.000135479189339, -0.000133730281959, 1.0857344023e-05, 0.00011065039871, -5.59337277082e-05, 5.91662137595e-05, -0.000248687661951], [0.000103351565485, 0.000347893073922, 7.12993933121e-05, 0.000301013991702, -0.000240332796238, -6.47918204777e-05, -5.17189073435e-06, -3.39788057317e-05, -5.11333792019e-06, 0.000240874360316, -0.00039562463644, 0.000377839431167, -0.000125141174067], [3.97036492359e-05, 7.12993933121e-05, 0.000850801472552, -0.000492589257192, 0.000603011751082, -0.000677675299812, -0.000553604273591, 0.00053879187908, -0.000873150362168, -0.00041615581722, 0.000483884039568, -0.000347539695213, 0.00061381055275], [0.000164734170539, 0.000301013991702, -0.000492589257192, 0.00286545301788, -0.000831706100143, 0.00115917040966, -0.000422940182034, -0.00248315534554, 0.000107692358142, -0.00110876990948, -0.000122346449643, 0.000535598082934, 0.000263225781964], [-0.000171923777089, -0.000240332796238, 0.000603011751082, -0.000831706100143, 0.00566007243469, -0.000779938185588, -0.000658190343529, -0.00026784822694, -0.00153501215391, -0.000270129181445, -0.00196619727649, -0.000823421461973, -0.000564994639717], [5.54576081413e-06, -6.47918204777e-05, -0.000677675299812, 0.00115917040966, -0.000779938185588, 0.00934440921992, -0.00145629758481, -0.00256379344501, -0.00206725206226, -2.76567225228e-05, -0.00144283554982, -0.000504569034092, 0.000959864875767], [-0.000135479189339, -5.17189073435e-06, -0.000553604273591, -0.000422940182034, -0.000658190343529, -0.00145629758481, 0.00963929109275, -0.000292698823614, 0.00018874493253, -0.00277363369241, -0.00024913897505, -0.000658686854877, -0.00431173667312], [-0.000133730281959, -3.39788057317e-05, 0.00053879187908, -0.00248315534554, -0.00026784822694, -0.00256379344501, -0.000292698823614, 0.0157251283526, -0.00431017810479, 0.0051210578531, -0.00482139596716, -0.000454254215583, 0.000499578018207], [1.0857344023e-05, -5.11333792019e-06, -0.000873150362168, 0.000107692358142, -0.00153501215391, -0.00206725206226, 0.00018874493253, -0.00431017810479, 0.0240345411003, -0.0110349208117, 0.00170431751758, 0.00139791017864, -0.00714733451605], [0.00011065039871, 0.000240874360316, -0.00041615581722, -0.00110876990948, -0.000270129181445, -2.76567225228e-05, -0.00277363369241, 0.0051210578531, -0.0110349208117, 0.0234790965915, -0.0081750229001, 0.0017329370603, 0.000126298255054], [-5.59337277082e-05, -0.00039562463644, 0.000483884039568, -0.000122346449643, -0.00196619727649, -0.00144283554982, -0.00024913897505, -0.00482139596716, 0.00170431751758, -0.0081750229001, 0.024757899344, -0.0146333910525, 0.00705375662073], [5.91662137595e-05, 0.000377839431167, -0.000347539695213, 0.000535598082934, -0.000823421461973, -0.000504569034092, -0.000658686854877, -0.000454254215583, 0.00139791017864, 0.0017329370603, -0.0146333910525, 0.0305007509887, -0.0149030350149], [-0.000248687661951, -0.000125141174067, 0.00061381055275, 0.000263225781964, -0.000564994639717, 0.000959864875767, -0.00431173667312, 0.000499578018207, -0.00714733451605, 0.000126298255054, 0.00705375662073, -0.0149030350149, 0.0274920333177]]}, "spectral_contrast_coeffs": {"dmean": [0.043250862509, 0.0407919250429, 0.0365896746516, 0.0339366719127, 0.0257803797722, 0.0279789660126], "dmean2": [0.0702982693911, 0.0663426220417, 0.058353997767, 0.0527155064046, 0.0381060950458, 0.0445450171828], "dvar": [0.00199338141829, 0.0015414491063, 0.00134389044251, 0.00124690623488, 0.000748772115912, 0.000847088405862], "dvar2": [0.00483639026061, 0.00376261025667, 0.00316193490289, 0.00270346738398, 0.00151947792619, 0.00197641830891], "max": [-0.238275200129, -0.354418158531, -0.409480273724, -0.526048600674, -0.555068612099, -0.66928088665], "mean": [-0.604079186916, -0.680826604366, -0.713000059128, -0.754503846169, -0.82433617115, -0.853611528873], "median": [-0.602200865746, -0.687840938568, -0.72253626585, -0.763891100883, -0.837175548077, -0.860075473785], "min": [-0.972714722157, -0.955693304539, -0.95535415411, -0.966953456402, -0.974909484386, -0.960431098938], "var": [0.0102979391813, 0.00865304190665, 0.00753646111116, 0.00682384194806, 0.00422470411286, 0.00253372010775]}, "spectral_contrast_valleys": {"dmean": [0.30752915144, 0.334150016308, 0.422497928143, 0.531366586685, 0.731633126736, 0.987809479237], "dmean2": [0.473099529743, 0.538385987282, 0.662058532238, 0.781916797161, 0.987891793251, 1.30036091805], "dvar": [0.165576994419, 0.167786478996, 0.303694963455, 0.468101143837, 0.794815003872, 1.08993566036], "dvar2": [0.291754364967, 0.329137355089, 0.619875907898, 0.88