{"lowlevel": {"average_loudness": 0.0193640496582, "barkbands_crest": {"dmean": 2.07624125481, "dmean2": 3.409096241, "dvar": 4.12071609497, "dvar2": 11.0075035095, "max": 26.6220703125, "mean": 12.729382515, "median": 11.8522872925, "min": 3.47974419594, "var": 22.6988487244}, "barkbands_flatness_db": {"dmean": 0.0174214225262, "dmean2": 0.0277534611523, "dvar": 0.000313225755235, "dvar2": 0.0007531727897, "max": 0.748403906822, "mean": 0.371983975172, "median": 0.362758427858, "min": 0.0739299878478, "var": 0.00956239458174}, "barkbands_kurtosis": {"dmean": 2.68474125862, "dmean2": 4.36328601837, "dvar": 111.757461548, "dvar2": 306.305786133, "max": 607.96081543, "mean": 5.33047866821, "median": 1.75645232201, "min": -1.96100568771, "var": 344.577880859}, "barkbands_skewness": {"dmean": 0.449598938227, "dmean2": 0.721550643444, "dvar": 0.264299243689, "dvar2": 0.655236899853, "max": 15.4102230072, "mean": 0.761055350304, "median": 0.724362790585, "min": -8.86256027222, "var": 1.9075602293}, "barkbands_spread": {"dmean": 1.12246000767, "dmean2": 1.79691040516, "dvar": 2.72875571251, "dvar2": 6.14822292328, "max": 121.094711304, "mean": 5.66344881058, "median": 4.64123106003, "min": 0.108917474747, "var": 63.0863075256}, "dissonance": {"dmean": 0.0487865209579, "dmean2": 0.0836210921407, "dvar": 0.0020851152949, "dvar2": 0.0056945248507, "max": 0.499921947718, "mean": 0.329203695059, "median": 0.339923560619, "min": 0.0503809265792, "var": 0.00919981487095}, "dynamic_complexity": 6.79712343216, "erbbands_crest": {"dmean": 2.24168729782, "dmean2": 3.55522251129, "dvar": 4.68467235565, "dvar2": 12.0312213898, "max": 34.0166053772, "mean": 14.6856307983, "median": 13.7133655548, "min": 2.54342889786, "var": 33.2021751404}, "erbbands_flatness_db": {"dmean": 0.0139573570341, "dmean2": 0.0216005183756, "dvar": 0.000203783216421, "dvar2": 0.000464495096821, "max": 0.659068763256, "mean": 0.371249318123, "median": 0.371452867985, "min": 0.034180726856, "var": 0.00693449564278}, "erbbands_kurtosis": {"dmean": 1.36683702469, "dmean2": 2.10195612907, "dvar": 6.09457731247, "dvar2": 13.7104082108, "max": 81.1543731689, "mean": 3.07349014282, "median": 0.965961098671, "min": -1.75459516048, "var": 41.2615013123}, "erbbands_skewness": {"dmean": 0.320433914661, "dmean2": 0.499539911747, "dvar": 0.0997504964471, "dvar2": 0.252058833838, "max": 7.08493518829, "mean": 0.577809095383, "median": 0.485730648041, "min": -3.84153842926, "var": 1.05569386482}, "erbbands_spread": {"dmean": 1.6566644907, "dmean2": 2.56693887711, "dvar": 6.04954767227, "dvar2": 13.9167165756, "max": 127.708969116, "mean": 10.0437364578, "median": 8.42043113708, "min": 0.342823863029, "var": 86.2876663208}, "hfc": {"dmean": 1.89198875427, "dmean2": 2.76860880852, "dvar": 30.191865921, "dvar2": 64.3653717041, "max": 254.908340454, "mean": 8.12697124481, "median": 3.79619717598, "min": 1.25434462181e-16, "var": 168.054382324}, "melbands_crest": {"dmean": 2.68651580811, "dmean2": 4.44405841827, "dvar": 6.94700431824, "dvar2": 19.0841617584, "max": 36.1913032532, "mean": 16.454788208, "median": 15.3000068665, "min": 1.75754976273, "var": 39.2179527283}, "melbands_flatness_db": {"dmean": 0.0195897873491, "dmean2": 0.0313939377666, "dvar": 0.000415396905737, "dvar2": 0.000999602954835, "max": 0.886531829834, "mean": 0.501530230045, "median": 0.496877610683, "min": 0.00662077497691, "var": 0.0146356001496}, "melbands_kurtosis": {"dmean": 2.5117430687, "dmean2": 4.12207698822, "dvar": 25.3297290802, "dvar2": 69.3773880005, "max": 181.377716064, "mean": 5.08263492584, "median": 2.31414270401, "min": -1.85472095013, "var": 91.5076065063}, "melbands_skewness": {"dmean": 0.458831012249, "dmean2": 0.737865865231, "dvar": 0.226421296597, "dvar2": 0.58850556612, "max": 10.628865242, "mean": 1.11683166027, "median": 1.03142619133, "min": -4.64098072052, "var": 1.67305374146}, "melbands_spread": {"dmean": 1.58655619621, "dmean2": 2.53731179237, "dvar": 7.67740440369, "dvar2": 15.4915924072, "max": 162.994888306, "mean": 7.77872943878, "median": 6.47584486008, "min": 0.15433037281, "var": 82.700340271}, "pitch_salience": {"dmean": 0.0597939193249, "dmean2": 0.0998616367579, "dvar": 0.00304300920106, "dvar2": 0.00826066359878, "max": 0.851561188698, "mean": 0.500248491764, "median": 0.508480548859, "min": 0.0703563317657, "var": 0.0152590209618}, "silence_rate_20dB": {"dmean": 0.000744509219658, "dmean2": 0.00148920330685, "dvar": 0.00074393308023, "dvar2": 0.00173509959131, "max": 1, "mean": 0.999379634857, "median": 1, "min": 0, "var": 0.000619988539256}, "silence_rate_30dB": {"dmean": 0.00918228086084, "dmean2": 0.0183668397367, "dvar": 0.00909769441932, "dvar2": 0.0190218333155, "max": 1, "mean": 0.973697245121, "median": 1, "min": 0, "var": 0.0256096981466}, "silence_rate_60dB": {"dmean": 0.023824295029, "dmean2": 0.0476545058191, "dvar": 0.023254616186, "dvar2": 0.0535692386329, "max": 1, "mean": 0.247394546866, "median": 0, "min": 0, "var": 0.186194449663}, "spectral_centroid": {"dmean": 37.7803916931, "dmean2": 58.237651825, "dvar": 12537.5595703, "dvar2": 17658.015625, "max": 11659.6201172, "mean": 460.143066406, "median": 412.617248535, "min": 110.28352356, "var": 107733.78125}, "spectral_complexity": {"dmean": 1.04702818394, "dmean2": 1.7426160574, "dvar": 1.43884074688, "dvar2": 3.29838299751, "max": 35, "mean": 7.84032249451, "median": 7, "min": 0, "var": 25.925201416}, "spectral_decrease": {"dmean": 1.50433476787e-09, "dmean2": 2.30904095844e-09, "dvar": 1.4582285955e-17, "dvar2": 3.62480470588e-17, "max": 4.2549299854e-16, "mean": -5.5996607351e-09, "median": -2.88708124074e-09, "min": -1.18096878055e-07, "var": 6.91934994214e-17}, "spectral_energy": {"dmean": 0.00582880200818, "dmean2": 0.00893479958177, "dvar": 0.00021706878033, "dvar2": 0.000536730804015, "max": 0.453087717295, "mean": 0.0218714810908, "median": 0.0113033084199, "min": 1.12140310188e-20, "var": 0.00104838423431}, "spectral_energyband_high": {"dmean": 1.91542903849e-06, "dmean2": 2.42319356403e-06, "dvar": 8.74470829082e-10, "dvar2": 1.52586010493e-09, "max": 0.00261664181016, "mean": 5.44471049579e-06, "median": 6.69187230073e-08, "min": 8.17528125663e-21, "var": 1.98303085064e-09}, "spectral_energyband_low": {"dmean": 0.00328767998144, "dmean2": 0.00531990639865, "dvar": 0.000144153949805, "dvar2": 0.000391861452954, "max": 0.389916598797, "mean": 0.00702455546707, "median": 0.00124556734227, "min": 7.35305958781e-23, "var": 0.000390980363591}, "spectral_energyband_middle_high": {"dmean": 0.000683707126882, "dmean2": 0.00101819203701, "dvar": 8.11785503174e-06, "dvar2": 1.81141440407e-05, "max": 0.121039457619, "mean": 0.0021289375145, "median": 0.000239996617893, "min": 1.57092665096e-21, "var": 3.09776369249e-05}, "spectral_energyband_middle_low": {"dmean": 0.00380520010367, "dmean2": 0.00564740691334, "dvar": 7.37561422284e-05, "dvar2": 0.000158071052283, "max": 0.302431344986, "mean": 0.0143278529868, "median": 0.00799540616572, "min": 3.02353850447e-22, "var": 0.000369924033294}, "spectral_entropy": {"dmean": 0.113951139152, "dmean2": 0.175007387996, "dvar": 0.0150933405384, "dvar2": 0.0318976901472, "max": 9.79289531708, "mean": 5.42289876938, "median": 5.3705701828, "min": 2.99107003212, "var": 0.589264750481}, "spectral_flux": {"dmean": 0.014104405418, "dmean2": 0.022986581549, "dvar": 0.000593268778175, "dvar2": 0.00146201392636, "max": 0.494314730167, "mean": 0.0429631695151, "median": 0.030585385859, "min": 1.05896319491e-10, "var": 0.00192684947979}, "spectral_kurtosis": {"dmean": 34.9669952393, "dmean2": 58.9289970398, "dvar": 2168.94995117, "dvar2": 5777.34619141, "max": 1071.63793945, "mean": 145.795349121, "median": 121.331184387, "min": -1.21622157097, "var": 12945.7236328}, "spectral_rms": {"dmean": 0.000490436330438, "dmean2": 0.000742689706385, "dvar": 6.16934073605e-07, "dvar2": 1.37330584948e-06, "max": 0.0210246704519, "mean": 0.00375367351808, "median": 0.003320785705, "min": 3.30764539022e-12, "var": 7.24794927009e-06}, "spectral_rolloff": {"dmean": 73.2704467773, "dmean2": 129.644485474, "dvar": 100171.140625, "dvar2": 202281.03125, "max": 19853.6132812, "mean": 738.627990723, "median": 495.263671875, "min": 64.599609375, "var": 3755448.5}, "spectral_skewness": {"dmean": 1.22665572166, "dmean2": 2.08579182625, "dvar": 1.41718161106, "dvar2": 3.8231575489, "max": 28.307050705, "mean": 8.9923915863, "median": 8.70076370239, "min": -0.0113684814423, "var": 17.9973621368}, "spectral_spread": {"dmean": 248969.15625, "dmean2": 429831.59375, "dvar": 160072581120, "dvar2": 269626523648, "max": 40767556, "mean": 1156424.625, "median": 886162.25, "min": 105383.484375, "var": 2063169617920.0}, "spectral_strongpeak": {"dmean": 0.301128447056, "dmean2": 0.493705421686, "dvar": 0.334343403578, "dvar2": 0.760675430298, "max": 15.6688709259, "mean": 0.913139462471, "median": 0.546419799328, "min": 0, "var": 1.33403420448}, "zerocrossingrate": {"dmean": 0.00220335484482, "dmean2": 0.00279389228672, "dvar": 4.45094556198e-05, "dvar2": 4.62985590275e-05, "max": 0.7626953125, "mean": 0.0254876762629, "median": 0.01806640625, "min": 0.001953125, "var": 0.0038775918074}, "barkbands": {"dmean": [0.000156951558893, 0.00188149220776, 0.00130528619047, 0.00125505076721, 0.00139101559762, 0.000818612286821, 0.000702899764292, 0.000582362059504, 0.000685385253746, 0.000284814595943, 0.000324647320667, 0.000139574607601, 0.000155203248141, 4.92537983519e-05, 4.22558987339e-05, 1.83959818969e-05, 1.12368998089e-05, 6.06184084972e-06, 3.24131383422e-06, 1.6295309706e-06, 1.04030368675e-06, 3.24047363165e-07, 1.20541443493e-07, 5.41809050958e-08, 2.4979435409e-08, 1.0524020766e-08, 2.67948419008e-09], "dmean2": [0.00025571777951, 0.00321020791307, 0.00211920728907, 0.00191844184883, 0.00212363968603, 0.00126748171169, 0.00110664579552, 0.000840628112201, 0.000990655622445, 0.000403265526984, 0.000452887325082, 0.000212419166928, 0.000271084340056, 7.24217534298e-05, 6.48658606224e-05, 3.07845184579e-05, 1.67601483554e-05, 8.0442378021e-06, 4.74227272207e-06, 2.34102981267e-06, 1.40845043006e-06, 5.03010653574e-07, 1.81371419217e-07, 8.51014405612e-08, 4.08838474186e-08, 1.82433286255e-08, 4.59322491153e-09], "dvar": [1.83645340712e-06, 7.9039731645e-05, 3.76685311494e-05, 1.82180338015e-05, 1.00764900708e-05, 2.88277010441e-06, 5.08903303853e-06, 5.75514832235e-06, 1.13140513349e-05, 1.32354962261e-05, 2.48166747951e-06, 3.6084554722e-07, 1.10870098524e-06, 5.33147321846e-08, 5.47728298272e-08, 2.16397122443e-08, 7.62047758229e-09, 1.46201095674e-09, 8.40810920888e-10, 2.35780284186e-10, 2.27411783849e-10, 6.96329452432e-12, 9.45609909819e-13, 1.13181443655e-13, 3.35664486386e-14, 2.24259121744e-14, 1.67199459818e-16], "dvar2": [4.72658257422e-06, 0.000222360846237, 9.34989366215e-05, 4.29866850027e-05, 2.11405513255e-05, 6.5198523771e-06, 1.32634158945e-05, 1.11849567475e-05, 2.49133554462e-05, 2.3808755941e-05, 5.38625954505e-06, 9.12525422336e-07, 3.49562515112e-06, 1.17086393914e-07, 1.33800142521e-07, 6.30615843988e-08, 1.90764559704e-08, 2.39949216052e-09, 1.85378745687e-09, 4.80467887698e-10, 3.71524921938e-10, 1.57077840318e-11, 1.84623497046e-12, 2.82818012716e-13, 7.94932831583e-14, 6.67615919145e-14, 4.85932902142e-16], "max": [0.0565284080803, 0.259160459042, 0.246373176575, 0.135410577059, 0.102327287197, 0.0783780217171, 0.0473640412092, 0.090098336339, 0.159684866667, 0.249256163836, 0.0633811354637, 0.015124139376, 0.0377233885229, 0.0123094879091, 0.00830107927322, 0.00709383515641, 0.00365077611059, 0.00236717914231, 0.0017436639173, 0.00113497721031, 0.0013001835905, 0.000135023030452, 6.56942138448e-05, 1.8640756025e-05, 1.12658999569e-05, 8.17720047053e-06, 7.94129050519e-07], "mean": [0.000197457178729, 0.00323158944957, 0.00216163974255, 0.00242917705327, 0.00425870530307, 0.00233175302856, 0.00170467293356, 0.00150466139894, 0.00166117306799, 0.00072870857548, 0.000798534194473, 0.000294962053886, 0.000261610199232, 0.000128109139041, 9.15951750358e-05, 3.64982588508e-05, 2.10938305827e-05, 1.58891562023e-05, 6.32129331279e-06, 3.65034975403e-06, 2.23648999054e-06, 8.02265162747e-07, 3.50136986071e-07, 1.85706682032e-07, 9.94354962813e-08, 3.38925829624e-08, 1.03571435872e-08], "median": [2.06356835406e-05, 0.000389778171666, 0.000170254192199, 0.00020412086451, 0.00130294752307, 0.000921457831282, 0.000433553912444, 0.000258323329035, 0.000172651940375, 4.53203247162e-05, 3.68518121832e-05, 1.37200713652e-05, 8.21255889605e-06, 3.80640176445e-06, 3.39557459483e-06, 7.39857853205e-07, 1.45931352336e-07, 4.89039209128e-08, 1.34395543583e-08, 6.59478516241e-09, 4.97413488176e-09, 5.65882540826e-09, 4.96993202148e-09, 6.71670674635e-09, 1.06998712113e-08, 7.8523019198e-09, 5.93443250096e-09], "min": [3.21815904893e-24, 2.54522216092e-23, 4.08068879474e-23, 6.06553651189e-24, 4.21659943129e-23, 1.69296618454e-23, 4.36467651181e-23, 2.31192159691e-23, 1.41098009158e-22, 3.47402320419e-23, 6.31129555617e-23, 1.1982802199e-22, 1.99726568152e-22, 1.53671770411e-22, 1.69150357331e-22, 1.61015371241e-22, 1.12428191155e-22, 1.73817308934e-22, 3.4064753168e-22, 3.11237762148e-22, 3.77534869556e-22, 4.77368082255e-22, 8.66485323166e-22, 8.43836760545e-22, 1.12911335012e-21, 1.78777015022e-21, 2.76461875486e-21], "var": [3.09538427246e-06, 0.000135445181513, 7.47921367292e-05, 5.33773236384e-05, 5.89499904891e-05, 1.39933290484e-05, 1.24792186398e-05, 2.5927891329e-05, 3.80794372177e-05, 3.85672610719e-05, 9.50649791776e-06, 9.00497809653e-07, 2.05875221582e-06, 3.2346918033e-07, 1.64108911349e-07, 4.92768883475e-08, 1.59541979627e-08, 8.79547013e-09, 1.51129753156e-09, 5.78853520672e-10, 5.31977684126e-10, 2.7950823947e-11, 4.14114489228e-12, 8.65511980662e-13, 2.58442356058e-13, 2.44738955393e-14, 3.05772620621e-16]}, "erbbands": {"dmean": [0.0620958209038, 0.424389600754, 1.19247150421, 3.25517034531, 3.75042247772, 3.76733732224, 9.17597293854, 6.00064086914, 8.38805770874, 12.8030529022, 12.675535202, 16.4264602661, 11.3561105728, 7.51483678818, 9.57150173187, 6.04279899597, 6.96434164047, 2.03530073166, 2.94383764267, 1.3000742197, 1.10449707508, 0.455514550209, 0.362153172493, 0.302781462669, 0.0905125588179, 0.0902919396758, 0.0547161847353, 0.0258242618293, 0.0108369765803, 0.00964426808059, 0.00268220505677, 0.00156083481852, 0.00076619675383, 0.000409183936426, 0.000135138106998, 6.08110422036e-05, 1.8292803361e-05, 2.92414438263e-06, 2.7830487852e-06, 6.43038038106e-06], "dmean2": [0.105813004076, 0.717511057854, 1.97982859612, 4.92480945587, 5.91113471985, 5.77941846848, 13.8565788269, 9.48992538452, 14.2332544327, 18.674861908, 18.4903049469, 23.5700263977, 15.7737569809, 10.7362565994, 13.1688766479, 9.60918712616, 12.0734539032, 3.08478093147, 4.49856567383, 1.91452538967, 1.80456972122, 0.660782575607, 0.51234459877, 0.434504717588, 0.127891823649, 0.125808820128, 0.074221752584, 0.0340441502631, 0.0163826141506, 0.0149295115843, 0.00410175649449, 0.00252195703797, 0.00121386279352, 0.000669951667078, 0.000221344846068, 0.000104911872768, 3.18334750773e-05, 4.93405696034e-06, 4.25366806667e-06, 9.83809604804e-06], "dvar": [0.139079883695, 3.42671823502, 26.8942241669, 136.48387146, 133.426589966, 70.3295440674, 536.895629883, 206.505310059, 727.223876953, 1753.31506348, 2599.86889648, 6654.35595703, 21400.484375, 1362.59594727, 1837.30737305, 805.365966797, 2073.65356445, 70.5662765503, 220.061798096, 59.5599403381, 93.885383606, 11.5326910019, 5.91324043274, 5.83006238937, 0.325072526932, 0.906875371933, 0.493819177151, 0.220603197813, 0.01061464753, 0.00617555715144, 0.000446042453405, 9.52257687459e-05, 3.85501916753e-05, 1.03275378933e-05, 6.74827390412e-07, 6.51028244647e-07, 6.76906850572e-08, 2.33741498379e-10, 5.18202668276e-11, 2.61766275322e-10], "dvar2": [0.411915451288, 9.53525447845, 69.6814575195, 303.953369141, 307.579956055, 150.801544189, 1226.04748535, 479.088775635, 1950.5065918, 4138.21972656, 5444.72705078, 14019.2519531, 39183.2265625, 3053.13256836, 3748.31738281, 2237.60058594, 6471.01855469, 165.08052063, 550.174377441, 124.777961731, 274.456939697, 27.6413917542, 12.7045059204, 13.003537178, 0.640867173672, 1.85945940018, 0.745840251446, 0.402049273252, 0.0220787860453, 0.0133828260005, 0.000898589671124, 0.000266620598268, 9.1455738584e-05, 2.46104755206e-05, 1.72685656707e-06, 1.90675120848e-06, 2.01441665126e-07, 6.2527816258e-10, 1.22689469695e-10, 6.42542241636e-10], "max": [12.7933797836, 49.1456489563, 194.22088623, 430.827148438, 320.902557373, 268.451507568, 840.052246094, 697.021118164, 1149.60876465, 1177.15466309, 1536.22827148, 4066.79785156, 10285.6083984, 2144.8605957, 1854.67919922, 865.604980469, 1392.34741211, 250.856521606, 522.014038086, 349.925964355, 441.166595459, 167.413223267, 160.813537598, 125.49874115, 22.4832019806, 70.7615280151, 59.0440597534, 41.3445549011, 6.63307666779, 4.4169421196, 1.32779026031, 0.404217272997, 0.402951836586, 0.178238660097, 0.0570441260934, 0.0456288047135, 0.0130227664486, 0.000759826041758, 0.000314854318276, 0.000495034095366], "mean": [0.0974267423153, 0.71773070097, 2.08829021454, 6.45616292953, 8.87334918976, 10.8330554962, 26.7294483185, 18.0662021637, 18.3233833313, 36.0088577271, 34.1883125305, 42.4236221313, 28.7003650665, 20.1175403595, 25.3807277679, 13.3819198608, 13.1403999329, 5.21136808395, 6.87940645218, 3.31781816483, 2.24252653122, 1.03113400936, 0.949179291725, 0.625543773174, 0.225792482495, 0.191246509552, 0.121098935604, 0.0564227737486, 0.0276953354478, 0.0241354331374, 0.00834558811039, 0.00490381708369, 0.00247987289913, 0.0014885251876, 0.000540887005627, 0.000187378784176, 6.32455339655e-05, 1.37166189234e-05, 1.18613061204e-05, 2.44658349402e-05], "median": [0.0109370853752, 0.0848826467991, 0.222901672125, 0.624093592167, 1.17825865746, 3.46212291718, 6.21818733215, 6.79111099243, 6.6742773056, 7.82898044586, 6.82787036896, 4.51507854462, 2.8118326664, 2.46789073944, 2.00145673752, 0.87511998415, 0.489844024181, 0.280390799046, 0.222035259008, 0.10975573957, 0.0463240370154, 0.0114376675338, 0.00375210912898, 0.00224528368562, 0.000482235627715, 0.000380573328584, 0.000249400938628, 0.000202115683351, 0.000207583012525, 0.000182980569662, 0.000144687015563, 0.000142837525345, 0.000126702943817, 0.00011395943875, 0.000100497913081, 4.18181625719e-05, 2.07663470064e-05, 6.0996699176e-06, 6.49822322885e-06, 1.26785853354e-05], "min": [5.88970519058e-22, 6.63453538892e-21, 4.00291794654e-20, 3.86369149411e-20, 7.06735554418e-20, 1.89699074711e-19, 5.78318930869e-20, 2.21948042135e-19, 7.29508573389e-19, 3.33718211617e-19, 5.99077545329e-19, 2.0548820777e-18, 3.75115034059e-18, 1.17653817292e-18, 2.76440245198e-18, 6.28601306772e-18, 9.59025757568e-18, 7.35481437797e-18, 1.01764531788e-17, 8.42018082073e-18, 7.74051215399e-18, 7.51259246237e-18, 9.65057062287e-18, 1.2892701725e-17, 1.64837773143e-17, 1.39002507245e-17, 1.88297161254e-17, 1.580970287e-17, 1.66490480007e-17, 2.10046386536e-17, 2.43888181736e-17, 1.75831747946e-17, 1.45804611946e-17, 1.02001279152e-17, 8.89218414032e-18, 5.79632752176e-18, 3.74176018628e-18, 1.74350627293e-18, 3.58894642633e-19, 3.50386308088e-20], "var": [0.195321708918, 5.90366172791, 54.6408119202, 399.737640381, 493.117218018, 376.844055176, 3075.38134766, 985.817016602, 1426.94006348, 6491.81005859, 9898.47949219, 26145.2636719, 61824.4882812, 3417.90405273, 8205.89746094, 1927.89611816, 4263.35546875, 291.341094971, 793.508178711, 210.295471191, 204.550979614, 32.638584137, 30.685459137, 12.2839269638, 1.34300529957, 1.89489090443, 1.27886736393, 0.411527216434, 0.0391557924449, 0.0226312205195, 0.00232182722539, 0.000590831390582, 0.000184987453395, 6.74306575092e-05, 5.72420276512e-06, 7.51411960209e-07, 7.86516096696e-08, 1.01963359977e-09, 2.85452689264e-10, 1.29928601211e-09]}, "gfcc": {"mean": [-244.240234375, 224.708908081, -59.3189201355, -45.0351982117, -44.987613678, -4.86572933197, -24.3976268768, -5.60716342926, -9.63017177582, -6.04976177216, -4.47029161453, -5.95835447311, -0.58471339941], "cov": [[22169.3691406, 2020.78222656, -6095.0234375, 309.330657959, 1576.61767578, 226.788223267, -531.577148438, 121.461685181, -37.2556304932, -345.884246826, -139.536239624, -347.85559082, -219.867111206], [2020.78222656, 1799.55126953, 344.052185059, -631.816467285, 95.5963058472, -13.7649316788, -68.1092071533, -130.662628174, 46.4890670776, -54.5225372314, 14.896566391, -60.8242149353, 60.7280502319], [-6095.0234375, 344.052185059, 3075.70166016, -130.199264526, -796.131164551, -25.3914718628, 145.399368286, -271.616455078, -55.7217140198, 77.0263442993, 1.66033351421, 39.392326355, 115.672538757], [309.330657959, -631.816467285, -130.199264526, 850.844055176, 84.2908859253, -35.7319602966, 80.071975708, 61.0126876831, -35.3659439087, -40.0269317627, -37.6567573547, -41.4025878906, -71.8948516846], [1576.61767578, 95.5963058472, -796.131164551, 84.2908859253, 649.749145508, 76.5713882446, -79.7561721802, 100.550193787, 77.047706604, -40.3142471313, -10.1474781036, -16.2412776947, -14.3326997757], [226.788223267, -13.7649316788, -25.3914718628, -35.7319602966, 76.5713882446, 300.543701172, 75.6685714722, 35.6295700073, 20.6285266876, 67.3167495728, -24.4277610779, -2.96000337601, -26.9377384186], [-531.577148438, -68.1092071533, 145.399368286, 80.071975708, -79.7561721802, 75.6685714722, 287.991271973, 120.018287659, 26.630115509, 43.3535194397, 31.1885089874, -26.4307079315, -39.0964202881], [121.461685181, -130.662628174, -271.616455078, 61.0126876831, 100.550193787, 35.6295700073, 120.018287659, 254.876602173, 102.422554016, 37.3470115662, 23.637720108, 10.5491924286, -54.7621765137], [-37.2556304932, 46.4890670776, -55.7217140198, -35.3659439087, 77.047706604, 20.6285266876, 26.630115509, 102.422554016, 176.357269287, 82.8014755249, 10.3245687485, -10.2173566818, 1.1000161171], [-345.884246826, -54.5225372314, 77.0263442993, -40.0269317627, -40.3142471313, 67.3167495728, 43.3535194397, 37.3470115662, 82.8014755249, 168.919677734, 76.9270858765, 26.8940448761, 8.25764942169], [-139.536239624, 14.896566391, 1.66033351421, -37.6567573547, -10.1474781036, -24.4277610779, 31.1885089874, 23.637720108, 10.3245687485, 76.9270858765, 145.25378418, 81.9445495605, 6.07381725311], [-347.85559082, -60.8242149353, 39.392326355, -41.4025878906, -16.2412776947, -2.96000337601, -26.4307079315, 10.5491924286, -10.2173566818, 26.8940448761, 81.9445495605, 138.233093262, 54.6605224609], [-219.867111206, 60.7280502319, 115.672538757, -71.8948516846, -14.3326997757, -26.9377384186, -39.0964202881, -54.7621765137, 1.1000161171, 8.25764942169, 6.07381725311, 54.6605224609, 116.920280457]], "icov": [[0.00038679613499, -0.000867960450705, 0.000962302961852, -0.000817144522443, 0.000682143087033, -0.000870297197253, 0.000704074394889, -8.49617281347e-05, 0.000118962401757, 0.00035388462129, -0.000629712478258, 0.000814377272036, -0.000571694225073], [-0.000867960450705, 0.00296720815822, -0.00234688725322, 0.00254817679524, -0.00185078301001, 0.00168771308381, -0.00150725001004, 0.000508428260218, -0.000922936247662, 0.000531262368895, -9.25373606151e-05, -0.000372789771063, 0.000761721632443], [0.000962302961852, -0.00234688725322, 0.00298971822485, -0.00219106138684, 0.00234165857546, -0.00218615005724, 0.00129314418882, 0.000477114110254, -9.50677276705e-05, 0.000723090139218, -0.00111292384099, 0.00142299942672, -0.00149490626063], [-0.000817144522443, 0.00254817679524, -0.00219106138684, 0.00368814030662, -0.00225429306738, 0.00259206444025, -0.00231308140792, 0.000529857585207, 8.8566528575e-05, -0.000828747230116, 0.0019396689022, -0.00172391196247, 0.00213382090442], [0.000682143087033, -0.00185078301001, 0.00234165857546, -0.00225429306738, 0.00472554145381, -0.00378383719362, 0.00310295261443, -0.00132345373277, -0.00163175479975, 0.0036372046452, -0.00425165938213, 0.00362616591156, -0.00304947630502], [-0.000870297197253, 0.00168771308381, -0.00218615005724, 0.00259206444025, -0.00378383719362, 0.00906260404736, -0.00509271584451, 0.0019372003153, 0.00202296255156, -0.00780717935413, 0.00995946675539, -0.00795074552298, 0.00580402044579], [0.000704074394889, -0.00150725001004, 0.00129314418882, -0.00231308140792, 0.00310295261443, -0.00509271584451, 0.00933251902461, -0.00558030325919, 0.000901099469047, 0.00353277195245, -0.0080771157518, 0.00854432024062, -0.0047136428766], [-8.49617281347e-05, 0.000508428260218, 0.000477114110254, 0.000529857585207, -0.00132345373277, 0.0019372003153, -0.00558030325919, 0.0110809840262, -0.00560911744833, -0.000479320093291, 0.00409533130005, -0.00723126390949, 0.00629259087145], [0.000118962401757, -0.000922936247662, -9.50677276705e-05, 8.8566528575e-05, -0.00163175479975, 0.00202296255156, 0.000901099469047, -0.00560911744833, 0.0135197006166, -0.00889490917325, 0.00435544829816, 0.00112357898615, -0.00145871494897], [0.00035388462129, 0.000531262368895, 0.000723090139218, -0.000828747230116, 0.0036372046452, -0.00780717935413, 0.00353277195245, -0.000479320093291, -0.00889490917325, 0.0203113611788, -0.0168868117034, 0.00946809537709, -0.0061314352788], [-0.000629712478258, -9.25373606151e-05, -0.00111292384099, 0.0019396689022, -0.00425165938213, 0.00995946675539, -0.0080771157518, 0.00409533130005, 0.00435544829816, -0.0168868117034, 0.029448647052, -0.0213708430529, 0.0117611270398], [0.000814377272036, -0.000372789771063, 0.00142299942672, -0.00172391196247, 0.00362616591156, -0.00795074552298, 0.00854432024062, -0.00723126390949, 0.00112357898615, 0.00946809537709, -0.0213708430529, 0.0275167524815, -0.0150931570679], [-0.000571694225073, 0.000761721632443, -0.00149490626063, 0.00213382090442, -0.00304947630502, 0.00580402044579, -0.0047136428766, 0.00629259087145, -0.00145871494897, -0.0061314352788, 0.0117611270398, -0.0150931570679, 0.0190995596349]]}, "melbands": {"dmean": [0.000523776339833, 0.000575160433073, 0.000551717181224, 0.00023802575015, 0.000299699982861, 0.000137939190608, 0.000134500762215, 0.000142574150232, 0.000109331551357, 9.7481883131e-05, 5.58307729079e-05, 2.8894704883e-05, 4.50692677987e-05, 1.274929582e-05, 2.30173209275e-05, 9.3509661383e-06, 3.73196530745e-06, 5.32404828846e-06, 2.33927153204e-06, 1.35979882998e-06, 1.29031343477e-06, 4.58035970041e-07, 5.97905227551e-07, 2.79758069155e-07, 2.66718870989e-07, 9.11155737526e-08, 5.07555313334e-08, 6.31277217167e-08, 3.56748834918e-08, 3.01271363412e-08, 1.20607843712e-08, 6.25316376457e-09, 7.25809767843e-09, 4.59054616542e-09, 1.7775206862e-09, 1.3958363354e-09, 8.27091450883e-10, 5.90691218161e-10, 5.47173972798e-10, 3.55246332351e-10], "dmean2": [0.000889128015842, 0.000961222627666, 0.000840151449665, 0.000369414599845, 0.000452492531622, 0.000218052518903, 0.000224483810598, 0.000204804717214, 0.000159745977726, 0.00013990404841, 7.79410984251e-05, 4.18644121964e-05, 6.22598672635e-05, 1.90761074919e-05, 3.99380551244e-05, 1.5884917957e-05, 5.62872037335e-06, 8.08335425972e-06, 3.44278714692e-06, 2.18270406549e-06, 2.07192306334e-06, 6.54757002394e-07, 9.39411393119e-07, 3.72399966864e-07, 3.91631715502e-07, 1.31965762762e-07, 8.01081014856e-08, 8.73710135352e-08, 4.96894330126e-08, 4.2497521946e-08, 1.63459592528e-08, 9.99267157908e-09, 1.12760947246e-08, 7.15493220227e-09, 2.80973733169e-09, 2.30447660954e-09, 1.36705591292e-09, 9.45031497501e-10, 8.60040594297e-10, 5.76972580824e-10], "dvar": [7.51486186346e-06, 5.05710613652e-06, 3.33600860358e-06, 3.6639727341e-07, 5.76449906475e-07, 1.0948781437e-07, 1.75257781621e-07, 2.15557875549e-07, 2.06286031812e-07, 2.20978549237e-07, 5.23235655692e-07, 1.82788486569e-08, 4.53067521278e-08, 2.3680637451e-09, 2.59838746075e-08, 2.78307266122e-09, 2.55068105526e-10, 7.10978720342e-10, 1.73168299145e-10, 6.61310797789e-11, 1.19898882489e-10, 9.76549830584e-12, 2.87631220924e-11, 3.82045220113e-12, 5.11402855827e-12, 3.59615332304e-13, 9.72587556824e-14, 6.47339820636e-13, 1.72943961669e-13, 1.32536464984e-13, 4.8957931757e-14, 2.85653306429e-15, 4.2384253896e-15, 1.28676660781e-15, 2.16016747895e-16, 8.90408511866e-17, 2.68935161054e-17, 1.87259413545e-17, 1.96725701562e-17, 8.94533545776e-18], "dvar2": [2.15326526813e-05, 1.37440511025e-05, 7.64288961363e-06, 8.23784318982e-07, 1.2639096667e-06, 2.46972632567e-07, 4.68173027457e-07, 4.79663412989e-07, 4.61511461936e-07, 4.75762504948e-07, 9.59486101237e-07, 4.17546068832e-08, 9.45031288779e-08, 4.96828178598e-09, 8.20179550942e-08, 8.07781663781e-09, 5.70865799077e-10, 1.71841330054e-09, 3.48586798316e-10, 1.5581927415e-10, 3.47538664514e-10, 1.94800373748e-11, 7.95181490099e-11, 5.99414268221e-12, 1.17350764522e-11, 7.52018076717e-13, 2.48637807392e-13, 1.36678255519e-12, 2.60183530536e-13, 2.38735002904e-13, 8.94572298724e-14, 6.53725120911e-15, 9.18763339469e-15, 2.84088074246e-15, 4.60152872057e-16, 2.05703777655e-16, 7.75800123368e-17, 4.93842939172e-17, 4.47552059209e-17, 2.10933041434e-17], "max": [0.0913440734148, 0.0802062600851, 0.0624199435115, 0.0159995220602, 0.0287703722715, 0.0182024557143, 0.0154633969069, 0.0126757631078, 0.0149533506483, 0.0223028957844, 0.0507509894669, 0.00813268031925, 0.00916473194957, 0.00172457052395, 0.00584803242236, 0.00137349287979, 0.000592568016145, 0.00106694363058, 0.000873584242072, 0.000321773055475, 0.000452933978522, 0.000193549203686, 0.000219986817683, 0.000106818864879, 0.000118934811326, 2.20868078031e-05, 1.06220286398e-05, 6.23417727184e-05, 3.3283369703e-05, 2.99158346024e-05, 1.91474191524e-05, 2.69307156486e-06, 3.73153625333e-06, 1.85629733096e-06, 8.71936663316e-07, 6.03688931733e-07, 2.02863176924e-07, 2.31930371797e-07, 2.77041920071e-07, 1.59335456829e-07], "mean": [0.000902310363017, 0.00106636050623, 0.00118439062499, 0.000613946700469, 0.000905997527298, 0.000403938698582, 0.000305124936858, 0.000402189209126, 0.000287172355456, 0.000242880327278, 0.000135269539896, 7.5404488598e-05, 0.000114452268463, 2.79553096334e-05, 4.19135176344e-05, 1.80673487193e-05, 9.28081954044e-06, 1.24528169181e-05, 5.47132685824e-06, 3.05965090774e-06, 2.42507826442e-06, 9.26385325783e-07, 1.1913682556e-06, 7.09447988356e-07, 4.97886617268e-07, 1.94657999941e-07, 1.20481146837e-07, 1.22680688719e-07, 7.36761407438e-08, 5.88633923826e-08, 2.41643043353e-08, 1.48892675966e-08, 1.56387347516e-08, 1.15173444115e-08, 4.56131221682e-09, 3.90409304885e-09, 2.43354247864e-09, 1.61382440744e-09, 1.70017311341e-09, 1.09176712115e-09], "median": [0.000107106730866, 0.000139936368214, 0.000135921785841, 0.000167629666976, 0.000220410787733, 0.000151177999214, 0.000103180944279, 8.55196776683e-05, 4.30606996815e-05, 2.52640438703e-05, 1.04164319055e-05, 9.03606814973e-06, 6.35649666947e-06, 1.9800913833e-06, 1.10347468762e-06, 8.56470990129e-07, 3.30858313191e-07, 2.6725192015e-07, 2.23661075438e-07, 5.60547235295e-08, 2.56176253544e-08, 6.04417049743e-09, 3.23250426426e-09, 1.83852555402e-09, 1.63335045489e-09, 3.21060678043e-10, 2.05492761696e-10, 2.24025853424e-10, 1.46741438445e-10, 9.79596542772e-11, 1.14334625101e-10, 1.1267151101e-10, 1.05090977587e-10, 9.2143008501e-11, 7.74780170576e-11, 7.48055714594e-11, 8.17276107901e-11, 7.29238613939e-11, 9.23100068606e-11, 8.01990002186e-11], "min": [6.20090267664e-24, 1.72830510206e-23, 6.71331201079e-24, 1.10755085017e-23, 2.94545220057e-24, 4.25315500898e-24, 1.07551544547e-23, 3.77338479478e-24, 4.57327949749e-24, 1.74893570799e-23, 1.83880715994e-23, 3.62715404321e-24, 9.25970294803e-24, 1.44203363267e-23, 1.88364238503e-23, 1.7949482291e-23, 1.23584826901e-23, 1.76975248511e-23, 9.31566947381e-24, 1.22849971413e-23, 8.40043384043e-24, 7.74722308989e-24, 7.67713122074e-24, 8.45374190496e-24, 1.07568055405e-23, 1.08048550583e-23, 9.09951211945e-24, 1.02658098357e-23, 1.38569318682e-23, 8.33536070436e-24, 9.01205347747e-24, 9.17682285474e-24, 9.16097148371e-24, 1.34560185566e-23, 1.56595500341e-23, 1.00824935496e-23, 1.14048563519e-23, 1.06036158525e-23, 8.8144682754e-24, 8.76546186938e-24], "var": [1.27877374325e-05, 1.18011712402e-05, 1.01623063529e-05, 1.5386681298e-06, 3.56292366632e-06, 5.017584499e-07, 3.55083727754e-07, 8.90080627869e-07, 6.97354096246e-07, 8.03791124326e-07, 1.50258699705e-06, 4.44733139204e-08, 1.93879955646e-07, 7.46592654366e-09, 4.68590712899e-08, 6.86163925678e-09, 1.20835308426e-09, 3.02122771245e-09, 6.43470443595e-10, 2.10049450056e-10, 2.48172482564e-10, 2.69131331804e-11, 5.9197875768e-11, 2.00081010787e-11, 8.84233224835e-12, 1.16640453806e-12, 4.03983975179e-13, 1.12497326992e-12, 4.62019365908e-13, 2.84343458067e-13, 9.57643117366e-14, 1.05088480913e-14, 1.28880086331e-14, 5.06701165333e-15, 8.76464854012e-16, 4.27379393853e-16, 1.45773774652e-16, 8.03053474621e-17, 8.61623486817e-17, 4.51480273764e-17]}, "mfcc": {"mean": [-865.131225586, 233.050796509, 44.2680854797, -6.6622672081, -5.33170032501, -4.70506572723, -4.98692655563, -1.89192581177, -1.29799008369, 0.354265958071, -1.15047645569, -2.18154144287, 0.632671415806], "cov": [[10659.6503906, 3299.27709961, -3739.06518555, -580.854492188, 621.387695312, 314.997497559, 80.8038635254, 188.752029419, 5.2481379509, 129.204025269, 12.2285442352, -64.147644043, -1.05665540695], [3299.27709961, 2756.52246094, -498.226593018, -756.295654297, 129.760772705, 137.656997681, -24.9976959229, -62.7335968018, -35.2219963074, 2.97498226166, -35.0721130371, -87.3269882202, -16.2536220551], [-3739.06518555, -498.226593018, 2472.98266602, 385.351196289, -483.892974854, -104.300140381, -33.1425285339, -171.340103149, -74.2117919922, -99.685043335, -61.3203582764, 0.3143633008, -31.2005138397], [-580.854492188, -756.295654297, 385.351196289, 678.133850098, 20.1119766235, -83.2019882202, 18.6245498657, 23.8983726501, -15.7082233429, -21.7322845459, -13.2289094925, 14.1555767059, -11.4431200027], [621.387695312, 129.760772705, -483.892974854, 20.1119766235, 382.639923096, 136.757644653, -14.1582918167, 34.8335266113, 36.050945282, 15.3291063309, 1.90742683411, -17.8635864258, -4.52079629898], [314.997497559, 137.656997681, -104.300140381, -83.2019882202, 136.757644653, 263.682678223, 91.9095306396, -15.1238908768, 20.4413528442, 27.420293808, -3.74250459671, -12.3402576447, -1.78624415398], [80.8038635254, -24.9976959229, -33.1425285339, 18.6245498657, -14.1582918167, 91.9095306396, 176.641571045, 74.9573287964, 9.65786838531, 23.1419372559, 25.5691490173, 29.2882385254, 24.9117393494], [188.752029419, -62.7335968018, -171.340103149, 23.8983726501, 34.8335266113, -15.1238908768, 74.9573287964, 159.64982605, 77.2918777466, 17.9507007599, 33.7731399536, 45.5710830688, 29.7353820801], [5.2481379509, -35.2219963074, -74.2117919922, -15.7082233429, 36.050945282, 20.4413528442, 9.65786838531, 77.2918777466, 144.089691162, 96.0283203125, 34.8463249207, 22.9300918579, 22.6190662384], [129.204025269, 2.97498226166, -99.685043335, -21.7322845459, 15.3291063309, 27.420293808, 23.1419372559, 17.9507007599, 96.0283203125, 159.195907593, 86.4114303589, 24.8773708344, 17.5188426971], [12.2285442352, -35.0721130371, -61.3203582764, -13.2289094925, 1.90742683411, -3.74250459671, 25.5691490173, 33.7731399536, 34.8463249207, 86.4114303589, 140.721496582, 91.3689346313, 24.9940738678], [-64.147644043, -87.3269882202, 0.3143633008, 14.1555767059, -17.8635864258, -12.3402576447, 29.2882385254, 45.5710830688, 22.9300918579, 24.8773708344, 91.3689346313, 128.050430298, 69.3426895142], [-1.05665540695, -16.2536220551, -31.2005138397, -11.4431200027, -4.52079629898, -1.78624415398, 24.9117393494, 29.7353820801, 22.6190662384, 17.5188426971, 24.9940738678, 69.3426895142, 110.066055298]], "icov": [[0.00146162183955, -0.00211125658825, 0.00263185799122, -0.00304647977464, 0.00326909776777, -0.00362027995288, 0.00332268909551, -0.00299662281759, 0.00272839469835, -0.00223235809244, 0.00189987965859, -0.00177985907067, 0.00074915017467], [-0.00211125658825, 0.00361574976705, -0.00386748020537, 0.00510613247752, -0.00511335767806, 0.0053882887587, -0.0049362340942, 0.00427974341437, -0.00351187121123, 0.00290789222345, -0.00253286794759, 0.00273242406547, -0.0011007480789], [0.00263185799122, -0.00386748020537, 0.00553070008755, -0.00614782096818, 0.00707062566653, -0.00694640306756, 0.00593420583755, -0.00412768637761, 0.00349595560692, -0.00254905060865, 0.00264841830358, -0.00292937154882, 0.00126389157958], [-0.00304647977464, 0.00510613247752, -0.00614782096818, 0.00941091217101, -0.00893064215779, 0.00954182352871, -0.00844648946077, 0.00605362700298, -0.0043368646875, 0.00289392564446, -0.00181936065201, 0.00216179760173, -0.000493382744025], [0.00326909776777, -0.00511335767806, 0.00707062566653, -0.00893064215779, 0.0142469033599, -0.0138249574229, 0.0127560067922, -0.0101354094222, 0.00655631674454, -0.00381822907366, 0.00185157381929, -0.00146563246381, 0.000327264657244], [-0.00362027995288, 0.0053882887587, -0.00694640306756, 0.00954182352871, -0.0138249574229, 0.0207187533379, -0.0193063300103, 0.0171979721636, -0.0134894838557, 0.00827651843429, -0.00397083582357, 0.00295026856475, -0.000226428484893], [0.00332268909551, -0.0049362340942, 0.00593420583755, -0.00844648946077, 0.0127560067922, -0.0193063300103, 0.0271431598812, -0.0238660816103, 0.0199420824647, -0.0144765274599, 0.00728802243248, -0.00456314207986, 4.76478016935e-05], [-0.00299662281759, 0.00427974341437, -0.00412768637761, 0.00605362700298, -0.0101354094222, 0.0171979721636, -0.0238660816103, 0.0344218276441, -0.029260635376, 0.0220237318426, -0.0124675920233, 0.00505060655996, -0.0018153488636], [0.00272839469835, -0.00351187121123, 0.00349595560692, -0.0043368646875, 0.00655631674454, -0.0134894838557, 0.0199420824647, -0.029260635376, 0.0395205318928, -0.0314508005977, 0.0195915047079, -0.0118844397366, 0.00341223040596], [-0.00223235809244, 0.00290789222345, -0.00254905060865, 0.00289392564446, -0.00381822907366, 0.00827651843429, -0.0144765274599, 0.0220237318426, -0.0314508005977, 0.0381317473948, -0.0294305775315, 0.0199562180787, -0.00820508692414], [0.00189987965859, -0.00253286794759, 0.00264841830358, -0.00181936065201, 0.00185157381929, -0.00397083582357, 0.00728802243248, -0.0124675920233, 0.0195915047079, -0.0294305775315, 0.0402750074863, -0.0317467972636, 0.0134493885562], [-0.00177985907067, 0.00273242406547, -0.00292937154882, 0.00216179760173, -0.00146563246381, 0.00295026856475, -0.00456314207986, 0.00505060655996, -0.0118844397366, 0.0199562180787, -0.0317467972636, 0.0388229005039, -0.0185469388962], [0.00074915017467, -0.0011007480789, 0.00126389157958, -0.000493382744025, 0.000327264657244, -0.000226428484893, 4.76478016935e-05, -0.0018153488636, 0.00341223040596, -0.00820508692414, 0.0134493885562, -0.0185469388962, 0.0189618729055]]}, "spectral_contrast_coeffs": {"dmean": [0.0437107980251, 0.0344023779035, 0.0278198253363, 0.0201761461794, 0.0138391330838, 0.0112064452842], "dmean2": [0.0729304179549, 0.0570710636675, 0.0437230467796, 0.0322811193764, 0.0212829392403, 0.0187283363193], "dvar": [0.00134087458719, 0.000940985919442, 0.000613102631178, 0.000309706432745, 0.00020763395878, 0.000132038796437], "dvar2": [0.00358997914009, 0.00248331390321, 0.00145862379577, 0.000771088583861, 0.000399429671234, 0.000351145397872], "max": [-0.227782085538, -0.364983588457, -0.403878509998, -0.512223899364, -0.543671548367, -0.568441689014], "mean": [-0.622184455395, -0.672193706036, -0.705532431602, -0.748661756516, -0.817754387856, -0.86956769228], "median": [-0.624969005585, -0.67723441124, -0.714947938919, -0.743180930614, -0.825431227684, -0.887063741684], "min": [-0.973928391933, -0.960002779961, -0.960431277752, -0.961057722569, -0.961430549622, -0.960574805737], "var": [0.0137129537761, 0.00628538895398, 0.00602231686935, 0.0059808450751, 0.00669589778408, 0.00216357619502]}, "spectral_contrast_valleys": {"dmean": [0.391733169556, 0.287598311901, 0.244221121073, 0.217728435993, 0.150822848082, 0.182831197977], "dmean2": [0.640615165234, 0.468217015266, 0.393024414778, 0.350942909718, 0.2