{"lowlevel": {"average_loudness": 0.967703163624, "barkbands_crest": {"dmean": 3.39271616936, "dmean2": 5.38553190231, "dvar": 11.1369524002, "dvar2": 23.1074028015, "max": 26.8406677246, "mean": 16.2793312073, "median": 16.3862495422, "min": 1.75267159939, "var": 33.2820014954}, "barkbands_flatness_db": {"dmean": 0.0770436897874, "dmean2": 0.107822030783, "dvar": 0.00749014364555, "dvar2": 0.0137553960085, "max": 1, "mean": 0.319131314754, "median": 0.288133174181, "min": 0.0109095294029, "var": 0.0330338552594}, "barkbands_kurtosis": {"dmean": 58.5692520142, "dmean2": 93.9632873535, "dvar": 15015.6435547, "dvar2": 36486.3125, "max": 2557.56274414, "mean": 68.7856292725, "median": 20.1941165924, "min": -1.95810103416, "var": 17407.5351562}, "barkbands_skewness": {"dmean": 2.37307596207, "dmean2": 3.69897437096, "dvar": 9.1316242218, "dvar2": 20.9544277191, "max": 32.8378295898, "mean": 4.90907669067, "median": 3.65103387833, "min": -5.70930528641, "var": 17.7007350922}, "barkbands_spread": {"dmean": 8.93912982941, "dmean2": 14.8956604004, "dvar": 235.877075195, "dvar2": 567.32623291, "max": 146.706329346, "mean": 11.1473817825, "median": 3.80101728439, "min": 0.0305850114673, "var": 272.116821289}, "dissonance": {"dmean": 0.0341541655362, "dmean2": 0.0558907352388, "dvar": 0.00221613841131, "dvar2": 0.0051104859449, "max": 0.500000059605, "mean": 0.440810710192, "median": 0.467166185379, "min": 0.0245243869722, "var": 0.00564147718251}, "dynamic_complexity": 3.84425473213, "erbbands_crest": {"dmean": 3.65007209778, "dmean2": 5.96038818359, "dvar": 12.281047821, "dvar2": 30.145772934, "max": 33.0853729248, "mean": 10.9380569458, "median": 9.81548786163, "min": 2.05327296257, "var": 32.8656997681}, "erbbands_flatness_db": {"dmean": 0.0463387556374, "dmean2": 0.0637328922749, "dvar": 0.00330868177116, "dvar2": 0.00557103939354, "max": 0.595675706863, "mean": 0.190190076828, "median": 0.152674213052, "min": 0.0250719077885, "var": 0.0140390861779}, "erbbands_kurtosis": {"dmean": 5.07034254074, "dmean2": 8.19793128967, "dvar": 347.275970459, "dvar2": 778.670166016, "max": 574.832336426, "mean": 4.84645462036, "median": -0.0665059089661, "min": -1.93107128143, "var": 579.191772461}, "erbbands_skewness": {"dmean": 0.843545556068, "dmean2": 1.29362916946, "dvar": 1.23544085026, "dvar2": 2.64068508148, "max": 17.4859905243, "mean": 0.91419506073, "median": 0.607442498207, "min": -6.60157155991, "var": 2.84276866913}, "erbbands_spread": {"dmean": 18.762424469, "dmean2": 28.946352005, "dvar": 605.042907715, "dvar2": 1264.80786133, "max": 200.385528564, "mean": 49.1212615967, "median": 43.953918457, "min": 0.413520604372, "var": 1334.79614258}, "hfc": {"dmean": 15.0275831223, "dmean2": 24.8261375427, "dvar": 740.439758301, "dvar2": 1963.50537109, "max": 312.126312256, "mean": 19.6624069214, "median": 11.3939599991, "min": 1.17139534703e-16, "var": 672.498168945}, "melbands_crest": {"dmean": 4.15911245346, "dmean2": 6.62376117706, "dvar": 16.7880630493, "dvar2": 35.561252594, "max": 39.7715682983, "mean": 23.2088489532, "median": 22.2816143036, "min": 1.90916502476, "var": 64.8812866211}, "melbands_flatness_db": {"dmean": 0.0853844285011, "dmean2": 0.118893571198, "dvar": 0.00938239414245, "dvar2": 0.0172676015645, "max": 1, "mean": 0.433191925287, "median": 0.40085080266, "min": 0.00444592814893, "var": 0.0443164668977}, "melbands_kurtosis": {"dmean": 106.680290222, "dmean2": 164.530197144, "dvar": 44358.28125, "dvar2": 104569.101562, "max": 4108.16601562, "mean": 147.303955078, "median": 46.3019065857, "min": -1.93998336792, "var": 64881.6054688}, "melbands_skewness": {"dmean": 2.75417041779, "dmean2": 4.16986083984, "dvar": 12.4347543716, "dvar2": 27.3776531219, "max": 45.835105896, "mean": 7.08002328873, "median": 5.19736242294, "min": -2.4359357357, "var": 30.4590549469}, "melbands_spread": {"dmean": 5.09716463089, "dmean2": 8.31648826599, "dvar": 128.742462158, "dvar2": 281.574493408, "max": 253.090576172, "mean": 7.70925521851, "median": 2.36347126961, "min": 0.0557662434876, "var": 260.267089844}, "pitch_salience": {"dmean": 0.118720375001, "dmean2": 0.195707276464, "dvar": 0.0164671204984, "dvar2": 0.0369189046323, "max": 0.954365134239, "mean": 0.36338955164, "median": 0.364824235439, "min": 0.00832485686988, "var": 0.0425064302981}, "silence_rate_20dB": {"dmean": 0, "dmean2": 0, "dvar": 0, "dvar2": 0, "max": 1, "mean": 1, "median": 1, "min": 1, "var": 0}, "silence_rate_30dB": {"dmean": 0.135467976332, "dmean2": 0.270951122046, "dvar": 0.117102302611, "dvar2": 0.235828474164, "max": 1, "mean": 0.589252710342, "median": 1, "min": 0, "var": 0.242030337453}, "silence_rate_60dB": {"dmean": 0.0220555309206, "dmean2": 0.0441135317087, "dvar": 0.0215709488839, "dvar2": 0.048555675894, "max": 1, "mean": 0.0743912681937, "median": 0, "min": 0, "var": 0.0688708797097}, "spectral_centroid": {"dmean": 353.245422363, "dmean2": 564.309936523, "dvar": 293534.46875, "dvar2": 648510.5625, "max": 10885.7617188, "mean": 726.920654297, "median": 431.940856934, "min": 44.2267074585, "var": 544488.5625}, "spectral_complexity": {"dmean": 3.94435739517, "dmean2": 5.8744893074, "dvar": 37.5484695435, "dvar2": 68.2574005127, "max": 59, "mean": 10.0586624146, "median": 7, "min": 0, "var": 101.817398071}, "spectral_decrease": {"dmean": 1.18438912011e-08, "dmean2": 1.88429751802e-08, "dvar": 2.10409853006e-16, "dvar2": 5.98109763451e-16, "max": 1.28558430568e-09, "mean": -2.47018352439e-08, "median": -1.88905957543e-08, "min": -1.27154976326e-07, "var": 4.46503941964e-16}, "spectral_energy": {"dmean": 0.0449985228479, "dmean2": 0.0716703236103, "dvar": 0.00300533231348, "dvar2": 0.00854970421642, "max": 0.482389479876, "mean": 0.0950143188238, "median": 0.0738146007061, "min": 1.04625616661e-20, "var": 0.00641542393714}, "spectral_energyband_high": {"dmean": 0.00105591316242, "dmean2": 0.00180627056397, "dvar": 4.98441431773e-06, "dvar2": 1.29110458147e-05, "max": 0.0339214801788, "mean": 0.000917055353057, "median": 6.91516470397e-05, "min": 7.66837140632e-21, "var": 4.25622738476e-06}, "spectral_energyband_low": {"dmean": 0.0435992367566, "dmean2": 0.0703406631947, "dvar": 0.00328670954332, "dvar2": 0.00954518932849, "max": 0.477637290955, "mean": 0.0835452601314, "median": 0.0558894053102, "min": 7.17226907664e-23, "var": 0.00628614705056}, "spectral_energyband_middle_high": {"dmean": 0.00132685340941, "dmean2": 0.00222076289356, "dvar": 9.81110497378e-06, "dvar2": 2.56712119153e-05, "max": 0.0505162551999, "mean": 0.00165832217317, "median": 0.000399819284212, "min": 1.50010415777e-21, "var": 9.76951832854e-06}, "spectral_energyband_middle_low": {"dmean": 0.00897260196507, "dmean2": 0.0156531389803, "dvar": 0.000282313209027, "dvar2": 0.000772150408011, "max": 0.152844756842, "mean": 0.0110815726221, "median": 0.00416297884658, "min": 2.21849244539e-22, "var": 0.000266542367171}, "spectral_entropy": {"dmean": 0.560619294643, "dmean2": 0.801346957684, "dvar": 0.487287312746, "dvar2": 0.888500154018, "max": 9.81187343597, "mean": 6.78967142105, "median": 7.18529701233, "min": 2.49262309074, "var": 1.65447509289}, "spectral_flux": {"dmean": 0.0644643083215, "dmean2": 0.0943831577897, "dvar": 0.00407431833446, "dvar2": 0.00794121064246, "max": 0.627793550491, "mean": 0.140836238861, "median": 0.117877244949, "min": 1.02286665249e-10, "var": 0.0105310073122}, "spectral_kurtosis": {"dmean": 22.706413269, "dmean2": 34.9521751404, "dvar": 3750.43017578, "dvar2": 9168.45117188, "max": 1366.43103027, "mean": 38.1205062866, "median": 4.9292049408, "min": -1.40865957737, "var": 8332.54394531}, "spectral_rms": {"dmean": 0.00220130709931, "dmean2": 0.00340265710838, "dvar": 5.16550016982e-06, "dvar2": 1.32971663334e-05, "max": 0.0216938666999, "mean": 0.00854712817818, "median": 0.00848612096161, "min": 3.19489855578e-12, "var": 1.96437104023e-05}, "spectral_rolloff": {"dmean": 523.090515137, "dmean2": 939.169067383, "dvar": 2985740, "dvar2": 7759238, "max": 19745.9472656, "mean": 596.980773926, "median": 129.19921875, "min": 21.533203125, "var": 2712249.5}, "spectral_skewness": {"dmean": 1.13046133518, "dmean2": 1.66192877293, "dvar": 3.90809035301, "dvar2": 7.66625070572, "max": 30.1220016479, "mean": 3.4238011837, "median": 1.75670540333, "min": -0.78215700388, "var": 14.3557853699}, "spectral_spread": {"dmean": 1554164.875, "dmean2": 2222762.5, "dvar": 4256716554240.0, "dvar2": 7044956422140.0, "max": 39808500, "mean": 4877047.5, "median": 4438073, "min": 53145.3984375, "var": 9954781036540.0}, "spectral_strongpeak": {"dmean": 0.298782199621, "dmean2": 0.501174390316, "dvar": 0.117092110217, "dvar2": 0.316531360149, "max": 9.49009132385, "mean": 0.603353142738, "median": 0.526990175247, "min": 0, "var": 0.18999889493}, "zerocrossingrate": {"dmean": 0.0147635927424, "dmean2": 0.0193442534655, "dvar": 0.000463510601548, "dvar2": 0.000667369225994, "max": 0.5068359375, "mean": 0.0310322474688, "median": 0.0166015625, "min": 0, "var": 0.00150662800297}, "barkbands": {"dmean": [0.00345262000337, 0.0327341109514, 0.0137119702995, 0.00413034856319, 0.00361823127605, 0.000983759062365, 0.000739675248042, 0.000290710071567, 0.000420944794314, 0.00045906289597, 0.000240835710429, 0.000168782629771, 0.000208445169847, 8.56639962876e-05, 0.00013226691226, 5.95361707383e-05, 9.22408653423e-05, 8.37136103655e-05, 8.08646291262e-05, 0.000139189563924, 0.000119063697639, 0.000102087993582, 0.000134392175823, 0.000162057796842, 0.000131054897793, 0.000205727279535, 0.000188146761502], "dmean2": [0.00460942601785, 0.0520419031382, 0.023455934599, 0.00745218759403, 0.00625838153064, 0.00161534012295, 0.00130984862335, 0.000535531027708, 0.000738888222259, 0.000769707548898, 0.000441434996901, 0.000287719245534, 0.000366939551895, 0.000142659759149, 0.000224710500333, 9.08293077373e-05, 0.000152006192366, 0.00013901789498, 0.00013386576029, 0.000242463807808, 0.000209458492463, 0.00017042082618, 0.000219512585318, 0.000283581000986, 0.000228341566981, 0.000367216387531, 0.000336649478413], "dvar": [2.93709563266e-05, 0.00197921833023, 0.000624325824901, 8.37101906654e-05, 5.19470449944e-05, 4.9077557378e-06, 9.75505645329e-06, 9.13664791824e-07, 1.23669565255e-06, 2.07563539334e-06, 1.00202476006e-06, 1.32702624001e-07, 1.48984690895e-06, 3.29498490714e-08, 1.03939939322e-07, 2.36780994811e-08, 4.07050357865e-08, 2.85317760529e-08, 3.88642575899e-08, 1.40390525871e-07, 8.83681394725e-08, 5.33263744273e-08, 2.32277031387e-07, 1.17267390465e-07, 8.13447726955e-08, 3.13961237453e-07, 3.95662340225e-07], "dvar2": [5.80778942094e-05, 0.00560689624399, 0.00169682945125, 0.000233647748246, 0.000141718090163, 1.26611475935e-05, 2.61407039943e-05, 2.64634672931e-06, 3.304865686e-06, 5.41678900845e-06, 2.90420621241e-06, 3.59030792652e-07, 4.11139308198e-06, 8.34319635601e-08, 2.8517786177e-07, 4.31602984463e-08, 9.82597683219e-08, 6.74156126479e-08, 1.02963973347e-07, 3.87035385074e-07, 2.39316108264e-07, 1.27599648181e-07, 5.59166096537e-07, 3.06148194795e-07, 2.11266325323e-07, 8.73794363088e-07, 1.12000884656e-06], "max": [0.102163895965, 0.441863358021, 0.211821690202, 0.0903820246458, 0.0990893468261, 0.0288044288754, 0.0456760637462, 0.0126761756837, 0.0142685398459, 0.0455198548734, 0.0146842617542, 0.00485034612939, 0.0284649860114, 0.00293090404011, 0.00326798250899, 0.0017153484514, 0.00282866298221, 0.00151862972416, 0.00197555241175, 0.00671468442306, 0.0023447284475, 0.00620855158195, 0.0229444298893, 0.00732589140534, 0.0050119208172, 0.00631571048871, 0.00895652920008], "mean": [0.00719211017713, 0.0589826069772, 0.0152897443622, 0.00419715885073, 0.00402012374252, 0.00132874248084, 0.000684388913214, 0.000242258131038, 0.00039778262726, 0.00043904708582, 0.00020428551943, 0.000212020779145, 0.000199140995392, 0.000102280886495, 0.00015801122936, 7.96636377345e-05, 0.000112251967948, 0.000101103614725, 9.46489890339e-05, 0.000127925886773, 9.68464009929e-05, 9.99367184704e-05, 0.000159210700076, 0.00012088647054, 9.75860166363e-05, 0.000140900956467, 0.000133345776703], "median": [0.00133307860233, 0.0283735711128, 0.00459253229201, 0.000752111431211, 0.000912250950933, 0.00022823526524, 0.00011353132868, 5.74282603338e-05, 5.97788603045e-05, 4.65988123324e-05, 3.93024420191e-05, 4.82689865748e-05, 2.37391213886e-05, 1.83135507541e-05, 2.16767111851e-05, 1.16821875054e-05, 1.32852283059e-05, 1.85370172403e-05, 1.07592877612e-05, 9.42906171986e-06, 9.47841726884e-06, 9.96455037239e-06, 1.11872886919e-05, 6.06643379797e-06, 3.08972494167e-06, 1.87605769497e-06, 1.00750973786e-07], "min": [6.64998856821e-24, 2.28468917183e-23, 3.70131895899e-23, 6.00088226096e-24, 3.94048643932e-23, 5.80191923443e-23, 1.91270102311e-23, 4.95760708737e-23, 4.65228510044e-23, 6.43522055567e-23, 1.35828519285e-22, 7.15353773222e-23, 7.77527750803e-23, 9.85942908697e-23, 4.13498956184e-23, 1.84776379199e-22, 1.65183220015e-22, 2.79182544414e-22, 2.77285794632e-22, 3.77109995384e-22, 3.82392359466e-22, 5.00654296922e-22, 5.56593395588e-22, 8.15523091153e-22, 1.17149706688e-21, 2.04016504827e-21, 2.13683814729e-21], "var": [9.9380260508e-05, 0.0043027466163, 0.000619931612164, 7.01913741068e-05, 4.98744266224e-05, 6.06743333265e-06, 7.57300267651e-06, 5.27161319042e-07, 1.1052732134e-06, 1.99134501599e-06, 5.72823637413e-07, 1.35641585075e-07, 9.7108522823e-07, 4.54150743678e-08, 1.030814758e-07, 3.83700147211e-08, 5.45058895796e-08, 3.71130894905e-08, 4.07331341989e-08, 1.26898129338e-07, 6.54688960822e-08, 5.74240139883e-08, 2.8394285323e-07, 9.10699711199e-08, 6.39161470417e-08, 1.97042993477e-07, 2.47830570288e-07]}, "erbbands": {"dmean": [1.3385900259, 6.45714426041, 15.7231988907, 13.8393602371, 14.9094667435, 10.280122757, 5.58884334564, 8.84786605835, 9.96623325348, 10.6064100266, 6.25933027267, 9.70471858978, 14.834651947, 11.9138326645, 8.19542312622, 6.98514842987, 9.42072963715, 5.81097888947, 6.59855461121, 5.07544517517, 3.76627445221, 4.2932510376, 4.21672487259, 5.06856107712, 4.84483385086, 6.41088962555, 5.05634260178, 4.62838077545, 3.55623602867, 3.79257392883, 3.88118863106, 4.16349506378, 2.15460157394, 1.75989997387, 0.793619930744, 0.948706865311, 0.351115077734, 0.107977420092, 0.0377517007291, 0.00204559671693], "dmean2": [1.78701364994, 11.065527916, 27.2197227478, 23.2113647461, 25.8690166473, 18.0951347351, 9.21434020996, 14.9249725342, 16.5550289154, 19.7715148926, 11.3479366302, 16.805109024, 24.8799037933, 21.287563324, 15.0302934647, 11.7409353256, 16.5180797577, 9.82943725586, 11.4256925583, 8.07315349579, 5.83734893799, 7.0661740303, 6.80505847931, 8.77485466003, 8.20812034607, 11.1502714157, 8.89063167572, 8.08123016357, 5.96171188354, 6.04033279419, 6.53571081161, 7.44140481949, 3.63834142685, 3.09913277626, 1.35753548145, 1.674705863, 0.635129034519, 0.191720634699, 0.0675530955195, 0.00372531171888], "dvar": [3.55298137665, 104.649513245, 912.752441406, 666.60760498, 996.95690918, 419.099487305, 121.300323486, 504.425720215, 1210.52124023, 2351.73510742, 294.216949463, 635.664001465, 1560.82177734, 1842.01538086, 1170.16442871, 198.885055542, 2750.11767578, 313.43737793, 283.124969482, 133.135772705, 77.6691131592, 90.5042037964, 67.7853164673, 157.800476074, 160.19241333, 285.10925293, 171.070053101, 111.209861755, 52.4175567627, 161.878082275, 216.953399658, 93.647857666, 20.6298904419, 14.2095489502, 3.15683364868, 5.71418476105, 1.27579164505, 0.124003209174, 0.0157557185739, 4.71878556709e-05], "dvar2": [7.75363254547, 302.182434082, 2513.49145508, 1708.41577148, 2675.60375977, 1167.93286133, 314.25970459, 1328.65112305, 2961.52978516, 6830.04833984, 844.561096191, 1658.97363281, 3970.55444336, 5139.86230469, 3396.09985352, 529.882141113, 7579.10205078, 844.865661621, 796.146362305, 297.842315674, 158.088638306, 223.686035156, 146.891723633, 432.022216797, 427.270629883, 787.20324707, 466.953033447, 296.018096924, 130.95552063, 366.820251465, 534.71282959, 244.790603638, 52.4589080811, 37.1390686035, 8.09352588654, 15.5949344635, 3.63772392273, 0.351531296968, 0.0443123094738, 0.000133916575578], "max": [20.7491054535, 93.0891952515, 241.910369873, 269.577087402, 423.973937988, 271.633453369, 271.722229004, 320.991851807, 608.838806152, 688.682556152, 175.373031616, 417.1668396, 562.460205078, 1152.52819824, 533.912475586, 175.45010376, 1215.38427734, 367.531890869, 175.7265625, 150.530090332, 114.194068909, 111.903663635, 83.4269866943, 94.3992996216, 125.719551086, 243.260162354, 221.443725586, 114.12096405, 106.904678345, 526.040405273, 725.493652344, 274.041717529, 64.8547592163, 52.5025634766, 38.6487464905, 23.2516288757, 14.7287092209, 4.78046369553, 1.66688883305, 0.105934254825], "mean": [2.64287853241, 9.3488483429, 17.3678607941, 17.2502479553, 15.6611003876, 11.8483886719, 7.87389373779, 10.6384572983, 11.4005451202, 7.88716077805, 5.86555719376, 9.47825908661, 14.7613191605, 10.6168079376, 7.19796800613, 9.18887233734, 9.60090732574, 6.73899698257, 7.383061409, 6.34054946899, 5.23520755768, 5.40576219559, 5.34788799286, 5.38536977768, 5.13955163956, 5.83318853378, 4.40720653534, 3.83347988129, 3.35260272026, 4.57980537415, 4.31889295578, 3.11094498634, 1.70682942867, 1.27428102493, 0.614205539227, 0.660340309143, 0.23641858995, 0.0755738317966, 0.0252411682159, 0.00159896491095], "median": [0.696427941322, 5.58681440353, 6.50216770172, 4.74570560455, 3.11229801178, 2.50089263916, 1.56123173237, 1.7466006279, 1.89910459518, 1.54735195637, 1.65411186218, 1.41635632515, 1.9611774683, 1.70579659939, 1.5320533514, 2.15245676041, 1.40180265903, 1.28573822975, 1.16005086899, 0.94031047821, 0.815173447132, 0.704386472702, 1.02127420902, 0.669522345066, 0.59972089529, 0.429477840662, 0.388077914715, 0.423688322306, 0.31086063385, 0.321724534035, 0.306429296732, 0.196182012558, 0.0862136483192, 0.0390828624368, 0.020867632702, 0.010783104226, 0.00262052589096, 0.000416081602452, 9.2827656772e-05, 0.000160013878485], "min": [3.35228019395e-22, 6.88773909027e-21, 3.60488412878e-20, 3.85646109545e-20, 3.08388215814e-20, 2.12634117685e-19, 3.20046441206e-19, 4.61888141473e-19, 2.8714926145e-19, 4.30501264268e-19, 1.45464973654e-18, 9.1176096756e-19, 1.35525643792e-18, 4.02973608551e-18, 4.94481621867e-18, 2.47647473602e-18, 3.00463741535e-18, 4.90845459971e-18, 3.04097711402e-18, 8.67456946477e-18, 6.91193774211e-18, 1.04840758584e-17, 1.27337490442e-17, 1.45938284333e-17, 1.2866385801e-17, 1.7877158093e-17, 1.47196078628e-17, 1.88609322673e-17, 1.93895900143e-17, 1.54913260153e-17, 1.49052404272e-17, 2.14999593675e-17, 1.07463682132e-17, 1.08918014541e-17, 1.03517865174e-17, 4.96748510336e-18, 4.13626247274e-18, 1.35444104463e-18, 3.10370366744e-19, 3.39971974929e-20], "var": [12.8508462906, 116.14238739, 769.054626465, 879.661499023, 940.455749512, 425.62512207, 178.437896729, 517.211303711, 1453.34790039, 1309.64758301, 188.486190796, 628.619384766, 1541.46569824, 1441.49560547, 668.38092041, 236.95262146, 1814.64379883, 274.524017334, 236.939849854, 187.412200928, 127.219154358, 117.295349121, 103.243644714, 139.585235596, 147.035476685, 247.304672241, 148.846374512, 86.1837005615, 52.0260620117, 221.199417114, 233.222717285, 71.1622848511, 17.7932243347, 10.7478218079, 2.6374232769, 3.75952029228, 0.749113798141, 0.0745002701879, 0.00966140441597, 3.35027361871e-05]}, "gfcc": {"mean": [-93.3746032715, 114.172973633, -49.6857795715, 33.8946838379, -26.9646244049, 21.0825366974, -12.3705205917, 7.67270517349, -10.0997438431, -1.78087389469, -7.62483978271, -1.59819197655, -8.61572360992], "cov": [[28266.8476562, -6048.91552734, -3279.74731445, 1867.64990234, -577.488830566, 608.618835449, -1658.63305664, -423.5418396, -1389.33630371, 36.1174583435, -832.6171875, 277.072143555, -531.044433594], [-6048.91552734, 5775.13867188, 1365.68212891, -785.958007812, 530.464904785, -668.665588379, 588.387573242, -279.723297119, 328.967590332, -489.96685791, 338.266662598, -345.618225098, 505.445922852], [-3279.74731445, 1365.68212891, 2916.15551758, -207.469192505, 377.320953369, -197.899993896, 457.443695068, 116.120643616, 310.518432617, 40.2753143311, 125.251312256, 17.7341976166, 267.224487305], [1867.64990234, -785.958007812, -207.469192505, 783.266479492, 78.8413543701, 243.397888184, -156.06072998, -20.5023555756, 27.9088153839, 87.7319869995, 15.685300827, 77.8846664429, -51.9268875122], [-577.488830566, 530.464904785, 377.320953369, 78.8413543701, 686.036743164, 38.5866928101, 263.677734375, 23.3228397369, 83.7425765991, 19.1155891418, 86.8503265381, -19.2758026123, 132.751953125], [608.618835449, -668.665588379, -197.899993896, 243.397888184, 38.5866928101, 535.802490234, 3.16418623924, 77.3217010498, -1.61550486088, -35.2746086121, -77.2695922852, 39.0481834412, -101.236999512], [-1658.63305664, 588.387573242, 457.443695068, -156.06072998, 263.677734375, 3.16418623924, 427.822570801, 123.109718323, 147.694030762, -42.6151542664, 9.28267002106, -61.6115875244, 118.419029236], [-423.5418396, -279.723297119, 116.120643616, -20.5023555756, 23.3228397369, 77.3217010498, 123.109718323, 221.179138184, 82.6323165894, 89.6994857788, -23.986497879, 22.4871101379, 5.94927453995], [-1389.33630371, 328.967590332, 310.518432617, 27.9088153839, 83.7425765991, -1.61550486088, 147.694030762, 82.6323165894, 277.622497559, 77.1776657104, 136.248184204, 14.6918964386, 64.272064209], [36.1174583435, -489.96685791, 40.2753143311, 87.7319869995, 19.1155891418, -35.2746086121, -42.6151542664, 89.6994857788, 77.1776657104, 264.497344971, 100.765441895, 102.225463867, -5.95856332779], [-832.6171875, 338.266662598, 125.251312256, 15.685300827, 86.8503265381, -77.2695922852, 9.28267002106, -23.986497879, 136.248184204, 100.765441895, 208.780456543, 50.5747642517, 58.4210700989], [277.072143555, -345.618225098, 17.7341976166, 77.8846664429, -19.2758026123, 39.0481834412, -61.6115875244, 22.4871101379, 14.6918964386, 102.225463867, 50.5747642517, 121.124786377, 4.41072416306], [-531.044433594, 505.445922852, 267.224487305, -51.9268875122, 132.751953125, -101.236999512, 118.419029236, 5.94927453995, 64.272064209, -5.95856332779, 58.4210700989, 4.41072416306, 153.371932983]], "icov": [[7.47986414353e-05, 4.33712339145e-05, 2.64381251327e-05, -0.00011835728219, -4.51216365036e-05, 2.18832246901e-05, 0.000161357791512, 4.18486306444e-05, 0.000172338506673, 7.80383743404e-07, 0.000186593970284, -7.74590716901e-06, -0.000185832104762], [4.33712339145e-05, 0.000611539871898, -8.76853373484e-05, 0.00019480897754, -0.000129919513711, 0.000219971407205, 0.000112321569759, 0.000229726574617, -0.00012899756257, 0.00104917120188, -0.00100867985748, 0.00104528153315, -0.00103546958417], [2.64381251327e-05, -8.76853373484e-05, 0.000505336327478, -1.89728834812e-05, -0.000114844464406, 0.000127539766254, -0.000208463679883, 9.18516379897e-05, -0.000368390872609, -0.00016213930212, 0.000590239360463, -0.000611698022112, -0.000224548901315], [-0.00011835728219, 0.00019480897754, -1.89728834812e-05, 0.00231564394198, -0.000566116301343, -0.000879137660377, 0.000932782771997, 0.000841324566863, -0.00154037948232, -0.000373228976969, 0.000298876257148, 0.000249724660534, -0.000567897746805], [-4.51216365036e-05, -0.000129919513711, -0.000114844464406, -0.000566116301343, 0.00274747982621, -0.000747492013033, -0.00201837276109, 0.000554867147002, 0.00143371801823, -0.00117266178131, -0.00143266585656, 0.00111907767132, -0.00118711194955], [2.18832246901e-05, 0.000219971407205, 0.000127539766254, -0.000879137660377, -0.000747492013033, 0.00377955334261, -0.000440389179857, -0.00154672993813, -0.000659557059407, 0.00292681413703, 0.000170081431861, -0.00271227397025, 0.00277610239573], [0.000161357791512, 0.000112321569759, -0.000208463679883, 0.000932782771997, -0.00201837276109, -0.000440389179857, 0.00742364535108, -0.00260718725622, -0.00243749981746, 0.00118597701658, 0.00193141272757, 0.00206182757393, -0.00303426734172], [4.18486306444e-05, 0.000229726574617, 9.18516379897e-05, 0.000841324566863, 0.000554867147002, -0.00154672993813, -0.00260718725622, 0.0106330895796, -0.0028984604869, -0.0052376636304, 0.00497902557254, 3.14863391395e-05, -0.00127435883041], [0.000172338506673, -0.00012899756257, -0.000368390872609, -0.00154037948232, 0.00143371801823, -0.000659557059407, -0.00243749981746, -0.0028984604869, 0.0103300726041, -0.000566822534893, -0.00668399967253, 0.00205208850093, -0.000403665966587], [7.80383743404e-07, 0.00104917120188, -0.00016213930212, -0.000373228976969, -0.00117266178131, 0.00292681413703, 0.00118597701658, -0.0052376636304, -0.000566822534893, 0.0124117648229, -0.00577123789117, -0.00436757924035, 0.00197929539718], [0.000186593970284, -0.00100867985748, 0.000590239360463, 0.000298876257148, -0.00143266585656, 0.000170081431861, 0.00193141272757, 0.00497902557254, -0.00668399967253, -0.00577123789117, 0.0165382493287, -0.00500069698319, -0.000868041184731], [-7.74590716901e-06, 0.00104528153315, -0.000611698022112, 0.000249724660534, 0.00111907767132, -0.00271227397025, 0.00206182757393, 3.14863391395e-05, 0.00205208850093, -0.00436757924035, -0.00500069698319, 0.0190369337797, -0.00634565157816], [-0.000185832104762, -0.00103546958417, -0.000224548901315, -0.000567897746805, -0.00118711194955, 0.00277610239573, -0.00303426734172, -0.00127435883041, -0.000403665966587, 0.00197929539718, -0.000868041184731, -0.00634565157816, 0.0154994186014]]}, "melbands": {"dmean": [0.0100250998512, 0.00799675565213, 0.00236338074319, 0.000927604909521, 0.000232991733355, 0.000198805937544, 0.000153602435603, 0.000104379600089, 4.9409467465e-05, 6.44559113425e-05, 7.5230258517e-05, 5.05706557306e-05, 3.03023589368e-05, 2.03513282031e-05, 1.37773085953e-05, 2.50851880992e-05, 9.18053228816e-06, 1.00792312878e-05, 9.42031329032e-06, 5.1301849453e-06, 4.8840333875e-06, 5.09100709678e-06, 3.65778305422e-06, 4.25929647463e-06, 4.22997618443e-06, 3.25912105836e-06, 4.42866803496e-06, 4.25066536991e-06, 2.97203837363e-06, 2.9646312214e-06, 2.78372317553e-06, 2.21446089199e-06, 1.7007820361e-06, 2.31526632888e-06, 2.03766330742e-06, 2.93967354992e-06, 2.24504879043e-06, 1.4050426671e-06, 1.49921811499e-06, 1.5349575051e-06], "dmean2": [0.0147454077378, 0.0137392096221, 0.00397811178118, 0.00162234681193, 0.000390731700463, 0.000331173127051, 0.000256810337305, 0.00019510484708, 8.96335404832e-05, 0.000111312583613, 0.000126323793666, 9.03277978068e-05, 5.59118452657e-05, 3.5325258068e-05, 2.3354719815e-05, 4.4065516704e-05, 1.53482687892e-05, 1.74710130523e-05, 1.58817420015e-05, 7.83388804848e-06, 7.72139901528e-06, 8.42030476633e-06, 6.00208477408e-06, 7.08362904334e-06, 7.41518897485e-06, 5.42920224689e-06, 7.78290359449e-06, 7.33720480639e-06, 5.15436249771e-06, 5.26099347553e-06, 4.85047348775e-06, 3.80945266443e-06, 2.7634109756e-06, 3.64638117389e-06, 3.36533889822e-06, 5.25735731571e-06, 3.97705889554e-06, 2.33217701862e-06, 2.61944978774e-06, 2.72823945124e-06], "dvar": [0.000174943590537, 0.000211628284887, 1.83212578122e-05, 3.62315563507e-06, 1.84230160016e-07, 2.38185748458e-07, 2.98276290778e-07, 2.22300769792e-07, 1.60660427184e-08, 2.91057755675e-08, 4.19955767939e-08, 3.59230973856e-08, 1.78430052955e-08, 2.41273179213e-09, 8.1614798253e-10, 2.47385507635e-08, 4.36475577903e-10, 6.76952771617e-10, 4.89197238274e-10, 1.82839757223e-10, 1.34846744881e-10, 1.27702182162e-10, 5.57931270628e-11, 7.45913608657e-11, 1.1431123409e-10, 6.40890812642e-11, 1.57033941406e-10, 1.24672466795e-10, 6.2754371144e-11, 5.86928353141e-11, 3.57947733953e-11, 1.99302102599e-11, 2.55669513338e-11, 6.80201658887e-11, 6.71701583244e-11, 8.02894625784e-11, 2.29056686812e-11, 8.44887441259e-12, 1.03641869392e-11, 1.15394915845e-11], "dvar2": [0.000452937005321, 0.000586059410125, 4.7179608373e-05, 1.00042261693e-05, 4.90177626489e-07, 6.11942084561e-07, 7.46080615954e-07, 6.49234436878e-07, 4.60820004378e-08, 7.55012052878e-08, 1.07189386256e-07, 1.00789435464e-07, 5.19712344271e-08, 6.65372823505e-09, 2.20296847431e-09, 6.81821248349e-08, 1.13866660545e-09, 1.90488536056e-09, 1.34357824866e-09, 3.37367966896e-10, 2.97752045242e-10, 3.18685550171e-10, 1.30508409635e-10, 1.77020689773e-10, 3.18540416266e-10, 1.67135888463e-10, 4.32850894017e-10, 3.43271772119e-10, 1.70554972923e-10, 1.61728838655e-10, 9.38238930992e-11, 5.15329029449e-11, 5.95565888273e-11, 1.52219445382e-10, 1.60690752371e-10, 2.08004738433e-10, 6.00273303286e-11, 2.07486128972e-11, 2.75607245359e-11, 3.02971606136e-11], "max": [0.149522140622, 0.124208733439, 0.0477032586932, 0.0252926740795, 0.00911590270698, 0.00642627943307, 0.00886617321521, 0.00658559193835, 0.00122666626703, 0.00247055990621, 0.00360802793875, 0.00569078372791, 0.00200854055583, 0.0006422411534, 0.000494397711009, 0.00364833138883, 0.000350057205651, 0.000269718933851, 0.000213666964555, 0.000156536028953, 0.000156046327902, 0.000141811658978, 0.000102711623185, 7.3349714512e-05, 8.08043914731e-05, 9.88546598819e-05, 9.52427290031e-05, 0.000235396772041, 0.000220510744839, 6.38858909952e-05, 6.51481896057e-05, 3.78363838536e-05, 0.000185946846614, 0.000327671528794, 0.000415327609517, 0.000356624397682, 0.000120755074022, 4.63776523247e-05, 3.70202069462e-05, 4.97513647133e-05], "mean": [0.0192147567868, 0.0102750118822, 0.00304300431162, 0.000998635659926, 0.00031463635969, 0.00025086736423, 0.00017259120068, 7.6207164966e-05, 4.60750889033e-05, 6.27713161521e-05, 7.33877022867e-05, 4.29248648288e-05, 2.51512046816e-05, 2.35239276662e-05, 1.86266988749e-05, 2.28639164561e-05, 1.08427702799e-05, 1.07599698822e-05, 1.13650739877e-05, 6.36193180981e-06, 6.51470600133e-06, 6.17549130766e-06, 4.4574403546e-06, 5.01350859849e-06, 4.23888877776e-06, 3.67730422113e-06, 3.85312978324e-06, 3.95843881051e-06, 2.75087722912e-06, 2.36497976402e-06, 2.28305634664e-06, 1.96607925318e-06, 1.81952952971e-06, 2.87744842353e-06, 2.51175220001e-06, 2.3528350539e-06, 1.63464574143e-06, 1.15218983865e-06, 1.12132545382e-06, 1.07771131752e-06], "median": [0.00742129376158, 0.00624908227473, 0.000828133895993, 0.000224518647883, 5.80962368986e-05, 4.18430099671e-05, 2.82043001789e-05, 1.50798441609e-05, 1.2311383216e-05, 8.29841883387e-06, 9.18851401366e-06, 6.22468633082e-06, 5.1069428082e-06, 5.43918122275e-06, 4.4563926167e-06, 2.18967352339e-06, 2.04996626962e-06, 1.63139395681e-06, 1.56467626766e-06, 8.6352508788e-07, 9.63266870713e-07, 7.26353448499e-07, 6.50174570183e-07, 9.17131046663e-07, 4.30918163374e-07, 4.38371927203e-07, 3.33238830308e-07, 2.51400280149e-07, 2.15232446976e-07, 2.46718087737e-07, 2.40162080445e-07, 1.79417881441e-07, 1.29520742576e-07, 1.77119829914e-07, 1.75257213186e-07, 1.5365323236e-07, 8.29298656413e-08, 5.93017333017e-08, 4.53139108458e-08, 2.60832067056e-08], "min": [5.81289828496e-24, 1.61177898676e-23, 5.91191452807e-24, 8.31786692493e-24, 1.055438541e-23, 1.01700815648e-23, 4.47919481833e-24, 4.85632989003e-24, 1.26538850667e-23, 5.53032081454e-24, 7.20321672104e-24, 1.58646018046e-23, 1.83593870391e-23, 9.4952370928e-24, 5.0285338869e-24, 8.14069192106e-24, 9.1057259768e-24, 5.23906192984e-24, 5.68855724022e-24, 1.46951423339e-23, 7.04825446254e-24, 1.08987137288e-23, 1.21351624787e-23, 1.10927900775e-23, 1.18076487301e-23, 1.09413240506e-23, 7.40711912124e-24, 1.40283718533e-23, 1.01177587875e-23, 8.28589281471e-24, 1.18427585624e-23, 1.12504344631e-23, 8.49020936689e-24, 9.37662238937e-24, 8.62402699769e-24, 9.6604458656e-24, 1.43603339885e-23, 7.76254592411e-24, 6.55610978175e-24, 9.74657448809e-24], "var": [0.000534336140845, 0.000183931988431, 2.37261101574e-05, 3.2175648812e-06, 2.51651414374e-07, 2.74833269032e-07, 3.32477071652e-07, 1.20546772564e-07, 1.07043360842e-08, 2.91282802323e-08, 4.0573006288e-08, 2.7738702002e-08, 9.95979032581e-09, 2.06353645282e-09, 9.73628955236e-10, 1.60359210355e-08, 5.41786004948e-10, 5.40858968723e-10, 5.20634813039e-10, 2.7820784565e-10, 2.00377187065e-10, 1.6214692089e-10, 7.88695844745e-11, 9.32594765302e-11, 9.4988912569e-11, 6.77091022139e-11, 1.14073694935e-10, 1.27467092437e-10, 6.82907203009e-11, 4.15156312106e-11, 2.86776366543e-11, 1.76530283447e-11, 2.98129750054e-11, 9.95100321588e-11, 8.40098962618e-11, 6.41335803908e-11, 1.72648007002e-11, 7.94621313194e-12, 7.75391903463e-12, 8.51659628237e-12]}, "mfcc": {"mean": [-746.484069824, 143.633453369, 43.0431938171, 35.0952911377, 20.2061328888, 21.8300552368, 13.9347305298, 17.3003902435, 7.07930707932, 8.68789386749, 4.95951843262, 4.46842622757, 2.07925343513], "cov": [[19231.7832031, -3051.19677734, -2424.75439453, -454.750915527, -172.047698975, 67.1322250366, -338.317962646, -421.338592529, -742.952758789, -472.657623291, -529.211547852, -398.55166626, -385.24798584], [-3051.19677734, 4184.08056641, 747.757080078, 253.111587524, 47.9602851868, -139.238128662, 162.679641724, 40.8733825684, 73.9733428955, -0.183745443821, -72.1415405273, -183.476272583, -37.8335914612], [-2424.75439453, 747.757080078, 1727.08886719, 242.589508057, 81.7287750244, -7.60070085526, 32.3724937439, 96.144859314, 159.322555542, 99.0537796021, 45.5638542175, 29.74766922, 81.6231002808], [-454.750915527, 253.111587524, 242.589508057, 430.271728516, 140.325241089, 37.6785049438, 47.6551475525, -46.810836792, 63.8605079651, 32.6098327637, 32.5563583374, 65.1345214844, 58.8614730835], [-172.047698975, 47.9602851868, 81.7287750244, 140.325241089, 344.314605713, 194.629196167, 94.7096252441, 41.7925376892, 10.3899059296, 25.4686985016, 60.5013084412, 45.3816986084, 38.6943397522], [67.1322250366, -139.238128662, -7.60070085526, 37.6785049438, 194.629196167, 301.169525146, 86.5679931641, 131.184890747, 14.4261646271, 39.9498558044, 38.0483322144, 32.7080574036, 16.759185791], [-338.317962646, 162.679641724, 32.3724937439, 47.6551475525, 94.7096252441, 86.5679931641, 226.774169922, 89.0962371826, 141.085617065, 29.2547130585, 22.4438247681, -8.6314535141, -24.0760574341], [-421.338592529, 40.8733825684, 96.144859314, -46.810836792, 41.7925376892, 131.184890747, 89.0962371826, 242.877685547, 120.959838867, 87.7059402466, 15.1619005203, -13.3632631302, -5.27554035187], [-742.952758789, 73.9733428955, 159.322555542, 63.8605079651, 10.3899059296, 14.4261646271, 141.085617065, 120.959838867, 270.658691406, 102.052574158, 50.3555107117, 23.8150634766, 7.6136302948], [-472.657623291, -0.183745443821, 99.0537796021, 32.6098327637, 25.4686985016, 39.9498558044, 29.2547130585, 87.7059402466, 102.052574158, 126.407875061, 64.9601364136, 48.1509361267, 30.561170578], [-529.211547852, -72.1415405273, 45.5638542175, 32.5563583374, 60.5013084412, 38.0483322144, 22.4438247681, 15.1619005203, 50.3555107117, 64.9601364136, 136.753997803, 100.765815735, 55.1418876648], [-398.55166626, -183.476272583, 29.74766922, 65.1345214844, 45.3816986084, 32.7080574036, -8.6314535141, -13.3632631302, 23.8150634766, 48.1509361267, 100.765815735, 161.050445557, 84.6222000122], [-385.24798584, -37.8335914612, 81.6231002808, 58.8614730835, 38.6943397522, 16.759185791, -24.0760574341, -5.27554035187, 7.6136302948, 30.561170578, 55.1418876648, 84.6222000122, 113.110603333]], "icov": [[8.48470226629e-05, 5.30462239112e-05, 7.41537878639e-05, -2.09362242458e-05, -1.26197219288e-05, -7.61859337217e-05, 2.08149140235e-05, 0.000101799058029, 8.73354365467e-05, -2.85412206722e-05, 0.000213358405745, 9.52104091994e-05, 0.000115484086564], [5.30462239112e-05, 0.000344531144947, -6.08648988418e-05, -0.000216619024286, -3.97075527871e-05, 0.000288122828351, -0.000354715681169, -0.000110215230961, 0.000349139270838, -0.000100988138001, -7.37807237527e-09, 0.000566158327274, -7.69654579926e-05], [7.41537878639e-05, -6.08648988418e-05, 0.000806001713499, -0.000333247240633, -0.000162113894476, 0.000124365455122, 0.000377402844606, -0.000272152392427, -0.000272084726021, -4.3187301344e-05, 0.000129951687995, 0.000238904656726, -0.000283437984763], [-2.09362242458e-05, -0.000216619024286, -0.000333247240633, 0.00381874293089, -0.00136774627026, -0.000515018356964, -4.60114933958e-05, 0.0022773721721, -0.001431234763, -0.00101528642699, 0.00179311970714, -0.00130234973039, -0.000779046560638], [-1.26197219288e-05, -3.97075527871e-05, -0.000162113894476, -0.00136774627026, 0.00625311909243, -0.00357626867481, -0.00193058885634, 0.000873961602338, 0.00127018615603, 4.39256364189e-05, -0.00213578832336, 0.00117576657794, -0.00114275072701], [-7.61859337217e-05, 0.000288122828351, 0.000124365455122, -0.000515018356964, -0.00357626867481, 0.00864302739501, -0.00174988177605, -0.00522179156542, 0.00280675757676, 4.73570144095e-05, -0.000116302871902, -0.00145674042869, 0.0002867631556], [2.08149140235e-05, -0.000354715681169, 0.000377402844606, -4.60114933958e-05, -0.00193058885634, -0.00174988177605, 0.0101132038981, -0.00063451816095, -0.00614825589582, 0.00368567951955, -0.0010808815714, 8.94946279004e-05, 0.00262460648082], [0.000101799058029, -0.000110215230961, -0.000272152392427, 0.0022773721721, 0.000873961602338, -0.00522179156542, -0.00063451816095, 0.0111897634342, -0.00301910704002, -0.00549417547882, 0.00240802858025, 0.00194561097305, -0.000759140821174], [8.73354365467e-05, 0.000349139270838, -0.000272084726021, -0.001431234763, 0.00127018615603, 0.00280675757676, -0.00614825589582, -0.00301910704002, 0.0107112266123, -0.00506043341011, -0.000626025081147, 8.58484490891e-05, -5.72556491534e-05], [-2.85412206722e-05, -0.000100988138001, -4.3187301344e-05, -0.00101528642699, 4.39256364189e-05, 4.73570144095e-05, 0.00368567951955, -0.00549417547882, -0.00506043341011, 0.0186959467828, -0.00621779914945, -0.00100037502125, 3.55487168235e-06], [0.000213358405745, -7.37807237527e-09, 0.000129951687995, 0.00179311970714, -0.00213578832336, -0.000116302871902, -0.0010808815714, 0.00240802858025, -0.000626025081147, -0.00621779914945, 0.0183752272278, -0.00884927436709, -0.000285515823634], [9.52104091994e-05, 0.000566158327274, 0.000238904656726, -0.00130234973039, 0.00117576657794, -0.00145674042869, 8.94946279004e-05, 0.00194561097305, 8.58484490891e-05, -0.00100037502125, -0.00884927436709, 0.0175077989697, -0.00757726607844], [0.000115484086564, -7.69654579926e-05, -0.000283437984763, -0.000779046560638, -0.00114275072701, 0.0002867631556, 0.00262460648082, -0.000759140821174, -5.72556491534e-05, 3.55487168235e-06, -0.000285515823634, -0.00757726607844, 0.0165010392666]]}, "spectral_contrast_coeffs": {"dmean": [0.0658003389835, 0.0526995137334, 0.0433785133064, 0.0297362878919, 0.0235718265176, 0.0266371350735], "dmean2": [0.105754949152, 0.0823472887278, 0.0678139179945, 0.0479521751404, 0.0377632007003, 0.0410729385912], "dvar": [0.00310015236028, 0.00225224904716, 0.00144015206024, 0.00069329503458, 0.000497318920679, 0.000746646313928], "dvar2": [0.00761331291869, 0.00496809789911, 0.00317063881084, 0.00163647229783, 0.00114307843614, 0.00168541632593], "max": [-0.245776593685, -0.369247555733, -0.438504129648, -0.560994327068, -0.546247124672, -0.569867491722], "mean": [-0.632933676243, -0.761048316956, -0.80137437582, -0.82694029808, -0.829597055912, -0.7947935462], "median": [-0.628756165504, -0.77449131012, -0.810063362122, -0.829211354256, -0.828454852104, -0.798312187195], "min": [-0.962459683418, -0.970296084881, -0.987325668335, -0.987127542496, -0.978008449078, -0.967005848885], "var": [0.0100265331566, 0.00746113341302, 0.00460220361128, 0.00217435788363, 0.00229638861492, 0.00426850840449]}, "spectral_contrast_valleys": {"dmean": [0.577419340611, 0.673751950264, 0.69872200489, 0.646984875202, 0.729963302612, 0.969220578671], "dmean2": [0.904067456722, 1.03539991379, 1.04449808598, 0.911997437477, 0.970790266991, 1.26473283768], "dvar": [0.353714346886, 0.554069459438, 0.659817457199, 0.667125105858, 0.896558463573, 1.36390328407], "dvar2": [0.740010738373, 1.2092461586, 1.3773958683, 1.34254491329, 1.73242878914, 2.55722641945], "max": [-4.90152168274, -4.36766719818, -4.87446832657, -6.02031373978, -5.70935297012, -7.27904987335], "mean": [-7.08477163315, -7.62012052536, -8.25415325165, -8.93799686432, -9.063