{"lowlevel": {"average_loudness": 0.533418536186, "barkbands_crest": {"dmean": 2.02892041206, "dmean2": 3.17249631882, "dvar": 4.11574888229, "dvar2": 9.76334285736, "max": 25.9350185394, "mean": 11.6471509933, "median": 10.8728523254, "min": 3.61716151237, "var": 20.0847854614}, "barkbands_flatness_db": {"dmean": 0.0196914486587, "dmean2": 0.0290902741253, "dvar": 0.000547450734302, "dvar2": 0.00114600302186, "max": 0.484136044979, "mean": 0.235029533505, "median": 0.226154014468, "min": 0.0637724995613, "var": 0.0037483307533}, "barkbands_kurtosis": {"dmean": 4.42199516296, "dmean2": 6.72645998001, "dvar": 98.7707214355, "dvar2": 203.666397095, "max": 297.576385498, "mean": 11.3535165787, "median": 6.02381277084, "min": -1.96066963673, "var": 404.541931152}, "barkbands_skewness": {"dmean": 0.548451066017, "dmean2": 0.804353117943, "dvar": 0.519351661205, "dvar2": 1.03028583527, "max": 15.1718587875, "mean": 1.82056963444, "median": 1.60973787308, "min": -7.29981994629, "var": 2.64870786667}, "barkbands_spread": {"dmean": 3.8724861145, "dmean2": 5.84782218933, "dvar": 71.5282287598, "dvar2": 159.050521851, "max": 100.54662323, "mean": 12.9805164337, "median": 8.26692771912, "min": 0.144643545151, "var": 203.285705566}, "dissonance": {"dmean": 0.0281539149582, "dmean2": 0.0452283509076, "dvar": 0.000744574703276, "dvar2": 0.00183925032616, "max": 0.499999970198, "mean": 0.399784177542, "median": 0.409365236759, "min": 0.187039777637, "var": 0.0035681638401}, "dynamic_complexity": 6.00128412247, "erbbands_crest": {"dmean": 2.25331449509, "dmean2": 3.5209479332, "dvar": 5.43871307373, "dvar2": 13.0259933472, "max": 30.5275611877, "mean": 12.4348859787, "median": 11.5040102005, "min": 2.79924225807, "var": 22.3823051453}, "erbbands_flatness_db": {"dmean": 0.0174736306071, "dmean2": 0.0253565683961, "dvar": 0.000417177274358, "dvar2": 0.000883347762283, "max": 0.415686279535, "mean": 0.232693120837, "median": 0.235980451107, "min": 0.0815325155854, "var": 0.00211448059417}, "erbbands_kurtosis": {"dmean": 2.0755610466, "dmean2": 3.09769487381, "dvar": 16.2386417389, "dvar2": 32.2592811584, "max": 92.2715911865, "mean": 4.29970884323, "median": 1.17128968239, "min": -1.86646854877, "var": 69.5184555054}, "erbbands_skewness": {"dmean": 0.437291443348, "dmean2": 0.621822655201, "dvar": 0.298882246017, "dvar2": 0.548606038094, "max": 7.38032054901, "mean": 1.05491602421, "median": 1.01167368889, "min": -6.72811460495, "var": 2.28466153145}, "erbbands_spread": {"dmean": 7.00038051605, "dmean2": 10.6134967804, "dvar": 152.639419556, "dvar2": 366.106384277, "max": 163.229537964, "mean": 28.4076881409, "median": 24.7265987396, "min": 1.04995214939, "var": 422.933105469}, "hfc": {"dmean": 5.38553476334, "dmean2": 6.86185836792, "dvar": 440.044067383, "dvar2": 685.098205566, "max": 857.846130371, "mean": 13.8694448471, "median": 3.35226297379, "min": 1.1740415309e-16, "var": 1244.59960938}, "melbands_crest": {"dmean": 2.44086456299, "dmean2": 3.89300942421, "dvar": 5.69887113571, "dvar2": 14.1114940643, "max": 32.1125564575, "mean": 14.4988412857, "median": 13.9795131683, "min": 2.3323943615, "var": 21.0601997375}, "melbands_flatness_db": {"dmean": 0.0245245806873, "dmean2": 0.0347311496735, "dvar": 0.00095978542231, "dvar2": 0.0018525281921, "max": 0.59282130003, "mean": 0.303505271673, "median": 0.29267925024, "min": 0.00406267074868, "var": 0.00879691448063}, "melbands_kurtosis": {"dmean": 6.60129880905, "dmean2": 9.96875858307, "dvar": 241.883087158, "dvar2": 489.46585083, "max": 699.291015625, "mean": 17.7504730225, "median": 8.9252281189, "min": -1.94217562675, "var": 1501.3236084}, "melbands_skewness": {"dmean": 0.598678946495, "dmean2": 0.890883684158, "dvar": 0.658041119576, "dvar2": 1.39428520203, "max": 18.5733757019, "mean": 2.45090723038, "median": 2.03596591949, "min": -2.15307354927, "var": 3.30198097229}, "melbands_spread": {"dmean": 6.3814535141, "dmean2": 9.17957496643, "dvar": 356.13192749, "dvar2": 652.880310059, "max": 288.526123047, "mean": 18.5931529999, "median": 8.65100479126, "min": 0.341690480709, "var": 1112.69897461}, "pitch_salience": {"dmean": 0.0577206723392, "dmean2": 0.0914650037885, "dvar": 0.00343838450499, "dvar2": 0.00829868391156, "max": 0.867045521736, "mean": 0.556602835655, "median": 0.567110657692, "min": 0.0314075984061, "var": 0.0163687579334}, "silence_rate_20dB": {"dmean": 0, "dmean2": 0, "dvar": 0, "dvar2": 0, "max": 1, "mean": 1, "median": 1, "min": 1, "var": 0}, "silence_rate_30dB": {"dmean": 0.00252565112896, "dmean2": 0.00505209993571, "dvar": 0.00251942803152, "dvar2": 0.00597393140197, "max": 1, "mean": 0.997316896915, "median": 1, "min": 0, "var": 0.00267616612837}, "silence_rate_60dB": {"dmean": 0.0558800324798, "dmean2": 0.111777707934, "dvar": 0.0527560040355, "dvar2": 0.111284509301, "max": 1, "mean": 0.317708343267, "median": 0, "min": 0, "var": 0.216781497002}, "spectral_centroid": {"dmean": 196.521118164, "dmean2": 266.553466797, "dvar": 181713.734375, "dvar2": 288603.03125, "max": 11271.3505859, "mean": 978.613342285, "median": 637.959960938, "min": 165.644897461, "var": 872722.9375}, "spectral_complexity": {"dmean": 1.65872144699, "dmean2": 2.41269350052, "dvar": 5.71300029755, "dvar2": 9.09432601929, "max": 44, "mean": 9.54561233521, "median": 7, "min": 0, "var": 47.3895645142}, "spectral_decrease": {"dmean": 8.76832273455e-10, "dmean2": 1.13241671595e-09, "dvar": 3.0395272732e-18, "dvar2": 5.07849894542e-18, "max": 1.18126461749e-29, "mean": -3.15697046283e-09, "median": -1.75862135965e-09, "min": -4.9567940863e-08, "var": 1.46070368533e-17}, "spectral_energy": {"dmean": 0.00370544055477, "dmean2": 0.00479108095169, "dvar": 5.34556420462e-05, "dvar2": 9.02390311239e-05, "max": 0.202141091228, "mean": 0.0131731471047, "median": 0.00738061405718, "min": 1.06043157046e-20, "var": 0.00025439253659}, "spectral_energyband_high": {"dmean": 0.000342090439517, "dmean2": 0.000452299311291, "dvar": 4.91080982101e-06, "dvar2": 7.62803347243e-06, "max": 0.0897209271789, "mean": 0.000543933943845, "median": 1.49560491991e-05, "min": 7.75680864603e-21, "var": 1.23862646433e-05}, "spectral_energyband_low": {"dmean": 0.000705063692294, "dmean2": 0.00106562394649, "dvar": 1.46872946516e-06, "dvar2": 3.34280821335e-06, "max": 0.0387029871345, "mean": 0.00179300527088, "median": 0.00067099876469, "min": 4.01385365895e-23, "var": 8.39246331452e-06}, "spectral_energyband_middle_high": {"dmean": 0.000902627012692, "dmean2": 0.00112954131328, "dvar": 5.4678230299e-06, "dvar2": 8.89167768037e-06, "max": 0.067068554461, "mean": 0.00267278775573, "median": 0.000302299507894, "min": 1.51107702363e-21, "var": 2.54121532635e-05}, "spectral_energyband_middle_low": {"dmean": 0.00279975542799, "dmean2": 0.00371438870206, "dvar": 3.51369853888e-05, "dvar2": 6.18222547928e-05, "max": 0.172169432044, "mean": 0.00891313422471, "median": 0.00500985886902, "min": 3.87362789014e-22, "var": 0.000135105932713}, "spectral_entropy": {"dmean": 0.220857933164, "dmean2": 0.322100281715, "dvar": 0.0842407718301, "dvar2": 0.171747654676, "max": 9.78256988525, "mean": 6.50683355331, "median": 6.61254739761, "min": 4.06551170349, "var": 0.621624708176}, "spectral_flux": {"dmean": 0.0147386435419, "dmean2": 0.0227205902338, "dvar": 0.000356941658538, "dvar2": 0.000828188669402, "max": 0.300542473793, "mean": 0.0433396138251, "median": 0.0318258702755, "min": 1.02977258665e-10, "var": 0.0015966608189}, "spectral_kurtosis": {"dmean": 4.74644517899, "dmean2": 7.83729314804, "dvar": 31.8020000458, "dvar2": 75.8062057495, "max": 93.0124511719, "mean": 12.7784519196, "median": 8.34662628174, "min": -1.35221290588, "var": 151.667175293}, "spectral_rms": {"dmean": 0.00043621804798, "dmean2": 0.000555960345082, "dvar": 3.56277752189e-07, "dvar2": 5.429075145e-07, "max": 0.0140431765467, "mean": 0.00304506998509, "median": 0.00268339319155, "min": 3.21646919169e-12, "var": 3.57938347406e-06}, "spectral_rolloff": {"dmean": 356.321777344, "dmean2": 581.696533203, "dvar": 1156617, "dvar2": 2208325.25, "max": 18927.6855469, "mean": 1272.14880371, "median": 538.330078125, "min": 107.666015625, "var": 3548858.75}, "spectral_skewness": {"dmean": 0.47041246295, "dmean2": 0.736018538475, "dvar": 0.268874853849, "dvar2": 0.588954091072, "max": 8.05541706085, "mean": 2.40104603767, "median": 1.99393236637, "min": -0.877863824368, "var": 2.09883856773}, "spectral_spread": {"dmean": 516781.15625, "dmean2": 749981.3125, "dvar": 841238315008, "dvar2": 1300018102270.0, "max": 40204264, "mean": 3383206.5, "median": 2821295.5, "min": 1165716.5, "var": 3811265478660.0}, "spectral_strongpeak": {"dmean": 0.386086910963, "dmean2": 0.620733380318, "dvar": 0.80853587389, "dvar2": 1.8576682806, "max": 18.4631633759, "mean": 0.886718809605, "median": 0.438278377056, "min": 0, "var": 1.5349047184}, "zerocrossingrate": {"dmean": 0.00898815132678, "dmean2": 0.00950267445296, "dvar": 0.000419769756263, "dvar2": 0.000334035838023, "max": 0.50439453125, "mean": 0.0421507880092, "median": 0.02685546875, "min": 0.0048828125, "var": 0.00299218227156}, "barkbands": {"dmean": [1.09387542579e-07, 4.82091927552e-05, 0.00044970883755, 0.000448431179393, 0.000613206299022, 0.000695884693414, 0.00058354169596, 0.00122193899006, 0.000666633306537, 0.000141007680213, 0.00010534744797, 0.000118718169688, 0.000182500923984, 9.30518290261e-05, 7.42710908526e-05, 5.19419481861e-05, 0.000138487375807, 0.000321207364323, 0.000135030655656, 3.5033266613e-05, 2.83222452708e-05, 6.77304997225e-05, 5.2232768212e-05, 8.76299236552e-05, 0.000117408417282, 8.88609065441e-06, 2.74677933731e-08], "dmean2": [1.86574581562e-07, 8.78004721017e-05, 0.000672576250508, 0.000684708997142, 0.000868081231602, 0.000990168889984, 0.000826108502224, 0.0017158355331, 0.000957409909461, 0.000188282341696, 0.000152161708684, 0.000167300269823, 0.000257932813838, 0.000133840061608, 0.000101085541246, 7.09825762897e-05, 0.000192918421817, 0.000433607317973, 0.000187171885045, 5.26690273546e-05, 4.33722416346e-05, 0.000102299331047, 7.82550487202e-05, 0.000123051198898, 0.000150903710164, 1.16690862342e-05, 4.40596394924e-08], "dvar": [7.79801028437e-14, 5.83428239054e-09, 7.50435617647e-07, 5.37949574664e-07, 2.07711332223e-06, 1.6757433059e-06, 2.98007103083e-06, 1.61478546943e-05, 7.89033583715e-06, 3.03782599076e-07, 1.55420352144e-07, 2.62010416918e-07, 4.94388416428e-07, 1.88286122693e-07, 8.56550599337e-08, 4.2184463922e-08, 2.34055860915e-07, 1.16133060146e-06, 2.41512339016e-07, 3.63468082298e-08, 3.22897797389e-08, 1.92652990449e-07, 1.37329806194e-07, 4.77018602396e-07, 1.45321484979e-06, 7.08166725261e-09, 3.99565939417e-14], "dvar2": [1.89111421835e-13, 1.81421402345e-08, 1.52006293774e-06, 1.33883395392e-06, 3.78911136067e-06, 3.52722531716e-06, 6.32415776636e-06, 2.90807965939e-05, 1.83227839443e-05, 4.22023106239e-07, 3.40219173722e-07, 5.51525033643e-07, 1.12188672574e-06, 4.16672151005e-07, 1.61225031547e-07, 8.04973296908e-08, 4.6144037924e-07, 2.0990144094e-06, 4.44478814643e-07, 7.60045395509e-08, 6.49628830729e-08, 4.5025561235e-07, 3.43859909435e-07, 7.62439981372e-07, 2.23802544497e-06, 1.2904633806e-08, 7.98907448985e-14], "max": [1.04426135294e-05, 0.00115986960009, 0.0306861903518, 0.0107938572764, 0.0341028906405, 0.0363267958164, 0.0336157605052, 0.117192476988, 0.0827073603868, 0.0288709904999, 0.0129992067814, 0.0167982243001, 0.0208286065608, 0.0123713649809, 0.00708172284067, 0.00727889547125, 0.0136117031798, 0.0414906479418, 0.0218421556056, 0.00723434332758, 0.00712681747973, 0.0135670462623, 0.014921233058, 0.0260076168925, 0.0637129247189, 0.00413635466248, 7.90619014879e-06], "mean": [1.29119385406e-07, 0.000113535905257, 0.00101680890657, 0.00103419495281, 0.00151814660057, 0.00180763332173, 0.00104301201645, 0.002168223029, 0.00116405473091, 0.000327485671733, 0.000207393386518, 0.000199972026167, 0.000298769416986, 0.000142508681165, 0.00014030035527, 0.000100038538221, 0.000268331088591, 0.0007377123693, 0.00031953305006, 6.32994924672e-05, 3.66130007023e-05, 8.52459852467e-05, 7.0117523137e-05, 0.00013355613919, 0.000164242344908, 1.22302008094e-05, 4.38089990951e-08], "median": [7.28035018938e-08, 0.000100757773907, 0.000254522135947, 0.000401659519412, 0.000701104057953, 0.00103065394796, 0.000104916471173, 0.000104669627035, 6.5958032792e-05, 4.1994782805e-05, 1.26299401018e-05, 7.67765050114e-06, 1.20663680718e-05, 6.28528914604e-06, 6.25103348284e-06, 4.60818228021e-06, 5.69959229324e-06, 1.60630370374e-05, 1.01578571048e-05, 5.32982085133e-06, 2.04216394195e-06, 1.71686679096e-06, 1.53676569425e-06, 6.88135742166e-07, 2.52996130712e-07, 9.18489178048e-08, 2.20752660596e-08], "min": [7.72358171742e-24, 1.10951858481e-23, 2.05364569664e-23, 6.90578302761e-24, 2.0566001385e-23, 1.46093265736e-22, 6.60452209662e-23, 3.99619074774e-23, 8.86786248354e-23, 5.55012682417e-23, 8.95153222659e-23, 7.44833568359e-23, 1.1476411558e-22, 1.58502956543e-22, 1.31688350063e-22, 1.24268728285e-22, 1.60274712893e-22, 2.06933639248e-22, 2.61299963839e-22, 3.61594477151e-22, 4.77783389122e-22, 4.59144006949e-22, 6.09088264433e-22, 8.1002762103e-22, 1.20178185355e-21, 1.65527958542e-21, 2.51999059001e-21], "var": [7.50842530511e-14, 5.6414268812e-09, 5.02808597957e-06, 1.91808294403e-06, 6.01575038672e-06, 5.57169914828e-06, 6.39786730972e-06, 4.23397978011e-05, 1.37665319926e-05, 1.48865126448e-06, 4.11850436421e-07, 5.57271789603e-07, 9.30495332341e-07, 3.24352129155e-07, 2.6840513101e-07, 1.2565865859e-07, 6.67773406349e-07, 3.45297758031e-06, 9.64712285167e-07, 7.76324355911e-08, 4.87857825249e-08, 2.69080231874e-07, 1.80908770631e-07, 1.18419404771e-06, 3.25680480273e-06, 1.39252458453e-08, 7.16202067813e-14]}, "erbbands": {"dmean": [0.000259927997831, 0.0181593373418, 0.330252319574, 1.21713209152, 1.60725879669, 2.20509505272, 4.80074262619, 4.92604780197, 7.54890441895, 11.0461645126, 31.0364818573, 14.1531677246, 5.36684703827, 3.27915072441, 4.86461639404, 3.94572615623, 8.82843017578, 4.66267442703, 4.31197166443, 3.37897968292, 2.70162391663, 7.33823919296, 16.1503295898, 12.03033638, 2.92785072327, 1.58082032204, 1.2741959095, 1.33836698532, 2.54119777679, 1.54948759079, 1.78637266159, 1.67848801613, 1.61536419392, 1.7622166872, 0.563418626785, 0.0966750532389, 0.00867479946464, 0.000300899875583, 1.91376875591e-05, 7.02901434124e-06], "dmean2": [0.000444944802439, 0.0318173803389, 0.509298861027, 1.81540203094, 2.3214867115, 3.18714690208, 6.90061759949, 6.9430770874, 10.6988792419, 15.7194900513, 42.717540741, 19.6404762268, 6.85478258133, 4.46488237381, 6.9304189682, 5.43552303314, 12.5783901215, 6.41522550583, 5.53286075592, 4.4470949173, 3.542999506, 9.64242458344, 21.5410022736, 16.268901825, 3.99344444275, 2.34412121773, 1.8670604229, 1.9830006361, 3.76471161842, 2.33135962486, 2.71238565445, 2.31167769432, 2.19057273865, 2.28676652908, 0.781675159931, 0.129722759128, 0.0110169490799, 0.000374196271878, 2.43828071689e-05, 9.04421176529e-06], "dvar": [1.42782241142e-07, 0.000825660885312, 0.36620503664, 3.99506115913, 16.6399288177, 47.2434501648, 68.8099594116, 135.987731934, 520.289367676, 1324.09716797, 13058.2910156, 2831.54589844, 433.004302979, 88.0169754028, 410.874237061, 268.653533936, 1283.04772949, 263.511901855, 375.756439209, 168.888977051, 115.355873108, 645.270629883, 3117.6887207, 1641.74902344, 138.633224487, 78.586517334, 56.3411598206, 84.5540542603, 281.562164307, 102.728897095, 176.373245239, 148.99760437, 175.571609497, 347.051452637, 42.2803421021, 1.36171710491, 0.00536412606016, 6.06232515565e-06, 2.27251462093e-08, 8.05890354449e-10], "dvar2": [4.03266540161e-07, 0.00238095456734, 0.768717825413, 9.90590190887, 32.8855514526, 84.0398635864, 160.908218384, 267.443145752, 1153.72546387, 2903.1887207, 23058.9375, 6012.52685547, 585.829284668, 169.027770996, 946.392578125, 546.514831543, 3028.07641602, 537.529052734, 656.128662109, 296.728118896, 199.272415161, 1194.73510742, 5676.54003906, 2920.96582031, 281.78527832, 165.433746338, 117.546012878, 175.404937744, 650.036682129, 253.36869812, 443.716339111, 245.227813721, 281.236633301, 543.159545898, 91.4378051758, 2.9090795517, 0.00891495402902, 9.18595378607e-06, 3.33333360913e-08, 1.23193788504e-09], "max": [0.00761923287064, 0.501993179321, 20.6654109955, 48.0277442932, 112.350837708, 196.377319336, 120.732711792, 448.124755859, 479.226593018, 850.115783691, 3636.99414062, 1349.92382812, 1106.36828613, 241.485443115, 778.970581055, 564.818237305, 1104.1541748, 395.472961426, 697.792419434, 337.850372314, 371.450378418, 706.172729492, 2299.37133789, 1399.51208496, 588.933227539, 389.098602295, 337.664764404, 380.017883301, 481.804229736, 377.597930908, 535.48651123, 553.973999023, 442.394012451, 1154.00671387, 262.561065674, 69.6435165405, 3.04733920097, 0.115611374378, 0.00760651519522, 0.0012907225173], "mean": [0.000896691228263, 0.0461244396865, 0.763104438782, 3.0401570797, 4.04085731506, 4.857629776, 12.4883289337, 12.4513998032, 15.1795854568, 19.9413852692, 56.0609817505, 26.6519680023, 13.452709198, 7.6301984787, 9.77124977112, 7.65585231781, 14.3082942963, 8.39478302002, 7.39298439026, 7.47919130325, 5.91849851608, 16.0917434692, 37.45703125, 30.0779342651, 7.36552715302, 2.92369794846, 2.14385843277, 1.58424651623, 3.07957339287, 2.04601144791, 2.3910009861, 2.54293370247, 2.35853862762, 2.45346498489, 0.73411488533, 0.125882357359, 0.012413517572, 0.000470398925245, 3.5143813875e-05, 1.99611749849e-05], "median": [0.000742519041523, 0.0339604914188, 0.251284122467, 1.18870520592, 1.52204251289, 2.14594244957, 6.98755836487, 7.11162471771, 2.82548284531, 1.38010191917, 3.70950222015, 1.74444627762, 1.08855378628, 1.12635087967, 0.453518539667, 0.378643274307, 0.596752643585, 0.443387150764, 0.308411091566, 0.399966329336, 0.300054103136, 0.388245642185, 0.927344739437, 0.66410946846, 0.439701795578, 0.292238175869, 0.149359852076, 0.0637943446636, 0.0643922463059, 0.0532874241471, 0.0450161024928, 0.0207007937133, 0.00913137756288, 0.00407117744908, 0.00127770192921, 0.000484943273477, 0.000158305076184, 4.42765085609e-05, 7.56520967116e-06, 9.09367918212e-06], "min": [7.29563707723e-22, 1.36065465333e-21, 1.96199502635e-20, 1.95613270688e-20, 2.80074211187e-20, 1.02881687286e-19, 4.05516118769e-19, 1.42926925041e-18, 9.54340192989e-19, 1.08906444352e-18, 1.37903095289e-18, 1.92425619691e-18, 1.27565188449e-18, 2.20252575203e-18, 3.23136638048e-18, 4.2422160374e-18, 4.81097384607e-18, 8.25826931481e-18, 7.64655849847e-18, 4.88131811254e-18, 8.92584460099e-18, 8.88399008917e-18, 1.28858617686e-17, 7.85554154433e-18, 1.6558592492e-17, 1.71690253142e-17, 1.68583825983e-17, 2.02844108399e-17, 1.44431293605e-17, 2.03350839242e-17, 1.85466003259e-17, 1.65442822674e-17, 1.27649668405e-17, 9.78965277106e-18, 1.09586864513e-17, 6.8330660707e-18, 2.84867519919e-18, 1.21919070723e-18, 3.51796399001e-19, 3.8547673139e-20], "var": [3.8742803099e-07, 0.00186514889356, 2.31646847725, 18.1371593475, 53.5965423584, 104.756256104, 224.552062988, 405.933319092, 1179.95373535, 2797.70581055, 33115.1328125, 6558.46142578, 2206.65161133, 354.259918213, 943.1328125, 670.077270508, 2217.0715332, 610.041259766, 865.025146484, 743.925598145, 384.333496094, 2114.68359375, 9056.06347656, 6318.02197266, 488.474975586, 168.757522583, 86.8362121582, 126.620613098, 380.345916748, 137.767745972, 230.8800354, 377.949310303, 400.776519775, 754.9140625, 65.8637390137, 1.99467587471, 0.0125643219799, 1.54903555085e-05, 5.80049395182e-08, 2.18522488993e-09]}, "gfcc": {"mean": [-131.713439941, 131.364212036, -99.9302520752, 23.4858493805, -64.7009811401, -12.2234926224, -44.1135635376, -1.10002279282, -25.1136856079, -12.4539337158, -10.4378509521, -7.93724107742, -16.4853115082], "cov": [[11202.0117188, -1142.19799805, -4397.09179688, 719.942077637, -1080.33105469, -530.649658203, -388.103973389, 702.66027832, 166.307281494, -940.823120117, 648.037963867, -556.469726562, -779.195983887], [-1142.19799805, 1662.41259766, -65.3711853027, -694.728027344, 491.213500977, -341.762786865, 169.245147705, -118.413642883, 44.5567741394, -129.967208862, 45.2701416016, -23.0689296722, -12.787270546], [-4397.09179688, -65.3711853027, 2485.28393555, -169.794204712, 152.173492432, 464.243804932, 44.3043899536, -360.467834473, -173.321609497, 469.899536133, -346.500915527, 282.018463135, 372.968536377], [719.942077637, -694.728027344, -169.794204712, 657.900878906, -94.5121383667, -28.4865322113, -133.661499023, 17.589214325, 31.2075614929, -3.24304580688, -22.6574554443, 11.1022872925, 8.38388538361], [-1080.33105469, 491.213500977, 152.173492432, -94.5121383667, 494.870361328, -115.97202301, -81.4474334717, -51.7965965271, 74.4028778076, 23.1059513092, -60.8305740356, 12.6743650436, 49.3398780823], [-530.649658203, -341.762786865, 464.243804932, -28.4865322113, -115.97202301, 370.897155762, 18.8194732666, -50.8214302063, -53.7793617249, 131.237640381, -60.54322052, 23.6469707489, 42.7644767761], [-388.103973389, 169.245147705, 44.3043899536, -133.661499023, -81.4474334717, 18.8194732666, 344.408477783, 20.3364315033, -115.685050964, 0.358200281858, 2.07629942894, 26.3079414368, -12.7088308334], [702.66027832, -118.413642883, -360.467834473, 17.589214325, -51.7965965271, -50.8214302063, 20.3364315033, 241.443878174, 46.616065979, -104.680976868, 79.6267623901, -33.8573913574, -96.6630249023], [166.307281494, 44.5567741394, -173.321609497, 31.2075614929, 74.4028778076, -53.7793617249, -115.685050964, 46.616065979, 174.102600098, -23.6526565552, 7.34094572067, -24.946762085, -18.2831115723], [-940.823120117, -129.967208862, 469.899536133, -3.24304580688, 23.1059513092, 131.237640381, 0.358200281858, -104.680976868, -23.6526565552, 211.49180603, -79.784538269, 37.8259658813, 98.3672943115], [648.037963867, 45.2701416016, -346.500915527, -22.6574554443, -60.8305740356, -60.54322052, 2.07629942894, 79.6267623901, 7.34094572067, -79.784538269, 169.297180176, -31.773607254, -111.489303589], [-556.469726562, -23.0689296722, 282.018463135, 11.1022872925, 12.6743650436, 23.6469707489, 26.3079414368, -33.8573913574, -24.946762085, 37.8259658813, -31.773607254, 134.016372681, 69.3092041016], [-779.195983887, -12.787270546, 372.968536377, 8.38388538361, 49.3398780823, 42.7644767761, -12.7088308334, -96.6630249023, -18.2831115723, 98.3672943115, -111.489303589, 69.3092041016, 178.478927612]], "icov": [[0.000977729680017, -0.000134991525556, 0.00147338001989, -0.000265590671916, 0.00175380462315, -0.000257626641542, 0.0017466195859, -0.00030834012432, 0.00122081057634, 0.000832496152725, 0.000887297093868, 0.000162234253366, 0.000884171458893], [-0.000134991525556, 0.00509153772146, -0.000819433480501, 0.00420648232102, -0.00359994731843, 0.00333720003255, -0.00328678800724, 0.00444979267195, -0.00280475826003, 0.00383178470656, -0.00246708816849, 0.00146194593981, -0.000846248411108], [0.00147338001989, -0.000819433480501, 0.00360455340706, -0.000563145847991, 0.00275473343208, -0.00156195648015, 0.00330493343063, -0.000724281475414, 0.00291922246106, -0.000616388977505, 0.00276617729105, -0.00170456746127, 0.00135211960878], [-0.000265590671916, 0.00420648232102, -0.000563145847991, 0.00545477075502, -0.00264900107868, 0.00308101414703, -0.00192678603344, 0.00347298989072, -0.00213462533429, 0.0023850616999, -0.00104480446316, 0.000247919961112, -0.000481825030874], [0.00175380462315, -0.00359994731843, 0.00275473343208, -0.00264900107868, 0.00829693488777, -0.00121670006774, 0.00569955445826, -0.00322368578054, 0.00297371135093, -0.0014040361857, 0.00417221616954, -0.000713143555913, 0.00238601933233], [-0.000257626641542, 0.00333720003255, -0.00156195648015, 0.00308101414703, -0.00121670006774, 0.00697095878422, -0.0019842220936, 0.00240319594741, -0.00163925124798, 0.000390549888834, -0.000822746253107, 0.00150937703438, 0.000576752529014], [0.0017466195859, -0.00328678800724, 0.00330493343063, -0.00192678603344, 0.00569955445826, -0.0019842220936, 0.00956454500556, -0.00421077013016, 0.00685318233445, -0.00175386760384, 0.00444037932903, -0.00201890501194, 0.003100753529], [-0.00030834012432, 0.00444979267195, -0.000724281475414, 0.00347298989072, -0.00322368578054, 0.00240319594741, -0.00421077013016, 0.0104810679331, -0.0046959570609, 0.00498624425381, -0.00317594292574, 0.000786036544014, 0.000496751745231], [0.00122081057634, -0.00280475826003, 0.00291922246106, -0.00213462533429, 0.00297371135093, -0.00163925124798, 0.00685318233445, -0.0046959570609, 0.0121872825548, -0.00239247060381, 0.00386115349829, -0.00110577908345, 0.00205253204331], [0.000832496152725, 0.00383178470656, -0.000616388977505, 0.0023850616999, -0.0014040361857, 0.000390549888834, -0.00175386760384, 0.00498624425381, -0.00239247060381, 0.0141556989402, -0.00230459612794, 0.00336406589486, -0.00283762160689], [0.000887297093868, -0.00246708816849, 0.00276617729105, -0.00104480446316, 0.00417221616954, -0.000822746253107, 0.00444037932903, -0.00317594292574, 0.00386115349829, -0.00230459612794, 0.014489883557, -0.00358306593262, 0.00771381892264], [0.000162234253366, 0.00146194593981, -0.00170456746127, 0.000247919961112, -0.000713143555913, 0.00150937703438, -0.00201890501194, 0.000786036544014, -0.00110577908345, 0.00336406589486, -0.00358306593262, 0.012766241096, -0.00468225125223], [0.000884171458893, -0.000846248411108, 0.00135211960878, -0.000481825030874, 0.00238601933233, 0.000576752529014, 0.003100753529, 0.000496751745231, 0.00205253204331, -0.00283762160689, 0.00771381892264, -0.00468225125223, 0.0147024886683]]}, "melbands": {"dmean": [6.83927009959e-06, 0.000126758750412, 0.000213288003579, 0.000130931672174, 0.000146234073327, 0.00011752510909, 0.000116371353215, 0.000139003954246, 0.000264999980573, 7.50704566599e-05, 2.65902108367e-05, 1.32934728754e-05, 1.47420314534e-05, 1.48145463754e-05, 1.12778161565e-05, 2.04318002943e-05, 8.41772089188e-06, 7.82698680268e-06, 4.73822046843e-06, 4.2448732529e-06, 3.16126488542e-06, 6.48269679004e-06, 1.34624433485e-05, 1.69091290445e-05, 1.00543547887e-05, 3.39820689987e-06, 1.08507811092e-06, 1.19730498227e-06, 9.80082404567e-07, 6.23035191438e-07, 7.92174830622e-07, 1.36228163683e-06, 1.49237860114e-06, 6.33831973573e-07, 9.77651097855e-07, 1.18328307508e-06, 1.08252299924e-06, 1.06631762264e-06, 1.51408164584e-06, 1.54430733801e-06], "dmean2": [1.24097196021e-05, 0.000195397486095, 0.000315041135764, 0.000188588906894, 0.000209038276807, 0.00016568909632, 0.00016416994913, 0.00019832480757, 0.000364690757124, 0.000105830316897, 3.43320789398e-05, 1.85340850294e-05, 2.09296431422e-05, 2.12129307329e-05, 1.5881490981e-05, 2.91869328066e-05, 1.17736926768e-05, 1.04043274405e-05, 6.32408728052e-06, 5.83587734582e-06, 4.2928008952e-06, 8.74843226484e-06, 1.87582918443e-05, 2.24301056733e-05, 1.40403999467e-05, 4.68512280349e-06, 1.63880429227e-06, 1.82688995665e-06, 1.46105730892e-06, 9.50735397964e-07, 1.17709635106e-06, 2.02860383069e-06, 2.31233889281e-06, 9.65258777796e-07, 1.5166541516e-06, 1.69929535332e-06, 1.51757274125e-06, 1.51888968958e-06, 2.07254242923e-06, 2.12571740121e-06], "dvar": [1.14740883461e-10, 5.38905595704e-08, 1.07538994598e-07, 1.25608096369e-07, 5.82467514221e-08, 6.4499971586e-08, 1.14260515716e-07, 2.00421084173e-07, 1.07676930838e-06, 8.06438507084e-08, 1.11202673736e-08, 1.56806923002e-09, 3.42413031262e-09, 4.64705918191e-09, 1.45448175726e-09, 7.18345116724e-09, 1.10598930014e-09, 1.44870160312e-09, 3.37160716013e-10, 2.7115751311e-10, 1.69331632049e-10, 5.89522985983e-10, 2.03793559805e-09, 3.42802830566e-09, 1.27003807471e-09, 1.45011835873e-10, 6.21059523254e-11, 5.31355549838e-11, 3.1956156471e-11, 1.84935053382e-11, 2.99749079724e-11, 7.69862229522e-11, 1.12004988617e-10, 1.6426391497e-11, 5.93864610265e-11, 5.51484899414e-11, 8.1650831929e-11, 8.02079930251e-11, 2.19968349091e-10, 3.12049497353e-10], "dvar2": [3.55147244946e-10, 1.12501147953e-07, 2.59580900774e-07, 2.28780365319e-07, 1.31041062446e-07, 1.30946446575e-07, 2.45047715453e-07, 4.24630002271e-07, 1.92594688997e-06, 1.76199591806e-07, 1.54654209439e-08, 3.02737590552e-09, 7.58813900603e-09, 9.98955318465e-09, 3.18554516099e-09, 1.65345817038e-08, 2.33698038699e-09, 2.71176925359e-09, 5.87998538748e-10, 5.19682685773e-10, 2.96203478412e-10, 1.09748643506e-09, 4.11557676827e-09, 6.10205530549e-09, 2.38340369663e-09, 2.5414320648e-10, 1.58881227619e-10, 1.25326138356e-10, 6.90488707877e-11, 3.80840949055e-11, 6.35786839842e-11, 1.71945138683e-10, 2.81388218282e-10, 4.11871717287e-11, 1.55243151667e-10, 1.21222740179e-10, 1.37876834949e-10, 1.39942640809e-10, 3.92375382186e-10, 5.35868571738e-10], "max": [0.000166755984537, 0.00801079161465, 0.00686510186642, 0.00895078852773, 0.0037159412168, 0.00870732031763, 0.00632367748767, 0.0101412096992, 0.0329076536, 0.00687594944611, 0.00546863349155, 0.00120465469081, 0.00202066008933, 0.00246059009805, 0.000945637701079, 0.00240384927019, 0.000865703332238, 0.00144121074118, 0.000629070622381, 0.000364430045011, 0.000477591063827, 0.000674442504533, 0.00137229484972, 0.00220066052862, 0.0013549127616, 0.000411617918871, 0.000475311710034, 0.00030338295619, 0.000229483121075, 0.000179103488335, 0.000208454381209, 0.00022756960243, 0.00039819747326, 0.000144232806633, 0.000322413718095, 0.00025383773027, 0.000493117666338, 0.000299809733406, 0.000716352427844, 0.00108860258479], "mean": [1.79884991667e-05, 0.00029653790989, 0.000544069218449, 0.00030436067027, 0.000387359817978, 0.000300375191728, 0.000228164921282, 0.000247930613114, 0.000468741374789, 0.000141603988595, 6.29624410067e-05, 2.91364813165e-05, 3.01772579405e-05, 2.54438873526e-05, 2.02072351385e-05, 3.17589692713e-05, 1.37720171551e-05, 1.22520050354e-05, 9.47767784965e-06, 9.03062027646e-06, 6.34064826954e-06, 1.32514587676e-05, 2.77664094028e-05, 3.88466360164e-05, 2.37252952502e-05, 8.68330789672e-06, 1.72804277554e-06, 1.99124588107e-06, 1.71522822257e-06, 7.3169104553e-07, 8.99413407751e-07, 1.62040362284e-06, 1.86775139355e-06, 7.97251573204e-07, 1.23961729059e-06, 1.62303479101e-06, 1.5845590724e-06, 1.49363279434e-06, 2.09644940696e-06, 2.09810718843e-06], "median": [1.62121468748e-05, 9.71752087935e-05, 0.000271148514003, 0.000112501795229, 0.000224759613047, 0.000170497849467, 3.59502919309e-05, 1.32299664983e-05, 3.27588859363e-05, 8.25283586892e-06, 4.96227221447e-06, 4.29873853136e-06, 1.57856538863e-06, 9.71695044427e-07, 7.99117117367e-07, 1.31746492116e-06, 6.54879727335e-07, 4.38017821125e-07, 4.86007934342e-07, 4.22118148435e-07, 3.05352131136e-07, 2.99172597806e-07, 5.8949490267e-07, 6.64214894641e-07, 4.93285369885e-07, 2.95806700024e-07, 1.93779811752e-07, 1.39284480838e-07, 9.79487282393e-08, 3.48133113448e-08, 2.09391242123e-08, 2.84601746614e-08, 3.35325260892e-08, 2.18737810087e-08, 2.44074414013e-08, 1.99812788537e-08, 7.90894461034e-09, 5.71118441428e-09, 4.49876935704e-09, 2.30956587188e-09], "min": [4.94103974618e-24, 7.15732868218e-24, 4.01431395929e-24, 4.33977903612e-24, 1.23730955495e-23, 3.0613126356e-23, 1.54336092268e-23, 1.15005073144e-23, 1.49135353201e-23, 1.04023261596e-23, 6.17473931586e-24, 8.47829677836e-24, 1.29991663295e-23, 6.87528014299e-24, 1.39796328711e-23, 1.04344667195e-23, 1.5688321369e-23, 1.15630008753e-23, 9.26756789125e-24, 5.83726225402e-24, 1.19470680622e-23, 9.46905243278e-24, 8.84553913987e-24, 1.0752912512e-23, 5.17797490793e-24, 1.21947001778e-23, 1.04927233085e-23, 1.16267566136e-23, 1.07571786717e-23, 9.81909999314e-24, 1.26768858841e-23, 7.09402180568e-24, 1.01455511461e-23, 1.08759669246e-23, 1.04988148924e-23, 1.1306190363e-23, 9.14353213568e-24, 1.00263968618e-23, 6.82556770647e-24, 8.68779456896e-24], "var": [1.14227238779e-10, 3.45992390294e-07, 4.54503748415e-07, 3.27748523432e-07, 1.99242336407e-07, 1.97059819129e-07, 2.73002854101e-07, 4.50194448831e-07, 2.53956045526e-06, 1.95603249153e-07, 5.37106430443e-08, 5.85392090358e-09, 8.89875817478e-09, 8.77735484295e-09, 3.52471207776e-09, 1.25188579503e-08, 2.32071162287e-09, 2.94934210388e-09, 1.18924980974e-09, 1.02203157049e-09, 5.03572239463e-10, 1.8416337344e-09, 5.1840829407e-09, 1.05002611051e-08, 4.49713244421e-09, 7.03072544628e-10, 9.36803065676e-11, 8.85242781856e-11, 4.87935421234e-11, 2.59909004041e-11, 4.39226086058e-11, 1.11044069773e-10, 1.32925281893e-10, 2.09807813484e-11, 6.48896283928e-11, 1.1364801461e-10, 1.84698173422e-10, 1.62505633949e-10, 4.15875889281e-10, 6.34588659398e-10]}, "mfcc": {"mean": [-780.239135742, 160.170959473, 16.9090976715, 29.7235660553, 2.08103752136, -12.1968822479, -9.19650554657, 1.43403422832, -16.9459114075, -2.92955470085, -2.04439067841, -6.08090114594, -9.06222057343], "cov": [[13627.8847656, -2053.99169922, -3469.80102539, -98.1278533936, -777.309570312, -1623.90405273, -522.608764648, 903.803466797, -1113.09350586, 211.807556152, 576.479980469, 288.542724609, -210.290176392], [-2053.99169922, 2275.26245117, -281.866668701, -235.146591187, 56.0886192322, -75.0699768066, 84.1374969482, -11.3126716614, 12.610408783, -45.8944549561, -47.4630317688, -44.3038978577, -20.2835922241], [-3469.80102539, -281.866668701, 1826.5222168, -104.784790039, 54.1295318604, 637.766662598, 183.656188965, -342.315460205, 336.25189209, -135.946380615, -164.563674927, -111.499130249, 42.3180656433], [-98.1278533936, -235.146591187, -104.784790039, 493.259124756, 103.564109802, -11.8011579514, -79.5217819214, -9.11042308807, 22.0697307587, -29.2805347443, -88.4829788208, -25.5841236115, 60.3867835999], [-777.309570312, 56.0886192322, 54.1295318604, 103.564109802, 553.671325684, 59.9186134338, -204.481262207, -93.4505310059, 74.8674087524, 15.1559305191, -72.670753479, 7.43786811829, 25.7167568207], [-1623.90405273, -75.0699768066, 637.766662598, -11.8011579514, 59.9186134338, 466.205291748, 80.1888504028, -230.940032959, 182.71862793, -49.4620666504, -101.051925659, -49.7930984497, -1.32336139679], [-522.608764648, 84.1374969482, 183.656188965, -79.5217819214, -204.481262207, 80.1888504028, 290.672851562, 4.82327842712, 6.41688585281, -11.9363880157, 15.7058973312, -0.657014369965, -14.9252281189], [903.803466797, -11.3126716614, -342.315460205, -9.11042308807, -93.4505310059, -230.940032959, 4.82327842712, 278.372344971, -100.760002136, 4.74313783646, 64.7974853516, 43.3871994019, 38.7446174622], [-1113.09350586, 12.610408783, 336.25189209, 22.0697307587, 74.8674087524, 182.71862793, 6.41688585281, -100.760002136, 257.067718506, -17.8961639404, -96.5187835693, -38.4089546204, 15.9650382996], [211.807556152, -45.8944549561, -135.946380615, -29.2805347443, 15.1559305191, -49.4620666504, -11.9363880157, 4.74313783646, -17.8961639404, 157.335464478, 39.1743583679, -15.5966367722, -35.4077415466], [576.479980469, -47.4630317688, -164.563674927, -88.4829788208, -72.670753479, -101.051925659, 15.7058973312, 64.7974853516, -96.5187835693, 39.1743583679, 166.149902344, 53.7486305237, -39.1639595032], [288.542724609, -44.3038978577, -111.499130249, -25.5841236115, 7.43786811829, -49.7930984497, -0.657014369965, 43.3871994019, -38.4089546204, -15.5966367722, 53.7486305237, 123.838752747, 13.4813079834], [-210.290176392, -20.2835922241, 42.3180656433, 60.3867835999, 25.7167568207, -1.32336139679, -14.9252281189, 38.7446174622, 15.9650382996, -35.4077415466, -39.1639595032, 13.4813079834, 129.685333252]], "icov": [[0.000658050761558, 0.000786278455053, 0.000977959949523, 0.000717591028661, 0.000757751811761, 0.000678059004713, 0.000897344551049, 3.87366053474e-05, 0.000951605266891, 0.00068854005076, 0.000452859938378, 0.000106218270957, 0.000681692094076], [0.000786278455053, 0.00151061313227, 0.00143133231904, 0.0012893647654, 0.000632100156508, 0.00101077521686, 0.000613843323663, 0.000315172394039, 0.00096975301858, 0.00129204336554, 0.000754087290261, 0.00058416480897, 0.000705646409187], [0.000977959949523, 0.00143133231904, 0.00286558410153, 0.00160113314632, 0.000868059927598, 4.52241192761e-06, 0.000630027090665, 0.000649926776532, 0.000709607556928, 0.00197249278426, 0.000432574481238, 0.00111758615822, 0.000300932384562], [0.000717591028661, 0.0012893647654, 0.00160113314632, 0.00364116812125, 0.000394418369979, 0.000911814393476, 0.000856684870087, 0.000499835528899, 0.000940894940868, 0.00148907024413, 0.00168471655343, 0.000933016766794, -0.000269815733191], [0.000757751811761, 0.000632100156508, 0.000868059927598, 0.000394418369979, 0.00391647173092, 0.000472082843771, 0.00329136778601, 0.000432605214883, 0.000936962314881, -0.000184531818377, 0.00128689268604, -0.00122199242469, 0.000688336964231], [0.000678059004713, 0.00101077521686, 4.52241192761e-06, 0.000911814393476, 0.000472082843771, 0.00684030679986, -0.000401610246627, 0.00317841582, -0.000450990075478, 0.00133487978019, 0.00113004178274, 5.6511908042e-05, 0.000567294016946], [0.000897344551049, 0.000613843323663, 0.000630027090665, 0.000856684870087, 0.00329136778601, -0.000401610246627, 0.00715671759099, -0.00104600400664, 0.00173624930903, 6.20960054221e-05, 0.000769308535382, -0.00104013085365, 0.00156963383779], [3.87366053474e-05, 0.000315172394039, 0.000649926776532, 0.000499835528899, 0.000432605214883, 0.00317841582, -0.00104600400664, 0.00758484564722, -0.000214871644857, 0.000918044825085, -0.000872826029081, 2.84763118543e-05, -0.00276193185709], [0.000951605266891, 0.00096975301858, 0.000709607556928, 0.000940894940868, 0.000936962314881, -0.000450990075478, 0.00173624930903, -0.000214871644857, 0.00797258596867, 3.77415635739e-05, 0.00319002871402, -0.000218421482714, 0.0011135841487], [0.00068854005076, 0.00129204336554, 0.00197249278426, 0.00148907024413, -0.000184531818377, 0.00133487978019, 6.20960054221e-05, 0.000918044825085, 3.77415635739e-05, 0.00923780724406, -0.00165011396166, 0.00289795477875, 0.00148260383867], [0.000452859938378, 0.000754087290261, 0.000432574481238, 0.00168471655343, 0.00128689268604, 0.00113004178274, 0.000769308535382, -0.000872826029081, 0.00319002871402, -0.00165011396166, 0.0118070207536, -0.00404953118414, 0.0031756432727], [0.000106218270957, 0.00058416480897, 0.00111758615822, 0.000933016766794, -0.00122199242469, 5.6511908042e-05, -0.00104013085365, 2.84763118543e-05, -0.000218421482714, 0.00289795477875, -0.00404953118414, 0.0115919997916, -0.00203069392592], [0.000681692094076, 0.000705646409187, 0.000300932384562, -0.000269815733191, 0.000688336964231, 0.000567294016946, 0.00156963383779, -0.00276193185709, 0.0011135841487, 0.00148260383867, 0.0031756432727, -0.00203069392592, 0.0112670809031]]}, "spectral_contrast_coeffs": {"dmean": [0.0396139621735, 0.0404779389501, 0.0350981391966, 0.0312314387411, 0.028391726315, 0.0208284091204], "dmean2": [0.0649051591754, 0.0633058845997, 0.0532925762236, 0.0474199913442, 0.0392353087664, 0.0300260707736], "dvar": [0.00113818654791, 0.00147994747385, 0.00101431156509, 0.00083379278658, 0.000883114582393, 0.000459297385532], "dvar2": [0.00293298414908, 0.00341870472766, 0.00203981879167, 0.00164401251823, 0.00142057251651, 0.000936813768931], "max": [-0.329433083534, -0.31833550334, -0.406168431044, -0.472873240709, -0.482326984406, -0.584103405476], "mean": [-0.578474760056, -0.628773450851, -0.725171089172, -0.746459126472, -0.746819138527, -0.800635755062], "median": [-0.574251949787, -0.630787134171, -0.73401927948, -0.75359582901, -0.760116040707, -0.799928307533], "min": [-0.966342449188, -0.965321779251, -0.947667241096, -0.958369851112, -0.958575248718, -0.958232045174], "var": [0.00575417699292, 0.00717518292367, 0.00739026675001, 0.00660883961245, 0.0108946636319, 0.00263940659352]}, "spectral_contrast_valleys": {"dmean": [0.352199226618, 0.352592200041, 0.360684752464, 0.381646633148, 0.337006658316, 0.315987080336], "dmean2": [0.604957938194, 0.545565545559, 0.547655880451, 0.56508231163, 0.487889975309, 0.443965882063], "dvar": [0.110424458981, 0.133027046919, 0.141736641526, 0.157788261771, 0.152895748615, 0.200983896852], "dvar2": [0.254437714815, 0.253494411707, 0.256966739893, 0.300