{"lowlevel": {"average_loudness": 0.94341981411, "barkbands_crest": {"dmean": 2.01077270508, "dmean2": 3.10952568054, "dvar": 3.9846701622, "dvar2": 9.31376838684, "max": 25.5568580627, "mean": 11.320939064, "median": 10.5895061493, "min": 4.16595745087, "var": 14.831618309}, "barkbands_flatness_db": {"dmean": 0.0189223214984, "dmean2": 0.0276781897992, "dvar": 0.000408415362472, "dvar2": 0.000854509300552, "max": 0.509803652763, "mean": 0.215421870351, "median": 0.20549094677, "min": 0.0600215792656, "var": 0.00441693328321}, "barkbands_kurtosis": {"dmean": 2.68526673317, "dmean2": 4.0173125267, "dvar": 15.7654237747, "dvar2": 33.4963378906, "max": 101.750900269, "mean": 5.68948459625, "median": 4.03240060806, "min": -1.80149519444, "var": 46.1399497986}, "barkbands_skewness": {"dmean": 0.472012937069, "dmean2": 0.693465709686, "dvar": 0.248726412654, "dvar2": 0.531039297581, "max": 7.09676504135, "mean": 1.56253933907, "median": 1.52673268318, "min": -3.77440476418, "var": 0.972302138805}, "barkbands_spread": {"dmean": 1.985419631, "dmean2": 2.99658083916, "dvar": 8.25627422333, "dvar2": 18.620426178, "max": 40.5293884277, "mean": 9.24697780609, "median": 8.34533309937, "min": 0.339880824089, "var": 27.614730835}, "dissonance": {"dmean": 0.0362950451672, "dmean2": 0.0600994490087, "dvar": 0.00109492626507, "dvar2": 0.00296159950085, "max": 0.499583959579, "mean": 0.396045446396, "median": 0.40463411808, "min": 0.154478639364, "var": 0.00343417888507}, "dynamic_complexity": 2.23672914505, "erbbands_crest": {"dmean": 2.80115628242, "dmean2": 4.19673013687, "dvar": 7.83404874802, "dvar2": 16.8664665222, "max": 32.7613716125, "mean": 14.1055965424, "median": 12.9935874939, "min": 2.61126422882, "var": 33.6073722839}, "erbbands_flatness_db": {"dmean": 0.0187422223389, "dmean2": 0.026532612741, "dvar": 0.000491129118018, "dvar2": 0.000908250862267, "max": 0.522176980972, "mean": 0.216637462378, "median": 0.193939611316, "min": 0.0883615761995, "var": 0.00681662093848}, "erbbands_kurtosis": {"dmean": 1.9642573595, "dmean2": 2.94263911247, "dvar": 15.8627719879, "dvar2": 39.6486968994, "max": 116.46257782, "mean": 3.91392707825, "median": 2.5626847744, "min": -1.59620332718, "var": 35.358379364}, "erbbands_skewness": {"dmean": 0.368920266628, "dmean2": 0.540424406528, "dvar": 0.176243379712, "dvar2": 0.366129696369, "max": 8.69621181488, "mean": 0.914651691914, "median": 0.890225887299, "min": -3.14309978485, "var": 0.939924001694}, "erbbands_spread": {"dmean": 5.45444297791, "dmean2": 8.62344551086, "dvar": 79.7446517944, "dvar2": 206.480865479, "max": 91.7735748291, "mean": 19.075548172, "median": 16.4511070251, "min": 0.5831361413, "var": 155.109085083}, "hfc": {"dmean": 4.4458527565, "dmean2": 6.76464557648, "dvar": 86.2260818481, "dvar2": 228.056350708, "max": 119.857673645, "mean": 16.7358589172, "median": 14.3941898346, "min": 1.15574853091e-16, "var": 145.682800293}, "melbands_crest": {"dmean": 2.64746761322, "dmean2": 4.03762817383, "dvar": 6.63417625427, "dvar2": 15.5129966736, "max": 31.6165962219, "mean": 16.7908287048, "median": 16.5585899353, "min": 3.34401726723, "var": 25.0489177704}, "melbands_flatness_db": {"dmean": 0.0216423124075, "dmean2": 0.0316636785865, "dvar": 0.000558546395041, "dvar2": 0.00118186755572, "max": 0.659343063831, "mean": 0.313200175762, "median": 0.308030188084, "min": 0.0109094586223, "var": 0.00477182911709}, "melbands_kurtosis": {"dmean": 4.58240842819, "dmean2": 7.11576414108, "dvar": 58.7890281677, "dvar2": 143.503005981, "max": 123.069000244, "mean": 8.87296009064, "median": 6.1860294342, "min": -1.67201924324, "var": 98.1256942749}, "melbands_skewness": {"dmean": 0.615721166134, "dmean2": 0.923497319221, "dvar": 0.532794713974, "dvar2": 1.24197506905, "max": 9.65085983276, "mean": 1.98663008213, "median": 1.88062763214, "min": -3.05365538597, "var": 1.59910666943}, "melbands_spread": {"dmean": 2.32072997093, "dmean2": 3.43938684464, "dvar": 16.1454734802, "dvar2": 26.0256748199, "max": 182.612487793, "mean": 10.0756616592, "median": 8.97117996216, "min": 0.592278063297, "var": 39.7990570068}, "pitch_salience": {"dmean": 0.0569705441594, "dmean2": 0.0873245298862, "dvar": 0.0030391861219, "dvar2": 0.00710200145841, "max": 0.917427957058, "mean": 0.466523349285, "median": 0.460433363914, "min": 0.0929267331958, "var": 0.0107579538599}, "silence_rate_20dB": {"dmean": 0, "dmean2": 0, "dvar": 0, "dvar2": 0, "max": 1, "mean": 1, "median": 1, "min": 1, "var": 0}, "silence_rate_30dB": {"dmean": 0.0522258915007, "dmean2": 0.104468218982, "dvar": 0.0494973696768, "dvar2": 0.112125769258, "max": 1, "mean": 0.926234662533, "median": 1, "min": 0, "var": 0.0683215260506}, "silence_rate_60dB": {"dmean": 0.00220229662955, "dmean2": 0.00440528616309, "dvar": 0.00219736620784, "dvar2": 0.00595887564123, "max": 1, "mean": 0.0322428420186, "median": 0, "min": 0, "var": 0.0312031526119}, "spectral_centroid": {"dmean": 98.2054748535, "dmean2": 152.223022461, "dvar": 43413.65625, "dvar2": 81302.140625, "max": 10917.3974609, "mean": 649.430847168, "median": 591.886230469, "min": 226.727996826, "var": 77951.890625}, "spectral_complexity": {"dmean": 2.55529332161, "dmean2": 4.12350511551, "dvar": 17.64103508, "dvar2": 39.7937698364, "max": 53, "mean": 12.8609628677, "median": 12, "min": 0, "var": 39.608341217}, "spectral_decrease": {"dmean": 3.38049321869e-09, "dmean2": 5.12536368902e-09, "dvar": 2.68048406893e-17, "dvar2": 6.18439665916e-17, "max": -5.67193590859e-29, "mean": -1.2734409971e-08, "median": -1.14778178073e-08, "min": -7.35448395517e-08, "var": 7.91850338927e-17}, "spectral_energy": {"dmean": 0.013085895218, "dmean2": 0.0198549516499, "dvar": 0.000402840902098, "dvar2": 0.000933343253564, "max": 0.285680145025, "mean": 0.0495805926621, "median": 0.0447273254395, "min": 1.06970617152e-20, "var": 0.00117861526087}, "spectral_energyband_high": {"dmean": 0.000166990444995, "dmean2": 0.000289597199298, "dvar": 4.83918256577e-07, "dvar2": 1.40256133818e-06, "max": 0.0106746898964, "mean": 0.000208292243769, "median": 6.38659257675e-05, "min": 7.49610862038e-21, "var": 3.63006876114e-07}, "spectral_energyband_low": {"dmean": 0.0102285929024, "dmean2": 0.0153519585729, "dvar": 0.000308028305881, "dvar2": 0.000705646001734, "max": 0.213934510946, "mean": 0.0280400812626, "median": 0.0220323577523, "min": 6.95274738829e-23, "var": 0.000819806475192}, "spectral_energyband_middle_high": {"dmean": 0.00127401330974, "dmean2": 0.00178660091478, "dvar": 7.10707581675e-06, "dvar2": 1.30896478368e-05, "max": 0.0485048145056, "mean": 0.00335433636792, "median": 0.00176937552169, "min": 1.65808121546e-21, "var": 2.42810838245e-05}, "spectral_energyband_middle_low": {"dmean": 0.00517737166956, "dmean2": 0.00785198248923, "dvar": 7.70791157265e-05, "dvar2": 0.000206552111194, "max": 0.146542087197, "mean": 0.0193444658071, "median": 0.0168601348996, "min": 5.62512301001e-22, "var": 0.000161292919074}, "spectral_entropy": {"dmean": 0.189654201269, "dmean2": 0.275834590197, "dvar": 0.0578134283423, "dvar2": 0.120087146759, "max": 9.7819519043, "mean": 6.70560264587, "median": 6.77809429169, "min": 4.05116510391, "var": 0.418320685625}, "spectral_flux": {"dmean": 0.0299952588975, "dmean2": 0.0484195426106, "dvar": 0.00166713295039, "dvar2": 0.00389187177643, "max": 0.426826059818, "mean": 0.0762265324593, "median": 0.062266536057, "min": 1.03426600617e-10, "var": 0.00291520846076}, "spectral_kurtosis": {"dmean": 5.62605333328, "dmean2": 9.46253585815, "dvar": 125.557250977, "dvar2": 351.625640869, "max": 458.98840332, "mean": 19.0308551788, "median": 9.51602935791, "min": -1.23137462139, "var": 1175.94445801}, "spectral_rms": {"dmean": 0.000861491658725, "dmean2": 0.0012745676795, "dvar": 1.36066319101e-06, "dvar2": 3.00920100926e-06, "max": 0.0166946798563, "mean": 0.006501942873, "median": 0.00660578627139, "min": 3.23050440565e-12, "var": 6.09591552347e-06}, "spectral_rolloff": {"dmean": 111.355033875, "dmean2": 189.386825562, "dvar": 138604.75, "dvar2": 187367.96875, "max": 19121.484375, "mean": 620.621032715, "median": 602.9296875, "min": 86.1328125, "var": 171733.703125}, "spectral_skewness": {"dmean": 0.462498396635, "dmean2": 0.770387589931, "dvar": 0.380146116018, "dvar2": 1.01419627666, "max": 16.9267406464, "mean": 2.89875674248, "median": 2.54167342186, "min": 0.00996256433427, "var": 3.00791239738}, "spectral_spread": {"dmean": 378309.78125, "dmean2": 552586.9375, "dvar": 436758413312, "dvar2": 577839169536, "max": 41188220, "mean": 3347424, "median": 3479931.5, "min": 185584.65625, "var": 1702234423300.0}, "spectral_strongpeak": {"dmean": 0.460556685925, "dmean2": 0.787324428558, "dvar": 0.784180819988, "dvar2": 1.84304583073, "max": 10.9613370895, "mean": 1.07783210278, "median": 0.690658092499, "min": 0, "var": 1.20474886894}, "zerocrossingrate": {"dmean": 0.00406010029837, "dmean2": 0.00485023995861, "dvar": 8.08978802525e-05, "dvar2": 8.32122168504e-05, "max": 0.5126953125, "mean": 0.0263076685369, "median": 0.02490234375, "min": 0.0048828125, "var": 0.000162996715517}, "barkbands": {"dmean": [0.000375062169041, 0.00656806258485, 0.00485082063824, 0.00119361421093, 0.00200675008819, 0.00142693682574, 0.000909428286832, 0.00159230141435, 0.00133555405773, 0.00034218156361, 0.000312205665978, 0.000207150689675, 0.000426768587204, 6.77286152495e-05, 0.00012380296539, 0.000115984046715, 8.34957827465e-05, 7.42823031032e-05, 9.27050568862e-05, 7.6618300227e-05, 5.21648289578e-05, 4.62892712676e-05, 1.73373591679e-05, 8.77345610206e-06, 5.5114260249e-06, 4.27135137215e-06, 2.45685464506e-06], "dmean2": [0.000548291485757, 0.0102607794106, 0.00728240888566, 0.0019492355641, 0.00327499001287, 0.00211975746788, 0.00130746990908, 0.00217865104787, 0.00174908712506, 0.00051006837748, 0.000440393312601, 0.000287663278868, 0.000541240442544, 0.000114038870379, 0.000193780520931, 0.000195632965188, 0.000141717493534, 0.000129579711938, 0.000162417840329, 0.000138256364153, 9.29343223106e-05, 8.35813843878e-05, 2.92013646686e-05, 1.42074986798e-05, 8.28623797133e-06, 5.36656489203e-06, 3.35603908752e-06], "dvar": [6.77258867654e-07, 0.000151638902025, 7.38442467991e-05, 6.4143587224e-06, 3.86364663427e-05, 6.45060572424e-06, 1.83835015832e-06, 6.90159095029e-06, 4.03256171921e-06, 1.2816326489e-06, 8.97675249689e-07, 7.94901268364e-07, 2.57338956544e-06, 2.73789808602e-08, 9.71093143676e-08, 8.63360867243e-08, 4.90671894227e-08, 5.65725599699e-08, 7.01133728853e-08, 9.44251894452e-08, 4.81703281707e-08, 4.80910316014e-08, 5.56779822247e-09, 1.12931874963e-09, 4.37439279244e-10, 5.83612880245e-11, 3.08635790536e-11], "dvar2": [1.1578450767e-06, 0.000365055690054, 0.000168527913047, 1.7557582396e-05, 0.000106452760519, 1.44553969221e-05, 3.77691549147e-06, 1.21517905427e-05, 7.27278984414e-06, 2.76199762084e-06, 1.83853467206e-06, 1.26182271742e-06, 3.10900054501e-06, 7.8720916008e-08, 2.17855870233e-07, 2.38486848048e-07, 1.17043938985e-07, 1.60139052241e-07, 1.94462487002e-07, 2.72542393986e-07, 1.38931753213e-07, 1.4025350481e-07, 1.59710555891e-08, 3.19900017587e-09, 1.22586307771e-09, 1.1320060167e-10, 7.00481755933e-11], "max": [0.00945879053324, 0.143187776208, 0.134523838758, 0.0899118185043, 0.0991847589612, 0.0667302235961, 0.0313256308436, 0.0516224689782, 0.0335322283208, 0.0391823351383, 0.0231140460819, 0.0409324653447, 0.0448961593211, 0.00261150114238, 0.0108329597861, 0.00536447204649, 0.00420507276431, 0.00322129856795, 0.00416694022715, 0.00424837414175, 0.00311977369711, 0.00327178649604, 0.0027486870531, 0.000816349638626, 0.000875520869158, 8.55009129737e-05, 7.10835593054e-05], "mean": [0.000671222398523, 0.014172478579, 0.0119213601574, 0.00218623224646, 0.00308222719468, 0.00386041449383, 0.00200565694831, 0.00396411167458, 0.00405998667702, 0.000644684012514, 0.000631696893834, 0.000438682938693, 0.000933975563385, 0.000106718434836, 0.000187125973753, 0.000166759564308, 0.000111535366159, 8.59849606059e-05, 0.000105978477222, 7.54859138397e-05, 5.96461832174e-05, 4.88352052344e-05, 2.46877461905e-05, 1.45787180372e-05, 9.75521288638e-06, 7.46047635403e-06, 3.33760999638e-06], "median": [9.12160467124e-05, 0.00854754075408, 0.00795308873057, 0.00133387581445, 0.0014416158665, 0.00140710396226, 0.00131411920302, 0.00226593995467, 0.00208579143509, 0.00024239657796, 0.000157608592417, 0.000111455046863, 0.000130227257614, 5.55708174943e-05, 7.38637027098e-05, 6.93506153766e-05, 4.13854359067e-05, 2.50719476753e-05, 2.67964460363e-05, 1.49372808664e-05, 1.31602919282e-05, 1.11351801024e-05, 8.85543067852e-06, 5.68934319745e-06, 3.86394913221e-06, 2.45634691964e-06, 6.79904644585e-07], "min": [6.77420860169e-23, 2.62658985007e-23, 2.22447632612e-24, 4.57085193582e-23, 1.72375813935e-22, 2.55875617415e-23, 8.51129924765e-23, 3.88698115957e-23, 1.56374470981e-22, 5.89361011516e-23, 5.11346801621e-23, 6.43443106368e-23, 1.3331662208e-22, 1.90699702234e-22, 5.72573925236e-23, 1.80726417799e-22, 1.5996840767e-22, 1.26354388166e-22, 4.03914201522e-22, 4.35365240154e-22, 3.17759912651e-22, 3.99587835882e-22, 6.15860805698e-22, 8.73852198548e-22, 1.22196235439e-21, 1.70340156476e-21, 2.32780276795e-21], "var": [2.06683898796e-06, 0.00029744557105, 0.0002098903351, 9.18988826015e-06, 3.31974624714e-05, 2.94514975394e-05, 4.99052157465e-06, 2.46039835474e-05, 2.28691005759e-05, 3.14228009302e-06, 2.51192409451e-06, 2.73691398434e-06, 1.17268809845e-05, 2.80730194646e-08, 1.74512535978e-07, 1.06029752089e-07, 6.18267890218e-08, 4.74038763798e-08, 6.53306244658e-08, 6.51782769978e-08, 3.65127803548e-08, 3.25206244156e-08, 4.4605941163e-09, 1.05116026994e-09, 3.95515481477e-10, 1.29453212039e-10, 4.27967210281e-11]}, "erbbands": {"dmean": [0.193337365985, 1.5876660347, 5.48720693588, 4.26071500778, 5.28312778473, 7.57414865494, 7.01247406006, 12.9673757553, 13.721288681, 20.4135322571, 31.8260498047, 35.8508834839, 10.6144313812, 11.7358856201, 12.9936513901, 8.35235500336, 19.9811897278, 5.35150241852, 4.30976200104, 8.00699996948, 4.59257316589, 3.95464920998, 4.67354345322, 4.18631601334, 4.59346628189, 3.63180732727, 2.70793390274, 1.88589668274, 1.78293704987, 0.826389551163, 0.492270350456, 0.221190929413, 0.129605054855, 0.070496045053, 0.0377493686974, 0.0193914379925, 0.00779477180913, 0.00255986489356, 0.00045900355326, 2.65351245616e-05], "dmean2": [0.296550899744, 2.48904323578, 8.12273788452, 6.82185983658, 8.26718330383, 12.8937177658, 10.7212276459, 19.7923774719, 19.6976509094, 28.5033893585, 43.3744850159, 45.8561286926, 15.3432359695, 16.7984256744, 18.5532855988, 11.4714260101, 25.2407035828, 7.97576951981, 6.92250204086, 12.8108625412, 7.64273309708, 6.72796726227, 8.06750392914, 7.26012802124, 8.166431427, 6.52895832062, 4.90360975266, 3.37978577614, 3.21441054344, 1.45203578472, 0.825381696224, 0.361335396767, 0.210506126285, 0.111107893288, 0.0555355139077, 0.025845842436, 0.00985553488135, 0.0033060470596, 0.000631561968476, 3.85695202567e-05], "dvar": [0.193571671844, 8.44651889801, 92.9583892822, 67.1687240601, 128.273406982, 823.489074707, 198.134887695, 567.159057617, 418.244506836, 1103.33959961, 3697.1574707, 2643.5690918, 454.561676025, 2193.26147461, 1369.31323242, 978.780212402, 5902.70068359, 202.272537231, 71.5524291992, 566.821472168, 122.005187988, 105.422454834, 173.823287964, 174.611557007, 220.554138184, 211.399047852, 142.947143555, 63.9769935608, 78.8743896484, 12.9770088196, 4.2608833313, 0.795725762844, 0.248397171497, 0.0669771879911, 0.0212587174028, 0.00143639615271, 0.000200403752388, 2.76868631772e-05, 1.0841100675e-06, 1.96486160675e-09], "dvar2": [0.449979484081, 21.2350158691, 205.408233643, 184.321472168, 327.950378418, 2339.93041992, 474.662902832, 1336.56848145, 920.890869141, 2086.46191406, 6424.64697266, 4535.27294922, 840.69152832, 4687.63427734, 2769.17504883, 1791.07421875, 7007.07861328, 357.000823975, 179.851257324, 1436.15625, 331.549682617, 266.422393799, 475.376220703, 489.654418945, 619.129882812, 608.625610352, 417.73651123, 183.990280151, 227.879745483, 37.8640556335, 12.2189445496, 2.25900912285, 0.708891808987, 0.189327508211, 0.0595862641931, 0.00309312250465, 0.000384609011235, 5.82346183364e-05, 2.51114511229e-06, 4.50919745987e-09], "max": [5.7380232811, 37.8798103333, 141.070632935, 267.53704834, 180.371780396, 434.283111572, 253.810333252, 580.919677734, 323.04776001, 785.788146973, 1377.11401367, 923.497131348, 705.903320312, 1451.34997559, 1058.63891602, 1024.32824707, 2279.33789062, 395.249572754, 185.966110229, 630.173828125, 202.46723938, 173.95930481, 205.786743164, 300.514831543, 196.25491333, 205.605773926, 196.384719849, 107.235961914, 145.82901001, 69.0867004395, 79.1217727661, 28.9643115997, 11.3345184326, 8.47488021851, 6.81163263321, 0.620886206627, 0.173486173153, 0.0680895075202, 0.0144734447822, 0.000615191063844], "mean": [0.330763339996, 3.50826501846, 14.2375268936, 9.23982810974, 9.00541687012, 10.1378488541, 16.2003154755, 32.7103424072, 33.5190582275, 52.4220657349, 85.3207931519, 113.421859741, 26.1656150818, 22.9590263367, 28.8702468872, 18.7203540802, 44.7276420593, 10.9794692993, 7.54666662216, 11.5526647568, 7.36317825317, 5.41206407547, 5.81853151321, 5.16780662537, 4.82625246048, 3.63845038414, 2.85019850731, 2.11379480362, 1.81446325779, 1.07529985905, 0.708498954773, 0.364015251398, 0.214940279722, 0.118181064725, 0.0640802532434, 0.0339047163725, 0.0133384661749, 0.00403587799519, 0.000635483069345, 7.57868256187e-05], "median": [0.120079159737, 2.18224668503, 9.1720790863, 6.89408397675, 4.84924793243, 4.21492624283, 5.24560165405, 12.151922226, 19.3421173096, 37.1467971802, 47.1253738403, 58.7025337219, 14.6196088791, 8.19212722778, 8.42488861084, 6.66196680069, 7.15882158279, 4.71689796448, 4.14755058289, 4.01975631714, 3.64948916435, 2.17740559578, 2.08038878441, 1.53067088127, 1.11105561256, 0.723318815231, 0.570145249367, 0.448223888874, 0.37968865037, 0.334869921207, 0.263067871332, 0.142004221678, 0.0878766998649, 0.0479515641928, 0.0233278386295, 0.0119614955038, 0.00438272487372, 0.00108259532135, 0.000143443467095, 6.21264989604e-05], "min": [2.13281311389e-21, 1.21268333066e-21, 3.7152296186e-21, 6.55486480968e-20, 6.0323402451e-19, 3.42661740099e-19, 2.40197559303e-19, 2.90623652667e-19, 1.40844166976e-18, 6.67188837738e-19, 1.33633044211e-18, 2.79896040361e-18, 3.53553537417e-18, 1.67576359288e-18, 2.05824043099e-18, 3.05988542885e-18, 5.89539273987e-18, 9.25791377635e-18, 3.96980685013e-18, 6.30929861555e-18, 1.02446608378e-17, 8.96534164805e-18, 7.26736980669e-18, 1.268392382e-17, 2.44879359177e-17, 2.11446621333e-17, 1.15835907984e-17, 1.41007808117e-17, 1.48889201537e-17, 1.37094003049e-17, 1.78921962366e-17, 1.94215440013e-17, 1.3596269294e-17, 1.19165988237e-17, 9.67934492766e-18, 5.09517945606e-18, 3.76537329764e-18, 1.252334697e-18, 3.51936683663e-19, 3.39911842776e-20], "var": [0.32127404213, 16.8015079498, 289.095550537, 111.177742004, 167.88822937, 584.653015137, 655.901794434, 2088.72924805, 1532.23046875, 3146.37402344, 14128.7587891, 16486.109375, 1482.8782959, 5006.55371094, 4309.38525391, 2782.01879883, 27900.6171875, 564.210876465, 115.248435974, 818.262084961, 147.307235718, 119.910247803, 168.079666138, 173.849975586, 173.59236145, 147.380874634, 97.1916122437, 48.3143005371, 52.7050628662, 10.0420360565, 3.44968271255, 0.72414046526, 0.220816880465, 0.0605934336782, 0.0183969605714, 0.00272208615206, 0.000428071361966, 4.88530640723e-05, 1.46353136188e-06, 3.71589914394e-09]}, "gfcc": {"mean": [-32.2779464722, 140.21975708, -98.2926559448, 6.12467813492, -51.4972877502, 4.26639986038, -23.1861114502, 12.1262483597, -6.61047410965, 2.68246817589, -13.5378580093, -7.37993001938, -16.2314529419], "cov": [[10577.6796875, -1808.58728027, 1087.44519043, 2225.07543945, 212.010772705, 843.041748047, 168.266906738, 176.388534546, -527.579833984, 178.036514282, -264.839904785, 431.138183594, -216.791870117], [-1808.58728027, 1064.00842285, -318.00881958, -503.012420654, 38.6062202454, -186.865066528, 27.7831459045, -76.5056610107, 117.401817322, -118.617378235, 125.367645264, -122.791099548, 85.854675293], [1087.44519043, -318.00881958, 1015.27770996, 435.985595703, 53.7110824585, 211.175704956, -45.1496772766, -3.93428254128, -124.594955444, 70.9993972778, -114.867233276, 129.037780762, -59.8952484131], [2225.07543945, -503.012420654, 435.985595703, 1003.39001465, 126.826759338, 331.471618652, 164.533966064, 69.5695266724, -152.204101562, 36.8810348511, -95.0765914917, 103.192153931, -25.7118415833], [212.010772705, 38.6062202454, 53.7110824585, 126.826759338, 184.684860229, 134.806671143, 86.6463775635, 34.1388816833, -11.422296524, -14.0438108444, -2.3442492485, 4.03208780289, -20.280664444], [843.041748047, -186.865066528, 211.175704956, 331.471618652, 134.806671143, 304.723632812, 144.163574219, 49.106678009, -61.333152771, 14.9515161514, -42.9962997437, 39.2937088013, -42.5723457336], [168.266906738, 27.7831459045, -45.1496772766, 164.533966064, 86.6463775635, 144.163574219, 213.270294189, 91.3023071289, 7.52693510056, -28.6505126953, -13.1771211624, -27.8054065704, -10.2350769043], [176.388534546, -76.5056610107, -3.93428254128, 69.5695266724, 34.1388816833, 49.106678009, 91.3023071289, 124.065605164, 45.9820861816, -4.34740257263, -24.2631397247, -7.47738981247, -18.0776596069], [-527.579833984, 117.401817322, -124.594955444, -152.204101562, -11.422296524, -61.333152771, 7.52693510056, 45.9820861816, 110.227104187, 13.2410593033, 22.0017280579, -38.8470306396, 8.4473285675], [178.036514282, -118.617378235, 70.9993972778, 36.8810348511, -14.0438108444, 14.9515161514, -28.6505126953, -4.34740257263, 13.2410593033, 84.0478210449, 22.540594101, 25.6162433624, -16.4218482971], [-264.839904785, 125.367645264, -114.867233276, -95.0765914917, -2.3442492485, -42.9962997437, -13.1771211624, -24.2631397247, 22.0017280579, 22.540594101, 92.0739135742, 17.039894104, 7.97556638718], [431.138183594, -122.791099548, 129.037780762, 103.192153931, 4.03208780289, 39.2937088013, -27.8054065704, -7.47738981247, -38.8470306396, 25.6162433624, 17.039894104, 94.4522399902, 10.4139404297], [-216.791870117, 85.854675293, -59.8952484131, -25.7118415833, -20.280664444, -42.5723457336, -10.2350769043, -18.0776596069, 8.4473285675, -16.4218482971, 7.97556638718, 10.4139404297, 71.0783615112]], "icov": [[0.000277493410977, -0.000222048227442, 0.000324484921293, -0.000470665632747, 0.000134224741487, -0.000174847460585, 0.000432207685662, -0.00069075851934, 0.000951149733737, -0.000728246057406, 0.000888253969606, -0.00100505363662, 0.000804167706519], [-0.000222048227442, 0.00419541122392, -0.00193914351985, 0.00109301833436, -0.00148455786984, 0.000665241037495, -0.00203861412592, 0.00400074152276, -0.00454252865165, 0.00706741958857, -0.007922437042, 0.00551466550678, -0.00403097784147], [0.000324484921293, -0.00193914351985, 0.00309464847669, -0.00106215383857, 0.00032477278728, -0.00069047184661, 0.00158642348833, -0.00151763344184, 0.00266870367341, -0.00479229073972, 0.00712934369221, -0.00574543280527, 0.00369449844584], [-0.000470665632747, 0.00109301833436, -0.00106215383857, 0.00326172634959, -0.000835133541841, -0.000234676466789, -0.00226798537187, 0.000611182360444, 0.000674891693052, 0.000276537553873, -0.00137753994204, 0.00176840333734, -0.00314176362008], [0.000134224741487, -0.00148455786984, 0.00032477278728, -0.000835133541841, 0.00987733248621, -0.00503936270252, 0.00132163299713, -0.00228929985315, 0.000219318637392, 0.0014011078747, -0.00104418105911, -0.00052131555276, 0.00207335688174], [-0.000174847460585, 0.000665241037495, -0.00069047184661, -0.000234676466789, -0.00503936270252, 0.0124064628035, -0.00890338886529, 0.00488954083994, -0.00023848368437, -0.00284139439464, 0.004511277657, -0.00484767649323, 0.0035268496722], [0.000432207685662, -0.00203861412592, 0.00158642348833, -0.00226798537187, 0.00132163299713, -0.00890338886529, 0.018697604537, -0.0142476996407, 0.00624976167455, 0.000765270087868, -0.00431539397687, 0.00715258251876, -0.00271946168505], [-0.00069075851934, 0.00400074152276, -0.00151763344184, 0.000611182360444, -0.00228929985315, 0.00488954083994, -0.0142476996407, 0.0296084918082, -0.0217326860875, 0.00914800632745, 0.00301818503067, -0.00655039586127, 0.00507458252832], [0.000951149733737, -0.00454252865165, 0.00266870367341, 0.000674891693052, 0.000219318637392, -0.00023848368437, 0.00624976167455, -0.0217326860875, 0.0340700261295, -0.0181595068425, 0.00381058594212, 0.00417194375768, -0.00311024743132], [-0.000728246057406, 0.00706741958857, -0.00479229073972, 0.000276537553873, 0.0014011078747, -0.00284139439464, 0.000765270087868, 0.00914800632745, -0.0181595068425, 0.0345727577806, -0.0216209515929, 0.00812446977943, -0.0021798023954], [0.000888253969606, -0.007922437042, 0.00712934369221, -0.00137753994204, -0.00104418105911, 0.004511277657, -0.00431539397687, 0.00301818503067, 0.00381058594212, -0.0216209515929, 0.0421197861433, -0.0271799024194, 0.0141461752355], [-0.00100505363662, 0.00551466550678, -0.00574543280527, 0.00176840333734, -0.00052131555276, -0.00484767649323, 0.00715258251876, -0.00655039586127, 0.00417194375768, 0.00812446977943, -0.0271799024194, 0.0383771508932, -0.0188083387911], [0.000804167706519, -0.00403097784147, 0.00369449844584, -0.00314176362008, 0.00207335688174, 0.0035268496722, -0.00271946168505, 0.00507458252832, -0.00311024743132, -0.0021798023954, 0.0141461752355, -0.0188083387911, 0.0280048344284]]}, "melbands": {"dmean": [0.00167966273148, 0.00250222207978, 0.000715590140317, 0.000500463880599, 0.000252366735367, 0.000288733892376, 0.000205167001695, 0.000250692508416, 0.000263611000264, 0.00020701327594, 5.12764927407e-05, 4.86436692881e-05, 4.13149391534e-05, 3.01275958918e-05, 2.90280531772e-05, 4.20372998633e-05, 7.11034908818e-06, 6.50047741146e-06, 9.8092814369e-06, 1.0747550732e-05, 4.6376139835e-06, 3.61361685464e-06, 5.75285139348e-06, 3.53211089532e-06, 3.45352850672e-06, 3.7913559936e-06, 2.59527200797e-06, 2.46175295615e-06, 1.93508708435e-06, 1.23282188724e-06, 1.13340240659e-06, 1.12337261271e-06, 7.05120271505e-07, 3.87402280921e-07, 3.27827820001e-07, 1.69782452986e-07, 1.30089517825e-07, 1.01141722553e-07, 7.59992317967e-08, 5.47820988572e-08], "dmean2": [0.00262233824469, 0.00373591086827, 0.00113138637971, 0.000819653272629, 0.000398176547606, 0.000434858695371, 0.0002932814823, 0.000347678054823, 0.000361263460945, 0.000263358757365, 7.58089590818e-05, 7.00742166373e-05, 5.92965516262e-05, 4.15192662331e-05, 3.68626861018e-05, 5.4904307035e-05, 1.17128374768e-05, 1.07369087345e-05, 1.53345572471e-05, 1.75448403752e-05, 7.80692153057e-06, 6.16159286437e-06, 9.87606654235e-06, 6.18103422312e-06, 5.97601501795e-06, 6.70218514642e-06, 4.61549416286e-06, 4.4631988203e-06, 3.51115340891e-06, 2.19525509237e-06, 2.03464810511e-06, 2.0262207272e-06, 1.27556552343e-06, 6.7341477461e-07, 5.54666030439e-07, 2.84442165821e-07, 2.15694271333e-07, 1.67925719552e-07, 1.22364625099e-07, 8.8432358325e-08], "dvar": [1.19812184494e-05, 1.91162034753e-05, 1.69831957919e-06, 2.45406818067e-06, 3.40917011954e-07, 2.66764885737e-07, 9.10278075139e-08, 1.63810270237e-07, 2.13469050436e-07, 9.38937247952e-08, 1.18496590318e-08, 3.97984152301e-08, 1.37786733134e-08, 1.46693883707e-08, 1.60281690142e-08, 2.57583518959e-08, 2.42565245667e-10, 1.7979615019e-10, 9.30954480172e-10, 7.74559361094e-10, 1.38402969641e-10, 8.52684312047e-11, 3.08456732379e-10, 1.5620608973e-10, 1.25314342236e-10, 1.25508367588e-10, 1.00283475968e-10, 9.31157442818e-11, 7.75731423541e-11, 2.63338847256e-11, 2.43114573611e-11, 3.00194938352e-11, 1.1166959718e-11, 2.6141692977e-12, 1.86095626756e-12, 5.31667700317e-13, 2.48047676149e-13, 1.57207566734e-13, 6.2874930414e-14, 4.48998240118e-14], "dvar2": [2.83112876787e-05, 4.42416712758e-05, 4.5609172048e-06, 6.73819749863e-06, 9.14366751203e-07, 6.11432028563e-07, 1.96273873598e-07, 3.07966843138e-07, 3.78489914965e-07, 1.55842826643e-07, 2.21170335379e-08, 8.53658548294e-08, 3.01110638645e-08, 2.29629382176e-08, 1.88120345967e-08, 3.66866572676e-08, 6.61552868042e-10, 4.82986817207e-10, 2.12634576613e-09, 2.0438686299e-09, 3.73243158602e-10, 2.20502199832e-10, 7.45545458702e-10, 4.46880282778e-10, 3.50660528392e-10, 3.47833678527e-10, 2.85071771744e-10, 2.69312017132e-10, 2.27538612951e-10, 7.58167001402e-11, 6.96634694375e-11, 8.60872206854e-11, 3.28938092042e-11, 7.56118691964e-12, 5.31819510305e-12, 1.51611524984e-12, 7.05769102015e-13, 4.51921621869e-13, 1.75461479113e-13, 1.27400517978e-13], "max": [0.0447830930352, 0.053422357887, 0.0421697944403, 0.0227094292641, 0.0100800963119, 0.0128540704027, 0.00515760062262, 0.00995318870991, 0.00995119567961, 0.00497751915827, 0.00357167399488, 0.0064394120127, 0.00345939863473, 0.00593006145209, 0.00403093453497, 0.00426964554936, 0.000229027413297, 0.000212546321563, 0.00121727085207, 0.000697447918355, 0.00021784681303, 0.000140943753649, 0.000428549450589, 0.000185148688615, 0.000304823508486, 0.000150563748321, 0.000128394487547, 0.000140870542964, 0.000158369584824, 7.0832495112e-05, 6.62735983497e-05, 9.08115544007e-05, 5.22683476447e-05, 3.48281610059e-05, 5.34182727279e-05, 2.90115895041e-05, 1.32731393023e-05, 7.92154060036e-06, 7.62152558309e-06, 6.72399937685e-06], "mean": [0.00337760429829, 0.0065641682595, 0.00166708754841, 0.00072143622674, 0.000538599852007, 0.000762253592256, 0.000485589058371, 0.000645865278784, 0.000724184676073, 0.00064388330793, 0.000106011269963, 9.06841887627e-05, 8.75750411069e-05, 6.60959849483e-05, 6.47554479656e-05, 9.05053020688e-05, 1.18381640277e-05, 1.06693560156e-05, 1.42268927448e-05, 1.55795660248e-05, 7.03258456269e-06, 4.87831994178e-06, 7.11831307854e-06, 4.03654576075e-06, 4.18484296461e-06, 3.88840635424e-06, 2.66963638751e-06, 2.3480499749e-06, 1.94037943402e-06, 1.34886499836e-06, 1.22046105844e-06, 1.09676318516e-06, 7.87680221492e-07, 5.11529719915e-07, 4.44230948915e-07, 2.68708163276e-07, 2.03442581892e-07, 1.58318059107e-07, 1.23163999888e-07, 8.94767282489e-08], "median": [0.00176703627221, 0.00476194126531, 0.00130484008696, 0.000326023553498, 0.000204968091566, 0.000285680696834, 0.000280438340269, 0.000448909646366, 0.000436893256847, 0.000303327804431, 4.50489096693e-05, 2.66346578428e-05, 2.47997340921e-05, 1.75570276042e-05, 1.2482522834e-05, 1.13227742986e-05, 6.41973838356e-06, 5.89943465457e-06, 4.78391393699e-06, 5.83041401114e-06, 3.29310387315e-06, 1.78989262167e-06, 2.50828247772e-06, 1.09947131932e-06, 1.12939881092e-06, 7.72178395891e-07, 6.32258206679e-07, 4.06882577408e-07, 3.62774414953e-07, 2.99172086216e-07, 2.28545673053e-07, 2.11025280805e-07, 2.01207740247e-07, 1.61499983165e-07, 1.53169821715e-07, 1.08238310759e-07, 7.77629907134e-08, 6.43700985847e-08, 4.84956927949e-08, 3.60712775205e-08], "min": [1.61240786667e-23, 1.23422781066e-24, 2.82151028001e-23, 3.91436062832e-23, 9.49722738887e-24, 6.21074450529e-24, 2.05859579882e-23, 6.74737186924e-24, 1.35353511424e-23, 1.95513653333e-23, 1.71991793291e-23, 6.08827463862e-24, 7.55049222418e-24, 5.57251619549e-24, 1.63530013683e-23, 9.97096202828e-24, 1.84238701073e-23, 7.30840737845e-24, 4.5283132426e-24, 1.23671633155e-23, 1.10971398566e-23, 1.0148619815e-23, 6.97294585622e-24, 5.77968408541e-24, 1.00797664575e-23, 1.7927307411e-23, 1.73067121146e-23, 1.31978133383e-23, 6.16552147618e-24, 8.97069586679e-24, 7.54133670451e-24, 7.83949693883e-24, 8.81724664351e-24, 7.68015492459e-24, 9.94094113767e-24, 1.12937082169e-23, 1.24489950126e-23, 9.08418218548e-24, 8.93613508167e-24, 1.07869037395e-23], "var": [2.14856245293e-05, 5.37106570846e-05, 3.11075064019e-06, 2.06665231417e-06, 6.74861780681e-07, 1.12135728614e-06, 3.17848702025e-07, 4.87958402573e-07, 8.04107969543e-07, 5.76696265853e-07, 3.73886486216e-08, 9.19226863516e-08, 4.05232789547e-08, 4.95848624382e-08, 8.38118197066e-08, 9.25994996237e-08, 3.14858528139e-10, 2.31901262082e-10, 1.66446612049e-09, 1.09710063256e-09, 1.55720589201e-10, 9.81845091341e-11, 3.52615076027e-10, 1.25231117143e-10, 1.30422200817e-10, 1.04387831712e-10, 7.23197335351e-11, 6.40357211701e-11, 5.05438468856e-11, 1.96037092809e-11, 1.79750676149e-11, 2.01969083818e-11, 7.62773351426e-12, 2.10345629803e-12, 1.4755420193e-12, 4.57890724035e-13, 2.20154217122e-13, 1.32479476608e-13, 6.09895163886e-14, 3.86952873444e-14]}, "mfcc": {"mean": [-684.143981934, 175.528488159, 11.0417385101, 15.1177301407, -1.69187283516, -1.04441428185, -5.53428792953, 5.86018848419, 5.61517620087, 10.3021249771, 8.06068229675, 6.75679826736, 3.11267232895], "cov": [[6864.32470703, -1243.59716797, 706.255065918, 1391.02416992, 277.697174072, 792.033691406, 512.81439209, 352.621612549, 87.0781707764, 63.4281044006, -105.344810486, -129.025772095, -39.8600502014], [-1243.59716797, 995.446899414, -203.816940308, -387.967285156, -31.0604248047, -209.432754517, -141.241744995, -68.9579772949, -13.3354911804, -1.49728941917, 37.5570144653, 46.0591392517, 16.7859916687], [706.255065918, -203.816940308, 620.502319336, 296.769958496, 121.788757324, 175.40713501, 59.9295272827, 11.9806957245, -14.0977182388, -34.8270645142, -49.9529495239, -56.5806350708, -5.22285795212], [1391.02416992, -387.967285156, 296.769958496, 586.759033203, 103.78225708, 256.788452148, 195.977478027, 128.291854858, 38.9905090332, 22.977809906, -39.0673599243, -46.9713020325, -13.2023105621], [277.697174072, -31.0604248047, 121.788757324, 103.78225708, 131.866607666, 93.1922302246, 37.6107597351, 25.1096591949, -1.94770133495, -7.22078466415, -7.58105802536, -13.6460361481, 1.49904680252], [792.033691406, -209.432754517, 175.40713501, 256.788452148, 93.1922302246, 266.979125977, 177.618545532, 100.394477844, 26.9284591675, 16.0963993073, -8.38912391663, -26.2423553467, -27.2391262054], [512.81439209, -141.241744995, 59.9295272827, 195.977478027, 37.6107597351, 177.618545532, 213.503341675, 144.349441528, 50.7594451904, 31.2267093658, 4.69746637344, -5.7174372673, -15.8838205338], [352.621612549, -68.9579772949, 11.9806957245, 128.291854858, 25.1096591949, 100.394477844, 144.349441528, 176.210479736, 86.2892074585, 35.5770721436, 3.52580547333, -0.756053447723, 7.03107118607], [87.0781707764, -13.3354911804, -14.0977182388, 38.9905090332, -1.94770133495, 26.9284591675, 50.7594451904, 86.2892074585, 103.417289734, 58.7204246521, 2.62304139137, -3.8661904335, 6.09513235092], [63.4281044006, -1.49728941917, -34.8270645142, 22.977809906, -7.22078466415, 16.0963993073, 31.2267093658, 35.5770721436, 58.7204246521, 89.7501144409, 38.9872932434, 5.66016864777, -6.61566066742], [-105.344810486, 37.5570144653, -49.9529495239, -39.0673599243, -7.58105802536, -8.38912391663, 4.69746637344, 3.52580547333, 2.62304139137, 38.9872932434, 83.0521240234, 48.7425460815, -10.3295431137], [-129.025772095, 46.0591392517, -56.5806350708, -46.9713020325, -13.6460361481, -26.2423553467, -5.7174372673, -0.756053447723, -3.8661904335, 5.66016864777, 48.7425460815, 91.026473999, 37.0030670166], [-39.8600502014, 16.7859916687, -5.22285795212, -13.2023105621, 1.49904680252, -27.2391262054, -15.8838205338, 7.03107118607, 6.09513235092, -6.61566066742, -10.3295431137, 37.0030670166, 98.7376098633]], "icov": [[0.000322069361573, 0.000119122574688, 4.64901313535e-05, -0.000539978034794, 8.72269592946e-05, -0.000600612198468, 0.000504298310261, -0.000423320598202, 0.000392594985897, -0.000324037246173, 0.000252676836681, -8.20741988719e-05, -4.47619140687e-06], [0.000119122574688, 0.00149590161163, 8.99000099253e-07, 0.000664028513711, -0.000823764596134, 0.000595225137658, 6.02132931817e-05, -0.000454738299595, 0.000266443879809, -0.000492196006235, 0.000268394040177, -0.00039059019764, 0.000226424817811], [4.64901313535e-05, 8.99000099253e-07, 0.00270423083566, -0.00117318693083, -0.00100736203603, -0.00130196358077, 0.000784251489677, 0.000991990207694, -0.000900250801351, 0.00153296918143, -0.000583864166401, 0.00109353929292, -0.000596182886511], [-0.000539978034794, 0.000664028513711, -0.00117318693083, 0.00513615645468, -0.000900967221241, -0.000177189707756, -0.00184828042984, -0.000727842503693, 0.00101365684532, -0.00193786981981, 0.00190436886624, -0.000416274007875, 0.000175937908352], [8.72269592946e-05, -0.000823764596134, -0.00100736203603, -0.000900967221241, 0.0123707978055, -0.00579278264195, 0.00402251537889, -0.00227538729087, 0.0013645645231, 0.000922017206904, -0.00169018353336, 0.00147560227197, -0.00172753911465], [-0.000600612198468, 0.000595225137658, -0.00130196358077, -0.000177189707756, -0.00579278264195, 0.0159201025963, -0.0120091624558, 0.00379333412275, -0.00151842203923, 0.000698777963407, -0.000643180974294, 0.000475731387269, 0.00173662451562], [0.000504298310261, 6.02132931817e-05, 0.000784251489677, -0.00184828042984, 0.00402251537889, -0.0120091624558, 0.0240495800972, -0.0160535797477, 0.00774256465957, -0.00508874421939, 0.00295862345956, -0.00313402083702, 0.00229073152877], [-0.000423320598202, -0.000454738299595, 0.000991990207694, -0.000727842503693, -0.00227538729087, 0.00379333412275, -0.0160535797477, 0.025835333392, -0.0195531584322, 0.0107102282345, -0.00706429360434, 0.00359658757225, -0.00364191667177], [0.000392594985897, 0.000266443879809, -0.000900250801351, 0.00101365684532, 0.0013645645231, -0.00151842203923, 0.00774256465957, -0.0195531584322, 0.0345082171261, -0.0234697330743, 0.0135203469545, -0.00458212289959, 0.00182831904385], [-0.000324037246173, -0.000492196006235, 0.00153296918143, -0.00193786981981, 0.000922017206904, 0.000698777963407, -0.00508874421939, 0.0107102282345, -0.0234697330743, 0.0337458327413, -0.0215752646327, 0.00988679658622, -0.00388013687916], [0.000252676836681, 0.000268394040177, -0.000583864166401, 0.00190436886624, -0.00169018353336, -0.000643180974294, 0.00295862345956, -0.00706429360434, 0.0135203469545, -0.0215752646327, 0.0361583046615, -0.0212073680013, 0.0105575816706], [-8.20741988719e-05, -0.00039059019764, 0.00109353929292, -0.000416274007875, 0.00147560227197, 0.000475731387269, -0.00313402083702, 0.00359658757225, -0.00458212289959, 0.00988679658622, -0.0212073680013, 0.0271785985678, -0.012074816972], [-4.47619140687e-06, 0.000226424817811, -0.000596182886511, 0.000175937908352, -0.00172753911465, 0.00173662451562, 0.00229073152877, -0.00364191667177, 0.00182831904385, -0.00388013687916, 0.0105575816706, -0.012074816972, 0.0164695344865]]}, "spectral_contrast_coeffs": {"dmean": [0.0472204685211, 0.045992217958, 0.0387643426657, 0.0311370790005, 0.0202653408051, 0.01945726946], "dmean2": [0.0774402096868, 0.0727209374309, 0.059613764286, 0.0492701865733, 0.0326225161552, 0.0324328988791], "dvar": [0.00179122493137, 0.00153256813064, 0.00108700827695, 0.000705569225829, 0.000279899482848, 0.000450570805697], "dvar2": [0.00452224165201, 0.00366370053962, 0.00234810914844, 0.00170326139778, 0.000680708501022, 0.00116253178567], "max": [-0.33180564642, -0.41861897707, -0.403154492378, -0.506113708019, -0.647874474525, -0.656916677952], "mean": [-0.635971188545, -0.650226294994, -0.67522752285, -0.743055641651, -0.793472468853, -0.782565534115], "median": [-0.633047759533, -0.651211619377, -0.678258299828, -0.750171899796, -0.801208376884, -0.786546885967], "min": [-0.958192110062, -0.984718382359, -0.978536844254, -0.963383972645, -0.956327199936, -0.956425905228], "var": [0.00611668033525, 0.00614574551582, 0.00629192218184, 0.00400243094191, 0.00182357500307, 0.00148821645416]}, "spectral_contrast_valleys": {"dmean": [0.38720703125, 0.35948702693, 0.368009716272, 0.317291587591, 0.306957989931, 0.292916238308], "dmean2": [0.621285021305, 0.574711740017, 0.565456092358, 0.497803032398, 0.461159706116, 0.411168038845], "dvar": [0.168071851134, 0.177996352315, 0.179614409804, 0.168966576457, 0.240814059973, 0.184006303549], "dvar2": [0.313351482153, 0.325737476349, 0.310737937689, 0.310033202171, 0.49645075202, 0.379003465176], "max": [-5.18666219711, -4.61077594757, -5.6730222702, 