{"lowlevel": {"average_loudness": 0.694418787956, "barkbands_crest": {"dmean": 1.94076406956, "dmean2": 3.26684737206, "dvar": 3.50260949135, "dvar2": 10.8088331223, "max": 22.4718170166, "mean": 9.69650650024, "median": 9.0037651062, "min": 2.34806871414, "var": 16.0611820221}, "barkbands_flatness_db": {"dmean": 0.0147545197979, "dmean2": 0.0246209371835, "dvar": 0.000213736420847, "dvar2": 0.000637978489976, "max": 0.385394275188, "mean": 0.151940226555, "median": 0.138203755021, "min": 0.0343625545502, "var": 0.00429222267121}, "barkbands_kurtosis": {"dmean": 1.7925567627, "dmean2": 2.98709416389, "dvar": 10.2858171463, "dvar2": 30.5879230499, "max": 82.0663452148, "mean": 3.17220544815, "median": 0.824746489525, "min": -1.81174552441, "var": 50.8418235779}, "barkbands_skewness": {"dmean": 0.383205443621, "dmean2": 0.623383402824, "dvar": 0.156016886234, "dvar2": 0.454311728477, "max": 7.55610466003, "mean": 1.51545608044, "median": 1.29426622391, "min": -2.12460803986, "var": 1.30793833733}, "barkbands_spread": {"dmean": 3.66332006454, "dmean2": 5.81294155121, "dvar": 14.6071500778, "dvar2": 35.866268158, "max": 90.8965606689, "mean": 23.3834972382, "median": 22.8879318237, "min": 1.43874955177, "var": 127.2995224}, "dissonance": {"dmean": 0.0106012690812, "dmean2": 0.0177592560649, "dvar": 9.57835873123e-05, "dvar2": 0.00025261103292, "max": 0.500000059605, "mean": 0.472295552492, "median": 0.478014290333, "min": 0.357737869024, "var": 0.000412899331423}, "dynamic_complexity": 9.77524662018, "erbbands_crest": {"dmean": 1.54493069649, "dmean2": 2.46523094177, "dvar": 2.13040971756, "dvar2": 4.85544347763, "max": 26.8919429779, "mean": 7.010887146, "median": 5.86376571655, "min": 2.13208937645, "var": 13.4484577179}, "erbbands_flatness_db": {"dmean": 0.00845723599195, "dmean2": 0.0127140283585, "dvar": 6.04334236414e-05, "dvar2": 0.000123362493468, "max": 0.344521194696, "mean": 0.172487229109, "median": 0.169519633055, "min": 0.0480342358351, "var": 0.0020675198175}, "erbbands_kurtosis": {"dmean": 0.409504562616, "dmean2": 0.644905507565, "dvar": 0.357993811369, "dvar2": 0.897525191307, "max": 20.4707927704, "mean": -0.432395845652, "median": -0.706689953804, "min": -1.75208842754, "var": 1.43438518047}, "erbbands_skewness": {"dmean": 0.225182488561, "dmean2": 0.34513309598, "dvar": 0.0409088209271, "dvar2": 0.0942074134946, "max": 2.56281399727, "mean": -0.127821907401, "median": -0.138286694884, "min": -3.63937902451, "var": 0.349954903126}, "erbbands_spread": {"dmean": 5.09412908554, "dmean2": 7.97521305084, "dvar": 20.8956203461, "dvar2": 52.0826644897, "max": 114.873573303, "mean": 40.9946708679, "median": 40.8583450317, "min": 6.61965179443, "var": 141.176712036}, "hfc": {"dmean": 2.63817620277, "dmean2": 3.99258828163, "dvar": 20.4774017334, "dvar2": 44.2932701111, "max": 105.096221924, "mean": 16.3002967834, "median": 6.82649803162, "min": 1.05052374546e-16, "var": 323.342376709}, "melbands_crest": {"dmean": 2.9294257164, "dmean2": 5.045586586, "dvar": 8.79324054718, "dvar2": 27.1105213165, "max": 30.8372859955, "mean": 14.2744321823, "median": 13.1352109909, "min": 1.58578288555, "var": 33.7999534607}, "melbands_flatness_db": {"dmean": 0.0185119360685, "dmean2": 0.0309134982526, "dvar": 0.000365432963008, "dvar2": 0.00108014175203, "max": 0.475186705589, "mean": 0.1992610991, "median": 0.178439348936, "min": 0.0044799442403, "var": 0.00593362376094}, "melbands_kurtosis": {"dmean": 4.91564702988, "dmean2": 8.20706272125, "dvar": 64.1145095825, "dvar2": 192.159133911, "max": 157.332641602, "mean": 12.4553718567, "median": 6.82274627686, "min": -1.73852193356, "var": 279.77166748}, "melbands_skewness": {"dmean": 0.538185596466, "dmean2": 0.885496497154, "dvar": 0.345394194126, "dvar2": 1.02980768681, "max": 10.5539836884, "mean": 2.80444836617, "median": 2.49804353714, "min": -1.87851250172, "var": 2.31348013878}, "melbands_spread": {"dmean": 5.35125494003, "dmean2": 8.65004253387, "dvar": 36.7235336304, "dvar2": 95.8279571533, "max": 159.223678589, "mean": 24.5301990509, "median": 22.1385116577, "min": 1.10315978527, "var": 298.640533447}, "pitch_salience": {"dmean": 0.05820646137, "dmean2": 0.0976968482137, "dvar": 0.00308390939608, "dvar2": 0.00919004809111, "max": 0.834825336933, "mean": 0.537376105785, "median": 0.554854691029, "min": 0.129245609045, "var": 0.0164732653648}, "silence_rate_20dB": {"dmean": 0, "dmean2": 0, "dvar": 0, "dvar2": 0, "max": 1, "mean": 1, "median": 1, "min": 1, "var": 0}, "silence_rate_30dB": {"dmean": 0, "dmean2": 0, "dvar": 0, "dvar2": 0, "max": 1, "mean": 1, "median": 1, "min": 1, "var": 0}, "silence_rate_60dB": {"dmean": 0.00880908034742, "dmean2": 0.0176211446524, "dvar": 0.00873090699315, "dvar2": 0.0213783085346, "max": 1, "mean": 0.275406509638, "median": 0, "min": 0, "var": 0.199566185474}, "spectral_centroid": {"dmean": 188.094589233, "dmean2": 297.011199951, "dvar": 45159.7695312, "dvar2": 90408.5703125, "max": 11590.2070312, "mean": 1474.30200195, "median": 1419.50622559, "min": 213.315002441, "var": 662615.125}, "spectral_complexity": {"dmean": 2.01863455772, "dmean2": 3.2704167366, "dvar": 6.11243867874, "dvar2": 14.368771553, "max": 60, "mean": 18.4573173523, "median": 14, "min": 0, "var": 232.462524414}, "spectral_decrease": {"dmean": 1.30996002934e-09, "dmean2": 2.24173746233e-09, "dvar": 4.21388965092e-18, "dvar2": 1.14071854338e-17, "max": 1.41224584755e-19, "mean": -5.1460911088e-09, "median": -4.09645917188e-09, "min": -3.15123607209e-08, "var": 2.3258679353e-17}, "spectral_energy": {"dmean": 0.0050492673181, "dmean2": 0.00862958561629, "dvar": 6.18795747869e-05, "dvar2": 0.000166417245055, "max": 0.122956246138, "mean": 0.0209010336548, "median": 0.0162088125944, "min": 9.70818587218e-21, "var": 0.000382481579436}, "spectral_energyband_high": {"dmean": 0.000145015888847, "dmean2": 0.000217899898416, "dvar": 7.92733843014e-08, "dvar2": 1.6789509516e-07, "max": 0.00835820473731, "mean": 0.000637515273411, "median": 7.46835648897e-05, "min": 6.88239472803e-21, "var": 8.5001596517e-07}, "spectral_energyband_low": {"dmean": 0.00441309018061, "dmean2": 0.00770312640816, "dvar": 5.56687846256e-05, "dvar2": 0.000158571870998, "max": 0.0939433947206, "mean": 0.00812977924943, "median": 0.0050047095865, "min": 1.42568733031e-23, "var": 0.000102560217783}, "spectral_energyband_middle_high": {"dmean": 0.000897760794032, "dmean2": 0.00138860405423, "dvar": 2.1150685825e-06, "dvar2": 5.0099715736e-06, "max": 0.0284006372094, "mean": 0.00437177019194, "median": 0.00198332569562, "min": 1.24662923973e-21, "var": 2.35085353779e-05}, "spectral_energyband_middle_low": {"dmean": 0.00215696357191, "dmean2": 0.00347269233316, "dvar": 1.18764883155e-05, "dvar2": 3.09044662572e-05, "max": 0.0672228708863, "mean": 0.00843845866621, "median": 0.00505231786519, "min": 2.28257294201e-22, "var": 8.93008182175e-05}, "spectral_entropy": {"dmean": 0.0802867412567, "dmean2": 0.125885859132, "dvar": 0.00665255077183, "dvar2": 0.0153524503112, "max": 9.81910705566, "mean": 7.49072980881, "median": 7.54067897797, "min": 6.14431715012, "var": 0.139458343387}, "spectral_flux": {"dmean": 0.0104343835264, "dmean2": 0.0167509038001, "dvar": 0.000236119842157, "dvar2": 0.000595415360294, "max": 0.251373201609, "mean": 0.0534453615546, "median": 0.0487653762102, "min": 6.43066502826e-11, "var": 0.00193500926252}, "spectral_kurtosis": {"dmean": 1.73842632771, "dmean2": 3.04472994804, "dvar": 4.27976131439, "dvar2": 12.6873703003, "max": 44.6515922546, "mean": 4.02754831314, "median": 3.45392727852, "min": -1.2624309063, "var": 6.19247722626}, "spectral_rms": {"dmean": 0.000454041961348, "dmean2": 0.000773798208684, "dvar": 3.655707701e-07, "dvar2": 9.99817302727e-07, "max": 0.0109525024891, "mean": 0.00374681525864, "median": 0.00397661607713, "min": 3.07756402827e-12, "var": 6.35257083559e-06}, "spectral_rolloff": {"dmean": 369.286712646, "dmean2": 627.315734863, "dvar": 225689.203125, "dvar2": 563646.3125, "max": 19379.8828125, "mean": 1609.03222656, "median": 1442.72460938, "min": 107.666015625, "var": 3511653.75}, "spectral_skewness": {"dmean": 0.192799583077, "dmean2": 0.328860223293, "dvar": 0.0373633243144, "dvar2": 0.106644004583, "max": 4.19359779358, "mean": 1.25847625732, "median": 1.24500787258, "min": -0.0636440962553, "var": 0.106111213565}, "spectral_spread": {"dmean": 210624.4375, "dmean2": 329457.03125, "dvar": 354500018176, "dvar2": 574682169344, "max": 42472584, "mean": 3629336.25, "median": 3363834.75, "min": 1308796.5, "var": 6040252317700.0}, "spectral_strongpeak": {"dmean": 0.250043332577, "dmean2": 0.439187198877, "dvar": 0.429486006498, "dvar2": 1.19670248032, "max": 12.5359516144, "mean": 0.497645676136, "median": 0.336471438408, "min": 0, "var": 0.484524697065}, "zerocrossingrate": {"dmean": 0.00569303007796, "dmean2": 0.00739048654214, "dvar": 3.31137343892e-05, "dvar2": 5.68489340367e-05, "max": 0.521484375, "mean": 0.0581452473998, "median": 0.05419921875, "min": 0.00390625, "var": 0.00240641320124}, "barkbands": {"dmean": [5.26954545421e-06, 0.00179219432175, 0.00290094455704, 0.000600521045271, 0.00161844433751, 0.000497010769323, 0.00027478748234, 0.000428608676884, 0.000139448864502, 0.000131738561322, 0.000181757393875, 0.000135756039526, 0.000128184634377, 0.000199832720682, 0.000243803995545, 0.000308502319967, 0.000224540781346, 0.000186322853551, 0.000312459858833, 0.000122887417092, 6.56070187688e-05, 4.80932285427e-05, 2.16640182771e-05, 1.654530206e-05, 1.07968653538e-05, 5.79827155889e-06, 3.92139355654e-07], "dmean2": [9.28002191358e-06, 0.00302255596034, 0.00521147064865, 0.00103317038156, 0.00259962351993, 0.000807381235063, 0.000463311211206, 0.000659359735437, 0.000212842962355, 0.000200900598429, 0.000267064286163, 0.000213758088648, 0.000198644047487, 0.000318932143273, 0.000387930340366, 0.00047928391723, 0.000371700181859, 0.000313184282277, 0.000505252333824, 0.000200381226023, 0.000107425403257, 7.74605578044e-05, 3.45047410519e-05, 2.40792342083e-05, 1.51159420057e-05, 7.24331084712e-06, 6.31732063994e-07], "dvar": [9.2256743911e-11, 1.22224164443e-05, 2.28635781241e-05, 1.22912888401e-06, 7.88285615272e-06, 8.05836577911e-07, 2.38416845377e-07, 6.30470651686e-07, 6.93168260568e-08, 5.79768482112e-08, 9.84702808182e-08, 6.21590743322e-08, 5.25787804406e-08, 1.57058011041e-07, 1.7558548393e-07, 3.45071867969e-07, 1.64016711324e-07, 1.08088677564e-07, 4.7949350801e-07, 5.31318455899e-08, 1.57772390708e-08, 9.11563802219e-09, 2.12912198982e-09, 1.31623878463e-09, 6.9702599248e-10, 2.88611218258e-10, 1.89424734579e-12], "dvar2": [2.64623573054e-10, 3.25760374835e-05, 6.93488618708e-05, 3.58887064067e-06, 2.04766038223e-05, 2.12172972169e-06, 6.96603819961e-07, 1.47608284351e-06, 1.64719352824e-07, 1.37817295354e-07, 2.17162323679e-07, 1.55182121375e-07, 1.21396894315e-07, 3.67046453675e-07, 4.31729802131e-07, 7.9572504319e-07, 4.43237553327e-07, 3.03922263356e-07, 1.1769318462e-06, 1.35757360908e-07, 4.04950775135e-08, 2.25770158124e-08, 5.26629051478e-09, 2.52515786059e-09, 1.2329148813e-09, 4.16540857362e-10, 4.33834001709e-12], "max": [0.000135509792017, 0.0480113998055, 0.0607043169439, 0.0155883170664, 0.0450535789132, 0.0242092180997, 0.0059403181076, 0.014723260887, 0.00572088873014, 0.00398168805987, 0.00708273332566, 0.0040862634778, 0.00367106264457, 0.00832809414715, 0.0061732949689, 0.0103363757953, 0.00494626350701, 0.00475352583453, 0.0115383090451, 0.00420069135725, 0.00338379316963, 0.00221128598787, 0.00135356851388, 0.000653254392091, 0.000620046805125, 0.000416124064941, 1.64051616593e-05], "mean": [7.31819318389e-06, 0.00311649753712, 0.0044115902856, 0.00115864002146, 0.00393432937562, 0.00141970510595, 0.00055479852017, 0.000909473339561, 0.000307485810481, 0.000319289480103, 0.000467870209832, 0.000318311562296, 0.000254754180787, 0.000378379365429, 0.000527383526787, 0.000592519470956, 0.000434482819401, 0.00039645229117, 0.000604459200986, 0.000297509104712, 0.000186198754818, 0.000136343267513, 6.76111812936e-05, 5.29954631929e-05, 3.28363203153e-05, 1.33636058308e-05, 4.39342898062e-07], "median": [2.54743531514e-06, 0.00109171192162, 0.00206866022199, 0.000479707261547, 0.00174725241959, 0.000626350403763, 0.000135391223012, 0.000227913711569, 0.000115423361422, 9.07078065211e-05, 0.000109100816189, 9.9673801742e-05, 9.95924929157e-05, 0.000126306287711, 0.000235798361246, 0.000268491858151, 0.000156726542627, 0.000157621718245, 9.39653982641e-05, 6.97651848895e-05, 2.71962635452e-05, 8.94933873496e-06, 1.06477523332e-06, 4.01994412869e-07, 7.10600573939e-08, 2.68666733305e-09, 4.04097533213e-10], "min": [1.23331046403e-24, 5.74619299568e-24, 1.469484375e-24, 6.30710613284e-25, 9.5715570188e-24, 2.01786391261e-23, 1.39940516707e-23, 1.45728941371e-23, 2.1949650791e-23, 2.5655145033e-23, 2.35147744928e-23, 3.39695338702e-23, 4.76086675533e-23, 3.22425406438e-23, 3.08644637513e-23, 5.9979050999e-23, 7.30723686664e-23, 1.04801124203e-22, 1.36899489472e-22, 2.05954871124e-22, 3.10701261001e-22, 3.14402091498e-22, 4.24191486127e-22, 6.81133656107e-22, 7.87551673797e-22, 1.3939904763e-21, 1.9682918176e-21], "var": [1.35564712234e-10, 2.3485174097e-05, 3.84183949791e-05, 3.48168168784e-06, 3.11320145556e-05, 5.691136721e-06, 6.24296944807e-07, 2.20738456846e-06, 2.3498985513e-07, 2.01242514208e-07, 4.66105376518e-07, 2.13691549789e-07, 1.42349279031e-07, 4.37070468706e-07, 4.88959017275e-07, 8.11954350866e-07, 3.78527033718e-07, 2.80514086626e-07, 1.02374929156e-06, 1.8383551037e-07, 8.12042131315e-08, 4.6223053829e-08, 1.13461267048e-08, 7.72012320738e-09, 3.80174247638e-09, 1.03524522288e-09, 2.4035142366e-12]}, "erbbands": {"dmean": [0.0147540364414, 0.544225335121, 3.13221430779, 2.3543381691, 2.23450922966, 6.77357006073, 8.15270233154, 4.06492471695, 3.59418916702, 9.83378601074, 4.7044839859, 3.73903059959, 3.64430952072, 4.84716415405, 7.99158906937, 6.42998933792, 6.11012935638, 10.3621921539, 7.59255409241, 16.2891731262, 11.6840591431, 9.71168231964, 9.61151218414, 17.1389446259, 12.1079301834, 6.20965766907, 3.55203390121, 1.97325527668, 1.69906938076, 1.36232173443, 0.604798197746, 0.366772294044, 0.291486591101, 0.146979123354, 0.0819008722901, 0.02888459526, 0.0120384283364, 0.0016247718595, 3.60599224223e-05, 6.14234841123e-06], "dmean2": [0.0241088476032, 0.922796368599, 5.59519147873, 4.21817398071, 3.94032907486, 10.7276144028, 13.2940196991, 6.79751777649, 5.99789142609, 15.7212162018, 7.63150548935, 5.72973871231, 5.39625501633, 7.50783157349, 11.8628234863, 9.98836612701, 9.39074897766, 16.5616035461, 12.0639677048, 25.4110488892, 18.2989597321, 16.0924510956, 16.0731620789, 28.1201686859, 20.0785388947, 10.0753583908, 5.82813739777, 3.23839068413, 2.7531247139, 2.20676422119, 0.965576887131, 0.547696232796, 0.431294322014, 0.209231972694, 0.119782418013, 0.0382817462087, 0.0158650763333, 0.00229866616428, 5.10451209266e-05, 1.00003835541e-05], "dvar": [0.000811627600342, 1.08858335018, 28.5426139832, 15.5238647461, 13.2233552933, 146.661392212, 258.799102783, 59.6496047974, 44.7667274475, 324.250671387, 82.1112442017, 51.4877700806, 44.1982383728, 87.6367950439, 201.681686401, 141.480377197, 118.848464966, 429.858459473, 168.070129395, 860.27734375, 411.762756348, 308.255889893, 304.076965332, 1444.5715332, 690.486206055, 140.375640869, 45.6087226868, 18.1226844788, 12.2254571915, 7.79020595551, 1.69714951515, 0.613317906857, 0.49077501893, 0.121399827302, 0.03839918226, 0.00600222731009, 0.00148231431376, 2.85678161163e-05, 1.37001885392e-08, 9.82805017924e-11], "dvar2": [0.00202037603594, 2.95437598228, 85.8778076172, 45.7952880859, 40.88804245, 376.91595459, 660.399169922, 170.002380371, 133.728057861, 837.740112305, 220.206207275, 122.798339844, 101.735404968, 210.864593506, 448.365722656, 346.951599121, 273.445281982, 1000.92333984, 400.647674561, 2004.87976074, 998.916809082, 848.766784668, 877.841003418, 3725.97021484, 1753.71826172, 356.262634277, 122.830322266, 46.9617347717, 31.3459606171, 20.5969219208, 4.27265834808, 1.28080010414, 0.988932669163, 0.236046344042, 0.0761937499046, 0.00984094850719, 0.002662304556, 5.06401411258e-05, 2.41858781891e-08, 2.25788956976e-10], "max": [0.414655983448, 14.0124015808, 61.481086731, 52.6657905579, 55.649723053, 192.154602051, 420.971008301, 203.258483887, 108.940696716, 274.908813477, 165.913299561, 161.943969727, 130.967300415, 157.671310425, 331.629974365, 197.503158569, 181.469741821, 458.538696289, 287.439453125, 538.504455566, 352.475921631, 239.732116699, 254.888717651, 555.266540527, 659.908996582, 206.995574951, 161.101791382, 137.96736145, 76.5946502686, 47.3125495911, 36.7683029175, 16.4146366119, 12.8248233795, 9.18730354309, 4.69674348831, 1.77795577049, 0.786652088165, 0.10955478996, 0.00243638525717, 0.000158077091328], "mean": [0.0285226982087, 0.94705671072, 4.80071258545, 4.43734836578, 4.45013809204, 15.2752885818, 19.3819942474, 11.3705759048, 8.89424419403, 18.6604347229, 10.782040596, 8.51573371887, 8.78372478485, 11.8507499695, 19.3561916351, 15.7440462112, 13.2494840622, 20.173494339, 19.2334041595, 35.9880371094, 26.2648792267, 21.1783733368, 22.0123577118, 30.1237239838, 25.431098938, 15.203953743, 9.75703716278, 5.66788625717, 4.86896800995, 3.66479468346, 1.89566373825, 1.18953037262, 0.82254076004, 0.426739811897, 0.219538077712, 0.0718878954649, 0.0230897832662, 0.00303218490444, 7.79482288635e-05, 2.78770294244e-05], "median": [0.0122774643824, 0.367891520262, 2.33822441101, 2.5378370285, 2.37793564796, 5.59421157837, 7.34981679916, 4.87652826309, 2.16400146484, 4.18598937988, 3.69804382324, 3.4797437191, 2.82869005203, 2.57565641403, 4.75360584259, 5.62579631805, 5.63307380676, 7.29019069672, 7.17189025879, 18.3498077393, 12.8793201447, 7.36138391495, 9.46360778809, 5.83370113373, 4.91232824326, 3.63357996941, 1.82770299911, 0.517401099205, 0.403184652328, 0.0944803059101, 0.028655199334, 0.0133880609646, 0.00461292965338, 0.00139654474333, 0.000200871145353, 2.86505928671e-05, 9.31442446017e-06, 2.23863298743e-06, 9.02281317394e-06, 1.87072619156e-05], "min": [1.20242912339e-22, 1.22933084536e-21, 2.83429579677e-21, 1.96310255172e-21, 7.77446701341e-21, 3.79429297942e-20, 8.90983379645e-20, 8.75678147244e-20, 1.91532455915e-19, 3.45341262447e-19, 3.60264996564e-19, 5.23002468176e-19, 8.01693937109e-19, 1.21865262624e-18, 1.25396610396e-18, 1.60363654539e-18, 2.06976802001e-18, 2.11667577818e-18, 2.71995721048e-18, 3.36704530084e-18, 2.9663215822e-18, 5.76340656056e-18, 6.31259286234e-18, 8.7036150848e-18, 8.33099007118e-18, 9.77628966827e-18, 8.01890806095e-18, 1.35759694546e-17, 1.2893260072e-17, 1.25718185131e-17, 1.08232811209e-17, 1.02695159608e-17, 1.17559529041e-17, 8.17271485123e-18, 6.96561431923e-18, 4.31954584415e-18, 2.63058386081e-18, 1.02638783114e-18, 2.4835754095e-19, 2.73242507121e-20], "var": [0.00176571041811, 2.01528835297, 45.5971794128, 31.5087127686, 38.272567749, 520.149230957, 1195.74560547, 338.588043213, 164.618011475, 906.30065918, 242.897186279, 176.563751221, 172.360565186, 269.30380249, 836.119262695, 497.993560791, 350.29989624, 1234.31506348, 645.018066406, 2473.79541016, 1209.46508789, 820.041259766, 830.610717773, 2623.92919922, 1591.25146484, 470.246490479, 204.63684082, 85.9240646362, 60.7182273865, 34.1920585632, 8.79235363007, 3.57474136353, 2.23628544807, 0.630885660648, 0.169211745262, 0.0242040157318, 0.00365616800264, 7.11633401806e-05, 3.52635112222e-08, 7.72733377286e-10]}, "gfcc": {"mean": [-111.405349731, 121.718223572, -144.921569824, 46.9521942139, -51.0815086365, -0.283309429884, -34.7813644409, -3.98720908165, -20.5920066833, -8.5401134491, -10.0923509598, -10.9558887482, -5.44384622574], "cov": [[48159.7773438, -90.6324539185, 680.934448242, 2384.98852539, -117.752754211, 1487.49145508, -1053.66552734, 1197.4831543, -572.430236816, 1186.63916016, -120.479118347, 1314.63623047, -298.697631836], [-90.6324539185, 2216.34350586, -593.664916992, 349.519744873, 419.56829834, -312.169494629, 335.78994751, -425.691314697, 398.020751953, -413.655609131, 270.436309814, -392.96081543, 293.688934326], [680.934448242, -593.664916992, 715.660522461, -12.0843744278, 123.637557983, 164.339553833, -0.335494637489, 223.906784058, -84.7294082642, 210.766540527, -62.4428825378, 201.028488159, -94.6979293823], [2384.98852539, 349.519744873, -12.0843744278, 359.464141846, 179.194503784, 32.1397476196, 61.1078147888, -31.2939529419, 80.8370132446, -20.4457530975, 61.2161026001, -9.12544345856, 52.3941001892], [-117.752754211, 419.56829834, 123.637557983, 179.194503784, 399.507781982, -43.7959594727, 174.785675049, -57.5963821411, 125.984985352, -35.079990387, 60.1548271179, -41.8964996338, 58.1614074707], [1487.49145508, -312.169494629, 164.339553833, 32.1397476196, -43.7959594727, 197.126098633, -40.4562835693, 135.97668457, -58.175868988, 100.232040405, -24.8431377411, 93.9886703491, -50.8872451782], [-1053.66552734, 335.78994751, -0.335494637489, 61.1078147888, 174.785675049, -40.4562835693, 197.011459351, -39.5619277954, 118.409675598, -66.8663787842, 57.2087020874, -78.9414138794, 44.6542396545], [1197.4831543, -425.691314697, 223.906784058, -31.2939529419, -57.5963821411, 135.97668457, -39.5619277954, 218.580612183, -60.0774726868, 149.424133301, -48.9929580688, 123.992607117, -77.8813934326], [-572.430236816, 398.020751953, -84.7294082642, 80.8370132446, 125.984985352, -58.175868988, 118.409675598, -60.0774726868, 161.082122803, -70.4071502686, 70.9146957397, -93.7523117065, 55.705039978], [1186.63916016, -413.655609131, 210.766540527, -20.4457530975, -35.079990387, 100.232040405, -66.8663787842, 149.424133301, -70.4071502686, 187.019348145, -43.7092819214, 131.991271973, -75.1149597168], [-120.479118347, 270.436309814, -62.4428825378, 61.2161026001, 60.1548271179, -24.8431377411, 57.2087020874, -48.9929580688, 70.9146957397, -43.7092819214, 93.2518768311, -37.1103744507, 50.2828636169], [1314.63623047, -392.96081543, 201.028488159, -9.12544345856, -41.8964996338, 93.9886703491, -78.9414138794, 123.992607117, -93.7523117065, 131.991271973, -37.1103744507, 175.820602417, -45.0746536255], [-298.697631836, 293.688934326, -94.6979293823, 52.3941001892, 58.1614074707, -50.8872451782, 44.6542396545, -77.8813934326, 55.705039978, -75.1149597168, 50.2828636169, -45.0746536255, 96.1197891235]], "icov": [[0.000142942430102, -0.000463884905912, 0.000153083514306, -0.000916892895475, 0.00012352882186, -0.000465161341708, 0.000727737962734, -0.000555874081329, 0.000302123487927, -0.000351652968675, 0.000389586755773, -0.00071837590076, 0.00041211489588], [-0.000463884905912, 0.00332396803424, -4.85579312226e-06, 0.00229520793073, -0.00115681311581, 0.00208618002944, -0.00246420875192, 0.0019223386189, -0.00178267387673, 0.00192499451805, -0.00282624410465, 0.00348592433147, -0.00269619026221], [0.000153083514306, -4.85579312226e-06, 0.00366580719128, -0.000392547721276, -0.00214502192102, -0.00120533199515, 0.000119410069601, -0.00176391168498, 0.000824148359243, -0.000959311902989, 0.000464333483251, -0.00245597958565, 0.00086931505939], [-0.000916892895475, 0.00229520793073, -0.000392547721276, 0.0108013851568, -0.00298013421707, 0.000362471851986, -0.00327553134412, 0.00410142028704, -0.0031963402871, 0.00210666656494, -0.00280638108961, 0.00311413966119, -0.00286946631968], [0.00012352882186, -0.00115681311581, -0.00214502192102, -0.00298013421707, 0.00752447871491, 0.000599048798904, -0.00386082753539, 0.00232294294983, -0.00112414965406, -0.00221213093027, 0.00215329043567, -0.00161821371876, -9.29883535719e-05], [-0.000465161341708, 0.00208618002944, -0.00120533199515, 0.000362471851986, 0.000599048798904, 0.0124653736129, -0.00268117012456, -0.00376669480465, 0.00135333032813, 0.00162084959447, -0.0036539726425, 0.00294692418538, -0.000998553237878], [0.000727737962734, -0.00246420875192, 0.000119410069601, -0.00327553134412, -0.00386082753539, -0.00268117012456, 0.0175496097654, -0.00643147388473, -0.00325141311623, 0.00184269226156, -0.000328623107634, -0.000921041239053, 0.00231076567434], [-0.000555874081329, 0.0019223386189, -0.00176391168498, 0.00410142028704, 0.00232294294983, -0.00376669480465, -0.00643147388473, 0.0191788952798, -0.00527148274705, -0.004984525498, 0.00185649772175, -0.00158444489352, 0.000998960109428], [0.000302123487927, -0.00178267387673, 0.000824148359243, -0.0031963402871, -0.00112414965406, 0.00135333032813, -0.00325141311623, -0.00527148274705, 0.0201797671616, -0.00301266903989, -0.00549611775205, 0.00551777565852, -0.0010106228292], [-0.000351652968675, 0.00192499451805, -0.000959311902989, 0.00210666656494, -0.00221213093027, 0.00162084959447, 0.00184269226156, -0.004984525498, -0.00301266903989, 0.0202598199248, -0.00283399876207, -0.00506594404578, 0.00491926213726], [0.000389586755773, -0.00282624410465, 0.000464333483251, -0.00280638108961, 0.00215329043567, -0.0036539726425, -0.000328623107634, 0.00185649772175, -0.00549611775205, -0.00283399876207, 0.0227801147848, -0.00576212303713, -0.00339568755589], [-0.00071837590076, 0.00348592433147, -0.00245597958565, 0.00311413966119, -0.00161821371876, 0.00294692418538, -0.000921041239053, -0.00158444489352, 0.00551777565852, -0.00506594404578, -0.00576212303713, 0.0239867661148, -0.00821110978723], [0.00041211489588, -0.00269619026221, 0.00086931505939, -0.00286946631968, -9.29883535719e-05, -0.000998553237878, 0.00231076567434, 0.000998960109428, -0.0010106228292, 0.00491926213726, -0.00339568755589, -0.00821110978723, 0.0239623188972]]}, "melbands": {"dmean": [0.000302334898151, 0.00130713393446, 0.000390839471947, 0.00025069291587, 0.000333126459736, 9.07606154215e-05, 5.24731913174e-05, 0.000111778637802, 3.36231350957e-05, 2.23845236178e-05, 1.80101324077e-05, 1.94566182472e-05, 2.44255788857e-05, 1.78901282197e-05, 1.52566963152e-05, 9.84866892395e-06, 2.32823622355e-05, 1.1060072211e-05, 1.80625684152e-05, 3.14398821502e-05, 1.15832153824e-05, 9.87028215604e-06, 1.27837056425e-05, 9.54601273406e-06, 1.56315800268e-05, 1.10851724457e-05, 6.23477990302e-06, 4.51189362138e-06, 2.67228051598e-06, 1.91184676623e-06, 1.37647361953e-06, 1.08063045445e-06, 1.08108122276e-06, 7.08601362476e-07, 4.08264384077e-07, 3.11433410616e-07, 2.47142395438e-07, 2.40419979036e-07, 1.89775946069e-07, 1.1912239728e-07], "dmean2": [0.000503375777043, 0.0023071707692, 0.000694341724738, 0.000414970476413, 0.000536503561307, 0.000150795909576, 8.74792967807e-05, 0.000176465502591, 5.54136568098e-05, 3.40855731338e-05, 2.67025698122e-05, 3.01015606965e-05, 3.6007957533e-05, 2.79749529e-05, 2.32239344768e-05, 1.57733193191e-05, 3.71353016817e-05, 1.75098812178e-05, 2.85690075543e-05, 4.85529926664e-05, 1.86106371984e-05, 1.62666365213e-05, 2.15055133594e-05, 1.60419040185e-05, 2.56522453128e-05, 1.79165654117e-05, 1.04171895146e-05, 7.41017311157e-06, 4.42061309514e-06, 3.17894705404e-06, 2.31487001656e-06, 1.78056563982e-06, 1.76953574282e-06, 1.16286753382e-06, 6.65083632612e-07, 4.90575246204e-07, 3.80184474125e-07, 3.69865801986e-07, 2.79245767842e-07, 1.80629726287e-07], "dvar": [3.45683019987e-07, 5.08580023961e-06, 3.97658084239e-07, 1.66153384384e-07, 3.8816125425e-07, 2.71280100606e-08, 9.01523300456e-09, 4.2217742191e-08, 4.39529923568e-09, 1.94800708897e-09, 1.08472586469e-09, 1.45620315806e-09, 1.85570603328e-09, 1.01583630396e-09, 6.18119333495e-10, 3.31155936006e-10, 2.23365481666e-09, 3.74215713972e-10, 9.12639241957e-10, 3.42892714222e-09, 4.37293506961e-10, 2.78939982223e-10, 5.48403711331e-10, 3.25351579011e-10, 1.2721362852e-09, 7.60319751603e-10, 1.42272638115e-10, 7.57198331813e-11, 2.48431674538e-11, 1.42449880017e-11, 9.29256324667e-12, 5.46100794793e-12, 4.48604608322e-12, 1.96015642953e-12, 7.79482435629e-13, 4.19033080803e-13, 2.61035198448e-13, 3.38216677971e-13, 2.01262197554e-13, 7.83540509493e-14], "dvar2": [8.84193127604e-07, 1.49144552779e-05, 1.17305626191e-06, 4.45778965741e-07, 9.94181618807e-07, 7.69797878775e-08, 2.63769859288e-08, 1.05216351187e-07, 1.22744712172e-08, 4.60849669537e-09, 2.49762077686e-09, 3.50589801634e-09, 4.11121758859e-09, 2.52739340567e-09, 1.39881328742e-09, 8.54142256923e-10, 5.18104403824e-09, 8.91111018309e-10, 2.22996088262e-09, 7.77293518439e-09, 1.11616560439e-09, 7.36934568923e-10, 1.53703083594e-09, 9.41865252457e-10, 3.27791260801e-09, 1.82919590586e-09, 3.89517029742e-10, 1.99876143414e-10, 6.8444867829e-11, 3.79934278483e-11, 2.49749613351e-11, 1.4554458333e-11, 1.20145239244e-11, 5.295332315e-12, 2.03708707888e-12, 9.90972820296e-13, 5.92925177272e-13, 7.58365755176e-13, 4.04147174711e-13, 1.71865681951e-13], "max": [0.00833437871188, 0.0256144106388, 0.00813978351653, 0.00574144069105, 0.0130374655128, 0.0039728898555, 0.001461243839, 0.00346165825613, 0.0012628105469, 0.00105501129292, 0.000650020258036, 0.000652018585242, 0.000974039197899, 0.000517305976246, 0.000391146721086, 0.000431854772614, 0.00104743882548, 0.000453846907476, 0.000433891400462, 0.000974753638729, 0.000331293209456, 0.000187491677934, 0.000296016427455, 0.000366023159586, 0.000519679510035, 0.000749798899051, 0.000186855337233, 0.000160519775818, 0.000100592966191, 8.17134205136e-05, 8.21638604975e-05, 5.57609237148e-05, 3.79641533073e-05, 2.57770188909e-05, 2.26190841204e-05, 1.37995302794e-05, 9.54573624767e-06, 1.02051817521e-05, 9.86543363979e-06, 9.45319061429e-06], "mean": [0.000554747879505, 0.00215329159983, 0.000810767000075, 0.000600501836743, 0.000801309244707, 0.000253348174738, 0.00012670578144, 0.000216890621232, 7.61865157983e-05, 5.00323767483e-05, 4.1275183321e-05, 4.38637653133e-05, 6.1217629991e-05, 4.53422253486e-05, 3.51988564944e-05, 2.13341791095e-05, 4.19691423303e-05, 2.67433388217e-05, 3.88532571378e-05, 5.85786619922e-05, 2.46761410381e-05, 2.06203785638e-05, 2.35373208852e-05, 1.96595447051e-05, 2.46524996328e-05, 2.02076116693e-05, 1.35421360028e-05, 9.51160291152e-06, 6.58555882183e-06, 4.34037156083e-06, 3.10701830131e-06, 2.73687146546e-06, 2.59349053522e-06, 1.74109197815e-06, 1.10593282443e-06, 8.62857802986e-07, 6.79782885982e-07, 5.99384918587e-07, 4.82315272166e-07, 3.10627001454e-07], "median": [0.000202204857487, 0.0011639057193, 0.000484312797198, 0.000301208143355, 0.000314081291435, 0.000109059939859, 3.02936714434e-05, 4.81489114463e-05, 2.83811132249e-05, 1.89556994883e-05, 1.24971229525e-05, 9.42602491705e-06, 1.44729056046e-05, 1.44065506902e-05, 1.48449580593e-05, 8.00487759989e-06, 1.36879971251e-05, 8.64347020979e-06, 1.81212726602e-05, 2.60541310126e-05, 1.10651799332e-05, 6.71421685183e-06, 7.96675158199e-06, 8.62873821461e-06, 3.63212257071e-06, 3.38079507856e-06, 3.28650412484e-06, 1.99944997803e-06, 1.38423922635e-06, 3.15158018793e-07, 2.72188458439e-07, 2.44729193355e-07, 1.15898899367e-07, 3.01562508298e-08, 1.76513950123e-08, 1.12112221728e-08, 6.77227784962e-09, 3.52365514544e-09, 2.16213535964e-09, 7.90854381982e-10], "min": [1.26664772589e-24, 1.79798814404e-24, 4.72862849504e-25, 1.32994237505e-24, 3.00126706785e-24, 2.28686694068e-24, 3.72642232737e-24, 3.82368414382e-24, 2.69182809473e-24, 2.94894567109e-24, 3.73759851425e-24, 3.84157905903e-24, 3.35042282095e-24, 5.52736179728e-24, 4.57112472392e-24, 5.34110503224e-24, 2.99774855099e-24, 3.96934849326e-24, 3.36979527263e-24, 3.91313071528e-24, 2.80030692161e-24, 4.79997958342e-24, 5.23807388156e-24, 5.78463221544e-24, 6.12454094101e-24, 4.52475824093e-24, 4.77428953918e-24, 7.11056106342e-24, 4.49253445624e-24, 5.806197306e-24, 6.85068582655e-24, 6.55606363339e-24, 6.66427405034e-24, 6.02525214647e-24, 5.22596052793e-24, 6.39358984135e-24, 6.04029690722e-24, 7.00768255732e-24, 7.24562509444e-24, 6.26628859606e-24], "var": [7.24004053154e-07, 8.36355229694e-06, 9.71988470155e-07, 6.29928308626e-07, 1.61057289461e-06, 1.52078740712e-07, 3.29754357153e-08, 1.27417294493e-07, 1.1760125318e-08, 6.74156597213e-09, 4.03281585903e-09, 3.97337807101e-09, 8.453200806e-09, 4.00964417224e-09, 2.210175154e-09, 8.90214013616e-10, 6.08646422151e-09, 1.37380162801e-09, 2.56971066648e-09, 8.00666288825e-09, 1.13515641331e-09, 7.64840690781e-10, 1.20881471499e-09, 7.05746294738e-10, 2.11130535277e-09, 1.41197897818e-09, 3.84291515276e-10, 2.07018568954e-10, 9.39552879942e-11, 4.7706096018e-11, 3.02726142765e-11, 2.13480622069e-11, 1.69329637117e-11, 7.86100178007e-12, 3.08350523934e-12, 2.01637599846e-12, 1.19072395173e-12, 1.28712318581e-12, 7.90100840656e-13, 3.66953456553e-13]}, "mfcc": {"mean": [-721.813415527, 125.985656738, -18.994934082, 36.1623497009, 5.86663818359, 4.43107557297, -1.67609632015, -1.40146791935, -4.00678920746, -1.00916159153, -6.71685266495, -4.68094348907, -0.0591350495815], "cov": [[29917.4414062, 1800.37084961, -236.089614868, 1916.71984863, 503.166809082, 678.483215332, 223.036712646, 461.786773682, -92.1369018555, 195.074523926, 266.09161377, 250.352340698, 384.912963867], [1800.37084961, 2047.5123291, -512.01965332, 700.708435059, 186.609069824, 183.066955566, 66.2469940186, 55.2413673401, 71.7869567871, 59.644744873, -34.8052062988, 34.9375991821, -7.16649770737], [-236.089614868, -512.01965332, 420.823608398, -200.340362549, 0.143334269524, -33.9746704102, 30.1030063629, 25.4909286499, 1.39419209957, 2.28128314018, 41.6505203247, 23.8898010254, 26.2112293243], [1916.71984863, 700.708435059, -200.340362549, 543.376647949, 145.114013672, 179.625427246, 47.2500953674, 73.4172821045, 51.538608551, 46.3851699829, 20.6076602936, 39.8933181763, 28.6740207672], [503.166809082, 186.609069824, 0.143334269524, 145.114013672, 135.970794678, 78.2554779053, 35.8952140808, 36.4841918945, 25.8400001526, 24.4658699036, 13.6298427582, 27.4825515747, 19.0566177368], [678.483215332, 183.066955566, -33.9746704102, 179.625427246, 78.2554779053, 132.820373535, 46.5042991638, 44.6871490479, 27.3342895508, 25.1348724365, 17.827583313, 20.6570224762, 15.6566047668], [223.036712646, 66.2469940186, 30.1030063629, 47.2500953674, 35.8952140808, 46.5042991638, 81.7752914429, 48.2873268127, 25.2162246704, 22.6975498199, 19.745923996, 26.9608840942, 16.4943904877], [461.786773682, 55.2413673401, 25.4909286499, 73.4172821045, 36.4841918945, 44.6871490479, 48.2873268127, 87.114364624, 40.5755653381, 24.9539165497, 29.1849479675, 30.368844986, 22.3713283539], [-92.1369018555, 71.7869567871, 1.39419209957, 51.538608551, 25.8400001526, 27.3342895508, 25.2162246704, 40.5755653381, 68.0192565918, 39.7191047668, 18.2223262787, 18.6840286255, 11.792517662], [195.074523926, 59.644744873, 2.28128314018, 46.3851699829, 24.4658699036, 25.1348724365, 22.6975498199, 24.9539165497, 39.7191047668, 70.2230224609, 36.8090019226, 19.2926273346, 13.4627304077], [266.09161377, -34.8052062988, 41.6505203247, 20.6076602936, 13.6298427582, 17.827583313, 19.745923996, 29.1849479675, 18.2223262787, 36.8090019226, 69.7010421753, 37.509727478, 18.6138267517], [250.352340698, 34.9375991821, 23.8898010254, 39.8933181763, 27.4825515747, 20.6570224762, 26.9608840942, 30.368844986, 18.6840286255, 19.2926273346, 37.509727478, 66.8141021729, 34.7119178772], [384.912963867, -7.16649770737, 26.2112293243, 28.6740207672, 19.0566177368, 15.6566047668, 16.4943904877, 22.3713283539, 11.792517662, 13.4627304077, 18.6138267517, 34.7119178772, 60.7004394531]], "icov": [[5.59207728656e-05, -1.34468791657e-06, -4.44795223302e-05, -0.000210847094422, 4.3838583224e-05, -1.07186933747e-05, 7.4137285992e-05, -0.000296609039651, 0.000516059750225, -0.000188372607226, -4.37990529463e-05, 8.99029255379e-05, -0.00025424110936], [-1.34468791657e-06, 0.00118577980902, 0.000851018703543, -0.00129345140886, -0.000534722930752, 0.000896011129953, -0.000969624728896, 0.000382870668545, -0.000251217308687, -0.000426880957093, 0.000930719077587, -0.000677920703311, 0.000696937262546], [-4.44795223302e-05, 0.000851018703543, 0.00440509850159, 0.00130325101782, -0.00195879093371, 0.000567434821278, -0.00165806512814, -0.000531504279934, -0.000586187525187, 0.00092465011403, -0.00171009113546, 0.00010148887668, -0.000645087391604], [-0.000210847094422, -0.00129345140886, 0.00130325101782, 0.00712413387373, -0.00189055025112, -0.0053239078261, 0.00222921790555, -0.00108273618389, -0.00172671384644, 0.000742998323403, -0.000855847785715, -0.000287591217784, -0.000386186409742], [4.3838583224e-05, -0.000534722930752, -0.00195879093371, -0.00189055025112, 0.0134259918705, -0.00480869738385, -0.000109683707706, -0.000251948193181, 0.00035425380338, -0.00188244122546, 0.00248540844768, -0.00272150128148, -0.000311428564601], [-1.07186933747e-05, 0.000896011129953, 0.000567434821278, -0.0053239078261, -0.00480869738385, 0.0188168045133, -0.00655641732737, -0.000447294500191, -0.000443418073701, 0.000328263471602, -0.00145166821312, 0.00230360659771, 0.000187491052202], [7.4137285992e-05, -0.000969624728896, -0.00165806512814, 0.00222921790555, -0.000109683707706, -0.00655641732737, 0.0227892603725, -0.00975031871349, 0.0021442361176, -0.00373503263108, 0.00253615761176, -0.00430084345862, 0.00029833134613], [-0.000296609039651, 0.000382870668545, -0.000531504279934, -0.00108273618389, -0.000251948193181, -0.000447294500191, -0.00975031871349, 0.0264597702771, -0.0136722084135, 0.0060574891977, -0.00524610234424, -0.000565810420085, -0.000995876151137], [0.000516059750225, -0.000251217308687, -0.000586187525187, -0.00172671384644, 0.00035425380338, -0.000443418073701, 0.0021442361176, -0.0136722084135, 0.033629219979, -0.0170128159225, 0.00566539354622, -0.00243776175193, -0.000877131300513], [-0.000188372607226, -0.000426880957093, 0.00092465011403, 0.000742998323403, -0.00188244122546, 0.000328263471602, -0.00373503263108, 0.0060574891977, -0.0170128159225, 0.0309774186462, -0.0156465359032, 0.0052677821368, -0.00209712283686], [-4.37990529463e-05, 0.000930719077587, -0.00171009113546, -0.000855847785715, 0.00248540844768, -0.00145166821312, 0.00253615761176, -0.00524610234424, 0.00566539354622, -0.0156465359032, 0.0315419621766, -0.0151134394109, 0.00370875955559], [8.99029255379e-05, -0.000677920703311, 0.00010148887668, -0.000287591217784, -0.00272150128148, 0.00230360659771, -0.00430084345862, -0.000565810420085, -0.00243776175193, 0.0052677821368, -0.0151134394109, 0.0320920310915, -0.0133328791708], [-0.00025424110936, 0.000696937262546, -0.000645087391604, -0.000386186409742, -0.000311428564601, 0.000187491052202, 0.00029833134613, -0.000995876151137, -0.000877131300513, -0.00209712283686, 0.00370875955559, -0.0133328791708, 0.0260879024863]]}, "spectral_contrast_coeffs": {"dmean": [0.0414537340403, 0.0365979932249, 0.0264782309532, 0.0246732272208, 0.0185513887554, 0.0169794429094], "dmean2": [0.0701086372137, 0.061843380332, 0.0436452962458, 0.0402177125216, 0.0308079943061, 0.0273227468133], "dvar": [0.00120244198479, 0.000841374043375, 0.000456298235804, 0.00038324779598, 0.000237451778958, 0.000238247637753], "dvar2": [0.00343586294912, 0.00243908679113, 0.00123817613348, 0.0010270307539, 0.000649271416478, 0.00055484182667], "max": [-0.336248874664, -0.534788250923, -0.57789504528, -0.567471265793, -0.642807662487, -0.535316705704], "mean": [-0.615195333958, -0.755243659019, -0.785317122936, -0.766130208969, -0.78770250082, -0.734595417976], "median": [-0.61075425148, -0.753956854343, -0.782514572144, -0.766027927399, -0.781089782715, -0.732205867767], "min": [-0.974732100964, -0.979598701, -0.974734246731, -0.968377113342, -0.967880725861, -0.964365839958], "var": [0.00564075727016, 0.00352074718103, 0.00207003485411, 0.00292576546781, 0.00268074707128, 0.00269982335158]}, "spectral_contrast_valleys": {"dmean": [0.390021830797, 0.300200253725, 0.240863621235, 0.200368002057, 0.161683633924, 0.172151252627], "dmean2": [0.66364634037, 0.505702316761, 0.399143189192, 0.330165088177, 0.2547095716, 0.268263846636], "dvar": [0.123419299722, 0.0839648097754, 0.0681274011731, 0.0580411963165, 0.059237908572, 0.0541299171746], "dvar2": [0.300949394703, 0.190097421408, 0.136475235224, 0.10287309438, 0.0884003937244, 0.0866027250886], "max": [-5.3682308197,