{"lowlevel": {"average_loudness": 0.97179543972, "barkbands_crest": {"dmean": 3.90577721596, "dmean2": 5.56923913956, "dvar": 13.4815454483, "dvar2": 27.9813690186, "max": 26.6370983124, "mean": 16.206079483, "median": 17.4102859497, "min": 2.27482271194, "var": 41.2336845398}, "barkbands_flatness_db": {"dmean": 0.0452955923975, "dmean2": 0.0627114400268, "dvar": 0.00241301977076, "dvar2": 0.0041771158576, "max": 0.749951779842, "mean": 0.197700545192, "median": 0.183622449636, "min": 0.0183576717973, "var": 0.0107803801075}, "barkbands_kurtosis": {"dmean": 21.8154640198, "dmean2": 32.8883361816, "dvar": 3437.44921875, "dvar2": 8049.32080078, "max": 2693.23754883, "mean": 31.0843868256, "median": 9.13695430756, "min": -1.92325437069, "var": 4864.30712891}, "barkbands_skewness": {"dmean": 1.57085680962, "dmean2": 2.18674921989, "dvar": 3.45219135284, "dvar2": 6.96017789841, "max": 35.8094482422, "mean": 3.72159218788, "median": 2.90218925476, "min": -3.43313503265, "var": 10.9167947769}, "barkbands_spread": {"dmean": 9.15692424774, "dmean2": 13.0682020187, "dvar": 133.972671509, "dvar2": 262.74041748, "max": 114.276229858, "mean": 19.5083446503, "median": 13.6371259689, "min": 0.0554349832237, "var": 338.158294678}, "dissonance": {"dmean": 0.0214713569731, "dmean2": 0.035552278161, "dvar": 0.000490928709041, "dvar2": 0.0012758487137, "max": 0.500000059605, "mean": 0.463474422693, "median": 0.472525477409, "min": 0.229845181108, "var": 0.00102646648884}, "dynamic_complexity": 3.10496544838, "erbbands_crest": {"dmean": 3.15123534203, "dmean2": 5.12616825104, "dvar": 9.34547901154, "dvar2": 23.6216545105, "max": 31.8170185089, "mean": 8.71603107452, "median": 7.66267871857, "min": 2.18826889992, "var": 20.4745731354}, "erbbands_flatness_db": {"dmean": 0.0225638709962, "dmean2": 0.0329143255949, "dvar": 0.000608641596045, "dvar2": 0.00111937592737, "max": 0.461629509926, "mean": 0.13884100318, "median": 0.129242300987, "min": 0.032565984875, "var": 0.00336020463146}, "erbbands_kurtosis": {"dmean": 1.23854887486, "dmean2": 1.99100708961, "dvar": 5.27905225754, "dvar2": 12.636724472, "max": 70.2872238159, "mean": 0.492013573647, "median": -0.299149632454, "min": -1.86012125015, "var": 9.80572986603}, "erbbands_skewness": {"dmean": 0.514157533646, "dmean2": 0.793754398823, "dvar": 0.266552567482, "dvar2": 0.606185317039, "max": 7.24105072021, "mean": 0.138930633664, "median": 0.115770429373, "min": -5.13953495026, "var": 0.803950667381}, "erbbands_spread": {"dmean": 13.459397316, "dmean2": 20.1328220367, "dvar": 196.770431519, "dvar2": 424.124786377, "max": 202.439682007, "mean": 50.2471199036, "median": 45.9590377808, "min": 1.97693121433, "var": 677.587158203}, "hfc": {"dmean": 13.1236906052, "dmean2": 18.7281131744, "dvar": 364.267700195, "dvar2": 759.472106934, "max": 170.843673706, "mean": 23.4572162628, "median": 14.0006504059, "min": 1.25108076564e-16, "var": 657.011108398}, "melbands_crest": {"dmean": 4.26496315002, "dmean2": 6.21889257431, "dvar": 18.8701782227, "dvar2": 41.5944709778, "max": 38.2544021606, "mean": 23.8429450989, "median": 25.3198051453, "min": 1.99689233303, "var": 80.1613311768}, "melbands_flatness_db": {"dmean": 0.0545084998012, "dmean2": 0.072910130024, "dvar": 0.00344997947104, "dvar2": 0.0055427304469, "max": 0.939699709415, "mean": 0.279556244612, "median": 0.276257157326, "min": 0.00811707414687, "var": 0.0168743636459}, "melbands_kurtosis": {"dmean": 48.7421836853, "dmean2": 72.169128418, "dvar": 7754.66650391, "dvar2": 15164.9375, "max": 3285.52954102, "mean": 80.6532363892, "median": 30.2397289276, "min": -1.83856105804, "var": 23690.796875}, "melbands_skewness": {"dmean": 2.15855288506, "dmean2": 3.05931401253, "dvar": 5.43236064911, "dvar2": 11.0076885223, "max": 45.1202507019, "mean": 5.98615550995, "median": 4.79064846039, "min": -2.25052309036, "var": 22.6774959564}, "melbands_spread": {"dmean": 10.0139961243, "dmean2": 14.7515096664, "dvar": 226.251815796, "dvar2": 464.99911499, "max": 215.83026123, "mean": 17.8410701752, "median": 8.46577835083, "min": 0.102769292891, "var": 554.442810059}, "pitch_salience": {"dmean": 0.104683384299, "dmean2": 0.157734826207, "dvar": 0.013154597953, "dvar2": 0.0276923850179, "max": 0.905212342739, "mean": 0.362514972687, "median": 0.330790996552, "min": 0.0267855394632, "var": 0.0416936501861}, "silence_rate_20dB": {"dmean": 0, "dmean2": 0, "dvar": 0, "dvar2": 0, "max": 1, "mean": 1, "median": 1, "min": 1, "var": 0}, "silence_rate_30dB": {"dmean": 0.122236981988, "dmean2": 0.244503498077, "dvar": 0.107300132513, "dvar2": 0.211790174246, "max": 1, "mean": 0.778019309044, "median": 1, "min": 0, "var": 0.172709479928}, "silence_rate_60dB": {"dmean": 0.0369609855115, "dmean2": 0.0738101005554, "dvar": 0.0356002114713, "dvar2": 0.0847930684686, "max": 1, "mean": 0.0690821260214, "median": 0, "min": 0, "var": 0.0643042251468}, "spectral_centroid": {"dmean": 403.999511719, "dmean2": 579.307373047, "dvar": 180655.546875, "dvar2": 305168.53125, "max": 10976.8574219, "mean": 1515.97290039, "median": 1434.98376465, "min": 78.9251480103, "var": 660203.125}, "spectral_complexity": {"dmean": 6.70032596588, "dmean2": 9.47040367126, "dvar": 65.0731124878, "dvar2": 115.949295044, "max": 61, "mean": 15.0664253235, "median": 12, "min": 0, "var": 135.205474854}, "spectral_decrease": {"dmean": 7.66933627716e-09, "dmean2": 1.14727960465e-08, "dvar": 1.22810155587e-16, "dvar2": 2.47837949309e-16, "max": 1.61003697353e-12, "mean": -1.77241279431e-08, "median": -1.37116282772e-08, "min": -8.98775311953e-08, "var": 2.7021605685e-16}, "spectral_energy": {"dmean": 0.0295540764928, "dmean2": 0.0441390126944, "dvar": 0.00177979539149, "dvar2": 0.00358993164264, "max": 0.341529875994, "mean": 0.0690224468708, "median": 0.0544418059289, "min": 1.14730879924e-20, "var": 0.00391250196844}, "spectral_energyband_high": {"dmean": 0.00109511311166, "dmean2": 0.001540313242, "dvar": 3.57102589987e-06, "dvar2": 7.23768607713e-06, "max": 0.0199697241187, "mean": 0.00143792736344, "median": 0.000400455901399, "min": 8.12611974794e-21, "var": 5.53086374566e-06}, "spectral_energyband_low": {"dmean": 0.0279025938362, "dmean2": 0.0420135036111, "dvar": 0.00178304186556, "dvar2": 0.00367087242194, "max": 0.339639872313, "mean": 0.0578966736794, "median": 0.0407619923353, "min": 2.88277353345e-23, "var": 0.00373798958026}, "spectral_energyband_middle_high": {"dmean": 0.00211899192072, "dmean2": 0.00339622329921, "dvar": 1.34196488943e-05, "dvar2": 3.25261571561e-05, "max": 0.0592235513031, "mean": 0.00353206531145, "median": 0.00154764275067, "min": 1.80901613078e-21, "var": 3.25317741954e-05}, "spectral_energyband_middle_low": {"dmean": 0.00409154361114, "dmean2": 0.00647041993216, "dvar": 3.52422939613e-05, "dvar2": 8.80432635313e-05, "max": 0.0707025900483, "mean": 0.00673921452835, "median": 0.00388989923522, "min": 3.969368341e-22, "var": 6.48640270811e-05}, "spectral_entropy": {"dmean": 0.238525807858, "dmean2": 0.341180711985, "dvar": 0.080553047359, "dvar2": 0.13584677875, "max": 9.7982635498, "mean": 7.68353271484, "median": 7.80164384842, "min": 3.78948760033, "var": 0.372398048639}, "spectral_flux": {"dmean": 0.0534097030759, "dmean2": 0.0825561285019, "dvar": 0.00442281132564, "dvar2": 0.00806605536491, "max": 0.545890927315, "mean": 0.124531872571, "median": 0.0919536799192, "min": 1.07112499426e-10, "var": 0.00941107049584}, "spectral_kurtosis": {"dmean": 1.99479055405, "dmean2": 3.0613720417, "dvar": 45.0508651733, "dvar2": 76.1867980957, "max": 526.215515137, "mean": 4.94033288956, "median": 3.23570680618, "min": -1.13763272762, "var": 168.327407837}, "spectral_rms": {"dmean": 0.00174124783371, "dmean2": 0.00245052180253, "dvar": 4.51699952464e-06, "dvar2": 8.43048565002e-06, "max": 0.0182537641376, "mean": 0.00726697500795, "median": 0.00728793255985, "min": 3.3456323649e-12, "var": 1.45302383316e-05}, "spectral_rolloff": {"dmean": 756.932250977, "dmean2": 1208.26574707, "dvar": 1918411.25, "dvar2": 3779497.5, "max": 19035.3515625, "mean": 1264.98583984, "median": 258.3984375, "min": 43.06640625, "var": 4491518.5}, "spectral_skewness": {"dmean": 0.276094257832, "dmean2": 0.39984485507, "dvar": 0.13990457356, "dvar2": 0.267423123121, "max": 19.7730636597, "mean": 1.54167890549, "median": 1.44545722008, "min": 0.00443345867097, "var": 0.616062998772}, "spectral_spread": {"dmean": 734492.875, "dmean2": 1074461.875, "dvar": 847328378880, "dvar2": 1403956494340.0, "max": 38410180, "mean": 5334882, "median": 5258429, "min": 293633.6875, "var": 4024883740670.0}, "spectral_strongpeak": {"dmean": 0.333600789309, "dmean2": 0.546716928482, "dvar": 0.516293168068, "dvar2": 1.23936522007, "max": 19.8042068481, "mean": 0.629634022713, "median": 0.45718345046, "min": 0, "var": 0.766993165016}, "zerocrossingrate": {"dmean": 0.0171597339213, "dmean2": 0.0181322339922, "dvar": 0.000456890760688, "dvar2": 0.000450878753327, "max": 0.49267578125, "mean": 0.0538810677826, "median": 0.03759765625, "min": 0.00146484375, "var": 0.0030724524986}, "barkbands": {"dmean": [0.0023874763865, 0.0253595430404, 0.00742122065276, 0.00119551690295, 0.000965473183896, 0.00067669787677, 0.000824543181807, 0.000840256223455, 0.000588860537391, 0.000316424411722, 0.000302194064716, 0.00024804356508, 0.000237261279835, 0.000334184500389, 0.000196469380171, 0.000226801057579, 0.00041234708624, 0.000287485599983, 0.000253628735663, 0.000209829275263, 0.000264189118752, 0.000242584617808, 0.0001652702922, 0.000173490523594, 0.00013148545986, 3.92383990402e-05, 1.25342839965e-05], "dmean2": [0.00247764121741, 0.0373603515327, 0.0132935084403, 0.00213449355215, 0.00155309424736, 0.00107454624958, 0.00133870658465, 0.0012601618655, 0.000875504338183, 0.000514232611749, 0.000511504418682, 0.000408554187743, 0.000374201597879, 0.000568549206946, 0.000320073042531, 0.000347222434357, 0.000715647998732, 0.000468624028144, 0.000392347108573, 0.000317168829497, 0.000413054222008, 0.000348474161001, 0.000232129779761, 0.000248294672929, 0.000192088307813, 5.58891733817e-05, 1.90436785488e-05], "dvar": [1.27720977616e-05, 0.00145385519136, 0.000470738770673, 8.77831553225e-06, 3.00830561173e-06, 1.61775085417e-06, 2.90071284326e-06, 2.32392221733e-06, 2.41486031882e-06, 4.10427986708e-07, 4.42495348807e-07, 3.10860514219e-07, 5.15984197591e-07, 1.02957687886e-06, 4.23685946771e-07, 1.0113941471e-06, 1.11611484499e-06, 4.90851164159e-07, 2.4724235459e-07, 1.35131145385e-07, 2.28260418567e-07, 1.86757901588e-07, 8.15666751919e-08, 1.26607289985e-07, 6.48868123676e-08, 4.34239799674e-09, 6.60986265721e-10], "dvar2": [1.25315018522e-05, 0.00296394526958, 0.00131667230744, 2.48469750659e-05, 7.06492301106e-06, 3.47685408997e-06, 6.20777018412e-06, 4.97560949952e-06, 4.11526207245e-06, 8.02327406291e-07, 1.14708245746e-06, 7.53779659135e-07, 1.04822959202e-06, 2.59974490291e-06, 1.05615163193e-06, 1.95873417397e-06, 3.08127278004e-06, 1.27682903894e-06, 5.61698016099e-07, 2.97523456538e-07, 4.69130554848e-07, 4.0584777139e-07, 1.4843136853e-07, 2.81838197225e-07, 1.51984806962e-07, 8.77657324594e-09, 1.5262646702e-09], "max": [0.0354870930314, 0.32589006424, 0.158320635557, 0.0223086588085, 0.0253280010074, 0.0238740872592, 0.0465879626572, 0.0418316721916, 0.0588196367025, 0.0169569645077, 0.0162298176438, 0.0196883063763, 0.0328311435878, 0.0352084077895, 0.03253409639, 0.0486514829099, 0.0221658274531, 0.0150423208252, 0.00991781707853, 0.00540883699432, 0.00386977870949, 0.00425612833351, 0.00706778187305, 0.00419215578586, 0.0033047744073, 0.000832550344057, 0.000711832020897], "mean": [0.00507507938892, 0.0466860942543, 0.00567158777267, 0.00106359203346, 0.00128897465765, 0.0009558541351, 0.000973860791419, 0.00116676837206, 0.00104943616316, 0.000426896702265, 0.000331429269863, 0.0003219844657, 0.000299860577798, 0.000419148302171, 0.000252851867117, 0.000352036760887, 0.000438467803178, 0.000360999256372, 0.000327213347191, 0.000250155251706, 0.000301315012621, 0.000295789970551, 0.000236758540268, 0.00021854606166, 0.000166131649166, 6.53241222608e-05, 2.63325910055e-05], "median": [0.000887796224561, 0.0328428819776, 0.000527234049514, 0.000154503912199, 0.000379391916795, 0.000301920634229, 0.000304922985379, 0.00046757038217, 0.000248516967986, 0.000144337391248, 9.22190083656e-05, 7.17364018783e-05, 7.39414099371e-05, 5.87335744058e-05, 8.04313604021e-05, 9.18427249417e-05, 0.000120259552205, 9.87758103292e-05, 9.7919604741e-05, 6.63230603095e-05, 5.76681341045e-05, 6.19675556663e-05, 4.55905064882e-05, 3.52032766386e-05, 3.11778712785e-05, 1.03937290987e-05, 2.97965380014e-06], "min": [1.84529987962e-24, 8.88306840858e-24, 1.63429859902e-23, 5.78173275718e-24, 2.02301627873e-23, 7.77502570363e-23, 5.96853801721e-23, 5.99247963014e-23, 1.35326223148e-22, 8.95515783131e-23, 1.17306077852e-22, 1.95728608463e-22, 1.08598012714e-22, 1.0132466468e-22, 2.12258765902e-22, 1.56037621064e-22, 1.63452307728e-22, 2.78850389797e-22, 3.24850749825e-22, 1.56371896139e-22, 5.60733539567e-22, 6.71779558063e-22, 5.46247074608e-22, 1.04485119146e-21, 1.29247778505e-21, 1.66902802998e-21, 2.56432351266e-21], "var": [6.30888825981e-05, 0.00272199674509, 0.000290041498374, 6.33963418295e-06, 5.91320713283e-06, 3.20068329529e-06, 4.67178870167e-06, 4.32162823927e-06, 1.13247797344e-05, 9.37154936764e-07, 5.06801086431e-07, 1.12215991521e-06, 9.4086072977e-07, 2.62732942247e-06, 5.05682635321e-07, 3.00896726912e-06, 1.5013315533e-06, 7.61645480907e-07, 3.72167505702e-07, 2.03451222092e-07, 2.8405807484e-07, 2.60545959918e-07, 1.58896085622e-07, 1.83008580734e-07, 9.08086121854e-08, 1.22522694213e-08, 5.59394175426e-09]}, "erbbands": {"dmean": [1.04542839527, 5.26557445526, 9.36192893982, 5.61947345734, 3.22269320488, 3.25649762154, 4.8030834198, 5.75123882294, 10.1296472549, 15.3004255295, 19.0717010498, 12.1168937683, 10.7428340912, 9.96106243134, 11.2021398544, 10.2156276703, 9.6351556778, 16.7303295135, 12.0244913101, 9.26086235046, 16.0779666901, 20.6263980865, 12.9825611115, 17.786277771, 10.9873075485, 8.85829639435, 12.4451551437, 8.42734146118, 8.1555185318, 7.16684007645, 4.30817842484, 3.5322535038, 2.79625535011, 1.80446302891, 0.784947812557, 0.227442726493, 0.0694548636675, 0.0174872688949, 0.00205825548619, 0.000119479387649], "dmean2": [1.53071463108, 7.65029907227, 15.8888378143, 9.90774059296, 5.48408746719, 5.15298271179, 7.66584730148, 9.21337127686, 17.0049972534, 23.2549171448, 28.7509975433, 18.0397968292, 17.1070461273, 16.7508087158, 19.3155498505, 16.861120224, 15.1783857346, 28.0814266205, 20.4462547302, 14.5350761414, 25.6524085999, 35.2844352722, 20.0230445862, 28.4425849915, 17.0171985626, 13.5565433502, 19.1259174347, 13.1028575897, 11.7068729401, 10.0396671295, 6.30347776413, 4.94638442993, 4.20682811737, 2.72649073601, 1.12094974518, 0.320383936167, 0.10176487267, 0.0264580175281, 0.00316035794094, 0.000183116295375], "dvar": [2.25768685341, 82.6124649048, 645.048583984, 224.605026245, 51.7570266724, 39.5833625793, 110.702972412, 117.248855591, 357.200439453, 955.719421387, 1683.20617676, 920.833374023, 508.96472168, 450.503540039, 766.506835938, 596.032592773, 722.265563965, 2420.87792969, 2002.99328613, 789.380737305, 3331.38720703, 2624.33959961, 832.339172363, 1529.49865723, 399.789428711, 255.143188477, 499.194152832, 204.864196777, 216.127868652, 160.842422485, 59.0616455078, 48.9868736267, 32.6795921326, 13.0361289978, 2.24507308006, 0.150674626231, 0.0143791846931, 0.00115907657892, 1.82554304047e-05, 4.73855266137e-08], "dvar2": [5.63107776642, 155.780563354, 1730.55700684, 630.37713623, 139.721054077, 89.0233001709, 242.073242188, 269.397369385, 916.982421875, 1848.12536621, 3479.25, 1730.63146973, 1061.11157227, 1009.75653076, 2072.35498047, 1422.82214355, 1484.26049805, 5958.37841797, 5389.11865234, 1713.56640625, 6423.02392578, 7109.39892578, 1969.86242676, 3929.95629883, 905.048278809, 558.245239258, 1053.91564941, 416.826782227, 495.730163574, 319.031311035, 120.447463989, 91.9693450928, 75.6780700684, 31.1275291443, 5.11927700043, 0.322055160999, 0.0282461196184, 0.00279423478059, 4.32685301348e-05, 1.10738312742e-07], "max": [11.9443130493, 81.2147521973, 185.727676392, 125.388839722, 100.485412598, 114.211174011, 181.013320923, 235.906188965, 227.250106812, 772.648071289, 1205.54248047, 891.954345703, 681.648620605, 674.61114502, 651.469604492, 1013.03033447, 1169.09313965, 1814.71691895, 2407.10083008, 1042.28479004, 3359.88476562, 1463.32470703, 859.127990723, 587.432006836, 453.360351562, 251.390533447, 192.387084961, 99.2881469727, 122.302749634, 293.368743896, 181.250061035, 122.302482605, 63.0465774536, 50.6675682068, 15.4248447418, 3.59609937668, 1.57168960571, 0.675550997257, 0.137860193849, 0.00695696519688], "mean": [2.01801776886, 7.70152139664, 8.04593467712, 4.86349964142, 3.44104170799, 4.35199928284, 6.40951108932, 7.9229683876, 11.7408561707, 21.3644447327, 28.9538459778, 21.0510482788, 15.9891080856, 12.3586616516, 12.2153024673, 13.5927448273, 13.4153604507, 23.6582565308, 13.9159603119, 13.9752550125, 22.7056846619, 24.119550705, 19.2689380646, 20.0652294159, 14.3021001816, 10.8676176071, 13.8067369461, 9.62469959259, 9.97637271881, 9.55921649933, 6.05916643143, 4.77807474136, 3.46898889542, 2.18683362007, 0.991154074669, 0.337430953979, 0.113985992968, 0.0323017239571, 0.00437267357484, 0.000289652787615], "median": [1.24819254875, 4.05356216431, 1.25484251976, 0.742582023144, 0.692400097847, 1.20519638062, 1.93082928658, 2.48387384415, 4.02134656906, 8.12648391724, 10.3305540085, 6.16882610321, 5.59387493134, 4.26536655426, 3.64291000366, 3.12135744095, 3.61882519722, 3.65537548065, 3.79395723343, 4.77447605133, 6.3821516037, 6.89219665527, 5.97677707672, 5.39568805695, 4.70219802856, 2.97852635384, 2.84290337563, 2.0220887661, 2.20483589172, 1.71096897125, 1.28628706932, 0.753713965416, 0.608377218246, 0.432609111071, 0.168583154678, 0.0578678660095, 0.0154589172453, 0.00401940755546, 0.000528513919562, 0.000116630544653], "min": [3.39749441938e-22, 2.15467564288e-21, 1.79774280609e-20, 1.55636617191e-20, 2.30250537954e-20, 5.86383812595e-20, 5.83484828891e-19, 5.18688514486e-19, 9.73863309806e-19, 5.34125100584e-19, 2.00296822246e-18, 2.28661217682e-18, 3.79406943386e-18, 4.18276780755e-18, 5.01118133281e-18, 7.1413901994e-18, 5.02833829948e-18, 4.3577636564e-18, 5.68338924401e-18, 1.35354864083e-17, 9.17424280303e-18, 1.02143347422e-17, 1.59928208053e-17, 1.49911216271e-17, 1.36813249677e-17, 9.30832216288e-18, 2.53480101945e-17, 1.65692515413e-17, 2.61444296144e-17, 1.88325533549e-17, 1.58917244452e-17, 1.77134458149e-17, 1.97897187833e-17, 1.3396568869e-17, 9.85795638296e-18, 6.35695497218e-18, 3.07748493715e-18, 1.26138260533e-18, 3.48686018952e-19, 4.009058147e-20], "var": [4.93296718597, 120.921325684, 454.516693115, 147.346588135, 62.848777771, 81.8975143433, 209.052062988, 206.562652588, 436.747406006, 1813.20446777, 5334.20263672, 3216.40478516, 1268.70471191, 741.668273926, 751.542114258, 2381.92114258, 1439.05224609, 7102.69335938, 1978.19934082, 1313.19177246, 10382.8261719, 4888.2578125, 2275.07495117, 1777.05859375, 617.823120117, 386.730499268, 606.180725098, 269.051605225, 286.890228271, 266.547485352, 104.343971252, 83.0750656128, 44.9105644226, 17.2287559509, 3.18355131149, 0.297675430775, 0.0426550619304, 0.00549237942323, 0.000161794945598, 4.16548090243e-07]}, "gfcc": {"mean": [-13.4630317688, 69.7144775391, -96.1824264526, 33.7185249329, -46.9271965027, 16.293390274, -22.7441043854, 23.7784233093, -3.70111989975, 8.88913059235, -6.47438430786, 5.8014793396, -7.66875362396], "cov": [[10368.9248047, -1336.03417969, 867.290161133, 1495.39916992, 321.704986572, 832.918334961, 88.9926071167, 155.950912476, -196.066482544, 287.971740723, -324.009338379, -149.669326782, -264.838012695], [-1336.03417969, 2881.55053711, 258.813751221, 99.9806137085, 771.025695801, 34.9023094177, 418.983032227, 26.8943500519, 304.400878906, -166.96081543, 233.548873901, -92.3293991089, 114.210899353], [867.290161133, 258.813751221, 1356.20300293, 588.610778809, 448.953643799, 348.713317871, 277.329467773, 188.723678589, 116.137405396, 63.6443481445, -32.6141242981, -21.4119129181, -20.8334598541], [1495.39916992, 99.9806137085, 588.610778809, 881.067016602, 428.002380371, 365.571014404, 231.770736694, 162.227630615, 112.031196594, 47.2592010498, -35.8583145142, -57.5330047607, -5.4797539711], [321.704986572, 771.025695801, 448.953643799, 428.002380371, 825.774353027, 334.624084473, 337.118560791, 175.091949463, 232.558990479, 14.1100721359, 58.4846725464, -31.611913681, 16.9011611938], [832.918334961, 34.9023094177, 348.713317871, 365.571014404, 334.624084473, 423.325439453, 231.199447632, 130.184341431, 85.8249359131, 72.2963485718, -4.42261123657, -37.2365570068, -23.1219081879], [88.9926071167, 418.983032227, 277.329467773, 231.770736694, 337.118560791, 231.199447632, 350.731903076, 141.966323853, 138.315612793, 51.6195793152, 64.0790863037, -17.5298366547, 20.8375854492], [155.950912476, 26.8943500519, 188.723678589, 162.227630615, 175.091949463, 130.184341431, 141.966323853, 225.331863403, 146.505126953, 62.9933242798, 39.1065406799, 24.196975708, 26.7535762787], [-196.066482544, 304.400878906, 116.137405396, 112.031196594, 232.558990479, 85.8249359131, 138.315612793, 146.505126953, 256.797515869, 59.8394203186, 69.0320281982, 20.7601470947, 32.4991035461], [287.971740723, -166.96081543, 63.6443481445, 47.2592010498, 14.1100721359, 72.2963485718, 51.6195793152, 62.9933242798, 59.8394203186, 147.331466675, 58.6442947388, 19.5096569061, -8.85245895386], [-324.009338379, 233.548873901, -32.6141242981, -35.8583145142, 58.4846725464, -4.42261123657, 64.0790863037, 39.1065406799, 69.0320281982, 58.6442947388, 153.188858032, 49.5914344788, 32.5036582947], [-149.669326782, -92.3293991089, -21.4119129181, -57.5330047607, -31.611913681, -37.2365570068, -17.5298366547, 24.196975708, 20.7601470947, 19.5096569061, 49.5914344788, 114.940086365, 50.6125221252], [-264.838012695, 114.210899353, -20.8334598541, -5.4797539711, 16.9011611938, -23.1219081879, 20.8375854492, 26.7535762787, 32.4991035461, -8.85245895386, 32.5036582947, 50.6125221252, 106.875823975]], "icov": [[0.000179952839972, -4.60679038952e-05, 5.62829991395e-05, -0.000299595238175, -2.34238950725e-06, -0.000174786706339, 0.000166839992744, -9.52487680479e-05, 0.000311757758027, -0.000505002681166, 0.000408117688494, -0.00022941523639, 0.000292527925922], [-4.60679038952e-05, 0.0010729553178, -0.000238419132074, 0.000267836265266, -0.00062732869992, 0.000556420476642, -0.00079756800551, 0.000953921058681, -0.000971995585132, 0.00190523650963, -0.00202699471265, 0.00169559102505, -0.000890330877155], [5.62829991395e-05, -0.000238419132074, 0.00124867865816, -0.000644216546789, -0.000133888912387, -0.000193564221263, -0.000191227198229, -0.000540992710739, 0.000524193455931, -0.000793114071712, 0.00109618064016, -0.000938949931879, 0.000642816186883], [-0.000299595238175, 0.000267836265266, -0.000644216546789, 0.00276594329625, -0.000565634574741, -0.00071266136365, -0.000165188976098, -0.000120193290059, -0.000592697469983, 0.000983300153166, -0.000541487475857, 0.00143538869452, -0.0012682066299], [-2.34238950725e-06, -0.00062732869992, -0.000133888912387, -0.000565634574741, 0.00340065453202, -0.00152251939289, -0.000676410796586, -0.000140035699587, -0.00134577078279, 0.000886945403181, 0.000116613722639, -0.000709372397978, 0.000692410219926], [-0.000174786706339, 0.000556420476642, -0.000193564221263, -0.00071266136365, -0.00152251939289, 0.00639760866761, -0.0027104082983, -0.000314605509629, 0.000523303227965, -0.00108414725401, 0.000364997715224, 0.000917551340535, 0.00033560054726], [0.000166839992744, -0.00079756800551, -0.000191227198229, -0.000165188976098, -0.000676410796586, -0.0027104082983, 0.00758523633704, -0.00221700547263, 0.000472102808999, -0.00145102280658, -0.000711462809704, 0.000742044707295, -0.000582125154324], [-9.52487680479e-05, 0.000953921058681, -0.000540992710739, -0.000120193290059, -0.000140035699587, -0.000314605509629, -0.00221700547263, 0.00998653285205, -0.00480782240629, 0.000495640793815, -0.00100396759808, -0.000184283475392, -0.00158493989147], [0.000311757758027, -0.000971995585132, 0.000524193455931, -0.000592697469983, -0.00134577078279, 0.000523303227965, 0.000472102808999, -0.00480782240629, 0.00951569899917, -0.00418806588277, 0.00138336012606, -0.00144667190034, 0.000344452360878], [-0.000505002681166, 0.00190523650963, -0.000793114071712, 0.000983300153166, 0.000886945403181, -0.00108414725401, -0.00145102280658, 0.000495640793815, -0.00418806588277, 0.0156011385843, -0.00878661032766, 0.00248370668851, 0.000454238121165], [0.000408117688494, -0.00202699471265, 0.00109618064016, -0.000541487475857, 0.000116613722639, 0.000364997715224, -0.000711462809704, -0.00100396759808, 0.00138336012606, -0.00878661032766, 0.0158774945885, -0.00703343562782, 0.00116748199798], [-0.00022941523639, 0.00169559102505, -0.000938949931879, 0.00143538869452, -0.000709372397978, 0.000917551340535, 0.000742044707295, -0.000184283475392, -0.00144667190034, 0.00248370668851, -0.00703343562782, 0.0166933089495, -0.00739841721952], [0.000292527925922, -0.000890330877155, 0.000642816186883, -0.0012682066299, 0.000692410219926, 0.00033560054726, -0.000582125154324, -0.00158493989147, 0.000344452360878, 0.000454238121165, 0.00116748199798, -0.00739841721952, 0.0146480510011]]}, "melbands": {"dmean": [0.00794528517872, 0.00528603000566, 0.000938213430345, 0.000210075624636, 0.000163017539307, 0.000136341244797, 0.000157954520546, 0.000166465295479, 0.000161191142979, 7.25319696357e-05, 5.27859374415e-05, 3.88683838537e-05, 3.84310114896e-05, 3.02397129417e-05, 2.21060945478e-05, 2.58198379015e-05, 3.37487763318e-05, 2.16097414523e-05, 1.41431737575e-05, 1.4822513549e-05, 2.1427824322e-05, 2.75321781373e-05, 1.0515042959e-05, 1.3918894183e-05, 1.53189121193e-05, 9.18044224818e-06, 7.14165980753e-06, 5.73205261389e-06, 8.18907028588e-06, 7.31619093131e-06, 4.45838122687e-06, 4.42371947429e-06, 5.36755896974e-06, 3.51618427885e-06, 2.51566348197e-06, 2.32949855672e-06, 2.25673829846e-06, 2.1478333565e-06, 1.66579513916e-06, 1.49627089741e-06], "dmean2": [0.0112818172202, 0.0078200167045, 0.00164669635706, 0.000341363513144, 0.000257062056335, 0.000219785593799, 0.00026069683372, 0.000251905643381, 0.000242445428739, 0.000107961139292, 8.43641464598e-05, 6.52393209748e-05, 6.62117236061e-05, 5.06499090989e-05, 3.56656273652e-05, 4.05164755648e-05, 5.6934186432e-05, 3.72925824195e-05, 2.26698375627e-05, 2.26197644224e-05, 3.5064855183e-05, 4.824682037e-05, 1.55448760779e-05, 2.30902733165e-05, 2.4621385819e-05, 1.47278806253e-05, 1.09823586172e-05, 8.86655561771e-06, 1.26919112517e-05, 1.1285877008e-05, 7.11439588486e-06, 6.52147900837e-06, 7.72523981141e-06, 5.00549094795e-06, 3.66646577277e-06, 3.53649375029e-06, 3.18150546263e-06, 3.33531511387e-06, 2.62310936705e-06, 2.1974271931e-06], "dvar": [0.000125941514852, 0.000128185027279, 5.84311510465e-06, 1.53835415517e-07, 1.14848845101e-07, 6.19518871758e-08, 8.77939498878e-08, 9.9927234487e-08, 1.43989737467e-07, 3.42328370095e-08, 1.23151426834e-08, 7.36860350514e-09, 8.82195205776e-09, 4.96137619876e-09, 2.90806845271e-09, 7.7216286698e-09, 1.12766054272e-08, 7.34471061747e-09, 1.79578596438e-09, 4.08725586709e-09, 5.40133227034e-09, 5.39738786998e-09, 8.03886346379e-10, 1.21400101083e-09, 1.17269127742e-09, 3.395558279e-10, 1.91787780102e-10, 1.09643051582e-10, 2.13435935592e-10, 1.81137979616e-10, 5.77281417113e-11, 6.45870093519e-11, 1.03224498393e-10, 3.95865631941e-11, 2.07690305926e-11, 1.85871439767e-11, 2.27039498313e-11, 2.06428433375e-11, 1.05573935011e-11, 8.80843141482e-12], "dvar2": [0.000293493125355, 0.000302907021251, 1.63226977747e-05, 3.83839136475e-07, 2.48110438861e-07, 1.42510089063e-07, 2.09249179761e-07, 1.91038324715e-07, 2.72866913065e-07, 6.52584972727e-08, 2.56125254339e-08, 1.61328959081e-08, 2.35585186914e-08, 1.26202319706e-08, 5.81722492399e-09, 1.52783137253e-08, 2.78995262448e-08, 1.98382483774e-08, 4.18202894537e-09, 8.21319545707e-09, 1.11388533952e-08, 1.48616488005e-08, 1.7989192358e-09, 3.30542548888e-09, 3.01656388757e-09, 7.98560773063e-10, 4.35718738867e-10, 2.43581849135e-10, 4.67978267249e-10, 3.80694586966e-10, 1.28772437158e-10, 1.50437717839e-10, 2.3192850418e-10, 7.68156441233e-11, 4.47091703937e-11, 3.33397615071e-11, 4.5964440587e-11, 4.7578659762e-11, 2.62799712547e-11, 2.050685316e-11], "max": [0.0971668586135, 0.0878595486283, 0.0194007139653, 0.00543715618551, 0.00552481226623, 0.005062491633, 0.00575003074482, 0.00672870967537, 0.0122803878039, 0.00483337882906, 0.00329128629528, 0.00293207028881, 0.00225614267401, 0.00280887028202, 0.00175812945236, 0.00428606662899, 0.00416326196864, 0.0044461786747, 0.00139604625292, 0.00293918000534, 0.00412833597511, 0.00194815534633, 0.00206428929232, 0.000641720369458, 0.000581072177738, 0.000584882334806, 0.000300398125546, 0.000177131019882, 0.000160153649631, 0.000154589346494, 5.26419607922e-05, 8.90927185537e-05, 0.000133019522764, 0.000178750997293, 0.000105127561255, 0.000106836349005, 6.00239582127e-05, 4.56772431789e-05, 4.86795943289e-05, 4.49558574473e-05], "mean": [0.0152240404859, 0.00622667558491, 0.000833303318359, 0.000261963577941, 0.000224974079174, 0.000184884323971, 0.000187419544091, 0.000233385682805, 0.00025150142028, 0.000125013830257, 7.61488408898e-05, 4.68490725325e-05, 4.0718823584e-05, 3.67869870388e-05, 2.91579326586e-05, 3.34892902174e-05, 4.65069169877e-05, 2.18856330321e-05, 1.91979324882e-05, 2.12372051465e-05, 2.77435738099e-05, 2.77076214843e-05, 1.84436612471e-05, 1.61534644576e-05, 1.64672728715e-05, 1.12388715934e-05, 8.93605010788e-06, 6.66720143272e-06, 8.48429135658e-06, 8.37497282191e-06, 4.67773679702e-06, 5.21147649124e-06, 6.56148404232e-06, 4.84982638227e-06, 3.50715390596e-06, 3.19948389915e-06, 2.91476499115e-06, 2.60960723608e-06, 2.02804676519e-06, 1.78129175765e-06], "median": [0.0103002944961, 0.00230163498782, 0.000127966617583, 6.42072773189e-05, 7.12066466804e-05, 5.6816268625e-05, 6.50204092381e-05, 9.0676068794e-05, 7.32459593564e-05, 3.42553175869e-05, 2.47568805207e-05, 1.49305069499e-05, 1.19577298392e-05, 8.6581621872e-06, 6.79361073708e-06, 7.41584653952e-06, 6.15088811173e-06, 4.82385485157e-06, 6.14278678768e-06, 6.43448765913e-06, 7.1575095717e-06, 7.21822289051e-06, 4.84851079818e-06, 4.84563042846e-06, 4.0373270167e-06, 3.23015910908e-06, 2.57142255577e-06, 1.65058804669e-06, 1.637917876e-06, 1.46549200508e-06, 9.39738015404e-07, 1.18888328871e-06, 1.08184224246e-06, 8.45969054808e-07, 7.61147475714e-07, 5.40554196959e-07, 4.05160676564e-07, 4.27658989111e-07, 3.90435332065e-07, 3.25679820889e-07], "min": [2.78480659368e-24, 6.65141167328e-24, 3.24517102683e-24, 1.65257731478e-24, 1.60032693523e-23, 1.21024839157e-23, 1.43750667548e-23, 5.88635819575e-24, 1.84799549622e-23, 1.60809816178e-23, 1.84559625466e-23, 1.54567591389e-23, 1.53486425964e-23, 2.31958506506e-23, 1.70937859345e-23, 7.24487094342e-24, 8.4400583237e-24, 8.78482130486e-24, 1.5149335311e-23, 1.55695299607e-23, 9.84713058768e-24, 9.07395065953e-24, 1.46020031045e-23, 1.28029561119e-23, 1.20638762741e-23, 1.25309552941e-23, 7.05843629024e-24, 5.11267300219e-24, 1.53857963673e-23, 1.20921955918e-23, 8.71941369176e-24, 1.45531347492e-23, 1.33724545209e-23, 9.59792627228e-24, 8.80874351181e-24, 9.36726886562e-24, 1.08274212133e-23, 1.54564593717e-23, 8.96314410134e-24, 1.24013486028e-23], "var": [0.000265797862085, 0.000133509020088, 3.9472656681e-06, 2.61946382807e-07, 2.28617594189e-07, 1.09085107169e-07, 1.22743983866e-07, 1.96126322294e-07, 5.77087462261e-07, 1.08821460287e-07, 3.05859373384e-08, 1.24013945779e-08, 8.71359784327e-09, 1.4691228678e-08, 8.26017210187e-09, 1.46641605525e-08, 3.39871597532e-08, 6.96025992397e-09, 2.55454035702e-09, 8.58265725157e-09, 1.58769566383e-08, 6.33636387803e-09, 5.36474420443e-09, 1.36237154891e-09, 1.35728128736e-09, 4.95656571342e-10, 2.92056434592e-10, 1.57844876059e-10, 2.47484754912e-10, 2.31643773607e-10, 6.72876684926e-11, 8.2096086873e-11, 1.36473027323e-10, 6.90359852618e-11, 3.5781093366e-11, 3.28009355788e-11, 3.49953399592e-11, 2.73943489421e-11, 1.38206781089e-11, 1.19844230026e-11]}, "mfcc": {"mean": [-663.53503418, 105.156394958, 11.7812051773, 25.7890396118, 8.84279632568, 3.52696561813, 0.787396788597, 14.7824850082, 9.73782634735, 10.3803424835, 12.0081911087, 8.67993068695, 7.89904308319], "cov": [[8752.59765625, -1321.15100098, 417.258453369, 599.460754395, 166.879882812, 587.815673828, 313.065765381, -52.7956619263, 91.9646987915, 147.166442871, -33.4372825623, 9.97990608215, -151.613922119], [-1321.15100098, 2546.62280273, -85.0413665771, 252.427093506, 373.62789917, 168.508590698, 188.606918335, 295.107574463, 107.699279785, 104.646690369, 192.561325073, 27.0971755981, 63.7211914062], [417.258453369, -85.0413665771, 935.456542969, 345.445037842, 184.285369873, 206.884262085, 179.044433594, 107.021652222, 164.446411133, 79.8512268066, 24.7332744598, 67.2463607788, 43.0610809326], [599.460754395, 252.427093506, 345.445037842, 575.124511719, 326.308654785, 253.715118408, 209.373184204, 193.628295898, 183.629425049, 133.030151367, 57.4785385132, 70.8361282349, 46.0946121216], [166.879882812, 373.62789917, 184.285369873, 326.308654785, 476.238739014, 262.292419434, 178.540771484, 213.614089966, 178.113311768, 125.903564453, 87.5886917114, 56.0747528076, 68.5867996216], [587.815673828, 168.508590698, 206.884262085, 253.715118408, 262.292419434, 399.258453369, 254.196731567, 153.706558228, 151.073730469, 128.489105225, 82.1495437622, 56.9117469788, 22.0745811462], [313.065765381, 188.606918335, 179.044433594, 209.373184204, 178.540771484, 254.196731567, 306.635437012, 153.509658813, 114.983581543, 122.998275757, 74.9549484253, 50.5733985901, 26.6851329803], [-52.7956619263, 295.107574463, 107.021652222, 193.628295898, 213.614089966, 153.706558228, 153.509658813, 247.025985718, 163.762207031, 99.3372879028, 85.6151809692, 56.3911628723, 52.9877128601], [91.9646987915, 107.699279785, 164.446411133, 183.629425049, 178.113311768, 151.073730469, 114.983581543, 163.762207031, 231.370773315, 123.635498047, 52.7512245178, 68.3494415283, 57.0532493591], [147.166442871, 104.646690369, 79.8512268066, 133.030151367, 125.903564453, 128.489105225, 122.998275757, 99.3372879028, 123.635498047, 177.956619263, 101.68561554, 57.3945770264, 43.710144043], [-33.4372825623, 192.561325073, 24.7332744598, 57.4785385132, 87.5886917114, 82.1495437622, 74.9549484253, 85.6151809692, 52.7512245178, 101.68561554, 159.165603638, 72.7272949219, 38.5590629578], [9.97990608215, 27.0971755981, 67.2463607788, 70.8361282349, 56.0747528076, 56.9117469788, 50.5733985901, 56.3911628723, 68.3494415283, 57.3945770264, 72.7272949219, 122.54485321, 75.0868225098], [-151.613922119, 63.7211914062, 43.0610809326, 46.0946121216, 68.5867996216, 22.0745811462, 26.6851329803, 52.9877128601, 57.0532493591, 43.710144043, 38.5590629578, 75.0868225098, 128.650466919]], "icov": [[0.000162046926562, 9.54364440986e-05, 3.26179579133e-05, -0.000209951482248, 5.23714079463e-05, -0.00026909209555, 1.06175493784e-05, 0.000136352653499, 5.65696827834e-05, -5.02716684423e-05, -3.95459983338e-06, -2.04598677556e-06, 0.000162269803695], [9.54364440986e-05, 0.000585063826293, 0.000154752022354, -0.000254579354078, -0.000217435328523, -1.50353043864e-05, -0.000157367598149, -0.000309874099912, 0.000119868629554, 0.00032765098149, -0.000704259611666, 0.000501086818986, -0.000104986262158], [3.26179579133e-05, 0.000154752022354, 0.0015561011387, -0.0008756153984, 8.94944023457e-05, -0.000112338733743, -0.000600022671279, 0.000690361659508, -0.00100886740256, 0.000816597777884, -0.000357442710083, 6.97717841831e-05, -0.000197278175619], [-0.000209951482248, -0.000254579354078, -0.0008756153984, 0.00417988793924, -0.00169577472843, 0.000102804304333, -0.000327092391672, -0.00111051881686, 0.000270897086011, -0.00135590741411, 0.00182554579806, -0.00157767278142, 0.000799984438345], [5.23714079463e-05, -0.000217435328523, 8.94944023457e-05, -0.00169577472843, 0.0054370900616, -0.00236605876125, 0.00109782000072, -0.00185312551912, -0.000419320771471, -1.24351709019e-05, -0.000608866743278, 0.00171187228989, -0.00183654343709], [-0.00026909209555, -1.50353043864e-05, -0.000112338733743, 0.000102804304333, -0.00236605876125, 0.00766553590074, -0.00466361036524, 0.00138726236764, -0.00201626121998, 0.000664671533741, -0.0011093581561, -0.00050672411453, 0.00132974458393], [1.06175493784e-05, -0.000157367598149, -0.000600022671279, -0.000327092391672, 0.00109782000072, -0.00466361036524, 0.00928395055234, -0.00409956416115, 0.00313160358928, -0.00397420302033, 0.00188975350466, -0.00093712459784, 0.000328253925545], [0.000136352653499, -0.000309874099912, 0.000690361659508, -0.00111051881686, -0.00185312551912, 0.00138726236764, -0.00409956416115, 0.0132990553975, -0.00784033630043, 0.00420374795794, -0.00502914283425, 0.00215936987661, -0.00110052968375], [5.65696827834e-05, 0.000119868629554, -0.00100886740256, 0.000270897086011, -0.000419320771471, -0.00201626121998, 0.00313160358928, -0.00784033630043, 0.0146017400548, -0.00835919193923, 0.00638058036566, -0.00449628243223, 0.000473562075058], [-5.02716684423e-05, 0.00032765098149, 0.000816597777884, -0.00135590741411, -1.24351709019e-05, 0.000664671533741, -0.00397420302033, 0.00420374795794, -0.00835919193923, 0.0168857946992, -0.0099300602451, 0.00368069577962, -0.00222554500215], [-3.95459983338e-06, -0.000704259611666, -0.000357442710083, 0.00182554579806, -0.000608866743278, -0.0011093581561, 0.00188975350466, -0.00502914283425, 0.00638058036566, -0.0099300602451, 0.0169365890324, -0.00900608021766, 0.00272843544371], [-2.04598677556e-06, 0.000501086818986, 6.97717841831e-05, -0.00157767278142, 0.00171187228989, -0.00050672411453, -0.00093712459784, 0.00215936987661, -0.00449628243223, 0.00368069577962, -0.00900608021766, 0.0195227246732, -0.00918108318001], [0.000162269803695, -0.000104986262158, -0.000197278175619, 0.000799984438345, -0.00183654343709, 0.00132974458393, 0.000328253925545, -0.00110052968375, 0.000473562075058, -0.00222554500215, 0.00272843544371, -0.00918108318001, 0.0140186781064]]}, "spectral_contrast_coeffs": {"dmean": [0.0619647651911, 0.0546504147351, 0.0456608906388, 0.0347404107451, 0.0276941098273, 0.0219493340701], "dmean2": [0.0982242375612, 0.0876834765077, 0.0726854205132, 0.0561889149249, 0.0437872409821, 0.033628705889], "dvar": [0.00282525015064, 0.00191443681251, 0.00147241808008, 0.000911685696337, 0.00064063683385, 0.000411868328229], "dvar2": [0.00737341726199, 0.0047973357141, 0.0036980130244, 0.00216903281398, 0.00153053877875, 0.000849309726618], "max": [-0.296057522297, -0.38917568326, -0.454348802567, -0.406483352184, -0.495335400105, -0.60176885128], "mean": [-0.68213480711, -0.736069500446, -0.779320240021, -0.79583054781, -0.787881910801, -0.780948996544], "median": [-0.69115626812, -0.74370265007, -0.789687395096, -0.806509375572, -0.797647595406, -0.780596137047], "min": [-0.968930721283, -0.966369986534, -0.982123494148, -0.965041816235, -0.962212026119, -0.960240840912], "var": [0.00787277333438, 0.00597219867632, 0.00512463133782, 0.00365303363651, 0.00269676884636, 0.00171377439983]}, "spectral_contrast_valleys": {"dmean": [0.640501558781, 0.541426002979, 0.519064605236, 0.461142748594, 0.482447743416, 0.523364186287], "dmean2": [0.913605034351, 0.842819392681, 0.805743217468, 0.698182880878, 0.65953040123, 0.640824794769], "dvar": [0.528814017773, 0.289315372705, 0.308761864901, 0.30651563406, 0.315431475639, 0.417816370726], "dvar2": [0.859336316586, 0.62720644474, 0.688794136047, 0.642871856689, 0.526581227779, 0.646166861057], "max": [-5.04608154297, -4.54744291306, -5.24271154404, -5.6629858017, -5.6886177063, -7.29524993896], "mean": [-7.48