{"lowlevel": {"average_loudness": 0.671318173409, "barkbands_crest": {"dmean": 2.17737960815, "dmean2": 3.49127984047, "dvar": 4.99016904831, "dvar2": 12.6300344467, "max": 26.5196552277, "mean": 12.6954145432, "median": 12.0801811218, "min": 2.87205004692, "var": 23.9193401337}, "barkbands_flatness_db": {"dmean": 0.018721839413, "dmean2": 0.0280403234065, "dvar": 0.000416842987761, "dvar2": 0.000887332600541, "max": 0.486357778311, "mean": 0.218984603882, "median": 0.225434064865, "min": 0.0357942096889, "var": 0.00517348665744}, "barkbands_kurtosis": {"dmean": 4.42967176437, "dmean2": 6.73189020157, "dvar": 168.924819946, "dvar2": 366.698059082, "max": 598.856262207, "mean": 9.71511554718, "median": 4.47393131256, "min": -1.85904145241, "var": 445.168762207}, "barkbands_skewness": {"dmean": 0.51129090786, "dmean2": 0.767005383968, "dvar": 0.488126337528, "dvar2": 0.956904351711, "max": 22.11977005, "mean": 1.7871286869, "median": 1.58213281631, "min": -3.58252620697, "var": 3.26657962799}, "barkbands_spread": {"dmean": 2.50958967209, "dmean2": 3.81454825401, "dvar": 15.0718173981, "dvar2": 30.9996318817, "max": 86.5920715332, "mean": 10.4033632278, "median": 7.73066902161, "min": 0.196835979819, "var": 75.6497039795}, "dissonance": {"dmean": 0.0281981024891, "dmean2": 0.0472391955554, "dvar": 0.000649854540825, "dvar2": 0.00178731628694, "max": 0.500000119209, "mean": 0.42115932703, "median": 0.42627632618, "min": 0.136779874563, "var": 0.00228440365754}, "dynamic_complexity": 3.80048179626, "erbbands_crest": {"dmean": 2.34587407112, "dmean2": 3.70472145081, "dvar": 4.87089157104, "dvar2": 12.1870107651, "max": 31.5205612183, "mean": 11.8097801208, "median": 11.0900020599, "min": 2.58511781693, "var": 24.4655036926}, "erbbands_flatness_db": {"dmean": 0.0153817050159, "dmean2": 0.0216121375561, "dvar": 0.000234598119278, "dvar2": 0.000426764949225, "max": 0.445279479027, "mean": 0.221037760377, "median": 0.220757544041, "min": 0.0524102263153, "var": 0.0045409752056}, "erbbands_kurtosis": {"dmean": 1.44061124325, "dmean2": 2.24764609337, "dvar": 4.12759160995, "dvar2": 10.236495018, "max": 71.6529693604, "mean": 2.39047956467, "median": 1.31988978386, "min": -1.91841363907, "var": 14.5887613297}, "erbbands_skewness": {"dmean": 0.356370478868, "dmean2": 0.552172601223, "dvar": 0.119554072618, "dvar2": 0.287514597178, "max": 6.90015077591, "mean": 0.989349603653, "median": 0.988004088402, "min": -2.58854627609, "var": 0.786670744419}, "erbbands_spread": {"dmean": 5.44824886322, "dmean2": 8.02992248535, "dvar": 74.8079299927, "dvar2": 142.003250122, "max": 187.228820801, "mean": 23.9077777863, "median": 19.8039627075, "min": 1.47001051903, "var": 290.984222412}, "hfc": {"dmean": 3.44291639328, "dmean2": 5.10250043869, "dvar": 38.5024871826, "dvar2": 84.8127593994, "max": 118.246131897, "mean": 13.1186847687, "median": 9.64611244202, "min": 1.02526429653e-16, "var": 158.786911011}, "melbands_crest": {"dmean": 2.56597042084, "dmean2": 4.02692747116, "dvar": 7.07093524933, "dvar2": 16.4679756165, "max": 36.3236198425, "mean": 15.7882299423, "median": 15.4050121307, "min": 1.52307462692, "var": 46.5473060608}, "melbands_flatness_db": {"dmean": 0.0200948324054, "dmean2": 0.0295410919935, "dvar": 0.00059217645321, "dvar2": 0.00121904246043, "max": 0.564699888229, "mean": 0.290860086679, "median": 0.308365225792, "min": 0.00266209081747, "var": 0.0109633365646}, "melbands_kurtosis": {"dmean": 7.82639789581, "dmean2": 11.0040864944, "dvar": 1132.54260254, "dvar2": 1767.93469238, "max": 2454.60522461, "mean": 16.2001075745, "median": 6.68465709686, "min": -1.61054551601, "var": 3327.50512695}, "melbands_skewness": {"dmean": 0.60069167614, "dmean2": 0.874652683735, "dvar": 0.811149656773, "dvar2": 1.34384870529, "max": 38.9937820435, "mean": 2.27855038643, "median": 1.87877869606, "min": -1.74010980129, "var": 4.2532491684}, "melbands_spread": {"dmean": 3.19199299812, "dmean2": 5.06914329529, "dvar": 37.1862030029, "dvar2": 92.544380188, "max": 184.968734741, "mean": 17.8427505493, "median": 8.89535331726, "min": 0.223851889372, "var": 914.077392578}, "pitch_salience": {"dmean": 0.054683804512, "dmean2": 0.0871563255787, "dvar": 0.00313335098326, "dvar2": 0.00719965528697, "max": 0.823008656502, "mean": 0.503751754761, "median": 0.511768043041, "min": 0.0351604670286, "var": 0.020052857697}, "silence_rate_20dB": {"dmean": 0.00117700907867, "dmean2": 0.0023541720584, "dvar": 0.00117562478408, "dvar2": 0.00352555792779, "max": 1, "mean": 0.999411523342, "median": 1, "min": 0, "var": 0.000588075141422}, "silence_rate_30dB": {"dmean": 0.0366180613637, "dmean2": 0.0732409134507, "dvar": 0.0352782532573, "dvar2": 0.0783437341452, "max": 1, "mean": 0.939191818237, "median": 1, "min": 0, "var": 0.0571144558489}, "silence_rate_60dB": {"dmean": 0.0134702147916, "dmean2": 0.0269421916455, "dvar": 0.0132902469486, "dvar2": 0.0287068057805, "max": 1, "mean": 0.13109716773, "median": 0, "min": 0, "var": 0.113930568099}, "spectral_centroid": {"dmean": 115.153999329, "dmean2": 185.361785889, "dvar": 41311.0429688, "dvar2": 93812.6796875, "max": 12008.1044922, "mean": 1250.6809082, "median": 588.530029297, "min": 129.932357788, "var": 5676325}, "spectral_complexity": {"dmean": 1.56045246124, "dmean2": 2.57729530334, "dvar": 2.43855977058, "dvar2": 6.23398447037, "max": 32, "mean": 11.3057403564, "median": 12, "min": 0, "var": 27.6630916595}, "spectral_decrease": {"dmean": 2.88910229074e-09, "dmean2": 4.60581572881e-09, "dvar": 5.71137640372e-17, "dvar2": 1.33989891995e-16, "max": 4.77688432682e-17, "mean": -9.71379243708e-09, "median": -5.234920053e-09, "min": -1.15827702984e-07, "var": 1.47769648974e-16}, "spectral_energy": {"dmean": 0.0111521389335, "dmean2": 0.0177601724863, "dvar": 0.00083074788563, "dvar2": 0.00195045012515, "max": 0.440870434046, "mean": 0.0378520973027, "median": 0.0207056887448, "min": 9.75531901123e-21, "var": 0.00217145401984}, "spectral_energyband_high": {"dmean": 0.000161148651387, "dmean2": 0.000224424802582, "dvar": 2.39275436797e-07, "dvar2": 4.8234676342e-07, "max": 0.0161188393831, "mean": 0.000278645253275, "median": 2.71506542049e-05, "min": 6.82901088237e-21, "var": 6.31301418252e-07}, "spectral_energyband_low": {"dmean": 0.00720686698332, "dmean2": 0.0112007865682, "dvar": 0.000748606398702, "dvar2": 0.00168538349681, "max": 0.435603380203, "mean": 0.0190055035055, "median": 0.00249903043732, "min": 8.06705017783e-24, "var": 0.0016897355672}, "spectral_energyband_middle_high": {"dmean": 0.000906978209969, "dmean2": 0.0013720196439, "dvar": 4.95966378367e-06, "dvar2": 1.09606953629e-05, "max": 0.0622661411762, "mean": 0.00253397994675, "median": 0.001474683173, "min": 1.06551081485e-21, "var": 1.55850466399e-05}, "spectral_energyband_middle_low": {"dmean": 0.00559173105285, "dmean2": 0.00914281513542, "dvar": 0.000138950927067, "dvar2": 0.000378246360924, "max": 0.179509550333, "mean": 0.0170058105141, "median": 0.0129538998008, "min": 1.46278793199e-22, "var": 0.000272967852652}, "spectral_entropy": {"dmean": 0.16195705533, "dmean2": 0.240107357502, "dvar": 0.0355764850974, "dvar2": 0.0743102282286, "max": 9.82700824738, "mean": 6.83279657364, "median": 6.69497585297, "min": 4.23873472214, "var": 0.889581501484}, "spectral_flux": {"dmean": 0.0221333876252, "dmean2": 0.0349941216409, "dvar": 0.00219880370423, "dvar2": 0.00438537448645, "max": 0.597658097744, "mean": 0.0625038072467, "median": 0.0477776378393, "min": 6.27912860596e-11, "var": 0.00446774531156}, "spectral_kurtosis": {"dmean": 5.55903434753, "dmean2": 9.41012763977, "dvar": 57.5180931091, "dvar2": 173.342575073, "max": 95.3256378174, "mean": 15.7779579163, "median": 10.6013298035, "min": -1.27592623234, "var": 256.921356201}, "spectral_rms": {"dmean": 0.000704382197, "dmean2": 0.00109116884414, "dvar": 1.69780173565e-06, "dvar2": 3.7399008761e-06, "max": 0.0207392740995, "mean": 0.00513245584443, "median": 0.0044945157133, "min": 3.08502572446e-12, "var": 1.05869439722e-05}, "spectral_rolloff": {"dmean": 179.661636353, "dmean2": 302.356018066, "dvar": 237656.890625, "dvar2": 527365.25, "max": 19875.1464844, "mean": 1772.80444336, "median": 581.396484375, "min": 64.599609375, "var": 17934310}, "spectral_skewness": {"dmean": 0.446827441454, "dmean2": 0.733662962914, "dvar": 0.238234624267, "dvar2": 0.683129549026, "max": 8.08221626282, "mean": 2.71170353889, "median": 2.56081819534, "min": -0.116692058742, "var": 1.92541611195}, "spectral_spread": {"dmean": 567647.8125, "dmean2": 810035.25, "dvar": 835769073664, "dvar2": 1403696578560.0, "max": 50152476, "mean": 5423653, "median": 2960229, "min": 819385.625, "var": 74082825535500.0}, "spectral_strongpeak": {"dmean": 0.299988001585, "dmean2": 0.488189309835, "dvar": 0.241913840175, "dvar2": 0.590966284275, "max": 14.1408348083, "mean": 0.98661506176, "median": 0.762488245964, "min": 0, "var": 0.779244542122}, "zerocrossingrate": {"dmean": 0.00602026237175, "dmean2": 0.00750973494723, "dvar": 9.46011132328e-05, "dvar2": 0.00013495584426, "max": 0.60888671875, "mean": 0.0597053915262, "median": 0.0263671875, "min": 0.001953125, "var": 0.0123008796945}, "barkbands": {"dmean": [0.000434426299762, 0.00573521107435, 0.00220383540727, 0.000761272502132, 0.00227398751304, 0.00236479565501, 0.000943386869039, 0.000863338995259, 0.000653233088087, 0.000600287341513, 0.000219749243115, 0.000131950931973, 0.000140506439493, 6.82226600475e-05, 0.00013118685456, 8.26179020805e-05, 3.84354570997e-05, 1.97349363589e-05, 2.40196550294e-05, 2.93675220746e-05, 2.74070025625e-05, 3.55582997145e-05, 3.53692739736e-05, 9.33638693823e-06, 4.3319138058e-05, 5.06311062054e-06, 1.38292034535e-06], "dmean2": [0.000602778920438, 0.00877606496215, 0.00387926003896, 0.00132776971441, 0.00375859066844, 0.00391755672172, 0.00151073525194, 0.00111234164797, 0.000910447968636, 0.000849067640956, 0.000349909270881, 0.000218404937186, 0.000223141265451, 0.000113380920084, 0.000219640409341, 0.000142512071761, 6.55227850075e-05, 3.32144772983e-05, 4.09872482123e-05, 4.54846413049e-05, 4.12931949541e-05, 5.28487471456e-05, 5.01162867295e-05, 1.35057116495e-05, 6.15388998995e-05, 7.5049156294e-06, 2.18575587496e-06], "dvar": [4.83765688841e-06, 0.000472660467494, 0.000156117632287, 8.22377205623e-06, 9.46118525462e-05, 1.43237484735e-05, 5.68995619687e-06, 6.99390375303e-06, 2.39523615164e-06, 3.46767478732e-06, 3.81029224172e-07, 1.7093491067e-07, 1.24846607719e-07, 6.06297660966e-08, 6.19723081741e-08, 3.18179935732e-08, 5.81712233938e-09, 1.26473975737e-09, 3.44931549989e-09, 2.56308219093e-08, 9.89187132205e-09, 1.08196571702e-08, 1.33641453459e-08, 1.02965835858e-09, 2.05049719426e-08, 3.44978684508e-10, 6.44074932277e-11], "dvar2": [1.03016036519e-05, 0.000958143442404, 0.000448599865194, 2.3965305445e-05, 0.000260103115579, 4.39743307652e-05, 1.72999643837e-05, 1.23173367683e-05, 4.5044748731e-06, 6.68968414175e-06, 1.02551541659e-06, 4.68846849344e-07, 2.97250238646e-07, 1.43492187021e-07, 1.65435693589e-07, 8.83509727601e-08, 1.61470286031e-08, 3.5633158646e-09, 1.01125507967e-08, 5.27071613021e-08, 2.17399822589e-08, 2.39785595824e-08, 2.58607180115e-08, 1.96341032321e-09, 4.35595808312e-08, 7.62325091941e-10, 1.5475400128e-10], "max": [0.0422437675297, 0.313392549753, 0.179956793785, 0.0673139542341, 0.147558987141, 0.0875936150551, 0.0594991184771, 0.101005792618, 0.0877315476537, 0.0612103976309, 0.0113972527906, 0.00662143575028, 0.011445925571, 0.0121738677844, 0.00411728816107, 0.00438435049728, 0.00146984425373, 0.000527130905539, 0.00164246477652, 0.00977417267859, 0.00456425035372, 0.00136907992419, 0.00185810553376, 0.00165570504032, 0.00195338949561, 0.000874354387634, 0.000645406194963], "mean": [0.000458164548036, 0.0145434020087, 0.00318393087946, 0.00125614122953, 0.00307115050964, 0.00580302067101, 0.00224124663509, 0.00265239388682, 0.00167417537887, 0.00133547408041, 0.000330622016918, 0.00018323729455, 0.000241511021159, 9.95671362034e-05, 0.000204174401006, 0.000132167013362, 6.29681235296e-05, 3.85078747058e-05, 4.43548196927e-05, 5.81211534154e-05, 4.62616371806e-05, 5.250776303e-05, 5.06895739818e-05, 1.82613057405e-05, 5.73587567487e-05, 9.18140176509e-06, 3.52133179149e-06], "median": [1.27737785078e-05, 0.000851764169056, 0.00054925942095, 0.000351221882738, 0.00124498922378, 0.00340631138533, 0.000763480144087, 0.00047230522614, 0.000539378961548, 0.000373570801457, 0.000118347095849, 5.58308165637e-05, 8.8746608526e-05, 2.9342903872e-05, 7.6533324318e-05, 5.47640956938e-05, 2.82158871414e-05, 1.61024436238e-05, 1.63349504874e-05, 6.89590251568e-06, 4.67115569336e-06, 3.51217090611e-06, 2.85944111056e-06, 9.21436026147e-07, 2.04586558539e-06, 2.03699073609e-07, 2.40557014308e-08], "min": [5.4641750988e-26, 2.62710057835e-25, 3.74613847589e-25, 1.17627296097e-25, 3.56623347095e-24, 4.40378799883e-24, 4.35214403638e-24, 3.61513140859e-24, 8.71696348979e-24, 8.78398353458e-24, 7.87661836645e-24, 1.45772581157e-23, 1.85953432245e-23, 1.66348897687e-23, 2.37059123347e-23, 5.09661258302e-23, 4.15990715348e-23, 6.90527184575e-23, 8.37207413312e-23, 1.27429283724e-22, 1.55682482195e-22, 2.6445818425e-22, 3.18118774943e-22, 5.2308212995e-22, 7.39910028703e-22, 1.19678676106e-21, 1.73805449515e-21], "var": [6.09608923696e-06, 0.00118847971316, 0.000129375956021, 1.44875302794e-05, 7.1310911153e-05, 5.08811899635e-05, 1.76505855052e-05, 3.89010674553e-05, 1.1864116459e-05, 1.12137240649e-05, 4.03819427675e-07, 1.90295239122e-07, 2.79779072798e-07, 1.27154109464e-07, 1.07931029447e-07, 5.7919251617e-08, 9.75493730238e-09, 3.09824566003e-09, 6.99197899579e-09, 9.9627293082e-08, 2.91199864222e-08, 2.06737524877e-08, 2.55237111446e-08, 5.28927923682e-09, 3.22752917725e-08, 1.65574987054e-09, 7.90322307598e-10]}, "erbbands": {"dmean": [0.222479149699, 1.33265328407, 2.65499210358, 2.50034141541, 5.0426235199, 7.56311702728, 12.3031005859, 23.5178699493, 13.0675296783, 15.9556713104, 13.9362459183, 18.9124755859, 10.5565690994, 19.2933750153, 10.1564798355, 5.59602022171, 6.19457912445, 4.11034917831, 6.88496112823, 5.27669143677, 2.94950819016, 1.33115625381, 1.16817879677, 1.27990567684, 0.951372623444, 1.47603571415, 1.27641034126, 1.08018410206, 1.20085668564, 1.44111049175, 0.8358040452, 0.197702378035, 0.24155369401, 0.474253445864, 0.302328407764, 0.0478681176901, 0.00565684307367, 0.00194159208331, 0.000228216318646, 2.32838374359e-05], "dmean2": [0.30204847455, 2.04133367538, 4.6655921936, 4.34490776062, 8.53639221191, 13.000120163, 18.738155365, 40.0607070923, 20.0937976837, 22.4759254456, 19.0270767212, 26.2425422668, 15.0684938431, 27.1378536224, 16.5884666443, 8.94420719147, 9.81193161011, 6.7540268898, 11.4616241455, 8.94416236877, 5.05185222626, 2.25840210915, 1.96836483479, 2.1965212822, 1.56724691391, 2.3060798645, 1.94286417961, 1.60774564743, 1.75801992416, 2.10312747955, 1.19817078114, 0.286896556616, 0.359177052975, 0.695141792297, 0.432743579149, 0.0697336941957, 0.00880355481058, 0.00310704717413, 0.000361475656973, 3.60651938536e-05], "dvar": [0.78110742569, 27.197221756, 225.797943115, 131.251663208, 459.495910645, 1358.9576416, 423.623352051, 1550.87316895, 791.849365234, 1757.34960938, 2290.97216797, 1989.48303223, 554.373657227, 4378.88769531, 1023.87115479, 180.587860107, 212.686889648, 225.425918579, 192.032836914, 140.726425171, 35.7121658325, 6.03329658508, 4.67633485794, 8.33868408203, 6.34934568405, 78.3039169312, 33.1302680969, 9.52169704437, 11.4305906296, 19.8970909119, 7.93309783936, 0.535285830498, 0.672985672951, 2.5707526207, 1.02231311798, 0.0242214966565, 0.00150017486885, 6.72241076245e-05, 2.09507925319e-06, 1.5333080583e-08], "dvar2": [1.30614411831, 63.4243621826, 638.429443359, 381.385650635, 1188.49499512, 3936.25561523, 1028.94213867, 4932.97949219, 2286.49438477, 3438.83837891, 4347.50878906, 3706.17895508, 1149.49499512, 8296.62207031, 2861.38549805, 446.977722168, 500.495544434, 543.268493652, 499.00088501, 388.346893311, 100.77986908, 16.479642868, 13.2878217697, 25.0472831726, 15.6444158554, 163.044998169, 68.3782043457, 21.0045948029, 24.5611991882, 41.2219390869, 15.4097270966, 1.091578722, 1.38396310806, 5.49097681046, 2.15005111694, 0.0506928451359, 0.00406490126625, 0.000169487568201, 5.39688426215e-06, 3.41636017254e-08], "max": [14.8840150833, 82.0108795166, 217.226638794, 188.504989624, 318.882843018, 547.352294922, 599.010620117, 877.635009766, 803.441772461, 1585.67004395, 2769.98364258, 2534.51196289, 622.260070801, 2269.53540039, 533.380432129, 247.642227173, 532.225402832, 699.038085938, 251.100540161, 288.665557861, 121.61819458, 60.1162567139, 35.695022583, 82.4924240112, 80.9030380249, 677.960510254, 295.105499268, 78.7094345093, 62.728263855, 73.75756073, 49.0434532166, 33.4028968811, 26.4382705688, 19.6648960114, 14.8756122589, 3.75987505913, 2.50547623634, 0.392018318176, 0.101288102567, 0.0107638062909], "mean": [0.456858128309, 3.08352255821, 4.27480173111, 4.28532838821, 5.99166297913, 9.79563808441, 28.6558818817, 53.2282791138, 35.7398338318, 49.7146720886, 38.4457092285, 49.6132125854, 26.7631759644, 41.7232627869, 15.5523223877, 9.16513347626, 11.1115026474, 7.07218027115, 10.4766302109, 9.25636482239, 5.36258268356, 2.53741335869, 2.34300661087, 2.40858030319, 1.9317855835, 2.97824072838, 2.31110453606, 1.79270291328, 1.86885821819, 1.94701457024, 1.23010277748, 0.379051864147, 0.398925870657, 0.636572599411, 0.387355208397, 0.0700252354145, 0.0121741304174, 0.00360353454016, 0.000590901821852, 8.02325157565e-05], "median": [0.0200442820787, 0.206397131085, 0.658470630646, 1.33002305031, 1.97999596596, 3.68569612503, 14.7828798294, 28.1852455139, 15.9941387177, 11.2212352753, 12.2900829315, 17.4737854004, 10.527223587, 10.2811851501, 6.77972459793, 3.61541843414, 4.39254188538, 2.92679023743, 4.56581497192, 3.65533161163, 2.81333684921, 1.34734773636, 1.12111568451, 1.08161258698, 0.67226755619, 0.386498242617, 0.222122073174, 0.185485437512, 0.132654309273, 0.121011443436, 0.0684989839792, 0.0206164624542, 0.0174281559885, 0.0249350965023, 0.011543834582, 0.00187760521658, 0.00027006136952, 5.56008599233e-05, 1.91140425159e-05, 2.7215515729e-05], "min": [5.28411566941e-23, 1.527953775e-22, 8.0259425414e-22, 2.42072144442e-21, 5.53822219367e-21, 1.38858437844e-20, 3.48155860803e-20, 4.69453044216e-20, 5.64780827675e-20, 1.31017356942e-19, 1.60440287653e-19, 2.31196826112e-19, 3.79198488701e-19, 5.53133866157e-19, 6.84827016735e-19, 9.7947324872e-19, 1.22134189381e-18, 9.81724213962e-19, 1.45956349957e-18, 2.29958154164e-18, 2.4900177506e-18, 3.34587919653e-18, 4.22675024149e-18, 5.56603464896e-18, 5.66082623844e-18, 6.50960122806e-18, 7.27660941414e-18, 6.86774024121e-18, 8.4166619944e-18, 1.0606159445e-17, 9.89718873224e-18, 8.81187896491e-18, 9.25141461828e-18, 6.5794649026e-18, 4.86935253139e-18, 3.63993094415e-18, 1.98924901841e-18, 7.94225840346e-19, 2.26463440153e-19, 2.50302591537e-20], "var": [1.91155099869, 48.3124656677, 191.910140991, 153.039733887, 374.053131104, 892.150756836, 1576.15087891, 4877.89990234, 2988.94677734, 10305.8544922, 11339.4746094, 9829.30859375, 1952.59155273, 14202.3554688, 907.56829834, 322.405395508, 533.30255127, 457.073852539, 308.411743164, 279.073608398, 59.5516433716, 12.0200529099, 10.6606502533, 15.9240951538, 20.0244007111, 308.399108887, 118.294761658, 24.5475521088, 26.0915355682, 34.5561408997, 15.9296007156, 2.26300644875, 2.05340194702, 4.15302085876, 1.53053486347, 0.0575371943414, 0.00602395925671, 0.000367592001567, 2.04395219043e-05, 1.66700075965e-07]}, "gfcc": {"mean": [-124.798591614, 136.028701782, -102.961265564, 3.90180397034, -58.2099647522, -1.7233825922, -34.7947158813, 2.36122322083, -14.7995328903, 0.360643774271, -9.7470407486, -2.18286943436, 0.540829479694], "cov": [[67362.5390625, 7766.05273438, -5285.04980469, 1311.19775391, -3362.72509766, 977.498474121, -1665.14624023, 964.595581055, -415.052276611, 529.195373535, -556.23046875, -35.3418273926, 73.7844924927], [7766.05273438, 3724.47143555, -999.774230957, -401.375244141, 221.527526855, -379.17980957, -228.217681885, -7.50347280502, 146.133926392, -221.186950684, 79.429725647, -152.544525146, 102.105239868], [-5285.04980469, -999.774230957, 1613.97460938, 171.01574707, 328.786834717, 191.86769104, 305.646606445, 80.1077728271, 48.7739715576, 42.4627456665, -54.9227905273, 23.4278316498, -57.0558891296], [1311.19775391, -401.375244141, 171.01574707, 492.634887695, -18.801153183, 266.461334229, 108.978042603, 159.385757446, 76.2993164062, 161.568603516, 3.79065728188, 30.7555389404, -0.690474569798], [-3362.72509766, 221.527526855, 328.786834717, -18.801153183, 605.282287598, -48.610874176, 151.636245728, 42.4503517151, 167.301574707, -46.0092086792, 96.9169998169, -21.2153892517, 25.7043037415], [977.498474121, -379.17980957, 191.86769104, 266.461334229, -48.610874176, 433.093200684, 120.732620239, 182.503234863, 69.7213821411, 179.795791626, 27.6756362915, 78.6030044556, 33.6369018555], [-1665.14624023, -228.217681885, 305.646606445, 108.978042603, 151.636245728, 120.732620239, 309.965637207, 105.018798828, 116.266197205, 94.8986816406, 52.0627250671, 17.9921627045, 19.468585968], [964.595581055, -7.50347280502, 80.1077728271, 159.385757446, 42.4503517151, 182.503234863, 105.018798828, 275.579498291, 130.502822876, 111.517189026, 64.208114624, 22.2217960358, 31.91563797], [-415.052276611, 146.133926392, 48.7739715576, 76.2993164062, 167.301574707, 69.7213821411, 116.266197205, 130.502822876, 226.525024414, 86.8115158081, 56.1056785583, 11.9641122818, 47.2206916809], [529.195373535, -221.186950684, 42.4627456665, 161.568603516, -46.0092086792, 179.795791626, 94.8986816406, 111.517189026, 86.8115158081, 207.471679688, 55.0986442566, 42.5799636841, 27.3519134521], [-556.23046875, 79.429725647, -54.9227905273, 3.79065728188, 96.9169998169, 27.6756362915, 52.0627250671, 64.208114624, 56.1056785583, 55.0986442566, 174.000961304, 34.8428611755, 37.853969574], [-35.3418273926, -152.544525146, 23.4278316498, 30.7555389404, -21.2153892517, 78.6030044556, 17.9921627045, 22.2217960358, 11.9641122818, 42.5799636841, 34.8428611755, 96.1819076538, 45.1266059875], [73.7844924927, 102.105239868, -57.0558891296, -0.690474569798, 25.7043037415, 33.6369018555, 19.468585968, 31.91563797, 47.2206916809, 27.3519134521, 37.853969574, 45.1266059875, 96.8633117676]], "icov": [[0.000110784210847, -0.000312557560392, 0.000142971344758, -0.000378389202524, 0.000403606565669, -0.000132777815452, 0.000244529714109, -0.000447533850092, 0.000325192464516, -0.000231188794714, 0.000415286049247, -0.000323820015183, 0.000259236461716], [-0.000312557560392, 0.00133171922062, -0.00017700906028, 0.00125408940949, -0.00127330934629, 0.000385359919164, -0.000497315893881, 0.00108785787597, -0.00125861517154, 0.000991528388113, -0.00125972263049, 0.00164944236167, -0.00125799200032], [0.000142971344758, -0.00017700906028, 0.00132683012635, -0.000415347167291, -0.00029519063537, -0.000420641590608, -0.000431862776168, -0.000849636271596, 0.000891604577191, -0.000247683201451, 0.00139212224167, -0.000794888881501, 0.000908992951736], [-0.000378389202524, 0.00125408940949, -0.000415347167291, 0.00486893812194, -0.00165857526008, -0.000856685859617, -0.00083312834613, 0.000654582225252, -0.00113777676597, -0.000631749629974, -0.000626322580501, 0.00151323038153, -0.000281435291981], [0.000403606565669, -0.00127330934629, -0.00029519063537, -0.00165857526008, 0.00512662623078, -0.000450268038549, 0.000271011638688, -0.000699970172718, -0.00173927342985, 0.00164992467035, -0.000856284052134, -0.000147553379065, 0.000606530520599], [-0.000132777815452, 0.000385359919164, -0.000420641590608, -0.000856685859617, -0.000450268038549, 0.00578120676801, -0.00066611263901, -0.00171511701774, 0.000756998721045, -0.00227411882952, 0.000525122100953, -0.00237209326588, -0.000575043144636], [0.000244529714109, -0.000497315893881, -0.000431862776168, -0.00083312834613, 0.000271011638688, -0.00066611263901, 0.0061991289258, -0.0012455660617, -0.000727305479813, -0.00173341436312, 0.000181147319381, 0.00014749316324, 0.000106006147689], [-0.000447533850092, 0.00108785787597, -0.000849636271596, 0.000654582225252, -0.000699970172718, -0.00171511701774, -0.0012455660617, 0.00925949495286, -0.00471067475155, 0.00146473303903, -0.00382648105733, 0.00281062698923, -0.00125205307268], [0.000325192464516, -0.00125861517154, 0.000891604577191, -0.00113777676597, -0.00173927342985, 0.000756998721045, -0.000727305479813, -0.00471067475155, 0.0116223618388, -0.00488414708525, 0.00308098760433, -0.00124164100271, -0.00141923222691], [-0.000231188794714, 0.000991528388113, -0.000247683201451, -0.000631749629974, 0.00164992467035, -0.00227411882952, -0.00173341436312, 0.00146473303903, -0.00488414708525, 0.0124198282138, -0.00422509480268, 0.000931493064854, -0.000710676365998], [0.000415286049247, -0.00125972263049, 0.00139212224167, -0.000626322580501, -0.000856284052134, 0.000525122100953, 0.000181147319381, -0.00382648105733, 0.00308098760433, -0.00422509480268, 0.010972331278, -0.00452458113432, 0.000607394846156], [-0.000323820015183, 0.00164944236167, -0.000794888881501, 0.00151323038153, -0.000147553379065, -0.00237209326588, 0.00014749316324, 0.00281062698923, -0.00124164100271, 0.000931493064854, -0.00452458113432, 0.0194287002087, -0.00898326467723], [0.000259236461716, -0.00125799200032, 0.000908992951736, -0.000281435291981, 0.000606530520599, -0.000575043144636, 0.000106006147689, -0.00125205307268, -0.00141923222691, -0.000710676365998, 0.000607394846156, -0.00898326467723, 0.0172561202198]]}, "melbands": {"dmean": [0.00174042047001, 0.00149459135719, 0.000476301793242, 0.000486384145916, 0.00041415731539, 0.000488534511533, 0.000204810785362, 0.000186054036021, 0.000103665108327, 0.000117861971376, 5.18235501659e-05, 8.39937129058e-05, 3.12971424137e-05, 2.01590773941e-05, 1.1403382814e-05, 1.4297071175e-05, 7.48150478103e-06, 1.07995483631e-05, 6.44423926133e-06, 8.67907510838e-06, 3.0207263535e-06, 1.60519732617e-06, 1.46530715028e-06, 1.09887128019e-06, 1.13019120818e-06, 9.17920658594e-07, 5.5463561921e-07, 1.20195693398e-06, 8.95563914582e-07, 7.17181592336e-07, 6.68071493237e-07, 7.04076398961e-07, 6.91635705152e-07, 9.22110473311e-07, 5.6923096281e-07, 2.37961117477e-07, 7.93102543639e-08, 1.25104946846e-07, 3.05759158437e-07, 4.41369735427e-07], "dmean2": [0.00247006281279, 0.00243162270635, 0.000826243427582, 0.000823362031952, 0.000653973780572, 0.000826434174087, 0.000318725418765, 0.000255420309259, 0.000142912904266, 0.00016271363711, 7.45618744986e-05, 0.00011791785073, 5.10591780767e-05, 3.33264288201e-05, 1.7582806322e-05, 2.29949946515e-05, 1.23157906273e-05, 1.8014023226e-05, 1.06904317363e-05, 1.48780181917e-05, 5.20013009009e-06, 2.74211242868e-06, 2.46800914283e-06, 1.86421891613e-06, 1.95148527382e-06, 1.5542204892e-06, 8.70784276685e-07, 1.88539843293e-06, 1.39332394156e-06, 1.06254333332e-06, 1.02138096736e-06, 1.0392935792e-06, 1.06023048829e-06, 1.34777610583e-06, 8.32025932596e-07, 3.40269053822e-07, 1.23820100839e-07, 1.82123287118e-07, 4.95575022796e-07, 6.34455545878e-07], "dvar": [4.18006420659e-05, 5.10255777044e-05, 3.72748809241e-06, 5.64170841244e-06, 6.5560953999e-07, 6.54389509691e-07, 2.29808023278e-07, 2.57693244521e-07, 1.14620483771e-07, 8.52971169252e-08, 1.39565656809e-08, 8.59447411017e-08, 9.61308366243e-09, 3.85678644577e-09, 8.06901212513e-10, 1.38812172867e-09, 7.93040078051e-10, 4.65833149832e-10, 1.55908938537e-10, 3.37367411785e-10, 4.38753235132e-11, 1.00914988171e-11, 1.00822857008e-11, 4.13371724003e-12, 7.35633862853e-12, 5.08762866905e-12, 7.18429656044e-12, 5.97832755522e-11, 1.61798664744e-11, 8.75757018987e-12, 3.57910315968e-12, 3.88143944069e-12, 4.60188527909e-12, 8.3487045402e-12, 3.85015890697e-12, 7.15210388743e-13, 1.89869997437e-13, 2.07657648672e-13, 1.07060194043e-12, 2.1828936228e-12], "dvar2": [7.65621443861e-05, 0.000136237882543, 1.07043861135e-05, 1.55205379997e-05, 1.77007109414e-06, 2.06417144e-06, 6.86830276209e-07, 4.7032602879e-07, 2.15351505517e-07, 1.56686482455e-07, 2.925383491e-08, 1.62751646826e-07, 2.67630664297e-08, 1.08384625719e-08, 1.67327085521e-09, 3.56624108022e-09, 1.85707960121e-09, 1.2139241834e-09, 4.2229231223e-10, 9.36515309746e-10, 1.24091223408e-10, 2.80691980076e-11, 2.79351056176e-11, 1.16399502884e-11, 2.2207550035e-11, 1.4507860191e-11, 1.4908317636e-11, 1.22636220623e-10, 3.45588245521e-11, 1.74928491831e-11, 8.19746093922e-12, 8.63499983322e-12, 1.04892778491e-11, 1.72658796982e-11, 8.03058054083e-12, 1.37900986203e-12, 4.57251966325e-13, 4.51074616027e-13, 2.43678406446e-12, 4.58046794938e-12], "max": [0.106521822512, 0.112764440477, 0.0282976608723, 0.0366618447006, 0.0180560611188, 0.0178832374513, 0.0130014773458, 0.0196871906519, 0.0208308044821, 0.017139332369, 0.00305894622579, 0.0100785801187, 0.00172577297781, 0.00104266370181, 0.00116114912089, 0.00133874220774, 0.00128968642093, 0.00049223419046, 0.000237513682805, 0.000397156836698, 0.000171187581145, 5.94790290052e-05, 7.61002593208e-05, 2.76781902357e-05, 7.79652546044e-05, 5.62428213016e-05, 0.000141558572068, 0.000600383733399, 0.000154468856636, 0.000156452762894, 4.86151038785e-05, 5.62586428714e-05, 2.98047798424e-05, 5.82524589845e-05, 3.75052768504e-05, 1.56358710228e-05, 2.53851831076e-05, 1.97519948415e-05, 1.88629765034e-05, 1.81974155566e-05], "mean": [0.00412855297327, 0.00292254961096, 0.000754892127588, 0.000575537036639, 0.000904390180949, 0.00114203325938, 0.000530022953171, 0.000583669636399, 0.000271250668447, 0.000307416979922, 0.000125334132463, 0.000177829773747, 4.60945921077e-05, 2.90841162496e-05, 2.00244430744e-05, 2.37214553636e-05, 1.14731346912e-05, 1.58019374794e-05, 1.08598651423e-05, 1.37825327329e-05, 4.9212317208e-06, 2.72142347058e-06, 2.47736124948e-06, 1.99190299099e-06, 1.91139065464e-06, 1.61638274676e-06, 1.13746784791e-06, 2.25773146667e-06, 1.52683946908e-06, 1.08605206606e-06, 1.06466040961e-06, 1.10242831397e-06, 9.32024647682e-07, 1.19637036278e-06, 8.09676976132e-07, 3.57093000503e-07, 1.74839811962e-07, 2.1447850429e-07, 4.26846810342e-07, 5.78330741519e-07], "median": [0.000229634271818, 0.000350074202288, 0.00026592949871, 0.000180359609658, 0.000475654262118, 0.000624743639491, 0.000204161988222, 0.000119844102301, 9.70066466834e-05, 9.68719978118e-05, 4.62990137748e-05, 3.85793609894e-05, 1.8519553123e-05, 1.14331323857e-05, 7.19035233487e-06, 9.10227390705e-06, 3.34193418894e-06, 6.68794837111e-06, 4.18923218604e-06, 4.9440031944e-06, 2.52807740253e-06, 1.29106933855e-06, 8.94919025995e-07, 7.45114675738e-07, 6.8654298957e-07, 5.19333127613e-07, 2.84658540295e-07, 2.27122882279e-07, 1.22965460037e-07, 9.48912131093e-08, 9.28191212779e-08, 7.57036957566e-08, 4.76930068771e-08, 6.47217817118e-08, 4.39191794044e-08, 1.74032326328e-08, 8.71389893575e-09, 9.0797449559e-09, 1.63083200277e-08, 2.17346549647e-08], "min": [7.12056322805e-25, 5.49141064482e-25, 5.40525470801e-25, 5.31452436404e-25, 1.11838782685e-24, 8.33792253015e-25, 7.65719029617e-25, 1.19727391738e-24, 1.24694119161e-24, 9.30846993476e-25, 1.54052721598e-24, 1.79316248467e-24, 1.61957255779e-24, 2.3712472502e-24, 1.82547777722e-24, 2.17915764762e-24, 1.2758776943e-24, 1.81051446636e-24, 1.89350223916e-24, 2.20946666968e-24, 2.2407686704e-24, 2.62243239533e-24, 3.31131583044e-24, 3.03331631706e-24, 3.51044956646e-24, 3.0319064254e-24, 3.26093128442e-24, 3.47679754911e-24, 4.07550511085e-24, 4.22330766777e-24, 3.4798839674e-24, 3.70071768921e-24, 4.78504960192e-24, 4.74852968075e-24, 4.93206960883e-24, 4.72645261945e-24, 5.02496429131e-24, 5.19995178389e-24, 5.22044717906e-24, 5.12603630593e-24], "var": [0.000112322712084, 5.34042374056e-05, 3.79405287276e-06, 4.09420363212e-06, 1.53023620442e-06, 2.15678005588e-06, 7.74513011947e-07, 1.53401151692e-06, 5.9131184571e-07, 4.35820254552e-07, 4.57450823887e-08, 2.77823716033e-07, 8.54539194961e-09, 3.5289515754e-09, 2.52539211765e-09, 2.20518137084e-09, 1.77051029393e-09, 7.19335702115e-10, 3.10450720686e-10, 6.2775706855e-10, 5.52005836874e-11, 1.73160149414e-11, 1.85190317942e-11, 8.74299504322e-12, 1.28091409007e-11, 1.03307319296e-11, 2.76214866951e-11, 2.04841407725e-10, 5.19055042003e-11, 2.21963419866e-11, 9.68311195115e-12, 9.69094509501e-12, 7.81328994559e-12, 1.3834280943e-11, 7.34558247562e-12, 1.46093770761e-12, 9.12203689321e-13, 7.56205753398e-13, 1.96334181551e-12, 3.4457942142e-12]}, "mfcc": {"mean": [-740.034118652, 170.921661377, 4.18686723709, 10.4805908203, -3.88714051247, -5.58215808868, -10.0127277374, -4.71556091309, 0.221880614758, -2.58465909958, -0.825275838375, -8.24774837494, 3.91358280182], "cov": [[16904.1660156, 3085.30664062, 594.074951172, 625.385009766, 9.1343793869, 388.894500732, 40.831199646, 338.850494385, 586.366943359, 450.205718994, 648.313537598, -18.8876228333, 555.094909668], [3085.30664062, 4297.55712891, -510.485443115, 76.8226776123, 269.804870605, -317.264343262, -168.685058594, -27.2189311981, -18.4347572327, -42.5155029297, -96.067817688, -29.2710151672, 29.8195972443], [594.074951172, -510.485443115, 884.305480957, 61.9591140747, -56.2407073975, 162.714996338, 115.599250793, 51.3857078552, 110.333900452, 10.9478712082, 83.0073699951, -28.5017108917, 12.0133361816], [625.385009766, 76.8226776123, 61.9591140747, 282.688873291, 72.7659454346, 47.2626190186, 39.8824386597, 42.2571563721, 73.9045562744, 74.3665313721, 70.0000686646, 47.6286582947, 28.8108291626], [9.1343793869, 269.804870605, -56.2407073975, 72.7659454346, 296.126861572, 13.0417919159, 15.6093292236, 68.9021530151, 40.492099762, 36.004737854, 38.3237228394, 40.4451675415, 38.0149078369], [388.894500732, -317.264343262, 162.714996338, 47.2626190186, 13.0417919159, 250.814208984, 91.3308486938, 50.7435264587, 95.484336853, 49.2979698181, 101.090660095, 35.8807792664, 58.138469696], [40.831199646, -168.685058594, 115.599250793, 39.8824386597, 15.6093292236, 91.3308486938, 180.99446106, 73.7351150513, 35.9250869751, 72.262878418, 77.3285217285, 45.3703536987, 44.3167381287], [338.850494385, -27.2189311981, 51.3857078552, 42.2571563721, 68.9021530151, 50.7435264587, 73.7351150513, 158.621856689, 92.8256378174, 66.3265304565, 82.9036483765, 39.8217849731, 49.3484268188], [586.366943359, -18.4347572327, 110.333900452, 73.9045562744, 40.492099762, 95.484336853, 35.9250869751, 92.8256378174, 219.916671753, 98.6045150757, 117.083190918, 41.3955116272, 66.5521697998], [450.205718994, -42.5155029297, 10.9478712082, 74.3665313721, 36.004737854, 49.2979698181, 72.262878418, 66.3265304565, 98.6045150757, 174.25050354, 110.8776474, 49.9601593018, 61.4913597107], [648.313537598, -96.067817688, 83.0073699951, 70.0000686646, 38.3237228394, 101.090660095, 77.3285217285, 82.9036483765, 117.083190918, 110.8776474, 217.910614014, 83.3344726562, 90.8493652344], [-18.8876228333, -29.2710151672, -28.5017108917, 47.6286582947, 40.4451675415, 35.8807792664, 45.3703536987, 39.8217849731, 41.3955116272, 49.9601593018, 83.3344726562, 125.442810059, 57.1384239197], [555.094909668, 29.8195972443, 12.0133361816, 28.8108291626, 38.0149078369, 58.138469696, 44.3167381287, 49.3484268188, 66.5521697998, 61.4913597107, 90.8493652344, 57.1384239197, 128.973480225]], "icov": [[0.000119812953926, -0.000109123597213, -7.7925316873e-05, -0.000201219329028, 0.000205358985113, -0.000172324173036, 0.000257155945292, -0.000188134159544, 9.6516640042e-05, -0.000137402646942, -0.000234573628404, 0.000371598871425, -0.000421143573476], [-0.000109123597213, 0.000397114374209, 0.000190019360161, 5.99283775955e-05, -0.000433543900726, 0.000543708563782, -0.000235517945839, 0.000275115220575, -0.00028087454848, 0.000287254457362, 0.000220273082959, -0.000144917634316, 0.000122135825222], [-7.7925316873e-05, 0.000190019360161, 0.00165342807304, -0.000221146314288, 8.70998555911e-05, -0.000209771867958, -0.00121766503435, 0.000274413876468, -0.000942109501921, 0.00105134409387, -0.000356292031938, 0.000801363552455, 0.000449974293588], [-0.000201219329028, 5.99283775955e-05, -0.000221146314288, 0.00484419101849, -0.00116442749277, -5.96999097979e-06, -0.000441219424829, 0.000661080761347, -0.000733893422876, -0.00114312488586, 0.000271314318525, -0.00176832440775, 0.00155123497825], [0.000205358985113, -0.000433543900726, 8.70998555911e-05, -0.00116442749277, 0.00470153894275, -0.00066806160612, 0.000943413702771, -0.00227491534315, 0.000518884335179, -0.00027352158213, -0.000109062253614, -3.39152065862e-05, -0.00111546518747], [-0.000172324173036, 0.000543708563782, -0.000209771867958, -5.96999097979e-06, -0.00066806160612, 0.00712019391358, -0.00301551888697, 0.00144322623964, -0.0024588459637, 0.00176218524575, -0.00113864790183, 4.26144397352e-05, -0.000680107448716], [0.000257155945292, -0.000235517945839, -0.00121766503435, -0.000441219424829, 0.000943413702771, -0.00301551888697, 0.0108038438484, -0.00429090065882, 0.00369772687554, -0.00375790009275, -0.000418344628997, -0.00100964610465, -0.00120403268375], [-0.000188134159544, 0.000275115220575, 0.000274413876468, 0.000661080761347, -0.00227491534315, 0.00144322623964, -0.00429090065882, 0.011617327109, -0.00401980429888, 0.000523753638845, -0.000853518431541, -0.000382108439226, 0.00021722492238], [9.6516640042e-05, -0.00028087454848, -0.000942109501921, -0.000733893422876, 0.000518884335179, -0.0024588459637, 0.00369772687554, -0.00401980429888, 0.00981855206192, -0.00352852628566, -0.00162437336985, 0.000301760446746, -0.00124949112069], [-0.000137402646942, 0.000287254457362, 0.00105134409387, -0.00114312488586, -0.00027352158213, 0.00176218524575, -0.00375790009275, 0.000523753638845, -0.00352852628566, 0.011515552178, -0.00293890014291, 0.000341599225067, -0.000691216322593], [-0.000234573628404, 0.000220273082959, -0.000356292031938, 0.000271314318525, -0.000109062253614, -0.00113864790183, -0.000418344628997, -0.000853518431541, -0.00162437336985, -0.00293890014291, 0.01122458186, -0.00431023957208, -0.00181070505641], [0.000371598871425, -0.000144917634316, 0.000801363552455, -0.00176832440775, -3.39152065862e-05, 4.26144397352e-05, -0.00100964610465, -0.000382108439226, 0.000301760446746, 0.000341599225067, -0.00431023957208, 0.0138678615913, -0.00418777903542], [-0.000421143573476, 0.000122135825222, 0.000449974293588, 0.00155123497825, -0.00111546518747, -0.000680107448716, -0.00120403268375, 0.00021722492238, -0.00124949112069, -0.000691216322593, -0.00181070505641, -0.00418777903542, 0.014220465906]]}, "spectral_contrast_coeffs": {"dmean": [0.0433303378522, 0.0401167348027, 0.0326690226793, 0.0279800947756, 0.0198562908918, 0.0133428489789], "dmean2": [0.0718966573477, 0.0660242289305, 0.0510294176638, 0.0459363125265, 0.0327154919505, 0.0212915241718], "dvar": [0.00164063612465, 0.00120364211034, 0.00081098661758, 0.000539742060937, 0.000290124939056, 0.00018412382633], "dvar2": [0.00432767346501, 0.00318578444421, 0.00189070485067, 0.00141946494114, 0.000741445284802, 0.000420052791014], "max": [-0.173721686006, -0.36774456501, -0.437043011189, -0.496738433838, -0.563257694244, -0.5383425951], "mean": [-0.622449219227, -0.654396057129, -0.707683801651, -0.751667201519, -0.786317169666, -0.797114133835], "median": [-0.634750962257, -0.640464484692, -0.697724580765, -0.745776534081, -0.782900214195, -0.795503735542], "min": [-0.984487116337, -0.981504023075, -0.981071472168, -0.976256430149, -0.969916522503, -0.965643882751], "var": [0.019915593788, 0.0111590353772, 0.00799797754735, 0.00522023672238, 0.00344733521342, 0.0033231168054]}, "spectral_contrast_valleys": {"dmean": [0.359792023897, 0.300500065088, 0.276722073555, 0.230948984623, 0.173338249326, 0.212137192488], "dmean2": [0.605554044247, 0.49312722683, 0.449798256159, 0.381282508373, 0.269177913666, 0.272796452045], "dvar": [0.112061701715, 0.0757410600781, 0.0791125521064, 0.0565672814846, 0.0405887775123, 0.103004589677], "dvar2": [0.279799044132, 0.177378028631, 