{"lowlevel": {"average_loudness": 0.933307111263, "barkbands_crest": {"dmean": 2.59004807472, "dmean2": 4.05338430405, "dvar": 9.17466068268, "dvar2": 21.0654335022, "max": 26.9991073608, "mean": 15.2591876984, "median": 14.2076978683, "min": 2.73836064339, "var": 33.9865684509}, "barkbands_flatness_db": {"dmean": 0.0768659487367, "dmean2": 0.116030961275, "dvar": 0.0069411857985, "dvar2": 0.0137213114649, "max": 0.954209208488, "mean": 0.390734881163, "median": 0.396959930658, "min": 0.0417415313423, "var": 0.0278945304453}, "barkbands_kurtosis": {"dmean": 2521.14550781, "dmean2": 3861.6237793, "dvar": 294888736, "dvar2": 754718208, "max": 488008.0625, "mean": 5171.48291016, "median": 1.5763297081, "min": -1.96588039398, "var": 1010203904}, "barkbands_skewness": {"dmean": 2.87044763565, "dmean2": 4.73872947693, "dvar": 214.345336914, "dvar2": 584.348571777, "max": 195.178588867, "mean": -0.931101799011, "median": -0.184688031673, "min": -208.927703857, "var": 270.176239014}, "barkbands_spread": {"dmean": 4.71741580963, "dmean2": 7.84887838364, "dvar": 56.8189086914, "dvar2": 141.422927856, "max": 68.4406051636, "mean": 10.282626152, "median": 8.51208400726, "min": 8.72050150065e-05, "var": 84.162399292}, "dissonance": {"dmean": 0.0693923011422, "dmean2": 0.118473947048, "dvar": 0.00500483438373, "dvar2": 0.0137759214267, "max": 0.500000119209, "mean": 0.36061295867, "median": 0.372911036015, "min": 0.00806945096701, "var": 0.00886025652289}, "dynamic_complexity": 4.71529817581, "erbbands_crest": {"dmean": 3.22181916237, "dmean2": 4.86041307449, "dvar": 15.0202302933, "dvar2": 34.0470504761, "max": 34.6801719666, "mean": 20.5413684845, "median": 19.6321601868, "min": 4.11112880707, "var": 52.242313385}, "erbbands_flatness_db": {"dmean": 0.062427829951, "dmean2": 0.0947109758854, "dvar": 0.00519083114341, "dvar2": 0.0102603407577, "max": 0.847643494606, "mean": 0.413983970881, "median": 0.426825553179, "min": 0.0761910974979, "var": 0.0225264895707}, "erbbands_kurtosis": {"dmean": 7.51150083542, "dmean2": 11.3912715912, "dvar": 239.720535278, "dvar2": 514.640563965, "max": 232.147720337, "mean": 13.2446708679, "median": 5.38840293884, "min": -1.86415934563, "var": 581.409240723}, "erbbands_skewness": {"dmean": 1.03084433079, "dmean2": 1.60514938831, "dvar": 1.84125578403, "dvar2": 4.11747550964, "max": 11.1453180313, "mean": -0.33352959156, "median": -0.249437272549, "min": -7.91645765305, "var": 4.68684864044}, "erbbands_spread": {"dmean": 4.71346712112, "dmean2": 7.76699113846, "dvar": 63.1052207947, "dvar2": 153.567108154, "max": 99.9428710938, "mean": 8.98111534119, "median": 4.79193305969, "min": 0.200435876846, "var": 112.830337524}, "hfc": {"dmean": 8.51193332672, "dmean2": 13.0333547592, "dvar": 197.591049194, "dvar2": 504.797210693, "max": 124.878829956, "mean": 20.337015152, "median": 15.4680538177, "min": 1.17359541036e-05, "var": 373.088043213}, "melbands_crest": {"dmean": 3.10819125175, "dmean2": 4.92456960678, "dvar": 13.5637464523, "dvar2": 30.7854118347, "max": 37.7961349487, "mean": 19.4108009338, "median": 17.5943641663, "min": 3.08689522743, "var": 61.1003990173}, "melbands_flatness_db": {"dmean": 0.0879016146064, "dmean2": 0.133556887507, "dvar": 0.00922755245119, "dvar2": 0.0180596709251, "max": 0.976307928562, "mean": 0.474360585213, "median": 0.483673214912, "min": 0.0195416565984, "var": 0.0278641972691}, "melbands_kurtosis": {"dmean": 5.30442476273, "dmean2": 8.23031044006, "dvar": 264.611968994, "dvar2": 581.454284668, "max": 389.661102295, "mean": 8.81263446808, "median": 1.2047867775, "min": -1.93997788429, "var": 556.570922852}, "melbands_skewness": {"dmean": 0.824974000454, "dmean2": 1.27496039867, "dvar": 1.22454571724, "dvar2": 2.8279569149, "max": 13.2907371521, "mean": 0.220546156168, "median": 0.101582713425, "min": -7.69727134705, "var": 4.62946510315}, "melbands_spread": {"dmean": 6.32351398468, "dmean2": 10.213470459, "dvar": 97.6033477783, "dvar2": 240.456939697, "max": 109.425292969, "mean": 17.1973743439, "median": 15.2854948044, "min": 0.0554368905723, "var": 186.632766724}, "pitch_salience": {"dmean": 0.0727393403649, "dmean2": 0.11982987076, "dvar": 0.00962889846414, "dvar2": 0.024609239772, "max": 0.945759892464, "mean": 0.388226747513, "median": 0.397559255362, "min": 0.00720789562911, "var": 0.0230491869152}, "silence_rate_20dB": {"dmean": 0, "dmean2": 0, "dvar": 0, "dvar2": 0, "max": 1, "mean": 1, "median": 1, "min": 1, "var": 0}, "silence_rate_30dB": {"dmean": 0.00476947519928, "dmean2": 0.00954274367541, "dvar": 0.00474677840248, "dvar2": 0.0118374768645, "max": 1, "mean": 0.99642431736, "median": 1, "min": 0, "var": 0.00356279616244}, "silence_rate_60dB": {"dmean": 0.0524642281234, "dmean2": 0.104572564363, "dvar": 0.0497131720185, "dvar2": 0.103977382183, "max": 1, "mean": 0.157727450132, "median": 0, "min": 0, "var": 0.132845252752}, "spectral_centroid": {"dmean": 225.8072052, "dmean2": 371.796783447, "dvar": 156713.0625, "dvar2": 388116.40625, "max": 3691.93139648, "mean": 980.007080078, "median": 885.826049805, "min": 120.907646179, "var": 212609.609375}, "spectral_complexity": {"dmean": 1.9395866394, "dmean2": 3.35705757141, "dvar": 11.0869121552, "dvar2": 28.1159915924, "max": 28, "mean": 6.58005571365, "median": 6, "min": 0, "var": 16.7105255127}, "spectral_decrease": {"dmean": 2.26336838161e-09, "dmean2": 3.148299621e-09, "dvar": 9.64960530309e-18, "dvar2": 1.80872156465e-17, "max": -2.54199616729e-16, "mean": -6.67132526999e-09, "median": -5.13886888598e-09, "min": -3.35950858243e-08, "var": 3.67566241692e-17}, "spectral_energy": {"dmean": 0.00917508639395, "dmean2": 0.0128322392702, "dvar": 0.000158512339112, "dvar2": 0.000302427099086, "max": 0.132484272122, "mean": 0.0270237214863, "median": 0.020915152505, "min": 2.02389638382e-09, "var": 0.000591001531575}, "spectral_energyband_high": {"dmean": 0.000219207955524, "dmean2": 0.000424398109317, "dvar": 5.38884989965e-07, "dvar2": 1.56107103066e-06, "max": 0.00705151818693, "mean": 0.000119208474644, "median": 6.97911218595e-07, "min": 3.209392474e-10, "var": 2.90001651138e-07}, "spectral_energyband_low": {"dmean": 0.00420118588954, "dmean2": 0.00629388587549, "dvar": 5.61787746847e-05, "dvar2": 0.0001222063147, "max": 0.104723654687, "mean": 0.00730265351012, "median": 0.00215076375753, "min": 2.65273029237e-11, "var": 0.000140115327667}, "spectral_energyband_middle_high": {"dmean": 0.00456605199724, "dmean2": 0.00644215289503, "dvar": 5.24727220181e-05, "dvar2": 0.000114106944238, "max": 0.0725201293826, "mean": 0.0122710336, "median": 0.00785308890045, "min": 6.63565202785e-10, "var": 0.000164934812346}, "spectral_energyband_middle_low": {"dmean": 0.00281992205419, "dmean2": 0.00383846252225, "dvar": 3.49321235262e-05, "dvar2": 6.17600671831e-05, "max": 0.087785422802, "mean": 0.00914289988577, "median": 0.00394169706851, "min": 6.5088240353e-11, "var": 0.000149680243339}, "spectral_entropy": {"dmean": 0.656712472439, "dmean2": 1.03776288033, "dvar": 0.610416412354, "dvar2": 1.21975457668, "max": 8.52067565918, "mean": 5.41759109497, "median": 5.20609378815, "min": 2.16767525673, "var": 1.5439016819}, "spectral_flux": {"dmean": 0.0362626053393, "dmean2": 0.0603029541671, "dvar": 0.00199301610701, "dvar2": 0.00406055618078, "max": 0.312431126833, "mean": 0.0563275627792, "median": 0.037093475461, "min": 4.49877370556e-05, "var": 0.00282185175456}, "spectral_kurtosis": {"dmean": 58.2868652344, "dmean2": 91.1396636963, "dvar": 11828.7695312, "dvar2": 28437.7441406, "max": 2142.13842773, "mean": 103.1118927, "median": 50.1250991821, "min": 0.214684724808, "var": 27932.2363281}, "spectral_rms": {"dmean": 0.000870804127771, "dmean2": 0.00119867641479, "dvar": 1.23772963434e-06, "dvar2": 2.31783997151e-06, "max": 0.0113689471036, "mean": 0.00448810122907, "median": 0.00451719248667, "min": 1.40518079661e-06, "var": 6.22157676844e-06}, "spectral_rolloff": {"dmean": 277.921569824, "dmean2": 520.539306641, "dvar": 560923, "dvar2": 1465320.125, "max": 8656.34765625, "mean": 1133.55102539, "median": 1055.12695312, "min": 64.599609375, "var": 466573.28125}, "spectral_skewness": {"dmean": 2.38656806946, "dmean2": 3.73607540131, "dvar": 6.62444162369, "dvar2": 13.3912582397, "max": 40.5683898926, "mean": 6.70919084549, "median": 5.52796316147, "min": 0.0246094036847, "var": 26.2068767548}, "spectral_spread": {"dmean": 914962.8125, "dmean2": 1468017.25, "dvar": 1346219540480.0, "dvar2": 2722903097340.0, "max": 12639865, "mean": 2053451, "median": 1518733.75, "min": 57199.5742188, "var": 2535584432130.0}, "spectral_strongpeak": {"dmean": 1.01870155334, "dmean2": 1.61019265652, "dvar": 2.20939016342, "dvar2": 5.21341753006, "max": 13.5878124237, "mean": 2.81067276001, "median": 2.4442486763, "min": 0, "var": 5.747631073}, "zerocrossingrate": {"dmean": 0.00488649960607, "dmean2": 0.00620981166139, "dvar": 5.25962605025e-05, "dvar2": 8.75976402313e-05, "max": 0.19287109375, "mean": 0.0399441979825, "median": 0.03955078125, "min": 0.00341796875, "var": 0.000268722797045}, "barkbands": {"dmean": [7.22492623026e-05, 0.00230618007481, 0.00175014021806, 0.000748523627408, 0.000281869550236, 0.000128502389998, 0.00012117937149, 0.000496795692015, 0.00100514560472, 0.00135402276646, 0.0015161014162, 0.000747423211578, 0.000633628980722, 0.000204332449357, 0.000693891430274, 0.000115118869871, 0.000158148861374, 0.000218568980927, 9.10364688025e-05, 9.48833476286e-05, 3.8287951611e-05, 3.99092350563e-05, 1.59744977282e-05, 2.02104565687e-05, 5.7205423218e-05, 1.41099471875e-05, 2.51402229878e-06], "dmean2": [0.000119237185572, 0.00359398894943, 0.00256937462837, 0.00117367913481, 0.000480938208057, 0.000229556753766, 0.000211839593248, 0.00061308615841, 0.00130673579406, 0.00163713237271, 0.00196025776677, 0.000983401900157, 0.00085821718676, 0.000305601366563, 0.00128254061565, 0.000183194730198, 0.000269542331807, 0.000350482790964, 0.000151977044879, 0.000181744908332, 7.44202116039e-05, 7.76058222982e-05, 3.11174808303e-05, 3.92758702219e-05, 0.000111154746264, 2.739078991e-05, 4.88890327688e-06], "dvar": [3.12321368767e-08, 2.91680753435e-05, 1.78827140189e-05, 4.57828900835e-06, 5.3478765949e-07, 1.15119128452e-07, 1.53048148377e-07, 7.54066104491e-06, 1.1753997569e-05, 1.33973635457e-05, 1.52683023771e-05, 6.93166794008e-06, 5.31652767677e-06, 2.09144309338e-06, 5.99331178819e-06, 4.02470078598e-07, 4.448365587e-07, 6.84506062498e-07, 9.92655913024e-08, 1.70684529621e-07, 1.8997527107e-08, 2.0569892456e-08, 3.65775387756e-09, 7.01770286327e-09, 6.65378436793e-08, 2.8675581909e-09, 9.21910950358e-11], "dvar2": [7.55077920189e-08, 6.64089166094e-05, 3.497988655e-05, 8.530481864e-06, 1.15949956125e-06, 3.17069293487e-07, 4.15093950323e-07, 1.13978685476e-05, 2.0356161258e-05, 2.26574484259e-05, 2.70525360975e-05, 1.29586733237e-05, 1.07652322185e-05, 4.58910380985e-06, 1.67848211277e-05, 9.79829678727e-07, 1.10482824311e-06, 1.56347914526e-06, 1.93428761008e-07, 4.97050166359e-07, 5.52626531203e-08, 5.98411631358e-08, 1.06700177582e-08, 2.05189287783e-08, 1.94792363573e-07, 8.3407192264e-09, 2.69115868479e-10], "max": [0.00194204715081, 0.0541430041194, 0.0928854197264, 0.0527873262763, 0.0172265470028, 0.00329030212015, 0.00552218547091, 0.082898542285, 0.0597256235778, 0.0692172348499, 0.048645593226, 0.0592166222632, 0.0303826630116, 0.024778066203, 0.0184189304709, 0.0127095915377, 0.0125887300819, 0.0160594657063, 0.00972887407988, 0.00687502324581, 0.00147422356531, 0.00127211993095, 0.000590202631429, 0.00108620082028, 0.00251921731979, 0.000490441569127, 0.000110058295832], "mean": [6.14324744674e-05, 0.00276004779153, 0.00362198264338, 0.00127068080474, 0.000391751906136, 0.000122485958855, 0.00015635737509, 0.001272360445, 0.0037727849558, 0.00466994894668, 0.00389713654295, 0.00243493844755, 0.00129106512759, 0.000201300063054, 0.000439663708676, 9.75092116278e-05, 0.000122212441056, 0.000211997292354, 7.3574425187e-05, 5.31629557372e-05, 2.06157692446e-05, 2.14337487705e-05, 8.52935590956e-06, 1.08839576569e-05, 3.09277820634e-05, 7.60949797041e-06, 1.34678862196e-06], "median": [1.09479026378e-06, 0.000140374526381, 0.00068463711068, 0.000162555210409, 6.35446995148e-05, 1.77144538611e-05, 2.77834114968e-05, 5.3996409406e-05, 0.00042927917093, 0.000591061310843, 0.000182611765922, 7.9781304521e-05, 9.98250925477e-07, 3.54324384944e-07, 4.98789916037e-07, 2.00140959805e-07, 8.78295281836e-07, 5.3341881312e-07, 3.12374822897e-07, 1.69938019212e-07, 8.31150401837e-08, 2.88213506394e-08, 1.06077182593e-08, 5.24867047602e-08, 1.24336878571e-07, 3.22115596418e-08, 3.00355185168e-09], "min": [2.54179229747e-12, 1.03211298015e-12, 3.94467526135e-13, 9.73040766884e-13, 2.22424465998e-12, 4.41431700221e-12, 2.1207660194e-12, 1.801948998e-12, 3.2508939117e-12, 8.02879117356e-12, 2.89364331107e-11, 3.13809069875e-12, 3.24530918631e-12, 1.22334312819e-11, 1.16728737787e-10, 3.69446920973e-12, 5.09627721967e-11, 2.48958666182e-11, 1.8095401913e-11, 1.40765619647e-11, 1.09564891881e-11, 1.10102005638e-11, 1.20369643072e-11, 1.79381388216e-11, 2.94238904075e-11, 2.70725976359e-11, 2.69978275846e-11], "var": [2.99054576658e-08, 3.76948773919e-05, 7.12288019713e-05, 1.40845131682e-05, 1.05723552224e-06, 1.05698589437e-07, 1.69505725012e-07, 3.11911353492e-05, 5.64762231079e-05, 7.23441844457e-05, 5.46904520888e-05, 3.48088360624e-05, 1.69749819179e-05, 2.37189965446e-06, 3.74317937712e-06, 3.93719915337e-07, 4.30329578194e-07, 1.23666529817e-06, 1.58779172921e-07, 9.22216401023e-08, 1.01176906853e-08, 1.09546158811e-08, 1.93619920097e-09, 3.7095997385e-09, 3.52011397808e-08, 1.5333797565e-09, 4.87619250533e-11]}, "erbbands": {"dmean": [0.0655166730285, 0.534322917461, 1.76706635952, 2.425167799, 1.46520245075, 0.856657445431, 0.807181596756, 1.14886617661, 1.68036329746, 3.52189612389, 13.041059494, 29.0753612518, 31.0256519318, 47.5907402039, 55.7599906921, 39.3680686951, 30.7920837402, 16.4455356598, 29.2151298523, 18.0827293396, 7.0262556076, 8.09553909302, 13.4037256241, 5.18250322342, 6.19539785385, 3.80931425095, 1.48198378086, 1.88197743893, 1.65527927876, 0.577303886414, 0.4368237257, 0.439697504044, 0.346049666405, 0.625234663486, 0.368529289961, 0.118731305003, 0.0182298664004, 0.00339578976855, 0.00050242675934, 2.78372135654e-05], "dmean2": [0.101752191782, 0.837671041489, 2.62316274643, 3.75268316269, 2.32244801521, 1.49184501171, 1.49063587189, 2.02103328705, 2.90732622147, 5.19556331635, 15.9164590836, 36.8285942078, 37.5403747559, 58.5809631348, 72.0411148071, 50.7185897827, 41.2196922302, 24.0379238129, 53.0466880798, 32.5148506165, 11.4551849365, 13.9054946899, 21.010717392, 8.65067481995, 10.998418808, 7.23276901245, 2.85882520676, 3.65451788902, 3.2203540802, 1.1237654686, 0.850839018822, 0.855592310429, 0.672492444515, 1.21287691593, 0.716506421566, 0.230490610003, 0.0354022942483, 0.00661383476108, 0.000975020229816, 4.84960037284e-05], "dvar": [0.0277671329677, 1.51756560802, 15.212061882, 36.7103919983, 32.0933303833, 3.32831215858, 4.31329393387, 9.21214199066, 25.637342453, 379.864379883, 4934.86230469, 9583.0703125, 11284.0742188, 14721.28125, 20464.7089844, 17932.9179688, 11177.6894531, 6342.54345703, 10148.7880859, 3740.77514648, 858.849975586, 720.663452148, 2912.2043457, 357.51574707, 494.667144775, 286.108184814, 29.1726818085, 54.3628463745, 35.7935447693, 4.90484237671, 2.90836858749, 4.27612400055, 1.84578680992, 8.54807281494, 2.61945700645, 0.26223179698, 0.00425155926496, 0.000132457586005, 3.86032570532e-06, 4.7713450968e-09], "dvar2": [0.0614396072924, 3.51542115211, 30.7777919769, 76.0608444214, 52.6113433838, 8.6182308197, 12.0976247787, 24.7592601776, 70.0751953125, 689.988037109, 7255.60644531, 16424.7773438, 19726.1621094, 25133.1777344, 36394.734375, 33660.3554688, 22716.9296875, 13993.3564453, 27883.71875, 10100.3251953, 2112.35253906, 1832.77929688, 6404.26025391, 739.37701416, 1146.77697754, 829.138793945, 84.7898635864, 158.739242554, 104.180160522, 14.3136291504, 8.49397468567, 12.5745763779, 5.37715101242, 25.0496673584, 7.66309309006, 0.766424655914, 0.0123368147761, 0.000384357495932, 1.12891921162e-05, 1.37646711806e-08], "max": [1.2658880949, 14.0532140732, 69.8628311157, 112.070396423, 168.756637573, 18.7787303925, 19.1054382324, 39.297252655, 67.9759597778, 583.752868652, 2269.63085938, 1749.23034668, 2859.1237793, 2063.6262207, 2009.98364258, 3015.55371094, 1375.90625, 1349.16577148, 936.96685791, 689.114501953, 491.786621094, 533.997558594, 1092.48510742, 433.28918457, 634.240722656, 284.189849854, 78.7690048218, 87.9893798828, 53.0294265747, 26.4325790405, 18.9554367065, 29.1201858521, 14.2255420685, 33.6774635315, 15.3719911575, 5.13267612457, 0.597571492195, 0.123148269951, 0.0216256678104, 0.00064759538509], "mean": [0.061130784452, 0.722976386547, 3.57882189751, 4.86047506332, 2.40815591812, 1.14202737808, 0.695832967758, 1.16456389427, 2.28320622444, 6.3476395607, 36.4068107605, 112.960472107, 122.137115479, 145.027038574, 150.460891724, 131.916671753, 65.4967041016, 23.5032806396, 19.8051395416, 12.3408937454, 5.75525617599, 6.44330358505, 13.6186714172, 4.39575242996, 4.29376649857, 2.2139081955, 0.814357280731, 1.01456856728, 0.887575209141, 0.308598846197, 0.233472317457, 0.234909772873, 0.187496289611, 0.338750451803, 0.198872432113, 0.0640745013952, 0.00984085537493, 0.00181890476961, 0.000280932610622, 4.15345020883e-05], "median": [0.00216962140985, 0.053885858506, 0.686835110188, 1.11483764648, 0.525184035301, 0.216986939311, 0.137215942144, 0.161574155092, 0.438977479935, 0.722477257252, 2.87188053131, 14.7192306519, 24.1103744507, 31.9720363617, 23.7147159576, 11.1783752441, 1.99745571613, 0.451716899872, 0.160761773586, 0.0746477246284, 0.0500440821052, 0.075893163681, 0.0457190349698, 0.0192311778665, 0.0184482559562, 0.0122304856777, 0.00400754623115, 0.00415466260165, 0.00131094502285, 0.00053639622638, 0.000367032655049, 0.000626478460617, 0.0011391438311, 0.00141149875708, 0.00079617270967, 0.000271029828582, 5.28899181518e-05, 8.33116428112e-06, 1.44553114296e-05, 2.64874324785e-05], "min": [3.3564892532e-10, 1.13211995334e-09, 1.03828479148e-09, 3.82815246169e-09, 6.13612138878e-09, 8.66812399636e-09, 3.16882484697e-08, 5.42027578376e-08, 2.41824778868e-07, 1.47691110897e-07, 3.46200010881e-07, 3.26578231125e-07, 3.03131798773e-07, 8.23298989872e-07, 1.63673291809e-06, 3.48967114405e-06, 1.58569048381e-06, 1.22736025787e-06, 3.113186267e-06, 4.34923958892e-06, 5.00146279592e-06, 3.2689681575e-06, 5.7753868532e-06, 4.02824889534e-06, 4.56559246231e-06, 4.85678629047e-06, 3.54070630237e-06, 2.59424996329e-06, 1.93182063413e-06, 1.41785278629e-06, 1.03691525055e-06, 7.38176368031e-07, 5.16530462846e-07, 3.2964157981e-07, 2.02804415039e-07, 1.09285288374e-07, 5.04605637275e-08, 1.77006480584e-08, 3.92781185354e-09, 4.61926885631e-10], "var": [0.0289516821504, 2.17730093002, 56.4474868774, 121.932792664, 92.6371765137, 4.41996526718, 2.94373965263, 10.0285234451, 27.8413906097, 1073.80480957, 21179.3652344, 46909.9648438, 58606.9960938, 71229.9453125, 82881.46875, 90900.9296875, 33805.8125, 8244.15136719, 6800.48242188, 2662.78735352, 821.615722656, 699.478088379, 5563.75, 550.622253418, 581.397216797, 157.986251831, 15.669210434, 28.7803897858, 19.0369644165, 2.59649133682, 1.53661251068, 2.23313045502, 0.983951508999, 4.51633405685, 1.3873718977, 0.139123946428, 0.00228219712153, 7.07397339283e-05, 2.03744934879e-06, 3.44477135705e-09]}, "gfcc": {"mean": [-195.970184326, 153.544143677, -115.810379028, -41.7265930176, -31.5176620483, 25.3278617859, 6.90372800827, 19.4896125793, -32.4934425354, -20.2582931519, -16.4763717651, -12.9097633362, -4.49439001083], "cov": [[18643.703125, 2257.49633789, 3036.40112305, 3112.48803711, -1331.85388184, -919.922973633, -257.90447998, 1342.84362793, -379.623596191, -331.726470947, -585.640625, 343.582794189, -98.5835876465], [2257.49633789, 5672.81494141, 2602.88085938, -331.002593994, -211.39074707, -622.182800293, 721.318115234, 217.286071777, 23.3999156952, -813.650390625, -13.9959278107, -156.908828735, -5.94569253922], [3036.40112305, 2602.88085938, 2740.16137695, 716.99005127, -985.094116211, -488.461791992, 157.368927002, 695.272277832, -243.162155151, -377.578063965, -301.222381592, -7.73269605637, 96.795539856], [3112.48803711, -331.002593994, 716.99005127, 1793.90783691, -529.22869873, -596.323059082, -278.430267334, 599.410461426, -100.885932922, -70.4740982056, -318.011749268, 155.828491211, 105.638847351], [-1331.85388184, -211.39074707, -985.094116211, -529.22869873, 1104.32507324, 369.069396973, -121.933013916, -557.130493164, 123.323059082, 108.322265625, 272.206634521, 11.5166416168, -61.0528106689], [-919.922973633, -622.182800293, -488.461791992, -596.323059082, 369.069396973, 818.161376953, 25.7378787994, -476.8019104, -48.6248397827, 190.037216187, 163.013900757, -3.32030391693, -27.0012798309], [-257.90447998, 721.318115234, 157.368927002, -278.430267334, -121.933013916, 25.7378787994, 603.335632324, 0.479902893305, -33.6298828125, -246.724716187, 94.1836395264, 4.0767788887, -41.4405174255], [1342.84362793, 217.286071777, 695.272277832, 599.410461426, -557.130493164, -476.8019104, 0.479902893305, 935.554382324, -96.1769332886, -203.066848755, -241.614990234, 67.5684356689, 154.625366211], [-379.623596191, 23.3999156952, -243.162155151, -100.885932922, 123.323059082, -48.6248397827, -33.6298828125, -96.1769332886, 518.252258301, 106.280693054, -90.6362533569, -50.6691627502, 51.4958534241], [-331.726470947, -813.650390625, -377.578063965, -70.4740982056, 108.322265625, 190.037216187, -246.724716187, -203.066848755, 106.280693054, 533.316101074, 71.2872695923, -94.029586792, -2.29059195518], [-585.640625, -13.9959278107, -301.222381592, -318.011749268, 272.206634521, 163.013900757, 94.1836395264, -241.614990234, -90.6362533569, 71.2872695923, 392.823120117, 78.8248977661, -138.08833313], [343.582794189, -156.908828735, -7.73269605637, 155.828491211, 11.5166416168, -3.32030391693, 4.0767788887, 67.5684356689, -50.6691627502, -94.029586792, 78.8248977661, 255.717987061, 26.3175830841], [-98.5835876465, -5.94569253922, 96.795539856, 105.638847351, -61.0528106689, -27.0012798309, -41.4405174255, 154.625366211, 51.4958534241, -2.29059195518, -138.08833313, 26.3175830841, 221.55229187]], "icov": [[0.000105616061774, -0.000122372992337, 5.52984274691e-05, -0.000196538923774, 4.4783566409e-05, -0.000161333402502, 3.60341982741e-05, -0.000113611582492, 3.75588460884e-05, -0.000153964443598, 0.000185847369721, -0.000209863312193, 0.000322416162817], [-0.000122372992337, 0.00114855938591, -0.0012997596059, 0.000594627170358, -0.000852096593007, 0.000983717269264, -0.000619817525148, 0.000511749356519, -0.0004320172593, 0.000917203724384, -0.000750594888814, 0.000958605553024, -0.000799109693617], [5.52984274691e-05, -0.0012997596059, 0.00216715200804, -0.000666000065394, 0.00146166339982, -0.00107718328945, 0.000783931522164, -0.000587236194406, 0.00058953021653, -0.000589969975408, 0.000596602680162, -0.000672787136864, 0.000497084052768], [-0.000196538923774, 0.000594627170358, -0.000666000065394, 0.00162978912704, -0.000372629699996, 0.00121643941384, -4.47160746262e-05, 0.000224612769671, 0.000126832761453, 7.81083363108e-05, 0.000400012591854, -0.000438244256657, -0.000404480815632], [4.4783566409e-05, -0.000852096593007, 0.00146166339982, -0.000372629699996, 0.00277678365819, -0.0010492943693, 0.00139269651845, 0.000278467079625, -0.000172128449776, 0.000429948646342, -0.00101941544563, -7.27196020307e-05, -0.000342683837516], [-0.000161333402502, 0.000983717269264, -0.00107718328945, 0.00121643941384, -0.0010492943693, 0.00332987657748, -0.000916979508474, 0.00132267829031, 0.000487100915052, -0.000224926377996, 8.70294461492e-05, -8.90640221769e-05, -0.00118347234093], [3.60341982741e-05, -0.000619817525148, 0.000783931522164, -4.47160746262e-05, 0.00139269651845, -0.000916979508474, 0.00327712274157, -0.000180068833288, -0.000299043196719, 0.00143241207115, -0.00134096911643, 0.000435496855062, -0.00011431054736], [-0.000113611582492, 0.000511749356519, -0.000587236194406, 0.000224612769671, 0.000278467079625, 0.00132267829031, -0.000180068833288, 0.00263910158537, 0.000197056113393, 0.000732143118512, -0.000223887647735, 0.000176877976628, -0.00172376597766], [3.75588460884e-05, -0.0004320172593, 0.00058953021653, 0.000126832761453, -0.000172128449776, 0.000487100915052, -0.000299043196719, 0.000197056113393, 0.00288966251537, -0.00138578168117, 0.00183254701551, -0.000917388533708, 7.0726578997e-05], [-0.000153964443598, 0.000917203724384, -0.000589969975408, 7.81083363108e-05, 0.000429948646342, -0.000224926377996, 0.00143241207115, 0.000732143118512, -0.00138578168117, 0.00498084677383, -0.00326855923049, 0.00323836342432, -0.00202365848236], [0.000185847369721, -0.000750594888814, 0.000596602680162, 0.000400012591854, -0.00101941544563, 8.70294461492e-05, -0.00134096911643, -0.000223887647735, 0.00183254701551, -0.00326855923049, 0.00782360229641, -0.00449066050351, 0.00419625267386], [-0.000209863312193, 0.000958605553024, -0.000672787136864, -0.000438244256657, -7.27196020307e-05, -8.90640221769e-05, 0.000435496855062, 0.000176877976628, -0.000917388533708, 0.00323836342432, -0.00449066050351, 0.00768848694861, -0.00310314563103], [0.000322416162817, -0.000799109693617, 0.000497084052768, -0.000404480815632, -0.000342683837516, -0.00118347234093, -0.00011431054736, -0.00172376597766, 7.0726578997e-05, -0.00202365848236, 0.00419625267386, -0.00310314563103, 0.00850099138916]]}, "melbands": {"dmean": [0.000616383971646, 0.000840010819957, 0.000389136403101, 7.66860684962e-05, 2.92373697448e-05, 2.56344719674e-05, 2.54174010479e-05, 4.82113282487e-05, 0.000104142985947, 0.000187852885574, 0.000151887143147, 0.000191036830074, 0.000194498730707, 0.000111782195745, 6.35608448647e-05, 6.81571546011e-05, 2.59307598753e-05, 3.66506246792e-05, 5.13204977324e-05, 1.09607863124e-05, 7.93007711763e-06, 8.61025455379e-06, 1.20515251183e-05, 8.899207387e-06, 3.71346709471e-06, 3.48764160663e-06, 4.94106006954e-06, 2.0675356609e-06, 8.96024971553e-07, 9.07756145807e-07, 1.13897510801e-06, 1.15961961455e-06, 4.10199476164e-07, 2.91942683361e-07, 2.64338950728e-07, 2.24569475904e-07, 2.89190410285e-07, 2.05101471806e-07, 3.32811310955e-07, 6.07199922342e-07], "dmean2": [0.000962237594649, 0.00125588802621, 0.000596347555984, 0.000126377039123, 5.35115686944e-05, 4.54408182122e-05, 4.40892981715e-05, 6.80662851664e-05, 0.000128724001115, 0.000238587512285, 0.000183679643669, 0.00023552987841, 0.000254403275903, 0.000144329518662, 8.40281500132e-05, 9.21921164263e-05, 3.8750924432e-05, 6.58656426822e-05, 9.5669667644e-05, 1.73403914232e-05, 1.30720645757e-05, 1.4864995137e-05, 1.89761321963e-05, 1.46826696437e-05, 6.1858522713e-06, 5.8293321672e-06, 9.37629374675e-06, 3.91794537791e-06, 1.72947477495e-06, 1.76632624971e-06, 2.21164054892e-06, 2.2561168862e-06, 7.98574035343e-07, 5.68743587337e-07, 5.15153487868e-07, 4.36777554569e-07, 5.629499924e-07, 3.98899942411e-07, 6.46425121431e-07, 1.17739102734e-06], "dvar": [2.23244728659e-06, 2.83179383587e-06, 9.95537448034e-07, 5.01622743343e-08, 5.22339682618e-09, 4.7092720834e-09, 6.03912120312e-09, 6.72169022664e-08, 2.88230836532e-07, 4.04263630571e-07, 2.71986039024e-07, 2.58966679212e-07, 2.64730942945e-07, 1.03805881224e-07, 4.41132890217e-08, 6.28538288083e-08, 3.14556380943e-08, 1.62640834134e-08, 3.52076376942e-08, 3.73877817594e-09, 1.4587481223e-09, 1.22271759384e-09, 2.22006590889e-09, 9.63603308257e-10, 2.71914740724e-10, 2.52327742034e-10, 3.4817693173e-10, 1.11912923373e-10, 1.45236236232e-11, 1.14484862562e-11, 2.23728865295e-11, 1.76661255069e-11, 2.47806180957e-12, 1.51361204386e-12, 1.44679331449e-12, 5.02825320443e-13, 2.5677567711e-12, 6.11368919899e-13, 2.25130743041e-12, 8.5070110678e-12], "dvar2": [5.01573231304e-06, 5.9463600337e-06, 1.96068731384e-06, 9.37970483506e-08, 1.45866723145e-08, 1.27991901522e-08, 1.66382960742e-08, 1.20017929817e-07, 4.30157854225e-07, 6.94615437169e-07, 4.75894211149e-07, 4.3603154154e-07, 4.77181970382e-07, 1.93343879573e-07, 8.81929835828e-08, 1.24547995028e-07, 6.96041908554e-08, 4.37970157918e-08, 9.95856126451e-08, 9.17108966547e-09, 3.68966079911e-09, 3.11187031699e-09, 4.90084994809e-09, 2.29810570573e-09, 5.31920063551e-10, 4.56689241979e-10, 1.00636410316e-09, 3.24695881293e-10, 4.23785243009e-11, 3.33381794393e-11, 6.54874696138e-11, 5.1434072279e-11, 7.22522519245e-12, 4.43390853547e-12, 4.24732991833e-12, 1.4538217635e-12, 7.5784456835e-12, 1.77970507255e-12, 6.58755818991e-12, 2.49501842797e-11], "max": [0.012956738472, 0.026035297662, 0.0186074115336, 0.0059762429446, 0.000660596124362, 0.00078349863179, 0.00106630928349, 0.00739552034065, 0.0168951731175, 0.0118355695158, 0.0141218677163, 0.00767514435574, 0.00551933143288, 0.00673524662852, 0.00319960922934, 0.00422062631696, 0.0031003691256, 0.00142013537697, 0.0019893150311, 0.00124840659555, 0.00081408029655, 0.000757278699894, 0.000886580673978, 0.000555236299988, 0.000401068595238, 0.000611457158811, 0.000245876784902, 0.000183948432095, 6.53706738376e-05, 3.81655372621e-05, 5.57312632736e-05, 3.92113579437e-05, 1.97512363229e-05, 1.66562131199e-05, 1.40214715429e-05, 6.10667029832e-06, 2.35343723034e-05, 7.70490532886e-06, 1.80923689186e-05, 3.44636209775e-05], "mean": [0.000658051227219, 0.00159374345094, 0.000787554832641, 0.000116688250273, 2.67863997578e-05, 2.51265519182e-05, 3.37595047313e-05, 9.51350957621e-05, 0.000275774131296, 0.000743549375329, 0.000582978944294, 0.000568137795199, 0.000475185661344, 0.000375584437279, 0.000162769036251, 0.000154605295393, 2.70769287454e-05, 2.51183337241e-05, 3.18653801514e-05, 9.23871357372e-06, 6.31978127785e-06, 6.35305059404e-06, 1.21488610603e-05, 8.25363713375e-06, 3.06738888867e-06, 2.71601516033e-06, 2.86513090941e-06, 1.19347350847e-06, 4.91011917347e-07, 4.87937313665e-07, 6.13793815774e-07, 6.21208414486e-07, 2.20056222133e-07, 1.55509340516e-07, 1.4101432555e-07, 1.20315988283e-07, 1.54188029455e-07, 1.10995259206e-07, 1.80488399337e-07, 3.28972134866e-07], "median": [2.88063711196e-05, 0.000303596636513, 0.000191878323676, 2.60829965555e-05, 4.96219354318e-06, 3.2560467389e-06, 6.2778190113e-06, 7.92438731878e-06, 1.6411055185e-05, 8.9200984803e-05, 0.000100839621155, 7.48296879465e-05, 3.41080958606e-05, 2.26389893214e-05, 4.85528562422e-06, 1.04685703661e-07, 6.22252471771e-08, 4.36076064148e-08, 3.58406815337e-08, 1.28244135311e-08, 2.63151136437e-08, 5.38175939369e-08, 4.71945966751e-08, 1.78885315449e-08, 6.82233336491e-09, 1.12874287694e-08, 6.57112053659e-09, 6.51195586343e-09, 2.21619833596e-09, 1.35291366998e-09, 2.2458397364e-09, 5.71309721753e-10, 3.89757254249e-10, 1.32798036456e-10, 8.71843985895e-11, 2.93706614585e-10, 3.40981992641e-10, 6.5877681088e-10, 8.8034574075e-10, 1.2370326985e-09], "min": [5.52757882868e-12, 2.99512584873e-13, 6.24955599424e-13, 3.14406378536e-13, 7.79357698169e-13, 1.3048958615e-12, 6.45142413883e-13, 5.16085058803e-13, 6.17265841305e-13, 5.48937306201e-13, 1.42769758689e-12, 2.97803882249e-12, 4.61351009479e-12, 4.33838728831e-13, 2.86761635488e-13, 2.84792263557e-13, 1.2659080598e-12, 2.7108877209e-12, 1.12097640198e-11, 3.95561025341e-13, 1.61121468814e-13, 3.44775813801e-12, 2.67369958638e-12, 2.16349087625e-13, 1.99937966574e-13, 4.48354406987e-13, 4.73615667084e-13, 4.03765318705e-13, 3.71801059992e-13, 1.8214962416e-13, 2.58259667991e-13, 2.04522718748e-13, 1.57443150314e-13, 1.8945863758e-13, 2.08067612618e-13, 1.68592502697e-13, 2.6346684708e-13, 1.60432526096e-13, 3.01403243726e-13, 1.58753029169e-13], "var": [2.56816429101e-06, 8.87397527549e-06, 3.2300094972e-06, 1.26073729234e-07, 3.74048880758e-09, 4.74621941748e-09, 6.25399287912e-09, 2.01407942768e-07, 1.22579569961e-06, 2.08679625757e-06, 1.42155499816e-06, 1.28753629269e-06, 8.71792110502e-07, 5.31380464963e-07, 1.44799869872e-07, 2.59902236621e-07, 3.51409994437e-08, 1.16674225836e-08, 2.13286650563e-08, 3.53068130288e-09, 1.28175747793e-09, 1.06868924821e-09, 4.13081568951e-09, 1.5906032047e-09, 4.39765307503e-10, 4.30809055096e-10, 1.96457364265e-10, 6.16706130607e-11, 7.76703267674e-12, 6.0870518695e-12, 1.17925946785e-11, 9.38944668544e-12, 1.31496191973e-12, 7.95676404538e-13, 7.57822624098e-13, 2.70190310013e-13, 1.33273307754e-12, 3.25940338088e-13, 1.19233106461e-12, 4.48798680511e-12]}, "mfcc": {"mean": [-850.379821777, 188.468399048, 13.5626487732, -20.0712623596, -18.9388961792, -5.799721241, 32.5623550415, 33.8908195496, 18.1135654449, -4.40410518646, -5.25294017792, -3.55731654167, -3.64710426331], "cov": [[12488.2871094, 1572.32836914, -197.03944397, 1835.74328613, 416.485626221, -625.746948242, -233.446075439, 434.021057129, 862.699401855, 144.045471191, -375.948913574, -277.352386475, 350.16595459], [1572.32836914, 4861.87939453, 1686.47338867, 27.3501834869, -297.154998779, -513.732421875, 187.97833252, 966.997741699, 605.265380859, -153.605728149, -423.823913574, -5.01249790192, 314.484283447], [-197.03944397, 1686.47338867, 1788.42749023, 310.202453613, -422.487121582, -491.904205322, -3.2221288681, 477.741455078, 405.010070801, -43.8969306946, -285.77557373, -112.248046875, 123.525535583], [1835.74328613, 27.3501834869, 310.202453613, 1176.52978516, 201.936309814, -556.485168457, -296.028198242, 106.127853394, 314.228942871, 102.949554443, -150.634643555, -242.373092651, 15.0757665634], [416.485626221, -297.154998779, -422.487121582, 201.936309814, 663.904846191, 208.091506958, -168.478271484, -235.445144653, -44.2989807129, 49.2075920105, 29.1134357452, -5.47754669189, 12.3921747208], [-625.746948242, -513.732421875, -491.904205322, -556.485168457, 208.091506958, 986.342285156, 155.106689453, -434.544311523, -455.958862305, -4.80653476715, 160.058120728, 186.150894165, 28.7914791107], [-233.446075439, 187.97833252, -3.2221288681, -296.028198242, -168.478271484, 155.106689453, 569.320068359, 187.843215942, -207.320388794, -263.968170166, -12.2480325699, 159.4662323, 96.1757736206], [434.021057129, 966.997741699, 477.741455078, 106.127853394, -235.445144653, -434.544311523, 187.843215942, 781.810119629, 289.274963379, -286.955200195, -294.681365967, -23.2683410645, 123.231506348], [862.699401855, 605.265380859, 405.010070801, 314.228942871, -44.2989807129, -455.958862305, -207.320388794, 289.274963379, 653.256286621, 139.468170166, -296.026123047, -265.501647949, 70.4911880493], [144.045471191, -153.605728149, -43.8969306946, 102.949554443, 49.2075920105, -4.80653476715, -263.968170166, -286.955200195, 139.468170166, 497.407501221, 154.749099731, -189.191299438, -143.98828125], [-375.948913574, -423.823913574, -285.77557373, -150.634643555, 29.1134357452, 160.058120728, -12.2480325699, -294.681365967, -296.026123047, 154.749099731, 508.317230225, 184.99937439, -232.962371826], [-277.352386475, -5.01249790192, -112.248046875, -242.373092651, -5.47754669189, 186.150894165, 159.4662323, -23.2683410645, -265.501647949, -189.191299438, 184.99937439, 388.958953857, 53.385383606], [350.16595459, 314.484283447, 123.525535583, 15.0757665634, 12.3921747208, 28.7914791107, 96.1757736206, 123.231506348, 70.4911880493, -143.98828125, -232.962371826, 53.385383606, 352.616333008]], "icov": [[0.000146464095451, -8.85968402144e-05, 0.000186081786524, -0.000339298712788, 0.000107391366328, -0.000144991994603, -6.37357734377e-05, 8.21332974965e-08, -0.000231732279644, 1.36057815325e-05, -7.83802679507e-05, -6.03566295467e-05, -8.24550224934e-05], [-8.85968402144e-05, 0.000460119976196, -0.0004546866694, 0.000359006982762, -0.000297557911836, 8.14357917989e-05, -3.35054137395e-05, -0.000422670098487, 4.10491593357e-05, -0.000265597191174, 6.26967585049e-06, -0.000107974119601, -0.000113959613373], [0.000186081786524, -0.0004546866694, 0.00138552498538, -0.00081103714183, 0.000882778898813, -0.000224116054596, 3.78872719011e-05, 0.000109378219349, -0.000455984176369, 8.30776480143e-05, 0.000147344399011, -0.000203723291634, -3.79771772714e-05], [-0.000339298712788, 0.000359006982762, -0.00081103714183, 0.00250397389755, -0.0011748035904, 0.00138486851938, 0.000422850891482, -4.16027287429e-05, 0.000848630792461, -9.98160030576e-05, 8.92288080649e-05, 0.000755620189011, -0.000244621303864], [0.000107391366328, -0.000297557911836, 0.000882778898813, -0.0011748035904, 0.00278858514503, -0.00101187289692, 0.000597145408392, 0.000504827708937, -0.000642865954433, 0.00065887713572, -0.000144724413985, -0.000126772560179, -0.000133821595227], [-0.000144991994603, 8.14357917989e-05, -0.000224116054596, 0.00138486851938, -0.00101187289692, 0.0029150089249, -0.00039323643432, 0.000913723837584, 0.0015632979339, -0.000683879712597, 0.00099385518115, -0.000204456431675, -0.000228078861255], [-6.37357734377e-05, -3.35054137395e-05, 3.78872719011e-05, 0.000422850891482, 0.000597145408392, -0.00039323643432, 0.00330711482093, -0.000889006361831, 0.000906144618057, 0.00100086652674, -0.000573722762056, 0.000496607797686, -0.000745053985156], [8.21332974965e-08, -0.000422670098487, 0.000109378219349, -4.16027287429e-05, 0.000504827708937, 0.000913723837584, -0.000889006361831, 0.00391060579568, -0.00122116273269, 0.00187787937466, 0.000678464886732, -0.000157656846568, 0.000606850488111], [-0.000231732279644, 4.10491593357e-05, -0.000455984176369, 0.000848630792461, -0.000642865954433, 0.0015632979339, 0.000906144618057, -0.00122116273269, 0.00527056632563, -0.00234426185489, 0.00224011205137, 0.000451180210803, -0.000207700402825], [1.36057815325e-05, -0.000265597191174, 8.30776480143e-05, -9.98160030576e-05, 0.00065887713572, -0.000683879712597, 0.00100086652674, 0.00187787937466, -0.00234426185489, 0.00643082056195, -0.00372133776546, 0.00338320806623, -0.00057421188103], [-7.83802679507e-05, 6.26967585049e-06, 0.000147344399011, 8.92288080649e-05, -0.000144724413985, 0.00099385518115, -0.000573722762056, 0.000678464886732, 0.00224011205137, -0.00372133776546, 0.00814427156001, -0.00486454972997, 0.00400986755267], [-6.03566295467e-05, -0.000107974119601, -0.000203723291634, 0.000755620189011, -0.000126772560179, -0.000204456431675, 0.000496607797686, -0.000157656846568, 0.000451180210803, 0.00338320806623, -0.00486454972997, 0.00748974876478, -0.00292037893087], [-8.24550224934e-05, -0.000113959613373, -3.79771772714e-05, -0.000244621303864, -0.000133821595227, -0.000228078861255, -0.000745053985156, 0.000606850488111, -0.000207700402825, -0.00057421188103, 0.00400986755267, -0.00292037893087, 0.0059560588561]]}, "spectral_contrast_coeffs": {"dmean": [0.0566889196634, 0.0484162606299, 0.0549068897963, 0.0520152971148, 0.0410608127713, 0.0420680269599], "dmean2": [0.0904815867543, 0.0780249238014, 0.0879338681698, 0.0800167247653, 0.0618562437594, 0.0672730579972], "dvar": [0.00276899011806, 0.00225123297423, 0.00409465655684, 0.00299935578369, 0.00177403830457, 0.00188641692512], "dvar2": [0.0064652566798, 0.00531029049307, 0.00954041071236, 0.00609940988943, 0.00366484420374, 0.00419033365324], "max": [-0.325543344021, -0.351553440094, -0.296315312386, -0.300062417984, -0.421747624874, -0.514771580696], "mean": [-0.648801147938, -0.756139278412, -0.581348836422, -0.709037840366, -0.788761079311, -0.826730549335], "median": [-0.648998975754, -0.763669192791, -0.562146425247, -0.725412249565, -0.811487555504, -0.821756541729], "min": [-0.98630875349, -0.984845519066, -0.949410617352, -0.937998056412, -0.936444997787, -0.963312327862], "var": [0.0175648666918, 0.0100647090003, 0.0163186639547, 0.0202193893492, 0.00796622876078, 0.00373632856645]}, "spectral_contrast_valleys": {"dmean": [0.728954732418, 0.687661588192, 0.607907354832, 0.980278074741, 1.11768209934, 1.07719779015], "dmean2": [1.13189351559, 1.1291475296, 0.983239412308, 1.47755026817, 1.72291231155, 1.6944950819], "dvar": [0.583314597607, 0.680722534657, 0.593710243702, 1.1037735939, 1.60679244995, 1.30670821667], "dvar2": [1.19