{"lowlevel": {"average_loudness": 0.939211010933, "barkbands_crest": {"dmean": 3.19107437134, "dmean2": 4.7965130806, "dvar": 9.03859043121, "dvar2": 18.8135566711, "max": 26.272397995, "mean": 14.5397148132, "median": 14.522315979, "min": 2.15405344963, "var": 36.2428970337}, "barkbands_flatness_db": {"dmean": 0.0434184223413, "dmean2": 0.0578317940235, "dvar": 0.00202333019115, "dvar2": 0.00306100258604, "max": 0.553702533245, "mean": 0.197324648499, "median": 0.192285165191, "min": 0.0167631618679, "var": 0.00957440864295}, "barkbands_kurtosis": {"dmean": 10.0588159561, "dmean2": 15.0987815857, "dvar": 393.177978516, "dvar2": 748.066772461, "max": 309.853424072, "mean": 14.3313827515, "median": 4.47015523911, "min": -1.95094239712, "var": 815.874572754}, "barkbands_skewness": {"dmean": 1.05565130711, "dmean2": 1.56258523464, "dvar": 1.38880729675, "dvar2": 2.69883608818, "max": 13.9243202209, "mean": 2.31448817253, "median": 1.92787480354, "min": -4.18074512482, "var": 5.4549446106}, "barkbands_spread": {"dmean": 11.8632965088, "dmean2": 18.1766166687, "dvar": 313.070556641, "dvar2": 618.52520752, "max": 125.913078308, "mean": 24.746175766, "median": 13.0686168671, "min": 0.21924161911, "var": 670.155639648}, "dissonance": {"dmean": 0.0234030839056, "dmean2": 0.0372099690139, "dvar": 0.000681123463437, "dvar2": 0.00159841426648, "max": 0.500000059605, "mean": 0.45125669241, "median": 0.46795347333, "min": 0.13738077879, "var": 0.00265897484496}, "dynamic_complexity": 2.14355564117, "erbbands_crest": {"dmean": 3.19862604141, "dmean2": 5.07328605652, "dvar": 8.49112033844, "dvar2": 19.6816711426, "max": 33.5113563538, "mean": 10.7229118347, "median": 9.42503738403, "min": 2.23077940941, "var": 30.2410335541}, "erbbands_flatness_db": {"dmean": 0.0310760252178, "dmean2": 0.0435333959758, "dvar": 0.00104660273064, "dvar2": 0.00169562525116, "max": 0.480172246695, "mean": 0.168445333838, "median": 0.163873285055, "min": 0.0226916391402, "var": 0.00587125821039}, "erbbands_kurtosis": {"dmean": 2.16575503349, "dmean2": 3.51191830635, "dvar": 24.7690296173, "dvar2": 61.6590538025, "max": 113.541442871, "mean": 2.06001806259, "median": 0.560209274292, "min": -1.8604580164, "var": 30.686832428}, "erbbands_skewness": {"dmean": 0.570414662361, "dmean2": 0.865011155605, "dvar": 0.354331225157, "dvar2": 0.767299115658, "max": 8.84331130981, "mean": 0.135410889983, "median": 0.251314789057, "min": -6.87699127197, "var": 1.59104001522}, "erbbands_spread": {"dmean": 13.1003761292, "dmean2": 20.2614860535, "dvar": 272.086151123, "dvar2": 584.692687988, "max": 177.888473511, "mean": 38.7812232971, "median": 32.4290733337, "min": 1.29356503487, "var": 756.615905762}, "hfc": {"dmean": 15.2227506638, "dmean2": 24.8980331421, "dvar": 603.750549316, "dvar2": 1490.7322998, "max": 228.864807129, "mean": 22.7817115784, "median": 12.0666923523, "min": 1.11178024176e-16, "var": 688.417785645}, "melbands_crest": {"dmean": 3.38013744354, "dmean2": 5.11406183243, "dvar": 11.0606327057, "dvar2": 23.9446353912, "max": 38.4206848145, "mean": 18.7049007416, "median": 19.4238491058, "min": 2.07684254646, "var": 40.3342971802}, "melbands_flatness_db": {"dmean": 0.0501420982182, "dmean2": 0.066253811121, "dvar": 0.00282360636629, "dvar2": 0.0043048709631, "max": 0.682577490807, "mean": 0.284729868174, "median": 0.283643066883, "min": 0.00494116032496, "var": 0.0148588195443}, "melbands_kurtosis": {"dmean": 17.9960575104, "dmean2": 27.1148967743, "dvar": 983.383666992, "dvar2": 1989.95227051, "max": 540.938720703, "mean": 32.5735816956, "median": 13.2537097931, "min": -1.87723433971, "var": 2754.67651367}, "melbands_skewness": {"dmean": 1.1836400032, "dmean2": 1.76335823536, "dvar": 1.5912065506, "dvar2": 3.37110280991, "max": 18.9188957214, "mean": 3.74000954628, "median": 3.18550992012, "min": -2.27293395996, "var": 7.40018320084}, "melbands_spread": {"dmean": 9.71689987183, "dmean2": 14.7368106842, "dvar": 241.738296509, "dvar2": 475.628448486, "max": 191.511276245, "mean": 23.1806049347, "median": 10.0309333801, "min": 0.269691675901, "var": 910.397033691}, "pitch_salience": {"dmean": 0.0861886665225, "dmean2": 0.125646844506, "dvar": 0.00715546123683, "dvar2": 0.0123421465978, "max": 0.964605629444, "mean": 0.449596434832, "median": 0.432310670614, "min": 0.0465892069042, "var": 0.0315093696117}, "silence_rate_20dB": {"dmean": 0, "dmean2": 0, "dvar": 0, "dvar2": 0, "max": 1, "mean": 1, "median": 1, "min": 1, "var": 0}, "silence_rate_30dB": {"dmean": 0.000151194442878, "dmean2": 0.000302411732264, "dvar": 0.000151158834342, "dvar2": 0.000453475251561, "max": 1, "mean": 0.99992442131, "median": 1, "min": 0, "var": 7.55826113163e-05}, "silence_rate_60dB": {"dmean": 0.0105836102739, "dmean2": 0.02116882056, "dvar": 0.0104691628367, "dvar2": 0.0261692572385, "max": 1, "mean": 0.0239625070244, "median": 0, "min": 0, "var": 0.023386457935}, "spectral_centroid": {"dmean": 313.28503418, "dmean2": 466.900665283, "dvar": 182400.171875, "dvar2": 340330.8125, "max": 11581.4726562, "mean": 1289.81994629, "median": 829.140991211, "min": 98.3165969849, "var": 1075435.125}, "spectral_complexity": {"dmean": 4.86694908142, "dmean2": 7.73100471497, "dvar": 67.5952606201, "dvar2": 147.749557495, "max": 62, "mean": 13.6928720474, "median": 11, "min": 0, "var": 99.73072052}, "spectral_decrease": {"dmean": 3.19313664399e-09, "dmean2": 4.67595606679e-09, "dvar": 1.28292362925e-17, "dvar2": 3.16743768548e-17, "max": 8.52703407883e-10, "mean": -8.27626767119e-09, "median": -7.489857623e-09, "min": -5.64542261827e-08, "var": 3.04091842556e-17}, "spectral_energy": {"dmean": 0.0123611856252, "dmean2": 0.0182677060366, "dvar": 0.000184138771147, "dvar2": 0.000456372159533, "max": 0.213578432798, "mean": 0.0333028808236, "median": 0.0310538802296, "min": 1.03870636638e-20, "var": 0.000423840421718}, "spectral_energyband_high": {"dmean": 0.00104315788485, "dmean2": 0.00172306795139, "dvar": 3.50360846824e-06, "dvar2": 8.52478024171e-06, "max": 0.0176267847419, "mean": 0.00108043022919, "median": 0.000190713559277, "min": 7.53545462944e-21, "var": 3.71724377146e-06}, "spectral_energyband_low": {"dmean": 0.00959765631706, "dmean2": 0.014336145483, "dvar": 0.000171253937879, "dvar2": 0.000395723996917, "max": 0.116842836142, "mean": 0.0196428317577, "median": 0.0117915868759, "min": 4.95159502064e-23, "var": 0.000446163146989}, "spectral_energyband_middle_high": {"dmean": 0.00180476449896, "dmean2": 0.00286521483213, "dvar": 8.52826360642e-06, "dvar2": 2.06707627513e-05, "max": 0.0466316975653, "mean": 0.00359653029591, "median": 0.00157681864221, "min": 1.19176733378e-21, "var": 2.49407166848e-05}, "spectral_energyband_middle_low": {"dmean": 0.00427936064079, "dmean2": 0.0061624138616, "dvar": 4.07019833801e-05, "dvar2": 8.51062504807e-05, "max": 0.0980525836349, "mean": 0.00916126463562, "median": 0.00511242169887, "min": 2.24659735063e-22, "var": 0.000117536590551}, "spectral_entropy": {"dmean": 0.361980348825, "dmean2": 0.505442976952, "dvar": 0.169497951865, "dvar2": 0.292964160442, "max": 9.82353687286, "mean": 7.1779589653, "median": 7.20699834824, "min": 4.1337184906, "var": 0.713899791241}, "spectral_flux": {"dmean": 0.0306646507233, "dmean2": 0.0493245273829, "dvar": 0.00096031971043, "dvar2": 0.00236046360806, "max": 0.309745788574, "mean": 0.0841625854373, "median": 0.0727512910962, "min": 6.56566329083e-11, "var": 0.00204106071033}, "spectral_kurtosis": {"dmean": 4.03424882889, "dmean2": 6.46701002121, "dvar": 45.8578338623, "dvar2": 103.582344055, "max": 173.427810669, "mean": 9.26667881012, "median": 5.34347248077, "min": -1.22762680054, "var": 164.740600586}, "spectral_rms": {"dmean": 0.00107481132727, "dmean2": 0.00154653913341, "dvar": 1.01760883808e-06, "dvar2": 2.31801527661e-06, "max": 0.0144349997863, "mean": 0.00538470828906, "median": 0.00550422305241, "min": 3.1833505016e-12, "var": 3.4953056911e-06}, "spectral_rolloff": {"dmean": 1260.65527344, "dmean2": 2037.97644043, "dvar": 7926834.5, "dvar2": 16857394, "max": 18884.6191406, "mean": 2088.38964844, "median": 624.462890625, "min": 21.533203125, "var": 11848635}, "spectral_skewness": {"dmean": 0.432901144028, "dmean2": 0.673588335514, "dvar": 0.256694704294, "dvar2": 0.539228439331, "max": 10.1580562592, "mean": 2.02745556831, "median": 1.71770977974, "min": -0.295421272516, "var": 1.25254976749}, "spectral_spread": {"dmean": 1300623.5, "dmean2": 1826825, "dvar": 3667821854720.0, "dvar2": 5980287401980.0, "max": 41335680, "mean": 4989787, "median": 4113844, "min": 520326.5625, "var": 10196818591700.0}, "spectral_strongpeak": {"dmean": 0.574533700943, "dmean2": 0.976673960686, "dvar": 2.99104166031, "dvar2": 7.78805112839, "max": 25.9087657928, "mean": 0.918133378029, "median": 0.397755354643, "min": 0, "var": 3.84530878067}, "zerocrossingrate": {"dmean": 0.0266772545874, "dmean2": 0.0289303418249, "dvar": 0.00138066185173, "dvar2": 0.00152109493501, "max": 0.56787109375, "mean": 0.0691577345133, "median": 0.0380859375, "min": 0.00244140625, "var": 0.0058454843238}, "barkbands": {"dmean": [0.00103552930523, 0.00780839566141, 0.00212270719931, 0.000811374280602, 0.00243690609932, 0.000844324473292, 0.000642371829599, 0.000470783445053, 0.00063647510251, 0.000286317575956, 0.000308936403599, 0.000161390882568, 0.000277033279417, 0.000131968452479, 0.000217121167225, 0.000229837110965, 0.000227541502682, 0.000229749086429, 0.000470212748041, 0.000147431230289, 0.000104543076304, 0.000113924885227, 8.71226438903e-05, 9.11760944291e-05, 0.000129527106765, 0.000238143926254, 0.000229207158554], "dmean2": [0.00184016558342, 0.0108657013625, 0.00360592966899, 0.0013623572886, 0.00371842971072, 0.00130897026975, 0.00101834582165, 0.000671204528771, 0.00088191771647, 0.000441393523943, 0.000499542686157, 0.000266661372734, 0.000459534523543, 0.000213150298805, 0.000357074022759, 0.00037637288915, 0.00036640081089, 0.000371321861167, 0.000757558562327, 0.000239865796175, 0.000171722538653, 0.000188145990251, 0.000140514966915, 0.000149911269546, 0.000212383587495, 0.00039902611752, 0.000386788480682], "dvar": [4.36026457464e-05, 0.000114929185656, 3.18498096021e-05, 4.23918390879e-06, 2.07572993531e-05, 4.45236264568e-06, 3.12023826154e-06, 1.09736504328e-06, 2.91550713882e-06, 4.36104812707e-07, 4.93314871619e-07, 1.29376090285e-07, 3.4784434888e-07, 1.62197537179e-07, 3.32896064492e-07, 4.40120061285e-07, 5.08549589995e-07, 5.7146587551e-07, 2.32328147831e-06, 1.98558382181e-07, 4.83402828877e-08, 8.02881245932e-08, 2.54679459744e-08, 2.36453132629e-08, 7.37624077374e-08, 2.73466895351e-07, 4.24275100386e-07], "dvar2": [0.000125978258438, 0.000229367811698, 8.95926496014e-05, 1.07621881398e-05, 4.65090633952e-05, 1.00947263491e-05, 7.54530674385e-06, 1.88851822713e-06, 4.90210231874e-06, 9.36136018481e-07, 1.21359846617e-06, 3.38735674177e-07, 8.90525029718e-07, 4.06706732292e-07, 8.28758231819e-07, 1.17981562653e-06, 1.3196299733e-06, 1.45327680912e-06, 5.90614627072e-06, 5.062183277e-07, 1.17732788851e-07, 1.9933283113e-07, 6.08393193602e-08, 5.66267246427e-08, 1.74228077299e-07, 6.80223308791e-07, 1.07482412659e-06], "max": [0.181213006377, 0.114186286926, 0.0616374313831, 0.0226729623973, 0.0970052331686, 0.0486329756677, 0.036139562726, 0.0298063009977, 0.0523177720606, 0.0183644481003, 0.0194561909884, 0.00750539731234, 0.0119723370299, 0.00797434803098, 0.0167843382806, 0.022321999073, 0.0180185623467, 0.0241400562227, 0.0440447591245, 0.0151892993599, 0.00283414009027, 0.00276099122129, 0.00198066001758, 0.00109110132325, 0.00249433564022, 0.00481987046078, 0.00662442995235], "mean": [0.00103008479346, 0.015916466713, 0.00258380384184, 0.000939281133469, 0.00393135752529, 0.00140807125717, 0.00079274433665, 0.000838970940094, 0.00108071172144, 0.000413492758526, 0.00040858873399, 0.000205966527574, 0.000361522834282, 0.00017960605328, 0.000265887880232, 0.000351026537828, 0.000356074335286, 0.000328864989569, 0.00077232561307, 0.000192245250219, 0.000119856224046, 0.000123623642139, 0.000105247119791, 9.77098025032e-05, 0.000119034237287, 0.000204397802008, 0.000175890643732], "median": [8.8806518761e-05, 0.0083751603961, 0.00082993065007, 0.000330273644067, 0.00145976908971, 0.000158834969625, 0.000160520256031, 0.000255640450632, 0.000181194045581, 0.000108735905087, 0.000120109107229, 8.38467021822e-05, 0.00011532100325, 3.55570846295e-05, 3.73076145479e-05, 5.31017212779e-05, 3.21745210385e-05, 4.31857879448e-05, 4.72453903058e-05, 2.51306682912e-05, 2.95840181934e-05, 2.27860364248e-05, 1.69751547219e-05, 9.51270612859e-06, 6.56853444525e-06, 6.11796940575e-06, 8.5576670017e-07], "min": [3.78713819024e-24, 2.34931612817e-23, 7.49699246645e-24, 2.2973546492e-24, 1.50809252933e-23, 2.88622527323e-23, 1.8996284935e-23, 3.01870625811e-23, 2.77947219791e-23, 3.81365969387e-23, 3.44474447392e-23, 9.21739286669e-23, 5.53697367298e-23, 5.27037024145e-23, 1.01523571224e-22, 8.57275466761e-23, 9.3351887325e-23, 7.14374260413e-23, 2.40549185986e-22, 2.05585734707e-22, 4.3702081307e-22, 4.55853914238e-22, 4.37489989671e-22, 7.13563740543e-22, 1.13061301887e-21, 1.2834837105e-21, 2.00228397284e-21], "var": [4.26059923484e-05, 0.000356231001206, 2.9455350159e-05, 3.94020025851e-06, 4.6416229452e-05, 1.42457492984e-05, 3.79308266929e-06, 4.09141057389e-06, 9.50363937591e-06, 8.79777076079e-07, 8.45129818572e-07, 1.87140955177e-07, 4.91254809276e-07, 2.25559617206e-07, 4.86286694468e-07, 8.05350396149e-07, 1.11083602405e-06, 1.35785376187e-06, 5.88407874602e-06, 3.33346008574e-07, 5.49845040609e-08, 8.09695706039e-08, 3.60712490988e-08, 3.1381155452e-08, 7.08246190584e-08, 2.38081085513e-07, 3.25138046264e-07]}, "erbbands": {"dmean": [0.201182022691, 1.86082041264, 2.40473365784, 2.88705015182, 6.17232561111, 8.77505779266, 8.06928920746, 5.81630277634, 7.05455303192, 11.4894609451, 8.97824668884, 16.1448230743, 8.5310754776, 9.54500007629, 11.7479715347, 7.76581382751, 12.4054841995, 7.66265249252, 8.94625473022, 9.21741104126, 14.0233049393, 10.8031415939, 14.9797973633, 11.0160770416, 27.7482452393, 8.61219215393, 4.89000940323, 4.01674938202, 4.85574865341, 1.96220636368, 2.74255776405, 2.11146903038, 1.47541534901, 1.29858565331, 1.08078992367, 0.867141366005, 0.390986919403, 0.212440490723, 0.0311092659831, 0.00278271897696], "dmean2": [0.285683304071, 2.62049460411, 3.98181343079, 4.87263345718, 9.59693813324, 13.5881233215, 12.8099422455, 9.00912284851, 11.1572036743, 17.476474762, 12.3168964386, 22.2294921875, 12.8794345856, 15.1008672714, 19.1025409698, 12.7309150696, 20.5034236908, 12.3483572006, 14.5054674149, 15.2277927399, 22.7966690063, 17.1467857361, 24.0892734528, 17.8082466125, 44.8489494324, 13.992023468, 7.92309522629, 6.61906147003, 8.10573959351, 3.13463878632, 4.39265203476, 3.48529791832, 2.41291284561, 2.13339948654, 1.7864921093, 1.45076394081, 0.650152206421, 0.359344869852, 0.0521007031202, 0.0047233174555], "dvar": [0.0802032649517, 7.24802923203, 30.0553073883, 56.2671699524, 138.939529419, 321.832550049, 386.307617188, 238.779525757, 392.849487305, 648.198669434, 409.121459961, 1958.15893555, 417.23538208, 420.340606689, 626.195251465, 252.28314209, 661.88848877, 464.32409668, 570.546630859, 408.097869873, 2012.04772949, 1065.11462402, 2967.24926758, 822.558227539, 11017.7070312, 815.146789551, 115.864112854, 72.6347808838, 172.104705811, 11.2842493057, 28.2788734436, 13.7129831314, 6.39489030838, 6.58242082596, 5.53360652924, 2.91465759277, 0.742309749126, 0.369980543852, 0.00716325966641, 6.32651062915e-05], "dvar2": [0.162759646773, 14.8891382217, 75.768119812, 150.857971191, 336.693511963, 740.026733398, 936.616394043, 524.379882812, 923.222290039, 1404.93676758, 677.634399414, 3307.78100586, 848.00567627, 968.029174805, 1561.12646484, 648.26739502, 1698.20983887, 1148.38842773, 1399.24255371, 1044.21044922, 5277.06738281, 2673.71459961, 7545.62890625, 2015.31628418, 28080.1582031, 2098.92138672, 278.571258545, 177.846359253, 435.928070068, 26.1620044708, 66.3341522217, 33.2260284424, 15.2208194733, 15.601688385, 13.215130806, 7.26095247269, 1.81957578659, 0.94488722086, 0.0179206300527, 0.000161255040439], "max": [3.18798851967, 25.7691707611, 56.1621017456, 86.5199432373, 178.53666687, 394.072662354, 404.675720215, 592.167297363, 392.295318604, 560.313537598, 749.250915527, 1388.54699707, 707.416381836, 651.692504883, 576.736633301, 380.684204102, 514.963439941, 494.611602783, 525.359558105, 541.926269531, 1526.54614258, 776.508178711, 1721.5255127, 900.388244629, 3161.90136719, 1062.3873291, 164.037704468, 115.754264832, 127.263023376, 41.2605705261, 73.5001220703, 36.0704154968, 18.1477222443, 24.6288719177, 21.1254577637, 15.2167606354, 8.2427778244, 6.01416635513, 0.845943391323, 0.0792378261685], "mean": [0.461427927017, 3.54872727394, 3.48607492447, 3.6243596077, 9.02866840363, 13.1572847366, 12.3777828217, 9.99635696411, 9.18004226685, 16.9401054382, 18.4932155609, 28.0515842438, 12.7826633453, 13.6401634216, 15.8073253632, 10.8933534622, 16.5139980316, 10.7359161377, 12.1542015076, 12.438536644, 22.3756923676, 17.669960022, 22.7473487854, 16.2586326599, 46.7814559937, 13.3650808334, 5.89336681366, 4.42340087891, 4.98806762695, 2.62549781799, 3.27013039589, 2.32855367661, 1.55147230625, 1.20877325535, 0.968049108982, 0.772679567337, 0.339397966862, 0.163875564933, 0.0242577083409, 0.00214742403477], "median": [0.238831043243, 1.61990058422, 1.59867596626, 1.52803063393, 3.0457649231, 4.49438810349, 2.99953532219, 1.41325235367, 2.05185294151, 6.70040369034, 4.36102962494, 4.90291070938, 4.41639900208, 4.92896080017, 5.73850154877, 5.26350927353, 5.53124332428, 2.97404313087, 1.73583626747, 3.15693211555, 2.60580873489, 2.03078317642, 2.82416915894, 2.48669910431, 2.10312604904, 1.56012642384, 1.22838258743, 0.981603980064, 0.918456673622, 0.659866809845, 0.419852614403, 0.260180264711, 0.135386094451, 0.0748985484242, 0.0487680882215, 0.0327948480844, 0.00913964118809, 0.00137473864015, 0.000141601194628, 6.81317324052e-05], "min": [3.01320026142e-22, 3.94639590365e-21, 8.12816669684e-21, 7.49361092267e-21, 2.86472453225e-20, 5.39651048354e-20, 3.1376757167e-19, 1.70251515672e-19, 2.09888291641e-19, 3.46167228138e-19, 7.69965822052e-19, 8.05661870809e-19, 1.55755389987e-18, 1.62646486914e-18, 2.65432022208e-18, 3.58435474675e-18, 2.61112753883e-18, 2.81100994359e-18, 5.47496247711e-18, 3.51595311394e-18, 6.30082001427e-18, 5.26108913947e-18, 3.59891767502e-18, 1.16244055442e-17, 1.06180683643e-17, 8.60015381532e-18, 1.4725214493e-17, 1.69710578326e-17, 1.4705401863e-17, 1.80129133208e-17, 1.38107307571e-17, 1.09893186037e-17, 1.09543090115e-17, 1.07431794319e-17, 9.40264556813e-18, 5.65010970001e-18, 2.31932200017e-18, 1.0376274579e-18, 2.74036406639e-19, 3.0068881221e-20], "var": [0.30364459753, 19.0997543335, 36.6524810791, 49.3108177185, 259.453918457, 664.122009277, 923.727966309, 897.904907227, 535.026184082, 1111.30163574, 2271.77832031, 6575.24755859, 843.385375977, 763.65838623, 1031.31323242, 396.603027344, 961.855895996, 627.569458008, 926.266845703, 705.135131836, 4205.10253906, 2510.35644531, 6919.93457031, 1950.09936523, 27954.5878906, 1639.6418457, 147.751953125, 77.61328125, 156.123123169, 19.4470443726, 39.0067977905, 18.1099128723, 8.11266326904, 6.6164355278, 5.07434129715, 2.71630191803, 0.673535883427, 0.279304563999, 0.00565064232796, 4.7910194553e-05]}, "gfcc": {"mean": [-33.3154144287, 93.2547988892, -88.3762283325, 25.2696838379, -37.2829360962, 8.73955631256, -19.49426651, 6.95060348511, -19.3783798218, -1.18488550186, -11.8604898453, 0.815976202488, -11.878490448], "cov": [[12478.0595703, -3328.31542969, -107.998550415, 405.977874756, -243.62789917, 278.717163086, -382.415405273, 376.565551758, -125.959373474, 466.118408203, -58.4759140015, 388.829498291, -45.070110321], [-3328.31542969, 4769.74267578, -666.334228516, -74.0348434448, 423.400939941, 110.547996521, 489.837249756, -197.65461731, 234.894393921, -295.474487305, 144.443115234, -229.817550659, 194.472457886], [-107.998550415, -666.334228516, 1614.00024414, -388.972381592, -191.750106812, 227.991928101, -132.588378906, 49.1659469604, -71.2588272095, 8.01400375366, 39.3585510254, 67.3674468994, -60.6761703491], [405.977874756, -74.0348434448, -388.972381592, 963.075683594, 458.198242188, 89.6982345581, 236.436859131, 79.1278381348, 88.6134643555, 15.1458940506, 30.2172737122, 38.7012214661, -62.7347640991], [-243.62789917, 423.400939941, -191.750106812, 458.198242188, 737.926269531, 149.993331909, 308.115478516, 64.6456604004, 118.078659058, -5.75129175186, 98.8111114502, -8.26160049438, 24.8979454041], [278.717163086, 110.547996521, 227.991928101, 89.6982345581, 149.993331909, 330.271820068, 84.7755889893, 50.1120033264, 28.8271427155, 12.9286079407, 13.6692552567, 17.9745101929, -4.53825378418], [-382.415405273, 489.837249756, -132.588378906, 236.436859131, 308.115478516, 84.7755889893, 354.339813232, 72.923789978, 167.659240723, -9.51435947418, 83.3607025146, -1.80085504055, 6.90176963806], [376.565551758, -197.65461731, 49.1659469604, 79.1278381348, 64.6456604004, 50.1120033264, 72.923789978, 162.209701538, 88.0402679443, 48.9806976318, 18.0689888, 28.7322368622, -2.75029230118], [-125.959373474, 234.894393921, -71.2588272095, 88.6134643555, 118.078659058, 28.8271427155, 167.659240723, 88.0402679443, 209.254226685, 51.0856971741, 51.5703392029, -1.53852081299, 0.846306085587], [466.118408203, -295.474487305, 8.01400375366, 15.1458940506, -5.75129175186, 12.9286079407, -9.51435947418, 48.9806976318, 51.0856971741, 125.802627563, 39.423248291, 37.6685333252, -18.2581825256], [-58.4759140015, 144.443115234, 39.3585510254, 30.2172737122, 98.8111114502, 13.6692552567, 83.3607025146, 18.0689888, 51.5703392029, 39.423248291, 144.471542358, 53.3461074829, -0.0328718163073], [388.829498291, -229.817550659, 67.3674468994, 38.7012214661, -8.26160049438, 17.9745101929, -1.80085504055, 28.7322368622, -1.53852081299, 37.6685333252, 53.3461074829, 101.856544495, 1.20947182178], [-45.070110321, 194.472457886, -60.6761703491, -62.7347640991, 24.8979454041, -4.53825378418, 6.90176963806, -2.75029230118, 0.846306085587, -18.2581825256, -0.0328718163073, 1.20947182178, 96.3701171875]], "icov": [[0.000126931103296, 4.81346287415e-05, 7.33357301215e-05, -3.04730892822e-05, 3.48910107277e-05, -0.000163655902725, 8.24692178867e-05, -0.000191539613297, 0.000119605305372, -0.00026690249797, 8.74156830832e-05, -0.00026989961043, -8.77296770341e-05], [4.81346287415e-05, 0.00049764214782, 0.000211419828702, 8.9306391601e-05, 0.000101803561847, -0.000463513686555, -0.000170263898326, 0.000532636186108, -0.000585002009757, 0.000986079219729, -0.000908718095161, 0.00081200216664, -0.000629744725302], [7.33357301215e-05, 0.000211419828702, 0.00108292361256, 0.000513915729243, 6.00809580646e-05, -0.00104237685446, 0.000350810791133, -0.000422496406827, -6.06537978456e-05, 0.000857391045429, -0.000768872792833, -0.000323724147165, 0.000689013220835], [-3.04730892822e-05, 8.9306391601e-05, 0.000513915729243, 0.00214557722211, -0.00118886551354, -0.000186209566891, -0.000503324670717, -0.000194951469894, -3.62399259757e-05, 0.00051504583098, 0.000896095123608, -0.00153853499796, 0.00197220174596], [3.48910107277e-05, 0.000101803561847, 6.00809580646e-05, -0.00118886551354, 0.0031590659637, -0.000890981929842, -0.00158577982802, -0.000151602856931, 0.000623295432888, -7.13872141205e-05, -0.00194366066717, 0.0020108721219, -0.00171899830457], [-0.000163655902725, -0.000463513686555, -0.00104237685446, -0.000186209566891, -0.000890981929842, 0.00478217611089, -0.000963442726061, -0.000553567952011, 0.000858749262989, -0.0014124524314, 0.00191742239986, -0.000910737959202, 0.00032684096368], [8.24692178867e-05, -0.000170263898326, 0.000350810791133, -0.000503324670717, -0.00158577982802, -0.000963442726061, 0.00840952899307, -0.00113549351227, -0.00490059424192, 0.00336508429609, -0.00237472821027, -0.000312322052196, 0.000688725791406], [-0.000191539613297, 0.000532636186108, -0.000422496406827, -0.000194951469894, -0.000151602856931, -0.000553567952011, -0.00113549351227, 0.0108646331355, -0.00440083816648, -0.000674785405863, 0.00116944115143, -0.00112778984476, -0.0012275041081], [0.000119605305372, -0.000585002009757, -6.06537978456e-05, -3.62399259757e-05, 0.000623295432888, 0.000858749262989, -0.00490059424192, -0.00440083816648, 0.0122528281063, -0.00605767918751, 0.000196655280888, 0.00165343738627, 3.48767571268e-06], [-0.00026690249797, 0.000986079219729, 0.000857391045429, 0.00051504583098, -7.13872141205e-05, -0.0014124524314, 0.00336508429609, -0.000674785405863, -0.00605767918751, 0.016247112304, -0.00523140188307, -0.000404664751841, 0.00158672861289], [8.74156830832e-05, -0.000908718095161, -0.000768872792833, 0.000896095123608, -0.00194366066717, 0.00191742239986, -0.00237472821027, 0.00116944115143, 0.000196655280888, -0.00523140188307, 0.0149377984926, -0.00899220816791, 0.00189488311298], [-0.00026989961043, 0.00081200216664, -0.000323724147165, -0.00153853499796, 0.0020108721219, -0.000910737959202, -0.000312322052196, -0.00112778984476, 0.00165343738627, -0.000404664751841, -0.00899220816791, 0.0190454851836, -0.00387571053579], [-8.77296770341e-05, -0.000629744725302, 0.000689013220835, 0.00197220174596, -0.00171899830457, 0.00032684096368, 0.000688725791406, -0.0012275041081, 3.48767571268e-06, 0.00158672861289, 0.00189488311298, -0.00387571053579, 0.0140491416678]]}, "melbands": {"dmean": [0.00212261686102, 0.00164685351774, 0.000524644507095, 0.00056242372375, 0.000306097994326, 0.000136709568324, 0.000118155221571, 0.000123832563986, 8.55407051858e-05, 9.17180295801e-05, 4.11400469602e-05, 3.80481214961e-05, 4.29870124208e-05, 1.94427666429e-05, 3.06542424369e-05, 2.14390565816e-05, 1.41654627441e-05, 1.26362183437e-05, 1.66951285792e-05, 1.08708945845e-05, 2.03544095712e-05, 1.11026602099e-05, 1.43219886013e-05, 1.13321802928e-05, 8.64483899932e-06, 1.93247506104e-05, 1.19523037938e-05, 5.54911275685e-06, 3.11928624797e-06, 2.75170987152e-06, 2.34323670156e-06, 3.12751058118e-06, 1.75591173956e-06, 9.32315970203e-07, 1.51471783738e-06, 1.6210854028e-06, 1.30840885504e-06, 1.12234295102e-06, 8.62500826315e-07, 1.19222147532e-06], "dmean2": [0.00296827708371, 0.00254197325557, 0.000863119086716, 0.000853316683788, 0.000487351004267, 0.000211537146242, 0.000187213459867, 0.000185969634913, 0.00011614284449, 0.000127212682855, 6.27772169537e-05, 6.02386753599e-05, 6.9674475526e-05, 3.19143218803e-05, 5.11614634888e-05, 3.50149894075e-05, 2.29104152822e-05, 2.03940235224e-05, 2.77549643215e-05, 1.79632424988e-05, 3.30101102008e-05, 1.77820093086e-05, 2.28832468565e-05, 1.84396285476e-05, 1.39696812766e-05, 3.12200354529e-05, 1.93359228433e-05, 9.04618900677e-06, 5.03446062794e-06, 4.55103645436e-06, 3.8791345105e-06, 5.26534222445e-06, 2.84835323328e-06, 1.48652122789e-06, 2.39657333623e-06, 2.68038502327e-06, 2.17360684474e-06, 1.84594762231e-06, 1.40817155625e-06, 1.96946280084e-06], "dvar": [8.15242401586e-06, 7.91784896137e-06, 1.49226741541e-06, 1.22118592571e-06, 4.8160507049e-07, 1.22248096091e-07, 1.12599664703e-07, 7.15589933975e-08, 3.87885812358e-08, 5.96044067436e-08, 9.92683091283e-09, 7.7158830436e-09, 9.999466144e-09, 1.5843228951e-09, 3.99646005178e-09, 2.65087773954e-09, 1.85164084066e-09, 1.09003972515e-09, 2.36346364701e-09, 7.34671046221e-10, 5.43090017402e-09, 9.27724452815e-10, 3.34127747692e-09, 1.37223676866e-09, 7.31234850448e-10, 4.42096892428e-09, 1.7879701053e-09, 4.70257555119e-10, 5.29038826635e-11, 4.30626506676e-11, 2.45543342603e-11, 7.61226359725e-11, 1.61523867198e-11, 2.74974487624e-12, 8.22236636416e-12, 1.11179208201e-11, 5.2046266602e-12, 3.98833613705e-12, 2.5491238894e-12, 6.09264548534e-12], "dvar2": [1.68209116964e-05, 1.79087437573e-05, 3.86736655855e-06, 2.57604006038e-06, 1.21337313885e-06, 2.69202558911e-07, 2.67874213478e-07, 1.47397415162e-07, 6.39084802856e-08, 1.0189818056e-07, 2.02344931921e-08, 1.7648755346e-08, 2.46078446509e-08, 3.97838251232e-09, 1.09301065976e-08, 6.29697982646e-09, 4.65746108347e-09, 2.67211053284e-09, 5.94693005951e-09, 1.78970216425e-09, 1.42500544698e-08, 2.33724262166e-09, 8.44017744583e-09, 3.51778273178e-09, 1.76193182266e-09, 1.12909992467e-08, 4.54859838683e-09, 1.20855969676e-09, 1.2676928951e-10, 1.06195718885e-10, 6.07208242021e-11, 1.94158883415e-10, 3.96543943515e-11, 6.41898426773e-12, 1.90895493857e-11, 2.70751025766e-11, 1.27498497871e-11, 9.71929394605e-12, 5.87153936582e-12, 1.46190264755e-11], "max": [0.032149951905, 0.0302797053009, 0.0126646570861, 0.027946697548, 0.0112449955195, 0.0115591064095, 0.00677623366937, 0.0069285123609, 0.00567523157224, 0.00745281437412, 0.00348644214682, 0.00293430523016, 0.00282489694655, 0.000917453784496, 0.00103293918073, 0.00148918293417, 0.000842117180582, 0.000533395737875, 0.00156467943452, 0.00130577001255, 0.00251882267185, 0.000667532265652, 0.00168275425676, 0.00130856223404, 0.000940357043874, 0.00193007977214, 0.00128605600912, 0.000837133440655, 0.000150261854287, 6.80122248014e-05, 7.78563262429e-05, 8.43101806822e-05, 7.94908773969e-05, 1.70697330759e-05, 4.18736053689e-05, 4.61340387119e-05, 1.87501609616e-05, 1.60475701705e-05, 1.34795391205e-05, 2.43991726165e-05], "mean": [0.00453336490318, 0.00290494807996, 0.000728346116375, 0.00090624182485, 0.000454570428701, 0.000232110905927, 0.000147830578499, 0.000189305195818, 0.000171061052242, 0.000157277274411, 5.80497544433e-05, 5.29117023689e-05, 5.6935572502e-05, 2.57062165474e-05, 3.97339281335e-05, 2.87130405923e-05, 1.88165886357e-05, 1.74067135958e-05, 1.99805799639e-05, 1.45195845107e-05, 3.19504360959e-05, 1.80677670869e-05, 2.02194569283e-05, 1.66748031916e-05, 1.14864287752e-05, 3.13286473101e-05, 2.02296832867e-05, 7.5000234574e-06, 3.51241669705e-06, 2.93698917631e-06, 2.49691879617e-06, 2.98276927424e-06, 2.13182693187e-06, 1.20293952932e-06, 1.81796531251e-06, 1.7690712184e-06, 1.39336657412e-06, 1.16682986118e-06, 8.81179744283e-07, 1.06527954813e-06], "median": [0.00246498244815, 0.00149034161586, 0.000336906028679, 0.000285832997179, 0.000138591363793, 2.91567703243e-05, 2.85166752292e-05, 7.64599972172e-05, 3.09032329824e-05, 2.85825062747e-05, 1.79652088264e-05, 1.62381165865e-05, 1.74642227648e-05, 1.16913806778e-05, 1.26629638544e-05, 9.72086672846e-06, 3.93349546357e-06, 2.32066486205e-06, 3.01053319163e-06, 3.02823332277e-06, 2.23004508371e-06, 1.69801353422e-06, 1.95679626813e-06, 2.18874311031e-06, 1.17816637157e-06, 1.51518793245e-06, 1.13789008083e-06, 7.6741406474e-07, 6.46291539397e-07, 6.36562447198e-07, 4.31966697079e-07, 4.79259426811e-07, 4.07218863074e-07, 2.5355458888e-07, 2.18288505494e-07, 1.73693905481e-07, 1.3097546514e-07, 9.70312754589e-08, 6.85515928467e-08, 5.66232181143e-08], "min": [6.54990736288e-24, 4.89632474349e-24, 2.05356704721e-24, 2.21270790192e-24, 8.89532967363e-24, 4.37193024561e-24, 3.39742118153e-24, 3.60026374711e-24, 5.77305094849e-24, 4.9993251286e-24, 7.10622942819e-24, 5.99544977033e-24, 8.04717561619e-24, 6.53639299229e-24, 8.76284521776e-24, 5.0883177106e-24, 4.96445629329e-24, 8.00096256664e-24, 6.97921808928e-24, 3.97594613144e-24, 8.37908726434e-24, 5.47877072653e-24, 2.22254795564e-24, 4.38624649332e-24, 9.26338850617e-24, 8.22279498635e-24, 7.85699308485e-24, 4.83701147532e-24, 9.49274587006e-24, 8.54680934798e-24, 8.82219911227e-24, 6.78161553227e-24, 1.08839123316e-23, 8.97943013473e-24, 7.84333238055e-24, 7.40115612166e-24, 6.3194945031e-24, 7.25472933815e-24, 7.76304921737e-24, 9.65872141566e-24], "var": [2.82470064121e-05, 1.36553735501e-05, 1.53504936407e-06, 3.25407859236e-06, 8.7148748662e-07, 4.43081660251e-07, 1.44583864881e-07, 1.33887880338e-07, 1.7917894013e-07, 1.97680520841e-07, 1.96316118917e-08, 1.40972487017e-08, 1.72299028378e-08, 2.20502527348e-09, 5.63633317796e-09, 3.75378439443e-09, 2.38020980703e-09, 1.89626425673e-09, 3.31926264252e-09, 1.3794138054e-09, 1.130297278e-08, 2.48493825517e-09, 5.10879383242e-09, 3.76259778889e-09, 1.57082380436e-09, 1.10717000013e-08, 4.65893013057e-09, 8.3376189286e-10, 7.00603047799e-11, 4.30532900997e-11, 2.62850938931e-11, 6.52344497865e-11, 2.03228007339e-11, 4.55092777699e-12, 1.19535015566e-11, 1.3163955169e-11, 6.69807872361e-12, 4.79507883053e-12, 3.08738234631e-12, 5.7124760651e-12]}, "mfcc": {"mean": [-689.958374023, 135.78364563, 10.127120018, 29.0442752838, 6.17970561981, 10.8140802383, 8.85499095917, 11.3714818954, 1.05700135231, 3.52720594406, 1.82278192043, 2.92848873138, 1.04278099537], "cov": [[6781.47460938, -2044.8614502, -272.809448242, -14.3669939041, -57.0815238953, -168.944335938, -195.901611328, -165.857620239, -45.4896812439, 8.22651576996, -29.3771572113, 16.2780685425, 32.471244812], [-2044.8614502, 3669.27929688, -220.211914062, -42.1308097839, 30.4552726746, 267.551452637, 191.958908081, 179.663864136, 127.339347839, 71.2062072754, 52.8592987061, -0.0672523230314, -73.2636184692], [-272.809448242, -220.211914062, 1294.14941406, -405.659545898, 13.4982433319, -114.171844482, -30.1005802155, -13.8728723526, -102.124710083, -49.214050293, -52.0407600403, 63.4491233826, -54.8771438599], [-14.3669939041, -42.1308097839, -405.659545898, 697.824829102, 143.191955566, 216.01751709, 135.394119263, 182.715408325, 66.0996704102, 41.2619056702, 72.3259735107, 82.1931686401, 153.397262573], [-57.0815238953, 30.4552726746, 13.4982433319, 143.191955566, 313.014312744, 158.989837646, 150.827911377, 85.6354827881, 36.5471458435, 35.2348823547, 3.91471862793, 43.3568000793, 16.8005199432], [-168.944335938, 267.551452637, -114.171844482, 216.01751709, 158.989837646, 318.965087891, 164.766937256, 152.069396973, 67.797996521, 48.0835723877, 45.980556488, 63.3977165222, 56.2051086426], [-195.901611328, 191.958908081, -30.1005802155, 135.394119263, 150.827911377, 164.766937256, 212.514526367, 130.635742188, 42.9848442078, 18.4547710419, 19.2783756256, 54.5162963867, 38.2474594116], [-165.857620239, 179.663864136, -13.8728723526, 182.715408325, 85.6354827881, 152.069396973, 130.635742188, 219.963668823, 80.9197692871, 55.8330955505, 54.1617431641, 77.2032928467, 70.3159561157], [-45.4896812439, 127.339347839, -102.124710083, 66.0996704102, 36.5471458435, 67.797996521, 42.9848442078, 80.9197692871, 148.70501709, 86.9012069702, 38.9975967407, 2.35051822662, 5.2801566124], [8.22651576996, 71.2062072754, -49.214050293, 41.2619056702, 35.2348823547, 48.0835723877, 18.4547710419, 55.8330955505, 86.9012069702, 138.650726318, 49.5691184998, 22.2334346771, 14.5419197083], [-29.3771572113, 52.8592987061, -52.0407600403, 72.3259735107, 3.91471862793, 45.980556488, 19.2783756256, 54.1617431641, 38.9975967407, 49.5691184998, 126.971969604, 77.2546463013, 47.0453529358], [16.2780685425, -0.0672523230314, 63.4491233826, 82.1931686401, 43.3568000793, 63.3977165222, 54.5162963867, 77.2032928467, 2.35051822662, 22.2334346771, 77.2546463013, 160.067001343, 93.1310272217], [32.471244812, -73.2636184692, -54.8771438599, 153.397262573, 16.8005199432, 56.2051086426, 38.2474594116, 70.3159561157, 5.2801566124, 14.5419197083, 47.0453529358, 93.1310272217, 179.704116821]], "icov": [[0.000186634249985, 0.000105722290755, 8.54973404785e-05, 5.08004159201e-05, -2.04450625461e-05, -2.85202550003e-05, 0.000118534982903, 1.93926753127e-05, -1.43777224366e-05, -6.61232334096e-05, 0.000115873823233, -0.000181348688784, 3.95599781768e-05], [0.000105722290755, 0.000384017010219, 0.000125877006212, 0.00019415206043, 0.00015884777531, -0.000273128040135, -0.00014760857448, -0.00019073850126, -4.11706096202e-05, -5.09542114742e-05, -1.94422000277e-06, -8.04885785328e-05, 0.000234345265198], [8.54973404785e-05, 0.000125877006212, 0.0012533753179, 0.000877268321346, -0.000414651061874, 0.000228743214393, 0.000350018555764, -0.00103528716136, 0.000703080208041, -1.26403092509e-05, 0.000602596788667, -0.0010471958667, 0.000332910014549], [5.08004159201e-05, 0.00019415206043, 0.000877268321346, 0.00297494325787, -0.000818127940875, -0.000692872679792, 0.000428356870543, -0.00180604634807, 0.000393335096305, 0.000424858852057, -0.000348403438693, 0.000243440881604, -0.0013737550471], [-2.04450625461e-05, 0.00015884777531, -0.000414651061874, -0.000818127940875, 0.00583066605031, -0.00145165855065, -0.00349069130607, 0.00140111276414, -0.000124832295114, -0.00139620143455, 0.00126473768614, -0.000898127967957, 0.000994820729829], [-2.85202550003e-05, -0.000273128040135, 0.000228743214393, -0.000692872679792, -0.00145165855065, 0.00683925114572, -0.00245418725535, -0.00157527124975, -0.000203585746931, -0.000270476972219, -0.000526461808477, -0.000105562452518, -8.91402814887e-05], [0.000118534982903, -0.00014760857448, 0.000350018555764, 0.000428356870543, -0.00349069130607, -0.00245418725535, 0.0118950186297, -0.00440812250599, -0.000266202638159, 0.00196030386724, 0.00108474656008, -0.00126900954638, 0.00016959651839], [1.93926753127e-05, -0.00019073850126, -0.00103528716136, -0.00180604634807, 0.00140111276414, -0.00157527124975, -0.00440812250599, 0.0120493574068, -0.00407895585522, -0.000780551694334, -0.000170995102962, -0.00184796913527, -0.00108513154555], [-1.43777224366e-05, -4.11706096202e-05, 0.000703080208041, 0.000393335096305, -0.000124832295114, -0.000203585746931, -0.000266202638159, -0.00407895585522, 0.0136939147487, -0.00657457020134, -0.00166857487056, 0.00279804877937, 0.000709213025402], [-6.61232334096e-05, -5.09542114742e-05, -1.26403092509e-05, 0.000424858852057, -0.00139620143455, -0.000270476972219, 0.00196030386724, -0.000780551694334, -0.00657457020134, 0.0128061873838, -0.00284463400021, -0.000151892541908, -0.000291719567031], [0.000115873823233, -1.94422000277e-06, 0.000602596788667, -0.000348403438693, 0.00126473768614, -0.000526461808477, 0.00108474656008, -0.000170995102962, -0.00166857487056, -0.00284463400021, 0.0142488302663, -0.00736089469865, 0.000705869228113], [-0.000181348688784, -8.04885785328e-05, -0.0010471958667, 0.000243440881604, -0.000898127967957, -0.000105562452518, -0.00126900954638, -0.00184796913527, 0.00279804877937, -0.000151892541908, -0.00736089469865, 0.0147145828232, -0.00518614705652], [3.95599781768e-05, 0.000234345265198, 0.000332910014549, -0.0013737550471, 0.000994820729829, -8.91402814887e-05, 0.00016959651839, -0.00108513154555, 0.000709213025402, -0.000291719567031, 0.000705869228113, -0.00518614705652, 0.00975646357983]]}, "spectral_contrast_coeffs": {"dmean": [0.053361300379, 0.0497529171407, 0.0408096536994, 0.0315411090851, 0.0273387283087, 0.0242676790804], "dmean2": [0.0860234200954, 0.0795692354441, 0.0650876909494, 0.0508041009307, 0.0426815934479, 0.0356999151409], "dvar": [0.00235698721372, 0.00168554799166, 0.00119390338659, 0.000666264153551, 0.000652852002531, 0.000579749466851], "dvar2": [0.00555179687217, 0.0042534400709, 0.00273318123072, 0.00162671750877, 0.00133646733593, 0.000971615372691], "max": [-0.227869719267, -0.333685427904, -0.435315698385, -0.468145161867, -0.413317501545, -0.50973123312], "mean": [-0.666809141636, -0.723459720612, -0.765924274921, -0.782193779945, -0.775804400444, -0.770402848721], "median": [-0.695686578751, -0.73571741581, -0.775495648384, -0.792015552521, -0.800289988518, -0.782590329647], "min": [-0.983757197857, -0.974674403667, -0.973454713821, -0.970162272453, -0.963623642921, -0.961438953876], "var": [0.0117025813088, 0.0071726385504, 0.00516448030248, 0.00368866277859, 0.00726981600747, 0.00377543922514]}, "spectral_contrast_valleys": {"dmean": [0.442867100239, 0.457286119461, 0.435668468475, 0.403726190329, 0.431596279144, 0.611343979836], "dmean2": [0.703182935715, 0.697923243046, 0.659513831139, 0.582529842854, 0.601738631725, 0.793829381466], "dvar": [0.157199546695, 0.170736521482, 0.166582643986, 0.178231313825, 0.26617282629, 0.486838638783], "dvar2": [0.346703052521, 0.336264967918, 0.32010576129, 0.298143595457, 0.415941685438, 0.682345569134], "max": [-5.18715381622, -4.71327209473, -5.26266241074, -5.505