{"lowlevel": {"average_loudness": 0.750339567661, "barkbands_crest": {"dmean": 2.3473405838, "dmean2": 3.42071986198, "dvar": 5.55505180359, "dvar2": 11.9648351669, "max": 26.1443252563, "mean": 10.5831680298, "median": 9.63669586182, "min": 2.46928668022, "var": 21.2024345398}, "barkbands_flatness_db": {"dmean": 0.0230183564126, "dmean2": 0.034459259361, "dvar": 0.000707359868102, "dvar2": 0.00152401672676, "max": 0.615993261337, "mean": 0.145872250199, "median": 0.123300746083, "min": 0.0170640721917, "var": 0.0111632570624}, "barkbands_kurtosis": {"dmean": 3.12311124802, "dmean2": 4.91271495819, "dvar": 59.2411155701, "dvar2": 146.747634888, "max": 265.685760498, "mean": 4.67291736603, "median": 1.46167516708, "min": -1.94122731686, "var": 112.329376221}, "barkbands_skewness": {"dmean": 0.504816949368, "dmean2": 0.759501874447, "dvar": 0.409088999033, "dvar2": 0.867375552654, "max": 11.2816877365, "mean": 1.38708043098, "median": 1.23382461071, "min": -2.25268173218, "var": 1.83229112625}, "barkbands_spread": {"dmean": 5.37874603271, "dmean2": 8.07411289215, "dvar": 48.9338150024, "dvar2": 96.1775054932, "max": 114.384803772, "mean": 26.0666389465, "median": 26.0664043427, "min": 0.169679924846, "var": 323.275848389}, "dissonance": {"dmean": 0.0210160110146, "dmean2": 0.0353504121304, "dvar": 0.000697519630194, "dvar2": 0.00192073266953, "max": 0.499946147203, "mean": 0.434841781855, "median": 0.46461635828, "min": 0.0728704184294, "var": 0.00516819348559}, "dynamic_complexity": 2.36235761642, "erbbands_crest": {"dmean": 1.84689629078, "dmean2": 2.89534807205, "dvar": 3.775380373, "dvar2": 8.92910575867, "max": 29.9724903107, "mean": 9.3322057724, "median": 7.90919923782, "min": 2.35254216194, "var": 27.2235736847}, "erbbands_flatness_db": {"dmean": 0.0150893442333, "dmean2": 0.0223953388631, "dvar": 0.000299323670333, "dvar2": 0.00066431198502, "max": 0.576279699802, "mean": 0.17428047955, "median": 0.13507913053, "min": 0.0488131307065, "var": 0.0116128539667}, "erbbands_kurtosis": {"dmean": 1.0814371109, "dmean2": 1.65640151501, "dvar": 5.90823984146, "dvar2": 13.6800193787, "max": 78.1492385864, "mean": 1.56610321999, "median": -0.604424953461, "min": -1.91110229492, "var": 25.4180278778}, "erbbands_skewness": {"dmean": 0.309001207352, "dmean2": 0.47322845459, "dvar": 0.126382827759, "dvar2": 0.270737081766, "max": 7.13681221008, "mean": 0.372155666351, "median": 0.0907552167773, "min": -2.466319561, "var": 1.15777444839}, "erbbands_spread": {"dmean": 6.62212610245, "dmean2": 9.55427455902, "dvar": 76.3783416748, "dvar2": 143.866577148, "max": 170.328903198, "mean": 42.2823867798, "median": 47.1535720825, "min": 1.47421109676, "var": 632.532592773}, "hfc": {"dmean": 6.07041406631, "dmean2": 8.32606124878, "dvar": 84.3516616821, "dvar2": 148.318588257, "max": 241.097473145, "mean": 25.8031921387, "median": 22.5912132263, "min": 1.22523540813e-16, "var": 394.926727295}, "melbands_crest": {"dmean": 3.27135014534, "dmean2": 5.11558198929, "dvar": 12.6554136276, "dvar2": 28.2238960266, "max": 33.1574172974, "mean": 14.8752374649, "median": 13.3800544739, "min": 2.32754278183, "var": 39.0266265869}, "melbands_flatness_db": {"dmean": 0.0262793134898, "dmean2": 0.0387299247086, "dvar": 0.000882301363163, "dvar2": 0.00178700266406, "max": 0.686752438545, "mean": 0.20742122829, "median": 0.177231878042, "min": 0.0117029985413, "var": 0.0132428053766}, "melbands_kurtosis": {"dmean": 8.19168376923, "dmean2": 12.4929599762, "dvar": 354.377593994, "dvar2": 768.654602051, "max": 514.133361816, "mean": 15.4537229538, "median": 7.66750049591, "min": -1.69716441631, "var": 659.402587891}, "melbands_skewness": {"dmean": 0.699699580669, "dmean2": 1.02637887001, "dvar": 0.969152569771, "dvar2": 1.76896774769, "max": 17.3900413513, "mean": 2.63398885727, "median": 2.32965970039, "min": -1.69120335579, "var": 4.23797798157}, "melbands_spread": {"dmean": 6.35190153122, "dmean2": 9.38659667969, "dvar": 81.5173339844, "dvar2": 158.016906738, "max": 215.677505493, "mean": 25.0253295898, "median": 19.8399620056, "min": 0.38221591711, "var": 433.323303223}, "pitch_salience": {"dmean": 0.0679078772664, "dmean2": 0.101897098124, "dvar": 0.00547343492508, "dvar2": 0.0101219480857, "max": 0.952255606651, "mean": 0.523619174957, "median": 0.541288912296, "min": 0.104518555105, "var": 0.0189061202109}, "silence_rate_20dB": {"dmean": 0, "dmean2": 0, "dvar": 0, "dvar2": 0, "max": 1, "mean": 1, "median": 1, "min": 1, "var": 0}, "silence_rate_30dB": {"dmean": 0.0141409384087, "dmean2": 0.0282852090895, "dvar": 0.0139403240755, "dvar2": 0.0317255407572, "max": 1, "mean": 0.985035955906, "median": 1, "min": 0, "var": 0.01473921258}, "silence_rate_60dB": {"dmean": 0.00141409377102, "dmean2": 0.00271066580899, "dvar": 0.00141201051883, "dvar2": 0.00293919048272, "max": 1, "mean": 0.0268646162003, "median": 0, "min": 0, "var": 0.0261424183846}, "spectral_centroid": {"dmean": 205.560974121, "dmean2": 300.504333496, "dvar": 62689.4570312, "dvar2": 115209.96875, "max": 11691.2177734, "mean": 1567.6574707, "median": 1577.1574707, "min": 198.893280029, "var": 657173.25}, "spectral_complexity": {"dmean": 2.52392172813, "dmean2": 3.9970536232, "dvar": 6.9014172554, "dvar2": 15.6402788162, "max": 50, "mean": 18.225402832, "median": 18, "min": 0, "var": 79.2753372192}, "spectral_decrease": {"dmean": 2.38176545153e-09, "dmean2": 3.76947806302e-09, "dvar": 1.79028321249e-17, "dvar2": 4.73352881306e-17, "max": 5.20625748325e-29, "mean": -7.11464798187e-09, "median": -5.8912572598e-09, "min": -5.761175359e-08, "var": 3.05361730232e-17}, "spectral_energy": {"dmean": 0.00929914601147, "dmean2": 0.0146688632667, "dvar": 0.000261153007159, "dvar2": 0.000692257599439, "max": 0.221604019403, "mean": 0.0291927233338, "median": 0.0247932653874, "min": 1.09167532927e-20, "var": 0.000454370107036}, "spectral_energyband_high": {"dmean": 0.000496534164995, "dmean2": 0.000671133340802, "dvar": 9.50507399011e-07, "dvar2": 1.54865608692e-06, "max": 0.0242690518498, "mean": 0.00162290257867, "median": 0.00124168861657, "min": 7.93143826713e-21, "var": 4.25423513661e-06}, "spectral_energyband_low": {"dmean": 0.00416785106063, "dmean2": 0.0063004870899, "dvar": 6.96601055097e-05, "dvar2": 0.000145385201904, "max": 0.0793099105358, "mean": 0.00793414842337, "median": 0.00250779767521, "min": 2.32597799383e-23, "var": 0.000144319143146}, "spectral_energyband_middle_high": {"dmean": 0.00101581204217, "dmean2": 0.00147251551971, "dvar": 1.30162970891e-06, "dvar2": 2.95756899504e-06, "max": 0.0236769933254, "mean": 0.00448920018971, "median": 0.00407243473455, "min": 1.73703707915e-21, "var": 9.32582861424e-06}, "spectral_energyband_middle_low": {"dmean": 0.00600152648985, "dmean2": 0.00957245472819, "dvar": 0.000207005665288, "dvar2": 0.000577761151362, "max": 0.207674145699, "mean": 0.0154263498262, "median": 0.0107118384913, "min": 1.54531338497e-22, "var": 0.000361252721632}, "spectral_entropy": {"dmean": 0.183546826243, "dmean2": 0.279902309179, "dvar": 0.0524734482169, "dvar2": 0.123576492071, "max": 9.79662227631, "mean": 7.33410453796, "median": 7.68625354767, "min": 4.36290693283, "var": 0.714854359627}, "spectral_flux": {"dmean": 0.0232461486012, "dmean2": 0.0370116867125, "dvar": 0.000797300832346, "dvar2": 0.00189840083476, "max": 0.396217644215, "mean": 0.0757175087929, "median": 0.0663855075836, "min": 1.04483269259e-10, "var": 0.00207574060187}, "spectral_kurtosis": {"dmean": 5.98954105377, "dmean2": 9.58702468872, "dvar": 584.292602539, "dvar2": 1490.41296387, "max": 416.239898682, "mean": 13.9624967575, "median": 2.76493406296, "min": -1.22420763969, "var": 1743.85693359}, "spectral_rms": {"dmean": 0.000751012237743, "dmean2": 0.00115290167741, "dvar": 9.02765691535e-07, "dvar2": 2.18266450247e-06, "max": 0.0147037087008, "mean": 0.00505474349484, "median": 0.00491818599403, "min": 3.26350903766e-12, "var": 2.93025482279e-06}, "spectral_rolloff": {"dmean": 535.97668457, "dmean2": 863.431518555, "dvar": 1000582.125, "dvar2": 1996249.75, "max": 19078.4179688, "mean": 1942.63061523, "median": 1119.7265625, "min": 21.533203125, "var": 3360432}, "spectral_skewness": {"dmean": 0.352238059044, "dmean2": 0.56425255537, "dvar": 0.940461337566, "dvar2": 2.44806456566, "max": 15.4017076492, "mean": 2.00760436058, "median": 1.30123448372, "min": -0.0734056159854, "var": 4.43839550018}, "spectral_spread": {"dmean": 553129.8125, "dmean2": 795928.375, "dvar": 551649673216, "dvar2": 864229064704, "max": 41883028, "mean": 5113167.5, "median": 5287938, "min": 194103.921875, "var": 4302870413310.0}, "spectral_strongpeak": {"dmean": 0.43155965209, "dmean2": 0.715478718281, "dvar": 0.468636661768, "dvar2": 1.2300350666, "max": 11.7331142426, "mean": 1.16766273975, "median": 0.781278133392, "min": 0, "var": 1.19323813915}, "zerocrossingrate": {"dmean": 0.0123951286077, "dmean2": 0.0143852205947, "dvar": 0.000258571002632, "dvar2": 0.000368742737919, "max": 0.5166015625, "mean": 0.0757541283965, "median": 0.0673828125, "min": 0.00244140625, "var": 0.00219847075641}, "barkbands": {"dmean": [0.000831347948406, 0.0024498605635, 0.0020004438702, 0.00116912228987, 0.00302721885964, 0.00142423866782, 0.00096982868854, 0.000602060637902, 0.000693498295732, 0.000424854719313, 0.000286258233245, 9.66135266935e-05, 0.000160975148901, 0.000173867112608, 0.000197722634766, 0.000156963724294, 0.000186703240615, 0.000119816628285, 0.000134393165354, 0.000171854509972, 0.000134419038659, 0.000120714154036, 6.361486885e-05, 0.000120371951198, 9.96207163553e-05, 4.74045482406e-05, 2.99654493574e-05], "dmean2": [0.001339880866, 0.00346098979935, 0.00312872859649, 0.00201813480817, 0.0050315442495, 0.00221464433707, 0.00141035765409, 0.000891978037544, 0.00103134696838, 0.000608554692008, 0.000429667008575, 0.000156483059982, 0.000254220940406, 0.000265886104899, 0.000310225441353, 0.000241868387093, 0.000304175395286, 0.000188756079297, 0.000212452345295, 0.000265885610133, 0.000209204605198, 0.00018491926312, 0.000100420998933, 0.000170583007275, 0.000136310423841, 6.75146220601e-05, 4.62916614197e-05], "dvar": [1.9725644961e-05, 2.51832880167e-05, 2.87956372631e-05, 2.48160995397e-05, 0.000110308028525, 6.24135373073e-06, 4.16640523326e-06, 2.04435013984e-06, 2.77992921838e-06, 6.74392254041e-07, 3.00350734506e-07, 2.41559146019e-08, 9.23612333281e-08, 9.34805157726e-08, 1.62124507597e-07, 1.62537304504e-07, 8.02718886916e-08, 4.19080734559e-08, 4.776591922e-08, 7.57028786325e-08, 3.75648703255e-08, 4.6014285715e-08, 1.55052450879e-08, 1.19823909017e-07, 1.06350270812e-07, 1.09641797863e-08, 4.43242154091e-09], "dvar2": [5.47776471649e-05, 5.17615917488e-05, 7.3149727541e-05, 6.90272572683e-05, 0.000314093311317, 1.47185519381e-05, 8.48258696351e-06, 4.15487784267e-06, 6.1464729697e-06, 1.44998932683e-06, 7.22097865946e-07, 6.12002821754e-08, 2.28849629025e-07, 2.05323175351e-07, 3.48823562035e-07, 3.55453380507e-07, 1.96857001811e-07, 9.90543611579e-08, 1.16811847306e-07, 1.75040227646e-07, 8.71638476951e-08, 1.00237038225e-07, 3.67110999377e-08, 2.08674407531e-07, 1.55551219905e-07, 2.07463450863e-08, 1.00660590974e-08], "max": [0.16270364821, 0.0536057576537, 0.0441698841751, 0.0957257375121, 0.150068193674, 0.0465080142021, 0.0722501203418, 0.0471062958241, 0.0500643514097, 0.0227409824729, 0.019971780479, 0.00410157069564, 0.00823640916497, 0.00589942699298, 0.0144264567643, 0.0159378182143, 0.00903957244009, 0.00357838114724, 0.00421695737168, 0.00557767692953, 0.00319701666012, 0.00668769376352, 0.00220333272591, 0.00889785960317, 0.0122295254841, 0.00291414931417, 0.000701824959833], "mean": [0.00114166934509, 0.00426444597542, 0.00265942933038, 0.00141121633351, 0.00420713284984, 0.00308636692353, 0.00248756841756, 0.00135439867154, 0.0019952035509, 0.00159571017139, 0.000658674340229, 0.00016677172971, 0.000295937701594, 0.000342181971064, 0.000369392771972, 0.000351923634298, 0.000400648568757, 0.000275447964668, 0.000311425188556, 0.000418139359681, 0.000362350256182, 0.000312953576213, 0.00013695776579, 0.000268936011707, 0.000211162740015, 7.36378424335e-05, 3.30769507855e-05], "median": [0.00028125429526, 0.00058045447804, 0.000143183206092, 0.000156325753778, 0.000786493415944, 0.00180018274114, 0.00117223116104, 0.000530785124283, 0.000555205100682, 0.000353350333171, 0.000294398632832, 8.71725860634e-05, 0.000134792528115, 0.000165111501701, 0.000177495196112, 0.000136997827212, 0.000229734490858, 0.000156807189342, 0.000183082971489, 0.000232498481637, 0.000275153230177, 0.000226322343224, 9.55232098931e-05, 0.000129866690258, 9.55547075137e-05, 2.53174239333e-05, 4.88631667395e-06], "min": [2.54414505024e-24, 2.00824454273e-23, 2.72719726506e-24, 3.89056263738e-25, 2.66955452819e-23, 3.08903857206e-23, 2.19107709924e-23, 1.96692337743e-23, 3.00774550914e-23, 5.33493629773e-23, 1.436527068e-22, 2.82359546026e-22, 5.11526693462e-23, 1.77683484676e-22, 1.56867427006e-22, 1.10905878934e-22, 1.66039380222e-22, 1.84484424934e-22, 2.58716640012e-22, 3.12652082466e-22, 4.03219877708e-22, 6.671885643e-22, 6.27732341906e-22, 9.12035994612e-22, 1.20898575658e-21, 1.82180633022e-21, 2.33842828258e-21], "var": [2.61712666543e-05, 6.28518828307e-05, 3.35316326527e-05, 2.77595390799e-05, 0.000146909529576, 1.59340270329e-05, 2.70242162514e-05, 6.51886102787e-06, 1.15052043839e-05, 6.69249538987e-06, 1.22152641779e-06, 5.94262097309e-08, 2.44615563361e-07, 2.73904674941e-07, 4.59684486032e-07, 7.51891377604e-07, 3.19202200671e-07, 1.44872032593e-07, 1.61710190127e-07, 3.10328800879e-07, 1.47676743723e-07, 1.57471788498e-07, 3.20686055488e-08, 3.94671246795e-07, 3.92046331399e-07, 2.47312996748e-08, 5.47447287502e-09]}, "erbbands": {"dmean": [0.0730150267482, 0.580993175507, 2.30741071701, 2.61813759804, 9.30681419373, 10.2325496674, 7.03349637985, 12.8455371857, 11.5670957565, 18.8846874237, 9.99436664581, 19.1599903107, 12.8454504013, 9.48323917389, 11.5372781754, 4.63243436813, 7.47043323517, 7.7776889801, 7.93976402283, 11.466337204, 7.638007164, 8.02213478088, 6.48382520676, 6.60870170593, 6.69181776047, 9.13922309875, 6.0451169014, 4.8315205574, 4.27072048187, 2.97459244728, 2.16530632973, 2.35373806953, 2.0557718277, 1.405829072, 0.569637954235, 0.238001704216, 0.0953771471977, 0.0261477362365, 0.00438523758203, 0.000330046896124], "dmean2": [0.0963850095868, 0.83842664957, 3.56025314331, 4.24630737305, 15.388502121, 17.1192150116, 10.9482564926, 20.1080932617, 17.3082256317, 27.3842430115, 14.9801158905, 28.2715759277, 18.6164646149, 13.7208604813, 17.3276786804, 7.31719827652, 11.7518854141, 11.9058675766, 12.0745811462, 17.9956359863, 11.7435016632, 12.7936534882, 10.2724637985, 10.3852090836, 10.4208641052, 14.2624902725, 9.3060836792, 7.53087425232, 6.53759145737, 4.59283733368, 3.3876414299, 3.45686411858, 2.86588954926, 1.95126283169, 0.787811160088, 0.33918428421, 0.138750731945, 0.0390593148768, 0.00673026498407, 0.00052594288718], "dvar": [0.0217745043337, 1.98508322239, 40.6999015808, 78.0927352905, 1454.21875, 1322.625, 201.265029907, 605.475280762, 398.204620361, 2185.171875, 464.739532471, 2317.40722656, 566.711303711, 409.310089111, 387.449615479, 53.5200042725, 196.491577148, 171.479263306, 242.930801392, 523.895019531, 356.507904053, 177.505706787, 105.01991272, 122.898780823, 128.03604126, 226.996200562, 85.7246398926, 55.7219429016, 67.2833480835, 25.1454219818, 19.4943141937, 38.4244308472, 40.2376785278, 26.496383667, 2.42987704277, 0.356223255396, 0.0396175943315, 0.00300610228442, 9.54542774707e-05, 6.14181203673e-07], "dvar2": [0.0352452211082, 3.73480176926, 99.2615356445, 220.985671997, 3857.77758789, 3703.18994141, 494.396057129, 1412.45507812, 911.586730957, 4314.94335938, 1033.81494141, 5115.76367188, 1261.41369629, 882.938842773, 930.403930664, 132.36177063, 491.780212402, 399.838928223, 512.755065918, 1151.07788086, 749.837036133, 417.671081543, 251.100143433, 301.801635742, 305.571807861, 542.418823242, 197.87298584, 126.949996948, 150.783004761, 55.008808136, 44.2982406616, 75.7568511963, 67.5296630859, 37.8725471497, 4.03504037857, 0.650083780289, 0.0810531005263, 0.00664341961965, 0.000216712185647, 1.45164028709e-06], "max": [1.65352511406, 14.2280788422, 55.1046257019, 164.273849487, 551.054321289, 684.25994873, 391.263916016, 542.202453613, 660.851379395, 1738.72790527, 654.049133301, 1583.22717285, 512.220031738, 530.179626465, 597.926147461, 196.230438232, 368.702819824, 285.034240723, 513.642700195, 645.452758789, 648.925842285, 547.506530762, 198.833984375, 221.847381592, 207.661224365, 353.948242188, 172.162734985, 140.046020508, 229.402587891, 112.450019836, 92.3650894165, 160.294052124, 156.075088501, 210.505905151, 52.9380760193, 20.7390022278, 4.33728456497, 0.749910354614, 0.107561990619, 0.0107548525557], "mean": [0.128963917494, 0.935288727283, 2.93112325668, 3.80842494965, 11.8149728775, 13.7019128799, 14.3954801559, 26.6901340485, 28.6828136444, 49.2933578491, 27.2228031158, 55.7797851562, 46.1606140137, 32.8558425903, 27.1132526398, 9.89055919647, 14.3025960922, 16.0403728485, 17.1775226593, 23.8951950073, 18.7581157684, 18.8173980713, 16.3998737335, 15.5971708298, 16.0435562134, 22.0468711853, 16.0694293976, 12.8625745773, 11.4095363617, 6.83326768875, 4.64083719254, 4.93375921249, 4.4122004509, 3.04103970528, 1.14857852459, 0.404998153448, 0.13355666399, 0.0317222140729, 0.0050362884067, 0.000372250418877], "median": [0.0200422797352, 0.128234416246, 0.275641441345, 0.651862382889, 0.998559117317, 2.66261196136, 7.38440322876, 15.3051424026, 18.3801403046, 16.8983879089, 12.9703884125, 16.521905899, 12.6268529892, 8.99260616302, 13.5960578918, 6.21910905838, 6.91481494904, 9.16742992401, 8.62452411652, 10.6046209335, 10.3878011703, 11.5403385162, 10.9031705856, 9.55757713318, 9.28109359741, 12.1689510345, 11.1912765503, 9.96518421173, 7.87065696716, 4.9924249649, 3.1318795681, 2.703551054, 1.82299757004, 1.2778532505, 0.526607215405, 0.164281383157, 0.0413438826799, 0.00673724664375, 0.000865085341502, 8.05439558462e-05], "min": [5.17032412466e-22, 4.54231895048e-21, 5.02982156034e-21, 2.51035442055e-21, 4.30707775078e-20, 1.04150362625e-19, 2.40339317381e-19, 1.69927325496e-19, 3.09839575285e-19, 2.99242047469e-19, 5.58845238094e-19, 6.9527177463e-19, 1.58597427476e-18, 1.60688839917e-18, 1.08617532912e-17, 8.48832561395e-18, 2.92979328635e-18, 8.82104743482e-18, 5.65685246278e-18, 8.7248752809e-18, 6.98496538248e-18, 9.36811987654e-18, 1.02598635903e-17, 1.32251828364e-17, 1.14347603267e-17, 1.43469729231e-17, 1.47032545021e-17, 2.36109606867e-17, 2.32438711657e-17, 1.92181651041e-17, 1.65935359098e-17, 1.64311189965e-17, 1.70936956302e-17, 1.28750496908e-17, 8.66304187575e-18, 4.95598853361e-18, 3.37843350993e-18, 1.44557370406e-18, 3.21805001339e-19, 3.77465777963e-20], "var": [0.0662290677428, 3.76869702339, 42.9733085632, 84.945022583, 2079.43261719, 1529.42443848, 507.648406982, 1417.87573242, 1239.03320312, 15035.2519531, 1728.14526367, 9191.45996094, 5281.52929688, 3676.09667969, 1380.66906738, 155.62121582, 519.291687012, 456.977416992, 863.954528809, 2157.04101562, 1446.43054199, 779.387145996, 428.037384033, 358.310668945, 435.923492432, 939.024963379, 331.203765869, 193.102600098, 231.892837524, 63.2080612183, 43.2877120972, 109.034202576, 132.619491577, 98.8721389771, 7.99740982056, 0.853759765625, 0.0744858011603, 0.00441289506853, 0.000121801102068, 6.8532926889e-07]}, "gfcc": {"mean": [0.189213037491, 64.0558776855, -115.012542725, 11.5237779617, -74.3489837646, -4.44903516769, -36.8605537415, 8.81002426147, -18.282251358, 5.78614664078, -11.370136261, 2.98851895332, -3.36814188957], "cov": [[12181.5576172, -2701.29785156, 2016.70043945, 2528.76806641, 848.270202637, 1429.07312012, -578.50769043, 63.5195846558, -326.252044678, 633.55456543, -497.96194458, -459.540283203, -750.008483887], [-2701.29785156, 3091.36010742, -163.577896118, -1212.69836426, 28.1580619812, -611.528137207, 395.98538208, 52.1752166748, 160.916992188, -502.862762451, 127.229774475, 113.909179688, 323.29675293], [2016.70043945, -163.577896118, 1332.34179688, 768.763671875, 446.780426025, 464.888092041, -2.81586837769, 20.7820091248, -51.1324768066, 77.0163497925, -71.3691101074, -80.4328994751, -204.645263672], [2528.76806641, -1212.69836426, 768.763671875, 1768.92993164, 598.89440918, 706.006774902, -140.483932495, 14.0906200409, 8.15955448151, 388.730010986, -103.853782654, -174.056777954, -359.272735596], [848.270202637, 28.1580619812, 446.780426025, 598.89440918, 604.074035645, 276.228393555, 118.39012146, 45.2070045471, 83.8669662476, 120.28502655, 9.7313785553, -28.4134025574, -150.048065186], [1429.07312012, -611.528137207, 464.888092041, 706.006774902, 276.228393555, 519.830566406, 52.6652870178, 92.6053314209, 26.297170639, 196.380645752, -11.3577899933, -38.8331222534, -193.163284302], [-578.50769043, 395.98538208, -2.81586837769, -140.483932495, 118.39012146, 52.6652870178, 365.045227051, 145.817565918, 127.731559753, -5.39162063599, 106.40045166, 89.3252944946, 9.68129348755], [63.5195846558, 52.1752166748, 20.7820091248, 14.0906200409, 45.2070045471, 92.6053314209, 145.817565918, 184.482086182, 103.071754456, 60.5234031677, 55.7129402161, 44.9305686951, 5.53413915634], [-326.252044678, 160.916992188, -51.1324768066, 8.15955448151, 83.8669662476, 26.297170639, 127.731559753, 103.071754456, 176.127548218, 58.7359008789, 76.999786377, 45.7540969849, 31.8174381256], [633.55456543, -502.862762451, 77.0163497925, 388.730010986, 120.28502655, 196.380645752, -5.39162063599, 60.5234031677, 58.7359008789, 231.505950928, 45.5127182007, 5.39961576462, -72.0194168091], [-497.96194458, 127.229774475, -71.3691101074, -103.853782654, 9.7313785553, -11.3577899933, 106.40045166, 55.7129402161, 76.999786377, 45.5127182007, 165.930679321, 95.9998474121, 37.6720733643], [-459.540283203, 113.909179688, -80.4328994751, -174.056777954, -28.4134025574, -38.8331222534, 89.3252944946, 44.9305686951, 45.7540969849, 5.39961576462, 95.9998474121, 143.078948975, 66.3477401733], [-750.008483887, 323.29675293, -204.645263672, -359.272735596, -150.048065186, -193.163284302, 9.68129348755, 5.53413915634, 31.8174381256, -72.0194168091, 37.6720733643, 66.3477401733, 205.974700928]], "icov": [[0.000193181127543, 1.68769092852e-05, -0.000135224152473, 8.15690655145e-05, -0.000122229685076, -0.000239763889113, 0.000285265501589, -0.000321096420521, 0.000287709553959, -0.000337871781085, 0.000353963871021, 9.69673565123e-05, 0.000107632229629], [1.68769092852e-05, 0.00099468533881, -0.000252037832979, 0.000189010679605, -0.000654953939375, 0.000730013474822, -0.000468138809083, -0.000280760490568, -0.000617835845333, 0.00176241598092, -0.000651211768854, 0.000623785774224, -0.000553648860659], [-0.000135224152473, -0.000252037832979, 0.00157976697665, -0.000273977871984, -0.000514417188242, -0.00114288844634, 0.000235296422034, -1.31178594529e-05, 0.000612628005911, 0.000861014123075, -0.00025763452868, -0.000226550240768, -0.000135840717121], [8.15690655145e-05, 0.000189010679605, -0.000273977871984, 0.00259434245527, -0.00133599177934, -0.00173128710594, 0.00103757868055, 0.000498095992953, -0.000412950670579, -0.00192404340487, 0.000726464902982, 0.00105340825394, 0.000513195758685], [-0.000122229685076, -0.000654953939375, -0.000514417188242, -0.00133599177934, 0.0042625120841, 0.000241243891651, -0.001463667606, 0.00153483205941, -0.00152995204553, -0.000809099525213, 0.000334925891366, -0.00071367045166, 0.001222535735], [-0.000239763889113, 0.000730013474822, -0.00114288844634, -0.00173128710594, 0.000241243891651, 0.00796470977366, -0.00212587928399, -0.00204443605617, 0.000141777651152, -0.000280513399048, -0.000353802985046, -0.000525074487086, 0.00173957692459], [0.000285265501589, -0.000468138809083, 0.000235296422034, 0.00103757868055, -0.001463667606, -0.00212587928399, 0.00727315060794, -0.00355270109139, -0.00109428062569, 0.00105077540502, -0.000856696104165, -0.00150767550804, 0.00168956897687], [-0.000321096420521, -0.000280760490568, -1.31178594529e-05, 0.000498095992953, 0.00153483205941, -0.00204443605617, -0.00355270109139, 0.0123354047537, -0.00477672182024, -0.00210807542317, 0.000852657016367, -0.000729107938241, -0.000756679393817], [0.000287709553959, -0.000617835845333, 0.000612628005911, -0.000412950670579, -0.00152995204553, 0.000141777651152, -0.00109428062569, -0.00477672182024, 0.0132442163303, -0.00351630849764, -0.00162070896477, 0.00121101748664, -0.00226505915634], [-0.000337871781085, 0.00176241598092, 0.000861014123075, -0.00192404340487, -0.000809099525213, -0.000280513399048, 0.00105077540502, -0.00210807542317, -0.00351630849764, 0.0150635289028, -0.00544545752928, -0.000138010611408, -0.000491779937875], [0.000353963871021, -0.000651211768854, -0.00025763452868, 0.000726464902982, 0.000334925891366, -0.000353802985046, -0.000856696104165, 0.000852657016367, -0.00162070896477, -0.00544545752928, 0.0138980885968, -0.00650314707309, 0.00115092657506], [9.69673565123e-05, 0.000623785774224, -0.000226550240768, 0.00105340825394, -0.00071367045166, -0.000525074487086, -0.00150767550804, -0.000729107938241, 0.00121101748664, -0.000138010611408, -0.00650314707309, 0.0145222218707, -0.00365929608233], [0.000107632229629, -0.000553648860659, -0.000135840717121, 0.000513195758685, 0.001222535735, 0.00173957692459, 0.00168956897687, -0.000756679393817, -0.00226505915634, -0.000491779937875, 0.00115092657506, -0.00365929608233, 0.0104851070791]]}, "melbands": {"dmean": [0.000652990362141, 0.0010047814576, 0.00063272746047, 0.000776336470153, 0.000256370956777, 0.000283820059849, 0.000182667208719, 0.000192852588953, 8.87353380676e-05, 0.000112300687761, 6.18488411419e-05, 3.93621266994e-05, 4.05407590733e-05, 1.51949261635e-05, 1.51713456944e-05, 1.33196654133e-05, 1.65339915839e-05, 1.39620096888e-05, 1.27016792248e-05, 1.54030967678e-05, 9.55171890382e-06, 8.55311554915e-06, 1.00093211586e-05, 6.12274152445e-06, 5.74021623834e-06, 6.00219163971e-06, 4.839959729e-06, 6.60795876684e-06, 4.57319038105e-06, 3.51205039806e-06, 3.42843941326e-06, 2.7913060876e-06, 2.47776188189e-06, 1.31573312956e-06, 1.51774793267e-06, 1.17437366498e-06, 1.64291998317e-06, 1.61404068422e-06, 1.51669257775e-06, 1.2450751683e-06], "dmean2": [0.000951598514803, 0.00145442958456, 0.00101685756817, 0.00130169477779, 0.000398456089897, 0.000441281939857, 0.000271470664302, 0.000281224405626, 0.000132840112201, 0.000165802790434, 8.94900440471e-05, 5.70587289985e-05, 6.09209710092e-05, 2.36919622694e-05, 2.41878224188e-05, 2.07852335734e-05, 2.54739661614e-05, 2.13927360164e-05, 1.98860197997e-05, 2.41126454057e-05, 1.4914959138e-05, 1.35585296448e-05, 1.64673529071e-05, 9.73861551756e-06, 9.09073514777e-06, 9.47816442931e-06, 7.58242185839e-06, 1.0248115359e-05, 7.13899453331e-06, 5.55771885047e-06, 5.42579164176e-06, 4.32541037299e-06, 3.80784899789e-06, 2.05519995689e-06, 2.43180602411e-06, 1.80279926099e-06, 2.42262399297e-06, 2.35258562498e-06, 2.07376365324e-06, 1.80630399882e-06], "dvar": [1.54517965711e-06, 6.78568039802e-06, 5.44798558622e-06, 7.83336872701e-06, 2.96332046901e-07, 2.65878725259e-07, 1.00650034085e-07, 2.13188229736e-07, 3.46413671082e-08, 8.04703859103e-08, 1.36940068174e-08, 7.72806618698e-09, 6.17096773681e-09, 4.9316356554e-10, 8.44172509673e-10, 6.07536854158e-10, 8.04893263151e-10, 7.40876582306e-10, 1.0492664515e-09, 1.17075860118e-09, 5.41028111201e-10, 2.61755006559e-10, 2.54705423419e-10, 1.42311537554e-10, 1.00715082108e-10, 1.1357637747e-10, 6.93841303856e-11, 1.4197763798e-10, 5.75907307954e-11, 2.90768051997e-11, 2.71501206933e-11, 2.9187464945e-11, 2.09180017058e-11, 4.72234100782e-12, 9.13232163502e-12, 5.9351694566e-12, 2.34871237043e-11, 2.29941309049e-11, 2.55367966356e-11, 2.24127626181e-11], "dvar2": [3.31660999109e-06, 1.43728657349e-05, 1.44863824971e-05, 2.22193302761e-05, 7.7460998682e-07, 6.20022944986e-07, 2.25949420951e-07, 4.26347213534e-07, 7.88111051975e-08, 1.79974733783e-07, 3.04315648236e-08, 1.66098566012e-08, 1.48240264508e-08, 1.26297949876e-09, 2.09235273552e-09, 1.52458712321e-09, 1.88704740722e-09, 1.55049351136e-09, 2.24444862695e-09, 2.62873389723e-09, 1.1310554715e-09, 5.74165548439e-10, 6.52110310195e-10, 3.39924366433e-10, 2.48998599517e-10, 2.6904697914e-10, 1.64171454209e-10, 3.33021082932e-10, 1.36903308134e-10, 6.89087537031e-11, 6.50468845453e-11, 6.79745981724e-11, 4.76776396141e-11, 1.06812371448e-11, 2.17691541876e-11, 1.30133195886e-11, 4.82390100087e-11, 4.3748490941e-11, 4.32801884609e-11, 3.44408009056e-11], "max": [0.0160415582359, 0.0238874647766, 0.0417526885867, 0.0406627655029, 0.0124542172998, 0.0109482062981, 0.00947991386056, 0.0155614139512, 0.0045098294504, 0.00987017247826, 0.00252313027158, 0.00231673801318, 0.00291844364256, 0.000368981884094, 0.000870585907251, 0.000873795128427, 0.000616694858763, 0.000665412459057, 0.00155689998064, 0.0015042781597, 0.000940351281315, 0.000788111356087, 0.000391468085581, 0.000262270652456, 0.000199945628992, 0.000278438994428, 0.000185851633432, 0.000333386531565, 0.000159483548487, 9.80532568065e-05, 8.75343685038e-05, 0.000167043719557, 0.000154353620019, 3.39464204444e-05, 6.12499570707e-05, 5.31125770067e-05, 0.000142565564602, 0.000113782873086, 0.000184503151104, 0.000224498158786], "mean": [0.00119413645007, 0.00147585384548, 0.000914586300496, 0.00100103614386, 0.000516458007041, 0.000606279645581, 0.000460342183942, 0.000492196239065, 0.000243902803049, 0.000322173727909, 0.000218870918616, 0.000131491557113, 9.4279894256e-05, 3.10694485961e-05, 2.96154739772e-05, 2.55512586591e-05, 3.1479899917e-05, 2.81096254184e-05, 2.49626846198e-05, 3.2208256016e-05, 2.08178626053e-05, 1.92086590687e-05, 1.96379533008e-05, 1.37083143272e-05, 1.18307016237e-05, 1.21306675283e-05, 1.09859529402e-05, 1.53576820594e-05, 1.06656007119e-05, 7.78791854827e-06, 7.81353082857e-06, 6.93469155522e-06, 5.25070936419e-06, 2.82742689706e-06, 2.8454257972e-06, 2.31362696468e-06, 3.20964772982e-06, 3.12738325192e-06, 3.02147782349e-06, 2.46725221587e-06], "median": [0.000216977234231, 0.000213191262446, 0.000146143647726, 0.000134797082865, 0.000268574338406, 0.000357837881893, 0.000275595870335, 0.000173233318492, 9.83327408903e-05, 9.49811073951e-05, 5.20709727425e-05, 2.92120221275e-05, 4.22106095357e-05, 1.93782307178e-05, 1.45511712617e-05, 1.2536781469e-05, 1.59029877977e-05, 1.29312838908e-05, 1.15219154395e-05, 1.35250629683e-05, 1.08309832285e-05, 1.03358706838e-05, 1.1454891137e-05, 7.31013778932e-06, 6.83613325236e-06, 6.08525397183e-06, 6.22476136414e-06, 7.62095351092e-06, 6.74781767884e-06, 4.84879001306e-06, 5.60478565603e-06, 4.48329365099e-06, 3.44457748724e-06, 1.99382202482e-06, 1.62360856848e-06, 1.34221124881e-06, 1.58946056672e-06, 1.28907811359e-06, 1.03425986708e-06, 1.02994829376e-06], "min": [5.18840877669e-24, 4.0585473624e-24, 9.14428825886e-25, 6.21654263295e-24, 6.9569430239e-24, 4.41727712588e-24, 4.74910870465e-24, 3.58293878391e-24, 5.26785890276e-24, 4.07279142933e-24, 7.92113457619e-24, 5.2767395044e-24, 2.58253954158e-23, 3.95572249885e-23, 9.15369503072e-24, 6.93145571691e-24, 1.82201026023e-23, 8.85660528065e-24, 1.16200465628e-23, 9.84597253987e-24, 7.50244901733e-24, 9.03338190976e-24, 9.45303776754e-24, 1.01697336771e-23, 1.06394206713e-23, 9.95786062636e-24, 8.5708451509e-24, 9.14395417626e-24, 9.87335547961e-24, 8.53033872114e-24, 1.53611665521e-23, 1.39844922543e-23, 1.11810154923e-23, 1.09933233949e-23, 8.81506623196e-24, 1.11623849643e-23, 8.71737054202e-24, 1.13446646871e-23, 1.12606581004e-23, 1.12989486199e-23], "var": [4.50581001132e-06, 9.22748768062e-06, 7.35306775823e-06, 9.95044410956e-06, 6.35288813555e-07, 6.55217206713e-07, 3.95422290467e-07, 1.31821809646e-06, 1.3443724356e-07, 3.07306294189e-07, 1.27917019199e-07, 7.00689000155e-08, 2.56503067675e-08, 1.28641630681e-09, 2.49942244679e-09, 1.44603240493e-09, 1.98580596411e-09, 2.63480615104e-09, 2.65565192059e-09, 5.66497115884e-09, 1.70479896866e-09, 1.19812049171e-09, 7.39069860867e-10, 5.0105941618e-10, 2.51680953856e-10, 3.6877362275e-10, 2.28543489689e-10, 6.12684292189e-10, 1.83553006128e-10, 8.87751538947e-11, 7.70945807194e-11, 9.37717334337e-11, 5.37006654422e-11, 1.06634579639e-11, 1.87711408917e-11, 1.38847388448e-11, 6.11914824367e-11, 6.41252120848e-11, 8.08001165975e-11, 7.66425395371e-11]}, "mfcc": {"mean": [-644.109375, 102.050598145, 6.49732303619, 11.2253665924, -12.4031887054, -12.504901886, -10.7726335526, -6.04779434204, 1.86879050732, -2.11692166328, -0.511274755001, 1.7537624836, 1.05387353897], "cov": [[9606.26367188, -2192.8137207, 426.079498291, 1517.7947998, 1254.10144043, 1332.6072998, 528.294128418, -316.384094238, -30.293138504, 291.333312988, 288.691040039, 141.269882202, -91.517036438], [-2192.8137207, 2479.87011719, 78.0415039062, -668.660339355, -456.786499023, -630.220825195, -220.687942505, 315.706207275, 80.0628433228, -133.378677368, -166.589920044, -151.911468506, -38.0011253357], [426.079498291, 78.0415039062, 706.968811035, 284.616485596, 292.913665771, 237.822265625, 155.914321899, 70.0529022217, 24.8029575348, 21.9792861938, 22.9050483704, 14.5914411545, -20.068819046], [1517.7947998, -668.660339355, 284.616485596, 921.204528809, 640.231201172, 600.938964844, 243.995330811, -50.8046607971, 19.8328647614, 127.89881897, 117.769134521, 105.45173645, 38.1416893005], [1254.10144043, -456.786499023, 292.913665771, 640.231201172, 658.982116699, 511.520812988, 196.652770996, -25.8504829407, 9.44914054871, 101.429290771, 97.4085922241, 79.4897613525, 32.1001930237], [1332.6072998, -630.220825195, 237.822265625, 600.938964844, 511.520812988, 608.428955078, 264.076507568, 19.3765411377, -3.76111769676, 120.897018433, 143.179626465, 105.234436035, 44.9833641052], [528.294128418, -220.687942505, 155.914321899, 243.995330811, 196.652770996, 264.076507568, 243.73828125, 95.0112533569, 11.6179361343, 77.9979248047, 93.4198608398, 67.7939453125, 30.7054710388], [-316.384094238, 315.706207275, 70.0529022217, -50.8046607971, -25.8504829407, 19.3765411377, 95.0112533569, 269.291259766, 59.1412124634, 52.7358474731, 50.6138496399, 64.8630752563, 73.4106063843], [-30.293138504, 80.0628433228, 24.8029575348, 19.8328647614, 9.44914054871, -3.76111769676, 11.6179361343, 59.1412124634, 158.894195557, 48.516040802, 10.7083911896, 29.5564918518, 17.9591808319], [291.333312988, -133.378677368, 21.9792861938, 127.89881897, 101.429290771, 120.897018433, 77.9979248047, 52.7358474731, 48.516040802, 161.457550049, 89.3274459839, 53.4224128723, 43.0047988892], [288.691040039, -166.589920044, 22.9050483704, 117.769134521, 97.4085922241, 143.179626465, 93.4198608398, 50.6138496399, 10.7083911896, 89.3274459839, 163.63923645, 85.3719100952, 41.7365455627], [141.269882202, -151.911468506, 14.5914411545, 105.45173645, 79.4897613525, 105.234436035, 67.7939453125, 64.8630752563, 29.5564918518, 53.4224128723, 85.3719100952, 141.341796875, 81.7936553955], [-91.517036438, -38.0011253357, -20.068819046, 38.1416893005, 32.1001930237, 44.9833641052, 30.7054710388, 73.4106063843, 17.9591808319, 43.0047988892, 41.7365455627, 81.7936553955, 138.785018921]], "icov": [[0.000171342602698, 5.45575858268e-05, 1.45168232848e-05, -3.55993361154e-05, -8.03624570835e-05, -0.000194340915186, -6.01827741775e-05, 0.000124883707031, -2.86400063487e-05, -9.48826709646e-05, -9.9258386399e-06, 4.94269079354e-06, 0.000201821734663], [5.45575858268e-05, 0.00091234955471, -0.000245942443144, 1.0675911426e-06, -0.000413589412346, 0.00092153227888, 0.000490548787639, -0.00148047390394, -0.000105260849523, 0.000292254408123, -0.000152004373376, 0.000827321200632, 0.000202658498893], [1.45168232848e-05, -0.000245942443144, 0.00208060117438, -8.97878053365e-05, -0.000814348924905, -0.000121347482491, -0.00093030242715, -0.000268835516181, -0.000192281688214, 0.000400914432248, 0.000326541747199, 1.35335340019e-05, 0.000637956021819], [-3.55993361154e-05, 1.0675911426e-06, -8.97878053365e-05, 0.00437963893637, -0.00228398921899, -0.00201724446379, -0.000561771856155, 0.00124654290266, -0.000602454529144, -0.00052652542945, 0.000761740026064, -0.000814590486698, -0.000100648794614], [-8.03624570835e-05, -0.000413589412346, -0.000814348924905, -0.00228398921899, 0.00652068248019, -0.00349256582558, 0.000894343305845, 0.000982059747912, -7.52121559344e-05, -0.000458184047602, 0.000351104594301, -0.000210229904042, -0.000579784566071], [-0.000194340915186, 0.00092153227888, -0.000121347482491, -0.00201724446379, -0.00349256582558, 0.00986420921981, -0.00352247431874, -0.00147880846635, 0.000966311548837, 0.000285369926132, -0.00180719909258, 0.000572939694393, -0.000174494809471], [-6.01827741775e-05, 0.000490548787639, -0.00093030242715, -0.000561771856155, 0.000894343305845, -0.00352247431874, 0.0111126517877, -0.00423057703301, 0.000720388896298, -0.000631571863778, -0.001377139939, -3.79890734621e-05, 0.0013675254304], [0.000124883707031, -0.00148047390394, -0.000268835516181, 0.00124654290266, 0.000982059747912, -0.00147880846635, -0.00423057703301, 0.00938659626991, -0.00159545184579, -0.00110163795762, 0.0001294825488, -0.00209016120061, -0.00274064927362], [-2.86400063487e-05, -0.000105260849523, -0.000192281688214, -0.000602454529144, -7.52121559344e-05, 0.000966311548837, 0.000720388896298, -0.00159545184579, 0.00806165207177, -0.00292375916615, 0.00154528615531, -0.00204648962244, 0.00108295725659], [-9.48826709646e-05, 0.000292254408123, 0.000400914432248, -0.00052652542945, -0.000458184047602, 0.000285369926132, -0.000631571863778, -0.00110163795762, -0.00292375916615, 0.0111573180184, -0.00501590920612, 0.00211494020186, -0.00186090182979], [-9.9258386399e-06, -0.000152004373376, 0.000326541747199, 0.000761740026064, 0.000351104594301, -0.00180719909258, -0.001377139939, 0.0001294825488, 0.00154528615531, -0.00501590920612, 0.0129564553499, -0.00621495163068, 0.0016511885915], [4.94269079354e-06, 0.000827321200632, 1.35335340019e-05, -0.000814590486698, -0.000210229904042, 0.000572939694393, -3.79890734621e-05, -0.00209016120061, -0.00204648962244, 0.00211494020186, -0.00621495163068, 0.016591090709, -0.00686702039093], [0.000201821734663, 0.000202658498893, 0.000637956021819, -0.000100648794614, -0.000579784566071, -0.000174494809471, 0.0013675254304, -0.00274064927362, 0.00108295725659, -0.00186090182979, 0.0016511885915, -0.00686702039093, 0.0128386951983]]}, "spectral_contrast_coeffs": {"dmean": [0.0544416978955, 0.0460300073028, 0.0446581691504, 0.0362250469625, 0.0271613262594, 0.0234176144004], "dmean2": [0.0857767164707, 0.0754473879933, 0.0732521414757, 0.0589949712157, 0.0430252216756, 0.0368035025895], "dvar": [0.00229601748288, 0.00170719705056, 0.00216347165406, 0.00121659040451, 0.000681862991769, 0.000745451601688], "dvar2": [0.00551743246615, 0.00446969363838, 0.00538767175749, 0.00286042201333, 0.00155644502956, 0.00192798324861], "max": [-0.208732381463, -0.353125751019, -0.312730789185, -0.497034460306, -0.535278856754, -0.596700549126], "mean": [-0.61002612114, -0.672505319118, -0.693357527256, -0.74914342165, -0.743611633778, -0.748111963272], "median": [-0.613679170609, -0.678787708282, -0.724036335945, -0.7556168437, -0.746435105801, -0.740553200245], "min": [-0.987455129623, -0.971212208271, -0.960043311119, -0.973967254162, -0.965502858162, -0.967120170593], "var": [0.0161981824785, 0.006733762566, 0.0138183925301, 0.00449182419106, 0.00286875478923, 0.00250806333497]}, "spectral_contrast_valleys": {"dmean": [0.483970910311, 0.359184771776, 0.431753963232, 0.396185368299, 0.314629822969, 0.320449024439], "dmean2": [0.762354314327, 0.580361545086, 0.691251158714, 0.617786943913, 0.476060509682, 0.470165163279], "dvar": [0.229558125138, 0.136841565371, 0.261732399464, 0.296060740948, 0.243718713522, 0.149787187576], "dvar2": [0.516300857067, 0.311984062195, 0.612073361874, 0.674088954926, 0.541638493538, 0.372620671988], "max": [-5.69305419922, -5.09010028839, -5.475