{"lowlevel": {"average_loudness": 0.788874745369, "barkbands_crest": {"dmean": 2.13509988785, "dmean2": 3.36227440834, "dvar": 4.16076231003, "dvar2": 10.484919548, "max": 26.1118927002, "mean": 10.5720615387, "median": 9.53718471527, "min": 2.81803035736, "var": 20.4571781158}, "barkbands_flatness_db": {"dmean": 0.0218180585653, "dmean2": 0.0329900197685, "dvar": 0.000683707243297, "dvar2": 0.0015864277957, "max": 0.441790997982, "mean": 0.190624400973, "median": 0.179444342852, "min": 0.0224749259651, "var": 0.00478235865012}, "barkbands_kurtosis": {"dmean": 1.81739890575, "dmean2": 2.84362030029, "dvar": 12.8507671356, "dvar2": 31.0106525421, "max": 243.64704895, "mean": 3.33689045906, "median": 0.715549230576, "min": -1.88130366802, "var": 195.320281982}, "barkbands_skewness": {"dmean": 0.417411476374, "dmean2": 0.627332866192, "dvar": 0.188215702772, "dvar2": 0.420505225658, "max": 14.2783718109, "mean": 1.15426790714, "median": 1.00602436066, "min": -3.40023684502, "var": 1.91705441475}, "barkbands_spread": {"dmean": 3.45075654984, "dmean2": 5.5073633194, "dvar": 22.0038433075, "dvar2": 55.9428901672, "max": 66.4932403564, "mean": 16.4535999298, "median": 15.5506572723, "min": 0.840959727764, "var": 64.0409698486}, "dissonance": {"dmean": 0.0249809417874, "dmean2": 0.0420983880758, "dvar": 0.000547361909412, "dvar2": 0.0014911639737, "max": 0.499519914389, "mean": 0.436524838209, "median": 0.448827624321, "min": 0.181225731969, "var": 0.00241621444002}, "dynamic_complexity": 4.02771568298, "erbbands_crest": {"dmean": 2.63772511482, "dmean2": 4.10691261292, "dvar": 6.32062339783, "dvar2": 14.5890188217, "max": 33.5946540833, "mean": 12.2768707275, "median": 11.1065855026, "min": 2.70687055588, "var": 30.715877533}, "erbbands_flatness_db": {"dmean": 0.0196393169463, "dmean2": 0.028562925756, "dvar": 0.000592594093177, "dvar2": 0.00123233837076, "max": 0.469261288643, "mean": 0.225934803486, "median": 0.223421424627, "min": 0.055773537606, "var": 0.00474065262824}, "erbbands_kurtosis": {"dmean": 0.940753161907, "dmean2": 1.45612406731, "dvar": 3.44737911224, "dvar2": 9.09249210358, "max": 151.296142578, "mean": 1.43565833569, "median": 0.0723783969879, "min": -1.760191679, "var": 90.6153564453}, "erbbands_skewness": {"dmean": 0.329899281263, "dmean2": 0.490909188986, "dvar": 0.115861579776, "dvar2": 0.262496173382, "max": 10.941699028, "mean": 0.169682115316, "median": 0.130204707384, "min": -4.19763708115, "var": 1.23986852169}, "erbbands_spread": {"dmean": 4.8704419136, "dmean2": 7.5197763443, "dvar": 35.1564407349, "dvar2": 83.661026001, "max": 89.9658203125, "mean": 24.5614147186, "median": 23.3254127502, "min": 1.34715819359, "var": 118.607688904}, "hfc": {"dmean": 5.49448776245, "dmean2": 8.02254581451, "dvar": 61.1146202087, "dvar2": 132.900344849, "max": 97.2303771973, "mean": 19.8960437775, "median": 17.5182056427, "min": 1.11885005519e-16, "var": 218.319152832}, "melbands_crest": {"dmean": 2.5934278965, "dmean2": 4.01834726334, "dvar": 6.29608631134, "dvar2": 15.6423330307, "max": 33.662689209, "mean": 13.8308172226, "median": 12.5457210541, "min": 1.64421665668, "var": 33.5197257996}, "melbands_flatness_db": {"dmean": 0.0250105243176, "dmean2": 0.0375707447529, "dvar": 0.00100078771356, "dvar2": 0.00236904155463, "max": 0.591591417789, "mean": 0.254275232553, "median": 0.236616641283, "min": 0.0035124309361, "var": 0.00749364867806}, "melbands_kurtosis": {"dmean": 3.6096432209, "dmean2": 5.5614657402, "dvar": 58.013381958, "dvar2": 137.175094604, "max": 560.083190918, "mean": 9.21748828888, "median": 2.9918551445, "min": -1.76698768139, "var": 1329.33276367}, "melbands_skewness": {"dmean": 0.506245434284, "dmean2": 0.758713304996, "dvar": 0.297405332327, "dvar2": 0.673476040363, "max": 19.7190208435, "mean": 1.91029083729, "median": 1.59049737453, "min": -1.91989648342, "var": 3.30937004089}, "melbands_spread": {"dmean": 4.66430091858, "dmean2": 7.2577586174, "dvar": 29.9167575836, "dvar2": 71.9807052612, "max": 164.478652954, "mean": 21.9913768768, "median": 19.4552345276, "min": 0.514445662498, "var": 257.275878906}, "pitch_salience": {"dmean": 0.0575732775033, "dmean2": 0.0927857458591, "dvar": 0.00314955040812, "dvar2": 0.00801585707814, "max": 0.964384973049, "mean": 0.472861170769, "median": 0.478796482086, "min": 0.0513947680593, "var": 0.0138738797978}, "silence_rate_20dB": {"dmean": 0, "dmean2": 0, "dvar": 0, "dvar2": 0, "max": 1, "mean": 1, "median": 1, "min": 1, "var": 0}, "silence_rate_30dB": {"dmean": 0.0190547350794, "dmean2": 0.0381165929139, "dvar": 0.0186926294118, "dvar2": 0.043387837708, "max": 1, "mean": 0.978894293308, "median": 1, "min": 0, "var": 0.0206594932824}, "silence_rate_60dB": {"dmean": 0.00859331246465, "dmean2": 0.0171898361295, "dvar": 0.00851962342858, "dvar2": 0.019137378782, "max": 1, "mean": 0.0989914089441, "median": 0, "min": 0, "var": 0.0891909599304}, "spectral_centroid": {"dmean": 164.797607422, "dmean2": 261.540863037, "dvar": 58982.8789062, "dvar2": 138108.75, "max": 11479.5996094, "mean": 1227.55664062, "median": 1062.58129883, "min": 167.162063599, "var": 1103552.125}, "spectral_complexity": {"dmean": 2.15505313873, "dmean2": 3.37705540657, "dvar": 4.99076509476, "dvar2": 10.9598999023, "max": 42, "mean": 15.3621587753, "median": 16, "min": 0, "var": 50.7158660889}, "spectral_decrease": {"dmean": 2.24075491495e-09, "dmean2": 3.32635208267e-09, "dvar": 1.38188487076e-17, "dvar2": 2.92139347402e-17, "max": 2.02189590388e-28, "mean": -7.83655185188e-09, "median": -6.25952356614e-09, "min": -6.20489473135e-08, "var": 4.72093945501e-17}, "spectral_energy": {"dmean": 0.00883991923183, "dmean2": 0.0130730904639, "dvar": 0.000205473945243, "dvar2": 0.000432047032518, "max": 0.237526521087, "mean": 0.0313815437257, "median": 0.0254412591457, "min": 1.01725169236e-20, "var": 0.000717979390174}, "spectral_energyband_high": {"dmean": 0.000191380764591, "dmean2": 0.000290447205771, "dvar": 2.26968055017e-07, "dvar2": 5.47066065337e-07, "max": 0.00664352905005, "mean": 0.000318919803249, "median": 0.000100657518487, "min": 7.19426766836e-21, "var": 3.29922244191e-07}, "spectral_energyband_low": {"dmean": 0.00479392847046, "dmean2": 0.00748246302828, "dvar": 0.000155145622557, "dvar2": 0.000344779080478, "max": 0.222770035267, "mean": 0.0106674348935, "median": 0.00245943223126, "min": 2.43238917683e-23, "var": 0.000408742547734}, "spectral_energyband_middle_high": {"dmean": 0.00233326130547, "dmean2": 0.00336011149921, "dvar": 9.95820118987e-06, "dvar2": 2.05079286388e-05, "max": 0.0444464720786, "mean": 0.00730199972168, "median": 0.00593864871189, "min": 1.170741376e-21, "var": 4.00961434934e-05}, "spectral_energyband_middle_low": {"dmean": 0.00470536155626, "dmean2": 0.00718342512846, "dvar": 5.55737024115e-05, "dvar2": 0.000135474052513, "max": 0.106373220682, "mean": 0.0141930161044, "median": 0.0114313028753, "min": 1.82563681158e-22, "var": 0.000161194679094}, "spectral_entropy": {"dmean": 0.178182661533, "dmean2": 0.275295883417, "dvar": 0.0708500593901, "dvar2": 0.17029376328, "max": 9.82134723663, "mean": 6.87822055817, "median": 7.01241493225, "min": 3.99633717537, "var": 0.53224080801}, "spectral_flux": {"dmean": 0.0213776845485, "dmean2": 0.0347063876688, "dvar": 0.000829143740702, "dvar2": 0.00194607779849, "max": 0.331561475992, "mean": 0.0680983513594, "median": 0.0628176257014, "min": 6.51819292985e-11, "var": 0.00205028709024}, "spectral_kurtosis": {"dmean": 4.17249584198, "dmean2": 7.12741422653, "dvar": 31.0983467102, "dvar2": 80.8462371826, "max": 122.380271912, "mean": 11.9786128998, "median": 7.63082790375, "min": -1.26423835754, "var": 216.597900391}, "spectral_rms": {"dmean": 0.000701693119481, "dmean2": 0.00101703056134, "dvar": 8.17453837954e-07, "dvar2": 1.62872447618e-06, "max": 0.0152227850631, "mean": 0.00497470423579, "median": 0.00498204212636, "min": 3.15030271834e-12, "var": 5.86840178585e-06}, "spectral_rolloff": {"dmean": 270.869354248, "dmean2": 476.191894531, "dvar": 342720.4375, "dvar2": 789024.125, "max": 19422.9492188, "mean": 1474.36132812, "median": 1313.52539062, "min": 86.1328125, "var": 3291018.5}, "spectral_skewness": {"dmean": 0.370832443237, "dmean2": 0.627841055393, "dvar": 0.195047989488, "dvar2": 0.528379201889, "max": 8.68013095856, "mean": 2.19995641708, "median": 1.93719553947, "min": -0.0616026334465, "var": 1.26887536049}, "spectral_spread": {"dmean": 474182.21875, "dmean2": 725222.4375, "dvar": 667352694784, "dvar2": 1373240295420.0, "max": 42737132, "mean": 3409980.5, "median": 2765067.5, "min": 819425.25, "var": 13980609282000.0}, "spectral_strongpeak": {"dmean": 0.76023542881, "dmean2": 1.28647696972, "dvar": 1.45357656479, "dvar2": 3.61377096176, "max": 11.7832555771, "mean": 1.50342321396, "median": 0.898029446602, "min": 0, "var": 2.77283668518}, "zerocrossingrate": {"dmean": 0.00671097123995, "dmean2": 0.0085177347064, "dvar": 9.76598530542e-05, "dvar2": 0.000165207209648, "max": 0.52490234375, "mean": 0.0542834885418, "median": 0.04736328125, "min": 0.00390625, "var": 0.00244654575363}, "barkbands": {"dmean": [4.38585584561e-06, 0.00326159433462, 0.00182514521293, 0.000863960012794, 0.00203444017097, 0.00162295554765, 0.000602664717007, 0.000667659682222, 0.000905892986339, 0.000769735255744, 0.000480305519886, 0.000308813352603, 0.000833492551465, 0.000513735460117, 0.000524115981534, 0.000221329377382, 0.000187687604921, 0.000108869084215, 0.000135617243359, 4.92131475767e-05, 4.53204993391e-05, 4.1018371121e-05, 2.96745693049e-05, 2.13506282307e-05, 3.82459256798e-05, 1.15714719868e-05, 2.17203887587e-05], "dmean2": [6.627242783e-06, 0.00518765021116, 0.00280023482628, 0.00141694839112, 0.0032224515453, 0.00255957036279, 0.000952203350607, 0.000946608255617, 0.00125828897581, 0.00108518614434, 0.000699844909832, 0.000452221691376, 0.00118403125089, 0.000762410345487, 0.000821699853987, 0.000364575214917, 0.000308275950374, 0.000175530629349, 0.000214430692722, 7.90060657891e-05, 7.25991194486e-05, 7.10082094884e-05, 4.03185367759e-05, 3.22167798004e-05, 6.10646384303e-05, 1.68541955645e-05, 3.41643135471e-05], "dvar": [1.53451196194e-10, 8.98038706509e-05, 2.15508152905e-05, 5.39776510777e-06, 2.00259182748e-05, 1.02686135506e-05, 1.31526246605e-06, 1.79593371286e-06, 4.45131672677e-06, 2.08168285099e-06, 1.45915362282e-06, 5.61607464533e-07, 3.83645328839e-06, 1.0462431419e-06, 1.49072900513e-06, 2.29109446082e-07, 1.69581923615e-07, 4.02371647112e-08, 7.35986418476e-08, 1.14822329422e-08, 2.49577336575e-08, 2.75506284453e-08, 1.32836381894e-08, 6.80650558138e-09, 1.92636218088e-08, 2.03207228822e-09, 6.31380903116e-09], "dvar2": [3.23067322894e-10, 0.00022084984812, 4.60788251075e-05, 1.40906249726e-05, 4.79559421365e-05, 2.58509426203e-05, 3.13002306029e-06, 3.84288932764e-06, 8.90338924364e-06, 4.31783018939e-06, 3.05906610265e-06, 1.01527677998e-06, 7.28171107767e-06, 2.26475276577e-06, 3.44216709891e-06, 6.28880798104e-07, 4.43298233677e-07, 1.0080765378e-07, 1.6647967982e-07, 2.97843314456e-08, 5.91501425617e-08, 7.91224010754e-08, 1.93691374051e-08, 1.5038834178e-08, 5.04594837025e-08, 4.40026282078e-09, 1.57852504401e-08], "max": [0.000342217215803, 0.207845285535, 0.07448207587, 0.0678871497512, 0.0842523947358, 0.0530471950769, 0.0203500818461, 0.0341267473996, 0.0554589666426, 0.0255041141063, 0.0229741018265, 0.0235419142991, 0.0409205630422, 0.019591698423, 0.0196741186082, 0.00814415421337, 0.00890440866351, 0.00502533605322, 0.00545911118388, 0.00318334740587, 0.00510750105605, 0.00239013857208, 0.00226914300583, 0.00139999983367, 0.00217245542444, 0.00104394077789, 0.0011281267507], "mean": [1.00227352959e-05, 0.00702731218189, 0.00296886847354, 0.00123411940876, 0.00403533503413, 0.00318550155498, 0.00124692486133, 0.00167938345112, 0.00192663038615, 0.00146969943307, 0.000924014660995, 0.000594625715166, 0.0014098797692, 0.00102234981023, 0.00108171952888, 0.000383578881156, 0.00031846636557, 0.000201991017093, 0.000295021163765, 9.36913784244e-05, 8.28902338981e-05, 5.04329509567e-05, 4.33761379099e-05, 2.63005276793e-05, 3.77160831704e-05, 1.28061192299e-05, 1.89596576092e-05], "median": [1.06491143015e-06, 0.000650998321362, 0.000826911767945, 0.000392806716263, 0.00166789488867, 0.00123930803966, 0.000597912585363, 0.000538932043128, 0.000514261133503, 0.000535355473403, 0.00023967018933, 0.000191948289284, 0.000395347597077, 0.000345256412402, 0.000236997424508, 0.000141686396091, 0.000146288948599, 8.41818691697e-05, 0.000109273736598, 4.45625264547e-05, 2.84374673356e-05, 1.2381682609e-05, 4.43818134954e-06, 2.87774309982e-06, 2.10115877053e-06, 5.88345471897e-07, 2.45078155103e-07], "min": [5.70500607478e-25, 6.49139518296e-24, 8.59574396765e-25, 3.16435479088e-24, 1.02394705589e-23, 1.64277696049e-23, 1.6987472728e-23, 1.48689347022e-23, 2.04637823666e-23, 1.75685224272e-23, 8.54615538229e-24, 2.14091232987e-23, 2.96078114847e-23, 3.27888615305e-23, 4.31762064327e-23, 7.92209272665e-23, 3.70275689465e-23, 5.78620701846e-23, 1.44653184377e-22, 1.75509989866e-22, 2.7141505391e-22, 3.75843021661e-22, 4.06121194521e-22, 5.92281614401e-22, 8.18900274108e-22, 1.31610918001e-21, 1.99691719433e-21], "var": [6.79503564527e-10, 0.000245918199653, 3.97089643229e-05, 6.80526636643e-06, 4.97557448398e-05, 2.51565525105e-05, 3.4039651382e-06, 7.51115021558e-06, 1.31101551233e-05, 5.55396991331e-06, 4.1209864321e-06, 1.75182196926e-06, 8.41480778035e-06, 2.97226779367e-06, 5.28420787305e-06, 4.52836872e-07, 3.09858023684e-07, 1.12948576714e-07, 2.97462577237e-07, 2.18293578769e-08, 4.76615937828e-08, 1.89153244179e-08, 2.98355864459e-08, 8.92359341975e-09, 1.6551293669e-08, 2.55632270907e-09, 5.81769121766e-09]}, "erbbands": {"dmean": [0.0430311374366, 0.898586750031, 2.30525422096, 2.23422622681, 4.35943412781, 7.83161115646, 10.1216669083, 15.2805290222, 10.9297170639, 11.175157547, 13.3058519363, 23.9182548523, 24.0522575378, 17.5178489685, 18.6688671112, 16.8493614197, 40.4974784851, 29.62657547, 25.5381851196, 19.2609500885, 10.8686494827, 6.58941173553, 6.29106140137, 7.97446393967, 4.33978700638, 2.44590997696, 1.93016624451, 1.59619474411, 1.31448042393, 1.91553270817, 0.445721000433, 0.505270957947, 0.302218675613, 0.553725600243, 0.177334785461, 0.0572642609477, 0.0154803209007, 0.0124361142516, 0.004282921087, 0.000218881395995], "dmean2": [0.0658220276237, 1.43592572212, 3.52960824966, 3.61535072327, 7.25628614426, 12.1368513107, 15.64686203, 24.3987388611, 17.2150707245, 16.9340305328, 18.6671905518, 32.9654350281, 33.6269836426, 26.1507472992, 26.7578716278, 24.1066856384, 57.1916007996, 43.6369972229, 38.7667961121, 31.4241046906, 17.7309951782, 10.62849617, 10.1808338165, 12.6870975494, 6.8368730545, 3.91831755638, 3.04104018211, 2.63711476326, 2.29192137718, 2.71139121056, 0.676961898804, 0.790821373463, 0.450081259012, 0.862557590008, 0.297566413879, 0.0888280197978, 0.0218499097973, 0.0187527518719, 0.00666549848393, 0.000351828552084], "dvar": [0.0159871708602, 6.82118749619, 40.2034683228, 30.4901027679, 107.359474182, 413.341033936, 412.359893799, 1042.75622559, 487.921783447, 637.972839355, 798.212585449, 3386.24658203, 1948.10559082, 2287.35498047, 1824.69384766, 1423.29870605, 9559.27050781, 3034.48925781, 3613.81176758, 2491.62792969, 468.090423584, 160.341018677, 110.192588806, 306.837921143, 118.211387634, 23.6082782745, 32.9018440247, 42.1883888245, 39.7429542542, 49.7103424072, 1.66487395763, 3.94332242012, 1.01842820644, 3.41491675377, 0.748017668724, 0.0616249889135, 0.00405004573986, 0.00207588262856, 0.000234487786656, 6.88050533881e-07], "dvar2": [0.0381922088563, 16.5641174316, 81.9988555908, 81.3171463013, 278.244750977, 955.248779297, 1018.53131104, 2662.43115234, 1205.25, 1502.7322998, 1742.15563965, 6771.88916016, 3776.69140625, 5123.76025391, 3473.94799805, 2530.09887695, 17921.171875, 6622.796875, 8152.44775391, 5896.1875, 1228.55517578, 413.840759277, 287.687438965, 699.321472168, 249.918182373, 58.4639854431, 71.9290542603, 117.386604309, 115.313667297, 85.0114822388, 4.05422830582, 9.15518188477, 2.17928171158, 8.42859745026, 2.10732531548, 0.148943647742, 0.00819495599717, 0.00476240133867, 0.000580245221499, 1.76150820153e-06], "max": [3.48896479607, 53.7578201294, 115.953300476, 161.118286133, 185.713760376, 499.425048828, 519.096008301, 617.419433594, 292.267669678, 738.763977051, 680.619140625, 1511.84057617, 968.928771973, 992.719116211, 1075.08276367, 1206.65979004, 2127.19677734, 1053.2154541, 1217.3293457, 1462.43212891, 396.961608887, 244.339080811, 216.402770996, 345.652709961, 383.358062744, 137.447540283, 215.400222778, 169.342605591, 104.654808044, 121.44657135, 19.8501834869, 32.155960083, 17.1357326508, 20.3272838593, 15.1026105881, 3.82043290138, 1.91053962708, 1.20878815651, 0.171012297273, 0.0103526767343], "mean": [0.109734550118, 1.87234079838, 3.97856640816, 3.82441568375, 6.34887313843, 15.2255802155, 21.5542411804, 27.8119888306, 20.1888542175, 28.1878204346, 35.0705299377, 53.5136642456, 49.7185974121, 32.9714012146, 37.1631736755, 34.845905304, 70.6176834106, 62.5410728455, 49.7860488892, 42.4715385437, 20.8198394775, 12.6267156601, 12.9676208496, 17.5365428925, 8.97146320343, 4.9984536171, 3.82810854912, 2.5916864872, 1.61000263691, 2.56746554375, 0.685503125191, 0.635954022408, 0.369837105274, 0.56273150444, 0.165081083775, 0.0615364685655, 0.0176498666406, 0.0119259087369, 0.00379301351495, 0.00021500994626], "median": [0.0107346251607, 0.193270221353, 0.942298233509, 1.50111579895, 2.63996219635, 5.54475688934, 7.7406206131, 10.3540878296, 9.41296672821, 11.3413486481, 13.4706783295, 17.2398777008, 21.2002067566, 11.1326780319, 13.5925064087, 15.021780014, 21.7445888519, 27.9428768158, 16.887638092, 14.5205802917, 10.0168590546, 7.09210968018, 6.72638988495, 6.59017944336, 3.8095035553, 2.50328063965, 1.5512316227, 0.871754407883, 0.448672950268, 0.272782087326, 0.125897318125, 0.0726438462734, 0.0413957461715, 0.0280326902866, 0.0104289576411, 0.00301537849009, 0.000828955322504, 0.000260641740169, 5.82875363762e-05, 3.71397472918e-05], "min": [1.15956229558e-22, 1.0225694176e-21, 3.3909715873e-21, 1.09763781514e-20, 1.83664226687e-20, 2.74408831785e-20, 7.10747962e-20, 1.32171687487e-19, 1.72578310112e-19, 3.3002921873e-19, 4.61881627425e-19, 4.58347446559e-19, 5.7641941399e-19, 7.31619900204e-19, 1.51511860387e-18, 1.14394787717e-18, 1.31831413817e-18, 2.44602683806e-18, 2.8628952611e-18, 2.41461113878e-18, 3.68141239751e-18, 3.1918912537e-18, 4.42652014969e-18, 7.03938973089e-18, 7.63225240978e-18, 8.71602941143e-18, 9.30016450768e-18, 1.11530829942e-17, 1.27210104627e-17, 1.21542593942e-17, 1.11935073107e-17, 1.14124562286e-17, 9.91221033216e-18, 7.62503029585e-18, 5.88689594062e-18, 4.1263143851e-18, 2.61336113328e-18, 9.49598173332e-19, 2.62950144328e-19, 2.71432726414e-20], "var": [0.0651642084122, 17.5553264618, 76.7758255005, 46.6019897461, 144.256576538, 965.161560059, 1484.69958496, 2172.98583984, 935.582275391, 2174.89501953, 3308.65527344, 9874.87304688, 5844.29199219, 4806.00292969, 5308.73828125, 4499.80371094, 21030.5722656, 8824.109375, 9389.67382812, 9402.62988281, 945.055541992, 329.170349121, 325.861175537, 1196.84814453, 377.202148438, 56.3465766907, 70.4039764404, 42.1670417786, 25.1128482819, 97.6168441772, 2.54845476151, 4.95184803009, 1.33040547371, 3.33398008347, 0.524143517017, 0.0674686804414, 0.00542236864567, 0.0022320849821, 0.000216957050725, 6.11077211943e-07]}, "gfcc": {"mean": [-67.8573303223, 118.648086548, -137.029144287, 2.38111138344, -46.1628341675, -4.0592918396, -30.6783218384, -6.20131063461, -19.1410064697, -1.14758384228, -12.4441013336, -8.13343715668, -8.58796596527], "cov": [[39891.4570312, 1793.74206543, -1305.25158691, 2594.4387207, -750.651855469, 953.823852539, -652.684936523, -182.447174072, -1266.1854248, -13.0824565887, -247.793014526, 274.271331787, 25.883058548], [1793.74206543, 2213.47290039, -47.2617912292, 128.849090576, 318.250549316, 8.20116043091, 234.609848022, -347.113220215, 111.945709229, 64.7984313965, 55.7347564697, 11.1995439529, 183.972732544], [-1305.25158691, -47.2617912292, 1544.56506348, 328.325134277, 318.404968262, 441.665039062, 278.38092041, 120.634910583, 206.130844116, 207.201797485, -25.0508117676, 18.8153076172, 67.9571075439], [2594.4387207, 128.849090576, 328.325134277, 930.578063965, 191.308822632, 357.74697876, 244.586044312, 141.785125732, -59.0475654602, 90.4526443481, -5.07817077637, -33.2238769531, -10.123500824], [-750.651855469, 318.250549316, 318.404968262, 191.308822632, 502.124267578, 154.752975464, 164.045410156, 25.2861652374, 53.7393913269, 31.8083019257, 31.7776355743, -24.473985672, 66.7040863037], [953.823852539, 8.20116043091, 441.665039062, 357.74697876, 154.752975464, 403.262268066, 157.254547119, 112.800216675, 56.0634460449, 101.369720459, -14.4563455582, 8.35276031494, -12.9157714844], [-652.684936523, 234.609848022, 278.38092041, 244.586044312, 164.045410156, 157.254547119, 367.364013672, 90.2948150635, 66.454246521, 95.5108032227, 22.8347892761, -3.30124926567, -30.6617546082], [-182.447174072, -347.113220215, 120.634910583, 141.785125732, 25.2861652374, 112.800216675, 90.2948150635, 278.23815918, 30.4574050903, 22.4008731842, 7.29511356354, -5.46020174026, -55.0766639709], [-1266.1854248, 111.945709229, 206.130844116, -59.0475654602, 53.7393913269, 56.0634460449, 66.454246521, 30.4574050903, 276.372161865, 70.3465194702, -13.2192230225, 4.78178548813, -3.43253850937], [-13.0824565887, 64.7984313965, 207.201797485, 90.4526443481, 31.8083019257, 101.369720459, 95.5108032227, 22.4008731842, 70.3465194702, 189.225769043, 8.14458274841, -3.17970252037, 2.69959521294], [-247.793014526, 55.7347564697, -25.0508117676, -5.07817077637, 31.7776355743, -14.4563455582, 22.8347892761, 7.29511356354, -13.2192230225, 8.14458274841, 119.621856689, 6.17484521866, 4.16241884232], [274.271331787, 11.1995439529, 18.8153076172, -33.2238769531, -24.473985672, 8.35276031494, -3.30124926567, -5.46020174026, 4.78178548813, -3.17970252037, 6.17484521866, 118.408988953, 26.9158363342], [25.883058548, 183.972732544, 67.9571075439, -10.123500824, 66.7040863037, -12.9157714844, -30.6617546082, -55.0766639709, -3.43253850937, 2.69959521294, 4.16241884232, 26.9158363342, 195.853042603]], "icov": [[6.60070872982e-05, -0.000123591060401, 4.96273896715e-05, -0.000183693991858, 0.00013212201884, -0.000191597486264, 0.000296066747978, -8.29935233924e-05, 0.000259436026681, -8.513040666e-05, 0.000128955914988, -0.000192006962607, 7.54012944526e-05], [-0.000123591060401, 0.00110788829625, 0.000175960478373, 0.000178004236659, -0.000566220318433, 0.000280214240775, -0.00129607738927, 0.00146625691559, -0.000984731013887, 0.000163154545589, -0.000497778179124, 0.00032957692747, -0.00070967792999], [4.96273896715e-05, 0.000175960478373, 0.00126393896062, -7.24309575162e-05, -0.000281849614112, -0.00112914084457, -0.000252932717558, 0.000270346470643, -0.00033889192855, -0.000540574023034, 0.000281857035588, -0.000220932022785, -0.000530309218448], [-0.000183693991858, 0.000178004236659, -7.24309575162e-05, 0.00255751679651, -0.000424709083745, -0.00104034040123, -0.00147271994501, -0.000325577508193, 0.000313887110678, 0.000106157953269, -0.000100518693216, 0.00114989699796, -0.000383533508284], [0.00013212201884, -0.000566220318433, -0.000281849614112, -0.000424709083745, 0.00337350461632, -0.00104190257844, -0.000171830164618, -0.00034690607572, 0.000352103204932, 0.000747951387893, -0.000524026399944, 0.000645804626402, -0.000833618687466], [-0.000191597486264, 0.000280214240775, -0.00112914084457, -0.00104034040123, -0.00104190257844, 0.00633023865521, -0.000603421358392, -0.000751339830458, -0.000968909123912, -0.000871330674272, 0.00035367361852, -0.000554565922357, 0.000630397815257], [0.000296066747978, -0.00129607738927, -0.000252932717558, -0.00147271994501, -0.000171830164618, -0.000603421358392, 0.00645901216194, -0.00204210053198, 0.00106637331191, -0.00167588295881, 0.000203389645321, -0.00136723776814, 0.00187098595779], [-8.29935233924e-05, 0.00146625691559, 0.000270346470643, -0.000325577508193, -0.00034690607572, -0.000751339830458, -0.00204210053198, 0.0065716993995, -0.0014815798495, 0.000664598250296, -0.00104689982254, 0.000262786721578, 7.09842715878e-05], [0.000259436026681, -0.000984731013887, -0.00033889192855, 0.000313887110678, 0.000352103204932, -0.000968909123912, 0.00106637331191, -0.0014815798495, 0.00607778178528, -0.00167218514252, 0.0014141369611, -0.000809687830042, 0.000801802787464], [-8.513040666e-05, 0.000163154545589, -0.000540574023034, 0.000106157953269, 0.000747951387893, -0.000871330674272, -0.00167588295881, 0.000664598250296, -0.00167218514252, 0.00756636774167, -0.00111494795419, 0.000957697688136, -0.000578144274186], [0.000128955914988, -0.000497778179124, 0.000281857035588, -0.000100518693216, -0.000524026399944, 0.00035367361852, 0.000203389645321, -0.00104689982254, 0.0014141369611, -0.00111494795419, 0.00940172933042, -0.00114239414688, 0.000284120178549], [-0.000192006962607, 0.00032957692747, -0.000220932022785, 0.00114989699796, 0.000645804626402, -0.000554565922357, -0.00136723776814, 0.000262786721578, -0.000809687830042, 0.000957697688136, -0.00114239414688, 0.00991551764309, -0.00191057287157], [7.54012944526e-05, -0.00070967792999, -0.000530309218448, -0.000383533508284, -0.000833618687466, 0.000630397815257, 0.00187098595779, 7.09842715878e-05, 0.000801802787464, -0.000578144274186, 0.000284120178549, -0.00191057287157, 0.00684362882748]]}, "melbands": {"dmean": [0.000662244972773, 0.00121264904737, 0.000423086137744, 0.000419835239882, 0.000365960208001, 0.000331672810717, 0.000157361995662, 0.000126599436044, 0.000114298156404, 0.00014605918841, 0.000118577714602, 7.09573578206e-05, 6.36060212855e-05, 4.36515874753e-05, 6.70028384775e-05, 7.40427203709e-05, 6.06386056461e-05, 3.79011253244e-05, 3.14717763104e-05, 2.38096472458e-05, 1.26769800772e-05, 8.19937031338e-06, 6.82863037582e-06, 6.5689382609e-06, 7.1045351433e-06, 3.6095161704e-06, 2.09140466723e-06, 1.6439207684e-06, 1.27162479657e-06, 1.16741898637e-06, 1.02885155684e-06, 7.64990147673e-07, 9.73147280092e-07, 1.00589750218e-06, 2.3355649148e-07, 2.43822910306e-07, 3.60602712135e-07, 2.36866227965e-07, 2.54583397918e-07, 5.52524966224e-07], "dmean2": [0.00104637641925, 0.00189607066568, 0.000683350430336, 0.000675459683407, 0.000559581501875, 0.000526648422237, 0.000247422954999, 0.000188988400623, 0.000159504445037, 0.000202457798878, 0.0001659225818, 0.000106507919554, 9.28821173147e-05, 6.23011874268e-05, 9.58010277827e-05, 0.000105075225292, 9.00379454833e-05, 5.71187119931e-05, 5.00217065564e-05, 3.91241410398e-05, 2.07328303077e-05, 1.330615396e-05, 1.13188307296e-05, 1.04728724182e-05, 1.13215746751e-05, 5.72753833694e-06, 3.42569296663e-06, 2.61123409473e-06, 2.02264391191e-06, 1.79657035915e-06, 1.75382672296e-06, 1.34861488732e-06, 1.60923127623e-06, 1.36087805913e-06, 3.67265243995e-07, 4.09527729062e-07, 5.49796595806e-07, 3.49165105717e-07, 4.11940703771e-07, 8.64082096541e-07], "dvar": [3.68090809388e-06, 1.14205622594e-05, 1.00960028249e-06, 1.01264026853e-06, 5.2670623063e-07, 4.66152698664e-07, 9.62859871834e-08, 7.93965213575e-08, 5.70076075235e-08, 1.2018490736e-07, 4.82109392408e-08, 4.01385271687e-08, 2.3297189955e-08, 8.38396374547e-09, 2.61103298982e-08, 2.78424714395e-08, 1.50454617653e-08, 7.63524798941e-09, 6.69098643158e-09, 3.1096720754e-09, 7.96264887359e-10, 3.53651191665e-10, 1.6570207706e-10, 1.88124960054e-10, 2.86145829254e-10, 7.79655298655e-11, 2.80665195945e-11, 1.05234076661e-11, 1.34451174152e-11, 2.68531950148e-11, 2.7174783257e-11, 1.97281756903e-11, 2.58494007449e-11, 1.58487702129e-11, 8.02238755027e-13, 6.21494555039e-13, 2.34791808391e-12, 8.70737835133e-13, 6.7931169587e-13, 3.51665203034e-12], "dvar2": [9.23934749153e-06, 2.44154907705e-05, 2.56935504694e-06, 2.40867098e-06, 1.28185308768e-06, 1.18650143577e-06, 2.36017100974e-07, 1.81722214165e-07, 1.22575073647e-07, 2.43907578579e-07, 9.336217488e-08, 8.97644767406e-08, 4.78894079947e-08, 1.50544110511e-08, 4.95382863619e-08, 5.34603543656e-08, 3.27484528384e-08, 1.71914660285e-08, 1.58835540276e-08, 7.96644261669e-09, 2.04275463211e-09, 9.12224518146e-10, 4.43693165542e-10, 4.57415716415e-10, 6.44581554798e-10, 1.64506047673e-10, 7.173778932e-11, 2.49648374889e-11, 3.22295905242e-11, 5.20071451182e-11, 7.88396015139e-11, 5.75146631709e-11, 7.24220822201e-11, 2.26713422341e-11, 2.02204030429e-12, 1.62423384204e-12, 5.22115727389e-12, 1.84335207688e-12, 1.69725789412e-12, 8.73007829222e-12], "max": [0.04837654531, 0.0592769980431, 0.0269282348454, 0.0230267588049, 0.0139723904431, 0.0126787936315, 0.00437078392133, 0.00879462063313, 0.00531406514347, 0.00990223418921, 0.00482764327899, 0.00431674346328, 0.00333734741434, 0.00260411947966, 0.00348639162257, 0.00295880786143, 0.00241766194813, 0.00179590075277, 0.00206946558319, 0.0013189339079, 0.000528992968611, 0.000404150690883, 0.000205790624022, 0.000392568443203, 0.000339716381859, 0.00028852201649, 0.000197030283744, 7.44606295484e-05, 9.40944446484e-05, 0.000249875971349, 0.000143204029882, 8.11105346656e-05, 9.58131277002e-05, 7.56050649215e-05, 1.58653238032e-05, 1.28227256937e-05, 2.91799296974e-05, 1.69184131664e-05, 1.62271062436e-05, 2.05094565899e-05], "mean": [0.00153623346705, 0.00235654995777, 0.000730288913473, 0.000740806746762, 0.000800126173999, 0.000615672848653, 0.000296188984066, 0.000320013437886, 0.000291735224891, 0.00031913726707, 0.000236956111621, 0.000125912600197, 0.000124928948935, 8.46776529215e-05, 0.000117930481792, 0.000130006868858, 0.0001204519358, 7.02583638486e-05, 6.85047925799e-05, 4.49665312772e-05, 2.19181420107e-05, 1.41595737659e-05, 1.17606596177e-05, 1.23764548334e-05, 1.49942179632e-05, 6.80278526488e-06, 3.91891080653e-06, 3.15230113301e-06, 2.29059560297e-06, 2.27449640988e-06, 1.3608187146e-06, 8.89268392257e-07, 1.11463896246e-06, 1.3900768181e-06, 3.35149479724e-07, 3.19481927136e-07, 4.24218910666e-07, 2.8188932788e-07, 2.80784973938e-07, 5.45378725292e-07], "median": [0.000140115909744, 0.00048567581689, 0.000319100130582, 0.000304114539176, 0.000304186221911, 0.000236871797824, 0.000144731078763, 0.000130617976538, 0.000102602134575, 9.66466905084e-05, 9.30625392357e-05, 3.36220182362e-05, 3.63290710084e-05, 3.22077721648e-05, 3.76786993002e-05, 3.85543826269e-05, 4.08994383179e-05, 2.45523733611e-05, 1.51217400344e-05, 1.40608844958e-05, 8.84603105078e-06, 6.38218352833e-06, 5.36122661288e-06, 4.87882562084e-06, 4.2381525418e-06, 2.29969009524e-06, 1.62614355759e-06, 1.38035079544e-06, 8.47324827191e-07, 6.3079028223e-07, 3.67589564121e-07, 2.37670917613e-07, 1.63521903573e-07, 1.18434797969e-07, 5.67623956726e-08, 4.16468353137e-08, 3.47465913819e-08, 2.55609400313e-08, 2.38251942619e-08, 1.9115571348e-08], "min": [1.85296800205e-24, 2.27138416491e-24, 2.60708017604e-24, 2.0370593439e-24, 2.96211550669e-24, 3.44550777573e-24, 3.01022142798e-24, 3.88947317117e-24, 3.31374749418e-24, 3.00387030883e-24, 2.67580790747e-24, 2.87400861826e-24, 2.81383213904e-24, 2.5929617352e-24, 2.26713792387e-24, 2.22103176498e-24, 3.57980108966e-24, 3.44471378723e-24, 3.06273629287e-24, 5.02723897173e-24, 3.09165613087e-24, 2.09375122729e-24, 5.52868590031e-24, 2.81727492525e-24, 5.52268700756e-24, 5.55980646302e-24, 5.92309702583e-24, 5.27401241225e-24, 4.66043087814e-24, 5.82436477265e-24, 5.91792840918e-24, 6.11949302008e-24, 6.84277118509e-24, 6.21376978687e-24, 6.14812157119e-24, 6.0212411832e-24, 5.40371218912e-24, 7.15423634743e-24, 6.44974687704e-24, 5.41218889398e-24], "var": [1.19560927487e-05, 2.41676207224e-05, 1.54600331825e-06, 2.04327989195e-06, 1.82780979685e-06, 9.94137735688e-07, 1.94696255562e-07, 2.82551752662e-07, 2.25010467148e-07, 3.46603059143e-07, 1.43604609093e-07, 8.25442967312e-08, 7.26272375573e-08, 2.54175080983e-08, 5.80110324222e-08, 6.35351327105e-08, 4.24880681749e-08, 1.92668778709e-08, 2.7903370281e-08, 8.6770821639e-09, 1.48292800262e-09, 6.59733823127e-10, 3.07300906943e-10, 5.54895407401e-10, 1.13049902772e-09, 2.35853447883e-10, 5.55442913885e-11, 2.67442318291e-11, 2.24967579288e-11, 8.81599723779e-11, 1.79037427245e-11, 1.18062660343e-11, 1.81056974968e-11, 3.58792474897e-11, 9.99279868921e-13, 8.00918305201e-13, 2.90411856889e-12, 1.11383905571e-12, 6.59960259185e-13, 3.37711477706e-12]}, "mfcc": {"mean": [-695.319030762, 152.524414062, -26.089635849, 11.7143611908, -3.59039974213, 2.05250024796, -3.31695890427, -7.55476284027, -3.85908198357, -1.31054008007, 1.33162879944, -5.67036008835, -6.58854293823], "cov": [[16568.90625, 2199.23120117, -314.385009766, 693.53302002, 169.727584839, 153.129058838, 51.5290794373, 16.7301158905, 155.152114868, -162.932693481, -103.825309753, 79.3233947754, 319.589141846], [2199.23120117, 2377.68310547, -47.4123344421, 294.112823486, 35.5422325134, 341.420837402, 81.0263900757, -72.6979598999, 137.655014038, -31.9720592499, 49.5928688049, 144.433746338, 123.595603943], [-314.385009766, -47.4123344421, 1023.35852051, 150.375076294, 259.28427124, 329.547821045, 199.564758301, 105.491233826, 250.418884277, 77.3465270996, 101.626701355, 119.773880005, 93.226020813], [693.53302002, 294.112823486, 150.375076294, 388.410308838, 135.557067871, 178.489074707, 170.994110107, 95.1484832764, 108.194847107, 81.6709976196, 33.5446739197, 39.0037269592, 64.9574966431], [169.727584839, 35.5422325134, 259.28427124, 135.557067871, 371.668365479, 165.102355957, 138.826202393, 69.7080459595, 118.874137878, 84.4262542725, 34.1414031982, -44.6125602722, 25.9247436523], [153.129058838, 341.420837402, 329.547821045, 178.489074707, 165.102355957, 386.592346191, 149.844329834, 69.9399719238, 141.879302979, 99.5327529907, 67.765083313, 70.2799682617, 84.4114532471], [51.5290794373, 81.0263900757, 199.564758301, 170.994110107, 138.826202393, 149.844329834, 318.395507812, 100.074867249, 68.3881454468, 59.0188446045, 53.8523330688, 29.5591030121, 6.7832159996], [16.7301158905, -72.6979598999, 105.491233826, 95.1484832764, 69.7080459595, 69.9399719238, 100.074867249, 236.069732666, 65.8026351929, 59.0635147095, 62.0574150085, 47.3026733398, -5.47831296921], [155.152114868, 137.655014038, 250.418884277, 108.194847107, 118.874137878, 141.879302979, 68.3881454468, 65.8026351929, 227.360473633, 50.5879898071, 29.3622303009, 39.2129402161, 81.9600753784], [-162.932693481, -31.9720592499, 77.3465270996, 81.6709976196, 84.4262542725, 99.5327529907, 59.0188446045, 59.0635147095, 50.5879898071, 202.757797241, 48.3333511353, -19.3594074249, -1.79795098305], [-103.825309753, 49.5928688049, 101.626701355, 33.5446739197, 34.1414031982, 67.765083313, 53.8523330688, 62.0574150085, 29.3622303009, 48.3333511353, 227.582214355, 67.4679641724, -42.7439880371], [79.3233947754, 144.433746338, 119.773880005, 39.0037269592, -44.6125602722, 70.2799682617, 29.5591030121, 47.3026733398, 39.2129402161, -19.3594074249, 67.4679641724, 276.166320801, 44.1308288574], [319.589141846, 123.595603943, 93.226020813, 64.9574966431, 25.9247436523, 84.4114532471, 6.7832159996, -5.47831296921, 81.9600753784, -1.79795098305, -42.7439880371, 44.1308288574, 227.728652954]], "icov": [[7.62760537327e-05, -6.14715536358e-05, 2.32018173847e-05, -0.000130506508867, -5.26550647919e-05, 6.35890828562e-05, 4.43736644229e-05, -3.23841304635e-05, 1.01349260149e-05, 7.7182718087e-05, 1.20019603855e-05, 6.57476675769e-06, -6.76903509884e-05], [-6.14715536358e-05, 0.000676446943544, 0.000309642608045, -0.000291664560791, 0.000114274764201, -0.000759247748647, 1.30965099743e-05, 0.000470942788525, -0.000354361371137, 0.000343901745509, -0.000140844902489, -0.000206563709071, 9.8775344668e-05], [2.32018173847e-05, 0.000309642608045, 0.00190201227088, 0.000145505138789, -0.000552009267267, -0.00112844631076, -0.000371594476746, 0.000275332742603, -0.00131663749926, 0.000431863183621, -0.000253255770076, -0.000546546536498, 1.3708521692e-05], [-0.000130506508867, -0.000291664560791, 0.000145505138789, 0.00464068353176, -0.000368030974641, -0.000535214610863, -0.00157669757027, -0.000762938987464, -0.000493361148983, -0.000931160349865, 0.000248736090725, -0.000123259771499, -0.000532155565452], [-5.26550647919e-05, 0.000114274764201, -0.000552009267267, -0.000368030974641, 0.00451163342223, -0.000817428401206, -0.000827413983643, -0.000162758195074, -0.0010158669902, -0.000444677192718, -8.76562771737e-05, 0.00139813264832, 0.000227656419156], [6.35890828562e-05, -0.000759247748647, -0.00112844631076, -0.000535214610863, -0.000817428401206, 0.00601901905611, -0.000778921414167, -7.24470955902e-05, -0.000272532604868, -0.00168545590714, -0.000366512802429, -0.000441935728304, -0.0010774602415], [4.43736644229e-05, 1.30965099743e-05, -0.000371594476746, -0.00157669757027, -0.000827413983643, -0.000778921414167, 0.00511632952839, -0.00105566007551, 0.000600844505243, 0.000252119643847, -0.000175910055987, -4.23233796027e-05, 0.000498528708704], [-3.23841304635e-05, 0.000470942788525, 0.000275332742603, -0.000762938987464, -0.000162758195074, -7.24470955902e-05, -0.00105566007551, 0.00602366356179, -0.00131242803764, -0.000668824242894, -0.00076488382183, -0.000948633183725, 0.000623824307695], [1.01349260149e-05, -0.000354361371137, -0.00131663749926, -0.000493361148983, -0.0010158669902, -0.000272532604868, 0.000600844505243, -0.00131242803764, 0.00800168327987, -0.000572904711589, -8.20992063382e-05, 3.32036470354e-05, -0.0018811726477], [7.7182718087e-05, 0.000343901745509, 0.000431863183621, -0.000931160349865, -0.000444677192718, -0.00168545590714, 0.000252119643847, -0.000668824242894, -0.000572904711589, 0.0068679349497, -0.00100496516097, 0.000941630685702, 0.000334922864567], [1.20019603855e-05, -0.000140844902489, -0.000253255770076, 0.000248736090725, -8.76562771737e-05, -0.000366512802429, -0.000175910055987, -0.00076488382183, -8.20992063382e-05, -0.00100496516097, 0.00580651173368, -0.00135911325924, 0.00159985327628], [6.57476675769e-06, -0.000206563709071, -0.000546546536498, -0.000123259771499, 0.00139813264832, -0.000441935728304, -4.23233796027e-05, -0.000948633183725, 3.32036470354e-05, 0.000941630685702, -0.00135911325924, 0.00502215977758, -0.000887977133971], [-6.76903509884e-05, 9.8775344668e-05, 1.3708521692e-05, -0.000532155565452, 0.000227656419156, -0.0010774602415, 0.000498528708704, 0.000623824307695, -0.0018811726477, 0.000334922864567, 0.00159985327628, -0.000887977133971, 0.00610442645848]]}, "spectral_contrast_coeffs": {"dmean": [0.0482679493725, 0.0428335815668, 0.0371519774199, 0.0313283540308, 0.0227602105588, 0.0172895845026], "dmean2": [0.0801738873124, 0.0693566277623, 0.0586357414722, 0.0499071367085, 0.0372145101428, 0.0277585051954], "dvar": [0.00164792244323, 0.00131104770117, 0.00104313134216, 0.000780305650551, 0.000414980080677, 0.000340471713571], "dvar2": [0.0044369394891, 0.00330866267905, 0.00244745751843, 0.00190219306387, 0.0010540636722, 0.000828418589663], "max": [-0.312665730715, -0.365712612867, -0.479322999716, -0.484692066908, -0.550391614437, -0.517480671406], "mean": [-0.602629601955, -0.664079725742, -0.694970667362, -0.696788668633, -0.75858527422, -0.736589252949], "median": [-0.605478644371, -0.662383615971, -0.691384017467, -0.695361077785, -0.760464668274, -0.727276802063], "min": [-0.995878398418, -0.993410468102, -0.983941793442, -0.969620585442, -0.968206703663, -0.96488314867], "var": [0.0115865599364, 0.00751065369695, 0.00600653653964, 0.00553897768259, 0.00322454608977, 0.00333915371448]}, "spectral_contrast_valleys": {"dmean": [0.41622364521, 0.340993970633, 0.318180114031, 0.282891601324, 0.278643608093, 0.385397970676], "dmean2": [0.693853974342, 0.543323516846, 0.512874126434, 0.440207570791, 0.41993406415, 0.533618986607], "dvar": [0.158552855253, 0.122516967356, 0.127432450652, 0.136527135968, 0.181866586208, 0.347241044044], "dvar2": [0.360570281744, 0.233206614852, 0.2346072345