{"lowlevel": {"average_loudness": 0.474197506905, "barkbands_crest": {"dmean": 2.02333235741, "dmean2": 3.16289973259, "dvar": 4.91561317444, "dvar2": 11.6220254898, "max": 26.0988788605, "mean": 12.5844860077, "median": 11.7445363998, "min": 2.64778590202, "var": 18.4879970551}, "barkbands_flatness_db": {"dmean": 0.0270507335663, "dmean2": 0.0403305441141, "dvar": 0.000874089368153, "dvar2": 0.00183133990504, "max": 0.460666179657, "mean": 0.232747226954, "median": 0.239575430751, "min": 0.0297891572118, "var": 0.00478152418509}, "barkbands_kurtosis": {"dmean": 6.35211515427, "dmean2": 9.47031879425, "dvar": 126.413963318, "dvar2": 234.985458374, "max": 426.24407959, "mean": 17.9625797272, "median": 12.2531604767, "min": -1.77035450935, "var": 455.008636475}, "barkbands_skewness": {"dmean": 0.601802229881, "dmean2": 0.896134376526, "dvar": 0.518399059772, "dvar2": 1.06608605385, "max": 13.1677360535, "mean": 2.98584222794, "median": 2.80269169807, "min": -3.0804309845, "var": 2.59827160835}, "barkbands_spread": {"dmean": 3.15514302254, "dmean2": 4.96895885468, "dvar": 33.4942054749, "dvar2": 79.7667007446, "max": 79.6259841919, "mean": 8.76868247986, "median": 5.37326288223, "min": 0.185779765248, "var": 89.227935791}, "dissonance": {"dmean": 0.0245498381555, "dmean2": 0.0401746220887, "dvar": 0.000487634475576, "dvar2": 0.00121637922712, "max": 0.499999940395, "mean": 0.423179864883, "median": 0.426333010197, "min": 0.237156659365, "var": 0.00190179783385}, "dynamic_complexity": 4.54216098785, "erbbands_crest": {"dmean": 2.21592831612, "dmean2": 3.43278408051, "dvar": 6.08670377731, "dvar2": 14.14802742, "max": 30.4471263885, "mean": 12.3626623154, "median": 11.5775842667, "min": 2.48681688309, "var": 25.2228717804}, "erbbands_flatness_db": {"dmean": 0.0226932615042, "dmean2": 0.0333182103932, "dvar": 0.00059258431429, "dvar2": 0.00126610335428, "max": 0.370703071356, "mean": 0.20325088501, "median": 0.206690147519, "min": 0.0500739105046, "var": 0.00289042689838}, "erbbands_kurtosis": {"dmean": 1.61987555027, "dmean2": 2.43578648567, "dvar": 6.67002868652, "dvar2": 14.215968132, "max": 74.0517272949, "mean": 3.17515063286, "median": 1.75236034393, "min": -1.80008220673, "var": 23.5468959808}, "erbbands_skewness": {"dmean": 0.368499338627, "dmean2": 0.544816076756, "dvar": 0.187981531024, "dvar2": 0.393576443195, "max": 7.79840326309, "mean": 1.37016606331, "median": 1.35051262379, "min": -2.35993790627, "var": 1.05452013016}, "erbbands_spread": {"dmean": 7.24914216995, "dmean2": 11.1753921509, "dvar": 94.3236846924, "dvar2": 227.928100586, "max": 114.231956482, "mean": 28.6584739685, "median": 24.7613487244, "min": 2.53655123711, "var": 276.930908203}, "hfc": {"dmean": 4.04745388031, "dmean2": 5.73569536209, "dvar": 278.033874512, "dvar2": 606.81237793, "max": 635.847717285, "mean": 9.72012233734, "median": 5.26401424408, "min": 1.17390904965e-16, "var": 478.335571289}, "melbands_crest": {"dmean": 2.48304581642, "dmean2": 3.81960535049, "dvar": 7.30536222458, "dvar2": 16.9777107239, "max": 32.8870658875, "mean": 17.3091583252, "median": 16.6043567657, "min": 1.70628488064, "var": 31.4294223785}, "melbands_flatness_db": {"dmean": 0.0298725869507, "dmean2": 0.0440113060176, "dvar": 0.00111581431702, "dvar2": 0.0022957790643, "max": 0.552485823631, "mean": 0.30424746871, "median": 0.310824275017, "min": 0.00361006613821, "var": 0.00686733284965}, "melbands_kurtosis": {"dmean": 9.85679244995, "dmean2": 14.9130458832, "dvar": 279.555236816, "dvar2": 577.389038086, "max": 345.788635254, "mean": 27.2596569061, "median": 18.1366596222, "min": -1.75369751453, "var": 925.222167969}, "melbands_skewness": {"dmean": 0.719735324383, "dmean2": 1.08472073078, "dvar": 0.786724925041, "dvar2": 1.66345345974, "max": 15.3251972198, "mean": 3.44326138496, "median": 3.07174396515, "min": -2.66900086403, "var": 3.3974571228}, "melbands_spread": {"dmean": 3.21359705925, "dmean2": 5.02573299408, "dvar": 59.7985534668, "dvar2": 136.649581909, "max": 150.489929199, "mean": 9.62495231628, "median": 5.53571414948, "min": 0.318176597357, "var": 199.89982605}, "pitch_salience": {"dmean": 0.0560530759394, "dmean2": 0.088362775743, "dvar": 0.00405113911256, "dvar2": 0.00940833799541, "max": 0.929305613041, "mean": 0.477464318275, "median": 0.480723798275, "min": 0.0765235722065, "var": 0.0149769922718}, "silence_rate_20dB": {"dmean": 0.000286615075311, "dmean2": 0.000573312339839, "dvar": 0.000286550231976, "dvar2": 0.000572941440623, "max": 1, "mean": 0.999713420868, "median": 1, "min": 0, "var": 0.000286509195575}, "silence_rate_30dB": {"dmean": 0.0103181423619, "dmean2": 0.0206392426044, "dvar": 0.010211924091, "dvar2": 0.0225072037429, "max": 1, "mean": 0.985527992249, "median": 1, "min": 0, "var": 0.0142611078918}, "silence_rate_60dB": {"dmean": 0.0412725694478, "dmean2": 0.0825569704175, "dvar": 0.0395717769861, "dvar2": 0.0823321640491, "max": 1, "mean": 0.125376135111, "median": 0, "min": 0, "var": 0.10965975374}, "spectral_centroid": {"dmean": 140.32611084, "dmean2": 214.442779541, "dvar": 74329.1875, "dvar2": 149314.828125, "max": 11034.3554688, "mean": 652.630981445, "median": 458.380462646, "min": 174.073135376, "var": 318226.78125}, "spectral_complexity": {"dmean": 1.60848379135, "dmean2": 2.50107502937, "dvar": 6.10357570648, "dvar2": 12.4554605484, "max": 49, "mean": 8.01246643066, "median": 8, "min": 0, "var": 22.2613449097}, "spectral_decrease": {"dmean": 1.8037026317e-09, "dmean2": 2.51776599569e-09, "dvar": 1.47424645175e-17, "dvar2": 2.65991291428e-17, "max": 5.48826395495e-17, "mean": -5.79770231823e-09, "median": -4.0288496983e-09, "min": -9.492073616e-08, "var": 4.53414850693e-17}, "spectral_energy": {"dmean": 0.00713763479143, "dmean2": 0.00995597243309, "dvar": 0.00023757595045, "dvar2": 0.000433100707596, "max": 0.36618360877, "mean": 0.022763505578, "median": 0.0157876126468, "min": 1.06647895544e-20, "var": 0.000712124397978}, "spectral_energyband_high": {"dmean": 0.000151298605488, "dmean2": 0.00024859563564, "dvar": 9.42720191688e-07, "dvar2": 2.4109624519e-06, "max": 0.0444179177284, "mean": 0.000163008618983, "median": 1.98888101295e-05, "min": 7.88566706804e-21, "var": 1.09597351639e-06}, "spectral_energyband_low": {"dmean": 0.00179814430885, "dmean2": 0.00274411938153, "dvar": 2.06574659387e-05, "dvar2": 5.21707734151e-05, "max": 0.111703887582, "mean": 0.00534288072959, "median": 0.00288521498442, "min": 3.25856919821e-23, "var": 5.21546353411e-05}, "spectral_energyband_middle_high": {"dmean": 0.000792700098827, "dmean2": 0.00112829043064, "dvar": 1.87148143596e-05, "dvar2": 3.90708482882e-05, "max": 0.19679069519, "mean": 0.00160646135919, "median": 0.000515717139933, "min": 1.57807915812e-21, "var": 3.58456418326e-05}, "spectral_energyband_middle_low": {"dmean": 0.00549983931705, "dmean2": 0.00756065081805, "dvar": 0.000158983748406, "dvar2": 0.000272856355878, "max": 0.357626706362, "mean": 0.0178881585598, "median": 0.011909654364, "min": 2.87404923671e-22, "var": 0.000502552080434}, "spectral_entropy": {"dmean": 0.27958586812, "dmean2": 0.430702596903, "dvar": 0.102405034006, "dvar2": 0.224802061915, "max": 9.80080318451, "mean": 6.59629392624, "median": 6.46595191956, "min": 4.24675655365, "var": 0.488588303328}, "spectral_flux": {"dmean": 0.0246845390648, "dmean2": 0.0398154892027, "dvar": 0.00137945718598, "dvar2": 0.00338047300465, "max": 0.445219039917, "mean": 0.0446875430644, "median": 0.0304665956646, "min": 1.03270468566e-10, "var": 0.00202624872327}, "spectral_kurtosis": {"dmean": 4.15991830826, "dmean2": 6.8507976532, "dvar": 20.5252952576, "dvar2": 53.8999938965, "max": 65.0823669434, "mean": 10.7782754898, "median": 8.60914897919, "min": -1.19058585167, "var": 59.5651817322}, "spectral_rms": {"dmean": 0.000663068611175, "dmean2": 0.000899173959624, "dvar": 1.07134246718e-06, "dvar2": 1.88742876617e-06, "max": 0.0189011190087, "mean": 0.00412538321689, "median": 0.00392460823059, "min": 3.22562744744e-12, "var": 5.18949536854e-06}, "spectral_rolloff": {"dmean": 192.35597229, "dmean2": 326.143280029, "dvar": 347626.90625, "dvar2": 775927.8125, "max": 18992.2851562, "mean": 703.908874512, "median": 387.59765625, "min": 107.666015625, "var": 1742209.125}, "spectral_skewness": {"dmean": 0.407184779644, "dmean2": 0.655028820038, "dvar": 0.153886258602, "dvar2": 0.384854674339, "max": 6.43462276459, "mean": 2.41760015488, "median": 2.32550644875, "min": -0.00595810636878, "var": 0.643208920956}, "spectral_spread": {"dmean": 657000.4375, "dmean2": 1031903.75, "dvar": 794757758976, "dvar2": 1643971870720.0, "max": 40786056, "mean": 3664495.5, "median": 3452115.25, "min": 1076675.625, "var": 1908598636540.0}, "spectral_strongpeak": {"dmean": 0.308598637581, "dmean2": 0.482713848352, "dvar": 0.670952618122, "dvar2": 1.34666788578, "max": 32.9582023621, "mean": 0.882129907608, "median": 0.614604890347, "min": 0, "var": 1.74088144302}, "zerocrossingrate": {"dmean": 0.0063024526462, "dmean2": 0.00762746110559, "dvar": 9.97681199806e-05, "dvar2": 0.000119320116937, "max": 0.49853515625, "mean": 0.0315090790391, "median": 0.0234375, "min": 0.00537109375, "var": 0.000955649302341}, "barkbands": {"dmean": [2.90125488078e-08, 0.000215475723962, 0.00132463662885, 0.000935671560001, 0.00294653931633, 0.0012925445335, 0.00100418773945, 0.000516617728863, 0.000125918362755, 0.000125823775306, 5.10582358402e-05, 9.13713156478e-05, 5.12721890118e-05, 7.06831560819e-05, 0.000109554901428, 0.000132832370582, 9.79911055765e-05, 0.000180179151357, 5.70002230234e-05, 5.84634872212e-05, 3.34847500199e-05, 3.13872296829e-05, 2.04575462703e-05, 2.08928395296e-05, 2.09666359297e-05, 1.42928047353e-05, 2.34829280998e-06], "dmean2": [4.94881966517e-08, 0.000322987907566, 0.00205552298576, 0.00129603955429, 0.00434045726433, 0.00184516503941, 0.001385637559, 0.000732437125407, 0.000166458266904, 0.000176008761628, 7.59370159358e-05, 0.000140590491355, 8.00393900136e-05, 0.000112218534923, 0.000163815057022, 0.000226289528655, 0.000136958668008, 0.000261679815594, 8.64641042426e-05, 8.92940661288e-05, 5.57666789973e-05, 5.31819423486e-05, 3.35455042659e-05, 3.68882174371e-05, 3.71196474589e-05, 2.62589383055e-05, 4.45175510322e-06], "dvar": [3.19696132326e-15, 3.20405206367e-07, 1.37440310937e-05, 3.7870563574e-06, 8.05394302006e-05, 1.71937081177e-05, 2.90634307021e-05, 1.10364389911e-05, 1.95997174046e-07, 6.01831857239e-07, 8.00782160582e-08, 8.624487009e-07, 7.49501282371e-07, 3.69117117316e-07, 5.27053487076e-07, 2.17581987272e-06, 2.92204026664e-06, 3.52806205228e-06, 2.03862086323e-07, 1.34425519605e-07, 8.48269365861e-08, 8.98939944705e-08, 1.75464709429e-08, 4.25205186616e-08, 6.51932694495e-08, 2.16759907801e-08, 6.7410271809e-10], "dvar2": [8.59592836499e-15, 8.13867416127e-07, 3.63014842151e-05, 7.56674535296e-06, 0.000126425293274, 3.21113184327e-05, 5.75104895688e-05, 2.2772961529e-05, 3.7176744172e-07, 1.11444285267e-06, 1.87226078197e-07, 2.61277386926e-06, 1.47932178152e-06, 9.10894414119e-07, 1.3381043118e-06, 6.21842036708e-06, 5.89043202126e-06, 6.89548051014e-06, 4.26462747782e-07, 2.6335769121e-07, 2.4077235139e-07, 2.57769613654e-07, 4.3255745652e-08, 1.17823127255e-07, 1.86787161738e-07, 6.34332621985e-08, 2.00897720681e-09], "max": [1.20078402688e-06, 0.017271604389, 0.0995723158121, 0.0417016521096, 0.341213017702, 0.196735650301, 0.177385941148, 0.137916058302, 0.0168163590133, 0.0431467667222, 0.0135764721781, 0.0558128580451, 0.0667006745934, 0.0190433841199, 0.0342521183193, 0.0721057131886, 0.138286024332, 0.095828384161, 0.0197494458407, 0.0173713229597, 0.0144972717389, 0.0151377487928, 0.00770625239238, 0.0108071994036, 0.0131169660017, 0.00725136371329, 0.00115907087456], "mean": [3.32497407385e-08, 0.000358107034117, 0.00277413916774, 0.00383738870732, 0.00628033420071, 0.00442256312817, 0.00191203865688, 0.00101416686084, 0.000375130824978, 0.000305247114738, 0.000128404484713, 0.000164344790392, 9.05863780645e-05, 0.00011292975978, 0.00019789468206, 0.000130209315103, 0.000125948048662, 0.000263296707999, 6.51621594443e-05, 7.31043473934e-05, 3.36245029757e-05, 3.17357516906e-05, 2.10920206882e-05, 1.86252364074e-05, 1.57007707458e-05, 1.02039221019e-05, 1.54271344854e-06], "median": [1.64963473992e-08, 6.35046962998e-05, 0.0011073689675, 0.00227823038585, 0.0028809607029, 0.00188412202988, 0.000167841062648, 0.000159829607583, 5.78609324293e-05, 4.10825014114e-05, 1.96215896722e-05, 3.48292487615e-05, 1.88112353499e-05, 2.07282846532e-05, 4.13308480347e-05, 1.37993720273e-05, 9.93184039544e-06, 1.33626044772e-05, 7.51536708776e-06, 8.64440607984e-06, 3.82548296329e-06, 3.88893204217e-06, 2.02458409149e-06, 1.19250910302e-06, 8.20060506612e-07, 6.23682410605e-07, 1.39778691732e-07], "min": [8.26154600338e-25, 1.23670292091e-23, 1.85608274045e-23, 2.36418162028e-24, 1.31966174252e-23, 7.51949409268e-23, 5.02015050429e-23, 2.62394085515e-23, 8.53190492558e-23, 8.69661214061e-23, 1.51502440787e-22, 8.83808645536e-23, 7.6852375554e-23, 2.34482126184e-22, 1.71992768323e-22, 1.51688826531e-22, 1.6569374555e-22, 1.59890682782e-22, 2.30265872905e-22, 1.99497962573e-22, 4.4230913463e-22, 6.35761153629e-22, 7.60495082656e-22, 6.62862274391e-22, 1.27878083733e-21, 1.66808169981e-21, 2.52505424399e-21], "var": [3.2535357126e-15, 6.05638376783e-07, 2.63578913291e-05, 2.1583524358e-05, 0.000205456934054, 7.611070032e-05, 6.17358600721e-05, 1.70205930772e-05, 7.13391955287e-07, 1.75307991412e-06, 2.36635912643e-07, 7.54383847834e-07, 1.2577944517e-06, 4.33485780604e-07, 6.80511561768e-07, 1.38624204737e-06, 4.73864793094e-06, 7.23017456039e-06, 2.7035491712e-07, 2.25941718668e-07, 5.60696058471e-08, 6.85429242253e-08, 1.91195894672e-08, 3.75669308994e-08, 4.14741165855e-08, 1.23110455164e-08, 3.48054141064e-10]}, "erbbands": {"dmean": [0.0011979037663, 0.0847634524107, 1.17382836342, 2.35707902908, 7.2977232933, 8.93251895905, 10.1169691086, 12.3108158112, 12.186217308, 14.1551322937, 10.0809583664, 2.56658959389, 4.11073875427, 2.98435139656, 2.26046395302, 3.12617707253, 2.42169523239, 3.11572194099, 4.55856847763, 6.69844532013, 7.03596115112, 4.79758930206, 8.61385250092, 5.65347766876, 2.4249651432, 2.85558485985, 1.68339979649, 1.30331146717, 1.18087399006, 0.713034152985, 0.526476085186, 0.482353448868, 0.342832833529, 0.271922796965, 0.123682200909, 0.0766150280833, 0.0211391206831, 0.00414099730551, 0.00041197927203, 2.02820865525e-05], "dmean2": [0.00185951008461, 0.127769753337, 1.79683804512, 3.4465508461, 10.6409711838, 13.3598947525, 14.6768846512, 17.6300811768, 16.7279090881, 19.7095088959, 14.1514253616, 3.36633062363, 5.48380804062, 4.20357704163, 3.4259519577, 4.92346096039, 3.70499777794, 4.840965271, 6.87029743195, 10.5992689133, 11.129281044, 6.84884262085, 12.5125665665, 8.34087181091, 3.73278856277, 4.33517742157, 2.799877882, 2.13709878922, 1.99453496933, 1.15010476112, 0.870769381523, 0.843080163002, 0.607009828091, 0.496743112803, 0.213767543435, 0.139027476311, 0.038682192564, 0.00775873335078, 0.000776476517785, 3.40667138516e-05], "dvar": [9.6966377896e-06, 0.0498619489372, 10.8775882721, 24.5198860168, 711.94732666, 636.778015137, 1090.78295898, 1295.73425293, 5219.82128906, 3924.08862305, 4258.02050781, 72.0824356079, 432.822906494, 207.684143066, 162.081726074, 1407.61364746, 1742.03161621, 645.481079102, 876.781005859, 3421.46313477, 5052.90283203, 3195.79370117, 7408.30859375, 2231.87939453, 320.632659912, 389.340362549, 204.480331421, 112.793510437, 133.911499023, 19.6022186279, 11.5413274765, 20.0629196167, 11.6721973419, 18.1608848572, 1.22931611538, 0.660313367844, 0.0293853245676, 0.0017946731532, 2.004648195e-05, 2.48498679412e-08], "dvar2": [2.48182750511e-05, 0.126470789313, 28.6600952148, 53.7054786682, 1125.70483398, 1093.06982422, 2077.68164062, 2656.46801758, 10430.0732422, 8031.83544922, 8631.49609375, 136.428070068, 783.59564209, 466.648620605, 436.998931885, 4090.99072266, 3459.48803711, 1595.91369629, 2056.81616211, 9293.07226562, 12610.3222656, 6513.61621094, 14374.8662109, 4730.67431641, 740.070678711, 785.860473633, 564.476806641, 306.722442627, 388.200592041, 43.6132698059, 29.4012966156, 53.5521087646, 32.2263832092, 53.3287658691, 2.96833109856, 1.90226686001, 0.086169436574, 0.00534004019573, 5.97369980824e-05, 7.34504652655e-08], "max": [0.0940028429031, 6.20624160767, 88.7202987671, 81.5876159668, 1044.3416748, 794.905517578, 1691.02734375, 960.379272461, 3191.52392578, 2138.85180664, 2396.55322266, 258.394378662, 1176.9128418, 558.960327148, 532.63104248, 2413.01928711, 3257.62524414, 1034.1418457, 1249.28662109, 2352.796875, 3791.95629883, 4251.09814453, 4433.34033203, 1884.47680664, 913.271728516, 1039.59472656, 768.022094727, 434.898223877, 558.025268555, 226.653717041, 191.280548096, 229.734207153, 155.344497681, 231.688232422, 59.5605125427, 40.0933113098, 6.90414619446, 1.65131473541, 0.22590482235, 0.00810315366834], "mean": [0.00227699405514, 0.146410509944, 2.28061652184, 9.76139831543, 15.4847269058, 19.3366889954, 34.7965660095, 37.2596282959, 27.7481994629, 25.8828029633, 20.1723880768, 7.47587537766, 11.4855175018, 7.93559360504, 5.11571455002, 5.60728502274, 4.33044338226, 5.84541940689, 7.85006570816, 9.83175182343, 8.181599617, 6.23519420624, 12.6418762207, 7.43621397018, 3.11369824409, 3.43592071533, 1.64120733738, 1.36925649643, 1.19129896164, 0.727210760117, 0.544398665428, 0.468739300966, 0.277154892683, 0.192619994283, 0.0971301645041, 0.0555572398007, 0.0154805108905, 0.00275791552849, 0.000285608228296, 3.59193691111e-05], "median": [0.000784306088462, 0.0436209961772, 1.07216751575, 5.44551706314, 5.40932559967, 7.39203739166, 16.3767375946, 13.3371143341, 5.53110742569, 4.49647855759, 3.67756080627, 2.22572851181, 2.40179181099, 1.99451196194, 1.69309079647, 1.39265835285, 1.03104364872, 1.1249383688, 2.04365110397, 1.6439050436, 0.976465582848, 0.711896777153, 0.777290701866, 0.527330219746, 0.481245875359, 0.393276870251, 0.190453991294, 0.155156180263, 0.142844840884, 0.0889308899641, 0.052021805197, 0.0287670586258, 0.0181552767754, 0.00981017760932, 0.00546652590856, 0.00300779589452, 0.00108637684025, 0.000201514470973, 3.47401473846e-05, 2.10675807466e-05], "min": [4.1716592877e-22, 2.80649618701e-21, 1.73891103905e-20, 1.52182637302e-20, 2.44690235704e-20, 4.24571516649e-20, 1.08071321513e-19, 8.59471158728e-19, 6.97411639176e-19, 9.7642136585e-19, 8.66941478538e-19, 1.63050089014e-18, 2.57622796161e-18, 2.7839466619e-18, 6.84126839365e-18, 3.90748664919e-18, 3.52721724593e-18, 8.29170312798e-18, 1.48392595385e-17, 5.20245071944e-18, 9.38958025036e-18, 1.03455619833e-17, 8.46999363721e-18, 1.04165870194e-17, 1.13796014419e-17, 1.2040838043e-17, 1.68302071723e-17, 1.76924503166e-17, 2.28500951438e-17, 1.79011645288e-17, 1.8870186764e-17, 1.92310807022e-17, 1.02752863728e-17, 1.23211546634e-17, 1.0063706807e-17, 6.11739478139e-18, 3.11990648128e-18, 1.49776662937e-18, 3.27471162686e-19, 3.66162031775e-20], "var": [1.82608164323e-05, 0.081520088017, 17.7149085999, 128.111358643, 1885.14331055, 1598.04833984, 5201.05175781, 4748.19726562, 11929.2607422, 7419.63330078, 6874.90527344, 222.213043213, 1389.74108887, 510.133575439, 271.840454102, 1298.23669434, 2809.76879883, 1164.2043457, 1345.69812012, 2857.13012695, 5468.47216797, 5094.25927734, 15623.9433594, 3557.28320312, 383.230987549, 598.86730957, 150.050201416, 83.9262771606, 92.2916259766, 23.5157032013, 11.9319591522, 22.4046020508, 8.26987171173, 9.99646186829, 1.26327967644, 0.405266433954, 0.017400983721, 0.000938961456995, 1.03847778519e-05, 1.44098928345e-08]}, "gfcc": {"mean": [-89.4507064819, 117.940338135, -98.372543335, 18.6963272095, -56.9374656677, -14.0508995056, -47.832698822, -10.8811511993, -28.8403892517, -8.21786689758, -22.02983284, -6.06446123123, -14.9738893509], "cov": [[7105.67675781, 474.118225098, -278.17980957, 52.1278915405, -482.304779053, -85.0484924316, -240.210281372, -49.4086914062, -55.8425178528, -14.7704372406, -106.45615387, -75.8654632568, 42.9647521973], [474.118225098, 1757.47680664, 146.753753662, -207.871170044, 72.0338134766, -298.424621582, 18.7278423309, -320.473602295, 8.88959693909, -237.676956177, 6.03034591675, -148.65032959, 73.9752960205], [-278.17980957, 146.753753662, 562.937011719, 116.961433411, 114.006034851, 49.0997924805, -11.1808023453, -30.9752998352, -71.1427230835, -36.6585884094, -37.4423980713, -15.3098669052, -14.2511510849], [52.1278915405, -207.871170044, 116.961433411, 362.37588501, 133.445175171, 131.596130371, 53.6210517883, 59.0438423157, 12.8316955566, 15.7752180099, -17.7765045166, -1.09940755367, -36.010433197], [-482.304779053, 72.0338134766, 114.006034851, 133.445175171, 333.091674805, 88.2152328491, 35.8695106506, 23.4993457794, 18.3765563965, -11.3754940033, -30.024269104, -24.8148593903, -23.4908103943], [-85.0484924316, -298.424621582, 49.0997924805, 131.596130371, 88.2152328491, 284.722869873, 73.8371429443, 64.5828933716, 5.6636967659, 48.1753463745, -18.9667816162, 13.9664402008, -16.0873432159], [-240.210281372, 18.7278423309, -11.1808023453, 53.6210517883, 35.8695106506, 73.8371429443, 146.490509033, 54.4810333252, 23.3317241669, 4.82207345963, 14.6001853943, -4.63519287109, -19.8163452148], [-49.4086914062, -320.473602295, -30.9752998352, 59.0438423157, 23.4993457794, 64.5828933716, 54.4810333252, 209.481842041, 65.5842895508, 75.1006317139, 15.2085170746, 31.9278488159, -35.6471595764], [-55.8425178528, 8.88959693909, -71.1427230835, 12.8316955566, 18.3765563965, 5.6636967659, 23.3317241669, 65.5842895508, 132.870071411, 50.3813743591, 14.363319397, 8.848487854, 10.7313079834], [-14.7704372406, -237.676956177, -36.6585884094, 15.7752180099, -11.3754940033, 48.1753463745, 4.82207345963, 75.1006317139, 50.3813743591, 127.199165344, 25.7605495453, 16.779378891, -9.02963066101], [-106.45615387, 6.03034591675, -37.4423980713, -17.7765045166, -30.024269104, -18.9667816162, 14.6001853943, 15.2085170746, 14.363319397, 25.7605495453, 87.9914093018, 27.5295982361, -8.27842235565], [-75.8654632568, -148.65032959, -15.3098669052, -1.09940755367, -24.8148593903, 13.9664402008, -4.63519287109, 31.9278488159, 8.848487854, 16.779378891, 27.5295982361, 101.631324768, 36.9665908813], [42.9647521973, 73.9752960205, -14.2511510849, -36.010433197, -23.4908103943, -16.0873432159, -19.8163452148, -35.6471595764, 10.7313079834, -9.02963066101, -8.27842235565, 36.9665908813, 112.074661255]], "icov": [[0.00025199574884, -0.000424642988946, 0.000298009370454, -0.000446030695457, 0.000589857518207, -0.000362021673936, 0.000801372458227, -0.000604751170613, 0.000521125155501, -0.000398625939852, 0.000550355762243, -0.000138995295856, 0.000103758597106], [-0.000424642988946, 0.00267768534832, -0.00126133835874, 0.00157004757784, -0.00165935279801, 0.00190785422456, -0.00290566845797, 0.00313751446083, -0.00302667729557, 0.00304664694704, -0.00245454907417, 0.00255321385339, -0.00133849971462], [0.000298009370454, -0.00126133835874, 0.00284564658068, -0.00140764284879, 0.000369716522982, -0.000973630289081, 0.00183780642692, -0.00147209246643, 0.0026143535506, -0.00130182236899, 0.0015807854943, -0.00107542355545, 0.000538597640116], [-0.000446030695457, 0.00157004757784, -0.00140764284879, 0.00506316265091, -0.00223614438437, 8.59129522723e-06, -0.00247124722227, 0.00157975021284, -0.00220124190673, 0.0018390052719, -0.00126540393103, 0.00081655284157, 0.000176702887984], [0.000589857518207, -0.00165935279801, 0.000369716522982, -0.00223614438437, 0.00562016712502, -0.00208536791615, 0.00230780802667, -0.00219997833483, 0.000766075972933, -0.000796545937192, 0.00232546264306, -0.000412437861087, 0.000954899587668], [-0.000362021673936, 0.00190785422456, -0.000973630289081, 8.59129522723e-06, -0.00208536791615, 0.00700800586492, -0.00475445901975, 0.00224621035159, -0.000855540449265, -0.000584223656915, 0.000330788781866, 0.000374226481654, -0.000863061985001], [0.000801372458227, -0.00290566845797, 0.00183780642692, -0.00247124722227, 0.00230780802667, -0.00475445901975, 0.0134047046304, -0.00592780625448, 0.00223536440171, -0.000250153476372, -7.96497988631e-05, -0.000274594378425, 0.00118679658044], [-0.000604751170613, 0.00313751446083, -0.00147209246643, 0.00157975021284, -0.00219997833483, 0.00224621035159, -0.00592780625448, 0.0124057522044, -0.00626250403002, 1.7396558178e-05, -0.00116187904496, -0.000979521893896, 0.00207865517586], [0.000521125155501, -0.00302667729557, 0.0026143535506, -0.00220124190673, 0.000766075972933, -0.000855540449265, 0.00223536440171, -0.00626250403002, 0.0147224050015, -0.00673923501745, 0.00221555749886, -0.00154900690541, -0.00141381460708], [-0.000398625939852, 0.00304664694704, -0.00130182236899, 0.0018390052719, -0.000796545937192, -0.000584223656915, -0.000250153476372, 1.7396558178e-05, -0.00673923501745, 0.0163650587201, -0.00632502604276, 0.0040130247362, -0.0015493578976], [0.000550355762243, -0.00245454907417, 0.0015807854943, -0.00126540393103, 0.00232546264306, 0.000330788781866, -7.96497988631e-05, -0.00116187904496, 0.00221555749886, -0.00632502604276, 0.018034664914, -0.00774950254709, 0.00452132197097], [-0.000138995295856, 0.00255321385339, -0.00107542355545, 0.00081655284157, -0.000412437861087, 0.000374226481654, -0.000274594378425, -0.000979521893896, -0.00154900690541, 0.0040130247362, -0.00774950254709, 0.0179073996842, -0.00790652818978], [0.000103758597106, -0.00133849971462, 0.000538597640116, 0.000176702887984, 0.000954899587668, -0.000863061985001, 0.00118679658044, 0.00207865517586, -0.00141381460708, -0.0015493578976, 0.00452132197097, -0.00790652818978, 0.0137912407517]]}, "melbands": {"dmean": [3.07878908643e-05, 0.000444029836217, 0.000510110403411, 0.000648709421512, 0.000355336203938, 0.000259599590208, 0.000196288048755, 0.000150053674588, 6.89420194249e-05, 1.58345264936e-05, 2.15301606659e-05, 1.35644340844e-05, 6.92768753652e-06, 1.14971735456e-05, 5.35831031812e-06, 5.74071509618e-06, 6.00421481067e-06, 7.08602419763e-06, 8.75114437804e-06, 1.05102453745e-05, 7.97517714091e-06, 5.8318369156e-06, 3.80272081202e-06, 1.12627012641e-05, 3.93657865061e-06, 2.11859219235e-06, 1.83287784239e-06, 1.96421183318e-06, 1.14817123631e-06, 8.078102951e-07, 8.04300327673e-07, 8.26085340577e-07, 4.25934530313e-07, 4.12282219031e-07, 2.83433905679e-07, 3.43404309433e-07, 2.87448159497e-07, 2.6476445214e-07, 2.02017247375e-07, 2.51720734923e-07], "dmean2": [4.66165147373e-05, 0.000681423465721, 0.000741375493817, 0.000951620866545, 0.000521310837939, 0.000371199217625, 0.000269488926278, 0.000209893813008, 9.65155122685e-05, 2.06035310839e-05, 2.87388775178e-05, 1.90684459085e-05, 1.04161154013e-05, 1.78990521817e-05, 7.90190279076e-06, 9.03450836631e-06, 9.37492040975e-06, 1.09093816718e-05, 1.32064506033e-05, 1.79751405085e-05, 1.21204302559e-05, 8.12203961686e-06, 6.19049296802e-06, 1.58687580551e-05, 6.02182672083e-06, 3.26039980791e-06, 2.8024940093e-06, 3.0627650176e-06, 1.91047047338e-06, 1.36663243211e-06, 1.34036793042e-06, 1.43534509789e-06, 6.76456636484e-07, 6.74262082612e-07, 4.74093951652e-07, 5.70577924464e-07, 5.00087026012e-07, 4.68770224415e-07, 3.58152504987e-07, 4.67391572556e-07], "dvar": [6.62993793199e-09, 1.50410357946e-06, 1.17080730888e-06, 5.62645891478e-06, 9.19849128422e-07, 6.00847442911e-07, 1.15243392429e-06, 4.42034775006e-07, 2.04488472377e-07, 2.72134359491e-09, 1.25645769344e-08, 4.6267607523e-09, 1.14210896296e-09, 1.75724910179e-08, 3.46068174117e-09, 7.70758390445e-09, 2.82105871996e-09, 2.58112820006e-09, 3.47119377686e-09, 1.53785375545e-08, 9.69485203228e-09, 7.78877407015e-09, 1.59688406942e-09, 1.83872579385e-08, 1.00998143182e-09, 3.45322631601e-10, 1.81552523015e-10, 2.04796749004e-10, 9.23444862244e-11, 5.29840268881e-11, 5.49537082506e-11, 1.00645360102e-10, 1.07966656449e-11, 7.65786739576e-12, 2.49519285442e-12, 1.00079397894e-11, 9.66938421693e-12, 8.19767604493e-12, 4.72903747412e-12, 2.55313808289e-11], "dvar2": [1.69096594504e-08, 3.94203107135e-06, 2.3510669962e-06, 8.66858863446e-06, 1.8067196379e-06, 1.21219181892e-06, 2.27774262385e-06, 9.13917062917e-07, 4.12834396002e-07, 4.8181485468e-09, 2.26887824084e-08, 9.92441151482e-09, 2.60037302802e-09, 5.39030651225e-08, 7.81884512691e-09, 1.36035565035e-08, 6.84394452222e-09, 6.14577855274e-09, 8.97845975345e-09, 4.38615508358e-08, 2.11396695704e-08, 1.56575090671e-08, 4.19214263303e-09, 3.37289627339e-08, 2.36997244052e-09, 7.52939377513e-10, 4.05930844494e-10, 4.53469678474e-10, 2.47878717552e-10, 1.5279146004e-10, 1.52145435139e-10, 2.97793872894e-10, 2.46961253531e-11, 1.8223214604e-11, 6.53372798573e-12, 2.51679371788e-11, 2.55039531161e-11, 2.27159957511e-11, 1.28462388296e-11, 7.58512558319e-11], "max": [0.00252743018791, 0.0326116010547, 0.02521853894, 0.0912841483951, 0.0464265681803, 0.0222296249121, 0.0419838689268, 0.0194504428655, 0.0157530605793, 0.00192255084403, 0.00636973418295, 0.00254647317342, 0.00173512776382, 0.0079294135794, 0.00413037836552, 0.0069596148096, 0.00193919299636, 0.00192154897377, 0.00278063165024, 0.00589384511113, 0.00716954050586, 0.00698496680707, 0.00160566694103, 0.00739274919033, 0.00115608808119, 0.000752251246013, 0.000794148189016, 0.000676651368849, 0.000496991153341, 0.000356304168236, 0.000320415740134, 0.000491301645525, 0.000198764028028, 0.000151921500219, 7.5980060501e-05, 0.000180169008672, 0.000190892795217, 0.000139559066156, 8.49581410876e-05, 0.000288021255983], "mean": [5.20678913745e-05, 0.000857815844938, 0.00181930430699, 0.00124178244732, 0.00114760512952, 0.000809678051155, 0.000426421378506, 0.000273578974884, 0.000139231793582, 4.78553520225e-05, 5.95923047513e-05, 3.50092923327e-05, 1.64712164406e-05, 1.98371944862e-05, 9.32305192691e-06, 1.10309511001e-05, 1.03150141513e-05, 1.12593052108e-05, 1.50777268573e-05, 1.12436273412e-05, 9.53220205702e-06, 7.33965089239e-06, 4.92111894346e-06, 1.69004706549e-05, 4.52864287581e-06, 2.44722536991e-06, 2.45251294473e-06, 2.19346634367e-06, 1.06879383566e-06, 7.73261376708e-07, 8.02658632892e-07, 7.73040369495e-07, 4.44880640771e-07, 3.96515787315e-07, 2.87575630864e-07, 3.45449279848e-07, 2.6603336778e-07, 2.10025049796e-07, 1.5298085998e-07, 1.70399616195e-07], "median": [9.09789559955e-06, 0.000390695873648, 0.00116733752657, 0.000408755702665, 0.000580189051107, 0.000313728261972, 7.78688263381e-05, 4.9469210353e-05, 2.10019679798e-05, 9.34035415412e-06, 1.08294088932e-05, 7.13845520295e-06, 4.28161456512e-06, 3.9234309952e-06, 1.71252986547e-06, 1.90838204617e-06, 1.7490758637e-06, 2.63907213593e-06, 2.71754311143e-06, 1.29577631469e-06, 8.92653133633e-07, 5.4892194612e-07, 6.78600599713e-07, 5.45747582237e-07, 3.59554235274e-07, 2.78114697494e-07, 3.25372212728e-07, 2.04949429872e-07, 1.08988665204e-07, 8.22792642907e-08, 8.01831774311e-08, 8.02615005568e-08, 5.64416389182e-08, 4.09781435451e-08, 2.88491328604e-08, 2.02889047785e-08, 1.48936489808e-08, 1.24201067209e-08, 9.59902468622e-09, 7.26165527709e-09], "min": [3.49284416321e-24, 7.33327148532e-24, 2.84153890619e-24, 2.89193587676e-24, 3.59426919309e-24, 1.82529507704e-23, 1.03717286117e-23, 9.77055664847e-24, 8.8180820472e-24, 1.07943561085e-23, 1.27183373692e-23, 9.88195958551e-24, 2.2818207158e-23, 9.76057361372e-24, 1.24405983772e-23, 6.1736246554e-24, 1.71324795619e-23, 2.80623698625e-23, 7.45263402889e-24, 7.12651261978e-24, 1.16084881728e-23, 9.90463539223e-24, 9.92221910181e-24, 6.90238619256e-24, 8.7287916702e-24, 7.8842569066e-24, 7.3116267198e-24, 7.81138272503e-24, 1.21410087269e-23, 8.50854880521e-24, 1.05911029408e-23, 1.34212487234e-23, 1.09270180581e-23, 1.00571308827e-23, 8.36130476181e-24, 1.75143261053e-23, 9.44661328433e-24, 6.64187592266e-24, 8.33661183776e-24, 1.04175653746e-23], "var": [1.32354474047e-08, 2.51198389378e-06, 4.5645897444e-06, 1.38500054163e-05, 4.25782627644e-06, 2.25935036724e-06, 2.56389466813e-06, 7.77333070801e-07, 3.40800681897e-07, 1.08887752148e-08, 4.03122513148e-08, 1.14888587532e-08, 2.88257773207e-09, 1.40221301237e-08, 5.00515939805e-09, 1.55200119423e-08, 4.17185486157e-09, 3.42096062589e-09, 3.97780253181e-09, 9.77053815632e-09, 1.39813245426e-08, 1.26717649707e-08, 1.9116785932e-09, 4.11718446003e-08, 1.13176312766e-09, 4.31227192843e-10, 2.58934790276e-10, 2.65032190638e-10, 6.90766263634e-11, 3.33965112509e-11, 3.81243335512e-11, 5.9459485946e-11, 1.24777740224e-11, 8.00597001888e-12, 2.36088275665e-12, 1.06708400796e-11, 9.90077030777e-12, 5.53936107053e-12, 3.24523090692e-12, 1.33629296864e-11]}, "mfcc": {"mean": [-744.327819824, 154.863967896, 8.06081104279, 30.1161136627, 1.94066262245, -2.36666965485, -14.2586946487, -9.14814949036, -12.5816164017, -8.1457529068, -10.5768728256, -12.8278331757, -7.11719083786], "cov": [[5600.11230469, 64.0699768066, 31.4978275299, -38.9042358398, -244.051193237, -94.0411987305, -218.386154175, -141.422805786, -9.88476848602, 84.334854126, -125.593681335, -54.3556900024, 37.7779998779], [64.0699768066, 1642.05297852, 59.1892089844, 45.7484359741, -50.6571731567, -41.4991607666, -119.190040588, -107.32963562, -125.715103149, -87.0386810303, -121.547927856, -194.734329224, -86.9677352905], [31.4978275299, 59.1892089844, 382.427520752, 60.0836524963, 40.8782501221, 44.4563980103, 39.4494018555, 6.7582116127, -8.36303520203, -24.2705955505, -19.2150325775, -10.7458286285, -22.8513774872], [-38.9042358398, 45.7484359741, 60.0836524963, 254.608322144, 107.211479187, 44.5373306274, 37.5705070496, 41.5230026245, 21.3478164673, -0.0182831436396, 30.502664566, 20.5363864899, 3.67979311943], [-244.051193237, -50.6571731567, 40.8782501221, 107.211479187, 266.643157959, 110.565696716, 68.1888046265, 53.9600219727, 66.8604125977, 29.4550247192, 20.2186050415, 23.6924591064, 5.00086641312], [-94.0411987305, -41.4991607666, 44.4563980103, 44.5373306274, 110.565696716, 222.014007568, 92.2242584229, 50.8560256958, 60.2229003906, 28.1092510223, -1.88265991211, 5.99946546555, 19.4743442535], [-218.386154175, -119.190040588, 39.4494018555, 37.5705070496, 68.1888046265, 92.2242584229, 168.059387207, 73.9910888672, 31.4586296082, 31.6475143433, 44.8215026855, 39.2526321411, 0.0333948172629], [-141.422805786, -107.32963562, 6.7582116127, 41.5230026245, 53.9600219727, 50.8560256958, 73.9910888672, 145.339645386, 63.1692962646, 16.3431873322, 43.2401924133, 35.5346717834, 14.9984512329], [-9.88476848602, -125.715103149, -8.36303520203, 21.3478164673, 66.8604125977, 60.2229003906, 31.4586296082, 63.1692962646, 156.875427246, 65.1336898804, 18.2035751343, 40.3834495544, 38.3373603821], [84.334854126, -87.0386810303, -24.2705955505, -0.0182831436396, 29.4550247192, 28.1092510223, 31.6475143433, 16.3431873322, 65.1336898804, 138.8671875, 63.7693519592, 38.8292350769, 18.2696170807], [-125.593681335, -121.547927856, -19.2150325775, 30.502664566, 20.2186050415, -1.88265991211, 44.8215026855, 43.2401924133, 18.2035751343, 63.7693519592, 176.205108643, 76.5655517578, -2.4729719162], [-54.3556900024, -194.734329224, -10.7458286285, 20.5363864899, 23.6924591064, 5.99946546555, 39.2526321411, 35.5346717834, 40.3834495544, 38.8292350769, 76.5655517578, 142.733154297, 57.6971244812], [37.7779998779, -86.9677352905, -22.8513774872, 3.67979311943, 5.00086641312, 19.4743442535, 0.0333948172629, 14.9984512329, 38.3373603821, 18.2696170807, -2.4729719162, 57.6971244812, 131.079193115]], "icov": [[0.000205899021239, 1.96924738702e-05, -5.71360469621e-05, -0.000103453705378, 0.000211110280361, -6.06919820711e-05, 0.000259035965428, 3.20540275425e-05, 2.09079953493e-05, -0.000309501891024, 0.000190158534679, -1.61893403856e-05, -8.36702565721e-06], [1.96924738702e-05, 0.000785257201642, -7.53784988774e-05, -0.000314872973831, 6.2171202444e-05, -9.0429224656e-05, 0.000364425097359, 0.000138283096021, 0.000340953381965, -7.09539963282e-05, 0.000100596364064, 0.000823675771244, 5.56785562367e-05], [-5.71360469621e-05, -7.53784988774e-05, 0.00291648483835, -0.000550523109268, -0.00010825242498, -0.000331615883624, -0.000724635261577, 0.00024458905682, 5.45424954908e-05, 0.00052363332361, 0.000363179948181, -0.000223343857215, 0.000532170175575], [-0.000103453705378, -0.000314872973831, -0.000550523109268, 0.00521656684577, -0.00202590832487, 9.64882638073e-05, -0.000139215553645, -0.000732715590857, 6.60139048705e-05, 0.000846005044878, -0.000989096821286, -0.000306863919832, -0.000295492704026], [0.000211110280361, 6.2171202444e-05, -0.00010825242498, -0.00202590832487, 0.00607000198215, -0.00202718935907, -0.000193995132577, -6.41280130367e-05, -0.00134062231518, -0.000458919763332, 0.000363775820006, -0.000390685338061, 0.000730285421014], [-6.06919820711e-05, -9.0429224656e-05, -0.000331615883624, 9.64882638073e-05, -0.00202718935907, 0.00751176523045, -0.00362552795559, 9.44158382481e-05, -0.00149522884749, -0.000169973835, 0.00059995718766, 0.00149742618669, -0.00133837852627], [0.000259035965428, 0.000364425097359, -0.000724635261577, -0.000139215553645, -0.000193995132577, -0.00362552795559, 0.0110399890691, -0.00403756834567, 0.00210195197724, -0.00191886688117, -0.000120863274788, -0.00191703427117, 0.00154415355064], [3.20540275425e-05, 0.000138283096021, 0.00024458905682, -0.000732715590857, -6.41280130367e-05, 9.44158382481e-05, -0.00403756834567, 0.0115039600059, -0.00449039088562, 0.00274624419399, -0.00229042372666, 0.000545584713109, -0.000533952028491], [2.09079953493e-05, 0.000340953381965, 5.45424954908e-05, 6.60139048705e-05, -0.00134062231518, -0.00149522884749, 0.00210195197724, -0.00449039088562, 0.0116412350908, -0.00509048113599, 0.00216311588883, -0.00135417922866, -0.00104398257099], [-0.000309501891024, -7.09539963282e-05, 0.00052363332361, 0.000846005044878, -0.000458919763332, -0.000169973835, -0.00191886688117, 0.00274624419399, -0.00509048113599, 0.0121217127889, -0.00458218110725, 0.000501498987433, -0.000669183500577], [0.000190158534679, 0.000100596364064, 0.000363179948181, -0.000989096821286, 0.000363775820006, 0.00059995718766, -0.000120863274788, -0.00229042372666, 0.00216311588883, -0.00458218110725, 0.0103435479105, -0.0051140319556, 0.00271430052817], [-1.61893403856e-05, 0.000823675771244, -0.000223343857215, -0.000306863919832, -0.000390685338061, 0.00149742618669, -0.00191703427117, 0.000545584713109, -0.00135417922866, 0.000501498987433, -0.0051140319556, 0.013794273138, -0.00559081509709], [-8.36702565721e-06, 5.56785562367e-05, 0.000532170175575, -0.000295492704026, 0.000730285421014, -0.00133837852627, 0.00154415355064, -0.000533952028491, -0.00104398257099, -0.000669183500577, 0.00271430052817, -0.00559081509709, 0.0109118074179]]}, "spectral_contrast_coeffs": {"dmean": [0.0427743047476, 0.0442238226533, 0.0364733710885, 0.0294865369797, 0.024497680366, 0.0224423184991], "dmean2": [0.0668083354831, 0.0688876286149, 0.0565395466983, 0.0461333617568, 0.0372577831149, 0.0344354249537], "dvar": [0.00162081478629, 0.00190669996664, 0.00117341661826, 0.00078264484182, 0.000652242917567, 0.000546521274373], "dvar2": [0.00345685170032, 0.00419159187004, 0.00247239181772, 0.00171460967977, 0.00125972053502, 0.00125662074424], "max": [-0.188934355974, -0.281875431538, -0.40985673666, -0.479205131531, -0.41672539711, -0.58595263958], "mean": [-0.488382816315, -0.621851742268, -0.722914040089, -0.777564585209, -0.798449635506, -0.779530286789], "median": [-0.471581220627, -0.61583173275, -0.721805810928, -0.78272652626, -0.811237215996, -0.788700699806], "min": [-0.956712543964, -0.966611087322, -0.959581792355, -0.957031011581, -0.963975667953, -0.957278132439], "var": [0.0117965927348, 0.01213858556, 0.00826985854656, 0.00440329313278, 0.00342639070004, 0.00180427450687]}, "spectral_contrast_valleys": {"dmean": [0.49995136261, 0.419484019279, 0.389364272356, 0.346825271845, 0.334059864283, 0.427961051464], "dmean2": [0.764855265617, 0.655195474625, 0.607825100422, 0.545151472092, 0.524942815304, 0.647164285183], "dvar": [0.248615577817, 0.219157844782, 0.175577193499, 0.145580649376, 0.169783189893, 0