{"lowlevel": {"average_loudness": 0.949751853943, "barkbands_crest": {"dmean": 2.83474183083, "dmean2": 4.22442531586, "dvar": 5.66017580032, "dvar2": 12.2415704727, "max": 26.6185626984, "mean": 16.9029598236, "median": 16.8288459778, "min": 5.30906629562, "var": 23.1233100891}, "barkbands_flatness_db": {"dmean": 0.0226147510111, "dmean2": 0.0333539620042, "dvar": 0.000336115044774, "dvar2": 0.000745431461837, "max": 0.58942258358, "mean": 0.408073872328, "median": 0.407570183277, "min": 0.035978090018, "var": 0.00269005657174}, "barkbands_kurtosis": {"dmean": 8.27569007874, "dmean2": 12.0742340088, "dvar": 155.723388672, "dvar2": 319.839080811, "max": 308.979064941, "mean": 16.1115913391, "median": 10.2805252075, "min": -1.59113550186, "var": 358.838897705}, "barkbands_skewness": {"dmean": 0.853643715382, "dmean2": 1.20090603828, "dvar": 0.656542479992, "dvar2": 1.28316879272, "max": 15.0589838028, "mean": 2.90076041222, "median": 2.61872768402, "min": -2.14728927612, "var": 2.90150904655}, "barkbands_spread": {"dmean": 0.730522871017, "dmean2": 1.09013044834, "dvar": 0.993764281273, "dvar2": 2.29669857025, "max": 69.6045150757, "mean": 2.40215539932, "median": 2.00202131271, "min": 0.123450659215, "var": 5.31557750702}, "dissonance": {"dmean": 0.0414445400238, "dmean2": 0.0680737495422, "dvar": 0.00115765130613, "dvar2": 0.00303332367912, "max": 0.500000178814, "mean": 0.347093045712, "median": 0.344186842442, "min": 0.155235618353, "var": 0.00306675117463}, "dynamic_complexity": 1.60338556767, "erbbands_crest": {"dmean": 3.01206111908, "dmean2": 4.70480251312, "dvar": 6.08473777771, "dvar2": 14.0706958771, "max": 30.7982711792, "mean": 13.544426918, "median": 12.9001083374, "min": 2.72743535042, "var": 16.5899963379}, "erbbands_flatness_db": {"dmean": 0.0156904943287, "dmean2": 0.0228465683758, "dvar": 0.000153355576913, "dvar2": 0.000331944698701, "max": 0.499556869268, "mean": 0.378395557404, "median": 0.379755198956, "min": 0.054172899574, "var": 0.00157018867321}, "erbbands_kurtosis": {"dmean": 2.10427427292, "dmean2": 3.13758611679, "dvar": 5.49785518646, "dvar2": 11.8721971512, "max": 45.9156532288, "mean": 3.38748979568, "median": 2.58870792389, "min": -1.87451529503, "var": 12.779999733}, "erbbands_skewness": {"dmean": 0.431488394737, "dmean2": 0.626369357109, "dvar": 0.135049670935, "dvar2": 0.287122070789, "max": 5.66085243225, "mean": 1.40744626522, "median": 1.34295868874, "min": -1.39994561672, "var": 0.558058619499}, "erbbands_spread": {"dmean": 2.86107158661, "dmean2": 4.26873064041, "dvar": 9.893201828, "dvar2": 22.9319896698, "max": 77.9870223999, "mean": 10.3053150177, "median": 8.83782958984, "min": 1.43185698986, "var": 33.5444641113}, "hfc": {"dmean": 2.70385789871, "dmean2": 3.75413799286, "dvar": 5.49683475494, "dvar2": 10.654794693, "max": 47.4628219604, "mean": 10.4159908295, "median": 9.91301250458, "min": 1.08955853091e-16, "var": 22.0846385956}, "melbands_crest": {"dmean": 3.59620594978, "dmean2": 5.41798734665, "dvar": 8.54212284088, "dvar2": 18.4516944885, "max": 34.4820976257, "mean": 18.8787651062, "median": 18.309967041, "min": 1.5202794075, "var": 29.9837703705}, "melbands_flatness_db": {"dmean": 0.0233642105013, "dmean2": 0.0338880233467, "dvar": 0.000358611607226, "dvar2": 0.000779820256867, "max": 0.704072117805, "mean": 0.51014071703, "median": 0.510850071907, "min": 0.00318102235906, "var": 0.00362418289296}, "melbands_kurtosis": {"dmean": 7.37729549408, "dmean2": 10.8234510422, "dvar": 88.7260894775, "dvar2": 180.670791626, "max": 210.599731445, "mean": 15.5111923218, "median": 10.3351373672, "min": -1.51650381088, "var": 267.803009033}, "melbands_skewness": {"dmean": 0.769896745682, "dmean2": 1.09437835217, "dvar": 0.446612477303, "dvar2": 0.913876950741, "max": 11.665268898, "mean": 2.66537594795, "median": 2.45354771614, "min": -1.36187052727, "var": 2.16896796227}, "melbands_spread": {"dmean": 1.01229143143, "dmean2": 1.50480985641, "dvar": 2.63953709602, "dvar2": 5.99112844467, "max": 160.328475952, "mean": 3.95587825775, "median": 3.02562236786, "min": 0.368470102549, "var": 81.9154815674}, "pitch_salience": {"dmean": 0.0765135809779, "dmean2": 0.115067891777, "dvar": 0.00391085073352, "dvar2": 0.00890807900578, "max": 0.969279825687, "mean": 0.453517854214, "median": 0.451886236668, "min": 0.0749313905835, "var": 0.0160818919539}, "silence_rate_20dB": {"dmean": 0, "dmean2": 0, "dvar": 0, "dvar2": 0, "max": 1, "mean": 1, "median": 1, "min": 1, "var": 0}, "silence_rate_30dB": {"dmean": 0.000836324354168, "dmean2": 0.00167270703241, "dvar": 0.00083537644241, "dvar2": 0.00229713902809, "max": 1, "mean": 0.99947732687, "median": 1, "min": 0, "var": 0.000522358808666}, "silence_rate_60dB": {"dmean": 0.00104540539905, "dmean2": 0.0020908836741, "dvar": 0.0010441878112, "dvar2": 0.00243448815309, "max": 1, "mean": 0.0217088293284, "median": 0, "min": 0, "var": 0.0212392248213}, "spectral_centroid": {"dmean": 37.1565437317, "dmean2": 53.9971122742, "dvar": 5937.88916016, "dvar2": 12324.5205078, "max": 11759.6816406, "mean": 384.60760498, "median": 322.494567871, "min": 195.662765503, "var": 528932.375}, "spectral_complexity": {"dmean": 1.19636201859, "dmean2": 1.98403954506, "dvar": 1.04122471809, "dvar2": 2.54998230934, "max": 15, "mean": 8.35323047638, "median": 8, "min": 0, "var": 3.55734562874}, "spectral_decrease": {"dmean": 2.55835375107e-09, "dmean2": 3.54797324853e-09, "dvar": 5.18685546976e-18, "dvar2": 9.80185285792e-18, "max": 2.81089252777e-23, "mean": -8.65844462794e-09, "median": -8.06068811698e-09, "min": -3.57760292502e-08, "var": 1.91153664063e-17}, "spectral_energy": {"dmean": 0.00988886598498, "dmean2": 0.0137142566964, "dvar": 7.72970888647e-05, "dvar2": 0.000146201418829, "max": 0.137906968594, "mean": 0.0336236432195, "median": 0.0313295200467, "min": 1.00087060817e-20, "var": 0.000285193003947}, "spectral_energyband_high": {"dmean": 8.11834354408e-07, "dmean2": 1.3689334537e-06, "dvar": 4.4758771342e-12, "dvar2": 1.20392237846e-11, "max": 5.30197503394e-05, "mean": 1.52812424403e-06, "median": 6.66384607939e-07, "min": 6.96637294725e-21, "var": 7.4972293998e-12}, "spectral_energyband_low": {"dmean": 0.000356974371243, "dmean2": 0.000525069830474, "dvar": 4.0224600184e-07, "dvar2": 8.41298117393e-07, "max": 0.0121946725994, "mean": 0.000590895535424, "median": 0.000190705468412, "min": 1.27711815835e-23, "var": 1.0417257954e-06}, "spectral_energyband_middle_high": {"dmean": 0.000258301326539, "dmean2": 0.000367678498151, "dvar": 1.22779226785e-07, "dvar2": 2.30353478514e-07, "max": 0.0115294679999, "mean": 0.000703118857928, "median": 0.000520245986991, "min": 1.21733591868e-21, "var": 4.23000841465e-07}, "spectral_energyband_middle_low": {"dmean": 0.00988503545523, "dmean2": 0.0137073220685, "dvar": 7.72779458202e-05, "dvar2": 0.000146048987517, "max": 0.137553051114, "mean": 0.0329364947975, "median": 0.0305913165212, "min": 1.51471959202e-22, "var": 0.000284319132334}, "spectral_entropy": {"dmean": 0.156429335475, "dmean2": 0.224492952228, "dvar": 0.0163977779448, "dvar2": 0.034941714257, "max": 9.81835079193, "mean": 5.12366008759, "median": 5.1142244339, "min": 3.77225804329, "var": 0.187835991383}, "spectral_flux": {"dmean": 0.0232668276876, "dmean2": 0.0403813421726, "dvar": 0.000371138856281, "dvar2": 0.00110760994721, "max": 0.210840955377, "mean": 0.0692921578884, "median": 0.067115470767, "min": 6.3224023239e-11, "var": 0.000618687248789}, "spectral_kurtosis": {"dmean": 31.2236003876, "dmean2": 52.3268432617, "dvar": 752.544128418, "dvar2": 2094.93188477, "max": 368.586700439, "mean": 117.894233704, "median": 114.626907349, "min": -1.25209271908, "var": 2282.10644531}, "spectral_rms": {"dmean": 0.00084318354493, "dmean2": 0.00116845790762, "dvar": 4.71380047884e-07, "dvar2": 9.10034032131e-07, "max": 0.0115992836654, "mean": 0.00551845133305, "median": 0.00552859716117, "min": 3.12483459247e-12, "var": 2.350179102e-06}, "spectral_rolloff": {"dmean": 62.2481689453, "dmean2": 105.398506165, "dvar": 20176.9960938, "dvar2": 32321.2519531, "max": 19832.0800781, "mean": 509.656738281, "median": 430.6640625, "min": 193.798828125, "var": 1604659.25}, "spectral_skewness": {"dmean": 1.45948016644, "dmean2": 2.49382185936, "dvar": 1.51970219612, "dvar2": 4.22831201553, "max": 15.2360944748, "mean": 8.15880203247, "median": 8.21196556091, "min": -0.0864208266139, "var": 4.04871368408}, "spectral_spread": {"dmean": 280534.4375, "dmean2": 489643.71875, "dvar": 122765074432, "dvar2": 301525630976, "max": 43042048, "mean": 1090887, "median": 868141, "min": 236734.390625, "var": 7353810288640.0}, "spectral_strongpeak": {"dmean": 0.480780780315, "dmean2": 0.784354448318, "dvar": 0.220138520002, "dvar2": 0.514607846737, "max": 5.78458690643, "mean": 1.08036708832, "median": 0.924118161201, "min": 0, "var": 0.450495541096}, "zerocrossingrate": {"dmean": 0.00197954941541, "dmean2": 0.00255476450548, "dvar": 1.03342999864e-05, "dvar2": 1.63401073223e-05, "max": 0.5322265625, "mean": 0.0186619982123, "median": 0.015625, "min": 0.0078125, "var": 0.00114404479973}, "barkbands": {"dmean": [1.94677136278e-06, 2.12551117329e-06, 1.61168718478e-05, 0.00151222501881, 0.00861482974142, 0.00167669961229, 0.00152729114052, 0.00135354720987, 0.000282471009996, 0.000102092366433, 6.78431824781e-05, 6.96492861607e-05, 0.000106615174445, 6.00093062531e-06, 1.85441367648e-05, 2.79702362604e-05, 1.57171634783e-05, 2.04710727303e-06, 2.82675358676e-07, 2.46710470719e-07, 1.7176904521e-07, 4.5502241619e-07, 4.4616410122e-08, 9.53981285079e-08, 3.57083713709e-08, 1.13967182358e-08, 4.63906468795e-09], "dmean2": [3.33355660587e-06, 3.57477665602e-06, 2.715818664e-05, 0.00204213731922, 0.0118981394917, 0.0024185355287, 0.00205361656845, 0.00182602740824, 0.000379750912543, 0.000139229232445, 9.15940108825e-05, 9.48321030592e-05, 0.000157363028848, 8.54312474985e-06, 2.88481041935e-05, 4.43383287347e-05, 2.56624389294e-05, 3.45172770722e-06, 4.39846047584e-07, 4.21887818902e-07, 2.95674084327e-07, 7.720535109e-07, 7.45251398371e-08, 1.57043615445e-07, 5.99139369228e-08, 1.93961167128e-08, 7.89262077916e-09], "dvar": [2.51166865084e-11, 2.42538471945e-11, 1.02612018882e-09, 6.85127861288e-06, 6.72826499795e-05, 1.08089416244e-05, 3.24611801261e-06, 4.09698122894e-06, 8.35286130041e-07, 3.85336349495e-08, 4.7904393341e-08, 2.97098932123e-08, 3.46847031096e-08, 1.58879187584e-10, 5.97929306068e-09, 1.49128425164e-08, 6.15305584262e-09, 2.99195418441e-10, 3.30720314416e-13, 1.23065761141e-12, 8.31781475294e-13, 2.52882307109e-12, 3.97588456299e-14, 1.48366467224e-13, 1.04364759022e-14, 1.0127406497e-15, 1.68897377066e-16], "dvar2": [6.69377955842e-11, 6.40178535183e-11, 2.70436606442e-09, 1.16137489385e-05, 0.000123031320982, 2.2460881155e-05, 5.48014486412e-06, 7.19561876394e-06, 1.36431197006e-06, 6.53644818271e-08, 8.32565731912e-08, 4.79638551099e-08, 7.12604233399e-08, 2.85683671164e-10, 1.49562069396e-08, 3.57449145838e-08, 1.5830535105e-08, 8.70426064559e-10, 7.51772017034e-13, 3.52766513917e-12, 2.40180184768e-12, 6.71237891658e-12, 9.2470824021e-14, 3.48171551269e-13, 2.80461926198e-14, 2.93602160067e-15, 4.78602361379e-16], "max": [0.000164619195857, 0.000160361887538, 0.0010985978879, 0.0514346845448, 0.132485434413, 0.077331379056, 0.03531062603, 0.0685898140073, 0.0409594662488, 0.00877844076604, 0.0109424395487, 0.0100055085495, 0.0044395076111, 0.000558363855816, 0.00334362126887, 0.00392430881038, 0.0025390945375, 0.00109011330642, 2.32307247643e-05, 4.90932179673e-05, 4.82323339384e-05, 5.2694875194e-05, 1.66045319929e-05, 2.25950352615e-05, 2.84827410724e-06, 1.4150826928e-06, 5.66261917356e-07], "mean": [1.75427180693e-06, 2.41394286604e-06, 1.96580331249e-05, 0.00275319092907, 0.02090260759, 0.00305181741714, 0.00305427471176, 0.00254121096805, 0.00054485432338, 0.00020126371237, 0.000123893871205, 0.000133737863507, 0.000184557793546, 1.07486475827e-05, 2.88320825348e-05, 4.19959942519e-05, 2.17675624299e-05, 3.03057390738e-06, 4.97893495321e-07, 3.49856748016e-07, 2.46655133651e-07, 6.5622538159e-07, 7.24228641502e-08, 1.66089947129e-07, 7.67177965599e-08, 3.77102296056e-08, 1.63197579894e-08], "median": [4.55854348047e-07, 9.05542833607e-07, 6.38603160041e-06, 0.000896613928489, 0.0174037478864, 0.000861109117977, 0.00197854312137, 0.00132561009377, 0.000144069228554, 0.00011609615467, 2.66808274318e-05, 6.57021446386e-05, 7.79590336606e-05, 4.2904152906e-06, 9.44767816691e-06, 6.96509960108e-06, 1.7560643073e-06, 9.00599218312e-07, 3.10290516836e-07, 8.44147791668e-08, 4.72769841053e-08, 6.49878586501e-08, 1.1765252772e-08, 2.08870947205e-08, 1.73534964176e-08, 1.13999512052e-08, 2.99557334493e-09], "min": [2.47427554125e-25, 3.06405526831e-24, 1.53121451577e-24, 1.23999891983e-24, 7.22224799038e-24, 3.25613974328e-24, 1.14973132166e-23, 7.03320772963e-24, 1.50832792542e-23, 1.38037705318e-23, 8.34357590183e-24, 2.275015055e-23, 3.08942290509e-23, 2.74582033833e-23, 4.19581894178e-23, 6.26813792268e-23, 5.09762043172e-23, 1.03320571123e-22, 1.39376588445e-22, 1.42192582063e-22, 2.45828520843e-22, 2.86349667593e-22, 3.86383112122e-22, 5.140317118e-22, 8.51661705367e-22, 1.21019855765e-21, 1.86610290215e-21], "var": [2.2404118491e-11, 2.55519581188e-11, 1.51730594755e-09, 2.23957194976e-05, 0.000230161196669, 3.09077768179e-05, 1.10873634185e-05, 1.38766772579e-05, 2.9566019748e-06, 1.25548027086e-07, 1.48972176817e-07, 1.06290862334e-07, 8.87590871912e-08, 4.51095272247e-10, 1.15231104658e-08, 2.71563216359e-08, 9.99900429122e-09, 5.02256347623e-10, 6.38041919646e-13, 1.70402667671e-12, 1.22713276172e-12, 3.73614941068e-12, 6.62647494927e-14, 3.1531163314e-13, 2.81513517602e-14, 6.91701885453e-15, 1.4161990655e-15]}, "erbbands": {"dmean": [0.000104500970338, 0.00118795048911, 0.0434580259025, 2.05360674858, 15.1839580536, 38.5583992004, 20.9571208954, 17.411397934, 23.1331348419, 26.850069046, 13.7706613541, 8.29190063477, 2.68537902832, 2.60804748535, 3.76461744308, 2.51979398727, 4.85505628586, 0.968816518784, 0.723716020584, 1.36571192741, 1.31976294518, 0.451682806015, 0.1566426754, 0.0195496156812, 0.0104363877326, 0.0119464118034, 0.00867429375648, 0.00898530054837, 0.0217587128282, 0.00190038920846, 0.00161040190142, 0.00159471062943, 0.00121529016178, 0.000732299289666, 0.000119226584502, 5.71314594708e-05, 2.39239197981e-05, 3.70433303942e-06, 4.93230663778e-06, 1.08664144136e-05], "dmean2": [0.000158983282745, 0.00172199041117, 0.0624378547072, 2.82848882675, 20.8734092712, 54.2227706909, 30.0466480255, 25.0411815643, 30.8626422882, 36.7436027527, 18.7594871521, 11.1187820435, 3.61606860161, 3.59891748428, 5.09126186371, 3.43399739265, 7.16127634048, 1.3947262764, 1.10278916359, 2.17172813416, 2.11349320412, 0.735689997673, 0.262500405312, 0.0309762395918, 0.0164673253894, 0.0203961338848, 0.015013881959, 0.0153526226059, 0.0368654206395, 0.00314345164225, 0.00268825259991, 0.00265439390205, 0.00199816189706, 0.00121195300017, 0.000196807552129, 9.59992903518e-05, 4.02554942411e-05, 6.24907715974e-06, 7.00471264281e-06, 1.50675678015e-05], "dvar": [3.83761715739e-08, 3.48187722921e-06, 0.00546127697453, 12.0021095276, 232.719894409, 1450.0213623, 708.725585938, 1231.27575684, 744.622436523, 1694.52307129, 809.696350098, 647.086364746, 52.327293396, 15.5266160965, 93.395401001, 75.1177444458, 72.1007843018, 3.35131263733, 7.95290088654, 33.9658927917, 18.75664711, 4.07871627808, 1.42909359932, 0.0046735634096, 0.000333299482008, 0.002766441321, 0.00161813315935, 0.00118194962852, 0.00690790638328, 3.93981317757e-05, 6.75847331877e-05, 4.69033184345e-05, 2.63095389528e-05, 7.50984736442e-06, 1.97766510723e-07, 2.83563981185e-08, 6.88058543474e-09, 5.79111376908e-11, 2.31867355177e-11, 9.30399091104e-11], "dvar2": [9.85224488659e-08, 7.40021232559e-06, 0.0109050106257, 21.4455127716, 416.869598389, 2709.9621582, 1582.13037109, 2544.31323242, 1236.02685547, 3269.90795898, 1433.6550293, 1058.14904785, 88.1194000244, 27.6368236542, 162.100921631, 120.81452179, 149.290847778, 6.45613288879, 19.268705368, 83.9161834717, 46.1008758545, 10.5347013474, 4.16086149216, 0.0128395240754, 0.000828879710753, 0.00784531235695, 0.00470615318045, 0.00320751289837, 0.0183254405856, 9.43187696976e-05, 0.00015461530711, 0.000121486496937, 5.89335322729e-05, 1.6908868929e-05, 5.08636503582e-07, 8.07823781201e-08, 1.98159266773e-08, 1.68400959843e-10, 5.19548674915e-11, 1.76096984217e-10], "max": [0.00774757238105, 0.0521016865969, 1.41712963581, 68.213508606, 287.184265137, 536.307067871, 669.662536621, 885.342285156, 537.709411621, 1304.15344238, 1352.56420898, 1127.93444824, 346.164123535, 146.57623291, 406.935089111, 507.527496338, 223.255462646, 36.8421630859, 203.910308838, 210.593109131, 112.553344727, 64.1745605469, 75.7804412842, 3.83142328262, 0.648603796959, 2.17889237404, 2.01225090027, 1.71017563343, 2.93632674217, 0.324469566345, 0.740309894085, 0.329802125692, 0.359466075897, 0.193391889334, 0.0383946672082, 0.00611889455467, 0.00417687743902, 0.000246764742769, 0.000163029922987, 0.00015112211986], "mean": [0.00019922775391, 0.00254337349907, 0.0873612090945, 4.05910348892, 33.0432281494, 84.5322265625, 42.8635139465, 32.8706169128, 46.5246124268, 57.7201499939, 27.8108615875, 16.5265007019, 5.77154064178, 4.84513139725, 7.75662136078, 5.37656116486, 8.49645805359, 1.93861913681, 1.25407671928, 2.11671876907, 2.0116147995, 0.669444859028, 0.250580728054, 0.0368904769421, 0.0197798684239, 0.0175895038992, 0.0129540590569, 0.0133824441582, 0.0318069122732, 0.00327215366997, 0.00265260529704, 0.0027897816617, 0.0022972652223, 0.00147719285451, 0.000347641383996, 0.000192626888747, 8.28339252621e-05, 1.42962517202e-05, 1.9100285499e-05, 3.73065158783e-05], "median": [0.000131303022499, 0.00146155944094, 0.0390269756317, 1.72550499439, 25.276424408, 67.0982818604, 30.6705112457, 11.593252182, 30.0399436951, 35.7479705811, 12.9801998138, 5.09295272827, 2.96888136864, 2.66411852837, 3.78801012039, 2.43953990936, 3.79429674149, 0.778957843781, 0.657670676708, 0.292880922556, 0.405899763107, 0.11543546617, 0.101933769882, 0.0181706883013, 0.0141843818128, 0.00518466345966, 0.00397791527212, 0.00277122529224, 0.00254709366709, 0.000825608964078, 0.000537624931894, 0.000374828872737, 0.000465305754915, 0.000320791470585, 9.8030854133e-05, 5.77951468586e-05, 2.76512928394e-05, 5.68503037357e-06, 1.67889302247e-05, 3.47912900907e-05], "min": [6.94592658136e-23, 8.68306392788e-22, 2.332819166e-21, 3.04000244808e-21, 1.25557098945e-20, 2.06312302612e-20, 3.57637224704e-20, 3.80047130773e-20, 1.28829800264e-19, 1.79393825995e-19, 2.14936626619e-19, 2.79620935599e-19, 6.8023678472e-19, 5.71021905397e-19, 9.0416558838e-19, 1.13656125769e-18, 1.14014284635e-18, 1.63483924566e-18, 2.19074090985e-18, 3.53037087202e-18, 3.4331920393e-18, 3.4787419805e-18, 5.89042303875e-18, 7.22464923678e-18, 6.8408312287e-18, 6.66988360177e-18, 9.52032441798e-18, 9.12098312493e-18, 1.02765511319e-17, 9.79048656912e-18, 1.10051119631e-17, 1.01956967086e-17, 9.28339755667e-18, 8.13549089648e-18, 6.39827347096e-18, 4.2532795781e-18, 2.36128632021e-18, 9.24380538383e-19, 2.43143252862e-19, 2.63072143775e-20], "var": [5.4101342073e-08, 9.81495395536e-06, 0.0162244550884, 38.2717514038, 813.466918945, 4466.66650391, 1822.06188965, 3496.91430664, 2567.19091797, 5361.93261719, 2767.95141602, 2269.08105469, 173.847686768, 42.72215271, 293.554016113, 264.66973877, 181.957565308, 10.0390787125, 15.2075872421, 67.3095245361, 33.1626434326, 6.63597583771, 2.38153648376, 0.00820337887853, 0.000573916709982, 0.00389676121995, 0.00233889115043, 0.00172185001429, 0.010416588746, 7.20135212759e-05, 0.00011282016203, 9.2246242275e-05, 6.09367707511e-05, 1.99557707674e-05, 6.98536723576e-07, 1.84491810273e-07, 4.12169214314e-08, 4.18399037638e-10, 1.52695453504e-10, 3.44873019031e-10]}, "gfcc": {"mean": [-177.855636597, 209.881225586, -103.463661194, -50.8743019104, -57.7076225281, -39.8722915649, -57.0640296936, -38.5876655579, -27.0523700714, -23.7213497162, -15.6784057617, -15.3429832458, -7.92615509033], "cov": [[6946.17382812, 802.042114258, -535.633178711, -131.385116577, -376.194763184, -29.7365264893, -368.49911499, -138.276611328, -62.4926719666, -78.1194534302, -116.562591553, -82.6295089722, -11.352973938], [802.042114258, 669.633911133, -76.8260040283, -157.021697998, 139.601287842, -196.195968628, 51.5436439514, -65.9682235718, -48.5775032043, -60.380317688, 9.17999267578, -53.2298698425, -12.8867397308], [-535.633178711, -76.8260040283, 316.51651001, 75.2822647095, 65.1026687622, 72.6088943481, 1.34351432323, 35.1497459412, -35.3369293213, 8.69996833801, -3.66305541992, -10.7766666412, 8.19709205627], [-131.385116577, -157.021697998, 75.2822647095, 221.335296631, -17.4063014984, 97.9974212646, 5.23973417282, -48.8596191406, 30.7483253479, -23.238986969, -12.7749757767, -10.7210588455, 12.1053352356], [-376.194763184, 139.601287842, 65.1026687622, -17.4063014984, 252.880462646, -55.7236671448, 4.32526445389, 45.8047142029, -26.3003253937, -50.2980041504, -4.33052110672, -22.9198799133, 23.4395160675], [-29.7365264893, -196.195968628, 72.6088943481, 97.9974212646, -55.7236671448, 200.131332397, -26.8919906616, -32.6098823547, 13.1596231461, 1.60991466045, -11.3391208649, -6.65229654312, -12.2835922241], [-368.49911499, 51.5436439514, 1.34351432323, 5.23973417282, 4.32526445389, -26.8919906616, 218.437164307, -93.4804916382, -30.5194187164, 37.7552871704, -6.36606884003, 36.7501106262, -91.2863388062], [-138.276611328, -65.9682235718, 35.1497459412, -48.8596191406, 45.8047142029, -32.6098823547, -93.4804916382, 238.205490112, -2.1409573555, -41.2997932434, 1.26444923878, -46.3269348145, 72.0165939331], [-62.4926719666, -48.5775032043, -35.3369293213, 30.7483253479, -26.3003253937, 13.1596231461, -30.5194187164, -2.1409573555, 123.691993713, -19.0027809143, -13.1984519958, -6.4229259491, -10.6668462753], [-78.1194534302, -60.380317688, 8.69996833801, -23.238986969, -50.2980041504, 1.60991466045, 37.7552871704, -41.2997932434, -19.0027809143, 114.985305786, -5.12845897675, 17.9913101196, -35.5681991577], [-116.562591553, 9.17999267578, -3.66305541992, -12.7749757767, -4.33052110672, -11.3391208649, -6.36606884003, 1.26444923878, -13.1984519958, -5.12845897675, 79.5894317627, -9.10687446594, -5.88289403915], [-82.6295089722, -53.2298698425, -10.7766666412, -10.7210588455, -22.9198799133, -6.65229654312, 36.7501106262, -46.3269348145, -6.4229259491, 17.9913101196, -9.10687446594, 119.331558228, -32.3133163452], [-11.352973938, -12.8867397308, 8.19709205627, 12.1053352356, 23.4395160675, -12.2835922241, -91.2863388062, 72.0165939331, -10.6668462753, -35.5681991577, -5.88289403915, -32.3133163452, 164.465988159]], "icov": [[0.000415450514993, -0.000913367315661, 0.000614731630776, -0.000546518771444, 0.000879578990862, -0.000377304473659, 0.00121466780547, -0.000172664600541, 0.000825330906082, -3.82756479667e-05, 0.000914759875741, -0.000119324708066, 0.000617493758909], [-0.000913367315661, 0.00636910367757, -0.00187222880777, 0.00403013033792, -0.00275577930734, 0.00442095380276, -0.00242168037221, 0.00409410241991, -0.000453381158877, 0.00378522858955, -0.000761312723625, 0.00360842375085, -0.000710316991899], [0.000614731630776, -0.00187222880777, 0.00553134735674, -0.00274891057052, -0.000217547814827, -0.0026360177435, 0.00156379141845, -0.00204599928111, 0.00225822837092, -0.00198776251636, 0.000921929080505, -0.000858836399857, 0.0010012073908], [-0.000546518771444, 0.00403013033792, -0.00274891057052, 0.00989103130996, -0.00127006694674, 0.000117661846161, -0.00259826029651, 0.00443301349878, -0.00214340235107, 0.00436210725456, -2.25454004976e-05, 0.00299619184807, -0.00211422727443], [0.000879578990862, -0.00275577930734, -0.000217547814827, -0.00127006694674, 0.0075812372379, 0.000428071449278, 0.00222694012336, -0.00103122729342, 0.00242507923394, 0.00203453982249, 0.00269034481607, 1.69348149939e-05, 0.00128506915644], [-0.000377304473659, 0.00442095380276, -0.0026360177435, 0.000117661846161, 0.000428071449278, 0.0113260587677, 0.00115294929128, 0.00415737461299, 0.00103915797081, 0.0036242203787, 0.00142793019768, 0.00351868616417, 0.00164108851459], [0.00121466780547, -0.00242168037221, 0.00156379141845, -0.00259826029651, 0.00222694012336, 0.00115294929128, 0.0113217830658, 0.00157463562209, 0.00472765788436, -0.000504541734699, 0.00398002658039, -0.000564177171327, 0.00559977255762], [-0.000172664600541, 0.00409410241991, -0.00204599928111, 0.00443301349878, -0.00103122729342, 0.00415737461299, 0.00157463562209, 0.0097853820771, 0.000759585935157, 0.00479083694518, 0.00127902778331, 0.0044502383098, -0.000863342545927], [0.000825330906082, -0.000453381158877, 0.00225822837092, -0.00214340235107, 0.00242507923394, 0.00103915797081, 0.00472765788436, 0.000759585935157, 0.0123760001734, 0.00271587795578, 0.00434224819764, 0.00138966750819, 0.00390849402174], [-3.82756479667e-05, 0.00378522858955, -0.00198776251636, 0.00436210725456, 0.00203453982249, 0.0036242203787, -0.000504541734699, 0.00479083694518, 0.00271587795578, 0.0150574911386, 0.00252740783617, 0.00303725455888, 0.00179451110307], [0.000914759875741, -0.000761312723625, 0.000921929080505, -2.25454004976e-05, 0.00269034481607, 0.00142793019768, 0.00398002658039, 0.00127902778331, 0.00434224819764, 0.00252740783617, 0.0160441473126, 0.00217524287291, 0.00316095445305], [-0.000119324708066, 0.00360842375085, -0.000858836399857, 0.00299619184807, 1.69348149939e-05, 0.00351868616417, -0.000564177171327, 0.0044502383098, 0.00138966750819, 0.00303725455888, 0.00217524287291, 0.0123467892408, 0.00134595693089], [0.000617493758909, -0.000710316991899, 0.0010012073908, -0.00211422727443, 0.00128506915644, 0.00164108851459, 0.00559977255762, -0.000863342545927, 0.00390849402174, 0.00179451110307, 0.00316095445305, 0.00134595693089, 0.0106176640838]]}, "melbands": {"dmean": [6.25255040632e-07, 3.97966732635e-06, 0.00062445551157, 0.00210710475221, 0.000987846637145, 0.000354960589902, 0.000349512702087, 0.00031524975202, 9.38113516895e-05, 4.59053335362e-05, 1.23829040604e-05, 1.12520547191e-05, 1.04279961306e-05, 1.02208032331e-05, 7.14142606739e-06, 1.07821097117e-05, 8.04252124453e-07, 1.10956443677e-06, 9.15789712508e-07, 2.99449948216e-06, 1.37214385632e-06, 6.79057791331e-07, 1.49515784642e-07, 9.30743624394e-08, 9.93770754576e-09, 1.28041204306e-08, 3.35660810258e-09, 1.01784616291e-08, 5.50104184427e-09, 5.87380855066e-09, 4.66562832813e-09, 1.81341270888e-08, 1.59420709966e-09, 5.29758792389e-10, 1.21187249125e-09, 5.60281376849e-10, 1.28513255593e-09, 7.43728190145e-10, 1.36852273958e-09, 3.91716742376e-10], "dmean2": [1.03112733996e-06, 6.62748243485e-06, 0.000859669060446, 0.00288421823643, 0.00140470976476, 0.000510219368152, 0.000465119985165, 0.000429599371273, 0.000127631530631, 6.17474797764e-05, 1.67763682839e-05, 1.55738198373e-05, 1.41431310112e-05, 1.38239392982e-05, 1.05932567749e-05, 1.57138711074e-05, 1.1482395621e-06, 1.68010876678e-06, 1.42929593494e-06, 4.77027560919e-06, 2.21127493205e-06, 1.11034410111e-06, 2.45560386247e-07, 1.54361543991e-07, 1.52163348588e-08, 2.00605629885e-08, 5.47118439442e-09, 1.74577863277e-08, 9.49654666016e-09, 1.02350208309e-08, 7.95071652959e-09, 3.07332079785e-08, 2.66203414867e-09, 8.63992211109e-10, 2.02543892769e-09, 9.44657907453e-10, 2.14046913527e-09, 1.23451016076e-09, 2.23313323389e-09, 6.6103439389e-10], "dvar": [2.23442618574e-12, 6.62546961738e-11, 9.08849585812e-07, 4.30734780821e-06, 1.16884768886e-06, 5.09236485868e-07, 1.67427344877e-07, 2.29317848266e-07, 4.49740440445e-08, 2.06859702701e-08, 1.22818788473e-09, 2.91773355476e-10, 9.16642706184e-10, 4.69860539365e-10, 2.30165830839e-10, 4.46758963157e-10, 2.17932334505e-12, 1.77120419026e-11, 2.00614438256e-11, 1.52992937763e-10, 2.55500915564e-11, 1.15840679063e-11, 8.59077186558e-13, 4.11069697162e-13, 8.73896808935e-16, 5.0234956533e-16, 1.39710686346e-16, 2.22250603338e-15, 5.74026128602e-16, 1.69731267767e-15, 8.53245722164e-16, 4.95088513033e-15, 4.64785209219e-17, 8.44734129614e-18, 5.03029276183e-17, 6.28677986415e-18, 3.9074331306e-17, 1.11923244425e-17, 6.82179821639e-17, 2.40462913674e-18], "dvar2": [5.73717939475e-12, 1.6922184487e-10, 1.57164095071e-06, 7.48920456317e-06, 2.44412103712e-06, 1.05272329165e-06, 2.75940521988e-07, 4.29665391266e-07, 7.92645309389e-08, 3.4089840284e-08, 2.06990824481e-09, 5.19300658031e-10, 1.61494828621e-09, 7.65781216217e-10, 4.65735228161e-10, 8.71898830912e-10, 3.99011986646e-12, 4.27424068361e-11, 5.03091734938e-11, 3.67556984848e-10, 6.49226020166e-11, 2.99330941977e-11, 2.47645111882e-12, 1.19637405451e-12, 1.9287005854e-15, 1.21241945554e-15, 3.75999037017e-16, 6.361876002e-15, 1.66821953116e-15, 4.92207965737e-15, 2.28731930044e-15, 1.31580833943e-14, 1.12292904823e-16, 1.98508739003e-17, 1.14980659479e-16, 1.6968293395e-17, 1.01981072784e-16, 2.8983846181e-17, 1.43189860942e-16, 6.61126213894e-18], "max": [6.17310288362e-05, 0.000275694299489, 0.0188898611814, 0.0359629131854, 0.0207706540823, 0.0170184690505, 0.00817072298378, 0.0162397250533, 0.0103029962629, 0.00607631728053, 0.00171267113183, 0.000640578975435, 0.0015769333113, 0.00114923913497, 0.000534180551767, 0.000402148201829, 6.88124782755e-05, 0.000300951272948, 0.000176935005584, 0.000380134064471, 0.000153793182108, 0.000107987048978, 5.69321236981e-05, 4.07364168495e-05, 1.20467552733e-06, 7.88655995621e-07, 6.57445468732e-07, 2.14752617467e-06, 9.93499156721e-07, 2.20436777454e-06, 1.6688135247e-06, 2.5080018986e-06, 4.37866390257e-07, 1.46667403556e-07, 6.37637640466e-07, 1.28672169808e-07, 2.91112030482e-07, 1.66870890439e-07, 6.76552474488e-07, 6.77895499734e-08], "mean": [7.28137194983e-07, 5.25593623024e-06, 0.00124501320533, 0.00478124478832, 0.0020934487693, 0.000646373373456, 0.000690660846885, 0.0006489874213, 0.000189230515389, 8.90481751412e-05, 2.53044909186e-05, 1.93516079889e-05, 2.05181277124e-05, 2.0827867047e-05, 1.21564253277e-05, 1.84625114343e-05, 1.58592933985e-06, 1.82863323062e-06, 1.45400736073e-06, 4.43188446297e-06, 2.03305353352e-06, 9.46143359215e-07, 2.3621173284e-07, 1.39707111657e-07, 1.66121498779e-08, 2.1825416141e-08, 5.69379565718e-09, 1.39662290621e-08, 7.88021203846e-09, 8.21283485664e-09, 6.74795153088e-09, 2.61081662956e-08, 2.49166576261e-09, 8.61235749383e-10, 1.8101611321e-09, 9.75266312153e-10, 2.14706408208e-09, 1.31265454062e-09, 2.4426993761e-09, 8.21802015327e-10], "median": [2.92288973469e-07, 1.79131393452e-06, 0.000607341353316, 0.0038129533641, 0.00159067683853, 0.000194808584638, 0.000439460971393, 0.000385182182072, 8.00463021733e-05, 2.42149435508e-05, 1.26354880194e-05, 9.80093500402e-06, 8.08217646409e-06, 1.14699232654e-05, 5.54023608856e-06, 5.61147180633e-06, 7.14614827757e-07, 8.73134808899e-07, 3.86372533967e-07, 5.07356048729e-07, 3.55764427695e-07, 7.16014341151e-08, 8.57923225794e-08, 4.79856581137e-08, 6.25029716872e-09, 1.4483455324e-08, 2.62392063632e-09, 3.10344461241e-09, 2.29362262516e-09, 9.5006935652e-10, 4.85700812902e-10, 1.36736177936e-09, 3.44663159124e-10, 1.54059098811e-10, 2.12624029494e-10, 1.07728367893e-10, 1.25902593906e-10, 1.75648828815e-10, 2.62663557571e-10, 9.58234047665e-11], "min": [1.34722750077e-24, 1.33120208731e-24, 1.03242210414e-24, 1.05493106678e-24, 1.64793329063e-24, 8.19612724763e-25, 2.4798288262e-24, 1.57813734292e-24, 1.96790819138e-24, 1.77296449005e-24, 2.67840286542e-24, 2.18593041292e-24, 2.43964504055e-24, 2.85637028007e-24, 2.41974562979e-24, 3.13355273076e-24, 1.7174373598e-24, 2.68690008066e-24, 2.84050983714e-24, 3.86041350757e-24, 3.07582605909e-24, 2.51139253153e-24, 4.47705384984e-24, 5.01503805454e-24, 4.3656418409e-24, 4.26754107088e-24, 4.65523149592e-24, 3.4266681996e-24, 4.5073914681e-24, 4.72677250255e-24, 4.90987776827e-24, 5.03295348012e-24, 4.20285053235e-24, 4.45758515713e-24, 4.62124736812e-24, 5.46497197158e-24, 6.02311433342e-24, 5.0046420511e-24, 5.67943248613e-24, 5.44572297663e-24], "var": [2.28872584947e-12, 1.10269418596e-10, 3.05960156766e-06, 1.43191227835e-05, 3.25788232658e-06, 1.45813942254e-06, 5.77178070671e-07, 7.32911075829e-07, 1.53280893755e-07, 7.23513053913e-08, 4.06202493863e-09, 7.69213692742e-10, 2.85097701003e-09, 1.64754554444e-09, 6.15371642532e-10, 1.18193477228e-09, 7.06119147528e-12, 3.43642996004e-11, 4.02554760359e-11, 2.84905793402e-10, 4.29127948454e-11, 1.87117370209e-11, 1.49831102386e-12, 6.71453561155e-13, 1.75465331419e-15, 8.91187398366e-16, 2.22462906852e-16, 3.08471569346e-15, 7.77378992782e-16, 2.48404418474e-15, 1.2411564247e-15, 7.47888333701e-15, 8.02470808597e-17, 1.44494672184e-17, 8.22897272818e-17, 1.23612960841e-17, 7.59424395694e-17, 2.13995991981e-17, 1.6818706053e-16, 7.76237288322e-18]}, "mfcc": {"mean": [-828.909240723, 241.520233154, 7.63218545914, -27.0421485901, -8.06978416443, -22.5117778778, -34.9839706421, -28.315820694, -26.9575519562, -31.7418174744, -20.1232051849, -11.6223144531, -12.702419281], "cov": [[1457.93859863, 802.721191406, -159.514709473, -68.3314971924, 19.8200950623, -46.3120880127, -92.5479736328, -50.1702308655, -7.42077589035, -41.7020149231, -21.4832286835, 24.7454433441, -5.50765275955], [802.721191406, 699.594604492, -7.09458971024, -77.8915405273, 25.4945716858, -47.7095413208, -54.3643264771, -26.0970649719, -41.7098884583, -31.7891216278, -17.9576187134, -35.4218978882, -19.6972999573], [-159.514709473, -7.09458971024, 188.095413208, 57.2884750366, 8.24708080292, 46.7632369995, 30.868598938, 2.99541926384, -7.89885234833, 10.8779020309, 10.071521759, -35.9000511169, -9.17765712738], [-68.3314971924, -77.8915405273, 57.2884750366, 121.618453979, 40.4636802673, 14.6748209, 28.0564155579, 18.0287590027, 18.1124515533, 18.5308494568, -4.60465908051, 0.48041036725, -3.55736398697], [19.8200950623, 25.4945716858, 8.24708080292, 40.4636802673, 162.043151855, 2.68296694756, -20.602355957, 19.770368576, 42.03490448, 27.4236679077, -66.2612457275, -0.265663176775, 8.52440452576], [-46.3120880127, -47.7095413208, 46.7632369995, 14.6748209, 2.68296694756, 168.559432983, 48.6736602783, -14.832654953, -32.9157676697, -17.2447013855, 56.3371810913, -33.7272338867, -23.7083797455], [-92.5479736328, -54.3643264771, 30.868598938, 28.0564155579, -20.602355957, 48.6736602783, 116.374168396, 24.9345321655, -29.3257331848, 0.333802312613, 22.4840831757, -4.99079370499, -11.9134111404], [-50.1702308655, -26.0970649719, 2.99541926384, 18.0287590027, 19.770368576, -14.832654953, 24.9345321655, 93.2231521606, 22.4873809814, -12.1294193268, 0.945261776447, 1.14146339893, 2.01524782181], [-7.42077589035, -41.7098884583, -7.89885234833, 18.1124515533, 42.03490448, -32.9157676697, -29.3257331848, 22.4873809814, 117.333999634, 24.7096176147, -73.0062484741, 30.5429496765, 21.87150383], [-41.7020149231, -31.7891216278, 10.8779020309, 18.5308494568, 27.4236679077, -17.2447013855, 0.333802312613, -12.1294193268, 24.7096176147, 149.975570679, -14.6246623993, -40.2253684998, 13.3306980133], [-21.4832286835, -17.9576187134, 10.071521759, -4.60465908051, -66.2612457275, 56.3371810913, 22.4840831757, 0.945261776447, -73.0062484741, -14.6246623993, 206.761413574, -10.0664997101, -54.5102005005], [24.7454433441, -35.4218978882, -35.9000511169, 0.48041036725, -0.265663176775, -33.7272338867, -4.99079370499, 1.14146339893, 30.5429496765, -40.2253684998, -10.0664997101, 140.776367188, 32.4039344788], [-5.50765275955, -19.6972999573, -9.17765712738, -3.55736398697, 8.52440452576, -23.7083797455, -11.9134111404, 2.01524782181, 21.87150383, 13.3306980133, -54.5102005005, 32.4039344788, 96.5171508789]], "icov": [[0.00325363525189, -0.0042132018134, 0.00344569096342, -0.00274864863604, 0.00118535105139, -0.0016916700406, 0.00084853626322, 0.00048204997438, -0.00107885303441, -0.000316208665026, -3.74983210349e-05, -0.000910584873054, -0.000300704268739], [-0.0042132018134, 0.00723770912737, -0.00488162692636, 0.00478455238044, -0.00237097451463, 0.00296044070274, -0.000788922188804, -0.000247555813985, 0.00209740642458, 0.000922472507227, 0.000129614272737, 0.0016324109165, 0.00071566173574], [0.00344569096342, -0.00488162692636, 0.0106852427125, -0.00640505738556, 0.0018509112997, -0.00318436766975, 0.00027186551597, 0.000717430666555, -0.00136934325565, -0.000260542146862, 1.91977160284e-05, 0.000560200831387, -0.000777699402533], [-0.00274864863604, 0.00478455238044, -0.00640505738556, 0.0148806590587, -0.00451240176335, 0.00248306128196, -0.00341246183962, -0.000464623270091, -0.0004285145842, -5.98401529714e-05, -0.000890331866685, 0.000285691436147, 0.000862583576236], [0.00118535105139, -0.00237097451463, 0.0018509112997, -0.00451240176335, 0.0102972229943, -0.00374624808319, 0.00392014440149, -0.00344000593759, 5.48339521629e-05, -0.00261246948503, 0.00375218340196, -0.00184236140922, 0.00140555168036], [-0.0016916700406, 0.00296044070274, -0.00318436766975, 0.00248306128196, -0.00374624808319, 0.0108651584014, -0.00535811251029, 0.00419378001243, -0.00108164211269, 0.00327965104952, -0.00350972800516, 0.00371986394748, -0.000891743111424], [0.00084853626322, -0.000788922188804, 0.00027186551597, -0.00341246183962, 0.00392014440149, -0.00535811251029, 0.014832617715, -0.00652187410742, 0.00545546691865, -0.00309323286638, 0.00318854791112, -0.0033089411445, 0.00219481717795], [0.00048204997438, -0.000247555813985, 0.000717430666555, -0.000464623270091, -0.00344000593759, 0.00419378001243, -0.00652187410742, 0.0161956623197, -0.00607004808262, 0.00428585801274, -0.00392575981095, 0.00348287657835, -0.00238402513787], [-0.00107885303441, 0.00209740642458, -0.00136934325565, -0.0004285145842, 5.48339521629e-05, -0.00108164211269, 0.00545546691865, -0.00607004808262, 0.0165688842535, -0.00390994455665, 0.00584710435942, -0.00447970069945, 0.00234172516502], [-0.000316208665026, 0.000922472507227, -0.000260542146862, -5.98401529714e-05, -0.00261246948503, 0.00327965104952, -0.00309323286638, 0.00428585801274, -0.00390994455665, 0.0100236115977, -0.00255353143439, 0.00506258429959, -0.00293196574785], [-3.74983210349e-05, 0.000129614272737, 1.91977160284e-05, -0.000890331866685, 0.00375218340196, -0.00350972800516, 0.00318854791112, -0.00392575981095, 0.00584710435942, -0.00255353143439, 0.00964758265764, -0.00304936035536, 0.00477548921481], [-0.000910584873054, 0.0016324109165, 0.000560200831387, 0.000285691436147, -0.00184236140922, 0.00371986394748, -0.0033089411445, 0.00348287657835, -0.00447970069945, 0.00506258429959, -0.00304936035536, 0.0117760933936, -0.00441961968318], [-0.000300704268739, 0.00071566173574, -0.000777699402533, 0.000862583576236, 0.00140555168036, -0.000891743111424, 0.00219481717795, -0.00238402513787, 0.00234172516502, -0.00293196574785, 0.00477548921481, -0.00441961968318, 0.0144802704453]]}, "spectral_contrast_coeffs": {"dmean": [0.0362933129072, 0.0410256385803, 0.0290237404406, 0.0262754634023, 0.0190801676363, 0.0350026749074], "dmean2": [0.0582810752094, 0.0636307299137, 0.0448087453842, 0.040838252753, 0.031067263335, 0.0611467920244], "dvar": [0.000859552586917, 0.00104460353032, 0.000526256335434, 0.000418315205025, 0.000253003963735, 0.000876489444636], "dvar2": [0.00224850676022, 0.00254282425158, 0.00124951091129, 0.00101702893153, 0.000685720064212, 0.00256440462545], "max": [-0.133357778192, -0.382676243782, -0.425426781178, -0.469849705696, -0.471247345209, -0.586723804474], "mean": [-0.279865860939, -0.631252884865, -0.688853859901, -0.680838763714, -0.714257180691, -0.813354492188], "median": [-0.269956469536, -0.631445407867, -0.689531385899, -0.680555284023, -0.716748833656, -0.815039634705], "min": [-0.985147356987, -0.981741428375, -0.987541854382, -0.969562649727, -0.967607140541, -0.964683413506], "var": [0.0049711628817, 0.00477170897648, 0.00300862872973, 0.00281843636185, 0.00269250338897, 0.00279543339275]}, "spectral_contrast_valleys": {"dmean": [0.471727132797, 0.296660512686, 0.244284927845, 0.18