{"lowlevel": {"average_loudness": 0.900197029114, "barkbands_crest": {"dmean": 2.31332874298, "dmean2": 3.74779200554, "dvar": 5.85323286057, "dvar2": 15.8564329147, "max": 26.2494297028, "mean": 15.5428133011, "median": 15.3284311295, "min": 3.25009179115, "var": 21.695476532}, "barkbands_flatness_db": {"dmean": 0.032709941268, "dmean2": 0.0471947938204, "dvar": 0.00136215321254, "dvar2": 0.00280581740662, "max": 0.646304190159, "mean": 0.309736996889, "median": 0.301135420799, "min": 0.0398790575564, "var": 0.00763320876285}, "barkbands_kurtosis": {"dmean": 10.6470251083, "dmean2": 17.2001914978, "dvar": 463.886383057, "dvar2": 1220.99414062, "max": 702.528442383, "mean": 20.2866020203, "median": 11.8981456757, "min": -1.97741365433, "var": 920.112121582}, "barkbands_skewness": {"dmean": 0.876786768436, "dmean2": 1.37809813023, "dvar": 1.1468629837, "dvar2": 2.91836285591, "max": 21.0135822296, "mean": 2.92171669006, "median": 2.66168498993, "min": -5.45878458023, "var": 3.4786901474}, "barkbands_spread": {"dmean": 2.87317252159, "dmean2": 4.42865276337, "dvar": 57.6761322021, "dvar2": 117.322975159, "max": 119.315559387, "mean": 7.01101350784, "median": 3.90013170242, "min": 0.15431265533, "var": 157.345550537}, "dissonance": {"dmean": 0.0354468226433, "dmean2": 0.0587732791901, "dvar": 0.00109977682587, "dvar2": 0.00293189357035, "max": 0.499926686287, "mean": 0.398978948593, "median": 0.408852100372, "min": 0.128067731857, "var": 0.00343223614618}, "dynamic_complexity": 3.02495646477, "erbbands_crest": {"dmean": 2.43491625786, "dmean2": 3.87395787239, "dvar": 6.91311883926, "dvar2": 17.6108112335, "max": 30.8250102997, "mean": 12.3230171204, "median": 11.3740100861, "min": 2.61757230759, "var": 24.6483917236}, "erbbands_flatness_db": {"dmean": 0.0260917134583, "dmean2": 0.0372501090169, "dvar": 0.000832045741845, "dvar2": 0.00168216042221, "max": 0.447413146496, "mean": 0.226290285587, "median": 0.227616593242, "min": 0.0426807366312, "var": 0.00394824659452}, "erbbands_kurtosis": {"dmean": 2.85309457779, "dmean2": 4.56748628616, "dvar": 28.1120243073, "dvar2": 67.6162338257, "max": 136.901397705, "mean": 5.19643259048, "median": 2.89572572708, "min": -1.89547753334, "var": 74.4023895264}, "erbbands_skewness": {"dmean": 0.521694242954, "dmean2": 0.805920779705, "dvar": 0.460869580507, "dvar2": 1.08624064922, "max": 8.3659620285, "mean": 1.26790368557, "median": 1.19105172157, "min": -7.1121544838, "var": 1.6204354763}, "erbbands_spread": {"dmean": 8.5707321167, "dmean2": 13.7673215866, "dvar": 303.615631104, "dvar2": 725.033081055, "max": 220.869812012, "mean": 25.5149288177, "median": 19.3918800354, "min": 1.58226180077, "var": 556.200195312}, "hfc": {"dmean": 5.95135211945, "dmean2": 9.03659534454, "dvar": 313.614471436, "dvar2": 700.242797852, "max": 458.298034668, "mean": 16.5072345734, "median": 11.2339687347, "min": 1.21764678702e-16, "var": 644.223510742}, "melbands_crest": {"dmean": 2.83131241798, "dmean2": 4.67436265945, "dvar": 8.6890745163, "dvar2": 24.1027946472, "max": 35.3289451599, "mean": 19.1643714905, "median": 19.0334434509, "min": 2.24888396263, "var": 25.8382167816}, "melbands_flatness_db": {"dmean": 0.0370684713125, "dmean2": 0.0530228354037, "dvar": 0.00179238186684, "dvar2": 0.00364818470553, "max": 0.807651817799, "mean": 0.430991292, "median": 0.421564698219, "min": 0.00303335953504, "var": 0.0106727145612}, "melbands_kurtosis": {"dmean": 16.3777942657, "dmean2": 26.5932445526, "dvar": 1605.31408691, "dvar2": 4173.17089844, "max": 727.137023926, "mean": 29.9686717987, "median": 18.1788787842, "min": -1.82627654076, "var": 2069.27539062}, "melbands_skewness": {"dmean": 0.937469065189, "dmean2": 1.47997820377, "dvar": 1.87337970734, "dvar2": 4.65152549744, "max": 24.0781574249, "mean": 3.36932969093, "median": 3.07012820244, "min": -0.722366034985, "var": 4.27363061905}, "melbands_spread": {"dmean": 2.36839699745, "dmean2": 3.73172950745, "dvar": 73.8687057495, "dvar2": 174.256240845, "max": 243.79649353, "mean": 6.07415962219, "median": 3.43974685669, "min": 0.300964027643, "var": 139.319168091}, "pitch_salience": {"dmean": 0.0653857588768, "dmean2": 0.105386130512, "dvar": 0.00453674560413, "dvar2": 0.0117238238454, "max": 0.833082973957, "mean": 0.425724118948, "median": 0.417897343636, "min": 0.0934366285801, "var": 0.0163323003799}, "silence_rate_20dB": {"dmean": 0, "dmean2": 0, "dvar": 0, "dvar2": 0, "max": 1, "mean": 1, "median": 1, "min": 1, "var": 0}, "silence_rate_30dB": {"dmean": 0.111111111939, "dmean2": 0.22224996984, "dvar": 0.0987634137273, "dvar2": 0.229550346732, "max": 1, "mean": 0.761702656746, "median": 1, "min": 0, "var": 0.18150433898}, "silence_rate_60dB": {"dmean": 0.00249687884934, "dmean2": 0.00499438121915, "dvar": 0.00249058404006, "dvar2": 0.00571929151192, "max": 1, "mean": 0.028211209923, "median": 0, "min": 0, "var": 0.0274162851274}, "spectral_centroid": {"dmean": 99.897102356, "dmean2": 153.475418091, "dvar": 72819.453125, "dvar2": 149804.984375, "max": 11095.0810547, "mean": 448.229125977, "median": 349.604217529, "min": 103.35295105, "var": 175116.65625}, "spectral_complexity": {"dmean": 1.49313354492, "dmean2": 2.4499938488, "dvar": 3.94072365761, "dvar2": 9.64452934265, "max": 30, "mean": 8.58819103241, "median": 8, "min": 0, "var": 17.5657863617}, "spectral_decrease": {"dmean": 4.70444794232e-09, "dmean2": 7.37418881513e-09, "dvar": 3.50172850254e-17, "dvar2": 9.14536311543e-17, "max": 8.27334269624e-17, "mean": -1.89599536071e-08, "median": -1.91567686159e-08, "min": -7.05172311655e-08, "var": 1.28018984696e-16}, "spectral_energy": {"dmean": 0.0180554632097, "dmean2": 0.0283306501806, "dvar": 0.000506132433657, "dvar2": 0.0013213744387, "max": 0.269458413124, "mean": 0.073056474328, "median": 0.0737963542342, "min": 1.11732083631e-20, "var": 0.00187459588051}, "spectral_energyband_high": {"dmean": 0.000342992163496, "dmean2": 0.000516645377502, "dvar": 3.37493474944e-06, "dvar2": 7.30844249119e-06, "max": 0.0495253428817, "mean": 0.000416189257521, "median": 1.69410614035e-05, "min": 8.17953025079e-21, "var": 6.40507550997e-06}, "spectral_energyband_low": {"dmean": 0.0159569401294, "dmean2": 0.0253738742322, "dvar": 0.000507687625941, "dvar2": 0.00133761181496, "max": 0.248874127865, "mean": 0.0521922595799, "median": 0.0539496392012, "min": 9.74783303678e-23, "var": 0.0015027745394}, "spectral_energyband_middle_high": {"dmean": 0.000840607273858, "dmean2": 0.0013567720307, "dvar": 1.05031649582e-05, "dvar2": 2.96266825899e-05, "max": 0.0494796261191, "mean": 0.00180202245247, "median": 0.000587195390835, "min": 1.61495675199e-21, "var": 1.38871300805e-05}, "spectral_energyband_middle_low": {"dmean": 0.00617358414456, "dmean2": 0.00952725484967, "dvar": 8.01239293651e-05, "dvar2": 0.000192769803107, "max": 0.134082123637, "mean": 0.0200561918318, "median": 0.0166088398546, "min": 4.2205898684e-22, "var": 0.000254498736467}, "spectral_entropy": {"dmean": 0.298025906086, "dmean2": 0.441432476044, "dvar": 0.139174282551, "dvar2": 0.280791670084, "max": 9.79182529449, "mean": 6.19351863861, "median": 6.14741325378, "min": 3.87170648575, "var": 0.539682149887}, "spectral_flux": {"dmean": 0.0352240391076, "dmean2": 0.0549364462495, "dvar": 0.00155145500321, "dvar2": 0.00362730561756, "max": 0.428867250681, "mean": 0.0849373862147, "median": 0.0693899765611, "min": 1.05703397424e-10, "var": 0.00358120421879}, "spectral_kurtosis": {"dmean": 9.99871444702, "dmean2": 15.8661384583, "dvar": 198.92678833, "dvar2": 473.576049805, "max": 255.035614014, "mean": 23.9469509125, "median": 15.5752830505, "min": -1.63999891281, "var": 669.019592285}, "spectral_rms": {"dmean": 0.00101568899117, "dmean2": 0.00155487575103, "dvar": 1.36160360853e-06, "dvar2": 3.28982150677e-06, "max": 0.0162137672305, "mean": 0.00794222950935, "median": 0.00848507229239, "min": 3.30161961139e-12, "var": 8.1957268776e-06}, "spectral_rolloff": {"dmean": 172.348266602, "dmean2": 311.808990479, "dvar": 749677, "dvar2": 1646774.75, "max": 19487.5488281, "mean": 522.653625488, "median": 258.3984375, "min": 64.599609375, "var": 2404925}, "spectral_skewness": {"dmean": 0.738004744053, "dmean2": 1.13726067543, "dvar": 0.715545356274, "dvar2": 1.62118697166, "max": 13.3671560287, "mean": 3.55961441994, "median": 3.23202705383, "min": -0.61443734169, "var": 2.96194124222}, "spectral_spread": {"dmean": 1122247.875, "dmean2": 1694048.75, "dvar": 3537039261700.0, "dvar2": 7264360988670.0, "max": 40503876, "mean": 3760288.5, "median": 2883551.5, "min": 461906.40625, "var": 8954731036670.0}, "spectral_strongpeak": {"dmean": 0.272751420736, "dmean2": 0.482832461596, "dvar": 0.316906511784, "dvar2": 0.82453584671, "max": 10.6626424789, "mean": 0.719656169415, "median": 0.561740875244, "min": 0, "var": 0.513720989227}, "zerocrossingrate": {"dmean": 0.00621696002781, "dmean2": 0.00765374302864, "dvar": 0.000195056214579, "dvar2": 0.000233361555729, "max": 0.6826171875, "mean": 0.0213056653738, "median": 0.01318359375, "min": 0.001953125, "var": 0.00151597848162}, "barkbands": {"dmean": [0.000738194852602, 0.0140612758696, 0.00302496599033, 0.00153280759696, 0.00371994939633, 0.00158781907521, 0.000787735043559, 0.000199403293664, 0.000577158702072, 0.000238055959926, 0.000149195271661, 0.000126921135234, 4.09355416195e-05, 0.000156280802912, 0.000199026428163, 3.91375760955e-05, 0.000122608165839, 3.86785759474e-05, 1.28019764816e-05, 1.26366703626e-05, 1.30624157464e-05, 1.72596319317e-05, 3.82878533856e-05, 0.000135214853799, 0.000101905687188, 4.42054952146e-05, 9.66666721069e-06], "dmean2": [0.00103389762808, 0.0226033125073, 0.00488136801869, 0.00261399894953, 0.00580117059872, 0.00241679651663, 0.00123954715673, 0.000277134968201, 0.00074438995216, 0.000323500222294, 0.000198625522899, 0.000184165852261, 6.37537668808e-05, 0.000278834661003, 0.000354543677531, 6.43109233351e-05, 0.000214476560359, 6.76156851114e-05, 2.05242577067e-05, 2.03127983696e-05, 1.9797056666e-05, 2.60527303908e-05, 5.92317119299e-05, 0.000205751726753, 0.000163279415574, 7.33124252292e-05, 1.60302315635e-05], "dvar": [1.35985897032e-06, 0.000446988764452, 2.54808765021e-05, 9.07592311705e-06, 4.62173702545e-05, 6.86030898578e-06, 1.11936215035e-05, 2.54766860053e-07, 3.4168874663e-06, 1.4258888541e-06, 2.56189309766e-07, 5.04129786805e-07, 1.37572975234e-08, 8.88903059604e-07, 1.58478428602e-06, 2.22946887618e-08, 1.70851683379e-06, 4.1127712791e-08, 1.7422150389e-09, 6.37369534928e-09, 1.29337420773e-08, 1.83213906269e-08, 5.85617634385e-08, 1.1399287132e-06, 5.05761477143e-07, 3.81497358148e-08, 2.29592878043e-09], "dvar2": [2.88319711217e-06, 0.00122553564142, 6.10950955888e-05, 2.64391856035e-05, 0.000108304637251, 1.65534765983e-05, 2.7902684451e-05, 5.2969448916e-07, 6.01706324233e-06, 2.58242698692e-06, 4.46664927267e-07, 1.13313660677e-06, 3.26078577473e-08, 2.61244781541e-06, 4.68526422992e-06, 6.05148926525e-08, 4.91899800181e-06, 1.19333421367e-07, 4.42281855584e-09, 1.57006478929e-08, 2.85834094171e-08, 4.01283912765e-08, 1.30196880832e-07, 2.55610825661e-06, 1.1360384633e-06, 9.60362669389e-08, 5.84026782491e-09], "max": [0.0131733492017, 0.233479946852, 0.0731903985143, 0.0426958724856, 0.107108570635, 0.0550746805966, 0.0744142755866, 0.0149009265006, 0.068119674921, 0.0434789136052, 0.0172686837614, 0.0309380665421, 0.0031417151913, 0.0167596824467, 0.0227314308286, 0.00359095889144, 0.0381422378123, 0.00496735842898, 0.0012900584843, 0.00335895130411, 0.00547113129869, 0.00519897369668, 0.00595013890415, 0.0369704775512, 0.0288098789752, 0.00569703616202, 0.000981913646683], "mean": [0.00145484192763, 0.039747402072, 0.00967573467642, 0.00283188535832, 0.00809692405164, 0.00479481834918, 0.00157035375014, 0.000525113195181, 0.00195047946181, 0.000518568849657, 0.000383782200515, 0.000378078984795, 6.72628739267e-05, 0.000170126368175, 0.000204117357498, 5.74858604523e-05, 0.000140613541589, 4.5861601393e-05, 2.01884504349e-05, 1.65064502653e-05, 1.6251078705e-05, 1.74629822141e-05, 4.04771199101e-05, 0.000163102231454, 0.000123089164845, 3.84122431569e-05, 7.72111525293e-06], "median": [0.000671103072818, 0.0357267819345, 0.0057899672538, 0.00128410453908, 0.00442193541676, 0.00297816400416, 0.000376128184143, 0.000148885461385, 9.33937481022e-05, 6.32253068034e-05, 5.43868554814e-05, 2.94577366731e-05, 1.93271862372e-05, 1.88462836377e-05, 2.92557269859e-05, 9.80253935268e-06, 1.5307970898e-05, 8.28268548503e-06, 5.95227311351e-06, 3.28208102474e-06, 2.07736707125e-06, 5.10091410888e-07, 8.17910120077e-07, 3.18859133586e-06, 2.36136429521e-06, 5.9268768382e-07, 6.66346764433e-08], "min": [5.87432783029e-23, 3.31669183862e-23, 2.31237503416e-23, 4.15940007369e-23, 6.05328124218e-23, 7.5748961096e-23, 3.96176264903e-23, 1.04812572152e-22, 7.6641206956e-23, 6.71071855168e-23, 5.90147032522e-23, 1.03167872895e-22, 1.08326076582e-22, 8.09145358994e-23, 2.16425188416e-22, 1.4496823649e-22, 2.84963872486e-22, 2.23076156749e-22, 2.30440709725e-22, 2.5557790762e-22, 3.94041500008e-22, 5.48235710909e-22, 5.95382582444e-22, 9.67604215057e-22, 1.37957923712e-21, 1.67867308517e-21, 2.66944956551e-21], "var": [3.66359290638e-06, 0.00110630958807, 0.000113079018774, 1.65292603924e-05, 9.98341783998e-05, 2.89095569315e-05, 1.53601249622e-05, 1.15620366614e-06, 3.65087544196e-05, 3.94332482756e-06, 1.03393142581e-06, 3.80612800654e-06, 2.39507524924e-08, 5.82462803322e-07, 9.14653412565e-07, 3.76143987069e-08, 1.01551177067e-06, 2.76359326534e-08, 2.73578670829e-09, 6.43015685142e-09, 1.57257389333e-08, 2.52224356956e-08, 7.81281812579e-08, 1.89640968529e-06, 1.01837065358e-06, 3.76947042469e-08, 1.88720994387e-09]}, "erbbands": {"dmean": [0.566399097443, 2.67146110535, 3.87864398956, 3.72133231163, 9.63761043549, 12.8789758682, 15.1314611435, 10.7157373428, 12.8323163986, 5.95454597473, 5.46537017822, 12.2717580795, 11.8286895752, 6.06706905365, 5.73912572861, 3.94800949097, 1.85287380219, 5.21322250366, 13.5685214996, 5.02217292786, 2.35994338989, 6.23396968842, 3.09316015244, 1.27892434597, 0.52328389883, 0.590414583683, 0.613780140877, 0.471098124981, 0.568080842495, 0.736996531487, 1.17595398426, 2.09084224701, 2.79193210602, 1.48355555534, 0.52681607008, 0.242920652032, 0.0736221075058, 0.0124176247045, 0.0016985242255, 0.000110422122816], "dmean2": [0.900855243206, 4.3238363266, 6.24580526352, 6.22357368469, 15.2212486267, 20.6518821716, 23.1683959961, 16.4246520996, 20.5047779083, 8.75988006592, 7.23272037506, 15.2165775299, 14.3925628662, 8.33602237701, 7.68994903564, 5.37456274033, 2.83576989174, 8.73356628418, 25.3031005859, 8.21097660065, 3.70421743393, 10.8938560486, 5.49413967133, 2.19544458389, 0.822042346001, 0.943648934364, 0.940856158733, 0.718803703785, 0.861255049706, 1.1445119381, 1.79766869545, 3.23273563385, 4.32563018799, 2.31713628769, 0.842430949211, 0.402318298817, 0.122691065073, 0.0206283908337, 0.00283060735092, 0.000179465918336], "dvar": [0.815084278584, 17.459810257, 39.9819221497, 43.427154541, 398.055603027, 630.04486084, 707.713623047, 359.428527832, 2959.28955078, 350.767547607, 177.191345215, 1585.45910645, 2612.7800293, 872.879394531, 721.097106934, 261.290008545, 26.235244751, 596.641174316, 9748.70605469, 571.091003418, 67.8457183838, 4445.44775391, 656.171386719, 31.0883636475, 3.00551867485, 13.6643486023, 29.6736030579, 15.5621318817, 23.3714485168, 28.1862697601, 54.9345550537, 301.722686768, 552.694763184, 127.664093018, 8.3775806427, 1.11837482452, 0.108999423683, 0.00332447839901, 6.98680378264e-05, 2.26260127079e-07], "dvar2": [2.32031917572, 45.4675178528, 94.9086914062, 120.405715942, 942.780761719, 1572.66125488, 1722.26318359, 850.218200684, 7435.07861328, 882.720458984, 313.290496826, 2632.94287109, 3550.71020508, 1964.52575684, 1377.30810547, 512.686950684, 61.3189125061, 1696.80664062, 28948.8925781, 1622.21777344, 177.4609375, 12776.6308594, 1887.86108398, 89.3430938721, 7.84216594696, 32.6235160828, 67.3550720215, 33.4459762573, 52.7687492371, 64.2414932251, 120.757385254, 711.223327637, 1292.15283203, 283.918518066, 19.9662399292, 2.83865952492, 0.274823337793, 0.00833670794964, 0.000179860478966, 5.63761489047e-07], "max": [8.23040103912, 57.2059783936, 90.6440353394, 100.410018921, 338.304870605, 407.296875, 652.208435059, 654.473937988, 1073.83996582, 444.117340088, 430.011383057, 1196.8684082, 1970.38781738, 1409.32141113, 1150.80432129, 692.108459473, 147.843399048, 404.853515625, 1799.2208252, 418.952819824, 300.650756836, 1929.16992188, 764.312011719, 97.5634231567, 46.4427757263, 167.773452759, 222.844451904, 175.147735596, 193.250335693, 210.497344971, 195.322738647, 669.023010254, 719.070739746, 432.981872559, 121.480575562, 34.1081504822, 7.95969486237, 1.15099060535, 0.160457909107, 0.00783652160317], "mean": [1.29159045219, 8.22705364227, 13.255563736, 9.26602554321, 19.262430191, 25.6961841583, 41.0758705139, 32.591594696, 25.2590084076, 16.9328212738, 16.3757190704, 39.5865364075, 34.5691871643, 16.4461746216, 17.2062206268, 10.8454561234, 3.59888339043, 7.63951253891, 11.1547470093, 7.07658576965, 4.39191436768, 7.0582780838, 3.20698952675, 1.57202899456, 0.88897228241, 0.78074657917, 0.810075044632, 0.555834531784, 0.571296930313, 0.730251908302, 1.2826898098, 2.36985301971, 3.25895023346, 1.86697936058, 0.584550857544, 0.218486532569, 0.0622801594436, 0.0104002747685, 0.00138050457463, 0.000155225017807], "median": [1.08777344227, 6.84925794601, 9.02550697327, 6.75121498108, 9.52833938599, 12.4289560318, 22.9066753387, 19.7940616608, 9.22915077209, 4.19726514816, 4.8758597374, 3.10426521301, 3.22230601311, 3.01074647903, 2.25384616852, 1.60322141647, 1.26424896717, 1.25866317749, 1.30610704422, 1.35367166996, 0.929242134094, 0.841569602489, 0.550684273243, 0.39645549655, 0.255578458309, 0.167397603393, 0.111752398312, 0.0590451918542, 0.0212737061083, 0.0147082665935, 0.0271329134703, 0.0561533756554, 0.0550605803728, 0.0345939546824, 0.0115844262764, 0.00373915955424, 0.000832751276903, 0.000116288720164, 5.25403193024e-05, 8.73861790751e-05], "min": [8.30839564002e-22, 8.50492080867e-21, 2.00862394065e-20, 1.05693784713e-19, 1.35856634944e-19, 2.28052996947e-19, 3.40131575551e-19, 8.02896761118e-19, 5.9943974704e-19, 9.50032339756e-19, 2.87241052648e-18, 1.4780581207e-18, 1.62865751815e-18, 2.80722786703e-18, 1.94262105408e-18, 4.81879277081e-18, 4.77237801227e-18, 4.9368281355e-18, 9.9930134703e-18, 7.98931402018e-18, 8.91986904824e-18, 1.38441256928e-17, 1.51314445462e-17, 1.18213696557e-17, 1.12606222641e-17, 1.21673462187e-17, 1.29531893073e-17, 1.99195083845e-17, 1.99968911308e-17, 1.95613540685e-17, 1.6004644525e-17, 1.7508978348e-17, 1.78299674391e-17, 1.28968938764e-17, 1.10657906242e-17, 6.51930322947e-18, 3.32764462031e-18, 1.51536448331e-18, 2.9471643894e-19, 4.00341974791e-20], "var": [1.45942115784, 54.9166793823, 186.979187012, 90.2250518799, 729.492004395, 1287.44628906, 2581.02685547, 1676.33557129, 3390.64453125, 1613.15270996, 1036.51867676, 11672.34375, 19210.1269531, 2036.12011719, 3524.86889648, 1790.88269043, 54.6922912598, 647.071472168, 5167.04882812, 512.120727539, 137.050704956, 2679.92675781, 384.712188721, 22.4633483887, 5.4093413353, 14.1679162979, 33.7426643372, 20.9111423492, 30.1422805786, 32.2573776245, 77.5081100464, 396.669281006, 817.207763672, 261.542480469, 15.2069482803, 1.15833044052, 0.106904618442, 0.00313524715602, 5.66461385461e-05, 1.89858582189e-07]}, "gfcc": {"mean": [-81.1814880371, 158.970825195, -53.4608039856, 20.0310993195, -30.8849067688, 7.83077096939, -37.0704841614, 11.5880537033, -16.9024906158, -2.14060473442, -0.765200972557, -2.95715069771, 6.147960186], "cov": [[11224.2529297, -706.531677246, -1050.28015137, -128.842666626, -581.38848877, 628.000366211, -316.668243408, 524.131347656, -335.713562012, 37.8298683167, -451.131500244, -287.536895752, -136.055038452], [-706.531677246, 2683.0078125, -674.135498047, -392.187469482, 783.463195801, -477.213348389, 252.506652832, -175.418167114, 293.161743164, -223.04548645, 254.023773193, -217.773468018, 92.2278442383], [-1050.28015137, -674.135498047, 1436.90698242, 280.190216064, -240.157821655, 281.500976562, -12.8560552597, 10.8525056839, -41.6367340088, 67.2219619751, 28.8137550354, 118.284873962, -7.92323827744], [-128.842666626, -392.187469482, 280.190216064, 598.474243164, 14.3503608704, -4.30130290985, 24.1181697845, -16.4690532684, 64.4002456665, 24.0135345459, 2.19114041328, 38.1548957825, -0.910321056843], [-581.38848877, 783.463195801, -240.157821655, 14.3503608704, 668.208984375, -192.433273315, 66.4580535889, -76.009147644, 216.699981689, -73.6652908325, 69.7740859985, -8.50101661682, -80.2123641968], [628.000366211, -477.213348389, 281.500976562, -4.30130290985, -192.433273315, 360.460174561, 17.6523227692, 97.1070251465, -73.2467269897, 63.7621688843, -33.9422988892, -10.6905498505, 16.3795566559], [-316.668243408, 252.506652832, -12.8560552597, 24.1181697845, 66.4580535889, 17.6523227692, 319.235809326, 47.5793876648, 15.1380662918, 23.3616924286, 39.2510948181, -27.6784210205, 71.6347961426], [524.131347656, -175.418167114, 10.8525056839, -16.4690532684, -76.009147644, 97.1070251465, 47.5793876648, 256.971435547, -20.480922699, 10.6849346161, -3.53154921532, -7.53204679489, 57.9666824341], [-335.713562012, 293.161743164, -41.6367340088, 64.4002456665, 216.699981689, -73.2467269897, 15.1380662918, -20.480922699, 255.927764893, -5.30473995209, 39.7076187134, 21.299036026, -26.2375640869], [37.8298683167, -223.04548645, 67.2219619751, 24.0135345459, -73.6652908325, 63.7621688843, 23.3616924286, 10.6849346161, -5.30473995209, 142.329498291, 6.22831726074, 16.213722229, 3.50594353676], [-451.131500244, 254.023773193, 28.8137550354, 2.19114041328, 69.7740859985, -33.9422988892, 39.2510948181, -3.53154921532, 39.7076187134, 6.22831726074, 139.471542358, -0.127981826663, 43.8833236694], [-287.536895752, -217.773468018, 118.284873962, 38.1548957825, -8.50101661682, -10.6905498505, -27.6784210205, -7.53204679489, 21.299036026, 16.213722229, -0.127981826663, 143.266998291, -19.1563243866], [-136.055038452, 92.2278442383, -7.92323827744, -0.910321056843, -80.2123641968, 16.3795566559, 71.6347961426, 57.9666824341, -26.2375640869, 3.50594353676, 43.8833236694, -19.1563243866, 168.476135254]], "icov": [[0.000197344023036, -0.000274686666671, 0.000241127680056, -0.000298693455989, 0.000227675103815, -0.000551306642592, 0.000339911639458, -0.000459361908725, 0.000234998267842, -0.000218263332499, 0.000561293796636, -8.60169820953e-05, 0.000380139943445], [-0.000274686666671, 0.00218435749412, -0.000409709813539, 0.00164099386893, -0.00137784157414, 0.00196867226623, -0.00140365236439, 0.00148437498137, -0.00135157699697, 0.00176386965904, -0.00241362350062, 0.00233522593044, -0.00154227949679], [0.000241127680056, -0.000409709813539, 0.00137622863986, -0.000882508640643, 0.000601688807365, -0.00161942024715, 0.000418891810114, -0.000345947541064, 0.000353246316081, -0.000109594773676, 9.06650238903e-05, -0.000997653580271, 0.000784034375101], [-0.000298693455989, 0.00164099386893, -0.000882508640643, 0.00325610535219, -0.00107736384962, 0.00201809941791, -0.001307952567, 0.00132219435181, -0.00158488284796, 0.0010357456049, -0.00152548449114, 0.00158133567311, -0.00146259821486], [0.000227675103815, -0.00137784157414, 0.000601688807365, -0.00107736384962, 0.00380765623413, -0.000781274051405, 7.01480676071e-05, -0.000808554759715, -0.000957086856943, 6.52265298413e-05, 0.000422430079198, -0.00121238315478, 0.00269947876222], [-0.000551306642592, 0.00196867226623, -0.00161942024715, 0.00201809941791, -0.000781274051405, 0.00691938214004, -0.001795469434, 0.000439559749793, -0.00107260048389, 0.000167496895301, -0.00172581151128, 0.00278013641946, -0.00142555788625], [0.000339911639458, -0.00140365236439, 0.000418891810114, -0.001307952567, 7.01480676071e-05, -0.001795469434, 0.00499063916504, -0.0016726370668, 0.00115878588986, -0.00205193925649, 0.00160842633341, -0.000716044916771, -0.000560208805837], [-0.000459361908725, 0.00148437498137, -0.000345947541064, 0.00132219435181, -0.000808554759715, 0.000439559749793, -0.0016726370668, 0.00629287213087, -0.00131812470499, 0.00156974128913, -0.00183169997763, 0.000911849027034, -0.00273148156703], [0.000234998267842, -0.00135157699697, 0.000353246316081, -0.00158488284796, -0.000957086856943, -0.00107260048389, 0.00115878588986, -0.00131812470499, 0.00667448155582, -0.00176709331572, 0.000840981607325, -0.00206988235004, 0.00116894498933], [-0.000218263332499, 0.00176386965904, -0.000109594773676, 0.0010357456049, 6.52265298413e-05, 0.000167496895301, -0.00205193925649, 0.00156974128913, -0.00176709331572, 0.00988499261439, -0.00310843833722, 0.000852184835821, -0.000368600187358], [0.000561293796636, -0.00241362350062, 9.06650238903e-05, -0.00152548449114, 0.000422430079198, -0.00172581151128, 0.00160842633341, -0.00183169997763, 0.000840981607325, -0.00310843833722, 0.0125358309597, -0.00202454160899, -0.00121395918541], [-8.60169820953e-05, 0.00233522593044, -0.000997653580271, 0.00158133567311, -0.00121238315478, 0.00278013641946, -0.000716044916771, 0.000911849027034, -0.00206988235004, 0.000852184835821, -0.00202454160899, 0.0109050609171, -0.000815792416688], [0.000380139943445, -0.00154227949679, 0.000784034375101, -0.00146259821486, 0.00269947876222, -0.00142555788625, -0.000560208805837, -0.00273148156703, 0.00116894498933, -0.000368600187358, -0.00121395918541, -0.000815792416688, 0.0101307891309]]}, "melbands": {"dmean": [0.00431351177394, 0.00235162512399, 0.000751114508603, 0.000827933370601, 0.000519756227732, 0.000255364546319, 0.000183883676073, 5.5378950492e-05, 4.95743115607e-05, 8.29797936603e-05, 5.83994260523e-05, 2.39855289692e-05, 1.95671746042e-05, 1.67753005371e-05, 4.56953648609e-06, 4.81297138322e-06, 1.00547786133e-05, 2.37460790231e-05, 1.07723863039e-05, 3.89710567106e-06, 2.59833382188e-06, 6.06752246313e-06, 5.82310531172e-06, 1.85724036328e-06, 9.4893835012e-07, 4.47434530315e-07, 3.46775721027e-07, 4.14681096572e-07, 4.17714346668e-07, 3.01116557466e-07, 2.83955671421e-07, 3.24969704479e-07, 3.58888996743e-07, 4.51706625881e-07, 6.17013029114e-07, 9.22288052152e-07, 1.53197277086e-06, 2.00513250093e-06, 2.06862978303e-06, 1.07685514195e-06], "dmean2": [0.0069022802636, 0.00376464007422, 0.00123923877254, 0.00131092302036, 0.000808678509202, 0.000391102279536, 0.000290899333777, 8.13191218185e-05, 6.49179128231e-05, 0.00010463478975, 7.10672393325e-05, 3.36813827744e-05, 2.54790284089e-05, 2.36380528804e-05, 6.66747655487e-06, 7.37304299037e-06, 1.67598973349e-05, 4.46591548098e-05, 1.8574153728e-05, 6.11965424469e-06, 4.0645008994e-06, 1.01593850559e-05, 1.08662470666e-05, 3.19273476634e-06, 1.63881304616e-06, 6.98407575328e-07, 5.73526165226e-07, 6.66501989599e-07, 6.56966903989e-07, 4.74329937106e-07, 4.38702613792e-07, 4.91933803914e-07, 5.53752045107e-07, 7.14006091584e-07, 9.57598786044e-07, 1.42926614899e-06, 2.45700357482e-06, 3.17467197419e-06, 3.28769010594e-06, 1.66722782069e-06], "dvar": [4.40024123236e-05, 1.28779602164e-05, 1.5837350702e-06, 2.84567295239e-06, 7.40439986657e-07, 1.81811316224e-07, 5.88629234244e-07, 2.7442339956e-08, 1.61128586029e-08, 7.79617721491e-08, 6.41787138989e-08, 1.65229767646e-08, 5.12169107125e-09, 8.83184192446e-09, 2.10493650288e-10, 2.01936758981e-10, 2.14891238137e-09, 3.10790646552e-08, 3.80761111529e-09, 2.20383794547e-10, 1.06532116462e-10, 2.99415003902e-09, 5.60808510741e-09, 8.31563429227e-11, 1.63444969364e-11, 2.42178716317e-12, 2.05253609248e-12, 9.44068261066e-12, 1.52687463367e-11, 9.34560328431e-12, 5.93139296359e-12, 8.5886263379e-12, 9.24665292251e-12, 1.10871294784e-11, 1.6929756208e-11, 3.57644365512e-11, 2.4202967408e-10, 3.59021229412e-10, 3.12762621357e-10, 6.9127599478e-11], "dvar2": [0.000123839869048, 3.09977658617e-05, 4.34815456174e-06, 6.75844330544e-06, 1.81421341949e-06, 4.3337016109e-07, 1.48117487697e-06, 7.05509677346e-08, 2.69656048602e-08, 1.33837119165e-07, 8.8843712831e-08, 3.65446766182e-08, 8.6896392304e-09, 1.87629378701e-08, 4.09337730378e-10, 4.66278016198e-10, 6.06108363499e-09, 9.22988334651e-08, 1.11750635412e-08, 5.75399838887e-10, 2.75391043303e-10, 8.51675707736e-09, 1.62160738171e-08, 2.40620856573e-10, 4.66343318128e-11, 6.00559966341e-12, 5.66329882296e-12, 2.2886210288e-11, 3.62938880338e-11, 2.28766658394e-11, 1.30993080966e-11, 2.03627652934e-11, 2.09451206379e-11, 2.64097493874e-11, 3.88335856527e-11, 7.64892801874e-11, 5.98936567009e-10, 8.76072658862e-10, 7.66285201959e-10, 1.51546566962e-10], "max": [0.0660697221756, 0.0504934191704, 0.0167223736644, 0.028936676681, 0.0173260420561, 0.0131327165291, 0.0158572699875, 0.00403115712106, 0.00374051858671, 0.00799526460469, 0.00953778624535, 0.00612587155774, 0.00266896374524, 0.00431366078556, 0.000659470562823, 0.000435075809946, 0.000772420782596, 0.00322564388625, 0.00108225597069, 0.000341361854225, 0.000510824669618, 0.00157340744045, 0.00216104253195, 0.000164874145412, 7.15887072147e-05, 5.11285688845e-05, 5.13824234076e-05, 0.00014766305685, 0.000175348075572, 0.000162003881996, 8.220703603e-05, 0.0001270546054, 0.000127059582155, 0.000116993236588, 0.000116074872494, 0.000155044283019, 0.000665726605803, 0.0007467418327, 0.000619742437266, 0.000354160321876], "mean": [0.0112858740613, 0.00841633602977, 0.00195264338981, 0.00163060205523, 0.00139721506275, 0.000780088303145, 0.000374824681785, 0.000156735113706, 0.00014167156769, 0.000279275234789, 0.000166931844433, 6.05398818152e-05, 5.47462732357e-05, 5.05538955622e-05, 9.46290310821e-06, 8.3834893303e-06, 1.46579568536e-05, 1.8044409444e-05, 1.27840794448e-05, 6.12673011346e-06, 4.99786938235e-06, 8.13701080915e-06, 4.34291041529e-06, 2.37963877225e-06, 1.10161170142e-06, 7.88007810115e-07, 4.71061071039e-07, 5.21392053088e-07, 5.45262253127e-07, 3.6703855244e-07, 3.17169480013e-07, 3.15636043524e-07, 3.50876689481e-07, 4.1943172846e-07, 6.31634975434e-07, 1.03277648122e-06, 1.62312164775e-06, 2.18935247176e-06, 2.33766104429e-06, 1.34572474053e-06], "median": [0.0103050190955, 0.00786219723523, 0.00153380085249, 0.000799893401563, 0.000808980956208, 0.000492365390528, 0.000126825165353, 3.96992509195e-05, 2.76267073787e-05, 1.49300713019e-05, 1.16649998745e-05, 7.96601671027e-06, 7.5788061622e-06, 3.62008518096e-06, 2.53596499533e-06, 2.03781951313e-06, 1.89511820281e-06, 1.64156222127e-06, 1.99289843295e-06, 1.00388274404e-06, 8.79664639797e-07, 8.64189416916e-07, 3.87724213624e-07, 4.04768854878e-07, 2.56435669144e-07, 2.0048504723e-07, 1.11238101397e-07, 9.76470175829e-08, 7.12481664777e-08, 4.56828921358e-08, 2.62390589256e-08, 1.10211786364e-08, 5.72640646013e-09, 7.33664062835e-09, 1.23881926939e-08, 2.00758591973e-08, 3.68464050382e-08, 3.8046621853e-08, 2.8113129602e-08, 2.65835264912e-08], "min": [1.1292737918e-23, 1.12696637365e-23, 1.82845462273e-23, 1.31310977938e-23, 1.20511267042e-23, 1.65559610797e-23, 8.87961004237e-24, 1.18657491246e-23, 2.54941542994e-23, 8.09331135737e-24, 7.97961599054e-24, 1.1238700946e-23, 6.83916214645e-24, 1.02997900191e-23, 1.05802553145e-23, 1.17347193283e-23, 8.14847324503e-24, 1.39788014117e-23, 1.46214232823e-23, 9.30920712527e-24, 1.05802663586e-23, 1.17324332094e-23, 2.08533266148e-23, 9.80003085847e-24, 9.47220708754e-24, 8.08051840007e-24, 7.96138935933e-24, 8.31994084025e-24, 8.36807239952e-24, 7.56181158931e-24, 1.33963790945e-23, 1.18287105274e-23, 8.91969522041e-24, 1.21612201321e-23, 9.5518773058e-24, 8.3182447893e-24, 1.09689546926e-23, 1.23075877511e-23, 1.1173633332e-23, 1.04498534514e-23], "var": [9.32996044867e-05, 5.31369951204e-05, 3.34512606059e-06, 5.0012936299e-06, 2.69483280135e-06, 8.27282974569e-07, 7.16051374638e-07, 1.31099909595e-07, 9.44314848539e-08, 6.97479265455e-07, 4.79148525301e-07, 3.52302258477e-08, 2.34683934508e-08, 6.75372717751e-08, 7.308453287e-10, 4.13871298344e-10, 2.6330233549e-09, 1.63696487476e-08, 2.56268006815e-09, 3.70963038065e-10, 2.2285646939e-10, 2.0744830298e-09, 3.13176840017e-09, 6.64420324314e-11, 1.19831254294e-11, 5.42124591746e-12, 2.13777086311e-12, 9.10722365577e-12, 1.56604087337e-11, 9.40079264433e-12, 7.86178153828e-12, 1.04037741963e-11, 1.0774645065e-11, 1.13447194347e-11, 2.09541307916e-11, 5.49463981259e-11, 2.54440357672e-10, 4.37248903751e-10, 4.5090184364e-10, 1.51231208112e-10]}, "mfcc": {"mean": [-748.021484375, 194.821182251, 42.3450202942, 27.8252353668, 32.5032501221, -1.10496890545, 9.28482341766, 0.657836139202, 2.53693175316, 2.62440896034, -6.16864824295, 3.06662845612, -1.22228109837], "cov": [[8227.15625, -263.159515381, -790.788208008, -458.950561523, -138.242233276, -283.211578369, 106.239723206, -53.4966545105, 181.966049194, 180.397186279, -171.980102539, 17.5081157684, -197.611938477], [-263.159515381, 2598.28540039, -848.381530762, 11.4744539261, 212.872573853, -88.3586425781, -2.05964922905, 11.392282486, -30.1011486053, -1.29273366928, 74.4434051514, 10.1308050156, 76.1023025513], [-790.788208008, -848.381530762, 1496.19885254, -9.8202495575, -47.5421218872, 136.264938354, 115.836616516, 21.0771026611, 6.29080343246, -5.80446100235, -37.1238975525, 14.717877388, -18.438167572], [-458.950561523, 11.4744539261, -9.8202495575, 542.096130371, 95.3248901367, 75.2384872437, -34.0787734985, 60.1965103149, 17.103553772, -13.833366394, 39.1965789795, 39.1777801514, 44.3384780884], [-138.242233276, 212.872573853, -47.5421218872, 95.3248901367, 375.097045898, 41.2113876343, -112.488319397, 72.9093551636, -30.2042179108, -14.5589675903, 64.373550415, 26.7656955719, 26.2602119446], [-283.211578369, -88.3586425781, 136.264938354, 75.2384872437, 41.2113876343, 274.475067139, -28.3089160919, 18.7683467865, -21.7382011414, 14.2866344452, 62.0476341248, -30.7814426422, 57.0484352112], [106.239723206, -2.05964922905, 115.836616516, -34.0787734985, -112.488319397, -28.3089160919, 327.165740967, -6.32675886154, 66.2859725952, 66.8090744019, -45.6999359131, 12.791633606, -39.0344657898], [-53.4966545105, 11.392282486, 21.0771026611, 60.1965103149, 72.9093551636, 18.7683467865, -6.32675886154, 171.975738525, 41.6328659058, -9.28744125366, 34.4783210754, 28.2082252502, 19.4288959503], [181.966049194, -30.1011486053, 6.29080343246, 17.103553772, -30.2042179108, -21.7382011414, 66.2859725952, 41.6328659058, 163.893539429, 57.7613563538, -18.3576774597, 30.3474655151, -11.7882909775], [180.397186279, -1.29273366928, -5.80446100235, -13.833366394, -14.5589675903, 14.2866344452, 66.8090744019, -9.28744125366, 57.7613563538, 151.660934448, 9.45510005951, -3.15213274956, -5.47626829147], [-171.980102539, 74.4434051514, -37.1238975525, 39.1965789795, 64.373550415, 62.0476341248, -45.6999359131, 34.4783210754, -18.3576774597, 9.45510005951, 129.874725342, 17.4334411621, 36.9974136353], [17.5081157684, 10.1308050156, 14.717877388, 39.1777801514, 26.7656955719, -30.7814426422, 12.791633606, 28.2082252502, 30.3474655151, -3.15213274956, 17.4334411621, 111.451942444, 13.8409309387], [-197.611938477, 76.1023025513, -18.438167572, 44.3384780884, 26.2602119446, 57.0484352112, -39.0344657898, 19.4288959503, -11.7882909775, -5.47626829147, 36.9974136353, 13.8409309387, 121.589866638]], "icov": [[0.000151922882651, 4.38792048953e-05, 0.000109969470941, 0.000116664654342, -2.19465546252e-05, 1.55499128596e-05, 6.70030021865e-06, -2.37191961787e-05, -7.73103383835e-05, -0.00015038564743, 0.000155392786837, -9.42450642469e-05, 0.000146141872392], [4.38792048953e-05, 0.00053872494027, 0.000317240221193, 7.3627808888e-05, -0.000345804262906, 0.000159936404089, -0.000291279953672, 8.02583381301e-05, 1.73228399944e-05, 4.79775808344e-05, -0.00013199300156, 7.31828258722e-05, -0.000315630430123], [0.000109969470941, 0.000317240221193, 0.000997287337668, 0.000171237741597, -0.000144871766679, -0.000501102185808, -0.000405769620556, -0.000123141027871, 8.21700086817e-05, 7.11859247531e-05, 0.000410496111726, -0.000367425149307, 0.00015285765403], [0.000116664654342, 7.3627808888e-05, 0.000171237741597, 0.00220180349424, -0.000391800189391, -0.000563208712265, -1.88294927739e-06, -0.000330028793542, -0.000343920430169, 0.000164864046383, 0.000143159515574, -0.000695754832122, -0.000222688977374], [-2.19465546252e-05, -0.000345804262906, -0.000144871766679, -0.000391800189391, 0.00376654649153, -0.000278568215435, 0.00121380016208, -0.00139716861304, 0.000837035651784, -0.000529291282874, -0.000585010449868, -0.000796089821961, 0.000557764316909], [1.55499128596e-05, 0.000159936404089, -0.000501102185808, -0.000563208712265, -0.000278568215435, 0.00536501407623, -7.61296178098e-05, 4.7230440714e-07, 0.000144296005601, -0.000531024415977, -0.00216968217865, 0.00234327907674, -0.00204346864484], [6.70030021865e-06, -0.000291279953672, -0.000405769620556, -1.88294927739e-06, 0.00121380016208, -7.61296178098e-05, 0.00434611644596, -0.000411358079873, -0.000562773551792, -0.00166925252415, 0.000990961678326, -0.000804096926004, 0.00102716602851], [-2.37191961787e-05, 8.02583381301e-05, -0.000123141027871, -0.000330028793542, -0.00139716861304, 4.7230440714e-07, -0.000411358079873, 0.00775065412745, -0.00275743054226, 0.00164834130555, -0.00180405739229, -0.00028754977393, -0.000667543907184], [-7.73103383835e-05, 1.73228399944e-05, 8.21700086817e-05, -0.000343920430169, 0.000837035651784, 0.000144296005601, -0.000562773551792, -0.00275743054226, 0.00917198881507, -0.00342360627837, 0.0017764926888, -0.00220717862248, 0.000458583846921], [-0.00015038564743, 4.79775808344e-05, 7.11859247531e-05, 0.000164864046383, -0.000529291282874, -0.000531024415977, -0.00166925252415, 0.00164834130555, -0.00342360627837, 0.00907388050109, -0.00201561790891, 0.00123700941913, -0.00021032251243], [0.000155392786837, -0.00013199300156, 0.000410496111726, 0.000143159515574, -0.000585010449868, -0.00216968217865, 0.000990961678326, -0.00180405739229, 0.0017764926888, -0.00201561790891, 0.0112031605095, -0.00240705278702, -0.00095750275068], [-9.42450642469e-05, 7.31828258722e-05, -0.000367425149307, -0.000695754832122, -0.000796089821961, 0.00234327907674, -0.000804096926004, -0.00028754977393, -0.00220717862248, 0.00123700941913, -0.00240705278702, 0.0115229031071, -0.00187822023872], [0.000146141872392, -0.000315630430123, 0.00015285765403, -0.000222688977374, 0.000557764316909, -0.00204346864484, 0.00102716602851, -0.000667543907184, 0.000458583846921, -0.00021032251243, -0.00095750275068, -0.00187822023872, 0.0105786891654]]}, "spectral_contrast_coeffs": {"dmean": [0.0453656800091, 0.0429273992777, 0.03761831671, 0.0311484932899, 0.0245124138892, 0.0199430696666], "dmean2": [0.0733333304524, 0.0695138573647, 0.0577002577484, 0.0493869520724, 0.0381196625531, 0.0312584154308], "dvar": [0.00165423320141, 0.00167446827982, 0.00125057587866, 0.000814207014628, 0.000581129279453, 0.000401551340474], "dvar2": [0.00405043782666, 0.00429845927283, 0.00273746950552, 0.00190859753639, 0.00131437624805, 0.000912539369892], "max": [-0.298352450132, -0.345332235098, -0.340738892555, -0.527116954327, -0.571428954601, -0.58224016428], "mean": [-0.641487658024, -0.615268945694, -0.711247801781, -0.767013132572, -0.785407066345, -0.832936584949], "median": [-0.654070019722, -0.613180160522, -0.718750834465, -0.770340263844, -0.79220867157, -0.835940957069], "min": [-0.958123922348, -0.962452352047, -0.968289732933, -0.957316815853, -0.959807395935, -0.957353293896], "var": [0.00765228876844, 0.00779035128653, 0.0095965443179, 0.00414569443092, 0.00379166193306, 0.00158456049394]}, "spectral_contrast_valleys": {"dmean": [0.36063092947, 0.363084584475, 0.396745175123, 0.423785209656, 0.392704337835, 0.501327514648], "dmean2": [0.572856664658, 0.586886227131, 0.630434155464, 0.67588943243, 0.57505273819, 0.696507811546], "dvar": [0.134951725602, 0.146648570895, 0.175000175834, 0.26903629303, 0.257719427347, 0.399674683809], "dvar2": [0.28367716074, 0.346731394529, 0.411138385534, 0.625739336014, 0.537853062153, 0.71547281