{"lowlevel": {"average_loudness": 0.859538912773, "barkbands_crest": {"dmean": 2.19188547134, "dmean2": 3.42157125473, "dvar": 5.77165555954, "dvar2": 14.4160671234, "max": 24.3652648926, "mean": 12.3693561554, "median": 11.3900737762, "min": 4.77035236359, "var": 18.7670822144}, "barkbands_flatness_db": {"dmean": 0.0356821343303, "dmean2": 0.0452331788838, "dvar": 0.00112569495104, "dvar2": 0.00213093543425, "max": 0.579018712044, "mean": 0.259113937616, "median": 0.253442496061, "min": 0.0400360785425, "var": 0.00982363056391}, "barkbands_kurtosis": {"dmean": 6.00898981094, "dmean2": 9.43235492706, "dvar": 89.002494812, "dvar2": 243.1822052, "max": 182.168701172, "mean": 12.2642450333, "median": 7.59706926346, "min": -1.43049860001, "var": 251.230728149}, "barkbands_skewness": {"dmean": 0.648068666458, "dmean2": 0.965990900993, "dvar": 0.575486183167, "dvar2": 1.44480979443, "max": 10.7483406067, "mean": 2.02401733398, "median": 1.89239954948, "min": -2.47064948082, "var": 2.45436429977}, "barkbands_spread": {"dmean": 3.26656675339, "dmean2": 5.31804513931, "dvar": 74.2417297363, "dvar2": 187.535064697, "max": 98.5549850464, "mean": 7.11228132248, "median": 4.58987092972, "min": 0.492350846529, "var": 91.2623977661}, "dissonance": {"dmean": 0.0399932600558, "dmean2": 0.0632133036852, "dvar": 0.00136988947634, "dvar2": 0.00333765079267, "max": 0.4996971488, "mean": 0.36980637908, "median": 0.364536881447, "min": 0.19305999577, "var": 0.00393906561658}, "dynamic_complexity": 4.25965881348, "erbbands_crest": {"dmean": 2.72653222084, "dmean2": 4.10909795761, "dvar": 8.70680332184, "dvar2": 20.153553009, "max": 30.9168167114, "mean": 12.5386476517, "median": 11.5031757355, "min": 2.42237448692, "var": 28.8579616547}, "erbbands_flatness_db": {"dmean": 0.0338051244617, "dmean2": 0.0420785993338, "dvar": 0.00103801325895, "dvar2": 0.00181224162225, "max": 0.431252300739, "mean": 0.238834634423, "median": 0.23828753829, "min": 0.0298446398228, "var": 0.00684488611296}, "erbbands_kurtosis": {"dmean": 3.44204425812, "dmean2": 5.37969732285, "dvar": 28.4930362701, "dvar2": 77.6916656494, "max": 89.1133728027, "mean": 5.82940530777, "median": 3.89244246483, "min": -1.75897741318, "var": 46.4251670837}, "erbbands_skewness": {"dmean": 0.526424050331, "dmean2": 0.799750864506, "dvar": 0.345904290676, "dvar2": 0.906018674374, "max": 7.28153848648, "mean": 1.61498939991, "median": 1.473944664, "min": -0.961756944656, "var": 1.05341231823}, "erbbands_spread": {"dmean": 6.86139440536, "dmean2": 10.1958465576, "dvar": 182.292755127, "dvar2": 413.155639648, "max": 158.552688599, "mean": 17.5425872803, "median": 12.1729221344, "min": 1.39763081074, "var": 273.26373291}, "hfc": {"dmean": 7.45176839828, "dmean2": 11.8110780716, "dvar": 265.325836182, "dvar2": 688.95513916, "max": 160.027008057, "mean": 12.5565452576, "median": 8.66369056702, "min": 1.1721138692e-16, "var": 254.128143311}, "melbands_crest": {"dmean": 2.37645483017, "dmean2": 3.75147151947, "dvar": 7.07358169556, "dvar2": 18.314907074, "max": 28.7291507721, "mean": 13.8056411743, "median": 13.3045330048, "min": 1.59695219994, "var": 21.8829040527}, "melbands_flatness_db": {"dmean": 0.040306456387, "dmean2": 0.0509988516569, "dvar": 0.00154311594088, "dvar2": 0.00308595714159, "max": 0.771486401558, "mean": 0.359055280685, "median": 0.354015469551, "min": 0.00350232771598, "var": 0.0168526992202}, "melbands_kurtosis": {"dmean": 7.27785587311, "dmean2": 10.9623632431, "dvar": 174.071914673, "dvar2": 412.233581543, "max": 319.390258789, "mean": 14.7161083221, "median": 8.97957420349, "min": -1.41378045082, "var": 522.080932617}, "melbands_skewness": {"dmean": 0.653769493103, "dmean2": 0.957583785057, "dvar": 0.731117725372, "dvar2": 1.60451579094, "max": 12.770324707, "mean": 2.05807757378, "median": 1.80432033539, "min": -1.33652245998, "var": 2.15175414085}, "melbands_spread": {"dmean": 2.12445735931, "dmean2": 3.41951847076, "dvar": 25.4827632904, "dvar2": 58.1740760803, "max": 165.881820679, "mean": 10.1758270264, "median": 5.48308849335, "min": 0.612158894539, "var": 527.603027344}, "pitch_salience": {"dmean": 0.0641312152147, "dmean2": 0.101168215275, "dvar": 0.00537010747939, "dvar2": 0.0133653962985, "max": 0.925254702568, "mean": 0.541251778603, "median": 0.542531609535, "min": 0.181126177311, "var": 0.0154544003308}, "silence_rate_20dB": {"dmean": 0, "dmean2": 0, "dvar": 0, "dvar2": 0, "max": 1, "mean": 1, "median": 1, "min": 1, "var": 0}, "silence_rate_30dB": {"dmean": 0.0369799695909, "dmean2": 0.0739979445934, "dvar": 0.0356117039919, "dvar2": 0.0808561444283, "max": 1, "mean": 0.965605735779, "median": 1, "min": 0, "var": 0.0332110673189}, "silence_rate_60dB": {"dmean": 0.00616332842037, "dmean2": 0.0123329907656, "dvar": 0.00612548505887, "dvar2": 0.0132090225816, "max": 1, "mean": 0.0985626280308, "median": 0, "min": 0, "var": 0.0888491421938}, "spectral_centroid": {"dmean": 73.4275054932, "dmean2": 108.981430054, "dvar": 40802.90625, "dvar2": 65042.515625, "max": 10418.2939453, "mean": 569.840148926, "median": 431.44342041, "min": 150.93951416, "var": 469362.84375}, "spectral_complexity": {"dmean": 1.80277347565, "dmean2": 2.86330938339, "dvar": 8.3638048172, "dvar2": 18.3884239197, "max": 40, "mean": 9.53593444824, "median": 10, "min": 0, "var": 21.0084114075}, "spectral_decrease": {"dmean": 3.48128059713e-09, "dmean2": 5.57853407912e-09, "dvar": 5.14716511058e-17, "dvar2": 1.38023661413e-16, "max": 5.03214498466e-18, "mean": -8.6019049661e-09, "median": -6.97954050111e-09, "min": -7.02817644083e-08, "var": 6.93780004027e-17}, "spectral_energy": {"dmean": 0.0136583652347, "dmean2": 0.0218732021749, "dvar": 0.0007779612788, "dvar2": 0.00207568355836, "max": 0.274869322777, "mean": 0.0336044318974, "median": 0.0272627342492, "min": 1.07800665432e-20, "var": 0.00105207017623}, "spectral_energyband_high": {"dmean": 0.000316001911415, "dmean2": 0.000526957795955, "dvar": 1.26803536205e-06, "dvar2": 3.3494939089e-06, "max": 0.0120174828917, "mean": 0.000238304608501, "median": 1.42017743201e-05, "min": 7.92768525822e-21, "var": 9.0379711537e-07}, "spectral_energyband_low": {"dmean": 0.00628223642707, "dmean2": 0.0107780536637, "dvar": 0.000543197384104, "dvar2": 0.00154116773047, "max": 0.244672209024, "mean": 0.0130166495219, "median": 0.0023376098834, "min": 5.89565926025e-23, "var": 0.000527100812178}, "spectral_energyband_middle_high": {"dmean": 0.000721891352441, "dmean2": 0.00118385336827, "dvar": 9.35714797379e-06, "dvar2": 2.71433855232e-05, "max": 0.0423012264073, "mean": 0.00114604877308, "median": 0.000647529377602, "min": 1.58758749425e-21, "var": 6.08592654316e-06}, "spectral_energyband_middle_low": {"dmean": 0.00840848125517, "dmean2": 0.0129843940958, "dvar": 0.000177069261554, "dvar2": 0.000447919155704, "max": 0.11745018512, "mean": 0.0201235339046, "median": 0.0164300128818, "min": 3.43617586677e-22, "var": 0.000299062317936}, "spectral_entropy": {"dmean": 0.369187533855, "dmean2": 0.455700278282, "dvar": 0.156441390514, "dvar2": 0.271855115891, "max": 9.80354499817, "mean": 6.25853395462, "median": 6.08271312714, "min": 4.64309358597, "var": 0.846800029278}, "spectral_flux": {"dmean": 0.035374622792, "dmean2": 0.053003333509, "dvar": 0.00243443436921, "dvar2": 0.00474032154307, "max": 0.457912892103, "mean": 0.0683125033975, "median": 0.048968937248, "min": 1.03827099696e-10, "var": 0.00463907141238}, "spectral_kurtosis": {"dmean": 13.9217042923, "dmean2": 20.800157547, "dvar": 469.256286621, "dvar2": 1187.03540039, "max": 487.166931152, "mean": 38.2093238831, "median": 17.9746208191, "min": -1.23133409023, "var": 4131.26464844}, "spectral_rms": {"dmean": 0.00095087493537, "dmean2": 0.00142876361497, "dvar": 2.20115521188e-06, "dvar2": 5.51768698642e-06, "max": 0.0163757503033, "mean": 0.00507126422599, "median": 0.00515730446205, "min": 3.24301371347e-12, "var": 7.06717082721e-06}, "spectral_rolloff": {"dmean": 226.014953613, "dmean2": 420.872009277, "dvar": 1508304.75, "dvar2": 3982105.75, "max": 19422.9492188, "mean": 1183.33300781, "median": 473.73046875, "min": 86.1328125, "var": 12023741}, "spectral_skewness": {"dmean": 0.904622495174, "dmean2": 1.23574817181, "dvar": 0.887289762497, "dvar2": 1.84157681465, "max": 18.6462631226, "mean": 4.22378492355, "median": 3.53395056725, "min": 0.0713781043887, "var": 8.18882751465}, "spectral_spread": {"dmean": 1208875.25, "dmean2": 1582502.375, "dvar": 3343043002370.0, "dvar2": 5612962840580.0, "max": 40735096, "mean": 3630604, "median": 2835146, "min": 195283.671875, "var": 8577209073660.0}, "spectral_strongpeak": {"dmean": 0.428758591413, "dmean2": 0.695114552975, "dvar": 0.353791594505, "dvar2": 0.821724057198, "max": 5.87948942184, "mean": 0.998961925507, "median": 0.722697138786, "min": 0, "var": 0.781960904598}, "zerocrossingrate": {"dmean": 0.0079965768382, "dmean2": 0.0101844025776, "dvar": 0.000272421486443, "dvar2": 0.000360619305866, "max": 0.521484375, "mean": 0.0430178791285, "median": 0.02197265625, "min": 0.0029296875, "var": 0.00817392580211}, "barkbands": {"dmean": [0.000231783851632, 0.00475894240662, 0.00149010668974, 0.000558889005333, 0.00146891910117, 0.00341892824508, 0.00445985002443, 0.000696688715834, 0.00026647769846, 0.000125524544274, 0.000129955893499, 0.000167820209754, 0.000125702630612, 0.000112637790153, 8.00445195637e-05, 4.81864772155e-05, 5.39564534847e-05, 2.25655148824e-05, 1.84691944014e-05, 1.48495819303e-05, 1.74006090674e-05, 2.23191200348e-05, 2.37317162828e-05, 3.29261602019e-05, 8.49171628943e-05, 0.000106083673018, 2.75857510132e-05], "dmean2": [0.000382730853744, 0.00835150759667, 0.00243712263182, 0.000916502147447, 0.00238246843219, 0.00529197556898, 0.00683210836723, 0.00101879192516, 0.00041003790102, 0.000199593792786, 0.000197660017875, 0.000272970937658, 0.000220730449655, 0.000201758186449, 0.00014617521083, 8.30669887364e-05, 9.24346968532e-05, 3.43856227119e-05, 2.8589838621e-05, 2.15433137782e-05, 2.58621112152e-05, 3.45295375155e-05, 3.78924269171e-05, 5.3603122069e-05, 0.000147997954627, 0.000185293727554, 4.75908418593e-05], "dvar": [7.07947549472e-07, 0.000349943031324, 2.29091656365e-05, 1.4232596186e-06, 8.08294498711e-06, 3.48158682755e-05, 7.60785260354e-05, 3.06892388835e-06, 3.44612601566e-07, 1.39718508763e-07, 8.74125021255e-08, 3.30085612177e-07, 3.39602536314e-07, 3.49618204609e-07, 2.50258239021e-07, 6.10892172404e-08, 1.02263307156e-07, 2.98221558559e-09, 1.6677014214e-09, 9.04038954808e-10, 1.59148905166e-09, 3.393288317e-09, 3.70967945251e-09, 1.0360353464e-08, 1.20243683455e-07, 2.38245533524e-07, 1.32754101045e-08], "dvar2": [1.7475159666e-06, 0.00100614735857, 6.32997616776e-05, 3.29754698214e-06, 2.08066830965e-05, 8.77763159224e-05, 0.000186593417311, 6.77359730616e-06, 8.50125104535e-07, 3.54738460828e-07, 1.9764192416e-07, 8.98961275198e-07, 9.80169716058e-07, 1.02909018551e-06, 7.37205880341e-07, 1.76689994191e-07, 2.97642770875e-07, 7.46637596194e-09, 4.02608435479e-09, 2.00930938554e-09, 3.82943987631e-09, 8.82410322589e-09, 9.75730074515e-09, 2.59242760592e-08, 3.25477714114e-07, 6.42648785742e-07, 3.42570949385e-08], "max": [0.0124208554626, 0.179627001286, 0.0674288868904, 0.0178886428475, 0.0488512776792, 0.064866900444, 0.0945333614945, 0.026577828452, 0.00989976804703, 0.00758715113625, 0.00490956148133, 0.00795160233974, 0.00936897844076, 0.00997016672045, 0.00734204892069, 0.00417974218726, 0.00562643073499, 0.000652182963677, 0.000549806107301, 0.000341436796589, 0.000483818381326, 0.000866451417096, 0.000645469932351, 0.00112392974552, 0.00393594056368, 0.00581206055358, 0.00134130229708], "mean": [0.000263164372882, 0.00790852680802, 0.00400576926768, 0.00145673460793, 0.00295045855455, 0.00685538724065, 0.00671623880044, 0.00134088890627, 0.000636003969703, 0.000270602467936, 0.000297808961477, 0.000222002752707, 0.000117983356176, 0.000101261473901, 6.89460066496e-05, 4.36676382378e-05, 5.71170930925e-05, 2.68714102276e-05, 1.92040970433e-05, 1.57161084644e-05, 1.81964624062e-05, 1.91833059944e-05, 1.94775366253e-05, 2.647085239e-05, 5.76593229198e-05, 7.0248504926e-05, 1.88907379197e-05], "median": [1.15043376354e-05, 0.000987682491541, 0.000828497402836, 0.000442941178335, 0.00205835001543, 0.00359063455835, 0.00248944130726, 0.00049204408424, 0.000306010537315, 9.06793138711e-05, 0.000131965280161, 9.66626321315e-05, 2.88933624688e-05, 2.98330123769e-05, 1.54125245899e-05, 7.5407665463e-06, 8.34259662952e-06, 6.17764499111e-06, 3.58146189683e-06, 2.35764741774e-06, 1.70544717548e-06, 1.21431912703e-06, 1.41437362799e-06, 2.25681242227e-06, 2.07359153137e-06, 8.78864909737e-07, 1.80412044415e-07], "min": [1.15323118195e-23, 3.96519924267e-23, 8.01580419571e-24, 1.20834548157e-24, 4.34491491505e-23, 6.22968568672e-23, 1.75650403952e-23, 3.59899991305e-23, 1.75601119078e-22, 7.50212526881e-23, 4.30959193252e-23, 2.27675480884e-22, 6.63086500214e-23, 1.32920651771e-22, 9.31651986586e-23, 1.59105456948e-22, 1.91736947039e-22, 2.29876491162e-22, 2.76885482432e-22, 2.11106574597e-22, 4.14585861361e-22, 4.7267394335e-22, 8.36205231796e-22, 8.08063925356e-22, 1.39604509924e-21, 1.69641637184e-21, 2.28671071309e-21], "var": [6.92498758781e-07, 0.000272150908131, 4.58381400676e-05, 5.22258142155e-06, 1.18851748994e-05, 6.94453410688e-05, 0.000107271545858, 6.05628156336e-06, 9.74329623205e-07, 3.3160316093e-07, 2.92622161169e-07, 2.61003293645e-07, 2.0082671881e-07, 1.92372468177e-07, 1.35388219746e-07, 3.61634207025e-08, 6.12546244838e-08, 3.00579472423e-09, 1.66612867947e-09, 1.07157438478e-09, 1.76555081666e-09, 2.77864753429e-09, 2.87028778523e-09, 8.36098656976e-09, 7.95375711959e-08, 1.58498949077e-07, 9.64591873043e-09]}, "erbbands": {"dmean": [0.125856339931, 1.09744524956, 1.96033585072, 1.68856942654, 3.38668394089, 4.82848501205, 19.8435935974, 26.3301734924, 54.1224975586, 48.5154647827, 11.4172506332, 5.67549037933, 4.22104358673, 3.6469373703, 5.50970935822, 7.14910793304, 5.81040048599, 6.0317492485, 4.51483869553, 3.60026669502, 2.37672495842, 3.10778641701, 1.48395657539, 1.06280004978, 0.787247717381, 0.631560564041, 0.779419898987, 0.599512815475, 0.725307822227, 0.839357078075, 0.669906437397, 0.552630066872, 0.682840526104, 0.708446443081, 0.7057030797, 0.493431895971, 0.179120525718, 0.0358261987567, 0.00496683781967, 0.00024861341808], "dmean2": [0.222981899977, 1.92041826248, 3.28821873665, 2.72590661049, 5.48349809647, 8.02550315857, 32.3560714722, 39.3585243225, 84.2484130859, 73.1318283081, 16.7188949585, 8.61709690094, 6.62895154953, 6.07450580597, 8.38591575623, 11.3889074326, 9.95438766479, 10.7569618225, 8.31168079376, 6.4509677887, 4.06303453445, 5.26529169083, 2.33336734772, 1.65637671947, 1.16290426254, 0.91477149725, 1.13285565376, 0.904174983501, 1.10268878937, 1.30459487438, 1.09360742569, 0.879696011543, 1.13000273705, 1.23092031479, 1.22775375843, 0.863585591316, 0.309882998466, 0.0623684376478, 0.00855948962271, 0.000420836149715], "dvar": [0.254818439484, 18.3451805115, 48.0562973022, 13.8622436523, 64.2682952881, 91.0884017944, 1566.32727051, 1942.94897461, 12576.1162109, 11278.5341797, 924.995300293, 160.538314819, 194.739196777, 90.6585922241, 254.86491394, 598.266906738, 697.782958984, 977.384460449, 778.480529785, 474.715759277, 159.54510498, 334.133666992, 19.8389492035, 6.25166893005, 2.77471470833, 1.72052323818, 3.02789831161, 2.25124144554, 3.31478118896, 4.64961862564, 3.3664829731, 2.2680170536, 5.3331193924, 8.39177036285, 8.26141548157, 4.90304422379, 0.709801912308, 0.0241847038269, 0.00042765084072, 9.00387135516e-07], "dvar2": [0.733897030354, 52.6386260986, 135.499923706, 31.842754364, 157.941070557, 238.698257446, 4143.44189453, 4602.81933594, 31810.3398438, 27635.4492188, 1926.7779541, 388.644348145, 506.716186523, 256.553985596, 600.814086914, 1592.97937012, 2016.22351074, 2868.15844727, 2292.53466797, 1396.5748291, 463.223144531, 969.990478516, 53.1315422058, 15.8974599838, 6.1645898819, 3.89843869209, 7.22427845001, 5.67162561417, 8.3898935318, 12.0092124939, 9.05777454376, 5.71557426453, 13.4093017578, 22.8243236542, 22.2485713959, 13.2828474045, 1.90043461323, 0.0632669627666, 0.00110588839743, 2.32229876929e-06], "max": [6.36003780365, 40.5091896057, 81.9526138306, 79.4528808594, 154.937179565, 144.172912598, 361.036621094, 417.430786133, 1351.62939453, 1343.86621094, 541.092590332, 230.453369141, 359.114654541, 124.151901245, 241.004135132, 326.537475586, 418.501983643, 545.351867676, 424.611419678, 306.746429443, 231.586273193, 324.74887085, 60.5782623291, 37.3348426819, 22.8608474731, 15.5509386063, 25.9001350403, 20.7265853882, 29.4883804321, 24.4973869324, 20.0696926117, 15.6873817444, 26.6640510559, 34.0419464111, 30.2905387878, 24.8938331604, 10.8845129013, 1.94567835331, 0.216673955321, 0.00930959079415], "mean": [0.202267885208, 1.8659003973, 4.64516592026, 5.07697486877, 6.64404678345, 10.605597496, 33.8437843323, 53.9050445557, 89.2838516235, 74.7216644287, 23.8500003815, 14.4933443069, 10.5970945358, 6.91070222855, 11.8645925522, 9.9986000061, 6.17857599258, 5.62180042267, 3.79394745827, 3.21869587898, 2.23993468285, 3.46092200279, 1.81600260735, 1.1007566452, 0.833385765553, 0.665738165379, 0.849059522152, 0.575116813183, 0.644160330296, 0.714211761951, 0.538977026939, 0.453597247601, 0.531370520592, 0.49015635252, 0.477991372347, 0.325045645237, 0.120356984437, 0.0243267416954, 0.00342309032567, 0.000200208844035], "median": [0.0182365812361, 0.25880086422, 0.91735458374, 1.97744965553, 2.68243980408, 7.45639657974, 15.2938632965, 26.7209587097, 38.247215271, 35.2521820068, 12.958946228, 6.52897167206, 4.1004486084, 4.57896327972, 3.94483852386, 4.48156261444, 2.04444694519, 1.87685704231, 1.12400269508, 0.907448410988, 0.482437700033, 0.4959397614, 0.471589624882, 0.244296371937, 0.140181958675, 0.0931472927332, 0.0900947824121, 0.048454079777, 0.0435223728418, 0.0445924475789, 0.0419484861195, 0.0360482744873, 0.0434792116284, 0.026197725907, 0.0130595751107, 0.00503822369501, 0.00133761879988, 0.000262836983893, 4.66726196464e-05, 3.65333471564e-05], "min": [1.74679159037e-21, 6.65839518751e-21, 1.22039141805e-20, 3.78288192593e-21, 5.09703265082e-20, 1.64683918066e-19, 2.5642689462e-19, 7.28278297324e-19, 2.62469733338e-19, 3.83620234365e-19, 8.82992453036e-19, 3.36457203081e-18, 3.31804270776e-18, 3.17759529797e-18, 3.20680656092e-18, 9.47510328107e-18, 2.92492532844e-18, 3.98464109364e-18, 6.99984884325e-18, 5.73093434485e-18, 9.00621595084e-18, 9.84116957961e-18, 1.56520654063e-17, 1.13581071537e-17, 1.20049342685e-17, 1.08129686602e-17, 1.7826600814e-17, 1.35012212786e-17, 1.4021912449e-17, 2.12166682056e-17, 2.26867335903e-17, 1.69119524691e-17, 1.68634151651e-17, 1.33192638777e-17, 1.00038164491e-17, 5.65261068059e-18, 3.70390302478e-18, 1.37307235735e-18, 3.43010319179e-19, 3.10943977725e-20], "var": [0.212471976876, 14.3269300461, 65.289604187, 59.5244445801, 104.585502625, 143.284072876, 2354.59960938, 4391.33056641, 18824.3378906, 14297.8662109, 1962.45251465, 581.925720215, 452.916229248, 89.2020797729, 763.776000977, 507.460388184, 417.708404541, 541.251403809, 417.287628174, 259.456542969, 92.1778945923, 208.475799561, 16.5765094757, 5.7079949379, 3.15044641495, 1.97380805016, 3.58678865433, 2.07256507874, 2.91318869591, 3.81799244881, 2.42775082588, 1.87599873543, 4.19046831131, 5.50650262833, 5.52415895462, 3.23235321045, 0.480636328459, 0.017104614526, 0.000309628376272, 6.64661399696e-07]}, "gfcc": {"mean": [-130.681869507, 142.883636475, -71.8115844727, -8.45088672638, -59.5733146667, -4.55503606796, -40.0705947876, -0.611363172531, -16.6115932465, 2.14399027824, -4.60753965378, -1.0594329834, -10.3370351791], "cov": [[45632.796875, 2378.4152832, -2026.31237793, 134.621047974, -1973.65063477, -383.658447266, -1714.86035156, 354.971405029, -527.285644531, 438.636749268, 86.4471511841, 436.701843262, -534.87097168], [2378.4152832, 4581.66162109, 58.3693618774, -572.741577148, 328.863128662, -349.078460693, 217.156509399, -342.557830811, 185.778366089, -391.402404785, 61.8952674866, -399.585205078, 170.44102478], [-2026.31237793, 58.3693618774, 1929.39428711, 318.364593506, 451.043518066, 623.073730469, 306.520599365, 262.763793945, 104.12827301, 130.347045898, -34.4607582092, 47.074420929, 9.15606975555], [134.621047974, -572.741577148, 318.364593506, 654.119384766, 150.371902466, 248.084487915, 131.362976074, 162.845626831, 66.5527420044, 140.261795044, -11.1266117096, 104.363777161, -3.71576976776], [-1973.65063477, 328.863128662, 451.043518066, 150.371902466, 516.297302246, 203.206344604, 271.858123779, 108.035209656, 134.064193726, 24.4102325439, -22.8561649323, -17.9736442566, 67.1955871582], [-383.658447266, -349.078460693, 623.073730469, 248.084487915, 203.206344604, 413.436401367, 134.555435181, 194.841812134, 70.8645477295, 119.337181091, 13.6331329346, 83.8754501343, -1.71410429478], [-1714.86035156, 217.156509399, 306.520599365, 131.362976074, 271.858123779, 134.555435181, 306.399871826, 78.3743515015, 116.169242859, 18.5942802429, -9.78986740112, -18.4281330109, 52.8077697754], [354.971405029, -342.557830811, 262.763793945, 162.845626831, 108.035209656, 194.841812134, 78.3743515015, 220.758132935, 53.406867981, 99.0201644897, 1.0679141283, 76.3268814087, 1.87496185303], [-527.285644531, 185.778366089, 104.12827301, 66.5527420044, 134.064193726, 70.8645477295, 116.169242859, 53.406867981, 131.229736328, 28.4785346985, 8.86089420319, -3.88463973999, 37.6864318848], [438.636749268, -391.402404785, 130.347045898, 140.261795044, 24.4102325439, 119.337181091, 18.5942802429, 99.0201644897, 28.4785346985, 141.188751221, 16.341966629, 66.5774459839, -16.3823070526], [86.4471511841, 61.8952674866, -34.4607582092, -11.1266117096, -22.8561649323, 13.6331329346, -9.78986740112, 1.0679141283, 8.86089420319, 16.341966629, 87.9131622314, 17.0325241089, -2.05643510818], [436.701843262, -399.585205078, 47.074420929, 104.363777161, -17.9736442566, 83.8754501343, -18.4281330109, 76.3268814087, -3.88463973999, 66.5774459839, 17.0325241089, 112.875480652, -4.20474338531], [-534.87097168, 170.44102478, 9.15606975555, -3.71576976776, 67.1955871582, -1.71410429478, 52.8077697754, 1.87496185303, 37.6864318848, -16.3823070526, -2.05643510818, -4.20474338531, 72.2583312988]], "icov": [[8.19887718535e-05, -0.000240986730205, 0.000132830900839, -0.000114430171379, 0.000252425583312, -0.00012944752234, 0.000335509044817, -0.000424253201345, 0.000249928096309, -0.000470927392598, 0.000404890161008, -0.000400510092732, 0.000431715598097], [-0.000240986730205, 0.00118965888396, -0.00057049485622, 0.000449254206615, -0.000947654072661, 0.000717970193364, -0.00088098377455, 0.00140468636528, -0.00142155552749, 0.00213458505459, -0.00194228196051, 0.0021101962775, -0.00169601663947], [0.000132830900839, -0.00057049485622, 0.00144975469448, -0.000120815006085, 0.000223224546062, -0.00217027682811, 0.000144620382343, -0.000657739990856, 0.00118936761282, -0.00107410142664, 0.00142502237577, -0.000415190705098, 0.000943862542044], [-0.000114430171379, 0.000449254206615, -0.000120815006085, 0.00259926705621, -0.000503597664647, -0.000477981084259, -0.00120152987074, 0.000721903052181, -0.000660443911329, -0.000366855150787, 0.000116998082376, -0.000560907588806, -0.000209435835131], [0.000252425583312, -0.000947654072661, 0.000223224546062, -0.000503597664647, 0.00531115056947, -0.00149619486183, -0.00134653074201, -0.00173485348932, -0.00014321297931, -0.00133454427123, 0.00230663875118, -0.000617372104898, -9.39611491049e-05], [-0.00012944752234, 0.000717970193364, -0.00217027682811, -0.000477981084259, -0.00149619486183, 0.00875559169799, -0.000508557306603, -0.00201143301092, -0.00149509741459, 0.000274819176411, -0.00279489392415, -0.000857076898683, 0.000334278767696], [0.000335509044817, -0.00088098377455, 0.000144620382343, -0.00120152987074, -0.00134653074201, -0.000508557306603, 0.00912459939718, -0.00238850712776, -0.00222662091255, -0.00112136709504, 0.00134805741254, 0.000286375056021, 7.71955601522e-05], [-0.000424253201345, 0.00140468636528, -0.000657739990856, 0.000721903052181, -0.00173485348932, -0.00201143301092, -0.00238850712776, 0.0123906098306, -0.00299704261124, -0.000206292097573, -0.00075259373989, -0.00126875354908, -0.00192254362628], [0.000249928096309, -0.00142155552749, 0.00118936761282, -0.000660443911329, -0.00014321297931, -0.00149509741459, -0.00222662091255, -0.00299704261124, 0.0160806514323, -0.00524472165853, 0.000341359176673, 0.000360493984772, -0.00272405706346], [-0.000470927392598, 0.00213458505459, -0.00107410142664, -0.000366855150787, -0.00133454427123, 0.000274819176411, -0.00112136709504, -0.000206292097573, -0.00524472165853, 0.0178964696825, -0.0047514596954, -0.000302555097733, 0.000308787100948], [0.000404890161008, -0.00194228196051, 0.00142502237577, 0.000116998082376, 0.00230663875118, -0.00279489392415, 0.00134805741254, -0.00075259373989, 0.000341359176673, -0.0047514596954, 0.0160912442952, -0.00546952197328, 0.00311134126969], [-0.000400510092732, 0.0021101962775, -0.000415190705098, -0.000560907588806, -0.000617372104898, -0.000857076898683, 0.000286375056021, -0.00126875354908, 0.000360493984772, -0.000302555097733, -0.00546952197328, 0.0207790471613, -0.00674407696351], [0.000431715598097, -0.00169601663947, 0.000943862542044, -0.000209435835131, -9.39611491049e-05, 0.000334278767696, 7.71955601522e-05, -0.00192254362628, -0.00272405706346, 0.000308787100948, 0.00311134126969, -0.00674407696351, 0.0221806596965]]}, "melbands": {"dmean": [0.00124188349582, 0.00119329523295, 0.000310975359753, 0.000308187678456, 0.000553393620066, 0.000631600094493, 0.000849182426464, 0.000447427068138, 8.02231879788e-05, 3.37765086442e-05, 2.09114987229e-05, 1.4651458514e-05, 1.67801936186e-05, 1.69989853021e-05, 1.90247155842e-05, 1.13413370855e-05, 1.16786504805e-05, 7.4036438491e-06, 5.86406576986e-06, 4.2145061343e-06, 2.44703574026e-06, 3.5682098769e-06, 1.84342172815e-06, 1.02859473827e-06, 8.79319429714e-07, 6.11333632605e-07, 5.50003278477e-07, 3.95913502871e-07, 5.09648771185e-07, 4.56315092379e-07, 3.27610933937e-07, 3.79535748607e-07, 4.94504547532e-07, 4.45746081823e-07, 3.7436132061e-07, 3.57529785333e-07, 3.35294146225e-07, 4.71361772725e-07, 4.83423320929e-07, 6.59591762542e-07], "dmean2": [0.00218975171447, 0.0020445403643, 0.000501521513797, 0.000506234238856, 0.000904419168364, 0.00095452030655, 0.00130957819056, 0.000673090922646, 0.000117395000416, 5.17957450938e-05, 3.28412934323e-05, 2.44621132879e-05, 2.58975614997e-05, 2.72434135695e-05, 3.12143856718e-05, 2.01904094865e-05, 2.08085748454e-05, 1.36403814395e-05, 1.06048637463e-05, 7.36940864954e-06, 4.19187199441e-06, 6.08049685979e-06, 3.03860792883e-06, 1.56771079673e-06, 1.39945382216e-06, 9.33993987928e-07, 7.96497829469e-07, 5.81534891353e-07, 7.49062337491e-07, 6.87385352194e-07, 5.13273960223e-07, 5.79593290695e-07, 7.78085620823e-07, 6.87829697199e-07, 6.09511346283e-07, 5.90467152506e-07, 5.33065360742e-07, 7.78618982622e-07, 8.27395808756e-07, 1.15783495858e-06], "dvar": [2.40987501456e-05, 1.96136279556e-05, 4.17906989014e-07, 4.7568173045e-07, 1.16826322483e-06, 1.0462543969e-06, 2.76037030744e-06, 9.35421383019e-07, 5.21023011402e-08, 6.33533048244e-09, 4.80063810926e-09, 1.5361539818e-09, 1.98264515916e-09, 3.44232087279e-09, 4.01257027605e-09, 3.46641959581e-09, 3.42606187864e-09, 2.05404160347e-09, 1.26931565259e-09, 5.06551744994e-10, 1.77572775928e-10, 4.59827870225e-10, 6.03787644882e-11, 5.82769292892e-12, 4.47375470003e-12, 2.02886427277e-12, 1.2593901616e-12, 7.32263913134e-13, 1.36989313122e-12, 1.19196937477e-12, 9.18175908568e-13, 8.5163706599e-13, 1.93935015616e-12, 1.20741188315e-12, 1.01356900303e-12, 1.04540508195e-12, 8.82970291934e-13, 2.59102505076e-12, 3.37201837633e-12, 8.00743412549e-12], "dvar2": [6.91381719662e-05, 5.58469437237e-05, 9.6942642358e-07, 1.20921060898e-06, 3.07542723021e-06, 2.53905477621e-06, 6.90297065375e-06, 2.29795386986e-06, 1.0557977248e-07, 1.52296202316e-08, 1.24477423924e-08, 4.30335544976e-09, 4.76586592413e-09, 9.32538313236e-09, 1.09775362134e-08, 1.00299653027e-08, 1.00659338642e-08, 6.04896310819e-09, 3.73502606621e-09, 1.47463929956e-09, 5.14745912561e-10, 1.33645949862e-09, 1.71018532669e-10, 1.43991563464e-11, 1.15529209463e-11, 4.73746345972e-12, 2.78542163293e-12, 1.70081017412e-12, 3.29755341956e-12, 2.85396424375e-12, 2.40506269414e-12, 2.11151625698e-12, 5.16744546458e-12, 3.07287984121e-12, 2.72651389313e-12, 2.79677127811e-12, 2.2257425937e-12, 6.53985416169e-12, 8.90549613219e-12, 2.21026218161e-11], "max": [0.0534614250064, 0.0466789864004, 0.0110690947622, 0.013254404068, 0.00996495783329, 0.010232902132, 0.0178615506738, 0.011803150177, 0.0042047072202, 0.00149257667363, 0.0017703899648, 0.000493885891046, 0.000636040582322, 0.000801604182925, 0.000895049015526, 0.000957532844041, 0.00103924353607, 0.000691243505571, 0.000503897492308, 0.000327445741277, 0.000242902926402, 0.000381416699383, 0.000121085053252, 2.84077505057e-05, 3.0897470424e-05, 1.82854473678e-05, 1.36326452775e-05, 9.99170879368e-06, 1.72903601197e-05, 1.58628881763e-05, 1.63552394952e-05, 1.36446160468e-05, 2.18285495066e-05, 1.08197746158e-05, 1.02399881143e-05, 1.0747467968e-05, 9.7495094451e-06, 1.89483962458e-05, 1.84868658835e-05, 3.50462469214e-05], "mean": [0.00204447098076, 0.00251840567216, 0.000924585096072, 0.000608222791925, 0.00101189513225, 0.0013128167484, 0.00139097264037, 0.000698228890542, 0.000172091182321, 8.52472076076e-05, 5.02509028593e-05, 2.53949692706e-05, 3.53531286237e-05, 2.73491605185e-05, 2.4147786462e-05, 1.00567549453e-05, 1.08232197817e-05, 5.95267647441e-06, 5.32391914021e-06, 3.84895292882e-06, 2.16093303607e-06, 3.96244740841e-06, 2.00525073524e-06, 1.21088658034e-06, 8.72172051913e-07, 6.25477014182e-07, 5.70600093397e-07, 4.06536344144e-07, 5.58967258257e-07, 4.64505689024e-07, 2.9301872928e-07, 3.39737027844e-07, 4.13829724266e-07, 3.80390076771e-07, 3.04355552316e-07, 2.81903993482e-07, 2.73189783684e-07, 3.6478218135e-07, 3.64159205901e-07, 4.41064486267e-07], "median": [0.000259624939645, 0.000491218292154, 0.000401833938668, 0.000324886292219, 0.000535234285053, 0.000680533819832, 0.000612098956481, 0.000326793204295, 8.54192112456e-05, 3.61598176823e-05, 1.76480680238e-05, 1.49797424456e-05, 1.37651313707e-05, 1.00474817373e-05, 8.70326948643e-06, 1.57226031661e-06, 3.08768039758e-06, 1.59455396442e-06, 1.22319181628e-06, 8.01188377864e-07, 3.98733959628e-07, 4.85207465317e-07, 4.45495118129e-07, 2.95205524026e-07, 1.6034204009e-07, 8.7059348175e-08, 9.00382559621e-08, 4.43901697622e-08, 5.56210295599e-08, 4.0118123934e-08, 1.6290783833e-08, 2.14687680966e-08, 2.29109087257e-08, 2.39483934905e-08, 2.25833680645e-08, 2.27763408134e-08, 1.96779659234e-08, 2.65469992655e-08, 3.16928634447e-08, 1.55412749336e-08], "min": [1.39443629e-23, 7.03097446441e-24, 2.02349428899e-24, 6.75530623222e-24, 9.76402409132e-24, 1.4426431066e-23, 4.07019765468e-24, 5.75242026367e-24, 6.10033987173e-24, 2.58660296411e-23, 1.71036072527e-23, 1.31314456815e-23, 7.16803668011e-24, 2.89610654493e-23, 1.25807931595e-23, 4.72277928865e-24, 8.53951869549e-24, 1.33122896774e-23, 6.76964062373e-24, 1.04603634453e-23, 9.96908453932e-24, 8.91709829031e-24, 1.58887267488e-23, 1.07770540223e-23, 8.85097754695e-24, 1.14233961609e-23, 6.70810868426e-24, 6.87311471981e-24, 1.06805384682e-23, 1.01309998178e-23, 7.84019113643e-24, 7.16962386825e-24, 1.06066308789e-23, 1.27100630072e-23, 1.27112013335e-23, 1.4467735823e-23, 8.01914502164e-24, 1.18373233108e-23, 1.20867350966e-23, 1.07209691673e-23], "var": [1.92022871488e-05, 1.95003631234e-05, 1.6315210587e-06, 6.60739544855e-07, 1.77987863026e-06, 2.3913851237e-06, 4.09683025282e-06, 1.19782657748e-06, 1.19428847256e-07, 2.35614869837e-08, 1.11990328122e-08, 1.50469670057e-09, 5.39850697479e-09, 3.56259421963e-09, 3.35521166406e-09, 2.01928407328e-09, 1.91171878328e-09, 1.09983189223e-09, 6.97549296103e-10, 2.94539170831e-10, 1.0218201979e-10, 2.87619567052e-10, 3.91153845425e-11, 6.11522117666e-12, 3.92561070456e-12, 2.09570381882e-12, 1.47109624829e-12, 8.06541628189e-13, 1.62216702744e-12, 1.37546452093e-12, 7.38802302756e-13, 7.82800744798e-13, 1.47327430203e-12, 1.0311189836e-12, 7.38034796038e-13, 7.52290103042e-13, 7.26784409565e-13, 2.01951975108e-12, 2.38652674012e-12, 5.05727100822e-12]}, "mfcc": {"mean": [-764.133483887, 178.660858154, 33.5493736267, 5.41670656204, 0.556518912315, -9.72329616547, -9.9031162262, -6.87688064575, -9.38628864288, -5.23190879822, -0.995692014694, 3.8784725666, 2.60017251968], "cov": [[16700.5976562, 2061.8527832, -161.421783447, -21.6486263275, -222.992126465, -257.930603027, -420.251739502, -287.778381348, -396.736877441, -185.604873657, 128.52545166, 395.080780029, 341.060638428], [2061.8527832, 3392.23217773, 71.7239074707, -258.969665527, 14.2250013351, -199.454711914, -92.3244552612, -74.0185928345, -82.1481399536, -70.92918396, -77.4930648804, -11.1850824356, -41.0402641296], [-161.421783447, 71.7239074707, 1035.99719238, 235.273330688, 248.481185913, 258.302825928, 243.26335144, 209.877288818, 136.63961792, 160.167999268, 144.99331665, -17.2555103302, 30.2543201447], [-21.6486263275, -258.969665527, 235.273330688, 499.175842285, 149.087814331, 197.47064209, 152.875320435, 146.052642822, 176.304977417, 107.712882996, 67.1486053467, 66.9959640503, 52.3575363159], [-222.992126465, 14.2250013351, 248.481185913, 149.087814331, 293.00567627, 180.542877197, 146.688964844, 131.960693359, 127.460449219, 92.5442886353, 72.025100708, 46.6497497559, 32.0107955933], [-257.930603027, -199.454711914, 258.302825928, 197.47064209, 180.542877197, 267.96786499, 150.152099609, 133.073074341, 124.939720154, 101.599433899, 84.1189727783, 32.6337203979, 46.7579154968], [-420.251739502, -92.3244552612, 243.26335144, 152.875320435, 146.688964844, 150.152099609, 212.369644165, 139.935974121, 122.411376953, 91.8708877563, 73.2916717529, 47.0190048218, 20.8071613312], [-287.778381348, -74.0185928345, 209.877288818, 146.052642822, 131.960693359, 133.073074341, 139.935974121, 185.29637146, 142.195144653, 83.6579666138, 67.9193954468, 43.6227760315, 34.279132843], [-396.736877441, -82.1481399536, 136.63961792, 176.304977417, 127.460449219, 124.939720154, 122.411376953, 142.195144653, 229.367614746, 108.148521423, 35.9674568176, 55.5145301819, 33.2822570801], [-185.604873657, -70.92918396, 160.167999268, 107.712882996, 92.5442886353, 101.599433899, 91.8708877563, 83.6579666138, 108.148521423, 133.399673462, 64.7180023193, 16.0345573425, 35.9426498413], [128.52545166, -77.4930648804, 144.99331665, 67.1486053467, 72.025100708, 84.1189727783, 73.2916717529, 67.9193954468, 35.9674568176, 64.7180023193, 106.198020935, 32.7627220154, 23.9043292999], [395.080780029, -11.1850824356, -17.2555103302, 66.9959640503, 46.6497497559, 32.6337203979, 47.0190048218, 43.6227760315, 55.5145301819, 16.0345573425, 32.7627220154, 122.914222717, 41.7913322449], [341.060638428, -41.0402641296, 30.2543201447, 52.3575363159, 32.0107955933, 46.7579154968, 20.8071613312, 34.279132843, 33.2822570801, 35.9426498413, 23.9043292999, 41.7913322449, 95.6191177368]], "icov": [[9.46027503232e-05, -5.86664391449e-05, -4.58529430034e-05, -8.38693376863e-05, 4.11797554989e-05, 1.18066318464e-05, 0.000245135859586, 9.60580873652e-05, 0.000136242510052, 7.7118507761e-05, -0.000237582920818, -0.000328885100316, -0.000282795255771], [-5.86664391449e-05, 0.000374098774046, -0.00010543398821, 0.000191921091755, -0.000293653953122, 0.000344662403222, -5.14246748935e-05, -7.97703614808e-05, -5.75366721023e-05, -9.03709442355e-05, 0.000396960793296, 3.22710984619e-05, 0.000208300320082], [-4.58529430034e-05, -0.00010543398821, 0.00176023354288, -0.000224619972869, -0.000384199374821, -0.000390139990486, -0.0010476334719, -0.000779422873165, 0.000428030936746, -0.000403420941439, -0.000870442192536, 0.0014995962847, 7.59863614803e-05], [-8.38693376863e-05, 0.000191921091755, -0.000224619972869, 0.00344768352807, 0.000175697146915, -0.00139473192394, -0.000506468582898, -0.000156411711941, -0.00142260454595, -0.000210380909266, 0.000581230560783, -0.000566208327655, 3.0670878914e-05], [4.11797554989e-05, -0.000293653953122, -0.000384199374821, 0.000175697146915, 0.00714853219688, -0.00316008157097, -0.00103387224954, -0.000807826349046, -0.000654894451145, -0.00045769585995, -0.000174381581019, -0.00123566412367, 0.000402806821512], [1.18066318464e-05, 0.000344662403222, -0.000390139990486, -0.00139473192394, -0.00316008157097, 0.0101279057562, -0.00209825579077, -0.000291526754154, -0.000835926737636, 0.000185549928574, -0.00249097170308, 0.00192805787083, -0.00233931583352], [0.000245135859586, -5.14246748935e-05, -0.0010476334719, -0.000506468582898, -0.00103387224954, -0.00209825579077, 0.0136114368215, -0.00484536122531, 0.000767584017012, -0.00257427990437, -0.000548243988305, -0.00387967517599, 0.00239285291173], [9.60580873652e-05, -7.97703614808e-05, -0.000779422873165, -0.000156411711941, -0.000807826349046, -0.000291526754154, -0.00484536122531, 0.0173665471375, -0.00768086919561, 0.0038561555557, -0.00547090824693, 0.00106890359893, -0.00267857615836], [0.000136242510052, -5.75366721023e-05, 0.000428030936746, -0.00142260454595, -0.000654894451145, -0.000835926737636, 0.000767584017012, -0.00768086919561, 0.0146197406575, -0.00914733950049, 0.00723358010873, -0.00470386631787, 0.00194466148969], [7.7118507761e-05, -9.03709442355e-05, -0.000403420941439, -0.000210380909266, -0.00045769585995, 0.000185549928574, -0.00257427990437, 0.0038561555557, -0.00914733950049, 0.0208295173943, -0.0100789833814, 0.00545995263383, -0.00534316664562], [-0.000237582920818, 0.000396960793296, -0.000870442192536, 0.000581230560783, -0.000174381581019, -0.00249097170308, -0.000548243988305, -0.00547090824693, 0.00723358010873, -0.0100789833814, 0.0215444173664, -0.00531940627843, 0.00254175392911], [-0.000328885100316, 3.22710984619e-05, 0.0014995962847, -0.000566208327655, -0.00123566412367, 0.00192805787083, -0.00387967517599, 0.00106890359893, -0.00470386631787, 0.00545995263383, -0.00531940627843, 0.0152354314923, -0.00478968303651], [-0.000282795255771, 0.000208300320082, 7.59863614803e-05, 3.0670878914e-05, 0.000402806821512, -0.00233931583352, 0.00239285291173, -0.00267857615836, 0.00194466148969, -0.00534316664562, 0.00254175392911, -0.00478968303651, 0.015753602609]]}, "spectral_contrast_coeffs": {"dmean": [0.0390273183584, 0.0476234331727, 0.0452504009008, 0.0390560217202, 0.0278759859502, 0.0208146907389], "dmean2": [0.0630507469177, 0.0758963450789, 0.0658558383584, 0.0551539249718, 0.0411380566657, 0.0292864665389], "dvar": [0.00140234525315, 0.00222896458581, 0.0019304290181, 0.00141647725832, 0.000825500523206, 0.000363284023479], "dvar2": [0.00353965675458, 0.00557327829301, 0.00388243841007, 0.0025055508595, 0.00154791469686, 0.000745189434383], "max": [-0.25853690505, -0.378675997257, -0.461558282375, -0.514009952545, -0.548171460629, -0.657921552658], "mean": [-0.596892356873, -0.634916067123, -0.716097295284, -0.743780076504, -0.797790944576, -0.830878794193], "median": [-0.626166760921, -0.625953674316, -0.711249232292, -0.744318306446, -0.809645056725, -0.833019316196], "min": [-0.960072100163, -0.97109490633, -0.959018468857, -0.960464656353, -0.957630395889, -0.959053635597], "var": [0.0177098959684, 0.00970897357911, 0.0088078295812, 0.00802140310407, 0.00566171575338, 0.00237337197177]}, "spectral_contrast_valleys": {"dmean": [0.425549149513, 0.401366740465, 0.526736021042, 0.578689932823, 0.638327300549, 0.672008872032], "dmean2": [0.650247395039, 0.58284497261, 0.722053050995, 0.749711513519, 0.75270742178, 0.76198130846], "dvar": [0.235515743494, 0.218720123172, 0.323646366596, 0.417695939541, 0.431087553501, 0.417031407356], "dvar2": [0.422841280699, 0.377052545547, 0.52690321207, 0.696770250797, 0.632384359837, 0.632565677166], "max":