{"lowlevel": {"average_loudness": 0.615915477276, "barkbands_crest": {"dmean": 2.53316426277, "dmean2": 4.05107927322, "dvar": 6.16342687607, "dvar2": 15.7942333221, "max": 24.7825737, "mean": 12.8481893539, "median": 12.2051649094, "min": 3.1806242466, "var": 20.14594841}, "barkbands_flatness_db": {"dmean": 0.0313875600696, "dmean2": 0.0461796522141, "dvar": 0.000938407611102, "dvar2": 0.00235032336786, "max": 0.372931092978, "mean": 0.186031371355, "median": 0.185129061341, "min": 0.0436367802322, "var": 0.00296004256234}, "barkbands_kurtosis": {"dmean": 4.26067590714, "dmean2": 6.82716369629, "dvar": 47.2002029419, "dvar2": 121.150871277, "max": 127.358856201, "mean": 8.19094753265, "median": 5.58890151978, "min": -1.58764886856, "var": 79.8621902466}, "barkbands_skewness": {"dmean": 0.622919440269, "dmean2": 0.942433357239, "dvar": 0.467696607113, "dvar2": 1.08608400822, "max": 9.84084224701, "mean": 2.00596356392, "median": 1.82014226913, "min": -1.77804982662, "var": 1.14532113075}, "barkbands_spread": {"dmean": 5.18521881104, "dmean2": 8.0252532959, "dvar": 62.168422699, "dvar2": 133.869125366, "max": 89.261932373, "mean": 12.0563764572, "median": 8.9824514389, "min": 1.10741984844, "var": 104.687797546}, "dissonance": {"dmean": 0.0297880098224, "dmean2": 0.0488385297358, "dvar": 0.000648364773951, "dvar2": 0.00170093472116, "max": 0.499999970198, "mean": 0.422285318375, "median": 0.427880495787, "min": 0.215941175818, "var": 0.00167713291012}, "dynamic_complexity": 4.59423542023, "erbbands_crest": {"dmean": 2.10363149643, "dmean2": 3.1936674118, "dvar": 4.03072214127, "dvar2": 9.78284358978, "max": 25.7413043976, "mean": 11.0136833191, "median": 10.072394371, "min": 2.30605077744, "var": 20.521604538}, "erbbands_flatness_db": {"dmean": 0.0331194847822, "dmean2": 0.0438922196627, "dvar": 0.00115723477211, "dvar2": 0.00239615654573, "max": 0.370306074619, "mean": 0.181627959013, "median": 0.18563118577, "min": 0.041339494288, "var": 0.00391769269481}, "erbbands_kurtosis": {"dmean": 1.69649481773, "dmean2": 2.58488893509, "dvar": 4.90695142746, "dvar2": 11.6004915237, "max": 39.181388855, "mean": 2.48763942719, "median": 1.48419904709, "min": -1.56887221336, "var": 13.5826644897}, "erbbands_skewness": {"dmean": 0.400210887194, "dmean2": 0.60817027092, "dvar": 0.152770623565, "dvar2": 0.361365735531, "max": 5.50985765457, "mean": 1.20347738266, "median": 1.09143900871, "min": -0.878722548485, "var": 0.551838457584}, "erbbands_spread": {"dmean": 10.1997299194, "dmean2": 15.1212825775, "dvar": 244.582809448, "dvar2": 496.909179688, "max": 145.413757324, "mean": 28.5931015015, "median": 21.4480648041, "min": 4.06758975983, "var": 483.399353027}, "hfc": {"dmean": 4.96323347092, "dmean2": 6.80176496506, "dvar": 85.4399795532, "dvar2": 181.929000854, "max": 127.407058716, "mean": 10.7427425385, "median": 5.65165472031, "min": 1.18012878611e-16, "var": 178.638046265}, "melbands_crest": {"dmean": 3.18135714531, "dmean2": 5.14954853058, "dvar": 10.0149297714, "dvar2": 26.6659984589, "max": 33.3827896118, "mean": 15.458190918, "median": 14.9546108246, "min": 1.80480110645, "var": 23.3382644653}, "melbands_flatness_db": {"dmean": 0.0341099128127, "dmean2": 0.051737818867, "dvar": 0.00124705361668, "dvar2": 0.00319638196379, "max": 0.499274641275, "mean": 0.285714030266, "median": 0.282138705254, "min": 0.00526779936627, "var": 0.00411892076954}, "melbands_kurtosis": {"dmean": 8.15836524963, "dmean2": 12.7415781021, "dvar": 219.270324707, "dvar2": 549.406494141, "max": 276.611328125, "mean": 14.0233078003, "median": 8.21467113495, "min": -1.28011465073, "var": 316.563964844}, "melbands_skewness": {"dmean": 0.76891463995, "dmean2": 1.14458310604, "dvar": 0.903329312801, "dvar2": 1.99644994736, "max": 12.2667226791, "mean": 2.34912514687, "median": 2.02059459686, "min": -0.635556578636, "var": 2.09905600548}, "melbands_spread": {"dmean": 2.50703310966, "dmean2": 4.03954172134, "dvar": 10.4849586487, "dvar2": 25.1407222748, "max": 130.639907837, "mean": 9.74310874939, "median": 9.12055492401, "min": 1.09880328178, "var": 24.405708313}, "pitch_salience": {"dmean": 0.0693061649799, "dmean2": 0.11184553802, "dvar": 0.00481905834749, "dvar2": 0.0125388009474, "max": 0.874760091305, "mean": 0.520021677017, "median": 0.526953339577, "min": 0.130999878049, "var": 0.0142179923132}, "silence_rate_20dB": {"dmean": 0, "dmean2": 0, "dvar": 0, "dvar2": 0, "max": 1, "mean": 1, "median": 1, "min": 1, "var": 0}, "silence_rate_30dB": {"dmean": 0.0120327705517, "dmean2": 0.0240686219186, "dvar": 0.0118881426752, "dvar2": 0.0304030887783, "max": 1, "mean": 0.98899269104, "median": 1, "min": 0, "var": 0.010886721313}, "silence_rate_60dB": {"dmean": 0.0524833574891, "dmean2": 0.104980155826, "dvar": 0.049729142338, "dvar2": 0.105745196342, "max": 1, "mean": 0.138231158257, "median": 0, "min": 0, "var": 0.119122691453}, "spectral_centroid": {"dmean": 109.198867798, "dmean2": 181.391113281, "dvar": 44369.5664062, "dvar2": 98175.59375, "max": 11176.1591797, "mean": 589.952697754, "median": 549.459594727, "min": 224.069610596, "var": 65697.96875}, "spectral_complexity": {"dmean": 2.086789608, "dmean2": 3.31609272957, "dvar": 8.07886791229, "dvar2": 19.6422557831, "max": 39, "mean": 9.89811897278, "median": 9, "min": 0, "var": 20.1151161194}, "spectral_decrease": {"dmean": 2.33712205144e-09, "dmean2": 3.44125972163e-09, "dvar": 1.90391582565e-17, "dvar2": 4.29941516317e-17, "max": 3.45600153967e-30, "mean": -5.4777786751e-09, "median": -2.9085731601e-09, "min": -5.89969459952e-08, "var": 4.15784584831e-17}, "spectral_energy": {"dmean": 0.00920955836773, "dmean2": 0.0135066127405, "dvar": 0.000292643031571, "dvar2": 0.000655086769257, "max": 0.234224542975, "mean": 0.0216488838196, "median": 0.0114530557767, "min": 1.06910654636e-20, "var": 0.000645871157758}, "spectral_energyband_high": {"dmean": 0.00027778497315, "dmean2": 0.000414351496147, "dvar": 4.55834822333e-07, "dvar2": 1.0902097074e-06, "max": 0.00627425359562, "mean": 0.000283726141788, "median": 3.18103702739e-05, "min": 7.90068314266e-21, "var": 5.06444166604e-07}, "spectral_energyband_low": {"dmean": 0.0051233926788, "dmean2": 0.00849475711584, "dvar": 0.000160112496815, "dvar2": 0.000406857696362, "max": 0.155911147594, "mean": 0.00581797305495, "median": 0.00223307451233, "min": 4.57976669514e-23, "var": 0.000140628661029}, "spectral_energyband_middle_high": {"dmean": 0.000710945401806, "dmean2": 0.000911012059078, "dvar": 1.90383445897e-06, "dvar2": 3.27013549395e-06, "max": 0.0236810836941, "mean": 0.00190481590107, "median": 0.000759198213927, "min": 1.35997327946e-21, "var": 7.40515315556e-06}, "spectral_energyband_middle_low": {"dmean": 0.00431640027091, "dmean2": 0.00590937864035, "dvar": 5.46909795958e-05, "dvar2": 0.000106691171823, "max": 0.156291216612, "mean": 0.0140928020701, "median": 0.00701529579237, "min": 4.53174160054e-22, "var": 0.000285909278318}, "spectral_entropy": {"dmean": 0.369142889977, "dmean2": 0.522448003292, "dvar": 0.151248082519, "dvar2": 0.334776580334, "max": 9.80119609833, "mean": 6.77421855927, "median": 6.69748830795, "min": 4.77925729752, "var": 0.449310302734}, "spectral_flux": {"dmean": 0.0273564532399, "dmean2": 0.0420816317201, "dvar": 0.00171174760908, "dvar2": 0.00348451687023, "max": 0.382231742144, "mean": 0.0560362674296, "median": 0.0358111970127, "min": 1.03397609919e-10, "var": 0.00290301279165}, "spectral_kurtosis": {"dmean": 6.29319477081, "dmean2": 9.66282463074, "dvar": 67.9054718018, "dvar2": 154.743621826, "max": 99.6419906616, "mean": 13.1455602646, "median": 10.1285629272, "min": -1.15650951862, "var": 147.702041626}, "spectral_rms": {"dmean": 0.000865786569193, "dmean2": 0.00120626960415, "dvar": 1.63625554706e-06, "dvar2": 3.32142894877e-06, "max": 0.0151166049764, "mean": 0.00394747871906, "median": 0.00334271043539, "min": 3.22959866315e-12, "var": 5.5381351558e-06}, "spectral_rolloff": {"dmean": 276.061309814, "dmean2": 495.684173584, "dvar": 1263258.75, "dvar2": 3273394, "max": 18884.6191406, "mean": 709.961303711, "median": 602.9296875, "min": 64.599609375, "var": 948497.75}, "spectral_skewness": {"dmean": 0.60318928957, "dmean2": 0.924453675747, "dvar": 0.457557529211, "dvar2": 1.04408347607, "max": 8.01976394653, "mean": 2.82340407372, "median": 2.71372723579, "min": -0.0130639402196, "var": 1.11868274212}, "spectral_spread": {"dmean": 1690376.375, "dmean2": 2299716.75, "dvar": 3871429361660.0, "dvar2": 7520562708480.0, "max": 39662100, "mean": 5086832.5, "median": 4225284, "min": 976677.25, "var": 8789402583040.0}, "spectral_strongpeak": {"dmean": 0.275845468044, "dmean2": 0.422707527876, "dvar": 0.171174794436, "dvar2": 0.349252283573, "max": 5.98241615295, "mean": 0.903023898602, "median": 0.568450093269, "min": 0, "var": 0.758524060249}, "zerocrossingrate": {"dmean": 0.0131122767925, "dmean2": 0.0155046647415, "dvar": 0.000305943627609, "dvar2": 0.00038082912215, "max": 0.49658203125, "mean": 0.0419529415667, "median": 0.03271484375, "min": 0.005859375, "var": 0.000900118029676}, "barkbands": {"dmean": [0.000473461608635, 0.00430619949475, 0.00074029940879, 0.000421675911639, 0.00189992936794, 0.00155324977823, 0.000787932774983, 0.000367058615666, 0.000437275506556, 0.000170331273694, 0.000178886228241, 0.000150704378029, 0.000127975275973, 6.26441469649e-05, 5.47627278138e-05, 3.03305059788e-05, 3.2347303204e-05, 5.59097024961e-05, 3.85494713555e-05, 2.04382504307e-05, 3.28192254528e-05, 4.02107689297e-05, 1.88020767382e-05, 4.13070047216e-05, 5.72853496124e-05, 9.36391661526e-05, 4.38194911112e-06], "dmean2": [0.000772304832935, 0.00733301788568, 0.00134546670597, 0.000673953560181, 0.0030583513435, 0.00209987116978, 0.00103217118885, 0.000529383600224, 0.00053198664682, 0.000235998173594, 0.00021284390823, 0.000210968762985, 0.000179638620466, 9.56630537985e-05, 8.30307035358e-05, 4.70261766168e-05, 5.08126722707e-05, 8.46904949867e-05, 6.58929493511e-05, 3.28877140419e-05, 5.8241908846e-05, 7.34088098397e-05, 3.21004190482e-05, 6.13884913037e-05, 8.72742530191e-05, 0.000136811111588, 6.32021647107e-06], "dvar": [1.10299049538e-06, 0.000124990765471, 4.24322161052e-06, 6.06745459208e-07, 2.0500170649e-05, 1.29084255605e-05, 5.75426747673e-06, 2.17711817641e-06, 1.334443823e-06, 1.86424770732e-07, 2.5895766953e-07, 1.26537258893e-07, 1.7324414614e-07, 2.53791885285e-08, 1.81486665696e-08, 4.51074644303e-09, 5.88900661569e-09, 2.50090437248e-08, 1.18106564528e-08, 2.69692312926e-09, 1.13950910929e-08, 1.98386125305e-08, 3.01565750149e-09, 1.35411610813e-08, 1.85076771686e-08, 3.87286718251e-08, 9.41801081566e-11], "dvar2": [2.72190732176e-06, 0.000327450979967, 1.21330767797e-05, 1.45310741573e-06, 5.28305317857e-05, 1.88605445146e-05, 8.86906855158e-06, 3.52430879502e-06, 1.83882502824e-06, 3.187966513e-07, 3.21196097275e-07, 2.63888523477e-07, 3.49803713107e-07, 5.66796067858e-08, 4.19487449221e-08, 9.70096980524e-09, 1.3850310232e-08, 5.34239141814e-08, 3.14032782001e-08, 6.8437682188e-09, 3.20922879382e-08, 5.70417029166e-08, 8.1017166309e-09, 3.30102345458e-08, 4.47924755065e-08, 7.41478913824e-08, 1.65847099942e-10], "max": [0.00953735690564, 0.116579003632, 0.0314377434552, 0.0129251061007, 0.0856038928032, 0.124391622841, 0.0626008287072, 0.0508570559323, 0.0441903918982, 0.0131944483146, 0.0171084757894, 0.00665570981801, 0.00756913470104, 0.00445471564308, 0.00242080213502, 0.00137440487742, 0.00143295549788, 0.00361249549314, 0.0017160923453, 0.000876331876498, 0.000949190405663, 0.00145897443872, 0.000623269239441, 0.00101733999327, 0.0012072592508, 0.0017901326064, 0.000101708676084], "mean": [0.000419260992203, 0.00427301693708, 0.000703791505657, 0.000839471002109, 0.00330982753076, 0.00610498711467, 0.00182465824764, 0.000771164137404, 0.00118202040903, 0.000418431387516, 0.000484549236717, 0.000313058873871, 0.000250333250733, 0.000111524001113, 9.92061613942e-05, 5.26450130565e-05, 4.43263197667e-05, 0.000102018311736, 4.47697057098e-05, 2.4510336516e-05, 2.68667554337e-05, 3.04851109831e-05, 2.02727969736e-05, 4.47643324151e-05, 5.40054861631e-05, 9.37244767556e-05, 5.13272652825e-06], "median": [3.2990516047e-05, 0.00117617659271, 0.000253352831351, 0.000321837898809, 0.00122066109907, 0.000826964445878, 0.000261718290858, 0.000140329648275, 0.000309308612486, 0.000122919940623, 6.17664991296e-05, 9.91648994386e-05, 4.46500489488e-05, 2.94580022455e-05, 3.36312004947e-05, 1.09818429337e-05, 7.84927124187e-06, 1.21397697512e-05, 6.49267440167e-06, 4.03659942094e-06, 3.05814796775e-06, 2.81205620922e-06, 2.59097487287e-06, 3.86853434975e-06, 4.88222576678e-06, 5.27504471393e-06, 4.09343044794e-07], "min": [6.46913431708e-24, 7.14345735203e-24, 1.78110466685e-23, 2.48941498504e-23, 3.74948428151e-23, 8.12702679914e-23, 7.30788373258e-23, 9.1368596346e-23, 1.15747907171e-22, 7.53732739785e-23, 8.87335926633e-23, 1.3903634327e-22, 8.26020482151e-23, 5.74839975518e-23, 1.7716519675e-22, 9.04394444174e-23, 2.06135930479e-22, 1.28348123663e-22, 2.38729757195e-22, 3.67839100077e-22, 3.57237667791e-22, 6.16805823197e-22, 6.64738576898e-22, 7.8637976728e-22, 1.25961684372e-21, 1.78365020108e-21, 2.39545749866e-21], "var": [1.02477542896e-06, 9.93733410724e-05, 2.71568569588e-06, 1.51378390001e-06, 4.03899139201e-05, 0.000155110406922, 2.66164715867e-05, 7.88300985732e-06, 6.09206063018e-06, 7.64191099734e-07, 1.51026131334e-06, 3.2549428397e-07, 4.37401837416e-07, 5.68413511814e-08, 3.21720143859e-08, 1.04084101338e-08, 1.00888453147e-08, 6.59622969579e-08, 1.24968790871e-08, 3.19958703976e-09, 7.55812834541e-09, 1.2482905376e-08, 2.88970514184e-09, 1.60543294214e-08, 1.91755145096e-08, 5.25284384878e-08, 1.53269147374e-10]}, "erbbands": {"dmean": [0.152150958776, 0.892046630383, 1.06506550312, 1.06881475449, 4.20677518845, 6.50412368774, 12.0335874557, 9.95107460022, 9.44630718231, 10.0232791901, 9.98286056519, 7.5550365448, 6.55826377869, 7.85176420212, 3.50908064842, 5.42278909683, 5.5053858757, 4.29695940018, 2.21342134476, 2.48263406754, 1.79347610474, 1.84593820572, 3.48770999908, 2.21832060814, 1.48074865341, 0.901684641838, 1.04083919525, 1.46502804756, 1.63408231735, 0.6515442729, 0.668895184994, 0.790223419666, 0.65114736557, 0.520022630692, 0.48520386219, 0.278639733791, 0.210924744606, 0.0362836718559, 0.000762477109674, 3.08125527226e-05], "dmean2": [0.260128587484, 1.54715406895, 1.90787291527, 1.74962937832, 6.77461910248, 10.5326423645, 16.361038208, 14.3007221222, 12.7157478333, 13.371969223, 12.8578958511, 9.40367031097, 8.73668956757, 9.61398887634, 4.4293589592, 7.78403711319, 7.66970252991, 6.26119279861, 3.30297827721, 3.74093341827, 2.69872760773, 2.92547178268, 5.17286348343, 3.65820598602, 2.52997517586, 1.47699296474, 1.77453935146, 2.64585208893, 3.00077295303, 1.11139786243, 1.16834044456, 1.17370712757, 0.9684715271, 0.771532535553, 0.768758356571, 0.408226370811, 0.306184321642, 0.052311886102, 0.00108947663102, 4.42256241513e-05], "dvar": [0.152791053057, 5.87136220932, 9.08167552948, 4.22356319427, 127.441299438, 259.181274414, 740.461914062, 564.877990723, 512.633789062, 969.905151367, 1094.55725098, 331.835540771, 250.014816284, 364.274536133, 58.4018783569, 196.601470947, 249.479141235, 144.812759399, 25.2074298859, 31.5852565765, 13.8376407623, 18.5366382599, 114.081619263, 35.7488136292, 16.9042892456, 5.58956861496, 8.89621448517, 26.594997406, 34.0368652344, 3.49533414841, 4.51951551437, 4.95388936996, 3.02224326134, 1.59637546539, 1.41644561291, 0.344635605812, 0.205626025796, 0.00618764013052, 2.69212728199e-06, 3.46781758864e-09], "dvar2": [0.401922672987, 15.8839025497, 25.7085075378, 10.7530088425, 316.759429932, 675.37902832, 1089.31420898, 1085.2623291, 849.140563965, 1510.16296387, 1698.43774414, 469.490783691, 408.983551025, 473.54989624, 78.7584228516, 443.760986328, 529.262512207, 290.055297852, 58.021396637, 72.3931884766, 28.9419002533, 46.17237854, 237.011169434, 90.5165786743, 46.631313324, 14.7101230621, 24.2112693787, 75.720199585, 97.8383255005, 9.51937198639, 12.4519224167, 11.7271661758, 7.37959480286, 3.74508595467, 3.5626475811, 0.732933819294, 0.415448248386, 0.011752855964, 4.93576089866e-06, 6.73952094132e-09], "max": [3.45917868614, 29.2892112732, 46.2254104614, 36.5236282349, 243.121002197, 318.978302002, 973.98840332, 729.156188965, 702.854797363, 709.228637695, 953.694519043, 663.720275879, 398.602966309, 626.682922363, 324.653961182, 296.805114746, 308.680236816, 293.981384277, 134.0599823, 94.0881958008, 79.7918243408, 57.9033660889, 253.625869751, 113.950447083, 40.6079292297, 42.0158233643, 31.2812328339, 55.4735565186, 61.1391677856, 20.9023590088, 23.5265922546, 20.3381271362, 16.289232254, 10.6598939896, 10.6916017532, 5.73221540451, 4.35965394974, 0.747870564461, 0.0159321464598, 0.000571188225877], "mean": [0.140477433801, 0.868231415749, 1.07998168468, 2.08843398094, 6.34115600586, 11.3449325562, 47.4721450806, 32.5951080322, 22.1803131104, 23.3709030151, 23.8799705505, 20.5966053009, 17.8801136017, 21.243391037, 9.37722206116, 11.4781341553, 11.0466547012, 8.42207717896, 4.11722707748, 4.78463411331, 3.23255133629, 2.67374753952, 6.75771951675, 3.11283826828, 1.55526375771, 1.02786779404, 0.983044624329, 1.13013637066, 1.17895901203, 0.649426579475, 0.68038380146, 0.889081895351, 0.689646661282, 0.514144837856, 0.436540424824, 0.282005250454, 0.20248170197, 0.036556981504, 0.000808599346783, 4.70047889394e-05], "median": [0.0354345589876, 0.212024196982, 0.389968931675, 0.92624104023, 1.93200552464, 4.67669248581, 6.79592704773, 6.47990608215, 6.25045728683, 3.73077464104, 5.71016407013, 6.28698301315, 5.99795866013, 5.78589439392, 2.88571953773, 3.91211414337, 2.78352689743, 2.30861234665, 1.71337878704, 1.59507954121, 0.74714165926, 0.572204828262, 0.758754193783, 0.569879710674, 0.262994229794, 0.171517282724, 0.126892060041, 0.127125620842, 0.0979899615049, 0.0824347808957, 0.0794259384274, 0.0805694982409, 0.0617376081645, 0.0486857518554, 0.0375483110547, 0.0182181950659, 0.0102321375161, 0.00228138803504, 6.29411733826e-05, 2.06525219255e-05], "min": [4.07214189704e-22, 9.7192469895e-22, 1.25830496677e-20, 7.01502538444e-20, 5.61280948955e-20, 1.31112663658e-19, 6.99497116597e-19, 4.33998144458e-19, 7.55945214067e-19, 1.78671219107e-18, 1.72035762348e-18, 2.06883930297e-18, 3.32329116875e-18, 3.75076859674e-18, 2.9937386904e-18, 5.69107209754e-18, 4.49711711984e-18, 3.53987972675e-18, 6.01290574e-18, 8.93383930161e-18, 5.84321211888e-18, 1.04372334475e-17, 7.20333113803e-18, 1.05185477832e-17, 1.1593898296e-17, 1.54037524039e-17, 1.69321588371e-17, 1.78995498722e-17, 2.26548093817e-17, 1.76378216546e-17, 1.84796466727e-17, 1.36354503581e-17, 1.49214862544e-17, 1.39228294465e-17, 8.87300926654e-18, 5.94326829937e-18, 3.44748572028e-18, 1.25326651596e-18, 3.3024340681e-19, 3.7111251387e-20], "var": [0.118001997471, 4.37609481812, 5.96957302094, 8.33348083496, 266.05065918, 455.450073242, 9710.27636719, 3692.42504883, 2140.92456055, 4541.13671875, 4090.75292969, 1588.0501709, 1152.51013184, 1993.32727051, 392.536437988, 445.379882812, 553.380310059, 429.269134521, 49.0674476624, 63.9692115784, 35.87317276, 27.2044086456, 323.35067749, 48.6773681641, 14.0348587036, 5.6840133667, 7.1211643219, 16.5371341705, 20.6542816162, 3.16957974434, 3.84832763672, 6.24379873276, 3.5184109211, 1.80316329002, 1.31189823151, 0.438151955605, 0.26369959116, 0.00835353601724, 3.85808561987e-06, 5.25870547108e-09]}, "gfcc": {"mean": [-68.4210510254, 114.677818298, -80.5171966553, -6.86390829086, -51.6869544983, 6.79278755188, -41.1460227966, 9.65174388885, -26.9780979156, 7.34470701218, -14.8620767593, 10.5062541962, -9.62786579132], "cov": [[8384.29394531, -1696.26818848, 280.525604248, 739.72064209, -67.2254714966, 217.4609375, 31.401802063, 370.15447998, -100.643684387, 149.404220581, -104.678253174, 92.2790145874, -259.216247559], [-1696.26818848, 1690.74206543, -623.027404785, -172.027832031, 293.99697876, -326.608825684, 175.074661255, -210.488433838, 118.850509644, -169.055770874, 125.105316162, -100.206642151, 147.87979126], [280.525604248, -623.027404785, 1242.65148926, 145.514282227, 2.78321814537, 403.90435791, -123.390731812, 132.122009277, -45.3009262085, 78.948387146, -172.659423828, 13.0556659698, -62.1078643799], [739.72064209, -172.027832031, 145.514282227, 423.409851074, 41.4691047668, 69.4402542114, 76.0670013428, 19.7538928986, 45.4905815125, 11.7803268433, -36.194480896, -39.6133613586, -84.6402053833], [-67.2254714966, 293.99697876, 2.78321814537, 41.4691047668, 212.56817627, -27.5560302734, 44.0692138672, 2.75447010994, 26.9093360901, -4.57252073288, 8.75382804871, -11.0381526947, -1.23205161095], [217.4609375, -326.608825684, 403.90435791, 69.4402542114, -27.5560302734, 259.476318359, -21.7645378113, 61.4556427002, 0.489315181971, 60.4605712891, -56.6790084839, -1.74471843243, -48.4994926453], [31.401802063, 175.074661255, -123.390731812, 76.0670013428, 44.0692138672, -21.7645378113, 137.809509277, 12.3094644547, 30.7639198303, -4.9107670784, 22.5730800629, -25.2533111572, -17.1499938965], [370.15447998, -210.488433838, 132.122009277, 19.7538928986, 2.75447010994, 61.4556427002, 12.3094644547, 132.002532959, 9.35799217224, 46.6040306091, -2.50103640556, 22.3349437714, -42.9941368103], [-100.643684387, 118.850509644, -45.3009262085, 45.4905815125, 26.9093360901, 0.489315181971, 30.7639198303, 9.35799217224, 102.745910645, 28.9491653442, 27.4040813446, -14.8017902374, -26.3203125], [149.404220581, -169.055770874, 78.948387146, 11.7803268433, -4.57252073288, 60.4605712891, -4.9107670784, 46.6040306091, 28.9491653442, 98.1321640015, 17.678861618, 10.3079328537, -41.7169303894], [-104.678253174, 125.105316162, -172.659423828, -36.194480896, 8.75382804871, -56.6790084839, 22.5730800629, -2.50103640556, 27.4040813446, 17.678861618, 99.1335906982, 36.2377471924, 20.6698150635], [92.2790145874, -100.206642151, 13.0556659698, -39.6133613586, -11.0381526947, -1.74471843243, -25.2533111572, 22.3349437714, -14.8017902374, 10.3079328537, 36.2377471924, 94.132774353, 56.074634552], [-259.216247559, 147.87979126, -62.1078643799, -84.6402053833, -1.23205161095, -48.4994926453, -17.1499938965, -42.9941368103, -26.3203125, -41.7169303894, 20.6698150635, 56.074634552, 142.877288818]], "icov": [[0.000197006986127, 0.000142839926411, 0.000146923674038, -0.000340895552654, -0.000124514859635, -3.03673323288e-06, 7.50762992539e-05, -0.000404592836276, 0.000253141508438, -5.48720709048e-06, 0.000111157620267, -0.000126906641526, 3.54161275027e-05], [0.000142839926411, 0.00393175147474, -0.000483336072648, 0.0019526805263, -0.00399120291695, 0.00134160800371, -0.00296335993335, 0.00257475860417, -0.00392954982817, 0.00441054906696, -0.00411229813471, 0.00532813370228, -0.00295583088882], [0.000146923674038, -0.000483336072648, 0.00259598623961, -0.00112844537944, -0.000302152038785, -0.00303106522188, 0.00228960136883, -0.00191341724712, 0.00119870144408, -0.000893521064427, 0.00292147346772, -0.00132679892704, -4.7648063628e-05], [-0.000340895552654, 0.0019526805263, -0.00112844537944, 0.00530912308022, -0.0021677238401, 0.000717337592505, -0.00417441874743, 0.00343445455655, -0.00406600348651, 0.0031949870754, -0.00145891448483, 0.00196424731985, 0.000396282761358], [-0.000124514859635, -0.00399120291695, -0.000302152038785, -0.0021677238401, 0.00955555774271, 0.000183310519787, 0.00122965930495, -0.00265692081302, 0.00288572348654, -0.00440712831914, 0.00376690272242, -0.00500242831185, 0.00264540896751], [-3.03673323288e-06, 0.00134160800371, -0.00303106522188, 0.000717337592505, 0.000183310519787, 0.00999410264194, -0.00283152074553, 0.0011305285152, -0.00193572673015, -0.00191843905486, 9.16261051316e-05, 0.00143155851401, -0.000384171144105], [7.50762992539e-05, -0.00296335993335, 0.00228960136883, -0.00417441874743, 0.00122965930495, -0.00283152074553, 0.0143832769245, -0.00606654305011, 0.00287304935046, -0.0019262341084, 0.00047289187205, 0.000294665718684, 0.000458860537037], [-0.000404592836276, 0.00257475860417, -0.00191341724712, 0.00343445455655, -0.00265692081302, 0.0011305285152, -0.00606654305011, 0.0157031752169, -0.00397747941315, 0.000548909476493, -0.00177757220808, -0.00247588031925, 0.00281828735024], [0.000253141508438, -0.00392954982817, 0.00119870144408, -0.00406600348651, 0.00288572348654, -0.00193572673015, 0.00287304935046, -0.00397747941315, 0.0182194244117, -0.00815793126822, 0.000413155095885, -0.00251237326302, 0.00305518507957], [-5.48720709048e-06, 0.00441054906696, -0.000893521064427, 0.0031949870754, -0.00440712831914, -0.00191843905486, -0.0019262341084, 0.000548909476493, -0.00815793126822, 0.0229535661638, -0.00986141432077, 0.00430922396481, 0.00110861926805], [0.000111157620267, -0.00411229813471, 0.00292147346772, -0.00145891448483, 0.00376690272242, 9.16261051316e-05, 0.00047289187205, -0.00177757220808, 0.000413155095885, -0.00986141432077, 0.026104496792, -0.0158559661359, 0.00409233570099], [-0.000126906641526, 0.00532813370228, -0.00132679892704, 0.00196424731985, -0.00500242831185, 0.00143155851401, 0.000294665718684, -0.00247588031925, -0.00251237326302, 0.00430922396481, -0.0158559661359, 0.0315385572612, -0.0147135360166], [3.54161275027e-05, -0.00295583088882, -4.7648063628e-05, 0.000396282761358, 0.00264540896751, -0.000384171144105, 0.000458860537037, 0.00281828735024, 0.00305518507957, 0.00110861926805, 0.00409233570099, -0.0147135360166, 0.0172012411058]]}, "melbands": {"dmean": [0.00127720844466, 0.000765710137784, 0.000237954503973, 0.000433297420386, 0.000362532184226, 0.000241449801251, 0.000156866357429, 0.000105124650872, 8.8388354925e-05, 4.85604796268e-05, 3.38936879416e-05, 3.21453298966e-05, 1.46441625475e-05, 1.56000005518e-05, 1.19476007967e-05, 1.55096568051e-05, 6.83853249939e-06, 3.27578868564e-06, 5.30160923518e-06, 2.25929238695e-06, 2.02297087526e-06, 1.90893638319e-06, 2.48708852268e-06, 2.77444405583e-06, 1.8130862145e-06, 1.36356254643e-06, 9.56820144893e-07, 4.80454389162e-07, 4.70265462127e-07, 9.62993567555e-07, 8.49725950047e-07, 1.09213704036e-06, 5.30051238457e-07, 2.81607299257e-07, 3.82544300237e-07, 4.07806055591e-07, 5.37764378805e-07, 4.74336417255e-07, 3.89567816228e-07, 4.70519637474e-07], "dmean2": [0.00216525350697, 0.00134043570142, 0.000386236235499, 0.000708097475581, 0.000507129938342, 0.000339111196809, 0.000208597863093, 0.000141147364047, 0.00011060405086, 6.09261041973e-05, 4.54134824395e-05, 4.00019926019e-05, 1.78462414624e-05, 2.22390754061e-05, 1.71447227331e-05, 2.13654238905e-05, 1.03048805613e-05, 4.93896095577e-06, 8.01259830041e-06, 3.50298660123e-06, 3.04197305923e-06, 3.08029734697e-06, 3.73692728317e-06, 4.19578918809e-06, 3.03526326206e-06, 2.37074027609e-06, 1.59527201049e-06, 7.8722911212e-07, 7.62994829984e-07, 1.74041986156e-06, 1.54637370997e-06, 2.03642048291e-06, 9.35646426115e-07, 4.66643513164e-07, 6.63697733216e-07, 7.32637886358e-07, 7.72433509155e-07, 7.09767789431e-07, 5.94278958488e-07, 6.9874346309e-07], "dvar": [1.06148936538e-05, 4.46037574875e-06, 2.37142288029e-07, 1.33174955863e-06, 5.6016125427e-07, 2.98276262356e-07, 1.6464962016e-07, 1.04497431153e-07, 8.10549920516e-08, 1.32179280854e-08, 6.97132263028e-09, 5.48041745319e-09, 1.30852340074e-09, 1.93724147834e-09, 1.07889064349e-09, 2.74879230489e-09, 3.85721315999e-10, 8.81634418248e-11, 1.99895697217e-10, 2.92176560723e-11, 1.83628372924e-11, 2.08834928517e-11, 4.1919624022e-11, 6.48371911716e-11, 2.73761725095e-11, 1.54023998417e-11, 6.3248473299e-12, 1.62065554119e-12, 1.4307892978e-12, 1.04174264701e-11, 9.89826883652e-12, 1.67371186355e-11, 2.49628182708e-12, 5.81439302087e-13, 1.51173778357e-12, 1.63286777762e-12, 2.3412344112e-12, 1.69302646989e-12, 1.01646566598e-12, 1.29585936166e-12], "dvar2": [2.75795864582e-05, 1.22278179333e-05, 5.93230424784e-07, 3.48456819665e-06, 8.95172206583e-07, 5.23566598076e-07, 2.63477858198e-07, 1.6336905162e-07, 1.22640997802e-07, 1.90150863943e-08, 1.13826574832e-08, 7.38004590772e-09, 1.63411739695e-09, 4.16016998628e-09, 2.07506967165e-09, 5.58899726499e-09, 7.8402018211e-10, 2.029310886e-10, 4.59797783181e-10, 6.48861936403e-11, 3.74669496817e-11, 5.20826090589e-11, 8.88047413383e-11, 1.39056405279e-10, 6.85243181642e-11, 4.24272665611e-11, 1.65097015919e-11, 4.24731170373e-12, 3.5945356934e-12, 2.96199106908e-11, 2.8263542548e-11, 4.81842100941e-11, 7.01828742691e-12, 1.53087557821e-12, 4.16546181228e-12, 4.50303900071e-12, 5.20131116996e-12, 4.117847556e-12, 2.5150365731e-12, 2.97990820387e-12], "max": [0.0306790154427, 0.0308803878725, 0.00749201420695, 0.0234315413982, 0.0254063531756, 0.0148054920137, 0.0117106353864, 0.00738439522684, 0.00884994678199, 0.00358074717224, 0.0020643658936, 0.00230561732315, 0.00116851809435, 0.000853142235428, 0.00105975894257, 0.000992005923763, 0.000517032749485, 0.000299294857541, 0.000255453400314, 0.00011970855121, 0.000102143603726, 6.84603655827e-05, 0.000140746866236, 0.000183604439371, 0.000112378242193, 4.25882462878e-05, 3.85927669413e-05, 2.48269207077e-05, 1.77984256879e-05, 3.04611985484e-05, 3.52330062015e-05, 4.24360259785e-05, 1.78533337021e-05, 8.30720637168e-06, 1.44502737385e-05, 1.26183331304e-05, 1.56208916451e-05, 1.36041617225e-05, 9.61438672675e-06, 9.91776323644e-06], "mean": [0.00124418910127, 0.00078695389675, 0.000431972817751, 0.000654887466226, 0.00134186027572, 0.000848844356369, 0.000365916726878, 0.000237245985772, 0.000211111473618, 0.000132379151182, 8.94596742e-05, 8.59460560605e-05, 4.0046092181e-05, 3.12807205773e-05, 2.60443157458e-05, 2.96431608149e-05, 1.28883993966e-05, 5.65329037272e-06, 9.51914535108e-06, 4.04770526075e-06, 3.4814920582e-06, 2.49472691394e-06, 4.5028018576e-06, 5.15636656928e-06, 2.40743906943e-06, 1.30588921365e-06, 1.06675372535e-06, 5.55000895019e-07, 5.15793431077e-07, 7.52777680191e-07, 6.3895203084e-07, 7.40642121855e-07, 4.7377585588e-07, 2.99856310448e-07, 3.84135063314e-07, 4.05559205774e-07, 6.19553077286e-07, 5.14189821388e-07, 3.85648093015e-07, 4.6302520218e-07], "median": [0.000343796680681, 0.000235041603446, 0.000202346665901, 0.000192872597836, 0.000247819989454, 0.000152343360242, 7.75610969868e-05, 3.13118653139e-05, 4.07204206567e-05, 3.68792898371e-05, 2.4446637326e-05, 2.28529042943e-05, 9.1062820502e-06, 8.53460369399e-06, 5.63252933716e-06, 3.39543976224e-06, 3.36146217705e-06, 1.53772566591e-06, 2.83560120806e-06, 1.04296805148e-06, 7.1369294119e-07, 4.72673207241e-07, 5.26946223545e-07, 6.23108235231e-07, 3.62451885394e-07, 1.66981365624e-07, 1.67010313135e-07, 9.2826837772e-08, 6.78054234982e-08, 7.79800188866e-08, 6.90161385819e-08, 5.31100994294e-08, 4.7940439174e-08, 4.04095210627e-08, 4.33903473152e-08, 3.99429502806e-08, 5.0487855674e-08, 4.29717523787e-08, 3.64578269796e-08, 4.40940617352e-08], "min": [2.84997715408e-24, 5.0018301564e-24, 1.1039362895e-23, 5.58942187912e-24, 1.92445804827e-23, 1.19430385607e-23, 1.17359034085e-23, 1.86846296572e-23, 1.29405965627e-23, 1.5749062081e-23, 1.618024083e-23, 1.41503613036e-23, 1.0096947848e-23, 1.03852165554e-23, 1.67779354943e-23, 8.31396048572e-24, 6.22539759661e-24, 7.64013916631e-24, 1.43686911809e-23, 8.87100120331e-24, 6.97192507021e-24, 1.26106507559e-23, 6.31812582943e-24, 6.65851457687e-24, 8.37572356144e-24, 1.09162067194e-23, 6.10696472562e-24, 1.21007484217e-23, 1.35280289355e-23, 6.50978905269e-24, 1.22591359143e-23, 1.57885871678e-23, 7.38263682304e-24, 1.09147362826e-23, 1.17468117771e-23, 9.07985055024e-24, 7.94605784763e-24, 8.97038821104e-24, 1.38294763532e-23, 1.07170958603e-23], "var": [8.56966289575e-06, 3.20406002174e-06, 4.32653905591e-07, 2.53491793956e-06, 6.6274060373e-06, 2.48889227805e-06, 7.30548777028e-07, 4.68793530217e-07, 3.2421453966e-07, 6.61867289864e-08, 3.2190389021e-08, 2.91857187307e-08, 8.08109135164e-09, 4.59944171638e-09, 3.84199472236e-09, 6.53408083195e-09, 1.13518139333e-09, 1.80616771539e-10, 3.44827749688e-10, 6.2497410025e-11, 4.82831066795e-11, 2.93122574824e-11, 1.06744439676e-10, 1.73428993389e-10, 3.88267577811e-11, 1.23887584219e-11, 6.90540073039e-12, 1.64342216051e-12, 1.54046155172e-12, 6.55179599809e-12, 6.04024165754e-12, 9.72647309916e-12, 1.98822035224e-12, 5.92890428593e-13, 1.25227812061e-12, 1.39732062726e-12, 3.20721812823e-12, 2.01879637139e-12, 1.07387362891e-12, 1.47711638927e-12]}, "mfcc": {"mean": [-734.778442383, 166.992935181, 19.7712535858, 3.78168916702, 4.85575675964, -3.938403368, -1.24545300007, -0.0243037771434, -3.16397833824, -4.15126371384, -1.13904118538, -2.80308175087, -3.38639760017], "cov": [[7450.08886719, -1340.234375, -50.4018173218, 533.862121582, 50.0873794556, -13.0572910309, 166.236587524, 174.751708984, 39.450592041, 75.1858978271, 135.674087524, 139.315078735, -4.41641521454], [-1340.234375, 1503.92810059, -540.039855957, 0.183930456638, -21.4087963104, -40.7062568665, -30.4446353912, -17.7010040283, -19.8368053436, -38.5524711609, -47.7563667297, -60.5217666626, 3.87047886848], [-50.4018173218, -540.039855957, 1003.23687744, -108.989021301, 235.065689087, 166.28793335, 47.2271156311, 29.220117569, 114.260391235, 81.3899078369, 1.45414495468, -8.24315834045, -8.79237937927], [533.862121582, 0.183930456638, -108.989021301, 350.737365723, 15.7824258804, 44.6780128479, 28.1553707123, 53.9524040222, 13.6982755661, 12.9044027328, 46.6403999329, 29.8141098022, -4.36757183075], [50.0873794556, -21.4087963104, 235.065689087, 15.7824258804, 199.521484375, 64.8632583618, 17.465461731, 20.4620094299, 45.3815040588, 21.4551124573, 3.2067155838, 1.12227499485, 1.96944320202], [-13.0572910309, -40.7062568665, 166.28793335, 44.6780128479, 64.8632583618, 153.946884155, 22.762840271, 5.43251419067, 29.5522384644, 43.1602172852, 25.5527114868, -3.52776074409, -9.32580471039], [166.236587524, -30.4446353912, 47.2271156311, 28.1553707123, 17.465461731, 22.762840271, 99.275932312, 29.1203670502, 11.6641206741, 17.2620944977, 7.91832208633, 1.47138178349, 7.02133131027], [174.751708984, -17.7010040283, 29.220117569, 53.9524040222, 20.4620094299, 5.43251419067, 29.1203670502, 78.6276626587, 30.2159404755, -1.05140948296, 9.57013988495, 18.3109874725, 8.05929946899], [39.450592041, -19.8368053436, 114.260391235, 13.6982755661, 45.3815040588, 29.5522384644, 11.6641206741, 30.2159404755, 80.0461807251, 27.3690547943, -0.835683226585, 2.93073678017, 7.73021316528], [75.1858978271, -38.5524711609, 81.3899078369, 12.9044027328, 21.4551124573, 43.1602172852, 17.2620944977, -1.05140948296, 27.3690547943, 90.9096755981, 59.6245498657, 13.8862705231, 1.60519456863], [135.674087524, -47.7563667297, 1.45414495468, 46.6403999329, 3.2067155838, 25.5527114868, 7.91832208633, 9.57013988495, -0.835683226585, 59.6245498657, 140.23828125, 65.7336120605, -0.998364031315], [139.315078735, -60.5217666626, -8.24315834045, 29.8141098022, 1.12227499485, -3.52776074409, 1.47138178349, 18.3109874725, 2.93073678017, 13.8862705231, 65.7336120605, 85.4618301392, 26.3826503754], [-4.41641521454, 3.87047886848, -8.79237937927, -4.36757183075, 1.96944320202, -9.32580471039, 7.02133131027, 8.05929946899, 7.73021316528, 1.60519456863, -0.998364031315, 26.3826503754, 71.4792251587]], "icov": [[0.00020563788712, 0.000231258978602, 0.000169245744473, -0.000215058506001, -0.000187077588635, 0.000127417530166, -0.000204765601666, -0.000201844944968, -1.59527917276e-05, -0.000217857319512, 9.6124727861e-05, -9.98141622404e-05, 0.000117312491057], [0.000231258978602, 0.00122725765686, 0.00101118138991, 5.1458409871e-05, -0.000881977553945, -0.000193969259271, -0.000114203059638, -0.000342519721016, -0.000482290546643, -0.000234964114497, 8.23708796815e-06, 0.00072558800457, -8.60701475176e-05], [0.000169245744473, 0.00101118138991, 0.00269998889416, 0.00100359681528, -0.00220285262913, -0.00142289826181, -0.000397263822379, -0.000578138628043, -0.00154174736235, -0.000911435228772, 0.000526781659573, 9.67860833043e-05, 0.000487236131448], [-0.000215058506001, 5.1458409871e-05, 0.00100359681528, 0.00422891508788, -0.000563818088267, -0.00186524156015, -0.000100434095657, -0.00226560910232, -0.000301850523101, 0.000277920509689, -0.000681057630572, -0.000242173919105, 0.000509540666826], [-0.000187077588635, -0.000881977553945, -0.00220285262913, -0.000563818088267, 0.00820353254676, -0.00120448495727, 0.000101616562461, 4.84863994643e-05, -0.00143728824332, 0.00106170971412, -0.000176430185093, -0.000368162756786, -0.000402823905461], [0.000127417530166, -0.000193969259271, -0.00142289826181, -0.00186524156015, -0.00120448495727, 0.0101508805528, -0.00111933611333, 0.00143553281669, -0.000528107048012, -0.00233135325834, -0.00102906802204, 0.00130293390248, 0.000649220892228], [-0.000204765601666, -0.000114203059638, -0.000397263822379, -0.000100434095657, 0.000101616562461, -0.00111933611333, 0.012574326247, -0.00503104366362, 0.00203037145548, -0.00248389481567, 0.000302301399643, 0.00167639763094, -0.00165654555894], [-0.000201844944968, -0.000342519721016, -0.000578138628043, -0.00226560910232, 4.84863994643e-05, 0.00143553281669, -0.00503104366362, 0.0206313338131, -0.00805865973234, 0.00517472298816, -0.00143814377952, -0.00289872754365, -4.43843309768e-05], [-1.59527917276e-05, -0.000482290546643, -0.00154174736235, -0.000301850523101, -0.00143728824332, -0.000528107048012, 0.00203037145548, -0.00805865973234, 0.0212851315737, -0.00788182765245, 0.00464031146839, -0.00136108603328, -0.00106080935802], [-0.000217857319512, -0.000234964114497, -0.000911435228772, 0.000277920509689, 0.00106170971412, -0.00233135325834, -0.00248389481567, 0.00517472298816, -0.00788182765245, 0.0227478779852, -0.0120833357796, 0.00550731923431, -0.00262870080769], [9.6124727861e-05, 8.23708796815e-06, 0.000526781659573, -0.000681057630572, -0.000176430185093, -0.00102906802204, 0.000302301399643, -0.00143814377952, 0.00464031146839, -0.0120833357796, 0.0195304341614, -0.0144914891571, 0.00542277935892], [-9.98141622404e-05, 0.00072558800457, 9.67860833043e-05, -0.000242173919105, -0.000368162756786, 0.00130293390248, 0.00167639763094, -0.00289872754365, -0.00136108603328, 0.00550731923431, -0.0144914891571, 0.0263920444995, -0.00962611753494], [0.000117312491057, -8.60701475176e-05, 0.000487236131448, 0.000509540666826, -0.000402823905461, 0.000649220892228, -0.00165654555894, -4.43843309768e-05, -0.00106080935802, -0.00262870080769, 0.00542277935892, -0.00962611753494, 0.0181590337306]]}, "spectral_contrast_coeffs": {"dmean": [0.045750964433, 0.0478790998459, 0.042889598757, 0.0359963700175, 0.0269998759031, 0.0227608475834], "dmean2": [0.0730997845531, 0.073992729187, 0.0648248046637, 0.0551613084972, 0.0404986478388, 0.036615729332], "dvar": [0.0015060978476, 0.00191741681192, 0.00145994347986, 0.00103841000237, 0.000772776082158, 0.000647225300781], "dvar2": [0.00380414770916, 0.00446678837761, 0.00339849619195, 0.00246685789898, 0.00156873138621, 0.00145532377064], "max": [-0.323944032192, -0.339912861586, -0.454293370247, -0.534594297409, -0.563364267349, -0.608808219433], "mean": [-0.661841571331, -0.669662475586, -0.710773289204, -0.750816106796, -0.786742627621, -0.830979824066], "median": [-0.668758809566, -0.681817054749, -0.714468896389, -0.754178285599, -0.797438204288, -0.83873963356], "min": [-0.962583005428, -0.956923127174, -0.960689365864, -0.940759778023, -0.958430886269, -0.964358508587], "var": [0.00632881838828, 0.0111660202965, 0.00572085054591, 0.00465790182352, 0.00413672439754, 0.00143238622695]}, "spectral_contrast_valleys": {"dmean": [0.479604184628, 0.412708967924, 0.436314702034, 0.457693606615, 0.539202213287, 0.674645662308], "dmean2": [0.73588514328, 0.661507844925, 0.67580896616, 0.702849626541, 0.784037530422, 0.897740542889], "dvar": [0.273563057184, 0.179972141981, 0.179429531097, 0.243384540081, 0.427078932524, 0.581457555294], "dvar2": [0.52192145586, 0.398284524679, 0.387690603733, 0.565981328487, 0.977160990238, 1.22844278812], "max": [-5.09422254562, -4.91288518906, -5.79704141617, -6.467681407