{"lowlevel": {"average_loudness": 0.91292566061, "barkbands_crest": {"dmean": 2.73258137703, "dmean2": 4.40336465836, "dvar": 5.74617338181, "dvar2": 14.6663236618, "max": 22.7429122925, "mean": 11.0208692551, "median": 10.4876174927, "min": 2.33953046799, "var": 14.0850563049}, "barkbands_flatness_db": {"dmean": 0.0286283306777, "dmean2": 0.0416241027415, "dvar": 0.000981246004812, "dvar2": 0.00176115182694, "max": 0.464345932007, "mean": 0.169048592448, "median": 0.149308979511, "min": 0.0263861604035, "var": 0.00668977526948}, "barkbands_kurtosis": {"dmean": 4.5749001503, "dmean2": 7.17563724518, "dvar": 73.2955474854, "dvar2": 167.454650879, "max": 239.807647705, "mean": 8.71681213379, "median": 4.21514511108, "min": -1.89913225174, "var": 228.706420898}, "barkbands_skewness": {"dmean": 0.713001132011, "dmean2": 1.06713056564, "dvar": 0.550225675106, "dvar2": 1.23698019981, "max": 11.466840744, "mean": 2.14071249962, "median": 2.04386544228, "min": -5.38507318497, "var": 2.29540586472}, "barkbands_spread": {"dmean": 7.98786687851, "dmean2": 11.8429784775, "dvar": 111.530204773, "dvar2": 227.296203613, "max": 112.674865723, "mean": 23.3422031403, "median": 20.1063308716, "min": 0.445771336555, "var": 287.31741333}, "dissonance": {"dmean": 0.0159025415778, "dmean2": 0.0263896416873, "dvar": 0.000267375522526, "dvar2": 0.000678175070789, "max": 0.5, "mean": 0.455437213182, "median": 0.468517869711, "min": 0.279203802347, "var": 0.00166349578649}, "dynamic_complexity": 4.38989639282, "erbbands_crest": {"dmean": 2.92423152924, "dmean2": 4.20859050751, "dvar": 8.38450336456, "dvar2": 16.8846569061, "max": 31.7367267609, "mean": 12.4770593643, "median": 11.3789806366, "min": 2.42418050766, "var": 34.1962928772}, "erbbands_flatness_db": {"dmean": 0.0221545193344, "dmean2": 0.0284181516618, "dvar": 0.000589776551351, "dvar2": 0.00101461436134, "max": 0.362994611263, "mean": 0.145685523748, "median": 0.130992919207, "min": 0.0378815867007, "var": 0.00396321294829}, "erbbands_kurtosis": {"dmean": 1.3740093708, "dmean2": 1.9762455225, "dvar": 5.46467971802, "dvar2": 10.7348737717, "max": 60.4733200073, "mean": 1.69136583805, "median": 0.290235757828, "min": -1.90786099434, "var": 19.0506839752}, "erbbands_skewness": {"dmean": 0.378891050816, "dmean2": 0.559829175472, "dvar": 0.179661393166, "dvar2": 0.34780728817, "max": 7.13324594498, "mean": 0.307653874159, "median": 0.248596027493, "min": -4.13760900497, "var": 1.128916502}, "erbbands_spread": {"dmean": 13.4145154953, "dmean2": 19.5305500031, "dvar": 273.677734375, "dvar2": 603.132751465, "max": 161.99105835, "mean": 46.6564941406, "median": 42.2932014465, "min": 5.087038517, "var": 725.430358887}, "hfc": {"dmean": 15.0317249298, "dmean2": 22.8227844238, "dvar": 800.188598633, "dvar2": 1893.20397949, "max": 213.668365479, "mean": 22.0095424652, "median": 12.3103199005, "min": 1.19131570906e-16, "var": 881.907775879}, "melbands_crest": {"dmean": 3.29550337791, "dmean2": 5.29958438873, "dvar": 8.13982868195, "dvar2": 20.1009845734, "max": 31.6123447418, "mean": 16.5226306915, "median": 16.1347007751, "min": 1.98959541321, "var": 26.422416687}, "melbands_flatness_db": {"dmean": 0.0349399410188, "dmean2": 0.0510180965066, "dvar": 0.00145558128133, "dvar2": 0.00260587222874, "max": 0.579520225525, "mean": 0.258991569281, "median": 0.243958026171, "min": 0.00448197266087, "var": 0.00924839824438}, "melbands_kurtosis": {"dmean": 16.2022724152, "dmean2": 25.7082519531, "dvar": 823.179077148, "dvar2": 2056.86767578, "max": 433.612854004, "mean": 29.2037258148, "median": 16.0826339722, "min": -1.76453387737, "var": 1765.30493164}, "melbands_skewness": {"dmean": 1.20684087276, "dmean2": 1.81099998951, "dvar": 2.03535914421, "dvar2": 4.77142572403, "max": 15.8524055481, "mean": 3.88011693954, "median": 3.40487790108, "min": -0.401629060507, "var": 6.00179290771}, "melbands_spread": {"dmean": 7.50420999527, "dmean2": 11.4443492889, "dvar": 168.509490967, "dvar2": 334.281494141, "max": 245.891479492, "mean": 19.2034988403, "median": 13.5040769577, "min": 0.329230457544, "var": 423.593658447}, "pitch_salience": {"dmean": 0.0790496096015, "dmean2": 0.126196205616, "dvar": 0.00502791628242, "dvar2": 0.0122949620709, "max": 0.814284384251, "mean": 0.485438138247, "median": 0.486706495285, "min": 0.0802096948028, "var": 0.0132198948413}, "silence_rate_20dB": {"dmean": 0, "dmean2": 0, "dvar": 0, "dvar2": 0, "max": 1, "mean": 1, "median": 1, "min": 1, "var": 0}, "silence_rate_30dB": {"dmean": 0.0693031996489, "dmean2": 0.138658627868, "dvar": 0.0645021721721, "dvar2": 0.153343603015, "max": 1, "mean": 0.946159660816, "median": 1, "min": 0, "var": 0.0509418696165}, "silence_rate_60dB": {"dmean": 0.0150659130886, "dmean2": 0.0301431808621, "dvar": 0.0148391360417, "dvar2": 0.0322481803596, "max": 1, "mean": 0.0914909616113, "median": 0, "min": 0, "var": 0.0831195041537}, "spectral_centroid": {"dmean": 278.617279053, "dmean2": 412.283355713, "dvar": 158262.734375, "dvar2": 296549.03125, "max": 11245.7900391, "mean": 1123.09765625, "median": 971.920410156, "min": 122.381141663, "var": 543142.0625}, "spectral_complexity": {"dmean": 3.69114875793, "dmean2": 5.42577219009, "dvar": 39.9277877808, "dvar2": 78.2703475952, "max": 60, "mean": 12.03125, "median": 11, "min": 0, "var": 79.0398864746}, "spectral_decrease": {"dmean": 4.71283900794e-09, "dmean2": 7.80439624037e-09, "dvar": 8.87736784662e-17, "dvar2": 2.41625306748e-16, "max": 7.18937875177e-17, "mean": -8.23401613559e-09, "median": -5.72092373474e-09, "min": -7.1177076677e-08, "var": 9.09252745012e-17}, "spectral_energy": {"dmean": 0.0188658423722, "dmean2": 0.0310110189021, "dvar": 0.00139223888982, "dvar2": 0.00376741029322, "max": 0.274090141058, "mean": 0.0330734178424, "median": 0.0231687314808, "min": 1.0773058934e-20, "var": 0.00143607275095}, "spectral_energyband_high": {"dmean": 0.00126500870101, "dmean2": 0.00192228995729, "dvar": 6.27917188467e-06, "dvar2": 1.46701240737e-05, "max": 0.0231015272439, "mean": 0.00134402152617, "median": 0.000423120305641, "min": 7.6829908543e-21, "var": 6.57019336359e-06}, "spectral_energyband_low": {"dmean": 0.0120883248746, "dmean2": 0.0207074582577, "dvar": 0.00096761144232, "dvar2": 0.00265306071378, "max": 0.248128592968, "mean": 0.0176614709198, "median": 0.0095463078469, "min": 1.11103233e-22, "var": 0.000850753858685}, "spectral_energyband_middle_high": {"dmean": 0.00158687238581, "dmean2": 0.00210999068804, "dvar": 9.04273838387e-06, "dvar2": 1.58023358381e-05, "max": 0.0645899549127, "mean": 0.00422693463042, "median": 0.00259571196511, "min": 1.68096822864e-21, "var": 2.70208092843e-05}, "spectral_energyband_middle_low": {"dmean": 0.00766736688092, "dmean2": 0.0122455796227, "dvar": 0.000307866197545, "dvar2": 0.000808663258795, "max": 0.172682717443, "mean": 0.0121241407469, "median": 0.00631561968476, "min": 3.11124191421e-22, "var": 0.000323093845509}, "spectral_entropy": {"dmean": 0.274362981319, "dmean2": 0.355940371752, "dvar": 0.108078584075, "dvar2": 0.159718886018, "max": 9.80600643158, "mean": 7.32943916321, "median": 7.51587200165, "min": 4.90177869797, "var": 0.617352426052}, "spectral_flux": {"dmean": 0.0386910438538, "dmean2": 0.0597908124328, "dvar": 0.00345532572828, "dvar2": 0.00693414453417, "max": 0.475528776646, "mean": 0.0820903405547, "median": 0.0611043982208, "min": 1.03793348916e-10, "var": 0.00551792606711}, "spectral_kurtosis": {"dmean": 1.99342393875, "dmean2": 3.13829064369, "dvar": 13.4878063202, "dvar2": 39.8847122192, "max": 64.3354568481, "mean": 5.40277910233, "median": 3.58443641663, "min": -1.21695411205, "var": 44.1222877502}, "spectral_rms": {"dmean": 0.00128466356546, "dmean2": 0.00197085691616, "dvar": 3.63916933566e-06, "dvar2": 9.3016487881e-06, "max": 0.0163525231183, "mean": 0.00495049543679, "median": 0.00475432863459, "min": 3.24195943528e-12, "var": 7.75939861342e-06}, "spectral_rolloff": {"dmean": 619.663635254, "dmean2": 1050.79333496, "dvar": 2188665.5, "dvar2": 4889334.5, "max": 19638.28125, "mean": 1322.20812988, "median": 796.728515625, "min": 86.1328125, "var": 4995145.5}, "spectral_skewness": {"dmean": 0.258644789457, "dmean2": 0.385877639055, "dvar": 0.0878265574574, "dvar2": 0.208408847451, "max": 6.34503030777, "mean": 1.72868680954, "median": 1.56745016575, "min": 0.0102289328352, "var": 0.467727333307}, "spectral_spread": {"dmean": 1096836.25, "dmean2": 1438759.75, "dvar": 1850501234690.0, "dvar2": 3091238486020.0, "max": 41708820, "mean": 6064382.5, "median": 5875651.5, "min": 1003295.5, "var": 6143813877760.0}, "spectral_strongpeak": {"dmean": 0.452417045832, "dmean2": 0.775071144104, "dvar": 0.930361688137, "dvar2": 2.17618966103, "max": 14.1856393814, "mean": 0.782101392746, "median": 0.427479118109, "min": 0, "var": 1.359364748}, "zerocrossingrate": {"dmean": 0.0159606356174, "dmean2": 0.0183101780713, "dvar": 0.000405937054893, "dvar2": 0.000470914965263, "max": 0.6884765625, "mean": 0.0644803345203, "median": 0.0546875, "min": 0.00439453125, "var": 0.00354607962072}, "barkbands": {"dmean": [0.000138591683935, 0.00799973867834, 0.00432698475197, 0.00286823022179, 0.00498998444527, 0.000311926385621, 9.05420092749e-05, 5.57604435016e-05, 0.000156717491336, 0.000424120080424, 0.000559167470783, 0.000180968083441, 0.000367727276171, 0.000141440541483, 0.000164375102031, 9.41717153182e-05, 0.000107758809463, 8.28610063763e-05, 9.95027730823e-05, 7.22630429664e-05, 0.000166837460711, 0.000155555273523, 0.000250144832535, 0.000105921382783, 0.000195209635422, 0.000375062896637, 5.69650619582e-05], "dmean2": [0.000219564288273, 0.0136182392016, 0.0075687081553, 0.00473483232781, 0.00791023578495, 0.000501632806845, 0.000154378503794, 8.4704173787e-05, 0.000247247779043, 0.000593047006987, 0.000696476199664, 0.000263228284894, 0.000473509368021, 0.000205358301173, 0.000252527417615, 0.000146663136547, 0.000165492223459, 0.000133510562591, 0.000158382143127, 0.000119390599139, 0.000249823468039, 0.000248348223977, 0.000377126852982, 0.000165428311448, 0.000308340298943, 0.000623632280622, 9.49435052462e-05], "dvar": [1.51501737378e-07, 0.000586990383454, 7.75254666223e-05, 3.39858561347e-05, 0.000138966730447, 2.96873025718e-07, 6.25081213457e-08, 1.69776885883e-08, 1.59048198611e-07, 8.75066120898e-07, 3.60086210094e-06, 2.48521160984e-07, 3.05609455609e-06, 1.1620978313e-07, 2.1302318487e-07, 4.12930099003e-08, 4.27304946982e-08, 3.23959383763e-08, 5.24078878072e-08, 2.66486921419e-08, 1.8372277566e-07, 9.53897156819e-08, 4.16840634898e-07, 3.98451476258e-08, 1.58860089527e-07, 8.31955787817e-07, 1.70128693355e-08], "dvar2": [3.72852611008e-07, 0.00160987989511, 0.000222604663577, 8.53915917105e-05, 0.000371136760805, 7.8060480746e-07, 1.76673893293e-07, 4.11206855233e-08, 3.70536497485e-07, 1.66431857451e-06, 6.13423662799e-06, 4.32407290418e-07, 4.31079570262e-06, 2.20725397071e-07, 4.08105194083e-07, 8.95729073136e-08, 9.09587001274e-08, 8.05204791732e-08, 1.32765450189e-07, 6.87075356609e-08, 3.76497496291e-07, 2.38657378304e-07, 9.92972331915e-07, 9.34870953984e-08, 3.8521605461e-07, 2.08698202186e-06, 4.36969500583e-08], "max": [0.00421234872192, 0.216934517026, 0.103817842901, 0.0578074678779, 0.111895397305, 0.00715911621228, 0.00261888885871, 0.00218752375804, 0.0141679998487, 0.0246636662632, 0.0522787347436, 0.0123463431373, 0.0620991773903, 0.0145530086011, 0.0169743858278, 0.00309018348344, 0.00548826018348, 0.0020692832768, 0.00355029734783, 0.00140053452924, 0.012040225789, 0.00245594768785, 0.00764055550098, 0.00205203914084, 0.00315412692726, 0.00724395457655, 0.00112404371612], "mean": [0.000223381270189, 0.00973583012819, 0.0057213017717, 0.00408937502652, 0.00605541095138, 0.000761131639592, 0.000142709468491, 8.96984420251e-05, 0.000299681036267, 0.00132037245203, 0.00109092658386, 0.000321700557834, 0.000544473121408, 0.000277782557532, 0.000301049294649, 0.000149034080096, 0.000255554186879, 0.000135815309477, 0.000174141285243, 9.72118796199e-05, 0.000227281445405, 0.000163454271387, 0.00023491938191, 0.000119091178931, 0.000185951561434, 0.000308324059006, 4.78523579659e-05], "median": [2.14210631384e-05, 0.00346061727032, 0.00266971765086, 0.00162972975522, 0.00229636533186, 0.000481403141748, 5.72471471969e-05, 3.16648511216e-05, 7.98759283498e-05, 0.000216762593482, 9.45427455008e-05, 5.58253668714e-05, 2.87151142402e-05, 8.22520814836e-05, 0.000111387533252, 5.15524516231e-05, 9.3002745416e-05, 4.75170672871e-05, 7.47969097574e-05, 4.0398335841e-05, 8.98257712834e-05, 5.24223032699e-05, 3.68214205082e-05, 4.87437355332e-05, 4.81065471831e-05, 4.41812298959e-05, 1.07945743366e-05], "min": [3.23528865072e-23, 2.50580562138e-23, 4.20298337652e-23, 4.57691890727e-23, 7.05813100107e-23, 3.28887123885e-23, 6.93496267695e-23, 4.08139498302e-23, 3.46989746166e-23, 7.32954711521e-23, 3.6608756381e-23, 5.06684917661e-23, 1.7198648268e-22, 2.05593320394e-22, 1.23818459102e-22, 1.22116766223e-22, 2.1299173759e-22, 3.28848797867e-22, 2.80661664922e-22, 2.98824272187e-22, 5.48588464262e-22, 5.50645611554e-22, 5.36419710508e-22, 7.59160304761e-22, 1.04533102084e-21, 1.65381990244e-21, 2.63696091604e-21], "var": [2.30123148981e-07, 0.000465006218292, 8.66447226144e-05, 4.40495714429e-05, 0.000130352244014, 8.33115279875e-07, 6.26878460253e-08, 3.45665540635e-08, 5.73221370814e-07, 6.18741887592e-06, 9.00036320672e-06, 8.15529745068e-07, 8.96350866242e-06, 4.45132258164e-07, 5.23194785274e-07, 8.06247655305e-08, 3.2910935488e-07, 5.70123326327e-08, 8.48301624501e-08, 3.06828269458e-08, 3.67970329762e-07, 8.89916478286e-08, 4.00486158014e-07, 4.11975555892e-08, 1.48428696889e-07, 6.83942971591e-07, 1.33732509511e-08]}, "erbbands": {"dmean": [0.199578136206, 1.92971456051, 4.94645595551, 6.60139751434, 22.4106140137, 9.07610797882, 3.5727212429, 2.03601574898, 1.68364942074, 0.732917964458, 1.55879974365, 3.36802840233, 11.5268392563, 12.8296813965, 19.5383338928, 9.95692253113, 18.2782363892, 8.29620075226, 7.49984836578, 7.63783550262, 5.10095787048, 4.70630836487, 4.58130216599, 6.13081169128, 3.47207951546, 3.60289406776, 5.36163759232, 7.02273130417, 5.62725782394, 4.37690544128, 8.25220298767, 3.44031739235, 1.59793543816, 1.66876089573, 1.93932139874, 2.3243265152, 0.391484498978, 0.105013616383, 0.0080062719062, 0.000441089010565], "dmean2": [0.323292642832, 3.36530804634, 8.65422439575, 11.1675519943, 35.3194694519, 15.1884813309, 5.71459007263, 3.33339905739, 2.81276392937, 1.2694863081, 2.32182621956, 5.1069984436, 17.1363544464, 16.5231666565, 24.5755958557, 13.6011457443, 23.1690216064, 11.8660182953, 11.2991018295, 11.8139314651, 7.81654167175, 7.33667993546, 7.44647169113, 9.74746608734, 5.44907045364, 5.88161325455, 7.91617584229, 10.8793544769, 8.88890361786, 7.07126092911, 12.5663843155, 5.19328641891, 2.47364544868, 2.5693397522, 3.09188294411, 3.85173249245, 0.642463982105, 0.180368945003, 0.0131118576974, 0.000716030830517], "dvar": [0.352434158325, 34.5901374817, 123.994422913, 134.280838013, 2824.921875, 495.644348145, 42.2776412964, 13.0962677002, 15.7592105865, 4.15107107162, 12.2759466171, 71.9311065674, 760.867675781, 1044.828125, 3670.50048828, 707.090637207, 8053.49658203, 401.811431885, 603.946105957, 281.779602051, 101.858131409, 89.5496139526, 94.32371521, 220.489730835, 63.2813682556, 65.1755065918, 227.20211792, 259.325744629, 113.95350647, 85.3887405396, 513.833496094, 60.3219642639, 9.19150543213, 10.6202068329, 16.8134536743, 36.5555152893, 0.758640408516, 0.0821348950267, 0.000318491860526, 8.69163216066e-07], "dvar2": [0.89734005928, 97.3672866821, 352.131378174, 356.075317383, 7352.22607422, 1381.09667969, 109.537078857, 35.902923584, 43.8900604248, 11.7104549408, 27.9376144409, 143.598251343, 1745.26245117, 1667.92089844, 6242.12939453, 1106.1763916, 11426.0585938, 754.273864746, 1078.34851074, 652.589233398, 226.159408569, 207.880111694, 228.36946106, 560.215881348, 144.35383606, 166.270614624, 403.057891846, 635.466674805, 276.309906006, 219.787750244, 1228.70153809, 136.034957886, 22.0239639282, 24.768491745, 41.5554389954, 92.6453018188, 1.87562811375, 0.219436571002, 0.00080395641271, 2.14282385969e-06], "max": [5.67319202423, 50.8400344849, 122.339195251, 106.001922607, 561.177246094, 195.171691895, 102.938156128, 61.3882598877, 51.3792037964, 19.9999465942, 66.0848388672, 393.321746826, 672.769836426, 878.569213867, 1624.34411621, 620.714477539, 3159.42797852, 856.374938965, 1032.10717773, 237.293136597, 157.494995117, 178.63722229, 137.251174927, 220.108963013, 229.988998413, 91.0022888184, 521.563476562, 217.690704346, 74.4161529541, 82.5758743286, 269.521575928, 75.6529464722, 23.7207279205, 31.9243812561, 28.3672294617, 51.7592430115, 7.23665046692, 3.10397720337, 0.159176036716, 0.0083769839257], "mean": [0.230032637715, 2.35861611366, 6.75840377808, 10.6696214676, 26.7340869904, 10.9700231552, 7.587703228, 4.53281974792, 3.31383752823, 0.995388746262, 2.99318552017, 8.13002490997, 33.7099075317, 35.3163871765, 39.4387779236, 19.4944877625, 27.9857406616, 16.117433548, 14.3422956467, 13.2958097458, 10.9159317017, 10.3270559311, 7.84749650955, 10.2516899109, 6.20835208893, 5.07369279861, 8.33239269257, 8.32784938812, 5.96943712234, 4.31864595413, 7.55516338348, 3.74743318558, 1.69738543034, 1.69766497612, 1.75341665745, 1.89567732811, 0.33909279108, 0.0813629850745, 0.00706550152972, 0.000428630883107], "median": [0.0726521015167, 0.841271877289, 2.91210269928, 5.43264293671, 9.17994880676, 4.97638130188, 3.98440170288, 2.74484276772, 1.40097594261, 0.417579650879, 1.24797606468, 2.41477012634, 6.6741104126, 5.59694576263, 5.66370344162, 3.70671415329, 2.25185441971, 4.9762673378, 5.13494300842, 5.43342971802, 4.495470047, 4.44558906555, 3.39141488075, 3.67978787422, 2.99728536606, 2.26397562027, 3.28658366203, 3.05156850815, 1.91954505444, 1.20107781887, 1.08752012253, 1.05239367485, 0.647280693054, 0.457462787628, 0.406024187803, 0.229614719748, 0.0703693777323, 0.0152352368459, 0.00172238028608, 0.000138475559652], "min": [1.11105118693e-21, 4.75843159851e-21, 3.21020717796e-20, 1.28143188657e-19, 1.44151188537e-19, 2.98089914123e-19, 2.43277773109e-19, 2.97326633213e-19, 7.810270363e-19, 8.29566718428e-19, 1.20497447103e-18, 8.24042496104e-19, 1.76089340261e-18, 2.09396677524e-18, 1.66535125012e-18, 1.913859157e-18, 7.70320796273e-18, 1.10887986529e-17, 7.15953688768e-18, 7.71325737999e-18, 6.60310241578e-18, 1.28718733172e-17, 1.56017976405e-17, 1.49558225217e-17, 1.55028039735e-17, 1.5594353015e-17, 2.18011689157e-17, 1.94887921308e-17, 2.23000101103e-17, 1.67711597114e-17, 1.4682310289e-17, 1.35652442308e-17, 1.40304158657e-17, 1.09258440722e-17, 7.70150727939e-18, 5.44134337547e-18, 3.37881938968e-18, 1.15050835e-18, 3.3440332396e-19, 4.32078633072e-20], "var": [0.3256470263, 25.9098358154, 138.953445435, 206.679122925, 2749.73876953, 398.267456055, 106.012580872, 31.7807254791, 26.029384613, 3.74145460129, 34.1471481323, 419.71875, 5538.93652344, 4569.57910156, 9436.41796875, 2512.34545898, 23189.1679688, 1512.66015625, 1650.91870117, 492.778320312, 360.845977783, 384.952636719, 171.327606201, 410.514648438, 137.637252808, 80.5119628906, 595.999694824, 289.069122314, 113.9740448, 73.9689025879, 481.080291748, 63.6500663757, 9.3956861496, 11.0390386581, 14.9351453781, 29.5099601746, 0.642265796661, 0.0568817965686, 0.000263390917098, 7.75321552737e-07]}, "gfcc": {"mean": [-38.361000061, 69.313117981, -76.6935424805, 36.5236473083, -29.5012874603, 20.2421302795, -29.6919116974, -2.92064976692, -35.5396003723, -8.43952560425, -29.9853878021, 2.02634596825, -6.69843864441], "cov": [[28901.1171875, -3328.99633789, -729.379211426, 181.419906616, -736.709106445, 2173.1940918, -138.68913269, 1281.80371094, -649.721862793, 118.372047424, -47.1549720764, 489.088745117, -90.8379440308], [-3328.99633789, 2971.19042969, -411.052307129, -16.4575042725, 15.6062269211, -644.569885254, 123.957817078, -361.95300293, 246.377380371, -5.4660615921, 75.3436431885, -139.938491821, 224.061065674], [-729.379211426, -411.052307129, 623.185852051, 103.855941772, 20.5775241852, 132.909881592, -6.75531053543, 72.388710022, 41.0663223267, 49.9009246826, -28.325799942, 101.503074646, -15.0304145813], [181.419906616, -16.4575042725, 103.855941772, 362.014312744, 209.927017212, 60.0593910217, -79.581741333, -26.8818511963, 46.0298347473, -14.6478414536, -25.4524421692, -0.234042391181, -19.0138912201], [-736.709106445, 15.6062269211, 20.5775241852, 209.927017212, 411.849060059, 31.8964004517, -100.644561768, -103.747161865, 57.4048309326, -33.6153717041, -8.82305145264, -42.9094619751, -57.584186554], [2173.1940918, -644.569885254, 132.909881592, 60.0593910217, 31.8964004517, 506.84274292, 19.156578064, 187.800674438, -50.0741577148, 23.229681015, 9.28003883362, 107.738288879, -17.6568241119], [-138.68913269, 123.957817078, -6.75531053543, -79.581741333, -100.644561768, 19.156578064, 181.728927612, 68.8978424072, -19.0294208527, -4.7438583374, 33.3091850281, 37.5456886292, 39.7002182007], [1281.80371094, -361.95300293, 72.388710022, -26.8818511963, -103.747161865, 187.800674438, 68.8978424072, 291.304504395, -9.08604240417, 3.68866300583, 9.22329902649, 97.9561691284, 31.9564495087], [-649.721862793, 246.377380371, 41.0663223267, 46.0298347473, 57.4048309326, -50.0741577148, -19.0294208527, -9.08604240417, 170.21055603, 51.4327201843, -10.5987377167, -6.71317386627, 31.2286663055], [118.372047424, -5.4660615921, 49.9009246826, -14.6478414536, -33.6153717041, 23.229681015, -4.7438583374, 3.68866300583, 51.4327201843, 146.777679443, 56.0019111633, -2.8056166172, -20.873960495], [-47.1549720764, 75.3436431885, -28.325799942, -25.4524421692, -8.82305145264, 9.28003883362, 33.3091850281, 9.22329902649, -10.5987377167, 56.0019111633, 125.950202942, 27.7048988342, -24.4734840393], [489.088745117, -139.938491821, 101.503074646, -0.234042391181, -42.9094619751, 107.738288879, 37.5456886292, 97.9561691284, -6.71317386627, -2.8056166172, 27.7048988342, 154.283752441, 38.625667572], [-90.8379440308, 224.061065674, -15.0304145813, -19.0138912201, -57.584186554, -17.6568241119, 39.7002182007, 31.9564495087, 31.2286663055, -20.873960495, -24.4734840393, 38.625667572, 116.59538269]], "icov": [[9.38363591558e-05, -2.36309824686e-05, 0.000268561940175, -0.000179891940206, 0.000225914729526, -0.00033825362334, 0.000242678259383, -0.000236450781813, 0.000266666174866, -0.000243691159994, 0.000273319688858, -0.000190677499631, 0.000171815700014], [-2.36309824686e-05, 0.000886262569111, 0.000213415303733, -0.000227042255574, 1.04520904642e-05, 0.000613598211203, -0.000754532287829, 0.00093412847491, -0.00109030748717, 0.000409126514569, -0.00115627597552, 0.000489084923174, -0.00167153635994], [0.000268561940175, 0.000213415303733, 0.00310981832445, -0.0011696787551, 0.000692696659826, -0.000849329167977, 0.00010408864182, -0.000387897627661, 0.000166277852259, -0.001826964668, 0.00212768162601, -0.00239803246222, 0.00116302585229], [-0.000179891940206, -0.000227042255574, -0.0011696787551, 0.00478053698316, -0.00244112429209, 0.000212682440178, 0.000672830385156, 1.7141983335e-05, -0.000518298067618, 0.000582388893235, -1.57907925313e-06, 0.000204275987926, -0.00030716843321], [0.000225914729526, 1.04520904642e-05, 0.000692696659826, -0.00244112429209, 0.00566975632682, -0.00197698525153, 0.00154451315757, 0.00115050573368, -0.00212103174999, 0.00245833676308, -0.00112073216587, 0.000292160722893, 0.00218286947347], [-0.00033825362334, 0.000613598211203, -0.000849329167977, 0.000212682440178, -0.00197698525153, 0.00503934174776, -0.00150288548321, -0.000723628152627, 0.000302909640595, -0.000808690616395, -0.000368756591342, -0.000719272647984, -0.00108571059536], [0.000242678259383, -0.000754532287829, 0.00010408864182, 0.000672830385156, 0.00154451315757, -0.00150288548321, 0.00907461997122, -0.00235893391073, 0.00154170952737, 0.000712459324859, -0.00158061983529, -0.000215717082028, -0.000691616849508], [-0.000236450781813, 0.00093412847491, -0.000387897627661, 1.7141983335e-05, 0.00115050573368, -0.000723628152627, -0.00235893391073, 0.00760217802599, -0.00303910369985, 0.00195222836919, -0.00179607153405, -0.000908669608179, -0.00176078651566], [0.000266666174866, -0.00109030748717, 0.000166277852259, -0.000518298067618, -0.00212103174999, 0.000302909640595, 0.00154170952737, -0.00303910369985, 0.011979309842, -0.00687506748363, 0.00434317532927, -0.00117673084605, -0.00159162888303], [-0.000243691159994, 0.000409126514569, -0.001826964668, 0.000582388893235, 0.00245833676308, -0.000808690616395, 0.000712459324859, 0.00195222836919, -0.00687506748363, 0.014064302668, -0.00817888509482, 0.0034312447533, 0.00070325267734], [0.000273319688858, -0.00115627597552, 0.00212768162601, -1.57907925313e-06, -0.00112073216587, -0.000368756591342, -0.00158061983529, -0.00179607153405, 0.00434317532927, -0.00817888509482, 0.0162392053753, -0.00621465919539, 0.00596997607499], [-0.000190677499631, 0.000489084923174, -0.00239803246222, 0.000204275987926, 0.000292160722893, -0.000719272647984, -0.000215717082028, -0.000908669608179, -0.00117673084605, 0.0034312447533, -0.00621465919539, 0.0128601463512, -0.00564168160781], [0.000171815700014, -0.00167153635994, 0.00116302585229, -0.00030716843321, 0.00218286947347, -0.00108571059536, -0.000691616849508, -0.00176078651566, -0.00159162888303, 0.00070325267734, 0.00596997607499, -0.00564168160781, 0.0173285789788]]}, "melbands": {"dmean": [0.00202742498368, 0.00255860877223, 0.00160692294594, 0.00127076089848, 0.000126523300423, 4.78669680888e-05, 2.41503294092e-05, 7.72774001234e-06, 1.40309148264e-05, 2.3146492822e-05, 5.79667757847e-05, 5.06558790221e-05, 8.19314591354e-05, 2.36070954998e-05, 3.59783916792e-05, 2.9782533602e-05, 1.5058290046e-05, 1.13052792585e-05, 1.06951601992e-05, 9.15464534046e-06, 6.45748423267e-06, 5.73305305807e-06, 4.32810384154e-06, 4.27990062235e-06, 5.53502968614e-06, 2.60251772488e-06, 2.30532054957e-06, 2.52881045526e-06, 2.85196279037e-06, 4.585086117e-06, 4.30632917414e-06, 3.29553245138e-06, 2.82687119579e-06, 2.11555857277e-06, 4.48392711405e-06, 4.6252989705e-06, 1.42721330576e-06, 1.10975736334e-06, 1.0378986417e-06, 1.57309852966e-06], "dmean2": [0.00336268683895, 0.00448796385899, 0.00263290829025, 0.00202892231755, 0.000207045784919, 7.79454276199e-05, 4.04626225645e-05, 1.32544710141e-05, 2.07567536563e-05, 3.57819699275e-05, 8.66381233209e-05, 6.59182987874e-05, 0.000101175501186, 3.41382583429e-05, 4.66342280561e-05, 3.94115231757e-05, 2.19595494855e-05, 1.70806160895e-05, 1.66132249433e-05, 1.40772099257e-05, 9.97588358587e-06, 8.83942448127e-06, 7.11635948392e-06, 6.8485301199e-06, 8.88463728188e-06, 4.13326051785e-06, 3.70930933968e-06, 4.17680803366e-06, 4.32862043453e-06, 6.86457678967e-06, 6.88420095685e-06, 5.18794649906e-06, 4.64159256808e-06, 3.4416445942e-06, 7.01067847331e-06, 6.79568029227e-06, 2.22640778702e-06, 1.75528566615e-06, 1.59954288392e-06, 2.43111571763e-06], "dvar": [3.77912292606e-05, 4.19679126935e-05, 9.56453186518e-06, 9.42869610299e-06, 5.63170949874e-08, 7.12971903738e-09, 3.3356089002e-09, 4.43880265877e-10, 1.01706032485e-09, 3.18238946306e-09, 1.89057658417e-08, 1.70115761478e-08, 7.95659502728e-08, 3.49702600211e-09, 2.44558773232e-08, 1.46248844146e-08, 1.29696553497e-09, 1.26682564439e-09, 7.80659648036e-10, 3.8353537013e-10, 1.57506299669e-10, 1.47682491236e-10, 6.53731582756e-11, 9.69059832379e-11, 1.85212650772e-10, 3.04928408912e-11, 2.59754145276e-11, 3.40595537884e-11, 3.88956505892e-11, 2.38512071205e-10, 9.93668133886e-11, 3.98576553706e-11, 4.12146809736e-11, 1.88760986009e-11, 1.40960784711e-10, 1.76764700099e-10, 8.10116643907e-12, 4.90958272301e-12, 4.03898182261e-12, 9.57315129946e-12], "dvar2": [0.000101145749795, 0.000119373558846, 2.46538475039e-05, 2.53083362622e-05, 1.50460650161e-07, 1.94236111639e-08, 9.30466992344e-09, 1.24402577129e-09, 2.12213779882e-09, 7.11248970831e-09, 4.34304432417e-08, 2.64115236348e-08, 1.34297380328e-07, 6.30328012008e-09, 3.34748619935e-08, 2.17775628641e-08, 2.56329446557e-09, 2.28976149153e-09, 1.69852776288e-09, 8.65501004199e-10, 3.44281159137e-10, 3.30775989932e-10, 1.69522534899e-10, 2.32018598778e-10, 4.69969119177e-10, 7.32227820044e-11, 6.29112942296e-11, 8.62238822008e-11, 8.19961043508e-11, 4.25375762392e-10, 2.5283045102e-10, 9.63362931095e-11, 1.0832372499e-10, 4.79953195243e-11, 3.46107892346e-10, 4.01520011684e-10, 1.95777768996e-11, 1.20671146686e-11, 9.80290414815e-12, 2.21968953634e-11], "max": [0.0569063983858, 0.0528971292078, 0.0312094800174, 0.0289928857237, 0.00339534482919, 0.00135666492861, 0.000699602183886, 0.00023002664966, 0.00115042552352, 0.00212304037996, 0.00331519870088, 0.00395164312795, 0.00776956230402, 0.00145183701534, 0.00555027276278, 0.00409625004977, 0.00145412248094, 0.001452984754, 0.000715263362508, 0.000316607533023, 0.000281242100755, 0.000292877142783, 0.000134856323712, 0.000137314331369, 0.000202001130674, 0.000124469544971, 0.000120693192002, 8.02894501248e-05, 0.000169689330505, 0.000524618371855, 0.000126151091536, 4.72642968816e-05, 6.49016146781e-05, 3.43255560438e-05, 0.000138826944749, 0.000158558483236, 3.3900829294e-05, 1.83127303899e-05, 1.9879111278e-05, 3.13849377562e-05], "mean": [0.00239455280825, 0.00347867282107, 0.00238523934968, 0.00148678105325, 0.000248200754868, 0.00011285382061, 4.53704415122e-05, 1.02197755041e-05, 2.94687852147e-05, 5.30636134499e-05, 0.000167650243384, 0.000137187336804, 0.000161473813932, 4.35316214862e-05, 6.06883113505e-05, 4.30080399383e-05, 2.97908263747e-05, 2.14483407035e-05, 1.82105886779e-05, 1.5832039935e-05, 1.41084010465e-05, 1.29727413878e-05, 7.13509371053e-06, 6.90659226166e-06, 8.78111404745e-06, 4.52501808468e-06, 3.54332473762e-06, 3.2671664485e-06, 4.33059676652e-06, 6.30568138149e-06, 4.62542539026e-06, 3.52297774953e-06, 2.72370675702e-06, 2.09458994505e-06, 3.98392376155e-06, 4.46556214229e-06, 1.63004676779e-06, 1.13661155865e-06, 1.07119149106e-06, 1.57440786097e-06], "median": [0.000860924192239, 0.00170656107366, 0.00120587844867, 0.00052424846217, 0.000140050979098, 7.11735629011e-05, 1.80309216375e-05, 3.67888719666e-06, 1.13535779747e-05, 1.47020436998e-05, 3.21748011629e-05, 1.78728932951e-05, 1.46554411913e-05, 8.29613873066e-06, 5.15789452038e-06, 3.21916036228e-06, 8.43990892463e-06, 7.35778212402e-06, 6.84213864588e-06, 6.09088328929e-06, 4.77367711937e-06, 4.72441115562e-06, 3.19982268593e-06, 2.21237132791e-06, 2.74379499388e-06, 2.11213205148e-06, 1.5343891846e-06, 1.22730659768e-06, 1.78032382792e-06, 2.14052442971e-06, 1.54405393005e-06, 1.11783060674e-06, 7.6485525824e-07, 5.6353042055e-07, 5.87932731833e-07, 6.45980094305e-07, 5.9908535377e-07, 4.09987279681e-07, 3.68741723378e-07, 3.54764040367e-07], "min": [1.01157014383e-23, 1.39296553773e-23, 2.18043094801e-23, 1.61431422794e-23, 9.21313491107e-24, 6.31453099029e-24, 1.38036632467e-23, 8.36421565855e-24, 9.93513906571e-24, 4.74607632333e-24, 9.22444165442e-24, 8.96730455376e-24, 5.3117767615e-24, 5.38245120443e-24, 7.36021660726e-24, 2.07497491779e-23, 2.07397590434e-23, 1.20970920514e-23, 8.934885526e-24, 1.09787831107e-23, 6.78473153285e-24, 1.48457816346e-23, 1.27969505139e-23, 1.36931927432e-23, 1.17575118864e-23, 1.15982156261e-23, 8.33514692305e-24, 1.08770445086e-23, 1.42347757314e-23, 1.29429434239e-23, 1.05374036013e-23, 1.33886103923e-23, 1.00678223145e-23, 9.04269362389e-24, 7.88446832132e-24, 8.94744892477e-24, 7.93362934407e-24, 7.69026733253e-24, 1.23290960436e-23, 8.56297705223e-24], "var": [3.12782649416e-05, 3.8215166569e-05, 1.12350944619e-05, 8.5297433543e-06, 1.03921536265e-07, 1.83841670776e-08, 5.13503328747e-09, 4.3822723228e-10, 4.43972636432e-09, 1.45587497613e-08, 1.35569948156e-07, 7.86558089771e-08, 2.00415115614e-07, 1.1736180916e-08, 7.50803010874e-08, 4.11911642573e-08, 4.87013052108e-09, 3.36545302737e-09, 1.4366208223e-09, 7.76804509606e-10, 8.95017504554e-10, 9.091473685e-10, 1.32385422069e-10, 1.69070618616e-10, 3.48940404349e-10, 6.04534547421e-11, 4.4692242962e-11, 4.39075997782e-11, 8.3892483238e-11, 5.94363502859e-10, 8.62506802091e-11, 4.05370528811e-11, 3.30255094105e-11, 1.71541062605e-11, 1.25615948199e-10, 1.79595005534e-10, 8.19887560621e-12, 4.74761983199e-12, 4.03140585151e-12, 1.0144851105e-11]}, "mfcc": {"mean": [-689.647094727, 105.677360535, 19.4814243317, 30.5914325714, 21.1260738373, 24.1252288818, 11.2915554047, 10.2391748428, 6.72632217407, -5.82297134399, -11.8402261734, -12.2859840393, -12.2746372223], "cov": [[15354.9980469, -194.368850708, -347.71875, -406.326263428, -579.573242188, 117.861228943, 553.457275391, 620.795227051, 316.28024292, 122.582885742, -102.057640076, 74.9823379517, 122.309791565], [-194.368850708, 1567.12145996, -105.991233826, 115.673225403, -15.1788854599, -55.6377716064, -74.4810180664, -81.792098999, 58.8109931946, 13.1578865051, -45.4884796143, -120.955612183, -49.9146347046], [-347.71875, -105.991233826, 498.467407227, 3.34222316742, 17.2080211639, 40.9310073853, -37.4424476624, 43.623588562, 12.0335569382, 34.9294013977, 4.01140022278, 24.414352417, 18.6330699921], [-406.326263428, 115.673225403, 3.34222316742, 303.862335205, 165.368331909, 59.4769363403, -41.5040817261, -12.7777528763, 25.5334358215, -21.5345745087, 7.98227834702, -17.8089447021, -42.6277313232], [-579.573242188, -15.1788854599, 17.2080211639, 165.368331909, 401.668304443, 194.201431274, -53.2225456238, -11.8728618622, 2.2952682972, -23.6034622192, 36.6955909729, 22.8197498322, -0.557346940041], [117.861228943, -55.6377716064, 40.9310073853, 59.4769363403, 194.201431274, 266.9402771, 28.3423404694, 26.3326911926, 13.5761241913, -11.9160985947, 9.34103965759, 27.5242786407, 22.6172199249], [553.457275391, -74.4810180664, -37.4424476624, -41.5040817261, -53.2225456238, 28.3423404694, 180.69543457, 84.0138244629, -17.7624397278, -17.2340984344, -7.4577498436, 26.8565177917, 26.0651473999], [620.795227051, -81.792098999, 43.623588562, -12.7777528763, -11.8728618622, 26.3326911926, 84.0138244629, 226.145736694, 83.8320999146, -16.7025775909, -44.0317382812, 23.7798423767, 43.8604011536], [316.28024292, 58.8109931946, 12.0335569382, 25.5334358215, 2.2952682972, 13.5761241913, -17.7624397278, 83.8320999146, 172.139511108, 25.2247066498, -33.7011871338, -27.1194705963, -14.1798505783], [122.582885742, 13.1578865051, 34.9294013977, -21.5345745087, -23.6034622192, -11.9160985947, -17.2340984344, -16.7025775909, 25.2247066498, 130.274993896, 44.6765785217, -7.31798410416, -17.1456279755], [-102.057640076, -45.4884796143, 4.01140022278, 7.98227834702, 36.6955909729, 9.34103965759, -7.4577498436, -44.0317382812, -33.7011871338, 44.6765785217, 110.703857422, 30.5407714844, -8.03414726257], [74.9823379517, -120.955612183, 24.414352417, -17.8089447021, 22.8197498322, 27.5242786407, 26.8565177917, 23.7798423767, -27.1194705963, -7.31798410416, 30.5407714844, 140.464630127, 77.1902694702], [122.309791565, -49.9146347046, 18.6330699921, -42.6277313232, -0.557346940041, 22.6172199249, 26.0651473999, 43.8604011536, -14.1798505783, -17.1456279755, -8.03414726257, 77.1902694702, 152.494918823]], "icov": [[8.83735556272e-05, -2.55814052252e-06, 8.31424258649e-05, 4.0754017391e-05, 0.000153081549797, -0.000141269352753, -0.000116229362902, -0.000167026286363, -8.74652032508e-05, -9.79114483926e-05, -1.56890655489e-05, -3.23596141243e-05, 1.53449691425e-05], [-2.55814052252e-06, 0.000742752279621, 0.000120167533169, -0.000321677798638, 6.61574231344e-05, 8.99842998479e-05, 4.76883178635e-05, 0.000336514407536, -0.000250214914558, -0.000128170548123, 0.000240492503508, 0.000524923030753, -0.000268190866336], [8.31424258649e-05, 0.000120167533169, 0.00237420853227, -0.000101590921986, 0.000473993975902, -0.00073893769877, 0.00104304007255, -0.00110008136835, 0.000468179292511, -0.00089564017253, 0.000177264984814, -0.000315033947118, 1.5237498701e-05], [4.0754017391e-05, -0.000321677798638, -0.000101590921986, 0.00478478195146, -0.00195801421069, 0.000281598215224, 5.65294794797e-05, -3.54039038939e-05, -0.000742142903619, 0.000879873288795, -0.000271917146165, -0.000142214776133, 0.00125112954993], [0.000153081549797, 6.61574231344e-05, 0.000473993975902, -0.00195801421069, 0.00589860975742, -0.00401000864804, 0.00212817965075, -0.00101489701774, 0.000427971070167, 0.000726603611838, -0.00166628777515, -0.000290565192699, 1.88512658497e-05], [-0.000141269352753, 8.99842998479e-05, -0.00073893769877, 0.000281598215224, -0.00401000864804, 0.00703557021916, -0.00234141829424, 0.00102303002495, -0.000956199131906, 1.09788675218e-06, 0.000583068176638, -8.74796969583e-05, -0.000654194038361], [-0.000116229362902, 4.76883178635e-05, 0.00104304007255, 5.65294794797e-05, 0.00212817965075, -0.00234141829424, 0.00944535434246, -0.00429390929639, 0.00309303100221, 0.000397964118747, -0.000732599408366, -0.00056278478587, 0.00055142363999], [-0.000167026286363, 0.000336514407536, -0.00110008136835, -3.54039038939e-05, -0.00101489701774, 0.00102303002495, -0.00429390929639, 0.00919413100928, -0.00471517490223, 0.000960182864219, 0.00185877596959, -0.000567202223465, -0.00164272612892], [-8.74652032508e-05, -0.000250214914558, 0.000468179292511, -0.000742142903619, 0.000427971070167, -0.000956199131906, 0.00309303100221, -0.00471517490223, 0.00984452478588, -0.00280892825685, 0.00214279489592, 0.000686783634592, 0.00105930608697], [-9.79114483926e-05, -0.000128170548123, -0.00089564017253, 0.000879873288795, 0.000726603611838, 1.09788675218e-06, 0.000397964118747, 0.000960182864219, -0.00280892825685, 0.011007187888, -0.00554715190083, 0.000950180110522, 0.00025345289032], [-1.56890655489e-05, 0.000240492503508, 0.000177264984814, -0.000271917146165, -0.00166628777515, 0.000583068176638, -0.000732599408366, 0.00185877596959, 0.00214279489592, -0.00554715190083, 0.0144060915336, -0.00385133968666, 0.00177568604704], [-3.23596141243e-05, 0.000524923030753, -0.000315033947118, -0.000142214776133, -0.000290565192699, -8.74796969583e-05, -0.00056278478587, -0.000567202223465, 0.000686783634592, 0.000950180110522, -0.00385133968666, 0.0120157115161, -0.00564660038799], [1.53449691425e-05, -0.000268190866336, 1.5237498701e-05, 0.00125112954993, 1.88512658497e-05, -0.000654194038361, 0.00055142363999, -0.00164272612892, 0.00105930608697, 0.00025345289032, 0.00177568604704, -0.00564660038799, 0.0103594586253]]}, "spectral_contrast_coeffs": {"dmean": [0.053941924125, 0.0420668832958, 0.0365015938878, 0.0307187270373, 0.0211527030915, 0.0222676899284], "dmean2": [0.0863970443606, 0.0694593563676, 0.0557562708855, 0.0476943552494, 0.0327387452126, 0.0359645709395], "dvar": [0.00238311500289, 0.00143176340498, 0.00111148005817, 0.000842469336931, 0.000442596152425, 0.000481821218273], "dvar2": [0.00587768992409, 0.00364622287452, 0.0025493055582, 0.00184365874156, 0.000852797122207, 0.00117582594976], "max": [-0.307506203651, -0.480173796415, -0.468737900257, -0.535575032234, -0.593595743179, -0.549271404743], "mean": [-0.614234924316, -0.704482614994, -0.734573662281, -0.772976338863, -0.799138188362, -0.757643520832], "median": [-0.620817184448, -0.705147027969, -0.740823924541, -0.77872133255, -0.80821454525, -0.763922929764], "min": [-0.946666061878, -0.964945673943, -0.963200867176, -0.954292833805, -0.965996384621, -0.960006594658], "var": [0.00729783903807, 0.00591855123639, 0.00894100032747, 0.00434394180775, 0.00322580873035, 0.00217005959712]}, "spectral_contrast_valleys": {"dmean": [0.427370280027, 0.441263765097, 0.398177683353, 0.391964226961, 0.370787918568, 0.547955930233], "dmean2": [0.695224285126, 0.692268610001, 0.61090439558, 0.57085287571, 0.507682323456, 0.654784023762], "dvar": [0.207921564579, 0.278443962336, 0.269063085318, 0.268078446388, 0.270997643471, 0.380269140005], "dvar2": [0.41365557909, 0.537944495678, 0.49312800169, 0.440392941236, 0.444858700037, 0.573237478733], "max": [-4.95017337799, -5.52413034439, -5.30137968063, -5.7380437851, -