{"lowlevel": {"average_loudness": 0.972533404827, "barkbands_crest": {"dmean": 1.47116971016, "dmean2": 2.55777573586, "dvar": 2.12129426003, "dvar2": 6.51332759857, "max": 23.3453598022, "mean": 9.01049232483, "median": 8.689204216, "min": 3.36140871048, "var": 4.40191555023}, "barkbands_flatness_db": {"dmean": 0.0271313898265, "dmean2": 0.0440933555365, "dvar": 0.00067274592584, "dvar2": 0.00165856047533, "max": 0.709607899189, "mean": 0.332026273012, "median": 0.300851672888, "min": 0.0275496654212, "var": 0.0208965409547}, "barkbands_kurtosis": {"dmean": 2.98721003532, "dmean2": 4.95621061325, "dvar": 15.4480237961, "dvar2": 40.8031463623, "max": 53.0973625183, "mean": 6.97650003433, "median": 4.86570835114, "min": -1.80140960217, "var": 60.1383323669}, "barkbands_skewness": {"dmean": 0.428944438696, "dmean2": 0.696595668793, "dvar": 0.207566902041, "dvar2": 0.5411708951, "max": 5.98251056671, "mean": 1.33025622368, "median": 1.3111307621, "min": -4.63345956802, "var": 1.60535287857}, "barkbands_spread": {"dmean": 1.23965525627, "dmean2": 1.99975061417, "dvar": 3.90842556953, "dvar2": 9.59123897552, "max": 43.499458313, "mean": 5.18958091736, "median": 3.5420987606, "min": 0.591205775738, "var": 27.2783622742}, "dissonance": {"dmean": 0.0326707623899, "dmean2": 0.0555254928768, "dvar": 0.0011119323317, "dvar2": 0.00306816142984, "max": 0.500000119209, "mean": 0.381683796644, "median": 0.407495081425, "min": 0.0906084403396, "var": 0.00841685757041}, "dynamic_complexity": 1.74895811081, "erbbands_crest": {"dmean": 1.72495210171, "dmean2": 2.90290617943, "dvar": 3.53832960129, "dvar2": 10.1540231705, "max": 29.4452857971, "mean": 10.7187995911, "median": 10.428401947, "min": 2.48682141304, "var": 9.33516407013}, "erbbands_flatness_db": {"dmean": 0.0221802294254, "dmean2": 0.0351391732693, "dvar": 0.000538528547622, "dvar2": 0.00127039023209, "max": 0.648011267185, "mean": 0.321443259716, "median": 0.293450653553, "min": 0.0701167061925, "var": 0.0160856209695}, "erbbands_kurtosis": {"dmean": 1.87213671207, "dmean2": 3.07161641121, "dvar": 7.30217790604, "dvar2": 19.3313827515, "max": 40.4940299988, "mean": 3.63832259178, "median": 2.06787014008, "min": -1.87915241718, "var": 24.5765686035}, "erbbands_skewness": {"dmean": 0.409113138914, "dmean2": 0.660251498222, "dvar": 0.201991587877, "dvar2": 0.505332231522, "max": 4.37890481949, "mean": 0.982206225395, "median": 0.969256341457, "min": -4.3733215332, "var": 1.15345549583}, "erbbands_spread": {"dmean": 3.25545620918, "dmean2": 5.19135665894, "dvar": 25.2753639221, "dvar2": 61.9763870239, "max": 109.916023254, "mean": 15.0377531052, "median": 11.6000738144, "min": 0.945021152496, "var": 184.815582275}, "hfc": {"dmean": 2.9047935009, "dmean2": 4.75848770142, "dvar": 37.5883903503, "dvar2": 96.530632019, "max": 185.543334961, "mean": 16.2203102112, "median": 14.8182706833, "min": 1.22878778491e-16, "var": 86.9129104614}, "melbands_crest": {"dmean": 1.70788931847, "dmean2": 2.99552965164, "dvar": 2.70053696632, "dvar2": 7.99362373352, "max": 24.967540741, "mean": 10.4627418518, "median": 10.1511678696, "min": 1.58722269535, "var": 7.22622203827}, "melbands_flatness_db": {"dmean": 0.0300627872348, "dmean2": 0.0487165749073, "dvar": 0.000847013085149, "dvar2": 0.00210494548082, "max": 0.874903261662, "mean": 0.428283065557, "median": 0.398501932621, "min": 0.00266236392781, "var": 0.0274786129594}, "melbands_kurtosis": {"dmean": 3.51818156242, "dmean2": 5.77718925476, "dvar": 28.94049263, "dvar2": 72.9668884277, "max": 90.0776519775, "mean": 9.10919284821, "median": 5.71370697021, "min": -1.77026152611, "var": 137.309585571}, "melbands_skewness": {"dmean": 0.417020440102, "dmean2": 0.680244266987, "dvar": 0.221613183618, "dvar2": 0.58216381073, "max": 7.54766941071, "mean": 1.60853099823, "median": 1.43453812599, "min": -4.17624521255, "var": 1.70422768593}, "melbands_spread": {"dmean": 1.71100378036, "dmean2": 2.74411082268, "dvar": 13.388759613, "dvar2": 31.6569538116, "max": 175.619720459, "mean": 8.68974971771, "median": 4.71064376831, "min": 1.2272131443, "var": 357.782714844}, "pitch_salience": {"dmean": 0.0434598438442, "dmean2": 0.0755536705256, "dvar": 0.00167741812766, "dvar2": 0.00513190496713, "max": 0.955061793327, "mean": 0.672719359398, "median": 0.679538786411, "min": 0.390520840883, "var": 0.0053604063578}, "silence_rate_20dB": {"dmean": 0, "dmean2": 0, "dvar": 0, "dvar2": 0, "max": 1, "mean": 1, "median": 1, "min": 1, "var": 0}, "silence_rate_30dB": {"dmean": 0.00165791658219, "dmean2": 0.00331629137509, "dvar": 0.00165524473414, "dvar2": 0.0041346703656, "max": 1, "mean": 0.998756706715, "median": 1, "min": 0, "var": 0.00124174088705}, "silence_rate_60dB": {"dmean": 0.00276319426484, "dmean2": 0.0055271522142, "dvar": 0.00275555322878, "dvar2": 0.00577292731032, "max": 1, "mean": 0.0529078617692, "median": 0, "min": 0, "var": 0.0501082986593}, "spectral_centroid": {"dmean": 55.7701721191, "dmean2": 89.0958633423, "dvar": 17329.6621094, "dvar2": 28522.2421875, "max": 11176.1269531, "mean": 573.957885742, "median": 398.944763184, "min": 202.114746094, "var": 473185.5}, "spectral_complexity": {"dmean": 1.71345674992, "dmean2": 2.7306895256, "dvar": 4.16956090927, "dvar2": 9.37035179138, "max": 32, "mean": 10.2340106964, "median": 9, "min": 0, "var": 25.9993171692}, "spectral_decrease": {"dmean": 2.22000684502e-09, "dmean2": 3.89083121277e-09, "dvar": 5.84341477813e-18, "dvar2": 1.8228868672e-17, "max": 1.26900449565e-17, "mean": -1.14858131894e-08, "median": -1.16054863497e-08, "min": -4.12384721926e-08, "var": 1.59617932605e-17}, "spectral_energy": {"dmean": 0.00858899205923, "dmean2": 0.0150257032365, "dvar": 8.91970921657e-05, "dvar2": 0.000275677681202, "max": 0.170678883791, "mean": 0.0448212176561, "median": 0.0453491546214, "min": 1.12399531144e-20, "var": 0.000244082999416}, "spectral_energyband_high": {"dmean": 5.32275116711e-05, "dmean2": 8.61974258441e-05, "dvar": 3.95347043991e-08, "dvar2": 1.01159713495e-07, "max": 0.0045390734449, "mean": 0.000126619837829, "median": 8.7877315309e-06, "min": 8.28957919959e-21, "var": 1.50960474343e-07}, "spectral_energyband_low": {"dmean": 0.00563861383125, "dmean2": 0.0103333657607, "dvar": 5.8643076045e-05, "dvar2": 0.00020301976474, "max": 0.0865192115307, "mean": 0.00895574502647, "median": 0.00629864586517, "min": 1.19701021695e-22, "var": 9.07760186237e-05}, "spectral_energyband_middle_high": {"dmean": 0.00151962414384, "dmean2": 0.00247177388519, "dvar": 2.47327134275e-05, "dvar2": 6.40792204649e-05, "max": 0.150867447257, "mean": 0.00301421573386, "median": 0.00122138566803, "min": 1.54410679382e-21, "var": 3.003263555e-05}, "spectral_energyband_middle_low": {"dmean": 0.00505537260324, "dmean2": 0.00827443692833, "dvar": 2.48212800216e-05, "dvar2": 6.80964876665e-05, "max": 0.0830473080277, "mean": 0.0351657308638, "median": 0.0363845676184, "min": 2.09755375773e-22, "var": 0.000162437063409}, "spectral_entropy": {"dmean": 0.189220398664, "dmean2": 0.294810473919, "dvar": 0.0444334745407, "dvar2": 0.100868284702, "max": 9.80762195587, "mean": 5.96135663986, "median": 6.01799058914, "min": 4.13715934753, "var": 0.937446057796}, "spectral_flux": {"dmean": 0.0164479240775, "dmean2": 0.0262251012027, "dvar": 0.000309855007799, "dvar2": 0.000720344134606, "max": 0.368093192577, "mean": 0.0692702010274, "median": 0.0690074190497, "min": 1.06018645252e-10, "var": 0.00155361159705}, "spectral_kurtosis": {"dmean": 55.2371292114, "dmean2": 95.1621017456, "dvar": 18109.46875, "dvar2": 54901.8554688, "max": 1701.23632812, "mean": 117.138000488, "median": 25.9464092255, "min": -1.20225203037, "var": 46027.6914062}, "spectral_rms": {"dmean": 0.000616297242232, "dmean2": 0.00107329967432, "dvar": 3.94973227458e-07, "dvar2": 1.23785150663e-06, "max": 0.0129041066393, "mean": 0.00639727758244, "median": 0.00665154727176, "min": 3.31146611868e-12, "var": 2.80264657704e-06}, "spectral_rolloff": {"dmean": 91.823097229, "dmean2": 161.743713379, "dvar": 178866.96875, "dvar2": 375114.34375, "max": 19315.2832031, "mean": 1050.6171875, "median": 473.73046875, "min": 193.798828125, "var": 8121571}, "spectral_skewness": {"dmean": 1.39937961102, "dmean2": 2.36216688156, "dvar": 4.16537714005, "dvar2": 11.8206014633, "max": 32.9520492554, "mean": 6.44806814194, "median": 3.81607484818, "min": -0.0447626486421, "var": 38.5013694763}, "spectral_spread": {"dmean": 409317.40625, "dmean2": 674109.5, "dvar": 322418311168, "dvar2": 581539659776, "max": 40338648, "mean": 2138946.75, "median": 1716147.75, "min": 58762.0664062, "var": 3300959977470.0}, "spectral_strongpeak": {"dmean": 0.46133980155, "dmean2": 0.843258500099, "dvar": 0.258711963892, "dvar2": 0.697324991226, "max": 4.62026977539, "mean": 0.957515120506, "median": 0.662743270397, "min": 0, "var": 0.568549931049}, "zerocrossingrate": {"dmean": 0.00309928390197, "dmean2": 0.00412579765543, "dvar": 4.51377200079e-05, "dvar2": 6.01090105192e-05, "max": 0.53076171875, "mean": 0.0361239090562, "median": 0.01953125, "min": 0.00732421875, "var": 0.00590306147933}, "barkbands": {"dmean": [0.000449072686024, 0.0010577084031, 0.00426828488708, 0.0026341478806, 0.00241863820702, 0.00164650450461, 0.000542287249118, 0.00041805949877, 0.000341643637512, 0.00081136560766, 0.000252795638517, 0.000468420039397, 0.000321150117088, 0.00010084376845, 5.48807329324e-05, 3.55254633178e-05, 2.48138640018e-05, 1.35035079438e-05, 1.4271064174e-05, 1.76754820131e-05, 2.13030980376e-05, 1.2689893083e-05, 6.43757084617e-06, 4.05923447033e-06, 6.72708938509e-06, 1.90391017441e-06, 1.65737549196e-06], "dmean2": [0.000789068231825, 0.00192817172501, 0.0080030625686, 0.00427155336365, 0.00391800608486, 0.00289268954657, 0.000903453677893, 0.000678035954479, 0.000517244334333, 0.00135954283178, 0.000408544321544, 0.000809556455351, 0.000551785342395, 0.000170083032572, 8.60129730427e-05, 5.7940120314e-05, 4.14904752688e-05, 2.20016208914e-05, 2.27687505685e-05, 2.88050468953e-05, 3.57316203008e-05, 2.05835021916e-05, 1.01483301478e-05, 6.80451057633e-06, 1.13547721412e-05, 3.04083187075e-06, 2.7227706596e-06], "dvar": [2.24603331844e-06, 3.63065419151e-06, 4.01450997742e-05, 1.06020697785e-05, 8.06519801699e-06, 4.05470564147e-06, 9.29227610413e-07, 7.06169942077e-07, 5.41372742191e-07, 3.41714371643e-06, 1.19598939818e-06, 1.33320590976e-05, 3.25285714098e-06, 1.34552166742e-07, 5.63081634652e-08, 4.05308853146e-08, 7.46792849782e-09, 1.01316732781e-08, 9.53993772868e-09, 5.54515766638e-09, 8.28587598534e-09, 4.10535561102e-09, 1.31686861415e-09, 1.62406021964e-09, 7.74960806638e-09, 9.43151876043e-11, 6.1518470873e-11], "dvar2": [6.24067797617e-06, 1.20936238091e-05, 0.000144679957884, 2.9012295272e-05, 2.23167626245e-05, 1.17695135486e-05, 2.55018858297e-06, 1.68208521245e-06, 1.24705877624e-06, 1.02332332972e-05, 3.41703184858e-06, 3.7903082557e-05, 9.12360064831e-06, 3.65492979881e-07, 1.31929894565e-07, 9.7917215669e-08, 1.817562989e-08, 2.32326762273e-08, 1.62326720954e-08, 1.41666030018e-08, 2.25617782235e-08, 9.98639837491e-09, 2.83086309949e-09, 4.74031391917e-09, 2.00614778123e-08, 1.99265409728e-10, 1.42938730296e-10], "max": [0.0293997451663, 0.0243230704218, 0.0692857801914, 0.0344853326678, 0.0548495389521, 0.0373921506107, 0.0224835984409, 0.0194842088968, 0.0172568112612, 0.0345084182918, 0.0336762368679, 0.132541552186, 0.0461083725095, 0.00732595985755, 0.00982371158898, 0.0124325277284, 0.0038843464572, 0.00558410817757, 0.00529997050762, 0.00277438992634, 0.00207882141694, 0.00186849827878, 0.00214870879427, 0.00241382350214, 0.0039836592041, 0.000444557139417, 0.000321447296301], "mean": [0.000419957883423, 0.00149420287926, 0.00510604120791, 0.00482401112095, 0.0123983239755, 0.00942619610578, 0.00305525655858, 0.00273493747227, 0.00167176220566, 0.00194126495626, 0.000535036786459, 0.00042702810606, 0.000299293169519, 0.00012365852308, 8.75899058883e-05, 4.68995240226e-05, 3.89968190575e-05, 2.33853570535e-05, 3.29661706928e-05, 3.76368006982e-05, 4.15151735069e-05, 2.32098173001e-05, 1.05188537418e-05, 5.72651561015e-06, 1.03109423435e-05, 2.92365712085e-06, 2.62104686044e-06], "median": [2.86176691588e-05, 0.000728607759811, 0.00282881269231, 0.00422907713801, 0.0126926675439, 0.00976935122162, 0.00175666552968, 0.000302844477119, 0.000212227620068, 0.00033670591074, 9.84619255178e-05, 5.5048341892e-05, 2.8733171348e-05, 2.45481733145e-05, 1.69515806192e-05, 1.16886612886e-05, 8.98419966688e-06, 5.7980641941e-06, 5.1624911066e-06, 3.21560014527e-06, 2.64052368948e-06, 1.15263583211e-06, 4.37659679164e-07, 2.06260679647e-07, 6.49280238463e-08, 2.51673206719e-08, 1.04310196036e-08], "min": [5.55251549499e-23, 7.67102291298e-23, 1.7415112647e-23, 7.79965236337e-24, 2.90920920902e-23, 2.84713721537e-23, 7.05924329495e-24, 3.86721325191e-23, 9.07089129917e-23, 2.69833785381e-23, 7.09764346609e-23, 6.91945240938e-23, 8.3244849946e-23, 9.65094766476e-23, 1.09672340292e-22, 3.4792832656e-22, 1.41519450208e-22, 1.83887301405e-22, 2.26914261665e-22, 3.67083383952e-22, 4.61721777195e-22, 6.23407667584e-22, 6.64670621264e-22, 1.19308534996e-21, 1.25692648725e-21, 1.75347931331e-21, 2.42685542487e-21], "var": [2.03885770134e-06, 4.97605651617e-06, 4.27508275607e-05, 1.8887774786e-05, 4.26400983997e-05, 2.08015117096e-05, 1.31026736199e-05, 1.44557043313e-05, 7.8649718489e-06, 9.74637714535e-06, 2.07765492632e-06, 8.08693584986e-06, 2.26925544666e-06, 1.44291860238e-07, 8.45566887619e-08, 4.30678710472e-08, 1.10811972931e-08, 1.58981130483e-08, 5.2028809705e-08, 2.06730650376e-08, 2.00194349986e-08, 1.13378835209e-08, 4.26815827126e-09, 1.20809073856e-09, 1.1030067526e-08, 1.89320170652e-10, 1.27333754651e-10]}, "erbbands": {"dmean": [0.0235008224845, 0.326398074627, 3.7514667511, 6.7263045311, 8.69521522522, 9.23539352417, 11.0916213989, 15.733250618, 8.30436611176, 11.4496221542, 5.66080570221, 8.78967761993, 20.5020294189, 16.7021980286, 10.6378660202, 21.2558364868, 15.7809705734, 6.18782281876, 3.43709301949, 2.44123959541, 1.59698534012, 1.30228066444, 0.732887506485, 0.853984892368, 0.458970278502, 0.715939104557, 1.29580557346, 0.44426509738, 0.48964253068, 0.281394720078, 0.177116051316, 0.0966225042939, 0.0665095672011, 0.0364173315465, 0.0794493556023, 0.00987582560629, 0.00360911968164, 0.00129218760412, 0.000291903823381, 2.90643802145e-05], "dmean2": [0.0409290790558, 0.605454266071, 7.07766246796, 11.3672628403, 13.8927259445, 15.2114171982, 18.9287929535, 28.3086948395, 13.7205162048, 19.1867961884, 9.02865695953, 13.2606287003, 34.2941398621, 28.1307067871, 16.5066890717, 36.9151878357, 27.0537261963, 9.96248245239, 5.36773920059, 3.96105575562, 2.58553314209, 2.15787863731, 1.21213805676, 1.38654005527, 0.722122073174, 1.17089939117, 2.16295218468, 0.71969807148, 0.803926646709, 0.446338236332, 0.288003057241, 0.160349294543, 0.113930001855, 0.0618411749601, 0.135026499629, 0.0162874795496, 0.00596953229979, 0.00208654510789, 0.000483514886582, 4.7830362746e-05], "dvar": [0.00247536646202, 0.310576319695, 30.2309494019, 65.5430831909, 114.709625244, 133.352416992, 197.051376343, 346.962280273, 176.553939819, 463.883331299, 164.05241394, 380.797943115, 2396.23730469, 1600.35876465, 1649.00708008, 28905.6289062, 7856.87304688, 502.096862793, 111.086914062, 197.712051392, 37.7503585815, 19.7425823212, 27.5136528015, 27.6563129425, 5.75485563278, 8.3383026123, 40.5376434326, 2.45604157448, 5.91520357132, 2.57340717316, 1.17054975033, 0.20100697875, 1.1676684618, 0.0718525350094, 1.38007152081, 0.00545648578554, 0.000303960870951, 3.8281592424e-05, 2.22820472118e-06, 2.29001635432e-08], "dvar2": [0.00696867424995, 1.08477580547, 108.730384827, 192.617141724, 290.660400391, 392.42755127, 570.321411133, 1033.61889648, 469.559631348, 1263.14038086, 416.005065918, 868.96685791, 7037.72851562, 4604.70849609, 4290.80761719, 82510.5859375, 22078.8046875, 1250.02258301, 231.316177368, 489.145080566, 76.1261749268, 46.8704605103, 63.7876853943, 52.568195343, 9.79411697388, 21.5716247559, 109.981163025, 5.80238962173, 14.942609787, 5.79269361496, 2.77225875854, 0.543242156506, 3.41483068466, 0.188872784376, 3.56291079521, 0.0143734049052, 0.000740642484743, 8.6250838649e-05, 4.8285264711e-06, 5.65219870907e-08], "max": [0.685485005379, 5.97340297699, 59.5736923218, 78.9712371826, 182.036514282, 236.037780762, 236.646286011, 383.473083496, 336.768798828, 378.507781982, 389.092987061, 449.799468994, 1279.82617188, 669.430908203, 1196.22509766, 6157.53417969, 2266.62597656, 431.255828857, 255.317138672, 535.993591309, 329.054504395, 232.939178467, 276.117767334, 314.582855225, 170.57421875, 82.3144836426, 197.174331665, 46.1649665833, 67.7640075684, 49.7116317749, 70.2789459229, 15.7785959244, 66.768737793, 11.0038499832, 53.3676300049, 4.50282812119, 0.73654294014, 0.196560010314, 0.0690237283707, 0.00913386326283], "mean": [0.0285311564803, 0.463786393404, 4.65710163116, 11.8594141006, 23.1925697327, 46.2330665588, 60.3260536194, 81.5710678101, 52.0887069702, 71.595413208, 33.5734214783, 47.1065750122, 59.1515884399, 31.5861930847, 22.8872470856, 19.2388935089, 14.6141080856, 7.58193397522, 5.15407896042, 3.80867505074, 2.48921513557, 2.0728225708, 1.37942755222, 2.12282180786, 0.935743629932, 1.55063283443, 2.72850108147, 0.95733910799, 0.870895326138, 0.500319361687, 0.279563575983, 0.136652737856, 0.0868423953652, 0.0598001517355, 0.11799556762, 0.0149135598913, 0.00525910686702, 0.00191930844449, 0.000445039768238, 8.17585969344e-05], "median": [0.00768202124164, 0.205032706261, 2.52094006538, 9.84842967987, 22.5782871246, 43.6930007935, 60.8069992065, 87.6138687134, 46.2827796936, 10.4742469788, 5.23350858688, 6.06099462509, 12.2281703949, 8.7769575119, 4.90061187744, 2.50426697731, 1.54948353767, 1.29266989231, 1.34092855453, 0.792823255062, 0.762088477612, 0.537833213806, 0.383472174406, 0.314565598965, 0.230689570308, 0.158414915204, 0.130659386516, 0.0787403807044, 0.0435443744063, 0.023694941774, 0.0115844774991, 0.00559837697074, 0.00275444379076, 0.00108394061681, 0.000368001812603, 0.000148377119331, 5.78422113904e-05, 1.37424076456e-05, 2.71382887149e-05, 5.47068302694e-05], "min": [1.71911456328e-21, 1.87971688947e-20, 2.86174086593e-20, 2.10178596493e-20, 6.18382325239e-20, 1.18614856407e-19, 1.0669518378e-19, 2.4309382882e-19, 1.45606212159e-19, 4.25192083054e-19, 9.52921888431e-19, 1.67012811476e-18, 1.55725611485e-18, 1.24902618134e-18, 3.59430118002e-18, 3.00897742523e-18, 3.72867915207e-18, 4.36280945814e-18, 5.95260344617e-18, 8.42331335371e-18, 1.85748849397e-17, 1.02238109233e-17, 1.11470346496e-17, 8.52641893552e-18, 1.45573183354e-17, 1.50797159794e-17, 2.22995468891e-17, 1.69700172394e-17, 2.31786860247e-17, 1.62219002041e-17, 2.05044475003e-17, 2.38227751717e-17, 2.1039754125e-17, 1.4169622091e-17, 8.89309238463e-18, 6.17629955358e-18, 3.43232784235e-18, 1.37605641141e-18, 3.22837529539e-19, 3.32764291425e-20], "var": [0.00291458563879, 0.41767603159, 34.2574996948, 122.636138916, 274.68371582, 711.100585938, 773.517883301, 2022.72814941, 2320.43237305, 7506.17089844, 2343.00585938, 6176.32080078, 10637.65625, 3425.34301758, 3683.76782227, 17183.5742188, 5387.75585938, 600.299072266, 186.121185303, 225.270996094, 62.0789642334, 31.1581020355, 45.5204429626, 254.887969971, 13.6768398285, 28.0341377258, 116.849952698, 8.79484844208, 14.9018201828, 8.20253562927, 3.14548134804, 0.367158591747, 0.700315058231, 0.12206209451, 1.90038621426, 0.00734874559566, 0.000501193688251, 6.57212076476e-05, 3.84282384402e-06, 3.00294047406e-08]}, "gfcc": {"mean": [-131.843505859, 178.442810059, -83.1188583374, -16.8014469147, -61.2595672607, -24.8227100372, -32.0474281311, -22.0137958527, -23.6977596283, -14.1052856445, -11.6728963852, -5.30354642868, 0.187500357628], "cov": [[27031.2675781, 2430.98828125, -693.748779297, 2511.28491211, -369.809509277, 109.411682129, -339.588348389, 3.6457118988, -493.708679199, -47.6392250061, -416.689208984, -77.6446990967, -185.099884033], [2430.98828125, 5584.74365234, 1561.03735352, -1469.8494873, 100.578666687, -565.991271973, 83.5075531006, -609.174865723, -57.5642242432, -560.234069824, 244.969604492, -343.132629395, 132.375091553], [-693.748779297, 1561.03735352, 2698.24462891, -148.310119629, 36.9234466553, 73.0016479492, -1.47348201275, -53.9091720581, -201.687423706, -101.206916809, 39.6673583984, -128.769012451, -99.9358215332], [2511.28491211, -1469.8494873, -148.310119629, 2672.46533203, 629.809631348, 458.692352295, 160.221466064, 76.2433700562, -114.189582825, 79.1046218872, -157.53263855, -21.300365448, -75.6271209717], [-369.809509277, 100.578666687, 36.9234466553, 629.809631348, 1067.49499512, 412.55557251, -20.6446018219, -13.1587409973, -160.057739258, -84.4481735229, 12.075258255, -6.87052202225, -35.8780860901], [109.411682129, -565.991271973, 73.0016479492, 458.692352295, 412.55557251, 552.819152832, 59.7604026794, 62.1200752258, -90.2181472778, 30.1907749176, 18.3317832947, 81.724861145, -16.5598239899], [-339.588348389, 83.5075531006, -1.47348201275, 160.221466064, -20.6446018219, 59.7604026794, 260.195037842, -6.3252491951, 10.2129583359, -14.9679412842, 14.384262085, 28.0432415009, 79.0225906372], [3.6457118988, -609.174865723, -53.9091720581, 76.2433700562, -13.1587409973, 62.1200752258, -6.3252491951, 254.439102173, 11.9726676941, 34.3553314209, -37.8549804688, 73.6734924316, 7.7083902359], [-493.708679199, -57.5642242432, -201.687423706, -114.189582825, -160.057739258, -90.2181472778, 10.2129583359, 11.9726676941, 168.419036865, 3.14183354378, 0.170079693198, 9.77683258057, 27.268863678], [-47.6392250061, -560.234069824, -101.206916809, 79.1046218872, -84.4481735229, 30.1907749176, -14.9679412842, 34.3553314209, 3.14183354378, 182.754669189, -9.77484798431, 11.4021863937, -39.6454315186], [-416.689208984, 244.969604492, 39.6673583984, -157.53263855, 12.075258255, 18.3317832947, 14.384262085, -37.8549804688, 0.170079693198, -9.77484798431, 146.841644287, -9.06127262115, -5.38970518112], [-77.6446990967, -343.132629395, -128.769012451, -21.300365448, -6.87052202225, 81.724861145, 28.0432415009, 73.6734924316, 9.77683258057, 11.4021863937, -9.06127262115, 127.412895203, 25.4034690857], [-185.099884033, 132.375091553, -99.9358215332, -75.6271209717, -35.8780860901, -16.5598239899, 79.0225906372, 7.7083902359, 27.268863678, -39.6454315186, -5.38970518112, 25.4034690857, 130.788864136]], "icov": [[0.000202051582164, -0.000644784828182, 0.000403506914154, -0.000516067666467, 0.000747398473322, -0.000622489955276, 0.000812887796201, -0.000782091112342, 0.000872839824297, -0.000672171474434, 0.000651877955534, -0.000617259240244, 0.000390647968743], [-0.000644784828182, 0.00278262374923, -0.00160613760818, 0.00194077589549, -0.00272490060888, 0.00252919248305, -0.00299432594329, 0.00346325128339, -0.00279710791074, 0.00343906646594, -0.00252080778591, 0.00274965190329, -0.00166843621992], [0.000403506914154, -0.00160613760818, 0.0014204372419, -0.00108893110882, 0.00178901304025, -0.00168355542701, 0.00162160815671, -0.00211110385135, 0.00230651325546, -0.00152110378258, 0.00151812634431, -0.000995683483779, 0.00138859916478], [-0.000516067666467, 0.00194077589549, -0.00108893110882, 0.00203664624132, -0.00229096668772, 0.00149006035645, -0.00282677123323, 0.00223625334911, -0.00221358495764, 0.00206072442234, -0.00110080617014, 0.0024377789814, -0.000645408814307], [0.000747398473322, -0.00272490060888, 0.00178901304025, -0.00229096668772, 0.00473204161972, -0.00378425861709, 0.0037485351786, -0.0032521688845, 0.00420765532181, -0.00190680078231, 0.00240666372702, -0.00202831369825, 0.00164160050917], [-0.000622489955276, 0.00252919248305, -0.00168355542701, 0.00149006035645, -0.00378425861709, 0.00595915690064, -0.00336224003695, 0.00291012553498, -0.00219054101035, 0.00202789762989, -0.00319540500641, 4.05367718486e-05, -0.00135740824044], [0.000812887796201, -0.00299432594329, 0.00162160815671, -0.00282677123323, 0.0037485351786, -0.00336224003695, 0.0091704223305, -0.00304888538085, 0.00339440465905, -0.00337859196588, 0.00172816182021, -0.00375452870503, -0.00190425629262], [-0.000782091112342, 0.00346325128339, -0.00211110385135, 0.00223625334911, -0.0032521688845, 0.00291012553498, -0.00304888538085, 0.00943177938461, -0.00383802992292, 0.00364741357043, -0.00220143096521, 0.000568838207982, -0.0024649167899], [0.000872839824297, -0.00279710791074, 0.00230651325546, -0.00221358495764, 0.00420765532181, -0.00219054101035, 0.00339440465905, -0.00383802992292, 0.01172694657, -0.00249185529537, 0.00244564074092, -0.00264098774642, 0.00101434171665], [-0.000672171474434, 0.00343906646594, -0.00152110378258, 0.00206072442234, -0.00190680078231, 0.00202789762989, -0.00337859196588, 0.00364741357043, -0.00249185529537, 0.0116622578353, -0.00282322592102, 0.00376440561377, 0.000364457257092], [0.000651877955534, -0.00252080778591, 0.00151812634431, -0.00110080617014, 0.00240666372702, -0.00319540500641, 0.00172816182021, -0.00220143096521, 0.00244564074092, -0.00282322592102, 0.0105431750417, -0.00170033832546, 0.0027376729995], [-0.000617259240244, 0.00274965190329, -0.000995683483779, 0.0024377789814, -0.00202831369825, 4.05367718486e-05, -0.00375452870503, 0.000568838207982, -0.00264098774642, 0.00376440561377, -0.00170033832546, 0.0149033628404, -0.00259715132415], [0.000390647968743, -0.00166843621992, 0.00138859916478, -0.000645408814307, 0.00164160050917, -0.00135740824044, -0.00190425629262, -0.0024649167899, 0.00101434171665, 0.000364457257092, 0.0027376729995, -0.00259715132415, 0.012665823102]]}, "melbands": {"dmean": [0.000240824330831, 0.0014285108773, 0.00120549718849, 0.000546903174836, 0.000398239790229, 0.000331469957018, 0.000119883959997, 0.000121919125377, 4.78468173242e-05, 5.15422725584e-05, 0.000108581851237, 7.68183163018e-05, 3.37970705004e-05, 4.59334951302e-05, 5.75529411435e-05, 2.40920035139e-05, 1.08444837679e-05, 6.04757406109e-06, 4.05923583457e-06, 2.96663802146e-06, 1.83654890407e-06, 1.56802684614e-06, 8.74362683589e-07, 7.25259155843e-07, 7.73557303546e-07, 4.46414674116e-07, 2.81824497961e-07, 5.52569758838e-07, 1.1194392755e-06, 3.52364935452e-07, 2.57364547451e-07, 2.92632734045e-07, 2.53234105685e-07, 1.42382873491e-07, 1.16442372189e-07, 8.15850285107e-08, 5.09675572857e-08, 5.88060693474e-08, 2.75979505915e-08, 2.39689690318e-08], "dmean2": [0.000424422527431, 0.00269712531008, 0.00204241042957, 0.000887972651981, 0.000670849985909, 0.000590615847614, 0.000197039276827, 0.000202887677005, 7.45738725527e-05, 7.83165451139e-05, 0.000182511561434, 0.000130631553475, 5.42330271855e-05, 7.6687822002e-05, 0.000103264494101, 3.98636839236e-05, 1.81282503036e-05, 9.74228441919e-06, 6.45730960969e-06, 4.91679747938e-06, 2.97539918392e-06, 2.63347601503e-06, 1.4575618934e-06, 1.20649690416e-06, 1.27756220536e-06, 7.05206161911e-07, 4.60329800944e-07, 9.09075367872e-07, 1.8700424107e-06, 5.63913260976e-07, 4.2808062517e-07, 4.8453364343e-07, 4.10149340269e-07, 2.22268425887e-07, 1.89244374837e-07, 1.37423086244e-07, 8.36990210473e-08, 1.02712732541e-07, 4.51812809388e-08, 3.9987913425e-08], "dvar": [1.9799124118e-07, 4.37326798419e-06, 1.81887776307e-06, 4.33045499904e-07, 2.24662883852e-07, 1.56378717975e-07, 3.78876592322e-08, 5.24050847162e-08, 1.06703490488e-08, 1.27003225714e-08, 6.745189296e-08, 3.36471366325e-08, 2.14748450134e-08, 9.87640689232e-08, 2.0390143618e-07, 1.0628335545e-08, 1.69716096732e-09, 3.72552738659e-10, 3.89504123399e-10, 3.79998060795e-10, 5.50829000467e-11, 4.0382936578e-11, 2.84061558997e-11, 6.19955198289e-11, 2.86211349759e-11, 1.42036139794e-11, 1.05421791088e-12, 5.50833987797e-12, 3.59027252372e-11, 1.82080153906e-12, 9.68160013964e-13, 1.83865899936e-12, 2.51029709172e-12, 5.950698918e-13, 6.75036686704e-13, 1.8178029069e-13, 4.25258718756e-14, 1.52536880696e-12, 1.39132674769e-14, 1.35526050831e-14], "dvar2": [5.8907892253e-07, 1.57108170242e-05, 5.23425023857e-06, 1.17954061807e-06, 6.51140567243e-07, 4.58864093389e-07, 1.0042150933e-07, 1.37855408866e-07, 2.68161297612e-08, 2.9508829158e-08, 1.9930573103e-07, 9.79084120445e-08, 6.04125389714e-08, 2.75489185242e-07, 5.91117611748e-07, 2.75132645555e-08, 4.5191685949e-09, 8.43840664011e-10, 9.29618548806e-10, 9.96716931212e-10, 1.24168619831e-10, 9.79807207591e-11, 6.04922986702e-11, 1.48235951292e-10, 5.57721473171e-11, 2.22378799403e-11, 2.71983499091e-12, 1.4327270273e-11, 9.96070309567e-11, 4.44033742067e-12, 2.34470103923e-12, 4.57922458633e-12, 6.15755970518e-12, 1.26474481929e-12, 1.61985594209e-12, 4.7875879693e-13, 1.11075604552e-13, 4.47329803407e-12, 3.38644246651e-14, 3.84746149328e-14], "max": [0.00648876139894, 0.0232468117028, 0.0158822908998, 0.0134695181623, 0.0067738192156, 0.00773021858186, 0.00510081881657, 0.0041682026349, 0.00275741610676, 0.00264488277026, 0.00641358271241, 0.00337809114717, 0.00473275547847, 0.011104892008, 0.012442166917, 0.00173285743222, 0.000762284093071, 0.000444803619757, 0.000830068893265, 0.00108784553595, 0.000401121011237, 0.000343041785527, 0.000275658967439, 0.000455645029433, 0.000299369887216, 0.000280919630313, 2.78944626189e-05, 7.05419879523e-05, 0.000202080191229, 4.47546881333e-05, 2.53521775448e-05, 3.63609797205e-05, 5.54872603971e-05, 2.88154424197e-05, 5.81661406613e-05, 1.43991410368e-05, 6.41939232082e-06, 7.64768192312e-05, 3.87488171327e-06, 3.55583301825e-06], "mean": [0.000338409707183, 0.00182201189455, 0.00240971404128, 0.00244270148687, 0.00233655935153, 0.00183285621461, 0.000741257797927, 0.000780282192864, 0.000268946809229, 0.000264995032921, 0.000292288255878, 0.000132050001412, 7.26868311176e-05, 5.32962876605e-05, 4.58567992609e-05, 2.46933886956e-05, 1.26635140987e-05, 8.2462129285e-06, 6.74730699757e-06, 3.67664961232e-06, 2.77732510767e-06, 2.31857120525e-06, 1.38579059694e-06, 1.25831263631e-06, 1.85164014965e-06, 7.7664140008e-07, 5.19449429248e-07, 1.14577005661e-06, 2.22963194574e-06, 7.19194929388e-07, 5.04158776948e-07, 5.15454416927e-07, 3.98791570433e-07, 2.35436829144e-07, 1.79722164262e-07, 1.06677056522e-07, 7.15948118568e-08, 6.69027926392e-08, 4.3653798798e-08, 3.25411733115e-08], "median": [0.000130268730572, 0.00098995747976, 0.00221989140846, 0.00242649158463, 0.0024018404074, 0.00197145342827, 0.000607968773693, 0.000103693877463, 3.86706997233e-05, 3.22665873682e-05, 5.02918228449e-05, 3.21494917443e-05, 1.42641738421e-05, 7.64966353017e-06, 3.8377547753e-06, 2.6340480872e-06, 2.14183546632e-06, 1.9819933641e-06, 1.10069584025e-06, 8.33032913761e-07, 7.42676206755e-07, 5.18258218563e-07, 3.67850930161e-07, 2.68726893182e-07, 2.30554164204e-07, 1.81258116072e-07, 9.84604326959e-08, 9.0681197662e-08, 8.07608913078e-08, 5.97673661673e-08, 3.46566544351e-08, 2.46475142518e-08, 1.62120219471e-08, 1.0052517041e-08, 6.1780882632e-09, 4.39512914951e-09, 2.88881318866e-09, 1.98920035999e-09, 1.18761089851e-09, 6.46737774446e-10], "min": [2.19370621487e-23, 1.98562679617e-23, 4.43550809583e-24, 7.60895786131e-24, 4.01922540729e-24, 5.55149620781e-24, 2.13057249333e-24, 5.45424227997e-24, 9.30652973136e-24, 1.1270228561e-23, 7.57014748249e-24, 4.36684603707e-24, 1.10509331179e-23, 8.41566437793e-24, 8.42042357577e-24, 7.99379182101e-24, 8.23460265638e-24, 9.47466438925e-24, 9.99386818238e-24, 1.34122083774e-23, 2.37242344181e-23, 9.66986565367e-24, 1.07898540793e-23, 7.14004473975e-24, 6.88679199018e-24, 8.18846218203e-24, 1.36738451407e-23, 8.68966101386e-24, 1.42086660131e-23, 1.15087193564e-23, 9.70392235667e-24, 1.28967295855e-23, 1.26685768122e-23, 8.15774867155e-24, 1.12968305284e-23, 1.21983036944e-23, 1.6404913149e-23, 1.60266985211e-23, 1.28744158659e-23, 1.12333217035e-23], "var": [2.81924769752e-07, 5.19443483427e-06, 3.91867570215e-06, 1.97569988813e-06, 1.02781632449e-06, 9.65102003647e-07, 5.25835105236e-07, 9.30680016609e-07, 1.50437955426e-07, 1.96415371079e-07, 2.61590344053e-07, 6.94830504244e-08, 3.97680715025e-08, 6.68345663257e-08, 1.15652262878e-07, 9.94475435334e-09, 1.79213199836e-09, 5.2072307577e-10, 6.23432250269e-10, 3.30528604486e-10, 8.23868334665e-11, 4.99926280928e-11, 3.47424589098e-11, 8.09919561973e-11, 2.2605629868e-10, 2.85739071293e-11, 1.98124676387e-12, 1.80768056773e-11, 9.20624201872e-11, 5.40719032049e-12, 3.23203855172e-12, 4.55943312619e-12, 5.98753425313e-12, 2.13558554521e-12, 1.7256042515e-12, 3.16732236142e-13, 8.84781682056e-14, 8.60576963423e-13, 3.83393065017e-14, 2.07588547724e-14]}, "mfcc": {"mean": [-771.010681152, 208.040390015, 26.1762905121, 10.9928398132, -17.5081195831, -8.92698574066, -12.9376802444, -12.8133878708, -11.5966424942, -14.1038503647, -14.6487131119, -9.19905281067, -7.652967453], "cov": [[12701.3076172, 694.594360352, -1350.45837402, 1652.94348145, 636.238586426, 860.276855469, 284.524047852, 264.985229492, 184.788574219, 243.44430542, -8.18761634827, -52.8053855896, -146.688171387], [694.594360352, 3672.19726562, 957.621032715, -314.902587891, -39.0112686157, -226.47718811, -11.1277914047, -148.755371094, -255.63130188, -235.030151367, -160.039703369, -176.327774048, -130.837966919], [-1350.45837402, 957.621032715, 1995.33520508, 177.03956604, -88.1799240112, -130.259841919, 45.538684845, -56.4060554504, -158.261886597, -56.3908996582, -53.1567115784, -29.3440990448, -60.0086174011], [1652.94348145, -314.902587891, 177.03956604, 1551.30126953, 705.936462402, 595.712890625, 395.833648682, 198.647232056, 159.21182251, 88.607749939, -16.1555576324, -20.4131278992, -112.323303223], [636.238586426, -39.0112686157, -88.1799240112, 705.936462402, 1177.61535645, 671.548706055, 471.661437988, 253.403320312, 39.7544670105, 46.3793640137, 2.29516363144, -54.9891281128, -78.2950363159], [860.276855469, -226.47718811, -130.259841919, 595.712890625, 671.548706055, 801.91027832, 439.360809326, 186.003707886, 73.8236312866, 50.5254707336, 10.4459075928, 4.75603914261, -1.27103185654], [284.524047852, -11.1277914047, 45.538684845, 395.833648682, 471.661437988, 439.360809326, 495.888885498, 204.87902832, 58.845489502, 54.9683151245, -17.091835022, 6.29166126251, 7.67917108536], [264.985229492, -148.755371094, -56.4060554504, 198.647232056, 253.403320312, 186.003707886, 204.87902832, 313.286376953, 117.642410278, 28.6647224426, 19.6959877014, -26.758523941, 17.537689209], [184.788574219, -255.63130188, -158.261886597, 159.21182251, 39.7544670105, 73.8236312866, 58.845489502, 117.642410278, 203.098114014, 56.2706375122, -11.0216226578, -10.8718776703, 9.12979316711], [243.44430542, -235.030151367, -56.3908996582, 88.607749939, 46.3793640137, 50.5254707336, 54.9683151245, 28.6647224426, 56.2706375122, 144.683578491, 17.169210434, 13.9378261566, 5.01275014877], [-8.18761634827, -160.039703369, -53.1567115784, -16.1555576324, 2.29516363144, 10.4459075928, -17.091835022, 19.6959877014, -11.0216226578, 17.169210434, 107.802093506, 28.2746334076, 7.32584953308], [-52.8053855896, -176.327774048, -29.3440990448, -20.4131278992, -54.9891281128, 4.75603914261, 6.29166126251, -26.758523941, -10.8718776703, 13.9378261566, 28.2746334076, 131.859939575, 65.0672225952], [-146.688171387, -130.837966919, -60.0086174011, -112.323303223, -78.2950363159, -1.27103185654, 7.67917108536, 17.537689209, 9.12979316711, 5.01275014877, 7.32584953308, 65.0672225952, 126.540023804]], "icov": [[0.000133207344334, -0.000100363235106, 0.000150219624629, -0.000191810919205, 0.000112845700642, -0.000151704982272, 0.000177429858013, -0.000185834040167, 0.000189530444914, -0.000301632157061, 6.18103149463e-05, -6.85106933815e-05, 6.48324348731e-05], [-0.000100363235106, 0.000482147646835, -0.0002573968668, 0.000243593807681, -0.000130249653012, 0.000206215117942, -0.000337089353707, 0.000239507571678, 6.73895556247e-05, 0.000649089866783, 0.000293950957712, 0.000395693146857, 0.000134025889565], [0.000150219624629, -0.0002573968668, 0.000831129204016, -0.000452764186775, 0.000307806505589, 2.07815828617e-05, -1.10773771667e-05, -0.000359609402949, 0.000802205060609, -0.000429370295024, 0.000198071225896, -0.000119142168842, 0.000150344494614], [-0.000191810919205, 0.000243593807681, -0.000452764186775, 0.00151261966676, -0.00051932950737, -0.000290630414383, -0.000354112562491, 0.000337420962751, -0.00111058610491, 0.000370936206309, 0.000139846859383, -0.000437023059931, 0.00109001388773], [0.000112845700642, -0.000130249653012, 0.000307806505589, -0.00051932950737, 0.00228214100935, -0.00124099350069, -0.000420234253397, -0.0010716576362, 0.00122566334903, -0.000444991426775, 0.00014697239385, 0.000260938424617, 0.00104124785867], [-0.000151704982272, 0.000206215117942, 2.07815828617e-05, -0.000290630414383, -0.00124099350069, 0.00374788837507, -0.00225804536603, 0.000961653189734, -0.000594850862399, 0.000862606975716, -0.00083851168165, 0.000400129181799, -0.00108567159623], [0.000177429858013, -0.000337089353707, -1.10773771667e-05, -0.000354112562491, -0.000420234253397, -0.00225804536603, 0.00587596604601, -0.00268472987227, 0.00098955607973, -0.00187827087939, 0.00188687106129, -0.00143113208469, -9.99702460831e-05], [-0.000185834040167, 0.000239507571678, -0.000359609402949, 0.000337420962751, -0.0010716576362, 0.000961653189734, -0.00268472987227, 0.00705450866371, -0.00390032934956, 0.00166440638714, -0.0027327593416, 0.00247255922295, -0.00220472295769], [0.000189530444914, 6.73895556247e-05, 0.000802205060609, -0.00111058610491, 0.00122566334903, -0.000594850862399, 0.00098955607973, -0.00390032934956, 0.00925506930798, -0.00294562289491, 0.00255840132013, 0.000381755176932, 2.14253905142e-05], [-0.000301632157061, 0.000649089866783, -0.000429370295024, 0.000370936206309, -0.000444991426775, 0.000862606975716, -0.00187827087939, 0.00166440638714, -0.00294562289491, 0.00965313613415, -0.00173944036942, 4.3144209485e-05, -2.75970105577e-05], [6.18103149463e-05, 0.000293950957712, 0.000198071225896, 0.000139846859383, 0.00014697239385, -0.00083851168165, 0.00188687106129, -0.0027327593416, 0.00255840132013, -0.00173944036942, 0.0119431875646, -0.00308394734748, 0.00171906512696], [-6.85106933815e-05, 0.000395693146857, -0.000119142168842, -0.000437023059931, 0.000260938424617, 0.000400129181799, -0.00143113208469, 0.00247255922295, 0.000381755176932, 4.3144209485e-05, -0.00308394734748, 0.0125579005107, -0.0065130898729], [6.48324348731e-05, 0.000134025889565, 0.000150344494614, 0.00109001388773, 0.00104124785867, -0.00108567159623, -9.99702460831e-05, -0.00220472295769, 2.14253905142e-05, -2.75970105577e-05, 0.00171906512696, -0.0065130898729, 0.0133492751047]]}, "spectral_contrast_coeffs": {"dmean": [0.0449480116367, 0.0326171144843, 0.0372960306704, 0.0334712676704, 0.0247011445463, 0.0291789304465], "dmean2": [0.0761798545718, 0.0550030097365, 0.0610972754657, 0.0547056570649, 0.0397975295782, 0.0483851209283], "dvar": [0.00145008671097, 0.000906116038095, 0.00112720695324, 0.000968051026575, 0.000630923081189, 0.000806052354164], "dvar2": [0.00402266345918, 0.00247728428803, 0.00294031226076, 0.00240793288685, 0.00145459105261, 0.00203799922019], "max": [-0.150589600205, -0.404800832272, -0.300551861525, -0.488898217678, -0.486313760281, -0.496989816427], "mean": [-0.494913190603, -0.612693488598, -0.719736099243, -0.802550137043, -0.812927424908, -0.793697714806], "median": [-0.510280787945, -0.59595400095, -0.745199024677, -0.817781209946, -0.825584411621, -0.795285403728], "min": [-0.984058856964, -0.969030916691, -0.972363293171, -0.959450662136, -0.956355929375, -0.963336229324], "var": [0.020204057917, 0.0100158555433, 0.0157041177154, 0.00448708608747, 0.00550891971216, 0.00836217589676]}, "spectral_contrast_valleys": {"dmean": [0.472740203142, 0.278062403202, 0.351000010967, 0.397429198027, 0.348769068718, 0.553554356098], "dmean2": [0.80339807272, 0.459775179625, 0.558333933353, 0.627765119076, 0.557235240936, 0.926979362965], "dvar": [0.193367287517, 0.0841419547796, 0.112737759948, 0.152778849006, 0.139026895165, 0.316999822855], "dvar2": [0.512357950211, 0.178651034832, 0.23174497