{"lowlevel": {"average_loudness": 0.95873516798, "barkbands_crest": {"dmean": 2.27852773666, "dmean2": 3.75904917717, "dvar": 4.25582647324, "dvar2": 11.3907566071, "max": 25.1605796814, "mean": 11.3444786072, "median": 10.4793834686, "min": 3.17451643944, "var": 17.4987659454}, "barkbands_flatness_db": {"dmean": 0.0230046939105, "dmean2": 0.0338097177446, "dvar": 0.000614699965809, "dvar2": 0.00128573633265, "max": 0.588165521622, "mean": 0.188112258911, "median": 0.17079102993, "min": 0.0389908887446, "var": 0.00683817407116}, "barkbands_kurtosis": {"dmean": 4.2620677948, "dmean2": 6.59740257263, "dvar": 99.627166748, "dvar2": 197.4896698, "max": 1376.17614746, "mean": 16.7937793732, "median": 6.55995464325, "min": -1.9218416214, "var": 6261.35058594}, "barkbands_skewness": {"dmean": 0.477758973837, "dmean2": 0.746484279633, "dvar": 0.239298850298, "dvar2": 0.556021749973, "max": 28.0922813416, "mean": 2.3047914505, "median": 2.0576748848, "min": -2.27782201767, "var": 4.08242225647}, "barkbands_spread": {"dmean": 4.06440114975, "dmean2": 6.0176949501, "dvar": 50.9422950745, "dvar2": 95.5240859985, "max": 117.794692993, "mean": 15.5498123169, "median": 9.95316410065, "min": 0.104335553944, "var": 357.003814697}, "dissonance": {"dmean": 0.0205839518458, "dmean2": 0.0339163765311, "dvar": 0.000354079937097, "dvar2": 0.000919073878322, "max": 0.499995976686, "mean": 0.448162227869, "median": 0.453878879547, "min": 0.24729155004, "var": 0.00113584916107}, "dynamic_complexity": 2.46778225899, "erbbands_crest": {"dmean": 2.24581670761, "dmean2": 3.65424084663, "dvar": 4.67733287811, "dvar2": 11.8179302216, "max": 29.6847038269, "mean": 9.65582180023, "median": 8.84342956543, "min": 2.27594995499, "var": 16.2483768463}, "erbbands_flatness_db": {"dmean": 0.0191558897495, "dmean2": 0.0269716568291, "dvar": 0.000451558444183, "dvar2": 0.000880896870513, "max": 0.34003674984, "mean": 0.161668881774, "median": 0.159035876393, "min": 0.035601194948, "var": 0.0025508555118}, "erbbands_kurtosis": {"dmean": 0.99456268549, "dmean2": 1.55831611156, "dvar": 1.97696173191, "dvar2": 4.44402980804, "max": 36.7544822693, "mean": 1.17922365665, "median": 0.417364358902, "min": -1.77896595001, "var": 9.12594032288}, "erbbands_skewness": {"dmean": 0.339110195637, "dmean2": 0.512997031212, "dvar": 0.124620512128, "dvar2": 0.252814382315, "max": 5.0507106781, "mean": 0.787390291691, "median": 0.846055448055, "min": -4.11805772781, "var": 0.921653628349}, "erbbands_spread": {"dmean": 7.20187044144, "dmean2": 10.8239536285, "dvar": 75.8935012817, "dvar2": 165.394515991, "max": 170.508056641, "mean": 37.3360481262, "median": 35.0786972046, "min": 6.39105415344, "var": 330.375915527}, "hfc": {"dmean": 4.63042068481, "dmean2": 6.47939348221, "dvar": 94.2020645142, "dvar2": 167.078979492, "max": 180.383666992, "mean": 17.7675018311, "median": 12.7585773468, "min": 1.22924981491e-16, "var": 369.173217773}, "melbands_crest": {"dmean": 2.92375683784, "dmean2": 4.8197851181, "dvar": 6.98623991013, "dvar2": 18.4445838928, "max": 35.7067527771, "mean": 15.4964370728, "median": 14.3109149933, "min": 1.90383982658, "var": 33.7515068054}, "melbands_flatness_db": {"dmean": 0.0267730690539, "dmean2": 0.0393575318158, "dvar": 0.000831299403217, "dvar2": 0.00173741939943, "max": 0.744551062584, "mean": 0.282762765884, "median": 0.265467524529, "min": 0.00522780884057, "var": 0.0100500229746}, "melbands_kurtosis": {"dmean": 7.32657957077, "dmean2": 11.458111763, "dvar": 210.900787354, "dvar2": 426.643432617, "max": 1868.35876465, "mean": 27.4896259308, "median": 14.1779251099, "min": -1.74350333214, "var": 11034.0400391}, "melbands_skewness": {"dmean": 0.60947906971, "dmean2": 0.95824432373, "dvar": 0.379192262888, "dvar2": 0.872614502907, "max": 33.1710624695, "mean": 3.17582345009, "median": 2.83608675003, "min": -0.60405087471, "var": 5.08620262146}, "melbands_spread": {"dmean": 3.84673309326, "dmean2": 5.81122112274, "dvar": 63.1646499634, "dvar2": 127.458496094, "max": 216.432998657, "mean": 13.1443595886, "median": 8.85999202728, "min": 0.132351860404, "var": 267.039306641}, "pitch_salience": {"dmean": 0.0564553961158, "dmean2": 0.0933424010873, "dvar": 0.00273797730915, "dvar2": 0.00728239910677, "max": 0.910580515862, "mean": 0.535996794701, "median": 0.55068564415, "min": 0.0255853738636, "var": 0.0145058240741}, "silence_rate_20dB": {"dmean": 0, "dmean2": 0, "dvar": 0, "dvar2": 0, "max": 1, "mean": 1, "median": 1, "min": 1, "var": 0}, "silence_rate_30dB": {"dmean": 0.000561403518077, "dmean2": 0.0011229646625, "dvar": 0.000561075517908, "dvar2": 0.00168313458562, "max": 1, "mean": 0.999719321728, "median": 1, "min": 0, "var": 0.000280590378679}, "silence_rate_60dB": {"dmean": 0.000280701759038, "dmean2": 0.00056148233125, "dvar": 0.000280605599983, "dvar2": 0.000561194727197, "max": 1, "mean": 0.0439236611128, "median": 0, "min": 0, "var": 0.0419880151749}, "spectral_centroid": {"dmean": 178.954681396, "dmean2": 264.480224609, "dvar": 78670.6171875, "dvar2": 140900.25, "max": 10890.7509766, "mean": 892.687988281, "median": 671.715820312, "min": 83.8294143677, "var": 573124.1875}, "spectral_complexity": {"dmean": 2.40000009537, "dmean2": 3.69090390205, "dvar": 7.73165559769, "dvar2": 16.2000694275, "max": 47, "mean": 14.9977550507, "median": 14, "min": 0, "var": 56.237991333}, "spectral_decrease": {"dmean": 2.31732411038e-09, "dmean2": 3.69070107809e-09, "dvar": 5.68762937183e-18, "dvar2": 1.38909681037e-17, "max": 5.20321065285e-20, "mean": -1.02788124678e-08, "median": -1.0231362424e-08, "min": -3.49712578895e-08, "var": 2.2776575331e-17}, "spectral_energy": {"dmean": 0.00895228609443, "dmean2": 0.0142333786935, "dvar": 8.39429703774e-05, "dvar2": 0.000204509939067, "max": 0.135103106499, "mean": 0.0404061302543, "median": 0.0403325818479, "min": 1.09230791241e-20, "var": 0.00034667775617}, "spectral_energyband_high": {"dmean": 0.000356994161848, "dmean2": 0.000488240970299, "dvar": 1.71481269717e-06, "dvar2": 2.81600773633e-06, "max": 0.0235859267414, "mean": 0.00067712366581, "median": 0.000139243056765, "min": 8.02616175638e-21, "var": 5.64305400985e-06}, "spectral_energyband_low": {"dmean": 0.00616007111967, "dmean2": 0.00998930912465, "dvar": 5.31482437509e-05, "dvar2": 0.000136564354762, "max": 0.100757740438, "mean": 0.0174921844155, "median": 0.0156244384125, "min": 3.99159957727e-23, "var": 0.000132295273943}, "spectral_energyband_middle_high": {"dmean": 0.000857438659295, "dmean2": 0.00122832052875, "dvar": 2.13902148971e-06, "dvar2": 4.06236040362e-06, "max": 0.032392449677, "mean": 0.00295378733426, "median": 0.00173974677455, "min": 1.38837328179e-21, "var": 1.16826413432e-05}, "spectral_energyband_middle_low": {"dmean": 0.00585131254047, "dmean2": 0.00928236357868, "dvar": 4.38848583144e-05, "dvar2": 0.000106922234409, "max": 0.107217922807, "mean": 0.0212295074016, "median": 0.0201289467514, "min": 2.38743918826e-22, "var": 0.000167254445842}, "spectral_entropy": {"dmean": 0.212676540017, "dmean2": 0.306981235743, "dvar": 0.0596788749099, "dvar2": 0.122237294912, "max": 9.81085205078, "mean": 7.05163478851, "median": 7.08422374725, "min": 5.17136192322, "var": 0.43986415863}, "spectral_flux": {"dmean": 0.022273350507, "dmean2": 0.0355055332184, "dvar": 0.000454683409771, "dvar2": 0.00111394911073, "max": 0.228823006153, "mean": 0.0797313824296, "median": 0.0766444951296, "min": 1.04513536714e-10, "var": 0.00149805855472}, "spectral_kurtosis": {"dmean": 3.17930984497, "dmean2": 5.1858663559, "dvar": 31.912191391, "dvar2": 77.0393600464, "max": 127.125061035, "mean": 9.04907226562, "median": 5.65206050873, "min": -1.2171214819, "var": 150.936096191}, "spectral_rms": {"dmean": 0.00068470655242, "dmean2": 0.00108392117545, "dvar": 4.32108720361e-07, "dvar2": 1.03563036191e-06, "max": 0.0114807626233, "mean": 0.00601122807711, "median": 0.00627286732197, "min": 3.26445446196e-12, "var": 3.28572332364e-06}, "spectral_rolloff": {"dmean": 279.19631958, "dmean2": 458.720550537, "dvar": 583844.25, "dvar2": 1191925, "max": 19422.9492188, "mean": 968.546447754, "median": 409.130859375, "min": 64.599609375, "var": 4139225}, "spectral_skewness": {"dmean": 0.319022029638, "dmean2": 0.496833622456, "dvar": 0.165038526058, "dvar2": 0.366705805063, "max": 9.22869491577, "mean": 2.08092951775, "median": 1.85472333431, "min": -0.128273904324, "var": 1.11766409874}, "spectral_spread": {"dmean": 564992.8125, "dmean2": 787630.5625, "dvar": 612073734144, "dvar2": 1046643081220.0, "max": 40655808, "mean": 4087177.75, "median": 3741494.5, "min": 664662.6875, "var": 3085647740930.0}, "spectral_strongpeak": {"dmean": 0.377305239439, "dmean2": 0.653136193752, "dvar": 0.370381295681, "dvar2": 0.933775424957, "max": 9.69647407532, "mean": 0.735400140285, "median": 0.379161477089, "min": 0, "var": 0.605388939381}, "zerocrossingrate": {"dmean": 0.00782223138958, "dmean2": 0.00928803626448, "dvar": 0.000139914394822, "dvar2": 0.000165515215485, "max": 0.51416015625, "mean": 0.0403589196503, "median": 0.02880859375, "min": 0.001953125, "var": 0.0024414958898}, "barkbands": {"dmean": [0.000386276020436, 0.00495140906423, 0.00173844292294, 0.00156154483557, 0.00393181154504, 0.00140355154872, 0.00141166243702, 0.000566541042645, 0.000515244028065, 0.00018953649851, 0.000116599439934, 0.000179344351636, 0.000222637099796, 0.000209310106584, 0.000170179046108, 7.60519615142e-05, 8.64102476044e-05, 0.000184090356925, 0.000112545421871, 8.80001462065e-05, 9.24657288124e-05, 9.60204706644e-05, 7.98432447482e-05, 5.82864886383e-05, 3.37305755238e-05, 2.09743247979e-05, 7.00952432453e-06], "dmean2": [0.000625550455879, 0.00789689645171, 0.00288500124589, 0.00257862498984, 0.00640563853085, 0.00218030042015, 0.00220040138811, 0.000887789356057, 0.000757052795961, 0.000288376788376, 0.00018264981918, 0.000278705876553, 0.000331861869199, 0.000321207277011, 0.000262503599515, 0.000116515424452, 0.000132811997901, 0.000279296946246, 0.000170924584381, 0.000130028856802, 0.000137525581522, 0.000137557071866, 0.000110210006824, 8.61415901454e-05, 5.04473755427e-05, 3.09452188958e-05, 1.11220906547e-05], "dvar": [5.15656495281e-07, 3.35625991283e-05, 8.03113653092e-06, 4.99258112541e-06, 2.72147390206e-05, 4.60710498373e-06, 8.3924669525e-06, 1.93149253391e-06, 1.37953384183e-06, 2.33773278069e-07, 1.33943018454e-07, 2.61584006012e-07, 5.04338061091e-07, 3.63951102145e-07, 2.78269283172e-07, 4.9048225037e-08, 7.65228946875e-08, 2.11048686083e-07, 9.42267348591e-08, 7.18247505915e-08, 1.7631786875e-07, 1.44057750617e-07, 1.16197156785e-07, 8.07740647701e-08, 3.14052535089e-08, 8.89664875103e-09, 8.87123985382e-10], "dvar2": [1.31930596581e-06, 8.70374715305e-05, 2.44399161602e-05, 1.36124772325e-05, 6.90525994287e-05, 1.08274989543e-05, 1.84071595868e-05, 4.22738048655e-06, 2.63940614786e-06, 4.74763339753e-07, 3.23006645431e-07, 6.46351566047e-07, 1.04684181679e-06, 7.99867621026e-07, 6.25646009667e-07, 1.01623598425e-07, 1.77812893298e-07, 4.49673223102e-07, 2.0940245804e-07, 1.42296499916e-07, 3.76163882265e-07, 2.70249955747e-07, 2.05514808727e-07, 1.68190240402e-07, 6.6260277265e-08, 1.85175839107e-08, 2.22124318938e-09], "max": [0.0124683622271, 0.0750651285052, 0.0435493476689, 0.0293014906347, 0.087728753686, 0.0577536001801, 0.0742963030934, 0.0313102379441, 0.0291718002409, 0.0150695890188, 0.00953202694654, 0.0137034552172, 0.0295051634312, 0.0142575632781, 0.0121560394764, 0.00623553199694, 0.00805576704443, 0.0106945745647, 0.00819108728319, 0.00722897890955, 0.0118141910061, 0.0111440746114, 0.00980003736913, 0.00779951969162, 0.00512364972383, 0.00324856885709, 0.000512417522259], "mean": [0.000662647536956, 0.0118966139853, 0.00304562738165, 0.00303775584325, 0.00935519114137, 0.00382132828236, 0.00266126170754, 0.00109749194235, 0.00113269279245, 0.000396788062062, 0.000191557293874, 0.000349607144017, 0.000417305942392, 0.000353827519575, 0.000294606143143, 0.000137721304782, 0.000173944063135, 0.000369237532141, 0.000236760621192, 0.000162460535648, 0.000152716296725, 0.000168516096892, 0.000130932749016, 8.37923944346e-05, 4.37062008132e-05, 2.53889083979e-05, 6.68560960548e-06], "median": [0.000336580735166, 0.0104824528098, 0.00186922168359, 0.00168579514138, 0.00681990757585, 0.00240097031929, 0.00106519064866, 0.000330480106641, 0.000384045415558, 0.000158632246894, 6.40056241537e-05, 0.0001339080045, 0.000147163053043, 9.10768139875e-05, 8.0232610344e-05, 5.15789870406e-05, 5.62940040254e-05, 9.53174021561e-05, 8.1495498307e-05, 5.11807083967e-05, 2.66198148893e-05, 2.94137516903e-05, 1.70434068423e-05, 1.0104093235e-05, 6.10178449278e-06, 3.22116306961e-06, 4.30328157108e-07], "min": [1.46182394397e-23, 1.68650714922e-23, 1.52006601792e-23, 1.23620191535e-23, 5.55576938845e-23, 1.88561643056e-23, 4.97311293732e-23, 3.59991656942e-23, 5.71938671326e-23, 6.99906551411e-23, 5.28587861576e-23, 3.43544222613e-23, 4.79347321644e-23, 1.31492561097e-22, 1.62388304761e-22, 1.93824639026e-22, 2.33065306755e-22, 1.89856555077e-22, 1.42684768159e-22, 4.48798241327e-22, 5.67109353217e-22, 5.07324349378e-22, 7.7408030243e-22, 7.39020193602e-22, 1.49551063965e-21, 1.46533248173e-21, 2.66825625247e-21], "var": [7.88020884102e-07, 7.28976956452e-05, 1.32607920023e-05, 1.33911344165e-05, 8.25738461572e-05, 1.77066558535e-05, 2.29999041039e-05, 5.12293399879e-06, 4.90004049425e-06, 7.66627124449e-07, 2.08270108715e-07, 4.53566201486e-07, 1.15955151614e-06, 8.53302935866e-07, 6.01319243287e-07, 1.03308721577e-07, 2.02262029347e-07, 6.36507024865e-07, 2.44253868686e-07, 1.65767815474e-07, 3.68819542018e-07, 4.92606034186e-07, 3.85957605431e-07, 1.73047311591e-07, 4.09850180461e-08, 1.27139516692e-08, 8.09813327507e-10]}, "erbbands": {"dmean": [0.203613772988, 0.928409278393, 1.68530082703, 3.85555124283, 10.2447090149, 14.8522891998, 10.7048606873, 12.0449199677, 20.8172492981, 14.5717849731, 12.9363431931, 11.299446106, 7.88772249222, 5.31195831299, 5.12411165237, 6.83296489716, 9.22541427612, 11.4089508057, 10.2179021835, 5.14171981812, 4.41831254959, 4.32825756073, 9.4273891449, 6.82384300232, 5.44701385498, 3.93207025528, 3.21964931488, 3.88608670235, 3.54809546471, 2.87681651115, 2.19900798798, 1.56431591511, 0.817688047886, 0.454415172338, 0.204465344548, 0.109426997602, 0.0348848029971, 0.00776802375913, 0.0011661547469, 7.46667865315e-05], "dmean2": [0.317742228508, 1.51708877087, 2.79058909416, 6.40577554703, 17.0324325562, 24.0527877808, 16.7887496948, 18.8152999878, 32.3974838257, 22.4650173187, 20.1867771149, 16.6097869873, 11.4735689163, 8.11797714233, 7.94731092453, 10.5977287292, 13.5581016541, 16.8861675262, 15.26704216, 7.69927978516, 6.64879226685, 6.4017739296, 14.1065607071, 10.3243551254, 8.0859003067, 5.70631217957, 4.79418516159, 5.75033664703, 5.09768486023, 4.15582609177, 3.03720092773, 2.29138445854, 1.20642852783, 0.676899075508, 0.306612223387, 0.162417903543, 0.0519353076816, 0.0118148503825, 0.00184883619659, 0.000119661257486], "dvar": [0.0638666450977, 1.27440619469, 7.42838811874, 30.9507675171, 203.622192383, 535.21270752, 253.197128296, 436.595336914, 1709.39355469, 1287.17468262, 998.706970215, 774.351806641, 318.289764404, 285.537689209, 254.000228882, 316.548187256, 866.576538086, 1109.21362305, 1064.33361816, 264.565185547, 166.307495117, 199.391525269, 665.763305664, 270.774200439, 284.633850098, 149.213485718, 172.944198608, 371.431091309, 231.58605957, 121.299316406, 97.6716461182, 60.6293525696, 18.3904361725, 7.17720460892, 0.944745182991, 0.275631010532, 0.0221705529839, 0.000697357114404, 2.36454943661e-05, 1.18887086842e-07], "dvar2": [0.154612839222, 3.47513532639, 21.1687793732, 91.0855560303, 554.514465332, 1327.31262207, 619.103515625, 1005.00952148, 3637.828125, 2956.41894531, 2270.37280273, 1475.14758301, 614.759887695, 600.907592773, 638.09564209, 753.279052734, 1768.16223145, 2194.26782227, 2381.62304688, 505.576599121, 312.859527588, 426.510955811, 1410.92602539, 627.026123047, 571.103759766, 300.461395264, 341.317810059, 808.446044922, 448.366363525, 225.734710693, 173.017578125, 124.383827209, 38.555683136, 14.7164478302, 2.12040662766, 0.570901453495, 0.0472740717232, 0.00155870593153, 5.94624652877e-05, 3.06889290869e-07], "max": [3.32791876793, 15.0853176117, 46.9259223938, 67.6973419189, 177.555252075, 398.208312988, 471.149536133, 377.501953125, 1293.41992188, 810.188903809, 634.332641602, 648.789855957, 503.204803467, 500.064788818, 492.053985596, 398.757476807, 867.67767334, 832.319641113, 1060.38366699, 503.055633545, 423.86340332, 528.786254883, 711.847290039, 350.321990967, 569.750732422, 315.651489258, 480.900787354, 631.983276367, 445.829467773, 545.892456055, 296.00579834, 253.126296997, 117.264633179, 82.560760498, 36.9911727905, 16.8424339294, 5.79036188126, 0.800327241421, 0.0831702500582, 0.00721392966807], "mean": [0.478886842728, 2.1193189621, 3.30768465996, 8.4605922699, 18.4877262115, 33.062915802, 33.390838623, 30.1702308655, 41.5605888367, 28.4515953064, 26.6477394104, 25.0160903931, 18.6121807098, 11.3378381729, 9.77917385101, 14.530459404, 17.4881782532, 21.6908550262, 17.4434490204, 10.8002624512, 8.96021652222, 9.77639389038, 19.6061534882, 14.5971603394, 11.8843889236, 7.54923868179, 5.40998506546, 6.50821876526, 6.14287805557, 4.95569705963, 3.61240935326, 2.30260133743, 1.10660278797, 0.585307657719, 0.258360683918, 0.135499298573, 0.0412689186633, 0.00856710318476, 0.00114013347775, 0.000106627157948], "median": [0.343062192202, 2.03174304962, 2.25976324081, 5.1723947525, 12.7215919495, 20.9703216553, 21.0075283051, 15.4246330261, 21.0297260284, 9.6604385376, 9.58250617981, 9.37901878357, 7.25347614288, 5.22989177704, 4.59695148468, 5.81543636322, 6.4382686615, 7.11204814911, 4.76682090759, 3.92441940308, 3.48976707458, 3.27396297455, 5.27463531494, 5.10032939911, 3.92397904396, 2.56282711029, 1.15126538277, 1.06803560257, 0.977750182152, 0.906687855721, 0.433953791857, 0.242430284619, 0.135829925537, 0.0764033198357, 0.0364484377205, 0.0172217451036, 0.00500760041177, 0.000862252549268, 9.98220057227e-05, 5.48751959286e-05], "min": [3.38165863624e-22, 4.92870196163e-21, 1.88768480366e-20, 2.0523057009e-20, 7.90508658695e-20, 2.55651852236e-19, 2.23673566742e-19, 1.24074274299e-19, 3.68135335749e-19, 1.2179588285e-18, 5.88765291428e-19, 1.19990116553e-18, 2.20995734945e-18, 1.84157577237e-18, 1.81037514005e-18, 1.58524883736e-18, 2.10145420735e-18, 5.06758181569e-18, 1.00049869097e-17, 6.55434053226e-18, 1.15084480572e-17, 1.23567333559e-17, 1.04857748874e-17, 8.09220701657e-18, 1.08876382541e-17, 1.85454902495e-17, 1.8455402009e-17, 2.82839223426e-17, 1.91757340474e-17, 1.75195100116e-17, 2.19335575184e-17, 1.78785328672e-17, 1.21172571239e-17, 1.37690375455e-17, 1.04833578656e-17, 6.07071118916e-18, 2.74814173549e-18, 1.08314844778e-18, 3.28714492695e-19, 4.19083722584e-20], "var": [0.186954379082, 2.14125847816, 13.0844306946, 90.5979003906, 358.772338867, 1464.12561035, 1206.42028809, 1674.28210449, 4613.921875, 3595.44628906, 2641.15698242, 2658.30444336, 1148.40917969, 650.080322266, 347.88494873, 685.929138184, 2062.80786133, 2915.11572266, 2158.87744141, 721.874206543, 418.685211182, 627.399536133, 2042.6015625, 677.863342285, 804.11114502, 338.699584961, 378.407531738, 784.256103516, 734.010009766, 445.043334961, 311.393035889, 141.826019287, 32.4663314819, 9.47559070587, 1.17464411259, 0.393890470266, 0.0312926732004, 0.000917880563065, 2.13296953007e-05, 9.93523343595e-08]}, "gfcc": {"mean": [-39.0439453125, 121.728050232, -86.22706604, 36.5188179016, -46.3982582092, 4.43954133987, -30.819070816, 3.11530423164, -18.5233230591, 2.71094679832, -6.24090766907, 2.36135363579, -10.2639217377], "cov": [[34381.3085938, 2391.58056641, -2658.88842773, 195.44732666, -1565.48571777, -636.868896484, -1257.15637207, -336.523712158, -654.598876953, -67.2876205444, -469.448547363, -318.144042969, -813.005493164], [2391.58056641, 2477.86572266, -200.457931519, -293.473449707, 174.180770874, -251.659133911, 58.0089874268, -219.192932129, -6.33069038391, -239.678909302, 119.270576477, -131.919937134, 108.071754456], [-2658.88842773, -200.457931519, 765.487304688, -45.4757232666, 101.061248779, 142.377548218, 135.48425293, 36.7284889221, 14.8416318893, 13.3176641464, 12.1621131897, 61.5023460388, 105.271682739], [195.44732666, -293.473449707, -45.4757232666, 299.19039917, -7.68396663666, -14.7460069656, -37.7214202881, 6.76437568665, 14.2498760223, 12.8162879944, -23.2850971222, 8.07315444946, -0.365875333548], [-1565.48571777, 174.180770874, 101.061248779, -7.68396663666, 286.43170166, -8.34391403198, 41.0853157043, -0.740342974663, 58.3092727661, -26.2827281952, 27.6558303833, -9.47842121124, 57.4760704041], [-636.868896484, -251.659133911, 142.377548218, -14.7460069656, -8.34391403198, 175.627670288, 48.9090614319, 14.8819036484, -10.1709222794, 29.5105705261, -10.3017120361, 2.37581038475, 3.42321252823], [-1257.15637207, 58.0089874268, 135.48425293, -37.7214202881, 41.0853157043, 48.9090614319, 164.296051025, 21.0522003174, 11.7098684311, -14.2478370667, 37.4743804932, 7.4348692894, 40.4437789917], [-336.523712158, -219.192932129, 36.7284889221, 6.76437568665, -0.740342974663, 14.8819036484, 21.0522003174, 136.222137451, 22.5211715698, 28.0883789062, -0.235205426812, 20.1580677032, -15.4198675156], [-654.598876953, -6.33069038391, 14.8416318893, 14.2498760223, 58.3092727661, -10.1709222794, 11.7098684311, 22.5211715698, 111.369262695, 25.3954467773, 17.7383861542, 10.7018508911, 25.2988681793], [-67.2876205444, -239.678909302, 13.3176641464, 12.8162879944, -26.2827281952, 29.5105705261, -14.2478370667, 28.0883789062, 25.3954467773, 94.1339416504, 2.90461587906, 7.29967451096, -15.5058631897], [-469.448547363, 119.270576477, 12.1621131897, -23.2850971222, 27.6558303833, -10.3017120361, 37.4743804932, -0.235205426812, 17.7383861542, 2.90461587906, 86.4812164307, 19.1438865662, 11.9059209824], [-318.144042969, -131.919937134, 61.5023460388, 8.07315444946, -9.47842121124, 2.37581038475, 7.4348692894, 20.1580677032, 10.7018508911, 7.29967451096, 19.1438865662, 91.5674819946, 21.9384899139], [-813.005493164, 108.071754456, 105.271682739, -0.365875333548, 57.4760704041, 3.42321252823, 40.4437789917, -15.4198675156, 25.2988681793, -15.5058631897, 11.9059209824, 21.9384899139, 119.851486206]], "icov": [[0.000116445451567, -0.000286537106149, 0.000164875687915, -0.000213145569433, 0.000425001693657, -0.000132554967422, 0.000500606780406, -0.000163962482475, 0.000362714927178, -0.00038553707418, 0.000523177790456, -0.000270291609922, 0.000383814796805], [-0.000286537106149, 0.0017552570207, -0.000321801344398, 0.00138406758197, -0.00110234494787, 0.00137567729689, -0.00130448210984, 0.00129469658714, -0.00118583487347, 0.00275446497835, -0.00256889197044, 0.00215612980537, -0.00167625863105], [0.000164875687915, -0.000321801344398, 0.00228796689771, -4.21976983489e-05, -2.59319995166e-06, -0.00132383941673, -0.000253761972999, -0.000392863963498, 0.000924759544432, -0.000816924672108, 0.00120288296603, -0.00141199026257, -0.000688953150529], [-0.000213145569433, 0.00138406758197, -4.21976983489e-05, 0.00466607278213, -0.000866964051966, 0.00121634732932, -0.000451364438049, 0.000900299404748, -0.00134165224154, 0.00182050419971, -0.00101419014391, 0.00119275250472, -0.00159227056429], [0.000425001693657, -0.00110234494787, -2.59319995166e-06, -0.000866964051966, 0.00633788714185, -0.000361165497452, 0.00194045982789, -0.000846146431286, -0.0011240117019, 0.000310721021378, 0.000750810373574, 0.00056660262635, 0.000183010764886], [-0.000132554967422, 0.00137567729689, -0.00132383941673, 0.00121634732932, -0.000361165497452, 0.00920906011015, -0.00303182168864, 0.00136560981628, 0.000480068323668, -0.000788744015153, -4.77134017274e-05, 0.00209624343552, -0.000446535734227], [0.000500606780406, -0.00130448210984, -0.000253761972999, -0.000451364438049, 0.00194045982789, -0.00303182168864, 0.0117553491145, -0.00269972463138, 0.0011347499676, 0.000885738292709, -0.00192716647871, 0.000272616802249, -0.000347921333741], [-0.000163962482475, 0.00129469658714, -0.000392863963498, 0.000900299404748, -0.000846146431286, 0.00136560981628, -0.00269972463138, 0.00995669234544, -0.00227570720017, -5.95552446612e-05, -0.000322214880725, -0.000573858618736, 0.00123666285072], [0.000362714927178, -0.00118583487347, 0.000924759544432, -0.00134165224154, -0.0011240117019, 0.000480068323668, 0.0011347499676, -0.00227570720017, 0.0136610446498, -0.00604230584577, 0.000945560692344, -0.00177481991705, -0.000871434342116], [-0.00038553707418, 0.00275446497835, -0.000816924672108, 0.00182050419971, 0.000310721021378, -0.000788744015153, 0.000885738292709, -5.95552446612e-05, -0.00604230584577, 0.0190481040627, -0.00592704769224, 0.00371570279822, -0.00116049929056], [0.000523177790456, -0.00256889197044, 0.00120288296603, -0.00101419014391, 0.000750810373574, -4.77134017274e-05, -0.00192716647871, -0.000322214880725, 0.000945560692344, -0.00592704769224, 0.0191203132272, -0.0067516551353, 0.0034259413369], [-0.000270291609922, 0.00215612980537, -0.00141199026257, 0.00119275250472, 0.00056660262635, 0.00209624343552, 0.000272616802249, -0.000573858618736, -0.00177481991705, 0.00371570279822, -0.0067516551353, 0.0164443738759, -0.00451531121507], [0.000383814796805, -0.00167625863105, -0.000688953150529, -0.00159227056429, 0.000183010764886, -0.000446535734227, -0.000347921333741, 0.00123666285072, -0.000871434342116, -0.00116049929056, 0.0034259413369, -0.00451531121507, 0.0137805268168]]}, "melbands": {"dmean": [0.00156072271056, 0.000903774809558, 0.000742687028833, 0.00099241535645, 0.000390477362089, 0.000269700307399, 0.000317253987305, 0.000145634912769, 0.000101559511677, 7.28538216208e-05, 4.02733094234e-05, 2.29742927331e-05, 1.76547782758e-05, 2.14017672988e-05, 1.65293513419e-05, 2.30077439483e-05, 2.23736533371e-05, 1.80242604984e-05, 9.65143681242e-06, 5.33749152964e-06, 5.65799655305e-06, 4.58595150121e-06, 6.77478283251e-06, 1.02106669146e-05, 5.59650197829e-06, 4.18989338868e-06, 3.93042455471e-06, 2.46079230237e-06, 2.0440775188e-06, 2.40229974224e-06, 2.33745095102e-06, 2.13541352423e-06, 1.93862069864e-06, 1.5721644786e-06, 1.30368141527e-06, 1.30110413465e-06, 8.54174572851e-07, 5.96973052325e-07, 4.90002378228e-07, 3.60464241567e-07], "dmean2": [0.00247295969166, 0.00149294710718, 0.00123468297534, 0.00162338244263, 0.000616252771579, 0.000419801508542, 0.000493032392114, 0.000223858107347, 0.000156230671564, 0.000107262450911, 5.87300346524e-05, 3.51639391738e-05, 2.73235436907e-05, 3.29649847117e-05, 2.54577771557e-05, 3.35131226166e-05, 3.36028751917e-05, 2.7079919164e-05, 1.47667979036e-05, 8.04738101579e-06, 8.55685084389e-06, 6.95323751643e-06, 1.0171129361e-05, 1.57021895575e-05, 8.6038498921e-06, 6.22554034635e-06, 5.79696234126e-06, 3.6927635847e-06, 3.09054985337e-06, 3.6860290038e-06, 3.56749342245e-06, 3.11547069032e-06, 2.87727743853e-06, 2.30566865866e-06, 1.86512011169e-06, 1.91694584828e-06, 1.2872762909e-06, 8.91930710623e-07, 7.26953089725e-07, 5.51944083327e-07], "dvar": [3.39410598826e-06, 1.62749199717e-06, 9.67462028711e-07, 1.98163957066e-06, 2.8296273058e-07, 2.04261212389e-07, 3.77232566962e-07, 1.17859833892e-07, 5.84048649444e-08, 3.17444914799e-08, 8.44682190859e-09, 5.26642862653e-09, 2.86672152683e-09, 4.28255164664e-09, 2.20868545675e-09, 6.18133499941e-09, 4.26012469745e-09, 3.60262508714e-09, 1.00029962091e-09, 2.13420031647e-10, 2.88890439348e-10, 2.61319493822e-10, 4.7099973921e-10, 6.64882093826e-10, 2.01015815104e-10, 1.70664579691e-10, 1.49800283289e-10, 6.47882927862e-11, 6.36832461764e-11, 1.31460120567e-10, 1.45007547636e-10, 9.39212041473e-11, 5.64395023772e-11, 4.02948681366e-11, 3.57709382948e-11, 4.57190015013e-11, 1.90721917426e-11, 1.10742639017e-11, 7.83459234988e-12, 5.14415593456e-12], "dvar2": [8.57995746628e-06, 4.46206377092e-06, 2.76936270893e-06, 4.97473456562e-06, 6.99583893038e-07, 4.73885307883e-07, 8.10726021427e-07, 2.66477087507e-07, 1.30306105461e-07, 6.08793513379e-08, 1.61705671076e-08, 1.07644275715e-08, 7.12251413404e-09, 1.05088036051e-08, 4.87883022871e-09, 1.23391314943e-08, 8.56956283712e-09, 8.0159665572e-09, 2.15772999468e-09, 4.45809750227e-10, 5.51956091943e-10, 5.94570226387e-10, 1.00085950638e-09, 1.46394607548e-09, 4.74419226126e-10, 3.63418850569e-10, 3.00498459449e-10, 1.38181771581e-10, 1.25531349204e-10, 2.96131480448e-10, 3.2589397847e-10, 1.94431207245e-10, 1.1813400258e-10, 8.02269986555e-11, 6.8220602778e-11, 9.50133097199e-11, 4.17080293913e-11, 2.50814907038e-11, 1.46825555186e-11, 1.13134354315e-11], "max": [0.0244682971388, 0.0238400455564, 0.0122670549899, 0.0233443938196, 0.012254212983, 0.0078751957044, 0.0178881790489, 0.0072376341559, 0.00475284550339, 0.00464443163946, 0.00246024993248, 0.00199490040541, 0.00153181678616, 0.00191388919484, 0.00115435500629, 0.00361271691509, 0.00160247716121, 0.0021369564347, 0.00073217775207, 0.000421584642027, 0.000563665991649, 0.000547539035324, 0.00079413712956, 0.000684811209794, 0.000357274111593, 0.000393004505895, 0.000483957963297, 0.00017359618505, 0.000280055479379, 0.000403637124691, 0.000412092806073, 0.00028446194483, 0.000269745622063, 0.000297212187434, 0.000169117207406, 0.000186527671758, 0.000143756376929, 0.000100198107248, 8.77576458151e-05, 7.86536547821e-05], "mean": [0.00370459281839, 0.00209287973121, 0.00156836281531, 0.00206039682962, 0.00119127694052, 0.000681115488987, 0.000634916999843, 0.000283353903797, 0.000206552795134, 0.000158704657224, 9.2573776783e-05, 4.65683369839e-05, 3.0642724596e-05, 4.12616536778e-05, 3.10921604978e-05, 4.3081552576e-05, 3.92891852243e-05, 2.84854395431e-05, 1.72416039277e-05, 1.09478096419e-05, 1.04577702587e-05, 9.12542873266e-06, 1.40457113957e-05, 1.93945743376e-05, 1.08865442598e-05, 8.58194925968e-06, 7.62829449741e-06, 4.36193113273e-06, 3.10344148602e-06, 3.75758190785e-06, 3.72300928575e-06, 3.48735397893e-06, 3.16550040225e-06, 2.55773443314e-06, 2.08195820051e-06, 1.86444424344e-06, 1.20500726553e-06, 7.90548597251e-07, 6.23331288807e-07, 4.47416141469e-07], "median": [0.00301691377535, 0.00177493924275, 0.00110357231461, 0.00132218631916, 0.000799102068413, 0.000369645596948, 0.000319449289236, 9.59469762165e-05, 6.74605471431e-05, 5.55455189897e-05, 3.45975277014e-05, 2.02380360861e-05, 1.20626009448e-05, 1.54246590682e-05, 1.24487251014e-05, 1.37397055369e-05, 1.21501998365e-05, 7.12726023266e-06, 5.17103717357e-06, 4.09410222346e-06, 3.56920918421e-06, 2.84530597128e-06, 3.77164542442e-06, 4.83812527818e-06, 3.59319415111e-06, 2.7088144634e-06, 2.23873576033e-06, 1.29262593873e-06, 6.30115664535e-07, 5.88080752095e-07, 5.40029191143e-07, 4.93507059218e-07, 5.52059987058e-07, 4.35509775798e-07, 2.45420039846e-07, 1.54484666837e-07, 1.33138470915e-07, 9.07636774627e-08, 7.45067723074e-08, 5.65149775866e-08], "min": [5.14968911688e-24, 8.39512086223e-24, 6.04063887843e-24, 1.07623488661e-23, 9.87962140178e-24, 3.03977708787e-24, 6.87941219641e-24, 1.29658353785e-23, 5.16847031731e-24, 7.52108980052e-24, 1.15281513671e-23, 8.21141724551e-24, 7.21833287371e-24, 3.79291422978e-24, 4.616849863e-24, 5.31017537387e-24, 9.90130482149e-24, 1.67744534623e-23, 1.0432546632e-23, 9.39725662407e-24, 1.30034829763e-23, 1.07573261887e-23, 1.35657112432e-23, 1.04156389762e-23, 5.48562513894e-24, 7.47382204394e-24, 8.58889744385e-24, 1.43372945169e-23, 1.27229159179e-23, 1.20232183831e-23, 1.83804448922e-23, 1.12214422471e-23, 7.87531516824e-24, 1.16593531351e-23, 1.42100796519e-23, 9.90048046184e-24, 1.14414973632e-23, 7.72959362638e-24, 1.06343356739e-23, 1.17644183636e-23], "var": [8.38839150674e-06, 3.00593251268e-06, 2.38109623751e-06, 5.53703102923e-06, 1.35084667363e-06, 7.6631107504e-07, 1.02373667232e-06, 3.2750924106e-07, 1.58513017823e-07, 1.05632835812e-07, 3.01966132099e-08, 1.25935173401e-08, 4.08550571152e-09, 6.81130218894e-09, 4.50012871411e-09, 1.48203653794e-08, 1.01019734799e-08, 6.43578834669e-09, 2.18561191367e-09, 5.58742496715e-10, 6.79407308191e-10, 6.76294464874e-10, 1.29610733257e-09, 1.8371539845e-09, 4.38126951385e-10, 4.23387214177e-10, 3.91975285563e-10, 1.28637281382e-10, 1.25918178662e-10, 2.49594539481e-10, 2.86866697063e-10, 2.61254434752e-10, 1.7070166114e-10, 1.34692354492e-10, 1.04420409819e-10, 1.02851033246e-10, 4.06737386827e-11, 1.8158254414e-11, 1.25243799706e-11, 5.82816911052e-12]}, "mfcc": {"mean": [-676.161315918, 150.692581177, 17.7198600769, 36.1658439636, 7.66433525085, 7.29461622238, 0.276456922293, 3.50800704956, -8.08711242676, 1.9309002161, 5.90086221695, -1.98326194286, -1.25376784801], "cov": [[14008.6132812, 723.488708496, -389.653381348, 510.268066406, -264.765319824, -126.49848938, -391.431091309, -151.125213623, -403.057739258, 52.7951545715, 219.992370605, -125.845298767, -179.856964111], [723.488708496, 2490.9453125, -45.0974731445, 94.6477127075, 95.3258590698, -1.52660775185, 83.5420608521, 33.4624786377, -75.6313934326, -50.2015838623, -11.9550790787, -53.6872444153, 4.88370943069], [-389.653381348, -45.0974731445, 524.371887207, -45.5104866028, -21.75481987, 74.956199646, 81.1886367798, 20.2554645538, 58.970035553, -14.7870254517, -45.568523407, 32.4392356873, 9.80919742584], [510.268066406, 94.6477127075, -45.5104866028, 286.003326416, 61.7083473206, -10.3486824036, -39.1940498352, 4.82300615311, -3.37539982796, -4.96793460846, -20.0580272675, 0.779002249241, 19.2422447205], [-264.765319824, 95.3258590698, -21.75481987, 61.7083473206, 197.124832153, 17.1708869934, -13.5269384384, -1.53445482254, 29.9323558807, 6.89075946808, -2.34642481804, -1.99617063999, -1.51218521595], [-126.49848938, -1.52660775185, 74.956199646, -10.3486824036, 17.1708869934, 141.399078369, 27.8924541473, -16.5884742737, 16.8668479919, -3.5354321003, -14.8039398193, 5.48940753937, -15.3711004257], [-391.431091309, 83.5420608521, 81.1886367798, -39.1940498352, -13.5269384384, 27.8924541473, 141.998809814, 29.1287765503, 7.9259057045, 4.29663228989, -6.59237575531, -4.31862449646, -2.37265014648], [-151.125213623, 33.4624786377, 20.2554645538, 4.82300615311, -1.53445482254, -16.5884742737, 29.1287765503, 98.3421859741, 7.18082952499, -7.9594502449, 3.47780704498, 2.31164002419, 11.5583543777], [-403.057739258, -75.6313934326, 58.970035553, -3.37539982796, 29.9323558807, 16.8668479919, 7.9259057045, 7.18082952499, 110.002380371, 16.7528572083, -24.0293560028, -3.46907353401, 6.36705780029], [52.7951545715, -50.2015838623, -14.7870254517, -4.96793460846, 6.89075946808, -3.5354321003, 4.29663228989, -7.9594502449, 16.7528572083, 89.599571228, 30.8571395874, -16.2783145905, -10.0210666656], [219.992370605, -11.9550790787, -45.568523407, -20.0580272675, -2.34642481804, -14.8039398193, -6.59237575531, 3.47780704498, -24.0293560028, 30.8571395874, 98.8418045044, 9.08326625824, -14.4432420731], [-125.845298767, -53.6872444153, 32.4392356873, 0.779002249241, -1.99617063999, 5.48940753937, -4.31862449646, 2.31164002419, -3.46907353401, -16.2783145905, 9.08326625824, 90.5223770142, 19.8692035675], [-179.856964111, 4.88370943069, 9.80919742584, 19.2422447205, -1.51218521595, -15.3711004257, -2.37265014648, 11.5583543777, 6.36705780029, -10.0210666656, -14.4432420731, 19.8692035675, 80.6306686401]], "icov": [[0.000106546118332, -3.26601002598e-05, -3.63720682799e-05, -0.000219270819798, 0.000205611169804, -5.8069390434e-06, 0.000265221926384, 7.20259558875e-05, 0.000263769645244, -6.13913653069e-05, -0.000182396819582, 0.000132204659167, 0.000202915354748], [-3.26601002598e-05, 0.000462776748464, 2.71562366834e-05, -5.69750372961e-05, -0.000330270646373, 2.39005203184e-05, -0.000432228436694, -7.11026077624e-05, 0.000283280416625, 0.000293157587294, 2.89046693069e-05, 0.000284941110294, -0.000145726240589], [-3.63720682799e-05, 2.71562366834e-05, 0.0025106545072, 0.000263658032054, 0.000302501372062, -0.00093513581669, -0.00113690178841, -0.000307412585244, -0.0011565865716, 0.000167081772815, 0.000840016407892, -0.000994880916551, -0.000105390958197], [-0.000219270819798, -5.69750372961e-05, 0.000263658032054, 0.00457489071414, -0.00162913254462, 3.49782494595e-05, 0.000572881952394, -0.000719552801456, 3.79139855795e-05, -0.000312814692734, 0.00153400411364, -0.000414925278164, -0.00117824005429], [0.000205611169804, -0.000330270646373, 0.000302501372062, -0.00162913254462, 0.00643859989941, -0.000882090767846, 0.000965549668763, 0.000147639788338, -0.00156106310897, -0.000248828640906, -0.000809282937553, 5.07756049046e-05, 0.000725342077203], [-5.8069390434e-06, 2.39005203184e-05, -0.00093513581669, 3.49782494595e-05, -0.000882090767846, 0.00860333908349, -0.00159663287923, 0.00194758945145, -0.000634912052192, 0.000461156858364, 0.000717566232197, -0.000735922600143, 0.00180574506521], [0.000265221926384, -0.000432228436694, -0.00113690178841, 0.000572881952394, 0.000965549668763, -0.00159663287923, 0.00982339121401, -0.00268766679801, 0.00100403418764, -0.00144330761395, 0.000189576923731, 0.00080171704758, 0.000585191824939], [7.20259558875e-05, -7.11026077624e-05, -0.000307412585244, -0.000719552801456, 0.000147639788338, 0.00194758945145, -0.00268766679801, 0.0119557771832, -0.00117545539979, 0.00186978641432, -0.00182856235188, 0.00034934701398, -0.0011332341237], [0.000263769645244, 0.000283280416625, -0.0011565865716, 3.79139855795e-05, -0.00156106310897, -0.000634912052192, 0.00100403418764, -0.00117545539979, 0.0126263117418, -0.00354331475683, 0.00296792085283, 0.000648886663839, -0.000315079785651], [-6.13913653069e-05, 0.000293157587294, 0.000167081772815, -0.000312814692734, -0.000248828640906, 0.000461156858364, -0.00144330761395, 0.00186978641432, -0.00354331475683, 0.0147998705506, -0.00566054554656, 0.00296456436627, 4.70525446872e-05], [-0.000182396819582, 2.89046693069e-05, 0.000840016407892, 0.00153400411364, -0.000809282937553, 0.000717566232197, 0.000189576923731, -0.00182856235188, 0.00296792085283, -0.00566054554656, 0.0144783966243, -0.00335087673739, 0.00199377629906], [0.000132204659167, 0.000284941110294, -0.000994880916551, -0.000414925278164, 5.07756049046e-05, -0.000735922600143, 0.00080171704758, 0.00034934701398, 0.000648886663839, 0.00296456436627, -0.00335087673739, 0.0134456930682, -0.00326448422857], [0.000202915354748, -0.000145726240589, -0.000105390958197, -0.00117824005429, 0.000725342077203, 0.00180574506521, 0.000585191824939, -0.0011332341237, -0.000315079785651, 4.70525446872e-05, 0.00199377629906, -0.00326448422857, 0.0148875126615]]}, "spectral_contrast_coeffs": {"dmean": [0.0489506348968, 0.0432031340897, 0.0333495140076, 0.028742691502, 0.0245418250561, 0.0187207274139], "dmean2": [0.0807159021497, 0.0709774941206, 0.0533335916698, 0.0460383147001, 0.0377001576126, 0.0279087591916], "dvar": [0.00162797153462, 0.00138567539398, 0.000803197384812, 0.000661094440147, 0.00056627637241, 0.000339142745361], "dvar2": [0.00433331122622, 0.003536432283, 0.00190551613923, 0.00153494230472, 0.00118320540059, 0.000689027307089], "max": [-0.391093969345, -0.428679347038, -0.516510903835, -0.546473860741, -0.523310303688, -0.563095867634], "mean": [-0.646061778069, -0.682058215141, -0.757127583027, -0.769774198532, -0.767248809338, -0.762083768845], "median": [-0.639739155769, -0.67935192585, -0.758583307266, -0.77034008503, -0.767237663269, -0.761030673981], "min": [-0.966524362564, -0.970684289932, -0.970550537109, -0.987051308155, -0.977860927582, -0.959533631802], "var": [0.00695167016238, 0.00681905727834, 0.00465090945363, 0.00389425316826, 0.00421906681731, 0.00306493206881]}, "spectral_contrast_valleys": {"dmean": [0.336325347424, 0.320652604103, 0.291233748198, 0.283197879791, 0.304032832384, 0.395834743977], "dmean2": [0.547907114029, 0.52838742733, 0.468799978495, 0.442259520292, 0.43998286128, 0.515355527401], "dvar": [0.102899596095, 0.0929027348757, 0.0812012478709, 0.0928822383285, 0.138336524367, 0.235497742891], "dvar2": [0.23236964643, 0.204640328884, 0