{"lowlevel": {"average_loudness": 0.0952727720141, "barkbands_crest": {"dmean": 1.9559623003, "dmean2": 2.92827701569, "dvar": 3.45132923126, "dvar2": 7.71404075623, "max": 26.9169960022, "mean": 14.054851532, "median": 13.048828125, "min": 3.91666603088, "var": 29.1739635468}, "barkbands_flatness_db": {"dmean": 0.0171746984124, "dmean2": 0.0254491530359, "dvar": 0.000399258249672, "dvar2": 0.000755225308239, "max": 0.992574095726, "mean": 0.300692200661, "median": 0.291606664658, "min": 0.0755384489894, "var": 0.0101383524016}, "barkbands_kurtosis": {"dmean": 28.5664424896, "dmean2": 51.2071914673, "dvar": 373991.21875, "dvar2": 731017.1875, "max": 31382.7539062, "mean": 454.782287598, "median": 3.58249330521, "min": -1.83915352821, "var": 12760931}, "barkbands_skewness": {"dmean": 0.523649334908, "dmean2": 0.745241761208, "dvar": 2.2622153759, "dvar2": 3.72827887535, "max": 93.0498580933, "mean": 3.34337568283, "median": 1.80118751526, "min": -1.98539209366, "var": 113.169822693}, "barkbands_spread": {"dmean": 1.57626080513, "dmean2": 2.19812560081, "dvar": 3.54000639915, "dvar2": 6.37535095215, "max": 49.2084999084, "mean": 7.74446344376, "median": 5.81966304779, "min": 0.00372921815142, "var": 40.7486419678}, "dissonance": {"dmean": 0.031810823828, "dmean2": 0.0535674877465, "dvar": 0.000912024115678, "dvar2": 0.00243792170659, "max": 0.499999970198, "mean": 0.417066425085, "median": 0.425089716911, "min": 0.214825764298, "var": 0.00270595541224}, "dynamic_complexity": 8.35276317596, "erbbands_crest": {"dmean": 2.29296875, "dmean2": 3.40991187096, "dvar": 4.76472902298, "dvar2": 10.7109107971, "max": 35.2745857239, "mean": 13.7599229813, "median": 12.3795700073, "min": 2.17018890381, "var": 34.8231735229}, "erbbands_flatness_db": {"dmean": 0.0132695613429, "dmean2": 0.0190548673272, "dvar": 0.000157528484124, "dvar2": 0.000332454161253, "max": 0.49438482523, "mean": 0.329408884048, "median": 0.335625112057, "min": 0.0651052743196, "var": 0.00369813479483}, "erbbands_kurtosis": {"dmean": 1.28255045414, "dmean2": 1.85243916512, "dvar": 6.22118139267, "dvar2": 12.6189823151, "max": 62.1761779785, "mean": 2.38056373596, "median": 0.122194051743, "min": -1.8306940794, "var": 69.5519104004}, "erbbands_skewness": {"dmean": 0.352562099695, "dmean2": 0.488717377186, "dvar": 0.144473880529, "dvar2": 0.273749917746, "max": 7.76148271561, "mean": 0.968472838402, "median": 0.814272403717, "min": -2.98901176453, "var": 1.75545835495}, "erbbands_spread": {"dmean": 2.95221710205, "dmean2": 4.16060495377, "dvar": 10.7785129547, "dvar2": 20.4202518463, "max": 89.9344940186, "mean": 16.6431179047, "median": 15.1850128174, "min": 1.32959663868, "var": 74.7889633179}, "hfc": {"dmean": 1.57832992077, "dmean2": 2.1825594902, "dvar": 16.35247612, "dvar2": 27.947385788, "max": 136.422210693, "mean": 7.51153993607, "median": 4.4400267601, "min": 1.20265165688e-16, "var": 128.800552368}, "melbands_crest": {"dmean": 2.49241685867, "dmean2": 3.81654882431, "dvar": 5.90490102768, "dvar2": 14.1448450089, "max": 39.9999923706, "mean": 17.6222324371, "median": 16.5182266235, "min": 2.70649433136, "var": 42.7630691528}, "melbands_flatness_db": {"dmean": 0.0182074569166, "dmean2": 0.0268338732421, "dvar": 0.000417233764892, "dvar2": 0.000798591063358, "max": 0.980888485909, "mean": 0.375388950109, "median": 0.370923638344, "min": 0.00922069046646, "var": 0.00911767594516}, "melbands_kurtosis": {"dmean": 1614.44042969, "dmean2": 2904.83374023, "dvar": 1095664000, "dvar2": 2349312256, "max": 1517382.75, "mean": 21082.2636719, "median": 6.26703977585, "min": -1.86747419834, "var": 28729761792}, "melbands_skewness": {"dmean": 1.41259205341, "dmean2": 2.39562678337, "dvar": 653.64453125, "dvar2": 1338.82897949, "max": 1196.2644043, "mean": 19.5970649719, "median": 2.11550283432, "min": -1.58843660355, "var": 19432.9746094}, "melbands_spread": {"dmean": 2.47237300873, "dmean2": 3.4487195015, "dvar": 14.2542858124, "dvar2": 22.3214359283, "max": 147.598846436, "mean": 10.8008337021, "median": 7.99409246445, "min": 0.00064490159275, "var": 87.4804000854}, "pitch_salience": {"dmean": 0.0523577667773, "dmean2": 0.0802098810673, "dvar": 0.0024674537126, "dvar2": 0.00571006443352, "max": 0.824594557285, "mean": 0.450068920851, "median": 0.465097516775, "min": 0.000106108171167, "var": 0.0198682267219}, "silence_rate_20dB": {"dmean": 0, "dmean2": 0, "dvar": 0, "dvar2": 0, "max": 1, "mean": 1, "median": 1, "min": 1, "var": 0}, "silence_rate_30dB": {"dmean": 0.00581254530698, "dmean2": 0.0116279069334, "dvar": 0.00577890407294, "dvar2": 0.0134302023798, "max": 1, "mean": 0.982082307339, "median": 1, "min": 0, "var": 0.0175962205976}, "silence_rate_60dB": {"dmean": 0.0314846225083, "dmean2": 0.0629844963551, "dvar": 0.0304937511683, "dvar2": 0.0696763545275, "max": 1, "mean": 0.305326879025, "median": 0, "min": 0, "var": 0.212101653218}, "spectral_centroid": {"dmean": 94.9086227417, "dmean2": 134.012084961, "dvar": 44775.5820312, "dvar2": 57852.78125, "max": 11114.1806641, "mean": 791.780273438, "median": 644.801635742, "min": 312.535858154, "var": 288279.8125}, "spectral_complexity": {"dmean": 1.13393068314, "dmean2": 1.87984490395, "dvar": 1.33127009869, "dvar2": 3.31706213951, "max": 20, "mean": 8.05617427826, "median": 9, "min": 0, "var": 20.4634914398}, "spectral_decrease": {"dmean": 8.60735316355e-10, "dmean2": 1.2373742031e-09, "dvar": 4.04473493796e-18, "dvar2": 7.56150117045e-18, "max": 3.04710133464e-29, "mean": -3.64786045814e-09, "median": -1.84084214538e-09, "min": -5.475096998e-08, "var": 3.58796141965e-17}, "spectral_energy": {"dmean": 0.00338444462977, "dmean2": 0.00485914899036, "dvar": 6.30158610875e-05, "dvar2": 0.000117241506814, "max": 0.215924620628, "mean": 0.0144491717219, "median": 0.00736945867538, "min": 1.07934169475e-20, "var": 0.000557373336051}, "spectral_energyband_high": {"dmean": 8.54121708471e-07, "dmean2": 1.28027386381e-06, "dvar": 1.98136871493e-11, "dvar2": 3.95203730852e-11, "max": 0.000123479869217, "mean": 1.91407343664e-06, "median": 4.90828938382e-07, "min": 7.95373902413e-21, "var": 4.62454206873e-11}, "spectral_energyband_low": {"dmean": 7.90595659055e-05, "dmean2": 0.000123058533063, "dvar": 8.67119851478e-08, "dvar2": 2.39698835003e-07, "max": 0.00786969903857, "mean": 0.000139519848744, "median": 7.13336612534e-06, "min": 1.27044748743e-22, "var": 1.69485360857e-07}, "spectral_energyband_middle_high": {"dmean": 0.000362823775504, "dmean2": 0.000460795825347, "dvar": 6.07141203091e-07, "dvar2": 9.96891230898e-07, "max": 0.0339443236589, "mean": 0.00146572105587, "median": 0.000978079158813, "min": 1.21385806446e-21, "var": 4.28318389822e-06}, "spectral_energyband_middle_low": {"dmean": 0.00330295972526, "dmean2": 0.00473819859326, "dvar": 5.97925973125e-05, "dvar2": 0.000112214896944, "max": 0.213757842779, "mean": 0.0130147635937, "median": 0.00618623243645, "min": 4.32527208918e-22, "var": 0.000507159915287}, "spectral_entropy": {"dmean": 0.148351415992, "dmean2": 0.22761015594, "dvar": 0.0185687988997, "dvar2": 0.0421987809241, "max": 9.79866981506, "mean": 6.14064264297, "median": 6.08735847473, "min": 4.74789142609, "var": 0.306836485863}, "spectral_flux": {"dmean": 0.0101391980425, "dmean2": 0.0168037358671, "dvar": 0.000326570763718, "dvar2": 0.000821886816993, "max": 0.362063467503, "mean": 0.030844617635, "median": 0.0268732309341, "min": 1.03891367731e-10, "var": 0.000686560291797}, "spectral_kurtosis": {"dmean": 13.3251132965, "dmean2": 23.3775978088, "dvar": 158.014144897, "dvar2": 469.674743652, "max": 132.320281982, "mean": 38.937789917, "median": 34.6697921753, "min": -1.24004113674, "var": 509.042297363}, "spectral_rms": {"dmean": 0.000356568751158, "dmean2": 0.000509766221512, "dvar": 2.96948655887e-07, "dvar2": 5.5437408264e-07, "max": 0.0145140681416, "mean": 0.00296909688041, "median": 0.00268136430532, "min": 3.24502122222e-12, "var": 5.28122654941e-06}, "spectral_rolloff": {"dmean": 153.413009644, "dmean2": 257.00201416, "dvar": 145523.515625, "dvar2": 205782.859375, "max": 18518.5546875, "mean": 873.249206543, "median": 710.595703125, "min": 21.533203125, "var": 353830.46875}, "spectral_skewness": {"dmean": 0.848977863789, "dmean2": 1.48291122913, "dvar": 0.549452424049, "dvar2": 1.68412494659, "max": 9.17922019958, "mean": 4.12206792831, "median": 3.95852923393, "min": -0.0397748686373, "var": 1.96832072735}, "spectral_spread": {"dmean": 221956.109375, "dmean2": 378312.46875, "dvar": 349065314304, "dvar2": 434104172544, "max": 41781540, "mean": 1757299.25, "median": 1396473.25, "min": 548224.25, "var": 2170078101500.0}, "spectral_strongpeak": {"dmean": 0.300486087799, "dmean2": 0.476562172174, "dvar": 0.208190262318, "dvar2": 0.455668956041, "max": 12.7521104813, "mean": 1.06303334236, "median": 0.75842499733, "min": 0, "var": 1.27714323997}, "zerocrossingrate": {"dmean": 0.00340803526342, "dmean2": 0.00394019763917, "dvar": 4.43283388449e-05, "dvar2": 3.05192261294e-05, "max": 0.486328125, "mean": 0.0315517187119, "median": 0.029296875, "min": 0, "var": 0.0002359689679}, "barkbands": {"dmean": [2.48300398198e-06, 3.79281004825e-07, 1.16780147437e-05, 0.0001584746351, 0.000577857717872, 0.00136600958649, 0.00114763935562, 0.000786059419625, 0.000360874109901, 0.000120438373415, 0.00014672036923, 0.000118520722026, 5.54849139007e-05, 7.97491957201e-05, 5.42541019968e-05, 4.91030987178e-05, 2.21221307584e-05, 1.53970322572e-05, 3.98492602471e-06, 2.31737863032e-06, 3.29144967282e-07, 1.28157594759e-07, 3.50047457687e-08, 2.23310081537e-08, 1.08769251383e-08, 8.73574279581e-09, 9.35916411038e-09], "dmean2": [3.50627306034e-06, 7.19298100194e-07, 1.78352493094e-05, 0.000262045999989, 0.000917244062293, 0.00209653424099, 0.00166070356499, 0.000959728786256, 0.000459016708191, 0.000157579095685, 0.00019171909662, 0.0001418380416, 7.50278122723e-05, 0.000115082759294, 7.85576485214e-05, 7.18115552445e-05, 3.10040959448e-05, 2.12477007153e-05, 5.96097333982e-06, 3.55532824869e-06, 4.84242661969e-07, 1.92061023085e-07, 5.40052305098e-08, 3.40655219588e-08, 1.63696949329e-08, 1.31561694872e-08, 1.44655389889e-08], "dvar": [8.23502030456e-11, 1.01712154324e-11, 1.43797407315e-09, 3.78821852109e-07, 2.87484476758e-06, 1.25080496218e-05, 2.59677926806e-05, 8.97118843568e-06, 7.62462968851e-06, 1.24634709664e-07, 1.69895500335e-07, 1.16000542505e-07, 2.08917185773e-08, 4.46381527297e-08, 1.48761634122e-08, 2.37270452175e-08, 3.18062309823e-09, 2.9386115763e-09, 4.56103710356e-10, 4.05529831937e-10, 2.40248901502e-12, 1.72813380359e-12, 4.07394997186e-14, 2.83050950164e-14, 1.28105845278e-15, 7.38606324319e-16, 7.1297447206e-16], "dvar2": [1.40344319499e-10, 3.02845942768e-11, 3.61522145553e-09, 1.17488627893e-06, 6.81301116856e-06, 2.85609858111e-05, 4.22735356551e-05, 1.6688803953e-05, 1.12803445518e-05, 2.3889023737e-07, 2.99768515788e-07, 1.38171117214e-07, 3.71578217084e-08, 8.89936373483e-08, 2.71978137789e-08, 5.42595515185e-08, 5.469773523e-09, 5.04326669315e-09, 9.93786608561e-10, 9.38240596327e-10, 4.53759599339e-12, 2.76992534812e-12, 9.790259559e-14, 6.61307827617e-14, 2.69335449634e-15, 1.86501302513e-15, 1.78053631172e-15], "max": [0.000230673496844, 9.00890445337e-05, 0.000822339497972, 0.0158167406917, 0.04298312217, 0.144799306989, 0.209417253733, 0.101360522211, 0.18753258884, 0.0182167831808, 0.0181041304022, 0.014361910522, 0.00455670477822, 0.00471630459651, 0.00265682744794, 0.00524225551635, 0.00104165822268, 0.00158169702627, 0.000631555158179, 0.000667959975544, 7.46758450987e-05, 7.11423999746e-05, 8.23982554721e-06, 9.19484773476e-06, 1.30190426262e-06, 7.60430168611e-07, 7.21922788216e-07], "mean": [4.87101215185e-06, 2.60619998471e-07, 2.14511455852e-05, 0.000257583684288, 0.00139943696558, 0.00408922228962, 0.00379394623451, 0.00247956789099, 0.000823484268039, 0.000291401374852, 0.000385037797969, 0.000323981425026, 0.000126504455693, 0.000156792681082, 0.000110794346256, 9.62632402661e-05, 4.77921603306e-05, 3.00864539895e-05, 6.42790519123e-06, 3.12757265419e-06, 6.94153015957e-07, 1.9135597995e-07, 8.36051583519e-08, 6.22849825049e-08, 4.6786283292e-08, 4.48039259027e-08, 4.11068654671e-08], "median": [1.36762446346e-06, 3.51337554605e-08, 9.12656901164e-07, 1.92512943613e-05, 0.000128728235723, 0.000886607449502, 0.000479228503536, 0.000303690263536, 0.000194354739506, 9.48670058278e-05, 9.4758492196e-05, 7.03083787812e-05, 3.13713680953e-05, 4.99221641803e-05, 3.94086200686e-05, 2.19977246161e-05, 1.31553042593e-05, 4.49290200777e-06, 9.41061557569e-07, 2.45462217663e-07, 1.0020312402e-07, 4.47988277585e-08, 2.98712521385e-08, 2.76731881854e-08, 3.0302292231e-08, 3.23408180236e-08, 2.87676389377e-08], "min": [3.52001647709e-24, 1.97613821943e-23, 8.50254730922e-23, 3.5183524539e-23, 3.05194759447e-23, 3.55343530717e-23, 1.0756120967e-22, 6.2719875639e-23, 1.5795787259e-22, 4.22843802467e-23, 2.51115725376e-23, 3.77577480667e-23, 7.9957161683e-23, 7.36729000745e-23, 1.24487514124e-22, 1.07087754288e-22, 1.38112505109e-22, 3.18661107349e-22, 1.70339454706e-22, 3.58834221289e-22, 4.53972310585e-22, 5.49429781262e-22, 6.05811853725e-22, 7.63178017528e-22, 1.16153929461e-21, 2.23839617596e-21, 2.22886421187e-21], "var": [2.37842995299e-10, 5.26339952525e-12, 3.66234020888e-09, 6.22614720669e-07, 1.33358080348e-05, 0.000116642135254, 0.00024198043684, 4.69020451419e-05, 1.98599645955e-05, 4.00375085974e-07, 9.21251512409e-07, 8.92422747256e-07, 7.1951035352e-08, 1.20287140248e-07, 4.53923441057e-08, 4.98124208548e-08, 1.21207710535e-08, 8.65898019953e-09, 7.67043817351e-10, 7.05743241625e-10, 8.79445388041e-12, 2.69700494576e-12, 6.78143861053e-14, 4.38956359596e-14, 5.13241064367e-15, 3.7852623393e-15, 3.64020159434e-15]}, "erbbands": {"dmean": [2.05674423341e-05, 0.000230348756304, 0.011076762341, 0.274875581264, 0.693930327892, 1.94959354401, 11.6085271835, 7.83612394333, 13.954000473, 13.0415420532, 20.3894233704, 9.30324935913, 4.97739315033, 4.89236736298, 3.65106201172, 5.28021097183, 2.69828271866, 4.3738117218, 2.26124405861, 2.83266282082, 1.94380474091, 1.07110321522, 0.867400348186, 0.432040989399, 0.116954535246, 0.113161206245, 0.0239887330681, 0.00922718737274, 0.00619913637638, 0.00185121851973, 0.000928635941818, 0.000668314634822, 0.000256274972344, 0.000141434342368, 7.52734049456e-05, 3.96338145947e-05, 1.8028275008e-05, 6.23477717454e-06, 2.57319629782e-06, 3.81432641916e-06], "dmean2": [3.50502232322e-05, 0.000388251937693, 0.0174583978951, 0.443017601967, 1.15990304947, 3.13374733925, 18.3865375519, 11.7765245438, 20.5761566162, 17.9382190704, 24.8546905518, 11.2449045181, 6.72221326828, 6.3775305748, 4.71735954285, 6.25724172592, 3.5196480751, 6.29629516602, 3.14856481552, 4.15595197678, 2.76283359528, 1.48948812485, 1.24909424782, 0.588932037354, 0.167943298817, 0.172773897648, 0.0351403430104, 0.0138091109693, 0.00925920996815, 0.00281322421506, 0.00146813353058, 0.00101416162215, 0.000398266856791, 0.00021736821509, 0.000115021328384, 6.2447747041e-05, 2.78550542134e-05, 9.44907787925e-06, 3.79775383408e-06, 5.47342688151e-06], "dvar": [8.92252494111e-09, 1.07112680325e-06, 0.0014413848985, 1.06942749023, 5.94933652878, 38.8103065491, 1231.69567871, 582.526794434, 2425.43237305, 3263.41601562, 6220.38330078, 6750.50830078, 431.090637207, 240.268585205, 128.892990112, 231.868453979, 44.7375068665, 126.528625488, 23.7160301208, 45.3781280518, 29.0298233032, 7.51788568497, 7.13583135605, 4.10246562958, 0.334691524506, 1.28514707088, 0.0185623317957, 0.00227633328177, 0.00497062457725, 8.6680331151e-05, 3.59077930625e-05, 3.56733107765e-05, 1.2882911733e-06, 2.32634491226e-07, 4.33975770875e-08, 1.15430811576e-08, 2.81003176283e-09, 3.50819623351e-10, 3.12765126298e-11, 7.98811711222e-11], "dvar2": [2.58787871132e-08, 3.14761018672e-06, 0.00388184119947, 3.16228318214, 16.9719486237, 95.591758728, 3197.58203125, 1043.18444824, 4406.19433594, 5229.00976562, 11596.6787109, 9785.32910156, 782.611877441, 434.153015137, 211.891372681, 261.239349365, 78.5184249878, 258.434783936, 40.5315895081, 96.0961380005, 59.2744560242, 12.3354310989, 14.2449836731, 6.36942243576, 0.67901724577, 2.99355649948, 0.0338771864772, 0.00424018222839, 0.00765437213704, 0.000202053415705, 8.89089133125e-05, 8.47222399898e-05, 3.12738916364e-06, 4.66543582434e-07, 9.98995588475e-08, 2.87899464269e-08, 6.98178315162e-09, 8.78238148871e-10, 7.074767161e-11, 1.47905271364e-10], "max": [0.00292910449207, 0.0265409164131, 0.974912762642, 27.5140209198, 93.5377044678, 229.35244751, 1312.97302246, 800.601989746, 1838.34484863, 2339.14526367, 2675.40478516, 5767.80615234, 868.570007324, 822.136413574, 481.691040039, 704.54675293, 219.91583252, 256.595672607, 138.120452881, 167.956985474, 142.545852661, 59.9355201721, 55.6587638855, 62.1310691833, 19.1444835663, 39.5808181763, 4.4386920929, 1.64898693562, 3.89144158363, 0.337810456753, 0.275938510895, 0.324602782726, 0.0467432327569, 0.0201753024012, 0.00497417198494, 0.00305731291883, 0.00149898254313, 0.000511826423462, 0.000117114257591, 0.000243104601395], "mean": [3.43946630892e-05, 0.000380201992812, 0.0209923442453, 0.484793812037, 1.48810684681, 4.63583517075, 31.7654018402, 22.8693637848, 43.4813499451, 49.6725730896, 62.6372032166, 22.9648780823, 11.2987327576, 13.7512216568, 9.57539749146, 15.1062669754, 6.65378475189, 9.96206951141, 5.42212963104, 5.86964035034, 4.36691617966, 2.64844059944, 1.84667015076, 0.806718885899, 0.211419045925, 0.15351831913, 0.0495863631368, 0.0176333319396, 0.00935890804976, 0.00370843615383, 0.00221582339145, 0.00160698045511, 0.00082448287867, 0.000530588091351, 0.000335558521328, 0.00018707352865, 8.72626260389e-05, 2.94225392281e-05, 1.30928992803e-05, 1.69065642694e-05], "median": [1.2804817743e-05, 6.49704088573e-05, 0.00175431114621, 0.0453260615468, 0.250550746918, 0.439395725727, 2.66626524925, 6.28708267212, 8.77755260468, 7.85131502151, 9.48595619202, 5.90122509003, 3.93000054359, 3.15287423134, 3.07964920998, 3.54312324524, 2.5753993988, 3.52933955193, 2.52457785606, 2.36326384544, 1.41528367996, 0.890585303307, 0.440845429897, 0.130987346172, 0.03363173455, 0.0135195814073, 0.00648458488286, 0.00313404807821, 0.00185671879444, 0.00126717879903, 0.000844994676299, 0.000616852659732, 0.000462842086563, 0.000339655292919, 0.000229619792663, 0.000135916779982, 6.40678263153e-05, 2.04874922929e-05, 8.66972186486e-06, 9.07826506591e-06], "min": [5.29637374746e-22, 5.82027462668e-21, 7.34444166233e-20, 1.25305222448e-19, 8.62170610958e-20, 8.84524003789e-20, 3.30112996616e-19, 2.50139546483e-19, 1.15003158378e-18, 1.27471758399e-18, 2.18984507324e-18, 4.32972264722e-18, 9.92206660275e-19, 1.75641876908e-18, 1.37378497345e-18, 1.46421897546e-18, 3.77056054726e-18, 3.37289698329e-18, 7.08384489855e-18, 4.77525081054e-18, 6.90176466134e-18, 9.51511152576e-18, 1.70854320959e-17, 1.04817266654e-17, 7.52460477922e-18, 1.54799721342e-17, 1.97568896391e-17, 1.91312317305e-17, 1.9601993452e-17, 1.74388235059e-17, 1.78847896614e-17, 1.58924308574e-17, 1.29864105351e-17, 1.19877901232e-17, 8.13737107802e-18, 9.55787593625e-18, 3.98615111185e-18, 1.17592616266e-18, 3.28171681267e-19, 3.2454069442e-20], "var": [7.38196792582e-09, 1.15817431379e-06, 0.00325481314212, 1.91485273838, 20.6424484253, 157.007202148, 10555.3964844, 2658.39819336, 19090.7402344, 32831.8828125, 31149.3710938, 17574.2617188, 1076.6829834, 1494.05383301, 491.241546631, 1942.77368164, 154.303771973, 390.493041992, 88.338722229, 105.598205566, 89.7891616821, 34.2256164551, 20.7396526337, 10.8088159561, 0.768074095249, 2.23050189018, 0.0516499988735, 0.0060947672464, 0.0080488063395, 0.000122744226246, 5.49868527742e-05, 5.4541425925e-05, 2.46849253926e-06, 7.21094977507e-07, 2.22453934384e-07, 6.24728571097e-08, 1.39237803509e-08, 1.79884040996e-09, 2.33048552678e-10, 7.08675840233e-10]}, "gfcc": {"mean": [-224.340698242, 148.123794556, -156.585220337, -58.9691963196, -51.2671546936, -36.792640686, -57.7271385193, -12.3867835999, -16.7767887115, -9.56437206268, -12.8856058121, -5.31427574158, -9.41285896301], "cov": [[23119.1289062, 4274.94677734, -3773.42480469, -2462.15869141, -1557.27441406, -2167.16113281, -1413.68371582, -1392.59118652, -848.723876953, -823.626098633, -356.863494873, -556.110595703, -373.277679443], [4274.94677734, 1444.2376709, -383.410980225, -437.017120361, -82.1358261108, -380.759887695, -302.638977051, -413.387969971, -249.513565063, -298.994750977, -158.895095825, -166.394866943, -43.0132446289], [-3773.42480469, -383.410980225, 1205.06225586, 595.286193848, 359.747039795, 451.727600098, 241.793884277, 94.8235321045, 75.0415496826, 69.580329895, 14.9200792313, 50.0308418274, 73.4198760986], [-2462.15869141, -437.017120361, 595.286193848, 736.553405762, 354.371185303, 284.920410156, 239.395767212, 101.834655762, 12.9469213486, 27.3544788361, -25.8744049072, 3.43275952339, 8.16743278503], [-1557.27441406, -82.1358261108, 359.747039795, 354.371185303, 361.27835083, 233.31640625, 75.8458786011, 53.2583808899, 22.4459838867, -36.5512580872, -66.0588989258, -2.81251478195, -2.82928395271], [-2167.16113281, -380.759887695, 451.727600098, 284.920410156, 233.31640625, 405.492126465, 168.287384033, 98.1376876831, 85.895072937, 66.0079574585, -51.8681793213, 36.9911880493, 17.3798885345], [-1413.68371582, -302.638977051, 241.793884277, 239.395767212, 75.8458786011, 168.287384033, 313.008728027, 119.650054932, 41.8497848511, 78.7411270142, 42.9607086182, -26.4337692261, 8.07060527802], [-1392.59118652, -413.387969971, 94.8235321045, 101.834655762, 53.2583808899, 98.1376876831, 119.650054932, 264.916595459, 124.540000916, 67.395149231, 44.189743042, 27.7191562653, -38.8034133911], [-848.723876953, -249.513565063, 75.0415496826, 12.9469213486, 22.4459838867, 85.895072937, 41.8497848511, 124.540000916, 211.128448486, 110.836502075, 5.82341098785, 15.9360980988, -9.8409538269], [-823.626098633, -298.994750977, 69.580329895, 27.3544788361, -36.5512580872, 66.0079574585, 78.7411270142, 67.395149231, 110.836502075, 190.093704224, 78.7489852905, -2.72829294205, -3.37030529976], [-356.863494873, -158.895095825, 14.9200792313, -25.8744049072, -66.0588989258, -51.8681793213, 42.9607086182, 44.189743042, 5.82341098785, 78.7489852905, 182.176681519, 64.8084106445, -2.4890267849], [-556.110595703, -166.394866943, 50.0308418274, 3.43275952339, -2.81251478195, 36.9911880493, -26.4337692261, 27.7191562653, 15.9360980988, -2.72829294205, 64.8084106445, 164.737197876, 79.1746673584], [-373.277679443, -43.0132446289, 73.4198760986, 8.16743278503, -2.82928395271, 17.3798885345, 8.07060527802, -38.8034133911, -9.8409538269, -3.37030529976, -2.4890267849, 79.1746673584, 144.989578247]], "icov": [[0.000459840783151, -0.00111215631478, 0.000980101642199, -0.000799672794528, 0.00171848549508, -0.00051387026906, 0.000578527688049, 0.000301947438857, -0.000259652879322, 0.000439204450231, -0.000278484163573, 0.000298165919958, 0.000371395522961], [-0.00111215631478, 0.00722055183724, -0.00373608781956, 0.00571058923379, -0.00811217818409, 0.00595858599991, -0.00354873784818, 0.00467341113836, 0.00057229452068, 0.00167159293778, 0.00311135035008, -0.000375861884095, 0.00176109711174], [0.000980101642199, -0.00373608781956, 0.00480689387769, -0.00436238013208, 0.00535660143942, -0.00540978834033, 0.00298691121861, -0.000772016646806, -0.00167817668989, 0.00198683305643, -0.00439391238615, 0.00306824827567, -0.00221196748316], [-0.000799672794528, 0.00571058923379, -0.00436238013208, 0.00929976534098, -0.0104504870251, 0.00778666883707, -0.00615198118612, 0.00386229902506, 0.00274899671786, -0.00195785518736, 0.00629928335547, -0.00408107321709, 0.00403707521036], [0.00171848549508, -0.00811217818409, 0.00535660143942, -0.0104504870251, 0.0193736366928, -0.0118897790089, 0.00776815414429, -0.00418221345171, -0.00349306943826, 0.00540979625657, -0.00723757548258, 0.00605678046122, -0.00339754112065], [-0.00051387026906, 0.00595858599991, -0.00540978834033, 0.00778666883707, -0.0118897790089, 0.0179122369736, -0.00915081612766, 0.00571484770626, 0.00294117466547, -0.00620517879725, 0.0138823054731, -0.0108958929777, 0.00864882487804], [0.000578527688049, -0.00354873784818, 0.00298691121861, -0.00615198118612, 0.00776815414429, -0.00915081612766, 0.0114512257278, -0.00524559989572, -0.00115115451626, 0.00291569111869, -0.00899336114526, 0.0094983195886, -0.00687362300232], [0.000301947438857, 0.00467341113836, -0.000772016646806, 0.00386229902506, -0.00418221345171, 0.00571484770626, -0.00524559989572, 0.0143648395315, -0.00435837963596, 0.00431084260345, 0.00240027625114, -0.00249421107583, 0.00691456533968], [-0.000259652879322, 0.00057229452068, -0.00167817668989, 0.00274899671786, -0.00349306943826, 0.00294117466547, -0.00115115451626, -0.00435837963596, 0.0122357308865, -0.00982376933098, 0.00718655344099, -0.00529057346284, 0.00228769751266], [0.000439204450231, 0.00167159293778, 0.00198683305643, -0.00195785518736, 0.00540979625657, -0.00620517879725, 0.00291569111869, 0.00431084260345, -0.00982376933098, 0.0209726449102, -0.0128957340494, 0.0124251097441, -0.0046140155755], [-0.000278484163573, 0.00311135035008, -0.00439391238615, 0.00629928335547, -0.00723757548258, 0.0138823054731, -0.00899336114526, 0.00240027625114, 0.00718655344099, -0.0128957340494, 0.0234423670918, -0.017322761938, 0.0114638041705], [0.000298165919958, -0.000375861884095, 0.00306824827567, -0.00408107321709, 0.00605678046122, -0.0108958929777, 0.0094983195886, -0.00249421107583, -0.00529057346284, 0.0124251097441, -0.017322761938, 0.0247638504952, -0.0143301095814], [0.000371395522961, 0.00176109711174, -0.00221196748316, 0.00403707521036, -0.00339754112065, 0.00864882487804, -0.00687362300232, 0.00691456533968, 0.00228769751266, -0.0046140155755, 0.0114638041705, -0.0143301095814, 0.0184685457498]]}, "melbands": {"dmean": [2.08660026146e-07, 2.6788395644e-06, 5.96466888965e-05, 7.77369205025e-05, 0.000321197498124, 0.000195808388526, 0.000231519690715, 0.000137134891702, 0.000157746588229, 5.34795108251e-05, 2.29536326515e-05, 1.84196996997e-05, 1.35307236633e-05, 1.19343421829e-05, 1.07730220407e-05, 6.60892237647e-06, 9.33790488489e-06, 3.47874470208e-06, 4.69648421131e-06, 4.21832965003e-06, 2.09038967114e-06, 1.28895487705e-06, 8.95092227893e-07, 7.13076360626e-07, 3.54757162313e-07, 9.84496466572e-08, 9.6786635595e-08, 6.3956903773e-08, 1.86875475094e-08, 9.07515396165e-09, 4.74990935473e-09, 4.48618253657e-09, 1.71797487347e-09, 9.20282849926e-10, 5.91911519798e-10, 5.22861642871e-10, 3.96984528583e-10, 1.82568210549e-10, 1.62851634955e-10, 1.31632246769e-10], "dmean2": [3.42237655104e-07, 4.13548696088e-06, 9.8482320027e-05, 0.000124127633171, 0.000506820972078, 0.000296468817396, 0.000336306868121, 0.000185768745723, 0.000193364030565, 6.53447932564e-05, 3.14802637149e-05, 2.39978144236e-05, 1.7806312826e-05, 1.41185764733e-05, 1.33388866743e-05, 8.84243308974e-06, 1.35626432893e-05, 4.80261496705e-06, 6.83213238517e-06, 6.26407063464e-06, 2.93398034046e-06, 1.79986136573e-06, 1.28487783968e-06, 9.78862317425e-07, 4.93174184157e-07, 1.408513981e-07, 1.4673481985e-07, 9.79554002356e-08, 2.82772418814e-08, 1.40985481067e-08, 7.16320514016e-09, 6.6682503963e-09, 2.71741629199e-09, 1.41661793407e-09, 9.38655375649e-10, 8.30610025204e-10, 6.15527240289e-10, 2.89724189084e-10, 2.61789007139e-10, 2.05612415982e-10], "dvar": [9.48194430958e-13, 7.8777658008e-11, 4.86052265103e-08, 6.78667930742e-08, 8.99199392279e-07, 2.85759512053e-07, 8.41090979975e-07, 2.97875999422e-07, 3.42548560184e-07, 2.8653974482e-07, 8.04625699402e-09, 3.36476890794e-09, 1.41653788699e-09, 1.23898913351e-09, 1.09584519237e-09, 3.31257521413e-10, 6.49184928037e-10, 7.12513520407e-11, 1.28906427199e-10, 2.07460826296e-10, 3.47947885782e-11, 1.14710498045e-11, 7.50816422923e-12, 7.97274139069e-12, 3.35674305192e-12, 4.47907525956e-13, 5.7050127426e-13, 4.13253714018e-13, 1.91651707525e-14, 1.54112467264e-15, 8.68887667843e-16, 3.59184194228e-15, 1.06721168418e-16, 1.68183983418e-17, 1.00489887823e-17, 1.57642724564e-17, 1.32986455737e-17, 5.32218294175e-19, 3.10592051148e-19, 1.96814456491e-19], "dvar2": [2.56225964924e-12, 2.02084043943e-10, 1.51406311488e-07, 1.63110570384e-07, 2.31716421695e-06, 5.42093630429e-07, 1.44150999404e-06, 4.83236362925e-07, 6.48938282666e-07, 4.13488578488e-07, 1.59538018352e-08, 6.05748784466e-09, 2.44193865129e-09, 1.34409050556e-09, 1.56132928808e-09, 5.63426416633e-10, 1.32731503566e-09, 1.15762156805e-10, 2.40153286146e-10, 5.0368587079e-10, 6.4149463519e-11, 1.96374062844e-11, 1.27532533145e-11, 1.53787677037e-11, 5.34076125339e-12, 8.05875060694e-13, 1.36167357771e-12, 9.45207237132e-13, 3.56501937346e-14, 3.6707218855e-15, 1.63864601108e-15, 5.43491024958e-15, 2.72892548614e-16, 4.02314544126e-17, 2.52767287324e-17, 3.84488437966e-17, 3.27187585526e-17, 1.29013126752e-18, 7.55128580008e-19, 3.82998039448e-19], "max": [2.6958898161e-05, 0.000182668067282, 0.0052806804888, 0.0111635783687, 0.0338345095515, 0.0154658518732, 0.0354766100645, 0.0209467317909, 0.0186154805124, 0.0377091988921, 0.00402011116967, 0.00305952131748, 0.00135796458926, 0.00178678613156, 0.00149228598457, 0.000567608803976, 0.000588590337429, 0.000210881713429, 0.000273967074463, 0.000518465880305, 0.000130006257677, 8.20217173896e-05, 9.86816667137e-05, 8.14397935756e-05, 5.16929067089e-05, 2.56359508057e-05, 2.29736888286e-05, 2.29248998949e-05, 5.0133280638e-06, 1.24501252685e-06, 1.1310538639e-06, 3.42450971402e-06, 3.12807287628e-07, 1.51702707285e-07, 1.32314568191e-07, 1.70715082959e-07, 1.98401266971e-07, 3.15769703718e-08, 1.81428596591e-08, 2.22281197892e-08], "mean": [3.00161616451e-07, 4.86006638312e-06, 0.000108340434963, 0.000166763769812, 0.000880512758158, 0.000579911458772, 0.000753737462219, 0.000528838078026, 0.000462401221739, 0.00012170393893, 4.93300285598e-05, 5.08699777129e-05, 3.5057306377e-05, 3.52117021976e-05, 2.61269851762e-05, 1.46209849845e-05, 1.9530982172e-05, 7.48375032344e-06, 9.08875153982e-06, 7.69404232415e-06, 4.47605998488e-06, 2.82347991742e-06, 2.02867522603e-06, 1.32067975755e-06, 5.94757125327e-07, 1.64025152571e-07, 1.27703671637e-07, 8.55003960964e-08, 3.54748017628e-08, 1.69333844724e-08, 7.55848983403e-09, 6.05151662114e-09, 2.61466448492e-09, 1.82061521414e-09, 1.29257149428e-09, 1.0472159806e-09, 9.15671760637e-10, 5.34706945388e-10, 5.068524489e-10, 4.3527043081e-10], "median": [8.10483413716e-08, 2.43397039412e-07, 1.20423655972e-05, 1.99276419153e-05, 7.16887734598e-05, 0.000153545697685, 0.000121689183288, 8.52242083056e-05, 7.11943284841e-05, 2.74580634141e-05, 1.51985714183e-05, 9.81396078714e-06, 9.43017766986e-06, 7.68294921727e-06, 6.17393607172e-06, 3.0713445085e-06, 5.85799307373e-06, 2.9458433346e-06, 3.06910692416e-06, 2.01917055165e-06, 1.08402696242e-06, 7.51278435018e-07, 4.4001274091e-07, 1.66375798472e-07, 6.12130151012e-08, 1.84877002596e-08, 1.06170450209e-08, 6.20715967514e-09, 3.51159012979e-09, 2.21551621493e-09, 1.20308318863e-09, 9.91105864045e-10, 7.30099480872e-10, 5.84022941119e-10, 4.61452459577e-10, 3.79573178444e-10, 3.49186152215e-10, 3.10619724386e-10, 2.9229527132e-10, 2.70080097176e-10], "min": [4.80589998451e-24, 2.85036365648e-23, 2.15751059441e-23, 5.09232946274e-24, 1.02836270481e-23, 5.89213936289e-24, 1.93122000617e-23, 1.25044006583e-23, 2.16172358496e-23, 2.42980723509e-23, 3.97236115306e-24, 7.18155933375e-24, 4.14412023238e-24, 3.84136212228e-24, 5.04957675155e-24, 9.6409578458e-24, 5.34306614045e-24, 1.18275209252e-23, 6.84366417563e-24, 5.06137337753e-24, 9.68643804357e-24, 8.4184798225e-24, 1.79567350782e-23, 1.12838230009e-23, 8.34168342451e-24, 5.75482707829e-24, 5.89929235915e-24, 1.15806153504e-23, 1.24070063132e-23, 1.20580797242e-23, 1.06952160142e-23, 1.11070834483e-23, 1.09489570687e-23, 9.3212388318e-24, 1.12588350429e-23, 9.74761815107e-24, 9.05179550101e-24, 8.81265389532e-24, 9.36297430685e-24, 1.07792762434e-23], "var": [9.55670655459e-13, 1.87675319729e-10, 9.76171889988e-08, 2.65259643584e-07, 7.42383372199e-06, 1.77026095116e-06, 7.28225313651e-06, 2.92347681352e-06, 1.65735536939e-06, 7.38878611628e-07, 1.90696791691e-08, 2.09845367749e-08, 6.37591268671e-09, 1.13896483356e-08, 5.31018962135e-09, 1.11220632704e-09, 1.86021897886e-09, 2.2949163403e-10, 3.38155198287e-10, 3.4324315612e-10, 1.28728444571e-10, 4.71620659193e-11, 2.92045866657e-11, 2.10898937203e-11, 7.86938916808e-12, 1.03791291967e-12, 9.32860234372e-13, 7.53112307759e-13, 4.70955536396e-14, 4.80568631899e-15, 1.90821276423e-15, 5.65040517224e-15, 1.14844313644e-16, 2.56386500289e-17, 1.53829306135e-17, 2.55378679974e-17, 1.76438766167e-17, 9.91761326913e-19, 7.86217853138e-19, 5.65302985437e-19]}, "mfcc": {"mean": [-849.821594238, 191.154571533, -45.4674987793, -30.7423686981, -5.67747545242, -30.6227054596, -33.9651184082, -20.6027450562, -15.3584804535, -13.7334680557, -8.64673900604, -4.96786928177, -6.6778254509], "cov": [[9322.39941406, 5065.28710938, -2056.2734375, -700.092407227, -581.387390137, -1042.71972656, -849.026489258, -806.55279541, -840.518127441, -787.436218262, -602.232910156, -272.142120361, -247.91519165], [5065.28710938, 3272.31420898, -968.081787109, -590.426818848, -171.165023804, -573.541748047, -572.949401855, -471.593811035, -489.781890869, -520.792785645, -415.073699951, -223.707199097, -178.261154175], [-2056.2734375, -968.081787109, 749.035644531, 232.976165771, 177.426086426, 344.138946533, 207.791702271, 159.21446228, 184.096786499, 144.155441284, 57.2280426025, 7.88185834885, 33.2282409668], [-700.092407227, -590.426818848, 232.976165771, 406.319610596, 96.2258758545, 147.863082886, 207.09753418, 91.7247772217, 67.9443817139, 82.2368774414, 35.3199462891, -1.93839716911, 3.17164421082], [-581.387390137, -171.165023804, 177.426086426, 96.2258758545, 329.358795166, 174.069198608, 11.5162420273, 95.7278213501, 79.4019851685, -14.1254024506, -10.4875040054, -20.8116340637, -29.1458454132], [-1042.71972656, -573.541748047, 344.138946533, 147.863082886, 174.069198608, 371.884918213, 171.392288208, 86.7111663818, 158.829589844, 84.1598205566, 3.79068684578, 2.70976352692, 15.2340259552], [-849.026489258, -572.949401855, 207.791702271, 207.09753418, 11.5162420273, 171.392288208, 294.712249756, 119.98740387, 55.0938453674, 99.4646453857, 55.5440444946, 7.40622234344, 12.6046028137], [-806.55279541, -471.593811035, 159.21446228, 91.7247772217, 95.7278213501, 86.7111663818, 119.98740387, 214.078735352, 120.177185059, 37.436000824, 68.1451263428, 26.9054965973, -1.98568272591], [-840.518127441, -489.781890869, 184.096786499, 67.9443817139, 79.4019851685, 158.829589844, 55.0938453674, 120.177185059, 244.170669556, 131.75100708, 33.6177253723, 37.4716796875, 28.6424179077], [-787.436218262, -520.792785645, 144.155441284, 82.2368774414, -14.1254024506, 84.1598205566, 99.4646453857, 37.436000824, 131.75100708, 245.977157593, 145.525512695, 43.7754364014, 51.7601547241], [-602.232910156, -415.073699951, 57.2280426025, 35.3199462891, -10.4875040054, 3.79068684578, 55.5440444946, 68.1451263428, 33.6177253723, 145.525512695, 232.565795898, 104.664253235, 26.9330120087], [-272.142120361, -223.707199097, 7.88185834885, -1.93839716911, -20.8116340637, 2.70976352692, 7.40622234344, 26.9054965973, 37.4716796875, 43.7754364014, 104.664253235, 169.932296753, 82.9476318359], [-247.91519165, -178.261154175, 33.2282409668, 3.17164421082, -29.1458454132, 15.2340259552, 12.6046028137, -1.98568272591, 28.6424179077, 51.7601547241, 26.9330120087, 82.9476318359, 160.361053467]], "icov": [[0.00602280534804, -0.00858804490417, 0.00840768311173, -0.00909571815282, 0.0092300856486, -0.00925992336124, 0.00948650110513, -0.00874806474894, 0.00811708066612, -0.00651422841474, 0.00489359814674, -0.00388160324655, 0.00174419640098], [-0.00858804490417, 0.0134118720889, -0.0114266658202, 0.0136735942215, -0.0137193342671, 0.0138389524072, -0.0134672457352, 0.0137358354405, -0.0113052073866, 0.00999348703772, -0.00623731594533, 0.00585440173745, -0.00203731656075], [0.00840768311173, -0.0114266658202, 0.014834176749, -0.0131426639855, 0.0129758901894, -0.0153916208073, 0.0145918568596, -0.0139838224277, 0.0130573166534, -0.0106921754777, 0.00808291696012, -0.00532637117431, 0.00249909656122], [-0.00909571815282, 0.0136735942215, -0.0131426639855, 0.0188430380076, -0.0163447316736, 0.0164611637592, -0.0190586503595, 0.0165346637368, -0.0142753720284, 0.0115148201585, -0.00782323908061, 0.00644081551582, -0.00252753356472], [0.0092300856486, -0.0137193342671, 0.0129758901894, -0.0163447316736, 0.0214868541807, -0.0202047359198, 0.0210293922573, -0.0205716844648, 0.0168443545699, -0.0129143893719, 0.0091997096315, -0.00657803937793, 0.00358758121729], [-0.00925992336124, 0.0138389524072, -0.0153916208073, 0.0164611637592, -0.0202047359198, 0.0274572335184, -0.0254952255636, 0.0254034288228, -0.0243833232671, 0.0187279302627, -0.0122907292098, 0.00859050266445, -0.00409929454327], [0.00948650110513, -0.0134672457352, 0.0145918568596, -0.0190586503595, 0.0210293922573, -0.0254952255636, 0.0337496884167, -0.0307265166193, 0.0289419814944, -0.024390745908, 0.0173033382744, -0.0104863084853, 0.00548094604164], [-0.00874806474894, 0.0137358354405, -0.0139838224277, 0.0165346637368, -0.0205716844648, 0.0254034288228, -0.0307265166193, 0.0411444678903, -0.0348501689732, 0.0312882550061, -0.0232726000249, 0.0136736147106, -0.0059507037513], [0.00811708066612, -0.0113052073866, 0.0130573166534, -0.0142753720284, 0.0168443545699, -0.0243833232671, 0.0289419814944, -0.0348501689732, 0.0406705476344, -0.0337155126035, 0.0256981365383, -0.0158205889165, 0.00771532673389], [-0.00651422841474, 0.00999348703772, -0.0106921754777, 0.0115148201585, -0.0129143893719, 0.0187279302627, -0.024390745908, 0.0312882550061, -0.0337155126035, 0.0382801406085, -0.0279870461673, 0.016856238246, -0.00914813484997], [0.00489359814674, -0.00623731594533, 0.00808291696012, -0.00782323908061, 0.0091997096315, -0.0122907292098, 0.0173033382744, -0.0232726000249, 0.0256981365383, -0.0279870461673, 0.0287948530167, -0.0170345250517, 0.00872164964676], [-0.00388160324655, 0.00585440173745, -0.00532637117431, 0.00644081551582, -0.00657803937793, 0.00859050266445, -0.0104863084853, 0.0136736147106, -0.0158205889165, 0.016856238246, -0.0170345250517, 0.0191788077354, -0.00920914672315], [0.00174419640098, -0.00203731656075, 0.00249909656122, -0.00252753356472, 0.00358758121729, -0.00409929454327, 0.00548094604164, -0.0059507037513, 0.00771532673389, -0.00914813484997, 0.00872164964676, -0.00920914672315, 0.0116102043539]]}, "spectral_contrast_coeffs": {"dmean": [0.0501783937216, 0.0378498695791, 0.0321493558586, 0.0297454632819, 0.0241839215159, 0.0127517832443], "dmean2": [0.0854942947626, 0.0595323368907, 0.0494681298733, 0.0480641201138, 0.0371636003256, 0.020771369338], "dvar": [0.00163902400527, 0.000992521760054, 0.00072486884892, 0.000622738385573, 0.00048660786706, 0.000177750756848], "dvar2": [0.00466961693019, 0.00249585928395, 0.00170731020626, 0.0015592649579, 0.00109866424464, 0.000407304876717], "max": [-0.192356020212, -0.327809810638, -0.37451428175, -0.539769768715, -0.510355710983, -0.660535395145], "mean": [-0.479269146919, -0.664526641369, -0.714178740978, -0.729292094707, -0.720933496952, -0.83648699522], "median": [-0.461512625217, -0.664940834045, -0.714559674263, -0.72626709938, -0.71545958519, -0.840519189835], "min": [-0.950438976288, -0.969936907291, -0.972274303436, -0.990561008453, -0.978729248047, -0.95970761776], "var": [0.0172088742256, 0.00926360487938, 0.0049798595719, 0.00367365335114, 0.00468754395843, 0.00137692538556]}, "spectral_contrast_valleys": {"dmean": [0.646889090538, 0.301904141903, 0.292586177588, 0.28578710556, 0.25084862113, 0.124336741865], "dmean2": [1.12138903141, 0.484676986933, 0.47003158927, 0.474713712931, 0.41164624691, 0.214611768723], "dvar": [0.338322490454, 0.136963292956, 0.129247158766, 0.122904025018, 0.1254688