{"lowlevel": {"average_loudness": 0.483894526958, "barkbands_crest": {"dmean": 1.96431624889, "dmean2": 3.04156208038, "dvar": 4.57925033569, "dvar2": 10.1058616638, "max": 26.4722976685, "mean": 13.7158517838, "median": 12.8581409454, "min": 3.72610330582, "var": 22.4088878632}, "barkbands_flatness_db": {"dmean": 0.02121498622, "dmean2": 0.0312052890658, "dvar": 0.000763951335102, "dvar2": 0.00159278779756, "max": 0.48845204711, "mean": 0.299563199282, "median": 0.302024394274, "min": 0.0438172705472, "var": 0.00359154446051}, "barkbands_kurtosis": {"dmean": 4.35558986664, "dmean2": 6.37304353714, "dvar": 69.4890441895, "dvar2": 140.554595947, "max": 203.050827026, "mean": 11.6957845688, "median": 6.17096138, "min": -1.72866344452, "var": 370.055419922}, "barkbands_skewness": {"dmean": 0.533301532269, "dmean2": 0.778185069561, "dvar": 0.431497961283, "dvar2": 0.908383607864, "max": 13.266043663, "mean": 2.21360373497, "median": 1.97409856319, "min": -2.52209615707, "var": 2.68604421616}, "barkbands_spread": {"dmean": 1.6530944109, "dmean2": 2.54682898521, "dvar": 10.9322090149, "dvar2": 25.2452774048, "max": 111.492362976, "mean": 6.10646677017, "median": 4.55742454529, "min": 0.306464910507, "var": 27.3115386963}, "dissonance": {"dmean": 0.0347090922296, "dmean2": 0.0581135600805, "dvar": 0.00091063673608, "dvar2": 0.00241717300378, "max": 0.500000059605, "mean": 0.39204326272, "median": 0.396561354399, "min": 0.189552813768, "var": 0.00284742098302}, "dynamic_complexity": 5.96602392197, "erbbands_crest": {"dmean": 2.33993148804, "dmean2": 3.53931951523, "dvar": 6.53983879089, "dvar2": 14.7410449982, "max": 31.0325641632, "mean": 14.4413948059, "median": 13.6776227951, "min": 2.77314686775, "var": 27.2051105499}, "erbbands_flatness_db": {"dmean": 0.0166348088533, "dmean2": 0.0238214321434, "dvar": 0.000515091000125, "dvar2": 0.00111404084601, "max": 0.449696034193, "mean": 0.334878712893, "median": 0.339790970087, "min": 0.0442003645003, "var": 0.00215492746793}, "erbbands_kurtosis": {"dmean": 1.51965248585, "dmean2": 2.27877783775, "dvar": 5.71644258499, "dvar2": 11.955742836, "max": 66.503578186, "mean": 3.46646523476, "median": 1.2490029335, "min": -1.75437164307, "var": 45.5668144226}, "erbbands_skewness": {"dmean": 0.34895375371, "dmean2": 0.516490399837, "dvar": 0.184501200914, "dvar2": 0.398020356894, "max": 6.61419343948, "mean": 1.31133520603, "median": 1.19423794746, "min": -1.68443989754, "var": 1.35090339184}, "erbbands_spread": {"dmean": 3.25416660309, "dmean2": 5.00357341766, "dvar": 22.5948619843, "dvar2": 54.4417419434, "max": 64.014289856, "mean": 15.5523939133, "median": 13.6521158218, "min": 1.19729077816, "var": 72.4308929443}, "hfc": {"dmean": 2.61451458931, "dmean2": 3.16038274765, "dvar": 33.2853317261, "dvar2": 51.5774650574, "max": 108.698677063, "mean": 8.0009355545, "median": 3.85581374168, "min": 1.14997269265e-16, "var": 135.718185425}, "melbands_crest": {"dmean": 2.42700242996, "dmean2": 3.79109191895, "dvar": 7.30207967758, "dvar2": 17.1994152069, "max": 33.1558074951, "mean": 16.9266624451, "median": 15.9780473709, "min": 1.8979268074, "var": 33.3524742126}, "melbands_flatness_db": {"dmean": 0.0230454355478, "dmean2": 0.0330018289387, "dvar": 0.00100600230508, "dvar2": 0.00194768852089, "max": 0.573719859123, "mean": 0.379901170731, "median": 0.385509848595, "min": 0.00684581650421, "var": 0.00573878595605}, "melbands_kurtosis": {"dmean": 5.12618732452, "dmean2": 7.51599884033, "dvar": 74.3434066772, "dvar2": 154.374740601, "max": 164.578109741, "mean": 14.9386358261, "median": 8.75362968445, "min": -1.34809863567, "var": 399.525909424}, "melbands_skewness": {"dmean": 0.513706386089, "dmean2": 0.749082803726, "dvar": 0.342277944088, "dvar2": 0.691412329674, "max": 10.3645172119, "mean": 2.46737575531, "median": 2.20413613319, "min": -1.95669603348, "var": 2.23992729187}, "melbands_spread": {"dmean": 2.31079125404, "dmean2": 3.50000524521, "dvar": 25.5216903687, "dvar2": 55.999080658, "max": 156.361297607, "mean": 8.28395652771, "median": 5.94570016861, "min": 0.567350506783, "var": 59.9753799438}, "pitch_salience": {"dmean": 0.056135378778, "dmean2": 0.0867624953389, "dvar": 0.003409326775, "dvar2": 0.00802540872246, "max": 0.843802809715, "mean": 0.505591213703, "median": 0.514004826546, "min": 0.0950696319342, "var": 0.01500011608}, "silence_rate_20dB": {"dmean": 0, "dmean2": 0, "dvar": 0, "dvar2": 0, "max": 1, "mean": 1, "median": 1, "min": 1, "var": 0}, "silence_rate_30dB": {"dmean": 0.00594059424475, "dmean2": 0.0118824951351, "dvar": 0.0059048817493, "dvar2": 0.0137239582837, "max": 1, "mean": 0.992410063744, "median": 1, "min": 0, "var": 0.00753236236051}, "silence_rate_60dB": {"dmean": 0.0576457642019, "dmean2": 0.115194194019, "dvar": 0.0543255545199, "dvar2": 0.109397232533, "max": 1, "mean": 0.288197129965, "median": 0, "min": 0, "var": 0.205133035779}, "spectral_centroid": {"dmean": 90.0950927734, "dmean2": 138.04725647, "dvar": 44483.59375, "dvar2": 85491.0859375, "max": 10605.9853516, "mean": 611.02520752, "median": 500.372467041, "min": 271.345306396, "var": 108717.328125}, "spectral_complexity": {"dmean": 1.44070410728, "dmean2": 2.19276046753, "dvar": 5.06262016296, "dvar2": 9.40676784515, "max": 32, "mean": 7.83126163483, "median": 7, "min": 0, "var": 22.8632240295}, "spectral_decrease": {"dmean": 1.17358678331e-09, "dmean2": 1.48085388396e-09, "dvar": 5.57451242306e-18, "dvar2": 8.32589794733e-18, "max": 5.56750175551e-29, "mean": -3.78082365415e-09, "median": -2.00496619307e-09, "min": -6.18374471628e-08, "var": 2.64382888358e-17}, "spectral_energy": {"dmean": 0.00465369876474, "dmean2": 0.00585767161101, "dvar": 8.69537107064e-05, "dvar2": 0.000129695297801, "max": 0.239363864064, "mean": 0.0149953700602, "median": 0.00795202981681, "min": 1.02204651263e-20, "var": 0.000412289286032}, "spectral_energyband_high": {"dmean": 2.12121885852e-05, "dmean2": 3.16366858897e-05, "dvar": 1.49041863295e-08, "dvar2": 3.88136953688e-08, "max": 0.00585494749248, "mean": 2.33789905906e-05, "median": 1.05585979782e-06, "min": 7.47695825829e-21, "var": 1.46334659945e-08}, "spectral_energyband_low": {"dmean": 0.000146980542922, "dmean2": 0.000231737954891, "dvar": 3.11219025662e-07, "dvar2": 7.21705930573e-07, "max": 0.0166800711304, "mean": 0.000260455446551, "median": 1.66242207342e-05, "min": 2.00239703239e-23, "var": 6.85367183451e-07}, "spectral_energyband_middle_high": {"dmean": 0.000877441198099, "dmean2": 0.000994957401417, "dvar": 6.62138427288e-06, "dvar2": 8.81708456291e-06, "max": 0.0561374612153, "mean": 0.00244045583531, "median": 0.000565752328839, "min": 1.56520585692e-21, "var": 3.15893994411e-05}, "spectral_energyband_middle_low": {"dmean": 0.00401088083163, "dmean2": 0.00526017928496, "dvar": 7.09792875568e-05, "dvar2": 0.000108977648779, "max": 0.237521365285, "mean": 0.0124236801639, "median": 0.00657526869327, "min": 2.63882707064e-22, "var": 0.000317440397339}, "spectral_entropy": {"dmean": 0.180769577622, "dmean2": 0.263469159603, "dvar": 0.0634355098009, "dvar2": 0.132321119308, "max": 9.7853975296, "mean": 6.07103729248, "median": 6.0186624527, "min": 4.79217338562, "var": 0.329880386591}, "spectral_flux": {"dmean": 0.0154707720503, "dmean2": 0.023523716256, "dvar": 0.000643744133413, "dvar2": 0.001388515695, "max": 0.264747411013, "mean": 0.0340950600803, "median": 0.0213487036526, "min": 1.01096318816e-10, "var": 0.00122476660181}, "spectral_kurtosis": {"dmean": 13.8561725616, "dmean2": 23.9915084839, "dvar": 200.700439453, "dvar2": 548.549743652, "max": 178.973129272, "mean": 33.9138679504, "median": 25.740228653, "min": -1.1852183342, "var": 814.908569336}, "spectral_rms": {"dmean": 0.000519553024787, "dmean2": 0.000640909769572, "dvar": 6.50529273116e-07, "dvar2": 9.31586612296e-07, "max": 0.0152815477923, "mean": 0.00315442960709, "median": 0.00278533273377, "min": 3.15771844436e-12, "var": 4.67924382974e-06}, "spectral_rolloff": {"dmean": 138.546005249, "dmean2": 237.405487061, "dvar": 159766.015625, "dvar2": 294881.75, "max": 18949.21875, "mean": 731.318908691, "median": 538.330078125, "min": 279.931640625, "var": 299287.5625}, "spectral_skewness": {"dmean": 0.953730821609, "dmean2": 1.64575886726, "dvar": 0.751599192619, "dvar2": 2.04189038277, "max": 10.7561864853, "mean": 3.63018798828, "median": 3.30660915375, "min": 0.0359051860869, "var": 3.30357408524}, "spectral_spread": {"dmean": 292754.0625, "dmean2": 490894.03125, "dvar": 243206914048, "dvar2": 393944891392, "max": 39473660, "mean": 1755175.875, "median": 1671894.75, "min": 455071.03125, "var": 748251185152}, "spectral_strongpeak": {"dmean": 0.350771665573, "dmean2": 0.54849845171, "dvar": 0.432651430368, "dvar2": 1.01800465584, "max": 8.21116638184, "mean": 1.05793488026, "median": 0.783856809139, "min": 0, "var": 1.05291354656}, "zerocrossingrate": {"dmean": 0.0033941725269, "dmean2": 0.00410056347027, "dvar": 4.09657332057e-05, "dvar2": 3.99062919314e-05, "max": 0.49755859375, "mean": 0.0278855804354, "median": 0.02392578125, "min": 0.0107421875, "var": 0.00023849507852}, "barkbands": {"dmean": [1.04270266092e-05, 5.31601908733e-05, 8.32673176774e-05, 7.64915748732e-05, 0.00159651169088, 0.00165735150222, 0.000865060079377, 0.000381883262889, 0.000177601614268, 0.000188607300515, 0.000261285633314, 8.7246633484e-05, 0.000105202336272, 0.000116095157864, 9.70123437583e-05, 8.81230444065e-05, 0.000176754590939, 3.02765129163e-05, 1.23126492326e-05, 1.32334916998e-05, 1.0704727174e-05, 4.2241367737e-06, 1.17179433801e-06, 3.25665894252e-07, 2.97601104648e-07, 2.69153360932e-07, 1.44343232478e-07], "dmean2": [1.64243574545e-05, 8.52854936966e-05, 0.000137901239214, 0.000123779085698, 0.00225567771122, 0.00235204049386, 0.00116610422265, 0.000590134528466, 0.000256378931226, 0.00022022878693, 0.000292685814202, 0.000120254553622, 0.000115319751785, 0.000158579918207, 0.00013178763038, 0.000114515103633, 0.000248410564382, 4.58110698673e-05, 1.86593933904e-05, 2.08779147215e-05, 1.57289450726e-05, 6.51918526273e-06, 1.88290630376e-06, 5.37081348284e-07, 5.47086585811e-07, 5.04995171013e-07, 2.77739673038e-07], "dvar": [4.22101686937e-10, 2.91345472192e-08, 1.44805639479e-07, 1.00197901531e-07, 2.38942648139e-05, 2.44636757998e-05, 7.36458423489e-06, 1.81188738679e-06, 4.77573394164e-07, 3.01313235695e-07, 1.61808179655e-06, 8.64779039489e-08, 1.20167896966e-07, 4.06417171916e-07, 1.0334077416e-07, 1.28382311004e-07, 6.04519925673e-07, 1.87990707445e-08, 2.26804064418e-09, 7.12206427167e-09, 8.55498427654e-09, 5.59366331032e-10, 1.05374105275e-10, 1.05236938955e-11, 8.30770608556e-12, 8.54111312926e-12, 2.69217309036e-12], "dvar2": [1.03591701883e-09, 7.09080794081e-08, 3.69541197642e-07, 2.33447849496e-07, 3.38649406331e-05, 3.80020283046e-05, 1.25710057546e-05, 4.59780130768e-06, 1.20518404856e-06, 4.51667460766e-07, 1.81365726348e-06, 1.89918466731e-07, 1.43358477089e-07, 7.35222556614e-07, 1.7801143315e-07, 2.33298692365e-07, 1.23062795865e-06, 4.36219700362e-08, 5.62758595279e-09, 1.95814582327e-08, 2.32025367808e-08, 1.24611998498e-09, 2.62534688433e-10, 2.73093266751e-11, 2.36518669233e-11, 2.48730602087e-11, 7.92335988486e-12], "max": [0.000287733215373, 0.00383300986141, 0.0112719349563, 0.00971579179168, 0.225734770298, 0.11968395859, 0.077801823616, 0.0301176309586, 0.0171148721129, 0.0132925277576, 0.0394244268537, 0.00770820723847, 0.00801201537251, 0.0163336638361, 0.00891204178333, 0.0155003769323, 0.0162310265005, 0.00325380521826, 0.00209630839527, 0.00419407803565, 0.00516661349684, 0.000467038073111, 0.000290522672003, 0.000104326172732, 7.37789741834e-05, 7.45701981941e-05, 4.90696693305e-05], "mean": [1.10408827823e-05, 6.34240132058e-05, 0.000133589070174, 0.000207109565963, 0.00417964579538, 0.00427457457408, 0.00229417020455, 0.000783574418165, 0.000469721737318, 0.000460645358544, 0.00077840249287, 0.000227525379159, 0.00023896714265, 0.000178346293978, 0.000206685537705, 0.000160692332429, 0.000231901343795, 4.39345822087e-05, 1.72320997081e-05, 1.64313896676e-05, 1.21824514281e-05, 4.01544502893e-06, 9.37778906973e-07, 2.41855701688e-07, 1.80174893671e-07, 1.6038677586e-07, 8.67046310304e-08], "median": [3.2329876376e-06, 9.70325118033e-07, 2.50340440289e-06, 1.25124606711e-05, 0.00105111883022, 0.00101226463448, 0.000678527285345, 0.000198876310606, 9.77920499281e-05, 7.14360940037e-05, 3.8168647734e-05, 2.1544388801e-05, 2.11332917388e-05, 2.0154277081e-05, 3.09417191602e-05, 1.60828130902e-05, 1.45046997204e-05, 4.06402205044e-06, 1.5618091993e-06, 9.00333020581e-07, 4.39834252575e-07, 8.50740349279e-08, 8.23403034644e-09, 2.70060618313e-09, 2.65170552183e-09, 5.19864773452e-09, 7.12841119466e-09], "min": [1.4528981406e-23, 3.52095127727e-24, 7.88233524143e-24, 3.49511687148e-24, 6.46288306772e-23, 2.78699572214e-23, 2.16234410295e-23, 7.08297696414e-23, 7.01971031955e-23, 7.61996089322e-23, 7.13644280086e-23, 1.25913421231e-22, 8.59225089156e-23, 8.81562979419e-23, 7.98394762577e-23, 1.46410804339e-22, 2.07888691058e-22, 2.79357583183e-22, 2.42001901742e-22, 3.68810598059e-22, 4.12930187471e-22, 4.46687981608e-22, 5.61211854333e-22, 6.50138112073e-22, 1.22934659733e-21, 1.58512079562e-21, 2.63829276569e-21], "var": [5.04453367967e-10, 4.22712744808e-08, 2.89841921131e-07, 3.74563143168e-07, 0.000119569143862, 9.6159070381e-05, 2.40080025833e-05, 2.85939108835e-06, 1.13912494726e-06, 1.19145136068e-06, 9.78299249255e-06, 4.48822390808e-07, 5.67751953895e-07, 6.8672272846e-07, 3.91811198597e-07, 3.29709678226e-07, 8.55428368141e-07, 2.60459458445e-08, 2.66590505227e-09, 8.56746140698e-09, 8.27419999183e-09, 5.83194992299e-10, 8.44876182904e-11, 7.63003722704e-12, 4.82307770111e-12, 4.71053925033e-12, 1.42558100741e-12]}, "erbbands": {"dmean": [0.00104803824797, 0.0143043827266, 0.080246090889, 0.1712487638, 0.985750794411, 6.27006912231, 14.3437452316, 12.6248559952, 12.4368209839, 11.9198560715, 5.91139793396, 4.77347421646, 5.19273233414, 5.69705867767, 9.81638431549, 4.18876934052, 4.45807504654, 6.06146144867, 4.37498092651, 6.42466163635, 6.14362192154, 7.92998838425, 2.68018841743, 0.92640298605, 0.618871331215, 0.744418084621, 0.55617505312, 0.282348632812, 0.134660854936, 0.0799401625991, 0.0294486377388, 0.0123573355377, 0.00310205039568, 0.00205522659235, 0.0028630499728, 0.00162058928981, 0.000344201747794, 0.000139559124364, 2.76186128758e-05, 5.84813278692e-06], "dmean2": [0.00163767230697, 0.0232235062867, 0.134320959449, 0.263504296541, 1.39927899837, 8.89153766632, 20.6161060333, 16.9217243195, 16.7330951691, 17.7582645416, 8.80805397034, 6.84263658524, 6.2434091568, 6.34258079529, 11.1186237335, 5.60351467133, 5.04328012466, 7.55204963684, 6.53348255157, 7.95965480804, 8.06447887421, 11.1815214157, 4.07793521881, 1.37669050694, 0.98857575655, 1.1633220911, 0.834067463875, 0.41006180644, 0.206174254417, 0.129780977964, 0.0462958887219, 0.020490873605, 0.00527279498056, 0.00369191728532, 0.00532501190901, 0.00306621170603, 0.000642344588414, 0.000267963449005, 5.17361004313e-05, 7.80951449997e-06], "dvar": [1.40180309245e-05, 0.00217170407996, 0.116102688015, 0.487973242998, 13.001953125, 458.163970947, 1562.33459473, 1424.78588867, 1694.94995117, 1394.96740723, 373.370391846, 378.023681641, 270.535766602, 353.896270752, 2058.87158203, 196.060165405, 193.453552246, 951.125549316, 385.785491943, 526.567749023, 623.591674805, 1380.84570312, 219.631011963, 12.6091175079, 7.63002443314, 29.794462204, 31.8682060242, 1.71540975571, 0.573710858822, 0.383893191814, 0.0583494827151, 0.0130161680281, 0.000680778059177, 0.000330258451868, 0.000848649302498, 0.000342130457284, 1.31689821501e-05, 2.23280403588e-06, 9.02651748902e-08, 1.97830793414e-10], "dvar2": [3.05424473481e-05, 0.0054939808324, 0.31076335907, 1.02109599113, 24.5531330109, 655.745788574, 2801.99414062, 2041.98352051, 2928.38867188, 3239.56103516, 929.673034668, 975.181762695, 411.12802124, 448.547271729, 2386.03686523, 425.29989624, 256.792419434, 1498.95178223, 829.680847168, 709.805847168, 1226.21044922, 2737.14501953, 539.591003418, 29.4243183136, 19.7385215759, 82.518196106, 88.051651001, 3.79109239578, 1.36714875698, 0.978856086731, 0.142573282123, 0.0333097167313, 0.00182973046321, 0.000919512356631, 0.00243952590972, 0.000997945782728, 3.82373909815e-05, 6.54570249026e-06, 2.65395527776e-07, 4.19750262326e-10], "max": [0.0987513959408, 0.895113229752, 9.46059894562, 20.7522983551, 140.80670166, 1001.23327637, 1000.05969238, 939.966674805, 1212.13879395, 920.274414062, 459.849731445, 509.244842529, 527.964355469, 481.00213623, 1373.73095703, 396.874542236, 338.395233154, 824.94732666, 620.35369873, 707.306518555, 1004.91345215, 1100.07348633, 367.973175049, 105.066207886, 113.164787292, 279.012939453, 325.824554443, 33.6734886169, 17.1178588867, 14.0201816559, 5.48896741867, 3.37007284164, 0.606265604496, 0.465165317059, 0.761177361012, 0.46303537488, 0.10123090446, 0.0388654209673, 0.00925173889846, 0.000290460244287], "mean": [0.00135636830237, 0.0175502132624, 0.116882950068, 0.459747970104, 3.11550951004, 16.4664649963, 34.2422370911, 32.4081382751, 34.5061187744, 27.8254146576, 13.5694723129, 12.5495176315, 13.5991020203, 15.720085144, 29.9684581757, 11.0152006149, 10.7624588013, 11.1236600876, 7.7020406723, 13.8878889084, 9.8035774231, 10.6506624222, 3.73644185066, 1.39927792549, 0.765004754066, 0.94995445013, 0.643123328686, 0.312399655581, 0.128835231066, 0.0658822506666, 0.0238470435143, 0.00921441987157, 0.00226863403805, 0.00133306358475, 0.00169550837018, 0.00094101059949, 0.00022130117577, 8.48340860102e-05, 2.28688986681e-05, 1.76724897756e-05], "median": [6.92014291417e-05, 0.000457269023173, 0.00481085199863, 0.0451438128948, 0.490339756012, 3.95704388618, 7.56831359863, 7.96578168869, 10.3131361008, 8.36905765533, 4.16003513336, 3.41226410866, 2.80516529083, 3.08370637894, 3.01312923431, 1.50052142143, 1.28861474991, 1.28848576546, 1.5135345459, 1.50515508652, 1.06544911861, 0.700980603695, 0.319016605616, 0.131364405155, 0.0677166134119, 0.0476619526744, 0.0266225431114, 0.011273377575, 0.00351581117138, 0.00102043594234, 0.000221142588998, 8.53506426211e-05, 4.76083696412e-05, 3.42076928064e-05, 2.68702278845e-05, 2.10941016121e-05, 1.40123911478e-05, 5.65320488022e-06, 5.30897614226e-06, 9.1840265668e-06], "min": [1.6206586891e-22, 9.9314897005e-22, 6.8167388825e-21, 1.07153848967e-20, 2.30041222485e-20, 2.54905993817e-19, 4.845254382e-19, 1.61355407904e-19, 3.10343767717e-19, 4.56337242574e-19, 1.75010055677e-18, 1.76797096672e-18, 1.34720972832e-18, 3.62567696784e-18, 3.9080706387e-18, 4.53979426277e-18, 4.11208770575e-18, 3.36592653906e-18, 4.67961632402e-18, 7.2885572109e-18, 7.62302851877e-18, 1.19178213967e-17, 1.57781856343e-17, 1.16366014951e-17, 1.44493398326e-17, 1.88865037288e-17, 2.02656536923e-17, 1.23709476275e-17, 1.5203635907e-17, 1.50682082428e-17, 1.76243270301e-17, 1.15413772902e-17, 1.15278404794e-17, 1.41496258269e-17, 8.79468022561e-18, 6.33080820661e-18, 2.99538643418e-18, 1.27231751944e-18, 3.37749036893e-19, 4.02216992907e-20], "var": [2.3095326469e-05, 0.00295473518781, 0.175698205829, 1.61860656738, 66.6726608276, 2224.50463867, 5575.74023438, 6058.66015625, 5474.25927734, 3442.13378906, 772.65435791, 796.313537598, 1117.14367676, 1744.18444824, 12401.0898438, 1002.99682617, 926.912231445, 2190.10424805, 600.917114258, 2554.48583984, 1075.24450684, 2022.38232422, 228.649383545, 19.4804649353, 7.22383928299, 35.6817131042, 29.8926067352, 2.03904008865, 0.5393922925, 0.301148742437, 0.0483584478498, 0.00967622734606, 0.000470570201287, 0.000204252428375, 0.000479280250147, 0.000185755256098, 7.38263952371e-06, 1.2030641301e-06, 4.83924225136e-08, 6.02471905697e-10]}, "gfcc": {"mean": [-203.708221436, 181.316192627, -159.747650146, -30.8979244232, -48.9243278503, -56.2098083496, -36.9130058289, -26.4638404846, -17.3302173615, -6.34384298325, -11.9333457947, 1.17075908184, 2.95104265213], "cov": [[13614.5507812, 1332.32348633, -2532.98095703, 795.548950195, 388.115264893, 26.4300708771, 470.624816895, -579.706298828, 143.743377686, -383.363769531, 54.4193115234, -67.091583252, 233.171066284], [1332.32348633, 1436.92272949, 378.832580566, -263.589080811, 512.572937012, 1.553622365, 102.466072083, -106.992324829, -56.2463531494, -124.932441711, -53.8607940674, -176.596496582, -12.9715471268], [-2532.98095703, 378.832580566, 1429.68322754, -154.98777771, 233.8465271, 200.473968506, -138.914276123, 126.378875732, -113.67364502, 11.4445047379, -39.791179657, -47.754234314, -102.301101685], [795.548950195, -263.589080811, -154.98777771, 494.983612061, -28.1618270874, -12.0579223633, 31.8314228058, -5.34041786194, -21.2102737427, -17.565372467, -23.667470932, -11.8402147293, -22.8943958282], [388.115264893, 512.572937012, 233.8465271, -28.1618270874, 378.319732666, 116.906448364, 47.0408096313, 32.6189155579, -25.3181266785, -11.5722646713, -32.5565681458, -59.8379211426, -14.7308082581], [26.4300708771, 1.553622365, 200.473968506, -12.0579223633, 116.906448364, 366.096954346, 51.8217926025, 69.810508728, 51.4371147156, -8.54863834381, 1.8123652935, 41.5750732422, -17.6105422974], [470.624816895, 102.466072083, -138.914276123, 31.8314228058, 47.0408096313, 51.8217926025, 142.736602783, 17.7888183594, 21.3248748779, 3.18686652184, -5.4179649353, -6.27786874771, 16.144859314], [-579.706298828, -106.992324829, 126.378875732, -5.34041786194, 32.6189155579, 69.810508728, 17.7888183594, 161.037582397, 33.7861709595, 56.2341575623, -12.9221353531, 1.40502595901, -19.2620105743], [143.743377686, -56.2463531494, -113.67364502, -21.2102737427, -25.3181266785, 51.4371147156, 21.3248748779, 33.7861709595, 118.033164978, 40.2529525757, 15.622256279, 7.12929677963, -1.95136630535], [-383.363769531, -124.932441711, 11.4445047379, -17.565372467, -11.5722646713, -8.54863834381, 3.18686652184, 56.2341575623, 40.2529525757, 133.469299316, 42.8021583557, -4.05561637878, -11.146402359], [54.4193115234, -53.8607940674, -39.791179657, -23.667470932, -32.5565681458, 1.8123652935, -5.4179649353, -12.9221353531, 15.622256279, 42.8021583557, 96.5097427368, 43.2483863831, 30.0894870758], [-67.091583252, -176.596496582, -47.754234314, -11.8402147293, -59.8379211426, 41.5750732422, -6.27786874771, 1.40502595901, 7.12929677963, -4.05561637878, 43.2483863831, 130.939758301, 66.1261520386], [233.171066284, -12.9715471268, -102.301101685, -22.8943958282, -14.7308082581, -17.6105422974, 16.144859314, -19.2620105743, -1.95136630535, -11.146402359, 30.0894870758, 66.1261520386, 116.181350708]], "icov": [[0.000318877893733, -0.000855091027915, 0.000785379961599, -0.000774371845182, 0.000372189650079, -0.000700616510585, 0.000603885971941, 8.59018764459e-05, 0.000150059859152, -0.0001359218586, -0.000147004015162, -0.000233526254306, -0.000164706623764], [-0.000855091027915, 0.00692432699725, -0.00354344816878, 0.00415499228984, -0.0064865546301, 0.00451654940844, -0.00591482082382, 0.0031324706506, -0.00327611318789, 0.00515081500635, -0.00192614668049, 0.0043030870147, -0.000119831980555], [0.000785379961599, -0.00354344816878, 0.00374343059957, -0.00218623015098, 0.00214300467633, -0.00341892731376, 0.00435843318701, -0.00179235322867, 0.00299794063903, -0.00208833860233, 0.000358955701813, -0.00141816737596, 0.0003084053169], [-0.000774371845182, 0.00415499228984, -0.00218623015098, 0.00506294425577, -0.00319946859963, 0.00270415470004, -0.00371892098337, 0.00107617175672, -0.000698348332662, 0.00250570336357, -0.000330366485287, 0.00213165464811, 0.000891088799108], [0.000372189650079, -0.0064865546301, 0.00214300467633, -0.00319946859963, 0.0109047666192, -0.00527938827872, 0.00462366361171, -0.00397734902799, 0.00462259631604, -0.00589003413916, 0.00285338051617, -0.00200232909992, -0.0010210108012], [-0.000700616510585, 0.00451654940844, -0.00341892731376, 0.00270415470004, -0.00527938827872, 0.00806183740497, -0.00585977034643, 0.000945634674281, -0.00502666039392, 0.00488709611818, -0.00170594325755, -0.000624763895757, 0.00213831779547], [0.000603885971941, -0.00591482082382, 0.00435843318701, -0.00371892098337, 0.00462366361171, -0.00585977034643, 0.0152894351631, -0.00433317804709, 0.00354502326809, -0.00521672330797, 0.00234662182629, -0.00181838555727, -0.00192624598276], [8.59018764459e-05, 0.0031324706506, -0.00179235322867, 0.00107617175672, -0.00397734902799, 0.000945634674281, -0.00433317804709, 0.0124365314841, -0.00404121913016, -0.00144844595343, 0.00229078438133, 0.000720227952115, -9.5788273029e-05], [0.000150059859152, -0.00327611318789, 0.00299794063903, -0.000698348332662, 0.00462259631604, -0.00502666039392, 0.00354502326809, -0.00404121913016, 0.0152344657108, -0.00621381029487, 0.0010561584495, -0.000984024489298, 0.000443030061433], [-0.0001359218586, 0.00515081500635, -0.00208833860233, 0.00250570336357, -0.00589003413916, 0.00488709611818, -0.00521672330797, -0.00144844595343, -0.00621381029487, 0.018202688545, -0.00969019718468, 0.00544452015311, 0.00103436561767], [-0.000147004015162, -0.00192614668049, 0.000358955701813, -0.000330366485287, 0.00285338051617, -0.00170594325755, 0.00234662182629, 0.00229078438133, 0.0010561584495, -0.00969019718468, 0.0182881243527, -0.00621762406081, -0.00162163178902], [-0.000233526254306, 0.0043030870147, -0.00141816737596, 0.00213165464811, -0.00200232909992, -0.000624763895757, -0.00181838555727, 0.000720227952115, -0.000984024489298, 0.00544452015311, -0.00621762406081, 0.0186921805143, -0.00837884750217], [-0.000164706623764, -0.000119831980555, 0.0003084053169, 0.000891088799108, -0.0010210108012, 0.00213831779547, -0.00192624598276, -9.5788273029e-05, 0.000443030061433, 0.00103436561767, -0.00162163178902, -0.00837884750217, 0.0151136219501]]}, "melbands": {"dmean": [1.20555996546e-05, 3.36272387358e-05, 4.53995126009e-05, 0.000218113782466, 0.000486567150801, 0.000286974798655, 0.00018418423133, 0.00012033621897, 4.45493351435e-05, 2.74897302006e-05, 2.55762734014e-05, 2.21937425522e-05, 3.80431374651e-05, 1.24634734675e-05, 9.72579618974e-06, 1.02972289824e-05, 1.18669868243e-05, 7.744278264e-06, 6.0005022533e-06, 8.94847653399e-06, 8.02531212685e-06, 9.91919932858e-06, 4.54291830465e-06, 1.55426948822e-06, 6.45326963422e-07, 4.67836514417e-07, 4.64376228138e-07, 4.58547475546e-07, 3.91342467765e-07, 2.3146787953e-07, 1.43140383102e-07, 8.77121735243e-08, 5.22753573762e-08, 3.78833249215e-08, 1.66568838722e-08, 1.30062600689e-08, 5.3352895435e-09, 2.1407784434e-09, 1.6347418974e-09, 1.59754931506e-09], "dmean2": [1.89870606846e-05, 5.55209044251e-05, 6.76974887028e-05, 0.00030992354732, 0.000686875486281, 0.000392928894144, 0.000246476876782, 0.000181280614925, 6.63893370074e-05, 3.90221903217e-05, 3.07039845211e-05, 2.50468074228e-05, 4.25686157541e-05, 1.6777554265e-05, 1.2347511074e-05, 1.10944647531e-05, 1.53014661919e-05, 1.17054260045e-05, 7.95491541794e-06, 1.09709362732e-05, 1.09634620458e-05, 1.37629203891e-05, 7.3106984928e-06, 2.34506205743e-06, 9.46857369399e-07, 7.44718761325e-07, 7.50434992369e-07, 7.19244951597e-07, 6.11568111708e-07, 3.32755973886e-07, 2.14245190477e-07, 1.35005450375e-07, 8.34832292185e-08, 6.27616785209e-08, 2.56485765959e-08, 2.20688978203e-08, 8.84271500468e-09, 3.6568470474e-09, 2.91075963332e-09, 2.90318680207e-09], "dvar": [1.47174172849e-09, 1.80277091033e-08, 3.19714423824e-08, 4.60962411353e-07, 1.81297968993e-06, 7.28748318579e-07, 3.71569996105e-07, 1.55099542098e-07, 1.979504205e-08, 1.20902958756e-08, 6.69558231081e-09, 5.60041080178e-09, 3.3829504531e-08, 2.23040319547e-09, 8.30239543781e-10, 1.45874090585e-09, 4.40793712642e-09, 1.52359480587e-09, 3.74498237976e-10, 9.25424292753e-10, 1.21497922834e-09, 2.44379338987e-09, 8.34483981915e-10, 6.11896228131e-11, 5.80409808756e-12, 6.9876686902e-12, 5.58461436817e-12, 1.17856592541e-11, 2.21289358365e-11, 1.45703045983e-12, 5.99740688969e-13, 2.80995631494e-13, 1.02810853364e-13, 1.15314984124e-13, 1.89500345483e-14, 1.4464363206e-14, 2.51346799175e-15, 3.17607814946e-16, 2.394092568e-16, 1.82298589727e-16], "dvar2": [3.363031853e-09, 4.71519037148e-08, 6.62549197727e-08, 7.13583858669e-07, 2.92973550131e-06, 1.06017353119e-06, 6.27634847206e-07, 3.7718248791e-07, 5.00112697921e-08, 3.08505114788e-08, 1.02247188494e-08, 7.48049089339e-09, 3.75654316542e-08, 3.69342578743e-09, 1.40026745754e-09, 1.57068991147e-09, 7.2375492266e-09, 3.22302318168e-09, 5.62418056571e-10, 1.34084587877e-09, 2.47098363992e-09, 4.71899541665e-09, 2.10946171642e-09, 1.45868858659e-10, 1.34394049708e-11, 1.83725500091e-11, 1.50503949581e-11, 3.29545210564e-11, 6.19259851731e-11, 3.08863763558e-12, 1.27472338241e-12, 6.3933683651e-13, 2.61915082721e-13, 2.9931179063e-13, 4.50016848059e-14, 3.78892846731e-14, 6.45576071035e-15, 8.65170463754e-16, 6.62941929932e-16, 5.08595109827e-16], "max": [0.00104928947985, 0.00368738500401, 0.00548944761977, 0.0296720862389, 0.0433358587325, 0.0216314680874, 0.0183329302818, 0.00969979073852, 0.003033031011, 0.00285682454705, 0.002606729744, 0.00214573042467, 0.00582029530779, 0.00171211222187, 0.00104619073682, 0.00108635041397, 0.00188916584011, 0.00143744866364, 0.000600152648985, 0.000814132334199, 0.00111375784036, 0.00151481991634, 0.000704169739038, 0.000203883711947, 8.60764921526e-05, 0.000142454722663, 0.000109188098577, 0.000177648340468, 0.000269814161584, 4.07668776461e-05, 1.71873743966e-05, 1.16746723506e-05, 7.10947188054e-06, 8.31666693557e-06, 4.0172953959e-06, 2.43259114541e-06, 1.49184040765e-06, 4.10460216926e-07, 4.36078067878e-07, 2.93544843544e-07], "mean": [1.52948432515e-05, 4.90711026941e-05, 0.000137655370054, 0.000603486783803, 0.00121003144886, 0.000746639678255, 0.000512343482114, 0.000269698066404, 0.000100030127214, 7.29877137928e-05, 6.58090575598e-05, 5.84618901485e-05, 0.000115274611744, 3.40850492648e-05, 2.35987172346e-05, 2.36606629187e-05, 2.00400154426e-05, 1.22020683193e-05, 1.24635771499e-05, 1.80809984158e-05, 1.09430911834e-05, 1.31414772113e-05, 5.56605391466e-06, 2.32734100791e-06, 9.29431962504e-07, 5.64654669688e-07, 5.58433555398e-07, 5.77549030822e-07, 4.46219928563e-07, 2.63376705334e-07, 1.51684190541e-07, 8.38261797753e-08, 4.45532357674e-08, 2.99576541352e-08, 1.37097799779e-08, 9.45390077334e-09, 3.98604127483e-09, 1.54313206657e-09, 1.09236020229e-09, 1.01387820362e-09], "median": [8.46791749609e-07, 1.34671847718e-06, 1.15995617307e-05, 0.000126272701891, 0.000287302362267, 0.000175483510247, 0.000152859516675, 7.80880145612e-05, 2.57742212852e-05, 1.69415106939e-05, 1.07312353066e-05, 9.29007273953e-06, 7.50044546294e-06, 3.61166621587e-06, 2.4415869575e-06, 2.0739385036e-06, 1.94170502255e-06, 2.1046864731e-06, 1.74613353465e-06, 1.76023570475e-06, 9.53942503656e-07, 6.96212168805e-07, 3.49623633156e-07, 1.88984913052e-07, 8.52929176176e-08, 4.76934509663e-08, 4.10114964211e-08, 2.63600572481e-08, 1.77750791863e-08, 8.73463967821e-09, 4.6910848539e-09, 1.92688176526e-09, 9.1800184121e-10, 2.85396845046e-10, 1.10796670449e-10, 6.20829429532e-11, 3.80574391445e-11, 2.70858474538e-11, 2.32971107683e-11, 2.20144735774e-11], "min": [2.43555243018e-24, 2.77139181677e-24, 2.22206004517e-24, 7.4560277085e-24, 1.76221996787e-23, 3.8805507599e-24, 4.63470217972e-24, 7.34797111943e-24, 1.26791751584e-23, 1.15432249213e-23, 6.69293100044e-24, 1.47186456557e-23, 1.16647686652e-23, 1.44829608385e-23, 1.1205903265e-23, 6.94359549738e-24, 6.72706106751e-24, 8.41788817682e-24, 6.59822154346e-24, 1.13959611563e-23, 8.29989904009e-24, 1.29183396411e-23, 1.16518132026e-23, 1.4654699013e-23, 8.58640464339e-24, 9.47153340032e-24, 1.08866772891e-23, 1.27420379063e-23, 1.33042085863e-23, 9.07061535563e-24, 6.8452892291e-24, 8.19531817216e-24, 9.44759620501e-24, 7.79490420958e-24, 1.14442567987e-23, 7.69444435103e-24, 6.73550266806e-24, 6.50240137031e-24, 1.12383144042e-23, 1.24738977737e-23], "var": [2.49007614528e-09, 2.85509411668e-08, 1.40392145909e-07, 2.24753080147e-06, 7.45832630855e-06, 3.10028417516e-06, 1.2215963352e-06, 3.24321092648e-07, 4.18997707641e-08, 2.67836739454e-08, 2.77331579923e-08, 2.5385368474e-08, 2.07046682021e-07, 1.23046923761e-08, 4.36991109964e-09, 7.13800352159e-09, 9.03424002274e-09, 2.11999950928e-09, 1.69508462822e-09, 3.85993903507e-09, 1.70043390479e-09, 3.57115736982e-09, 7.18875847738e-10, 9.00621452415e-11, 8.22181645682e-12, 5.77381458616e-12, 6.72976908575e-12, 1.38026179028e-11, 2.04862238284e-11, 1.86307891857e-12, 7.03176883041e-13, 2.83036886029e-13, 8.30875895429e-14, 8.64578252198e-14, 1.6515460264e-14, 1.02383049209e-14, 1.85873672275e-15, 2.15302302074e-16, 1.51033280155e-16, 1.11806032932e-16]}, "mfcc": {"mean": [-819.091491699, 194.696685791, -35.3438682556, -0.259488582611, -10.476849556, -27.2148952484, -26.6733150482, -24.1095962524, -13.037352562, -16.2584266663, -15.0786752701, -5.23860502243, -1.90418279171], "cov": [[8471.03320312, 2126.7590332, -2368.36987305, 657.472412109, -289.453399658, 378.936401367, 53.037853241, -21.9070644379, 192.914810181, -212.014373779, -92.9974594116, -31.1732330322, -23.6243419647], [2126.7590332, 2019.78771973, -124.980155945, -204.756118774, 311.340637207, 103.157470703, 107.813163757, 42.4133872986, 39.0344734192, -8.38299655914, -81.9749450684, -113.305328369, -75.6475524902], [-2368.36987305, -124.980155945, 1264.78112793, -138.515884399, 301.352600098, 46.1312294006, 39.6314544678, 104.979721069, -72.7631759644, 82.9864654541, 30.0635414124, -49.7587280273, -23.758190155], [657.472412109, -204.756118774, -138.515884399, 477.4324646, -50.5366020203, 42.5043411255, 45.3453063965, -23.2733020782, 13.6729059219, -51.2345809937, 23.478597641, 19.1243133545, -48.1470794678], [-289.453399658, 311.340637207, 301.352600098, -50.5366020203, 315.537445068, 109.802528381, 78.3613586426, 97.7351608276, 22.9539451599, 38.7890625, 12.3712749481, -8.14153194427, -45.5857048035], [378.936401367, 103.157470703, 46.1312294006, 42.5043411255, 109.802528381, 248.922912598, 80.2464523315, 95.9126358032, 58.1390419006, 20.6114120483, 36.9140472412, 4.57874155045, 12.2883710861], [53.037853241, 107.813163757, 39.6314544678, 45.3453063965, 78.3613586426, 80.2464523315, 152.488586426, 66.9105834961, 38.2763824463, 24.5297355652, 12.9644823074, 7.18709373474, -18.7857131958], [-21.9070644379, 42.4133872986, 104.979721069, -23.2733020782, 97.7351608276, 95.9126358032, 66.9105834961, 161.494812012, 72.0694732666, 15.0582389832, 20.6211910248, 7.07690286636, -9.23639297485], [192.914810181, 39.0344734192, -72.7631759644, 13.6729059219, 22.9539451599, 58.1390419006, 38.2763824463, 72.0694732666, 138.146789551, 42.1744689941, 34.2406845093, 50.0852279663, -13.5862312317], [-212.014373779, -8.38299655914, 82.9864654541, -51.2345809937, 38.7890625, 20.6114120483, 24.5297355652, 15.0582389832, 42.1744689941, 122.517921448, 58.9234390259, 17.2244853973, 13.3433980942], [-92.9974594116, -81.9749450684, 30.0635414124, 23.478597641, 12.3712749481, 36.9140472412, 12.9644823074, 20.6211910248, 34.2406845093, 58.9234390259, 117.579605103, 60.1667060852, -5.97560691833], [-31.1732330322, -113.305328369, -49.7587280273, 19.1243133545, -8.14153194427, 4.57874155045, 7.18709373474, 7.07690286636, 50.0852279663, 17.2244853973, 60.1667060852, 133.736740112, 37.5784912109], [-23.6243419647, -75.6475524902, -23.758190155, -48.1470794678, -45.5857048035, 12.2883710861, -18.7857131958, -9.23639297485, -13.5862312317, 13.3433980942, -5.97560691833, 37.5784912109, 125.387405396]], "icov": [[0.00170017115306, -0.00218766275793, 0.00259321904741, -0.0026103919372, 0.00217517814599, -0.00304825999774, 0.00248486036435, -0.00273836101405, 0.00226391665637, -0.00183083466254, 0.00162586767692, -0.00140803912655, 0.000689217471518], [-0.00218766275793, 0.00361751648597, -0.00302081857808, 0.00378781906329, -0.00396508583799, 0.0039746244438, -0.00370845478028, 0.00427612382919, -0.00359797570854, 0.0029499118682, -0.00226573995315, 0.0027699272614, -0.00106118398253], [0.00259321904741, -0.00302081857808, 0.00533717544749, -0.00379419745877, 0.00184595957398, -0.00437538651749, 0.00389920873567, -0.00492567382753, 0.00469017075375, -0.00353891449049, 0.00230885553174, -0.00175087456591, 0.00106128910556], [-0.0026103919372, 0.00378781906329, -0.00379419745877, 0.00701106758788, -0.0033315026667, 0.00394691620022, -0.00530866580084, 0.00579929491505, -0.00426259543747, 0.00486210826784, -0.00362978014164, 0.0024545986671, -8.74319521245e-05], [0.00217517814599, -0.00396508583799, 0.00184595957398, -0.0033315026667, 0.0109439603984, -0.00655297236517, 0.00313818478025, -0.0066231531091, 0.00592468446121, -0.00556816207245, 0.00516597507522, -0.00582427717745, 0.00491767795756], [-0.00304825999774, 0.0039746244438, -0.00437538651749, 0.00394691620022, -0.00655297236517, 0.0130314966664, -0.00647989055142, 0.00375400483608, -0.00698987022042, 0.00583985215053, -0.00707427784801, 0.00635247165337, -0.00546349771321], [0.00248486036435, -0.00370845478028, 0.00389920873567, -0.00530866580084, 0.00313818478025, -0.00647989055142, 0.0140381427482, -0.00790326949209, 0.00531821744516, -0.00663615809754, 0.00533008249477, -0.00470295408741, 0.00317412568256], [-0.00273836101405, 0.00427612382919, -0.00492567382753, 0.00579929491505, -0.0066231531091, 0.00375400483608, -0.00790326949209, 0.0189377292991, -0.0127279218286, 0.00902401097119, -0.00653979182243, 0.00686001637951, -0.00391448708251], [0.00226391665637, -0.00359797570854, 0.00469017075375, -0.00426259543747, 0.00592468446121, -0.00698987022042, 0.00531821744516, -0.0127279218286, 0.0217611137778, -0.0121591538191, 0.00826598610729, -0.0116570722312, 0.00774536188692], [-0.00183083466254, 0.0029499118682, -0.00353891449049, 0.00486210826784, -0.00556816207245, 0.00583985215053, -0.00663615809754, 0.00902401097119, -0.0121591538191, 0.0208642408252, -0.013699548319, 0.00949006713927, -0.00732983928174], [0.00162586767692, -0.00226573995315, 0.00230885553174, -0.00362978014164, 0.00516597507522, -0.00707427784801, 0.00533008249477, -0.00653979182243, 0.00826598610729, -0.013699548319, 0.0222031325102, -0.013179756701, 0.00823295861483], [-0.00140803912655, 0.0027699272614, -0.00175087456591, 0.0024545986671, -0.00582427717745, 0.00635247165337, -0.00470295408741, 0.00686001637951, -0.0116570722312, 0.00949006713927, -0.013179756701, 0.0196097902954, -0.00970083288848], [0.000689217471518, -0.00106118398253, 0.00106128910556, -8.74319521245e-05, 0.00491767795756, -0.00546349771321, 0.00317412568256, -0.00391448708251, 0.00774536188692, -0.00732983928174, 0.00823295861483, -0.00970083288848, 0.0150618925691]]}, "spectral_contrast_coeffs": {"dmean": [0.0448792651296, 0.0401030778885, 0.03233268857, 0.0278884824365, 0.0208759903908, 0.0274055078626], "dmean2": [0.0739372968674, 0.0632903128862, 0.0488254055381, 0.0427830331028, 0.0322422496974, 0.0430557653308], "dvar": [0.00174199359026, 0.0013867802918, 0.00101801345591, 0.000746453762986, 0.000489363679662, 0.00076961144805], "dvar2": [0.00435979152098, 0.00324540934525, 0.00220280815847, 0.00153188710101, 0.000918353965972, 0.00162700866349], "max": [-0.145799398422, -0.337546885014, -0.386266887188, -0.359371483326, -0.449415445328, -0.531199216843], "mean": [-0.479901582003, -0.636017680168, -0.697808265686, -0.740729272366, -0.772120594978, -0.749085068703], "median": [-0.466188341379, -0.637149274349, -0.703456401825, -0.753239631653, -0.786988377571, -0.750456571579], "min": [-0.967203259468, -0.961000859737, -0.960350751877, -0.956786513329, -0.958444476128, -0.956823468208], "var": [0.0116483913735, 0.0084826592356, 0.00778153259307, 0.00644899345934, 0.00496852956712, 0.00489140022546]}, "spectral_contrast_valleys": {"dmean": [0.478444933891, 0.355800777674, 0.325835078955, 0.316764324903, 0.292965054512, 0.407774686813], "dmean2": [0.775312662125, 0.556524693966, 0.493872344494, 0.465177088976, 0.388935148716, 0.661676347256], "dvar": [0.294293701649, 0.175083503127, 0.17574839294, 0.203263536096, 0.218414410949, 0.244702041149], "dv