{"lowlevel": {"average_loudness": 0.235767140985, "barkbands_crest": {"dmean": 1.65277576447, "dmean2": 2.71698212624, "dvar": 3.13132739067, "dvar2": 9.39272594452, "max": 24.8474502563, "mean": 10.6532144547, "median": 10.0378265381, "min": 3.86863970757, "var": 11.1632585526}, "barkbands_flatness_db": {"dmean": 0.0146803157404, "dmean2": 0.0239601414651, "dvar": 0.00022733892547, "dvar2": 0.000601353065576, "max": 0.417276710272, "mean": 0.282965630293, "median": 0.284080773592, "min": 0.0776647850871, "var": 0.00213960139081}, "barkbands_kurtosis": {"dmean": 1.56683278084, "dmean2": 2.50335741043, "dvar": 5.84368467331, "dvar2": 15.2459383011, "max": 54.4078063965, "mean": 4.3567481041, "median": 2.91417884827, "min": -1.83519029617, "var": 29.3611660004}, "barkbands_skewness": {"dmean": 0.292721569538, "dmean2": 0.464071989059, "dvar": 0.105090267956, "dvar2": 0.260412931442, "max": 6.36753225327, "mean": 1.30467307568, "median": 1.29326248169, "min": -3.94522500038, "var": 1.16111183167}, "barkbands_spread": {"dmean": 1.20751667023, "dmean2": 1.92217993736, "dvar": 3.21202945709, "dvar2": 7.12421941757, "max": 46.4015007019, "mean": 7.2938876152, "median": 6.02369880676, "min": 0.736257076263, "var": 27.3095016479}, "dissonance": {"dmean": 0.0229651127011, "dmean2": 0.0389270707965, "dvar": 0.000664441788103, "dvar2": 0.00174554542173, "max": 0.499999940395, "mean": 0.413109958172, "median": 0.414662152529, "min": 0.20738427341, "var": 0.00276855449192}, "dynamic_complexity": 6.86982727051, "erbbands_crest": {"dmean": 1.71100258827, "dmean2": 2.67228317261, "dvar": 3.93913531303, "dvar2": 9.61945056915, "max": 32.8975486755, "mean": 11.5786514282, "median": 10.4996032715, "min": 2.99231743813, "var": 21.4191398621}, "erbbands_flatness_db": {"dmean": 0.0110511258245, "dmean2": 0.0171848665923, "dvar": 0.000159778021043, "dvar2": 0.000325130939018, "max": 0.532001316547, "mean": 0.329829901457, "median": 0.32998663187, "min": 0.103634759784, "var": 0.0021041969303}, "erbbands_kurtosis": {"dmean": 0.816493093967, "dmean2": 1.26236534119, "dvar": 2.02263641357, "dvar2": 4.43142127991, "max": 38.458366394, "mean": 1.37058770657, "median": 0.624073266983, "min": -1.83715498447, "var": 7.80033826828}, "erbbands_skewness": {"dmean": 0.239242658019, "dmean2": 0.372546613216, "dvar": 0.0659364014864, "dvar2": 0.141579553485, "max": 3.90339756012, "mean": 0.630728423595, "median": 0.657605051994, "min": -4.65014410019, "var": 0.510926604271}, "erbbands_spread": {"dmean": 2.31250357628, "dmean2": 3.57182860374, "dvar": 10.0758237839, "dvar2": 20.6656036377, "max": 78.1175842285, "mean": 16.8672676086, "median": 14.8813714981, "min": 0.76867556572, "var": 111.272514343}, "hfc": {"dmean": 2.34211277962, "dmean2": 3.14190888405, "dvar": 37.8143959045, "dvar2": 68.4616851807, "max": 169.302886963, "mean": 9.55517864227, "median": 5.96187448502, "min": 1.17874825476e-16, "var": 151.054046631}, "melbands_crest": {"dmean": 1.97758698463, "dmean2": 3.21230649948, "dvar": 4.14389610291, "dvar2": 10.6230945587, "max": 33.9508781433, "mean": 13.6673727036, "median": 12.7224149704, "min": 2.24272489548, "var": 22.3475837708}, "melbands_flatness_db": {"dmean": 0.0151915485039, "dmean2": 0.0251549277455, "dvar": 0.00027650265838, "dvar2": 0.000767543911934, "max": 0.562702834606, "mean": 0.377942979336, "median": 0.383982330561, "min": 0.00919200852513, "var": 0.00476248795167}, "melbands_kurtosis": {"dmean": 1.95437705517, "dmean2": 3.16024446487, "dvar": 9.46454524994, "dvar2": 24.4845981598, "max": 102.357322693, "mean": 6.12976503372, "median": 3.75697088242, "min": -1.89786231518, "var": 64.6951217651}, "melbands_skewness": {"dmean": 0.322737306356, "dmean2": 0.51715272665, "dvar": 0.135043412447, "dvar2": 0.343851327896, "max": 8.62136650085, "mean": 1.47898983955, "median": 1.39824330807, "min": -4.28753089905, "var": 1.62246870995}, "melbands_spread": {"dmean": 1.80373132229, "dmean2": 2.89539670944, "dvar": 8.33222770691, "dvar2": 17.995765686, "max": 212.033325195, "mean": 10.7559928894, "median": 9.07183742523, "min": 1.34056699276, "var": 85.1641082764}, "pitch_salience": {"dmean": 0.0492120720446, "dmean2": 0.0834012031555, "dvar": 0.00287601351738, "dvar2": 0.00899892020971, "max": 0.843137025833, "mean": 0.542448937893, "median": 0.545498371124, "min": 0.192373141646, "var": 0.00988581031561}, "silence_rate_20dB": {"dmean": 0, "dmean2": 0, "dvar": 0, "dvar2": 0, "max": 1, "mean": 1, "median": 1, "min": 1, "var": 0}, "silence_rate_30dB": {"dmean": 0.00971383601427, "dmean2": 0.0194302219898, "dvar": 0.0096194576472, "dvar2": 0.0211524125189, "max": 1, "mean": 0.97243732214, "median": 1, "min": 0, "var": 0.0268046427518}, "silence_rate_60dB": {"dmean": 0.0186400637031, "dmean2": 0.0372850187123, "dvar": 0.0182955078781, "dvar2": 0.0395709350705, "max": 1, "mean": 0.215776354074, "median": 0, "min": 0, "var": 0.169222399592}, "spectral_centroid": {"dmean": 72.0305862427, "dmean2": 112.525344849, "dvar": 19914.9472656, "dvar2": 33348.9179688, "max": 12064.9414062, "mean": 809.947021484, "median": 596.108032227, "min": 187.4427948, "var": 434518.375}, "spectral_complexity": {"dmean": 1.11656606197, "dmean2": 1.83510565758, "dvar": 1.66063952446, "dvar2": 3.76664614677, "max": 26, "mean": 10.0757312775, "median": 11, "min": 0, "var": 25.5146427155}, "spectral_decrease": {"dmean": 1.38966727015e-09, "dmean2": 2.22549312312e-09, "dvar": 1.07761450609e-17, "dvar2": 3.15063764724e-17, "max": 1.68844291923e-16, "mean": -5.07308772768e-09, "median": -3.08142644734e-09, "min": -5.79556136415e-08, "var": 4.35186933279e-17}, "spectral_energy": {"dmean": 0.00544599629939, "dmean2": 0.00866545364261, "dvar": 0.00016317225527, "dvar2": 0.000469547696412, "max": 0.222612962127, "mean": 0.0200137160718, "median": 0.012196094729, "min": 1.07803856217e-20, "var": 0.000665018684231}, "spectral_energyband_high": {"dmean": 2.71929025075e-06, "dmean2": 4.50302150057e-06, "dvar": 1.49586551479e-10, "dvar2": 3.91685683887e-10, "max": 0.000263711030129, "mean": 4.97643441122e-06, "median": 1.4770572534e-06, "min": 8.35602345165e-21, "var": 1.85311418988e-10}, "spectral_energyband_low": {"dmean": 0.00243220990524, "dmean2": 0.00466311490163, "dvar": 0.000102389029053, "dvar2": 0.000368081353372, "max": 0.178326398134, "mean": 0.00426708813757, "median": 0.000216809276026, "min": 7.55856100906e-23, "var": 0.000226601070608}, "spectral_energyband_middle_high": {"dmean": 0.00102526065893, "dmean2": 0.00125594995916, "dvar": 1.88099602383e-05, "dvar2": 3.24181710312e-05, "max": 0.119566246867, "mean": 0.00324064283632, "median": 0.00132034090348, "min": 1.36801173422e-21, "var": 5.79342486162e-05}, "spectral_energyband_middle_low": {"dmean": 0.00312662310898, "dmean2": 0.00457376148552, "dvar": 4.03056837968e-05, "dvar2": 7.87081080489e-05, "max": 0.117961242795, "mean": 0.0141225326806, "median": 0.00927985832095, "min": 3.17706724493e-22, "var": 0.000254531041719}, "spectral_entropy": {"dmean": 0.10426427424, "dmean2": 0.168141752481, "dvar": 0.0129474941641, "dvar2": 0.030854832381, "max": 9.80394363403, "mean": 6.36690807343, "median": 6.30611419678, "min": 5.17353963852, "var": 0.194948121905}, "spectral_flux": {"dmean": 0.0135724209249, "dmean2": 0.0218437127769, "dvar": 0.000675845949445, "dvar2": 0.00163837894797, "max": 0.363670736551, "mean": 0.0354016758502, "median": 0.0247209705412, "min": 1.03828633191e-10, "var": 0.00145010941196}, "spectral_kurtosis": {"dmean": 14.8623561859, "dmean2": 26.3155155182, "dvar": 220.820495605, "dvar2": 663.34588623, "max": 137.859115601, "mean": 33.849281311, "median": 26.5851802826, "min": -1.2008690834, "var": 624.412902832}, "spectral_rms": {"dmean": 0.000462319294456, "dmean2": 0.00070679403143, "dvar": 6.36001800558e-07, "dvar2": 1.59470641847e-06, "max": 0.0147371431813, "mean": 0.00369458226487, "median": 0.00344943883829, "min": 3.24306163521e-12, "var": 5.8756359067e-06}, "spectral_rolloff": {"dmean": 116.636009216, "dmean2": 203.754943848, "dvar": 111732.820312, "dvar2": 302686.25, "max": 19250.6835938, "mean": 1047.13757324, "median": 710.595703125, "min": 150.732421875, "var": 2427481.25}, "spectral_skewness": {"dmean": 0.977264344692, "dmean2": 1.72837591171, "dvar": 0.780134081841, "dvar2": 2.38977527618, "max": 8.85454654694, "mean": 3.39136958122, "median": 3.11451530457, "min": -0.094674013555, "var": 2.59688997269}, "spectral_spread": {"dmean": 211594.015625, "dmean2": 364027.65625, "dvar": 171183439872, "dvar2": 229879119872, "max": 41164116, "mean": 1554517.625, "median": 1395176.5, "min": 510311.40625, "var": 906607788032}, "spectral_strongpeak": {"dmean": 0.326189935207, "dmean2": 0.508376896381, "dvar": 0.446258634329, "dvar2": 0.947592675686, "max": 13.493270874, "mean": 1.15503287315, "median": 0.760146975517, "min": 0, "var": 1.7338732481}, "zerocrossingrate": {"dmean": 0.00305384094827, "dmean2": 0.00386336422525, "dvar": 2.64630034508e-05, "dvar2": 4.4914726459e-05, "max": 0.5673828125, "mean": 0.0386514440179, "median": 0.02880859375, "min": 0.005859375, "var": 0.00177667336538}, "barkbands": {"dmean": [1.41003647514e-06, 6.25086031505e-05, 0.00189902319107, 0.000943117716815, 0.0009635980241, 0.000607823836617, 0.000624794047326, 0.000745781057049, 0.000497476779856, 0.000202285635169, 0.000486097502289, 0.000225538227824, 0.000134753165185, 3.98549345846e-05, 5.52427372895e-05, 6.18827616563e-05, 2.46874187724e-05, 2.60500000877e-05, 1.6142241293e-05, 5.73457418795e-06, 8.36584035824e-07, 1.92096045737e-08, 4.79320867441e-08, 1.76375802852e-09, 2.11278905482e-09, 7.36796001988e-09, 2.51139368856e-07], "dmean2": [2.11527708416e-06, 9.89459222183e-05, 0.00369178852998, 0.00153883278836, 0.00141839683056, 0.00103397062048, 0.000871382770129, 0.00105678697582, 0.00060096103698, 0.00028776252293, 0.000565677531995, 0.000275449769106, 0.000198609923245, 6.14819509792e-05, 7.82461356721e-05, 9.13788826438e-05, 3.70605921489e-05, 4.02412260883e-05, 2.56768016698e-05, 9.16381031857e-06, 1.25357735214e-06, 2.89394463948e-08, 5.20885237165e-08, 3.04807490359e-09, 3.61923024883e-09, 1.17148184486e-08, 3.90674699702e-07], "dvar": [1.08707235921e-11, 4.16405505632e-08, 7.02090910636e-05, 7.98754172138e-06, 5.15557985636e-06, 1.48940455347e-06, 1.98023712983e-06, 4.66181109005e-06, 6.80461744196e-06, 4.04406790722e-07, 9.25177300815e-06, 3.64125958185e-06, 8.57611098581e-07, 1.43420608723e-08, 3.7682369225e-08, 1.36124029382e-07, 4.34945590655e-09, 1.42046445717e-08, 8.79886474792e-09, 4.37477581938e-10, 1.02498547844e-11, 1.42097137618e-14, 5.00848331992e-13, 2.71618882377e-17, 3.70388184895e-17, 1.08463426517e-15, 1.36856617618e-12], "dvar2": [2.09650474065e-11, 9.82620420586e-08, 0.000260000670096, 1.88179310499e-05, 1.04866849142e-05, 4.10164875575e-06, 4.10365828429e-06, 8.60921954882e-06, 1.23783738673e-05, 8.49489879329e-07, 1.56730511662e-05, 5.65422351428e-06, 2.02500473279e-06, 2.99065945342e-08, 6.30900558463e-08, 3.06086604951e-07, 8.93125395862e-09, 3.20750395133e-08, 2.26725873631e-08, 1.04110375876e-09, 2.10599194334e-11, 2.91019582022e-14, 6.31444224165e-13, 7.4128505278e-17, 1.03637750114e-16, 2.47850670685e-15, 3.02030579366e-12], "max": [7.96165841166e-05, 0.00419981451705, 0.138844788074, 0.0564447566867, 0.0388686582446, 0.0266690272838, 0.0381376445293, 0.0550920665264, 0.0873903930187, 0.0146138509735, 0.0914212465286, 0.0985566750169, 0.055452272296, 0.00386604410596, 0.00527218636125, 0.0135879544541, 0.00167918927036, 0.00274931429885, 0.001845929306, 0.000484700663947, 0.000110446526378, 3.31836417899e-06, 3.57702847396e-05, 1.38166612373e-07, 1.41590732028e-07, 7.35229946258e-07, 2.7115280318e-05], "mean": [1.96583368961e-06, 0.000109458909719, 0.0025694326032, 0.0029283084441, 0.00303261377849, 0.0015724489931, 0.00216962117702, 0.00278339767829, 0.00156781566329, 0.000633587595075, 0.00133262074087, 0.000518098182511, 0.000286859867629, 8.82676904439e-05, 0.000165169651154, 0.000119450807688, 4.89806516271e-05, 4.53825887234e-05, 2.66045062745e-05, 1.12738998723e-05, 1.67223720382e-06, 4.78337227605e-08, 8.68718785796e-08, 4.83542095253e-09, 4.59288518329e-09, 1.59473216854e-08, 5.43398869013e-07], "median": [4.58343833998e-07, 1.18990456031e-05, 2.89999552479e-05, 0.000638004508801, 0.00141564558726, 0.000677326170262, 0.000845781643875, 0.00102237681858, 0.000454632536275, 0.000201267190278, 0.000201815913897, 7.17891380191e-05, 7.63562347856e-05, 3.14446806442e-05, 4.69289698231e-05, 2.31085214182e-05, 1.58836919582e-05, 1.04090322566e-05, 5.72950511923e-06, 2.54812357525e-06, 2.08827316328e-07, 1.30219026673e-08, 6.45896269802e-09, 3.46995232547e-09, 2.36703301404e-09, 6.1708855803e-09, 1.28023586399e-07], "min": [2.65539337053e-24, 6.16700847899e-24, 4.96321431068e-23, 3.47915679542e-23, 5.21041744374e-23, 1.10114411633e-23, 6.83508278893e-23, 5.58041718966e-23, 6.80470091557e-23, 3.67885251595e-23, 1.02657353672e-22, 8.31518527116e-23, 6.47467622271e-23, 5.06465204122e-23, 8.04215798751e-23, 1.69840844126e-22, 1.91887752001e-22, 1.38534400543e-22, 2.9759503757e-22, 4.593965939e-22, 5.14848643532e-22, 5.33306120692e-22, 5.57006935407e-22, 8.35896250756e-22, 1.47106185858e-21, 1.93096953337e-21, 2.34935227693e-21], "var": [2.66587411868e-11, 1.15541183732e-07, 0.000102924939711, 4.56883535662e-05, 1.84332257049e-05, 5.77731316298e-06, 1.38912009788e-05, 2.39108339883e-05, 2.08000165003e-05, 1.63445645285e-06, 2.85991191049e-05, 9.3906019174e-06, 9.60283955465e-07, 3.32084049148e-08, 1.58697602615e-07, 2.28169440675e-07, 1.08159312617e-08, 2.24247482805e-08, 1.10351532356e-08, 7.78350384145e-10, 2.41096413667e-11, 4.91656411764e-14, 1.46826919113e-12, 4.36803442719e-17, 4.9317097073e-17, 1.92875310145e-15, 3.05826761485e-12]}, "erbbands": {"dmean": [0.000845511152875, 0.0373976752162, 1.302069664, 3.40086364746, 2.69525885582, 2.94625973701, 5.43191194534, 5.44288730621, 6.72278022766, 11.8433685303, 14.0074996948, 12.5557928085, 5.59772157669, 18.1515712738, 10.8856124878, 6.66181850433, 6.46937561035, 2.37956857681, 3.34021139145, 2.0035469532, 3.42115569115, 1.51601564884, 1.49657452106, 1.10880494118, 0.446476399899, 0.268784224987, 0.0482099428773, 0.022210912779, 0.00174961995799, 0.000280600215774, 0.00190125452355, 0.000318228121614, 3.34353026119e-05, 1.53481232701e-05, 2.35871593759e-05, 4.26776932727e-05, 1.01426976471e-05, 2.68937583314e-06, 1.8552860638e-05, 1.18651651064e-05], "dmean2": [0.00144362123683, 0.0669960230589, 2.5162024498, 6.29471492767, 4.16337156296, 4.19089508057, 8.75860214233, 9.21197414398, 9.97074127197, 16.3272171021, 19.7079086304, 15.0509538651, 7.64505529404, 21.9302253723, 12.8054208755, 8.12899398804, 9.31281852722, 3.55803203583, 4.69712495804, 2.96852684021, 4.92153549194, 2.2444794178, 2.40604877472, 1.75126326084, 0.66953754425, 0.436214834452, 0.0751681998372, 0.0320234298706, 0.00242752977647, 0.000339766964316, 0.00204365234822, 0.00036189443199, 5.22032351e-05, 2.64665577561e-05, 3.73298280465e-05, 6.58417193335e-05, 1.59653864102e-05, 4.33341801909e-06, 2.80557305814e-05, 1.86232191481e-05], "dvar": [5.98531551077e-06, 0.0241870395839, 33.7667160034, 156.424713135, 53.0614852905, 56.956325531, 241.256942749, 153.296829224, 194.518600464, 882.157714844, 2092.59472656, 4570.203125, 338.868377686, 11078.3017578, 6739.55908203, 2789.01513672, 1868.90869141, 147.098678589, 120.840560913, 51.6299362183, 513.637268066, 21.163854599, 46.6380233765, 50.4197311401, 2.66561079025, 1.55093729496, 0.0451670438051, 0.00657448591664, 7.4655356002e-05, 1.53260941715e-06, 0.000805949617643, 1.86472880159e-05, 2.08981809635e-08, 2.89445090118e-09, 4.36249347757e-09, 5.68063995843e-08, 5.56922674644e-10, 6.48704354123e-11, 4.238716933e-09, 1.3627339257e-09], "dvar2": [1.74466986209e-05, 0.077742099762, 123.456581116, 519.000915527, 101.592475891, 110.644309998, 563.000610352, 421.355224609, 479.623474121, 1441.81945801, 4000.77490234, 8313.96484375, 686.707946777, 19338.6757812, 11247.6835938, 4605.15087891, 4357.57666016, 339.590820312, 194.701751709, 110.030448914, 1122.98474121, 43.0402641296, 116.12386322, 130.012954712, 5.25988149643, 3.89615488052, 0.0957447439432, 0.0117755532265, 0.000120866447105, 1.43758336435e-06, 0.00101377360988, 2.35685783991e-05, 3.44772779215e-08, 8.54621617918e-09, 1.04803108414e-08, 1.26917768739e-07, 1.38497213698e-09, 1.62666685677e-10, 9.43313338553e-09, 3.09911563079e-09], "max": [0.0471760593355, 3.36348199844, 102.634284973, 209.447570801, 200.387176514, 181.874176025, 280.184448242, 334.048461914, 281.47442627, 1105.77185059, 1411.77099609, 2487.56005859, 522.055969238, 3487.68847656, 3492.97583008, 2349.46630859, 2385.92871094, 666.260864258, 329.457458496, 182.176879883, 932.190551758, 117.298439026, 164.771530151, 151.322860718, 41.985080719, 30.9923381805, 6.70871496201, 2.49983692169, 0.26399359107, 0.0529914312065, 1.43529307842, 0.218248009682, 0.00720724090934, 0.00157630431931, 0.00125031045172, 0.00566541124135, 0.000425283098593, 0.00020107900491, 0.00144406140316, 0.000823497248348], "mean": [0.00157731433865, 0.0710548311472, 1.95703303814, 7.6541800499, 9.10612773895, 9.05096435547, 13.0138063431, 15.8105039597, 22.9176597595, 48.4990005493, 51.4847412109, 40.4290618896, 20.1386508942, 53.7893257141, 29.0433940887, 15.745839119, 13.9033584595, 6.00196123123, 9.42333221436, 5.72170305252, 7.0063829422, 3.15249323845, 2.61864495277, 1.88477003574, 0.998205900192, 0.516402423382, 0.0984267741442, 0.0475616194308, 0.00451499875635, 0.000829530123156, 0.00343358353712, 0.000613687909208, 9.78704119916e-05, 4.67728859803e-05, 6.28393318038e-05, 9.15236669243e-05, 3.00635983876e-05, 8.34783986647e-06, 4.75136839668e-05, 3.69326553482e-05], "median": [0.000311711366521, 0.00490427901968, 0.0566225834191, 1.0107755661, 3.74725103378, 4.00079679489, 4.31013536453, 7.07903957367, 11.2164869308, 23.9046802521, 19.3143997192, 13.0268621445, 8.82040405273, 13.3972530365, 7.13787412643, 3.49096059799, 4.11757850647, 2.52960801125, 3.12263059616, 1.94141018391, 1.51445174217, 1.01345479488, 0.617579460144, 0.449304252863, 0.284924715757, 0.115530334413, 0.0247800946236, 0.0060316817835, 0.00086561543867, 0.000346780958353, 0.000191934974282, 0.000100265737274, 6.40992802801e-05, 3.38844438375e-05, 3.13510972774e-05, 3.23388230754e-05, 1.86267279787e-05, 5.67573260923e-06, 1.6806907297e-05, 2.22036160267e-05], "min": [2.17580434191e-22, 2.01037503516e-21, 3.99258820553e-20, 1.08009825805e-19, 2.33955809497e-19, 8.78026241584e-20, 4.72337093433e-20, 1.42243296454e-19, 8.44021854728e-19, 8.39892775906e-19, 1.46156589704e-18, 2.02094471833e-18, 1.47257587779e-18, 2.41657238401e-18, 3.67795312819e-18, 2.65061755486e-18, 2.39637552859e-18, 3.35332795795e-18, 5.41171872902e-18, 4.53053604376e-18, 8.93519008755e-18, 1.18038226734e-17, 7.00635544594e-18, 1.13467805695e-17, 1.6135079327e-17, 2.31002428328e-17, 1.78647801623e-17, 2.41341755851e-17, 2.003361795e-17, 1.89925846793e-17, 1.6578386924e-17, 1.25669646173e-17, 1.58219616867e-17, 1.7260791077e-17, 1.02502658136e-17, 6.1649113445e-18, 3.76358741469e-18, 1.44876124456e-18, 3.38576398451e-19, 3.43224442636e-20], "var": [1.61849329743e-05, 0.0569260083139, 53.0205802917, 538.54095459, 244.626113892, 201.704101562, 635.997253418, 717.718688965, 1076.20849609, 6766.58984375, 8310.21289062, 13508.5751953, 1365.87365723, 34858.7460938, 18773.6308594, 6739.66113281, 2278.10131836, 195.031967163, 525.96307373, 131.496032715, 922.645812988, 51.4092407227, 65.0280151367, 64.1119155884, 6.74225664139, 2.23635482788, 0.0865543708205, 0.0199506431818, 0.000279140193015, 7.81136441219e-06, 0.00237202458084, 5.47189920326e-05, 6.48231974765e-08, 3.38157635227e-09, 9.67673319252e-09, 9.98512135197e-08, 1.34335487179e-09, 1.02862579565e-10, 1.054505816e-08, 3.47749495866e-09]}, "gfcc": {"mean": [-188.479476929, 191.901733398, -156.319030762, -32.63904953, -20.8143520355, -54.1754989624, -22.6818847656, -11.7593889236, -21.7319488525, -11.4894475937, -13.3808393478, -19.1170806885, -9.35034370422], "cov": [[16643.7578125, 9024.4453125, 918.837768555, -1329.37133789, -932.600341797, -1088.8458252, 573.063232422, -452.087463379, -590.329284668, -1072.61975098, -502.860473633, -400.792663574, 261.931213379], [9024.4453125, 5824.50390625, 997.284301758, -999.900085449, -636.746459961, -468.309326172, 158.195053101, -289.518493652, -326.954986572, -772.172241211, -297.191741943, -224.765655518, 108.295394897], [918.837768555, 997.284301758, 752.311462402, 34.8059616089, -159.991744995, -11.7182302475, 39.1141052246, -14.1098794937, -124.628013611, -176.984146118, -98.7185668945, -77.0775604248, -48.5634803772], [-1329.37133789, -999.900085449, 34.8059616089, 562.263122559, 158.209899902, -30.3972187042, 67.3647994995, 54.1630249023, 11.7085294724, 142.379104614, -5.96739530563, -25.2668170929, -61.269405365], [-932.600341797, -636.746459961, -159.991744995, 158.209899902, 322.826599121, 65.710319519, -26.8808193207, 55.6896133423, 74.4839782715, 47.1084365845, 90.5398864746, -2.4404323101, -47.5454177856], [-1088.8458252, -468.309326172, -11.7182302475, -30.3972187042, 65.710319519, 403.910644531, -28.8983268738, 37.0452194214, 90.5750961304, 92.5702667236, 18.1262073517, 67.0447692871, -1.39038109779], [573.063232422, 158.195053101, 39.1141052246, 67.3647994995, -26.8808193207, -28.8983268738, 180.729141235, 45.0145721436, -47.2317962646, -10.9772253036, -12.0275249481, -25.5273265839, 12.192990303], [-452.087463379, -289.518493652, -14.1098794937, 54.1630249023, 55.6896133423, 37.0452194214, 45.0145721436, 144.197158813, 55.4834098816, 0.386599034071, 44.5123977661, 5.72753429413, -36.4779396057], [-590.329284668, -326.954986572, -124.628013611, 11.7085294724, 74.4839782715, 90.5750961304, -47.2317962646, 55.4834098816, 155.018630981, 52.4546852112, 35.8071060181, 25.5217342377, -19.4872875214], [-1072.61975098, -772.172241211, -176.984146118, 142.379104614, 47.1084365845, 92.5702667236, -10.9772253036, 0.386599034071, 52.4546852112, 263.679473877, -5.33533668518, 24.8509883881, 12.8375577927], [-502.860473633, -297.191741943, -98.7185668945, -5.96739530563, 90.5398864746, 18.1262073517, -12.0275249481, 44.5123977661, 35.8071060181, -5.33533668518, 135.29850769, 27.8274116516, -28.4737415314], [-400.792663574, -224.765655518, -77.0775604248, -25.2668170929, -2.4404323101, 67.0447692871, -25.5273265839, 5.72753429413, 25.5217342377, 24.8509883881, 27.8274116516, 78.9667282104, 26.1928577423], [261.931213379, 108.295394897, -48.5634803772, -61.269405365, -47.5454177856, -1.39038109779, 12.192990303, -36.4779396057, -19.4872875214, 12.8375577927, -28.4737415314, 26.1928577423, 80.9620361328]], "icov": [[0.00106079061516, -0.00195814645849, 0.00145935744513, -0.000761325878557, -9.77572635747e-05, 0.000438805640442, -0.00142707047053, -0.00017508144083, 0.000563627225347, -0.00031953692087, 0.000443398574134, -4.7661626013e-05, -6.96046190569e-05], [-0.00195814645849, 0.00457673845813, -0.00369063206017, 0.00310372933745, -2.3263210096e-05, 1.62104552146e-05, 0.00100287911482, 0.0019731647335, -0.00210862304084, 0.00167285138741, 0.000185214492376, 0.000688291038387, 0.000142509365105], [0.00145935744513, -0.00369063206017, 0.00589227583259, -0.00394133012742, 0.00173748470843, -0.00168720644433, 0.000546918658074, -0.00249550538138, 0.00361529598013, 0.000626692199148, 0.000361379556125, 0.0014142919099, 0.0009919507429], [-0.000761325878557, 0.00310372933745, -0.00394133012742, 0.00737030198798, -0.00283860461786, 0.00271223275922, -0.00382062769495, 0.00305237458088, -0.00243862927891, -0.000699268595781, 0.00317188864574, -0.00145915034227, 0.00296672154218], [-9.77572635747e-05, -2.3263210096e-05, 0.00173748470843, -0.00283860461786, 0.0066261459142, -0.00211739563383, 0.00236321636476, -0.00100550125353, -6.43296007183e-05, 0.00146614096593, -0.0038032613229, 0.00418007140979, -0.000650516070891], [0.000438805640442, 1.62104552146e-05, -0.00168720644433, 0.00271223275922, -0.00211739563383, 0.0053391745314, -0.00318788993172, 0.00148689723574, -0.00262022064999, -0.00150153762661, 0.0022587031126, -0.00416601868346, 0.00134700769559], [-0.00142707047053, 0.00100287911482, 0.000546918658074, -0.00382062769495, 0.00236321636476, -0.00318788993172, 0.0141801834106, -0.00769374752417, 0.00479293521494, -0.000321764469845, -0.00342244585045, 0.00423682667315, -0.00492645520717], [-0.00017508144083, 0.0019731647335, -0.00249550538138, 0.00305237458088, -0.00100550125353, 0.00148689723574, -0.00769374752417, 0.0152585208416, -0.00685299467295, 0.00235356227495, 3.14830467687e-05, -0.00173395010643, 0.00475808465853], [0.000563627225347, -0.00210862304084, 0.00361529598013, -0.00243862927891, -6.43296007183e-05, -0.00262022064999, 0.00479293521494, -0.00685299467295, 0.0135092465207, -0.00172525376547, -0.000375842413632, -9.69974789768e-05, 0.000852265686262], [-0.00031953692087, 0.00167285138741, 0.000626692199148, -0.000699268595781, 0.00146614096593, -0.00150153762661, -0.000321764469845, 0.00235356227495, -0.00172525376547, 0.00865051802248, 0.00129774317611, 0.00246183341369, -0.00153999042232], [0.000443398574134, 0.000185214492376, 0.000361379556125, 0.00317188864574, -0.0038032613229, 0.0022587031126, -0.00342244585045, 3.14830467687e-05, -0.000375842413632, 0.00129774317611, 0.0145605597645, -0.00646886928007, 0.0061872289516], [-4.7661626013e-05, 0.000688291038387, 0.0014142919099, -0.00145915034227, 0.00418007140979, -0.00416601868346, 0.00423682667315, -0.00173395010643, -9.69974789768e-05, 0.00246183341369, -0.00646886928007, 0.0256566107273, -0.011047642678], [-6.96046190569e-05, 0.000142509365105, 0.0009919507429, 0.00296672154218, -0.000650516070891, 0.00134700769559, -0.00492645520717, 0.00475808465853, 0.000852265686262, -0.00153999042232, 0.0061872289516, -0.011047642678, 0.02395244129]]}, "melbands": {"dmean": [1.06529651021e-05, 0.000500411435496, 0.000556979270186, 0.000182940726518, 0.000180870585609, 0.000114247755846, 0.000116754832561, 0.000148488412378, 0.000104101498437, 8.08322874946e-05, 2.60092201643e-05, 7.00874370523e-05, 4.20313299401e-05, 2.99161565636e-05, 1.13821279228e-05, 1.63694785442e-05, 3.01850104734e-06, 5.7281381487e-06, 3.1472959563e-06, 3.51661469722e-06, 4.03608100896e-06, 1.83905729045e-06, 9.34210902415e-07, 1.42799967762e-06, 1.0129065231e-06, 4.30817038932e-07, 3.03657344602e-07, 1.62575858553e-07, 2.69775881634e-08, 2.78773342188e-08, 9.04594532614e-09, 5.84101711443e-10, 3.81740555833e-10, 5.75005425218e-11, 9.04072261498e-10, 9.52716128211e-10, 2.72942068252e-11, 2.1705722289e-11, 1.49818577683e-11, 1.17822210322e-11], "dmean2": [1.65569836099e-05, 0.000968823849689, 0.00100588647183, 0.000273672281764, 0.000283545756247, 0.000193373605725, 0.000168480706634, 0.000207229168154, 0.000145728277857, 9.63007405517e-05, 3.6706103856e-05, 8.5575877165e-05, 4.91447317472e-05, 3.56484597432e-05, 1.50438509081e-05, 2.43008435064e-05, 4.71016255688e-06, 8.19501292426e-06, 4.56514544567e-06, 5.35711842531e-06, 5.76786942474e-06, 2.76775926977e-06, 1.51973392803e-06, 2.31055719269e-06, 1.66098607224e-06, 6.3785284965e-07, 4.83783765048e-07, 2.72047969929e-07, 4.27995736629e-08, 4.2572665393e-08, 1.24941266222e-08, 9.23553344911e-10, 4.50652321016e-10, 9.551147373e-11, 9.74714864377e-10, 1.0353587987e-09, 4.69412460291e-11, 3.75955412635e-11, 2.69922955515e-11, 2.14556289402e-11], "dvar": [8.99509633445e-10, 4.96850680065e-06, 3.39050916409e-06, 1.84910291523e-07, 2.73930453432e-07, 6.05399108622e-08, 6.22616767032e-08, 1.42823893157e-07, 1.55040851268e-07, 2.02971946806e-07, 6.82006362496e-09, 1.52557447564e-07, 7.16351138408e-08, 6.25478691063e-08, 2.5669763204e-08, 1.50064227711e-08, 1.27081692392e-10, 3.20502180351e-10, 1.53101656353e-10, 3.32676719506e-10, 8.52343251534e-10, 3.08606265542e-11, 1.28758921927e-11, 5.39143417411e-11, 4.93351297315e-11, 3.92465704033e-12, 8.74410841043e-13, 7.94143613717e-13, 2.53960399802e-14, 8.88938123551e-15, 2.17482443119e-15, 1.41165948507e-17, 4.78498920789e-18, 1.34910314474e-20, 1.77790495093e-16, 2.04081471333e-16, 5.96562173097e-21, 3.65160860506e-21, 2.3437934455e-21, 1.91899056062e-21], "dvar2": [2.02385863624e-09, 1.82227904588e-05, 1.10425489765e-05, 3.63403103165e-07, 6.11732616562e-07, 1.65998784496e-07, 1.43656322393e-07, 2.40301602616e-07, 2.89821485921e-07, 3.70804144723e-07, 1.43162548483e-08, 2.67373508223e-07, 1.21992158597e-07, 8.97277487866e-08, 4.95980110315e-08, 3.5922447239e-08, 3.13412296116e-10, 5.28849686265e-10, 2.64298999353e-10, 8.05248701052e-10, 1.85433157718e-09, 6.29391816442e-11, 3.15887940805e-11, 1.29955407546e-10, 1.30359931183e-10, 7.60531134597e-12, 2.05412618338e-12, 2.09245750067e-12, 6.04628177495e-14, 2.14981671516e-14, 3.26550428814e-15, 3.42892436636e-17, 4.30900384083e-18, 3.39361961539e-20, 2.21865457457e-16, 2.59827938905e-16, 1.49166109941e-20, 9.79195244949e-21, 7.15231167829e-21, 5.86969018644e-21], "max": [0.000639354402665, 0.0387234389782, 0.0301643051207, 0.00993227772415, 0.0104165067896, 0.00648988643661, 0.00599994324148, 0.0135470423847, 0.0142785580829, 0.0168913975358, 0.00195923447609, 0.0129628581926, 0.00939413625747, 0.014245448634, 0.00967445690185, 0.00749526778236, 0.000516202242579, 0.000503621995449, 0.000467202509753, 0.000583827844821, 0.00123979477212, 0.000157139525982, 9.11706083571e-05, 0.000181660914677, 0.000140260803164, 6.45959953545e-05, 2.0335382942e-05, 1.98211164388e-05, 3.30432726514e-06, 2.17461115426e-06, 1.79014659807e-06, 9.87055628343e-08, 8.49704449024e-08, 3.70707020636e-09, 6.75854835208e-07, 7.19679405847e-07, 2.56889420847e-09, 1.65218361214e-09, 1.40735856302e-09, 1.24249399658e-09], "mean": [1.85708722711e-05, 0.000718595227227, 0.00140210904647, 0.000596542668063, 0.000474564032629, 0.000325422122842, 0.000403314450523, 0.000606918067206, 0.000363463797839, 0.000253886537394, 9.1217996669e-05, 0.000208646015381, 0.000116516537673, 7.17319562682e-05, 2.32013353525e-05, 3.42695093423e-05, 7.04288004272e-06, 1.50866271724e-05, 9.16776389204e-06, 7.52556024963e-06, 8.02288104751e-06, 3.50963227902e-06, 1.73148328031e-06, 2.27291661758e-06, 1.51298320361e-06, 8.49235902933e-07, 6.04407773608e-07, 2.61985746874e-07, 4.54621158497e-08, 5.32031094735e-08, 1.81118586795e-08, 1.21676302367e-09, 8.42049707739e-10, 1.73362352252e-10, 1.63809044107e-09, 1.67284308628e-09, 6.76549788414e-11, 5.43920707086e-11, 3.47989519145e-11, 2.31559806052e-11], "median": [2.97717019748e-06, 1.31960814542e-05, 0.000290737400064, 0.000312860240228, 0.000175942099304, 0.000139614930958, 0.000186048826436, 0.000312692340231, 0.000132058790768, 6.90502129146e-05, 3.24337270285e-05, 5.34940263606e-05, 2.46964391408e-05, 1.23642839753e-05, 4.37457811131e-06, 7.79284437158e-06, 2.64695700025e-06, 4.84252632305e-06, 3.02275248032e-06, 1.99838723347e-06, 1.56512192007e-06, 9.73505052571e-07, 4.54694401242e-07, 5.02867692376e-07, 3.12278075398e-07, 1.89038701137e-07, 1.49948760964e-07, 3.43884636322e-08, 7.37664596073e-09, 6.23746210238e-09, 1.05372366388e-09, 3.09560099776e-10, 2.00253105764e-10, 1.40353936806e-10, 1.04645382637e-10, 6.6613346783e-11, 4.78357249645e-11, 3.83928097647e-11, 2.54309316661e-11, 1.51673586885e-11], "min": [1.55877317428e-24, 1.48867172047e-23, 2.25008768148e-23, 1.29912193447e-23, 1.45361732536e-24, 2.94649290532e-24, 1.33895885798e-23, 8.97688132515e-24, 1.37708545216e-23, 1.12233536571e-23, 6.60728279424e-24, 8.46867030873e-24, 1.36104112576e-23, 1.00014373028e-23, 4.10043232659e-24, 6.78504865493e-24, 5.72419245389e-24, 8.94064894377e-24, 4.07215836846e-24, 9.36923312927e-24, 1.0521411813e-23, 1.44711815675e-23, 5.05521750145e-24, 7.51390406653e-24, 8.71922357628e-24, 1.37748650905e-23, 9.97250740679e-24, 1.64477214749e-23, 1.12351692157e-23, 1.29777321898e-23, 1.25735632493e-23, 1.09825002232e-23, 1.04816697895e-23, 1.06428593159e-23, 9.7761717604e-24, 7.15890167083e-24, 8.23278985402e-24, 9.89793401884e-24, 1.46838363794e-23, 1.48161078428e-23], "var": [2.62921173722e-09, 7.55477185521e-06, 1.17527761176e-05, 7.76987349127e-07, 7.73081239913e-07, 2.82681128283e-07, 3.87662254298e-07, 9.98448285827e-07, 5.5408412436e-07, 5.98645215177e-07, 3.09496073214e-08, 4.80979394979e-07, 2.11827526186e-07, 1.82638444812e-07, 4.5532068782e-08, 1.61968998214e-08, 2.25198429349e-10, 1.30753918803e-09, 5.0529785911e-10, 4.76494566026e-10, 1.54006818409e-09, 7.60496665642e-11, 2.11841481856e-11, 6.93837071131e-11, 5.24296821236e-11, 9.81408617567e-12, 1.76166373156e-12, 8.96890634677e-13, 3.45037956268e-14, 1.81410452388e-14, 7.05952028944e-15, 2.9748888986e-17, 2.11327738936e-17, 4.69864049583e-20, 5.30865194197e-16, 5.87858441328e-16, 1.06555726298e-20, 6.07518034908e-21, 1.95872572423e-21, 1.37884919369e-21]}, "mfcc": {"mean": [-806.605957031, 216.805374146, -42.0779495239, 1.95134103298, 2.91266989708, -32.2573661804, -7.91361951828, -11.5171375275, -10.7727384567, -0.649549424648, -9.79488182068, -9.19031620026, -5.17694950104], "cov": [[8802.71875, 6149.09716797, -377.106445312, -170.557342529, -608.442993164, -693.177124023, 197.312896729, 27.0322132111, -54.2104911804, -175.133255005, -465.061248779, -177.531677246, -40.3150749207], [6149.09716797, 4974.13720703, 232.836669922, -428.091217041, -410.01171875, -458.231445312, 64.309715271, 118.985855103, -87.5338668823, -220.487106323, -339.728515625, -209.304077148, -45.5255241394], [-377.106445312, 232.836669922, 616.899963379, 0.0403719730675, -59.6228981018, 64.6371765137, 21.4626026154, 53.7157516479, 6.81802225113, -59.6184272766, -30.6758670807, -31.4537906647, -34.0313949585], [-170.557342529, -428.091217041, 0.0403719730675, 497.429962158, 33.4957046509, -65.5982131958, 126.888748169, -25.491235733, 9.03007125854, 76.1749725342, 8.75491046906, 29.749168396, -12.8980445862], [-608.442993164, -410.01171875, -59.6228981018, 33.4957046509, 277.726776123, 70.4440383911, -59.0684661865, 52.966583252, -39.6053352356, 28.1769695282, 99.2036514282, -8.34331607819, 4.5383439064], [-693.177124023, -458.231445312, 64.6371765137, -65.5982131958, 70.4440383911, 282.020935059, 9.07699489594, -60.3955917358, 81.9656677246, 7.44702196121, 31.8850898743, 59.5334663391, -15.4700450897], [197.312896729, 64.309715271, 21.4626026154, 126.888748169, -59.0684661865, 9.07699489594, 170.902679443, 39.6185379028, 3.82464337349, 26.5988578796, -26.9544029236, 20.6060810089, 30.0525932312], [27.0322132111, 118.985855103, 53.7157516479, -25.491235733, 52.966583252, -60.3955917358, 39.6185379028, 195.564285278, -4.25307321548, -14.6384706497, 39.7830276489, -9.57909393311, 42.7233009338], [-54.2104911804, -87.5338668823, 6.81802225113, 9.03007125854, -39.6053352356, 81.9656677246, 3.82464337349, -4.25307321548, 151.986953735, 40.0721435547, -3.09722805023, 55.3733177185, 3.45538020134], [-175.133255005, -220.487106323, -59.6184272766, 76.1749725342, 28.1769695282, 7.44702196121, 26.5988578796, -14.6384706497, 40.0721435547, 111.10369873, 38.2788581848, 22.8361110687, 31.3423519135], [-465.061248779, -339.728515625, -30.6758670807, 8.75491046906, 99.2036514282, 31.8850898743, -26.9544029236, 39.7830276489, -3.09722805023, 38.2788581848, 122.955284119, 30.2445259094, 0.0142861306667], [-177.531677246, -209.304077148, -31.4537906647, 29.749168396, -8.34331607819, 59.5334663391, 20.6060810089, -9.57909393311, 55.3733177185, 22.8361110687, 30.2445259094, 105.666183472, 40.6518554688], [-40.3150749207, -45.5255241394, -34.0313949585, -12.8980445862, 4.5383439064, -15.4700450897, 30.0525932312, 42.7233009338, 3.45538020134, 31.3423519135, 0.0142861306667, 40.6518554688, 110.947120667]], "icov": [[1.88425326347, -2.65216040611, 2.61455106735, -2.5420923233, 2.43508291245, -2.25773119926, 2.00944781303, -1.73517847061, 1.39481413364, -1.04844367504, 0.736368000507, -0.487343460321, 0.243526592851], [-2.65216040611, 3.73347139359, -3.68046736717, 3.57924222946, -3.42854809761, 3.17984342575, -2.8301923275, 2.44344949722, -1.9645190239, 1.47657287121, -1.0360814333, 0.685865283012, -0.34235560894], [2.61455106735, -3.68046736717, 3.63081264496, -3.53009724617, 3.38307380676, -3.13838028908, 2.79322457314, -2.41272759438, 1.93920171261, -1.45661485195, 1.02281403542, -0.675207078457, 0.33799302578], [-2.5420923233, 3.57924222946, -3.53009724617, 3.43907237053, -3.2952811718, 3.05934143066, -2.72563791275, 2.35170435905, -1.89102804661, 1.41883563995, -0.994642555714, 0.654928326607, -0.325710713863], [2.43508291245, -3.42854809761, 3.38307380676, -3.2952811718, 3.16720151901, -2.93773627281, 2.61781930923, -2.26044154167, 1.81927704811, -1.36578643322, 0.952796339989, -0.627009093761, 0.313561856747], [-2.25773119926, 3.17984342575, -3.13838028908, 3.05934143066, -2.93773627281, 2.73470330238, -2.43434643745, 2.10260176659, -1.69358551502, 1.27099943161, -0.888635337353, 0.581454277039, -0.290610104799], [2.00944781303, -2.8301923275, 2.79322457314, -2.72563791275, 2.61781930923, -2.43434643745, 2.17870116234, -1.87689161301, 1.51106798649, -1.13628315926, 0.795742809772, -0.521944522858, 0.259920924902], [-1.73517847061, 2.44344949722, -2.41272759438, 2.35170435905, -2.26044154167, 2.10260176659, -1.87689161301, 1.62827014923, -1.30735731125, 0.984986007214, -0.692223072052, 0.454317271709, -0.231439515948], [1.39481413364, -1.9645190239, 1.93920171261, -1.89102804661, 1.81927704811, -1.69358551502, 1.51106798649, -1.30735731125, 1.06267869473, -0.796751976013, 0.557457029819, -0.369644403458, 0.186621367931], [-1.04844367504, 1.47657287121, -1.45661485195, 1.41883563995, -1.36578643322, 1.27099943161, -1.13628315926, 0.984986007214, -0.796751976013, 0.612812638283, -0.425457775593, 0.280350476503, -0.146323144436], [0.736368000507, -1.0360814333, 1.02281403542, -0.994642555714, 0.952796339989, -0.888635337353, 0.795742809772, -0.692223072052, 0.557457029819, -0.425457775593, 0.313215017319, -0.203209534287, 0.105915226042], [-0.487343460321, 0.685865283012, -0.675207078457, 0.654928326607, -0.627009093761, 0.581454277039, -0.521944522858, 0.454317271709, -0.369644403458, 0.280350476503, -0.203209534287, 0.15032440424, -0.0762069448829], [0.243526592851, -0.34235560894, 0.33799302578, -0.325710713863, 0.313561856747, -0.290610104799, 0.259920924902, -0.231439515948, 0.186621367931, -0.146323144436, 0.105915226042, -0.0762069448829, 0.0516343303025]]}, "spectral_contrast_coeffs": {"dmean": [0.0409597419202, 0.0310736950487, 0.0243097171187, 0.0255659241229, 0.0199315790087, 0.0268361978233], "dmean2": [0.0676896423101, 0.0517136789858, 0.0380062907934, 0.0412830859423, 0.0317902974784, 0.0468853712082], "dvar": [0.00109672290273, 0.000950663583353, 0.000669999571983, 0.000576424121391, 0.000315516925184, 0.000627131317742], "dvar2": [0.00300676794723, 0.00247042137198, 0.00153967889491, 0.00133146008011, 0.000710794469342, 0.0018416949315], "max": [-0.219913348556, -0.431861758232, -0.438136547804, -0.484113007784, -0.49078258872, -0.540900290012], "mean": [-0.514765381813, -0.668463289738, -0.694926798344, -0.755402803421, -0.751293063164, -0.774906218052], "median": [-0.491471022367, -0.661087870598, -0.685690879822, -0.76234972477, -0.757926523685, -0.783838450909], "min": [-0.960723757744, -0.97652888298, -0.972470283508, -0.96570700407, -0.962979793549, -0.959984183311], "var": [0.0156365502626, 0.00803674012423, 0.00838667433709, 0.00483352504671, 0.00353931146674, 0.0037535817828]}, "spectral_contrast_valleys": {"dmean": [0.432131975889, 0.257693916559, 0.2424454391, 0.23647300899, 0.164605855942, 0.371490329504], "dmean2": [0.719661414623, 0.427592545748, 0.390657186508, 0.394086897373, 0.273019433022, 0.663135230541], "dvar": [0.141499787569, 0.0918197482824, 0.0973809882998, 0.0781067535281, 0.0490637719631, 0.152312964201], "dvar2": [0.361216723919, 0.198438748717, 0.204451829195, 0.170145690441, 0.0893850550056, 0.443798154593], "max": [-6.17161417007, -4.56304788589, -5.45222187042, -6.58091068268, -7.38330984116, -11.939450264], "mean": [-9.41549015045, -7.48746776581, -8.47910022736