{"lowlevel": {"average_loudness": 0.967686235905, "barkbands_crest": {"dmean": 2.51766610146, "dmean2": 4.19696617126, "dvar": 6.34606695175, "dvar2": 17.0465755463, "max": 26.083530426, "mean": 14.0779666901, "median": 13.0766963959, "min": 4.20293569565, "var": 22.8948345184}, "barkbands_flatness_db": {"dmean": 0.0317013561726, "dmean2": 0.0471863038838, "dvar": 0.00111881829798, "dvar2": 0.00245424429886, "max": 0.554141581059, "mean": 0.210659876466, "median": 0.19432720542, "min": 0.0363055840135, "var": 0.00904423650354}, "barkbands_kurtosis": {"dmean": 11.8006219864, "dmean2": 18.0916099548, "dvar": 238.680419922, "dvar2": 514.738647461, "max": 466.53137207, "mean": 39.8737335205, "median": 18.0694503784, "min": -1.89587068558, "var": 4699.41992188}, "barkbands_skewness": {"dmean": 0.982136845589, "dmean2": 1.53289473057, "dvar": 1.08995342255, "dvar2": 2.51940202713, "max": 16.9025440216, "mean": 4.28840684891, "median": 3.65830278397, "min": -3.07078695297, "var": 7.26122808456}, "barkbands_spread": {"dmean": 6.76608467102, "dmean2": 10.7585306168, "dvar": 121.131446838, "dvar2": 292.77255249, "max": 106.0001297, "mean": 13.0815725327, "median": 8.65449714661, "min": 0.271372288465, "var": 191.26713562}, "dissonance": {"dmean": 0.0209902785718, "dmean2": 0.0345701128244, "dvar": 0.000429148058174, "dvar2": 0.00105911015999, "max": 0.499999880791, "mean": 0.450125426054, "median": 0.459591060877, "min": 0.282972335815, "var": 0.00118824618403}, "dynamic_complexity": 4.40336275101, "erbbands_crest": {"dmean": 2.70495533943, "dmean2": 4.302983284, "dvar": 7.60701799393, "dvar2": 17.6919670105, "max": 28.4371967316, "mean": 10.6890306473, "median": 9.89215087891, "min": 2.5663728714, "var": 25.6907272339}, "erbbands_flatness_db": {"dmean": 0.0224932953715, "dmean2": 0.0304344259202, "dvar": 0.000634026306216, "dvar2": 0.00120796798728, "max": 0.323183864355, "mean": 0.131261125207, "median": 0.115984149277, "min": 0.0438256524503, "var": 0.00336042186245}, "erbbands_kurtosis": {"dmean": 1.71650183201, "dmean2": 2.60787343979, "dvar": 6.72093343735, "dvar2": 15.4023332596, "max": 58.8501815796, "mean": 2.86182570457, "median": 0.369477748871, "min": -1.86788284779, "var": 54.8802452087}, "erbbands_skewness": {"dmean": 0.466676652431, "dmean2": 0.704378604889, "dvar": 0.233737781644, "dvar2": 0.526952266693, "max": 6.91596794128, "mean": 1.27982020378, "median": 1.05919146538, "min": -1.63088679314, "var": 1.52214097977}, "erbbands_spread": {"dmean": 15.9018602371, "dmean2": 22.5898227692, "dvar": 367.455169678, "dvar2": 680.597229004, "max": 165.90133667, "mean": 60.2828903198, "median": 53.6194458008, "min": 5.58210849762, "var": 1279.97412109}, "hfc": {"dmean": 9.12738227844, "dmean2": 13.3446407318, "dvar": 266.482666016, "dvar2": 629.454162598, "max": 154.435974121, "mean": 13.9052124023, "median": 7.64493083954, "min": 1.22910158414e-16, "var": 333.706695557}, "melbands_crest": {"dmean": 2.82562613487, "dmean2": 4.74621248245, "dvar": 7.05066633224, "dvar2": 17.9711647034, "max": 29.5853214264, "mean": 18.2155609131, "median": 18.2585945129, "min": 1.92247784138, "var": 22.8898735046}, "melbands_flatness_db": {"dmean": 0.0366942882538, "dmean2": 0.0552744343877, "dvar": 0.00168070464861, "dvar2": 0.00362001685426, "max": 0.691684424877, "mean": 0.316512554884, "median": 0.303373485804, "min": 0.00727434363216, "var": 0.0119904866442}, "melbands_kurtosis": {"dmean": 27.1851463318, "dmean2": 42.5372085571, "dvar": 1350.19274902, "dvar2": 3070.50048828, "max": 469.434143066, "mean": 70.6891021729, "median": 46.521900177, "min": -1.35798883438, "var": 5480.15087891}, "melbands_skewness": {"dmean": 1.35184240341, "dmean2": 2.11263871193, "dvar": 2.40773844719, "dvar2": 5.48092079163, "max": 15.8972473145, "mean": 5.52925539017, "median": 5.03399419785, "min": -0.265623360872, "var": 7.75686454773}, "melbands_spread": {"dmean": 3.47515416145, "dmean2": 5.88558340073, "dvar": 62.6150741577, "dvar2": 145.430419922, "max": 151.64414978, "mean": 7.41869544983, "median": 4.88651657104, "min": 0.415211707354, "var": 130.142547607}, "pitch_salience": {"dmean": 0.0748383924365, "dmean2": 0.12364102155, "dvar": 0.00563416490331, "dvar2": 0.0143244285136, "max": 0.843988597393, "mean": 0.454274982214, "median": 0.443285435438, "min": 0.0990938991308, "var": 0.0166447423398}, "silence_rate_20dB": {"dmean": 0, "dmean2": 0, "dvar": 0, "dvar2": 0, "max": 1, "mean": 1, "median": 1, "min": 1, "var": 0}, "silence_rate_30dB": {"dmean": 0.0888554230332, "dmean2": 0.177844762802, "dvar": 0.0809608399868, "dvar2": 0.174853399396, "max": 1, "mean": 0.918735921383, "median": 1, "min": 0, "var": 0.0746614933014}, "silence_rate_60dB": {"dmean": 0.0451807230711, "dmean2": 0.0904295369983, "dvar": 0.0431390106678, "dvar2": 0.088281519711, "max": 1, "mean": 0.129420623183, "median": 0, "min": 0, "var": 0.112669482827}, "spectral_centroid": {"dmean": 208.221572876, "dmean2": 331.981079102, "dvar": 130943.648438, "dvar2": 271998.84375, "max": 10948.7539062, "mean": 669.536010742, "median": 520.017272949, "min": 119.796318054, "var": 305028.1875}, "spectral_complexity": {"dmean": 2.92921686172, "dmean2": 4.35418224335, "dvar": 30.6594200134, "dvar2": 60.9866905212, "max": 60, "mean": 8.94582366943, "median": 7, "min": 0, "var": 61.1287155151}, "spectral_decrease": {"dmean": 5.72302827351e-09, "dmean2": 9.6279180184e-09, "dvar": 1.68684851205e-16, "dvar2": 4.53632888885e-16, "max": 8.94433969774e-17, "mean": -1.03678310381e-08, "median": -8.11133737955e-09, "min": -1.23935919305e-07, "var": 1.59262708163e-16}, "spectral_energy": {"dmean": 0.0221706777811, "dmean2": 0.0371332280338, "dvar": 0.00249976385385, "dvar2": 0.00670059816912, "max": 0.474051594734, "mean": 0.0403918325901, "median": 0.0316858291626, "min": 1.10008017899e-20, "var": 0.00237884721719}, "spectral_energyband_high": {"dmean": 0.000683892983943, "dmean2": 0.00100081274286, "dvar": 1.61167599799e-06, "dvar2": 3.80334358852e-06, "max": 0.0105196973309, "mean": 0.000800643872935, "median": 0.000218104207306, "min": 7.60726909313e-21, "var": 1.91427511709e-06}, "spectral_energyband_low": {"dmean": 0.0178584773093, "dmean2": 0.031245559454, "dvar": 0.00199828506447, "dvar2": 0.0056049018167, "max": 0.403039515018, "mean": 0.0286619272083, "median": 0.0220859851688, "min": 2.68215358348e-23, "var": 0.00165857130196}, "spectral_energyband_middle_high": {"dmean": 0.000672102731187, "dmean2": 0.000997803988867, "dvar": 3.72707722818e-06, "dvar2": 9.73751684796e-06, "max": 0.0235307272524, "mean": 0.00107624114025, "median": 0.000409151107306, "min": 1.70498080119e-21, "var": 3.98675683755e-06}, "spectral_energyband_middle_low": {"dmean": 0.00667715072632, "dmean2": 0.0103045394644, "dvar": 0.000203968418646, "dvar2": 0.00045684108045, "max": 0.133533015847, "mean": 0.0114157265052, "median": 0.00656633498147, "min": 3.69862446257e-22, "var": 0.000271232391242}, "spectral_entropy": {"dmean": 0.309045881033, "dmean2": 0.427603572607, "dvar": 0.126938298345, "dvar2": 0.256266742945, "max": 9.81188297272, "mean": 7.21517133713, "median": 7.35383176804, "min": 4.80425596237, "var": 0.564716458321}, "spectral_flux": {"dmean": 0.0426829271019, "dmean2": 0.0677695348859, "dvar": 0.00536803435534, "dvar2": 0.0108179384843, "max": 0.566549181938, "mean": 0.0842158645391, "median": 0.0535588376224, "min": 1.04884705088e-10, "var": 0.00814006198198}, "spectral_kurtosis": {"dmean": 1.96101486683, "dmean2": 2.85950708389, "dvar": 10.3042182922, "dvar2": 22.9326400757, "max": 35.0469512939, "mean": 4.30134534836, "median": 2.78343296051, "min": -1.18651401997, "var": 19.1110630035}, "spectral_rms": {"dmean": 0.00133979693055, "dmean2": 0.00210005883127, "dvar": 5.40279052075e-06, "dvar2": 1.31229298859e-05, "max": 0.0215055663139, "mean": 0.00542895263061, "median": 0.00555994641036, "min": 3.27604783579e-12, "var": 9.93314642983e-06}, "spectral_rolloff": {"dmean": 419.314147949, "dmean2": 766.451904297, "dvar": 2038511.375, "dvar2": 5131122, "max": 19401.4160156, "mean": 617.106689453, "median": 301.46484375, "min": 86.1328125, "var": 3072174.25}, "spectral_skewness": {"dmean": 0.310136049986, "dmean2": 0.432114183903, "dvar": 0.166472315788, "dvar2": 0.337237119675, "max": 4.66115236282, "mean": 1.71722638607, "median": 1.55322802067, "min": 0.0405165441334, "var": 0.458996266127}, "spectral_spread": {"dmean": 1170943.5, "dmean2": 1482455.625, "dvar": 2381148323840.0, "dvar2": 3829096775680.0, "max": 40224104, "mean": 6835638.5, "median": 6595265, "min": 1778503.25, "var": 6525910777860.0}, "spectral_strongpeak": {"dmean": 0.212767243385, "dmean2": 0.356358766556, "dvar": 0.0781329572201, "dvar2": 0.188644438982, "max": 2.90883898735, "mean": 0.478408813477, "median": 0.366421967745, "min": 0, "var": 0.149624437094}, "zerocrossingrate": {"dmean": 0.0135803222656, "dmean2": 0.0164231024683, "dvar": 0.000386283383705, "dvar2": 0.000459037459223, "max": 0.58642578125, "mean": 0.0447774864733, "median": 0.03515625, "min": 0.0029296875, "var": 0.00241294084117}, "barkbands": {"dmean": [0.000205993652344, 0.0131128206849, 0.00530928140506, 0.00255233398639, 0.00312230573036, 0.00191020988859, 0.000428458646638, 7.61923947721e-05, 0.000112231959065, 0.000131109525682, 0.000163413977134, 9.59974422585e-05, 6.21210419922e-05, 7.01008320902e-05, 6.45970649202e-05, 7.34004861442e-05, 6.41717560939e-05, 5.50196200493e-05, 7.25705176592e-05, 6.73137838021e-05, 9.89185209619e-05, 0.000101787802123, 0.000172916144948, 7.41477924748e-05, 0.000118224343169, 8.71612937772e-05, 3.02451207972e-05], "dmean2": [0.00034129343112, 0.0228796675801, 0.00930300820619, 0.00445272726938, 0.00488353939727, 0.00293459207751, 0.000720712007023, 0.000131221371703, 0.000177936293767, 0.000192464154679, 0.000232569174841, 0.000160079594934, 0.00010501898214, 0.000108532694867, 0.000109452295874, 0.000115189723147, 0.000111355875561, 9.20044258237e-05, 0.00012122120097, 0.000110561762995, 0.000144890451338, 0.000155436166096, 0.000275776081253, 0.000111026871309, 0.000165771692991, 0.000130506363348, 4.78718611703e-05], "dvar": [1.96375310679e-07, 0.00112012750469, 0.000184171818546, 4.3759617256e-05, 4.82256109535e-05, 1.4628889403e-05, 2.51337564805e-06, 6.94808122148e-08, 7.36031182669e-08, 7.14794410328e-08, 1.61829049716e-07, 9.92184183701e-08, 3.72303041729e-08, 3.82185163517e-08, 9.30037771241e-08, 3.01000220304e-08, 6.0660880763e-08, 4.0040237792e-08, 5.35492823417e-08, 4.52817197072e-08, 4.38042739859e-08, 4.91486993326e-08, 1.6975891981e-07, 1.68801168599e-08, 4.70177603518e-08, 3.11900976158e-08, 3.75361608462e-09], "dvar2": [5.35447384209e-07, 0.00315842265263, 0.000529346812982, 0.000119815085782, 0.000111775822006, 3.26009321725e-05, 6.72930900691e-06, 1.87614276115e-07, 1.79978059123e-07, 1.24765847431e-07, 3.46750681501e-07, 2.76775608654e-07, 9.86842891848e-08, 9.57244097322e-08, 2.63177724946e-07, 7.55337765668e-08, 1.65326781598e-07, 1.08945812372e-07, 1.46280996205e-07, 1.22388925661e-07, 1.07283966599e-07, 1.20966589634e-07, 4.39654655793e-07, 3.79404276885e-08, 1.04314118232e-07, 7.19082322576e-08, 9.33724919605e-09], "max": [0.00370425102301, 0.364590704441, 0.140086203814, 0.0573693886399, 0.0820152238011, 0.0557464025915, 0.0185530018061, 0.00459502171725, 0.00259209075011, 0.00587838841602, 0.00700290407985, 0.0038690471556, 0.00179333100095, 0.00270313280635, 0.00619635405019, 0.00177830469329, 0.00296378345229, 0.00284288404509, 0.00248083891347, 0.00219555711374, 0.00305899349041, 0.00260930834338, 0.00281301490031, 0.00123037525918, 0.00183626718353, 0.00136071629822, 0.000542418682016], "mean": [0.00025904038921, 0.0176853183657, 0.00923993624747, 0.00270007248037, 0.0038576668594, 0.00400217436254, 0.000438906659838, 8.69675859576e-05, 0.000173411535798, 0.000224756891839, 0.000251944293268, 0.000100520148408, 6.25352186034e-05, 9.51811962295e-05, 6.2700084527e-05, 0.000112085865112, 6.15849130554e-05, 5.44460890524e-05, 7.97857137513e-05, 7.89448531577e-05, 0.000123500343761, 0.000122802477563, 0.000168503815075, 9.61572804954e-05, 0.000137266732054, 8.90531373443e-05, 2.65888174908e-05], "median": [5.55454971618e-05, 0.0091587677598, 0.00533211138099, 0.00106591777876, 0.00137279066257, 0.00224901479669, 0.000111164503323, 2.27732907661e-05, 6.07806323387e-05, 9.49465393205e-05, 7.44543795008e-05, 2.35709521803e-05, 1.51912963702e-05, 2.07709581446e-05, 9.53736707743e-06, 2.47839452641e-05, 1.02693520603e-05, 9.68760195974e-06, 1.48858780449e-05, 1.31704791784e-05, 3.32016279572e-05, 2.79384912574e-05, 3.69560802937e-05, 2.60671913566e-05, 3.21861734847e-05, 1.79098897206e-05, 3.51023686562e-06], "min": [3.99499771395e-25, 9.5037039369e-24, 1.60979310832e-23, 4.50694812827e-24, 2.77179847457e-23, 2.47602848879e-23, 1.43501889217e-22, 7.62862069269e-23, 7.81124262334e-23, 1.67818457201e-22, 1.09290582101e-22, 5.40023504802e-23, 4.07766808856e-23, 1.18052958736e-22, 1.76510076167e-22, 1.73104393246e-22, 2.73671650483e-22, 1.71237266768e-22, 2.65519120126e-22, 3.39060722192e-22, 5.01375303168e-22, 5.21490069804e-22, 7.32973505343e-22, 6.73934044481e-22, 1.12075521105e-21, 1.60454681726e-21, 2.7346031654e-21], "var": [2.74461882555e-07, 0.000907328911126, 0.000162728465511, 3.43704778061e-05, 5.74298246647e-05, 2.9472515962e-05, 1.87223918147e-06, 5.86088901855e-08, 9.1143661507e-08, 1.90480307083e-07, 2.60330210722e-07, 7.35204324087e-08, 2.95310567111e-08, 4.85033062603e-08, 6.12047941217e-08, 4.63081804014e-08, 4.47209167476e-08, 2.93585742384e-08, 4.56856987796e-08, 4.03710203045e-08, 5.25304635346e-08, 5.42052056574e-08, 1.43872213698e-07, 2.60331542989e-08, 6.19486115738e-08, 3.41653212388e-08, 3.44468920055e-09]}, "erbbands": {"dmean": [0.299308598042, 3.25759530067, 6.74788141251, 6.50314092636, 10.6417312622, 9.1943359375, 16.3618946075, 17.351776123, 6.63099098206, 4.77224302292, 1.38849127293, 2.72281622887, 4.63913679123, 2.5604429245, 8.0565366745, 3.45941829681, 2.84116172791, 3.597178936, 3.27800703049, 3.32675457001, 3.61659932137, 3.38421010971, 3.25297093391, 3.71891546249, 3.02741765976, 3.30593323708, 3.28811693192, 4.34289932251, 3.64535307884, 2.78262400627, 6.5020647049, 2.23179864883, 1.01125967503, 0.680738985538, 1.14089429379, 0.585286080837, 0.12648922205, 0.0272216834128, 0.00472463527694, 0.000399483658839], "dmean2": [0.509605765343, 5.75718832016, 11.9197473526, 11.3286218643, 17.922416687, 14.9917373657, 27.0719966888, 26.1208229065, 10.5710077286, 8.345495224, 2.34169435501, 4.26001119614, 6.67756795883, 4.10160827637, 11.5404500961, 5.59273719788, 4.73966932297, 5.45284080505, 5.42291402817, 5.51862716675, 5.92193698883, 5.7681388855, 5.42725610733, 6.13134860992, 5.09792852402, 5.37380981445, 4.90787601471, 6.50462436676, 5.51164722443, 4.23030662537, 10.4941682816, 3.4091193676, 1.50634157658, 0.953251481056, 1.63905930519, 0.854546546936, 0.193132296205, 0.0427907705307, 0.00747548276559, 0.000632807670627], "dvar": [0.448439627886, 74.5133132935, 297.801025391, 261.348724365, 1082.48461914, 438.141204834, 1334.29492188, 1201.6394043, 304.925689697, 456.522583008, 22.5985298157, 40.1290092468, 103.237281799, 28.0260314941, 431.807830811, 129.575790405, 75.3901443481, 97.3247070312, 136.752639771, 156.19682312, 130.260162354, 153.876159668, 150.83102417, 105.283729553, 109.682403564, 113.134414673, 65.9742660522, 82.0738296509, 58.4333229065, 29.4131088257, 282.685516357, 15.1701745987, 3.51255631447, 1.37458622456, 5.05394220352, 1.45895338058, 0.0687152445316, 0.00322439544834, 9.25123677007e-05, 6.3269766315e-07], "dvar2": [1.22796189785, 212.301193237, 849.211181641, 730.91796875, 2867.80859375, 1113.31481934, 3410.68505859, 2695.09472656, 778.378967285, 1245.51513672, 59.2756576538, 97.6143798828, 178.380783081, 68.3468856812, 956.605285645, 363.557250977, 197.01171875, 233.724029541, 373.037322998, 445.971740723, 361.128845215, 413.49118042, 409.684661865, 279.329986572, 304.981903076, 301.826416016, 163.07371521, 200.764816284, 138.835678101, 67.2961120605, 739.628845215, 35.9247093201, 7.89604377747, 2.76824021339, 11.4816532135, 3.28588485718, 0.168414741755, 0.00805224012583, 0.000232046630117, 1.57898637099e-06], "max": [6.97077083588, 90.5606765747, 157.843261719, 159.541488647, 330.187866211, 273.041381836, 437.646820068, 493.171356201, 196.538146973, 257.988647461, 69.6148452759, 68.9437408447, 227.65977478, 54.9986381531, 369.860534668, 142.534545898, 82.1211013794, 118.741134644, 204.239471436, 245.01651001, 152.61706543, 153.226974487, 170.718475342, 107.655502319, 107.394104004, 110.390586853, 109.606948853, 118.073486328, 90.2899551392, 49.7858161926, 114.061912537, 34.2575302124, 19.043264389, 12.0373363495, 17.9419994354, 8.77243709564, 2.37832164764, 0.604820489883, 0.0844945460558, 0.00630680564791], "mean": [0.426591843367, 4.27514028549, 10.4808282852, 10.3590869904, 9.86297702789, 11.7280883789, 23.9443416595, 38.4561576843, 10.3233947754, 4.340944767, 1.63912594318, 4.67534828186, 8.14657592773, 3.84296035767, 12.4757452011, 4.15367221832, 3.05244898796, 5.16123628616, 3.69701647758, 4.26958370209, 4.94384813309, 3.39234781265, 3.25156140327, 4.30315351486, 3.41690587997, 3.85464549065, 4.27338933945, 5.16113138199, 4.49576330185, 3.43504309654, 5.97796297073, 2.705534935, 1.29385197163, 0.90341925621, 1.24824094772, 0.617482960224, 0.125601068139, 0.0249084513634, 0.00415612151846, 0.000373715767637], "median": [0.172373637557, 2.32004714012, 5.99721002579, 6.54890441895, 2.51579356194, 4.2016787529, 11.1876792908, 19.0935935974, 4.94762992859, 0.986527860165, 0.554573774338, 1.76279580593, 3.18589949608, 1.54858601093, 3.62265920639, 1.16257417202, 0.898769915104, 1.33306276798, 0.801948428154, 0.91211026907, 1.16474938393, 0.641960561275, 0.604520916939, 0.953010082245, 0.516990840435, 0.676434338093, 1.10441434383, 1.15169584751, 1.04177069664, 0.8142786026, 1.09680116177, 0.729431211948, 0.333822131157, 0.265351831913, 0.254899293184, 0.114286780357, 0.0260676238686, 0.00434754882008, 0.000618342601229, 7.74790532887e-05], "min": [3.34493457364e-22, 2.34042009957e-21, 1.40724877192e-20, 1.67784863086e-20, 3.43387649248e-20, 8.93508930076e-20, 2.08526119043e-19, 2.86790601106e-19, 1.24738505501e-18, 2.14492192815e-18, 2.03619069099e-18, 1.69137642014e-18, 2.71757885943e-18, 7.97858300609e-18, 2.61002263233e-18, 2.33877708138e-18, 2.03212695944e-18, 3.40511132545e-18, 8.69258711287e-18, 1.22152598285e-17, 7.4849737289e-18, 1.67564524401e-17, 1.01416305294e-17, 8.21188929786e-18, 1.59909844643e-17, 1.8556731634e-17, 2.06710516018e-17, 1.82484910505e-17, 1.86260262083e-17, 2.41482922495e-17, 1.95196046086e-17, 1.25075937288e-17, 1.23214086078e-17, 1.24733070924e-17, 8.0280277272e-18, 5.60980036158e-18, 3.21167369164e-18, 1.28510304337e-18, 3.33570714975e-19, 4.10684995934e-20], "var": [0.456502377987, 55.8893852234, 239.513595581, 221.214492798, 827.796447754, 494.015899658, 1747.14086914, 2753.88574219, 330.797790527, 313.152923584, 19.3594875336, 58.254901886, 273.744812012, 37.1259994507, 670.055419922, 102.243736267, 62.1857719421, 131.445358276, 108.79044342, 118.8543396, 120.941238403, 120.056877136, 109.738357544, 100.808181763, 90.415802002, 101.406234741, 78.9455413818, 90.6088027954, 68.2351531982, 38.1985168457, 227.886566162, 20.1931743622, 5.17424058914, 2.26498413086, 6.14432001114, 1.68649888039, 0.0692989751697, 0.00298144202679, 8.42296867631e-05, 5.74456350932e-07]}, "gfcc": {"mean": [-55.2952003479, 81.6050186157, -50.2774543762, 42.6289138794, -46.7086181641, 19.0158061981, -31.9082775116, -0.183051511645, -24.2629146576, 2.61819267273, -13.3219966888, 10.74106884, -2.06829333305], "cov": [[21609.2207031, -1022.6171875, -222.494369507, -752.594909668, -1544.62854004, 97.0214309692, -952.690246582, -47.6105957031, -661.951782227, 223.742355347, -386.130706787, 643.919677734, 250.228866577], [-1022.6171875, 1529.89672852, -249.388458252, 59.9629325867, 275.971191406, 6.18220090866, 101.714775085, -30.043094635, 137.001602173, -43.1292419434, 111.615325928, -46.2690658569, 83.8610687256], [-222.494369507, -249.388458252, 737.651428223, 265.777679443, 207.577133179, 182.923248291, 147.063491821, 58.4163627625, 74.8890914917, 37.483379364, -48.9146194458, -35.7528305054, -74.8222885132], [-752.594909668, 59.9629325867, 265.777679443, 736.046569824, 359.808410645, 112.753753662, 246.685424805, 95.7556228638, 151.960388184, -34.5980987549, 98.8789978027, -199.191879272, -122.295875549], [-1544.62854004, 275.971191406, 207.577133179, 359.808410645, 471.271789551, 107.465629578, 224.606170654, 48.1785430908, 145.494400024, -35.1826667786, 54.6379013062, -144.467315674, -81.4767074585], [97.0214309692, 6.18220090866, 182.923248291, 112.753753662, 107.465629578, 153.102340698, 93.737411499, 37.7893676758, 37.3058395386, 14.2377462387, -18.1038360596, -22.8047866821, -28.5788040161], [-952.690246582, 101.714775085, 147.063491821, 246.685424805, 224.606170654, 93.737411499, 223.755477905, 70.4531097412, 95.2715301514, -22.8780822754, 54.8512916565, -90.4340515137, -55.6901283264], [-47.6105957031, -30.043094635, 58.4163627625, 95.7556228638, 48.1785430908, 37.7893676758, 70.4531097412, 92.2407989502, 41.0635375977, 12.2762041092, 11.5360145569, -23.7291507721, -20.8844909668], [-661.951782227, 137.001602173, 74.8890914917, 151.960388184, 145.494400024, 37.3058395386, 95.2715301514, 41.0635375977, 131.825317383, 22.0259456635, 42.7017822266, -58.7723312378, -15.8078308105], [223.742355347, -43.1292419434, 37.483379364, -34.5980987549, -35.1826667786, 14.2377462387, -22.8780822754, 12.2762041092, 22.0259456635, 75.8982696533, 12.0154914856, 31.1807193756, 10.2895154953], [-386.130706787, 111.615325928, -48.9146194458, 98.8789978027, 54.6379013062, -18.1038360596, 54.8512916565, 11.5360145569, 42.7017822266, 12.0154914856, 104.904342651, -9.97260665894, 8.86612987518], [643.919677734, -46.2690658569, -35.7528305054, -199.191879272, -144.467315674, -22.8047866821, -90.4340515137, -23.7291507721, -58.7723312378, 31.1807193756, -9.97260665894, 134.053588867, 68.9452972412], [250.228866577, 83.8610687256, -74.8222885132, -122.295875549, -81.4767074585, -28.5788040161, -55.6901283264, -20.8844909668, -15.8078308105, 10.2895154953, 8.86612987518, 68.9452972412, 89.5684204102]], "icov": [[8.40773209347e-05, -2.8416792702e-05, 2.9377762985e-05, -0.000171795167262, 0.00020738132298, -0.000319394137478, 0.00032446073601, -0.00017394941824, 0.000206419572351, -7.29745879653e-05, 0.000106105697341, -0.000196156659513, 1.49078514369e-05], [-2.8416792702e-05, 0.00109022529796, 0.000477390683955, 0.000250773126027, -0.000870483578183, -0.000423631398007, 1.65923829627e-05, 0.000545390998013, -0.000948275905102, 0.000634600408375, -0.000523638853338, 0.000188573947526, -0.00132327992469], [2.9377762985e-05, 0.000477390683955, 0.00292214774527, -0.0011845564004, -0.00078585895244, -0.00112144625746, -0.00145749328658, 0.00104665826075, -0.000478711473988, -0.0019364443142, 0.0030986010097, -0.00247344165109, 0.000294960744213], [-0.000171795167262, 0.000250773126027, -0.0011845564004, 0.00460170023143, -0.00103343254887, -0.00113527989015, 0.0010585335549, -0.00163161056116, -0.001229547197, 0.00290697719902, -0.00533560756594, 0.00435334723443, 0.00114035909064], [0.00020738132298, -0.000870483578183, -0.00078585895244, -0.00103343254887, 0.00703778257594, -0.0017026172718, -0.00167178199627, 0.0012673905585, -0.00258795171976, 0.00190610589925, -0.000207141783903, 0.000670024717692, 0.00211195973679], [-0.000319394137478, -0.000423631398007, -0.00112144625746, -0.00113527989015, -0.0017026172718, 0.0160414259881, -0.00911884009838, 0.00117096095346, 0.00179019081406, -0.0067714699544, 0.00805318541825, -0.00212899921462, -0.00108963274397], [0.00032446073601, 1.65923829627e-05, -0.00145749328658, 0.0010585335549, -0.00167178199627, -0.00911884009838, 0.0206817481667, -0.00829253159463, -0.0033529237844, 0.0100059341639, -0.0109214242548, 0.00249763880856, 0.00321831251495], [-0.00017394941824, 0.000545390998013, 0.00104665826075, -0.00163161056116, 0.0012673905585, 0.00117096095346, -0.00829253159463, 0.018126796931, -0.00307103106752, -0.00444533070549, 0.00420586857945, -0.00216789753176, 0.000440099014668], [0.000206419572351, -0.000948275905102, -0.000478711473988, -0.001229547197, -0.00258795171976, 0.00179019081406, -0.0033529237844, -0.00307103106752, 0.0210634171963, -0.0115885995328, 0.000402230478358, 0.00676538934931, -0.00655000377446], [-7.29745879653e-05, 0.000634600408375, -0.0019364443142, 0.00290697719902, 0.00190610589925, -0.0067714699544, 0.0100059341639, -0.00444533070549, -0.0115885995328, 0.0278947129846, -0.010831435211, -0.0040455237031, 0.00565577996895], [0.000106105697341, -0.000523638853338, 0.0030986010097, -0.00533560756594, -0.000207141783903, 0.00805318541825, -0.0109214242548, 0.00420586857945, 0.000402230478358, -0.010831435211, 0.0244520455599, -0.00679716840386, -0.00380462943576], [-0.000196156659513, 0.000188573947526, -0.00247344165109, 0.00435334723443, 0.000670024717692, -0.00212899921462, 0.00249763880856, -0.00216789753176, 0.00676538934931, -0.0040455237031, -0.00679716840386, 0.0255767554045, -0.0121292350814], [1.49078514369e-05, -0.00132327992469, 0.000294960744213, 0.00114035909064, 0.00211195973679, -0.00108963274397, 0.00321831251495, 0.000440099014668, -0.00655000377446, 0.00565577996895, -0.00380462943576, -0.0121292350814, 0.0257498808205]]}, "melbands": {"dmean": [0.00321823568083, 0.00379904103465, 0.00130428595003, 0.000606755726039, 0.000580694351811, 0.000368946813978, 9.86555533018e-05, 4.43773715233e-05, 1.02691974462e-05, 1.80577389983e-05, 2.30553559959e-05, 9.92887635221e-06, 2.30242349062e-05, 1.63148597494e-05, 4.63106925963e-06, 7.28691975382e-06, 7.29715702619e-06, 5.20014737049e-06, 4.93466541229e-06, 5.59515501664e-06, 4.11675046053e-06, 3.66710969502e-06, 3.58074908036e-06, 2.47220532401e-06, 3.25612813867e-06, 2.31966987485e-06, 2.32690786106e-06, 2.14725878322e-06, 2.0040633899e-06, 2.13331259147e-06, 2.85391388388e-06, 2.07750235859e-06, 1.96704786504e-06, 1.26418876789e-06, 4.0751101551e-06, 2.27909481509e-06, 1.18733703403e-06, 7.08096308699e-07, 5.97874532104e-07, 5.62123375403e-07], "dmean2": [0.00559676112607, 0.00672306679189, 0.00224129902199, 0.000955891795456, 0.000956269504968, 0.000558236788493, 0.000158482172992, 7.75225635152e-05, 1.69192135218e-05, 2.84485995508e-05, 3.32032177539e-05, 1.63636414072e-05, 3.28989408445e-05, 2.52120262303e-05, 7.6293508755e-06, 1.23337440527e-05, 1.10881146611e-05, 8.64214871399e-06, 8.60037198436e-06, 8.52995799505e-06, 7.04995045453e-06, 6.28962925475e-06, 6.04283422945e-06, 4.0738577809e-06, 5.42771203982e-06, 4.01116813009e-06, 3.91371531805e-06, 3.5312050386e-06, 3.10321411234e-06, 3.17324929711e-06, 4.34978210251e-06, 3.22045070789e-06, 3.04094965031e-06, 1.93996834241e-06, 6.69703103995e-06, 3.546778089e-06, 1.83216957339e-06, 1.06697348201e-06, 8.83996563061e-07, 8.00054522188e-07], "dvar": [6.14091914031e-05, 0.000100133976957, 1.05228255052e-05, 2.24746463573e-06, 1.65733638369e-06, 5.49213098111e-07, 8.22154220259e-08, 3.83183440533e-08, 1.04124053824e-09, 1.77024594983e-09, 2.52930565381e-09, 4.6572024015e-10, 3.19682214034e-09, 1.97756411247e-09, 2.41936082279e-10, 5.32507204998e-10, 3.94302590578e-10, 2.87188939296e-10, 7.46754047487e-10, 1.4138624993e-10, 2.58838339651e-10, 1.8886191222e-10, 1.90955168344e-10, 6.80294084954e-11, 7.59409826689e-11, 7.24485471615e-11, 4.78457794217e-11, 5.18499826407e-11, 2.95075179568e-11, 2.22598484784e-11, 3.5865983794e-11, 2.00962389091e-11, 1.86811642544e-11, 5.79331244435e-12, 1.19331003412e-10, 2.3812842323e-11, 4.37529222921e-12, 1.77561860614e-12, 1.24422314899e-12, 1.04029588763e-12], "dvar2": [0.000172236890648, 0.000284816429485, 2.88674746116e-05, 5.34513219463e-06, 4.25015559813e-06, 1.23342920233e-06, 2.12995871607e-07, 1.04053476946e-07, 2.65126165466e-09, 4.33049107684e-09, 4.3603769484e-09, 1.19327370207e-09, 7.0613976888e-09, 5.24337506747e-09, 6.5794647508e-10, 1.41293365896e-09, 9.59165191716e-10, 7.7778888885e-10, 2.15068740594e-09, 3.14749643016e-10, 7.39526218041e-10, 5.12103193184e-10, 5.25677446017e-10, 1.800707361e-10, 2.01461236582e-10, 2.0107010501e-10, 1.31978913909e-10, 1.38841327324e-10, 7.53103204798e-11, 5.43140463161e-11, 8.80744435716e-11, 4.9250988704e-11, 4.52867812695e-11, 1.2509083179e-11, 3.14367643028e-10, 6.0483285047e-11, 1.01554537349e-11, 3.95646970047e-12, 2.80743570752e-12, 2.03860366088e-12], "max": [0.0856693983078, 0.0879548937082, 0.0252405628562, 0.0152719318867, 0.0164785664529, 0.0108065037057, 0.00318250781856, 0.0023190274369, 0.000467182457214, 0.000455739500467, 0.00112761743367, 0.000229957760894, 0.000973410031293, 0.000501109927427, 0.000202677314519, 0.000220301750232, 0.000248746626312, 0.000258768734057, 0.000570055737626, 0.000148563456605, 0.000221950365813, 0.000176350731635, 0.000198853187612, 0.000101879959402, 9.34813942877e-05, 9.89164327621e-05, 6.81805395288e-05, 7.52819541958e-05, 6.65846891934e-05, 7.94956795289e-05, 6.10659117228e-05, 5.6047574617e-05, 4.90046622872e-05, 2.49595050263e-05, 7.08367369953e-05, 3.769898467e-05, 2.17914239329e-05, 1.3569731891e-05, 1.00446204669e-05, 1.13781288746e-05], "mean": [0.00447758287191, 0.00574759580195, 0.00187512091361, 0.000689603330102, 0.000852127559483, 0.00080784666352, 0.00013759965077, 3.97294024879e-05, 1.23862637338e-05, 3.06841611746e-05, 3.9936399844e-05, 1.31761571538e-05, 3.53368959622e-05, 2.14321535168e-05, 4.98494591739e-06, 7.25923746359e-06, 1.02601616163e-05, 5.86042324358e-06, 4.38692222815e-06, 8.9202012532e-06, 4.84354859509e-06, 3.45776220456e-06, 3.37302685693e-06, 2.57551118921e-06, 3.74029491468e-06, 2.28644444178e-06, 2.84164116238e-06, 2.34534468291e-06, 2.48508445111e-06, 2.69992051471e-06, 3.23739504893e-06, 2.4682556159e-06, 2.35429752138e-06, 1.59044793691e-06, 3.59199270861e-06, 2.40640088123e-06, 1.47918251514e-06, 8.94099287052e-07, 7.4669839023e-07, 7.4964208352e-07], "median": [0.00222632871009, 0.00420949747786, 0.00109329202678, 0.000223487062613, 0.000396966614062, 0.000424510479206, 6.04755805398e-05, 7.264530268e-06, 3.81561949325e-06, 1.12922889457e-05, 1.51518934217e-05, 4.85162809127e-06, 1.07045225377e-05, 6.15968929196e-06, 1.35118659728e-06, 1.69172687947e-06, 2.33554442275e-06, 1.32211050641e-06, 5.91482546497e-07, 2.00668273465e-06, 1.07154505713e-06, 5.08403331878e-07, 5.90602326156e-07, 4.81914412376e-07, 8.11404561318e-07, 2.93017535569e-07, 4.26562252187e-07, 3.77195078727e-07, 5.82498330459e-07, 6.78288586187e-07, 6.43834141556e-07, 5.73089153022e-07, 4.5337156962e-07, 4.0003718027e-07, 5.73657132463e-07, 6.43984321869e-07, 3.57578699095e-07, 2.24616215405e-07, 1.84080363397e-07, 2.22601741484e-07], "min": [2.9843495513e-24, 5.77774900961e-24, 3.67665388172e-24, 3.77191317477e-24, 7.02714454472e-24, 5.51280534143e-24, 2.3466322656e-23, 2.26296709794e-23, 1.62025734822e-23, 1.04908868403e-23, 1.32789650373e-23, 3.27430949763e-23, 1.07407545877e-23, 5.57273037123e-24, 6.54215364905e-24, 2.93201277176e-24, 6.94984090917e-24, 1.42598078656e-23, 1.47175538722e-23, 1.69930405083e-23, 6.66073285374e-24, 1.71365374624e-23, 1.54788141121e-23, 5.26190024191e-24, 6.22555379107e-24, 1.13915837672e-23, 1.04689762286e-23, 1.23840354725e-23, 1.29010509655e-23, 1.11380067958e-23, 9.89588613593e-24, 1.11607756881e-23, 9.89904079069e-24, 1.40814227491e-23, 1.08813367008e-23, 9.84073765891e-24, 6.88896214653e-24, 8.07622936333e-24, 1.0342973054e-23, 1.04104474826e-23], "var": [5.37086671102e-05, 7.56778608775e-05, 8.79412073118e-06, 2.36034338741e-06, 2.0656691504e-06, 1.19726655612e-06, 7.79000259854e-08, 2.68513815627e-08, 9.86208559262e-10, 2.55230370172e-09, 6.74116984456e-09, 5.29976451613e-10, 4.98100449775e-09, 2.03774441765e-09, 1.92641624874e-10, 4.17402390429e-10, 5.50876289029e-10, 2.39956998715e-10, 4.52893889058e-10, 2.95221097568e-10, 1.88544568847e-10, 1.42979073026e-10, 1.34878261338e-10, 5.47188162836e-11, 7.38898942032e-11, 5.58975574161e-11, 4.57123366937e-11, 4.3771056224e-11, 3.17898624091e-11, 2.74578779852e-11, 3.80270363809e-11, 2.16618771531e-11, 2.12633417818e-11, 8.41408366592e-12, 9.29846130648e-11, 2.25782604418e-11, 6.51887051284e-12, 2.60485274843e-12, 1.75740574437e-12, 1.70417976605e-12]}, "mfcc": {"mean": [-716.178405762, 117.747215271, 51.1431159973, 35.1247444153, 13.9872970581, 21.5205402374, 4.52590608597, 7.46649694443, -0.492120087147, -4.35914230347, -8.53921985626, -2.51387548447, -0.124483563006], "cov": [[13423.71875, -47.9960823059, 93.6270980835, -298.519592285, -523.184020996, -291.117919922, -406.742523193, -344.434875488, -307.812133789, -413.153991699, -465.454925537, -217.720214844, 33.477519989], [-47.9960823059, 1356.30712891, -195.620758057, -124.48084259, -12.2608184814, 29.4204711914, -94.1312637329, -23.7673072815, -26.126832962, -79.945640564, -87.6956558228, -76.9277496338, 23.9626789093], [93.6270980835, -195.620758057, 496.609893799, 168.599319458, 119.069015503, 152.251617432, 81.7683181763, 84.6219177246, 90.0662384033, 70.9910812378, 35.299407959, 72.1147537231, 15.6457986832], [-298.519592285, -124.48084259, 168.599319458, 403.336975098, 217.530944824, 106.723716736, 153.182525635, 98.0628967285, 74.7105407715, 117.850265503, 142.60635376, 86.8778839111, 34.6477012634], [-523.184020996, -12.2608184814, 119.069015503, 217.530944824, 243.217391968, 132.587554932, 125.714393616, 83.3963470459, 93.4823074341, 89.7191314697, 92.3938674927, 66.4813690186, 26.1207695007], [-291.117919922, 29.4204711914, 152.251617432, 106.723716736, 132.587554932, 169.826553345, 86.4394226074, 71.2682266235, 68.7442092896, 53.5187950134, 57.1995849609, 44.9536323547, 14.1494874954], [-406.742523193, -94.1312637329, 81.7683181763, 153.182525635, 125.714393616, 86.4394226074, 180.127182007, 98.8023376465, 72.2020874023, 74.3617630005, 85.4631652832, 56.323299408, 16.9244403839], [-344.434875488, -23.7673072815, 84.6219177246, 98.0628967285, 83.3963470459, 71.2682266235, 98.8023376465, 116.15827179, 72.0288772583, 48.1506462097, 54.217048645, 37.8135643005, 7.32039213181], [-307.812133789, -26.126832962, 90.0662384033, 74.7105407715, 93.4823074341, 68.7442092896, 72.2020874023, 72.0288772583, 107.739585876, 70.3484420776, 45.8357887268, 36.6758117676, 16.7537784576], [-413.153991699, -79.945640564, 70.9910812378, 117.850265503, 89.7191314697, 53.5187950134, 74.3617630005, 48.1506462097, 70.3484420776, 122.6302948, 89.721206665, 44.0692901611, 23.5285873413], [-465.454925537, -87.6956558228, 35.299407959, 142.60635376, 92.3938674927, 57.1995849609, 85.4631652832, 54.217048645, 45.8357887268, 89.721206665, 135.38911438, 62.6638450623, 9.97277450562], [-217.720214844, -76.9277496338, 72.1147537231, 86.8778839111, 66.4813690186, 44.9536323547, 56.323299408, 37.8135643005, 36.6758117676, 44.0692901611, 62.6638450623, 75.5965118408, 24.6961421967], [33.477519989, 23.9626789093, 15.6457986832, 34.6477012634, 26.1207695007, 14.1494874954, 16.9244403839, 7.32039213181, 16.7537784576, 23.5285873413, 9.97277450562, 24.6961421967, 71.1026077271]], "icov": [[9.75697839749e-05, 1.49711095219e-05, -7.66431039665e-05, -0.00016893731663, 0.000212683575228, -2.34204926528e-05, -6.64058870825e-06, 0.00020740875334, -8.02466020104e-05, 0.000250402837992, 0.000148513310705, 0.000117145471449, -0.000170514525962], [1.49711095219e-05, 0.000974928203505, 0.00053353869589, -4.72221563541e-06, -0.000251140125329, -0.000946449523326, 0.000745807599742, -0.000497562985402, -4.47948514193e-05, 0.000388255779399, 0.000287756964099, 0.000805348274298, -0.000734413857572], [-7.66431039665e-05, 0.00053353869589, 0.0042546116747, -0.00177637545858, 0.00149525143206, -0.00392602710053, 0.00115109747276, -0.000922506442294, -0.000912430463359, -0.00197323574685, 0.00421944539994, -0.00339936185628, 0.00129548786208], [-0.00016893731663, -4.72221563541e-06, -0.00177637545858, 0.00775057682768, -0.00607348978519, 0.00289240735583, -0.00119216635358, -0.00215520965867, 0.00392207456753, -0.00118867517449, -0.00462688133121, 0.000951921276283, -0.00135598250199], [0.000212683575228, -0.000251140125329, 0.00149525143206, -0.00607348978519, 0.015045909211, -0.00685248523951, -0.00216053472832, 0.00341379083693, -0.0063841259107, 0.000220567118959, 0.0023272712715, -0.00249620550312, 0.000585995265283], [-2.34204926528e-05, -0.000946449523326, -0.00392602710053, 0.00289240735583, -0.00685248523951, 0.0154205821455, -0.00178182125092, -0.00187050830573, -0.000179007038241, 0.00187906599604, -0.00447031715885, 0.00139950343873, -0.000588888127822], [-6.64058870825e-06, 0.000745807599742, 0.00115109747276, -0.00119216635358, -0.00216053472832, -0.00178182125092, 0.014574913308, -0.00849511288106, 0.000810115016066, -0.00154345307965, -0.000740711577237, -0.00136435078457, -0.000469284073915], [0.00020740875334, -0.000497562985402, -0.000922506442294, -0.00215520965867, 0.00341379083693, -0.00187050830573, -0.00849511288106, 0.0237398203462, -0.0120915416628, 0.00568395014852, -0.00275331852026, 0.000449920305982, 0.00121743185446], [-8.02466020104e-05, -4.47948514193e-05, -0.000912430463359, 0.00392207456753, -0.0063841259107, -0.000179007038241, 0.000810115016066, -0.0120915416628, 0.0276317000389, -0.0132103245705, 0.0052528232336, -0.0027606592048, -0.000141806158354], [0.000250402837992, 0.000388255779399, -0.00197323574685, -0.00118867517449, 0.000220567118959, 0.00187906599604, -0.00154345307965, 0.00568395014852, -0.0132103245705, 0.0267273206264, -0.0153249716386, 0.00680383108556, -0.00585342524573], [0.000148513310705, 0.000287756964099, 0.00421944539994, -0.00462688133121, 0.0023272712715, -0.00447031715885, -0.000740711577237, -0.00275331852026, 0.0052528232336, -0.0153249716386, 0.0284860022366, -0.0148457586765, 0.00664813537151], [0.000117145471449, 0.000805348274298, -0.00339936185628, 0.000951921276283, -0.00249620550312, 0.00139950343873, -0.00136435078457, 0.000449920305982, -0.0027606592048, 0.00680383108556, -0.0148457586765, 0.0314984880388, -0.00958458799869], [-0.000170514525962, -0.000734413857572, 0.00129548786208, -0.00135598250199, 0.000585995265283, -0.000588888127822, -0.000469284073915, 0.00121743185446, -0.000141806158354, -0.00585342524573, 0.00664813537151, -0.00958458799869, 0.0190228801221]]}, "spectral_contrast_coeffs": {"dmean": [0.0511489212513, 0.0499662049115, 0.0345735475421, 0.0281307119876, 0.0192380174994, 0.0176772922277], "dmean2": [0.0861946195364, 0.0805306732655, 0.0543046146631, 0.0439334027469, 0.0310602337122, 0.0282361097634], "dvar": [0.00227919244207, 0.0019986438565, 0.000946868443862, 0.000595683406573, 0.000279825588223, 0.000267940195045], "dvar2": [0.00600282149389, 0.0046270256862, 0.0022068885155, 0.0013802946778, 0.0006819194532, 0.000607180700172], "max": [-0.383615940809, -0.396606236696, -0.579171061516, -0.618163883686, -0.702751457691, -0.702159702778], "mean": [-0.649248540401, -0.644875705242, -0.781435370445, -0.796045601368, -0.821583807468, -0.785952329636], "median": [-0.652606964111, -0.639351069927, -0.788509964943, -0.802109539509, -0.822324573994, -0.782693088055], "min": [-0.967815220356, -0.965417981148, -0.970354199409, -0.96472132206, -0.959919333458, -0.961163520813], "var": [0.00506086321548, 0.012227085419, 0.00448339106515, 0.00281654624268, 0.00110152957495, 0.000906571920495]}, "spectral_contrast_valleys": {"dmean": [0.443209767342, 0.450778096914, 0.41198220849, 0.400665283203, 0.439087569714, 0.548846662045], "dmean2": [0.695552706718, 0.682735919952, 0.609026193619, 0.57195776701, 0.582900047302, 0.64022821188], "dvar": [0.312524855137, 0.299186646938, 0.283833473921, 0.349997341633, 0.410202175379, 0.411072432995], "dvar2": [0.501643180847, 0.481511354446, 0.42267242074, 0.578265726566, 0.685288846493, 0.733676373959], "max": [-4.74343919754, -4.94503259659, -5.701649189, -5.72965192795, -5.50899219513, -8.0545539856], "mean": [-7.06228113174, -7.979644298