{"lowlevel": {"average_loudness": 0.819655418396, "barkbands_crest": {"dmean": 2.55714154243, "dmean2": 3.95343017578, "dvar": 6.83072805405, "dvar2": 15.0015649796, "max": 26.4449081421, "mean": 15.4628400803, "median": 15.5019845963, "min": 3.04593849182, "var": 38.1836547852}, "barkbands_flatness_db": {"dmean": 0.0331642404199, "dmean2": 0.0480596125126, "dvar": 0.00119773938786, "dvar2": 0.00252303853631, "max": 0.721568763256, "mean": 0.237638607621, "median": 0.21008117497, "min": 0.0418532043695, "var": 0.0144470445812}, "barkbands_kurtosis": {"dmean": 23.3098621368, "dmean2": 36.2024688721, "dvar": 3801.48974609, "dvar2": 9420.57324219, "max": 843.688354492, "mean": 37.1569480896, "median": 9.05898761749, "min": -1.87412393093, "var": 6703.54882812}, "barkbands_skewness": {"dmean": 1.30713307858, "dmean2": 1.99446296692, "dvar": 3.48176836967, "dvar2": 8.74822330475, "max": 25.4217243195, "mean": 3.70283341408, "median": 2.80022168159, "min": -8.8417263031, "var": 12.872127533}, "barkbands_spread": {"dmean": 7.31533956528, "dmean2": 11.1778945923, "dvar": 102.767982483, "dvar2": 222.906616211, "max": 95.6483001709, "mean": 16.5512218475, "median": 11.3626766205, "min": 0.0866128131747, "var": 258.605865479}, "dissonance": {"dmean": 0.0191496275365, "dmean2": 0.0323121920228, "dvar": 0.000492924766149, "dvar2": 0.00137480546255, "max": 0.5, "mean": 0.458590626717, "median": 0.471159696579, "min": 0.126731336117, "var": 0.00201182579622}, "dynamic_complexity": 4.32944440842, "erbbands_crest": {"dmean": 2.45033025742, "dmean2": 4.01480436325, "dvar": 5.3133354187, "dvar2": 13.7349224091, "max": 27.6309947968, "mean": 8.98993110657, "median": 7.97144556046, "min": 2.14711022377, "var": 17.632352829}, "erbbands_flatness_db": {"dmean": 0.0206685829908, "dmean2": 0.0307337213308, "dvar": 0.000468380429083, "dvar2": 0.000981847988442, "max": 0.543375551701, "mean": 0.183771669865, "median": 0.143089771271, "min": 0.0458514504135, "var": 0.0109040318057}, "erbbands_kurtosis": {"dmean": 1.67911922932, "dmean2": 2.58507871628, "dvar": 16.0635547638, "dvar2": 30.3602352142, "max": 84.8912734985, "mean": 1.42744123936, "median": -0.482928037643, "min": -1.93609797955, "var": 49.0998954773}, "erbbands_skewness": {"dmean": 0.53647518158, "dmean2": 0.80606096983, "dvar": 0.432924836874, "dvar2": 0.841766297817, "max": 7.46799755096, "mean": 0.429885208607, "median": 0.242332518101, "min": -3.71142101288, "var": 1.72380208969}, "erbbands_spread": {"dmean": 15.6496686935, "dmean2": 23.1580562592, "dvar": 418.226013184, "dvar2": 855.57598877, "max": 201.928863525, "mean": 60.1411933899, "median": 52.1423835754, "min": 1.47632825375, "var": 1769.87060547}, "hfc": {"dmean": 10.3899431229, "dmean2": 15.7387228012, "dvar": 264.784790039, "dvar2": 600.818603516, "max": 196.496017456, "mean": 20.303194046, "median": 13.8519439697, "min": 1.22078597053e-16, "var": 495.714263916}, "melbands_crest": {"dmean": 2.59135365486, "dmean2": 4.26375293732, "dvar": 6.14639806747, "dvar2": 16.585641861, "max": 34.4647026062, "mean": 18.7403831482, "median": 20.0248451233, "min": 1.71893453598, "var": 50.589466095}, "melbands_flatness_db": {"dmean": 0.036488134414, "dmean2": 0.0528549738228, "dvar": 0.0015690313885, "dvar2": 0.00323954317719, "max": 0.873296022415, "mean": 0.323042094707, "median": 0.29964146018, "min": 0.00417468417436, "var": 0.0217089727521}, "melbands_kurtosis": {"dmean": 44.1099052429, "dmean2": 69.9147262573, "dvar": 7895.796875, "dvar2": 21953.9726562, "max": 1307.30664062, "mean": 89.6170120239, "median": 33.9760971069, "min": -1.84988474846, "var": 18725.5761719}, "melbands_skewness": {"dmean": 1.54607057571, "dmean2": 2.35307097435, "dvar": 4.43970346451, "dvar2": 10.0807781219, "max": 27.9519557953, "mean": 5.95409345627, "median": 4.7847495079, "min": -1.97987234592, "var": 22.8311195374}, "melbands_spread": {"dmean": 5.2094745636, "dmean2": 8.19903564453, "dvar": 72.2305831909, "dvar2": 159.328933716, "max": 152.095748901, "mean": 13.6758966446, "median": 7.90035390854, "min": 0.213895991445, "var": 311.618530273}, "pitch_salience": {"dmean": 0.0687616169453, "dmean2": 0.1104125157, "dvar": 0.00594787346199, "dvar2": 0.013992941007, "max": 0.887137711048, "mean": 0.434938520193, "median": 0.425572544336, "min": 0.0504457131028, "var": 0.0334342755377}, "silence_rate_20dB": {"dmean": 0, "dmean2": 0, "dvar": 0, "dvar2": 0, "max": 1, "mean": 1, "median": 1, "min": 1, "var": 0}, "silence_rate_30dB": {"dmean": 0.0802833512425, "dmean2": 0.160590410233, "dvar": 0.0738350227475, "dvar2": 0.152517437935, "max": 1, "mean": 0.908809185028, "median": 1, "min": 0, "var": 0.0828694924712}, "silence_rate_60dB": {"dmean": 0.00590318767354, "dmean2": 0.0116605162621, "dvar": 0.00586812198162, "dvar2": 0.0138871502131, "max": 1, "mean": 0.0597609579563, "median": 0, "min": 0, "var": 0.0561892725527}, "spectral_centroid": {"dmean": 282.455383301, "dmean2": 440.575531006, "dvar": 172701.390625, "dvar2": 351705.65625, "max": 11143.7441406, "mean": 1109.04821777, "median": 900.302978516, "min": 89.3643035889, "var": 660786.9375}, "spectral_complexity": {"dmean": 3.47225499153, "dmean2": 5.50730609894, "dvar": 30.20079422, "dvar2": 59.1839408875, "max": 67, "mean": 13.7639074326, "median": 12, "min": 0, "var": 121.456932068}, "spectral_decrease": {"dmean": 3.66145491704e-09, "dmean2": 5.83517634212e-09, "dvar": 5.63824238792e-17, "dvar2": 1.40441318438e-16, "max": 2.78346911399e-16, "mean": -1.16029976738e-08, "median": -8.0068129904e-09, "min": -7.09958243306e-08, "var": 1.10443123832e-16}, "spectral_energy": {"dmean": 0.0143199525774, "dmean2": 0.0227687656879, "dvar": 0.000843649206217, "dvar2": 0.00209893262945, "max": 0.274131089449, "mean": 0.0456339307129, "median": 0.0319102853537, "min": 1.047151525e-20, "var": 0.00164800242055}, "spectral_energyband_high": {"dmean": 0.0010017111199, "dmean2": 0.00152701092884, "dvar": 2.81777215605e-06, "dvar2": 6.61592275719e-06, "max": 0.0268575549126, "mean": 0.00142437964678, "median": 0.000473549502203, "min": 7.94671849024e-21, "var": 5.1589377108e-06}, "spectral_energyband_low": {"dmean": 0.0117512792349, "dmean2": 0.0187279377133, "dvar": 0.000570261268876, "dvar2": 0.0014180210419, "max": 0.221578851342, "mean": 0.0329700000584, "median": 0.0216299369931, "min": 3.23628166883e-23, "var": 0.00137507449836}, "spectral_energyband_middle_high": {"dmean": 0.00121896725614, "dmean2": 0.00191804184578, "dvar": 6.40552252662e-06, "dvar2": 1.31646611408e-05, "max": 0.0313912369311, "mean": 0.0026086140424, "median": 0.00120958907064, "min": 1.29229067986e-21, "var": 1.4688533156e-05}, "spectral_energyband_middle_low": {"dmean": 0.00566330831498, "dmean2": 0.00926627032459, "dvar": 0.000162745956914, "dvar2": 0.000424605095759, "max": 0.127335861325, "mean": 0.0107274483889, "median": 0.00640261732042, "min": 2.31716215767e-22, "var": 0.000198361289222}, "spectral_entropy": {"dmean": 0.240179046988, "dmean2": 0.349822640419, "dvar": 0.0867249816656, "dvar2": 0.170694813132, "max": 9.80171775818, "mean": 7.35249614716, "median": 7.59921216965, "min": 3.51075005531, "var": 0.812369644642}, "spectral_flux": {"dmean": 0.0329047292471, "dmean2": 0.0515888780355, "dvar": 0.00275696627796, "dvar2": 0.00659915758297, "max": 0.466568857431, "mean": 0.0835272669792, "median": 0.0646079257131, "min": 1.02330421914e-10, "var": 0.0047047403641}, "spectral_kurtosis": {"dmean": 6.92919874191, "dmean2": 11.8144636154, "dvar": 434.487426758, "dvar2": 1239.5411377, "max": 473.968078613, "mean": 15.8895492554, "median": 2.37638950348, "min": -1.22652959824, "var": 2132.85888672}, "spectral_rms": {"dmean": 0.000884096953087, "dmean2": 0.00136985862628, "dvar": 2.10347116081e-06, "dvar2": 4.95156973557e-06, "max": 0.0163537450135, "mean": 0.00600184872746, "median": 0.0055796043016, "min": 3.19626530104e-12, "var": 8.49857588037e-06}, "spectral_rolloff": {"dmean": 504.861053467, "dmean2": 882.555358887, "dvar": 1538575.875, "dvar2": 3406288.5, "max": 19918.2128906, "mean": 1118.38415527, "median": 301.46484375, "min": 64.599609375, "var": 5156870}, "spectral_skewness": {"dmean": 0.506700277328, "dmean2": 0.820986926556, "dvar": 0.630740344524, "dvar2": 1.76079845428, "max": 17.6856079102, "mean": 1.94556117058, "median": 1.24085462093, "min": -0.383615881205, "var": 4.97738027573}, "spectral_spread": {"dmean": 1192358.125, "dmean2": 1652409.5, "dvar": 2495996755970.0, "dvar2": 4407904174080.0, "max": 41549684, "mean": 5425371.5, "median": 4975108.5, "min": 201499.328125, "var": 10960667410400.0}, "spectral_strongpeak": {"dmean": 0.277868717909, "dmean2": 0.469464302063, "dvar": 0.24949772656, "dvar2": 0.692372024059, "max": 9.67307567596, "mean": 0.714942038059, "median": 0.537146747112, "min": 0, "var": 0.380844295025}, "zerocrossingrate": {"dmean": 0.0120371123776, "dmean2": 0.0142589658499, "dvar": 0.000213117004023, "dvar2": 0.000259359716438, "max": 0.82373046875, "mean": 0.0514722056687, "median": 0.03759765625, "min": 0.001953125, "var": 0.00580921256915}, "barkbands": {"dmean": [0.000175467925146, 0.00847827456892, 0.00538889272138, 0.00304965348914, 0.00194850319531, 0.000898798927665, 0.00044065513066, 0.000489871832542, 0.000321831612382, 0.000168916143593, 0.00020228298672, 0.000276991078863, 0.000290950760245, 0.000111791341624, 0.000207305274671, 0.000159891904332, 0.000190265709534, 0.000114796494017, 0.000167143356521, 0.000178753791261, 0.000142418881296, 0.000156173337018, 0.000346711836755, 0.000170824219822, 8.82441818248e-05, 5.97500657022e-05, 5.85216321269e-06], "dmean2": [0.000257374078501, 0.0128162046894, 0.00857096165419, 0.00496368622407, 0.00325813656673, 0.00146936648525, 0.000706250895746, 0.000796735403128, 0.000502107955981, 0.000283864501398, 0.000338395533618, 0.00045370758744, 0.000488749297801, 0.000186670280527, 0.000347982771927, 0.000271310913377, 0.000325590983266, 0.000193503845367, 0.000268759235041, 0.000301452091662, 0.00023434429022, 0.0002617338032, 0.000502491893712, 0.000239300978137, 0.000137161085149, 9.50835674303e-05, 9.27199107537e-06], "dvar": [1.06837418912e-07, 0.000227896409342, 0.000208085039048, 8.19212000351e-05, 2.17206197703e-05, 2.33581113207e-06, 4.87273041472e-07, 9.08954916667e-07, 4.21087690938e-07, 1.17713781833e-07, 1.6375362577e-07, 3.37078432722e-07, 4.90271986564e-07, 4.4886746764e-08, 3.38083850693e-07, 1.51964471229e-07, 2.7611397968e-07, 1.11186992058e-07, 4.70402596875e-07, 4.07790167856e-07, 2.0254870492e-07, 1.31840465656e-07, 4.01893203161e-07, 9.77463940899e-08, 1.78921375493e-08, 8.54359161195e-09, 8.36306648933e-11], "dvar2": [2.22414982431e-07, 0.000545027782209, 0.000514035986271, 0.000202953873668, 5.87518807151e-05, 6.01989358984e-06, 1.20815741411e-06, 2.27832128985e-06, 9.72296220425e-07, 3.15994356015e-07, 4.29285222481e-07, 8.62715580752e-07, 1.28793237764e-06, 1.10382949003e-07, 8.31784859656e-07, 3.83783287816e-07, 7.50105982661e-07, 2.88567065354e-07, 1.14598526579e-06, 1.05605886347e-06, 4.77757339468e-07, 3.32758730792e-07, 9.28800830025e-07, 2.26686566407e-07, 4.47026806683e-08, 2.06938466363e-08, 2.02059008414e-10], "max": [0.00432482035831, 0.126871168613, 0.142386466265, 0.0923087149858, 0.0533429123461, 0.0331927500665, 0.0099128857255, 0.0139774437994, 0.0126428343356, 0.00782312545925, 0.00730718672276, 0.00915803853422, 0.0143736721948, 0.00270969001576, 0.00848861411214, 0.0067112185061, 0.00713432347402, 0.00453757448122, 0.0111315408722, 0.0153166046366, 0.00838233251125, 0.00577566865832, 0.00747258542106, 0.00778692029417, 0.000938715355005, 0.000542232766747, 6.13222800894e-05], "mean": [0.000449571176432, 0.0219137277454, 0.0085763335228, 0.00353804044425, 0.00306969461963, 0.00182896340266, 0.000861665525008, 0.000733190972824, 0.00056197255617, 0.000235516607063, 0.000285768561298, 0.000372069160221, 0.00042701579514, 0.000165224511875, 0.000266870658379, 0.000222300019232, 0.000249819975579, 0.000136299349833, 0.00020494745695, 0.00027503122692, 0.000220701214857, 0.000197975794435, 0.000456493784441, 0.000233941624174, 9.38027151278e-05, 5.19475506735e-05, 5.01828435517e-06], "median": [9.10684029805e-05, 0.0137059725821, 0.00233847601339, 0.000527050870005, 0.000877258193213, 0.000608821574133, 0.000374020484742, 0.000185363227502, 0.000157056594617, 7.73182036937e-05, 9.18838850339e-05, 9.49656023295e-05, 5.82102147746e-05, 6.3304847572e-05, 7.43182972656e-05, 5.84996414545e-05, 6.77492353134e-05, 3.63226426998e-05, 4.1254228563e-05, 5.29392673343e-05, 3.35294680553e-05, 4.27511949965e-05, 6.75737974234e-05, 2.74921585515e-05, 1.83332231245e-05, 6.92773483024e-06, 6.94558480063e-07], "min": [8.16385938534e-25, 7.84381674115e-24, 2.25795404466e-23, 1.067983086e-23, 3.02829281137e-23, 4.15054463671e-23, 5.74240630556e-23, 4.66808282892e-23, 4.0184012843e-23, 4.84784119448e-23, 8.72848401445e-23, 5.20229596295e-23, 1.2756510664e-22, 9.83370527948e-23, 1.7970394047e-22, 1.32173783509e-22, 1.28161119453e-22, 2.0952240306e-22, 1.54230725694e-22, 1.93988204601e-22, 3.90610800729e-22, 6.14677337635e-22, 5.67905282315e-22, 7.18208805988e-22, 1.09689884559e-21, 2.08108140802e-21, 2.64261284568e-21], "var": [6.86218584178e-07, 0.000689222768415, 0.000333419244271, 0.000101463541796, 2.8046695661e-05, 8.59179181134e-06, 1.41379109664e-06, 1.75304944605e-06, 1.22094002108e-06, 1.87107346505e-07, 2.75359894886e-07, 5.15767681009e-07, 8.28537054076e-07, 7.27666105149e-08, 4.12612536138e-07, 2.46732469122e-07, 3.05278319956e-07, 1.16484955015e-07, 5.09250469349e-07, 6.3489784452e-07, 4.04669748377e-07, 2.04620590694e-07, 6.24514427727e-07, 1.57550928748e-07, 2.16207407533e-08, 8.2738598195e-09, 8.16718082053e-11]}, "erbbands": {"dmean": [0.22851318121, 2.03971290588, 5.92561006546, 7.58617162704, 10.2364864349, 4.54508018494, 4.18818092346, 7.94100427628, 6.48938751221, 8.88794803619, 11.5452823639, 7.63824129105, 6.68467187881, 4.37970638275, 7.06892824173, 12.9840545654, 14.0361843109, 6.70587730408, 7.57375431061, 10.1939764023, 10.0976676941, 9.50321960449, 6.0845913887, 7.36333703995, 7.74823760986, 8.4890832901, 7.52547073364, 5.06547737122, 5.40775442123, 6.89529180527, 9.67109966278, 5.55416679382, 2.32674098015, 0.993134975433, 0.635154306889, 0.382588922977, 0.0890278443694, 0.00965498853475, 0.00105465832166, 7.88565303083e-05], "dmean2": [0.370310366154, 2.98084902763, 9.34606075287, 12.0574588776, 17.0371437073, 7.62861919403, 6.86157941818, 12.9380950928, 10.5249109268, 14.6304798126, 18.4042167664, 11.8008003235, 11.1505880356, 7.23436975479, 11.6820926666, 21.2904262543, 23.7353439331, 11.0599536896, 12.566409111, 16.5197944641, 17.182674408, 16.1049766541, 10.0667009354, 11.691947937, 12.4062013626, 14.1482019424, 12.9208240509, 8.18261051178, 8.85435390472, 11.1038217545, 13.7131004333, 7.72319936752, 3.44087195396, 1.499386549, 1.02616071701, 0.609787344933, 0.143264859915, 0.0156051376835, 0.00169961294159, 0.000120614859043], "dvar": [0.192236334085, 14.5618095398, 222.096542358, 504.010925293, 727.308288574, 101.961097717, 62.7687721252, 205.897918701, 116.717308044, 293.01159668, 542.362731934, 256.559234619, 199.237289429, 55.2010650635, 183.725738525, 738.793884277, 1130.18835449, 170.601257324, 409.963043213, 736.234069824, 643.096313477, 751.656066895, 317.240966797, 749.412841797, 737.748962402, 851.457763672, 682.520202637, 260.583618164, 157.578140259, 148.691574097, 298.659118652, 114.727859497, 16.5225162506, 2.24148774147, 1.01733887196, 0.355459094048, 0.0193053651601, 0.00023221228912, 2.80205972558e-06, 1.23038379485e-08], "dvar2": [0.583427369595, 31.7700653076, 559.527648926, 1258.26062012, 1918.51281738, 278.157531738, 163.900405884, 526.774291992, 294.330474854, 768.627319336, 1316.31164551, 565.364990234, 537.085327148, 139.739471436, 485.753204346, 1876.90112305, 2983.87036133, 399.768768311, 961.26739502, 1801.69384766, 1680.83776855, 2029.86193848, 803.366638184, 1795.57800293, 1684.29333496, 2136.57104492, 1787.67346191, 594.678283691, 373.734893799, 364.978485107, 655.93572998, 272.562927246, 35.7260322571, 5.1657500267, 2.58390283585, 0.868039786816, 0.0475725270808, 0.000578611972742, 6.92804860591e-06, 2.8931552265e-08], "max": [3.17334318161, 36.4606437683, 132.053039551, 243.354660034, 304.772094727, 143.995483398, 140.741409302, 302.723571777, 234.261581421, 239.441467285, 374.66784668, 335.356018066, 319.727874756, 135.224151611, 227.967941284, 487.327911377, 754.924133301, 191.282104492, 299.438293457, 592.583496094, 440.957519531, 417.177612305, 236.011352539, 462.615905762, 416.618103027, 796.692565918, 516.929321289, 311.484954834, 203.08883667, 218.207763672, 165.726089478, 283.658508301, 36.0078544617, 11.5321493149, 6.67208528519, 3.60502672195, 0.843297541142, 0.0891601517797, 0.0118602560833, 0.000915457902011], "mean": [0.567780911922, 5.07358312607, 10.0451965332, 12.1464328766, 14.1665353775, 6.74895334244, 7.13438844681, 15.9916982651, 13.5679779053, 14.7590560913, 18.1585979462, 13.7486696243, 9.72094726562, 7.04585599899, 11.0464496613, 18.8258152008, 21.6217269897, 11.1813144684, 10.2782974243, 13.8765039444, 14.8205509186, 13.0368452072, 7.71309995651, 9.65026092529, 10.4218158722, 13.1592302322, 11.0022468567, 7.77792310715, 7.34721899033, 8.24067497253, 13.3076152802, 7.8842921257, 2.98959374428, 1.20415484905, 0.592791318893, 0.326265007257, 0.0770506486297, 0.00845526903868, 0.00090359459864, 0.000110672946903], "median": [0.399160891771, 2.75209021568, 2.97969698906, 3.01213312149, 2.32536458969, 2.6588408947, 2.36548376083, 4.89618492126, 5.50854825974, 5.50147390366, 5.00158929825, 4.07256746292, 3.51357507706, 2.84905815125, 3.80009412766, 5.05722856522, 3.35238265991, 3.86816906929, 3.4479637146, 3.79309129715, 3.95728182793, 3.59712505341, 2.23761534691, 2.21317720413, 2.16398334503, 2.59794187546, 1.77085828781, 1.27445280552, 1.56713044643, 2.25598311424, 1.67356979847, 0.76960003376, 0.408346861601, 0.229061886668, 0.106566645205, 0.043417096138, 0.0103568127379, 0.00128358975053, 0.000155409390572, 6.58676872263e-05], "min": [2.15067009751e-22, 2.35474005807e-21, 1.99183072019e-20, 2.74762871549e-20, 6.44850876995e-20, 9.88039130478e-20, 3.17380567339e-19, 2.71489026394e-19, 4.06508683805e-19, 1.12337237981e-18, 1.17983293669e-18, 8.25211198912e-19, 1.52563300004e-18, 1.19078036191e-18, 4.41590039139e-18, 2.50614446382e-18, 4.73900582405e-18, 6.3685934034e-18, 5.06987517394e-18, 1.06097047411e-17, 7.68652042105e-18, 7.72632600649e-18, 1.21162115676e-17, 8.41136886566e-18, 7.77702804213e-18, 8.42766184219e-18, 1.08412913244e-17, 1.96359194376e-17, 1.8985805107e-17, 2.3110218631e-17, 1.6328417906e-17, 1.29319696431e-17, 1.36995767079e-17, 9.71122777719e-18, 1.05921470054e-17, 7.93270012469e-18, 3.30625600442e-18, 1.37702276516e-18, 3.77373676571e-19, 4.06139218415e-20], "var": [0.463201701641, 43.0644950867, 337.271575928, 828.532653809, 830.963195801, 108.983428955, 120.806564331, 736.01739502, 512.894226074, 593.031677246, 1111.02001953, 776.321777344, 298.736206055, 117.116531372, 333.462158203, 1284.42358398, 2043.77954102, 332.287780762, 531.971557617, 1114.48266602, 1035.62426758, 853.91619873, 361.085510254, 890.495361328, 990.354309082, 1431.40893555, 1041.6036377, 514.671813965, 275.773651123, 194.589019775, 522.715576172, 188.394714355, 25.7012138367, 3.44941520691, 0.996293604374, 0.338128507137, 0.018146418035, 0.00021703269158, 2.61003856394e-06, 1.58207278389e-08]}, "gfcc": {"mean": [-73.8402557373, 106.02104187, -90.2019500732, 38.6513252258, -41.1452713013, 7.69987392426, -31.6832962036, 3.63673663139, -13.135219574, -0.463705539703, -9.83937358856, -5.14859819412, -10.3703670502], "cov": [[31990.5664062, -5420.34521484, 193.991882324, 3477.2512207, -3122.93359375, 3173.25097656, -731.077331543, 500.921264648, -1002.98150635, 468.839752197, -505.391296387, 780.337646484, -641.251647949], [-5420.34521484, 5714.24804688, -2161.60473633, -2391.80957031, 1101.14855957, -2215.92773438, 370.660003662, -759.99005127, -107.555137634, -282.35635376, 238.86239624, -687.283508301, 303.04788208], [193.991882324, -2161.60473633, 3518.44213867, 1696.22045898, 246.028335571, 1357.41162109, -71.01222229, 527.420166016, 273.391235352, 89.7227325439, -135.921798706, 452.848693848, -107.953994751], [3477.2512207, -2391.80957031, 1696.22045898, 2791.56884766, -70.6136550903, 1017.13140869, 142.599517822, 427.047790527, 112.066558838, 147.137466431, -90.7359695435, 312.968231201, 66.4967727661], [-3122.93359375, 1101.14855957, 246.028335571, -70.6136550903, 953.299194336, -343.837158203, 261.09664917, 8.07835006714, 144.781417847, -6.13144397736, 53.697101593, -66.6130218506, 114.60559082], [3173.25097656, -2215.92773438, 1357.41162109, 1017.13140869, -343.837158203, 1404.26428223, -94.742980957, 452.805908203, 128.199523926, 135.939239502, -65.6915893555, 355.306121826, -171.100814819], [-731.077331543, 370.660003662, -71.01222229, 142.599517822, 261.09664917, -94.742980957, 296.590179443, 6.59385299683, 54.7783432007, 48.3130073547, 53.4826126099, -17.4823703766, 81.3509979248], [500.921264648, -759.99005127, 527.420166016, 427.047790527, 8.07835006714, 452.805908203, 6.59385299683, 282.390594482, 110.490493774, 71.15675354, -6.5405664444, 135.488723755, -25.2806682587], [-1002.98150635, -107.555137634, 273.391235352, 112.066558838, 144.781417847, 128.199523926, 54.7783432007, 110.490493774, 190.226348877, 34.4979553223, 45.3910827637, 43.2858848572, 8.50875473022], [468.839752197, -282.35635376, 89.7227325439, 147.137466431, -6.13144397736, 135.939239502, 48.3130073547, 71.15675354, 34.4979553223, 120.598068237, 35.3055038452, 68.6158905029, -11.1802043915], [-505.391296387, 238.86239624, -135.921798706, -90.7359695435, 53.697101593, -65.6915893555, 53.4826126099, -6.5405664444, 45.3910827637, 35.3055038452, 127.886909485, 2.82657766342, 18.9453220367], [780.337646484, -687.283508301, 452.848693848, 312.968231201, -66.6130218506, 355.306121826, -17.4823703766, 135.488723755, 43.2858848572, 68.6158905029, 2.82657766342, 175.121124268, -29.0545043945], [-641.251647949, 303.04788208, -107.953994751, 66.4967727661, 114.60559082, -171.100814819, 81.3509979248, -25.2806682587, 8.50875473022, -11.1802043915, 18.9453220367, -29.0545043945, 115.683517456]], "icov": [[0.00019252031052, -0.000420111231506, 0.000262604473392, -0.000450812542113, 0.000418240728322, -0.000544657639693, 0.000327679183101, -6.05417226325e-05, 0.000764213851653, -0.000737026683055, 0.000748335849494, -0.000823863665573, 0.000751411134843], [-0.000420111231506, 0.00194229080807, -0.000689363689162, 0.00149394758046, -0.00153158907779, 0.00157005188521, -0.00126458797604, 0.000611322873738, -0.00126526143868, 0.00224969512783, -0.0028331161011, 0.00331059587188, -0.00245056999847], [0.000262604473392, -0.000689363689162, 0.00115121994168, -0.000948768516537, 8.9750981715e-05, -0.00119215424638, 0.000951931928284, 0.000117719202535, 0.000477517140098, -0.000570838397834, 0.00166353455279, -0.00238517066464, 0.00142357486766], [-0.000450812542113, 0.00149394758046, -0.000948768516537, 0.00205012666993, -0.00106562662404, 0.00115632300731, -0.00146481406409, 6.38791534584e-05, -0.00127402029466, 0.00167787668761, -0.00204456248321, 0.00284739187919, -0.00336050218903], [0.000418240728322, -0.00153158907779, 8.9750981715e-05, -0.00106562662404, 0.00350773427635, -0.000370669091353, -0.000638592347968, -0.00136242818553, 0.000562355387956, -0.00169048714451, 0.00241275783628, -0.00231362739578, 0.00197396031581], [-0.000544657639693, 0.00157005188521, -0.00119215424638, 0.00115632300731, -0.000370669091353, 0.00517693767324, -0.00198637181893, -0.00257522799075, -0.00221404084004, 0.00287354271859, -0.00215580617078, 0.00034854610567, 0.000830114469863], [0.000327679183101, -0.00126458797604, 0.000951931928284, -0.00146481406409, -0.000638592347968, -0.00198637181893, 0.00730727054179, 0.000714106136002, 0.000635725038592, -0.00434345332906, 0.00104810181074, -0.000993210123852, -0.00131602375768], [-6.05417226325e-05, 0.000611322873738, 0.000117719202535, 6.38791534584e-05, -0.00136242818553, -0.00257522799075, 0.000714106136002, 0.010809683241, -0.00352249457501, -0.00147370260675, 0.000323284271872, -0.000302705739159, -0.00247524445876], [0.000764213851653, -0.00126526143868, 0.000477517140098, -0.00127402029466, 0.000562355387956, -0.00221404084004, 0.000635725038592, -0.00352249457501, 0.0124795623124, -0.00265524210408, -0.000831961049698, -0.00148876104504, 0.00226782541722], [-0.000737026683055, 0.00224969512783, -0.000570838397834, 0.00167787668761, -0.00169048714451, 0.00287354271859, -0.00434345332906, -0.00147370260675, -0.00265524210408, 0.0174339227378, -0.00641493871808, -0.00128166889772, -0.000209946359973], [0.000748335849494, -0.0028331161011, 0.00166353455279, -0.00204456248321, 0.00241275783628, -0.00215580617078, 0.00104810181074, 0.000323284271872, -0.000831961049698, -0.00641493871808, 0.015590576455, -0.00695784622803, 0.00319276098162], [-0.000823863665573, 0.00331059587188, -0.00238517066464, 0.00284739187919, -0.00231362739578, 0.00034854610567, -0.000993210123852, -0.000302705739159, -0.00148876104504, -0.00128166889772, -0.00695784622803, 0.0218126121908, -0.00705852825195], [0.000751411134843, -0.00245056999847, 0.00142357486766, -0.00336050218903, 0.00197396031581, 0.000830114469863, -0.00131602375768, -0.00247524445876, 0.00226782541722, -0.000209946359973, 0.00319276098162, -0.00705852825195, 0.0196631606668]]}, "melbands": {"dmean": [0.00220076134428, 0.00276660104282, 0.00137258169707, 0.000530539662577, 0.000141775992233, 0.000179088267032, 9.69954999164e-05, 9.25468630157e-05, 9.25169879338e-05, 4.3529245886e-05, 3.29809554387e-05, 1.70648800122e-05, 2.91057658615e-05, 2.89901418e-05, 3.0984836485e-05, 2.62839948846e-05, 1.22643095892e-05, 1.11063054646e-05, 1.44391706272e-05, 1.14280919661e-05, 1.30558673845e-05, 1.18089301395e-05, 6.07058882451e-06, 5.75702415517e-06, 6.2607300606e-06, 6.51987329547e-06, 5.17066791872e-06, 6.1307919168e-06, 5.49211927137e-06, 3.70301768271e-06, 2.96324833471e-06, 3.30277907779e-06, 2.94012602353e-06, 4.27726172347e-06, 4.68705457024e-06, 6.96912411513e-06, 2.15484578803e-06, 1.81196776339e-06, 9.3186582717e-07, 8.03246905434e-07], "dmean2": [0.00343628390692, 0.00421433476731, 0.00224856100976, 0.000886371533852, 0.000234132603509, 0.000291185308015, 0.000157903923537, 0.000152153384988, 0.000147287049913, 6.73811082379e-05, 5.51586454094e-05, 2.83123354166e-05, 4.86036187795e-05, 4.72206520499e-05, 5.18897359143e-05, 4.39262839791e-05, 2.04022544494e-05, 1.8390472178e-05, 2.39293112827e-05, 1.89899692487e-05, 2.22458857024e-05, 2.03863492061e-05, 9.91653723759e-06, 9.77806212177e-06, 1.00379602372e-05, 1.0801465578e-05, 8.4177527242e-06, 1.02714429886e-05, 9.56761141424e-06, 6.18259900875e-06, 4.88567457069e-06, 5.46503451915e-06, 5.02133343616e-06, 6.78108608554e-06, 6.76065610605e-06, 9.9385924841e-06, 3.09363508677e-06, 2.79571190731e-06, 1.34498702664e-06, 1.23630661619e-06], "dvar": [1.51254307639e-05, 3.98873598897e-05, 1.57576214406e-05, 1.66491327036e-06, 7.80381057552e-08, 9.90753434849e-08, 2.44830751228e-08, 3.12362189447e-08, 3.17107264891e-08, 8.10599320999e-09, 4.85329998412e-09, 8.76996975041e-10, 3.43493922195e-09, 3.48688589114e-09, 5.06873121253e-09, 3.91938170807e-09, 5.50354151141e-10, 7.82044151659e-10, 1.73242786783e-09, 8.06031130729e-10, 1.09620357236e-09, 1.25089161251e-09, 3.02892766424e-10, 2.65668598232e-10, 5.88379678312e-10, 7.13263836882e-10, 2.51146214936e-10, 4.67638039403e-10, 4.08154149367e-10, 1.46983966665e-10, 9.05249417094e-11, 6.54123491484e-11, 3.91217995499e-11, 5.89123194672e-11, 6.21429088743e-11, 1.86239995648e-10, 1.77259925488e-11, 1.0854353874e-11, 2.02356209046e-12, 1.54548303408e-12], "dvar2": [4.12186382164e-05, 9.6380499599e-05, 4.0565715608e-05, 4.4606422307e-06, 2.06733318464e-07, 2.54861618032e-07, 6.25659808406e-08, 8.30449877753e-08, 7.70603705291e-08, 1.80053341126e-08, 1.30812223276e-08, 2.24117635561e-09, 9.0624796556e-09, 8.61320703649e-09, 1.38293190233e-08, 1.00475343601e-08, 1.33278532655e-09, 1.834966179e-09, 4.1976093712e-09, 1.96487870419e-09, 2.9015680969e-09, 3.4857925435e-09, 7.34874716635e-10, 6.96528612565e-10, 1.45370071536e-09, 1.77311954008e-09, 5.97959515236e-10, 1.20533250048e-09, 1.12774212191e-09, 3.53272217035e-10, 2.104187935e-10, 1.49858750409e-10, 1.06282815882e-10, 1.4247586444e-10, 1.34801114715e-10, 4.38873548614e-10, 3.97553864828e-11, 2.36311942237e-11, 4.21049826949e-12, 3.69354156635e-12], "max": [0.0298494677991, 0.0585144907236, 0.041361309588, 0.0143686793745, 0.0040807123296, 0.00659684324637, 0.0032140549738, 0.00238742213696, 0.00271216128021, 0.00182093272451, 0.00157094502356, 0.000593757547904, 0.00108292978257, 0.00103508576285, 0.00125068565831, 0.00159012933727, 0.000311535724904, 0.000422996963607, 0.000553567544557, 0.000580803840421, 0.00053140334785, 0.000532093166839, 0.000222576563829, 0.000218494562432, 0.000415244721808, 0.000419139192672, 0.000296889542369, 0.000618308549747, 0.000496449996717, 0.000273028796073, 0.000156238456839, 0.000125886537717, 9.21837126953e-05, 0.000180547300261, 9.03636828298e-05, 0.000168346668943, 0.000138941511977, 2.82892724499e-05, 1.35624177346e-05, 1.05220624391e-05], "mean": [0.00569202797487, 0.00602701120079, 0.00223108986393, 0.000767345307395, 0.000242074747803, 0.000367960514268, 0.000204348412808, 0.000154098539497, 0.000147071565152, 7.71367485868e-05, 4.60862429463e-05, 2.59016196651e-05, 4.1118968511e-05, 4.0293805796e-05, 4.81245588162e-05, 3.97418771172e-05, 1.82962430699e-05, 1.46347638292e-05, 1.82727908395e-05, 1.59223200171e-05, 1.82589319593e-05, 1.50466275954e-05, 7.8499861047e-06, 6.64450226395e-06, 7.87796943769e-06, 7.66170705901e-06, 7.55061773816e-06, 9.09179016162e-06, 7.50503886593e-06, 5.31761861566e-06, 4.24106610808e-06, 4.33272407463e-06, 3.56471923624e-06, 5.01777458339e-06, 6.35523929304e-06, 9.21035370993e-06, 3.33534057972e-06, 2.24830023399e-06, 1.22357778309e-06, 9.36213780278e-07], "median": [0.00377742084675, 0.00263212737627, 0.00052192073781, 0.000184204938705, 7.58656606195e-05, 0.000116479386634, 8.46698094392e-05, 5.40042710782e-05, 4.07940460718e-05, 2.23053211812e-05, 1.54222489073e-05, 9.8052823887e-06, 1.28414976643e-05, 1.08595331767e-05, 1.11387153083e-05, 5.82904704061e-06, 6.31291686659e-06, 4.88280102218e-06, 5.19203285876e-06, 4.22295761382e-06, 4.58274917037e-06, 3.93900654672e-06, 2.11283418139e-06, 1.69093618752e-06, 1.66402287505e-06, 1.46483102981e-06, 1.57215595209e-06, 1.68257201949e-06, 1.12447958145e-06, 7.64047854318e-07, 6.26014241334e-07, 8.02215936346e-07, 8.38393020786e-07, 1.33785113121e-06, 9.84550865724e-07, 7.97134021013e-07, 3.32129758362e-07, 2.70380752454e-07, 2.253573399e-07, 1.8142002034e-07], "min": [2.26415386029e-24, 7.8455309359e-24, 6.16081947075e-24, 6.45912012232e-24, 9.24284499048e-24, 6.46795023686e-24, 8.36373918656e-24, 1.26463238349e-23, 8.801534112e-24, 5.17157566826e-24, 7.94847649517e-24, 4.68064504441e-24, 1.30038497966e-23, 7.59340152426e-24, 8.81150058067e-24, 1.22674094874e-23, 1.15720191332e-23, 6.21267090362e-24, 1.60102744371e-23, 1.01814080297e-23, 8.51074262739e-24, 6.67720032513e-24, 1.12510158536e-23, 1.00858533082e-23, 6.21040292852e-24, 6.07499653186e-24, 5.66848428006e-24, 5.57259429272e-24, 6.17435119629e-24, 8.58997423899e-24, 1.12880386736e-23, 8.6424997535e-24, 1.51652308582e-23, 1.14339321871e-23, 9.19215042213e-24, 7.7528626565e-24, 8.05319068059e-24, 9.8043546051e-24, 8.28097505583e-24, 7.71172198257e-24], "var": [4.2448133172e-05, 7.56285226089e-05, 2.25476069318e-05, 1.9670023903e-06, 1.35576414095e-07, 3.72697229523e-07, 1.02367806676e-07, 6.34495265217e-08, 6.85079157847e-08, 2.42021620522e-08, 7.16291381764e-09, 1.79358639052e-09, 5.75259750946e-09, 5.90867221817e-09, 8.5687448248e-09, 6.96332236316e-09, 9.4499574832e-10, 1.04948227886e-09, 2.04023486994e-09, 1.31774857692e-09, 1.58346280532e-09, 1.25338972534e-09, 3.75694225729e-10, 2.7145261039e-10, 6.58897991723e-10, 7.24928006512e-10, 4.02681499256e-10, 7.53921425289e-10, 5.29373822555e-10, 2.64136795769e-10, 1.62086968847e-10, 1.13776252308e-10, 4.99826846578e-11, 7.39256503235e-11, 1.10557812905e-10, 2.87291829215e-10, 3.16544082613e-11, 1.55786911149e-11, 3.61326810486e-12, 2.17253797417e-12]}, "mfcc": {"mean": [-705.659484863, 119.350975037, 24.0868740082, 31.0612277985, 15.1209354401, 9.70643138885, -1.15379452705, 4.52753782272, -2.31512522697, 7.13308238983, -3.61547589302, 4.54602956772, 4.39501667023], "cov": [[18352.296875, -1445.90368652, -591.833312988, -374.638397217, -353.524353027, 625.339599609, 132.29045105, 554.506591797, -256.306854248, 199.396087646, -197.885498047, 190.395095825, 19.0096244812], [-1445.90368652, 4358.60791016, -1723.12524414, -841.415527344, -420.792175293, -835.629821777, -119.596923828, -766.139221191, -340.885040283, -314.1769104, -219.271713257, -125.116233826, -108.720787048], [-591.833312988, -1723.12524414, 2645.52929688, 679.311157227, 793.783508301, 818.887695312, 94.7213058472, 704.126403809, 297.728424072, 216.137237549, 219.49269104, 24.6677246094, 86.0959243774], [-374.638397217, -841.415527344, 679.311157227, 1552.79760742, 470.94934082, 384.053894043, 233.751617432, 226.255126953, 341.576202393, 78.5660629272, 57.8425102234, 20.8635673523, 10.297416687], [-353.524353027, -420.792175293, 793.783508301, 470.94934082, 614.312072754, 340.405151367, 139.386550903, 300.930480957, 178.138793945, 117.744827271, 97.5676803589, 19.6063938141, 58.2874603271], [625.339599609, -835.629821777, 818.887695312, 384.053894043, 340.405151367, 505.654815674, 163.172485352, 349.099212646, 187.83404541, 138.064987183, 115.098297119, 58.7545852661, 63.2286720276], [132.29045105, -119.596923828, 94.7213058472, 233.751617432, 139.386550903, 163.172485352, 189.516098022, 119.120201111, 108.347732544, 59.2834129333, 55.9413604736, 41.7237854004, 37.5579452515], [554.506591797, -766.139221191, 704.126403809, 226.255126953, 300.930480957, 349.099212646, 119.120201111, 377.53036499, 158.83392334, 129.575531006, 100.444038391, 53.4227790833, 62.4818000793], [-256.306854248, -340.885040283, 297.728424072, 341.576202393, 178.138793945, 187.83404541, 108.347732544, 158.83392334, 238.710983276, 67.9437637329, 53.6100502014, 25.6033420563, 28.4487323761], [199.396087646, -314.1769104, 216.137237549, 78.5660629272, 117.744827271, 138.064987183, 59.2834129333, 129.575531006, 67.9437637329, 144.411834717, 66.8329086304, 44.9182548523, 52.3483428955], [-197.885498047, -219.271713257, 219.49269104, 57.8425102234, 97.5676803589, 115.098297119, 55.9413604736, 100.444038391, 53.6100502014, 66.8329086304, 128.338485718, 40.8961029053, 35.5358352661], [190.395095825, -125.116233826, 24.6677246094, 20.8635673523, 19.6063938141, 58.7545852661, 41.7237854004, 53.4227790833, 25.6033420563, 44.9182548523, 40.8961029053, 85.7875595093, 42.7532577515], [19.0096244812, -108.720787048, 86.0959243774, 10.297416687, 58.2874603271, 63.2286720276, 37.5579452515, 62.4818000793, 28.4487323761, 52.3483428955, 35.5358352661, 42.7532577515, 89.0171127319]], "icov": [[9.03549080249e-05, -4.93564539283e-06, 0.000130152140628, -2.36377236433e-05, 0.000114315516839, -0.0003110798134, 9.69882603385e-05, -0.000375141884433, 0.000285208458081, -9.81774865068e-05, 0.000293186225463, -9.7537493275e-05, 0.000116421637358], [-4.93564539283e-06, 0.000478951144032, 2.15406853386e-05, 0.000263247115072, -0.000454345921753, 0.000389964436181, -0.000679927819874, 0.000890789146069, -0.000100291756098, 0.000338759215083, 0.000100205383205, 6.82844984112e-05, -2.30946807278e-05], [0.000130152140628, 2.15406853386e-05, 0.00150120945182, -0.000194219202967, -0.000476315472042, -0.00180297833867, 0.00195797975175, -0.00172857008874, 0.000536856474355, 0.000275541533483, -0.000355860160198, 0.000674553681165, 3.32376912411e-05], [-2.36377236433e-05, 0.000263247115072, -0.000194219202967, 0.00137183035258, -0.000844864989631, -9.43561026361e-05, -0.00118404743262, 0.00151569070294, -0.00138972268905, 0.000344245170709, 0.000504786614329, -0.000240544570261, 0.000567357637919], [0.000114315516839, -0.000454345921753, -0.000476315472042, -0.000844864989631, 0.00429068040103, -0.000556106853765, -0.000353739480488, -0.00242049875669, 0.000521488080267, -0.000968479318544, -1.62119158631e-05, 0.00125356728677, -0.000779902446084], [-0.0003110798134, 0.000389964436181, -0.00180297833867, -9.43561026361e-05, -0.000556106853765, 0.00956029910594, -0.00417804857716, -0.00136221817229, -0.00127741449978, -0.000462388677988, -0.000962659425568, -0.000637874647509, -3.9323582314e-05], [9.69882603385e-05, -0.000679927819874, 0.00195797975175, -0.00118404743262, -0.000353739480488, -0.00417804857716, 0.0126587422565, -0.00301280152053, -0.00114762515295, -6.9724774221e-06, -0.00186531699728, -0.00108801317401, -0.000996800605208], [-0.000375141884433, 0.000890789146069, -0.00172857008874, 0.00151569070294, -0.00242049875669, -0.00136221817229, -0.00301280152053, 0.0136750917882, -0.00335172004998, -0.00111239915714, -0.000604129687417, -0.00113514938857, -0.000598715967499], [0.000285208458081, -0.000100291756098, 0.000536856474355, -0.00138972268905, 0.000521488080267, -0.00127741449978, -0.00114762515295, -0.00335172004998, 0.00919278338552, -0.00108517007902, 0.000405760540161, 0.000312528049108, 0.000248986209044], [-9.81774865068e-05, 0.000338759215083, 0.000275541533483, 0.000344245170709, -0.000968479318544, -0.000462388677988, -6.9724774221e-06, -0.00111239915714, -0.00108517007902, 0.0131274526939, -0.00309153227136, -0.00153502298053, -0.00352695817128], [0.000293186225463, 0.000100205383205, -0.000355860160198, 0.000504786614329, -1.62119158631e-05, -0.000962659425568, -0.00186531699728, -0.000604129687417, 0.000405760540161, -0.00309153227136, 0.0134777678177, -0.00366507167928, 0.000319282378769], [-9.7537493275e-05, 6.82844984112e-05, 0.000674553681165, -0.000240544570261, 0.00125356728677, -0.000637874647509, -0.00108801317401, -0.00113514938857, 0.000312528049108, -0.00153502298053, -0.00366507167928, 0.0188903622329, -0.00643904367462], [0.000116421637358, -2.30946807278e-05, 3.32376912411e-05, 0.000567357637919, -0.000779902446084, -3.9323582314e-05, -0.000996800605208, -0.000598715967499, 0.000248986209044, -0.00352695817128, 0.000319282378769, -0.00643904367462, 0.0174219850451]]}, "spectral_contrast_coeffs": {"dmean": [0.0434063114226, 0.0422996729612, 0.0346514210105, 0.0285428818315, 0.0196070242673, 0.0291701313108], "dmean2": [0.0701238140464, 0.0705384090543, 0.0581561625004, 0.0477248392999, 0.0328364148736, 0.0473577678204], "dvar": [0.00171693146694, 0.00113790913019, 0.00078742421465, 0.000556483340915, 0.000272507342743, 0.00100141647272], "dvar2": [0.00408485904336, 0.00309452973306, 0.00213796133175, 0.00153918482829, 0.000714748864993, 0.00256762537174], "max": [-0.242286026478, -0.46051633358, -0.59315341711, -0.602641999722, -0.629540979862, -0.501713395119], "mean": [-0.609460175037, -0.747915506363, -0.79682469368, -0.807930111885, -0.808668613434, -0.779434919357], "median": [-0.612819969654, -0.75231641531, -0.794250011444, -0.811039924622, -0.811860561371, -0.791917622089], "min": [-0.945978164673, -0.968221724033, -0.978574156761, -0.953838944435, -0.965949475765, -0.965790271759], "var": [0.0134992608801, 0.00449232850224, 0.00410660263151, 0.00245333719067, 0.00165877887048, 0.00528972409666]}, "spectral_contrast_valleys": {"dmean": [0.407914370298, 0.402763456106, 0.372422754765, 0.338127344847, 0.304412484169, 0.610350310802], "dmean2": [0.662569105625, 0.646662592888, 0.587870657444, 0.52564239502, 0.467445403337, 0.873208582401], "dvar": [0.19272685051, 0.212108150125, 0.203519433737, 0.206979364157, 0.209070399404, 0.441195517778], "dvar2": [0.412417590618, 0.404470384121, 0.383814334869, 0.370230227709, 0.400362074375, 1.05573499203], "max": [-4.83612203598, -4.96525859833, -5.77712059021, -5.71716