{"lowlevel": {"average_loudness": 0.884735643864, "barkbands_crest": {"dmean": 2.58572292328, "dmean2": 4.2638425827, "dvar": 6.58527374268, "dvar2": 17.3515720367, "max": 26.9492111206, "mean": 15.0879993439, "median": 14.1237783432, "min": 3.21199798584, "var": 31.1284713745}, "barkbands_flatness_db": {"dmean": 0.0271201916039, "dmean2": 0.0418371781707, "dvar": 0.000780141970608, "dvar2": 0.00168601679616, "max": 0.530605912209, "mean": 0.2231438905, "median": 0.214560255408, "min": 0.0425501018763, "var": 0.00652340892702}, "barkbands_kurtosis": {"dmean": 16.4467391968, "dmean2": 27.0571460724, "dvar": 1186.8013916, "dvar2": 3257.60253906, "max": 1074.59692383, "mean": 38.3002586365, "median": 16.6008377075, "min": -1.90311813354, "var": 6771.39648438}, "barkbands_skewness": {"dmean": 1.07025444508, "dmean2": 1.71196269989, "dvar": 2.21332502365, "dvar2": 5.77026700974, "max": 16.7649269104, "mean": 3.43217110634, "median": 3.32617068291, "min": -16.0450019836, "var": 8.7802066803}, "barkbands_spread": {"dmean": 3.65902972221, "dmean2": 5.75537443161, "dvar": 35.7800979614, "dvar2": 79.4718322754, "max": 105.715309143, "mean": 9.95237159729, "median": 7.19054794312, "min": 0.0600168891251, "var": 96.9448471069}, "dissonance": {"dmean": 0.0217026770115, "dmean2": 0.0370835028589, "dvar": 0.000870859890711, "dvar2": 0.00240200385451, "max": 0.499999761581, "mean": 0.451275616884, "median": 0.460976600647, "min": 0.1805729568, "var": 0.0014167947229}, "dynamic_complexity": 3.61072587967, "erbbands_crest": {"dmean": 2.5465297699, "dmean2": 3.94343280792, "dvar": 8.2633934021, "dvar2": 19.0733795166, "max": 34.9635925293, "mean": 12.5203695297, "median": 10.0144128799, "min": 2.73635196686, "var": 56.9771575928}, "erbbands_flatness_db": {"dmean": 0.0173352174461, "dmean2": 0.0245806816965, "dvar": 0.000355980911991, "dvar2": 0.000700958247762, "max": 0.582646965981, "mean": 0.155126899481, "median": 0.136106312275, "min": 0.031822476536, "var": 0.00795695651323}, "erbbands_kurtosis": {"dmean": 1.60870075226, "dmean2": 2.56975150108, "dvar": 28.804523468, "dvar2": 67.2948303223, "max": 343.014709473, "mean": 7.43801736832, "median": 0.12110710144, "min": -1.83071267605, "var": 1319.45373535}, "erbbands_skewness": {"dmean": 0.394000828266, "dmean2": 0.607198059559, "dvar": 0.205889359117, "dvar2": 0.524919629097, "max": 5.85498905182, "mean": 0.599711477757, "median": 0.621474385262, "min": -3.95319247246, "var": 0.906778395176}, "erbbands_spread": {"dmean": 8.38140296936, "dmean2": 12.753613472, "dvar": 124.529449463, "dvar2": 279.253234863, "max": 151.257125854, "mean": 42.885635376, "median": 42.3802528381, "min": 0.174117028713, "var": 423.55645752}, "hfc": {"dmean": 8.65730476379, "dmean2": 12.9344463348, "dvar": 296.971252441, "dvar2": 687.591674805, "max": 160.795379639, "mean": 15.1032094955, "median": 8.98009586334, "min": 4.0674672519e-09, "var": 364.8543396}, "melbands_crest": {"dmean": 2.806432724, "dmean2": 4.62961006165, "dvar": 6.85282087326, "dvar2": 17.6048049927, "max": 32.6578941345, "mean": 18.1231784821, "median": 18.1091842651, "min": 5.51007652283, "var": 24.9661045074}, "melbands_flatness_db": {"dmean": 0.030805984512, "dmean2": 0.047286465764, "dvar": 0.00105098751374, "dvar2": 0.0022018791642, "max": 0.57617866993, "mean": 0.330958247185, "median": 0.325591683388, "min": 0.0166963413358, "var": 0.00688782660291}, "melbands_kurtosis": {"dmean": 24.3551502228, "dmean2": 39.9264297485, "dvar": 1727.18688965, "dvar2": 4316.73925781, "max": 645.887084961, "mean": 54.4918746948, "median": 36.7053337097, "min": -1.84663057327, "var": 3182.82373047}, "melbands_skewness": {"dmean": 1.12404489517, "dmean2": 1.7984418869, "dvar": 1.7478890419, "dvar2": 4.17184495926, "max": 19.3792724609, "mean": 4.59178781509, "median": 4.64811897278, "min": -9.12436199188, "var": 10.7298088074}, "melbands_spread": {"dmean": 2.53992319107, "dmean2": 4.04677057266, "dvar": 22.5209255219, "dvar2": 43.520488739, "max": 157.151123047, "mean": 7.32994842529, "median": 4.86828947067, "min": 0.336682349443, "var": 79.838470459}, "pitch_salience": {"dmean": 0.0781197920442, "dmean2": 0.128199264407, "dvar": 0.00562378810719, "dvar2": 0.0148382289335, "max": 0.826051056385, "mean": 0.443238288164, "median": 0.462439835072, "min": 0.0227215718478, "var": 0.0261349137872}, "silence_rate_20dB": {"dmean": 0.0614734850824, "dmean2": 0.122975826263, "dvar": 0.0576960630715, "dvar2": 0.133673250675, "max": 1, "mean": 0.949331462383, "median": 1, "min": 0, "var": 0.0481008328497}, "silence_rate_30dB": {"dmean": 0.107930548489, "dmean2": 0.215911760926, "dvar": 0.0962827429175, "dvar2": 0.190892294049, "max": 1, "mean": 0.784189522266, "median": 1, "min": 0, "var": 0.16923353076}, "silence_rate_60dB": {"dmean": 0.00281557952985, "dmean2": 0.00539779383689, "dvar": 0.00280759902671, "dvar2": 0.00536859687418, "max": 1, "mean": 0.0483227781951, "median": 0, "min": 0, "var": 0.0459878407419}, "spectral_centroid": {"dmean": 111.452789307, "dmean2": 173.409713745, "dvar": 49118.515625, "dvar2": 74810.8984375, "max": 11277.9853516, "mean": 578.768188477, "median": 491.221130371, "min": 138.896255493, "var": 129423.226562}, "spectral_complexity": {"dmean": 1.89160013199, "dmean2": 2.95986866951, "dvar": 5.75546598434, "dvar2": 11.4538202286, "max": 36, "mean": 10.5836267471, "median": 10, "min": 0, "var": 22.219039917}, "spectral_decrease": {"dmean": 1.36093989411e-08, "dmean2": 2.25815846022e-08, "dvar": 1.07212348266e-15, "dvar2": 2.74318671518e-15, "max": 6.38016210346e-22, "mean": -1.98685370378e-08, "median": -8.27854407248e-09, "min": -2.5503965162e-07, "var": 1.06712005904e-15}, "spectral_energy": {"dmean": 0.0520414300263, "dmean2": 0.0862273275852, "dvar": 0.0155817857012, "dvar2": 0.0398310236633, "max": 0.970884442329, "mean": 0.0763584151864, "median": 0.0322613678873, "min": 3.66523190921e-13, "var": 0.0155448922887}, "spectral_energyband_high": {"dmean": 0.000325024040649, "dmean2": 0.000472596148029, "dvar": 6.92201695074e-07, "dvar2": 1.54780229877e-06, "max": 0.00861348677427, "mean": 0.000398176634917, "median": 0.000111895045848, "min": 2.65036500776e-13, "var": 8.05494607903e-07}, "spectral_energyband_low": {"dmean": 0.0480076521635, "dmean2": 0.08062838763, "dvar": 0.0148519407958, "dvar2": 0.0384179875255, "max": 0.946700513363, "mean": 0.0626880303025, "median": 0.0180579368025, "min": 7.72311512296e-15, "var": 0.0142641700804}, "spectral_energyband_middle_high": {"dmean": 0.000806359923445, "dmean2": 0.00114694086369, "dvar": 4.7347398322e-06, "dvar2": 9.98963150778e-06, "max": 0.0578250847757, "mean": 0.00216014753096, "median": 0.00119507219642, "min": 5.26244934402e-14, "var": 9.5861068985e-06}, "spectral_energyband_middle_low": {"dmean": 0.00677058007568, "dmean2": 0.0109785804525, "dvar": 0.000210731624975, "dvar2": 0.000550407392439, "max": 0.2309756428, "mean": 0.0127396555617, "median": 0.00897709745914, "min": 5.4024151011e-15, "var": 0.000214214465814}, "spectral_entropy": {"dmean": 0.215140193701, "dmean2": 0.321025311947, "dvar": 0.053120303899, "dvar2": 0.108996935189, "max": 9.78587245941, "mean": 6.90067100525, "median": 6.96437358856, "min": 3.64186549187, "var": 0.490196228027}, "spectral_flux": {"dmean": 0.0594633109868, "dmean2": 0.0970051884651, "dvar": 0.0119314780459, "dvar2": 0.0266133509576, "max": 0.852774262428, "mean": 0.111931286752, "median": 0.0647211447358, "min": 3.68820801668e-05, "var": 0.0177498944104}, "spectral_kurtosis": {"dmean": 2.16879534721, "dmean2": 3.53897213936, "dvar": 10.8878602982, "dvar2": 28.9069156647, "max": 102.435112, "mean": 9.1660118103, "median": 6.56824874878, "min": -1.17343294621, "var": 122.216041565}, "spectral_rms": {"dmean": 0.00207026465796, "dmean2": 0.00322628882714, "dvar": 1.36468261189e-05, "dvar2": 3.17963858834e-05, "max": 0.0307766851038, "mean": 0.00705927563831, "median": 0.00561021454632, "min": 1.89098798842e-08, "var": 2.46623676503e-05}, "spectral_rolloff": {"dmean": 180.269546509, "dmean2": 318.640441895, "dvar": 591355.75, "dvar2": 1389113.875, "max": 18798.4863281, "mean": 456.354644775, "median": 236.865234375, "min": 64.599609375, "var": 629783}, "spectral_skewness": {"dmean": 0.25477579236, "dmean2": 0.403871834278, "dvar": 0.081287458539, "dvar2": 0.203835397959, "max": 8.4424200058, "mean": 2.40770769119, "median": 2.2421913147, "min": 0.012770739384, "var": 0.817915022373}, "spectral_spread": {"dmean": 766344.25, "dmean2": 1092216.625, "dvar": 1249163608060.0, "dvar2": 2136081694720.0, "max": 41090684, "mean": 5516129.5, "median": 5211887.5, "min": 907943.3125, "var": 4743632519170.0}, "spectral_strongpeak": {"dmean": 0.307626366615, "dmean2": 0.512468457222, "dvar": 0.235782817006, "dvar2": 0.59318780899, "max": 5.81483221054, "mean": 0.747374653816, "median": 0.611219227314, "min": 0, "var": 0.522314608097}, "zerocrossingrate": {"dmean": 0.008614692837, "dmean2": 0.0104034505785, "dvar": 0.000158919981914, "dvar2": 0.000224614952458, "max": 0.5029296875, "mean": 0.0342792235315, "median": 0.02734375, "min": 0.00244140625, "var": 0.00080049195094}, "barkbands": {"dmean": [0.00138751149643, 0.0388574451208, 0.010485470295, 0.00277487165295, 0.00428532389924, 0.000747712270822, 0.000146642734762, 4.72539213661e-05, 0.000135974216391, 0.000202655108296, 3.51028211298e-05, 0.000228388467804, 0.000181011651875, 0.000171072286321, 0.000109143897134, 2.67797149718e-05, 2.50283428613e-05, 2.87997227133e-05, 2.4478227715e-05, 2.16229345824e-05, 2.00710474019e-05, 2.57210631389e-05, 3.45347325492e-05, 5.39391294296e-05, 5.21712645423e-05, 7.67573001212e-05, 7.05137936166e-05], "dmean2": [0.00216747145168, 0.0662948787212, 0.0178392697126, 0.00475613074377, 0.0070788548328, 0.00125240895431, 0.000240898807533, 7.50455583329e-05, 0.000180628834642, 0.000275996455457, 5.50263212062e-05, 0.000322804960888, 0.000278160674497, 0.000266547896899, 0.00016497191973, 4.40343865193e-05, 3.91512076021e-05, 4.53906250186e-05, 3.72723588953e-05, 3.29041213263e-05, 3.07706832245e-05, 4.04250677093e-05, 5.29389217263e-05, 8.11540230643e-05, 8.08062104625e-05, 0.000116711220471, 0.000108719759737], "dvar": [1.10389601105e-05, 0.010260976851, 0.00072529661702, 4.44481775048e-05, 9.80428449111e-05, 3.35672893925e-06, 9.15162985393e-08, 1.04413206969e-08, 1.01805689212e-07, 1.67312214217e-06, 4.98281993444e-09, 1.06533343569e-06, 1.07944856609e-06, 7.27233953057e-07, 6.97795528026e-08, 2.91620194659e-09, 2.31117258664e-09, 3.95875288106e-09, 3.14401993329e-09, 7.82191733606e-09, 2.63329891226e-09, 3.86858367563e-09, 8.95939589185e-09, 2.44202222888e-08, 2.20318963073e-08, 5.44168905492e-08, 3.66029304644e-08], "dvar2": [2.47134212259e-05, 0.0274270102382, 0.00185067264829, 0.000120325428725, 0.000263001071289, 8.69890754984e-06, 2.36899197148e-07, 2.53173286779e-08, 1.46762289432e-07, 3.17950593853e-06, 1.28297399371e-08, 2.34655590248e-06, 2.47312709689e-06, 1.81201016858e-06, 1.60777645419e-07, 7.6330426424e-09, 5.93555737893e-09, 8.91401974457e-09, 6.12116135557e-09, 2.20456417566e-08, 5.97958926818e-09, 8.91416984672e-09, 1.95473734976e-08, 5.31507176049e-08, 5.5842736657e-08, 1.31948468152e-07, 8.44659453492e-08], "max": [0.0359026566148, 0.851955473423, 0.343777090311, 0.0869259387255, 0.170231685042, 0.0344831459224, 0.00677752355114, 0.00291077978909, 0.00644742231816, 0.056702375412, 0.00113726046402, 0.0242696776986, 0.0242829378694, 0.022627145052, 0.00904839020222, 0.000871729338542, 0.00108232419007, 0.0011760405032, 0.000989698222838, 0.00294459681027, 0.000650005997159, 0.00085533130914, 0.001273211441, 0.00180018763058, 0.00203472469002, 0.00250426447019, 0.00176424602978], "mean": [0.00142456986941, 0.0477907061577, 0.0118783246726, 0.00347191141918, 0.00713267968968, 0.00124056078494, 0.000271883822279, 0.000121313794807, 0.00042584608309, 0.000467363162898, 6.28599227639e-05, 0.000546515511815, 0.000252890749834, 0.000347287365003, 0.000309278024361, 4.09904678236e-05, 6.3649546064e-05, 5.38323220098e-05, 4.62011666968e-05, 3.35877084581e-05, 2.59045064013e-05, 3.36068296747e-05, 4.19871357735e-05, 6.29262431175e-05, 6.52688904665e-05, 8.44130554469e-05, 6.20053324383e-05], "median": [0.00025312427897, 0.00977446790785, 0.00366869638674, 0.00150872173253, 0.00466250209138, 0.000653341587167, 0.000149267056258, 3.50544214598e-05, 0.000101822493889, 3.67162756447e-05, 3.78202857974e-05, 0.000150181556819, 7.20516618458e-05, 6.74824768794e-05, 0.00015547084331, 2.41135749093e-05, 3.3916971006e-05, 1.67027501448e-05, 1.95086486201e-05, 1.28296578623e-05, 8.36614617583e-06, 1.14422236948e-05, 1.13771848191e-05, 1.44403620652e-05, 2.09882964555e-05, 1.47516893776e-05, 1.61342563842e-06], "min": [6.56166693381e-15, 4.0418201487e-15, 4.52525922703e-16, 2.47620923586e-16, 6.49180767973e-16, 9.10865032522e-16, 8.13291813317e-16, 1.04629363645e-15, 1.51844833009e-15, 5.72483522786e-16, 9.37705494917e-16, 2.35287266253e-15, 2.83537799291e-15, 3.49659266385e-15, 6.76823963493e-15, 8.05550779212e-15, 6.79644032635e-15, 4.36496406511e-15, 2.5821977274e-15, 1.78449174383e-14, 1.13356572799e-14, 1.88454395318e-14, 2.1262376896e-14, 3.16048253649e-14, 3.77693143146e-14, 6.23369560723e-14, 8.04078619009e-14], "var": [1.20257946037e-05, 0.00924230460078, 0.000706424587406, 3.82985090255e-05, 9.04448243091e-05, 4.30063482781e-06, 1.39292126278e-07, 4.34668478988e-08, 7.84763869888e-07, 4.15009571952e-06, 6.78042466618e-09, 2.16926127905e-06, 1.1795135606e-06, 1.26601639749e-06, 3.69931797195e-07, 3.23822590964e-09, 8.09028577464e-09, 1.41663774045e-08, 7.06490332902e-09, 6.26811669235e-09, 3.3056815063e-09, 4.72234695792e-09, 1.04506145959e-08, 2.87453296721e-08, 2.19064020257e-08, 5.26271826118e-08, 3.5548044508e-08]}, "erbbands": {"dmean": [0.947005867958, 9.3568687439, 15.8131475449, 8.10833835602, 16.1142158508, 11.9621353149, 7.51958417892, 4.26580572128, 2.35078048706, 1.16785204411, 1.59594845772, 2.86893510818, 2.90345144272, 7.11768007278, 2.44202065468, 11.121796608, 9.58410358429, 9.30954933167, 6.06540107727, 3.59278154373, 1.45804345608, 1.29026770592, 1.42165052891, 1.36394882202, 1.07896947861, 0.999485015869, 0.959577202797, 0.725505232811, 0.938626289368, 1.07200217247, 0.854486763477, 0.772457718849, 1.13893580437, 0.647096157074, 0.350275576115, 0.269427627325, 0.161058887839, 0.0454300232232, 0.0124074080959, 0.000874333200045], "dmean2": [1.55806469917, 16.3275127411, 26.9041404724, 13.5630674362, 26.5400276184, 19.9611530304, 12.4101667404, 6.96079349518, 3.82237172127, 1.90885603428, 2.47639393806, 3.75130629539, 3.8049595356, 9.60845279694, 3.49961018562, 15.7171897888, 14.6195068359, 14.3883152008, 9.07409000397, 5.78657674789, 2.35978126526, 1.98124206066, 2.22387766838, 2.07866406441, 1.64112365246, 1.52825117111, 1.45746243, 1.10773038864, 1.49440300465, 1.63401126862, 1.29450833797, 1.14233458042, 1.76171827316, 0.997448444366, 0.544467151165, 0.422403365374, 0.246954917908, 0.0652666240931, 0.0193674638867, 0.0013924643863], "dvar": [5.67428350449, 613.000732422, 1631.1348877, 426.449890137, 1224.48596191, 756.839904785, 243.548736572, 110.195709229, 27.3116512299, 5.29705953598, 11.8802499771, 53.0978240967, 90.3011016846, 2393.65283203, 24.3575839996, 2843.85424805, 3140.96899414, 1975.56567383, 277.718475342, 51.7130584717, 9.32542896271, 6.64642333984, 8.4736995697, 8.08466434479, 9.18428134918, 26.4119243622, 5.34550666809, 3.97965478897, 5.32504653931, 8.84871292114, 4.61716175079, 6.31982421875, 12.5622081757, 3.19646549225, 1.01933157444, 0.72862225771, 0.276044130325, 0.0154609950259, 0.00119663635269, 5.44358226762e-06], "dvar2": [14.6075086594, 1673.06274414, 4242.81494141, 1099.58496094, 3148.77856445, 2078.57958984, 692.612915039, 269.835113525, 69.6884765625, 14.0837364197, 27.9718151093, 73.6219787598, 157.233825684, 4515.42089844, 51.5078773499, 6290.63623047, 7218.80615234, 4850.07275391, 648.237121582, 142.442764282, 24.1762199402, 15.3606081009, 19.0567989349, 16.2669086456, 19.7935161591, 76.2294158936, 12.2087259293, 9.28035259247, 12.585893631, 18.6476097107, 10.0559101105, 14.5335483551, 27.9948196411, 7.95027112961, 2.60050201416, 1.86953163147, 0.662463486195, 0.0346183367074, 0.00284442375414, 1.28253159346e-05], "max": [20.0606269836, 204.643951416, 445.62890625, 268.818817139, 531.210510254, 553.958496094, 374.279968262, 185.318634033, 134.207046509, 54.2458496094, 89.4065856934, 166.29699707, 327.938690186, 2101.98974609, 103.418579102, 1253.78466797, 1312.09655762, 1289.80505371, 541.175415039, 126.795677185, 59.2180328369, 53.353729248, 43.8592376709, 58.0812835693, 66.9027175903, 181.321853638, 32.129737854, 27.5317897797, 28.044002533, 38.8222770691, 22.2280502319, 48.2952957153, 49.8171424866, 21.7593212128, 13.9956216812, 12.1067018509, 6.01565313339, 1.42162775993, 0.287033617496, 0.0201482679695], "mean": [1.06430637836, 11.5074930191, 18.791967392, 10.7165241241, 20.7862167358, 23.1653881073, 15.7460451126, 6.94796466827, 4.46218061447, 2.36241793633, 4.4743270874, 9.8289232254, 8.34261608124, 15.7747936249, 5.74104356766, 26.6615371704, 14.0242767334, 19.9799671173, 16.2803382874, 8.40662097931, 2.94659376144, 3.15795302391, 2.69141745567, 3.01332473755, 1.77583253384, 1.51794707775, 1.39711558819, 0.953345119953, 1.20699858665, 1.2977848053, 1.10425698757, 0.957163572311, 1.27554655075, 0.773137807846, 0.441008239985, 0.302049875259, 0.174957513809, 0.04968816787, 0.0106780510396, 0.000750491395593], "median": [0.228978082538, 2.22128272057, 5.96792888641, 5.38157987595, 10.641500473, 16.8778533936, 10.0981063843, 3.64869260788, 2.47856163979, 1.42729592323, 1.49760591984, 2.4169318676, 2.20527839661, 1.70189881325, 3.32531118393, 6.34428024292, 4.25592708588, 4.36806821823, 7.80524730682, 5.06262731552, 1.80525410175, 1.87113845348, 1.06881093979, 1.20002961159, 0.695249915123, 0.627067506313, 0.460099995136, 0.327655822039, 0.402687311172, 0.324256300926, 0.351260215044, 0.252454340458, 0.255714714527, 0.212740123272, 0.138238251209, 0.0651974380016, 0.0292615909129, 0.00459932582453, 0.000287199014565, 6.55156909488e-05], "min": [2.2213585409e-13, 5.55217601495e-13, 6.15058243052e-13, 7.19850990882e-13, 1.38500430742e-12, 2.23788804328e-12, 6.1289124817e-12, 6.86860117394e-12, 7.76192044666e-12, 2.19181981592e-11, 2.03116915648e-11, 2.85188747617e-11, 2.81524074885e-11, 2.60713464706e-11, 5.13993916873e-11, 1.04728586914e-10, 1.42541992099e-10, 1.1154256685e-10, 2.30558960812e-10, 4.36810559945e-10, 4.75478934003e-10, 4.36502750611e-10, 3.19032383844e-10, 1.08456105208e-10, 4.38789921064e-10, 7.24253879092e-10, 5.74630953931e-10, 4.37796021657e-10, 6.70627442467e-10, 8.52928727646e-10, 3.7258102159e-10, 6.46763920198e-10, 4.99358998596e-10, 4.30330493462e-10, 2.85546197798e-10, 2.31092367464e-10, 1.11548520421e-10, 4.25217985822e-11, 1.17070467903e-11, 1.28437885327e-12], "var": [5.24469041824, 533.178833008, 1552.38574219, 377.210632324, 1181.48986816, 771.417175293, 358.615966797, 138.062942505, 38.366897583, 8.19154548645, 44.8669471741, 489.311157227, 435.194366455, 5856.41894531, 57.3452377319, 5694.79199219, 3362.04418945, 3895.69604492, 1324.78417969, 102.9948349, 14.0809688568, 16.3572006226, 22.4782218933, 29.8192634583, 16.2206478119, 17.4319972992, 7.7133603096, 4.59285116196, 6.26942443848, 10.6993894577, 5.74246120453, 7.12393712997, 13.7869520187, 3.2989552021, 1.00231671333, 0.648683190346, 0.264132142067, 0.0172000247985, 0.00109977438115, 4.93938705404e-06]}, "gfcc": {"mean": [-35.8964500427, 99.7782440186, -65.0061569214, 25.3244953156, -22.4264831543, 27.3181991577, -37.8612594604, -1.92789614201, -27.943479538, 2.47222900391, -13.3736619949, 1.73317193985, -9.50043010712], "cov": [[11822.046875, -299.301971436, 1606.71118164, 1503.47753906, -422.91595459, -227.831298828, -322.48626709, 533.374816895, 115.250534058, -64.7004318237, -982.538757324, -497.455718994, -70.5281295776], [-299.301971436, 1205.49853516, -350.676605225, 259.131713867, 87.2052536011, -38.1670608521, 36.9026374817, -35.2886314392, 69.0531234741, -80.56615448, -14.9412593842, -140.157012939, 115.148979187], [1606.71118164, -350.676605225, 879.819274902, 177.827270508, -64.69581604, 38.3842048645, 66.6332550049, 206.13999939, 51.2675857544, 26.3955001831, -151.656799316, -25.8030757904, -59.1833648682], [1503.47753906, 259.131713867, 177.827270508, 545.061950684, -33.5767593384, -91.1378631592, -110.406585693, 48.2544403076, 75.5259170532, -27.4178104401, -170.942001343, -136.975234985, 36.6943359375], [-422.91595459, 87.2052536011, -64.69581604, -33.5767593384, 277.271270752, 60.4642906189, 78.9980926514, -30.3470554352, 63.4274711609, 20.0298786163, 92.0753707886, 2.78077340126, -12.9712734222], [-227.831298828, -38.1670608521, 38.3842048645, -91.1378631592, 60.4642906189, 168.006912231, 73.9097595215, 32.5357704163, -8.83118629456, 34.4849281311, 49.7238426208, 39.3867111206, -27.3584098816], [-322.48626709, 36.9026374817, 66.6332550049, -110.406585693, 78.9980926514, 73.9097595215, 220.145889282, 45.2941818237, 14.0342407227, -17.000541687, 86.1789093018, 39.3384284973, 13.3069734573], [533.374816895, -35.2886314392, 206.13999939, 48.2544403076, -30.3470554352, 32.5357704163, 45.2941818237, 208.078125, 47.4908981323, 5.58785772324, -67.8085861206, 2.9190120697, -19.7485866547], [115.250534058, 69.0531234741, 51.2675857544, 75.5259170532, 63.4274711609, -8.83118629456, 14.0342407227, 47.4908981323, 145.819244385, 36.8912353516, -10.3693799973, -40.3069229126, 5.29390573502], [-64.7004318237, -80.56615448, 26.3955001831, -27.4178104401, 20.0298786163, 34.4849281311, -17.000541687, 5.58785772324, 36.8912353516, 101.745529175, 37.8010139465, 4.53690481186, -31.1953449249], [-982.538757324, -14.9412593842, -151.656799316, -170.942001343, 92.0753707886, 49.7238426208, 86.1789093018, -67.8085861206, -10.3693799973, 37.8010139465, 202.089370728, 90.764465332, -8.48345851898], [-497.455718994, -140.157012939, -25.8030757904, -136.975234985, 2.78077340126, 39.3867111206, 39.3384284973, 2.9190120697, -40.3069229126, 4.53690481186, 90.764465332, 127.776542664, 10.9118099213], [-70.5281295776, 115.148979187, -59.1833648682, 36.6943359375, -12.9712734222, -27.3584098816, 13.3069734573, -19.7485866547, 5.29390573502, -31.1953449249, -8.48345851898, 10.9118099213, 99.3923110962]], "icov": [[0.00021446752362, 0.000109281805635, -0.000107019266579, -0.000452235253761, 7.89499893017e-07, 6.63622122374e-05, -0.000189979517017, -0.000137231836561, 0.0002466152946, -0.000204174502869, 0.000598168931901, 0.000140860487591, 0.000103724181827], [0.000109281805635, 0.00172754749656, 0.000707186700311, -0.000988136976957, -6.69416913297e-05, -0.000528610486072, -0.000384578190278, -0.00084582332056, 0.00012237582996, 0.000907060224563, -0.000965615501627, 0.00252561923116, -0.0014902993571], [-0.000107019266579, 0.000707186700311, 0.00257893721573, -0.00102763064206, 0.000229580138694, -6.36868353467e-05, -0.00226993835531, -0.000495786196552, -0.000282839057036, -0.00106420251541, 0.00204122927971, -0.00110201328062, 0.00121387687977], [-0.000452235253761, -0.000988136976957, -0.00102763064206, 0.00495255272835, -0.000442649470642, 0.000358013494406, 0.00282157259062, -0.000272633595159, -0.00112910137977, 0.00119919143617, -0.00127972848713, 0.00196610717103, -0.00189615425188], [7.89499893017e-07, -6.69416913297e-05, 0.000229580138694, -0.000442649470642, 0.00593276694417, -0.00198132311925, -0.00108003581408, 0.00141596526373, -0.00326828774996, 0.00138714991044, -0.00211477023549, 0.000585887639318, 0.00139769341331], [6.63622122374e-05, -0.000528610486072, -6.36868353467e-05, 0.000358013494406, -0.00198132311925, 0.00977317709476, -0.00314902700484, -0.000794293358922, 0.00254561565816, -0.0047636879608, 0.00254671927541, -0.00294813141227, 0.00209505693056], [-0.000189979517017, -0.000384578190278, -0.00226993835531, 0.00282157259062, -0.00108003581408, -0.00314902700484, 0.0122409630567, -0.00397066771984, -0.000558412517421, 0.0064385952428, -0.00943110790104, 0.00543141877279, -0.00486883893609], [-0.000137231836561, -0.00084582332056, -0.000495786196552, -0.000272633595159, 0.00141596526373, -0.000794293358922, -0.00397066771984, 0.010548572056, -0.00424220692366, -0.00128617754672, 0.0069176084362, -0.00724874995649, 0.0044901794754], [0.0002466152946, 0.00012237582996, -0.000282839057036, -0.00112910137977, -0.00326828774996, 0.00254561565816, -0.000558412517421, -0.00424220692366, 0.0130555508658, -0.00573473097757, -0.000682028708979, 0.00446664029732, -0.00325618148781], [-0.000204174502869, 0.000907060224563, -0.00106420251541, 0.00119919143617, 0.00138714991044, -0.0047636879608, 0.0064385952428, -0.00128617754672, -0.00573473097757, 0.0189701728523, -0.00937185343355, 0.00489628687501, 0.000402054924052], [0.000598168931901, -0.000965615501627, 0.00204122927971, -0.00127972848713, -0.00211477023549, 0.00254671927541, -0.00943110790104, 0.0069176084362, -0.000682028708979, -0.00937185343355, 0.0236509218812, -0.0149681121111, 0.00705005833879], [0.000140860487591, 0.00252561923116, -0.00110201328062, 0.00196610717103, 0.000585887639318, -0.00294813141227, 0.00543141877279, -0.00724874995649, 0.00446664029732, 0.00489628687501, -0.0149681121111, 0.0251279789954, -0.00984800700098], [0.000103724181827, -0.0014902993571, 0.00121387687977, -0.00189615425188, 0.00139769341331, 0.00209505693056, -0.00486883893609, 0.0044901794754, -0.00325618148781, 0.000402054924052, 0.00705005833879, -0.00984800700098, 0.017569784075]]}, "melbands": {"dmean": [0.00972095690668, 0.00985995586962, 0.00162948830985, 0.00111619499512, 0.000255422550254, 0.00010503060912, 3.47071436408e-05, 1.08863578134e-05, 1.61330044648e-05, 1.76665453182e-05, 1.4805869796e-05, 3.08343915094e-05, 5.87395743423e-06, 2.46955623879e-05, 2.35291354329e-05, 1.83268075489e-05, 1.7856102204e-05, 9.76531373453e-06, 6.87117790221e-06, 2.89430749945e-06, 1.70305941083e-06, 1.41415023336e-06, 1.47578384713e-06, 1.48427591284e-06, 1.13930843781e-06, 9.19724413961e-07, 6.47347803806e-07, 6.92550429449e-07, 7.05787272182e-07, 4.46642758334e-07, 3.93783835761e-07, 4.73350667107e-07, 6.38726248781e-07, 6.96200004313e-07, 5.70155407331e-07, 4.471120576e-07, 4.4811994826e-07, 9.44097109823e-07, 5.57534690415e-07, 5.51497521428e-07], "dmean2": [0.0162762328982, 0.0169098861516, 0.0026878148783, 0.00186087784823, 0.000419620599132, 0.000172273270437, 5.66370363231e-05, 1.77820420504e-05, 2.4516679332e-05, 2.28256758419e-05, 1.96851233341e-05, 4.18331583205e-05, 8.87424630491e-06, 3.46168453689e-05, 3.46544438798e-05, 2.81053762592e-05, 2.79386094917e-05, 1.48922608787e-05, 1.05351955426e-05, 4.87397483084e-06, 2.75138927464e-06, 2.19158937398e-06, 2.33675586969e-06, 2.37543281401e-06, 1.7372142338e-06, 1.40515976454e-06, 1.0431552937e-06, 1.0609844594e-06, 1.06915013021e-06, 7.00697000866e-07, 5.96671839048e-07, 7.63478510635e-07, 1.01433829514e-06, 1.07472089894e-06, 8.684322097e-07, 7.05966044734e-07, 6.66108348923e-07, 1.47603793721e-06, 8.68537142651e-07, 8.68375252594e-07], "dvar": [0.000622414750978, 0.000646561791655, 1.41229011206e-05, 6.75557112118e-06, 2.58867970615e-07, 6.77526870163e-08, 5.57023316361e-09, 4.24368096219e-10, 1.30498445383e-09, 1.78749126611e-09, 2.59624743926e-09, 4.64934437616e-08, 1.08971484614e-10, 1.0727134736e-08, 1.06384501208e-08, 7.97302579514e-09, 8.01642396908e-09, 8.30496116322e-10, 1.92217380901e-10, 3.63861059338e-11, 1.41817590657e-11, 7.66038361216e-12, 1.28740742025e-11, 1.06975704336e-11, 6.14189558587e-12, 6.37800879819e-12, 6.93888609765e-12, 1.0582663218e-11, 2.76111945807e-12, 1.39935253055e-12, 1.11660485545e-12, 1.42196801209e-12, 2.34366519247e-12, 5.04386549888e-12, 2.15547783615e-12, 3.38205396848e-12, 1.84179971621e-12, 1.00701582489e-11, 2.64394907877e-12, 2.40663630517e-12], "dvar2": [0.00164784130175, 0.00171662785579, 3.64194711437e-05, 1.81787163456e-05, 7.18646106179e-07, 1.65659017171e-07, 1.43206619896e-08, 1.12910991668e-09, 2.82524403872e-09, 2.41789677169e-09, 4.69897321054e-09, 8.78943282601e-08, 2.52622145425e-10, 2.31394228223e-08, 2.41529072298e-08, 1.83897324035e-08, 1.98527931872e-08, 2.0281569757e-09, 4.603165904e-10, 1.01418921872e-10, 3.75917630357e-11, 1.88957599567e-11, 3.04091890557e-11, 2.48058049795e-11, 1.24031358101e-11, 1.35057607459e-11, 1.97396352736e-11, 3.02010569331e-11, 6.20854973335e-12, 3.24915029777e-12, 2.57187045098e-12, 3.42122532561e-12, 5.29476592778e-12, 1.09508929702e-11, 4.60335719196e-12, 9.09342913469e-12, 3.75728614888e-12, 2.28389546858e-11, 6.29394626694e-12, 6.19920781375e-12], "max": [0.209215864539, 0.227033391595, 0.0462150610983, 0.0419130772352, 0.0137284323573, 0.00461439182982, 0.00181421998423, 0.000480496586533, 0.000757776375394, 0.000904832151718, 0.00189428799786, 0.00932857394218, 0.000196145556401, 0.00241380371153, 0.00187733350322, 0.00192632770631, 0.00228204461746, 0.000782140821684, 0.000378117663786, 9.92827190203e-05, 6.68739885441e-05, 6.02430081926e-05, 6.13696174696e-05, 8.39799540699e-05, 5.61984779779e-05, 5.29647404619e-05, 8.53232704685e-05, 0.000112759131298, 2.5472483685e-05, 1.44901487147e-05, 1.42676781252e-05, 1.65572910191e-05, 2.20547735807e-05, 3.47304885508e-05, 1.98088800971e-05, 3.72069698642e-05, 2.37623953581e-05, 5.19388522662e-05, 1.8375201762e-05, 2.0009405489e-05], "mean": [0.0117471860722, 0.0123352631927, 0.00218195631169, 0.00175487773959, 0.000601537059993, 0.000169663908309, 6.57687050989e-05, 2.30209407164e-05, 4.62203279312e-05, 5.8903999161e-05, 4.09394378948e-05, 6.75568080624e-05, 1.2075957784e-05, 6.07460897299e-05, 4.29403698945e-05, 2.9195283787e-05, 3.75004601665e-05, 2.37675139942e-05, 1.86745892279e-05, 5.07673712491e-06, 3.33675347974e-06, 3.55059091817e-06, 2.3206912374e-06, 3.0729147511e-06, 2.41309658122e-06, 1.45710009747e-06, 8.60668478708e-07, 1.07723860765e-06, 1.0820405123e-06, 5.443516784e-07, 5.12329108915e-07, 6.15074611687e-07, 7.64515164065e-07, 7.91003515133e-07, 7.30451915842e-07, 4.86572446334e-07, 5.80102721415e-07, 1.03932040929e-06, 6.24590370535e-07, 6.54422422031e-07], "median": [0.00251768226735, 0.00341111700982, 0.00112171925139, 0.00110661692452, 0.000429592590081, 8.69813229656e-05, 3.72859249183e-05, 1.39518097058e-05, 1.33906160045e-05, 1.44207906487e-05, 9.01313433133e-06, 5.75016065341e-06, 7.6313253885e-06, 1.66718400578e-05, 1.17361105367e-05, 7.46233854443e-06, 6.86318480803e-06, 1.05807748696e-05, 9.77532545221e-06, 2.87821580969e-06, 1.7669706267e-06, 1.94153972188e-06, 1.06041966319e-06, 8.53239839671e-07, 9.42638337165e-07, 5.75390174617e-07, 3.15468923873e-07, 4.21891229507e-07, 3.37624385338e-07, 1.76890736725e-07, 1.65343095659e-07, 2.10705081827e-07, 2.36577932355e-07, 1.54529587348e-07, 2.41911578769e-07, 1.1078283535e-07, 1.69442415654e-07, 1.98648308469e-07, 1.424021292e-07, 1.85882100823e-07], "min": [1.86688285036e-15, 4.56289660664e-16, 1.40633303749e-16, 1.32100240899e-16, 1.88689704777e-16, 1.57257834116e-16, 1.28036467986e-16, 2.4680856605e-16, 1.64027202317e-16, 2.02511998692e-16, 1.36253362553e-16, 9.41764185633e-17, 1.45030556181e-16, 1.86742309857e-16, 4.0683664789e-16, 2.2533837195e-16, 2.18184318442e-16, 3.64337405036e-16, 5.71152410509e-16, 4.56748064307e-16, 5.71814843214e-16, 3.50417583219e-16, 5.57360861244e-16, 1.07455949647e-16, 7.45873919946e-17, 1.32201765739e-16, 7.36484665605e-16, 3.69322564508e-16, 3.73567681881e-16, 2.5229951007e-16, 2.88151132475e-16, 3.83054292072e-16, 3.55946723131e-16, 5.39896153602e-16, 1.19752538701e-16, 4.03202982426e-16, 4.04338827138e-16, 3.59669088827e-16, 2.34247808596e-16, 4.50689078817e-16], "var": [0.000569733965676, 0.000591350719333, 1.29830714286e-05, 6.05827335676e-06, 4.19870303858e-07, 8.73152998793e-08, 8.08425504317e-09, 7.49493855867e-10, 5.93173865582e-09, 1.56976440735e-08, 1.15895213426e-08, 1.13821933212e-07, 2.12524040033e-10, 2.48654199453e-08, 1.45768357385e-08, 1.07363451463e-08, 1.51196548615e-08, 2.99315416896e-09, 8.19069645441e-10, 4.82901704735e-11, 2.5527390965e-11, 2.44684914691e-11, 1.80409472084e-11, 5.95006335868e-11, 2.08258930934e-11, 1.09771688267e-11, 5.18290401916e-12, 7.55445879463e-12, 4.66438606489e-12, 1.61489896976e-12, 1.33530686508e-12, 1.69062702206e-12, 2.73932981333e-12, 5.56754685757e-12, 2.60566893583e-12, 2.79232236292e-12, 2.40298514594e-12, 1.06381986553e-11, 2.72729907234e-12, 2.34551050457e-12]}, "mfcc": {"mean": [-701.265014648, 142.172698975, 27.1689319611, 21.7185230255, 33.678730011, 24.7277088165, 11.5593147278, 1.8713310957, -3.19486451149, -0.298766970634, 0.414221167564, -4.36109352112, -0.988981544971], "cov": [[8984.50292969, 674.834777832, 1030.16516113, 617.52331543, 216.07623291, -89.1985015869, -112.492301941, 100.327194214, 430.228271484, 431.539520264, -137.836044312, -702.661804199, -565.958068848], [674.834777832, 996.73626709, -78.3739318848, 179.85458374, 100.630989075, 41.9507713318, 22.8573226929, 42.0569610596, 105.004371643, 108.624008179, -35.6742134094, -118.728416443, -91.0186386108], [1030.16516113, -78.3739318848, 505.949493408, 64.1567611694, -1.78685855865, -39.9148864746, 38.3388710022, 96.8976745605, 112.913017273, 75.7706680298, 27.2028675079, -75.1666259766, -38.5015525818], [617.52331543, 179.85458374, 64.1567611694, 244.444854736, 74.8623428345, 5.46822214127, -32.331829071, 15.3694553375, 69.2464828491, 61.626121521, -37.3917770386, -82.6593093872, -53.3983306885], [216.07623291, 100.630989075, -1.78685855865, 74.8623428345, 174.18989563, 55.3804779053, -21.3680229187, -1.7684469223, 30.4029750824, 59.3801841736, 48.1815109253, -20.0615005493, -32.3140182495], [-89.1985015869, 41.9507713318, -39.9148864746, 5.46822214127, 55.3804779053, 128.326400757, 45.492729187, -14.5796289444, -21.9860744476, 2.7573993206, 29.2334976196, 28.8271656036, 22.7446880341], [-112.492301941, 22.8573226929, 38.3388710022, -32.331829071, -21.3680229187, 45.492729187, 146.761032104, 67.3136520386, -14.2637729645, -12.1260795593, 20.7224063873, 39.5397338867, 31.9542694092], [100.327194214, 42.0569610596, 96.8976745605, 15.3694553375, -1.7684469223, -14.5796289444, 67.3136520386, 132.671508789, 63.7947769165, 18.9418010712, 17.9813652039, -10.9061746597, 5.32396602631], [430.228271484, 105.004371643, 112.913017273, 69.2464828491, 30.4029750824, -21.9860744476, -14.2637729645, 63.7947769165, 139.931945801, 87.5916519165, -6.30575990677, -68.5682373047, -46.9299736023], [431.539520264, 108.624008179, 75.7706680298, 61.626121521, 59.3801841736, 2.7573993206, -12.1260795593, 18.9418010712, 87.5916519165, 139.003463745, 48.7274131775, -43.4545021057, -58.9828147888], [-137.836044312, -35.6742134094, 27.2028675079, -37.3917770386, 48.1815109253, 29.2334976196, 20.7224063873, 17.9813652039, -6.30575990677, 48.7274131775, 147.584762573, 76.208190918, 16.802734375], [-702.661804199, -118.728416443, -75.1666259766, -82.6593093872, -20.0615005493, 28.8271656036, 39.5397338867, -10.9061746597, -68.5682373047, -43.4545021057, 76.208190918, 209.45249939, 114.853645325], [-565.958068848, -91.0186386108, -38.5015525818, -53.3983306885, -32.3140182495, 22.7446880341, 31.9542694092, 5.32396602631, -46.9299736023, -58.9828147888, 16.802734375, 114.853645325, 146.575958252]], "icov": [[0.000226546137128, -7.24703641026e-05, -0.000415562215494, -0.000200884183869, -1.36601365739e-05, -6.66170672048e-05, 5.49971919099e-05, 8.86353809619e-05, 0.000145016543684, -0.000233072554693, 0.000143840297824, 0.000216938075027, 0.000405677565141], [-7.24703641026e-05, 0.00146672793198, 0.00081352883717, -0.000663218670525, -0.000237603642745, -8.52885787026e-05, -0.000838227628265, -9.84665603028e-05, -0.000691359280609, -0.00052172067808, 0.000146186546772, 0.000363230763469, 1.75344503077e-05], [-0.000415562215494, 0.00081352883717, 0.00392392184585, -0.000535716768354, 0.000471555773402, 0.000993946101516, -0.00166859105229, -0.000301108375425, -0.00243042153306, 0.000415364571381, -0.00178123544902, 0.00105199567042, -0.00117056991439], [-0.000200884183869, -0.000663218670525, -0.000535716768354, 0.00695133348927, -0.00237258267589, -0.000592335418332, 0.00164677097928, -0.0013256650418, 0.000363038940122, -0.00183403259143, 0.0031163408421, -0.000239422821323, -0.000329220551066], [-1.36601365739e-05, -0.000237603642745, 0.000471555773402, -0.00237258267589, 0.0104254633188, -0.00489142769948, 0.00303424661979, -0.00128176633734, -9.82861456578e-06, -0.00101984548382, -0.00355334975757, 0.000600742234383, 0.00102479127236], [-6.66170672048e-05, -8.52885787026e-05, 0.000993946101516, -0.000592335418332, -0.00489142769948, 0.0139728244394, -0.00766822323203, 0.00590912252665, -0.00173457420897, 0.00133864057716, -0.00204287050292, 0.00118390028365, -0.00276456982829], [5.49971919099e-05, -0.000838227628265, -0.00166859105229, 0.00164677097928, 0.00303424661979, -0.00766822323203, 0.0164529811591, -0.0117487171665, 0.00769573496655, -0.0035992639605, 0.00294165522791, -0.00260739028454, 0.00127371761482], [8.86353809619e-05, -9.84665603028e-05, -0.000301108375425, -0.0013256650418, -0.00128176633734, 0.00590912252665, -0.0117487171665, 0.0208488143981, -0.0131261264905, 0.00730425072834, -0.00592662300915, 0.00262173661031, -0.00231479108334], [0.000145016543684, -0.000691359280609, -0.00243042153306, 0.000363038940122, -9.82861456578e-06, -0.00173457420897, 0.00769573496655, -0.0131261264905, 0.0248526223004, -0.0144315240905, 0.00721681583673, -4.18802192144e-05, 4.59316652268e-05], [-0.000233072554693, -0.00052172067808, 0.000415364571381, -0.00183403259143, -0.00101984548382, 0.00133864057716, -0.0035992639605, 0.00730425072834, -0.0144315240905, 0.022190483287, -0.010011555627, 0.00102654786315, 0.00295607210137], [0.000143840297824, 0.000146186546772, -0.00178123544902, 0.0031163408421, -0.00355334975757, -0.00204287050292, 0.00294165522791, -0.00592662300915, 0.00721681583673, -0.010011555627, 0.0167791154236, -0.00669916393235, 0.00202898285352], [0.000216938075027, 0.000363230763469, 0.00105199567042, -0.000239422821323, 0.000600742234383, 0.00118390028365, -0.00260739028454, 0.00262173661031, -4.18802192144e-05, 0.00102654786315, -0.00669916393235, 0.0133130922914, -0.0075899772346], [0.000405677565141, 1.75344503077e-05, -0.00117056991439, -0.000329220551066, 0.00102479127236, -0.00276456982829, 0.00127371761482, -0.00231479108334, 4.59316652268e-05, 0.00295607210137, 0.00202898285352, -0.0075899772346, 0.0153525760397]]}, "spectral_contrast_coeffs": {"dmean": [0.0490641854703, 0.0396803431213, 0.0310546141118, 0.0301013737917, 0.0206377822906, 0.0154902273789], "dmean2": [0.0807339847088, 0.0664128214121, 0.0491274297237, 0.0473041124642, 0.0318069979548, 0.0250274594873], "dvar": [0.00183429860044, 0.00112038000952, 0.000805197283626, 0.000796272885054, 0.000371395173715, 0.000235455852817], "dvar2": [0.00474088359624, 0.00308997510001, 0.00184976123273, 0.00184246629942, 0.000794170890003, 0.000526875839569], "max": [-0.33060002327, -0.471390724182, -0.384804427624, -0.502275824547, -0.631835877895, -0.676276803017], "mean": [-0.647122681141, -0.708158195019, -0.723671793938, -0.742841243744, -0.79328763485, -0.8160764575], "median": [-0.647819161415, -0.704225599766, -0.731766939163, -0.745440244675, -0.799119710922, -0.821512103081], "min": [-0.963265478611, -0.970474123955, -0.969890892506, -0.956660151482, -0.963517308235, -0.958487153053], "var": [0.00654434738681, 0.0048946775496, 0.006088164635, 0.00333973183297, 0.00198600976728, 0.00120207690634]}, "spectral_contrast_valleys": {"dmean": [0.389125168324, 0.345183670521, 0.307504057884, 0.332746148109, 0.317397773266, 0.347390860319], "dmean2": [0.631150841713, 0.54700678587, 0.475211441517, 0.494201660156, 0.433016330004, 0.435456871986], "dvar": [0.225887343287, 0.179131373763, 0.163858890533, 0.20543242991, 0.194160893559, 0.228344574571], "dvar2": [0.36161750555, 0.274465560913, 0.254547148943, 0.342828214169, 0.29344651103, 0.358212590218], "max": [-4.44139766693, -5.27450799942, -6.05096292496, -6.4464