{"lowlevel": {"average_loudness": 0.910808026791, "barkbands_crest": {"dmean": 2.75251173973, "dmean2": 4.5958404541, "dvar": 6.80831956863, "dvar2": 18.770740509, "max": 25.1247749329, "mean": 11.5660409927, "median": 10.9005746841, "min": 2.77858114243, "var": 15.5292367935}, "barkbands_flatness_db": {"dmean": 0.0310562103987, "dmean2": 0.0444219894707, "dvar": 0.000833903672174, "dvar2": 0.00179082981776, "max": 0.408140569925, "mean": 0.193316608667, "median": 0.185276106, "min": 0.041001021862, "var": 0.00439170841128}, "barkbands_kurtosis": {"dmean": 9.13284397125, "dmean2": 14.6603164673, "dvar": 180.218109131, "dvar2": 463.969146729, "max": 206.460754395, "mean": 18.5292015076, "median": 11.3070392609, "min": -1.75689780712, "var": 459.629974365}, "barkbands_skewness": {"dmean": 0.851748228073, "dmean2": 1.32372260094, "dvar": 0.86453795433, "dvar2": 2.18769192696, "max": 12.0370321274, "mean": 2.96975183487, "median": 2.63443732262, "min": -2.07449936867, "var": 2.67967748642}, "barkbands_spread": {"dmean": 3.8166012764, "dmean2": 5.96305894852, "dvar": 27.0177268982, "dvar2": 63.6982574463, "max": 83.8667449951, "mean": 10.9793844223, "median": 8.3827047348, "min": 0.382005870342, "var": 86.4736785889}, "dissonance": {"dmean": 0.0257283654064, "dmean2": 0.0428345687687, "dvar": 0.000553131918423, "dvar2": 0.00144625501707, "max": 0.500000119209, "mean": 0.44254565239, "median": 0.448823750019, "min": 0.26391646266, "var": 0.00121645780746}, "dynamic_complexity": 3.07474517822, "erbbands_crest": {"dmean": 2.67211532593, "dmean2": 4.20280218124, "dvar": 6.37938404083, "dvar2": 14.9806251526, "max": 29.7561454773, "mean": 10.7540836334, "median": 9.88245868683, "min": 2.57116031647, "var": 18.884677887}, "erbbands_flatness_db": {"dmean": 0.0237772520632, "dmean2": 0.0307774618268, "dvar": 0.000450895255199, "dvar2": 0.000799685600214, "max": 0.328135818243, "mean": 0.156997203827, "median": 0.150724470615, "min": 0.0374699011445, "var": 0.00219690008089}, "erbbands_kurtosis": {"dmean": 2.0584192276, "dmean2": 3.13157200813, "dvar": 9.11260223389, "dvar2": 20.1261692047, "max": 49.1308822632, "mean": 3.20223784447, "median": 1.08660268784, "min": -1.78412842751, "var": 30.7757549286}, "erbbands_skewness": {"dmean": 0.471789926291, "dmean2": 0.713022530079, "dvar": 0.265997856855, "dvar2": 0.609876871109, "max": 6.0202255249, "mean": 1.23140120506, "median": 1.00974881649, "min": -1.85586845875, "var": 1.31760346889}, "erbbands_spread": {"dmean": 9.30316257477, "dmean2": 13.6475696564, "dvar": 105.92993927, "dvar2": 229.468811035, "max": 124.577331543, "mean": 34.7374534607, "median": 32.0030784607, "min": 4.00902223587, "var": 316.036102295}, "hfc": {"dmean": 5.94230270386, "dmean2": 8.71633815765, "dvar": 118.610389709, "dvar2": 281.820098877, "max": 106.62789917, "mean": 12.5506916046, "median": 8.01299381256, "min": 1.20659261001e-16, "var": 177.745330811}, "melbands_crest": {"dmean": 3.18308734894, "dmean2": 5.32865667343, "dvar": 8.4511346817, "dvar2": 22.8584823608, "max": 36.4516830444, "mean": 15.4564342499, "median": 14.7555065155, "min": 1.92399573326, "var": 23.5763435364}, "melbands_flatness_db": {"dmean": 0.0345869809389, "dmean2": 0.0506963245571, "dvar": 0.00114439113531, "dvar2": 0.00252859503962, "max": 0.524314463139, "mean": 0.293302983046, "median": 0.288845032454, "min": 0.00645653670654, "var": 0.00608247844502}, "melbands_kurtosis": {"dmean": 15.8698949814, "dmean2": 25.3532657623, "dvar": 569.757263184, "dvar2": 1471.54528809, "max": 330.989837646, "mean": 31.3646812439, "median": 19.8827514648, "min": -1.39684724808, "var": 1155.0020752}, "melbands_skewness": {"dmean": 1.01358354092, "dmean2": 1.56295835972, "dvar": 1.2776876688, "dvar2": 3.24814200401, "max": 13.8764286041, "mean": 3.62189102173, "median": 3.24107456207, "min": -1.21423399448, "var": 3.28762245178}, "melbands_spread": {"dmean": 3.39053106308, "dmean2": 5.39686584473, "dvar": 34.361869812, "dvar2": 80.3954849243, "max": 196.356964111, "mean": 9.49125671387, "median": 6.44699144363, "min": 0.523339569569, "var": 107.402107239}, "pitch_salience": {"dmean": 0.0792266279459, "dmean2": 0.130957871675, "dvar": 0.00546402670443, "dvar2": 0.0145132588223, "max": 0.94559943676, "mean": 0.537559151649, "median": 0.54365926981, "min": 0.124234251678, "var": 0.0131125515327}, "silence_rate_20dB": {"dmean": 0, "dmean2": 0, "dvar": 0, "dvar2": 0, "max": 1, "mean": 1, "median": 1, "min": 1, "var": 0}, "silence_rate_30dB": {"dmean": 0.0604772046208, "dmean2": 0.120968692005, "dvar": 0.0568217933178, "dvar2": 0.136823534966, "max": 1, "mean": 0.954647481441, "median": 1, "min": 0, "var": 0.0432949028909}, "silence_rate_60dB": {"dmean": 0.00732341129333, "dmean2": 0.014648552984, "dvar": 0.00726955151185, "dvar2": 0.017268255353, "max": 1, "mean": 0.0314160846174, "median": 0, "min": 0, "var": 0.0304310750216}, "spectral_centroid": {"dmean": 173.457641602, "dmean2": 273.982086182, "dvar": 75790.625, "dvar2": 168172.078125, "max": 11635.5332031, "mean": 687.373840332, "median": 510.963256836, "min": 159.418792725, "var": 270390.21875}, "spectral_complexity": {"dmean": 3.13394761086, "dmean2": 4.70667457581, "dvar": 21.3194274902, "dvar2": 46.2085189819, "max": 59, "mean": 11.5450572968, "median": 10, "min": 0, "var": 53.9715385437}, "spectral_decrease": {"dmean": 4.31386615318e-09, "dmean2": 7.04408753549e-09, "dvar": 7.54763729251e-17, "dvar2": 1.93560369217e-16, "max": 6.46771872641e-29, "mean": -8.55417159329e-09, "median": -6.49541398445e-09, "min": -7.84869556014e-08, "var": 7.59599493286e-17}, "spectral_energy": {"dmean": 0.0167452134192, "dmean2": 0.0272344518453, "dvar": 0.00111571059097, "dvar2": 0.00285415584221, "max": 0.299991130829, "mean": 0.0334238857031, "median": 0.0253691524267, "min": 1.08741098703e-20, "var": 0.0011383240344}, "spectral_energyband_high": {"dmean": 0.0002567624324, "dmean2": 0.000398993492126, "dvar": 6.15460635345e-07, "dvar2": 1.63950255683e-06, "max": 0.0115549881011, "mean": 0.00033146867645, "median": 0.000119811833429, "min": 7.48036149259e-21, "var": 5.43863734492e-07}, "spectral_energyband_low": {"dmean": 0.0105820922181, "dmean2": 0.0180231500417, "dvar": 0.000796504958998, "dvar2": 0.00209540105425, "max": 0.27535957098, "mean": 0.0153829194605, "median": 0.0102068725973, "min": 4.59844061049e-23, "var": 0.000655883981381}, "spectral_energyband_middle_high": {"dmean": 0.00131720374338, "dmean2": 0.00204097945243, "dvar": 6.81399797031e-06, "dvar2": 1.56500336743e-05, "max": 0.0535122193396, "mean": 0.00256079691462, "median": 0.00110286462586, "min": 1.58328861883e-21, "var": 1.48187864397e-05}, "spectral_energyband_middle_low": {"dmean": 0.00806632451713, "dmean2": 0.0131120542064, "dvar": 0.000221758833504, "dvar2": 0.000565471709706, "max": 0.179320290685, "mean": 0.0171190612018, "median": 0.0125982239842, "min": 2.7745684492e-22, "var": 0.000276485574432}, "spectral_entropy": {"dmean": 0.276314854622, "dmean2": 0.383856534958, "dvar": 0.0745318159461, "dvar2": 0.146169260144, "max": 9.80256271362, "mean": 6.94720411301, "median": 7.00549983978, "min": 5.09658813477, "var": 0.365108549595}, "spectral_flux": {"dmean": 0.0344649106264, "dmean2": 0.05172682181, "dvar": 0.00263857864775, "dvar2": 0.00493730837479, "max": 0.461390048265, "mean": 0.0832778289914, "median": 0.0612770020962, "min": 1.066776667e-10, "var": 0.00487098610029}, "spectral_kurtosis": {"dmean": 2.5308675766, "dmean2": 3.72418165207, "dvar": 8.41451263428, "dvar2": 18.4150409698, "max": 37.5350418091, "mean": 7.5326795578, "median": 6.32532978058, "min": -1.21595859528, "var": 23.196056366}, "spectral_rms": {"dmean": 0.00114564690739, "dmean2": 0.00178247992881, "dvar": 2.89575177703e-06, "dvar2": 6.8755666689e-06, "max": 0.0171077251434, "mean": 0.00522822793573, "median": 0.00497497664765, "min": 3.25712872472e-12, "var": 5.27433212483e-06}, "spectral_rolloff": {"dmean": 201.127456665, "dmean2": 348.527557373, "dvar": 302288.5625, "dvar2": 683288.75, "max": 19099.9511719, "mean": 570.196960449, "median": 344.53125, "min": 43.06640625, "var": 711447.4375}, "spectral_skewness": {"dmean": 0.319702535868, "dmean2": 0.46704608202, "dvar": 0.101255662739, "dvar2": 0.216153085232, "max": 5.17174768448, "mean": 2.16264557838, "median": 2.07422947884, "min": -0.0521603934467, "var": 0.436848819256}, "spectral_spread": {"dmean": 948956.5, "dmean2": 1249582.75, "dvar": 1057961213950.0, "dvar2": 1794649227260.0, "max": 40783136, "mean": 4802233.5, "median": 4605762.5, "min": 1487791.75, "var": 3086283177980.0}, "spectral_strongpeak": {"dmean": 0.327885866165, "dmean2": 0.552108705044, "dvar": 0.285149157047, "dvar2": 0.634178578854, "max": 8.57033061981, "mean": 0.62846660614, "median": 0.422102361917, "min": 0, "var": 0.51649415493}, "zerocrossingrate": {"dmean": 0.00839035119861, "dmean2": 0.010018216446, "dvar": 0.000111987465061, "dvar2": 0.000158960800036, "max": 0.52001953125, "mean": 0.0344864279032, "median": 0.0302734375, "min": 0.0048828125, "var": 0.000655078503769}, "barkbands": {"dmean": [0.000125082864542, 0.00716187059879, 0.00344892009161, 0.00291703129187, 0.00427867192775, 0.00136996235233, 0.000555498409085, 0.000607937457971, 0.000695607101079, 0.000461605523014, 0.000313114549499, 0.000251817604294, 0.000146075399243, 0.000119010132039, 0.00010154251504, 0.000103549522464, 0.000177913956577, 5.93246877543e-05, 0.000119853240903, 9.36622818699e-05, 5.14577077411e-05, 4.7497684136e-05, 3.26726512867e-05, 2.64816862909e-05, 2.50293869613e-05, 3.09860515699e-05, 1.63952972798e-05], "dmean2": [0.000209316902328, 0.0123659400269, 0.00618137093261, 0.00504226889461, 0.00711617199704, 0.00217885151505, 0.000894342723768, 0.000992608838715, 0.00105829734821, 0.000693129899446, 0.000460022245534, 0.000427521852544, 0.000220635221922, 0.000187213241588, 0.000163115415489, 0.000176012443262, 0.000303283915855, 9.84344515018e-05, 0.000191154220374, 0.000163824472111, 7.9607583757e-05, 7.94199950178e-05, 5.29101562279e-05, 3.92157417082e-05, 3.68508844986e-05, 4.6734832722e-05, 2.38392040046e-05], "dvar": [1.26175777382e-07, 0.000530238903593, 6.15466633462e-05, 2.51496712735e-05, 9.14480624488e-05, 7.5383109106e-06, 1.90583580206e-06, 2.89917034024e-06, 5.4836932577e-06, 3.85042176276e-06, 8.30255828532e-07, 1.12872726277e-06, 1.23537205354e-07, 5.87547361874e-08, 6.29030552091e-08, 1.30802860099e-07, 1.88323014072e-07, 2.14322497527e-08, 7.92225094415e-08, 1.51983172714e-07, 1.72020016009e-08, 2.44494984258e-08, 9.86463621899e-09, 4.79382133989e-09, 3.29955174294e-09, 7.05984293248e-09, 1.41894007655e-09], "dvar2": [3.51954128064e-07, 0.00140672118869, 0.000176614994416, 7.10174717824e-05, 0.000245043600444, 1.80562201422e-05, 4.78576112073e-06, 7.51488278183e-06, 1.22521241792e-05, 7.36080028219e-06, 1.61436275903e-06, 2.93548760055e-06, 2.71119859008e-07, 1.40064187804e-07, 1.64060011798e-07, 3.55199631485e-07, 5.07300001118e-07, 5.73260940939e-08, 1.72786130292e-07, 4.3349851353e-07, 4.15790921693e-08, 6.63119337219e-08, 2.55169503305e-08, 1.16801173178e-08, 7.85011433635e-09, 1.74592909019e-08, 3.28389870852e-09], "max": [0.00496638845652, 0.231800109148, 0.0931209176779, 0.0697895810008, 0.133175000548, 0.0686419829726, 0.0226035155356, 0.0210837926716, 0.0578119754791, 0.0789080932736, 0.0340691097081, 0.0451977439225, 0.00873724650592, 0.00582081777975, 0.0035454838071, 0.00813325215131, 0.00636888854206, 0.00269070081413, 0.00585625506938, 0.00608013989404, 0.00216244137846, 0.002514409367, 0.00137455505319, 0.00086144998204, 0.00079236808233, 0.00098015984986, 0.000437176786363], "mean": [0.00014876111527, 0.00893368013203, 0.00460055703297, 0.00370646035299, 0.00753237772733, 0.00293094990775, 0.000792609993368, 0.000705825281329, 0.000961980840657, 0.00073367432924, 0.000585031928495, 0.000258090090938, 0.000231623780564, 0.000181089140824, 0.00013198061788, 0.000115283051855, 0.000202666138648, 7.11947868695e-05, 0.000213196777622, 0.00010341941379, 8.29950367915e-05, 5.11842408741e-05, 3.55019365088e-05, 3.2939697121e-05, 3.20700637531e-05, 3.18630736729e-05, 1.68366696016e-05], "median": [2.03182535188e-05, 0.00416544359177, 0.00249102408998, 0.00209529791027, 0.00503994245082, 0.00147344288416, 0.00032449173159, 0.000123133097077, 0.000125698104966, 0.000106201703602, 0.00014613539679, 4.68405196443e-05, 4.26439692092e-05, 3.55572810804e-05, 2.79261039395e-05, 2.38139728026e-05, 4.12368899561e-05, 1.71695355675e-05, 2.53511880146e-05, 1.88426674868e-05, 2.3790047635e-05, 1.23054078358e-05, 8.44496662467e-06, 9.28651024878e-06, 1.20272543427e-05, 9.22923481994e-06, 4.19717071054e-06], "min": [2.70994546871e-24, 3.49693582696e-23, 7.93521416563e-24, 3.60685270782e-24, 6.99338256015e-23, 2.97895177056e-23, 1.51527810554e-23, 8.64029883158e-23, 4.35842147592e-23, 5.49838827729e-23, 7.71999666015e-23, 4.43032488526e-23, 6.64309234617e-23, 2.88594601647e-23, 9.94170538611e-23, 1.52476336906e-22, 1.30123022835e-22, 1.83050982627e-22, 1.96333406031e-22, 2.94961681028e-22, 3.13327019234e-22, 5.26883656963e-22, 5.10031215134e-22, 6.36003895596e-22, 1.10716539695e-21, 1.53522661816e-21, 2.40323029031e-21], "var": [1.42117613677e-07, 0.000404822523706, 5.18255146744e-05, 2.39103574131e-05, 9.47082589846e-05, 1.54940626089e-05, 2.09890913538e-06, 2.8951646982e-06, 9.53466133069e-06, 8.20299828774e-06, 2.45514229391e-06, 1.06063146177e-06, 3.13132346719e-07, 1.44824880977e-07, 7.83893412404e-08, 1.03369174553e-07, 1.65572259903e-07, 2.14179074476e-08, 2.1429062258e-07, 1.08835045864e-07, 2.88223809264e-08, 2.0024275571e-08, 8.90227713768e-09, 5.40820233041e-09, 3.83734732878e-09, 6.40251984763e-09, 1.47394185745e-09]}, "erbbands": {"dmean": [0.180322274566, 1.71606385708, 3.81115818024, 6.73471832275, 15.9780664444, 11.995850563, 9.42707252502, 11.8417806625, 10.1930503845, 8.44073486328, 13.9430532455, 18.2801132202, 15.0603713989, 9.17289161682, 13.7019176483, 10.7370119095, 7.59668016434, 5.26640176773, 5.72570228577, 5.55929756165, 6.80906152725, 7.75543880463, 3.74495625496, 4.85524177551, 5.81723737717, 4.04782342911, 3.29948353767, 1.5546528101, 1.84614658356, 1.13110208511, 0.957700252533, 0.548228085041, 0.467168539762, 0.285687893629, 0.18529060483, 0.114870108664, 0.0561826638877, 0.0183523725718, 0.00279855029657, 0.000182068892173], "dmean2": [0.302877128124, 3.00823831558, 6.84058094025, 11.7030591965, 26.9830284119, 20.0371875763, 15.0281429291, 19.1325740814, 16.2453918457, 13.1391744614, 23.4771347046, 27.2227630615, 21.5570774078, 14.9365749359, 20.2837772369, 17.6808795929, 11.4840612411, 8.14842510223, 9.04817390442, 9.19916057587, 11.612657547, 13.0279779434, 6.08795928955, 7.93324184418, 9.31730079651, 7.06435680389, 5.51796483994, 2.43879723549, 3.15235447884, 1.81153559685, 1.57944667339, 0.846757173538, 0.701884925365, 0.42932382226, 0.269313335419, 0.166589796543, 0.0847685858607, 0.0274539608508, 0.00415831804276, 0.000259906199062], "dvar": [0.327592015266, 30.9530639648, 95.4346542358, 141.08026123, 1474.29821777, 580.49432373, 301.517608643, 610.135864258, 611.632507324, 532.230163574, 1895.27954102, 3911.41308594, 5255.67822266, 651.690185547, 1315.75524902, 2602.57788086, 335.241760254, 121.212669373, 148.778869629, 204.129196167, 292.152557373, 337.609375, 71.9130325317, 122.204986572, 224.656692505, 245.504959106, 123.317619324, 20.0115318298, 45.1414527893, 9.80162715912, 10.4323892593, 1.73705363274, 1.91995084286, 0.531050026417, 0.160620331764, 0.0703130811453, 0.0231216847897, 0.0022362859454, 4.77179892187e-05, 1.53916076329e-07], "dvar2": [0.842647850513, 83.4978027344, 271.642303467, 398.606109619, 3901.46679688, 1612.5690918, 761.558532715, 1481.2791748, 1514.51696777, 1265.50976562, 5272.70898438, 8475.85351562, 9845.640625, 1681.27307129, 2395.1315918, 6713.59667969, 733.717224121, 286.245361328, 364.133361816, 532.783874512, 787.721496582, 903.591003418, 185.878585815, 294.973754883, 477.567321777, 702.363769531, 339.344360352, 51.3685264587, 124.489265442, 22.8736457825, 28.5642242432, 4.33109760284, 4.81827163696, 1.3251311779, 0.362786024809, 0.16391530633, 0.0563661530614, 0.00545072369277, 0.000114441434562, 3.52147310423e-07], "max": [5.79511404037, 57.3504676819, 109.947769165, 206.749969482, 502.114868164, 335.933532715, 376.353393555, 458.781280518, 477.394317627, 484.924194336, 546.812133789, 1613.18432617, 3014.26245117, 518.469604492, 1202.29394531, 2322.45507812, 439.324310303, 300.481323242, 162.716079712, 206.240966797, 290.659301758, 250.399765015, 161.64730835, 167.447280884, 267.219848633, 244.834686279, 153.158279419, 65.404548645, 94.4870147705, 65.4486083984, 47.5278053284, 15.6359148026, 18.4064598083, 10.0483617783, 5.4205031395, 3.33711266518, 1.68408596516, 0.543014466763, 0.0797287449241, 0.00449494225904], "mean": [0.208644554019, 2.16610622406, 5.25181102753, 9.4838886261, 22.1658802032, 22.9198265076, 22.4250450134, 22.6354312897, 16.2559890747, 11.5858154297, 15.6280612946, 26.951133728, 25.5274791718, 13.2943811417, 25.0296115875, 12.8529806137, 12.0740852356, 9.10571098328, 7.30866718292, 7.40544223785, 7.73075962067, 9.04007720947, 5.02471637726, 7.36711120605, 10.782790184, 4.64177656174, 4.4555644989, 2.20768141747, 1.93579602242, 1.33847022057, 0.981261491776, 0.70403778553, 0.539392769337, 0.35783419013, 0.232816040516, 0.130670845509, 0.0567194409668, 0.0178751684725, 0.00277911894955, 0.000215926018427], "median": [0.0816733464599, 1.00691735744, 2.92173576355, 6.16226577759, 12.6311674118, 14.8692979813, 10.4422273636, 11.5644054413, 7.25277280807, 2.79713106155, 3.49961018562, 4.07606363297, 3.59417724609, 3.80382084846, 6.84944868088, 3.07264041901, 2.48887133598, 2.28196644783, 1.75210666656, 1.61417627335, 1.87602555752, 1.94383227825, 1.37099230289, 1.44495034218, 1.22348964214, 0.966181218624, 1.01090168953, 0.721307873726, 0.47005957365, 0.291275590658, 0.233876779675, 0.201064154506, 0.155886307359, 0.125634506345, 0.0856099575758, 0.0447206497192, 0.0149731365964, 0.00406119367108, 0.000693924666848, 8.00909474492e-05], "min": [9.33035800075e-22, 5.8370597692e-21, 1.04750146118e-20, 1.33838606671e-20, 1.52293411649e-19, 2.05565096793e-19, 1.64571511975e-19, 2.58408896916e-19, 3.61467665476e-19, 7.56778391739e-19, 1.50974203329e-18, 1.17378314449e-18, 1.40666064651e-18, 2.46581547985e-18, 2.63624818685e-18, 1.82275245036e-18, 3.32922288092e-18, 2.50897052639e-18, 3.33034205629e-18, 8.60072539713e-18, 6.87881412166e-18, 7.25827909176e-18, 1.08317134001e-17, 8.9771455154e-18, 1.20382679929e-17, 1.26485312431e-17, 1.31222071219e-17, 1.14214658799e-17, 1.82069152986e-17, 1.54071289551e-17, 1.34437537327e-17, 1.42043305895e-17, 1.03290034818e-17, 1.27390297652e-17, 8.1738381625e-18, 5.92296432405e-18, 3.1533510478e-18, 1.17685157097e-18, 3.17116722573e-19, 3.72827653483e-20], "var": [0.276098310947, 22.5267162323, 73.5160217285, 132.860305786, 1347.63061523, 716.944580078, 1084.98022461, 994.406494141, 757.353881836, 683.310241699, 1471.93530273, 7208.95117188, 11021.0332031, 936.075683594, 4103.92480469, 2526.31079102, 821.300537109, 348.423126221, 191.294799805, 271.672363281, 247.886825562, 311.529541016, 87.0200958252, 233.527511597, 617.308959961, 164.848419189, 120.706756592, 21.9510650635, 33.2782554626, 11.6179819107, 7.96285295486, 2.04623222351, 1.88276088238, 0.564251124859, 0.199189767241, 0.0764878988266, 0.0213413778692, 0.00203970330767, 4.59380062239e-05, 1.68082934238e-07]}, "gfcc": {"mean": [-33.8355026245, 106.196769714, -70.462677002, 25.8733654022, -45.0086288452, 0.87348306179, -32.0031013489, -2.34164404869, -32.5735397339, -3.54782128334, -15.7317934036, 1.06762969494, -8.28844547272], "cov": [[9653.66894531, -862.750610352, -456.313659668, -284.519744873, 194.267471313, 247.525985718, 90.164894104, 464.838348389, 116.624259949, 176.266174316, -142.305755615, 62.7807769775, -5.72319459915], [-862.750610352, 1219.98034668, -73.5253601074, 66.7758560181, 83.0511322021, -113.27015686, 113.446594238, -57.4163894653, 20.4230861664, -60.2031936646, 86.2552947998, -39.5791397095, 55.2041015625], [-456.313659668, -73.5253601074, 990.600280762, 42.9127998352, -38.8513717651, 138.584625244, -61.8946266174, -72.4521636963, -21.2885971069, -11.7755670547, 8.83292198181, 64.4679946899, -49.3151855469], [-284.519744873, 66.7758560181, 42.9127998352, 356.78527832, 12.6849756241, 20.1816730499, -3.7727329731, -34.533946991, 27.7431430817, -21.3996772766, 29.548242569, -8.80346107483, 8.58976554871], [194.267471313, 83.0511322021, -38.8513717651, 12.6849756241, 281.098114014, 67.5902175903, 90.9272994995, 80.8315048218, 48.9151382446, 55.4666557312, 31.7470245361, 32.4366607666, 12.0144853592], [247.525985718, -113.27015686, 138.584625244, 20.1816730499, 67.5902175903, 242.372329712, 68.7388305664, 17.0329475403, 20.1273479462, 33.718296051, 25.3560256958, 39.9594688416, -15.4803266525], [90.164894104, 113.446594238, -61.8946266174, -3.7727329731, 90.9272994995, 68.7388305664, 183.114715576, 93.5457839966, 30.8930969238, 43.2658233643, 29.6398944855, 12.2384347916, 23.0089645386], [464.838348389, -57.4163894653, -72.4521636963, -34.533946991, 80.8315048218, 17.0329475403, 93.5457839966, 197.414276123, 95.6857070923, 64.2143096924, 3.27386212349, 15.666144371, 12.0899753571], [116.624259949, 20.4230861664, -21.2885971069, 27.7431430817, 48.9151382446, 20.1273479462, 30.8930969238, 95.6857070923, 131.855255127, 52.2259941101, 9.12029838562, 18.4093437195, 0.655544281006], [176.266174316, -60.2031936646, -11.7755670547, -21.3996772766, 55.4666557312, 33.718296051, 43.2658233643, 64.2143096924, 52.2259941101, 104.955963135, 43.4065933228, 14.8914737701, -1.60270369053], [-142.305755615, 86.2552947998, 8.83292198181, 29.548242569, 31.7470245361, 25.3560256958, 29.6398944855, 3.27386212349, 9.12029838562, 43.4065933228, 88.5776672363, 27.7064113617, -1.69551086426], [62.7807769775, -39.5791397095, 64.4679946899, -8.80346107483, 32.4366607666, 39.9594688416, 12.2384347916, 15.666144371, 18.4093437195, 14.8914737701, 27.7064113617, 81.1443557739, 17.610452652], [-5.72319459915, 55.2041015625, -49.3151855469, 8.58976554871, 12.0144853592, -15.4803266525, 23.0089645386, 12.0899753571, 0.655544281006, -1.60270369053, -1.69551086426, 17.610452652, 70.4090576172]], "icov": [[0.000140784366522, -2.15216205106e-05, 9.73664646153e-05, -8.67818835104e-06, 7.19507579561e-06, -0.000236526713707, 0.000245356088271, -0.000460181327071, 0.000320822757203, -0.000287202099571, 0.000417545583332, -0.000216145039303, 9.77714298642e-05], [-2.15216205106e-05, 0.00178878218867, -0.000312773045152, 0.000575776211917, -0.000787640979979, 0.00128459359985, -0.00195553689264, 0.00187478447333, -0.00257094227709, 0.0031743098516, -0.00348990550265, 0.00234035146423, -0.0015327957226], [9.73664646153e-05, -0.000312773045152, 0.00140305096284, -0.000319260347169, 0.000359545199899, -0.00104724429548, 0.000870834046509, -0.00043105185614, 0.000901794584934, -0.000893010466825, 0.00124971067999, -0.00178568845149, 0.001220637816], [-8.67818835104e-06, 0.000575776211917, -0.000319260347169, 0.003760951804, -0.000595355231781, -2.76420396403e-05, -0.000530723074917, 0.00166937417816, -0.00320284231566, 0.00327429408208, -0.00361842359416, 0.00271344860084, -0.00181374512613], [7.19507579561e-06, -0.000787640979979, 0.000359545199899, -0.000595355231781, 0.00512810098007, -0.00118056917563, -0.000482477567857, -0.00155418028589, 0.00103231240064, -0.00253430870362, 0.00152856553905, -0.0022951674182, 0.000776087341364], [-0.000236526713707, 0.00128459359985, -0.00104724429548, -2.76420396403e-05, -0.00118056917563, 0.00741255935282, -0.00463908538222, 0.00341196660884, -0.00248408596963, 0.0012134690769, -0.00186009844765, -0.000784804811701, 0.00120704364963], [0.000245356088271, -0.00195553689264, 0.000870834046509, -0.000530723074917, -0.000482477567857, -0.00463908538222, 0.0126564847305, -0.00758213736117, 0.005078996066, -0.00334455003031, 0.00116782181431, -0.000467664620373, -0.00152217014693], [-0.000460181327071, 0.00187478447333, -0.00043105185614, 0.00166937417816, -0.00155418028589, 0.00341196660884, -0.00758213736117, 0.0153077188879, -0.0101451184601, 0.00105062744115, -0.00162919424474, 0.00192491395865, -0.00155057793017], [0.000320822757203, -0.00257094227709, 0.000901794584934, -0.00320284231566, 0.00103231240064, -0.00248408596963, 0.005078996066, -0.0101451184601, 0.0189975872636, -0.0100064724684, 0.00811553373933, -0.00664918217808, 0.00387798203155], [-0.000287202099571, 0.0031743098516, -0.000893010466825, 0.00327429408208, -0.00253430870362, 0.0012134690769, -0.00334455003031, 0.00105062744115, -0.0100064724684, 0.0247317887843, -0.0164773855358, 0.00768881896511, -0.00358903943561], [0.000417545583332, -0.00348990550265, 0.00124971067999, -0.00361842359416, 0.00152856553905, -0.00186009844765, 0.00116782181431, -0.00162919424474, 0.00811553373933, -0.0164773855358, 0.0273994524032, -0.0125882830471, 0.00667297048494], [-0.000216145039303, 0.00234035146423, -0.00178568845149, 0.00271344860084, -0.0022951674182, -0.000784804811701, -0.000467664620373, 0.00192491395865, -0.00664918217808, 0.00768881896511, -0.0125882830471, 0.0227285660803, -0.00914386752993], [9.77714298642e-05, -0.0015327957226, 0.001220637816, -0.00181374512613, 0.000776087341364, 0.00120704364963, -0.00152217014693, -0.00155057793017, 0.00387798203155, -0.00358903943561, 0.00667297048494, -0.00914386752993, 0.0197152234614]]}, "melbands": {"dmean": [0.00184341322165, 0.00207352568395, 0.00140203419141, 0.00105606229044, 0.000349924899638, 0.000266150134848, 0.00014253387053, 0.000100901284895, 0.000122171433759, 0.000105844534119, 7.39808310755e-05, 3.74356204702e-05, 4.5824173867e-05, 3.26886402036e-05, 2.16396110773e-05, 1.21224329632e-05, 1.07416608444e-05, 9.76813862508e-06, 6.98652456776e-06, 8.36393519421e-06, 9.23278730625e-06, 1.00468778328e-05, 4.96792881677e-06, 2.61071841123e-06, 4.2868100536e-06, 4.48791615781e-06, 3.20689628097e-06, 2.91466471936e-06, 2.57346277976e-06, 1.31517265345e-06, 7.95019957422e-07, 1.07379332803e-06, 8.90723299563e-07, 5.45333875834e-07, 5.73016848193e-07, 4.38591087004e-07, 3.11788795671e-07, 3.33872208103e-07, 2.97670027294e-07, 2.36259964481e-07], "dmean2": [0.0031269278843, 0.00366511824541, 0.00240130210295, 0.00177274469752, 0.000559606938623, 0.000426600396167, 0.000225944560952, 0.000158383350936, 0.000203401126782, 0.000157209375175, 0.000106657498691, 6.20382561465e-05, 6.7636174208e-05, 5.3470612329e-05, 3.45193984685e-05, 1.85249300557e-05, 1.6722960936e-05, 1.55572106451e-05, 1.14768226922e-05, 1.41358787005e-05, 1.59653063747e-05, 1.71694100572e-05, 8.18121588964e-06, 4.33254672316e-06, 7.0668720582e-06, 7.19816125638e-06, 5.13211762154e-06, 5.28037980985e-06, 4.43016142526e-06, 2.07259290619e-06, 1.2528237221e-06, 1.86158251836e-06, 1.48054141391e-06, 8.60626755639e-07, 9.67096866589e-07, 7.08211928213e-07, 4.84532449718e-07, 5.13201598551e-07, 4.46631304385e-07, 3.63269748505e-07], "dvar": [3.49290858139e-05, 3.36024568242e-05, 6.11040195508e-06, 5.93503227719e-06, 3.90329745414e-07, 3.0269080753e-07, 1.18948790373e-07, 7.62353806749e-08, 1.48939577116e-07, 1.42293586691e-07, 1.3143983324e-07, 1.10012141619e-08, 1.7108803263e-08, 1.31613697718e-08, 5.32465627145e-09, 7.12123249258e-10, 5.61834301305e-10, 4.17163054101e-10, 3.65330710128e-10, 9.05597707934e-10, 4.61023580423e-10, 6.79767520051e-10, 1.57816551494e-10, 4.02563919699e-11, 1.00963494509e-10, 1.23076299152e-10, 7.5396897059e-11, 1.95179580831e-10, 1.10937509179e-10, 1.08750395841e-11, 5.91139507136e-12, 1.75196107621e-11, 7.14272131025e-12, 2.05740762968e-12, 3.82669200147e-12, 1.85036079341e-12, 5.02063397367e-13, 1.03219733108e-12, 6.80950467454e-13, 3.87911545333e-13], "dvar2": [9.1579691798e-05, 9.29765374167e-05, 1.66059435287e-05, 1.6057258108e-05, 1.01923023976e-06, 7.27035114778e-07, 2.93577954835e-07, 1.81163898105e-07, 4.11176102944e-07, 3.05811283852e-07, 2.46214938215e-07, 2.88694526063e-08, 3.18720658754e-08, 3.3524425902e-08, 1.34697035747e-08, 1.58301538544e-09, 1.32170574485e-09, 1.01452513057e-09, 9.95194371356e-10, 2.45030884471e-09, 1.249510162e-09, 1.83952020283e-09, 4.0030520565e-10, 1.0578365961e-10, 2.43632253261e-10, 2.65932220689e-10, 1.59464996763e-10, 5.675311332e-10, 3.14972159465e-10, 2.65331593502e-11, 1.54503094346e-11, 4.90826788935e-11, 1.85283264426e-11, 4.29192445472e-12, 1.04924584646e-11, 5.08046816422e-12, 1.20739171699e-12, 2.60348535265e-12, 1.70167872848e-12, 9.99126454314e-13], "max": [0.0573529116809, 0.0624672621489, 0.0298423748463, 0.0329236425459, 0.0112783564255, 0.0111198453233, 0.00641387747601, 0.0051924851723, 0.00486310245469, 0.0111167868599, 0.0150754582137, 0.0020267223008, 0.00533261150122, 0.00472585158423, 0.00291475071572, 0.000577012076974, 0.000685218023136, 0.000259653286776, 0.000271806115052, 0.000697407114785, 0.000285607675323, 0.000388727901736, 0.000245982315391, 0.000116689334391, 0.000154295907123, 0.000216310610995, 0.000195997126866, 0.000227026626817, 0.000153914341354, 5.12085061928e-05, 3.6794681364e-05, 6.10657589277e-05, 5.57548992219e-05, 2.7006613891e-05, 2.79757059616e-05, 2.14835818042e-05, 7.3005271588e-06, 1.34275269374e-05, 1.12028046715e-05, 9.08670244826e-06], "mean": [0.00222334032878, 0.00289702625014, 0.00202349550091, 0.00174766348209, 0.000820847519208, 0.000524893403053, 0.000224996125326, 0.000130551881739, 0.00013965900871, 0.000156667345436, 0.000122356170323, 4.87636243633e-05, 8.46061229822e-05, 4.10885004385e-05, 2.90602074529e-05, 1.91408889805e-05, 1.77315232577e-05, 1.20737804536e-05, 8.61705120769e-06, 1.0307931916e-05, 9.68521999312e-06, 1.0732791452e-05, 6.81285973769e-06, 3.16354862662e-06, 6.24161339147e-06, 7.94799052528e-06, 5.80486812396e-06, 2.59762987298e-06, 3.08495600621e-06, 1.99537362278e-06, 1.05546553186e-06, 1.10048802071e-06, 9.36077185543e-07, 6.657647873e-07, 5.59587078897e-07, 4.87813736072e-07, 4.13833362245e-07, 3.74317693286e-07, 3.43963989735e-07, 2.90665809644e-07], "median": [0.00104681111407, 0.0017706603976, 0.0013399933232, 0.0011143554002, 0.000446520454716, 0.000273553305306, 9.83321733656e-05, 2.50044085988e-05, 2.81601805909e-05, 2.25702133321e-05, 1.51979111251e-05, 1.2047029486e-05, 2.13293478737e-05, 9.21365153772e-06, 5.39090115126e-06, 3.98789143219e-06, 3.60813555744e-06, 2.6365339636e-06, 1.79972096248e-06, 2.15173099605e-06, 1.98217662728e-06, 2.00500880965e-06, 1.34935851293e-06, 7.90323156252e-07, 1.02893557141e-06, 7.76775323175e-07, 8.18753903786e-07, 5.03695218868e-07, 5.87521128637e-07, 5.10190886871e-07, 3.35660132578e-07, 2.6391933261e-07, 1.78323261935e-07, 1.46818052826e-07, 1.20189113773e-07, 1.44494364918e-07, 1.0963279351e-07, 9.93838469299e-08, 1.09254997938e-07, 1.00267918413e-07], "min": [1.05982184662e-23, 6.33013820887e-24, 5.54024665687e-24, 1.41440882817e-23, 5.81986471562e-24, 6.33001317442e-24, 5.04044016455e-24, 1.09471758208e-23, 1.09939418618e-23, 7.11801264353e-24, 6.8807098726e-24, 9.84015074639e-24, 1.0283185286e-23, 5.02552990458e-24, 6.37600770949e-24, 8.01122249157e-24, 3.3068351005e-24, 3.94672987896e-24, 9.32601144028e-24, 1.07030336258e-23, 7.42879465233e-24, 6.07142338639e-24, 1.16938145238e-23, 8.25098414194e-24, 6.69418765587e-24, 8.66846195475e-24, 8.36520567899e-24, 8.40381568713e-24, 6.53700909265e-24, 8.01362772847e-24, 5.86621344924e-24, 1.04543578472e-23, 8.108002314e-24, 8.67283934392e-24, 7.32549883882e-24, 8.83039932138e-24, 8.59423487674e-24, 6.79958341711e-24, 8.30124562565e-24, 1.10621814856e-23], "var": [2.7587504519e-05, 2.50508728641e-05, 6.04269871474e-06, 5.69518624616e-06, 1.0673916222e-06, 5.11389941948e-07, 1.48239223563e-07, 9.659526512e-08, 1.25024342879e-07, 2.6292406119e-07, 2.75181321285e-07, 1.43524925278e-08, 5.28884598339e-08, 1.6734704289e-08, 6.35813579564e-09, 1.67924074645e-09, 1.64436453343e-09, 5.42879741161e-10, 3.78015257985e-10, 7.85041753826e-10, 3.80678044642e-10, 5.56175216992e-10, 2.28877430897e-10, 4.25675848736e-11, 1.92018137501e-10, 3.38363448371e-10, 2.05832614841e-10, 1.12436900068e-10, 8.77860770188e-11, 1.75651299061e-11, 5.93034258853e-12, 1.21267735437e-11, 6.63350277486e-12, 2.84733304642e-12, 2.84963263923e-12, 1.47557736429e-12, 6.74358192985e-13, 9.84466631479e-13, 6.81964792797e-13, 3.83586147871e-13]}, "mfcc": {"mean": [-696.758605957, 147.837188721, 27.5526447296, 33.4526405334, 7.80017900467, 6.7627325058, 6.56089925766, -0.387249648571, -4.13143157959, -8.03218364716, -9.17453670502, -3.39692401886, -1.82221531868], "cov": [[7971.49658203, -329.065246582, -962.436340332, -128.950576782, 17.0774707794, -89.4889221191, 37.2819023132, 154.327270508, 297.667999268, 382.820068359, 184.134063721, 10.8943500519, 1.27802288532], [-329.065246582, 1141.53356934, -50.3802986145, 117.446525574, -23.9578456879, -24.9225769043, 65.3657150269, 16.6084899902, 3.00068020821, -15.2693748474, -7.67348527908, 4.9059844017, 46.9799499512], [-962.436340332, -50.3802986145, 860.577270508, 21.4153156281, 56.2043876648, 115.145179749, -21.6284656525, 14.7963886261, -72.920791626, -108.179328918, -37.2988548279, 66.831237793, 41.3175926208], [-128.950576782, 117.446525574, 21.4153156281, 274.139465332, 45.3153915405, 7.32999277115, 6.53927230835, 1.31155073643, -4.7041516304, 5.51179504395, -8.26206493378, -8.83784008026, 6.46624612808], [17.0774707794, -23.9578456879, 56.2043876648, 45.3153915405, 175.271133423, 67.2727127075, 12.5773496628, 32.9157180786, 15.9669723511, 15.7766246796, 29.8639945984, 34.8597373962, 27.4290618896], [-89.4889221191, -24.9225769043, 115.145179749, 7.32999277115, 67.2727127075, 183.781814575, 69.0570297241, 36.9519233704, -11.1641054153, -19.3133068085, 6.97798585892, 32.5405807495, 25.5569591522], [37.2819023132, 65.3657150269, -21.6284656525, 6.53927230835, 12.5773496628, 69.0570297241, 159.975463867, 43.5859909058, 19.553319931, 33.9171409607, 15.1215353012, 21.0808334351, 31.4713077545], [154.327270508, 16.6084899902, 14.7963886261, 1.31155073643, 32.9157180786, 36.9519233704, 43.5859909058, 119.744377136, 65.0949401855, 30.0414085388, 31.8356399536, 32.7337532043, 27.1271381378], [297.667999268, 3.00068020821, -72.920791626, -4.7041516304, 15.9669723511, -11.1641054153, 19.553319931, 65.0949401855, 136.615905762, 81.2936019897, 36.9742012024, 12.0148792267, 12.6499576569], [382.820068359, -15.2693748474, -108.179328918, 5.51179504395, 15.7766246796, -19.3133068085, 33.9171409607, 30.0414085388, 81.2936019897, 150.790222168, 68.7887802124, 7.17880582809, 6.6066570282], [184.134063721, -7.67348527908, -37.2988548279, -8.26206493378, 29.8639945984, 6.97798585892, 15.1215353012, 31.8356399536, 36.9742012024, 68.7887802124, 106.243484497, 55.4047775269, 14.3625221252], [10.8943500519, 4.9059844017, 66.831237793, -8.83784008026, 34.8597373962, 32.5405807495, 21.0808334351, 32.7337532043, 12.0148792267, 7.17880582809, 55.4047775269, 119.074409485, 59.7668762207], [1.27802288532, 46.9799499512, 41.3175926208, 6.46624612808, 27.4290618896, 25.5569591522, 31.4713077545, 27.1271381378, 12.6499576569, 6.6066570282, 14.3625221252, 59.7668762207, 99.6572952271]], "icov": [[0.000164407465491, 4.23606616096e-05, 0.000164005410625, 5.08487719344e-05, 6.78269032051e-07, -4.84926858917e-05, 0.00010117108468, -0.000154484674567, -5.01984068251e-05, -0.000289415329462, 5.38599888387e-05, -6.19237689534e-05, -1.60887902894e-05], [4.23606616096e-05, 0.00100510986522, 9.02090614545e-05, -0.000446144869784, 0.000203379851882, 0.00033328711288, -0.000496561988257, -8.85614717845e-05, -0.00011145867029, 0.000414449779782, -0.000250784389209, 0.000209778285353, -0.000546342518646], [0.000164005410625, 9.02090614545e-05, 0.00167208351195, -6.66203268338e-05, -0.000100275814475, -0.000853604113217, 0.000693186069839, -0.000580076884944, 0.000484858115669, 8.83366010385e-05, 0.00078851665603, -0.00102714193054, -0.000113087713544], [5.08487719344e-05, -0.000446144869784, -6.66203268338e-05, 0.00414357800037, -0.00133842753712, 0.000184515840374, 4.15822578361e-05, -8.50022479426e-05, 0.000459344824776, -0.000786518619861, 0.000699636875652, 0.000422018521931, -6.05903478572e-05], [6.78269032051e-07, 0.000203379851882, -0.000100275814475, -0.00133842753712, 0.00779782934114, -0.00285579892807, 0.00131876708474, -0.000763628107961, -0.000279738829704, -0.000500881462358, -0.00134481082205, -0.000324848631863, -0.00113258010242], [-4.84926858917e-05, 0.00033328711288, -0.000853604113217, 0.000184515840374, -0.00285579892807, 0.00910482555628, -0.00410053692758, -0.00124711822718, 0.00089936319273, 0.00191984768026, -0.000508679950144, -0.000173445863766, 0.000206825920031], [0.00010117108468, -0.000496561988257, 0.000693186069839, 4.15822578361e-05, 0.00131876708474, -0.00410053692758, 0.00969380512834, -0.00254851020873, 0.00134887907188, -0.0035197341349, 0.00162306800485, -0.000539725704584, -0.00158434908371], [-0.000154484674567, -8.85614717845e-05, -0.000580076884944, -8.50022479426e-05, -0.000763628107961, -0.00124711822718, -0.00254851020873, 0.0144506823272, -0.00733900163323, 0.00274576758966, -0.00250688334927, -0.000396439834731, -0.000960397475865], [-5.01984068251e-05, -0.00011145867029, 0.000484858115669, 0.000459344824776, -0.000279738829704, 0.00089936319273, 0.00134887907188, -0.00733900163323, 0.0149012142792, -0.00722852116451, 0.0021480594296, -0.000629001006018, -0.000104170052509], [-0.000289415329462, 0.000414449779782, 8.83366010385e-05, -0.000786518619861, -0.000500881462358, 0.00191984768026, -0.0035197341349, 0.00274576758966, -0.00722852116451, 0.0164183117449, -0.0101433647797, 0.00470271566883, -0.00169699499384], [5.38599888387e-05, -0.000250784389209, 0.00078851665603, 0.000699636875652, -0.00134481082205, -0.000508679950144, 0.00162306800485, -0.00250688334927, 0.0021480594296, -0.0101433647797, 0.0217436850071, -0.0114589100704, 0.00455391732976], [-6.19237689534e-05, 0.000209778285353, -0.00102714193054, 0.000422018521931, -0.000324848631863, -0.000173445863766, -0.000539725704584, -0.000396439834731, -0.000629001006018, 0.00470271566883, -0.0114589100704, 0.0191586297005, -0.00935774855316], [-1.60887902894e-05, -0.000546342518646, -0.000113087713544, -6.05903478572e-05, -0.00113258010242, 0.000206825920031, -0.00158434908371, -0.000960397475865, -0.000104170052509, -0.00169699499384, 0.00455391732976, -0.00935774855316, 0.0164448879659]]}, "spectral_contrast_coeffs": {"dmean": [0.0522066354752, 0.0515252351761, 0.039257735014, 0.031161557883, 0.0237559396774, 0.0214051250368], "dmean2": [0.0860318019986, 0.0830756425858, 0.0615737214684, 0.0494393035769, 0.0372081436217, 0.0329994820058], "dvar": [0.00200087530538, 0.00204685144126, 0.00121146941092, 0.000702435907442, 0.000496786145959, 0.000352651317371], "dvar2": [0.00516999606043, 0.00502935098484, 0.00285847554915, 0.00169095082674, 0.00113605929073, 0.00083483371418], "max": [-0.230111420155, -0.395786821842, -0.417433798313, -0.56942987442, -0.598785400391, -0.598824858665], "mean": [-0.59727627039, -0.677677750587, -0.750148534775, -0.7937926054, -0.799482882023, -0.791870176792], "median": [-0.612486481667, -0.673373043537, -0.755897760391, -0.804063796997, -0.811334371567, -0.79258954525], "min": [-0.965053677559, -0.954717755318, -0.981560587883, -0.980736374855, -0.962058246136, -0.959771990776], "var": [0.00988002493978, 0.006833889056, 0.00583488820121, 0.00321644218639, 0.00273736100644, 0.00137343234383]}, "spectral_contrast_valleys": {"dmean": [0.410374641418, 0.471727758646, 0.438748180866, 0.418236583471, 0.382887780666, 0.487536370754], "dmean2": [0.661007523537, 0.727589666843, 0.665343523026, 0.602051496506, 0.530832946301, 0.563147187233], "dvar": [0.177865773439, 0.245489537716, 0.21931168437, 0.20120446384, 0.19342161715, 0.228171467781], "dvar2": [0.377360999584, 0.487146854401, 0.452636450529, 0.378893196583, 0.370804816484, 0.395020544529], "max": [-4.61718559265, -4.26550483704, -5.06558132172, -5.83830976486, -5.68163204193, -7.92112