{"lowlevel": {"average_loudness": 0.954012751579, "barkbands_crest": {"dmean": 2.28030109406, "dmean2": 3.66710114479, "dvar": 5.31128978729, "dvar2": 13.2933797836, "max": 26.3572406769, "mean": 11.3255300522, "median": 10.5044527054, "min": 3.97202253342, "var": 16.8070755005}, "barkbands_flatness_db": {"dmean": 0.026497695595, "dmean2": 0.0354595370591, "dvar": 0.0008625080809, "dvar2": 0.00150963256601, "max": 0.526691615582, "mean": 0.205626815557, "median": 0.205554917455, "min": 0.0395072698593, "var": 0.00560122029856}, "barkbands_kurtosis": {"dmean": 4.42546367645, "dmean2": 6.94555807114, "dvar": 95.9496765137, "dvar2": 232.174972534, "max": 234.852050781, "mean": 8.12180709839, "median": 3.70365285873, "min": -1.8905339241, "var": 259.250549316}, "barkbands_skewness": {"dmean": 0.59074985981, "dmean2": 0.876384198666, "dvar": 0.533852636814, "dvar2": 1.2455714941, "max": 12.1286792755, "mean": 1.82292401791, "median": 1.50879466534, "min": -2.82617425919, "var": 2.29378318787}, "barkbands_spread": {"dmean": 4.64003419876, "dmean2": 6.6968460083, "dvar": 62.8108787537, "dvar2": 130.619354248, "max": 114.228767395, "mean": 13.1099376678, "median": 9.29554176331, "min": 0.379046261311, "var": 146.377838135}, "dissonance": {"dmean": 0.0289600938559, "dmean2": 0.0467360541224, "dvar": 0.000840431603137, "dvar2": 0.0021041391883, "max": 0.499913930893, "mean": 0.41926881671, "median": 0.43299767375, "min": 0.0806558504701, "var": 0.0032033121679}, "dynamic_complexity": 2.25731992722, "erbbands_crest": {"dmean": 2.36802816391, "dmean2": 3.48607349396, "dvar": 5.79046154022, "dvar2": 12.1074485779, "max": 32.2451133728, "mean": 12.8601722717, "median": 11.6248731613, "min": 2.65054798126, "var": 33.0116958618}, "erbbands_flatness_db": {"dmean": 0.0269396789372, "dmean2": 0.0327275134623, "dvar": 0.000953186536208, "dvar2": 0.0014488484012, "max": 0.483042657375, "mean": 0.195300996304, "median": 0.200285479426, "min": 0.0342211462557, "var": 0.00581188080832}, "erbbands_kurtosis": {"dmean": 2.24372172356, "dmean2": 3.37772035599, "dvar": 21.6435546875, "dvar2": 46.264881134, "max": 103.902259827, "mean": 3.65976810455, "median": 1.69264888763, "min": -1.76702976227, "var": 50.7707290649}, "erbbands_skewness": {"dmean": 0.424892872572, "dmean2": 0.63091725111, "dvar": 0.255146145821, "dvar2": 0.561710357666, "max": 9.35785293579, "mean": 1.07985627651, "median": 0.940218269825, "min": -1.86741507053, "var": 1.20437574387}, "erbbands_spread": {"dmean": 9.011926651, "dmean2": 12.7123441696, "dvar": 192.683364868, "dvar2": 375.281158447, "max": 144.206619263, "mean": 26.3809013367, "median": 18.4296169281, "min": 1.76271617413, "var": 486.813476562}, "hfc": {"dmean": 8.58148288727, "dmean2": 12.2391490936, "dvar": 218.271881104, "dvar2": 433.374053955, "max": 141.757614136, "mean": 20.6079502106, "median": 13.8141288757, "min": 1.11875595513e-16, "var": 424.503356934}, "melbands_crest": {"dmean": 2.8899333477, "dmean2": 4.67616081238, "dvar": 7.80724191666, "dvar2": 19.4037952423, "max": 34.611656189, "mean": 14.5485219955, "median": 13.5381097794, "min": 1.59463274479, "var": 27.5613803864}, "melbands_flatness_db": {"dmean": 0.0308052059263, "dmean2": 0.0415794849396, "dvar": 0.00114293990191, "dvar2": 0.00203801365569, "max": 0.632698595524, "mean": 0.309298068285, "median": 0.310195595026, "min": 0.00382239115424, "var": 0.00689544156194}, "melbands_kurtosis": {"dmean": 8.90678596497, "dmean2": 13.7612638474, "dvar": 342.59274292, "dvar2": 827.946594238, "max": 469.378753662, "mean": 16.5525531769, "median": 6.02192497253, "min": -1.4432246685, "var": 953.83605957}, "melbands_skewness": {"dmean": 0.762629449368, "dmean2": 1.11618328094, "dvar": 0.98537749052, "dvar2": 2.16880917549, "max": 16.6532325745, "mean": 2.41073465347, "median": 1.8079315424, "min": -1.13039088249, "var": 3.96876740456}, "melbands_spread": {"dmean": 2.74547529221, "dmean2": 4.24671840668, "dvar": 20.640296936, "dvar2": 46.8067779541, "max": 157.375595093, "mean": 11.3317089081, "median": 10.0330677032, "min": 0.328328609467, "var": 84.4333648682}, "pitch_salience": {"dmean": 0.0606615506113, "dmean2": 0.0972385033965, "dvar": 0.00394996115938, "dvar2": 0.00962154660374, "max": 0.977370858192, "mean": 0.501120626926, "median": 0.501369953156, "min": 0.0816811025143, "var": 0.0128757143393}, "silence_rate_20dB": {"dmean": 0, "dmean2": 0, "dvar": 0, "dvar2": 0, "max": 1, "mean": 1, "median": 1, "min": 1, "var": 0}, "silence_rate_30dB": {"dmean": 0.0422405861318, "dmean2": 0.0844941064715, "dvar": 0.0404561907053, "dvar2": 0.110419392586, "max": 1, "mean": 0.97429227829, "median": 1, "min": 0, "var": 0.025046793744}, "silence_rate_60dB": {"dmean": 0.00489745941013, "dmean2": 0.00979641824961, "dvar": 0.00487424479797, "dvar2": 0.0109279109165, "max": 1, "mean": 0.0232593733817, "median": 0, "min": 0, "var": 0.022719072178}, "spectral_centroid": {"dmean": 104.977149963, "dmean2": 160.07913208, "dvar": 42170.109375, "dvar2": 81372.1953125, "max": 11564.7363281, "mean": 631.481445312, "median": 545.056884766, "min": 160.966140747, "var": 346436.59375}, "spectral_complexity": {"dmean": 2.18181824684, "dmean2": 3.42109298706, "dvar": 9.60895061493, "dvar2": 21.2199993134, "max": 41, "mean": 12.8250951767, "median": 13, "min": 0, "var": 27.5344810486}, "spectral_decrease": {"dmean": 3.63937102676e-09, "dmean2": 5.85502801798e-09, "dvar": 3.88117610185e-17, "dvar2": 1.02193539087e-16, "max": 8.9800586991e-23, "mean": -1.05683426455e-08, "median": -9.32452515201e-09, "min": -5.71455736065e-08, "var": 5.33526763624e-17}, "spectral_energy": {"dmean": 0.0142651740462, "dmean2": 0.0227718725801, "dvar": 0.000584083260037, "dvar2": 0.00152364291716, "max": 0.218656688929, "mean": 0.0417564213276, "median": 0.0367211252451, "min": 1.03401672083e-20, "var": 0.000819975801278}, "spectral_energyband_high": {"dmean": 0.00052578112809, "dmean2": 0.000765925156884, "dvar": 1.19738683679e-06, "dvar2": 2.32336310546e-06, "max": 0.0116695808247, "mean": 0.000663480255753, "median": 4.32527958765e-05, "min": 7.32904964059e-21, "var": 2.1506534722e-06}, "spectral_energyband_low": {"dmean": 0.00945080630481, "dmean2": 0.0157568193972, "dvar": 0.000429204752436, "dvar2": 0.00115959078539, "max": 0.197891503572, "mean": 0.0177657920867, "median": 0.0134516218677, "min": 2.56730711082e-23, "var": 0.000438314629719}, "spectral_energyband_middle_high": {"dmean": 0.000970372231677, "dmean2": 0.00125103525352, "dvar": 5.77668561164e-06, "dvar2": 1.3272419892e-05, "max": 0.074373036623, "mean": 0.00326753244735, "median": 0.00172391033266, "min": 1.23709949707e-21, "var": 1.7794460291e-05}, "spectral_energyband_middle_low": {"dmean": 0.00727249216288, "dmean2": 0.0111651280895, "dvar": 0.000136850314448, "dvar2": 0.000349939422449, "max": 0.131054207683, "mean": 0.0208519212902, "median": 0.0176806859672, "min": 2.38899141408e-22, "var": 0.000227028416703}, "spectral_entropy": {"dmean": 0.288928151131, "dmean2": 0.371330589056, "dvar": 0.125528618693, "dvar2": 0.203114211559, "max": 9.82864570618, "mean": 6.70082807541, "median": 6.55791854858, "min": 4.25907516479, "var": 0.586229622364}, "spectral_flux": {"dmean": 0.0332015566528, "dmean2": 0.0508764497936, "dvar": 0.00215625856072, "dvar2": 0.00431972742081, "max": 0.407278031111, "mean": 0.0787426680326, "median": 0.0581927672029, "min": 6.2189364769e-11, "var": 0.00402335030958}, "spectral_kurtosis": {"dmean": 6.31157636642, "dmean2": 9.55261898041, "dvar": 70.1767654419, "dvar2": 171.390136719, "max": 241.027328491, "mean": 18.6419181824, "median": 12.5721902847, "min": -1.22995615005, "var": 576.963256836}, "spectral_rms": {"dmean": 0.000968817388639, "dmean2": 0.00148501526564, "dvar": 1.86566944649e-06, "dvar2": 4.56498764834e-06, "max": 0.0146056013182, "mean": 0.00601678295061, "median": 0.00598543975502, "min": 3.17615616967e-12, "var": 4.53632264907e-06}, "spectral_rolloff": {"dmean": 262.703643799, "dmean2": 453.505615234, "dvar": 1109238.875, "dvar2": 2679419.75, "max": 20413.4765625, "mean": 800.719970703, "median": 559.86328125, "min": 86.1328125, "var": 2274300}, "spectral_skewness": {"dmean": 0.556465864182, "dmean2": 0.792325019836, "dvar": 0.376410037279, "dvar2": 0.736005485058, "max": 12.5740661621, "mean": 3.17136216164, "median": 3.01106977463, "min": -0.030532611534, "var": 2.55661392212}, "spectral_spread": {"dmean": 1147422.5, "dmean2": 1489986.75, "dvar": 2478359445500.0, "dvar2": 4093825253380.0, "max": 41782208, "mean": 4624015, "median": 3526873, "min": 388800.34375, "var": 11965473751000.0}, "spectral_strongpeak": {"dmean": 0.415267437696, "dmean2": 0.715811789036, "dvar": 0.492548972368, "dvar2": 1.16262722015, "max": 14.5972709656, "mean": 0.862801253796, "median": 0.510107159615, "min": 0, "var": 0.819234371185}, "zerocrossingrate": {"dmean": 0.0111793540418, "dmean2": 0.012835226953, "dvar": 0.000285620451905, "dvar2": 0.000362859427696, "max": 0.51904296875, "mean": 0.0410499200225, "median": 0.02783203125, "min": 0.00390625, "var": 0.0017615853576}, "barkbands": {"dmean": [0.00022776077094, 0.00697663798928, 0.00300048850477, 0.000877418438904, 0.00398816959932, 0.0025403057225, 0.00144248071592, 0.000769498874433, 0.000476587068988, 0.000270982331131, 0.000181632887688, 0.000134695583256, 0.000261305482127, 0.00016217760276, 0.000144153702422, 5.78019862587e-05, 7.0747861173e-05, 3.94366834371e-05, 3.79639386665e-05, 3.38580248354e-05, 4.38425558968e-05, 4.95902895636e-05, 5.57977546123e-05, 9.57075535553e-05, 0.000100645476778, 0.000189180063899, 6.32527226117e-05], "dmean2": [0.000346019747667, 0.0115412538871, 0.00534533429891, 0.0015500850277, 0.0065165264532, 0.00370783824474, 0.0022256670054, 0.00109429401346, 0.000633556803223, 0.000371340283891, 0.000275475904346, 0.000201537826797, 0.000323933287291, 0.000235439612879, 0.000203687508474, 8.77775237313e-05, 0.000114396250865, 6.00668936386e-05, 5.67265851714e-05, 5.45476323168e-05, 7.38637827453e-05, 7.66157900216e-05, 8.23066802695e-05, 0.000141838914715, 0.000146464488353, 0.000306643079966, 9.91035922198e-05], "dvar": [1.7182058798e-07, 0.000239351706114, 4.64431504952e-05, 3.11081612381e-06, 7.88674005889e-05, 1.08192907646e-05, 5.3252942962e-06, 2.80548488263e-06, 1.66687652836e-06, 5.92840194713e-07, 2.1819251117e-07, 2.84663371986e-07, 4.36075396237e-07, 1.27339444589e-06, 6.10726658579e-07, 4.13224015006e-08, 7.89711478433e-08, 8.9922824742e-09, 7.50450812603e-09, 7.13886905146e-09, 1.74720327095e-08, 1.36581546073e-08, 1.44087000109e-08, 4.43791989824e-08, 4.57656099684e-08, 2.26261761327e-07, 2.09789590144e-08], "dvar2": [4.02937189392e-07, 0.000638028024696, 0.000134375804919, 8.76351259649e-06, 0.000202360126423, 2.37946132984e-05, 1.22697156257e-05, 5.38262429473e-06, 2.30425075642e-06, 1.30463820369e-06, 5.28184898485e-07, 7.29268776922e-07, 7.38264077427e-07, 2.85713736048e-06, 1.40213671784e-06, 9.89515029914e-08, 1.96641877892e-07, 2.04958965355e-08, 1.51716825769e-08, 1.82711197283e-08, 4.91124225732e-08, 3.40811148192e-08, 2.78670633236e-08, 9.69321192201e-08, 9.9557944111e-08, 5.75955994009e-07, 4.73420911362e-08], "max": [0.00501043861732, 0.177236959338, 0.0627502053976, 0.0159463249147, 0.105830267072, 0.043501984328, 0.0552386194468, 0.034056045115, 0.0558000430465, 0.0251844916493, 0.00860589276999, 0.0181018318981, 0.021851953119, 0.0515081621706, 0.0376379825175, 0.00718334596604, 0.00912334490567, 0.00217099301517, 0.00111062824726, 0.00127219839487, 0.00131036981475, 0.00125459593255, 0.00135373708326, 0.00342752295546, 0.00350097403862, 0.00526134716347, 0.00153197674081], "mean": [0.000396510586143, 0.0127140600234, 0.00388936349191, 0.00130918982904, 0.00545556982979, 0.00552413752303, 0.00399102922529, 0.00276884250343, 0.00174071523361, 0.000946045271121, 0.000390335277189, 0.000340202415828, 0.000704172009137, 0.000255934195593, 0.000298084720271, 0.00011979003466, 0.000125565478811, 5.36769257451e-05, 4.8925216106e-05, 3.95112401748e-05, 4.43692406407e-05, 5.69228250242e-05, 7.15853821021e-05, 0.000115338683827, 0.000122532437672, 0.000173906111741, 6.0247915826e-05], "median": [0.000213610735955, 0.00923213735223, 0.00218779826537, 0.000696197501384, 0.00258620153181, 0.00377857475542, 0.00239343219437, 0.000435467576608, 0.000712423759978, 0.000263200432528, 0.000191547951545, 0.0001087521523, 0.000253134901868, 6.14425371168e-05, 5.1390605222e-05, 3.66457061318e-05, 3.56518867193e-05, 1.19033566079e-05, 1.07176711026e-05, 6.89587568559e-06, 3.79618313673e-06, 5.99736358708e-06, 5.25615587321e-06, 6.44315105092e-06, 6.19059619567e-06, 4.56078123534e-06, 1.40541305882e-06], "min": [7.47420562756e-25, 3.89354329901e-24, 5.60101182354e-24, 3.59887456305e-24, 1.13717297159e-23, 1.78504912915e-23, 1.3892690933e-23, 2.64758317426e-23, 2.52985578157e-23, 2.25462726045e-23, 3.58477832865e-23, 4.58178617906e-23, 2.51002460728e-23, 5.86225384082e-23, 8.7749460285e-23, 5.54314950723e-23, 1.27046010921e-22, 9.05056834899e-23, 1.39399156178e-22, 1.74664507681e-22, 2.98273659896e-22, 3.14650664724e-22, 4.1347133343e-22, 6.25298712324e-22, 7.49185316387e-22, 1.35265477072e-21, 1.86402687268e-21], "var": [3.0378748761e-07, 0.000255577499047, 3.54928888555e-05, 3.10378709401e-06, 8.02273498266e-05, 3.11791372951e-05, 2.31375834119e-05, 2.22921262321e-05, 1.10783985292e-05, 3.03430829263e-06, 4.48671983122e-07, 5.23116455042e-07, 1.87895318504e-06, 2.04517641578e-06, 1.18077696243e-06, 1.05639713865e-07, 1.5120232888e-07, 1.39073366157e-08, 1.19679492983e-08, 7.88046072842e-09, 1.46525227507e-08, 1.5559640687e-08, 2.53318734877e-08, 7.64267298337e-08, 8.31716988614e-08, 2.38919852791e-07, 2.38552679832e-08]}, "erbbands": {"dmean": [0.195789754391, 1.65076935291, 3.68852090836, 2.8508746624, 6.3156247139, 13.620174408, 26.009967804, 18.2237739563, 21.7891731262, 12.9998874664, 17.9846916199, 10.6801738739, 8.14041233063, 8.17793178558, 7.90249013901, 4.70102405548, 13.2221136093, 5.36223983765, 12.0435914993, 3.47583818436, 3.87901067734, 2.79398846626, 2.1367020607, 2.06982278824, 1.65147602558, 1.69528281689, 1.8879057169, 1.54429745674, 1.94001913071, 1.45460510254, 2.02657318115, 0.938708364964, 1.87442791462, 1.29620015621, 0.781469583511, 0.411876171827, 0.470423787832, 0.0948181524873, 0.0113622946665, 0.000684056256432], "dmean2": [0.302171349525, 2.80420207977, 6.55317115784, 4.98768854141, 11.0394639969, 22.5156745911, 39.668888092, 25.8865680695, 34.0207672119, 19.1562709808, 25.2785129547, 14.4219636917, 10.6501703262, 10.9605102539, 12.2437791824, 6.62981081009, 16.371887207, 7.46801137924, 17.2307376862, 5.08810520172, 6.02036857605, 4.4065284729, 3.24237561226, 3.07896590233, 2.40376973152, 2.75264501572, 3.21891498566, 2.53264594078, 3.08001852036, 2.12682008743, 3.03153061867, 1.4210934639, 2.77840065956, 1.8661314249, 1.20271456242, 0.633489727974, 0.789905667305, 0.150626406074, 0.0178569909185, 0.00106293975841], "dvar": [0.16916295886, 14.7936439514, 75.2145614624, 33.7206306458, 338.982543945, 985.688781738, 2275.59570312, 613.215454102, 1202.58410645, 854.018615723, 1539.66540527, 434.057495117, 825.20300293, 347.963378906, 503.053222656, 248.417724609, 1142.96447754, 714.065795898, 4620.69970703, 71.7997817993, 239.233062744, 70.8723907471, 23.313331604, 21.2253265381, 12.3268651962, 22.2884159088, 38.2832984924, 14.4352846146, 25.3415279388, 9.04252529144, 21.693069458, 5.03575897217, 17.5809822083, 6.59759998322, 3.2366900444, 0.974345386028, 1.72817766666, 0.0509920194745, 0.000656143238302, 2.50470429819e-06], "dvar2": [0.408809870481, 41.0729293823, 217.964279175, 94.1367950439, 936.789428711, 2570.94799805, 5175.79541016, 1216.37353516, 2950.6003418, 1584.6003418, 2941.29956055, 791.19909668, 1242.19909668, 642.137023926, 1349.82458496, 558.850769043, 1947.20959473, 1568.82116699, 10757.2714844, 146.248321533, 574.329589844, 174.017166138, 52.998249054, 43.9929122925, 25.158082962, 58.1589660645, 107.488594055, 39.1809768677, 66.6857528687, 17.44830513, 45.4193153381, 11.4354782104, 39.9512710571, 12.8113136292, 7.5767364502, 2.37625789642, 4.59866189957, 0.121338576078, 0.00150146987289, 5.64076071896e-06], "max": [5.35347223282, 39.6164093018, 83.2951965332, 58.8430252075, 190.487854004, 391.257171631, 981.190307617, 370.34475708, 901.282104492, 878.895690918, 745.6328125, 645.128540039, 1198.71777344, 704.398864746, 570.395324707, 656.512573242, 1148.16442871, 872.731384277, 2380.64111328, 379.577148438, 476.652069092, 231.658752441, 89.189994812, 63.2761116028, 42.5137138367, 77.1614151001, 71.145614624, 34.9710845947, 58.0908813477, 36.6626739502, 52.7578849792, 40.9943237305, 80.8012695312, 33.4263114929, 29.7267570496, 21.6132831573, 14.6040773392, 2.29913973808, 0.222659990191, 0.0182519424707], "mean": [0.346390634775, 2.85439610481, 5.18056964874, 4.55030536652, 7.32832574844, 17.4316825867, 46.7666473389, 43.3297309875, 58.5196266174, 44.0576782227, 63.321472168, 40.928691864, 27.7861652374, 30.7938575745, 19.9709739685, 14.0545787811, 36.0879859924, 9.9499835968, 23.0047836304, 7.80509853363, 8.4006690979, 4.90006542206, 3.12500739098, 2.7885825634, 2.26600527763, 1.93204987049, 1.78027451038, 1.70522153378, 2.03987073898, 1.91410553455, 2.44225883484, 1.26267361641, 2.16055703163, 1.65359532833, 0.872522830963, 0.440673708916, 0.398101687431, 0.0872295796871, 0.0106871658936, 0.000685390434228], "median": [0.220078274608, 1.92708170414, 2.94026088715, 2.85331988335, 3.4771490097, 8.19328403473, 26.1831073761, 26.4856300354, 34.8782081604, 20.0242881775, 14.5522861481, 18.329120636, 14.1497154236, 9.90764522552, 12.7885026932, 6.84491825104, 13.2505378723, 3.6609108448, 4.50356626511, 3.35425877571, 2.11764740944, 1.55495834351, 0.794601619244, 0.660472154617, 0.589052736759, 0.299252778292, 0.166843682528, 0.157101586461, 0.203503623605, 0.178054794669, 0.167160138488, 0.0890811905265, 0.101626507938, 0.0819974914193, 0.0373622961342, 0.0124528091401, 0.00817447621375, 0.0018699739594, 0.0002461024269, 6.63424871163e-05], "min": [1.2005605959e-22, 8.17722006216e-22, 5.99450519775e-21, 1.45610509621e-20, 3.39810836269e-20, 2.8615993405e-20, 1.21956071545e-19, 1.46688216099e-19, 2.05573833889e-19, 3.11042399293e-19, 6.47949185377e-19, 6.55145656706e-19, 5.3691688685e-19, 1.23841004196e-18, 1.08715696503e-18, 1.3805838811e-18, 1.86069212313e-18, 2.34855042711e-18, 4.18397011457e-18, 4.97376878088e-18, 5.19197199544e-18, 7.55673495576e-18, 4.9104179129e-18, 7.24091160762e-18, 7.36892938794e-18, 9.11770666253e-18, 1.06842510851e-17, 1.4086644295e-17, 9.4085772803e-18, 1.48143647107e-17, 1.19338993062e-17, 8.98175704731e-18, 1.14236703162e-17, 8.2981493465e-18, 6.28141559787e-18, 5.19628532874e-18, 2.41272289224e-18, 9.98031355956e-19, 2.74518420291e-19, 2.5094910104e-20], "var": [0.215903416276, 14.1762037277, 59.5755958557, 32.6397514343, 237.38420105, 904.183227539, 4173.6328125, 2157.52880859, 4938.91064453, 4119.40087891, 10351.0615234, 3409.59057617, 4379.88671875, 3177.87524414, 762.913024902, 605.122314453, 4881.34033203, 1118.96264648, 7770.03564453, 301.540008545, 623.673522949, 133.250274658, 39.0490875244, 32.8725242615, 19.7085399628, 23.3645458221, 29.6647872925, 15.4028215408, 23.9180526733, 15.7701282501, 33.4662666321, 9.08774757385, 29.2631835938, 13.4018335342, 4.84999752045, 1.59707856178, 1.47681248188, 0.0541787929833, 0.000742458272725, 2.78305378743e-06]}, "gfcc": {"mean": [-25.9200553894, 123.235176086, -69.8317108154, -5.14292764664, -48.1807174683, 8.9703912735, -37.0886611938, 3.86113357544, -15.4199380875, 7.04944944382, -6.13415813446, 5.29515123367, -7.72025203705], "cov": [[12471.3525391, -2493.99389648, 188.808029175, 613.420166016, -263.326293945, 364.690490723, -52.0581016541, 592.550476074, -55.8795967102, 137.278015137, -449.680938721, 220.471191406, 7.42896175385], [-2493.99389648, 2988.90576172, -514.606872559, -592.430236816, 378.586578369, -25.3112297058, 326.338012695, 75.0402069092, 236.854660034, -110.610237122, 171.040908813, -150.740264893, -22.3642978668], [188.808029175, -514.606872559, 671.205993652, 101.740318298, 26.5520515442, 144.541152954, 57.1596260071, 81.6990280151, 22.6926002502, 78.6153030396, -12.6557064056, -2.54954195023, -80.6850509644], [613.420166016, -592.430236816, 101.740318298, 547.840270996, -16.7909412384, -70.4186325073, -74.4701919556, -9.83479309082, -58.7323265076, -3.88024234772, -41.5155639648, 21.3705234528, 43.1029243469], [-263.326293945, 378.586578369, 26.5520515442, -16.7909412384, 266.083892822, 68.0256271362, 81.6662826538, 53.3024101257, 72.293006897, -0.742474317551, 29.8310947418, 3.25687384605, 3.87265086174], [364.690490723, -25.3112297058, 144.541152954, -70.4186325073, 68.0256271362, 225.302536011, 87.0598220825, 63.6811904907, 29.0059871674, 43.482131958, 5.21097040176, 16.2696456909, -31.0398159027], [-52.0581016541, 326.338012695, 57.1596260071, -74.4701919556, 81.6662826538, 87.0598220825, 234.237014771, 147.301986694, 77.1362686157, 24.6317577362, 16.7683334351, -33.8008499146, -43.9178657532], [592.550476074, 75.0402069092, 81.6990280151, -9.83479309082, 53.3024101257, 63.6811904907, 147.301986694, 260.314605713, 131.677627563, 39.011631012, -28.6800289154, -8.38722610474, -39.8315429688], [-55.8795967102, 236.854660034, 22.6926002502, -58.7323265076, 72.293006897, 29.0059871674, 77.1362686157, 131.677627563, 166.654693604, 56.5263290405, 10.0643939972, -14.8807592392, -20.8900985718], [137.278015137, -110.610237122, 78.6153030396, -3.88024234772, -0.742474317551, 43.482131958, 24.6317577362, 39.011631012, 56.5263290405, 115.852745056, 32.4402160645, -4.21082115173, -20.5845413208], [-449.680938721, 171.040908813, -12.6557064056, -41.5155639648, 29.8310947418, 5.21097040176, 16.7683334351, -28.6800289154, 10.0643939972, 32.4402160645, 108.046546936, 23.4941978455, -14.2395410538], [220.471191406, -150.740264893, -2.54954195023, 21.3705234528, 3.25687384605, 16.2696456909, -33.8008499146, -8.38722610474, -14.8807592392, -4.21082115173, 23.4941978455, 101.360145569, 31.0971107483], [7.42896175385, -22.3642978668, -80.6850509644, 43.1029243469, 3.87265086174, -31.0398159027, -43.9178657532, -39.8315429688, -20.8900985718, -20.5845413208, -14.2395410538, 31.0971107483, 99.946723938]], "icov": [[0.000156521986355, 2.41764773818e-05, 0.000153805929585, -0.000105495040771, 3.77895776182e-05, -0.000261576089542, 0.000194875377929, -0.000541006273124, 0.000407310610171, -0.000381909805583, 0.000593765464146, -0.000358112825779, 0.000153253626195], [2.41764773818e-05, 0.00116813823115, 0.000562162953429, 0.000695786264259, -0.000887629168574, 0.000150636624312, -0.000956111063715, 0.000351093825884, -0.00140996137634, 0.00192568241619, -0.00181612302549, 0.00170579273254, -0.00047325968626], [0.000153805929585, 0.000562162953429, 0.00256319530308, -0.000356564443791, -0.000533856684342, -0.00126926309895, -0.000217371067265, -0.00044631678611, 7.12842738722e-05, -0.000579845334869, 0.00037855913979, 0.000163758464623, 0.00158892094623], [-0.000105495040771, 0.000695786264259, -0.000356564443791, 0.0029438873753, -0.00115666526835, 0.00149754353333, -0.000126179744257, -0.000378545519197, 0.000457338552224, 0.000543731963262, -0.000900139508303, 0.00106849032454, -0.00134341628291], [3.77895776182e-05, -0.000887629168574, -0.000533856684342, -0.00115666526835, 0.00625635543838, -0.00203214329667, -0.000382829544833, 0.000399400421884, -0.00213005929254, 0.0011395982001, -0.000464788725367, -0.000997476978227, -0.000982520054094], [-0.000261576089542, 0.000150636624312, -0.00126926309895, 0.00149754353333, -0.00203214329667, 0.00804311223328, -0.00269902287982, 0.000998525298201, 0.000901232822798, -0.00210714968853, 0.00103361089714, -0.00200654985383, 0.000697223411407], [0.000194875377929, -0.000956111063715, -0.000217371067265, -0.000126179744257, -0.000382829544833, -0.00269902287982, 0.0107048423961, -0.00697416765615, 0.00325727113523, -0.00094676821027, -0.00150700192899, 0.00230833073147, 0.000304476910969], [-0.000541006273124, 0.000351093825884, -0.00044631678611, -0.000378545519197, 0.000399400421884, 0.000998525298201, -0.00697416765615, 0.0137743093073, -0.00949919968843, 0.00193294207565, 0.00262561952695, -0.0021585712675, 0.00209959456697], [0.000407310610171, -0.00140996137634, 7.12842738722e-05, 0.000457338552224, -0.00213005929254, 0.000901232822798, 0.00325727113523, -0.00949919968843, 0.0179417598993, -0.00933892652392, 0.00309399142861, -0.00139311456587, 0.000223463037401], [-0.000381909805583, 0.00192568241619, -0.000579845334869, 0.000543731963262, 0.0011395982001, -0.00210714968853, -0.00094676821027, 0.00193294207565, -0.00933892652392, 0.0190461073071, -0.0105147082359, 0.00619513122365, -0.00204244162887], [0.000593765464146, -0.00181612302549, 0.00037855913979, -0.000900139508303, -0.000464788725367, 0.00103361089714, -0.00150700192899, 0.00262561952695, 0.00309399142861, -0.0105147082359, 0.0213408097625, -0.0109688946977, 0.00590088544413], [-0.000358112825779, 0.00170579273254, 0.000163758464623, 0.00106849032454, -0.000997476978227, -0.00200654985383, 0.00230833073147, -0.0021585712675, -0.00139311456587, 0.00619513122365, -0.0109688946977, 0.0185573510826, -0.00670262752101], [0.000153253626195, -0.00047325968626, 0.00158892094623, -0.00134341628291, -0.000982520054094, 0.000697223411407, 0.000304476910969, 0.00209959456697, 0.000223463037401, -0.00204244162887, 0.00590088544413, -0.00670262752101, 0.015527443029]]}, "melbands": {"dmean": [0.00182323215995, 0.00198544398881, 0.000539282220416, 0.000733573513571, 0.000862822751515, 0.000418938288931, 0.000315992103424, 0.000146048070746, 0.000130033848109, 6.48506174912e-05, 4.26727710874e-05, 3.58138895535e-05, 2.93454522762e-05, 1.77924321179e-05, 2.34720973822e-05, 2.04659463634e-05, 9.50313551584e-06, 2.15503077925e-05, 6.69007977194e-06, 3.893811936e-06, 5.35653452971e-06, 3.22099617733e-06, 2.76748187389e-06, 1.91699814422e-06, 1.70750843154e-06, 1.47852563259e-06, 1.13307612537e-06, 1.16440037345e-06, 1.06077902728e-06, 1.21187372315e-06, 8.12060477529e-07, 1.15690647817e-06, 9.04218666165e-07, 7.9311985246e-07, 1.49004358718e-06, 5.17015507739e-07, 6.1461361156e-07, 8.96490860214e-07, 2.14128886e-06, 9.03272621144e-07], "dmean2": [0.00293482653797, 0.00345934322104, 0.000950802874286, 0.00124900334049, 0.00132567458786, 0.000599568709731, 0.000492031511385, 0.000210838959902, 0.000182650925126, 8.66585178301e-05, 5.620772572e-05, 4.81286369904e-05, 4.51042469649e-05, 2.65981307166e-05, 2.97781152767e-05, 2.57511164818e-05, 1.35570162456e-05, 3.13714044751e-05, 9.25324638956e-06, 5.94404036747e-06, 8.49429306982e-06, 5.21107313034e-06, 4.32446768173e-06, 2.95100221592e-06, 2.56511134467e-06, 2.15697491512e-06, 1.73555179117e-06, 1.95699362848e-06, 1.76589549028e-06, 2.127063226e-06, 1.31079616494e-06, 1.88325361705e-06, 1.37356323648e-06, 1.16561989216e-06, 2.28387739298e-06, 7.66421521803e-07, 9.66893821897e-07, 1.32723698698e-06, 3.31998398906e-06, 1.3178532754e-06], "dvar": [1.57552949531e-05, 2.20867204916e-05, 1.29464456222e-06, 3.91751291318e-06, 2.70544501291e-06, 3.05186517835e-07, 2.44177641662e-07, 8.6570864255e-08, 6.98189026593e-08, 2.42332571787e-08, 2.24588436737e-08, 7.61342633382e-09, 6.04427841111e-09, 4.76278572137e-09, 3.40211925298e-09, 2.90654078583e-09, 2.70045430462e-09, 1.74503433925e-08, 8.08487277126e-10, 6.97042840114e-11, 5.24357890441e-10, 1.47699574793e-10, 4.94449828303e-11, 3.18286473566e-11, 1.50407082622e-11, 1.17181958581e-11, 6.46130631637e-12, 1.19438703719e-11, 1.02255495738e-11, 1.66518465683e-11, 3.5840456037e-12, 9.93531906052e-12, 3.78341672228e-12, 2.77355113702e-12, 1.27715971479e-11, 1.38646537827e-12, 2.46339732467e-12, 5.18504380057e-12, 2.62816626101e-11, 3.28423442955e-12], "dvar2": [4.07356928918e-05, 6.28954148851e-05, 3.63312938134e-06, 1.05018307295e-05, 6.3072843659e-06, 6.22413040219e-07, 5.9248151274e-07, 1.60474044719e-07, 1.33177664452e-07, 3.64536205666e-08, 3.48327020561e-08, 1.44399807667e-08, 1.52351695704e-08, 1.21993721791e-08, 5.81274628431e-09, 5.37865885164e-09, 5.88717652406e-09, 4.07062721308e-08, 1.68357627839e-09, 1.54793511342e-10, 1.28129873378e-09, 3.66173952271e-10, 1.1292922153e-10, 7.55585316536e-11, 3.0840465598e-11, 2.28463029744e-11, 1.53483840221e-11, 3.27714522186e-11, 2.73458217875e-11, 4.82731840612e-11, 9.30601082305e-12, 2.65114128567e-11, 8.97615315409e-12, 5.58886574173e-12, 2.82158393872e-11, 2.66076158502e-12, 6.15347182931e-12, 1.25422172648e-11, 6.20137136087e-11, 6.66572439606e-12], "max": [0.0478119552135, 0.0453893281519, 0.0104678608477, 0.0200535804033, 0.0333149135113, 0.00786598585546, 0.0131824407727, 0.00789386499673, 0.00504792155698, 0.00633052363992, 0.00609316211194, 0.0031302080024, 0.00131697533652, 0.00236353790388, 0.00177359115332, 0.00161193346139, 0.00169589440338, 0.00514739891514, 0.00133203912992, 0.000365803920431, 0.000638730591163, 0.000376238953322, 0.00013174022024, 0.000156156980665, 5.26836556674e-05, 4.23174569733e-05, 4.07922743761e-05, 4.82461691718e-05, 5.38375752512e-05, 4.41662159574e-05, 1.94119984371e-05, 3.59182267857e-05, 2.64233894995e-05, 1.67793623405e-05, 3.95729584852e-05, 3.31075571012e-05, 2.0615878384e-05, 6.48434579489e-05, 6.441307778e-05, 2.50564989983e-05], "mean": [0.00334248854779, 0.00320373661816, 0.000826962816063, 0.000857856182847, 0.00151161290705, 0.000988066312857, 0.000857738195919, 0.000511211983394, 0.000478490779642, 0.000238459630054, 0.000139079595101, 0.000133362904307, 6.68979409966e-05, 4.59136681457e-05, 6.43492167001e-05, 5.35403378308e-05, 1.51209515025e-05, 3.91154899262e-05, 1.46624024637e-05, 8.0773324953e-06, 1.08630993054e-05, 5.44596150576e-06, 3.94671133108e-06, 2.58864270108e-06, 2.19615208152e-06, 1.99543273993e-06, 1.4043033616e-06, 1.22057770113e-06, 1.03552349628e-06, 1.10503412998e-06, 9.23836807942e-07, 1.15083889796e-06, 1.09001848614e-06, 9.72444922809e-07, 1.68412009316e-06, 7.57335328672e-07, 7.39131962746e-07, 1.10355858851e-06, 2.25266467169e-06, 1.16861440347e-06], "median": [0.00235048867762, 0.0021309547592, 0.000559354375582, 0.000359253346687, 0.000854690326378, 0.000632368086372, 0.000521863403264, 0.000188318546861, 0.000142849021358, 9.78864263743e-05, 6.66615160299e-05, 3.70590787497e-05, 3.78872100555e-05, 1.72251238837e-05, 2.30579771596e-05, 2.0999543267e-05, 3.95394181396e-06, 7.6758205978e-06, 3.84444820156e-06, 3.07570735458e-06, 2.28216026699e-06, 1.58452951382e-06, 7.70973599629e-07, 4.85623161239e-07, 4.59159622324e-07, 4.69628446353e-07, 3.04179508248e-07, 1.50520520492e-07, 9.71499005686e-08, 8.41967349174e-08, 8.5936449068e-08, 1.01556743459e-07, 1.25373418314e-07, 7.46863051404e-08, 9.12690509836e-08, 5.83177914848e-08, 4.44868426541e-08, 5.93168252294e-08, 8.43513632276e-08, 6.38251336227e-08], "min": [1.31229476774e-24, 2.37167441838e-24, 3.20271295519e-24, 2.30368269417e-24, 3.91281950966e-24, 3.78100952986e-24, 2.60988497099e-24, 3.54746686444e-24, 5.01367687504e-24, 3.75746005969e-24, 2.4655488661e-24, 4.65728845073e-24, 4.04224200192e-24, 4.6498341096e-24, 4.09383784386e-24, 3.75567999506e-24, 3.65054140247e-24, 5.23998765812e-24, 6.55637562788e-24, 4.86303717987e-24, 5.63706710565e-24, 6.64739321583e-24, 5.90361058375e-24, 3.44931284631e-24, 5.77714000899e-24, 5.3318540604e-24, 4.58137676025e-24, 5.525925676e-24, 6.01615500251e-24, 5.84662761069e-24, 8.85783038164e-24, 5.13317470826e-24, 5.94478715085e-24, 6.63659765434e-24, 7.06898967143e-24, 5.8895968642e-24, 4.88050689905e-24, 6.54098416276e-24, 8.73084113083e-24, 6.55032545916e-24], "var": [1.79351300176e-05, 1.87489677046e-05, 1.08057543002e-06, 3.04917693938e-06, 4.4974112825e-06, 1.05282879304e-06, 1.05410356355e-06, 5.32001706688e-07, 5.26501708009e-07, 1.6863097585e-07, 1.15433586245e-07, 6.4360243357e-08, 1.0974323672e-08, 9.16928666328e-09, 1.47015724039e-08, 9.9970334233e-09, 4.3370285141e-09, 2.78898024675e-08, 1.96728322521e-09, 2.84983731058e-10, 1.24916554878e-09, 2.70504230127e-10, 9.91708867804e-11, 5.12265369013e-11, 2.29105311111e-11, 1.99209676532e-11, 7.93848233677e-12, 1.11110539172e-11, 9.45722493373e-12, 1.16315195323e-11, 4.34492546109e-12, 8.74254748456e-12, 4.96137419342e-12, 4.44277514083e-12, 1.74820921628e-11, 2.91910766392e-12, 3.49797361215e-12, 9.00666607268e-12, 3.24165798371e-11, 6.7450129683e-12]}, "mfcc": {"mean": [-690.640808105, 173.697250366, 28.781332016, 3.37354683876, 9.48006534576, 1.71658539772, -2.18189954758, -2.37617135048, -3.16369080544, -1.54322516918, 3.70697498322, -0.851515591145, 6.68356132507], "cov": [[7222.81054688, -1576.68933105, 272.721740723, 86.0057067871, 41.5350723267, -48.7216300964, 57.5857963562, 201.334793091, 341.444671631, 141.632064819, 125.522773743, -46.8342895508, -30.6148147583], [-1576.68933105, 2792.20410156, -499.127746582, -327.838806152, -23.7951412201, -47.6334228516, 84.44921875, 237.183639526, 184.743118286, 177.035491943, 80.1119003296, 158.119598389, 204.636016846], [272.721740723, -499.127746582, 537.032287598, 47.3008270264, 47.8511505127, 66.4840774536, 67.794921875, 4.51129722595, 4.00368452072, 27.3910236359, 66.1317749023, 12.2949466705, -2.34326863289], [86.0057067871, -327.838806152, 47.3008270264, 398.843322754, 68.5945053101, -8.06568908691, -17.7417469025, -28.1973648071, -10.8308801651, -26.1029777527, 3.84371352196, -27.7184753418, -62.3070755005], [41.5350723267, -23.7951412201, 47.8511505127, 68.5945053101, 177.250305176, 53.8021316528, -0.675068020821, 15.2886943817, 12.8261041641, 16.3554801941, -5.39399957657, -8.21880054474, 18.9956912994], [-48.7216300964, -47.6334228516, 66.4840774536, -8.06568908691, 53.8021316528, 145.404693604, 69.5900802612, -2.42325496674, -24.2736091614, -27.4227027893, -13.8808059692, -0.143598288298, 10.7430038452], [57.5857963562, 84.44921875, 67.794921875, -17.7417469025, -0.675068020821, 69.5900802612, 151.427139282, 64.9260864258, 14.8991632462, 5.26839590073, 31.4461326599, 33.7452354431, 21.189289093], [201.334793091, 237.183639526, 4.51129722595, -28.1973648071, 15.2886943817, -2.42325496674, 64.9260864258, 161.563354492, 95.850769043, 43.0644264221, 38.1267738342, 64.7336349487, 47.6001319885], [341.444671631, 184.743118286, 4.00368452072, -10.8308801651, 12.8261041641, -24.2736091614, 14.8991632462, 95.850769043, 185.272537231, 103.990844727, 61.1083259583, 40.5034942627, 41.332698822], [141.632064819, 177.035491943, 27.3910236359, -26.1029777527, 16.3554801941, -27.4227027893, 5.26839590073, 43.0644264221, 103.990844727, 176.849746704, 87.8620681763, 19.167383194, 9.89798259735], [125.522773743, 80.1119003296, 66.1317749023, 3.84371352196, -5.39399957657, -13.8808059692, 31.4461326599, 38.1267738342, 61.1083259583, 87.8620681763, 159.166885376, 64.0484085083, 22.7852191925], [-46.8342895508, 158.119598389, 12.2949466705, -27.7184753418, -8.21880054474, -0.143598288298, 33.7452354431, 64.7336349487, 40.5034942627, 19.167383194, 64.0484085083, 170.290344238, 100.183631897], [-30.6148147583, 204.636016846, -2.34326863289, -62.3070755005, 18.9956912994, 10.7430038452, 21.189289093, 47.6001319885, 41.332698822, 9.89798259735, 22.7852191925, 100.183631897, 168.90385437]], "icov": [[0.000207770091947, 0.000195565240574, 9.12509203772e-05, 8.04014998721e-05, -3.83636652259e-05, 8.6179432401e-05, -0.000107573752757, -0.000279000116279, -0.000391266366933, -1.48627111685e-06, -0.000123622696265, 0.000194635489606, -8.03320072009e-05], [0.000195565240574, 0.000802710419521, 0.000713939545676, 0.000381176738301, -0.000129857508, 0.000127821302158, -0.000404756981879, -0.000783434254117, -0.000262680987362, -0.000514843617566, -0.000205895310501, 0.000178073663847, -0.000491919752676], [9.12509203772e-05, 0.000713939545676, 0.00287537439726, 0.000163048884133, -0.000515412946697, -0.000530946068466, -0.00107311177999, -0.000292084907414, 1.41491500472e-05, -0.000598989718128, -0.00110356719233, 0.00017064565327, -0.000360428850399], [8.04014998721e-05, 0.000381176738301, 0.000163048884133, 0.00339547824115, -0.00196105544455, 0.00118615909014, -0.000608117552474, 0.000531016092282, -0.000878327351529, 0.00110175728332, -0.00066516478546, -0.000444512173999, 0.00138308526948], [-3.83636652259e-05, -0.000129857508, -0.000515412946697, -0.00196105544455, 0.00856921263039, -0.00460601784289, 0.00305058294907, -0.00234822113998, 0.000890362949576, -0.0019622228574, 0.000635910837445, 0.00150303856935, -0.00205208058469], [8.6179432401e-05, 0.000127821302158, -0.000530946068466, 0.00118615909014, -0.00460601784289, 0.0127425072715, -0.00710416212678, 0.00313447904773, -0.000530279183295, 0.0017332356656, 0.00105762097519, -0.000402469362598, 0.000130611282657], [-0.000107573752757, -0.000404756981879, -0.00107311177999, -0.000608117552474, 0.00305058294907, -0.00710416212678, 0.0132144233212, -0.0059340079315, 0.00205829227343, -0.000101592100691, -0.00182798504829, 0.000386166444514, -0.000125209830003], [-0.000279000116279, -0.000783434254117, -0.000292084907414, 0.000531016092282, -0.00234822113998, 0.00313447904773, -0.0059340079315, 0.0142265176401, -0.00580076500773, 0.00165431015193, 0.00125356437638, -0.00353275192901, 0.00113918480929], [-0.000391266366933, -0.000262680987362, 1.41491500472e-05, -0.000878327351529, 0.000890362949576, -0.000530279183295, 0.00205829227343, -0.00580076500773, 0.0125132026151, -0.0055251638405, -0.000350321177393, 0.000717082933988, -0.00188275484834], [-1.48627111685e-06, -0.000514843617566, -0.000598989718128, 0.00110175728332, -0.0019622228574, 0.0017332356656, -0.000101592100691, 0.00165431015193, -0.0055251638405, 0.011970423162, -0.00488941976801, 0.000973840302322, 0.00141112925485], [-0.000123622696265, -0.000205895310501, -0.00110356719233, -0.00066516478546, 0.000635910837445, 0.00105762097519, -0.00182798504829, 0.00125356437638, -0.000350321177393, -0.00488941976801, 0.0115387300029, -0.00428416952491, 0.00106040819082], [0.000194635489606, 0.000178073663847, 0.00017064565327, -0.000444512173999, 0.00150303856935, -0.000402469362598, 0.000386166444514, -0.00353275192901, 0.000717082933988, 0.000973840302322, -0.00428416952491, 0.0120894387364, -0.00636370759457], [-8.03320072009e-05, -0.000491919752676, -0.000360428850399, 0.00138308526948, -0.00205208058469, 0.000130611282657, -0.000125209830003, 0.00113918480929, -0.00188275484834, 0.00141112925485, 0.00106040819082, -0.00636370759457, 0.0109338629991]]}, "spectral_contrast_coeffs": {"dmean": [0.051149584353, 0.0416026227176, 0.0320210494101, 0.0307791661471, 0.020588375628, 0.0178002081811], "dmean2": [0.083195514977, 0.0661677271128, 0.0511477664113, 0.0461297146976, 0.0312688164413, 0.027898972854], "dvar": [0.00227082869969, 0.00146869651508, 0.000989503460005, 0.000810767523944, 0.000319287210004, 0.000277358863968], "dvar2": [0.00562061695382, 0.00363275571726, 0.00226759980433, 0.00164633162785, 0.000673564150929, 0.000682149955537], "max": [-0.267292112112, -0.308199971914, -0.415239423513, -0.515045106411, -0.622515201569, -0.679770886898], "mean": [-0.651290357113, -0.605814099312, -0.718695759773, -0.729798614979, -0.795635938644, -0.81828302145], "median": [-0.667669534683, -0.614280998707, -0.725941896439, -0.729885876179, -0.801226615906, -0.819331288338], "min": [-0.977017939091, -0.989750027657, -0.979612290859, -0.970042943954, -0.965518593788, -0.967266440392], "var": [0.00796778965741, 0.00896852277219, 0.00502523919567, 0.00465872464702, 0.00211433134973, 0.00104077591095]}, "spectral_contrast_valleys": {"dmean": [0.379068493843, 0.344277352095, 0.29241797328, 0.354874134064, 0.414788007736, 0.471693485975], "dmean2": [0.612066924572, 0.542500376701, 0.447030186653, 0.503328084946, 0.527356684208, 0.55151540041], "dvar": [0.167701795697, 0.153865039349, 0.112696863711, 0.168788433075, 0.246613487601, 0.315327614546], "dvar2": [0.344543039799, 0.322403818369, 0.204769015312, 0.288822978735, 0.39968970418, 0.440688192844], "max": [-4.80603456497, -4.64464378357, -5.04223299026, -6.3657283783, -6.2617411