{"lowlevel": {"average_loudness": 0.937694966793, "barkbands_crest": {"dmean": 1.9530531168, "dmean2": 3.07162618637, "dvar": 3.73010778427, "dvar2": 9.08675193787, "max": 26.040512085, "mean": 10.8650598526, "median": 9.73944282532, "min": 3.30256056786, "var": 20.2984809875}, "barkbands_flatness_db": {"dmean": 0.0286086238921, "dmean2": 0.0396973453462, "dvar": 0.00100012274925, "dvar2": 0.00188202830032, "max": 0.691553711891, "mean": 0.268284380436, "median": 0.231651186943, "min": 0.0549549125135, "var": 0.0232523549348}, "barkbands_kurtosis": {"dmean": 2.41866850853, "dmean2": 3.71447467804, "dvar": 14.238275528, "dvar2": 34.2041053772, "max": 48.7484130859, "mean": 4.67499065399, "median": 2.9076924324, "min": -1.77366316319, "var": 36.9875526428}, "barkbands_skewness": {"dmean": 0.426791369915, "dmean2": 0.635859787464, "dvar": 0.245738744736, "dvar2": 0.562778413296, "max": 5.44712495804, "mean": 1.40208160877, "median": 1.37462854385, "min": -2.40131497383, "var": 1.04435181618}, "barkbands_spread": {"dmean": 2.84281277657, "dmean2": 3.7955095768, "dvar": 19.2085361481, "dvar2": 35.1169776917, "max": 64.0541534424, "mean": 10.5185651779, "median": 6.72276258469, "min": 0.27891856432, "var": 106.909408569}, "dissonance": {"dmean": 0.0310320407152, "dmean2": 0.0500904396176, "dvar": 0.00106890220195, "dvar2": 0.00258989143185, "max": 0.500000059605, "mean": 0.392322570086, "median": 0.415313392878, "min": 0.119219638407, "var": 0.0078827701509}, "dynamic_complexity": 2.51562452316, "erbbands_crest": {"dmean": 2.00000476837, "dmean2": 2.93905758858, "dvar": 4.91148138046, "dvar2": 10.2042293549, "max": 32.7224273682, "mean": 12.8035764694, "median": 11.7892179489, "min": 2.56375098228, "var": 40.189239502}, "erbbands_flatness_db": {"dmean": 0.0227178838104, "dmean2": 0.0303938407451, "dvar": 0.000874249322806, "dvar2": 0.00154887582175, "max": 0.566239476204, "mean": 0.280165404081, "median": 0.251910090446, "min": 0.0776120126247, "var": 0.0171060245484}, "erbbands_kurtosis": {"dmean": 1.24185705185, "dmean2": 1.8665510416, "dvar": 4.50021982193, "dvar2": 10.1131649017, "max": 45.4196090698, "mean": 2.0622856617, "median": 1.08215856552, "min": -1.68940162659, "var": 14.2928752899}, "erbbands_skewness": {"dmean": 0.329691797495, "dmean2": 0.462875783443, "dvar": 0.133892923594, "dvar2": 0.279850244522, "max": 5.307305336, "mean": 0.644231140614, "median": 0.632172763348, "min": -3.06333732605, "var": 0.873415529728}, "erbbands_spread": {"dmean": 4.76626348495, "dmean2": 6.61859941483, "dvar": 44.6627426147, "dvar2": 84.8461151123, "max": 104.162361145, "mean": 22.5185775757, "median": 16.3986434937, "min": 1.31120300293, "var": 355.71987915}, "hfc": {"dmean": 4.2438955307, "dmean2": 5.54766654968, "dvar": 40.9957809448, "dvar2": 72.5968399048, "max": 80.8915710449, "mean": 14.3028335571, "median": 11.3469400406, "min": 1.2073501751e-16, "var": 142.094558716}, "melbands_crest": {"dmean": 2.58264303207, "dmean2": 4.07002639771, "dvar": 6.26833677292, "dvar2": 15.1885166168, "max": 33.7092437744, "mean": 14.710152626, "median": 13.6511306763, "min": 1.68510723114, "var": 30.3728713989}, "melbands_flatness_db": {"dmean": 0.0332378894091, "dmean2": 0.0452099516988, "dvar": 0.00129205582198, "dvar2": 0.00226733717136, "max": 0.811660826206, "mean": 0.352630704641, "median": 0.321682304144, "min": 0.00313713517971, "var": 0.0289619360119}, "melbands_kurtosis": {"dmean": 3.57826423645, "dmean2": 5.46013069153, "dvar": 37.1299171448, "dvar2": 87.7193222046, "max": 83.9198150635, "mean": 7.45648431778, "median": 5.01989364624, "min": -1.74453783035, "var": 81.7741775513}, "melbands_skewness": {"dmean": 0.473012506962, "dmean2": 0.705603778362, "dvar": 0.319291949272, "dvar2": 0.715437114239, "max": 8.27989768982, "mean": 1.7854257822, "median": 1.68527710438, "min": -1.91911542416, "var": 1.48427581787}, "melbands_spread": {"dmean": 3.10343647003, "dmean2": 4.28732013702, "dvar": 36.1294784546, "dvar2": 64.6638259888, "max": 154.882522583, "mean": 12.8086862564, "median": 9.76007556915, "min": 0.565836489201, "var": 230.859375}, "pitch_salience": {"dmean": 0.0527086183429, "dmean2": 0.0852270945907, "dvar": 0.00316040730104, "dvar2": 0.00779552571476, "max": 0.837856531143, "mean": 0.553347706795, "median": 0.56492125988, "min": 0.166008546948, "var": 0.0130362054333}, "silence_rate_20dB": {"dmean": 0, "dmean2": 0, "dvar": 0, "dvar2": 0, "max": 1, "mean": 1, "median": 1, "min": 1, "var": 0}, "silence_rate_30dB": {"dmean": 0.0004783544573, "dmean2": 0.000956937787123, "dvar": 0.000478133151773, "dvar2": 0.000956051575486, "max": 1, "mean": 0.99952173233, "median": 1, "min": 0, "var": 0.000478018919239}, "silence_rate_60dB": {"dmean": 0.0344415195286, "dmean2": 0.0688995197415, "dvar": 0.0332547724247, "dvar2": 0.0780305191875, "max": 1, "mean": 0.0459110476077, "median": 0, "min": 0, "var": 0.0438022725284}, "spectral_centroid": {"dmean": 137.869949341, "dmean2": 177.200912476, "dvar": 74451.109375, "dvar2": 100410.601562, "max": 11190.6142578, "mean": 756.550170898, "median": 549.138671875, "min": 223.298446655, "var": 393415.375}, "spectral_complexity": {"dmean": 3.25998568535, "dmean2": 4.10717725754, "dvar": 23.7437419891, "dvar2": 29.1544551849, "max": 56, "mean": 13.8153991699, "median": 10, "min": 0, "var": 114.62071991}, "spectral_decrease": {"dmean": 2.29856844669e-09, "dmean2": 3.44829031995e-09, "dvar": 1.26575830806e-17, "dvar2": 2.8349818859e-17, "max": 9.75380276331e-18, "mean": -7.1496297771e-09, "median": -6.26841467621e-09, "min": -3.74359636623e-08, "var": 2.59937520484e-17}, "spectral_energy": {"dmean": 0.00901360344142, "dmean2": 0.0134452730417, "dvar": 0.000192933861399, "dvar2": 0.000429160543717, "max": 0.145287662745, "mean": 0.0282816588879, "median": 0.0250302217901, "min": 1.08070831991e-20, "var": 0.000405761384172}, "spectral_energyband_high": {"dmean": 0.000198337729671, "dmean2": 0.000220168876695, "dvar": 1.26519765331e-07, "dvar2": 1.670596248e-07, "max": 0.0042498325929, "mean": 0.000359160301741, "median": 9.35165553528e-06, "min": 7.451152485e-21, "var": 5.16675584095e-07}, "spectral_energyband_low": {"dmean": 0.00329012703151, "dmean2": 0.00519722746685, "dvar": 5.57201528864e-05, "dvar2": 0.00013925289386, "max": 0.070598050952, "mean": 0.00483503984287, "median": 0.00224933540449, "min": 8.17141631782e-23, "var": 6.44739775453e-05}, "spectral_energyband_middle_high": {"dmean": 0.00115699542221, "dmean2": 0.00161092518829, "dvar": 5.5648624766e-06, "dvar2": 1.14705317174e-05, "max": 0.0334568358958, "mean": 0.00323528167792, "median": 0.00151924882084, "min": 1.61906892611e-21, "var": 2.34302733588e-05}, "spectral_energyband_middle_low": {"dmean": 0.00684297690168, "dmean2": 0.0108982408419, "dvar": 0.000108353298856, "dvar2": 0.000267250055913, "max": 0.140455901623, "mean": 0.0217588301748, "median": 0.0186850819737, "min": 5.73303211365e-22, "var": 0.000246636685915}, "spectral_entropy": {"dmean": 0.249786987901, "dmean2": 0.335878401995, "dvar": 0.105162911117, "dvar2": 0.195397257805, "max": 9.80846214294, "mean": 6.37124061584, "median": 6.48054790497, "min": 3.26396775246, "var": 1.43419015408}, "spectral_flux": {"dmean": 0.0278383158147, "dmean2": 0.0428527705371, "dvar": 0.00136585580185, "dvar2": 0.00272090011276, "max": 0.264609098434, "mean": 0.0630012303591, "median": 0.0488682314754, "min": 1.0395712069e-10, "var": 0.00261829281226}, "spectral_kurtosis": {"dmean": 22.1863079071, "dmean2": 36.1832847595, "dvar": 1601.29907227, "dvar2": 4169.25146484, "max": 638.183410645, "mean": 65.833694458, "median": 14.9054927826, "min": -1.15309274197, "var": 9536.83789062}, "spectral_rms": {"dmean": 0.000799334491603, "dmean2": 0.00114116899204, "dvar": 1.23776203509e-06, "dvar2": 2.44610578193e-06, "max": 0.0119056319818, "mean": 0.00488542858511, "median": 0.00494163203984, "min": 3.24707491797e-12, "var": 3.72433055418e-06}, "spectral_rolloff": {"dmean": 195.611877441, "dmean2": 288.726531982, "dvar": 304701, "dvar2": 481742.34375, "max": 19401.4160156, "mean": 990.446289062, "median": 602.9296875, "min": 129.19921875, "var": 3706900.75}, "spectral_skewness": {"dmean": 1.02157175541, "dmean2": 1.62183856964, "dvar": 1.65526342392, "dvar2": 4.32761573792, "max": 21.0339412689, "mean": 4.73002004623, "median": 2.94919776917, "min": -0.000774571613874, "var": 17.8853626251}, "spectral_spread": {"dmean": 553344, "dmean2": 794334.6875, "dvar": 689091248128, "dvar2": 1043021496320.0, "max": 39549672, "mean": 2727548.75, "median": 2497268, "min": 163783.015625, "var": 3972287954940.0}, "spectral_strongpeak": {"dmean": 0.440703094006, "dmean2": 0.751451969147, "dvar": 0.405390202999, "dvar2": 1.1220241785, "max": 6.30435419083, "mean": 1.26993334293, "median": 0.932179152966, "min": 0, "var": 1.21059286594}, "zerocrossingrate": {"dmean": 0.00577120156959, "dmean2": 0.00615503033623, "dvar": 0.000119778618682, "dvar2": 0.00012379445252, "max": 0.52783203125, "mean": 0.0383166521788, "median": 0.02734375, "min": 0.00634765625, "var": 0.00268145045266}, "barkbands": {"dmean": [7.27023580112e-05, 0.00125595927238, 0.00153844000306, 0.00255968235433, 0.00290752062574, 0.00171952578239, 0.000729057355784, 0.000959306256846, 0.000474746630061, 0.000649668625556, 0.000156096139108, 0.000121111464978, 9.75184302661e-05, 0.000153839762788, 0.000130554733914, 0.00010491212015, 7.09627420292e-05, 5.05890166096e-05, 5.15023857588e-05, 7.406896475e-05, 8.53774181451e-05, 4.10924512835e-05, 2.23535189434e-05, 1.1996394278e-05, 7.2242942224e-06, 4.52127051176e-06, 4.96272662076e-07], "dmean2": [0.000124629965285, 0.00196128641255, 0.00268456176855, 0.00451425695792, 0.00489614903927, 0.00262312218547, 0.00102391059045, 0.00131657090969, 0.000684195430949, 0.000935570918955, 0.000251445744652, 0.000190137681784, 0.000147364480654, 0.000241955014644, 0.000206867858651, 0.00015807597083, 0.000109873326437, 7.14808265911e-05, 8.1275611592e-05, 9.64848150034e-05, 0.000112885303679, 5.15729952895e-05, 2.96267389785e-05, 1.71893789229e-05, 1.05509907371e-05, 6.805254543e-06, 8.26028497158e-07], "dvar": [5.67129063711e-08, 8.78590708453e-06, 1.81313389476e-05, 3.44476102327e-05, 2.24004670599e-05, 9.70477231022e-06, 1.57251645305e-06, 3.47818263435e-06, 1.6872352262e-06, 3.18030288327e-06, 1.33961890469e-07, 8.3222602143e-08, 5.1511911181e-08, 1.86895988463e-07, 7.97520129936e-08, 8.58342019683e-08, 2.65631463492e-08, 1.15744525075e-08, 1.27893979851e-08, 2.86946058026e-08, 3.58548035706e-08, 5.76920289319e-09, 1.7170670441e-09, 6.64045374243e-10, 4.07434558314e-10, 2.81234202593e-10, 5.92868636129e-12], "dvar2": [1.52109947749e-07, 2.01457314688e-05, 5.10407444381e-05, 9.56349686021e-05, 6.19730199105e-05, 2.70149266726e-05, 2.76975606539e-06, 5.72596809434e-06, 3.20963999911e-06, 5.97015014137e-06, 3.76082226694e-07, 1.95119838509e-07, 9.87829835708e-08, 4.55137524114e-07, 1.95003195813e-07, 1.98089423975e-07, 6.46880877753e-08, 2.22356586477e-08, 2.74247131671e-08, 4.2946137313e-08, 7.26698914377e-08, 9.27999543876e-09, 3.41446737551e-09, 1.50308754332e-09, 8.37377278629e-10, 5.99620741948e-10, 1.43106828471e-11], "max": [0.00319404387847, 0.0279434006661, 0.0390924885869, 0.052717231214, 0.115047067404, 0.0583180449903, 0.0342094190419, 0.0282624159008, 0.0231110621244, 0.040559977293, 0.00454998202622, 0.00441948883235, 0.00469832681119, 0.0083743520081, 0.00412042438984, 0.00505289575085, 0.00275133736432, 0.00123906054068, 0.00113260129001, 0.00155863515101, 0.00199350947514, 0.0010117276106, 0.000564994872548, 0.000373260903871, 0.000766183133237, 0.000636516779196, 4.98459849041e-05], "mean": [8.08508921182e-05, 0.00155814376194, 0.00159510609228, 0.00331730768085, 0.00593848479912, 0.00492030149326, 0.0023631635122, 0.00325170555152, 0.00127643079031, 0.00191170035396, 0.000279176310869, 0.000230821300647, 0.000159580551554, 0.000260908593191, 0.000242383466684, 0.000176355606527, 0.000129635503981, 8.97979989531e-05, 8.35953687783e-05, 0.000138358984259, 0.00013658584794, 7.13075060048e-05, 3.69092085748e-05, 1.66479167092e-05, 1.01982477645e-05, 5.78482013225e-06, 4.26298186085e-07], "median": [7.85735392128e-06, 0.000226098258281, 0.0005084767472, 0.00194387929514, 0.00402773264796, 0.00234475499019, 0.00122422771528, 0.00124435999896, 0.000484198215418, 0.000300025800243, 8.27696203487e-05, 6.24592794338e-05, 4.20679643867e-05, 7.22777331248e-05, 7.61471455917e-05, 3.50210320903e-05, 2.63649271801e-05, 9.57581414696e-06, 4.77365756524e-06, 3.75501417693e-06, 2.42050282395e-06, 1.56106227678e-06, 1.05740218714e-06, 6.64222739033e-07, 3.86907061056e-07, 2.55731890775e-07, 9.06758934605e-09], "min": [3.08142795759e-23, 7.26134867001e-24, 3.09337572932e-23, 3.55074750029e-23, 5.90644898417e-23, 1.16624628248e-22, 7.81372090876e-23, 1.01274347976e-22, 9.5477394148e-23, 1.42038205139e-22, 6.31991559706e-23, 6.41710704711e-23, 9.30418713002e-23, 1.00516101185e-22, 1.65794946937e-22, 9.03505555706e-23, 1.44678036651e-22, 1.7014879018e-22, 4.43660421806e-22, 3.45639191052e-22, 3.32033246325e-22, 4.52928085938e-22, 6.53018956368e-22, 6.86032570681e-22, 1.12338750736e-21, 1.70619148179e-21, 2.52828844748e-21], "var": [6.0884772779e-08, 1.15434349937e-05, 1.27226358018e-05, 2.65289781964e-05, 3.87332111131e-05, 4.44544130005e-05, 1.06910611066e-05, 2.08841574931e-05, 7.11001666787e-06, 2.31942558457e-05, 2.14974448909e-07, 1.79448278459e-07, 1.26920738808e-07, 2.96701614388e-07, 1.70728867488e-07, 1.28882831518e-07, 5.04203541141e-08, 3.25303339821e-08, 3.17864383703e-08, 1.00312121276e-07, 9.64766115885e-08, 1.96336920055e-08, 5.02220753873e-09, 1.14762277459e-09, 7.95570331835e-10, 4.32643865178e-10, 4.91724456292e-12]}, "erbbands": {"dmean": [0.0267535150051, 0.347823053598, 1.53202271461, 5.32405090332, 10.954662323, 8.12917327881, 10.4032316208, 15.1449069977, 12.1821193695, 13.9703378677, 17.3410568237, 13.2626590729, 14.0680627823, 16.7061367035, 7.45140886307, 5.01273298264, 4.62770938873, 7.92481899261, 7.37769794464, 5.81780815125, 5.03967618942, 3.65601062775, 2.60040950775, 2.61614727974, 2.58810687065, 3.42166280746, 4.27889871597, 2.4843788147, 1.61864829063, 0.997052431107, 0.574771165848, 0.324155688286, 0.181893184781, 0.0857535228133, 0.051812004298, 0.0213916208595, 0.00737058604136, 0.00176125904545, 5.92298347328e-05, 1.11351992018e-05], "dmean2": [0.0383927300572, 0.550125777721, 2.63543272018, 9.2362165451, 19.4076766968, 13.3123865128, 15.2371854782, 23.7498760223, 16.6406917572, 20.1943130493, 23.4361419678, 18.5059337616, 19.8232498169, 24.7998199463, 11.8882932663, 7.79476976395, 6.89049959183, 12.3018960953, 11.7064962387, 8.7087059021, 7.57331895828, 5.58385753632, 3.80565738678, 3.84916996956, 3.72226691246, 4.2256102562, 4.9256644249, 3.20962810516, 2.12720966339, 1.36212909222, 0.785825192928, 0.463985681534, 0.257399231195, 0.125275298953, 0.0775606930256, 0.0321487262845, 0.0112486127764, 0.00276285037398, 9.55558934947e-05, 1.64468965522e-05], "dvar": [0.0035590082407, 0.722009181976, 17.8949832916, 165.693313599, 408.044342041, 199.832000732, 282.982757568, 1073.91967773, 421.525177002, 852.148193359, 1461.69287109, 1398.14331055, 2155.52148438, 2519.77929688, 290.767883301, 153.251922607, 123.586479187, 515.216003418, 276.930541992, 176.364852905, 170.916213989, 75.7428741455, 29.7679214478, 34.0075073242, 31.0960254669, 57.9170646667, 94.2910385132, 24.4174861908, 9.65962600708, 3.74236869812, 1.23328661919, 0.438926905394, 0.170679926872, 0.0566817373037, 0.0220209471881, 0.0052153300494, 0.000836189719848, 5.13588784088e-05, 7.28746769596e-08, 2.86287160645e-10], "dvar2": [0.00714132376015, 1.76658344269, 49.3832473755, 457.850097656, 1180.83520508, 498.577270508, 576.11932373, 3008.13232422, 715.671875, 1555.62683105, 2236.4453125, 2634.26538086, 3456.7265625, 5386.0234375, 816.38092041, 345.78112793, 237.680877686, 1211.4152832, 701.216308594, 374.434997559, 383.293151855, 179.154891968, 58.2691993713, 62.8583526611, 61.3228225708, 80.6262512207, 162.423919678, 43.4680671692, 16.1908912659, 7.40607833862, 2.58873987198, 1.01879608631, 0.372964769602, 0.121262967587, 0.048135664314, 0.0110551686957, 0.00180679594632, 0.000115671355161, 1.77728892936e-07, 6.25156759693e-10], "max": [0.622082352638, 7.64573144913, 36.2040596008, 125.664413452, 235.281646729, 432.014678955, 298.225708008, 640.172546387, 504.282012939, 518.357849121, 757.602111816, 668.825866699, 1116.14428711, 1155.50219727, 227.489608765, 204.619689941, 244.760635376, 425.733032227, 227.579742432, 201.337524414, 210.964599609, 143.302185059, 61.3714485168, 54.6303253174, 60.0970840454, 77.8577728271, 112.371704102, 58.4484024048, 46.0117797852, 26.2731990814, 13.1184358597, 8.76161193848, 6.71448802948, 7.76536273956, 5.50288581848, 2.72332930565, 1.10323107243, 0.151218563318, 0.00539994845167, 0.000176305271452], "mean": [0.0340067893267, 0.396037012339, 1.60391080379, 7.23982429504, 16.5962772369, 17.6955165863, 29.2668380737, 41.6872825623, 42.3429489136, 46.4065055847, 60.4153442383, 39.3403129578, 41.8616447449, 47.754699707, 14.7157697678, 10.6377439499, 8.2928943634, 14.1206607819, 13.5621147156, 11.0038976669, 8.77263832092, 7.09719848633, 4.6963391304, 4.50860881805, 4.42772865295, 6.43290090561, 6.60776042938, 4.50893354416, 2.93096184731, 1.56574225426, 0.910800158978, 0.460587620735, 0.252674371004, 0.120240919292, 0.0712215974927, 0.0298043936491, 0.00905744452029, 0.00187275011558, 6.69025539537e-05, 3.37255260092e-05], "median": [0.00394247751683, 0.056369047612, 0.536594629288, 4.35935688019, 9.17559719086, 9.98352050781, 11.5983753204, 16.5913887024, 18.4650936127, 20.0521011353, 25.1919212341, 16.2924957275, 7.95226573944, 8.65990447998, 6.03243923187, 3.05760240555, 2.33062124252, 4.1448674202, 4.79506540298, 3.13772153854, 1.75288581848, 1.36478435993, 0.734820008278, 0.279137253761, 0.215444892645, 0.181861639023, 0.115760326385, 0.0740710571408, 0.0584031157196, 0.0435593277216, 0.0275158826262, 0.0162964053452, 0.0101172924042, 0.00507215969265, 0.00240197405219, 0.00148565461859, 0.00032136059599, 5.82965985814e-05, 1.76023459062e-05, 2.91360229312e-05], "min": [5.8700288539e-22, 7.86427679536e-22, 1.9443416673e-20, 1.17859808529e-19, 5.14727676445e-20, 1.65660262607e-19, 6.05911142864e-19, 9.64526922232e-19, 1.1411176787e-18, 2.28422968986e-18, 1.3170200141e-18, 1.98988698146e-18, 5.32168797756e-18, 2.31258668203e-18, 4.48492861351e-18, 1.81857415429e-18, 4.96233424968e-18, 4.7307435305e-18, 9.11069134375e-18, 6.00700628788e-18, 5.15923053243e-18, 7.34246870733e-18, 9.30151777516e-18, 2.25050102815e-17, 1.72620500459e-17, 1.39610385734e-17, 1.66191851262e-17, 1.13230057444e-17, 1.49608220013e-17, 2.27864617936e-17, 1.6409440247e-17, 1.30047689816e-17, 1.25367022146e-17, 1.18177598395e-17, 8.69474191837e-18, 6.33888479811e-18, 2.94231556005e-18, 1.34552434782e-18, 3.24311694637e-19, 4.03052994625e-20], "var": [0.00549534428865, 0.804624140263, 13.0355033875, 128.566223145, 429.323577881, 451.702056885, 1964.53369141, 4975.57421875, 3589.33789062, 4534.39990234, 10220.6474609, 5947.59179688, 11716.6328125, 19236.4589844, 464.413269043, 387.120391846, 316.700073242, 884.947875977, 527.326416016, 386.563415527, 284.990447998, 157.468566895, 79.4939651489, 94.4652709961, 91.3870620728, 211.483535767, 255.725646973, 89.411529541, 32.5890350342, 9.75775718689, 2.89503026009, 0.837557435036, 0.312370508909, 0.101761609316, 0.0411720387638, 0.00952216424048, 0.00113911752123, 5.53922654944e-05, 6.22753688617e-08, 6.15902828738e-10]}, "gfcc": {"mean": [-102.79839325, 168.050933838, -110.279769897, -10.5999917984, -56.1210861206, -16.5978336334, -39.7460594177, -8.89284515381, -17.7688102722, -6.95125007629, -20.1002502441, -11.60222435, -7.84002017975], "cov": [[21242.4707031, -4287.13867188, -1542.89318848, 4614.87939453, -1409.53955078, 2298.46362305, -78.3404693604, 754.606384277, -310.806671143, 848.854492188, -463.620147705, 819.055786133, -241.962799072], [-4287.13867188, 4767.375, 102.62146759, -2724.86474609, 961.992675781, -1551.80212402, 7.98376226425, -558.246520996, 166.123184204, -640.881591797, 188.037460327, -548.029296875, 249.376464844], [-1542.89318848, 102.62146759, 1012.33917236, -323.694641113, -122.762382507, 57.9072189331, -140.339813232, -21.8292350769, -8.83794307709, 15.4563703537, -50.9264183044, -69.8891448975, -94.0894393921], [4614.87939453, -2724.86474609, -323.694641113, 2413.55175781, -455.278778076, 1116.28918457, 110.552429199, 356.61706543, -53.8804359436, 450.28616333, -59.6160850525, 343.681365967, -127.674461365], [-1409.53955078, 961.992675781, -122.762382507, -455.278778076, 578.575012207, -220.485641479, 20.0458984375, -35.6520805359, 91.5847091675, -53.8172683716, 121.828666687, -61.5273094177, 93.129447937], [2298.46362305, -1551.80212402, 57.9072189331, 1116.28918457, -220.485641479, 844.838867188, -13.5618619919, 295.194152832, 15.9754972458, 301.33013916, -51.2761917114, 236.390441895, -90.2160644531], [-78.3404693604, 7.98376226425, -140.339813232, 110.552429199, 20.0458984375, -13.5618619919, 190.641784668, 34.5296859741, -9.77527523041, -49.4620475769, -5.63992929459, 10.0312728882, 38.3985328674], [754.606384277, -558.246520996, -21.8292350769, 356.61706543, -35.6520805359, 295.194152832, 34.5296859741, 208.287139893, 23.2409286499, 99.3031005859, -38.2533073425, 88.8873138428, -19.7620735168], [-310.806671143, 166.123184204, -8.83794307709, -53.8804359436, 91.5847091675, 15.9754972458, -9.77527523041, 23.2409286499, 120.763595581, 52.692440033, 28.7625465393, -37.7759628296, -10.9034099579], [848.854492188, -640.881591797, 15.4563703537, 450.28616333, -53.8172683716, 301.33013916, -49.4620475769, 99.3031005859, 52.692440033, 258.343017578, 42.5398826599, 88.6049194336, -63.8528175354], [-463.620147705, 188.037460327, -50.9264183044, -59.6160850525, 121.828666687, -51.2761917114, -5.63992929459, -38.2533073425, 28.7625465393, 42.5398826599, 132.076065063, 16.5158100128, 28.3476600647], [819.055786133, -548.029296875, -69.8891448975, 343.681365967, -61.5273094177, 236.390441895, 10.0312728882, 88.8873138428, -37.7759628296, 88.6049194336, 16.5158100128, 179.995697021, 35.9624862671], [-241.962799072, 249.376464844, -94.0894393921, -127.674461365, 93.129447937, -90.2160644531, 38.3985328674, -19.7620735168, -10.9034099579, -63.8528175354, 28.3476600647, 35.9624862671, 99.7123794556]], "icov": [[0.000330327806296, -0.000866474001668, 0.000685448991135, -0.000692360918038, 0.000872522999998, -0.000477437424706, 0.000858322542626, -0.000627947738394, 0.0013099340722, -0.00101258221548, 0.00125284132082, -0.000797754619271, 0.000453350221505], [-0.000866474001668, 0.00361352786422, -0.0019362475723, 0.00244094664231, -0.00321125448681, 0.00144983630162, -0.00249947584234, 0.00266024726443, -0.00449942611158, 0.00351004092954, -0.00369583675638, 0.00352361332625, -0.00250511243939], [0.000685448991135, -0.0019362475723, 0.00292536639608, -0.000794779974967, 0.0022201880347, -0.00219817645848, 0.00214401888661, -0.0011010596063, 0.00361588154919, -0.00248427456245, 0.00259713921696, -0.000850078824442, 0.00151499989443], [-0.000692360918038, 0.00244094664231, -0.000794779974967, 0.00356721365824, -0.00174339662772, -0.00121814396698, -0.00316002522595, 0.00253802980296, -0.0018282965757, 0.0010535006877, -0.00286025484093, 0.00305619323626, -0.00153550202958], [0.000872522999998, -0.00321125448681, 0.0022201880347, -0.00174339662772, 0.00632143905386, -0.00183654564898, 0.00256641232409, -0.00359842949547, 0.00325974728912, -0.00333180162124, 0.000911498267669, -0.00091721653007, -0.000961510755587], [-0.000477437424706, 0.00144983630162, -0.00219817645848, -0.00121814396698, -0.00183654564898, 0.00861724745482, 2.15957643377e-05, -0.00308399647474, -0.00480433134362, 0.00144067336805, -0.000401734869229, -0.00457075610757, 0.00263376021758], [0.000858322542626, -0.00249947584234, 0.00214401888661, -0.00316002522595, 0.00256641232409, 2.15957643377e-05, 0.0101695200428, -0.00486926641315, 0.00325611885637, -0.000167700112797, 0.00233263522387, -0.00122724962421, -0.000919737794902], [-0.000627947738394, 0.00266024726443, -0.0011010596063, 0.00253802980296, -0.00359842949547, -0.00308399647474, -0.00486926641315, 0.0146944290027, -0.00545487273484, 0.00123722280841, 0.00190479261801, -0.000236659543589, -0.000868526462], [0.0013099340722, -0.00449942611158, 0.00361588154919, -0.0018282965757, 0.00325974728912, -0.00480433134362, 0.00325611885637, -0.00545487273484, 0.0219750087708, -0.0106249526143, 0.00358339608647, 0.0049713999033, -0.0014364895178], [-0.00101258221548, 0.00351004092954, -0.00248427456245, 0.0010535006877, -0.00333180162124, 0.00144067336805, -0.000167700112797, 0.00123722280841, -0.0106249526143, 0.0173242855817, -0.00928935967386, -0.00240544578992, 0.00593483168632], [0.00125284132082, -0.00369583675638, 0.00259713921696, -0.00286025484093, 0.000911498267669, -0.000401734869229, 0.00233263522387, 0.00190479261801, 0.00358339608647, -0.00928935967386, 0.0195391513407, -0.00735881598666, 0.000878443650436], [-0.000797754619271, 0.00352361332625, -0.000850078824442, 0.00305619323626, -0.00091721653007, -0.00457075610757, -0.00122724962421, -0.000236659543589, 0.0049713999033, -0.00240544578992, -0.00735881598666, 0.0262978747487, -0.0188795793802], [0.000453350221505, -0.00250511243939, 0.00151499989443, -0.00153550202958, -0.000961510755587, 0.00263376021758, -0.000919737794902, -0.000868526462, -0.0014364895178, 0.00593483168632, 0.000878443650436, -0.0188795793802, 0.0305234324187]]}, "melbands": {"dmean": [0.000278709863778, 0.000670137116686, 0.00108050229028, 0.000728378363419, 0.000328556750901, 0.000328482070472, 0.000177224152139, 0.000164546756423, 0.000127899766085, 8.046606672e-05, 7.06521313987e-05, 7.3356241046e-05, 2.30140976782e-05, 1.59483861353e-05, 1.01057357824e-05, 1.05679800981e-05, 1.62558953889e-05, 1.17002728075e-05, 7.8047542047e-06, 8.52041739563e-06, 5.64735364605e-06, 4.39274435848e-06, 3.26722010868e-06, 2.02833348339e-06, 2.20864671974e-06, 2.04419234251e-06, 2.13413477468e-06, 2.41659995481e-06, 2.7843409498e-06, 2.13416979022e-06, 1.30722537506e-06, 1.0017428167e-06, 7.46334421819e-07, 4.86218425522e-07, 3.53923496732e-07, 2.90783589207e-07, 1.76470791757e-07, 1.40713098062e-07, 9.41679303423e-08, 6.79309621887e-08], "dmean2": [0.000422413431806, 0.00111417879816, 0.0018853971269, 0.0012485885527, 0.000485338649014, 0.000510381942149, 0.000241838235524, 0.000237854445004, 0.000173694177647, 0.000113148722448, 9.99144976959e-05, 0.000108929591079, 3.6908313632e-05, 2.49384866038e-05, 1.55283341883e-05, 1.60018516908e-05, 2.55277045653e-05, 1.86818142538e-05, 1.23513555081e-05, 1.28393303385e-05, 8.62351134856e-06, 6.85021723257e-06, 5.01003614772e-06, 2.88487967737e-06, 3.37345863954e-06, 3.07995605908e-06, 3.11671396958e-06, 2.91378364636e-06, 3.07891696139e-06, 2.91824198939e-06, 1.74873946435e-06, 1.4095945744e-06, 1.05471792722e-06, 6.82556390075e-07, 5.01964166233e-07, 4.1632341663e-07, 2.66503860757e-07, 2.02050571829e-07, 1.39841461078e-07, 1.00896286881e-07], "dvar": [3.97458876478e-07, 3.08584094455e-06, 5.67158758713e-06, 1.65713288425e-06, 2.57615965893e-07, 4.53426196145e-07, 8.9912724377e-08, 1.17569044278e-07, 7.96950274662e-08, 6.08326544693e-08, 5.2912827897e-08, 4.95332628248e-08, 2.84232282155e-09, 1.3198835358e-09, 5.11733821984e-10, 7.20944803856e-10, 2.32435959369e-09, 6.94568014215e-10, 2.61012822467e-10, 5.98774807514e-10, 1.8475364294e-10, 1.1453173826e-10, 5.01614270954e-11, 1.91806084904e-11, 2.56313997804e-11, 1.9554958347e-11, 2.24638363466e-11, 2.88685377686e-11, 3.80592397875e-11, 2.4666371376e-11, 6.93169046467e-12, 4.04622125735e-12, 2.16282569111e-12, 9.25605620795e-13, 5.0043308256e-13, 4.42793452729e-13, 1.39341283737e-13, 1.06653157443e-13, 5.79255136153e-14, 4.05593324226e-14], "dvar2": [8.05485967703e-07, 8.25712595542e-06, 1.572047222e-05, 4.58550402982e-06, 5.34224056992e-07, 1.2628369177e-06, 1.52750899929e-07, 2.13034766716e-07, 1.23056992152e-07, 1.13304771787e-07, 8.54651602822e-08, 1.06463943439e-07, 8.0428623761e-09, 3.10907877221e-09, 1.10473608039e-09, 1.40156464212e-09, 5.60017010542e-09, 1.76575698507e-09, 5.94002791399e-10, 1.41401712561e-09, 4.07376909983e-10, 2.83673612378e-10, 1.10307644963e-10, 3.52287782279e-11, 5.10202019521e-11, 4.15943113286e-11, 4.74849118359e-11, 3.82784047515e-11, 5.90577448056e-11, 5.13720004036e-11, 1.3299534217e-11, 7.47547423269e-12, 4.54119077412e-12, 1.8469425208e-12, 1.07868488447e-12, 1.03563739615e-12, 3.32941546511e-13, 2.30639211072e-13, 1.41737614484e-13, 8.58017744853e-14], "max": [0.00672897417098, 0.0145077025518, 0.0228436347097, 0.0324049405754, 0.00854413118213, 0.0136660896242, 0.00783420354128, 0.00576537568122, 0.00559879420325, 0.00454266462475, 0.00556765915826, 0.00511936098337, 0.000667546875775, 0.000507344841026, 0.000299951498164, 0.000595304125454, 0.00094650615938, 0.000319123791996, 0.000210222511669, 0.000410142121837, 0.000188166086446, 0.000182540374226, 9.95390437311e-05, 4.2356816266e-05, 4.6951641707e-05, 4.81647257402e-05, 4.97606088175e-05, 6.05616332905e-05, 6.43557359581e-05, 5.20737012266e-05, 3.35088261636e-05, 3.0501954825e-05, 1.54366280185e-05, 1.26931190607e-05, 8.645752132e-06, 1.29783338707e-05, 4.18942545366e-06, 4.86412818645e-06, 6.94128129908e-06, 7.41188523534e-06], "mean": [0.000374791765353, 0.000736258574761, 0.0014961999841, 0.00132786505856, 0.000936414930038, 0.000925439409912, 0.000613060488831, 0.000545945251361, 0.000441831420176, 0.000226519769058, 0.000205359014217, 0.000204024079721, 4.26257720392e-05, 3.15302568197e-05, 1.97070730792e-05, 1.69170780282e-05, 2.80605563603e-05, 2.05583564821e-05, 1.50235737237e-05, 1.43267416206e-05, 9.65181607171e-06, 7.9893397924e-06, 5.45347529624e-06, 3.47240097653e-06, 3.63709091289e-06, 3.19598734677e-06, 3.51767789653e-06, 4.4323264774e-06, 4.38621646026e-06, 3.17713647746e-06, 2.43632462116e-06, 1.76205139724e-06, 1.12838006316e-06, 7.57691850595e-07, 5.32836281764e-07, 4.17128887875e-07, 2.35972379414e-07, 1.95224302502e-07, 1.1963606994e-07, 9.42590432373e-08], "median": [5.15652282047e-05, 0.000231587138842, 0.00103447516449, 0.000727197271772, 0.000416523078457, 0.000377265969291, 0.000265865703113, 0.000229971105, 0.000179145019501, 8.08391487226e-05, 3.77645337721e-05, 3.25122855429e-05, 1.50723935803e-05, 1.09643242467e-05, 4.98872987009e-06, 4.21081904278e-06, 7.56436475058e-06, 7.18462888472e-06, 4.47638558398e-06, 3.36191146744e-06, 1.80936558536e-06, 1.45262492879e-06, 8.10127403383e-07, 3.14604847063e-07, 1.91836221575e-07, 1.56108896476e-07, 1.27946435668e-07, 1.11979652218e-07, 7.76654118795e-08, 5.23355865312e-08, 3.72745425636e-08, 3.1599959982e-08, 3.010820393e-08, 2.14135198462e-08, 1.63687765564e-08, 1.10794822206e-08, 9.57949630731e-09, 7.23957338522e-09, 5.03173103183e-09, 3.74707065376e-09], "min": [4.98753481351e-24, 7.51122351718e-24, 1.70757935949e-23, 4.96803614408e-24, 2.11551447971e-23, 2.42812822354e-23, 1.62726937504e-23, 2.65265050117e-23, 9.41853062496e-24, 1.36761770135e-23, 2.6220327584e-23, 8.88637846893e-24, 1.11852698192e-23, 9.75821807505e-24, 6.34121578813e-24, 9.76245820242e-24, 8.26367139188e-24, 1.42618462822e-23, 1.03996172113e-23, 7.35272716182e-24, 5.87975858542e-24, 7.87516291808e-24, 5.69312474486e-24, 1.14311475081e-23, 1.9242377983e-23, 1.48854771154e-23, 1.10909378321e-23, 8.25420427215e-24, 1.16285433836e-23, 7.31565858789e-24, 6.28813215453e-24, 6.9415854798e-24, 1.21351388129e-23, 1.34687917924e-23, 8.84524016159e-24, 9.97664892654e-24, 6.63768864897e-24, 7.83120916616e-24, 1.10203032267e-23, 9.77937926884e-24], "var": [6.26228029432e-07, 2.59415537585e-06, 4.39394034402e-06, 2.6512743716e-06, 1.65707524502e-06, 2.19255707634e-06, 7.60527370858e-07, 6.22017978458e-07, 5.53726749786e-07, 2.64107455905e-07, 2.88528866577e-07, 3.75097613414e-07, 4.45133485627e-09, 2.78615641669e-09, 1.26885801865e-09, 1.55024271198e-09, 3.82679576916e-09, 1.26542942791e-09, 6.10559214298e-10, 8.69091798528e-10, 3.44329009749e-10, 2.12190973126e-10, 1.11952710991e-10, 5.33404327652e-11, 6.39261699131e-11, 4.80350308141e-11, 6.17353390631e-11, 1.04690402181e-10, 1.11716413898e-10, 5.88156953696e-11, 2.4865385792e-11, 1.21431874972e-11, 5.22254635371e-12, 2.27134760653e-12, 9.84429660185e-13, 9.02204905836e-13, 2.12736566644e-13, 1.99592295816e-13, 8.68719023583e-14, 7.05130466278e-14]}, "mfcc": {"mean": [-736.197021484, 186.638977051, 7.58491945267, 3.43486213684, -7.20011377335, -8.28269481659, -21.2044639587, -11.3840770721, -4.21489143372, -3.84815692902, -8.93511962891, -7.50844240189, -7.2121796608], "cov": [[14341.0185547, -3615.37866211, -993.05859375, 2244.93896484, 150.678970337, 1612.97851562, 854.091125488, 770.485717773, 595.081848145, 492.425964355, 310.265228271, 544.333618164, 412.10256958], [-3615.37866211, 3713.73388672, -155.282211304, -1227.82287598, 147.598892212, -756.939208984, -392.011383057, -289.372619629, -144.589538574, -236.109451294, -249.496505737, -278.028045654, -119.126472473], [-993.05859375, -155.282211304, 830.616333008, -116.126609802, -155.149749756, -33.313659668, -87.4073028564, -104.197250366, -81.7711791992, -15.1223468781, 29.2290363312, -48.727519989, -81.2005386353], [2244.93896484, -1227.82287598, -116.126609802, 899.085144043, 65.324432373, 447.270172119, 303.990509033, 174.401992798, 129.087356567, 157.97946167, 129.469177246, 189.026016235, 123.890861511], [150.678970337, 147.598892212, -155.149749756, 65.324432373, 383.726867676, 168.237106323, 77.3939971924, 69.4443664551, 67.4215087891, 74.3421020508, 75.2718658447, 115.878395081, 118.707649231], [1612.97851562, -756.939208984, -33.313659668, 447.270172119, 168.237106323, 465.449035645, 218.251647949, 139.643371582, 113.480140686, 128.726074219, 134.878845215, 185.925491333, 149.683105469], [854.091125488, -392.011383057, -87.4073028564, 303.990509033, 77.3939971924, 218.251647949, 235.413513184, 150.871612549, 95.941368103, 75.7725830078, 52.6749572754, 86.8476791382, 89.7119522095], [770.485717773, -289.372619629, -104.197250366, 174.401992798, 69.4443664551, 139.643371582, 150.871612549, 202.82711792, 134.2840271, 59.7967262268, 21.2879981995, 36.116317749, 46.5536117554], [595.081848145, -144.589538574, -81.7711791992, 129.087356567, 67.4215087891, 113.480140686, 95.941368103, 134.2840271, 170.21434021, 89.774848938, 32.4059791565, 39.3012886047, 33.4966621399], [492.425964355, -236.109451294, -15.1223468781, 157.97946167, 74.3421020508, 128.726074219, 75.7725830078, 59.7967262268, 89.774848938, 138.686965942, 101.827148438, 74.9595489502, 47.3814620972], [310.265228271, -249.496505737, 29.2290363312, 129.469177246, 75.2718658447, 134.878845215, 52.6749572754, 21.2879981995, 32.4059791565, 101.827148438, 139.465988159, 103.993087769, 55.7457466125], [544.333618164, -278.028045654, -48.727519989, 189.026016235, 115.878395081, 185.925491333, 86.8476791382, 36.116317749, 39.3012886047, 74.9595489502, 103.993087769, 145.614562988, 102.532684326], [412.10256958, -119.126472473, -81.2005386353, 123.890861511, 118.707649231, 149.683105469, 89.7119522095, 46.5536117554, 33.4966621399, 47.3814620972, 55.7457466125, 102.532684326, 135.050552368]], "icov": [[0.000176466302946, -1.09395041363e-05, 0.000199414324015, -0.000197712390218, 0.000294167140964, -0.000617745972704, 0.00038606900489, -0.000399756070692, 0.000121473451145, -0.000311031501042, 0.000314055883791, -8.07445539976e-05, 7.12554829079e-05], [-1.09395041363e-05, 0.000727101229131, 9.59162280196e-05, 0.000656098825857, -0.000758105830755, 0.000836018705741, -0.000694815709721, 0.00125370244496, -0.000937352480832, 0.000463073520223, -2.58332893281e-05, 0.000635441509075, -0.000502059119754], [0.000199414324015, 9.59162280196e-05, 0.00182972615585, 0.000214861604036, 0.000787196680903, -0.00148703053128, 0.000290369382128, 0.000305745663354, 0.000285755610093, -0.000176862609806, -0.000985390972346, 0.00107759051025, 0.000616861856543], [-0.000197712390218, 0.000656098825857, 0.000214861604036, 0.00391238369048, 4.85208220198e-05, -0.000648944638669, -0.00325552327558, 0.00151106214616, 0.000153278015205, -0.00157004978973, 0.00160279206466, -0.00206214981154, 0.00145731284283], [0.000294167140964, -0.000758105830755, 0.000787196680903, 4.85208220198e-05, 0.00564390188083, -0.00287840282544, 0.00186380906962, -0.00275149429217, 0.00132475304417, -0.00228809984401, 0.00114580627996, -0.00287728942931, -0.00101211667061], [-0.000617745972704, 0.000836018705741, -0.00148703053128, -0.000648944638669, -0.00287840282544, 0.0109314974397, -0.00364410341717, 0.00185891904403, -0.00267510279082, 0.00259075802751, -0.00220362329856, -0.00290023768321, -0.00261612888426], [0.00038606900489, -0.000694815709721, 0.000290369382128, -0.00325552327558, 0.00186380906962, -0.00364410341717, 0.0160354487598, -0.0102717904374, 0.00352015625685, -0.00317199970596, 0.00250139809214, -0.001044984092, -0.00333986151963], [-0.000399756070692, 0.00125370244496, 0.000305745663354, 0.00151106214616, -0.00275149429217, 0.00185891904403, -0.0102717904374, 0.0208503641188, -0.0136086614802, 0.00722694955766, -0.00497662089765, 0.007481391076, -0.00166836369317], [0.000121473451145, -0.000937352480832, 0.000285755610093, 0.000153278015205, 0.00132475304417, -0.00267510279082, 0.00352015625685, -0.0136086614802, 0.0219612494111, -0.0161591153592, 0.0104767726734, -0.00647947983816, 0.00380390370265], [-0.000311031501042, 0.000463073520223, -0.000176862609806, -0.00157004978973, -0.00228809984401, 0.00259075802751, -0.00317199970596, 0.00722694955766, -0.0161591153592, 0.0321347750723, -0.0239667408168, 0.0101089030504, -0.00360104232095], [0.000314055883791, -2.58332893281e-05, -0.000985390972346, 0.00160279206466, 0.00114580627996, -0.00220362329856, 0.00250139809214, -0.00497662089765, 0.0104767726734, -0.0239667408168, 0.035911988467, -0.0229582935572, 0.00686183432117], [-8.07445539976e-05, 0.000635441509075, 0.00107759051025, -0.00206214981154, -0.00287728942931, -0.00290023768321, -0.001044984092, 0.007481391076, -0.00647947983816, 0.0101089030504, -0.0229582935572, 0.0402676276863, -0.0158293619752], [7.12554829079e-05, -0.000502059119754, 0.000616861856543, 0.00145731284283, -0.00101211667061, -0.00261612888426, -0.00333986151963, -0.00166836369317, 0.00380390370265, -0.00360104232095, 0.00686183432117, -0.0158293619752, 0.0218667183071]]}, "spectral_contrast_coeffs": {"dmean": [0.0536730624735, 0.0431899167597, 0.0342983603477, 0.0294756144285, 0.0228421483189, 0.0297565236688], "dmean2": [0.0860349684954, 0.0693820863962, 0.054591588676, 0.0470317006111, 0.0358927696943, 0.0457233265042], "dvar": [0.00259757298045, 0.00175130402204, 0.00113091105595, 0.000852725352161, 0.000510315701831, 0.000887171947397], "dvar2": [0.00611017551273, 0.00414925813675, 0.00259076803923, 0.0020446497947, 0.00118116720114, 0.00214309501462], "max": [-0.200713276863, -0.365263015032, -0.453371882439, -0.563398182392, -0.601759850979, -0.527312755585], "mean": [-0.518116176128, -0.642699301243, -0.71143001318, -0.762490391731, -0.788009345531, -0.794480085373], "median": [-0.529081881046, -0.645451366901, -0.719804108143, -0.770175158978, -0.801281809807, -0.804862260818], "min": [-0.95349240303, -0.965598940849, -0.963705301285, -0.953982949257, -0.961500287056, -0.963449537754], "var": [0.0206310171634, 0.00959492661059, 0.00869750417769, 0.00479619391263, 0.00403330661356, 0.00730575621128]}, "spectral_contrast_valleys": {"dmean": [0.486693799496, 0.388132095337, 0.400790601969, 0.404048085213, 0.46338519454, 0.668762683868], "dmean2": [0.758333384991, 0.611367702484, 0.605111241341, 0.617347180843, 0.621121346951, 0.953540861607], "dvar": [0.278810530901, 0.245896592736, 0.277562469244, 0.293700307608, 0.354538142681, 0.490320205688], "dvar2": [0.517291486263, 0.414023995399, 0.467618823051, 0.517411470413, 0.578308284283, 1.08597040176], "max": [-5.5605711937, -4.57