{"lowlevel": {"average_loudness": 0.960652709007, "barkbands_crest": {"dmean": 2.38740801811, "dmean2": 3.77240633965, "dvar": 5.19863176346, "dvar2": 12.9854726791, "max": 26.1253185272, "mean": 10.9664974213, "median": 9.91270160675, "min": 3.03742194176, "var": 21.2576236725}, "barkbands_flatness_db": {"dmean": 0.0231345184147, "dmean2": 0.0331776589155, "dvar": 0.000620587321464, "dvar2": 0.00113967456855, "max": 0.44420415163, "mean": 0.146449565887, "median": 0.140585467219, "min": 0.0265719499439, "var": 0.00331791560166}, "barkbands_kurtosis": {"dmean": 3.3236644268, "dmean2": 4.92858219147, "dvar": 33.7381401062, "dvar2": 74.5110397339, "max": 245.690216064, "mean": 6.416659832, "median": 3.8326921463, "min": -1.9289855957, "var": 97.1089401245}, "barkbands_skewness": {"dmean": 0.528492629528, "dmean2": 0.777303695679, "dvar": 0.328427016735, "dvar2": 0.691012859344, "max": 13.5796985626, "mean": 1.80791258812, "median": 1.79320883751, "min": -7.71767377853, "var": 2.04987645149}, "barkbands_spread": {"dmean": 8.59482765198, "dmean2": 11.2943372726, "dvar": 148.208450317, "dvar2": 232.027267456, "max": 138.757003784, "mean": 25.0306758881, "median": 17.4569797516, "min": 1.2269667387, "var": 458.245452881}, "dissonance": {"dmean": 0.0209736954421, "dmean2": 0.0342515856028, "dvar": 0.00045850648894, "dvar2": 0.00119255681057, "max": 0.499990999699, "mean": 0.450867265463, "median": 0.45767262578, "min": 0.202305749059, "var": 0.00114760559518}, "dynamic_complexity": 2.6661272049, "erbbands_crest": {"dmean": 2.41151213646, "dmean2": 3.66370177269, "dvar": 6.02800321579, "dvar2": 13.7331609726, "max": 32.0147590637, "mean": 9.75240325928, "median": 8.86945533752, "min": 2.14340233803, "var": 21.5839061737}, "erbbands_flatness_db": {"dmean": 0.019894817844, "dmean2": 0.025598173961, "dvar": 0.000493068888318, "dvar2": 0.000788869161624, "max": 0.4898866117, "mean": 0.144142091274, "median": 0.132631614804, "min": 0.0190129671246, "var": 0.00380087899975}, "erbbands_kurtosis": {"dmean": 1.20835804939, "dmean2": 1.79325997829, "dvar": 4.17730379105, "dvar2": 8.80120754242, "max": 65.9096298218, "mean": 1.03367936611, "median": 0.139705657959, "min": -1.81793308258, "var": 10.2407064438}, "erbbands_skewness": {"dmean": 0.408922821283, "dmean2": 0.577792942524, "dvar": 0.174731224775, "dvar2": 0.349403500557, "max": 5.83714008331, "mean": 0.64375859499, "median": 0.659691691399, "min": -3.47238469124, "var": 0.846362352371}, "erbbands_spread": {"dmean": 12.3910636902, "dmean2": 16.419128418, "dvar": 224.126571655, "dvar2": 354.078918457, "max": 186.078475952, "mean": 47.0559387207, "median": 38.3204994202, "min": 1.38325500488, "var": 828.924438477}, "hfc": {"dmean": 19.0637111664, "dmean2": 24.3827419281, "dvar": 1229.36193848, "dvar2": 2351.26806641, "max": 392.948577881, "mean": 35.0912284851, "median": 18.9805965424, "min": 1.19130088599e-16, "var": 2093.53564453}, "melbands_crest": {"dmean": 3.09524059296, "dmean2": 4.96867609024, "dvar": 8.2806224823, "dvar2": 21.3403053284, "max": 36.473487854, "mean": 15.3296833038, "median": 14.3373699188, "min": 1.49304330349, "var": 33.901309967}, "melbands_flatness_db": {"dmean": 0.0278976224363, "dmean2": 0.0401274263859, "dvar": 0.000934358569793, "dvar2": 0.00172482652124, "max": 0.484170109034, "mean": 0.223782420158, "median": 0.224715694785, "min": 0.00283646467142, "var": 0.00451953196898}, "melbands_kurtosis": {"dmean": 8.6359128952, "dmean2": 12.8561706543, "dvar": 330.407409668, "dvar2": 684.885559082, "max": 720.197692871, "mean": 19.4074401855, "median": 11.1536817551, "min": -1.79400610924, "var": 989.192993164}, "melbands_skewness": {"dmean": 0.746171057224, "dmean2": 1.09228610992, "dvar": 0.770918607712, "dvar2": 1.50528895855, "max": 22.9757671356, "mean": 3.0226495266, "median": 2.68561649323, "min": -3.06118416786, "var": 3.87133693695}, "melbands_spread": {"dmean": 6.0033197403, "dmean2": 8.97647666931, "dvar": 89.6044692993, "dvar2": 178.080352783, "max": 201.961578369, "mean": 19.2514419556, "median": 13.5958585739, "min": 0.559532821178, "var": 325.117950439}, "pitch_salience": {"dmean": 0.062665194273, "dmean2": 0.0999497920275, "dvar": 0.00396640552208, "dvar2": 0.00966249965131, "max": 0.915507853031, "mean": 0.538176238537, "median": 0.55135011673, "min": 0.0587645955384, "var": 0.0145050827414}, "silence_rate_20dB": {"dmean": 0, "dmean2": 0, "dvar": 0, "dvar2": 0, "max": 1, "mean": 1, "median": 1, "min": 1, "var": 0}, "silence_rate_30dB": {"dmean": 0.000425894366344, "dmean2": 0.000851879478432, "dvar": 0.000425760750659, "dvar2": 0.00106417760253, "max": 1, "mean": 0.999680638313, "median": 1, "min": 0, "var": 0.000319267797749}, "silence_rate_60dB": {"dmean": 0.0112862009555, "dmean2": 0.0225748065859, "dvar": 0.0111607564613, "dvar2": 0.0239761844277, "max": 1, "mean": 0.0635579675436, "median": 0, "min": 0, "var": 0.0595134831965}, "spectral_centroid": {"dmean": 241.058242798, "dmean2": 351.942565918, "dvar": 126985.609375, "dvar2": 231593.671875, "max": 10559.6220703, "mean": 1097.06774902, "median": 872.659484863, "min": 254.903701782, "var": 496883.28125}, "spectral_complexity": {"dmean": 3.68377351761, "dmean2": 5.51208591461, "dvar": 29.6401100159, "dvar2": 50.3707923889, "max": 61, "mean": 16.0693073273, "median": 15, "min": 0, "var": 90.5840911865}, "spectral_decrease": {"dmean": 2.2575594727e-09, "dmean2": 3.55593510193e-09, "dvar": 7.05589860155e-18, "dvar2": 1.75133111201e-17, "max": 1.65441350292e-16, "mean": -8.83412187846e-09, "median": -8.84275763724e-09, "min": -2.94147284308e-08, "var": 2.58601210205e-17}, "spectral_energy": {"dmean": 0.00975935906172, "dmean2": 0.0149804390967, "dvar": 0.000135634327307, "dvar2": 0.000320571416523, "max": 0.124424524605, "mean": 0.0365248024464, "median": 0.0363757759333, "min": 1.06384086321e-20, "var": 0.000448551058071}, "spectral_energyband_high": {"dmean": 0.00175331090577, "dmean2": 0.00226444983855, "dvar": 1.25812521219e-05, "dvar2": 2.43634058279e-05, "max": 0.0398624427617, "mean": 0.00229561887681, "median": 0.000457320507849, "min": 7.53600473686e-21, "var": 2.00871218112e-05}, "spectral_energyband_low": {"dmean": 0.00517623219639, "dmean2": 0.00809815432876, "dvar": 6.03566768405e-05, "dvar2": 0.000160740382853, "max": 0.103501670063, "mean": 0.0137702263892, "median": 0.010477701202, "min": 5.15097992998e-23, "var": 0.000177342852112}, "spectral_energyband_middle_high": {"dmean": 0.00139224738814, "dmean2": 0.00193351251073, "dvar": 5.46030651094e-06, "dvar2": 1.05720346255e-05, "max": 0.0479824990034, "mean": 0.00413945224136, "median": 0.00253674061969, "min": 1.81170265023e-21, "var": 2.58138479694e-05}, "spectral_energyband_middle_low": {"dmean": 0.00544010661542, "dmean2": 0.0085305403918, "dvar": 5.57689854759e-05, "dvar2": 0.000138101531775, "max": 0.0895699337125, "mean": 0.0177399739623, "median": 0.0162932649255, "min": 2.48651734116e-22, "var": 0.000159817820531}, "spectral_entropy": {"dmean": 0.224466502666, "dmean2": 0.295051336288, "dvar": 0.0721745938063, "dvar2": 0.12222392112, "max": 9.78836536407, "mean": 7.53288269043, "median": 7.55534791946, "min": 4.37870788574, "var": 0.361811339855}, "spectral_flux": {"dmean": 0.0256371963769, "dmean2": 0.0390039160848, "dvar": 0.00081817060709, "dvar2": 0.0016489198897, "max": 0.281320005655, "mean": 0.0830293148756, "median": 0.0750275924802, "min": 1.03142661079e-10, "var": 0.0023342538625}, "spectral_kurtosis": {"dmean": 1.79072010517, "dmean2": 2.63879728317, "dvar": 7.30602264404, "dvar2": 17.7228374481, "max": 63.5787353516, "mean": 4.73258304596, "median": 3.23420715332, "min": -1.22642874718, "var": 27.6503009796}, "spectral_rms": {"dmean": 0.000773804553319, "dmean2": 0.0011622159509, "dvar": 7.45149748127e-07, "dvar2": 1.65352355452e-06, "max": 0.0110177025199, "mean": 0.00560571346432, "median": 0.00595722766593, "min": 3.22163563188e-12, "var": 4.2099318307e-06}, "spectral_rolloff": {"dmean": 834.636108398, "dmean2": 1329.9864502, "dvar": 3270920, "dvar2": 5741989, "max": 19896.6796875, "mean": 1902.4128418, "median": 624.462890625, "min": 64.599609375, "var": 9583478}, "spectral_skewness": {"dmean": 0.262340128422, "dmean2": 0.369609475136, "dvar": 0.0965630859137, "dvar2": 0.198954835534, "max": 5.56455993652, "mean": 1.7153365612, "median": 1.66112577915, "min": 0.0251814667135, "var": 0.417612046003}, "spectral_spread": {"dmean": 1096268.375, "dmean2": 1276307, "dvar": 1441840758780.0, "dvar2": 1951126650880.0, "max": 41287260, "mean": 6551062.5, "median": 6283887.5, "min": 1041054.125, "var": 8373270478850.0}, "spectral_strongpeak": {"dmean": 0.40674161911, "dmean2": 0.701562821865, "dvar": 0.757561266422, "dvar2": 2.03084135056, "max": 28.7743530273, "mean": 0.851402580738, "median": 0.497302502394, "min": 0, "var": 1.15336441994}, "zerocrossingrate": {"dmean": 0.0211646426469, "dmean2": 0.0205915234983, "dvar": 0.000585353700444, "dvar2": 0.000555955339223, "max": 0.77783203125, "mean": 0.0793092921376, "median": 0.05322265625, "min": 0.00537109375, "var": 0.00742851896212}, "barkbands": {"dmean": [0.000225864700042, 0.00434395065531, 0.00182231550571, 0.00161368167028, 0.00313581712544, 0.00081548752496, 0.00145524321124, 0.000923550396692, 0.000208188357647, 0.000356118165655, 0.000232095640968, 0.000147223370732, 0.000126020458993, 0.000267094583251, 0.000394565868191, 0.000226308358833, 0.000193213985767, 0.00015519624867, 0.000139103329275, 0.00013009995746, 0.000200685011805, 0.000195601038286, 0.000213282852201, 0.000232928709011, 0.000592770637013, 0.000336760684149, 1.23399122458e-05], "dmean2": [0.000289009098196, 0.00681436574087, 0.00272153969854, 0.00268723117188, 0.00516769150272, 0.00121325626969, 0.00229634344578, 0.00134886463638, 0.00031018719892, 0.000542818102986, 0.000348626694176, 0.000236886771745, 0.000196674227482, 0.000393528171116, 0.000580767751671, 0.000349680427462, 0.000293488643365, 0.000234484483371, 0.000204849697184, 0.000192533960217, 0.000289321993478, 0.000266428978648, 0.000318641134072, 0.000332243420416, 0.000770935730543, 0.000430175568908, 1.69844133779e-05], "dvar": [1.35467686846e-07, 4.6713023039e-05, 1.62347769219e-05, 1.31790866362e-05, 2.44988186751e-05, 2.97575820696e-06, 7.58613259677e-06, 3.27274165102e-06, 1.59773847486e-07, 6.83692690018e-07, 2.64094438762e-07, 9.75148424232e-08, 1.26622921925e-07, 6.95970470588e-07, 9.69932216321e-07, 2.86667585669e-07, 3.23557543425e-07, 2.20606892753e-07, 1.1252270582e-07, 1.35329571549e-07, 2.59647379153e-07, 2.09752045066e-07, 3.29937080323e-07, 2.65326406179e-07, 1.2622651866e-06, 4.7854331342e-07, 6.43036512926e-10], "dvar2": [2.84430967668e-07, 0.00012641955982, 3.73320217477e-05, 3.45329244738e-05, 6.39975696686e-05, 7.23415905668e-06, 1.87887053471e-05, 8.2035885498e-06, 3.51015359001e-07, 1.96480891645e-06, 6.05016680311e-07, 2.57571088014e-07, 2.93131364515e-07, 1.6227550077e-06, 1.95737084141e-06, 6.16964484834e-07, 7.2461034506e-07, 4.44070792582e-07, 2.51771950843e-07, 2.62182965116e-07, 5.38685355878e-07, 4.38681837522e-07, 7.85313318374e-07, 6.00963687702e-07, 2.44288889917e-06, 9.35109028433e-07, 1.30817157107e-09], "max": [0.00478855473921, 0.0657868161798, 0.0633162558079, 0.041581377387, 0.0642357692122, 0.0442274734378, 0.0558349005878, 0.0345264226198, 0.00824081432074, 0.0173498596996, 0.0105582159013, 0.00595742464066, 0.0155084785074, 0.0215535759926, 0.0247096829116, 0.0134925292805, 0.025344632566, 0.026863032952, 0.00784401316196, 0.0120479781181, 0.0131198884919, 0.00793078355491, 0.0069028204307, 0.00573373539373, 0.0110200829804, 0.00935663562268, 0.000297840015264], "mean": [0.000487428711494, 0.00940727628767, 0.00269035762176, 0.00233812816441, 0.00653066113591, 0.00225778250024, 0.00311413872987, 0.00252929050475, 0.00050758512225, 0.000810253550299, 0.000474154367112, 0.00027129316004, 0.000255468097748, 0.000489944650326, 0.000799924891908, 0.000435342109995, 0.000330065115122, 0.000236555424635, 0.000188246762264, 0.000177242633072, 0.000251872785157, 0.000259677530266, 0.000239091794356, 0.000291656528134, 0.000707989616785, 0.000428969680797, 1.44076366269e-05], "median": [0.000154535257025, 0.00561852753162, 0.00105406041257, 0.000952389091253, 0.00407181866467, 0.00124031666201, 0.00164237129502, 0.00122372270562, 0.000231387122767, 0.000374118244508, 0.00019147877174, 0.000114464390208, 7.02985707903e-05, 7.70900369389e-05, 0.000196530643734, 0.000123725272715, 9.57909069257e-05, 7.00900782249e-05, 6.91888926667e-05, 4.31222979387e-05, 5.77789905947e-05, 7.06167993485e-05, 7.38422240829e-05, 5.59876898478e-05, 7.16841241228e-05, 2.19483317778e-05, 8.14141230876e-07], "min": [3.13312437929e-24, 2.03637832028e-23, 1.74769088549e-23, 2.14821023988e-23, 3.14714164872e-23, 4.6287694724e-23, 6.25666220532e-23, 1.67422253389e-23, 6.04768032975e-23, 8.69403982297e-23, 6.67747595313e-23, 1.2129577028e-22, 7.97499878766e-23, 1.12217584226e-22, 2.13464700724e-22, 1.21645002158e-22, 1.89299947444e-22, 2.39809120861e-22, 3.66326380405e-22, 4.22842950497e-22, 3.0093576884e-22, 4.51064708128e-22, 5.85600151861e-22, 9.79328026016e-22, 1.04712189917e-21, 1.52947886401e-21, 2.64883063472e-21], "var": [4.64234460651e-07, 0.000113809066534, 2.10845282709e-05, 1.46477432281e-05, 5.3346320783e-05, 9.35676689551e-06, 1.89919392142e-05, 1.42657954711e-05, 6.31131001683e-07, 1.87121554518e-06, 7.03282239556e-07, 1.71764995116e-07, 2.95283086871e-07, 2.20987840294e-06, 2.9782738693e-06, 7.53349411298e-07, 6.04648960234e-07, 6.2870350348e-07, 1.55832282189e-07, 2.30840143445e-07, 3.84349618798e-07, 3.18792416465e-07, 3.4552994066e-07, 3.59074050493e-07, 2.0422110083e-06, 7.70244184878e-07, 9.29985810583e-10]}, "erbbands": {"dmean": [0.130549103022, 1.03569853306, 1.96634209156, 3.60144901276, 8.37872505188, 12.3784799576, 8.56458282471, 5.81620407104, 16.7197399139, 23.1082229614, 14.481552124, 5.10302495956, 10.6596393585, 9.38755226135, 7.51633691788, 6.6625919342, 5.6427898407, 11.7989645004, 17.6352424622, 15.9793653488, 10.4963026047, 8.68910121918, 8.37676715851, 8.77209281921, 5.93820619583, 6.16359901428, 8.94382381439, 6.98708152771, 6.80895805359, 6.37198114395, 5.88777542114, 4.14689254761, 4.18280172348, 4.29735422134, 4.81393575668, 2.65008401871, 0.433003127575, 0.0380689762533, 0.00169110752176, 6.88024956617e-05], "dmean2": [0.190455600619, 1.60782468319, 2.85280060768, 5.66268396378, 14.3850250244, 19.995306015, 13.2895231247, 8.50563049316, 26.0539798737, 35.00573349, 20.7505531311, 7.59191894531, 16.0801296234, 14.0551576614, 11.5896997452, 10.698641777, 8.78670787811, 17.4166984558, 25.8857307434, 23.1201324463, 16.0329055786, 13.1731138229, 12.4090414047, 13.6916751862, 8.77135562897, 9.1380739212, 13.127538681, 9.99500465393, 9.49477577209, 9.01459312439, 8.76293087006, 5.83161878586, 5.78676176071, 5.66617822647, 6.6326622963, 3.40279626846, 0.56208473444, 0.0495513528585, 0.00225267396308, 8.97941499716e-05], "dvar": [0.0408963039517, 2.85740208626, 16.1414356232, 63.3866920471, 275.170806885, 430.756744385, 318.188659668, 170.916503906, 835.260620117, 2035.39562988, 773.457519531, 82.475479126, 941.239013672, 343.847381592, 270.626220703, 191.453384399, 234.957458496, 1456.77722168, 2130.85180664, 1595.12011719, 613.392822266, 584.707824707, 865.402832031, 508.497497559, 209.028320312, 293.104217529, 544.835021973, 330.523132324, 261.166931152, 221.388534546, 250.337387085, 94.3889465332, 86.1118164062, 74.7951812744, 86.5671844482, 27.1666297913, 0.741775393486, 0.00566787319258, 1.1583289961e-05, 1.70231828633e-08], "dvar2": [0.10882024467, 7.31631612778, 36.6287612915, 155.33265686, 774.349060059, 1053.7833252, 807.280639648, 380.873809814, 2072.41381836, 4809.73779297, 1679.66101074, 191.200897217, 2740.95166016, 801.499328613, 650.127563477, 501.491485596, 539.563354492, 3480.7409668, 4499.90283203, 3083.68603516, 1291.60754395, 1282.67712402, 1738.95629883, 1198.31066895, 436.693359375, 550.649414062, 1143.01867676, 698.503479004, 552.09954834, 463.804748535, 596.037963867, 211.477920532, 191.048736572, 134.870864868, 178.587738037, 49.5631713867, 1.33458030224, 0.0107490373775, 2.2029844331e-05, 3.27127800404e-08], "max": [2.42701172829, 17.521270752, 63.109703064, 89.0504379272, 179.154006958, 331.490509033, 444.190216064, 336.872680664, 585.725219727, 1174.7911377, 752.672424316, 200.684951782, 688.433410645, 456.340423584, 306.387969971, 235.512451172, 651.180969238, 1089.53479004, 1026.54333496, 1179.58337402, 721.283752441, 964.325195312, 1840.41650391, 434.514709473, 386.958404541, 544.077026367, 753.744628906, 502.083465576, 338.149627686, 188.695465088, 186.478561401, 119.445091248, 100.094566345, 87.1318511963, 88.7284622192, 74.9737854004, 8.23643302917, 0.715207755566, 0.0409222990274, 0.00166469311807], "mean": [0.317138761282, 1.88027608395, 3.36820483208, 5.93592834473, 13.7209739685, 24.8197975159, 20.3012924194, 17.1169281006, 39.7243156433, 56.4156684875, 41.4711380005, 14.3026771545, 25.1620826721, 20.6089763641, 16.4530448914, 13.1035585403, 12.6887311935, 22.6633205414, 36.937122345, 34.8099021912, 22.6267910004, 15.032242775, 14.0457639694, 11.6062669754, 8.50268268585, 8.45202255249, 10.8427448273, 9.33367824554, 8.90995597839, 7.91122961044, 6.58764886856, 5.11086940765, 5.30040931702, 5.76828479767, 5.67217683792, 3.32228255272, 0.551961362362, 0.0466542728245, 0.0021257782355, 0.000116077979328], "median": [0.135242432356, 1.02083861828, 1.50855958462, 2.92402029037, 6.60755109787, 11.7592430115, 10.9437828064, 9.05682754517, 22.3538417816, 28.1381587982, 20.7169342041, 8.84826278687, 9.5821723938, 10.9479579926, 7.63914012909, 5.61829376221, 3.86029005051, 5.18407011032, 9.05907440186, 9.72673892975, 7.42526388168, 4.76203393936, 4.08471059799, 4.39095783234, 2.97850370407, 2.02427697182, 2.51718306541, 2.1947183609, 2.47557210922, 2.37391471863, 1.91155016422, 1.27000808716, 0.895716547966, 0.821614980698, 0.466008752584, 0.155511185527, 0.0285976342857, 0.00267729349434, 0.000143608718645, 5.35906074219e-05], "min": [8.23574824019e-22, 4.17738932088e-21, 2.3090646633e-20, 4.20235313093e-20, 8.1619365069e-20, 8.42682817338e-20, 4.2345407319e-19, 2.78161246161e-19, 9.22933385901e-19, 4.35217977367e-19, 7.17351396529e-19, 1.38350817136e-18, 1.68968504259e-18, 2.54066539912e-18, 3.39226603772e-18, 4.84721386947e-18, 5.1102428286e-18, 6.62315740973e-18, 1.0268330611e-17, 5.57719042029e-18, 8.74883374016e-18, 8.97655159972e-18, 1.45694663099e-17, 1.83682502596e-17, 1.84603303511e-17, 1.67443756032e-17, 1.6537026239e-17, 1.10447843725e-17, 1.58196108394e-17, 1.61660605497e-17, 1.664837633e-17, 1.71505659517e-17, 1.74434209758e-17, 1.26988668377e-17, 7.17468752778e-18, 4.05129820253e-18, 3.51085768137e-18, 1.51872852346e-18, 3.54744806746e-19, 3.75781883805e-20], "var": [0.144440531731, 5.84007692337, 25.9872760773, 80.0066833496, 348.813537598, 1026.70361328, 821.857849121, 647.730834961, 2451.90698242, 7159.328125, 3200.42749023, 291.38684082, 2662.50830078, 925.097290039, 661.046264648, 370.716796875, 637.232788086, 3633.59008789, 7188.21142578, 5400.01660156, 1772.6048584, 1061.94787598, 2577.04174805, 640.369873047, 335.715240479, 489.120727539, 751.767883301, 524.271362305, 407.173065186, 291.03137207, 266.830657959, 120.230690002, 120.238700867, 130.032775879, 130.702789307, 46.0207862854, 1.26053929329, 0.00919835083187, 1.8590104446e-05, 2.79827574445e-08]}, "gfcc": {"mean": [2.10388445854, 79.5278778076, -86.4268722534, 23.8391647339, -61.1935768127, 13.1937150955, -44.2779579163, 15.7183494568, -22.0708427429, 10.8443260193, -20.829126358, 4.4059009552, -8.55236911774], "cov": [[18653.2207031, 415.192871094, 739.84185791, 939.128417969, -959.835266113, 506.034698486, -948.732849121, 347.512176514, -410.199951172, 507.608856201, -312.488647461, 102.330444336, -268.449371338], [415.192871094, 2090.48193359, -629.540527344, -264.052398682, 25.3546352386, -136.204330444, -83.2512207031, -246.881439209, 186.205368042, -99.4097213745, 131.445388794, -152.603561401, 80.3435745239], [739.84185791, -629.540527344, 1455.78869629, 381.746887207, -273.921173096, 304.448822021, 97.6995925903, 171.549530029, -121.28943634, 195.966506958, -5.27316236496, 99.3835067749, -144.218856812], [939.128417969, -264.052398682, 381.746887207, 480.351745605, -96.2202072144, 66.3322143555, 22.8366317749, 86.164276123, 32.7075195312, 39.7277946472, 14.0566320419, 57.6098937988, -16.7771606445], [-959.835266113, 25.3546352386, -273.921173096, -96.2202072144, 412.882354736, 58.258392334, 43.3403625488, 20.3028182983, 72.7957000732, -22.201335907, -10.6583652496, -14.6670684814, 45.8973350525], [506.034698486, -136.204330444, 304.448822021, 66.3322143555, 58.258392334, 364.961456299, 96.6806869507, 52.5767326355, 8.67996788025, 89.0785064697, 5.4638376236, 33.2980575562, -19.4334964752], [-948.732849121, -83.2512207031, 97.6995925903, 22.8366317749, 43.3403625488, 96.6806869507, 238.415939331, 61.602142334, 28.4822483063, -1.23421299458, 46.4722595215, 28.1865921021, 1.48320043087], [347.512176514, -246.881439209, 171.549530029, 86.164276123, 20.3028182983, 52.5767326355, 61.602142334, 214.713256836, 46.3636627197, 43.8908996582, 4.70166254044, 58.6659049988, -11.5798921585], [-410.199951172, 186.205368042, -121.28943634, 32.7075195312, 72.7957000732, 8.67996788025, 28.4822483063, 46.3636627197, 186.527404785, 10.5492572784, 52.4679908752, 3.73105025291, 49.6824874878], [507.608856201, -99.4097213745, 195.966506958, 39.7277946472, -22.201335907, 89.0785064697, -1.23421299458, 43.8908996582, 10.5492572784, 134.865463257, 20.58867836, 24.6534290314, -24.7910442352], [-312.488647461, 131.445388794, -5.27316236496, 14.0566320419, -10.6583652496, 5.4638376236, 46.4722595215, 4.70166254044, 52.4679908752, 20.58867836, 107.229003906, 28.0178966522, 6.87416553497], [102.330444336, -152.603561401, 99.3835067749, 57.6098937988, -14.6670684814, 33.2980575562, 28.1865921021, 58.6659049988, 3.73105025291, 24.6534290314, 28.0178966522, 91.4943008423, 11.3200750351], [-268.449371338, 80.3435745239, -144.218856812, -16.7771606445, 45.8973350525, -19.4334964752, 1.48320043087, -11.5798921585, 49.6824874878, -24.7910442352, 6.87416553497, 11.3200750351, 90.3036575317]], "icov": [[0.00027528902865, -0.000365583022358, 0.000500874069985, -0.000732258427888, 0.000611037190538, -0.000801441143267, 0.0010875670705, -0.00112206721678, 0.00111007026862, -0.000907531764824, 0.00073880358832, -0.000288552022539, 0.000282773282379], [-0.000365583022358, 0.00133446836844, -0.000608072092291, 0.00125574239064, -0.000607694557402, 0.000901530671399, -0.0011086842278, 0.00201396620832, -0.00224308064207, 0.00163849908859, -0.00218734145164, 0.00151979154907, -0.000572655466385], [0.000500874069985, -0.000608072092291, 0.00260449736379, -0.00215724599548, 0.00189123186283, -0.00229745497927, 0.00158751104027, -0.00256057595834, 0.00283629680052, -0.00282908440568, 0.00160542072263, -0.000798411143478, 0.00161937193479], [-0.000732258427888, 0.00125574239064, -0.00215724599548, 0.00504366401583, -0.00120408309158, 0.00208474160172, -0.00249561225064, 0.00294030131772, -0.00451743183658, 0.00329751940444, -0.0020990211051, 4.75595879834e-05, -0.00077912240522], [0.000611037190538, -0.000607694557402, 0.00189123186283, -0.00120408309158, 0.00488098757342, -0.00290933041833, 0.0019977169577, -0.00297465338372, 0.00145959097426, -0.00184184429236, 0.00234567979351, -0.000162007258041, 0.0001657421235], [-0.000801441143267, 0.000901530671399, -0.00229745497927, 0.00208474160172, -0.00290933041833, 0.00687907449901, -0.00483451737091, 0.00399857060984, -0.00353027298115, 0.00029392587021, -0.000810803496279, -4.64351614937e-05, -0.000824679620564], [0.0010875670705, -0.0011086842278, 0.00158751104027, -0.00249561225064, 0.0019977169577, -0.00483451737091, 0.0105234747753, -0.0059281475842, 0.00438192812726, -0.000952056550886, -0.000843314337544, -0.000334732234478, 0.000736333371606], [-0.00112206721678, 0.00201396620832, -0.00256057595834, 0.00294030131772, -0.00297465338372, 0.00399857060984, -0.0059281475842, 0.0128174889833, -0.0082235718146, 0.00271327537484, -0.000484779826365, -0.00316941505298, 0.00114629499149], [0.00111007026862, -0.00224308064207, 0.00283629680052, -0.00451743183658, 0.00145959097426, -0.00353027298115, 0.00438192812726, -0.0082235718146, 0.0152029721066, -0.00534831173718, -0.00115980883129, 0.00184647261631, -0.00361771462485], [-0.000907531764824, 0.00163849908859, -0.00282908440568, 0.00329751940444, -0.00184184429236, 0.00029392587021, -0.000952056550886, 0.00271327537484, -0.00534831173718, 0.0150746311992, -0.00563260400668, 0.000687221530825, 0.000725320598576], [0.00073880358832, -0.00218734145164, 0.00160542072263, -0.0020990211051, 0.00234567979351, -0.000810803496279, -0.000843314337544, -0.000484779826365, -0.00115980883129, -0.00563260400668, 0.0187569223344, -0.00827964954078, 0.00360316038132], [-0.000288552022539, 0.00151979154907, -0.000798411143478, 4.75595879834e-05, -0.000162007258041, -4.64351614937e-05, -0.000334732234478, -0.00316941505298, 0.00184647261631, 0.000687221530825, -0.00827964954078, 0.0198284238577, -0.00648734299466], [0.000282773282379, -0.000572655466385, 0.00161937193479, -0.00077912240522, 0.0001657421235, -0.000824679620564, 0.000736333371606, 0.00114629499149, -0.00361771462485, 0.000725320598576, 0.00360316038132, -0.00648734299466, 0.0174669269472]]}, "melbands": {"dmean": [0.00117233721539, 0.00103354500607, 0.000705752172507, 0.000774896587245, 0.000331313087372, 0.000137762821396, 0.000281312066363, 0.000246863724897, 0.000104148384708, 3.12844713335e-05, 5.34695536771e-05, 3.81926256523e-05, 2.60904380411e-05, 1.95768898266e-05, 1.23536083265e-05, 1.36618673423e-05, 2.47370626312e-05, 2.85077621811e-05, 2.92369732051e-05, 1.94619315153e-05, 1.19170990729e-05, 9.68331551121e-06, 9.25005133467e-06, 8.25516326586e-06, 7.38765766073e-06, 5.01030126543e-06, 4.10421625929e-06, 4.27561826655e-06, 5.37430696568e-06, 5.25412269781e-06, 3.97933126806e-06, 3.82652660846e-06, 4.05038645113e-06, 3.55036377186e-06, 3.37308529197e-06, 3.46273941432e-06, 2.25927283282e-06, 2.5574584015e-06, 3.77054993805e-06, 3.68031783182e-06], "dmean2": [0.00179541518446, 0.00154451129492, 0.00110998156015, 0.00128276960459, 0.000521569163539, 0.000201459028176, 0.000440446368884, 0.000373227929231, 0.000148615552462, 4.69055084977e-05, 8.08532422525e-05, 5.71785130887e-05, 3.94633716496e-05, 3.14148128382e-05, 1.93294854398e-05, 2.12926352106e-05, 3.66356980521e-05, 4.1963710828e-05, 4.32176057075e-05, 2.9292432373e-05, 1.83947104233e-05, 1.47533019117e-05, 1.38001223604e-05, 1.27382072606e-05, 1.17545205285e-05, 7.48481534174e-06, 6.16946590526e-06, 6.44402507533e-06, 7.901518984e-06, 7.7526210589e-06, 6.03261696597e-06, 5.37935102329e-06, 5.90039144299e-06, 5.14649855177e-06, 5.01390195495e-06, 5.36886864211e-06, 3.18225283991e-06, 3.45556168213e-06, 5.74013347432e-06, 4.81739243696e-06], "dvar": [3.25067549056e-06, 3.25335781781e-06, 2.06098275157e-06, 1.64277003023e-06, 3.48948816509e-07, 8.67878640065e-08, 2.44145468287e-07, 2.22225366997e-07, 3.96595858376e-08, 3.58214946594e-09, 2.31963497299e-08, 5.58177681853e-09, 3.08601788568e-09, 1.64729152541e-09, 5.37267175194e-10, 1.93439397833e-09, 6.4475096373e-09, 6.19268192281e-09, 6.36492725192e-09, 1.98229388459e-09, 8.59819437871e-10, 5.24684018455e-10, 1.46414802504e-09, 6.38894659399e-10, 3.72355007938e-10, 1.50077381078e-10, 1.28425756141e-10, 1.43224057614e-10, 2.1241264303e-10, 1.68332653372e-10, 1.18987542042e-10, 8.4462332961e-11, 9.02769317634e-11, 7.05818806179e-11, 7.76662692492e-11, 1.07239307712e-10, 2.24899404655e-11, 3.28125200622e-11, 7.14314510319e-11, 5.12327229252e-11], "dvar2": [8.96941037354e-06, 7.33406659492e-06, 5.03653109263e-06, 4.29084639109e-06, 8.80817367488e-07, 1.95828192773e-07, 6.17514672285e-07, 5.37669279765e-07, 8.2666282708e-08, 8.59496296357e-09, 6.7355443889e-08, 1.32070523406e-08, 7.13882153391e-09, 4.4161856394e-09, 1.22646603984e-09, 4.66529748167e-09, 1.53988022333e-08, 1.32257200747e-08, 1.32080444359e-08, 4.11543732426e-09, 1.85091386662e-09, 1.12198883517e-09, 3.38695516078e-09, 1.27248866999e-09, 8.92056928326e-10, 3.52452372843e-10, 2.70445665862e-10, 2.73540079476e-10, 4.5550552219e-10, 3.43451850293e-10, 2.72231237552e-10, 1.7763963911e-10, 1.94684782184e-10, 1.52549195498e-10, 1.81246850861e-10, 2.73892852842e-10, 4.71340397268e-11, 7.08311603814e-11, 1.68571545611e-10, 8.13400249933e-11], "max": [0.0184423066676, 0.0277788359672, 0.0152306891978, 0.0174177680165, 0.0122141391039, 0.00651842262596, 0.00937575474381, 0.0103439772502, 0.00502540590242, 0.00145139894448, 0.00340515444987, 0.00177726394031, 0.00116794079076, 0.000869258306921, 0.000595858611632, 0.00196373113431, 0.00245570740663, 0.00193889217917, 0.00207666843198, 0.000949034758378, 0.000803425558843, 0.000710916996468, 0.00180765218101, 0.00182689644862, 0.000391441222746, 0.000314858159982, 0.000381604942959, 0.00034098760807, 0.000475412525702, 0.000341274921084, 0.000307524955133, 0.000195713480935, 0.000154585737619, 9.95061345748e-05, 0.000103797778138, 0.000156502588652, 5.46152805327e-05, 6.28636698821e-05, 8.34169768495e-05, 7.15811838745e-05], "mean": [0.00268160761334, 0.0020639593713, 0.00119393260684, 0.00148161081597, 0.000786118383985, 0.000397535797674, 0.000640636892058, 0.000615653465502, 0.000292514334433, 7.86614327808e-05, 0.000123356687254, 8.03453367553e-05, 5.51826051378e-05, 3.8839498302e-05, 2.74878530035e-05, 2.63726906269e-05, 4.37841845269e-05, 5.55582155357e-05, 5.77879327466e-05, 3.96264440496e-05, 2.37649928749e-05, 1.629502367e-05, 1.35640812005e-05, 1.21814637168e-05, 9.17155739444e-06, 6.4985138124e-06, 5.53916061108e-06, 5.60981106901e-06, 6.42756185698e-06, 6.44378587822e-06, 5.19310742675e-06, 5.06862988914e-06, 4.84504926135e-06, 4.20624019171e-06, 3.64944548892e-06, 3.81150630346e-06, 2.81148481918e-06, 3.25607425111e-06, 4.51376081401e-06, 4.99230600326e-06], "median": [0.00147456326522, 0.00111430312973, 0.000658769975416, 0.000728186685592, 0.000484574266011, 0.000209848891245, 0.000348930305336, 0.000302285101498, 0.000134736998007, 4.27108243457e-05, 4.55278095615e-05, 3.95854622184e-05, 2.36127816606e-05, 1.72447089426e-05, 9.81960511126e-06, 6.88640193403e-06, 7.9895289673e-06, 1.14947306429e-05, 1.36665212267e-05, 1.06860943561e-05, 7.10002768756e-06, 5.01783097206e-06, 3.40973724633e-06, 3.4654508454e-06, 3.28433543473e-06, 2.27985765378e-06, 1.61733316872e-06, 1.20780873658e-06, 1.43952934195e-06, 1.47352932345e-06, 1.17256433896e-06, 1.3570019064e-06, 1.22661663227e-06, 1.31314732243e-06, 1.01979605915e-06, 9.99034568849e-07, 6.208960599e-07, 6.19058994289e-07, 5.44570866623e-07, 7.09280470801e-07], "min": [6.47268734659e-24, 8.78927994669e-24, 8.48641336821e-24, 5.79623123176e-24, 1.16627807357e-23, 7.95577109196e-24, 1.30982527812e-23, 4.15502938984e-24, 7.34192528945e-24, 8.28515522977e-24, 9.3833916048e-24, 1.11946107212e-23, 1.08130024137e-23, 1.15358530161e-23, 1.19777026866e-23, 1.07381253143e-23, 1.16185398385e-23, 1.36842454828e-23, 1.43677650582e-23, 5.00102472942e-24, 1.20844852653e-23, 8.27185976807e-24, 1.2499389025e-23, 1.31899042189e-23, 1.52009205033e-23, 1.27674226613e-23, 1.48302473857e-23, 1.00164635253e-23, 1.1763316325e-23, 7.82202051434e-24, 6.10511563565e-24, 9.13362719815e-24, 8.16420392034e-24, 9.40050515328e-24, 8.91997999919e-24, 9.81295476668e-24, 1.10821625434e-23, 1.21702920325e-23, 1.03334806907e-23, 1.13204529682e-23], "var": [9.26226221054e-06, 7.12273595127e-06, 2.73212594948e-06, 3.53677273779e-06, 9.46425416259e-07, 3.30106217916e-07, 6.58212002236e-07, 8.5970600594e-07, 1.7299873889e-07, 1.19386927011e-08, 6.61960939397e-08, 1.4744354182e-08, 8.60436788486e-09, 3.15530357398e-09, 1.94127958153e-09, 3.6426393013e-09, 1.56289683417e-08, 2.10728359207e-08, 1.750660239e-08, 6.08891204124e-09, 2.31317076604e-09, 1.16903453584e-09, 2.13406692318e-09, 2.26811169846e-09, 4.30178032085e-10, 1.93001198356e-10, 2.06721431639e-10, 2.30171562365e-10, 2.91943608177e-10, 2.48234710565e-10, 1.68779851206e-10, 1.35290348369e-10, 1.19386181496e-10, 8.59645202245e-11, 8.30437593691e-11, 1.01234368111e-10, 3.19926550529e-11, 4.62357999109e-11, 9.0440599454e-11, 9.60119206361e-11]}, "mfcc": {"mean": [-648.309448242, 118.134391785, 23.9769954681, 17.8347663879, 6.54899024963, -0.0270211175084, -6.48230552673, -1.28543591499, 5.51022529602, 0.383764624596, 1.31841003895, -2.74257135391, 3.10605120659], "cov": [[9945.56640625, -161.495193481, 1009.98101807, 330.43081665, 321.888305664, 137.946136475, -64.7790527344, -195.074569702, -27.657087326, -33.3421592712, 98.6828536987, 167.046173096, 146.241836548], [-161.495193481, 1776.0769043, -495.211242676, -235.444152832, 20.8537693024, 35.0498809814, -126.336631775, -127.344093323, -67.8167495728, -0.283812969923, 32.8293800354, -49.944152832, 26.8427753448], [1009.98101807, -495.211242676, 1473.80761719, 242.55430603, -81.5924835205, 129.492279053, 179.873397827, 71.0792694092, 0.525480151176, 6.4625005722, 116.925392151, 189.477554321, 59.805305481], [330.43081665, -235.444152832, 242.55430603, 369.562774658, 8.43734931946, -65.177520752, -19.1671657562, 42.0218887329, 15.3955211639, -19.6075325012, 6.59747076035, 57.2557411194, 33.5458221436], [321.888305664, 20.8537693024, -81.5924835205, 8.43734931946, 252.577865601, 61.3958091736, -12.4117155075, 20.2536010742, 57.7741279602, 45.9731369019, -4.27640151978, 3.07474303246, 16.3784732819], [137.946136475, 35.0498809814, 129.492279053, -65.177520752, 61.3958091736, 256.854003906, 83.1685180664, 8.26274108887, 10.992890358, 46.0680274963, 25.4340019226, 0.560281693935, -3.94599628448], [-64.7790527344, -126.336631775, 179.873397827, -19.1671657562, -12.4117155075, 83.1685180664, 182.617996216, 60.2448616028, 13.5593032837, 19.5470619202, 26.9002246857, 24.5989341736, -4.40507316589], [-195.074569702, -127.344093323, 71.0792694092, 42.0218887329, 20.2536010742, 8.26274108887, 60.2448616028, 175.835113525, 62.2513160706, 40.7525405884, 7.66556501389, 41.489692688, 23.3967552185], [-27.657087326, -67.8167495728, 0.525480151176, 15.3955211639, 57.7741279602, 10.992890358, 13.5593032837, 62.2513160706, 126.210990906, 58.8462333679, -3.04036831856, 5.4660987854, 14.2052230835], [-33.3421592712, -0.283812969923, 6.4625005722, -19.6075325012, 45.9731369019, 46.0680274963, 19.5470619202, 40.7525405884, 58.8462333679, 111.756149292, 29.1375274658, 3.39145731926, 7.58683252335], [98.6828536987, 32.8293800354, 116.925392151, 6.59747076035, -4.27640151978, 25.4340019226, 26.9002246857, 7.66556501389, -3.04036831856, 29.1375274658, 83.7483062744, 60.6083641052, 20.5747509003], [167.046173096, -49.944152832, 189.477554321, 57.2557411194, 3.07474303246, 0.560281693935, 24.5989341736, 41.489692688, 5.4660987854, 3.39145731926, 60.6083641052, 138.323379517, 68.1938858032], [146.241836548, 26.8427753448, 59.805305481, 33.5458221436, 16.3784732819, -3.94599628448, -4.40507316589, 23.3967552185, 14.2052230835, 7.58683252335, 20.5747509003, 68.1938858032, 87.4208145142]], "icov": [[0.000125754624605, 4.06241133533e-06, -9.73353962763e-05, -5.16223917657e-05, -0.000205067990464, -1.668691948e-05, 5.98534825258e-05, 0.000190161910723, 1.59297651408e-05, 6.55341136735e-05, -7.12402834324e-05, 5.33000857104e-05, -0.000168516780832], [4.06241133533e-06, 0.000758839538321, 0.000196383000002, 0.000320616643876, -6.42678833174e-06, -0.000227451193496, 0.000429041712778, 0.000165721401572, 0.000229823956033, 0.000161671167007, -0.000911038659979, 0.000502039853018, -0.000757555477321], [-9.73353962763e-05, 0.000196383000002, 0.00125618744642, -0.000628919689916, 0.000650694419164, -0.00066045532003, -0.000668223830871, 0.000129724590806, -0.000103837111965, 7.1073838626e-05, -0.000528377830051, -0.00109497446101, 0.000253593636444], [-5.16223917657e-05, 0.000320616643876, -0.000628919689916, 0.00381773104891, -0.000478146510432, 0.000964693026617, 0.000968372332864, -0.000803258502856, -0.000155782981892, 0.000745363766328, -2.89447434625e-05, -0.000208282246604, -0.000519997614902], [-0.000205067990464, -6.42678833174e-06, 0.000650694419164, -0.000478146510432, 0.00554961059242, -0.00168606103398, 0.000629960850347, -5.39852262591e-05, -0.00182476500049, -0.0011316157179, 0.00101959879976, -0.000970708206296, -7.43234413676e-05], [-1.668691948e-05, -0.000227451193496, -0.00066045532003, 0.000964693026617, -0.00168606103398, 0.00595658458769, -0.00237448862754, 0.000516766507644, 0.000776150962338, -0.00170456094202, -0.000216640954022, 0.000884971697815, -0.000111336586997], [5.98534825258e-05, 0.000429041712778, -0.000668223830871, 0.000968372332864, 0.000629960850347, -0.00237448862754, 0.00881018396467, -0.00283727771603, -9.95956070255e-05, 0.000908037880436, -0.00189462222625, 0.000145946629345, 0.00110120419413], [0.000190161910723, 0.000165721401572, 0.000129724590806, -0.000803258502856, -5.39852262591e-05, 0.000516766507644, -0.00283727771603, 0.00927125755697, -0.00280274963006, -0.00221815519035, 0.00245194463059, -0.00306353648193, -0.00027972686803], [1.59297651408e-05, 0.000229823956033, -0.000103837111965, -0.000155782981892, -0.00182476500049, 0.000776150962338, -9.95956070255e-05, -0.00280274963006, 0.0133410282433, -0.00623205397278, 0.00284907477908, 0.000173014530446, -0.00127687025815], [6.55341136735e-05, 0.000161671167007, 7.1073838626e-05, 0.000745363766328, -0.0011316157179, -0.00170456094202, 0.000908037880436, -0.00221815519035, -0.00623205397278, 0.0164727736264, -0.00884083192796, 0.00465824548155, -0.00168937817216], [-7.12402834324e-05, -0.000911038659979, -0.000528377830051, -2.89447434625e-05, 0.00101959879976, -0.000216640954022, -0.00189462222625, 0.00245194463059, 0.00284907477908, -0.00884083192796, 0.0251209363341, -0.0129607664421, 0.00432123849168], [5.33000857104e-05, 0.000502039853018, -0.00109497446101, -0.000208282246604, -0.000970708206296, 0.000884971697815, 0.000145946629345, -0.00306353648193, 0.000173014530446, 0.00465824548155, -0.0129607664421, 0.0216186773032, -0.0126112317666], [-0.000168516780832, -0.000757555477321, 0.000253593636444, -0.000519997614902, -7.43234413676e-05, -0.000111336586997, 0.00110120419413, -0.00027972686803, -0.00127687025815, -0.00168937817216, 0.00432123849168, -0.0126112317666, 0.0212933942676]]}, "spectral_contrast_coeffs": {"dmean": [0.0467246137559, 0.0416725575924, 0.0363246798515, 0.0315876640379, 0.0205939747393, 0.0150708612055], "dmean2": [0.0750506967306, 0.0669477432966, 0.0585594214499, 0.0500661917031, 0.0326886028051, 0.0238731130958], "dvar": [0.00168118893635, 0.0012978091836, 0.00117684598081, 0.000930036883801, 0.000358906283509, 0.000198182373424], "dvar2": [0.00415008282289, 0.00325422082096, 0.00286998599768, 0.0021882255096, 0.000777485838626, 0.000436746980995], "max": [-0.290663689375, -0.275370359421, -0.454955488443, -0.503553688526, -0.454988270998, -0.532340407372], "mean": [-0.628626465797, -0.677715778351, -0.733709692955, -0.753821969032, -0.801119625568, -0.791104435921], "median": [-0.632638454437, -0.682340919971, -0.737643718719, -0.761939585209, -0.811202168465, -0.795622289181], "min": [-0.967217743397, -0.973296105862, -0.965876340866, -0.957934081554, -0.957932412624, -0.959568202496], "var": [0.0110855996609, 0.00786469690502, 0.00442137755454, 0.00480644172058, 0.00240319292061, 0.00145147647709]}, "spectral_contrast_valleys": {"dmean": [0.345042228699, 0.32603046298, 0.341640621424, 0.320887416601, 0.333691954613, 0.406321525574], "dmean2": [0.553545296192, 0.528023064137, 0.549969315529, 0.510315895081, 0.44673755765, 0.455213427544], "dvar": [0.115059457719, 0.135319188237, 0.163960859179, 0.167705133557, 0.183315694332, 0.256037205458], "dvar2": [0.254467129707, 0.321823269129, 0.377745687962, 0.393681138754, 0.304971277714, 0.400412708521], "max": [-5.10988950729, -4.93837785721, -5.67587614059, -5.57929039001, -4.89667701721, -7.156492