{"lowlevel": {"average_loudness": 0.929272651672, "barkbands_crest": {"dmean": 2.33373093605, "dmean2": 3.77044272423, "dvar": 6.42845678329, "dvar2": 16.0272121429, "max": 26.7222080231, "mean": 14.2499580383, "median": 13.8793344498, "min": 2.70970082283, "var": 19.807849884}, "barkbands_flatness_db": {"dmean": 0.0399065539241, "dmean2": 0.0591072998941, "dvar": 0.00251861754805, "dvar2": 0.00520306266844, "max": 0.710082828999, "mean": 0.289363503456, "median": 0.282998204231, "min": 0.0514561496675, "var": 0.0115263136104}, "barkbands_kurtosis": {"dmean": 17.2771778107, "dmean2": 26.2066440582, "dvar": 7403.99658203, "dvar2": 13863.1826172, "max": 2543.8347168, "mean": 32.26404953, "median": 14.2134981155, "min": -1.97679674625, "var": 14335.7568359}, "barkbands_skewness": {"dmean": 0.955998420715, "dmean2": 1.47652244568, "dvar": 2.58395004272, "dvar2": 5.10072374344, "max": 40.6441192627, "mean": 2.87339758873, "median": 2.60468578339, "min": -6.60854768753, "var": 9.91497039795}, "barkbands_spread": {"dmean": 3.25855398178, "dmean2": 5.10227775574, "dvar": 39.9841918945, "dvar2": 86.8045196533, "max": 140.843307495, "mean": 8.46591377258, "median": 4.54107666016, "min": 0.0580836348236, "var": 138.57220459}, "dissonance": {"dmean": 0.0311679504812, "dmean2": 0.0511209182441, "dvar": 0.00123166863341, "dvar2": 0.0031736807432, "max": 0.500000119209, "mean": 0.422790765762, "median": 0.43630734086, "min": 0.0934387147427, "var": 0.00374124245718}, "dynamic_complexity": 3.81645345688, "erbbands_crest": {"dmean": 2.57839083672, "dmean2": 3.98472094536, "dvar": 7.99823760986, "dvar2": 18.5051422119, "max": 34.5308647156, "mean": 13.4794120789, "median": 12.6638050079, "min": 2.16372227669, "var": 40.3753890991}, "erbbands_flatness_db": {"dmean": 0.0253411494195, "dmean2": 0.0370869114995, "dvar": 0.00106963305734, "dvar2": 0.00209538079798, "max": 0.595604240894, "mean": 0.217273950577, "median": 0.211664751172, "min": 0.0231466852129, "var": 0.00723181851208}, "erbbands_kurtosis": {"dmean": 3.86834979057, "dmean2": 5.78887176514, "dvar": 64.236541748, "dvar2": 142.452987671, "max": 195.156982422, "mean": 7.27452373505, "median": 1.93262052536, "min": -1.92358458042, "var": 198.962249756}, "erbbands_skewness": {"dmean": 0.589054822922, "dmean2": 0.864899337292, "dvar": 0.591856300831, "dvar2": 1.19092404842, "max": 11.8627185822, "mean": 1.19414937496, "median": 1.0283446312, "min": -9.63437175751, "var": 3.28815722466}, "erbbands_spread": {"dmean": 9.07821559906, "dmean2": 13.4842014313, "dvar": 195.880874634, "dvar2": 401.612091064, "max": 181.571044922, "mean": 33.9529495239, "median": 22.7417106628, "min": 0.418766766787, "var": 996.28314209}, "hfc": {"dmean": 4.5211224556, "dmean2": 6.89343833923, "dvar": 129.243484497, "dvar2": 288.09765625, "max": 640.492736816, "mean": 13.24305439, "median": 9.40555953979, "min": 1.13382917112e-16, "var": 354.149291992}, "melbands_crest": {"dmean": 2.77424001694, "dmean2": 4.5546412468, "dvar": 9.87430858612, "dvar2": 26.0530738831, "max": 39.8535385132, "mean": 18.0535926819, "median": 17.4751739502, "min": 1.9259070158, "var": 40.3363952637}, "melbands_flatness_db": {"dmean": 0.0459264069796, "dmean2": 0.0676051303744, "dvar": 0.00341543531977, "dvar2": 0.00709190405905, "max": 0.840187191963, "mean": 0.38977304101, "median": 0.387523919344, "min": 0.00425166869536, "var": 0.0201886389405}, "melbands_kurtosis": {"dmean": 29.792924881, "dmean2": 47.2651557922, "dvar": 26055.7675781, "dvar2": 62485.1992188, "max": 8056.70507812, "mean": 59.579788208, "median": 21.2854003906, "min": -1.93285036087, "var": 60185.7890625}, "melbands_skewness": {"dmean": 1.16043043137, "dmean2": 1.78497374058, "dvar": 3.87067627907, "dvar2": 8.76794815063, "max": 72.3841094971, "mean": 3.99257588387, "median": 3.07506752014, "min": -4.64667415619, "var": 17.4510669708}, "melbands_spread": {"dmean": 3.14478492737, "dmean2": 5.000477314, "dvar": 47.513092041, "dvar2": 107.346885681, "max": 183.053497314, "mean": 11.8170156479, "median": 3.8187983036, "min": 0.0204438753426, "var": 755.878356934}, "pitch_salience": {"dmean": 0.066690005362, "dmean2": 0.108655206859, "dvar": 0.00592920882627, "dvar2": 0.0148714473471, "max": 0.890676856041, "mean": 0.449628561735, "median": 0.453128963709, "min": 0.0138889765367, "var": 0.0197802241892}, "silence_rate_20dB": {"dmean": 0, "dmean2": 0, "dvar": 0, "dvar2": 0, "max": 1, "mean": 1, "median": 1, "min": 1, "var": 0}, "silence_rate_30dB": {"dmean": 0.0603209063411, "dmean2": 0.120656371117, "dvar": 0.0566771887243, "dvar2": 0.137959629297, "max": 1, "mean": 0.948009669781, "median": 1, "min": 0, "var": 0.0492906607687}, "silence_rate_60dB": {"dmean": 0.00965134520084, "dmean2": 0.0191843621433, "dvar": 0.00955748744309, "dvar2": 0.0200211610645, "max": 1, "mean": 0.0899879336357, "median": 0, "min": 0, "var": 0.0818875283003}, "spectral_centroid": {"dmean": 153.33354187, "dmean2": 234.150314331, "dvar": 86293.4140625, "dvar2": 169185.921875, "max": 10931.0371094, "mean": 681.573059082, "median": 397.646240234, "min": 60.052696228, "var": 620252.0625}, "spectral_complexity": {"dmean": 2.04367232323, "dmean2": 3.32673740387, "dvar": 9.98239040375, "dvar2": 23.0025100708, "max": 42, "mean": 7.90627241135, "median": 7, "min": 0, "var": 25.4351387024}, "spectral_decrease": {"dmean": 4.04231714768e-09, "dmean2": 6.62566490561e-09, "dvar": 3.34349282182e-17, "dvar2": 9.36284147162e-17, "max": 3.13255316295e-17, "mean": -1.35324871309e-08, "median": -1.27602479694e-08, "min": -5.84672257276e-08, "var": 7.96872053165e-17}, "spectral_energy": {"dmean": 0.0155236758292, "dmean2": 0.0254245493561, "dvar": 0.000489067693707, "dvar2": 0.00136667338666, "max": 0.224867969751, "mean": 0.052275840193, "median": 0.0494304709136, "min": 1.05495012566e-20, "var": 0.00117550767027}, "spectral_energyband_high": {"dmean": 0.000245662115049, "dmean2": 0.000376016891096, "dvar": 1.05082153823e-06, "dvar2": 2.29507782024e-06, "max": 0.064127586782, "mean": 0.000401211815188, "median": 3.01837426377e-05, "min": 7.282036055e-21, "var": 2.83256781586e-06}, "spectral_energyband_low": {"dmean": 0.0137877846137, "dmean2": 0.0230065323412, "dvar": 0.000453779939562, "dvar2": 0.00128000264522, "max": 0.19317021966, "mean": 0.0366846546531, "median": 0.0339242815971, "min": 1.15818576486e-22, "var": 0.000832513032947}, "spectral_energyband_middle_high": {"dmean": 0.00107343529817, "dmean2": 0.00162269570865, "dvar": 1.64181474247e-05, "dvar2": 3.56249183824e-05, "max": 0.138911515474, "mean": 0.00242371857166, "median": 0.000450153311249, "min": 1.77539717616e-21, "var": 5.3619092796e-05}, "spectral_energyband_middle_low": {"dmean": 0.0054619666189, "dmean2": 0.00878062937409, "dvar": 8.42792578624e-05, "dvar2": 0.00021624546207, "max": 0.106345109642, "mean": 0.0165701154619, "median": 0.0112880133092, "min": 2.77996652971e-22, "var": 0.00024692498846}, "spectral_entropy": {"dmean": 0.343920499086, "dmean2": 0.511966645718, "dvar": 0.22069247067, "dvar2": 0.457279205322, "max": 9.79610347748, "mean": 6.48015069962, "median": 6.29858160019, "min": 3.8208360672, "var": 1.12124454975}, "spectral_flux": {"dmean": 0.0332851074636, "dmean2": 0.0504980236292, "dvar": 0.00152076524682, "dvar2": 0.00332283996977, "max": 0.378289192915, "mean": 0.0768105238676, "median": 0.0599068403244, "min": 1.02710763505e-10, "var": 0.00397127168253}, "spectral_kurtosis": {"dmean": 7.41771650314, "dmean2": 11.4965000153, "dvar": 166.073730469, "dvar2": 377.445648193, "max": 299.117858887, "mean": 17.2666835785, "median": 8.77388763428, "min": -1.59106910229, "var": 545.211730957}, "spectral_rms": {"dmean": 0.000970837718341, "dmean2": 0.00156830297783, "dvar": 1.56056080414e-06, "dvar2": 4.23512119596e-06, "max": 0.0148115959018, "mean": 0.00655493326485, "median": 0.00694441143423, "min": 3.20814533793e-12, "var": 8.03375769465e-06}, "spectral_rolloff": {"dmean": 161.015548706, "dmean2": 281.640899658, "dvar": 449756.5625, "dvar2": 970793.625, "max": 19616.7480469, "mean": 1124.88562012, "median": 258.3984375, "min": 21.533203125, "var": 12433394}, "spectral_skewness": {"dmean": 0.629886627197, "dmean2": 0.941450893879, "dvar": 0.736908435822, "dvar2": 1.5889351368, "max": 13.5656814575, "mean": 2.89724755287, "median": 2.52289533615, "min": -0.699626684189, "var": 3.26157283783}, "spectral_spread": {"dmean": 652145.4375, "dmean2": 959618.875, "dvar": 1021033054210.0, "dvar2": 1853758373890.0, "max": 38403560, "mean": 4314859, "median": 3727560, "min": 384736.625, "var": 8196924637180.0}, "spectral_strongpeak": {"dmean": 0.317345947027, "dmean2": 0.534218192101, "dvar": 0.560009360313, "dvar2": 1.3125398159, "max": 18.7659111023, "mean": 0.856935799122, "median": 0.551222324371, "min": 0, "var": 1.65780556202}, "zerocrossingrate": {"dmean": 0.00571593595669, "dmean2": 0.00694015668705, "dvar": 0.000106914165372, "dvar2": 0.000113768903248, "max": 0.66748046875, "mean": 0.0438582599163, "median": 0.0166015625, "min": 0.0009765625, "var": 0.0129308113828}, "barkbands": {"dmean": [0.00137306086253, 0.00904782302678, 0.00494428398088, 0.00279879989102, 0.00238955463283, 0.000931919144932, 0.000283650093479, 0.000294341385597, 0.00023037828214, 0.000313897675369, 0.000266611459665, 0.000218394445255, 0.00026364356745, 6.92385729053e-05, 4.7371690016e-05, 5.46882911294e-05, 2.51404435403e-05, 5.4623651522e-05, 4.40721087216e-05, 4.64227377961e-05, 4.16781949752e-05, 4.84609845444e-05, 4.52601561847e-05, 4.13446250604e-05, 6.66182604618e-05, 3.32703325512e-06, 8.6641443886e-07], "dmean2": [0.00214543263428, 0.0148930205032, 0.00824489630759, 0.00482787285, 0.00371303479187, 0.00139429664705, 0.000448623148259, 0.000456426583696, 0.000334734329954, 0.000447329191957, 0.00038237919216, 0.000347954774043, 0.000406571372878, 0.000110699940706, 7.29126477381e-05, 8.76822814462e-05, 4.26358092227e-05, 8.58339262777e-05, 6.90218512318e-05, 7.33097622287e-05, 6.75462943036e-05, 8.02942377049e-05, 7.2301903856e-05, 6.23757950962e-05, 9.9166900327e-05, 5.41253348274e-06, 1.51262509007e-06], "dvar": [1.53644268721e-05, 0.000262554705841, 0.000108162887045, 4.87467150379e-05, 2.15859436139e-05, 5.61227398066e-06, 5.27098052316e-07, 3.65912256939e-07, 4.13611076056e-07, 1.30743637783e-06, 2.48991705121e-06, 3.74140404347e-06, 7.27554242985e-06, 3.54606299879e-08, 2.6694451094e-07, 2.03124130849e-07, 4.42142322754e-09, 5.99662328682e-08, 2.94202369133e-08, 4.42602825501e-08, 2.02063308308e-08, 2.56044909719e-08, 2.65749218187e-08, 3.13731973733e-08, 6.93760284776e-07, 1.39826053513e-10, 8.8551639979e-12], "dvar2": [3.77806536562e-05, 0.000702911114786, 0.000282409280771, 0.000129662992549, 4.89518752147e-05, 1.17049357868e-05, 1.44930947954e-06, 9.28789006593e-07, 8.2320036654e-07, 2.74289664048e-06, 4.37519429397e-06, 7.7118520494e-06, 1.55849011207e-05, 8.19574097477e-08, 4.78785125324e-07, 5.26729024841e-07, 1.12125038143e-08, 1.35209319296e-07, 6.936326713e-08, 9.96545850285e-08, 4.75486281459e-08, 6.45385469511e-08, 6.63868888751e-08, 6.05037371315e-08, 1.56327575951e-06, 3.15302256526e-10, 2.41527197548e-11], "max": [0.0613247156143, 0.189860597253, 0.130529716611, 0.0910382047296, 0.0822243615985, 0.0524362511933, 0.0197556242347, 0.0180898886174, 0.0199731476605, 0.0301368422806, 0.0727347433567, 0.101779960096, 0.13728928566, 0.00528288912028, 0.0411544106901, 0.0303828530014, 0.0022247293964, 0.0106891160831, 0.00414042640477, 0.0132226170972, 0.00474284822121, 0.00230761407875, 0.00323234894313, 0.00724773155525, 0.0587073415518, 0.00043325626757, 3.72627328034e-05], "mean": [0.00244305329397, 0.0186933800578, 0.0119025409222, 0.00507136574015, 0.00697310920805, 0.00231072190218, 0.000602134619839, 0.000674521259498, 0.000576674530748, 0.000819723703898, 0.000581159954891, 0.000367288856069, 0.000435508380178, 9.71869958448e-05, 6.36617478449e-05, 6.7550696258e-05, 2.82223772956e-05, 7.55212022341e-05, 6.23479354545e-05, 6.81145684212e-05, 5.7677647419e-05, 6.62416932755e-05, 6.57322016195e-05, 6.53118477203e-05, 0.000102463258372, 4.06931394537e-06, 7.25545703517e-07], "median": [0.000270852178801, 0.0121667459607, 0.00620706286281, 0.00379692902789, 0.00133260537405, 0.000486803823151, 0.000170695755514, 0.000282463239273, 9.05334454728e-05, 5.86604364798e-05, 3.28620080836e-05, 1.28054825836e-05, 1.33908815769e-05, 9.45322517509e-06, 6.72012174618e-06, 4.62997104478e-06, 2.98075428873e-06, 6.25506891083e-06, 5.33539514436e-06, 4.46455123893e-06, 5.12137557962e-06, 1.57851991389e-06, 1.80039285169e-06, 4.12449708165e-06, 2.79926416624e-06, 4.24760543183e-07, 4.16717895746e-08], "min": [1.93166650145e-23, 5.45086982072e-23, 3.53474498351e-23, 3.23202276657e-23, 5.84327132308e-23, 2.73062971719e-23, 1.00445961984e-22, 1.37150994106e-23, 3.21518437278e-23, 9.61883850156e-23, 1.00813407083e-22, 4.72826344966e-23, 1.58023051434e-22, 2.42117110144e-23, 1.17383184273e-22, 6.46301938288e-23, 2.40586470708e-22, 2.6120600735e-22, 3.01954068362e-22, 5.58324547689e-22, 6.56442486479e-22, 4.60084278661e-22, 5.88552586861e-22, 6.59365336039e-22, 1.28727024285e-21, 1.34577741824e-21, 2.37379186935e-21], "var": [4.04137717851e-05, 0.000458190508652, 0.000205598640605, 4.8655201681e-05, 0.000132315864903, 2.4957505957e-05, 1.73303851625e-06, 1.18476532407e-06, 1.90905120689e-06, 5.36589686817e-06, 1.11277249744e-05, 1.33567418743e-05, 1.94709391508e-05, 8.57957829226e-08, 4.21533172812e-07, 1.79034032044e-07, 5.64732172137e-09, 1.2879557687e-07, 4.26990283131e-08, 1.00586731833e-07, 4.27543938031e-08, 3.74643498446e-08, 4.07769249477e-08, 8.2187241901e-08, 1.48588867432e-06, 3.1105965026e-10, 6.19986614131e-12]}, "erbbands": {"dmean": [0.3597432971, 1.78422045708, 4.26539945602, 9.27582073212, 5.65277099609, 9.36479377747, 11.1867980957, 6.59442329407, 4.10896778107, 6.2622218132, 5.14464998245, 5.90331268311, 7.77819490433, 8.25157260895, 12.1471214294, 10.5054626465, 12.7646131516, 4.41609287262, 2.53407621384, 2.92524647713, 2.37770986557, 1.59356379509, 2.62485074997, 2.84847998619, 1.86417424679, 2.19269585609, 1.70786464214, 1.61606240273, 1.69097387791, 1.71335566044, 1.17163419724, 0.86210334301, 0.757827997208, 1.26999843121, 0.16229121387, 0.0214324817061, 0.00565209658816, 0.00113760994282, 0.000149418818182, 2.29288652918e-05], "dmean2": [0.587787806988, 2.91070246696, 7.12095355988, 15.5574398041, 9.84334564209, 13.9301452637, 16.7610244751, 9.90825939178, 6.26661920547, 9.95334243774, 7.85688781738, 8.41298294067, 11.3768577576, 11.7558193207, 17.6328315735, 16.2683029175, 19.5737361908, 7.10523271561, 3.93627333641, 4.59686422348, 3.74535036087, 2.66583442688, 4.15052366257, 4.4157538414, 2.86682486534, 3.46569633484, 2.65268802643, 2.73212242126, 2.83391332626, 2.7894487381, 1.86817634106, 1.33836221695, 1.12452709675, 1.90681767464, 0.241067662835, 0.0332500115037, 0.00921606551856, 0.00195898371749, 0.000259371532593, 3.77784490411e-05], "dvar": [0.511274576187, 10.3455677032, 68.8555984497, 485.939819336, 185.010818481, 409.187042236, 618.323791504, 369.811096191, 114.84274292, 303.074188232, 109.713790894, 307.070861816, 766.686889648, 1222.08886719, 5999.60400391, 8960.36328125, 17925.390625, 177.67149353, 915.015075684, 391.065429688, 212.892700195, 17.1602725983, 199.635375977, 205.231842041, 44.7253608704, 122.890594482, 45.3751029968, 25.2875022888, 35.6087913513, 36.2052955627, 17.1192913055, 10.7339801788, 16.8303871155, 330.522796631, 1.92959427834, 0.00891374144703, 0.000372542621335, 1.44923405969e-05, 2.49508360639e-07, 1.30667521248e-09], "dvar2": [1.41403901577, 27.0342292786, 185.176269531, 1234.8572998, 504.141174316, 823.255310059, 1381.72888184, 813.65246582, 276.206115723, 881.27142334, 247.545349121, 605.206665039, 1678.31726074, 2457.69091797, 10704.4287109, 17966.453125, 38533.0507812, 418.720153809, 1641.02392578, 934.486999512, 535.453308105, 44.8220939636, 467.732116699, 486.720092773, 99.5871658325, 279.74407959, 94.4211196899, 69.8152236938, 92.7835464478, 93.5273284912, 41.2828063965, 23.1788234711, 30.5412387848, 792.86505127, 3.52511787415, 0.0153097966686, 0.00087497808272, 3.95542592742e-05, 6.80040557199e-07, 3.41697492523e-09], "max": [8.24983310699, 44.5020675659, 93.3254241943, 274.57824707, 243.749771118, 434.485412598, 586.963195801, 553.166992188, 379.615966797, 508.115966797, 418.913909912, 544.122070312, 871.342468262, 1110.17504883, 3582.66967773, 5197.1640625, 6849.17871094, 399.192260742, 2530.18945312, 855.844726562, 935.000732422, 65.5155029297, 348.10647583, 532.380737305, 202.938781738, 798.978393555, 223.731933594, 99.4184494019, 89.4505462646, 85.4210662842, 102.115287781, 82.6081619263, 219.205001831, 1267.03100586, 86.4308776855, 5.85302209854, 0.705774843693, 0.068919852376, 0.00659920461476, 0.000870177405886], "mean": [0.704330742359, 3.61820292473, 9.97151470184, 21.6234893799, 9.47572898865, 29.1314487457, 33.1692008972, 15.903181076, 9.3252325058, 13.2213640213, 13.0526885986, 15.9133062363, 20.6190853119, 19.7640037537, 27.7381458282, 20.9945716858, 21.9609985352, 6.22620487213, 3.45192050934, 4.08120918274, 3.07244515419, 1.8586512804, 3.423609972, 4.17505455017, 3.00979328156, 3.09861540794, 2.77582669258, 2.10567975044, 2.24993824959, 2.4540412426, 1.69856441021, 1.33454608917, 1.22628962994, 1.87620580196, 0.256286293268, 0.0290026627481, 0.00672398600727, 0.00109951326158, 0.000150686595589, 6.61113517708e-05], "median": [0.303825259209, 2.40946602821, 7.06753158569, 14.9803066254, 4.96026229858, 4.00394058228, 5.00157308578, 4.61728382111, 3.20571660995, 4.95180988312, 5.30119991302, 2.77328681946, 2.44541811943, 1.89422440529, 1.87782692909, 0.858853042126, 0.757489442825, 0.606327712536, 0.529590725899, 0.418979942799, 0.261513471603, 0.217118918896, 0.312530636787, 0.372147083282, 0.251481920481, 0.235222250223, 0.252170979977, 0.150219589472, 0.0593114644289, 0.0532030463219, 0.0544329993427, 0.0571316108108, 0.0793623924255, 0.0478326529264, 0.00967651326209, 0.00223434343934, 0.000748561462387, 0.000110558561573, 4.19476455136e-05, 6.03331172897e-05], "min": [2.4685650379e-21, 9.24343638372e-21, 3.37255462099e-20, 8.12932749619e-20, 2.65368949686e-19, 9.00435856848e-20, 8.03788526441e-20, 3.29504967167e-19, 7.08106464111e-19, 1.70973403948e-18, 2.73887695074e-19, 8.71959724821e-19, 2.26367652638e-18, 4.32267879072e-18, 3.08333082934e-18, 1.79944188031e-18, 5.10411383386e-18, 3.53481531345e-18, 3.04090701047e-18, 6.72524597298e-18, 4.12254409587e-18, 1.5900805234e-17, 1.46310151649e-17, 1.35912466534e-17, 2.39130354658e-17, 2.3012525292e-17, 2.30561342539e-17, 2.5923403646e-17, 1.71340603897e-17, 2.09857491571e-17, 1.39487069648e-17, 1.05455750826e-17, 1.45859172779e-17, 1.3522024871e-17, 1.02616627081e-17, 5.51692369522e-18, 2.37770109908e-18, 1.29632395518e-18, 3.10821878111e-19, 3.16170951402e-20], "var": [0.905172884464, 17.1616859436, 112.751487732, 698.434692383, 235.267196655, 2858.76489258, 3622.40795898, 1309.94287109, 373.479064941, 686.131591797, 509.151977539, 1421.65527344, 3131.71826172, 4767.68408203, 26448.4199219, 35375.4101562, 48259.9414062, 364.803466797, 1374.65759277, 599.07232666, 218.950393677, 19.676240921, 244.661605835, 385.549621582, 97.2355804443, 212.268371582, 155.854522705, 31.4738388062, 46.453502655, 54.8232841492, 27.1698074341, 22.7463340759, 51.1476593018, 593.614624023, 5.80315303802, 0.0304522458464, 0.000732626125682, 1.20527975014e-05, 1.83210744353e-07, 2.42911490922e-09]}, "gfcc": {"mean": [-124.577644348, 132.328445435, -59.0257453918, 33.8157348633, -48.8099441528, 13.9302740097, -21.4976863861, 7.7533493042, -15.8606920242, -4.55402994156, -5.74868774414, -7.55374145508, -3.93182611465], "cov": [[39876.9648438, 5392.11035156, -1306.66894531, 1908.92211914, -2119.09838867, 514.656982422, -1032.03442383, -311.034851074, -933.205688477, -545.212890625, -14.977101326, -482.979217529, 30.853351593], [5392.11035156, 3632.42456055, 447.634490967, -381.86618042, 293.962615967, -397.207092285, 136.706756592, -153.353622437, 93.8289031982, -276.595245361, 93.289390564, -268.562927246, 154.201156616], [-1306.66894531, 447.634490967, 1544.39147949, 281.701080322, 168.734634399, -40.4149513245, -56.4480857849, -57.301776886, 0.753966927528, -105.675231934, 7.32656764984, -15.8954057693, 152.576980591], [1908.92211914, -381.86618042, 281.701080322, 1379.6550293, -28.0956935883, 118.54296875, -314.431762695, -175.199188232, -76.1315231323, -131.403121948, -21.6986312866, -39.490776062, 73.8318023682], [-2119.09838867, 293.962615967, 168.734634399, -28.0956935883, 751.284484863, -22.1640663147, 81.1797637939, -115.553031921, 104.342834473, 2.02867555618, 13.9003725052, -0.870369791985, 28.3757190704], [514.656982422, -397.207092285, -40.4149513245, 118.54296875, -22.1640663147, 391.602600098, -26.0393753052, -82.2822570801, -24.2637729645, 14.2171487808, -39.4608917236, 37.024936676, -54.5486373901], [-1032.03442383, 136.706756592, -56.4480857849, -314.431762695, 81.1797637939, -26.0393753052, 332.599487305, 79.2543640137, 51.0866012573, 45.7537002563, 25.3541297913, 20.9452285767, -22.0685501099], [-311.034851074, -153.353622437, -57.301776886, -175.199188232, -115.553031921, -82.2822570801, 79.2543640137, 249.865158081, 37.294593811, 43.3719978333, 20.6649742126, 24.1892051697, 23.1213264465], [-933.205688477, 93.8289031982, 0.753966927528, -76.1315231323, 104.342834473, -24.2637729645, 51.0866012573, 37.294593811, 249.322814941, 43.9885406494, -23.4657936096, 6.23033428192, -7.57583618164], [-545.212890625, -276.595245361, -105.675231934, -131.403121948, 2.02867555618, 14.2171487808, 45.7537002563, 43.3719978333, 43.9885406494, 186.997421265, 35.1392860413, 15.2101993561, -13.6987915039], [-14.977101326, 93.289390564, 7.32656764984, -21.6986312866, 13.9003725052, -39.4608917236, 25.3541297913, 20.6649742126, -23.4657936096, 35.1392860413, 138.17175293, 22.6045055389, 38.9605178833], [-482.979217529, -268.562927246, -15.8954057693, -39.490776062, -0.870369791985, 37.024936676, 20.9452285767, 24.1892051697, 6.23033428192, 15.2101993561, 22.6045055389, 146.669830322, 4.4425330162], [30.853351593, 154.201156616, 152.576980591, 73.8318023682, 28.3757190704, -54.5486373901, -22.0685501099, 23.1213264465, -7.57583618164, -13.6987915039, 38.9605178833, 4.4425330162, 186.918167114]], "icov": [[0.000140343676321, -0.000465271179564, 0.000208959390875, -0.000328245660057, 0.000322967447573, -0.000436459842604, 0.000323486427078, -0.000392929068767, 0.000549318734556, -0.000504176074173, 0.000345552980434, -0.000353733281372, 0.00015184476797], [-0.000465271179564, 0.002123324899, -0.000772507919464, 0.0013770974474, -0.00106048944872, 0.00177270383574, -0.00127950392198, 0.00189975625835, -0.0022547817789, 0.00270195375197, -0.00184943841305, 0.0021850457415, -0.000855786260217], [0.000208959390875, -0.000772507919464, 0.00108015758451, -0.00062736205291, 0.000341963313986, -0.000675577204674, 0.000492540188134, -0.000615875294898, 0.000828956370242, -0.00057522568386, 0.000630755559541, -0.00063904223498, -0.000270677934168], [-0.000328245660057, 0.0013770974474, -0.00062736205291, 0.00196557911113, -0.000710039690603, 0.000884017325006, -6.66235355311e-05, 0.00155846762937, -0.00154580571689, 0.00213174894452, -0.00133246008772, 0.00150257407222, -0.000845441420097], [0.000322967447573, -0.00106048944872, 0.000341963313986, -0.000710039690603, 0.00248602847569, -0.000814359111246, 0.000178698042873, 0.00032404527883, 0.000466170778964, -0.00115969777107, 0.000568238319829, -0.000878938182723, 2.51934252447e-05], [-0.000436459842604, 0.00177270383574, -0.000675577204674, 0.000884017325006, -0.000814359111246, 0.00474505499005, -0.00135407480411, 0.00262135546654, -0.00164687074721, 0.00139273528475, -0.0004859486653, 0.000533517508302, -3.99113669118e-05], [0.000323486427078, -0.00127950392198, 0.000492540188134, -6.66235355311e-05, 0.000178698042873, -0.00135407480411, 0.0050819190219, -0.00219448748976, 0.00111071672291, -0.00150803697761, 0.000355853291694, -0.00123799114954, 0.000965327897575], [-0.000392929068767, 0.00189975625835, -0.000615875294898, 0.00155846762937, 0.00032404527883, 0.00262135546654, -0.00219448748976, 0.00765086850151, -0.00283039361238, 0.00172822817694, -0.0016884553479, 0.00118415046018, -0.00176919146907], [0.000549318734556, -0.0022547817789, 0.000828956370242, -0.00154580571689, 0.000466170778964, -0.00164687074721, 0.00111071672291, -0.00283039361238, 0.00738424761221, -0.00394922494888, 0.00336235342547, -0.00237203971483, 0.000998643226922], [-0.000504176074173, 0.00270195375197, -0.00057522568386, 0.00213174894452, -0.00115969777107, 0.00139273528475, -0.00150803697761, 0.00172822817694, -0.00394922494888, 0.0103892730549, -0.00457691727206, 0.00319216540083, -0.00084814656293], [0.000345552980434, -0.00184943841305, 0.000630755559541, -0.00133246008772, 0.000568238319829, -0.0004859486653, 0.000355853291694, -0.0016884553479, 0.00336235342547, -0.00457691727206, 0.0108240405098, -0.00349531136453, -0.000869279203471], [-0.000353733281372, 0.0021850457415, -0.00063904223498, 0.00150257407222, -0.000878938182723, 0.000533517508302, -0.00123799114954, 0.00118415046018, -0.00237203971483, 0.00319216540083, -0.00349531136453, 0.0101757012308, -0.00119507976342], [0.00015184476797, -0.000855786260217, -0.000270677934168, -0.000845441420097, 2.51934252447e-05, -3.99113669118e-05, 0.000965327897575, -0.00176919146907, 0.000998643226922, -0.00084814656293, -0.000869279203471, -0.00119507976342, 0.00709101324901]]}, "melbands": {"dmean": [0.00282946066, 0.00214043795131, 0.00141567469109, 0.000462080992293, 0.000428562285379, 0.000151895073941, 6.02950312896e-05, 6.8482288043e-05, 4.14041751355e-05, 3.53987852577e-05, 3.92675028706e-05, 3.42667299265e-05, 3.72686736227e-05, 2.89693434752e-05, 3.07892914861e-05, 2.02551163966e-05, 7.31651380192e-06, 4.17130149799e-06, 3.05747357743e-06, 4.72705823995e-06, 2.35239144786e-06, 1.53120129198e-06, 2.25428220801e-06, 2.39329460783e-06, 2.41712268689e-06, 1.45961053022e-06, 1.25533995288e-06, 1.6262255258e-06, 1.16802755201e-06, 9.71464942268e-07, 9.73248802438e-07, 1.02170849914e-06, 9.49927652982e-07, 1.03480692815e-06, 7.5962043411e-07, 5.89306750953e-07, 5.32151602783e-07, 4.92224444315e-07, 8.71186159657e-07, 1.18306320473e-06], "dmean2": [0.00465236324817, 0.00353425485082, 0.00236288551241, 0.00073736126069, 0.000637284945697, 0.000227074924624, 9.26026405068e-05, 0.000108688211185, 6.22975639999e-05, 5.05503885506e-05, 5.73887700739e-05, 4.8886588047e-05, 5.4694548453e-05, 4.40392432211e-05, 4.75789493066e-05, 3.20937433571e-05, 1.17447016237e-05, 6.48385776003e-06, 4.87148145112e-06, 7.46301520849e-06, 3.73000989384e-06, 2.60873389379e-06, 3.64564380106e-06, 3.73661305275e-06, 3.75507238459e-06, 2.30324531003e-06, 1.92309789782e-06, 2.58522868535e-06, 1.81566565516e-06, 1.58181967436e-06, 1.68596920957e-06, 1.75379170742e-06, 1.56736030021e-06, 1.69116026427e-06, 1.27801854433e-06, 9.24382675294e-07, 8.51795448398e-07, 7.53405799969e-07, 1.29261570692e-06, 1.7307708049e-06], "dvar": [2.78091374639e-05, 1.29737236421e-05, 1.07715441118e-05, 8.63637012571e-07, 8.12753057744e-07, 1.71392372295e-07, 2.2850292325e-08, 3.20660511477e-08, 7.59557128305e-09, 1.04303863324e-08, 1.93409324112e-08, 2.34580266323e-08, 4.94249761118e-08, 5.08777446839e-08, 7.05733071982e-08, 3.19352793099e-08, 3.65194902097e-10, 2.13407891358e-09, 5.55325119223e-10, 1.86556947668e-09, 1.15338606721e-10, 1.6298710645e-11, 1.29279045802e-10, 9.58502097137e-11, 1.7521713247e-10, 3.2640588149e-11, 1.90773664227e-11, 9.57790721734e-11, 2.94788984889e-11, 1.65178808131e-11, 1.19303048343e-11, 1.37193390329e-11, 9.88171350302e-12, 1.34991844092e-11, 7.38699119235e-12, 4.38130521446e-12, 4.81878165842e-12, 5.60524673551e-12, 7.5138825717e-11, 3.23790966261e-10], "dvar2": [7.55810397095e-05, 3.46158412867e-05, 2.72146880889e-05, 2.07778089134e-06, 1.80781250947e-06, 3.71116897213e-07, 5.51670993332e-08, 9.18576574804e-08, 1.63097837458e-08, 2.11155484209e-08, 4.24464055016e-08, 4.7067626241e-08, 9.06834358716e-08, 1.00593958052e-07, 1.5387620067e-07, 7.02381512951e-08, 8.29333213215e-10, 3.84259779551e-09, 1.07008513162e-09, 4.79971840051e-09, 2.71941358321e-10, 4.18351811526e-11, 3.04819502972e-10, 2.1217758106e-10, 4.19939721885e-10, 7.71724628645e-11, 3.82857009984e-11, 2.15361076195e-10, 5.67545212216e-11, 3.88153814646e-11, 3.43144332393e-11, 3.73125870479e-11, 2.31970085501e-11, 3.60532367849e-11, 1.83938853732e-11, 1.00230570371e-11, 1.05089027758e-11, 1.21058406355e-11, 1.60735216803e-10, 7.56344376018e-10], "max": [0.0531792938709, 0.0440279506147, 0.0404550284147, 0.0233426298946, 0.0196230504662, 0.0111448364332, 0.00507079251111, 0.00479385070503, 0.00311736902222, 0.0029397488106, 0.00434769457206, 0.00493991374969, 0.00970169436187, 0.0115015171468, 0.0126281147823, 0.00878178607672, 0.000584965222515, 0.00377485016361, 0.00150382099673, 0.00282819848508, 0.000568219751585, 0.00010142645624, 0.000272858771496, 0.000433935318142, 0.000448185950518, 0.000137421637191, 0.000196211738512, 0.000753081287257, 0.000211620383197, 0.000227082899073, 4.95827771374e-05, 5.34089667781e-05, 4.50402148999e-05, 5.74670630158e-05, 6.8559529609e-05, 4.83685980726e-05, 5.90064664721e-05, 9.12120522116e-05, 0.000448947772384, 0.00127942056861], "mean": [0.00582260079682, 0.00531956832856, 0.00328434957191, 0.00118414522149, 0.0013703458244, 0.000366135878721, 0.000134236077429, 0.000146098071127, 0.00010610967729, 9.29872694542e-05, 0.000101430130599, 7.8865676187e-05, 8.10120909591e-05, 5.99145423621e-05, 5.51002485736e-05, 3.13257005473e-05, 1.00372735687e-05, 5.58196734346e-06, 4.12425788454e-06, 6.18402918917e-06, 2.96285247714e-06, 1.72692205069e-06, 2.57091687672e-06, 3.32827926286e-06, 3.42932298736e-06, 2.22369271796e-06, 1.9944000087e-06, 2.10914572563e-06, 1.91088020074e-06, 1.34513902594e-06, 1.18075627142e-06, 1.27230271119e-06, 1.30311946123e-06, 1.40854479014e-06, 1.04551645563e-06, 7.92479056599e-07, 8.25193694709e-07, 7.35539344987e-07, 1.28969395519e-06, 1.69197505784e-06], "median": [0.00336032127962, 0.00469232024625, 0.00237772217952, 0.000260204134975, 0.000197817338631, 9.24765772652e-05, 4.31302250945e-05, 5.779696221e-05, 3.53330869984e-05, 1.41078317029e-05, 9.48958950175e-06, 5.72046792513e-06, 5.01521299157e-06, 2.49825961873e-06, 1.53011819748e-06, 1.06672428046e-06, 8.39555696075e-07, 7.22809261333e-07, 4.77190326365e-07, 4.03973217544e-07, 2.40886379288e-07, 1.71637680069e-07, 2.00372056725e-07, 3.01217568222e-07, 2.55993654719e-07, 1.60151898854e-07, 1.28680625266e-07, 1.38594401733e-07, 1.2721440612e-07, 1.33999208174e-07, 5.30373753804e-08, 2.58388404006e-08, 2.54499141761e-08, 2.54574850089e-08, 2.72280171743e-08, 2.82918826144e-08, 3.152660355e-08, 4.43695213903e-08, 5.77901175802e-08, 2.93183184397e-08], "min": [1.89626005744e-23, 1.56605250662e-23, 2.03501769299e-23, 1.40763582621e-23, 2.74893472174e-24, 6.99031736222e-24, 1.37674292876e-23, 1.54914769073e-23, 1.81922526569e-24, 5.21515628897e-24, 1.14521067535e-23, 1.75445584107e-23, 1.16875146806e-23, 5.7096509864e-24, 7.14902749888e-24, 1.45068696348e-23, 5.23401282562e-24, 3.69002349635e-24, 9.86707535795e-24, 6.27885041712e-24, 4.08148783195e-24, 1.6055010739e-23, 1.66116735922e-23, 9.72538410646e-24, 1.07954652469e-23, 1.22103148906e-23, 2.41936476774e-23, 1.27209548097e-23, 1.49720609106e-23, 1.44773220607e-23, 1.37267398421e-23, 9.33024131245e-24, 9.04026945432e-24, 1.27034547194e-23, 8.27392027276e-24, 5.97294514643e-24, 6.32220069044e-24, 1.06067981174e-23, 8.99289599038e-24, 1.21625682954e-23], "var": [4.94172563776e-05, 2.24050272664e-05, 1.52873981278e-05, 3.92818719774e-06, 5.422574759e-06, 6.69972621381e-07, 7.78639304144e-08, 7.43885664178e-08, 3.75665329955e-08, 4.67752450106e-08, 7.80550095669e-08, 9.17409792578e-08, 2.08534601143e-07, 2.00162119768e-07, 2.11104946857e-07, 7.94821204408e-08, 8.56500370627e-10, 3.28598748212e-09, 9.05686359243e-10, 1.79270054357e-09, 1.61300514612e-10, 1.96207199793e-11, 1.4638364132e-10, 2.04432915041e-10, 3.00334562775e-10, 5.36252188488e-11, 5.54984322387e-11, 1.57571095061e-10, 1.09873207754e-10, 3.53187167013e-11, 1.18093096066e-11, 1.57298132852e-11, 1.58728169497e-11, 1.9423081199e-11, 1.08187486747e-11, 6.77748525704e-12, 1.03213375346e-11, 1.309564783e-11, 1.60130353422e-10, 5.60264890037e-10]}, "mfcc": {"mean": [-766.974975586, 159.255645752, 49.6308174133, 30.3773612976, 10.1669626236, 6.31629228592, 10.8336954117, 7.3122010231, 4.04286336899, 4.29713392258, 1.58351099491, 1.9287481308, -1.34233689308], "cov": [[17267.0820312, 921.835754395, 50.5555953979, 628.050292969, -86.3483963013, 307.408203125, 229.518066406, 4.59154987335, -430.455291748, -246.782943726, -246.10206604, -164.319915771, -256.171356201], [921.835754395, 4018.57958984, 338.283966064, -50.2113494873, 54.234954834, -253.12953186, 178.812225342, 12.7659864426, 149.926116943, 98.3975906372, -9.62666606903, -14.9211893082, 25.4649524689], [50.5555953979, 338.283966064, 1365.37036133, 427.210144043, 250.275588989, 55.1766166687, 35.6904373169, 18.6409091949, 39.6404914856, -89.4525680542, -95.7573623657, -60.1212844849, -65.4641723633], [628.050292969, -50.2113494873, 427.210144043, 806.695251465, 362.457733154, 88.3526992798, 40.4765472412, -29.6021118164, -24.4550361633, -54.3651618958, -117.903762817, -65.6699981689, -47.3941650391], [-86.3483963013, 54.234954834, 250.275588989, 362.457733154, 546.696960449, 182.81237793, 9.44462108612, -18.9109783173, 13.5672969818, -59.941242218, -69.4527587891, -35.2806549072, -29.6186027527], [307.408203125, -253.12953186, 55.1766166687, 88.3526992798, 182.81237793, 452.644104004, -10.979631424, 55.7895584106, -31.3213176727, -50.8494300842, -10.000082016, 3.72038078308, 58.0467033386], [229.518066406, 178.812225342, 35.6904373169, 40.4765472412, 9.44462108612, -10.979631424, 250.033752441, -16.4919700623, -20.2896690369, -6.86075973511, -27.3777294159, -17.553850174, 2.4896967411], [4.59154987335, 12.7659864426, 18.6409091949, -29.6021118164, -18.9109783173, 55.7895584106, -16.4919700623, 188.324630737, 30.5748996735, -13.7817564011, -2.9260904789, 14.4563093185, 45.4339904785], [-430.455291748, 149.926116943, 39.6404914856, -24.4550361633, 13.5672969818, -31.3213176727, -20.2896690369, 30.5748996735, 176.800201416, 62.9148178101, 8.65601825714, -2.57470011711, 27.7008628845], [-246.782943726, 98.3975906372, -89.4525680542, -54.3651618958, -59.941242218, -50.8494300842, -6.86075973511, -13.7817564011, 62.9148178101, 150.040786743, 63.2858467102, 0.644412577152, 4.9773273468], [-246.10206604, -9.62666606903, -95.7573623657, -117.903762817, -69.4527587891, -10.000082016, -27.3777294159, -2.9260904789, 8.65601825714, 63.2858467102, 160.511947632, 63.9299240112, -4.08261680603], [-164.319915771, -14.9211893082, -60.1212844849, -65.6699981689, -35.2806549072, 3.72038078308, -17.553850174, 14.4563093185, -2.57470011711, 0.644412577152, 63.9299240112, 135.893157959, 41.3177909851], [-256.171356201, 25.4649524689, -65.4641723633, -47.3941650391, -29.6186027527, 58.0467033386, 2.4896967411, 45.4339904785, 27.7008628845, 4.9773273468, -4.08261680603, 41.3177909851, 163.953216553]], "icov": [[7.23653574823e-05, -3.3053169318e-05, 2.94311230391e-05, -8.56174592627e-05, 0.00011162886949, -0.000100603057945, -2.52932404692e-05, -2.77540875686e-05, 0.000117600160593, 4.76339482702e-05, 7.6207506936e-05, 8.22269157652e-06, 0.000147573373397], [-3.3053169318e-05, 0.000305466877762, -0.000104265207483, 0.000134587549837, -0.000185516357305, 0.000244150258368, -0.000198392386665, -4.33913555753e-05, -0.000158177906997, -0.000195856890059, -1.08598014776e-05, -7.93812068878e-06, -0.000172331245267], [2.94311230391e-05, -0.000104265207483, 0.000994719448499, -0.000498685054481, 3.77743890567e-05, -0.000114294038212, -4.32259403169e-05, -0.000127812716528, -0.000438742194092, 0.000662299513351, -2.70431428362e-06, 0.000104412021756, 0.00042620729073], [-8.56174592627e-05, 0.000134587549837, -0.000498685054481, 0.00226446823217, -0.00136797945015, 0.00027478922857, -0.000126145358081, 7.77411478339e-05, 0.000458706694189, -0.000726718513761, 0.000900285842363, 1.68443111761e-05, -0.000100514080259], [0.00011162886949, -0.000185516357305, 3.77743890567e-05, -0.00136797945015, 0.00348225538619, -0.00146123906597, 6.19365964667e-05, 0.000579601328354, -0.000910089875106, 0.000988058396615, 0.000346184591763, -0.000119092888781, 0.000970137305558], [-0.000100603057945, 0.000244150258368, -0.000114294038212, 0.00027478922857, -0.00146123906597, 0.00333791202866, 5.97314719926e-05, -0.000829440949019, 0.000662788399495, 0.000310311326757, -0.000843573419843, 0.000522900780197, -0.00165229837876], [-2.52932404692e-05, -0.000198392386665, -4.32259403169e-05, -0.000126145358081, 6.19365964667e-05, 5.97314719926e-05, 0.00434271711856, 0.000327701302012, 0.000655533163808, -0.00019155490736, 0.00051975925453, 0.000297335383948, -0.000396075716708], [-2.77540875686e-05, -4.33913555753e-05, -0.000127812716528, 7.77411478339e-05, 0.000579601328354, -0.000829440949019, 0.000327701302012, 0.00628323946148, -0.00145654997323, 0.00113618280739, -2.121032594e-05, -0.000181690513273, -0.00115612102672], [0.000117600160593, -0.000158177906997, -0.000438742194092, 0.000458706694189, -0.000910089875106, 0.000662788399495, 0.000655533163808, -0.00145654997323, 0.00826618541032, -0.00386666995473, 0.000940661411732, 0.000219947425649, -0.00115089979954], [4.76339482702e-05, -0.000195856890059, 0.000662299513351, -0.000726718513761, 0.000988058396615, 0.000310311326757, -0.00019155490736, 0.00113618280739, -0.00386666995473, 0.0112657705322, -0.00483556510881, 0.00237826863304, -0.000492563296575], [7.6207506936e-05, -1.08598014776e-05, -2.70431428362e-06, 0.000900285842363, 0.000346184591763, -0.000843573419843, 0.00051975925453, -2.121032594e-05, 0.000940661411732, -0.00483556510881, 0.0111852623522, -0.00521975429729, 0.0023209345527], [8.22269157652e-06, -7.93812068878e-06, 0.000104412021756, 1.68443111761e-05, -0.000119092888781, 0.000522900780197, 0.000297335383948, -0.000181690513273, 0.000219947425649, 0.00237826863304, -0.00521975429729, 0.0108150132, -0.00306499679573], [0.000147573373397, -0.000172331245267, 0.00042620729073, -0.000100514080259, 0.000970137305558, -0.00165229837876, -0.000396075716708, -0.00115612102672, -0.00115089979954, -0.000492563296575, 0.0023209345527, -0.00306499679573, 0.00862401444465]]}, "spectral_contrast_coeffs": {"dmean": [0.0409028157592, 0.0413881614804, 0.0382281988859, 0.0293667409569, 0.0247124861926, 0.0215820092708], "dmean2": [0.0671292617917, 0.0662363916636, 0.0591593645513, 0.0461534373462, 0.0379058793187, 0.033479809761], "dvar": [0.00163130299188, 0.00150751858018, 0.00149369076826, 0.000821789784823, 0.000732774962671, 0.000733956054319], "dvar2": [0.00393711635843, 0.00361782428809, 0.00323095801286, 0.00177931925282, 0.00151896977331, 0.00167810299899], "max": [-0.236450850964, -0.309082984924, -0.379973262548, -0.338382661343, -0.513338208199, -0.571578264236], "mean": [-0.63282263279, -0.712942242622, -0.763154745102, -0.803200662136, -0.822160482407, -0.807574868202], "median": [-0.621817290783, -0.719595074654, -0.785531520844, -0.821523845196, -0.834321677685, -0.813969016075], "min": [-0.956316173077, -0.969901740551, -0.976581692696, -0.964117705822, -0.970330297947, -0.962732613087], "var": [0.0146033382043, 0.0106039382517, 0.0118839461356, 0.00628183595836, 0.00435126759112, 0.00268855714239]}, "spectral_contrast_valleys": {"dmean": [0.340784937143, 0.416362524033, 0.488752573729, 0.528420984745, 0.479313462973, 0.410162299871], "dmean2": [0.560070455074, 0.648559093475, 0.71730452776, 0.799967586994, 0.712105631828, 0.584158778191], "dvar": [0.172310143709, 0.24845059216, 0.341361105442, 0.478591740131, 0.4719863832, 0.408337235451], "dvar2": [0.337715685368, 0.486629605293, 0.637627601624, 0.910266816616, 0.934668004513