{"lowlevel": {"average_loudness": 0.566290974617, "barkbands_crest": {"dmean": 2.56144404411, "dmean2": 4.21898984909, "dvar": 5.43937301636, "dvar2": 14.7833557129, "max": 23.7538967133, "mean": 10.5876951218, "median": 10.2363462448, "min": 3.21254849434, "var": 12.5576763153}, "barkbands_flatness_db": {"dmean": 0.0276274178177, "dmean2": 0.0431714430451, "dvar": 0.000791083788499, "dvar2": 0.00189937208779, "max": 0.493998914957, "mean": 0.167120397091, "median": 0.157527193427, "min": 0.0195823404938, "var": 0.00559713644907}, "barkbands_kurtosis": {"dmean": 5.48951101303, "dmean2": 8.8433971405, "dvar": 90.9349517822, "dvar2": 239.770721436, "max": 181.697097778, "mean": 9.75621318817, "median": 4.56386756897, "min": -1.90196359158, "var": 203.615249634}, "barkbands_skewness": {"dmean": 0.661752045155, "dmean2": 1.04678630829, "dvar": 0.545096814632, "dvar2": 1.3876966238, "max": 10.6012153625, "mean": 2.34151101112, "median": 1.96647274494, "min": -2.00306081772, "var": 1.9810962677}, "barkbands_spread": {"dmean": 7.89347839355, "dmean2": 12.1877775192, "dvar": 141.174057007, "dvar2": 307.082794189, "max": 125.048851013, "mean": 19.2034301758, "median": 13.4515714645, "min": 1.00986731052, "var": 311.022857666}, "dissonance": {"dmean": 0.0231456719339, "dmean2": 0.0387040227652, "dvar": 0.000482377887238, "dvar2": 0.00126364163589, "max": 0.500000059605, "mean": 0.449814260006, "median": 0.458684027195, "min": 0.182187244296, "var": 0.00125295063481}, "dynamic_complexity": 4.27002859116, "erbbands_crest": {"dmean": 2.20407676697, "dmean2": 3.43460512161, "dvar": 4.09939241409, "dvar2": 9.31041622162, "max": 26.8366260529, "mean": 8.4469499588, "median": 7.6084356308, "min": 2.08005142212, "var": 15.0454044342}, "erbbands_flatness_db": {"dmean": 0.0199359804392, "dmean2": 0.0286633800715, "dvar": 0.000476032466395, "dvar2": 0.000942974293139, "max": 0.419362545013, "mean": 0.149704933167, "median": 0.128844767809, "min": 0.0220757648349, "var": 0.00671162223443}, "erbbands_kurtosis": {"dmean": 0.78329282999, "dmean2": 1.24458360672, "dvar": 0.861344337463, "dvar2": 2.10415315628, "max": 14.2695636749, "mean": 0.184597671032, "median": -0.196458816528, "min": -1.74439454079, "var": 2.14920783043}, "erbbands_skewness": {"dmean": 0.331215977669, "dmean2": 0.525594055653, "dvar": 0.0965865030885, "dvar2": 0.243338033557, "max": 3.00711297989, "mean": 0.56988722086, "median": 0.55735039711, "min": -3.26188015938, "var": 0.339942187071}, "erbbands_spread": {"dmean": 9.54039096832, "dmean2": 14.2830810547, "dvar": 125.925132751, "dvar2": 245.959457397, "max": 186.963287354, "mean": 43.7571754456, "median": 37.3745651245, "min": 4.36951160431, "var": 595.490356445}, "hfc": {"dmean": 10.1111030579, "dmean2": 16.267457962, "dvar": 486.069671631, "dvar2": 1066.38342285, "max": 318.074432373, "mean": 20.2982997894, "median": 7.48266601562, "min": 1.21145788785e-16, "var": 897.124267578}, "melbands_crest": {"dmean": 3.23119711876, "dmean2": 5.34540128708, "dvar": 8.56663227081, "dvar2": 22.9586639404, "max": 32.609375, "mean": 15.4883928299, "median": 14.7774190903, "min": 2.03809213638, "var": 27.0873432159}, "melbands_flatness_db": {"dmean": 0.0330478660762, "dmean2": 0.051578309387, "dvar": 0.00121354870498, "dvar2": 0.00288262357935, "max": 0.656439423561, "mean": 0.273034393787, "median": 0.268265575171, "min": 0.00716962711886, "var": 0.00748817808926}, "melbands_kurtosis": {"dmean": 11.6633033752, "dmean2": 18.898891449, "dvar": 463.612457275, "dvar2": 1270.92504883, "max": 375.1512146, "mean": 24.3678302765, "median": 13.1447353363, "min": -1.27234733105, "var": 1051.87329102}, "melbands_skewness": {"dmean": 0.828192949295, "dmean2": 1.30415606499, "dvar": 0.838775515556, "dvar2": 2.11840939522, "max": 16.1831665039, "mean": 3.45724248886, "median": 3.05290937424, "min": -0.237259984016, "var": 3.92920279503}, "melbands_spread": {"dmean": 4.24989032745, "dmean2": 7.00121355057, "dvar": 34.2785263062, "dvar2": 85.3665771484, "max": 164.393295288, "mean": 12.7354135513, "median": 11.3042812347, "min": 0.672079741955, "var": 82.9298019409}, "pitch_salience": {"dmean": 0.0767211392522, "dmean2": 0.12669159472, "dvar": 0.00481268763542, "dvar2": 0.0134205808863, "max": 0.880901277065, "mean": 0.527919530869, "median": 0.534907102585, "min": 0.153748065233, "var": 0.011528858915}, "silence_rate_20dB": {"dmean": 0, "dmean2": 0, "dvar": 0, "dvar2": 0, "max": 1, "mean": 1, "median": 1, "min": 1, "var": 0}, "silence_rate_30dB": {"dmean": 0.025467440486, "dmean2": 0.0509430915117, "dvar": 0.0248202495277, "dvar2": 0.0586647093296, "max": 1, "mean": 0.968412578106, "median": 1, "min": 0, "var": 0.0305887125432}, "silence_rate_60dB": {"dmean": 0.0299806576222, "dmean2": 0.0599709823728, "dvar": 0.0290830545127, "dvar2": 0.0676633641124, "max": 1, "mean": 0.14294923842, "median": 0, "min": 0, "var": 0.122525051236}, "spectral_centroid": {"dmean": 221.460876465, "dmean2": 365.912872314, "dvar": 100731.390625, "dvar2": 238780.3125, "max": 11522.9013672, "mean": 869.348571777, "median": 760.33795166, "min": 161.353042603, "var": 238103.984375}, "spectral_complexity": {"dmean": 2.98323655128, "dmean2": 4.92036104202, "dvar": 16.7214241028, "dvar2": 40.9698829651, "max": 57, "mean": 13.8296537399, "median": 10, "min": 0, "var": 97.0418319702}, "spectral_decrease": {"dmean": 3.09042369473e-09, "dmean2": 5.0400212892e-09, "dvar": 2.6648903909e-17, "dvar2": 7.08139727112e-17, "max": 3.42631212587e-29, "mean": -7.85640974499e-09, "median": -4.76346428968e-09, "min": -6.82723424461e-08, "var": 7.45435381873e-17}, "spectral_energy": {"dmean": 0.0121096065268, "dmean2": 0.019619056955, "dvar": 0.000400384451495, "dvar2": 0.0010482709622, "max": 0.267936199903, "mean": 0.0314930453897, "median": 0.0194646157324, "min": 1.08589580863e-20, "var": 0.00116747582797}, "spectral_energyband_high": {"dmean": 0.000750166131184, "dmean2": 0.00122809025925, "dvar": 3.24680627273e-06, "dvar2": 7.59572867537e-06, "max": 0.0293166283518, "mean": 0.00108490535058, "median": 0.000126855200506, "min": 8.34476200153e-21, "var": 4.69727592645e-06}, "spectral_energyband_low": {"dmean": 0.00979209877551, "dmean2": 0.0161624364555, "dvar": 0.000362926337402, "dvar2": 0.000965890358202, "max": 0.244904771447, "mean": 0.0184712391347, "median": 0.00728076696396, "min": 6.35379938175e-23, "var": 0.000720740121324}, "spectral_energyband_middle_high": {"dmean": 0.000763356161769, "dmean2": 0.00121248455252, "dvar": 1.89267052519e-06, "dvar2": 4.40895109932e-06, "max": 0.028591491282, "mean": 0.00242696003988, "median": 0.000893766758963, "min": 1.26780302373e-21, "var": 1.08215826913e-05}, "spectral_energyband_middle_low": {"dmean": 0.00439525442198, "dmean2": 0.00718054361641, "dvar": 5.10853387823e-05, "dvar2": 0.000133272915264, "max": 0.108029842377, "mean": 0.0107750613242, "median": 0.00586346257478, "min": 2.95648154099e-22, "var": 0.000160544630489}, "spectral_entropy": {"dmean": 0.235707804561, "dmean2": 0.350010663271, "dvar": 0.0675963312387, "dvar2": 0.141111433506, "max": 9.797706604, "mean": 7.20598983765, "median": 7.22891235352, "min": 4.31026792526, "var": 0.487204700708}, "spectral_flux": {"dmean": 0.0247711092234, "dmean2": 0.0401100292802, "dvar": 0.000988530809991, "dvar2": 0.0024227690883, "max": 0.40634855628, "mean": 0.0773173943162, "median": 0.0636288747191, "min": 1.04206324125e-10, "var": 0.00341220153496}, "spectral_kurtosis": {"dmean": 4.1428027153, "dmean2": 6.7971944809, "dvar": 56.0932502747, "dvar2": 159.891876221, "max": 255.66003418, "mean": 10.9409322739, "median": 6.64439868927, "min": -1.20417070389, "var": 208.140411377}, "spectral_rms": {"dmean": 0.00090246804757, "dmean2": 0.00143831362948, "dvar": 1.27307237108e-06, "dvar2": 3.24795405504e-06, "max": 0.0161679051816, "mean": 0.00477555161342, "median": 0.00435773655772, "min": 3.25485862221e-12, "var": 7.91895399743e-06}, "spectral_rolloff": {"dmean": 694.50201416, "dmean2": 1196.29272461, "dvar": 3802188.25, "dvar2": 9034079, "max": 18884.6191406, "mean": 1053.8638916, "median": 624.462890625, "min": 64.599609375, "var": 3982945.75}, "spectral_skewness": {"dmean": 0.395680010319, "dmean2": 0.635928452015, "dvar": 0.23905672133, "dvar2": 0.651692390442, "max": 13.1244621277, "mean": 2.24637150764, "median": 1.97363817692, "min": -0.0346229299903, "var": 1.08308410645}, "spectral_spread": {"dmean": 945607.5625, "dmean2": 1275545.625, "dvar": 1792761397250.0, "dvar2": 2744484102140.0, "max": 41161188, "mean": 4930261.5, "median": 4581445.5, "min": 429971.9375, "var": 8228642488320.0}, "spectral_strongpeak": {"dmean": 0.291043579578, "dmean2": 0.493020325899, "dvar": 0.200097024441, "dvar2": 0.529386937618, "max": 13.0453805923, "mean": 0.557924687862, "median": 0.368241518736, "min": 0, "var": 0.336336582899}, "zerocrossingrate": {"dmean": 0.0158372651786, "dmean2": 0.0183143652976, "dvar": 0.000523631286342, "dvar2": 0.000610170827713, "max": 0.50439453125, "mean": 0.0558689758182, "median": 0.0400390625, "min": 0.00439453125, "var": 0.00220497953705}, "barkbands": {"dmean": [0.000598288839683, 0.00629524607211, 0.00429143104702, 0.00160486344248, 0.00240433355793, 0.001171816024, 0.000364747247659, 0.000206362601602, 0.000467674690299, 0.000227077427553, 0.000139362673508, 0.000179102426046, 0.000184045333299, 0.000137305090902, 0.00011548652401, 0.000115128204925, 8.71732627274e-05, 7.37333029974e-05, 8.41215005494e-05, 9.6427203971e-05, 8.89286238817e-05, 6.79066652083e-05, 9.22759281821e-05, 6.70124791213e-05, 0.000146694670548, 0.000171275314642, 0.000220612608246], "dmean2": [0.000944596657064, 0.010543868877, 0.00711192237213, 0.00273741991259, 0.00388832087629, 0.00199989555404, 0.000596869504079, 0.000340069731465, 0.000696675793733, 0.000352795846993, 0.000226655043662, 0.000281313812593, 0.000303601991618, 0.000227199707297, 0.000190450693481, 0.00018929169164, 0.000144143501529, 0.000124853977468, 0.000144507517689, 0.000167481965036, 0.000159470699145, 0.000116758274089, 0.000158769165864, 0.0001118131986, 0.000238075110246, 0.00025273434585, 0.000347458611941], "dvar": [3.02738499158e-06, 0.000174135522684, 8.20589921204e-05, 1.10753662739e-05, 2.36076994042e-05, 5.61525666853e-06, 6.32687317648e-07, 1.40759198075e-07, 9.91106958281e-07, 3.41615816524e-07, 1.19969868706e-07, 2.08375169564e-07, 1.84784425983e-07, 9.29128702865e-08, 5.9967277366e-08, 6.1912501792e-08, 2.39183197692e-08, 2.52675320667e-08, 3.69416817136e-08, 5.55580683681e-08, 7.29931244337e-08, 4.22261976496e-08, 8.60250608525e-08, 2.74110476539e-08, 2.56691066625e-07, 2.43599487249e-07, 2.93891218917e-07], "dvar2": [6.63090395392e-06, 0.000490475271363, 0.000217573295231, 3.00416177197e-05, 5.75306839892e-05, 1.67755606526e-05, 1.53700864303e-06, 3.36374569088e-07, 2.03918716579e-06, 7.15171267984e-07, 3.01813969372e-07, 4.80403741676e-07, 4.84691213387e-07, 2.48697574534e-07, 1.5646925533e-07, 1.59165495006e-07, 6.07900929595e-08, 6.97189008747e-08, 1.0224101743e-07, 1.56777915095e-07, 2.07022324616e-07, 1.16047139898e-07, 2.28592455187e-07, 7.33870919589e-08, 6.86407418016e-07, 5.42208340448e-07, 6.94607649621e-07], "max": [0.0270452164114, 0.157244235277, 0.141510799527, 0.0823330283165, 0.0885767936707, 0.0562462173402, 0.0198993235826, 0.00778585020453, 0.0201592538506, 0.0174973439425, 0.00778314936906, 0.0103682093322, 0.00703051872551, 0.00527064176276, 0.00343523174524, 0.00447672326118, 0.00278766965494, 0.00359705672599, 0.00326617923565, 0.00348575529642, 0.00527992518619, 0.00235160905868, 0.00532938353717, 0.00279555027373, 0.0106794862077, 0.00453153857961, 0.00565866520628], "mean": [0.000794736843091, 0.00952901877463, 0.00691384635866, 0.00217109173536, 0.00442113587633, 0.00216414174065, 0.000645523250569, 0.00035659907735, 0.000966745021287, 0.000413802888943, 0.000249459408224, 0.000328783760779, 0.00032077220385, 0.000233341095736, 0.00018497867859, 0.000202143812203, 0.000147086422658, 0.000125439983094, 0.000155676490976, 0.000179339549504, 0.000115501527034, 9.76449373411e-05, 0.000118231946544, 9.05758643057e-05, 0.000149372615851, 0.000182833013241, 0.000235207568039], "median": [0.000173187756445, 0.00300159910694, 0.00189178518485, 0.000702240213286, 0.00136830657721, 0.000818332540803, 0.000260431377683, 0.000170376632013, 0.000343282415997, 0.000123553676531, 7.09088199073e-05, 8.14625964267e-05, 6.86028943164e-05, 5.2234659961e-05, 4.97559994983e-05, 3.59148543794e-05, 4.43467288278e-05, 2.76603404927e-05, 2.40540794039e-05, 1.31657880047e-05, 1.20576596601e-05, 9.49948935158e-06, 7.65841832617e-06, 8.37348306959e-06, 9.26861866901e-06, 1.72463205672e-05, 1.61998814292e-05], "min": [4.52428926312e-24, 2.44556315395e-23, 2.79133571929e-23, 1.04039030926e-23, 3.09008617934e-23, 4.18725159681e-23, 3.95001493243e-23, 3.39342844095e-23, 1.25674263848e-22, 8.94660026821e-23, 5.0305880807e-23, 2.95309385672e-23, 1.22602742406e-22, 1.07215297319e-22, 5.38899030914e-23, 6.47384697213e-23, 2.29450632491e-22, 3.40146649181e-22, 1.60254429701e-22, 1.55640388577e-22, 5.1326955857e-22, 6.32131636159e-22, 7.55879754112e-22, 8.57146118816e-22, 1.44169987508e-21, 1.6079929656e-21, 2.68296677916e-21], "var": [4.65713719677e-06, 0.000249121541856, 0.00013472957653, 1.81202158274e-05, 6.56064803479e-05, 1.39536186907e-05, 1.49843322106e-06, 3.34553874382e-07, 3.30840293827e-06, 9.54414531407e-07, 2.59596134811e-07, 5.43099019978e-07, 4.07290514204e-07, 1.9593622369e-07, 1.09293353034e-07, 1.65267820762e-07, 5.3228912833e-08, 5.18309306585e-08, 8.31915869526e-08, 1.26373706166e-07, 6.61212595787e-08, 4.96396417304e-08, 1.04666568745e-07, 3.72163455609e-08, 2.10718127391e-07, 2.70131465641e-07, 3.25517987676e-07]}, "erbbands": {"dmean": [0.170542836189, 1.55246901512, 4.89657688141, 5.0044465065, 5.22322320938, 8.91086578369, 12.2497835159, 7.6434135437, 5.54381370544, 4.42076253891, 6.60812139511, 9.76054477692, 6.02080774307, 6.43749570847, 4.67977428436, 6.58857488632, 9.31441020966, 4.813808918, 6.08361911774, 6.61006641388, 6.50193691254, 4.99649810791, 3.76238417625, 4.65733337402, 3.75688385963, 4.65131902695, 3.03119564056, 4.03366708755, 2.4735724926, 2.57183599472, 2.66637778282, 1.46096563339, 1.30110800266, 1.54134964943, 0.991970539093, 0.73341858387, 0.30951321125, 0.0992428287864, 0.0322922766209, 0.00361364916898], "dmean2": [0.286028712988, 2.60204148293, 8.09075641632, 8.45358467102, 8.55466651917, 14.9470643997, 19.7768573761, 13.0563325882, 9.04518508911, 7.5928645134, 9.73220348358, 14.6846952438, 9.56534385681, 10.0913801193, 7.46038579941, 10.4547138214, 15.2092638016, 7.9896030426, 9.91963100433, 11.1104516983, 10.6264972687, 8.28768539429, 6.36981725693, 7.96729516983, 6.48750734329, 8.0557975769, 5.25220108032, 7.37892389297, 4.28316640854, 4.26580238342, 4.7028632164, 2.54299449921, 2.12245488167, 2.55059504509, 1.55707061291, 1.14043533802, 0.458620548248, 0.15340334177, 0.0500300526619, 0.00575607130304], "dvar": [0.175895154476, 11.0245389938, 112.822967529, 92.5757675171, 107.01348114, 385.214141846, 737.217041016, 240.299972534, 170.776733398, 97.7576980591, 196.195297241, 498.214324951, 183.461883545, 310.262542725, 84.2638549805, 273.827514648, 466.152679443, 109.898513794, 166.624435425, 206.065475464, 204.902999878, 78.9160308838, 55.0770683289, 105.73966217, 82.537651062, 128.662765503, 58.3222465515, 203.47164917, 54.6338615417, 56.3850708008, 78.9420471191, 16.4622554779, 13.5077180862, 41.2485122681, 9.83769130707, 5.30973100662, 0.83083486557, 0.0638554617763, 0.00606768159196, 8.30549688544e-05], "dvar2": [0.493390649557, 30.9012699127, 296.081573486, 250.280471802, 257.740966797, 1049.24157715, 1776.30505371, 721.762878418, 412.061859131, 263.875274658, 340.8175354, 1057.35864258, 409.451904297, 669.326477051, 203.415588379, 643.159667969, 1207.71398926, 292.738616943, 424.080322266, 548.389587402, 514.421386719, 204.655792236, 152.301010132, 288.947723389, 230.612228394, 364.072052002, 164.149963379, 580.57244873, 151.710464478, 139.379089355, 221.363357544, 46.278842926, 35.9851570129, 116.726280212, 23.1862335205, 12.2136898041, 1.90232789516, 0.146745711565, 0.0142287863418, 0.000199070025701], "max": [6.73583984375, 41.2534828186, 154.090301514, 194.778457642, 131.640029907, 341.851409912, 512, 349.468841553, 333.1746521, 243.605758667, 386.371459961, 417.765411377, 389.111053467, 442.723083496, 228.758987427, 376.297912598, 344.19342041, 200.936386108, 211.661758423, 236.113616943, 314.959350586, 124.031669617, 88.9374160767, 220.918655396, 206.768737793, 201.891983032, 103.950187683, 298.251373291, 101.787796021, 147.32434082, 160.568191528, 72.1399612427, 86.7720565796, 161.373001099, 28.6061496735, 19.8975582123, 9.67286491394, 2.67760944366, 0.826380431652, 0.0997283831239], "mean": [0.251956880093, 2.24764919281, 8.03636837006, 7.5797700882, 8.69934558868, 13.6894540787, 25.7054138184, 14.332818985, 10.1894397736, 6.93311262131, 14.4639072418, 19.5253410339, 11.6372041702, 12.0604896545, 9.52048873901, 12.8677148819, 17.0607414246, 9.29475307465, 11.0463762283, 11.1635780334, 11.8054237366, 9.01603126526, 6.52313804626, 8.60766983032, 7.06742095947, 8.80100631714, 5.4427652359, 4.30620574951, 3.45825695992, 3.67290115356, 3.26550507545, 1.89488053322, 1.71224343777, 1.61633777618, 1.02502167225, 0.725692033768, 0.332550764084, 0.122199848294, 0.0362080521882, 0.00351765751839], "median": [0.0800518393517, 0.669399619102, 2.21522545815, 3.12700295448, 3.34666752815, 4.53738832474, 6.85840892792, 5.77829456329, 4.01192808151, 3.42876434326, 6.01801776886, 6.9091463089, 4.67607069016, 4.66825532913, 3.58659267426, 3.54412841797, 3.90551137924, 2.38631653786, 2.97045373917, 2.702480793, 2.17554235458, 2.75589036942, 1.79550361633, 1.51660013199, 1.06047177315, 0.579953551292, 0.484409302473, 0.446372121572, 0.356343746185, 0.260675400496, 0.202944383025, 0.170964375138, 0.145262077451, 0.0884954109788, 0.0765422806144, 0.0672477558255, 0.0305466800928, 0.0106048053131, 0.00236663874239, 0.000273767771432], "min": [3.62510918953e-22, 6.96440677771e-21, 2.61558500189e-20, 4.76740149984e-20, 2.67345840265e-20, 1.50087450203e-19, 1.34393145645e-19, 5.60613336653e-19, 4.80140036785e-19, 7.35632863548e-19, 1.63197854491e-18, 2.78867565346e-18, 1.18888094843e-18, 3.65099986152e-18, 2.31938155717e-18, 1.23361756429e-18, 5.7325659586e-18, 6.25320212154e-18, 2.54656464446e-18, 4.23164384199e-18, 3.94830470369e-18, 1.39653134428e-17, 1.84451780566e-17, 1.05825649452e-17, 7.76136951314e-18, 8.9400472921e-18, 1.92731114035e-17, 1.76656248493e-17, 2.03162539847e-17, 2.46314798781e-17, 2.35819630431e-17, 2.05258301191e-17, 1.36155740352e-17, 1.41163069918e-17, 1.07846038098e-17, 7.09427978198e-18, 2.86908670799e-18, 1.23263983681e-18, 3.60245816314e-19, 3.87540417771e-20], "var": [0.2298091501, 14.4024333954, 184.373199463, 156.414505005, 197.870849609, 620.091918945, 3013.18237305, 683.213867188, 423.476867676, 146.294342041, 815.863037109, 1419.20117188, 495.48840332, 655.287353516, 246.944412231, 753.804260254, 1081.30993652, 263.501525879, 365.279174805, 409.653869629, 561.62286377, 185.4165802, 113.822364807, 250.090408325, 169.938720703, 306.047119141, 104.293884277, 144.529922485, 60.69506073, 89.4212722778, 78.2580795288, 19.1320133209, 15.2914295197, 29.0583820343, 9.87577056885, 5.21150970459, 0.900655984879, 0.0797841399908, 0.00728979008272, 8.35193277453e-05]}, "gfcc": {"mean": [-36.2853546143, 110.993469238, -84.2240066528, 13.6125431061, -28.7221183777, -5.07265949249, -22.7323360443, 0.0571896061301, -17.7264251709, -3.06153774261, -13.5195732117, -1.54483687878, -8.16198825836], "cov": [[12267.9326172, -6673.60107422, 2992.13745117, 224.634628296, -300.52822876, 1558.6640625, -509.811218262, 341.037231445, -638.710449219, 552.810668945, -242.864822388, 355.763824463, -240.034210205], [-6673.60107422, 4748.52929688, -2102.94848633, -29.9854030609, 335.150482178, -1025.29260254, 351.002685547, -248.10508728, 371.981414795, -312.887786865, 183.19102478, -257.080200195, 165.781082153], [2992.13745117, -2102.94848633, 1801.47875977, -97.5940551758, -7.61089611053, 685.216369629, -147.687652588, 206.187561035, -148.66217041, 212.060699463, -139.94644165, 146.583236694, -157.407592773], [224.634628296, -29.9854030609, -97.5940551758, 432.060394287, -70.511932373, 13.0821771622, 72.8592605591, -62.3524436951, 16.7746105194, -26.7907943726, 45.6997756958, -25.0768623352, 11.7187290192], [-300.52822876, 335.150482178, -7.61089611053, -70.511932373, 244.513000488, -45.8841362, 26.7042198181, 27.6105880737, 8.78409767151, 17.8142471313, 8.52783203125, -7.56003856659, 10.3559761047], [1558.6640625, -1025.29260254, 685.216369629, 13.0821771622, -45.8841362, 426.712188721, -54.2677307129, 110.810058594, -86.5960998535, 116.115074158, -67.1092453003, 63.3430290222, -78.9286422729], [-509.811218262, 351.002685547, -147.687652588, 72.8592605591, 26.7042198181, -54.2677307129, 156.48008728, 7.06551408768, 46.6655731201, -31.2845802307, 28.5351905823, -28.2946033478, 7.22098731995], [341.037231445, -248.10508728, 206.187561035, -62.3524436951, 27.6105880737, 110.810058594, 7.06551408768, 158.737258911, -2.55034470558, 39.9442481995, -31.5161895752, 37.5111961365, -33.0055122375], [-638.710449219, 371.981414795, -148.66217041, 16.7746105194, 8.78409767151, -86.5960998535, 46.6655731201, -2.55034470558, 123.016387939, -21.2801361084, 4.5651011467, -33.4822654724, 9.70944881439], [552.810668945, -312.887786865, 212.060699463, -26.7907943726, 17.8142471313, 116.115074158, -31.2845802307, 39.9442481995, -21.2801361084, 102.078636169, -3.95047330856, 22.918598175, -19.6435546875], [-242.864822388, 183.19102478, -139.94644165, 45.6997756958, 8.52783203125, -67.1092453003, 28.5351905823, -31.5161895752, 4.5651011467, -3.95047330856, 76.3556137085, 5.57647609711, 20.0269527435], [355.763824463, -257.080200195, 146.583236694, -25.0768623352, -7.56003856659, 63.3430290222, -28.2946033478, 37.5111961365, -33.4822654724, 22.918598175, 5.57647609711, 74.979347229, 6.38335418701], [-240.034210205, 165.781082153, -157.407592773, 11.7187290192, 10.3559761047, -78.9286422729, 7.22098731995, -33.0055122375, 9.70944881439, -19.6435546875, 20.0269527435, 6.38335418701, 69.8241348267]], "icov": [[0.000433594890637, 0.000543503847439, 7.55951768951e-05, -0.000317426776746, -0.000318790029269, -0.000101570847619, 0.000108102001832, 2.30955392908e-05, 0.000548515643459, -0.000606737739872, 0.000242439680733, 4.44720280939e-05, 3.54716612492e-05], [0.000543503847439, 0.00147549982648, 0.000630596710835, -0.000107376756205, -0.00129208911676, 0.000269072072115, -0.000494766805787, 0.000415058631916, -0.000376550800866, -0.00020239087462, 1.51286172922e-07, 0.000309376395307, 0.000515028019436], [7.55951768951e-05, 0.000630596710835, 0.00213398551568, 0.000231339101447, -0.00117784936447, -0.00186129065696, -0.000123342862935, 0.000704444246367, -0.000839384098072, -0.000213725637877, 0.00100860628299, -0.00178106897511, 0.00188115891069], [-0.000317426776746, -0.000107376756205, 0.000231339101447, 0.00359715521336, 0.000635652337223, -0.0013896903256, -0.00152351160068, 0.00124364346266, -0.00122770352755, 0.00165428908076, -0.00245555187576, 0.00110954174306, -0.000599242106546], [-0.000318790029269, -0.00129208911676, -0.00117784936447, 0.000635652337223, 0.00633207755163, 0.00124014599714, -0.000576348393224, -0.001750080497, 0.00152362557128, -0.00198262743652, -0.000375048926799, 0.00132069259416, -0.00187784817535], [-0.000101570847619, 0.000269072072115, -0.00186129065696, -0.0013896903256, 0.00124014599714, 0.00993159785867, -0.00156809273176, -0.00158971780911, 0.00245937122963, -0.00498879281804, 0.00394634483382, -0.00138782174326, 0.00275211245753], [0.000108102001832, -0.000494766805787, -0.000123342862935, -0.00152351160068, -0.000576348393224, -0.00156809273176, 0.0104995574802, -0.00321358931251, -0.00140359345824, 0.00275007612072, -0.00411999551579, 0.00327587802894, -0.000916920427699], [2.30955392908e-05, 0.000415058631916, 0.000704444246367, 0.00124364346266, -0.001750080497, -0.00158971780911, -0.00321358931251, 0.0116287842393, -0.00258677150123, -0.00144218991045, 0.00389621360227, -0.00687580695376, 0.00423009041697], [0.000548515643459, -0.000376550800866, -0.000839384098072, -0.00122770352755, 0.00152362557128, 0.00245937122963, -0.00140359345824, -0.00258677150123, 0.0136937908828, -0.00318624288775, 0.00239308644086, 0.00319094024599, -0.00120875693392], [-0.000606737739872, -0.00020239087462, -0.000213725637877, 0.00165428908076, -0.00198262743652, -0.00498879281804, 0.00275007612072, -0.00144218991045, -0.00318624288775, 0.0191212706268, -0.00734934862703, 0.00229035550728, -0.000955073686782], [0.000242439680733, 1.51286172922e-07, 0.00100860628299, -0.00245555187576, -0.000375048926799, 0.00394634483382, -0.00411999551579, 0.00389621360227, 0.00239308644086, -0.00734934862703, 0.0234760344028, -0.00942237768322, 0.00203092582524], [4.44720280939e-05, 0.000309376395307, -0.00178106897511, 0.00110954174306, 0.00132069259416, -0.00138782174326, 0.00327587802894, -0.00687580695376, 0.00319094024599, 0.00229035550728, -0.00942237768322, 0.0262673515826, -0.00963484216481], [3.54716612492e-05, 0.000515028019436, 0.00188115891069, -0.000599242106546, -0.00187784817535, 0.00275211245753, -0.000916920427699, 0.00423009041697, -0.00120875693392, -0.000955073686782, 0.00203092582524, -0.00963484216481, 0.0232437252998]]}, "melbands": {"dmean": [0.00155647750944, 0.00234540668316, 0.000812988902908, 0.000499691232108, 0.000427000282798, 0.000183480893611, 7.75042572059e-05, 4.62520365545e-05, 7.03440382495e-05, 5.6233475334e-05, 3.18258826155e-05, 2.84141533484e-05, 1.79563066922e-05, 1.488946873e-05, 2.50119064731e-05, 1.70126240846e-05, 9.4904398793e-06, 1.21500579553e-05, 9.0371877377e-06, 7.45130728319e-06, 8.53505935083e-06, 5.81408176004e-06, 3.95018923882e-06, 3.45912303601e-06, 4.04305910706e-06, 3.23088465848e-06, 3.22885216519e-06, 3.28125543092e-06, 2.07527341445e-06, 2.0798256628e-06, 2.41612997343e-06, 1.49503216562e-06, 1.21180744372e-06, 1.58717523391e-06, 1.70043495018e-06, 1.12864131552e-06, 8.73439319093e-07, 7.63886021105e-07, 1.41226837513e-06, 1.28888154904e-06], "dmean2": [0.00261848024093, 0.00387814152054, 0.00135214987677, 0.000808332522865, 0.000700458767824, 0.000313485972583, 0.000126678496599, 7.95340747572e-05, 0.000102307465568, 8.54033205542e-05, 5.04999079567e-05, 4.41730844614e-05, 2.87217535515e-05, 2.40230929194e-05, 3.90473069274e-05, 2.81499360426e-05, 1.58320708579e-05, 1.99879123102e-05, 1.49921716002e-05, 1.23522131616e-05, 1.40171669045e-05, 9.62337890087e-06, 6.70402005198e-06, 5.84507233725e-06, 6.9181037361e-06, 5.60015951123e-06, 5.63105231777e-06, 5.65331811231e-06, 3.55969268639e-06, 3.73597458747e-06, 4.43787848781e-06, 2.65049061454e-06, 2.00993531507e-06, 2.61254081124e-06, 3.01457953356e-06, 1.98479187929e-06, 1.5361848682e-06, 1.23530276142e-06, 2.38824054577e-06, 2.14154761125e-06], "dvar": [1.14880767796e-05, 2.51404126175e-05, 2.23604388339e-06, 1.08047231606e-06, 8.79375079421e-07, 1.35125347356e-07, 3.10227825651e-08, 9.88401804847e-09, 2.43602436001e-08, 1.58738764355e-08, 5.42721689811e-09, 5.79039616255e-09, 1.69212133194e-09, 9.7142216493e-10, 4.83885331803e-09, 1.999828525e-09, 4.64939142741e-10, 7.31643245988e-10, 3.84098197692e-10, 2.9097022014e-10, 4.22867380001e-10, 1.14397762097e-10, 5.71027912455e-11, 5.22853253748e-11, 8.04332989102e-11, 6.28368607147e-11, 6.33036748021e-11, 7.11552136656e-11, 2.85980371328e-11, 3.64224969629e-11, 7.71590499826e-11, 2.01431059332e-11, 1.14722458963e-11, 2.27755331955e-11, 3.52633477974e-11, 1.19861733386e-11, 5.91330586927e-12, 3.13879217756e-12, 3.92103675917e-11, 2.64769386971e-11], "dvar2": [3.19789760397e-05, 6.6698055889e-05, 6.00569455855e-06, 2.61877767116e-06, 2.12651957554e-06, 4.07833937288e-07, 7.57078666425e-08, 2.67720405844e-08, 4.20421386593e-08, 3.45174697713e-08, 1.18448157949e-08, 1.22709344907e-08, 4.10228118142e-09, 2.43842168679e-09, 1.10294671174e-08, 5.3329802796e-09, 1.26046872939e-09, 1.87975968124e-09, 1.04281139279e-09, 7.28862414867e-10, 1.05318875843e-09, 2.96862479043e-10, 1.55462656637e-10, 1.44032549776e-10, 2.19839035864e-10, 1.76188300061e-10, 1.77593689754e-10, 2.00123931315e-10, 8.04370320351e-11, 1.029800481e-10, 2.2091976859e-10, 5.69394288663e-11, 2.96285010415e-11, 5.28708951619e-11, 9.77406072744e-11, 3.42130664077e-11, 1.67888411506e-11, 7.90731282535e-12, 1.12316947409e-10, 7.45008568726e-11], "max": [0.0510685704648, 0.0673589557409, 0.0300976075232, 0.0138876009732, 0.0193549208343, 0.00826749764383, 0.00448171794415, 0.00223152292892, 0.00433994270861, 0.00228025834076, 0.00221390952356, 0.00197532074526, 0.00112257990986, 0.000515096064191, 0.00162896793336, 0.000942441110965, 0.000454376917332, 0.000455593282823, 0.000299237930449, 0.000340509286616, 0.00049155682791, 0.000173020453076, 8.99222723092e-05, 0.000126602622913, 0.000189860860701, 0.000149775165482, 0.000191353901755, 0.000180551505764, 7.37530644983e-05, 0.000117405586934, 0.00016361795133, 6.4784908318e-05, 5.03580486111e-05, 0.000119074087706, 0.000104594881122, 6.35954129393e-05, 4.45419245807e-05, 2.86480481009e-05, 0.000174110566149, 0.000121394114103], "mean": [0.00246292958036, 0.00383492722176, 0.00135059817694, 0.000796318228822, 0.000879519968294, 0.000343873631209, 0.000140080795973, 6.81033125147e-05, 0.000152366919792, 0.000111567889689, 5.84286099183e-05, 5.27367374161e-05, 3.45452754118e-05, 2.61437144218e-05, 4.76292552776e-05, 2.86512440653e-05, 1.63476161106e-05, 1.99773494387e-05, 1.43697925523e-05, 1.25839169414e-05, 1.42565368151e-05, 9.7635338534e-06, 6.26886867394e-06, 5.7248075791e-06, 7.22498634786e-06, 5.64960419069e-06, 5.26954045199e-06, 6.03699891144e-06, 3.68556788999e-06, 2.63000129053e-06, 2.36184246205e-06, 1.94367839867e-06, 1.85534679531e-06, 2.12804457078e-06, 1.98472685042e-06, 1.44656269185e-06, 1.06529182631e-06, 1.08531639853e-06, 1.48630465446e-06, 1.3191505559e-06], "median": [0.000818044878542, 0.00122126040515, 0.000591288204305, 0.000311314652208, 0.000245157571044, 0.000141464784974, 5.50715922145e-05, 3.14234639518e-05, 5.64071051485e-05, 3.93430382246e-05, 1.92713268916e-05, 1.94382264453e-05, 1.12911648102e-05, 7.22571439837e-06, 1.04687096609e-05, 5.63780622542e-06, 3.81352674594e-06, 4.37115613749e-06, 3.73540001419e-06, 2.60035949395e-06, 2.02730939236e-06, 2.86607973976e-06, 1.70642135799e-06, 1.40094641665e-06, 1.12195596103e-06, 9.35462367124e-07, 5.41479721505e-07, 3.31541855303e-07, 3.05609290763e-07, 2.64938165628e-07, 2.40033529053e-07, 1.88297590853e-07, 1.58699634767e-07, 1.32997200808e-07, 1.13026558779e-07, 1.04691302738e-07, 9.65528528241e-08, 1.05077269552e-07, 8.2867728679e-08, 6.7485494526e-08], "min": [5.54542710644e-24, 1.28483503239e-23, 6.81927969619e-24, 5.9482991596e-24, 5.22970761723e-24, 1.10937532767e-23, 7.10276001793e-24, 7.30380595279e-24, 1.84912167405e-23, 1.53886441552e-23, 5.1933178581e-24, 1.49177005056e-23, 6.99250408465e-24, 4.35629660019e-24, 5.75105750645e-24, 1.39738741865e-23, 1.13902908241e-23, 4.12114110865e-24, 5.05383305056e-24, 5.25793345485e-24, 4.59111761471e-24, 1.22146686139e-23, 1.98113581104e-23, 1.46732198893e-23, 7.87347633347e-24, 5.62360598316e-24, 3.78942707015e-24, 6.56668958978e-24, 1.22603444492e-23, 8.31503806972e-24, 1.21986034616e-23, 1.01471856659e-23, 1.4462529341e-23, 1.25086147533e-23, 1.425448621e-23, 1.23714854844e-23, 1.23610385994e-23, 8.43219969136e-24, 1.24086077009e-23, 1.117879406e-23], "var": [1.73591979546e-05, 3.9486130845e-05, 4.2085680434e-06, 1.72080956418e-06, 3.64378865925e-06, 3.73070662363e-07, 7.6341841293e-08, 1.4472687937e-08, 1.0175410381e-07, 4.36865512654e-08, 1.49674015404e-08, 1.33917268386e-08, 4.54294735164e-09, 2.29119034856e-09, 1.34394637641e-08, 3.89363430386e-09, 9.70305058523e-10, 1.46655398936e-09, 7.02183922119e-10, 6.36239616547e-10, 1.06945097222e-09, 2.49903403526e-10, 1.05031504327e-10, 9.58017484787e-11, 1.87995397027e-10, 1.11687499527e-10, 1.11881601206e-10, 1.5810446008e-10, 5.20233335577e-11, 3.41105789448e-11, 5.14834841425e-11, 2.00164711195e-11, 1.76057987633e-11, 3.83324275099e-11, 3.34900614185e-11, 1.27251221713e-11, 6.25509106317e-12, 4.99152282007e-12, 2.654015549e-11, 1.89160249964e-11]}, "mfcc": {"mean": [-695.399658203, 154.35635376, 10.7654275894, 25.5706882477, 13.1219148636, 2.7442419529, 5.35055589676, 2.80628180504, 1.44509732723, 0.766514480114, -0.979384064674, -2.1220843792, -2.3850338459], "cov": [[8781.421875, -3739.02441406, 1018.39477539, 101.97026062, 36.60313797, 786.412963867, 280.369903564, 28.5167331696, -85.0587921143, 33.1460533142, -74.1100158691, -37.3884162903, 83.6001815796], [-3739.02441406, 2401.82470703, -736.809020996, -33.3063087463, 61.442527771, -387.475067139, -88.2337722778, -51.3040122986, 47.7989196777, -0.353498220444, 12.6418037415, 46.8097991943, -19.7164840698], [1018.39477539, -736.809020996, 821.847167969, -35.8966331482, 46.2110671997, 277.77734375, 38.282371521, 103.056236267, 38.9489440918, 17.1718616486, 62.8346138, 19.6374797821, 32.94506073], [101.97026062, -33.3063087463, -35.8966331482, 218.844573975, 8.52613258362, 7.02515506744, 41.9595909119, -3.60111570358, -9.33087539673, 7.77466630936, -4.42079973221, 2.80896782875, 9.62330341339], [36.60313797, 61.442527771, 46.2110671997, 8.52613258362, 149.584243774, 34.9617843628, 7.25238370895, 9.93734931946, 16.4211750031, 7.57151889801, -0.866700172424, 20.7533798218, 29.943113327], [786.412963867, -387.475067139, 277.77734375, 7.02515506744, 34.9617843628, 224.210998535, 62.1175003052, 15.1817302704, 8.5465669632, 16.3970489502, 7.84724187851, 12.5938644409, 23.996723175], [280.369903564, -88.2337722778, 38.282371521, 41.9595909119, 7.25238370895, 62.1175003052, 129.864822388, 29.3899803162, 0.48178756237, 16.7741985321, 16.7478561401, -3.39937806129, 5.84092998505], [28.5167331696, -51.3040122986, 103.056236267, -3.60111570358, 9.93734931946, 15.1817302704, 29.3899803162, 107.949882507, 35.341796875, 14.0602350235, 32.96326828, -1.64777684212, -4.36166763306], [-85.0587921143, 47.7989196777, 38.9489440918, -9.33087539673, 16.4211750031, 8.5465669632, 0.48178756237, 35.341796875, 90.2688217163, 33.8624992371, 10.2338685989, 22.029958725, 11.1309547424], [33.1460533142, -0.353498220444, 17.1718616486, 7.77466630936, 7.57151889801, 16.3970489502, 16.7741985321, 14.0602350235, 33.8624992371, 68.1477050781, 26.2793159485, -1.62140631676, 12.2304401398], [-74.1100158691, 12.6418037415, 62.8346138, -4.42079973221, -0.866700172424, 7.84724187851, 16.7478561401, 32.96326828, 10.2338685989, 26.2793159485, 67.1208953857, 15.0486564636, -5.91695261002], [-37.3884162903, 46.8097991943, 19.6374797821, 2.80896782875, 20.7533798218, 12.5938644409, -3.39937806129, -1.64777684212, 22.029958725, -1.62140631676, 15.0486564636, 82.5174255371, 33.4692192078], [83.6001815796, -19.7164840698, 32.94506073, 9.62330341339, 29.943113327, 23.996723175, 5.84092998505, -4.36166763306, 11.1309547424, 12.2304401398, -5.91695261002, 33.4692192078, 71.9669647217]], "icov": [[0.000420414144173, 0.000635916483589, 0.000222180344281, 5.51861376152e-05, -0.000282657245407, -0.000511627469677, -0.000327901740093, 1.86188790394e-05, 0.000181225390406, -0.000301798077999, 0.00042040029075, -0.000246345967753, 6.50911097182e-05], [0.000635916483589, 0.00169638067018, 0.000830351840705, 0.000232368853176, -0.00101486127824, -1.23684151276e-06, -0.000524099217728, 0.000260186847299, -0.000345498876413, -0.000165321587701, -0.000128718224005, -0.000584389315918, 0.000138546442031], [0.000222180344281, 0.000830351840705, 0.00337094743736, 0.000293130462524, -0.000427921942901, -0.0036353811156, 0.00138575560413, -0.00175364187453, -0.000948968867306, 0.00181714224163, -0.00297554465942, 0.000835236452986, -0.00123660056852], [5.51861376152e-05, 0.000232368853176, 0.000293130462524, 0.00508972350508, -0.000381573452614, 0.000318102072924, -0.00183069263585, 4.44866964244e-05, 0.000836905324832, -0.00101986376103, 0.000889193324838, -0.000717425078619, -0.000160620329552], [-0.000282657245407, -0.00101486127824, -0.000427921942901, -0.000381573452614, 0.00826332625002, -0.00132758612745, 0.000572647608351, -0.000984173850156, -0.000290371011943, 6.43509629299e-05, 0.000722845725249, -0.000323803920764, -0.0025603310205], [-0.000511627469677, -1.23684151276e-06, -0.0036353811156, 0.000318102072924, -0.00132758612745, 0.012081021443, -0.0043518091552, 0.00270303315483, 0.000134596557473, -0.00234154006466, 0.00256041623652, -0.00184598879423, 0.000702870253008], [-0.000327901740093, -0.000524099217728, 0.00138575560413, -0.00183069263585, 0.000572647608351, -0.0043518091552, 0.0115888779983, -0.00364031177014, 0.0010743351886, -0.000353390089003, -0.00271881790832, 0.00145770306699, -0.00110820506234], [1.86188790394e-05, 0.000260186847299, -0.00175364187453, 4.44866964244e-05, -0.000984173850156, 0.00270303315483, -0.00364031177014, 0.0156604144722, -0.00702330702916, 0.00372009119019, -0.00667287735268, 0.00348688918166, -0.00011694276327], [0.000181225390406, -0.000345498876413, -0.000948968867306, 0.000836905324832, -0.000290371011943, 0.000134596557473, 0.0010743351886, -0.00702330702916, 0.020082751289, -0.0126662943512, 0.00830249395221, -0.00790334213525, 0.00298501062207], [-0.000301798077999, -0.000165321587701, 0.00181714224163, -0.00101986376103, 6.43509629299e-05, -0.00234154006466, -0.000353390089003, 0.00372009119019, -0.0126662943512, 0.0284373536706, -0.0157333612442, 0.0101180337369, -0.00825486984104], [0.00042040029075, -0.000128718224005, -0.00297554465942, 0.000889193324838, 0.000722845725249, 0.00256041623652, -0.00271881790832, -0.00667287735268, 0.00830249395221, -0.0157333612442, 0.0300851855427, -0.0113447643816, 0.00852061901242], [-0.000246345967753, -0.000584389315918, 0.000835236452986, -0.000717425078619, -0.000323803920764, -0.00184598879423, 0.00145770306699, 0.00348688918166, -0.00790334213525, 0.0101180337369, -0.0113447643816, 0.02136849612, -0.0106846578419], [6.50911097182e-05, 0.000138546442031, -0.00123660056852, -0.000160620329552, -0.0025603310205, 0.000702870253008, -0.00110820506234, -0.00011694276327, 0.00298501062207, -0.00825486984104, 0.00852061901242, -0.0106846578419, 0.0219697207212]]}, "spectral_contrast_coeffs": {"dmean": [0.0483531951904, 0.044910043478, 0.0378105565906, 0.0305740665644, 0.0231630485505, 0.0199941247702], "dmean2": [0.0794287919998, 0.0739992111921, 0.0612995475531, 0.0488297715783, 0.03794882074, 0.0332781746984], "dvar": [0.00169049948454, 0.0013718950795, 0.00101275090128, 0.000647256849334, 0.000423623074312, 0.000391201669117], "dvar2": [0.00445694336668, 0.00378466909751, 0.00241126026958, 0.0016160022933, 0.00103421951644, 0.00102444004733], "max": [-0.325882792473, -0.436612993479, -0.503793299198, -0.591689825058, -0.600942730904, -0.639090895653], "mean": [-0.652740836143, -0.721617043018, -0.766682326794, -0.774199604988, -0.781791567802, -0.787072360516], "median": [-0.659709095955, -0.726258277893, -0.773934721947, -0.776149511337, -0.787959694862, -0.790941119194], "min": [-0.965963304043, -0.957258760929, -0.969540655613, -0.952597618103, -0.963302135468, -0.957955181599], "var": [0.00545482104644, 0.00516632618383, 0.00412632524967, 0.00262358156033, 0.00290397880599, 0.00204568821937]}, "spectral_contrast_valleys": {"dmean": [0.353733956814, 0.35190486908, 0.342151075602, 0.317371249199, 0.343293488026, 0.478551089764], "dmean2": [0.584327995777, 0.590174078941, 0.567288815975, 0.509890139103, 0.516989886761, 0.689015865326], "dvar": [0.141517058015, 0.152263998985, 0.143638148904, 0.141372263432, 0.21439948678, 0.324909567833], "dvar2": [0.288260608912, 0.313968539238, 0.299163192511, 0.281435191631, 0.437598973513, 0.686371982098], "max": [-4.87934350967, -4.59253501892, -5.70910358429, -5.76735925674, -5.66921758652, -7.35948181152], "mean": [-6.980266