{"lowlevel": {"average_loudness": 0.93224054575, "barkbands_crest": {"dmean": 3.40983247757, "dmean2": 5.78953790665, "dvar": 9.04721832275, "dvar2": 25.3044872284, "max": 26.3075733185, "mean": 16.0593166351, "median": 15.8677845001, "min": 2.89327979088, "var": 26.9020462036}, "barkbands_flatness_db": {"dmean": 0.0401743166149, "dmean2": 0.0595598556101, "dvar": 0.00149582396261, "dvar2": 0.0029373948928, "max": 0.632817327976, "mean": 0.244675204158, "median": 0.242277950048, "min": 0.025878937915, "var": 0.00864163972437}, "barkbands_kurtosis": {"dmean": 16.6638507843, "dmean2": 26.5127849579, "dvar": 727.785522461, "dvar2": 1770.34741211, "max": 843.716674805, "mean": 29.0292263031, "median": 15.5308074951, "min": -1.86817908287, "var": 1591.17236328}, "barkbands_skewness": {"dmean": 1.20770335197, "dmean2": 1.8971041441, "dvar": 1.33323895931, "dvar2": 3.19038581848, "max": 23.1850910187, "mean": 3.84916830063, "median": 3.39704632759, "min": -3.20453834534, "var": 6.24006557465}, "barkbands_spread": {"dmean": 4.55399465561, "dmean2": 6.78266716003, "dvar": 59.7099990845, "dvar2": 114.959564209, "max": 114.661026001, "mean": 9.48361778259, "median": 5.99240255356, "min": 0.19247533381, "var": 124.405982971}, "dissonance": {"dmean": 0.0350505635142, "dmean2": 0.0595225021243, "dvar": 0.00101356953382, "dvar2": 0.00278940494172, "max": 0.500000059605, "mean": 0.435121148825, "median": 0.446000546217, "min": 0.101167991757, "var": 0.00230008503422}, "dynamic_complexity": 2.42432284355, "erbbands_crest": {"dmean": 3.06470632553, "dmean2": 4.94071006775, "dvar": 7.56214094162, "dvar2": 19.3964958191, "max": 31.6933727264, "mean": 10.7362365723, "median": 9.55026626587, "min": 2.20943188667, "var": 28.0455646515}, "erbbands_flatness_db": {"dmean": 0.0294503718615, "dmean2": 0.0403291657567, "dvar": 0.000859555380885, "dvar2": 0.00174858665559, "max": 0.474326997995, "mean": 0.161039680243, "median": 0.158909380436, "min": 0.0268521439284, "var": 0.00464821886271}, "erbbands_kurtosis": {"dmean": 1.86977684498, "dmean2": 2.94323158264, "dvar": 14.5030889511, "dvar2": 41.6539802551, "max": 164.334838867, "mean": 1.97074306011, "median": 0.657809615135, "min": -1.84789872169, "var": 33.3087615967}, "erbbands_skewness": {"dmean": 0.496757954359, "dmean2": 0.74485963583, "dvar": 0.216635197401, "dvar2": 0.487773269415, "max": 7.95045375824, "mean": 0.709583699703, "median": 0.59834754467, "min": -3.98145699501, "var": 0.748450040817}, "erbbands_spread": {"dmean": 12.443444252, "dmean2": 16.9934883118, "dvar": 216.769012451, "dvar2": 374.346466064, "max": 180.871231079, "mean": 39.8830299377, "median": 31.650100708, "min": 1.10589909554, "var": 736.756469727}, "hfc": {"dmean": 8.29493045807, "dmean2": 11.9614982605, "dvar": 110.884391785, "dvar2": 217.645645142, "max": 127.970069885, "mean": 17.6777629852, "median": 12.6089744568, "min": 1.22099680233e-16, "var": 250.156860352}, "melbands_crest": {"dmean": 4.02405023575, "dmean2": 6.87647247314, "dvar": 13.7562046051, "dvar2": 38.3258323669, "max": 36.0530815125, "mean": 20.1075782776, "median": 20.3698139191, "min": 2.3248000145, "var": 26.4161586761}, "melbands_flatness_db": {"dmean": 0.0450868420303, "dmean2": 0.066673129797, "dvar": 0.00184298132081, "dvar2": 0.0036034709774, "max": 0.807658612728, "mean": 0.361473709345, "median": 0.362154513597, "min": 0.00560299912468, "var": 0.0114862779155}, "melbands_kurtosis": {"dmean": 28.8443431854, "dmean2": 44.0393333435, "dvar": 1796.57055664, "dvar2": 3726.78613281, "max": 946.271057129, "mean": 57.4078445435, "median": 32.8359909058, "min": -1.74677062035, "var": 5456.49072266}, "melbands_skewness": {"dmean": 1.41960906982, "dmean2": 2.17497849464, "dvar": 1.79268884659, "dvar2": 3.8344502449, "max": 24.2435245514, "mean": 5.04163885117, "median": 4.57790708542, "min": -1.47998785973, "var": 9.10965824127}, "melbands_spread": {"dmean": 3.04082465172, "dmean2": 4.79863452911, "dvar": 35.9691047668, "dvar2": 68.8841629028, "max": 213.584518433, "mean": 7.09247589111, "median": 4.16741085052, "min": 0.249690964818, "var": 89.1177597046}, "pitch_salience": {"dmean": 0.0992633625865, "dmean2": 0.166773557663, "dvar": 0.00812454987317, "dvar2": 0.022349935025, "max": 0.97617405653, "mean": 0.390029430389, "median": 0.398283004761, "min": 0.0529055632651, "var": 0.0213962662965}, "silence_rate_20dB": {"dmean": 0, "dmean2": 0, "dvar": 0, "dvar2": 0, "max": 1, "mean": 1, "median": 1, "min": 1, "var": 0}, "silence_rate_30dB": {"dmean": 0.139047414064, "dmean2": 0.278123706579, "dvar": 0.11971283704, "dvar2": 0.234615817666, "max": 1, "mean": 0.621394455433, "median": 1, "min": 0, "var": 0.235253334045}, "silence_rate_60dB": {"dmean": 0.00352806900628, "dmean2": 0.0070568700321, "dvar": 0.00351646100171, "dvar2": 0.00742207467556, "max": 1, "mean": 0.0380784384906, "median": 0, "min": 0, "var": 0.0366281010211}, "spectral_centroid": {"dmean": 189.960968018, "dmean2": 282.798919678, "dvar": 77247.09375, "dvar2": 143504.640625, "max": 11010.7509766, "mean": 623.027160645, "median": 511.903991699, "min": 96.203666687, "var": 197026.015625}, "spectral_complexity": {"dmean": 2.88139462471, "dmean2": 4.00622653961, "dvar": 18.2469024658, "dvar2": 20.4043006897, "max": 60, "mean": 12.7109355927, "median": 11, "min": 0, "var": 74.5253067017}, "spectral_decrease": {"dmean": 1.0184862731e-08, "dmean2": 1.74227192673e-08, "dvar": 1.67779822971e-16, "dvar2": 4.51909282717e-16, "max": 1.19733813979e-15, "mean": -2.24744702848e-08, "median": -1.69136065153e-08, "min": -8.67338911803e-08, "var": 3.47347829939e-16}, "spectral_energy": {"dmean": 0.0389096774161, "dmean2": 0.0664880499244, "dvar": 0.00244121928699, "dvar2": 0.00657239975408, "max": 0.329817533493, "mean": 0.0864270702004, "median": 0.0655163526535, "min": 1.0619919853e-20, "var": 0.00504438718781}, "spectral_energyband_high": {"dmean": 0.000448926759418, "dmean2": 0.000561799213756, "dvar": 6.94247717092e-07, "dvar2": 1.2941075056e-06, "max": 0.00904828216881, "mean": 0.000576895137783, "median": 9.07108769752e-05, "min": 7.72931781536e-21, "var": 1.17111142117e-06}, "spectral_energyband_low": {"dmean": 0.0357356704772, "dmean2": 0.0603771470487, "dvar": 0.00213682628237, "dvar2": 0.00563940452412, "max": 0.325904816389, "mean": 0.0723758935928, "median": 0.0475195012987, "min": 1.31657224767e-22, "var": 0.00468243146315}, "spectral_energyband_middle_high": {"dmean": 0.000810060941149, "dmean2": 0.00110157276504, "dvar": 1.9084759515e-06, "dvar2": 3.05721619043e-06, "max": 0.0241175312549, "mean": 0.00202898401767, "median": 0.00109583430458, "min": 1.4253078251e-21, "var": 6.60090290694e-06}, "spectral_energyband_middle_low": {"dmean": 0.00923700816929, "dmean2": 0.0151624018326, "dvar": 0.00030363939004, "dvar2": 0.000784118543379, "max": 0.196226194501, "mean": 0.0137552423403, "median": 0.00698679545894, "min": 3.1535957931e-22, "var": 0.000323023414239}, "spectral_entropy": {"dmean": 0.335622638464, "dmean2": 0.474691450596, "dvar": 0.11043061316, "dvar2": 0.231381416321, "max": 9.80179595947, "mean": 7.01647615433, "median": 6.94849777222, "min": 3.93740773201, "var": 0.550130426884}, "spectral_flux": {"dmean": 0.0596059896052, "dmean2": 0.0986590981483, "dvar": 0.00519366376102, "dvar2": 0.0114233037457, "max": 0.524971663952, "mean": 0.139429181814, "median": 0.106725081801, "min": 1.03052996692e-10, "var": 0.00979020446539}, "spectral_kurtosis": {"dmean": 5.33293008804, "dmean2": 8.09007358551, "dvar": 65.2354202271, "dvar2": 166.598220825, "max": 186.827362061, "mean": 11.782037735, "median": 6.8612742424, "min": -1.16603052616, "var": 251.447631836}, "spectral_rms": {"dmean": 0.00198282720521, "dmean2": 0.00332129141316, "dvar": 4.97021255796e-06, "dvar2": 1.25128599393e-05, "max": 0.0179380383343, "mean": 0.00830833613873, "median": 0.00799489766359, "min": 3.21883492083e-12, "var": 1.52915526996e-05}, "spectral_rolloff": {"dmean": 222.351043701, "dmean2": 381.984680176, "dvar": 681630.5, "dvar2": 1520953.25, "max": 19681.3476562, "mean": 406.434783936, "median": 150.732421875, "min": 43.06640625, "var": 809954.4375}, "spectral_skewness": {"dmean": 0.523453235626, "dmean2": 0.738490402699, "dvar": 0.325577259064, "dvar2": 0.787020325661, "max": 10.7592086792, "mean": 2.47906470299, "median": 2.24554491043, "min": 0.0175221469253, "var": 1.56289410591}, "spectral_spread": {"dmean": 1200226.125, "dmean2": 1431950.5, "dvar": 2036282949630.0, "dvar2": 3106103361540.0, "max": 39588956, "mean": 5014544.5, "median": 4254780, "min": 545860.3125, "var": 7977818390530.0}, "spectral_strongpeak": {"dmean": 0.3705932796, "dmean2": 0.640387892723, "dvar": 0.303451687098, "dvar2": 0.795684158802, "max": 8.28938865662, "mean": 0.709484100342, "median": 0.474912554026, "min": 0, "var": 0.523853898048}, "zerocrossingrate": {"dmean": 0.00931574963033, "dmean2": 0.0104487426579, "dvar": 0.000211568767554, "dvar2": 0.000236277512158, "max": 0.51025390625, "mean": 0.0256544221193, "median": 0.01708984375, "min": 0.00146484375, "var": 0.000794201099779}, "barkbands": {"dmean": [0.00421025231481, 0.0241031330079, 0.0172181595117, 0.00367735163309, 0.00425966875628, 0.000750620849431, 0.000687005871441, 0.0005890429602, 0.00120643782429, 0.000369574758224, 0.000204923228011, 0.000139794952702, 0.000119811978948, 0.000105811064714, 8.38944179122e-05, 7.53899439587e-05, 6.01463361818e-05, 4.7745743359e-05, 4.6361470595e-05, 4.59282782685e-05, 5.89735354879e-05, 7.05069760443e-05, 8.26086325105e-05, 5.20294379385e-05, 0.000110256420157, 5.23681192135e-05, 1.72055570147e-05], "dmean2": [0.00725639844313, 0.03927706182, 0.0303730163723, 0.00610209302977, 0.00733991712332, 0.00128359918017, 0.00114995986223, 0.000947252439801, 0.0018975995481, 0.000572933990043, 0.00031882035546, 0.000220417932724, 0.000185733471881, 0.000158595619723, 0.000126379076391, 0.000112201967568, 8.67820344865e-05, 6.57384516671e-05, 6.19497295702e-05, 5.97270081926e-05, 7.63434582041e-05, 9.15526688914e-05, 0.000109781685751, 6.6090040491e-05, 0.000153626358951, 7.01422104612e-05, 2.32814345509e-05], "dvar": [6.90785163897e-05, 0.000893559481483, 0.00115128653124, 5.07824261149e-05, 0.000146206875797, 1.57807949108e-06, 1.79331095751e-06, 2.02530145543e-06, 1.02852582131e-05, 5.29057501808e-07, 1.58620267143e-07, 7.01031126482e-08, 6.57641763269e-08, 7.53532489739e-08, 3.0955394692e-08, 3.55465239466e-08, 2.34750974215e-08, 1.75313239481e-08, 1.5422754629e-08, 1.25904779935e-08, 1.27021113627e-08, 1.94939904219e-08, 2.60220716086e-08, 9.01203378589e-09, 7.24910407257e-08, 1.3229435325e-08, 1.26862897964e-09], "dvar2": [0.000194553969777, 0.00224533583969, 0.00310675729997, 0.000121704084449, 0.00038889143616, 4.05604168918e-06, 4.58985505247e-06, 4.53731217931e-06, 2.83665904135e-05, 1.19206129057e-06, 3.59269876071e-07, 1.64199775554e-07, 1.50116548525e-07, 1.63201590908e-07, 6.57520331515e-08, 7.940013802e-08, 4.72880969937e-08, 3.32772671641e-08, 2.8239327321e-08, 2.23456115833e-08, 2.33915837811e-08, 3.60442271585e-08, 5.09974675822e-08, 1.59209818662e-08, 1.60736647103e-07, 2.62936108442e-08, 2.59691579352e-09], "max": [0.0677426606417, 0.290232807398, 0.211256593466, 0.0741275846958, 0.16735433042, 0.0218784548342, 0.0242674425244, 0.0511597581208, 0.0971023440361, 0.0200869813561, 0.00933412648737, 0.00542227504775, 0.00593837536871, 0.00719420192763, 0.00283333822154, 0.00363037339412, 0.00253713410348, 0.00231736875139, 0.0018304361729, 0.00180504482705, 0.00170329760294, 0.00196977914311, 0.00189430487808, 0.000997438211925, 0.00376952090301, 0.00167791091371, 0.000397734635044], "mean": [0.00395438354462, 0.0502810627222, 0.0158965662122, 0.00397430034354, 0.003963469062, 0.00106561195571, 0.00101118406747, 0.00103774713352, 0.00253357319161, 0.000692951725796, 0.000356848031515, 0.000205397474929, 0.000197114131879, 0.000165988196386, 0.00013189126912, 0.000115875445772, 9.29209345486e-05, 7.02371253283e-05, 7.05283964635e-05, 8.07155811344e-05, 8.20962231955e-05, 9.19300218811e-05, 9.6289360954e-05, 6.72679016134e-05, 0.000114791313536, 5.77475075261e-05, 1.90303089767e-05], "median": [0.00045641491306, 0.0293279364705, 0.00558716338128, 0.00139660690911, 0.00096511177253, 0.000623890780844, 0.0004128474975, 0.000273243640549, 0.000593027565628, 0.000234130769968, 0.00012720192899, 8.0646132119e-05, 5.83513829042e-05, 3.33083662554e-05, 5.19446184626e-05, 2.83380832116e-05, 1.90616992768e-05, 9.78709067567e-06, 1.07350479084e-05, 1.27235543914e-05, 1.29786694743e-05, 1.43411716635e-05, 9.5672585303e-06, 5.70168413105e-06, 8.32528530736e-06, 3.45448506778e-06, 7.51279117139e-07], "min": [2.8321056286e-23, 7.21967393724e-23, 2.99768532379e-23, 1.60243335161e-23, 5.66813662906e-23, 7.32727204036e-23, 1.11104321628e-23, 3.9241756357e-23, 1.0027393982e-22, 1.20761250752e-22, 9.08030966729e-23, 6.50687310724e-23, 1.03979617078e-22, 1.39857238239e-22, 8.42644053344e-23, 7.18613030938e-23, 1.50908384349e-22, 1.99798360806e-22, 2.98346891432e-22, 2.20527416584e-22, 3.69837152221e-22, 4.45757251957e-22, 4.80803931218e-22, 5.55483941611e-22, 1.42049186083e-21, 2.0121592492e-21, 2.56112505403e-21], "var": [6.74259790685e-05, 0.00285691744648, 0.00086672854377, 4.94388696097e-05, 0.00012003719894, 1.824898618e-06, 3.12193014906e-06, 5.24715642314e-06, 3.69366098312e-05, 1.64213656717e-06, 3.36155494551e-07, 1.10772617745e-07, 1.66175667005e-07, 1.74318742552e-07, 5.48453122917e-08, 7.45281951708e-08, 4.24266808352e-08, 3.37719079369e-08, 3.20451789548e-08, 3.11465484515e-08, 2.78037095569e-08, 3.62749972282e-08, 3.8396457569e-08, 1.69143206108e-08, 7.99853339117e-08, 1.73113612334e-08, 1.69963365604e-09]}, "erbbands": {"dmean": [0.912589490414, 5.3794336319, 17.3617916107, 17.7061481476, 13.5791759491, 14.0710821152, 6.12446832657, 6.66956710815, 9.8371629715, 10.7544746399, 13.6459236145, 31.1077804565, 10.9531602859, 11.0633430481, 8.92648410797, 5.11834859848, 4.57060098648, 6.00656461716, 4.34498071671, 4.01281499863, 3.51762771606, 3.16293668747, 2.78561258316, 2.14061880112, 2.45870113373, 2.16572713852, 2.11241436005, 2.51500725746, 2.42708992958, 2.74980068207, 2.17094445229, 1.05395925045, 1.03299629688, 1.14451551437, 0.794903457165, 0.302327573299, 0.0777623429894, 0.016920838505, 0.00312962313183, 0.000201565140742], "dmean2": [1.44309234619, 8.94119262695, 30.6735553741, 29.1037578583, 22.9640293121, 24.9006557465, 10.7050914764, 11.4582462311, 16.3600635529, 17.9595546722, 21.6721611023, 49.3162536621, 17.1932678223, 16.8643455505, 13.6219549179, 7.98499441147, 7.03886365891, 8.93237876892, 6.42940759659, 5.91433000565, 5.06980037689, 4.47678899765, 3.83951330185, 2.81723499298, 3.25684475899, 2.81499576569, 2.69829368591, 3.32709217072, 3.13973975182, 3.64178085327, 2.84437179565, 1.33797395229, 1.33191883564, 1.58913362026, 1.10272622108, 0.409605145454, 0.104399211705, 0.0229871217161, 0.00426208553836, 0.000281023036223], "dvar": [1.90241324902, 44.9744796753, 995.123291016, 1193.84655762, 976.621887207, 1827.05297852, 185.829940796, 115.39478302, 391.602600098, 903.037231445, 914.799804688, 8629.34277344, 675.842712402, 445.448059082, 327.052154541, 104.035018921, 85.7957839966, 243.556289673, 87.2998809814, 82.8683929443, 79.4045410156, 68.6542282104, 56.218132019, 36.3284416199, 42.4831161499, 26.3970108032, 20.1627979279, 23.8002738953, 25.1892528534, 28.3114299774, 17.9428462982, 3.82619953156, 3.81390285492, 7.32299566269, 3.86204695702, 0.487158447504, 0.0274291206151, 0.0012005714234, 4.31766311522e-05, 1.27154606844e-07], "dvar2": [4.558385849, 115.935722351, 2726.69458008, 2870.75341797, 2561.49682617, 4984.19287109, 522.226989746, 294.90020752, 1005.05871582, 2113.47265625, 2018.66296387, 24097.0683594, 1741.23120117, 1020.17736816, 755.935180664, 240.517822266, 196.196929932, 540.686828613, 177.99281311, 179.876235962, 159.2837677, 132.364318848, 107.293518066, 66.0745162964, 77.3758392334, 46.8590393066, 35.1893806458, 46.9132499695, 47.0072212219, 55.6557617188, 34.7327766418, 6.72031974792, 7.27634477615, 16.2098827362, 8.60269260406, 1.00524139404, 0.0540685355663, 0.00246598874219, 8.88145732461e-05, 2.54386776533e-07], "max": [11.1629009247, 76.2152786255, 201.304916382, 233.617767334, 446.701904297, 525.316589355, 205.364639282, 177.139083862, 387.972961426, 1186.01501465, 1265.57067871, 3041.06640625, 941.869140625, 447.303985596, 447.337036133, 214.823028564, 212.685775757, 389.26361084, 130.802459717, 172.24571228, 143.277069092, 141.950790405, 128.056625366, 86.7861480713, 102.936203003, 81.9929656982, 76.0177764893, 80.1340408325, 80.9857940674, 58.9547767639, 56.4310264587, 22.1586818695, 22.7140712738, 41.2674217224, 26.2616004944, 10.2186288834, 2.00035333633, 0.357418775558, 0.0684377104044, 0.00465374952182], "mean": [1.35054063797, 11.3456468582, 19.8710021973, 18.1983242035, 13.2172002792, 12.3917093277, 7.83495903015, 9.3804473877, 14.6337413788, 17.6209754944, 27.4997673035, 64.4346084595, 22.8835964203, 22.513666153, 16.6356544495, 8.40402698517, 8.07095813751, 10.7167205811, 7.08494710922, 6.83588886261, 5.61176681519, 4.88058805466, 4.2359046936, 3.22166419029, 3.86953902245, 3.89203023911, 3.38644981384, 3.27773714066, 3.20954966545, 3.33950567245, 2.52297353745, 1.35967731476, 1.27209115028, 1.21054685116, 0.820783078671, 0.326895445585, 0.0866861715913, 0.0188458971679, 0.00345095107332, 0.000285404064925], "median": [0.707189083099, 5.6426897049, 10.4514818192, 6.29210662842, 3.50155735016, 3.28441810608, 3.84253501892, 5.58723163605, 6.57147693634, 7.15222644806, 8.43318557739, 14.6301527023, 9.51692390442, 7.21013832092, 7.22796201706, 3.86963224411, 2.89452838898, 2.37096738815, 2.93846178055, 2.23912262917, 1.55251479149, 1.11252498627, 0.725304603577, 0.45899438858, 0.697397589684, 0.66410112381, 0.585116028786, 0.523398995399, 0.509571194649, 0.455742657185, 0.238482475281, 0.121368139982, 0.0982823371887, 0.0982066988945, 0.0514461956918, 0.019442781806, 0.00504408869892, 0.00106689590029, 0.000169370119693, 0.000118814306916], "min": [2.45287930242e-21, 1.53546629051e-20, 3.01524490811e-20, 6.52306359253e-20, 1.02504538163e-19, 1.89546072147e-19, 5.72783748403e-19, 4.48976782689e-19, 1.96564130958e-19, 2.62457092985e-19, 1.23937836027e-18, 2.23827422336e-18, 3.41940707439e-18, 2.84586960935e-18, 4.01431992043e-18, 3.34404823225e-18, 4.0068843939e-18, 6.60393621384e-18, 5.15497303382e-18, 5.69113041377e-18, 4.7711053949e-18, 9.2833065668e-18, 9.86800745459e-18, 1.60318852369e-17, 1.19010850513e-17, 1.03518361482e-17, 1.30253897671e-17, 1.53667178735e-17, 1.32656667099e-17, 1.67751351414e-17, 1.49622579868e-17, 1.05280487797e-17, 1.00781675785e-17, 1.34282829737e-17, 1.16181131812e-17, 8.0666405182e-18, 3.50679994687e-18, 1.47216983551e-18, 3.7222525274e-19, 3.53542874542e-20], "var": [2.6381456852, 176.53453064, 809.116333008, 1115.23620605, 873.437561035, 1310.61901855, 163.096511841, 139.311676025, 644.518859863, 1563.97546387, 3247.08666992, 27021.6425781, 2733.69726562, 1588.0682373, 686.337768555, 175.782394409, 182.990097046, 641.942932129, 157.84854126, 181.587875366, 147.160797119, 128.19190979, 109.311317444, 76.8795700073, 89.2493743896, 68.8572998047, 53.1137733459, 44.6647911072, 47.3265914917, 44.0489120483, 26.8529186249, 7.2241063118, 6.22803401947, 8.22751617432, 4.2531952858, 0.603609681129, 0.0366670191288, 0.00160244805738, 5.61665874557e-05, 1.86397912216e-07]}, "gfcc": {"mean": [-34.9661750793, 124.096183777, -62.6981620789, 22.7272090912, -40.5751533508, 24.5408229828, -15.6829481125, 13.6163053513, -9.03455924988, 4.20134210587, -15.7957792282, -3.17930865288, -5.57265806198], "cov": [[14864.9648438, -2642.15869141, -521.218688965, 771.026062012, -959.182739258, 180.582992554, -464.8230896, -132.932907104, -693.012268066, 159.351272583, -381.754119873, 210.064376831, -233.787979126], [-2642.15869141, 2835.06494141, -488.145233154, -433.529998779, 525.738098145, -226.352127075, 223.075439453, -97.0877609253, 286.775360107, -229.815368652, 187.035888672, -248.763122559, 153.863250732], [-521.218688965, -488.145233154, 768.444824219, 176.1121521, -47.1933784485, 154.002838135, -18.2305965424, 27.8331241608, -10.9380216599, 25.0478248596, -23.507768631, 43.2287521362, -29.41355896], [771.026062012, -433.529998779, 176.1121521, 426.835632324, -49.0049552917, 15.2192878723, -16.2946186066, -28.7402420044, -66.2466964722, -13.433423996, 19.8021755219, 39.0296134949, 15.074379921], [-959.182739258, 525.738098145, -47.1933784485, -49.0049552917, 326.589935303, -24.2718200684, 69.9300994873, 8.3485326767, 81.0422363281, -88.9815750122, 56.3360862732, -20.5154037476, 50.0996780396], [180.582992554, -226.352127075, 154.002838135, 15.2192878723, -24.2718200684, 180.900405884, 31.1052513123, 19.8797569275, -11.3335533142, 34.8752098083, -22.3216342926, 21.3193473816, -7.76246833801], [-464.8230896, 223.075439453, -18.2305965424, -16.2946186066, 69.9300994873, 31.1052513123, 169.717773438, 27.4618263245, 27.5413093567, 5.38553524017, 38.0473480225, -22.8214035034, 29.0422363281], [-132.932907104, -97.0877609253, 27.8331241608, -28.7402420044, 8.3485326767, 19.8797569275, 27.4618263245, 114.633651733, 37.5454483032, 15.1220588684, -3.09636163712, 27.4271888733, 5.46396923065], [-693.012268066, 286.775360107, -10.9380216599, -66.2466964722, 81.0422363281, -11.3335533142, 27.5413093567, 37.5454483032, 154.325439453, 2.50350785255, 26.6329498291, -31.4489364624, 27.478143692], [159.351272583, -229.815368652, 25.0478248596, -13.433423996, -88.9815750122, 34.8752098083, 5.38553524017, 15.1220588684, 2.50350785255, 133.165847778, -1.30924153328, 3.22489929199, -17.113571167], [-381.754119873, 187.035888672, -23.507768631, 19.8021755219, 56.3360862732, -22.3216342926, 38.0473480225, -3.09636163712, 26.6329498291, -1.30924153328, 114.090545654, 9.15094661713, 11.42253685], [210.064376831, -248.763122559, 43.2287521362, 39.0296134949, -20.5154037476, 21.3193473816, -22.8214035034, 27.4271888733, -31.4489364624, 3.22489929199, 9.15094661713, 101.342132568, 12.8977041245], [-233.787979126, 153.863250732, -29.41355896, 15.074379921, 50.0996780396, -7.76246833801, 29.0422363281, 5.46396923065, 27.478143692, -17.113571167, 11.42253685, 12.8977041245, 88.8974151611]], "icov": [[0.000136865201057, -4.67352620035e-05, 0.000251029006904, -0.000328291003825, 0.0001897662587, -0.000277766201179, 0.000234650244238, -9.76421215455e-05, 0.000306747591821, -9.03552136151e-05, 0.00033026811434, -0.00016615819186, 0.000247155578109], [-4.67352620035e-05, 0.00146248971578, 2.47160314757e-05, 0.00132728775498, -0.000640879326966, 0.000708535604645, -0.00086966942763, 0.00123493757565, -0.00105742074084, 0.00171786313877, -0.00175237492658, 0.00234774430282, -0.00169771548826], [0.000251029006904, 2.47160314757e-05, 0.00230847252533, -0.00131419976242, 0.000251991121331, -0.00194362387992, 0.000689959852025, -0.000341975712217, -3.66626991308e-05, 2.059887629e-05, 0.000695471069776, -0.000442460732302, 0.00107806304004], [-0.000328291003825, 0.00132728775498, -0.00131419976242, 0.00489226356149, -0.000411220011301, 0.00145001080818, -0.00118367630057, 0.00176733336411, -0.000344022089848, 0.002138791373, -0.00320496992208, 0.00199714396149, -0.00314847240224], [0.0001897662587, -0.000640879326966, 0.000251991121331, -0.000411220011301, 0.00584139116108, -0.000800072448328, -0.000707127910573, -0.000376201031031, -0.00111698603723, 0.00276860129088, -0.000611175142694, -0.000970101391431, -0.000248825323069], [-0.000277766201179, 0.000708535604645, -0.00194362387992, 0.00145001080818, -0.000800072448328, 0.00880974996835, -0.00321751181036, 0.000998724484816, -0.00084161630366, -0.000786752498243, 0.00076929142233, -0.00066265615169, -0.000529891578481], [0.000234650244238, -0.00086966942763, 0.000689959852025, -0.00118367630057, -0.000707127910573, -0.00321751181036, 0.00981080625206, -0.00389488018118, 0.00271344743669, -0.00196073483676, -0.00179870647844, 0.00261585204862, -0.00166143896058], [-9.76421215455e-05, 0.00123493757565, -0.000341975712217, 0.00176733336411, -0.000376201031031, 0.000998724484816, -0.00389488018118, 0.0135561805218, -0.00532610481605, 0.000824115937576, 0.000866977032274, -0.00391507614404, 0.000192961873836], [0.000306747591821, -0.00105742074084, -3.66626991308e-05, -0.000344022089848, -0.00111698603723, -0.00084161630366, 0.00271344743669, -0.00532610481605, 0.0121733183041, -0.00281638628803, -0.000776021974161, 0.00310898991302, -0.00197631143965], [-9.03552136151e-05, 0.00171786313877, 2.059887629e-05, 0.002138791373, 0.00276860129088, -0.000786752498243, -0.00196073483676, 0.000824115937576, -0.00281638628803, 0.0126233892515, -0.00363084767014, 0.00284442678094, -0.00125132733956], [0.00033026811434, -0.00175237492658, 0.000695471069776, -0.00320496992208, -0.000611175142694, 0.00076929142233, -0.00179870647844, 0.000866977032274, -0.000776021974161, -0.00363084767014, 0.0147893726826, -0.00697839958593, 0.00427414756268], [-0.00016615819186, 0.00234774430282, -0.000442460732302, 0.00199714396149, -0.000970101391431, -0.00066265615169, 0.00261585204862, -0.00391507614404, 0.00310898991302, 0.00284442678094, -0.00697839958593, 0.019438456744, -0.00744756450877], [0.000247155578109, -0.00169771548826, 0.00107806304004, -0.00314847240224, -0.000248825323069, -0.000529891578481, -0.00166143896058, 0.000192961873836, -0.00197631143965, -0.00125132733956, 0.00427414756268, -0.00744756450877, 0.0172540992498]]}, "melbands": {"dmean": [0.0072182812728, 0.0081696389243, 0.00286541879177, 0.00111824017949, 0.000254789483733, 0.000147473198012, 0.000146881822729, 0.000120167649584, 0.000130964675918, 0.000189571073861, 5.21939218743e-05, 4.76670320495e-05, 2.79550586129e-05, 1.91476046894e-05, 1.00218512671e-05, 1.23546715258e-05, 1.1607066881e-05, 7.17795137462e-06, 6.19850288786e-06, 5.95025949224e-06, 3.96116502088e-06, 3.51983067048e-06, 3.07687946588e-06, 2.20271454054e-06, 1.71131682691e-06, 1.96609994418e-06, 1.60492550094e-06, 1.49643324221e-06, 1.2968421288e-06, 1.4706811271e-06, 1.48361539232e-06, 1.39997655424e-06, 1.44879584241e-06, 1.680327955e-06, 1.53925304858e-06, 7.45666341118e-07, 6.02767215696e-07, 6.95546077623e-07, 8.92650234618e-07, 1.01171212918e-06], "dmean2": [0.0113805104047, 0.0141874020919, 0.00469897920266, 0.00194172246847, 0.000450928549981, 0.000252223864663, 0.000244188093347, 0.000200255788513, 0.00020895297348, 0.000299454724882, 8.19618289825e-05, 7.27013393771e-05, 4.29871579399e-05, 2.96509115287e-05, 1.55949473992e-05, 1.91074359464e-05, 1.74199394678e-05, 1.07026580736e-05, 9.47594162426e-06, 9.00562372408e-06, 5.73238867219e-06, 5.13839358973e-06, 4.45929845228e-06, 3.07107006847e-06, 2.3334234811e-06, 2.70577288575e-06, 2.19387084144e-06, 2.02385831471e-06, 1.7153954559e-06, 1.98456041289e-06, 2.04546745408e-06, 1.86531633517e-06, 2.00380304705e-06, 2.28670455726e-06, 2.08309552363e-06, 9.98598579827e-07, 7.8797580727e-07, 9.19195485949e-07, 1.24345581298e-06, 1.42376541135e-06], "dvar": [9.0730653028e-05, 0.000166315483511, 2.90750394925e-05, 1.02794956547e-05, 4.04026224032e-07, 5.90921622745e-08, 7.92347094603e-08, 1.10854635693e-07, 8.86405331357e-08, 3.0953458463e-07, 1.54578643219e-08, 8.63007620922e-09, 3.1151479174e-09, 1.25201193857e-09, 4.4669784538e-10, 7.10991210351e-10, 1.02512376365e-09, 2.61725974227e-10, 1.78400308415e-10, 2.20096038617e-10, 1.10173578594e-10, 8.90322746083e-11, 6.63000279677e-11, 3.95215145332e-11, 2.51267999463e-11, 2.93695692766e-11, 1.8181716549e-11, 1.28968936225e-11, 8.82083121823e-12, 9.08310406056e-12, 8.82524435475e-12, 9.4643052076e-12, 9.22109177209e-12, 1.12874631517e-11, 9.91997629873e-12, 2.12622172473e-12, 1.3135368444e-12, 1.62850538176e-12, 4.27023260502e-12, 5.89565462422e-12], "dvar2": [0.000226615418796, 0.000452615611721, 7.08644656697e-05, 2.74586363957e-05, 1.14004353691e-06, 1.47966346731e-07, 2.02104530445e-07, 2.5907704071e-07, 2.13254338632e-07, 8.62597801188e-07, 3.90049912369e-08, 1.98495886394e-08, 7.09521774667e-09, 2.94233193365e-09, 1.01600283742e-09, 1.66315172745e-09, 2.29716801137e-09, 5.49803758076e-10, 3.84467763181e-10, 5.19975451585e-10, 2.27666108188e-10, 1.82788326142e-10, 1.39121783538e-10, 7.6619002809e-11, 4.93839483195e-11, 5.68936495138e-11, 3.47390692601e-11, 2.45697663603e-11, 1.60670001609e-11, 1.81893285156e-11, 1.8443175806e-11, 1.84652536317e-11, 1.87569942217e-11, 2.32224517394e-11, 2.025309781e-11, 4.23482906728e-12, 2.35724200576e-12, 3.06797621162e-12, 9.64908621753e-12, 1.3078108041e-11], "max": [0.0796572566032, 0.0820199623704, 0.0372811257839, 0.0445782728493, 0.00917723681778, 0.00387257826515, 0.00526195019484, 0.0125311613083, 0.00850944779813, 0.0184419676661, 0.0045608188957, 0.00199102191254, 0.00129542138893, 0.000860410393216, 0.000275237078313, 0.000661384256091, 0.000823356502224, 0.000267746538157, 0.000224344301387, 0.000373311340809, 0.000184924720088, 0.000154507666593, 0.000133580135298, 0.000114528382255, 6.91797249601e-05, 8.60169166117e-05, 6.69340224704e-05, 6.37640914647e-05, 4.93150437251e-05, 4.7406028898e-05, 5.08682860527e-05, 5.53327008674e-05, 4.65275370516e-05, 4.18794770667e-05, 4.50807601737e-05, 1.59993560374e-05, 1.49438874359e-05, 1.36000289785e-05, 3.12556767312e-05, 3.81678291888e-05], "mean": [0.0134315732867, 0.0127175161615, 0.00298917666078, 0.00100965041202, 0.000299673294649, 0.000206702781725, 0.00021954406111, 0.00019897785387, 0.00026149104815, 0.00039252609713, 0.000101528821688, 9.26011125557e-05, 4.98887093272e-05, 3.19008577208e-05, 1.53277724166e-05, 2.12529830605e-05, 1.93565902009e-05, 1.06639317892e-05, 9.78612115432e-06, 9.45508782024e-06, 5.93215099798e-06, 5.26880739926e-06, 4.41089423475e-06, 3.17026024277e-06, 2.43789327214e-06, 2.97663586935e-06, 2.46185231845e-06, 2.65404923994e-06, 2.1293071768e-06, 1.94842687051e-06, 1.8497119072e-06, 1.82596431841e-06, 1.79291271252e-06, 1.95488814825e-06, 1.70215503204e-06, 9.1334732133e-07, 7.77978300448e-07, 8.78374237345e-07, 9.62895455814e-07, 1.04960031422e-06], "median": [0.00776037899777, 0.00688862428069, 0.00108614121564, 0.000228347838856, 0.000145773636177, 0.000121336430311, 9.57956508501e-05, 7.20949028619e-05, 6.77378411638e-05, 9.00158775039e-05, 4.17507180828e-05, 2.50281009357e-05, 1.96355140361e-05, 1.37429669849e-05, 5.38713993592e-06, 5.94335961068e-06, 3.55409611075e-06, 3.91002322431e-06, 3.37190886057e-06, 2.52574682236e-06, 1.40448355523e-06, 1.04550872493e-06, 7.86714963397e-07, 4.32337685652e-07, 2.85335261196e-07, 4.41887578972e-07, 4.39197492597e-07, 3.94029086692e-07, 3.30410074412e-07, 2.91892149562e-07, 2.86422505269e-07, 2.66516252623e-07, 2.79689061244e-07, 2.28296471505e-07, 1.40894485412e-07, 8.50333137237e-08, 6.99460045439e-08, 7.11543748366e-08, 6.88775685376e-08, 8.55059951732e-08], "min": [2.3189014382e-23, 1.75414092779e-23, 1.05792952708e-23, 1.09815512236e-23, 1.66922683555e-23, 1.10677618876e-23, 2.65708547718e-24, 4.07208303224e-24, 1.14490933049e-23, 1.39461504588e-23, 1.78598850471e-23, 1.22537077624e-23, 1.36023522546e-23, 7.49736086449e-24, 9.52382698973e-24, 9.7534470443e-24, 1.29267157662e-23, 9.39599760206e-24, 6.18814127378e-24, 6.61784327518e-24, 5.50426868314e-24, 1.01095735668e-23, 7.26323562529e-24, 1.03922989486e-23, 1.3371779256e-23, 1.10679378036e-23, 6.83950056777e-24, 6.65960004948e-24, 7.54592314182e-24, 9.31145301227e-24, 8.57646341827e-24, 6.95245519421e-24, 9.58964323277e-24, 8.60214399617e-24, 8.88908820614e-24, 7.94513566923e-24, 5.50366441569e-24, 7.22391327575e-24, 8.23963953326e-24, 1.16023752897e-23], "var": [0.000203872958082, 0.000210242142202, 2.70054460998e-05, 8.23156460683e-06, 2.97176910635e-07, 7.13162364718e-08, 1.36280036145e-07, 2.00118208227e-07, 3.25179030369e-07, 9.86762984212e-07, 6.29604244295e-08, 3.06171621389e-08, 6.51569997956e-09, 2.20883689117e-09, 7.28728799526e-10, 1.97610883212e-09, 2.43604270089e-09, 4.41370578974e-10, 3.31418337218e-10, 5.30431087942e-10, 1.857741877e-10, 1.53247858847e-10, 1.12102202521e-10, 7.29409380118e-11, 4.94250473881e-11, 5.94714000268e-11, 3.51538936849e-11, 3.41599561138e-11, 2.42219300173e-11, 1.69477782502e-11, 1.4997015782e-11, 1.68569377207e-11, 1.44605456082e-11, 1.58417758078e-11, 1.32915302029e-11, 3.41074195796e-12, 2.44558409981e-12, 2.83334141739e-12, 4.81174865577e-12, 6.51385369255e-12]}, "mfcc": {"mean": [-694.541992188, 160.951049805, 37.684589386, 20.8193798065, 9.70527076721, 17.2390804291, 7.90560722351, 11.8983697891, 16.076335907, 10.4510641098, 5.32195043564, 1.26070582867, 4.5253663063], "cov": [[9383.859375, -1634.27954102, 90.4416732788, 58.3510093689, -403.094665527, 43.9171218872, -54.1386184692, -126.791351318, -108.636512756, -178.946594238, -77.6668777466, -114.180427551, 12.9396905899], [-1634.27954102, 2519.78442383, -515.172241211, -83.6475906372, 85.2751922607, -67.3823318481, -6.77078962326, 23.6978645325, 91.7132339478, 97.8486175537, 11.2609405518, 34.0042724609, 50.1723823547], [90.4416732788, -515.172241211, 662.271789551, 58.9154891968, 38.7616577148, 88.5158309937, 14.3802337646, 22.412311554, -4.36289310455, 4.22855472565, 17.1590099335, 1.71668279171, -7.52593755722], [58.3510093689, -83.6475906372, 58.9154891968, 293.002960205, 62.2819747925, 21.296125412, 43.3869361877, 27.3542785645, -14.0867538452, -17.26420784, -43.373500824, -3.39283800125, 7.93782520294], [-403.094665527, 85.2751922607, 38.7616577148, 62.2819747925, 212.654678345, 12.0891971588, -9.15166854858, 67.3966217041, 12.0215473175, -8.96914291382, -23.4527683258, 19.2121677399, -14.1818447113], [43.9171218872, -67.3823318481, 88.5158309937, 21.296125412, 12.0891971588, 133.344940186, 55.957862854, 1.23171937466, 13.34004879, 13.0333814621, 0.492733687162, -0.467930108309, 11.8780899048], [-54.1386184692, -6.77078962326, 14.3802337646, 43.3869361877, -9.15166854858, 55.957862854, 134.28465271, 37.7978286743, -4.12452697754, 9.15896892548, -0.368445217609, -9.14363384247, 17.1835918427], [-126.791351318, 23.6978645325, 22.412311554, 27.3542785645, 67.3966217041, 1.23171937466, 37.7978286743, 131.654907227, 26.9182701111, -17.1216754913, -1.91178536415, 10.8656206131, -11.2692813873], [-108.636512756, 91.7132339478, -4.36289310455, -14.0867538452, 12.0215473175, 13.34004879, -4.12452697754, 26.9182701111, 119.735099792, 39.9676322937, -7.50996589661, 1.85098087788, 16.6202259064], [-178.946594238, 97.8486175537, 4.22855472565, -17.26420784, -8.96914291382, 13.0333814621, 9.15896892548, -17.1216754913, 39.9676322937, 98.3603744507, 34.5960578918, -1.74286520481, 3.98685932159], [-77.6668777466, 11.2609405518, 17.1590099335, -43.373500824, -23.4527683258, 0.492733687162, -0.368445217609, -1.91178536415, -7.50996589661, 34.5960578918, 101.843994141, 28.1532402039, -12.2963609695], [-114.180427551, 34.0042724609, 1.71668279171, -3.39283800125, 19.2121677399, -0.467930108309, -9.14363384247, 10.8656206131, 1.85098087788, -1.74286520481, 28.1532402039, 70.9755477905, 13.6404790878], [12.9396905899, 50.1723823547, -7.52593755722, 7.93782520294, -14.1818447113, 11.8780899048, 17.1835918427, -11.2692813873, 16.6202259064, 3.98685932159, -12.2963609695, 13.6404790878, 88.8494262695]], "icov": [[0.000137563911267, 7.6749623986e-05, 4.4809323299e-05, -6.41304141027e-05, 0.000264930218691, -0.000134589718073, 0.000174304499524, -6.02861000516e-05, 2.0633215172e-05, 0.000166369296494, 1.868709478e-05, 0.000148371167597, -6.64431790938e-05], [7.6749623986e-05, 0.00057397945784, 0.000433894107118, 7.93548388174e-05, -0.000183659649338, 4.39690811618e-05, 4.45172408945e-05, -9.16310309549e-05, -0.000122270328575, -0.000425175239798, 2.22630769713e-05, -4.51358646387e-05, -0.000309098890284], [4.4809323299e-05, 0.000433894107118, 0.00207646540366, -0.00028424145421, -0.00022904931393, -0.00134753412567, 0.000681162986439, -0.000530241639353, 0.000189542159205, -0.000377348973416, -0.000492615392432, 0.000247917487286, -0.000230424411711], [-6.41304141027e-05, 7.93548388174e-05, -0.00028424145421, 0.00425304798409, -0.00127384986263, 0.000317858619383, -0.00157091033179, 6.80635639583e-05, 0.000644343206659, -0.000327319197822, 0.00177965383045, -0.00049766455777, -0.000156032750965], [0.000264930218691, -0.000183659649338, -0.00022904931393, -0.00127384986263, 0.00764708733186, -0.0017820703797, 0.00282842013985, -0.00418887194246, 0.00106221740134, -0.000978559022769, 0.00246033305302, -0.00183860585093, 0.00100803584792], [-0.000134589718073, 4.39690811618e-05, -0.00134753412567, 0.000317858619383, -0.0017820703797, 0.011156482622, -0.00576695101336, 0.00302022346295, -0.00218048039824, 0.000186469929758, -0.000194215055672, -0.00071156269405, 5.65839654882e-05], [0.000174304499524, 4.45172408945e-05, 0.000681162986439, -0.00157091033179, 0.00282842013985, -0.00576695101336, 0.0131154805422, -0.00625668698922, 0.00340214627795, -0.00257451157086, 8.10298733995e-05, 0.00237191305496, -0.00283398246393], [-6.02861000516e-05, -9.16310309549e-05, -0.000530241639353, 6.80635639583e-05, -0.00418887194246, 0.00302022346295, -0.00625668698922, 0.0135460151359, -0.00528686260805, 0.00494361296296, -0.00211273133755, -0.00114933692385, 0.00251650856808], [2.0633215172e-05, -0.000122270328575, 0.000189542159205, 0.000644343206659, 0.00106221740134, -0.00218048039824, 0.00340214627795, -0.00528686260805, 0.0128872236237, -0.00699903862551, 0.00359477172606, -0.000412969908211, -0.00237869122066], [0.000166369296494, -0.000425175239798, -0.000377348973416, -0.000327319197822, -0.000978559022769, 0.000186469929758, -0.00257451157086, 0.00494361296296, -0.00699903862551, 0.0172807276249, -0.0072590126656, 0.00308792968281, 0.000212097249459], [1.868709478e-05, 2.22630769713e-05, -0.000492615392432, 0.00177965383045, 0.00246033305302, -0.000194215055672, 8.10298733995e-05, -0.00211273133755, 0.00359477172606, -0.0072590126656, 0.016384255141, -0.00756478216499, 0.00300118490122], [0.000148371167597, -4.51358646387e-05, 0.000247917487286, -0.00049766455777, -0.00183860585093, -0.00071156269405, 0.00237191305496, -0.00114933692385, -0.000412969908211, 0.00308792968281, -0.00756478216499, 0.0193052142859, -0.00480556022376], [-6.64431790938e-05, -0.000309098890284, -0.000230424411711, -0.000156032750965, 0.00100803584792, 5.65839654882e-05, -0.00283398246393, 0.00251650856808, -0.00237869122066, 0.000212097249459, 0.00300118490122, -0.00480556022376, 0.0140428133309]]}, "spectral_contrast_coeffs": {"dmean": [0.0633619874716, 0.0470774136484, 0.0431585535407, 0.0293843019754, 0.0208303965628, 0.0181252639741], "dmean2": [0.105242401361, 0.0798790678382, 0.0700949430466, 0.0479267984629, 0.032947640866, 0.0282607693225], "dvar": [0.00318122562021, 0.00137906963937, 0.00123956904281, 0.000609823735431, 0.000357074139174, 0.00031877841684], "dvar2": [0.00817472953349, 0.00388866383582, 0.0032490210142, 0.00157941458747, 0.000835000362713, 0.000776303873863], "max": [-0.277615725994, -0.454267799854, -0.443420708179, -0.575601935387, -0.602972149849, -0.607713878155], "mean": [-0.66707265377, -0.745975792408, -0.732025444508, -0.798660516739, -0.817779779434, -0.802285432816], "median": [-0.674794971943, -0.75094461441, -0.735250473022, -0.804055809975, -0.82853603363, -0.803749144077], "min": [-0.956937193871, -0.953021347523, -0.978112399578, -0.989346981049, -0.976012945175, -0.961638689041], "var": [0.00623561721295, 0.00409870827571, 0.00568511383608, 0.00289598712698, 0.00243614381179, 0.00145840074401]}, "spectral_contrast_valleys": {"dmean": [0.383365094662, 0.422238081694, 0.387434452772, 0.360419034958, 0.419568479061, 0.599917054176], "dmean2": [0.632553100586, 0.698937892914, 0.623472034931, 0.543215930462, 0.557086884975, 0.673247456551], "dvar": [0.142577111721, 0.186461538076, 0.162532567978, 0.152195766568, 0.2122066468, 0.427849501371], "dvar2": [0.311787843704, 0.442523241043, 0.374739378691, 0.324054390192, 0.41992893815, 0.809464454651], "max": [-4.69660282135, -4.46746397018, -5.25229787827, -5.8095664978, -5.71951341629, -7.9