{"lowlevel": {"average_loudness": 0.91155654192, "barkbands_crest": {"dmean": 2.4695122242, "dmean2": 3.95224618912, "dvar": 6.38525915146, "dvar2": 15.1796236038, "max": 25.5751571655, "mean": 9.38989543915, "median": 8.45554924011, "min": 2.52251982689, "var": 14.2738761902}, "barkbands_flatness_db": {"dmean": 0.0203555244952, "dmean2": 0.0306914076209, "dvar": 0.000387413456338, "dvar2": 0.000936288095545, "max": 0.376981467009, "mean": 0.160447567701, "median": 0.15486086905, "min": 0.0436546467245, "var": 0.00232803402469}, "barkbands_kurtosis": {"dmean": 2.68196511269, "dmean2": 4.25712633133, "dvar": 41.3382568359, "dvar2": 92.9893264771, "max": 184.875228882, "mean": 4.94417190552, "median": 3.75162553787, "min": -1.73360872269, "var": 49.0092658997}, "barkbands_skewness": {"dmean": 0.458186358213, "dmean2": 0.700115382671, "dvar": 0.322012573481, "dvar2": 0.688876986504, "max": 12.5888414383, "mean": 1.68881940842, "median": 1.66040813923, "min": -2.19131922722, "var": 0.943485438824}, "barkbands_spread": {"dmean": 3.54370760918, "dmean2": 5.467710495, "dvar": 15.4448223114, "dvar2": 35.526763916, "max": 61.9441184998, "mean": 14.6092195511, "median": 12.8626089096, "min": 1.26088273525, "var": 56.9054222107}, "dissonance": {"dmean": 0.0208222717047, "dmean2": 0.0342780910432, "dvar": 0.000361562881153, "dvar2": 0.000916544056963, "max": 0.500000059605, "mean": 0.454812645912, "median": 0.462971270084, "min": 0.211600705981, "var": 0.00123549706768}, "dynamic_complexity": 3.50327253342, "erbbands_crest": {"dmean": 2.67507219315, "dmean2": 4.21233940125, "dvar": 5.9609951973, "dvar2": 14.5894346237, "max": 27.7273483276, "mean": 9.3800907135, "median": 8.38381671906, "min": 2.36963367462, "var": 18.8395938873}, "erbbands_flatness_db": {"dmean": 0.0192215554416, "dmean2": 0.0273149628192, "dvar": 0.000367352709873, "dvar2": 0.000692420813721, "max": 0.441694289446, "mean": 0.184170097113, "median": 0.172972038388, "min": 0.0653283298016, "var": 0.00387136801146}, "erbbands_kurtosis": {"dmean": 1.16041588783, "dmean2": 1.77376759052, "dvar": 1.89232492447, "dvar2": 4.10808801651, "max": 37.5162239075, "mean": 1.54678678513, "median": 0.957252502441, "min": -1.73285651207, "var": 7.47396707535}, "erbbands_skewness": {"dmean": 0.342049121857, "dmean2": 0.522344172001, "dvar": 0.0880755484104, "dvar2": 0.202508479357, "max": 3.97515749931, "mean": 0.946998417377, "median": 0.942873716354, "min": -1.68073105812, "var": 0.46337646246}, "erbbands_spread": {"dmean": 7.4514670372, "dmean2": 11.3964748383, "dvar": 73.3371658325, "dvar2": 160.71975708, "max": 120.147636414, "mean": 32.6692352295, "median": 28.7865047455, "min": 3.44400191307, "var": 254.418746948}, "hfc": {"dmean": 4.59869337082, "dmean2": 6.97131967545, "dvar": 37.3578262329, "dvar2": 91.5803375244, "max": 78.7113723755, "mean": 18.5923366547, "median": 16.3622093201, "min": 1.09744301799e-16, "var": 150.670822144}, "melbands_crest": {"dmean": 2.98452019691, "dmean2": 4.71679592133, "dvar": 8.45262813568, "dvar2": 19.4106140137, "max": 34.3833770752, "mean": 12.7799129486, "median": 11.8439970016, "min": 1.7151542902, "var": 23.6943302155}, "melbands_flatness_db": {"dmean": 0.0224990900606, "dmean2": 0.0334365256131, "dvar": 0.000529227603693, "dvar2": 0.00120475853328, "max": 0.450618833303, "mean": 0.211439296603, "median": 0.207743093371, "min": 0.0042124367319, "var": 0.00297100073658}, "melbands_kurtosis": {"dmean": 6.0094165802, "dmean2": 9.53904247284, "dvar": 255.842727661, "dvar2": 586.248046875, "max": 426.174713135, "mean": 11.5601482391, "median": 8.38690662384, "min": -1.53642058372, "var": 283.274200439}, "melbands_skewness": {"dmean": 0.634904026985, "dmean2": 0.96995472908, "dvar": 0.660130083561, "dvar2": 1.36268079281, "max": 15.6318683624, "mean": 2.34243226051, "median": 2.22175502777, "min": -1.54085171223, "var": 1.73660886288}, "melbands_spread": {"dmean": 3.74629592896, "dmean2": 5.75263834, "dvar": 19.2241268158, "dvar2": 42.3894615173, "max": 157.145217896, "mean": 16.3385219574, "median": 14.0444536209, "min": 0.803770542145, "var": 164.999465942}, "pitch_salience": {"dmean": 0.0688343346119, "dmean2": 0.110778450966, "dvar": 0.00432938616723, "dvar2": 0.0104781091213, "max": 0.934512555599, "mean": 0.585914075375, "median": 0.597974121571, "min": 0.112773142755, "var": 0.011413294822}, "silence_rate_20dB": {"dmean": 0, "dmean2": 0, "dvar": 0, "dvar2": 0, "max": 1, "mean": 1, "median": 1, "min": 1, "var": 0}, "silence_rate_30dB": {"dmean": 0.0125028938055, "dmean2": 0.0250086840242, "dvar": 0.0123447971418, "dvar2": 0.0329489521682, "max": 1, "mean": 0.99166572094, "median": 1, "min": 0, "var": 0.0082641299814}, "silence_rate_60dB": {"dmean": 0.0023153508082, "dmean2": 0.00463123759255, "dvar": 0.00231013912708, "dvar2": 0.00692600384355, "max": 1, "mean": 0.0810278952122, "median": 0, "min": 0, "var": 0.0744581595063}, "spectral_centroid": {"dmean": 178.134536743, "dmean2": 274.893707275, "dvar": 63705.9023438, "dvar2": 130267.976562, "max": 11526.4287109, "mean": 1137.66870117, "median": 959.77923584, "min": 301.577606201, "var": 791449.5}, "spectral_complexity": {"dmean": 3.32553839684, "dmean2": 5.25228691101, "dvar": 14.865562439, "dvar2": 34.3892860413, "max": 45, "mean": 17.3891658783, "median": 17, "min": 0, "var": 55.9046707153}, "spectral_decrease": {"dmean": 2.34098607166e-09, "dmean2": 3.6013674265e-09, "dvar": 1.32445984197e-17, "dvar2": 2.93569509594e-17, "max": 2.18829360292e-28, "mean": -9.15597198059e-09, "median": -9.41279321154e-09, "min": -4.97020593571e-08, "var": 4.39506106478e-17}, "spectral_energy": {"dmean": 0.00913695059717, "dmean2": 0.0140307117254, "dvar": 0.000195936634555, "dvar2": 0.000434522720752, "max": 0.189296856523, "mean": 0.036243211478, "median": 0.0370336659253, "min": 1.00787740957e-20, "var": 0.000667169282679}, "spectral_energyband_high": {"dmean": 0.000278738036286, "dmean2": 0.000431948836194, "dvar": 2.30580482707e-07, "dvar2": 5.83481380545e-07, "max": 0.00740755023435, "mean": 0.000608793809079, "median": 0.00037165710819, "min": 7.18822618027e-21, "var": 5.30197382886e-07}, "spectral_energyband_low": {"dmean": 0.00611213454977, "dmean2": 0.00967618171126, "dvar": 0.000183338794159, "dvar2": 0.000401163648348, "max": 0.183368563652, "mean": 0.0144176678732, "median": 0.0117055429146, "min": 1.96221861099e-23, "var": 0.000324326741975}, "spectral_energyband_middle_high": {"dmean": 0.00140637927689, "dmean2": 0.00216431589797, "dvar": 2.85634973807e-06, "dvar2": 6.4349223976e-06, "max": 0.0393977314234, "mean": 0.00413714582101, "median": 0.00343137676828, "min": 1.1645829598e-21, "var": 1.12072139018e-05}, "spectral_energyband_middle_low": {"dmean": 0.00549371214584, "dmean2": 0.00841826945543, "dvar": 4.3960124458e-05, "dvar2": 0.000106960505946, "max": 0.105964668095, "mean": 0.0189575497061, "median": 0.0166070275009, "min": 1.42018818094e-22, "var": 0.000202869850909}, "spectral_entropy": {"dmean": 0.160162657499, "dmean2": 0.226841837168, "dvar": 0.0274268612266, "dvar2": 0.0530066639185, "max": 9.81893157959, "mean": 7.47480487823, "median": 7.50402069092, "min": 5.59306144714, "var": 0.161269396544}, "spectral_flux": {"dmean": 0.0234944224358, "dmean2": 0.0355052277446, "dvar": 0.000898267375305, "dvar2": 0.00190710590687, "max": 0.355778932571, "mean": 0.0832079276443, "median": 0.0747702643275, "min": 6.49217485327e-11, "var": 0.00248556071892}, "spectral_kurtosis": {"dmean": 1.56431174278, "dmean2": 2.60357189178, "dvar": 4.84422016144, "dvar2": 12.2053623199, "max": 66.6029815674, "mean": 3.86533713341, "median": 2.9852142334, "min": -1.23923051357, "var": 11.4090204239}, "spectral_rms": {"dmean": 0.000680909026414, "dmean2": 0.0010290365899, "dvar": 7.49215075757e-07, "dvar2": 1.57895146913e-06, "max": 0.0135896969587, "mean": 0.00543533824384, "median": 0.00601085741073, "min": 3.13575359255e-12, "var": 5.81631411478e-06}, "spectral_rolloff": {"dmean": 251.289154053, "dmean2": 413.436920166, "dvar": 193070.515625, "dvar2": 391305.625, "max": 19444.4824219, "mean": 1194.63562012, "median": 753.662109375, "min": 64.599609375, "var": 3336778.5}, "spectral_skewness": {"dmean": 0.221339344978, "dmean2": 0.350343197584, "dvar": 0.0573508292437, "dvar2": 0.135471299291, "max": 5.9447016716, "mean": 1.51037847996, "median": 1.43742239475, "min": -0.0743794292212, "var": 0.233291372657}, "spectral_spread": {"dmean": 468098.75, "dmean2": 683395.0625, "dvar": 769111097344, "dvar2": 1469018406910.0, "max": 49336500, "mean": 4545007.5, "median": 4328437.5, "min": 1210945.875, "var": 7337748201470.0}, "spectral_strongpeak": {"dmean": 0.45038241148, "dmean2": 0.753402590752, "dvar": 0.362908691168, "dvar2": 0.843973875046, "max": 6.79868936539, "mean": 0.957304000854, "median": 0.586330831051, "min": 0, "var": 0.912767410278}, "zerocrossingrate": {"dmean": 0.00685560889542, "dmean2": 0.00835092645139, "dvar": 5.81185995543e-05, "dvar2": 8.74731922522e-05, "max": 0.52099609375, "mean": 0.0528638623655, "median": 0.0439453125, "min": 0.0048828125, "var": 0.00236958311871}, "barkbands": {"dmean": [0.000188875230378, 0.00489637674764, 0.00207911897451, 0.00157734332606, 0.0020806628745, 0.00155629299115, 0.00130162888672, 0.00210154708475, 0.00121389492415, 0.000520664907526, 0.000367197499145, 0.000424750818638, 0.000389144202927, 0.000243017537287, 0.000143346333061, 7.91915153968e-05, 5.6776774727e-05, 7.29800594854e-05, 0.000114209018648, 0.00013404841593, 5.484268695e-05, 9.46945947362e-05, 6.06115972914e-05, 3.12109732477e-05, 1.82868261618e-05, 4.5700321607e-06, 9.37930906275e-07], "dmean2": [0.000270189804723, 0.00783571414649, 0.0035171660129, 0.00260822381824, 0.0034737419337, 0.00232381280512, 0.00197556940839, 0.00316011277027, 0.00188999564853, 0.000819076376501, 0.000591291463934, 0.00069158145925, 0.000621454673819, 0.000389662891394, 0.000227476339205, 0.00012742682884, 8.90250157681e-05, 0.000122350305901, 0.000190538907191, 0.000217246066313, 9.00197555893e-05, 0.000149584026076, 9.47643420659e-05, 4.92609033245e-05, 2.93197845167e-05, 7.30068722987e-06, 1.53028929617e-06], "dvar": [2.31616382962e-07, 0.000174239859916, 1.71560986928e-05, 7.5214466051e-06, 1.32311843117e-05, 7.15061969458e-06, 4.21296999775e-06, 1.39856410897e-05, 3.51052017322e-06, 7.44144927012e-07, 3.39036176911e-07, 5.21157744515e-07, 6.95283404184e-07, 3.06506535708e-07, 1.00695743299e-07, 3.18354125284e-08, 1.51778660751e-08, 1.67311728916e-08, 4.44329977256e-08, 4.85487916535e-08, 1.15747162965e-08, 2.81111454115e-08, 1.07537525551e-08, 3.31057159464e-09, 1.22452925577e-09, 8.46483022565e-11, 5.62179426275e-12], "dvar2": [4.49717134643e-07, 0.00040482939221, 4.92729268444e-05, 2.0428591597e-05, 3.59997466148e-05, 1.43368624776e-05, 9.00052418729e-06, 3.11717158183e-05, 8.53990150063e-06, 1.65908807048e-06, 8.03994794296e-07, 1.22504081901e-06, 1.48319816162e-06, 7.18267585853e-07, 2.25150415645e-07, 7.38470760098e-08, 3.43042323436e-08, 4.46810091148e-08, 1.16225351121e-07, 1.17324390203e-07, 3.09521475117e-08, 6.69270363574e-08, 2.68482178711e-08, 8.4840561243e-09, 3.20308646273e-09, 2.15195264386e-10, 1.51016300159e-11], "max": [0.00544667802751, 0.169688656926, 0.0570426769555, 0.0403795316815, 0.0511532723904, 0.0651562288404, 0.0506776385009, 0.0974738076329, 0.0403022356331, 0.0386121384799, 0.0111365970224, 0.0183802004904, 0.0263067223132, 0.0150037119165, 0.0116335805506, 0.00598627701402, 0.00352353812195, 0.00356586044654, 0.00407373439521, 0.00438013393432, 0.00193094846327, 0.00465063424781, 0.00137152872048, 0.00118600693531, 0.00044536284986, 0.000109862550744, 3.31730698235e-05], "mean": [0.000251127290539, 0.00736354198307, 0.00497602624819, 0.00305174663663, 0.00339823565446, 0.00312492949888, 0.00265614548698, 0.00437712948769, 0.00220226403326, 0.00104169966653, 0.000588630326092, 0.00065927777905, 0.000664795632474, 0.000375216477551, 0.000220695714233, 0.000130912478198, 0.000103853992186, 0.000120307166071, 0.000185924305697, 0.00025323202135, 8.93388132681e-05, 0.00019496169989, 0.000118992822536, 5.52171222807e-05, 3.20725048368e-05, 5.98533824814e-06, 9.47447631461e-07], "median": [1.38597497426e-05, 0.00282412860543, 0.00305189262144, 0.0016965175746, 0.00203164853156, 0.00159254483879, 0.0013207308948, 0.00177146343049, 0.00124137464445, 0.000618227175437, 0.000318064790918, 0.000346740940586, 0.000313540193019, 0.000163851378602, 0.00010831351392, 5.66277703911e-05, 4.37112685177e-05, 7.84754447523e-05, 0.000103815247712, 0.000149325234815, 4.55619010609e-05, 0.000110254259198, 6.96481365594e-05, 2.49184449785e-05, 1.01069117591e-05, 1.3246076378e-06, 1.71465231347e-07], "min": [3.84336730809e-25, 3.92185867234e-24, 1.43126169756e-24, 1.29871965485e-24, 8.74420206799e-24, 4.97844674145e-24, 9.91083741667e-24, 6.96241692972e-24, 1.65876827544e-23, 2.01645753139e-23, 2.26050490528e-23, 2.94005303932e-23, 1.86714746128e-23, 4.88905097263e-23, 4.59436188406e-23, 6.82534950754e-23, 6.71947869426e-23, 6.43007970693e-23, 1.11901181583e-22, 1.96276229393e-22, 2.8843309342e-22, 3.60237005306e-22, 4.25796975841e-22, 6.17633458193e-22, 9.15373999579e-22, 1.22873287617e-21, 2.08992513199e-21], "var": [4.43108888248e-07, 0.000209027290111, 4.01218712796e-05, 1.4680123968e-05, 1.81180330401e-05, 2.41606758209e-05, 1.52454767886e-05, 6.19162528892e-05, 8.69380164659e-06, 2.16296302824e-06, 6.71590498769e-07, 1.01753551007e-06, 1.82681219485e-06, 5.93525896875e-07, 1.85798313623e-07, 9.73539329152e-08, 4.2781518772e-08, 2.06363068855e-08, 6.31513543681e-08, 1.11967096927e-07, 1.66151448155e-08, 6.43756123964e-08, 2.22549783047e-08, 6.48817799487e-09, 2.68007505078e-09, 1.06191472282e-10, 4.81279556139e-12]}, "erbbands": {"dmean": [0.160949721932, 1.08081662655, 2.10864114761, 4.05501937866, 5.75911140442, 7.32055330276, 9.98868656158, 14.217291832, 16.5481319427, 23.3457050323, 45.5093421936, 31.9816875458, 15.437245369, 14.7042798996, 16.9570846558, 12.559709549, 18.2049942017, 10.6647377014, 9.90131950378, 7.39198827744, 3.19912338257, 3.41569328308, 3.88612508774, 4.31255054474, 6.7056388855, 6.13474416733, 2.97844028473, 2.32896018028, 3.28965592384, 2.98842835426, 1.501745224, 0.736822068691, 0.523891031742, 0.248729377985, 0.114340245724, 0.032629724592, 0.00629061087966, 0.00150533334818, 0.000127100996906, 1.22794772324e-05], "dmean2": [0.247492343187, 1.78961241245, 3.55461263657, 6.85873699188, 9.89044094086, 12.3832788467, 15.7214651108, 21.3004932404, 24.9592437744, 34.5049743652, 69.1871261597, 49.2029418945, 24.3673782349, 22.9315071106, 26.8737182617, 20.5658874512, 29.2035636902, 17.2256813049, 15.476817131, 11.5515289307, 5.03710269928, 5.26627111435, 6.4602856636, 7.22442483902, 11.0207147598, 9.93202114105, 4.86044502258, 3.73623943329, 5.20607757568, 4.79267501831, 2.34556865692, 1.16143476963, 0.824484169483, 0.397924721241, 0.183393791318, 0.0519820339978, 0.0100728375837, 0.00241798884235, 0.000204714480788, 1.87255063793e-05], "dvar": [0.216090336442, 8.05929088593, 17.1697635651, 58.9847564697, 126.328765869, 163.047973633, 253.048187256, 756.640808105, 739.3984375, 1456.25720215, 7796.18164062, 2644.8215332, 577.068908691, 677.211486816, 651.742919922, 357.202331543, 1532.85583496, 526.951660156, 568.599975586, 291.26272583, 75.9587402344, 58.506111145, 50.9040184021, 67.3943786621, 154.483718872, 101.686630249, 32.8462219238, 18.603307724, 35.417514801, 31.7910041809, 6.36603116989, 1.9257298708, 0.942037761211, 0.20960777998, 0.0513379313052, 0.00408027833328, 0.000167251608218, 1.1903253835e-05, 8.17357559413e-08, 3.50883266886e-10], "dvar2": [0.473779052496, 19.9747638702, 48.1956787109, 163.515380859, 359.468841553, 447.405731201, 623.900939941, 1425.46826172, 1531.71411133, 3083.57080078, 18123.1113281, 6211.79052734, 1379.67297363, 1544.46203613, 1457.18005371, 893.866027832, 3373.98925781, 1362.90698242, 1278.44946289, 583.898376465, 174.628555298, 127.497016907, 135.086685181, 182.22428894, 393.475402832, 246.88470459, 83.8584442139, 46.7784080505, 81.4546432495, 82.9378356934, 15.4240837097, 4.76788949966, 2.44260978699, 0.539189457893, 0.135075002909, 0.0104201221839, 0.000422839453677, 3.12572155963e-05, 2.15536218207e-07, 7.8626866129e-10], "max": [5.94847869873, 34.2808990479, 60.0975494385, 103.042854309, 131.512954712, 201.712173462, 348.999847412, 727.551574707, 785.182495117, 851.478088379, 2018.66271973, 1231.60632324, 686.415405273, 710.737243652, 428.760314941, 521.140197754, 1359.78063965, 485.018493652, 628.350097656, 784.672363281, 398.835876465, 209.411437988, 223.239883423, 137.646224976, 229.731033325, 206.010818481, 137.508987427, 76.7886734009, 202.791183472, 109.260780334, 43.2179298401, 32.6304473877, 19.0128917694, 7.78091144562, 3.03201532364, 0.787181437016, 0.176117196679, 0.0422722026706, 0.00462777819484, 0.000233792030485], "mean": [0.189248979092, 1.74050450325, 5.50218725204, 8.87561035156, 8.79006576538, 11.1010913849, 19.3505058289, 28.5130748749, 35.019203186, 54.2586326599, 95.7340164185, 58.8004417419, 31.6796875, 31.1610221863, 31.197719574, 22.2093029022, 31.7494277954, 19.2635173798, 15.7135324478, 11.7532396317, 6.15560913086, 6.70301151276, 6.85872077942, 6.85055303574, 12.0693902969, 11.4710540771, 5.3163061142, 4.181245327, 6.72642707825, 5.7644701004, 2.90877079964, 1.25321424007, 0.938791275024, 0.473612427711, 0.171832561493, 0.0450095199049, 0.00784022733569, 0.00165190396365, 0.00015127423103, 4.54040746263e-05], "median": [0.0301161054522, 0.885715901852, 3.69746661186, 6.15406942368, 5.09630489349, 6.34017562866, 11.4518842697, 13.4674568176, 17.3984050751, 31.2647533417, 40.1073646545, 33.0531463623, 20.6613311768, 19.0543251038, 19.265712738, 14.021446228, 15.683713913, 9.1875038147, 7.34305715561, 6.16585159302, 2.26543331146, 2.78921484947, 4.31666851044, 4.18165826797, 6.81230449677, 6.67994213104, 2.78011131287, 2.25418257713, 3.75394415855, 3.23948359489, 1.64592111111, 0.553680539131, 0.414483249187, 0.156701773405, 0.0555833205581, 0.0120325544849, 0.00153466477059, 0.000383759092074, 4.89701778861e-05, 4.51197665825e-05], "min": [1.2257112486e-22, 3.88925339452e-22, 1.90320263925e-21, 5.4876268514e-21, 1.32974736074e-20, 2.21294385274e-20, 5.04915407988e-20, 5.46518876949e-20, 1.55594883344e-19, 1.49759408466e-19, 3.4726319075e-19, 4.40145699072e-19, 7.37622077825e-19, 8.40040014055e-19, 1.22135523209e-18, 1.50198369953e-18, 1.15126976976e-18, 2.93261790134e-18, 2.37585317759e-18, 2.92903331416e-18, 4.19650520957e-18, 4.63714225393e-18, 3.47505647728e-18, 6.125364253e-18, 7.60909548853e-18, 9.5802561349e-18, 1.04464077077e-17, 1.16389804665e-17, 1.14222103424e-17, 1.1381727296e-17, 1.16031627188e-17, 1.29159603895e-17, 1.07501782071e-17, 8.504758384e-18, 6.00307221688e-18, 3.75980182262e-18, 2.30570495292e-18, 9.81561879767e-19, 2.68178520336e-19, 2.80532133205e-20], "var": [0.259764283895, 9.21831512451, 44.1055297852, 110.674484253, 144.248504639, 215.479629517, 597.969787598, 2652.52050781, 2764.42675781, 5139.73925781, 28818.6425781, 6723.42431641, 1441.95812988, 1870.01037598, 1405.62902832, 783.632629395, 3825.77124023, 1116.14233398, 1065.30957031, 651.646606445, 330.279846191, 174.481063843, 70.7032928467, 71.5891647339, 284.339813232, 226.195327759, 77.7579345703, 32.1671600342, 81.7860412598, 58.7164993286, 13.8687314987, 3.51547050476, 1.90031945705, 0.604667842388, 0.073142491281, 0.00540092075244, 0.00020303974452, 1.14734020826e-05, 8.14479790279e-08, 1.05461861466e-09]}, "gfcc": {"mean": [-25.9744434357, 99.2829284668, -133.48588562, 20.2125511169, -87.1932525635, 7.56396389008, -30.627286911, 0.819329798222, -20.1688156128, 0.19928444922, -7.2238984108, -7.31521844864, -11.7545490265], "cov": [[24729.6894531, 4285.47851562, 3369.89355469, 1470.99353027, -117.947319031, 936.721435547, -668.921508789, 474.986419678, -428.336334229, 159.680892944, -469.298065186, -317.688415527, -419.290161133], [4285.47851562, 2134.46069336, 1344.55566406, 441.16229248, 452.484100342, 157.872055054, 86.0763168335, 157.265518188, 30.242975235, -50.3671646118, 21.1924762726, -164.714111328, -42.5385093689], [3369.89355469, 1344.55566406, 2755.82104492, 977.555480957, 987.548950195, 624.536865234, 191.227600098, 417.010772705, -27.5288085938, 108.036735535, -122.528755188, -59.7621955872, -217.896194458], [1470.99353027, 441.16229248, 977.555480957, 706.730224609, 544.317749023, 311.9296875, 166.342758179, 204.681838989, 55.8783493042, 73.9179382324, -60.2746315002, -16.3452625275, -88.5899505615], [-117.947319031, 452.484100342, 987.548950195, 544.317749023, 776.803894043, 263.665557861, 245.379806519, 220.353652954, 97.7643966675, 73.3335494995, -6.82818603516, -14.4989070892, -77.3784103394], [936.721435547, 157.872055054, 624.536865234, 311.9296875, 263.665557861, 366.267486572, 163.391540527, 121.308944702, 12.0790452957, 65.6379699707, -28.0535316467, -13.8295440674, -77.5918579102], [-668.921508789, 86.0763168335, 191.227600098, 166.342758179, 245.379806519, 163.391540527, 313.082214355, 96.6180877686, 91.3266220093, 30.9405937195, 35.9092521667, -9.55539703369, -29.6520442963], [474.986419678, 157.265518188, 417.010772705, 204.681838989, 220.353652954, 121.308944702, 96.6180877686, 163.274551392, 50.6667633057, 49.7714309692, -12.3072395325, 4.03911685944, -34.9555549622], [-428.336334229, 30.242975235, -27.5288085938, 55.8783493042, 97.7643966675, 12.0790452957, 91.3266220093, 50.6667633057, 132.731399536, 38.905872345, 22.2195682526, -6.35406494141, 13.2145662308], [159.680892944, -50.3671646118, 108.036735535, 73.9179382324, 73.3335494995, 65.6379699707, 30.9405937195, 49.7714309692, 38.905872345, 101.25138092, 2.89761519432, 13.3476581573, -16.2088661194], [-469.298065186, 21.1924762726, -122.528755188, -60.2746315002, -6.82818603516, -28.0535316467, 35.9092521667, -12.3072395325, 22.2195682526, 2.89761519432, 93.1132202148, 27.6770267487, 32.4003868103], [-317.688415527, -164.714111328, -59.7621955872, -16.3452625275, -14.4989070892, -13.8295440674, -9.55539703369, 4.03911685944, -6.35406494141, 13.3476581573, 27.6770267487, 92.8206939697, 29.846534729], [-419.290161133, -42.5385093689, -217.896194458, -88.5899505615, -77.3784103394, -77.5918579102, -29.6520442963, -34.9555549622, 13.2145662308, -16.2088661194, 32.4003868103, 29.846534729, 88.9523620605]], "icov": [[0.000268269737717, -0.000768949161284, 0.000339950696798, -0.000557503022719, 0.00077014771523, -0.000773090228904, 0.000808381009847, -0.000893557968084, 0.000602291023824, -0.00068485114025, 0.000776311440859, -0.000538382329978, 0.000771837017965], [-0.000768949161284, 0.00333549943753, -0.0017875287449, 0.00123444246128, -0.00189613341354, 0.00281093479134, -0.00233556888998, 0.00263455882668, -0.00205668830313, 0.0027451843489, -0.00383567996323, 0.00375027256086, -0.00317494431511], [0.000339950696798, -0.0017875287449, 0.00237128091976, -0.000861385604367, -0.000247324351221, -0.00249892822467, 0.00202770228498, -0.00296460092068, 0.00217012711801, -0.0010134303011, 0.00201106118038, -0.00170205591712, 0.00214588805102], [-0.000557503022719, 0.00123444246128, -0.000861385604367, 0.00567407580093, -0.00358323170803, -9.92140558083e-05, -0.00131255621091, 0.00117531302385, -0.0019061017083, 0.00125572166871, 0.000755813380238, -0.000120373537356, -0.00139876804315], [0.00077014771523, -0.00189613341354, -0.000247324351221, -0.00358323170803, 0.0066151721403, -0.000913217896596, 0.000532578036655, -0.0028469148092, 0.000471229519462, -0.00194767769426, 0.000795411411673, -0.0010796263814, 0.00221322756261], [-0.000773090228904, 0.00281093479134, -0.00249892822467, -9.92140558083e-05, -0.000913217896596, 0.00976072624326, -0.005879284814, 0.00311030796729, -0.000111963585368, -0.000523397524375, -0.00252228439786, 0.0026127488818, -0.00157450383995], [0.000808381009847, -0.00233556888998, 0.00202770228498, -0.00131255621091, 0.000532578036655, -0.005879284814, 0.00982232019305, -0.00471426546574, -0.0011593666859, 0.000328049412929, -0.000474042230053, -0.00111553468741, 0.00388886011206], [-0.000893557968084, 0.00263455882668, -0.00296460092068, 0.00117531302385, -0.0028469148092, 0.00311030796729, -0.00471426546574, 0.0181399136782, -0.00611384958029, -0.000187534329598, -0.000970665714704, -0.000888606708031, -0.00172420707531], [0.000602291023824, -0.00205668830313, 0.00217012711801, -0.0019061017083, 0.000471229519462, -0.000111963585368, -0.0011593666859, -0.00611384958029, 0.0159842148423, -0.00653911847621, 0.00122648500837, 0.00194701598957, -0.00186992506497], [-0.00068485114025, 0.0027451843489, -0.0010134303011, 0.00125572166871, -0.00194767769426, -0.000523397524375, 0.000328049412929, -0.000187534329598, -0.00653911847621, 0.0169027093798, -0.004117669072, 1.39704225148e-05, 0.00028421121533], [0.000776311440859, -0.00383567996323, 0.00201106118038, 0.000755813380238, 0.000795411411673, -0.00252228439786, -0.000474042230053, -0.000970665714704, 0.00122648500837, -0.004117669072, 0.0203622188419, -0.00834536366165, -9.29223097046e-05], [-0.000538382329978, 0.00375027256086, -0.00170205591712, -0.000120373537356, -0.0010796263814, 0.0026127488818, -0.00111553468741, -0.000888606708031, 0.00194701598957, 1.39704225148e-05, -0.00834536366165, 0.0199159234762, -0.00834407284856], [0.000771837017965, -0.00317494431511, 0.00214588805102, -0.00139876804315, 0.00221322756261, -0.00157450383995, 0.00388886011206, -0.00172420707531, -0.00186992506497, 0.00028421121533, -9.29223097046e-05, -0.00834407284856, 0.0215590577573]]}, "melbands": {"dmean": [0.00139313784894, 0.0011163786985, 0.000689664622769, 0.000477773603052, 0.000330739712808, 0.000304196728393, 0.000263413210632, 0.000312999880407, 0.000327963905875, 0.000185613214853, 7.86829550634e-05, 6.5217827796e-05, 6.05899149377e-05, 5.64984184166e-05, 2.80466174445e-05, 4.03442791139e-05, 1.90691171156e-05, 1.89474376384e-05, 9.59047611104e-06, 7.54443317419e-06, 3.67604866369e-06, 3.28345231537e-06, 4.4976945901e-06, 3.48945900441e-06, 3.60833519153e-06, 4.76053992315e-06, 5.51909033675e-06, 4.06157596444e-06, 2.34493586504e-06, 1.16963576602e-06, 1.55715576966e-06, 2.02967044061e-06, 1.95692541638e-06, 1.6226712205e-06, 9.30273301947e-07, 6.57048019548e-07, 4.18847093897e-07, 3.9019417386e-07, 3.04937088913e-07, 1.9567833931e-07], "dmean2": [0.0021864073351, 0.0018294188194, 0.00116363866255, 0.000826323928777, 0.000518090382684, 0.00045372635941, 0.000394929171307, 0.000459611299448, 0.000500024994835, 0.000287108472548, 0.000124140802654, 0.000101922094473, 9.64097052929e-05, 9.23081388464e-05, 4.67607023893e-05, 6.32460214547e-05, 3.11921430693e-05, 2.9599710615e-05, 1.52316179083e-05, 1.19313690448e-05, 5.87833528698e-06, 5.07864160681e-06, 7.42201336834e-06, 5.9095054894e-06, 6.08000118518e-06, 7.96770746092e-06, 8.99088718143e-06, 6.5956915023e-06, 3.85720341001e-06, 1.9286967472e-06, 2.51583378486e-06, 3.23009294334e-06, 3.16421846946e-06, 2.60511706074e-06, 1.46706179294e-06, 1.04978369109e-06, 6.70156680371e-07, 6.17963280547e-07, 4.89705485052e-07, 3.16921557442e-07], "dvar": [1.5400841221e-05, 5.07718505105e-06, 1.5459658016e-06, 8.95035611848e-07, 2.36561675138e-07, 3.25504288412e-07, 1.79068649686e-07, 2.24575671837e-07, 3.83018544881e-07, 9.04365222709e-08, 1.54090447069e-08, 1.36217117586e-08, 9.14332520807e-09, 9.82787984327e-09, 2.80581957668e-09, 9.22571885553e-09, 1.85258319796e-09, 2.43155429125e-09, 4.31368135656e-10, 2.77079664768e-10, 1.35940855794e-10, 6.74813122048e-11, 7.68856367461e-11, 3.65071722852e-11, 4.97617259898e-11, 7.4971133468e-11, 1.02982636307e-10, 4.93373952803e-11, 2.14985425295e-11, 5.69593807884e-12, 7.89832435566e-12, 1.39267902766e-11, 1.28113197134e-11, 9.31081427236e-12, 2.40604693287e-12, 1.44199344305e-12, 7.34007906539e-13, 5.55368576648e-13, 2.84115369035e-13, 1.38905732619e-13], "dvar2": [3.49978545273e-05, 1.3284776287e-05, 4.25681537308e-06, 2.52010590884e-06, 5.69176393128e-07, 6.14108842001e-07, 3.71095239871e-07, 4.69917409873e-07, 9.09354810119e-07, 2.16978335743e-07, 3.65727892415e-08, 3.08634646728e-08, 2.08855706063e-08, 2.33291146401e-08, 7.25452897754e-09, 1.80200938615e-08, 4.85382267712e-09, 5.3602429162e-09, 9.59417656432e-10, 5.75433312111e-10, 3.1241895182e-10, 1.4994487596e-10, 1.94700505718e-10, 1.00714853124e-10, 1.34450978129e-10, 1.97434471549e-10, 2.50024306814e-10, 1.219899598e-10, 5.27575969023e-11, 1.53376929213e-11, 1.92286325751e-11, 3.17939563566e-11, 3.23684724857e-11, 2.46113303348e-11, 5.85489426039e-12, 3.54224267106e-12, 1.88560061662e-12, 1.46437007485e-12, 7.33971694186e-13, 3.60348578234e-13], "max": [0.0515387319028, 0.033215213567, 0.0173005964607, 0.0144812949002, 0.0108740245923, 0.0149930808693, 0.0116811804473, 0.01127847936, 0.0132405236363, 0.00685007218271, 0.00408106157556, 0.00380721478723, 0.00178129831329, 0.00277043390088, 0.00226297322661, 0.00281420606188, 0.00109245767817, 0.00144955771975, 0.00077692233026, 0.000623610569164, 0.00055145699298, 0.000195187574718, 0.000248267868301, 0.000145110694575, 0.000123120989883, 0.000161987627507, 0.000240462934016, 0.00016676854284, 0.000139994066558, 3.45786102116e-05, 6.41754231765e-05, 0.000141017560964, 6.72691094223e-05, 5.51788580196e-05, 2.83172266791e-05, 2.15888794628e-05, 2.0654675609e-05, 1.75618552021e-05, 6.98911617292e-06, 6.14505142948e-06], "mean": [0.001869258238, 0.00274471542798, 0.00153724092524, 0.000688667176291, 0.000657987780869, 0.00060945173027, 0.000556277402211, 0.000733448890969, 0.000694800750352, 0.000329956528731, 0.000150939406012, 0.000131844601128, 0.000103726233647, 8.55192920426e-05, 4.65563171019e-05, 7.11083339411e-05, 3.04615477944e-05, 2.79329160549e-05, 1.53721921379e-05, 1.12800189527e-05, 6.49818321108e-06, 5.99012355451e-06, 7.58205897e-06, 5.42793986824e-06, 5.263359526e-06, 7.72157090978e-06, 9.97347160592e-06, 7.06109494786e-06, 4.00419958169e-06, 1.71535759819e-06, 2.71631029136e-06, 3.99609598389e-06, 3.51251742359e-06, 3.06730316879e-06, 1.7639847556e-06, 1.05041715415e-06, 6.58321368974e-07, 6.69113831009e-07, 5.50717402348e-07, 3.51818528088e-07], "median": [0.000510494224727, 0.00212036655284, 0.00115362799261, 0.000383263308322, 0.00040368293412, 0.000291106349323, 0.000274617632385, 0.000393312308006, 0.000313831929816, 0.000176893445314, 9.22257895581e-05, 7.54054053687e-05, 5.89275441598e-05, 4.29461579188e-05, 2.76193077298e-05, 3.05275461869e-05, 1.40169477163e-05, 1.18884145195e-05, 8.03601687949e-06, 5.55083306608e-06, 1.74824015176e-06, 2.12814597944e-06, 4.07360676036e-06, 3.48971570929e-06, 2.99663611258e-06, 4.14170062868e-06, 5.50593404114e-06, 3.88968283005e-06, 1.95852817342e-06, 8.20944876523e-07, 1.38480493206e-06, 2.12207714867e-06, 1.93850587493e-06, 1.6648265273e-06, 1.00332317743e-06, 4.78287006445e-07, 2.5652937552e-07, 2.80555582322e-07, 2.25124040298e-07, 9.79851435545e-08], "min": [1.28488796495e-24, 8.58549962272e-25, 1.45851615159e-24, 2.06076126145e-24, 1.4739269438e-24, 1.57278156902e-24, 2.33341131181e-24, 1.95728065727e-24, 3.67499254066e-24, 2.67163049455e-24, 3.45517802714e-24, 2.68099249855e-24, 3.98644863111e-24, 2.99436078784e-24, 2.10022935304e-24, 2.40786025696e-24, 4.85537418504e-24, 3.88868194368e-24, 2.97282606841e-24, 3.45603709667e-24, 3.35546916416e-24, 3.64089994449e-24, 2.8536429907e-24, 3.25008405254e-24, 4.05623166121e-24, 4.66985342723e-24, 5.94042238346e-24, 6.05600155013e-24, 6.41988296975e-24, 6.09636835151e-24, 5.13925012052e-24, 4.77600688937e-24, 7.12183309689e-24, 5.93439075298e-24, 5.94822224566e-24, 6.300512932e-24, 6.6342397491e-24, 6.44926409417e-24, 7.17036855295e-24, 6.36194350285e-24], "var": [1.80533897947e-05, 1.016546139e-05, 3.03338197227e-06, 9.81122411758e-07, 6.19747027031e-07, 1.1512876199e-06, 6.8872287784e-07, 1.0347529269e-06, 1.3263946812e-06, 2.2090395646e-07, 3.81228026924e-08, 3.7800308661e-08, 1.87929938278e-08, 1.9451677602e-08, 4.66967664536e-09, 2.69848303702e-08, 3.26306026643e-09, 4.6046677582e-09, 8.14278811045e-10, 5.76082959114e-10, 5.76085235071e-10, 1.94847610269e-10, 1.27729465893e-10, 4.15158844802e-11, 4.97706736935e-11, 1.18588555642e-10, 2.28214558362e-10, 9.8671043558e-11, 5.50435218238e-11, 6.81089473015e-12, 1.52024226541e-11, 3.29850174952e-11, 2.16989967661e-11, 1.78024279346e-11, 5.06523599106e-12, 2.47794818518e-12, 1.15775336366e-12, 1.13417868847e-12, 6.26488281825e-13, 4.0355533585e-13]}, "mfcc": {"mean": [-650.656433105, 123.545028687, 2.84735202789, 7.66836881638, -25.7980003357, -1.82848477364, -5.7434015274, -1.89625298977, -11.7085704803, 4.64495992661, 3.6916911602, -5.70892095566, 1.50470781326], "cov": [[10617.2490234, 1888.59851074, 1825.17565918, 995.66394043, 573.917480469, 710.792358398, 333.981719971, 316.774993896, 278.077178955, 312.673675537, 320.752197266, 34.5195846558, 37.4472694397], [1888.59851074, 1635.96875, 657.696289062, 528.889587402, 392.715057373, 190.845718384, 280.263275146, 208.933120728, 153.906051636, 154.470916748, 142.2290802, 96.2369995117, 28.3724803925], [1825.17565918, 657.696289062, 1252.39526367, 607.406982422, 631.580688477, 425.750152588, 416.298858643, 312.829833984, 246.897232056, 192.58505249, 185.284439087, 106.488525391, 27.3975391388], [995.66394043, 528.889587402, 607.406982422, 660.643188477, 537.551330566, 260.56362915, 262.781005859, 210.579833984, 212.452392578, 149.609863281, 114.329772949, 105.54485321, 42.4216766357], [573.917480469, 392.715057373, 631.580688477, 537.551330566, 660.041687012, 282.918487549, 292.25491333, 202.813171387, 204.653579712, 150.779220581, 108.624923706, 103.830810547, 32.8417205811], [710.792358398, 190.845718384, 425.750152588, 260.56362915, 282.918487549, 312.711303711, 228.176559448, 149.839920044, 134.616607666, 107.781150818, 111.637306213, 46.7487220764, 28.1728820801], [333.981719971, 280.263275146, 416.298858643, 262.781005859, 292.25491333, 228.176559448, 319.438598633, 180.81791687, 127.386024475, 105.316215515, 105.748100281, 61.7028160095, 22.8536243439], [316.774993896, 208.933120728, 312.829833984, 210.579833984, 202.813171387, 149.839920044, 180.81791687, 185.488327026, 111.031829834, 75.3684082031, 69.5172958374, 44.8877182007, 32.336151123], [278.077178955, 153.906051636, 246.897232056, 212.452392578, 204.653579712, 134.616607666, 127.386024475, 111.031829834, 178.275848389, 104.725448608, 74.8807144165, 56.3250083923, 30.2061023712], [312.673675537, 154.470916748, 192.58505249, 149.609863281, 150.779220581, 107.781150818, 105.316215515, 75.3684082031, 104.725448608, 121.249511719, 74.5015182495, 46.4330101013, 21.4933586121], [320.752197266, 142.2290802, 185.284439087, 114.329772949, 108.624923706, 111.637306213, 105.748100281, 69.5172958374, 74.8807144165, 74.5015182495, 120.55557251, 53.8559570312, 11.5026521683], [34.5195846558, 96.2369995117, 106.488525391, 105.54485321, 103.830810547, 46.7487220764, 61.7028160095, 44.8877182007, 56.3250083923, 46.4330101013, 53.8559570312, 84.2062911987, 25.8540763855], [37.4472694397, 28.3724803925, 27.3975391388, 42.4216766357, 32.8417205811, 28.1728820801, 22.8536243439, 32.336151123, 30.2061023712, 21.4933586121, 11.5026521683, 25.8540763855, 66.4813537598]], "icov": [[0.000187161189388, -0.000144173653098, -0.000276165024843, -0.000233624639804, 0.000291844189633, -0.000382712809369, 0.000391698791645, 0.00015631041606, 0.000147726939758, -0.000184483884368, -0.000142334698467, 0.000332708703354, -8.59128776938e-05], [-0.000144173653098, 0.00105975545011, -9.1739326308e-05, -0.000604018103331, 8.55838370626e-05, 0.000931660702918, -0.000684161612298, -0.00020421067893, 0.000360151956556, -0.000372519047232, -0.000310457195155, -0.000131979410071, 1.14283175208e-05], [-0.000276165024843, -9.1739326308e-05, 0.00274142832495, 3.08782036882e-05, -0.0012990233954, -0.000740495277569, -0.000680917524733, -0.00156626780517, 1.74292893007e-07, 0.000341150182066, -0.000213758845348, -0.000313137163175, 0.00104504032061], [-0.000233624639804, -0.000604018103331, 3.08782036882e-05, 0.00621346896514, -0.00371402059682, -2.18366003537e-05, 0.000446703779744, -0.00135514803696, -0.00186145678163, 0.000550994765945, 0.000642694591079, -0.00149275700096, -0.000101658202766], [0.000291844189633, 8.55838370626e-05, -0.0012990233954, -0.00371402059682, 0.00649533141404, -0.00151304202154, -0.000990220345557, 0.00109673652332, -0.000345316104358, -0.00126699567772, 0.00204878230579, -0.00156280002557, 0.000763579213526], [-0.000382712809369, 0.000931660702918, -0.000740495277569, -2.18366003537e-05, -0.00151304202154, 0.0109103927389, -0.00432437611744, -4.19400348619e-05, -0.00138935504947, -0.000188058809726, -0.00419266708195, 0.00342971947975, -0.00214837328531], [0.000391698791645, -0.000684161612298, -0.000680917524733, 0.000446703779744, -0.000990220345557, -0.00432437611744, 0.0113954823464, -0.00576222734526, 0.00157500221394, -0.00139725778718, -0.00138206384145, -0.000586938171182, 0.00147754140198], [0.00015631041606, -0.00020421067893, -0.00156626780517, -0.00135514803696, 0.00109673652332, -4.19400348619e-05, -0.00576222734526, 0.0163175221533, -0.00396881066263, 0.00143939245027, -0.000476969988085, 0.00147580495104, -0.00412415433675], [0.000147726939758, 0.000360151956556, 1.74292893007e-07, -0.00186145678163, -0.000345316104358, -0.00138935504947, 0.00157500221394, -0.00396881066263, 0.0158244073391, -0.00853634439409, -0.000422842276748, -0.00136459211353, -0.000727112405002], [-0.000184483884368, -0.000372519047232, 0.000341150182066, 0.000550994765945, -0.00126699567772, -0.000188058809726, -0.00139725778718, 0.00143939245027, -0.00853634439409, 0.0216367952526, -0.0060811592266, -0.000538338441402, -0.00159859284759], [-0.000142334698467, -0.000310457195155, -0.000213758845348, 0.000642694591079, 0.00204878230579, -0.00419266708195, -0.00138206384145, -0.000476969988085, -0.000422842276748, -0.0060811592266, 0.0201757382601, -0.00946012791246, 0.00370868830942], [0.000332708703354, -0.000131979410071, -0.000313137163175, -0.00149275700096, -0.00156280002557, 0.00342971947975, -0.000586938171182, 0.00147580495104, -0.00136459211353, -0.000538338441402, -0.00946012791246, 0.0231807548553, -0.0068309227936], [-8.59128776938e-05, 1.14283175208e-05, 0.00104504032061, -0.000101658202766, 0.000763579213526, -0.00214837328531, 0.00147754140198, -0.00412415433675, -0.000727112405002, -0.00159859284759, 0.00370868830942, -0.0068309227936, 0.0196127835661]]}, "spectral_contrast_coeffs": {"dmean": [0.0532540641725, 0.0464811176062, 0.0372659526765, 0.0288091823459, 0.0197380073369, 0.0175051186234], "dmean2": [0.0869362205267, 0.0753035992384, 0.0598409101367, 0.0463738031685, 0.0318404510617, 0.027352379635], "dvar": [0.00187431578524, 0.00141214975156, 0.000896775396541, 0.000529597105924, 0.000260834785877, 0.000259888300207], "dvar2": [0.00492669316009, 0.00372140691616, 0.00228527444415, 0.00134495436214, 0.00062763504684, 0.000576040823944], "max": [-0.274577140808, -0.445372194052, -0.519000709057, -0.53923946619, -0.640509605408, -0.576327681541], "mean": [-0.60558784008, -0.716965973377, -0.757652401924, -0.776583909988, -0.788403749466, -0.74769037962], "median": [-0.608628869057, -0.722845256329, -0.759245157242, -0.783020436764, -0.792594254017, -0.746966481209], "min": [-0.985437989235, -0.982825875282, -0.975782215595, -0.970331788063, -0.965758919716, -0.964085161686], "var": [0.0108661698177, 0.00567251630127, 0.00360738602467, 0.00285954470746, 0.00129172706511, 0.00155246921349]}, "spectral_contrast_valleys": {"dmean": [0.476535826921, 0.317025959492, 0.285143882036, 0.27734375, 0.265454977751, 0.337106764317], "dmean2": [0.791754841805, 0.521482169628, 0.458355396986, 0.42855861783, 0.391553193331, 0.456483364105], "dvar": [0.258281499147, 0.107561051846, 0.0991825163364, 0.108338430524, 0.128948688507, 0.199598699808], "dvar2": [0.635222434998, 0.219164326787, 0.184278577566, 0.194646209478, 0.236569568515, 0.381278514862], "max": [-5.00009775162, -4.62013483047, -5.54657888412, -6.07860708237, -6.0952539444