{"lowlevel": {"average_loudness": 0.665772616863, "barkbands_crest": {"dmean": 2.22716474533, "dmean2": 3.48224186897, "dvar": 5.67611026764, "dvar2": 13.3956794739, "max": 26.2865505219, "mean": 12.8511333466, "median": 12.3922138214, "min": 2.44304299355, "var": 16.3664035797}, "barkbands_flatness_db": {"dmean": 0.0384789444506, "dmean2": 0.05867177248, "dvar": 0.00178281893022, "dvar2": 0.003976078704, "max": 0.63439565897, "mean": 0.309801608324, "median": 0.28726786375, "min": 0.0382231064141, "var": 0.0132155362517}, "barkbands_kurtosis": {"dmean": 9.28140449524, "dmean2": 14.5493526459, "dvar": 387.319824219, "dvar2": 950.100158691, "max": 466.783813477, "mean": 16.5885181427, "median": 7.23509502411, "min": -1.835283041, "var": 645.681762695}, "barkbands_skewness": {"dmean": 0.850628852844, "dmean2": 1.27460420132, "dvar": 1.06002223492, "dvar2": 2.51750206947, "max": 18.9198112488, "mean": 2.56715297699, "median": 2.35593271255, "min": -5.67043399811, "var": 5.29185295105}, "barkbands_spread": {"dmean": 4.61421966553, "dmean2": 7.29690265656, "dvar": 50.0735359192, "dvar2": 119.178482056, "max": 80.4748764038, "mean": 9.82072544098, "median": 6.04078960419, "min": 0.198710650206, "var": 99.6715087891}, "dissonance": {"dmean": 0.0319133140147, "dmean2": 0.0524402037263, "dvar": 0.00137840979733, "dvar2": 0.00377213349566, "max": 0.500000119209, "mean": 0.418401330709, "median": 0.448751956224, "min": 0.0320779643953, "var": 0.00716166384518}, "dynamic_complexity": 4.48521709442, "erbbands_crest": {"dmean": 2.52419519424, "dmean2": 3.9312415123, "dvar": 5.70859718323, "dvar2": 12.4751138687, "max": 32.3867645264, "mean": 10.1691589355, "median": 9.07058238983, "min": 2.2218413353, "var": 23.7599887848}, "erbbands_flatness_db": {"dmean": 0.0228860471398, "dmean2": 0.0330025888979, "dvar": 0.000496158434544, "dvar2": 0.00105529488064, "max": 0.610264718533, "mean": 0.255438089371, "median": 0.211728647351, "min": 0.0478891469538, "var": 0.0126767661422}, "erbbands_kurtosis": {"dmean": 2.05934715271, "dmean2": 3.04119992256, "dvar": 24.1617832184, "dvar2": 48.6565246582, "max": 230.249908447, "mean": 1.96888113022, "median": 0.194432020187, "min": -1.87981522083, "var": 61.782535553}, "erbbands_skewness": {"dmean": 0.580703377724, "dmean2": 0.873032152653, "dvar": 0.378575801849, "dvar2": 0.867647111416, "max": 8.88930702209, "mean": 0.542239189148, "median": 0.462798058987, "min": -4.56386947632, "var": 1.24432373047}, "erbbands_spread": {"dmean": 13.0365800858, "dmean2": 18.5441493988, "dvar": 259.30847168, "dvar2": 518.955810547, "max": 153.520309448, "mean": 39.5333595276, "median": 33.4517173767, "min": 0.453018993139, "var": 933.114685059}, "hfc": {"dmean": 7.06515645981, "dmean2": 11.3069391251, "dvar": 297.198242188, "dvar2": 734.478820801, "max": 267.601257324, "mean": 11.6137895584, "median": 6.30360174179, "min": 1.15437832277e-16, "var": 333.422515869}, "melbands_crest": {"dmean": 2.38620090485, "dmean2": 3.7078795433, "dvar": 6.41613388062, "dvar2": 15.4244060516, "max": 35.0557441711, "mean": 16.2789516449, "median": 15.9013528824, "min": 1.70823013783, "var": 23.0116195679}, "melbands_flatness_db": {"dmean": 0.0458997413516, "dmean2": 0.0682110637426, "dvar": 0.00253697228618, "dvar2": 0.0057011297904, "max": 0.799888193607, "mean": 0.390372127295, "median": 0.365050017834, "min": 0.00620554527268, "var": 0.0250775013119}, "melbands_kurtosis": {"dmean": 19.4135837555, "dmean2": 29.1451358795, "dvar": 1272.14086914, "dvar2": 2807.64160156, "max": 808.033630371, "mean": 40.4977836609, "median": 19.0504760742, "min": -1.78121030331, "var": 3198.35107422}, "melbands_skewness": {"dmean": 1.08492422104, "dmean2": 1.55977225304, "dvar": 1.56276464462, "dvar2": 3.20163297653, "max": 20.2264232635, "mean": 3.85204195976, "median": 3.49068903923, "min": -3.70131850243, "var": 9.05138683319}, "melbands_spread": {"dmean": 4.50952196121, "dmean2": 7.11873435974, "dvar": 93.5908660889, "dvar2": 212.425521851, "max": 175.629486084, "mean": 9.79064750671, "median": 5.07372188568, "min": 0.243147581816, "var": 227.788284302}, "pitch_salience": {"dmean": 0.0657294169068, "dmean2": 0.102703697979, "dvar": 0.00484713399783, "dvar2": 0.0116353249177, "max": 0.947483718395, "mean": 0.508699834347, "median": 0.504639685154, "min": 0.0776966661215, "var": 0.0153494477272}, "silence_rate_20dB": {"dmean": 0.000966650550254, "dmean2": 0.00193353474606, "dvar": 0.000965727900621, "dvar2": 0.00289660994895, "max": 1, "mean": 0.99951672554, "median": 1, "min": 0, "var": 0.00048303627409}, "silence_rate_30dB": {"dmean": 0.0524407923222, "dmean2": 0.104894258082, "dvar": 0.0496879443526, "dvar2": 0.106700360775, "max": 1, "mean": 0.925576925278, "median": 1, "min": 0, "var": 0.0688805803657}, "silence_rate_60dB": {"dmean": 0.021749638021, "dmean2": 0.0435045324266, "dvar": 0.0212765205652, "dvar2": 0.0478954464197, "max": 1, "mean": 0.10293584317, "median": 0, "min": 0, "var": 0.0923355743289}, "spectral_centroid": {"dmean": 266.517944336, "dmean2": 419.507568359, "dvar": 166715.296875, "dvar2": 360164.59375, "max": 11172.0927734, "mean": 808.753662109, "median": 496.57699585, "min": 145.07711792, "var": 700366}, "spectral_complexity": {"dmean": 3.646930933, "dmean2": 5.79190349579, "dvar": 36.1125869751, "dvar2": 76.0697402954, "max": 60, "mean": 10.4763803482, "median": 8, "min": 0, "var": 70.3384628296}, "spectral_decrease": {"dmean": 3.9743248692e-09, "dmean2": 6.09297501342e-09, "dvar": 1.11194461909e-16, "dvar2": 2.32595141437e-16, "max": 9.35810623869e-29, "mean": -1.12710782929e-08, "median": -6.8607497461e-09, "min": -1.29269650984e-07, "var": 1.97449693047e-16}, "spectral_energy": {"dmean": 0.015487738885, "dmean2": 0.0237196423113, "dvar": 0.00163202523254, "dvar2": 0.00340735632926, "max": 0.491357594728, "mean": 0.0435931272805, "median": 0.0266093239188, "min": 1.07037752876e-20, "var": 0.00291457399726}, "spectral_energyband_high": {"dmean": 0.000659859564621, "dmean2": 0.00107772368938, "dvar": 3.26315989696e-06, "dvar2": 8.12785401649e-06, "max": 0.0364691279829, "mean": 0.000658741162624, "median": 5.59874642931e-05, "min": 7.6911027173e-21, "var": 3.44539080288e-06}, "spectral_energyband_low": {"dmean": 0.0129313478246, "dmean2": 0.0199973192066, "dvar": 0.00151301082224, "dvar2": 0.00325361825526, "max": 0.481791436672, "mean": 0.0336027033627, "median": 0.018253358081, "min": 4.48698844853e-23, "var": 0.00236660940573}, "spectral_energyband_middle_high": {"dmean": 0.00104734289926, "dmean2": 0.0017437787028, "dvar": 6.41759788778e-06, "dvar2": 1.61001717061e-05, "max": 0.0475560761988, "mean": 0.00141583837103, "median": 0.000491766259074, "min": 1.45968549983e-21, "var": 8.03554394224e-06}, "spectral_energyband_middle_low": {"dmean": 0.00468578143045, "dmean2": 0.00777687737718, "dvar": 0.000127515741042, "dvar2": 0.000344292697264, "max": 0.172280311584, "mean": 0.0107826292515, "median": 0.00711359223351, "min": 2.44239035539e-22, "var": 0.000200415975996}, "spectral_entropy": {"dmean": 0.322604656219, "dmean2": 0.451383471489, "dvar": 0.121369041502, "dvar2": 0.259450852871, "max": 9.80238819122, "mean": 6.64718008041, "median": 6.87485694885, "min": 3.35576534271, "var": 1.17590236664}, "spectral_flux": {"dmean": 0.0296593885869, "dmean2": 0.0436889827251, "dvar": 0.00290761771612, "dvar2": 0.00498510524631, "max": 0.57568103075, "mean": 0.0691233873367, "median": 0.042389575392, "min": 6.543611486e-11, "var": 0.00676123751327}, "spectral_kurtosis": {"dmean": 26.2075862885, "dmean2": 45.5261459351, "dvar": 3736.31396484, "dvar2": 11432.7441406, "max": 868.029418945, "mean": 66.5578308105, "median": 3.74816560745, "min": -1.25917375088, "var": 19084.71875}, "spectral_rms": {"dmean": 0.000868771225214, "dmean2": 0.00131607940421, "dvar": 2.82206497104e-06, "dvar2": 5.53873587705e-06, "max": 0.0218945946544, "mean": 0.00556748453528, "median": 0.005095126573, "min": 3.23151791784e-12, "var": 1.15330303743e-05}, "spectral_rolloff": {"dmean": 242.165527344, "dmean2": 416.023040771, "dvar": 475734.1875, "dvar2": 1124776.5, "max": 19013.8183594, "mean": 667.919616699, "median": 301.46484375, "min": 21.533203125, "var": 1745005.875}, "spectral_skewness": {"dmean": 0.973832190037, "dmean2": 1.55814552307, "dvar": 1.7616713047, "dvar2": 5.09388589859, "max": 24.9518032074, "mean": 3.98007464409, "median": 1.59227931499, "min": -0.589695811272, "var": 28.8473854065}, "spectral_spread": {"dmean": 687054.6875, "dmean2": 968126.9375, "dvar": 671327387648, "dvar2": 1203934330880.0, "max": 40744560, "mean": 3202930.75, "median": 3318269.75, "min": 113379.953125, "var": 3713171980290.0}, "spectral_strongpeak": {"dmean": 0.233068421483, "dmean2": 0.400775521994, "dvar": 0.169065266848, "dvar2": 0.409788936377, "max": 8.28785228729, "mean": 0.49091142416, "median": 0.289367765188, "min": 0, "var": 0.292354255915}, "zerocrossingrate": {"dmean": 0.00745242508128, "dmean2": 0.00935080740601, "dvar": 0.000121969584143, "dvar2": 0.000159662042279, "max": 0.515625, "mean": 0.0318907164037, "median": 0.01953125, "min": 0, "var": 0.00174534798134}, "barkbands": {"dmean": [0.000337043602485, 0.0105471508577, 0.00438169296831, 0.00202962709591, 0.00162768736482, 0.000741682364605, 0.000340558908647, 0.000410513981478, 0.000877719081473, 0.000219306297367, 0.000180162925972, 0.000120494820294, 0.000106471357867, 0.000134449903271, 0.000125722464873, 0.000108299886051, 0.000119659562188, 6.40333018964e-05, 6.89911757945e-05, 0.000133238660055, 0.000231819794863, 0.000165666002431, 0.000141384487506, 6.00831663178e-05, 6.02070031164e-07, 2.6400246611e-07, 3.87725904716e-08], "dmean2": [0.000577475933824, 0.0169682856649, 0.00769915012643, 0.00352615606971, 0.00261641829275, 0.00111123849638, 0.000571832293645, 0.00066027441062, 0.00147727911826, 0.000344822503394, 0.000278619030723, 0.000197255285457, 0.000178007496288, 0.000237282918533, 0.00022218497179, 0.000196615146706, 0.000219134686631, 0.000112756024464, 0.000122678320622, 0.000227530385018, 0.000389510765672, 0.000271474738838, 0.000238590277149, 0.000101273770269, 1.03441493593e-06, 4.79828315747e-07, 7.08271983285e-08], "dvar": [1.55250017997e-06, 0.00122941785958, 0.000252821104368, 4.71810635645e-05, 1.54064091475e-05, 2.54954716183e-06, 7.18330397831e-07, 1.83030761036e-06, 1.26938175526e-05, 6.68348718591e-07, 8.38534731429e-07, 9.08122217425e-08, 9.65658486507e-08, 1.60825564421e-07, 1.30879186599e-07, 8.13016924894e-08, 9.71276463702e-08, 3.67293537806e-08, 7.48000630324e-08, 1.19682994182e-07, 6.56534325572e-07, 2.07011396469e-07, 1.83847447488e-07, 3.45219461906e-08, 6.35601900972e-12, 2.9682330812e-12, 5.71411475536e-14], "dvar2": [4.17697219746e-06, 0.00293043185957, 0.000745794561226, 0.000126583036035, 4.26267870353e-05, 6.38318306301e-06, 1.96206224246e-06, 4.77918138131e-06, 3.41696832038e-05, 1.57056092576e-06, 2.07607308766e-06, 2.13020683759e-07, 2.40040691324e-07, 4.25332160603e-07, 3.62266177945e-07, 2.28773799904e-07, 2.74953833923e-07, 9.81222783025e-08, 2.09895347325e-07, 3.06927404381e-07, 1.79361063601e-06, 5.11850657858e-07, 4.68589178126e-07, 9.14973696808e-08, 1.69804587058e-11, 8.27983515084e-12, 1.57700553462e-13], "max": [0.0161262452602, 0.449991464615, 0.211934000254, 0.143199563026, 0.066108264029, 0.0336213745177, 0.0119124948978, 0.0160496942699, 0.038402557373, 0.0320063754916, 0.0284373965114, 0.00647037755698, 0.00792530458421, 0.00709874508902, 0.00758902728558, 0.00494065694511, 0.00537612196058, 0.00390037032776, 0.00565801374614, 0.00469224154949, 0.0173062514514, 0.00828390289098, 0.0104514826089, 0.00236596376635, 5.88771072216e-05, 3.2797051972e-05, 5.77193486606e-06], "mean": [0.000560339482035, 0.0208830162883, 0.00935185141861, 0.00406946521252, 0.00314804818481, 0.00145308685023, 0.000505834585056, 0.000507801014464, 0.000981751014479, 0.000332814204739, 0.000257843203144, 0.000154542125529, 0.000116949653602, 0.000138620685902, 0.00011439849186, 9.3887996627e-05, 0.000108613006887, 5.64254587516e-05, 5.84721383348e-05, 0.000122321216622, 0.000224280825933, 0.000170885454281, 0.000126220009406, 5.4907577578e-05, 4.76300670016e-07, 1.63890433669e-07, 2.39167743388e-08], "median": [0.000439968978753, 0.0093798507005, 0.00430432753637, 0.00162317894865, 0.001898870687, 0.000729934195988, 0.000218922985368, 0.000117095682072, 0.000120775526739, 6.70720764901e-05, 4.23643905378e-05, 3.64562183677e-05, 2.15408035729e-05, 1.48642275235e-05, 2.22420421778e-05, 1.36679573188e-05, 2.0671657694e-05, 9.47486842051e-06, 6.388334441e-06, 1.20947788673e-05, 2.20887777687e-05, 1.14055219456e-05, 6.5175004238e-06, 3.16511250276e-06, 1.69354450463e-08, 5.84287784822e-10, 3.70943192829e-10], "min": [1.53783463649e-24, 6.24595452294e-24, 1.95646213519e-23, 2.0071410841e-23, 5.77024994007e-23, 3.16715725869e-23, 1.73821177508e-23, 1.05429240499e-23, 4.05026053636e-23, 8.51805568353e-23, 4.76517803795e-23, 3.12456003199e-23, 9.05095205093e-23, 8.47895468835e-23, 5.43619195917e-23, 1.26952975821e-22, 1.63419592088e-22, 1.72078318711e-22, 2.1504623431e-22, 3.34812788259e-22, 2.66438742615e-22, 4.97242227382e-22, 6.13369317902e-22, 8.45257265533e-22, 9.70664843908e-22, 1.59198774776e-21, 2.25834584978e-21], "var": [1.18346247291e-06, 0.00135535199661, 0.000230188205023, 9.2953479907e-05, 1.8268247004e-05, 4.77093317386e-06, 8.10232393178e-07, 1.72996601577e-06, 1.15070888569e-05, 1.24234600207e-06, 1.128118015e-06, 1.39347307027e-07, 1.06732009897e-07, 1.7645221817e-07, 1.01280434706e-07, 5.81785002396e-08, 6.82756606807e-08, 2.86299819408e-08, 5.2285571428e-08, 1.2146249162e-07, 5.34603088909e-07, 2.50218732845e-07, 1.63652444485e-07, 2.99047577812e-08, 4.58783098317e-12, 1.80750260679e-12, 3.55972169059e-14]}, "erbbands": {"dmean": [0.298547744751, 2.52157449722, 5.03197431564, 6.30812072754, 4.73622941971, 6.94035482407, 5.73171901703, 5.66386842728, 5.76140022278, 4.8994474411, 13.9053926468, 21.0177078247, 7.61903619766, 7.78624868393, 4.27774000168, 5.04986524582, 5.17107343674, 6.19694232941, 6.91723871231, 5.54545497894, 6.51045084, 6.68688964844, 3.94628691673, 3.27807712555, 3.69178581238, 5.99715805054, 9.01023769379, 8.93019580841, 6.52575731277, 3.66214728355, 4.48859786987, 2.29258155823, 0.46702131629, 0.0268533714116, 0.00345923705027, 0.00145272386726, 0.000457699847175, 9.23883053474e-05, 1.43809756992e-05, 1.81029190571e-05], "dmean2": [0.476225733757, 4.20208740234, 8.81938743591, 10.8364305496, 7.89440584183, 11.2356376648, 8.77334403992, 8.56801223755, 9.48403549194, 7.50986528397, 22.6476383209, 36.479839325, 12.2904405594, 12.0145292282, 6.88787603378, 8.30691242218, 8.63225460052, 10.7002677917, 12.3359184265, 9.82545471191, 11.8488664627, 12.2111473083, 7.08608102798, 5.79044342041, 6.38259506226, 10.2772512436, 15.1459913254, 14.8726892471, 10.6942281723, 5.9992351532, 7.64788961411, 3.864341259, 0.772476732731, 0.0448958948255, 0.00606689974666, 0.00263575604185, 0.000820704095531, 0.000166267811437, 2.32278143812e-05, 2.76639584627e-05], "dvar": [1.06139802933, 72.4876937866, 302.280700684, 455.045318604, 212.288162231, 263.059204102, 164.326980591, 156.816513062, 166.081634521, 153.160095215, 2985.45410156, 8694.82910156, 558.141174316, 1254.10705566, 190.040130615, 165.590667725, 199.315582275, 322.056427002, 418.454528809, 239.915344238, 297.999511719, 299.069091797, 131.951034546, 134.689041138, 191.069046021, 280.201843262, 797.434692383, 1002.62994385, 315.250213623, 109.399879456, 187.093917847, 48.5909004211, 1.98087489605, 0.00719117745757, 0.000302471307805, 8.38016785565e-05, 8.09253469924e-06, 3.34509252298e-07, 2.63097810205e-09, 2.05497729944e-09], "dvar2": [2.40738940239, 187.003982544, 870.329284668, 1298.00854492, 602.064575195, 691.480773926, 435.994018555, 373.187896729, 425.621246338, 374.715393066, 7725.31494141, 24158.2128906, 1399.20410156, 3029.66650391, 472.129150391, 397.47479248, 490.509643555, 826.768798828, 1155.73815918, 659.485412598, 844.25793457, 842.118774414, 360.520507812, 375.328674316, 524.346069336, 726.694152832, 2103.38061523, 2709.1340332, 781.62121582, 272.013031006, 488.440887451, 127.162322998, 5.11040306091, 0.018601173535, 0.000811844540294, 0.000233821483562, 2.24809846259e-05, 9.28598637984e-07, 6.68845157037e-09, 4.29144142444e-09], "max": [10.5963544846, 108.634994507, 219.750030518, 309.086700439, 330.093017578, 247.670883179, 186.527526855, 396.30355835, 325.045288086, 257.026916504, 785.665588379, 989.768249512, 741.064453125, 1054.35327148, 320.829101562, 299.295623779, 345.033935547, 316.496398926, 330.111968994, 385.190856934, 260.675720215, 298.532806396, 215.580886841, 224.118041992, 301.356872559, 264.046508789, 576.600585938, 610.975891113, 328.426086426, 283.010772705, 291.236724854, 86.8922576904, 16.1334247589, 0.967108607292, 0.476709574461, 0.188781410456, 0.0476839654148, 0.010976058431, 0.00140718789771, 0.000530690012965], "mean": [0.513403356075, 4.90884017944, 10.7099952698, 14.5775947571, 9.78003025055, 11.5335216522, 11.291267395, 10.7311077118, 9.20098495483, 7.60644769669, 16.9467716217, 21.1457881927, 11.0229740143, 11.3478355408, 5.76131343842, 6.51418352127, 6.23769378662, 6.77814435959, 6.30167102814, 5.48142147064, 5.75954914093, 6.16485071182, 3.45523452759, 2.87934494019, 3.37619686127, 5.61007118225, 8.40744876862, 8.85325336456, 6.72801589966, 3.78326463699, 3.80817675591, 2.0437939167, 0.447668671608, 0.0242064688355, 0.00260194647126, 0.000954785151407, 0.000302971398924, 6.06860266998e-05, 2.56805706158e-05, 4.90961538162e-05], "median": [0.288357764482, 1.95467317104, 5.3763384819, 5.85611820221, 5.97212266922, 6.52047491074, 6.22469854355, 4.9605307579, 4.13797616959, 2.76741838455, 2.73498034477, 2.53066110611, 2.69301462173, 1.98572945595, 1.27625524998, 1.67136085033, 1.34626841545, 1.02066862583, 0.919777870178, 1.258020401, 1.20513737202, 1.12541854382, 0.633588671684, 0.390982657671, 0.408425986767, 0.535929441452, 0.762459695339, 0.850307643414, 0.447205066681, 0.246151998639, 0.190466165543, 0.114029452205, 0.0281247179955, 0.0014020249946, 0.000106290106487, 3.18966522173e-05, 1.46499633047e-05, 2.13800012716e-06, 1.36119497256e-05, 3.00799292745e-05], "min": [7.03151483413e-23, 1.34193949002e-21, 1.65032354974e-20, 6.01560315013e-20, 7.15084133244e-20, 1.68183137626e-19, 2.27389675644e-19, 2.95901478566e-19, 2.39128557608e-19, 2.66252326882e-19, 4.65732773562e-19, 1.10274435649e-18, 2.36284596925e-18, 2.55000840414e-18, 2.67644688988e-18, 1.58854236037e-18, 4.14155146558e-18, 5.71338198584e-18, 3.52050591603e-18, 4.0354064086e-18, 6.16563512754e-18, 1.00909069871e-17, 7.91308932673e-18, 1.0663604657e-17, 1.17720432214e-17, 1.74414969537e-17, 1.22143557201e-17, 1.25376170763e-17, 1.51734074187e-17, 1.70555890738e-17, 1.8222539086e-17, 1.66049443848e-17, 1.4503654166e-17, 8.89700825765e-18, 8.02492579991e-18, 5.59939939256e-18, 2.89509719555e-18, 1.25482740577e-18, 3.38638411148e-19, 2.96129560695e-20], "var": [1.06811344624, 74.9408798218, 279.599243164, 718.916442871, 292.961120605, 290.603424072, 241.35093689, 323.324737549, 263.327362061, 210.604370117, 3211.66577148, 6344.27197266, 833.940612793, 1818.33996582, 257.327026367, 230.083145142, 238.18637085, 379.923858643, 330.979919434, 197.469940186, 199.002441406, 218.118362427, 97.6310424805, 98.5095825195, 144.630050659, 295.684326172, 686.880493164, 856.729248047, 392.645629883, 120.354507446, 153.416030884, 41.7735176086, 1.90287303925, 0.006242682226, 0.00020765903173, 5.12714141223e-05, 4.99693078382e-06, 2.06849250617e-07, 2.40093167569e-09, 3.65543706415e-09]}, "gfcc": {"mean": [-138.162597656, 181.142745972, -98.9776382446, 46.1958045959, -53.1640510559, 6.30802202225, -11.9801092148, -19.3743076324, 6.06970643997, -18.9431610107, 0.553197324276, -12.517124176, 3.68855810165], "cov": [[25698.515625, -3819.87890625, -4327.39941406, 6674.09033203, -928.869384766, 2444.26586914, 997.75769043, -181.314910889, 1142.40185547, -750.202270508, -117.397827148, -525.437927246, 62.1725845337], [-3819.87890625, 4750.97216797, 2282.52148438, -2663.96533203, 1298.57287598, -1119.77099609, -50.895778656, 126.794387817, -135.52545166, 193.060073853, 126.595352173, 151.974395752, -61.8217849731], [-4327.39941406, 2282.52148438, 2864.65795898, -1459.53564453, 327.014404297, -626.313293457, -171.518447876, 71.863319397, -201.209075928, 305.407196045, 93.0425796509, 16.3239135742, -74.5353164673], [6674.09033203, -2663.96533203, -1459.53564453, 3162.74243164, -658.25994873, 988.856018066, 323.67175293, -176.229644775, 398.840515137, -271.512481689, -20.6446456909, -179.443359375, 86.4833526611], [-928.869384766, 1298.57287598, 327.014404297, -658.25994873, 747.059265137, -271.215087891, 3.09896826744, 35.1269760132, -29.7398071289, 7.02752113342, 14.7837953568, 76.0326538086, -13.3837051392], [2444.26586914, -1119.77099609, -626.313293457, 988.856018066, -271.215087891, 568.484008789, 109.661239624, -68.2034988403, 110.870201111, -114.997673035, -7.480676651, -101.333343506, 19.9842567444], [997.75769043, -50.895778656, -171.518447876, 323.67175293, 3.09896826744, 109.661239624, 227.879058838, 10.1034154892, 74.0457229614, -29.1007633209, -10.893611908, -9.88893318176, 9.77311229706], [-181.314910889, 126.794387817, 71.863319397, -176.229644775, 35.1269760132, -68.2034988403, 10.1034154892, 157.074188232, 35.0987052917, 14.5118637085, 2.19706773758, 30.0087566376, -7.88761854172], [1142.40185547, -135.52545166, -201.209075928, 398.840515137, -29.7398071289, 110.870201111, 74.0457229614, 35.0987052917, 187.222427368, -25.7933616638, 10.2211685181, -26.3923435211, 14.957529068], [-750.202270508, 193.060073853, 305.407196045, -271.512481689, 7.02752113342, -114.997673035, -29.1007633209, 14.5118637085, -25.7933616638, 147.075454712, 16.7191104889, -1.53600919247, -31.4647331238], [-117.397827148, 126.595352173, 93.0425796509, -20.6446456909, 14.7837953568, -7.480676651, -10.893611908, 2.19706773758, 10.2211685181, 16.7191104889, 88.9588623047, 33.9580421448, 11.5236530304], [-525.437927246, 151.974395752, 16.3239135742, -179.443359375, 76.0326538086, -101.333343506, -9.88893318176, 30.0087566376, -26.3923435211, -1.53600919247, 33.9580421448, 140.060440063, 33.2964057922], [62.1725845337, -61.8217849731, -74.5353164673, 86.4833526611, -13.3837051392, 19.9842567444, 9.77311229706, -7.88761854172, 14.957529068, -31.4647331238, 11.5236530304, 33.2964057922, 76.854133606]], "icov": [[0.000215009611566, -0.000595782941673, 0.000371595087927, -0.000652207643725, 0.000359381054295, -0.000713093148079, 0.000324690015987, -0.000587336835451, 0.000364364503184, -0.000493290659506, 0.000592053052969, -0.000136104150442, 0.000284883455606], [-0.000595782941673, 0.00341443461366, -0.00183167005889, 0.00286102620885, -0.00246904790401, 0.00344621273689, -0.00248465989716, 0.00293490337208, -0.003058654489, 0.00334016955458, -0.00348081858829, 0.00141652917955, -0.000605254492257], [0.000371595087927, -0.00183167005889, 0.00159570178948, -0.00155049934983, 0.00120165152475, -0.00150236336049, 0.00126450916287, -0.00175172358286, 0.00190119142644, -0.00242750369944, 0.00117462221533, -8.39211716084e-05, 0.000274024059763], [-0.000652207643725, 0.00286102620885, -0.00155049934983, 0.00372223299928, -0.00148424715735, 0.00203366554342, -0.00245405407622, 0.00357675622217, -0.00387661880814, 0.00330402329564, -0.00283945351839, 0.000930110225454, -0.000841447850689], [0.000359381054295, -0.00246904790401, 0.00120165152475, -0.00148424715735, 0.00381572823972, -0.00191338069271, 0.00120308576152, -0.0014317027526, 0.00139010394923, -0.00129240029491, 0.00235462700948, -0.00163347250782, 0.000975826696958], [-0.000713093148079, 0.00344621273689, -0.00150236336049, 0.00203366554342, -0.00191338069271, 0.00844716001302, -0.00302542559803, 0.00307992356829, -0.00230294466019, 0.00456693256274, -0.00512189976871, 0.00367458024994, -0.000731416221242], [0.000324690015987, -0.00248465989716, 0.00126450916287, -0.00245405407622, 0.00120308576152, -0.00302542559803, 0.00766383390874, -0.00275643356144, 0.00138829543721, -0.00303052691743, 0.0036978723947, -0.00179845176172, 0.000179075577762], [-0.000587336835451, 0.00293490337208, -0.00175172358286, 0.00357675622217, -0.0014317027526, 0.00307992356829, -0.00275643356144, 0.0114314965904, -0.0065696798265, 0.00349778332748, -0.00199376326054, -0.0012234050082, 0.00112538179383], [0.000364364503184, -0.003058654489, 0.00190119142644, -0.00387661880814, 0.00139010394923, -0.00230294466019, 0.00138829543721, -0.0065696798265, 0.0131127554923, -0.00428728433326, 0.000910400121938, 0.00114139379002, -0.00149717263412], [-0.000493290659506, 0.00334016955458, -0.00242750369944, 0.00330402329564, -0.00129240029491, 0.00456693256274, -0.00303052691743, 0.00349778332748, -0.00428728433326, 0.0142215751112, -0.00528653012589, 0.00201908615418, 0.00292016449384], [0.000592053052969, -0.00348081858829, 0.00117462221533, -0.00283945351839, 0.00235462700948, -0.00512189976871, 0.0036978723947, -0.00199376326054, 0.000910400121938, -0.00528653012589, 0.0180870778859, -0.00629571871832, -0.000203494171728], [-0.000136104150442, 0.00141652917955, -8.39211716084e-05, 0.000930110225454, -0.00163347250782, 0.00367458024994, -0.00179845176172, -0.0012234050082, 0.00114139379002, 0.00201908615418, -0.00629571871832, 0.0129440510646, -0.0050747031346], [0.000284883455606, -0.000605254492257, 0.000274024059763, -0.000841447850689, 0.000975826696958, -0.000731416221242, 0.000179075577762, 0.00112538179383, -0.00149717263412, 0.00292016449384, -0.000203494171728, -0.0050747031346, 0.0176758207381]]}, "melbands": {"dmean": [0.00277703255415, 0.00274758879095, 0.0010154718766, 0.000391834706534, 0.000220001515117, 0.000133799650939, 8.14836967038e-05, 5.5805361626e-05, 0.000140555697726, 0.00012000490824, 3.5358902096e-05, 3.16028235829e-05, 1.71500287252e-05, 1.02610347312e-05, 1.65532146639e-05, 1.06271618279e-05, 1.21791599668e-05, 1.14091953947e-05, 9.64051014307e-06, 6.73861131872e-06, 7.83630366641e-06, 7.67954406911e-06, 4.31464650319e-06, 2.79385812973e-06, 2.6819852792e-06, 2.67625455308e-06, 2.93228777082e-06, 4.4855332817e-06, 5.66719336348e-06, 5.95978553974e-06, 4.85936379846e-06, 3.91053526982e-06, 2.77110098068e-06, 1.84779685242e-06, 2.7941046028e-06, 1.81144798717e-06, 1.3465688653e-06, 3.7186802615e-07, 4.47767760647e-08, 5.0738320212e-09], "dmean2": [0.00445233797655, 0.00462630391121, 0.00174687302206, 0.00063866545679, 0.000340796628734, 0.000202472016099, 0.00013394477719, 8.52513912832e-05, 0.000228484364925, 0.00020800139464, 5.65334594285e-05, 4.87582183268e-05, 2.72845900327e-05, 1.7061298422e-05, 2.71070693998e-05, 1.78290192707e-05, 2.11409660551e-05, 2.04075604415e-05, 1.68369897438e-05, 1.21218399727e-05, 1.43935649248e-05, 1.40300599014e-05, 7.82346251071e-06, 4.9718628361e-06, 4.77668936583e-06, 4.70728400614e-06, 5.08520906806e-06, 7.74672935222e-06, 9.6402127383e-06, 1.01452633317e-05, 8.00517409516e-06, 6.44356259727e-06, 4.62358457298e-06, 3.04764876091e-06, 4.81507277073e-06, 2.99613338939e-06, 2.31998092204e-06, 6.08242771705e-07, 7.56475060371e-08, 8.64978044746e-09], "dvar": [8.77706843312e-05, 7.96608946985e-05, 1.17125282486e-05, 9.26384700506e-07, 2.32368918773e-07, 8.02495350172e-08, 3.5329115633e-08, 2.01393532961e-08, 3.15697434417e-07, 2.71104823923e-07, 1.4065191678e-08, 1.94097147244e-08, 5.35058930495e-09, 7.90360277225e-10, 1.7232810734e-09, 1.01074748571e-09, 1.3387652098e-09, 1.2592347165e-09, 7.37515382099e-10, 3.135590676e-10, 4.6456732905e-10, 3.82822828993e-10, 1.43197426139e-10, 7.90657608829e-11, 9.3826127423e-11, 1.1302526276e-10, 1.03193141532e-10, 1.45947587349e-10, 3.25539206703e-10, 3.34540811719e-10, 3.59336393974e-10, 1.19613166594e-10, 5.40733811893e-11, 3.24332574686e-11, 7.90779386417e-11, 2.6272416534e-11, 1.89300068676e-11, 1.17907203098e-12, 2.19843217117e-14, 5.13489636773e-16], "dvar2": [0.000199737303774, 0.000212563376408, 3.34154974553e-05, 2.57732926912e-06, 6.09529649864e-07, 1.94537946641e-07, 9.24292962168e-08, 4.83970410414e-08, 8.11963673186e-07, 7.51928780574e-07, 3.47908049037e-08, 4.67451179986e-08, 1.36136897311e-08, 1.98070004842e-09, 3.88554699526e-09, 2.5855757535e-09, 3.38124972465e-09, 3.48270656758e-09, 2.00348848622e-09, 8.65907012759e-10, 1.3241482355e-09, 1.07982767172e-09, 3.92987947739e-10, 2.15974516049e-10, 2.63582877746e-10, 3.12235265421e-10, 2.82481066316e-10, 3.77775699612e-10, 8.55712223302e-10, 9.10203190596e-10, 9.57570467364e-10, 2.99900493328e-10, 1.35683200786e-10, 7.98312735362e-11, 2.10342479545e-10, 6.52080334174e-11, 5.11841159734e-11, 2.97882660379e-12, 5.79990631802e-14, 1.40466766484e-15], "max": [0.111898392439, 0.10103841126, 0.0506427697837, 0.0162961371243, 0.00598141737282, 0.00782760884613, 0.00442044064403, 0.00324570620432, 0.00840243231505, 0.00542571628466, 0.00407042074949, 0.00391202047467, 0.00215063127689, 0.000656801974401, 0.000933719158638, 0.000936034193728, 0.000681202160195, 0.000548016221728, 0.000583976041526, 0.000336454628268, 0.000319796323311, 0.000308169284835, 0.000212570928852, 0.000153422923177, 0.000182314659469, 0.000247220334131, 0.000157372589456, 0.000238321852521, 0.000376945099561, 0.000330253766151, 0.000417366361944, 0.000199979418539, 0.000164840574143, 0.000173228196218, 0.000211732796743, 7.24699275452e-05, 5.46052360733e-05, 1.37033184728e-05, 1.85744443115e-06, 5.94026346334e-07], "mean": [0.0052777081728, 0.00623839441687, 0.00236421986483, 0.000744882796425, 0.000430148385931, 0.000256848550634, 0.000129554202431, 8.15028761281e-05, 0.000169173217728, 0.000122393874335, 5.22395457665e-05, 4.61392337456e-05, 2.34239505517e-05, 1.21495768326e-05, 2.17497872654e-05, 1.10225755634e-05, 1.31598853841e-05, 9.96753078653e-06, 9.44398198044e-06, 6.1739656303e-06, 6.63412993163e-06, 7.16193926564e-06, 3.59984960596e-06, 2.49326512858e-06, 2.30256432587e-06, 2.27524719776e-06, 2.73783984994e-06, 4.04745014748e-06, 4.95520180266e-06, 5.80849291509e-06, 4.83096800963e-06, 4.03360945711e-06, 2.74219746643e-06, 1.89778472759e-06, 2.33186051446e-06, 1.61036700774e-06, 1.16557475849e-06, 3.73174771084e-07, 3.78785998123e-08, 4.1190739708e-09], "median": [0.00277166976593, 0.00302099809051, 0.00108465342782, 0.000454218272353, 0.000237861793721, 0.000125757680507, 5.8386947785e-05, 2.53325051744e-05, 2.30640162044e-05, 1.46507945828e-05, 1.14952526928e-05, 6.97838822816e-06, 4.37734342995e-06, 3.24259076478e-06, 4.44699708169e-06, 1.5866017975e-06, 1.61538537213e-06, 1.05044841803e-06, 1.90335458683e-06, 1.11318354357e-06, 1.2626167063e-06, 1.29775219193e-06, 5.51802770588e-07, 4.1493976255e-07, 2.6912323392e-07, 2.30030408943e-07, 3.08241283165e-07, 2.94901127518e-07, 3.70557927454e-07, 6.32002922885e-07, 4.08525778539e-07, 2.59015791926e-07, 1.77440085736e-07, 1.10265332864e-07, 1.09085917188e-07, 8.36173938978e-08, 6.09954113884e-08, 2.41800304224e-08, 1.91701987617e-09, 1.60911423075e-10], "min": [1.94954410115e-24, 6.35120040061e-24, 1.07273321194e-23, 1.15868378853e-23, 1.04785498446e-23, 6.65509013168e-24, 3.58719705507e-24, 2.90220802904e-24, 3.94387972451e-24, 6.30167886842e-24, 1.15156960422e-23, 1.04948043235e-23, 8.0770229574e-24, 4.16556778268e-24, 6.89005393002e-24, 9.21580441637e-24, 1.01209268529e-23, 5.58586608859e-24, 4.94595158861e-24, 6.3823012418e-24, 5.68963442979e-24, 1.08073210375e-23, 7.02783243143e-24, 8.16419997603e-24, 8.35927344498e-24, 9.22431228123e-24, 8.13221087746e-24, 1.13294688595e-23, 7.89587603887e-24, 6.55228538408e-24, 6.85688863985e-24, 7.46099832107e-24, 1.03142798163e-23, 9.07882345335e-24, 1.21003374252e-23, 7.40949990345e-24, 9.05487205854e-24, 9.75022928067e-24, 9.24384211067e-24, 7.24298319927e-24], "var": [9.46589716477e-05, 9.10301605472e-05, 1.78677473741e-05, 1.08779352104e-06, 3.36196990247e-07, 1.61997846249e-07, 5.16414111473e-08, 2.8775167138e-08, 3.57443013854e-07, 2.03078684535e-07, 2.28505303568e-08, 2.93582118616e-08, 6.60650600892e-09, 8.46213987771e-10, 3.04168557008e-09, 1.05959052643e-09, 1.68185909644e-09, 1.0362229963e-09, 6.64256483152e-10, 2.51639736826e-10, 2.95490215629e-10, 2.84662848848e-10, 1.03838194987e-10, 5.92085200313e-11, 6.71182623369e-11, 8.1282883202e-11, 8.21941334439e-11, 1.63215926885e-10, 2.6736823866e-10, 2.8335786495e-10, 3.1297395231e-10, 1.50606679905e-10, 5.97050464624e-11, 3.52150635041e-11, 6.25197324466e-11, 2.41573011595e-11, 1.51134920551e-11, 1.25692208378e-12, 1.73541126673e-14, 3.54575906185e-16]}, "mfcc": {"mean": [-751.67376709, 163.245666504, 32.5863113403, 40.4637947083, -4.73543691635, 25.4234237671, -8.27170372009, 11.4043807983, 0.868683099747, 5.65306186676, -8.84704303741, 8.42304420471, -6.50772857666], "cov": [[15322.1171875, -2037.45861816, -2149.01538086, 1912.96081543, -101.649215698, 1985.95007324, -210.535812378, 1165.58337402, 259.009857178, 864.362304688, -399.679748535, 603.821899414, -440.983123779], [-2037.45861816, 4409.27197266, 1153.3939209, -421.801574707, 446.09967041, -658.047180176, 219.860733032, -241.576889038, 92.7573699951, -305.941680908, 337.052032471, -97.7108154297, 265.094940186], [-2149.01538086, 1153.3939209, 2062.73217773, -3.82761907578, -121.227722168, -291.360717773, 36.4374542236, -300.846130371, -137.705078125, -2.81797432899, 124.467384338, -36.4547271729, 66.8231048584], [1912.96081543, -421.801574707, -3.82761907578, 764.922119141, 68.946395874, 366.216491699, -21.7064933777, 156.128005981, 68.9007339478, 134.161087036, -50.4835700989, 117.201644897, -52.8684463501], [-101.649215698, 446.09967041, -121.227722168, 68.946395874, 371.764007568, 31.2621574402, 31.6920471191, 36.1503982544, 33.3689537048, -42.5418930054, 28.2905921936, -13.7936592102, 19.180480957], [1985.95007324, -658.047180176, -291.360717773, 366.216491699, 31.2621574402, 536.27923584, 16.7389354706, 159.202392578, 30.134519577, 151.500732422, -97.6042175293, 92.7341461182, -98.6702651978], [-210.535812378, 219.860733032, 36.4374542236, -21.7064933777, 31.6920471191, 16.7389354706, 138.29447937, 12.3307819366, 12.7183036804, -35.9429740906, 16.4573898315, -11.0411939621, 18.5006523132], [1165.58337402, -241.576889038, -300.846130371, 156.128005981, 36.1503982544, 159.202392578, 12.3307819366, 226.421569824, 69.3921966553, 48.071723938, -56.302280426, 61.4683532715, -16.5920181274], [259.009857178, 92.7573699951, -137.705078125, 68.9007339478, 33.3689537048, 30.134519577, 12.7183036804, 69.3921966553, 121.693687439, 22.1180877686, 13.0935964584, 20.6637630463, -3.36627388], [864.362304688, -305.941680908, -2.81797432899, 134.161087036, -42.5418930054, 151.500732422, -35.9429740906, 48.071723938, 22.1180877686, 188.454467773, 11.1764774323, 30.8197574615, -63.9702072144], [-399.679748535, 337.052032471, 124.467384338, -50.4835700989, 28.2905921936, -97.6042175293, 16.4573898315, -56.302280426, 13.0935964584, 11.1764774323, 118.315093994, 5.57977151871, 18.943731308], [603.821899414, -97.7108154297, -36.4547271729, 117.201644897, -13.7936592102, 92.7341461182, -11.0411939621, 61.4683532715, 20.6637630463, 30.8197574615, 5.57977151871, 112.148857117, 19.3580265045], [-440.983123779, 265.094940186, 66.8231048584, -52.8684463501, 19.180480957, -98.6702651978, 18.5006523132, -16.5920181274, -3.36627388, -63.9702072144, 18.943731308, 19.3580265045, 111.852287292]], "icov": [[0.000381250458304, -0.00036718082265, 0.000408124178648, -0.000474805390695, 0.000577265396714, -0.000543315778486, 0.000473626860185, -0.000933521951083, 0.000907199166249, -0.000899543229025, 0.000518637069035, -0.000724951503798, 0.000660463178065], [-0.00036718082265, 0.000902861589566, -0.000709080253728, 0.000647049571853, -0.00110357662197, 0.000575464568101, -0.000702586374246, 0.000787807512097, -0.00157679012045, 0.00137167819776, -0.00139935920015, 0.000919678190257, -0.00111316971015], [0.000408124178648, -0.000709080253728, 0.0013742800802, -0.00102834496647, 0.00104732788168, -1.76330249815e-05, -6.20811533736e-06, -3.67131469829e-05, 0.00198660138994, -0.00184411508963, 0.00111399893649, -0.00118439702783, 0.000804361829069], [-0.000474805390695, 0.000647049571853, -0.00102834496647, 0.0030934070237, -0.00137743481901, -0.00069897499634, 7.13963163435e-05, 0.000576065911446, -0.00233095092699, 0.00113564287312, -0.000727816601284, -3.33713142027e-05, -0.000927353568841], [0.000577265396714, -0.00110357662197, 0.00104732788168, -0.00137743481901, 0.00498437043279, -0.00203500385396, 0.00145062501542, -0.0023640897125, 0.00185776024591, 2.23485294555e-05, -0.00112297642045, 0.00107497605495, 0.000446983467555], [-0.000543315778486, 0.000575464568101, -1.76330249815e-05, -0.00069897499634, -0.00203500385396, 0.00723557686433, -0.00421576434746, 0.00220894347876, -0.000296067737509, -0.00257740123197, 0.00441197305918, -0.00356437009759, 0.00231769052334], [0.000473626860185, -0.000702586374246, -6.20811533736e-06, 7.13963163435e-05, 0.00145062501542, -0.00421576434746, 0.0110894553363, -0.00366615131497, 0.000415227084886, 0.00268700788729, -0.00373823661357, 0.00309260259382, -0.00112869020086], [-0.000933521951083, 0.000787807512097, -3.67131469829e-05, 0.000576065911446, -0.0023640897125, 0.00220894347876, -0.00366615131497, 0.0122936367989, -0.00543023087084, -0.000556950457394, 0.00462355604395, -0.00298393866979, -0.00121795001905], [0.000907199166249, -0.00157679012045, 0.00198660138994, -0.00233095092699, 0.00185776024591, -0.000296067737509, 0.000415227084886, -0.00543023087084, 0.0147355319932, -0.00349336885847, -0.000458667345811, -0.00183460896369, 0.0024119601585], [-0.000899543229025, 0.00137167819776, -0.00184411508963, 0.00113564287312, 2.23485294555e-05, -0.00257740123197, 0.00268700788729, -0.000556950457394, -0.00349336885847, 0.0140533875674, -0.0085381437093, 0.00403871759772, 0.000715838046744], [0.000518637069035, -0.00139935920015, 0.00111399893649, -0.000727816601284, -0.00112297642045, 0.00441197305918, -0.00373823661357, 0.00462355604395, -0.000458667345811, -0.0085381437093, 0.0201323870569, -0.00865417998284, 0.00293165259063], [-0.000724951503798, 0.000919678190257, -0.00118439702783, -3.33713142027e-05, 0.00107497605495, -0.00356437009759, 0.00309260259382, -0.00298393866979, -0.00183460896369, 0.00403871759772, -0.00865417998284, 0.019375378266, -0.00826177187264], [0.000660463178065, -0.00111316971015, 0.000804361829069, -0.000927353568841, 0.000446983467555, 0.00231769052334, -0.00112869020086, -0.00121795001905, 0.0024119601585, 0.000715838046744, 0.00293165259063, -0.00826177187264, 0.016652898863]]}, "spectral_contrast_coeffs": {"dmean": [0.0400150381029, 0.0423986986279, 0.0388982519507, 0.0310924481601, 0.0280874129385, 0.033027920872], "dmean2": [0.063398309052, 0.0674658864737, 0.0620188526809, 0.0503626279533, 0.0454273410141, 0.0519420653582], "dvar": [0.0012848690385, 0.00122752552852, 0.00103917275555, 0.00070974137634, 0.00077283452265, 0.00108515156899], "dvar2": [0.00340345967561, 0.00313266855665, 0.00248762406409, 0.00170560437255, 0.00192918849643, 0.00264919642359], "max": [-0.268731534481, -0.4281244874, -0.517589390278, -0.469313621521, -0.554816305637, -0.457138955593], "mean": [-0.663562774658, -0.718683481216, -0.763903021812, -0.792428076267, -0.813348352909, -0.712391793728], "median": [-0.669935584068, -0.721830606461, -0.77080476284, -0.801459312439, -0.823878645897, -0.679366111755], "min": [-0.965445280075, -0.981814563274, -0.984970331192, -0.985654175282, -0.983045101166, -0.966462850571], "var": [0.00574173731729, 0.00504202255979, 0.00480359001085, 0.00318724871613, 0.00279705296271, 0.0127033190802]}, "spectral_contrast_valleys": {"dmean": [0.300075411797, 0.390364944935, 0.461104929447, 0.504997968674, 0.510853528976, 0.704298973083], "dmean2": [0.476379424334, 0.608561754227, 0.716003835201, 0.777709662914, 0.740307450294, 1.01317727566], "dvar": [0.108539171517, 0.18554238975, 0.242990806699, 0.364799797535, 0.355662852526, 0.495316773653], "dvar2": [0.215007811785, 0.377041339874, 0.49382609129, 0.80