{"lowlevel": {"average_loudness": 0.628836512566, "barkbands_crest": {"dmean": 1.99304103851, "dmean2": 3.10415029526, "dvar": 4.35962915421, "dvar2": 11.1993703842, "max": 26.069190979, "mean": 11.5522823334, "median": 10.8431510925, "min": 2.59978556633, "var": 17.374666214}, "barkbands_flatness_db": {"dmean": 0.0208451654762, "dmean2": 0.0307970158756, "dvar": 0.000650422996841, "dvar2": 0.0013756994158, "max": 0.504776537418, "mean": 0.203794702888, "median": 0.189092874527, "min": 0.0309341885149, "var": 0.00602142466232}, "barkbands_kurtosis": {"dmean": 3.39389395714, "dmean2": 5.08850860596, "dvar": 83.3178482056, "dvar2": 196.558547974, "max": 387.284881592, "mean": 7.23240280151, "median": 4.21424436569, "min": -1.91688930988, "var": 175.872512817}, "barkbands_skewness": {"dmean": 0.495539456606, "dmean2": 0.727741122246, "dvar": 0.456722319126, "dvar2": 0.989778459072, "max": 17.0866222382, "mean": 1.63868391514, "median": 1.52763688564, "min": -5.04796123505, "var": 1.99709570408}, "barkbands_spread": {"dmean": 4.16800642014, "dmean2": 6.4610209465, "dvar": 66.6825408936, "dvar2": 153.473983765, "max": 128.572631836, "mean": 13.5349292755, "median": 9.88201141357, "min": 0.611686348915, "var": 163.876785278}, "dissonance": {"dmean": 0.0299500375986, "dmean2": 0.0498195141554, "dvar": 0.000819599023089, "dvar2": 0.00216700392775, "max": 0.499470859766, "mean": 0.407045722008, "median": 0.413654118776, "min": 0.155574083328, "var": 0.002604248235}, "dynamic_complexity": 4.64059257507, "erbbands_crest": {"dmean": 2.24541115761, "dmean2": 3.24567508698, "dvar": 5.4912686348, "dvar2": 11.5256128311, "max": 33.9372291565, "mean": 13.8259592056, "median": 12.7337684631, "min": 2.32429337502, "var": 34.6908988953}, "erbbands_flatness_db": {"dmean": 0.0195874758065, "dmean2": 0.0257722530514, "dvar": 0.000590059731621, "dvar2": 0.00104728818405, "max": 0.520802080631, "mean": 0.21147108078, "median": 0.19876588881, "min": 0.0299482923001, "var": 0.00637716287747}, "erbbands_kurtosis": {"dmean": 1.79751348495, "dmean2": 2.59615063667, "dvar": 9.93571662903, "dvar2": 20.3279304504, "max": 123.464729309, "mean": 3.55781435966, "median": 2.1502122879, "min": -1.86825597286, "var": 32.3422317505}, "erbbands_skewness": {"dmean": 0.386010795832, "dmean2": 0.55633020401, "dvar": 0.21920402348, "dvar2": 0.451746076345, "max": 9.34395027161, "mean": 0.969811439514, "median": 0.973471701145, "min": -5.11178731918, "var": 0.995733320713}, "erbbands_spread": {"dmean": 6.85137271881, "dmean2": 10.123916626, "dvar": 123.668380737, "dvar2": 271.043151855, "max": 141.370452881, "mean": 25.5851535797, "median": 18.5417881012, "min": 0.850230813026, "var": 444.279602051}, "hfc": {"dmean": 4.51845645905, "dmean2": 6.50067806244, "dvar": 86.8562011719, "dvar2": 197.543502808, "max": 212.272750854, "mean": 15.621919632, "median": 9.37893390656, "min": 1.19847141693e-16, "var": 348.100463867}, "melbands_crest": {"dmean": 2.3140847683, "dmean2": 3.63895964622, "dvar": 5.66371774673, "dvar2": 14.3166332245, "max": 39.3793029785, "mean": 14.3854265213, "median": 13.4159994125, "min": 2.03779625893, "var": 26.4416275024}, "melbands_flatness_db": {"dmean": 0.025104444474, "dmean2": 0.0374919585884, "dvar": 0.00113942241296, "dvar2": 0.00250716437586, "max": 0.66027033329, "mean": 0.289206564426, "median": 0.275809168816, "min": 0.00450518773869, "var": 0.00956192146987}, "melbands_kurtosis": {"dmean": 6.07562160492, "dmean2": 9.26621818542, "dvar": 251.987869263, "dvar2": 606.052856445, "max": 498.817901611, "mean": 12.8750085831, "median": 6.1344127655, "min": -1.91958987713, "var": 634.112976074}, "melbands_skewness": {"dmean": 0.596531391144, "dmean2": 0.880990684032, "dvar": 0.690692722797, "dvar2": 1.60128116608, "max": 19.1885452271, "mean": 2.07888031006, "median": 1.77688074112, "min": -2.91424536705, "var": 3.22528076172}, "melbands_spread": {"dmean": 4.56275653839, "dmean2": 7.03242683411, "dvar": 147.510162354, "dvar2": 315.33190918, "max": 265.676513672, "mean": 14.9708175659, "median": 11.3618955612, "min": 0.447726905346, "var": 366.487884521}, "pitch_salience": {"dmean": 0.0502949766815, "dmean2": 0.0795177593827, "dvar": 0.00260108965449, "dvar2": 0.00655768578872, "max": 0.822576403618, "mean": 0.505447030067, "median": 0.504390597343, "min": 0.0408426113427, "var": 0.0125801386312}, "silence_rate_20dB": {"dmean": 0, "dmean2": 0, "dvar": 0, "dvar2": 0, "max": 1, "mean": 1, "median": 1, "min": 1, "var": 0}, "silence_rate_30dB": {"dmean": 0.0012867647456, "dmean2": 0.00257376604713, "dvar": 0.00128521432634, "dvar2": 0.00311845983379, "max": 1, "mean": 0.998529553413, "median": 1, "min": 0, "var": 0.0014681823086}, "silence_rate_60dB": {"dmean": 0.0178308822215, "dmean2": 0.0356650426984, "dvar": 0.0175151750445, "dvar2": 0.0391792170703, "max": 1, "mean": 0.119198605418, "median": 0, "min": 0, "var": 0.105000950396}, "spectral_centroid": {"dmean": 155.587493896, "dmean2": 239.206665039, "dvar": 135597.40625, "dvar2": 299339.53125, "max": 10684.0498047, "mean": 781.526672363, "median": 636.036010742, "min": 218.955490112, "var": 343504.4375}, "spectral_complexity": {"dmean": 1.74411761761, "dmean2": 2.89070677757, "dvar": 8.44467735291, "dvar2": 22.4594745636, "max": 40, "mean": 10.6378087997, "median": 10, "min": 0, "var": 27.1198673248}, "spectral_decrease": {"dmean": 1.26885180141e-09, "dmean2": 1.91150650863e-09, "dvar": 3.98016935525e-18, "dvar2": 9.66527293108e-18, "max": 6.0336286823e-18, "mean": -5.84051651487e-09, "median": -4.65985960929e-09, "min": -3.08148315753e-08, "var": 2.47645087186e-17}, "spectral_energy": {"dmean": 0.00505056604743, "dmean2": 0.00753222731873, "dvar": 6.0157799453e-05, "dvar2": 0.000143434925121, "max": 0.12608243525, "mean": 0.0234604291618, "median": 0.0187644343823, "min": 1.06896647495e-20, "var": 0.000397819676436}, "spectral_energyband_high": {"dmean": 0.000373999035219, "dmean2": 0.00059995095944, "dvar": 1.30871217152e-06, "dvar2": 3.19393939208e-06, "max": 0.0223742220551, "mean": 0.000587509421166, "median": 8.44020250952e-05, "min": 7.42014452114e-21, "var": 2.30203886531e-06}, "spectral_energyband_low": {"dmean": 0.00257525430061, "dmean2": 0.00446727545932, "dvar": 4.03562517022e-05, "dvar2": 0.000110653767479, "max": 0.0808529406786, "mean": 0.0053036371246, "median": 0.00197663391009, "min": 9.43168472278e-23, "var": 5.78492254135e-05}, "spectral_energyband_middle_high": {"dmean": 0.00108546495903, "dmean2": 0.00132713653147, "dvar": 6.10493816566e-06, "dvar2": 8.83480242919e-06, "max": 0.117129348218, "mean": 0.00387823814526, "median": 0.00140124140307, "min": 1.58334011567e-21, "var": 5.82314714848e-05}, "spectral_energyband_middle_low": {"dmean": 0.00276542827487, "dmean2": 0.00386543641798, "dvar": 1.57699741976e-05, "dvar2": 3.03314063785e-05, "max": 0.0954424068332, "mean": 0.0145770683885, "median": 0.00976471416652, "min": 3.7658545968e-22, "var": 0.000188907288248}, "spectral_entropy": {"dmean": 0.217250958085, "dmean2": 0.300713479519, "dvar": 0.0943567976356, "dvar2": 0.183627828956, "max": 9.78904056549, "mean": 6.74740743637, "median": 6.77194070816, "min": 4.7284989357, "var": 0.58352792263}, "spectral_flux": {"dmean": 0.0179404113442, "dmean2": 0.0277054496109, "dvar": 0.000521273410413, "dvar2": 0.00111690396443, "max": 0.29867246747, "mean": 0.0492400899529, "median": 0.0402798168361, "min": 1.03390837558e-10, "var": 0.00140020088293}, "spectral_kurtosis": {"dmean": 6.73853635788, "dmean2": 10.8697938919, "dvar": 253.541519165, "dvar2": 700.327941895, "max": 478.547210693, "mean": 23.469373703, "median": 8.0080499649, "min": -1.12620508671, "var": 2173.22167969}, "spectral_rms": {"dmean": 0.0004827901721, "dmean2": 0.000707259401679, "dvar": 3.93695046341e-07, "dvar2": 9.06596937966e-07, "max": 0.0110908634961, "mean": 0.00430399458855, "median": 0.00427864072844, "min": 3.22938724373e-12, "var": 4.36388336311e-06}, "spectral_rolloff": {"dmean": 315.608947754, "dmean2": 550.422302246, "dvar": 1090962.375, "dvar2": 2531975.5, "max": 19422.9492188, "mean": 1025.95935059, "median": 732.12890625, "min": 21.533203125, "var": 2180350}, "spectral_skewness": {"dmean": 0.496117591858, "dmean2": 0.761459589005, "dvar": 0.528207063675, "dvar2": 1.27719819546, "max": 17.7822208405, "mean": 3.10711193085, "median": 2.46225261688, "min": -0.457535803318, "var": 5.49611616135}, "spectral_spread": {"dmean": 758432.5, "dmean2": 1086620.375, "dvar": 1288104968190.0, "dvar2": 2459805417470.0, "max": 38880876, "mean": 4698982, "median": 4478898.5, "min": 248555.109375, "var": 7036252717060.0}, "spectral_strongpeak": {"dmean": 0.369063436985, "dmean2": 0.609300971031, "dvar": 0.440334051847, "dvar2": 1.02844822407, "max": 16.0654716492, "mean": 1.19905292988, "median": 0.784227490425, "min": 0, "var": 1.73598635197}, "zerocrossingrate": {"dmean": 0.00882159918547, "dmean2": 0.0103477118537, "dvar": 0.000217135049752, "dvar2": 0.000229599769227, "max": 0.513671875, "mean": 0.0467546470463, "median": 0.03662109375, "min": 0.00341796875, "var": 0.00153632555157}, "barkbands": {"dmean": [0.000104322250991, 0.00199046102352, 0.000675666728057, 0.000384523504181, 0.0012114829151, 0.000831273733638, 0.00045911379857, 0.000515978841577, 0.000550169090275, 0.000586407782976, 0.000399645767175, 0.000199437869014, 0.000117186951684, 0.000138147806865, 0.000103138620034, 7.85083975643e-05, 4.45863224741e-05, 3.48497087543e-05, 4.54287801404e-05, 5.95274104853e-05, 7.20300522516e-05, 7.85219017416e-05, 8.16560495878e-05, 6.68941866024e-05, 4.89950725751e-05, 2.91096075671e-05, 1.43481884152e-05], "dmean2": [0.000150423278683, 0.00347828725353, 0.00118443206884, 0.000652404152788, 0.00177113898098, 0.00122021243442, 0.000602986488957, 0.000676183786709, 0.000677624193486, 0.000662416336127, 0.000498237961438, 0.000262228801148, 0.00016274114023, 0.000192885403521, 0.000149298852193, 0.000126355793327, 6.88657310093e-05, 5.2522518672e-05, 7.05648199073e-05, 0.000102620877442, 0.000123751611682, 0.000135221329401, 0.000128548272187, 0.00010418023885, 7.57105735829e-05, 4.54154942418e-05, 2.39763649006e-05], "dvar": [1.17164836411e-06, 2.84739271592e-05, 2.37848303186e-06, 6.18366641447e-07, 5.40567634744e-06, 3.89613069274e-06, 1.46957802372e-06, 1.74355329818e-06, 2.55597024079e-06, 2.6737711778e-06, 2.00465751732e-06, 1.00558668237e-06, 5.34184323442e-07, 3.65228714827e-07, 2.48740178677e-07, 9.30060011228e-08, 1.76900076809e-08, 1.74106986606e-08, 3.72887214439e-08, 5.23574001932e-08, 1.01241354855e-07, 1.45483653569e-07, 9.25023115883e-08, 3.36190346673e-08, 2.06534327418e-08, 8.37070324167e-09, 3.66162633547e-09], "dvar2": [2.56898943007e-06, 7.95755913714e-05, 6.76660374666e-06, 1.77254935352e-06, 1.10101263999e-05, 7.30202373234e-06, 2.33952209783e-06, 3.33652110385e-06, 4.48045557278e-06, 3.94610924559e-06, 2.83003942059e-06, 1.40979193475e-06, 1.21504638173e-06, 7.49631396957e-07, 4.58014795868e-07, 2.17952646153e-07, 3.64375800643e-08, 3.02381941708e-08, 7.23732824781e-08, 1.42001795211e-07, 2.77891643918e-07, 3.83552730909e-07, 2.05195362923e-07, 7.10460668074e-08, 4.26210782223e-08, 2.02137400152e-08, 9.12475250914e-09], "max": [0.0969907417893, 0.0658435747027, 0.0247274041176, 0.0173197239637, 0.0590283274651, 0.0638115555048, 0.0806900933385, 0.0369413942099, 0.0534743852913, 0.0477208122611, 0.0504747852683, 0.0709698721766, 0.0491248257458, 0.0293593294919, 0.0618693232536, 0.0127138299868, 0.00544207775965, 0.00746510969475, 0.0151192480698, 0.00531714875251, 0.00808347575366, 0.0140759227797, 0.0114255128428, 0.00668255705386, 0.00766121875495, 0.00148523598909, 0.00113126600627], "mean": [0.000127435952891, 0.00359675614163, 0.00127464265097, 0.000667871150654, 0.00416209781542, 0.00316998339258, 0.00181464408524, 0.00158409972209, 0.00194791413378, 0.00178932840936, 0.00107754056808, 0.000544985756278, 0.000225865529501, 0.000294951780234, 0.00022603936668, 0.000112166497274, 8.52254233905e-05, 6.4839485276e-05, 8.01530622994e-05, 7.23128541722e-05, 7.64523647376e-05, 7.99105546321e-05, 0.000130711690872, 0.000122011158965, 8.47491101013e-05, 3.3237360185e-05, 1.45209533002e-05], "median": [9.77078343567e-07, 0.000515165855177, 0.000560574815609, 0.000348405563273, 0.00132205069531, 0.000619859201834, 0.000516232859809, 0.000518619257491, 0.00030356697971, 0.000280863081571, 6.8738409027e-05, 8.14034356154e-05, 2.96814632748e-05, 5.2344850701e-05, 5.25545037817e-05, 1.56459500431e-05, 1.99146907107e-05, 1.38861687446e-05, 9.20372440305e-06, 9.52223399509e-06, 5.25669383933e-06, 3.56491591447e-06, 1.04465389086e-05, 1.46676675286e-05, 1.28704432427e-05, 3.11986923407e-06, 4.87036277264e-06], "min": [1.24145754336e-23, 2.87703693695e-23, 2.25226793525e-23, 4.53979858406e-23, 4.82352092832e-23, 7.19836711974e-23, 9.2684075548e-23, 4.0945096378e-23, 5.02870017878e-23, 1.08808013797e-22, 6.91614613555e-23, 6.04481897348e-23, 1.43575423675e-22, 5.04285423669e-23, 1.40694756085e-22, 2.29928492873e-22, 1.50437465943e-22, 1.99929526286e-22, 3.03571069134e-22, 2.8049313899e-22, 4.78201422293e-22, 5.70826061905e-22, 4.64920488259e-22, 7.33225032065e-22, 1.13378047842e-21, 1.81681497377e-21, 2.54424741914e-21], "var": [1.28407793909e-06, 3.72907015844e-05, 2.99801513393e-06, 8.75063392414e-07, 4.27899321949e-05, 4.46530757472e-05, 1.37992201417e-05, 8.41948985908e-06, 2.06058757612e-05, 1.44629884744e-05, 1.43023471537e-05, 7.11259826858e-06, 1.16709509257e-06, 1.13894043352e-06, 1.67601331214e-06, 1.45806538399e-07, 6.15054673858e-08, 4.57547635335e-08, 2.12003527622e-07, 5.72818095179e-08, 8.64327063255e-08, 1.48356178897e-07, 2.28321610507e-07, 1.00359379474e-07, 5.84251047542e-08, 9.42796862802e-09, 3.00350677662e-09]}, "erbbands": {"dmean": [0.0564759857953, 0.468532711267, 0.822158336639, 0.97842758894, 2.04605579376, 4.96406459808, 6.53382062912, 6.5573220253, 5.42433691025, 10.7493495941, 10.7904224396, 11.2231092453, 21.9613990784, 12.2904005051, 14.6757678986, 8.00568580627, 5.42230510712, 6.22686910629, 5.8363275528, 4.57539081573, 4.14098405838, 1.96550798416, 1.71143531799, 2.53849840164, 1.81712520123, 2.77505087852, 3.92384386063, 1.99078941345, 2.98972415924, 2.29948139191, 2.51664733887, 1.48179137707, 1.14763307571, 0.688240587711, 0.286415606737, 0.114370346069, 0.0585680902004, 0.0175466202199, 0.00249932310544, 9.54641000135e-05], "dmean2": [0.0960807353258, 0.830032885075, 1.45194768906, 1.67136526108, 3.26667666435, 7.2123208046, 8.54786014557, 9.85897541046, 8.13128662109, 14.320643425, 13.4618835449, 13.3871307373, 25.2617206573, 14.2669553757, 18.0509128571, 10.4803609848, 7.45684719086, 8.57095050812, 7.98565673828, 6.91235780716, 6.67820835114, 2.95445036888, 2.56592750549, 3.8621006012, 2.84544682503, 4.72464561462, 6.8555393219, 3.3317501545, 5.20563554764, 3.71389555931, 3.99324131012, 2.34442400932, 1.77491652966, 1.08149206638, 0.438950896263, 0.175387740135, 0.0927409678698, 0.0288146845996, 0.00415955251083, 0.000155652422109], "dvar": [0.0210236478597, 1.682082057, 3.59155416489, 4.47452163696, 17.8613395691, 115.261039734, 341.135559082, 246.021438599, 177.966125488, 920.365539551, 988.135192871, 1123.93444824, 3665.39038086, 1714.94287109, 2577.92822266, 920.635742188, 1282.82885742, 486.750701904, 928.848876953, 201.186080933, 222.172836304, 33.1047897339, 29.6478252411, 83.5655899048, 98.5134048462, 112.681655884, 330.015014648, 70.7817611694, 251.91897583, 139.559432983, 75.0831985474, 19.4211235046, 10.7150316238, 3.55203938484, 1.15401232243, 0.125859558582, 0.0353501923382, 0.00435903994367, 0.000116307935969, 1.43820386711e-07], "dvar2": [0.0557657293975, 4.78045129776, 10.1797790527, 12.6663541794, 45.9250030518, 232.766494751, 529.021850586, 491.002258301, 347.710144043, 1780.26123047, 1774.76586914, 1899.37902832, 5675.19726562, 2346.25634766, 3674.12548828, 1439.41674805, 3027.76391602, 778.118041992, 1613.18371582, 415.32699585, 544.581542969, 65.0304870605, 51.1313781738, 165.005081177, 174.401916504, 305.513214111, 921.784729004, 176.837997437, 691.199462891, 344.07131958, 172.396850586, 41.8111457825, 23.0553874969, 7.75086593628, 2.35772562027, 0.286176383495, 0.0863021314144, 0.0107541400939, 0.000289174437057, 3.47138495727e-07], "max": [1.76383459568, 15.7551736832, 27.9323596954, 37.4484024048, 89.1703567505, 275.126159668, 735.489562988, 541.644226074, 1105.7166748, 1198.98632812, 1024.78649902, 1355.65795898, 1814.12402344, 1763.71801758, 2486.73193359, 1654.30944824, 2526.76000977, 1385.37646484, 3704.78735352, 815.143066406, 462.504882812, 234.591629028, 252.503921509, 397.159698486, 1039.25292969, 277.66217041, 450.81930542, 211.438720703, 749.09576416, 517.842041016, 273.571868896, 164.703475952, 130.693405151, 90.5629043579, 70.5963287354, 10.4673032761, 2.8389108181, 1.03376543522, 0.221630141139, 0.0073210215196], "mean": [0.0979000329971, 0.818183660507, 1.5603300333, 1.95241415501, 4.78212499619, 17.6431674957, 25.8576450348, 23.4463176727, 19.25740242, 39.1517829895, 35.0138931274, 41.4599914551, 75.5303955078, 35.3916130066, 42.0965766907, 22.2937259674, 11.8933849335, 14.0196065903, 14.3631820679, 8.74073696136, 6.49890947342, 4.03275442123, 3.55703926086, 4.4576830864, 3.45702838898, 3.53847527504, 4.13483428955, 2.20172953606, 2.90296220779, 2.92040061951, 4.10570669174, 2.60995221138, 2.0397810936, 1.24463474751, 0.449191838503, 0.142834737897, 0.0642821118236, 0.0161993913352, 0.00248592323624, 0.000158862851094], "median": [0.00840772502124, 0.141531765461, 0.726626336575, 1.10914957523, 2.4422416687, 4.05391025543, 5.32201099396, 5.29039525986, 7.42662763596, 11.2610616684, 11.4686317444, 10.2479763031, 16.1780319214, 7.34570121765, 4.04506540298, 4.64693212509, 2.33486318588, 3.16247844696, 2.80260252953, 1.99915766716, 1.33544671535, 0.977781355381, 0.859361171722, 0.676808238029, 0.446622610092, 0.454813033342, 0.287759900093, 0.184916049242, 0.131471604109, 0.165039211512, 0.333678752184, 0.273982197046, 0.253242075443, 0.178474292159, 0.0646294876933, 0.0151096880436, 0.00472203362733, 0.00146393640898, 0.000811482779682, 0.000103362399386], "min": [6.20249901557e-22, 7.60371399364e-21, 2.25407670117e-20, 1.24333026734e-19, 9.04318241977e-20, 1.60851448116e-19, 2.55006082671e-19, 7.79141116202e-19, 1.55430566501e-18, 9.21034075817e-19, 8.38620003437e-19, 9.0425947338e-19, 2.99215856863e-18, 3.6733018916e-18, 2.21984050341e-18, 2.81406265364e-18, 5.778107628e-18, 3.97123249591e-18, 8.28010440144e-18, 4.36881892529e-18, 1.40339429639e-17, 1.20125195147e-17, 1.10770063661e-17, 1.08629411225e-17, 1.64977467405e-17, 1.25890387591e-17, 2.18677470289e-17, 1.60566758399e-17, 1.72303524849e-17, 1.58325032764e-17, 1.33303224553e-17, 1.20113912404e-17, 1.46268197048e-17, 1.42039699388e-17, 7.8069893511e-18, 7.05553795081e-18, 3.05524184369e-18, 1.33513526952e-18, 3.27250744902e-19, 3.77779654231e-20], "var": [0.0345282554626, 1.91743099689, 4.30557870865, 6.09664869308, 52.8523521423, 1029.82873535, 3974.90087891, 2473.49829102, 1491.56762695, 6594.66357422, 4957.46142578, 8426.51855469, 21102.3339844, 9823.77832031, 20438.9824219, 6189.68554688, 2546.24731445, 1742.22290039, 7166.8125, 510.07925415, 413.889801025, 123.860618591, 95.9140930176, 241.748672485, 796.531494141, 143.146865845, 257.879730225, 84.0425033569, 217.127380371, 216.599685669, 181.640609741, 51.8671150208, 31.0466270447, 10.2471208572, 2.85066437721, 0.211694911122, 0.0363209247589, 0.00370925967582, 9.55981231527e-05, 1.32390979957e-07]}, "gfcc": {"mean": [-69.3092575073, 113.47114563, -86.211479187, -11.3598403931, -58.3102378845, 7.42575359344, -36.5424537659, 5.10110187531, -17.0344371796, -6.37806653976, -10.5474462509, -7.78975391388, -6.56479597092], "cov": [[17923.6953125, -4083.03710938, -206.180541992, 1775.40905762, -1281.63964844, 530.894287109, -616.027587891, 535.131713867, -641.406188965, 137.728515625, -99.5154647827, 28.4402313232, 22.2325706482], [-4083.03710938, 3737.76733398, 112.850814819, -933.599060059, 1020.7734375, -370.645233154, 343.649658203, -271.878967285, 400.433166504, -198.705307007, 144.690536499, -185.517272949, 68.5220489502], [-206.180541992, 112.850814819, 1214.98327637, 277.201141357, 106.51966095, 185.23059082, 40.4234962463, -74.6473846436, 46.0681800842, 46.6060791016, -18.1188144684, 66.0583953857, -40.1656761169], [1775.40905762, -933.599060059, 277.201141357, 836.735595703, -107.189277649, 128.217102051, -4.15159893036, 114.633033752, -13.7147951126, 87.2276077271, -30.2324562073, 77.1097183228, -8.59812831879], [-1281.63964844, 1020.7734375, 106.51966095, -107.189277649, 723.994140625, -79.493637085, 288.496520996, -22.8056354523, 255.385757446, -2.41579937935, 52.6850509644, -9.49426746368, 34.07604599], [530.894287109, -370.645233154, 185.23059082, 128.217102051, -79.493637085, 331.684570312, 54.8029022217, 54.2246017456, -56.5660209656, 37.1047439575, -17.6431694031, 29.1494636536, 1.2524907589], [-616.027587891, 343.649658203, 40.4234962463, -4.15159893036, 288.496520996, 54.8029022217, 393.616210938, 22.7706680298, 145.213851929, 36.0322761536, 7.8722743988, 14.8924789429, 18.2948417664], [535.131713867, -271.878967285, -74.6473846436, 114.633033752, -22.8056354523, 54.2246017456, 22.7706680298, 231.566482544, 25.8618564606, 23.5377216339, -3.29723858833, 16.3334026337, 16.865196228], [-641.406188965, 400.433166504, 46.0681800842, -13.7147951126, 255.385757446, -56.5660209656, 145.213851929, 25.8618564606, 307.651977539, 66.6551971436, 2.1689286232, 12.4566030502, 0.571768641472], [137.728515625, -198.705307007, 46.6060791016, 87.2276077271, -2.41579937935, 37.1047439575, 36.0322761536, 23.5377216339, 66.6551971436, 168.932891846, 30.7926101685, 49.7401351929, -16.5084266663], [-99.5154647827, 144.690536499, -18.1188144684, -30.2324562073, 52.6850509644, -17.6431694031, 7.8722743988, -3.29723858833, 2.1689286232, 30.7926101685, 159.341171265, 28.1915493011, 3.00031876564], [28.4402313232, -185.517272949, 66.0583953857, 77.1097183228, -9.49426746368, 29.1494636536, 14.8924789429, 16.3334026337, 12.4566030502, 49.7401351929, 28.1915493011, 130.47203064, 29.5062446594], [22.2325706482, 68.5220489502, -40.1656761169, -8.59812831879, 34.07604599, 1.2524907589, 18.2948417664, 16.865196228, 0.571768641472, -16.5084266663, 3.00031876564, 29.5062446594, 121.138763428]], "icov": [[9.02150495676e-05, 3.58956422133e-05, 3.1326260796e-05, -0.000150423045852, 3.00619030895e-05, -5.59060972591e-05, 7.2039940278e-05, -8.30569479149e-05, 6.74535622238e-05, -2.52538047789e-05, -4.41693919129e-05, 0.00015306212299, -8.42939334689e-05], [3.58956422133e-05, 0.000942793150898, -0.000284016045043, 0.000655281997751, -0.000725228339434, 0.00038099125959, -0.000127840248751, 0.000411315850215, -0.00057073746575, 0.000713455840014, -0.000738044909667, 0.000979882548563, -0.000545902585145], [3.1326260796e-05, -0.000284016045043, 0.00123048468959, -0.000636845245026, -9.27300279727e-05, -0.000874241115525, 0.000331723334966, 0.000495337299071, -1.03392530946e-05, -0.000106325591332, 0.000364661798812, -0.000739375653211, 0.00059037480969], [-0.000150423045852, 0.000655281997751, -0.000636845245026, 0.00238082255237, -0.000475767010357, 0.000322940846672, -0.000250255601713, -0.000311745709041, -0.000368994049495, 3.19663740811e-05, -9.44174607866e-05, -8.30885037431e-05, -0.000144860765431], [3.00619030895e-05, -0.000725228339434, -9.27300279727e-05, -0.000475767010357, 0.00346020865254, 0.000218241388211, -0.00142770435195, -0.000155733738211, -0.00120048259851, 0.000297986465739, -0.000485158147058, -0.000149677172885, -0.000303364766296], [-5.59060972591e-05, 0.00038099125959, -0.000874241115525, 0.000322940846672, 0.000218241388211, 0.00452887360007, -0.00138846191112, -0.00081201584544, 0.00101681484375, -0.000548749230802, 0.000118121148262, 0.000247021642281, -0.000400344986701], [7.2039940278e-05, -0.000127840248751, 0.000331723334966, -0.000250255601713, -0.00142770435195, -0.00138846191112, 0.00429001869634, -0.000162450349308, -0.000709748826921, -0.000491491868161, 0.0004134196206, -0.000301539403154, -5.84167464694e-05], [-8.30569479149e-05, 0.000411315850215, 0.000495337299071, -0.000311745709041, -0.000155733738211, -0.00081201584544, -0.000162450349308, 0.00563102774322, -0.00131755589973, 0.000457470334368, -0.000440453848569, 0.000238811728195, -0.000761230650824], [6.74535622238e-05, -0.00057073746575, -1.03392530946e-05, -0.000368994049495, -0.00120048259851, 0.00101681484375, -0.000709748826921, -0.00131755589973, 0.00641675107181, -0.00302981538698, 0.001600627671, -0.00060211744858, 0.00056247622706], [-2.52538047789e-05, 0.000713455840014, -0.000106325591332, 3.19663740811e-05, 0.000297986465739, -0.000548749230802, -0.000491491868161, 0.000457470334368, -0.00302981538698, 0.00922588072717, -0.00223619816825, -0.00183493504301, 0.00127437512856], [-4.41693919129e-05, -0.000738044909667, 0.000364661798812, -9.44174607866e-05, -0.000485158147058, 0.000118121148262, 0.0004134196206, -0.000440453848569, 0.001600627671, -0.00223619816825, 0.00790695194155, -0.00240090047009, 0.000750589824747], [0.00015306212299, 0.000979882548563, -0.000739375653211, -8.30885037431e-05, -0.000149677172885, 0.000247021642281, -0.000301539403154, 0.000238811728195, -0.00060211744858, -0.00183493504301, -0.00240090047009, 0.0115156332031, -0.00377423106693], [-8.42939334689e-05, -0.000545902585145, 0.00059037480969, -0.000144860765431, -0.000303364766296, -0.000400344986701, -5.84167464694e-05, -0.000761230650824, 0.00056247622706, 0.00127437512856, 0.000750589824747, -0.00377423106693, 0.010040727444]]}, "melbands": {"dmean": [0.000526513380464, 0.000493469415233, 0.000192593695829, 0.000231395548326, 0.000237945845583, 0.000148832245031, 8.63005625433e-05, 0.000112658541184, 8.69406576385e-05, 7.51712941565e-05, 0.000109743261419, 4.83305739181e-05, 6.01435749559e-05, 2.35503703152e-05, 1.64569555636e-05, 9.75079092314e-06, 1.28580886667e-05, 1.02655885712e-05, 6.12807662037e-06, 6.20190030531e-06, 4.80936432723e-06, 2.16487592297e-06, 1.76352330072e-06, 1.96166911337e-06, 2.24344557864e-06, 1.43498323268e-06, 1.33459593599e-06, 1.99020269065e-06, 2.93235893878e-06, 1.564574859e-06, 1.03877414404e-06, 1.70484383943e-06, 1.6617965457e-06, 1.23012148379e-06, 1.58684974849e-06, 1.16363025882e-06, 8.88348438366e-07, 8.58297994455e-07, 7.12860412477e-07, 6.15765998191e-07], "dmean2": [0.00091332604643, 0.000871218508109, 0.000323130865581, 0.000346365908626, 0.000318111997331, 0.000224367860937, 0.000126575236209, 0.000150971667608, 0.000107311527245, 9.06485147425e-05, 0.000125820981339, 5.61985943932e-05, 7.46367732063e-05, 3.01073941955e-05, 2.28408371186e-05, 1.33341536639e-05, 1.76673765964e-05, 1.41975715451e-05, 8.65364290803e-06, 9.95789196168e-06, 7.64839842304e-06, 3.36312632498e-06, 2.61118407252e-06, 2.91966375698e-06, 3.42280100085e-06, 2.21095228881e-06, 2.19328626372e-06, 3.41349550581e-06, 5.1714091569e-06, 2.6732943752e-06, 1.73032606199e-06, 2.95987547361e-06, 2.87333637061e-06, 1.94574431589e-06, 2.5268545869e-06, 1.85703731859e-06, 1.4165700577e-06, 1.32905211103e-06, 1.14418389785e-06, 9.74862132352e-07], "dvar": [1.93684422811e-06, 1.49017591866e-06, 1.42585221852e-07, 1.89055697319e-07, 3.30050141883e-07, 1.1729814986e-07, 4.29058424345e-08, 9.13931614832e-08, 6.27134895126e-08, 4.78689479166e-08, 9.02998849028e-08, 3.16447206217e-08, 4.42738432582e-08, 1.59339066386e-08, 6.92775747879e-09, 3.11225534233e-09, 2.16632112249e-09, 3.07859915338e-09, 5.91386550841e-10, 4.62466009932e-10, 2.97832397633e-10, 3.52819370941e-11, 3.93130250576e-11, 5.0905200194e-11, 7.21896431521e-11, 6.16011755494e-11, 3.23087633036e-11, 5.96983226742e-11, 1.86941642721e-10, 5.92206700345e-11, 2.18302338012e-11, 8.44842043546e-11, 6.78131995002e-11, 5.05614577984e-11, 3.14123310696e-11, 1.48976594949e-11, 6.62954587061e-12, 6.24711740671e-12, 4.60680842432e-12, 3.25038455352e-12], "dvar2": [5.33650336365e-06, 4.19660318585e-06, 3.97070294866e-07, 4.2183424398e-07, 5.42115515145e-07, 2.38934546815e-07, 7.98017367742e-08, 1.83402548259e-07, 1.13462903073e-07, 8.21888761493e-08, 1.39284239253e-07, 4.30792468364e-08, 6.37730579456e-08, 2.06250572177e-08, 1.49172194597e-08, 6.44606634737e-09, 3.57472806911e-09, 5.61801449805e-09, 9.56185242096e-10, 1.03712016752e-09, 6.73187172673e-10, 7.49477424566e-11, 7.31945476451e-11, 8.82933101631e-11, 1.46328352213e-10, 1.10461285951e-10, 6.78431893997e-11, 1.62513044688e-10, 5.27463961397e-10, 1.55189486262e-10, 5.20568588236e-11, 2.32593486138e-10, 1.79978684733e-10, 1.26175042636e-10, 7.29720103787e-11, 3.38849434622e-11, 1.45822538072e-11, 1.36724563962e-11, 1.10063182526e-11, 7.46652566164e-12], "max": [0.0175141189247, 0.0162669084966, 0.00604108488187, 0.0112201273441, 0.0207096077502, 0.0120890988037, 0.017840763554, 0.0108883157372, 0.00809603743255, 0.00836848653853, 0.00904589146376, 0.00775240687653, 0.00814366620034, 0.00969175249338, 0.00512545276433, 0.00339149800129, 0.00311658508144, 0.00534587306902, 0.00256846565753, 0.00106234231498, 0.000727901409846, 0.000215889536776, 0.000367406464648, 0.000330217037117, 0.000369583402062, 0.000894492201041, 0.000318699487252, 0.000241399800871, 0.000334398529958, 0.000395228940761, 0.000147861559526, 0.000452309031971, 0.000211256541661, 0.000324272492435, 0.000176459536306, 0.000118700882012, 0.000110292945465, 8.27200856293e-05, 8.61181615619e-05, 9.929134103e-05], "mean": [0.000958447752055, 0.000939679099247, 0.000405823404435, 0.000739775248803, 0.000948282075115, 0.000539574190043, 0.000313957571052, 0.000398898788262, 0.000278617721051, 0.000274569581961, 0.000371565256501, 0.000129491731059, 0.000163708653417, 6.8072717113e-05, 3.92720612581e-05, 2.02396313398e-05, 2.72276629403e-05, 2.44321890932e-05, 1.29693962663e-05, 9.37788354349e-06, 7.46615842218e-06, 4.14807936977e-06, 3.4408853935e-06, 3.60992794413e-06, 3.64684524357e-06, 2.79512005363e-06, 1.97440613192e-06, 2.41230577558e-06, 3.01085515275e-06, 1.61299408319e-06, 1.13476403385e-06, 1.62090714184e-06, 1.60350873557e-06, 1.63854247148e-06, 2.50124094237e-06, 1.91626872947e-06, 1.48301933223e-06, 1.45654485095e-06, 1.19897219975e-06, 1.05185836219e-06], "median": [0.000119026255561, 0.000392916961573, 0.000268829346169, 0.000250733632129, 0.000214144543861, 0.000116215240269, 0.00011603916937, 0.00012642526417, 7.05598358763e-05, 5.83230466873e-05, 7.05046695657e-05, 2.03295094252e-05, 1.15127750178e-05, 1.00502138594e-05, 8.77889033291e-06, 3.26327335642e-06, 5.68656651012e-06, 3.6706053379e-06, 3.10518498736e-06, 1.62397145687e-06, 1.2196892385e-06, 1.01590944723e-06, 6.2753815655e-07, 6.94509935784e-07, 4.79312234347e-07, 2.98015152111e-07, 3.01656712054e-07, 2.7027277838e-07, 1.7836426025e-07, 1.02357603282e-07, 8.70061569458e-08, 6.50977014516e-08, 4.68423664302e-08, 8.34812965422e-08, 1.8987604733e-07, 1.65452448186e-07, 1.46902820575e-07, 1.61761334994e-07, 1.37074749773e-07, 1.41381505614e-07], "min": [8.16366118403e-24, 1.11015842989e-23, 1.83963562166e-23, 8.52563711014e-24, 9.71933669876e-24, 1.77452761794e-23, 2.17860347284e-23, 9.7862849572e-24, 5.91011671406e-24, 6.21670789931e-24, 1.55665575328e-23, 1.54633193062e-23, 8.44295028778e-24, 7.98569731926e-24, 7.48413008939e-24, 1.41795822893e-23, 5.849838669e-24, 1.30784839269e-23, 7.14527173211e-24, 8.06818219323e-24, 1.74797282437e-23, 1.18578171282e-23, 1.29252003644e-23, 6.43708053192e-24, 8.4415958136e-24, 1.30274777585e-23, 9.83710495444e-24, 7.80300817766e-24, 1.2497301699e-23, 1.29642836891e-23, 8.02285582334e-24, 8.01394011739e-24, 1.46565496807e-23, 6.13235184727e-24, 6.82251244818e-24, 8.80104107393e-24, 7.17205355984e-24, 1.08201447603e-23, 9.15785390541e-24, 1.41542251443e-23], "var": [2.86723366116e-06, 1.70092869212e-06, 2.30385808209e-07, 1.41018801969e-06, 3.61091656487e-06, 1.24911116473e-06, 3.76105532496e-07, 6.01498697961e-07, 3.18965533097e-07, 3.77128117179e-07, 5.26107157839e-07, 1.73898357048e-07, 3.16536869605e-07, 1.18774430291e-07, 3.5083111527e-08, 7.9748341264e-09, 7.08196701282e-09, 2.02448440234e-08, 3.06246339399e-09, 7.14173942207e-10, 6.80070944004e-10, 1.19889487227e-10, 1.39612363337e-10, 1.35227634646e-10, 1.84428389227e-10, 5.48037559778e-10, 1.18037246644e-10, 6.50279136094e-11, 1.45142259322e-10, 5.59712970416e-11, 2.76217174133e-11, 7.10842149032e-11, 6.71102409755e-11, 8.1009109143e-11, 7.31488897232e-11, 3.55278063913e-11, 1.64601648284e-11, 1.69120828453e-11, 1.12631024299e-11, 8.20466958262e-12]}, "mfcc": {"mean": [-722.278259277, 155.334899902, 24.6788845062, -6.32127475739, 3.23746418953, -8.20474624634, -2.87547326088, -0.671419143677, -2.31128263474, 5.45896720886, -6.26758718491, -1.79645466805, -3.75073242188], "cov": [[11584.1201172, -2203.33740234, -53.6705780029, 322.807067871, 78.114440918, -258.082702637, 282.24621582, 3.97824025154, -166.437820435, 232.03288269, -273.850250244, 36.7465057373, -160.90562439], [-2203.33740234, 3026.05102539, -278.397979736, -136.02053833, 244.19631958, 118.350013733, -35.4698371887, 47.596370697, 132.998886108, 43.5676422119, 132.811141968, -32.2109107971, 71.4287261963], [-53.6705780029, -278.397979736, 1010.9309082, 161.125488281, 52.649143219, 180.313598633, 15.9466724396, 15.0652332306, -40.949092865, -56.6581115723, 1.66020548344, 21.0999259949, -17.0969982147], [322.807067871, -136.02053833, 161.125488281, 574.550476074, 141.868499756, 121.688613892, 18.9735527039, 86.2191772461, 110.818374634, -1.95845198631, 84.8012313843, 50.2334785461, 75.2480697632], [78.114440918, 244.19631958, 52.649143219, 141.868499756, 301.989898682, 33.1090507507, 13.4619827271, 44.2444648743, 30.3487224579, 28.9462509155, 30.7669715881, 18.7414398193, 29.6558456421], [-258.082702637, 118.350013733, 180.313598633, 121.688613892, 33.1090507507, 372.309143066, 41.8446846008, 57.4336357117, 92.4842147827, 11.4126424789, 99.1981277466, -1.26563930511, 46.185710907], [282.24621582, -35.4698371887, 15.9466724396, 18.9735527039, 13.4619827271, 41.8446846008, 272.482513428, 60.1143684387, -29.8212108612, 39.5741653442, -28.3582401276, -6.94024801254, -28.2143611908], [3.97824025154, 47.596370697, 15.0652332306, 86.2191772461, 44.2444648743, 57.4336357117, 60.1143684387, 182.860610962, 94.9866104126, 39.6395835876, 43.2750816345, -11.7392663956, 13.6636886597], [-166.437820435, 132.998886108, -40.949092865, 110.818374634, 30.3487224579, 92.4842147827, -29.8212108612, 94.9866104126, 254.706314087, 57.0325698853, 78.500289917, -0.791850626469, 31.8579788208], [232.03288269, 43.5676422119, -56.6581115723, -1.95845198631, 28.9462509155, 11.4126424789, 39.5741653442, 39.6395835876, 57.0325698853, 152.117477417, 46.3401412964, 7.21025800705, -10.4519767761], [-273.850250244, 132.811141968, 1.66020548344, 84.8012313843, 30.7669715881, 99.1981277466, -28.3582401276, 43.2750816345, 78.500289917, 46.3401412964, 188.301055908, 58.2242889404, 54.3870849609], [36.7465057373, -32.2109107971, 21.0999259949, 50.2334785461, 18.7414398193, -1.26563930511, -6.94024801254, -11.7392663956, -0.791850626469, 7.21025800705, 58.2242889404, 153.626174927, 67.3579559326], [-160.90562439, 71.4287261963, -17.0969982147, 75.2480697632, 29.6558456421, 46.185710907, -28.2143611908, 13.6636886597, 31.8579788208, -10.4519767761, 54.3870849609, 67.3579559326, 159.075119019]], "icov": [[0.000116758965305, 7.88945908425e-05, 3.49748843291e-05, -8.54863683344e-05, -6.44713727525e-05, 1.00529778138e-05, -4.02403602493e-05, 6.12272151557e-06, 6.33119198028e-05, -0.000240803463385, 0.000185373661225, -6.90630986355e-05, 6.56750853523e-05], [7.88945908425e-05, 0.00046808886691, 0.000130780928885, 0.00021135447605, -0.00048514700029, -9.72325942712e-05, -5.20145331393e-05, 5.99205304752e-05, -0.00013132939057, -2.05979868042e-05, -0.000163604825502, 0.000158107373863, -9.80653348961e-05], [3.49748843291e-05, 0.000130780928885, 0.00127654976677, -0.000264607137069, -0.000237047803239, -0.000795493193436, 0.000197077344637, -0.000219783265493, 0.000465303019155, 0.000282925146166, 0.000310187897412, -0.000434164801845, 0.000571201671846], [-8.54863683344e-05, 0.00021135447605, -0.000264607137069, 0.00269917724654, -0.00112652499229, -0.000199336616788, -0.000287498056423, -0.000358779565431, -0.000980596756563, 0.000961514015216, -0.000745787634514, -0.000167045349372, -0.000653628609143], [-6.44713727525e-05, -0.00048514700029, -0.000237047803239, -0.00112652499229, 0.00440369034186, 0.000142842371133, 0.000162976561114, -0.000600756378844, 0.000472072395496, -0.0008755295421, 0.000289357558358, -0.000199696543859, -0.00028833176475], [1.00529778138e-05, -9.72325942712e-05, -0.000795493193436, -0.000199336616788, 0.000142842371133, 0.00419234670699, -0.0011788320262, 0.00035532398033, -0.00113332888577, 0.000513220671564, -0.00208853604272, 0.00135060551111, -0.00101795070805], [-4.02403602493e-05, -5.20145331393e-05, 0.000197077344637, -0.000287498056423, 0.000162976561114, -0.0011788320262, 0.00504468753934, -0.00226264912635, 0.00173114764038, -0.00157052162103, 0.00164923025295, -0.000838034844492, 0.000881909450982], [6.12272151557e-06, 5.99205304752e-05, -0.000219783265493, -0.000358779565431, -0.000600756378844, 0.00035532398033, -0.00226264912635, 0.00839320383966, -0.00281254155561, -0.00030230631819, -0.00126730813645, 0.0015459501883, -0.000665949308313], [6.33119198028e-05, -0.00013132939057, 0.000465303019155, -0.000980596756563, 0.000472072395496, -0.00113332888577, 0.00173114764038, -0.00281254155561, 0.00671113654971, -0.0020604187157, -0.00031118185143, 0.000290026888251, -6.92880130373e-05], [-0.000240803463385, -2.05979868042e-05, 0.000282925146166, 0.000961514015216, -0.0008755295421, 0.000513220671564, -0.00157052162103, -0.00030230631819, -0.0020604187157, 0.00939438119531, -0.00279838917777, -0.000186219185707, 0.00116838153917], [0.000185373661225, -0.000163604825502, 0.000310187897412, -0.000745787634514, 0.000289357558358, -0.00208853604272, 0.00164923025295, -0.00126730813645, -0.00031118185143, -0.00279838917777, 0.00956864655018, -0.00327041721903, -0.00040731500485], [-6.90630986355e-05, 0.000158107373863, -0.000434164801845, -0.000167045349372, -0.000199696543859, 0.00135060551111, -0.000838034844492, 0.0015459501883, 0.000290026888251, -0.000186219185707, -0.00327041721903, 0.00970826949924, -0.0038078262005], [6.56750853523e-05, -9.80653348961e-05, 0.000571201671846, -0.000653628609143, -0.00028833176475, -0.00101795070805, 0.000881909450982, -0.000665949308313, -6.92880130373e-05, 0.00116838153917, -0.00040731500485, -0.0038078262005, 0.00917257834226]]}, "spectral_contrast_coeffs": {"dmean": [0.0412110090256, 0.0330163910985, 0.0327208004892, 0.030219104141, 0.0215755198151, 0.0166571233422], "dmean2": [0.066052660346, 0.0529402196407, 0.0484137050807, 0.0468170456588, 0.0338876582682, 0.026867505163], "dvar": [0.00145007157698, 0.00090166751761, 0.000928220164496, 0.000701209064573, 0.000388490327168, 0.000359400728485], "dvar2": [0.00331866135821, 0.0022355534602, 0.00191626895685, 0.00160288973711, 0.000870002841111, 0.000883667904418], "max": [-0.23731264472, -0.386057019234, -0.369206607342, -0.452315568924, -0.524385273457, -0.620449066162], "mean": [-0.611925065517, -0.656980454922, -0.658972382545, -0.72186344862, -0.787759721279, -0.818729579449], "median": [-0.624740004539, -0.65995156765, -0.66241133213, -0.722357988358, -0.789758324623, -0.820532143116], "min": [-0.94784450531, -0.959290087223, -0.964600741863, -0.96553003788, -0.960430324078, -0.959278464317], "var": [0.0123315006495, 0.00729608163238, 0.00891017355025, 0.00390592264012, 0.00245182425715, 0.00169030437246]}, "spectral_contrast_valleys": {"dmean": [0.373516499996, 0.264925688505, 0.291398763657, 0.319602757692, 0.30875658989, 0.356986403465], "dmean2": [0.599635779858, 0.429431587458, 0.459176838398, 0.49310323596, 0.447302430868, 0.473009884357], "dvar": [0.174288675189, 0.0763662531972, 0.0896904990077, 0.129553645849, 0.187754631042, 0.263067960739], "dvar2": [0.350464880466,