{"lowlevel": {"average_loudness": 0.440626204014, "barkbands_crest": {"dmean": 1.72296249866, "dmean2": 2.59841227531, "dvar": 2.88372254372, "dvar2": 6.84702682495, "max": 24.3574886322, "mean": 11.1601066589, "median": 10.7463378906, "min": 3.85831737518, "var": 11.8278694153}, "barkbands_flatness_db": {"dmean": 0.0146826505661, "dmean2": 0.0216338001192, "dvar": 0.000250405515544, "dvar2": 0.000528100237716, "max": 0.454582601786, "mean": 0.229213580489, "median": 0.228718772531, "min": 0.0471378602087, "var": 0.00431896792725}, "barkbands_kurtosis": {"dmean": 2.87528920174, "dmean2": 4.54967546463, "dvar": 24.5811843872, "dvar2": 64.2241897583, "max": 105.690765381, "mean": 6.64993000031, "median": 4.34161043167, "min": -1.84778904915, "var": 62.8254127502}, "barkbands_skewness": {"dmean": 0.421105265617, "dmean2": 0.649182379246, "dvar": 0.193149879575, "dvar2": 0.478282749653, "max": 8.31783676147, "mean": 1.56010723114, "median": 1.45611178875, "min": -2.1509373188, "var": 1.32653450966}, "barkbands_spread": {"dmean": 1.77382624149, "dmean2": 2.751298666, "dvar": 7.44188690186, "dvar2": 15.8659248352, "max": 119.771064758, "mean": 7.99772930145, "median": 5.74038410187, "min": 0.675026416779, "var": 57.2861099243}, "dissonance": {"dmean": 0.0330877900124, "dmean2": 0.055443841964, "dvar": 0.000885821995325, "dvar2": 0.00249143340625, "max": 0.49977684021, "mean": 0.375543117523, "median": 0.380511969328, "min": 0.152036055923, "var": 0.00339114177041}, "dynamic_complexity": 7.08003330231, "erbbands_crest": {"dmean": 2.1976416111, "dmean2": 3.2780354023, "dvar": 4.46169471741, "dvar2": 10.1618928909, "max": 31.9134788513, "mean": 13.6107587814, "median": 12.9802465439, "min": 2.71984815598, "var": 22.2027378082}, "erbbands_flatness_db": {"dmean": 0.0121554434299, "dmean2": 0.0175494235009, "dvar": 0.000184401491424, "dvar2": 0.000332702329615, "max": 0.508023381233, "mean": 0.253261774778, "median": 0.250244528055, "min": 0.0364461541176, "var": 0.00378613290377}, "erbbands_kurtosis": {"dmean": 1.50451266766, "dmean2": 2.39764666557, "dvar": 6.16181373596, "dvar2": 15.1035680771, "max": 57.2651100159, "mean": 2.65370345116, "median": 1.22334194183, "min": -1.78975975513, "var": 20.1212501526}, "erbbands_skewness": {"dmean": 0.354940056801, "dmean2": 0.545136749744, "dvar": 0.13022723794, "dvar2": 0.298912554979, "max": 6.29588079453, "mean": 1.03449296951, "median": 1.02928864956, "min": -1.63530552387, "var": 0.672977149487}, "erbbands_spread": {"dmean": 3.18884086609, "dmean2": 4.99015760422, "dvar": 11.8414487839, "dvar2": 28.4716796875, "max": 104.397888184, "mean": 17.5801200867, "median": 16.259759903, "min": 1.00755119324, "var": 111.696861267}, "hfc": {"dmean": 1.35172450542, "dmean2": 1.87937164307, "dvar": 8.25146389008, "dvar2": 15.5162439346, "max": 58.6578483582, "mean": 7.47798109055, "median": 4.93611192703, "min": 1.06734383455e-16, "var": 69.4810943604}, "melbands_crest": {"dmean": 2.43758559227, "dmean2": 3.78660416603, "dvar": 7.70613956451, "dvar2": 21.1611499786, "max": 34.7187538147, "mean": 14.5278482437, "median": 13.6384010315, "min": 1.00509238243, "var": 28.2000370026}, "melbands_flatness_db": {"dmean": 0.0159585848451, "dmean2": 0.0232982765883, "dvar": 0.000335608317982, "dvar2": 0.000684808881488, "max": 0.553969144821, "mean": 0.318555116653, "median": 0.32526370883, "min": 4.27119744018e-07, "var": 0.00761793507263}, "melbands_kurtosis": {"dmean": 3.53070306778, "dmean2": 5.48101329803, "dvar": 42.6423797607, "dvar2": 111.640563965, "max": 177.863601685, "mean": 8.68391799927, "median": 5.84195709229, "min": -1.58363568783, "var": 117.518692017}, "melbands_skewness": {"dmean": 0.441010922194, "dmean2": 0.675714850426, "dvar": 0.221237361431, "dvar2": 0.553432047367, "max": 10.9753847122, "mean": 1.80931246281, "median": 1.66265368462, "min": -1.82764971256, "var": 1.40304040909}, "melbands_spread": {"dmean": 2.36555027962, "dmean2": 3.6122944355, "dvar": 15.1638784409, "dvar2": 31.4605350494, "max": 155.031311035, "mean": 11.191409111, "median": 7.12380361557, "min": 1.11243712902, "var": 261.142822266}, "pitch_salience": {"dmean": 0.0493625961244, "dmean2": 0.0745862200856, "dvar": 0.00216937577352, "dvar2": 0.00530384434387, "max": 0.995941758156, "mean": 0.526252269745, "median": 0.529132068157, "min": 0.156730309129, "var": 0.0113527551293}, "silence_rate_20dB": {"dmean": 0, "dmean2": 0, "dvar": 0, "dvar2": 0, "max": 1, "mean": 1, "median": 1, "min": 1, "var": 0}, "silence_rate_30dB": {"dmean": 0.00381679390557, "dmean2": 0.00763601670042, "dvar": 0.00380215910263, "dvar2": 0.010759213008, "max": 1, "mean": 0.997456252575, "median": 1, "min": 0, "var": 0.00253738486208}, "silence_rate_60dB": {"dmean": 0.017811704427, "dmean2": 0.0356347449124, "dvar": 0.017493987456, "dvar2": 0.0381810739636, "max": 1, "mean": 0.303338646889, "median": 0, "min": 0, "var": 0.211324691772}, "spectral_centroid": {"dmean": 82.850189209, "dmean2": 128.286575317, "dvar": 66254.6953125, "dvar2": 104298.132812, "max": 11540.9042969, "mean": 767.582580566, "median": 495.044525146, "min": 208.595718384, "var": 1520357.75}, "spectral_complexity": {"dmean": 0.989821910858, "dmean2": 1.70346796513, "dvar": 1.00306546688, "dvar2": 2.6081943512, "max": 16, "mean": 7.60031795502, "median": 8, "min": 0, "var": 12.5681591034}, "spectral_decrease": {"dmean": 7.80588871319e-10, "dmean2": 1.08166497981e-09, "dvar": 2.55630531655e-18, "dvar2": 5.24918890559e-18, "max": 2.43351142938e-28, "mean": -4.70092276217e-09, "median": -2.40185160649e-09, "min": -3.65501726662e-08, "var": 3.02724248306e-17}, "spectral_energy": {"dmean": 0.00306081050076, "dmean2": 0.00423732446507, "dvar": 3.94747985411e-05, "dvar2": 8.08093536762e-05, "max": 0.142722249031, "mean": 0.0184205900878, "median": 0.0095125567168, "min": 9.95356366946e-21, "var": 0.000461733405245}, "spectral_energyband_high": {"dmean": 2.67906284535e-06, "dmean2": 4.47438287665e-06, "dvar": 1.67830402353e-11, "dvar2": 4.6577162266e-11, "max": 6.98604853824e-05, "mean": 8.6668833319e-06, "median": 6.7400487751e-06, "min": 6.94189276321e-21, "var": 6.74220054786e-11}, "spectral_energyband_low": {"dmean": 0.000395859126002, "dmean2": 0.000585875706747, "dvar": 7.05591617134e-07, "dvar2": 1.32128184305e-06, "max": 0.0286766514182, "mean": 0.00180641468614, "median": 0.00046491244575, "min": 2.17809386869e-23, "var": 1.05164917841e-05}, "spectral_energyband_middle_high": {"dmean": 0.000370558031136, "dmean2": 0.00055333779892, "dvar": 8.28809675113e-07, "dvar2": 1.46128274991e-06, "max": 0.0403063558042, "mean": 0.00115742383059, "median": 0.000767634250224, "min": 1.26013191309e-21, "var": 5.60310309083e-06}, "spectral_energyband_middle_low": {"dmean": 0.00296048191376, "dmean2": 0.00406332314014, "dvar": 3.83560145565e-05, "dvar2": 8.08449694887e-05, "max": 0.140981823206, "mean": 0.0163009446114, "median": 0.00775878224522, "min": 1.98264499662e-22, "var": 0.000390708970372}, "spectral_entropy": {"dmean": 0.104186274111, "dmean2": 0.148505151272, "dvar": 0.0137329790741, "dvar2": 0.0223471596837, "max": 9.81952095032, "mean": 6.19500589371, "median": 6.15699720383, "min": 4.64191389084, "var": 0.480451464653}, "spectral_flux": {"dmean": 0.00878226570785, "dmean2": 0.0146600948647, "dvar": 0.000229105527978, "dvar2": 0.000550049298909, "max": 0.266677886248, "mean": 0.0297543313354, "median": 0.0264522731304, "min": 6.39397562674e-11, "var": 0.000605275388807}, "spectral_kurtosis": {"dmean": 7.60229492188, "dmean2": 13.1447277069, "dvar": 113.196716309, "dvar2": 314.363922119, "max": 247.178375244, "mean": 26.0924358368, "median": 16.802312851, "min": -1.25322127342, "var": 746.722167969}, "spectral_rms": {"dmean": 0.000312511925586, "dmean2": 0.000421381409978, "dvar": 2.36210794924e-07, "dvar2": 4.25462076237e-07, "max": 0.0118000516668, "mean": 0.00348420231603, "median": 0.00304639828391, "min": 3.11621475152e-12, "var": 5.83161045142e-06}, "spectral_rolloff": {"dmean": 144.143035889, "dmean2": 244.435913086, "dvar": 200921.546875, "dvar2": 337690.6875, "max": 19444.4824219, "mean": 952.955078125, "median": 581.396484375, "min": 64.599609375, "var": 4770220}, "spectral_skewness": {"dmean": 0.505115509033, "dmean2": 0.867248773575, "dvar": 0.30580252409, "dvar2": 0.853001236916, "max": 12.8871479034, "mean": 3.54957842827, "median": 3.10287117958, "min": -0.0672881603241, "var": 3.12454891205}, "spectral_spread": {"dmean": 260513.390625, "dmean2": 431456.03125, "dvar": 659498598400, "dvar2": 844123668480, "max": 42463620, "mean": 3109114, "median": 2393767, "min": 343705.59375, "var": 20589309853700.0}, "spectral_strongpeak": {"dmean": 0.267599254847, "dmean2": 0.414277672768, "dvar": 0.182651221752, "dvar2": 0.404744267464, "max": 7.10636425018, "mean": 1.06902623177, "median": 0.815451443195, "min": 0, "var": 0.908957839012}, "zerocrossingrate": {"dmean": 0.00368121196516, "dmean2": 0.00482812756673, "dvar": 8.60953514348e-05, "dvar2": 0.00012365366274, "max": 0.521484375, "mean": 0.0353847891092, "median": 0.0244140625, "min": 0.00390625, "var": 0.00329165533185}, "barkbands": {"dmean": [4.60504088551e-05, 9.91838169284e-05, 0.000196486827917, 0.000335612567142, 0.000793532002717, 0.00159040826838, 0.000782129587606, 0.000739488983527, 0.000127211387735, 0.000156798370881, 0.000139795971336, 0.000117602627142, 3.20262770401e-05, 3.93478840124e-05, 8.11184145277e-05, 2.61694985966e-05, 2.40162098635e-05, 5.3366584325e-06, 8.36141680338e-06, 1.3030488617e-06, 1.71393969595e-06, 7.22855020285e-07, 2.33277148709e-07, 2.17209574771e-07, 7.40048520242e-08, 3.07754710605e-08, 1.00858530416e-08], "dmean2": [7.77149543865e-05, 0.000178292873898, 0.000266385060968, 0.000503029790707, 0.00108139158692, 0.00227081612684, 0.00107876642141, 0.000906281289645, 0.000167810823768, 0.000202461582376, 0.000228085657, 0.000178571746801, 4.80378403154e-05, 6.40032376396e-05, 0.000136938295327, 3.96806535718e-05, 4.10303728131e-05, 9.17920897336e-06, 1.42496955959e-05, 2.21044251703e-06, 2.95619383905e-06, 1.14431009024e-06, 3.83831007866e-07, 3.35355053949e-07, 1.0901295866e-07, 4.67247680547e-08, 1.6836469996e-08], "dvar": [6.00602456657e-09, 4.82005582114e-08, 3.45540598801e-07, 6.55664223359e-07, 3.523884061e-06, 1.42286862683e-05, 7.21626338418e-06, 7.38253356758e-06, 1.54488887461e-07, 6.81681967762e-07, 1.48658088506e-07, 5.40882467703e-08, 8.25732637821e-09, 5.45933342977e-09, 2.15254676306e-08, 2.80797340935e-09, 1.96325600221e-09, 7.63620486288e-11, 2.19190804396e-10, 5.29276188849e-12, 1.11816059883e-11, 2.19341428701e-12, 1.4165816957e-13, 1.60769563894e-13, 1.96100290682e-14, 3.86072323403e-15, 9.72291120703e-17], "dvar2": [1.70885190443e-08, 1.34492822212e-07, 6.35428136775e-07, 1.26281281609e-06, 7.1979702625e-06, 3.83275182685e-05, 1.66628506122e-05, 1.07308333099e-05, 2.69230781669e-07, 1.0448577541e-06, 4.02708110414e-07, 1.15310072601e-07, 1.85042523526e-08, 1.34846276367e-08, 6.09914039273e-08, 5.79322900762e-09, 5.56400570062e-09, 2.19134405066e-10, 6.31918017913e-10, 1.57246108495e-11, 3.22492657578e-11, 5.15448100868e-12, 3.69606309534e-13, 3.66961127284e-13, 3.51331072253e-14, 7.63198030706e-15, 2.52872342571e-16], "max": [0.00115142564755, 0.00374584156089, 0.0202701762319, 0.0286044888198, 0.0558117628098, 0.113189011812, 0.0654849037528, 0.0823600739241, 0.018425097689, 0.0397727414966, 0.00649470183998, 0.0053076618351, 0.00158771977294, 0.00118052843027, 0.00202442519367, 0.00103745609522, 0.000705042446498, 0.000113778565719, 0.000200842041522, 3.36734665325e-05, 5.40516630281e-05, 3.53409086529e-05, 7.35350567993e-06, 9.89974159893e-06, 5.59916361453e-06, 1.6050062186e-06, 3.06781885229e-07], "mean": [7.41412659409e-05, 0.000122996731079, 0.000869398296345, 0.00179674930405, 0.00356859806925, 0.0058067268692, 0.00238686404191, 0.00215652934276, 0.000366762862541, 0.000511107849889, 0.000223936411203, 0.000185742668691, 5.12135229656e-05, 6.65905681672e-05, 0.000121286779176, 4.20391406806e-05, 3.61998136214e-05, 9.42981478147e-06, 1.46243773997e-05, 2.6357229217e-06, 3.39297275787e-06, 1.75400487024e-06, 7.06834441644e-07, 7.18977901215e-07, 2.84771999759e-07, 1.38208775979e-07, 6.07151022791e-08], "median": [4.27479935752e-05, 5.63003850402e-05, 5.41988738405e-05, 0.00024197086168, 0.000605594017543, 0.00226653041318, 0.000637656252366, 0.000448404054623, 7.12409091648e-05, 0.000117626797874, 3.54614167009e-05, 6.1044593167e-05, 8.46075545269e-06, 2.67136965704e-05, 3.28271344188e-05, 1.17443851195e-05, 1.87137502508e-05, 5.19220475326e-06, 7.67848177929e-06, 1.49526090354e-06, 1.75420314008e-06, 9.02183899143e-07, 4.34899135371e-07, 3.24852777567e-07, 1.60060281473e-07, 9.53399137416e-08, 5.89591238054e-08], "min": [1.20294779944e-24, 5.19801473593e-24, 3.08109880538e-24, 1.80585072069e-24, 9.18533703049e-24, 2.94353033819e-24, 8.52622323379e-24, 7.42628844124e-24, 2.77589455593e-23, 1.58452778679e-23, 1.68378289697e-23, 3.32399037972e-23, 2.6137700715e-23, 4.03707961727e-23, 3.48787339288e-23, 6.780996592e-23, 6.97908903164e-23, 1.12518941713e-22, 1.7502641182e-22, 2.08800816213e-22, 2.55079271798e-22, 3.66730251945e-22, 4.25753102553e-22, 6.17526728468e-22, 9.42492538389e-22, 1.36958864823e-21, 2.01166185031e-21], "var": [1.05230038017e-08, 6.51743192748e-08, 5.50021877643e-06, 1.25866754388e-05, 4.32208580605e-05, 8.70092480909e-05, 1.9452711058e-05, 3.08643793687e-05, 8.03659588655e-07, 5.20830189998e-06, 2.51079228519e-07, 1.23910197658e-07, 1.75130310254e-08, 1.08777671315e-08, 4.05510576229e-08, 6.58451781987e-09, 2.83343970509e-09, 1.48427187208e-10, 4.48796277919e-10, 1.13670245092e-11, 2.31021729524e-11, 7.07206255363e-12, 6.62436739577e-13, 8.22050869216e-13, 1.10165355842e-13, 1.76541723948e-14, 5.52692809732e-16]}, "erbbands": {"dmean": [0.00564503483474, 0.0149610461667, 0.145711585879, 0.708423495293, 1.51866769791, 2.82828378677, 5.38461828232, 14.1692533493, 14.7375631332, 12.2286167145, 16.3777923584, 4.21171379089, 3.94920778275, 4.614361763, 4.96240711212, 6.0417637825, 1.70416784286, 1.99564802647, 1.19432938099, 5.77767467499, 1.00750720501, 0.905544579029, 0.260795801878, 0.398817002773, 0.313429802656, 0.0723863467574, 0.0881840586662, 0.0327079333365, 0.0253604464233, 0.016751492396, 0.006354754325, 0.00616875151172, 0.00280983000994, 0.000997065450065, 0.000463529402623, 0.000181247509317, 5.46540686628e-05, 1.14478962132e-05, 2.61821082859e-06, 3.42735984304e-06], "dmean2": [0.0101416027173, 0.0259471163154, 0.206796824932, 1.02555143833, 2.06507325172, 3.91156101227, 7.22694969177, 20.4222412109, 19.9626522064, 17.6717338562, 18.4686470032, 5.04264259338, 5.4006228447, 6.1623673439, 7.98245000839, 9.21308040619, 2.52527546883, 3.21673870087, 1.98067891598, 9.58918762207, 1.66400563717, 1.53931438923, 0.438484072685, 0.674363791943, 0.53938794136, 0.123029962182, 0.152840122581, 0.0560454055667, 0.0407470539212, 0.0264438986778, 0.0105607956648, 0.00962235312909, 0.00448963884264, 0.00151139206719, 0.000704714329913, 0.000281219487078, 8.58594939928e-05, 1.781265928e-05, 4.10232041759e-06, 4.74864918942e-06], "dvar": [0.000158123628353, 0.00116835348308, 0.171154752374, 2.48317360878, 28.0938796997, 43.6237068176, 129.378433228, 1373.2253418, 1533.22827148, 2679.1262207, 4709.296875, 167.433151245, 106.739295959, 884.430969238, 184.810287476, 141.645477295, 18.598033905, 14.5388288498, 4.79835033417, 126.614997864, 2.86609482765, 2.8848927021, 0.162515029311, 0.606275677681, 0.416821599007, 0.0143768377602, 0.0289880037308, 0.00285757752135, 0.00285763130523, 0.000988683430478, 0.000103842306999, 0.000140615462442, 3.03020060528e-05, 3.51387143382e-06, 6.49810544928e-07, 1.29088988388e-07, 1.02524824186e-08, 1.9522149175e-10, 9.65453238189e-12, 4.92255160245e-11], "dvar2": [0.000440962438006, 0.00329493265599, 0.351629346609, 4.79010057449, 42.1965484619, 95.6529769897, 252.101394653, 3495.01757812, 3824.03271484, 6201.89111328, 5642.91259766, 244.335784912, 222.523239136, 1281.79382324, 480.665893555, 301.248931885, 41.4631729126, 35.6031227112, 13.9714336395, 333.871948242, 7.47106361389, 8.03817462921, 0.457022041082, 1.70221042633, 1.21653926373, 0.0426596328616, 0.0838550254703, 0.00796399824321, 0.00691819237545, 0.00222822115757, 0.000279661850072, 0.000310150964651, 7.4247502198e-05, 6.63708351567e-06, 1.23976974464e-06, 2.67703711643e-07, 2.16852722446e-08, 4.11237516262e-10, 2.15914404411e-11, 1.0044512444e-10], "max": [0.214603617787, 0.586786091328, 13.5628881454, 44.7362747192, 205.838424683, 199.596511841, 302.213226318, 1292.94665527, 988.355407715, 1434.6451416, 2258.51733398, 519.169677734, 283.441894531, 1480.69006348, 280.703277588, 274.638061523, 79.8805770874, 54.985168457, 41.8688316345, 180.174041748, 33.302986145, 24.2194538116, 6.17120027542, 13.6516437531, 9.87445640564, 1.61529290676, 3.34530377388, 0.74679094553, 1.2557977438, 0.788100481033, 0.200914412737, 0.288060098886, 0.10950705409, 0.0638653934002, 0.0309700109065, 0.0105609660968, 0.0025906113442, 0.000384512095479, 7.54490611143e-05, 0.000158802708029], "mean": [0.0065394192934, 0.0284059345722, 0.616396844387, 3.86827874184, 7.29766178131, 13.4837636948, 22.0145969391, 49.5867004395, 50.4293365479, 29.3653488159, 53.2741546631, 14.411359787, 11.8203029633, 13.8017253876, 8.70731830597, 9.64480781555, 3.04594278336, 3.57568645477, 2.30985355377, 9.06232643127, 1.92565512657, 1.45677816868, 0.561841309071, 0.744437992573, 0.525030493736, 0.156798377633, 0.177132353187, 0.0749880969524, 0.0609447285533, 0.0464442446828, 0.0193605683744, 0.0182580854744, 0.00911146774888, 0.00379010150209, 0.00178978103213, 0.000713754270691, 0.00023924629204, 6.02048858127e-05, 1.89893853531e-05, 2.12455070141e-05], "median": [0.00317115639336, 0.00973198097199, 0.0677020996809, 0.704845964909, 1.35078144073, 1.78690540791, 6.73279666901, 15.7044258118, 11.4899187088, 5.66032028198, 9.58772468567, 4.06262350082, 3.474817276, 3.58320975304, 2.20877623558, 3.57672095299, 1.08796262741, 1.57695448399, 1.31381475925, 2.05148458481, 1.01078236103, 0.707851052284, 0.355042636395, 0.356058806181, 0.24814453721, 0.104080975056, 0.101042844355, 0.0506728924811, 0.0325366593897, 0.0226847045124, 0.0132708474994, 0.00730413151905, 0.00419964641333, 0.00217809411697, 0.00107768469024, 0.000449957093224, 0.000176471861778, 5.32611338713e-05, 1.68383448909e-05, 1.16241044452e-05], "min": [1.5796619034e-22, 5.0121955047e-22, 3.742377137e-21, 5.32343473098e-21, 1.17316021286e-20, 2.8570511396e-20, 8.20997954462e-20, 3.38923297321e-20, 9.91241482672e-20, 2.5691668894e-19, 2.7347402722e-19, 6.14721753761e-19, 4.54321144928e-19, 7.33148426578e-19, 8.63657157916e-19, 1.66653101647e-18, 2.15697374288e-18, 2.35754415511e-18, 3.40788403486e-18, 2.57157610464e-18, 4.44081796657e-18, 5.08594522529e-18, 6.16242938907e-18, 8.27838800166e-18, 9.54237870747e-18, 1.0406344869e-17, 6.92638651946e-18, 1.18210536727e-17, 1.24468704e-17, 1.28567210228e-17, 1.30388877003e-17, 1.20380471356e-17, 1.00185071768e-17, 9.45312261065e-18, 6.58691821351e-18, 4.3476178726e-18, 2.58888072305e-18, 9.13840396222e-19, 2.7952188072e-19, 2.85770448304e-20], "var": [0.00019037706079, 0.00286963046528, 2.30310511589, 43.1686820984, 334.963104248, 735.053344727, 1205.04919434, 8881.44824219, 7113.35449219, 5305.95507812, 22471.7871094, 874.53137207, 700.297546387, 7088.41601562, 346.507629395, 319.965393066, 41.6768722534, 29.7595767975, 10.315112114, 265.430725098, 6.65362882614, 5.02053689957, 0.426688492298, 1.29968082905, 0.732017457485, 0.0328114777803, 0.0598249025643, 0.00679312599823, 0.00847764033824, 0.00410355580971, 0.000417834206019, 0.000641169550363, 0.000134052053909, 1.9871895347e-05, 3.87490172216e-06, 6.05173170243e-07, 4.27352162546e-08, 1.15160014857e-09, 1.15367999876e-10, 5.70210823003e-10]}, "gfcc": {"mean": [-152.436935425, 147.746871948, -108.091110229, -7.16094255447, -59.470741272, -15.1605644226, -38.1085929871, -4.55844402313, -14.586681366, -2.84351420403, -9.47658348083, -2.03689455986, -4.70083236694], "cov": [[21482.4628906, 3883.25170898, -3595.63037109, -691.122192383, -995.333496094, -638.000244141, -1302.95751953, -836.320739746, -343.79107666, -477.112609863, -29.7512989044, -221.94569397, 31.8835487366], [3883.25170898, 1806.62780762, 68.6738586426, -489.645202637, -116.048652649, -230.934173584, -226.954162598, -363.862823486, -113.199707031, -261.570220947, -49.2969017029, -223.883926392, -38.3334960938], [-3595.63037109, 68.6738586426, 1554.69580078, 32.7136421204, 154.155822754, 48.4405479431, 224.404556274, 75.3788833618, 22.1356163025, -14.1715288162, -71.2995223999, -128.667755127, -98.858039856], [-691.122192383, -489.645202637, 32.7136421204, 348.67086792, 52.1975097656, 44.2823219299, 63.7036972046, 115.11415863, -7.83675575256, 36.1497764587, -26.5472679138, 40.5293045044, -14.4745025635], [-995.333496094, -116.048652649, 154.155822754, 52.1975097656, 176.887191772, 79.9740905762, 6.79542255402, -18.2077770233, -1.66023111343, 4.85685110092, 0.121353618801, 6.041680336, -8.83820533752], [-638.000244141, -230.934173584, 48.4405479431, 44.2823219299, 79.9740905762, 154.372619629, 56.2452354431, 50.3006782532, 13.6831245422, 51.2823066711, 6.47843503952, 45.5525970459, -1.56813371181], [-1302.95751953, -226.954162598, 224.404556274, 63.7036972046, 6.79542255402, 56.2452354431, 304.306762695, 171.241027832, -1.57552731037, 29.9646129608, -16.251077652, 34.5437278748, 17.4049892426], [-836.320739746, -363.862823486, 75.3788833618, 115.11415863, -18.2077770233, 50.3006782532, 171.241027832, 234.035934448, 80.8597259521, 85.3124084473, 2.27781438828, 48.1653709412, 2.0024971962], [-343.79107666, -113.199707031, 22.1356163025, -7.83675575256, -1.66023111343, 13.6831245422, -1.57552731037, 80.8597259521, 141.403442383, 72.766494751, 13.1802158356, -1.68235957623, -7.31072711945], [-477.112609863, -261.570220947, -14.1715288162, 36.1497764587, 4.85685110092, 51.2823066711, 29.9646129608, 85.3124084473, 72.766494751, 137.267608643, 49.6061401367, 57.3061676025, 15.7282562256], [-29.7512989044, -49.2969017029, -71.2995223999, -26.5472679138, 0.121353618801, 6.47843503952, -16.251077652, 2.27781438828, 13.1802158356, 49.6061401367, 93.1124191284, 65.0071716309, 28.3527584076], [-221.94569397, -223.883926392, -128.667755127, 40.5293045044, 6.041680336, 45.5525970459, 34.5437278748, 48.1653709412, -1.68235957623, 57.3061676025, 65.0071716309, 137.196960449, 67.9886169434], [31.8835487366, -38.3334960938, -98.858039856, -14.4745025635, -8.83820533752, -1.56813371181, 17.4049892426, 2.0024971962, -7.31072711945, 15.7282562256, 28.3527584076, 67.9886169434, 84.7541427612]], "icov": [[0.00173546955921, -0.00527532305568, 0.00336543144658, -0.00403610896319, 0.00585388019681, -0.00374125805683, 0.00453511578962, -0.00323408585973, 0.00256106560118, -0.00209709932096, 0.00116182793863, -0.000281809741864, 0.000331124698278], [-0.00527532305568, 0.0176461357623, -0.0103778969496, 0.01379312668, -0.0173807479441, 0.0120123689994, -0.0136100500822, 0.0105221532285, -0.00755686173216, 0.00785749498755, -0.00401601241902, 0.00214312341996, -0.00131315132603], [0.00336543144658, -0.0103778969496, 0.00750040449202, -0.0078894039616, 0.0103775970638, -0.00699270516634, 0.00779870757833, -0.00614021439105, 0.00479473825544, -0.00442151585594, 0.00225524511188, 0.000108592881588, 0.00133020698559], [-0.00403610896319, 0.01379312668, -0.0078894039616, 0.0157960895449, -0.0156334340572, 0.0107882292941, -0.00890979450196, 0.00415792316198, -0.00282403035089, 0.00482700113207, 0.000196815904928, -0.000850943091791, 0.00103046791628], [0.00585388019681, -0.0173807479441, 0.0103775970638, -0.0156334340572, 0.0299758687615, -0.0183914899826, 0.0149014806375, -0.00688112992793, 0.00639455299824, -0.00484281731769, 0.00169754738454, 0.00022372987587, -3.77096621378e-05], [-0.00374125805683, 0.0120123689994, -0.00699270516634, 0.0107882292941, -0.0183914899826, 0.0211746282876, -0.0110083231702, 0.00664420239627, -0.00435023289174, 0.000651642098092, 0.00209765648469, -0.0053933612071, 0.0042327339761], [0.00453511578962, -0.0136100500822, 0.00779870757833, -0.00890979450196, 0.0149014806375, -0.0110083231702, 0.0209513269365, -0.0173353143036, 0.0117684770375, -0.00476242508739, 0.00381947378628, 0.000499039480928, -0.00260873395018], [-0.00323408585973, 0.0105221532285, -0.00614021439105, 0.00415792316198, -0.00688112992793, 0.00664420239627, -0.0173353143036, 0.0245167203248, -0.0141734136268, 0.0023250177037, -0.000766629877035, -0.00369971082546, 0.00348013266921], [0.00256106560118, -0.00755686173216, 0.00479473825544, -0.00282403035089, 0.00639455299824, -0.00435023289174, 0.0117684770375, -0.0141734136268, 0.0196976140141, -0.00940847583115, 0.00210983189754, 0.00416949065402, -0.00137200183235], [-0.00209709932096, 0.00785749498755, -0.00442151585594, 0.00482700113207, -0.00484281731769, 0.000651642098092, -0.00476242508739, 0.0023250177037, -0.00940847583115, 0.021056747064, -0.00916794873774, 0.000449766608654, -0.00157305167522], [0.00116182793863, -0.00401601241902, 0.00225524511188, 0.000196815904928, 0.00169754738454, 0.00209765648469, 0.00381947378628, -0.000766629877035, 0.00210983189754, -0.00916794873774, 0.0242930073291, -0.0142297092825, 0.00503174960613], [-0.000281809741864, 0.00214312341996, 0.000108592881588, -0.000850943091791, 0.00022372987587, -0.0053933612071, 0.000499039480928, -0.00369971082546, 0.00416949065402, 0.000449766608654, -0.0142297092825, 0.0286634657532, -0.0169918593019], [0.000331124698278, -0.00131315132603, 0.00133020698559, 0.00103046791628, -3.77096621378e-05, 0.0042327339761, -0.00260873395018, 0.00348013266921, -0.00137200183235, -0.00157305167522, 0.00503174960613, -0.0169918593019, 0.0254567172378]]}, "melbands": {"dmean": [3.83303777198e-05, 5.61395609111e-05, 0.000143637487781, 0.000132362765726, 0.000185274140676, 0.000332288298523, 0.000214277082705, 0.00012898404384, 0.000123683581478, 1.83930114872e-05, 1.97073459276e-05, 1.85076260095e-05, 2.05530304811e-05, 1.35551808853e-05, 9.00828763406e-06, 2.58140835285e-06, 4.26059887104e-06, 1.89888703517e-06, 5.51212451683e-06, 5.59882209927e-06, 1.16432693176e-06, 1.36499124892e-06, 2.71936670515e-07, 3.51437847712e-07, 3.53483954996e-07, 3.32130866809e-07, 5.94260676223e-08, 5.34901829496e-08, 5.3009152623e-08, 6.11205948076e-08, 1.01317398915e-08, 1.04724771077e-08, 2.26277094839e-08, 7.19417547757e-09, 4.54548798601e-09, 4.20995860395e-09, 3.64510577278e-09, 2.32061947436e-09, 1.74986303225e-09, 8.63832227971e-10], "dmean2": [6.88841319061e-05, 7.90787526057e-05, 0.000204495416256, 0.000182840973139, 0.00024870611378, 0.000472251384053, 0.00029197303229, 0.000184819873539, 0.000139469921123, 2.30994992307e-05, 2.71485241683e-05, 2.42680671363e-05, 3.33540483552e-05, 2.06358236028e-05, 1.36814524012e-05, 3.9363144424e-06, 6.88218415235e-06, 3.14200769935e-06, 9.23426978261e-06, 9.16403223528e-06, 1.98498719328e-06, 2.33559103435e-06, 4.5102009949e-07, 6.01843908044e-07, 5.98604742663e-07, 5.69714870835e-07, 1.02725863371e-07, 9.12899480454e-08, 9.10847930413e-08, 1.05837372644e-07, 1.68665259537e-08, 1.70053731097e-08, 3.54163738336e-08, 1.16815837004e-08, 7.72406671956e-09, 6.71376643169e-09, 5.71188252252e-09, 3.73657904618e-09, 2.8031723609e-09, 1.32423794152e-09], "dvar": [6.88542378668e-09, 2.50580569627e-08, 1.1542037015e-07, 1.33367421995e-07, 1.45312441191e-07, 6.84672841089e-07, 3.30580036234e-07, 2.5313244123e-07, 2.79895800759e-07, 3.2611868761e-09, 2.83755197117e-09, 1.73550152027e-08, 3.31956107047e-09, 6.4043431669e-10, 2.40532677109e-10, 4.10111493376e-11, 6.72058103612e-11, 1.18178444461e-11, 1.03493991155e-10, 1.09156711448e-10, 5.17914313866e-12, 6.6305320609e-12, 1.63760064537e-13, 3.85613470408e-13, 5.93163213859e-13, 5.84397222454e-13, 9.45414468825e-15, 1.01354056644e-14, 1.38040502016e-14, 1.54669656125e-14, 3.08878081634e-16, 3.89930770236e-16, 2.62855266423e-15, 1.71293395046e-16, 5.85942320453e-17, 6.37320096485e-17, 4.13558112407e-17, 2.21762324578e-17, 7.77198720348e-18, 3.52778675979e-18], "dvar2": [1.93461051623e-08, 4.96452869925e-08, 2.06948143955e-07, 2.69059228231e-07, 2.91741372394e-07, 1.79027722425e-06, 8.25383438041e-07, 5.93931645199e-07, 3.41042778018e-07, 5.16422149488e-09, 5.91242299564e-09, 2.52728735717e-08, 8.87247519898e-09, 1.37697497848e-09, 5.21624743399e-10, 9.16189346611e-11, 1.67130670414e-10, 3.3935382282e-11, 2.84544637852e-10, 2.70962530191e-10, 1.46162578568e-11, 1.86305883915e-11, 4.35210027738e-13, 1.10780850639e-12, 1.65506508238e-12, 1.71622416799e-12, 2.65738443755e-14, 3.05989127536e-14, 3.99076794831e-14, 4.41216277381e-14, 8.18251985316e-16, 9.83926177025e-16, 6.02523292151e-15, 4.15323044519e-16, 1.64976223325e-16, 1.45592602246e-16, 9.30285036313e-17, 5.57529923726e-17, 1.91573706378e-17, 6.39819902471e-18], "max": [0.00143788324203, 0.0053797904402, 0.0103819910437, 0.0129441125318, 0.0093676680699, 0.0265165455639, 0.0148359742016, 0.0128213269636, 0.0172424763441, 0.00281567964703, 0.00140864378773, 0.00657013524324, 0.00102703715675, 0.000556546263397, 0.000330820126692, 0.000105258688563, 0.000126720173284, 6.03096777922e-05, 0.000145615034853, 0.000175833120011, 3.27261004713e-05, 3.91820321965e-05, 4.97165319757e-06, 8.45985778142e-06, 1.28400624817e-05, 1.32363757075e-05, 1.16639625958e-06, 1.56587248057e-06, 2.91603350888e-06, 1.58350212587e-06, 3.34576355954e-07, 5.63822197819e-07, 1.24491384668e-06, 2.79846176454e-07, 1.19396958098e-07, 1.9807487206e-07, 1.41512387586e-07, 8.51109405176e-08, 5.34532773599e-08, 7.91271261846e-08], "mean": [4.90153979626e-05, 0.000229327226407, 0.000811832491308, 0.000664619787131, 0.000790295249317, 0.00119003164582, 0.000716284906957, 0.000303035922116, 0.000404878723202, 5.94810044277e-05, 5.67540409975e-05, 5.60483858862e-05, 3.33082134603e-05, 2.18326604227e-05, 1.40361808008e-05, 4.45621162726e-06, 7.24538085706e-06, 3.18798765875e-06, 8.68876213644e-06, 8.83101711224e-06, 1.67009932284e-06, 2.00296085495e-06, 4.66543269795e-07, 5.71383566239e-07, 5.91242724113e-07, 5.26420649294e-07, 1.13066839447e-07, 9.98024844989e-08, 1.01493590421e-07, 1.10446592316e-07, 2.31093046921e-08, 2.58607784076e-08, 4.70278536113e-08, 1.81105548336e-08, 1.07299715779e-08, 1.16851373022e-08, 9.82457759591e-09, 6.36767705231e-09, 4.83184248168e-09, 2.7427560223e-09], "median": [2.53383150266e-05, 1.94339190784e-05, 0.00015523021284, 0.000105102721136, 0.000210738988244, 0.000384272454539, 0.000182063231478, 5.91524476476e-05, 6.54464674881e-05, 1.47575201481e-05, 1.42022408909e-05, 1.25813330669e-05, 4.76693821838e-06, 8.06089155958e-06, 5.7884326452e-06, 9.21804087284e-07, 2.80972858491e-06, 1.59616627116e-06, 2.217893325e-06, 2.32159163716e-06, 7.52622497657e-07, 8.96344772627e-07, 2.66692325113e-07, 3.01658360513e-07, 2.02078652478e-07, 1.91828391394e-07, 7.2925594452e-08, 5.19570519941e-08, 5.85774593276e-08, 4.56088535827e-08, 1.22070495934e-08, 1.43968694744e-08, 2.02632097768e-08, 7.96551713478e-09, 7.24865945045e-09, 3.69221253571e-09, 4.78946127203e-09, 2.37299047079e-09, 2.93379853744e-09, 1.49933110372e-09], "min": [2.28299856402e-24, 1.53763998506e-24, 1.63935610461e-24, 1.2653798292e-24, 2.97734131102e-24, 6.12273849245e-25, 1.81515770165e-24, 1.97071535291e-24, 1.63821432706e-24, 3.2937741277e-24, 1.91946660978e-24, 2.75370594971e-24, 2.58691768016e-24, 4.44013358175e-24, 4.56332525615e-24, 3.00951243924e-24, 3.56493697805e-24, 4.45219289841e-24, 2.47042244877e-24, 2.76196354845e-24, 4.73859161106e-24, 4.13053210329e-24, 4.03136203231e-24, 4.27509441405e-24, 6.09669927866e-24, 6.79746217013e-24, 5.32022782838e-24, 6.38302975484e-24, 4.01057791404e-24, 5.72987028026e-24, 5.89790120294e-24, 5.51659424035e-24, 6.09562761112e-24, 6.07122498787e-24, 6.38457395006e-24, 6.13419344305e-24, 6.0666764159e-24, 6.51522312103e-24, 6.8997963622e-24, 7.25902153034e-24], "var": [8.88363693718e-09, 3.58028046321e-07, 2.18600757762e-06, 1.76688115516e-06, 1.48228855323e-06, 4.28479461334e-06, 1.42504165979e-06, 4.7798482683e-07, 1.32198169922e-06, 1.82253963033e-08, 1.7880422476e-08, 1.37848132908e-07, 5.6977005336e-09, 1.46823664338e-09, 5.21264031939e-10, 9.41852429381e-11, 1.33154529069e-10, 2.30178254929e-11, 2.12899337049e-10, 2.41795250489e-10, 7.09614571964e-12, 1.02921508122e-11, 3.37364766114e-13, 6.57174726963e-13, 1.13864527616e-12, 1.03570103882e-12, 1.80110561746e-14, 1.86280993479e-14, 2.72368526387e-14, 3.18238850257e-14, 8.72476228803e-16, 1.30677881998e-15, 6.86799343457e-15, 6.32587445476e-16, 1.46666467969e-16, 2.92342092679e-16, 1.68030809421e-16, 7.81087197146e-17, 3.17490944252e-17, 1.46525003541e-17]}, "mfcc": {"mean": [-796.04864502, 188.340881348, -0.312985867262, 10.7955513, -5.06964874268, -10.7301864624, -17.6069126129, -8.7547121048, -6.49674510956, -3.48335361481, -6.6417632103, -1.74514591694, 3.83214592934], "cov": [[9015.91308594, 2522.7734375, -1600.71264648, -315.948638916, -154.652389526, -252.077941895, -759.391540527, -438.494354248, -560.203125, -350.761047363, -446.053466797, -327.348968506, -106.314277649], [2522.7734375, 2412.41650391, 269.489379883, -242.023025513, -86.0444335938, -89.1032485962, -152.120559692, -202.223327637, -216.904693604, -156.714935303, -195.402832031, -212.606231689, -174.539794922], [-1600.71264648, 269.489379883, 889.701965332, 103.75907135, 55.6867179871, 19.4284629822, 124.695846558, 31.4135475159, 59.3516769409, 53.9445457458, 44.0938262939, 2.10896039009, -67.8210372925], [-315.948638916, -242.023025513, 103.75907135, 229.637130737, 32.7312316895, -12.3019914627, 41.9882469177, 50.2987174988, 44.901424408, 12.1762733459, 1.85680580139, 25.6886577606, 11.6757688522], [-154.652389526, -86.0444335938, 55.6867179871, 32.7312316895, 209.304626465, 85.7347412109, -47.7314414978, -38.8101005554, -35.9613838196, 12.5868930817, 12.6940031052, -14.7141838074, -13.5141220093], [-252.077941895, -89.1032485962, 19.4284629822, -12.3019914627, 85.7347412109, 125.280929565, 44.1572723389, -4.25703144073, -10.0671024323, -13.2226114273, 8.79775047302, -10.5772638321, -12.9478063583], [-759.391540527, -152.120559692, 124.695846558, 41.9882469177, -47.7314414978, 44.1572723389, 204.587005615, 99.3967208862, 62.6278572083, -7.64219522476, 4.75592851639, 33.0034675598, 8.87043380737], [-438.494354248, -202.223327637, 31.4135475159, 50.2987174988, -38.8101005554, -4.25703144073, 99.3967208862, 138.114120483, 92.0819320679, 18.5604915619, 16.7634677887, 42.1345214844, 32.6925125122], [-560.203125, -216.904693604, 59.3516769409, 44.901424408, -35.9613838196, -10.0671024323, 62.6278572083, 92.0819320679, 154.79737854, 74.0039825439, 39.3676528931, 54.6868247986, 30.4663791656], [-350.761047363, -156.714935303, 53.9445457458, 12.1762733459, 12.5868930817, -13.2226114273, -7.64219522476, 18.5604915619, 74.0039825439, 127.171775818, 75.6309356689, 34.6713790894, 12.2641601562], [-446.053466797, -195.402832031, 44.0938262939, 1.85680580139, 12.6940031052, 8.79775047302, 4.75592851639, 16.7634677887, 39.3676528931, 75.6309356689, 130.351669312, 48.8809089661, 12.6970443726], [-327.348968506, -212.606231689, 2.10896039009, 25.6886577606, -14.7141838074, -10.5772638321, 33.0034675598, 42.1345214844, 54.6868247986, 34.6713790894, 48.8809089661, 108.149673462, 49.4842987061], [-106.314277649, -174.539794922, -67.8210372925, 11.6757688522, -13.5141220093, -12.9478063583, 8.87043380737, 32.6925125122, 30.4663791656, 12.2641601562, 12.6970443726, 49.4842987061, 102.200965881]], "icov": [[0.000827795651276, -0.000943145016208, 0.00154745776672, -0.00106562813744, 0.000692041998263, -0.000556170823984, 0.00190385396127, -0.000778650806751, 0.00134541396983, -0.00061740068486, 0.000992331188172, -0.000409628206398, 0.000251994351856], [-0.000943145016208, 0.0018737136852, -0.00222279573791, 0.00196067546494, -0.000458297785372, 0.00108868686948, -0.00176991382614, 0.00113865081221, -0.00127868889831, 0.00105684110895, -0.000403197045671, 0.000925974862184, 0.000242602603976], [0.00154745776672, -0.00222279573791, 0.00472762761638, -0.00275044399314, 4.70320046588e-05, -0.000113498135761, 0.00160086189862, -0.000706490594894, 0.00175569090061, -0.00154014432337, 0.00095801090356, -0.000739027862437, 0.00124426162802], [-0.00106562813744, 0.00196067546494, -0.00275044399314, 0.0078187957406, -0.00336725031957, 0.00401873560622, -0.00337728695013, 0.000275243393844, -0.00273181777447, 0.0020154020749, -0.000279979838524, 0.000466950819828, 0.00017165717145], [0.000692041998263, -0.000458297785372, 4.70320046588e-05, -0.00336725031957, 0.0121060581878, -0.0106186848134, 0.00764714600518, -0.00236058817245, 0.00487214885652, -0.00383571651764, 0.00246063503437, -0.00113732926548, -4.71216044389e-05], [-0.000556170823984, 0.00108868686948, -0.000113498135761, 0.00401873560622, -0.0106186848134, 0.019789820537, -0.00997662171721, 0.00467028655112, -0.00424995273352, 0.00506501225755, -0.00369974109344, 0.00301483669318, 0.000880307459738], [0.00190385396127, -0.00176991382614, 0.00160086189862, -0.00337728695013, 0.00764714600518, -0.00997662171721, 0.0177775472403, -0.00944307632744, 0.00461069028825, -0.00104453368112, 0.0041087269783, -0.00311123626307, 0.001377788838], [-0.000778650806751, 0.00113865081221, -0.000706490594894, 0.000275243393844, -0.00236058817245, 0.00467028655112, -0.00944307632744, 0.0197365283966, -0.0106800301, 0.00442963000387, -0.00263778190129, 0.00136515707709, -0.00226103421301], [0.00134541396983, -0.00127868889831, 0.00175569090061, -0.00273181777447, 0.00487214885652, -0.00424995273352, 0.00461069028825, -0.0106800301, 0.0204346049577, -0.0112197780982, 0.00493863923475, -0.00396611867473, 0.000376553478418], [-0.00061740068486, 0.00105684110895, -0.00154014432337, 0.0020154020749, -0.00383571651764, 0.00506501225755, -0.00104453368112, 0.00442963000387, -0.0112197780982, 0.0196358151734, -0.00925362389535, 0.00192117912229, -7.37209920771e-05], [0.000992331188172, -0.000403197045671, 0.00095801090356, -0.000279979838524, 0.00246063503437, -0.00369974109344, 0.0041087269783, -0.00263778190129, 0.00493863923475, -0.00925362389535, 0.0161559041589, -0.00560511881486, 0.00170023110695], [-0.000409628206398, 0.000925974862184, -0.000739027862437, 0.000466950819828, -0.00113732926548, 0.00301483669318, -0.00311123626307, 0.00136515707709, -0.00396611867473, 0.00192117912229, -0.00560511881486, 0.0168891083449, -0.00585293862969], [0.000251994351856, 0.000242602603976, 0.00124426162802, 0.00017165717145, -4.71216044389e-05, 0.000880307459738, 0.001377788838, -0.00226103421301, 0.000376553478418, -7.37209920771e-05, 0.00170023110695, -0.00585293862969, 0.0144954444841]]}, "spectral_contrast_coeffs": {"dmean": [0.0378699637949, 0.0303059834987, 0.0303553715348, 0.0268217921257, 0.0177511218935, 0.0116037586704], "dmean2": [0.0629810020328, 0.046756953001, 0.048598293215, 0.0433128550649, 0.0297269001603, 0.0196609012783], "dvar": [0.000994712929241, 0.000813452061266, 0.000642614730168, 0.000450080522569, 0.000196256383788, 9.29258021642e-05], "dvar2": [0.00265037780628, 0.00196201866493, 0.00159451039508, 0.00122087192722, 0.000548209703993, 0.000266622373601], "max": [-0.248355612159, -0.330720871687, -0.419384598732, -0.48624920845, -0.613474309444, -0.689843773842], "mean": [-0.578504502773, -0.596731185913, -0.685297012329, -0.708391010761, -0.755718171597, -0.794689238071], "median": [-0.57673740387, -0.578806042671, -0.67622590065, -0.707319438457, -0.743438720703, -0.786533713341], "min": [-0.978899538517, -0.994428873062, -0.99616843462, -0.988819241524, -0.98864197731, -0.964912414551], "var": [0.0202471278608, 0.0111113619059, 0.0064658978954, 0.00751024624333, 0.00431479839608, 0.0021478405688]}, "spectral_contrast_valleys": {"dmean": [0.395741701126, 0.262141793966, 0.257048159838, 0.201143994927, 0.134406641126, 0.101185359061], "dmean2": [0.670769929886, 0.417625099421, 0.41918066144, 0.323619961739, 0.216003477573, 0.164381295443], "dvar": [0