{"lowlevel": {"average_loudness": 0.794736027718, "barkbands_crest": {"dmean": 1.74687600136, "dmean2": 2.5577082634, "dvar": 2.80334281921, "dvar2": 5.08026313782, "max": 24.1249389648, "mean": 8.73572826385, "median": 7.84937286377, "min": 2.82168030739, "var": 13.4428844452}, "barkbands_flatness_db": {"dmean": 0.0111736766994, "dmean2": 0.0153146320954, "dvar": 9.84364378382e-05, "dvar2": 0.000167670485098, "max": 0.267838031054, "mean": 0.138128429651, "median": 0.139782145619, "min": 0.0144649893045, "var": 0.00118955713697}, "barkbands_kurtosis": {"dmean": 1.18351376057, "dmean2": 1.76358270645, "dvar": 1.77380406857, "dvar2": 3.61363744736, "max": 27.9399909973, "mean": 2.08772563934, "median": 1.57533979416, "min": -1.51441156864, "var": 6.40022373199}, "barkbands_skewness": {"dmean": 0.28011071682, "dmean2": 0.413216799498, "dvar": 0.062490966171, "dvar2": 0.12826910615, "max": 4.24996042252, "mean": 1.14988350868, "median": 1.19288218021, "min": -2.11644983292, "var": 0.613996684551}, "barkbands_spread": {"dmean": 2.79743385315, "dmean2": 4.02058506012, "dvar": 8.96789646149, "dvar2": 17.8506069183, "max": 80.8825073242, "mean": 15.9724588394, "median": 14.4520673752, "min": 3.03231501579, "var": 61.8257713318}, "dissonance": {"dmean": 0.0189475044608, "dmean2": 0.0312732383609, "dvar": 0.000258327025222, "dvar2": 0.000650652451441, "max": 0.499985933304, "mean": 0.449402779341, "median": 0.450710654259, "min": 0.345915615559, "var": 0.000673022412229}, "dynamic_complexity": 4.74205207825, "erbbands_crest": {"dmean": 2.31087803841, "dmean2": 3.56610822678, "dvar": 4.43196821213, "dvar2": 9.86130142212, "max": 26.7410488129, "mean": 9.03013324738, "median": 8.09481239319, "min": 2.43988633156, "var": 14.9164638519}, "erbbands_flatness_db": {"dmean": 0.0107513796538, "dmean2": 0.0148059027269, "dvar": 9.05326451175e-05, "dvar2": 0.000157065544045, "max": 0.307634949684, "mean": 0.18853802979, "median": 0.199197798967, "min": 0.0527417100966, "var": 0.00183817557991}, "erbbands_kurtosis": {"dmean": 0.588999688625, "dmean2": 0.931105852127, "dvar": 0.404962211847, "dvar2": 0.903876781464, "max": 10.3703813553, "mean": 0.00644723372534, "median": -0.231451034546, "min": -1.45350039005, "var": 1.03046751022}, "erbbands_skewness": {"dmean": 0.287012904882, "dmean2": 0.425528436899, "dvar": 0.0528544485569, "dvar2": 0.123491860926, "max": 2.9332845211, "mean": 0.587709903717, "median": 0.599966168404, "min": -0.864270508289, "var": 0.266386926174}, "erbbands_spread": {"dmean": 3.7605805397, "dmean2": 5.68302869797, "dvar": 9.9280166626, "dvar2": 24.2013015747, "max": 65.1223297119, "mean": 27.2213973999, "median": 26.2546386719, "min": 10.383020401, "var": 53.5161514282}, "hfc": {"dmean": 2.69608783722, "dmean2": 4.02679681778, "dvar": 13.4666423798, "dvar2": 30.5719718933, "max": 65.4118270874, "mean": 14.880812645, "median": 13.2994174957, "min": 1.08971284973e-16, "var": 126.039581299}, "melbands_crest": {"dmean": 2.26725649834, "dmean2": 3.3920404911, "dvar": 4.93939113617, "dvar2": 10.0470695496, "max": 31.0269241333, "mean": 11.5703220367, "median": 10.4293260574, "min": 1.59981405735, "var": 26.0748977661}, "melbands_flatness_db": {"dmean": 0.012109962292, "dmean2": 0.016627214849, "dvar": 0.000124139754917, "dvar2": 0.000208811528864, "max": 0.315915852785, "mean": 0.184724107385, "median": 0.189610898495, "min": 0.00158209248912, "var": 0.00200471351855}, "melbands_kurtosis": {"dmean": 1.86153292656, "dmean2": 2.79433465004, "dvar": 4.07993936539, "dvar2": 8.78977680206, "max": 33.8684310913, "mean": 4.86191225052, "median": 4.10399007797, "min": -1.35851931572, "var": 15.0640268326}, "melbands_skewness": {"dmean": 0.304732203484, "dmean2": 0.453321307898, "dvar": 0.0703002810478, "dvar2": 0.161018311977, "max": 4.43648052216, "mean": 1.64240789413, "median": 1.62406885624, "min": -0.280915856361, "var": 0.391905397177}, "melbands_spread": {"dmean": 3.84067487717, "dmean2": 5.70295953751, "dvar": 24.8300857544, "dvar2": 50.6687431335, "max": 158.95451355, "mean": 22.453453064, "median": 18.1329612732, "min": 3.63312315941, "var": 497.516021729}, "pitch_salience": {"dmean": 0.0477269142866, "dmean2": 0.0740026086569, "dvar": 0.0016791280359, "dvar2": 0.00388919073157, "max": 0.964690744877, "mean": 0.600503325462, "median": 0.603654921055, "min": 0.174571752548, "var": 0.00922358501703}, "silence_rate_20dB": {"dmean": 0, "dmean2": 0, "dvar": 0, "dvar2": 0, "max": 1, "mean": 1, "median": 1, "min": 1, "var": 0}, "silence_rate_30dB": {"dmean": 0.00136425648816, "dmean2": 0.00273037538864, "dvar": 0.00136240699794, "dvar2": 0.00272290431894, "max": 1, "mean": 0.99863666296, "median": 1, "min": 0, "var": 0.00136148021556}, "silence_rate_60dB": {"dmean": 0.00409276923165, "dmean2": 0.00819112639874, "dvar": 0.00407596025616, "dvar2": 0.0108540859073, "max": 1, "mean": 0.145194277167, "median": 0, "min": 0, "var": 0.124111846089}, "spectral_centroid": {"dmean": 142.446594238, "dmean2": 207.270889282, "dvar": 66902.1328125, "dvar2": 87818.4453125, "max": 11839.6279297, "mean": 1406.59179688, "median": 1066.53027344, "min": 526.733642578, "var": 3162352}, "spectral_complexity": {"dmean": 1.89358794689, "dmean2": 3.16177463531, "dvar": 2.92182326317, "dvar2": 8.00179004669, "max": 33, "mean": 17.8827533722, "median": 19, "min": 0, "var": 60.4525909424}, "spectral_decrease": {"dmean": 1.00295227679e-09, "dmean2": 1.38386757609e-09, "dvar": 2.25458229593e-18, "dvar2": 4.73031298299e-18, "max": 1.41724429968e-28, "mean": -5.07989650345e-09, "median": -4.21551549223e-09, "min": -3.07467225014e-08, "var": 1.84918641304e-17}, "spectral_energy": {"dmean": 0.0039958669804, "dmean2": 0.0055443290621, "dvar": 3.56348573405e-05, "dvar2": 7.49430255382e-05, "max": 0.121405377984, "mean": 0.0205224379897, "median": 0.0171884633601, "min": 9.95974409804e-21, "var": 0.000296051090118}, "spectral_energyband_high": {"dmean": 3.47881141352e-05, "dmean2": 4.86116623506e-05, "dvar": 2.47148856936e-09, "dvar2": 4.291912159e-09, "max": 0.00100135221146, "mean": 0.000131062901346, "median": 9.8848628113e-05, "min": 7.0628921616e-21, "var": 1.68533791367e-08}, "spectral_energyband_low": {"dmean": 0.000282375345705, "dmean2": 0.000412558700191, "dvar": 1.83001773735e-07, "dvar2": 4.12179332443e-07, "max": 0.0132579766214, "mean": 0.00156016030814, "median": 0.000847377697937, "min": 1.85928646235e-23, "var": 4.14666328652e-06}, "spectral_energyband_middle_high": {"dmean": 0.00127145589795, "dmean2": 0.00199749134481, "dvar": 3.06599145006e-06, "dvar2": 7.21646711099e-06, "max": 0.0315977744758, "mean": 0.00485073961318, "median": 0.0041061360389, "min": 1.16518547282e-21, "var": 1.67940561369e-05}, "spectral_energyband_middle_low": {"dmean": 0.00368531653658, "dmean2": 0.00495227007195, "dvar": 3.08977323584e-05, "dvar2": 6.46669432172e-05, "max": 0.111769020557, "mean": 0.0146656259894, "median": 0.0116203119978, "min": 1.92397280415e-22, "var": 0.000184778662515}, "spectral_entropy": {"dmean": 0.0847933292389, "dmean2": 0.114019855857, "dvar": 0.0068652946502, "dvar2": 0.0107386615127, "max": 9.81603145599, "mean": 7.3976764679, "median": 7.30761814117, "min": 6.4060177803, "var": 0.249662563205}, "spectral_flux": {"dmean": 0.0108956461772, "dmean2": 0.0183610413224, "dvar": 0.000172293148353, "dvar2": 0.000482868606923, "max": 0.205985084176, "mean": 0.05072497949, "median": 0.0513799153268, "min": 6.37284253147e-11, "var": 0.00075108621968}, "spectral_kurtosis": {"dmean": 2.05144262314, "dmean2": 3.60427045822, "dvar": 4.03139305115, "dvar2": 12.7884559631, "max": 21.0158805847, "mean": 6.56209135056, "median": 6.4055185318, "min": -1.24054169655, "var": 8.34062480927}, "spectral_rms": {"dmean": 0.000384596933145, "dmean2": 0.000531669822522, "dvar": 1.9021108244e-07, "dvar2": 3.7582012169e-07, "max": 0.0108832102269, "mean": 0.00399668049067, "median": 0.00409502536058, "min": 3.11718185986e-12, "var": 4.04843603974e-06}, "spectral_rolloff": {"dmean": 311.379150391, "dmean2": 504.993896484, "dvar": 598569.3125, "dvar2": 1039264.6875, "max": 19466.015625, "mean": 1892.80236816, "median": 1184.32617188, "min": 452.197265625, "var": 10988007}, "spectral_skewness": {"dmean": 0.210624665022, "dmean2": 0.361867815256, "dvar": 0.0370364561677, "dvar2": 0.108505040407, "max": 3.08566260338, "mean": 1.7418088913, "median": 1.75931489468, "min": -0.10602273047, "var": 0.202425047755}, "spectral_spread": {"dmean": 294863.15625, "dmean2": 457563.6875, "dvar": 1589661270020.0, "dvar2": 3040310722560.0, "max": 43715176, "mean": 4544272, "median": 2962164, "min": 2087381.25, "var": 44954852261900.0}, "spectral_strongpeak": {"dmean": 0.399023085833, "dmean2": 0.598346531391, "dvar": 0.233115375042, "dvar2": 0.474316477776, "max": 5.72060060501, "mean": 1.22528731823, "median": 1.12335896492, "min": 0, "var": 0.883276164532}, "zerocrossingrate": {"dmean": 0.00648421514779, "dmean2": 0.00777983665466, "dvar": 0.000198977882974, "dvar2": 0.000345963955624, "max": 0.517578125, "mean": 0.0694880485535, "median": 0.0478515625, "min": 0.02001953125, "var": 0.00746034970507}, "barkbands": {"dmean": [1.69853890952e-07, 8.63684035721e-05, 0.000199230460566, 0.000113579029858, 0.000485564116389, 0.000816009880509, 0.00203818199225, 0.00154679350089, 0.000358905614121, 0.000969447894022, 0.000378203985747, 0.000204732175916, 0.000347611319739, 0.000285860267468, 0.000304699642584, 0.000167765421793, 0.000216301210457, 9.71096378635e-05, 7.6673226431e-05, 3.23055792251e-05, 1.48881954374e-05, 7.16285103408e-06, 2.62333992396e-06, 2.11600945477e-06, 7.35552112019e-06, 1.16027501917e-06, 1.52936650011e-06], "dmean2": [2.72451558203e-07, 0.000131056192913, 0.000292670796625, 0.00016795915144, 0.000626523164101, 0.00109948799945, 0.00251153274439, 0.00218473258428, 0.000518373213708, 0.00143388623837, 0.000595758785494, 0.000332738010911, 0.000602374202572, 0.000477453751955, 0.000516770232935, 0.000284676614683, 0.000373782328097, 0.000165052886587, 0.0001266769832, 5.32381600351e-05, 2.4488692361e-05, 1.13823271022e-05, 4.31482112617e-06, 3.29175486513e-06, 9.28701774683e-06, 1.73990156327e-06, 1.85721387425e-06], "dvar": [9.39234651967e-14, 1.70655596321e-08, 1.03563856158e-07, 4.05223268274e-08, 5.35851711447e-07, 1.77371020982e-06, 1.98860434466e-05, 7.50567051e-06, 2.46416789196e-07, 2.24345808419e-06, 5.37793539479e-07, 2.34028689761e-07, 3.385508478e-07, 1.89336873291e-07, 1.69414960283e-07, 7.69080230612e-08, 8.55324344684e-08, 1.97837426441e-08, 1.3759864359e-08, 1.92734006532e-09, 3.701963458e-10, 1.00029248773e-10, 1.86994968121e-11, 1.39279221836e-11, 6.5309518904e-10, 3.23416259052e-11, 2.72030176163e-11], "dvar2": [2.49441390937e-13, 4.28973443434e-08, 2.30307236393e-07, 7.54497904154e-08, 8.40210930164e-07, 3.44728255186e-06, 3.1271170883e-05, 1.83495576493e-05, 4.64792378807e-07, 4.45643809144e-06, 1.29385693981e-06, 6.08012499015e-07, 9.98782979877e-07, 4.98539691307e-07, 4.74308450293e-07, 2.11907050129e-07, 2.49482326353e-07, 5.35415161096e-08, 3.41488863853e-08, 5.281106219e-09, 9.08568997815e-10, 2.47390607999e-10, 4.99510918739e-11, 3.42919026508e-11, 1.14075371371e-09, 7.74030353701e-11, 4.38262898195e-11], "max": [1.44852665471e-05, 0.00480800261721, 0.0089593231678, 0.00522744189948, 0.0149527965114, 0.0354473255575, 0.10847786814, 0.0419357903302, 0.0100352894515, 0.0250522233546, 0.0113604469225, 0.00781682692468, 0.00607120245695, 0.00559015665203, 0.00433133589104, 0.00423650816083, 0.00372766167857, 0.00208210060373, 0.0015385573497, 0.000677649804857, 0.000284179666778, 0.000155863890541, 0.000117901792692, 0.000105475060991, 0.000506431737449, 0.00021551901591, 9.40529134823e-05], "mean": [1.37487370466e-06, 0.000487834680825, 0.0008856128552, 0.000351886526914, 0.00171124062035, 0.00243299966678, 0.00520162563771, 0.00309967459179, 0.000797959219199, 0.00175648590084, 0.000624319538474, 0.000331497198204, 0.000520246219821, 0.000477648427477, 0.000544081267435, 0.000329264439642, 0.000405499828048, 0.000209524674574, 0.000172999847564, 8.26229588711e-05, 3.98762276745e-05, 2.07104476431e-05, 9.25102176552e-06, 7.3229039117e-06, 1.5000786334e-05, 3.02922603623e-06, 2.87064131044e-06], "median": [2.51192403766e-07, 0.000223194074351, 0.00036382721737, 0.000155330242706, 0.000862756103743, 0.00133290828671, 0.00190329202451, 0.00165672239382, 0.000499580346514, 0.000968396081589, 0.000304132438032, 0.000147522281623, 0.000257524778135, 0.000281747488771, 0.000382084923331, 0.000209285048186, 0.000291354081128, 0.000162147698575, 0.000139814757858, 6.98504809407e-05, 3.21921106661e-05, 1.49146053445e-05, 5.87411841479e-06, 4.09936501455e-06, 2.77298295259e-06, 7.3527337463e-07, 9.74853477942e-08], "min": [1.24095482203e-24, 3.49407557509e-24, 1.70801954388e-24, 1.98821544324e-24, 5.39508599512e-24, 9.94187436012e-24, 3.82476448883e-24, 5.47106079447e-24, 1.09795940597e-23, 2.24200406602e-23, 1.4577420621e-23, 1.70751309518e-23, 2.70374123547e-23, 2.54152129887e-23, 5.56528873077e-23, 5.10909741125e-23, 7.09735379637e-23, 9.99792971164e-23, 8.82105652613e-23, 1.93083210749e-22, 2.32665676131e-22, 3.32579516725e-22, 3.72476592458e-22, 5.8348035008e-22, 8.10228660654e-22, 1.30475594434e-21, 2.05802758546e-21], "var": [8.16946857385e-12, 6.10860411143e-07, 1.62744800036e-06, 2.76997326409e-07, 4.88676232635e-06, 1.16889023047e-05, 9.75057919277e-05, 1.85256558325e-05, 1.04005744106e-06, 6.07609399594e-06, 1.01075818293e-06, 3.43319385365e-07, 5.05570653786e-07, 3.52614819121e-07, 3.16484289442e-07, 1.45130655937e-07, 1.65192730606e-07, 4.25581028196e-08, 3.1525090094e-08, 5.75878766895e-09, 1.30250255026e-09, 4.63503263548e-10, 1.70125691312e-10, 1.27207147593e-10, 1.72123937325e-09, 7.66156790788e-11, 8.69658303704e-11]}, "erbbands": {"dmean": [0.000748915714212, 0.0266002528369, 0.190707817674, 0.27814334631, 0.74643021822, 1.67856502533, 4.80092525482, 7.30384397507, 29.3042831421, 34.8173217773, 21.2238559723, 8.7612953186, 29.572353363, 16.9057731628, 14.7548789978, 11.2991504669, 16.791261673, 15.3256282806, 12.3132152557, 15.185505867, 10.1191234589, 7.95619344711, 5.29339551926, 5.62021303177, 3.02895259857, 1.79472005367, 0.809361636639, 0.408134847879, 0.257769167423, 0.160035967827, 0.075783893466, 0.044078219682, 0.0421715937555, 0.08853559196, 0.0520465224981, 0.00648478092626, 0.0027921909932, 0.000787780911196, 0.000242559617618, 2.63705405814e-05], "dmean2": [0.00107617885806, 0.040507402271, 0.283736765385, 0.402118057013, 1.0236440897, 2.14401268959, 6.2906703949, 10.0445680618, 36.165096283, 50.0202713013, 28.4139289856, 12.2454061508, 43.1972923279, 26.0768852234, 23.3039188385, 18.3833465576, 29.2773590088, 25.5412311554, 20.5690326691, 25.6580600739, 17.3483161926, 13.6259403229, 8.93801116943, 9.3443813324, 5.07521533966, 2.97228097916, 1.33978557587, 0.625658929348, 0.4053786695, 0.257811695337, 0.127934858203, 0.0695513039827, 0.0645462274551, 0.12154122442, 0.0660363361239, 0.00935746822506, 0.00411378685385, 0.0010788415093, 0.000289372343104, 3.2175121305e-05], "dvar": [1.12561735932e-06, 0.00160797161516, 0.0904569923878, 0.196952313185, 1.90616190434, 6.24851465225, 94.8349685669, 129.552688599, 4440.83691406, 5824.59277344, 1416.70068359, 134.057006836, 2516.9753418, 1418.07141113, 925.93145752, 596.606994629, 830.980285645, 533.598144531, 371.038360596, 526.264709473, 216.580825806, 117.247642517, 44.8084983826, 84.746963501, 18.7742652893, 7.01469373703, 1.12823712826, 0.274937391281, 0.121252179146, 0.0748488903046, 0.0172842349857, 0.00629891222343, 0.00576607231051, 0.107552908361, 0.0320211686194, 0.000212679704418, 0.000386744941352, 1.12727529995e-05, 7.74940929205e-07, 6.88339962807e-09], "dvar2": [2.82458154288e-06, 0.00401258189231, 0.214209511876, 0.368704080582, 3.33664369583, 9.2024679184, 143.194961548, 268.915710449, 6865.49267578, 14428.0849609, 2485.05078125, 264.006988525, 5076.70458984, 2803.48046875, 2159.14257812, 1554.02050781, 2482.30297852, 1413.70275879, 1044.5880127, 1496.01965332, 605.684448242, 340.307922363, 125.811058044, 221.243637085, 49.0701560974, 19.3633403778, 2.87822461128, 0.652759313583, 0.301685124636, 0.184378519654, 0.0503388382494, 0.0164799876511, 0.0142694488168, 0.225484654307, 0.0502936504781, 0.000439823168563, 0.000902350060642, 2.51885903708e-05, 1.04885066321e-06, 1.13757794296e-08], "max": [0.0381797775626, 1.4981752634, 8.74128627777, 12.695353508, 30.6610870361, 58.8899803162, 303.778198242, 284.19140625, 1683.2635498, 1922.67077637, 789.170593262, 292.372589111, 758.164001465, 907.889404297, 533.454833984, 395.194488525, 308.710205078, 302.718780518, 243.82762146, 222.804794312, 155.435577393, 137.249679565, 102.628395081, 112.144721985, 62.4540138245, 43.1723899841, 16.8244972229, 8.50486087799, 5.47854375839, 5.05418014526, 3.39447665215, 2.15554237366, 1.88948214054, 6.945956707, 2.87524580956, 0.27851203084, 0.740635335445, 0.0847882702947, 0.0251212902367, 0.00141131528653], "mean": [0.00562932156026, 0.148538246751, 0.929833352566, 1.15607130527, 2.3201417923, 5.44331216812, 15.827132225, 19.2837924957, 72.7023849487, 80.286605835, 45.5717086792, 21.6194076538, 54.2612724304, 32.149559021, 25.969833374, 19.706817627, 26.0108909607, 26.183511734, 23.4015388489, 26.8899211884, 20.5563964844, 17.2255859375, 12.5713911057, 11.6620559692, 7.2070441246, 4.53061532974, 2.2850997448, 1.11275863647, 0.733444213867, 0.476914852858, 0.259990602732, 0.156047105789, 0.124186448753, 0.168884024024, 0.106998078525, 0.0180077869445, 0.00577763607726, 0.00159793708008, 0.000501316273585, 6.02331892878e-05], "median": [0.00237998901866, 0.0626098811626, 0.353224009275, 0.705665826797, 1.0128326416, 2.86462593079, 5.94322776794, 11.7757129669, 29.3066082001, 38.8841323853, 24.0099182129, 14.9815073013, 27.3266735077, 14.1122322083, 14.0525770187, 11.6820793152, 13.4337835312, 16.5916805267, 16.5020637512, 17.7881317139, 15.501162529, 13.1360206604, 10.4188270569, 8.69960212708, 5.85516500473, 3.67633652687, 1.9007178545, 0.909994900227, 0.546092271805, 0.29849755764, 0.162528678775, 0.0823037624359, 0.0671249330044, 0.0384342260659, 0.0150171658024, 0.00484269065782, 0.00116620864719, 0.00018885085592, 2.94032197417e-05, 2.4463301088e-05], "min": [1.28380990764e-22, 7.58378360588e-22, 2.6958270547e-21, 9.82932663445e-21, 1.82719399019e-20, 1.78766445043e-20, 4.59524098056e-20, 7.79008715605e-20, 1.11768967486e-19, 1.7394070243e-19, 2.92742346559e-19, 2.82397341475e-19, 4.72165033403e-19, 1.00300188426e-18, 9.54785836544e-19, 6.34536244949e-19, 1.26086075776e-18, 2.32053381976e-18, 2.15126268114e-18, 3.82309685591e-18, 4.88367681805e-18, 4.23944953184e-18, 5.64367009894e-18, 5.43727985072e-18, 7.2607391269e-18, 8.68077083782e-18, 9.32934413097e-18, 1.05722053352e-17, 1.34692019442e-17, 9.46295447941e-18, 1.09102930767e-17, 1.13122937554e-17, 1.07209803858e-17, 7.77624056619e-18, 6.19403471951e-18, 4.22498007498e-18, 2.23964444805e-18, 8.81474059624e-19, 2.51507470572e-19, 2.86425342705e-20], "var": [4.31271109846e-05, 0.0589190274477, 2.06026554108, 1.91621744633, 13.0055103302, 53.9185943604, 921.318603516, 560.723999023, 19737.6972656, 15474.8544922, 4504.62841797, 622.138061523, 6147.23876953, 3745.40209961, 1697.40734863, 863.190979004, 1202.75366211, 946.212158203, 644.400634766, 911.156555176, 438.746154785, 272.236633301, 121.261650085, 159.169250488, 45.9064903259, 19.4652557373, 3.99053859711, 0.955429017544, 0.545041680336, 0.362954109907, 0.133996978402, 0.0620498806238, 0.0350051447749, 0.217441827059, 0.0930366963148, 0.000994270085357, 0.000691777502652, 2.87908242171e-05, 2.93087600767e-06, 1.76964292109e-08]}, "gfcc": {"mean": [-76.5523834229, 109.38835907, -140.734848022, 5.11562156677, -57.9357528687, -9.7960319519, -38.8445739746, 6.51029062271, -17.8290977478, 2.99433732033, -11.3261289597, -5.1721663475, -9.23681926727], "cov": [[53543.3554688, 5249.48974609, -6633.64306641, 637.912231445, -2565.28149414, -483.316558838, -1555.66796875, 377.259155273, -639.339355469, 266.763885498, -383.942565918, -354.762512207, -217.252197266], [5249.48974609, 1192.8269043, -1060.21960449, 194.264053345, -268.375183105, -106.7890625, -120.450500488, 11.2307167053, -3.17810416222, 0.243274375796, 53.4562911987, -60.0483894348, 31.3186759949], [-6633.64306641, -1060.21960449, 1367.5592041, -145.775115967, 379.373046875, 112.485694885, 179.043441772, -37.5799179077, 33.0747337341, -26.2427024841, -32.7314033508, 44.4003334045, -16.8673744202], [637.912231445, 194.264053345, -145.775115967, 165.562942505, -27.2685642242, 16.9225940704, 11.1616334915, 18.3502655029, 26.0669765472, 6.63932132721, 22.295633316, -19.1664409637, 5.37524461746], [-2565.28149414, -268.375183105, 379.373046875, -27.2685642242, 232.546813965, 51.7251243591, 97.6847686768, -14.1053609848, 35.1145782471, -7.93352460861, 27.3015651703, 27.8547515869, 18.2152576447], [-483.316558838, -106.7890625, 112.485694885, 16.9225940704, 51.7251243591, 86.5527191162, 42.5021591187, 24.1664028168, 7.16686630249, 12.7306156158, -6.57815980911, 8.19387340546, -17.8731384277], [-1555.66796875, -120.450500488, 179.043441772, 11.1616334915, 97.6847686768, 42.5021591187, 116.604545593, 19.4828834534, 51.7902145386, -1.80063474178, 27.3790359497, 3.2852306366, 7.75735425949], [377.259155273, 11.2307167053, -37.5799179077, 18.3502655029, -14.1053609848, 24.1664028168, 19.4828834534, 86.7588043213, 33.6683197021, 25.722360611, 5.67045927048, 7.30860376358, -17.4477405548], [-639.339355469, -3.17810416222, 33.0747337341, 26.0669765472, 35.1145782471, 7.16686630249, 51.7902145386, 33.6683197021, 92.0200195312, 31.0482711792, 44.1223487854, -2.89351034164, -2.72746539116], [266.763885498, 0.243274375796, -26.2427024841, 6.63932132721, -7.93352460861, 12.7306156158, -1.80063474178, 25.722360611, 31.0482711792, 61.0207977295, 24.2031059265, 4.47558736801, -12.7423019409], [-383.942565918, 53.4562911987, -32.7314033508, 22.295633316, 27.3015651703, -6.57815980911, 27.3790359497, 5.67045927048, 44.1223487854, 24.2031059265, 84.9623794556, 20.6960277557, 16.2755374908], [-354.762512207, -60.0483894348, 44.4003334045, -19.1664409637, 27.8547515869, 8.19387340546, 3.2852306366, 7.30860376358, -2.89351034164, 4.47558736801, 20.6960277557, 55.1317367554, 13.0987663269], [-217.252197266, 31.3186759949, -16.8673744202, 5.37524461746, 18.2152576447, -17.8731384277, 7.75735425949, -17.4477405548, -2.72746539116, -12.7423019409, 16.2755374908, 13.0987663269, 66.0907363892]], "icov": [[9.31088725338e-05, -0.000141082215123, 0.000202526789508, -1.48820336108e-05, 0.000214012412471, -0.000135568479891, 0.000476697197882, -0.000396736286348, 0.000399603828555, -0.000389208144043, 0.000243589907768, 0.000170453073224, 1.71663268702e-05], [-0.000141082215123, 0.00369778485037, 0.00216645165347, -0.00178045034409, -0.000939836201724, 0.00127131503541, -0.000258384767221, 0.000660141347907, -0.000777189969085, 0.00196224940009, -0.00168798235245, 0.00145996618085, -0.000238315595197], [0.000202526789508, 0.00216645165347, 0.00393724860623, -0.000439020746853, -0.00219960953109, 0.000183223397471, 0.000153628032422, 0.000133272085804, 0.000298053782899, -9.98153045657e-05, 0.00138516840525, 0.00069446337875, 0.00086691044271], [-1.48820336108e-05, -0.00178045034409, -0.000439020746853, 0.00943942274898, 0.000961037585512, -0.00498920539394, 0.00034165388206, -0.000495288288221, -0.00219189585187, 0.00160349067301, -0.00204603117891, 0.00283016078174, -0.00170831743162], [0.000214012412471, -0.000939836201724, -0.00219960953109, 0.000961037585512, 0.0123462332413, -0.00412550149485, -0.00297434092499, 0.00193148571998, -0.0009150361293, 0.000395383802243, -0.00167540169787, -0.00215588323772, -0.00227173906751], [-0.000135568479891, 0.00127131503541, 0.000183223397471, -0.00498920539394, -0.00412550149485, 0.0233485084027, -0.00931479409337, -0.00281727430411, 0.00662264460698, -0.00703540211543, 0.00474021118134, -0.00405588140711, 0.00575867248699], [0.000476697197882, -0.000258384767221, 0.000153628032422, 0.00034165388206, -0.00297434092499, -0.00931479409337, 0.0258395411074, -0.00590752251446, -0.00758278509602, 0.0070808371529, -0.00434664590284, 0.00646120775491, -0.00374879268929], [-0.000396736286348, 0.000660141347907, 0.000133272085804, -0.000495288288221, 0.00193148571998, -0.00281727430411, -0.00590752251446, 0.0208337232471, -0.00884907878935, -0.00222005858086, 0.00415339972824, -0.00765000330284, 0.00305668171495], [0.000399603828555, -0.000777189969085, 0.000298053782899, -0.00219189585187, -0.0009150361293, 0.00662264460698, -0.00758278509602, -0.00884907878935, 0.0288504399359, -0.0114013655111, -0.00683293072507, 0.00636815372854, 0.00194625323638], [-0.000389208144043, 0.00196224940009, -9.98153045657e-05, 0.00160349067301, 0.000395383802243, -0.00703540211543, 0.0070808371529, -0.00222005858086, -0.0114013655111, 0.0304241199046, -0.00960981473327, 0.00111292977817, 0.00174727896228], [0.000243589907768, -0.00168798235245, 0.00138516840525, -0.00204603117891, -0.00167540169787, 0.00474021118134, -0.00434664590284, 0.00415339972824, -0.00683293072507, -0.00960981473327, 0.0262809693813, -0.0114875771105, -0.000859083142132], [0.000170453073224, 0.00145996618085, 0.00069446337875, 0.00283016078174, -0.00215588323772, -0.00405588140711, 0.00646120775491, -0.00765000330284, 0.00636815372854, 0.00111292977817, -0.0114875771105, 0.029556889087, -0.00601676665246], [1.71663268702e-05, -0.000238315595197, 0.00086691044271, -0.00170831743162, -0.00227173906751, 0.00575867248699, -0.00374879268929, 0.00305668171495, 0.00194625323638, 0.00174727896228, -0.000859083142132, -0.00601676665246, 0.0209119170904]]}, "melbands": {"dmean": [1.47940054376e-05, 7.66177035985e-05, 5.63775320188e-05, 7.33083288651e-05, 0.000150807667524, 0.000170412284206, 0.000440059113316, 0.000374585186364, 0.000145948215504, 5.38252206752e-05, 0.0001475357858, 7.15593341738e-05, 5.3969615692e-05, 2.91596188617e-05, 3.76856878574e-05, 2.52951704169e-05, 3.32893905579e-05, 1.95905158762e-05, 1.80968290806e-05, 1.7976428353e-05, 1.37200622703e-05, 9.7050842669e-06, 9.05783235794e-06, 4.50891502624e-06, 5.12975248057e-06, 2.46939362114e-06, 1.53272173975e-06, 1.17524234611e-06, 6.53816698559e-07, 3.51154625378e-07, 2.59412360037e-07, 1.74642693196e-07, 1.36574612952e-07, 7.7627362316e-08, 5.39555635726e-08, 3.57650158378e-08, 3.07825978041e-08, 3.21686606242e-08, 3.60364573737e-08, 9.80369492254e-08], "dmean2": [2.21859827434e-05, 0.000114261114504, 8.01528367447e-05, 9.68299355009e-05, 0.000195330620045, 0.000233273705817, 0.000538710039109, 0.000544303446077, 0.000192908744793, 7.63182833907e-05, 0.00021580090106, 0.000110083768959, 8.54041572893e-05, 4.77435787616e-05, 6.38174096821e-05, 4.38979041064e-05, 5.53897079953e-05, 3.26566259901e-05, 3.06153560814e-05, 3.07710288325e-05, 2.35978041019e-05, 1.68499009305e-05, 1.542881364e-05, 7.63108073443e-06, 8.4980720203e-06, 4.16653483626e-06, 2.57799911196e-06, 1.94121275854e-06, 1.09294808226e-06, 5.82617815326e-07, 4.00524925226e-07, 2.77187808706e-07, 2.19491894882e-07, 1.26833398895e-07, 9.15632227816e-08, 5.98246145955e-08, 4.94665144402e-08, 5.03188992695e-08, 5.7076665172e-08, 1.35382734356e-07], "dvar": [4.76457373555e-10, 1.40087212941e-08, 8.68860361436e-09, 1.10448716839e-08, 8.01997899202e-08, 7.49203294959e-08, 1.00051261143e-06, 6.62433592424e-07, 7.09337300009e-08, 5.40049249764e-09, 6.16674071807e-08, 2.81628675936e-08, 1.09818980576e-08, 3.65798435986e-09, 3.21545701176e-09, 1.53872836695e-09, 2.65768562713e-09, 9.00763796885e-10, 5.84550796656e-10, 7.55529361296e-10, 3.57484625235e-10, 1.90601742722e-10, 1.68280112067e-10, 6.05209493632e-11, 7.43402492343e-11, 1.67329778505e-11, 3.64661165847e-12, 2.97570193313e-12, 8.22678297013e-13, 2.14300528278e-13, 1.19083996136e-13, 5.53293305269e-14, 5.52803279769e-14, 1.78283901314e-14, 8.26399817582e-15, 4.65689100576e-15, 3.83560150736e-15, 4.5030249298e-15, 5.75375843839e-15, 1.51901196699e-13], "dvar2": [1.22744570064e-09, 3.33743592762e-08, 1.61313664648e-08, 1.89313400512e-08, 1.21979809364e-07, 1.48657065324e-07, 1.52930385866e-06, 1.69413578988e-06, 1.16318425114e-07, 1.0384248128e-08, 1.24500076026e-07, 5.56421042575e-08, 2.64876263145e-08, 9.22840737161e-09, 9.2176328792e-09, 4.5337258392e-09, 7.02255231744e-09, 2.53416798657e-09, 1.57574708837e-09, 2.10743644757e-09, 1.01508790262e-09, 5.50749224004e-10, 4.81758022364e-10, 1.64468619279e-10, 1.94284019428e-10, 4.60625496079e-11, 9.84623493849e-12, 8.17976675976e-12, 2.19690802009e-12, 5.57558610826e-13, 2.8667289354e-13, 1.42636838213e-13, 1.43764191632e-13, 4.35490368539e-14, 2.48105250673e-14, 1.29764668249e-14, 9.60142423602e-15, 1.14723878794e-14, 1.55457379825e-14, 3.19682133413e-13], "max": [0.00069826625986, 0.00373179791495, 0.00213436712511, 0.00234552333131, 0.00841024704278, 0.00716091971844, 0.0254189204425, 0.0193668231368, 0.00599567499012, 0.00197320594452, 0.0037315026857, 0.0040590330027, 0.00160339253489, 0.000890857772902, 0.000541952613275, 0.000401012541261, 0.000688238302246, 0.000372681708541, 0.000278729305137, 0.000416784547269, 0.0001864998776, 0.000193236468476, 0.000149491126649, 0.000144136400195, 0.00010040889174, 7.96862877905e-05, 2.43511476583e-05, 2.5557797926e-05, 1.40770489452e-05, 7.56665394874e-06, 4.78064839626e-06, 3.21389120472e-06, 3.50744676325e-06, 2.98344184557e-06, 2.16344483306e-06, 1.80036624897e-06, 1.54260521867e-06, 1.52279801569e-06, 1.42435817452e-06, 8.22218134999e-06], "mean": [8.92468742677e-05, 0.000394106085878, 0.000233971659327, 0.000244736205786, 0.000503243296407, 0.000451824453194, 0.00111083849333, 0.000842594832648, 0.000312412943458, 0.000127831095597, 0.000268814561423, 0.000126901606563, 9.07309586182e-05, 4.55766930827e-05, 6.27567787888e-05, 3.89535489376e-05, 5.27108204551e-05, 3.53452523996e-05, 3.39604921464e-05, 3.20928738802e-05, 2.41052566707e-05, 1.87138484762e-05, 1.66150039149e-05, 9.52881327976e-06, 9.5133573268e-06, 5.15665533385e-06, 3.82776124752e-06, 2.71119370154e-06, 1.59822957357e-06, 8.52507241689e-07, 5.89354385738e-07, 4.3349700718e-07, 3.51710127688e-07, 2.17483417941e-07, 1.5779154694e-07, 1.08498937834e-07, 8.96113405702e-08, 8.50755625947e-08, 8.48374952511e-08, 1.71148045069e-07], "median": [4.24022255174e-05, 0.000161073505296, 0.000145493846503, 0.000131224893266, 0.000208255718462, 0.000263920606812, 0.00044872277067, 0.000425588659709, 0.000160211959155, 8.21145004011e-05, 0.000135822279844, 4.56296547782e-05, 4.59414477518e-05, 2.38855645875e-05, 3.83683036489e-05, 2.28272328968e-05, 2.98525756079e-05, 2.46824420174e-05, 2.46710496867e-05, 2.14558767766e-05, 1.73608750629e-05, 1.28959582071e-05, 1.14123813546e-05, 7.13193458068e-06, 6.61032800053e-06, 3.94602284359e-06, 3.16179034598e-06, 2.07346374737e-06, 1.2944193486e-06, 6.80206426296e-07, 4.56404109173e-07, 3.31255847641e-07, 2.08757938935e-07, 1.36178115895e-07, 9.86774963962e-08, 6.17524804625e-08, 4.15841441281e-08, 4.40893295206e-08, 4.31411848467e-08, 2.58840753276e-08], "min": [1.29543148538e-24, 1.33980136143e-24, 2.11584505188e-24, 1.34804150662e-24, 1.26347492733e-24, 1.81978831516e-24, 1.58126833186e-24, 2.5767078479e-24, 2.40079758527e-24, 1.86310170924e-24, 1.80705511407e-24, 3.39021730375e-24, 3.07509537667e-24, 1.97867357894e-24, 1.74019027767e-24, 2.88708142397e-24, 3.76149311107e-24, 2.27381858967e-24, 4.30187900279e-24, 4.00154072351e-24, 5.36801228886e-24, 3.86249215606e-24, 4.9326482383e-24, 3.93745760788e-24, 3.8721344029e-24, 2.52956473134e-24, 5.12533185314e-24, 4.79003756943e-24, 4.94362878767e-24, 3.90634690593e-24, 5.13230341139e-24, 6.22598411469e-24, 4.94388635076e-24, 4.40537439811e-24, 5.15972066658e-24, 6.12540750472e-24, 5.25801391866e-24, 6.08764788863e-24, 6.68066500223e-24, 6.48567120823e-24], "var": [1.49058845267e-08, 3.58007270052e-07, 8.07219677768e-08, 9.30321704118e-08, 7.51021957512e-07, 3.5967588019e-07, 4.59691545984e-06, 1.61678440236e-06, 2.31480058233e-07, 2.60426507026e-08, 1.51342206323e-07, 7.2007765084e-08, 2.07305177469e-08, 5.18496623414e-09, 5.32992361357e-09, 2.27092766814e-09, 4.5830317319e-09, 1.51922507907e-09, 1.21232646144e-09, 1.26835997261e-09, 6.43464559413e-10, 3.98526295298e-10, 3.1002198031e-10, 1.15719600569e-10, 1.27337099198e-10, 3.07763051155e-11, 1.12205704797e-11, 7.53408099796e-12, 2.18421851786e-12, 6.45565415361e-13, 3.01002034712e-13, 1.86838527505e-13, 2.11005109327e-13, 8.41809803288e-14, 4.93661067699e-14, 2.82353316888e-14, 2.53947931477e-14, 1.82303716394e-14, 2.14236502751e-14, 2.87873647446e-13]}, "mfcc": {"mean": [-687.576049805, 142.935470581, -30.8433532715, 13.4643316269, -7.34536886215, -12.424829483, -11.4392948151, -7.40856122971, -2.44378995895, -0.127555266023, 0.464347302914, -0.514183700085, 1.71890258789], "cov": [[16719.0429688, 4056.87011719, -1538.32385254, 520.781066895, -285.657653809, -416.628967285, -286.048400879, -182.171020508, -44.0432281494, 95.1317901611, 89.9642181396, 75.2239761353, 150.412994385], [4056.87011719, 1434.99267578, -482.838684082, 164.589874268, -90.6984481812, -106.750938416, -100.360015869, -58.7623786926, -37.8038482666, 15.4506845474, 1.78530943394, 13.7698354721, 13.7944660187], [-1538.32385254, -482.838684082, 441.138183594, -51.2368545532, 62.9332008362, 50.3080291748, 41.9669456482, 14.7565307617, 34.5766220093, -25.4056472778, 13.5816612244, -37.4425621033, -6.47108793259], [520.781066895, 164.589874268, -51.2368545532, 101.358680725, 4.27301836014, -3.48349928856, -8.00797557831, 2.33001685143, 1.20228695869, 14.0364151001, 0.783941030502, 8.90608787537, 6.10673904419], [-285.657653809, -90.6984481812, 62.9332008362, 4.27301836014, 74.37840271, 30.6380882263, 19.6983509064, 10.5083818436, 7.95103645325, -7.60480546951, -1.48863708973, 1.39289569855, 7.15651226044], [-416.628967285, -106.750938416, 50.3080291748, -3.48349928856, 30.6380882263, 76.3598403931, 33.3071212769, 8.41320419312, 4.72063446045, -1.17681860924, 0.653118729591, 1.04819917679, -0.454289495945], [-286.048400879, -100.360015869, 41.9669456482, -8.00797557831, 19.6983509064, 33.3071212769, 59.4256629944, 25.6497612, 11.1497087479, -4.73025941849, 0.276418507099, -0.703531682491, 0.0901223421097], [-182.171020508, -58.7623786926, 14.7565307617, 2.33001685143, 10.5083818436, 8.41320419312, 25.6497612, 68.3161697388, 17.5310344696, 20.165353775, -3.77569103241, 20.3946723938, 5.59273290634], [-44.0432281494, -37.8038482666, 34.5766220093, 1.20228695869, 7.95103645325, 4.72063446045, 11.1497087479, 17.5310344696, 59.5988006592, 15.0439319611, 10.7136831284, -4.08990859985, 2.91815161705], [95.1317901611, 15.4506845474, -25.4056472778, 14.0364151001, -7.60480546951, -1.17681860924, -4.73025941849, 20.165353775, 15.0439319611, 75.3204116821, 18.9937057495, 35.3807563782, 3.52578139305], [89.9642181396, 1.78530943394, 13.5816612244, 0.783941030502, -1.48863708973, 0.653118729591, 0.276418507099, -3.77569103241, 10.7136831284, 18.9937057495, 63.667514801, 21.1217288971, 14.6253013611], [75.2239761353, 13.7698354721, -37.4425621033, 8.90608787537, 1.39289569855, 1.04819917679, -0.703531682491, 20.3946723938, -4.08990859985, 35.3807563782, 21.1217288971, 88.8497848511, 29.4226531982], [150.412994385, 13.7944660187, -6.47108793259, 6.10673904419, 7.15651226044, -0.454289495945, 0.0901223421097, 5.59273290634, 2.91815161705, 3.52578139305, 14.6253013611, 29.4226531982, 58.156627655]], "icov": [[0.000223924449529, -0.00053562555695, 0.000167329213582, -0.00017355500313, -3.03151300614e-05, 0.00047675537644, -0.000289697956759, 0.000230360368732, -0.000217934401007, -0.00011439534137, -0.000204283700441, 0.000149439350935, -0.000435864552855], [-0.00053562555695, 0.0027253862936, 0.000849760777783, -0.00131340278313, 0.000421296834247, -0.000522826157976, 0.00143517763354, -0.00013750117796, 0.000408367603086, 0.000663984275889, 4.70589802717e-05, 2.86041977233e-05, 0.00083935080329], [0.000167329213582, 0.000849760777783, 0.00436948332936, -0.000168106023921, -0.00183047261089, -7.0626665547e-06, 0.000105671468191, 2.31453213928e-06, -0.00141501857433, 0.000870183168445, -0.00175377295818, 0.00172484363429, -0.000319023383781], [-0.00017355500313, -0.00131340278313, -0.000168106023921, 0.0132622653618, -0.0025783169549, -0.00125548685901, 0.000673117989209, -0.00097602448659, -9.75075381575e-05, -0.00218928093091, 0.000782233139034, 2.25558669626e-05, -0.000321125931805], [-3.03151300614e-05, 0.000421296834247, -0.00183047261089, -0.0025783169549, 0.0187375489622, -0.00542341638356, -0.000869862851687, -0.000965278537478, -0.00107008428313, 0.00238722190261, 0.00121733883861, -0.00119412981439, -0.00200145388953], [0.00047675537644, -0.000522826157976, -7.0626665547e-06, -0.00125548685901, -0.00542341638356, 0.0213215779513, -0.0107781765983, 0.00373151479289, 0.000505558215082, -0.00205186218955, -1.72625368577e-05, -0.000404725898989, -0.00017807543918], [-0.000289697956759, 0.00143517763354, 0.000105671468191, 0.000673117989209, -0.000869862851687, -0.0107781765983, 0.0295258108526, -0.0107049252838, -0.00161166361067, 0.00479002669454, -0.00208096602, 0.000951007998083, 0.00118912965991], [0.000230360368732, -0.00013750117796, 2.31453213928e-06, -0.00097602448659, -0.000965278537478, 0.00373151479289, -0.0107049252838, 0.0233913157135, -0.00484146969393, -0.00516797229648, 0.00517529202625, -0.00464087771252, -0.000942704791669], [-0.000217934401007, 0.000408367603086, -0.00141501857433, -9.75075381575e-05, -0.00107008428313, 0.000505558215082, -0.00161166361067, -0.00484146969393, 0.0217522606254, -0.00493696238846, -0.00316122779623, 0.00487240962684, -0.00153893593233], [-0.00011439534137, 0.000663984275889, 0.000870183168445, -0.00218928093091, 0.00238722190261, -0.00205186218955, 0.00479002669454, -0.00516797229648, -0.00493696238846, 0.0211808700114, -0.00434346636757, -0.00729173049331, 0.00438981736079], [-0.000204283700441, 4.70589802717e-05, -0.00175377295818, 0.000782233139034, 0.00121733883861, -1.72625368577e-05, -0.00208096602, 0.00517529202625, -0.00316122779623, -0.00434346636757, 0.0206192340702, -0.00418199133128, -0.00305214314722], [0.000149439350935, 2.86041977233e-05, 0.00172484363429, 2.25558669626e-05, -0.00119412981439, -0.000404725898989, 0.000951007998083, -0.00464087771252, 0.00487240962684, -0.00729173049331, -0.00418199133128, 0.0198517087847, -0.00840924493968], [-0.000435864552855, 0.00083935080329, -0.000319023383781, -0.000321125931805, -0.00200145388953, -0.00017807543918, 0.00118912965991, -0.000942704791669, -0.00153893593233, 0.00438981736079, -0.00305214314722, -0.00840924493968, 0.0232881400734]]}, "spectral_contrast_coeffs": {"dmean": [0.0324499942362, 0.0378615483642, 0.0334769003093, 0.027950970456, 0.0184534508735, 0.0123942987993], "dmean2": [0.0523508228362, 0.0594725944102, 0.0524004362524, 0.0473104119301, 0.031167993322, 0.0206478554755], "dvar": [0.000718149589375, 0.000960214994848, 0.00076615071157, 0.000534847669769, 0.00022278916731, 0.000104468606878], "dvar2": [0.00175571069121, 0.00223537068814, 0.0019244562136, 0.00149742420763, 0.00061680393992, 0.000268019386567], "max": [-0.375529885292, -0.383947730064, -0.534070014954, -0.560635566711, -0.676787555218, -0.675694942474], "mean": [-0.6396291852, -0.687297582626, -0.715003252029, -0.732517957687, -0.773003399372, -0.755793809891], "median": [-0.634407520294, -0.67968672514, -0.703583657742, -0.718985080719, -0.762425363064, -0.744332075119], "min": [-0.981860220432, -0.981980502605, -0.973752737045, -0.969061732292, -0.965869545937, -0.96361464262], "var": [0.00921333488077, 0.00882778503001, 0.0068060522899, 0.00452755764127, 0.00270358216949, 0.00224403641187]}, "spectral_contrast_valleys": {"dmean": [0.299746990204, 0.303893744946, 0.262297689915, 0.22801348567, 0.172944173217, 0.156869485974], "dmean2": [0.49683085084, 0.492476522923, 0.423879235983, 0.372357368469, 0.26467320323, 0.214604407549], "dvar": [0.16554607451, 0.197971567512, 0.186