{"lowlevel": {"average_loudness": 0.934845209122, "barkbands_crest": {"dmean": 3.30145812035, "dmean2": 5.51256275177, "dvar": 8.44615268707, "dvar2": 22.8160171509, "max": 25.4704227448, "mean": 12.5050315857, "median": 11.984128952, "min": 2.36570334435, "var": 19.2080287933}, "barkbands_flatness_db": {"dmean": 0.0344554558396, "dmean2": 0.0519304946065, "dvar": 0.00102910713758, "dvar2": 0.002065774519, "max": 0.440744191408, "mean": 0.155678525567, "median": 0.149845719337, "min": 0.018327979371, "var": 0.00450193928555}, "barkbands_kurtosis": {"dmean": 11.3076047897, "dmean2": 17.9622249603, "dvar": 429.091674805, "dvar2": 1022.58843994, "max": 618.795532227, "mean": 21.5532073975, "median": 11.7329149246, "min": -1.86307644844, "var": 1580.07727051}, "barkbands_skewness": {"dmean": 0.998507678509, "dmean2": 1.56375539303, "dvar": 1.1564655304, "dvar2": 2.75182342529, "max": 21.5917167664, "mean": 3.46460127831, "median": 3.10143876076, "min": -2.27350926399, "var": 4.14200019836}, "barkbands_spread": {"dmean": 8.10607910156, "dmean2": 12.8976421356, "dvar": 132.457015991, "dvar2": 319.903503418, "max": 107.38432312, "mean": 16.8789424896, "median": 11.3384399414, "min": 0.317521482706, "var": 256.093414307}, "dissonance": {"dmean": 0.0125260483474, "dmean2": 0.0208908896893, "dvar": 0.000144414254464, "dvar2": 0.000401334284106, "max": 0.500000059605, "mean": 0.47422555089, "median": 0.477417141199, "min": 0.368843644857, "var": 0.000277883082163}, "dynamic_complexity": 3.88330459595, "erbbands_crest": {"dmean": 2.53407549858, "dmean2": 4.13154172897, "dvar": 5.73677492142, "dvar2": 14.3838329315, "max": 27.9096012115, "mean": 7.43980169296, "median": 6.61082172394, "min": 2.04431605339, "var": 12.3073835373}, "erbbands_flatness_db": {"dmean": 0.0188657157123, "dmean2": 0.0271612834185, "dvar": 0.000321585219353, "dvar2": 0.000641613907646, "max": 0.267004519701, "mean": 0.105725713074, "median": 0.0985279157758, "min": 0.040298871696, "var": 0.00112499401439}, "erbbands_kurtosis": {"dmean": 0.760207176208, "dmean2": 1.20081865788, "dvar": 1.26280117035, "dvar2": 2.97547292709, "max": 29.6890068054, "mean": -0.0681766718626, "median": -0.57025039196, "min": -1.72617077827, "var": 3.24747419357}, "erbbands_skewness": {"dmean": 0.383086621761, "dmean2": 0.590363740921, "dvar": 0.142483338714, "dvar2": 0.3319850564, "max": 4.99507427216, "mean": 0.609418988228, "median": 0.580757498741, "min": -3.04982304573, "var": 0.48960006237}, "erbbands_spread": {"dmean": 12.6068429947, "dmean2": 18.849521637, "dvar": 143.443328857, "dvar2": 316.4012146, "max": 143.545578003, "mean": 61.7005577087, "median": 61.0891609192, "min": 8.77812385559, "var": 447.862457275}, "hfc": {"dmean": 11.5748100281, "dmean2": 17.286233902, "dvar": 430.336578369, "dvar2": 1006.8795166, "max": 205.02142334, "mean": 16.3828544617, "median": 9.06165122986, "min": 1.13997598334e-16, "var": 497.098327637}, "melbands_crest": {"dmean": 3.72307538986, "dmean2": 6.13804340363, "dvar": 10.2644853592, "dvar2": 26.6532707214, "max": 36.2008972168, "mean": 17.2674694061, "median": 16.7324867249, "min": 1.75186562538, "var": 28.1101570129}, "melbands_flatness_db": {"dmean": 0.040935639292, "dmean2": 0.0612762048841, "dvar": 0.00147145392839, "dvar2": 0.00302652572282, "max": 0.585437893867, "mean": 0.254500687122, "median": 0.253034055233, "min": 0.00635440880433, "var": 0.00706656090915}, "melbands_kurtosis": {"dmean": 24.0971851349, "dmean2": 38.7031211853, "dvar": 1078.85595703, "dvar2": 2587.26611328, "max": 684.554626465, "mean": 51.3844566345, "median": 35.4075126648, "min": -1.43043112755, "var": 2811.8671875}, "melbands_skewness": {"dmean": 1.29413807392, "dmean2": 2.05987405777, "dvar": 1.72794234753, "dvar2": 4.18268823624, "max": 19.0335502625, "mean": 5.2137169838, "median": 4.81264209747, "min": -0.387234807014, "var": 4.71197462082}, "melbands_spread": {"dmean": 5.77319383621, "dmean2": 9.34722042084, "dvar": 106.827415466, "dvar2": 271.380615234, "max": 210.87348938, "mean": 11.2702054977, "median": 7.03586339951, "min": 0.29987731576, "var": 214.666000366}, "pitch_salience": {"dmean": 0.0992878675461, "dmean2": 0.161538779736, "dvar": 0.007568128407, "dvar2": 0.0195492561907, "max": 0.862220704556, "mean": 0.526876747608, "median": 0.539736926556, "min": 0.106474742293, "var": 0.0197008177638}, "silence_rate_20dB": {"dmean": 0, "dmean2": 0, "dvar": 0, "dvar2": 0, "max": 1, "mean": 1, "median": 1, "min": 1, "var": 0}, "silence_rate_30dB": {"dmean": 0.0783797129989, "dmean2": 0.15678524971, "dvar": 0.072233363986, "dvar2": 0.180622532964, "max": 1, "mean": 0.945834696293, "median": 1, "min": 0, "var": 0.0512295030057}, "silence_rate_60dB": {"dmean": 0.0345792844892, "dmean2": 0.069169960916, "dvar": 0.0333821028471, "dvar2": 0.0785531848669, "max": 1, "mean": 0.0810009911656, "median": 0, "min": 0, "var": 0.0744404569268}, "spectral_centroid": {"dmean": 289.318969727, "dmean2": 444.394470215, "dvar": 139559.125, "dvar2": 318751.53125, "max": 11498.8408203, "mean": 866.578857422, "median": 690.468078613, "min": 112.800811768, "var": 359383.59375}, "spectral_complexity": {"dmean": 4.87963104248, "dmean2": 6.75362300873, "dvar": 40.3102607727, "dvar2": 72.2409591675, "max": 58, "mean": 13.6094827652, "median": 12, "min": 0, "var": 95.8300933838}, "spectral_decrease": {"dmean": 5.63507107643e-09, "dmean2": 8.99607410787e-09, "dvar": 6.80575885344e-17, "dvar2": 1.64263948026e-16, "max": 6.73415026209e-19, "mean": -9.74100711204e-09, "median": -7.36564320647e-09, "min": -7.33495184591e-08, "var": 8.88690755519e-17}, "spectral_energy": {"dmean": 0.0220289025456, "dmean2": 0.0349105075002, "dvar": 0.00101582892239, "dvar2": 0.0024329489097, "max": 0.279752850533, "mean": 0.0382507629693, "median": 0.0289910584688, "min": 1.04303250483e-20, "var": 0.00134604552295}, "spectral_energyband_high": {"dmean": 0.000957855954766, "dmean2": 0.00146925228182, "dvar": 4.14682244809e-06, "dvar2": 1.02834774225e-05, "max": 0.0215175468475, "mean": 0.00102892587893, "median": 0.000326002336806, "min": 7.41500695405e-21, "var": 4.03120611736e-06}, "spectral_energyband_low": {"dmean": 0.0140624642372, "dmean2": 0.0232943892479, "dvar": 0.000703680911101, "dvar2": 0.00181688950397, "max": 0.259328216314, "mean": 0.0231938324869, "median": 0.0139576401561, "min": 6.45896905545e-23, "var": 0.00082682579523}, "spectral_energyband_middle_high": {"dmean": 0.00106678344309, "dmean2": 0.00159148860257, "dvar": 3.56011901204e-06, "dvar2": 8.29274267744e-06, "max": 0.0188969559968, "mean": 0.00173484475818, "median": 0.00105890945997, "min": 1.71180625293e-21, "var": 4.63984724774e-06}, "spectral_energyband_middle_low": {"dmean": 0.0100943371654, "dmean2": 0.0163380857557, "dvar": 0.000310751056531, "dvar2": 0.000766645360272, "max": 0.139602094889, "mean": 0.0139970583841, "median": 0.00870901532471, "min": 2.39662733521e-22, "var": 0.000318942416925}, "spectral_entropy": {"dmean": 0.249641910195, "dmean2": 0.358607918024, "dvar": 0.0560838244855, "dvar2": 0.114567041397, "max": 9.81383419037, "mean": 7.60133934021, "median": 7.6474738121, "min": 5.73084115982, "var": 0.234372541308}, "spectral_flux": {"dmean": 0.0467973165214, "dmean2": 0.0684421509504, "dvar": 0.00308000808582, "dvar2": 0.00567018939182, "max": 0.410035669804, "mean": 0.0992345139384, "median": 0.0717904046178, "min": 1.02128965007e-10, "var": 0.00569380819798}, "spectral_kurtosis": {"dmean": 1.31025636196, "dmean2": 1.9928766489, "dvar": 2.83524036407, "dvar2": 6.8221654892, "max": 41.9550094604, "mean": 3.79623675346, "median": 3.02556753159, "min": -1.21265470982, "var": 6.9534239769}, "spectral_rms": {"dmean": 0.00158908031881, "dmean2": 0.00236126733944, "dvar": 3.54772600986e-06, "dvar2": 7.58649957788e-06, "max": 0.0165205821395, "mean": 0.00539637403563, "median": 0.0053182663396, "min": 3.18997280847e-12, "var": 8.19703473098e-06}, "spectral_rolloff": {"dmean": 604.159118652, "dmean2": 1057.15942383, "dvar": 1923219.5, "dvar2": 5010019.5, "max": 18927.6855469, "mean": 822.780639648, "median": 301.46484375, "min": 64.599609375, "var": 2790756}, "spectral_skewness": {"dmean": 0.218186274171, "dmean2": 0.324259191751, "dvar": 0.0494840182364, "dvar2": 0.108827918768, "max": 5.18187379837, "mean": 1.57691180706, "median": 1.51139783859, "min": 0.00181207573041, "var": 0.199758440256}, "spectral_spread": {"dmean": 906022.5625, "dmean2": 1287516.125, "dvar": 1090599911420.0, "dvar2": 2125447168000.0, "max": 40894248, "mean": 5885207, "median": 5862065.5, "min": 1857279.5, "var": 2587092320260.0}, "spectral_strongpeak": {"dmean": 0.244532197714, "dmean2": 0.40245833993, "dvar": 0.0905168429017, "dvar2": 0.223502457142, "max": 2.75093579292, "mean": 0.500317811966, "median": 0.408772528172, "min": 0, "var": 0.155355006456}, "zerocrossingrate": {"dmean": 0.0145412618294, "dmean2": 0.0185020957142, "dvar": 0.000271111930488, "dvar2": 0.000383979844628, "max": 0.5166015625, "mean": 0.0492051467299, "median": 0.03759765625, "min": 0.0029296875, "var": 0.00181143870577}, "barkbands": {"dmean": [0.000296091195196, 0.0106226243079, 0.00474674906582, 0.00287938816473, 0.00617459602654, 0.00178449170198, 0.000252900150372, 0.000138717645314, 0.000315255194437, 0.000231454803725, 0.000160538955242, 0.000150236679474, 0.000113544338092, 0.000137614857522, 0.000153261105879, 0.000115195558465, 9.89459367702e-05, 7.56041408749e-05, 9.56298536039e-05, 0.000100084609585, 0.000140018295497, 0.000284173060209, 0.000176531917532, 8.59015199239e-05, 0.000132068860694, 9.62537378655e-05, 4.15250942751e-05], "dmean2": [0.000519432942383, 0.0184085872024, 0.00793568883091, 0.00477321073413, 0.0103195793927, 0.0028925857041, 0.000405617145589, 0.000228156859521, 0.000546487164684, 0.000395706680138, 0.000261119363131, 0.000236242660321, 0.000180680668564, 0.000217727239942, 0.000239083325141, 0.000184691802133, 0.000155955509399, 0.000122140452731, 0.000150167819811, 0.000165871126228, 0.000216892018216, 0.000459323317045, 0.000282783177681, 0.000130873580929, 0.000200343347387, 0.000156556299771, 6.82794707245e-05], "dvar": [3.18338948091e-07, 0.000565009657294, 6.40087382635e-05, 2.71247590717e-05, 0.000140459291288, 8.82778203959e-06, 2.02323462872e-07, 4.73896477615e-08, 5.87890156112e-07, 2.58182126345e-07, 7.65604184494e-08, 8.2396617529e-08, 5.21987111313e-08, 6.23594331728e-08, 1.12287878551e-07, 4.4188180226e-08, 4.2606973949e-08, 2.52034357828e-08, 3.33465521862e-08, 5.08577713276e-08, 9.91742652445e-08, 6.43612224849e-07, 1.92192203485e-07, 3.37207062273e-08, 8.26888211236e-08, 5.32484989435e-08, 1.14915623683e-08], "dvar2": [9.16724047784e-07, 0.00152447854634, 0.000171932057128, 6.76015697536e-05, 0.000359533645678, 2.1918094717e-05, 5.00802173065e-07, 1.21553995314e-07, 1.63227753092e-06, 7.18896501439e-07, 1.96306473299e-07, 1.97225176635e-07, 1.27172228304e-07, 1.52045160462e-07, 2.73753300917e-07, 1.03537345808e-07, 1.04450691651e-07, 6.44447268883e-08, 7.95696522005e-08, 1.31401748149e-07, 2.56184790715e-07, 1.66274935509e-06, 4.94908817927e-07, 8.34111162362e-08, 2.04077110766e-07, 1.3503679952e-07, 2.99607805232e-08], "max": [0.00467121228576, 0.209513306618, 0.109143808484, 0.0634431317449, 0.0928548276424, 0.0297465920448, 0.0074535291642, 0.0027832579799, 0.00958558917046, 0.00665257032961, 0.00325608300045, 0.00538932951167, 0.00336262886412, 0.00367125705816, 0.00442792987451, 0.00334120681509, 0.00253017037176, 0.00155299727339, 0.00224120425992, 0.00249775475822, 0.00491972267628, 0.0140663096681, 0.0043095308356, 0.00251478026621, 0.00329093751498, 0.00294408621266, 0.00179054914042], "mean": [0.000336510740453, 0.0125335389748, 0.00868634227663, 0.00352084031329, 0.00667204800993, 0.00273147737607, 0.000421316042775, 0.000204158684937, 0.000328652386088, 0.000274003192317, 0.000229812038015, 0.000211756094359, 0.000134262198117, 0.000195798711502, 0.000198223424377, 0.00014185681357, 0.000131702807266, 9.1483721917e-05, 0.000122708253912, 0.000120132339362, 0.000168784768903, 0.000272003177088, 0.000169210936292, 0.00010104602552, 0.000134722242365, 8.45091635711e-05, 3.38745048793e-05], "median": [9.72325797193e-05, 0.00481319800019, 0.00360554503277, 0.00149226712529, 0.00306306080893, 0.00134571758099, 0.000189931175555, 0.000123601115774, 0.000141096068546, 0.000141061333125, 0.000118024850963, 8.35727987578e-05, 5.82924767514e-05, 0.000104680715594, 8.26262985356e-05, 6.02646905463e-05, 5.38102394785e-05, 3.90610584873e-05, 5.29823555553e-05, 4.67997051601e-05, 6.44562242087e-05, 5.56508093723e-05, 3.57845347025e-05, 3.39464240824e-05, 3.21339975926e-05, 1.55959896802e-05, 4.88966634293e-06], "min": [2.00074436879e-23, 2.63433819966e-23, 1.9981610071e-23, 1.84288209983e-23, 2.64338012335e-23, 8.76616316673e-24, 4.54031165919e-23, 3.55487860708e-23, 8.91752096198e-23, 8.13380469204e-23, 6.56906248339e-23, 2.02753698814e-22, 1.03755378632e-22, 1.74485997924e-22, 6.03937015343e-23, 9.29927599756e-23, 2.00306147415e-22, 2.68030095942e-22, 2.69412129761e-22, 4.24276253964e-22, 4.91846923662e-22, 5.47880281739e-22, 5.83200702044e-22, 8.00304916684e-22, 1.13170283337e-21, 1.42453244425e-21, 2.446201273e-21], "var": [3.40355626349e-07, 0.000473192922072, 0.000147872313391, 2.9101891414e-05, 0.000121687029605, 1.29962181745e-05, 3.20148927813e-07, 6.29879934877e-08, 4.15611367544e-07, 1.963575329e-07, 9.30261521148e-08, 1.30571507384e-07, 5.60644046743e-08, 7.70896377844e-08, 1.24305088889e-07, 5.35735651397e-08, 5.10300068868e-08, 2.49556233456e-08, 3.93470891424e-08, 4.64219240826e-08, 9.31273120841e-08, 5.22811205883e-07, 1.67167073073e-07, 3.50321052167e-08, 8.36864941789e-08, 4.42342908968e-08, 8.71838512495e-09]}, "erbbands": {"dmean": [0.319953233004, 2.38551187515, 5.23127841949, 7.01340532303, 21.8173446655, 14.6429586411, 21.9027271271, 10.9103784561, 5.63246822357, 2.57196187973, 3.41098546982, 7.00799369812, 8.58936023712, 6.12926959991, 6.171189785, 5.7378578186, 4.78011512756, 7.51810693741, 6.62614440918, 7.88043785095, 6.2908616066, 5.31824445724, 4.08164262772, 4.96523857117, 4.24693393707, 4.90330982208, 4.80288314819, 6.51810312271, 9.37062072754, 7.14997243881, 6.23319101334, 2.25755000114, 1.28636431694, 0.93591606617, 1.17855286598, 0.627527058125, 0.137079432607, 0.0381843931973, 0.0063674277626, 0.00047712601372], "dmean2": [0.555257260799, 4.14090204239, 8.84381771088, 11.5016441345, 35.9570426941, 25.0026073456, 36.42993927, 18.1807250977, 9.07415390015, 4.20252943039, 5.58962059021, 12.1413373947, 14.7148838043, 10.2161617279, 9.8837184906, 9.0138168335, 7.46580505371, 11.8520154953, 10.2581386566, 12.4792051315, 10.013094902, 8.37793159485, 6.526927948, 7.97366380692, 6.58378124237, 8.11016273499, 7.39364719391, 10.2833881378, 14.9968204498, 11.5757293701, 10.1811151505, 3.48995828629, 1.9645614624, 1.44682109356, 1.82103526592, 1.00756800175, 0.222472384572, 0.0627467930317, 0.010495794937, 0.000779610127211], "dvar": [0.487624883652, 28.7275924683, 79.8687438965, 118.022918701, 2346.90356445, 737.257141113, 1636.89624023, 380.481323242, 103.985115051, 16.0994701385, 31.3590526581, 279.06729126, 400.629455566, 186.587478638, 119.155792236, 122.529403687, 90.5237808228, 193.437713623, 214.609024048, 261.191040039, 140.433944702, 127.308044434, 66.8670501709, 94.629989624, 75.1238937378, 134.63420105, 87.3749923706, 266.659973145, 612.788208008, 442.237518311, 294.11630249, 24.2811317444, 7.34135389328, 4.0237622261, 7.53174543381, 2.33798623085, 0.112551935017, 0.00923935137689, 0.000300797284581, 1.35215418595e-06], "dvar2": [1.32278990746, 77.6078338623, 217.284240723, 303.392883301, 5927.48828125, 1955.19335938, 4285.25244141, 943.612426758, 250.621627808, 42.1444625854, 79.7367553711, 771.218811035, 1125.72827148, 515.210876465, 304.213104248, 298.625579834, 210.990936279, 466.438995361, 498.551849365, 654.759460449, 341.081970215, 309.6199646, 169.449157715, 235.320922852, 182.027542114, 348.272888184, 216.360778809, 698.338989258, 1557.39685059, 1179.38171387, 766.873596191, 60.4271659851, 18.0645427704, 10.1533517838, 18.7144546509, 5.92933320999, 0.286149084568, 0.023519391194, 0.000793523329776, 3.51996413883e-06], "max": [5.34243583679, 50.416267395, 97.1971359253, 169.374267578, 465.449310303, 255.905593872, 470.6378479, 244.930465698, 179.639373779, 42.0990219116, 75.5703430176, 208.825454712, 272.124816895, 159.904205322, 162.842102051, 176.208816528, 131.451568604, 215.080627441, 272.990020752, 182.889892578, 173.047851562, 134.090484619, 75.8346328735, 130.084594727, 137.565887451, 155.406982422, 112.482032776, 272.867431641, 461.179046631, 401.288330078, 157.881652832, 64.2450714111, 38.6654281616, 33.6223335266, 36.2593612671, 19.7531509399, 4.28958797455, 1.46630394459, 0.286805808544, 0.0167265813798], "mean": [0.337542712688, 2.92915153503, 9.08427333832, 11.7243967056, 21.5995311737, 15.9589719772, 29.415348053, 15.6733350754, 9.66168117523, 4.00803613663, 4.80548906326, 7.27003145218, 9.96700286865, 8.51333141327, 9.0974407196, 8.02351760864, 6.04013442993, 10.5278921127, 8.99329471588, 10.385684967, 7.93870830536, 7.11455059052, 5.18765354156, 5.89721059799, 5.85648536682, 5.79391717911, 6.33097219467, 7.0962138176, 9.27853107452, 6.94537496567, 5.60437107086, 2.59572124481, 1.46912515163, 1.0034224987, 1.15125703812, 0.56535077095, 0.121432043612, 0.0318823568523, 0.00518161384389, 0.000416718947235], "median": [0.112826481462, 1.15760397911, 4.09787654877, 6.29645824432, 7.32216739655, 7.41480588913, 12.0233268738, 7.9400396347, 4.29446363449, 2.24740695953, 2.8883433342, 3.18912124634, 5.08986854553, 4.75610399246, 5.22703266144, 3.68247842789, 2.80992078781, 5.34580230713, 4.09115695953, 4.57320785522, 3.40554070473, 2.90431547165, 2.40386199951, 2.25078630447, 2.76799869537, 2.20793819427, 2.78032660484, 2.08429026604, 2.01512050629, 1.58897185326, 1.0216332674, 0.759467363358, 0.500616431236, 0.331668823957, 0.223676294088, 0.102940700948, 0.0218896791339, 0.00481752119958, 0.000778688699938, 9.02319370653e-05], "min": [6.58408353098e-22, 6.6948367748e-21, 2.42478803879e-20, 4.27829929716e-20, 7.21736410203e-20, 8.71102481363e-20, 5.81665716553e-20, 1.13893257772e-19, 4.63585309294e-19, 1.05161032577e-18, 6.18314044065e-19, 2.40546851826e-18, 2.28269361546e-18, 2.3150624336e-18, 3.9460560132e-18, 8.12935983378e-18, 4.78862342591e-18, 8.74457955027e-18, 4.5981299347e-18, 3.54135541696e-18, 6.59995747509e-18, 1.27698414158e-17, 1.44920786005e-17, 1.60911758889e-17, 1.21543090251e-17, 1.768326034e-17, 2.13893587021e-17, 1.95629654163e-17, 2.02652020517e-17, 1.80740899445e-17, 1.67274184006e-17, 1.55078398491e-17, 1.38394066274e-17, 1.12635934969e-17, 8.72252195206e-18, 5.51308144128e-18, 2.62919874688e-18, 1.22025818381e-18, 3.24914812701e-19, 3.69285607939e-20], "var": [0.40866959095, 24.2701225281, 136.412887573, 209.152633667, 2022.01147461, 627.995117188, 1977.17565918, 487.783782959, 189.005599976, 23.1737575531, 37.1784286499, 200.115905762, 287.632476807, 153.560958862, 145.465194702, 158.345413208, 104.449836731, 237.135787964, 251.527328491, 297.435272217, 163.669158936, 154.194381714, 69.7149963379, 101.010452271, 85.8710784912, 119.053565979, 100.527435303, 226.647506714, 525.127990723, 334.283752441, 237.605758667, 24.9093933105, 7.53684949875, 3.79024553299, 7.30624246597, 2.01239085197, 0.0932693257928, 0.00733391102403, 0.000221534268348, 1.05207254819e-06]}, "gfcc": {"mean": [-17.3138961792, 83.2759628296, -73.2183456421, 40.6982574463, -44.5312004089, 16.621887207, -32.5924758911, -1.86581408978, -25.5284614563, 0.662342846394, -19.2248325348, 3.52496576309, -5.6530828476], "cov": [[16020.9638672, -1324.59655762, -436.886383057, -152.53276062, -653.759338379, -207.949966431, -610.561401367, -224.956420898, -320.879272461, -42.746837616, -364.158416748, -16.483335495, -184.079940796], [-1324.59655762, 1482.80944824, -112.494804382, 65.1128311157, 199.323806763, -13.1320018768, 166.167785645, -7.23317813873, 130.669296265, -12.3107624054, 117.321624756, -22.2031497955, 100.321617126], [-436.886383057, -112.494804382, 433.414733887, -8.1999130249, 130.302398682, 82.2048492432, 92.6147155762, 51.2469291687, 9.71714496613, 22.144361496, 7.39862012863, 16.6023578644, -9.43513870239], [-152.53276062, 65.1128311157, -8.1999130249, 228.907028198, 36.7468795776, 32.9094848633, 25.7269859314, 23.0596008301, 29.2326469421, 0.711185932159, 30.7764148712, -2.88468790054, 14.7847242355], [-653.759338379, 199.323806763, 130.302398682, 36.7468795776, 176.075546265, 64.2826004028, 97.4660797119, 35.8131217957, 48.0579719543, 6.95256519318, 24.1924724579, -2.06672596931, 10.7515296936], [-207.949966431, -13.1320018768, 82.2048492432, 32.9094848633, 64.2826004028, 120.262336731, 64.2359542847, 59.124835968, 12.9412374496, 10.635474205, 1.2227845192, -18.6370277405, -16.2078380585], [-610.561401367, 166.167785645, 92.6147155762, 25.7269859314, 97.4660797119, 64.2359542847, 131.087173462, 44.7152862549, 50.830783844, 12.2787094116, 24.5146789551, -2.20472073555, 9.57244205475], [-224.956420898, -7.23317813873, 51.2469291687, 23.0596008301, 35.8131217957, 59.124835968, 44.7152862549, 84.0786972046, 26.0816249847, 21.5788116455, 10.9293489456, -6.41214561462, -5.85427427292], [-320.879272461, 130.669296265, 9.71714496613, 29.2326469421, 48.0579719543, 12.9412374496, 50.830783844, 26.0816249847, 78.1087417603, 24.7818965912, 34.4707450867, 12.8101196289, 18.3645687103], [-42.746837616, -12.3107624054, 22.144361496, 0.711185932159, 6.95256519318, 10.635474205, 12.2787094116, 21.5788116455, 24.7818965912, 58.6583557129, 30.8332252502, 22.5930557251, 10.5649909973], [-364.158416748, 117.321624756, 7.39862012863, 30.7764148712, 24.1924724579, 1.2227845192, 24.5146789551, 10.9293489456, 34.4707450867, 30.8332252502, 73.4335250854, 30.4540748596, 30.9616584778], [-16.483335495, -22.2031497955, 16.6023578644, -2.88468790054, -2.06672596931, -18.6370277405, -2.20472073555, -6.41214561462, 12.8101196289, 22.5930557251, 30.4540748596, 70.0427932739, 35.6807022095], [-184.079940796, 100.321617126, -9.43513870239, 14.7847242355, 10.7515296936, -16.2078380585, 9.57244205475, -5.85427427292, 18.3645687103, 10.5649909973, 30.9616584778, 35.6807022095, 64.6401519775]], "icov": [[8.8383538241e-05, -2.28211265494e-05, -7.1037370617e-06, -5.84281660849e-05, 0.000182939198567, -0.000122307959828, 0.000269219221082, 0.000116776122013, -1.40158626891e-05, -0.000220917339902, 0.000454789667856, -0.00018781379913, 0.000134976609843], [-2.28211265494e-05, 0.0013993375469, 0.000730216677766, 0.000282622262603, -0.00144506257493, 0.000859040068462, -0.00131252780557, 0.000470728205983, -0.000550527242012, 0.000919590354897, -0.0019591350574, 0.00195377296768, -0.0016360267764], [-7.1037370617e-06, 0.000730216677766, 0.00400124490261, 0.000485609023599, -0.00319111673161, -3.29074537149e-05, -0.00199094717391, -0.000536836916581, 0.00196946598589, -0.000647023727652, -0.000384613580536, -0.00112020783126, 0.000436964939581], [-5.84281660849e-05, 0.000282622262603, 0.000485609023599, 0.00527454121038, -0.000864788657054, -0.0013811319368, 0.000508904457092, -0.000513710721862, -0.00139693613164, 0.00211181910709, -0.00301176053472, 0.00129158585332, -0.00128354365006], [0.000182939198567, -0.00144506257493, -0.00319111673161, -0.000864788657054, 0.0139628248289, -0.00386095466092, -0.00289451493882, 0.00145360280294, -0.00365193281323, 0.00114306935575, 0.00154729688074, -0.00080345349852, 0.000318563048495], [-0.000122307959828, 0.000859040068462, -3.29074537149e-05, -0.0013811319368, -0.00386095466092, 0.0185624044389, -0.00629913154989, -0.00856898725033, 0.00469214562327, -0.00147064274643, -0.000587851856835, 0.00311911874451, 0.00154998910148], [0.000269219221082, -0.00131252780557, -0.00199094717391, 0.000508904457092, -0.00289451493882, -0.00629913154989, 0.0200729966164, -0.00166853296105, -0.00707717379555, 0.00120986299589, 0.0012044608593, -0.000642448081635, -0.00023435363255], [0.000116776122013, 0.000470728205983, -0.000536836916581, -0.000513710721862, 0.00145360280294, -0.00856898725033, -0.00166853296105, 0.0219049118459, -0.00474556954578, -0.00501575320959, 0.00037207105197, 0.0021881214343, 0.000263706431724], [-1.40158626891e-05, -0.000550527242012, 0.00196946598589, -0.00139693613164, -0.00365193281323, 0.00469214562327, -0.00707717379555, -0.00474556954578, 0.0253079701215, -0.00654748687521, -0.00316810724325, -0.0013369891094, -4.08204286941e-05], [-0.000220917339902, 0.000919590354897, -0.000647023727652, 0.00211181910709, 0.00114306935575, -0.00147064274643, 0.00120986299589, -0.00501575320959, -0.00654748687521, 0.0290936976671, -0.0112319597974, -0.004060969688, 0.000900464539882], [0.000454789667856, -0.0019591350574, -0.000384613580536, -0.00301176053472, 0.00154729688074, -0.000587851856835, 0.0012044608593, 0.00037207105197, -0.00316810724325, -0.0112319597974, 0.0300639998168, -0.00801881030202, -0.0028190324083], [-0.00018781379913, 0.00195377296768, -0.00112020783126, 0.00129158585332, -0.00080345349852, 0.00311911874451, -0.000642448081635, 0.0021881214343, -0.0013369891094, -0.004060969688, -0.00801881030202, 0.0280253943056, -0.0134022589773], [0.000134976609843, -0.0016360267764, 0.000436964939581, -0.00128354365006, 0.000318563048495, 0.00154998910148, -0.00023435363255, 0.000263706431724, -4.08204286941e-05, 0.000900464539882, -0.0028190324083, -0.0134022589773, 0.0277579668909]]}, "melbands": {"dmean": [0.00294588599354, 0.00271153985523, 0.00166001706384, 0.00135653698817, 0.00071854860289, 0.00025793837267, 7.85257288953e-05, 2.74007543339e-05, 2.90845728159e-05, 4.68925172754e-05, 4.29353676736e-05, 2.5054147045e-05, 2.23760162044e-05, 1.82980347745e-05, 1.08036292659e-05, 1.25175683934e-05, 1.4431051568e-05, 1.04490409285e-05, 1.10397568278e-05, 9.33904721023e-06, 7.31509862817e-06, 6.23453752269e-06, 4.04148840971e-06, 3.66625431525e-06, 4.24161453338e-06, 3.50740924659e-06, 2.87593843495e-06, 3.34089736498e-06, 3.17426997754e-06, 3.02282069242e-06, 4.17622231907e-06, 4.41588917965e-06, 7.36111906008e-06, 2.59030389316e-06, 3.93613026972e-06, 2.07368861993e-06, 1.22994811136e-06, 8.96429980912e-07, 8.15365638118e-07, 7.85527333846e-07], "dmean2": [0.00511456560344, 0.00455088820308, 0.00270111626014, 0.00228170328774, 0.00119968689978, 0.000423270248575, 0.000127327235532, 4.48465361842e-05, 4.7752433602e-05, 8.17331092549e-05, 7.35745343263e-05, 4.20603864768e-05, 3.60868289135e-05, 2.88474166155e-05, 1.70804414665e-05, 1.9997734853e-05, 2.29591259995e-05, 1.63933655131e-05, 1.74699707713e-05, 1.48017625179e-05, 1.18609823403e-05, 9.83801874099e-06, 6.64678054818e-06, 5.89149794905e-06, 6.97936275174e-06, 5.48572370462e-06, 4.63736114398e-06, 5.62656441616e-06, 4.98843655805e-06, 4.82242103317e-06, 6.61830335957e-06, 7.05685033608e-06, 1.20921013149e-05, 4.1910402615e-06, 6.5395574893e-06, 3.27483576257e-06, 1.9312119548e-06, 1.38671646255e-06, 1.25057556488e-06, 1.23740028357e-06], "dvar": [4.33112109022e-05, 2.45486517088e-05, 7.80115715315e-06, 8.4525827333e-06, 1.73825321781e-06, 1.95243814005e-07, 1.98820764297e-08, 1.76128467366e-09, 2.32229213637e-09, 1.33015927162e-08, 9.9162260625e-09, 3.27078941709e-09, 1.43110956419e-09, 1.25144616892e-09, 4.43881709167e-10, 6.68390121028e-10, 7.15979442401e-10, 4.86553741741e-10, 6.53877896273e-10, 2.86764972879e-10, 2.05608030601e-10, 1.90573737346e-10, 7.00262139941e-11, 5.76560153787e-11, 7.35058194867e-11, 5.48703547876e-11, 3.80779990872e-11, 6.63577803817e-11, 4.06197020464e-11, 4.734524231e-11, 1.1360598573e-10, 1.19948898036e-10, 5.54719270518e-10, 5.62004540128e-11, 1.28292834689e-10, 2.43065238076e-11, 9.01089012434e-12, 3.90731327501e-12, 2.81709161207e-12, 3.15925866197e-12], "dvar2": [0.00011751097918, 6.49837020319e-05, 1.93234664039e-05, 2.19324520003e-05, 4.55856388726e-06, 4.79311211166e-07, 4.84166342574e-08, 4.60630333876e-09, 5.92609294969e-09, 3.6995057684e-08, 2.78640772677e-08, 9.06618513596e-09, 3.67870245377e-09, 2.93902213677e-09, 1.07976660946e-09, 1.64761448929e-09, 1.74975289813e-09, 1.13404108326e-09, 1.67680147545e-09, 6.70616839837e-10, 5.13811715397e-10, 4.61462784651e-10, 1.7757853521e-10, 1.43783498996e-10, 1.85987850121e-10, 1.29222507694e-10, 9.73102778912e-11, 1.74066067116e-10, 1.00443708906e-10, 1.240641756e-10, 2.97597585464e-10, 3.03112784872e-10, 1.448536735e-09, 1.53800860936e-10, 3.3662436727e-10, 6.18776696548e-11, 2.33245922576e-11, 9.73301040458e-12, 6.94459160316e-12, 8.15058957826e-12], "max": [0.0543206185102, 0.0488652400672, 0.0325613170862, 0.0243307761848, 0.0164451040328, 0.00515109486878, 0.00244663958438, 0.000427917868365, 0.000643558334559, 0.00143779418431, 0.00133391714189, 0.000660231744405, 0.000453980581369, 0.00071279500844, 0.000281677232124, 0.000343146122759, 0.000438924034825, 0.000414513633586, 0.000317872851156, 0.000282428023638, 0.000215464868234, 0.000170412487932, 0.000104101825855, 8.93302130862e-05, 0.000125087739434, 0.000107122337795, 0.000101658457424, 0.00010546186968, 8.99075021152e-05, 0.000112245819764, 0.000179555630893, 0.000214340194361, 0.000398866686737, 0.000174049215275, 0.00010441878112, 5.27869815414e-05, 5.67063652852e-05, 2.59710486716e-05, 2.40288736677e-05, 3.07830705424e-05], "mean": [0.00326800788753, 0.00458646053448, 0.00242457166314, 0.00136197439861, 0.000945956853684, 0.000389779452235, 0.000133057168568, 4.11085820815e-05, 3.92132496927e-05, 4.79849077237e-05, 4.94850501127e-05, 3.33714633598e-05, 3.20583894791e-05, 2.6367697501e-05, 1.36634325827e-05, 1.46389138536e-05, 2.01197944989e-05, 1.38470513775e-05, 1.40234205901e-05, 1.22891069623e-05, 8.73704539117e-06, 8.08573804534e-06, 5.07287040818e-06, 4.50028665e-06, 4.75659908261e-06, 4.55950021205e-06, 3.82666485166e-06, 3.68850942323e-06, 4.07274865211e-06, 3.58313127435e-06, 4.33824970969e-06, 4.53698203273e-06, 6.54011319057e-06, 2.69164115707e-06, 3.40327346748e-06, 2.11919473259e-06, 1.43694239796e-06, 1.0169746929e-06, 8.9625370947e-07, 8.15099838292e-07], "median": [0.00124477839563, 0.00238598347642, 0.00126344920136, 0.000520750530995, 0.000413227651734, 0.000196147550014, 5.85421512369e-05, 2.27320015256e-05, 2.28564349527e-05, 2.00039667106e-05, 2.47123243753e-05, 1.82804997166e-05, 1.82693056558e-05, 1.01004188764e-05, 6.31836155662e-06, 6.49961839372e-06, 1.01343521237e-05, 6.32524552202e-06, 5.86981059314e-06, 5.48599791728e-06, 3.44904992744e-06, 3.01900536215e-06, 2.37823587668e-06, 1.70264831922e-06, 1.70327450633e-06, 1.94982521862e-06, 1.68808242051e-06, 1.27177804643e-06, 1.68430290159e-06, 1.35250502353e-06, 1.06197785499e-06, 1.08985454972e-06, 1.07931782622e-06, 7.24024005194e-07, 5.61772935725e-07, 5.36110974281e-07, 4.2490830765e-07, 3.3733778082e-07, 3.06068756117e-07, 2.46186857566e-07], "min": [7.89335010625e-24, 1.12676450415e-23, 8.22574059297e-24, 6.13386567135e-24, 2.56967140584e-24, 2.10941682157e-24, 7.62094854707e-24, 1.11885278147e-23, 4.82090964095e-24, 1.53295316521e-23, 1.15641944218e-23, 9.65342027038e-24, 9.45776698867e-24, 2.61332515395e-23, 1.19710920322e-23, 1.2121169664e-23, 1.7288271702e-23, 8.62052918843e-24, 4.18750482116e-24, 4.19251763778e-24, 8.36619569942e-24, 1.42471277154e-23, 1.16880163961e-23, 1.3207241015e-23, 1.37762140426e-23, 8.28076600769e-24, 1.11959991164e-23, 1.1623215417e-23, 1.46318788447e-23, 1.04905720848e-23, 1.21817265714e-23, 1.29104108001e-23, 9.23510310956e-24, 1.03305776826e-23, 9.18823372773e-24, 9.62905314588e-24, 9.39962793995e-24, 1.0269125418e-23, 9.78003717883e-24, 8.61517282288e-24], "var": [3.53939503839e-05, 3.30419643433e-05, 9.67725281953e-06, 6.9146194619e-06, 1.96708947442e-06, 2.73462347877e-07, 3.53443461165e-08, 2.49803933094e-09, 2.5870348086e-09, 9.27158883002e-09, 7.13277570341e-09, 2.58856647228e-09, 1.69822278462e-09, 2.15433337836e-09, 5.01425345689e-10, 6.75725086996e-10, 8.8535662135e-10, 5.73247116442e-10, 6.4110505793e-10, 3.74390601854e-10, 2.25490501271e-10, 2.3689433748e-10, 7.14183781558e-11, 6.34112276576e-11, 7.36981031757e-11, 6.43197994865e-11, 3.88804995144e-11, 5.57753149222e-11, 4.71949042347e-11, 4.27739441089e-11, 9.54093193339e-11, 1.06571050595e-10, 4.27762547606e-10, 4.13147155376e-11, 1.00133297487e-10, 2.23755215745e-11, 8.43298868236e-12, 3.8665750289e-12, 2.82851931981e-12, 2.78438491881e-12]}, "mfcc": {"mean": [-670.139587402, 118.077430725, 28.3847312927, 33.3327217102, 12.221247673, 20.4592723846, 3.07194852829, 3.87312602997, 1.29935204983, -1.80589997768, -5.87187814713, -6.83339452744, -2.32989811897], "cov": [[9813.06347656, -235.229248047, -44.2806777954, -149.362075806, -191.593444824, -64.5695877075, -307.267700195, -180.739852905, -211.636199951, -180.282333374, -173.44342041, -202.294555664, -153.586639404], [-235.229248047, 1216.49853516, -70.0950241089, 94.7811660767, 30.5248889923, 51.2744407654, 33.9023246765, 15.0340843201, 54.723690033, 10.049448967, 4.34430503845, -3.24614453316, 45.4249954224], [-44.2806777954, -70.0950241089, 226.509719849, 21.0129623413, 46.727809906, 29.4586791992, 61.5109138489, 29.3403873444, 21.3582668304, 23.2131328583, 4.84761333466, 22.7337646484, 6.13063144684], [-149.362075806, 94.7811660767, 21.0129623413, 163.232589722, 44.0729522705, 35.1419944763, 11.6426200867, 19.2008628845, 14.0446033478, -0.973394632339, 13.9517755508, 4.79738044739, 16.8025169373], [-191.593444824, 30.5248889923, 46.727809906, 44.0729522705, 95.0821762085, 35.6804504395, 42.6098518372, 31.5377693176, 23.1552333832, 25.3820495605, 12.6501998901, 20.2467765808, 8.14450073242], [-64.5695877075, 51.2744407654, 29.4586791992, 35.1419944763, 35.6804504395, 73.5400619507, 40.0754051208, 31.7040920258, 26.5210075378, 15.7115192413, 18.4509944916, 8.52660942078, 10.0499219894], [-307.267700195, 33.9023246765, 61.5109138489, 11.6426200867, 42.6098518372, 40.0754051208, 102.697669983, 45.3401184082, 36.8085136414, 43.0420303345, 17.7314758301, 24.3630390167, 9.12267780304], [-180.739852905, 15.0340843201, 29.3403873444, 19.2008628845, 31.5377693176, 31.7040920258, 45.3401184082, 72.9881210327, 37.6035995483, 29.3659954071, 21.7873859406, 13.4279689789, 5.64455318451], [-211.636199951, 54.723690033, 21.3582668304, 14.0446033478, 23.1552333832, 26.5210075378, 36.8085136414, 37.6035995483, 68.8164825439, 33.0308113098, 22.172750473, 12.737780571, 10.0266656876], [-180.282333374, 10.049448967, 23.2131328583, -0.973394632339, 25.3820495605, 15.7115192413, 43.0420303345, 29.3659954071, 33.0308113098, 77.7253189087, 23.4643249512, 23.8484420776, 5.78265857697], [-173.44342041, 4.34430503845, 4.84761333466, 13.9517755508, 12.6501998901, 18.4509944916, 17.7314758301, 21.7873859406, 22.172750473, 23.4643249512, 54.7751197815, 23.9389514923, 17.6018180847], [-202.294555664, -3.24614453316, 22.7337646484, 4.79738044739, 20.2467765808, 8.52660942078, 24.3630390167, 13.4279689789, 12.737780571, 23.8484420776, 23.9389514923, 56.3648490906, 26.0372505188], [-153.586639404, 45.4249954224, 6.13063144684, 16.8025169373, 8.14450073242, 10.0499219894, 9.12267780304, 5.64455318451, 10.0266656876, 5.78265857697, 17.6018180847, 26.0372505188, 50.1054916382]], "icov": [[0.000126611921587, -4.69381348012e-06, -0.000108626634756, 8.42078952701e-05, 0.00010143477266, -0.000278308842098, 0.000364146544598, 1.61777297762e-05, 0.00019949527632, -5.04865056428e-05, 0.000146378035424, 0.000168131315149, 0.000175732784555], [-4.69381348012e-06, 0.000980481039733, 0.00051480793627, -0.000456028064946, -5.88525399507e-05, -0.000345901586115, -0.000429516047006, 0.00039126779302, -0.000806062191259, 2.02558271667e-06, 0.000534353777766, 0.000430097745266, -0.000950420333538], [-0.000108626634756, 0.00051480793627, 0.00589825678617, -0.000511692429427, -0.00140752620064, -0.000199052432436, -0.00320592219941, 7.36428846722e-05, -0.000606381625403, 0.000433671433711, 0.00132264778949, -0.00129567389376, -0.000225705764024], [8.42078952701e-05, -0.000456028064946, -0.000511692429427, 0.00810209196061, -0.00326683535241, -0.00235307589173, 0.0017558428226, -0.000752162071876, 0.000379027042072, 0.00124737084843, -0.00119140790775, 0.0014532165369, -0.00177122245077], [0.00010143477266, -5.88525399507e-05, -0.00140752620064, -0.00326683535241, 0.0168073289096, -0.00396133121103, -0.00183413573541, -0.00206308672205, 0.000161359421327, -0.0018996122526, 0.00201847357675, -0.00383805111051, 0.00173322483897], [-0.000278308842098, -0.000345901586115, -0.000199052432436, -0.00235307589173, -0.00396133121103, 0.0227888021618, -0.00605691922829, -0.0030245538801, -0.00250908290036, 0.00225589051843, -0.00446302397177, 0.00298534636386, -0.00195126817562], [0.000364146544598, -0.000429516047006, -0.00320592219941, 0.0017558428226, -0.00183413573541, -0.00605691922829, 0.0209729969501, -0.00536704529077, -0.00107582239434, -0.00539341941476, 0.00246497546323, -0.0027811715845, 0.0010251600761], [1.61777297762e-05, 0.00039126779302, 7.36428846722e-05, -0.000752162071876, -0.00206308672205, -0.0030245538801, -0.00536704529077, 0.0244763344526, -0.00743049290031, -0.00112910580356, -0.00365875824355, 0.000773923995439, 0.00160029425751], [0.00019949527632, -0.000806062191259, -0.000606381625403, 0.000379027042072, 0.000161359421327, -0.00250908290036, -0.00107582239434, -0.00743049290031, 0.0250457748771, -0.00557826599106, -0.00351083022542, 0.00234872521833, -0.00155598903075], [-5.04865056428e-05, 2.02558271667e-06, 0.000433671433711, 0.00124737084843, -0.0018996122526, 0.00225589051843, -0.00539341941476, -0.00112910580356, -0.00557826599106, 0.0211208201945, -0.00432141311467, -0.00474776420742, 0.00300151249394], [0.000146378035424, 0.000534353777766, 0.00132264778949, -0.00119140790775, 0.00201847357675, -0.00446302397177, 0.00246497546323, -0.00365875824355, -0.00351083022542, -0.00432141311467, 0.0285163167864, -0.00773048168048, -0.0040668239817], [0.000168131315149, 0.000430097745266, -0.00129567389376, 0.0014532165369, -0.00383805111051, 0.00298534636386, -0.0027811715845, 0.000773923995439, 0.00234872521833, -0.00474776420742, -0.00773048168048, 0.0316769219935, -0.0134263467044], [0.000175732784555, -0.000950420333538, -0.000225705764024, -0.00177122245077, 0.00173322483897, -0.00195126817562, 0.0010251600761, 0.00160029425751, -0.00155598903075, 0.00300151249394, -0.0040668239817, -0.0134263467044, 0.0300931036472]]}, "spectral_contrast_coeffs": {"dmean": [0.0626035407186, 0.0513819567859, 0.0322787314653, 0.0239819251001, 0.0187701005489, 0.0196592882276], "dmean2": [0.100942254066, 0.0845249146223, 0.0539412610233, 0.0392067991197, 0.0293558090925, 0.0315189957619], "dvar": [0.00309586711228, 0.00166499486659, 0.000670767272823, 0.000367364758858, 0.000249698437983, 0.000342764687957], "dvar2": [0.0073940991424, 0.00433245068416, 0.00185437197797, 0.0009439738933, 0.000569554395042, 0.000770668557379], "max": [-0.308857232332, -0.485103338957, -0.614999294281, -0.684776544571, -0.684522628784, -0.651431441307], "mean": [-0.637375950813, -0.734446763992, -0.819850206375, -0.828848600388, -0.825136601925, -0.772872149944], "median": [-0.643757224083, -0.737882316113, -0.821985960007, -0.831565737724, -0.829299688339, -0.773197650909], "min": [-0.972950816154, -0.962982714176, -0.962431967258, -0.963242471218, -0.957144141197, -0.963080585003], "var": [0.00791933573782, 0.00582471629605, 0.00195034861099, 0.00130416802131, 0.00123938021716, 0.00117184815463]}, "spectral_contrast_valleys": {"dmean": [0.454057574272, 0.443665862083, 0.416078299284, 0.386476665735, 0.383939325809, 0.516280114651], "dmean2": [0.720571815968, 0.676673471928, 0.613854825497, 0.529196083546, 0.508189976215, 0.619236826897], "dvar": [0.169110745192, 0.176849707961, 0.178777247667, 0.156145483255, 0.170444816351, 0.262580901384], "dvar2": [0.365379005671, 0.349301338196, 0.341290742159, 0.267812788486, 0.300858438015, 0.473812788725], "max": [-4.79474067688, -5.05109977722, -5.1522693634, -5.8155503273, -5.71225643158, -7.6828789711], "mean": [-6.83445644379, -7.12955141068, -7