{"lowlevel": {"average_loudness": 0.979524672031, "barkbands_crest": {"dmean": 2.18933010101, "dmean2": 3.48326778412, "dvar": 6.39430809021, "dvar2": 17.0519523621, "max": 22.2743911743, "mean": 8.68078136444, "median": 8.06436157227, "min": 2.44695210457, "var": 11.0054502487}, "barkbands_flatness_db": {"dmean": 0.0280627924949, "dmean2": 0.0402237549424, "dvar": 0.00123781524599, "dvar2": 0.00263226428069, "max": 0.49262586236, "mean": 0.159246653318, "median": 0.140445977449, "min": 0.0260850265622, "var": 0.00696631008759}, "barkbands_kurtosis": {"dmean": 2.59682703018, "dmean2": 4.23596715927, "dvar": 26.1906776428, "dvar2": 64.9311904907, "max": 85.5776062012, "mean": 3.65276145935, "median": 1.88309335709, "min": -1.74870872498, "var": 43.6725120544}, "barkbands_skewness": {"dmean": 0.491905897856, "dmean2": 0.782187283039, "dvar": 0.354754149914, "dvar2": 0.903134405613, "max": 7.07464408875, "mean": 1.42191922665, "median": 1.34418785572, "min": -2.07401061058, "var": 0.878122210503}, "barkbands_spread": {"dmean": 4.41088533401, "dmean2": 7.19313049316, "dvar": 28.842376709, "dvar2": 72.226348877, "max": 74.2967758179, "mean": 16.8799591064, "median": 16.4916648865, "min": 1.16521310806, "var": 73.4481811523}, "dissonance": {"dmean": 0.0222410727292, "dmean2": 0.03587802127, "dvar": 0.000486287928652, "dvar2": 0.00108455843292, "max": 0.499780714512, "mean": 0.432281345129, "median": 0.439900904894, "min": 0.255945175886, "var": 0.00156235101167}, "dynamic_complexity": 2.13374757767, "erbbands_crest": {"dmean": 2.79562067986, "dmean2": 4.34998750687, "dvar": 8.04934883118, "dvar2": 19.2173519135, "max": 29.4327640533, "mean": 10.1918678284, "median": 9.17517185211, "min": 2.71132707596, "var": 21.179058075}, "erbbands_flatness_db": {"dmean": 0.0248777698725, "dmean2": 0.0353429466486, "dvar": 0.000759125337936, "dvar2": 0.00164524489082, "max": 0.454441487789, "mean": 0.190697684884, "median": 0.179297894239, "min": 0.074429653585, "var": 0.00425764033571}, "erbbands_kurtosis": {"dmean": 1.17155325413, "dmean2": 1.90278565884, "dvar": 6.01636838913, "dvar2": 15.1567716599, "max": 38.6399307251, "mean": 0.784359395504, "median": -0.10645699501, "min": -1.72645175457, "var": 10.4578199387}, "erbbands_skewness": {"dmean": 0.418709278107, "dmean2": 0.653133034706, "dvar": 0.235712364316, "dvar2": 0.56207048893, "max": 5.06418228149, "mean": 0.583015620708, "median": 0.487252295017, "min": -2.34945821762, "var": 0.784590303898}, "erbbands_spread": {"dmean": 5.8030424118, "dmean2": 8.86399555206, "dvar": 39.4724311829, "dvar2": 96.6340179443, "max": 93.4209899902, "mean": 29.476978302, "median": 29.8779602051, "min": 3.43660569191, "var": 113.665428162}, "hfc": {"dmean": 10.8146457672, "dmean2": 17.2155990601, "dvar": 424.992950439, "dvar2": 1137.73840332, "max": 135.832046509, "mean": 17.6757850647, "median": 11.0415935516, "min": 1.22357509121e-16, "var": 411.51965332}, "melbands_crest": {"dmean": 2.70619177818, "dmean2": 4.37050437927, "dvar": 8.96301746368, "dvar2": 24.5762290955, "max": 28.2718048096, "mean": 11.2831439972, "median": 10.3575839996, "min": 1.74574279785, "var": 18.7611370087}, "melbands_flatness_db": {"dmean": 0.0308221559972, "dmean2": 0.0454436838627, "dvar": 0.00166658998933, "dvar2": 0.00385415181518, "max": 0.539567351341, "mean": 0.216588631272, "median": 0.203692942858, "min": 0.00329487072304, "var": 0.00652157980949}, "melbands_kurtosis": {"dmean": 3.87305688858, "dmean2": 6.16616487503, "dvar": 36.1513404846, "dvar2": 89.1385955811, "max": 90.1582183838, "mean": 7.68270015717, "median": 5.84348201752, "min": -1.44526517391, "var": 67.369720459}, "melbands_skewness": {"dmean": 0.501143097878, "dmean2": 0.793587088585, "dvar": 0.332265913486, "dvar2": 0.878381073475, "max": 7.39941835403, "mean": 2.01234960556, "median": 1.97508740425, "min": -0.387537658215, "var": 0.742449700832}, "melbands_spread": {"dmean": 6.44241905212, "dmean2": 10.6080579758, "dvar": 82.3554382324, "dvar2": 217.008468628, "max": 139.528625488, "mean": 20.0960865021, "median": 17.6691379547, "min": 1.46761476994, "var": 184.982330322}, "pitch_salience": {"dmean": 0.0610712096095, "dmean2": 0.0944839343429, "dvar": 0.00382246728987, "dvar2": 0.00977809075266, "max": 0.895977497101, "mean": 0.605721473694, "median": 0.60823905468, "min": 0.288508862257, "var": 0.00908285006881}, "silence_rate_20dB": {"dmean": 0, "dmean2": 0, "dvar": 0, "dvar2": 0, "max": 1, "mean": 1, "median": 1, "min": 1, "var": 0}, "silence_rate_30dB": {"dmean": 0, "dmean2": 0, "dvar": 0, "dvar2": 0, "max": 1, "mean": 1, "median": 1, "min": 1, "var": 0}, "silence_rate_60dB": {"dmean": 0.00847009010613, "dmean2": 0.0169446654618, "dvar": 0.00839823111892, "dvar2": 0.0235408451408, "max": 1, "mean": 0.0113786719739, "median": 0, "min": 0, "var": 0.0112494137138}, "spectral_centroid": {"dmean": 251.778945923, "dmean2": 416.617218018, "dvar": 135859.375, "dvar2": 335308.78125, "max": 10992.53125, "mean": 1071.68359375, "median": 997.588562012, "min": 353.17578125, "var": 242762.296875}, "spectral_complexity": {"dmean": 4.33456850052, "dmean2": 6.44267940521, "dvar": 41.4349517822, "dvar2": 87.1017990112, "max": 51, "mean": 17.3919029236, "median": 15, "min": 0, "var": 83.2495269775}, "spectral_decrease": {"dmean": 1.82661463732e-09, "dmean2": 2.60168708799e-09, "dvar": 6.11012924048e-18, "dvar2": 1.36124266129e-17, "max": 3.05159904367e-19, "mean": -4.80587658558e-09, "median": -3.72556829831e-09, "min": -1.69409446471e-08, "var": 1.03928634794e-17}, "spectral_energy": {"dmean": 0.00768348295242, "dmean2": 0.0109983496368, "dvar": 0.000112396424811, "dvar2": 0.000252511526924, "max": 0.0725629031658, "mean": 0.0197417661548, "median": 0.0151314325631, "min": 1.03893222546e-20, "var": 0.000186292687431}, "spectral_energyband_high": {"dmean": 0.000488441728521, "dmean2": 0.000829145312309, "dvar": 1.00857971574e-06, "dvar2": 2.76087735074e-06, "max": 0.00691584730521, "mean": 0.00046399506391, "median": 9.86254453892e-05, "min": 7.69253170412e-21, "var": 8.44420469548e-07}, "spectral_energyband_low": {"dmean": 0.000766990764532, "dmean2": 0.00126793561503, "dvar": 1.8299367639e-06, "dvar2": 4.71961266157e-06, "max": 0.0163886938244, "mean": 0.00170700822491, "median": 0.00161316455342, "min": 7.44678509859e-23, "var": 2.83204553853e-06}, "spectral_energyband_middle_high": {"dmean": 0.00311901350506, "dmean2": 0.00530877662823, "dvar": 4.0774266381e-05, "dvar2": 0.000111146524432, "max": 0.0398011207581, "mean": 0.00490191858262, "median": 0.00313175818883, "min": 1.25887710676e-21, "var": 3.68312648789e-05}, "spectral_energyband_middle_low": {"dmean": 0.00580330612138, "dmean2": 0.00839140359312, "dvar": 6.78171345498e-05, "dvar2": 0.000165806370205, "max": 0.0549505725503, "mean": 0.0129931466654, "median": 0.00940884556621, "min": 2.78456666164e-22, "var": 9.30419919314e-05}, "spectral_entropy": {"dmean": 0.269510298967, "dmean2": 0.378015458584, "dvar": 0.111306428909, "dvar2": 0.243193104863, "max": 9.79817581177, "mean": 7.04863357544, "median": 7.05177736282, "min": 4.86487054825, "var": 0.409677922726}, "spectral_flux": {"dmean": 0.0282614976168, "dmean2": 0.0397978574038, "dvar": 0.00132656982169, "dvar2": 0.00226398208179, "max": 0.23295520246, "mean": 0.06428617239, "median": 0.0430516973138, "min": 1.01928021579e-10, "var": 0.00275879981928}, "spectral_kurtosis": {"dmean": 3.9353427887, "dmean2": 6.47188568115, "dvar": 51.5954589844, "dvar2": 125.160560608, "max": 113.003791809, "mean": 9.95368766785, "median": 7.08947563171, "min": -1.1800416708, "var": 104.859046936}, "spectral_rms": {"dmean": 0.000777573033702, "dmean2": 0.00107532180846, "dvar": 9.92484388007e-07, "dvar2": 2.14984765989e-06, "max": 0.00841386243701, "mean": 0.00414423784241, "median": 0.00384218338877, "min": 3.18369657894e-12, "var": 2.08555456993e-06}, "spectral_rolloff": {"dmean": 391.50769043, "dmean2": 688.017456055, "dvar": 475398.125, "dvar2": 1150954, "max": 19035.3515625, "mean": 1316.81359863, "median": 1055.12695312, "min": 322.998046875, "var": 1791148.5}, "spectral_skewness": {"dmean": 0.353064596653, "dmean2": 0.58909112215, "dvar": 0.222707077861, "dvar2": 0.548699080944, "max": 8.61372756958, "mean": 2.21578550339, "median": 2.00498318672, "min": -0.00603134324774, "var": 0.577304899693}, "spectral_spread": {"dmean": 708563.375, "dmean2": 994030.1875, "dvar": 814776909824, "dvar2": 1529975799810.0, "max": 40324592, "mean": 3720751.5, "median": 3463615, "min": 712450, "var": 2118912311300.0}, "spectral_strongpeak": {"dmean": 0.632170915604, "dmean2": 1.060567379, "dvar": 1.20555233955, "dvar2": 3.05678534508, "max": 18.6061859131, "mean": 1.24852776527, "median": 0.90290504694, "min": 0, "var": 1.57260119915}, "zerocrossingrate": {"dmean": 0.00855022110045, "dmean2": 0.0104739367962, "dvar": 9.46239379118e-05, "dvar2": 0.000126054510474, "max": 0.51806640625, "mean": 0.0534764230251, "median": 0.05029296875, "min": 0.0126953125, "var": 0.00119637092575}, "barkbands": {"dmean": [4.56239467894e-06, 0.0002872197947, 0.000492286344524, 0.000267416675342, 0.00171331490856, 0.00103562010918, 0.00338490097784, 0.000911817711312, 0.000274234364042, 0.000386640575016, 0.000356875709258, 0.000495128275361, 0.000408898398746, 0.000392102578189, 0.000391346780816, 0.000377510819817, 0.000464612530777, 0.000292892247671, 0.000397183495807, 9.58460077527e-05, 8.13231963548e-05, 7.41746916901e-05, 8.12499274616e-05, 8.36329709273e-05, 6.8690344051e-05, 5.96809841227e-05, 1.94518015633e-05], "dmean2": [8.23037953523e-06, 0.00048117825645, 0.000828056363389, 0.000425351754529, 0.0026308298111, 0.00172268843744, 0.00546312099323, 0.00121103448328, 0.000438735471107, 0.000629615853541, 0.000561702239793, 0.000873557641171, 0.000655900046695, 0.000649660883937, 0.000628036388662, 0.000663381651975, 0.000810485857073, 0.000518130371347, 0.000732966756914, 0.000168668222614, 0.00014616450062, 0.000130767526571, 0.000142462420627, 0.000134031477501, 0.000115883696708, 0.000103390120785, 3.4496151784e-05], "dvar": [1.63621602378e-10, 2.39870388441e-07, 9.25849349187e-07, 4.0096875864e-07, 6.98253006703e-06, 3.28914893544e-06, 4.05861901527e-05, 2.39340306507e-06, 2.82530692175e-07, 6.74811587942e-07, 2.99936857573e-07, 1.80285644547e-06, 5.62487969091e-07, 5.64230049349e-07, 7.16619751984e-07, 6.44750116408e-07, 8.03738487321e-07, 5.30946238086e-07, 1.86137867786e-06, 4.33186109206e-08, 4.72782311078e-08, 3.10996881581e-08, 4.12476310885e-08, 4.1173436216e-08, 1.84494233224e-08, 2.10922870281e-08, 2.63790012056e-09], "dvar2": [4.70307959244e-10, 6.51273751373e-07, 2.44618900069e-06, 9.94154675027e-07, 1.71844039869e-05, 9.50065623329e-06, 0.000103524391307, 5.19394325238e-06, 7.54088375743e-07, 1.82436406249e-06, 7.23510311218e-07, 4.92909475724e-06, 1.38468953992e-06, 1.47554624164e-06, 1.6928892137e-06, 1.73965759132e-06, 2.20609217649e-06, 1.48036519931e-06, 5.44096610611e-06, 1.20034968631e-07, 1.35050370886e-07, 8.83805597596e-08, 1.13938384061e-07, 1.01676036479e-07, 4.86498343832e-08, 5.81134749211e-08, 7.42768424544e-09], "max": [0.000219097477384, 0.00657418323681, 0.0118564870209, 0.00709951249883, 0.0192475244403, 0.0149091845378, 0.0428843721747, 0.0219113379717, 0.00680274888873, 0.0110284481198, 0.0104492912069, 0.0123358899727, 0.00948368664831, 0.00691255321726, 0.0148174306378, 0.0111730247736, 0.0108140697703, 0.00624656211585, 0.0118856588379, 0.00169787509367, 0.00184928812087, 0.0012018091511, 0.00189571152441, 0.00381738808937, 0.00128204829525, 0.00121775642037, 0.000420269352617], "mean": [3.74282512894e-06, 0.000893907097634, 0.000694628281053, 0.000406725390349, 0.00323500810191, 0.00284443749115, 0.00371963530779, 0.00195688870735, 0.000440247094957, 0.000611955125351, 0.000619526486844, 0.000486860371893, 0.000598490179982, 0.000473010819405, 0.000593465869315, 0.000452912034234, 0.000549794116523, 0.000316572200973, 0.000330536306137, 9.57065494731e-05, 6.95074122632e-05, 6.58880671836e-05, 6.90857486916e-05, 8.3687955339e-05, 6.35478209006e-05, 5.12259102834e-05, 1.47294167618e-05], "median": [9.04996568352e-07, 0.000893795513548, 0.00036363635445, 0.000182169300388, 0.00233739218675, 0.00188991776668, 0.00104227825068, 0.00130031886511, 0.000223908456974, 0.000333589414367, 0.000272793724434, 7.2287308285e-05, 0.000168807368027, 0.00015549294767, 9.24761843635e-05, 0.000103721329651, 0.000242791415076, 0.000131293185405, 9.97347306111e-05, 3.11000912916e-05, 1.75603454409e-05, 1.467221864e-05, 1.11881117846e-05, 1.08088179331e-05, 7.29522480469e-06, 3.68387395611e-06, 7.01909527834e-07], "min": [9.27130156992e-24, 3.31726865371e-23, 2.36009007487e-23, 2.82327953724e-23, 2.2069941035e-23, 5.32428919987e-23, 2.86018087267e-23, 4.12953159101e-23, 7.00681275929e-23, 5.94974545718e-23, 5.83358915987e-23, 4.74856652055e-23, 1.26495916123e-22, 1.28953274641e-22, 1.14251684158e-22, 1.16706568808e-22, 1.3308523971e-22, 1.91285264217e-22, 1.72828329794e-22, 2.76326161118e-22, 3.36603085995e-22, 6.02937067882e-22, 3.87467044871e-22, 9.49460161801e-22, 1.15208810988e-21, 1.54196694866e-21, 2.89516041671e-21], "var": [1.0394576172e-10, 5.91410639572e-07, 1.04482091956e-06, 4.6813832455e-07, 8.21269895823e-06, 5.39272195965e-06, 4.09164458688e-05, 4.67336985821e-06, 3.77367143756e-07, 7.75585533574e-07, 7.15221347036e-07, 1.61246725838e-06, 1.16090711799e-06, 6.46921819225e-07, 1.98753650693e-06, 9.63953766586e-07, 8.09026062143e-07, 3.93289212752e-07, 1.0700691746e-06, 3.50397009186e-08, 3.0250252081e-08, 2.18266862362e-08, 3.09488861205e-08, 4.57578330781e-08, 1.7588471124e-08, 1.6545877557e-08, 1.80824066831e-09]}, "erbbands": {"dmean": [0.0025523994118, 0.0890991538763, 0.553500890732, 0.557091295719, 1.85978794098, 5.2962346077, 13.836648941, 8.52983856201, 39.2684860229, 41.9291877747, 10.0340023041, 6.33079195023, 13.8911857605, 8.55987739563, 18.5834655762, 18.9284248352, 20.3519611359, 21.5084495544, 15.7992401123, 24.5682315826, 17.9672489166, 25.0028419495, 18.9657936096, 25.0456695557, 10.0294246674, 4.66577243805, 3.07688689232, 3.44619989395, 2.75084853172, 2.20364284515, 2.3976650238, 2.23631358147, 0.98729455471, 0.58740478754, 0.617488622665, 0.325268864632, 0.0961916744709, 0.023343898356, 0.00318968761712, 0.000209022618947], "dmean2": [0.00443632295355, 0.147988855839, 0.926208496094, 0.883787572384, 2.99263739586, 7.94383335114, 22.2336158752, 13.7959785461, 60.5154151917, 67.8562698364, 13.9173145294, 9.65859603882, 22.7266025543, 14.429274559, 30.5712966919, 32.582824707, 32.7214164734, 35.7543258667, 26.3354911804, 40.0579147339, 31.5434169769, 43.8763771057, 33.3931884766, 46.2006912231, 18.102930069, 8.14789390564, 5.44251775742, 6.25381422043, 4.90137195587, 3.83971142769, 4.19752645493, 3.73614668846, 1.53049337864, 0.94537115097, 1.06256937981, 0.56227439642, 0.166105151176, 0.0410295054317, 0.00563189247623, 0.000369986373698], "dvar": [1.60278777912e-05, 0.0232239309698, 1.0687059164, 1.35063946247, 15.3651809692, 65.7546920776, 620.514648438, 200.853256226, 5364.06396484, 5199.24804688, 232.424987793, 115.046569824, 1085.27722168, 304.676544189, 1140.63427734, 2200.5402832, 1456.10058594, 1765.05761719, 1209.46838379, 2748.22583008, 1486.70605469, 2705.82983398, 1842.57556152, 7241.91650391, 762.421264648, 101.164733887, 57.4653129578, 79.854385376, 47.2443504333, 26.914056778, 36.3620643616, 35.2919769287, 4.89954137802, 1.24601483345, 1.88804292679, 0.621361732483, 0.0465909801424, 0.0035179683473, 6.86071143718e-05, 3.97696993559e-07], "dvar2": [4.54225591966e-05, 0.0626758113503, 2.82100105286, 3.37239146233, 40.7113342285, 159.667953491, 1867.33300781, 554.223205566, 13240.9355469, 14015.21875, 538.688537598, 277.767211914, 2993.97460938, 847.904724121, 3072.78881836, 5827.51269531, 3659.48486328, 4675.0546875, 3033.24633789, 6594.20898438, 4128.52294922, 7497.64208984, 5113.74658203, 21129.25, 2180.38452148, 278.721221924, 162.407180786, 228.97454834, 134.7368927, 75.3243713379, 100.225822449, 91.3535461426, 11.0467023849, 3.11825823784, 5.06883621216, 1.69457232952, 0.126171916723, 0.00998154375702, 0.000192540726857, 1.12136160624e-06], "max": [0.0480312481523, 1.90527439117, 12.6637916565, 12.1723146439, 40.5312042236, 60.3454933167, 215.19821167, 118.442909241, 556.876953125, 535.948547363, 197.823516846, 184.213607788, 447.804443359, 168.700714111, 442.0440979, 470.965362549, 451.699157715, 373.049102783, 580.930053711, 1000.56530762, 314.881561279, 445.350738525, 365.63861084, 728.077209473, 227.315719604, 83.4161071777, 60.6730880737, 69.8164596558, 49.9268493652, 46.0002708435, 68.4871292114, 123.639923096, 58.276096344, 14.5630912781, 16.8082084656, 6.50435066223, 3.23228049278, 0.499082058668, 0.0692421719432, 0.00534079130739], "mean": [0.00837124045938, 0.258404225111, 0.911550343037, 0.889087438583, 2.59862685204, 10.5700187683, 27.6414737701, 22.6227016449, 50.102230072, 60.071105957, 21.2181110382, 12.3937082291, 20.9936923981, 13.2678165436, 28.2805652618, 23.145822525, 30.0297279358, 26.7266349792, 20.7921581268, 38.3614349365, 21.6606960297, 28.0019645691, 22.524269104, 21.7250232697, 8.96225547791, 4.84993314743, 2.96051478386, 2.86293029785, 2.33033967018, 1.94684064388, 2.02798867226, 2.11309814453, 1.04416787624, 0.592139005661, 0.537707090378, 0.273352235556, 0.0823861435056, 0.018814176321, 0.002454664791, 0.000168160273461], "median": [0.00844417139888, 0.253980964422, 0.650229632854, 0.507269322872, 1.35161280632, 7.54546785355, 15.4410734177, 18.7440471649, 17.284029007, 32.7099380493, 14.4014940262, 7.14036130905, 9.27418804169, 7.79011440277, 12.9502086639, 5.04953956604, 9.15913105011, 10.1005458832, 6.08402490616, 6.34173774719, 7.6853146553, 12.3343896866, 11.615187645, 6.53123140335, 2.88786888123, 1.6784850359, 0.975624918938, 0.662635266781, 0.479810029268, 0.368136644363, 0.306588560343, 0.309245347977, 0.133274808526, 0.0835357606411, 0.051591809839, 0.0209860075265, 0.00529517419636, 0.00107630155981, 0.000128293599118, 2.61846889771e-05], "min": [4.73156398058e-22, 9.36780832026e-21, 2.61585965171e-20, 6.72341901535e-20, 7.61800709301e-20, 5.24356672699e-20, 3.90530242708e-19, 3.04194351947e-19, 4.7895199863e-19, 5.56343688825e-19, 1.17549871708e-18, 1.57233199851e-18, 2.07027466813e-18, 1.27673890321e-18, 2.74643712305e-18, 2.54994801996e-18, 6.0545646236e-18, 5.04157360287e-18, 8.70668806077e-18, 4.79638113929e-18, 7.26513145596e-18, 7.03592136258e-18, 1.20236302047e-17, 7.66736953551e-18, 1.045268849e-17, 1.43604228798e-17, 1.17815326374e-17, 1.65814243312e-17, 2.21084251543e-17, 1.27268867538e-17, 1.24417352628e-17, 1.69021619594e-17, 1.68225507885e-17, 1.25851824431e-17, 7.36421942153e-18, 5.71871192411e-18, 2.64701663086e-18, 1.44674064911e-18, 4.26128503206e-19, 4.06254022037e-20], "var": [4.82041905343e-05, 0.0532739236951, 1.3788664341, 1.52463495731, 15.4398269653, 86.5988464355, 811.10534668, 210.68371582, 6601.36865234, 4772.85839844, 412.753662109, 226.885955811, 1168.60241699, 281.817962646, 1624.90234375, 2673.76708984, 2779.80224609, 1960.93798828, 2093.13134766, 8011.79150391, 1452.67480469, 2280.99194336, 1486.74475098, 4228.63769531, 481.440979004, 84.553024292, 39.9315299988, 51.1828308105, 31.7442417145, 19.6000995636, 27.5445346832, 33.5393981934, 6.6284122467, 1.3842600584, 1.68917179108, 0.490701168776, 0.0407067500055, 0.00247801071964, 4.78888541693e-05, 2.59270450442e-07]}, "gfcc": {"mean": [-25.4201107025, 99.3295898438, -127.669395447, 1.43356478214, -63.3840141296, -15.047621727, -52.6850395203, 3.21352601051, -21.6702079773, -1.09750378132, -5.86398458481, 6.27338314056, -10.2976980209], "cov": [[11568.125, -2016.54528809, 1086.84643555, 704.810180664, 477.084228516, 1229.64978027, -180.9503479, 578.457092285, -188.953765869, 544.83416748, -316.79006958, 142.462417603, -596.003173828], [-2016.54528809, 1871.74353027, -318.178833008, 118.533546448, 35.4184341431, -296.724273682, 192.373886108, -114.532814026, 128.454666138, -213.524734497, 168.162719727, -82.5886764526, 177.531295776], [1086.84643555, -318.178833008, 815.110534668, 330.736633301, 321.592041016, 396.819335938, 102.973731995, 263.096923828, 20.2254371643, 161.290206909, -31.7385787964, 16.8090190887, -177.150360107], [704.810180664, 118.533546448, 330.736633301, 519.535827637, 323.924835205, 356.111175537, 148.626296997, 187.10319519, 60.4097747803, 71.0858001709, -2.85914182663, -22.6341495514, -95.4551620483], [477.084228516, 35.4184341431, 321.592041016, 323.924835205, 405.449707031, 315.942077637, 153.934158325, 149.870834351, 40.888092041, 89.2997131348, -18.0484218597, -23.1579990387, -75.3371810913], [1229.64978027, -296.724273682, 396.819335938, 356.111175537, 315.942077637, 507.286865234, 127.819778442, 204.310775757, 8.29424762726, 123.106201172, -38.2876052856, 13.0329685211, -149.645217896], [-180.9503479, 192.373886108, 102.973731995, 148.626296997, 153.934158325, 127.819778442, 184.307312012, 57.547618866, 41.9638290405, 3.32653236389, 30.850435257, 14.2757892609, -21.554019928], [578.457092285, -114.532814026, 263.096923828, 187.10319519, 149.870834351, 204.310775757, 57.547618866, 170.855987549, 23.8057403564, 65.8217163086, -8.34871673584, 5.45852899551, -75.2628173828], [-188.953765869, 128.454666138, 20.2254371643, 60.4097747803, 40.888092041, 8.29424762726, 41.9638290405, 23.8057403564, 84.3000030518, 12.7089157104, 19.7701320648, -9.9021282196, 10.0094985962], [544.83416748, -213.524734497, 161.290206909, 71.0858001709, 89.2997131348, 123.106201172, 3.32653236389, 65.8217163086, 12.7089157104, 113.653488159, -19.2036380768, 8.97065734863, -57.7849349976], [-316.79006958, 168.162719727, -31.7385787964, -2.85914182663, -18.0484218597, -38.2876052856, 30.850435257, -8.34871673584, 19.7701320648, -19.2036380768, 87.4139709473, 14.8724422455, -2.39486694336], [142.462417603, -82.5886764526, 16.8090190887, -22.6341495514, -23.1579990387, 13.0329685211, 14.2757892609, 5.45852899551, -9.9021282196, 8.97065734863, 14.8724422455, 79.2279815674, -10.829750061], [-596.003173828, 177.531295776, -177.150360107, -95.4551620483, -75.3371810913, -149.645217896, -21.554019928, -75.2628173828, 10.0094985962, -57.7849349976, -2.39486694336, -10.829750061, 168.655181885]], "icov": [[0.000172986852704, -1.72735017259e-05, 6.77573843859e-05, -0.000119482567243, 8.35598693811e-05, -0.000274189398624, 0.000373622548068, -0.00020781692001, 0.000252718862612, -0.00037267600419, 0.000348171888618, -0.000322046835208, 0.000223669485422], [-1.72735017259e-05, 0.00133369967807, 7.10471576895e-05, -0.000803635746706, -0.000479997339426, 0.0011186033953, -0.00103805400431, 0.000378414872102, -0.000672750931699, 0.00147913803812, -0.00153894245159, 0.000990190077573, -0.000442391174147], [6.77573843859e-05, 7.10471576895e-05, 0.00304721225984, -0.000165411533089, -0.000851360906381, 5.83465007367e-05, 1.64457833307e-05, -0.00306011456996, 0.000650876318105, -0.00149212568067, 0.000395535171265, -0.000478721398395, 0.00100474315695], [-0.000119482567243, -0.000803635746706, -0.000165411533089, 0.00614116899669, -0.0017724459758, -0.00274311006069, 0.000249343254836, -0.00197710632347, -0.00195166817866, 0.00122960458975, -1.592749868e-05, 0.000843842222821, 0.000240714492975], [8.35598693811e-05, -0.000479997339426, -0.000851360906381, -0.0017724459758, 0.00835577584803, -0.00226876162924, -0.00364786596037, 8.94943223102e-05, 0.000978140160441, -0.00357370800339, 0.001408186974, 0.00263024959713, -0.000897278252523], [-0.000274189398624, 0.0011186033953, 5.83465007367e-05, -0.00274311006069, -0.00226876162924, 0.00898321904242, -0.00319115142338, -0.0023606736213, 0.00188715977129, -0.000783322786447, 0.000616498524323, -0.000129297404783, 0.00147834303789], [0.000373622548068, -0.00103805400431, 1.64457833307e-05, 0.000249343254836, -0.00364786596037, -0.00319115142338, 0.0132471499965, -7.44874614611e-06, -0.0030649844557, 0.00285679590888, -0.00127385428641, -0.00499631697312, 0.000621914863586], [-0.00020781692001, 0.000378414872102, -0.00306011456996, -0.00197710632347, 8.94943223102e-05, -0.0023606736213, -7.44874614611e-06, 0.0168201476336, -0.00324680516496, 0.000326936657075, -0.00123888847884, -6.415045209e-05, 0.000267490861006], [0.000252718862612, -0.000672750931699, 0.000650876318105, -0.00195166817866, 0.000978140160441, 0.00188715977129, -0.0030649844557, -0.00324680516496, 0.0182925909758, -0.00639534555376, -0.00174742261879, 0.00200309278443, -0.00172195164487], [-0.00037267600419, 0.00147913803812, -0.00149212568067, 0.00122960458975, -0.00357370800339, -0.000783322786447, 0.00285679590888, 0.000326936657075, -0.00639534555376, 0.0195158179849, -0.000771271705162, -0.00123919325415, 0.00144986552186], [0.000348171888618, -0.00153894245159, 0.000395535171265, -1.592749868e-05, 0.001408186974, 0.000616498524323, -0.00127385428641, -0.00123888847884, -0.00174742261879, -0.000771271705162, 0.0178170539439, -0.0046897274442, 0.00350846396759], [-0.000322046835208, 0.000990190077573, -0.000478721398395, 0.000843842222821, 0.00263024959713, -0.000129297404783, -0.00499631697312, -6.415045209e-05, 0.00200309278443, -0.00123919325415, -0.0046897274442, 0.0173627324402, -0.0013077162439], [0.000223669485422, -0.000442391174147, 0.00100474315695, 0.000240714492975, -0.000897278252523, 0.00147834303789, 0.000621914863586, 0.000267490861006, -0.00172195164487, 0.00144986552186, 0.00350846396759, -0.0013077162439, 0.0100514898077]]}, "melbands": {"dmean": [4.7836201702e-05, 0.000227529904805, 0.000138643546961, 0.000183005235158, 0.00047988028382, 0.000192819861695, 0.000651320733596, 0.000406972976634, 6.28735069768e-05, 4.22142766183e-05, 6.92478133715e-05, 3.34736432706e-05, 5.49589858565e-05, 6.10004390182e-05, 4.42477976321e-05, 4.0934432036e-05, 4.13560919696e-05, 2.46094732574e-05, 2.68489311566e-05, 3.53029172402e-05, 1.85072203749e-05, 2.57682040683e-05, 2.55534541793e-05, 1.26752920551e-05, 2.29367487918e-05, 1.01619052657e-05, 3.7483982851e-06, 2.98165832646e-06, 1.86574459349e-06, 2.15813906834e-06, 1.9545577743e-06, 1.64201128428e-06, 1.27655368942e-06, 1.2454742091e-06, 1.42509884427e-06, 1.37375468512e-06, 1.45753301695e-06, 7.30288093109e-07, 4.96920506521e-07, 5.01443821577e-07], "dmean2": [8.10617493698e-05, 0.0003784399305, 0.000219663925236, 0.000270367454505, 0.000757660425734, 0.00031741076964, 0.00102188193705, 0.000644504907541, 8.76489066286e-05, 6.59806755721e-05, 0.000113521702588, 5.69289659325e-05, 8.70674775797e-05, 0.000106331477582, 7.30903702788e-05, 6.76765048411e-05, 6.84324913891e-05, 4.13666457462e-05, 4.32021915913e-05, 5.95394049014e-05, 3.28094611177e-05, 4.52060012321e-05, 4.46377525805e-05, 2.23648676183e-05, 4.24885620305e-05, 1.87175555766e-05, 6.5421927502e-06, 5.23626385984e-06, 3.29303270519e-06, 3.92964648199e-06, 3.54565804628e-06, 2.96594475913e-06, 2.21220147978e-06, 2.18906325244e-06, 2.52301606452e-06, 2.38190796154e-06, 2.39672544922e-06, 1.12749887649e-06, 7.86572456946e-07, 8.1864141066e-07], "dvar": [6.21286133651e-09, 1.6813916659e-07, 8.69780905077e-08, 7.57457883083e-08, 6.6083356387e-07, 1.07254621184e-07, 1.49265929394e-06, 4.62447871996e-07, 9.09814090733e-09, 5.7359148542e-09, 2.73686371344e-08, 5.12283371279e-09, 8.03161359642e-09, 2.40099282678e-08, 8.18377277056e-09, 6.43478426099e-09, 6.36583230573e-09, 2.8870417168e-09, 3.34970140514e-09, 4.91069718223e-09, 1.83255499664e-09, 2.97090196888e-09, 2.55527465853e-09, 9.83039982749e-10, 6.38239328055e-09, 1.17062803895e-09, 6.95629387426e-11, 4.53765497399e-11, 1.85057403429e-11, 3.8625717208e-11, 2.41612441859e-11, 1.74634681716e-11, 9.34352768767e-12, 9.80016328506e-12, 1.27455945104e-11, 1.25645041246e-11, 2.03888867595e-11, 2.56991455026e-12, 1.50063273439e-12, 1.09503866478e-12], "dvar2": [1.69195022437e-08, 4.43682722562e-07, 2.1948322626e-07, 1.78425622721e-07, 1.9080682705e-06, 2.97072944022e-07, 3.72858949049e-06, 1.22799860947e-06, 2.0856651517e-08, 1.49102596936e-08, 7.5544171807e-08, 1.43044189826e-08, 2.01495904406e-08, 6.55129070992e-08, 2.18274003316e-08, 1.60333719634e-08, 1.66969833515e-08, 7.23359061539e-09, 8.10108335969e-09, 1.24512125055e-08, 5.14821429931e-09, 8.29531821012e-09, 6.93306922983e-09, 2.77741496468e-09, 1.86621154086e-08, 3.39015526762e-09, 1.93996554931e-10, 1.25333007861e-10, 5.17399977029e-11, 1.10833987821e-10, 6.91345453108e-11, 4.99745002325e-11, 2.64578706166e-11, 2.74493570235e-11, 3.5666636311e-11, 3.41653719205e-11, 4.98988801667e-11, 5.56617729339e-12, 3.30511746444e-12, 2.81007465561e-12], "max": [0.0011090664193, 0.00490550231189, 0.0031711391639, 0.00237375660799, 0.00659698015079, 0.0028952001594, 0.00875136069953, 0.00614668754861, 0.0011417248752, 0.000994215370156, 0.00224227039143, 0.000694806571119, 0.00154570129234, 0.001437208266, 0.000964110251516, 0.00125910260249, 0.000855210702866, 0.000871465774253, 0.000946572516114, 0.00112827005796, 0.000295042002108, 0.000444786855951, 0.000680962461047, 0.000273097888567, 0.000685912673362, 0.000300433661323, 5.86470450799e-05, 6.6940447141e-05, 3.95173410652e-05, 6.02235959377e-05, 4.21643126174e-05, 2.95768968499e-05, 3.05404610117e-05, 2.61206932919e-05, 3.31074515998e-05, 4.12132794736e-05, 0.000122650715639, 3.24965549225e-05, 4.03046724387e-05, 1.80751740118e-05], "mean": [0.000159915696713, 0.000449434184702, 0.000221330905333, 0.000357813871233, 0.000950492161792, 0.000508899916895, 0.000781265844125, 0.000640622514766, 0.000133066729177, 7.52407722757e-05, 0.000102473793959, 4.78719412058e-05, 9.30483802222e-05, 6.6004722612e-05, 6.20291684754e-05, 5.35850922461e-05, 5.08243792865e-05, 3.07665904984e-05, 3.78178592655e-05, 5.31270779902e-05, 1.9714998416e-05, 2.78243496723e-05, 3.04746990878e-05, 1.39437415783e-05, 1.90289665625e-05, 7.9958626884e-06, 3.6778849335e-06, 3.07816981149e-06, 1.86168153959e-06, 1.8029693365e-06, 1.6116525785e-06, 1.35935795242e-06, 1.12776342576e-06, 1.06455001969e-06, 1.15024920433e-06, 1.22940753045e-06, 1.38439486363e-06, 7.78699529747e-07, 5.12837573297e-07, 4.88692933232e-07], "median": [0.000170882776729, 0.000391347770346, 0.000125074351672, 0.00026029595756, 0.000660424586385, 0.000414765265305, 0.000243756177952, 0.000375036470359, 8.61988373799e-05, 3.9200149331e-05, 4.30353538832e-05, 2.59218722931e-05, 4.03575540986e-05, 1.48475010064e-05, 1.55398283823e-05, 1.61069838214e-05, 1.72042728082e-05, 8.26163704915e-06, 5.60739817956e-06, 9.68077074504e-06, 7.01560884409e-06, 1.20208605949e-05, 1.40344518513e-05, 6.11446421317e-06, 5.08679931954e-06, 1.91971867025e-06, 1.31558272187e-06, 9.91870820144e-07, 5.97158475557e-07, 4.4099834895e-07, 3.31898490913e-07, 2.79272768466e-07, 2.10569524484e-07, 1.81595808613e-07, 1.56171097387e-07, 1.9670451934e-07, 1.5682323351e-07, 9.20538312243e-08, 6.78638585327e-08, 6.32307290971e-08], "min": [7.73891086253e-24, 1.37654271586e-23, 1.22601464451e-23, 4.01220533409e-24, 1.06285951331e-23, 7.81416503745e-24, 6.96461785165e-24, 6.59534338444e-24, 1.06457465469e-23, 9.6065942759e-24, 9.99703072575e-24, 4.4225372504e-24, 9.13987970969e-24, 5.2946486191e-24, 1.23496616474e-23, 1.04350496877e-23, 9.46220433126e-24, 1.57208839695e-23, 5.75459949192e-24, 7.39809297476e-24, 8.92191349727e-24, 6.9318596137e-24, 1.00463242771e-23, 8.78602274002e-24, 5.47450811663e-24, 8.22007657167e-24, 8.39251209922e-24, 9.37730633178e-24, 5.97624534603e-24, 9.01321389186e-24, 1.01420628032e-23, 1.42007284947e-23, 8.78888472738e-24, 6.1092985706e-24, 6.0687708416e-24, 9.82461886403e-24, 1.01223042041e-23, 1.24696576463e-23, 1.14652515428e-23, 9.87288847396e-24], "var": [1.61108708596e-08, 2.47464924996e-07, 9.83427099754e-08, 1.13659794465e-07, 7.3885769325e-07, 1.19695997114e-07, 1.69866984834e-06, 4.81234224026e-07, 1.74016143717e-08, 9.1099705557e-09, 2.90391248825e-08, 4.48103110173e-09, 1.61803495047e-08, 2.27250573914e-08, 1.26085595298e-08, 9.47397360562e-09, 7.84406051224e-09, 4.93150897896e-09, 7.89010989877e-09, 1.23001653307e-08, 1.3917353936e-09, 2.30390906353e-09, 2.78808087728e-09, 7.28467286493e-10, 3.68305852483e-09, 6.80232703498e-10, 5.26102494902e-11, 3.86146288556e-11, 1.41286392308e-11, 2.36899441036e-11, 1.602729581e-11, 1.14194261686e-11, 6.71012767919e-12, 6.87792227685e-12, 9.10070543231e-12, 9.99799722179e-12, 2.22986403647e-11, 3.76753923198e-12, 2.06149637291e-12, 1.10531440771e-12]}, "mfcc": {"mean": [-670.215332031, 140.260726929, -15.9469118118, 8.32194232941, -2.51141691208, -20.4458789825, -19.0859279633, -6.53127717972, -16.060508728, -9.97207355499, -4.18057775497, 4.72686338425, -1.61632072926], "cov": [[7425.17773438, -1377.83447266, 727.123352051, 479.629241943, 974.262023926, 1032.72045898, 637.524597168, 509.313354492, 339.405578613, 507.728759766, 429.513122559, 111.822898865, 68.5899124146], [-1377.83447266, 1059.15625, 9.62222576141, 182.472366333, 1.01608169079, -65.2085113525, 39.7092018127, 47.6703796387, 28.6813526154, -45.6347999573, 23.5778579712, 56.0463943481, -10.351808548], [727.123352051, 9.62222576141, 528.833679199, 246.592376709, 337.621551514, 228.495819092, 245.524261475, 188.560897827, 141.010452271, 143.667449951, 182.927337646, 80.109413147, 17.8720436096], [479.629241943, 182.472366333, 246.592376709, 407.425476074, 320.222381592, 272.101867676, 235.475341797, 205.418624878, 151.720092773, 151.450332642, 147.178405762, 78.4278411865, 6.88908243179], [974.262023926, 1.01608169079, 337.621551514, 320.222381592, 481.117523193, 358.536468506, 306.096984863, 221.05506897, 181.77494812, 217.579772949, 185.938430786, 58.195186615, 5.51362085342], [1032.72045898, -65.2085113525, 228.495819092, 272.101867676, 358.536468506, 446.872955322, 293.465087891, 235.75479126, 165.973831177, 169.232025146, 181.864440918, 81.6930084229, 10.9311523438], [637.524597168, 39.7092018127, 245.524261475, 235.475341797, 306.096984863, 293.465087891, 313.43838501, 209.204849243, 134.087188721, 134.677536011, 145.740844727, 69.5534286499, 6.27575969696], [509.313354492, 47.6703796387, 188.560897827, 205.418624878, 221.05506897, 235.75479126, 209.204849243, 241.541030884, 98.5163955688, 100.485778809, 146.299850464, 77.3062744141, -23.566576004], [339.405578613, 28.6813526154, 141.010452271, 151.720092773, 181.77494812, 165.973831177, 134.087188721, 98.5163955688, 169.741287231, 92.8929748535, 37.0054092407, 11.4237756729, 50.2982215881], [507.728759766, -45.6347999573, 143.667449951, 151.450332642, 217.579772949, 169.232025146, 134.677536011, 100.485778809, 92.8929748535, 199.970840454, 87.6321563721, -0.276938527822, -21.3558120728], [429.513122559, 23.5778579712, 182.927337646, 147.178405762, 185.938430786, 181.864440918, 145.740844727, 146.299850464, 37.0054092407, 87.6321563721, 212.031280518, 74.7802963257, -48.8938751221], [111.822898865, 56.0463943481, 80.109413147, 78.4278411865, 58.195186615, 81.6930084229, 69.5534286499, 77.3062744141, 11.4237756729, -0.276938527822, 74.7802963257, 130.441589355, 12.1163053513], [68.5899124146, -10.351808548, 17.8720436096, 6.88908243179, 5.51362085342, 10.9311523438, 6.27575969696, -23.566576004, 50.2982215881, -21.3558120728, -48.8938751221, 12.1163053513, 144.779144287]], "icov": [[0.000304887100356, 0.000359453755664, -0.000100183031464, -6.40475036562e-06, -0.000305171386572, -0.000433093926404, 0.000144759498653, -0.000169881022885, 0.00023794468143, -6.09396338405e-05, 2.50476864494e-06, 7.59509421187e-05, -0.000192839564988], [0.000359453755664, 0.00173967471346, 0.000229631841648, -0.00121307990048, -0.000203385206987, 0.000667318352498, -0.000424960162491, -0.000122580458992, -0.000390883185901, 0.000591152929701, -0.00036764741526, -0.000254504004261, 5.94360099058e-05], [-0.000100183031464, 0.000229631841648, 0.00447260355577, -0.000228243050515, -0.00213815039024, 0.00250203697942, -0.00134130183142, -0.000244207476499, -0.00165770761669, 0.000246900948696, -0.00239853328094, -0.000789900135715, -0.000698046467733], [-6.40475036562e-06, -0.00121307990048, -0.000228243050515, 0.00744613772258, -0.002496894449, -0.000729800201952, 0.000517344102263, -0.00200435472652, -0.00135057803709, -0.0012122389162, 0.000180614428245, -0.00130113214254, -0.000148053033627], [-0.000305171386572, -0.000203385206987, -0.00213815039024, -0.002496894449, 0.0118470042944, -0.00241731270216, -0.00365231302567, 0.00190559634939, -0.00162563764025, -0.00379141559824, -0.00142245669849, 0.00114661245607, 0.000141802433063], [-0.000433093926404, 0.000667318352498, 0.00250203697942, -0.000729800201952, -0.00241731270216, 0.0107955792919, -0.00384542997926, -0.00176101690158, -0.00362725974992, -4.69693986815e-05, -0.00308220414445, -0.00146805716213, -0.000529047043528], [0.000144759498653, -0.000424960162491, -0.00134130183142, 0.000517344102263, -0.00365231302567, -0.00384542997926, 0.0135766463354, -0.00503840157762, 0.000227865806664, 9.12044051802e-05, 0.00104703532998, -0.000205610165722, -0.000632122857496], [-0.000169881022885, -0.000122580458992, -0.000244207476499, -0.00200435472652, 0.00190559634939, -0.00176101690158, -0.00503840157762, 0.0145774371922, -0.00285652722232, 0.000506859214511, -0.00288620730862, -0.00253369216807, 0.00315337465145], [0.00023794468143, -0.000390883185901, -0.00165770761669, -0.00135057803709, -0.00162563764025, -0.00362725974992, 0.000227865806664, -0.00285652722232, 0.0164677556604, -0.00237566977739, 0.00421449868008, 0.00295480526984, -0.00490638846532], [-6.09396338405e-05, 0.000591152929701, 0.000246900948696, -0.0012122389162, -0.00379141559824, -4.69693986815e-05, 9.12044051802e-05, 0.000506859214511, -0.00237566977739, 0.0117166060954, -0.00110344286077, 0.00239877472632, 0.00230504246429], [2.50476864494e-06, -0.00036764741526, -0.00239853328094, 0.000180614428245, -0.00142245669849, -0.00308220414445, 0.00104703532998, -0.00288620730862, 0.00421449868008, -0.00110344286077, 0.0134184667841, -0.0031236698851, 0.00319778267294], [7.59509421187e-05, -0.000254504004261, -0.000789900135715, -0.00130113214254, 0.00114661245607, -0.00146805716213, -0.000205610165722, -0.00253369216807, 0.00295480526984, 0.00239877472632, -0.0031236698851, 0.0128156505525, -0.0030312249437], [-0.000192839564988, 5.94360099058e-05, -0.000698046467733, -0.000148053033627, 0.000141802433063, -0.000529047043528, -0.000632122857496, 0.00315337465145, -0.00490638846532, 0.00230504246429, 0.00319778267294, -0.0030312249437, 0.0110492985696]]}, "spectral_contrast_coeffs": {"dmean": [0.0466124974191, 0.0454078093171, 0.0451575890183, 0.0362079814076, 0.0352189466357, 0.0247919820249], "dmean2": [0.0767466723919, 0.0728409662843, 0.0692757442594, 0.0550245344639, 0.0571726746857, 0.0394204184413], "dvar": [0.00210600486025, 0.00233451509848, 0.00191073399037, 0.00111624563579, 0.00133179372642, 0.000585358589888], "dvar2": [0.00546526350081, 0.00611766753718, 0.00377717614174, 0.0021649969276, 0.00327831297182, 0.00151021988131], "max": [-0.236400902271, -0.449419766665, -0.503417670727, -0.505651295185, -0.571958065033, -0.645215153694], "mean": [-0.549901783466, -0.622845232487, -0.707783520222, -0.747530639172, -0.72570669651, -0.769122779369], "median": [-0.568009257317, -0.611738204956, -0.699242353439, -0.758071005344, -0.730273723602, -0.765514850616], "min": [-0.972678482533, -0.975171923637, -0.959572136402, -0.961496531963, -0.95796585083, -0.96080416441], "var": [0.0104571133852, 0.00446009775624, 0.00567542482167, 0.00566619029269, 0.00359470234253, 0.001305305399]}, "spectral_contrast_valleys": {"dmean": [0.461380749941, 0.448514252901, 0.528332591057, 0.500486314297, 0.556472659111, 0.688491940498], "dmean2": [0.690944254398, 0.624232709408, 0.767983973026, 0.671030163765, 0.709648013115, 0.793992757797], "dvar": [0.22448065877, 0.249723747373, 0.366731256247, 0.372401326895, 0.457812786102, 0.518839359283], "dvar2": [0.49299967289, 0.446644037962, 0.664787352085, 0.670895814896, 0.877254068851, 0.988220274448], "max": [-6.22006607056, -5.02106189728, -5.08871984482, -5.29356145859, -5.69298458099, -8.11555671692], "mean": [-8.41744995117,