{"lowlevel": {"average_loudness": 0.730284273624, "barkbands_crest": {"dmean": 2.28723883629, "dmean2": 3.60119986534, "dvar": 4.93170785904, "dvar2": 11.7080211639, "max": 26.4215488434, "mean": 10.5947399139, "median": 9.78363418579, "min": 2.66831445694, "var": 17.4491081238}, "barkbands_flatness_db": {"dmean": 0.0251755397767, "dmean2": 0.0354709550738, "dvar": 0.000618669902906, "dvar2": 0.00114777463023, "max": 0.40127453208, "mean": 0.163339287043, "median": 0.158508062363, "min": 0.0219237152487, "var": 0.00338586349972}, "barkbands_kurtosis": {"dmean": 4.23489141464, "dmean2": 6.28467607498, "dvar": 59.1352119446, "dvar2": 119.787147522, "max": 245.787246704, "mean": 8.24891757965, "median": 4.48643684387, "min": -1.875030756, "var": 180.967346191}, "barkbands_skewness": {"dmean": 0.557842850685, "dmean2": 0.823256373405, "dvar": 0.368052065372, "dvar2": 0.766604185104, "max": 12.2536735535, "mean": 2.05291414261, "median": 1.87231230736, "min": -2.33516550064, "var": 1.65445244312}, "barkbands_spread": {"dmean": 4.06453752518, "dmean2": 5.99850988388, "dvar": 44.5362091064, "dvar2": 86.3283996582, "max": 101.28679657, "mean": 13.5306854248, "median": 10.7517757416, "min": 0.387865304947, "var": 142.428237915}, "dissonance": {"dmean": 0.0268596168607, "dmean2": 0.0437613911927, "dvar": 0.000591997231822, "dvar2": 0.00149625830818, "max": 0.500000059605, "mean": 0.43448638916, "median": 0.441396653652, "min": 0.177157342434, "var": 0.00160055712331}, "dynamic_complexity": 4.04508781433, "erbbands_crest": {"dmean": 2.44044923782, "dmean2": 3.79336285591, "dvar": 5.9736161232, "dvar2": 13.6722040176, "max": 31.6254920959, "mean": 9.66801643372, "median": 8.58243274689, "min": 2.72856426239, "var": 19.0098781586}, "erbbands_flatness_db": {"dmean": 0.0205845367163, "dmean2": 0.0280221905559, "dvar": 0.000423480261816, "dvar2": 0.000786417163908, "max": 0.384382158518, "mean": 0.177597150207, "median": 0.175830483437, "min": 0.0399762168527, "var": 0.00225488422439}, "erbbands_kurtosis": {"dmean": 1.1914910078, "dmean2": 1.8368999958, "dvar": 7.16063642502, "dvar2": 14.9795627594, "max": 124.05770874, "mean": 1.22285056114, "median": 0.320701122284, "min": -1.78911817074, "var": 18.6217956543}, "erbbands_skewness": {"dmean": 0.358736395836, "dmean2": 0.531819880009, "dvar": 0.146643564105, "dvar2": 0.309611141682, "max": 8.84988498688, "mean": 0.772487342358, "median": 0.711956381798, "min": -2.90768170357, "var": 0.656799376011}, "erbbands_spread": {"dmean": 6.87931680679, "dmean2": 10.0889616013, "dvar": 74.1197052002, "dvar2": 151.184570312, "max": 159.076156616, "mean": 32.2970504761, "median": 29.345123291, "min": 1.86633372307, "var": 270.866119385}, "hfc": {"dmean": 4.17910385132, "dmean2": 5.62216567993, "dvar": 48.1407699585, "dvar2": 94.3812484741, "max": 155.318161011, "mean": 11.0543470383, "median": 6.96233892441, "min": 1.17012254768e-16, "var": 156.245361328}, "melbands_crest": {"dmean": 2.98863458633, "dmean2": 4.69321012497, "dvar": 8.07947540283, "dvar2": 19.7328586578, "max": 32.7214126587, "mean": 14.355591774, "median": 13.5161743164, "min": 1.55301558971, "var": 27.5943584442}, "melbands_flatness_db": {"dmean": 0.0297818090767, "dmean2": 0.0416745021939, "dvar": 0.00090440310305, "dvar2": 0.00166536320467, "max": 0.523954033852, "mean": 0.242227524519, "median": 0.236923396587, "min": 0.0027150742244, "var": 0.0053923917003}, "melbands_kurtosis": {"dmean": 6.96026515961, "dmean2": 10.5878801346, "dvar": 138.125015259, "dvar2": 307.314483643, "max": 336.413330078, "mean": 14.9133996964, "median": 9.35478782654, "min": -1.59921693802, "var": 343.314056396}, "melbands_skewness": {"dmean": 0.66655933857, "dmean2": 0.990988790989, "dvar": 0.515923142433, "dvar2": 1.13810145855, "max": 14.2815828323, "mean": 2.74022603035, "median": 2.49428248405, "min": -1.03487920761, "var": 2.02851700783}, "melbands_spread": {"dmean": 4.49570894241, "dmean2": 6.66504430771, "dvar": 59.4109306335, "dvar2": 117.220573425, "max": 243.972839355, "mean": 15.0174741745, "median": 11.4684038162, "min": 0.471642434597, "var": 266.301269531}, "pitch_salience": {"dmean": 0.0700795352459, "dmean2": 0.109229318798, "dvar": 0.00420675100759, "dvar2": 0.00993437599391, "max": 0.939583957195, "mean": 0.544929385185, "median": 0.55234259367, "min": 0.123291485012, "var": 0.0142105538398}, "silence_rate_20dB": {"dmean": 0, "dmean2": 0, "dvar": 0, "dvar2": 0, "max": 1, "mean": 1, "median": 1, "min": 1, "var": 0}, "silence_rate_30dB": {"dmean": 0.00671339733526, "dmean2": 0.0134281199425, "dvar": 0.0066687790677, "dvar2": 0.0158166214824, "max": 1, "mean": 0.992892384529, "median": 1, "min": 0, "var": 0.00705734966323}, "silence_rate_60dB": {"dmean": 0.0276433993131, "dmean2": 0.0552922599018, "dvar": 0.0268781650811, "dvar2": 0.0595367923379, "max": 1, "mean": 0.11085883528, "median": 0, "min": 0, "var": 0.0985735878348}, "spectral_centroid": {"dmean": 168.246734619, "dmean2": 247.389541626, "dvar": 63599.9257812, "dvar2": 113018.335938, "max": 10799.4423828, "mean": 782.454956055, "median": 657.803588867, "min": 181.744949341, "var": 278068.09375}, "spectral_complexity": {"dmean": 2.40418601036, "dmean2": 3.54818320274, "dvar": 8.09613037109, "dvar2": 14.9263381958, "max": 51, "mean": 12.2227048874, "median": 12, "min": 0, "var": 35.6297035217}, "spectral_decrease": {"dmean": 1.94821603294e-09, "dmean2": 2.70187783258e-09, "dvar": 9.29612207603e-18, "dvar2": 1.81222235844e-17, "max": 4.79924980165e-18, "mean": -5.13848297246e-09, "median": -3.25919491395e-09, "min": -5.40443103603e-08, "var": 3.00920365913e-17}, "spectral_energy": {"dmean": 0.00763681065291, "dmean2": 0.0105652278289, "dvar": 0.000140603937325, "dvar2": 0.000273752142675, "max": 0.20896717906, "mean": 0.0203965045512, "median": 0.0132183870301, "min": 1.07267497444e-20, "var": 0.000459434144432}, "spectral_energyband_high": {"dmean": 0.000194779131562, "dmean2": 0.000272197969025, "dvar": 2.85151060098e-07, "dvar2": 5.68106884202e-07, "max": 0.0134277064353, "mean": 0.000329560978571, "median": 6.53427850921e-05, "min": 7.68447719446e-21, "var": 7.80579682669e-07}, "spectral_energyband_low": {"dmean": 0.00124616047833, "dmean2": 0.00192726391833, "dvar": 5.25152563569e-06, "dvar2": 1.34141873787e-05, "max": 0.0327699147165, "mean": 0.00244618859142, "median": 0.00127617991529, "min": 1.39673843856e-22, "var": 1.18079278764e-05}, "spectral_energyband_middle_high": {"dmean": 0.0010704586748, "dmean2": 0.00152041518595, "dvar": 4.6410646064e-06, "dvar2": 9.28566350922e-06, "max": 0.0518132857978, "mean": 0.00248127803206, "median": 0.00144269969314, "min": 1.45332988102e-21, "var": 1.17189074444e-05}, "spectral_energyband_middle_low": {"dmean": 0.0067382985726, "dmean2": 0.00952744763345, "dvar": 0.000125300692162, "dvar2": 0.000247568066698, "max": 0.205377027392, "mean": 0.016218662262, "median": 0.00927824620157, "min": 6.00860028673e-22, "var": 0.000381700374419}, "spectral_entropy": {"dmean": 0.259087830782, "dmean2": 0.356887936592, "dvar": 0.0744681879878, "dvar2": 0.135804057121, "max": 9.80167007446, "mean": 7.00599527359, "median": 6.99632501602, "min": 4.58646965027, "var": 0.372966527939}, "spectral_flux": {"dmean": 0.0225623529404, "dmean2": 0.0344516038895, "dvar": 0.000709555402864, "dvar2": 0.00160750036594, "max": 0.324514091015, "mean": 0.0596929304302, "median": 0.0484257377684, "min": 1.03570020615e-10, "var": 0.00195289938711}, "spectral_kurtosis": {"dmean": 3.30018973351, "dmean2": 5.21043014526, "dvar": 20.2273178101, "dvar2": 46.523563385, "max": 113.525100708, "mean": 9.03088855743, "median": 7.09024858475, "min": -1.18795847893, "var": 59.5149078369}, "spectral_rms": {"dmean": 0.000738622678909, "dmean2": 0.000989256310277, "dvar": 7.82546351275e-07, "dvar2": 1.41734096815e-06, "max": 0.0142783196643, "mean": 0.00393320946023, "median": 0.00359109835699, "min": 3.23498411219e-12, "var": 4.42879309048e-06}, "spectral_rolloff": {"dmean": 344.274200439, "dmean2": 564.82623291, "dvar": 894910.8125, "dvar2": 1827603.375, "max": 19336.8164062, "mean": 1168.05078125, "median": 732.12890625, "min": 129.19921875, "var": 4282936}, "spectral_skewness": {"dmean": 0.348416894674, "dmean2": 0.528638482094, "dvar": 0.143739268184, "dvar2": 0.308232277632, "max": 8.66606712341, "mean": 2.2737121582, "median": 2.15909099579, "min": 0.0269411988556, "var": 0.587879598141}, "spectral_spread": {"dmean": 685142, "dmean2": 958549.9375, "dvar": 798657282048, "dvar2": 1393816240130.0, "max": 40538896, "mean": 4248518.5, "median": 3898001, "min": 1042543.8125, "var": 3837923426300.0}, "spectral_strongpeak": {"dmean": 0.340190887451, "dmean2": 0.548876941204, "dvar": 0.239360108972, "dvar2": 0.55886888504, "max": 8.26763439178, "mean": 0.80891430378, "median": 0.605287194252, "min": 0, "var": 0.561892926693}, "zerocrossingrate": {"dmean": 0.0093955937773, "dmean2": 0.0105689167976, "dvar": 0.000205791089684, "dvar2": 0.000208820871194, "max": 0.53173828125, "mean": 0.0477273948491, "median": 0.03662109375, "min": 0.005859375, "var": 0.00282303290442}, "barkbands": {"dmean": [4.86067656311e-05, 0.00021287513664, 0.000569136405829, 0.00203950912692, 0.00342060322873, 0.00164717587177, 0.00106826552656, 0.000373187387595, 0.000501718954183, 0.000294575031148, 0.000351404218236, 0.00032206546166, 0.000117656272778, 0.000118620060675, 9.03741020011e-05, 8.10717756394e-05, 6.97643845342e-05, 6.56318443362e-05, 4.68836296932e-05, 2.12155537156e-05, 3.94822236558e-05, 3.601807839e-05, 2.55795257544e-05, 4.02695586672e-05, 5.23504095327e-05, 1.60564286489e-05, 4.52654194305e-06], "dmean2": [6.31829389022e-05, 0.000312842428684, 0.000903978245333, 0.0030954645481, 0.00492978096008, 0.00256130169146, 0.00167811254505, 0.000575879239477, 0.000764834694564, 0.000462570984382, 0.000532352598384, 0.00046867527999, 0.000185660552233, 0.000185668875929, 0.000143609751831, 0.000125329606817, 0.000105406717921, 0.000100646982901, 7.18113587936e-05, 3.16822479363e-05, 5.84602166782e-05, 5.26640869793e-05, 3.83523110941e-05, 5.90403433307e-05, 7.68973332015e-05, 2.34721919696e-05, 6.3028396653e-06], "dvar": [1.83378521257e-08, 1.5113516838e-07, 1.23574261579e-06, 1.60154650075e-05, 5.32938829565e-05, 1.76560970431e-05, 1.00849410956e-05, 1.50427035805e-06, 3.41873510479e-06, 1.02707031147e-06, 1.20957463423e-06, 6.52900951081e-07, 1.40646037039e-07, 7.97551464871e-08, 5.61561819268e-08, 3.5821308586e-08, 4.41451533106e-08, 3.04212193214e-08, 1.71375749147e-08, 2.9710554017e-09, 1.00006865011e-08, 9.47696143783e-09, 4.09210620944e-09, 2.93972970411e-08, 6.08146706327e-08, 3.97910815408e-09, 2.73479600077e-10], "dvar2": [2.83544583368e-08, 3.53182542767e-07, 3.28785267811e-06, 3.55238989869e-05, 0.000103061705886, 4.02222904086e-05, 2.51730543823e-05, 3.38354539053e-06, 8.06786010799e-06, 2.31337003243e-06, 2.76193463833e-06, 1.35455275085e-06, 3.38360905516e-07, 1.94936589537e-07, 1.40354700306e-07, 8.2988584893e-08, 7.27506304088e-08, 7.31717761937e-08, 3.73917110608e-08, 6.86479983969e-09, 2.15915463286e-08, 2.03404511012e-08, 9.67053459533e-09, 6.23860998417e-08, 1.26280070845e-07, 9.56777057581e-09, 5.47011269614e-10], "max": [0.00443417439237, 0.0087116220966, 0.0200504437089, 0.0706133171916, 0.185216024518, 0.0791844949126, 0.134195283055, 0.0555127337575, 0.0840300396085, 0.0280309338123, 0.0350945144892, 0.0214682295918, 0.00997358839959, 0.00799844041467, 0.00516757695004, 0.00658052042127, 0.0166173670441, 0.00594994146377, 0.00343074603006, 0.00106899789535, 0.00203870446421, 0.0025303887669, 0.00161864049733, 0.00701189506799, 0.00742320204154, 0.00259780860506, 0.000395506969653], "mean": [0.00010115722398, 0.000375546864234, 0.000937166973017, 0.00332101620734, 0.00701271370053, 0.00267948349938, 0.00178911711555, 0.000564312038478, 0.000760028429795, 0.000405504921218, 0.000549417512957, 0.000639258651063, 0.000160915500601, 0.000182117844815, 0.000133471781737, 0.000152284963406, 0.000121420802316, 9.52977206907e-05, 7.19286108506e-05, 3.02115440718e-05, 5.73104880459e-05, 5.2113460697e-05, 3.42662169714e-05, 6.17099722149e-05, 8.00778434495e-05, 2.24192881433e-05, 6.22754987489e-06], "median": [3.95899178329e-06, 0.000128620973555, 0.00044355134014, 0.00107451505028, 0.00248989532702, 0.000990265281871, 0.000764754367992, 0.000218677814701, 0.000293399760267, 9.21138271224e-05, 0.000178333750227, 0.000247580406722, 4.96299981023e-05, 6.91700115567e-05, 5.19838213222e-05, 6.54592295177e-05, 3.8026861148e-05, 3.20715516864e-05, 2.42857840931e-05, 8.80642710399e-06, 1.25493006635e-05, 9.48304295889e-06, 8.18823900772e-06, 7.13320514478e-06, 4.96771099279e-06, 1.9345761757e-06, 4.36204118159e-07], "min": [6.1894171774e-23, 2.8857200867e-23, 2.29746477419e-23, 1.56649524691e-22, 1.60178711676e-22, 4.10863056355e-23, 2.64331543676e-23, 8.41286013518e-23, 1.25749565354e-22, 6.78589573377e-23, 4.94648825068e-23, 3.74908480235e-23, 1.21274098693e-22, 7.84749993272e-23, 7.94844636068e-23, 1.76854461284e-22, 2.17970598484e-22, 1.63079649836e-22, 3.38097504094e-22, 3.16584371062e-22, 4.61285164772e-22, 3.83905912175e-22, 7.73092724307e-22, 6.32413707575e-22, 1.02883466451e-21, 1.85615593412e-21, 2.61852504736e-21], "var": [7.30231164425e-08, 3.67576092231e-07, 2.11219980883e-06, 3.33918142132e-05, 0.00017050417955, 2.96896796499e-05, 1.20065433293e-05, 2.03216450245e-06, 4.25296502726e-06, 1.53236180722e-06, 1.79219739493e-06, 1.7128302261e-06, 1.85161866284e-07, 1.19742736615e-07, 7.08562950535e-08, 7.32390788016e-08, 1.47596381339e-07, 4.19809644825e-08, 3.10233190248e-08, 4.2675432077e-09, 1.91607334443e-08, 1.90816447088e-08, 5.94416693644e-09, 6.38812167608e-08, 1.41419775446e-07, 6.74752786978e-09, 4.92099416771e-10]}, "erbbands": {"dmean": [0.00188606441952, 0.0660875886679, 0.520580530167, 3.3505282402, 11.208357811, 11.4899396896, 13.7536249161, 13.2270555496, 14.3067865372, 12.4278745651, 9.10752391815, 10.4791002274, 9.86177158356, 11.9279880524, 11.4336252213, 9.87911701202, 5.71683835983, 4.47100734711, 5.00697040558, 4.94102811813, 4.74599313736, 3.93656468391, 3.61519169807, 2.8647813797, 1.72473704815, 1.01888954639, 1.28779518604, 1.72717106342, 1.33386206627, 0.953239738941, 0.672003924847, 0.647787749767, 0.832925379276, 0.703962028027, 0.316117823124, 0.103124119341, 0.0235592853278, 0.00469092233106, 0.000725872232579, 5.65529080632e-05], "dmean2": [0.00294283940457, 0.0971281081438, 0.801549255848, 5.15625524521, 16.2781791687, 17.0162658691, 20.6031990051, 20.7847137451, 22.4238128662, 19.5510749817, 13.9251823425, 15.9038972855, 15.0047330856, 18.2526893616, 16.8419322968, 14.6123275757, 8.75375938416, 6.9805188179, 7.7435426712, 7.72477674484, 7.22666358948, 5.85809755325, 5.48623418808, 4.35704278946, 2.59935760498, 1.51126909256, 1.90366399288, 2.55588698387, 1.93710279465, 1.42903912067, 1.00417363644, 0.962943553925, 1.22416830063, 1.02172088623, 0.474497467279, 0.154776260257, 0.0339313559234, 0.00658198585734, 0.00100912735797, 7.76122542447e-05], "dvar": [1.15408411148e-05, 0.0142243718728, 0.913170695305, 40.2203216553, 574.33984375, 1112.3659668, 1228.625, 1385.77868652, 2143.77929688, 1255.10168457, 944.981262207, 1891.07202148, 863.0703125, 1461.92492676, 1037.33776855, 646.704101562, 273.004150391, 160.350601196, 149.675170898, 126.372299194, 132.622833252, 170.103607178, 85.9671020508, 70.7918014526, 22.1827697754, 6.6895570755, 11.4174795151, 20.7135429382, 13.2988014221, 5.50904798508, 2.74512386322, 4.73870229721, 15.4325284958, 12.7487297058, 2.0108704567, 0.218782514334, 0.00702346302569, 0.00030448223697, 7.33658043828e-06, 3.46620225855e-08], "dvar2": [3.02217140415e-05, 0.0326538942754, 2.31406378746, 96.099899292, 1140.55334473, 2119.96508789, 2532.32763672, 3246.89282227, 5346.59423828, 3022.23217773, 2191.15039062, 4328.92089844, 1874.77746582, 3381.88061523, 2387.72167969, 1434.45471191, 637.557739258, 401.536407471, 357.765289307, 310.326934814, 297.680725098, 249.030776978, 206.126068115, 160.874130249, 50.5756378174, 15.3726921082, 24.9256954193, 44.4782600403, 27.4224185944, 13.1574411392, 6.27734470367, 10.2626085281, 33.8841133118, 26.5017642975, 4.55324792862, 0.556289494038, 0.0150763690472, 0.000608407135587, 1.48420831465e-05, 7.2484162672e-08], "max": [0.0724783316255, 2.48537135124, 15.9042444229, 94.4032745361, 487.27633667, 1101.69909668, 874.859802246, 936.01940918, 2339.34301758, 751.993896484, 1292.54919434, 1936.31750488, 778.749755859, 1018.55419922, 1027.88500977, 1062.83630371, 541.734436035, 462.299102783, 320.237792969, 274.384460449, 452.146331787, 1165.28796387, 322.501068115, 247.526229858, 118.937950134, 50.5146484375, 76.3887863159, 103.404579163, 96.3988952637, 58.1112098694, 35.9809494019, 79.5354766846, 166.845748901, 131.205718994, 39.7828178406, 22.7416553497, 2.43172597885, 0.618777573109, 0.0769868567586, 0.00483428919688], "mean": [0.00384301901795, 0.119037218392, 0.919370472431, 5.97347784042, 19.8206233978, 22.6111297607, 24.0214157104, 21.8696918488, 25.491235733, 19.0030784607, 14.4348974228, 15.5437068939, 14.8712654114, 19.5327796936, 21.4132537842, 18.7814064026, 9.03350353241, 6.59143686295, 8.04759597778, 8.29745197296, 9.33878421783, 7.26669216156, 5.48180103302, 4.43428516388, 2.60919857025, 1.48597002029, 1.86402952671, 2.50322008133, 1.95861363411, 1.32881963253, 0.903443872929, 0.942677438259, 1.26457905769, 1.07025361061, 0.455462157726, 0.142029345036, 0.0333322361112, 0.00668658595532, 0.0010013129795, 9.09878726816e-05], "median": [0.00153817958198, 0.0459417328238, 0.477319717407, 2.495449543, 7.06301021576, 6.42589187622, 6.9004278183, 9.51320648193, 11.1198444366, 7.43056201935, 6.11560916901, 5.67878627777, 5.07790184021, 6.47246646881, 8.99563312531, 8.14463424683, 3.40641331673, 2.75872755051, 3.42804574966, 3.75748682022, 4.05711936951, 2.61698436737, 1.97934174538, 1.57593297958, 0.925558030605, 0.458431482315, 0.460515856743, 0.47158908844, 0.342498123646, 0.321104615927, 0.208372950554, 0.143430277705, 0.11705814302, 0.0651536509395, 0.0276703480631, 0.0121548846364, 0.00269281584769, 0.000511419028044, 8.19693450467e-05, 2.63118818111e-05], "min": [1.10362897769e-21, 6.07440203997e-21, 2.38067523989e-20, 2.76305518155e-19, 5.52895431345e-19, 4.2802995879e-19, 8.22252115367e-19, 1.47549259418e-19, 2.96772137859e-19, 7.64935271458e-19, 2.11663876185e-18, 2.57579513935e-18, 2.32765998074e-18, 2.13571085844e-18, 2.16161236496e-18, 1.84945446091e-18, 4.91724794322e-18, 4.6724450817e-18, 3.70999562358e-18, 6.27251554807e-18, 9.46183447686e-18, 1.24918127771e-17, 1.00196958353e-17, 1.933710375e-17, 1.10373380926e-17, 1.65338449024e-17, 1.64803081188e-17, 1.90281038148e-17, 1.32338144661e-17, 2.45276935267e-17, 2.03160703506e-17, 1.16660607054e-17, 1.20082008048e-17, 8.6767954078e-18, 8.18882171212e-18, 5.65021144323e-18, 3.95386749331e-18, 1.5641018616e-18, 3.43382472907e-19, 3.79262989402e-20], "var": [3.1388753996e-05, 0.0342332459986, 1.68855142593, 86.0830993652, 1398.64428711, 3308.71362305, 3068.22070312, 1963.68286133, 2641.45874023, 1544.36608887, 1204.32165527, 2428.29101562, 1317.12219238, 2347.14770508, 1720.59326172, 1431.2355957, 420.319061279, 177.720077515, 220.400390625, 203.448120117, 295.549987793, 637.67956543, 122.594657898, 114.888816833, 33.405960083, 9.7972536087, 19.3633613586, 41.3411407471, 28.6184749603, 8.76810646057, 4.23509502411, 9.83083629608, 32.3103904724, 28.8924274445, 4.03715467453, 0.311496645212, 0.0150998206809, 0.000625750923064, 1.31707656692e-05, 5.64157502936e-08]}, "gfcc": {"mean": [-61.4294433594, 107.120780945, -108.363845825, 6.76641702652, -62.9944953918, -1.33466541767, -49.3789749146, -6.05739545822, -29.6625404358, -11.0932121277, -19.2018089294, -1.439432621, -11.1287822723], "cov": [[15471.9414062, -572.398681641, 274.01651001, 69.345123291, -754.869262695, 167.828460693, -570.535827637, 48.1277236938, -412.142028809, -15.2885570526, -265.284973145, 55.6502380371, -39.7751617432], [-572.398681641, 1763.18652344, -196.579940796, -7.82699871063, 232.280426025, -144.999145508, 106.068206787, -136.567977905, 114.567222595, -206.823410034, 45.0185890198, -112.940452576, -6.26296186447], [274.01651001, -196.579940796, 741.104431152, 84.0389251709, 42.7494163513, 95.0164642334, -16.6402053833, 101.223739624, -44.7306785583, 13.4796495438, -85.9502258301, -44.8288002014, -21.2274360657], [69.345123291, -7.82699871063, 84.0389251709, 255.063079834, 52.2373275757, 16.1070709229, 32.7983932495, 13.9892854691, 21.9373588562, -8.11164665222, -16.7710494995, -35.0630531311, -27.6744346619], [-754.869262695, 232.280426025, 42.7494163513, 52.2373275757, 261.807098389, -8.549700737, 70.4369735718, 21.4296302795, 42.0922737122, -22.9392261505, -2.3857383728, -33.5913009644, -23.5355453491], [167.828460693, -144.999145508, 95.0164642334, 16.1070709229, -8.549700737, 155.178787231, 31.4460086823, 31.3576049805, -17.3568477631, 16.102514267, -7.51916313171, 6.26144790649, -3.90069556236], [-570.535827637, 106.068206787, -16.6402053833, 32.7983932495, 70.4369735718, 31.4460086823, 187.439086914, 16.6356754303, 36.2784156799, -0.669700324535, 13.1670656204, -15.9969320297, -10.1213235855], [48.1277236938, -136.567977905, 101.223739624, 13.9892854691, 21.4296302795, 31.3576049805, 16.6356754303, 156.911712646, 14.370923996, 18.2817974091, -12.4839868546, -1.52176725864, -13.6204462051], [-412.142028809, 114.567222595, -44.7306785583, 21.9373588562, 42.0922737122, -17.3568477631, 36.2784156799, 14.370923996, 127.857330322, 23.3162097931, 18.3811740875, -2.1715991497, -5.14976596832], [-15.2885570526, -206.823410034, 13.4796495438, -8.11164665222, -22.9392261505, 16.102514267, -0.669700324535, 18.2817974091, 23.3162097931, 126.1612854, 28.7953834534, 17.8491630554, 1.30587697029], [-265.284973145, 45.0185890198, -85.9502258301, -16.7710494995, -2.3857383728, -7.51916313171, 13.1670656204, -12.4839868546, 18.3811740875, 28.7953834534, 99.1681671143, 23.286447525, 10.8083028793], [55.6502380371, -112.940452576, -44.8288002014, -35.0630531311, -33.5913009644, 6.26144790649, -15.9969320297, -1.52176725864, -2.1715991497, 17.8491630554, 23.286447525, 93.5634841919, 28.3286457062], [-39.7751617432, -6.26296186447, -21.2274360657, -27.6744346619, -23.5355453491, -3.90069556236, -10.1213235855, -13.6204462051, -5.14976596832, 1.30587697029, 10.8083028793, 28.3286457062, 76.1158294678]], "icov": [[9.57449519774e-05, -7.81784256105e-05, 2.11930964724e-05, -0.000114465110528, 0.000257027539192, -0.000125143575133, 0.000223118317081, -0.000112515335786, 0.000244486291194, -0.000133610810735, 0.000251031655353, -0.00011349934357, 0.000115918381198], [-7.81784256105e-05, 0.00120923749637, -3.47338209394e-05, 0.000438439659774, -0.000820853107143, 0.000609639741015, -0.00046473054681, 0.000878269085661, -0.00122705521062, 0.00195735576563, -0.00110816326924, 0.00122861121781, -0.000335344317136], [2.11930964724e-05, -3.47338209394e-05, 0.00189366948325, -0.000459715927718, -0.000310755567625, -0.000917347148061, 0.000494026346132, -0.000949202105403, 0.000706438906491, -0.000592242577113, 0.00130478758365, 0.000569830997847, -0.000217475739191], [-0.000114465110528, 0.000438439659774, -0.000459715927718, 0.00475598406047, -0.000900046376046, 1.75381501322e-06, -0.000729151652195, 0.000549974560272, -0.00136214634404, 0.000948257569689, -0.000381840829505, 0.00138121622149, 0.000732230721042], [0.000257027539192, -0.000820853107143, -0.000310755567625, -0.000900046376046, 0.00587220257148, 2.52342670137e-05, -0.000744463177398, -0.00105090741999, -1.60304796282e-06, -0.000287090690108, 0.000741512805689, -0.000141170021379, 0.00113490154035], [-0.000125143575133, 0.000609639741015, -0.000917347148061, 1.75381501322e-06, 2.52342670137e-05, 0.00829234998673, -0.00228311493993, -0.000372906157281, 0.000585217843764, 0.000159100658493, -0.00057424698025, -0.000470591738122, 8.55607358972e-05], [0.000223118317081, -0.00046473054681, 0.000494026346132, -0.000729151652195, -0.000744463177398, -0.00228311493993, 0.00733321625739, -0.000821210502181, -0.000508710858412, -0.000476138899103, -4.69215119665e-05, 0.000407466082834, 0.000260757427895], [-0.000112515335786, 0.000878269085661, -0.000949202105403, 0.000549974560272, -0.00105090741999, -0.000372906157281, -0.000821210502181, 0.00819888524711, -0.00200861622579, 0.000628143083304, -0.000280874082819, 0.000184079661267, 0.000787295924965], [0.000244486291194, -0.00122705521062, 0.000706438906491, -0.00136214634404, -1.60304796282e-06, 0.000585217843764, -0.000508710858412, -0.00200861622579, 0.0112598314881, -0.00401307409629, 0.00077401654562, -0.00128405168653, 0.000529619224835], [-0.000133610810735, 0.00195735576563, -0.000592242577113, 0.000948257569689, -0.000287090690108, 0.000159100658493, -0.000476138899103, 0.000628143083304, -0.00401307409629, 0.012743011117, -0.00463501084596, 0.00094104046002, 5.71018681512e-05], [0.000251031655353, -0.00110816326924, 0.00130478758365, -0.000381840829505, 0.000741512805689, -0.00057424698025, -4.69215119665e-05, -0.000280874082819, 0.00077401654562, -0.00463501084596, 0.0142720025033, -0.00328262569383, -0.000264585163677], [-0.00011349934357, 0.00122861121781, 0.000569830997847, 0.00138121622149, -0.000141170021379, -0.000470591738122, 0.000407466082834, 0.000184079661267, -0.00128405168653, 0.00094104046002, -0.00328262569383, 0.0150585379452, -0.00451911147684], [0.000115918381198, -0.000335344317136, -0.000217475739191, 0.000732230721042, 0.00113490154035, 8.55607358972e-05, 0.000260757427895, 0.000787295924965, 0.000529619224835, 5.71018681512e-05, -0.000264585163677, -0.00451911147684, 0.0156616270542]]}, "melbands": {"dmean": [3.65134146705e-05, 0.000203234289074, 0.000862586777657, 0.000773523526732, 0.000493910280056, 0.000298958504573, 0.000215187348658, 0.000122262383229, 7.95455998741e-05, 6.51138980174e-05, 5.01482536492e-05, 4.81477109133e-05, 4.28569001087e-05, 3.69335321011e-05, 2.20355777856e-05, 9.81865650829e-06, 8.71505835676e-06, 9.46806812863e-06, 7.54281745685e-06, 5.69387111682e-06, 5.55872293262e-06, 4.43095359515e-06, 3.33283287546e-06, 3.36294715453e-06, 2.33237619796e-06, 1.78865718681e-06, 8.23902439606e-07, 6.62701609144e-07, 7.21307060303e-07, 9.95234699985e-07, 1.04318871763e-06, 8.24877872674e-07, 6.36093318462e-07, 5.23149253695e-07, 3.78687218472e-07, 4.10048897947e-07, 4.15645473595e-07, 5.79624384045e-07, 6.81145593262e-07, 5.95163157868e-07], "dmean2": [5.42386478628e-05, 0.000311360112391, 0.00128087075427, 0.00112248770893, 0.000738804927096, 0.000466620229417, 0.000338058918715, 0.000191195780644, 0.000122641344205, 9.88165702438e-05, 7.67617166275e-05, 7.38561429898e-05, 6.4134816057e-05, 5.35288672836e-05, 3.3779811929e-05, 1.53872024384e-05, 1.37536480906e-05, 1.47607142935e-05, 1.20931263154e-05, 8.85458666744e-06, 8.57956547407e-06, 6.645781923e-06, 5.14740486324e-06, 5.19798868481e-06, 3.5937011944e-06, 2.77476556221e-06, 1.25416454466e-06, 1.00245006251e-06, 1.07375240077e-06, 1.49673485339e-06, 1.56124076511e-06, 1.21260438846e-06, 9.52845539359e-07, 8.03086948054e-07, 5.72830231249e-07, 6.34699119928e-07, 6.26144583293e-07, 8.66354298523e-07, 1.01179500689e-06, 8.90525825525e-07], "dvar": [4.22718127169e-09, 1.37199208439e-07, 2.81039160654e-06, 2.95639324577e-06, 1.44662260482e-06, 6.34060313587e-07, 4.39377686234e-07, 1.16741652789e-07, 7.83904852142e-08, 6.21106863719e-08, 2.29841923272e-08, 2.35805348581e-08, 1.58395572214e-08, 1.09699822559e-08, 4.00773991771e-09, 8.56626936052e-10, 5.90777260445e-10, 5.34771837923e-10, 3.83127057857e-10, 1.59645380249e-10, 1.96935440178e-10, 2.51232701309e-10, 7.03726937834e-11, 9.21914766749e-11, 5.22540136161e-11, 2.56162539097e-11, 5.02184622012e-12, 2.95262599093e-12, 3.62135408466e-12, 7.25395828474e-12, 8.40590617945e-12, 5.82237816987e-12, 2.852149723e-12, 1.86069714324e-12, 9.01392296308e-13, 1.52741046807e-12, 2.45681057963e-12, 7.67442272925e-12, 1.23182939543e-11, 9.67925566087e-12], "dvar2": [1.03132284934e-08, 3.42283186683e-07, 5.95969822825e-06, 5.78940625928e-06, 2.90189109364e-06, 1.46253091771e-06, 1.0953117453e-06, 2.79507787582e-07, 1.89456287103e-07, 1.40753186884e-07, 5.01511401296e-08, 5.46449889782e-08, 3.60606904337e-08, 2.23933422916e-08, 9.30188015502e-09, 2.05184425006e-09, 1.49273082783e-09, 1.26846988469e-09, 9.67461333268e-10, 3.93174520719e-10, 4.37722580404e-10, 3.52732260067e-10, 1.65447919254e-10, 2.24687199402e-10, 1.19619203431e-10, 5.8711549511e-11, 1.18148858752e-11, 6.987031613e-12, 7.93438491992e-12, 1.63454770552e-11, 1.83250550151e-11, 1.23106351502e-11, 6.61525521861e-12, 4.61557441572e-12, 2.0762144174e-12, 3.66940505758e-12, 5.47818778188e-12, 1.74222719584e-11, 2.72892299036e-11, 2.08918628924e-11], "max": [0.00152223277837, 0.00653693918139, 0.0291651785374, 0.0447062365711, 0.0258995834738, 0.0187349207699, 0.0315390154719, 0.00755604123697, 0.00934633240104, 0.0105463052168, 0.00382932415232, 0.00399161223322, 0.00359173235483, 0.00300960894674, 0.00173374230508, 0.000911308394279, 0.000875237339642, 0.000559245818295, 0.000431035616202, 0.000411110726418, 0.000548874028027, 0.00145836325828, 0.00024346903956, 0.000318234902807, 0.000222277580178, 0.000137261973578, 4.5710192353e-05, 3.50484333467e-05, 4.30628715549e-05, 5.25274190295e-05, 6.44450046821e-05, 5.81698623137e-05, 4.38702481915e-05, 3.6229397665e-05, 2.48812702921e-05, 3.68328219338e-05, 5.20094108651e-05, 0.000135954920552, 0.00012532081746, 0.000114397815196], "mean": [6.98685835232e-05, 0.000359237397788, 0.00152736529708, 0.00152189389337, 0.000911222421564, 0.0005056533264, 0.000372080248781, 0.000184491174878, 0.00012088479707, 9.63919083006e-05, 7.36605798011e-05, 7.69737380324e-05, 7.47527155909e-05, 7.21754549886e-05, 3.49345827999e-05, 1.31724018502e-05, 1.25642955027e-05, 1.46512084029e-05, 1.093182982e-05, 1.04030214061e-05, 1.03498041426e-05, 7.92265473137e-06, 4.89313561047e-06, 4.75962860946e-06, 3.47971422343e-06, 2.66098140855e-06, 1.13243197575e-06, 9.16983253774e-07, 1.01404566522e-06, 1.39514975217e-06, 1.46369029608e-06, 1.17266563393e-06, 8.66535060595e-07, 6.90793626745e-07, 4.96452514653e-07, 5.17530963862e-07, 5.93484855926e-07, 8.40032726046e-07, 1.00216789178e-06, 8.69902009981e-07], "median": [2.77548970189e-05, 0.000180260205525, 0.000608902948443, 0.000564839923754, 0.000256635656115, 0.000219145818846, 0.00016920582857, 6.93957845215e-05, 4.64564436697e-05, 3.5294542613e-05, 2.32341299125e-05, 2.47519747063e-05, 3.10631367029e-05, 2.09520731005e-05, 9.75019247562e-06, 3.96589712182e-06, 5.09188976139e-06, 5.01490876559e-06, 4.08067990065e-06, 4.5230053729e-06, 3.93493064621e-06, 2.44930902227e-06, 1.47824084706e-06, 1.60345962286e-06, 1.13357987175e-06, 9.05408057861e-07, 3.30353600475e-07, 2.47413424859e-07, 2.48695386063e-07, 2.89128564646e-07, 2.43203743366e-07, 1.79801759259e-07, 1.67762266301e-07, 1.5951005139e-07, 1.12527047236e-07, 8.6321733761e-08, 7.83350628808e-08, 7.98587365125e-08, 6.52112959187e-08, 4.73439492055e-08], "min": [1.23573964286e-23, 1.02536432339e-23, 6.06859208572e-23, 3.21134167354e-23, 2.70044726787e-23, 3.89563259711e-24, 4.97304777741e-24, 1.15712515715e-23, 1.69773484871e-23, 1.69958314981e-23, 1.21210655343e-23, 9.05035819644e-24, 7.49872638272e-24, 3.48480645945e-24, 7.70485179295e-24, 1.25741541061e-23, 8.12014603878e-24, 5.28325825649e-24, 7.92176329833e-24, 1.07371936696e-23, 1.06876295389e-23, 1.31175301751e-23, 1.11941531818e-23, 7.9043744374e-24, 1.76675560253e-23, 8.4444491235e-24, 8.29435413678e-24, 1.15907995447e-23, 9.6271377916e-24, 9.69884682561e-24, 1.15574173178e-23, 6.55720669284e-24, 9.07007261932e-24, 1.48877727006e-23, 1.28471252229e-23, 7.50657791531e-24, 6.83030323848e-24, 8.50044799258e-24, 7.95478974899e-24, 7.27176321168e-24], "var": [1.08957776135e-08, 2.6663940389e-07, 6.2918702497e-06, 8.5006649897e-06, 4.1661328396e-06, 9.67574919741e-07, 5.24418908299e-07, 1.4589917896e-07, 9.3349306951e-08, 8.12219340673e-08, 3.50176385666e-08, 3.75021507182e-08, 2.42030129272e-08, 2.83547958446e-08, 7.34877447783e-09, 1.18542420324e-09, 6.52193909989e-10, 8.85625073277e-10, 4.76628125856e-10, 3.12587178364e-10, 4.43132169847e-10, 9.72599445426e-10, 1.15497868214e-10, 1.17389334364e-10, 8.42420230796e-11, 4.05677401394e-11, 6.6701440378e-12, 4.07725502666e-12, 5.75985049586e-12, 1.27631559835e-11, 1.58960657137e-11, 1.17650446677e-11, 4.80724834939e-12, 2.55132351877e-12, 1.32842467495e-12, 2.20469410957e-12, 4.7961040521e-12, 1.39472808303e-11, 2.58290888677e-11, 2.01880422102e-11]}, "mfcc": {"mean": [-706.711120605, 146.222503662, 6.38158035278, 8.29625988007, 0.633293092251, -4.79546928406, -10.9376621246, -2.97681593895, -8.08775520325, -14.2442016602, -9.87424564362, -8.27350521088, -4.21575117111], "cov": [[9095.44628906, -455.726318359, 197.775970459, -103.660087585, -116.276313782, -52.5566940308, -104.504981995, -63.2936325073, -27.1682014465, -208.229293823, -5.2311797142, -8.03395462036, -105.931259155], [-455.726318359, 1477.41992188, -125.46710968, 101.872146606, 81.185760498, 19.9295120239, -28.5325241089, 95.1756591797, -26.6569652557, 28.6180610657, -49.0898857117, -55.5861282349, -1.14880263805], [197.775970459, -125.46710968, 533.518981934, 26.560541153, 82.3796920776, 16.2060031891, 56.8318252563, 13.2077636719, 64.8883132935, 14.232963562, 14.8959884644, 7.2000336647, -43.3441925049], [-103.660087585, 101.872146606, 26.560541153, 245.89755249, 63.0397186279, 29.6003398895, 15.2930879593, 30.7743911743, 25.3660316467, 35.677898407, 13.2370271683, 5.98707914352, 0.0466281361878], [-116.276313782, 81.185760498, 82.3796920776, 63.0397186279, 197.354598999, -2.95717692375, 17.1004486084, 24.3393573761, 24.9600563049, 23.1531486511, 2.17464947701, 9.20525550842, -2.73298001289], [-52.5566940308, 19.9295120239, 16.2060031891, 29.6003398895, -2.95717692375, 147.997772217, 22.1676464081, 4.73921012878, 5.45215654373, 12.48579216, 6.37051296234, 2.10659050941, 3.69875645638], [-104.504981995, -28.5325241089, 56.8318252563, 15.2930879593, 17.1004486084, 22.1676464081, 148.975097656, 28.8208122253, 25.5506973267, 27.4157085419, 10.4352712631, -1.93185949326, -3.98831677437], [-63.2936325073, 95.1756591797, 13.2077636719, 30.7743911743, 24.3393573761, 4.73921012878, 28.8208122253, 138.573577881, 32.7804985046, 21.482334137, -1.99159181118, 2.29079675674, 0.0745614618063], [-27.1682014465, -26.6569652557, 64.8883132935, 25.3660316467, 24.9600563049, 5.45215654373, 25.5506973267, 32.7804985046, 123.148857117, 23.8138408661, 12.3780736923, 18.4760951996, 0.163390949368], [-208.229293823, 28.6180610657, 14.232963562, 35.677898407, 23.1531486511, 12.48579216, 27.4157085419, 21.482334137, 23.8138408661, 127.717391968, 27.1647491455, 5.60808372498, 11.0856466293], [-5.2311797142, -49.0898857117, 14.8959884644, 13.2370271683, 2.17464947701, 6.37051296234, 10.4352712631, -1.99159181118, 12.3780736923, 27.1647491455, 103.952301025, 23.6727161407, -2.20904159546], [-8.03395462036, -55.5861282349, 7.2000336647, 5.98707914352, 9.20525550842, 2.10659050941, -1.93185949326, 2.29079675674, 18.4760951996, 5.60808372498, 23.6727161407, 93.0189666748, 25.1996974945], [-105.931259155, -1.14880263805, -43.3441925049, 0.0466281361878, -2.73298001289, 3.69875645638, -3.98831677437, 0.0745614618063, 0.163390949368, 11.0856466293, -2.20904159546, 25.1996974945, 98.0485153198]], "icov": [[0.00011885719141, 2.70962282229e-05, -5.16595137015e-05, 1.58442981046e-06, 5.7178462157e-05, 1.91557846847e-05, 7.42739648558e-05, -1.29631607706e-05, 5.86688975091e-06, 0.000163396063726, -2.47694733844e-05, -3.41223449141e-06, 9.16299177334e-05], [2.70962282229e-05, 0.000807265634649, 0.000197576926439, -0.000227427328355, -0.000319502083585, -0.000119390111649, 0.00025110587012, -0.000539771514013, 0.000215809137444, -0.000108398409793, 0.000269436044618, 0.00042056516395, 4.22828088631e-05], [-5.16595137015e-05, 0.000197576926439, 0.00233904225752, 2.83888348349e-05, -0.000932258146349, -0.00022894149879, -0.000593909353483, 0.000122772777104, -0.000906549568754, -8.56600036059e-06, -7.43376722312e-06, -6.41669466859e-05, 0.000957708980422], [1.58442981046e-06, -0.000227427328355, 2.83888348349e-05, 0.00481873052195, -0.00126207852736, -0.000859385298099, 5.9439065808e-05, -0.000456269219285, -0.000455270812381, -0.000757537549362, -0.000386459636502, -8.64267713041e-05, 0.000109224311018], [5.7178462157e-05, -0.000319502083585, -0.000932258146349, -0.00126207852736, 0.00620640534908, 0.000623628788162, -0.000173384338268, -0.000299846753478, -0.000320407445543, -0.000452664942713, 0.00029337243177, -0.000644405721687, 1.30989064928e-05], [1.91557846847e-05, -0.000119390111649, -0.00022894149879, -0.000859385298099, 0.000623628788162, 0.00716490950435, -0.000967543979641, 0.000171256615431, 7.1984330134e-05, -0.000251365825534, -0.00018991487741, -0.000108530068246, -0.000321978528518], [7.42739648558e-05, 0.00025110587012, -0.000593909353483, 5.9439065808e-05, -0.000173384338268, -0.000967543979641, 0.00780280632898, -0.0013484392548, -0.000676922150888, -0.00104708084837, -0.000347119523212, 0.000690440414473, 0.000104938357254], [-1.29631607706e-05, -0.000539771514013, 0.000122772777104, -0.000456269219285, -0.000299846753478, 0.000171256615431, -0.0013484392548, 0.00856747478247, -0.00192638416775, -0.000655235780869, 0.000543534231838, -0.000264492497081, 0.000115494214697], [5.86688975091e-06, 0.000215809137444, -0.000906549568754, -0.000455270812381, -0.000320407445543, 7.1984330134e-05, -0.000676922150888, -0.00192638416775, 0.00991245731711, -0.00102678791154, -0.000228328179219, -0.00157541444059, 6.99398078723e-05], [0.000163396063726, -0.000108398409793, -8.56600036059e-06, -0.000757537549362, -0.000452664942713, -0.000251365825534, -0.00104708084837, -0.000655235780869, -0.00102678791154, 0.00954185519367, -0.00235671806149, 0.000584674067795, -0.00115387700498], [-2.47694733844e-05, 0.000269436044618, -7.43376722312e-06, -0.000386459636502, 0.00029337243177, -0.00018991487741, -0.000347119523212, 0.000543534231838, -0.000228328179219, -0.00235671806149, 0.0111640682444, -0.00284634786658, 0.00122401444241], [-3.41223449141e-06, 0.00042056516395, -6.41669466859e-05, -8.64267713041e-05, -0.000644405721687, -0.000108530068246, 0.000690440414473, -0.000264492497081, -0.00157541444059, 0.000584674067795, -0.00284634786658, 0.0130476513878, -0.00349368387833], [9.16299177334e-05, 4.22828088631e-05, 0.000957708980422, 0.000109224311018, 1.30989064928e-05, -0.000321978528518, 0.000104938357254, 0.000115494214697, 6.99398078723e-05, -0.00115387700498, 0.00122401444241, -0.00349368387833, 0.0117943799123]]}, "spectral_contrast_coeffs": {"dmean": [0.0500381141901, 0.0460582785308, 0.0418536961079, 0.0334319062531, 0.0263753887266, 0.0201118830591], "dmean2": [0.0792497098446, 0.0738165527582, 0.0647462382913, 0.0518155619502, 0.0405859984457, 0.0304835438728], "dvar": [0.00185744615737, 0.00161746738013, 0.00131750293076, 0.000800019595772, 0.000580615131184, 0.000346215849277], "dvar2": [0.0044919475913, 0.00400112755597, 0.00289422180504, 0.00182927958667, 0.0012174063595, 0.000746299978346], "max": [-0.207443863153, -0.419103950262, -0.448266714811, -0.453235030174, -0.558837771416, -0.575324475765], "mean": [-0.536096572876, -0.704903721809, -0.730980336666, -0.758477628231, -0.774117529392, -0.781230509281], "median": [-0.540088176727, -0.705850481987, -0.736474752426, -0.763483464718, -0.777859628201, -0.783084869385], "min": [-0.970856189728, -0.969857871532, -0.980585515499, -0.954201519489, -0.957185447216, -0.960644066334], "var": [0.0111347781494, 0.00618821755052, 0.00564926862717, 0.00392725132406, 0.00283582461998, 0.00176546350121]}, "spectral_contrast_valleys": {"dmean": [0.46652585268, 0.384603083134, 0.416033416986, 0.408107191324, 0.421563595533, 0.473343521357], "dmean2": [0.715997755527, 0.589829564095, 0.602787494659, 0.564578354359, 0.535241007805, 0.582892894745], "dvar": [0.180825248361, 0.136698320