{"lowlevel": {"average_loudness": 0.944205641747, "barkbands_crest": {"dmean": 2.59657645226, "dmean2": 3.77534723282, "dvar": 7.19212913513, "dvar2": 16.3606128693, "max": 26.5956096649, "mean": 14.8144922256, "median": 14.140504837, "min": 3.04254508018, "var": 27.7707710266}, "barkbands_flatness_db": {"dmean": 0.0293580908328, "dmean2": 0.0436465926468, "dvar": 0.00130483752582, "dvar2": 0.00252517312765, "max": 0.523064851761, "mean": 0.221135318279, "median": 0.212906733155, "min": 0.0351860746741, "var": 0.00615007383749}, "barkbands_kurtosis": {"dmean": 7.07746458054, "dmean2": 10.437005043, "dvar": 285.141357422, "dvar2": 582.429992676, "max": 429.6953125, "mean": 13.391160965, "median": 5.27554893494, "min": -1.91647958755, "var": 750.582580566}, "barkbands_skewness": {"dmean": 0.740156471729, "dmean2": 1.07803070545, "dvar": 0.991496682167, "dvar2": 1.89216542244, "max": 17.8686981201, "mean": 2.47417783737, "median": 1.90895175934, "min": -2.973913908, "var": 4.41281652451}, "barkbands_spread": {"dmean": 3.98235654831, "dmean2": 6.34488582611, "dvar": 40.4401931763, "dvar2": 93.8340606689, "max": 68.5011672974, "mean": 13.2345113754, "median": 10.1382055283, "min": 0.189285606146, "var": 132.170547485}, "dissonance": {"dmean": 0.0232570767403, "dmean2": 0.0384653918445, "dvar": 0.000524708186276, "dvar2": 0.00134452886414, "max": 0.499993979931, "mean": 0.442048043013, "median": 0.447142958641, "min": 0.224959596992, "var": 0.00121387594845}, "dynamic_complexity": 4.6349196434, "erbbands_crest": {"dmean": 2.55093932152, "dmean2": 3.92506146431, "dvar": 7.72751379013, "dvar2": 17.3035907745, "max": 33.8148155212, "mean": 12.8269376755, "median": 11.8583955765, "min": 2.71146917343, "var": 32.4668426514}, "erbbands_flatness_db": {"dmean": 0.0158103909343, "dmean2": 0.0228020958602, "dvar": 0.000316834455589, "dvar2": 0.000634176831227, "max": 0.411589235067, "mean": 0.196809515357, "median": 0.19549266994, "min": 0.0373621433973, "var": 0.00329155079089}, "erbbands_kurtosis": {"dmean": 1.35785210133, "dmean2": 2.05918097496, "dvar": 4.32850885391, "dvar2": 8.78003787994, "max": 42.6145782471, "mean": 2.02230834961, "median": 0.860198497772, "min": -1.79725015163, "var": 14.7002410889}, "erbbands_skewness": {"dmean": 0.378649324179, "dmean2": 0.574517071247, "dvar": 0.188407495618, "dvar2": 0.432643413544, "max": 4.59179639816, "mean": 0.502456068993, "median": 0.699402749538, "min": -5.95612573624, "var": 1.39775383472}, "erbbands_spread": {"dmean": 5.98032569885, "dmean2": 8.97904396057, "dvar": 57.4214286804, "dvar2": 124.338569641, "max": 125.640838623, "mean": 29.6608734131, "median": 27.610868454, "min": 2.71761488914, "var": 244.96144104}, "hfc": {"dmean": 4.97675609589, "dmean2": 7.83322191238, "dvar": 65.1072158813, "dvar2": 163.615615845, "max": 89.3930358887, "mean": 15.7477788925, "median": 14.4205188751, "min": 1.25148045931e-16, "var": 138.451400757}, "melbands_crest": {"dmean": 3.35929727554, "dmean2": 5.15447616577, "dvar": 13.8692102432, "dvar2": 38.0818099976, "max": 37.5275001526, "mean": 20.4177036285, "median": 19.7468395233, "min": 2.96572804451, "var": 64.0386276245}, "melbands_flatness_db": {"dmean": 0.03627281636, "dmean2": 0.0547840446234, "dvar": 0.00224768486805, "dvar2": 0.00449165469036, "max": 0.64693748951, "mean": 0.313123762608, "median": 0.302654087543, "min": 0.010210454464, "var": 0.0082153826952}, "melbands_kurtosis": {"dmean": 12.0870761871, "dmean2": 18.4760990143, "dvar": 697.182800293, "dvar2": 1420.58666992, "max": 583.383178711, "mean": 25.7606658936, "median": 10.5085277557, "min": -1.84515452385, "var": 1954.7824707}, "melbands_skewness": {"dmean": 0.871569097042, "dmean2": 1.30867731571, "dvar": 1.37791454792, "dvar2": 2.73036766052, "max": 20.5474853516, "mean": 3.35270833969, "median": 2.60468029976, "min": -1.92169117928, "var": 6.56938028336}, "melbands_spread": {"dmean": 4.62917947769, "dmean2": 7.47574281693, "dvar": 69.0335998535, "dvar2": 158.817840576, "max": 156.793411255, "mean": 13.1073446274, "median": 9.75586032867, "min": 0.314987242222, "var": 171.078582764}, "pitch_salience": {"dmean": 0.0788991823792, "dmean2": 0.127314716578, "dvar": 0.0123089654371, "dvar2": 0.0299214515835, "max": 0.992503345013, "mean": 0.406896054745, "median": 0.41835936904, "min": 0.0348846055567, "var": 0.0258134957403}, "silence_rate_20dB": {"dmean": 0, "dmean2": 0, "dvar": 0, "dvar2": 0, "max": 1, "mean": 1, "median": 1, "min": 1, "var": 0}, "silence_rate_30dB": {"dmean": 0.0787860229611, "dmean2": 0.157596200705, "dvar": 0.0725738182664, "dvar2": 0.148400977254, "max": 1, "mean": 0.778697311878, "median": 1, "min": 0, "var": 0.172319069505}, "silence_rate_60dB": {"dmean": 0.005211526528, "dmean2": 0.0102713471279, "dvar": 0.005183941219, "dvar2": 0.0113934474066, "max": 1, "mean": 0.0799999982119, "median": 0, "min": 0, "var": 0.0736012011766}, "spectral_centroid": {"dmean": 187.914810181, "dmean2": 292.12512207, "dvar": 89046.671875, "dvar2": 185855.765625, "max": 10709.5996094, "mean": 976.72265625, "median": 778.476745605, "min": 105.636062622, "var": 335864.875}, "spectral_complexity": {"dmean": 3.34426736832, "dmean2": 5.72527980804, "dvar": 27.0406341553, "dvar2": 70.2434158325, "max": 54, "mean": 13.1999998093, "median": 13, "min": 0, "var": 45.8343963623}, "spectral_decrease": {"dmean": 4.93362550813e-09, "dmean2": 7.08418923523e-09, "dvar": 5.00343718519e-17, "dvar2": 1.04303941527e-16, "max": -1.24040166941e-30, "mean": -1.55020565273e-08, "median": -9.94716220504e-09, "min": -7.53849249691e-08, "var": 2.02960409993e-16}, "spectral_energy": {"dmean": 0.0188511107117, "dmean2": 0.0270580090582, "dvar": 0.00071603251854, "dvar2": 0.00149357679766, "max": 0.286891460419, "mean": 0.0599366500974, "median": 0.0394647978246, "min": 1.13559748888e-20, "var": 0.00293381675147}, "spectral_energyband_high": {"dmean": 0.000168942293385, "dmean2": 0.000275567756034, "dvar": 3.243096387e-07, "dvar2": 8.6324860149e-07, "max": 0.0105618424714, "mean": 0.000235306681134, "median": 8.00535199232e-05, "min": 7.8921633439e-21, "var": 3.19134443316e-07}, "spectral_energyband_low": {"dmean": 0.0176938232034, "dmean2": 0.0267245471478, "dvar": 0.000935338845011, "dvar2": 0.0020069994498, "max": 0.277359962463, "mean": 0.0426854193211, "median": 0.0137513838708, "min": 6.22572939151e-23, "var": 0.00287790969014}, "spectral_energyband_middle_high": {"dmean": 0.00154455634765, "dmean2": 0.00254467036575, "dvar": 7.5251623457e-06, "dvar2": 1.92193019757e-05, "max": 0.0300521478057, "mean": 0.00339599163271, "median": 0.00225656968541, "min": 1.92085636181e-21, "var": 1.34772653837e-05}, "spectral_energyband_middle_low": {"dmean": 0.00567334610969, "dmean2": 0.00943585857749, "dvar": 0.000142711680382, "dvar2": 0.00038466884871, "max": 0.116231173277, "mean": 0.014883405529, "median": 0.00901318062097, "min": 2.87215975707e-22, "var": 0.000238121894654}, "spectral_entropy": {"dmean": 0.25793620944, "dmean2": 0.400324821472, "dvar": 0.112179242074, "dvar2": 0.24912174046, "max": 9.80125141144, "mean": 6.91869258881, "median": 6.85098218918, "min": 4.89956378937, "var": 0.280050992966}, "spectral_flux": {"dmean": 0.0413343533874, "dmean2": 0.055995747447, "dvar": 0.00250152219087, "dvar2": 0.00402147741988, "max": 0.484831303358, "mean": 0.0904207602143, "median": 0.0611117593944, "min": 1.06564417013e-10, "var": 0.00758838234469}, "spectral_kurtosis": {"dmean": 3.48741340637, "dmean2": 6.03015899658, "dvar": 17.2125701904, "dvar2": 50.1445617676, "max": 66.1183242798, "mean": 8.69757938385, "median": 7.36074352264, "min": -1.20846879482, "var": 34.2642402649}, "spectral_rms": {"dmean": 0.00107823440339, "dmean2": 0.00152416690253, "dvar": 1.74318665813e-06, "dvar2": 3.35876552526e-06, "max": 0.0167300365865, "mean": 0.00677333027124, "median": 0.00620501767844, "min": 3.32851324628e-12, "var": 1.25969863802e-05}, "spectral_rolloff": {"dmean": 240.278121948, "dmean2": 420.788543701, "dvar": 353806.0625, "dvar2": 741194.625, "max": 18906.1523438, "mean": 685.889526367, "median": 452.197265625, "min": 43.06640625, "var": 605985.25}, "spectral_skewness": {"dmean": 0.364061832428, "dmean2": 0.609795153141, "dvar": 0.154813602567, "dvar2": 0.43200173974, "max": 6.09835577011, "mean": 2.01671552658, "median": 1.95581102371, "min": 0.0649968087673, "var": 0.389311701059}, "spectral_spread": {"dmean": 417480.09375, "dmean2": 649311.1875, "dvar": 643419537408, "dvar2": 1266962137090.0, "max": 40357216, "mean": 3505468, "median": 3202608.25, "min": 1138161.125, "var": 1945809584130.0}, "spectral_strongpeak": {"dmean": 0.410677433014, "dmean2": 0.707052111626, "dvar": 1.2418076992, "dvar2": 3.04021072388, "max": 15.4511165619, "mean": 0.953426063061, "median": 0.444784492254, "min": 0, "var": 1.83952522278}, "zerocrossingrate": {"dmean": 0.0062425006181, "dmean2": 0.0075592645444, "dvar": 9.68600797933e-05, "dvar2": 0.000116146307846, "max": 0.50927734375, "mean": 0.0303708687425, "median": 0.0263671875, "min": 0.00146484375, "var": 0.000511063961312}, "barkbands": {"dmean": [0.00126177445054, 0.0153466295451, 0.00576160568744, 0.00165737327188, 0.00114946905524, 0.00208802171983, 0.001255386509, 0.000436197558884, 0.000521610025316, 0.00041449922719, 0.000271380326012, 0.000176235553226, 0.000129965061205, 0.00012309581507, 0.000272577162832, 0.000241395435296, 0.000244646013016, 0.000176026369445, 9.01745661395e-05, 7.10284803063e-05, 5.49187643628e-05, 3.26915433106e-05, 2.22634353122e-05, 1.54372482939e-05, 2.2319953132e-05, 7.25067638996e-06, 4.25336384069e-06], "dmean2": [0.001536353142, 0.0227676574141, 0.0101954853162, 0.00309621728957, 0.00213644723408, 0.00320295826532, 0.00209666625597, 0.000789009500295, 0.000829040189274, 0.000626822526101, 0.000411362852901, 0.000298755941913, 0.000227757220273, 0.000202856579563, 0.000456763169495, 0.000427084363764, 0.000386851519579, 0.0002734856389, 0.000141001029988, 0.000115677023132, 9.03815744095e-05, 5.55203514523e-05, 3.5852262954e-05, 2.56416115008e-05, 3.90487002733e-05, 1.12391680887e-05, 6.8780896072e-06], "dvar": [3.62075411431e-06, 0.000707845261786, 0.000408100429922, 3.41521517839e-05, 1.38738951136e-05, 1.2636248357e-05, 7.45995021134e-06, 1.27704822717e-06, 9.92330797089e-07, 8.49680645842e-07, 5.77686876113e-07, 2.24209088628e-07, 1.00087589772e-07, 8.7239662605e-08, 6.27599774816e-07, 6.93246533956e-07, 4.17482738158e-07, 3.10237311396e-07, 1.05458774158e-07, 9.71574536379e-08, 3.36689041092e-08, 1.66972089488e-08, 9.75395053615e-09, 3.35628547177e-09, 1.05208606271e-08, 1.07879027933e-09, 8.06147260057e-10], "dvar2": [6.99535894455e-06, 0.00155958987307, 0.00109329342376, 9.90059124888e-05, 4.02571349696e-05, 2.75826751022e-05, 1.88528774743e-05, 3.59499404112e-06, 2.50403377322e-06, 1.61799403031e-06, 1.09316385988e-06, 6.11096368175e-07, 2.74054883675e-07, 2.19158152959e-07, 1.42329975006e-06, 1.66438678662e-06, 8.86938778422e-07, 5.96171162215e-07, 1.8114153022e-07, 2.21775437126e-07, 9.14583253575e-08, 4.50453008227e-08, 2.56454644187e-08, 8.92067841818e-09, 3.00225408978e-08, 2.79339973375e-09, 2.14420814437e-09], "max": [0.0224115885794, 0.251573562622, 0.170889019966, 0.0592205896974, 0.0365495570004, 0.067730627954, 0.0597522854805, 0.0133579978719, 0.0199587102979, 0.017941467464, 0.0216896813363, 0.0116976499557, 0.00685249362141, 0.0122354775667, 0.0133808171377, 0.015992347151, 0.0133391683921, 0.0127631723881, 0.0127199348062, 0.0126704014838, 0.00416252855211, 0.00263740215451, 0.00239841453731, 0.00106906844303, 0.00164213764947, 0.000555172271561, 0.000670383684337], "mean": [0.00310109718703, 0.0346253663301, 0.00402452377602, 0.00166162557434, 0.0011285522487, 0.00669361231849, 0.00312385824509, 0.000458366412204, 0.00109707575757, 0.000912523770239, 0.000512240396347, 0.000262901274255, 0.00017180260329, 0.000201164002647, 0.000408010411775, 0.000269536190899, 0.000451888074167, 0.000351291557308, 0.000172137864865, 0.000111837667646, 7.36769652576e-05, 3.90032182622e-05, 2.69464017038e-05, 1.8644361262e-05, 2.29599791055e-05, 1.00340503195e-05, 6.19727097728e-06], "median": [0.000773028237745, 0.0106889875606, 0.000408200983657, 0.000567524868529, 0.0005005467101, 0.00194828305393, 0.000673542846926, 0.000160421273904, 0.000601259816904, 0.0001790435781, 0.000154733948875, 9.28215013118e-05, 6.97803261573e-05, 7.32105254428e-05, 9.38902157941e-05, 3.21709267155e-05, 0.000103675818536, 9.47506196098e-05, 5.34025202796e-05, 3.67765896954e-05, 2.26493357331e-05, 9.29606540012e-06, 4.23767323809e-06, 2.09367681236e-06, 2.41983980231e-06, 1.31888737087e-06, 3.14693068049e-07], "min": [3.91639273401e-23, 1.86728724743e-23, 1.8448859643e-23, 5.91054112123e-24, 8.29078375233e-24, 9.49842172428e-24, 7.21272186386e-23, 5.15250464034e-23, 1.3145744732e-22, 4.45201761352e-23, 8.51458217119e-23, 5.36132022402e-23, 1.07287456004e-22, 9.21933598887e-23, 2.48205529145e-22, 1.82000712151e-22, 3.84366859379e-22, 2.47054221363e-22, 3.64558726132e-22, 3.09377186371e-22, 5.57719358846e-22, 6.12355991359e-22, 4.16601382041e-22, 1.00586687197e-21, 1.00108483503e-21, 1.693316565e-21, 2.65976916935e-21], "var": [1.90939899767e-05, 0.00219028652646, 0.000273123238003, 1.99075257115e-05, 7.95867435954e-06, 8.16887259134e-05, 3.3517684642e-05, 9.5155218105e-07, 2.29052807299e-06, 2.99967314277e-06, 1.51596680098e-06, 2.77221261058e-07, 1.12177794165e-07, 1.34448995937e-07, 1.47311118326e-06, 1.35435595894e-06, 1.28501460495e-06, 1.18824118545e-06, 4.32079303891e-07, 2.42233568315e-07, 2.95318844934e-08, 1.55623816056e-08, 9.63925028685e-09, 3.55782026062e-09, 7.57154250408e-09, 1.2681503625e-09, 6.47216946703e-10]}, "erbbands": {"dmean": [0.619304955006, 3.17175126076, 6.65836668015, 5.95899915695, 3.90621852875, 3.92425012589, 11.8967790604, 16.031167984, 19.9693183899, 13.1031265259, 11.8501167297, 10.9523305893, 14.8956890106, 11.8817863464, 5.15371799469, 6.95519113541, 6.46702623367, 6.49183702469, 7.40779972076, 15.6776018143, 12.0444412231, 15.2599849701, 11.9686250687, 5.44225645065, 3.69817638397, 2.69819045067, 2.12128448486, 2.19389128685, 1.19004249573, 0.882460296154, 0.628080666065, 0.344781607389, 0.297746419907, 0.318861573935, 0.117015235126, 0.0388499386609, 0.0131150102243, 0.00320104905404, 0.000724869198166, 7.00706368661e-05], "dmean2": [0.812407791615, 4.71299600601, 10.7996072769, 10.8196754456, 7.2847661972, 7.20413208008, 18.5344257355, 24.7301616669, 33.1531295776, 21.9674682617, 19.9216251373, 17.7082271576, 22.030632019, 18.5695285797, 8.83190059662, 11.8437986374, 11.1496248245, 10.6076869965, 12.9432535172, 26.6486682892, 21.6084938049, 23.4596881866, 18.4505767822, 8.03576660156, 6.23421621323, 4.50172567368, 3.44818782806, 3.58124637604, 1.99809896946, 1.5076444149, 1.01968979836, 0.557833492756, 0.513395190239, 0.569104135036, 0.199297830462, 0.0617268532515, 0.0204814728349, 0.00499054556713, 0.00117674737703, 0.00011318075849], "dvar": [0.898685455322, 41.0432357788, 443.328491211, 427.031646729, 180.169754028, 150.750076294, 543.746032715, 903.508666992, 1961.34106445, 1153.92126465, 614.720825195, 466.989959717, 1220.7052002, 962.298461914, 157.24609375, 336.381256104, 237.086807251, 240.3956604, 308.759399414, 2360.64208984, 1493.05761719, 1752.74450684, 1416.87646484, 544.300720215, 223.071273804, 73.0092849731, 42.6713905334, 56.857963562, 23.1342067719, 14.167924881, 7.37664937973, 1.66380822659, 1.44158792496, 1.93040573597, 0.434888750315, 0.0376246273518, 0.00370319979265, 0.000240209803451, 2.1285855837e-05, 1.68218605268e-07], "dvar2": [1.86010098457, 84.1894378662, 1105.28015137, 1191.76733398, 521.292053223, 435.730255127, 1259.38537598, 1934.27490234, 4927.34423828, 2953.8828125, 1627.80603027, 1202.77258301, 2247.08691406, 1970.12023926, 407.041442871, 924.57043457, 653.107910156, 598.391479492, 757.891662598, 5597.8359375, 3806.29760742, 3515.43212891, 2654.5715332, 840.492797852, 519.317810059, 182.933441162, 114.833816528, 151.616134644, 62.3909912109, 38.2792663574, 19.4733867645, 4.30137681961, 4.03785419464, 5.56693124771, 1.24249565601, 0.102968208492, 0.00940643064678, 0.000601703883149, 5.70657830394e-05, 4.69134533887e-07], "max": [11.076505661, 64.4066467285, 183.165267944, 185.141967773, 115.831878662, 129.202087402, 356.93951416, 724.984802246, 851.879272461, 763.257202148, 389.377410889, 333.118774414, 696.949584961, 813.989685059, 259.280883789, 443.356506348, 289.332305908, 643.950500488, 246.636032104, 954.727905273, 753.397338867, 925.157592773, 894.417907715, 1090.92089844, 559.308044434, 240.113845825, 137.584243774, 146.202606201, 99.6352310181, 87.3094177246, 60.8465270996, 27.6252613068, 19.1151981354, 17.2907238007, 13.1508455276, 3.57657694817, 1.09630393982, 0.342359542847, 0.111568190157, 0.00988522171974], "mean": [1.4482229948, 5.86249923706, 5.96794843674, 5.28496646881, 3.70247817039, 4.33297681808, 29.8601703644, 47.6378669739, 55.4319000244, 24.3097915649, 19.2606506348, 23.3929691315, 35.313659668, 22.6668128967, 7.6428976059, 10.6454114914, 9.7062702179, 11.4572973251, 11.1624364853, 22.2371902466, 14.8407850266, 31.0335655212, 25.4412708282, 11.659863472, 6.09113740921, 3.8723692894, 2.86911034584, 2.97547388077, 1.43875563145, 1.04565012455, 0.754665076733, 0.441140562296, 0.316791892052, 0.295640915632, 0.136844024062, 0.0513328127563, 0.0180572494864, 0.0043962826021, 0.00105442712083, 0.000146204823977], "median": [0.448129087687, 1.76266026497, 1.0554049015, 1.24454367161, 1.63193833828, 1.88297772408, 7.67163658142, 13.008228302, 9.81380176544, 6.93869256973, 9.74548625946, 13.1163129807, 8.21536540985, 8.1653470993, 3.00748157501, 4.35803890228, 4.00102567673, 4.66564750671, 4.21011161804, 4.65924787521, 3.64602398872, 6.32873630524, 7.34210443497, 3.73927474022, 2.2541615963, 1.43935847282, 1.11434316635, 0.774786293507, 0.334757775068, 0.212487250566, 0.114571712911, 0.0478163026273, 0.0349068939686, 0.0233933459967, 0.0163877271116, 0.00809569563717, 0.00202179281041, 0.000465032586362, 9.81074190349e-05, 9.61636105785e-05], "min": [1.10171137674e-21, 2.71789456131e-21, 1.49079934523e-20, 2.76588000335e-20, 1.64895643991e-20, 2.40288778584e-20, 6.72321480514e-20, 1.02765132367e-19, 6.93261777441e-19, 1.31684568579e-18, 1.46115975136e-18, 2.95849707399e-18, 1.65034092053e-18, 1.61428783995e-18, 4.008970957e-18, 2.96131982783e-18, 4.80992332669e-18, 4.01808607376e-18, 7.92605951873e-18, 1.39319631749e-17, 9.43161177882e-18, 1.94705081305e-17, 1.76604715141e-17, 1.30309186423e-17, 1.83917537695e-17, 1.4808663782e-17, 1.85879213062e-17, 2.37827594824e-17, 1.6055160445e-17, 2.28141111328e-17, 1.25434718607e-17, 2.06245375816e-17, 1.53820686913e-17, 1.1185012993e-17, 7.09887063437e-18, 5.72657634379e-18, 3.34936162691e-18, 1.44882834958e-18, 3.57854359615e-19, 3.86081671836e-20], "var": [3.88640546799, 91.4985351562, 371.405212402, 266.980682373, 102.305137634, 91.3565139771, 2393.01611328, 5223.23925781, 11263.9892578, 2664.47167969, 863.07232666, 1016.78143311, 4494.36425781, 2338.69262695, 204.689315796, 406.516174316, 287.117797852, 397.098052979, 557.036804199, 4779.58789062, 2433.5715332, 6212.17822266, 5822.20703125, 2549.98706055, 522.545654297, 117.968139648, 37.0093231201, 56.1063804626, 20.8312168121, 13.7269029617, 7.33580589294, 1.99467301369, 1.17584168911, 1.35978603363, 0.303416103125, 0.0350962020457, 0.00446475576609, 0.000252933445154, 1.68103961187e-05, 1.23264513263e-07]}, "gfcc": {"mean": [-64.2342758179, 127.124992371, -109.711990356, 24.7016983032, -40.0231018066, -5.63625621796, -18.3501586914, 14.1344814301, -5.50085735321, 5.32105207443, -2.97642111778, 6.75275659561, 2.0783264637], "cov": [[26428.2011719, 21.9495487213, 190.323165894, 2212.92358398, 575.194763184, 471.710540771, -434.243499756, -76.0516586304, 210.697738647, 632.844726562, 101.355659485, -198.006057739, -350.730255127], [21.9495487213, 1767.77600098, -418.25100708, 107.634994507, 208.800262451, -286.473724365, 313.671936035, -183.079605103, 166.061279297, -128.37928772, 225.958648682, -104.39025116, 172.363861084], [190.323165894, -418.25100708, 1324.52050781, 218.329986572, 329.51272583, 437.391937256, 130.932525635, 311.896026611, -9.63169193268, 119.033714294, -164.421844482, -19.0716266632, -116.56072998], [2212.92358398, 107.634994507, 218.329986572, 704.142089844, 240.390823364, 147.217910767, 91.3940582275, 90.1424179077, 118.141426086, 19.7470359802, -28.9930152893, -35.0588493347, 24.8729896545], [575.194763184, 208.800262451, 329.51272583, 240.390823364, 585.476867676, 55.3528366089, 67.8772277832, 49.2670669556, 104.002799988, 54.1268196106, -2.93523550034, -7.13415193558, 4.19362783432], [471.710540771, -286.473724365, 437.391937256, 147.217910767, 55.3528366089, 391.641235352, 83.2279663086, 168.094360352, 2.54551100731, 47.9664268494, -75.9595413208, -23.643951416, -12.0352296829], [-434.243499756, 313.671936035, 130.932525635, 91.3940582275, 67.8772277832, 83.2279663086, 353.274230957, 115.693641663, 76.4485778809, -15.7789316177, 7.42865753174, -0.0498274862766, 41.7587165833], [-76.0516586304, -183.079605103, 311.896026611, 90.1424179077, 49.2670669556, 168.094360352, 115.693641663, 265.545196533, 40.4905433655, 27.3637599945, -68.4979782104, 32.8139610291, 3.11856913567], [210.697738647, 166.061279297, -9.63169193268, 118.141426086, 104.002799988, 2.54551100731, 76.4485778809, 40.4905433655, 183.38861084, 43.4933128357, 64.3019561768, 7.37697219849, 58.8574447632], [632.844726562, -128.37928772, 119.033714294, 19.7470359802, 54.1268196106, 47.9664268494, -15.7789316177, 27.3637599945, 43.4933128357, 152.96282959, 60.6470336914, 35.410861969, -6.35835313797], [101.355659485, 225.958648682, -164.421844482, -28.9930152893, -2.93523550034, -75.9595413208, 7.42865753174, -68.4979782104, 64.3019561768, 60.6470336914, 249.189956665, 68.6652526855, 55.5959854126], [-198.006057739, -104.39025116, -19.0716266632, -35.0588493347, -7.13415193558, -23.643951416, -0.0498274862766, 32.8139610291, 7.37697219849, 35.410861969, 68.6652526855, 141.241912842, 36.4080085754], [-350.730255127, 172.363861084, -116.56072998, 24.8729896545, 4.19362783432, -12.0352296829, 41.7587165833, 3.11856913567, 58.8574447632, -6.35835313797, 55.5959854126, 36.4080085754, 136.771942139]], "icov": [[7.84316289355e-05, -0.00010277988622, 0.000103196340206, -0.000276533246506, 3.35031218128e-05, -0.000147456550621, 0.000178405825864, -1.15923330668e-05, 6.55399853713e-05, -0.000418489566073, 6.99322044966e-05, -6.13331794739e-05, 0.000340920494637], [-0.00010277988622, 0.00183300324716, -0.000188879566849, 0.000266117102001, -0.00063965737354, 0.00134775100742, -0.00178258866072, 0.000555542239454, -3.98583542847e-05, 0.00168484437745, -0.00168465217575, 0.00220862217247, -0.00192079122644], [0.000103196340206, -0.000188879566849, 0.0020434379112, -0.00031835862319, -0.00082822307013, -0.0015300323721, 8.7030166469e-05, -0.00114013452549, 0.000711827247869, -0.00143565319013, 0.000490982958581, -0.00017661388847, 0.00166658661328], [-0.000276533246506, 0.000266117102001, -0.00031835862319, 0.00291699217632, -0.000681740231812, -0.000199924746994, -0.000536719802767, -4.54023247585e-05, -0.00124467606656, 0.0017177517293, -4.69905307909e-06, 0.000367819069652, -0.00115859007929], [3.35031218128e-05, -0.00063965737354, -0.00082822307013, -0.000681740231812, 0.00280384742655, 0.000174466040335, 0.000500665220898, 0.000489670434035, -0.00117682910059, -0.000774421845563, 0.000780856527854, -0.000893848249689, 0.000466485304059], [-0.000147456550621, 0.00134775100742, -0.0015300323721, -0.000199924746994, 0.000174466040335, 0.00621403194964, -0.0016326996265, -0.00131042348221, 0.000935444142669, 0.000350095040631, -0.00110674928874, 0.00306787411682, -0.00302740791813], [0.000178405825864, -0.00178258866072, 8.7030166469e-05, -0.000536719802767, 0.000500665220898, -0.0016326996265, 0.00569403450936, -0.0020528670866, -0.000992185785435, -0.00055467383936, 0.00079088070197, -0.00154213607311, 0.00151525414549], [-1.15923330668e-05, 0.000555542239454, -0.00114013452549, -4.54023247585e-05, 0.000489670434035, -0.00131042348221, -0.0020528670866, 0.00832534488291, -0.00231933128089, 0.000403815560276, 0.00206680968404, -0.00276302313432, -0.000474382832181], [6.55399853713e-05, -3.98583542847e-05, 0.000711827247869, -0.00124467606656, -0.00117682910059, 0.000935444142669, -0.000992185785435, -0.00231933128089, 0.010006820783, -0.00302400183864, -0.00187479984015, 0.00235001184046, -0.00278482330032], [-0.000418489566073, 0.00168484437745, -0.00143565319013, 0.0017177517293, -0.000774421845563, 0.000350095040631, -0.00055467383936, 0.000403815560276, -0.00302400183864, 0.0130577059463, -0.00404216255993, -9.12906762096e-05, -0.000941882724874], [6.99322044966e-05, -0.00168465217575, 0.000490982958581, -4.69905307909e-06, 0.000780856527854, -0.00110674928874, 0.00079088070197, 0.00206680968404, -0.00187479984015, -0.00404216255993, 0.00874685216695, -0.00503291049972, 0.000714863475878], [-6.13331794739e-05, 0.00220862217247, -0.00017661388847, 0.000367819069652, -0.000893848249689, 0.00306787411682, -0.00154213607311, -0.00276302313432, 0.00235001184046, -9.12906762096e-05, -0.00503291049972, 0.0134045947343, -0.00486480537802], [0.000340920494637, -0.00192079122644, 0.00166658661328, -0.00115859007929, 0.000466485304059, -0.00302740791813, 0.00151525414549, -0.000474382832181, -0.00278482330032, -0.000941882724874, 0.000714863475878, -0.00486480537802, 0.0136638246477]]}, "melbands": {"dmean": [0.00466976175085, 0.00337526528165, 0.00096977641806, 0.000261712935753, 0.000346332148183, 0.000387169595342, 0.000291468342766, 0.000128748084535, 0.000107333347842, 6.69703658787e-05, 7.33767737984e-05, 4.60040100734e-05, 2.39454366238e-05, 1.11519211714e-05, 2.67613395408e-05, 1.19830292533e-05, 1.33130488393e-05, 8.87418991624e-06, 2.49295499088e-05, 1.92370389414e-05, 1.33101148094e-05, 1.7449079678e-05, 1.1229667507e-05, 7.25043537386e-06, 4.6116260819e-06, 2.50334414886e-06, 3.2048662888e-06, 1.55810789693e-06, 1.35276718538e-06, 1.45022283959e-06, 1.16670662464e-06, 7.03896716914e-07, 6.16153101873e-07, 4.40992124595e-07, 4.04520221764e-07, 2.71265093943e-07, 1.93563224116e-07, 2.01275099698e-07, 2.4245295549e-07, 2.79817925275e-07], "dmean2": [0.00650837132707, 0.00505081191659, 0.00173763907515, 0.000489631376695, 0.000549028045498, 0.000599206716288, 0.000478713132907, 0.00021918702987, 0.000176040630322, 0.000107984211354, 0.000108492837171, 7.29671446607e-05, 3.88767075492e-05, 1.98933066713e-05, 4.45639379905e-05, 2.10491871258e-05, 2.14316914935e-05, 1.60132512974e-05, 4.10294960602e-05, 3.35355907737e-05, 2.4161006877e-05, 2.65023991233e-05, 1.82317689905e-05, 1.1046425243e-05, 6.73325803291e-06, 4.3493969315e-06, 5.32239573658e-06, 2.61062041318e-06, 2.17988031181e-06, 2.38420284404e-06, 1.90719663351e-06, 1.17113950182e-06, 1.08355015982e-06, 7.41444068808e-07, 6.62706611365e-07, 4.48208368198e-07, 3.14954519354e-07, 3.50826439899e-07, 4.26072631399e-07, 5.02831881022e-07], "dvar": [5.33832426299e-05, 7.48874008423e-05, 1.070412236e-05, 7.84232611295e-07, 4.78171386931e-07, 4.8637036798e-07, 3.81538882266e-07, 1.17284379542e-07, 4.6063199477e-08, 1.74300183176e-08, 2.99317512997e-08, 1.41461100611e-08, 3.71784780739e-09, 7.70295716102e-10, 6.27898799621e-09, 1.19521870179e-09, 1.13153819647e-09, 4.37001462794e-10, 5.85320902857e-09, 4.65190286292e-09, 1.80220594004e-09, 2.59190291452e-09, 9.97256943691e-10, 4.86018891799e-10, 4.76663319926e-10, 5.84129966619e-11, 3.33380628659e-10, 1.89739873119e-11, 1.63483931254e-11, 2.459461107e-11, 1.64721587065e-11, 7.14623325793e-12, 6.7455954017e-12, 3.77213538183e-12, 3.23759118473e-12, 1.11742527124e-12, 4.92858141452e-13, 6.34119655656e-13, 1.07272491671e-12, 1.47252468465e-12], "dvar2": [0.000117897514428, 0.000162598764291, 2.93824323307e-05, 2.28091789722e-06, 1.16261446692e-06, 1.06069012418e-06, 9.39265135003e-07, 3.09144638777e-07, 1.17685402756e-07, 4.4331084581e-08, 5.4995112464e-08, 2.98914279995e-08, 8.25605805943e-09, 2.17426032734e-09, 1.76245684713e-08, 3.14659143186e-09, 2.77389244907e-09, 1.20547771765e-09, 1.25866232992e-08, 1.08354534234e-08, 4.69421168603e-09, 5.03079933267e-09, 2.15893969369e-09, 9.2030572052e-10, 7.21059045805e-10, 1.59810803479e-10, 7.2894884573e-10, 5.08906250474e-11, 4.3236688535e-11, 6.75390160465e-11, 4.36115865643e-11, 1.9039755883e-11, 1.89423685071e-11, 9.94946573046e-12, 8.57362271456e-12, 2.98318943333e-12, 1.2467051046e-12, 1.78326309882e-12, 3.03375965842e-12, 4.28069081918e-12], "max": [0.0749990865588, 0.0811342746019, 0.0286470279098, 0.00812203809619, 0.010410442017, 0.0158903449774, 0.0109780980274, 0.00674743345007, 0.00433885632083, 0.00222481158562, 0.00346212065779, 0.003000193974, 0.00146650651004, 0.000304565415718, 0.00203905859962, 0.000888277776539, 0.00147955992725, 0.000341762584867, 0.00148368196096, 0.00146442046389, 0.000739516981412, 0.00116313691251, 0.000688591040671, 0.000504038762301, 0.0010200078832, 0.000308915798087, 0.000803770555649, 6.29612477496e-05, 7.72805287852e-05, 0.000132128407131, 6.85550185153e-05, 5.09207020514e-05, 6.03564913035e-05, 4.8640253226e-05, 4.06009130529e-05, 2.12979448406e-05, 1.52905358846e-05, 1.29920354084e-05, 1.35217633215e-05, 1.48844510477e-05], "mean": [0.0110402638093, 0.00471698446199, 0.000882026623003, 0.000243463146035, 0.000809926947113, 0.00119917071424, 0.000820613757242, 0.000207916309591, 0.000181449315278, 0.000145453203004, 0.000169981343788, 8.31174547784e-05, 3.97374751628e-05, 1.39626999953e-05, 4.10183311033e-05, 1.49164261529e-05, 2.30545156228e-05, 1.08431777335e-05, 3.98577540182e-05, 2.24924151553e-05, 1.39896283144e-05, 3.49950787495e-05, 2.26402517001e-05, 1.49488023453e-05, 9.59237331699e-06, 3.56174041372e-06, 5.11652478963e-06, 1.99387932298e-06, 1.76820458364e-06, 1.97323379325e-06, 1.49261768456e-06, 8.14951761186e-07, 6.75227681768e-07, 5.23076948866e-07, 4.69461411967e-07, 3.28395657334e-07, 2.47781912321e-07, 2.19569827209e-07, 2.29785854344e-07, 2.52388275612e-07], "median": [0.00354017945938, 0.00117963750381, 0.000259640393779, 9.88737738226e-05, 0.000212091763387, 0.000320662627928, 0.000158970593475, 4.7316756536e-05, 8.8571861852e-05, 8.11934223748e-05, 3.43285828421e-05, 2.68466719717e-05, 1.29873096739e-05, 6.37172615825e-06, 1.29687114168e-05, 4.14904206991e-06, 7.96852691565e-06, 4.83290023112e-06, 8.34458023746e-06, 2.90781122203e-06, 2.82954829345e-06, 6.46191347187e-06, 6.51229493087e-06, 4.30576255894e-06, 2.47132084041e-06, 1.40669271786e-06, 1.39149858569e-06, 7.10830477146e-07, 6.40790460693e-07, 6.10118718214e-07, 3.13752025249e-07, 1.63953444599e-07, 1.35444466309e-07, 1.02220035103e-07, 7.35218463888e-08, 3.11533021602e-08, 2.59099692812e-08, 2.5222064437e-08, 1.6242218237e-08, 1.80379249315e-08], "min": [9.80243057335e-24, 6.55314011487e-24, 4.2436871004e-24, 1.71155640175e-24, 1.98293599163e-24, 2.20946114765e-24, 1.18010357091e-23, 1.35824193172e-23, 1.49324569377e-23, 1.77063664041e-23, 7.87783400111e-24, 5.70395422737e-24, 1.2969774161e-23, 7.80674580063e-24, 1.01291081294e-23, 8.49978140511e-24, 7.88600344464e-24, 1.06068351938e-23, 2.26752308521e-23, 1.49442030766e-23, 9.33337072366e-24, 1.52506644942e-23, 3.21958274564e-23, 7.50648167428e-24, 1.007268012e-23, 1.70708158826e-23, 9.2821657623e-24, 9.95919222357e-24, 1.00373959494e-23, 1.49011801806e-23, 1.32690395894e-23, 7.51932117437e-24, 1.35496295248e-23, 1.16699167715e-23, 6.97192270363e-24, 7.69077772554e-24, 1.4535304915e-23, 9.91774626047e-24, 1.02800369421e-23, 9.59997731063e-24], "var": [0.000210034821066, 0.00010096578626, 6.93882384439e-06, 4.41620812808e-07, 1.69342888512e-06, 3.06470292344e-06, 2.23355868911e-06, 2.20933699779e-07, 8.16715157725e-08, 4.06471905023e-08, 1.09751219668e-07, 3.25793436673e-08, 7.54976348105e-09, 5.96546700926e-10, 7.79161712927e-09, 1.39265676768e-09, 1.9486747771e-09, 3.90297238972e-10, 1.5364616246e-08, 9.77210934394e-09, 2.48058884544e-09, 9.26018994818e-09, 3.45123973844e-09, 1.91163862517e-09, 2.25939822407e-09, 5.92292187518e-11, 9.47811384933e-10, 1.61998262027e-11, 1.45640183941e-11, 2.07675144442e-11, 1.63149615345e-11, 6.55735318475e-12, 5.76130983199e-12, 3.77622195666e-12, 3.09594689295e-12, 1.14155364848e-12, 6.5841559635e-13, 5.29966966579e-13, 7.79010590844e-13, 1.02362996551e-12]}, "mfcc": {"mean": [-703.868530273, 155.103027344, -5.82123613358, 36.9467086792, 0.319476872683, -2.11446547508, -0.433069139719, 7.48178720474, 7.12057113647, 3.50249767303, 6.71563148499, 5.70484733582, 1.77421176434], "cov": [[12755.453125, 2278.05932617, 80.4493713379, 1180.43212891, 592.847717285, 275.427764893, -70.4574203491, 63.9080352783, 40.2300987244, 94.3194351196, 255.602279663, 335.461639404, 145.557113647], [2278.05932617, 2277.93603516, -313.983642578, 551.780639648, 56.1746406555, 37.7271461487, 78.6560287476, 29.773727417, 11.4097709656, 93.1454849243, 84.1057434082, 32.196346283, 70.3526611328], [80.4493713379, -313.983642578, 782.493469238, 7.99507188797, 170.815673828, 162.370559692, 208.447738647, 184.825439453, 192.721725464, 117.007171631, 85.4952697754, 22.2364711761, -40.0496635437], [1180.43212891, 551.780639648, 7.99507188797, 611.007629395, 209.864761353, 133.336044312, 73.1700439453, 128.356613159, 134.408187866, 18.0439910889, 98.8168411255, 80.8963165283, -20.4525642395], [592.847717285, 56.1746406555, 170.815673828, 209.864761353, 446.852630615, 160.584320068, 62.0118522644, 33.9601097107, 71.3297424316, 61.6127815247, 59.6729125977, 65.089630127, -8.34098529816], [275.427764893, 37.7271461487, 162.370559692, 133.336044312, 160.584320068, 217.685195923, 103.867889404, 72.8298416138, 95.63230896, 63.0926818848, 37.52684021, 38.1585350037, 4.68985319138], [-70.4574203491, 78.6560287476, 208.447738647, 73.1700439453, 62.0118522644, 103.867889404, 215.872924805, 116.420783997, 99.8824081421, 50.9993667603, 50.7909011841, 21.1941356659, -12.268787384], [63.9080352783, 29.773727417, 184.825439453, 128.356613159, 33.9601097107, 72.8298416138, 116.420783997, 226.678192139, 165.676727295, 47.0711669922, 59.6641616821, 16.7536754608, -17.7298145294], [40.2300987244, 11.4097709656, 192.721725464, 134.408187866, 71.3297424316, 95.63230896, 99.8824081421, 165.676727295, 271.144897461, 89.9085845947, 33.8828544617, 0.605056524277, -29.9976234436], [94.3194351196, 93.1454849243, 117.007171631, 18.0439910889, 61.6127815247, 63.0926818848, 50.9993667603, 47.0711669922, 89.9085845947, 174.110107422, 40.0809440613, -24.1103000641, 25.9353065491], [255.602279663, 84.1057434082, 85.4952697754, 98.8168411255, 59.6729125977, 37.52684021, 50.7909011841, 59.6641616821, 33.8828544617, 40.0809440613, 130.547424316, 72.3244476318, 10.5721607208], [335.461639404, 32.196346283, 22.2364711761, 80.8963165283, 65.089630127, 38.1585350037, 21.1941356659, 16.7536754608, 0.605056524277, -24.1103000641, 72.3244476318, 135.575668335, 36.6595611572], [145.557113647, 70.3526611328, -40.0496635437, -20.4525642395, -8.34098529816, 4.68985319138, -12.268787384, -17.7298145294, -29.9976234436, 25.9353065491, 10.5721607208, 36.6595611572, 124.672477722]], "icov": [[0.000119857984828, -0.000106751511339, -0.000117316907563, -0.000137659662869, -4.02971199946e-05, -4.84671654704e-05, 0.000252532074228, -6.46416083327e-06, 7.58462992962e-05, -2.90457028314e-05, 5.54598518647e-05, -0.000200223235879, -3.8443136873e-05], [-0.000106751511339, 0.000816499057692, 0.000433321547462, -0.000683051301166, 0.000180294911843, 0.000321114464896, -0.000816413958091, 0.000180660572369, 0.00021598933381, -0.000599423947278, -5.79132429266e-05, 0.000334235461196, -0.000280341948383], [-0.000117316907563, 0.000433321547462, 0.00256977323443, 0.00065274850931, -0.0005435050698, -0.000365288986359, -0.00160751736257, -0.000777103414293, -0.000463034317363, -0.000582674285397, -0.000779137248173, 0.000257189763943, 0.00053396000294], [-0.000137659662869, -0.000683051301166, 0.00065274850931, 0.00387457269244, -0.00112332846038, -0.00116001383867, 0.000433811335824, -0.00115497456864, -0.00130765757058, 0.00153216277249, -0.00161494570784, -3.93711743527e-05, 0.000753555796109], [-4.02971199946e-05, 0.000180294911843, -0.0005435050698, -0.00112332846038, 0.0038064783439, -0.00182326429058, 0.000283253204543, 0.0010732189985, 0.000238932261709, -0.00109558959957, 0.000223836061195, -0.00118050223682, 0.000703724217601], [-4.84671654704e-05, 0.000321114464896, -0.000365288986359, -0.00116001383867, -0.00182326429058, 0.00903858430684, -0.00292279827408, 0.000167291611433, -0.000583159795497, -0.00191645498853, 0.00203124550171, -0.00170406256802, -0.000570904638153], [0.000252532074228, -0.000816413958091, -0.00160751736257, 0.000433811335824, 0.000283253204543, -0.00292279827408, 0.00932868756354, -0.0026670624502, 0.0001777823054, 0.000192041741684, -0.000770780199673, -0.000594407087192, 0.000631239963695], [-6.46416083327e-06, 0.000180660572369, -0.000777103414293, -0.00115497456864, 0.0010732189985, 0.000167291611433, -0.0026670624502, 0.010920362547, -0.00519863190129, 0.00172631780151, -0.0031987412367, 0.00159807759337, -0.000986094586551], [7.58462992962e-05, 0.00021598933381, -0.000463034317363, -0.00130765757058, 0.000238932261709, -0.000583159795497, 0.0001777823054, -0.00519863190129, 0.00913734268397, -0.00419097207487, 0.00305558252148, -0.00168926001061, 0.00205040979199], [-2.90457028314e-05, -0.000599423947278, -0.000582674285397, 0.00153216277249, -0.00109558959957, -0.00191645498853, 0.000192041741684, 0.00172631780151, -0.00419097207487, 0.0120578669012, -0.00621292786673, 0.00685972860083, -0.00430745910853], [5.54598518647e-05, -5.79132429266e-05, -0.000779137248173, -0.00161494570784, 0.000223836061195, 0.00203124550171, -0.000770780199673, -0.0031987412367, 0.00305558252148, -0.00621292786673, 0.0168205667287, -0.0099312197417, 0.0023820635397], [-0.000200223235879, 0.000334235461196, 0.000257189763943, -3.93711743527e-05, -0.00118050223682, -0.00170406256802, -0.000594407087192, 0.00159807759337, -0.00168926001061, 0.00685972860083, -0.0099312197417, 0.0167673062533, -0.00564647186548], [-3.8443136873e-05, -0.000280341948383, 0.00053396000294, 0.000753555796109, 0.000703724217601, -0.000570904638153, 0.000631239963695, -0.000986094586551, 0.00205040979199, -0.00430745910853, 0.0023820635397, -0.00564647186548, 0.0113574415445]]}, "spectral_contrast_coeffs": {"dmean": [0.0448619797826, 0.0509479269385, 0.0427681952715, 0.0410933606327, 0.0275002792478, 0.0209415424615], "dmean2": [0.0681016072631, 0.0817972645164, 0.0669781342149, 0.0666540563107, 0.0438210144639, 0.033560141921], "dvar": [0.00181313685607, 0.00276497495361, 0.00187250156887, 0.00216798041947, 0.000843937392347, 0.000530950725079], "dvar2": [0.00368101405911, 0.0067770560272, 0.0043105664663, 0.00500727538019, 0.00185607839376, 0.00122430967167], "max": [-0.298536628485, -0.356287151575, -0.470786303282, -0.473726540804, -0.511950433254, -0.544151484966], "mean": [-0.70869743824, -0.660378575325, -0.713001966476, -0.742595255375, -0.753103494644, -0.740226447582], "median": [-0.730212986469, -0.655958771706, -0.714732885361, -0.737511754036, -0.7571875453, -0.74101883173], "min": [-0.987930953503, -0.973414301872, -0.967071831226, -0.97844684124, -0.959736704826, -0.961418449879], "var": [0.0100963972509, 0.0105740660802, 0.00661349436268, 0.00578255299479, 0.0043616197072, 0.00328079564497]}, "spectral_contrast_valleys": {"dmean": [0.337029099464, 0.458648711443, 0.492881029844, 0.496207296848, 0.418625891209, 0.374670118093], "dmean2": [0.548246443272, 0.74252563715, 0.801096260548, 0.805914759636, 0.675110220909, 0.566072523594], "dvar": [0.158506333828, 0.314144819975, 0.407014459372, 0.487906992435, 0.365179300308, 0.310040742159], "dvar2": [0.319280028343, 0.682502865791, 0.895351648331, 1.0506131649, 0.766227185726, 0.579163432121], "max": [-5.3920249939, -4.10517692566, -5.07222032547, -5.47572946548, -5.50937175751, -7.913