{"lowlevel": {"average_loudness": 0.942929208279, "barkbands_crest": {"dmean": 3.19358539581, "dmean2": 4.74745464325, "dvar": 7.90714263916, "dvar2": 15.5106449127, "max": 26.4158802032, "mean": 12.1036119461, "median": 10.770816803, "min": 2.0979642868, "var": 36.1344413757}, "barkbands_flatness_db": {"dmean": 0.0354738198221, "dmean2": 0.0507134720683, "dvar": 0.00127471890301, "dvar2": 0.00238432572223, "max": 0.464207530022, "mean": 0.150256574154, "median": 0.136975705624, "min": 0.0163768213242, "var": 0.00612238142639}, "barkbands_kurtosis": {"dmean": 9.19194602966, "dmean2": 13.5826931, "dvar": 770.159790039, "dvar2": 1678.45532227, "max": 618.755310059, "mean": 11.8170318604, "median": 2.10159802437, "min": -1.96631264687, "var": 1226.24658203}, "barkbands_skewness": {"dmean": 0.986032605171, "dmean2": 1.40547001362, "dvar": 1.44066143036, "dvar2": 2.93505525589, "max": 20.5092639923, "mean": 2.06076788902, "median": 1.63697504997, "min": -8.30170345306, "var": 5.60319232941}, "barkbands_spread": {"dmean": 8.82426452637, "dmean2": 13.3869905472, "dvar": 103.977981567, "dvar2": 220.895675659, "max": 113.092803955, "mean": 26.3900947571, "median": 21.4458045959, "min": 0.183882206678, "var": 412.004302979}, "dissonance": {"dmean": 0.0150066995993, "dmean2": 0.0257740151137, "dvar": 0.000265673006652, "dvar2": 0.000735056528356, "max": 0.500000119209, "mean": 0.476170420647, "median": 0.48297137022, "min": 0.309836417437, "var": 0.00050030881539}, "dynamic_complexity": 3.51845049858, "erbbands_crest": {"dmean": 2.86560773849, "dmean2": 4.63657188416, "dvar": 6.82980823517, "dvar2": 16.547082901, "max": 28.4593982697, "mean": 8.91637134552, "median": 8.02980804443, "min": 2.4518198967, "var": 17.0348739624}, "erbbands_flatness_db": {"dmean": 0.0224848296493, "dmean2": 0.0339168086648, "dvar": 0.00047060434008, "dvar2": 0.000992747722194, "max": 0.398688405752, "mean": 0.148883193731, "median": 0.139263659716, "min": 0.0388385020196, "var": 0.0032113827765}, "erbbands_kurtosis": {"dmean": 1.56647574902, "dmean2": 2.49307751656, "dvar": 7.46150541306, "dvar2": 16.4061641693, "max": 62.4202957153, "mean": 1.05947518349, "median": -0.0284720659256, "min": -1.826810956, "var": 16.4787788391}, "erbbands_skewness": {"dmean": 0.519606530666, "dmean2": 0.788897931576, "dvar": 0.285329312086, "dvar2": 0.659585535526, "max": 5.00220441818, "mean": -0.00762429600582, "median": -0.0183550193906, "min": -6.98730325699, "var": 1.2314054966}, "erbbands_spread": {"dmean": 12.7657108307, "dmean2": 19.5990009308, "dvar": 159.579483032, "dvar2": 346.201202393, "max": 152.206237793, "mean": 44.5332946777, "median": 40.8198318481, "min": 1.25748813152, "var": 557.877197266}, "hfc": {"dmean": 15.7975263596, "dmean2": 25.3487949371, "dvar": 673.004943848, "dvar2": 1685.07897949, "max": 212.656326294, "mean": 26.1816501617, "median": 13.7733955383, "min": 1.17278527516e-16, "var": 986.871154785}, "melbands_crest": {"dmean": 4.09419298172, "dmean2": 6.2461514473, "dvar": 12.8335075378, "dvar2": 26.1014308929, "max": 36.1033325195, "mean": 16.9850788116, "median": 15.0472793579, "min": 2.59976768494, "var": 64.3997421265}, "melbands_flatness_db": {"dmean": 0.046038299799, "dmean2": 0.0647213831544, "dvar": 0.00208035320975, "dvar2": 0.00403898442164, "max": 0.596976220608, "mean": 0.217202991247, "median": 0.201485112309, "min": 0.00637703994289, "var": 0.0103729907423}, "melbands_kurtosis": {"dmean": 18.318151474, "dmean2": 27.4411525726, "dvar": 1402.16918945, "dvar2": 3103.45654297, "max": 623.786132812, "mean": 29.1453800201, "median": 11.5592498779, "min": -1.93908512592, "var": 2918.94042969}, "melbands_skewness": {"dmean": 1.26119709015, "dmean2": 1.84309506416, "dvar": 2.0114133358, "dvar2": 4.12661170959, "max": 19.9349555969, "mean": 3.5578045845, "median": 2.94665193558, "min": -4.77496957779, "var": 7.67042589188}, "melbands_spread": {"dmean": 11.7457675934, "dmean2": 17.9091320038, "dvar": 230.810836792, "dvar2": 507.866638184, "max": 248.492279053, "mean": 27.7062587738, "median": 18.0577831268, "min": 0.304946810007, "var": 803.779724121}, "pitch_salience": {"dmean": 0.0985121056437, "dmean2": 0.14734390378, "dvar": 0.00828657485545, "dvar2": 0.0169218052179, "max": 0.909578025341, "mean": 0.525877416134, "median": 0.561318397522, "min": 0.0430173948407, "var": 0.0357967726886}, "silence_rate_20dB": {"dmean": 0, "dmean2": 0, "dvar": 0, "dvar2": 0, "max": 1, "mean": 1, "median": 1, "min": 1, "var": 0}, "silence_rate_30dB": {"dmean": 0.0295171234757, "dmean2": 0.0590427070856, "dvar": 0.0286445710808, "dvar2": 0.0759014710784, "max": 1, "mean": 0.978796541691, "median": 1, "min": 0, "var": 0.0207528993487}, "silence_rate_60dB": {"dmean": 0.0177675876766, "dmean2": 0.0355402678251, "dvar": 0.017450729385, "dvar2": 0.0422998517752, "max": 1, "mean": 0.0598853863776, "median": 0, "min": 0, "var": 0.0562989488244}, "spectral_centroid": {"dmean": 389.42288208, "dmean2": 602.62878418, "dvar": 190846.34375, "dvar2": 429680.375, "max": 11084.7705078, "mean": 1594.38879395, "median": 1571.25439453, "min": 134.308868408, "var": 811579.8125}, "spectral_complexity": {"dmean": 6.49519968033, "dmean2": 10.2358846664, "dvar": 62.5309753418, "dvar2": 135.500823975, "max": 59, "mean": 17.3727798462, "median": 15, "min": 0, "var": 132.567611694}, "spectral_decrease": {"dmean": 3.84367782047e-09, "dmean2": 5.82294878981e-09, "dvar": 2.5381014701e-17, "dvar2": 6.8383471226e-17, "max": 6.8518836438e-11, "mean": -8.15394329834e-09, "median": -4.95651164556e-09, "min": -4.47806129955e-08, "var": 6.38290412431e-17}, "spectral_energy": {"dmean": 0.0155066400766, "dmean2": 0.0236558001488, "dvar": 0.000391312729334, "dvar2": 0.00104857922997, "max": 0.173090681434, "mean": 0.0331495329738, "median": 0.0214217491448, "min": 1.06716905349e-20, "var": 0.000959026219789}, "spectral_energyband_high": {"dmean": 0.0012570975814, "dmean2": 0.00206331303343, "dvar": 5.4945685406e-06, "dvar2": 1.38609775604e-05, "max": 0.0205449275672, "mean": 0.00170163984876, "median": 0.00039084115997, "min": 7.53162891911e-21, "var": 7.96927452029e-06}, "spectral_energyband_low": {"dmean": 0.010254971683, "dmean2": 0.014692267403, "dvar": 0.000287490518531, "dvar2": 0.000757791567594, "max": 0.160192236304, "mean": 0.0189689323306, "median": 0.006008236669, "min": 5.96304438987e-23, "var": 0.000748102669604}, "spectral_energyband_middle_high": {"dmean": 0.002407256281, "dmean2": 0.00386227085255, "dvar": 1.2918889297e-05, "dvar2": 3.11758267344e-05, "max": 0.0420529842377, "mean": 0.00407891348004, "median": 0.00230547785759, "min": 1.60493082213e-21, "var": 2.30407204072e-05}, "spectral_energyband_middle_low": {"dmean": 0.00773709081113, "dmean2": 0.0130012026057, "dvar": 0.000198717592866, "dvar2": 0.000527557276655, "max": 0.107587099075, "mean": 0.00962539482862, "median": 0.00491270236671, "min": 3.50116412141e-22, "var": 0.000184396616532}, "spectral_entropy": {"dmean": 0.253063172102, "dmean2": 0.389690846205, "dvar": 0.0767255648971, "dvar2": 0.174367025495, "max": 9.8108959198, "mean": 7.6464266777, "median": 7.67625713348, "min": 5.27199554443, "var": 0.250059753656}, "spectral_flux": {"dmean": 0.0357959568501, "dmean2": 0.0526033528149, "dvar": 0.00169039575849, "dvar2": 0.00281771132722, "max": 0.383504331112, "mean": 0.104459449649, "median": 0.0864633992314, "min": 1.03303872401e-10, "var": 0.00452287727967}, "spectral_kurtosis": {"dmean": 2.12735772133, "dmean2": 3.4490480423, "dvar": 10.3694477081, "dvar2": 27.7534656525, "max": 83.5269546509, "mean": 4.73036289215, "median": 3.76000452042, "min": -1.3800508976, "var": 18.9804210663}, "spectral_rms": {"dmean": 0.00127169128973, "dmean2": 0.00189454841893, "dvar": 1.8391657477e-06, "dvar2": 4.58520662505e-06, "max": 0.0129949590191, "mean": 0.00506750494242, "median": 0.00457157148048, "min": 3.22667088361e-12, "var": 6.66143660055e-06}, "spectral_rolloff": {"dmean": 918.498291016, "dmean2": 1510.16210938, "dvar": 2533752, "dvar2": 5264156, "max": 19143.0175781, "mean": 2032.60290527, "median": 1291.9921875, "min": 64.599609375, "var": 6107091.5}, "spectral_skewness": {"dmean": 0.301904678345, "dmean2": 0.476609736681, "dvar": 0.115562848747, "dvar2": 0.296860992908, "max": 7.47979593277, "mean": 1.49953258038, "median": 1.44157171249, "min": -0.448386967182, "var": 0.374825835228}, "spectral_spread": {"dmean": 836996.5, "dmean2": 1208835, "dvar": 1057871888380.0, "dvar2": 1763449896960.0, "max": 40444760, "mean": 4999913.5, "median": 4700405, "min": 1073283.125, "var": 5258984554500.0}, "spectral_strongpeak": {"dmean": 0.425250917673, "dmean2": 0.720963656902, "dvar": 0.836049556732, "dvar2": 2.14531421661, "max": 12.5845336914, "mean": 0.714703559875, "median": 0.424448102713, "min": 0, "var": 1.24016964436}, "zerocrossingrate": {"dmean": 0.0171693228185, "dmean2": 0.0189892277122, "dvar": 0.000428490282502, "dvar2": 0.000504108902533, "max": 0.52294921875, "mean": 0.0735786706209, "median": 0.06005859375, "min": 0.001953125, "var": 0.00376147357747}, "barkbands": {"dmean": [0.000303071166854, 0.00762605573982, 0.00450503081083, 0.00269459187984, 0.00326880882494, 0.00140482385177, 0.00108605937567, 0.000503652263433, 0.000536206760444, 0.000261819048319, 0.000142669610796, 0.000274511228781, 0.000447711907327, 0.000484726973809, 0.000263929454377, 0.000223874434596, 0.000337637844495, 0.000304680230329, 0.000333728850819, 0.000315975776175, 0.000230147750699, 0.000190238642972, 0.000193317158846, 0.000265895447228, 0.000141909491504, 0.000118840282084, 5.53018071514e-05], "dmean2": [0.000324599881424, 0.00884806457907, 0.0076520354487, 0.00491276197135, 0.00576311070472, 0.00226464658044, 0.00189632107504, 0.000877966172993, 0.000884838751517, 0.000433685607277, 0.000240023786318, 0.000459080416476, 0.000738172209822, 0.000799016386736, 0.000417234085035, 0.000373161281459, 0.000546041526832, 0.00052488874644, 0.00055571529083, 0.000555676175281, 0.000388374493923, 0.000314380216878, 0.00031762800063, 0.000431083637523, 0.000217808250454, 0.000177363646799, 8.68984061526e-05], "dvar": [2.30293522918e-07, 0.000194173146156, 0.000139967029099, 6.64574690745e-05, 4.70558188681e-05, 6.14958298684e-06, 6.67004451316e-06, 1.74592855728e-06, 1.8694524897e-06, 2.20031637355e-07, 8.26707449164e-08, 3.23399063973e-07, 8.63663501605e-07, 1.07549567474e-06, 4.0162234427e-07, 1.89002435036e-07, 6.14375494479e-07, 3.83190524644e-07, 5.24057725215e-07, 4.60949280523e-07, 1.94415193278e-07, 1.25990410993e-07, 1.56878357416e-07, 3.36672741241e-07, 1.05319685417e-07, 1.07066298938e-07, 3.21753077515e-08], "dvar2": [2.76376852071e-07, 0.000295177102089, 0.000359354773536, 0.000188933103345, 0.000132681394462, 1.3828081137e-05, 1.84084456123e-05, 4.62794469058e-06, 4.55680037703e-06, 5.288196121e-07, 2.014646725e-07, 7.76233150646e-07, 2.07126254281e-06, 2.62707112597e-06, 9.52331504323e-07, 4.71224552712e-07, 1.17517697618e-06, 9.98276846076e-07, 1.31540275561e-06, 1.26046279547e-06, 5.06248795773e-07, 3.23221257759e-07, 3.89831569692e-07, 8.37195841541e-07, 2.24746671051e-07, 2.39220810272e-07, 8.25142976169e-08], "max": [0.0046629877761, 0.153432443738, 0.0894878953695, 0.083479501307, 0.0674220025539, 0.0509043075144, 0.0243116524071, 0.0300532393157, 0.0240220315754, 0.0102103808895, 0.00596473319456, 0.0140048675239, 0.0202183444053, 0.0196547824889, 0.0168656799942, 0.0105194794014, 0.0223402623087, 0.0108763258904, 0.0168910566717, 0.00846259202808, 0.00548528553918, 0.00507060531527, 0.00820133276284, 0.00883654691279, 0.00855084415525, 0.00635521160439, 0.00420643342659], "mean": [0.000602555053774, 0.0136665645987, 0.00353934150189, 0.00204435572959, 0.00338128488511, 0.00198645913042, 0.00108677905519, 0.00045858984231, 0.000536252802704, 0.00030727032572, 0.000153705332195, 0.000288646580884, 0.000505632546265, 0.00060387304984, 0.00047216474195, 0.000309376016958, 0.000459542527096, 0.000375534407794, 0.000513045291882, 0.00034555705497, 0.00028202222893, 0.000223860377446, 0.000236076564761, 0.0003204443492, 0.000230812336667, 0.000163957651239, 5.58539104532e-05], "median": [7.64954456827e-05, 0.00242733466439, 0.000419173040427, 0.00038779512397, 0.00150620378554, 0.00068693200592, 0.000333841540851, 0.000100642580946, 0.000133457375341, 9.28611916606e-05, 4.7819037718e-05, 7.72934581619e-05, 0.000137030496262, 0.000149663072079, 0.00011550160707, 0.000124361657072, 0.000132384040626, 0.000127335675643, 0.000130405504024, 7.90110352682e-05, 6.94643895258e-05, 4.26512378908e-05, 4.25983052992e-05, 4.4820993935e-05, 2.14942047023e-05, 6.66981304676e-06, 1.40410929816e-06], "min": [1.0461289568e-23, 1.54795335532e-23, 3.29411148407e-23, 1.12641046337e-23, 2.97227548295e-23, 1.33053773626e-22, 2.70745961023e-23, 6.73989062796e-23, 7.10733446454e-23, 4.1304356256e-23, 5.26116896785e-23, 1.77080605618e-22, 2.20175496268e-22, 1.00579765416e-22, 1.77123103132e-22, 1.26311663459e-22, 1.6208287044e-22, 1.71354169643e-22, 2.60357748374e-22, 2.32318223923e-22, 3.19366109184e-22, 7.52805796667e-22, 5.92825007036e-22, 6.73325977873e-22, 1.42962366418e-21, 1.68804621685e-21, 2.1962812525e-21], "var": [1.08065864879e-06, 0.000571222160943, 0.000107891049993, 3.99567688874e-05, 3.45899024978e-05, 1.23504632938e-05, 5.35386107003e-06, 1.60277079431e-06, 1.93583355212e-06, 3.2392574667e-07, 1.00396682967e-07, 6.11107793702e-07, 1.12291456844e-06, 1.60608215083e-06, 1.56391479322e-06, 2.73398455874e-07, 1.34553852149e-06, 4.55839028746e-07, 1.15739408102e-06, 5.1502416909e-07, 2.933452663e-07, 2.23757965045e-07, 2.98202195381e-07, 5.84646670632e-07, 3.83004106652e-07, 2.65871392457e-07, 3.07335170646e-08]}, "erbbands": {"dmean": [0.261200457811, 1.72962164879, 4.1201376915, 7.94792318344, 10.3487586975, 10.4548664093, 10.7956552505, 11.6743011475, 15.0432796478, 15.7490148544, 10.6463985443, 11.1842880249, 10.4052619934, 6.27663469315, 6.8741235733, 12.0468511581, 18.9593334198, 25.933763504, 14.1529579163, 13.548418045, 13.0821266174, 18.3825283051, 17.4980564117, 17.8219795227, 15.0735387802, 14.5886116028, 11.3719186783, 8.26547145844, 7.04433441162, 6.24145078659, 5.71853160858, 5.63483381271, 4.08023691177, 1.97846865654, 0.830037534237, 0.442335665226, 0.228532329202, 0.0775815099478, 0.00997099187225, 0.000433924753452], "dmean2": [0.275314033031, 2.18358039856, 6.42605209351, 14.2000951767, 18.5883483887, 18.445558548, 18.3320884705, 18.6972808838, 24.9861679077, 28.1158103943, 18.0785274506, 18.3766365051, 17.294500351, 10.4842338562, 11.4229459763, 19.9036941528, 31.4352779388, 41.9032936096, 22.7989711761, 21.4406929016, 21.3399410248, 29.9939746857, 29.5053539276, 29.5882549286, 25.8267364502, 25.4023914337, 19.6488628387, 13.9686460495, 11.681145668, 10.1851043701, 9.43654346466, 9.29475975037, 6.41935253143, 3.04420471191, 1.25511348248, 0.650623619556, 0.337117105722, 0.120006784797, 0.0158518925309, 0.000665071071126], "dvar": [0.209966138005, 10.8744163513, 96.4865875244, 513.123291016, 749.206542969, 431.941955566, 309.645996094, 456.434814453, 1028.01330566, 1805.48608398, 830.691162109, 805.173217773, 565.671203613, 156.973739624, 174.925827026, 631.623657227, 1545.45922852, 3044.15551758, 1214.72497559, 770.385559082, 535.172851562, 1735.51000977, 1358.75976562, 1129.91308594, 1586.71655273, 950.98260498, 553.963317871, 270.383575439, 182.27180481, 167.671127319, 137.042663574, 157.479507446, 75.7939987183, 21.6096115112, 3.99340486526, 1.38189411163, 0.440507620573, 0.0577297881246, 0.00113341223914, 1.71531814885e-06], "dvar2": [0.252807915211, 18.7125282288, 238.51612854, 1416.75537109, 2126.13964844, 1204.97253418, 787.461547852, 1002.11474609, 2503.01318359, 5078.87011719, 2114.04248047, 1928.72241211, 1459.73779297, 388.094665527, 426.144744873, 1480.73840332, 3801.04638672, 7303.52929688, 2958.97558594, 1722.19299316, 1287.44970703, 3501.55615234, 3477.14501953, 2697.65966797, 4150.22314453, 2561.74023438, 1474.48901367, 705.3984375, 464.688903809, 409.99710083, 342.24987793, 401.877258301, 177.88949585, 45.7597579956, 8.52378559113, 2.84467363358, 0.972195625305, 0.13705354929, 0.00295130582526, 4.36533355241e-06], "max": [4.47150564194, 38.03647995, 86.6510620117, 234.258026123, 221.57093811, 280.520507812, 337.522338867, 460.4815979, 648.028320312, 815.07208252, 820.74609375, 735.118225098, 318.606079102, 245.800292969, 317.777435303, 671.653625488, 893.597473145, 1156.99536133, 1084.36352539, 1016.4934082, 386.119903564, 1098.15649414, 637.54675293, 568.556945801, 1015.79205322, 424.884460449, 284.57824707, 321.347015381, 201.467788696, 280.273986816, 281.580444336, 208.060287476, 180.698654175, 129.592193604, 69.8165588379, 33.3197669983, 17.2847747803, 3.72100114822, 0.853515088558, 0.0283585954458], "mean": [0.513593256474, 2.58677768707, 3.96044659615, 6.27252292633, 8.79562950134, 10.8445882797, 12.5747299194, 16.7703361511, 18.8504753113, 13.0597906113, 10.3013019562, 11.5918159485, 11.97016716, 6.79230737686, 7.55593442917, 13.7794380188, 21.9964523315, 33.5503883362, 19.8545818329, 27.4625797272, 19.1361503601, 24.420507431, 21.698802948, 28.6223087311, 20.1042137146, 16.6054096222, 12.9525709152, 10.1541490555, 8.24650764465, 7.71512985229, 6.80263996124, 6.54012680054, 5.10504436493, 2.97620582581, 1.41205942631, 0.688528597355, 0.300615310669, 0.0825346857309, 0.00972558930516, 0.000487110577524], "median": [0.0649416595697, 0.441439986229, 0.668308317661, 1.28436303139, 2.31806349754, 5.04600095749, 6.09771251678, 5.55693817139, 6.0782995224, 3.45868420601, 2.39348316193, 3.08000659943, 3.77022886276, 2.20001292229, 2.40785980225, 4.01734399796, 6.57266616821, 8.56111335754, 7.20726966858, 7.2645368576, 8.66355323792, 7.70515060425, 7.24131298065, 8.27688407898, 5.39988088608, 3.92642307281, 3.21353077888, 2.25302314758, 1.71107316017, 1.31323218346, 1.24938559532, 0.862305521965, 0.72745680809, 0.331700980663, 0.103513002396, 0.0360937453806, 0.0109334867448, 0.0022412459366, 0.000261725275777, 6.34473472019e-05], "min": [1.94210082775e-22, 4.56147254374e-21, 2.322714759e-20, 5.65853836026e-20, 5.63927539175e-20, 1.14261469466e-19, 3.47736596555e-19, 1.32351741442e-18, 5.98069108765e-19, 9.70531839889e-19, 1.58383342794e-18, 1.53977251523e-18, 9.58008325415e-19, 1.75458677082e-18, 3.03419092428e-18, 7.7550010496e-18, 1.10482974086e-17, 7.09895417962e-18, 6.92933583193e-18, 8.81323057803e-18, 6.5122022975e-18, 9.72745127054e-18, 1.18107602372e-17, 1.33193333609e-17, 1.10143697686e-17, 1.14757644968e-17, 8.71193321304e-18, 1.84660263167e-17, 2.17839222e-17, 2.46403058953e-17, 1.64568955987e-17, 1.41672398108e-17, 1.2353459375e-17, 1.4446676311e-17, 1.01281127438e-17, 6.02246918866e-18, 3.37328431061e-18, 1.35494841654e-18, 2.73103579552e-19, 3.36152500763e-20], "var": [0.824494481087, 23.8849563599, 93.7525787354, 334.862884521, 484.969512939, 337.928863525, 335.307922363, 959.394287109, 1491.18066406, 1204.08972168, 855.781066895, 907.207519531, 658.120422363, 176.448928833, 231.470901489, 1298.04443359, 1948.28271484, 4732.11230469, 1888.51794434, 5536.375, 822.87512207, 3456.53955078, 1732.4128418, 3123.9309082, 2188.21386719, 1151.12609863, 672.726318359, 497.411865234, 284.794464111, 365.185699463, 235.486862183, 293.966308594, 144.90965271, 66.2998275757, 18.5070095062, 4.92134284973, 1.13246667385, 0.0697434842587, 0.00102319114376, 1.74323201918e-06]}, "gfcc": {"mean": [-13.8858289719, 71.7284011841, -105.080429077, 37.8434638977, -47.1187667847, 7.02400350571, -41.4323959351, 2.60947751999, -18.9809570312, 3.92540192604, -7.45871400833, 0.238450363278, -7.68357038498], "cov": [[10714.6132812, -1909.20935059, 1800.65270996, 438.647735596, 1.22448480129, 473.409851074, -237.986618042, 363.260253906, -114.820907593, 366.599578857, -178.316574097, 81.0150527954, -361.871551514], [-1909.20935059, 2390.28930664, 35.8227081299, 155.62449646, 202.504928589, -60.3399467468, 175.805633545, -139.444351196, 168.642181396, -146.389602661, 218.551757812, 44.17527771, 187.514343262], [1800.65270996, 35.8227081299, 2008.79797363, 427.568054199, 248.321533203, 224.373443604, 72.1571273804, 125.005470276, 81.4570922852, 155.161804199, -2.4675180912, 121.065330505, -0.0987067595124], [438.647735596, 155.62449646, 427.568054199, 759.680114746, 224.050949097, 60.6339073181, 109.927276611, 98.5340652466, 88.4125747681, 49.5167617798, 102.656951904, 25.4750919342, 75.5523300171], [1.22448480129, 202.504928589, 248.321533203, 224.050949097, 606.256958008, 72.2448654175, 121.5287323, 105.981315613, 72.4373855591, 102.709075928, 74.786491394, 45.890422821, 27.3980560303], [473.409851074, -60.3399467468, 224.373443604, 60.6339073181, 72.2448654175, 369.126953125, 74.2370300293, 48.1552276611, 71.7165603638, 78.6144256592, 33.4773216248, -3.30472326279, 16.4876232147], [-237.986618042, 175.805633545, 72.1571273804, 109.927276611, 121.5287323, 74.2370300293, 265.243591309, 83.0123977661, 78.5472946167, 45.3062171936, 59.0059318542, 22.9002914429, 53.9478416443], [363.260253906, -139.444351196, 125.005470276, 98.5340652466, 105.981315613, 48.1552276611, 83.0123977661, 229.475265503, 76.3860473633, 60.0344810486, 31.3731460571, 24.5545005798, 13.7801952362], [-114.820907593, 168.642181396, 81.4570922852, 88.4125747681, 72.4373855591, 71.7165603638, 78.5472946167, 76.3860473633, 220.995162964, 68.649307251, 59.3596496582, 26.7737426758, 71.1794662476], [366.599578857, -146.389602661, 155.161804199, 49.5167617798, 102.709075928, 78.6144256592, 45.3062171936, 60.0344810486, 68.649307251, 176.676773071, 41.6052055359, 37.0751724243, 25.3374328613], [-178.316574097, 218.551757812, -2.4675180912, 102.656951904, 74.786491394, 33.4773216248, 59.0059318542, 31.3731460571, 59.3596496582, 41.6052055359, 164.443756104, 55.320098877, 56.09633255], [81.0150527954, 44.17527771, 121.065330505, 25.4750919342, 45.890422821, -3.30472326279, 22.9002914429, 24.5545005798, 26.7737426758, 37.0751724243, 55.320098877, 110.002632141, 44.747341156], [-361.871551514, 187.514343262, -0.0987067595124, 75.5523300171, 27.3980560303, 16.4876232147, 53.9478416443, 13.7801952362, 71.1794662476, 25.3374328613, 56.09633255, 44.747341156, 124.176246643]], "icov": [[0.000166480662301, 4.05087994295e-05, -7.99974513939e-05, -0.000124422775116, 9.85963924904e-05, -0.000164756900631, 0.000172260522959, -0.000196259294171, 7.96856838861e-05, -0.000243720933213, 0.000119897973491, -0.00025664336863, 0.000489056692459], [4.05087994295e-05, 0.000778236193582, -0.000177225927473, 0.000124385493109, -0.000311340350891, 0.000197000350454, -0.000322539999615, 0.000707924889866, -0.000568126619328, 0.00107498082798, -0.000973461836111, 0.00038752189721, -0.000622428022325], [-7.99974513939e-05, -0.000177225927473, 0.000811025034636, -0.000423589866841, -3.74331357307e-05, -0.000359056866728, 2.8279306207e-05, -7.52624036977e-05, -2.54906399277e-06, -0.000402070552809, 0.000845939619467, -0.00112108234316, 0.000450200313935], [-0.000124422775116, 0.000124385493109, -0.000423589866841, 0.00205930997618, -0.000568390474655, 0.000369685090845, -0.000334172189469, -9.5012721431e-05, -0.000148658858961, 0.000732534273993, -0.00137168716174, 0.00147931778338, -0.00154932914302], [9.85963924904e-05, -0.000311340350891, -3.74331357307e-05, -0.000568390474655, 0.0023793859873, -0.00019671463815, -0.000307802518364, -0.000782380637247, 0.000307705631712, -0.0014002607204, 0.000191333951079, -0.000678020413034, 0.00109217467252], [-0.000164756900631, 0.000197000350454, -0.000359056866728, 0.000369685090845, -0.00019671463815, 0.00365600641817, -0.000861824722961, 0.000419910764322, -0.000763882766478, -0.000440286763478, -0.0010641409317, 0.00180804834235, -0.000760143855587], [0.000172260522959, -0.000322539999615, 2.8279306207e-05, -0.000334172189469, -0.000307802518364, -0.000861824722961, 0.00547286449, -0.00174331921153, -8.98046419024e-05, -0.000653003400657, -7.1562215453e-05, -9.35501375352e-05, -0.000558704312425], [-0.000196259294171, 0.000707924889866, -7.52624036977e-05, -9.5012721431e-05, -0.000782380637247, 0.000419910764322, -0.00174331921153, 0.00677513796836, -0.00212791655213, 0.000538938795216, -0.000847288814839, -0.00011231341341, 7.22070253687e-05], [7.96856838861e-05, -0.000568126619328, -2.54906399277e-06, -0.000148658858961, 0.000307705631712, -0.000763882766478, -8.98046419024e-05, -0.00212791655213, 0.00744226947427, -0.00232585030608, -5.12374645041e-05, 0.000555903126951, -0.00247934320942], [-0.000243720933213, 0.00107498082798, -0.000402070552809, 0.000732534273993, -0.0014002607204, -0.000440286763478, -0.000653003400657, 0.000538938795216, -0.00232585030608, 0.0099566122517, -0.00227259937674, -0.000331539544277, -0.0017405214021], [0.000119897973491, -0.000973461836111, 0.000845939619467, -0.00137168716174, 0.000191333951079, -0.0010641409317, -7.1562215453e-05, -0.000847288814839, -5.12374645041e-05, -0.00227259937674, 0.0108830127865, -0.00502082845196, 0.000264811649686], [-0.00025664336863, 0.00038752189721, -0.00112108234316, 0.00147931778338, -0.000678020413034, 0.00180804834235, -9.35501375352e-05, -0.00011231341341, 0.000555903126951, -0.000331539544277, -0.00502082845196, 0.0152351250872, -0.00574428401887], [0.000489056692459, -0.000622428022325, 0.000450200313935, -0.00154932914302, 0.00109217467252, -0.000760143855587, -0.000558704312425, 7.22070253687e-05, -0.00247934320942, -0.0017405214021, 0.000264811649686, -0.00574428401887, 0.0151825351641]]}, "melbands": {"dmean": [0.00221874774434, 0.00185236672405, 0.00138942722697, 0.000744465738535, 0.000401291646995, 0.000267798284767, 0.000232837774092, 0.000159778472153, 8.57271224959e-05, 7.16479917173e-05, 5.19060195074e-05, 2.64206391876e-05, 2.1048794224e-05, 2.73639452644e-05, 3.67977081623e-05, 4.7501805966e-05, 5.13848281116e-05, 2.48768392339e-05, 1.88018948393e-05, 1.70059811353e-05, 1.60869531101e-05, 1.85178523679e-05, 2.03477666219e-05, 1.43971701618e-05, 1.520231217e-05, 1.23127265397e-05, 9.86021132121e-06, 1.02598587546e-05, 8.48157014843e-06, 4.94713822263e-06, 4.92294475407e-06, 4.10023085351e-06, 3.7535651245e-06, 3.46915680893e-06, 3.25222413267e-06, 3.42294629263e-06, 3.53419022758e-06, 3.19574382956e-06, 2.22294625019e-06, 1.54257782015e-06], "dmean2": [0.00246268208139, 0.00276847230271, 0.00241622282192, 0.00133576092776, 0.000679378339555, 0.000426844198955, 0.000391831039451, 0.000284160196315, 0.000145210622577, 0.000118191703223, 8.65228721523e-05, 4.42748860223e-05, 3.51162379957e-05, 4.52301283076e-05, 6.10834540566e-05, 7.8626027971e-05, 8.32526857266e-05, 4.05626742577e-05, 3.03039978462e-05, 2.72778106591e-05, 2.62876092165e-05, 3.03776450892e-05, 3.42489838658e-05, 2.46136260103e-05, 2.50356479228e-05, 2.09270601772e-05, 1.71206756931e-05, 1.79706439667e-05, 1.49894149217e-05, 8.16813280835e-06, 8.36450908537e-06, 6.87782812747e-06, 6.14864620729e-06, 5.66062681173e-06, 5.41800773135e-06, 5.61734714211e-06, 5.88434568272e-06, 5.07773665959e-06, 3.4280710679e-06, 2.38865959545e-06], "dvar": [1.61556799867e-05, 1.33094026751e-05, 1.40937536344e-05, 3.13978375743e-06, 3.79642131065e-07, 2.4759566486e-07, 2.47552350174e-07, 1.79146638857e-07, 5.80563650487e-08, 3.29056177861e-08, 1.39025235768e-08, 2.82045053979e-09, 1.69062597255e-09, 2.91126922569e-09, 7.14024750437e-09, 1.12764784177e-08, 1.32234720951e-08, 3.52928175573e-09, 1.69368030711e-09, 1.21108356677e-09, 8.5972057251e-10, 1.73929126657e-09, 2.64672950223e-09, 7.62927387932e-10, 8.73405181512e-10, 1.23616683556e-09, 4.51485210329e-10, 5.24935095392e-10, 3.5648406449e-10, 9.48543674162e-11, 1.09311316943e-10, 7.00923485919e-11, 4.95429010317e-11, 6.4279873091e-11, 4.50351700376e-11, 5.48468215289e-11, 7.14922496203e-11, 5.10393706465e-11, 2.2942620026e-11, 1.65345116071e-11], "dvar2": [2.28556491493e-05, 3.20331528201e-05, 3.81684985769e-05, 8.89433431439e-06, 9.72879661276e-07, 5.33985996753e-07, 6.27666963737e-07, 5.02148679971e-07, 1.46390860323e-07, 7.89499097209e-08, 3.58211309504e-08, 6.919435247e-09, 4.1444923049e-09, 6.72073818819e-09, 1.77813461733e-08, 2.74262106359e-08, 3.17163326713e-08, 8.62349391895e-09, 4.16972945061e-09, 2.896232143e-09, 2.04595052011e-09, 3.66789909556e-09, 5.91863713595e-09, 1.98088634384e-09, 2.07333550328e-09, 3.29805915911e-09, 1.18747101041e-09, 1.41154121724e-09, 9.79121006495e-10, 2.40014841335e-10, 2.91027674182e-10, 1.80301454322e-10, 1.22598292629e-10, 1.53699622474e-10, 1.12065898228e-10, 1.3354378714e-10, 1.85432322275e-10, 1.20690374361e-10, 4.94312334121e-11, 3.54777145162e-11], "max": [0.0389078147709, 0.033890593797, 0.0375756025314, 0.0161197837442, 0.00899595022202, 0.0116328727454, 0.00879271794111, 0.00867924839258, 0.00638148374856, 0.00448162620887, 0.00154274259694, 0.000995152513497, 0.000782613176852, 0.00166653923225, 0.00269481469877, 0.00262870523147, 0.00248936726712, 0.00167660659645, 0.00107577629387, 0.00103803002276, 0.000625228392892, 0.00101687782444, 0.00125692365691, 0.000374877388822, 0.000551058852579, 0.00097887951415, 0.000295311328955, 0.000395473383833, 0.000197781817405, 0.00010506430408, 0.000271658151178, 0.000147097322042, 0.000142518736538, 0.000197538276552, 0.000148076593177, 0.0001846246887, 0.000134618443553, 0.000164802739164, 0.000124275844428, 0.000135993366712], "mean": [0.00414972612634, 0.00255268998444, 0.00116453610826, 0.00070008460898, 0.000475884880871, 0.000392398564145, 0.000278101040749, 0.000131404070999, 8.42538865982e-05, 7.32042462914e-05, 5.91609205003e-05, 2.76385926554e-05, 2.25524418056e-05, 3.03128254018e-05, 4.19474599767e-05, 5.20057328686e-05, 6.53309762129e-05, 3.16516816383e-05, 3.25688379235e-05, 3.08782873617e-05, 2.14194715227e-05, 2.44219700107e-05, 2.41706893576e-05, 1.76709781954e-05, 2.4282015147e-05, 1.6727421098e-05, 1.1691169675e-05, 1.09690445242e-05, 8.6527379608e-06, 5.88121974943e-06, 6.14631153439e-06, 4.61612626168e-06, 4.26512724516e-06, 4.29608962804e-06, 3.76040429728e-06, 3.96910354539e-06, 3.94900371248e-06, 3.69772874365e-06, 3.13090390591e-06, 2.26266797654e-06], "median": [0.000677726406138, 0.000562083208933, 0.000272640900221, 0.000259882101091, 0.000249303004239, 0.000130306143546, 8.90651426744e-05, 3.15324214171e-05, 1.98489578906e-05, 1.91099898075e-05, 1.83201555046e-05, 7.98899873189e-06, 6.88167119733e-06, 8.68901952344e-06, 1.0722073057e-05, 1.45549402077e-05, 1.48744857142e-05, 9.97545612336e-06, 8.65062975208e-06, 9.75070906861e-06, 8.43827365316e-06, 7.53696258471e-06, 5.83309565627e-06, 6.06913363299e-06, 6.33798299532e-06, 4.06473736803e-06, 3.04140621665e-06, 2.23574807023e-06, 1.90418927559e-06, 1.54184419898e-06, 1.14759404823e-06, 9.2761911219e-07, 7.33317619961e-07, 6.90535046033e-07, 7.22632648831e-07, 5.65949846987e-07, 4.91637877076e-07, 5.12420683663e-07, 4.05260010439e-07, 2.23332989435e-07], "min": [3.71608667179e-24, 1.15658604961e-23, 9.08372070185e-24, 6.99819019405e-24, 9.72024309994e-24, 2.80884685367e-23, 9.02560295238e-24, 1.29024472493e-23, 1.42070409597e-23, 8.66123283342e-24, 4.54722894381e-24, 6.49824012904e-24, 8.34055219798e-24, 2.12119238496e-23, 1.67957148414e-23, 2.42475994525e-23, 1.13048871648e-23, 9.41317583714e-24, 1.30440935357e-23, 8.61719625111e-24, 7.69588717762e-24, 8.97215999263e-24, 1.27641528329e-23, 7.96074485997e-24, 1.18553282721e-23, 6.9433004634e-24, 8.95292914148e-24, 7.40118688723e-24, 4.40096506008e-24, 6.86783408491e-24, 1.24072634819e-23, 1.11720327332e-23, 1.74738244087e-23, 1.10373986314e-23, 8.95469697877e-24, 9.44172629102e-24, 8.57175234094e-24, 7.8514955132e-24, 1.04079041951e-23, 1.30467811848e-23], "var": [5.29343633389e-05, 2.1334097255e-05, 9.78448224487e-06, 2.11916494663e-06, 4.21748495683e-07, 5.40910605196e-07, 3.12200512553e-07, 1.22931382407e-07, 6.00132707973e-08, 3.59084317836e-08, 1.62394879766e-08, 3.19660964365e-09, 2.12295514501e-09, 6.59196031094e-09, 9.7216403816e-09, 1.32803927855e-08, 2.02859435916e-08, 5.29008969963e-09, 6.70159305827e-09, 4.35762315121e-09, 1.32771460493e-09, 3.30501559453e-09, 4.18094892041e-09, 9.51632550539e-10, 2.57807575288e-09, 1.76559411535e-09, 5.54395862551e-10, 6.43105013687e-10, 3.63887697752e-10, 1.22656551582e-10, 2.49689158238e-10, 1.034337338e-10, 9.2749745384e-11, 1.38658015625e-10, 7.90405588202e-11, 1.059472024e-10, 1.2337912636e-10, 8.57046517089e-11, 6.20773224491e-11, 4.59384405516e-11]}, "mfcc": {"mean": [-659.575561523, 104.304412842, 4.6763753891, 29.6151409149, 14.8766956329, 5.81770849228, -2.24830937386, -2.71597933769, -5.83295106888, 1.40160727501, 0.495001345873, 0.990047693253, -2.32120990753], "cov": [[8122.70117188, -1221.53491211, 718.253173828, 50.6530075073, 173.956893921, 0.354462563992, 58.3091583252, -21.1511478424, 0.572453737259, 117.763648987, 171.583770752, 141.201385498, -36.9989433289], [-1221.53491211, 1955.8001709, 67.6194152832, 174.42048645, 131.50088501, 125.341270447, 16.2113075256, 94.6089096069, -16.9993610382, -69.8158874512, -11.2965784073, 42.0676460266, 39.948009491], [718.253173828, 67.6194152832, 1495.11950684, 276.862609863, 207.874313354, 185.148101807, 62.0591659546, 73.3180389404, 104.654182434, 58.4783630371, 19.679857254, 71.5243530273, 49.5108375549], [50.6530075073, 174.42048645, 276.862609863, 761.724182129, 243.939926147, 62.5519447327, 130.434387207, 83.0664520264, 56.1370391846, 48.54895401, 36.3635559082, 32.9939651489, 67.8374481201], [173.956893921, 131.50088501, 207.874313354, 243.939926147, 436.435974121, 127.948280334, 101.146759033, 54.745552063, 58.3317451477, 67.6442642212, 68.7688751221, 48.5323944092, 52.7484130859], [0.354462563992, 125.341270447, 185.148101807, 62.5519447327, 127.948280334, 297.269500732, 90.3697433472, 19.53515625, 62.5674438477, 44.3857498169, 31.8418903351, 59.7494888306, 44.3949317932], [58.3091583252, 16.2113075256, 62.0591659546, 130.434387207, 101.146759033, 90.3697433472, 234.661270142, 70.2053375244, 39.7075386047, 56.2555084229, 52.3893013, 30.0282020569, 35.0566215515], [-21.1511478424, 94.6089096069, 73.3180389404, 83.0664520264, 54.745552063, 19.53515625, 70.2053375244, 167.908309937, 54.3633918762, 45.8252754211, 35.9995651245, 36.0667419434, 17.0904369354], [0.572453737259, -16.9993610382, 104.654182434, 56.1370391846, 58.3317451477, 62.5674438477, 39.7075386047, 54.3633918762, 184.889877319, 87.4198150635, 47.4334793091, 40.4235115051, 21.2674827576], [117.763648987, -69.8158874512, 58.4783630371, 48.54895401, 67.6442642212, 44.3857498169, 56.2555084229, 45.8252754211, 87.4198150635, 177.658813477, 81.033821106, 36.4574890137, 26.9218997955], [171.583770752, -11.2965784073, 19.679857254, 36.3635559082, 68.7688751221, 31.8418903351, 52.3893013, 35.9995651245, 47.4334793091, 81.033821106, 114.577888489, 43.9258384705, 26.3927841187], [141.201385498, 42.0676460266, 71.5243530273, 32.9939651489, 48.5323944092, 59.7494888306, 30.0282020569, 36.0667419434, 40.4235115051, 36.4574890137, 43.9258384705, 96.8424987793, 38.3236312866], [-36.9989433289, 39.948009491, 49.5108375549, 67.8374481201, 52.7484130859, 44.3949317932, 35.0566215515, 17.0904369354, 21.2674827576, 26.9218997955, 26.3927841187, 38.3236312866, 83.3086547852]], "icov": [[0.000157123780809, 0.000101279707451, -8.06753596407e-05, -4.02267232857e-06, -5.32701924385e-05, 4.70169979963e-05, -1.05051385617e-05, 5.39884422324e-05, 0.000123477380839, 2.11667593248e-05, -0.000213756153244, -0.000287220347673, 0.000235940882703], [0.000101279707451, 0.000646572036203, -1.38299055834e-05, -0.000101179452031, -0.000133347057272, -0.000259176653344, 0.000196933411644, -0.00039554113755, 0.000207545919693, 0.000379598001018, -0.000131441149279, -0.000251976191066, 2.82665787381e-05], [-8.06753596407e-05, -1.38299055834e-05, 0.000843292626087, -0.000212022627238, -0.000147829938214, -0.000400225515477, 0.00018357031513, -0.000207559132832, -0.000261043402134, -5.16129985044e-05, 0.000433216104284, -0.000120402197354, -8.4049468569e-05], [-4.02267232857e-06, -0.000101179452031, -0.000212022627238, 0.00183643528726, -0.000786282646004, 0.000418285431806, -0.000648428744171, -0.000271095923381, -0.000172047293745, 2.81648090095e-06, 0.000356582371751, 0.000293486751616, -0.000924199179281], [-5.32701924385e-05, -0.000133347057272, -0.000147829938214, -0.000786282646004, 0.00344564416446, -0.000909812573809, -0.000263175548753, -8.99287551874e-05, -2.10769962905e-06, -0.000165233243024, -0.00119492737576, 0.000259823718807, -0.000486268050736], [4.70169979963e-05, -0.000259176653344, -0.000400225515477, 0.000418285431806, -0.000909812573809, 0.00511273555458, -0.00167404185049, 0.00122208462562, -0.000947631080635, -0.000225842202781, 0.000847066927236, -0.00208519981243, -0.000646571745165], [-1.05051385617e-05, 0.000196933411644, 0.00018357031513, -0.000648428744171, -0.000263175548753, -0.00167404185049, 0.00628086784855, -0.00206822133623, 0.000455477769719, -0.000341894832673, -0.00151390454266, 0.00094482494751, -0.000801000162028], [5.39884422324e-05, -0.00039554113755, -0.000207559132832, -0.000271095923381, -8.99287551874e-05, 0.00122208462562, -0.00206822133623, 0.00824119243771, -0.00145572482143, -0.000651352922432, -0.000218230066821, -0.00215769745409, 0.000786949996836], [0.000123477380839, 0.000207545919693, -0.000261043402134, -0.000172047293745, -2.10769962905e-06, -0.000947631080635, 0.000455477769719, -0.00145572482143, 0.00800663884729, -0.00297490111552, -0.000386798987165, -0.00127240247093, 0.000489103898872], [2.11667593248e-05, 0.000379598001018, -5.16129985044e-05, 2.81648090095e-06, -0.000165233243024, -0.000225842202781, -0.000341894832673, -0.000651352922432, -0.00297490111552, 0.0101081170142, -0.00544853555039, 0.000595659075771, -0.00069673336111], [-0.000213756153244, -0.000131441149279, 0.000433216104284, 0.000356582371751, -0.00119492737576, 0.000847066927236, -0.00151390454266, -0.000218230066821, -0.000386798987165, -0.00544853555039, 0.0158720891923, -0.00408280547708, -0.000883448519744], [-0.000287220347673, -0.000251976191066, -0.000120402197354, 0.000293486751616, 0.000259823718807, -0.00208519981243, 0.00094482494751, -0.00215769745409, -0.00127240247093, 0.000595659075771, -0.00408280547708, 0.0168482586741, -0.00550715625286], [0.000235940882703, 2.82665787381e-05, -8.4049468569e-05, -0.000924199179281, -0.000486268050736, -0.000646571745165, -0.000801000162028, 0.000786949996836, 0.000489103898872, -0.00069673336111, -0.000883448519744, -0.00550715625286, 0.0166389513761]]}, "spectral_contrast_coeffs": {"dmean": [0.0680108293891, 0.0551475100219, 0.0402180664241, 0.0338524281979, 0.0283231642097, 0.0232958830893], "dmean2": [0.105723515153, 0.0908539891243, 0.065489448607, 0.0555869564414, 0.0446581915021, 0.0364377386868], "dvar": [0.00357343093492, 0.00195022358093, 0.00106587470509, 0.000835768471006, 0.000684355734847, 0.000483971671201], "dvar2": [0.00788167770952, 0.00508814444765, 0.00267490395345, 0.00211144937202, 0.00156507431529, 0.00110551854596], "max": [-0.284573107958, -0.422310113907, -0.499836236238, -0.526365697384, -0.571568012238, -0.530343592167], "mean": [-0.636980891228, -0.741137742996, -0.806889057159, -0.797735273838, -0.790502905846, -0.773441851139], "median": [-0.651010990143, -0.749858915806, -0.814496815205, -0.808987557888, -0.801452159882, -0.778757333755], "min": [-0.970828652382, -0.973646700382, -0.953000366688, -0.963844656944, -0.960846722126, -0.958053231239], "var": [0.0104846712202, 0.00603117840365, 0.00326668075286, 0.00335490494035, 0.00304357078858, 0.00212848652154]}, "spectral_contrast_valleys": {"dmean": [0.446608126163, 0.598958492279, 0.571676552296, 0.479299634695, 0.493048161268, 0.579446792603], "dmean2": [0.676211893559, 0.955125510693, 0.867155313492, 0.734819412231, 0.735362946987, 0.805238068104], "dvar": [0.154311478138, 0.302070587873, 0.309507399797, 0.260416567326, 0.325893938541, 0.375745534897], "dvar2": [0.319916456938, 0.695462763309, 0.6316447258, 0.518637359142, 0.702627003193, 0.805854856968], "max": [-5.19416379929, -4.4519033432, -5.28307723999, -5.3115272522, -5.19657516479, -7.