{"lowlevel": {"average_loudness": 0.886479258537, "barkbands_crest": {"dmean": 2.17574334145, "dmean2": 3.40156197548, "dvar": 5.75545406342, "dvar2": 14.2593259811, "max": 26.3794498444, "mean": 13.4905424118, "median": 12.9404172897, "min": 4.53578329086, "var": 16.4645595551}, "barkbands_flatness_db": {"dmean": 0.0479787178338, "dmean2": 0.0632147267461, "dvar": 0.00235904962756, "dvar2": 0.00475457170978, "max": 0.574638068676, "mean": 0.290946483612, "median": 0.285518348217, "min": 0.0655849054456, "var": 0.0105693945661}, "barkbands_kurtosis": {"dmean": 5.70461797714, "dmean2": 9.10604095459, "dvar": 205.925842285, "dvar2": 540.393188477, "max": 438.729492188, "mean": 8.78494739532, "median": 3.63646554947, "min": -1.93034684658, "var": 318.314910889}, "barkbands_skewness": {"dmean": 0.749647259712, "dmean2": 1.13151013851, "dvar": 0.922818362713, "dvar2": 2.15379047394, "max": 17.7690238953, "mean": 1.51475846767, "median": 1.34886825085, "min": -6.50819301605, "var": 2.5000398159}, "barkbands_spread": {"dmean": 4.43347597122, "dmean2": 6.89740037918, "dvar": 52.9559631348, "dvar2": 131.788711548, "max": 162.462982178, "mean": 9.16145515442, "median": 5.88284158707, "min": 0.143943935633, "var": 92.3863830566}, "dissonance": {"dmean": 0.0421551354229, "dmean2": 0.0651651024818, "dvar": 0.00150642648805, "dvar2": 0.00318891601637, "max": 0.499983459711, "mean": 0.380891889334, "median": 0.399436026812, "min": 0.0757915899158, "var": 0.00659563113004}, "dynamic_complexity": 4.92887449265, "erbbands_crest": {"dmean": 3.18079900742, "dmean2": 4.97388887405, "dvar": 11.5442895889, "dvar2": 28.5880451202, "max": 30.7717590332, "mean": 15.5775747299, "median": 14.857919693, "min": 2.76495814323, "var": 31.6826019287}, "erbbands_flatness_db": {"dmean": 0.0391321480274, "dmean2": 0.0543045513332, "dvar": 0.0015634864103, "dvar2": 0.00318499607965, "max": 0.555226922035, "mean": 0.28038674593, "median": 0.277973592281, "min": 0.0357444174588, "var": 0.00636612670496}, "erbbands_kurtosis": {"dmean": 4.04767990112, "dmean2": 6.1541686058, "dvar": 63.9756584167, "dvar2": 136.659957886, "max": 265.337585449, "mean": 6.31031036377, "median": 2.16198730469, "min": -1.93763148785, "var": 230.471679688}, "erbbands_skewness": {"dmean": 0.689016580582, "dmean2": 1.014336586, "dvar": 0.623527050018, "dvar2": 1.50831317902, "max": 12.0524263382, "mean": 1.07417213917, "median": 0.872586250305, "min": -2.8625690937, "var": 2.42487931252}, "erbbands_spread": {"dmean": 7.60596036911, "dmean2": 11.6034193039, "dvar": 94.0311050415, "dvar2": 226.355331421, "max": 160.202468872, "mean": 18.3177566528, "median": 14.2355394363, "min": 0.513609468937, "var": 219.932327271}, "hfc": {"dmean": 5.66894578934, "dmean2": 8.51321792603, "dvar": 87.7843399048, "dvar2": 217.688583374, "max": 113.028015137, "mean": 9.5081615448, "median": 5.04890537262, "min": 1.16094296046e-16, "var": 143.411209106}, "melbands_crest": {"dmean": 2.46954226494, "dmean2": 3.86288738251, "dvar": 8.86504554749, "dvar2": 21.8458862305, "max": 35.610004425, "mean": 15.9914770126, "median": 15.8276958466, "min": 1.00125646591, "var": 19.3872051239}, "melbands_flatness_db": {"dmean": 0.0544200018048, "dmean2": 0.0712395608425, "dvar": 0.00325253792107, "dvar2": 0.00655190041289, "max": 0.715895295143, "mean": 0.384054213762, "median": 0.378306090832, "min": -1.03543797536e-07, "var": 0.0146465376019}, "melbands_kurtosis": {"dmean": 6.92446947098, "dmean2": 10.7227249146, "dvar": 178.900177002, "dvar2": 432.779663086, "max": 245.834457397, "mean": 11.5069084167, "median": 6.3340511322, "min": -1.75029909611, "var": 349.101806641}, "melbands_skewness": {"dmean": 0.796010613441, "dmean2": 1.17469668388, "dvar": 0.963483452797, "dvar2": 2.26767969131, "max": 13.3642292023, "mean": 1.85983240604, "median": 1.69886374474, "min": -2.07330775261, "var": 2.53557348251}, "melbands_spread": {"dmean": 5.19483470917, "dmean2": 7.99142313004, "dvar": 77.0322570801, "dvar2": 181.679992676, "max": 203.775695801, "mean": 10.804523468, "median": 7.17827653885, "min": 0.311127007008, "var": 146.379241943}, "pitch_salience": {"dmean": 0.0599690265954, "dmean2": 0.0957053154707, "dvar": 0.00529370550066, "dvar2": 0.0138786686584, "max": 0.996035695076, "mean": 0.453648597002, "median": 0.454155683517, "min": 0.0476629808545, "var": 0.0116168428212}, "silence_rate_20dB": {"dmean": 0, "dmean2": 0, "dvar": 0, "dvar2": 0, "max": 1, "mean": 1, "median": 1, "min": 1, "var": 0}, "silence_rate_30dB": {"dmean": 0.0113074202091, "dmean2": 0.0226228348911, "dvar": 0.0111795263365, "dvar2": 0.0263526272029, "max": 1, "mean": 0.986930429935, "median": 1, "min": 0, "var": 0.0128989033401}, "silence_rate_60dB": {"dmean": 0.064310953021, "dmean2": 0.128667369485, "dvar": 0.0601744242013, "dvar2": 0.118470318615, "max": 1, "mean": 0.15860119462, "median": 0, "min": 0, "var": 0.133446455002}, "spectral_centroid": {"dmean": 225.494873047, "dmean2": 344.077270508, "dvar": 172435.75, "dvar2": 403824.4375, "max": 10631.6210938, "mean": 644.161499023, "median": 465.681030273, "min": 181.405685425, "var": 263601.34375}, "spectral_complexity": {"dmean": 2.49469971657, "dmean2": 3.67126202583, "dvar": 10.2385940552, "dvar2": 21.5970287323, "max": 33, "mean": 7.36736154556, "median": 6, "min": 0, "var": 25.2406368256}, "spectral_decrease": {"dmean": 2.23356200202e-09, "dmean2": 3.01221492194e-09, "dvar": 1.39926385271e-17, "dvar2": 3.15098605572e-17, "max": 2.84089212446e-16, "mean": -5.65961544297e-09, "median": -3.78811115809e-09, "min": -5.39952793588e-08, "var": 3.85836742364e-17}, "spectral_energy": {"dmean": 0.00886580348015, "dmean2": 0.0119877392426, "dvar": 0.000217627239181, "dvar2": 0.000491847749799, "max": 0.212180733681, "mean": 0.0222230553627, "median": 0.0149540212005, "min": 1.0727103558e-20, "var": 0.000592438853346}, "spectral_energyband_high": {"dmean": 0.000223435359658, "dmean2": 0.000404318765504, "dvar": 6.34687864931e-07, "dvar2": 1.79532469247e-06, "max": 0.00888593494892, "mean": 0.000148663675645, "median": 5.38760286872e-06, "min": 7.04570877684e-21, "var": 3.87831732951e-07}, "spectral_energyband_low": {"dmean": 0.00269373459741, "dmean2": 0.00334069458768, "dvar": 2.83357185253e-05, "dvar2": 4.8692611017e-05, "max": 0.10420384258, "mean": 0.00661846995354, "median": 0.00236176652834, "min": 6.08489878726e-23, "var": 8.75497062225e-05}, "spectral_energyband_middle_high": {"dmean": 0.00169753981754, "dmean2": 0.00258330255747, "dvar": 1.09447482828e-05, "dvar2": 2.58949294221e-05, "max": 0.0465741828084, "mean": 0.00195253593847, "median": 0.000428216269938, "min": 2.02015741525e-21, "var": 1.49862235048e-05}, "spectral_energyband_middle_low": {"dmean": 0.00611254340038, "dmean2": 0.00895762536675, "dvar": 0.000167859339854, "dvar2": 0.000409235537518, "max": 0.200198560953, "mean": 0.0142765296623, "median": 0.00774742709473, "min": 3.32184278479e-22, "var": 0.000377094198484}, "spectral_entropy": {"dmean": 0.438655406237, "dmean2": 0.596490263939, "dvar": 0.24437738955, "dvar2": 0.495791345835, "max": 9.79656410217, "mean": 6.08839273453, "median": 6.13444185257, "min": 3.18620276451, "var": 0.990409016609}, "spectral_flux": {"dmean": 0.027292791754, "dmean2": 0.0410393700004, "dvar": 0.00134455529042, "dvar2": 0.00296068983153, "max": 0.420579999685, "mean": 0.0557742528617, "median": 0.0343645103276, "min": 1.03571734522e-10, "var": 0.00287476857193}, "spectral_kurtosis": {"dmean": 15.2338447571, "dmean2": 24.247089386, "dvar": 517.086730957, "dvar2": 1165.4967041, "max": 223.06211853, "mean": 30.5458679199, "median": 15.4200611115, "min": -1.2049703598, "var": 1334.61071777}, "spectral_rms": {"dmean": 0.000844749563839, "dmean2": 0.00106195674744, "dvar": 1.16513376724e-06, "dvar2": 2.40342183133e-06, "max": 0.0143876885995, "mean": 0.00404647970572, "median": 0.00381959276274, "min": 3.23503723809e-12, "var": 5.30704437551e-06}, "spectral_rolloff": {"dmean": 259.625061035, "dmean2": 457.244750977, "dvar": 516586.34375, "dvar2": 1106791.375, "max": 19681.3476562, "mean": 716.723327637, "median": 495.263671875, "min": 21.533203125, "var": 1182247.75}, "spectral_skewness": {"dmean": 1.02626144886, "dmean2": 1.6134750843, "dvar": 1.44730341434, "dvar2": 3.1050658226, "max": 12.9426727295, "mean": 3.67918348312, "median": 2.91771531105, "min": 0.0126881757751, "var": 4.8932390213}, "spectral_spread": {"dmean": 737740.875, "dmean2": 1072862.625, "dvar": 1178046169090.0, "dvar2": 2086811336700.0, "max": 39692936, "mean": 2638550.5, "median": 2285396, "min": 408260.0625, "var": 3138307751940.0}, "spectral_strongpeak": {"dmean": 0.403201699257, "dmean2": 0.657362580299, "dvar": 0.635966658592, "dvar2": 1.4393157959, "max": 9.66515350342, "mean": 0.922597587109, "median": 0.545578062534, "min": 0, "var": 1.06177270412}, "zerocrossingrate": {"dmean": 0.00641270307824, "dmean2": 0.00761504750699, "dvar": 0.000146709033288, "dvar2": 0.000149630825035, "max": 0.640625, "mean": 0.0267721619457, "median": 0.021484375, "min": 0, "var": 0.000854963902384}, "barkbands": {"dmean": [0.000217054970562, 0.00207389495336, 0.000422673736466, 0.000654782401398, 0.00182948971633, 0.00155401788652, 0.00111179309897, 0.0011796192266, 0.00105593213812, 0.000309176568408, 0.000143088735058, 0.000232021586271, 0.000725472695194, 0.000103453676275, 7.14607449481e-05, 0.000291028787615, 0.000117568677524, 6.75936898915e-05, 3.98282063543e-05, 5.81694948778e-05, 0.000124089070596, 1.37589058795e-05, 9.38689845498e-06, 2.12037230085e-05, 5.68227869735e-06, 2.89685817734e-06, 6.57600764953e-07], "dmean2": [0.000361856102245, 0.00258553703316, 0.000586979906075, 0.000939274206758, 0.0025243209675, 0.00233511440456, 0.00161474512424, 0.00181937683374, 0.00161690951791, 0.000500618305523, 0.000237695421674, 0.000396214483771, 0.00123494723812, 0.000166527432157, 0.000114942165965, 0.000403802579967, 0.000181541079655, 0.000119116572023, 6.75861447235e-05, 0.000104059334262, 0.000228994831559, 2.40877798205e-05, 1.61770494742e-05, 3.94007074647e-05, 9.73857186182e-06, 4.80789458379e-06, 1.05458298094e-06], "dvar": [2.51112282967e-07, 1.92413754121e-05, 2.26171778195e-06, 4.80451262774e-06, 4.79285408801e-05, 3.47846798832e-05, 1.05566386992e-05, 2.12725772144e-05, 1.46145366671e-05, 1.47310186094e-06, 1.1266619282e-07, 4.17424871557e-07, 3.2225848372e-06, 9.05392809614e-08, 1.34273705044e-07, 1.56155101649e-06, 2.93582132826e-07, 2.26197620634e-08, 1.98352356762e-08, 4.49166961403e-08, 4.9023384463e-07, 1.7242069994e-09, 8.79843253809e-10, 7.99690091924e-09, 2.3676993699e-10, 5.21280761612e-11, 3.34239992454e-12], "dvar2": [6.10950792179e-07, 3.16524456139e-05, 4.32166234532e-06, 1.2285883713e-05, 0.00010737998673, 8.6383020971e-05, 2.75391812465e-05, 5.26131443621e-05, 3.72647918994e-05, 3.39531106874e-06, 2.87315600644e-07, 1.10290989142e-06, 8.97463087313e-06, 2.11459024513e-07, 3.47546517787e-07, 3.30486591338e-06, 6.38170888578e-07, 6.3180998211e-08, 5.17885929696e-08, 1.25715473587e-07, 1.40105214541e-06, 4.73045069782e-09, 2.45536924126e-09, 2.32316317295e-08, 6.19487572351e-10, 1.22698948224e-10, 7.54978631695e-12], "max": [0.0117526138201, 0.0675880163908, 0.0224529914558, 0.0520363599062, 0.152829453349, 0.168719559908, 0.0557474046946, 0.0957250893116, 0.0449292995036, 0.0246805921197, 0.00385935720988, 0.0075530493632, 0.0142848817632, 0.00534800393507, 0.00679596327245, 0.0167566053569, 0.0123513229191, 0.00154756486882, 0.00168828701135, 0.00280324160121, 0.00843289773911, 0.000480698305182, 0.000366038962966, 0.00110978423618, 0.000185314405826, 9.66612860793e-05, 3.34245050908e-05], "mean": [0.000204319076147, 0.00453185848892, 0.00117224035785, 0.00152126583271, 0.00408828863874, 0.0032589470502, 0.00244736368768, 0.00164867180865, 0.00115105509758, 0.000342444633134, 0.000131123088067, 0.000215054024011, 0.000634243828245, 0.000100294280855, 6.40438083792e-05, 0.000334039301379, 0.000131073145894, 5.81011081522e-05, 3.28891219397e-05, 3.92961519537e-05, 7.80660484452e-05, 1.05013696157e-05, 7.26430607756e-06, 1.31628466988e-05, 4.36649406765e-06, 2.50944481195e-06, 6.20654532213e-07], "median": [2.47032076004e-05, 0.000777053937782, 2.88459741569e-05, 0.000351485126885, 0.000407845713198, 0.000932343187742, 0.000498330453411, 0.000151876898599, 2.39112487179e-05, 5.14293169545e-05, 1.86267134268e-05, 4.38736788055e-05, 4.06909057347e-05, 9.19839840208e-06, 3.92985566577e-06, 1.21632128867e-05, 1.25812812257e-05, 5.33250658918e-06, 1.83549855137e-06, 1.59595003879e-06, 1.41355405958e-06, 5.54981966161e-07, 3.56522690481e-07, 2.19373134769e-07, 1.22990996942e-07, 4.34302833696e-08, 7.2064016976e-09], "min": [1.31151962512e-22, 1.51983882598e-23, 7.56522735703e-24, 6.09640108923e-24, 7.20292358033e-23, 3.36715747954e-23, 8.55353927813e-23, 2.237124488e-23, 8.63895082606e-23, 9.93624457538e-23, 1.47548934988e-22, 7.6304110914e-23, 1.41704081525e-22, 5.98479107621e-23, 1.91506019053e-22, 2.63624465558e-22, 2.80891154026e-22, 1.68684790558e-22, 3.50832723086e-22, 3.74418200027e-22, 4.52236160261e-22, 3.29077529664e-22, 4.80972760073e-22, 9.79198779046e-22, 9.21682968311e-22, 1.72007805905e-21, 2.25971647352e-21], "var": [2.46052394459e-07, 5.52792334929e-05, 1.03152979136e-05, 9.44615749177e-06, 0.000116867529869, 7.84288349678e-05, 2.6084628189e-05, 2.77336221188e-05, 1.66697627719e-05, 1.63471884207e-06, 1.04444168869e-07, 3.21621087096e-07, 2.85725286631e-06, 1.06930805543e-07, 1.11603966957e-07, 2.16835883293e-06, 3.98962043846e-07, 1.95935800917e-08, 1.57998645278e-08, 2.76295377688e-08, 2.84978256104e-07, 1.232714264e-09, 5.88142756719e-10, 4.4697348045e-09, 1.83105003382e-10, 5.4380926845e-11, 4.06115982857e-12]}, "erbbands": {"dmean": [0.0969938784838, 0.336820065975, 0.343313753605, 1.55227351189, 3.95803403854, 5.9531712532, 8.3983259201, 13.9185914993, 18.7007637024, 22.7882003784, 19.8915500641, 21.0989990234, 17.0947418213, 8.06195259094, 6.09738922119, 12.0502414703, 35.4873313904, 8.70299530029, 3.23557114601, 8.89517784119, 17.4244651794, 5.43991088867, 3.78805971146, 3.11741876602, 1.19610321522, 2.90645432472, 6.27018737793, 2.56781220436, 0.524662911892, 0.477078080177, 0.228568896651, 0.445635229349, 0.26388451457, 0.0738243237138, 0.0383118577302, 0.014380980283, 0.00515074236318, 0.00108026002999, 0.000116969626106, 1.30295493364e-05], "dmean2": [0.13338829577, 0.384760797024, 0.464926898479, 2.18008160591, 4.91249418259, 8.59305667877, 12.9461288452, 21.6962585449, 26.6820869446, 33.7664451599, 30.8241729736, 30.9885692596, 28.5009632111, 12.606095314, 9.93408489227, 20.2903060913, 60.2807731628, 14.2998094559, 5.12085914612, 13.4605979919, 23.5992145538, 8.3505115509, 6.54814195633, 5.42200803757, 1.96184229851, 5.20731592178, 11.5857248306, 4.70903015137, 0.919597387314, 0.850050032139, 0.3892750144, 0.825315952301, 0.485444843769, 0.128336936235, 0.0651061981916, 0.0238161291927, 0.00862941145897, 0.00175450753886, 0.00018556015857, 1.79489943548e-05], "dvar": [0.0432803742588, 0.513574063778, 1.05577158928, 19.9694671631, 305.144561768, 853.413330078, 826.438537598, 3507.42285156, 3917.35083008, 7690.15332031, 4260.41259766, 4251.70654297, 4702.1640625, 1399.70837402, 210.445587158, 911.492858887, 7861.55615234, 417.899291992, 103.296562195, 3244.67749023, 5873.66113281, 287.807281494, 62.7323303223, 176.13961792, 10.6002750397, 115.475952148, 1155.13867188, 130.23638916, 2.51933336258, 4.05776882172, 0.360908091068, 3.52111244202, 1.04240715504, 0.0450116433203, 0.00917978491634, 0.00130677211564, 0.000176242130692, 7.70981296228e-06, 9.6458464327e-08, 4.99989383229e-10], "dvar2": [0.0814555361867, 0.774540305138, 2.10072636604, 47.0119781494, 660.830566406, 1960.00708008, 2040.22338867, 9193.64160156, 10776.8886719, 19025.25, 10347.2275391, 9857.97949219, 12738.7519531, 3061.60864258, 530.981445312, 2420.02783203, 21655.8496094, 1069.68798828, 262.684112549, 7811.45068359, 12021.4736328, 673.906982422, 171.447601318, 472.527526855, 27.6900348663, 323.618469238, 3291.04077148, 373.713378906, 6.94146060944, 11.7248182297, 0.959963440895, 10.2451152802, 3.0035700798, 0.118729323149, 0.0238547027111, 0.00313511211425, 0.000420779688284, 1.78423397301e-05, 2.1447434051e-07, 1.07675890426e-09], "max": [3.06020641327, 12.2824888229, 17.1171627045, 64.5191879272, 566.360595703, 810.68737793, 489.611999512, 1791.39599609, 1208.89233398, 2573.97363281, 1230.44421387, 762.949523926, 1159.59960938, 910.582641602, 176.451583862, 305.952758789, 690.150878906, 341.906494141, 265.111480713, 1106.01635742, 1155.54370117, 337.741790771, 87.0430145264, 164.024871826, 48.1122665405, 141.84942627, 410.468444824, 126.66897583, 16.9656028748, 25.3512191772, 7.40008306503, 23.547744751, 11.994137764, 2.49151349068, 1.01754820347, 0.506171107292, 0.195669054985, 0.0449447669089, 0.00543912593275, 0.000373665272491], "mean": [0.183705985546, 0.827084422112, 0.954857349396, 3.96164679527, 9.97053718567, 12.6996850967, 14.6625432968, 28.4175262451, 41.9049758911, 42.2483596802, 24.6251773834, 25.614648819, 16.6100196838, 8.64202976227, 6.16703891754, 11.5900783539, 31.1342926025, 8.26244068146, 3.20028185844, 8.70468330383, 21.2423496246, 6.06710529327, 3.48543262482, 2.46274018288, 1.0914721489, 1.95850217342, 3.88596153259, 1.69539272785, 0.401643007994, 0.335887730122, 0.186159446836, 0.279681414366, 0.168299332261, 0.0556009523571, 0.0293177496642, 0.0121164154261, 0.00436986424029, 0.000982525991276, 0.000117668678286, 2.95442550851e-05], "median": [0.0282734632492, 0.169602453709, 0.245598271489, 0.886294722557, 1.64444637299, 1.14618444443, 2.00176072121, 8.08822441101, 8.97333335876, 4.8501739502, 3.42059779167, 1.19983530045, 1.26678574085, 1.34353506565, 1.17329132557, 2.61533689499, 2.207883358, 0.790641486645, 0.357848912477, 0.456576168537, 1.01005065441, 0.818478941917, 0.382422178984, 0.148863971233, 0.0867618843913, 0.0807291269302, 0.0782629474998, 0.0463014282286, 0.0205134842545, 0.0146290399134, 0.0103405127302, 0.00592779461294, 0.00307674077339, 0.00143833400216, 0.000841280678287, 0.000273812387604, 7.21883698134e-05, 1.31724609673e-05, 1.29518784888e-05, 1.86861125258e-05], "min": [5.33471364963e-22, 3.83415500701e-21, 1.21042631505e-20, 1.25890919636e-20, 6.72926356337e-20, 3.22372240444e-19, 2.48725998214e-19, 3.53248928157e-19, 7.48604606516e-19, 1.5253913599e-18, 8.08501323358e-19, 2.01402638648e-18, 2.73685589001e-18, 3.95291003175e-18, 4.04888283514e-18, 4.00726282903e-18, 5.66980859271e-18, 4.11559081564e-18, 4.87234651161e-18, 1.2877299622e-17, 1.74549072057e-17, 1.56677123548e-17, 7.75147229711e-18, 1.29540793537e-17, 2.30252853801e-17, 1.65364174341e-17, 1.51258660402e-17, 1.9203664628e-17, 1.02428633743e-17, 1.39030217796e-17, 1.48969487687e-17, 2.5028576203e-17, 1.11824313623e-17, 9.42508118789e-18, 8.2320898756e-18, 6.7432801647e-18, 2.92882341708e-18, 1.18379657939e-18, 2.99930442685e-19, 3.4693799891e-20], "var": [0.095963023603, 1.76115524769, 4.4564743042, 51.9827919006, 753.433410645, 1801.92456055, 1569.57226562, 6445.25048828, 9265.61035156, 14384.9179688, 4820.078125, 6379.97998047, 3848.453125, 1647.77502441, 202.623306274, 742.763183594, 6948.61230469, 452.037872314, 97.6697692871, 3090.37158203, 8881.7890625, 365.467315674, 61.1444396973, 126.400871277, 9.56509399414, 70.8576202393, 671.409667969, 77.1573181152, 1.80128657818, 2.35854387283, 0.284945338964, 1.96268606186, 0.601299703121, 0.0335411652923, 0.00736417807639, 0.00127966934815, 0.000179930357262, 8.82454150997e-06, 1.2111981107e-07, 1.17540788214e-09]}, "gfcc": {"mean": [-147.594680786, 157.809875488, -95.9181060791, 7.42586565018, -44.4546890259, -6.52509403229, -32.166721344, -4.57254171371, -9.75119113922, -0.418881237507, -2.02174663544, 2.76785874367, -5.02210998535], "cov": [[17912.7597656, -2601.69970703, -3022.77856445, 777.035766602, -878.240539551, 861.614746094, 29.2617683411, 883.723999023, -296.509307861, 1075.41650391, 150.997924805, 297.717102051, -329.085388184], [-2601.69970703, 2873.13574219, 729.251647949, -164.909912109, 524.723083496, -324.665893555, 299.421875, -242.350021362, 312.351379395, -484.029144287, 19.1490020752, -252.811859131, 204.009185791], [-3022.77856445, 729.251647949, 1494.82507324, 20.5817775726, 187.196731567, -61.5259895325, 126.432777405, -17.536272049, 61.5268096924, -179.814163208, -93.015953064, -118.307289124, 2.38494825363], [777.035766602, -164.909912109, 20.5817775726, 563.54699707, 249.750686646, 190.460403442, 124.982917786, 13.6881532669, -56.9419326782, 62.1455612183, 53.496471405, 26.7870178223, -26.353679657], [-878.240539551, 524.723083496, 187.196731567, 249.750686646, 636.757141113, 129.902923584, 72.118347168, -178.816375732, -1.1649954319, -161.57611084, -5.92909765244, 60.9188652039, 88.597694397], [861.614746094, -324.665893555, -61.5259895325, 190.460403442, 129.902923584, 397.293334961, 149.17666626, 84.0257949829, -23.3354911804, 116.249633789, 37.5870361328, 14.3447437286, -110.934356689], [29.2617683411, 299.421875, 126.432777405, 124.982917786, 72.118347168, 149.17666626, 452.068786621, 201.912475586, 100.709686279, 107.49772644, 84.6670913696, -113.648246765, -145.77104187], [883.723999023, -242.350021362, -17.536272049, 13.6881532669, -178.816375732, 84.0257949829, 201.912475586, 411.763244629, 159.006378174, 195.589004517, 30.8479576111, -43.7044868469, -99.8551025391], [-296.509307861, 312.351379395, 61.5268096924, -56.9419326782, -1.1649954319, -23.3354911804, 100.709686279, 159.006378174, 252.046218872, 65.1590576172, 40.9246749878, -53.9145278931, 0.387112081051], [1075.41650391, -484.029144287, -179.814163208, 62.1455612183, -161.57611084, 116.249633789, 107.49772644, 195.589004517, 65.1590576172, 334.159698486, 131.363128662, 34.2980995178, -124.155853271], [150.997924805, 19.1490020752, -93.015953064, 53.496471405, -5.92909765244, 37.5870361328, 84.6670913696, 30.8479576111, 40.9246749878, 131.363128662, 236.091186523, 63.3264923096, -4.16465520859], [297.717102051, -252.811859131, -118.307289124, 26.7870178223, 60.9188652039, 14.3447437286, -113.648246765, -43.7044868469, -53.9145278931, 34.2980995178, 63.3264923096, 205.340301514, 89.1800765991], [-329.085388184, 204.009185791, 2.38494825363, -26.353679657, 88.597694397, -110.934356689, -145.77104187, -99.8551025391, 0.387112081051, -124.155853271, -4.16465520859, 89.1800765991, 284.447509766]], "icov": [[0.000206276657991, -0.000360694888514, 0.00039117760025, -0.000368665496353, 0.000342512270436, -0.00044727398199, 0.000429186999099, -0.000641171587631, 0.000743268174119, -0.000651382666547, 0.000448556093033, -0.000263603345957, -2.24661689572e-05], [-0.000360694888514, 0.0020506051369, -0.00086381577421, 0.00102140649687, -0.00125318788923, 0.00161020690575, -0.00206712121144, 0.00211373157799, -0.00300622615032, 0.0027112623211, -0.0017067521112, 0.00142663880251, -0.000369907880668], [0.00039117760025, -0.00086381577421, 0.00155685748905, -0.000775630178396, 0.000543474627193, -0.000767781690229, 0.000757801346481, -0.00141514104325, 0.00149770884309, -0.00105952320155, 0.00110651925206, -0.000435620895587, 9.83207937679e-05], [-0.000368665496353, 0.00102140649687, -0.000775630178396, 0.00366343278438, -0.00237236754037, 0.000619579106569, -0.00110635708552, 0.000603764026891, -9.81003540801e-05, 0.000457447109511, -0.00150801218115, 0.00163363281172, -0.000522086163983], [0.000342512270436, -0.00125318788923, 0.000543474627193, -0.00237236754037, 0.00521749956533, -0.00255083874799, -0.000459903123556, 0.00119093747344, -0.000707861909177, 0.000360934529454, 0.00208492693491, -0.00366418785416, -2.90067364404e-05], [-0.00044727398199, 0.00161020690575, -0.000767781690229, 0.000619579106569, -0.00255083874799, 0.0057331030257, -0.00215632631443, 0.00105181243271, -0.00133260630537, 0.00103277852759, -0.00122583191842, 0.000999419367872, 0.000807440024801], [0.000429186999099, -0.00206712121144, 0.000757801346481, -0.00110635708552, -0.000459903123556, -0.00215632631443, 0.0076711862348, -0.00517244497314, 0.00391352362931, -0.00271687656641, -0.00097730057314, 0.00199558259919, 0.00145684881136], [-0.000641171587631, 0.00211373157799, -0.00141514104325, 0.000603764026891, 0.00119093747344, 0.00105181243271, -0.00517244497314, 0.00973695609719, -0.00755986385047, 0.00158622139134, 0.000638192112092, -0.00085013685748, -0.000404771388276], [0.000743268174119, -0.00300622615032, 0.00149770884309, -9.81003540801e-05, -0.000707861909177, -0.00133260630537, 0.00391352362931, -0.00755986385047, 0.0130517445505, -0.00609499774873, 0.000828952295706, 0.00163814856205, -0.00113275810145], [-0.000651382666547, 0.0027112623211, -0.00105952320155, 0.000457447109511, 0.000360934529454, 0.00103277852759, -0.00271687656641, 0.00158622139134, -0.00609499774873, 0.0123493662104, -0.00526940403506, -0.000805374875199, 0.00238190218806], [0.000448556093033, -0.0017067521112, 0.00110651925206, -0.00150801218115, 0.00208492693491, -0.00122583191842, -0.00097730057314, 0.000638192112092, 0.000828952295706, -0.00526940403506, 0.00932994671166, -0.00437270058319, -0.000603804714046], [-0.000263603345957, 0.00142663880251, -0.000435620895587, 0.00163363281172, -0.00366418785416, 0.000999419367872, 0.00199558259919, -0.00085013685748, 0.00163814856205, -0.000805374875199, -0.00437270058319, 0.0117035256699, -0.0030049351044], [-2.24661689572e-05, -0.000369907880668, 9.83207937679e-05, -0.000522086163983, -2.90067364404e-05, 0.000807440024801, 0.00145684881136, -0.000404771388276, -0.00113275810145, 0.00238190218806, -0.000603804714046, -0.0030049351044, 0.00660860026255]]}, "melbands": {"dmean": [0.000705267186277, 0.000247769756243, 0.000328726426233, 0.000347942404915, 0.000314095552312, 0.000329875474563, 0.000265377486357, 0.000267939409241, 0.000156455032993, 0.000141597556649, 8.39253771119e-05, 3.21258848999e-05, 1.90173886949e-05, 2.36766900343e-05, 5.96893987677e-05, 6.45256004645e-05, 1.17302588478e-05, 5.04376021127e-06, 7.49374976294e-06, 1.41888649523e-05, 2.14655483433e-05, 5.84517647439e-06, 4.14668966187e-06, 2.82815449282e-06, 2.66143001681e-06, 9.63231855167e-07, 5.93246284097e-07, 2.42228384195e-06, 3.20180743074e-06, 4.2829483391e-06, 7.75685919052e-07, 2.46509557655e-07, 2.85929871779e-07, 2.46298014872e-07, 1.32006448439e-07, 1.17743454098e-07, 3.86385039519e-07, 2.49284227039e-07, 6.81253737866e-08, 6.35890557987e-08], "dmean2": [0.000917281315196, 0.000294099125313, 0.000438236806076, 0.000458484311821, 0.000482710980577, 0.000507153512444, 0.000375321862521, 0.000400872173486, 0.000245373201324, 0.000208837751416, 0.000141136813909, 5.02108014189e-05, 3.11469702865e-05, 4.0227881982e-05, 9.9865203083e-05, 0.000111109824502, 1.92383176909e-05, 8.09816447145e-06, 1.17779536595e-05, 2.07728098758e-05, 2.90761108772e-05, 9.13442727324e-06, 7.19957051842e-06, 4.95074073115e-06, 4.66540859634e-06, 1.60547381256e-06, 9.66442030403e-07, 4.38596816821e-06, 5.91932212046e-06, 7.91398360889e-06, 1.40992381148e-06, 4.26355001082e-07, 5.09205563048e-07, 4.38818943849e-07, 2.23509317721e-07, 2.03079963512e-07, 7.28773670744e-07, 4.66235917429e-07, 1.17708516711e-07, 1.11705304562e-07], "dvar": [2.2339215775e-06, 2.70108927225e-07, 1.09928885195e-06, 1.80472000011e-06, 1.40250824643e-06, 1.7722377379e-06, 7.43748955756e-07, 1.10874532311e-06, 2.27826149057e-07, 2.26316728913e-07, 1.16038719966e-07, 2.68990500985e-08, 2.12145656597e-09, 3.85084097942e-09, 2.33148931272e-08, 2.56260559439e-08, 1.13579534666e-09, 3.16142056977e-10, 2.06340411424e-09, 5.10253528319e-09, 9.0294056676e-09, 6.09151673547e-10, 8.05863570319e-11, 4.86555656876e-11, 1.59895471863e-10, 9.27898209657e-12, 2.25678265138e-12, 1.00373855061e-10, 2.07151559795e-10, 6.92464363627e-10, 8.43253245009e-12, 6.18547043012e-13, 1.05513265226e-12, 1.27317698485e-12, 1.34108720765e-13, 1.23324974907e-13, 3.46172851669e-12, 1.20332227255e-12, 7.13434845055e-14, 4.44324752772e-14], "dvar2": [3.8835032683e-06, 4.779470828e-07, 2.61473132923e-06, 3.91830553781e-06, 3.4386371226e-06, 4.61799891127e-06, 1.99638611775e-06, 2.77646381619e-06, 5.57756607122e-07, 5.46598244e-07, 3.15189765843e-07, 5.87627937421e-08, 5.37234035036e-09, 1.0289570973e-08, 6.14396498122e-08, 7.25477775632e-08, 2.68533106862e-09, 8.20064294249e-10, 5.07044761733e-09, 1.1995914484e-08, 1.85872792713e-08, 1.37598465955e-09, 2.24267701632e-10, 1.32401534181e-10, 4.26310653445e-10, 2.5254319469e-11, 5.78655873218e-12, 2.82651430039e-10, 5.88559034842e-10, 1.97787697331e-09, 2.417887765e-11, 1.68143808339e-12, 2.97786188069e-12, 3.69328135782e-12, 3.56349010629e-13, 3.39552469258e-13, 1.01260102733e-11, 3.5058715913e-12, 1.95154724087e-13, 1.21022143045e-13], "max": [0.0236234683543, 0.011443708092, 0.0297429077327, 0.0296366065741, 0.0207890402526, 0.0390086919069, 0.0161967705935, 0.0289630983025, 0.00956413522363, 0.00564371515065, 0.00571639370173, 0.00403707381338, 0.000583885761444, 0.00100490450859, 0.00139484147076, 0.00124030059669, 0.000682111713104, 0.000473068939755, 0.0008853279287, 0.00128200883046, 0.00139500782825, 0.000537864631042, 8.43548841658e-05, 9.38711382332e-05, 0.000160842202604, 4.65708471893e-05, 1.81727118616e-05, 0.0001335755951, 0.000168999991729, 0.000318058446283, 3.5109493183e-05, 1.38967425301e-05, 1.33533230837e-05, 1.54048721015e-05, 4.81495499116e-06, 4.24940026278e-06, 2.3790393243e-05, 1.33626745082e-05, 5.08218363393e-06, 2.4347721137e-06], "mean": [0.00146207213402, 0.000698136282153, 0.000857883598655, 0.000821974768769, 0.000571102253161, 0.000680015538819, 0.000609945505857, 0.000458501366666, 0.000183639975148, 0.000162817566888, 7.97612083261e-05, 3.41043196386e-05, 1.83706215466e-05, 2.25520161621e-05, 5.40828659723e-05, 5.56155355298e-05, 1.1178422028e-05, 4.93576726512e-06, 6.89859280101e-06, 1.49314791997e-05, 2.62427820417e-05, 6.37561515759e-06, 3.73902366846e-06, 2.40623171521e-06, 2.03254694497e-06, 8.44715486892e-07, 5.41780593721e-07, 1.57364763709e-06, 1.97987651518e-06, 2.64189043264e-06, 5.41157589851e-07, 1.94448233515e-07, 2.06715895956e-07, 1.72203513671e-07, 1.06252315391e-07, 9.28669123823e-08, 2.28954704085e-07, 1.52121572228e-07, 5.06740214234e-08, 4.62983607008e-08], "median": [0.000239950648393, 0.000286430265987, 0.000245247763814, 9.10873059183e-05, 6.03557964496e-05, 0.000178174814209, 0.000126096958411, 3.74039482267e-05, 2.14570682147e-05, 4.85798045702e-06, 4.8633728511e-06, 4.22039192927e-06, 2.9351615467e-06, 4.97371183883e-06, 6.78003925714e-06, 3.59500222658e-06, 1.02499552668e-06, 5.06029834924e-07, 2.99030205042e-07, 6.688439953e-07, 1.09879579213e-06, 6.29411829323e-07, 3.91668493194e-07, 1.96317756718e-07, 8.46706029733e-08, 6.23651459364e-08, 4.60926159462e-08, 4.58546374205e-08, 4.52559980602e-08, 3.76554147863e-08, 2.04218029154e-08, 1.10185620628e-08, 8.56551629624e-09, 7.07725877902e-09, 5.77469005947e-09, 4.28618696091e-09, 3.08648462344e-09, 2.2667947519e-09, 1.28404842314e-09, 1.06674347133e-09], "min": [9.46027793293e-24, 6.30779175158e-24, 3.76424939107e-24, 1.21800036991e-23, 1.19858863296e-23, 7.52782588379e-24, 1.38751024903e-23, 1.45305212625e-23, 9.56961011009e-24, 1.11869524595e-23, 1.40960166759e-23, 1.61130204146e-23, 1.76218683571e-23, 7.7444423552e-24, 1.44762728757e-23, 1.19813858781e-23, 6.84564500536e-24, 6.54830163651e-24, 1.42214976246e-23, 1.56881809518e-23, 2.32775592854e-23, 1.75903423199e-23, 8.96408600126e-24, 7.63782780386e-24, 1.06068564931e-23, 1.40807175075e-23, 1.90279513895e-23, 8.90129740637e-24, 8.42561585825e-24, 1.06596013109e-23, 1.10932121181e-23, 6.16592497853e-24, 5.36041082517e-24, 8.48736079016e-24, 7.30343755474e-24, 1.23878235826e-23, 1.55139357773e-23, 7.67702235793e-24, 7.60568014425e-24, 7.69761872731e-24], "var": [5.84028157391e-06, 1.11143367576e-06, 2.50762764153e-06, 4.27890154242e-06, 2.96698112834e-06, 3.62401533494e-06, 1.84916825674e-06, 1.80490087587e-06, 2.62811056473e-07, 2.99713065033e-07, 9.32665784603e-08, 3.14464365658e-08, 2.03945904609e-09, 3.03797698109e-09, 2.04112549085e-08, 2.23632437013e-08, 1.31275090798e-09, 2.88263940496e-10, 1.88810855839e-09, 5.28914378961e-09, 1.35630982001e-08, 7.78061060025e-10, 7.50608047939e-11, 4.10119264938e-11, 1.14332536494e-10, 7.36414141472e-12, 2.06463904133e-12, 6.03018121548e-11, 1.21026438871e-10, 4.01889993507e-10, 5.14962898712e-12, 4.58499232504e-13, 6.91756710507e-13, 7.22973926819e-13, 1.05426674064e-13, 8.74548846427e-14, 1.87170353001e-12, 6.63752093653e-13, 4.77338403992e-14, 3.02294708634e-14]}, "mfcc": {"mean": [-794.018188477, 181.268981934, 14.8936910629, 18.2954006195, 6.3369717598, 1.94122648239, -6.70341253281, -2.57243919373, -4.14989280701, -9.86523151398, -2.66425848007, 15.7206945419, 5.7158498764], "cov": [[12487.9746094, -1200.05163574, -2458.03198242, 141.237548828, -746.987792969, 155.158554077, 271.769714355, 43.1843261719, -66.657875061, 350.822052002, 628.119140625, 607.407653809, -169.179443359], [-1200.05163574, 1849.71923828, 523.401550293, 106.02495575, 186.029724121, -61.435634613, 12.6367864609, 106.291908264, 169.277160645, 22.3416519165, -65.2989654541, -111.958686829, 52.5626335144], [-2458.03198242, 523.401550293, 1306.50488281, 128.873443604, 197.503692627, -56.3574638367, 3.08297634125, 58.8964042664, 157.714538574, 67.4866104126, -30.4982852936, -120.527503967, 47.6326141357], [141.237548828, 106.02495575, 128.873443604, 444.651824951, 136.856124878, 149.317947388, 199.79637146, 95.5272521973, 58.8917732239, 10.9659843445, 62.9361190796, 67.8237762451, 25.289106369], [-746.987792969, 186.029724121, 197.503692627, 136.856124878, 404.674743652, 227.790390015, 69.1153335571, 68.2722244263, 9.54466152191, -80.3739700317, -179.184402466, -69.8235702515, 52.3096160889], [155.158554077, -61.435634613, -56.3574638367, 149.317947388, 227.790390015, 414.523498535, 226.392532349, 74.6566085815, -30.2580890656, -74.0756225586, 17.6286392212, 60.6007766724, 60.4003639221], [271.769714355, 12.6367864609, 3.08297634125, 199.79637146, 69.1153335571, 226.392532349, 323.953857422, 148.199111938, 33.5380935669, 37.7386169434, 158.019607544, 129.686660767, 23.3358631134], [43.1843261719, 106.291908264, 58.8964042664, 95.5272521973, 68.2722244263, 74.6566085815, 148.199111938, 217.29069519, 114.299957275, 83.4096755981, 106.731529236, 48.5445213318, 0.292066544294], [-66.657875061, 169.277160645, 157.714538574, 58.8917732239, 9.54466152191, -30.2580890656, 33.5380935669, 114.299957275, 235.022155762, 168.354736328, 96.647857666, 10.5393733978, 13.8399496078], [350.822052002, 22.3416519165, 67.4866104126, 10.9659843445, -80.3739700317, -74.0756225586, 37.7386169434, 83.4096755981, 168.354736328, 319.670013428, 218.448410034, 58.977897644, 1.77573502064], [628.119140625, -65.2989654541, -30.4982852936, 62.9361190796, -179.184402466, 17.6286392212, 158.019607544, 106.731529236, 96.647857666, 218.448410034, 549.741271973, 238.604034424, 16.1939430237], [607.407653809, -111.958686829, -120.527503967, 67.8237762451, -69.8235702515, 60.6007766724, 129.686660767, 48.5445213318, 10.5393733978, 58.977897644, 238.604034424, 418.004150391, 125.794677734], [-169.179443359, 52.5626335144, 47.6326141357, 25.289106369, 52.3096160889, 60.4003639221, 23.3358631134, 0.292066544294, 13.8399496078, 1.77573502064, 16.1939430237, 125.794677734, 168.302444458]], "icov": [[0.000166574143805, -5.37225696462e-06, 0.000272123434115, -0.000184403936146, 0.000282093358692, -0.000236508189118, 0.000132286833832, -3.2484120311e-05, 1.68794049387e-05, -0.00025705184089, 7.69913385739e-05, -0.000163794233231, 0.000215069390833], [-5.37225696462e-06, 0.000691535009537, -0.000138630886795, 1.09435541162e-05, -0.000374061841285, 0.000492463528644, -0.000273553712759, -6.20997016085e-05, -0.000432691536844, 0.000317406695103, -0.000113730187877, 0.000244616880082, -0.000345879321685], [0.000272123434115, -0.000138630886795, 0.00153185368981, -0.000398910109652, -0.000394902483094, 0.000431128108175, -0.000256424711552, 0.000378760596504, -0.000549643707927, -0.000262573215878, -0.000219773355639, 0.000197051296709, -0.000132019195007], [-0.000184403936146, 1.09435541162e-05, -0.000398910109652, 0.00381556362845, -0.00163873890415, 0.000971649482381, -0.00277195731178, 0.000959605560638, -0.00111238553654, 0.000865228183102, -0.000330539100105, -4.78721558466e-05, 4.40259209427e-05], [0.000282093358692, -0.000374061841285, -0.000394902483094, -0.00163873890415, 0.00771424733102, -0.00509967654943, 0.00293089519255, -0.00298355892301, 0.000895586039405, -0.00116089591756, 0.00256448076107, -7.68826866988e-05, -0.000460973998997], [-0.000236508189118, 0.000492463528644, 0.000431128108175, 0.000971649482381, -0.00509967654943, 0.00849361903965, -0.00593341421336, 0.00200056191534, -0.000612691277638, 0.00216214428656, -0.00158338574693, 0.00118681986351, -0.00201065465808], [0.000132286833832, -0.000273553712759, -0.000256424711552, -0.00277195731178, 0.00293089519255, -0.00593341421336, 0.0112013742328, -0.00536584248766, 0.002222571522, -0.00134389824234, -0.000102733996755, -0.00163469091058, 0.00144524616189], [-3.2484120311e-05, -6.20997016085e-05, 0.000378760596504, 0.000959605560638, -0.00298355892301, 0.00200056191534, -0.00536584248766, 0.0107719926164, -0.00465698633343, 0.000664139050059, -0.00106945610605, -0.000131759588839, 0.00124734151177], [1.68794049387e-05, -0.000432691536844, -0.000549643707927, -0.00111238553654, 0.000895586039405, -0.000612691277638, 0.002222571522, -0.00465698633343, 0.0101431552321, -0.00453805876896, 0.000488572812174, 0.000377670512535, -0.00099926313851], [-0.00025705184089, 0.000317406695103, -0.000262573215878, 0.000865228183102, -0.00116089591756, 0.00216214428656, -0.00134389824234, 0.000664139050059, -0.00453805876896, 0.00756040588021, -0.00247946195304, 0.00073716964107, -0.000662172038574], [7.69913385739e-05, -0.000113730187877, -0.000219773355639, -0.000330539100105, 0.00256448076107, -0.00158338574693, -0.000102733996755, -0.00106945610605, 0.000488572812174, -0.00247946195304, 0.00456175813451, -0.00189894600771, 0.000978453084826], [-0.000163794233231, 0.000244616880082, 0.000197051296709, -4.78721558466e-05, -7.68826866988e-05, 0.00118681986351, -0.00163469091058, -0.000131759588839, 0.000377670512535, 0.00073716964107, -0.00189894600771, 0.00537371309474, -0.00433737039566], [0.000215069390833, -0.000345879321685, -0.000132019195007, 4.40259209427e-05, -0.000460973998997, -0.00201065465808, 0.00144524616189, 0.00124734151177, -0.00099926313851, -0.000662172038574, 0.000978453084826, -0.00433737039566, 0.010195851326]]}, "spectral_contrast_coeffs": {"dmean": [0.045612026006, 0.0492831654847, 0.0432734377682, 0.0403845757246, 0.0314717106521, 0.0293579753488], "dmean2": [0.0699746012688, 0.0810332000256, 0.0711421146989, 0.0652310401201, 0.0498374290764, 0.0467075519264], "dvar": [0.00279416702688, 0.00271779531613, 0.00157732947264, 0.00156499957666, 0.000904429063667, 0.00110730028246], "dvar2": [0.00535388151184, 0.00680876895785, 0.00381977739744, 0.00385141652077, 0.00223447149619, 0.00260878284462], "max": [-0.207750037313, -0.289347589016, -0.496561795473, -0.507748246193, -0.594951152802, -0.509280920029], "mean": [-0.545192956924, -0.590535402298, -0.727333962917, -0.759018778801, -0.791502177715, -0.788301169872], "median": [-0.542927384377, -0.58564221859, -0.728181481361, -0.767696201801, -0.799241304398, -0.791880726814], "min": [-0.981505036354, -0.989231646061, -0.987945377827, -0.995701909065, -0.985326111317, -0.958312928677], "var": [0.0142570072785, 0.00810358300805, 0.00495450105518, 0.00551026593894, 0.00330260186456, 0.00316607672721]}, "spectral_contrast_valleys": {"dmean": [0.551853120327, 0.505384683609, 0.599158704281, 0.678286790848, 0.661935210228, 0.711256027222], "dmean2": [0.792233288288, 0.751360177994, 0.820188820362, 0.883717894554, 0.81525093317, 0.881423056126], "dvar": [0.469196170568, 0.402363061905, 0.470124214888, 0.579293131828, 0.526953935623, 0.53109395504], "dvar2": [0.713274419308, 0.689734220505, 0.