{"lowlevel": {"average_loudness": 0.941397070885, "barkbands_crest": {"dmean": 2.85126662254, "dmean2": 4.57554578781, "dvar": 7.66251087189, "dvar2": 19.8372917175, "max": 24.4056968689, "mean": 11.5412540436, "median": 10.5821323395, "min": 2.71111989021, "var": 20.5829620361}, "barkbands_flatness_db": {"dmean": 0.0301462747157, "dmean2": 0.0429739207029, "dvar": 0.000957221025601, "dvar2": 0.00224906089716, "max": 0.428123563528, "mean": 0.150132164359, "median": 0.143587455153, "min": 0.0327776260674, "var": 0.00365244364366}, "barkbands_kurtosis": {"dmean": 6.04745912552, "dmean2": 9.26772594452, "dvar": 111.026481628, "dvar2": 275.812744141, "max": 136.614059448, "mean": 9.84997367859, "median": 5.56461238861, "min": -1.91630792618, "var": 189.582443237}, "barkbands_skewness": {"dmean": 0.725708663464, "dmean2": 1.08147907257, "dvar": 0.654997706413, "dvar2": 1.59122264385, "max": 9.79245948792, "mean": 2.34212350845, "median": 2.16179537773, "min": -3.56044077873, "var": 2.27937531471}, "barkbands_spread": {"dmean": 7.20608329773, "dmean2": 10.2659492493, "dvar": 85.0721282959, "dvar2": 161.116928101, "max": 108.032516479, "mean": 22.9260997772, "median": 15.2687988281, "min": 0.805383563042, "var": 437.076416016}, "dissonance": {"dmean": 0.0189862791449, "dmean2": 0.0320340208709, "dvar": 0.000358182180207, "dvar2": 0.000964403676335, "max": 0.499999970198, "mean": 0.463465124369, "median": 0.469192355871, "min": 0.297574371099, "var": 0.000707124709152}, "dynamic_complexity": 3.89040756226, "erbbands_crest": {"dmean": 2.64000320435, "dmean2": 4.13292312622, "dvar": 5.97542762756, "dvar2": 13.5572347641, "max": 29.8024692535, "mean": 8.72689437866, "median": 7.76465082169, "min": 2.25874423981, "var": 19.4655323029}, "erbbands_flatness_db": {"dmean": 0.020438818261, "dmean2": 0.0284277703613, "dvar": 0.000457221118268, "dvar2": 0.000945374311414, "max": 0.320436984301, "mean": 0.123845145106, "median": 0.117398016155, "min": 0.045201677829, "var": 0.0016743974993}, "erbbands_kurtosis": {"dmean": 1.19463539124, "dmean2": 1.87681853771, "dvar": 6.87346172333, "dvar2": 17.8921871185, "max": 95.2050170898, "mean": 0.771630585194, "median": -0.174292564392, "min": -1.85190844536, "var": 13.6362695694}, "erbbands_skewness": {"dmean": 0.421476811171, "dmean2": 0.61309838295, "dvar": 0.213978037238, "dvar2": 0.500686943531, "max": 5.75469112396, "mean": 0.393186092377, "median": 0.439746558666, "min": -7.03307104111, "var": 0.925281882286}, "erbbands_spread": {"dmean": 11.7043333054, "dmean2": 17.3877410889, "dvar": 172.192474365, "dvar2": 411.9296875, "max": 182.394302368, "mean": 51.7108268738, "median": 48.9745750427, "min": 2.2568025589, "var": 648.468139648}, "hfc": {"dmean": 10.835190773, "dmean2": 14.7233839035, "dvar": 377.184112549, "dvar2": 606.323791504, "max": 296.115722656, "mean": 28.4583358765, "median": 14.9039592743, "min": 1.14481373261e-16, "var": 1636.74279785}, "melbands_crest": {"dmean": 2.90196633339, "dmean2": 4.75915575027, "dvar": 10.2770214081, "dvar2": 26.095495224, "max": 33.006778717, "mean": 14.7839975357, "median": 13.2752456665, "min": 2.53299188614, "var": 32.2097053528}, "melbands_flatness_db": {"dmean": 0.0360981188715, "dmean2": 0.0515563674271, "dvar": 0.00128447159659, "dvar2": 0.00299269077368, "max": 0.559388041496, "mean": 0.236846864223, "median": 0.235059246421, "min": 0.00706417206675, "var": 0.00641822209582}, "melbands_kurtosis": {"dmean": 14.5481920242, "dmean2": 22.5307197571, "dvar": 565.000671387, "dvar2": 1373.70861816, "max": 502.749176025, "mean": 29.2129039764, "median": 18.4927082062, "min": -1.96416676044, "var": 1240.13671875}, "melbands_skewness": {"dmean": 0.9727871418, "dmean2": 1.48740792274, "dvar": 1.10697102547, "dvar2": 2.71107721329, "max": 17.6776809692, "mean": 3.90479445457, "median": 3.5675611496, "min": -1.86529040337, "var": 4.01612758636}, "melbands_spread": {"dmean": 7.01979637146, "dmean2": 10.4502153397, "dvar": 160.422454834, "dvar2": 357.39642334, "max": 269.560974121, "mean": 18.925163269, "median": 11.2393722534, "min": 0.579522669315, "var": 610.819091797}, "pitch_salience": {"dmean": 0.0807301327586, "dmean2": 0.125968515873, "dvar": 0.00581837072968, "dvar2": 0.0142792984843, "max": 0.901960849762, "mean": 0.545143902302, "median": 0.56614947319, "min": 0.123574815691, "var": 0.0178088303655}, "silence_rate_20dB": {"dmean": 0, "dmean2": 0, "dvar": 0, "dvar2": 0, "max": 1, "mean": 1, "median": 1, "min": 1, "var": 0}, "silence_rate_30dB": {"dmean": 0.0376044586301, "dmean2": 0.0752263739705, "dvar": 0.0361902564764, "dvar2": 0.0709593296051, "max": 1, "mean": 0.945463001728, "median": 1, "min": 0, "var": 0.0515637621284}, "silence_rate_60dB": {"dmean": 0.00139275763649, "dmean2": 0.00278616207652, "dvar": 0.00139078614302, "dvar2": 0.00277826958336, "max": 1, "mean": 0.0763518214226, "median": 0, "min": 0, "var": 0.0705212056637}, "spectral_centroid": {"dmean": 274.929656982, "dmean2": 397.917938232, "dvar": 126772.148438, "dvar2": 255967.09375, "max": 10757.9775391, "mean": 1109.87072754, "median": 869.309326172, "min": 206.909942627, "var": 604612.1875}, "spectral_complexity": {"dmean": 4.50139284134, "dmean2": 6.51869058609, "dvar": 26.0881309509, "dvar2": 43.95362854, "max": 59, "mean": 17.2297515869, "median": 15, "min": 0, "var": 124.838104248}, "spectral_decrease": {"dmean": 3.85804810321e-09, "dmean2": 5.98010085895e-09, "dvar": 3.45347541781e-17, "dvar2": 7.74846218686e-17, "max": -1.59324468542e-28, "mean": -1.18079155342e-08, "median": -9.71520641713e-09, "min": -6.08506312005e-08, "var": 8.4896649848e-17}, "spectral_energy": {"dmean": 0.0152115318924, "dmean2": 0.0233760681003, "dvar": 0.00051428808365, "dvar2": 0.00115353346337, "max": 0.232549503446, "mean": 0.0471471436322, "median": 0.0385582968593, "min": 1.09851249402e-20, "var": 0.0012863392476}, "spectral_energyband_high": {"dmean": 0.000984496902674, "dmean2": 0.00133093516342, "dvar": 4.73484305985e-06, "dvar2": 6.89657144903e-06, "max": 0.0377482324839, "mean": 0.00209053233266, "median": 0.000407815387007, "min": 7.97133761478e-21, "var": 2.38728243858e-05}, "spectral_energyband_low": {"dmean": 0.0118494201452, "dmean2": 0.0187667459249, "dvar": 0.00045801314991, "dvar2": 0.00105115235783, "max": 0.207288295031, "mean": 0.0268031433225, "median": 0.0172148086131, "min": 4.43887550638e-23, "var": 0.000950915855356}, "spectral_energyband_middle_high": {"dmean": 0.0016421736218, "dmean2": 0.00237666605972, "dvar": 8.10704023024e-06, "dvar2": 1.72663785634e-05, "max": 0.0531944446266, "mean": 0.00377482851036, "median": 0.00216607842594, "min": 1.90641644596e-21, "var": 2.73199220828e-05}, "spectral_energyband_middle_low": {"dmean": 0.00559139205143, "dmean2": 0.00853207148612, "dvar": 5.88331458857e-05, "dvar2": 0.00013994879555, "max": 0.081947632134, "mean": 0.0164165757596, "median": 0.0147446356714, "min": 2.70437295528e-22, "var": 0.000140651856782}, "spectral_entropy": {"dmean": 0.225976333022, "dmean2": 0.313219606876, "dvar": 0.0599716305733, "dvar2": 0.13172096014, "max": 9.79966449738, "mean": 7.62807607651, "median": 7.65667533875, "min": 5.4582118988, "var": 0.24945704639}, "spectral_flux": {"dmean": 0.0316934473813, "dmean2": 0.048982847482, "dvar": 0.00138360611163, "dvar2": 0.00309403194115, "max": 0.346885949373, "mean": 0.0955813452601, "median": 0.0799712538719, "min": 1.04809945445e-10, "var": 0.00374896381982}, "spectral_kurtosis": {"dmean": 1.53297245502, "dmean2": 2.36421585083, "dvar": 4.91058111191, "dvar2": 11.8805170059, "max": 35.1490135193, "mean": 3.96305513382, "median": 3.22790288925, "min": -1.18755435944, "var": 11.8061180115}, "spectral_rms": {"dmean": 0.000962770427577, "dmean2": 0.00147075555287, "dvar": 1.44374803313e-06, "dvar2": 3.16898331221e-06, "max": 0.0150624560192, "mean": 0.00623611640185, "median": 0.00613333936781, "min": 3.27371268115e-12, "var": 7.10786707714e-06}, "spectral_rolloff": {"dmean": 568.28125, "dmean2": 913.177734375, "dvar": 1504498.875, "dvar2": 3118413.75, "max": 18841.5527344, "mean": 1478.24414062, "median": 538.330078125, "min": 64.599609375, "var": 5794506}, "spectral_skewness": {"dmean": 0.247511163354, "dmean2": 0.364878445864, "dvar": 0.0787177234888, "dvar2": 0.177573248744, "max": 4.64727210999, "mean": 1.56986522675, "median": 1.55331981182, "min": -0.0372791178524, "var": 0.356376796961}, "spectral_spread": {"dmean": 839157.625, "dmean2": 1100783.125, "dvar": 931881156608, "dvar2": 1576728920060.0, "max": 40326120, "mean": 5878784, "median": 5593973.5, "min": 1538247.625, "var": 4721904451580.0}, "spectral_strongpeak": {"dmean": 0.286737471819, "dmean2": 0.478361964226, "dvar": 0.244991600513, "dvar2": 0.568391799927, "max": 7.57630634308, "mean": 0.568447351456, "median": 0.376623004675, "min": 0, "var": 0.555920898914}, "zerocrossingrate": {"dmean": 0.0142295220867, "dmean2": 0.0153060927987, "dvar": 0.000276693230262, "dvar2": 0.000278581457678, "max": 0.48876953125, "mean": 0.0644805505872, "median": 0.04443359375, "min": 0.0029296875, "var": 0.0038953977637}, "barkbands": {"dmean": [0.000657090276945, 0.0105658899993, 0.00272290618159, 0.00211465801112, 0.00299786939286, 0.00139143795241, 0.000776897883043, 0.00072353426367, 0.000390093191527, 0.000598604383413, 0.000239860353759, 0.00024367881997, 0.000283903093077, 0.000270632299362, 0.000250413751928, 0.000171257648617, 0.000150146792294, 0.00010464983643, 0.000132796805701, 0.00017317084712, 0.00014613129315, 0.000178244328708, 0.000268818519544, 0.000312655378366, 0.000132006956846, 4.5793272875e-05, 1.80900824489e-05], "dmean2": [0.000773352338001, 0.0165913272649, 0.00474246079102, 0.00336847268045, 0.00485502649099, 0.00224147550762, 0.00118272611871, 0.00109212566167, 0.00058954837732, 0.000864623347297, 0.000396064890083, 0.000393762515159, 0.000456932582892, 0.000437060953118, 0.00040768913459, 0.000251428835327, 0.000237681568251, 0.000162201715284, 0.000202093782718, 0.000284220965113, 0.000222956688958, 0.000266915914835, 0.000380029407097, 0.000442480464699, 0.000178269750904, 6.6062748374e-05, 2.66935803666e-05], "dvar": [2.8283593565e-06, 0.000350436224835, 4.33851528214e-05, 1.14276353997e-05, 1.67641119333e-05, 7.60770444685e-06, 1.87435523458e-06, 1.60204638178e-06, 8.84648159172e-07, 3.12930501423e-06, 4.0267013901e-07, 3.98754195885e-07, 4.60793415868e-07, 3.5166110024e-07, 2.17810480763e-07, 9.789295774e-08, 5.69668969774e-08, 4.91689924331e-08, 6.61130314938e-08, 1.52222284555e-07, 1.09116882641e-07, 1.49021701645e-07, 5.22062350683e-07, 8.8219422878e-07, 1.01423545118e-07, 8.50750492276e-09, 3.01831115657e-09], "dvar2": [3.59887599188e-06, 0.000790760910604, 0.000127498220536, 3.10227842419e-05, 4.50635234301e-05, 1.8679025743e-05, 4.05503624279e-06, 2.99362568512e-06, 1.47000775996e-06, 6.58329054204e-06, 9.8190787412e-07, 1.09292136585e-06, 9.93485400613e-07, 8.19263618723e-07, 5.62735976928e-07, 1.89405398032e-07, 1.36700066378e-07, 1.04685142333e-07, 1.29085691469e-07, 3.7304201328e-07, 2.12161225477e-07, 3.01274525327e-07, 9.4492588687e-07, 1.58445720899e-06, 1.52704899392e-07, 1.57554431723e-08, 6.96319935045e-09], "max": [0.0204720515758, 0.193105757236, 0.0663166344166, 0.0354878753424, 0.0463184937835, 0.0489601865411, 0.0234109871089, 0.0244048088789, 0.0231166705489, 0.0446949638426, 0.010415754281, 0.0198793355376, 0.0200952123851, 0.0135328685865, 0.00913572032005, 0.00693257525563, 0.00329947704449, 0.00378351146355, 0.00382208591327, 0.010111136362, 0.00510404491797, 0.00404340168461, 0.0128818172961, 0.0215596854687, 0.00714680831879, 0.00177975592669, 0.00102074141614], "mean": [0.00145421957131, 0.0197412595153, 0.00385182350874, 0.00373688945547, 0.00674767978489, 0.00240879855119, 0.00128922809381, 0.00123326596804, 0.000623574771453, 0.00113804498687, 0.000306159199681, 0.000327966990881, 0.000423039717134, 0.000397291907575, 0.000381525314879, 0.000274723250186, 0.000245555769652, 0.00016027870879, 0.000204802185181, 0.000251806573942, 0.000252146652201, 0.000293428194709, 0.000483052310301, 0.000598409562372, 0.000235704617808, 6.34839016129e-05, 2.29738780035e-05], "median": [5.48422503925e-05, 0.0111710317433, 0.00255279266275, 0.00281665637158, 0.00568109471351, 0.00138368725311, 0.000526370364241, 0.000392280286178, 0.000205298201763, 0.000283525179839, 9.20568054426e-05, 0.000115927156003, 0.000126551909489, 0.000123505291413, 0.000181284252903, 0.000111413108243, 0.00012750789756, 6.98332369211e-05, 8.67001799634e-05, 7.56990993978e-05, 6.10201932432e-05, 6.49298235658e-05, 6.01004903729e-05, 5.26675285073e-05, 3.41593149642e-05, 9.7233141787e-06, 3.51596509063e-06], "min": [4.37045902002e-24, 1.40800974628e-23, 1.51525633298e-23, 1.69467075519e-23, 5.69560981449e-23, 6.15652672637e-23, 3.66674791868e-23, 2.7256286546e-23, 5.45817025508e-23, 6.28022832046e-23, 2.93197037049e-23, 8.64332174657e-23, 2.01666572756e-22, 3.2630722687e-22, 1.96640014177e-22, 1.2557519554e-22, 2.01961960144e-22, 3.11184271067e-22, 2.11456248237e-22, 3.55644471686e-22, 2.64381620566e-22, 8.21988266966e-22, 6.80634641631e-22, 9.41008419659e-22, 1.24890186595e-21, 1.92027050953e-21, 2.15165913976e-21], "var": [1.39763706102e-05, 0.000660959281959, 3.49439360434e-05, 1.55751786224e-05, 2.97530823445e-05, 1.27154671645e-05, 4.71470048069e-06, 5.17637408848e-06, 2.44995499088e-06, 1.25863643916e-05, 5.77126058943e-07, 5.69166729747e-07, 1.65363314863e-06, 6.72013015901e-07, 3.77867138468e-07, 2.10483051433e-07, 1.05838758202e-07, 8.43733545253e-08, 1.23612409197e-07, 2.43484151952e-07, 2.96668929423e-07, 3.42459344438e-07, 1.9178819457e-06, 3.98285192205e-06, 3.24302959598e-07, 1.99977918669e-08, 3.55264506702e-09]}, "erbbands": {"dmean": [0.307722866535, 2.50331425667, 3.82347106934, 4.94691705704, 9.43264198303, 10.2914791107, 12.5615558624, 10.0215110779, 11.22498703, 10.2680969238, 17.8002605438, 9.79198741913, 14.0808162689, 16.6283550262, 9.2545747757, 10.5051851273, 12.7462329865, 14.2678632736, 13.2455339432, 9.7442407608, 9.51052761078, 7.23405694962, 4.83095169067, 6.54375457764, 7.2972612381, 7.6690993309, 6.36194610596, 5.87948417664, 6.49289464951, 6.73907136917, 7.89524841309, 8.68710708618, 3.90337252617, 1.95404469967, 0.746028125286, 0.233490213752, 0.0849504768848, 0.0218163989484, 0.00315464520827, 0.000135208028951], "dmean2": [0.502482533455, 3.97437810898, 6.59368991852, 7.8979177475, 15.0477142334, 17.097158432, 19.8378067017, 16.6631603241, 16.750749588, 16.3077201843, 26.4236221313, 14.3313894272, 21.7237300873, 23.7572193146, 14.6334218979, 16.7599849701, 20.0997562408, 22.9349994659, 21.5653591156, 15.2917375565, 13.9650211334, 10.9605207443, 7.39051866531, 9.7969789505, 11.3186941147, 12.4072446823, 9.45073413849, 8.94920921326, 10.1300096512, 9.36346054077, 11.368929863, 11.9112615585, 5.58944225311, 2.55222964287, 1.03740799427, 0.334793806076, 0.124095000327, 0.0327962376177, 0.00459989858791, 0.000193698549992], "dvar": [0.334235608578, 24.3856983185, 79.7480621338, 77.8917922974, 175.110397339, 231.918457031, 560.710510254, 431.763916016, 396.879058838, 362.318054199, 1082.99316406, 584.444885254, 1027.25793457, 3147.34521484, 676.982971191, 607.71081543, 895.944458008, 980.205871582, 687.864868164, 320.083984375, 264.553466797, 151.146499634, 77.7090682983, 192.336898804, 247.009918213, 267.400482178, 226.306365967, 153.123779297, 211.309280396, 212.935455322, 488.312164307, 693.743469238, 132.5365448, 25.1351051331, 2.64380431175, 0.193668887019, 0.0353803038597, 0.00308482791297, 7.47895319364e-05, 2.40129196527e-07], "dvar2": [0.939041495323, 54.9068489075, 234.442138672, 205.498748779, 461.885864258, 649.378356934, 1256.01611328, 1109.11999512, 825.560852051, 855.423339844, 1866.30224609, 905.065979004, 2444.13378906, 5846.89501953, 1619.47497559, 1609.1965332, 1862.73840332, 2269.48901367, 1723.25805664, 730.746520996, 522.952453613, 341.939208984, 171.715957642, 354.233398438, 528.927185059, 632.561828613, 448.500946045, 307.789672852, 474.319030762, 390.34274292, 855.365539551, 1181.13134766, 247.303405762, 37.1038513184, 4.94909620285, 0.343873530626, 0.0707071647048, 0.00698114791885, 0.000167602775036, 5.59087595775e-07], "max": [4.73789262772, 49.9947662354, 80.8544311523, 85.6621704102, 144.867004395, 164.90687561, 546.619750977, 294.077819824, 340.08303833, 289.169769287, 636.232421875, 625.02331543, 569.547546387, 1677.17224121, 727.254394531, 719.543701172, 1067.52624512, 896.897521973, 515.34387207, 494.146759033, 188.744338989, 192.272033691, 124.301116943, 239.689178467, 314.52935791, 406.366943359, 275.979827881, 148.713546753, 171.211517334, 168.308425903, 402.593658447, 631.299743652, 221.429992676, 129.040618896, 26.2960224152, 9.52281570435, 3.42595648766, 0.762488186359, 0.156332030892, 0.0105731487274], "mean": [0.540647804737, 4.38135671616, 6.08440065384, 8.78976154327, 20.2429332733, 20.1996917725, 22.964849472, 15.8973026276, 19.3538417816, 16.9722976685, 30.7742195129, 17.6089935303, 24.3303604126, 31.2416381836, 13.3935966492, 15.3558359146, 20.1599178314, 21.6601428986, 20.647064209, 16.9589633942, 15.982717514, 12.6163511276, 8.13484573364, 10.5609016418, 10.9579296112, 11.5202722549, 10.9206552505, 9.83169841766, 10.0589447021, 11.4808416367, 14.4834117889, 15.2140235901, 7.72607040405, 3.51830887794, 1.22432971001, 0.349184125662, 0.109294876456, 0.0264824610204, 0.00409605912864, 0.00024119245063], "median": [0.232273682952, 2.70704627037, 4.26826095581, 6.74446725845, 16.1545734406, 16.5991134644, 14.7118701935, 8.10810375214, 8.39927768707, 7.41061115265, 10.1448116302, 7.16342878342, 7.33047056198, 7.12737846375, 4.57256031036, 5.93314313889, 6.34939813614, 7.56274747849, 10.17872715, 7.66130638123, 7.61171579361, 6.35062742233, 4.00908565521, 4.14423179626, 4.59957504272, 3.79093074799, 2.71301245689, 2.29226994514, 2.29255127907, 1.98157823086, 1.70998430252, 1.26074123383, 0.764477550983, 0.458123475313, 0.198510125279, 0.0579330138862, 0.0144445942715, 0.00417829770595, 0.000674025679473, 7.6992000686e-05], "min": [3.86604573777e-22, 3.22738389842e-21, 1.37699076361e-20, 4.88975023661e-20, 7.4535758657e-20, 2.73123431887e-19, 1.26975455201e-19, 7.79746509013e-19, 6.46608997688e-19, 4.41895030971e-19, 8.32405498892e-19, 1.32939825498e-18, 1.57807428632e-18, 1.43041851447e-18, 2.03650253808e-18, 4.31231463123e-18, 8.53656513291e-18, 1.58493016603e-17, 9.51935413512e-18, 1.09543718772e-17, 9.25967070797e-18, 9.98586993853e-18, 1.50606014898e-17, 1.31876362812e-17, 1.31362261789e-17, 1.71920986902e-17, 1.16548846682e-17, 1.17126590981e-17, 2.48371616462e-17, 2.61754174546e-17, 1.80105657822e-17, 2.02306242477e-17, 1.63875679372e-17, 1.22313733069e-17, 9.82920358487e-18, 7.09549077439e-18, 4.06220954199e-18, 1.18210054894e-18, 2.93416757252e-19, 2.98932733619e-20], "var": [0.648592412472, 39.275302887, 74.3276824951, 92.6934051514, 332.680847168, 323.223297119, 1108.02709961, 623.991271973, 1060.40100098, 668.342529297, 3523.69018555, 1716.91784668, 2275.28222656, 15499.3457031, 971.601257324, 1116.76635742, 3893.72436523, 1862.52111816, 1078.0703125, 828.560974121, 572.923339844, 309.484741211, 156.626327515, 381.383544922, 397.55657959, 464.321777344, 599.778381348, 397.180847168, 412.948760986, 596.155639648, 1931.02539062, 2881.6796875, 566.593566895, 89.2755508423, 6.58560180664, 0.508871018887, 0.0702379047871, 0.00409736251459, 9.50313915382e-05, 2.9348908015e-07]}, "gfcc": {"mean": [2.33898997307, 85.1030502319, -78.4837493896, 37.8002510071, -50.1942100525, 18.1032371521, -37.3372039795, 5.24916696548, -18.7235279083, 1.12241971493, -15.4874448776, -2.35697484016, -6.33048963547], "cov": [[17524.0664062, 762.230285645, -1133.12756348, 436.78616333, 285.65234375, 355.633758545, 314.878173828, -8.60932636261, 127.899909973, 23.2765293121, 252.646011353, -67.6239242554, -589.601989746], [762.230285645, 1840.36914062, -231.490768433, -112.236160278, 399.738769531, -139.342010498, 213.01449585, -35.1646347046, 134.062927246, -64.0641860962, 104.206306458, -41.8643112183, 7.90523433685], [-1133.12756348, -231.490768433, 727.986450195, 61.51902771, -1.67650616169, 70.1235961914, -23.9477577209, 38.8231124878, -18.0279140472, 32.3509635925, -49.8278427124, -4.48116064072, 52.2582168579], [436.78616333, -112.236160278, 61.51902771, 399.337493896, 11.6094322205, 102.74861908, -16.5607357025, -52.4187660217, -2.13954377174, 17.6616649628, 38.9679336548, -49.5611457825, 3.00826740265], [285.65234375, 399.738769531, -1.67650616169, 11.6094322205, 436.754150391, 25.174571991, 69.1931381226, 7.06236982346, 68.416809082, -5.2603764534, 26.3755054474, -0.361922562122, -53.4776153564], [355.633758545, -139.342010498, 70.1235961914, 102.74861908, 25.174571991, 192.710784912, 18.7754707336, -5.88727378845, -10.9372329712, 12.6193552017, 24.601108551, -14.6193466187, -14.8817176819], [314.878173828, 213.01449585, -23.9477577209, -16.5607357025, 69.1931381226, 18.7754707336, 152.317855835, 17.996723175, 30.8264522552, -8.34307003021, 23.1865940094, 2.09532737732, -3.39672875404], [-8.60932636261, -35.1646347046, 38.8231124878, -52.4187660217, 7.06236982346, -5.88727378845, 17.996723175, 123.532875061, 37.0336761475, 1.76573967934, -8.62650871277, 5.41390228271, -0.936012685299], [127.899909973, 134.062927246, -18.0279140472, -2.13954377174, 68.416809082, -10.9372329712, 30.8264522552, 37.0336761475, 121.090560913, 17.2310009003, 18.9158592224, -3.18811106682, -11.2572259903], [23.2765293121, -64.0641860962, 32.3509635925, 17.6616649628, -5.2603764534, 12.6193552017, -8.34307003021, 1.76573967934, 17.2310009003, 82.9250411987, 19.9800510406, -1.61719882488, -11.1328220367], [252.646011353, 104.206306458, -49.8278427124, 38.9679336548, 26.3755054474, 24.601108551, 23.1865940094, -8.62650871277, 18.9158592224, 19.9800510406, 94.7429504395, 0.25927105546, -6.49961090088], [-67.6239242554, -41.8643112183, -4.48116064072, -49.5611457825, -0.361922562122, -14.6193466187, 2.09532737732, 5.41390228271, -3.18811106682, -1.61719882488, 0.25927105546, 70.8572616577, 17.8261451721], [-589.601989746, 7.90523433685, 52.2582168579, 3.00826740265, -53.4776153564, -14.8817176819, -3.39672875404, -0.936012685299, -11.2572259903, -11.1328220367, -6.49961090088, 17.8261451721, 93.8697738647]], "icov": [[9.37770964811e-05, -6.92939138389e-05, 0.000110361725092, -0.000152924651047, 0.000103988866613, -0.000158619193826, -0.000101587924291, -0.000103519472759, 2.47962980211e-05, 2.43445651904e-06, 1.20889217214e-05, -0.000226243500947, 0.000614767952356], [-6.92939138389e-05, 0.00119899946731, 3.33531934302e-05, 0.00050857081078, -0.000974428025074, 0.0010309960926, -0.000964888662565, 0.000802968861535, -0.000608495785855, 0.000743133190554, -0.00114405644126, 0.00150582182687, -0.00133968354203], [0.000110361725092, 3.33531934302e-05, 0.00186618149746, -0.000348101020791, -0.000227210402954, -0.000764924159739, -3.11243238684e-05, -0.000750041566789, 0.000325384520693, -0.000954633462243, 0.00108975358307, 3.93665432057e-05, -0.000602917687502], [-0.000152924651047, 0.00050857081078, -0.000348101020791, 0.00393173936754, -0.000564062967896, -0.0010267252801, 0.000444654782768, 0.00178965355735, -0.000721507880371, 0.000149008759763, -0.00151617452502, 0.00303165009245, -0.00213530682959], [0.000103988866613, -0.000974428025074, -0.000227210402954, -0.000564062967896, 0.00374766252935, -0.00103002530523, -0.00026287775836, -0.000212036291487, -0.00103451136965, 0.000267756084213, 0.000547070696484, -0.00188818923198, 0.00314405513927], [-0.000158619193826, 0.0010309960926, -0.000764924159739, -0.0010267252801, -0.00103002530523, 0.00776130938902, -0.00171169021633, 0.000287604314508, 0.000840234220959, 0.000278780382359, -0.0022280535195, 0.00145283027086, -0.000336150522344], [-0.000101587924291, -0.000964888662565, -3.11243238684e-05, 0.000444654782768, -0.00026287775836, -0.00171169021633, 0.00893275532871, -0.00124402798247, -0.000777512264904, 0.00059576286003, -0.000657619617414, -0.00075231550727, -0.000589291390497], [-0.000103519472759, 0.000802968861535, -0.000750041566789, 0.00178965355735, -0.000212036291487, 0.000287604314508, -0.00124402798247, 0.0106084616855, -0.00382630736567, 0.000834433129057, 4.01763027185e-05, 0.000939528108574, -0.000907608831767], [2.47962980211e-05, -0.000608495785855, 0.000325384520693, -0.000721507880371, -0.00103451136965, 0.000840234220959, -0.000777512264904, -0.00382630736567, 0.011525252834, -0.00279761268757, -0.000691845780239, -1.29726377054e-05, 0.000531446421519], [2.43445651904e-06, 0.000743133190554, -0.000954633462243, 0.000149008759763, 0.000267756084213, 0.000278780382359, 0.00059576286003, 0.000834433129057, -0.00279761268757, 0.0147913629189, -0.00404187524691, 0.000236418345594, 0.00179997761734], [1.20889217214e-05, -0.00114405644126, 0.00108975358307, -0.00151617452502, 0.000547070696484, -0.0022280535195, -0.000657619617414, 4.01763027185e-05, -0.000691845780239, -0.00404187524691, 0.0145965106785, -0.00238669826649, 0.00045081943972], [-0.000226243500947, 0.00150582182687, 3.93665432057e-05, 0.00303165009245, -0.00188818923198, 0.00145283027086, -0.00075231550727, 0.000939528108574, -1.29726377054e-05, 0.000236418345594, -0.00238669826649, 0.0187300108373, -0.00622582202777], [0.000614767952356, -0.00133968354203, -0.000602917687502, -0.00213530682959, 0.00314405513927, -0.000336150522344, -0.000589291390497, -0.000907608831767, 0.000531446421519, 0.00179997761734, 0.00045081943972, -0.00622582202777, 0.0182295832783]]}, "melbands": {"dmean": [0.00268781278282, 0.00245895469561, 0.000926994718611, 0.000711414730176, 0.00042248290265, 0.000231680445722, 0.000170143670402, 0.000112250228995, 0.000139671843499, 5.59324253118e-05, 7.1516893513e-05, 7.08465449861e-05, 3.35552285833e-05, 2.51249821304e-05, 3.03221022477e-05, 2.74629001069e-05, 2.82909149973e-05, 2.19849771383e-05, 1.65500623552e-05, 1.19853220895e-05, 1.22103419926e-05, 8.95087669051e-06, 4.54308565168e-06, 5.26445546711e-06, 5.56280519959e-06, 5.63166986467e-06, 5.69011353946e-06, 5.28743839823e-06, 4.50867082691e-06, 4.0173808884e-06, 3.36354264618e-06, 4.12386634707e-06, 3.4358688481e-06, 4.036804512e-06, 4.52357971881e-06, 6.01906913289e-06, 5.77347418584e-06, 3.18280081046e-06, 2.10252824218e-06, 1.56024918851e-06], "dmean2": [0.00423987302929, 0.00411371327937, 0.00145571725443, 0.00114873459097, 0.000678322569001, 0.000381275312975, 0.00025459410972, 0.000179705384653, 0.000206500975764, 8.36748004076e-05, 0.000110843757284, 0.000100887344161, 5.40439286851e-05, 4.03984558943e-05, 4.84285046696e-05, 4.3478947191e-05, 4.58840004285e-05, 3.5853285226e-05, 2.68921794486e-05, 1.81960804184e-05, 1.85647259059e-05, 1.39855383168e-05, 7.16439944881e-06, 8.13546921563e-06, 8.44457281346e-06, 8.75323166838e-06, 9.30971145863e-06, 8.6538711912e-06, 7.03269824953e-06, 6.09271137364e-06, 5.25876748725e-06, 6.66189362164e-06, 4.99304769619e-06, 5.78153276365e-06, 6.61372587274e-06, 8.68505685503e-06, 8.59609281179e-06, 4.75075421491e-06, 2.88354135591e-06, 2.10127404898e-06], "dvar": [2.19330995606e-05, 2.92272343358e-05, 2.05067158277e-06, 1.05666345007e-06, 5.46163676063e-07, 2.18008551656e-07, 8.91953959581e-08, 3.82919225217e-08, 6.46795683679e-08, 1.80815575845e-08, 2.84599988021e-08, 6.27499971984e-08, 8.690075326e-09, 5.16344123014e-09, 5.78726799816e-09, 3.60174978731e-09, 3.75318798262e-09, 2.08114037115e-09, 9.87387949181e-10, 4.94237040183e-10, 4.38109132306e-10, 2.24939705751e-10, 6.940104047e-11, 1.30497640471e-10, 1.4337758758e-10, 1.39693631662e-10, 2.27959970345e-10, 1.20351742461e-10, 1.21416626753e-10, 8.91268725489e-11, 4.58773401213e-11, 9.34462299207e-11, 5.28882840301e-11, 7.95182947266e-11, 1.49629295065e-10, 3.75841691103e-10, 3.6209316101e-10, 1.02001559976e-10, 3.69133508482e-11, 1.60243329023e-11], "dvar2": [5.19264904142e-05, 7.82675197115e-05, 5.34894707016e-06, 2.91104197458e-06, 1.28996634885e-06, 5.52937422071e-07, 1.85603667546e-07, 9.25757746018e-08, 1.11372784772e-07, 2.94371531595e-08, 6.88430574769e-08, 1.1815391332e-07, 2.11829878083e-08, 1.3866782389e-08, 1.25512213955e-08, 7.65514585055e-09, 8.90693563349e-09, 5.14559150844e-09, 2.4113318009e-09, 9.36058675016e-10, 9.0207463721e-10, 5.19964515888e-10, 1.70193095728e-10, 2.90250212753e-10, 2.74125222521e-10, 2.97205621225e-10, 5.72897673745e-10, 2.89036933276e-10, 2.65034466596e-10, 1.89040436083e-10, 9.47382311489e-11, 2.26505883494e-10, 9.89809553764e-11, 1.55323920392e-10, 2.85109574838e-10, 7.1489641984e-10, 7.4782174897e-10, 2.15915688107e-10, 6.80228651184e-11, 2.50208569141e-11], "max": [0.0452916398644, 0.0448614135385, 0.0131008960307, 0.0107949273661, 0.0145511990413, 0.00631293887272, 0.00532990274951, 0.00256506004371, 0.00487047759816, 0.00335070071742, 0.00312385335565, 0.0074116284959, 0.0018900022842, 0.0026946591679, 0.00199092319235, 0.00169495039154, 0.00150336476509, 0.0010321023874, 0.000645559455734, 0.000723982811905, 0.000237130458117, 0.000206328739296, 0.000139582858537, 0.000205785006983, 0.000222622838919, 0.000197516332264, 0.000448811304523, 0.000212937069591, 0.000212110040593, 0.000132137458422, 8.69509021868e-05, 0.00011821694352, 7.39835886634e-05, 0.000110404755105, 0.000196191613213, 0.000363280123565, 0.000408107211115, 0.000204734504223, 0.000140537144034, 9.85894075711e-05], "mean": [0.0053194896318, 0.00429145479575, 0.00186268438119, 0.00151395413559, 0.000812387210317, 0.000382041471312, 0.000291071424726, 0.000185477707419, 0.000243404763751, 9.46336440393e-05, 0.000120909506222, 0.000131803084514, 4.55410809082e-05, 3.4826251067e-05, 4.55198642157e-05, 3.9869457396e-05, 4.03796620958e-05, 3.25748769683e-05, 2.46126073762e-05, 2.0234787371e-05, 1.90861828742e-05, 1.44154510053e-05, 7.7038866948e-06, 7.89621572039e-06, 8.48827312439e-06, 7.97229313321e-06, 7.69967846281e-06, 7.68842983234e-06, 7.14092902854e-06, 6.17904242972e-06, 5.405279353e-06, 5.66397784496e-06, 5.84764893574e-06, 6.43071916784e-06, 7.64282322052e-06, 1.01422283478e-05, 9.14262273e-06, 5.86336363995e-06, 3.76551383852e-06, 2.6685784178e-06], "median": [0.00247050984763, 0.00294902920723, 0.00150960532483, 0.0012427867623, 0.000583503569942, 0.000203579926165, 0.000130303262267, 8.07408796391e-05, 7.81236303737e-05, 3.36763914675e-05, 3.44298605341e-05, 2.65054532065e-05, 1.36941143865e-05, 1.30989074023e-05, 1.51542089952e-05, 1.27837211039e-05, 1.21715320347e-05, 1.51233180077e-05, 1.13596352094e-05, 8.89434340934e-06, 8.81505911821e-06, 6.8723647928e-06, 3.60742865269e-06, 3.57601561518e-06, 2.91795890917e-06, 3.31729756908e-06, 2.60688148046e-06, 2.39993823925e-06, 1.63163645084e-06, 1.46328284245e-06, 1.23858387724e-06, 1.22689777982e-06, 1.16666444683e-06, 1.02933881863e-06, 9.57427914727e-07, 8.61068429003e-07, 7.04202989255e-07, 5.15785814059e-07, 4.53582003956e-07, 3.43704613215e-07], "min": [3.9471799241e-24, 6.57023788613e-24, 7.9790093565e-24, 1.30606564593e-23, 6.32696304373e-24, 1.57606346705e-23, 9.38922128689e-24, 5.05505657383e-24, 7.24267159921e-24, 8.04830289842e-24, 8.09065289612e-24, 6.11719625156e-24, 5.78951171457e-24, 6.40625224217e-24, 2.14126368852e-23, 1.8848449246e-23, 3.15788940523e-23, 1.5907146651e-23, 1.66964950722e-23, 9.85346987392e-24, 1.19106723866e-23, 1.00046976649e-23, 1.03219609549e-23, 1.6734903132e-23, 9.79691801334e-24, 9.09463380361e-24, 1.09992311742e-23, 1.18889976444e-23, 6.89425303662e-24, 6.47656104807e-24, 6.85743295387e-24, 1.23987390509e-23, 1.97649210244e-23, 1.15636477412e-23, 7.91274425161e-24, 1.66410539278e-23, 1.02085921765e-23, 1.26302184507e-23, 8.93443824186e-24, 1.10997699188e-23], "var": [4.78797119285e-05, 3.57767494279e-05, 3.13013333653e-06, 1.71243857494e-06, 1.01269222341e-06, 3.33102576633e-07, 2.3942695293e-07, 7.14745809205e-08, 2.10818996038e-07, 5.10356557015e-08, 5.98708851385e-08, 3.03859735595e-07, 1.27101307257e-08, 7.14422387915e-09, 1.75410423964e-08, 1.06363708952e-08, 6.8801222497e-09, 3.10755310373e-09, 1.71394654025e-09, 1.22358123633e-09, 8.54557702379e-10, 4.17238160688e-10, 1.31924415836e-10, 2.16171566758e-10, 2.6886762261e-10, 2.12775297381e-10, 2.87401935584e-10, 2.14617795757e-10, 2.85414775147e-10, 1.99340058349e-10, 1.14582759947e-10, 1.49073017819e-10, 1.37084593677e-10, 2.00907707137e-10, 5.01584163093e-10, 1.34773070481e-09, 1.10917641738e-09, 3.76527448109e-10, 1.12004003294e-10, 5.13757786313e-11]}, "mfcc": {"mean": [-648.347961426, 117.61730957, 28.218755722, 26.6436367035, 15.5345029831, 11.8610534668, 0.0559894479811, 3.16965794563, 1.79713785648, 4.98536729813, -2.2577984333, -1.78772115707, -1.08024442196], "cov": [[13407.6376953, 355.686462402, -178.872817993, 148.734848022, -50.3256797791, 483.268920898, 56.3678016663, -13.9222631454, -160.151275635, 229.742218018, 194.724975586, -45.8738555908, 21.2334003448], [355.686462402, 1865.31018066, -303.42098999, 134.402267456, 96.4808120728, 10.7617521286, 20.0413303375, 92.3589630127, 91.888633728, 19.2506256104, 104.409126282, -14.8788299561, 36.8158073425], [-178.872817993, -303.42098999, 609.81439209, 32.719543457, 9.77025413513, 19.2728691101, 41.5974884033, -26.0204944611, 32.7357025146, 33.3480262756, -69.0995941162, 34.1297187805, -5.38450813293], [148.734848022, 134.402267456, 32.719543457, 238.884414673, 84.8574447632, 68.6172409058, 19.3426914215, -4.64641618729, 7.18966817856, 22.8403720856, 11.414270401, -2.63301992416, 12.5294475555], [-50.3256797791, 96.4808120728, 9.77025413513, 84.8574447632, 260.008728027, 88.7727890015, 35.6195373535, 27.0049247742, 8.43803787231, 29.4947547913, 42.4793510437, 16.0014972687, 6.03522205353], [483.268920898, 10.7617521286, 19.2728691101, 68.6172409058, 88.7727890015, 205.960906982, 70.1818237305, 4.45726537704, -20.5197143555, 16.4525547028, 30.673576355, 10.5817499161, -4.86990404129], [56.3678016663, 20.0413303375, 41.5974884033, 19.3426914215, 35.6195373535, 70.1818237305, 128.824645996, 21.3429355621, -4.27876615524, 9.08864593506, 4.91260576248, 4.47885990143, 0.350795358419], [-13.9222631454, 92.3589630127, -26.0204944611, -4.64641618729, 27.0049247742, 4.45726537704, 21.3429355621, 97.7065811157, 38.3606033325, 6.90677881241, 7.9183177948, 0.680746078491, 4.72395324707], [-160.151275635, 91.888633728, 32.7357025146, 7.18966817856, 8.43803787231, -20.5197143555, -4.27876615524, 38.3606033325, 96.9904022217, 21.0047569275, -2.39013266563, 3.25968718529, 1.24304389954], [229.742218018, 19.2506256104, 33.3480262756, 22.8403720856, 29.4947547913, 16.4525547028, 9.08864593506, 6.90677881241, 21.0047569275, 94.0817489624, 33.6676826477, 10.1235580444, -1.14696609974], [194.724975586, 104.409126282, -69.0995941162, 11.414270401, 42.4793510437, 30.673576355, 4.91260576248, 7.9183177948, -2.39013266563, 33.6676826477, 98.7586212158, 22.0374240875, 10.5905895233], [-45.8738555908, -14.8788299561, 34.1297187805, -2.63301992416, 16.0014972687, 10.5817499161, 4.47885990143, 0.680746078491, 3.25968718529, 10.1235580444, 22.0374240875, 82.9512252808, 21.4467639923], [21.2334003448, 36.8158073425, -5.38450813293, 12.5294475555, 6.03522205353, -4.86990404129, 0.350795358419, 4.72395324707, 1.24304389954, -1.14696609974, 10.5905895233, 21.4467639923, 61.2207450867]], "icov": [[9.29868838284e-05, -2.14440951822e-05, 4.50805282526e-06, 8.96044809906e-07, 0.000138065443025, -0.000271915690973, 0.000103747741377, -5.91909119976e-05, 0.000183085168828, -0.00026004074607, -5.51258453925e-05, 0.00011068963795, -8.82396561792e-05], [-2.14440951822e-05, 0.000707975705154, 0.000317752652336, -0.000410002889112, -8.4684608737e-05, 0.00021470808133, -0.000224998104386, -0.000223847790039, -0.000725645862985, 0.000263362278929, -0.000561474065762, 0.000173198059201, -0.000206341181183], [4.50805282526e-06, 0.000317752652336, 0.00232573691756, -0.000320829887642, -0.0001479874918, -6.99612719472e-05, -0.000817198946606, 0.000887355592567, -0.00112342834473, -0.00107326102443, 0.00197148951702, -0.00120992632583, 0.000108317050035], [8.96044809906e-07, -0.000410002889112, -0.000320829887642, 0.00550285587087, -0.00131045829039, -0.00151512445882, 0.000335361313773, 0.00112660625018, -0.000350647431333, -0.000885244109668, 0.000734907749575, 0.00095640134532, -0.0014600160066], [0.000138065443025, -8.4684608737e-05, -0.0001479874918, -0.00131045829039, 0.00544741516933, -0.0018975478597, 7.61380724725e-05, -0.00136469386052, 0.000254726328421, -0.000736363639589, -0.00146961875726, -0.000250442506513, -1.87014541098e-06], [-0.000271915690973, 0.00021470808133, -6.99612719472e-05, -0.00151512445882, -0.0018975478597, 0.00838966201991, -0.00370010104962, 0.0002267719683, 0.000944820174482, 0.000905094435439, -0.00146861211397, -0.000826264964417, 0.00166854448617], [0.000103747741377, -0.000224998104386, -0.000817198946606, 0.000335361313773, 7.61380724725e-05, -0.00370010104962, 0.0104827424511, -0.00269229710102, 0.00154521455988, -0.000754473847337, 0.000510907615535, 0.000283751665847, -0.000428640458267], [-5.91909119976e-05, -0.000223847790039, 0.000887355592567, 0.00112660625018, -0.00136469386052, 0.0002267719683, -0.00269229710102, 0.0139743797481, -0.00583833875135, 0.000448385515483, 0.00012259313371, 0.000233405371546, -0.000883714063093], [0.000183085168828, -0.000725645862985, -0.00112342834473, -0.000350647431333, 0.000254726328421, 0.000944820174482, 0.00154521455988, -0.00583833875135, 0.0150690749288, -0.00355431577191, 0.00126871955581, -0.000375958828954, 0.000377196964109], [-0.00026004074607, 0.000263362278929, -0.00107326102443, -0.000885244109668, -0.000736363639589, 0.000905094435439, -0.000754473847337, 0.000448385515483, -0.00355431577191, 0.0147596644238, -0.00561712309718, -0.000180916962563, 0.00151668163016], [-5.51258453925e-05, -0.000561474065762, 0.00197148951702, 0.000734907749575, -0.00146961875726, -0.00146861211397, 0.000510907615535, 0.00012259313371, 0.00126871955581, -0.00561712309718, 0.0160987582058, -0.00381158455275, -0.00118522974662], [0.00011068963795, 0.000173198059201, -0.00120992632583, 0.00095640134532, -0.000250442506513, -0.000826264964417, 0.000283751665847, 0.000233405371546, -0.000375958828954, -0.000180916962563, -0.00381158455275, 0.0151972332969, -0.00516563421115], [-8.82396561792e-05, -0.000206341181183, 0.000108317050035, -0.0014600160066, -1.87014541098e-06, 0.00166854448617, -0.000428640458267, -0.000883714063093, 0.000377196964109, 0.00151668163016, -0.00118522974662, -0.00516563421115, 0.0190363209695]]}, "spectral_contrast_coeffs": {"dmean": [0.0491896122694, 0.0501279421151, 0.0388740822673, 0.0302982702851, 0.0224462114275, 0.0205679405481], "dmean2": [0.0820011794567, 0.0824170857668, 0.063450075686, 0.050446536392, 0.0355993695557, 0.033172942698], "dvar": [0.00180876150262, 0.00168139499146, 0.000987268052995, 0.000619492959231, 0.000404929072829, 0.000421839300543], "dvar2": [0.00505008362234, 0.0042874077335, 0.00242224987596, 0.00160236982629, 0.000912448333111, 0.00110940216109], "max": [-0.37160629034, -0.450272411108, -0.492574572563, -0.593004345894, -0.622303843498, -0.632850766182], "mean": [-0.672938108444, -0.723691403866, -0.791480243206, -0.808795571327, -0.809125185013, -0.789373636246], "median": [-0.672682881355, -0.723674893379, -0.801600694656, -0.813692450523, -0.815115690231, -0.792169034481], "min": [-0.95943570137, -0.959363222122, -0.962939083576, -0.954879462719, -0.963820159435, -0.959074258804], "var": [0.00492699258029, 0.00574903236702, 0.0044760145247, 0.00198701233603, 0.00150201492943, 0.00133413565345]}, "spectral_contrast_valleys": {"dmean": [0.327070862055, 0.452662914991, 0.418748706579, 0.352890491486, 0.332177639008, 0.432110995054], "dmean2": [0.536612868309, 0.727042078972, 0.656297981739, 0.541418612003, 0.472610741854, 0.533915817738], "dvar": [0.127747789025, 0.208046987653, 0.178941726685, 0.161798983812, 0.172839298844, 0.274471789598], "dvar2": [0.261115550995, 0.424031436443, 0.345650404692, 0.305352449417, 0.29305100441, 0.411237061024], "max": [-4.74607419968, -4.61385726929, -5