{"lowlevel": {"average_loudness": 0.40491849184, "barkbands_crest": {"dmean": 3.27235293388, "dmean2": 5.35520219803, "dvar": 13.9596042633, "dvar2": 37.2844848633, "max": 26.7425670624, "mean": 11.3950481415, "median": 10.0839223862, "min": 2.20761966705, "var": 33.192489624}, "barkbands_flatness_db": {"dmean": 0.0375404953957, "dmean2": 0.0569384023547, "dvar": 0.00166385329794, "dvar2": 0.00411253236234, "max": 0.455952167511, "mean": 0.162402361631, "median": 0.159064665437, "min": 0.0163848605007, "var": 0.00604885257781}, "barkbands_kurtosis": {"dmean": 12.3012361526, "dmean2": 20.7771072388, "dvar": 1982.02172852, "dvar2": 5682.05175781, "max": 1038.68603516, "mean": 12.8408498764, "median": 2.90216159821, "min": -1.90635883808, "var": 1852.61572266}, "barkbands_skewness": {"dmean": 1.16459488869, "dmean2": 1.84021270275, "dvar": 3.78798055649, "dvar2": 10.1288824081, "max": 30.7190761566, "mean": 1.94151508808, "median": 1.35369193554, "min": -4.63167762756, "var": 6.39012384415}, "barkbands_spread": {"dmean": 8.82306003571, "dmean2": 14.569111824, "dvar": 177.505401611, "dvar2": 473.476196289, "max": 139.394775391, "mean": 18.5416488647, "median": 12.8367967606, "min": 0.382526487112, "var": 282.252166748}, "dissonance": {"dmean": 0.0210940744728, "dmean2": 0.0349133573472, "dvar": 0.000462740659714, "dvar2": 0.00117515341844, "max": 0.500000119209, "mean": 0.452350020409, "median": 0.457690149546, "min": 0.229645982385, "var": 0.0014317240566}, "dynamic_complexity": 7.59265613556, "erbbands_crest": {"dmean": 2.0807955265, "dmean2": 3.08457589149, "dvar": 4.70855998993, "dvar2": 9.46056461334, "max": 28.458480835, "mean": 9.23511505127, "median": 8.3203868866, "min": 1.993719697, "var": 22.6851329803}, "erbbands_flatness_db": {"dmean": 0.0269403345883, "dmean2": 0.039079785347, "dvar": 0.000665254483465, "dvar2": 0.00138616655022, "max": 0.330731660128, "mean": 0.171298265457, "median": 0.171062007546, "min": 0.0467522963881, "var": 0.00312289968133}, "erbbands_kurtosis": {"dmean": 1.04304289818, "dmean2": 1.60868883133, "dvar": 1.7455534935, "dvar2": 3.91355633736, "max": 25.8034420013, "mean": 1.00651168823, "median": 0.318523406982, "min": -1.70002567768, "var": 5.12085914612}, "erbbands_skewness": {"dmean": 0.38948187232, "dmean2": 0.591190218925, "dvar": 0.154006779194, "dvar2": 0.356031090021, "max": 4.83197259903, "mean": 0.587528884411, "median": 0.501465022564, "min": -2.34884142876, "var": 0.808767318726}, "erbbands_spread": {"dmean": 9.38481140137, "dmean2": 14.5518255234, "dvar": 128.780776978, "dvar2": 311.235870361, "max": 146.660232544, "mean": 30.9951877594, "median": 28.0883598328, "min": 5.90359401703, "var": 225.906936646}, "hfc": {"dmean": 6.98104667664, "dmean2": 11.5656919479, "dvar": 825.678771973, "dvar2": 2250.32885742, "max": 927.66998291, "mean": 9.50097751617, "median": 4.01357269287, "min": 1.2173787805e-16, "var": 595.850280762}, "melbands_crest": {"dmean": 4.08618497849, "dmean2": 6.52449226379, "dvar": 23.8976974487, "dvar2": 60.1060295105, "max": 39.9011383057, "mean": 15.5665445328, "median": 13.7154588699, "min": 1.76802837849, "var": 69.1353912354}, "melbands_flatness_db": {"dmean": 0.0404177866876, "dmean2": 0.0604002103209, "dvar": 0.00181474420242, "dvar2": 0.00400521978736, "max": 0.527913987637, "mean": 0.220151469111, "median": 0.220466822386, "min": 0.00478309160098, "var": 0.00992724858224}, "melbands_kurtosis": {"dmean": 17.574716568, "dmean2": 28.3516101837, "dvar": 3041.27001953, "dvar2": 8438.66992188, "max": 1205.99902344, "mean": 22.8434658051, "median": 6.11785888672, "min": -1.80221998692, "var": 3015.86303711}, "melbands_skewness": {"dmean": 1.21003007889, "dmean2": 1.84832584858, "dvar": 3.84611010551, "dvar2": 9.94211769104, "max": 33.0691223145, "mean": 2.82808637619, "median": 1.97824037075, "min": -2.07494664192, "var": 7.36933040619}, "melbands_spread": {"dmean": 10.6638860703, "dmean2": 17.5149745941, "dvar": 334.095550537, "dvar2": 896.618835449, "max": 260.674591064, "mean": 23.7480888367, "median": 14.9998807907, "min": 0.440509855747, "var": 696.990905762}, "pitch_salience": {"dmean": 0.10485816747, "dmean2": 0.169676885009, "dvar": 0.0155329601839, "dvar2": 0.0418295860291, "max": 0.981547415257, "mean": 0.522060513496, "median": 0.538995325565, "min": 0.00827925372869, "var": 0.0340094864368}, "silence_rate_20dB": {"dmean": 0, "dmean2": 0, "dvar": 0, "dvar2": 0, "max": 1, "mean": 1, "median": 1, "min": 1, "var": 0}, "silence_rate_30dB": {"dmean": 0.036069650203, "dmean2": 0.0721542611718, "dvar": 0.0347688645124, "dvar2": 0.0851971581578, "max": 1, "mean": 0.967875659466, "median": 1, "min": 0, "var": 0.0310927089304}, "silence_rate_60dB": {"dmean": 0.0713101178408, "dmean2": 0.142649799585, "dvar": 0.0662274956703, "dvar2": 0.135980784893, "max": 1, "mean": 0.383005172014, "median": 0, "min": 0, "var": 0.236304745078}, "spectral_centroid": {"dmean": 294.681610107, "dmean2": 463.379577637, "dvar": 169284.0625, "dvar2": 381986.125, "max": 11584.5849609, "mean": 1335.67883301, "median": 998.606811523, "min": 192.716369629, "var": 948648.75}, "spectral_complexity": {"dmean": 3.16459369659, "dmean2": 4.99937820435, "dvar": 35.0333709717, "dvar2": 71.9266967773, "max": 57, "mean": 8.96621799469, "median": 8, "min": 0, "var": 75.4493942261}, "spectral_decrease": {"dmean": 2.71650257844e-09, "dmean2": 4.10896827674e-09, "dvar": 3.82992068238e-17, "dvar2": 9.47826823953e-17, "max": 1.87949331806e-18, "mean": -5.61655877362e-09, "median": -1.48187473403e-09, "min": -6.40166462063e-08, "var": 7.35056845989e-17}, "spectral_energy": {"dmean": 0.0107889128849, "dmean2": 0.0163162257522, "dvar": 0.000579147657845, "dvar2": 0.00143805693369, "max": 0.243354856968, "mean": 0.0220598950982, "median": 0.00606581242755, "min": 1.13229369397e-20, "var": 0.001095682499}, "spectral_energyband_high": {"dmean": 0.000451413157862, "dmean2": 0.000757256348152, "dvar": 7.48280990592e-06, "dvar2": 2.03770050575e-05, "max": 0.102063544095, "mean": 0.000379182311008, "median": 3.88311709685e-05, "min": 8.13209176578e-21, "var": 5.04219906361e-06}, "spectral_energyband_low": {"dmean": 0.00578960170969, "dmean2": 0.00907128490508, "dvar": 0.000451478292234, "dvar2": 0.00114378530998, "max": 0.236618638039, "mean": 0.00727676786482, "median": 0.000318901875289, "min": 5.37742750153e-23, "var": 0.000451939646155}, "spectral_energyband_middle_high": {"dmean": 0.00188632810023, "dmean2": 0.00331313977949, "dvar": 6.20604623691e-05, "dvar2": 0.000174842818524, "max": 0.0989491567016, "mean": 0.00216022692621, "median": 0.000745046825614, "min": 1.69817453454e-21, "var": 4.06959807151e-05}, "spectral_energyband_middle_low": {"dmean": 0.00408147694543, "dmean2": 0.00540041504428, "dvar": 6.94775080774e-05, "dvar2": 0.000113210786367, "max": 0.157078519464, "mean": 0.0108832390979, "median": 0.00236568413675, "min": 4.38457120519e-22, "var": 0.000315782323014}, "spectral_entropy": {"dmean": 0.27940428257, "dmean2": 0.411381751299, "dvar": 0.0807925313711, "dvar2": 0.15644556284, "max": 9.79263401031, "mean": 7.34737634659, "median": 7.30252361298, "min": 5.10769510269, "var": 0.582492291927}, "spectral_flux": {"dmean": 0.0287370849401, "dmean2": 0.0438721999526, "dvar": 0.00216121412814, "dvar2": 0.00464179459959, "max": 0.436875194311, "mean": 0.0577842406929, "median": 0.0393696054816, "min": 1.06409291101e-10, "var": 0.00384939275682}, "spectral_kurtosis": {"dmean": 2.89739274979, "dmean2": 4.78742218018, "dvar": 11.3665304184, "dvar2": 30.4595489502, "max": 41.9021263123, "mean": 6.67202758789, "median": 5.1110496521, "min": -1.23529934883, "var": 25.9597473145}, "spectral_rms": {"dmean": 0.000955186551437, "dmean2": 0.00136728328653, "dvar": 2.26352517529e-06, "dvar2": 5.15101510246e-06, "max": 0.0154084190726, "mean": 0.00351941445842, "median": 0.0024326662533, "min": 3.32366794677e-12, "var": 9.13557778404e-06}, "spectral_rolloff": {"dmean": 724.880432129, "dmean2": 1221.32299805, "dvar": 2270890.75, "dvar2": 5727675.5, "max": 19207.6171875, "mean": 1417.27746582, "median": 882.861328125, "min": 21.533203125, "var": 5104768}, "spectral_skewness": {"dmean": 0.351152509451, "dmean2": 0.565269291401, "dvar": 0.11270147562, "dvar2": 0.281971395016, "max": 4.88729143143, "mean": 1.84050941467, "median": 1.72853064537, "min": -0.0586213506758, "var": 0.404190063477}, "spectral_spread": {"dmean": 908023, "dmean2": 1406138.875, "dvar": 1443295002620.0, "dvar2": 3102125064190.0, "max": 41319904, "mean": 4238373, "median": 3828175.5, "min": 1494444.5, "var": 2866284593150.0}, "spectral_strongpeak": {"dmean": 0.268813073635, "dmean2": 0.439233064651, "dvar": 0.206497058272, "dvar2": 0.477564573288, "max": 7.31576013565, "mean": 0.551963269711, "median": 0.269563108683, "min": 0, "var": 0.49567168951}, "zerocrossingrate": {"dmean": 0.0130560575053, "dmean2": 0.0164920203388, "dvar": 0.00039753614692, "dvar2": 0.0005748248077, "max": 0.52001953125, "mean": 0.0480836108327, "median": 0.0361328125, "min": 0, "var": 0.00298632448539}, "barkbands": {"dmean": [0.00202521705069, 0.00395628623664, 0.00102029333357, 0.00161378760822, 0.00223254016601, 0.000458535912912, 0.000206336073461, 0.000220584552153, 0.000242321868427, 0.000197144356207, 0.000175096996827, 0.000560343672987, 0.000257110688835, 0.000124367958051, 0.000472113257274, 8.99290680536e-05, 6.68135107844e-05, 7.91818092694e-05, 9.10562448553e-05, 7.81291455496e-05, 9.94409783743e-05, 0.000109701497422, 7.61445044191e-05, 6.1531085521e-05, 4.95817293995e-05, 2.12066552194e-05, 1.5210813217e-05], "dmean2": [0.00317779998295, 0.00648047216237, 0.00161833909806, 0.00240985164419, 0.00267993588932, 0.000693135138135, 0.000297517573927, 0.000342612212989, 0.000360952457413, 0.000300370244076, 0.00028145435499, 0.000991600216366, 0.000471278093755, 0.000218153072638, 0.000889587216079, 0.00014819727221, 0.000111143752292, 0.000133336856379, 0.000153129323735, 0.000127081075334, 0.000162446915056, 0.000180601680768, 0.000132756540552, 0.000107761894469, 8.88819122338e-05, 3.78664226446e-05, 2.76790160569e-05], "dvar": [2.99134007946e-05, 0.000314449804137, 6.68928305458e-06, 1.85876378964e-05, 2.50466127909e-05, 9.17847444271e-07, 5.29793339865e-07, 2.53023728192e-07, 3.32011410364e-07, 3.37924461746e-07, 2.69892808547e-07, 6.25360780759e-06, 1.18211539757e-06, 1.24912830302e-07, 6.97801488059e-06, 5.66268170132e-08, 4.72158312448e-08, 7.27496782815e-08, 1.07967863983e-07, 7.95903218886e-08, 1.87302745758e-07, 2.15267561998e-07, 3.79173400233e-07, 5.08980008362e-07, 4.81183064949e-07, 3.357007472e-08, 5.54272627795e-09], "dvar2": [7.94221850811e-05, 0.000832668680232, 1.75614841282e-05, 3.77401302103e-05, 3.330241816e-05, 2.13582256947e-06, 7.93389972387e-07, 5.284408644e-07, 6.28639668321e-07, 7.39481095025e-07, 6.28100735867e-07, 1.77103338501e-05, 3.41022951034e-06, 3.50987818365e-07, 2.04347106774e-05, 1.44616052467e-07, 1.20773933077e-07, 1.90986071402e-07, 2.93954258268e-07, 1.91879578892e-07, 4.7118379598e-07, 5.32454009772e-07, 1.06922129817e-06, 1.42064573083e-06, 1.38969392083e-06, 9.62602300092e-08, 1.54225432425e-08], "max": [0.107577577233, 0.195036351681, 0.0425350889564, 0.0681867673993, 0.0928092896938, 0.0130098350346, 0.0230656061321, 0.0101021751761, 0.0122473901138, 0.00987619534135, 0.0119079295546, 0.0328266695142, 0.0144517002627, 0.00471958611161, 0.0336625538766, 0.00386665761471, 0.00246322760358, 0.00377915194258, 0.00436896411702, 0.00484183710068, 0.00687443558127, 0.0102028334513, 0.0220842007548, 0.0258969515562, 0.032778788358, 0.00815831497312, 0.00187166093383], "mean": [0.00327090895735, 0.00316369626671, 0.00224630581215, 0.00249145273119, 0.00581595115364, 0.000976050680038, 0.000486556324176, 0.00041800661711, 0.000589313800447, 0.000279535830487, 0.000300376268569, 0.000558341911528, 0.000222849746933, 0.000127253835672, 0.000312254152959, 0.00012691419397, 7.05804050085e-05, 8.02115609986e-05, 0.000100320350612, 8.05335366749e-05, 9.19887606869e-05, 9.38960220083e-05, 5.51717384951e-05, 4.40292533312e-05, 3.35693766829e-05, 1.44631012517e-05, 9.41780308494e-06], "median": [0.000180611459655, 6.08195659879e-05, 4.2742354708e-05, 5.68672621739e-05, 0.000464071112219, 0.000247476506047, 8.22064976091e-05, 0.000169572464074, 7.39886236261e-05, 3.47176501236e-05, 5.72695680603e-05, 0.000142672026413, 3.87121981476e-05, 4.13011257479e-05, 3.29337999574e-05, 4.06610670325e-05, 1.9379585865e-05, 1.70410366991e-05, 2.82758846879e-05, 1.30752505356e-05, 1.07125470095e-05, 6.73668000672e-06, 2.95798076877e-06, 2.18520494855e-06, 1.25971530451e-06, 5.00767896483e-07, 8.94137812679e-08], "min": [1.63580623054e-24, 4.23822699964e-24, 2.2473596427e-23, 3.14272970745e-23, 5.1501222804e-23, 6.88680429641e-23, 3.47793437656e-23, 2.07436692692e-22, 4.09659570158e-23, 1.85185034392e-23, 3.82428028601e-23, 7.88431260018e-23, 9.67229234759e-23, 9.48470690412e-23, 8.84562228581e-23, 1.46292866478e-22, 2.30084775685e-22, 3.67787401289e-22, 4.55822511263e-22, 2.75337497523e-22, 7.94299223949e-22, 4.21883417957e-22, 5.42515169303e-22, 1.02188208625e-21, 1.37852961036e-21, 1.48507051364e-21, 2.65459403987e-21], "var": [4.60637820652e-05, 0.00024378875969, 3.26170775224e-05, 3.93888294639e-05, 0.000148960447405, 2.97224755741e-06, 4.05490800404e-06, 5.16893067015e-07, 1.49154936935e-06, 5.43772841866e-07, 8.05379443136e-07, 3.87183808925e-06, 7.03729995166e-07, 9.22787464219e-08, 3.7859404074e-06, 7.40386383313e-08, 4.20425472214e-08, 6.71579485356e-08, 8.242913907e-08, 7.73787931507e-08, 1.60411161687e-07, 1.88275606661e-07, 2.29126200679e-07, 3.12389090595e-07, 2.68664535952e-07, 1.91854248044e-08, 3.38880523643e-09]}, "erbbands": {"dmean": [0.168332532048, 0.686646342278, 1.02399277687, 2.96755576134, 8.82820320129, 8.04789352417, 3.1663839817, 4.65435314178, 3.6205637455, 3.19587492943, 4.71525430679, 4.10176515579, 7.54910755157, 5.91336488724, 9.43189525604, 23.6360454559, 12.1563215256, 7.86804819107, 16.8334884644, 14.9542751312, 4.77574300766, 3.85356831551, 4.73655557632, 3.4413998127, 5.16860342026, 3.51844668388, 3.299284935, 4.3056306839, 3.97050118446, 3.14944958687, 2.09632325172, 1.4389693737, 0.914545834064, 0.75495159626, 0.246972277761, 0.110233463347, 0.0336366891861, 0.0111728776246, 0.00250773387961, 0.000196013730601], "dmean2": [0.27801656723, 1.12339055538, 1.61142194271, 4.74349212646, 11.2432308197, 8.65768146515, 4.13582515717, 6.97413349152, 5.29145669937, 4.79796171188, 7.28278160095, 6.17748308182, 11.0213098526, 9.25960063934, 15.6917476654, 42.3992767334, 22.2095279694, 13.9727659225, 31.516078949, 27.5504455566, 8.07605361938, 6.35788917542, 8.09444046021, 5.56160831451, 8.72951698303, 5.74697589874, 5.23944950104, 7.15920305252, 6.55307674408, 5.34312677383, 3.64864635468, 2.49397611618, 1.60394918919, 1.36440777779, 0.437492012978, 0.196458682418, 0.0600801706314, 0.0201462209225, 0.0045775952749, 0.000355465628672], "dvar": [0.599197745323, 8.59622573853, 6.39682912827, 58.8014221191, 625.049499512, 410.752807617, 39.3896179199, 103.420127869, 140.074462891, 43.4390563965, 97.4786300659, 108.368972778, 309.869049072, 252.033782959, 1006.53845215, 12722.4960938, 2737.12890625, 613.520996094, 7626.87304688, 5814.80859375, 214.971786499, 157.333786011, 288.960540771, 115.903907776, 362.793731689, 169.012176514, 164.214447021, 347.023223877, 256.793060303, 335.867370605, 354.544555664, 256.155059814, 108.505485535, 151.00163269, 6.33698558807, 1.37393260002, 0.0598557963967, 0.00436434522271, 0.000139931144076, 8.48348463478e-07], "dvar2": [1.60278093815, 22.5439243317, 16.2849311829, 147.210784912, 995.554199219, 362.80090332, 64.4668426514, 236.359039307, 226.12979126, 89.323638916, 208.808059692, 217.650939941, 600.32019043, 630.015625, 2695.51782227, 36305.84375, 7896.81787109, 1735.89428711, 22204.8144531, 16958.1640625, 566.44317627, 400.522125244, 781.338195801, 292.950744629, 972.270996094, 409.54800415, 377.43182373, 881.871948242, 630.26751709, 911.709716797, 999.068603516, 715.480102539, 301.821136475, 437.372131348, 18.1734428406, 3.98023056984, 0.169741466641, 0.0122083835304, 0.000390019500628, 2.37693188865e-06], "max": [8.6281003952, 31.6862182617, 34.8746948242, 89.5110321045, 521.395812988, 493.68737793, 122.902603149, 121.985626221, 352.031524658, 117.997001648, 172.584121704, 199.82572937, 270.948059082, 235.906036377, 420.008026123, 1496.22814941, 670.071533203, 312.101959229, 1090.53161621, 987.113891602, 175.751739502, 136.729690552, 248.47694397, 134.351837158, 270.900146484, 221.780014038, 208.291625977, 290.99407959, 301.11227417, 565.34967041, 716.727600098, 576.63079834, 377.073913574, 582.127075195, 115.090942383, 54.2715530396, 9.47479629517, 2.37815356255, 0.268228441477, 0.0186190661043], "mean": [0.135141402483, 0.588459312916, 2.02015113831, 5.1865196228, 17.2348976135, 21.8346920013, 8.04426860809, 9.75146484375, 8.27294158936, 7.37669467926, 9.10095500946, 9.33369255066, 16.0694694519, 9.60511875153, 14.0508470535, 21.8607711792, 11.242773056, 8.09551048279, 11.8439826965, 12.2673797607, 5.76757574081, 4.23360109329, 4.77353000641, 4.17720556259, 5.44769048691, 3.60096979141, 3.30931639671, 3.79122567177, 3.46773147583, 2.47980642319, 1.52303302288, 1.03963315487, 0.648642599583, 0.499051988125, 0.17199139297, 0.0761295482516, 0.0225494839251, 0.00720136566088, 0.00155978405382, 0.000137776136398], "median": [0.00232162047178, 0.0145276105031, 0.0586219727993, 0.127421498299, 0.496009916067, 1.78184008598, 1.36334609985, 2.4222111702, 1.41905975342, 2.94705724716, 3.73438501358, 1.64464044571, 2.33366990089, 2.150151968, 3.71103024483, 5.35613822937, 2.93564105034, 2.19219207764, 2.04169106483, 2.09905982018, 1.84638345242, 1.18946480751, 1.04813361168, 1.22246015072, 1.2010897398, 0.656012058258, 0.463963359594, 0.408807247877, 0.2735491395, 0.141986146569, 0.0771127343178, 0.0578884668648, 0.0283475406468, 0.0157508812845, 0.0078511973843, 0.00299467495643, 0.000733719323762, 0.000152200911543, 2.66535716946e-05, 1.10171213237e-05], "min": [8.83481741576e-23, 1.57909960334e-21, 2.328143778e-20, 8.53748490605e-20, 5.72107386081e-20, 2.36580169237e-19, 2.59386805346e-19, 7.8083802553e-19, 6.27958194525e-19, 9.86418360541e-19, 5.24316909868e-18, 1.14915880483e-18, 5.56766326419e-19, 6.14496657236e-19, 2.64133906993e-18, 2.93981809499e-18, 3.97433318244e-18, 5.2596498452e-18, 4.71452954973e-18, 5.17729284829e-18, 1.08401671859e-17, 1.25042064242e-17, 1.5381440034e-17, 2.16884787922e-17, 2.3023640945e-17, 1.51417330187e-17, 2.71894002648e-17, 2.66439457884e-17, 1.4200623166e-17, 1.46130090973e-17, 1.72415392755e-17, 2.11587920325e-17, 1.74851075699e-17, 1.6962898523e-17, 9.17517586276e-18, 5.57728968197e-18, 2.77390613683e-18, 1.08722913654e-18, 3.46285695911e-19, 4.08122513181e-20], "var": [0.454327851534, 6.82806444168, 22.23828125, 121.615325928, 1894.2052002, 3327.56152344, 254.417984009, 318.134429932, 1023.97491455, 168.737487793, 216.897674561, 362.188812256, 1071.76855469, 403.180389404, 1281.11401367, 7608.05371094, 1628.72692871, 444.031555176, 4197.77148438, 3321.44189453, 205.709976196, 147.688552856, 243.741271973, 109.984313965, 291.319335938, 156.237960815, 163.421630859, 293.633544922, 233.196838379, 228.412689209, 213.806838989, 157.440093994, 66.940612793, 83.5552215576, 3.62100505829, 0.763970553875, 0.0352149233222, 0.00264192582108, 8.51847580634e-05, 5.13052953011e-07]}, "gfcc": {"mean": [-107.477485657, 86.9496917725, -120.998222351, 17.2246856689, -55.8005256653, 5.80072975159, -30.9733772278, 0.498612761497, -23.6889820099, 0.94004958868, -12.4796800613, 0.568695425987, -7.62551736832], "cov": [[16384.8300781, 2779.40039062, -329.299621582, 314.927490234, -432.593353271, -292.876190186, -457.724761963, -784.75402832, -707.316650391, -571.973266602, -337.766540527, -394.750213623, -120.86907959], [2779.40039062, 2992.81274414, 79.3906860352, -96.6994094849, 125.501228333, -359.173492432, -148.277008057, -434.208892822, -249.94317627, -446.441650391, -7.67967939377, -285.194091797, -4.53142738342], [-329.299621582, 79.3906860352, 1202.98718262, 447.377319336, 498.256439209, 199.810073853, 75.7450714111, -49.2968482971, 16.7397480011, -139.79296875, -49.626247406, -63.026638031, -75.7901916504], [314.927490234, -96.6994094849, 447.377319336, 597.490478516, 304.578643799, 240.005569458, 33.4646492004, -39.8131523132, 30.0348587036, -77.915435791, -49.101398468, -51.7192077637, -28.0165939331], [-432.593353271, 125.501228333, 498.256439209, 304.578643799, 443.505706787, 160.336654663, 35.9762496948, -47.606086731, 32.8717308044, -76.7454299927, -14.9806642532, -47.5052070618, -54.7696723938], [-292.876190186, -359.173492432, 199.810073853, 240.005569458, 160.336654663, 250.34727478, 68.2769775391, 62.2782821655, 66.6673583984, 53.2870330811, -12.0475664139, 9.96792411804, -19.0885868073], [-457.724761963, -148.277008057, 75.7450714111, 33.4646492004, 35.9762496948, 68.2769775391, 194.575622559, 96.7107009888, 35.4405860901, 49.5354995728, 44.8754425049, 40.6143302917, 24.9599475861], [-784.75402832, -434.208892822, -49.2968482971, -39.8131523132, -47.606086731, 62.2782821655, 96.7107009888, 256.416656494, 140.586410522, 127.219810486, 24.197593689, 60.1084671021, 8.10228347778], [-707.316650391, -249.94317627, 16.7397480011, 30.0348587036, 32.8717308044, 66.6673583984, 35.4405860901, 140.586410522, 195.958206177, 103.797279358, 13.7237949371, 12.5299568176, -12.6475572586], [-571.973266602, -446.441650391, -139.79296875, -77.915435791, -76.7454299927, 53.2870330811, 49.5354995728, 127.219810486, 103.797279358, 216.997589111, 60.0746459961, 65.1276855469, 15.6158208847], [-337.766540527, -7.67967939377, -49.626247406, -49.101398468, -14.9806642532, -12.0475664139, 44.8754425049, 24.197593689, 13.7237949371, 60.0746459961, 112.148513794, 53.3806762695, 33.7309684753], [-394.750213623, -285.194091797, -63.026638031, -51.7192077637, -47.5052070618, 9.96792411804, 40.6143302917, 60.1084671021, 12.5299568176, 65.1276855469, 53.3806762695, 107.09475708, 41.2195968628], [-120.86907959, -4.53142738342, -75.7901916504, -28.0165939331, -54.7696723938, -19.0885868073, 24.9599475861, 8.10228347778, -12.6475572586, 15.6158208847, 33.7309684753, 41.2195968628, 86.5243682861]], "icov": [[0.000108199143142, -0.000129992957227, 5.98818587605e-06, -0.00020888086874, 0.000286916241748, -8.177170821e-05, 6.27485715086e-05, 5.40878463653e-05, 0.000278464867733, -0.000163824792253, 0.00025713557261, -0.000121403500088, 0.000250224169577], [-0.000129992957227, 0.001037439215, 7.04831836629e-05, 0.000505371950567, -0.000706198741682, 0.000792769365944, -0.000253991747741, 0.000390456611058, -0.000471807434224, 0.00141655793414, -0.00162635999732, 0.00244584633037, -0.000993081368506], [5.98818587605e-06, 7.04831836629e-05, 0.00173120491672, -0.000477198016597, -0.00153932347894, 0.000244228867814, -0.000532365578692, -9.37472213991e-05, 9.95164591586e-05, 0.000564765301533, 0.000222527771257, -0.000108855107101, 0.000493542349432], [-0.00020888086874, 0.000505371950567, -0.000477198016597, 0.00460732541978, -0.00132160272915, -0.00327922939323, 6.49432986393e-05, 0.000719764793757, -0.0013095557224, 0.00218329112977, -0.000758648326155, 0.00177305703983, -0.0019720015116], [0.000286916241748, -0.000706198741682, -0.00153932347894, -0.00132160272915, 0.00696099875495, -0.00269159092568, -0.000137472728966, 0.0014821048826, -0.00100832642056, 0.00090147391893, -0.000832734047435, -0.000875510973856, 0.00273252092302], [-8.177170821e-05, 0.000792769365944, 0.000244228867814, -0.00327922939323, -0.00269159092568, 0.0110919540748, -0.00191397871822, -0.000600409694016, 0.000193535874132, -0.00311095407233, 0.0017081242986, 0.000107236868644, 0.00030380586395], [6.27485715086e-05, -0.000253991747741, -0.000532365578692, 6.49432986393e-05, -0.000137472728966, -0.00191397871822, 0.00830381922424, -0.00376040441915, 0.00190344580915, -6.38696728856e-05, -0.00248910742812, 5.95529709244e-05, -0.00169175607152], [5.40878463653e-05, 0.000390456611058, -9.37472213991e-05, 0.000719764793757, 0.0014821048826, -0.000600409694016, -0.00376040441915, 0.0105771850795, -0.00604070350528, -0.00042853775085, 0.00171139440499, -0.00248072878458, 0.000855945574585], [0.000278464867733, -0.000471807434224, 9.95164591586e-05, -0.0013095557224, -0.00100832642056, 0.000193535874132, 0.00190344580915, -0.00604070350528, 0.0120898419991, -0.00455723563209, 0.000337796605891, 0.00227050110698, 0.000824781658594], [-0.000163824792253, 0.00141655793414, 0.000564765301533, 0.00218329112977, 0.00090147391893, -0.00311095407233, -6.38696728856e-05, -0.00042853775085, -0.00455723563209, 0.0131493629888, -0.00631914660335, 0.00126911920961, -0.000190603779629], [0.00025713557261, -0.00162635999732, 0.000222527771257, -0.000758648326155, -0.000832734047435, 0.0017081242986, -0.00248910742812, 0.00171139440499, 0.000337796605891, -0.00631914660335, 0.0179174114019, -0.00894314423203, -0.000903887790628], [-0.000121403500088, 0.00244584633037, -0.000108855107101, 0.00177305703983, -0.000875510973856, 0.000107236868644, 5.95529709244e-05, -0.00248072878458, 0.00227050110698, 0.00126911920961, -0.00894314423203, 0.0234604813159, -0.00746529456228], [0.000250224169577, -0.000993081368506, 0.000493542349432, -0.0019720015116, 0.00273252092302, 0.00030380586395, -0.00169175607152, 0.000855945574585, 0.000824781658594, -0.000190603779629, -0.000903887790628, -0.00746529456228, 0.017917079851]]}, "melbands": {"dmean": [0.00135164044332, 0.000642448605504, 0.000740854768082, 0.000545352930203, 0.000176432353328, 9.8742544651e-05, 5.44258800801e-05, 3.87239742849e-05, 3.50797745341e-05, 3.06471119984e-05, 3.85410967283e-05, 2.40913286689e-05, 2.80609401671e-05, 5.78639192099e-05, 5.66991111555e-05, 1.73776243173e-05, 1.32065615617e-05, 2.01228303922e-05, 3.92955735151e-05, 8.06398293207e-06, 4.82312907479e-06, 3.84079885407e-06, 4.12058261645e-06, 4.29585452366e-06, 2.42779537984e-06, 4.42764621766e-06, 3.13868554258e-06, 2.15639192902e-06, 2.05286323762e-06, 1.98510110749e-06, 2.80478479908e-06, 2.17916999645e-06, 2.21569302994e-06, 1.63130107467e-06, 1.36207836476e-06, 8.27557641969e-07, 8.93502090094e-07, 6.36830009171e-07, 6.12979363268e-07, 6.35929609416e-07], "dmean2": [0.00218652817421, 0.0010040695779, 0.00105643831193, 0.000671795511153, 0.000203979274374, 0.000148695209646, 7.90287231212e-05, 5.87969188928e-05, 5.43936512258e-05, 4.59159346065e-05, 5.61239139643e-05, 3.76075950044e-05, 4.51308187621e-05, 0.000101310477476, 0.000104689766886, 3.10782452289e-05, 2.33584651141e-05, 3.73569564545e-05, 7.39565730328e-05, 1.34469291879e-05, 8.21599132905e-06, 6.31316834188e-06, 6.93703577781e-06, 7.44664384911e-06, 3.86274814446e-06, 7.6211808846e-06, 5.18005435879e-06, 3.53376299245e-06, 3.29223394147e-06, 3.20238268614e-06, 4.75954720969e-06, 3.64394691132e-06, 3.63291542271e-06, 2.82272389995e-06, 2.40565418608e-06, 1.40541806104e-06, 1.56416444952e-06, 1.10816847609e-06, 1.09736993181e-06, 1.15124555577e-06], "dvar": [3.45115840901e-05, 3.80460642191e-06, 3.62923810826e-06, 1.55488680775e-06, 1.59183471737e-07, 4.5174118668e-08, 3.08838252749e-08, 6.41171604698e-09, 5.08976194524e-09, 5.3783559828e-09, 8.32338464818e-09, 4.4279522271e-09, 7.19936554816e-09, 6.35756052247e-08, 8.2564611148e-08, 3.29304383762e-09, 1.5728689462e-09, 9.29629440094e-09, 4.87570801511e-08, 5.8502208633e-10, 2.04463043718e-10, 1.45667769513e-10, 1.72539413312e-10, 2.67738914372e-10, 4.84340553775e-11, 2.9753186026e-10, 1.20966320294e-10, 6.79851730467e-11, 6.13683548423e-11, 6.4260513577e-11, 1.67319422206e-10, 7.05198677231e-11, 1.0644097409e-10, 1.17845191938e-10, 1.87347692915e-10, 4.01972864716e-11, 1.20300561179e-10, 4.88482899963e-11, 6.28253282731e-11, 1.19750459548e-10], "dvar2": [9.05503620743e-05, 9.4354918474e-06, 7.03723799234e-06, 2.22285439122e-06, 1.58987177201e-07, 1.04555589076e-07, 4.86898130703e-08, 1.32337936165e-08, 1.0838582476e-08, 1.05566613229e-08, 1.61109756647e-08, 1.08126627651e-08, 1.73296061945e-08, 1.79079236773e-07, 2.40507233684e-07, 9.36123978335e-09, 4.44087477902e-09, 2.68907935919e-08, 1.42902891298e-07, 1.55613211206e-09, 5.35096578158e-10, 3.63213903398e-10, 4.44953740519e-10, 7.36352145925e-10, 1.17800297295e-10, 8.17769518768e-10, 3.09979014679e-10, 1.65178398737e-10, 1.38598119093e-10, 1.55310875272e-10, 4.36099129031e-10, 1.70765374063e-10, 2.71985184375e-10, 3.30041077801e-10, 5.3409082712e-10, 1.09158973527e-10, 3.37800343253e-10, 1.34621633285e-10, 1.78511552762e-10, 3.48569867414e-10], "max": [0.0657401904464, 0.0191839244217, 0.029689989984, 0.0234973412007, 0.00955895800143, 0.00259675714187, 0.00536206923425, 0.00151619396638, 0.00112321425695, 0.00141094950959, 0.00136795383878, 0.00107276381459, 0.0017255153507, 0.00359718711115, 0.00353612215258, 0.000707754748873, 0.000538080290426, 0.00120319600683, 0.00284894742072, 0.000343227526173, 0.000159808041644, 0.000139068331919, 0.000147746031871, 0.000228996577789, 8.15579332993e-05, 0.000232449558098, 0.000168968836078, 0.000137415641802, 0.000123291698401, 0.000149896644871, 0.000215234074858, 0.000129645835841, 0.000264053756837, 0.000336438242812, 0.000528111704625, 0.00021440803539, 0.000391888781451, 0.00025558253401, 0.000344132218743, 0.000523995782714], "mean": [0.00117955799215, 0.000981565681286, 0.0014029025333, 0.00135796959512, 0.000467783684144, 0.000203770803637, 0.000126892453409, 8.52200464578e-05, 6.56038828311e-05, 7.2878334322e-05, 8.1211059296e-05, 3.67767788703e-05, 4.83648254885e-05, 5.66819908272e-05, 4.79631271446e-05, 1.80519291462e-05, 1.35355448947e-05, 1.47340751937e-05, 2.61045242951e-05, 1.09290131149e-05, 5.3760704759e-06, 4.08812911701e-06, 4.56367706647e-06, 3.86398733099e-06, 3.17240187542e-06, 4.30137561125e-06, 3.30709463015e-06, 2.13861062548e-06, 2.1630860374e-06, 1.8198319367e-06, 2.35978563978e-06, 1.93302525986e-06, 1.81625193818e-06, 1.20641050216e-06, 9.5574853276e-07, 6.270661288e-07, 6.34074240224e-07, 4.59015211618e-07, 4.15254106656e-07, 4.15047708202e-07], "median": [3.63316648873e-05, 2.6900863304e-05, 3.52870993083e-05, 7.45026263758e-05, 5.31829173269e-05, 4.9655107432e-05, 2.46278104896e-05, 3.82734215236e-05, 2.28250155487e-05, 9.64591890806e-06, 1.11786339403e-05, 7.45095212551e-06, 1.14737804324e-05, 1.14843205665e-05, 8.18295666249e-06, 4.46356216344e-06, 3.48705566466e-06, 2.90817388304e-06, 2.38335314862e-06, 2.65579978986e-06, 1.52522557073e-06, 1.06672905531e-06, 1.03468198631e-06, 7.61365072321e-07, 9.19658646126e-07, 9.79537958301e-07, 5.57765758913e-07, 3.38126994848e-07, 2.73583623311e-07, 2.16590109403e-07, 2.044940004e-07, 1.58279988227e-07, 1.05386270377e-07, 6.30213463637e-08, 4.01049256027e-08, 3.98050161721e-08, 3.27618927543e-08, 2.01560919066e-08, 1.50373882235e-08, 1.21997763003e-08], "min": [1.02608242347e-24, 8.02961162813e-24, 1.22739412557e-23, 9.86482158234e-24, 1.00075486082e-23, 1.61584808908e-23, 8.88796565708e-24, 1.77889838067e-23, 3.91105561667e-23, 5.13302088038e-24, 2.68126781101e-24, 2.17296627281e-24, 7.34277489264e-24, 8.5730768384e-24, 7.81346058466e-24, 1.04226858707e-23, 9.73180543423e-24, 7.51362244319e-24, 6.7264236679e-24, 9.23108780755e-24, 1.33510984785e-23, 1.38561540513e-23, 1.348602367e-23, 1.45537421721e-23, 1.7514747357e-23, 1.80113810508e-23, 1.15461160965e-23, 9.89733921772e-24, 1.36500246968e-23, 2.44251704645e-23, 1.12427667351e-23, 7.68398405542e-24, 7.53678182165e-24, 7.82811840914e-24, 8.50497053215e-24, 1.26160986293e-23, 1.32657105964e-23, 1.1398475256e-23, 1.46980847851e-23, 1.37674561089e-23], "var": [2.7773763577e-05, 5.84827921557e-06, 1.00427023426e-05, 8.18336957309e-06, 1.264040975e-06, 1.37763777275e-07, 2.33810297345e-07, 1.81966850477e-08, 1.18247962533e-08, 2.19856524097e-08, 2.7663558555e-08, 6.89065915438e-09, 1.83843926749e-08, 4.06038047629e-08, 4.58426079319e-08, 2.30596830519e-09, 1.17686083101e-09, 5.21872411952e-09, 2.6533486519e-08, 6.86760981417e-10, 1.88368876053e-10, 1.41792619313e-10, 1.8267265478e-10, 1.95356605892e-10, 5.30604275795e-11, 2.13112916203e-10, 1.12456155499e-10, 6.12719111559e-11, 6.29779006722e-11, 5.91925189419e-11, 1.32913638429e-10, 6.69497443595e-11, 8.53685039326e-11, 7.33533928043e-11, 1.09271855453e-10, 2.66539672278e-11, 7.28713478448e-11, 3.08701050833e-11, 3.6605482534e-11, 6.53670104156e-11]}, "mfcc": {"mean": [-747.420593262, 126.367904663, -8.48425865173, 16.2896766663, -5.15367698669, 5.76659536362, 0.809410631657, 0.650506496429, -2.86355042458, -1.08297884464, -1.19304823875, -1.17434036732, 1.64701008797], "cov": [[11550.8681641, 1579.49243164, -18.7682647705, 309.644866943, -216.531005859, 144.36907959, -96.6232757568, -276.215942383, -417.967071533, -420.874420166, -380.151855469, -477.867889404, -374.937957764], [1579.49243164, 2533.11865234, 96.5007019043, 164.422836304, 60.325302124, -85.8679504395, -11.9970874786, -105.909912109, -269.874145508, -185.399551392, -238.183151245, -215.444747925, -90.9927902222], [-18.7682647705, 96.5007019043, 665.528503418, 298.815338135, 347.425567627, 222.531768799, 113.48739624, 116.186531067, 40.7192764282, 18.9315814972, -28.0467910767, -19.6840114594, -47.9487991333], [309.644866943, 164.422836304, 298.815338135, 357.715393066, 267.444213867, 192.432388306, 100.704734802, 99.86353302, 2.41926717758, -4.73369932175, -41.5346336365, -36.9905471802, -54.8036499023], [-216.531005859, 60.325302124, 347.425567627, 267.444213867, 510.851745605, 262.859588623, 61.9360733032, 101.51599884, 32.8513145447, 26.0116062164, -4.9679479599, 0.86415964365, -51.5431404114], [144.36907959, -85.8679504395, 222.531768799, 192.432388306, 262.859588623, 305.999450684, 110.57636261, 54.910610199, 17.889541626, -0.224464207888, 2.97082829475, -8.18026447296, -48.8522796631], [-96.6232757568, -11.9970874786, 113.48739624, 100.704734802, 61.9360733032, 110.57636261, 168.844970703, 66.9379272461, 2.01117277145, 5.53179073334, 0.0462640523911, -14.7144012451, -5.73939657211], [-276.215942383, -105.909912109, 116.186531067, 99.86353302, 101.51599884, 54.910610199, 66.9379272461, 168.117843628, 59.3281822205, 51.642829895, 19.9040470123, 6.51134157181, -1.3560192585], [-417.967071533, -269.874145508, 40.7192764282, 2.41926717758, 32.8513145447, 17.889541626, 2.01117277145, 59.3281822205, 162.648208618, 85.0435791016, 63.2704429626, 60.4287338257, 25.5669784546], [-420.874420166, -185.399551392, 18.9315814972, -4.73369932175, 26.0116062164, -0.224464207888, 5.53179073334, 51.642829895, 85.0435791016, 138.395446777, 82.760383606, 54.5637817383, 46.2458076477], [-380.151855469, -238.183151245, -28.0467910767, -41.5346336365, -4.9679479599, 2.97082829475, 0.0462640523911, 19.9040470123, 63.2704429626, 82.760383606, 120.603713989, 68.9933319092, 55.1039848328], [-477.867889404, -215.444747925, -19.6840114594, -36.9905471802, 0.86415964365, -8.18026447296, -14.7144012451, 6.51134157181, 60.4287338257, 54.5637817383, 68.9933319092, 114.005714417, 60.4591560364], [-374.937957764, -90.9927902222, -47.9487991333, -54.8036499023, -51.5431404114, -48.8522796631, -5.73939657211, -1.3560192585, 25.5669784546, 46.2458076477, 55.1039848328, 60.4591560364, 111.688850403]], "icov": [[0.000128791289171, -3.92471338273e-05, 6.04078559263e-06, -0.000196084874915, 0.000234629755141, -0.000227450247621, 0.000239330547629, 8.95806806511e-05, 5.7878325606e-05, 7.57781599532e-05, -6.06410503678e-05, 0.000300006126054, 0.000151827567606], [-3.92471338273e-05, 0.000610469665844, -3.81463905796e-05, -0.000278077815892, -0.000331277115038, 0.000608652539086, -0.00017176354595, 0.00034919634345, 0.000499058456626, -9.76671435637e-05, 0.000540095439646, 0.000507346412633, -0.000293375953333], [6.04078559263e-06, -3.81463905796e-05, 0.00285955728032, -0.00121181563009, -0.00109870289452, -0.000110511398816, -0.00066419452196, -0.000110521796159, -0.000622135354206, -0.000172436877619, 0.000619544473011, 6.19870261289e-05, -9.40419195103e-05], [-0.000196084874915, -0.000278077815892, -0.00121181563009, 0.00723071722314, -0.00169672898483, -0.00135761953425, -0.00130665674806, -0.00207419646904, 0.000172986910911, -0.000447885657195, 0.00167202972807, -0.000324951368384, 0.000170590952621], [0.000234629755141, -0.000331277115038, -0.00109870289452, -0.00169672898483, 0.00582643225789, -0.0040883673355, 0.00292638014071, -0.00135796610266, 0.000566913513467, -0.000710083928425, 2.11449205381e-05, -0.000633408082649, 0.000744697696064], [-0.000227450247621, 0.000608652539086, -0.000110511398816, -0.00135761953425, -0.0040883673355, 0.00975655205548, -0.00498409476131, 0.00222737598233, -0.000565921131056, 0.00133030652069, -0.00205283006653, -0.000464237877168, 0.00201321253553], [0.000239330547629, -0.00017176354595, -0.00066419452196, -0.00130665674806, 0.00292638014071, -0.00498409476131, 0.0109314769506, -0.00352077442221, 0.00130489445291, 0.000178984730155, -0.000394240691094, 0.0017280774191, -0.00168708979618], [8.95806806511e-05, 0.00034919634345, -0.000110521796159, -0.00207419646904, -0.00135796610266, 0.00222737598233, -0.00352077442221, 0.0105758532882, -0.00246110442095, -0.00212896103039, 7.73175634095e-05, 0.0015200584894, 0.000398944946937], [5.7878325606e-05, 0.000499058456626, -0.000622135354206, 0.000172986910911, 0.000566913513467, -0.000565921131056, 0.00130489445291, -0.00246110442095, 0.0115016307682, -0.00442135520279, -0.000366349064279, -0.00319781387225, 0.00157955568284], [7.57781599532e-05, -9.76671435637e-05, -0.000172436877619, -0.000447885657195, -0.000710083928425, 0.00133030652069, 0.000178984730155, -0.00212896103039, -0.00442135520279, 0.0162462126464, -0.0082532800734, 0.000805910152849, -0.00196057604626], [-6.06410503678e-05, 0.000540095439646, 0.000619544473011, 0.00167202972807, 2.11449205381e-05, -0.00205283006653, -0.000394240691094, 7.73175634095e-05, -0.000366349064279, -0.0082532800734, 0.0202198084444, -0.00514178955927, -0.00327591574751], [0.000300006126054, 0.000507346412633, 6.19870261289e-05, -0.000324951368384, -0.000633408082649, -0.000464237877168, 0.0017280774191, 0.0015200584894, -0.00319781387225, 0.000805910152849, -0.00514178955927, 0.0187790412456, -0.0063307909295], [0.000151827567606, -0.000293375953333, -9.40419195103e-05, 0.000170590952621, 0.000744697696064, 0.00201321253553, -0.00168708979618, 0.000398944946937, 0.00157955568284, -0.00196057604626, -0.00327591574751, -0.0063307909295, 0.0159032624215]]}, "spectral_contrast_coeffs": {"dmean": [0.0545989535749, 0.048555970192, 0.0443202331662, 0.037234198302, 0.0299280267209, 0.0255812108517], "dmean2": [0.0855363458395, 0.0775161013007, 0.0700523853302, 0.0609625466168, 0.0472398847342, 0.0412466153502], "dvar": [0.00221960642375, 0.00192183267791, 0.0015283486573, 0.00116702914238, 0.000692199624609, 0.000597943610046], "dvar2": [0.00520291738212, 0.00456014927477, 0.00359625113197, 0.00288113043644, 0.00162603787612, 0.00141689984594], "max": [-0.267240554094, -0.413699477911, -0.4462916255, -0.529915034771, -0.602390110493, -0.613751411438], "mean": [-0.638804316521, -0.727812945843, -0.765533208847, -0.793663024902, -0.807360172272, -0.777913093567], "median": [-0.646402299404, -0.718244671822, -0.769268631935, -0.805306434631, -0.812666475773, -0.781404912472], "min": [-0.961429357529, -0.982989788055, -0.98552697897, -0.968806326389, -0.962492823601, -0.957137227058], "var": [0.0217588376254, 0.013162413612, 0.0108857471496, 0.00703455647454, 0.00388565845788, 0.0022196364589]}, "spectral_contrast_valleys": {"dmean": [0.575604557991, 0.545911610126, 0.60059851408, 0.636303186417, 0.596731185913, 0.597166240215], "dmean2": [0.908554196358, 0.88260281086, 0.955427825451, 0.989280164242, 0.913092792034, 0.879130780697], "dvar": [0.362917721272, 0.327259480953, 0.373859494925, 0.428583800793, 0.355371236801, 0.35249760747], "dvar2": [0.719779193401, 0.745620906353, 0.866174280643, 0.947626054287, 0.696476817131, 0.624463200569], "max": [-4.97203540802, -5.31346225739, -5.029