{"lowlevel": {"average_loudness": 0.153458714485, "barkbands_crest": {"dmean": 2.76583170891, "dmean2": 4.48327207565, "dvar": 6.03528833389, "dvar2": 16.2539215088, "max": 26.3056850433, "mean": 10.1538629532, "median": 8.35758686066, "min": 2.30491662025, "var": 32.1620750427}, "barkbands_flatness_db": {"dmean": 0.0255058929324, "dmean2": 0.0397132262588, "dvar": 0.000688390515279, "dvar2": 0.00160232174676, "max": 0.522765815258, "mean": 0.15118098259, "median": 0.0975876748562, "min": 0.0275408718735, "var": 0.0118745584041}, "barkbands_kurtosis": {"dmean": 9.62146759033, "dmean2": 15.2561626434, "dvar": 799.594177246, "dvar2": 1791.18444824, "max": 638.745727539, "mean": 15.5768375397, "median": 1.14035844803, "min": -1.91152596474, "var": 2163.65307617}, "barkbands_skewness": {"dmean": 0.849103212357, "dmean2": 1.31460118294, "dvar": 1.19484114647, "dvar2": 2.78407979012, "max": 20.3866767883, "mean": 1.61906921864, "median": 0.746631324291, "min": -5.38299751282, "var": 9.32537937164}, "barkbands_spread": {"dmean": 7.47936487198, "dmean2": 11.6888866425, "dvar": 80.5147857666, "dvar2": 200.759399414, "max": 98.3412322998, "mean": 29.7159557343, "median": 30.6815643311, "min": 0.37511447072, "var": 513.080871582}, "dissonance": {"dmean": 0.0199812110513, "dmean2": 0.0341715030372, "dvar": 0.000566258095205, "dvar2": 0.00148905208334, "max": 0.499999940395, "mean": 0.469475358725, "median": 0.481994062662, "min": 0.169702619314, "var": 0.00128035817761}, "dynamic_complexity": 10.9880685806, "erbbands_crest": {"dmean": 2.58548855782, "dmean2": 4.32027482986, "dvar": 5.89978981018, "dvar2": 15.4085731506, "max": 28.7286491394, "mean": 8.48525619507, "median": 7.81874275208, "min": 2.67512273788, "var": 13.1163740158}, "erbbands_flatness_db": {"dmean": 0.0172731652856, "dmean2": 0.026779640466, "dvar": 0.000245393806836, "dvar2": 0.000534548424184, "max": 0.346033006907, "mean": 0.161947354674, "median": 0.154171347618, "min": 0.0440799482167, "var": 0.00181331275962}, "erbbands_kurtosis": {"dmean": 1.61851739883, "dmean2": 2.35455846786, "dvar": 7.12420988083, "dvar2": 13.3264846802, "max": 66.7828521729, "mean": 1.99024021626, "median": 0.269503116608, "min": -1.93491601944, "var": 33.9849052429}, "erbbands_skewness": {"dmean": 0.44394916296, "dmean2": 0.655382871628, "dvar": 0.1853761971, "dvar2": 0.339809924364, "max": 6.13767433167, "mean": 0.0813235640526, "median": 0.184401556849, "min": -4.71458005905, "var": 1.96766281128}, "erbbands_spread": {"dmean": 9.02542304993, "dmean2": 14.3652935028, "dvar": 110.824333191, "dvar2": 261.007568359, "max": 173.70614624, "mean": 40.141456604, "median": 34.270866394, "min": 2.45978951454, "var": 608.609741211}, "hfc": {"dmean": 12.4142684937, "dmean2": 16.2173995972, "dvar": 1310.77539062, "dvar2": 1926.140625, "max": 662.461853027, "mean": 36.182384491, "median": 9.63404464722, "min": 1.13996327785e-16, "var": 6906.04003906}, "melbands_crest": {"dmean": 3.47884964943, "dmean2": 5.82599925995, "dvar": 9.93964385986, "dvar2": 24.899061203, "max": 39.2015342712, "mean": 14.2164363861, "median": 12.5601425171, "min": 1.00061261654, "var": 60.9854164124}, "melbands_flatness_db": {"dmean": 0.0291370227933, "dmean2": 0.0453558117151, "dvar": 0.000924098829273, "dvar2": 0.00205652834848, "max": 0.61075848341, "mean": 0.193618819118, "median": 0.119279786944, "min": -1.72572924839e-07, "var": 0.0249565504491}, "melbands_kurtosis": {"dmean": 28.9515857697, "dmean2": 47.6096611023, "dvar": 26401.796875, "dvar2": 75116.7109375, "max": 4769.20458984, "mean": 45.9673500061, "median": 4.5701212883, "min": -1.83873414993, "var": 42968.671875}, "melbands_skewness": {"dmean": 1.11262762547, "dmean2": 1.8160970211, "dvar": 4.19227361679, "dvar2": 11.7932138443, "max": 59.385383606, "mean": 3.16640663147, "median": 1.80229556561, "min": -3.79058289528, "var": 20.2248001099}, "melbands_spread": {"dmean": 14.0482025146, "dmean2": 21.5961399078, "dvar": 428.39666748, "dvar2": 901.176025391, "max": 275.007751465, "mean": 51.8078575134, "median": 38.3180618286, "min": 0.139811262488, "var": 2657.50415039}, "pitch_salience": {"dmean": 0.0867953374982, "dmean2": 0.141398429871, "dvar": 0.00631063105538, "dvar2": 0.0159364379942, "max": 0.996082007885, "mean": 0.568318367004, "median": 0.624575614929, "min": 0.0496594198048, "var": 0.0360913574696}, "silence_rate_20dB": {"dmean": 0.00154440151528, "dmean2": 0.00309119001031, "dvar": 0.00154201546684, "dvar2": 0.00308161810972, "max": 1, "mean": 0.997685194016, "median": 1, "min": 0, "var": 0.00230935867876}, "silence_rate_30dB": {"dmean": 0.0154440151528, "dmean2": 0.0309119019657, "dvar": 0.0152054158971, "dvar2": 0.0345915853977, "max": 1, "mean": 0.969135820866, "median": 1, "min": 0, "var": 0.0299120768905}, "silence_rate_60dB": {"dmean": 0.0494208484888, "dmean2": 0.0989180803299, "dvar": 0.0469785816967, "dvar2": 0.0953169241548, "max": 1, "mean": 0.410493820906, "median": 0, "min": 0, "var": 0.241986051202}, "spectral_centroid": {"dmean": 322.889678955, "dmean2": 474.902862549, "dvar": 302469.59375, "dvar2": 556663.8125, "max": 11513.7792969, "mean": 2130.33081055, "median": 2114.86669922, "min": 154.063247681, "var": 2497173.75}, "spectral_complexity": {"dmean": 3.91814661026, "dmean2": 6.05564165115, "dvar": 44.9508628845, "dvar2": 81.6245498657, "max": 56, "mean": 10.8657407761, "median": 8, "min": 0, "var": 144.021392822}, "spectral_decrease": {"dmean": 1.87052417999e-09, "dmean2": 2.82876166935e-09, "dvar": 2.39150173906e-17, "dvar2": 5.09298842005e-17, "max": 9.76194291848e-20, "mean": -4.41031788867e-09, "median": -1.15461784578e-09, "min": -1.09188960096e-07, "var": 8.74328253107e-17}, "spectral_energy": {"dmean": 0.00792190991342, "dmean2": 0.0119123030454, "dvar": 0.000358736346243, "dvar2": 0.000760776805691, "max": 0.413361221552, "mean": 0.0199274383485, "median": 0.00573347928002, "min": 1.02697453807e-20, "var": 0.00139037286863}, "spectral_energyband_high": {"dmean": 0.00125889969058, "dmean2": 0.00155917881057, "dvar": 1.96920427697e-05, "dvar2": 2.69889860647e-05, "max": 0.0822597667575, "mean": 0.00329316803254, "median": 0.000763094925787, "min": 7.25202733178e-21, "var": 9.37196818995e-05}, "spectral_energyband_low": {"dmean": 0.00431963521987, "dmean2": 0.00677277613431, "dvar": 0.000327459507389, "dvar2": 0.000740946969017, "max": 0.382681787014, "mean": 0.00702860765159, "median": 0.000232758422499, "min": 2.32018160167e-23, "var": 0.000919439829886}, "spectral_energyband_middle_high": {"dmean": 0.00204772455618, "dmean2": 0.00283825607039, "dvar": 2.53598518611e-05, "dvar2": 5.33839011041e-05, "max": 0.15479823947, "mean": 0.0051256432198, "median": 0.000878609716892, "min": 1.49024291683e-21, "var": 0.000159254908795}, "spectral_energyband_middle_low": {"dmean": 0.00211853068322, "dmean2": 0.00313018029556, "dvar": 2.23425868171e-05, "dvar2": 4.41948322987e-05, "max": 0.0851013734937, "mean": 0.00456559518352, "median": 0.000714753638022, "min": 2.27344235035e-22, "var": 8.6005195044e-05}, "spectral_entropy": {"dmean": 0.144789889455, "dmean2": 0.227911859751, "dvar": 0.023016680032, "dvar2": 0.0523687899113, "max": 9.8130979538, "mean": 7.76555395126, "median": 8.0862531662, "min": 5.51414680481, "var": 0.633684635162}, "spectral_flux": {"dmean": 0.0170299876481, "dmean2": 0.0272376071662, "dvar": 0.000697620329447, "dvar2": 0.00173456780612, "max": 0.342569559813, "mean": 0.0628352165222, "median": 0.0488065034151, "min": 6.52780746124e-11, "var": 0.00314669450745}, "spectral_kurtosis": {"dmean": 1.55015826225, "dmean2": 2.61533546448, "dvar": 9.05257701874, "dvar2": 27.3049507141, "max": 50.3293609619, "mean": 5.30653047562, "median": 2.17533779144, "min": -1.2460296154, "var": 58.3300170898}, "spectral_rms": {"dmean": 0.000700071337633, "dmean2": 0.00104477687273, "dvar": 1.07734115318e-06, "dvar2": 2.306619308e-06, "max": 0.0200818143785, "mean": 0.00318307313137, "median": 0.00236507202499, "min": 3.16532217104e-12, "var": 9.3094076874e-06}, "spectral_rolloff": {"dmean": 773.851501465, "dmean2": 1218.77368164, "dvar": 1724506, "dvar2": 3544747.25, "max": 19143.0175781, "mean": 3928.08325195, "median": 3682.17773438, "min": 43.06640625, "var": 13065121}, "spectral_skewness": {"dmean": 0.202284321189, "dmean2": 0.314417034388, "dvar": 0.0566194802523, "dvar2": 0.153807953, "max": 5.57516908646, "mean": 1.53568458557, "median": 1.18901562691, "min": -0.313389360905, "var": 1.01318442822}, "spectral_spread": {"dmean": 701695.4375, "dmean2": 1076249.25, "dvar": 2771638026240.0, "dvar2": 5215367987200.0, "max": 42670100, "mean": 6030145, "median": 5759076, "min": 1424719.75, "var": 14232664932400.0}, "spectral_strongpeak": {"dmean": 0.642514884472, "dmean2": 1.06394767761, "dvar": 1.65725278854, "dvar2": 3.88770771027, "max": 20.1295833588, "mean": 1.10785806179, "median": 0.30709528923, "min": 0, "var": 3.97607374191}, "zerocrossingrate": {"dmean": 0.0157460328192, "dmean2": 0.0174286980182, "dvar": 0.000541069370229, "dvar2": 0.000653023715131, "max": 0.52197265625, "mean": 0.131498739123, "median": 0.13427734375, "min": 0.0029296875, "var": 0.00988337025046}, "barkbands": {"dmean": [0.00101339723915, 0.00322807370685, 0.000656519376207, 0.000270946737146, 0.000303969107335, 0.000286372029223, 0.000533025478944, 0.000550783821382, 0.000993302324787, 0.000777636421844, 0.000628447043709, 0.000332104362315, 0.000265441398369, 0.000185259210411, 0.000102970865555, 0.00017879603547, 0.000124086931464, 0.000126649450976, 0.00020925377612, 0.00019967618573, 0.000152269145474, 0.000241278132307, 0.000399562937673, 0.000280716631096, 0.000258642423432, 0.00012180878548, 6.50141237202e-06], "dmean2": [0.00156850798521, 0.00520573183894, 0.00106374523602, 0.000459838047391, 0.000549063726794, 0.000476575427456, 0.000851220567711, 0.000906671048142, 0.00144566979725, 0.00111200276297, 0.00089166482212, 0.000518528046086, 0.000376734737074, 0.000287378003122, 0.000162877608091, 0.000278095336398, 0.000197606437723, 0.000198549008928, 0.000331121846102, 0.000321019586409, 0.00023227641941, 0.000348863337422, 0.000539545319043, 0.000369789573597, 0.000352645292878, 0.000187427620403, 1.00640736491e-05], "dvar": [5.37862179044e-05, 0.000217386201257, 1.41131849887e-05, 7.44264298191e-07, 1.07150401618e-06, 9.65078129411e-07, 2.54492488239e-06, 3.07867662741e-06, 1.14167214633e-05, 6.14103828411e-06, 1.08809554149e-05, 1.27822181639e-06, 5.40807661764e-07, 3.8815210246e-07, 9.76490568405e-08, 3.11341807446e-07, 1.25822651853e-07, 8.94459404321e-08, 6.01908766384e-07, 2.67093952289e-07, 2.1408777684e-07, 5.63970900203e-07, 3.73764169126e-06, 1.66065569829e-06, 1.10199823666e-06, 1.88938599877e-07, 1.27956178986e-09], "dvar2": [8.04189839982e-05, 0.000510541140102, 3.14682838507e-05, 1.89240176951e-06, 3.24752477354e-06, 2.56696694123e-06, 5.75274088987e-06, 7.46049545342e-06, 2.34437720792e-05, 9.98142422759e-06, 2.77319413726e-05, 2.48763899435e-06, 8.36637866541e-07, 8.19378556116e-07, 1.95102629164e-07, 6.3451642518e-07, 2.94578484272e-07, 2.00737062528e-07, 1.32488492e-06, 6.45047634862e-07, 4.16480190779e-07, 1.12329973945e-06, 5.65095479033e-06, 2.55896611634e-06, 2.15191494135e-06, 4.0669854684e-07, 2.96658342336e-09], "max": [0.287209033966, 0.263672471046, 0.120953813195, 0.016615929082, 0.0160126704723, 0.0184274874628, 0.0272080283612, 0.0275433175266, 0.0672015175223, 0.0577272288501, 0.0935106575489, 0.0264593046159, 0.0238425824791, 0.0135316997766, 0.00745641207322, 0.0149262677878, 0.00743765290827, 0.00526549713686, 0.0169432926923, 0.0118236234412, 0.0109178684652, 0.0148049658164, 0.0454255715013, 0.0305139645934, 0.0239801052958, 0.0127541879192, 0.00105957197957], "mean": [0.00171719712671, 0.004860594403, 0.000709355517756, 0.000311840849463, 0.000274945719866, 0.000308691087412, 0.000708793639205, 0.000771647086367, 0.00168497220147, 0.0015654687304, 0.00124045764096, 0.000628796522506, 0.000537290354259, 0.000252198835369, 0.000142326156492, 0.000243716567638, 0.000157482194481, 0.000165966645, 0.000257543288171, 0.000242648733547, 0.000254587648669, 0.000479441368952, 0.000893182237633, 0.000697471899912, 0.000561928027309, 0.000249766453635, 9.10087601369e-06], "median": [8.19293290988e-06, 5.33908059879e-05, 6.34554817225e-05, 2.26144657063e-05, 1.60810668604e-05, 3.37956735166e-05, 7.60815455578e-05, 5.04310664837e-05, 9.14667907637e-05, 6.16316610831e-05, 3.2484982512e-05, 2.66728366114e-05, 6.35647083982e-05, 5.1705254009e-05, 3.25716973748e-05, 3.62753416994e-05, 3.05589601339e-05, 3.50004302163e-05, 3.94223243347e-05, 4.98395311297e-05, 6.93636247888e-05, 0.00017330845003, 0.000100672303233, 5.37792075193e-05, 9.11251700018e-05, 1.84162745427e-05, 1.24073153529e-07], "min": [8.01928287508e-25, 4.05366036909e-24, 3.0953270951e-24, 3.42192832885e-24, 1.68691246595e-23, 1.2896862903e-23, 1.29329241015e-23, 1.45087124139e-23, 4.79988160689e-23, 2.74470836e-23, 2.49978298391e-23, 3.5671485496e-23, 3.48866162269e-23, 6.13735046439e-23, 7.51217598784e-23, 8.73984171822e-23, 1.28651652096e-22, 1.24495352246e-22, 1.41275597525e-22, 2.27050576829e-22, 3.77201048865e-22, 4.11016272075e-22, 4.7318280281e-22, 6.32507714551e-22, 1.01368853513e-21, 1.53197171496e-21, 2.19398752267e-21], "var": [0.000215042789932, 0.000471514038509, 1.83797492355e-05, 9.82231654234e-07, 9.32734280923e-07, 9.1644699296e-07, 5.44897329746e-06, 6.24081621936e-06, 2.54118604062e-05, 2.57409192272e-05, 3.97099283873e-05, 4.73326826977e-06, 3.06487163471e-06, 6.26551809546e-07, 1.61577730751e-07, 7.95861865299e-07, 2.12116873399e-07, 1.34424880116e-07, 1.09171742224e-06, 4.64087747787e-07, 5.85444411172e-07, 1.5192867977e-06, 1.22797555377e-05, 8.47887167765e-06, 3.72080694433e-06, 5.05488173985e-07, 1.74320047286e-09]}, "erbbands": {"dmean": [0.15749040246, 0.554492473602, 0.73538172245, 0.743242204189, 1.15410876274, 0.766460597515, 1.20141720772, 2.71934223175, 6.05429506302, 9.83708763123, 12.6300077438, 22.2887001038, 22.7813091278, 18.036907196, 26.1726493835, 12.6377182007, 11.3622999191, 10.3442630768, 6.10320281982, 6.06339788437, 9.88702487946, 6.74878501892, 6.92501497269, 9.64625644684, 9.92733669281, 11.0515346527, 5.85319757462, 6.40537309647, 6.89924812317, 12.1580038071, 12.298789978, 7.1434173584, 4.74187135696, 3.10318446159, 1.79206156731, 0.798161804676, 0.179796010256, 0.0187123771757, 0.000705472077243, 2.87773327727e-05], "dmean2": [0.250052154064, 0.934227108955, 1.14153790474, 1.31451642513, 2.06001424789, 1.39257502556, 2.04936528206, 4.60064792633, 9.89111328125, 15.9889307022, 19.8079166412, 33.203666687, 31.7379188538, 24.6865921021, 38.3579101562, 18.9688987732, 16.4265880585, 15.4889268875, 9.18867492676, 9.06944656372, 15.7632961273, 10.9323301315, 11.0250253677, 15.5433187485, 15.6476268768, 17.4265575409, 8.7648935318, 10.0569553375, 10.1651239395, 17.533498764, 16.2178630829, 9.27562618256, 6.27389287949, 4.22862863541, 2.57875323296, 1.24573481083, 0.281136661768, 0.0285449605435, 0.00108451140113, 4.25331891165e-05], "dvar": [0.538374304771, 7.57956838608, 15.5353164673, 11.2806348801, 17.5803318024, 7.35445976257, 21.2306003571, 80.7040405273, 337.528411865, 737.130065918, 1617.15930176, 6010.26757812, 4921.93261719, 3306.50268555, 25577.1953125, 1790.85522461, 971.754455566, 837.348571777, 309.232574463, 293.438934326, 1099.93884277, 379.054321289, 272.851593018, 1285.33618164, 1216.59741211, 906.83782959, 273.656494141, 430.28036499, 405.522247314, 2068.72241211, 4147.27148438, 1117.8692627, 454.120513916, 144.175201416, 59.1947288513, 8.36879348755, 0.382784515619, 0.00886964425445, 9.38833090913e-06, 6.91613344372e-09], "dvar2": [1.38375616074, 17.4774723053, 33.1665000916, 24.7144432068, 52.3708572388, 21.981180191, 59.1911697388, 214.10949707, 750.552307129, 1707.74047852, 3551.54858398, 12634.4121094, 8131.62207031, 4794.02832031, 68440.90625, 3541.95678711, 1597.65942383, 1782.90649414, 591.859436035, 628.969421387, 2283.39770508, 951.125488281, 630.059509277, 3048.78881836, 2352.64526367, 2203.7878418, 484.414764404, 892.753356934, 792.579040527, 4110.96240234, 6357.11181641, 1728.47009277, 769.126708984, 272.346343994, 120.934288025, 18.7861881256, 0.840536653996, 0.0212489385158, 2.01166349143e-05, 1.33748727649e-08], "max": [11.2128715515, 51.4809455872, 131.455993652, 80.9882278442, 66.8184204102, 47.6751365662, 55.7902069092, 178.320770264, 361.109558105, 358.987213135, 594.042663574, 1436.84887695, 1566.6628418, 1927.84411621, 4802.41943359, 1181.85913086, 744.909667969, 482.775756836, 362.894744873, 437.527740479, 980.355834961, 420.119506836, 314.714019775, 914.245239258, 850.432006836, 739.466918945, 357.348205566, 495.728302002, 336.039642334, 903.66394043, 1650.64660645, 783.695739746, 662.048461914, 309.878234863, 205.442932129, 74.2385253906, 17.5925521851, 2.99633550644, 0.0872082039714, 0.00203400221653], "mean": [0.223727032542, 0.778068840504, 0.904347717762, 0.926822423935, 1.22546112537, 0.677375495434, 1.18028879166, 3.01105308533, 7.81386899948, 14.1539411545, 19.7954769135, 37.9940338135, 47.7042808533, 42.2428855896, 52.9799003601, 27.4983787537, 23.0999069214, 16.7173557281, 9.11414051056, 8.31667232513, 13.9008741379, 9.21729373932, 9.19544696808, 11.2179203033, 12.9262495041, 12.7951927185, 8.96656322479, 11.9596185684, 14.1403236389, 24.3016891479, 25.6609573364, 15.7947587967, 11.6217632294, 6.82243061066, 3.7072622776, 1.61589837074, 0.364139467478, 0.0367597676814, 0.00126195454504, 7.47346057324e-05], "median": [0.000764026946854, 0.0161461606622, 0.078253492713, 0.11301882565, 0.0595944672823, 0.0524489544332, 0.14526091516, 0.341509252787, 0.942778348923, 1.36915802956, 1.50633597374, 2.36277580261, 1.83799576759, 1.64605093002, 1.42555046082, 1.49748325348, 2.8938729763, 3.32209205627, 2.0863776207, 1.93199682236, 1.96106672287, 1.96533441544, 2.08564686775, 1.70472967625, 2.16597557068, 2.60301351547, 2.08031606674, 3.88846731186, 5.49776649475, 5.57749462128, 2.17462968826, 1.19311213493, 0.806982040405, 0.91077542305, 0.673179447651, 0.154798850417, 0.0283779613674, 0.0013252675999, 6.70232693665e-05, 1.65598121384e-05], "min": [1.04311721208e-22, 6.0735453749e-22, 2.43089338296e-21, 2.01609506179e-20, 5.79124785732e-20, 4.27381281169e-20, 2.23530923323e-20, 1.73050746564e-19, 2.44230426681e-19, 1.81725363799e-19, 6.55012687422e-19, 9.26338268097e-19, 9.38655297611e-19, 8.86254232986e-19, 1.52821380355e-18, 1.54847900477e-18, 2.40799989773e-18, 5.06039568412e-18, 3.04106003888e-18, 5.13431998828e-18, 5.41781835885e-18, 7.20335760781e-18, 7.57987864212e-18, 1.05619193443e-17, 6.91290099393e-18, 1.20519570048e-17, 1.44049516666e-17, 1.44918221745e-17, 1.47119580965e-17, 1.59262013331e-17, 1.42746607939e-17, 1.19961405114e-17, 1.0848438992e-17, 9.54467661521e-18, 7.19266050813e-18, 5.20603489303e-18, 2.59300545918e-18, 1.08382828685e-18, 2.68953433473e-19, 3.18722545098e-20], "var": [1.17422688007, 13.1230707169, 23.8507976532, 14.289891243, 20.2332763672, 5.27768039703, 15.0944662094, 79.9074325562, 750.611816406, 1484.38830566, 3232.81542969, 12344.5986328, 20195.2324219, 18791.9882812, 92911.8203125, 9025.78515625, 4493.83447266, 1831.46203613, 615.255065918, 538.622497559, 2863.64306641, 632.20324707, 409.269470215, 1518.52416992, 2697.63378906, 1369.07226562, 808.23828125, 1118.58557129, 1229.07348633, 5991.35546875, 11795.09375, 4434.16015625, 2436.98852539, 617.932006836, 152.096618652, 19.9499111176, 1.17110610008, 0.0157881937921, 1.86752768059e-05, 2.59109782519e-08]}, "gfcc": {"mean": [-124.86290741, 45.8335838318, -106.373313904, 26.9082183838, -64.0531539917, 27.9325866699, -29.6712360382, 15.074877739, -18.6849079132, 11.7048416138, -18.0572395325, 0.646749317646, -16.6399707794], "cov": [[53055.6796875, -10420.7871094, -4807.25048828, -1300.50061035, -5488.39746094, 1158.00671387, -1821.6550293, 2443.07055664, -1382.06152344, 629.200683594, -1681.40576172, 869.262634277, -1159.05236816], [-10420.7871094, 5543.29101562, 1294.82739258, 124.154884338, 1737.14245605, -334.05960083, 681.314697266, -798.041137695, 364.463226318, -373.768737793, 691.355651855, -473.032684326, 450.775421143], [-4807.25048828, 1294.82739258, 1276.47729492, 335.619506836, 655.948913574, 57.9320030212, 351.295288086, -204.797592163, 194.285644531, -82.8919067383, 215.840881348, -109.338310242, 143.695831299], [-1300.50061035, 124.154884338, 335.619506836, 1349.53356934, 437.776062012, -7.68943071365, -37.1619796753, -120.909301758, 71.4734115601, 159.128204346, 11.9267253876, -37.9355354309, 123.347358704], [-5488.39746094, 1737.14245605, 655.948913574, 437.776062012, 928.53125, -113.714439392, 273.97946167, -295.231719971, 194.365447998, -64.1727523804, 256.478210449, -146.404342651, 198.000274658], [1158.00671387, -334.05960083, 57.9320030212, -7.68943071365, -113.714439392, 283.540039062, 101.974555969, 132.500167847, 24.314874649, 15.5237073898, -40.2031974792, 8.46807289124, -48.2559623718], [-1821.6550293, 681.314697266, 351.295288086, -37.1619796753, 273.97946167, 101.974555969, 351.23034668, 10.9890184402, 83.4046859741, -54.5019187927, 127.448959351, -36.1441268921, 65.4887390137], [2443.07055664, -798.041137695, -204.797592163, -120.909301758, -295.231719971, 132.500167847, 10.9890184402, 277.640838623, -8.38898277283, 64.9382095337, -84.9347991943, 76.8857955933, -74.6051559448], [-1382.06152344, 364.463226318, 194.285644531, 71.4734115601, 194.365447998, 24.314874649, 83.4046859741, -8.38898277283, 221.470031738, 22.3659114838, 69.6471481323, -52.3510513306, 54.5419235229], [629.200683594, -373.768737793, -82.8919067383, 159.128204346, -64.1727523804, 15.5237073898, -54.5019187927, 64.9382095337, 22.3659114838, 144.027816772, -35.4531059265, 49.1412010193, -17.5232467651], [-1681.40576172, 691.355651855, 215.840881348, 11.9267253876, 256.478210449, -40.2031974792, 127.448959351, -84.9347991943, 69.6471481323, -35.4531059265, 183.359786987, -32.5304069519, 87.8250579834], [869.262634277, -473.032684326, -109.338310242, -37.9355354309, -146.404342651, 8.46807289124, -36.1441268921, 76.8857955933, -52.3510513306, 49.1412010193, -32.5304069519, 136.46987915, -14.5095653534], [-1159.05236816, 450.775421143, 143.695831299, 123.347358704, 198.000274658, -48.2559623718, 65.4887390137, -74.6051559448, 54.5419235229, -17.5232467651, 87.8250579834, -14.5095653534, 115.276748657]], "icov": [[9.95292793959e-05, -0.000164082171977, 6.75205228617e-05, -0.000101285768324, 0.000410777138313, -0.000297178572509, 0.000463570177089, -0.000783476571087, 0.000347035587765, -1.68038568518e-05, 7.09222440491e-05, -1.40068805194e-05, -0.000156356793013], [-0.000164082171977, 0.00130467582494, -5.94061566517e-06, 0.000447629397968, -0.00135616131593, 0.000827573239803, -0.00172757217661, 0.00261899665929, -0.000649010005873, 0.000304060289636, -0.00116207147948, 0.00156606140081, -0.000435168243712], [6.75205228617e-05, -5.94061566517e-06, 0.00166454724967, -0.000380027951906, -0.000109803891974, -0.00059581635287, -0.000867902534083, 0.000589028175455, -0.000544262409676, 0.000662705104332, -0.000311776180752, -0.000344472413417, 0.000399716460379], [-0.000101285768324, 0.000447629397968, -0.000380027951906, 0.00178562209476, -0.00178836763371, -0.000395657436457, 0.000400221237214, 0.000843939080369, 0.000607306777965, -0.002090300899, 0.00077667174628, 0.00107885617763, -0.00204180413857], [0.000410777138313, -0.00135616131593, -0.000109803891974, -0.00178836763371, 0.00703835953027, 9.52283662627e-05, -0.000408548366977, -0.0012322725961, -0.000302149390336, -1.81934738066e-05, -0.000645292631816, -8.89061338967e-05, -0.000510348530952], [-0.000297178572509, 0.000827573239803, -0.00059581635287, -0.000395657436457, 9.52283662627e-05, 0.00753017188981, -0.00470170658082, 0.00129338935949, -0.00217779842205, 0.000749137368985, 0.000195916596567, 0.00104940391611, 0.00256578950211], [0.000463570177089, -0.00172757217661, -0.000867902534083, 0.000400221237214, -0.000408548366977, -0.00470170658082, 0.01144693885, -0.00873206928372, 0.00308641674928, 0.000579023326281, -0.00093987636501, -0.00119821634144, -0.00215769791976], [-0.000783476571087, 0.00261899665929, 0.000589028175455, 0.000843939080369, -0.0012322725961, 0.00129338935949, -0.00873206928372, 0.0179361458868, -0.00540176033974, -0.00133886467665, -0.00090076419292, -0.000590920681134, 0.00243478198536], [0.000347035587765, -0.000649010005873, -0.000544262409676, 0.000607306777965, -0.000302149390336, -0.00217779842205, 0.00308641674928, -0.00540176033974, 0.00938481278718, -0.00363094243221, -0.000236931358813, 0.00337301916443, -0.00397343095392], [-1.68038568518e-05, 0.000304060289636, 0.000662705104332, -0.002090300899, -1.81934738066e-05, 0.000749137368985, 0.000579023326281, -0.00133886467665, -0.00363094243221, 0.0133355921134, -0.00113238452468, -0.00416290201247, 0.00328586576506], [7.09222440491e-05, -0.00116207147948, -0.000311776180752, 0.00077667174628, -0.000645292631816, 0.000195916596567, -0.00093987636501, -0.00090076419292, -0.000236931358813, -0.00113238452468, 0.01387726143, -0.00185673916712, -0.0049101295881], [-1.40068805194e-05, 0.00156606140081, -0.000344472413417, 0.00107885617763, -8.89061338967e-05, 0.00104940391611, -0.00119821634144, -0.000590920681134, 0.00337301916443, -0.00416290201247, -0.00185673916712, 0.0145339006558, -0.00508423289284], [-0.000156356793013, -0.000435168243712, 0.000399716460379, -0.00204180413857, -0.000510348530952, 0.00256578950211, -0.00215769791976, 0.00243478198536, -0.00397343095392, 0.00328586576506, -0.0049101295881, -0.00508423289284, 0.0207234080881]]}, "melbands": {"dmean": [0.00115122215357, 0.000471259496408, 0.000142883509398, 7.07606450305e-05, 3.82573780371e-05, 5.98126753175e-05, 9.99630210572e-05, 0.000115326038213, 0.000119063697639, 0.000141349766636, 0.000118406482216, 7.83969662734e-05, 7.88216493675e-05, 5.0064703828e-05, 3.06843758153e-05, 2.91847063636e-05, 1.8857734176e-05, 1.06312209027e-05, 7.77672357799e-06, 1.07425639726e-05, 1.16970695672e-05, 6.93137099006e-06, 7.70012320572e-06, 5.72955195821e-06, 8.30677163322e-06, 8.10645360616e-06, 6.56609290672e-06, 7.91004458733e-06, 3.46051342603e-06, 3.82815233024e-06, 4.04892807637e-06, 4.01243505621e-06, 5.50218828721e-06, 7.43372402212e-06, 7.6568512668e-06, 6.55362282487e-06, 4.31098078479e-06, 3.70645739167e-06, 3.07207756123e-06, 2.73150544672e-06], "dmean2": [0.00182038906496, 0.000751923478674, 0.000252197263762, 0.000126788741909, 6.56647171127e-05, 0.000100843673863, 0.000161979318364, 0.000188489866559, 0.000181962110219, 0.000210172423976, 0.000166441168403, 0.000108271378849, 0.000112531713967, 7.65469230828e-05, 4.54475812148e-05, 4.17991104769e-05, 2.88087630906e-05, 1.63457516464e-05, 1.22859109979e-05, 1.63897548191e-05, 1.86506204045e-05, 1.12064581117e-05, 1.23928211906e-05, 9.00386112335e-06, 1.35696318466e-05, 1.26102022477e-05, 1.00393126559e-05, 1.27421035359e-05, 5.34765513294e-06, 5.91351181356e-06, 6.42123541184e-06, 6.13857719145e-06, 8.08381810202e-06, 1.13274008982e-05, 1.04963801277e-05, 9.36685592023e-06, 6.02000909566e-06, 5.18477600053e-06, 4.51656615041e-06, 3.96669565816e-06], "dvar": [2.73396544799e-05, 4.73984846394e-06, 3.13014226094e-07, 6.56620500195e-08, 2.06763832722e-08, 4.07860731855e-08, 9.13771600608e-08, 9.92242377151e-08, 1.63983671086e-07, 2.06331350228e-07, 1.33808370606e-07, 6.49525233598e-08, 2.02394062399e-07, 4.05596765063e-08, 1.39299025648e-08, 6.11480910351e-09, 2.99833402551e-09, 1.10272868614e-09, 5.87976001221e-10, 8.50444548117e-10, 1.65470837032e-09, 4.01214894641e-10, 3.89798665568e-10, 2.00471333978e-10, 1.0724451327e-09, 8.88712936575e-10, 4.04068473125e-10, 4.63190236166e-10, 9.22888987454e-11, 1.80031739516e-10, 1.54351878501e-10, 1.29105615088e-10, 3.12977727068e-10, 8.51663128909e-10, 1.72534919685e-09, 1.12661868723e-09, 4.10711964438e-10, 2.90321322538e-10, 2.19122511802e-10, 9.9762142991e-11], "dvar2": [6.46833868814e-05, 1.04056553027e-05, 6.98346127592e-07, 1.9890055114e-07, 5.76692578136e-08, 1.07836058305e-07, 2.06581916018e-07, 2.37676545112e-07, 3.39993704301e-07, 4.32269928297e-07, 2.23444885705e-07, 8.97803431599e-08, 5.01805573094e-07, 9.75882343823e-08, 2.90471184883e-08, 9.97216087484e-09, 6.43729825001e-09, 2.08937511736e-09, 1.30516286667e-09, 1.75457504081e-09, 3.52183748831e-09, 9.69305191667e-10, 9.53297440986e-10, 4.59194182678e-10, 2.58015098176e-09, 1.94529259367e-09, 7.87501897026e-10, 1.20532717141e-09, 1.71194849963e-10, 3.68895830549e-10, 3.46172590593e-10, 2.8761945603e-10, 5.9571464428e-10, 1.79422288138e-09, 2.84706969111e-09, 1.99218819219e-09, 8.59424253985e-10, 5.47251299832e-10, 4.46308434654e-10, 1.95703828143e-10], "max": [0.0938881784678, 0.0603960826993, 0.0130633506924, 0.00418937439099, 0.00169951643329, 0.00418636808172, 0.00560475885868, 0.0044413888827, 0.00837416294962, 0.00776054663584, 0.00816333014518, 0.00847169104964, 0.0132558913901, 0.00674710189924, 0.00281016598456, 0.00174834940117, 0.000956632196903, 0.000672382244375, 0.00062087335391, 0.000685125822201, 0.00127059873194, 0.000383677979698, 0.000424512167228, 0.000256919563981, 0.000842922367156, 0.000694617687259, 0.000472376763355, 0.000478675501654, 0.00021364040731, 0.000281671615085, 0.000286947150016, 0.000195348533452, 0.000294762052363, 0.000592332857195, 0.00104656058829, 0.000912040180992, 0.000441123294877, 0.000457794638351, 0.000480590824736, 0.000208330602618], "mean": [0.00175772095099, 0.000655253825244, 0.000180537361302, 6.94749614922e-05, 3.69940353266e-05, 6.52606177027e-05, 0.00013022380881, 0.000164395882166, 0.0001768978982, 0.000242662994424, 0.000243448870606, 0.000173037915374, 0.000164864017279, 9.83088248177e-05, 5.6741424487e-05, 5.19686400366e-05, 2.7987298381e-05, 1.51464710143e-05, 1.03872171167e-05, 1.399957182e-05, 1.61032967299e-05, 8.89271177584e-06, 9.40937934502e-06, 7.41752592148e-06, 9.20600177778e-06, 9.76112187345e-06, 8.28070733405e-06, 8.57077429828e-06, 4.93697780257e-06, 6.18983722234e-06, 7.2750099207e-06, 7.42850261304e-06, 1.04026030385e-05, 1.43607139762e-05, 1.47528799062e-05, 1.30909320433e-05, 8.3262402768e-06, 8.3482809714e-06, 6.76388663123e-06, 5.56528129891e-06], "median": [1.03289103208e-05, 3.87988184229e-05, 2.00479917112e-05, 3.17029298458e-06, 4.72987994726e-06, 7.33847809897e-06, 1.51692893269e-05, 1.43006327562e-05, 1.29850741359e-05, 1.3753751773e-05, 9.2563477665e-06, 6.77036769048e-06, 4.62379011879e-06, 3.27931638822e-06, 4.22463062932e-06, 6.60828573018e-06, 5.45128568774e-06, 3.18558613799e-06, 2.44864486376e-06, 2.43749582296e-06, 2.01825696422e-06, 1.76188541445e-06, 1.97031613425e-06, 1.48945196088e-06, 1.27972350583e-06, 1.42722819874e-06, 1.59764908858e-06, 1.67175994648e-06, 8.39244933104e-07, 1.52741677084e-06, 2.40035160459e-06, 2.93035418508e-06, 3.02806051877e-06, 2.82172732113e-06, 1.14782028504e-06, 6.62747879687e-07, 6.48959883165e-07, 5.52897517991e-07, 4.27601861475e-07, 8.97642280506e-07], "min": [1.87617333165e-24, 1.26776761255e-24, 4.88074631834e-24, 4.33052135897e-24, 1.10590538493e-24, 3.89269211809e-24, 3.8093793346e-24, 2.30569665606e-24, 5.36453853986e-24, 6.44640013465e-24, 4.67531826115e-24, 3.23803597715e-24, 4.28135639191e-24, 4.83096998408e-24, 5.37624878557e-24, 4.11166176158e-24, 8.98829140928e-24, 4.18593183251e-24, 7.00543430374e-24, 6.31449983028e-24, 6.15439932628e-24, 6.85974668291e-24, 6.4943707663e-24, 6.40147726711e-24, 7.18449389632e-24, 3.83556991108e-24, 6.16014144481e-24, 8.52704759344e-24, 6.7170346454e-24, 5.99644531279e-24, 7.55706659096e-24, 8.38490826896e-24, 7.147915205e-24, 8.1647435012e-24, 8.34331163342e-24, 6.26687077541e-24, 6.00076353739e-24, 6.83430591871e-24, 5.6880219981e-24, 8.3120782636e-24], "var": [6.82699974277e-05, 8.90155479283e-06, 4.25725744435e-07, 6.40492103798e-08, 1.45406895413e-08, 4.04521358632e-08, 1.98088216052e-07, 1.99948644308e-07, 2.91075366476e-07, 4.75927350863e-07, 5.3547699963e-07, 3.38421614288e-07, 8.01609246537e-07, 1.64503219935e-07, 4.2250338339e-08, 2.33962893503e-08, 5.70553204682e-09, 2.08140171765e-09, 8.5163809338e-10, 1.88847271154e-09, 4.45722347919e-09, 6.53172849141e-10, 5.20727294617e-10, 2.85279189161e-10, 1.15942100365e-09, 1.6873561437e-09, 8.72083072423e-10, 5.93323223885e-10, 2.64148758422e-10, 4.17266970976e-10, 3.88870741164e-10, 3.32818883564e-10, 8.64349425367e-10, 2.31364238878e-09, 4.21511092696e-09, 3.27109206388e-09, 1.28764765517e-09, 1.26467303296e-09, 9.08923991627e-10, 3.67213426333e-10]}, "mfcc": {"mean": [-743.422058105, 65.2985153198, 14.6793737411, 7.05686044693, -3.47541117668, 10.5822944641, 1.1933618784, 6.90769815445, 5.72975587845, 5.64273786545, 9.52273178101, 1.18367803097, 4.80732536316], "cov": [[29319.9316406, -2160.65991211, -2597.04931641, -2957.26000977, -2690.5456543, -1571.54943848, -907.480773926, 265.038696289, -72.1560897827, -38.4799423218, 213.601623535, -178.330749512, -266.362548828], [-2160.65991211, 2427.90356445, 483.349090576, 50.1807670593, 351.491607666, 157.137649536, 353.14074707, -32.8993263245, -41.1810760498, -1.27258348465, -67.5272827148, -17.2101573944, -0.342934638262], [-2597.04931641, 483.349090576, 989.980773926, 310.823547363, 348.487091064, 282.584472656, 231.400192261, 101.945220947, 69.7178649902, 95.5816116333, -12.4570808411, 75.836265564, 27.9841556549], [-2957.26000977, 50.1807670593, 310.823547363, 1294.47741699, 579.3515625, 424.242218018, 89.3589477539, -126.029281616, 68.6161804199, -20.9618263245, 3.35251617432, 28.5302734375, 128.152236938], [-2690.5456543, 351.491607666, 348.487091064, 579.3515625, 533.861938477, 275.691741943, 83.7061386108, -58.5683441162, 26.3314094543, 47.5647850037, -24.5136909485, 28.1648521423, 63.6982154846], [-1571.54943848, 157.137649536, 282.584472656, 424.242218018, 275.691741943, 327.722503662, 107.963546753, 12.677069664, 72.8561248779, 38.3403778076, 36.3180999756, 19.0719642639, 31.4446582794], [-907.480773926, 353.14074707, 231.400192261, 89.3589477539, 83.7061386108, 107.963546753, 287.023925781, 98.6108932495, 22.7048778534, 6.56132078171, 11.0203399658, 18.8483905792, 13.8007087708], [265.038696289, -32.8993263245, 101.945220947, -126.029281616, -58.5683441162, 12.677069664, 98.6108932495, 172.276412964, 66.1166000366, 45.6173744202, 33.0139007568, 23.8359775543, -5.07926654816], [-72.1560897827, -41.1810760498, 69.7178649902, 68.6161804199, 26.3314094543, 72.8561248779, 22.7048778534, 66.1166000366, 122.401519775, 74.1739883423, 47.8395729065, 24.8303775787, 10.278963089], [-38.4799423218, -1.27258348465, 95.5816116333, -20.9618263245, 47.5647850037, 38.3403778076, 6.56132078171, 45.6173744202, 74.1739883423, 154.329772949, 42.3709030151, 35.5765037537, 7.963367939], [213.601623535, -67.5272827148, -12.4570808411, 3.35251617432, -24.5136909485, 36.3180999756, 11.0203399658, 33.0139007568, 47.8395729065, 42.3709030151, 102.952522278, 30.4654502869, 1.06863629818], [-178.330749512, -17.2101573944, 75.836265564, 28.5302734375, 28.1648521423, 19.0719642639, 18.8483905792, 23.8359775543, 24.8303775787, 35.5765037537, 30.4654502869, 66.7863998413, 23.8212738037], [-266.362548828, -0.342934638262, 27.9841556549, 128.152236938, 63.6982154846, 31.4446582794, 13.8007087708, -5.07926654816, 10.278963089, 7.963367939, 1.06863629818, 23.8212738037, 71.0806884766]], "icov": [[7.38664748496e-05, -2.19709236262e-05, 7.40814793971e-05, -3.00821247947e-05, 0.000320936582284, 3.12580268655e-05, 0.000157823858899, -0.000162393509527, 7.39060342312e-05, -0.00013164934353, -6.12461590208e-05, 8.31530196592e-05, -6.47976557957e-05], [-2.19709236262e-05, 0.000681285979226, -0.000181267110747, 0.000437067821622, -0.000711466709618, 0.000109495100332, -0.00106971454807, 0.000986854080111, -0.000384161714464, 0.000208000390558, 2.5955876481e-05, 0.000383580423659, -2.50205994234e-05], [7.40814793971e-05, -0.000181267110747, 0.00207619345747, -3.24161701428e-05, -0.000220224115765, -0.00110614148434, -0.000311266194331, -0.00115686003119, 0.000452668726211, -0.00076437194366, 0.00140532338992, -0.0019875203725, 0.000847366056405], [-3.00821247947e-05, 0.000437067821622, -3.24161701428e-05, 0.00273286667652, -0.00206210534088, -0.00147192704026, -0.000874873891007, 0.0022909748368, -0.00203812983818, 0.00183796591591, -0.000228057237109, 0.000286948285066, -0.00219623604789], [0.000320936582284, -0.000711466709618, -0.000220224115765, -0.00206210534088, 0.00781828165054, -0.0025280949194, 0.00139381596819, -0.000322209059959, 0.00238959374838, -0.00331017910503, 0.00211817747913, -0.000815298117232, -0.000911140639801], [3.12580268655e-05, 0.000109495100332, -0.00110614148434, -0.00147192704026, -0.0025280949194, 0.00926710758358, -0.00132966449019, 4.43360113422e-05, -0.00292042177171, 0.00071626418503, -0.00357312965207, 0.00270970142446, 0.001121868263], [0.000157823858899, -0.00106971454807, -0.000311266194331, -0.000874873891007, 0.00139381596819, -0.00132966449019, 0.00774043472484, -0.00576857943088, 0.00268119783141, 0.000307178619551, -0.000539873319212, -0.000140849631862, -0.000656595511828], [-0.000162393509527, 0.000986854080111, -0.00115686003119, 0.0022909748368, -0.000322209059959, 4.43360113422e-05, -0.00576857943088, 0.0144996372983, -0.00737851811573, 0.0007948326529, -3.88840708183e-05, -0.000702338002156, -0.000639594043605], [7.39060342312e-05, -0.000384161714464, 0.000452668726211, -0.00203812983818, 0.00238959374838, -0.00292042177171, 0.00268119783141, -0.00737851811573, 0.0188155695796, -0.00682449527085, -0.00252904603258, -3.71381356672e-05, -3.17240737786e-05], [-0.00013164934353, 0.000208000390558, -0.00076437194366, 0.00183796591591, -0.00331017910503, 0.00071626418503, 0.000307178619551, 0.0007948326529, -0.00682449527085, 0.0121892774478, -0.00227952399291, -0.00213645165786, -0.000486862758407], [-6.12461590208e-05, 2.5955876481e-05, 0.00140532338992, -0.000228057237109, 0.00211817747913, -0.00357312965207, -0.000539873319212, -3.88840708183e-05, -0.00252904603258, -0.00227952399291, 0.0161432437599, -0.00737887108698, 0.00226433994249], [8.31530196592e-05, 0.000383580423659, -0.0019875203725, 0.000286948285066, -0.000815298117232, 0.00270970142446, -0.000140849631862, -0.000702338002156, -3.71381356672e-05, -0.00213645165786, -0.00737887108698, 0.0245874281973, -0.00779667682946], [-6.47976557957e-05, -2.50205994234e-05, 0.000847366056405, -0.00219623604789, -0.000911140639801, 0.001121868263, -0.000656595511828, -0.000639594043605, -3.17240737786e-05, -0.000486862758407, 0.00226433994249, -0.00779667682946, 0.0204915814102]]}, "spectral_contrast_coeffs": {"dmean": [0.0552055463195, 0.0446884967387, 0.0370274223387, 0.0286066792905, 0.0203139893711, 0.0174850858748], "dmean2": [0.0922204479575, 0.0726408138871, 0.0619926340878, 0.0457667075098, 0.0341476425529, 0.0278666876256], "dvar": [0.00221096933819, 0.00130516069476, 0.000915499636903, 0.000558169500437, 0.000326873618178, 0.000292557902867], "dvar2": [0.00606222171336, 0.00329268211499, 0.00254568457603, 0.00137991039082, 0.000870407850016, 0.00067025545286], "max": [-0.354457199574, -0.430668711662, -0.443591445684, -0.565165638924, -0.646421670914, -0.611742913723], "mean": [-0.711204767227, -0.781122684479, -0.799685418606, -0.812162220478, -0.82110697031, -0.769034147263], "median": [-0.718742311001, -0.794932842255, -0.812503933907, -0.821303963661, -0.821634292603, -0.775519132614], "min": [-0.995555877686, -0.99075293541, -0.99689000845, -0.987966418266, -0.995936572552, -0.96147030592], "var": [0.00851270649582, 0.00704405549914, 0.00692261289805, 0.00311434199102, 0.00162818713579, 0.00458737881854]}, "spectral_contrast_valleys": {"dmean": [0.542970895767, 0.499608069658, 0.402194023132, 0.383433818817, 0.376317054033, 0.256526231766], "dmean2": [0.826835811138, 0.774467289448, 0.609787166119, 0.547428369522, 0.507255136967, 0.323531419039], "dvar": [0.39785566926, 0.472364753485, 0.430336922407, 0.386101454496, 0.412671506405, 0.275123894215], "dvar2": [0.598945319653, 0.6890485