{"lowlevel": {"average_loudness": 0.830980658531, "barkbands_crest": {"dmean": 2.06615114212, "dmean2": 3.18933987617, "dvar": 4.03289461136, "dvar2": 8.43769550323, "max": 26.1137809753, "mean": 9.57914352417, "median": 8.0564365387, "min": 3.06157302856, "var": 23.0768966675}, "barkbands_flatness_db": {"dmean": 0.0153117002919, "dmean2": 0.02377313748, "dvar": 0.000263615336735, "dvar2": 0.000578516919632, "max": 0.436606377363, "mean": 0.159070104361, "median": 0.154113247991, "min": 0.0507021211088, "var": 0.00127877073828}, "barkbands_kurtosis": {"dmean": 1.72732329369, "dmean2": 2.6165792942, "dvar": 15.7580919266, "dvar2": 34.5672492981, "max": 176.803482056, "mean": 2.35419583321, "median": 0.373264789581, "min": -1.7302724123, "var": 48.3224449158}, "barkbands_skewness": {"dmean": 0.391317158937, "dmean2": 0.596382558346, "dvar": 0.207531601191, "dvar2": 0.426505088806, "max": 7.47030544281, "mean": 0.667926371098, "median": 0.559560954571, "min": -11.7111196518, "var": 1.74035954475}, "barkbands_spread": {"dmean": 3.2010512352, "dmean2": 4.90745687485, "dvar": 16.1978530884, "dvar2": 36.0098190308, "max": 59.335735321, "mean": 15.3983602524, "median": 14.464056015, "min": 0.65909153223, "var": 55.3810691833}, "dissonance": {"dmean": 0.0219932086766, "dmean2": 0.0365462116897, "dvar": 0.000437148381025, "dvar2": 0.00118760659825, "max": 0.500000119209, "mean": 0.440509438515, "median": 0.448788672686, "min": 0.248709574342, "var": 0.00143506191671}, "dynamic_complexity": 2.9731836319, "erbbands_crest": {"dmean": 2.90383458138, "dmean2": 4.70674943924, "dvar": 6.92081260681, "dvar2": 17.3759326935, "max": 29.7031059265, "mean": 11.337594986, "median": 10.0896310806, "min": 2.81444740295, "var": 24.0826854706}, "erbbands_flatness_db": {"dmean": 0.0145057886839, "dmean2": 0.0228826738894, "dvar": 0.000209976904443, "dvar2": 0.000483287847601, "max": 0.349399417639, "mean": 0.228822514415, "median": 0.227555125952, "min": 0.0814770832658, "var": 0.00132950663101}, "erbbands_kurtosis": {"dmean": 1.10030305386, "dmean2": 1.73531520367, "dvar": 4.13980960846, "dvar2": 8.57786273956, "max": 36.0457611084, "mean": 0.729337275028, "median": -0.0557978153229, "min": -1.68013989925, "var": 8.56207275391}, "erbbands_skewness": {"dmean": 0.389356762171, "dmean2": 0.605604708195, "dvar": 0.165260776877, "dvar2": 0.358667761087, "max": 5.51653289795, "mean": 0.239498212934, "median": 0.115999847651, "min": -2.42562794685, "var": 0.924493968487}, "erbbands_spread": {"dmean": 4.14414978027, "dmean2": 6.44388103485, "dvar": 19.2499141693, "dvar2": 41.3577003479, "max": 67.1058883667, "mean": 21.530298233, "median": 19.9492321014, "min": 4.36921358109, "var": 82.6444168091}, "hfc": {"dmean": 4.45235443115, "dmean2": 6.83255767822, "dvar": 43.1883087158, "dvar2": 99.7801589966, "max": 119.957481384, "mean": 18.3537368774, "median": 12.6197853088, "min": 1.21900018685e-16, "var": 252.099517822}, "melbands_crest": {"dmean": 2.05915904045, "dmean2": 3.2631919384, "dvar": 3.94764852524, "dvar2": 9.50608921051, "max": 29.9634227753, "mean": 10.1630954742, "median": 8.9706697464, "min": 1.56184697151, "var": 20.1405200958}, "melbands_flatness_db": {"dmean": 0.0163517612964, "dmean2": 0.0249174516648, "dvar": 0.000404374382924, "dvar2": 0.000894467695616, "max": 0.377816259861, "mean": 0.192907258868, "median": 0.194633930922, "min": 0.00530346203595, "var": 0.00320066814311}, "melbands_kurtosis": {"dmean": 2.15024280548, "dmean2": 3.40305733681, "dvar": 24.6548080444, "dvar2": 56.9828720093, "max": 118.029708862, "mean": 3.79453015327, "median": 1.23310613632, "min": -1.63743829727, "var": 64.5947265625}, "melbands_skewness": {"dmean": 0.366973489523, "dmean2": 0.574424684048, "dvar": 0.18638548255, "dvar2": 0.449260354042, "max": 7.74040222168, "mean": 1.14525222778, "median": 1.04959249496, "min": -1.79068100452, "var": 1.29994261265}, "melbands_spread": {"dmean": 5.68400144577, "dmean2": 8.81313800812, "dvar": 41.0672721863, "dvar2": 96.9618911743, "max": 142.363189697, "mean": 27.4853668213, "median": 24.6972084045, "min": 1.67482507229, "var": 285.991516113}, "pitch_salience": {"dmean": 0.0543953217566, "dmean2": 0.0859139412642, "dvar": 0.00240487908013, "dvar2": 0.00559428380802, "max": 0.899217009544, "mean": 0.561150968075, "median": 0.572978615761, "min": 0.119421288371, "var": 0.0122597571462}, "silence_rate_20dB": {"dmean": 0, "dmean2": 0, "dvar": 0, "dvar2": 0, "max": 1, "mean": 1, "median": 1, "min": 1, "var": 0}, "silence_rate_30dB": {"dmean": 0, "dmean2": 0, "dvar": 0, "dvar2": 0, "max": 1, "mean": 1, "median": 1, "min": 1, "var": 0}, "silence_rate_60dB": {"dmean": 0.00833175517619, "dmean2": 0.0166650880128, "dvar": 0.00826163124293, "dvar2": 0.0197935309261, "max": 1, "mean": 0.046388335526, "median": 0, "min": 0, "var": 0.0442358702421}, "spectral_centroid": {"dmean": 194.087646484, "dmean2": 299.912597656, "dvar": 65106.1796875, "dvar2": 135976.921875, "max": 10862.9882812, "mean": 1558.5255127, "median": 1453.71984863, "min": 451.739105225, "var": 463518.3125}, "spectral_complexity": {"dmean": 1.83412230015, "dmean2": 3.00350356102, "dvar": 2.84474682808, "dvar2": 7.1593952179, "max": 39, "mean": 17.1961555481, "median": 17, "min": 0, "var": 30.9528598785}, "spectral_decrease": {"dmean": 8.10928435513e-10, "dmean2": 1.14510290139e-09, "dvar": 1.40293729978e-18, "dvar2": 2.73952127274e-18, "max": 1.62282798419e-13, "mean": -3.84760223682e-09, "median": -3.04459835121e-09, "min": -2.55448444619e-08, "var": 8.5993911548e-18}, "spectral_energy": {"dmean": 0.00339072477072, "dmean2": 0.00479695387185, "dvar": 2.29512806982e-05, "dvar2": 4.51429332315e-05, "max": 0.101212471724, "mean": 0.0161864329129, "median": 0.012828127481, "min": 1.09050039352e-20, "var": 0.000144648074638}, "spectral_energyband_high": {"dmean": 0.000236068866798, "dmean2": 0.000345079606632, "dvar": 4.85915279569e-07, "dvar2": 1.09515497115e-06, "max": 0.010997435078, "mean": 0.000471228151582, "median": 0.00010033059516, "min": 7.70022836122e-21, "var": 9.4665585948e-07}, "spectral_energyband_low": {"dmean": 0.000269083917374, "dmean2": 0.000410678912885, "dvar": 1.21077971471e-06, "dvar2": 2.60833917309e-06, "max": 0.034874226898, "mean": 0.000719730858691, "median": 0.000152783613885, "min": 2.31236714555e-23, "var": 3.94822927774e-06}, "spectral_energyband_middle_high": {"dmean": 0.00160247564781, "dmean2": 0.00262552942149, "dvar": 4.42385089627e-06, "dvar2": 1.16790488391e-05, "max": 0.045745510608, "mean": 0.00575563265011, "median": 0.00412924634293, "min": 1.6625615415e-21, "var": 2.29447232414e-05}, "spectral_energyband_middle_low": {"dmean": 0.0024811627809, "dmean2": 0.00346898520365, "dvar": 1.92498246179e-05, "dvar2": 3.80928177037e-05, "max": 0.0920343250036, "mean": 0.00933350156993, "median": 0.0058264778927, "min": 3.3585092921e-22, "var": 9.95518857962e-05}, "spectral_entropy": {"dmean": 0.136232763529, "dmean2": 0.212205946445, "dvar": 0.0293196830899, "dvar2": 0.0687434449792, "max": 9.79247379303, "mean": 6.92399024963, "median": 6.91984796524, "min": 5.9244389534, "var": 0.102088421583}, "spectral_flux": {"dmean": 0.0126038249582, "dmean2": 0.0198353752494, "dvar": 0.000268285832135, "dvar2": 0.000562880013604, "max": 0.217467442155, "mean": 0.0477472357452, "median": 0.0423015505075, "min": 1.04427029524e-10, "var": 0.000625576300081}, "spectral_kurtosis": {"dmean": 3.52956175804, "dmean2": 6.16691017151, "dvar": 11.2649211884, "dvar2": 33.5509605408, "max": 41.1829910278, "mean": 9.97913169861, "median": 8.80297374725, "min": -1.21475565434, "var": 30.1065330505}, "spectral_rms": {"dmean": 0.000386972416891, "dmean2": 0.000545322487596, "dvar": 1.79015316348e-07, "dvar2": 3.37652380722e-07, "max": 0.00993699487299, "mean": 0.00370357441716, "median": 0.00353768933564, "min": 3.2617524133e-12, "var": 2.07514472095e-06}, "spectral_rolloff": {"dmean": 354.68157959, "dmean2": 623.022521973, "dvar": 356240.25, "dvar2": 772450.5, "max": 19982.8125, "mean": 2003.04626465, "median": 1851.85546875, "min": 430.6640625, "var": 2845522.5}, "spectral_skewness": {"dmean": 0.324665278196, "dmean2": 0.558442294598, "dvar": 0.0828445851803, "dvar2": 0.245078027248, "max": 4.52815580368, "mean": 1.97060477734, "median": 1.91395378113, "min": 0.00248994445428, "var": 0.392584443092}, "spectral_spread": {"dmean": 333152.71875, "dmean2": 543147.75, "dvar": 377592086528, "dvar2": 829578870784, "max": 41058092, "mean": 2715058.25, "median": 2547166, "min": 1403909.25, "var": 1100003803140.0}, "spectral_strongpeak": {"dmean": 0.89282733202, "dmean2": 1.5286771059, "dvar": 2.14089584351, "dvar2": 5.66789340973, "max": 15.7049264908, "mean": 2.11535453796, "median": 1.54183840752, "min": 0, "var": 3.70942091942}, "zerocrossingrate": {"dmean": 0.00702483346686, "dmean2": 0.00851392187178, "dvar": 0.000112897650979, "dvar2": 0.00012846046593, "max": 0.85546875, "mean": 0.0674533545971, "median": 0.060546875, "min": 0.0126953125, "var": 0.00339551828802}, "barkbands": {"dmean": [8.54533581673e-08, 6.91916720825e-05, 0.000191371698747, 9.74310314632e-05, 0.000337729492458, 0.000283220404526, 0.000666028354317, 0.00143587694038, 0.000724464131054, 0.000209085148526, 0.000317020574585, 0.000298683095025, 0.000239700719249, 0.000365079700714, 0.000245378498221, 0.000918230623938, 6.98795338394e-05, 0.000366770720575, 8.50884316606e-05, 0.000105941944639, 0.000165206802194, 1.45591257024e-05, 2.30628302234e-05, 4.39840050603e-06, 4.02138139179e-05, 3.48916046278e-06, 7.26973667042e-07], "dmean2": [1.51569579998e-07, 0.000111208144517, 0.000288193608867, 0.000158754628501, 0.000553862017114, 0.000440119125415, 0.000819654669613, 0.00203110277653, 0.00103806040715, 0.000301321677398, 0.000475204054965, 0.000469833699754, 0.000393757683923, 0.000603177410085, 0.000406121223932, 0.0016021967167, 0.000112360663479, 0.000619519036263, 0.000130897911731, 0.000168502112501, 0.000247026240686, 2.40192548517e-05, 3.95313982153e-05, 7.01158205629e-06, 5.50307777303e-05, 5.3378003031e-06, 1.26051452298e-06], "dvar": [2.73656914322e-14, 5.36264224138e-08, 7.86882026205e-07, 8.16420850924e-08, 7.94447601038e-07, 1.35662673983e-06, 2.52147037827e-06, 1.54343233589e-05, 1.14501574444e-06, 2.24995787335e-07, 1.85691078514e-07, 1.32087180305e-07, 8.0111632883e-08, 2.43579762582e-07, 2.2243656872e-07, 2.65000539912e-06, 4.21966070974e-08, 6.10737458828e-07, 5.23278096409e-08, 6.35244532532e-08, 3.34323146944e-07, 1.35008093594e-09, 1.24913190902e-08, 1.62987026653e-10, 1.88319315697e-08, 1.83295878475e-10, 3.69371070189e-12], "dvar2": [7.7154421903e-14, 1.24842287619e-07, 1.59779642672e-06, 1.86225932453e-07, 2.1529924652e-06, 3.97170560973e-06, 3.54449070983e-06, 3.05219364236e-05, 2.56440671365e-06, 4.45352043243e-07, 4.34031733221e-07, 3.21105716239e-07, 1.97120655798e-07, 5.98813699071e-07, 5.71743953515e-07, 7.40245332054e-06, 8.24965553647e-08, 1.67440305177e-06, 1.21585102875e-07, 1.50115511133e-07, 7.56426516091e-07, 3.36909589116e-09, 3.45630724041e-08, 3.89842158555e-10, 3.99498851777e-08, 3.98732602491e-10, 1.03686165556e-11], "max": [3.40631254403e-06, 0.0046334862709, 0.0299187339842, 0.00681348610669, 0.0179100073874, 0.0301678739488, 0.0708571597934, 0.0552920810878, 0.0174654554576, 0.00945092923939, 0.00921821780503, 0.00880128052086, 0.00386360194534, 0.00729359313846, 0.0171513520181, 0.0208560768515, 0.0081065222621, 0.0114258276299, 0.00491955503821, 0.00589124346152, 0.00955740362406, 0.00115696317516, 0.00195918022655, 0.000187254408957, 0.00187081284821, 0.000232735401369, 3.19916616718e-05], "mean": [8.23543899742e-08, 0.000154580891831, 0.000481124938233, 0.000235430634348, 0.0010331167141, 0.000613142561633, 0.00203842879273, 0.00396480318159, 0.00140636018477, 0.000531448575202, 0.000542216643225, 0.000482262927108, 0.00045969049097, 0.000632498820778, 0.000391760171624, 0.0015121428296, 0.00014087872114, 0.000756859779358, 0.000172178522917, 0.000198365436518, 0.000309703173116, 3.0134424378e-05, 3.16250298056e-05, 8.29185501061e-06, 5.38961758139e-05, 4.12350982515e-06, 1.29844886487e-06], "median": [3.69115724652e-08, 5.93871736783e-05, 5.65015216125e-05, 7.92936552898e-05, 0.00053433526773, 0.000252336583799, 0.000531018362381, 0.000816352665424, 0.000865776790306, 0.000229260112974, 0.000361971906386, 0.000345449050656, 0.00035213585943, 0.000445352197858, 0.00022312157671, 0.000640206562821, 4.65734483441e-05, 0.00020882843819, 3.42577586707e-05, 3.76658063033e-05, 4.70746854262e-05, 4.64768891106e-06, 4.62599291495e-06, 1.54895110427e-06, 2.00466411115e-06, 6.58905605633e-07, 1.08401025045e-06], "min": [3.05393004137e-24, 6.62096400892e-24, 4.24840961621e-24, 1.43864153077e-23, 2.33060876512e-23, 5.37453837735e-23, 1.16722737301e-22, 4.91948080873e-23, 6.70844095247e-23, 1.16092254422e-22, 1.38652035481e-22, 4.79166893378e-23, 8.6681475148e-23, 1.1191154406e-22, 1.35056546314e-22, 1.1819844993e-22, 1.98342338145e-22, 2.50292362851e-22, 2.70734942214e-22, 4.60057268063e-22, 4.77041986089e-22, 7.14335082425e-22, 4.49391515215e-22, 7.86534863645e-22, 1.08599292562e-21, 1.42752158337e-21, 2.77536261125e-21], "var": [2.21644923959e-14, 1.35240654231e-07, 2.73013233709e-06, 2.42739019995e-07, 2.75611660072e-06, 1.51093809109e-06, 1.89112051885e-05, 5.78386134293e-05, 2.80690687759e-06, 8.33964065805e-07, 3.86692846632e-07, 2.28168261174e-07, 1.69052910337e-07, 4.16473596943e-07, 3.56821374226e-07, 5.15279452884e-06, 1.1449185422e-07, 1.62408093729e-06, 1.6632223776e-07, 2.16021447841e-07, 5.7983828583e-07, 5.39957767387e-09, 1.03579509414e-08, 3.46134232387e-10, 2.83147976177e-08, 2.53440268771e-10, 2.75032449072e-12]}, "erbbands": {"dmean": [0.0003837813274, 0.023434702307, 0.196593791246, 0.227213397622, 0.818711459637, 1.11895275116, 2.00217962265, 2.8408472538, 11.5123176575, 11.6889162064, 26.1315975189, 12.8569431305, 13.5758323669, 15.0801439285, 6.80016136169, 8.24569606781, 9.04080486298, 18.4461078644, 11.1620540619, 9.80633735657, 62.5551109314, 7.05569791794, 17.4111404419, 6.83599281311, 7.6382689476, 3.03783488274, 9.95526123047, 1.60180330276, 0.665386021137, 1.11707520485, 0.268975645304, 0.142613783479, 0.0616006068885, 0.166708409786, 0.419467747211, 0.0495117455721, 0.00744704902172, 0.000726700876839, 7.54156862968e-05, 1.46998754644e-05], "dmean2": [0.00061744247796, 0.0373305901885, 0.301648229361, 0.349914878607, 1.34552109241, 1.87742877007, 3.37362551689, 4.09896707535, 14.4430360794, 17.8883533478, 34.2889060974, 19.5351047516, 18.558889389, 22.6997680664, 10.5071220398, 13.1441087723, 14.970164299, 30.9294490814, 18.3318347931, 16.3833255768, 109.165916443, 11.5873003006, 29.2636108398, 11.5418548584, 12.8086872101, 4.83691120148, 14.9401540756, 2.45886182785, 1.07465159893, 1.90932476521, 0.456087112427, 0.228816628456, 0.0999387055635, 0.254709631205, 0.561620771885, 0.0679559335113, 0.0106577631086, 0.00120180821978, 0.000130318905576, 2.45331320912e-05], "dvar": [1.66351526332e-06, 0.00640212465078, 0.709854960442, 0.632487714291, 4.81120204926, 13.6234426498, 81.0904388428, 52.1728897095, 802.733398438, 965.278747559, 4973.81201172, 729.483703613, 261.710845947, 386.94128418, 69.2626953125, 108.230743408, 124.811294556, 560.756652832, 381.278289795, 311.097076416, 12077.5390625, 275.011230469, 1692.93945312, 176.635498047, 302.585388184, 43.8779640198, 1290.78393555, 13.556265831, 2.76682281494, 33.209400177, 0.641952931881, 0.224224507809, 0.0217186678201, 0.343120843172, 2.34385251999, 0.0257290005684, 0.000758809735999, 7.64557898947e-06, 7.73306965129e-08, 5.17567710911e-10], "dvar2": [3.78405093215e-06, 0.0147900348529, 1.49657213688, 1.36771869659, 11.314031601, 40.5599975586, 243.185974121, 126.870948792, 1146.85693359, 2360.64453125, 8170.85595703, 1887.62219238, 477.265991211, 896.265197754, 176.600067139, 264.423583984, 296.779998779, 1482.74633789, 879.663452148, 826.573547363, 33740.1796875, 582.474121094, 4646.95605469, 471.401367188, 822.161743164, 109.329475403, 2925.76416016, 31.9579944611, 6.74012231827, 92.0988693237, 1.74672758579, 0.534061789513, 0.056291423738, 0.804362177849, 4.94990921021, 0.0523656830192, 0.00155380950309, 2.10507168958e-05, 2.18374722749e-07, 1.35971933712e-09], "max": [0.0267585311085, 1.77100944519, 27.1356506348, 22.4499874115, 51.6532173157, 86.4782409668, 233.505386353, 173.745498657, 1286.55822754, 460.3777771, 1027.57958984, 478.582946777, 221.194213867, 452.243469238, 122.960395813, 324.937072754, 198.689468384, 383.654968262, 382.087646484, 614.391784668, 1414.8347168, 575.362365723, 595.433410645, 223.901519775, 307.610870361, 123.503936768, 525.500915527, 105.394935608, 51.1884880066, 101.177947998, 12.258564949, 7.43650007248, 2.97406601906, 8.68051624298, 21.5202655792, 1.82958650589, 0.474747121334, 0.0516294911504, 0.0040919049643, 0.000424036203185], "mean": [0.000875346537214, 0.0537359565496, 0.472993552685, 0.681657135487, 2.1781771183, 3.37780499458, 4.29629039764, 7.24548625946, 34.0497665405, 31.7235641479, 80.0136947632, 26.4065361023, 30.4958667755, 29.9663352966, 14.0120449066, 15.7767810822, 18.1115093231, 31.7583866119, 20.2158870697, 22.7662677765, 100.557479858, 16.015794754, 36.3270988464, 16.6246356964, 16.7017879486, 7.37839984894, 16.2196865082, 4.34730815887, 1.65243566036, 1.44277191162, 0.494801729918, 0.273140072823, 0.11715875566, 0.202572181821, 0.561564564705, 0.0692729353905, 0.00992205739021, 0.000830942590255, 9.07740686671e-05, 4.92055260111e-05], "median": [0.000358383753337, 0.0188706330955, 0.0802696868777, 0.159141659737, 0.752388060093, 1.67860364914, 1.88039660454, 2.94565415382, 8.48857402802, 10.2950668335, 18.7534103394, 16.1861114502, 21.5990467072, 22.1426296234, 11.5628004074, 12.5491437912, 14.4993753433, 23.4167957306, 12.7513790131, 13.6738033295, 41.9681587219, 6.41684246063, 10.2402219772, 4.57745933533, 3.16795277596, 1.63755726814, 2.28382444382, 0.829128861427, 0.277223467827, 0.167457178235, 0.0943521037698, 0.0547295808792, 0.0231539346278, 0.0240976605564, 0.00947173498571, 0.00358751160093, 0.00138018047437, 0.000281397660729, 3.27026973537e-05, 4.5844772103e-05], "min": [2.98591678126e-22, 9.84167416302e-22, 3.61161595725e-21, 3.46742706737e-20, 6.16394894571e-20, 9.24959435564e-20, 2.34898924642e-19, 4.30652431525e-19, 1.46077242404e-18, 1.3632228076e-18, 1.50798675603e-18, 1.60682305191e-18, 2.16910765529e-18, 5.00989630772e-18, 4.68149154247e-18, 2.67483471486e-18, 4.55259364198e-18, 3.85847082122e-18, 5.88581771069e-18, 7.07254726574e-18, 8.30192459881e-18, 1.20570557461e-17, 1.07893485178e-17, 1.48870110209e-17, 1.70636425042e-17, 1.73509967772e-17, 1.71976854681e-17, 2.80744967552e-17, 2.70809916281e-17, 1.45593201125e-17, 1.32742172759e-17, 1.62301538123e-17, 1.22544086326e-17, 1.05208729879e-17, 8.42211146028e-18, 4.86941332916e-18, 3.21705264037e-18, 1.4683044205e-18, 4.07273412282e-19, 3.60815019973e-20], "var": [3.73350803784e-06, 0.0158952511847, 2.08602929115, 2.91958737373, 19.4093074799, 41.3527984619, 83.673538208, 136.372268677, 5856.97998047, 3048.72705078, 21878.9238281, 1435.42919922, 868.102172852, 842.461425781, 120.452110291, 192.137542725, 246.271636963, 919.403076172, 625.783325195, 689.153808594, 23211.3613281, 793.335510254, 3765.84838867, 788.534301758, 1251.57214355, 198.234207153, 1883.80065918, 94.5471420288, 15.4814167023, 26.0341205597, 1.18552613258, 0.408308386803, 0.0608026869595, 0.415895342827, 3.53059625626, 0.0429668240249, 0.00116317521315, 5.66548078496e-06, 5.25076515601e-08, 8.04730448944e-10]}, "gfcc": {"mean": [-47.8981628418, 97.6636428833, -167.640151978, -0.402793467045, -53.075630188, -10.0790023804, -33.5135421753, 4.49132347107, -21.1775627136, -3.60032367706, -23.5305576324, -10.7306661606, -8.60348415375], "cov": [[8647.61621094, 199.267349243, -274.00189209, 426.65536499, -719.374511719, -130.956954956, -593.73260498, 207.215957642, -303.343933105, 316.166290283, -190.981338501, 78.396812439, -143.989898682], [199.267349243, 1276.18457031, 68.9442138672, -301.026367188, 270.230987549, -109.560249329, 125.412910461, -197.276779175, 66.9669952393, -169.975387573, 31.4651966095, -50.1116676331, 29.111410141], [-274.00189209, 68.9442138672, 746.325256348, -308.142791748, -161.480148315, -107.006011963, -205.620178223, 101.096878052, -117.445159912, 270.148071289, -39.2226600647, 94.1788787842, -64.3072128296], [426.65536499, -301.026367188, -308.142791748, 594.878540039, 67.8853912354, 156.656784058, 83.8990936279, -38.3657264709, -0.786703646183, -131.381347656, 2.12372303009, -47.4953384399, 30.8205356598], [-719.374511719, 270.230987549, -161.480148315, 67.8853912354, 478.382751465, 153.474655151, 273.579589844, -134.443328857, 29.2855548859, -241.665908813, -15.737238884, -62.8295135498, 47.5345039368], [-130.956954956, -109.560249329, -107.006011963, 156.656784058, 153.474655151, 206.084838867, 137.746444702, -14.1315422058, 10.3513689041, -119.74899292, -27.2172317505, -40.5726737976, 11.2700328827], [-593.73260498, 125.412910461, -205.620178223, 83.8990936279, 273.579589844, 137.746444702, 287.476959229, -74.287361145, 52.8596191406, -192.728820801, 1.85700726509, -78.3310394287, 42.5856781006], [207.215957642, -197.276779175, 101.096878052, -38.3657264709, -134.443328857, -14.1315422058, -74.287361145, 145.880828857, -22.9103546143, 114.636802673, -33.0010871887, 11.4875049591, -38.1762542725], [-303.343933105, 66.9669952393, -117.445159912, -0.786703646183, 29.2855548859, 10.3513689041, 52.8596191406, -22.9103546143, 167.140167236, -85.8146209717, 49.5692596436, -24.347826004, -2.67006778717], [316.166290283, -169.975387573, 270.148071289, -131.381347656, -241.665908813, -119.74899292, -192.728820801, 114.636802673, -85.8146209717, 288.734863281, -10.8863620758, 59.6956558228, -31.9329528809], [-190.981338501, 31.4651966095, -39.2226600647, 2.12372303009, -15.737238884, -27.2172317505, 1.85700726509, -33.0010871887, 49.5692596436, -10.8863620758, 93.865020752, 21.9390735626, 11.2643079758], [78.396812439, -50.1116676331, 94.1788787842, -47.4953384399, -62.8295135498, -40.5726737976, -78.3310394287, 11.4875049591, -24.347826004, 59.6956558228, 21.9390735626, 84.6279373169, 9.58228969574], [-143.989898682, 29.111410141, -64.3072128296, 30.8205356598, 47.5345039368, 11.2700328827, 42.5856781006, -38.1762542725, -2.67006778717, -31.9329528809, 11.2643079758, 9.58228969574, 84.2104568481]], "icov": [[0.000289099785732, -0.000510879559442, 0.000575217010919, -0.000331562507199, 0.000432831671787, -0.000524660455994, 0.000507925753482, -0.000295654317597, 0.000425523525337, -0.000357327022357, 0.000639631703962, -0.000668390071951, 0.00053503975505], [-0.000510879559442, 0.00252904836088, -0.00158574513625, 0.00123110914137, -0.00132064719219, 0.00239328038879, -0.000901819439605, 0.00188470585272, -0.000846361974254, 0.00167644780595, -0.0012322635157, 0.00253074197099, -0.00118797610048], [0.000575217010919, -0.00158574513625, 0.0041739968583, 0.000137319730129, 0.000432340922998, -0.00235176738352, 0.00169040006585, -0.000752099556848, 0.00143292709254, -0.00312488130294, 0.00189359264914, -0.00334062660113, 0.00253114546649], [-0.000331562507199, 0.00123110914137, 0.000137319730129, 0.00347327254713, -0.000314876931952, -0.00121349585243, 0.000510128505994, 0.0011087434832, 0.000549134274479, 0.00118930474855, -0.00166786636692, 0.00221869093366, -0.00113501143642], [0.000432831671787, -0.00132064719219, 0.000432340922998, -0.000314876931952, 0.00741298450157, -0.00238642492332, -0.00385748734698, 0.00237734452821, 0.0013566169655, 0.0010787359206, 0.00285389018245, -0.00261791748926, 0.00117371417582], [-0.000524660455994, 0.00239328038879, -0.00235176738352, -0.00121349585243, -0.00238642492332, 0.012916889973, -0.00452466262504, -0.00123973272275, -0.000737769471016, 0.00401090271771, 0.000842988083605, 0.00103310204577, -0.000464508368168], [0.000507925753482, -0.000901819439605, 0.00169040006585, 0.000510128505994, -0.00385748734698, -0.00452466262504, 0.0140546103939, -0.00269435532391, 0.000970173277892, 0.00155031424947, -0.00251114438288, 0.00591604923829, -0.00298019056208], [-0.000295654317597, 0.00188470585272, -0.000752099556848, 0.0011087434832, 0.00237734452821, -0.00123973272275, -0.00269435532391, 0.0162661131471, -0.00271225674078, -0.00445593520999, 0.00476984540001, 0.000104768521851, 0.00299778673798], [0.000425523525337, -0.000846361974254, 0.00143292709254, 0.000549134274479, 0.0013566169655, -0.000737769471016, 0.000970173277892, -0.00271225674078, 0.0107057811692, 0.00334227341227, -0.00505567761138, 0.00158652244136, 0.00162880145945], [-0.000357327022357, 0.00167644780595, -0.00312488130294, 0.00118930474855, 0.0010787359206, 0.00401090271771, 0.00155031424947, -0.00445593520999, 0.00334227341227, 0.0137107558548, -0.00337553885765, 0.00268183252774, -0.00251038791612], [0.000639631703962, -0.0012322635157, 0.00189359264914, -0.00166786636692, 0.00285389018245, 0.000842988083605, -0.00251114438288, 0.00476984540001, -0.00505567761138, -0.00337553885765, 0.019824616611, -0.00928183831275, 0.00224871421233], [-0.000668390071951, 0.00253074197099, -0.00334062660113, 0.00221869093366, -0.00261791748926, 0.00103310204577, 0.00591604923829, 0.000104768521851, 0.00158652244136, 0.00268183252774, -0.00928183831275, 0.0247294381261, -0.00749075273052], [0.00053503975505, -0.00118797610048, 0.00253114546649, -0.00113501143642, 0.00117371417582, -0.000464508368168, -0.00298019056208, 0.00299778673798, 0.00162880145945, -0.00251038791612, 0.00224871421233, -0.00749075273052, 0.0174658913165]]}, "melbands": {"dmean": [1.04063983599e-05, 7.76807719376e-05, 5.49671967747e-05, 6.68504508212e-05, 6.79777003825e-05, 7.91634811321e-05, 0.00015019949933, 0.000203984949621, 0.00017389729328, 0.000100122037111, 6.95735070622e-05, 5.91744719713e-05, 2.40827957896e-05, 4.08278719988e-05, 2.24553477892e-05, 2.91406267934e-05, 3.20274666592e-05, 1.88049543794e-05, 2.47728385148e-05, 2.06520144275e-05, 7.912642468e-05, 4.08650112149e-06, 6.5316112341e-06, 2.59499047388e-05, 3.09250094688e-06, 3.4627430523e-06, 7.0397759373e-06, 7.92059779542e-07, 9.01184921531e-06, 9.56683607001e-07, 1.04961827674e-06, 3.51409795485e-07, 4.08070718549e-07, 7.77273839958e-07, 1.13022807113e-07, 1.10976571932e-07, 8.91673508363e-08, 3.96844157535e-08, 5.09010789074e-08, 1.48350821405e-07], "dmean2": [1.67558409885e-05, 0.000119653697766, 8.51264339872e-05, 0.000111462977657, 0.000114626782306, 0.000113390917249, 0.000186955410754, 0.000305242749164, 0.000228317367146, 0.00014860626834, 9.45867941482e-05, 8.88305221451e-05, 3.63894541806e-05, 6.46850603516e-05, 3.78101685783e-05, 4.80830676679e-05, 5.38855747436e-05, 3.11229632644e-05, 4.11161636293e-05, 3.60116900993e-05, 0.000137711453135, 6.46624266665e-06, 1.10554756247e-05, 4.37859816884e-05, 5.00548912896e-06, 5.85422003496e-06, 1.17249592222e-05, 1.2541711385e-06, 1.35343843795e-05, 1.45865737977e-06, 1.67802249962e-06, 5.85612042414e-07, 6.7557238026e-07, 1.33699757043e-06, 1.92928084175e-07, 1.85182642554e-07, 1.43678306586e-07, 6.50423075399e-08, 8.83111326289e-08, 2.32237752584e-07], "dvar": [1.21289234212e-09, 1.03548671859e-07, 2.37079582632e-08, 3.90609322665e-08, 6.69231496886e-08, 4.04630142725e-08, 1.31591860963e-07, 2.98960145528e-07, 2.12861110072e-07, 3.41517534252e-08, 7.18872961158e-09, 6.08728578655e-09, 1.00891284216e-09, 2.28542629266e-09, 9.83883752248e-10, 1.48317402804e-09, 1.79415338142e-09, 1.46237777443e-09, 2.45767384222e-09, 1.27754784529e-09, 2.00004866002e-08, 2.31898653058e-10, 6.69287791855e-10, 2.80336664993e-09, 3.68550016894e-11, 1.19473278493e-10, 2.58310539625e-10, 3.27683908653e-12, 1.06174813386e-09, 7.78619616698e-12, 7.55909397576e-12, 9.67272811327e-13, 1.05009544896e-12, 1.75236162386e-11, 8.16544775588e-14, 7.5603308065e-14, 9.65886780822e-14, 1.02918026748e-14, 2.7893667397e-14, 2.93303765607e-13], "dvar2": [2.80766343508e-09, 2.21009983647e-07, 4.91596345853e-08, 1.04615871521e-07, 1.97775548827e-07, 9.46063707374e-08, 1.86442335348e-07, 6.89416083333e-07, 3.50652101133e-07, 8.46359782258e-08, 1.30939641352e-08, 1.38200757505e-08, 2.47476350523e-09, 5.71671820992e-09, 2.3035748864e-09, 3.46248230088e-09, 4.75205341743e-09, 3.29245342101e-09, 6.36222319272e-09, 3.68400931983e-09, 5.52579457747e-08, 4.25173868335e-10, 1.86014259551e-09, 7.71344144113e-09, 8.84277095992e-11, 3.40356243189e-10, 6.95166868514e-10, 8.27652269636e-12, 2.40292297171e-09, 1.86197619823e-11, 1.88423270042e-11, 2.49895872224e-12, 2.74519014291e-12, 4.84481829655e-11, 2.20418111931e-13, 1.99822187334e-13, 2.3205051704e-13, 2.74348669189e-14, 7.78190310585e-14, 7.20603156139e-13], "max": [0.000708484440111, 0.0101626217365, 0.00372328213416, 0.00453906413168, 0.00619779480621, 0.00558670051396, 0.0165057461709, 0.00742160668597, 0.00670278351754, 0.00324613577686, 0.00123263720889, 0.00170760089532, 0.000608392118011, 0.00057377142366, 0.00121036556084, 0.000532382749952, 0.000668171443976, 0.000635155942291, 0.00181153567974, 0.000432487315265, 0.00181270216126, 0.00064764363924, 0.000449982268037, 0.000887326488737, 0.000125907812617, 0.000168471218785, 0.000351269962266, 4.65337725473e-05, 0.000490508391522, 3.74306073354e-05, 8.37888437673e-05, 3.16811565426e-05, 2.05485685001e-05, 7.39119350328e-05, 6.24453969067e-06, 6.78581864122e-06, 4.92860408485e-06, 2.30796217693e-06, 2.04469210985e-06, 7.79303536547e-06], "mean": [2.31736757996e-05, 0.000190149032278, 0.000163162549143, 0.000204199590371, 0.000152630222146, 0.000198573150556, 0.000451024650829, 0.000533662561793, 0.000532264763024, 0.000184276315849, 0.000153177170432, 0.000119610194815, 4.99824236613e-05, 6.17123951088e-05, 3.74969022232e-05, 5.35111648787e-05, 5.47813760932e-05, 2.95498030027e-05, 3.89236629417e-05, 3.97361400246e-05, 0.000124870013678, 8.18883381726e-06, 1.1599159734e-05, 5.27898409928e-05, 7.56359122533e-06, 7.33284832677e-06, 1.44812765939e-05, 1.7861956394e-06, 1.42712469824e-05, 1.84139059911e-06, 2.77980075225e-06, 7.0907378813e-07, 7.48287845909e-07, 8.97817528767e-07, 2.34895765061e-07, 2.09184563005e-07, 1.55421602699e-07, 7.66777148442e-08, 6.42332551593e-08, 1.70659589571e-07], "median": [9.23143124965e-06, 3.80757519451e-05, 5.08949015057e-05, 8.72194868862e-05, 7.04847843735e-05, 7.2011280281e-05, 0.000117273695651, 0.000124662183225, 0.000128297935589, 0.000103623206087, 0.000105539271317, 8.46410403028e-05, 3.86216124753e-05, 4.42011114501e-05, 2.69419087999e-05, 3.93967711716e-05, 3.99310119974e-05, 1.68065453181e-05, 2.13972034544e-05, 1.90395294339e-05, 5.14564599143e-05, 2.54622477769e-06, 3.74846308659e-06, 1.40924930747e-05, 2.00984163712e-06, 1.46433592363e-06, 2.50616790254e-06, 3.52318238583e-07, 1.84650946267e-06, 3.74427230554e-07, 4.11008727497e-07, 1.07473539401e-07, 1.1628876706e-07, 8.38332994135e-08, 4.04355837702e-08, 4.47926602476e-08, 2.60182826395e-08, 1.34603830304e-08, 1.0850689236e-08, 2.10768043019e-08], "min": [2.34033100246e-24, 1.79788559213e-24, 6.14443916849e-24, 6.10863434972e-24, 6.36932645206e-24, 1.19468345594e-23, 2.17498197019e-23, 1.35466823405e-23, 1.25122600795e-23, 9.03398302177e-24, 1.11151527065e-23, 2.00679840292e-23, 1.85214506235e-23, 5.29906190143e-24, 9.13334557481e-24, 8.27602022049e-24, 7.69689770844e-24, 9.79076332056e-24, 1.17741623735e-23, 5.96409136606e-24, 1.0767204305e-23, 1.29865208891e-23, 8.12125438835e-24, 1.24392636245e-23, 1.17124900168e-23, 9.52690828042e-24, 1.43851783738e-23, 1.10795174928e-23, 1.35761967824e-23, 7.52520213242e-24, 2.04255068355e-23, 1.74559440874e-23, 9.35779306842e-24, 7.25291969123e-24, 7.99392434964e-24, 6.96900707372e-24, 1.17434733177e-23, 9.73381545181e-24, 6.57968449547e-24, 9.53483948797e-24], "var": [2.95085134105e-09, 3.02701153032e-07, 1.08839159907e-07, 1.42914146295e-07, 8.01084354407e-08, 1.19624075978e-07, 9.75525722424e-07, 9.59360249908e-07, 9.3756005981e-07, 7.1424892667e-08, 2.45066100746e-08, 1.46898422315e-08, 2.07943662289e-09, 3.48546813633e-09, 1.95858729235e-09, 2.77546585714e-09, 2.85005774536e-09, 2.13716178088e-09, 3.85054210739e-09, 2.9274105362e-09, 3.71105564057e-08, 5.87021653509e-10, 6.96705082515e-10, 8.42422132052e-09, 1.80558554219e-10, 2.51663773154e-10, 1.0310463594e-09, 1.31916352841e-11, 1.52951418197e-09, 1.58840475495e-11, 4.74017665397e-11, 3.3559760873e-12, 3.01992675658e-12, 1.32192590208e-11, 2.74507359118e-13, 2.01110544776e-13, 1.55532393063e-13, 3.0953548508e-14, 2.57330100154e-14, 3.16739988187e-13]}, "mfcc": {"mean": [-682.315612793, 144.004058838, -54.7335624695, 6.17083644867, -12.9011573792, -6.53090763092, -8.17935466766, -2.97641444206, 3.07082104683, 1.18252968788, -2.69110941887, -4.41503620148, -5.11516523361], "cov": [[4873.37109375, -638.108581543, 51.4600143433, 407.596099854, -119.238433838, -97.2913894653, -198.11605835, -128.672683716, -111.676147461, -1.90545332432, 3.63215279579, 37.812374115, 36.5473251343], [-638.108581543, 1640.69213867, 94.9432907104, -206.501586914, 23.6085338593, -77.27394104, -8.85948848724, -109.76461792, -0.338238149881, -75.3529434204, -10.9746417999, -10.4713821411, 20.9180736542], [51.4600143433, 94.9432907104, 525.410644531, -27.3348007202, -80.6270141602, -210.773574829, -159.956253052, -218.136474609, -79.2820053101, -58.5511016846, 62.4023399353, 59.0310897827, 122.29875946], [407.596099854, -206.501586914, -27.3348007202, 210.759872437, 42.713180542, 77.2360687256, 32.0339889526, 28.3775062561, -10.9124155045, 12.4380960464, -36.9812927246, -5.22131061554, -40.4405937195], [-119.238433838, 23.6085338593, -80.6270141602, 42.713180542, 135.200042725, 122.095695496, 77.4113006592, 85.0734558105, 22.0801372528, 2.59089994431, -23.1660499573, -36.3850135803, -31.9535274506], [-97.2913894653, -77.27394104, -210.773574829, 77.2360687256, 122.095695496, 287.855529785, 184.023376465, 188.021759033, 62.8225250244, 32.1167411804, -58.521396637, -71.8025970459, -81.5416564941], [-198.11605835, -8.85948848724, -159.956253052, 32.0339889526, 77.4113006592, 184.023376465, 220.534744263, 143.643463135, 63.592716217, 24.7090015411, -38.4120407104, -46.3331413269, -92.9088745117], [-128.672683716, -109.76461792, -218.136474609, 28.3775062561, 85.0734558105, 188.021759033, 143.643463135, 247.765365601, 79.949256897, 40.3993492126, -29.0407409668, -56.7690124512, -65.7797317505], [-111.676147461, -0.338238149881, -79.2820053101, -10.9124155045, 22.0801372528, 62.8225250244, 63.592716217, 79.949256897, 99.3951416016, 36.7728118896, -2.06970763206, -20.9312801361, -24.339673996], [-1.90545332432, -75.3529434204, -58.5511016846, 12.4380960464, 2.59089994431, 32.1167411804, 24.7090015411, 40.3993492126, 36.7728118896, 73.8898620605, 14.7044258118, 0.577941298485, -29.0095233917], [3.63215279579, -10.9746417999, 62.4023399353, -36.9812927246, -23.1660499573, -58.521396637, -38.4120407104, -29.0407409668, -2.06970763206, 14.7044258118, 96.9506454468, 24.4863796234, 36.5479507446], [37.812374115, -10.4713821411, 59.0310897827, -5.22131061554, -36.3850135803, -71.8025970459, -46.3331413269, -56.7690124512, -20.9312801361, 0.577941298485, 24.4863796234, 82.0705490112, 23.5204467773], [36.5473251343, 20.9180736542, 122.29875946, -40.4405937195, -31.9535274506, -81.5416564941, -92.9088745117, -65.7797317505, -24.339673996, -29.0095233917, 36.5479507446, 23.5204467773, 146.92880249]], "icov": [[0.000282009947114, 2.47502448474e-05, 0.000112161193101, -0.000659574638121, 0.000344970438164, 1.33557605864e-07, 0.000232015314396, 4.33463537775e-05, 4.72654683108e-05, 0.000105874336441, -0.000173592343344, 0.000144502613693, -5.85741472605e-05], [2.47502448474e-05, 0.000798289198428, -3.8014830352e-05, 0.000794743886217, -0.000597175036091, 9.10992457648e-05, -0.000160788389621, 0.000590914220084, -0.00034853228135, 0.000558600935619, 0.000259567954345, 7.65920194681e-05, 0.000189869722817], [0.000112161193101, -3.8014830352e-05, 0.00362805766053, -0.000957888143603, -2.17126435018e-05, 0.00101107696537, -0.000209563993849, 0.00202405941673, 4.73893260278e-06, 0.00120117026381, -0.00126857520081, 0.000218606568524, -0.00145746010821], [-0.000659574638121, 0.000794743886217, -0.000957888143603, 0.00868141464889, -0.00245082867332, -0.00218740385026, 0.000270509684924, 0.00066493684426, 0.00126318377443, -0.00135542161297, 0.00249994685873, -0.00159501447342, 0.001534614712], [0.000344970438164, -0.000597175036091, -2.17126435018e-05, -0.00245082867332, 0.0135320750996, -0.00483483495191, 0.000454983091913, -0.00148924661335, 0.000476953806356, 0.00210497062653, -0.0015314607881, 0.00121161423158, -9.50092507992e-05], [1.33557605864e-07, 9.10992457648e-05, 0.00101107696537, -0.00218740385026, -0.00483483495191, 0.014150718227, -0.00630859239027, -0.00349475140683, 0.00071539869532, -0.00224656844512, 0.00251727923751, 0.00333575927652, -0.00169380113948], [0.000232015314396, -0.000160788389621, -0.000209563993849, 0.000270509684924, 0.000454983091913, -0.00630859239027, 0.0127812232822, -0.00146370055154, -0.00293151219375, 0.00227882014588, -0.000749910832383, -0.000913721625693, 0.00453579938039], [4.33463537775e-05, 0.000590914220084, 0.00202405941673, 0.00066493684426, -0.00148924661335, -0.00349475140683, -0.00146370055154, 0.0113825723529, -0.00367200677283, -0.000207038770895, -0.000891577452421, 0.00139993999619, -0.000341121776728], [4.72654683108e-05, -0.00034853228135, 4.73893260278e-06, 0.00126318377443, 0.000476953806356, 0.00071539869532, -0.00293151219375, -0.00367200677283, 0.0170738101006, -0.0070734070614, 0.000376609212253, 0.00137411570176, -0.00149714504369], [0.000105874336441, 0.000558600935619, 0.00120117026381, -0.00135542161297, 0.00210497062653, -0.00224656844512, 0.00227882014588, -0.000207038770895, -0.0070734070614, 0.0217505600303, -0.00562189333141, -0.00223106332123, 0.00395878311247], [-0.000173592343344, 0.000259567954345, -0.00126857520081, 0.00249994685873, -0.0015314607881, 0.00251727923751, -0.000749910832383, -0.000891577452421, 0.000376609212253, -0.00562189333141, 0.0150172505528, -0.0019519708585, -0.00252976105548], [0.000144502613693, 7.65920194681e-05, 0.000218606568524, -0.00159501447342, 0.00121161423158, 0.00333575927652, -0.000913721625693, 0.00139993999619, 0.00137411570176, -0.00223106332123, -0.0019519708585, 0.0169987566769, -0.00095258950023], [-5.85741472605e-05, 0.000189869722817, -0.00145746010821, 0.001534614712, -9.50092507992e-05, -0.00169380113948, 0.00453579938039, -0.000341121776728, -0.00149714504369, 0.00395878311247, -0.00252976105548, -0.00095258950023, 0.011499219574]]}, "spectral_contrast_coeffs": {"dmean": [0.0365057364106, 0.0342172570527, 0.0346229448915, 0.0289535857737, 0.022499224171, 0.020986078307], "dmean2": [0.0630293488503, 0.0533044971526, 0.0546045713127, 0.0478995256126, 0.0360959470272, 0.0330412462354], "dvar": [0.0010029663099, 0.000989615218714, 0.000840800523292, 0.000568653573282, 0.000325086555677, 0.000425432343036], "dvar2": [0.00295345089398, 0.00230305758305, 0.00203539920039, 0.00150833209045, 0.00084713549586, 0.000954830728006], "max": [-0.408443897963, -0.361379086971, -0.382352292538, -0.415148943663, -0.426247537136, -0.549115359783], "mean": [-0.609342873096, -0.647424280643, -0.667862594128, -0.672464311123, -0.672701299191, -0.697899222374], "median": [-0.610115289688, -0.647939026356, -0.679046213627, -0.682366847992, -0.679941058159, -0.692874789238], "min": [-0.961533486843, -0.972057640553, -0.961887538433, -0.957370042801, -0.960841953754, -0.957341849804], "var": [0.00312935374677, 0.00713015114889, 0.00747744506225, 0.00693066976964, 0.0039993035607, 0.00280095939524]}, "spectral_contrast_valleys": {"dmean": [0.358750522137, 0.272595316172, 0.264592856169, 0.251658827066, 0.228795155883, 0.39772066474], "dmean2": [0.605760574341, 0.442376196384, 0.423653721809, 0.399502426386, 0.3472404778, 0.578698158264], "dvar": [0.101036243141, 0.0691302642226, 0.0705179348588, 0.0806255191565, 0.0804652422667, 0.318867772818], "dvar2": [0.268318742514, 0.151194438338, 0