{"lowlevel": {"average_loudness": 0.955310404301, "barkbands_crest": {"dmean": 1.39320194721, "dmean2": 2.16870760918, "dvar": 4.70799875259, "dvar2": 11.2229089737, "max": 26.1897525787, "mean": 18.6305103302, "median": 20.3097343445, "min": 4.14560651779, "var": 25.0180091858}, "barkbands_flatness_db": {"dmean": 0.0260900147259, "dmean2": 0.0370249934494, "dvar": 0.00101102900226, "dvar2": 0.0018499980215, "max": 0.724658846855, "mean": 0.393437922001, "median": 0.387831389904, "min": 0.0584489554167, "var": 0.0127522917464}, "barkbands_kurtosis": {"dmean": 7.98052692413, "dmean2": 11.1215486526, "dvar": 405.468566895, "dvar2": 876.952575684, "max": 505.844085693, "mean": 28.9460678101, "median": 18.2173881531, "min": -1.83774530888, "var": 1566.35107422}, "barkbands_skewness": {"dmean": 0.610178053379, "dmean2": 0.847762227058, "dvar": 0.767486810684, "dvar2": 1.6090593338, "max": 20.9118785858, "mean": 4.09167528152, "median": 3.76518201828, "min": -2.13309955597, "var": 5.77058792114}, "barkbands_spread": {"dmean": 1.50336492062, "dmean2": 2.17893481255, "dvar": 8.23729324341, "dvar2": 18.4332313538, "max": 43.5469665527, "mean": 5.48434352875, "median": 3.49684453011, "min": 0.0984537601471, "var": 32.7787246704}, "dissonance": {"dmean": 0.0247472468764, "dmean2": 0.0406739525497, "dvar": 0.000622369698249, "dvar2": 0.0015814594226, "max": 0.499563455582, "mean": 0.418241649866, "median": 0.428209245205, "min": 0.174973964691, "var": 0.002412032336}, "dynamic_complexity": 2.02669239044, "erbbands_crest": {"dmean": 1.64780437946, "dmean2": 2.47906327248, "dvar": 3.77406692505, "dvar2": 9.73319911957, "max": 33.0593719482, "mean": 11.5407218933, "median": 10.5934696198, "min": 2.75287151337, "var": 23.024356842}, "erbbands_flatness_db": {"dmean": 0.0151420105249, "dmean2": 0.0221449304372, "dvar": 0.000391663750634, "dvar2": 0.000797051121481, "max": 0.472612589598, "mean": 0.271313607693, "median": 0.269826710224, "min": 0.0875747427344, "var": 0.0051052570343}, "erbbands_kurtosis": {"dmean": 0.858909487724, "dmean2": 1.21841037273, "dvar": 3.18116402626, "dvar2": 7.20976495743, "max": 38.6289138794, "mean": 0.556664943695, "median": -0.470086097717, "min": -1.96395969391, "var": 10.6633377075}, "erbbands_skewness": {"dmean": 0.312394917011, "dmean2": 0.424562335014, "dvar": 0.170894965529, "dvar2": 0.336778402328, "max": 5.77538108826, "mean": 0.462207436562, "median": 0.451236248016, "min": -4.70801544189, "var": 1.19939672947}, "erbbands_spread": {"dmean": 4.95487785339, "dmean2": 7.02331876755, "dvar": 36.1729354858, "dvar2": 88.5386810303, "max": 90.8296279907, "mean": 35.2820167542, "median": 35.5810279846, "min": 3.0005273819, "var": 180.433532715}, "hfc": {"dmean": 3.09865617752, "dmean2": 4.58467006683, "dvar": 33.6989326477, "dvar2": 80.893409729, "max": 110.740699768, "mean": 20.3512649536, "median": 19.8600082397, "min": 1.08595288371e-16, "var": 124.520256042}, "melbands_crest": {"dmean": 1.19373595715, "dmean2": 1.83813011646, "dvar": 3.5556397438, "dvar2": 8.56544685364, "max": 31.1715164185, "mean": 19.9949970245, "median": 20.9544830322, "min": 1.72042262554, "var": 18.6968765259}, "melbands_flatness_db": {"dmean": 0.0293827895075, "dmean2": 0.0404087789357, "dvar": 0.00142945582047, "dvar2": 0.00251333136111, "max": 0.895738780499, "mean": 0.497739911079, "median": 0.499689638615, "min": 0.00379568850622, "var": 0.0196955334395}, "melbands_kurtosis": {"dmean": 11.3318777084, "dmean2": 15.8768444061, "dvar": 290.479309082, "dvar2": 672.603820801, "max": 259.119262695, "mean": 50.5910644531, "median": 39.6816635132, "min": -1.43354976177, "var": 1790.46899414}, "melbands_skewness": {"dmean": 0.675826847553, "dmean2": 0.950634121895, "dvar": 0.67320227623, "dvar2": 1.54212260246, "max": 12.8901100159, "mean": 5.16377353668, "median": 5.04905748367, "min": -0.375610053539, "var": 5.01810121536}, "melbands_spread": {"dmean": 1.56936192513, "dmean2": 2.32819247246, "dvar": 14.2421894073, "dvar2": 30.904624939, "max": 146.769729614, "mean": 5.67733955383, "median": 2.66041231155, "min": 0.292030543089, "var": 175.590194702}, "pitch_salience": {"dmean": 0.0386349484324, "dmean2": 0.0594137199223, "dvar": 0.00249681877904, "dvar2": 0.00613752380013, "max": 0.924420773983, "mean": 0.316248685122, "median": 0.309137701988, "min": 0.0713924244046, "var": 0.0175591595471}, "silence_rate_20dB": {"dmean": 0.00418497575447, "dmean2": 0.0083717033267, "dvar": 0.00416733464226, "dvar2": 0.0112310983241, "max": 1, "mean": 0.997280359268, "median": 1, "min": 0, "var": 0.00271235778928}, "silence_rate_30dB": {"dmean": 0.0849550142884, "dmean2": 0.169945582747, "dvar": 0.0777332186699, "dvar2": 0.186263501644, "max": 1, "mean": 0.356066942215, "median": 0, "min": 0, "var": 0.229280754924}, "silence_rate_60dB": {"dmean": 0.00041849759873, "dmean2": 0.000627877772786, "dvar": 0.00041832451825, "dvar2": 0.00062748772325, "max": 1, "mean": 0.0271966531873, "median": 0, "min": 0, "var": 0.0264570005238}, "spectral_centroid": {"dmean": 86.0357131958, "dmean2": 125.216896057, "dvar": 43834.875, "dvar2": 75608.421875, "max": 11730.4580078, "mean": 546.893798828, "median": 370.862121582, "min": 86.9774017334, "var": 1044394.75}, "spectral_complexity": {"dmean": 1.48817741871, "dmean2": 2.38760995865, "dvar": 4.95877170563, "dvar2": 10.3339204788, "max": 32, "mean": 10.7361927032, "median": 10, "min": 0, "var": 25.4737052917}, "spectral_decrease": {"dmean": 4.8580011125e-09, "dmean2": 7.07251102128e-09, "dvar": 6.96501295893e-17, "dvar2": 1.54114243386e-16, "max": 5.32987572145e-19, "mean": -3.69990438287e-08, "median": -3.35112773087e-08, "min": -1.12249907147e-07, "var": 4.28193366045e-16}, "spectral_energy": {"dmean": 0.0185191687196, "dmean2": 0.0269965212792, "dvar": 0.00100717414171, "dvar2": 0.00223208684474, "max": 0.426780551672, "mean": 0.14148889482, "median": 0.128208488226, "min": 1.0262442119e-20, "var": 0.00619171559811}, "spectral_energyband_high": {"dmean": 1.95326010726e-05, "dmean2": 2.95146837743e-05, "dvar": 1.23450769607e-08, "dvar2": 3.21427009453e-08, "max": 0.00276055559516, "mean": 3.76048155886e-05, "median": 9.92983950709e-06, "min": 7.12161794612e-21, "var": 1.3672504906e-08}, "spectral_energyband_low": {"dmean": 0.0172562524676, "dmean2": 0.0246532466263, "dvar": 0.00101401575375, "dvar2": 0.00218654097989, "max": 0.422259181738, "mean": 0.119822926819, "median": 0.102189257741, "min": 1.04173444935e-23, "var": 0.00649448437616}, "spectral_energyband_middle_high": {"dmean": 0.00110344716813, "dmean2": 0.00149125186726, "dvar": 6.12232224739e-06, "dvar2": 1.31151582536e-05, "max": 0.0507547594607, "mean": 0.0033846499864, "median": 0.0019480191404, "min": 1.08384247817e-21, "var": 2.33631963056e-05}, "spectral_energyband_middle_low": {"dmean": 0.0042640385218, "dmean2": 0.00667010387406, "dvar": 6.75303526805e-05, "dvar2": 0.000166963291122, "max": 0.166761144996, "mean": 0.0197121351957, "median": 0.0161739271134, "min": 1.6068197969e-22, "var": 0.000258632237092}, "spectral_entropy": {"dmean": 0.193752855062, "dmean2": 0.275211632252, "dvar": 0.0887118801475, "dvar2": 0.180152669549, "max": 9.82622432709, "mean": 5.81751823425, "median": 5.88741493225, "min": 3.58276796341, "var": 0.742975890636}, "spectral_flux": {"dmean": 0.0276649165899, "dmean2": 0.0441420190036, "dvar": 0.00158804713283, "dvar2": 0.00427465233952, "max": 0.42412853241, "mean": 0.0610689409077, "median": 0.0390654243529, "min": 6.42833286602e-11, "var": 0.00354439322837}, "spectral_kurtosis": {"dmean": 17.9390010834, "dmean2": 29.9764842987, "dvar": 634.654052734, "dvar2": 1531.20019531, "max": 368.683197021, "mean": 43.5964546204, "median": 20.8857307434, "min": -1.25338876247, "var": 2586.55541992}, "spectral_rms": {"dmean": 0.000801168673206, "dmean2": 0.0011732284911, "dvar": 1.78587856681e-06, "dvar2": 4.01330134991e-06, "max": 0.020405177027, "mean": 0.0111532220617, "median": 0.0111839817837, "min": 3.1641963355e-12, "var": 1.36435628519e-05}, "spectral_rolloff": {"dmean": 86.0240249634, "dmean2": 144.801208496, "dvar": 118201.140625, "dvar2": 187695.046875, "max": 20047.4121094, "mean": 431.857879639, "median": 150.732421875, "min": 86.1328125, "var": 3279164}, "spectral_skewness": {"dmean": 1.09997093678, "dmean2": 1.85080683231, "dvar": 1.66650283337, "dvar2": 4.01571083069, "max": 15.4223012924, "mean": 4.02559185028, "median": 2.97910356522, "min": -0.056533023715, "var": 6.98849105835}, "spectral_spread": {"dmean": 326313.40625, "dmean2": 543728.4375, "dvar": 621205651456, "dvar2": 1041753309180.0, "max": 42702032, "mean": 2200820.75, "median": 1788816.75, "min": 263684.40625, "var": 13435138998300.0}, "spectral_strongpeak": {"dmean": 0.156691759825, "dmean2": 0.260805308819, "dvar": 0.289974987507, "dvar2": 0.671862721443, "max": 15.7855625153, "mean": 1.16015803814, "median": 1.10577893257, "min": 6.60356352933e-11, "var": 0.514771044254}, "zerocrossingrate": {"dmean": 0.00306700705551, "dmean2": 0.00399618037045, "dvar": 6.36450567981e-05, "dvar2": 7.51103507355e-05, "max": 0.52197265625, "mean": 0.0171026121825, "median": 0.00927734375, "min": 0.0029296875, "var": 0.00235546054319}, "barkbands": {"dmean": [8.72228883964e-06, 0.0150343505666, 0.0036404740531, 0.00117119960487, 0.00325855822302, 0.000552702462301, 0.000439831055701, 8.80404259078e-05, 0.000330419308739, 0.000173473046743, 6.40177822788e-05, 0.000108330772491, 0.000126405691844, 0.000381077814382, 0.000338764570188, 9.2871261586e-05, 0.000123551813886, 4.0196806367e-05, 3.4278826206e-05, 1.32116629175e-05, 8.27100939205e-06, 3.42927774e-06, 1.92833772417e-06, 1.27121336391e-06, 4.89198646392e-06, 4.45470469401e-08, 7.29439042502e-09], "dmean2": [1.48814870045e-05, 0.0211861301214, 0.00570530071855, 0.00189399835654, 0.00514571461827, 0.000787631433923, 0.000643007399049, 0.000117870906251, 0.00037149025593, 0.000185302313184, 9.11151946639e-05, 0.000159041228471, 0.00019005293143, 0.000476236571558, 0.000522643327713, 0.000152419423102, 0.000199950314709, 6.69071159791e-05, 5.18762608408e-05, 2.02980354516e-05, 1.20754248201e-05, 4.73426644021e-06, 3.04203786072e-06, 1.97658664547e-06, 8.82864242158e-06, 7.03683440406e-08, 1.29739703425e-08], "dvar": [3.41550066008e-10, 0.000823659182061, 4.34271460108e-05, 1.29001191453e-05, 4.44241013611e-05, 2.2544645617e-06, 1.06312791104e-06, 9.76168834654e-08, 1.13507337574e-06, 2.78029517631e-07, 5.37447455429e-08, 1.19419837574e-07, 1.48958505974e-07, 1.31422461891e-06, 1.49074026012e-06, 7.77644046934e-08, 2.45183059633e-07, 2.40279813823e-08, 1.15450671245e-08, 3.38843308967e-09, 1.45076028968e-09, 2.47048631552e-10, 9.74305566781e-11, 5.57336052309e-11, 4.03286692929e-09, 9.37886311041e-14, 3.34952985063e-16], "dvar2": [9.58348400637e-10, 0.00169767963234, 0.000120118413179, 3.71222304238e-05, 0.000104403232399, 4.57080477645e-06, 2.31152557717e-06, 1.68275064993e-07, 2.07691141441e-06, 4.29348517628e-07, 1.26146829871e-07, 2.76267826393e-07, 3.31964002953e-07, 1.99395049094e-06, 2.96005555356e-06, 2.03692820833e-07, 6.70792019264e-07, 6.78123726061e-08, 2.72883191599e-08, 7.85568143868e-09, 3.31814620225e-09, 3.64406588238e-10, 2.41913850063e-10, 1.34932870433e-10, 1.13511386957e-08, 2.06096804119e-13, 9.6232196643e-16], "max": [0.0003503014741, 0.393798500299, 0.0809906870127, 0.105373293161, 0.104088179767, 0.0299353152514, 0.0232342667878, 0.0119376126677, 0.0313336104155, 0.019669463858, 0.00671354820952, 0.0110450303182, 0.0102350339293, 0.0416111983359, 0.050598885864, 0.00703790318221, 0.0157473795116, 0.00445157382637, 0.00200507766567, 0.00146757380571, 0.000874978140928, 0.000447294762125, 0.000288485200144, 0.000241473928327, 0.00195411080495, 1.02329458969e-05, 7.15423141173e-07], "mean": [1.73376956809e-05, 0.103835605085, 0.0145154614002, 0.00352879730053, 0.0119465356693, 0.00188461889047, 0.00105646927841, 0.00020464224508, 0.00106506876182, 0.000452342297649, 0.00012516186689, 0.000239564062213, 0.000205663149245, 0.00108447344974, 0.000810344819911, 0.000155137036927, 0.000195026994334, 5.86951864534e-05, 5.66025155422e-05, 1.94614058273e-05, 1.46669772221e-05, 8.14433678897e-06, 3.54523763235e-06, 2.19894491238e-06, 3.26161284647e-06, 8.9889979904e-08, 9.33669408454e-09], "median": [1.22130240925e-05, 0.0896164476871, 0.0100473053753, 0.00162525521591, 0.00755170220509, 0.000436390022514, 0.000281689222902, 3.41640079569e-05, 0.000156116017024, 7.86351884017e-05, 2.75898673863e-05, 6.7308130383e-05, 5.8478792198e-05, 0.000272241479252, 0.000185727549251, 6.09299859207e-05, 4.76100358355e-05, 1.62341602845e-05, 1.57261929417e-05, 4.81441293232e-06, 2.60886008618e-06, 6.56406882626e-07, 1.46861466988e-07, 7.52672306703e-08, 1.54248773754e-08, 1.00293071625e-08, 5.20503462553e-09], "min": [2.60547050536e-24, 7.74805967688e-25, 1.29547073121e-24, 9.49470421726e-25, 9.62971578904e-24, 7.63146011863e-24, 5.59505237383e-24, 1.12486532152e-23, 1.96141649722e-23, 1.94251318112e-23, 1.81064103909e-23, 2.52573319448e-23, 2.4059658075e-23, 5.40547119117e-23, 5.82979757882e-23, 7.42441678985e-23, 5.30196001863e-23, 7.5143160097e-23, 1.35149669766e-22, 1.99402693419e-22, 2.78505537675e-22, 3.40820121824e-22, 4.38089826881e-22, 6.30917724376e-22, 9.07490136314e-22, 1.32925672713e-21, 1.98337392934e-21], "var": [4.24881768657e-10, 0.00596048962325, 0.000170112398337, 2.74660451396e-05, 0.000170193321537, 1.13889400382e-05, 3.90180821341e-06, 3.53200476866e-07, 5.99764962317e-06, 1.599250254e-06, 1.36633872216e-07, 4.33804785871e-07, 2.65688271384e-07, 9.18925798032e-06, 8.37909556139e-06, 8.82333281993e-08, 2.45598158699e-07, 1.9358981973e-08, 1.72583352054e-08, 3.77298414733e-09, 2.26257346192e-09, 1.0104482806e-09, 1.44047537787e-10, 6.72563948978e-11, 2.42443465304e-09, 1.05486379722e-13, 2.57004328106e-16]}, "erbbands": {"dmean": [0.192759349942, 4.06240987778, 5.84815597534, 3.06116747856, 8.71413707733, 11.3310928345, 4.18489408493, 5.21000528336, 7.12004899979, 3.25621795654, 2.26825094223, 5.90360689163, 7.06393384933, 3.74761033058, 3.24417185783, 3.94143891335, 5.49954319, 9.21171855927, 28.3538227081, 8.82450771332, 5.64159107208, 6.35704040527, 2.56582856178, 2.21612167358, 1.14853525162, 0.715575039387, 0.37947845459, 0.236275866628, 0.153106838465, 0.073110923171, 0.0495033040643, 0.0280563849956, 0.032324694097, 0.0644995644689, 0.0263952184469, 0.00136120303068, 8.13176447991e-05, 1.0498994925e-05, 8.74441502674e-06, 2.00979920919e-05], "dmean2": [0.263351261616, 5.74157333374, 8.87644958496, 5.02932977676, 13.9607400894, 17.922460556, 6.94325065613, 7.13640069962, 10.6729974747, 4.15988540649, 2.9006819725, 6.62990617752, 7.73762893677, 4.27425813675, 4.61587142944, 5.89069080353, 8.25901222229, 12.3647184372, 39.3757209778, 13.8565597534, 9.11605644226, 10.2342786789, 4.26354885101, 3.35087299347, 1.79163813591, 1.09802889824, 0.588897943497, 0.315474331379, 0.20275118947, 0.114121191204, 0.0780112147331, 0.0436281971633, 0.0538918972015, 0.114769302309, 0.0486884787679, 0.00241100112908, 0.000137441063998, 1.80355345947e-05, 1.29924092107e-05, 2.93390821753e-05], "dvar": [0.137410521507, 60.2755203247, 114.9659729, 58.5399284363, 350.449676514, 608.920043945, 229.246841431, 218.858047485, 295.462860107, 87.7533798218, 62.6627311707, 292.690765381, 463.723327637, 91.6636581421, 92.4021148682, 120.229766846, 270.193695068, 505.261993408, 6887.64111328, 451.749725342, 348.050689697, 727.887390137, 141.67250061, 41.794002533, 17.2309608459, 11.5380153656, 4.13117599487, 1.07414472103, 0.714269042015, 0.100011721253, 0.0677361041307, 0.0141046093777, 0.0860343053937, 1.11023306847, 0.202443882823, 0.0003028298961, 2.96333439564e-07, 3.00993074909e-09, 2.28329147256e-10, 1.17758569562e-09], "dvar2": [0.259298086166, 125.400718689, 281.929168701, 169.085708618, 886.65625, 1493.62121582, 552.149536133, 403.319824219, 677.915649414, 135.846588135, 103.406547546, 530.19909668, 830.591918945, 142.388977051, 224.611557007, 275.380737305, 612.815795898, 924.326171875, 12462.4257812, 1118.91296387, 897.917114258, 1979.25683594, 400.998138428, 97.0035858154, 44.6902999878, 26.7847919464, 9.94846153259, 1.98095905781, 1.01597106457, 0.253551483154, 0.156418845057, 0.0331775844097, 0.228166148067, 3.11277318001, 0.578556358814, 0.000844354333822, 8.13897258922e-07, 8.3314297683e-09, 5.20874232635e-10, 2.61551980074e-09], "max": [5.25817871094, 105.674804688, 129.104293823, 222.327545166, 301.581268311, 343.29901123, 425.993530273, 352.867828369, 413.511413574, 377.402038574, 328.332794189, 491.24420166, 610.71496582, 306.868408203, 240.661209106, 255.974212646, 483.647766113, 677.500366211, 3127.17919922, 366.15145874, 476.382904053, 885.804199219, 374.267608643, 111.100845337, 92.3137588501, 90.3637313843, 55.1788635254, 32.2407531738, 25.1826648712, 9.51855754852, 5.95537900925, 3.39377236366, 8.05859565735, 37.8150558472, 14.502779007, 0.467313885689, 0.0154270222411, 0.00141838751733, 0.000228820936172, 0.000461146468297], "mean": [1.47655963898, 27.6645889282, 31.6514377594, 11.3806333542, 32.0395507812, 41.0765991211, 12.6606321335, 18.4689216614, 17.8611965179, 9.2571182251, 5.58609962463, 18.470621109, 23.2833156586, 10.587100029, 7.28059768677, 8.84234523773, 9.8058795929, 23.5521087646, 78.6644134521, 19.4850997925, 9.81511306763, 10.1966238022, 3.71303701401, 3.90301346779, 1.85090970993, 1.04643547535, 0.550849556923, 0.542370259762, 0.373640060425, 0.148288339376, 0.0949892699718, 0.0565298162401, 0.0352816320956, 0.0444444566965, 0.0170819256455, 0.0013327106135, 0.000177449313924, 2.1967176508e-05, 6.4878448029e-05, 0.000154063411173], "median": [1.43006443977, 22.9222183228, 26.2358093262, 8.27498626709, 19.7720985413, 24.2309989929, 6.54546260834, 4.61812448502, 5.70877361298, 3.22577381134, 1.57913696766, 3.47754764557, 3.75824213028, 3.56262278557, 2.65239429474, 3.24123716354, 3.80237293243, 9.17992973328, 21.0527305603, 8.13694953918, 4.08737564087, 2.75819301605, 1.12509489059, 1.29118227959, 0.473075687885, 0.231477290392, 0.10212251544, 0.0917505323887, 0.0452944263816, 0.0158221311867, 0.0066355462186, 0.00322779244743, 0.000725776480976, 0.000315925339237, 0.000199694462935, 0.000132266271976, 7.18525407137e-05, 9.83408244792e-06, 5.90145791648e-05, 0.0001398276072], "min": [8.2483851608e-23, 1.92501952791e-22, 1.89923738258e-21, 4.20011740068e-21, 2.7641807288e-20, 3.51648340134e-20, 2.50836413837e-20, 1.04252706839e-19, 8.44312233897e-20, 2.71231850772e-19, 4.49342086327e-19, 3.49268302405e-19, 7.31021073139e-19, 7.20059120565e-19, 9.5019301959e-19, 1.39412648208e-18, 1.54141591632e-18, 2.1668800579e-18, 3.48243782347e-18, 3.84582736556e-18, 5.17490022836e-18, 5.14619251162e-18, 4.72843362864e-18, 5.63100100068e-18, 6.80961591392e-18, 9.50913431865e-18, 9.76666211312e-18, 1.16944123209e-17, 1.25674973216e-17, 1.1712191741e-17, 1.28781615442e-17, 1.1258570029e-17, 1.03381487906e-17, 8.56689950034e-18, 6.50500375822e-18, 4.80341837835e-18, 2.30266547776e-18, 1.01474495382e-18, 2.21473162915e-19, 2.80722126251e-20], "var": [1.10186100006, 432.226470947, 598.743225098, 97.8726425171, 1306.03100586, 2649.58691406, 704.10748291, 1267.06103516, 1022.24578857, 533.633605957, 210.781433105, 1506.54321289, 2552.91967773, 509.047912598, 269.985290527, 405.535766602, 502.003875732, 2574.69067383, 42917.375, 1118.66418457, 406.900756836, 731.61328125, 104.494773865, 65.7621154785, 18.784488678, 12.3360280991, 3.87473845482, 4.24244117737, 2.96589136124, 0.137434616685, 0.11410792917, 0.029262220487, 0.0632784590125, 0.674207746983, 0.116668701172, 0.000188268953934, 2.20641297233e-07, 2.3015025441e-09, 1.23599819268e-09, 7.22975768142e-09]}, "gfcc": {"mean": [-100.955802917, 197.834106445, -94.3341445923, 29.9924907684, 8.52955818176, 8.05401992798, -20.3348255157, -13.3451137543, -0.523722410202, -6.99638223648, -4.12618112564, -13.0662250519, 3.21862459183], "cov": [[17510.5859375, 1349.64892578, -1814.00268555, 1976.43395996, -948.383361816, 125.214126587, 115.684684753, 536.429504395, 10.5752849579, -300.217132568, -262.445220947, -247.840209961, 7.54037380219], [1349.64892578, 2182.39916992, 791.044128418, -340.32144165, 1002.32189941, -84.9503860474, 140.998458862, -322.910400391, 26.6789493561, -75.5449981689, -71.8461303711, -194.667648315, 30.5629806519], [-1814.00268555, 791.044128418, 1558.6373291, -271.424499512, 604.610656738, 283.993682861, 15.0236778259, -212.25920105, 62.5162773132, 27.1152248383, 40.8573608398, -84.3062515259, 37.5410690308], [1976.43395996, -340.32144165, -271.424499512, 620.467834473, -240.148773193, 18.637834549, 65.9697723389, 137.733398438, 19.4077548981, -55.2964859009, -20.3428268433, 5.02887868881, 6.64674472809], [-948.383361816, 1002.32189941, 604.610656738, -240.148773193, 1185.53271484, 118.24357605, -27.979473114, -305.870697021, -28.0878200531, 40.0475082397, 115.245475769, -148.361129761, 27.7669124603], [125.214126587, -84.9503860474, 283.993682861, 18.637834549, 118.24357605, 388.339355469, -45.4644851685, -68.7185516357, 12.6774072647, -8.54008769989, 52.3500289917, -44.8696136475, -6.50280046463], [115.684684753, 140.998458862, 15.0236778259, 65.9697723389, -27.979473114, -45.4644851685, 360.628936768, 114.767669678, 79.6345367432, -36.4965553284, -99.5171356201, -0.338228911161, -4.42275714874], [536.429504395, -322.910400391, -212.25920105, 137.733398438, -305.870697021, -68.7185516357, 114.767669678, 301.608001709, 51.8750801086, 20.8974113464, -27.6224136353, -5.30784225464, -8.16254425049], [10.5752849579, 26.6789493561, 62.5162773132, 19.4077548981, -28.0878200531, 12.6774072647, 79.6345367432, 51.8750801086, 157.945739746, 29.9927444458, -26.6167793274, -20.3988075256, -18.0712490082], [-300.217132568, -75.5449981689, 27.1152248383, -55.2964859009, 40.0475082397, -8.54008769989, -36.4965553284, 20.8974113464, 29.9927444458, 147.201919556, 57.9675216675, -37.3605041504, -11.5216932297], [-262.445220947, -71.8461303711, 40.8573608398, -20.3428268433, 115.245475769, 52.3500289917, -99.5171356201, -27.6224136353, -26.6167793274, 57.9675216675, 157.637481689, 17.3516139984, -5.31501579285], [-247.840209961, -194.667648315, -84.3062515259, 5.02887868881, -148.361129761, -44.8696136475, -0.338228911161, -5.30784225464, -20.3988075256, -37.3605041504, 17.3516139984, 173.066574097, 16.0125274658], [7.54037380219, 30.5629806519, 37.5410690308, 6.64674472809, 27.7669124603, -6.50280046463, -4.42275714874, -8.16254425049, -18.0712490082, -11.5216932297, -5.31501579285, 16.0125274658, 84.3886566162]], "icov": [[0.000882929947693, -0.00283975806087, 0.00156812858768, -0.00292692729272, 0.00141238549259, -0.00278389663436, 0.0015335396165, -0.00192918861285, 0.000796718872152, -0.00165598455351, 0.000760268070735, -0.000976232404355, -0.000125317965285], [-0.00283975806087, 0.0103772487491, -0.00539089925587, 0.00966022070497, -0.00520364288241, 0.00989238359034, -0.00538463704288, 0.00690458994359, -0.002927263733, 0.00645784335211, -0.00235302303918, 0.00426221406087, 0.000290755444439], [0.00156812858768, -0.00539089925587, 0.00388545403257, -0.00495536765084, 0.00234848540276, -0.00584279838949, 0.00269909645431, -0.00341335963458, 0.00105424970388, -0.00332822953351, 0.00144173728768, -0.00205778097734, -0.000684931408614], [-0.00292692729272, 0.00966022070497, -0.00495536765084, 0.0118397697806, -0.00456991326064, 0.00905011408031, -0.00542585505173, 0.00597431324422, -0.00301373307593, 0.00676460703835, -0.00313678290695, 0.00395039841533, -0.000139585317811], [0.00141238549259, -0.00520364288241, 0.00234848540276, -0.00456991326064, 0.00457354541868, -0.00457358499989, 0.00169969000854, -0.0015737588983, 0.00150788098108, -0.00283230701461, -0.000969744229224, -0.000112273482955, -0.000950408575591], [-0.00278389663436, 0.00989238359034, -0.00584279838949, 0.00905011408031, -0.00457358499989, 0.0130121177062, -0.00511022051796, 0.00736556015909, -0.00331919197924, 0.00723777525127, -0.00413756864145, 0.00523721054196, 0.000527668569703], [0.0015335396165, -0.00538463704288, 0.00269909645431, -0.00542585505173, 0.00169969000854, -0.00511022051796, 0.00751095218584, -0.00589498830959, 0.00013236652012, -0.00280553218909, 0.00431711878628, -0.00349024939351, 0.000489643309265], [-0.00192918861285, 0.00690458994359, -0.00341335963458, 0.00597431324422, -0.0015737588983, 0.00736556015909, -0.00589498830959, 0.011288610287, -0.00277564208955, 0.0035269963555, -0.00378131587058, 0.00494068022817, -0.000700480421074], [0.000796718872152, -0.002927263733, 0.00105424970388, -0.00301373307593, 0.00150788098108, -0.00331919197924, 0.00013236652012, -0.00277564208955, 0.00933893211186, -0.00445377826691, 0.00235332339071, -0.00144412333611, 0.00155792501755], [-0.00165598455351, 0.00645784335211, -0.00332822953351, 0.00676460703835, -0.00283230701461, 0.00723777525127, -0.00280553218909, 0.0035269963555, -0.00445377826691, 0.0148226208985, -0.00642218627036, 0.0059465370141, -2.21235441131e-05], [0.000760268070735, -0.00235302303918, 0.00144173728768, -0.00313678290695, -0.000969744229224, -0.00413756864145, 0.00431711878628, -0.00378131587058, 0.00235332339071, -0.00642218627036, 0.0133141493425, -0.00538068683818, 0.00173736026045], [-0.000976232404355, 0.00426221406087, -0.00205778097734, 0.00395039841533, -0.000112273482955, 0.00523721054196, -0.00349024939351, 0.00494068022817, -0.00144412333611, 0.0059465370141, -0.00538068683818, 0.011310538277, -0.0020990553312], [-0.000125317965285, 0.000290755444439, -0.000684931408614, -0.000139585317811, -0.000950408575591, 0.000527668569703, 0.000489643309265, -0.000700480421074, 0.00155792501755, -2.21235441131e-05, 0.00173736026045, -0.0020990553312, 0.0132211204618]]}, "melbands": {"dmean": [0.00314787356183, 0.00404185149819, 0.000592117314227, 0.000846487528179, 0.000185845754459, 0.000112624264148, 0.000102619327663, 2.91232208838e-05, 2.07213088288e-05, 4.3343170546e-05, 3.75368581444e-05, 1.77979472937e-05, 1.10429664346e-05, 1.17682193377e-05, 1.33820267365e-05, 1.08894619189e-05, 1.95513657673e-05, 5.23402995896e-05, 1.90783248399e-05, 7.045493021e-06, 7.09283358447e-06, 7.58189344197e-06, 3.74813907911e-06, 2.23107736019e-06, 1.85166084066e-06, 1.151325705e-06, 5.79591187488e-07, 4.30091631642e-07, 2.6750115012e-07, 1.83427488309e-07, 1.18239640301e-07, 1.00067133246e-07, 5.76666678853e-08, 4.34808562488e-08, 3.17883710466e-08, 2.34625439077e-08, 1.52861385772e-08, 1.92916118635e-08, 5.32743591464e-08, 4.14037231167e-08], "dmean2": [0.00438778381795, 0.0058618504554, 0.000965726969298, 0.00132622243837, 0.000310311443172, 0.000154903318617, 0.000152599241119, 3.63317885785e-05, 2.50928223977e-05, 4.94680243719e-05, 4.11077671743e-05, 1.95950633497e-05, 1.57756803674e-05, 1.7093756469e-05, 2.02647770493e-05, 1.64235261764e-05, 2.54907263297e-05, 7.05136335455e-05, 2.93439788948e-05, 1.18449524962e-05, 1.13504047476e-05, 1.21703697005e-05, 6.26447308605e-06, 3.6949384139e-06, 2.77351819022e-06, 1.78758386937e-06, 8.91165086614e-07, 6.69007988563e-07, 4.28038077871e-07, 2.66888946499e-07, 1.60138100114e-07, 1.28523282683e-07, 8.82482567022e-08, 7.03513549638e-08, 4.97394374577e-08, 3.75357593896e-08, 2.32680541501e-08, 3.12350785237e-08, 9.43850864132e-08, 7.35269978236e-08], "dvar": [3.62536666216e-05, 5.70206248085e-05, 2.17911201617e-06, 3.30183684127e-06, 2.86337126454e-07, 9.43182740798e-08, 5.74821470423e-08, 7.43666106473e-09, 4.04780031715e-09, 1.99440517434e-08, 1.28998118853e-08, 2.33687602602e-09, 1.29177257779e-09, 1.96975791233e-09, 1.26396115796e-09, 1.01330721591e-09, 2.73950129248e-09, 2.1195759814e-08, 3.49104256614e-09, 3.13088888149e-10, 5.74493785876e-10, 1.09697106954e-09, 4.46142400801e-10, 3.91981551384e-11, 3.27738183814e-11, 1.45005969038e-11, 5.65270963718e-12, 3.88860428233e-12, 3.26776257963e-12, 6.38847373439e-13, 2.54998360752e-13, 4.67019435277e-13, 3.82608678626e-14, 7.36717476846e-14, 2.78690136561e-14, 2.0975156494e-14, 3.3927718355e-15, 4.00203280888e-14, 7.93848277045e-13, 5.16910624547e-13], "dvar2": [7.27223668946e-05, 0.000126962186187, 6.22341758572e-06, 7.64406468079e-06, 7.0766253657e-07, 1.77621345188e-07, 1.3116665798e-07, 1.16153318075e-08, 6.40907948934e-09, 3.72935993198e-08, 2.28407799341e-08, 3.55640183969e-09, 3.10807934945e-09, 4.47525572156e-09, 2.86261436777e-09, 2.28474905661e-09, 4.56886306566e-09, 3.58359315555e-08, 7.77673658803e-09, 8.78939809823e-10, 1.44621759013e-09, 2.97706770347e-09, 1.26717647486e-09, 1.05085287694e-10, 7.53557355404e-11, 3.68082127278e-11, 1.37629482463e-11, 9.05425474179e-12, 7.90534998574e-12, 1.48644313004e-12, 4.63379226483e-13, 6.44210216855e-13, 7.42600561121e-14, 1.91087244769e-13, 5.85115316658e-14, 5.22667812622e-14, 7.62485421888e-15, 9.84682170871e-14, 2.2269508286e-12, 1.44867668209e-12], "max": [0.0832851752639, 0.0917771756649, 0.043205421418, 0.0290893334895, 0.0128577630967, 0.00704765599221, 0.0054616513662, 0.00350050604902, 0.00251871580258, 0.00423011789098, 0.00310510140844, 0.00156915117987, 0.000989412656054, 0.0015389410546, 0.0010807546787, 0.000571458425839, 0.00178589264397, 0.00469785509631, 0.00179454346653, 0.000337947451044, 0.000584858469665, 0.0011696589645, 0.000697657407727, 0.000101646503026, 0.000103950813354, 7.81853450462e-05, 5.94076664129e-05, 5.44195609109e-05, 5.11219623149e-05, 2.12584855035e-05, 1.59028822964e-05, 2.09997579077e-05, 7.51729885451e-06, 8.71414522408e-06, 4.46226204076e-06, 5.19931109011e-06, 1.44159105275e-06, 7.3459750638e-06, 3.21891639032e-05, 2.5906780138e-05], "mean": [0.022659720853, 0.0258529856801, 0.0024368497543, 0.00317748053931, 0.000589362403844, 0.000393318448914, 0.000261734647211, 8.27848925837e-05, 4.98983026773e-05, 0.000137285343953, 0.000122053032101, 4.85257878609e-05, 2.25703352044e-05, 2.72975594271e-05, 2.3557959139e-05, 1.80573133548e-05, 5.08954981342e-05, 0.00014714821009, 4.53433713119e-05, 1.14171789392e-05, 1.16577048175e-05, 1.22792534967e-05, 4.64522645416e-06, 3.25812948176e-06, 3.18112870445e-06, 1.85310125289e-06, 8.2477106389e-07, 6.01808494594e-07, 3.34701837801e-07, 3.35209563218e-07, 2.57905782064e-07, 2.3915544034e-07, 1.19934739473e-07, 7.14955561421e-08, 6.05223320349e-08, 3.85227245658e-08, 3.1445267723e-08, 2.3427549678e-08, 3.83005378524e-08, 2.85599934813e-08], "median": [0.0220829173923, 0.0195465944707, 0.001543083461, 0.00181592057925, 0.000335318996804, 9.91776978481e-05, 8.22067522677e-05, 2.68534276984e-05, 1.00237193692e-05, 2.07831508305e-05, 1.72631389432e-05, 1.21505745483e-05, 6.84837186782e-06, 6.59948318571e-06, 7.36602214602e-06, 5.91365278524e-06, 1.67330690601e-05, 3.78743498004e-05, 1.24777270685e-05, 3.72867589249e-06, 3.19111268254e-06, 2.78462971437e-06, 7.15455371392e-07, 7.39740130484e-07, 9.33974774853e-07, 4.1388182126e-07, 1.94681135213e-07, 1.15381176613e-07, 3.80303504244e-08, 6.27152800803e-08, 3.09148724398e-08, 1.4851182506e-08, 7.16534920286e-09, 3.12495096466e-09, 2.10107220511e-09, 1.28576815861e-09, 1.08936548671e-09, 2.70322264573e-10, 1.88173060467e-10, 1.32900773719e-10], "min": [9.41865013739e-25, 5.68964744599e-25, 1.54818005423e-24, 1.20565862133e-24, 8.79032932891e-25, 2.34550218291e-24, 1.26256714564e-24, 3.76821854472e-24, 4.11032819222e-24, 2.47002722946e-24, 3.45820094213e-24, 2.22430001571e-24, 3.20589857274e-24, 2.4161334357e-24, 3.55444000041e-24, 2.06516409137e-24, 2.97988380972e-24, 4.65866777402e-24, 4.50321247745e-24, 3.09567222174e-24, 4.68481496315e-24, 3.83181217216e-24, 3.94110096197e-24, 3.98708721401e-24, 3.96816756849e-24, 4.59186506041e-24, 4.94035777593e-24, 4.32835278034e-24, 5.31020732273e-24, 5.17891720228e-24, 6.01652221726e-24, 6.59901119322e-24, 6.43199080135e-24, 5.64054203793e-24, 6.77741563681e-24, 5.19625715384e-24, 6.37700601297e-24, 6.21254508031e-24, 4.83222466735e-24, 7.18935959038e-24], "var": [0.000264042144408, 0.000360636069672, 5.87622480452e-06, 1.34137881105e-05, 8.79141907717e-07, 5.3925202792e-07, 2.07744776048e-07, 4.55083153383e-08, 1.59891353491e-08, 9.78657865858e-08, 7.18890831308e-08, 1.32969102395e-08, 3.30230531809e-09, 7.59182938737e-09, 2.41758746355e-09, 1.64560398641e-09, 1.70137024469e-08, 1.39734837035e-07, 1.40856970532e-08, 3.81823545004e-10, 7.37179650656e-10, 1.1576162251e-09, 3.33334249092e-10, 4.66655394882e-11, 5.23470988778e-11, 1.87918899192e-11, 6.01798081853e-12, 4.13459891324e-12, 2.84114311938e-12, 1.15794765269e-12, 1.03125537623e-12, 1.97083820618e-12, 1.42155696394e-13, 7.69411999933e-14, 6.32121172897e-14, 3.00549617474e-14, 9.19358549522e-15, 3.56127311614e-14, 4.81333777089e-13, 3.14348048459e-13]}, "mfcc": {"mean": [-747.888305664, 218.159057617, 0.097657173872, 38.643901825, 43.2751197815, 30.7138233185, 8.01528930664, 3.6429028511, 5.30705595016, 11.3334741592, 2.81314873695, -7.24466276169, -4.77252912521], "cov": [[8697.17675781, -159.25831604, -1275.56677246, 1204.29821777, -753.019226074, -611.927734375, -192.553024292, 467.392456055, 266.266204834, 93.5760040283, 9.73966693878, 179.997116089, -1.2695659399], [-159.25831604, 2199.19042969, 444.219329834, -36.5266418457, 575.20526123, 366.891571045, 200.408309937, -84.9833679199, 132.945877075, 95.1121368408, 17.4521961212, -153.159378052, -83.0009918213], [-1275.56677246, 444.219329834, 1058.72558594, -225.898071289, 158.803787231, 308.09979248, 4.68239545822, -64.0210723877, 18.1555461884, 54.8511047363, 22.4582118988, -3.5503487587, -70.5265731812], [1204.29821777, -36.5266418457, -225.898071289, 463.240570068, -54.9918861389, -109.820411682, 2.13285493851, 71.7138900757, 64.1885299683, 8.03527641296, -14.42146492, 57.8394927979, 1.56324744225], [-753.019226074, 575.20526123, 158.803787231, -54.9918861389, 636.901428223, 323.416625977, 136.296783447, -108.561248779, -133.983093262, 51.7747383118, -35.8995132446, -103.250480652, -4.73345327377], [-611.927734375, 366.891571045, 308.09979248, -109.820411682, 323.416625977, 416.957092285, 128.915283203, -54.5163574219, -70.0234603882, 52.9211425781, -15.5511054993, -79.6841506958, -41.2263183594], [-192.553024292, 200.408309937, 4.68239545822, 2.13285493851, 136.296783447, 128.915283203, 206.481674194, 1.86101424694, -7.93079662323, 55.1540641785, 0.948122024536, -53.2361183167, -19.2058925629], [467.392456055, -84.9833679199, -64.0210723877, 71.7138900757, -108.561248779, -54.5163574219, 1.86101424694, 200.454498291, 70.8160629272, -23.0300769806, 8.92601203918, 9.49244880676, -7.84307479858], [266.266204834, 132.945877075, 18.1555461884, 64.1885299683, -133.983093262, -70.0234603882, -7.93079662323, 70.8160629272, 210.182403564, 54.6141204834, 37.8123321533, 3.87063121796, -46.2499542236], [93.5760040283, 95.1121368408, 54.8511047363, 8.03527641296, 51.7747383118, 52.9211425781, 55.1540641785, -23.0300769806, 54.6141204834, 233.035522461, 86.5289840698, -23.0804767609, -59.3836174011], [9.73966693878, 17.4521961212, 22.4582118988, -14.42146492, -35.8995132446, -15.5511054993, 0.948122024536, 8.92601203918, 37.8123321533, 86.5289840698, 165.86378479, 27.7603874207, -56.012096405], [179.997116089, -153.159378052, -3.5503487587, 57.8394927979, -103.250480652, -79.6841506958, -53.2361183167, 9.49244880676, 3.87063121796, -23.0804767609, 27.7603874207, 154.700622559, 28.7554016113], [-1.2695659399, -83.0009918213, -70.5265731812, 1.56324744225, -4.73345327377, -41.2263183594, -19.2058925629, -7.84307479858, -46.2499542236, -59.3836174011, -56.012096405, 28.7554016113, 176.668807983]], "icov": [[0.000281402637484, -0.000188583740965, 0.000260739121586, -0.000573288474698, 0.000426429032814, -0.000150415115058, 0.000383025762858, -0.000452644046163, 0.00039297627518, -0.000421769305831, 0.000169306367752, -3.79203629564e-05, 4.14112109866e-05], [-0.000188583740965, 0.000964135746472, -0.000384635524824, 0.000307855778374, -0.00111010298133, 6.73145186738e-05, -0.0005868326989, 0.000644353451207, -0.00149360334035, 0.000700064236298, -0.000385437277146, 0.000329156493535, -8.53620804264e-05], [0.000260739121586, -0.000384635524824, 0.0017917258665, 6.54109317111e-05, 0.000602494576015, -0.00147135986481, 0.00106164719909, -0.000318371778121, -4.22213197453e-05, -0.000572519027628, 0.000365328131011, -0.00085551320808, 0.000361503334716], [-0.000573288474698, 0.000307855778374, 6.54109317111e-05, 0.00411400711164, -0.00130216102116, 0.000728930870537, -0.000988934072666, 0.000152820983203, -0.00151778606232, 0.000373396265786, 0.000651207985356, -0.00149501301348, 0.000342677667504], [0.000426429032814, -0.00111010298133, 0.000602494576015, -0.00130216102116, 0.00469722552225, -0.00213271123357, 0.000358579505701, -0.000150204694364, 0.00305358716287, -0.00137391139288, 0.000544452399481, 0.000735557870939, -0.000215469030081], [-0.000150415115058, 6.73145186738e-05, -0.00147135986481, 0.000728930870537, -0.00213271123357, 0.00609791930765, -0.00228726654314, -0.000140221891343, 0.000793598592281, -0.000121438031783, 0.000426524929935, 0.000620693492237, 0.000748815771658], [0.000383025762858, -0.0005868326989, 0.00106164719909, -0.000988934072666, 0.000358579505701, -0.00228726654314, 0.00770285259932, -0.00149374257307, 0.000759743736126, -0.00191353948321, 0.000383016245905, 0.00080665765563, -4.76131608593e-05], [-0.000452644046163, 0.000644353451207, -0.000318371778121, 0.000152820983203, -0.000150204694364, -0.000140221891343, -0.00149374257307, 0.00737817073241, -0.00297611160204, 0.00224772654474, -0.00106554396916, 0.000591345480643, -0.000158221519087], [0.00039297627518, -0.00149360334035, -4.22213197453e-05, -0.00151778606232, 0.00305358716287, 0.000793598592281, 0.000759743736126, -0.00297611160204, 0.00984070822597, -0.0029635655228, 0.00050955574261, 0.000523847178556, 0.00117149739526], [-0.000421769305831, 0.000700064236298, -0.000572519027628, 0.000373396265786, -0.00137391139288, -0.000121438031783, -0.00191353948321, 0.00224772654474, -0.0029635655228, 0.00756025407463, -0.00368584389798, 0.00105436274316, 0.000345828506397], [0.000169306367752, -0.000385437277146, 0.000365328131011, 0.000651207985356, 0.000544452399481, 0.000426524929935, 0.000383016245905, -0.00106554396916, 0.00050955574261, -0.00368584389798, 0.00933913327754, -0.00271162064746, 0.00236542709172], [-3.79203629564e-05, 0.000329156493535, -0.00085551320808, -0.00149501301348, 0.000735557870939, 0.000620693492237, 0.00080665765563, 0.000591345480643, 0.000523847178556, 0.00105436274316, -0.00271162064746, 0.00938920956105, -0.00179182866123], [4.14112109866e-05, -8.53620804264e-05, 0.000361503334716, 0.000342677667504, -0.000215469030081, 0.000748815771658, -4.76131608593e-05, -0.000158221519087, 0.00117149739526, 0.000345828506397, 0.00236542709172, -0.00179182866123, 0.00738307181746]]}, "spectral_contrast_coeffs": {"dmean": [0.0364544205368, 0.0383194573224, 0.0333527885377, 0.0317006148398, 0.0233805142343, 0.0299071427435], "dmean2": [0.0601062364876, 0.0607806444168, 0.0492325760424, 0.0501425638795, 0.0355266146362, 0.0487938709557], "dvar": [0.0013259225525, 0.00136908807326, 0.000954749120865, 0.000985420774668, 0.000669024186209, 0.000903818756342], "dvar2": [0.00354231218807, 0.00334748602472, 0.00222276197746, 0.00234039197676, 0.00138037570287, 0.00206077867188], "max": [-0.325652182102, -0.426306843758, -0.437911897898, -0.414258658886, -0.543030619621, -0.551021873951], "mean": [-0.557217657566, -0.63660722971, -0.665756642818, -0.664218187332, -0.714122593403, -0.768828332424], "median": [-0.545820355415, -0.633972048759, -0.663571238518, -0.659885823727, -0.705738544464, -0.753465175629], "min": [-0.973969042301, -0.97836369276, -0.977117061615, -0.969594061375, -0.967060267925, -0.965154469013], "var": [0.00749791506678, 0.00757169676945, 0.00624593952671, 0.00590044632554, 0.0047166319564, 0.0054843868129]}, "spectral_contrast_valleys": {"dmean": [0.299211472273, 0.349667787552, 0.335019350052, 0.370570540428, 0.365692019463, 0.46916860342], "dmean2": [0.489961564541, 0.558229923248, 0.517182946205, 0.567160964012, 0.515496611595, 0.780076742172], "dvar": [0.15725299716, 0.208410784602,