{"lowlevel": {"average_loudness": 0.0982790514827, "barkbands_crest": {"dmean": 1.80983066559, "dmean2": 3.03040504456, "dvar": 3.41697216034, "dvar2": 9.99101257324, "max": 25.5619621277, "mean": 12.7195281982, "median": 12.9343976974, "min": 3.35399246216, "var": 12.1134881973}, "barkbands_flatness_db": {"dmean": 0.0217465236783, "dmean2": 0.0339280180633, "dvar": 0.000444755976787, "dvar2": 0.00103377038613, "max": 0.623166263103, "mean": 0.35374417901, "median": 0.36940908432, "min": 0.0396458767354, "var": 0.0148007282987}, "barkbands_kurtosis": {"dmean": 7.11477661133, "dmean2": 11.7129707336, "dvar": 114.515571594, "dvar2": 306.146911621, "max": 353.669494629, "mean": 24.4978065491, "median": 12.5708608627, "min": -1.82168245316, "var": 990.254211426}, "barkbands_skewness": {"dmean": 0.598538756371, "dmean2": 0.970853507519, "dvar": 0.373370498419, "dvar2": 0.979456603527, "max": 14.4786596298, "mean": 2.59795284271, "median": 2.30408096313, "min": -2.18709635735, "var": 3.80467271805}, "barkbands_spread": {"dmean": 1.82514727116, "dmean2": 2.94449925423, "dvar": 14.9145965576, "dvar2": 38.0012741089, "max": 78.51587677, "mean": 6.60596609116, "median": 2.83251190186, "min": 0.248344019055, "var": 86.5863647461}, "dissonance": {"dmean": 0.0316655449569, "dmean2": 0.0538796894252, "dvar": 0.000997123075649, "dvar2": 0.00285459309816, "max": 0.500000059605, "mean": 0.402407556772, "median": 0.41134133935, "min": 0.115795917809, "var": 0.00411631213501}, "dynamic_complexity": 5.23304796219, "erbbands_crest": {"dmean": 2.5537250042, "dmean2": 4.11122894287, "dvar": 6.17029190063, "dvar2": 15.079709053, "max": 31.4413394928, "mean": 14.0687675476, "median": 14.0682735443, "min": 2.70639896393, "var": 27.3756980896}, "erbbands_flatness_db": {"dmean": 0.0167013891041, "dmean2": 0.0249946955591, "dvar": 0.000342984334566, "dvar2": 0.000651869981084, "max": 0.507395386696, "mean": 0.309325456619, "median": 0.315024644136, "min": 0.0574513338506, "var": 0.00773164909333}, "erbbands_kurtosis": {"dmean": 4.1791062355, "dmean2": 6.68536424637, "dvar": 55.7987556458, "dvar2": 140.091201782, "max": 132.298934937, "mean": 11.0286455154, "median": 5.0229101181, "min": -1.92731559277, "var": 283.917480469}, "erbbands_skewness": {"dmean": 0.511064708233, "dmean2": 0.8077480793, "dvar": 0.268556803465, "dvar2": 0.665854334831, "max": 9.16296577454, "mean": 1.97415518761, "median": 1.78591179848, "min": -2.92911696434, "var": 3.4307103157}, "erbbands_spread": {"dmean": 4.77950572968, "dmean2": 7.43613672256, "dvar": 78.6075210571, "dvar2": 162.440505981, "max": 153.325714111, "mean": 22.5266780853, "median": 12.4651517868, "min": 0.998209834099, "var": 528.763916016}, "hfc": {"dmean": 1.14643144608, "dmean2": 1.88396418095, "dvar": 6.28342914581, "dvar2": 16.9482402802, "max": 87.3675613403, "mean": 6.2296090126, "median": 1.73031771183, "min": 1.09146190659e-16, "var": 119.686836243}, "melbands_crest": {"dmean": 2.41058135033, "dmean2": 4.0358748436, "dvar": 5.62889242172, "dvar2": 15.7178888321, "max": 33.8514709473, "mean": 17.2416820526, "median": 17.0817909241, "min": 1.58294975758, "var": 24.4241027832}, "melbands_flatness_db": {"dmean": 0.0228978209198, "dmean2": 0.0357726812363, "dvar": 0.000499734014738, "dvar2": 0.00116179115139, "max": 0.781167805195, "mean": 0.459988325834, "median": 0.472727686167, "min": 0.00383103801869, "var": 0.0219604484737}, "melbands_kurtosis": {"dmean": 10.4545001984, "dmean2": 16.9941139221, "dvar": 224.595718384, "dvar2": 586.349182129, "max": 439.602966309, "mean": 32.9208068848, "median": 22.2144203186, "min": -1.68316721916, "var": 1194.15185547}, "melbands_skewness": {"dmean": 0.656311929226, "dmean2": 1.04603481293, "dvar": 0.505446910858, "dvar2": 1.21552932262, "max": 15.5473194122, "mean": 3.27322125435, "median": 3.1060218811, "min": -1.08951115608, "var": 4.16526699066}, "melbands_spread": {"dmean": 1.76999545097, "dmean2": 2.85226893425, "dvar": 12.764541626, "dvar2": 32.3795776367, "max": 151.974227905, "mean": 6.23918151855, "median": 2.76725625992, "min": 0.285542219877, "var": 101.052635193}, "pitch_salience": {"dmean": 0.0559300929308, "dmean2": 0.0922046303749, "dvar": 0.0026084932033, "dvar2": 0.0071487724781, "max": 0.984446465969, "mean": 0.474893778563, "median": 0.48448958993, "min": 0.101635240018, "var": 0.014150631614}, "silence_rate_20dB": {"dmean": 0, "dmean2": 0, "dvar": 0, "dvar2": 0, "max": 1, "mean": 1, "median": 1, "min": 1, "var": 0}, "silence_rate_30dB": {"dmean": 0.00231322832406, "dmean2": 0.00462665455416, "dvar": 0.002307202667, "dvar2": 0.00588791863993, "max": 1, "mean": 0.997686862946, "median": 1, "min": 0, "var": 0.00230710022151}, "silence_rate_60dB": {"dmean": 0.00865318719298, "dmean2": 0.0173071157187, "dvar": 0.0085796546191, "dvar2": 0.0224949028343, "max": 1, "mean": 0.0843863785267, "median": 0, "min": 0, "var": 0.077261865139}, "spectral_centroid": {"dmean": 77.4130859375, "dmean2": 124.768585205, "dvar": 21298.8925781, "dvar2": 53050.2460938, "max": 11681.2275391, "mean": 510.573059082, "median": 286.251800537, "min": 153.485061646, "var": 421935.6875}, "spectral_complexity": {"dmean": 1.02895820141, "dmean2": 1.78845906258, "dvar": 2.39262938499, "dvar2": 6.43520402908, "max": 49, "mean": 7.79396009445, "median": 4, "min": 0, "var": 102.194145203}, "spectral_decrease": {"dmean": 9.98961580123e-10, "dmean2": 1.64882762999e-09, "dvar": 3.71632396885e-18, "dvar2": 1.02955630511e-17, "max": 3.81966355645e-23, "mean": -3.74690323213e-09, "median": -2.04057082343e-09, "min": -4.2463287997e-08, "var": 2.09981982253e-17}, "spectral_energy": {"dmean": 0.00383426807821, "dmean2": 0.00632833363488, "dvar": 5.45731636521e-05, "dvar2": 0.000151316839037, "max": 0.163862749934, "mean": 0.0147066460922, "median": 0.00785888638347, "min": 9.99927266844e-21, "var": 0.000328286434524}, "spectral_energyband_high": {"dmean": 8.3989893028e-05, "dmean2": 0.000137670984259, "dvar": 8.80235759837e-08, "dvar2": 2.33715127251e-07, "max": 0.0115327620879, "mean": 0.000263055640971, "median": 6.47133674647e-07, "min": 7.27603657217e-21, "var": 6.18281376319e-07}, "spectral_energyband_low": {"dmean": 0.00146183057223, "dmean2": 0.00235565053299, "dvar": 1.2511712157e-05, "dvar2": 3.41532177117e-05, "max": 0.0966664403677, "mean": 0.00396976619959, "median": 0.0023801124189, "min": 1.94348773988e-23, "var": 2.79728465102e-05}, "spectral_energyband_middle_high": {"dmean": 0.000229914308875, "dmean2": 0.000360323174391, "dvar": 3.37496686598e-07, "dvar2": 8.40095992771e-07, "max": 0.0206006262451, "mean": 0.00102223246358, "median": 4.68204052595e-05, "min": 1.16542538751e-21, "var": 4.86797671329e-06}, "spectral_energyband_middle_low": {"dmean": 0.00345908291638, "dmean2": 0.00567083898932, "dvar": 4.46789417765e-05, "dvar2": 0.00012305668497, "max": 0.150061205029, "mean": 0.0106190396473, "median": 0.00580813828856, "min": 1.85314079414e-22, "var": 0.000204588883207}, "spectral_entropy": {"dmean": 0.183506339788, "dmean2": 0.286717116833, "dvar": 0.0377359725535, "dvar2": 0.0861238241196, "max": 9.81922721863, "mean": 5.71790122986, "median": 5.56341457367, "min": 3.63035535812, "var": 1.18269145489}, "spectral_flux": {"dmean": 0.0121186552569, "dmean2": 0.0207017343491, "dvar": 0.000200169000891, "dvar2": 0.000540258188266, "max": 0.293113797903, "mean": 0.0367801226676, "median": 0.0270250961185, "min": 6.49676978881e-11, "var": 0.00111192569602}, "spectral_kurtosis": {"dmean": 14.1341190338, "dmean2": 24.0870895386, "dvar": 404.858795166, "dvar2": 1183.58447266, "max": 501.167205811, "mean": 54.6363945007, "median": 19.3440036774, "min": -1.23950874805, "var": 5497.4296875}, "spectral_rms": {"dmean": 0.000420202035457, "dmean2": 0.000687408086378, "dvar": 2.75984234577e-07, "dvar2": 7.66398500218e-07, "max": 0.0126438168809, "mean": 0.0032832249999, "median": 0.00276897195727, "min": 3.1233615954e-12, "var": 3.56848954652e-06}, "spectral_rolloff": {"dmean": 120.532463074, "dmean2": 212.472198486, "dvar": 160840.34375, "dvar2": 404833.09375, "max": 19595.2148438, "mean": 504.675354004, "median": 258.3984375, "min": 21.533203125, "var": 993335.375}, "spectral_skewness": {"dmean": 0.746790766716, "dmean2": 1.25807368755, "dvar": 0.585487127304, "dvar2": 1.66542196274, "max": 19.3596439362, "mean": 4.58968925476, "median": 3.18159008026, "min": -0.350140422583, "var": 14.8269786835}, "spectral_spread": {"dmean": 342110.625, "dmean2": 526086.8125, "dvar": 409587351552, "dvar2": 685790068736, "max": 42890796, "mean": 2196282.75, "median": 1968678.125, "min": 216432.375, "var": 4452541005820.0}, "spectral_strongpeak": {"dmean": 0.186916008592, "dmean2": 0.329171359539, "dvar": 0.113318987191, "dvar2": 0.305520743132, "max": 15.0269184113, "mean": 0.458962827921, "median": 0.319744229317, "min": 0, "var": 0.216281116009}, "zerocrossingrate": {"dmean": 0.00318869994953, "dmean2": 0.0042705941014, "dvar": 4.39195246145e-05, "dvar2": 6.815870438e-05, "max": 0.52197265625, "mean": 0.0214313734323, "median": 0.0126953125, "min": 0.00146484375, "var": 0.000778196146712}, "barkbands": {"dmean": [0.000269548414508, 0.000418173556682, 0.000543254252989, 0.00190866948105, 0.0019440598553, 0.000434592948295, 8.87883506948e-05, 0.000155237605213, 6.79532240611e-05, 6.11832510913e-05, 5.57337880309e-05, 5.08394768985e-05, 1.85185945156e-05, 3.25145847455e-05, 2.35107982007e-05, 6.91198874847e-05, 7.45341458241e-05, 6.19034763076e-05, 4.51459309261e-05, 2.92983204417e-05, 4.54967375845e-05, 2.14975771087e-05, 1.24163034343e-05, 6.06333651376e-06, 1.85562475963e-06, 2.61366290033e-06, 7.78886487751e-07], "dmean2": [0.000481802911963, 0.000713380752131, 0.000845671806019, 0.00312549527735, 0.00317465118133, 0.000743229757063, 0.00014467650908, 0.000240772802499, 0.000109141517896, 9.55620707828e-05, 8.26468458399e-05, 7.92907740106e-05, 3.03734850604e-05, 5.26453040948e-05, 3.97191834054e-05, 0.000115989940241, 0.000125174599816, 0.000103106583992, 7.51471015974e-05, 4.90460770379e-05, 7.64836731832e-05, 3.6223740608e-05, 2.01906314032e-05, 1.03899201349e-05, 2.936053761e-06, 4.33274180978e-06, 1.26807435663e-06], "dvar": [1.57289048275e-06, 2.65585845227e-06, 1.94882204596e-06, 1.3542616216e-05, 1.99089117814e-05, 1.40817724059e-06, 1.37557350399e-07, 3.20688144484e-07, 9.07055763832e-08, 4.21479278145e-08, 5.15570164339e-08, 3.91410281964e-08, 2.93496116299e-09, 1.29305037788e-08, 5.47793321815e-09, 5.12343767411e-08, 5.53188357344e-08, 4.27025064198e-08, 2.64137511863e-08, 2.18929319118e-08, 2.8840339894e-08, 5.44481126852e-09, 6.21270146439e-09, 1.64640878708e-09, 1.19409024335e-10, 2.82394274631e-10, 2.37416752924e-11], "dvar2": [4.39011182607e-06, 7.23007815395e-06, 4.73739009976e-06, 3.6618384911e-05, 5.37479827472e-05, 4.24306472269e-06, 3.19623069345e-07, 7.51662071252e-07, 2.01405285338e-07, 9.25641217009e-08, 1.00248108481e-07, 8.70037055734e-08, 7.64043761592e-09, 3.1238002407e-08, 1.54980401845e-08, 1.39505658581e-07, 1.5577676038e-07, 1.19088866768e-07, 6.8744398618e-08, 6.07021561905e-08, 8.03996869081e-08, 1.51512278279e-08, 1.55848898231e-08, 4.41032632637e-09, 2.8348759451e-10, 7.25247195632e-10, 5.90000132084e-11], "max": [0.0485519468784, 0.0540920197964, 0.0474905967712, 0.0736881494522, 0.111337564886, 0.0529013127089, 0.0247558951378, 0.0286289155483, 0.0143599556759, 0.00520619889721, 0.00859197881073, 0.0106403138489, 0.00142288405914, 0.00646228343248, 0.00147213193122, 0.0116025516763, 0.00587982358411, 0.00724805425853, 0.0104224169627, 0.00841624382883, 0.00595525791869, 0.00221606274135, 0.00132703920826, 0.000658703735098, 0.000168832164491, 0.000281191751128, 7.96521708253e-05], "mean": [0.000289743329631, 0.00124249176588, 0.00129998987541, 0.00340478355065, 0.00508613232523, 0.00138252205215, 0.000215243926505, 0.000364751322195, 0.000116364921269, 0.000106696985313, 8.77398560988e-05, 9.15749478736e-05, 3.60606100003e-05, 7.1468493843e-05, 4.81818315166e-05, 0.000146633334225, 0.000161301315529, 0.000152846128913, 0.000118743162602, 7.48247184674e-05, 0.000142876320751, 4.56163252238e-05, 1.04269511212e-05, 4.9399513955e-06, 1.86699912774e-06, 2.19737285079e-06, 6.61570823013e-07], "median": [9.46595628193e-06, 0.000426474958658, 0.000328612339217, 0.00178185955156, 0.00246054772288, 0.0004786963691, 2.63221445493e-05, 2.88795836241e-05, 9.41677535593e-06, 7.68613517721e-06, 4.0435511437e-06, 3.24402321894e-06, 2.14542978938e-06, 2.00223098545e-06, 6.60577427425e-07, 3.32835242034e-07, 5.13534359925e-07, 2.01914332365e-07, 1.1138336049e-06, 1.14861416023e-06, 2.22109378001e-07, 1.44048435402e-08, 2.87299055657e-08, 6.34584118586e-09, 1.92365856577e-09, 1.2367639135e-09, 7.70218722135e-10], "min": [3.08642716636e-25, 5.6615592646e-24, 4.91423809832e-25, 1.1299159443e-24, 1.05799815798e-23, 1.11018887992e-23, 8.70250840256e-24, 9.44634112731e-24, 1.30813845684e-23, 1.60323341434e-23, 1.57492482522e-23, 1.95336601391e-23, 2.47120176446e-23, 2.27649558915e-23, 4.3653628208e-23, 5.43313307213e-23, 1.01927789863e-22, 7.9195936153e-23, 9.31234142742e-23, 2.02013318145e-22, 2.56087650605e-22, 3.22812535194e-22, 4.58165718452e-22, 5.32812760771e-22, 8.84224166973e-22, 1.34408468682e-21, 1.9528589215e-21], "var": [1.39952828704e-06, 3.81717563869e-06, 5.96428026256e-06, 2.89044764941e-05, 8.37323386804e-05, 4.51602227258e-06, 7.81472294875e-07, 1.27935618366e-06, 2.25009131327e-07, 9.44823668192e-08, 1.13845956662e-07, 1.03051533529e-07, 7.86918796791e-09, 6.8183389601e-08, 1.60842876795e-08, 1.90546899148e-07, 1.87274608265e-07, 1.71253503822e-07, 1.27727616928e-07, 9.21629066397e-08, 1.95230938971e-07, 1.82417263517e-08, 5.07541342287e-09, 1.1765844965e-09, 1.18330942267e-10, 2.25081633887e-10, 1.99332026579e-11]}, "erbbands": {"dmean": [0.0213853698224, 0.067474424839, 0.39571544528, 3.30386424065, 9.8383808136, 3.83516407013, 2.02684831619, 4.14405345917, 1.01226389408, 4.05619478226, 1.30943214893, 1.90678477287, 1.61922466755, 1.34497272968, 2.66826152802, 2.50829815865, 1.01402640343, 1.70677006245, 1.1081379652, 1.47728967667, 4.27292490005, 3.88743424416, 2.96469783783, 3.33967280388, 1.42504000664, 1.59076094627, 1.45111167431, 2.25823616982, 0.761494576931, 0.243751361966, 0.465583652258, 0.21054713428, 0.0509750507772, 0.0229728408158, 0.0142596010119, 0.0111377527937, 0.00451458757743, 0.00097339018248, 0.000130828237161, 1.17733379739e-05], "dmean2": [0.0363468676805, 0.11551348865, 0.624562740326, 5.34785985947, 15.9535751343, 6.4427947998, 3.50385355949, 7.08306217194, 1.63364589214, 6.51087903976, 2.02145075798, 3.06467032433, 2.49242258072, 2.11375594139, 3.97239613533, 3.88299012184, 1.64862644672, 2.77285194397, 1.85515701771, 2.45920014381, 7.14102506638, 6.54659938812, 4.96018457413, 5.62234401703, 2.39432096481, 2.65072822571, 2.4423520565, 3.78331398964, 1.27288603783, 0.405564278364, 0.758619308472, 0.364266425371, 0.0823752656579, 0.0367410518229, 0.0228451695293, 0.0183106679469, 0.00756211159751, 0.00163901899941, 0.000210048776353, 1.90604350792e-05], "dvar": [0.00832826830447, 0.0523534454405, 0.942909061909, 42.7822265625, 431.567504883, 75.2630081177, 32.0649299622, 129.315795898, 8.10638237, 259.529907227, 17.831319809, 74.8367614746, 22.9754505157, 36.5027732849, 119.013450623, 99.0684890747, 8.51797771454, 35.6471939087, 12.3356103897, 20.063337326, 208.010620117, 152.778396606, 91.6827468872, 163.730300903, 22.660402298, 74.133972168, 38.7838935852, 67.2134628296, 7.18211603165, 1.59034907818, 9.0881319046, 2.03771066666, 0.0996434465051, 0.0189795847982, 0.00727918697521, 0.00488737225533, 0.000867901660968, 4.04044003517e-05, 6.51079915315e-07, 2.55933274573e-09], "dvar2": [0.0223751850426, 0.14871776104, 2.33786201477, 117.660217285, 1160.55517578, 212.564987183, 95.6217956543, 384.168182373, 20.6605243683, 660.117614746, 41.0865821838, 169.744232178, 49.2448425293, 77.5909729004, 236.135528564, 219.025360107, 22.0133037567, 86.9463424683, 34.2170181274, 57.0098419189, 558.18572998, 433.339813232, 255.722290039, 432.056671143, 62.2581558228, 202.242919922, 110.658920288, 187.729873657, 19.9213352203, 4.15866613388, 22.9149208069, 5.49788331985, 0.249078989029, 0.0462346896529, 0.0177655518055, 0.0124408472329, 0.00225698924623, 0.000105386097857, 1.57977808612e-06, 6.22180174048e-09], "max": [2.6379904747, 7.94754457474, 32.3618164062, 175.28302002, 498.478729248, 203.016738892, 278.502380371, 427.183135986, 91.5511245728, 670.910888672, 184.300674438, 415.064758301, 197.734069824, 183.818908691, 289.785003662, 544.939941406, 78.8886032104, 328.00881958, 83.2182235718, 94.4873962402, 784.061340332, 293.088470459, 191.502807617, 952.198059082, 167.9090271, 500.087799072, 339.647674561, 184.983062744, 86.3999710083, 23.5396442413, 50.6666145325, 23.7910900116, 5.67725276947, 2.40322875977, 1.41319465637, 1.13632011414, 0.485516965389, 0.108495682478, 0.0136072346941, 0.000865747104399], "mean": [0.046139780432, 0.251146197319, 1.06140434742, 6.85951709747, 22.7062568665, 10.0578613281, 6.68711185455, 12.7306365967, 3.1349401474, 9.45632743835, 3.3290553093, 3.25555229187, 3.11993002892, 2.3081741333, 4.34055662155, 4.51687908173, 2.26600885391, 3.73269844055, 2.56261277199, 3.61331677437, 9.63220882416, 9.53939628601, 7.66462373734, 8.36248970032, 3.98242330551, 3.93759059906, 4.51751232147, 6.36649656296, 1.85754406452, 0.339782893658, 0.381769090891, 0.165221482515, 0.0476370379329, 0.022762581706, 0.0138046564534, 0.0096965637058, 0.00373081094585, 0.000800910871476, 0.000120518481708, 2.35755396716e-05], "median": [0.0125879393891, 0.101613797247, 0.499055624008, 3.44300818443, 9.88718891144, 5.78155994415, 3.52810454369, 2.72235393524, 0.823605835438, 0.74075961113, 0.327087074518, 0.331120938063, 0.251592069864, 0.142458707094, 0.236598879099, 0.162203133106, 0.150120511651, 0.14279037714, 0.0618362799287, 0.0366249457002, 0.0256006103009, 0.0291892513633, 0.0184894297272, 0.0563072152436, 0.0600355118513, 0.0407501012087, 0.015939226374, 0.00485658971593, 0.000791579775978, 0.00063841289375, 0.000936741707847, 0.000223841736442, 7.4113770097e-05, 3.1791991205e-05, 1.57633603521e-05, 9.06734021555e-06, 5.21061565451e-06, 1.1382816183e-06, 3.98162592319e-06, 8.65707806952e-06], "min": [1.71909956861e-22, 4.04947495712e-22, 1.67827282346e-21, 6.8998026794e-21, 1.57306714235e-20, 4.40429861461e-20, 7.59525704123e-20, 1.0109486084e-19, 2.16111597905e-19, 3.283238825e-19, 2.56068854662e-19, 3.64142302288e-19, 7.52555324519e-19, 4.89018734986e-19, 1.11408955219e-18, 1.16364728685e-18, 1.57176600017e-18, 1.74359912395e-18, 2.22722102243e-18, 3.1988712105e-18, 4.49838518771e-18, 5.73554670394e-18, 4.59291704248e-18, 6.72950553955e-18, 6.96890070781e-18, 9.27317691302e-18, 1.05783463241e-17, 9.74259363883e-18, 1.22274384087e-17, 1.23057972281e-17, 1.1343663753e-17, 1.21133718566e-17, 1.05275665335e-17, 8.52870857145e-18, 6.78480959453e-18, 3.97884752063e-18, 2.59287952093e-18, 9.21624682774e-19, 2.47444798842e-19, 2.83652413571e-20], "var": [0.0101900091395, 0.106717675924, 2.86556315422, 105.996757507, 1746.59399414, 207.046524048, 83.9079971313, 413.14276123, 37.8132133484, 1020.15722656, 78.3001785278, 174.345535278, 68.7162857056, 68.6203460693, 245.188491821, 255.491195679, 28.5862102509, 179.37902832, 43.5012893677, 82.7855377197, 831.427612305, 625.13104248, 411.757843018, 707.527038574, 121.026611328, 283.885894775, 248.399887085, 355.781677246, 29.953245163, 1.62983679771, 7.31215953827, 1.41430878639, 0.0860034301877, 0.0175790321082, 0.00703548081219, 0.00406286306679, 0.000672870723065, 3.08751550619e-05, 5.75445710638e-07, 2.9780171662e-09]}, "gfcc": {"mean": [-226.658538818, 189.35987854, -77.6624679565, 29.0453605652, -40.9456138611, -25.2524013519, -18.1267662048, -26.2153816223, -27.6367988586, -17.0069637299, -5.38241815567, -17.1807785034, -7.33526134491], "cov": [[25219.9570312, -2658.13427734, -5750.80126953, 3602.21630859, -69.3813705444, -446.570983887, -52.7367858887, 698.356262207, 720.869262695, 359.178436279, -381.82989502, 943.491455078, 428.696105957], [-2658.13427734, 1915.57727051, 949.507873535, -706.539489746, 309.609802246, -127.321304321, 283.626586914, -271.882110596, -81.7936859131, -36.9120521545, 350.086700439, -252.955169678, -22.6390190125], [-5750.80126953, 949.507873535, 3012.09594727, -1180.32958984, 51.9975738525, 264.905212402, 15.3013019562, -177.876083374, -345.034912109, 25.6055526733, 162.13343811, -256.446014404, -265.59262085], [3602.21630859, -706.539489746, -1180.32958984, 1346.21801758, 3.87678003311, -467.776428223, 120.371307373, 280.819580078, 187.473892212, -51.2643165588, -107.894523621, 104.814445496, 73.017539978], [-69.3813705444, 309.609802246, 51.9975738525, 3.87678003311, 452.511169434, 36.2730751038, 75.0920410156, -26.0202007294, 13.224817276, 91.8203735352, 30.7642803192, -7.492000103, -68.2512969971], [-446.570983887, -127.321304321, 264.905212402, -467.776428223, 36.2730751038, 600.404174805, -50.82654953, -45.4608078003, -10.6914567947, 98.6852264404, 13.8121013641, 74.243522644, 3.41200184822], [-52.7367858887, 283.626586914, 15.3013019562, 120.371307373, 75.0920410156, -50.82654953, 262.851409912, 88.9994506836, 24.7791404724, 1.03708195686, 96.3135299683, -1.27393639088, 17.5931892395], [698.356262207, -271.882110596, -177.876083374, 280.819580078, -26.0202007294, -45.4608078003, 88.9994506836, 270.798492432, 113.437561035, 29.1986904144, 10.1702022552, 85.2472229004, 15.1495418549], [720.869262695, -81.7936859131, -345.034912109, 187.473892212, 13.224817276, -10.6914567947, 24.7791404724, 113.437561035, 209.212005615, 65.7245635986, 13.1591272354, 45.6580238342, 45.9782905579], [359.178436279, -36.9120521545, 25.6055526733, -51.2643165588, 91.8203735352, 98.6852264404, 1.03708195686, 29.1986904144, 65.7245635986, 225.869476318, 80.7118453979, 52.8410720825, -19.320066452], [-381.82989502, 350.086700439, 162.13343811, -107.894523621, 30.7642803192, 13.8121013641, 96.3135299683, 10.1702022552, 13.1591272354, 80.7118453979, 279.864105225, 65.1714782715, 53.0562934875], [943.491455078, -252.955169678, -256.446014404, 104.814445496, -7.492000103, 74.243522644, -1.27393639088, 85.2472229004, 45.6580238342, 52.8410720825, 65.1714782715, 283.054260254, 121.856719971], [428.696105957, -22.6390190125, -265.59262085, 73.017539978, -68.2512969971, 3.41200184822, 17.5931892395, 15.1495418549, 45.9782905579, -19.320066452, 53.0562934875, 121.856719971, 170.1769104]], "icov": [[0.000130720974994, -0.000361802580301, 0.000194007719983, -0.00049949955428, 0.00029826228274, -0.000332374271238, 0.000373200076865, -0.000202526876819, 0.000355779251549, -0.000459740549559, 0.000346789165633, -0.000415237154812, 0.00028630104498], [-0.000361802580301, 0.00452992506325, -0.000906649744138, 0.0034807161428, -0.00296772900037, 0.00301292608492, -0.00434661190957, 0.00336137530394, -0.00349861872382, 0.00315793626942, -0.00377954845317, 0.00302675017156, -0.00218013906851], [0.000194007719983, -0.000906649744138, 0.00102823076304, -0.000395318144001, 0.000668305263389, -0.00063578406116, 0.000796937150881, -0.00109506305307, 0.00156883848831, -0.000908136717044, 0.000467921374366, -0.000566177011933, 0.00119345914572], [-0.00049949955428, 0.0034807161428, -0.000395318144001, 0.00526578165591, -0.00261681573465, 0.00381793314591, -0.0039284019731, 0.00113683810923, -0.00293263536878, 0.00284048425965, -0.00223654787987, 0.00226255389862, -0.00178414524999], [0.00029826228274, -0.00296772900037, 0.000668305263389, -0.00261681573465, 0.00498947128654, -0.00214829971083, 0.00145396275911, -0.000717095506843, 0.00174799258821, -0.00310756824911, 0.00265551032498, -0.00294503406622, 0.00343315838836], [-0.000332374271238, 0.00301292608492, -0.00063578406116, 0.00381793314591, -0.00214829971083, 0.00495904684067, -0.00317703397013, 0.00194895535242, -0.00265487655997, 0.0013802498579, -0.00158888532314, 0.00107713742182, -0.00160031928681], [0.000373200076865, -0.00434661190957, 0.000796937150881, -0.0039284019731, 0.00145396275911, -0.00317703397013, 0.0104119004682, -0.00583668705076, 0.0042476085946, -0.00214975490235, 0.00116533867549, -0.00103793654125, 0.000489194935653], [-0.000202526876819, 0.00336137530394, -0.00109506305307, 0.00113683810923, -0.000717095506843, 0.00194895535242, -0.00583668705076, 0.0106578283012, -0.00648847827688, 0.00241947825998, -0.00224820175208, -0.00106911093462, 0.00158268434461], [0.000355779251549, -0.00349861872382, 0.00156883848831, -0.00293263536878, 0.00174799258821, -0.00265487655997, 0.0042476085946, -0.00648847827688, 0.0119887990877, -0.00530522596091, 0.00278638186865, -5.85334310017e-05, -0.00143036572263], [-0.000459740549559, 0.00315793626942, -0.000908136717044, 0.00284048425965, -0.00310756824911, 0.0013802498579, -0.00214975490235, 0.00241947825998, -0.00530522596091, 0.0100239031017, -0.00511506898329, 0.000964114209637, 0.00115077057853], [0.000346789165633, -0.00377954845317, 0.000467921374366, -0.00223654787987, 0.00265551032498, -0.00158888532314, 0.00116533867549, -0.00224820175208, 0.00278638186865, -0.00511506898329, 0.00933516398072, -0.00371592934243, -9.30972673814e-05], [-0.000415237154812, 0.00302675017156, -0.000566177011933, 0.00226255389862, -0.00294503406622, 0.00107713742182, -0.00103793654125, -0.00106911093462, -5.85334310017e-05, 0.000964114209637, -0.00371592934243, 0.0100697567686, -0.00733273290098], [0.00028630104498, -0.00218013906851, 0.00119345914572, -0.00178414524999, 0.00343315838836, -0.00160031928681, 0.000489194935653, 0.00158268434461, -0.00143036572263, 0.00115077057853, -9.30972673814e-05, -0.00733273290098, 0.0145074371248]]}, "melbands": {"dmean": [0.000156244685058, 0.000155801040819, 0.000779137539212, 0.00052652368322, 6.46973785479e-05, 8.73602402862e-05, 1.53472938109e-05, 4.52688946098e-05, 8.61418720888e-06, 1.16494074973e-05, 8.16733336251e-06, 5.73440138396e-06, 7.68607060309e-06, 6.71995394441e-06, 3.86378951589e-06, 2.00671115635e-06, 3.78515642296e-06, 1.89102684089e-06, 1.92789229914e-06, 3.06752758661e-06, 5.90315539739e-06, 4.79779237139e-06, 3.49690253643e-06, 2.68383996627e-06, 3.04805803353e-06, 1.6218334622e-06, 7.44124918128e-07, 1.41190093927e-06, 9.5327783356e-07, 1.24745758967e-06, 1.36286178076e-06, 6.3223012603e-07, 1.50758182826e-07, 1.0396817629e-07, 3.6009984683e-07, 1.31272386739e-07, 1.10488720395e-07, 3.90175323162e-08, 1.57704089787e-08, 2.06811829884e-08], "dmean2": [0.00026595412055, 0.000247540039709, 0.00127047742717, 0.000863486959133, 0.000110275781481, 0.000148881503264, 2.47112875513e-05, 7.19748713891e-05, 1.32792347358e-05, 1.8796796212e-05, 1.26554350572e-05, 9.12784889806e-06, 1.14419881356e-05, 1.01661980807e-05, 6.08100936006e-06, 3.3369153698e-06, 6.15003864368e-06, 3.15706142828e-06, 3.25527230416e-06, 5.16240606885e-06, 9.8927257568e-06, 8.04766477813e-06, 5.82663687965e-06, 4.49183062301e-06, 5.14625571668e-06, 2.72266197499e-06, 1.25173676224e-06, 2.35848165175e-06, 1.61574348567e-06, 2.08699998439e-06, 2.28492831411e-06, 1.06543984657e-06, 2.52142058343e-07, 1.74378598672e-07, 5.88765090015e-07, 2.18569837784e-07, 1.92370279706e-07, 6.31205665513e-08, 2.41650592869e-08, 3.36600436412e-08], "dvar": [4.08311251476e-07, 1.55699680704e-07, 2.22642233894e-06, 1.38377220082e-06, 2.64737565203e-08, 5.66801681146e-08, 2.07308215039e-09, 3.04829725906e-08, 8.02626132224e-10, 2.6508177875e-09, 5.90985427262e-10, 7.25386750666e-10, 9.76199010516e-10, 5.72305036695e-10, 1.90759671947e-10, 3.80792238019e-11, 1.8263658641e-10, 3.62325343339e-11, 3.93337862281e-11, 9.46933989554e-11, 3.84522469421e-10, 2.31096808356e-10, 1.35385730404e-10, 8.11610292861e-11, 1.38792560778e-10, 3.01010188997e-11, 9.26425082481e-12, 6.603873004e-11, 1.72670107379e-11, 2.27618861259e-11, 2.41153139124e-11, 5.28026017008e-12, 3.91288049054e-13, 3.28945150199e-13, 5.55689652279e-12, 6.92121869799e-13, 5.64248680331e-13, 5.85933008384e-14, 7.68768373477e-15, 1.5701470072e-14], "dvar2": [1.09734492071e-06, 3.9353008674e-07, 6.06734602115e-06, 3.79136918127e-06, 7.84624134553e-08, 1.6911181433e-07, 5.04817387892e-09, 7.65318119988e-08, 1.75963454918e-09, 6.03258776266e-09, 1.28511989939e-09, 1.559153473e-09, 1.89837234821e-09, 1.21031873412e-09, 4.52583387434e-10, 1.0087572444e-10, 4.43513142878e-10, 1.00155411742e-10, 1.11802379854e-10, 2.66842714591e-10, 1.04663189227e-09, 6.56973864199e-10, 3.73697434108e-10, 2.24048349318e-10, 3.65996954965e-10, 8.3036306997e-11, 2.60647302353e-11, 1.79772446929e-10, 5.02992023033e-11, 6.34559210733e-11, 6.71657521267e-11, 1.47407745732e-11, 1.04584548487e-12, 8.59410524516e-13, 1.40623615183e-11, 1.79067372909e-12, 1.52758838565e-12, 1.45571448233e-13, 1.80899877868e-14, 3.87789199894e-14], "max": [0.0188039653003, 0.0126833831891, 0.0297235194594, 0.0289077367634, 0.00789085589349, 0.0093947025016, 0.00194690772332, 0.00780987879261, 0.00125727872364, 0.00226618372835, 0.000990737928078, 0.000811044243164, 0.00131925300229, 0.00116512994282, 0.000621807819698, 0.000189189348021, 0.000751275510993, 0.000160698138643, 0.000152107677422, 0.000384169165045, 0.000910350529011, 0.000256888684817, 0.00033886928577, 0.000319541373756, 0.000876035541296, 0.000147236671182, 0.000139940602821, 0.000463243428385, 0.0002200017625, 0.000184899006854, 0.000133054069011, 7.41394760553e-05, 1.42264443639e-05, 1.01966488728e-05, 3.9494894736e-05, 1.41856653499e-05, 1.24091111502e-05, 4.89019657834e-06, 1.50152436618e-06, 2.13586145037e-06], "mean": [0.000391106295865, 0.000482415867737, 0.00172696716618, 0.00132196862251, 0.000232268779655, 0.000274760532193, 4.29424762842e-05, 0.000106267936644, 2.12616923818e-05, 1.92677198356e-05, 1.52551801875e-05, 9.09263053472e-06, 1.22815554278e-05, 1.19404658108e-05, 7.93682738731e-06, 3.74554610971e-06, 7.67241908761e-06, 3.92092579204e-06, 3.87159343518e-06, 6.40576763544e-06, 1.25554215629e-05, 1.01370160337e-05, 7.73160354584e-06, 6.47058959657e-06, 6.95440166965e-06, 3.62948617294e-06, 1.73977139184e-06, 2.95593235933e-06, 2.5295503292e-06, 3.40029851031e-06, 3.70582620235e-06, 1.27756209167e-06, 2.44813264771e-07, 1.09978643081e-07, 2.83223641873e-07, 1.11097186561e-07, 8.51837782534e-08, 3.50416939909e-08, 1.82185644348e-08, 1.93776088508e-08], "median": [0.000149704734213, 0.000330484006554, 0.000851978722494, 0.000643697509076, 0.000158522234415, 7.20676835044e-05, 7.64850301493e-06, 7.86003784015e-06, 2.42489591074e-06, 1.64898847288e-06, 1.1553238437e-06, 4.78673939597e-07, 6.14776865859e-07, 4.92637468597e-07, 3.0986444699e-07, 2.22818286488e-07, 2.15174907225e-07, 8.49475725317e-08, 4.61438851573e-08, 2.76178031555e-08, 2.66188013853e-08, 2.56850523073e-08, 1.73081442512e-08, 1.07657109893e-08, 4.92690297449e-08, 3.18993471637e-08, 5.63790898411e-08, 1.95705176509e-08, 1.05685735718e-08, 5.91694648833e-09, 1.5255940955e-09, 3.51637524654e-10, 2.02105318592e-10, 4.41287839603e-10, 6.60164589661e-10, 2.28702001781e-10, 9.49764711322e-11, 5.2515661958e-11, 2.46573525486e-11, 2.15087444383e-11], "min": [2.40797838888e-24, 7.39483931796e-25, 1.58229109002e-24, 1.96011602058e-24, 2.8153353135e-24, 2.34753310531e-24, 3.1266742581e-24, 2.70617846068e-24, 1.73464991032e-24, 2.08292805567e-24, 3.47301890537e-24, 1.45339614849e-24, 3.16061756235e-24, 1.70537469048e-24, 3.24261847015e-24, 3.8467038939e-24, 3.06866852688e-24, 2.19095387917e-24, 3.06358609328e-24, 3.21623127009e-24, 4.16733640883e-24, 4.54721080001e-24, 4.78272009567e-24, 3.63669847131e-24, 5.00866129741e-24, 3.24193235838e-24, 3.35571607763e-24, 6.02082466464e-24, 6.22565042653e-24, 5.9444238804e-24, 4.41078598392e-24, 5.75977126401e-24, 5.98213537597e-24, 6.95158350291e-24, 6.22868123013e-24, 4.49640460784e-24, 4.88563962253e-24, 5.97593216825e-24, 6.97083801988e-24, 6.57464564644e-24], "var": [5.17788862453e-07, 4.66454707748e-07, 6.76933723298e-06, 5.30997294845e-06, 7.46850616906e-08, 1.85690979038e-07, 1.02938422231e-08, 1.18146466832e-07, 3.31782357144e-09, 5.85055826008e-09, 1.7188018786e-09, 1.30326460734e-09, 2.24074181432e-09, 1.47617051915e-09, 5.66962365944e-10, 8.96732688105e-11, 8.88945250743e-10, 1.12431980392e-10, 1.07078304556e-10, 3.10499570499e-10, 1.36157440878e-09, 7.30908333857e-10, 4.70897543181e-10, 3.12264603064e-10, 5.44182254814e-10, 1.03671175811e-10, 3.18772404306e-11, 1.99953123503e-10, 8.36662683579e-11, 1.18661386272e-10, 1.19056875469e-10, 1.600850702e-11, 5.85365848675e-13, 2.83870122504e-13, 4.41426712891e-12, 5.34719783642e-13, 3.87158133244e-13, 4.99639697291e-14, 8.7391133555e-15, 1.39078252902e-14]}, "mfcc": {"mean": [-849.839111328, 180.454147339, 37.0870285034, 46.5972518921, 2.80805969238, 1.73047816753, 8.53044223785, -8.84119033813, -13.4453191757, -7.74168920517, -9.8017873764, -8.30390548706, -7.38830375671], "cov": [[16229.5488281, -593.50201416, -4618.03173828, 1918.2331543, -341.154785156, 345.870574951, -691.877319336, 306.402679443, 1002.07513428, -386.255828857, 50.0201454163, 573.325378418, 187.91859436], [-593.50201416, 1907.02587891, 717.061828613, -120.335906982, 64.4236068726, 22.5387630463, 314.945220947, -85.2115402222, -204.98008728, 92.5089416504, 82.0800094604, 36.0697746277, 121.460853577], [-4618.03173828, 717.061828613, 2422.45532227, -559.729370117, 78.7498931885, 11.3496160507, 274.765197754, -46.1957855225, -395.253479004, 133.55645752, 39.0443267822, -110.552497864, 16.5759963989], [1918.2331543, -120.335906982, -559.729370117, 868.986694336, 27.2068252563, -179.279495239, -55.5140724182, 30.1442012787, 200.332382202, 20.7897205353, -36.6655502319, 28.2692813873, 58.2690505981], [-341.154785156, 64.4236068726, 78.7498931885, 27.2068252563, 245.880050659, 63.063709259, 28.9607524872, 2.15646791458, -20.8487453461, 47.3860740662, 34.4971694946, 23.6377887726, 36.3983650208], [345.870574951, 22.5387630463, 11.3496160507, -179.279495239, 63.063709259, 350.458557129, 43.6573677063, 15.0542526245, 9.49227714539, -55.0250511169, 76.9527053833, 94.5302352905, 4.10481262207], [-691.877319336, 314.945220947, 274.765197754, -55.5140724182, 28.9607524872, 43.6573677063, 236.140213013, 31.2775497437, -77.8993988037, 36.9885597229, 16.134349823, 8.47121238708, 56.185962677], [306.402679443, -85.2115402222, -46.1957855225, 30.1442012787, 2.15646791458, 15.0542526245, 31.2775497437, 201.895172119, 102.921897888, -41.0705909729, -8.99325561523, 59.3883934021, 80.5914764404], [1002.07513428, -204.98008728, -395.253479004, 200.332382202, -20.8487453461, 9.49227714539, -77.8993988037, 102.921897888, 239.404602051, 11.3067522049, 1.16255772114, 50.9573554993, 20.3024578094], [-386.255828857, 92.5089416504, 133.55645752, 20.7897205353, 47.3860740662, -55.0250511169, 36.9885597229, -41.0705909729, 11.3067522049, 232.557815552, 78.0398864746, -20.9807167053, 18.5732593536], [50.0201454163, 82.0800094604, 39.0443267822, -36.6655502319, 34.4971694946, 76.9527053833, 16.134349823, -8.99325561523, 1.16255772114, 78.0398864746, 175.396560669, 85.8748092651, -3.12210845947], [573.325378418, 36.0697746277, -110.552497864, 28.2692813873, 23.6377887726, 94.5302352905, 8.47121238708, 59.3883934021, 50.9573554993, -20.9807167053, 85.8748092651, 159.312088013, 105.589874268], [187.91859436, 121.460853577, 16.5759963989, 58.2690505981, 36.3983650208, 4.10481262207, 56.185962677, 80.5914764404, 20.3024578094, 18.5732593536, -3.12210845947, 105.589874268, 229.376922607]], "icov": [[0.000349751207978, -0.000289738847641, 0.00054185744375, -0.000733869324904, 0.000732998771127, -0.000979460310191, 0.00110435602255, -0.000935892399866, 0.00081421219511, -0.000567093142308, 0.000501815928146, -0.000718984811101, 0.000285337795503], [-0.000289738847641, 0.00102692120709, -0.00059117708588, 0.000647647713777, -0.000679398654029, 0.00105137447827, -0.0019301174907, 0.00156892265659, -0.000935411953833, 0.000811326201074, -0.000869043462444, 0.000615322031081, -0.000695657159667], [0.00054185744375, -0.00059117708588, 0.00156732054893, -0.000960126460996, 0.00112640927546, -0.00162853638176, 0.00167553091887, -0.00219064578414, 0.00244546378963, -0.00142912415322, 0.000779963214882, -0.000721498392522, 0.000451438652817], [-0.000733869324904, 0.000647647713777, -0.000960126460996, 0.00362772960216, -0.00239391275682, 0.00364892440848, -0.0032730945386, 0.00343406340107, -0.00418194383383, 0.00211663916707, -0.001392028993, 0.00139491469599, -0.0011464424897], [0.000732998771127, -0.000679398654029, 0.00112640927546, -0.00239391275682, 0.00664381217211, -0.00388548336923, 0.00313301570714, -0.00321897026151, 0.00377129018307, -0.00307252607308, 0.00135236559436, -0.00143629300874, 0.000259362888755], [-0.000979460310191, 0.00105137447827, -0.00162853638176, 0.00364892440848, -0.00388548336923, 0.00843486469239, -0.00546114891768, 0.00500320829451, -0.00541115226224, 0.00431647757068, -0.00291346339509, -0.00048975890968, -0.000202876020921], [0.00110435602255, -0.0019301174907, 0.00167553091887, -0.0032730945386, 0.00313301570714, -0.00546114891768, 0.0117331892252, -0.00733390497044, 0.00723101012409, -0.00468922453001, 0.00282412860543, -0.00187173578888, 0.000770704005845], [-0.000935892399866, 0.00156892265659, -0.00219064578414, 0.00343406340107, -0.00321897026151, 0.00500320829451, -0.00733390497044, 0.0145958112553, -0.0108927180991, 0.00681357691064, -0.00385822192766, 0.00289039057679, -0.00465927086771], [0.00081421219511, -0.000935411953833, 0.00244546378963, -0.00418194383383, 0.00377129018307, -0.00541115226224, 0.00723101012409, -0.0108927180991, 0.016468513757, -0.00824598222971, 0.00609803153202, -0.00665907422081, 0.00462665176019], [-0.000567093142308, 0.000811326201074, -0.00142912415322, 0.00211663916707, -0.00307252607308, 0.00431647757068, -0.00468922453001, 0.00681357691064, -0.00824598222971, 0.0128827998415, -0.0110556865111, 0.0108116110787, -0.00667516607791], [0.000501815928146, -0.000869043462444, 0.000779963214882, -0.001392028993, 0.00135236559436, -0.00291346339509, 0.00282412860543, -0.00385822192766, 0.00609803153202, -0.0110556865111, 0.0206492077559, -0.019464109093, 0.010444178246], [-0.000718984811101, 0.000615322031081, -0.000721498392522, 0.00139491469599, -0.00143629300874, -0.00048975890968, -0.00187173578888, 0.00289039057679, -0.00665907422081, 0.0108116110787, -0.019464109093, 0.0318776667118, -0.0155847119167], [0.000285337795503, -0.000695657159667, 0.000451438652817, -0.0011464424897, 0.000259362888755, -0.000202876020921, 0.000770704005845, -0.00465927086771, 0.00462665176019, -0.00667516607791, 0.010444178246, -0.0155847119167, 0.0136108892038]]}, "spectral_contrast_coeffs": {"dmean": [0.0395712330937, 0.0311727933586, 0.02934766002, 0.023791493848, 0.0157629102468, 0.0171827934682], "dmean2": [0.0659744739532, 0.0527057759464, 0.0479640774429, 0.0393127128482, 0.025865579024, 0.0282936170697], "dvar": [0.00112345314119, 0.000696047267411, 0.000606149144005, 0.000364996463759, 0.00018847870524, 0.00029862447991], "dvar2": [0.00316603947431, 0.00194695102982, 0.00154364516493, 0.000960938050412, 0.000465032964712, 0.00068222329719], "max": [-0.261808723211, -0.40542319417, -0.490063726902, -0.568652570248, -0.555852413177, -0.447471499443], "mean": [-0.533104121685, -0.682418048382, -0.788449645042, -0.793126940727, -0.805255770683, -0.75746691227], "median": [-0.527348995209, -0.688823223114, -0.795802474022, -0.791081309319, -0.808102607727, -0.777015089989], "min": [-0.987246334553, -0.9929074049, -0.974566876888, -0.967815101147, -0.964841723442, -0.964465200901], "var": [0.0154517432675, 0.0107473889366, 0.00361572229303, 0.00328601151705, 0.00323779205792, 0.0110098719597]}, "spectral_contrast_valleys": {"dmean": [0.322212129831, 0.269722670317, 0.257756561041, 0.218372449279, 0.156489148736, 0.273733019829], "dmean2": [0.549861550331, 0.461990922689, 0.435344099998, 0.364509493113, 0.253919124603, 0.414844483137], "dvar": [0.0827437713742, 0.0506843179464, 0.0426577590406, 0.0341896861792, 0.025210192427, 0.159959733486], "dvar2": [0.229572191834, 0.140016123652, 0.116277515888, 0.08