{"lowlevel": {"average_loudness": 0.827999711037, "barkbands_crest": {"dmean": 1.9010373354, "dmean2": 2.86236476898, "dvar": 5.31435346603, "dvar2": 10.9469385147, "max": 26.404253006, "mean": 13.8184499741, "median": 11.9654960632, "min": 2.05197238922, "var": 44.1087837219}, "barkbands_flatness_db": {"dmean": 0.0265456419438, "dmean2": 0.0337668806314, "dvar": 0.000776366272476, "dvar2": 0.0013192477636, "max": 0.540010988712, "mean": 0.188117012382, "median": 0.18071949482, "min": 0.0223003942519, "var": 0.0062068249099}, "barkbands_kurtosis": {"dmean": 2.41900610924, "dmean2": 3.76875352859, "dvar": 42.4826011658, "dvar2": 101.825904846, "max": 281.728607178, "mean": 5.29993152618, "median": 1.2256667614, "min": -1.86628675461, "var": 290.025634766}, "barkbands_skewness": {"dmean": 0.476145505905, "dmean2": 0.71705698967, "dvar": 0.300255715847, "dvar2": 0.717732787132, "max": 4.48921298981, "mean": 0.176259055734, "median": 0.308508634567, "min": -13.3095703125, "var": 1.70944607258}, "barkbands_spread": {"dmean": 3.10813212395, "dmean2": 4.57808017731, "dvar": 15.3453836441, "dvar2": 33.1389732361, "max": 55.0218162537, "mean": 14.3993244171, "median": 14.4808731079, "min": 0.107842981815, "var": 83.3825759888}, "dissonance": {"dmean": 0.033945273608, "dmean2": 0.0592082627118, "dvar": 0.0019682799466, "dvar2": 0.00582951214164, "max": 0.499628692865, "mean": 0.427751123905, "median": 0.443687796593, "min": 0.0605488568544, "var": 0.0029909380246}, "dynamic_complexity": 5.16381931305, "erbbands_crest": {"dmean": 2.47965717316, "dmean2": 3.69460248947, "dvar": 10.2138624191, "dvar2": 20.1062259674, "max": 34.6719894409, "mean": 18.8276004791, "median": 17.8211936951, "min": 2.73905134201, "var": 97.6163101196}, "erbbands_flatness_db": {"dmean": 0.0283366441727, "dmean2": 0.0360571630299, "dvar": 0.000872649892699, "dvar2": 0.00151582888793, "max": 0.61090439558, "mean": 0.260813713074, "median": 0.251073598862, "min": 0.0557048805058, "var": 0.00755346892402}, "erbbands_kurtosis": {"dmean": 3.16514253616, "dmean2": 4.70852565765, "dvar": 28.3739852905, "dvar2": 58.9155883789, "max": 97.6886672974, "mean": 7.45773553848, "median": 1.24346852303, "min": -1.70324397087, "var": 163.25692749}, "erbbands_skewness": {"dmean": 0.487092673779, "dmean2": 0.726293623447, "dvar": 0.287340223789, "dvar2": 0.591557443142, "max": 6.19150829315, "mean": 0.0876636654139, "median": 0.055013038218, "min": -7.27457714081, "var": 2.04442119598}, "erbbands_spread": {"dmean": 3.87380981445, "dmean2": 5.54423332214, "dvar": 25.3021869659, "dvar2": 51.4987068176, "max": 93.1056518555, "mean": 18.9578094482, "median": 17.0441951752, "min": 0.18427118659, "var": 204.004653931}, "hfc": {"dmean": 7.05139398575, "dmean2": 9.799492836, "dvar": 144.877502441, "dvar2": 290.945220947, "max": 183.352722168, "mean": 23.0195503235, "median": 14.6975803375, "min": 1.10911268355e-16, "var": 562.739135742}, "melbands_crest": {"dmean": 2.06062340736, "dmean2": 3.10333895683, "dvar": 6.04425001144, "dvar2": 13.2388944626, "max": 34.5967025757, "mean": 14.9834699631, "median": 13.0893745422, "min": 1.95553433895, "var": 43.6418647766}, "melbands_flatness_db": {"dmean": 0.0241927243769, "dmean2": 0.0310477502644, "dvar": 0.000772723695263, "dvar2": 0.0013911856804, "max": 0.60556012392, "mean": 0.231211125851, "median": 0.219120830297, "min": 0.00901828985661, "var": 0.00694123888388}, "melbands_kurtosis": {"dmean": 2.31429791451, "dmean2": 3.53282642365, "dvar": 67.7361755371, "dvar2": 164.915939331, "max": 325.008148193, "mean": 4.6418595314, "median": 2.33202171326, "min": -1.90688598156, "var": 102.377578735}, "melbands_skewness": {"dmean": 0.458967745304, "dmean2": 0.673796594143, "dvar": 0.329187870026, "dvar2": 0.740998268127, "max": 6.3237452507, "mean": 0.47774758935, "median": 0.576210379601, "min": -11.964840889, "var": 2.51114368439}, "melbands_spread": {"dmean": 5.21300888062, "dmean2": 7.93823575974, "dvar": 50.6164093018, "dvar2": 102.41192627, "max": 120.190742493, "mean": 23.9388465881, "median": 20.7784042358, "min": 0.354069858789, "var": 240.301177979}, "pitch_salience": {"dmean": 0.0550896599889, "dmean2": 0.0821965560317, "dvar": 0.00425510481, "dvar2": 0.00901740323752, "max": 0.903116464615, "mean": 0.413725376129, "median": 0.417720973492, "min": 0.0343984551728, "var": 0.0257946327329}, "silence_rate_20dB": {"dmean": 0, "dmean2": 0, "dvar": 0, "dvar2": 0, "max": 1, "mean": 1, "median": 1, "min": 1, "var": 0}, "silence_rate_30dB": {"dmean": 0, "dmean2": 0, "dvar": 0, "dvar2": 0, "max": 1, "mean": 1, "median": 1, "min": 1, "var": 0}, "silence_rate_60dB": {"dmean": 0.0650727152824, "dmean2": 0.129930973053, "dvar": 0.0608424395323, "dvar2": 0.128826230764, "max": 1, "mean": 0.170773774385, "median": 0, "min": 0, "var": 0.141615852714}, "spectral_centroid": {"dmean": 146.781951904, "dmean2": 223.601501465, "dvar": 55994.5234375, "dvar2": 93982.671875, "max": 10619.9746094, "mean": 1351.53808594, "median": 1287.8795166, "min": 298.213897705, "var": 189608.078125}, "spectral_complexity": {"dmean": 2.58861231804, "dmean2": 3.94452667236, "dvar": 24.5473632812, "dvar2": 50.6665344238, "max": 61, "mean": 12.2518482208, "median": 11, "min": 0, "var": 46.1945266724}, "spectral_decrease": {"dmean": 1.09662035008e-09, "dmean2": 1.46875556162e-09, "dvar": 2.85852857465e-18, "dvar2": 5.11583539673e-18, "max": -1.45558836117e-28, "mean": -4.48661641173e-09, "median": -3.05562108949e-09, "min": -2.40827588982e-08, "var": 1.80876656328e-17}, "spectral_energy": {"dmean": 0.00474646687508, "dmean2": 0.00637386040762, "dvar": 5.42187844985e-05, "dvar2": 9.82367419056e-05, "max": 0.10245000571, "mean": 0.0190214216709, "median": 0.0131913209334, "min": 1.06093498742e-20, "var": 0.000326338136801}, "spectral_energyband_high": {"dmean": 0.000184578500921, "dmean2": 0.00027379085077, "dvar": 2.80816493614e-07, "dvar2": 5.89913383919e-07, "max": 0.00674768676981, "mean": 0.000231663128943, "median": 6.64057879476e-05, "min": 7.51475007252e-21, "var": 3.26256838434e-07}, "spectral_energyband_low": {"dmean": 0.000453162618214, "dmean2": 0.000783856376074, "dvar": 2.54258475252e-06, "dvar2": 7.15821715858e-06, "max": 0.0144635401666, "mean": 0.000473885243991, "median": 9.74450813374e-05, "min": 3.45763730101e-23, "var": 2.0055611003e-06}, "spectral_energyband_middle_high": {"dmean": 0.00393611099571, "dmean2": 0.00537587329745, "dvar": 4.07638144679e-05, "dvar2": 7.19414238119e-05, "max": 0.0896974205971, "mean": 0.0146484617144, "median": 0.0071257930249, "min": 1.67369657192e-21, "var": 0.000280988402665}, "spectral_energyband_middle_low": {"dmean": 0.000994633883238, "dmean2": 0.00137059390545, "dvar": 2.41441671278e-06, "dvar2": 5.04274021296e-06, "max": 0.0209099408239, "mean": 0.00379730062559, "median": 0.00302746891975, "min": 3.94510525148e-22, "var": 8.58100975165e-06}, "spectral_entropy": {"dmean": 0.241961091757, "dmean2": 0.321016967297, "dvar": 0.0801777541637, "dvar2": 0.136319577694, "max": 9.81461524963, "mean": 6.6813788414, "median": 6.69559764862, "min": 3.66704440117, "var": 0.435400784016}, "spectral_flux": {"dmean": 0.0185490939766, "dmean2": 0.0281100515276, "dvar": 0.000713188899681, "dvar2": 0.0014933309285, "max": 0.240827605128, "mean": 0.041510488838, "median": 0.0287373177707, "min": 1.03001697449e-10, "var": 0.00140582292806}, "spectral_kurtosis": {"dmean": 4.34511375427, "dmean2": 7.26632404327, "dvar": 33.8053665161, "dvar2": 93.855140686, "max": 156.602798462, "mean": 12.1034383774, "median": 7.61590051651, "min": -1.21246194839, "var": 250.487075806}, "spectral_rms": {"dmean": 0.000513102277182, "dmean2": 0.000670950335916, "dvar": 5.05634716319e-07, "dvar2": 8.73971885085e-07, "max": 0.00999756064266, "mean": 0.00378250540234, "median": 0.00358741963282, "min": 3.21723268686e-12, "var": 4.25015832661e-06}, "spectral_rolloff": {"dmean": 202.086257935, "dmean2": 348.938446045, "dvar": 283807, "dvar2": 470564.90625, "max": 18540.0878906, "mean": 1587.44091797, "median": 1399.65820312, "min": 215.33203125, "var": 535095.4375}, "spectral_skewness": {"dmean": 0.365169674158, "dmean2": 0.609926104546, "dvar": 0.15910243988, "dvar2": 0.4318177104, "max": 10.0632133484, "mean": 2.27409052849, "median": 1.97840583324, "min": 0.0256614685059, "var": 1.33887243271}, "spectral_spread": {"dmean": 596954.9375, "dmean2": 798419.6875, "dvar": 819393265664, "dvar2": 1202813009920.0, "max": 41174044, "mean": 3244112.5, "median": 3007645.75, "min": 562236.5, "var": 1659275706370.0}, "spectral_strongpeak": {"dmean": 1.06860172749, "dmean2": 1.55503046513, "dvar": 2.72655630112, "dvar2": 5.2344660759, "max": 22.63813591, "mean": 4.0916056633, "median": 2.9262213707, "min": 0, "var": 15.1991462708}, "zerocrossingrate": {"dmean": 0.00564044900239, "dmean2": 0.00651595415547, "dvar": 0.000132518747705, "dvar2": 0.000139509706059, "max": 0.50634765625, "mean": 0.061427898705, "median": 0.05908203125, "min": 0.0107421875, "var": 0.000448242557468}, "barkbands": {"dmean": [2.64446371148e-05, 0.000123524790979, 0.000291137082968, 0.000164854718605, 0.000404422491556, 0.00016805595078, 0.000242318870733, 0.000291693548206, 0.000135436523124, 0.000102638929093, 0.00156560738105, 0.000595627294388, 0.000675924879033, 0.00018160964828, 0.000635045813397, 0.000489748083055, 0.000625449756626, 9.35286370805e-05, 6.18959165877e-05, 7.06421851646e-05, 4.69356127724e-05, 3.59668993042e-05, 3.07760892611e-05, 2.36875766859e-05, 1.99863479793e-05, 1.05432163764e-05, 4.04343336413e-06], "dmean2": [4.13941706938e-05, 0.000212602230022, 0.000521739013493, 0.000269728188869, 0.000596008612774, 0.000235516723478, 0.000349789304892, 0.000414930138504, 0.000199873393285, 0.000141933007399, 0.0020350755658, 0.000774732674472, 0.000900303712115, 0.00027228918043, 0.000918856530916, 0.000776183325797, 0.000976852956228, 0.000152276828885, 0.000100679462776, 0.000117732175568, 7.30866304366e-05, 5.51339398953e-05, 4.66974743176e-05, 3.45244443452e-05, 3.03807919408e-05, 1.57792346727e-05, 6.43887233309e-06], "dvar": [6.51595666312e-09, 1.70339973238e-07, 1.20610923204e-06, 1.62366276868e-07, 6.63597063522e-07, 9.15153108849e-08, 2.64599719912e-07, 3.66420522369e-07, 1.38626845114e-07, 2.71081091796e-07, 1.87843288586e-05, 4.58664726466e-06, 6.12774010733e-06, 1.0112136124e-06, 5.44356635146e-06, 3.08806170324e-06, 3.74514434043e-06, 2.33581715747e-07, 5.46346576868e-08, 4.69932075475e-08, 2.55015830675e-08, 1.75432415261e-08, 9.46385458889e-09, 4.35308455948e-09, 3.22637094818e-09, 9.92462889648e-10, 1.6094300892e-10], "dvar2": [1.52082790805e-08, 4.68806291565e-07, 3.45024159287e-06, 4.10732070577e-07, 1.59411399636e-06, 1.86851977446e-07, 5.39971438229e-07, 7.06946821083e-07, 2.64967468411e-07, 3.86015585718e-07, 2.77257586276e-05, 5.48266189071e-06, 1.02313169918e-05, 1.74824083388e-06, 1.13242640509e-05, 6.91021568855e-06, 8.17939144326e-06, 5.61137824207e-07, 1.50864337911e-07, 1.2400283822e-07, 5.85710608902e-08, 4.19843608768e-08, 2.25693206346e-08, 9.73025393591e-09, 7.99470090129e-09, 2.34231101182e-09, 3.77864128875e-10], "max": [0.000899977167137, 0.0037866414059, 0.010499343276, 0.00524891167879, 0.0116173177958, 0.00486761610955, 0.0128339901567, 0.010564965196, 0.00761439464986, 0.0229541119188, 0.0789951756597, 0.0648796185851, 0.0499415583909, 0.0339237190783, 0.0528946369886, 0.0394625253975, 0.0348294973373, 0.0147949047387, 0.00355498748831, 0.0036736309994, 0.00177044805605, 0.00200576637872, 0.00125364307314, 0.000902953732293, 0.000812194601167, 0.000418415729655, 0.000143222874613], "mean": [2.49574786721e-05, 0.000121625089378, 0.000234932304011, 0.000263560912572, 0.00105493026786, 0.000722167780623, 0.000671240792144, 0.000669373839628, 0.0003308764135, 0.000402175326599, 0.00668164435774, 0.00175561278593, 0.00248543033376, 0.000337164383382, 0.0010843554046, 0.000578835839406, 0.00112432159949, 0.000127151652123, 8.31541983644e-05, 8.37147090351e-05, 5.23468697793e-05, 4.16635557485e-05, 3.27554771502e-05, 2.39722776314e-05, 2.01591246878e-05, 9.9189210232e-06, 3.41816871696e-06], "median": [3.14179669658e-06, 7.3591322689e-06, 3.69553090422e-05, 0.000107058163849, 0.000726723461412, 0.000539945322089, 0.000297663820675, 0.000384749262594, 6.77340867696e-05, 2.80917483906e-05, 9.00792510947e-05, 0.000211587321246, 5.43118876521e-05, 8.25701426947e-05, 9.64658393059e-05, 0.000130829503178, 0.00016770066577, 4.1783976485e-05, 3.22085688822e-05, 2.96254256682e-05, 1.15260590974e-05, 1.01569821709e-05, 4.98503686686e-06, 3.24774373439e-06, 2.64350364887e-06, 7.20641025964e-07, 1.06708682779e-07], "min": [6.42573434552e-24, 1.64937262651e-23, 1.0941122891e-23, 6.087245964e-24, 1.19324070823e-23, 8.89876058748e-23, 7.81702970694e-23, 7.48097874784e-23, 1.1839555156e-22, 6.69410955864e-23, 1.13677835181e-22, 1.36570300972e-22, 1.53968849117e-22, 1.18902921651e-22, 1.87235517387e-22, 1.87300469039e-22, 1.23559245719e-22, 1.74346110798e-22, 2.40716071089e-22, 3.34514712432e-22, 5.79813876054e-22, 8.26597537059e-22, 5.51673427894e-22, 9.43751484664e-22, 1.14175844964e-21, 1.42169052551e-21, 2.04989754711e-21], "var": [6.96043045423e-09, 1.70194795146e-07, 7.70710698816e-07, 2.01960986601e-07, 1.26266866118e-06, 4.41818087893e-07, 1.39692986068e-06, 8.53680546697e-07, 5.39301026947e-07, 4.34516778114e-06, 0.00018904771423, 3.75748240913e-05, 5.95512356085e-05, 3.14489307129e-06, 1.77342044481e-05, 4.07543393521e-06, 1.15405136967e-05, 2.12925399978e-07, 4.28079474091e-08, 3.96335657626e-08, 2.54659582311e-08, 1.61153792533e-08, 9.42235889312e-09, 4.74805750272e-09, 3.01401104075e-09, 9.92431803404e-10, 1.54667709196e-10]}, "erbbands": {"dmean": [0.00360691105016, 0.0351108647883, 0.275981128216, 0.428253382444, 1.23672199249, 1.30654871464, 1.28006637096, 1.49446845055, 2.06152248383, 6.1200003624, 5.98389196396, 3.71238136292, 2.16734933853, 8.91686630249, 73.5588607788, 29.7280235291, 32.7324523926, 12.7093372345, 11.4474630356, 46.8295135498, 24.2773742676, 22.1826553345, 8.24158096313, 3.7420566082, 3.02702283859, 3.39618229866, 2.32671284676, 1.48546767235, 1.36682498455, 1.04930567741, 0.798080086708, 0.594527959824, 0.339837968349, 0.264992654324, 0.116526201367, 0.0497862324119, 0.0198229607195, 0.00417182641104, 0.000610995106399, 5.16095315106e-05], "dmean2": [0.00524054188281, 0.0620719045401, 0.492806196213, 0.714038193226, 1.9088947773, 2.02782821655, 1.78620135784, 2.14043140411, 3.05534696579, 8.61250019073, 8.48370170593, 5.34625577927, 3.28812789917, 12.4947929382, 94.7124786377, 35.9915008545, 43.1679077148, 18.3924541473, 16.4523658752, 67.3398742676, 39.8620147705, 34.3746910095, 11.8766241074, 6.0959482193, 4.88294553757, 5.66003370285, 3.7949693203, 2.2586414814, 2.16351938248, 1.59877896309, 1.22671449184, 0.892348766327, 0.491497606039, 0.403582394123, 0.177731007338, 0.0746173262596, 0.0301880948246, 0.00630855094641, 0.00097226316575, 8.31531651784e-05], "dvar": [0.000162086202181, 0.0185156017542, 1.09272038937, 1.4803647995, 7.0232834816, 9.05650234222, 7.04219722748, 7.63946485519, 13.2922210693, 174.989929199, 237.979263306, 107.270606995, 75.4510116577, 606.328735352, 44604.4335938, 11280.2675781, 13263.6699219, 3085.30151367, 2930.32275391, 37120.6054688, 4526.91357422, 4296.84765625, 1014.45648193, 186.434295654, 143.57762146, 99.5857849121, 55.4887313843, 24.680896759, 35.8091087341, 12.8027715683, 5.82776641846, 2.84365367889, 0.856132268906, 0.53613704443, 0.126362487674, 0.0193601604551, 0.00409994553775, 0.000175534805749, 3.68811356566e-06, 3.35686891617e-08], "dvar2": [0.000367962027667, 0.0532905720174, 3.15168476105, 3.89746427536, 17.2697639465, 22.8345489502, 13.8273048401, 15.769908905, 30.6395568848, 374.841186523, 438.361053467, 195.787734985, 163.421585083, 1100.9777832, 63967.8085938, 13235.8603516, 21510.3515625, 5423.88964844, 4440.47021484, 71225.21875, 11769.1152344, 9068.02734375, 1853.22351074, 522.758972168, 385.407775879, 261.207336426, 123.50730896, 55.5736999512, 92.4078598022, 28.9821395874, 13.8429479599, 6.61422872543, 1.86218237877, 1.32751536369, 0.31432107091, 0.0450339838862, 0.00994514394552, 0.000391492736526, 8.75726891536e-06, 8.44634229225e-08], "max": [0.147631913424, 1.22739827633, 9.3877658844, 13.7174415588, 37.5458908081, 51.7032241821, 55.416809082, 45.7605514526, 86.4449768066, 320.139434814, 286.754974365, 225.911468506, 320.608703613, 867.91973877, 3929.04418945, 3291.11645508, 2418.78979492, 1657.45922852, 1924.71374512, 5646.97705078, 864.735229492, 1232.14953613, 893.666870117, 221.356658936, 185.562438965, 157.934066772, 80.4713897705, 62.9354629517, 91.3484115601, 49.0438461304, 30.4205474854, 23.7685146332, 13.9921140671, 9.10664367676, 6.14782810211, 2.09837055206, 0.900217652321, 0.196953475475, 0.0265801586211, 0.00210675853305], "mean": [0.00391502445564, 0.028596976772, 0.221799597144, 0.605566680431, 2.19593191147, 3.38408565521, 4.90988588333, 6.15919589996, 6.90241003036, 16.8047084808, 12.7578716278, 9.50950241089, 7.35375213623, 37.8577575684, 316.005279541, 108.184951782, 122.912940979, 32.4905967712, 18.9603042603, 87.1621170044, 38.3363723755, 39.319278717, 15.5042257309, 5.34010076523, 3.68847465515, 4.07340049744, 2.82775950432, 1.80238449574, 1.47640872002, 1.17180275917, 0.843837440014, 0.614537715912, 0.346490740776, 0.269602149725, 0.116623148322, 0.0489674694836, 0.0177806671709, 0.00373667269014, 0.000521092442796, 6.14308737568e-05], "median": [0.000152119828272, 0.00246975338086, 0.0357565693557, 0.227901026607, 0.953871428967, 2.24706506729, 2.77222156525, 4.21805477142, 4.9849281311, 7.70914459229, 5.73361301422, 2.27541208267, 2.18725728989, 1.70704138279, 7.18278932571, 14.943072319, 4.14698982239, 6.28508281708, 3.65372610092, 9.77054214478, 9.30307865143, 7.78326416016, 4.05862426758, 2.29551029205, 1.39107751846, 1.44043529034, 0.815205931664, 0.447311758995, 0.327658355236, 0.215246319771, 0.124179407954, 0.0844759196043, 0.0453489795327, 0.0344975814223, 0.0151996705681, 0.00479850312695, 0.000829827273265, 0.00012644212984, 3.00482133753e-05, 2.225832759e-05], "min": [4.15080609677e-22, 4.00833791826e-21, 1.3153532064e-20, 1.68557856906e-20, 1.46380449981e-20, 3.5221340789e-20, 1.25200377305e-19, 1.05994696218e-18, 1.47441924978e-18, 1.41921590404e-18, 1.63683605966e-18, 2.86397307744e-18, 1.56124839868e-18, 2.27778347134e-18, 5.77492422341e-18, 6.46644514755e-18, 6.41657029252e-18, 5.96476093322e-18, 1.11959375674e-17, 8.36212184071e-18, 1.00331962501e-17, 6.7342949153e-18, 8.25378434152e-18, 1.22548677178e-17, 1.57937862607e-17, 1.32944856824e-17, 1.8036532636e-17, 2.47292741332e-17, 3.18068382494e-17, 2.47127685713e-17, 1.28085286531e-17, 1.8303108132e-17, 1.69787042902e-17, 1.25402640543e-17, 8.29763484016e-18, 4.81663093428e-18, 2.82704194463e-18, 1.17617473043e-18, 2.94751723363e-19, 3.02881163951e-20], "var": [0.000210373545997, 0.0125185977668, 0.68748986721, 1.41153216362, 10.9796495438, 15.7968301773, 36.628074646, 37.0975036621, 42.0006446838, 878.824890137, 534.506347656, 424.859893799, 624.192260742, 8978.25097656, 438662.0625, 99060.453125, 132255.3125, 12165.6337891, 7431.60742188, 132077.9375, 9058.80957031, 12839.8242188, 2935.17749023, 144.157852173, 111.62877655, 87.3994903564, 57.2739295959, 25.8830165863, 27.9437446594, 13.0867605209, 5.87589263916, 2.97688174248, 0.961640775204, 0.507619678974, 0.116207629442, 0.0199089162052, 0.00386826717295, 0.00018831268244, 3.47682976098e-06, 2.89898292039e-08]}, "gfcc": {"mean": [-79.3819656372, 95.6953201294, -153.838790894, 0.535431206226, -60.5476837158, -7.28035831451, -50.8012504578, -10.3716897964, -28.5056037903, -6.71207475662, -12.0335645676, 0.0920293778181, -9.70146274567], "cov": [[13306.6699219, -3153.68017578, -312.496368408, 859.00604248, -319.012542725, 508.436035156, -451.727722168, 288.604248047, -328.240997314, 218.874176025, -271.974090576, 68.5547561646, -270.282409668], [-3153.68017578, 1305.23498535, -201.057128906, -177.797958374, 25.4583835602, -257.840667725, 116.641967773, -154.796295166, 113.175094604, -131.602127075, 107.337898254, -74.9462432861, 76.9289779663], [-312.496368408, -201.057128906, 824.353210449, 97.1898345947, 163.248535156, 223.049118042, 56.7956008911, 185.22253418, -8.81044960022, 91.7386779785, -75.0640487671, 82.1656570435, -44.590057373], [859.00604248, -177.797958374, 97.1898345947, 568.014770508, -73.0810089111, -84.8744277954, -245.391311646, 78.7318191528, 114.876495361, 72.0589904785, -109.936416626, -76.7302703857, -83.5162658691], [-319.012542725, 25.4583835602, 163.248535156, -73.0810089111, 210.137664795, 83.3178787231, 66.830291748, 32.6015853882, 19.3327617645, 14.5492591858, -14.0649442673, 38.6746063232, -1.83978164196], [508.436035156, -257.840667725, 223.049118042, -84.8744277954, 83.3178787231, 327.0390625, 176.794250488, 47.7693099976, -102.261253357, 18.4252471924, 43.0006370544, 60.6706809998, 5.08574438095], [-451.727722168, 116.641967773, 56.7956008911, -245.391311646, 66.830291748, 176.794250488, 331.279571533, -11.7621822357, -115.714622498, -71.3891067505, 109.165054321, 67.3181152344, 46.5334091187], [288.604248047, -154.796295166, 185.22253418, 78.7318191528, 32.6015853882, 47.7693099976, -11.7621822357, 172.934555054, 45.2875213623, 29.219367981, -63.4887466431, 23.5244216919, -23.3494338989], [-328.240997314, 113.175094604, -8.81044960022, 114.876495361, 19.3327617645, -102.261253357, -115.714622498, 45.2875213623, 224.899642944, 69.5435256958, -63.5621910095, -67.6182174683, -49.61485672], [218.874176025, -131.602127075, 91.7386779785, 72.0589904785, 14.5492591858, 18.4252471924, -71.3891067505, 29.219367981, 69.5435256958, 148.929199219, -3.95466542244, -18.434381485, -63.9413757324], [-271.974090576, 107.337898254, -75.0640487671, -109.936416626, -14.0649442673, 43.0006370544, 109.165054321, -63.4887466431, -63.5621910095, -3.95466542244, 161.971206665, 31.3617076874, -20.955915451], [68.5547561646, -74.9462432861, 82.1656570435, -76.7302703857, 38.6746063232, 60.6706809998, 67.3181152344, 23.5244216919, -67.6182174683, -18.434381485, 31.3617076874, 136.822555542, 35.4771614075], [-270.282409668, 76.9289779663, -44.590057373, -83.5162658691, -1.83978164196, 5.08574438095, 46.5334091187, -23.3494338989, -49.61485672, -63.9413757324, -20.955915451, 35.4771614075, 248.401992798]], "icov": [[0.000251622783253, 0.000489364610985, 0.000391983136069, -0.000292169541353, 5.17021726409e-05, -0.000286578317173, 3.83556071029e-05, -0.000146335980389, 0.000278722902294, -2.68283183686e-05, 0.000227642973186, -9.84931029961e-05, 0.000161711737746], [0.000489364610985, 0.00282376655377, 0.000109249594971, -0.000439037772594, -0.00042663977365, 0.00139878678601, -0.00108532886952, 0.000823904352728, -0.00119056529365, 0.00162010733038, -0.00128425483126, 0.0008781394572, -0.000275600381428], [0.000391983136069, 0.000109249594971, 0.00319321034476, -0.00101863523014, -0.000865415786393, -0.00185157777742, -1.32520681291e-05, -0.0019822162576, 0.00169171462767, -0.00186030217446, 0.00197130371816, -0.00125402747653, 0.000675500719808], [-0.000292169541353, -0.000439037772594, -0.00101863523014, 0.00350881577469, 0.000911007286049, 3.27638408635e-05, 0.00197294773534, -0.000512304890435, -0.00088079366833, 0.000537996354979, -0.000243907779804, 0.000970219552983, 0.000206664466532], [5.17021726409e-05, -0.00042663977365, -0.000865415786393, 0.000911007286049, 0.007333567366, -0.00172544678207, -0.000585347472224, 0.000765575387049, -0.00182845990639, -0.00036667578388, 0.00211151503026, -0.00197599153034, 0.000611340568867], [-0.000286578317173, 0.00139878678601, -0.00185157777742, 3.27638408635e-05, -0.00172544678207, 0.00895865634084, -0.00452878326178, 0.000211602105992, 0.00070348137524, -0.000922537525184, -0.00180860224646, 0.00161168794148, -0.000874024932273], [3.83556071029e-05, -0.00108532886952, -1.32520681291e-05, 0.00197294773534, -0.000585347472224, -0.00452878326178, 0.00953882094473, -0.00199528317899, 0.000937625649385, 0.0030125901103, -0.00353643065318, 5.34303035238e-05, -0.000190498642041], [-0.000146335980389, 0.000823904352728, -0.0019822162576, -0.000512304890435, 0.000765575387049, 0.000211602105992, -0.00199528317899, 0.0109435049817, -0.0037653632462, 0.000973538670223, 0.002632613061, -0.00224586110562, 0.000502710288856], [0.000278722902294, -0.00119056529365, 0.00169171462767, -0.00088079366833, -0.00182845990639, 0.00070348137524, 0.000937625649385, -0.0037653632462, 0.0108646443114, -0.00515991821885, 0.00288982782513, 0.00185667269398, 0.000942461017985], [-2.68283183686e-05, 0.00162010733038, -0.00186030217446, 0.000537996354979, -0.00036667578388, -0.000922537525184, 0.0030125901103, 0.000973538670223, -0.00515991821885, 0.0131848333403, -0.00494389887899, 0.00138485024218, 0.000607773021329], [0.000227642973186, -0.00128425483126, 0.00197130371816, -0.000243907779804, 0.00211151503026, -0.00180860224646, -0.00353643065318, 0.002632613061, 0.00288982782513, -0.00494389887899, 0.0143961068243, -0.00395179027691, 0.00296338275075], [-9.84931029961e-05, 0.0008781394572, -0.00125402747653, 0.000970219552983, -0.00197599153034, 0.00161168794148, 5.34303035238e-05, -0.00224586110562, 0.00185667269398, 0.00138485024218, -0.00395179027691, 0.0118276067078, -0.00184208177961], [0.000161711737746, -0.000275600381428, 0.000675500719808, 0.000206664466532, 0.000611340568867, -0.000874024932273, -0.000190498642041, 0.000502710288856, 0.000942461017985, 0.000607773021329, 0.00296338275075, -0.00184208177961, 0.00544092431664]]}, "melbands": {"dmean": [3.0136141504e-05, 0.000112146182801, 9.40266181715e-05, 9.22811377677e-05, 4.62890420749e-05, 3.32611925842e-05, 3.55504125764e-05, 6.46897533443e-05, 4.543914838e-05, 2.09124009416e-05, 1.06683173726e-05, 2.47115713137e-05, 0.00021620086045, 0.000121145436424, 6.29301866866e-05, 6.52678281767e-05, 2.05489996006e-05, 1.55082561832e-05, 4.16217771999e-05, 5.3740459407e-05, 3.2454932807e-05, 2.79038977169e-05, 1.64195553225e-05, 3.88108355764e-06, 2.9833638564e-06, 2.26826773542e-06, 1.96039900402e-06, 2.5045901566e-06, 1.59873138728e-06, 1.40422446293e-06, 7.59566432862e-07, 8.80970333128e-07, 5.80363462177e-07, 6.35035576124e-07, 4.85874636524e-07, 4.19758805492e-07, 3.58856311777e-07, 2.45445562541e-07, 2.28339814612e-07, 2.30204975082e-07], "dmean2": [4.86284297949e-05, 0.000200091511942, 0.000151593558257, 0.000142714998219, 6.57812779536e-05, 4.7495981562e-05, 5.22287045897e-05, 9.10690287128e-05, 6.56594565953e-05, 3.00939791487e-05, 1.6264630176e-05, 3.54382827936e-05, 0.000285993388388, 0.000147967846715, 7.88245160948e-05, 8.70573203429e-05, 3.06225629174e-05, 2.21913178393e-05, 6.03790322202e-05, 7.9536177509e-05, 5.39562061022e-05, 4.44753532065e-05, 2.30358928093e-05, 6.32715591564e-06, 4.89115291202e-06, 3.73189345737e-06, 3.12203360409e-06, 4.24705513069e-06, 2.62548292085e-06, 2.20704123421e-06, 1.15455225114e-06, 1.42684507409e-06, 8.6718705461e-07, 9.86924192148e-07, 7.58282567404e-07, 6.51737479984e-07, 5.44134650227e-07, 3.59696372243e-07, 3.48472411815e-07, 3.58790060773e-07], "dvar": [9.01678376408e-09, 1.86365411992e-07, 5.09810611504e-08, 3.84250888885e-08, 8.34137736661e-09, 3.57259466455e-09, 3.89966903214e-09, 1.63623319338e-08, 1.37792284249e-08, 3.90737131539e-09, 1.99156313663e-09, 8.53456771921e-09, 3.52111783286e-07, 1.06009700573e-07, 4.5509473523e-08, 7.07655587462e-08, 1.41925431407e-08, 6.65171828729e-09, 2.45888109873e-08, 3.99075119617e-08, 1.14971205889e-08, 7.97133914432e-09, 7.007222802e-09, 1.96651028794e-10, 1.1764217378e-10, 8.23127122018e-11, 4.99204184934e-11, 5.76592974755e-11, 2.56210486854e-11, 2.54477359324e-11, 5.68657404151e-12, 1.64202141467e-11, 3.47349059238e-12, 5.51790731163e-12, 2.52127702396e-12, 1.306450499e-12, 1.12176067046e-12, 4.97170609803e-13, 4.15918411907e-13, 4.24379335926e-13], "dvar2": [2.18176694489e-08, 5.37103119314e-07, 1.27498736902e-07, 9.5688726276e-08, 1.75606018615e-08, 7.47028927606e-09, 8.7681089056e-09, 3.56899150233e-08, 2.64450932264e-08, 7.06489400315e-09, 4.31649915811e-09, 1.43121381413e-08, 5.36951745289e-07, 1.34100631044e-07, 6.18461655222e-08, 1.32444057499e-07, 2.45775559904e-08, 1.03946611318e-08, 4.8132640984e-08, 7.62282255096e-08, 2.90184640761e-08, 1.79434724856e-08, 1.19929257636e-08, 5.51446999175e-10, 3.29094945739e-10, 2.27149216103e-10, 1.22840862482e-10, 1.56392315764e-10, 6.15643022672e-11, 5.91079199475e-11, 1.31819520577e-11, 4.42283362712e-11, 7.45672273927e-12, 1.36988519486e-11, 6.25520165179e-12, 3.03814677409e-12, 2.64158421699e-12, 1.05318000414e-12, 1.01248837873e-12, 1.06588609466e-12], "max": [0.00104978471063, 0.0037980210036, 0.0024889910128, 0.00273711420596, 0.00154487881809, 0.000919719343074, 0.00126928789541, 0.00289176078513, 0.00212676683441, 0.00151206878945, 0.00156482460443, 0.00383971142583, 0.0105262463912, 0.00748438481241, 0.00465759122744, 0.00649211090058, 0.00382048124447, 0.00282204942778, 0.00427623931319, 0.00590634951368, 0.00153508468065, 0.00157347333152, 0.00250109029002, 0.000259227614151, 0.000183719545021, 0.000137876733788, 0.00011201199959, 0.000135194612085, 8.16609608592e-05, 6.0963222495e-05, 2.84692287096e-05, 6.09070812061e-05, 2.79758187389e-05, 3.61377169611e-05, 2.19045596168e-05, 1.79391936399e-05, 1.43196075442e-05, 1.21614166346e-05, 8.36624531075e-06, 9.19011472433e-06], "mean": [3.37938145094e-05, 8.91466625035e-05, 0.000152914013597, 0.000197765577468, 0.000173874868779, 0.000137280774652, 0.000115537790407, 0.000176663161255, 9.30955793592e-05, 5.40476357855e-05, 3.36712073477e-05, 9.76208975771e-05, 0.000914654170629, 0.000470706028864, 0.000221081238124, 0.000229704586673, 4.12703193433e-05, 2.28062363021e-05, 7.57478483138e-05, 9.35119678616e-05, 4.76875684399e-05, 4.72203973914e-05, 3.12403572025e-05, 5.57170460525e-06, 3.95104416384e-06, 2.72100305665e-06, 2.23408301281e-06, 2.88456908493e-06, 1.83759300398e-06, 1.53514451995e-06, 9.13541100545e-07, 8.98235498425e-07, 6.73982583521e-07, 6.42649922611e-07, 4.83489429826e-07, 4.47484097776e-07, 3.54402601488e-07, 2.50485726383e-07, 2.20340965029e-07, 2.32723323279e-07], "median": [1.94635163098e-06, 1.27326775328e-05, 6.39307763777e-05, 0.000119522403111, 0.000114643175039, 9.9425247754e-05, 7.65234726714e-05, 9.14192351047e-05, 3.42272905982e-05, 1.02884441731e-05, 7.05652473698e-06, 2.82763880932e-06, 1.47247137647e-05, 3.11693002004e-05, 1.21407465485e-05, 6.52061044093e-06, 9.45104875427e-06, 3.59481646228e-06, 6.04824708716e-06, 1.29544205265e-05, 7.12818200554e-06, 7.35293269827e-06, 4.0568975237e-06, 1.98623365577e-06, 1.51195581566e-06, 9.93290314e-07, 6.84271753926e-07, 9.6533449323e-07, 4.87718864406e-07, 3.37779965776e-07, 2.01924535759e-07, 1.78947615836e-07, 1.43724236068e-07, 9.28159380464e-08, 6.42728821276e-08, 5.58854011956e-08, 4.66109604247e-08, 2.86730372778e-08, 2.51701308684e-08, 2.61614410135e-08], "min": [4.58196209504e-24, 6.45360637902e-24, 2.89375203178e-24, 1.39083089984e-24, 3.78889301132e-24, 2.25911619454e-23, 2.06145021312e-23, 1.65318408686e-23, 1.62259490086e-23, 1.60058063289e-23, 7.78992334183e-24, 8.77801580183e-24, 1.60407465561e-23, 1.99367885721e-23, 1.27731198148e-23, 1.44656532302e-23, 1.01364232366e-23, 1.82832083193e-23, 1.1777199488e-23, 1.24360868816e-23, 1.14089197744e-23, 7.17801340398e-24, 4.69213519792e-24, 1.08584763006e-23, 9.4908100054e-24, 9.75015749432e-24, 1.22402032525e-23, 7.97321122885e-24, 1.15176989601e-23, 9.35160603234e-24, 1.60989029598e-23, 1.95353908999e-23, 1.50163365178e-23, 1.27008625225e-23, 5.81035775842e-24, 1.09925092904e-23, 1.10896401559e-23, 1.26446127956e-23, 9.44783601873e-24, 1.08038555715e-23], "var": [1.25215473545e-08, 1.17613382145e-07, 6.34669987676e-08, 6.03828098633e-08, 3.31365868078e-08, 1.58274318096e-08, 1.53869574859e-08, 7.66856800283e-08, 3.01785050283e-08, 1.61554165601e-08, 1.62531677006e-08, 1.42487508015e-07, 3.46784395333e-06, 1.00356692201e-06, 4.14834033791e-07, 6.12924281995e-07, 4.60048568129e-08, 1.61759263761e-08, 9.01172896306e-08, 1.27345899159e-07, 2.50759075726e-08, 2.06312034123e-08, 2.34897896689e-08, 1.55964741122e-10, 9.21782997154e-11, 6.10193978678e-11, 4.50830935084e-11, 4.71766133103e-11, 2.42430901742e-11, 2.46915040497e-11, 6.1333555422e-12, 1.16652425566e-11, 3.82253777242e-12, 4.8590151e-12, 2.29684153641e-12, 1.48215370099e-12, 1.12316048389e-12, 5.68972440777e-13, 3.94358753552e-13, 3.91259805587e-13]}, "mfcc": {"mean": [-715.482116699, 127.572319031, -31.6380901337, 8.09419822693, -3.33245372772, -6.53767824173, -16.2541618347, -11.5837774277, -14.143029213, -17.3394126892, -11.4004154205, 4.410820961, 6.7017159462], "cov": [[7945.68554688, -496.581542969, -314.137207031, 7.53327178955, 179.936523438, 148.783798218, 33.2961158752, 43.8203659058, -10.0635042191, 74.493309021, 75.8258972168, 70.3034591675, -225.406646729], [-496.581542969, 720.150085449, -341.015594482, -18.9314460754, -142.193969727, -97.3710403442, -105.04826355, -82.5313873291, -90.1850357056, -90.8881225586, -36.4393005371, 3.47512102127, 24.2156410217], [-314.137207031, -341.015594482, 567.898803711, 49.7233085632, 136.676574707, 77.5434951782, 136.342697144, 115.504974365, 109.288879395, 90.5541610718, 39.6116256714, -8.01926994324, 37.5370292664], [7.53327178955, -18.9314460754, 49.7233085632, 279.902801514, 70.942779541, -50.6072502136, -135.517868042, -35.4225387573, 6.4538192749, 30.1665019989, 66.3841552734, -23.9997806549, -78.3792037964], [179.936523438, -142.193969727, 136.676574707, 70.942779541, 188.305557251, 34.001953125, -20.6757202148, 7.60174703598, 73.1410140991, 44.4383926392, 34.9473304749, -9.30433177948, 6.99639844894], [148.783798218, -97.3710403442, 77.5434951782, -50.6072502136, 34.001953125, 159.20161438, 119.463012695, 40.3703079224, -9.36437606812, 19.8592834473, 4.3159661293, 18.4002895355, 20.4653205872], [33.2961158752, -105.04826355, 136.342697144, -135.517868042, -20.6757202148, 119.463012695, 331.269470215, 110.384933472, -11.8337230682, -31.9648456573, -76.9326400757, 27.9432849884, 77.7031860352], [43.8203659058, -82.5313873291, 115.504974365, -35.4225387573, 7.60174703598, 40.3703079224, 110.384933472, 168.805908203, 28.1128311157, 13.6959295273, -14.6546764374, 33.3666381836, 16.8114719391], [-10.0635042191, -90.1850357056, 109.288879395, 6.4538192749, 73.1410140991, -9.36437606812, -11.8337230682, 28.1128311157, 210.131820679, 21.3691864014, -74.0642242432, -60.7972259521, 97.3740463257], [74.493309021, -90.8881225586, 90.5541610718, 30.1665019989, 44.4383926392, 19.8592834473, -31.9648456573, 13.6959295273, 21.3691864014, 187.850402832, 82.6325836182, -51.3669395447, -68.2972717285], [75.8258972168, -36.4393005371, 39.6116256714, 66.3841552734, 34.9473304749, 4.3159661293, -76.9326400757, -14.6546764374, -74.0642242432, 82.6325836182, 301.226867676, 97.5367660522, -183.612121582], [70.3034591675, 3.47512102127, -8.01926994324, -23.9997806549, -9.30433177948, 18.4002895355, 27.9432849884, 33.3666381836, -60.7972259521, -51.3669395447, 97.5367660522, 246.056716919, -11.7136793137], [-225.406646729, 24.2156410217, 37.5370292664, -78.3792037964, 6.99639844894, 20.4653205872, 77.7031860352, 16.8114719391, 97.3740463257, -68.2972717285, -183.612121582, -11.7136793137, 308.758178711]], "icov": [[0.000157713555382, 0.000156443929882, 0.000280428183032, -2.70509299298e-05, -0.000197376008146, -9.23912666622e-05, -6.85847116983e-05, -6.82849349687e-05, -5.34957944183e-05, -5.59224899916e-05, 5.12923033966e-05, -6.34991010884e-05, 0.000126077342429], [0.000156443929882, 0.00235896836966, 0.00124104623683, -0.000194717125851, 0.000606817600783, 0.000481330789626, 0.000128061627038, -9.81479461188e-05, 0.000396698567783, 0.000279738334939, -0.000324364664266, 0.000185935699847, -0.000592717493419], [0.000280428183032, 0.00124104623683, 0.00416638609022, -0.00111791712698, -0.00128849258181, 0.000163160148077, -0.00177324155811, -0.00119897606783, -0.000995177542791, -0.000878048595041, -0.00104505824856, 0.000186363919056, -0.000647772394586], [-2.70509299298e-05, -0.000194717125851, -0.00111791712698, 0.00559981539845, -0.00180436531082, 0.00080237921793, 0.00213662371971, -1.74221240741e-05, 0.000769772741478, 0.000617562385742, 9.72862981143e-05, 0.000478638103232, 0.000973755959421], [-0.000197376008146, 0.000606817600783, -0.00128849258181, -0.00180436531082, 0.00925610028207, -0.00231057987548, 0.0010062266374, 0.000750421197154, -0.00244758324698, -0.000108048989205, -0.00102238729596, -0.000119165168144, -0.000708273088094], [-9.23912666622e-05, 0.000481330789626, 0.000163160148077, 0.00080237921793, -0.00231057987548, 0.0103013459593, -0.00353118521161, 0.000177857102244, 0.00136787130032, -0.00126818066929, -0.000650575850159, -8.33942176541e-05, -0.000774765736423], [-6.85847116983e-05, 0.000128061627038, -0.00177324155811, 0.00213662371971, 0.0010062266374, -0.00353118521161, 0.00740840518847, -0.00256951991469, 0.00163881015033, 0.00135339971166, 0.00135306641459, 0.000118077223306, -0.000223752474994], [-6.82849349687e-05, -9.81479461188e-05, -0.00119897606783, -1.74221240741e-05, 0.000750421197154, 0.000177857102244, -0.00256951991469, 0.00904317200184, -0.0015689630527, -0.00117353128735, 0.00103352428414, -0.00193398585543, 0.0010011291597], [-5.34957944183e-05, 0.000396698567783, -0.000995177542791, 0.000769772741478, -0.00244758324698, 0.00136787130032, 0.00163881015033, -0.0015689630527, 0.00847192201763, -0.000461339688627, 0.00104847224429, 0.00136007461697, -0.00221473700367], [-5.59224899916e-05, 0.000279738334939, -0.000878048595041, 0.000617562385742, -0.000108048989205, -0.00126818066929, 0.00135339971166, -0.00117353128735, -0.000461339688627, 0.00851856917143, -0.00272047636099, 0.00290794903412, 0.000532866688445], [5.12923033966e-05, -0.000324364664266, -0.00104505824856, 9.72862981143e-05, -0.00102238729596, -0.000650575850159, 0.00135306641459, 0.00103352428414, 0.00104847224429, -0.00272047636099, 0.00850004795939, -0.00381290051155, 0.00386185129173], [-6.34991010884e-05, 0.000185935699847, 0.000186363919056, 0.000478638103232, -0.000119165168144, -8.33942176541e-05, 0.000118077223306, -0.00193398585543, 0.00136007461697, 0.00290794903412, -0.00381290051155, 0.00675777066499, -0.0016750479117], [0.000126077342429, -0.000592717493419, -0.000647772394586, 0.000973755959421, -0.000708273088094, -0.000774765736423, -0.000223752474994, 0.0010011291597, -0.00221473700367, 0.000532866688445, 0.00386185129173, -0.0016750479117, 0.00682180933654]]}, "spectral_contrast_coeffs": {"dmean": [0.0456131398678, 0.0367919281125, 0.041456438601, 0.0388239100575, 0.0306497104466, 0.02239606902], "dmean2": [0.0735050439835, 0.0569138228893, 0.0641748383641, 0.0608139000833, 0.0460947863758, 0.0337633378804], "dvar": [0.00179671228398, 0.0012390044285, 0.00167242751922, 0.00148405763321, 0.00100207910873, 0.000526936375536], "dvar2": [0.00411179801449, 0.00266717560589, 0.00372230773792, 0.00332238501869, 0.00185291434173, 0.00110480247531], "max": [-0.308501183987, -0.485788166523, -0.369847297668, -0.415371775627, -0.545946538448, -0.603741943836], "mean": [-0.559321522713, -0.673902392387, -0.644409418106, -0.66810965538, -0.701459228992, -0.743409097195], "median": [-0.552337288857, -0.667408943176, -0.660506367683, -0.668525278568, -0.691304087639, -0.735262751579], "min": [-0.950704813004, -0.968086957932, -0.955293297768, -0.96630012989, -0.960241317749, -0.960467815399], "var": [0.00792571157217, 0.00399417569861, 0.0135151427239, 0.00717102224007, 0.00455838534981, 0.00208820588887]}, "spectral_contrast_valleys": {"dmean": [0.596238315105, 0.352557241917, 0.444847524166, 0.426810204983, 0.425217032433, 0.578049600124], "dmean2": [0.90963023901, 0.53499186039, 0.682763338089, 0.621110737324, 0.539478480816, 0.655052900314], "dvar": [0.397065550089, 0.184181019664, 0.303004741669, 0.338455379009, 0.341329663992, 0.450468063354], "dvar2": [0.683371245861, 0.269221365452, 0.515918850899, 0.554754078388, 0.5