{"lowlevel": {"average_loudness": 0.85786730051, "barkbands_crest": {"dmean": 2.12126398087, "dmean2": 3.44176030159, "dvar": 6.14078712463, "dvar2": 15.8237609863, "max": 26.2372837067, "mean": 15.5818653107, "median": 15.6598987579, "min": 3.77996945381, "var": 22.6225128174}, "barkbands_flatness_db": {"dmean": 0.0365987084806, "dmean2": 0.0508432909846, "dvar": 0.00236135092564, "dvar2": 0.00456459075212, "max": 0.544003129005, "mean": 0.277959346771, "median": 0.283192276955, "min": 0.0438354983926, "var": 0.00931819248945}, "barkbands_kurtosis": {"dmean": 10.8700857162, "dmean2": 17.1665992737, "dvar": 392.648101807, "dvar2": 1065.94372559, "max": 429.026367188, "mean": 21.4709300995, "median": 13.3997306824, "min": -1.82192921638, "var": 720.524414062}, "barkbands_skewness": {"dmean": 0.924608290195, "dmean2": 1.40135109425, "dvar": 1.10998678207, "dvar2": 2.74860072136, "max": 14.5958108902, "mean": 3.15537524223, "median": 2.75263929367, "min": -1.46292626858, "var": 3.32640051842}, "barkbands_spread": {"dmean": 2.69574594498, "dmean2": 3.60788631439, "dvar": 26.1456756592, "dvar2": 45.0670394897, "max": 96.0161819458, "mean": 7.45998477936, "median": 3.60321593285, "min": 0.284926921129, "var": 116.420471191}, "dissonance": {"dmean": 0.0316482670605, "dmean2": 0.0496524423361, "dvar": 0.00101421773434, "dvar2": 0.00231442623772, "max": 0.499907195568, "mean": 0.410922408104, "median": 0.424934864044, "min": 0.160370931029, "var": 0.0038364417851}, "dynamic_complexity": 2.10559272766, "erbbands_crest": {"dmean": 1.99306750298, "dmean2": 3.02767133713, "dvar": 4.09745550156, "dvar2": 8.65373325348, "max": 25.358997345, "mean": 9.59336566925, "median": 8.75171852112, "min": 2.60322737694, "var": 16.6364021301}, "erbbands_flatness_db": {"dmean": 0.02947277762, "dmean2": 0.0400982312858, "dvar": 0.00133802625351, "dvar2": 0.00257045752369, "max": 0.417933404446, "mean": 0.190494120121, "median": 0.190252289176, "min": 0.0630746930838, "var": 0.00489300722256}, "erbbands_kurtosis": {"dmean": 2.42694878578, "dmean2": 3.59714388847, "dvar": 15.9758167267, "dvar2": 33.1674575806, "max": 52.6867179871, "mean": 4.15536022186, "median": 1.90185117722, "min": -1.85008907318, "var": 49.1305656433}, "erbbands_skewness": {"dmean": 0.470823079348, "dmean2": 0.657289385796, "dvar": 0.260202765465, "dvar2": 0.564386487007, "max": 6.08372879028, "mean": 1.25902986526, "median": 1.10868322849, "min": -2.22399806976, "var": 1.18041872978}, "erbbands_spread": {"dmean": 12.3936166763, "dmean2": 18.3448429108, "dvar": 346.442901611, "dvar2": 702.39654541, "max": 152.971893311, "mean": 36.1230049133, "median": 22.9241275787, "min": 1.08255374432, "var": 940.289672852}, "hfc": {"dmean": 6.70691299438, "dmean2": 10.7169027328, "dvar": 177.064224243, "dvar2": 446.095367432, "max": 101.602043152, "mean": 13.2290201187, "median": 8.00014686584, "min": 0.000209361693123, "var": 216.376205444}, "melbands_crest": {"dmean": 2.41465067863, "dmean2": 3.94112968445, "dvar": 7.80063772202, "dvar2": 21.1650257111, "max": 31.3151912689, "mean": 18.9660167694, "median": 18.8593025208, "min": 5.1552157402, "var": 20.9557781219}, "melbands_flatness_db": {"dmean": 0.0429937317967, "dmean2": 0.0594655908644, "dvar": 0.00329706189223, "dvar2": 0.00625149905682, "max": 0.693133175373, "mean": 0.387786358595, "median": 0.395203381777, "min": 0.0329785011709, "var": 0.013500187546}, "melbands_kurtosis": {"dmean": 22.5906581879, "dmean2": 34.7014083862, "dvar": 1332.12060547, "dvar2": 3208.50292969, "max": 336.361663818, "mean": 41.5687522888, "median": 23.5775241852, "min": -0.0900366306305, "var": 2360.7487793}, "melbands_skewness": {"dmean": 1.20374059677, "dmean2": 1.80941045284, "dvar": 2.5194170475, "dvar2": 5.60431051254, "max": 15.2984390259, "mean": 4.08843851089, "median": 3.42678070068, "min": -0.882940351963, "var": 5.99929285049}, "melbands_spread": {"dmean": 2.11730980873, "dmean2": 2.9462621212, "dvar": 28.1741847992, "dvar2": 43.1009941101, "max": 108.435775757, "mean": 5.63845205307, "median": 3.01555681229, "min": 0.3843755126, "var": 75.8098983765}, "pitch_salience": {"dmean": 0.0659980997443, "dmean2": 0.105967178941, "dvar": 0.00432985415682, "dvar2": 0.0115124406293, "max": 0.770732283592, "mean": 0.46371370554, "median": 0.469541877508, "min": 0.119869947433, "var": 0.0152629781514}, "silence_rate_20dB": {"dmean": 0, "dmean2": 0, "dvar": 0, "dvar2": 0, "max": 1, "mean": 1, "median": 1, "min": 1, "var": 0}, "silence_rate_30dB": {"dmean": 0.0869565233588, "dmean2": 0.173313990235, "dvar": 0.0793945342302, "dvar2": 0.170835182071, "max": 1, "mean": 0.872556090355, "median": 1, "min": 0, "var": 0.111202329397}, "silence_rate_60dB": {"dmean": 0.0014492754126, "dmean2": 0.00145032629371, "dvar": 0.00144716072828, "dvar2": 0.0014482056722, "max": 1, "mean": 0.00144822592847, "median": 0, "min": 0, "var": 0.00144611741416}, "spectral_centroid": {"dmean": 138.922027588, "dmean2": 192.928588867, "dvar": 56697.2578125, "dvar2": 105759.15625, "max": 4156.55273438, "mean": 532.505187988, "median": 326.658752441, "min": 138.914138794, "var": 251870.703125}, "spectral_complexity": {"dmean": 2.71594214439, "dmean2": 4.15808534622, "dvar": 21.5846195221, "dvar2": 40.8579597473, "max": 47, "mean": 9.80883407593, "median": 8, "min": 0, "var": 38.8642082214}, "spectral_decrease": {"dmean": 6.24664409088e-09, "dmean2": 1.07459152687e-08, "dvar": 1.56100548882e-16, "dvar2": 4.28928273006e-16, "max": -5.43105582615e-15, "mean": -1.54354680149e-08, "median": -1.23873205027e-08, "min": -1.29585799868e-07, "var": 1.66018140024e-16}, "spectral_energy": {"dmean": 0.0241286288947, "dmean2": 0.0414414145052, "dvar": 0.00229288451374, "dvar2": 0.00629331124946, "max": 0.495032012463, "mean": 0.0594568327069, "median": 0.0475418642163, "min": 3.94878014731e-08, "var": 0.00244222930633}, "spectral_energyband_high": {"dmean": 0.000333792093443, "dmean2": 0.000508658529725, "dvar": 4.73467537176e-07, "dvar2": 1.03803756701e-06, "max": 0.00825833249837, "mean": 0.000504668802023, "median": 4.56240704807e-05, "min": 2.13235935576e-08, "var": 1.04580760762e-06}, "spectral_energyband_low": {"dmean": 0.0191178061068, "dmean2": 0.0330390073359, "dvar": 0.0020112299826, "dvar2": 0.0055739688687, "max": 0.472270697355, "mean": 0.0432745628059, "median": 0.0338310413063, "min": 5.0892245973e-10, "var": 0.00194089277647}, "spectral_energyband_middle_high": {"dmean": 0.00143700046465, "dmean2": 0.00225592823699, "dvar": 1.96877499548e-05, "dvar2": 5.06583928654e-05, "max": 0.0385100692511, "mean": 0.00168686325196, "median": 0.000346118758898, "min": 9.3930969669e-09, "var": 1.96625987883e-05}, "spectral_energyband_middle_low": {"dmean": 0.00638995459303, "dmean2": 0.0108823897317, "dvar": 0.000132115776069, "dvar2": 0.000381820485927, "max": 0.124199397862, "mean": 0.0167894121259, "median": 0.0120473364368, "min": 8.32749513791e-09, "var": 0.000233389189816}, "spectral_entropy": {"dmean": 0.360196024179, "dmean2": 0.508362829685, "dvar": 0.227866262197, "dvar2": 0.437091112137, "max": 8.62965106964, "mean": 6.60889911652, "median": 6.4985742569, "min": 4.37472486496, "var": 0.833555817604}, "spectral_flux": {"dmean": 0.0440027788281, "dmean2": 0.0697035863996, "dvar": 0.00469267973676, "dvar2": 0.00897978246212, "max": 0.647533893585, "mean": 0.0852325856686, "median": 0.0501709617674, "min": 0.000198715380975, "var": 0.00711154472083}, "spectral_kurtosis": {"dmean": 7.26492738724, "dmean2": 11.5075502396, "dvar": 160.107696533, "dvar2": 343.045135498, "max": 160.171356201, "mean": 14.5031661987, "median": 6.62750530243, "min": -0.140783071518, "var": 441.115509033}, "spectral_rms": {"dmean": 0.0013038222678, "dmean2": 0.00214312016033, "dvar": 4.58381555291e-06, "dvar2": 1.19695669127e-05, "max": 0.0219763070345, "mean": 0.00713136652485, "median": 0.00681045558304, "min": 6.20682567387e-06, "var": 7.15031501386e-06}, "spectral_rolloff": {"dmean": 135.299789429, "dmean2": 206.040420532, "dvar": 233675.078125, "dvar2": 367667.59375, "max": 10228.2714844, "mean": 379.770355225, "median": 236.865234375, "min": 64.599609375, "var": 574861.3125}, "spectral_skewness": {"dmean": 0.668029844761, "dmean2": 1.0183287859, "dvar": 0.874287366867, "dvar2": 1.7905356884, "max": 10.1975593567, "mean": 2.66663336754, "median": 2.25200295448, "min": 0.489362418652, "var": 3.02374148369}, "spectral_spread": {"dmean": 825300.5625, "dmean2": 1177936.375, "dvar": 949138292736, "dvar2": 1843468566530.0, "max": 9506808, "mean": 4176748.75, "median": 4057498.5, "min": 498282.90625, "var": 3573724479490.0}, "spectral_strongpeak": {"dmean": 0.143076464534, "dmean2": 0.247017040849, "dvar": 0.0896404460073, "dvar2": 0.224446967244, "max": 5.28309726715, "mean": 0.587659478188, "median": 0.486488521099, "min": 0, "var": 0.175881817937}, "zerocrossingrate": {"dmean": 0.00578931719065, "dmean2": 0.00662879878655, "dvar": 7.80052869231e-05, "dvar2": 9.53221315285e-05, "max": 0.1953125, "mean": 0.0201857089996, "median": 0.01220703125, "min": 0.00244140625, "var": 0.000597645179369}, "barkbands": {"dmean": [0.00186878116801, 0.0139669580385, 0.00403602421284, 0.00263303960674, 0.00329083879478, 0.00068815832492, 0.000319781189319, 0.000459300907096, 0.000331369985361, 0.000425165635534, 0.000256776984315, 0.000387176318327, 0.000150386884343, 8.13490696601e-05, 0.000102997779322, 6.63922546664e-05, 9.24625710468e-05, 4.88458608743e-05, 6.85502454871e-05, 7.70047845435e-05, 7.30347455828e-05, 7.03661571606e-05, 8.47204282763e-05, 6.08208210906e-05, 2.83682020381e-05, 1.21467292047e-05, 1.8256724843e-06], "dmean2": [0.00311309285462, 0.0246173460037, 0.00673345196992, 0.00442865258083, 0.00568365911022, 0.00090459844796, 0.000368133070879, 0.000797754444648, 0.000525948475115, 0.000646680244245, 0.000398563337512, 0.000669075758196, 0.000233698170632, 0.000130031912704, 0.000169761653524, 0.000110275228508, 0.000157912523719, 8.06061652838e-05, 0.000112002824608, 0.000133581939735, 0.000114086236863, 0.000105900478957, 0.0001335584966, 9.44013518165e-05, 4.74275111628e-05, 1.99883779715e-05, 3.00750457427e-06], "dvar": [2.73846799246e-05, 0.00124111725017, 7.75994340074e-05, 2.82531036646e-05, 5.675189459e-05, 1.21763605421e-06, 6.27831241218e-07, 2.40274880525e-06, 1.16772980618e-06, 2.09639438253e-06, 9.02962142391e-07, 3.74503770217e-06, 5.02570571825e-07, 5.57294121961e-08, 1.46673357904e-07, 5.27891508284e-08, 1.09978977036e-07, 1.64390776547e-08, 3.84559974975e-08, 3.23708633232e-08, 2.17012257053e-08, 2.0296727854e-08, 3.27059090921e-08, 4.08898124249e-08, 4.6978345658e-09, 9.83867765036e-10, 1.79369071679e-11], "dvar2": [7.37704685889e-05, 0.00353508815169, 0.000205894626561, 7.96116437414e-05, 0.000179677750566, 2.06557729143e-06, 6.23355845164e-07, 6.85015038471e-06, 3.22018149745e-06, 5.4944744079e-06, 2.28395947488e-06, 1.06180750663e-05, 1.06553625301e-06, 1.41153392974e-07, 3.32955181648e-07, 1.34947953256e-07, 2.93284955433e-07, 4.38482246068e-08, 9.58154586783e-08, 8.62704467863e-08, 4.8210452519e-08, 3.95312795831e-08, 7.49168194147e-08, 8.38629787836e-08, 1.23210730507e-08, 2.51017695518e-09, 4.46858973435e-11], "max": [0.0682964846492, 0.418543487787, 0.0900388285518, 0.0826135277748, 0.102877289057, 0.0298112090677, 0.0373460650444, 0.01818950288, 0.0108229583129, 0.020480491221, 0.0141312042251, 0.0205521322787, 0.0178890097886, 0.00271011330187, 0.00590563844889, 0.00243627931923, 0.00335934432223, 0.00182219292037, 0.00174649211112, 0.00161642685998, 0.00143659033347, 0.00270863389596, 0.00205576932058, 0.0056469803676, 0.000669383793138, 0.000338163372362, 3.66769018001e-05], "mean": [0.00190485478379, 0.0307379215956, 0.00789722893387, 0.00521746231243, 0.00706411292776, 0.00211717188358, 0.00113083852921, 0.000635459029581, 0.000460260082036, 0.000596710247919, 0.000257637613686, 0.000316951511195, 0.000149577666889, 7.4719740951e-05, 0.000102347388747, 5.62363202334e-05, 7.52602427383e-05, 5.18068445672e-05, 6.81324236211e-05, 8.43982488732e-05, 0.000113017842523, 0.000107175095764, 0.00010958610801, 7.9832112533e-05, 3.34871838277e-05, 1.27771518237e-05, 2.00972476705e-06], "median": [0.000150734296767, 0.0220243409276, 0.00420821458101, 0.00172828044742, 0.00480675883591, 0.00129206024576, 0.000391301640775, 0.000260514061665, 0.000124824859085, 7.69022808527e-05, 2.31639533013e-05, 2.85017140413e-05, 1.13195565064e-05, 7.42109159546e-06, 5.11636881129e-06, 2.7911428333e-06, 3.74388150703e-06, 4.60967248728e-06, 5.19139302924e-06, 7.68183781474e-06, 1.16702076411e-05, 1.08078493213e-05, 6.33875561107e-06, 3.12899305754e-06, 9.6352403034e-07, 5.85522741403e-07, 6.89056037118e-07], "min": [1.43382649503e-11, 2.56576287994e-10, 1.87982476807e-10, 5.38466563005e-11, 2.17800000257e-09, 6.1059834966e-10, 3.30678817662e-10, 2.37951169879e-09, 2.67373923002e-09, 1.34378536076e-10, 5.72992986392e-10, 1.32788258167e-09, 1.02306352279e-09, 6.43706254966e-10, 5.29261801052e-10, 4.51373771693e-10, 5.9018345766e-10, 7.4437267461e-10, 8.33557500801e-10, 2.69399769159e-09, 2.8689699505e-09, 9.49001210948e-10, 2.71856159806e-09, 6.11550188268e-09, 3.44969319777e-09, 1.01267583208e-09, 2.00229832714e-09], "var": [2.43669346673e-05, 0.00126101600472, 0.000108652537165, 8.36733888718e-05, 6.4860090788e-05, 6.37936682324e-06, 7.94942388893e-06, 1.70438454461e-06, 9.83945369626e-07, 3.35374852511e-06, 8.20116952127e-07, 2.3357720238e-06, 5.79595052841e-07, 4.84340283435e-08, 1.87254357797e-07, 4.31981739268e-08, 8.255766204e-08, 1.52832999589e-08, 3.57991538635e-08, 3.35624612546e-08, 5.05233863635e-08, 5.11245303869e-08, 5.95563314221e-08, 6.73677931218e-08, 6.98358171292e-09, 1.20333831788e-09, 1.88150987845e-11]}, "erbbands": {"dmean": [0.510967969894, 2.76717448235, 4.35057640076, 7.80581140518, 9.10134887695, 13.6312665939, 7.16330862045, 4.94478464127, 4.5616569519, 6.06044435501, 10.4182853699, 5.73801040649, 14.7532930374, 15.8697834015, 12.0865402222, 10.5653076172, 6.58176517487, 4.6089963913, 5.08102750778, 4.47390794754, 3.61115837097, 4.90956497192, 3.03654813766, 2.7085750103, 3.82162189484, 3.54601955414, 2.75854587555, 3.25289034843, 2.67041397095, 2.56939864159, 2.34568142891, 1.51559102535, 0.858500421047, 0.359638392925, 0.194955348969, 0.0737689360976, 0.0199842602015, 0.00343060912564, 0.000339244579664, 3.59193509212e-05], "dmean2": [0.905960261822, 4.83300304413, 7.25551748276, 13.2850008011, 15.8175964355, 23.5097637177, 9.4562625885, 7.26462507248, 5.90236520767, 8.43609523773, 17.7877120972, 8.58087825775, 25.461730957, 22.378452301, 19.7638874054, 17.6874370575, 10.0633430481, 7.34774541855, 7.89791345596, 7.65993022919, 5.96319723129, 8.26497173309, 5.02871417999, 4.41337633133, 6.38428211212, 6.05519866943, 4.1565861702, 5.1725358963, 4.20225477219, 3.97780132294, 3.70185804367, 2.39234781265, 1.33840894699, 0.582363724709, 0.330306917429, 0.12358649075, 0.0326514877379, 0.00559509918094, 0.000555832055397, 6.04641027167e-05], "dvar": [1.90979373455, 45.1603851318, 80.6086120605, 296.717468262, 291.650238037, 966.620361328, 137.976242065, 71.7693099976, 148.803787231, 157.322265625, 1307.92150879, 256.379333496, 3709.72241211, 2574.8972168, 2748.10546875, 2096.47412109, 1080.03393555, 201.036483765, 352.63659668, 254.055374146, 134.221633911, 293.259246826, 59.0181503296, 56.5610389709, 98.2348480225, 75.5758972168, 27.1509151459, 48.4420814514, 28.0012111664, 29.1071815491, 25.0071697235, 14.3528661728, 10.2748231888, 0.729633331299, 0.23602296412, 0.0467324405909, 0.00256089773029, 6.95693452144e-05, 6.36365484752e-07, 4.76651296211e-09], "dvar2": [5.48088216782, 128.094543457, 214.083892822, 843.755187988, 919.941467285, 3016.53491211, 226.136352539, 162.789932251, 159.801742554, 406.910980225, 3699.07421875, 667.550720215, 10672.125, 6029.49951172, 7619.84033203, 5871.38378906, 2193.33056641, 518.092346191, 680.451965332, 672.994628906, 340.743713379, 774.619384766, 150.427352905, 144.920776367, 246.305389404, 196.475906372, 56.3656921387, 111.744041443, 59.5062866211, 62.4735984802, 58.3518447876, 32.8880844116, 20.430973053, 1.73427712917, 0.635157108307, 0.127731531858, 0.00640356400982, 0.000173508989974, 1.53793098434e-06, 1.25926860051e-08], "max": [17.0808029175, 75.6205444336, 87.2005233765, 183.567153931, 218.383804321, 408.208007812, 249.536331177, 160.021102905, 576.40637207, 192.616149902, 441.176635742, 190.500762939, 588.542724609, 758.90447998, 580.406616211, 446.980804443, 900.969787598, 130.513641357, 363.313781738, 155.823577881, 109.739494324, 173.469619751, 74.0670623779, 96.9261932373, 95.486907959, 85.6685256958, 62.6234359741, 65.0739440918, 86.8382492065, 77.2410202026, 49.5819892883, 70.3216018677, 91.8576507568, 12.7317447662, 4.75988197327, 2.73158454895, 0.479414999485, 0.0830097720027, 0.0103292418644, 0.000715245667379], "mean": [0.808501541615, 7.03655862808, 10.5472745895, 14.9512414932, 17.3819637299, 27.8750400543, 23.166469574, 14.0424833298, 13.6979417801, 17.2802562714, 14.547162056, 9.5330657959, 15.511218071, 22.5031585693, 11.5059537888, 9.7652130127, 7.02092313766, 4.39185667038, 5.41893768311, 3.83988642693, 3.2216899395, 4.15020418167, 3.1315703392, 2.8539648056, 3.69105935097, 3.87641072273, 4.35203838348, 4.82712841034, 3.88425898552, 3.55507278442, 2.93960118294, 1.87455606461, 1.18329012394, 0.468783736229, 0.209984451532, 0.0774051770568, 0.0209757164121, 0.00343190832064, 0.000383771170164, 8.060784603e-05], "median": [0.382946878672, 5.45144939423, 7.01727581024, 6.77283763885, 9.35826015472, 17.8150367737, 14.3738651276, 8.76559925079, 4.68795871735, 6.77648353577, 5.62977170944, 3.58671569824, 3.65259504318, 2.70422387123, 1.83579206467, 1.34914052486, 0.65516936779, 0.534066259861, 0.330465257168, 0.215615808964, 0.172580510378, 0.219153657556, 0.24692364037, 0.240065157413, 0.321045458317, 0.368255883455, 0.418877333403, 0.45198237896, 0.379605561495, 0.297888606787, 0.175582915545, 0.0952705591917, 0.0369357466698, 0.0136985071003, 0.00593508919701, 0.00252983835526, 0.00104800309055, 0.00038587290328, 0.000127334642457, 6.10915521975e-05], "min": [6.93186130718e-09, 5.96841829292e-08, 1.90142770862e-07, 2.87640489205e-07, 1.43242755257e-06, 8.98893995327e-06, 1.19253918456e-05, 2.76470382232e-06, 5.39977918379e-06, 1.25390515677e-05, 6.59522702335e-05, 6.2300117861e-05, 2.04146417673e-05, 5.83321798331e-06, 3.9590162487e-05, 5.77867140237e-05, 5.1415488997e-05, 2.4719576686e-05, 2.70107757387e-05, 3.55577067239e-05, 1.87903860933e-05, 3.41153499903e-05, 4.9846174079e-05, 4.36221416749e-05, 6.24959720881e-05, 0.000114349742944, 8.4502484242e-05, 0.000153069326188, 4.50448787888e-05, 6.68597422191e-05, 8.61181179062e-05, 0.000130669475766, 7.21978285583e-05, 4.62573298137e-05, 1.97226072487e-05, 2.82292580778e-06, 2.51083270086e-06, 1.22189487683e-06, 2.99649485669e-07, 2.1329544353e-08], "var": [1.51166832447, 57.3825073242, 121.274101257, 501.591247559, 491.776580811, 1097.02893066, 786.812805176, 279.514648438, 1767.53271484, 725.742492676, 968.256713867, 311.264434814, 2282.99169922, 4886.97558594, 1904.23046875, 1373.7824707, 1328.91210938, 169.523574829, 581.708679199, 193.771728516, 116.447799683, 228.353164673, 57.5876274109, 53.3685455322, 90.9849777222, 75.8371963501, 77.1264953613, 100.556167603, 64.7893981934, 58.6097259521, 41.7301445007, 20.2603263855, 18.4565963745, 1.37902653217, 0.302567988634, 0.0510250478983, 0.00316352723166, 7.67101664678e-05, 6.93331514867e-07, 4.96590146781e-09]}, "gfcc": {"mean": [-59.7923202515, 137.238220215, -47.7117576599, 43.1788711548, -59.9930763245, 10.1970939636, -16.0378875732, -4.88451623917, -16.9225978851, -4.78617429733, -9.90510559082, -0.313514262438, -5.87500190735], "cov": [[7005.70556641, -2769.56347656, -1763.74816895, 681.987976074, -197.662750244, 765.02355957, -636.830688477, 411.16796875, -283.025482178, 190.523757935, -339.934997559, 68.4166183472, -194.729660034], [-2769.56347656, 2324.01147461, 699.308349609, -840.20690918, 37.6190032959, -337.875671387, 547.327331543, -268.093078613, 190.279418945, -166.894104004, 214.915802002, -102.605865479, 76.6543655396], [-1763.74816895, 699.308349609, 983.032226562, -84.3482589722, 132.752609253, -202.769866943, 195.391693115, -46.4827384949, 90.436920166, 11.0998392105, 70.884185791, 7.4722442627, 7.60527467728], [681.987976074, -840.20690918, -84.3482589722, 743.149841309, 146.126525879, 79.4054870605, -181.3931427, 100.579711914, 11.5983505249, 85.265083313, -30.6874923706, 53.6902923584, 60.1349754333], [-197.662750244, 37.6190032959, 132.752609253, 146.126525879, 265.806396484, 28.0446052551, -0.675118327141, -6.39891672134, 36.5783843994, 37.2852401733, 39.9673500061, 7.05632591248, 36.9989318848], [765.02355957, -337.875671387, -202.769866943, 79.4054870605, 28.0446052551, 249.443572998, -46.2030181885, 17.3024215698, -21.5423069, 35.938457489, -6.56776428223, 20.1904296875, 2.10965037346], [-636.830688477, 547.327331543, 195.391693115, -181.3931427, -0.675118327141, -46.2030181885, 257.783569336, -25.6874427795, 30.0512886047, -39.031578064, 40.3958625793, 8.44545650482, 25.0949707031], [411.16796875, -268.093078613, -46.4827384949, 100.579711914, -6.39891672134, 17.3024215698, -25.6874427795, 154.506622314, 6.21994543076, 7.9113650322, -34.9468688965, 6.32876968384, -8.68263435364], [-283.025482178, 190.279418945, 90.436920166, 11.5983505249, 36.5783843994, -21.5423069, 30.0512886047, 6.21994543076, 117.29523468, 19.6612129211, 39.4593315125, -13.9096355438, 22.0624256134], [190.523757935, -166.894104004, 11.0998392105, 85.265083313, 37.2852401733, 35.938457489, -39.031578064, 7.9113650322, 19.6612129211, 102.282020569, 8.59767913818, 17.1790390015, -6.72214794159], [-339.934997559, 214.915802002, 70.884185791, -30.6874923706, 39.9673500061, -6.56776428223, 40.3958625793, -34.9468688965, 39.4593315125, 8.59767913818, 98.1183319092, 10.4912786484, 27.1609230042], [68.4166183472, -102.605865479, 7.4722442627, 53.6902923584, 7.05632591248, 20.1904296875, 8.44545650482, 6.32876968384, -13.9096355438, 17.1790390015, 10.4912786484, 87.9441833496, 27.3597297668], [-194.729660034, 76.6543655396, 7.60527467728, 60.1349754333, 36.9989318848, 2.10965037346, 25.0949707031, -8.68263435364, 22.0624256134, -6.72214794159, 27.1609230042, 27.3597297668, 90.0474472046]], "icov": [[0.000702350283973, -0.000671265472192, 0.000867394090164, -0.000624253996648, 0.000299366598483, -0.0015573684359, 0.00104213599116, -0.00158885179553, 0.000983919715509, -0.00105946185067, 0.00124436570331, -0.000923425948713, 0.00148882740177], [-0.000671265472192, 0.00687182322145, -0.00162249268033, 0.00468536280096, -0.00211797072552, 0.00519224116579, -0.00758179882541, 0.00659477710724, -0.00626785960048, 0.00469830585644, -0.00514149712399, 0.00529845617712, -0.00496850209311], [0.000867394090164, -0.00162249268033, 0.00288501521572, -0.00135186465923, -0.000296456884826, -0.00106757832691, 0.00100648216903, -0.00233935611323, 0.00126771640498, -0.00222001713701, 0.00189471116755, -0.00223024515435, 0.00318662589416], [-0.000624253996648, 0.00468536280096, -0.00135186465923, 0.00569196604192, -0.00250661652535, 0.00370847387239, -0.00368404202163, 0.00354101276025, -0.00448825629428, 0.00239440659061, -0.00282335001975, 0.00290023768321, -0.00546547397971], [0.000299366598483, -0.00211797072552, -0.000296456884826, -0.00250661652535, 0.00607308698818, -0.0027952704113, 0.00240120361559, -0.00184329564217, 0.00193088036031, -0.00235822587274, 0.000195134998648, -0.000442184857093, 0.000298947852571], [-0.0015573684359, 0.00519224116579, -0.00106757832691, 0.00370847387239, -0.0027952704113, 0.0111885806546, -0.0066446615383, 0.00634649349377, -0.00472019566223, 0.00284180836752, -0.00532635487616, 0.00382582540624, -0.00501131871715], [0.00104213599116, -0.00758179882541, 0.00100648216903, -0.00368404202163, 0.00240120361559, -0.0066446615383, 0.0148994773626, -0.00825199298561, 0.00629073102027, -0.00374961784109, 0.00528092496097, -0.00716491043568, 0.00406700978056], [-0.00158885179553, 0.00659477710724, -0.00233935611323, 0.00354101276025, -0.00184329564217, 0.00634649349377, -0.00825199298561, 0.0158332604915, -0.00853690411896, 0.00591359985992, -0.00322383106686, 0.00464909337461, -0.004688994959], [0.000983919715509, -0.00626785960048, 0.00126771640498, -0.00448825629428, 0.00193088036031, -0.00472019566223, 0.00629073102027, -0.00853690411896, 0.0184538569301, -0.00780282402411, 0.000888408860192, -0.000779556867201, 0.00195958674885], [-0.00105946185067, 0.00469830585644, -0.00222001713701, 0.00239440659061, -0.00235822587274, 0.00284180836752, -0.00374961784109, 0.00591359985992, -0.00780282402411, 0.0174059867859, -0.00508942827582, 0.000677245261613, -0.000644105719402], [0.00124436570331, -0.00514149712399, 0.00189471116755, -0.00282335001975, 0.000195134998648, -0.00532635487616, 0.00528092496097, -0.00322383106686, 0.000888408860192, -0.00508942827582, 0.0198613610119, -0.0064628184773, 0.00243051955476], [-0.000923425948713, 0.00529845617712, -0.00223024515435, 0.00290023768321, -0.000442184857093, 0.00382582540624, -0.00716491043568, 0.00464909337461, -0.000779556867201, 0.000677245261613, -0.0064628184773, 0.019673017785, -0.00950514897704], [0.00148882740177, -0.00496850209311, 0.00318662589416, -0.00546547397971, 0.000298947852571, -0.00501131871715, 0.00406700978056, -0.004688994959, 0.00195958674885, -0.000644105719402, 0.00243051955476, -0.00950514897704, 0.0219709109515]]}, "melbands": {"dmean": [0.00423224130645, 0.0027042676229, 0.00129483605269, 0.000810104364064, 0.000313185766572, 0.000114073693112, 6.91565946909e-05, 7.12176115485e-05, 7.57559973863e-05, 4.17815535911e-05, 7.26379948901e-05, 6.17932164459e-05, 3.62040518667e-05, 5.09922101628e-05, 1.62421001733e-05, 1.08114199975e-05, 8.11987592897e-06, 7.50402705307e-06, 7.45409352021e-06, 4.63143533125e-06, 4.43475937573e-06, 5.74172372581e-06, 3.49196125171e-06, 2.23363576879e-06, 2.13171460928e-06, 3.11751364279e-06, 2.72175975624e-06, 2.27446662393e-06, 1.81071550287e-06, 1.78865593625e-06, 1.89209742985e-06, 1.64538494118e-06, 1.27309556319e-06, 1.58803391059e-06, 1.43801287322e-06, 1.00530905911e-06, 9.84005168903e-07, 6.18204353486e-07, 4.66443879077e-07, 2.65777259756e-07], "dmean2": [0.0074974684976, 0.00457040267065, 0.00218738941476, 0.00142049870919, 0.000466916884761, 0.000163412536494, 8.73624740052e-05, 0.000107452404336, 0.000127123625134, 6.51074878988e-05, 0.000125094127725, 8.55895777931e-05, 5.71621385461e-05, 8.89431976248e-05, 2.46236959356e-05, 1.70074272319e-05, 1.28891178974e-05, 1.14582635433e-05, 1.28033962028e-05, 7.92317587184e-06, 7.35443154554e-06, 9.78440129984e-06, 5.77034415983e-06, 3.66371386917e-06, 3.49161518898e-06, 5.20344110555e-06, 4.72398005513e-06, 3.92076572098e-06, 2.7238131679e-06, 2.81638926936e-06, 3.04420132125e-06, 2.61843547378e-06, 2.01911188924e-06, 2.50036009675e-06, 2.28667181545e-06, 1.59149215051e-06, 1.585635232e-06, 9.43247698615e-07, 7.37400000617e-07, 4.34229860957e-07], "dvar": [0.000123533798615, 3.3726417314e-05, 6.48887998977e-06, 3.96289124183e-06, 2.37528951175e-07, 3.55333824587e-08, 3.38432393221e-08, 2.90517014889e-08, 6.6527597653e-08, 1.69090483837e-08, 8.88261695309e-08, 3.68673127582e-08, 1.82116988157e-08, 6.85185170823e-08, 4.89273865867e-09, 2.06221906218e-09, 6.46004139071e-10, 7.10352998645e-10, 7.92957532969e-10, 2.79758910482e-10, 2.14239959107e-10, 4.60829013837e-10, 1.04976694004e-10, 3.32154165283e-11, 3.67822265701e-11, 8.72106900585e-11, 4.21802905104e-11, 3.59142229844e-11, 1.25623799557e-11, 1.39485567194e-11, 1.51603157111e-11, 1.07583135109e-11, 6.8867372742e-12, 1.22777881612e-11, 9.62704221896e-12, 4.38128049465e-12, 8.86113751819e-12, 4.78118629757e-12, 3.47613084151e-12, 3.43278113183e-13], "dvar2": [0.000352926290361, 9.15802665986e-05, 1.81818450073e-05, 1.25591932374e-05, 5.82689835937e-07, 7.68887105096e-08, 3.39938033278e-08, 8.11048082028e-08, 1.8738624874e-07, 4.59230200534e-08, 2.5613334742e-07, 8.2445467342e-08, 4.87115698888e-08, 1.94484940153e-07, 1.06419459911e-08, 4.33766134122e-09, 1.65142755026e-09, 1.30498511997e-09, 2.06065431385e-09, 7.3577327564e-10, 5.51613255073e-10, 1.24807986168e-09, 2.68087829713e-10, 8.73469838125e-11, 9.48756628816e-11, 2.1900922742e-10, 1.1318560672e-10, 9.38743596746e-11, 2.63085334767e-11, 3.10832956596e-11, 3.43545678017e-11, 2.30516578048e-11, 1.48774256803e-11, 2.67649513663e-11, 2.30479923341e-11, 1.02615346775e-11, 1.98339417806e-11, 9.3453994543e-12, 7.12894977425e-12, 8.74758327839e-13], "max": [0.136205688119, 0.0625959858298, 0.0293217934668, 0.0273085739464, 0.00721809267998, 0.00407856237143, 0.00882717501372, 0.00176275125705, 0.00318939075805, 0.0013552501332, 0.00285146781243, 0.00336721702479, 0.00142770633101, 0.00279977871105, 0.00162288348656, 0.00115892570466, 0.000255644146819, 0.000541144807357, 0.000250260374742, 0.000180501054274, 0.00013319971913, 0.000232645703363, 0.00010225900769, 9.4110815553e-05, 7.63798016123e-05, 7.75705484557e-05, 4.73628606414e-05, 6.53934839647e-05, 4.5772496378e-05, 3.58874203812e-05, 4.31411826867e-05, 5.67088500247e-05, 4.72415376862e-05, 4.58644499304e-05, 3.1730178307e-05, 1.70107159647e-05, 7.20023963368e-05, 5.95595811319e-05, 5.51844168513e-05, 7.54702023187e-06], "mean": [0.00822012126446, 0.00715741189197, 0.00262296409346, 0.00163331802469, 0.000923964544199, 0.000326423294609, 0.000216922431719, 0.000172134008608, 0.00010679630941, 6.14069867879e-05, 7.65742515796e-05, 9.1655216238e-05, 3.63062026736e-05, 4.06384351663e-05, 1.75394070538e-05, 1.12015395644e-05, 7.6248888945e-06, 8.01504666015e-06, 6.7705350375e-06, 3.82091093343e-06, 3.90622972191e-06, 4.59398461317e-06, 3.28225701196e-06, 2.35728089137e-06, 2.23436359192e-06, 2.92819072456e-06, 2.53371376857e-06, 2.53987082033e-06, 2.77487538369e-06, 2.7234486879e-06, 2.70788905254e-06, 2.30247815125e-06, 1.83823783573e-06, 2.08624260267e-06, 1.73212879417e-06, 1.26650468246e-06, 1.14679596663e-06, 8.67569553975e-07, 5.88307671023e-07, 3.36210547403e-07], "median": [0.00559135619551, 0.00552284857258, 0.00142777431756, 0.00102904625237, 0.000667682907078, 0.000203467978281, 7.61420233175e-05, 7.51094848965e-05, 3.73048605979e-05, 1.99362311832e-05, 1.76865669346e-05, 9.99145140668e-06, 4.71860494144e-06, 3.17224021273e-06, 2.23959932555e-06, 1.13781845812e-06, 8.36395031456e-07, 4.7486753374e-07, 3.62593027603e-07, 2.03836819423e-07, 1.86772311395e-07, 2.17268691927e-07, 2.31663022987e-07, 2.17107327671e-07, 1.85885639326e-07, 2.08983649941e-07, 2.35566218976e-07, 2.37363082078e-07, 2.38038737166e-07, 2.9426820447e-07, 2.33560967899e-07, 2.06927168733e-07, 1.9373305804e-07, 1.44998807627e-07, 1.01224202353e-07, 7.69483676777e-08, 4.64919089893e-08, 2.64230575198e-08, 1.59222164342e-08, 9.59367874032e-09], "min": [6.75361919167e-11, 9.6088512147e-11, 5.42056156905e-11, 3.51660589537e-10, 4.48898557215e-10, 7.28058238697e-11, 7.56174289851e-11, 2.06798689284e-10, 5.58955159935e-10, 3.52939344417e-10, 8.9794296998e-11, 1.28667744861e-11, 9.69954255803e-11, 1.59125074228e-10, 1.87833498755e-10, 5.83562295708e-11, 4.80443636264e-11, 4.18316874196e-11, 4.56829643558e-11, 4.20907579624e-11, 1.41709682183e-11, 2.16861129748e-11, 7.26680729479e-11, 2.94201746298e-11, 3.11373947459e-11, 3.48824372165e-11, 4.91386549506e-11, 9.20551829209e-11, 5.88731771667e-11, 5.03400238161e-11, 9.61394713839e-11, 2.63165860631e-11, 1.02616092706e-11, 5.29498840607e-11, 5.25772064774e-11, 6.60123206098e-11, 7.86422246768e-11, 6.1304211707e-11, 2.72455096678e-11, 4.73764673325e-11], "var": [0.000110472712549, 4.36192203779e-05, 1.27149105538e-05, 4.30701220466e-06, 8.10803442164e-07, 1.47918896687e-07, 4.14715941588e-07, 6.67629223017e-08, 5.14946343344e-08, 1.57864423755e-08, 5.49641647751e-08, 8.53677235568e-08, 1.45903484849e-08, 4.23991401988e-08, 5.4604885058e-09, 2.42438713549e-09, 5.5473864391e-10, 1.24163701543e-09, 6.75919542559e-10, 2.10768458242e-10, 1.81245379816e-10, 3.31993266212e-10, 9.43075409432e-11, 3.11162207112e-11, 3.41571979035e-11, 7.71207125938e-11, 3.52304123374e-11, 3.57044185884e-11, 3.65317255613e-11, 3.09624687e-11, 3.14015653757e-11, 2.36732456554e-11, 1.48242616099e-11, 2.31795641709e-11, 1.45744874502e-11, 7.38379930115e-12, 1.160148453e-11, 9.04327654427e-12, 5.88540978105e-12, 6.74974019819e-13]}, "mfcc": {"mean": [-722.562805176, 163.44543457, 63.476184845, 43.7947883606, -3.838534832, 18.3326015472, 4.33421754837, 9.06402301788, -0.844048917294, 1.43471860886, -2.28843593597, 0.208376809955, -2.86953830719], "cov": [[8478.25097656, -3486.09228516, -1580.21899414, -360.031982422, 231.752258301, 153.398910522, -86.7692718506, 74.1756515503, 54.1856422424, 54.277545929, -125.100318909, 13.9015464783, -19.8365345001], [-3486.09228516, 2824.52075195, 589.852233887, -278.565185547, -457.996002197, -109.823516846, 87.60572052, 15.1900529861, -39.4764938354, 2.90509819984, 95.8035125732, -10.0758256912, 9.1184835434], [-1580.21899414, 589.852233887, 628.260498047, 138.407531738, -29.1788387299, -30.8109149933, 23.6641712189, 5.10847234726, 14.5410470963, 2.85678553581, 55.911781311, 25.8726787567, 2.44450688362], [-360.031982422, -278.565185547, 138.407531738, 447.707702637, 194.061843872, 28.0650367737, -7.54207086563, -6.17176580429, 42.6814041138, -3.58785796165, 21.3782672882, 4.16275501251, 34.1539039612], [231.752258301, -457.996002197, -29.1788387299, 194.061843872, 342.363983154, 74.4786911011, -3.30401301384, -26.8195457458, 19.4325447083, 38.4252929688, 2.57443451881, 3.76643109322, 2.24478673935], [153.398910522, -109.823516846, -30.8109149933, 28.0650367737, 74.4786911011, 213.467163086, 36.0257339478, -4.48411655426, -23.5000934601, 12.4994821548, 20.4832687378, -12.7244300842, 17.9465274811], [-86.7692718506, 87.60572052, 23.6641712189, -7.54207086563, -3.30401301384, 36.0257339478, 116.294975281, 34.9210586548, 16.4309387207, -17.8206481934, 7.12668085098, 10.7789392471, 8.89288425446], [74.1756515503, 15.1900529861, 5.10847234726, -6.17176580429, -26.8195457458, -4.48411655426, 34.9210586548, 99.1937484741, 31.0474815369, -3.16062355042, -5.16357421875, 5.66563892365, 15.2022838593], [54.1856422424, -39.4764938354, 14.5410470963, 42.6814041138, 19.4325447083, -23.5000934601, 16.4309387207, 31.0474815369, 93.3567276001, 12.4312524796, 8.38185405731, -1.65427577496, 14.8106994629], [54.277545929, 2.90509819984, 2.85678553581, -3.58785796165, 38.4252929688, 12.4994821548, -17.8206481934, -3.16062355042, 12.4312524796, 95.5500030518, 19.6425418854, -3.48792028427, -8.43310928345], [-125.100318909, 95.8035125732, 55.911781311, 21.3782672882, 2.57443451881, 20.4832687378, 7.12668085098, -5.16357421875, 8.38185405731, 19.6425418854, 76.8481521606, 19.6479225159, 12.1130409241], [13.9015464783, -10.0758256912, 25.8726787567, 4.16275501251, 3.76643109322, -12.7244300842, 10.7789392471, 5.66563892365, -1.65427577496, -3.48792028427, 19.6479225159, 75.7232055664, 17.3428287506], [-19.8365345001, 9.1184835434, 2.44450688362, 34.1539039612, 2.24478673935, 17.9465274811, 8.89288425446, 15.2022838593, 14.8106994629, -8.43310928345, 12.1130409241, 17.3428287506, 60.4077606201]], "icov": [[0.000481957802549, 0.000549418502487, 0.00065046484815, 0.000459139264422, 0.000259194872342, -0.00013137847418, 2.45010924118e-05, -0.000328682217514, -0.000285745394649, -0.000279300613329, -0.000350594345946, -0.000219109235331, 6.21986982878e-05], [0.000549418502487, 0.00130489689764, 0.000109085704025, 0.00086842244491, 0.000917048426345, 0.000155298315804, -0.000570840027649, -0.000145141690155, 7.69279868109e-05, -0.000670274428558, -0.000939266232308, 0.000391226843931, -0.000508030876517], [0.00065046484815, 0.000109085704025, 0.00344988028519, -0.000632828508969, 0.00040872360114, -0.000104493585241, 2.45336523221e-05, -0.000643422012217, -0.000563113542739, -0.000281035521766, -0.00119168998208, -0.00125288020354, 0.00128697487526], [0.000459139264422, 0.00086842244491, -0.000632828508969, 0.00442563649267, -0.00178084068466, 0.000126629136503, 0.000536730105523, -0.000249250675552, -0.00111114804167, 0.000920262245927, -0.0011524806032, 0.000844096532091, -0.00205498514697], [0.000259194872342, 0.000917048426345, 0.00040872360114, -0.00178084068466, 0.00574693130329, -0.00139643426519, -0.000816788640805, 0.00143084896263, -0.000780482369009, -0.00247833412141, 0.000657796685118, -0.000985441030934, 0.000894864497241], [-0.00013137847418, 0.000155298315804, -0.000104493585241, 0.000126629136503, -0.00139643426519, 0.00692596612498, -0.00295170256868, 0.000122399549582, 0.00350198638625, -0.00095961347688, -0.00230961223133, 0.00307011650875, -0.00314683141187], [2.45010924118e-05, -0.000570840027649, 2.45336523221e-05, 0.000536730105523, -0.000816788640805, -0.00295170256868, 0.0120596215129, -0.00368425715715, -0.00270245759748, 0.0033242716454, -0.000209979014471, -0.00224695331417, 0.00166272814386], [-0.000328682217514, -0.000145141690155, -0.000643422012217, -0.000249250675552, 0.00143084896263, 0.000122399549582, -0.00368425715715, 0.0136782834306, -0.00353114935569, -0.000921293452848, 0.00250275805593, -0.000462113501271, -0.00254055135883], [-0.000285745394649, 7.69279868109e-05, -0.000563113542739, -0.00111114804167, -0.000780482369009, 0.00350198638625, -0.00270245759748, -0.00353114935569, 0.0153647419065, -0.00243427674286, -0.00201058271341, 0.00320889265276, -0.00380437029526], [-0.000279300613329, -0.000670274428558, -0.000281035521766, 0.000920262245927, -0.00247833412141, -0.00095961347688, 0.0033242716454, -0.000921293452848, -0.00243427674286, 0.0136828860268, -0.00346787972376, 0.00042355430196, 0.00270097749308], [-0.000350594345946, -0.000939266232308, -0.00119168998208, -0.0011524806032, 0.000657796685118, -0.00230961223133, -0.000209979014471, 0.00250275805593, -0.00201058271341, -0.00346787972376, 0.0181317292154, -0.004738220945, -0.00147738622036], [-0.000219109235331, 0.000391226843931, -0.00125288020354, 0.000844096532091, -0.000985441030934, 0.00307011650875, -0.00224695331417, -0.000462113501271, 0.00320889265276, 0.00042355430196, -0.004738220945, 0.0172258336097, -0.00570892728865], [6.21986982878e-05, -0.000508030876517, 0.00128697487526, -0.00205498514697, 0.000894864497241, -0.00314683141187, 0.00166272814386, -0.00254055135883, -0.00380437029526, 0.00270097749308, -0.00147738622036, -0.00570892728865, 0.0223023537546]]}, "spectral_contrast_coeffs": {"dmean": [0.0445238649845, 0.039450276643, 0.0403060875833, 0.0285959187895, 0.0185805633664, 0.0171899646521], "dmean2": [0.0724601373076, 0.0627190992236, 0.0635729953647, 0.0445242375135, 0.0295157656074, 0.027938682586], "dvar": [0.00156345800497, 0.00144513393752, 0.0015351572074, 0.000839819957037, 0.000352686765837, 0.000290104013402], "dvar2": [0.00404702546075, 0.00365043291822, 0.00375159434043, 0.00170148396865, 0.000757411937229, 0.000646319414955], "max": [-0.30353012681, -0.414175122976, -0.468921273947, -0.407415568829, -0.636572003365, -0.664570868015], "mean": [-0.62991219759, -0.683039546013, -0.742212951183, -0.824819922447, -0.850371658802, -0.764390945435], "median": [-0.634632706642, -0.686990261078, -0.745874226093, -0.840976715088, -0.860101819038, -0.763767123222], "min": [-0.832979083061, -0.96020591259, -0.919987797737, -0.928053319454, -0.911139011383, -0.87070530653], "var": [0.00830579455942, 0.00558240385726, 0.00702409725636, 0.00385784124956, 0.00140789209399, 0.00103350565769]}, "spectral_contrast_valleys": {"dmean": [0.381325811148, 0.359044849873, 0.454617351294, 0.506658554077, 0.490615189075, 0.590699017048], "dmean2": [0.60938835144, 0.567482531071, 0.698312282562, 0.739580750465, 0.693203508854, 0.777455031872], "dvar": [0.206139922142, 0.212856650352, 0.343723028898, 0.495538234711, 0.490848302841, 0.535944163799], "dvar2": [0.366245448589, 0.439924418926, 0.660706698895, 0.919073462486, 0.981914639473, 1.04219460487], "max": [-4.82699966431, -4.67131948471, -5.23366832733, -5.79246711731,