{"lowlevel": {"average_loudness": 0.521333158016, "barkbands_crest": {"dmean": 2.52344250679, "dmean2": 3.83357858658, "dvar": 7.42461776733, "dvar2": 15.799077034, "max": 26.4817466736, "mean": 13.330163002, "median": 12.2326078415, "min": 2.01668262482, "var": 43.2703514099}, "barkbands_flatness_db": {"dmean": 0.028239255771, "dmean2": 0.0384331196547, "dvar": 0.000942226615734, "dvar2": 0.00176880520303, "max": 0.450596064329, "mean": 0.147163853049, "median": 0.131242409348, "min": 0.0116409147158, "var": 0.00632925936952}, "barkbands_kurtosis": {"dmean": 9.67732620239, "dmean2": 14.3065166473, "dvar": 659.885620117, "dvar2": 1491.8170166, "max": 837.595153809, "mean": 16.3230857849, "median": 3.70515680313, "min": -1.81117904186, "var": 1478.70214844}, "barkbands_skewness": {"dmean": 0.915327191353, "dmean2": 1.29385793209, "dvar": 1.28983998299, "dvar2": 2.47998690605, "max": 21.6166229248, "mean": 2.60485577583, "median": 1.95202660561, "min": -2.60638046265, "var": 6.90466594696}, "barkbands_spread": {"dmean": 7.71113395691, "dmean2": 10.9529905319, "dvar": 90.123878479, "dvar2": 181.908401489, "max": 116.544914246, "mean": 24.1658992767, "median": 19.3414268494, "min": 0.195313856006, "var": 352.570251465}, "dissonance": {"dmean": 0.0202051326632, "dmean2": 0.0325808599591, "dvar": 0.000409869011492, "dvar2": 0.00103486934677, "max": 0.500000059605, "mean": 0.46158733964, "median": 0.468258589506, "min": 0.268261939287, "var": 0.000836199091282}, "dynamic_complexity": 4.61418056488, "erbbands_crest": {"dmean": 2.77694702148, "dmean2": 4.20810127258, "dvar": 7.36569690704, "dvar2": 14.2188692093, "max": 32.8785400391, "mean": 8.79213809967, "median": 7.41684579849, "min": 2.38875389099, "var": 23.9264068604}, "erbbands_flatness_db": {"dmean": 0.0212914850563, "dmean2": 0.0293519403785, "dvar": 0.000562910747249, "dvar2": 0.00105454598088, "max": 0.343684971333, "mean": 0.120440237224, "median": 0.107091806829, "min": 0.0277020558715, "var": 0.00263277674094}, "erbbands_kurtosis": {"dmean": 0.918082714081, "dmean2": 1.38440847397, "dvar": 1.70850968361, "dvar2": 3.6566388607, "max": 23.8512115479, "mean": 0.360763788223, "median": -0.110000610352, "min": -1.69971764088, "var": 3.69094824791}, "erbbands_skewness": {"dmean": 0.3675609231, "dmean2": 0.547977387905, "dvar": 0.126227587461, "dvar2": 0.272374421358, "max": 4.51688957214, "mean": 0.120035208762, "median": 0.112084850669, "min": -2.59630227089, "var": 0.524752318859}, "erbbands_spread": {"dmean": 12.0501317978, "dmean2": 17.6422386169, "dvar": 178.902679443, "dvar2": 373.605895996, "max": 166.585159302, "mean": 47.358089447, "median": 43.3859634399, "min": 4.29675245285, "var": 566.629089355}, "hfc": {"dmean": 10.5738983154, "dmean2": 14.0818595886, "dvar": 306.419036865, "dvar2": 635.09954834, "max": 225.139144897, "mean": 21.6485805511, "median": 12.5732145309, "min": 1.1738669627e-16, "var": 659.759155273}, "melbands_crest": {"dmean": 3.0259346962, "dmean2": 4.59824562073, "dvar": 9.3077878952, "dvar2": 19.6597824097, "max": 34.9686393738, "mean": 17.5387210846, "median": 18.2081623077, "min": 1.51995527744, "var": 46.303768158}, "melbands_flatness_db": {"dmean": 0.0343765579164, "dmean2": 0.0454269833863, "dvar": 0.00143922283314, "dvar2": 0.00254628714174, "max": 0.609334349632, "mean": 0.232439741492, "median": 0.222510814667, "min": 0.00363052170724, "var": 0.0125117134303}, "melbands_kurtosis": {"dmean": 20.1448574066, "dmean2": 29.3767433167, "dvar": 1220.9901123, "dvar2": 2494.68823242, "max": 515.116455078, "mean": 39.9438896179, "median": 14.4482078552, "min": -1.7789400816, "var": 3492.48461914}, "melbands_skewness": {"dmean": 1.1891900301, "dmean2": 1.67511367798, "dvar": 2.01830935478, "dvar2": 3.93034911156, "max": 16.8025379181, "mean": 4.23816728592, "median": 3.40429496765, "min": -1.2902289629, "var": 9.88174057007}, "melbands_spread": {"dmean": 7.27446842194, "dmean2": 10.5089998245, "dvar": 106.198959351, "dvar2": 206.733444214, "max": 170.62411499, "mean": 22.8859825134, "median": 14.6395530701, "min": 0.289485782385, "var": 662.245605469}, "pitch_salience": {"dmean": 0.0756532028317, "dmean2": 0.117255412042, "dvar": 0.00669872015715, "dvar2": 0.0151565000415, "max": 0.93079918623, "mean": 0.421244978905, "median": 0.440600723028, "min": 0.0655931010842, "var": 0.0327599719167}, "silence_rate_20dB": {"dmean": 0.00058038305724, "dmean2": 0.00116093456745, "dvar": 0.000580003543291, "dvar2": 0.00115962780546, "max": 1, "mean": 0.999419689178, "median": 1, "min": 0, "var": 0.000579919433221}, "silence_rate_30dB": {"dmean": 0.0850261151791, "dmean2": 0.170076906681, "dvar": 0.0777969658375, "dvar2": 0.163502261043, "max": 1, "mean": 0.86058318615, "median": 1, "min": 0, "var": 0.119970783591}, "silence_rate_60dB": {"dmean": 0.0420777723193, "dmean2": 0.0841677561402, "dvar": 0.0403067916632, "dvar2": 0.0904305949807, "max": 1, "mean": 0.127375602722, "median": 0, "min": 0, "var": 0.111159920692}, "spectral_centroid": {"dmean": 314.186889648, "dmean2": 451.564361572, "dvar": 123434.328125, "dvar2": 245092.84375, "max": 10282.5371094, "mean": 1479.18225098, "median": 1216.59350586, "min": 111.171585083, "var": 803540.125}, "spectral_complexity": {"dmean": 4.38247251511, "dmean2": 6.10187196732, "dvar": 33.3013801575, "dvar2": 63.605682373, "max": 54, "mean": 14.1183805466, "median": 11, "min": 0, "var": 97.2588195801}, "spectral_decrease": {"dmean": 5.88790260991e-09, "dmean2": 8.80288997251e-09, "dvar": 1.15309242088e-16, "dvar2": 2.65051564621e-16, "max": 4.15876923003e-18, "mean": -1.16028013863e-08, "median": -4.96472019051e-09, "min": -1.52654791918e-07, "var": 2.35714260856e-16}, "spectral_energy": {"dmean": 0.0228857584298, "dmean2": 0.0340162292123, "dvar": 0.00169639498927, "dvar2": 0.00387685280293, "max": 0.579983651638, "mean": 0.0457550510764, "median": 0.0200920943171, "min": 1.08942029275e-20, "var": 0.00350175891072}, "spectral_energyband_high": {"dmean": 0.000634106865618, "dmean2": 0.000889731571078, "dvar": 1.79488586127e-06, "dvar2": 4.07951301895e-06, "max": 0.0193921029568, "mean": 0.00122953928076, "median": 0.000372754409909, "min": 7.48121129142e-21, "var": 4.07967945648e-06}, "spectral_energyband_low": {"dmean": 0.0186362545937, "dmean2": 0.02804803662, "dvar": 0.00147647666745, "dvar2": 0.00338975177146, "max": 0.576592743397, "mean": 0.0355003364384, "median": 0.0105390958488, "min": 1.56974989768e-22, "var": 0.00300264847465}, "spectral_energyband_middle_high": {"dmean": 0.00201490009204, "dmean2": 0.0025208753068, "dvar": 8.13940459921e-06, "dvar2": 1.09026814243e-05, "max": 0.0441076904535, "mean": 0.00362821458839, "median": 0.00153948669322, "min": 1.88354316526e-21, "var": 2.23162696784e-05}, "spectral_energyband_middle_low": {"dmean": 0.00499559333548, "dmean2": 0.00850486569107, "dvar": 0.000183939759154, "dvar2": 0.000500842172187, "max": 0.164667397738, "mean": 0.00632589496672, "median": 0.00292948260903, "min": 3.38700622966e-22, "var": 0.000152827953571}, "spectral_entropy": {"dmean": 0.21220959723, "dmean2": 0.292016714811, "dvar": 0.0604232512414, "dvar2": 0.108627222478, "max": 9.80713748932, "mean": 7.6670384407, "median": 7.80257940292, "min": 5.53462553024, "var": 0.281968593597}, "spectral_flux": {"dmean": 0.0403579100966, "dmean2": 0.0632904917002, "dvar": 0.00417321315035, "dvar2": 0.00910800509155, "max": 0.633182227612, "mean": 0.0864697024226, "median": 0.0582500137389, "min": 1.0437530007e-10, "var": 0.00677932193503}, "spectral_kurtosis": {"dmean": 1.5917276144, "dmean2": 2.38664698601, "dvar": 5.57661437988, "dvar2": 13.2098484039, "max": 43.9770469666, "mean": 4.93031597137, "median": 3.72794771194, "min": -1.18870830536, "var": 14.1586618423}, "spectral_rms": {"dmean": 0.00140145467594, "dmean2": 0.00195726728998, "dvar": 4.39865243607e-06, "dvar2": 9.39707297221e-06, "max": 0.0237873438746, "mean": 0.00546690681949, "median": 0.00442741950974, "min": 3.26013673523e-12, "var": 1.47520067912e-05}, "spectral_rolloff": {"dmean": 672.150268555, "dmean2": 1032.36572266, "dvar": 1982601.125, "dvar2": 3708267.25, "max": 19143.0175781, "mean": 1920.44970703, "median": 882.861328125, "min": 64.599609375, "var": 9769766}, "spectral_skewness": {"dmean": 0.225688949227, "dmean2": 0.318484187126, "dvar": 0.0716363862157, "dvar2": 0.159029781818, "max": 4.87984418869, "mean": 1.67483758926, "median": 1.58046138287, "min": 0.0661943256855, "var": 0.271376460791}, "spectral_spread": {"dmean": 962354.75, "dmean2": 1298673.375, "dvar": 1355334549500.0, "dvar2": 2338087501820.0, "max": 40362656, "mean": 6111764.5, "median": 6146892, "min": 1781951.75, "var": 4895932940290.0}, "spectral_strongpeak": {"dmean": 0.331309109926, "dmean2": 0.534491062164, "dvar": 0.455729186535, "dvar2": 1.08073592186, "max": 8.41839885712, "mean": 0.62699174881, "median": 0.446022003889, "min": 0, "var": 0.616114974022}, "zerocrossingrate": {"dmean": 0.017250880599, "dmean2": 0.0187046937644, "dvar": 0.000444215373136, "dvar2": 0.000486946461024, "max": 0.5224609375, "mean": 0.0789839029312, "median": 0.05517578125, "min": 0.00244140625, "var": 0.00629349472001}, "barkbands": {"dmean": [0.000246906303801, 0.0148322889581, 0.00439782254398, 0.00217937934212, 0.00175232393667, 0.000841538363602, 0.00056575529743, 0.000363788800314, 0.000166519414051, 0.000231604019064, 0.000318278762279, 0.000242508816882, 0.000586832640693, 0.000316358287819, 0.000253788632108, 0.000256924045971, 0.000206794866244, 0.000178854112164, 0.00017595718964, 0.000149448183947, 0.000134611371323, 7.19878589734e-05, 0.000109995438834, 5.68828363612e-05, 0.000123998266645, 0.000133051944431, 8.05525633041e-05], "dmean2": [0.00038014590973, 0.0227244701236, 0.00685011548921, 0.00389947649091, 0.00315600214526, 0.00135510205291, 0.000901461113244, 0.000526576885022, 0.000256269529928, 0.000355089345248, 0.000440439733211, 0.000352817878593, 0.000726769852918, 0.000475368025945, 0.000374683120754, 0.000379415840143, 0.000314490607707, 0.000276885344647, 0.000265264243353, 0.000230322155403, 0.000201901013497, 0.000108652457129, 0.000169195554918, 7.92924038251e-05, 0.000178987858817, 0.000204233423574, 0.000123331075883], "dvar": [2.91502914251e-07, 0.0010002439376, 0.000124468846479, 3.84825616493e-05, 3.40937258443e-05, 3.20845970236e-06, 1.94691301658e-06, 4.33775909414e-07, 6.35673274019e-08, 1.98080499558e-07, 3.1339456541e-07, 5.85316968227e-07, 2.05050469049e-06, 3.78959214231e-07, 2.63730328243e-07, 2.82626416492e-07, 1.62870335885e-07, 1.3913088992e-07, 1.27558493546e-07, 8.89877824761e-08, 7.08476761702e-08, 1.86565749516e-08, 1.66925715916e-07, 8.92728557744e-09, 1.11231763356e-07, 1.11944025605e-07, 4.64084770613e-08], "dvar2": [6.90082174515e-07, 0.00244488986209, 0.000267244206043, 0.000103172955278, 9.61387268035e-05, 9.32543480303e-06, 4.85713462695e-06, 8.30978194699e-07, 1.50303094415e-07, 4.48429972266e-07, 5.70446673009e-07, 1.07566154384e-06, 2.59392913904e-06, 8.15710222923e-07, 5.54716336865e-07, 5.85053101076e-07, 3.40004930877e-07, 3.2165706898e-07, 2.72625698017e-07, 1.96921746465e-07, 1.61392293307e-07, 4.5261224102e-08, 4.33907899833e-07, 1.91374880387e-08, 2.50163708415e-07, 2.80207416381e-07, 1.1595407301e-07], "max": [0.00795927084982, 0.552587687969, 0.125440821052, 0.0782538503408, 0.0804638341069, 0.0213985033333, 0.0159188471735, 0.00763861183077, 0.00417194096372, 0.00894768349826, 0.0194139759988, 0.0254614688456, 0.0248464383185, 0.00648199487478, 0.00976218935102, 0.0081460159272, 0.00656614080071, 0.00574104767293, 0.0073372698389, 0.00802351161838, 0.00690195756033, 0.00350245391019, 0.00681214174256, 0.00212816195562, 0.00512730469927, 0.00301695032977, 0.00194645510055], "mean": [0.000332752621034, 0.0282821841538, 0.00603642035276, 0.00183732749429, 0.00153988727834, 0.00123159750365, 0.000703287194483, 0.000553678837605, 0.000273362384178, 0.000317462749081, 0.00050629832549, 0.000336272089044, 0.000832320540212, 0.000328507070662, 0.000277916988125, 0.000285283400444, 0.000245374510996, 0.000216172222281, 0.000241552334046, 0.000234805760556, 0.000247345858952, 0.000154368477524, 0.000169004008058, 0.000130459709908, 0.000193127969396, 0.000157436399604, 9.09178197617e-05], "median": [0.000124910962768, 0.00669018458575, 0.000911542912945, 0.000179978917004, 0.000411739922129, 0.000554036581889, 0.000242147682002, 0.000228547753068, 0.000142016680911, 0.000129640422529, 0.000178302958375, 0.000100537610706, 0.000134003086714, 4.43946482847e-05, 5.73302495468e-05, 5.84862063988e-05, 5.52032033738e-05, 6.52933740639e-05, 5.99836566835e-05, 5.26585135958e-05, 5.82876091357e-05, 3.75885902031e-05, 3.56111813744e-05, 3.08163544105e-05, 5.45534276171e-05, 5.35399340151e-05, 2.0165263777e-05], "min": [2.55553714834e-23, 1.56729401591e-23, 8.63684930061e-23, 3.97863196617e-23, 3.31038284465e-23, 4.18734531348e-23, 1.03057804711e-22, 2.18698038679e-23, 8.42482873284e-23, 1.23714645007e-22, 7.61731284493e-23, 1.17312843124e-22, 9.87412966771e-23, 1.21294129449e-22, 1.60502952441e-22, 1.6348354662e-22, 3.53813430861e-22, 3.06960141801e-22, 2.27692848446e-22, 2.61357493887e-22, 5.1030076575e-22, 4.89367350821e-22, 6.97083085703e-22, 8.35049531637e-22, 1.14689228068e-21, 1.41728391063e-21, 2.45756814018e-21], "var": [3.71466256865e-07, 0.00205258559436, 0.000212884682696, 3.06016663671e-05, 2.19781031774e-05, 3.63887170352e-06, 1.99738769879e-06, 8.85087047209e-07, 1.29760309164e-07, 3.43391207025e-07, 7.71468933181e-07, 1.23189954593e-06, 5.62732293474e-06, 4.75176847203e-07, 3.40927186926e-07, 3.63631869504e-07, 2.20259565253e-07, 1.70739241412e-07, 2.3650967762e-07, 2.01076332473e-07, 2.47090952143e-07, 9.03055479284e-08, 1.99787336896e-07, 4.25592077136e-08, 1.47629080516e-07, 1.07151528539e-07, 4.33190265881e-08]}, "erbbands": {"dmean": [0.369753956795, 3.60046625137, 6.4120349884, 5.27289247513, 8.6853685379, 4.10370254517, 3.52598905563, 8.17696380615, 8.1259469986, 8.29787158966, 4.82297468185, 4.30293083191, 6.93591594696, 6.81546878815, 12.5134782791, 13.9846801758, 28.9838905334, 11.7840499878, 16.8286991119, 14.4828224182, 11.9745388031, 8.76323699951, 9.60177898407, 10.2075433731, 8.54606628418, 6.32878065109, 5.97280406952, 4.46959781647, 2.92999219894, 2.15471673012, 3.84804224968, 1.29410159588, 1.0649305582, 0.869305193424, 1.14674675465, 0.686879396439, 0.216960802674, 0.0713106021285, 0.0128466375172, 0.000953082635533], "dmean2": [0.578566670418, 5.56456756592, 9.62770080566, 9.30173397064, 15.6844654083, 7.26223039627, 5.92127799988, 13.1781740189, 12.8731031418, 12.6859798431, 7.15319871902, 6.53570842743, 10.4430074692, 10.3019332886, 17.3836307526, 19.3781661987, 35.5387382507, 16.3575019836, 24.4167366028, 21.5207099915, 17.8014717102, 13.0246906281, 14.3361463547, 15.1781959534, 13.0458784103, 9.62320423126, 9.167552948, 6.71257638931, 4.37742996216, 3.13556313515, 6.0255613327, 1.82714152336, 1.54069435596, 1.28868126869, 1.6628960371, 1.0532143116, 0.334590703249, 0.110664375126, 0.019672350958, 0.00143681420013], "dvar": [0.645173549652, 61.9136352539, 241.960479736, 181.399154663, 795.933898926, 178.125595093, 95.0774154663, 281.875457764, 326.627441406, 357.318847656, 83.7049484253, 39.1700439453, 191.312988281, 172.38180542, 427.531402588, 1570.86303711, 5427.57275391, 478.579162598, 1125.73205566, 909.671020508, 516.462280273, 238.64982605, 333.325134277, 345.702545166, 343.338012695, 185.46434021, 156.67414856, 78.58618927, 34.195941925, 21.4965820312, 265.499450684, 7.20554637909, 2.94129228592, 2.56444001198, 11.2574882507, 3.63977122307, 0.316879451275, 0.0353562384844, 0.00119329907466, 5.60185117138e-06], "dvar2": [1.6391620636, 150.575942993, 480.65322876, 491.24420166, 2210.69726562, 500.912445068, 277.883972168, 809.146728516, 816.985290527, 872.945922852, 158.830413818, 90.5883636475, 406.475585938, 401.402587891, 806.103271484, 2867.83203125, 6705.61181641, 927.635314941, 2422.62133789, 1931.0333252, 1033.37194824, 470.01071167, 718.206054688, 739.431213379, 751.327148438, 381.63494873, 380.124633789, 171.09664917, 80.7588729858, 49.9636154175, 691.818481445, 16.638381958, 6.8339343071, 6.11732673645, 25.5190505981, 8.95168590546, 0.807784855366, 0.0899763852358, 0.00299150240608, 1.34549691211e-05], "max": [12.9289369583, 131.745285034, 187.819793701, 204.781173706, 380.110717773, 198.783538818, 156.865249634, 193.214355469, 249.104370117, 326.795837402, 191.497177124, 109.7940979, 351.905578613, 243.025466919, 638.056945801, 1304.8984375, 1324.19677734, 302.737640381, 665.002441406, 423.317596436, 309.003509521, 205.704650879, 306.227539062, 273.696960449, 433.644073486, 412.762115479, 366.377990723, 238.11882019, 134.954742432, 131.831634521, 278.232177734, 59.9997825623, 25.3982505798, 17.3497333527, 52.8888893127, 26.080280304, 5.31351804733, 1.87327599525, 0.321080356836, 0.0216578673571], "mean": [0.624889433384, 6.83759117126, 10.0920228958, 5.22207403183, 6.73320913315, 4.43565797806, 4.85844945908, 11.6886959076, 11.765625, 11.3064498901, 8.26624011993, 7.40050125122, 10.3856296539, 9.0884847641, 21.3297405243, 20.9867649078, 41.8863525391, 14.5300550461, 18.2940139771, 16.6882247925, 14.2819452286, 11.1143321991, 12.5040616989, 12.8369903564, 12.6332712173, 10.5095825195, 10.7794780731, 8.07582855225, 5.86521148682, 4.55935907364, 5.4382853508, 2.88063097, 2.04847860336, 1.57547938824, 1.65718877316, 0.795523226261, 0.256315350533, 0.0821969658136, 0.0144024305046, 0.00111006316729], "median": [0.148487091064, 1.52297973633, 2.24701809883, 1.0654027462, 1.10710990429, 1.36173772812, 2.14053177834, 5.04393100739, 4.65447044373, 4.75521421432, 3.98717546463, 4.14854288101, 4.01695394516, 3.13580727577, 9.40076351166, 7.69255924225, 7.32847547531, 2.82180356979, 2.92882990837, 3.58832192421, 3.1239490509, 2.67128491402, 3.87899637222, 4.38335180283, 2.8818731308, 2.60619974136, 2.47959280014, 2.02142333984, 1.51056051254, 1.16418325901, 1.00718164444, 0.614297986031, 0.540008604527, 0.528902113438, 0.402896374464, 0.237335443497, 0.0902846306562, 0.023107022047, 0.00338496686891, 0.000267953873845], "min": [7.74822311308e-22, 4.22878155151e-21, 6.63484865127e-20, 1.61005665602e-19, 5.49419954453e-20, 1.6114162049e-19, 3.20449304014e-19, 3.24681211727e-19, 1.4030898112e-18, 1.03902735769e-18, 3.61493980159e-19, 1.4206894229e-18, 3.52805021681e-18, 3.88690887709e-18, 3.50756591612e-18, 5.00325528818e-18, 4.55116220593e-18, 4.53127637041e-18, 7.86512360455e-18, 8.3254082564e-18, 1.17515539577e-17, 1.91639185996e-17, 1.18002831675e-17, 1.91118757041e-17, 1.14608595293e-17, 1.12147997669e-17, 2.03215843366e-17, 1.62186775085e-17, 1.80694990921e-17, 1.63976876648e-17, 2.0248354037e-17, 2.1437611456e-17, 1.28833223241e-17, 1.06277099815e-17, 9.33218797792e-18, 4.39934271707e-18, 3.18083846636e-18, 1.15915455875e-18, 3.37022746466e-19, 3.798870584e-20], "var": [1.20205748081, 124.001548767, 457.317504883, 146.991500854, 530.349182129, 127.493225098, 78.9677581787, 328.144775391, 402.807739258, 431.25390625, 218.922073364, 82.0554656982, 409.310394287, 253.663040161, 1023.3536377, 3325.45239258, 14796.6308594, 740.500488281, 1464.8034668, 1103.7322998, 725.59161377, 361.931945801, 491.864715576, 495.764312744, 692.911193848, 430.478942871, 510.631011963, 237.170257568, 135.350891113, 87.5335235596, 264.935211182, 25.6303138733, 9.1526222229, 4.95940113068, 14.0643520355, 3.56606602669, 0.289614886045, 0.0329520478845, 0.00109362846706, 5.68063705941e-06]}, "gfcc": {"mean": [-28.0407371521, 57.0835037231, -85.5317382812, 19.3505935669, -36.5084266663, 11.9717760086, -22.495923996, 11.173997879, -19.7237262726, 10.0516452789, -6.78981494904, 6.55710887909, -10.4154653549], "cov": [[25931.0117188, 876.846069336, 1295.8605957, 917.986877441, 67.3251266479, 744.954956055, -244.298721313, 59.8451385498, -207.139190674, 299.497741699, -115.574752808, 38.5202789307, -275.622375488], [876.846069336, 2486.2734375, 113.905174255, 120.985336304, 671.424133301, 111.640037537, 207.06803894, 62.9964523315, 49.5221366882, -69.6864471436, 117.215080261, 32.2342834473, -3.32950615883], [1295.8605957, 113.905174255, 1353.05761719, 459.272857666, 334.780731201, 422.319549561, 176.663421631, 129.698165894, -35.5809402466, 3.40995955467, -84.8311462402, -23.7435188293, -76.2231674194], [917.986877441, 120.985336304, 459.272857666, 650.252929688, 213.384536743, 244.351928711, 134.034606934, 56.4960289001, 22.3829784393, -13.762594223, -41.3394622803, -74.8442840576, -24.2045688629], [67.3251266479, 671.424133301, 334.780731201, 213.384536743, 608.68182373, 216.030166626, 168.13192749, 89.8393249512, 56.0139122009, 15.9624032974, -0.0279462281615, -15.1623430252, -20.1566677094], [744.954956055, 111.640037537, 422.319549561, 244.351928711, 216.030166626, 302.144195557, 136.57585144, 84.2816162109, 15.3108673096, 12.9534692764, -20.1989860535, 2.14240193367, -22.9062728882], [-244.298721313, 207.06803894, 176.663421631, 134.034606934, 168.13192749, 136.57585144, 224.427825928, 121.551506042, 58.7202835083, 11.6323986053, 28.2674732208, 2.67112469673, 8.43154621124], [59.8451385498, 62.9964523315, 129.698165894, 56.4960289001, 89.8393249512, 84.2816162109, 121.551506042, 149.32635498, 61.4269676208, 35.0287246704, 15.249838829, 18.2622127533, -7.64238977432], [-207.139190674, 49.5221366882, -35.5809402466, 22.3829784393, 56.0139122009, 15.3108673096, 58.7202835083, 61.4269676208, 99.1325531006, 48.1245346069, 35.5033836365, 6.12898445129, 7.64392614365], [299.497741699, -69.6864471436, 3.40995955467, -13.762594223, 15.9624032974, 12.9534692764, 11.6323986053, 35.0287246704, 48.1245346069, 116.385932922, 61.8114814758, 23.5305366516, -11.6935939789], [-115.574752808, 117.215080261, -84.8311462402, -41.3394622803, -0.0279462281615, -20.1989860535, 28.2674732208, 15.249838829, 35.5033836365, 61.8114814758, 106.930206299, 40.0138320923, 2.91415715218], [38.5202789307, 32.2342834473, -23.7435188293, -74.8442840576, -15.1623430252, 2.14240193367, 2.67112469673, 18.2622127533, 6.12898445129, 23.5305366516, 40.0138320923, 79.9899902344, 28.8224601746], [-275.622375488, -3.32950615883, -76.2231674194, -24.2045688629, -20.1566677094, -22.9062728882, 8.43154621124, -7.64238977432, 7.64392614365, -11.6935939789, 2.91415715218, 28.8224601746, 66.6163635254]], "icov": [[5.85154957662e-05, -8.02024296718e-05, 1.72667514562e-05, -8.81791784195e-05, 0.000125949401991, -0.000177735244506, 0.000167783626239, -7.54791981308e-05, 0.000180540271685, -0.000380039622542, 0.000260968023213, -0.000109286927909, 0.000121355100418], [-8.02024296718e-05, 0.000886988360435, -1.49480338223e-05, 9.97036113404e-05, -0.00115616084076, 0.000547323259525, -0.000278392428299, 0.000108178901428, -0.000271675206022, 0.00200244272128, -0.00188242259901, -0.000160580180818, 0.000152136257384], [1.72667514562e-05, -1.49480338223e-05, 0.0016193354968, -0.000550616183318, -0.000154599067173, -0.00137507764157, -0.000177077032276, -0.000539060623851, 0.00137078145053, -0.000741696450859, 0.00121996144298, -0.000822403992061, 0.00117942946963], [-8.81791784195e-05, 9.97036113404e-05, -0.000550616183318, 0.00304615008645, -0.000181972020073, -0.00158945738804, -0.000232017409871, 0.000237291300436, -0.000863079330884, 0.000969217042439, -0.00135885062627, 0.00372858275659, -0.0017127020983], [0.000125949401991, -0.00115616084076, -0.000154599067173, -0.000181972020073, 0.00398509623483, -0.00184666225687, -0.000691814406309, 0.000470323633635, -0.000760009221267, -0.00252406159416, 0.00256582605653, 0.000307422975311, 0.00033154344419], [-0.000177735244506, 0.000547323259525, -0.00137507764157, -0.00158945738804, -0.00184666225687, 0.0101101929322, -0.00433079432696, 0.00112341891509, -0.000123173405882, 1.62215219461e-05, 0.00216019456275, -0.0048290011473, 0.00274759135209], [0.000167783626239, -0.000278392428299, -0.000177077032276, -0.000232017409871, -0.000691814406309, -0.00433079432696, 0.0145075321198, -0.00980353169143, 2.52106856351e-05, 0.0033521335572, -0.00712451385334, 0.0062671774067, -0.0060803880915], [-7.54791981308e-05, 0.000108178901428, -0.000539060623851, 0.000237291300436, 0.000470323633635, 0.00112341891509, -0.00980353169143, 0.0185645576566, -0.00777128059417, -0.00236726272851, 0.00644351867959, -0.00817661639303, 0.00679375324398], [0.000180540271685, -0.000271675206022, 0.00137078145053, -0.000863079330884, -0.000760009221267, -0.000123173405882, 2.52106856351e-05, -0.00777128059417, 0.0208490621299, -0.00728587480262, -0.00192466157023, 0.00445405673236, -0.0046929619275], [-0.000380039622542, 0.00200244272128, -0.000741696450859, 0.000969217042439, -0.00252406159416, 1.62215219461e-05, 0.0033521335572, -0.00236726272851, -0.00728587480262, 0.02213585563, -0.0139428479597, 0.000409823725931, 0.00173147185706], [0.000260968023213, -0.00188242259901, 0.00121996144298, -0.00135885062627, 0.00256582605653, 0.00216019456275, -0.00712451385334, 0.00644351867959, -0.00192466157023, -0.0139428479597, 0.0268226172775, -0.0128462165594, 0.00720602693036], [-0.000109286927909, -0.000160580180818, -0.000822403992061, 0.00372858275659, 0.000307422975311, -0.0048290011473, 0.0062671774067, -0.00817661639303, 0.00445405673236, 0.000409823725931, -0.0128462165594, 0.0294206868857, -0.0159515999258], [0.000121355100418, 0.000152136257384, 0.00117942946963, -0.0017127020983, 0.00033154344419, 0.00274759135209, -0.0060803880915, 0.00679375324398, -0.0046929619275, 0.00173147185706, 0.00720602693036, -0.0159515999258, 0.0262711942196]]}, "melbands": {"dmean": [0.00373795186169, 0.00389507343061, 0.00107409700286, 0.000473186606541, 0.000123337245896, 0.000177224908839, 0.000123050878756, 9.31283939281e-05, 3.48095672962e-05, 2.67717041424e-05, 3.46124143107e-05, 2.67027844529e-05, 4.54484434158e-05, 3.04652749037e-05, 5.72710159759e-05, 4.43040808022e-05, 2.35841744143e-05, 3.12609809043e-05, 1.56266814884e-05, 2.11222450162e-05, 1.42920471262e-05, 9.47901662585e-06, 9.65557046584e-06, 1.01193963928e-05, 8.55711732584e-06, 5.61690467293e-06, 7.80036498327e-06, 3.62425885214e-06, 3.73653892893e-06, 3.6881840515e-06, 2.55732152254e-06, 1.8171327838e-06, 1.35923255584e-06, 1.2341964748e-06, 2.61874060925e-06, 1.17183685688e-06, 7.53630843064e-07, 8.12976963971e-07, 7.28300278752e-07, 7.62432875945e-07], "dmean2": [0.00581159675494, 0.00584755279124, 0.0019054398872, 0.000845124479383, 0.000208404875593, 0.00028571576695, 0.000193283340195, 0.000140248492244, 5.17406660947e-05, 4.09107778978e-05, 5.24906099599e-05, 4.13168381783e-05, 6.28078705631e-05, 4.40230833192e-05, 7.27723672753e-05, 5.55632104806e-05, 3.47432287526e-05, 4.66674682684e-05, 2.29685610975e-05, 3.13064265356e-05, 2.23073730012e-05, 1.46276470332e-05, 1.43847528307e-05, 1.61331863637e-05, 1.28793781187e-05, 8.51808908919e-06, 1.21882549138e-05, 5.61650858799e-06, 5.80209461987e-06, 5.78917570238e-06, 3.92290939999e-06, 2.81354232357e-06, 2.11520341509e-06, 1.85085411886e-06, 4.18650552092e-06, 1.75824391135e-06, 1.10621067506e-06, 1.19526680464e-06, 1.10780501927e-06, 1.15258205824e-06], "dvar": [6.39589925413e-05, 7.6650576375e-05, 7.80092977948e-06, 2.3935349418e-06, 1.1486620366e-07, 1.32934104613e-07, 7.98584807171e-08, 3.86368164129e-08, 4.23489998624e-09, 1.63135160935e-09, 4.69569139128e-09, 3.05850034188e-09, 6.81916523249e-09, 7.26151583308e-09, 1.71450089681e-08, 1.0416689733e-08, 2.2367234731e-09, 3.96506782963e-09, 8.2171197624e-10, 2.15385509428e-09, 8.56332282861e-10, 3.27917443199e-10, 3.44810097141e-10, 5.40386124737e-10, 2.5932966885e-10, 2.27356564131e-10, 2.38289776799e-10, 6.52221679442e-11, 6.20713896948e-11, 5.71531572069e-11, 2.77574820767e-11, 1.50905156426e-11, 7.03262751853e-12, 8.05739676368e-12, 1.27854810072e-10, 1.43291429069e-11, 1.79934279282e-12, 1.84018295393e-12, 1.39113427809e-12, 1.99649476638e-12], "dvar2": [0.000160682742717, 0.00016393007536, 2.11857168324e-05, 6.65705010761e-06, 3.36519036637e-07, 3.83324731956e-07, 1.97826921067e-07, 8.97606966532e-08, 8.05058153475e-09, 3.77728248679e-09, 1.00490851196e-08, 7.30397697879e-09, 1.22352972198e-08, 1.27465646926e-08, 2.29506333937e-08, 1.34490720782e-08, 4.64635618869e-09, 8.73723848827e-09, 1.72745351357e-09, 4.49320580742e-09, 1.84756543398e-09, 7.04551972319e-10, 6.73877786905e-10, 1.30880428717e-09, 5.74883252114e-10, 4.40417508019e-10, 5.72055791626e-10, 1.44307205074e-10, 1.44960946025e-10, 1.47004061701e-10, 6.03297481416e-11, 3.8528305546e-11, 1.68810798673e-11, 1.82878972382e-11, 3.3639677155e-10, 3.63397749392e-11, 4.0693720095e-12, 4.51366461568e-12, 3.36665374398e-12, 4.84099912934e-12], "max": [0.143908366561, 0.0978800877929, 0.0325214341283, 0.0223093982786, 0.00527272513136, 0.00422652205452, 0.00371748209, 0.00335471495055, 0.00145827839151, 0.000733121356461, 0.00174109789077, 0.00107237207703, 0.00298282969743, 0.00276971701533, 0.00208418280818, 0.00184210692532, 0.000546761963051, 0.0010925483657, 0.000339862628607, 0.000712606182788, 0.000337187811965, 0.000333571981173, 0.000404341612011, 0.000340331491316, 0.000259318010649, 0.00049253803445, 0.00032207291224, 0.000222749746172, 0.000263036228716, 0.000213317602174, 0.000132591769216, 8.8514862e-05, 7.34927598387e-05, 8.78502178239e-05, 0.000185341079487, 7.17009752407e-05, 3.21311381413e-05, 1.96891887754e-05, 1.64453067555e-05, 1.47083837874e-05], "mean": [0.00693896878511, 0.00692904088646, 0.00102082535159, 0.000408770429203, 0.00017309669056, 0.000258156796917, 0.000170368308318, 0.000128021434648, 6.14906457486e-05, 4.46533995273e-05, 5.01699541928e-05, 3.22845444316e-05, 7.32336993678e-05, 4.61140989501e-05, 8.48565032356e-05, 6.12782532698e-05, 2.60347715084e-05, 3.25517248712e-05, 1.75552631845e-05, 2.37923104578e-05, 1.63406493812e-05, 1.12489578896e-05, 1.2552472981e-05, 1.13572868941e-05, 1.03257625597e-05, 7.93311846792e-06, 1.06118577605e-05, 5.87369186178e-06, 6.16857232671e-06, 6.54001223666e-06, 4.18727313445e-06, 3.38541758538e-06, 2.72269585366e-06, 2.41916609411e-06, 3.42817429555e-06, 2.08039909921e-06, 1.63139566212e-06, 1.4691523802e-06, 1.27006444472e-06, 1.32740592562e-06], "median": [0.00164527748711, 0.00172897882294, 0.000189371479792, 9.3886112154e-05, 7.85296724644e-05, 0.000115604379971, 6.46416665404e-05, 5.32132253284e-05, 3.25634537148e-05, 2.40886274696e-05, 1.81077029993e-05, 9.80754430202e-06, 2.61107816186e-05, 1.82110579772e-05, 2.18109162233e-05, 1.05425160655e-05, 3.94530434278e-06, 4.79662730868e-06, 3.57746012014e-06, 4.93574134453e-06, 3.2551070035e-06, 2.35454331232e-06, 3.33062212121e-06, 3.37810342899e-06, 3.35632807946e-06, 1.5312667756e-06, 1.94114090846e-06, 1.62462754361e-06, 1.40937231663e-06, 1.42869134834e-06, 1.07191124243e-06, 7.90311673882e-07, 6.97936854976e-07, 6.13831730334e-07, 5.82212294375e-07, 4.42521724153e-07, 3.37509248993e-07, 3.5402271692e-07, 4.28507803463e-07, 4.44050044734e-07], "min": [8.59195901303e-24, 2.56316748433e-23, 2.36851195389e-23, 7.13230443655e-24, 1.00561321848e-23, 7.5117275993e-24, 2.14756905374e-23, 9.93506649051e-24, 2.9204806114e-24, 1.07268540697e-23, 1.8285710586e-23, 1.69027001574e-23, 1.19703583916e-23, 1.32396876529e-23, 1.05017321e-23, 8.90807293269e-24, 8.80936907851e-24, 1.3116339784e-23, 1.20326910248e-23, 1.1639685255e-23, 1.34537056165e-23, 2.20032523118e-23, 1.20886417734e-23, 1.32559492316e-23, 1.59077256749e-23, 8.80530960029e-24, 9.04273306693e-24, 6.30573321904e-24, 1.14320262992e-23, 1.50814301642e-23, 7.08831755247e-24, 8.93500227741e-24, 1.15105826459e-23, 8.62934076474e-24, 1.10219227581e-23, 1.43200026859e-23, 1.21683056808e-23, 9.45097962944e-24, 8.01613078412e-24, 8.9132202501e-24], "var": [0.00013005459914, 0.000147599639604, 6.12821759205e-06, 1.60827812579e-06, 9.64533839465e-08, 1.55275927227e-07, 9.43371532003e-08, 5.31558761452e-08, 1.17432739088e-08, 3.32185234875e-09, 9.93585036468e-09, 3.94175625473e-09, 1.66476894492e-08, 1.65440141586e-08, 4.70309124978e-08, 2.74539999623e-08, 2.91319790513e-09, 4.88392526421e-09, 1.08743258842e-09, 2.70091771171e-09, 1.09853426355e-09, 4.33633629005e-10, 5.72142444533e-10, 5.42925149283e-10, 3.50117351777e-10, 4.05807748516e-10, 4.48135945019e-10, 1.39573408386e-10, 1.78669232187e-10, 1.76975933908e-10, 6.6418842648e-11, 4.87336490607e-11, 2.85735567152e-11, 2.97439503583e-11, 1.21171253586e-10, 2.13182527187e-11, 7.63952616445e-12, 4.96177014406e-12, 3.36554612304e-12, 3.5959434215e-12]}, "mfcc": {"mean": [-681.462341309, 107.372459412, 8.99363613129, 22.1678905487, 8.91521167755, 8.08086872101, 9.55025005341, 4.70747089386, 1.350076437, 1.91769254208, 5.07157754898, 7.09013223648, 5.7520108223], "cov": [[14007.4462891, 168.761260986, 791.287719727, 498.739440918, 322.326721191, 601.70526123, 148.564285278, -24.9494590759, 55.1582641602, 84.3227767944, 102.336540222, 208.375778198, 138.119842529], [168.761260986, 2251.03540039, -129.131851196, 213.480941772, 409.939666748, 150.702850342, 256.473419189, 222.085464478, 49.1648712158, -7.05788469315, 119.33140564, 100.716720581, 75.048248291], [791.287719727, -129.131851196, 1015.22467041, 275.703979492, 208.30406189, 265.517211914, 222.055450439, 164.358230591, 106.525588989, 65.0729446411, 36.1770744324, -2.83724045753, -5.89921045303], [498.739440918, 213.480941772, 275.703979492, 404.704742432, 248.741470337, 208.644805908, 168.646347046, 119.488609314, 89.1897277832, 102.039955139, 48.014251709, 2.00479888916, -19.3887825012], [322.326721191, 409.939666748, 208.30406189, 248.741470337, 406.690032959, 246.819839478, 173.964538574, 123.450866699, 91.4172058105, 71.7032546997, 73.5850296021, -9.51776981354, -30.5252151489], [601.70526123, 150.702850342, 265.517211914, 208.644805908, 246.819839478, 274.069702148, 171.802810669, 112.298797607, 82.0079498291, 60.281211853, 44.229259491, 11.3313703537, -12.8470830917], [148.564285278, 256.473419189, 222.055450439, 168.646347046, 173.964538574, 171.802810669, 222.216567993, 147.595153809, 88.913230896, 66.6972198486, 57.7156219482, 31.2299842834, 15.2626037598], [-24.9494590759, 222.085464478, 164.358230591, 119.488609314, 123.450866699, 112.298797607, 147.595153809, 192.984817505, 108.333648682, 49.9627838135, 35.1777610779, 22.7988414764, 11.1102523804], [55.1582641602, 49.1648712158, 106.525588989, 89.1897277832, 91.4172058105, 82.0079498291, 88.913230896, 108.333648682, 134.865356445, 67.8787689209, 25.7136631012, 14.3026819229, 3.69547152519], [84.3227767944, -7.05788469315, 65.0729446411, 102.039955139, 71.7032546997, 60.281211853, 66.6972198486, 49.9627838135, 67.8787689209, 109.122436523, 55.0716133118, 22.5458698273, 10.5204572678], [102.336540222, 119.33140564, 36.1770744324, 48.014251709, 73.5850296021, 44.229259491, 57.7156219482, 35.1777610779, 25.7136631012, 55.0716133118, 91.7834701538, 55.5384216309, 24.8262405396], [208.375778198, 100.716720581, -2.83724045753, 2.00479888916, -9.51776981354, 11.3313703537, 31.2299842834, 22.7988414764, 14.3026819229, 22.5458698273, 55.5384216309, 130.866516113, 95.9093093872], [138.119842529, 75.048248291, -5.89921045303, -19.3887825012, -30.5252151489, -12.8470830917, 15.2626037598, 11.1102523804, 3.69547152519, 10.5204572678, 24.8262405396, 95.9093093872, 132.880004883]], "icov": [[9.02423635125e-05, -2.85429250653e-05, -4.87050820084e-05, -7.5771677075e-05, 0.000122184719658, -0.000357018521754, 0.000194570224266, 0.000160404306371, -6.00832499913e-05, 4.0208131395e-05, -4.9930116802e-05, -9.24440391827e-05, -5.85676571063e-05], [-2.85429250653e-05, 0.000838706328068, 0.000378524768166, -0.0002479631803, -0.00109555909876, 0.00093781814212, -0.000884832814336, -0.000734656641725, 0.000439380353782, 0.00117169984151, -0.000391540495912, -0.00028033592389, -0.00029083318077], [-4.87050820084e-05, 0.000378524768166, 0.00165244191885, -0.000623040657956, 5.89214359934e-05, -0.000605464272667, -0.000973011658061, -0.000605662469752, -2.7115955163e-05, 0.0010341340676, -0.000550368626136, 0.000668522436172, -0.000524125352968], [-7.5771677075e-05, -0.0002479631803, -0.000623040657956, 0.00584010453895, -0.00183877325617, -0.000900652550627, -0.000821654160973, -0.00056911399588, 0.00155775400344, -0.00503092072904, 0.00315335858613, -0.00109849718865, 0.00123447272927], [0.000122184719658, -0.00109555909876, 5.89214359934e-05, -0.00183877325617, 0.00910148397088, -0.00665665138513, 0.00139410689007, 0.000810831435956, -0.00226007308811, 0.00146966625471, -0.00577270518988, 0.00440658722073, -0.000710174848791], [-0.000357018521754, 0.00093781814212, -0.000605464272667, -0.000900652550627, -0.00665665138513, 0.0148679371923, -0.00664363894612, 0.00016756268451, 2.60131309915e-05, 0.000452646519989, 0.00342809781432, -0.00351765868254, 0.00220242445357], [0.000194570224266, -0.000884832814336, -0.000973011658061, -0.000821654160973, 0.00139410689007, -0.00664363894612, 0.016560388729, -0.00654145190492, 0.000547549279872, -0.00201073940843, -0.00320736970752, 0.000978150172159, -0.0015056404518], [0.000160404306371, -0.000734656641725, -0.000605662469752, -0.00056911399588, 0.000810831435956, 0.00016756268451, -0.00654145190492, 0.0159653518349, -0.00948745757341, 0.00294040329754, -0.000446028279839, -0.000120093289297, -4.17382725573e-05], [-6.00832499913e-05, 0.000439380353782, -2.7115955163e-05, 0.00155775400344, -0.00226007308811, 2.60131309915e-05, 0.000547549279872, -0.00948745757341, 0.019498212263, -0.0105987032875, 0.00600614165887, -0.00285918614827, 0.00149250240065], [4.0208131395e-05, 0.00117169984151, 0.0010341340676, -0.00503092072904, 0.00146966625471, 0.000452646519989, -0.00201073940843, 0.00294040329754, -0.0105987032875, 0.0253756791353, -0.014794703573, 0.00470521766692, -0.00337151321582], [-4.9930116802e-05, -0.000391540495912, -0.000550368626136, 0.00315335858613, -0.00577270518988, 0.00342809781432, -0.00320736970752, -0.000446028279839, 0.00600614165887, -0.014794703573, 0.0296897832304, -0.014901638031, 0.00633264379576], [-9.24440391827e-05, -0.00028033592389, 0.000668522436172, -0.00109849718865, 0.00440658722073, -0.00351765868254, 0.000978150172159, -0.000120093289297, -0.00285918614827, 0.00470521766692, -0.014901638031, 0.0253491010517, -0.015111531131], [-5.85676571063e-05, -0.00029083318077, -0.000524125352968, 0.00123447272927, -0.000710174848791, 0.00220242445357, -0.0015056404518, -4.17382725573e-05, 0.00149250240065, -0.00337151321582, 0.00633264379576, -0.015111531131, 0.0180831886828]]}, "spectral_contrast_coeffs": {"dmean": [0.0510042607784, 0.046836938709, 0.0455065742135, 0.0423937439919, 0.0287766177207, 0.0185865275562], "dmean2": [0.0840104520321, 0.0730046704412, 0.0693992078304, 0.0612534731627, 0.0441742017865, 0.0284914746881], "dvar": [0.00253903260455, 0.00152727484237, 0.00158633862156, 0.00132342393044, 0.000631713890471, 0.000280881533399], "dvar2": [0.00638819253072, 0.00349891977385, 0.00350367231295, 0.00255349534564, 0.00136932532769, 0.00060349307023], "max": [-0.333283543587, -0.427839279175, -0.452614575624, -0.502221167088, -0.572825551033, -0.664539754391], "mean": [-0.687702953815, -0.72171664238, -0.739945828915, -0.761895418167, -0.786361098289, -0.788045227528], "median": [-0.690060973167, -0.725713849068, -0.741758465767, -0.769526362419, -0.784662187099, -0.787473261356], "min": [-0.94670933485, -0.968321740627, -0.975314617157, -0.954803168774, -0.966617882252, -0.958688676357], "var": [0.00785575155169, 0.00576788187027, 0.00614679930732, 0.00501123163849, 0.00238382187672, 0.00155608169734]}, "spectral_contrast_valleys": {"dmean": [0.443234175444, 0.4187464118, 0.444235950708, 0.456529855728, 0.386775583029, 0.450972378254], "dmean2": [0.699739158154, 0.651105225086, 0.675463378429, 0.644621253014, 0.53177523613, 0.572407186031], "dvar": [0.262394547462, 0.197674557567, 0.22835804522, 0.272545278072, 0.251977533102, 0.34211063385], "dvar2": [0.498134940863, 0.388258695602, 0.456456661224, 0.46104618907, 0.45705807209, 0.683532834053], "max": [-4.81174993515, -4.72144269943, -5.5622882843, -5.89240837097, -5.71294116974, -7.86355638504], "mea