{"lowlevel": {"average_loudness": 0.936062276363, "barkbands_crest": {"dmean": 3.17749452591, "dmean2": 4.82718849182, "dvar": 9.92349338531, "dvar2": 21.3778705597, "max": 25.6500034332, "mean": 12.3253583908, "median": 11.3148174286, "min": 1.83949196339, "var": 32.0228462219}, "barkbands_flatness_db": {"dmean": 0.0500545911491, "dmean2": 0.0708659589291, "dvar": 0.00319278123789, "dvar2": 0.0064180479385, "max": 0.501746475697, "mean": 0.183385893703, "median": 0.170143991709, "min": 0.0139533728361, "var": 0.00938076153398}, "barkbands_kurtosis": {"dmean": 14.2723293304, "dmean2": 22.6235046387, "dvar": 774.571105957, "dvar2": 1745.59143066, "max": 425.203460693, "mean": 19.7182826996, "median": 8.19299983978, "min": -1.92710113525, "var": 1406.54064941}, "barkbands_skewness": {"dmean": 1.40960216522, "dmean2": 2.12683057785, "dvar": 2.48943018913, "dvar2": 5.45002031326, "max": 14.8968877792, "mean": 2.75287723541, "median": 2.47497034073, "min": -4.78071260452, "var": 6.03035783768}, "barkbands_spread": {"dmean": 15.7911024094, "dmean2": 25.5508022308, "dvar": 487.886657715, "dvar2": 1050.23132324, "max": 127.165138245, "mean": 24.4179420471, "median": 12.0064964294, "min": 0.161641895771, "var": 746.520080566}, "dissonance": {"dmean": 0.0214946642518, "dmean2": 0.0354305915534, "dvar": 0.000526261283085, "dvar2": 0.00136239477433, "max": 0.500000059605, "mean": 0.463419497013, "median": 0.47113224864, "min": 0.224242523313, "var": 0.000960812438279}, "dynamic_complexity": 2.36260223389, "erbbands_crest": {"dmean": 2.504809618, "dmean2": 4.03555107117, "dvar": 7.02256155014, "dvar2": 14.9846591949, "max": 30.9916763306, "mean": 7.66640710831, "median": 6.40746927261, "min": 1.98809242249, "var": 18.9306774139}, "erbbands_flatness_db": {"dmean": 0.0324219502509, "dmean2": 0.0471552684903, "dvar": 0.00135951139964, "dvar2": 0.00273171719164, "max": 0.397580802441, "mean": 0.135054513812, "median": 0.126489430666, "min": 0.0272548552603, "var": 0.00416603730991}, "erbbands_kurtosis": {"dmean": 2.37524437904, "dmean2": 3.75166130066, "dvar": 21.0066776276, "dvar2": 41.4048576355, "max": 111.949836731, "mean": 1.97705972195, "median": -0.0599291324615, "min": -1.92358028889, "var": 50.1335754395}, "erbbands_skewness": {"dmean": 0.672620713711, "dmean2": 1.00914621353, "dvar": 0.547541379929, "dvar2": 1.04053151608, "max": 9.2115354538, "mean": 0.653456151485, "median": 0.492249369621, "min": -3.6605360508, "var": 1.5301502943}, "erbbands_spread": {"dmean": 19.211479187, "dmean2": 30.2253761292, "dvar": 494.949859619, "dvar2": 1161.73217773, "max": 199.669830322, "mean": 52.9700393677, "median": 46.1587753296, "min": 1.96047079563, "var": 1095.35949707}, "hfc": {"dmean": 77.8122558594, "dmean2": 128.552856445, "dvar": 38527.0546875, "dvar2": 95980.0078125, "max": 1225.66333008, "mean": 64.8543777466, "median": 11.0072402954, "min": 1.15043114924e-16, "var": 30808.7363281}, "melbands_crest": {"dmean": 4.06920957565, "dmean2": 6.49621152878, "dvar": 19.6123943329, "dvar2": 45.9635505676, "max": 36.8938827515, "mean": 18.0271625519, "median": 17.3084850311, "min": 2.10426259041, "var": 56.0684661865}, "melbands_flatness_db": {"dmean": 0.0645050555468, "dmean2": 0.0884747281671, "dvar": 0.00496459752321, "dvar2": 0.00973711628467, "max": 0.64590471983, "mean": 0.271283686161, "median": 0.272572547197, "min": 0.00677018333226, "var": 0.0155641846359}, "melbands_kurtosis": {"dmean": 29.0329818726, "dmean2": 45.968536377, "dvar": 2779.61352539, "dvar2": 6535.81298828, "max": 776.699707031, "mean": 47.9350891113, "median": 23.9926815033, "min": -1.70713162422, "var": 4806.15478516}, "melbands_skewness": {"dmean": 1.574021101, "dmean2": 2.44797849655, "dvar": 3.4850165844, "dvar2": 7.92121124268, "max": 23.0314407349, "mean": 4.52404403687, "median": 3.81400299072, "min": -2.18450880051, "var": 9.96998596191}, "melbands_spread": {"dmean": 14.1178321838, "dmean2": 22.2749729156, "dvar": 563.002990723, "dvar2": 1247.14465332, "max": 230.20300293, "mean": 19.6944179535, "median": 7.65136146545, "min": 0.170364201069, "var": 823.317138672}, "pitch_salience": {"dmean": 0.102283298969, "dmean2": 0.157582074404, "dvar": 0.0127923320979, "dvar2": 0.0277956426144, "max": 0.943520009518, "mean": 0.517047405243, "median": 0.545149385929, "min": 0.0233136303723, "var": 0.0357172526419}, "silence_rate_20dB": {"dmean": 0, "dmean2": 0, "dvar": 0, "dvar2": 0, "max": 1, "mean": 1, "median": 1, "min": 1, "var": 0}, "silence_rate_30dB": {"dmean": 0.0424005202949, "dmean2": 0.084814876318, "dvar": 0.0406046137214, "dvar2": 0.1053538993, "max": 1, "mean": 0.96722650528, "median": 1, "min": 0, "var": 0.0316988527775}, "silence_rate_60dB": {"dmean": 0.0397912599146, "dmean2": 0.0795954987407, "dvar": 0.0382107011974, "dvar2": 0.0885978639126, "max": 1, "mean": 0.0603293664753, "median": 0, "min": 0, "var": 0.0566897988319}, "spectral_centroid": {"dmean": 460.885314941, "dmean2": 697.541503906, "dvar": 354724.0625, "dvar2": 713399.375, "max": 11180.5966797, "mean": 1101.49182129, "median": 787.834411621, "min": 126.282608032, "var": 772535.3125}, "spectral_complexity": {"dmean": 6.32289648056, "dmean2": 9.56385612488, "dvar": 71.7467193604, "dvar2": 142.554901123, "max": 67, "mean": 14.0683193207, "median": 12, "min": 0, "var": 119.739295959}, "spectral_decrease": {"dmean": 3.87455845186e-09, "dmean2": 5.94859272951e-09, "dvar": 3.14203827759e-17, "dvar2": 7.39748680597e-17, "max": 3.34508531985e-09, "mean": -9.93818538575e-09, "median": -7.96767540834e-09, "min": -6.28686223081e-08, "var": 6.4608913742e-17}, "spectral_energy": {"dmean": 0.0188139583915, "dmean2": 0.0296740885824, "dvar": 0.00062632310437, "dvar2": 0.00152688729577, "max": 0.241468846798, "mean": 0.0433914065361, "median": 0.0348523370922, "min": 1.08392778117e-20, "var": 0.00108565273695}, "spectral_energyband_high": {"dmean": 0.00592347979546, "dmean2": 0.00981569383293, "dvar": 0.000220935209654, "dvar2": 0.000545230170246, "max": 0.0938504710793, "mean": 0.00453033391386, "median": 0.000260783912381, "min": 7.59044517651e-21, "var": 0.00017888531147}, "spectral_energyband_low": {"dmean": 0.0110723283142, "dmean2": 0.0173444841057, "dvar": 0.000337564270012, "dvar2": 0.00085388525622, "max": 0.222217202187, "mean": 0.0253197159618, "median": 0.0185157395899, "min": 8.95671283393e-23, "var": 0.000625261804089}, "spectral_energyband_middle_high": {"dmean": 0.00282959337346, "dmean2": 0.00452896114439, "dvar": 4.29819483543e-05, "dvar2": 9.88764804788e-05, "max": 0.0814249292016, "mean": 0.00357227376662, "median": 0.000931790098548, "min": 1.51254427967e-21, "var": 7.13627014193e-05}, "spectral_energyband_middle_low": {"dmean": 0.0064824889414, "dmean2": 0.0107782054693, "dvar": 0.000135231006425, "dvar2": 0.000360598642146, "max": 0.104623675346, "mean": 0.0117875374854, "median": 0.0088165178895, "min": 2.24479395149e-22, "var": 0.000158885581186}, "spectral_entropy": {"dmean": 0.46149417758, "dmean2": 0.640930294991, "dvar": 0.268545120955, "dvar2": 0.485874056816, "max": 9.80853843689, "mean": 7.40043354034, "median": 7.48877573013, "min": 4.366335392, "var": 0.809023201466}, "spectral_flux": {"dmean": 0.0479042381048, "dmean2": 0.069984510541, "dvar": 0.00263186055236, "dvar2": 0.0046081575565, "max": 0.420685768127, "mean": 0.10772293061, "median": 0.0825531706214, "min": 1.04111851085e-10, "var": 0.00588800711557}, "spectral_kurtosis": {"dmean": 4.14950418472, "dmean2": 6.62965106964, "dvar": 57.1691131592, "dvar2": 141.223846436, "max": 170.06300354, "mean": 6.78861474991, "median": 4.03946971893, "min": -1.18338859081, "var": 95.24559021}, "spectral_rms": {"dmean": 0.00139226508327, "dmean2": 0.00210984563455, "dvar": 2.57643955592e-06, "dvar2": 5.81117410547e-06, "max": 0.0153485946357, "mean": 0.00596820469946, "median": 0.00583114754409, "min": 3.25190785758e-12, "var": 6.71362477078e-06}, "spectral_rolloff": {"dmean": 2029.76074219, "dmean2": 3530.73779297, "dvar": 14556875, "dvar2": 26850904, "max": 19078.4179688, "mean": 2540.49462891, "median": 366.064453125, "min": 64.599609375, "var": 19582474}, "spectral_skewness": {"dmean": 0.502857804298, "dmean2": 0.755624353886, "dvar": 0.38585087657, "dvar2": 0.840759038925, "max": 10.449505806, "mean": 1.89516878128, "median": 1.67747473717, "min": -0.0283980350941, "var": 0.981793522835}, "spectral_spread": {"dmean": 1859348.875, "dmean2": 2663842.5, "dvar": 5257878831100.0, "dvar2": 8279877484540.0, "max": 43828400, "mean": 6412315.5, "median": 5613641.5, "min": 537551.75, "var": 13991943340000.0}, "spectral_strongpeak": {"dmean": 0.382470846176, "dmean2": 0.657180726528, "dvar": 1.26081693172, "dvar2": 3.43136978149, "max": 14.8608417511, "mean": 0.660741448402, "median": 0.461546778679, "min": 0, "var": 1.58518433571}, "zerocrossingrate": {"dmean": 0.0380688160658, "dmean2": 0.0451403297484, "dvar": 0.00308295129798, "dvar2": 0.00386915635318, "max": 0.52685546875, "mean": 0.0798811540008, "median": 0.04296875, "min": 0.001953125, "var": 0.00862822588533}, "barkbands": {"dmean": [0.000418836600147, 0.00642347196117, 0.00600106175989, 0.00282855099067, 0.00250993436202, 0.00137972645462, 0.000648037123028, 0.000503985211253, 0.000559695181437, 0.000482896430185, 0.000474602187751, 0.000289093703032, 0.00029806533712, 0.000455700152088, 0.000399721582653, 0.000217887893086, 0.000212967468542, 0.000315007579047, 0.000164798897458, 0.000170144761796, 0.000237561704125, 0.000293094868539, 0.000307281530695, 0.000746002944652, 0.00102102314122, 0.00206645973958, 0.00123951688875], "dmean2": [0.000584877387155, 0.00970742944628, 0.0100419903174, 0.00496042566374, 0.00409465655684, 0.00231369934045, 0.00102761597373, 0.000765124685131, 0.000883494969457, 0.000796156062279, 0.000721351418179, 0.000492356368341, 0.000487378099933, 0.000731973559596, 0.000691290362738, 0.000379121600417, 0.000356230593752, 0.000542797381058, 0.000270638614893, 0.000285018497379, 0.00040092022391, 0.000476319139125, 0.000501045200508, 0.00122864055447, 0.00166340894066, 0.00354333105497, 0.00209196633659], "dvar": [5.15893077591e-07, 0.000101554949651, 0.000191780534806, 4.58983849967e-05, 1.75123459485e-05, 5.50117374587e-06, 1.3409114672e-06, 7.7375472074e-07, 1.00555610061e-06, 2.07849348044e-06, 2.81320103568e-06, 7.7314984992e-07, 9.54854954216e-07, 2.97132669402e-06, 2.09129962059e-06, 3.54370314426e-07, 1.8959524084e-07, 1.17245963338e-06, 1.5036718537e-07, 1.93987133912e-07, 3.50581359498e-07, 3.8285759274e-07, 4.30360842074e-07, 2.84023667518e-06, 5.93836603002e-06, 3.56112395821e-05, 1.45483554661e-05], "dvar2": [9.8533689652e-07, 0.00021220491908, 0.000525276991539, 0.000126964441733, 4.46423800895e-05, 1.46897900777e-05, 3.4696295188e-06, 1.76710420874e-06, 2.35577681451e-06, 5.39516076969e-06, 5.05785374116e-06, 1.99426312975e-06, 2.19354546971e-06, 5.51096536583e-06, 5.89847877563e-06, 9.31684496663e-07, 4.59571765532e-07, 3.24055940837e-06, 3.74669014036e-07, 5.11289101723e-07, 9.21213768379e-07, 9.07399453354e-07, 1.02063802387e-06, 6.81329402141e-06, 1.37459446705e-05, 9.13686380954e-05, 3.69475710613e-05], "max": [0.00672838231549, 0.0915321111679, 0.171111509204, 0.0819462239742, 0.0485037378967, 0.034416731447, 0.0185511857271, 0.0138210300356, 0.0105929970741, 0.0208933074027, 0.0452665947378, 0.014708423987, 0.0219423491508, 0.0542540028691, 0.0352665558457, 0.00570676336065, 0.00695959478617, 0.0161727592349, 0.00704329414293, 0.00435176305473, 0.00754324672744, 0.00839516334236, 0.00420685159042, 0.0109757687896, 0.0172339826822, 0.0381986424327, 0.0249981731176], "mean": [0.000773969979491, 0.0142252519727, 0.00858054216951, 0.00306240771897, 0.00425668992102, 0.00218442943878, 0.00085567869246, 0.000643997162115, 0.000638232915662, 0.000456281501101, 0.000714313879143, 0.000259150489001, 0.000283972447505, 0.000509687757585, 0.000505288480781, 0.000182064715773, 0.000226392221521, 0.000268124538707, 0.000161323274369, 0.000156579073519, 0.000198173642275, 0.000268138886895, 0.000255517225014, 0.000605690875091, 0.000810167111922, 0.00143559114076, 0.000873674987815], "median": [0.000114457274321, 0.00650407746434, 0.00399474054575, 0.00115100992844, 0.00271176081151, 0.0012060928857, 0.000369642075384, 0.000228343502386, 0.000232752267038, 0.00010611833568, 6.97372161085e-05, 6.24443055131e-05, 4.68919606647e-05, 8.75098558026e-05, 4.0460472519e-05, 2.6990814149e-05, 8.33865487948e-05, 5.48566240468e-05, 4.79381887999e-05, 3.9034333895e-05, 2.64595655608e-05, 3.48199355358e-05, 2.16014432226e-05, 2.79413452517e-05, 3.23354870488e-05, 2.44117509283e-05, 2.32873185269e-06], "min": [4.41324249678e-24, 7.94963927614e-24, 6.16347564431e-23, 1.9058636501e-23, 5.12193028492e-23, 2.176691274e-23, 3.31330478544e-23, 4.50532441587e-23, 1.58447540642e-23, 6.7486974711e-23, 1.01252354534e-22, 1.1635733693e-22, 7.12293245345e-23, 9.35725285648e-23, 1.10963484713e-22, 1.24243674063e-22, 1.43544651789e-22, 1.94027407833e-22, 2.29642432976e-22, 2.37121086793e-22, 3.46803751697e-22, 4.42271572229e-22, 5.19245817327e-22, 7.35915085617e-22, 1.04942683714e-21, 1.52336447255e-21, 2.27393404419e-21], "var": [1.68385190591e-06, 0.00031981462962, 0.000184640201041, 3.98371630581e-05, 2.86352988041e-05, 9.3793069027e-06, 1.52362247263e-06, 1.01598766378e-06, 1.1759221934e-06, 1.70320709003e-06, 9.92401601252e-06, 6.35536423488e-07, 9.90710191218e-07, 6.2310755311e-06, 5.93127970205e-06, 2.75933189187e-07, 1.8958691328e-07, 7.88115414707e-07, 1.37509516662e-07, 1.51219893496e-07, 2.69838977829e-07, 4.06864472779e-07, 3.86151015164e-07, 2.47067873715e-06, 5.35583285455e-06, 2.63691545115e-05, 1.09854527182e-05]}, "erbbands": {"dmean": [0.238365530968, 1.42316448689, 5.72541093826, 8.79423904419, 8.03951072693, 9.58797359467, 10.8707714081, 10.9669799805, 9.48439311981, 10.0024814606, 12.526971817, 11.9251756668, 13.0700397491, 18.2122554779, 15.0938472748, 11.0646162033, 13.3768281937, 23.0163288116, 18.9230213165, 17.3946094513, 12.349193573, 12.9152183533, 17.746547699, 9.64026165009, 7.81555128098, 8.18735980988, 9.26557540894, 9.51786708832, 8.25760555267, 11.6351671219, 9.40773200989, 15.615363121, 11.438993454, 8.78330802917, 8.75566482544, 6.99804067612, 3.89404010773, 1.28895711899, 0.205977454782, 0.013079341501], "dmean2": [0.328071475029, 2.12537407875, 9.35715103149, 15.1411342621, 13.6269111633, 15.5598926544, 18.1272583008, 18.3836402893, 14.975315094, 15.7234392166, 19.0221385956, 18.6089038849, 21.1593856812, 28.7292137146, 24.4306087494, 18.4572467804, 21.8171901703, 37.0940933228, 31.7589530945, 29.5502624512, 21.469121933, 21.6681842804, 30.3995952606, 15.9486036301, 12.9403610229, 13.6671247482, 15.7935247421, 15.8778238297, 13.2648868561, 19.2284526825, 15.4178237915, 26.0524044037, 18.818523407, 14.4531507492, 14.2625608444, 11.6490631104, 6.76540851593, 2.21470761299, 0.349931061268, 0.0220047589391], "dvar": [0.153220504522, 5.58908319473, 168.970184326, 401.829406738, 282.601501465, 229.974029541, 346.209991455, 367.928131104, 227.459518433, 406.413391113, 468.369445801, 443.156280518, 1022.90057373, 2998.30102539, 2414.89892578, 943.351501465, 1769.33874512, 8012.83105469, 2760.50170898, 4152.30517578, 895.796203613, 866.537353516, 3751.83227539, 511.675140381, 378.415252686, 465.618591309, 575.26550293, 496.491851807, 276.065551758, 601.99822998, 405.369537354, 1209.22924805, 802.020385742, 476.26272583, 411.382751465, 325.48260498, 138.097564697, 16.3072738647, 0.39148542285, 0.00161645840853], "dvar2": [0.274143397808, 12.6811628342, 454.855438232, 1106.30944824, 760.215270996, 590.997070312, 956.731994629, 999.044189453, 562.526000977, 1009.05456543, 1079.3371582, 1023.62005615, 2606.89038086, 6092.79736328, 5814.44873047, 2277.22607422, 4104.67138672, 14807.8447266, 6628.61083984, 11727.4296875, 2344.85229492, 2135.85913086, 10362.5654297, 1287.66467285, 955.166748047, 1224.2565918, 1533.2130127, 1281.16943359, 632.125, 1456.94799805, 985.315795898, 3030.79785156, 1914.79174805, 1132.1151123, 941.388122559, 806.633422852, 360.643157959, 41.7884788513, 0.998861551285, 0.00411878107116], "max": [3.86603355408, 22.3998279572, 152.218231201, 187.216018677, 182.989425659, 191.687423706, 303.721588135, 275.650512695, 184.87991333, 340.914886475, 263.989624023, 243.517196655, 478.231994629, 1343.93969727, 1340.39758301, 590.44708252, 932.624023438, 2772.07861328, 765.974121094, 1885.50012207, 308.526062012, 427.470092773, 958.934753418, 259.590759277, 380.508605957, 219.787841797, 302.615905762, 230.949111938, 211.457122803, 347.047912598, 125.811569214, 246.616744995, 185.897079468, 139.848617554, 148.87147522, 122.755569458, 77.3772583008, 26.4208621979, 3.97407531738, 0.267192363739], "mean": [0.533053100109, 2.76623749733, 8.69731330872, 11.1020002365, 11.0327186584, 15.6108551025, 17.735830307, 16.3375911713, 13.6429777145, 13.0283508301, 15.5870113373, 13.4187002182, 12.9678325653, 24.2943477631, 17.7875003815, 10.7469081879, 13.2192811966, 26.7724304199, 18.8973064423, 24.7168979645, 11.7098865509, 12.8881635666, 15.6971254349, 9.23586654663, 7.47909021378, 7.39855098724, 7.73516082764, 8.09142684937, 7.79836654663, 10.1898155212, 7.79930782318, 12.6448125839, 8.97766590118, 6.72944927216, 7.07221364975, 5.19744539261, 2.62389397621, 0.888817310333, 0.143506273627, 0.00932051241398], "median": [0.169124871492, 1.65985500813, 5.2425236702, 5.58718633652, 5.59583711624, 10.2892751694, 8.61363506317, 9.26480197906, 6.44936037064, 4.52315664291, 6.82842445374, 4.45241212845, 3.65352630615, 2.98478198051, 2.71742796898, 3.08810305595, 2.70838403702, 4.90491056442, 2.8584485054, 2.40454339981, 3.1106133461, 4.42430448532, 3.73581790924, 2.63408398628, 2.0479054451, 1.68736791611, 1.18597233295, 1.11406803131, 1.19742155075, 0.934009075165, 0.633634150028, 0.548761487007, 0.46613496542, 0.255155444145, 0.242743313313, 0.126287430525, 0.0315554141998, 0.00605467148125, 0.000537887681276, 9.58599630394e-05], "min": [1.4000448386e-22, 2.86021142998e-21, 4.52867976e-20, 7.04381256223e-20, 1.1524048942e-19, 1.82256853192e-19, 1.2855927343e-19, 1.51705053589e-19, 4.32881114589e-19, 5.63386407958e-19, 1.24474355712e-18, 4.37403130052e-19, 1.2634959484e-18, 2.54680535401e-18, 4.95576064536e-18, 5.28503932693e-18, 3.79896799744e-18, 3.76891942092e-18, 5.69710968883e-18, 7.46446213125e-18, 7.35804948134e-18, 8.93174818902e-18, 1.31588719026e-17, 1.03248444176e-17, 1.16322430805e-17, 1.21662005736e-17, 9.68092318827e-18, 1.83135769299e-17, 1.7529280669e-17, 1.65251992106e-17, 1.75227707576e-17, 1.55835831234e-17, 1.16899050138e-17, 9.77229355873e-18, 7.84833431966e-18, 5.28644305243e-18, 2.42788945556e-18, 1.25707537249e-18, 3.45793962886e-19, 3.40064354202e-20], "var": [0.639394044876, 11.4844465256, 168.050491333, 351.025238037, 337.658538818, 362.988311768, 599.337768555, 478.059997559, 315.495117188, 459.965515137, 572.928161621, 510.923950195, 861.840393066, 8115.79052734, 3755.25024414, 846.073669434, 1801.09143066, 16972.3261719, 3176.20654297, 15621.25, 743.288269043, 784.449768066, 2550.09960938, 451.856506348, 332.511810303, 362.800140381, 431.566253662, 403.077178955, 298.413391113, 586.332214355, 352.81628418, 1009.48754883, 684.367858887, 409.66607666, 378.436004639, 263.387542725, 98.3397979736, 11.9859342575, 0.292911201715, 0.00121591391508]}, "gfcc": {"mean": [-12.434586525, 79.479927063, -71.8797912598, 26.973941803, -44.0993080139, 8.1676492691, -33.5979728699, 2.95205879211, -19.3254013062, 1.45855998993, -12.822303772, 2.16598773003, -10.4293727875], "cov": [[11177.6269531, -3347.22631836, 729.435180664, -673.948364258, -248.19694519, 331.023681641, -331.542633057, 370.724365234, -167.511611938, 165.536651611, -346.481048584, 155.85484314, -287.179168701], [-3347.22631836, 5089.85498047, -343.285797119, 858.903869629, 523.292907715, -347.849182129, 529.591430664, -239.143554688, 246.223052979, -273.259735107, 273.518585205, -284.580871582, 141.391403198], [729.435180664, -343.285797119, 1737.69750977, 117.099357605, 104.161720276, 252.681915283, 36.7222366333, 72.3805618286, -1.11989486217, 25.9917316437, -49.7628288269, -9.36522960663, -116.322349548], [-673.948364258, 858.903869629, 117.099357605, 711.767150879, 352.436065674, 109.567687988, 199.499435425, -22.5137271881, 126.015869141, -37.0279502869, 65.7962188721, -58.6310806274, 44.6625404358], [-248.19694519, 523.292907715, 104.161720276, 352.436065674, 510.257537842, 147.689422607, 211.951858521, 17.8711452484, 76.7004623413, -0.879013299942, 49.3380966187, -31.4393596649, 54.01329422], [331.023681641, -347.849182129, 252.681915283, 109.567687988, 147.689422607, 282.817871094, 58.8967056274, 88.0942687988, 19.1541385651, 53.4377708435, -21.5051326752, 37.1984329224, -7.95805120468], [-331.542633057, 529.591430664, 36.7222366333, 199.499435425, 211.951858521, 58.8967056274, 276.502349854, 19.4306106567, 120.775398254, -31.6953048706, 75.1246795654, -28.847158432, 28.9326057434], [370.724365234, -239.143554688, 72.3805618286, -22.5137271881, 17.8711452484, 88.0942687988, 19.4306106567, 198.943527222, 37.4950828552, 95.2824859619, 6.1185297966, 55.8344955444, -2.79374647141], [-167.511611938, 246.223052979, -1.11989486217, 126.015869141, 76.7004623413, 19.1541385651, 120.775398254, 37.4950828552, 178.359268188, 30.708562851, 68.3173904419, -4.56390476227, 26.8099727631], [165.536651611, -273.259735107, 25.9917316437, -37.0279502869, -0.879013299942, 53.4377708435, -31.6953048706, 95.2824859619, 30.708562851, 144.391494751, 23.1904182434, 45.8995780945, 19.1099262238], [-346.481048584, 273.518585205, -49.7628288269, 65.7962188721, 49.3380966187, -21.5051326752, 75.1246795654, 6.1185297966, 68.3173904419, 23.1904182434, 107.239143372, 26.2472991943, 36.7024230957], [155.85484314, -284.580871582, -9.36522960663, -58.6310806274, -31.4393596649, 37.1984329224, -28.847158432, 55.8344955444, -4.56390476227, 45.8995780945, 26.2472991943, 107.939834595, 36.2875061035], [-287.179168701, 141.391403198, -116.322349548, 44.6625404358, 54.01329422, -7.95805120468, 28.9326057434, -2.79374647141, 26.8099727631, 19.1099262238, 36.7024230957, 36.2875061035, 90.2579269409]], "icov": [[0.000127990628243, 5.24450661032e-05, -1.55742254719e-05, 4.83084986627e-05, -9.44704297581e-05, 6.08870723227e-05, -6.97597397448e-06, -0.000117952578876, -9.74440190475e-05, 1.44283276313e-05, 0.000308286747895, -0.000205371063203, 0.000324686523527], [5.24450661032e-05, 0.000480912538478, -2.27628461289e-05, -0.000289023388177, -0.000126557832118, 0.000551384931896, -0.000255556456978, -0.000331862946041, 0.000148290011566, 0.000574631616473, -0.000817034218926, 0.00104918237776, -0.000532102189027], [-1.55742254719e-05, -2.27628461289e-05, 0.000735527195502, -8.91343152034e-05, -3.13532000291e-05, -0.000556901155505, -3.57481076207e-05, 0.000118954623758, -2.42029500441e-06, -0.000138510687975, 4.6440265578e-05, -0.00022015174909, 0.00106261530891], [4.83084986627e-05, -0.000289023388177, -8.91343152034e-05, 0.00279428786598, -0.00122526602354, -0.00112180947326, 0.000589229224715, 0.000191715764231, -0.00125018705148, 0.000712981156539, -0.00034230275196, 0.000601817853749, -0.000322092993883], [-9.44704297581e-05, -0.000126557832118, -3.13532000291e-05, -0.00122526602354, 0.00451761251315, -0.0017423229292, -0.00221994635649, 7.14249181328e-05, 0.00139112677425, -0.000753775238991, -0.000428449333413, 0.00172914855648, -0.00245430436917], [6.08870723227e-05, 0.000551384931896, -0.000556901155505, -0.00112180947326, -0.0017423229292, 0.00779732363299, -0.00223895907402, -0.000704597274307, 0.000227543976507, -0.00193774350919, 0.00368084642105, -0.00338733987883, 0.00180116703268], [-6.97597397448e-06, -0.000255556456978, -3.57481076207e-05, 0.000589229224715, -0.00221994635649, -0.00223895907402, 0.0101930722594, -0.0025178855285, -0.00391353806481, 0.00523982057348, -0.00513280322775, 0.00308796484023, -0.00127502623945], [-0.000117952578876, -0.000331862946041, 0.000118954623758, 0.000191715764231, 7.14249181328e-05, -0.000704597274307, -0.0025178855285, 0.0103066293523, -0.00121208606288, -0.00656429538503, 0.00371285388246, -0.005765048787, 0.00378215312958], [-9.74440190475e-05, 0.000148290011566, -2.42029500441e-06, -0.00125018705148, 0.00139112677425, 0.000227543976507, -0.00391353806481, -0.00121208606288, 0.0108140325174, -0.00235767639242, -0.00421095034108, 0.00279795611277, -0.00164782698266], [1.44283276313e-05, 0.000574631616473, -0.000138510687975, 0.000712981156539, -0.000753775238991, -0.00193774350919, 0.00523982057348, -0.00656429538503, -0.00235767639242, 0.0154008939862, -0.00646130973473, 0.00348982354626, -0.00432426622137], [0.000308286747895, -0.000817034218926, 4.6440265578e-05, -0.00034230275196, -0.000428449333413, 0.00368084642105, -0.00513280322775, 0.00371285388246, -0.00421095034108, -0.00646130973473, 0.0228904206306, -0.0113763762638, 0.0027157147415], [-0.000205371063203, 0.00104918237776, -0.00022015174909, 0.000601817853749, 0.00172914855648, -0.00338733987883, 0.00308796484023, -0.005765048787, 0.00279795611277, 0.00348982354626, -0.0113763762638, 0.0234670899808, -0.0117589505389], [0.000324686523527, -0.000532102189027, 0.00106261530891, -0.000322092993883, -0.00245430436917, 0.00180116703268, -0.00127502623945, 0.00378215312958, -0.00164782698266, -0.00432426622137, 0.0027157147415, -0.0117589505389, 0.0216564759612]]}, "melbands": {"dmean": [0.00186143349856, 0.00244016572833, 0.00147408014163, 0.000596347672399, 0.000378875934985, 0.00024782816763, 0.000142924778629, 0.000106715684524, 0.000110126864456, 7.19434538041e-05, 6.68129359838e-05, 7.46485384298e-05, 5.75105841563e-05, 3.38095960615e-05, 2.74743997579e-05, 3.27692469e-05, 4.65483026346e-05, 2.92689055641e-05, 3.25142063957e-05, 1.52360871652e-05, 1.5138110939e-05, 1.21860421132e-05, 2.01555576496e-05, 1.12316820378e-05, 7.70857059251e-06, 5.84338931731e-06, 5.4884922065e-06, 5.46654155187e-06, 5.59126146982e-06, 5.64742458664e-06, 5.75477224629e-06, 4.75261185784e-06, 5.67889537706e-06, 6.23448113402e-06, 4.87744546263e-06, 7.90089416114e-06, 9.80759614322e-06, 8.42540157464e-06, 6.94206573826e-06, 7.72790917836e-06], "dmean2": [0.0026605236344, 0.00381900952198, 0.00252350536175, 0.000978652620688, 0.000623417668976, 0.000413721922087, 0.000226205374929, 0.000166162426467, 0.000169374645338, 0.000113170259283, 0.000109106782475, 0.000118693562399, 8.92982789082e-05, 5.80071136937e-05, 4.59576440335e-05, 5.36070620001e-05, 7.49257378629e-05, 4.8389461881e-05, 5.67805800529e-05, 2.57545998466e-05, 2.65803937509e-05, 2.0479912564e-05, 3.49244655808e-05, 1.88294598047e-05, 1.290403452e-05, 9.65296931099e-06, 9.20670390769e-06, 9.16069257073e-06, 9.63849379332e-06, 9.56936128205e-06, 9.65839353739e-06, 7.62275794841e-06, 9.2988675533e-06, 1.03094880615e-05, 8.01182068244e-06, 1.31420720209e-05, 1.64099692483e-05, 1.38554132718e-05, 1.15374668894e-05, 1.27586918097e-05], "dvar": [8.40011762193e-06, 2.53024463746e-05, 1.04836099126e-05, 1.08108019958e-06, 3.61709510344e-07, 1.75857366003e-07, 5.36943893792e-08, 4.34384226367e-08, 3.86005112318e-08, 1.68747309459e-08, 2.97367588331e-08, 4.93185972061e-08, 3.31148051202e-08, 1.26357324604e-08, 6.70901778577e-09, 1.34127926543e-08, 3.75379904938e-08, 6.8833654332e-09, 1.81857107151e-08, 1.68540259526e-09, 1.34747968339e-09, 6.6750249772e-10, 4.56776882984e-09, 1.43733269731e-09, 3.1865293737e-10, 2.05425995659e-10, 2.03964387047e-10, 2.13577155961e-10, 2.12567227709e-10, 2.53350063151e-10, 1.7226785276e-10, 9.31775975821e-11, 1.57859877947e-10, 1.63067059855e-10, 1.2202258648e-10, 2.74539474487e-10, 5.33623645271e-10, 4.46069625681e-10, 3.0661193029e-10, 3.71764924401e-10], "dvar2": [1.59682476806e-05, 6.6897526267e-05, 2.8782085792e-05, 2.82625819636e-06, 9.9814872101e-07, 4.74207979551e-07, 1.34028653065e-07, 1.05079422497e-07, 9.10490101091e-08, 3.91934804611e-08, 7.64337571013e-08, 1.05292322417e-07, 6.94944404245e-08, 3.25845910254e-08, 1.59764788066e-08, 3.16636423747e-08, 6.6790576625e-08, 1.56874389035e-08, 5.37585158611e-08, 4.30270041818e-09, 3.60627039342e-09, 1.63602309478e-09, 1.2583640796e-08, 3.86872711644e-09, 8.07917288626e-10, 5.13061870766e-10, 5.36868605128e-10, 5.63256385977e-10, 5.72138780797e-10, 6.7973277007e-10, 4.43043657317e-10, 2.20117743477e-10, 3.74984293616e-10, 3.92103988167e-10, 2.96150493018e-10, 6.82099987603e-10, 1.34494326787e-09, 1.06809749933e-09, 7.4337691558e-10, 8.86830109348e-10], "max": [0.0283152330667, 0.0595767423511, 0.0333833172917, 0.0126844905317, 0.00815339386463, 0.00573317753151, 0.00341533496976, 0.00365270324983, 0.00273052719422, 0.00158140505664, 0.00255000521429, 0.00495579000562, 0.00373726338148, 0.00254438142292, 0.00205169827677, 0.00295352539979, 0.00638194335625, 0.00113913312089, 0.0035095543135, 0.00070908095222, 0.000354226620402, 0.000536845414899, 0.00105005688965, 0.000752671388909, 0.000192265913938, 0.000301780673908, 0.000180462855496, 0.000167206628248, 0.000216917847865, 0.000200369919185, 0.000161794625456, 0.00012556675938, 0.000188205303857, 0.000166158322827, 7.69463804318e-05, 0.000135134730954, 0.000159458606504, 0.000139933123137, 0.000116525516205, 0.000127213206724], "mean": [0.00423512514681, 0.00427196361125, 0.0019659101963, 0.000950557237957, 0.000649078690913, 0.000381648307666, 0.000200003443751, 0.000139183001011, 0.000135597598273, 7.91713173385e-05, 6.40444850433e-05, 9.57369557e-05, 7.63613861636e-05, 3.06018373522e-05, 2.64754580712e-05, 3.09389542963e-05, 5.41562658327e-05, 2.67076993623e-05, 4.44410943601e-05, 1.73530479515e-05, 1.36315766213e-05, 1.27309158415e-05, 1.6230809706e-05, 1.09333032015e-05, 7.11675966159e-06, 5.60705211683e-06, 5.11045072926e-06, 4.85220198243e-06, 4.62035086457e-06, 4.74540684081e-06, 4.87191073262e-06, 4.37431890532e-06, 5.17515536558e-06, 5.420042271e-06, 3.93624168282e-06, 6.69583505442e-06, 7.6703954619e-06, 6.59746365272e-06, 5.24744018549e-06, 5.85057341596e-06], "median": [0.00168429268524, 0.00312468595803, 0.00115074892528, 0.000600064173341, 0.000363291561371, 0.000220857473323, 9.19313388295e-05, 4.30924519605e-05, 6.01600622758e-05, 2.44086604653e-05, 1.63672466442e-05, 1.15536658996e-05, 8.41019118525e-06, 7.63416664995e-06, 7.52078631194e-06, 4.53499706055e-06, 9.0635730885e-06, 4.10858001487e-06, 3.37854771715e-06, 2.38900065597e-06, 3.55217275683e-06, 4.55132749266e-06, 3.26069766743e-06, 2.56260454989e-06, 1.8926782559e-06, 1.54488498083e-06, 1.18584910069e-06, 9.06486093299e-07, 7.33726324142e-07, 6.40599637336e-07, 6.08011077929e-07, 6.61178432892e-07, 6.048276191e-07, 4.90356171667e-07, 3.07128686927e-07, 3.3057182236e-07, 3.20839262713e-07, 3.44776140082e-07, 2.01253385512e-07, 1.87525870388e-07], "min": [1.67412317686e-24, 1.81222428293e-23, 1.38519320677e-23, 1.28580785566e-23, 4.23927539579e-24, 3.53680185943e-24, 7.14578606942e-24, 7.39340240782e-24, 9.99960714547e-24, 2.43299514034e-24, 6.10613287179e-24, 1.02461766654e-23, 1.31423382729e-23, 1.70544343971e-23, 1.1029959673e-23, 6.05889311977e-24, 7.28674841343e-24, 8.24114073556e-24, 7.09088687244e-24, 7.22633586759e-24, 7.4127295e-24, 9.22619292563e-24, 6.58137817984e-24, 1.03920970003e-23, 8.29995583807e-24, 8.21619537602e-24, 9.32295933743e-24, 7.30511230645e-24, 5.2814036445e-24, 8.11745602309e-24, 1.05598159285e-23, 9.39514563229e-24, 9.20750954395e-24, 6.64932986935e-24, 9.19259770626e-24, 1.15531811347e-23, 8.32105944501e-24, 7.37155096074e-24, 8.67918809648e-24, 7.49576815432e-24], "var": [3.29035829054e-05, 2.86423346552e-05, 9.36553260544e-06, 1.55440898197e-06, 6.46628791401e-07, 2.53755075619e-07, 7.05004765678e-08, 5.2535906292e-08, 4.65694540708e-08, 1.85470536707e-08, 2.44354936285e-08, 1.1788763743e-07, 8.9840000328e-08, 1.09038511553e-08, 6.06343064646e-09, 1.35837225912e-08, 8.49863894814e-08, 7.46019068742e-09, 5.71103093705e-08, 3.07636094377e-09, 1.0390659444e-09, 6.45008213507e-10, 2.99350100263e-09, 1.10195563785e-09, 2.75019423901e-10, 1.87244636463e-10, 1.60478755284e-10, 1.65307406652e-10, 1.55003607172e-10, 1.86940879443e-10, 1.41918823915e-10, 9.62072574384e-11, 1.66115746159e-10, 1.55308599314e-10, 1.04256402123e-10, 2.46237447099e-10, 4.28185459311e-10, 3.79869191658e-10, 2.53716464504e-10, 3.18126219812e-10]}, "mfcc": {"mean": [-674.501647949, 124.679672241, 26.7316684723, 27.9517307281, 11.5848703384, 8.57014846802, -0.76178508997, 4.0400428772, -2.09889650345, -0.440507084131, 1.03589510918, 1.10871517658, -3.31633019447], "cov": [[8305.31933594, -2308.7956543, -33.7059669495, -688.693908691, -23.6804161072, -162.604476929, -106.687896729, 84.1681365967, 62.8678131104, 117.306663513, 56.745010376, -29.8830165863, -129.348373413], [-2308.7956543, 3218.05541992, 36.8510093689, 800.310241699, 49.2593345642, 127.094657898, 175.044433594, 95.4386749268, 14.0084581375, 17.6507720947, 44.060874939, 33.5003204346, 70.9474105835], [-33.7059669495, 36.8510093689, 1236.18701172, 76.1818618774, 179.263366699, 129.907745361, 61.82970047, 78.6748123169, 7.91988229752, 20.4173870087, 79.0754241943, 37.385181427, -43.0369033813], [-688.693908691, 800.310241699, 76.1818618774, 634.756652832, 210.65788269, 216.451202393, 137.514831543, 103.247276306, 76.8322525024, 56.9979972839, 34.8775253296, 49.2829818726, 53.9731674194], [-23.6804161072, 49.2593345642, 179.263366699, 210.65788269, 328.740844727, 195.641647339, 149.422225952, 60.3932762146, 91.5057373047, 49.3998184204, 26.63829422, 23.9874458313, 23.4208221436], [-162.604476929, 127.094657898, 129.907745361, 216.451202393, 195.641647339, 291.712585449, 130.088882446, 104.869140625, 68.5645370483, 49.2764549255, 20.2212619781, 17.8471469879, 20.8001003265], [-106.687896729, 175.044433594, 61.82970047, 137.514831543, 149.422225952, 130.088882446, 205.455078125, 70.3380737305, 72.2114944458, 28.0073032379, 22.1553478241, 27.4286651611, 43.5972099304], [84.1681365967, 95.4386749268, 78.6748123169, 103.247276306, 60.3932762146, 104.869140625, 70.3380737305, 174.382995605, 46.3189582825, 43.89635849, 45.9006958008, 33.8989715576, 16.7724285126], [62.8678131104, 14.0084581375, 7.91988229752, 76.8322525024, 91.5057373047, 68.5645370483, 72.2114944458, 46.3189582825, 131.949859619, 68.19506073, 29.1727085114, 26.9786987305, 37.3164024353], [117.306663513, 17.6507720947, 20.4173870087, 56.9979972839, 49.3998184204, 49.2764549255, 28.0073032379, 43.89635849, 68.19506073, 114.655380249, 63.4265213013, 31.1647357941, 26.5192279816], [56.745010376, 44.060874939, 79.0754241943, 34.8775253296, 26.63829422, 20.2212619781, 22.1553478241, 45.9006958008, 29.1727085114, 63.4265213013, 101.171485901, 46.8226890564, 18.9111881256], [-29.8830165863, 33.5003204346, 37.385181427, 49.2829818726, 23.9874458313, 17.8471469879, 27.4286651611, 33.8989715576, 26.9786987305, 31.1647357941, 46.8226890564, 84.0185165405, 39.7143707275], [-129.348373413, 70.9474105835, -43.0369033813, 53.9731674194, 23.4208221436, 20.8001003265, 43.5972099304, 16.7724285126, 37.3164024353, 26.5192279816, 18.9111881256, 39.7143707275, 92.2096862793]], "icov": [[0.000164992728969, 0.000102775149571, 1.59854553203e-05, 5.84814843023e-05, -6.55556723359e-05, 0.000154920184286, -4.11050023104e-05, -0.000199243106181, -2.66547631327e-05, -0.000212509097764, -3.70085012946e-06, 4.26478582085e-05, 0.00021727438434], [0.000102775149571, 0.000592667493038, -2.7293110179e-05, -0.00080464099301, 0.000450282124802, 0.00030888087349, -0.000486786913825, -7.20766256563e-05, 0.000166314144735, -3.63107283192e-05, -0.000258737680269, 0.000360429257853, 4.65917510155e-05], [1.59854553203e-05, -2.7293110179e-05, 0.00100016186479, 0.000162481912412, -0.000622187799308, -0.000206148280995, 0.000119486285257, -0.000185390061233, 0.000235340514337, 0.000391055305954, -0.000857925682794, -0.000346796470694, 0.000714492751285], [5.84814843023e-05, -0.00080464099301, 0.000162481912412, 0.00369272241369, -0.0015960970195, -0.00130159477703, 0.00060403929092, -0.000537908868864, -5.32391204615e-05, -0.000376373383915, 0.000547647243366, -0.00111587357242, -0.000375159346731], [-6.55556723359e-05, 0.000450282124802, -0.000622187799308, -0.0015960970195, 0.00744430767372, -0.00265080132522, -0.00292481482029, 0.00172207003925, -0.0020660024602, 0.000103986523754, -0.000393606518628, 0.000177464753506, 0.000792681530584], [0.000154920184286, 0.00030888087349, -0.000206148280995, -0.00130159477703, -0.00265080132522, 0.00802968069911, -0.00176156475209, -0.00293784961104, 0.000651069683954, -0.00197633169591, 0.00172755005769, 0.000966751656961, 0.000408794439863], [-4.11050023104e-05, -0.000486786913825, 0.000119486285257, 0.00060403929092, -0.00292481482029, -0.00176156475209, 0.00979217607528, -0.00150306581054, -0.00256215920672, 0.00258217775263, -0.000763697200455, -2.57220963249e-05, -0.00273509486578], [-0.000199243106181, -7.20766256563e-05, -0.000185390061233, -0.000537908868864, 0.00172207003925, -0.00293784961104, -0.00150306581054, 0.00915584620088, -0.00107593100984, 0.000102364341728, -0.00246866489761, -0.001406687079, 0.000792988343164], [-2.66547631327e-05, 0.000166314144735, 0.000235340514337, -5.32391204615e-05, -0.0020660024602, 0.000651069683954, -0.00256215920672, -0.00107593100984, 0.0147164650261, -0.00791242718697, 0.00267966091633, -0.000683166203089, -0.00217471178621], [-0.000212509097764, -3.63107283192e-05, 0.000391055305954, -0.000376373383915, 0.000103986523754, -0.00197633169591, 0.00258217775263, 0.000102364341728, -0.00791242718697, 0.0198734290898, -0.0108380997553, 0.00146020553075, -0.00160701503046], [-3.70085012946e-06, -0.000258737680269, -0.000857925682794, 0.000547647243366, -0.000393606518628, 0.00172755005769, -0.000763697200455, -0.00246866489761, 0.00267966091633, -0.0108380997553, 0.0210062116385, -0.00792921055108, 0.00113282259554], [4.26478582085e-05, 0.000360429257853, -0.000346796470694, -0.00111587357242, 0.000177464753506, 0.000966751656961, -2.57220963249e-05, -0.001406687079, -0.000683166203089, 0.00146020553075, -0.00792921055108, 0.0202989410609, -0.00698128296062], [0.00021727438434, 4.65917510155e-05, 0.000714492751285, -0.000375159346731, 0.000792681530584, 0.000408794439863, -0.00273509486578, 0.000792988343164, -0.00217471178621, -0.00160701503046, 0.00113282259554, -0.00698128296062, 0.0166389681399]]}, "spectral_contrast_coeffs": {"dmean": [0.0569606944919, 0.0512906834483, 0.0407945141196, 0.0371075123549, 0.0295412763953, 0.0261964797974], "dmean2": [0.0917050912976, 0.0824319571257, 0.0647528916597, 0.0574149675667, 0.0457484573126, 0.0415374115109], "dvar": [0.0029056458734, 0.00206517404877, 0.00132334243972, 0.00110803102143, 0.000888040871359, 0.00069597386755], "dvar2": [0.0074866884388, 0.0048641404137, 0.00294567667879, 0.00245352392085, 0.00189761747606, 0.00160498020705], "max": [-0.246513128281, -0.429682195187, -0.484394967556, -0.51405197382, -0.577676236629, -0.586860835552], "mean": [-0.635881185532, -0.754116535187, -0.790323078632, -0.79217427969, -0.796973109245, -0.778983354568], "median": [-0.652098536491, -0.75831413269, -0.798222780228, -0.807340979576, -0.811718940735, -0.787417590618], "min": [-0.964047849178, -0.974866271019, -0.980568408966, -0.98176074028, -0.970531761646, -0.965544521809], "var": [0.00833817292005, 0.00496136350557, 0.00476635945961, 0.00486533297226, 0.00354322325438, 0.00284136948176]}, "spectral_contrast_valleys": {"dmean": [0.491468787193, 0.546019077301, 0.649616837502, 0.690218925476, 0.6806666255, 0.912038326263], "dmean2": [0.728282570839, 0.810818433762, 0.929949343204, 0.999812424183, 0.951152920723, 1.19069302082], "dvar": [0.324690520763, 0.397077262402, 0.468685656786, 0.546843528748, 0.602495729923, 0.967751085758], "dvar2": [0.538354277611, 0.733942449093, 0.893187999725, 1.02072286606, 1.09573161602, 1.70382452011], "max": [-5.08493232727, -4.43298244476, -4.98612308502, -4.97160434723, -5.27010536194, -7.02301168442], "mean": [-7.08377122879, -6.76384735107, -7.81997919083, -8.23538970947, -8.17955303192, -10.3049993515], "median": [-6.54