{"lowlevel": {"average_loudness": 0.923161327839, "barkbands_crest": {"dmean": 2.58023238182, "dmean2": 4.09243011475, "dvar": 8.67664337158, "dvar2": 18.5064163208, "max": 26.04728508, "mean": 13.2404470444, "median": 12.4924316406, "min": 2.36675524712, "var": 39.7201957703}, "barkbands_flatness_db": {"dmean": 0.0343797579408, "dmean2": 0.0468015894294, "dvar": 0.00147011573426, "dvar2": 0.00261392723769, "max": 0.57248288393, "mean": 0.191254109144, "median": 0.155291557312, "min": 0.0212048981339, "var": 0.0130626568571}, "barkbands_kurtosis": {"dmean": 28.6980056763, "dmean2": 38.6478843689, "dvar": 4506.87158203, "dvar2": 7618.89501953, "max": 1144.4420166, "mean": 58.2976303101, "median": 5.55998897552, "min": -1.93611431122, "var": 18563.484375}, "barkbands_skewness": {"dmean": 1.36745524406, "dmean2": 1.82699346542, "dvar": 3.67296504974, "dvar2": 6.34251976013, "max": 24.9625930786, "mean": 3.93090462685, "median": 2.21334767342, "min": -2.74615836143, "var": 22.0910320282}, "barkbands_spread": {"dmean": 8.40379238129, "dmean2": 12.1390724182, "dvar": 148.092254639, "dvar2": 302.104400635, "max": 123.182914734, "mean": 21.6986751556, "median": 17.8115692139, "min": 0.128983989358, "var": 405.085479736}, "dissonance": {"dmean": 0.0145500209183, "dmean2": 0.0223685856909, "dvar": 0.000285464542685, "dvar2": 0.000637949735392, "max": 0.499999880791, "mean": 0.465847998857, "median": 0.474156349897, "min": 0.172860711813, "var": 0.00100158830173}, "dynamic_complexity": 5.68596696854, "erbbands_crest": {"dmean": 2.4646229744, "dmean2": 3.77255058289, "dvar": 6.76209545135, "dvar2": 13.674955368, "max": 31.1942024231, "mean": 9.4555978775, "median": 8.18027973175, "min": 2.33543848991, "var": 22.6715526581}, "erbbands_flatness_db": {"dmean": 0.0203062742949, "dmean2": 0.0278188884258, "dvar": 0.000466767902253, "dvar2": 0.000864582892973, "max": 0.435699433088, "mean": 0.141001656651, "median": 0.134434342384, "min": 0.0381730645895, "var": 0.00276065780781}, "erbbands_kurtosis": {"dmean": 2.05557131767, "dmean2": 3.00788116455, "dvar": 20.6579265594, "dvar2": 41.3534545898, "max": 99.88671875, "mean": 2.16746401787, "median": 0.113121271133, "min": -1.8888194561, "var": 49.2799530029}, "erbbands_skewness": {"dmean": 0.575640976429, "dmean2": 0.764891386032, "dvar": 0.452586948872, "dvar2": 0.797001600266, "max": 9.00302028656, "mean": 0.455347239971, "median": 0.28394022584, "min": -3.03254342079, "var": 2.06357812881}, "erbbands_spread": {"dmean": 15.0761785507, "dmean2": 21.1437625885, "dvar": 326.191711426, "dvar2": 659.476989746, "max": 203.183639526, "mean": 52.3548965454, "median": 45.0877990723, "min": 0.61643576622, "var": 965.628723145}, "hfc": {"dmean": 11.0513477325, "dmean2": 15.360915184, "dvar": 649.303039551, "dvar2": 1312.45410156, "max": 240.038284302, "mean": 16.3966655731, "median": 6.05957126617, "min": 1.19356603738e-16, "var": 1001.79089355}, "melbands_crest": {"dmean": 3.43419146538, "dmean2": 5.25600862503, "dvar": 11.7786426544, "dvar2": 23.9426593781, "max": 36.5143585205, "mean": 19.2884120941, "median": 19.015712738, "min": 1.00187718868, "var": 72.0510101318}, "melbands_flatness_db": {"dmean": 0.041587177664, "dmean2": 0.0550945773721, "dvar": 0.00215406855568, "dvar2": 0.00376877468079, "max": 0.697625160217, "mean": 0.271289736032, "median": 0.23397770524, "min": -8.62865601192e-09, "var": 0.0213257409632}, "melbands_kurtosis": {"dmean": 57.4383392334, "dmean2": 76.868927002, "dvar": 14677.5390625, "dvar2": 26219.2675781, "max": 2214.06347656, "mean": 116.738563538, "median": 19.4409294128, "min": -1.79955995083, "var": 52573.375}, "melbands_skewness": {"dmean": 1.77324032784, "dmean2": 2.35894083977, "dvar": 6.1536397934, "dvar2": 10.6999740601, "max": 33.0931129456, "mean": 5.70909452438, "median": 3.6142168045, "min": -2.18952655792, "var": 30.9520950317}, "melbands_spread": {"dmean": 8.87215232849, "dmean2": 12.7669296265, "dvar": 262.145263672, "dvar2": 523.644470215, "max": 228.731445312, "mean": 22.8311309814, "median": 11.7223062515, "min": 0.110523380339, "var": 855.971252441}, "pitch_salience": {"dmean": 0.0768756866455, "dmean2": 0.118980631232, "dvar": 0.00656900554895, "dvar2": 0.0141746271402, "max": 0.99607115984, "mean": 0.440755933523, "median": 0.455753564835, "min": 0.00743224984035, "var": 0.0340908691287}, "silence_rate_20dB": {"dmean": 0.0394622310996, "dmean2": 0.0789320915937, "dvar": 0.0379042737186, "dvar2": 0.0728920847178, "max": 1, "mean": 0.944584131241, "median": 1, "min": 0, "var": 0.0523465946317}, "silence_rate_30dB": {"dmean": 0.0516490973532, "dmean2": 0.103308185935, "dvar": 0.0489759109914, "dvar2": 0.0965112000704, "max": 1, "mean": 0.869342386723, "median": 1, "min": 0, "var": 0.113593310118}, "silence_rate_60dB": {"dmean": 0.0651900544763, "dmean2": 0.130392730236, "dvar": 0.0609430633485, "dvar2": 0.120358422399, "max": 1, "mean": 0.245454549789, "median": 0, "min": 0, "var": 0.185225948691}, "spectral_centroid": {"dmean": 342.686279297, "dmean2": 472.53326416, "dvar": 195985.140625, "dvar2": 353123.46875, "max": 11268.7636719, "mean": 1359.71069336, "median": 1166.53271484, "min": 116.332321167, "var": 917355.875}, "spectral_complexity": {"dmean": 3.18908977509, "dmean2": 4.56084346771, "dvar": 34.927570343, "dvar2": 56.3475112915, "max": 63, "mean": 10.7339458466, "median": 7, "min": 0, "var": 140.964523315}, "spectral_decrease": {"dmean": 7.00089497485e-09, "dmean2": 7.84862130843e-09, "dvar": 2.16292576234e-16, "dvar2": 2.13462414164e-16, "max": 6.51461740759e-28, "mean": -1.45564156284e-08, "median": -2.48262188585e-09, "min": -1.64950648696e-07, "var": 8.39058979089e-16}, "spectral_energy": {"dmean": 0.0271853208542, "dmean2": 0.0306547973305, "dvar": 0.00312908017077, "dvar2": 0.00311374571174, "max": 0.625509858131, "mean": 0.0564264059067, "median": 0.0104513568804, "min": 1.08165093422e-20, "var": 0.0121024278924}, "spectral_energyband_high": {"dmean": 0.000778603716753, "dmean2": 0.00111742794979, "dvar": 3.28919281856e-06, "dvar2": 6.95302469467e-06, "max": 0.0177511367947, "mean": 0.000887537025847, "median": 0.000136277842103, "min": 7.70789512997e-21, "var": 4.7430921768e-06}, "spectral_energyband_low": {"dmean": 0.0246673915535, "dmean2": 0.0273875743151, "dvar": 0.00308310077526, "dvar2": 0.00301695405506, "max": 0.607885599136, "mean": 0.0503714643419, "median": 0.00410315627232, "min": 5.2340214242e-23, "var": 0.0120026133955}, "spectral_energyband_middle_high": {"dmean": 0.00176943524275, "dmean2": 0.00248708343133, "dvar": 3.8754871639e-05, "dvar2": 7.73588617449e-05, "max": 0.0621615275741, "mean": 0.00259924144484, "median": 0.000434702262282, "min": 1.61731389362e-21, "var": 5.73703582631e-05}, "spectral_energyband_middle_low": {"dmean": 0.00148766546044, "dmean2": 0.00240955245681, "dvar": 9.19126341614e-06, "dvar2": 2.37260883296e-05, "max": 0.0296909809113, "mean": 0.00296540046111, "median": 0.00191507057752, "min": 3.11496054141e-22, "var": 1.19870037452e-05}, "spectral_entropy": {"dmean": 0.267031550407, "dmean2": 0.358273327351, "dvar": 0.102073416114, "dvar2": 0.17155790329, "max": 9.80999183655, "mean": 7.47470474243, "median": 7.60051107407, "min": 4.28240966797, "var": 0.471642583609}, "spectral_flux": {"dmean": 0.042056709528, "dmean2": 0.0649308785796, "dvar": 0.00433060899377, "dvar2": 0.00891918875277, "max": 0.553457081318, "mean": 0.080103456974, "median": 0.0527116656303, "min": 1.04002445545e-10, "var": 0.00731687713414}, "spectral_kurtosis": {"dmean": 1.89139139652, "dmean2": 2.80206990242, "dvar": 21.8302631378, "dvar2": 47.0724258423, "max": 120.961921692, "mean": 4.83968639374, "median": 3.39230895042, "min": -1.18295872211, "var": 65.7229919434}, "spectral_rms": {"dmean": 0.00145043851808, "dmean2": 0.00168421946, "dvar": 4.81452298118e-06, "dvar2": 5.18210163136e-06, "max": 0.0247033108026, "mean": 0.00527828652412, "median": 0.00319318729453, "min": 3.24849066917e-12, "var": 2.71899043582e-05}, "spectral_rolloff": {"dmean": 716.354248047, "dmean2": 1175.94616699, "dvar": 2930127.25, "dvar2": 6098181.5, "max": 18841.5527344, "mean": 1511.48913574, "median": 452.197265625, "min": 64.599609375, "var": 4771704}, "spectral_skewness": {"dmean": 0.288445860147, "dmean2": 0.398746013641, "dvar": 0.17295730114, "dvar2": 0.322352230549, "max": 9.49106502533, "mean": 1.53452718258, "median": 1.45733594894, "min": -0.121595300734, "var": 0.730567216873}, "spectral_spread": {"dmean": 911724.1875, "dmean2": 1264814.875, "dvar": 1466920599550.0, "dvar2": 2637360267260.0, "max": 40886860, "mean": 5654829, "median": 5097878.5, "min": 789109, "var": 5966468218880.0}, "spectral_strongpeak": {"dmean": 0.26267132163, "dmean2": 0.404543429613, "dvar": 0.162768706679, "dvar2": 0.370810776949, "max": 5.96193790436, "mean": 0.538320660591, "median": 0.342748165131, "min": 0, "var": 0.344931483269}, "zerocrossingrate": {"dmean": 0.0169745143503, "dmean2": 0.0185024496168, "dvar": 0.00050870020641, "dvar2": 0.000617863377556, "max": 0.5126953125, "mean": 0.0612599365413, "median": 0.05078125, "min": 0.001953125, "var": 0.00280369981192}, "barkbands": {"dmean": [0.00201144791208, 0.0209315828979, 0.00338203506544, 0.000725063728169, 0.000427294668043, 0.000286736089038, 0.000174372893525, 0.000112786066893, 0.000152073553181, 0.000137959155836, 3.49123038177e-05, 0.000102595375211, 0.000132243978442, 0.000182135845535, 0.000290518684778, 0.000223815368372, 0.00025010725949, 0.000224738527322, 0.000298540689982, 0.000375983305275, 0.000142566947034, 0.00010820946045, 0.000113078065624, 0.000108032072603, 0.00012254829926, 7.93998115114e-05, 2.02639566851e-05], "dmean2": [0.00246837618761, 0.0249097701162, 0.00500222947448, 0.00119994208217, 0.000684575876221, 0.000454362976598, 0.000280448963167, 0.000175892942934, 0.000251828780165, 0.000230328791076, 5.86043715884e-05, 0.000185258424608, 0.000197552304599, 0.000252670695772, 0.000436493719462, 0.000351351161953, 0.000349919428118, 0.000347606575815, 0.000460019393358, 0.000572198303416, 0.000199379530386, 0.000140249307151, 0.000162996846484, 0.000173911685124, 0.000202575742151, 0.000133390974952, 3.39407451975e-05], "dvar": [3.82879115932e-05, 0.0027191133704, 5.46687078895e-05, 2.67696100309e-06, 5.90576917148e-07, 1.51618678501e-07, 2.31294691844e-07, 9.89070940705e-08, 3.39921200521e-07, 2.7213792464e-07, 1.16803358097e-08, 2.1232487768e-07, 2.30708863569e-07, 3.23737992858e-07, 1.34820777475e-06, 6.73468548484e-07, 5.23337462255e-07, 4.83610733681e-07, 1.17687784496e-06, 2.29254646911e-06, 1.59523835919e-07, 7.97732795377e-08, 7.18881025819e-08, 8.88541009658e-08, 1.63834741329e-07, 7.11898735517e-08, 4.64388838495e-09], "dvar2": [6.31306393188e-05, 0.00292004784569, 9.95845184661e-05, 7.2051711868e-06, 1.29780926272e-06, 4.40249067424e-07, 6.01077715601e-07, 2.42298142439e-07, 9.43360248584e-07, 7.35315836664e-07, 3.06091720859e-08, 6.2049304006e-07, 4.92528386076e-07, 5.3535478628e-07, 2.86558974949e-06, 1.41233738304e-06, 1.0511456594e-06, 1.02131787116e-06, 2.8022288916e-06, 5.62367267776e-06, 2.5876812515e-07, 1.37549236001e-07, 1.5214904181e-07, 2.30028774695e-07, 4.22002329969e-07, 1.86371579503e-07, 1.21963168453e-08], "max": [0.0914329811931, 0.53599691391, 0.0636809766293, 0.0123536773026, 0.0105617763475, 0.0054015791975, 0.0113262925297, 0.00305182859302, 0.00619565136731, 0.00805005803704, 0.00116614438593, 0.00531156733632, 0.00556899094954, 0.0100778983906, 0.0134690934792, 0.00915345363319, 0.00765789952129, 0.00751964189112, 0.0108562344685, 0.016141012311, 0.00429914146662, 0.00401004170999, 0.00262229656801, 0.00360549986362, 0.00559681933373, 0.00440223840997, 0.00195150123909], "mean": [0.00303868646733, 0.0399187467992, 0.00707257911563, 0.000790847232565, 0.000746672740206, 0.000660272897221, 0.000317505997373, 0.000154286724865, 0.000206181895919, 0.000176551533514, 4.37579328718e-05, 0.000101907586213, 0.00014714813733, 0.000258967571426, 0.000366520136595, 0.000264665519353, 0.000351617956767, 0.000288298615487, 0.000388593791286, 0.000411244604038, 0.000175124077941, 0.000141030817758, 0.000124449303257, 9.9577679066e-05, 0.000102529440483, 6.25839093118e-05, 1.61725020007e-05], "median": [7.87208409747e-05, 0.00184552313294, 0.000246114446782, 0.000201739356271, 0.000379961798899, 0.000498506473377, 0.000125633770949, 3.35553668265e-05, 4.73038307973e-05, 3.35179793183e-05, 6.97136874805e-06, 9.08837864699e-06, 1.20261456686e-05, 2.45531846303e-05, 2.24363975576e-05, 2.4114830012e-05, 3.56719756383e-05, 2.93551674986e-05, 3.99403179472e-05, 3.15189136018e-05, 1.84011696547e-05, 1.79589696927e-05, 1.71326864802e-05, 1.78315258381e-05, 1.05276267277e-05, 4.68042253488e-06, 1.06932816379e-06], "min": [9.71049356801e-24, 3.06628750801e-23, 7.74922127456e-24, 8.99288652405e-24, 3.37420106079e-23, 8.31499720672e-23, 4.30846228371e-23, 4.71818843372e-23, 5.76233798074e-23, 1.60306532386e-22, 3.16902528132e-23, 1.58638211479e-22, 1.34532351398e-22, 6.96209128794e-23, 1.56397467855e-22, 1.76517156983e-22, 1.84634384236e-22, 2.34150602655e-22, 2.7030173767e-22, 2.34642624668e-22, 4.9484913894e-22, 5.78713661215e-22, 4.85081602051e-22, 9.4626957916e-22, 1.37139164348e-21, 1.54161717404e-21, 2.39038859403e-21], "var": [8.04211522336e-05, 0.00966879166663, 0.000171512932866, 2.73693990493e-06, 1.16585840715e-06, 3.89562046621e-07, 4.02804317901e-07, 1.17079032691e-07, 2.72124310641e-07, 3.27701087599e-07, 1.2451075726e-08, 1.494349533e-07, 2.80399149233e-07, 6.16219210769e-07, 1.76848789124e-06, 8.16920305624e-07, 8.36331707887e-07, 7.02842839928e-07, 1.64469076935e-06, 2.4589894565e-06, 2.92304491722e-07, 1.63385095675e-07, 1.01875748726e-07, 7.10387482172e-08, 1.31628411282e-07, 5.28793400179e-08, 3.45293837967e-09]}, "erbbands": {"dmean": [1.0767942667, 3.22922682762, 4.12022781372, 2.62490463257, 1.5904943943, 1.59762823582, 1.60136163235, 2.91097855568, 2.01628804207, 3.15298604965, 1.90902924538, 3.57016372681, 5.14523363113, 2.32556867599, 1.97775185108, 4.71454381943, 6.15510606766, 8.06809616089, 15.3938951492, 9.71610927582, 13.7778720856, 13.8007984161, 11.6923408508, 15.393286705, 17.8034477234, 15.1176185608, 7.87280845642, 5.84709644318, 3.83520841599, 2.84721398354, 3.26837086678, 2.42105197906, 1.70927751064, 1.43787109852, 0.87525510788, 0.374401688576, 0.142671197653, 0.0258596222848, 0.00371683971025, 0.000232422185945], "dmean2": [1.18950414658, 4.65474748611, 6.27686214447, 4.09557771683, 2.56705284119, 2.56090116501, 2.51349496841, 4.6403298378, 3.08103060722, 5.1755657196, 3.03288197517, 5.76795578003, 8.91933727264, 3.71161723137, 3.43390583992, 8.27711582184, 9.40773963928, 11.1568984985, 24.0885295868, 14.7767820358, 20.8248004913, 19.3624362946, 17.6403503418, 24.1608085632, 26.2808685303, 21.6310405731, 11.3971796036, 7.90531682968, 4.8488407135, 3.8840379715, 4.83557844162, 3.78455805779, 2.79318070412, 2.36964941025, 1.45480978489, 0.625555932522, 0.240858003497, 0.0435264445841, 0.00622351234779, 0.000370495137759], "dvar": [8.07134056091, 65.654045105, 81.5264205933, 26.5852813721, 12.2922954559, 9.72470664978, 7.87314414978, 16.1601371765, 19.4661941528, 100.054832458, 29.2414340973, 148.268661499, 532.999023438, 66.0317611694, 56.1755561829, 434.18963623, 523.128662109, 655.626037598, 3926.46801758, 1056.95043945, 2563.52050781, 1825.86010742, 1216.8026123, 2649.19287109, 5112.75195312, 3030.54956055, 801.52722168, 283.956756592, 98.9960250854, 39.8120956421, 61.5743484497, 41.5628471375, 25.7661590576, 26.6662101746, 7.92769098282, 1.48728501797, 0.264486551285, 0.00712558906525, 0.000146112419316, 6.15009412286e-07], "dvar2": [8.20617389679, 118.049583435, 164.150512695, 67.984954834, 30.0230312347, 21.3126068115, 16.6327018738, 46.3426589966, 45.0183372498, 270.858734131, 77.8532714844, 404.53527832, 1500.66320801, 145.702331543, 157.901138306, 1237.35754395, 1240.84191895, 1059.03503418, 7293.01855469, 2250.53393555, 5493.22753906, 4094.39038086, 2501.046875, 5977.71240234, 11974.1416016, 6907.10302734, 1787.87023926, 474.241912842, 162.432800293, 73.9043426514, 135.063659668, 105.702056885, 67.3707427979, 69.2224960327, 20.5921020508, 3.85573625565, 0.700512707233, 0.0187802948058, 0.000382075813832, 1.62425089911e-06], "max": [28.9743385315, 80.9029388428, 81.4406890869, 45.5954933167, 31.6497783661, 47.5612945557, 59.3272171021, 60.2168502808, 128.006469727, 114.476173401, 60.6632003784, 132.283065796, 218.558609009, 274.544006348, 78.0623168945, 247.232543945, 265.645568848, 526.066223145, 712.971862793, 356.788909912, 581.038024902, 469.345733643, 323.113586426, 525.273254395, 743.77166748, 618.282104492, 345.046173096, 189.640380859, 184.266876221, 68.7647399902, 75.8083877563, 96.9321517944, 70.56665802, 87.9389038086, 40.3115348816, 24.3954906464, 9.17110538483, 1.66805934906, 0.267901539803, 0.0266931541264], "mean": [1.94217932224, 5.8707151413, 8.38781166077, 4.47166585922, 2.18689656258, 2.80743575096, 3.47016596794, 6.43870639801, 4.96919727325, 4.21604156494, 3.09979701042, 5.41079711914, 5.63472366333, 3.46394133568, 2.35199284554, 4.7650270462, 6.78398227692, 12.2185602188, 21.2407913208, 12.645939827, 16.5221195221, 18.0960083008, 16.0385665894, 20.139799118, 21.2381305695, 18.1348400116, 9.072889328, 6.9751906395, 5.0387468338, 3.68343496323, 3.5860042572, 2.35860180855, 1.5129019022, 1.20965099335, 0.722258925438, 0.299396634102, 0.111409172416, 0.0205344036222, 0.00296196434647, 0.000229989673244], "median": [0.0520633235574, 0.404281556606, 0.476569354534, 0.961206078529, 0.899689912796, 1.4309015274, 2.21738147736, 4.71724414825, 2.59260773659, 1.22988808155, 0.983197331429, 1.47266483307, 0.981343746185, 0.633401334286, 0.516203582287, 0.490989983082, 0.697360157967, 1.31479692459, 1.18625307083, 1.69399166107, 1.73697674274, 1.83229470253, 1.70533895493, 1.95299744606, 2.00687599182, 1.55788493156, 0.864708065987, 0.709673166275, 0.624437749386, 0.53148496151, 0.49218583107, 0.413344115019, 0.258608281612, 0.135078430176, 0.065150141716, 0.0250724554062, 0.00740269897506, 0.00144974491559, 0.000219212844968, 4.76534805784e-05], "min": [1.73978398117e-21, 3.77552494602e-21, 7.62403242523e-21, 2.18723016792e-20, 8.20511598111e-20, 8.96631860006e-20, 3.36837277063e-19, 7.85442164518e-19, 3.74933002626e-19, 1.28275147229e-18, 8.54084558579e-19, 1.42490545909e-18, 3.16518944994e-18, 4.24428936561e-18, 1.91652702127e-18, 7.62001261826e-18, 7.0632265946e-18, 3.01014685182e-18, 6.38103171827e-18, 9.07126791576e-18, 9.81646086754e-18, 1.09904584586e-17, 1.16588931854e-17, 1.40381318065e-17, 1.2236989036e-17, 1.30845720584e-17, 2.06205422992e-17, 1.89616216546e-17, 1.67726287842e-17, 1.72709091503e-17, 1.34991508455e-17, 1.56291624295e-17, 1.75000150189e-17, 2.001064549e-17, 7.99807551722e-18, 5.0104476236e-18, 2.92541109026e-18, 1.25273432863e-18, 3.52552442081e-19, 3.32212665354e-20], "var": [26.5704040527, 177.699172974, 216.099365234, 48.7483215332, 15.6823940277, 19.2951965332, 19.215051651, 40.2764663696, 67.0718231201, 91.5250091553, 34.3122558594, 139.717895508, 364.773864746, 196.383148193, 42.8762283325, 317.181182861, 561.425170898, 1345.55517578, 5761.20263672, 1414.26184082, 3070.68579102, 2515.88256836, 1884.68127441, 3844.78100586, 6396.20361328, 3909.22094727, 1024.54504395, 495.645263672, 213.782348633, 79.3155136108, 83.4685058594, 35.6224021912, 19.9582958221, 20.8987827301, 6.27826309204, 1.13961684704, 0.189723744988, 0.00526370108128, 0.0001099592846, 4.77020478229e-07]}, "gfcc": {"mean": [-72.4268035889, 69.1489639282, -81.0357131958, 46.8496131897, -43.4690361023, 5.77479600906, -36.1011924744, 11.2951803207, -12.7886257172, 7.06494855881, -6.80697441101, 2.70496535301, -6.17076539993], "cov": [[14952.0380859, -788.101623535, -177.602050781, 1209.64831543, 167.666030884, 582.548400879, 116.745040894, 267.403961182, -162.603668213, -81.725151062, -283.04208374, -189.298461914, -339.904815674], [-788.101623535, 1960.24987793, 403.11416626, 31.0150470734, 304.670074463, -81.2601242065, 275.16583252, 20.2209873199, 119.28137207, -112.088150024, 97.7263259888, -59.7193756104, 44.8143959045], [-177.602050781, 403.11416626, 2252.9543457, 291.420623779, 400.909942627, 344.722808838, 311.08493042, 376.566467285, 141.502761841, 77.3919830322, 164.71824646, 91.9828948975, 55.9225463867], [1209.64831543, 31.0150470734, 291.420623779, 883.043518066, 387.980041504, 219.002243042, 275.143829346, 32.7684516907, 142.08706665, -43.1286125183, 96.8458938599, -9.12173080444, -42.4346542358], [167.666030884, 304.670074463, 400.909942627, 387.980041504, 599.124389648, 257.986541748, 292.444122314, 62.7640724182, 88.5412979126, -9.47167110443, 42.8511238098, -46.8950195312, -44.5501556396], [582.548400879, -81.2601242065, 344.722808838, 219.002243042, 257.986541748, 409.07220459, 214.662002563, 31.4627132416, 31.0982685089, 10.6313152313, -15.6610994339, -49.4735221863, -56.3946533203], [116.745040894, 275.16583252, 311.08493042, 275.143829346, 292.444122314, 214.662002563, 346.721740723, 53.7214355469, 115.465194702, -14.7465782166, 48.2009391785, -25.482667923, -16.5145988464], [267.403961182, 20.2209873199, 376.566467285, 32.7684516907, 62.7640724182, 31.4627132416, 53.7214355469, 222.180892944, 50.4590911865, 26.7155704498, 15.8759222031, 20.5400905609, 14.8308963776], [-162.603668213, 119.28137207, 141.502761841, 142.08706665, 88.5412979126, 31.0982685089, 115.465194702, 50.4590911865, 154.345046997, 45.7568893433, 84.0862350464, 32.0608673096, 35.9522247314], [-81.725151062, -112.088150024, 77.3919830322, -43.1286125183, -9.47167110443, 10.6313152313, -14.7465782166, 26.7155704498, 45.7568893433, 118.030708313, 53.2442588806, 54.6338500977, 34.5804672241], [-283.04208374, 97.7263259888, 164.71824646, 96.8458938599, 42.8511238098, -15.6610994339, 48.2009391785, 15.8759222031, 84.0862350464, 53.2442588806, 141.601577759, 71.3817138672, 49.3067245483], [-189.298461914, -59.7193756104, 91.9828948975, -9.12173080444, -46.8950195312, -49.4735221863, -25.482667923, 20.5400905609, 32.0608673096, 54.6338500977, 71.3817138672, 98.9775772095, 57.0349655151], [-339.904815674, 44.8143959045, 55.9225463867, -42.4346542358, -44.5501556396, -56.3946533203, -16.5145988464, 14.8308963776, 35.9522247314, 34.5804672241, 49.3067245483, 57.0349655151, 87.9479217529]], "icov": [[0.000103379592474, -4.26670740126e-05, 5.92620672251e-05, -0.000251724122791, 0.000143254626892, -0.000148423467181, 4.60067712993e-05, -0.000265544047579, 0.0002462581906, -0.000223861716222, 0.000187498313608, -6.07373585808e-05, 0.000214582818444], [-4.26670740126e-05, 0.000934895360842, -0.000226600561291, 0.000533568614628, -0.000525415758602, 0.000844996597152, -0.000712623761501, 0.000439925846877, -0.000455365807284, 0.00111821631435, -0.000912620220333, 0.00124501029495, -0.000721344200429], [5.92620672251e-05, -0.000226600561291, 0.000938804470934, -0.000167702455656, -2.22955131903e-05, -0.000913396419492, 6.3609375502e-05, -0.00153769121971, 0.000730939558707, -3.27238012687e-05, -0.00066908786539, -0.000719599658623, -0.000103252546978], [-0.000251724122791, 0.000533568614628, -0.000167702455656, 0.00294816028327, -0.00141800881829, 9.37208242249e-05, -0.00036436758819, 0.000893285789061, -0.00232847291045, 0.00296739512123, -0.00193130294792, -0.000455759523902, 0.000570522388443], [0.000143254626892, -0.000525415758602, -2.22955131903e-05, -0.00141800881829, 0.00401241704822, -0.00102788570803, -0.00148214527871, -0.000736539717764, 0.00124060176313, -0.00172838440631, -2.74845733657e-05, 0.0010848758975, 0.000854955404066], [-0.000148423467181, 0.000844996597152, -0.000913396419492, 9.37208242249e-05, -0.00102788570803, 0.00627464754507, -0.00342334574088, 0.00163041206542, 0.000690800778102, -0.00213236548007, 0.00111936428584, 0.00228103064001, 0.000656055577565], [4.60067712993e-05, -0.000712623761501, 6.3609375502e-05, -0.00036436758819, -0.00148214527871, -0.00342334574088, 0.00877902004868, -0.000488813093398, -0.00463178008795, 0.002576418221, -0.000224088362302, -0.000500152818859, 0.000440059986431], [-0.000265544047579, 0.000439925846877, -0.00153769121971, 0.000893285789061, -0.000736539717764, 0.00163041206542, -0.000488813093398, 0.00799229554832, -0.00328982574865, 4.44552606496e-05, 0.00230450485833, -0.000542776833754, -0.000221492213313], [0.0002462581906, -0.000455365807284, 0.000730939558707, -0.00232847291045, 0.00124060176313, 0.000690800778102, -0.00463178008795, -0.00328982574865, 0.016916859895, -0.00619685696438, -0.00494213216007, 0.00321284378879, -0.0034397598356], [-0.000223861716222, 0.00111821631435, -3.27238012687e-05, 0.00296739512123, -0.00172838440631, -0.00213236548007, 0.002576418221, 4.44552606496e-05, -0.00619685696438, 0.0176095012575, -0.00390495895408, -0.0052697355859, -0.000532953650691], [0.000187498313608, -0.000912620220333, -0.00066908786539, -0.00193130294792, -2.74845733657e-05, 0.00111936428584, -0.000224088362302, 0.00230450485833, -0.00494213216007, -0.00390495895408, 0.0196176078171, -0.0102055538446, 0.000132186367409], [-6.07373585808e-05, 0.00124501029495, -0.000719599658623, -0.000455759523902, 0.0010848758975, 0.00228103064001, -0.000500152818859, -0.000542776833754, 0.00321284378879, -0.0052697355859, -0.0102055538446, 0.0282657612115, -0.0104720080271], [0.000214582818444, -0.000721344200429, -0.000103252546978, 0.000570522388443, 0.000854955404066, 0.000656055577565, 0.000440059986431, -0.000221492213313, -0.0034397598356, -0.000532953650691, 0.000132186367409, -0.0104720080271, 0.0222147032619]]}, "melbands": {"dmean": [0.00726308627054, 0.00253375293687, 0.000446657883003, 0.000100043449493, 6.31482034805e-05, 6.082710388e-05, 3.24150823872e-05, 3.3266376704e-05, 1.59037754202e-05, 2.27601012739e-05, 2.53971884376e-05, 9.61787281994e-06, 5.6977287386e-06, 8.70968324307e-06, 1.75489785761e-05, 1.01861787698e-05, 1.57534632308e-05, 2.41936540988e-05, 1.79239741556e-05, 1.30248026835e-05, 1.74742290255e-05, 1.34537694976e-05, 1.31464475999e-05, 1.22870569612e-05, 1.26121012727e-05, 1.28377751025e-05, 1.53961264004e-05, 8.78684295458e-06, 5.89331011724e-06, 3.3893750242e-06, 3.57210979018e-06, 2.46624676947e-06, 1.40173710861e-06, 1.70112036812e-06, 1.91237631952e-06, 1.8271581439e-06, 1.3421828271e-06, 1.11094527711e-06, 1.27592181798e-06, 1.23247627926e-06], "dmean2": [0.00826731976122, 0.00375031982549, 0.000689866545144, 0.000159717586939, 9.95665541268e-05, 9.65252256719e-05, 4.98792614962e-05, 5.37613414053e-05, 2.52161862591e-05, 3.75252020604e-05, 4.39615541836e-05, 1.53623568622e-05, 9.67843152466e-06, 1.50734322233e-05, 3.02630760416e-05, 1.53180080815e-05, 2.16414355236e-05, 3.79164412152e-05, 2.69760694209e-05, 2.12098766497e-05, 2.6335428629e-05, 1.88884459931e-05, 1.93978885363e-05, 1.85877779586e-05, 1.99532987608e-05, 2.1065628971e-05, 2.29297584156e-05, 1.29288737298e-05, 9.00343911781e-06, 4.97682458445e-06, 4.75629485663e-06, 3.16957743962e-06, 1.98650695893e-06, 2.35202946897e-06, 2.88939531856e-06, 2.76741798189e-06, 2.13423300011e-06, 1.8041957901e-06, 2.14379656427e-06, 2.03358354156e-06], "dvar": [0.000344722589944, 2.95706486213e-05, 7.67912979427e-07, 3.21243689427e-08, 1.41329818959e-08, 6.84298795406e-09, 5.80801451378e-09, 1.03815267494e-08, 2.0764010511e-09, 7.17012005325e-09, 1.28061445892e-08, 1.18389886783e-09, 3.74802827663e-10, 1.39292710699e-09, 5.89556892194e-09, 1.25652810379e-09, 2.6199356018e-09, 9.51507850289e-09, 4.89684914839e-09, 1.64544899928e-09, 4.0016328029e-09, 1.65643077032e-09, 1.38733868837e-09, 1.63531654884e-09, 1.78902803682e-09, 2.63906008158e-09, 4.0097201115e-09, 1.01259067797e-09, 5.67112190542e-10, 8.11412256829e-11, 1.17678172762e-10, 4.78041009555e-11, 9.05670330398e-12, 1.53748958009e-11, 2.28737341568e-11, 2.48133267405e-11, 1.23024229692e-11, 1.00776626627e-11, 1.83436876799e-11, 2.17647184997e-11], "dvar2": [0.000348449277226, 6.23091764282e-05, 1.89857587429e-06, 7.46706589894e-08, 2.72354139241e-08, 1.97997582774e-08, 1.38070639366e-08, 2.74553446644e-08, 5.57728085937e-09, 1.98751610725e-08, 3.60480392203e-08, 2.50574405669e-09, 1.01826880261e-09, 3.93837717994e-09, 1.64555391535e-08, 2.35151542682e-09, 4.09997857886e-09, 1.72594294412e-08, 1.02043422601e-08, 3.14358494791e-09, 9.04329677809e-09, 3.60153462609e-09, 3.01611491338e-09, 3.55957152642e-09, 4.10746014978e-09, 7.10963465878e-09, 9.48448342086e-09, 2.37721331509e-09, 1.39454248149e-09, 1.39731962112e-10, 2.0525366129e-10, 8.10373365634e-11, 1.69123378496e-11, 2.92352184128e-11, 4.95427067426e-11, 6.23629412e-11, 3.13124907947e-11, 2.61518272315e-11, 4.87877967192e-11, 5.64548338633e-11], "max": [0.191391244531, 0.0672638267279, 0.00757238082588, 0.0023256521672, 0.00212845043279, 0.0012591619743, 0.00222384254448, 0.00114078016486, 0.000566275732126, 0.000882066320628, 0.0010645595612, 0.0012380797416, 0.000203219533432, 0.000443783734227, 0.000892268551979, 0.000352996226866, 0.00120945612434, 0.00106168561615, 0.00079112284584, 0.000362579041393, 0.000744441524148, 0.000465010118205, 0.000386371451896, 0.000428723433288, 0.000460914132418, 0.00050767371431, 0.000704878882971, 0.000377225020202, 0.000287635426503, 9.70644905465e-05, 0.000132934874273, 0.000134507601615, 5.03241899423e-05, 4.38777751697e-05, 5.18233646289e-05, 8.68876741151e-05, 4.16103393945e-05, 3.986430238e-05, 7.64999713283e-05, 8.26299874461e-05], "mean": [0.0135220494121, 0.0052233976312, 0.000782139133662, 0.0001664795127, 0.000135636742925, 0.000137545968755, 7.38591043046e-05, 4.32850647485e-05, 2.74193043879e-05, 3.17078956868e-05, 2.73114455922e-05, 1.42855733429e-05, 6.9828629421e-06, 9.45486772252e-06, 1.69087252289e-05, 1.22947822092e-05, 2.42520400207e-05, 3.32531708409e-05, 2.24323248403e-05, 1.71659685293e-05, 1.96678520297e-05, 1.87084260688e-05, 1.55283632921e-05, 1.56078058353e-05, 1.63240729307e-05, 1.42258586493e-05, 1.64597440744e-05, 1.07770956674e-05, 6.25743086857e-06, 4.09023186876e-06, 4.11159726355e-06, 3.11277176479e-06, 2.03940976462e-06, 2.03168292501e-06, 2.11123847293e-06, 1.83820270649e-06, 1.28105182284e-06, 1.00833938177e-06, 1.05007165985e-06, 1.02654178136e-06], "median": [0.000478343805298, 0.000466797471745, 0.000177161593456, 8.4092389443e-05, 8.39518761495e-05, 0.000103334561572, 3.52372589987e-05, 1.19352571346e-05, 9.35572916205e-06, 7.80869140726e-06, 4.18961826654e-06, 2.20858510147e-06, 1.27571354369e-06, 1.20632580547e-06, 1.48430501667e-06, 1.07063476662e-06, 2.48233754974e-06, 1.76466380708e-06, 1.68942369783e-06, 2.22883727474e-06, 1.94292488231e-06, 1.87536522844e-06, 1.60970171237e-06, 1.38491634516e-06, 1.45629292092e-06, 1.42077692544e-06, 1.29320312681e-06, 8.94640891147e-07, 5.00616351928e-07, 3.99130215101e-07, 3.48368359937e-07, 3.52472568466e-07, 2.98842735447e-07, 2.77571331253e-07, 2.69553822818e-07, 2.61422258063e-07, 2.40190956902e-07, 1.77693223691e-07, 1.30810590804e-07, 1.05256319216e-07], "min": [1.22195287859e-23, 3.96976067309e-24, 5.05942173565e-24, 7.13091998566e-24, 1.0803517939e-23, 1.70712024245e-23, 5.78685995863e-24, 1.30478398362e-23, 7.7356205237e-24, 8.53875034497e-24, 1.64742619112e-23, 1.85123992335e-23, 4.53696270799e-24, 1.29243878377e-23, 2.49894016492e-23, 1.03518177624e-23, 4.20533781078e-24, 9.87297761524e-24, 1.13007543225e-23, 1.27852304074e-23, 1.07492734966e-23, 1.0958154398e-23, 8.31438252631e-24, 1.40269834581e-23, 1.09790260798e-23, 1.03503015718e-23, 5.38296909162e-24, 9.59753341955e-24, 1.30664514315e-23, 1.1264670247e-23, 1.21465733517e-23, 9.31692612923e-24, 1.07909529625e-23, 8.83179481632e-24, 6.77567540965e-24, 1.11230144943e-23, 8.24866567974e-24, 1.04083380686e-23, 1.47824850133e-23, 1.82901597616e-23], "var": [0.00119940633886, 7.49437749619e-05, 1.4703788338e-06, 5.33496802291e-08, 3.54735689712e-08, 1.76204384417e-08, 1.67913221105e-08, 9.88305171035e-09, 2.42744557788e-09, 5.90576165749e-09, 8.89426043926e-09, 3.94151422611e-09, 3.33183675094e-10, 1.03286712516e-09, 4.53759252395e-09, 1.8099077792e-09, 5.69679281526e-09, 1.39691183065e-08, 6.50759623966e-09, 2.38996133994e-09, 4.45459491516e-09, 2.53401366557e-09, 1.81154158341e-09, 2.31989183419e-09, 2.52771226172e-09, 2.77505973756e-09, 4.39716396627e-09, 1.28929233956e-09, 6.00824612285e-10, 1.42059142227e-10, 1.93154769956e-10, 9.34377575312e-11, 2.28128332197e-11, 2.68926131364e-11, 3.21580331808e-11, 2.30233540566e-11, 1.03476480856e-11, 8.0080482176e-12, 1.3382501704e-11, 1.72240624541e-11]}, "mfcc": {"mean": [-724.462646484, 101.567626953, 23.1226558685, 42.8050003052, 18.7418937683, 4.12444972992, -2.52898836136, 3.17718887329, -1.12368106842, 8.65357494354, 1.44824945927, 2.12964963913, 2.25884079933], "cov": [[12477.6240234, -843.070678711, -1024.88342285, 476.030212402, 35.5535545349, 287.971893311, 86.1038208008, 166.178512573, 82.474395752, 128.332199097, 1.92686080933, -116.529067993, -154.115661621], [-843.070678711, 1843.55932617, 434.398742676, 111.997291565, 118.115013123, -58.7565116882, 123.004318237, 102.680351257, 89.7855300903, 21.290435791, 35.5811843872, -15.5133399963, 89.8269958496], [-1024.88342285, 434.398742676, 1500.09106445, 188.197906494, 313.59564209, 34.7746391296, 259.050384521, 198.606628418, 168.678878784, 74.5499649048, 109.418136597, 129.375457764, 97.1518478394], [476.030212402, 111.997291565, 188.197906494, 639.07434082, 241.365478516, 210.463729858, 149.75743103, 214.456863403, 51.8191184998, 73.4922485352, 63.7622947693, 133.76423645, 52.1105270386], [35.5535545349, 118.115013123, 313.59564209, 241.365478516, 362.201538086, 163.796432495, 201.266326904, 141.21963501, 99.1929016113, 56.8823623657, 71.2799987793, 64.2402877808, 50.4084968567], [287.971893311, -58.7565116882, 34.7746391296, 210.463729858, 163.796432495, 506.282531738, 222.274658203, 168.972076416, 68.977355957, 101.947265625, 61.577129364, 63.1589012146, -1.34783756733], [86.1038208008, 123.004318237, 259.050384521, 149.75743103, 201.266326904, 222.274658203, 273.21774292, 176.14503479, 114.179389954, 72.4930953979, 70.6445999146, 41.2553062439, 19.3478488922], [166.178512573, 102.680351257, 198.606628418, 214.456863403, 141.21963501, 168.972076416, 176.14503479, 222.372406006, 99.5808181763, 85.5984268188, 55.6195220947, 69.0205230713, 17.3289051056], [82.474395752, 89.7855300903, 168.678878784, 51.8191184998, 99.1929016113, 68.977355957, 114.179389954, 99.5808181763, 153.751052856, 61.4908065796, 45.5586090088, 32.2499885559, 31.0257072449], [128.332199097, 21.290435791, 74.5499649048, 73.4922485352, 56.8823623657, 101.947265625, 72.4930953979, 85.5984268188, 61.4908065796, 112.728866577, 52.0535774231, 34.1980628967, 11.8050451279], [1.92686080933, 35.5811843872, 109.418136597, 63.7622947693, 71.2799987793, 61.577129364, 70.6445999146, 55.6195220947, 45.5586090088, 52.0535774231, 98.414642334, 45.7380447388, 27.015007019], [-116.529067993, -15.5133399963, 129.375457764, 133.76423645, 64.2402877808, 63.1589012146, 41.2553062439, 69.0205230713, 32.2499885559, 34.1980628967, 45.7380447388, 116.974853516, 36.5890846252], [-154.115661621, 89.8269958496, 97.1518478394, 52.1105270386, 50.4084968567, -1.34783756733, 19.3478488922, 17.3289051056, 31.0257072449, 11.8050451279, 27.015007019, 36.5890846252, 86.7461395264]], "icov": [[9.8715427157e-05, 4.31131884397e-05, 6.78317446727e-05, -0.00013562211825, 1.33560079121e-05, 1.46400852827e-05, -5.72329645365e-06, -1.99051046366e-05, -0.000135409078212, -6.1468083004e-05, -4.69301339763e-05, 0.00022125140822, 0.00011204645125], [4.31131884397e-05, 0.000668764463626, -0.000110105698695, -0.000185028548003, 0.000105577557406, 0.00019724854792, -0.000199111105758, -0.000264230708126, -9.74501817836e-05, 3.15038669214e-05, -6.51843729429e-05, 0.000761503761169, -0.000612879579421], [6.78317446727e-05, -0.000110105698695, 0.00108200800605, 9.34624913498e-05, -0.000486195698613, 0.000531687343027, -0.000788501522038, -0.00014625111362, -0.000210924190469, -7.46569567127e-05, -2.55901759374e-05, -0.000780404778197, -0.000114804388431], [-0.00013562211825, -0.000185028548003, 9.34624913498e-05, 0.00350628979504, -0.00171320815571, -0.000428922940046, 0.00119434506632, -0.00301156612113, 0.00164615618996, 0.000293922086712, 0.000353244744474, -0.00218686508015, -0.000752595835365], [1.33560079121e-05, 0.000105577557406, -0.000486195698613, -0.00171320815571, 0.00619033491239, -9.05304477783e-05, -0.00351928826421, 0.00136335031129, -0.000989955384284, 0.000452712585684, -0.000685320759658, 0.00041508328286, -0.00126714992803], [1.46400852827e-05, 0.00019724854792, 0.000531687343027, -0.000428922940046, -9.05304477783e-05, 0.00402673892677, -0.0035870121792, 0.000176288667717, 0.00101776397787, -0.00212797825225, 0.000653631635942, -0.00110724405386, 0.000553006771952], [-5.72329645365e-06, -0.000199111105758, -0.000788501522038, 0.00119434506632, -0.00351928826421, -0.0035870121792, 0.014713681303, -0.00710532069206, -0.00279884808697, 0.00278721004725, -0.003575443523, 0.00346295419149, 0.000763192598242], [-1.99051046366e-05, -0.000264230708126, -0.00014625111362, -0.00301156612113, 0.00136335031129, 0.000176288667717, -0.00710532069206, 0.0158592630178, -0.00313513842411, -0.00464882561937, 0.00212831702083, -0.00350712472573, 0.0024087280035], [-0.000135409078212, -9.74501817836e-05, -0.000210924190469, 0.00164615618996, -0.000989955384284, 0.00101776397787, -0.00279884808697, -0.00313513842411, 0.012667988427, -0.00348348240368, 0.000108328997158, -0.000575758866034, -0.00289836432785], [-6.1468083004e-05, 3.15038669214e-05, -7.46569567127e-05, 0.000293922086712, 0.000452712585684, -0.00212797825225, 0.00278721004725, -0.00464882561937, -0.00348348240368, 0.0167086422443, -0.00614347029477, 0.000714909052476, 0.000359861558536], [-4.69301339763e-05, -6.51843729429e-05, -2.55901759374e-05, 0.000353244744474, -0.000685320759658, 0.000653631635942, -0.003575443523, 0.00212831702083, 0.000108328997158, -0.00614347029477, 0.0174292996526, -0.00482056243345, -0.00201606657356], [0.00022125140822, 0.000761503761169, -0.000780404778197, -0.00218686508015, 0.00041508328286, -0.00110724405386, 0.00346295419149, -0.00350712472573, -0.000575758866034, 0.000714909052476, -0.00482056243345, 0.0165030974895, -0.00388896767981], [0.00011204645125, -0.000612879579421, -0.000114804388431, -0.000752595835365, -0.00126714992803, 0.000553006771952, 0.000763192598242, 0.0024087280035, -0.00289836432785, 0.000359861558536, -0.00201606657356, -0.00388896767981, 0.0162916760892]]}, "spectral_contrast_coeffs": {"dmean": [0.0492382533848, 0.0393960699439, 0.0307389199734, 0.0313085578382, 0.0240246001631, 0.0230529922992], "dmean2": [0.0793949067593, 0.0627677291632, 0.0500428006053, 0.04986955598, 0.0364766381681, 0.0326344035566], "dvar": [0.00174383039121, 0.00121379585471, 0.00069037481444, 0.000857397564687, 0.000508108176291, 0.000615213823039], "dvar2": [0.00433332892135, 0.00277526862919, 0.00171469664201, 0.00203735008836, 0.000948407454416, 0.00102799397428], "max": [-0.35687571764, -0.428443491459, -0.528466820717, -0.458523839712, -0.566360712051, -0.564083993435], "mean": [-0.670446336269, -0.714150309563, -0.779808223248, -0.791873991489, -0.803532421589, -0.784258008003], "median": [-0.66601395607, -0.714026629925, -0.778525352478, -0.810798406601, -0.817816138268, -0.805582821369], "min": [-0.957354724407, -0.997310221195, -0.998695850372, -0.988668441772, -0.989290773869, -0.963020384312], "var": [0.00650858692825, 0.00621158210561, 0.00391513528302, 0.0058905435726, 0.00354325794615, 0.00483957119286]}, "spectral_contrast_valleys": {"dmean": [0.449825108051, 0.371091932058, 0.397066295147, 0.425844907761, 0.441166341305, 0.484376043081], "dmean2": [0.6921646595, 0.589351534843, 0.613912582397, 0.607485830784, 0.569388687611, 0.577960908413], "dvar": [0.221478313208, 0.192390233278, 0.263379573822, 0.313921570778, 0.295955628157, 0.266575962305], "dvar2": [0.39482024312, 0.379357218742, 0.492707997561, 0.555611431599, 0.480281382799, 0.451803207397], "max": [-5.13124990463, -5.183