{"lowlevel": {"average_loudness": 0.865436851978, "barkbands_crest": {"dmean": 2.01559352875, "dmean2": 3.22405648232, "dvar": 3.91492462158, "dvar2": 9.94416332245, "max": 25.8784675598, "mean": 10.0087633133, "median": 9.11957550049, "min": 2.77009081841, "var": 16.7158088684}, "barkbands_flatness_db": {"dmean": 0.0222735758871, "dmean2": 0.0311748795211, "dvar": 0.000557637540624, "dvar2": 0.00116171420086, "max": 0.563741981983, "mean": 0.157656833529, "median": 0.141224697232, "min": 0.0225766114891, "var": 0.00590998260304}, "barkbands_kurtosis": {"dmean": 4.56362819672, "dmean2": 6.95612621307, "dvar": 89.341217041, "dvar2": 207.800125122, "max": 838.526184082, "mean": 13.5389318466, "median": 4.42689323425, "min": -1.98211145401, "var": 2319.81835938}, "barkbands_skewness": {"dmean": 0.529072642326, "dmean2": 0.794156491756, "dvar": 0.350334346294, "dvar2": 0.820629775524, "max": 22.7626419067, "mean": 2.19743609428, "median": 1.86501896381, "min": -7.70693063736, "var": 3.71767997742}, "barkbands_spread": {"dmean": 5.24724817276, "dmean2": 7.56914663315, "dvar": 57.6584663391, "dvar2": 118.740821838, "max": 148.934204102, "mean": 17.717250824, "median": 14.3178491592, "min": 0.262283414602, "var": 222.694641113}, "dissonance": {"dmean": 0.0234749428928, "dmean2": 0.038621570915, "dvar": 0.00052535784198, "dvar2": 0.00136219279375, "max": 0.500000119209, "mean": 0.446586251259, "median": 0.45790669322, "min": 0.141866341233, "var": 0.00189013953786}, "dynamic_complexity": 3.74202847481, "erbbands_crest": {"dmean": 2.66193652153, "dmean2": 4.15307712555, "dvar": 6.79474306107, "dvar2": 15.4390478134, "max": 33.4338111877, "mean": 10.2757930756, "median": 8.89042854309, "min": 2.28847050667, "var": 28.8244838715}, "erbbands_flatness_db": {"dmean": 0.0204971395433, "dmean2": 0.0276552438736, "dvar": 0.00042742563528, "dvar2": 0.000808464130387, "max": 0.552011549473, "mean": 0.150501087308, "median": 0.145169213414, "min": 0.0417060665786, "var": 0.00331595959142}, "erbbands_kurtosis": {"dmean": 1.81066334248, "dmean2": 2.73271012306, "dvar": 16.5454902649, "dvar2": 40.0542526245, "max": 142.639373779, "mean": 2.57103133202, "median": 0.133083105087, "min": -1.87138402462, "var": 63.3358459473}, "erbbands_skewness": {"dmean": 0.430503189564, "dmean2": 0.640904784203, "dvar": 0.203835263848, "dvar2": 0.463614434004, "max": 10.6975507736, "mean": 0.95448333025, "median": 0.754884779453, "min": -4.19582653046, "var": 1.32586610317}, "erbbands_spread": {"dmean": 9.9440870285, "dmean2": 14.4582099915, "dvar": 164.13999939, "dvar2": 340.451904297, "max": 218.995956421, "mean": 40.7426605225, "median": 35.4008636475, "min": 1.04833710194, "var": 634.065979004}, "hfc": {"dmean": 5.62178897858, "dmean2": 7.6929807663, "dvar": 109.203323364, "dvar2": 211.010574341, "max": 242.707702637, "mean": 20.5028095245, "median": 15.1003770828, "min": 1.07990824484e-16, "var": 435.355651855}, "melbands_crest": {"dmean": 2.47933387756, "dmean2": 3.97939252853, "dvar": 5.97222471237, "dvar2": 15.7120456696, "max": 32.5641708374, "mean": 13.5209980011, "median": 12.826748848, "min": 1.51910400391, "var": 22.4660987854}, "melbands_flatness_db": {"dmean": 0.026205714792, "dmean2": 0.0365945473313, "dvar": 0.000837582338136, "dvar2": 0.00175091030542, "max": 0.679053246975, "mean": 0.25035700202, "median": 0.23365162313, "min": 0.00260663707741, "var": 0.00939553882927}, "melbands_kurtosis": {"dmean": 8.16131591797, "dmean2": 12.5727119446, "dvar": 189.826934814, "dvar2": 446.870544434, "max": 876.841186523, "mean": 21.6859016418, "median": 11.9708423615, "min": -1.82998251915, "var": 1680.6282959}, "melbands_skewness": {"dmean": 0.688369393349, "dmean2": 1.0333763361, "dvar": 0.595360934734, "dvar2": 1.35156810284, "max": 23.2512531281, "mean": 2.94490003586, "median": 2.67318081856, "min": -1.59322106838, "var": 3.14847970009}, "melbands_spread": {"dmean": 4.09041023254, "dmean2": 6.10177278519, "dvar": 35.3214645386, "dvar2": 75.2381057739, "max": 236.878845215, "mean": 15.7741718292, "median": 12.5642585754, "min": 0.304650068283, "var": 247.328674316}, "pitch_salience": {"dmean": 0.0593904145062, "dmean2": 0.0953620821238, "dvar": 0.00317818322219, "dvar2": 0.00838189292699, "max": 0.841881453991, "mean": 0.553041934967, "median": 0.565530180931, "min": 0.071520999074, "var": 0.0136699909344}, "silence_rate_20dB": {"dmean": 0, "dmean2": 0, "dvar": 0, "dvar2": 0, "max": 1, "mean": 1, "median": 1, "min": 1, "var": 0}, "silence_rate_30dB": {"dmean": 0.000858983548824, "dmean2": 0.00171809003223, "dvar": 0.000858425279148, "dvar2": 0.00185857736506, "max": 1, "mean": 0.99906951189, "median": 1, "min": 0, "var": 0.000929706322495}, "silence_rate_60dB": {"dmean": 0.0103078028187, "dmean2": 0.0206170808524, "dvar": 0.0102021116763, "dvar2": 0.0234842821956, "max": 1, "mean": 0.0456660240889, "median": 0, "min": 0, "var": 0.0435809418559}, "spectral_centroid": {"dmean": 185.886703491, "dmean2": 281.598571777, "dvar": 68157.5234375, "dvar2": 148492.375, "max": 11780.2099609, "mean": 978.686523438, "median": 845.829284668, "min": 98.7630844116, "var": 953951.625}, "spectral_complexity": {"dmean": 2.69047951698, "dmean2": 4.19278383255, "dvar": 11.0895624161, "dvar2": 22.5995883942, "max": 52, "mean": 16.2011318207, "median": 15, "min": 0, "var": 98.3935775757}, "spectral_decrease": {"dmean": 1.6697050409e-09, "dmean2": 2.59462407115e-09, "dvar": 4.73173449288e-18, "dvar2": 1.18604307786e-17, "max": 1.50834195648e-15, "mean": -7.57662910189e-09, "median": -7.42564498779e-09, "min": -3.57798839445e-08, "var": 2.38223400747e-17}, "spectral_energy": {"dmean": 0.00659276172519, "dmean2": 0.0101737808436, "dvar": 7.23998819012e-05, "dvar2": 0.000179335591383, "max": 0.144997477531, "mean": 0.0304555203766, "median": 0.0301126744598, "min": 1.00017994467e-20, "var": 0.000384373794077}, "spectral_energyband_high": {"dmean": 0.000422671349952, "dmean2": 0.000557089690119, "dvar": 1.08587403247e-06, "dvar2": 1.9500732833e-06, "max": 0.0206382144243, "mean": 0.000858627900016, "median": 0.000210659534787, "min": 7.10811325327e-21, "var": 3.39586904374e-06}, "spectral_energyband_low": {"dmean": 0.00347068812698, "dmean2": 0.00564429303631, "dvar": 4.31288026448e-05, "dvar2": 0.000117541756481, "max": 0.0828947350383, "mean": 0.0101385563612, "median": 0.00779835181311, "min": 1.50220936247e-23, "var": 8.28716583783e-05}, "spectral_energyband_middle_high": {"dmean": 0.00113026471809, "dmean2": 0.0016922497889, "dvar": 3.45606440533e-06, "dvar2": 7.71696795709e-06, "max": 0.039170589298, "mean": 0.00378241366707, "median": 0.00214103329927, "min": 1.12343950908e-21, "var": 2.15625568671e-05}, "spectral_energyband_middle_low": {"dmean": 0.00487958826125, "dmean2": 0.00751595757902, "dvar": 4.05399878218e-05, "dvar2": 9.75928342086e-05, "max": 0.131720021367, "mean": 0.0171116217971, "median": 0.0148135032505, "min": 1.61852131781e-22, "var": 0.000180617324077}, "spectral_entropy": {"dmean": 0.224345251918, "dmean2": 0.303117543459, "dvar": 0.0696821063757, "dvar2": 0.135000094771, "max": 9.81812572479, "mean": 7.26374292374, "median": 7.32853937149, "min": 3.23816990852, "var": 0.509493768215}, "spectral_flux": {"dmean": 0.0187208149582, "dmean2": 0.0287243314087, "dvar": 0.000430925603723, "dvar2": 0.000929277914111, "max": 0.301188737154, "mean": 0.0710955485702, "median": 0.0673527643085, "min": 6.39740413422e-11, "var": 0.00177831156179}, "spectral_kurtosis": {"dmean": 2.16899657249, "dmean2": 3.30684876442, "dvar": 12.5972862244, "dvar2": 29.0442810059, "max": 98.2070770264, "mean": 6.64651155472, "median": 5.35563850403, "min": -1.27019321918, "var": 44.6585884094}, "spectral_rms": {"dmean": 0.00055954355048, "dmean2": 0.000852953642607, "dvar": 3.95425360011e-07, "dvar2": 9.61790306064e-07, "max": 0.0118937361985, "mean": 0.00508024496958, "median": 0.00542016793042, "min": 3.12375624499e-12, "var": 3.90367904402e-06}, "spectral_rolloff": {"dmean": 382.447235107, "dmean2": 634.155273438, "dvar": 906351.5, "dvar2": 2016902.875, "max": 19466.015625, "mean": 1153.1048584, "median": 624.462890625, "min": 86.1328125, "var": 4314146}, "spectral_skewness": {"dmean": 0.284884333611, "dmean2": 0.417954266071, "dvar": 0.12784615159, "dvar2": 0.272299528122, "max": 8.19263839722, "mean": 1.93295836449, "median": 1.85281503201, "min": -0.406703680754, "var": 0.631284058094}, "spectral_spread": {"dmean": 792881, "dmean2": 1079677.875, "dvar": 1155581607940.0, "dvar2": 2152757460990.0, "max": 50423964, "mean": 5376901.5, "median": 4639361.5, "min": 925162.1875, "var": 13270758981600.0}, "spectral_strongpeak": {"dmean": 0.435939073563, "dmean2": 0.732799708843, "dvar": 0.503736972809, "dvar2": 1.2335036993, "max": 15.0936584473, "mean": 0.866786360741, "median": 0.469852924347, "min": 0, "var": 1.02445578575}, "zerocrossingrate": {"dmean": 0.0105128670111, "dmean2": 0.0118892937899, "dvar": 0.00018022817676, "dvar2": 0.000201074959477, "max": 0.7109375, "mean": 0.0528009533882, "median": 0.04150390625, "min": 0.00341796875, "var": 0.00289151235484}, "barkbands": {"dmean": [5.62053028261e-05, 0.00192516483366, 0.00177514483221, 0.00139848387334, 0.00199171807617, 0.00146787241101, 0.00129892502446, 0.000825732946396, 0.00132499658503, 0.000386127678212, 0.000346079992596, 0.000203004354262, 0.000259181222646, 0.000179244074388, 0.000144356614328, 0.000178654881893, 0.000213182269363, 0.000177307942067, 0.000122334124171, 6.59919460304e-05, 6.31824805168e-05, 6.94963746355e-05, 0.000109111853817, 0.000101374971564, 8.26266405056e-05, 3.46026463376e-05, 2.32124166359e-05], "dmean2": [9.4874361821e-05, 0.00318073830567, 0.00282347318716, 0.00226236321032, 0.00318772275932, 0.00223110313527, 0.00192183838226, 0.00129500124604, 0.00197073863819, 0.00059506110847, 0.000530921679456, 0.000325864908518, 0.000426997983595, 0.000286442169454, 0.000231163125136, 0.000283000030322, 0.000337250356097, 0.000276233564364, 0.000194248787011, 0.000106849431177, 9.59567478276e-05, 9.77854870143e-05, 0.000154871740961, 0.000143958008266, 0.000118595853564, 4.95652238897e-05, 3.72666472686e-05], "dvar": [1.23692736054e-08, 1.96803375729e-05, 1.03849588413e-05, 5.12152337251e-06, 1.23538939079e-05, 6.59026954963e-06, 6.93219362802e-06, 4.60119144918e-06, 1.18305097203e-05, 1.12216878279e-06, 9.53657263381e-07, 2.16012594478e-07, 5.49831838725e-07, 1.38864905352e-07, 1.1042944692e-07, 1.84404726156e-07, 2.26473574116e-07, 1.68751938645e-07, 4.84977213944e-08, 1.77248811184e-08, 2.20286811015e-08, 2.69582294266e-08, 9.93765070234e-08, 1.03405383811e-07, 8.28757151794e-08, 1.33002950875e-08, 1.39629605656e-08], "dvar2": [3.30676428462e-08, 5.44392387383e-05, 2.76016562566e-05, 1.29320587803e-05, 3.15881516144e-05, 1.49753723235e-05, 1.63742643053e-05, 1.12333773359e-05, 2.45188293775e-05, 2.61058175965e-06, 2.19823164116e-06, 5.20084597611e-07, 1.47371588355e-06, 3.441020624e-07, 2.71339786195e-07, 4.49776905498e-07, 5.66032667848e-07, 3.72559327388e-07, 1.21814764498e-07, 4.63457361377e-08, 4.99653793895e-08, 5.34832196308e-08, 1.96218678639e-07, 2.04718972441e-07, 1.81471079941e-07, 2.86979524589e-08, 3.67250905242e-08], "max": [0.00250094942749, 0.0620733723044, 0.0486009120941, 0.0516146123409, 0.070192232728, 0.0694278031588, 0.0664515048265, 0.0401948057115, 0.128615126014, 0.0210040155798, 0.0293635409325, 0.0109686860815, 0.0197400543839, 0.00784216169268, 0.0104602854699, 0.0194866731763, 0.0153517751023, 0.0190943218768, 0.00385428965092, 0.00219935248606, 0.00321029615588, 0.0049132630229, 0.0072848633863, 0.0154482591897, 0.00865958724171, 0.00258887070231, 0.0032037536148], "mean": [0.000107902131276, 0.0046397424303, 0.00403671665117, 0.00290781049989, 0.0039642881602, 0.00338613707572, 0.00272408570163, 0.00137760688085, 0.0025693892967, 0.000657158554532, 0.000577396305744, 0.000331789546181, 0.000423028221121, 0.000311391399009, 0.000235875224462, 0.000315899727866, 0.000369311339455, 0.000342454790371, 0.000245045055635, 0.000119925265608, 0.000119524884212, 0.000134691785206, 0.000192252337001, 0.000174576853169, 0.000120645592688, 4.83633484691e-05, 2.25256844715e-05], "median": [5.69737057958e-05, 0.00306959846057, 0.0021611766424, 0.00169459113386, 0.00204329821281, 0.00185113446787, 0.000990699743852, 0.000422421289841, 0.000661682977807, 0.00012501567835, 0.000125121616293, 0.000123525533127, 9.94681831799e-05, 9.56496587605e-05, 7.06382124918e-05, 9.85292936093e-05, 0.000129011459649, 0.000115276758152, 7.72714120103e-05, 4.17244009441e-05, 2.72920588031e-05, 2.68807689281e-05, 3.38459212799e-05, 2.8236729122e-05, 1.68193819263e-05, 1.07410642158e-05, 3.19612331623e-06], "min": [2.92385575279e-25, 1.58530404564e-24, 7.99890351641e-26, 1.30869509682e-24, 4.98187236993e-24, 4.786472707e-24, 8.0675834478e-24, 9.05916030642e-24, 1.56144445452e-23, 1.81901669086e-23, 1.42787231724e-23, 1.91449015964e-23, 1.43827928585e-23, 3.13987403097e-23, 4.4410877879e-23, 7.56715328204e-23, 6.22472154281e-23, 1.01624122591e-22, 1.49842336655e-22, 1.60245935247e-22, 2.31950703094e-22, 3.0651088236e-22, 4.31192784433e-22, 5.61650233804e-22, 8.35590803814e-22, 1.28815104076e-21, 1.83615334981e-21], "var": [1.96933775953e-08, 2.6837013138e-05, 2.61229379248e-05, 1.34780793815e-05, 2.89081181108e-05, 2.39861001319e-05, 1.97722292796e-05, 8.98663165572e-06, 3.43165593222e-05, 2.88452679342e-06, 2.08035680771e-06, 4.4893297968e-07, 1.17037188829e-06, 3.21890951227e-07, 2.19901323817e-07, 3.94182251284e-07, 4.67899667456e-07, 3.66047174793e-07, 1.31100208023e-07, 3.53664049157e-08, 5.85730681735e-08, 8.9602309572e-08, 2.48737620723e-07, 2.6078458859e-07, 1.34935220331e-07, 2.18387086193e-08, 1.16198766165e-08]}, "erbbands": {"dmean": [0.0368499904871, 0.513430118561, 1.88097667694, 3.07889175415, 5.62724351883, 7.64861822128, 8.82852745056, 12.6061267853, 15.7123336792, 21.6887130737, 19.3279399872, 32.0132484436, 14.4201192856, 9.68918418884, 11.627661705, 7.26608228683, 12.8403587341, 7.10684347153, 7.6481256485, 9.75902843475, 10.1564388275, 11.2472000122, 9.91523838043, 7.07787561417, 4.80663013458, 2.64097094536, 2.59767079353, 2.58045220375, 2.37134313583, 2.91146683693, 3.29249238968, 2.28758215904, 1.57636201382, 0.807368934155, 0.619900822639, 0.225169792771, 0.057437915355, 0.0226704422385, 0.00357777182944, 0.000227569064009], "dmean2": [0.058515291661, 0.854940474033, 3.00592374802, 4.96355009079, 9.18970012665, 12.0535345078, 13.7128925323, 19.0646495819, 23.5347957611, 32.0747299194, 30.0619792938, 47.0090065002, 21.7113265991, 14.7366113663, 18.09126091, 11.6287708282, 21.2988376617, 11.0776901245, 12.2499713898, 15.3842058182, 16.0770111084, 17.7283191681, 15.2850170135, 11.0800447464, 7.57233142853, 4.26506519318, 4.01795291901, 3.87896442413, 3.3523812294, 4.15895652771, 4.7158703804, 3.29879522324, 2.27025794983, 1.15443408489, 0.90224134922, 0.326919317245, 0.0827144607902, 0.0358069092035, 0.00574997719377, 0.000362656079233], "dvar": [0.00515654031187, 1.46502518654, 13.7160081863, 21.8607521057, 108.366722107, 211.20072937, 272.712585449, 579.409423828, 1287.93347168, 2349.19677734, 2080.27856445, 8511.55859375, 1341.85803223, 598.785644531, 994.040039062, 281.999847412, 1366.85009766, 242.685546875, 293.100952148, 546.236633301, 703.240112305, 534.795410156, 647.55456543, 156.863464355, 77.5322647095, 31.1457805634, 33.068862915, 41.6654968262, 31.3274078369, 55.7418746948, 102.676589966, 64.354095459, 20.9461688995, 4.97374010086, 5.84714078903, 0.895191192627, 0.0398391149938, 0.0108217792585, 0.000342124025337, 2.01947295864e-06], "dvar2": [0.013660935685, 4.06843280792, 36.9494628906, 57.3551445007, 288.409667969, 518.067871094, 648.759277344, 1267.93444824, 3028.45922852, 5350.26464844, 5145.65429688, 16555.6953125, 3008.41430664, 1444.10668945, 2359.98217773, 677.758422852, 3724.01879883, 584.294372559, 720.989990234, 1322.67797852, 1719.4543457, 1267.72021484, 1424.16430664, 378.7840271, 193.820114136, 81.8195571899, 77.5028076172, 94.6359024048, 62.8350448608, 109.298698425, 214.336013794, 134.511993408, 40.8507347107, 9.61592960358, 13.1022367477, 2.06787061691, 0.0893083289266, 0.0294679794461, 0.000908691959921, 5.04953504787e-06], "max": [1.10340368748, 17.301197052, 59.4059906006, 98.6802597046, 204.731506348, 307.847808838, 436.065734863, 762.136291504, 1043.13244629, 1456.49267578, 986.526184082, 3911.6027832, 791.965026855, 773.782897949, 858.929931641, 455.164611816, 1018.08343506, 362.024719238, 460.714172363, 686.861633301, 1270.30834961, 1017.72113037, 1304.79077148, 230.566055298, 201.984558105, 99.7594299316, 128.347259521, 179.202423096, 156.334655762, 201.482879639, 217.085983276, 366.899353027, 153.605453491, 54.3905715942, 70.7005767822, 29.1113567352, 5.11573934555, 3.99443936348, 0.531751096249, 0.0504520088434], "mean": [0.103601932526, 1.16874182224, 4.49660587311, 7.2499423027, 10.8499946594, 14.7948036194, 18.7885494232, 29.721654892, 33.2689590454, 43.7352828979, 36.8097114563, 61.4958877563, 27.8370380402, 18.8072624207, 20.4890155792, 13.7112340927, 21.7999973297, 13.1771440506, 13.7192173004, 17.1512088776, 18.754907608, 21.2210044861, 19.5565834045, 14.6173553467, 10.2781925201, 5.07193899155, 4.68160533905, 5.01929950714, 4.64583873749, 5.30252695084, 5.52637386322, 4.0130815506, 2.57458162308, 1.26719617844, 0.8533898592, 0.307975172997, 0.0781681835651, 0.0237370505929, 0.00347096496262, 0.000253902166151], "median": [0.062285490334, 0.751453459263, 2.643638134, 4.95994186401, 6.38819885254, 6.55079507828, 11.2192564011, 15.3560476303, 13.445977211, 13.7519674301, 14.6919689178, 14.8155412674, 6.66282463074, 5.78811073303, 6.32306957245, 5.77954435349, 5.81813049316, 4.91489267349, 4.86444854736, 4.70404052734, 6.48932504654, 8.26502609253, 6.95649337769, 4.88955593109, 3.70863294601, 1.91181981564, 1.25144803524, 1.06264770031, 0.933332145214, 0.954264461994, 0.960632741451, 0.628001630306, 0.411518782377, 0.162987366319, 0.124743580818, 0.0540690459311, 0.0175014175475, 0.00411537848413, 0.000529963173904, 7.27428850951e-05], "min": [8.68847109607e-23, 5.36012027192e-22, 4.29513381607e-22, 6.31471699107e-21, 1.98231475041e-20, 2.47967147243e-20, 4.71008660756e-20, 2.93330297491e-20, 1.1853047106e-19, 1.52505467154e-19, 2.93644567963e-19, 4.60238019548e-19, 6.81369660268e-19, 8.44508547121e-19, 1.1882250976e-18, 9.96814469877e-19, 8.63531633258e-19, 2.09617969017e-18, 2.69180825424e-18, 2.83766501165e-18, 3.26698643202e-18, 3.70918622735e-18, 5.91527650744e-18, 5.07789634434e-18, 6.69771864297e-18, 6.60258501431e-18, 7.4664184134e-18, 1.10154012628e-17, 1.07483187051e-17, 1.1412311472e-17, 1.04022792763e-17, 1.22509898951e-17, 1.0030232462e-17, 7.82082808275e-18, 6.7056744661e-18, 3.98617592727e-18, 2.27734692678e-18, 9.34603560176e-19, 2.52309370477e-19, 2.72909760795e-20], "var": [0.0131502496079, 1.85618400574, 29.4476222992, 58.126914978, 200.54586792, 528.402526855, 615.216186523, 2245.65649414, 3807.20043945, 6420.87304688, 4538.07910156, 24711.6875, 3556.70288086, 1595.31774902, 2069.90332031, 676.056091309, 2953.75610352, 543.736938477, 604.26550293, 1285.76940918, 1427.51940918, 1281.28393555, 1281.34741211, 454.253387451, 213.116409302, 61.1335678101, 77.4671630859, 115.557701111, 104.229026794, 166.182861328, 222.909790039, 156.978347778, 49.9965324402, 11.4344139099, 8.392786026, 1.20850086212, 0.0600383132696, 0.00841503683478, 0.000280403037323, 1.83627548722e-06]}, "gfcc": {"mean": [-18.2508869171, 96.6101226807, -77.5974197388, 26.0900115967, -52.5717926025, 2.34695005417, -36.2363433838, 9.75650882721, -16.1745452881, -2.22419309616, -13.2635164261, 1.91092061996, -15.0468082428], "cov": [[20715.5273438, -387.315460205, -2958.36450195, 31.5595474243, -959.95892334, 384.253356934, -868.546447754, 375.26171875, -452.543640137, -38.2973060608, -216.432693481, -73.5355529785, -355.369018555], [-387.315460205, 1476.18774414, -241.01109314, -178.026855469, 207.379043579, -204.649017334, 102.322044373, -25.9943256378, 76.3780975342, -58.6316642761, 60.0828323364, -17.4820823669, 4.72951745987], [-2958.36450195, -241.01109314, 1566.62158203, 332.965209961, -14.3935880661, 125.840194702, 64.336151123, -197.455032349, 4.42034912109, 69.9964523315, 29.0164833069, 48.8905601501, 37.3445587158], [31.5595474243, -178.026855469, 332.965209961, 439.645324707, -34.3327674866, 82.4375, -31.8717803955, -83.2598724365, -17.308555603, 31.383190155, 3.49282860756, 4.84152603149, 15.5112085342], [-959.95892334, 207.379043579, -14.3935880661, -34.3327674866, 306.511352539, -42.7574615479, 42.1483345032, 5.0134344101, 25.7484951019, -13.2438364029, 11.0763311386, -4.39552354813, 22.159658432], [384.253356934, -204.649017334, 125.840194702, 82.4375, -42.7574615479, 237.45211792, -5.29131507874, -33.1603889465, -54.4215774536, 17.429851532, -2.64090943336, -0.414852797985, -9.42363929749], [-868.546447754, 102.322044373, 64.336151123, -31.8717803955, 42.1483345032, -5.29131507874, 204.152160645, 18.1459217072, 10.4079828262, -19.2441329956, 0.499607264996, -4.86285924911, 7.38313579559], [375.26171875, -25.9943256378, -197.455032349, -83.2598724365, 5.0134344101, -33.1603889465, 18.1459217072, 172.088760376, 32.1622848511, -29.113527298, -29.1202774048, -14.5550870895, -10.8456392288], [-452.543640137, 76.3780975342, 4.42034912109, -17.308555603, 25.7484951019, -54.4215774536, 10.4079828262, 32.1622848511, 131.400787354, 22.2834224701, -10.4475641251, -8.09299468994, 16.1045799255], [-38.2973060608, -58.6316642761, 69.9964523315, 31.383190155, -13.2438364029, 17.429851532, -19.2441329956, -29.113527298, 22.2834224701, 95.1593856812, 38.698513031, 1.7324256897, -9.55577468872], [-216.432693481, 60.0828323364, 29.0164833069, 3.49282860756, 11.0763311386, -2.64090943336, 0.499607264996, -29.1202774048, -10.4475641251, 38.698513031, 96.6204910278, 24.9603824615, -7.76571941376], [-73.5355529785, -17.4820823669, 48.8905601501, 4.84152603149, -4.39552354813, -0.414852797985, -4.86285924911, -14.5550870895, -8.09299468994, 1.7324256897, 24.9603824615, 78.7094573975, 30.1984500885], [-355.369018555, 4.72951745987, 37.3445587158, 15.5112085342, 22.159658432, -9.42363929749, 7.38313579559, -10.8456392288, 16.1045799255, -9.55577468872, -7.76571941376, 30.1984500885, 77.9991226196]], "icov": [[0.000152610766236, -0.000117777177365, 0.00028462591581, -0.000195418891963, 0.000351504917489, -0.000252387369983, 0.000457675865619, -0.000274248159258, 0.000432468339568, -0.000303616892779, 0.000493011903018, -0.00032750837272, 0.000442618125817], [-0.000117777177365, 0.00109682464972, -8.62876986503e-05, 0.000337237026542, -0.000690617773216, 0.000715457368642, -0.000701223150827, 0.000931948365178, -0.00099494936876, 0.00124124286231, -0.00132518203463, 0.000613511947449, -0.000162224212545], [0.00028462591581, -8.62876986503e-05, 0.00146406888962, -0.000856429280248, 0.000598041515332, -0.000657950586174, 0.000334679614753, 0.000391274283174, 0.000381587567972, -0.000727628241293, 0.000999819021672, -0.00109408772551, 0.00089988502441], [-0.000195418891963, 0.000337237026542, -0.000856429280248, 0.00328120938502, -0.000356836681021, -0.000188607926248, -0.000128456973471, 0.00111100438517, -0.000556440092623, 0.000228901539231, -0.000648801331408, 0.00101107440423, -0.0012211430585], [0.000351504917489, -0.000690617773216, 0.000598041515332, -0.000356836681021, 0.00460546743125, -0.000427856663009, 0.000637798162643, -0.000779875554144, 0.000743056705687, -0.000395278184442, 0.000489364610985, 3.52067036147e-06, -0.000255425838986], [-0.000252387369983, 0.000715457368642, -0.000657950586174, -0.000188607926248, -0.000427856663009, 0.00598751427606, -0.00116273807362, 0.000748887658119, 0.00137100089341, -0.00056320783915, -0.000240954454057, 0.000831498822663, -0.000479598995298], [0.000457675865619, -0.000701223150827, 0.000334679614753, -0.000128456973471, 0.000637798162643, -0.00116273807362, 0.00699087698013, -0.00177960016299, 0.00116876454558, 0.000171094419784, 0.000862116343342, -0.000227400378208, 0.000715684844181], [-0.000274248159258, 0.000931948365178, 0.000391274283174, 0.00111100438517, -0.000779875554144, 0.000748887658119, -0.00177960016299, 0.00914681516588, -0.00359317287803, 0.00296578765847, -7.44615826989e-05, 0.000392694084439, 0.000983845558949], [0.000432468339568, -0.00099494936876, 0.000381587567972, -0.000556440092623, 0.000743056705687, 0.00137100089341, 0.00116876454558, -0.00359317287803, 0.0124059943482, -0.00625709816813, 0.00400358671322, 0.000240151915932, -0.00171949865762], [-0.000303616892779, 0.00124124286231, -0.000727628241293, 0.000228901539231, -0.000395278184442, -0.00056320783915, 0.000171094419784, 0.00296578765847, -0.00625709816813, 0.0176025629044, -0.0085475705564, 0.00225680228323, 0.0010084011592], [0.000493011903018, -0.00132518203463, 0.000999819021672, -0.000648801331408, 0.000489364610985, -0.000240954454057, 0.000862116343342, -7.44615826989e-05, 0.00400358671322, -0.0085475705564, 0.0179634988308, -0.00713136931881, 0.00439246045426], [-0.00032750837272, 0.000613511947449, -0.00109408772551, 0.00101107440423, 3.52067036147e-06, 0.000831498822663, -0.000227400378208, 0.000392694084439, 0.000240151915932, 0.00225680228323, -0.00713136931881, 0.0188303515315, -0.00880454480648], [0.000442618125817, -0.000162224212545, 0.00089988502441, -0.0012211430585, -0.000255425838986, -0.000479598995298, 0.000715684844181, 0.000983845558949, -0.00171949865762, 0.0010084011592, 0.00439246045426, -0.00880454480648, 0.0190674550831]]}, "melbands": {"dmean": [0.000425086647738, 0.00085963413585, 0.000584539840929, 0.000461676769191, 0.000306074391119, 0.000283222994767, 0.000239810571657, 0.000226848147577, 0.000182515359484, 0.000185787168448, 7.26252328604e-05, 4.17493356508e-05, 4.88710975333e-05, 1.91429717233e-05, 3.10388786602e-05, 2.10389316635e-05, 1.38719933602e-05, 1.49284196596e-05, 1.12861962407e-05, 1.16554838314e-05, 1.38175937536e-05, 1.30027137857e-05, 1.22259361888e-05, 7.49711534809e-06, 6.26484779787e-06, 4.35590573034e-06, 3.26555823449e-06, 1.63209074344e-06, 1.7922347979e-06, 1.63868639902e-06, 1.61722130088e-06, 1.44353180076e-06, 1.44098237342e-06, 1.78633536052e-06, 2.16115404328e-06, 1.6589341385e-06, 1.36428934638e-06, 1.12389670903e-06, 1.05255332983e-06, 6.10838753801e-07], "dmean2": [0.000691134366207, 0.00139301118907, 0.000947600579821, 0.000741061405279, 0.00047551872558, 0.000428407074651, 0.000359139696229, 0.000339086749591, 0.00028205246781, 0.00027297338238, 0.000109942782728, 6.34410680505e-05, 7.53603599151e-05, 3.04726818285e-05, 5.13375816809e-05, 3.47287968907e-05, 2.15594609472e-05, 2.40100634983e-05, 1.78561240318e-05, 1.83166357601e-05, 2.20308393182e-05, 2.075921293e-05, 1.92779043573e-05, 1.16313058243e-05, 9.89221734926e-06, 6.957945061e-06, 5.25931272932e-06, 2.67581549451e-06, 2.83942858914e-06, 2.53566690844e-06, 2.47349339588e-06, 2.11634551306e-06, 2.10450639315e-06, 2.61108152699e-06, 3.1801073419e-06, 2.39527525991e-06, 2.01026909963e-06, 1.64703124028e-06, 1.54467875291e-06, 8.84061932993e-07], "dvar": [8.6040347469e-07, 3.12754991683e-06, 7.75372768658e-07, 7.06948014795e-07, 3.08101277824e-07, 2.74804079936e-07, 2.63476465534e-07, 2.46676506777e-07, 1.71506741253e-07, 2.65115545517e-07, 3.449882513e-08, 1.12355271753e-08, 1.94458955605e-08, 2.26891283539e-09, 5.73784664226e-09, 3.17657367077e-09, 8.76118788629e-10, 1.23328436352e-09, 8.13289435797e-10, 7.47886474972e-10, 1.37712707904e-09, 8.1088247228e-10, 8.84561257575e-10, 2.55377774483e-10, 1.30493921224e-10, 6.76658451493e-11, 3.93483856609e-11, 1.42727600572e-11, 1.52340119686e-11, 1.79064506278e-11, 1.67922221267e-11, 1.1926549158e-11, 1.33343657296e-11, 2.35290797262e-11, 5.05434687159e-11, 2.87683609573e-11, 2.95202612355e-11, 1.22249693008e-11, 8.1423531112e-12, 3.30444590961e-12], "dvar2": [2.35927996073e-06, 8.55182133819e-06, 2.01689044843e-06, 1.80223594271e-06, 7.40605742067e-07, 6.07406491326e-07, 6.23715777692e-07, 5.71282612327e-07, 4.18869120722e-07, 5.18100875979e-07, 7.80657956057e-08, 2.67241269114e-08, 4.56090560874e-08, 5.47100675874e-09, 1.49061882837e-08, 8.50038972544e-09, 2.09373318683e-09, 3.02189406831e-09, 1.99431715586e-09, 1.79780346166e-09, 3.42518347018e-09, 1.97122695944e-09, 2.10989092864e-09, 5.78893655234e-10, 3.20066556592e-10, 1.73275657711e-10, 1.00587288498e-10, 3.79167183762e-11, 3.68488677072e-11, 4.34311579756e-11, 3.9381664596e-11, 2.57526847069e-11, 2.83394800682e-11, 4.82994338968e-11, 1.12565068378e-10, 5.67590800749e-11, 6.79726136488e-11, 2.51440587101e-11, 1.66988176759e-11, 6.84268657361e-12], "max": [0.0132586909458, 0.0249983314425, 0.0186397209764, 0.0200812183321, 0.0123682310805, 0.015789700672, 0.0144896982238, 0.0135171562433, 0.00938385725021, 0.0217912830412, 0.00382166099735, 0.00317328516394, 0.00422790879384, 0.00139139895327, 0.00161000224762, 0.00168964965269, 0.0007826104993, 0.000965825514868, 0.000840908440296, 0.000748346734326, 0.00145504507236, 0.00118608656339, 0.00104625278618, 0.000667881802656, 0.000208856086829, 0.000160838855663, 0.0001288207568, 6.82336976752e-05, 7.65807853895e-05, 0.000126571016153, 9.93755238596e-05, 8.02721842774e-05, 9.16220087674e-05, 0.000152839609655, 0.000167927413713, 0.000155117202667, 0.00034418082214, 0.000144271311001, 6.38921628706e-05, 5.18437700521e-05], "mean": [0.00110238487832, 0.00210930989124, 0.00141065800563, 0.00092394388048, 0.000674235110637, 0.000674208975397, 0.000510915648192, 0.00043906152132, 0.000344614876667, 0.000355154741555, 0.000130720596644, 7.72279963712e-05, 8.25412062113e-05, 3.20917388308e-05, 5.28501950612e-05, 3.48302382918e-05, 2.38797456404e-05, 2.43755475822e-05, 1.85839999176e-05, 2.07693665288e-05, 2.27453383559e-05, 2.21390855586e-05, 2.09935078601e-05, 1.45544190673e-05, 1.16613728096e-05, 8.58161365613e-06, 5.90774288867e-06, 2.68865096587e-06, 2.94351025332e-06, 2.80517451756e-06, 2.99196176456e-06, 2.68751409749e-06, 2.49989875556e-06, 3.09971005663e-06, 3.33096522809e-06, 2.83146391666e-06, 2.26077054322e-06, 1.81373331998e-06, 1.50580433456e-06, 9.24926325752e-07], "median": [0.000719354604371, 0.00140116270632, 0.00100342999212, 0.000498869863804, 0.000405049766414, 0.00035717987339, 0.000215207284782, 0.000129291191115, 0.000119340606034, 8.53326564538e-05, 2.474327448e-05, 2.16121679841e-05, 2.06066379178e-05, 1.24658481582e-05, 1.48626850205e-05, 8.79321214597e-06, 7.74348973209e-06, 6.95183734933e-06, 4.93625020681e-06, 5.72328417547e-06, 6.65738343741e-06, 7.79185302235e-06, 6.43077282803e-06, 4.77838239021e-06, 3.48956314156e-06, 2.76437026514e-06, 1.99817463908e-06, 8.5083530621e-07, 7.64452011026e-07, 5.49871003841e-07, 6.0580509853e-07, 5.28438590663e-07, 4.56743265431e-07, 5.25382631622e-07, 5.50282038603e-07, 4.48449753776e-07, 3.19170965213e-07, 3.03067679397e-07, 1.67243555893e-07, 1.12536717722e-07], "min": [1.34239769988e-24, 6.92546806543e-25, 1.79043992847e-24, 1.5452460833e-24, 1.27170136606e-24, 8.16276385475e-25, 1.74894190055e-24, 1.30532892873e-24, 1.99685090635e-24, 2.81363650154e-24, 3.15244516058e-24, 2.93676230606e-24, 3.2107228516e-24, 2.08798741508e-24, 2.79772142999e-24, 1.41639028899e-24, 2.73119698707e-24, 3.33598272208e-24, 2.89549462552e-24, 4.13830277764e-24, 2.82987382277e-24, 3.58874440574e-24, 2.73304035779e-24, 4.94330377698e-24, 3.27779594728e-24, 3.90372552114e-24, 4.81265223943e-24, 3.97027224938e-24, 3.46619920285e-24, 3.72525284108e-24, 5.18996874913e-24, 5.03021968266e-24, 5.39366643992e-24, 6.68101604533e-24, 5.06427086363e-24, 6.08086841801e-24, 5.04014591943e-24, 5.66343202039e-24, 5.98963665432e-24, 6.26403403159e-24], "var": [1.4090589957e-06, 5.38160838914e-06, 2.07152220355e-06, 1.66481424912e-06, 7.34040895622e-07, 1.06948380107e-06, 7.69867824602e-07, 6.41134306534e-07, 4.26615144988e-07, 7.63125967751e-07, 8.85631976644e-08, 3.0831561304e-08, 4.08771896332e-08, 4.60483118303e-09, 1.45004444008e-08, 6.67229649309e-09, 1.9299091214e-09, 2.40457409539e-09, 1.58547175388e-09, 2.00299665742e-09, 2.56652543662e-09, 1.70647840303e-09, 1.65446645273e-09, 6.16644957319e-10, 3.26512122895e-10, 1.69805045025e-10, 8.34842264763e-11, 2.27941190228e-11, 2.97616341294e-11, 3.99110154647e-11, 4.2753040691e-11, 3.57542814799e-11, 3.38635612607e-11, 6.30500998633e-11, 8.97161095414e-11, 7.47844564053e-11, 5.6913220664e-11, 2.72135699392e-11, 1.60390069281e-11, 6.90903367503e-12]}, "mfcc": {"mean": [-670.755737305, 134.940719604, 26.4591388702, 28.2060699463, 7.99616384506, -2.09254217148, -6.41460037231, 8.16271877289, -3.95337533951, 0.871748149395, 1.37593793869, 2.67597031593, -1.5464630127], "cov": [[12589.0498047, -674.967529297, -1657.70812988, -589.43951416, -126.533409119, -325.859191895, -128.057861328, 39.787311554, -301.378662109, 132.514419556, 14.9972896576, -95.9623336792, -201.156005859], [-674.967529297, 1594.6229248, -287.10144043, 65.0510177612, 19.0491504669, -100.487449646, -11.0868759155, 48.4089889526, -30.781627655, 23.1677799225, 0.458729684353, 15.8185081482, 27.0160808563], [-1657.70812988, -287.10144043, 1242.14562988, 220.986923218, 39.939956665, 263.133270264, 37.7317008972, -73.6115722656, 2.95190286636, -97.1221008301, -0.961737990379, 43.4641494751, 16.4784660339], [-589.43951416, 65.0510177612, 220.986923218, 338.041992188, 63.3497467041, 69.7206726074, 5.50560235977, -14.4875478745, 10.9311943054, -21.8874092102, -11.7953004837, 17.0491313934, 14.2381877899], [-126.533409119, 19.0491504669, 39.939956665, 63.3497467041, 208.239135742, 45.8733482361, -8.29130649567, -20.3615455627, -4.60911369324, -2.53325629234, -19.5386047363, 0.181596711278, 13.1695766449], [-325.859191895, -100.487449646, 263.133270264, 69.7206726074, 45.8733482361, 255.191925049, 66.3007507324, -44.1813011169, -12.9667310715, -47.2597579956, -0.562138259411, 9.68365287781, -2.80204820633], [-128.057861328, -11.0868759155, 37.7317008972, 5.50560235977, -8.29130649567, 66.3007507324, 157.86668396, 29.6646785736, -19.8335075378, -3.78172922134, 7.40200662613, -12.9328670502, -22.3472175598], [39.787311554, 48.4089889526, -73.6115722656, -14.4875478745, -20.3615455627, -44.1813011169, 29.6646785736, 121.867668152, 38.3092536926, 22.4824466705, -12.8086204529, -19.7353382111, -10.3362636566], [-301.378662109, -30.781627655, 2.95190286636, 10.9311943054, -4.60911369324, -12.9667310715, -19.8335075378, 38.3092536926, 144.385498047, 17.5557765961, -4.75008392334, -5.12816619873, 5.53889417648], [132.514419556, 23.1677799225, -97.1221008301, -21.8874092102, -2.53325629234, -47.2597579956, -3.78172922134, 22.4824466705, 17.5557765961, 117.607299805, 26.025642395, -20.9449901581, -20.5437660217], [14.9972896576, 0.458729684353, -0.961737990379, -11.7953004837, -19.5386047363, -0.562138259411, 7.40200662613, -12.8086204529, -4.75008392334, 26.025642395, 86.9330596924, 29.818271637, -5.25141429901], [-95.9623336792, 15.8185081482, 43.4641494751, 17.0491313934, 0.181596711278, 9.68365287781, -12.9328670502, -19.7353382111, -5.12816619873, -20.9449901581, 29.818271637, 94.0829849243, 37.8224983215], [-201.156005859, 27.0160808563, 16.4784660339, 14.2381877899, 13.1695766449, -2.80204820633, -22.3472175598, -10.3362636566, 5.53889417648, -20.5437660217, -5.25141429901, 37.8224983215, 81.5703582764]], "icov": [[0.000120224096463, 8.02865470177e-05, 0.000162009164342, 7.15328496881e-05, 1.21528355521e-05, -4.56470734207e-05, 0.000166868499946, -9.61430705502e-05, 0.000293839082588, -1.48115150296e-05, 2.65174494416e-05, -7.43224009057e-05, 0.000267161114607], [8.02865470177e-05, 0.000750618404709, 0.000275752914604, -0.000224474395509, -5.05649732077e-05, 0.000117772142403, 0.000112337162136, -0.000346198881743, 0.000453826098237, -3.20320577885e-05, -2.95130757877e-05, -0.000159206392709, -3.49849615304e-05], [0.000162009164342, 0.000275752914604, 0.00141262600664, -0.000507486169226, 0.000177674723091, -0.00101032818202, 0.000335852149874, 2.07723642234e-05, 0.000284084497252, 0.000419386662543, -5.65429327253e-05, -0.000309006223688, 0.000368626933778], [7.15328496881e-05, -0.000224474395509, -0.000507486169226, 0.00373209104873, -0.000862448709086, -0.000363732891856, 7.1655260399e-05, -3.68018227164e-05, -0.000210734579014, -5.99407212576e-05, 0.000468613317935, -0.000506626907736, 0.000107838866825], [1.21528355521e-05, -5.05649732077e-05, 0.000177674723091, -0.000862448709086, 0.00554337678477, -0.00113819725811, 0.000493940897286, 0.000598305545282, 0.000248481694143, -0.000917596102227, 0.00138797354884, 6.61892627249e-05, -0.000750885403249], [-4.56470734207e-05, 0.000117772142403, -0.00101032818202, -0.000363732891856, -0.00113819725811, 0.0066716298461, -0.00304799620062, 0.00224801991135, -0.000668922089972, 0.00145017774776, -0.00012628796685, 9.2151321951e-06, 0.000377034011763], [0.000166868499946, 0.000112337162136, 0.000335852149874, 7.1655260399e-05, 0.000493940897286, -0.00304799620062, 0.00903902109712, -0.00374593981542, 0.00222710077651, 0.000244882074185, -0.00134385353886, 0.000708687002771, 0.00160650420003], [-9.61430705502e-05, -0.000346198881743, 2.07723642234e-05, -3.68018227164e-05, 0.000598305545282, 0.00224801991135, -0.00374593981542, 0.0118424976245, -0.00348852109164, -0.00113529735245, 0.00223261141218, 0.000455695408164, 0.000218197412323], [0.000293839082588, 0.000453826098237, 0.000284084497252, -0.000210734579014, 0.000248481694143, -0.000668922089972, 0.00222710077651, -0.00348852109164, 0.0089791668579, -0.00112961453851, 4.25485413871e-05, 0.000112015230116, -0.000284709647531], [-1.48115150296e-05, -3.20320577885e-05, 0.000419386662543, -5.99407212576e-05, -0.000917596102227, 0.00145017774776, 0.000244882074185, -0.00113529735245, -0.00112961453851, 0.0116677172482, -0.00489240977913, 0.00300877704285, 0.00132619508076], [2.65174494416e-05, -2.95130757877e-05, -5.65429327253e-05, 0.000468613317935, 0.00138797354884, -0.00012628796685, -0.00134385353886, 0.00223261141218, 4.25485413871e-05, -0.00489240977913, 0.0164098013192, -0.00715907244012, 0.00283200992271], [-7.43224009057e-05, -0.000159206392709, -0.000309006223688, -0.000506626907736, 6.61892627249e-05, 9.2151321951e-06, 0.000708687002771, 0.000455695408164, 0.000112015230116, 0.00300877704285, -0.00715907244012, 0.0168753582984, -0.00727365538478], [0.000267161114607, -3.49849615304e-05, 0.000368626933778, 0.000107838866825, -0.000750885403249, 0.000377034011763, 0.00160650420003, 0.000218197412323, -0.000284709647531, 0.00132619508076, 0.00283200992271, -0.00727365538478, 0.017346739769]]}, "spectral_contrast_coeffs": {"dmean": [0.0426525212824, 0.0445339158177, 0.0378520786762, 0.0297723282129, 0.0230508241802, 0.0171899087727], "dmean2": [0.0695066377521, 0.071112036705, 0.0600599311292, 0.048020709306, 0.0364072620869, 0.0276960991323], "dvar": [0.00139740877785, 0.0013840268366, 0.000955489056651, 0.000589063740335, 0.000449594750535, 0.000281297543552], "dvar2": [0.00385002256371, 0.00354570383206, 0.00229661073536, 0.00145521515515, 0.00102941808291, 0.000686456216499], "max": [-0.3088106215, -0.316505908966, -0.39176350832, -0.485188633204, -0.54547393322, -0.626519083977], "mean": [-0.648401737213, -0.698877334595, -0.751334190369, -0.780304074287, -0.784207999706, -0.791198968887], "median": [-0.651231527328, -0.703179001808, -0.765841066837, -0.780395328999, -0.78451025486, -0.793640851974], "min": [-0.975283205509, -0.983053803444, -0.980200231075, -0.968930184841, -0.968154489994, -0.964418530464], "var": [0.00557915773243, 0.00636077718809, 0.00696144392714, 0.00416054017842, 0.00404256535694, 0.00160333316308]}, "spectral_contrast_valleys": {"dmean": [0.302066415548, 0.315036952496, 0.319254249334, 0.290950149298, 0.305321782827, 0.366183191538], "dmean2": [0.495067328215, 0.512257874012, 0.512744545937, 0.452707916498, 0.437716752291, 0.440988183022], "dvar": [0.0965662226081, 0.110403604805, 0.110340669751, 0.106108278036, 0.146830841899, 0.176780387759], "dvar2": [0.212433293462, 0.23813675344, 0.228434935212, 0.2000