{"lowlevel": {"average_loudness": 0.914875864983, "barkbands_crest": {"dmean": 4.20291280746, "dmean2": 6.64454221725, "dvar": 13.3550453186, "dvar2": 30.6966133118, "max": 26.9582080841, "mean": 16.0196018219, "median": 16.5411243439, "min": 2.19966721535, "var": 36.6177558899}, "barkbands_flatness_db": {"dmean": 0.0529665462673, "dmean2": 0.0776571333408, "dvar": 0.00270726392046, "dvar2": 0.00573003198951, "max": 0.847595214844, "mean": 0.183881282806, "median": 0.163327991962, "min": 0.0164869055152, "var": 0.0104613630101}, "barkbands_kurtosis": {"dmean": 123.434013367, "dmean2": 217.294677734, "dvar": 1791300.25, "dvar2": 4666863, "max": 42113.6796875, "mean": 119.346191406, "median": 8.1251745224, "min": -1.97053050995, "var": 1805144.875}, "barkbands_skewness": {"dmean": 2.54805278778, "dmean2": 3.9520945549, "dvar": 39.6925392151, "dvar2": 94.5607376099, "max": 161.872421265, "mean": 4.50806283951, "median": 2.99339270592, "min": -3.69390726089, "var": 60.4441261292}, "barkbands_spread": {"dmean": 13.5554599762, "dmean2": 20.6938114166, "dvar": 221.986465454, "dvar2": 456.883026123, "max": 131.094940186, "mean": 29.142988205, "median": 22.2036781311, "min": 0.00342553132214, "var": 644.861328125}, "dissonance": {"dmean": 0.0123533615842, "dmean2": 0.0207158718258, "dvar": 0.000228814809816, "dvar2": 0.000592741824221, "max": 0.500000119209, "mean": 0.480441242456, "median": 0.486398816109, "min": 0.2022767663, "var": 0.000408101448556}, "dynamic_complexity": 3.86789298058, "erbbands_crest": {"dmean": 2.67788267136, "dmean2": 4.43283700943, "dvar": 7.65962314606, "dvar2": 18.4167346954, "max": 34.1743507385, "mean": 7.38964653015, "median": 6.2299656868, "min": 2.19972991943, "var": 15.4152555466}, "erbbands_flatness_db": {"dmean": 0.0201947707683, "dmean2": 0.0304164607078, "dvar": 0.000432052998804, "dvar2": 0.000948166241869, "max": 0.447284370661, "mean": 0.113060563803, "median": 0.0989661738276, "min": 0.0465719252825, "var": 0.00200097984634}, "erbbands_kurtosis": {"dmean": 1.91783642769, "dmean2": 3.16045928001, "dvar": 89.530456543, "dvar2": 263.289703369, "max": 438.138336182, "mean": 0.734233498573, "median": -0.508950710297, "min": -1.94248461723, "var": 85.9650497437}, "erbbands_skewness": {"dmean": 0.610839486122, "dmean2": 0.925441503525, "dvar": 0.539702415466, "dvar2": 1.28337371349, "max": 13.9463024139, "mean": -0.202452212572, "median": -0.382247716188, "min": -4.76576328278, "var": 1.34869968891}, "erbbands_spread": {"dmean": 23.1835308075, "dmean2": 36.5476036072, "dvar": 507.05871582, "dvar2": 1226.00402832, "max": 209.462203979, "mean": 75.7879180908, "median": 73.9170913696, "min": 0.748240768909, "var": 1282.3614502}, "hfc": {"dmean": 13.9033203125, "dmean2": 19.9664039612, "dvar": 349.433868408, "dvar2": 765.30645752, "max": 166.455047607, "mean": 23.1071987152, "median": 14.2804145813, "min": 1.18624661392e-16, "var": 604.155944824}, "melbands_crest": {"dmean": 4.8998966217, "dmean2": 8.02718257904, "dvar": 20.096244812, "dvar2": 47.0014381409, "max": 39.995929718, "mean": 21.3818206787, "median": 21.508190155, "min": 1.76214754581, "var": 48.3426704407}, "melbands_flatness_db": {"dmean": 0.0637695863843, "dmean2": 0.0923853442073, "dvar": 0.00350203481503, "dvar2": 0.00724605144933, "max": 0.918279051781, "mean": 0.263027727604, "median": 0.251538187265, "min": 0.00387032772414, "var": 0.015502111055}, "melbands_kurtosis": {"dmean": 290.90032959, "dmean2": 520.104675293, "dvar": 29701720, "dvar2": 87925064, "max": 354269.75, "mean": 259.591522217, "median": 55.2981338501, "min": -1.95263767242, "var": 15949723}, "melbands_skewness": {"dmean": 3.58661055565, "dmean2": 5.6862783432, "dvar": 124.21736908, "dvar2": 337.202819824, "max": 546.112121582, "mean": 8.13279533386, "median": 6.70992517471, "min": -2.42732715607, "var": 113.997886658}, "melbands_spread": {"dmean": 14.4357395172, "dmean2": 22.6502513885, "dvar": 597.308776855, "dvar2": 1347.78210449, "max": 315.785125732, "mean": 23.6301422119, "median": 10.0130882263, "min": 0.00180420465767, "var": 1309.85913086}, "pitch_salience": {"dmean": 0.123726926744, "dmean2": 0.197129160166, "dvar": 0.0123078040779, "dvar2": 0.0298430453986, "max": 0.890615344048, "mean": 0.396791577339, "median": 0.390316277742, "min": 0.00330279674381, "var": 0.028489023447}, "silence_rate_20dB": {"dmean": 0.0079511962831, "dmean2": 0.0159029364586, "dvar": 0.00788724608719, "dvar2": 0.0215424243361, "max": 1, "mean": 0.99499642849, "median": 1, "min": 0, "var": 0.00497858412564}, "silence_rate_30dB": {"dmean": 0.0916443914175, "dmean2": 0.183295056224, "dvar": 0.0832434296608, "dvar2": 0.175988689065, "max": 1, "mean": 0.849172353745, "median": 1, "min": 0, "var": 0.128065004945}, "silence_rate_60dB": {"dmean": 0.0394818000495, "dmean2": 0.0789663121104, "dvar": 0.0379446595907, "dvar2": 0.0929255858064, "max": 1, "mean": 0.111998356879, "median": 0, "min": 0, "var": 0.0994248539209}, "spectral_centroid": {"dmean": 528.198486328, "dmean2": 794.73059082, "dvar": 278610.0625, "dvar2": 536683.4375, "max": 11053.1582031, "mean": 1775.17565918, "median": 1667.6829834, "min": 62.488899231, "var": 1229297.625}, "spectral_complexity": {"dmean": 7.2028927803, "dmean2": 10.2333345413, "dvar": 74.0588989258, "dvar2": 148.391204834, "max": 62, "mean": 12.4004249573, "median": 8, "min": 0, "var": 157.158554077}, "spectral_decrease": {"dmean": 8.98686636219e-09, "dmean2": 1.40945140004e-08, "dvar": 2.1019982854e-16, "dvar2": 5.40340634141e-16, "max": 8.56873074906e-29, "mean": -1.34255904172e-08, "median": -8.54425508123e-09, "min": -1.70675136246e-07, "var": 3.00530042543e-16}, "spectral_energy": {"dmean": 0.0347934029996, "dmean2": 0.0542769916356, "dvar": 0.00304708466865, "dvar2": 0.00780301261693, "max": 0.651608645916, "mean": 0.0527672059834, "median": 0.0340320020914, "min": 1.04361952841e-20, "var": 0.00442089419812}, "spectral_energyband_high": {"dmean": 0.00118865538388, "dmean2": 0.00169578648638, "dvar": 2.74226476904e-06, "dvar2": 6.12746953266e-06, "max": 0.0174043308944, "mean": 0.00186799245421, "median": 0.000984451500699, "min": 8.10960683184e-21, "var": 4.9568761824e-06}, "spectral_energyband_low": {"dmean": 0.0320186242461, "dmean2": 0.0517511852086, "dvar": 0.00318051828071, "dvar2": 0.00844510179013, "max": 0.64136660099, "mean": 0.0443335399032, "median": 0.0269123297185, "min": 6.14490270316e-23, "var": 0.00396931124851}, "spectral_energyband_middle_high": {"dmean": 0.00158371345606, "dmean2": 0.00243988353759, "dvar": 6.35988862996e-06, "dvar2": 1.50292780745e-05, "max": 0.0235636588186, "mean": 0.00191793800332, "median": 0.000728842627723, "min": 1.08734638374e-21, "var": 8.21279718366e-06}, "spectral_energyband_middle_low": {"dmean": 0.00600205222145, "dmean2": 0.0101638734341, "dvar": 0.000186699733604, "dvar2": 0.00050889531849, "max": 0.155861437321, "mean": 0.00648667337373, "median": 0.00279044592753, "min": 2.72198941836e-22, "var": 0.000145260768477}, "spectral_entropy": {"dmean": 0.247514024377, "dmean2": 0.36273419857, "dvar": 0.0866774097085, "dvar2": 0.176018282771, "max": 9.79276561737, "mean": 7.95215511322, "median": 8.09919548035, "min": 3.60158538818, "var": 0.282323539257}, "spectral_flux": {"dmean": 0.0582388713956, "dmean2": 0.0953609570861, "dvar": 0.00391300907359, "dvar2": 0.00903799757361, "max": 0.678626358509, "mean": 0.121749095619, "median": 0.100984960794, "min": 1.02157698967e-10, "var": 0.00855122692883}, "spectral_kurtosis": {"dmean": 1.02184903622, "dmean2": 1.60593497753, "dvar": 5.18098449707, "dvar2": 11.0371160507, "max": 73.4344787598, "mean": 1.84489917755, "median": 1.28066110611, "min": -1.21876239777, "var": 10.1137208939}, "spectral_rms": {"dmean": 0.00213902746327, "dmean2": 0.00314187770709, "dvar": 5.23038579558e-06, "dvar2": 1.16679393614e-05, "max": 0.0252134036273, "mean": 0.00606522150338, "median": 0.00576211325824, "min": 3.19087052787e-12, "var": 1.46929342009e-05}, "spectral_rolloff": {"dmean": 1090.4744873, "dmean2": 1811.3671875, "dvar": 3302168.25, "dvar2": 6660538, "max": 18884.6191406, "mean": 1655.05810547, "median": 172.265625, "min": 21.533203125, "var": 6523032}, "spectral_skewness": {"dmean": 0.218487098813, "dmean2": 0.3304207623, "dvar": 0.0823837518692, "dvar2": 0.177857786417, "max": 7.26758956909, "mean": 1.09116303921, "median": 0.993970692158, "min": -0.147762253881, "var": 0.223814994097}, "spectral_spread": {"dmean": 1036384.875, "dmean2": 1608985.25, "dvar": 994521645056, "dvar2": 2387959349250.0, "max": 41019420, "mean": 7168002.5, "median": 7059407, "min": 989634.3125, "var": 3525087068160.0}, "spectral_strongpeak": {"dmean": 0.243779689074, "dmean2": 0.39425098896, "dvar": 0.0976960211992, "dvar2": 0.24738445878, "max": 6.70183372498, "mean": 0.470476925373, "median": 0.402204334736, "min": 0, "var": 0.154823377728}, "zerocrossingrate": {"dmean": 0.0239407084882, "dmean2": 0.0274047832936, "dvar": 0.000628102570772, "dvar2": 0.000819332432002, "max": 0.49951171875, "mean": 0.0730848237872, "median": 0.056640625, "min": 0, "var": 0.00359483365901}, "barkbands": {"dmean": [0.000680750992615, 0.0245388634503, 0.00941095687449, 0.00283909263089, 0.00233791046776, 0.000495748303365, 0.000529991521034, 0.000266496819677, 0.000196194057935, 0.000130547268782, 0.000130379790789, 0.000211913356907, 0.000134644724312, 0.000101991739939, 0.000112955363875, 0.000193656480405, 0.000219563182327, 0.000216839194763, 0.000336062686983, 0.00020943567506, 0.000262099696556, 0.000205044154427, 0.000196457956918, 0.000241151021328, 0.000201820759685, 5.87057875236e-05, 1.12615225589e-05], "dmean2": [0.00111945183016, 0.0401062257588, 0.015948748216, 0.00476169027388, 0.00422369595617, 0.000827742624097, 0.000969152082689, 0.000449217739515, 0.000332209368935, 0.000212895945879, 0.000214760802919, 0.000363283295883, 0.000232696213061, 0.000166271143826, 0.000186525416211, 0.000321078434354, 0.000366493215552, 0.000376726529794, 0.000543985748664, 0.000324382534018, 0.000414748763433, 0.000297751976177, 0.000298906874377, 0.000376208627131, 0.000301134772599, 8.97505742614e-05, 1.58485527209e-05], "dvar": [1.03472507362e-06, 0.0017424444668, 0.000662852195092, 3.42369166901e-05, 5.34408500243e-05, 1.331052772e-06, 2.55797340287e-06, 3.69932024569e-07, 2.25020428957e-07, 5.95636464595e-08, 5.89573616594e-08, 3.02748134118e-07, 9.82831451779e-08, 3.58121674537e-08, 4.14256895453e-08, 1.25375422044e-07, 3.27336294959e-07, 1.69034734654e-07, 6.00427426889e-07, 1.20507905876e-07, 3.58763770691e-07, 6.68331665565e-08, 6.86741898903e-08, 1.12079561632e-07, 9.13859850016e-08, 7.43125916358e-09, 3.57437468512e-10], "dvar2": [2.87728471449e-06, 0.00454952055588, 0.00175832468085, 9.14889242267e-05, 0.0001520786318, 3.45680450664e-06, 7.29805515221e-06, 9.72324983195e-07, 6.06057994901e-07, 1.48001063849e-07, 1.4504458079e-07, 7.71676525346e-07, 2.57444128238e-07, 8.6731326121e-08, 1.03289082176e-07, 3.12486122311e-07, 8.61497539972e-07, 4.59049346091e-07, 1.44638670463e-06, 2.67815750021e-07, 9.11485358301e-07, 1.43646943229e-07, 1.48917578713e-07, 2.61099785348e-07, 2.04835856721e-07, 1.62956634853e-08, 7.36900984677e-10], "max": [0.0194145943969, 0.447780072689, 0.320062458515, 0.0840289145708, 0.084351837635, 0.0155439246446, 0.0166413746774, 0.00915566086769, 0.00807145796716, 0.00457352912053, 0.00265943841077, 0.00759578915313, 0.00331758568063, 0.00344749027863, 0.00379890343174, 0.0055081024766, 0.0122358845547, 0.00389008363709, 0.0113804433495, 0.00429260544479, 0.0104413833469, 0.00374221405946, 0.00281922915019, 0.00458074966446, 0.00385693158023, 0.000818656291813, 0.000324823718984], "mean": [0.000874953344464, 0.032555706799, 0.0091080153361, 0.00327798374929, 0.00179203040898, 0.000494082167279, 0.000395561219193, 0.00026624838938, 0.000188127873116, 0.000141246782732, 0.000132260567625, 0.000186737510376, 0.000124264450278, 0.000111575631308, 0.000113408852485, 0.000203324583708, 0.000212714265217, 0.000207244185731, 0.000414166133851, 0.000270458287559, 0.000307545327814, 0.000319948536344, 0.000297926570056, 0.000374000752345, 0.000298426341033, 8.27750191092e-05, 1.62663018273e-05], "median": [0.000427492021117, 0.01667958498, 0.0026503992267, 0.00119557755534, 0.000262013345491, 0.000100043500424, 6.27041154075e-05, 6.31047951174e-05, 5.22581030964e-05, 3.36745979439e-05, 3.10440300382e-05, 4.62388015876e-05, 2.23196129809e-05, 3.37574565492e-05, 4.1084978875e-05, 6.52444869047e-05, 6.11216310062e-05, 6.1642655055e-05, 8.23147565825e-05, 0.000102617559605, 0.000114303889859, 0.000178123736987, 0.000149729225086, 0.000201424365514, 0.000141515760333, 2.86363374471e-05, 3.88590751754e-06], "min": [1.74386238574e-23, 2.22614796182e-23, 1.90637767186e-23, 1.67204890655e-23, 3.46752961676e-23, 7.07258419503e-23, 2.33838220048e-23, 6.57461417089e-23, 3.84406397088e-23, 3.73609888967e-23, 5.57667862006e-23, 4.0472975748e-23, 7.30205247277e-23, 9.00455251466e-23, 1.23226447392e-22, 1.06182179834e-22, 1.22925367583e-22, 1.20651592775e-22, 1.56656100635e-22, 3.74772089339e-22, 4.05695234876e-22, 6.95316087762e-22, 6.00412712985e-22, 6.90545662853e-22, 1.69215293837e-21, 1.59275171852e-21, 2.4426540495e-21], "var": [1.45025273923e-06, 0.0023331749253, 0.000512529397383, 3.22058658639e-05, 3.32943091053e-05, 1.24272594348e-06, 1.5248259615e-06, 3.28422459006e-07, 1.76101480065e-07, 6.81985099504e-08, 6.75681164353e-08, 2.45865209081e-07, 8.57555306766e-08, 3.97840302924e-08, 4.14479721655e-08, 1.46147812075e-07, 2.76599109839e-07, 1.43032593769e-07, 7.84534904597e-07, 1.78142329332e-07, 4.04961298273e-07, 1.48294716951e-07, 1.25569826537e-07, 1.97032534288e-07, 1.4218500155e-07, 1.21461773972e-08, 7.14584114103e-10]}, "erbbands": {"dmean": [0.601658165455, 6.05312871933, 11.8201913834, 8.8041973114, 9.15723323822, 7.17877340317, 4.08600330353, 4.36778926849, 7.35837507248, 7.38144731522, 4.93789482117, 4.35786104202, 5.01427173615, 3.77817678452, 6.27998876572, 8.36277389526, 6.70688915253, 5.25977373123, 4.95065402985, 7.52165317535, 11.3291110992, 11.6668977737, 10.2076845169, 16.2877788544, 15.5419712067, 9.65480709076, 9.40748977661, 10.6336946487, 6.84443902969, 6.8368268013, 5.65904092789, 5.87490749359, 3.45111203194, 2.43118095398, 1.29666996002, 0.35075622797, 0.0953110083938, 0.0168990772218, 0.00202019605786, 0.000132683751872], "dmean2": [0.938040792942, 10.0074157715, 19.9206867218, 14.2910451889, 16.4116859436, 13.0468711853, 6.60195541382, 7.4774389267, 13.2873620987, 13.0913152695, 8.27324295044, 7.28821802139, 8.29736042023, 6.02591848373, 10.5559587479, 14.2415561676, 11.7246074677, 8.7339630127, 7.74149036407, 12.731505394, 18.1231899261, 19.1944503784, 17.1211204529, 27.6527919769, 25.0090198517, 14.6977529526, 14.2376451492, 16.9521408081, 10.0708990097, 9.9512720108, 8.66030406952, 9.5109128952, 5.18174171448, 3.7037050724, 1.94357168674, 0.524267137051, 0.147130936384, 0.0246801115572, 0.00305781094357, 0.000192062827409], "dvar": [1.00366282463, 120.770332336, 976.81262207, 311.290985107, 738.203674316, 542.989196777, 84.0772247314, 115.513160706, 466.244842529, 398.327178955, 139.256652832, 107.212417603, 122.848731995, 46.8406982422, 187.959991455, 477.998535156, 258.260955811, 97.8583450317, 78.8044662476, 171.103485107, 474.463775635, 602.407653809, 405.941711426, 958.624023438, 1427.64855957, 245.350997925, 251.698867798, 718.784729004, 85.6014099121, 73.6107025146, 61.8543281555, 66.6823883057, 23.68791008, 12.3054046631, 4.30713367462, 0.272140681744, 0.0197566859424, 0.000580530148, 1.2935536688e-05, 4.47765238221e-08], "dvar2": [2.26638913155, 322.727905273, 2618.84667969, 743.134887695, 2102.17407227, 1552.25219727, 203.791900635, 312.44619751, 1328.82519531, 1132.36108398, 366.977355957, 280.563049316, 319.628875732, 105.913970947, 495.069274902, 1211.12158203, 688.910644531, 246.263427734, 181.232910156, 442.384887695, 1022.62188721, 1532.59558105, 1089.9543457, 2428.36816406, 3509.81298828, 510.261199951, 577.734313965, 1881.85998535, 189.157943726, 142.96585083, 141.685455322, 161.58052063, 53.4325485229, 27.6031646729, 9.91448402405, 0.578945934772, 0.0447189025581, 0.00125952425878, 2.95982936223e-05, 9.01354937355e-08], "max": [16.0784358978, 120.965019226, 367.649536133, 245.747879028, 372.104766846, 298.436187744, 111.80165863, 143.926467896, 331.550476074, 244.948516846, 142.465209961, 153.080596924, 224.102142334, 114.231330872, 170.062469482, 259.574249268, 172.750747681, 157.521728516, 148.419219971, 180.60458374, 357.793609619, 442.274871826, 228.243041992, 385.65133667, 564.606323242, 194.706817627, 225.783233643, 477.020782471, 162.180603027, 102.265014648, 77.3757476807, 126.109237671, 55.0963668823, 35.6303520203, 32.8862113953, 8.42475032806, 1.19846260548, 0.361981093884, 0.0591007135808, 0.00299929850735], "mean": [0.801651597023, 7.5818901062, 12.8455724716, 10.6950502396, 8.25065422058, 5.44804954529, 3.94559979439, 4.07724666595, 5.89417266846, 6.27859449387, 4.96552848816, 4.20672273636, 5.21150445938, 4.28418159485, 5.74204206467, 7.52497339249, 6.20727491379, 5.6703081131, 5.31621217728, 7.64226341248, 12.7826833725, 11.7150392532, 9.80344676971, 19.1185569763, 18.2792930603, 12.731631279, 12.0174207687, 12.5525474548, 10.7020511627, 10.9533720016, 8.40578174591, 8.78120136261, 5.34266519547, 3.57554268837, 1.87416422367, 0.499183595181, 0.132898941636, 0.0255328118801, 0.00262778741308, 0.000202915456612], "median": [0.369595080614, 3.78268694878, 4.7112994194, 4.17367649078, 2.63365626335, 0.745055615902, 0.625135302544, 0.854673087597, 0.97919344902, 1.20908439159, 1.32593393326, 1.16255140305, 1.29823350906, 1.03015327454, 1.24584424496, 1.99574816227, 1.28807389736, 1.62068831921, 1.70556116104, 3.03061103821, 4.00254535675, 3.88676333427, 3.66544127464, 3.43974328041, 4.22364759445, 4.94090843201, 4.37559890747, 5.09995508194, 5.70066738129, 5.76830625534, 4.42650222778, 4.9083147049, 2.62922263145, 1.77086949348, 0.814697802067, 0.184392273426, 0.0443854890764, 0.00948435254395, 0.000699156837072, 9.0071654995e-05], "min": [8.50138812545e-22, 4.34396362453e-21, 1.46049593892e-20, 5.66304067849e-20, 1.09603783458e-19, 6.85996197756e-20, 5.70324850635e-19, 3.31386130977e-19, 1.49564374787e-19, 1.06204055631e-18, 1.12306735696e-18, 6.17427099653e-19, 1.70446200384e-18, 1.43177250574e-18, 2.03031502031e-18, 2.33030509754e-18, 3.73777069419e-18, 4.40979000821e-18, 6.34475323097e-18, 6.26907654468e-18, 5.09478447732e-18, 7.38572777182e-18, 5.9586178764e-18, 7.14345236067e-18, 1.0222696711e-17, 1.89706263427e-17, 1.43259625355e-17, 1.90244145893e-17, 2.40685933975e-17, 2.48878413479e-17, 1.48937575059e-17, 1.50929806477e-17, 1.21239936828e-17, 1.68052015023e-17, 1.2228140685e-17, 6.67386895796e-18, 3.05906817441e-18, 1.1707830638e-18, 3.43509212486e-19, 3.65021201076e-20], "var": [1.51025497913, 146.134689331, 800.830322266, 337.215026855, 464.908782959, 335.611694336, 85.6761474609, 92.5889358521, 284.910827637, 264.571685791, 119.154998779, 89.4207763672, 116.868865967, 69.7992782593, 155.310653687, 394.19619751, 213.948562622, 103.674026489, 92.3090744019, 167.292572021, 695.508056641, 568.372131348, 334.752288818, 1214.02404785, 1666.48242188, 398.206390381, 402.521820068, 674.58581543, 172.668670654, 165.507476807, 100.21572876, 106.793670654, 42.9241409302, 19.1019458771, 6.32575654984, 0.462202697992, 0.0315514393151, 0.00121423031669, 1.94984386326e-05, 7.79477247193e-08]}, "gfcc": {"mean": [-25.5937728882, 38.206905365, -70.4271850586, 63.5013465881, -44.9768486023, 34.2788047791, -26.924533844, 19.9424743652, -15.4095344543, 6.1166934967, -13.3835754395, 1.65663743019, -11.5986070633], "cov": [[14357.1884766, 391.109191895, 158.712982178, 198.498321533, -124.72202301, -215.403289795, -302.752929688, -73.396156311, -625.496948242, -272.512695312, -412.757263184, -281.358184814, -463.261535645], [391.109191895, 1857.60070801, 460.556335449, -75.1171875, 223.9947052, 1.10823452473, 13.3296604156, -123.44203949, 42.8169708252, -155.298370361, -38.5343666077, -80.6895446777, 14.8743696213], [158.712982178, 460.556335449, 1485.3215332, 369.833496094, 254.455322266, 169.248718262, 64.2698974609, 33.3950157166, -44.8563156128, -65.015411377, -63.960609436, -108.75037384, -77.666595459], [198.498321533, -75.1171875, 369.833496094, 537.795776367, 281.714050293, 140.144210815, 64.7956619263, -18.6032886505, -41.5704193115, -48.8028259277, -27.9371757507, -52.1590194702, -38.3361053467], [-124.72202301, 223.9947052, 254.455322266, 281.714050293, 507.683319092, 163.767791748, 107.7474823, -36.9551315308, -5.02520990372, -70.8404464722, -37.8619041443, -38.6582565308, -18.6290779114], [-215.403289795, 1.10823452473, 169.248718262, 140.144210815, 163.767791748, 252.188522339, 94.8536605835, 20.440536499, -0.757815778255, -17.8927631378, -27.2222366333, -14.8537759781, -4.40027427673], [-302.752929688, 13.3296604156, 64.2698974609, 64.7956619263, 107.7474823, 94.8536605835, 197.649307251, 36.7901191711, 48.2024688721, 3.55473875999, 8.83355045319, -12.7174968719, -5.9286608696], [-73.396156311, -123.44203949, 33.3950157166, -18.6032886505, -36.9551315308, 20.440536499, 36.7901191711, 124.94127655, 62.5476074219, 38.1676216125, 14.577422142, 5.37917804718, -2.01178693771], [-625.496948242, 42.8169708252, -44.8563156128, -41.5704193115, -5.02520990372, -0.757815778255, 48.2024688721, 62.5476074219, 162.749359131, 69.4641647339, 45.0095787048, 21.9442195892, 36.9536895752], [-272.512695312, -155.298370361, -65.015411377, -48.8028259277, -70.8404464722, -17.8927631378, 3.55473875999, 38.1676216125, 69.4641647339, 127.63066864, 80.8183135986, 42.5629272461, 23.2285232544], [-412.757263184, -38.5343666077, -63.960609436, -27.9371757507, -37.8619041443, -27.2222366333, 8.83355045319, 14.577422142, 45.0095787048, 80.8183135986, 138.676895142, 53.7604179382, 34.2611999512], [-281.358184814, -80.6895446777, -108.75037384, -52.1590194702, -38.6582565308, -14.8537759781, -12.7174968719, 5.37917804718, 21.9442195892, 42.5629272461, 53.7604179382, 102.671638489, 68.7242126465], [-463.261535645, 14.8743696213, -77.666595459, -38.3361053467, -18.6290779114, -4.40027427673, -5.9286608696, -2.01178693771, 36.9536895752, 23.2285232544, 34.2611999512, 68.7242126465, 99.6777267456]], "icov": [[0.000111362336611, -0.000106565450551, 6.26137625659e-05, -0.000118793512229, 3.2627965993e-05, 0.000118437397759, 4.53594402643e-05, -0.000281362445094, 0.000495570071507, -0.000290059921099, 0.000334024982294, -0.000173741907929, 0.000433762528701], [-0.000106565450551, 0.00107416894753, -0.000469765451271, 0.000789415789768, -0.000386642845115, -6.05712375545e-05, 8.47008486744e-05, 0.00142581551336, -0.00165443320293, 0.00191881204955, -0.00108130183071, 0.000946140207816, -0.00087357283337], [6.26137625659e-05, -0.000469765451271, 0.00109683827031, -0.000781462120358, 2.9196655305e-05, -0.000197148794541, 9.90997432382e-05, -0.00111396925058, 0.000970329390839, -0.00083478417946, 0.000460016191937, 0.000251049612416, 0.000398945790948], [-0.000118793512229, 0.000789415789768, -0.000781462120358, 0.0036699231714, -0.00158237782307, -0.000693098583724, 6.24951717327e-05, 0.00110762531403, -0.000631731702015, 0.00126183161046, -0.00132929894608, 0.00137332582381, -0.000717409478966], [3.2627965993e-05, -0.000386642845115, 2.9196655305e-05, -0.00158237782307, 0.00383037654683, -0.00126449437812, -0.000965817947872, 0.00109687529039, -0.000775074819103, 0.00110684614629, 0.000152064283611, -0.000796451931819, 0.000774513930082], [0.000118437397759, -6.05712375545e-05, -0.000197148794541, -0.000693098583724, -0.00126449437812, 0.00641156407073, -0.00214990857057, -0.00148641539272, 0.0017056678189, -0.00134228041861, 0.00183854496572, -0.000322518753819, -0.000700976233929], [4.53594402643e-05, 8.47008486744e-05, 9.90997432382e-05, 6.24951717327e-05, -0.000965817947872, -0.00214990857057, 0.00745417457074, -0.00124690413941, -0.00198353547603, 0.00111728115007, -0.00130789121613, 0.000691364344675, 0.000890077149961], [-0.000281362445094, 0.00142581551336, -0.00111396925058, 0.00110762531403, 0.00109687529039, -0.00148641539272, -0.00124690413941, 0.0138340005651, -0.00707677938044, 0.00162774219643, -0.000867895199917, -0.000511972582899, 0.00127757887822], [0.000495570071507, -0.00165443320293, 0.000970329390839, -0.000631731702015, -0.000775074819103, 0.0017056678189, -0.00198353547603, -0.00707677938044, 0.0153819769621, -0.00872379355133, 0.00241697765887, 0.00202620844357, -0.00316456868313], [-0.000290059921099, 0.00191881204955, -0.00083478417946, 0.00126183161046, 0.00110684614629, -0.00134228041861, 0.00111728115007, 0.00162774219643, -0.00872379355133, 0.020650120452, -0.00946306530386, -0.00200007669628, 0.00150093855336], [0.000334024982294, -0.00108130183071, 0.000460016191937, -0.00132929894608, 0.000152064283611, 0.00183854496572, -0.00130789121613, -0.000867895199917, 0.00241697765887, -0.00946306530386, 0.0148307411, -0.00518772564828, 0.00136354821734], [-0.000173741907929, 0.000946140207816, 0.000251049612416, 0.00137332582381, -0.000796451931819, -0.000322518753819, 0.000691364344675, -0.000511972582899, 0.00202620844357, -0.00200007669628, -0.00518772564828, 0.0242999587208, -0.0156130902469], [0.000433762528701, -0.00087357283337, 0.000398945790948, -0.000717409478966, 0.000774513930082, -0.000700976233929, 0.000890077149961, 0.00127757887822, -0.00316456868313, 0.00150093855336, 0.00136354821734, -0.0156130902469, 0.0235255267471]]}, "melbands": {"dmean": [0.00611008377746, 0.00684197200462, 0.00148362957407, 0.000608897244092, 0.000165446544997, 0.000100201628811, 0.000112533547508, 7.70024271333e-05, 3.77779761038e-05, 2.75168276858e-05, 2.48727883445e-05, 1.45161320688e-05, 1.87793539226e-05, 2.56904331764e-05, 1.57966806e-05, 1.3549488358e-05, 9.94049605652e-06, 7.9878982433e-06, 9.08188667381e-06, 1.12606712719e-05, 1.47863938764e-05, 1.32442846734e-05, 9.20966431295e-06, 9.68010954239e-06, 1.3884220607e-05, 1.40880747495e-05, 7.78129378887e-06, 6.65028392177e-06, 5.60848093301e-06, 7.47317835703e-06, 5.66539392821e-06, 3.83548740501e-06, 4.81508004668e-06, 3.59843602382e-06, 3.01092245536e-06, 3.97013582187e-06, 3.63637695955e-06, 2.46132640314e-06, 2.30560021919e-06, 2.06799199987e-06], "dmean2": [0.00985454395413, 0.0112941060215, 0.00237477873452, 0.00111631071195, 0.000272038014373, 0.000171244057128, 0.000203716510441, 0.000134591871756, 6.31657749182e-05, 4.61179370177e-05, 4.13896341342e-05, 2.31207213801e-05, 3.1296065572e-05, 4.43404496764e-05, 2.67808645731e-05, 2.36587802647e-05, 1.65481924341e-05, 1.24681582747e-05, 1.51910080604e-05, 1.93355190277e-05, 2.346612564e-05, 2.20079182327e-05, 1.54923964146e-05, 1.65420933627e-05, 2.36375708482e-05, 2.27077925956e-05, 1.24708794829e-05, 1.03410038719e-05, 8.64320736582e-06, 1.20023605632e-05, 9.11605729925e-06, 5.82300071983e-06, 7.25305608285e-06, 5.44875410924e-06, 4.66411211164e-06, 6.21792969469e-06, 6.00931707595e-06, 3.71596001969e-06, 3.59924501936e-06, 3.1917720662e-06], "dvar": [9.80669428827e-05, 0.000232164587942, 8.81843061507e-06, 3.78828758585e-06, 1.52031091716e-07, 5.97587686002e-08, 1.09513806024e-07, 3.84987224322e-08, 8.08974132127e-09, 4.31088853503e-09, 3.02196712099e-09, 7.10362602074e-10, 1.38081568402e-09, 4.79381023766e-09, 1.37205935502e-09, 1.08731179616e-09, 3.69183433824e-10, 2.13029538454e-10, 2.74101713549e-10, 4.21247869919e-10, 1.06479014494e-09, 1.07818909356e-09, 2.85187123916e-10, 3.41910916246e-10, 7.09412639743e-10, 1.6513336254e-09, 2.76363293361e-10, 1.10461688407e-10, 6.67136138e-11, 3.63406721382e-10, 1.93102783763e-10, 2.94459283345e-11, 4.03761607481e-11, 2.29605900265e-11, 1.89581007143e-11, 2.81779929251e-11, 2.52165909681e-11, 1.18204855626e-11, 1.19207794677e-11, 1.01625981935e-11], "dvar2": [0.000242653448367, 0.000627708155662, 2.01145649044e-05, 1.08781050585e-05, 3.83682049687e-07, 1.6155644289e-07, 3.12179565753e-07, 1.07917792036e-07, 2.13686366379e-08, 1.13782041566e-08, 7.88425502662e-09, 1.63741997738e-09, 3.53677598319e-09, 1.25841630449e-08, 3.45247697098e-09, 2.93114243988e-09, 9.31900889789e-10, 4.85466278288e-10, 7.05361324904e-10, 1.06999231697e-09, 2.25655560904e-09, 2.79073586462e-09, 7.34504124189e-10, 9.20971687801e-10, 1.82566639584e-09, 4.20543688762e-09, 6.50805354052e-10, 2.25230251116e-10, 1.4665621495e-10, 8.98232377367e-10, 5.18662168769e-10, 6.79220707456e-11, 9.16615464086e-11, 4.47254282221e-11, 4.40857142459e-11, 6.7042517371e-11, 6.21188517291e-11, 2.59753989151e-11, 2.77090954348e-11, 2.34006685557e-11], "max": [0.128141179681, 0.184669077396, 0.0388823449612, 0.0227341596037, 0.00471252202988, 0.003529896494, 0.00461954809725, 0.00236981315538, 0.00107533065602, 0.00104151619598, 0.001097796252, 0.000510118203238, 0.000409697735449, 0.000976129958872, 0.000422282231739, 0.000353722891305, 0.000317783938954, 0.000269621028565, 0.000302052387269, 0.000232726029935, 0.000609695387539, 0.000676219875459, 0.000199954170967, 0.000206355121918, 0.000339079619152, 0.000710193999112, 0.00028295814991, 0.000120296579553, 9.59382596193e-05, 0.000391288544051, 0.000265201932052, 0.000120542630611, 5.84348599659e-05, 6.60281730234e-05, 4.63460128231e-05, 6.59096476738e-05, 7.30126266717e-05, 3.71053720301e-05, 4.88028890686e-05, 3.43981046171e-05], "mean": [0.00824854150414, 0.00826806947589, 0.00184603070375, 0.000480082118884, 0.000154427441885, 9.52060217969e-05, 8.91688032425e-05, 6.79421500536e-05, 3.84729610232e-05, 2.61286586465e-05, 2.55255072261e-05, 1.63433014677e-05, 1.79336075234e-05, 2.17165343201e-05, 1.52135680764e-05, 1.23725212688e-05, 1.06174084067e-05, 8.47638420964e-06, 8.81946198206e-06, 1.12775260277e-05, 1.65622077475e-05, 1.30879243443e-05, 8.32919431559e-06, 9.69424399955e-06, 1.60024137585e-05, 1.61810803547e-05, 8.69656196301e-06, 8.71338306752e-06, 7.17900002201e-06, 8.46885995998e-06, 6.70387316859e-06, 5.82254278925e-06, 6.72533542456e-06, 5.73761917622e-06, 4.33479863204e-06, 5.66393873669e-06, 5.3076041695e-06, 3.78946879209e-06, 3.27756220031e-06, 2.95897052638e-06], "median": [0.0044410135597, 0.00405303295702, 0.000761152419727, 0.000104026941699, 2.25184721785e-05, 1.97565750568e-05, 1.46164029502e-05, 1.34838737722e-05, 1.0175159332e-05, 6.93863921697e-06, 6.1514342633e-06, 3.71388682652e-06, 4.02946488975e-06, 4.91187120133e-06, 4.16760076405e-06, 2.26573092732e-06, 3.06209267364e-06, 2.45842352342e-06, 3.26525082528e-06, 3.82858161174e-06, 4.65362199975e-06, 3.95050619773e-06, 2.71161889032e-06, 2.95204176837e-06, 2.55646477854e-06, 2.84434781861e-06, 2.493879947e-06, 3.18035836244e-06, 2.66904976343e-06, 2.73128580375e-06, 2.73069213108e-06, 2.83961003333e-06, 3.62791934094e-06, 2.86039539787e-06, 2.24637597057e-06, 3.10753125632e-06, 2.90783577839e-06, 1.83293320788e-06, 1.51292579176e-06, 1.42671194681e-06], "min": [7.72493066957e-24, 7.56213896658e-24, 1.08076989018e-23, 6.4046232444e-24, 1.54793505375e-23, 9.13791386831e-24, 2.55503290845e-24, 1.36189593543e-23, 7.15398233422e-24, 5.04357352006e-24, 8.29988405173e-24, 5.06281896513e-24, 6.92927214993e-24, 5.61454197136e-24, 8.2716554531e-24, 6.4149241901e-24, 8.09789069492e-24, 1.00268173247e-23, 8.34531455126e-24, 7.58251445491e-24, 5.71024657638e-24, 7.38902501866e-24, 5.67740826905e-24, 6.10511839667e-24, 5.59159045775e-24, 6.68736400904e-24, 9.63361828394e-24, 1.33738586934e-23, 9.02024895341e-24, 7.65701053449e-24, 1.31362656216e-23, 1.28487305548e-23, 1.39451785822e-23, 1.41949429888e-23, 8.33017236619e-24, 7.63032968095e-24, 1.02851235172e-23, 8.08857030333e-24, 1.05128913264e-23, 1.5423115799e-23], "var": [0.000143322133226, 0.000223166571232, 9.97990537144e-06, 2.28329236052e-06, 1.38926338877e-07, 4.85577622555e-08, 6.65381776344e-08, 2.73391460581e-08, 7.00915769869e-09, 3.53643958562e-09, 2.83418954972e-09, 1.01621255855e-09, 1.28767740915e-09, 3.63092622635e-09, 1.22976318018e-09, 8.97804774969e-10, 3.86216975068e-10, 2.50696685633e-10, 2.54434501246e-10, 4.36154390382e-10, 1.56916457605e-09, 9.52059875381e-10, 2.46652004376e-10, 3.01395686186e-10, 8.78361550161e-10, 1.74044523238e-09, 3.60120128162e-10, 1.78348141811e-10, 1.10030713707e-10, 4.17804513209e-10, 1.69924685434e-10, 5.67202361468e-11, 6.9418831794e-11, 4.85266792027e-11, 2.82019754771e-11, 4.52600734668e-11, 4.07745850972e-11, 2.2310476383e-11, 1.78726287242e-11, 1.417177313e-11]}, "mfcc": {"mean": [-677.272399902, 66.6861190796, 38.8727455139, 37.1917648315, 20.9857158661, 19.496515274, 11.368065834, 16.1632709503, 9.97392177582, 8.75272369385, 5.50975608826, 7.24902009964, 5.22176551819], "cov": [[11784.4052734, 266.659545898, -157.22706604, 299.730285645, -61.482749939, -176.23727417, 64.4054031372, -132.154693604, -282.750305176, -132.328079224, -215.090118408, -314.882843018, -224.938842773], [266.659545898, 1637.11791992, 328.114471436, 11.2475299835, 145.15737915, 69.8728103638, -22.1398296356, 41.3170280457, 27.2877502441, -53.5949287415, -35.5244522095, -26.063999176, -8.4443063736], [-157.22706604, 328.114471436, 1053.02075195, 241.434677124, 201.47996521, 81.1517944336, 113.125915527, 50.3674430847, 24.4725131989, 66.039680481, 25.4961700439, -42.0389480591, -40.758102417], [299.730285645, 11.2475299835, 241.434677124, 413.401763916, 230.630661011, 146.080093384, 112.869064331, 60.224571228, 12.8983983994, 7.26175737381, 10.4826688766, -34.9864349365, -13.5919008255], [-61.482749939, 145.15737915, 201.47996521, 230.630661011, 364.501190186, 193.355895996, 114.30809021, 80.2816314697, 40.4552536011, -0.781084120274, -11.2737789154, -16.7708797455, -3.69924402237], [-176.23727417, 69.8728103638, 81.1517944336, 146.080093384, 193.355895996, 278.014587402, 145.389266968, 90.1281585693, 60.3984718323, -0.947517454624, -4.88023424149, 0.79929536581, 4.50296545029], [64.4054031372, -22.1398296356, 113.125915527, 112.869064331, 114.30809021, 145.389266968, 183.916885376, 86.4417724609, 14.0523338318, 19.2033309937, 15.5504341125, -24.6266021729, -16.5242710114], [-132.154693604, 41.3170280457, 50.3674430847, 60.224571228, 80.2816314697, 90.1281585693, 86.4417724609, 129.937774658, 72.0001296997, 18.6161937714, 7.70644283295, 0.176167622209, 6.18072605133], [-282.750305176, 27.2877502441, 24.4725131989, 12.8983983994, 40.4552536011, 60.3984718323, 14.0523338318, 72.0001296997, 129.799606323, 32.2973098755, 6.60915613174, 26.1579208374, 20.593755722], [-132.328079224, -53.5949287415, 66.039680481, 7.26175737381, -0.781084120274, -0.947517454624, 19.2033309937, 18.6161937714, 32.2973098755, 108.787017822, 65.4278411865, 5.93001270294, 0.375807732344], [-215.090118408, -35.5244522095, 25.4961700439, 10.4826688766, -11.2737789154, -4.88023424149, 15.5504341125, 7.70644283295, 6.60915613174, 65.4278411865, 106.299621582, 32.6577720642, 12.9105463028], [-314.882843018, -26.063999176, -42.0389480591, -34.9864349365, -16.7708797455, 0.79929536581, -24.6266021729, 0.176167622209, 26.1579208374, 5.93001270294, 32.6577720642, 85.48828125, 47.1614608765], [-224.938842773, -8.4443063736, -40.758102417, -13.5919008255, -3.69924402237, 4.50296545029, -16.5242710114, 6.18072605133, 20.593755722, 0.375807732344, 12.9105463028, 47.1614608765, 82.1133499146]], "icov": [[0.000105786093627, -3.97212461394e-05, 6.09646303928e-05, -0.000152107968461, 6.01593274041e-05, 0.000133679728606, -0.000155456727953, 8.20679415483e-05, 8.97699646885e-05, -5.95474084548e-05, 0.00020211438823, 0.000150648775161, 0.000108159569209], [-3.97212461394e-05, 0.000767536985222, -0.000327808957081, 0.000397570198402, -0.000321537343552, -0.000383727921871, 0.000818402972072, -0.000498011126183, 1.88550893654e-05, 0.000691886001732, -0.000473160092952, 0.000456118461443, -0.000113518559374], [6.09646303928e-05, -0.000327808957081, 0.00137854705099, -0.000701580254827, -0.000322386738844, 0.000690758170094, -0.000972460606135, 0.000543424102943, -0.000227606724366, -0.0010038864566, 0.000469723541755, -0.000141313503264, 0.000481408351334], [-0.000152107968461, 0.000397570198402, -0.000701580254827, 0.00464543141425, -0.00222630333155, -0.000886446214281, 0.000124763231725, -0.000337921315804, 0.000107054474938, 0.00115730951075, -0.00189726345707, 0.0017068766756, -0.000670415640343], [6.01593274041e-05, -0.000321537343552, -0.000322386738844, -0.00222630333155, 0.00600238656625, -0.00267131952569, 0.000194067732082, -0.000909296155442, 0.000428309489507, -0.000412316207075, 0.00115879939403, -0.000208749712328, -4.02347031923e-05], [0.000133679728606, -0.000383727921871, 0.000690758170094, -0.000886446214281, -0.00267131952569, 0.00986059289426, -0.00707008782774, 0.00165532331448, -0.00353924441151, 0.00101688865107, 0.00129158131313, -0.00180083175655, 2.86316990241e-05], [-0.000155456727953, 0.000818402972072, -0.000972460606135, 0.000124763231725, 0.000194067732082, -0.00707008782774, 0.0161573849618, -0.00903727300465, 0.00579035142437, -0.000855491962284, -0.00264685484581, 0.00285562872887, 0.00085218809545], [8.20679415483e-05, -0.000498011126183, 0.000543424102943, -0.000337921315804, -0.000909296155442, 0.00165532331448, -0.00903727300465, 0.0187955237925, -0.0100547559559, 0.00114673608914, -0.000483467214508, 0.00122621236369, -0.00108953006566], [8.97699646885e-05, 1.88550893654e-05, -0.000227606724366, 0.000107054474938, 0.000428309489507, -0.00353924441151, 0.00579035142437, -0.0100547559559, 0.0165676046163, -0.00621116068214, 0.00404414953664, -0.00401701265946, -0.000167332575074], [-5.95474084548e-05, 0.000691886001732, -0.0010038864566, 0.00115730951075, -0.000412316207075, 0.00101688865107, -0.000855491962284, 0.00114673608914, -0.00621116068214, 0.0191379748285, -0.0126731954515, 0.00518182851374, -0.000244937284151], [0.00020211438823, -0.000473160092952, 0.000469723541755, -0.00189726345707, 0.00115879939403, 0.00129158131313, -0.00264685484581, -0.000483467214508, 0.00404414953664, -0.0126731954515, 0.0206177718937, -0.00931007694453, 0.00105848396197], [0.000150648775161, 0.000456118461443, -0.000141313503264, 0.0017068766756, -0.000208749712328, -0.00180083175655, 0.00285562872887, 0.00122621236369, -0.00401701265946, 0.00518182851374, -0.00931007694453, 0.0237230956554, -0.0099340248853], [0.000108159569209, -0.000113518559374, 0.000481408351334, -0.000670415640343, -4.02347031923e-05, 2.86316990241e-05, 0.00085218809545, -0.00108953006566, -0.000167332575074, -0.000244937284151, 0.00105848396197, -0.0099340248853, 0.0184232331812]]}, "spectral_contrast_coeffs": {"dmean": [0.0667347088456, 0.0498856343329, 0.0393024459481, 0.0301936529577, 0.0267558004707, 0.0213573426008], "dmean2": [0.105003580451, 0.0820124596357, 0.0655222833157, 0.0491756387055, 0.0422190465033, 0.0343255065382], "dvar": [0.00290756020695, 0.00170955073554, 0.00100541918073, 0.000611833296716, 0.000517071748618, 0.000348472589394], "dvar2": [0.00684509892017, 0.00435805367306, 0.00276953866705, 0.00159158557653, 0.00123531208374, 0.000850074226037], "max": [-0.360695153475, -0.49212539196, -0.585675776005, -0.638733386993, -0.618949890137, -0.647785782814], "mean": [-0.658759057522, -0.790909647942, -0.827792346478, -0.825578093529, -0.812324821949, -0.790713965893], "median": [-0.652046144009, -0.797907352448, -0.832810044289, -0.826684117317, -0.815229535103, -0.790339708328], "min": [-0.96246278286, -0.97787207365, -0.976180315018, -0.963355958462, -0.960357010365, -0.958883285522], "var": [0.00940923579037, 0.00409489776939, 0.00236384035088, 0.00138855178375, 0.00167652359232, 0.00126626901329]}, "spectral_contrast_valleys": {"dmean": [0.607832312584, 0.64493817091, 0.642800748348, 0.633999943733, 0.602580785751, 0.567211389542], "dmean2": [0.922330915928, 0.969745099545, 0.948905825615, 0.904028713703, 0.794994175434, 0.732950329781], "dvar": [0.34136518836, 0.416074544191, 0.413046121597, 0.397327929735, 0.356056541204, 0.345521569252], "dvar2": [0.655250787735, 0.888669729233, 0.866707026958, 0.826898872852, 0.725365817547, 0.682253777981], "max": [-4.71044492722, -4.56442260