{"lowlevel": {"average_loudness": 0.889608681202, "barkbands_crest": {"dmean": 1.86616027355, "dmean2": 2.79012131691, "dvar": 2.66733980179, "dvar2": 5.88642168045, "max": 23.5659389496, "mean": 10.3421602249, "median": 9.88122367859, "min": 3.8909008503, "var": 10.5122442245}, "barkbands_flatness_db": {"dmean": 0.014666037634, "dmean2": 0.0204205606133, "dvar": 0.000208021054277, "dvar2": 0.000397112511564, "max": 0.272868961096, "mean": 0.159361049533, "median": 0.159944951534, "min": 0.0386156216264, "var": 0.00135812233202}, "barkbands_kurtosis": {"dmean": 1.72620511055, "dmean2": 2.67165994644, "dvar": 2.90986084938, "dvar2": 6.95261144638, "max": 26.6472320557, "mean": 3.97857737541, "median": 3.10785007477, "min": -1.53126513958, "var": 13.3352546692}, "barkbands_skewness": {"dmean": 0.325729072094, "dmean2": 0.491159588099, "dvar": 0.0826408341527, "dvar2": 0.177625089884, "max": 4.78910255432, "mean": 1.68959641457, "median": 1.70457398891, "min": -2.04900074005, "var": 0.81490278244}, "barkbands_spread": {"dmean": 2.61710572243, "dmean2": 3.91261458397, "dvar": 7.97846364975, "dvar2": 20.4269924164, "max": 60.5086593628, "mean": 14.0076971054, "median": 13.2399196625, "min": 3.41367888451, "var": 32.2153129578}, "dissonance": {"dmean": 0.0175981484354, "dmean2": 0.0293446499854, "dvar": 0.000223695024033, "dvar2": 0.000623418891337, "max": 0.499728709459, "mean": 0.454535841942, "median": 0.456725656986, "min": 0.358411878347, "var": 0.000505651289131}, "dynamic_complexity": 3.57696390152, "erbbands_crest": {"dmean": 1.98477530479, "dmean2": 3.07597017288, "dvar": 3.28864645958, "dvar2": 7.03537511826, "max": 22.5799369812, "mean": 8.34175014496, "median": 7.81837272644, "min": 2.86405086517, "var": 10.1050424576}, "erbbands_flatness_db": {"dmean": 0.0145415617153, "dmean2": 0.020002618432, "dvar": 0.00023576595413, "dvar2": 0.000419185525971, "max": 0.283914268017, "mean": 0.18597355485, "median": 0.189793780446, "min": 0.0704903751612, "var": 0.00125473015942}, "erbbands_kurtosis": {"dmean": 0.537980079651, "dmean2": 0.834944903851, "dvar": 0.3343501091, "dvar2": 0.823630332947, "max": 7.84599018097, "mean": -0.299795925617, "median": -0.535262584686, "min": -1.65297138691, "var": 1.00086128712}, "erbbands_skewness": {"dmean": 0.260554641485, "dmean2": 0.388827055693, "dvar": 0.0428625904024, "dvar2": 0.0972743630409, "max": 2.37585043907, "mean": 0.516693294048, "median": 0.511424958706, "min": -1.3811467886, "var": 0.282997220755}, "erbbands_spread": {"dmean": 4.82677841187, "dmean2": 7.35438966751, "dvar": 21.6537761688, "dvar2": 52.1000823975, "max": 83.0922775269, "mean": 33.6606407166, "median": 33.645904541, "min": 12.4325428009, "var": 74.1876602173}, "hfc": {"dmean": 3.15070104599, "dmean2": 4.81096839905, "dvar": 16.0799045563, "dvar2": 37.4385604858, "max": 75.5719833374, "mean": 14.6737556458, "median": 12.8610582352, "min": 1.11348330738e-16, "var": 104.47038269}, "melbands_crest": {"dmean": 2.24707221985, "dmean2": 3.42570734024, "dvar": 4.31882858276, "dvar2": 9.5450963974, "max": 27.2824001312, "mean": 12.7688159943, "median": 12.302072525, "min": 1.71997153759, "var": 19.6072826385}, "melbands_flatness_db": {"dmean": 0.014304750599, "dmean2": 0.0203562192619, "dvar": 0.000181063369382, "dvar2": 0.00037440660526, "max": 0.356020599604, "mean": 0.2168097049, "median": 0.219692721963, "min": 0.0030374310445, "var": 0.00272170314565}, "melbands_kurtosis": {"dmean": 2.97344088554, "dmean2": 4.5127954483, "dvar": 11.1777458191, "dvar2": 26.7178726196, "max": 55.3832626343, "mean": 9.13952445984, "median": 7.79133272171, "min": -1.36893713474, "var": 42.3257102966}, "melbands_skewness": {"dmean": 0.388674736023, "dmean2": 0.584040462971, "dvar": 0.146460771561, "dvar2": 0.329005211592, "max": 6.50011110306, "mean": 2.40367913246, "median": 2.36379432678, "min": -0.934127986431, "var": 0.731706321239}, "melbands_spread": {"dmean": 3.31672048569, "dmean2": 5.02218103409, "dvar": 21.6608200073, "dvar2": 43.1634559631, "max": 148.757461548, "mean": 18.3245201111, "median": 13.6706962585, "min": 3.78223490715, "var": 456.753356934}, "pitch_salience": {"dmean": 0.0571111813188, "dmean2": 0.0891531854868, "dvar": 0.00281734787859, "dvar2": 0.00656972965226, "max": 0.964283585548, "mean": 0.594645142555, "median": 0.59458810091, "min": 0.284032315016, "var": 0.00988869927824}, "silence_rate_20dB": {"dmean": 0, "dmean2": 0, "dvar": 0, "dvar2": 0, "max": 1, "mean": 1, "median": 1, "min": 1, "var": 0}, "silence_rate_30dB": {"dmean": 0.00132538110483, "dmean2": 0.0026525198482, "dvar": 0.00132362789009, "dvar2": 0.00397175643593, "max": 1, "mean": 0.999337732792, "median": 1, "min": 0, "var": 0.000661810685415}, "silence_rate_60dB": {"dmean": 0.00132538110483, "dmean2": 0.0026525198482, "dvar": 0.001323599834, "dvar2": 0.00264548696578, "max": 1, "mean": 0.076821193099, "median": 0, "min": 0, "var": 0.0709194913507}, "spectral_centroid": {"dmean": 143.45262146, "dmean2": 215.919692993, "dvar": 51253.90625, "dvar2": 76280.1171875, "max": 11731.0009766, "mean": 1213.02502441, "median": 869.92388916, "min": 360.955932617, "var": 3113113}, "spectral_complexity": {"dmean": 2.38568592072, "dmean2": 3.8899204731, "dvar": 5.54241847992, "dvar2": 13.4520616531, "max": 39, "mean": 17.4894046783, "median": 18, "min": 0, "var": 50.4022750854}, "spectral_decrease": {"dmean": 1.48427969915e-09, "dmean2": 2.30503682808e-09, "dvar": 4.76331128558e-18, "dvar2": 1.14377001266e-17, "max": 2.11058927398e-22, "mean": -6.24812557248e-09, "median": -5.30256860642e-09, "min": -2.54645708964e-08, "var": 1.87254880595e-17}, "spectral_energy": {"dmean": 0.00583941116929, "dmean2": 0.00906770396978, "dvar": 7.29383828002e-05, "dvar2": 0.000174660191988, "max": 0.102110378444, "mean": 0.0249128043652, "median": 0.0210957024246, "min": 1.01891752425e-20, "var": 0.00029463658575}, "spectral_energyband_high": {"dmean": 7.72074199631e-05, "dmean2": 0.000120077827887, "dvar": 1.37646845033e-08, "dvar2": 3.3782093567e-08, "max": 0.000965061888564, "mean": 0.000148045583046, "median": 9.86160957837e-05, "min": 7.04859583105e-21, "var": 2.27092691318e-08}, "spectral_energyband_low": {"dmean": 0.00179675174877, "dmean2": 0.00307447905652, "dvar": 2.08752881008e-05, "dvar2": 5.54314392502e-05, "max": 0.0688757225871, "mean": 0.00279730395414, "median": 0.001545745763, "min": 1.62087486854e-23, "var": 1.96978653548e-05}, "spectral_energyband_middle_high": {"dmean": 0.00113932741806, "dmean2": 0.00179713137913, "dvar": 2.52838663073e-06, "dvar2": 6.14934151599e-06, "max": 0.0348975248635, "mean": 0.0040949289687, "median": 0.0034466907382, "min": 1.33309263585e-21, "var": 1.17027184388e-05}, "spectral_energyband_middle_low": {"dmean": 0.00443878909573, "dmean2": 0.00662337802351, "dvar": 3.22629966831e-05, "dvar2": 7.1175978519e-05, "max": 0.0858923345804, "mean": 0.0185987278819, "median": 0.015626007691, "min": 1.85270622645e-22, "var": 0.000182139061508}, "spectral_entropy": {"dmean": 0.121115863323, "dmean2": 0.172135740519, "dvar": 0.0179789271206, "dvar2": 0.0353418216109, "max": 9.81819725037, "mean": 7.22916221619, "median": 7.13856077194, "min": 6.29091882706, "var": 0.286967992783}, "spectral_flux": {"dmean": 0.0182361826301, "dmean2": 0.0284452699125, "dvar": 0.000575708283577, "dvar2": 0.00126083544455, "max": 0.264772623777, "mean": 0.0589180439711, "median": 0.053201880306, "min": 6.47069203774e-11, "var": 0.0012148830574}, "spectral_kurtosis": {"dmean": 2.78210520744, "dmean2": 4.89255809784, "dvar": 7.34655809402, "dvar2": 21.9774723053, "max": 27.8686237335, "mean": 7.37851715088, "median": 7.08246469498, "min": -1.26013028622, "var": 15.4390220642}, "spectral_rms": {"dmean": 0.000529060838744, "dmean2": 0.000802765367553, "dvar": 4.42752593699e-07, "dvar2": 1.03887566638e-06, "max": 0.00998097565025, "mean": 0.00455630617216, "median": 0.0045366473496, "min": 3.15288095111e-12, "var": 3.54523967872e-06}, "spectral_rolloff": {"dmean": 255.786422729, "dmean2": 410.301544189, "dvar": 309663.90625, "dvar2": 433694.25, "max": 20025.8789062, "mean": 1519.52966309, "median": 796.728515625, "min": 279.931640625, "var": 10174547}, "spectral_skewness": {"dmean": 0.294189363718, "dmean2": 0.494546771049, "dvar": 0.0707854926586, "dvar2": 0.203418880701, "max": 3.79139399529, "mean": 1.82615554333, "median": 1.85054266453, "min": -0.0910457968712, "var": 0.299217075109}, "spectral_spread": {"dmean": 352596.6875, "dmean2": 531851.1875, "dvar": 916390150144, "dvar2": 1988772626430.0, "max": 43099172, "mean": 4334754, "median": 2981071.25, "min": 1619492.5, "var": 42276633968600.0}, "spectral_strongpeak": {"dmean": 0.312037467957, "dmean2": 0.511850297451, "dvar": 0.15661047399, "dvar2": 0.342871904373, "max": 4.23990058899, "mean": 0.993860900402, "median": 0.902791380882, "min": 0, "var": 0.507851600647}, "zerocrossingrate": {"dmean": 0.00592570891604, "dmean2": 0.00790057238191, "dvar": 0.000260330620222, "dvar2": 0.000495938642416, "max": 0.521484375, "mean": 0.0568052195013, "median": 0.041015625, "min": 0.01025390625, "var": 0.0068377177231}, "barkbands": {"dmean": [6.0625570768e-06, 0.000670050445478, 0.000875239958987, 0.000788309436757, 0.00244999444112, 0.00122159614693, 0.00122501887381, 0.00100371195003, 0.000423307297751, 0.000472798856208, 0.000430746586062, 0.000197210523766, 0.000203598901862, 0.000133337438456, 0.000220166344661, 0.000249756296398, 0.000291002448648, 0.000133518013172, 7.77291934355e-05, 4.26529841207e-05, 3.14645149047e-05, 1.25844799186e-05, 3.18278171108e-06, 4.37654989582e-06, 5.48379284737e-06, 2.079938713e-05, 9.86206941889e-07], "dmean2": [8.64810044732e-06, 0.0011567886686, 0.00149501347914, 0.00140272115823, 0.00394429871812, 0.00169061601628, 0.00153186242096, 0.00127207662445, 0.000654177798424, 0.000702204008121, 0.000681669218466, 0.000329220987624, 0.000333768781275, 0.000226663702051, 0.000361320504453, 0.000402082543587, 0.000482596660731, 0.000221594236791, 0.000128961008159, 7.20152092981e-05, 5.18196866324e-05, 2.14666888496e-05, 5.15761075803e-06, 6.71842281008e-06, 7.51843572289e-06, 3.1694304198e-05, 1.34672893637e-06], "dvar": [1.69563391106e-10, 3.32577951667e-06, 6.05001787335e-06, 1.75326692897e-06, 1.3578402104e-05, 2.25980397772e-06, 6.21776234766e-06, 2.85399369204e-06, 5.34298635557e-07, 4.24168632662e-07, 5.13731890806e-07, 1.28292555246e-07, 1.11564268934e-07, 4.27825064264e-08, 8.94655869388e-08, 2.83336845541e-07, 1.87627691162e-07, 4.0799964296e-08, 1.47058853983e-08, 4.87704943097e-09, 3.42318307034e-09, 7.2929556838e-10, 2.54809784384e-11, 4.90458750002e-11, 3.59643648196e-10, 3.07769743024e-09, 6.41835499679e-12], "dvar2": [3.23995663631e-10, 9.05513934413e-06, 1.60098716151e-05, 4.44447732662e-06, 3.32070958393e-05, 4.54132123195e-06, 9.45737610891e-06, 4.38257666246e-06, 1.17610079542e-06, 9.43779866702e-07, 1.12246777917e-06, 3.44253692219e-07, 2.95318415056e-07, 1.13129146939e-07, 2.29259072171e-07, 6.53902930026e-07, 5.0422164577e-07, 1.10813296317e-07, 3.97534591912e-08, 1.28706671987e-08, 9.17119180599e-09, 2.01757588414e-09, 6.49534939723e-11, 9.31984628361e-11, 6.224920579e-10, 6.79794531777e-09, 1.16908843717e-11], "max": [0.000170083527337, 0.023625139147, 0.0395914316177, 0.0110911456868, 0.045966565609, 0.0296358317137, 0.0607573017478, 0.0271377731115, 0.0101671172306, 0.0128379100934, 0.00902952626348, 0.00459226919338, 0.0046631610021, 0.00267598149367, 0.00282618729398, 0.007378696464, 0.00568006047979, 0.00334352138452, 0.00194392993581, 0.000751183542889, 0.000538402411621, 0.000251654360909, 7.94710140326e-05, 8.18605476525e-05, 0.000328463996993, 0.000369011540897, 4.96936154377e-05], "mean": [7.04242984284e-06, 0.000913147523534, 0.00134822551627, 0.000951977446675, 0.00707948906347, 0.00421807356179, 0.00301600038074, 0.00214310921729, 0.000790967082139, 0.000810178054962, 0.000833834346849, 0.000288131996058, 0.00032947951695, 0.000225926254643, 0.000387521402445, 0.000451122643426, 0.00054148840718, 0.000239504413912, 0.000142778240843, 7.6859309047e-05, 4.97896689922e-05, 1.93663054233e-05, 7.54638404032e-06, 1.04632281364e-05, 1.01435371107e-05, 1.9465236619e-05, 1.19852541047e-06], "median": [3.24625432313e-07, 0.00030619816971, 0.000546200899407, 0.000471762847155, 0.0054619545117, 0.00272074947134, 0.0010053801816, 0.00095269252779, 0.000404255988542, 0.000521223642863, 0.000343919411534, 0.00015740172239, 0.000176258108695, 0.000129040883621, 0.00026485012495, 0.000185405777302, 0.000375166651793, 0.000143919984112, 9.3621762062e-05, 5.25569266756e-05, 2.93426855933e-05, 1.09128905024e-05, 4.67001200377e-06, 5.38161202712e-06, 2.28028875426e-06, 1.01105524664e-06, 5.21139611465e-08], "min": [2.18719993664e-25, 5.39051217959e-24, 1.58961862175e-24, 2.83371912525e-24, 1.77687132369e-23, 1.0934005788e-23, 1.67171995155e-23, 1.30083762805e-23, 9.89614961547e-24, 1.90671798646e-23, 1.93743954332e-23, 2.27195033038e-23, 4.65418814848e-23, 4.18811871271e-23, 4.38008012539e-23, 7.06430683533e-23, 8.37753683711e-23, 1.0821239226e-22, 1.02507432235e-22, 1.24880594047e-22, 2.87646706383e-22, 3.01024878568e-22, 3.99829416646e-22, 6.28629851046e-22, 7.91551918028e-22, 1.32973191169e-21, 1.99987977724e-21], "var": [2.48190634711e-10, 3.10257973979e-06, 6.81845540385e-06, 1.74955960119e-06, 3.98474658141e-05, 1.88914873434e-05, 3.74550363631e-05, 1.03630682133e-05, 1.2187952052e-06, 9.28661506805e-07, 1.59107878517e-06, 1.59870864991e-07, 1.95880474507e-07, 8.41755891656e-08, 1.64083061804e-07, 6.64528727157e-07, 3.41764092582e-07, 8.17218577254e-08, 2.84272072548e-08, 6.95150692565e-09, 4.22213597417e-09, 7.2299477516e-10, 8.00846472471e-11, 1.4907451662e-10, 9.2911628391e-10, 3.19730752985e-09, 1.37344250556e-11]}, "erbbands": {"dmean": [0.010953056626, 0.187267959118, 0.900414645672, 1.92184197903, 3.72474360466, 11.0162439346, 11.3787727356, 10.6179990768, 18.6115436554, 17.6306667328, 18.729434967, 11.1878986359, 12.8715515137, 12.4132938385, 16.5439624786, 9.26113128662, 9.62673187256, 7.33925867081, 8.84348487854, 10.2315483093, 16.4667110443, 11.1767053604, 9.41882896423, 3.56962108612, 4.3208861351, 1.99502921104, 1.24192762375, 1.24069654942, 0.483677476645, 0.19060972333, 0.0910651385784, 0.139592677355, 0.0497083365917, 0.0414970517159, 0.056943885982, 0.119338005781, 0.032915532589, 0.0019757214468, 0.00016698311083, 2.38408683799e-05], "dmean2": [0.0191703774035, 0.323772996664, 1.5255792141, 3.39340925217, 6.17868518829, 17.693857193, 16.1222362518, 15.5974683762, 23.4022197723, 22.9060459137, 23.9491233826, 16.9665031433, 19.1741027832, 18.8058605194, 26.1785812378, 15.0981760025, 15.7855892181, 12.4482736588, 14.5471963882, 16.9064655304, 26.2144374847, 18.4660167694, 15.5788764954, 5.72735595703, 7.39862346649, 3.34916472435, 1.94720673561, 2.172727108, 0.827936053276, 0.305425256491, 0.147811174393, 0.231677681208, 0.0734933391213, 0.0574778430164, 0.0805313810706, 0.183796316385, 0.0499131530523, 0.00293217482977, 0.000229870405747, 3.3299846109e-05], "dvar": [0.000754446838982, 0.272951215506, 6.85699987411, 12.9711151123, 36.8653564453, 299.327484131, 304.157897949, 226.947540283, 1458.1887207, 1177.94726562, 1026.20446777, 390.595581055, 302.917419434, 434.735015869, 840.50793457, 224.8125, 271.939331055, 125.120559692, 207.616897583, 235.311218262, 1195.84484863, 269.501525879, 163.171188354, 25.4913387299, 52.1903114319, 9.13945770264, 3.55726575851, 9.58584785461, 1.15551769733, 0.100059092045, 0.0197199266404, 0.0479059554636, 0.00611482560635, 0.0153560433537, 0.0387958362699, 0.100719183683, 0.00765186641365, 2.39378714468e-05, 1.74251454155e-07, 2.33177166464e-09], "dvar2": [0.00208884128369, 0.738773345947, 17.8825569153, 34.810874939, 94.4753112793, 690.516052246, 605.938964844, 524.789794922, 2290.93774414, 1885.41845703, 1622.11682129, 845.645874023, 659.842346191, 968.357849121, 1852.44689941, 589.440979004, 725.48260498, 329.199523926, 515.221679688, 615.030273438, 2754.10571289, 731.915893555, 448.963653564, 59.2398147583, 153.401535034, 23.8024940491, 8.47911167145, 27.0163650513, 3.22548747063, 0.238281145692, 0.04933931306, 0.108319856226, 0.0134741170332, 0.025238411501, 0.0723374113441, 0.230108201504, 0.0162562783808, 5.04949857714e-05, 3.2069638678e-07, 4.46053993741e-09], "max": [0.335830569267, 6.97678661346, 40.4487037659, 43.4345741272, 62.2857093811, 229.981781006, 303.652984619, 291.72668457, 961.413146973, 660.525695801, 567.25970459, 280.940246582, 266.254577637, 468.145385742, 462.537811279, 183.482315063, 240.453552246, 139.226043701, 161.100952148, 183.308670044, 501.917114258, 196.373153687, 173.821350098, 91.288520813, 122.227386475, 30.7150497437, 28.7369499207, 30.3700695038, 9.84017276764, 3.72793388367, 2.68077993393, 2.29122519493, 1.23113059998, 2.3842022419, 3.17556381226, 2.13863492012, 0.56606400013, 0.0314376503229, 0.00769372703508, 0.000885214423761], "mean": [0.0126337148249, 0.265462040901, 1.40122771263, 2.69966697693, 7.41899108887, 30.0407276154, 37.6583442688, 32.85546875, 48.7863197327, 39.0532569885, 41.1607551575, 22.6996841431, 23.677028656, 22.0468444824, 34.0677185059, 15.2893276215, 16.2362289429, 13.1077327728, 16.1868972778, 20.0465507507, 30.7845516205, 23.4548034668, 18.3264694214, 7.8058257103, 7.07149076462, 3.90377020836, 2.51895189285, 1.47937750816, 0.717862904072, 0.401966542006, 0.220815628767, 0.301534742117, 0.101336620748, 0.0840329304338, 0.0931210666895, 0.111976802349, 0.0312362145633, 0.0020382523071, 0.000221143651288, 4.91879545734e-05], "median": [0.00380606018007, 0.085236504674, 0.574846148491, 1.76809716225, 3.85608673096, 18.8885860443, 26.3278770447, 18.0651168823, 18.1068305969, 14.8057003021, 19.3084621429, 13.3348274231, 15.1100826263, 12.7229328156, 14.457444191, 9.27717208862, 8.71733283997, 8.21241569519, 9.74586677551, 14.0514411926, 14.9338245392, 17.485458374, 13.2715797424, 5.40123033524, 4.36342000961, 2.76112270355, 1.72141075134, 0.774560511112, 0.406207978725, 0.218718022108, 0.139723226428, 0.154820948839, 0.0554518252611, 0.0272684078664, 0.0142894880846, 0.00722745945677, 0.00139483297244, 0.000174569751834, 2.50844859693e-05, 2.94520523312e-05], "min": [1.56804545325e-22, 1.12238513652e-21, 2.20572860021e-21, 1.42841425585e-20, 2.47950587475e-20, 5.36644279139e-20, 7.23354776146e-20, 8.7237104038e-20, 1.94914021958e-19, 2.05489926755e-19, 2.51523626443e-19, 3.4311139031e-19, 6.08474523883e-19, 1.00198352153e-18, 7.21589352999e-19, 1.13913709812e-18, 2.05980690428e-18, 2.90734960158e-18, 3.0364172809e-18, 2.56483499624e-18, 5.23658308664e-18, 5.51118223459e-18, 6.00524191163e-18, 6.82408164848e-18, 6.59905626182e-18, 6.3918251845e-18, 9.37968055279e-18, 1.0071249867e-17, 1.14455409716e-17, 8.43255709705e-18, 1.28834654263e-17, 1.17352642898e-17, 1.04809474613e-17, 9.26559662988e-18, 5.67269297151e-18, 4.54627894518e-18, 2.32800243351e-18, 9.98361504418e-19, 2.56358393726e-19, 2.83249906193e-20], "var": [0.000632231822237, 0.25382322073, 7.59728908539, 11.980837822, 74.8609924316, 1021.05828857, 1532.19689941, 1463.99658203, 8923.62890625, 4590.88232422, 3292.06616211, 904.756530762, 677.079650879, 959.368896484, 2771.51831055, 335.275909424, 472.856384277, 234.157928467, 398.277404785, 450.029052734, 2751.86865234, 581.041320801, 324.993591309, 73.990234375, 78.8486251831, 16.4007568359, 7.61984157562, 7.03038406372, 1.04267907143, 0.264366537333, 0.0653701648116, 0.125603958964, 0.0158543661237, 0.0426035486162, 0.0914831310511, 0.100591108203, 0.00823285058141, 2.67850955424e-05, 3.76881274633e-07, 4.87708806673e-09]}, "gfcc": {"mean": [-64.4042663574, 122.612915039, -129.876251221, 15.4056472778, -55.0532531738, -14.8336906433, -45.4222946167, 1.14852201939, -26.3905963898, -5.84668111801, -15.7008171082, -0.680716454983, -5.52281427383], "cov": [[49175.2929688, 4319.87402344, -4883.14111328, 255.840484619, -1597.29162598, -210.767578125, -1872.26208496, 234.455078125, -1065.69787598, -28.6272964478, -734.908630371, 187.184082031, -244.556137085], [4319.87402344, 1331.27575684, -807.642578125, 251.686187744, -126.967826843, -71.8018875122, -55.5496749878, -83.9884872437, 39.7197227478, -120.464607239, 66.4962081909, -81.7393722534, 111.540496826], [-4883.14111328, -807.642578125, 949.579528809, -152.036483765, 240.203109741, 99.9694976807, 167.212646484, 31.989938736, 39.78125, 66.8851852417, -4.07094764709, 11.1780109406, -64.6039199829], [255.840484619, 251.686187744, -152.036483765, 273.972259521, -20.9350833893, 13.9364376068, 50.5871238708, -37.9014015198, 50.8006134033, -26.6989059448, 35.1346168518, -50.2960090637, 52.8649597168], [-1597.29162598, -126.967826843, 240.203109741, -20.9350833893, 263.045288086, 42.1483764648, 95.7050170898, 13.8743515015, 53.2265663147, 15.8905735016, 23.9997367859, 21.4861564636, 23.9391880035], [-210.767578125, -71.8018875122, 99.9694976807, 13.9364376068, 42.1483764648, 109.358184814, 54.4579277039, 17.0975246429, 6.4085855484, 7.5574221611, 5.42871332169, 7.05143356323, 2.26397633553], [-1872.26208496, -55.5496749878, 167.212646484, 50.5871238708, 95.7050170898, 54.4579277039, 171.567245483, 1.19142305851, 72.3154907227, 0.808739304543, 54.7939453125, -12.1848669052, 40.1324234009], [234.455078125, -83.9884872437, 31.989938736, -37.9014015198, 13.8743515015, 17.0975246429, 1.19142305851, 73.3767471313, -4.71803855896, 20.3234519958, -17.8113174438, 22.115114212, -27.6096496582], [-1065.69787598, 39.7197227478, 39.78125, 50.8006134033, 53.2265663147, 6.4085855484, 72.3154907227, -4.71803855896, 111.948608398, 16.5654449463, 52.755771637, -31.1808242798, 33.5698165894], [-28.6272964478, -120.464607239, 66.8851852417, -26.6989059448, 15.8905735016, 7.5574221611, 0.808739304543, 20.3234519958, 16.5654449463, 77.5795440674, 7.7705078125, 13.0750341415, -22.8778209686], [-734.908630371, 66.4962081909, -4.07094764709, 35.1346168518, 23.9997367859, 5.42871332169, 54.7939453125, -17.8113174438, 52.755771637, 7.7705078125, 84.8077316284, 6.51592063904, 39.1969261169], [187.184082031, -81.7393722534, 11.1780109406, -50.2960090637, 21.4861564636, 7.05143356323, -12.1848669052, 22.115114212, -31.1808242798, 13.0750341415, 6.51592063904, 74.2200775146, 9.0867395401], [-244.556137085, 111.540496826, -64.6039199829, 52.8649597168, 23.9391880035, 2.26397633553, 40.1324234009, -27.6096496582, 33.5698165894, -22.8778209686, 39.1969261169, 9.0867395401, 83.3845443726]], "icov": [[0.000188762234757, -0.000571186246816, 0.000420784839662, -8.45008107717e-05, 0.000128777028294, -0.000830198638141, 0.00101348664612, -0.000630097696558, 0.000842226843815, -0.00128242943902, 0.00106538808905, -0.000322973355651, -0.000170135041117], [-0.000571186246816, 0.004016562365, 0.000664656166919, -3.76031130145e-05, -0.00126529135741, 0.00233902805485, -0.0029391029384, 0.00212738988921, -0.00228662416339, 0.00547923985869, -0.00497283833101, 0.00323782674968, 0.000318146543577], [0.000420784839662, 0.000664656166919, 0.00484182173386, 0.000713127723429, -0.00167983351275, -0.00276794144884, -9.91558190435e-05, 0.000394067872548, 0.00181118352339, -0.0023627425544, 0.00197065505199, 0.000801037298515, 0.00198876811191], [-8.45008107717e-05, -3.76031130145e-05, 0.000713127723429, 0.00596991786733, 0.000206570446608, -0.000971107103396, -0.00208287290297, 0.00130442425143, -0.000699124473613, 0.000181519819307, -0.000516747881193, 0.003354185028, -0.00181978673209], [0.000128777028294, -0.00126529135741, -0.00167983351275, 0.000206570446608, 0.00674551865086, -0.00082595978165, -0.000842534529511, -0.000395301380195, -0.00261724204756, -0.000992791377939, 0.00316975289024, -0.00427059689537, -0.001245129155], [-0.000830198638141, 0.00233902805485, -0.00276794144884, -0.000971107103396, -0.00082595978165, 0.0159914456308, -0.00814642757177, 7.05589845893e-05, -0.00113473506644, 0.00465333508328, -0.00417486391962, 0.000828091637231, 0.000260382395936], [0.00101348664612, -0.0029391029384, -9.91558190435e-05, -0.00208287290297, -0.000842534529511, -0.00814642757177, 0.020514305681, -0.00734472135082, 0.00210381369106, -0.00455927662551, -0.000451815110864, 0.00181892479304, -0.0057783103548], [-0.000630097696558, 0.00212738988921, 0.000394067872548, 0.00130442425143, -0.000395301380195, 7.05589845893e-05, -0.00734472135082, 0.0256095938385, -0.0103900926188, 0.00349383288994, 0.0043917815201, -0.0107039194554, 0.0111543042585], [0.000842226843815, -0.00228662416339, 0.00181118352339, -0.000699124473613, -0.00261724204756, -0.00113473506644, 0.00210381369106, -0.0103900926188, 0.0294086467475, -0.0128546822816, -0.00689062429592, 0.0153786474839, -0.0100985504687], [-0.00128242943902, 0.00547923985869, -0.0023627425544, 0.000181519819307, -0.000992791377939, 0.00465333508328, -0.00455927662551, 0.00349383288994, -0.0128546822816, 0.0287391357124, -0.0103875799105, -0.002816100372, 0.00872364081442], [0.00106538808905, -0.00497283833101, 0.00197065505199, -0.000516747881193, 0.00316975289024, -0.00417486391962, -0.000451815110864, 0.0043917815201, -0.00689062429592, -0.0103875799105, 0.0328237786889, -0.0144869154319, -0.00142079382204], [-0.000322973355651, 0.00323782674968, 0.000801037298515, 0.003354185028, -0.00427059689537, 0.000828091637231, 0.00181892479304, -0.0107039194554, 0.0153786474839, -0.002816100372, -0.0144869154319, 0.0345851741731, -0.0139232119545], [-0.000170135041117, 0.000318146543577, 0.00198876811191, -0.00181978673209, -0.001245129155, 0.000260382395936, -0.0057783103548, 0.0111543042585, -0.0100985504687, 0.00872364081442, -0.00142079382204, -0.0139232119545, 0.0292316172272]]}, "melbands": {"dmean": [0.000141125216032, 0.000392616319004, 0.000358690944267, 0.000481153052533, 0.000434932648204, 0.00023288174998, 0.000275887374301, 0.000190014616237, 0.000141651064041, 6.54311079415e-05, 6.46040352876e-05, 5.14004896104e-05, 6.14669916104e-05, 2.86462436634e-05, 2.16488897422e-05, 1.62854485097e-05, 1.4955030565e-05, 1.38720442919e-05, 1.28431238409e-05, 1.58077527885e-05, 2.03718864213e-05, 1.0525349353e-05, 1.9749857529e-05, 4.34528010373e-06, 3.03221531794e-06, 3.80108099307e-06, 2.17775118472e-06, 1.19320782233e-06, 1.02478475128e-06, 6.90888384725e-07, 8.04674641586e-07, 3.10166456075e-07, 1.71351601352e-07, 8.39195237745e-08, 5.0270923424e-08, 9.3359332709e-08, 7.11224785732e-08, 4.1093056069e-08, 2.55705252528e-08, 3.93068937399e-08], "dmean2": [0.000243910428253, 0.000668055727147, 0.000624142296147, 0.000779566646088, 0.000640568498056, 0.000334679527441, 0.000342625455232, 0.000247028423473, 0.000184222837561, 0.000100214223494, 9.59846729529e-05, 7.82752831583e-05, 9.72165289568e-05, 4.70867962576e-05, 3.57908320439e-05, 2.64001937467e-05, 2.56623879977e-05, 2.29383640544e-05, 2.10919242818e-05, 2.57586634689e-05, 3.24362626998e-05, 1.73753742274e-05, 3.32665804308e-05, 7.31840691515e-06, 4.85327745992e-06, 6.45611544314e-06, 3.80771894015e-06, 1.99491682906e-06, 1.59140427058e-06, 1.15234365694e-06, 1.43404633945e-06, 5.32886360816e-07, 2.76121966181e-07, 1.34180154987e-07, 8.3309558363e-08, 1.57781457233e-07, 1.16953579266e-07, 6.48654960855e-08, 3.76448383577e-08, 5.60414363804e-08], "dvar": [1.38677549444e-07, 1.29457816911e-06, 3.70430853991e-07, 5.91008472384e-07, 3.91936509914e-07, 9.69285736119e-08, 3.20646961427e-07, 1.43260194818e-07, 5.71196849819e-08, 1.35860220851e-08, 7.65572139017e-09, 7.96290500205e-09, 1.05789919047e-08, 2.66658362058e-09, 9.37662170131e-10, 7.25550175495e-10, 5.62234925283e-10, 4.92170748601e-10, 3.01527580682e-10, 5.40393119142e-10, 1.4784362623e-09, 2.23063373328e-10, 8.12786504767e-10, 3.41586411934e-11, 1.93656601172e-11, 4.18082166109e-11, 1.63607200704e-11, 2.9073260726e-12, 2.68463268109e-12, 1.39141584539e-12, 4.90706737397e-12, 4.99113662726e-13, 6.81832249081e-14, 1.92798539313e-14, 6.91286288737e-15, 2.03760602548e-14, 1.17278767332e-14, 5.20547739977e-15, 1.86475827997e-15, 2.02329438739e-14], "dvar2": [3.82456988746e-07, 3.40469023286e-06, 9.55257405622e-07, 1.4206132164e-06, 8.8378106966e-07, 2.18781735839e-07, 4.87481543132e-07, 2.26513321877e-07, 9.20508256286e-08, 2.97690618822e-08, 1.68682454671e-08, 1.76158927445e-08, 2.29838654775e-08, 6.89804791065e-09, 2.56258814169e-09, 1.79670511802e-09, 1.48786172272e-09, 1.2340867217e-09, 7.80675579737e-10, 1.27960819718e-09, 3.45462813911e-09, 6.01108607334e-10, 2.16555640087e-09, 8.73678282498e-11, 4.49064362085e-11, 1.22255205959e-10, 4.50982307054e-11, 7.52915091384e-12, 6.16063623726e-12, 3.73043306315e-12, 1.39194784171e-11, 1.40241312487e-12, 1.65014079874e-13, 4.64915649381e-14, 1.82216404237e-14, 4.96325325131e-14, 2.49904060661e-14, 1.26437184019e-14, 4.11010582732e-15, 3.43677214779e-14], "max": [0.00474585220218, 0.0174877103418, 0.00691593484953, 0.0088187046349, 0.00873393565416, 0.00568723352626, 0.0142426835373, 0.00624584965408, 0.00430274475366, 0.00151767476927, 0.00133315252606, 0.00202758144587, 0.00122442701831, 0.000623863481451, 0.000402017205488, 0.000437160866568, 0.000315579673043, 0.000247306248639, 0.00023611895449, 0.000277788669337, 0.000567326496821, 0.000193328363821, 0.00030935605173, 8.81926753209e-05, 8.45497634145e-05, 0.00012255263573, 4.32113738498e-05, 1.98791622097e-05, 2.72208053502e-05, 1.57648628374e-05, 2.21211867029e-05, 6.4692203523e-06, 3.40959559253e-06, 1.65523579199e-06, 1.28513863729e-06, 1.73748060206e-06, 1.21258017316e-06, 8.75483181062e-07, 8.5898142288e-07, 2.81071811514e-06], "mean": [0.000182687974302, 0.0006141308113, 0.000540609995369, 0.00127754162531, 0.00143298169132, 0.000744792632759, 0.000717782881111, 0.000420816446422, 0.000309004302835, 0.000125046557514, 0.000114863309136, 8.45516187837e-05, 0.000120297852845, 4.88308578497e-05, 3.55557567673e-05, 2.79325595329e-05, 2.43690064963e-05, 2.4105731427e-05, 2.37622025452e-05, 3.05116300297e-05, 3.55732263415e-05, 2.05225642276e-05, 3.29325303028e-05, 8.04151932243e-06, 5.74129171582e-06, 5.96154677623e-06, 3.38345171258e-06, 2.29289207709e-06, 1.87028240362e-06, 1.03026877696e-06, 7.94911443336e-07, 4.16951877469e-07, 3.14779811106e-07, 1.76789441753e-07, 1.10272324605e-07, 1.91673620975e-07, 1.56233085136e-07, 7.25285573822e-08, 5.23858396662e-08, 7.53259570274e-08], "median": [6.03406442679e-05, 0.000257412204519, 0.000362815626431, 0.000773349194787, 0.00113489921205, 0.000418975250795, 0.000257138337474, 0.000169860722963, 0.000154910449055, 6.66664345772e-05, 7.15579080861e-05, 4.4837295718e-05, 5.03077390022e-05, 2.38338288909e-05, 2.18779096031e-05, 1.55825237016e-05, 1.38677742143e-05, 1.39915518957e-05, 1.62968808581e-05, 1.96517958102e-05, 1.73270109372e-05, 1.51613312482e-05, 2.23361166718e-05, 5.6744847825e-06, 3.65637470168e-06, 3.44167892763e-06, 2.26811698667e-06, 1.64404127645e-06, 1.21631069305e-06, 6.25659652087e-07, 3.35764468673e-07, 2.24224891099e-07, 1.8462776552e-07, 9.36284720865e-08, 6.1690606401e-08, 1.0682416729e-07, 8.09858704542e-08, 3.83520912806e-08, 2.41610180751e-08, 2.11409325601e-08], "min": [2.16004157574e-24, 1.38263660719e-24, 2.75016356981e-24, 3.09437967315e-24, 2.11659624467e-24, 2.04964798623e-24, 2.70343144979e-24, 2.16416258511e-24, 1.18865354123e-24, 1.58840219824e-24, 2.77863139052e-24, 3.24688285499e-24, 2.23029733074e-24, 3.61323656469e-24, 2.48457481062e-24, 5.02771820473e-24, 4.78148040076e-24, 3.64467622164e-24, 3.67961526556e-24, 3.62664720008e-24, 4.77994212199e-24, 4.49153378618e-24, 3.86719061161e-24, 5.3989869123e-24, 5.49952052935e-24, 3.05859142046e-24, 3.93753452182e-24, 2.45267150068e-24, 5.96830822203e-24, 5.3705437435e-24, 5.29549546128e-24, 5.30730155359e-24, 5.04756633953e-24, 4.64882081777e-24, 6.6012192149e-24, 6.30745333025e-24, 5.9407635658e-24, 6.17488604399e-24, 5.04770044589e-24, 6.8493873615e-24], "var": [1.24958219772e-07, 1.31358171984e-06, 3.92906173374e-07, 1.88414389868e-06, 1.55945417646e-06, 6.78210369642e-07, 2.01622265195e-06, 5.52543440335e-07, 1.80347399237e-07, 3.08009688865e-08, 1.662656679e-08, 1.69939138317e-08, 3.29851168601e-08, 5.28910426567e-09, 1.58227508873e-09, 1.41591138814e-09, 1.0067341405e-09, 9.28272070322e-10, 6.17377815537e-10, 1.30915900343e-09, 3.31791083497e-09, 4.29766222609e-10, 1.34028921295e-09, 7.24883347791e-11, 4.90366636186e-11, 6.69806016207e-11, 1.70150300099e-11, 5.53801058831e-12, 5.27122312813e-12, 1.8236783611e-12, 3.19899402107e-12, 4.18388874978e-13, 1.52968824131e-13, 5.33167565273e-14, 2.23078527222e-14, 4.68178217006e-14, 3.38571605105e-14, 9.07647810806e-15, 6.21979427191e-15, 5.07980464604e-14]}, "mfcc": {"mean": [-681.164245605, 154.134033203, -22.0656070709, 25.3770542145, -0.459220349789, -11.8404970169, -11.962770462, -4.83609962463, -6.58972167969, -7.64661359787, -12.1139574051, -1.14057743549, -4.87912273407], "cov": [[13822.3447266, 3328.5012207, -1036.22583008, 485.1043396, 90.1656341553, -145.686965942, -225.179656982, -1.5927708149, -22.4241580963, -150.405914307, -239.20539856, 90.9988479614, 9.96151733398], [3328.5012207, 1556.77978516, -338.561248779, 217.897537231, 54.6295394897, -32.1856689453, -47.3288154602, 13.5385408401, -4.64020252228, -55.9727668762, -77.2111129761, 34.4253578186, -30.6192798615], [-1036.22583008, -338.561248779, 336.89642334, -58.0591239929, -21.4103717804, 22.7432079315, 32.6951942444, -15.0882673264, -11.5592603683, 30.909324646, 45.2569389343, -37.4015808105, -23.2412967682], [485.1043396, 217.897537231, -58.0591239929, 181.394714355, 29.1032886505, 31.8810024261, 1.05580174923, -0.0486041381955, 28.9376449585, -10.5888462067, 8.18774795532, 5.75978422165, 3.05209589005], [90.1656341553, 54.6295394897, -21.4103717804, 29.1032886505, 92.2552261353, 15.6251411438, 3.0429008007, 8.89234733582, 9.2800989151, 3.21448230743, -1.82978093624, 6.52418422699, -9.85642528534], [-145.686965942, -32.1856689453, 22.7432079315, 31.8810024261, 15.6251411438, 96.1685028076, 39.9445114136, 8.26270961761, 25.45835495, 1.72218644619, 28.3933124542, -7.60999488831, 6.15664434433], [-225.179656982, -47.3288154602, 32.6951942444, 1.05580174923, 3.0429008007, 39.9445114136, 78.9222946167, 34.8671035767, 10.2769536972, 5.15997362137, 4.89163208008, -2.68755817413, -3.95528888702], [-1.5927708149, 13.5385408401, -15.0882673264, -0.0486041381955, 8.89234733582, 8.26270961761, 34.8671035767, 70.3894195557, 16.6361083984, 2.55416846275, -13.1080150604, 1.08146393299, -7.71600389481], [-22.4241580963, -4.64020252228, -11.5592603683, 28.9376449585, 9.2800989151, 25.45835495, 10.2769536972, 16.6361083984, 63.4861755371, 10.7128334045, 23.0748500824, -4.74412488937, 8.62704849243], [-150.405914307, -55.9727668762, 30.909324646, -10.5888462067, 3.21448230743, 1.72218644619, 5.15997362137, 2.55416846275, 10.7128334045, 59.8160972595, 29.4583435059, 4.42853975296, -15.7811594009], [-239.20539856, -77.2111129761, 45.2569389343, 8.18774795532, -1.82978093624, 28.3933124542, 4.89163208008, -13.1080150604, 23.0748500824, 29.4583435059, 102.978355408, -0.225629478693, 13.1318149567], [90.9988479614, 34.4253578186, -37.4015808105, 5.75978422165, 6.52418422699, -7.60999488831, -2.68755817413, 1.08146393299, -4.74412488937, 4.42853975296, -0.225629478693, 65.1460647583, 14.5947980881], [9.96151733398, -30.6192798615, -23.2412967682, 3.05209589005, -9.85642528534, 6.15664434433, -3.95528888702, -7.71600389481, 8.62704849243, -15.7811594009, 13.1318149567, 14.5947980881, 75.3517074585]], "icov": [[0.00016308821796, -0.000303677254124, 0.000166017838637, -4.53809007013e-05, 4.82933173771e-05, 4.60768035282e-07, 0.000209750258364, -1.848316424e-05, 5.18769302289e-05, -8.74527031556e-05, 0.000100730227132, 7.60490438552e-05, -0.000133058420033], [-0.000303677254124, 0.00157885206863, 0.000482294039102, -0.000965426384937, -0.000182507414138, 0.000256158935372, -0.000211886843317, -0.00011450429156, 0.000313977099722, 0.000575813290197, -9.1691777925e-05, -0.000235534855165, 0.000948174158111], [0.000166017838637, 0.000482294039102, 0.00488876504824, 0.000199036294362, 0.000438844290329, -0.000201627364731, -0.00167017790955, 0.00130774674471, 0.00146145012695, -0.000989133259282, -0.00130784197245, 0.00203252001666, 0.00125373725314], [-4.53809007013e-05, -0.000965426384937, 0.000199036294362, 0.00805327296257, -0.00131524039898, -0.00209928699769, 4.36354412159e-06, 0.00127215252724, -0.00312788598239, 0.00134801573586, -0.000567309558392, -0.000552892510314, 0.000325260363752], [4.82933173771e-05, -0.000182507414138, 0.000438844290329, -0.00131524039898, 0.0122910644859, -0.00233597215265, 0.0012634571176, -0.00128225970548, -0.00050777150318, -0.000752020743676, 0.000607621099334, -0.00144628644921, 0.00191657571122], [4.60768035282e-07, 0.000256158935372, -0.000201627364731, -0.00209928699769, -0.00233597215265, 0.0172210391611, -0.00901155173779, 0.00279542244971, -0.00392197119072, 0.00232566590421, -0.00327128218487, 0.00142786116339, -0.000542877183761], [0.000209750258364, -0.000211886843317, -0.00167017790955, 4.36354412159e-06, 0.0012634571176, -0.00901155173779, 0.0229329578578, -0.0110851535574, 0.00214888807386, -0.000857389240991, 0.000836022081785, -0.000961885089055, -4.39183313574e-05], [-1.848316424e-05, -0.00011450429156, 0.00130774674471, 0.00127215252724, -0.00128225970548, 0.00279542244971, -0.0110851535574, 0.0222207307816, -0.00667212670669, -0.000443753757281, 0.00314500136301, -0.000500237336382, 0.00182490248699], [5.18769302289e-05, 0.000313977099722, 0.00146145012695, -0.00312788598239, -0.00050777150318, -0.00392197119072, 0.00214888807386, -0.00667212670669, 0.0231911577284, -0.00415458157659, -0.00351212616079, 0.00334051158279, -0.00317843607627], [-8.74527031556e-05, 0.000575813290197, -0.000989133259282, 0.00134801573586, -0.000752020743676, 0.00232566590421, -0.000857389240991, -0.000443753757281, -0.00415458157659, 0.0242285020649, -0.00702569726855, -0.00410965364426, 0.00707732746378], [0.000100730227132, -9.1691777925e-05, -0.00130784197245, -0.000567309558392, 0.000607621099334, -0.00327128218487, 0.000836022081785, 0.00314500136301, -0.00351212616079, -0.00702569726855, 0.0149935474619, -0.000227942626225, -0.00335643161088], [7.60490438552e-05, -0.000235534855165, 0.00203252001666, -0.000552892510314, -0.00144628644921, 0.00142786116339, -0.000961885089055, -0.000500237336382, 0.00334051158279, -0.00410965364426, -0.000227942626225, 0.018424898386, -0.0046361554414], [-0.000133058420033, 0.000948174158111, 0.00125373725314, 0.000325260363752, 0.00191657571122, -0.000542877183761, -4.39183313574e-05, 0.00182490248699, -0.00317843607627, 0.00707732746378, -0.00335643161088, -0.0046361554414, 0.0178561657667]]}, "spectral_contrast_coeffs": {"dmean": [0.0433088056743, 0.0402379930019, 0.0382564626634, 0.0308893881738, 0.021502006799, 0.0177061744034], "dmean2": [0.0718830823898, 0.0648320615292, 0.0626680850983, 0.0514078475535, 0.0340800620615, 0.0294973924756], "dvar": [0.00139515160117, 0.00112789799459, 0.00107523577753, 0.00067591026891, 0.000323083193507, 0.000350572809111], "dvar2": [0.0037096820306, 0.0027338762302, 0.00280202832073, 0.00174859724939, 0.000723019358702, 0.000883898057509], "max": [-0.330803513527, -0.451714426279, -0.556619048119, -0.554632663727, -0.623411357403, -0.639909923077], "mean": [-0.560337305069, -0.691265821457, -0.754628300667, -0.759878396988, -0.763560056686, -0.750970721245], "median": [-0.54999256134, -0.688863158226, -0.754146635532, -0.757880687714, -0.758266925812, -0.744870305061], "min": [-0.977154195309, -0.981413662434, -0.974022090435, -0.971896290779, -0.97033315897, -0.966008365154], "var": [0.0101601583883, 0.0079272929579, 0.00514803687111, 0.00446071103215, 0.00300492392853, 0.00239577959292]}, "spectral_contrast_valleys": {"dmean": [0.427532494068, 0.332919001579, 0.359629690647, 0.273256331682, 0.251459956169, 0.253221958876], "dmean2": [0.690822303295, 0.532981216908, 0.571872115135, 0.432728379965, 0.366748392582, 0.32167288661], "dvar": [0.226885229349, 0.163268014789, 0.199386388063, 0.152993261814, 0.154799103737, 0.139729321003], "dvar2": [0.394442200661, 0.230493322015, 0