{"lowlevel": {"average_loudness": 0.782365858555, "barkbands_crest": {"dmean": 2.51713752747, "dmean2": 4.03227138519, "dvar": 6.65766477585, "dvar2": 16.8263912201, "max": 26.4076747894, "mean": 15.2878980637, "median": 14.817360878, "min": 3.21221256256, "var": 21.2455787659}, "barkbands_flatness_db": {"dmean": 0.0345540978014, "dmean2": 0.0467187017202, "dvar": 0.00157804309856, "dvar2": 0.00294485874474, "max": 0.638191461563, "mean": 0.332935571671, "median": 0.352552086115, "min": 0.0279633775353, "var": 0.0133331911638}, "barkbands_kurtosis": {"dmean": 11.5752544403, "dmean2": 18.2900180817, "dvar": 448.177856445, "dvar2": 1176.00622559, "max": 526.891540527, "mean": 21.1034755707, "median": 10.4400024414, "min": -1.80143964291, "var": 967.506713867}, "barkbands_skewness": {"dmean": 1.11194586754, "dmean2": 1.75238072872, "dvar": 1.72149980068, "dvar2": 4.39211654663, "max": 19.4757232666, "mean": 1.72542607784, "median": 1.21721887589, "min": -4.76384353638, "var": 5.48999738693}, "barkbands_spread": {"dmean": 2.39289212227, "dmean2": 3.58341002464, "dvar": 36.1343574524, "dvar2": 77.508026123, "max": 114.943519592, "mean": 5.27178573608, "median": 2.29546618462, "min": 0.19506496191, "var": 103.334503174}, "dissonance": {"dmean": 0.0548081509769, "dmean2": 0.0910520404577, "dvar": 0.00340647180565, "dvar2": 0.00834700092673, "max": 0.500000119209, "mean": 0.355217516422, "median": 0.370069801807, "min": 0.0384562984109, "var": 0.00893152505159}, "dynamic_complexity": 5.83246994019, "erbbands_crest": {"dmean": 2.89286327362, "dmean2": 4.39753007889, "dvar": 9.75720310211, "dvar2": 21.308347702, "max": 34.2230491638, "mean": 16.5576877594, "median": 16.4982662201, "min": 2.48762989044, "var": 34.0434875488}, "erbbands_flatness_db": {"dmean": 0.0336590632796, "dmean2": 0.0443273857236, "dvar": 0.00171630142722, "dvar2": 0.00301917875186, "max": 0.586329221725, "mean": 0.32064267993, "median": 0.335827738047, "min": 0.0371056161821, "var": 0.0137821333483}, "erbbands_kurtosis": {"dmean": 6.75527715683, "dmean2": 10.3533735275, "dvar": 168.476531982, "dvar2": 404.102142334, "max": 201.666732788, "mean": 13.0268468857, "median": 5.98981952667, "min": -1.74546957016, "var": 375.163879395}, "erbbands_skewness": {"dmean": 0.707874715328, "dmean2": 1.03155231476, "dvar": 0.80672109127, "dvar2": 1.87669169903, "max": 11.654006958, "mean": 1.88581681252, "median": 1.62655520439, "min": -3.97953224182, "var": 3.23353004456}, "erbbands_spread": {"dmean": 5.0509018898, "dmean2": 7.38310718536, "dvar": 108.638580322, "dvar2": 227.159439087, "max": 141.765457153, "mean": 12.6446275711, "median": 5.36277627945, "min": 0.428036600351, "var": 331.820831299}, "hfc": {"dmean": 2.46945762634, "dmean2": 3.06517291069, "dvar": 17.0572109222, "dvar2": 30.8503189087, "max": 81.0436477661, "mean": 5.96080541611, "median": 3.03334307671, "min": 1.23224129705e-16, "var": 58.4526176453}, "melbands_crest": {"dmean": 2.73732686043, "dmean2": 4.4096493721, "dvar": 8.00339984894, "dvar2": 20.2728214264, "max": 37.1601753235, "mean": 17.2676753998, "median": 16.8931865692, "min": 1.85539722443, "var": 23.5575008392}, "melbands_flatness_db": {"dmean": 0.0374124571681, "dmean2": 0.0492342226207, "dvar": 0.00200366112404, "dvar2": 0.00363478413783, "max": 0.754279136658, "mean": 0.440405964851, "median": 0.46481525898, "min": 0.00343045080081, "var": 0.0182447098196}, "melbands_kurtosis": {"dmean": 11.10039711, "dmean2": 16.8484573364, "dvar": 531.637084961, "dvar2": 1247.16015625, "max": 591.49017334, "mean": 21.052520752, "median": 8.88806056976, "min": -1.86851894855, "var": 1195.38684082}, "melbands_skewness": {"dmean": 0.896866321564, "dmean2": 1.33007490635, "dvar": 1.26293563843, "dvar2": 2.76979851723, "max": 18.1251678467, "mean": 1.91390252113, "median": 1.33572721481, "min": -4.19084644318, "var": 5.12317752838}, "melbands_spread": {"dmean": 2.12655520439, "dmean2": 3.16635656357, "dvar": 40.1753425598, "dvar2": 88.6044387817, "max": 194.069473267, "mean": 5.57719087601, "median": 2.98559474945, "min": 0.451124370098, "var": 142.295288086}, "pitch_salience": {"dmean": 0.0689697638154, "dmean2": 0.111298687756, "dvar": 0.0051973038353, "dvar2": 0.012881943956, "max": 0.906283080578, "mean": 0.509046673775, "median": 0.513334393501, "min": 0.0876548439264, "var": 0.0161956977099}, "silence_rate_20dB": {"dmean": 0, "dmean2": 0, "dvar": 0, "dvar2": 0, "max": 1, "mean": 1, "median": 1, "min": 1, "var": 0}, "silence_rate_30dB": {"dmean": 0.0074039795436, "dmean2": 0.0148096727207, "dvar": 0.00734877353534, "dvar2": 0.0182909294963, "max": 1, "mean": 0.993753612041, "median": 1, "min": 0, "var": 0.00620664330199}, "silence_rate_60dB": {"dmean": 0.0842202678323, "dmean2": 0.168460026383, "dvar": 0.0771191343665, "dvar2": 0.155802190304, "max": 1, "mean": 0.278079807758, "median": 0, "min": 0, "var": 0.200732320547}, "spectral_centroid": {"dmean": 89.7395477295, "dmean2": 128.750015259, "dvar": 61932.8046875, "dvar2": 108812.429688, "max": 10988.2421875, "mean": 500.726318359, "median": 369.383453369, "min": 180.775619507, "var": 221314.484375}, "spectral_complexity": {"dmean": 1.11846363544, "dmean2": 1.71977317333, "dvar": 2.53969550133, "dvar2": 5.25225877762, "max": 34, "mean": 5.00404834747, "median": 5, "min": 0, "var": 10.4152917862}, "spectral_decrease": {"dmean": 1.85581106038e-09, "dmean2": 2.36576780388e-09, "dvar": 1.14060182819e-17, "dvar2": 2.42706934734e-17, "max": 5.54432953309e-19, "mean": -4.39477476633e-09, "median": -2.2891635254e-09, "min": -4.62341738228e-08, "var": 3.15411180581e-17}, "spectral_energy": {"dmean": 0.00721605261788, "dmean2": 0.00919087138027, "dvar": 0.000171002611751, "dvar2": 0.000361983315088, "max": 0.176839500666, "mean": 0.017127526924, "median": 0.00893294718117, "min": 1.08521403086e-20, "var": 0.00047747179633}, "spectral_energyband_high": {"dmean": 2.52612444456e-05, "dmean2": 3.58518336725e-05, "dvar": 1.00179242679e-08, "dvar2": 2.23767351315e-08, "max": 0.00250121508725, "mean": 2.88431529043e-05, "median": 8.19003332708e-07, "min": 8.24469091887e-21, "var": 1.27335955113e-08}, "spectral_energyband_low": {"dmean": 0.00138530996628, "dmean2": 0.00221235188656, "dvar": 5.58357933187e-05, "dvar2": 0.000157479764312, "max": 0.158501937985, "mean": 0.00189175247215, "median": 7.8407334513e-05, "min": 5.00689385455e-23, "var": 4.56244961242e-05}, "spectral_energyband_middle_high": {"dmean": 0.000254197220784, "dmean2": 0.000343411345966, "dvar": 5.83338135129e-07, "dvar2": 1.1563525959e-06, "max": 0.0250338148326, "mean": 0.00042960580322, "median": 9.05184497242e-05, "min": 1.47505407536e-21, "var": 1.30793637254e-06}, "spectral_energyband_middle_low": {"dmean": 0.00616876082495, "dmean2": 0.00760929379612, "dvar": 0.00010467399261, "dvar2": 0.000183384647244, "max": 0.15836802125, "mean": 0.0150444833562, "median": 0.00780081981793, "min": 2.52046966209e-22, "var": 0.000374824856408}, "spectral_entropy": {"dmean": 0.323626339436, "dmean2": 0.430040597916, "dvar": 0.183621048927, "dvar2": 0.319523751736, "max": 9.79378414154, "mean": 5.62189149857, "median": 5.28285169601, "min": 3.54130864143, "var": 1.27112460136}, "spectral_flux": {"dmean": 0.0235733594745, "dmean2": 0.0375229083002, "dvar": 0.00118413486052, "dvar2": 0.00282932841219, "max": 0.404434263706, "mean": 0.0437996871769, "median": 0.0313448794186, "min": 1.0417360724e-10, "var": 0.00183138553984}, "spectral_kurtosis": {"dmean": 25.3489513397, "dmean2": 39.7269630432, "dvar": 1765.57397461, "dvar2": 4966.90478516, "max": 768.72644043, "mean": 75.9310073853, "median": 38.1030540466, "min": -1.22507441044, "var": 8567.06835938}, "spectral_rms": {"dmean": 0.000785217329394, "dmean2": 0.000955376657657, "dvar": 1.11768952138e-06, "dvar2": 2.07437187782e-06, "max": 0.0131349284202, "mean": 0.00334469112568, "median": 0.00295212981291, "min": 3.25383665324e-12, "var": 5.52274286747e-06}, "spectral_rolloff": {"dmean": 134.751846313, "dmean2": 230.397796631, "dvar": 448490.75, "dvar2": 998283.5625, "max": 18884.6191406, "mean": 589.690002441, "median": 409.130859375, "min": 21.533203125, "var": 1702893.625}, "spectral_skewness": {"dmean": 1.12331092358, "dmean2": 1.65588271618, "dvar": 1.74505019188, "dvar2": 3.81204128265, "max": 22.6068019867, "mean": 6.18114185333, "median": 5.22937202454, "min": 0.0264363437891, "var": 17.1271457672}, "spectral_spread": {"dmean": 755283.5, "dmean2": 1123311.375, "dvar": 1094766100480.0, "dvar2": 2047554093060.0, "max": 41812152, "mean": 2837222.75, "median": 2098494.75, "min": 132838.703125, "var": 4872720613380.0}, "spectral_strongpeak": {"dmean": 0.327476531267, "dmean2": 0.463707000017, "dvar": 0.201254829764, "dvar2": 0.378933638334, "max": 7.53560829163, "mean": 0.887780487537, "median": 0.678239345551, "min": 0, "var": 0.659140706062}, "zerocrossingrate": {"dmean": 0.00523495813832, "dmean2": 0.00622455496341, "dvar": 0.000130165586597, "dvar2": 0.000150247840793, "max": 0.51513671875, "mean": 0.0264148004353, "median": 0.01806640625, "min": 0.00341796875, "var": 0.00128826452419}, "barkbands": {"dmean": [4.98824847455e-05, 0.000859286345076, 0.000457041373011, 0.000308837508783, 0.00199728249572, 0.0031769995112, 0.00142133329064, 0.000224752424401, 0.000254013400991, 0.000179948678124, 0.000101568795799, 2.67927825917e-05, 1.42405278893e-05, 1.09489983515e-05, 5.43488340554e-06, 3.92932543036e-06, 3.67828715753e-06, 2.874642405e-06, 4.14906799051e-06, 6.04454362474e-06, 5.07434242536e-06, 3.27482894136e-06, 3.23542985825e-06, 2.71113117378e-06, 3.53788368557e-06, 3.4201186736e-06, 1.76162120624e-06], "dmean2": [9.45050123846e-05, 0.00130536837969, 0.000831640616525, 0.000479227514006, 0.00270074885339, 0.00399140734226, 0.00188172096387, 0.000234953826293, 0.000312987249345, 0.000230103178183, 0.0001411143312, 4.2233903514e-05, 2.13384355447e-05, 1.7274158381e-05, 9.00603117771e-06, 6.42334225631e-06, 6.27725557933e-06, 4.46555304734e-06, 6.033255886e-06, 9.25382755668e-06, 8.04947649158e-06, 4.79967820866e-06, 4.4983380576e-06, 3.76028197024e-06, 4.93889956488e-06, 5.11287771587e-06, 2.82130281448e-06], "dvar": [4.31286739655e-09, 1.19577252917e-05, 1.3538323401e-05, 1.916328074e-06, 1.70218663698e-05, 4.15952745243e-05, 1.0199870303e-05, 9.92465857053e-07, 1.70667431121e-06, 1.58514558279e-06, 7.20181532188e-08, 1.03946913299e-08, 3.635021395e-09, 2.79784639901e-09, 7.06655733929e-10, 3.74494185662e-10, 6.35416275152e-10, 2.45393955156e-10, 4.36777863877e-10, 9.50678424871e-10, 7.78582254224e-10, 1.97948268887e-10, 1.49069229183e-10, 1.21467419456e-10, 1.98064856183e-10, 2.22292045882e-10, 9.36107649729e-11], "dvar2": [1.47423406816e-08, 3.14432109008e-05, 3.95088427467e-05, 5.1373426686e-06, 3.74006849597e-05, 7.26661019144e-05, 1.76779903995e-05, 7.31081229333e-07, 2.44353168455e-06, 2.75262800642e-06, 1.43487355331e-07, 2.60856367618e-08, 8.63665050588e-09, 7.01046642959e-09, 1.96880933778e-09, 1.01195085644e-09, 1.82927972769e-09, 6.48438358564e-10, 1.05085262714e-09, 2.43585152049e-09, 2.14992756931e-09, 4.71852668049e-10, 2.98684382782e-10, 2.44399250837e-10, 4.11885997531e-10, 4.96416185936e-10, 2.39818304104e-10], "max": [0.000793119310401, 0.071897059679, 0.0815059095621, 0.035787191242, 0.0849866345525, 0.0949624702334, 0.0564480535686, 0.0648058205843, 0.0553121119738, 0.0493493713439, 0.00459369365126, 0.00208874838427, 0.00195357436314, 0.00171730364673, 0.000749579514377, 0.000458089605672, 0.000743600889109, 0.000492616556585, 0.00112265965436, 0.00144670601003, 0.000835007231217, 0.000492348393891, 0.000318438193062, 0.000368366832845, 0.000436498172348, 0.000371696311049, 0.000261039647739], "mean": [4.29195897595e-05, 0.00135160482023, 0.000357243610779, 0.000459195754956, 0.00408098194748, 0.00662756804377, 0.00257928459905, 0.000551558856387, 0.000479771057144, 0.00032111897599, 0.000159502422321, 3.17880840157e-05, 1.92899151443e-05, 1.18196594485e-05, 5.84656709179e-06, 4.19788011641e-06, 3.40192809745e-06, 3.43755800714e-06, 5.25661243955e-06, 6.68306165608e-06, 5.35520393896e-06, 3.7346096633e-06, 3.88459147871e-06, 3.17646981784e-06, 4.01144870921e-06, 3.41313761965e-06, 1.49365303059e-06], "median": [1.94663862203e-05, 3.64039442502e-05, 5.7981756072e-06, 1.25720534925e-05, 0.00120592280291, 0.00197442993522, 0.000649799243547, 4.38895076513e-05, 4.2591811507e-05, 2.51182063948e-05, 2.11115893762e-05, 4.28550174547e-06, 2.36108962781e-06, 6.5341868094e-07, 5.93759011736e-07, 2.85546093437e-07, 1.49658688997e-07, 1.20289882943e-07, 1.67723754885e-07, 1.65730369872e-07, 1.57210564566e-07, 1.02862735218e-07, 9.41898363749e-08, 7.95218255689e-08, 1.01118985185e-07, 8.67130580673e-08, 2.87954957656e-08], "min": [7.71239566978e-24, 3.78868656642e-23, 5.62040912434e-24, 9.98691910667e-24, 4.36019136425e-23, 6.63362853967e-23, 1.7166626195e-23, 3.93461289657e-23, 6.98175285714e-23, 2.26296615131e-23, 3.78700029735e-23, 8.65821922699e-23, 1.75325989638e-22, 1.81962253604e-22, 8.55228278048e-23, 1.39949023783e-22, 3.27754590993e-22, 1.48110237921e-22, 2.01030864462e-22, 1.80590620127e-22, 3.00946951732e-22, 7.62486899644e-22, 4.39518106882e-22, 9.46998309932e-22, 1.1936518152e-21, 1.91599950299e-21, 2.79001154369e-21], "var": [3.89100218712e-09, 1.6238191165e-05, 7.69000052969e-06, 2.25417034017e-06, 4.73012041766e-05, 0.000124349578982, 2.59028201981e-05, 8.78540686244e-06, 4.67266136184e-06, 3.85306248063e-06, 1.4323012465e-07, 1.05627311342e-08, 5.42913891621e-09, 3.05717318128e-09, 5.31699961837e-10, 3.24226451243e-10, 3.95130872466e-10, 2.34534780486e-10, 5.322642882e-10, 9.26508814114e-10, 6.00958338648e-10, 2.3573082375e-10, 2.35004932181e-10, 1.84177409435e-10, 2.72044969885e-10, 2.47986242652e-10, 7.55327606017e-11]}, "erbbands": {"dmean": [0.0128900306299, 0.233014434576, 0.562640070915, 0.791375875473, 2.69423007965, 9.21450233459, 19.4504261017, 22.4781761169, 20.3901901245, 14.1929006577, 3.68143630028, 4.74029445648, 7.96525144577, 3.60095214844, 2.68388390541, 1.07562410831, 0.673627614975, 0.618442893028, 0.3696796, 0.233434170485, 0.221786186099, 0.209318742156, 0.145837619901, 0.19066272676, 0.223820105195, 0.264478355646, 0.270225793123, 0.157081514597, 0.12146628648, 0.102804683149, 0.0947383567691, 0.0637177154422, 0.0427617803216, 0.0342325046659, 0.0285096690059, 0.0160402581096, 0.00626697205007, 0.00180875824299, 0.000332856696332, 1.86172601389e-05], "dmean2": [0.0201225280762, 0.355289548635, 0.989603340626, 1.30871391296, 3.98180246353, 12.1872835159, 23.7887992859, 29.3457622528, 27.4592590332, 17.0114059448, 4.17940998077, 5.74884557724, 9.73683357239, 5.01455211639, 3.84612011909, 1.65352404118, 0.98839199543, 0.936454117298, 0.61222833395, 0.383331596851, 0.365844398737, 0.355100035667, 0.227955013514, 0.278041213751, 0.326945841312, 0.40009355545, 0.433297991753, 0.24363720417, 0.179125577211, 0.14589317143, 0.133413121104, 0.0882530808449, 0.0592425316572, 0.0483122505248, 0.040394641459, 0.0238331425935, 0.00950370822102, 0.00278457021341, 0.000525489507709, 2.85690166493e-05], "dvar": [0.00223224353977, 0.943920612335, 15.3446407318, 22.5953979492, 48.8345451355, 383.026519775, 1815.59765625, 2398, 1807.46252441, 1397.58544922, 148.726699829, 439.841644287, 3070.04858398, 88.6514053345, 81.6235046387, 19.7752838135, 6.50064468384, 7.28602790833, 4.05007839203, 1.35133850574, 1.22090363503, 2.03190517426, 0.735090076923, 0.826187968254, 1.6513979435, 1.73393654823, 1.87420260906, 0.732625067234, 0.249052613974, 0.209602668881, 0.125807344913, 0.0638557523489, 0.029531955719, 0.0180691666901, 0.0139310536906, 0.0049211285077, 0.000756731897127, 7.18493756722e-05, 3.36855987371e-06, 6.98225921525e-09], "dvar2": [0.00592633336782, 2.50678730011, 44.6320915222, 63.9987258911, 128.582458496, 782.419494629, 3020.43457031, 4711.80175781, 3585.28759766, 1944.78588867, 148.516174316, 639.452453613, 5145.51953125, 182.560638428, 176.692214966, 48.7769889832, 15.3725471497, 17.0518245697, 11.3712186813, 3.78271865845, 3.35605454445, 5.82378578186, 2.00110316277, 1.97938132286, 4.14939594269, 4.38793420792, 5.10504198074, 1.99482107162, 0.59096455574, 0.475873202085, 0.250779241323, 0.12876097858, 0.0610802955925, 0.0376832634211, 0.0293921232224, 0.0109184291214, 0.00170419074129, 0.000166708399775, 8.56241967995e-06, 1.95218259336e-08], "max": [0.895599782467, 20.5851020813, 83.0918960571, 121.515617371, 115.257194519, 366.041168213, 703.147705078, 1109.93884277, 780.510375977, 1207.30505371, 499.004425049, 838.915710449, 2874.50732422, 190.656433105, 197.848571777, 106.528541565, 81.6683731079, 84.5994110107, 87.8590698242, 32.6596717834, 25.6920070648, 41.1660118103, 29.6582717896, 37.8345375061, 77.4106903076, 62.8257217407, 33.5143051147, 23.8286304474, 13.0642299652, 19.6868267059, 9.31588935852, 8.5429315567, 5.83277320862, 4.4697508812, 3.68324160576, 1.86039817333, 0.657944083214, 0.23695614934, 0.0476567484438, 0.0020103964489], "mean": [0.0194098241627, 0.362025529146, 0.555198431015, 0.981029391289, 4.73444366455, 19.1357975006, 43.0579223633, 44.3364295959, 37.6671257019, 29.3761730194, 8.80415344238, 9.50281333923, 14.648021698, 5.85691642761, 4.07636356354, 1.3477897644, 0.960272967815, 0.750594615936, 0.372587442398, 0.2727458179, 0.229290813208, 0.195544853806, 0.17203630507, 0.240095764399, 0.281794697046, 0.303015828133, 0.284327715635, 0.163978070021, 0.13931144774, 0.118821375072, 0.113924704492, 0.0742517486215, 0.0496600195765, 0.0398127026856, 0.0314477346838, 0.0163034703583, 0.00612954609096, 0.00171137263533, 0.00029095201171, 2.7383921406e-05], "median": [0.00136206264142, 0.00747922388837, 0.0104984212667, 0.0717746242881, 0.985019683838, 4.5675778389, 11.684677124, 13.5892486572, 12.121544838, 3.92823576927, 1.60635864735, 1.18163251877, 1.00777471066, 0.956700026989, 0.499741762877, 0.207926183939, 0.151544421911, 0.0593119114637, 0.0358496271074, 0.0342915803194, 0.0153542170301, 0.00872244779021, 0.00625114981085, 0.00792453158647, 0.00817508995533, 0.00789401680231, 0.00800693873316, 0.00457359058782, 0.00396949518472, 0.00290228961967, 0.00272652576678, 0.00180394086055, 0.00124865444377, 0.00105305435136, 0.000747842073906, 0.000385068764444, 0.000160014082212, 5.22136870131e-05, 1.0836475667e-05, 1.12789994091e-05], "min": [1.34409781346e-21, 7.28617599703e-21, 1.0109303038e-20, 2.14514945452e-20, 2.89859822457e-20, 1.71966894392e-19, 3.93948850933e-19, 6.21394051075e-19, 2.06414507885e-19, 7.15851821476e-19, 8.26602723498e-19, 1.87476081098e-18, 7.75072886853e-19, 1.31490749822e-18, 2.2535981578e-18, 3.07263228209e-18, 5.84063255614e-18, 1.09100771826e-17, 6.79007294477e-18, 6.72353991297e-18, 7.75264110331e-18, 1.87927841654e-17, 8.24953842344e-18, 1.00704855521e-17, 8.49716321161e-18, 9.54212228148e-18, 1.18507527654e-17, 1.63676974046e-17, 2.41996717461e-17, 1.96614429226e-17, 1.35787330651e-17, 1.43840355776e-17, 1.8388678312e-17, 1.37584388803e-17, 8.84689352024e-18, 6.03107765729e-18, 4.13075882654e-18, 1.63942927088e-18, 4.08136446004e-19, 3.75263474205e-20], "var": [0.00302030751482, 1.21150147915, 9.24158573151, 16.1921882629, 77.2272109985, 1170.61071777, 5921.07275391, 5861.86425781, 4416.67529297, 5834.57861328, 963.259887695, 1374.11181641, 7810.11523438, 178.809799194, 135.057250977, 20.7044181824, 9.89247131348, 9.87771511078, 2.75376915932, 1.02859306335, 0.998512625694, 1.28153824806, 0.632082343102, 1.0195889473, 1.78022134304, 1.78318226337, 1.53013801575, 0.585061490536, 0.30133074522, 0.267503708601, 0.198851749301, 0.0978749394417, 0.0431252941489, 0.0257787927985, 0.0181083139032, 0.00558248674497, 0.00082775548799, 7.21110918676e-05, 2.77075582744e-06, 5.051360219e-09]}, "gfcc": {"mean": [-215.928115845, 152.26713562, -51.0416145325, -20.6312255859, -78.2866973877, -16.8461856842, -36.722202301, -8.15790557861, -23.6058807373, 4.06775617599, -3.87905573845, 5.22302961349, 2.13024950027], "cov": [[16284.7685547, -1432.34472656, -1393.77587891, 794.794189453, -321.842590332, 423.211700439, -252.707366943, -171.875152588, -438.255523682, 87.0915222168, -225.613830566, 254.997085571, 41.6985054016], [-1432.34472656, 3905.8972168, 1052.8996582, -1738.8996582, 106.931365967, -228.598449707, 132.397445679, -578.551269531, 126.576225281, -330.682891846, 199.897415161, -252.567382812, 255.674026489], [-1393.77587891, 1052.8996582, 988.809020996, -352.398040771, 72.6750259399, -30.8031082153, 76.2268753052, -90.8430557251, 40.6469535828, -90.337600708, 9.43797874451, -52.5704917908, 31.781080246], [794.794189453, -1738.8996582, -352.398040771, 1474.88891602, 210.783432007, 194.266571045, -11.8029870987, 371.923339844, -76.587600708, 109.447799683, -185.473220825, 48.6271286011, -148.971008301], [-321.842590332, 106.931365967, 72.6750259399, 210.783432007, 388.466400146, 237.439208984, 94.6435852051, 70.7903594971, 52.8721961975, -22.4930229187, -87.5631332397, -70.9104003906, -41.0373039246], [423.211700439, -228.598449707, -30.8031082153, 194.266571045, 237.439208984, 375.126373291, 151.047409058, 138.82611084, 37.0493240356, 30.7138652802, -105.982116699, -38.9305953979, -67.2107849121], [-252.707366943, 132.397445679, 76.2268753052, -11.8029870987, 94.6435852051, 151.047409058, 184.61769104, 117.123794556, 65.9526596069, 8.18672275543, -34.7727470398, -44.1007194519, -13.9979524612], [-171.875152588, -578.551269531, -90.8430557251, 371.923339844, 70.7903594971, 138.82611084, 117.123794556, 300.364135742, 99.7553710938, 99.4426727295, -66.5760421753, 7.53018283844, -62.5191841125], [-438.255523682, 126.576225281, 40.6469535828, -76.587600708, 52.8721961975, 37.0493240356, 65.9526596069, 99.7553710938, 147.125274658, 61.4906654358, 19.841501236, -10.5036001205, 3.95680880547], [87.0915222168, -330.682891846, -90.337600708, 109.447799683, -22.4930229187, 30.7138652802, 8.18672275543, 99.4426727295, 61.4906654358, 125.011657715, 44.5120124817, 61.3623390198, -16.0540657043], [-225.613830566, 199.897415161, 9.43797874451, -185.473220825, -87.5631332397, -105.982116699, -34.7727470398, -66.5760421753, 19.841501236, 44.5120124817, 155.79788208, 83.077835083, 52.1543540955], [254.997085571, -252.567382812, -52.5704917908, 48.6271286011, -70.9104003906, -38.9305953979, -44.1007194519, 7.53018283844, -10.5036001205, 61.3623390198, 83.077835083, 143.504928589, 47.5106010437], [41.6985054016, 255.674026489, 31.781080246, -148.971008301, -41.0373039246, -67.2107849121, -13.9979524612, -62.5191841125, 3.95680880547, -16.0540657043, 52.1543540955, 47.5106010437, 109.40687561]], "icov": [[0.000113086614874, -0.000193114203284, 0.000206608921872, -0.000160142226378, 0.000347734632669, -0.000344394997228, 0.00012078666623, 0.000227496639127, 0.000148734310642, -0.000380003359169, 0.000645522784907, -0.000525416515302, 5.37403575436e-05], [-0.000193114203284, 0.00216979160905, -0.00123340147547, 0.00104048114736, -0.00144309527241, 0.000827249896247, -0.00134340091608, 0.00116560480092, -0.00168195832521, 0.00263547897339, -0.00374073837884, 0.00407128361985, -0.00229809386656], [0.000206608921872, -0.00123340147547, 0.00209520780481, -0.000480366230477, 0.000605047913268, -9.25205240492e-05, -0.000312544289045, 0.000262622139417, 0.000304933113512, -0.000864023168106, 0.00288756284863, -0.00329935038462, 0.00173953815829], [-0.000160142226378, 0.00104048114736, -0.000480366230477, 0.0031056762673, -0.00303641241044, 0.00157607591245, 0.0010837065056, -0.00402215402573, 0.0037380293943, -0.000407928251661, -0.000891756382771, 0.00158481847029, -0.000790803111158], [0.000347734632669, -0.00144309527241, 0.000605047913268, -0.00303641241044, 0.00853820424527, -0.00595879880711, 0.00126868812367, 0.00310779036954, -0.00504712760448, 0.0023159137927, 0.00164272554684, -0.00167942920234, 0.000878428400028], [-0.000344394997228, 0.000827249896247, -9.25205240492e-05, 0.00157607591245, -0.00595879880711, 0.0106260497123, -0.00725261727348, 0.000875279598404, 0.00214054784738, -0.00405670842156, 0.00416618166491, -0.00219482416287, 0.00253030727617], [0.00012078666623, -0.00134340091608, -0.000312544289045, 0.0010837065056, 0.00126868812367, -0.00725261727348, 0.0182206425816, -0.0117895090953, 0.00325814331882, 0.00270921457559, -0.00452950131148, 0.00460731005296, -0.00328736403026], [0.000227496639127, 0.00116560480092, 0.000262622139417, -0.00402215402573, 0.00310779036954, 0.000875279598404, -0.0117895090953, 0.0222445577383, -0.013918325305, -0.00279782130383, 0.00745091494173, -0.00514526665211, 0.00331813772209], [0.000148734310642, -0.00168195832521, 0.000304933113512, 0.0037380293943, -0.00504712760448, 0.00214054784738, 0.00325814331882, -0.013918325305, 0.0260443482548, -0.0137389907613, -0.000369579851395, 0.00479206675664, -0.00410237070173], [-0.000380003359169, 0.00263547897339, -0.000864023168106, -0.000407928251661, 0.0023159137927, -0.00405670842156, 0.00270921457559, -0.00279782130383, -0.0137389907613, 0.0310408305377, -0.0139901470393, -0.00100131076761, 0.00296157319099], [0.000645522784907, -0.00374073837884, 0.00288756284863, -0.000891756382771, 0.00164272554684, 0.00416618166491, -0.00452950131148, 0.00745091494173, -0.000369579851395, -0.0139901470393, 0.0291335172951, -0.0189803447574, 0.00561130046844], [-0.000525416515302, 0.00407128361985, -0.00329935038462, 0.00158481847029, -0.00167942920234, -0.00219482416287, 0.00460731005296, -0.00514526665211, 0.00479206675664, -0.00100131076761, -0.0189803447574, 0.0303013660014, -0.0149574549869], [5.37403575436e-05, -0.00229809386656, 0.00173953815829, -0.000790803111158, 0.000878428400028, 0.00253030727617, -0.00328736403026, 0.00331813772209, -0.00410237070173, 0.00296157319099, 0.00561130046844, -0.0149574549869, 0.0206708721817]]}, "melbands": {"dmean": [0.000185153548955, 0.000311332580168, 0.0001663587027, 0.000427492806921, 0.000605373876169, 0.000537869986147, 0.000308683374897, 0.000133676701807, 2.98094000755e-05, 3.32555391651e-05, 3.90951063309e-05, 1.30888647618e-05, 1.00297120298e-05, 4.12273584516e-06, 2.00253907678e-06, 1.60089132351e-06, 1.13388512091e-06, 6.41414260372e-07, 4.09035237681e-07, 2.63807663714e-07, 2.63412601953e-07, 2.26906962553e-07, 1.58679824835e-07, 1.27404334194e-07, 1.59560556767e-07, 1.66187945183e-07, 1.65664800988e-07, 1.86639354638e-07, 1.93086975742e-07, 1.37527493393e-07, 7.44808801301e-08, 6.85521328592e-08, 6.35542676264e-08, 5.4468895172e-08, 5.59667547861e-08, 4.76162504981e-08, 3.75342139591e-08, 2.98362436979e-08, 2.88163750639e-08, 2.92208444108e-08], "dmean2": [0.000279658270301, 0.000514379469678, 0.00026534308563, 0.00059750478249, 0.000735889188945, 0.000696160248481, 0.000408680731198, 0.000156133071869, 3.48513240169e-05, 4.07362531405e-05, 4.77684152429e-05, 1.866238199e-05, 1.42515173138e-05, 6.19043657935e-06, 3.04296031572e-06, 2.33994774135e-06, 1.75884304099e-06, 1.07734479116e-06, 6.69365704198e-07, 4.32211891166e-07, 4.42485713847e-07, 3.89226698871e-07, 2.66768182655e-07, 1.96648883843e-07, 2.35756928646e-07, 2.47007307053e-07, 2.50254089451e-07, 2.89489662464e-07, 3.13172819233e-07, 2.27190440683e-07, 1.14787134464e-07, 1.03596391909e-07, 9.40023170415e-08, 7.73066588522e-08, 7.97084993565e-08, 6.71899584859e-08, 5.32871737846e-08, 4.20081534003e-08, 4.13817922151e-08, 4.1568995357e-08], "dvar": [4.99017517086e-07, 3.27200950778e-06, 6.25224060968e-07, 9.77644504019e-07, 1.50739401761e-06, 1.19850642477e-06, 4.34405791339e-07, 1.31580861762e-07, 1.38957467755e-08, 2.82164762666e-08, 7.50863051735e-08, 1.19018950251e-09, 8.14932010762e-10, 2.23163362789e-10, 5.66690618042e-11, 5.28816331002e-11, 2.7586080989e-11, 1.46622956831e-11, 3.69448742432e-12, 1.84830059244e-12, 1.8060396928e-12, 2.49520282908e-12, 1.0869318683e-12, 4.56766189542e-13, 5.82078168217e-13, 6.90733006816e-13, 1.26063851198e-12, 8.57500106078e-13, 9.67964857573e-13, 8.34977757509e-13, 1.28833006546e-13, 7.92189867849e-14, 8.49749348035e-14, 5.59053298717e-14, 4.68065527743e-14, 2.99189384205e-14, 2.69459662781e-14, 1.55675711037e-14, 1.35864237206e-14, 1.27838396742e-14], "dvar2": [1.29452666897e-06, 9.34896524996e-06, 1.74278261511e-06, 2.34131471188e-06, 2.53687949225e-06, 2.26140650739e-06, 8.06290870514e-07, 1.65312329159e-07, 1.3938938892e-08, 4.1799935957e-08, 1.24523666045e-07, 2.60465515822e-09, 1.74587178048e-09, 5.14146947239e-10, 1.41514064356e-10, 1.17966872382e-10, 6.51645681859e-11, 4.14857835584e-11, 1.02461459456e-11, 5.10291114919e-12, 5.01734114325e-12, 7.18396175881e-12, 3.08545680325e-12, 1.18731825587e-12, 1.40088255666e-12, 1.67812118368e-12, 3.32191349081e-12, 2.20398200558e-12, 2.63140377543e-12, 2.37521309045e-12, 3.35966389257e-13, 1.90545631574e-13, 2.04212989292e-13, 1.22216716998e-13, 9.66567592024e-14, 6.01520650781e-14, 5.76196872875e-14, 3.3460898169e-14, 2.8912917389e-14, 2.66808636003e-14], "max": [0.0141575066373, 0.0393058359623, 0.0195777546614, 0.0192934256047, 0.0202461667359, 0.021948331967, 0.0105672096834, 0.0151122910902, 0.00557074556127, 0.00672142859548, 0.0142885297537, 0.000622297229711, 0.000578334031161, 0.00039117273991, 0.000135267706355, 0.000265360373305, 0.000143144730828, 0.000175200417289, 5.36677580385e-05, 3.98021838919e-05, 3.17096564686e-05, 4.4978914957e-05, 3.35816257575e-05, 2.18182303797e-05, 3.08407616103e-05, 4.40777330368e-05, 7.258925325e-05, 3.49873880623e-05, 2.93363409583e-05, 2.45841983997e-05, 9.66474817687e-06, 7.92758692114e-06, 1.19527239804e-05, 9.04422904568e-06, 5.09719893671e-06, 4.80297831018e-06, 6.33590252619e-06, 4.59609600512e-06, 3.56497798748e-06, 3.53978407475e-06], "mean": [0.000296006619465, 0.000385166931665, 0.000233992599533, 0.000843556481414, 0.00135314872023, 0.0010890008416, 0.000572052958887, 0.000279844767647, 6.7256296461e-05, 6.38377896394e-05, 7.14323687134e-05, 2.062652311e-05, 1.53308228619e-05, 5.3807407312e-06, 2.59485091192e-06, 2.17794968194e-06, 1.27754594814e-06, 6.0598648588e-07, 4.58352218402e-07, 2.94420345881e-07, 2.59109725675e-07, 2.01432854396e-07, 1.70496846863e-07, 1.51590114683e-07, 1.95861929342e-07, 2.10112830246e-07, 1.9903920645e-07, 2.02877117772e-07, 2.00746839596e-07, 1.32548876763e-07, 7.92121781501e-08, 7.81065097044e-08, 7.18852035675e-08, 6.25758644901e-08, 6.66726265308e-08, 5.57947217317e-08, 4.26002024767e-08, 3.44835591193e-08, 3.26540643414e-08, 3.37662164895e-08], "median": [1.43879851748e-05, 6.47829801892e-06, 1.89417314687e-05, 0.000196908149519, 0.000431011634646, 0.000353463517968, 0.000169618724613, 2.93558587146e-05, 6.83227199261e-06, 6.3681559368e-06, 4.22814673584e-06, 3.47245349985e-06, 2.05946366805e-06, 4.35204668747e-07, 3.3848050407e-07, 1.41767529271e-07, 7.18145614087e-08, 4.75524295496e-08, 4.76234305324e-08, 2.68584106067e-08, 1.43990304124e-08, 8.15601897131e-09, 5.71714364739e-09, 5.17692466673e-09, 5.83861003989e-09, 6.1334000101e-09, 4.84514384169e-09, 4.96228880209e-09, 5.46222045372e-09, 3.28415095119e-09, 2.10216222207e-09, 2.24127405524e-09, 1.79109127529e-09, 1.41523182062e-09, 1.58293289587e-09, 1.19900378515e-09, 1.05949260476e-09, 8.65777505243e-10, 8.22364287778e-10, 8.93157381388e-10], "min": [1.08067364915e-23, 6.65382953196e-24, 3.74933321464e-24, 5.51662027276e-24, 1.42253567322e-23, 1.32839206616e-23, 2.98885374986e-24, 7.81695366075e-24, 6.70390721108e-24, 1.21053601026e-23, 3.34984813578e-24, 4.93640913267e-24, 5.90675064458e-24, 1.17018790488e-23, 6.05123564697e-24, 1.81204663145e-23, 2.12309811514e-23, 1.20996582159e-23, 6.84469995e-24, 9.29637078062e-24, 8.79395473642e-24, 2.14132600853e-23, 9.64003645626e-24, 8.12380083135e-24, 8.05644236524e-24, 8.89524447665e-24, 4.24335932869e-24, 6.37805401468e-24, 6.94783168044e-24, 7.53678813253e-24, 1.03401000225e-23, 1.55940020037e-23, 1.15802698294e-23, 9.89010220777e-24, 7.53708395537e-24, 8.04539752371e-24, 8.87782327242e-24, 1.4254412057e-23, 1.04235828056e-23, 1.1754332777e-23], "var": [7.24962887944e-07, 2.40366352955e-06, 5.49769140434e-07, 2.22724247578e-06, 5.03517230754e-06, 3.17826265928e-06, 1.07770779323e-06, 6.87086412654e-07, 7.82378393183e-08, 7.72038291075e-08, 1.9310888888e-07, 2.12060413673e-09, 1.41033162926e-09, 3.01639269118e-10, 6.40017622233e-11, 9.15775372201e-11, 3.61654942105e-11, 9.45323767182e-12, 2.96530616901e-12, 1.46930015897e-12, 1.41635347114e-12, 1.52526244673e-12, 7.65283073457e-13, 4.65225676993e-13, 7.01072717674e-13, 8.42807323497e-13, 1.14808000346e-12, 8.25120082936e-13, 7.80046274969e-13, 5.52504765029e-13, 1.19818881921e-13, 9.26961009036e-14, 9.80106566652e-14, 7.59090869589e-14, 7.05445427009e-14, 4.74191202255e-14, 3.70506610689e-14, 2.14235299965e-14, 1.88673387216e-14, 1.82646646153e-14]}, "mfcc": {"mean": [-869.473815918, 186.002685547, 59.6234588623, 7.80518293381, -18.7897357941, -12.525604248, -10.2561559677, -14.145483017, -12.1764068604, -8.30635547638, -10.2003335953, -3.92555260658, 3.70233201981], "cov": [[9146.91210938, 110.474861145, -1063.0592041, -135.667282104, -128.416397095, 290.386047363, 29.6453857422, -161.36239624, -172.973968506, -94.0148773193, -257.872589111, -106.464698792, -11.8817176819], [110.474861145, 3607.29541016, 906.730285645, -866.395446777, -315.125, 18.0869102478, -53.0183410645, -147.867721558, -123.923484802, -184.675628662, -162.714416504, -157.210449219, -76.1503677368], [-1063.0592041, 906.730285645, 843.925292969, -88.9475097656, -65.8921432495, -64.7707138062, -37.9091339111, -5.74566602707, -29.7816238403, -66.1801376343, -10.9898023605, -46.854259491, -61.3333740234], [-135.667282104, -866.395446777, -88.9475097656, 613.617126465, 238.632461548, 9.57783031464, 50.7584991455, 74.8055267334, 68.2925796509, 79.4537506104, 21.2664375305, 4.11895179749, -1.75416171551], [-128.416397095, -315.125, -65.8921432495, 238.632461548, 304.626098633, 172.735351562, 93.7905807495, 102.915626526, 119.217582703, 95.9111022949, 35.4512748718, 3.02860760689, 3.830493927], [290.386047363, 18.0869102478, -64.7707138062, 9.57783031464, 172.735351562, 234.186340332, 134.236602783, 89.0403137207, 92.5059509277, 65.9918365479, 18.7991981506, -2.97242212296, -14.0148210526], [29.6453857422, -53.0183410645, -37.9091339111, 50.7584991455, 93.7905807495, 134.236602783, 154.680130005, 108.088577271, 87.5816421509, 66.2624359131, 29.094078064, 1.39155948162, -16.701385498], [-161.36239624, -147.867721558, -5.74566602707, 74.8055267334, 102.915626526, 89.0403137207, 108.088577271, 149.381668091, 138.815093994, 98.486076355, 51.33228302, 13.9049215317, -6.0838804245], [-172.973968506, -123.923484802, -29.7816238403, 68.2925796509, 119.217582703, 92.5059509277, 87.5816421509, 138.815093994, 217.17578125, 163.588516235, 67.4339294434, 13.1381578445, -6.63636016846], [-94.0148773193, -184.675628662, -66.1801376343, 79.4537506104, 95.9111022949, 65.9918365479, 66.2624359131, 98.486076355, 163.588516235, 170.127822876, 86.5642471313, 20.1206092834, -8.09573841095], [-257.872589111, -162.714416504, -10.9898023605, 21.2664375305, 35.4512748718, 18.7991981506, 29.094078064, 51.33228302, 67.4339294434, 86.5642471313, 100.854789734, 58.546875, 18.3592357635], [-106.464698792, -157.210449219, -46.854259491, 4.11895179749, 3.02860760689, -2.97242212296, 1.39155948162, 13.9049215317, 13.1381578445, 20.1206092834, 58.546875, 104.034416199, 88.2099151611], [-11.8817176819, -76.1503677368, -61.3333740234, -1.75416171551, 3.830493927, -14.0148210526, -16.701385498, -6.0838804245, -6.63636016846, -8.09573841095, 18.3592357635, 88.2099151611, 140.010986328]], "icov": [[0.000182490693987, -6.37127814116e-05, 0.00025638815714, -0.00024287418637, 0.000589792674873, -0.000838481588289, 0.000499404326547, -0.000239357235841, 0.000385653460398, -0.000458107329905, 0.000545305956621, -7.06149367034e-05, 3.9852111513e-06], [-6.37127814116e-05, 0.000795146916062, -0.000907300622202, 0.00109805376269, -0.000289432296995, 0.000197403962375, -0.000881234882399, 0.000994339468889, -0.000148648177856, -0.000641394348349, 0.00097064638976, 0.000668510328978, -0.000583451997954], [0.00025638815714, -0.000907300622202, 0.00266989762895, -0.00128367659636, 0.000831905577797, -0.000670214125421, 0.00168763916008, -0.00165237265173, -0.000612503325101, 0.00265786121599, -0.00234702206217, 0.000440713978605, 0.000876198348124], [-0.00024287418637, 0.00109805376269, -0.00128367659636, 0.00577092682943, -0.00660014897585, 0.00663137063384, -0.00452548218891, 0.00110937526915, 0.0018967097858, -0.0037019085139, 0.00450520124286, -0.00199062330648, 0.000978547264822], [0.000589792674873, -0.000289432296995, 0.000831905577797, -0.00660014897585, 0.0166937299073, -0.0158856678754, 0.00890798680484, -0.00383654609323, -0.00114429928362, 0.0010525053367, -0.00377771630883, 0.00585061544552, -0.0041606137529], [-0.000838481588289, 0.000197403962375, -0.000670214125421, 0.00663137063384, -0.0158856678754, 0.0248786918819, -0.0172500293702, 0.00599653366953, -0.00227451184765, 0.000286095630145, 0.00326585676521, -0.00535753043368, 0.00380933890119], [0.000499404326547, -0.000881234882399, 0.00168763916008, -0.00452548218891, 0.00890798680484, -0.0172500293702, 0.0278578121215, -0.0182991549373, 0.00665945699438, -0.00284427357838, -0.00032359152101, 0.00104261864908, 0.000339925987646], [-0.000239357235841, 0.000994339468889, -0.00165237265173, 0.00110937526915, -0.00383654609323, 0.00599653366953, -0.0182991549373, 0.0334595106542, -0.0203272495419, 0.0102354213595, -0.0069355382584, 0.00158981245477, -0.000676998868585], [0.000385653460398, -0.000148648177856, -0.000612503325101, 0.0018967097858, -0.00114429928362, -0.00227451184765, 0.00665945699438, -0.0203272495419, 0.0357600301504, -0.0326613411307, 0.0170135609806, -0.00603866949677, 0.000802052090876], [-0.000458107329905, -0.000641394348349, 0.00265786121599, -0.0037019085139, 0.0010525053367, 0.000286095630145, -0.00284427357838, 0.0102354213595, -0.0326613411307, 0.0492602922022, -0.0345425605774, 0.0148958228528, -0.00271947355941], [0.000545305956621, 0.00097064638976, -0.00234702206217, 0.00450520124286, -0.00377771630883, 0.00326585676521, -0.00032359152101, -0.0069355382584, 0.0170135609806, -0.0345425605774, 0.0511515624821, -0.033002410084, 0.0125867594033], [-7.06149367034e-05, 0.000668510328978, 0.000440713978605, -0.00199062330648, 0.00585061544552, -0.00535753043368, 0.00104261864908, 0.00158981245477, -0.00603866949677, 0.0148958228528, -0.033002410084, 0.0484224744141, -0.0255817696452], [3.9852111513e-06, -0.000583451997954, 0.000876198348124, 0.000978547264822, -0.0041606137529, 0.00380933890119, 0.000339925987646, -0.000676998868585, 0.000802052090876, -0.00271947355941, 0.0125867594033, -0.0255817696452, 0.0220750235021]]}, "spectral_contrast_coeffs": {"dmean": [0.0508902668953, 0.0506865605712, 0.0402147956192, 0.0260656755418, 0.0145545052364, 0.0138827767223], "dmean2": [0.0772866457701, 0.0749535784125, 0.0600598715246, 0.0394030623138, 0.023564433679, 0.0228138528764], "dvar": [0.0025380551815, 0.00269990274683, 0.00159239536151, 0.000645316264126, 0.000189358368516, 0.000261594599579], "dvar2": [0.00499693630263, 0.0052697234787, 0.00329101225361, 0.0012597598834, 0.000444377306849, 0.000631635601167], "max": [-0.230779707432, -0.276824235916, -0.360828757286, -0.53602796793, -0.67562609911, -0.643104434013], "mean": [-0.581552326679, -0.595473468304, -0.743486881256, -0.817553281784, -0.869713902473, -0.848813474178], "median": [-0.574823558331, -0.585363507271, -0.752206265926, -0.829103767872, -0.876900911331, -0.850886106491], "min": [-0.973264038563, -0.967281341553, -0.960319936275, -0.97388112545, -0.960514903069, -0.959874391556], "var": [0.0167495850474, 0.0132122635841, 0.00941727217287, 0.00380039168522, 0.0010804241756, 0.00134711305145]}, "spectral_contrast_valleys": {"dmean": [0.435553967953, 0.480737119913, 0.504981696606, 0.410519570112, 0.349345952272, 0.397352397442], "dmean2": [0.694958388805, 0.733318269253, 0.781194508076, 0.605229198933, 0.459788948298, 0.514564931393], "dvar": [0.196372628212, 0.300983518362, 0.369118988514, 0.274933576584, 0.249158605933, 0.269128829241], "dvar2": [0.382971