{"lowlevel": {"average_loudness": 0.418221384287, "barkbands_crest": {"dmean": 1.27899897099, "dmean2": 1.98705875874, "dvar": 1.89833760262, "dvar2": 4.65996694565, "max": 25.9475440979, "mean": 13.7069578171, "median": 12.8916959763, "min": 4.2140455246, "var": 21.1318740845}, "barkbands_flatness_db": {"dmean": 0.0124888420105, "dmean2": 0.0198866352439, "dvar": 0.000222866641707, "dvar2": 0.000528809381649, "max": 0.560093283653, "mean": 0.420154869556, "median": 0.428673624992, "min": 0.0429939702153, "var": 0.00542937545106}, "barkbands_kurtosis": {"dmean": 1.97425734997, "dmean2": 2.99379563332, "dvar": 14.101140976, "dvar2": 34.5350952148, "max": 108.372039795, "mean": 8.06315517426, "median": 4.42503976822, "min": -1.83093547821, "var": 117.268539429}, "barkbands_skewness": {"dmean": 0.256676882505, "dmean2": 0.393841683865, "dvar": 0.100076772273, "dvar2": 0.229274183512, "max": 8.56174659729, "mean": 1.50117754936, "median": 1.28610992432, "min": -2.24520015717, "var": 1.55272161961}, "barkbands_spread": {"dmean": 0.530651509762, "dmean2": 0.770646989346, "dvar": 2.7915327549, "dvar2": 4.4465303421, "max": 110.050827026, "mean": 4.00274896622, "median": 2.34263467789, "min": 0.386305570602, "var": 89.2923431396}, "dissonance": {"dmean": 0.0479080267251, "dmean2": 0.0831286609173, "dvar": 0.00211976515129, "dvar2": 0.00578408641741, "max": 0.499917268753, "mean": 0.333149969578, "median": 0.333782672882, "min": 0.105918392539, "var": 0.007603158243}, "dynamic_complexity": 8.07875347137, "erbbands_crest": {"dmean": 1.43122279644, "dmean2": 2.26595878601, "dvar": 2.3553237915, "dvar2": 6.33895778656, "max": 32.9133644104, "mean": 14.8684778214, "median": 13.4035587311, "min": 2.64541220665, "var": 42.2051086426}, "erbbands_flatness_db": {"dmean": 0.00960998330265, "dmean2": 0.0154462875798, "dvar": 0.000164242024766, "dvar2": 0.00038056995254, "max": 0.56132620573, "mean": 0.364740729332, "median": 0.369019269943, "min": 0.0367909148335, "var": 0.00558274425566}, "erbbands_kurtosis": {"dmean": 0.850246250629, "dmean2": 1.29691708088, "dvar": 1.94983065128, "dvar2": 5.15732479095, "max": 27.2445907593, "mean": 3.27182745934, "median": 1.67010688782, "min": -1.52544915676, "var": 20.3886184692}, "erbbands_skewness": {"dmean": 0.193783730268, "dmean2": 0.290871560574, "dvar": 0.051110252738, "dvar2": 0.12442496419, "max": 4.20542860031, "mean": 1.00895357132, "median": 0.910477042198, "min": -1.79142034054, "var": 0.849682152271}, "erbbands_spread": {"dmean": 1.10019469261, "dmean2": 1.70763218403, "dvar": 4.14634561539, "dvar2": 9.30760574341, "max": 125.57346344, "mean": 10.2904453278, "median": 8.27484321594, "min": 0.927793622017, "var": 119.525535583}, "hfc": {"dmean": 0.90650844574, "dmean2": 1.29122650623, "dvar": 6.43716144562, "dvar2": 11.3139848709, "max": 55.2911491394, "mean": 5.37312269211, "median": 1.70108175278, "min": 1.20236776849e-16, "var": 70.3577041626}, "melbands_crest": {"dmean": 1.50683164597, "dmean2": 2.31060409546, "dvar": 2.79406952858, "dvar2": 6.82692861557, "max": 33.4860458374, "mean": 17.7248592377, "median": 17.1550369263, "min": 1.59531378746, "var": 39.8319892883}, "melbands_flatness_db": {"dmean": 0.0135617014021, "dmean2": 0.0214621275663, "dvar": 0.000278480089037, "dvar2": 0.000609747890849, "max": 0.719492077827, "mean": 0.558338940144, "median": 0.572739839554, "min": 0.00460952427238, "var": 0.00929501373321}, "melbands_kurtosis": {"dmean": 2.23584055901, "dmean2": 3.37449002266, "dvar": 14.2160177231, "dvar2": 30.2148265839, "max": 126.567565918, "mean": 9.5552854538, "median": 5.6651096344, "min": -1.59943461418, "var": 127.791954041}, "melbands_skewness": {"dmean": 0.266848623753, "dmean2": 0.414650589228, "dvar": 0.103798754513, "dvar2": 0.246067851782, "max": 8.06353664398, "mean": 1.83220648766, "median": 1.646048069, "min": -2.29441595078, "var": 1.51280367374}, "melbands_spread": {"dmean": 0.757530510426, "dmean2": 1.15165483952, "dvar": 7.71376609802, "dvar2": 14.9702377319, "max": 168.924880981, "mean": 5.56466913223, "median": 3.06754016876, "min": 0.580739915371, "var": 223.888870239}, "pitch_salience": {"dmean": 0.0384299084544, "dmean2": 0.0600397400558, "dvar": 0.00165944686159, "dvar2": 0.00432534795254, "max": 0.828780472279, "mean": 0.466350823641, "median": 0.473540574312, "min": 0.0911840796471, "var": 0.0205080602318}, "silence_rate_20dB": {"dmean": 0, "dmean2": 0, "dvar": 0, "dvar2": 0, "max": 1, "mean": 1, "median": 1, "min": 1, "var": 0}, "silence_rate_30dB": {"dmean": 0.00927213765681, "dmean2": 0.0185528751463, "dvar": 0.0091860499233, "dvar2": 0.0191356819123, "max": 1, "mean": 0.983317911625, "median": 1, "min": 0, "var": 0.0164039544761}, "silence_rate_60dB": {"dmean": 0.0213259160519, "dmean2": 0.0426716133952, "dvar": 0.0208706408739, "dvar2": 0.0473453477025, "max": 1, "mean": 0.298424452543, "median": 0, "min": 0, "var": 0.20936602354}, "spectral_centroid": {"dmean": 23.14802742, "dmean2": 32.1961288452, "dvar": 30470.5351562, "dvar2": 33469.7109375, "max": 11454.5419922, "mean": 380.485412598, "median": 304.539672852, "min": 132.529953003, "var": 278276.59375}, "spectral_complexity": {"dmean": 0.638850271702, "dmean2": 1.11595547199, "dvar": 0.710076451302, "dvar2": 1.51715874672, "max": 16, "mean": 5.49490261078, "median": 5, "min": 0, "var": 8.68366241455}, "spectral_decrease": {"dmean": 7.85564946426e-10, "dmean2": 1.12532061447e-09, "dvar": 3.22194313894e-18, "dvar2": 5.69555045337e-18, "max": -3.90660143818e-29, "mean": -4.82325290818e-09, "median": -2.05793959651e-09, "min": -4.44452652459e-08, "var": 4.31667015075e-17}, "spectral_energy": {"dmean": 0.00304493564181, "dmean2": 0.00436104880646, "dvar": 4.87706965941e-05, "dvar2": 8.62082160893e-05, "max": 0.171897500753, "mean": 0.0186913963407, "median": 0.00791726633906, "min": 1.10532687899e-20, "var": 0.000649482070003}, "spectral_energyband_high": {"dmean": 8.76374439684e-09, "dmean2": 1.49783474512e-08, "dvar": 3.31939056548e-16, "dvar2": 9.13447212462e-16, "max": 4.02319329851e-07, "mean": 6.27265066555e-08, "median": 5.61300659285e-08, "min": 7.890945999e-21, "var": 6.05426645808e-16}, "spectral_energyband_low": {"dmean": 0.00111643166747, "dmean2": 0.00152554595843, "dvar": 6.77172602082e-06, "dvar2": 1.15863504107e-05, "max": 0.107049226761, "mean": 0.00668136496097, "median": 0.00253224326298, "min": 1.26648147345e-22, "var": 0.000144902951433}, "spectral_energyband_middle_high": {"dmean": 0.000115858572826, "dmean2": 0.000141909724334, "dvar": 4.82288214698e-07, "dvar2": 8.82379936229e-07, "max": 0.0227934475988, "mean": 0.000530255376361, "median": 6.85806371621e-05, "min": 1.80695262211e-21, "var": 2.61895525e-06}, "spectral_energyband_middle_low": {"dmean": 0.0023696818389, "dmean2": 0.00344324647449, "dvar": 3.29277936544e-05, "dvar2": 6.27746412647e-05, "max": 0.12973600626, "mean": 0.0124055948108, "median": 0.00353979738429, "min": 1.72413237497e-22, "var": 0.000368973618606}, "spectral_entropy": {"dmean": 0.0879856646061, "dmean2": 0.138231173158, "dvar": 0.0172231700271, "dvar2": 0.0386980697513, "max": 9.80829429626, "mean": 5.10134029388, "median": 5.03303050995, "min": 3.57576084137, "var": 0.48913064599}, "spectral_flux": {"dmean": 0.00890970323235, "dmean2": 0.0151473702863, "dvar": 0.00033413147321, "dvar2": 0.00084118405357, "max": 0.257102310658, "mean": 0.0240550059825, "median": 0.016178406775, "min": 1.05134526085e-10, "var": 0.000713943736628}, "spectral_kurtosis": {"dmean": 26.1634349823, "dmean2": 45.0620994568, "dvar": 736.310180664, "dvar2": 2081.05200195, "max": 375.715759277, "mean": 153.922744751, "median": 151.775650024, "min": -1.14130318165, "var": 5554.60351562}, "spectral_rms": {"dmean": 0.000301520252833, "dmean2": 0.000432991771959, "dvar": 2.77169533547e-07, "dvar2": 4.71625185128e-07, "max": 0.0129500925541, "mean": 0.00345626776107, "median": 0.00277923746035, "min": 3.28385083882e-12, "var": 6.28970792604e-06}, "spectral_rolloff": {"dmean": 56.1736907959, "dmean2": 92.7440414429, "dvar": 214368.0625, "dvar2": 407886.65625, "max": 18863.0859375, "mean": 696.675842285, "median": 387.59765625, "min": 107.666015625, "var": 5370508}, "spectral_skewness": {"dmean": 0.962507724762, "dmean2": 1.66470563412, "dvar": 1.0168210268, "dvar2": 2.84286117554, "max": 16.1267929077, "mean": 9.88268852234, "median": 10.1634559631, "min": -0.0711819007993, "var": 7.64442062378}, "spectral_spread": {"dmean": 302558.25, "dmean2": 536318.3125, "dvar": 631139336192, "dvar2": 1042928107520.0, "max": 39114556, "mean": 1274273.75, "median": 867761.125, "min": 247385.78125, "var": 3553608597500.0}, "spectral_strongpeak": {"dmean": 0.157026737928, "dmean2": 0.263379722834, "dvar": 0.1132344082, "dvar2": 0.253309965134, "max": 5.73878192902, "mean": 0.683589696884, "median": 0.303355038166, "min": 4.43108305603e-09, "var": 0.764899730682}, "zerocrossingrate": {"dmean": 0.00221345108002, "dmean2": 0.0028544976376, "dvar": 9.86738377833e-05, "dvar2": 0.000162466836628, "max": 0.48876953125, "mean": 0.0228804331273, "median": 0.01318359375, "min": 0.00341796875, "var": 0.00375117617659}, "barkbands": {"dmean": [9.97140318759e-07, 0.000464974436909, 0.000693404988851, 0.00043418633868, 0.000970511056948, 0.000704468635377, 0.000828727788758, 0.000184142787475, 2.70341006399e-05, 7.51756087993e-05, 2.18425248022e-05, 1.80545048352e-05, 1.01519844975e-05, 6.25893380857e-06, 8.9914929049e-06, 1.38176665132e-06, 2.08029916848e-07, 3.73081121552e-08, 9.42844291529e-09, 2.97699931373e-09, 2.52318654859e-09, 1.55103674349e-09, 1.47757051039e-09, 1.48912138176e-09, 1.7822627818e-09, 1.9285038011e-09, 2.22282392492e-09], "dmean2": [1.7446432139e-06, 0.000651823182125, 0.000989757128991, 0.000645822437946, 0.00151567859575, 0.00115370890126, 0.00118720228784, 0.000236610430875, 3.58076176781e-05, 9.58687378443e-05, 2.97387123283e-05, 2.30969235417e-05, 1.29212794491e-05, 9.4349070423e-06, 1.09028978841e-05, 1.90291473245e-06, 2.51570355658e-07, 4.71585508421e-08, 1.2642555447e-08, 4.67916461133e-09, 4.15317469304e-09, 2.74582734328e-09, 2.57881049848e-09, 2.58615395765e-09, 3.11614622994e-09, 3.37324213007e-09, 3.89329857242e-09], "dvar": [3.59124557349e-12, 1.41036866808e-06, 3.01416480397e-06, 9.9126123132e-07, 1.043883276e-05, 5.17068110639e-06, 7.15087571734e-06, 1.175711418e-06, 1.00357118171e-08, 2.8541845154e-07, 4.52438353449e-09, 1.73600369635e-08, 1.86921189638e-09, 2.118693887e-09, 6.63824417657e-09, 2.01872227268e-10, 4.61039192934e-12, 1.09560364253e-13, 1.25966674158e-15, 1.1566806642e-16, 8.37733584285e-17, 5.25706780092e-18, 3.27791038598e-18, 2.92379767447e-18, 3.37655684391e-18, 3.60786859643e-18, 4.55953120577e-18], "dvar2": [1.085618314e-11, 2.14538999899e-06, 5.99179793426e-06, 2.07423681786e-06, 2.20033271034e-05, 1.28256215248e-05, 1.29093814394e-05, 1.47860134803e-06, 1.99700735948e-08, 5.157090186e-07, 7.65462981889e-09, 3.69993387039e-08, 3.23192739238e-09, 3.74191255759e-09, 1.08615010319e-08, 4.21383344884e-10, 7.47011653923e-12, 1.90257830107e-13, 1.89494166377e-15, 2.45492885655e-16, 1.93328414538e-16, 1.65767292541e-17, 1.07359374657e-17, 9.30941735001e-18, 1.06045605049e-17, 1.15348979844e-17, 1.39135501344e-17], "max": [2.38583288592e-05, 0.0612591132522, 0.0433418788016, 0.0228665433824, 0.0697385817766, 0.0859389528632, 0.0661677867174, 0.0540405362844, 0.00347451609559, 0.0177790876478, 0.00162754766643, 0.00477971415967, 0.00101634545717, 0.00180580234155, 0.003133475082, 0.000544734997675, 0.000118062598631, 1.4928255041e-05, 9.78484308689e-07, 3.71511191588e-07, 2.5334574616e-07, 3.67704728887e-08, 2.669076693e-08, 2.4426864087e-08, 2.89369594952e-08, 3.24522488881e-08, 3.56015554814e-08], "mean": [1.60429351581e-06, 0.00296653131954, 0.00280675431713, 0.00166488334071, 0.00314544443972, 0.00273428554647, 0.00381414312869, 0.000903101230506, 0.000101950659882, 0.000312404241413, 5.1581657317e-05, 8.44816386234e-05, 3.53426694346e-05, 1.86486195162e-05, 4.07958068536e-05, 8.6056006694e-06, 6.4356868279e-07, 1.32646889028e-07, 3.39953558637e-08, 7.60123963772e-09, 5.97714500117e-09, 4.54685844531e-09, 4.95909358023e-09, 6.31148244779e-09, 8.86058693084e-09, 1.23365255789e-08, 1.57647335186e-08], "median": [4.67424570161e-07, 0.000435057212599, 0.0011116071837, 0.000407242710935, 0.000579950516112, 0.000290932453936, 0.000308572489303, 1.78172704182e-05, 1.16435285236e-05, 2.45883729804e-05, 6.06273533776e-06, 3.08079870592e-06, 3.26242115989e-06, 5.44835870642e-07, 1.27719931697e-06, 1.44029087323e-07, 6.92327395413e-09, 4.17719636658e-09, 3.43391892699e-09, 3.02689961984e-09, 3.66408325903e-09, 3.99153243791e-09, 4.58718485419e-09, 6.06935257608e-09, 8.53266346468e-09, 1.21768541916e-08, 1.55433319549e-08], "min": [1.10652233332e-23, 8.70490022883e-23, 2.84583906587e-23, 9.81665294661e-24, 4.96739085586e-23, 1.56080942149e-23, 2.72559836234e-23, 4.39422503251e-23, 1.94311744857e-23, 9.38892846172e-23, 9.60600341909e-23, 1.07830167063e-22, 1.69221493652e-22, 1.54396954464e-22, 1.7206401824e-22, 2.16492184795e-22, 1.71879210218e-22, 2.36200025422e-22, 2.07570041739e-22, 4.13052441979e-22, 4.38996272238e-22, 5.8544515647e-22, 6.52438001332e-22, 1.08638793667e-21, 1.084868376e-21, 1.56395872462e-21, 2.43185586899e-21], "var": [8.38381274126e-12, 5.84136141697e-05, 2.34277995332e-05, 7.97945085651e-06, 6.18298072368e-05, 4.71704770462e-05, 8.14470840851e-05, 1.31185452119e-05, 1.0163174835e-07, 1.5478884734e-06, 2.00535854589e-08, 9.38691684382e-08, 9.46888256692e-09, 9.71449676257e-09, 4.29038173877e-08, 1.57422841429e-09, 2.36628546618e-11, 5.36327492834e-13, 1.16750252654e-14, 2.98868719766e-16, 1.54500397766e-16, 6.42784517786e-18, 3.4209553497e-18, 3.27156404953e-18, 3.93199063406e-18, 4.40658509692e-18, 5.94235550556e-18]}, "erbbands": {"dmean": [0.00619936687872, 0.131218507886, 0.659320890903, 1.1908788681, 1.97915196419, 4.32099342346, 3.72006320953, 6.81877565384, 12.348651886, 7.57700300217, 3.13532066345, 0.669022798538, 1.00379276276, 2.58299612999, 0.8146007061, 0.819060325623, 0.516615450382, 0.340027272701, 0.58948302269, 0.124508351088, 0.0890329107642, 0.0128023205325, 0.00301882019266, 0.000812416197732, 0.000262425717665, 0.000158358190674, 0.000133741952595, 6.99002339388e-05, 5.80579289817e-05, 4.84801894345e-05, 4.32500019087e-05, 3.40726728609e-05, 2.77347207884e-05, 2.14785322896e-05, 1.53553355631e-05, 8.83403390617e-06, 4.61249192085e-06, 1.68061808381e-06, 1.55482268838e-06, 3.36168750437e-06], "dmean2": [0.00907590705901, 0.182835996151, 0.935762703419, 1.61820411682, 2.92540836334, 6.88119077682, 5.62959289551, 11.5726308823, 18.3883304596, 9.6135187149, 3.87139081955, 0.891002178192, 1.21944761276, 3.26844477654, 1.08175981045, 1.03238344193, 0.654363334179, 0.47802489996, 0.745718419552, 0.148113831878, 0.12049203366, 0.0155011182651, 0.00332931382582, 0.00096449436387, 0.000412803172367, 0.000243451606366, 0.000214511121158, 0.000121654738905, 0.000102680663986, 8.51557415444e-05, 7.58785899961e-05, 5.89821538597e-05, 4.78587244288e-05, 3.73442198907e-05, 2.64406680799e-05, 1.52054017235e-05, 7.88398028817e-06, 2.89819831778e-06, 2.288874839e-06, 4.81436200062e-06], "dvar": [0.000213503561099, 0.109746307135, 2.47680139542, 8.003865242, 33.783416748, 270.021514893, 139.442687988, 475.685882568, 1626.91479492, 1024.42456055, 397.738708496, 6.14559936523, 19.3150882721, 373.732299805, 6.34210348129, 41.3599357605, 4.89389228821, 5.92466974258, 23.7617015839, 0.955750644207, 0.980750262737, 0.0129308355972, 0.000721869058907, 1.25307342387e-05, 1.22520168588e-06, 2.99084916833e-07, 3.51065921222e-07, 1.25793526706e-08, 6.90429935446e-09, 4.17592671553e-09, 2.59063170915e-09, 1.49291246032e-09, 8.68434824053e-10, 4.46959025346e-10, 2.25636592743e-10, 7.61996299392e-11, 1.88431648757e-11, 2.08825643409e-12, 1.03556902636e-11, 5.98438174015e-11], "dvar2": [0.000368329667253, 0.167990252376, 4.92388057709, 14.8117179871, 74.2310028076, 579.037902832, 298.497131348, 1304.48376465, 3269.68505859, 1193.1315918, 464.371673584, 11.7016496658, 35.5789833069, 651.73815918, 11.1713666916, 88.7811050415, 9.22483730316, 9.49004364014, 39.2148590088, 1.539732337, 2.03848719597, 0.0230181086808, 0.000861576001626, 1.51511258082e-05, 2.53962116403e-06, 5.59156092095e-07, 8.03185741916e-07, 3.53537181752e-08, 2.17266258318e-08, 1.33967041904e-08, 8.41498426496e-09, 4.76055506127e-09, 2.66049071662e-09, 1.35417643765e-09, 6.73029243448e-10, 2.22923721149e-10, 5.29149363215e-11, 6.42032260689e-12, 1.80802508382e-11, 1.05713354737e-10], "max": [0.708805978298, 17.5940341949, 53.0480651855, 61.1791267395, 153.391464233, 387.192993164, 400.004699707, 755.381347656, 1037.14953613, 1738.47998047, 1016.37799072, 68.1065750122, 109.403701782, 650.640930176, 51.4807090759, 240.039428711, 53.5519256592, 92.2502212524, 185.6355896, 38.671497345, 38.2005386353, 4.33034658432, 1.32827591896, 0.124017119408, 0.0292250439525, 0.0169790498912, 0.0160812605172, 0.00231067137793, 0.00141031981912, 0.00098772556521, 0.00080211966997, 0.000596390222199, 0.000472175015602, 0.000363741477486, 0.000277189625194, 0.000181292256457, 8.91591480467e-05, 2.5047789677e-05, 8.1092955952e-05, 0.000189252532437], "mean": [0.0348150469363, 0.842200160027, 2.85606789589, 5.17603111267, 7.55494022369, 11.4130220413, 14.0220489502, 24.6094398499, 57.1811447144, 33.5393829346, 17.4598903656, 3.04234695435, 4.5642747879, 10.6001367569, 2.57537412643, 4.09292650223, 1.98133599758, 1.05749714375, 2.68629169464, 0.513117551804, 0.57847070694, 0.0616045184433, 0.0119473030791, 0.00338523741812, 0.000746709934901, 0.000420179771027, 0.000310534145683, 0.000187146360986, 0.000167795675225, 0.000157782866154, 0.000150280437083, 0.000135716458317, 0.000119354474009, 0.000100449287856, 7.740775618e-05, 5.25700306753e-05, 2.86673039227e-05, 1.01473669929e-05, 1.09948496174e-05, 2.08209221455e-05], "median": [0.00699792895466, 0.140471562743, 1.23466014862, 1.78481149673, 1.56643199921, 2.03331565857, 1.62781500816, 3.53858661652, 5.78633546829, 2.60561656952, 0.787160158157, 0.43978792429, 0.545372724533, 0.981474161148, 0.370306819677, 0.276723206043, 0.220151811838, 0.0900001376867, 0.1183629632, 0.0190580245107, 0.00782143883407, 0.00112743023783, 0.000310271279886, 0.000200782698812, 0.000169014674611, 0.000149964675074, 0.000155961111886, 0.00014466047287, 0.000145080048242, 0.000142121731187, 0.000138339004479, 0.0001273513044, 0.000112188266939, 9.39528981689e-05, 7.20484749763e-05, 4.83260409965e-05, 2.61764325842e-05, 9.8304135463e-06, 5.96291056354e-06, 8.89245529834e-06], "min": [4.51971284751e-21, 1.22753869475e-20, 2.87606239964e-20, 2.63475959779e-20, 4.28377129078e-20, 1.6496894641e-19, 3.24599062352e-19, 1.09339964542e-19, 1.92496496145e-19, 8.82778316655e-19, 7.30417955075e-19, 4.47283078686e-19, 1.50401908082e-18, 4.71501593193e-18, 3.84013222704e-18, 3.62675437058e-18, 6.88121749493e-18, 7.41232824596e-18, 1.02926340046e-17, 9.58827234221e-18, 1.25944584465e-17, 8.62994058918e-18, 8.38963552225e-18, 1.58690927836e-17, 1.05741310117e-17, 2.20719861939e-17, 1.48890855898e-17, 1.99881924994e-17, 1.88587584367e-17, 2.05355015148e-17, 2.10953919473e-17, 2.13120255867e-17, 1.69374230145e-17, 1.04836118101e-17, 8.2977142495e-18, 5.2706492794e-18, 3.11700804041e-18, 1.37026955924e-18, 3.34630178243e-19, 3.41809123683e-20], "var": [0.00629064626992, 4.53594636917, 26.3740615845, 65.1433258057, 301.070739746, 1035.92382812, 1202.08996582, 3583.58886719, 19014.7441406, 12279.7558594, 4716.86035156, 57.6352424622, 146.882095337, 2097.35107422, 33.619468689, 229.136505127, 24.1057662964, 22.5183525085, 154.80696106, 5.74848747253, 7.69735813141, 0.0842815861106, 0.00471989205107, 0.000160111463629, 3.34220044351e-06, 9.33798048663e-07, 6.52611277019e-07, 2.49145397646e-08, 9.24502163713e-09, 5.17176834691e-09, 3.38198113958e-09, 2.24142704397e-09, 1.53212553755e-09, 9.4799013084e-10, 5.78078140911e-10, 2.85328427552e-10, 8.99533017518e-11, 4.84322174379e-12, 1.40151987238e-10, 7.92141074957e-10]}, "gfcc": {"mean": [-276.553771973, 221.440002441, -25.599647522, -44.1069145203, -35.3779563904, 4.77331018448, -32.5162696838, -18.4028339386, -11.7489490509, -2.0399684906, -9.19239902496, -7.02202653885, -4.59804439545], "cov": [[8665.96777344, 4782.28125, -1497.28674316, -1995.7331543, 837.729125977, -283.67388916, -454.754394531, -440.578552246, 524.70489502, -50.2137756348, 316.650909424, -214.317153931, 103.557273865], [4782.28125, 3251.77246094, -130.516952515, -978.914245605, 327.759613037, -13.1772651672, -104.238548279, -310.157653809, 192.803161621, -23.7228145599, 171.857437134, -154.5730896, 36.913898468], [-1497.28674316, -130.516952515, 1505.72497559, 851.463745117, -260.471618652, 220.18069458, 360.421081543, 67.0060806274, -211.432159424, -1.40045273304, -57.7810668945, -9.07283210754, -37.2010116577], [-1995.7331543, -978.914245605, 851.463745117, 958.215454102, 5.53373908997, 102.679588318, 181.828216553, 195.140914917, -77.9165878296, -17.3541069031, -114.724472046, 50.5608634949, 12.021481514], [837.729125977, 327.759613037, -260.471618652, 5.53373908997, 441.437805176, 16.3849964142, -104.631538391, 35.3839111328, 203.95149231, -15.0597734451, -27.7428665161, -24.1003475189, 59.7385101318], [-283.67388916, -13.1772651672, 220.18069458, 102.679588318, 16.3849964142, 178.189941406, 91.1268768311, -27.1240081787, -37.9744491577, 24.7585449219, -31.4347286224, -31.3954200745, -12.4379386902], [-454.754394531, -104.238548279, 360.421081543, 181.828216553, -104.631538391, 91.1268768311, 180.112594604, 32.1383666992, -86.6605987549, 6.7979850769, 12.0404243469, -17.7795352936, -39.6035995483], [-440.578552246, -310.157653809, 67.0060806274, 195.140914917, 35.3839111328, -27.1240081787, 32.1383666992, 147.914047241, 72.0311279297, -12.00385952, -32.8294296265, 27.9129238129, -0.695129036903], [524.70489502, 192.803161621, -211.432159424, -77.9165878296, 203.95149231, -37.9744491577, -86.6605987549, 72.0311279297, 218.571548462, 29.2671108246, -12.0436811447, -2.32613825798, 36.6705970764], [-50.2137756348, -23.7228145599, -1.40045273304, -17.3541069031, -15.0597734451, 24.7585449219, 6.7979850769, -12.00385952, 29.2671108246, 74.0987930298, 41.1085624695, 8.6068687439, 1.96750628948], [316.650909424, 171.857437134, -57.7810668945, -114.724472046, -27.7428665161, -31.4347286224, 12.0404243469, -32.8294296265, -12.0436811447, 41.1085624695, 120.373588562, 43.0862464905, -5.14953899384], [-214.317153931, -154.5730896, -9.07283210754, 50.5608634949, -24.1003475189, -31.3954200745, -17.7795352936, 27.9129238129, -2.32613825798, 8.6068687439, 43.0862464905, 92.8957138062, 37.3586883545], [103.557273865, 36.913898468, -37.2010116577, 12.021481514, 59.7385101318, -12.4379386902, -39.6035995483, -0.695129036903, 36.6705970764, 1.96750628948, -5.14953899384, 37.3586883545, 72.4483261108]], "icov": [[0.00329118757509, -0.0051938937977, 0.0047542382963, -0.00351317343302, 0.00120923423674, 0.00125917082187, -0.00234433496371, 0.00237537780777, -0.00292247277685, 0.00281888362952, -0.00298243900761, 0.00240439572372, -0.00112264009658], [-0.0051938937977, 0.0112203620374, -0.0133157055825, 0.0136665841565, -0.00848165061325, 0.00147260155063, 0.00432629184797, -0.00446774205193, 0.00665493961424, -0.0052564474754, 0.00488100526854, -0.00367039116099, 0.00118448119611], [0.0047542382963, -0.0133157055825, 0.0234213173389, -0.0281198732555, 0.0220026243478, -0.00949153956026, -0.00810108147562, 0.0138917071745, -0.0194033011794, 0.0173713229597, -0.0128704495728, 0.00836775172502, -0.00326618226245], [-0.00351317343302, 0.0136665841565, -0.0281198732555, 0.0399764552712, -0.0338108204305, 0.0178482793272, 0.00337803922594, -0.0198704823852, 0.0302259493619, -0.0292727407068, 0.0243335813284, -0.0158037170768, 0.00495996652171], [0.00120923423674, -0.00848165061325, 0.0220026243478, -0.0338108204305, 0.0382197462022, -0.0257935803384, 0.00639765243977, 0.0118856113404, -0.0321413502097, 0.0368765518069, -0.0330462753773, 0.0241601318121, -0.0123703610152], [0.00125917082187, 0.00147260155063, -0.00949153956026, 0.0178482793272, -0.0257935803384, 0.035714853555, -0.0241176169366, 0.0103187244385, 0.0137270381674, -0.0320088788867, 0.0387902073562, -0.0284504499286, 0.0152788404375], [-0.00234433496371, 0.00432629184797, -0.00810108147562, 0.00337803922594, 0.00639765243977, -0.0241176169366, 0.0457658469677, -0.0347072631121, 0.0143735166639, 0.00969746056944, -0.0339951366186, 0.033289629966, -0.0154258878902], [0.00237537780777, -0.00446774205193, 0.0138917071745, -0.0198704823852, 0.0118856113404, 0.0103187244385, -0.0347072631121, 0.0609830990434, -0.0440020598471, 0.0215009171516, 0.0106927799061, -0.0231888778508, 0.0173007920384], [-0.00292247277685, 0.00665493961424, -0.0194033011794, 0.0302259493619, -0.0321413502097, 0.0137270381674, 0.0143735166639, -0.0440020598471, 0.0582719370723, -0.0490854941308, 0.0256800204515, -0.00749769527465, -0.00036822722177], [0.00281888362952, -0.0052564474754, 0.0173713229597, -0.0292727407068, 0.0368765518069, -0.0320088788867, 0.00969746056944, 0.0215009171516, -0.0490854941308, 0.0764244347811, -0.0590120926499, 0.0357642062008, -0.017835913226], [-0.00298243900761, 0.00488100526854, -0.0128704495728, 0.0243335813284, -0.0330462753773, 0.0387902073562, -0.0339951366186, 0.0106927799061, 0.0256800204515, -0.0590120926499, 0.0821705907583, -0.0641508176923, 0.0340822450817], [0.00240439572372, -0.00367039116099, 0.00836775172502, -0.0158037170768, 0.0241601318121, -0.0284504499286, 0.033289629966, -0.0231888778508, -0.00749769527465, 0.0357642062008, -0.0641508176923, 0.0721156820655, -0.0404016561806], [-0.00112264009658, 0.00118448119611, -0.00326618226245, 0.00495996652171, -0.0123703610152, 0.0152788404375, -0.0154258878902, 0.0173007920384, -0.00036822722177, -0.017835913226, 0.0340822450817, -0.0404016561806, 0.0407875292003]]}, "melbands": {"dmean": [9.53914204729e-05, 0.000276881444734, 0.000207597055123, 0.000218648216105, 0.000152690554387, 0.000151224623551, 0.000183028299944, 7.28451777832e-05, 2.12607355934e-05, 3.67734651263e-06, 5.33697493665e-06, 1.12927182272e-05, 3.18651950693e-06, 2.03781905839e-06, 1.53256439717e-06, 9.46457078044e-07, 6.06319588314e-07, 9.11603649456e-07, 4.04906103313e-07, 8.43337204515e-08, 1.0336712819e-07, 1.06081072815e-08, 6.20266105145e-09, 5.24608301244e-10, 6.89943213672e-10, 2.1304599751e-10, 1.32652402951e-10, 1.11405037972e-10, 9.88462228735e-11, 5.24725679574e-11, 4.12266401573e-11, 3.6760226807e-11, 3.17230547386e-11, 2.92354335185e-11, 2.80261872737e-11, 2.55133501131e-11, 2.31044003374e-11, 2.1639155745e-11, 2.17431888466e-11, 2.05314550084e-11], "dmean2": [0.000135308422614, 0.000389678811189, 0.000290838361252, 0.000334955315338, 0.000233939324971, 0.000252063968219, 0.000269274256425, 9.11345487111e-05, 2.73758414551e-05, 4.86211411044e-06, 6.61498052068e-06, 1.43466941154e-05, 4.24835252488e-06, 2.56982229985e-06, 1.99095779863e-06, 1.22369647215e-06, 8.75516093402e-07, 1.18789330372e-06, 4.81894005588e-07, 1.03734450363e-07, 1.44109435496e-07, 1.25303296628e-08, 6.82535317154e-09, 7.66261221141e-10, 8.11080702601e-10, 3.38816086298e-10, 2.12878339956e-10, 1.6544197956e-10, 1.58705965037e-10, 9.00479760202e-11, 7.21851536878e-11, 6.44759801105e-11, 5.58897234049e-11, 5.08070148453e-11, 4.92428042786e-11, 4.44392404819e-11, 3.98706900828e-11, 3.78028233716e-11, 3.73199110504e-11, 3.56372431565e-11], "dvar": [5.75823939641e-08, 4.19184942757e-07, 2.36795401065e-07, 4.98750807765e-07, 2.39672147018e-07, 2.44136515448e-07, 3.55704088406e-07, 9.78909255878e-08, 1.85027104749e-08, 1.84431275807e-10, 5.878240672e-10, 7.44461248203e-09, 9.53745624144e-11, 1.96662616747e-10, 8.06052238844e-11, 1.74718330082e-11, 2.54908125857e-11, 5.09918704483e-11, 1.25007695168e-11, 4.77089721895e-13, 1.4581731005e-12, 1.38200150786e-14, 4.09839263221e-15, 3.1945150706e-18, 8.54688503823e-18, 1.03885995702e-18, 2.67363902529e-19, 1.20921552942e-19, 2.36027871082e-19, 9.19670633367e-21, 3.53538528613e-21, 2.47519904257e-21, 1.64369421008e-21, 1.21787835206e-21, 9.2746000498e-22, 7.56412140559e-22, 5.50765770848e-22, 4.72066280639e-22, 4.24635520153e-22, 3.47191745045e-22], "dvar2": [9.05148311858e-08, 7.89615285157e-07, 4.58326155695e-07, 1.0464539173e-06, 5.27633744696e-07, 6.2929922251e-07, 6.90986041718e-07, 1.16039899467e-07, 2.26124452496e-08, 3.83537646087e-10, 1.12619835679e-09, 1.30736239612e-08, 1.5902569539e-10, 4.02610889072e-10, 1.80864045962e-10, 2.74569134789e-11, 4.12903079783e-11, 8.61357166149e-11, 2.01003449996e-11, 7.8525212591e-13, 3.08000695261e-12, 2.2250672916e-14, 4.89686136895e-15, 7.06121902725e-18, 1.0353823036e-17, 2.10619250469e-18, 6.32210006271e-19, 2.11708076064e-19, 5.39741553545e-19, 2.36295224904e-20, 1.02101907999e-20, 7.63469126134e-21, 5.34826267015e-21, 3.90605550071e-21, 3.011413624e-21, 2.42390495886e-21, 1.74358586159e-21, 1.4366808517e-21, 1.31858203806e-21, 1.08508526857e-21], "max": [0.0114374179393, 0.0275709405541, 0.0111607089639, 0.0164443757385, 0.0135495988652, 0.0190287791193, 0.0150004085153, 0.0158179905266, 0.00663254735991, 0.000411557790358, 0.000642878178041, 0.00290103862062, 0.00024589052191, 0.00049224763643, 0.000330038717948, 0.000124915444758, 0.000210235200939, 0.000264394358965, 0.000136470378493, 3.38528370776e-05, 4.65665907541e-05, 6.64057688482e-06, 3.16224554808e-06, 3.824509065e-08, 9.48464347061e-08, 3.55195375334e-08, 1.67208717983e-08, 1.09479803001e-08, 1.32235600248e-08, 1.98762384329e-09, 1.09152120675e-09, 8.96681895401e-10, 5.76434011634e-10, 4.95858298866e-10, 4.33759972385e-10, 3.91489923812e-10, 3.10239806067e-10, 2.91587726187e-10, 2.68688987726e-10, 2.46219267197e-10], "mean": [0.0005895284703, 0.00146574748214, 0.000972998270299, 0.000671085959766, 0.000529172772076, 0.000557302148081, 0.000863336783368, 0.000318605336361, 0.000114241622214, 1.41901473398e-05, 2.34976305364e-05, 4.60171977466e-05, 8.23245682113e-06, 9.40639802138e-06, 6.86681232764e-06, 3.20872663906e-06, 1.7233841163e-06, 4.09343329011e-06, 1.83533643394e-06, 3.55580795031e-07, 6.79414483784e-07, 3.01552738335e-08, 2.27858798496e-08, 1.72291059197e-09, 2.66339350574e-09, 4.60169430339e-10, 3.17208592726e-10, 2.56268256615e-10, 2.03308966884e-10, 1.23113019779e-10, 9.81823511381e-11, 9.17240033926e-11, 8.560935294e-11, 8.27992119312e-11, 8.12277606288e-11, 7.97731949942e-11, 7.63186874808e-11, 7.5822077783e-11, 7.59141985385e-11, 7.60469742733e-11], "median": [9.61584300967e-05, 0.000524788745679, 0.000317138561513, 0.000145630401676, 6.61886733724e-05, 6.76520867273e-05, 7.18171504559e-05, 1.8349279344e-05, 3.44039062838e-06, 1.92254583453e-06, 2.70378177447e-06, 3.54033363692e-06, 1.10669998321e-06, 3.48214825863e-07, 7.29733415028e-07, 2.88216142508e-07, 6.44970015173e-08, 1.71089226342e-07, 5.47050049704e-08, 8.65392557614e-09, 5.90471049833e-09, 4.07818473436e-10, 2.66671795757e-10, 1.70855662951e-10, 1.49505130498e-10, 1.16839204978e-10, 1.03195563206e-10, 9.58742737978e-11, 9.41544064936e-11, 8.7420987116e-11, 7.92280546724e-11, 7.89521711897e-11, 7.68370922444e-11, 7.54478007847e-11, 7.49913950382e-11, 7.46918360495e-11, 7.17536446926e-11, 7.22671020248e-11, 7.28468257938e-11, 7.28923033044e-11], "min": [3.09585180593e-23, 1.43361159587e-23, 5.43767383438e-24, 6.76265526041e-24, 1.18241974542e-23, 2.47588669104e-24, 3.35500491952e-24, 1.02471816742e-23, 5.14954199432e-24, 2.75320877012e-24, 7.91026091748e-24, 1.92222888512e-23, 1.25476144587e-23, 1.23426478851e-23, 7.09102807854e-24, 2.07885721785e-23, 1.23843628498e-23, 1.75349847947e-23, 1.29893410669e-23, 1.3681408739e-23, 1.51703694981e-23, 8.59058402847e-24, 6.81921027643e-24, 1.06317300663e-23, 1.33803115756e-23, 7.63668947757e-24, 1.00045501479e-23, 1.59713772836e-23, 7.99134398562e-24, 9.83076093504e-24, 1.2026616007e-23, 8.22932596578e-24, 1.51377106567e-23, 1.05082717569e-23, 1.25329108803e-23, 1.15445123423e-23, 1.35331596868e-23, 1.32364249242e-23, 8.46166127959e-24, 9.00360083287e-24], "var": [2.19993398787e-06, 8.05788658909e-06, 2.33941273109e-06, 2.7768446671e-06, 1.61962532275e-06, 1.99050236915e-06, 4.27507984568e-06, 1.14586009659e-06, 2.15456680053e-07, 1.61230262474e-09, 4.01850064335e-09, 4.1374782711e-08, 4.4760314899e-10, 1.14719866939e-09, 3.76701225768e-10, 9.87656068041e-11, 9.51661249804e-11, 3.33689020859e-10, 8.39127101138e-11, 2.875230002e-12, 1.11840215908e-11, 7.06995836115e-14, 2.46810645516e-14, 1.83680848235e-17, 1.02183209255e-16, 2.4702038798e-18, 5.46355948217e-19, 3.94558844936e-19, 4.22341696212e-19, 1.8450263563e-20, 5.88573821734e-21, 3.25850697286e-21, 1.73446970924e-21, 1.376288791e-21, 1.03403190734e-21, 8.49381909973e-22, 6.62175144988e-22, 5.77751377129e-22, 5.26174666647e-22, 4.44440245521e-22]}, "mfcc": {"mean": [-911.146789551, 232.094802856, 71.9321289062, -3.1611084938, 5.73928022385, 13.0208339691, -2.25144219398, -10.1429462433, -4.79563093185, -2.31448841095, -5.14496421814, -3.72770261765, 2.62202262878], "cov": [[4913.37402344, 3860.72753906, -781.421508789, -1409.56433105, 104.141265869, 242.31463623, -419.369262695, -410.529754639, -74.2751541138, 8.94523143768, -4.87660980225, 62.0322418213, 97.9648590088], [3860.72753906, 3281.87524414, -161.958999634, -945.97454834, -4.93581390381, 231.708984375, -179.550033569, -281.877227783, -103.612716675, 5.68352079391, 37.8371276855, 60.9847068787, 41.5962104797], [-781.421508789, -161.958999634, 997.276550293, 640.569641113, -87.5522537231, 28.7823448181, 322.628326416, 172.559631348, -30.2630290985, 4.22899341583, 68.0606613159, 13.8191461563, -61.419303894], [-1409.56433105, -945.97454834, 640.569641113, 827.148193359, 174.006729126, -31.239315033, 165.392242432, 222.151596069, 118.546295166, 36.8962249756, 0.334731698036, -15.3260555267, 3.68387675285], [104.141265869, -4.93581390381, -87.5522537231, 174.006729126, 313.476715088, 79.8910217285, -97.0791931152, 25.5750370026, 150.797393799, 72.2214736938, -42.2923622131, -22.6363239288, 65.85206604], [242.31463623, 231.708984375, 28.7823448181, -31.239315033, 79.8910217285, 147.033981323, 64.8274307251, -14.1321029663, 11.4985694885, 42.6088638306, 17.5349597931, -4.24360942841, -6.88468503952], [-419.369262695, -179.550033569, 322.628326416, 165.392242432, -97.0791931152, 64.8274307251, 236.805007935, 93.5484695435, -64.6219787598, -18.9988002777, 59.8322563171, 20.8769168854, -65.2652053833], [-410.529754639, -281.877227783, 172.559631348, 222.151596069, 25.5750370026, -14.1321029663, 93.5484695435, 121.330673218, 44.5900001526, -1.69457948208, 10.310790062, 7.56243085861, -9.50995635986], [-74.2751541138, -103.612716675, -30.2630290985, 118.546295166, 150.797393799, 11.4985694885, -64.6219787598, 44.5900001526, 145.295394897, 85.5108566284, -22.9648933411, -30.9765472412, 39.3613891602], [8.94523143768, 5.68352079391, 4.22899341583, 36.8962249756, 72.2214736938, 42.6088638306, -18.9988002777, -1.69457948208, 85.5108566284, 108.984954834, 33.9625320435, -22.3666572571, 1.45440244675], [-4.87660980225, 37.8371276855, 68.0606613159, 0.334731698036, -42.2923622131, 17.5349597931, 59.8322563171, 10.310790062, -22.9648933411, 33.9625320435, 83.6394271851, 41.7521057129, -23.524017334], [62.0322418213, 60.9847068787, 13.8191461563, -15.3260555267, -22.6363239288, -4.24360942841, 20.8769168854, 7.56243085861, -30.9765472412, -22.3666572571, 41.7521057129, 76.2638092041, 41.3276100159], [97.9648590088, 41.5962104797, -61.419303894, 3.68387675285, 65.85206604, -6.88468503952, -65.2652053833, -9.50995635986, 39.3613891602, 1.45440244675, -23.524017334, 41.3276100159, 115.01537323]], "icov": [[-182.724853516, 217.226516724, -106.304534912, -41.2101669312, 183.119628906, -283.208374023, 321.836486816, -300.08605957, 236.336212158, -156.459289551, 84.5903244019, -34.6547889709, 8.49387836456], [217.226516724, -250.178207397, 96.8748321533, 106.123268127, -299.621429443, 433.075683594, -479.489074707, 441.160614014, -344.693664551, 227.013336182, -122.287620544, 49.9582290649, -12.2176246643], [-106.304534912, 96.8748321533, 46.0930671692, -233.021881104, 406.345153809, -517.583618164, 541.932983398, -483.699523926, 370.951721191, -241.302246094, 128.850387573, -52.2908096313, 12.7214012146], [-41.2101669312, 106.123268127, -233.021881104, 395.647949219, -539.59942627, 619.950073242, -615.14831543, 531.946350098, -399.803466797, 256.562438965, -135.700149536, 54.6921081543, -13.2388019562], [183.119628906, -299.621429443, 406.345153809, -539.59942627, 650.088562012, -697.915710449, 665.373657227, -561.182373047, 414.959289551, -263.427520752, 138.334320068, -55.5033187866, 13.3995952606], [-283.208374023, 433.075683594, -517.583618164, 619.950073242, -697.915710449, 717.945495605, -666.236938477, 552.300537109, -403.934295654, 254.710647583, -133.273330688, 53.4232711792, -12.9114570618], [321.836486816, -479.489074707, 541.932983398, -615.14831543, 665.373657227, -666.236938477, 607.62512207, -498.36328125, 362.329284668, -227.934036255, 119.311065674, -47.9863014221, 11.6627817154], [-300.08605957, 441.160614014, -483.699523926, 531.946350098, -561.182373047, 552.300537109, -498.36328125, 406.459686279, -294.971832275, 185.816467285, -97.6542205811, 39.544708252, -9.69460391998], [236.336212158, -344.693664551, 370.951721191, -399.803466797, 414.959289551, -403.934295654, 362.329284668, -294.971832275, 214.424423218, -135.701004028, 71.8298873901, -29.3865623474, 7.29201364517], [-156.459289551, 227.013336182, -241.302246094, 256.562438965, -263.427520752, 254.710647583, -227.934036255, 185.816467285, -135.701004028, 86.5815505981, -46.3319854736, 19.240562439, -4.85999822617], [84.5903244019, -122.287620544, 128.850387573, -135.700149536, 138.334320068, -133.273330688, 119.311065674, -97.6542205811, 71.8298873901, -46.3319854736, 25.1611747742, -10.6485776901, 2.75343585014], [-34.6547889709, 49.9582290649, -52.2908096313, 54.6921081543, -55.5033187866, 53.4232711792, -47.9863014221, 39.544708252, -29.3865623474, 19.240562439, -10.6485776901, 4.64019489288, -1.24135708809], [8.49387836456, -12.2176246643, 12.7214012146, -13.2388019562, 13.3995952606, -12.9114570618, 11.6627817154, -9.69460391998, 7.29201364517, -4.85999822617, 2.75343585014, -1.24135708809, 0.356735765934]]}, "spectral_contrast_coeffs": {"dmean": [0.0316655002534, 0.0273401308805, 0.0209634788334, 0.01786759682, 0.0115860346705, 0.0103735309094], "dmean2": [0.0519377402961, 0.0444177016616, 0.0332179889083, 0.0287734046578, 0.0191339049488, 0.0183412972838], "dvar": [0.000771128456108, 0.000738239847124, 0.000407700979849, 0.000335638644174, 0.000175703273271, 9.70662003965e-05], "dvar2": [0.00204206071794, 0.00187627284322, 0.000871349067893, 0.00073680159403, 0.000338602258125, 0.00030769786099], "max": [-0.310690790415, -0.295320868492, -0.45486676693, -0.510106146336, -0.566864073277, -0.841072618961], "mean": [-0.623419463634, -0.634337961674, -0.731469094753, -0.726513266563, -0.847506403923, -0.89167290926], "median": [-0.627439916134, -0.644338190556, -0.740078747272, -0.716867446899, -0.873110771179, -0.89014852047], "min": [-0.979621529579, -0.960441946983, -0.969596922398, -0.967056035995, -0.95647418499, -0.959762275219], "var": [0.00693806214258, 0.0140882926062, 0.00627971999347, 0.00774526176974, 0.005074004177, 0.000124926446006]}, "spectral_contrast_valleys": {"dmean": [0.28364315629, 0.242405891418, 0.237337574363, 0.225929871202, 0.158032849431, 0.202965959907], "dmean2": [0.458202451468, 0.385168045759, 0.379638969898, 0.366493433714, 0.263179421425, 0.359006792307], "dvar": [0.127968892455, 0.159542486072, 0.158935308456, 0.16003292799, 0.117188699543, 0.136080548167], "dvar2": [0.212842807174, 0.23515444994, 0.232494845986, 0.236306399107, 0.148228392005, 0.260465741158], "max": [-5.67453098297, -5.26332616806, -6.34848642349, -7.44629573822, -10.0838003159, -12.4242048264], "mean": [-7.96366643906, -8.13973426819, -9.64029884338, -11.4906177521, -12.4184036255, -13