{"lowlevel": {"average_loudness": 0.863395273685, "barkbands_crest": {"dmean": 1.91263902187, "dmean2": 2.96195030212, "dvar": 4.14116573334, "dvar2": 10.0653867722, "max": 26.9264373779, "mean": 15.7446336746, "median": 14.3322267532, "min": 6.33991479874, "var": 29.817358017}, "barkbands_flatness_db": {"dmean": 0.022428939119, "dmean2": 0.0337492711842, "dvar": 0.000667598156724, "dvar2": 0.00142592482734, "max": 0.972204744816, "mean": 0.408671438694, "median": 0.349701821804, "min": 0.0767821520567, "var": 0.0265386253595}, "barkbands_kurtosis": {"dmean": 78.383102417, "dmean2": 119.529411316, "dvar": 264703.34375, "dvar2": 646729.5625, "max": 15874.2353516, "mean": 193.124725342, "median": 4.43162822723, "min": -1.9167214632, "var": 1224761}, "barkbands_skewness": {"dmean": 1.11810934544, "dmean2": 1.64161884785, "dvar": 8.09644985199, "dvar2": 19.0472793579, "max": 101.316688538, "mean": 3.86374974251, "median": 1.36178469658, "min": -6.72966623306, "var": 102.851722717}, "barkbands_spread": {"dmean": 0.886698246002, "dmean2": 1.29676175117, "dvar": 1.49774026871, "dvar2": 3.11182975769, "max": 61.7416305542, "mean": 4.69628334045, "median": 4.51742553711, "min": 0.00743873557076, "var": 21.5688800812}, "dissonance": {"dmean": 0.0609758459032, "dmean2": 0.102887734771, "dvar": 0.00327886664309, "dvar2": 0.00883981306106, "max": 0.499999880791, "mean": 0.323284268379, "median": 0.342009067535, "min": 0.016791395843, "var": 0.0111209796742}, "dynamic_complexity": 4.67805194855, "erbbands_crest": {"dmean": 3.24457907677, "dmean2": 4.99018859863, "dvar": 9.3508234024, "dvar2": 21.5818405151, "max": 34.52866745, "mean": 19.835735321, "median": 18.8182449341, "min": 3.26172709465, "var": 53.2151107788}, "erbbands_flatness_db": {"dmean": 0.0210573300719, "dmean2": 0.0311443265527, "dvar": 0.000386219588108, "dvar2": 0.000894814787898, "max": 0.777422010899, "mean": 0.354670703411, "median": 0.320159316063, "min": 0.100536361337, "var": 0.0178077146411}, "erbbands_kurtosis": {"dmean": 5.94682502747, "dmean2": 8.97343063354, "dvar": 124.233345032, "dvar2": 256.183410645, "max": 1034.37023926, "mean": 26.6518115997, "median": 7.53995656967, "min": -1.53027379513, "var": 11080.8681641}, "erbbands_skewness": {"dmean": 0.585915446281, "dmean2": 0.874990224838, "dvar": 0.315770566463, "dvar2": 0.687226891518, "max": 24.4429569244, "mean": 1.47330439091, "median": 1.20689046383, "min": -6.37258338928, "var": 8.30710697174}, "erbbands_spread": {"dmean": 2.2660574913, "dmean2": 3.39767742157, "dvar": 10.9763650894, "dvar2": 23.336057663, "max": 77.0174713135, "mean": 7.97192907333, "median": 6.4482088089, "min": 0.157813116908, "var": 59.0680656433}, "hfc": {"dmean": 3.73247647285, "dmean2": 5.48723888397, "dvar": 32.702205658, "dvar2": 70.8065109253, "max": 95.6108016968, "mean": 13.6189012527, "median": 14.1362075806, "min": 1.23324026653e-16, "var": 91.0734100342}, "melbands_crest": {"dmean": 2.15723586082, "dmean2": 3.32598590851, "dvar": 5.9206161499, "dvar2": 14.2238168716, "max": 33.5388221741, "mean": 19.1230735779, "median": 18.1482391357, "min": 3.46209096909, "var": 42.4395027161}, "melbands_flatness_db": {"dmean": 0.0224372297525, "dmean2": 0.0335855595767, "dvar": 0.000762271753047, "dvar2": 0.00158033031039, "max": 1, "mean": 0.523774683475, "median": 0.476180970669, "min": 0.00917973462492, "var": 0.0282836705446}, "melbands_kurtosis": {"dmean": 4.55387735367, "dmean2": 6.73465681076, "dvar": 112.322883606, "dvar2": 132.745269775, "max": 802.064025879, "mean": 12.8048915863, "median": 4.30361652374, "min": -1.82411599159, "var": 2446.71679688}, "melbands_skewness": {"dmean": 0.53389531374, "dmean2": 0.787640988827, "dvar": 0.306191384792, "dvar2": 0.666564285755, "max": 16.8235473633, "mean": 1.44357836246, "median": 1.36807262897, "min": -6.18598031998, "var": 2.08861303329}, "melbands_spread": {"dmean": 1.15688252449, "dmean2": 1.66449272633, "dvar": 5.49736738205, "dvar2": 7.74881124496, "max": 116.461280823, "mean": 5.22090482712, "median": 5.10794305801, "min": 0.177525341511, "var": 19.1836605072}, "pitch_salience": {"dmean": 0.0604469403625, "dmean2": 0.0948163568974, "dvar": 0.00447330111638, "dvar2": 0.0103787146509, "max": 0.865775883198, "mean": 0.37889778614, "median": 0.419314742088, "min": 0.018796408549, "var": 0.0253422018141}, "silence_rate_20dB": {"dmean": 0, "dmean2": 0, "dvar": 0, "dvar2": 0, "max": 1, "mean": 1, "median": 1, "min": 1, "var": 0}, "silence_rate_30dB": {"dmean": 0.0241387989372, "dmean2": 0.0482897385955, "dvar": 0.0235539637506, "dvar2": 0.0565234012902, "max": 1, "mean": 0.96103566885, "median": 1, "min": 0, "var": 0.0374410077929}, "silence_rate_60dB": {"dmean": 0.0170983150601, "dmean2": 0.0339537225664, "dvar": 0.0168069563806, "dvar2": 0.0363234207034, "max": 1, "mean": 0.14504776895, "median": 0, "min": 0, "var": 0.124005548656}, "spectral_centroid": {"dmean": 43.5597381592, "dmean2": 60.9672698975, "dvar": 33582.3710938, "dvar2": 35437.296875, "max": 11342.8554688, "mean": 423.169647217, "median": 405.920440674, "min": 91.1700363159, "var": 57927.4570312}, "spectral_complexity": {"dmean": 1.17827510834, "dmean2": 1.9994969368, "dvar": 1.35844445229, "dvar2": 3.37826967239, "max": 19, "mean": 6.66691827774, "median": 7, "min": 0, "var": 11.8692884445}, "spectral_decrease": {"dmean": 2.48723375229e-09, "dmean2": 3.67786445743e-09, "dvar": 1.3268556879e-17, "dvar2": 3.01052450113e-17, "max": 3.37143666415e-29, "mean": -1.37471269923e-08, "median": -1.50425591983e-08, "min": -4.81086708248e-08, "var": 6.75219196046e-17}, "spectral_energy": {"dmean": 0.00967689510435, "dmean2": 0.0143198603764, "dvar": 0.000200167836738, "dvar2": 0.00045370782027, "max": 0.184940427542, "mean": 0.0531199947, "median": 0.0582344345748, "min": 1.10586034586e-20, "var": 0.000997519935481}, "spectral_energyband_high": {"dmean": 1.75435416168e-05, "dmean2": 2.5677110898e-05, "dvar": 3.22169713129e-09, "dvar2": 6.75645228654e-09, "max": 0.00165420176927, "mean": 5.18317137903e-05, "median": 8.00545694801e-06, "min": 8.00842584082e-21, "var": 2.04245580449e-08}, "spectral_energyband_low": {"dmean": 0.00460890587419, "dmean2": 0.00647351704538, "dvar": 4.45710429631e-05, "dvar2": 9.45510619204e-05, "max": 0.128316655755, "mean": 0.0287818927318, "median": 0.0257730390877, "min": 5.50689598438e-23, "var": 0.000706293678377}, "spectral_energyband_middle_high": {"dmean": 0.000655229843687, "dmean2": 0.000935832853429, "dvar": 1.09060501927e-05, "dvar2": 2.22137823584e-05, "max": 0.0809911563993, "mean": 0.000966189836618, "median": 0.000255736667896, "min": 1.68017790361e-21, "var": 1.48416174852e-05}, "spectral_energyband_middle_low": {"dmean": 0.0087306657806, "dmean2": 0.0129714310169, "dvar": 0.000204608120839, "dvar2": 0.000455168919871, "max": 0.184805199504, "mean": 0.0239545237273, "median": 0.0237822961062, "min": 3.73088344623e-22, "var": 0.000404028192861}, "spectral_entropy": {"dmean": 0.196265622973, "dmean2": 0.297897309065, "dvar": 0.0399545431137, "dvar2": 0.0855728313327, "max": 9.80449581146, "mean": 5.28976869583, "median": 5.50983381271, "min": 2.24147343636, "var": 1.25989961624}, "spectral_flux": {"dmean": 0.0268172305077, "dmean2": 0.044367197901, "dvar": 0.00147211307194, "dvar2": 0.00387400365435, "max": 0.373955696821, "mean": 0.0653970763087, "median": 0.0602541044354, "min": 1.05159894681e-10, "var": 0.0022957958281}, "spectral_kurtosis": {"dmean": 31.9269371033, "dmean2": 52.1739768982, "dvar": 9427.76074219, "dvar2": 26347.6347656, "max": 2116.83642578, "mean": 100.760871887, "median": 37.1431770325, "min": -1.21939110756, "var": 35757.953125}, "spectral_rms": {"dmean": 0.000667661137413, "dmean2": 0.000958412420005, "dvar": 8.88464114723e-07, "dvar2": 1.79232165465e-06, "max": 0.0134324124083, "mean": 0.00657068751752, "median": 0.00753751164302, "min": 3.28464317377e-12, "var": 8.65045694809e-06}, "spectral_rolloff": {"dmean": 66.1098632812, "dmean2": 116.14100647, "dvar": 309042.5625, "dvar2": 677005.0625, "max": 18820.0195312, "mean": 500.800842285, "median": 473.73046875, "min": 86.1328125, "var": 901323.25}, "spectral_skewness": {"dmean": 0.937192618847, "dmean2": 1.51496601105, "dvar": 2.03572893143, "dvar2": 5.4328250885, "max": 40.1357688904, "mean": 6.8234038353, "median": 4.9928150177, "min": -0.000583814457059, "var": 28.4265899658}, "spectral_spread": {"dmean": 334214.09375, "dmean2": 540741.5, "dvar": 317664067584, "dvar2": 443214659584, "max": 40592352, "mean": 2113133.75, "median": 1800399.5, "min": 79029.5390625, "var": 2681133334530.0}, "spectral_strongpeak": {"dmean": 0.495014637709, "dmean2": 0.848949253559, "dvar": 0.868409872055, "dvar2": 2.17479419708, "max": 10.9200220108, "mean": 1.09272611141, "median": 0.685444712639, "min": 0, "var": 1.41372227669}, "zerocrossingrate": {"dmean": 0.00222679320723, "dmean2": 0.00279914354905, "dvar": 5.32691410626e-05, "dvar2": 5.69040748815e-05, "max": 0.5048828125, "mean": 0.0176975559443, "median": 0.01513671875, "min": 0.0029296875, "var": 0.000256153201917}, "barkbands": {"dmean": [4.24227546318e-05, 0.00335810659453, 0.0014888131991, 0.000465940742288, 0.00452017690986, 0.00291778543033, 0.00128582329489, 0.0026185628958, 0.00103298877366, 0.000575095938984, 0.000341874896549, 3.70656744053e-05, 1.6337937268e-05, 1.54253648361e-05, 1.8098817236e-05, 1.18978314276e-05, 7.37662230677e-06, 7.44616500015e-06, 5.41247209185e-06, 9.36387823458e-06, 5.92920878262e-06, 3.85946259485e-06, 3.37337451128e-06, 2.84099110104e-06, 9.58859232014e-07, 6.65999209559e-07, 2.12405225852e-07], "dmean2": [7.47208687244e-05, 0.00469139264897, 0.00225090212189, 0.000745966390241, 0.00655314000323, 0.00439734803513, 0.00195504212752, 0.0035907193087, 0.00149610021617, 0.000795411993749, 0.000516896718182, 5.898209929e-05, 2.60323868133e-05, 2.39673390752e-05, 2.900490108e-05, 1.98443849513e-05, 1.23552581499e-05, 1.28643532662e-05, 9.00527993508e-06, 1.36159796966e-05, 9.31679096539e-06, 5.98130054641e-06, 5.47979334442e-06, 4.29736246588e-06, 1.49383026837e-06, 1.02572391825e-06, 3.29690863055e-07], "dvar": [5.77758996201e-09, 2.45134669967e-05, 1.38114455694e-05, 2.71940712082e-06, 7.85505835665e-05, 6.94352129358e-05, 1.1781381545e-05, 1.66469380929e-05, 9.41860980674e-06, 1.11750987344e-05, 6.63097398501e-06, 8.75170016457e-08, 5.9793374696e-09, 6.20074969149e-09, 6.06066885567e-09, 4.68508876139e-09, 4.27877983045e-10, 4.88561358036e-10, 2.22315346687e-10, 1.39108558006e-09, 3.62557289746e-10, 2.36777819573e-10, 1.93465993226e-10, 2.00494926217e-10, 1.23091849213e-11, 6.4003056327e-12, 3.91455476974e-13], "dvar2": [1.59082063078e-08, 5.21039619343e-05, 3.17814519804e-05, 6.3397883423e-06, 0.000174981061718, 0.000156742797117, 2.72236247838e-05, 3.34741962433e-05, 1.94516578631e-05, 2.02534083655e-05, 1.38206041811e-05, 2.18432333554e-07, 1.32775603845e-08, 1.4458744424e-08, 1.47967096353e-08, 9.99591698303e-09, 1.03274244712e-09, 1.40699973894e-09, 5.6870524956e-10, 2.74766809305e-09, 8.66701155289e-10, 5.48915413123e-10, 5.40559486062e-10, 3.91891796792e-10, 2.7836680877e-11, 1.48169601588e-11, 9.99097506116e-13], "max": [0.00111385423224, 0.0879485532641, 0.070045247674, 0.0309289190918, 0.149864792824, 0.149533480406, 0.0814242511988, 0.0648012459278, 0.0532279871404, 0.105971559882, 0.0710471123457, 0.0114878425375, 0.00221711699851, 0.0018372827908, 0.00186607078649, 0.00242097768933, 0.000424288096838, 0.000584297406022, 0.000431886699516, 0.00120177504141, 0.000513438251801, 0.000580804597121, 0.000340389320627, 0.000484581541969, 0.00012013612286, 8.09105840744e-05, 2.34889994317e-05], "mean": [4.45233963546e-05, 0.0220958758146, 0.00631673866883, 0.000630293681752, 0.00756778148934, 0.00427909009159, 0.00244739349, 0.00641599763185, 0.00178682431579, 0.000905247987248, 0.00041170604527, 4.5897475502e-05, 2.01186740014e-05, 1.95700395125e-05, 2.5651361284e-05, 1.69188115251e-05, 1.12483630801e-05, 1.25077713165e-05, 1.01492014437e-05, 1.73129865289e-05, 1.33977027872e-05, 9.11050210561e-06, 6.89115086061e-06, 5.78677463636e-06, 2.34069807448e-06, 1.3528922409e-06, 4.6216212013e-07], "median": [1.76286011992e-05, 0.0214176531881, 0.00127182877623, 8.12134530861e-05, 0.00370185961947, 0.000942297105212, 0.000522895716131, 0.00253380648792, 0.000183547148481, 3.90494897147e-05, 4.04483034799e-05, 1.64277953445e-05, 5.17102125741e-06, 4.415271178e-06, 7.31023828848e-06, 2.13716703001e-06, 1.65476330949e-06, 5.82209850108e-07, 9.09318600861e-07, 1.15876991913e-06, 1.1309441561e-06, 1.86367785204e-07, 2.67936400178e-07, 3.06360902869e-07, 3.67246002497e-07, 3.80912808851e-07, 1.74407574605e-07], "min": [5.88196084841e-23, 2.44063371992e-23, 4.54622590717e-24, 3.65012764493e-24, 4.123624285e-23, 1.13487028661e-23, 1.22682032393e-22, 6.26604523247e-23, 1.08038804995e-22, 6.49685646701e-23, 7.81706063028e-23, 7.0701740672e-23, 3.47175664904e-22, 8.49117382823e-23, 1.52449629232e-22, 1.56517059168e-22, 1.50840592799e-22, 1.35694968289e-22, 2.74532026362e-22, 3.6711524131e-22, 4.86986631718e-22, 5.19705199431e-22, 5.13225584308e-22, 7.06561382008e-22, 1.13595697721e-21, 1.83646051332e-21, 2.93246129441e-21], "var": [5.74427838629e-09, 0.000414833746618, 0.000116437106044, 3.86623969462e-06, 0.000122128112707, 9.00302547961e-05, 2.50237499131e-05, 7.23826742615e-05, 2.27113941946e-05, 2.59182252194e-05, 7.91159618529e-06, 7.53205569026e-08, 6.65400401445e-09, 6.99069113708e-09, 7.29352800377e-09, 5.9727192081e-09, 8.66705207603e-10, 1.31844912765e-09, 6.62969845688e-10, 3.63487351329e-09, 1.54998780477e-09, 1.04658670619e-09, 6.14125361675e-10, 6.65246358e-10, 6.7932375003e-11, 1.67823567543e-11, 6.81314108863e-13]}, "erbbands": {"dmean": [0.0453147888184, 0.90706217289, 2.02698016167, 1.34246516228, 4.28195285797, 18.5872535706, 26.537153244, 20.6408939362, 22.4191398621, 26.097410202, 58.9146194458, 25.9169559479, 24.4477710724, 11.1460590363, 8.31554794312, 1.51464247704, 0.809521913528, 0.884319841862, 0.688323616982, 0.831629395485, 0.481203913689, 0.306825608015, 0.306047707796, 0.520617723465, 0.204014748335, 0.36935955286, 0.359266579151, 0.2060341537, 0.142766177654, 0.148072555661, 0.0889151245356, 0.0577594488859, 0.0540611073375, 0.013261529617, 0.00747464736924, 0.00359458941966, 0.000974206952378, 0.000236204228713, 3.82129219361e-05, 1.17894078357e-05], "dmean2": [0.0668085440993, 1.26012074947, 2.93299460411, 2.04682540894, 6.68731689453, 26.374124527, 40.0827445984, 31.4149932861, 33.6535987854, 36.7545127869, 82.4387359619, 37.3858566284, 34.1351470947, 16.6374225616, 12.5057477951, 2.29452252388, 1.27028822899, 1.35862636566, 1.12201428413, 1.34849286079, 0.793579936028, 0.507387578487, 0.505524337292, 0.900133311749, 0.341035634279, 0.536740243435, 0.536038994789, 0.327891111374, 0.212230801582, 0.247228220105, 0.144695937634, 0.090580150485, 0.0803877934813, 0.0212686508894, 0.0115410443395, 0.00555229093879, 0.00153722602408, 0.000365255225915, 5.89559167565e-05, 1.75226596184e-05], "dvar": [0.0045935199596, 1.85058248043, 16.9704055786, 18.2195854187, 719.796386719, 885.108459473, 6673.13818359, 3109.5612793, 3333.61621094, 4533.57958984, 8003.63037109, 5842.05126953, 17597.1347656, 4927.52783203, 9251.58203125, 136.994506836, 12.4014978409, 17.849521637, 4.08678340912, 11.1780519485, 4.51540374756, 0.641541182995, 0.684139251709, 3.3763589859, 0.279934942722, 1.94316327572, 1.63440513611, 0.496054142714, 0.359563589096, 0.495274603367, 0.146247535944, 0.0534418970346, 0.106324478984, 0.00310625322163, 0.000734134577215, 0.000232368271099, 1.25466021927e-05, 4.13631909169e-07, 1.25464181266e-08, 2.96695334967e-10], "dvar2": [0.0100675486028, 3.88686418533, 36.4604721069, 40.4189796448, 1563.59814453, 1970.13464355, 14903.2382812, 7232.71484375, 7767.62353516, 9409.44238281, 16391.5957031, 12237.2207031, 32455.5273438, 10361.5107422, 19081.7402344, 283.006896973, 26.7845172882, 41.2571220398, 10.1605567932, 26.3235034943, 9.73446750641, 1.5627156496, 1.72178399563, 9.65340614319, 0.751722276211, 3.81882166862, 3.31826305389, 1.20072376728, 0.749148070812, 1.27842712402, 0.405587404966, 0.12727175653, 0.205877065659, 0.00816154945642, 0.00149400695227, 0.000513037899509, 3.2836367609e-05, 1.0609093124e-06, 3.22900248761e-08, 6.77374711877e-10], "max": [0.973375856876, 24.765203476, 94.7973556519, 81.1002197266, 646.337524414, 363.255371094, 1595.14880371, 873.398376465, 1274.40515137, 1237.2734375, 1330.37268066, 1532.43493652, 4310.71191406, 1727.02050781, 3580.30273438, 407.430786133, 93.5774765015, 96.2662506104, 41.511505127, 71.2663574219, 71.0513305664, 15.7032299042, 26.759349823, 44.1306686401, 14.664475441, 42.1418571472, 39.3064613342, 22.2740287781, 23.2132396698, 21.0159778595, 9.9773979187, 8.91577911377, 10.9781904221, 2.20053768158, 1.05801510811, 0.534503221512, 0.0925855413079, 0.014060636051, 0.00441694026813, 0.00030864335713], "mean": [0.277272760868, 5.99617671967, 10.9562807083, 3.0287425518, 5.24003553391, 31.0886478424, 39.2773094177, 32.7153244019, 43.5124359131, 55.472114563, 152.169021606, 54.0425186157, 42.3254966736, 14.8545770645, 9.58682632446, 2.05734777451, 1.07537806034, 1.15756690502, 1.02234196663, 1.28593742847, 0.787178039551, 0.525568962097, 0.555742144585, 0.81501352787, 0.462303340435, 0.684506475925, 0.710439562798, 0.464267730713, 0.326922208071, 0.284310877323, 0.187596455216, 0.137184515595, 0.0939234942198, 0.0323266871274, 0.016220709309, 0.00712895346805, 0.001947736484, 0.000491382088512, 0.000103394995676, 6.30224822089e-05], "median": [0.235676661134, 5.5232257843, 3.04357719421, 0.976545572281, 1.63860249519, 14.7520942688, 18.4466972351, 7.81708621979, 8.57755661011, 19.4290771484, 60.2639923096, 14.5518169403, 2.77346849442, 2.02310442924, 1.32884323597, 0.757867753506, 0.346863508224, 0.328879356384, 0.385766923428, 0.286190450191, 0.135324150324, 0.0908770039678, 0.0476808547974, 0.0430443137884, 0.0585349053144, 0.0545533150434, 0.0613808780909, 0.0342020057142, 0.00800125487149, 0.00826267525554, 0.00800560694188, 0.00819871947169, 0.00510893249884, 0.0032561684493, 0.00259656645358, 0.00139532343019, 0.000567580922507, 0.000173250969965, 6.00545754423e-05, 6.97823707014e-05], "min": [1.07319222486e-21, 4.32861958572e-21, 7.76468948007e-21, 1.09156773116e-20, 6.92196304188e-20, 1.54577968179e-19, 6.50106575812e-20, 1.05923307946e-19, 7.33503700651e-19, 2.67642621036e-18, 1.26059109688e-18, 2.1387503336e-18, 2.67939909748e-18, 2.77170459563e-18, 2.85913386406e-18, 3.58409046254e-18, 1.63832153128e-17, 5.91205008946e-18, 7.38146117422e-18, 7.65843433053e-18, 1.01217467618e-17, 8.4286511502e-18, 6.48937087182e-18, 1.17978644914e-17, 1.67198414262e-17, 1.68732900473e-17, 2.22347819559e-17, 1.50870084037e-17, 2.05733880412e-17, 1.5171705081e-17, 1.41487589416e-17, 1.5342785884e-17, 1.23446391481e-17, 1.28310511268e-17, 7.43156929419e-18, 4.58226419696e-18, 3.78439390223e-18, 1.81701347127e-18, 3.95571339855e-19, 4.16877638353e-20], "var": [0.0716417506337, 32.301448822, 234.001464844, 35.5819168091, 800.29296875, 1712.00683594, 7737.74169922, 4298.16259766, 6681.24511719, 10666.2646484, 43222.84375, 15199.0849609, 44781.0625, 6203.16796875, 10640.4570312, 158.883041382, 14.4881238937, 20.531129837, 5.29434013367, 15.0491333008, 6.46599721909, 1.41563463211, 1.9556593895, 6.74475574493, 1.093526721, 5.05671262741, 5.16814136505, 2.07926821709, 1.38460814953, 1.22003877163, 0.47477838397, 0.272155702114, 0.242280721664, 0.017368523404, 0.00298351678066, 0.000670330075081, 2.58560230577e-05, 8.26758821404e-07, 2.16187263646e-08, 1.37223721275e-09]}, "gfcc": {"mean": [-182.174514771, 169.072631836, -45.1804046631, -17.0685062408, -65.4993209839, -14.1562166214, -17.5553779602, 6.89687824249, -1.38283848763, 4.034532547, -9.65695285797, -9.61919212341, -2.02509021759], "cov": [[41288.1679688, 2750.20629883, -960.637268066, 8130.92138672, 2014.94519043, 2191.48535156, -964.707214355, -92.839263916, -2237.16308594, 323.673797607, 237.834884644, 1522.15002441, 333.445404053], [2750.20629883, 1814.37426758, 718.414001465, 417.227020264, 748.931091309, 363.391204834, -7.71935129166, -321.182128906, -388.138214111, -141.876434326, 89.3492355347, 109.147628784, 76.436088562], [-960.637268066, 718.414001465, 1912.2857666, 522.456481934, 304.344085693, 301.469573975, 18.2595996857, -372.777770996, -418.13293457, -141.664382935, 150.529403687, 155.181716919, -20.4174995422], [8130.92138672, 417.227020264, 522.456481934, 2838.12133789, 653.164001465, 550.064147949, -122.491111755, -136.737960815, -578.27746582, 49.4925422668, 264.46572876, 447.179351807, 28.194355011], [2014.94519043, 748.931091309, 304.344085693, 653.164001465, 797.328491211, 305.395568848, 114.966567993, 47.6698799133, -36.2830657959, 42.9458847046, 139.432678223, 97.0527191162, 25.2042045593], [2191.48535156, 363.391204834, 301.469573975, 550.064147949, 305.395568848, 433.363098145, 92.1753616333, 0.7132345438, -81.8990478516, 23.2983589172, 49.6586036682, 114.254043579, 39.9463310242], [-964.707214355, -7.71935129166, 18.2595996857, -122.491111755, 114.966567993, 92.1753616333, 361.606750488, 205.929077148, 252.170562744, 77.9674453735, 13.0898571014, -77.6128616333, 44.3241882324], [-92.839263916, -321.182128906, -372.777770996, -136.737960815, 47.6698799133, 0.7132345438, 205.929077148, 415.087982178, 349.280273438, 145.300216675, 14.3611841202, -86.602897644, 30.2535705566], [-2237.16308594, -388.138214111, -418.13293457, -578.27746582, -36.2830657959, -81.8990478516, 252.170562744, 349.280273438, 636.695861816, 171.065109253, 21.5227966309, -139.010894775, -10.0826311111], [323.673797607, -141.876434326, -141.664382935, 49.4925422668, 42.9458847046, 23.2983589172, 77.9674453735, 145.300216675, 171.065109253, 191.213287354, 80.8886566162, 4.04811477661, -1.69424307346], [237.834884644, 89.3492355347, 150.529403687, 264.46572876, 139.432678223, 49.6586036682, 13.0898571014, 14.3611841202, 21.5227966309, 80.8886566162, 253.997894287, 86.2590179443, -6.35084676743], [1522.15002441, 109.147628784, 155.181716919, 447.179351807, 97.0527191162, 114.254043579, -77.6128616333, -86.602897644, -139.010894775, 4.04811477661, 86.2590179443, 232.310653687, 33.8939170837], [333.445404053, 76.436088562, -20.4174995422, 28.194355011, 25.2042045593, 39.9463310242, 44.3241882324, 30.2535705566, -10.0826311111, -1.69424307346, -6.35084676743, 33.8939170837, 132.5987854]], "icov": [[0.00028294234653, -0.000623398984317, 0.000457561953226, -0.000625405577011, 0.000453499116702, -0.000673835515045, 0.00066704035271, -0.00101616152097, 0.000662283040583, -0.000803297036327, 0.000622410851065, -0.000524002767634, 0.000180794435437], [-0.000623398984317, 0.00303988484666, -0.00100828986615, 0.00176716432907, -0.00267108855769, 0.000871240627021, -0.00155952491332, 0.00349465361796, -0.000886080029886, 0.00205656071194, -0.00172563630622, 0.0016610439634, -0.00129479088355], [0.000457561953226, -0.00100828986615, 0.00163143139798, -0.000932342140004, 0.000639301666524, -0.00148848118261, 0.00040427071508, -0.000957514508627, 0.00147499749437, -0.000938588927966, 0.000406935432693, -0.000922674080357, 0.000645774765871], [-0.000625405577011, 0.00176716432907, -0.000932342140004, 0.00229423353449, -0.00167961558327, 0.00087268446805, -0.00153893826064, 0.00209603062831, -0.000433216162492, 0.00150635105092, -0.00174460373819, 0.000403142446885, -0.000185100128874], [0.000453499116702, -0.00267108855769, 0.000639301666524, -0.00167961558327, 0.00442111492157, -0.00142385950312, 0.000883631175384, -0.00310553889722, 0.000373541435692, -0.00122408685274, 0.000619336322416, -0.00107603531796, 0.00117414654233], [-0.000673835515045, 0.000871240627021, -0.00148848118261, 0.00087268446805, -0.00142385950312, 0.00623803213239, -0.00274398736656, 0.00193921395112, -0.00165597104933, 0.00128366006538, -0.000328440713929, -0.000174276734469, -0.000437000620877], [0.00066704035271, -0.00155952491332, 0.00040427071508, -0.00153893826064, 0.000883631175384, -0.00274398736656, 0.00747882528231, -0.00391221232712, -0.000280883075902, -0.00198060483672, 0.00160279730335, 0.00055783969583, -0.00145011406858], [-0.00101616152097, 0.00349465361796, -0.000957514508627, 0.00209603062831, -0.00310553889722, 0.00193921395112, -0.00391221232712, 0.0110369939357, -0.00415418529883, 0.00132830359507, -0.00231145322323, 0.00349499098957, -0.00255958223715], [0.000662283040583, -0.000886080029886, 0.00147499749437, -0.000433216162492, 0.000373541435692, -0.00165597104933, -0.000280883075902, -0.00415418529883, 0.00675177341327, -0.00347577524371, 0.000696544768289, -0.00143586809281, 0.00150352006312], [-0.000803297036327, 0.00205656071194, -0.000938588927966, 0.00150635105092, -0.00122408685274, 0.00128366006538, -0.00198060483672, 0.00132830359507, -0.00347577524371, 0.0118941003457, -0.00439898436889, 0.00108817522414, -2.64695736405e-05], [0.000622410851065, -0.00172563630622, 0.000406935432693, -0.00174460373819, 0.000619336322416, -0.000328440713929, 0.00160279730335, -0.00231145322323, 0.000696544768289, -0.00439898436889, 0.00773923145607, -0.00313106901012, 0.00100377621129], [-0.000524002767634, 0.0016610439634, -0.000922674080357, 0.000403142446885, -0.00107603531796, -0.000174276734469, 0.00055783969583, 0.00349499098957, -0.00143586809281, 0.00108817522414, -0.00313106901012, 0.0095868492499, -0.00329019874334], [0.000180794435437, -0.00129479088355, 0.000645774765871, -0.000185100128874, 0.00117414654233, -0.000437000620877, -0.00145011406858, -0.00255958223715, 0.00150352006312, -2.64695736405e-05, 0.00100377621129, -0.00329019874334, 0.00995234958827]]}, "melbands": {"dmean": [0.000691446417477, 0.00113188009709, 0.000304883404169, 0.000708121864591, 0.00100170727819, 0.000507995253429, 0.000327847898006, 0.000338195153745, 0.000443519966211, 0.000154887078679, 0.000116744260595, 3.91288594983e-05, 3.20179424307e-05, 8.90715000423e-06, 1.98389170691e-06, 1.89969023268e-06, 1.81107520802e-06, 9.36184505917e-07, 1.65024118814e-06, 1.11902591016e-06, 4.9824279813e-07, 3.57365365744e-07, 3.35855872891e-07, 3.09164988721e-07, 4.65492121293e-07, 1.58781887194e-07, 1.60465532417e-07, 3.22075976555e-07, 2.86077806777e-07, 1.88891206676e-07, 1.21875444847e-07, 1.12574845446e-07, 6.59290648741e-08, 8.56867998777e-08, 6.65766535235e-08, 4.39035368061e-08, 3.89400298673e-08, 4.74037911147e-08, 1.65900395643e-08, 1.17271214961e-08], "dmean2": [0.000980931799859, 0.00159196183085, 0.000469205173431, 0.00103149923962, 0.00147007813212, 0.000768423662521, 0.00049329304602, 0.00046082015615, 0.000628845416941, 0.000224369388889, 0.000162201889907, 5.9171787143e-05, 4.82676950924e-05, 1.33035910039e-05, 3.05478988594e-06, 3.02941839436e-06, 2.78482843896e-06, 1.55143197844e-06, 2.62926687356e-06, 1.86687486803e-06, 8.29712519135e-07, 5.979782145e-07, 5.55731958229e-07, 5.35439824034e-07, 8.08401750874e-07, 2.72195336493e-07, 2.62135074536e-07, 4.66119502107e-07, 4.27226751754e-07, 3.02845165834e-07, 1.92407398458e-07, 1.65625650084e-07, 1.09656681957e-07, 1.43189410551e-07, 1.08981282665e-07, 6.71145912179e-08, 6.08060375384e-08, 7.15277792551e-08, 2.51475320567e-08, 1.8870622398e-08], "dvar": [9.95308710117e-07, 3.59489558832e-06, 1.46270360801e-06, 3.43131773661e-06, 5.52312985747e-06, 1.7557948695e-06, 6.92439868999e-07, 5.93487698097e-07, 4.9644165756e-07, 2.53141735129e-07, 4.2711994297e-07, 6.70955344617e-08, 8.11549369928e-08, 1.27804336003e-08, 1.3312717595e-10, 1.04328830297e-10, 9.02461369523e-11, 5.8759785232e-12, 6.80286035837e-11, 4.21372277348e-11, 2.58603945549e-12, 8.5190139448e-13, 9.91688176889e-13, 7.84941989879e-13, 2.7960268649e-12, 1.81540519379e-13, 1.96197238686e-13, 1.81417077541e-12, 1.42213617185e-12, 3.99825029855e-13, 2.1586485583e-13, 2.58709638998e-13, 7.14620623419e-14, 1.7021207035e-13, 9.7816625134e-14, 3.83723611154e-14, 2.78001414071e-14, 8.69715608668e-14, 6.05926585829e-15, 2.77546078805e-15], "dvar2": [2.1647936137e-06, 7.45151737647e-06, 3.1935530842e-06, 7.62857052905e-06, 1.2348889868e-05, 4.05151786254e-06, 1.59573869496e-06, 1.20375113966e-06, 1.06920128928e-06, 5.23270443864e-07, 7.87069723174e-07, 1.41767330319e-07, 1.68394180378e-07, 2.62357762182e-08, 2.60772070604e-10, 2.29471983082e-10, 2.09047390509e-10, 1.50602065541e-11, 1.66187327788e-10, 8.98311286468e-11, 5.99079813535e-12, 2.07987099765e-12, 2.38836533016e-12, 2.19499462009e-12, 7.99229345899e-12, 4.97235282462e-13, 5.02695378813e-13, 3.53457692802e-12, 2.81793620556e-12, 9.89461442467e-13, 5.1518061735e-13, 5.26526901506e-13, 1.92983934497e-13, 4.32911437817e-13, 2.60066165651e-13, 8.39704147144e-14, 6.17130587084e-14, 1.70445322895e-13, 1.40384843575e-14, 7.08287934055e-15], "max": [0.0161139853299, 0.0414927639067, 0.0262689758092, 0.0374217107892, 0.0439401343465, 0.02106725052, 0.0171502754092, 0.0150914369151, 0.00945927388966, 0.0102493530139, 0.0211413074285, 0.00638750288635, 0.0097386110574, 0.00420819409192, 0.000391643960029, 0.000298109720461, 0.000220344096306, 4.16415568907e-05, 0.000200721391593, 0.000231480444199, 4.2171071982e-05, 2.0852939997e-05, 2.11893475353e-05, 2.01921975531e-05, 3.9934519009e-05, 7.81765993452e-06, 1.33314197228e-05, 4.01517318096e-05, 4.11750479543e-05, 1.5324962078e-05, 1.38421764859e-05, 1.87838413694e-05, 7.85152406024e-06, 1.19328233268e-05, 8.06054868008e-06, 7.35324329071e-06, 6.44748479317e-06, 9.95047776087e-06, 2.84232214653e-06, 1.61274192578e-06], "mean": [0.00447626505047, 0.00702044600621, 0.000603910593782, 0.00110521411989, 0.00161368120462, 0.000797935703304, 0.000644813815597, 0.000736867368687, 0.00111870421097, 0.000288565468509, 0.000194332955289, 4.91651699122e-05, 3.7723526475e-05, 1.05781737147e-05, 2.60908859673e-06, 2.27586633628e-06, 2.19929211198e-06, 1.31226897793e-06, 2.25230678552e-06, 1.57697400027e-06, 7.78425942372e-07, 5.77495143261e-07, 5.14079545155e-07, 5.06641583797e-07, 6.94456218753e-07, 2.90005573333e-07, 3.32663518066e-07, 5.30340003024e-07, 5.04035313043e-07, 3.63599951925e-07, 2.36204797943e-07, 2.15994276687e-07, 1.31379167101e-07, 1.55388008238e-07, 1.17887317685e-07, 9.37808266599e-08, 7.72464616716e-08, 7.56825713211e-08, 3.55562796983e-08, 2.38012791698e-08], "median": [0.00461018644273, 0.00399331189692, 0.000187254598131, 0.00048894243082, 0.000795500469394, 0.000160424518981, 0.000123550649732, 0.000273963669315, 0.000415743328631, 3.80160745408e-05, 7.56884583097e-06, 6.03795524512e-06, 4.44048600912e-06, 2.30629530051e-06, 9.05307160792e-07, 4.90622937832e-07, 4.71136871738e-07, 5.0311183486e-07, 4.49491267318e-07, 2.22740069944e-07, 1.01978884004e-07, 8.02866111371e-08, 6.20853626287e-08, 2.38865052182e-08, 2.20920863825e-08, 3.11944532427e-08, 3.37651258064e-08, 3.11649230866e-08, 2.80615175541e-08, 3.01591214225e-08, 8.25775181568e-09, 3.21555315708e-09, 2.98559532652e-09, 3.9949816788e-09, 4.02868627347e-09, 3.09411651855e-09, 4.22533386057e-09, 2.79494738464e-09, 1.94297311573e-09, 1.9869876855e-09], "min": [1.08555196499e-23, 4.89891417941e-24, 2.10034294901e-24, 1.04169003648e-23, 2.76300050611e-24, 2.72287391287e-24, 1.54486764701e-23, 2.58350447624e-23, 1.01470381489e-23, 1.48166158692e-23, 1.31378646427e-23, 1.06273432108e-23, 1.05686322379e-23, 8.53974746515e-24, 1.68214490619e-23, 3.75182972275e-23, 7.18683444662e-24, 1.09917235849e-23, 1.22984906071e-23, 9.33468654365e-24, 1.21814717693e-23, 9.30139188028e-24, 7.0260472392e-24, 5.73429815652e-24, 1.00300350883e-23, 9.1942898129e-24, 1.36813677183e-23, 1.04833603184e-23, 1.51184813832e-23, 1.04604076215e-23, 7.75687480306e-24, 1.16702536151e-23, 1.04284508662e-23, 7.90822881178e-24, 7.07589220435e-24, 1.0091735844e-23, 9.21626984431e-24, 7.61754540112e-24, 1.05387746415e-23, 1.09304543362e-23], "var": [1.57026861416e-05, 6.0537684476e-05, 1.99626856556e-06, 4.45026853413e-06, 7.33395609132e-06, 2.54202655015e-06, 1.44778107369e-06, 1.50534708609e-06, 2.41295629166e-06, 6.54753193885e-07, 1.07272808236e-06, 8.28778468076e-08, 9.45013454157e-08, 1.47542991158e-08, 1.66798533319e-10, 1.15990918259e-10, 1.01617762815e-10, 7.02597311927e-12, 7.90679050011e-11, 5.37233660336e-11, 4.39707862135e-12, 2.05312893423e-12, 1.72708939164e-12, 1.93667065891e-12, 5.32282377896e-12, 4.07552978995e-13, 6.75984387823e-13, 4.00563002906e-12, 3.46723864897e-12, 1.18994300091e-12, 6.40749497731e-13, 7.38658158077e-13, 2.10198395148e-13, 3.85553947709e-13, 2.19287072225e-13, 1.3514451331e-13, 9.64997057414e-14, 1.74696045932e-13, 2.56459418047e-14, 9.89017099148e-15]}, "mfcc": {"mean": [-822.028198242, 195.771682739, 56.1449584961, 20.7731456757, -12.3339776993, -10.5725269318, -8.22961330414, -3.17990040779, 7.04593372345, 10.6873893738, 1.24841153622, 4.84653520584, -0.382090717554], "cov": [[17355.015625, 3738.96606445, -763.849914551, 1928.92370605, 839.092895508, 1052.77197266, 500.956756592, 145.586608887, -51.4171638489, 40.2169876099, -303.224884033, 492.326568604, 506.518737793], [3738.96606445, 3729.26000977, 692.434082031, 339.485931396, 561.905334473, 546.191162109, 506.229278564, 41.0290718079, -80.774230957, -216.322036743, -318.878509521, 37.270111084, 129.524017334], [-763.849914551, 692.434082031, 1451.76220703, 277.379455566, 176.735992432, 327.604858398, 247.004882812, 12.6399364471, -255.020614624, -321.859863281, -174.460723877, -72.1185836792, 3.67226266861], [1928.92370605, 339.485931396, 277.379455566, 924.634399414, 404.732513428, 328.298583984, 234.722579956, 47.2567977905, -187.477783203, -124.890808105, -50.3860206604, 133.282989502, 191.193618774], [839.092895508, 561.905334473, 176.735992432, 404.732513428, 561.205749512, 321.236236572, 234.096450806, 83.909614563, -110.589996338, -62.46900177, -15.5050544739, 109.963371277, 147.230270386], [1052.77197266, 546.191162109, 327.604858398, 328.298583984, 321.236236572, 497.115478516, 239.38444519, 99.3109130859, -59.2696456909, -133.478652954, 18.5059967041, 75.47315979, 117.803977966], [500.956756592, 506.229278564, 247.004882812, 234.722579956, 234.096450806, 239.38444519, 357.52947998, 58.5461769104, -25.7251205444, -33.4891815186, -61.7530326843, 108.234031677, 75.6619186401], [145.586608887, 41.0290718079, 12.6399364471, 47.2567977905, 83.909614563, 99.3109130859, 58.5461769104, 203.39239502, 101.639938354, 100.792755127, 88.8735198975, 49.7114982605, 52.134098053], [-51.4171638489, -80.774230957, -255.020614624, -187.477783203, -110.589996338, -59.2696456909, -25.7251205444, 101.639938354, 506.541381836, 246.084762573, 180.769943237, 46.7797088623, -81.9285812378], [40.2169876099, -216.322036743, -321.859863281, -124.890808105, -62.46900177, -133.478652954, -33.4891815186, 100.792755127, 246.084762573, 513.275146484, 176.142883301, 147.136642456, 40.8507080078], [-303.224884033, -318.878509521, -174.460723877, -50.3860206604, -15.5050544739, 18.5059967041, -61.7530326843, 88.8735198975, 180.769943237, 176.142883301, 290.553863525, 68.9024658203, 41.6965827942], [492.326568604, 37.270111084, -72.1185836792, 133.282989502, 109.963371277, 75.47315979, 108.234031677, 49.7114982605, 46.7797088623, 147.136642456, 68.9024658203, 218.109954834, 116.243652344], [506.518737793, 129.524017334, 3.67226266861, 191.193618774, 147.230270386, 117.803977966, 75.6619186401, 52.134098053, -81.9285812378, 40.8507080078, 41.6965827942, 116.243652344, 215.322784424]], "icov": [[0.000157300048159, -0.00017234828556, 0.000240046560066, -0.000368772743968, 0.000241223518969, -0.000361281301593, 0.00026942131808, -3.93451628042e-05, -1.13396699817e-05, -9.77992604021e-05, 0.000262633169768, -0.000196135239094, 7.38391972845e-05], [-0.00017234828556, 0.000622863299213, -0.000349651963916, 0.000536044884939, -0.000549553718884, 9.64205464697e-05, -0.000518771703355, 0.000230878649745, -0.000297870457871, 1.49180482367e-06, 0.000301396969007, 0.00047994061606, -0.00042093990487], [0.000240046560066, -0.000349651963916, 0.00140601955354, -0.000682915677316, 0.000660884252284, -0.000992697663605, -7.88649485912e-05, -0.00034112422145, 0.000427385617513, 4.48322934972e-05, 0.000411743239965, 9.47656189965e-06, 0.000498845125549], [-0.000368772743968, 0.000536044884939, -0.000682915677316, 0.00278243632056, -0.00140621582977, 0.000422192970291, -0.000779282534495, 0.000230024321354, 0.000110809574835, 0.000475095759612, -0.000273489014944, -4.80366070406e-05, -0.000934351701289], [0.000241223518969, -0.000549553718884, 0.000660884252284, -0.00140621582977, 0.00428754230961, -0.00170835154131, -0.000379274133593, -0.000748831080273, 0.000707605911884, -0.000172105181264, 0.000107997635496, -0.000618344638497, -6.71604793752e-05], [-0.000361281301593, 9.64205464697e-05, -0.000992697663605, 0.000422192970291, -0.00170835154131, 0.00619190279394, -0.00219584419392, -0.00117911002599, -9.84451253316e-05, 0.00192830257583, -0.00242749392055, 0.000182088871952, -0.000760025170166], [0.00026942131808, -0.000518771703355, -7.88649485912e-05, -0.000779282534495, -0.000379274133593, -0.00219584419392, 0.00671509606764, -0.000658041739371, -0.000617229437921, -0.000224447605433, 0.00244781561196, -0.00314325233921, 0.000662618083879], [-3.93451628042e-05, 0.000230878649745, -0.00034112422145, 0.000230024321354, -0.000748831080273, -0.00117911002599, -0.000658041739371, 0.00773092126474, -0.00137384526897, -0.00136279326398, -0.000863118330017, 0.00150582136121, -0.00163820292801], [-1.13396699817e-05, -0.000297870457871, 0.000427385617513, 0.000110809574835, 0.000707605911884, -9.84451253316e-05, -0.000617229437921, -0.00137384526897, 0.00425610831007, -0.000891852891073, -0.00207219342701, -0.000693506037351, 0.00278400420211], [-9.77992604021e-05, 1.49180482367e-06, 4.48322934972e-05, 0.000475095759612, -0.000172105181264, 0.00192830257583, -0.000224447605433, -0.00136279326398, -0.000891852891073, 0.00441053882241, -0.0012496545678, -0.00241503911093, -0.000352266826667], [0.000262633169768, 0.000301396969007, 0.000411743239965, -0.000273489014944, 0.000107997635496, -0.00242749392055, 0.00244781561196, -0.000863118330017, -0.00207219342701, -0.0012496545678, 0.00766882440075, -0.000904924352653, -0.00150808342732], [-0.000196135239094, 0.00047994061606, 9.47656189965e-06, -4.80366070406e-05, -0.000618344638497, 0.000182088871952, -0.00314325233921, 0.00150582136121, -0.000693506037351, -0.00241503911093, -0.000904924352653, 0.0107106417418, -0.00413441518322], [7.38391972845e-05, -0.00042093990487, 0.000498845125549, -0.000934351701289, -6.71604793752e-05, -0.000760025170166, 0.000662618083879, -0.00163820292801, 0.00278400420211, -0.000352266826667, -0.00150808342732, -0.00413441518322, 0.00982053857297]]}, "spectral_contrast_coeffs": {"dmean": [0.0521339066327, 0.0499612279236, 0.0389284864068, 0.0271384064108, 0.0180180389434, 0.0154010439292], "dmean2": [0.0845035761595, 0.0793481096625, 0.061586484313, 0.0436335243285, 0.0296769533306, 0.0252011492848], "dvar": [0.00192396738566, 0.00183694122825, 0.00118746072985, 0.000566269620322, 0.000288819224807, 0.000276645150734], "dvar2": [0.00471156602725, 0.00430014170706, 0.00285832770169, 0.00131568964571, 0.000700518779922, 0.000691100431141], "max": [-0.217995077372, -0.216402485967, -0.278095155954, -0.551438570023, -0.659551858902, -0.582542598248], "mean": [-0.561871409416, -0.626019120216, -0.726593196392, -0.801498889923, -0.83295249939, -0.810626447201], "median": [-0.540503978729, -0.637669563293, -0.759343922138, -0.80464720726, -0.824568629265, -0.80526304245], "min": [-0.988207101822, -0.958533883095, -0.956658780575, -0.977124750614, -0.960040509701, -0.967354655266], "var": [0.0214804727584, 0.0112565709278, 0.0115024745464, 0.00273547018878, 0.00305633433163, 0.00521147111431]}, "spectral_contrast_valleys": {"dmean": [0.502370774746, 0.360442698002, 0.350570946932, 0.321477651596, 0.24104206264, 0.246535181999], "dmean2": [0.826607167721, 0.591812849045, 0.566803336143, 0.505854606628, 0.368385672569, 0.357655316591], "dvar": [0.281944006681, 0.179018229246, 0.165413483977, 0.155788317323, 0.121335849166, 0.14817801