{"lowlevel": {"average_loudness": 0.734831750393, "barkbands_crest": {"dmean": 2.94375610352, "dmean2": 4.59504032135, "dvar": 12.7101192474, "dvar2": 27.0477733612, "max": 25.9703617096, "mean": 15.4837560654, "median": 15.7268209457, "min": 2.01556491852, "var": 44.6732521057}, "barkbands_flatness_db": {"dmean": 0.0339240096509, "dmean2": 0.0462173596025, "dvar": 0.0019339522114, "dvar2": 0.00375259947032, "max": 0.479031294584, "mean": 0.161427348852, "median": 0.139647513628, "min": 0.0140302134678, "var": 0.00970468576998}, "barkbands_kurtosis": {"dmean": 10.0841140747, "dmean2": 14.3513031006, "dvar": 467.783294678, "dvar2": 943.079528809, "max": 390.989868164, "mean": 15.0147457123, "median": 2.61317229271, "min": -1.95514941216, "var": 1051.60424805}, "barkbands_skewness": {"dmean": 1.06610107422, "dmean2": 1.46233952045, "dvar": 1.71667826176, "dvar2": 2.88428854942, "max": 17.0415973663, "mean": 2.56500792503, "median": 1.7497740984, "min": -4.79082584381, "var": 7.39835453033}, "barkbands_spread": {"dmean": 10.8034677505, "dmean2": 16.6248855591, "dvar": 220.336303711, "dvar2": 444.114715576, "max": 134.815383911, "mean": 33.3074913025, "median": 26.5003738403, "min": 0.296117991209, "var": 739.112487793}, "dissonance": {"dmean": 0.0170431826264, "dmean2": 0.0282562803477, "dvar": 0.000533814600203, "dvar2": 0.00138969451655, "max": 0.500000119209, "mean": 0.472154766321, "median": 0.483760654926, "min": 0.177646949887, "var": 0.0012132730335}, "dynamic_complexity": 5.48374414444, "erbbands_crest": {"dmean": 2.60516405106, "dmean2": 4.19958305359, "dvar": 11.2185211182, "dvar2": 25.654384613, "max": 33.7439231873, "mean": 7.98466730118, "median": 6.02263641357, "min": 2.03974199295, "var": 31.6307640076}, "erbbands_flatness_db": {"dmean": 0.0175297595561, "dmean2": 0.025761211291, "dvar": 0.00058496138081, "dvar2": 0.00114684191067, "max": 0.4535112679, "mean": 0.12096003443, "median": 0.0967046767473, "min": 0.0320974811912, "var": 0.00421646609902}, "erbbands_kurtosis": {"dmean": 1.65328729153, "dmean2": 2.64282774925, "dvar": 36.879776001, "dvar2": 81.5959014893, "max": 198.222671509, "mean": 1.31114089489, "median": 0.000740528106689, "min": -1.89129257202, "var": 52.8443603516}, "erbbands_skewness": {"dmean": 0.411992013454, "dmean2": 0.648503422737, "dvar": 0.306703150272, "dvar2": 0.686140060425, "max": 11.7479867935, "mean": -0.146015882492, "median": -0.240806639194, "min": -3.37033963203, "var": 1.11683249474}, "erbbands_spread": {"dmean": 13.7029447556, "dmean2": 19.699798584, "dvar": 303.806732178, "dvar2": 520.649963379, "max": 208.538284302, "mean": 58.4717330933, "median": 47.4614105225, "min": 0.486940443516, "var": 1603.59655762}, "hfc": {"dmean": 18.3676395416, "dmean2": 29.2531814575, "dvar": 1091.70593262, "dvar2": 2564.75561523, "max": 346.924987793, "mean": 38.8406486511, "median": 25.715675354, "min": 4.56366845356e-12, "var": 1874.58850098}, "melbands_crest": {"dmean": 3.36926245689, "dmean2": 5.06015491486, "dvar": 14.3960618973, "dvar2": 29.0621490479, "max": 36.8140258789, "mean": 21.6693096161, "median": 21.0359268188, "min": 2.48250198364, "var": 61.3823432922}, "melbands_flatness_db": {"dmean": 0.0414419732988, "dmean2": 0.0572739578784, "dvar": 0.00284929107875, "dvar2": 0.00577591033652, "max": 0.600654184818, "mean": 0.242344751954, "median": 0.22215564549, "min": 0.0134927509353, "var": 0.0141630461439}, "melbands_kurtosis": {"dmean": 48.6186027527, "dmean2": 65.2548446655, "dvar": 12263.9414062, "dvar2": 19810.3984375, "max": 1378.64526367, "mean": 81.435043335, "median": 17.593164444, "min": -1.8890029192, "var": 27476.1777344}, "melbands_skewness": {"dmean": 1.88437116146, "dmean2": 2.44761943817, "dvar": 7.14717721939, "dvar2": 10.1534500122, "max": 31.7332305908, "mean": 5.87151527405, "median": 3.89397335052, "min": -4.57360267639, "var": 32.0234298706}, "melbands_spread": {"dmean": 10.9685144424, "dmean2": 17.1939678192, "dvar": 380.034942627, "dvar2": 772.288818359, "max": 281.358612061, "mean": 26.3643779755, "median": 15.7550544739, "min": 0.26874345541, "var": 1068.64758301}, "pitch_salience": {"dmean": 0.0915460288525, "dmean2": 0.139126375318, "dvar": 0.0113925412297, "dvar2": 0.0250273626298, "max": 0.96496462822, "mean": 0.400965929031, "median": 0.414268612862, "min": 0.0203750375658, "var": 0.0368190221488}, "silence_rate_20dB": {"dmean": 0, "dmean2": 0, "dvar": 0, "dvar2": 0, "max": 1, "mean": 1, "median": 1, "min": 1, "var": 0}, "silence_rate_30dB": {"dmean": 0.0635054334998, "dmean2": 0.127021566033, "dvar": 0.0594696365297, "dvar2": 0.136819735169, "max": 1, "mean": 0.875189483166, "median": 1, "min": 0, "var": 0.109239973128}, "silence_rate_60dB": {"dmean": 0.0419439077377, "dmean2": 0.0838106498122, "dvar": 0.040184315294, "dvar2": 0.0852060168982, "max": 1, "mean": 0.141401380301, "median": 0, "min": 0, "var": 0.121416203678}, "spectral_centroid": {"dmean": 358.688354492, "dmean2": 579.721496582, "dvar": 212100.71875, "dvar2": 501197.625, "max": 5800.29541016, "mean": 1875.2208252, "median": 1972.39282227, "min": 222.335479736, "var": 960604.875}, "spectral_complexity": {"dmean": 4.46357297897, "dmean2": 7.35065698624, "dvar": 46.5674552917, "dvar2": 107.112030029, "max": 68, "mean": 18.806552887, "median": 11, "min": 0, "var": 301.153137207}, "spectral_decrease": {"dmean": 4.8207167147e-09, "dmean2": 7.33845029188e-09, "dvar": 7.29876048376e-17, "dvar2": 1.65931133859e-16, "max": 3.75704412026e-10, "mean": -1.20116370184e-08, "median": -8.15344058935e-09, "min": -8.27961628147e-08, "var": 1.97586965324e-16}, "spectral_energy": {"dmean": 0.019241226837, "dmean2": 0.0294979698956, "dvar": 0.00106982479338, "dvar2": 0.0024912271183, "max": 0.315403699875, "mean": 0.0488575845957, "median": 0.0351483374834, "min": 3.68662911131e-16, "var": 0.0029336316511}, "spectral_energyband_high": {"dmean": 0.00151266308967, "dmean2": 0.00243524997495, "dvar": 7.42258998798e-06, "dvar2": 1.75684781425e-05, "max": 0.0298529621214, "mean": 0.00298488652334, "median": 0.00171245227102, "min": 2.73055708336e-16, "var": 1.26429258671e-05}, "spectral_energyband_low": {"dmean": 0.0159526858479, "dmean2": 0.0230041518807, "dvar": 0.00096457998734, "dvar2": 0.00187638925854, "max": 0.313184857368, "mean": 0.0364148914814, "median": 0.0171999409795, "min": 5.97597336642e-18, "var": 0.00265351193957}, "spectral_energyband_middle_high": {"dmean": 0.00233775586821, "dmean2": 0.00385599583387, "dvar": 2.37681433646e-05, "dvar2": 6.09418821114e-05, "max": 0.0559750758111, "mean": 0.00500072399154, "median": 0.0013281062711, "min": 3.56653678004e-17, "var": 5.1308554248e-05}, "spectral_energyband_middle_low": {"dmean": 0.00404894258827, "dmean2": 0.00702514033765, "dvar": 0.000127318067825, "dvar2": 0.000353922223439, "max": 0.107309453189, "mean": 0.00556346774101, "median": 0.00229670666158, "min": 4.54783859423e-18, "var": 9.78585812845e-05}, "spectral_entropy": {"dmean": 0.167368724942, "dmean2": 0.261924177408, "dvar": 0.0675625279546, "dvar2": 0.156765133142, "max": 9.02929115295, "mean": 8.00103759766, "median": 8.21394538879, "min": 4.96361637115, "var": 0.340520352125}, "spectral_flux": {"dmean": 0.0365341566503, "dmean2": 0.0575161539018, "dvar": 0.00286211632192, "dvar2": 0.00565021065995, "max": 0.42526897788, "mean": 0.0899552106857, "median": 0.0786636024714, "min": 2.69194588327e-05, "var": 0.00561816943809}, "spectral_kurtosis": {"dmean": 1.34756028652, "dmean2": 2.20738625526, "dvar": 9.27582645416, "dvar2": 25.2162857056, "max": 54.0317726135, "mean": 3.44304728508, "median": 2.64958047867, "min": -0.933361291885, "var": 24.9947490692}, "spectral_rms": {"dmean": 0.00118773372378, "dmean2": 0.00179477455094, "dvar": 2.67762470685e-06, "dvar2": 6.26852715868e-06, "max": 0.0175416916609, "mean": 0.00587167497724, "median": 0.00585585739464, "min": 5.99725880068e-10, "var": 1.31894075821e-05}, "spectral_rolloff": {"dmean": 1068.87036133, "dmean2": 1778.4074707, "dvar": 4801317.5, "dvar2": 9260369, "max": 19789.0136719, "mean": 2369.65576172, "median": 818.26171875, "min": 64.599609375, "var": 11642495}, "spectral_skewness": {"dmean": 0.192485749722, "dmean2": 0.304707556963, "dvar": 0.0894388481975, "dvar2": 0.223606422544, "max": 6.17388534546, "mean": 1.29634034634, "median": 1.22280097008, "min": 0.038433842361, "var": 0.453838139772}, "spectral_spread": {"dmean": 829911.3125, "dmean2": 1183978, "dvar": 1283301834750.0, "dvar2": 2382405304320.0, "max": 15029461, "mean": 6922891.5, "median": 6256070, "min": 1296708.375, "var": 10269669457900.0}, "spectral_strongpeak": {"dmean": 0.26057896018, "dmean2": 0.430322319269, "dvar": 0.445327401161, "dvar2": 1.11804115772, "max": 8.62460231781, "mean": 0.53566968441, "median": 0.393462121487, "min": 0, "var": 0.467610567808}, "zerocrossingrate": {"dmean": 0.0221278220415, "dmean2": 0.0244211778045, "dvar": 0.0010150676826, "dvar2": 0.00119729491416, "max": 0.52392578125, "mean": 0.0836439281702, "median": 0.0595703125, "min": 0.001953125, "var": 0.00622147507966}, "barkbands": {"dmean": [0.000867273658514, 0.0150314252824, 0.00235387147404, 0.00170773861464, 0.0011010535527, 0.000308472255711, 0.00048423348926, 0.000483538315166, 0.000547814299352, 0.000806771509815, 0.000254107202636, 0.000276754260994, 0.000283600005787, 0.000453033542726, 0.000256324477959, 0.000265811802819, 0.000324804626871, 0.000289424904622, 0.000323879678035, 0.000264499540208, 0.000234948834986, 0.00021651572024, 0.000218261076952, 0.000256955361692, 0.000201965784072, 0.000322794920066, 0.000143895871588], "dmean2": [0.0010935603641, 0.0206042025238, 0.00430807843804, 0.00308973737992, 0.00191641331185, 0.000541934918147, 0.000777332868893, 0.00077208870789, 0.000937373552006, 0.00133213202935, 0.000419229560066, 0.000465505814645, 0.000483448733576, 0.000742887321394, 0.000450600986369, 0.000460366602056, 0.000569159514271, 0.000514154846314, 0.000581849366426, 0.000459778937511, 0.000415197282564, 0.000373727787519, 0.000387492851587, 0.000424880796345, 0.000312927790219, 0.000467996724183, 0.000224962263019], "dvar": [2.35631659962e-06, 0.000946996209677, 5.79767292948e-05, 4.33419445471e-05, 1.12942798296e-05, 6.3807647166e-07, 1.45147828334e-06, 6.22274728812e-06, 6.35132983007e-06, 6.57622695144e-06, 8.086096841e-07, 2.95746161783e-07, 5.19316870395e-07, 1.12297220767e-06, 4.62051332306e-07, 3.08855476305e-07, 4.07471759445e-07, 3.1079468954e-07, 3.95741807324e-07, 2.60798515228e-07, 2.60960803189e-07, 1.61981319025e-07, 2.03034474566e-07, 1.97725668727e-07, 1.32256474217e-07, 6.63907940179e-07, 1.51381186697e-07], "dvar2": [3.43673718817e-06, 0.00164890591986, 0.000166923535289, 0.000125677499454, 3.14991484629e-05, 1.74523734131e-06, 3.30834814122e-06, 1.46933734868e-05, 1.72036670847e-05, 1.77909078047e-05, 1.76955086317e-06, 7.47588273953e-07, 1.27198313749e-06, 2.58142699749e-06, 1.20718300423e-06, 8.24582969017e-07, 1.09812970095e-06, 8.66281482104e-07, 1.11537065095e-06, 7.1763889764e-07, 7.3743763096e-07, 4.42094631126e-07, 5.95424069161e-07, 4.86678175093e-07, 2.89699158884e-07, 1.29723582631e-06, 3.37160969366e-07], "max": [0.0140251014382, 0.300142377615, 0.0706993117929, 0.0637826621532, 0.0327390804887, 0.0107887620106, 0.0219814889133, 0.0411157645285, 0.0403043814003, 0.035701546818, 0.0290480665863, 0.0115327313542, 0.0173403434455, 0.0248561650515, 0.0164749119431, 0.00958050880581, 0.00983412750065, 0.00788211356848, 0.00541707966477, 0.006320763845, 0.00741788512096, 0.00438555004075, 0.00515342224389, 0.00478005874902, 0.00532757397741, 0.00784539245069, 0.00309837283567], "mean": [0.00135843723547, 0.0316436253488, 0.00249274331145, 0.00167899625376, 0.0013814897975, 0.000381125661079, 0.000629613234196, 0.000537396292202, 0.000601782579906, 0.00107569713145, 0.000327091227518, 0.000382520578569, 0.000369264482288, 0.00066578714177, 0.000319344893796, 0.000401589641115, 0.000462679308839, 0.000443186057964, 0.000497210479807, 0.000486253702547, 0.000453432701761, 0.000413430389017, 0.000403530197218, 0.000471460953122, 0.000405018276069, 0.00040508742677, 0.000169846738572], "median": [0.00020822751685, 0.0131828933954, 0.000773610372562, 0.000317812722642, 0.000319697690429, 0.000108227439341, 7.85329611972e-05, 0.0001215868906, 0.000142674805829, 0.000189374171896, 7.51947081881e-05, 8.05206364021e-05, 4.78822330479e-05, 6.19960337644e-05, 4.58596114186e-05, 6.0970443883e-05, 6.61974336253e-05, 5.23579801666e-05, 9.19453668757e-05, 7.36851798138e-05, 9.21888567973e-05, 0.000156041191076, 0.000275359372608, 0.000340133265126, 0.000234575505601, 0.000109717744635, 2.98224531434e-05], "min": [1.94508667269e-18, 2.74672436152e-18, 1.57580202118e-18, 1.30348061844e-18, 1.97108206421e-18, 5.5286963365e-19, 3.52903489778e-20, 1.05314089425e-19, 3.93346404953e-19, 1.0840650673e-18, 3.09537230431e-18, 6.00057826734e-18, 3.20221322697e-18, 4.23369493972e-19, 1.85423308331e-18, 2.48530385508e-18, 4.23324691802e-18, 2.07307777643e-18, 7.9999838229e-18, 3.71747954017e-18, 1.53665210045e-17, 1.00649376517e-17, 1.19259302482e-17, 3.78081791773e-17, 7.11729624796e-17, 3.16076663928e-17, 1.14467979552e-16], "var": [5.81505264563e-06, 0.00241392967291, 3.6354707845e-05, 2.67755476671e-05, 1.02870480987e-05, 7.50335402699e-07, 2.40667509388e-06, 5.88787133893e-06, 5.15911233379e-06, 7.78128378442e-06, 1.35585094085e-06, 5.29619057943e-07, 9.65649292084e-07, 2.5135609576e-06, 6.10529639289e-07, 5.77391347178e-07, 6.19324168838e-07, 4.56715241626e-07, 5.23205983427e-07, 4.86514977638e-07, 4.62959434344e-07, 2.97669743077e-07, 2.42475749701e-07, 3.07077101525e-07, 2.47542516263e-07, 7.99971132892e-07, 1.54839653987e-07]}, "erbbands": {"dmean": [0.66852325201, 2.61013126373, 2.49514555931, 4.75325489044, 4.87559366226, 3.26637339592, 2.43724441528, 2.96327280998, 7.45925283432, 8.64131355286, 8.96281719208, 12.2168207169, 25.7200183868, 13.7601461411, 8.70245838165, 11.0792713165, 13.0460128784, 18.6110954285, 16.7185649872, 13.9990358353, 13.5090932846, 17.3841362, 15.598031044, 17.6987056732, 14.0571136475, 12.2157773972, 10.5164833069, 9.01688098907, 7.84934091568, 7.15667104721, 6.26189565659, 5.74793720245, 4.15892982483, 2.4751560688, 1.33057487011, 1.03426039219, 0.705141603947, 0.173184633255, 0.0197332147509, 0.00161822326481], "dmean2": [0.852086424828, 3.82345962524, 4.51300477982, 8.72343540192, 8.57374382019, 5.86056423187, 4.27501106262, 5.09237957001, 12.1072034836, 13.4618825912, 14.6183757782, 20.74949646, 42.7998580933, 22.632856369, 14.7940244675, 18.608795166, 21.9403381348, 30.481803894, 28.4849586487, 24.2713184357, 23.5407848358, 30.7885284424, 27.6314945221, 31.4985332489, 25.0676250458, 21.3994483948, 18.5712528229, 15.8763952255, 13.6729516983, 12.5982694626, 11.0189008713, 9.59074878693, 6.91520738602, 4.00542020798, 2.02483534813, 1.51867592335, 1.02773559093, 0.262743741274, 0.0300804227591, 0.0025323939044], "dvar": [2.06595468521, 25.8688201904, 42.6125411987, 334.811798096, 281.512145996, 109.903312683, 62.8892021179, 53.300113678, 367.046325684, 2453.03955078, 2190.74291992, 3770.94555664, 7786.40283203, 2070.21386719, 404.885742188, 459.064483643, 1008.03546143, 2200.97436523, 1290.40466309, 929.092590332, 749.824401855, 1115.71716309, 991.443786621, 1195.19274902, 731.98425293, 571.846984863, 526.704833984, 357.6980896, 214.904830933, 216.038299561, 139.35256958, 99.8741149902, 50.7485313416, 19.9222126007, 5.76972818375, 5.73734474182, 3.42169308662, 0.213068887591, 0.00257569737732, 1.82774110726e-05], "dvar2": [3.08239197731, 55.8929824829, 124.057296753, 971.352905273, 797.397644043, 310.983825684, 176.309356689, 138.969955444, 840.060302734, 5474.36279297, 5508.94140625, 10280.1484375, 21299.3808594, 4885.97607422, 1054.88574219, 1156.68322754, 2453.12475586, 4971.87695312, 3360.58056641, 2491.56005859, 2007.72558594, 3130.26879883, 2757.11376953, 3298.74291992, 2064.07592773, 1575.51782227, 1485.23950195, 1012.81109619, 603.102233887, 610.13861084, 402.322723389, 257.027374268, 122.679443359, 48.7245025635, 11.0953626633, 11.311955452, 7.30914449692, 0.424412846565, 0.0055177891627, 3.86208448617e-05], "max": [14.3784484863, 49.0199241638, 63.5643348694, 164.862411499, 163.532943726, 134.588165283, 130.971405029, 129.653366089, 395.03704834, 924.901550293, 863.14276123, 1150.44274902, 1193.76538086, 1190.27075195, 261.531616211, 421.870697021, 761.103515625, 1116.84655762, 957.999145508, 559.549621582, 339.695648193, 381.024383545, 467.565765381, 428.967895508, 306.308929443, 260.873596191, 397.498168945, 238.943496704, 179.409515381, 188.352966309, 135.186584473, 100.722419739, 73.4204330444, 64.2437133789, 33.40184021, 29.775976181, 16.810749054, 3.70865511894, 0.428129345179, 0.0326920673251], "mean": [1.27318751812, 5.61565256119, 3.80091404915, 4.78243017197, 5.41536903381, 3.84426021576, 3.03159737587, 3.87231087685, 9.85265254974, 9.73797416687, 10.6970043182, 13.8864202499, 32.5937042236, 19.5080623627, 11.5718307495, 15.6422300339, 18.5205345154, 27.7085781097, 25.1554203033, 20.6253490448, 21.6090717316, 25.7182369232, 24.0699539185, 27.3142375946, 23.4117012024, 22.2771224976, 19.4759502411, 17.4664173126, 14.9411020279, 12.7567081451, 11.5470514297, 9.82334518433, 7.98214197159, 4.93062591553, 2.60974192619, 1.52597260475, 0.78805565834, 0.199243426323, 0.02510865964, 0.00198172172531], "median": [0.366616934538, 2.60511398315, 1.88245558739, 1.32254457474, 1.23333215714, 0.963905572891, 0.785771489143, 0.860537052155, 1.16351306438, 1.7279599905, 3.19209480286, 3.49751853943, 6.41939020157, 4.36761283875, 3.49960327148, 3.53849983215, 2.52475476265, 3.15892028809, 3.14109277725, 3.29315137863, 3.56819367409, 3.86450791359, 2.98263955116, 3.83234715462, 5.03967905045, 3.74669122696, 3.54939365387, 5.13558578491, 5.64530467987, 6.11477279663, 7.75310850143, 6.23233985901, 6.3231420517, 3.02980804443, 1.44780230522, 0.615106582642, 0.153439551592, 0.0325261428952, 0.00493739359081, 0.000424749945523], "min": [1.03309557935e-16, 5.43612351839e-16, 1.66137529318e-15, 3.44205454171e-15, 5.44828998201e-15, 6.71246759755e-15, 6.22546388694e-15, 3.83483282496e-15, 1.12142948228e-15, 6.45861298792e-16, 3.54978760348e-15, 8.60991542005e-15, 2.11838213664e-14, 6.73436119695e-14, 1.66981527347e-13, 2.44140970461e-13, 1.61805613938e-13, 3.20079114038e-14, 7.69586624245e-14, 8.41470990109e-14, 1.991516625e-13, 2.24163352811e-13, 1.11392266125e-13, 1.35843620424e-13, 5.82735303154e-13, 1.67208681254e-13, 5.69069639501e-13, 4.33613106358e-13, 4.17663977405e-13, 3.46679065663e-13, 2.97441921353e-13, 5.86383751885e-13, 7.36555131123e-13, 7.27973020406e-13, 4.32018461803e-13, 1.4537408278e-13, 5.9615676382e-14, 2.9397166125e-14, 1.31235159797e-14, 2.09532996558e-15], "var": [5.05830907822, 66.8096542358, 35.6680107117, 198.572555542, 213.076934814, 88.639503479, 59.1623497009, 84.226020813, 639.416259766, 2545.91918945, 1885.40576172, 3086.34838867, 7602.27929688, 3382.734375, 492.12713623, 810.941162109, 1948.44421387, 4546.98388672, 2532.69360352, 1348.53515625, 1291.8560791, 1601.78405762, 1407.35681152, 1810.3692627, 1066.88305664, 1005.90893555, 872.646118164, 640.643737793, 390.145111084, 284.068511963, 188.777145386, 145.65461731, 81.790397644, 34.7598419189, 11.3490991592, 7.4358792305, 3.74864530563, 0.241088151932, 0.00289758224972, 1.9822124159e-05]}, "gfcc": {"mean": [-17.1015663147, 47.6580810547, -80.4600143433, 38.1112136841, -42.3358879089, 27.6293716431, -14.0300579071, 18.4296722412, -12.6079206467, 3.16969490051, -12.7031497955, -0.890460193157, -8.29640579224], "cov": [[22087.6660156, -4762.67919922, 1584.72924805, 1825.75134277, 897.590576172, 1002.39031982, -918.683044434, 147.826828003, -797.372924805, 509.74786377, -167.585128784, 557.425109863, -392.635650635], [-4762.67919922, 3933.35498047, -1156.56982422, -250.546325684, 79.7068862915, -413.072906494, 451.657073975, -290.598846436, 377.728515625, -279.201019287, 133.738739014, -266.619293213, 231.544708252], [1584.72924805, -1156.56982422, 1590.89306641, 523.451965332, -62.2850914001, 602.555664062, -21.7855739594, 286.058258057, -126.473121643, 126.058776855, 28.4470367432, 117.993713379, -38.7168426514], [1825.75134277, -250.546325684, 523.451965332, 670.740783691, 43.8640861511, 339.179748535, -34.9521141052, 95.9738616943, -88.5077514648, 37.7315101624, 28.5210323334, 63.2282905579, 6.78131008148], [897.590576172, 79.7068862915, -62.2850914001, 43.8640861511, 344.688140869, 13.5575151443, 66.7536773682, -20.4742393494, 50.2777900696, 26.8785171509, 30.5519428253, 37.7256240845, 34.847442627], [1002.39031982, -413.072906494, 602.555664062, 339.179748535, 13.5575151443, 468.472198486, 48.615070343, 187.303222656, -68.9734191895, 55.2364463806, 19.4593639374, 63.5828094482, 19.2934303284], [-918.683044434, 451.657073975, -21.7855739594, -34.9521141052, 66.7536773682, 48.615070343, 220.601898193, 60.6933898926, 117.645317078, -14.6284370422, 37.1549987793, -21.6846523285, 64.8148498535], [147.826828003, -290.598846436, 286.058258057, 95.9738616943, -20.4742393494, 187.303222656, 60.6933898926, 172.292877197, 36.0130653381, 66.4130020142, 13.0276851654, 25.7112216949, 5.05877256393], [-797.372924805, 377.728515625, -126.473121643, -88.5077514648, 50.2777900696, -68.9734191895, 117.645317078, 36.0130653381, 170.306045532, 38.8071060181, 46.6098518372, -35.5415153503, 29.7618999481], [509.74786377, -279.201019287, 126.058776855, 37.7315101624, 26.8785171509, 55.2364463806, -14.6284370422, 66.4130020142, 38.8071060181, 119.945053101, 47.3644676208, 34.3195228577, -24.8988838196], [-167.585128784, 133.738739014, 28.4470367432, 28.5210323334, 30.5519428253, 19.4593639374, 37.1549987793, 13.0276851654, 46.6098518372, 47.3644676208, 89.9834823608, 31.4679279327, 22.6634273529], [557.425109863, -266.619293213, 117.993713379, 63.2282905579, 37.7256240845, 63.5828094482, -21.6846523285, 25.7112216949, -35.5415153503, 34.3195228577, 31.4679279327, 80.969039917, 18.4788074493], [-392.635650635, 231.544708252, -38.7168426514, 6.78131008148, 34.847442627, 19.2934303284, 64.8148498535, 5.05877256393, 29.7618999481, -24.8988838196, 22.6634273529, 18.4788074493, 76.682434082]], "icov": [[0.000139396870509, 1.74824799615e-05, 6.94035625202e-05, -0.000279777945252, -0.000356954988092, -0.000143092838698, 0.000182390227565, 0.00018697163614, 0.000113122972834, -0.000465845776489, 0.000625740678515, -0.000632448471151, 0.000524768198375], [1.74824799615e-05, 0.00110907352064, 0.000328535068547, -0.00039146040217, 0.000178664078703, -0.000404939288273, -0.000789882964455, 0.00171624601353, -0.00123222498223, 0.00155140901916, -0.00229291152209, 0.00287568569183, -0.00151707464829], [6.94035625202e-05, 0.000328535068547, 0.00160456018057, -0.000563378154766, 0.000175716326339, -0.00147179607302, -0.000109486500151, -0.000193173560547, -0.0002996782423, 0.000376789364964, -0.000493740430102, -0.000546900788322, 0.00113541726023], [-0.000279777945252, -0.00039146040217, -0.000563378154766, 0.00340156699531, 0.000111324879981, -0.0015389273176, 0.00129207829013, -0.000593453412876, -1.46752927321e-05, 0.00124665803742, -0.00171612866689, 0.000814612198155, -0.000830750504974], [-0.000356954988092, 0.000178664078703, 0.000175716326339, 0.000111324879981, 0.00548728182912, -0.00113020837307, -0.0027159138117, 0.0043587484397, -0.00363169726916, -0.000414770387579, 0.00112962978892, -0.00273205549456, -0.00089018442668], [-0.000143092838698, -0.000404939288273, -0.00147179607302, -0.0015389273176, -0.00113020837307, 0.0105486456305, -0.00289477501065, -0.00930360890925, 0.00997086521238, -0.00269542750902, -0.00241023674607, 0.00488179689273, -0.00440603122115], [0.000182390227565, -0.000789882964455, -0.000109486500151, 0.00129207829013, -0.0027159138117, -0.00289477501065, 0.0151936858892, -0.00541142560542, -0.00724891992286, 0.00678651826456, -0.00211735931225, -0.000233464830671, -0.00167423253879], [0.00018697163614, 0.00171624601353, -0.000193173560547, -0.000593453412876, 0.0043587484397, -0.00930360890925, -0.00541142560542, 0.0269939750433, -0.0129539743066, -0.00593881960958, 0.00874864310026, -0.00642146635801, 0.000944319879636], [0.000113122972834, -0.00123222498223, -0.0002996782423, -1.46752927321e-05, -0.00363169726916, 0.00997086521238, -0.00724891992286, -0.0129539743066, 0.0318524986506, -0.0151164690033, -0.00587679352611, 0.0164229441434, -0.0092183034867], [-0.000465845776489, 0.00155140901916, 0.000376789364964, 0.00124665803742, -0.000414770387579, -0.00269542750902, 0.00678651826456, -0.00593881960958, -0.0151164690033, 0.0331881567836, -0.0158011987805, -0.00423512235284, 0.0108662676066], [0.000625740678515, -0.00229291152209, -0.000493740430102, -0.00171612866689, 0.00112962978892, -0.00241023674607, -0.00211735931225, 0.00874864310026, -0.00587679352611, -0.0158011987805, 0.0341950505972, -0.0217767767608, 0.0036271836143], [-0.000632448471151, 0.00287568569183, -0.000546900788322, 0.000814612198155, -0.00273205549456, 0.00488179689273, -0.000233464830671, -0.00642146635801, 0.0164229441434, -0.00423512235284, -0.0217767767608, 0.048860065639, -0.0247227661312], [0.000524768198375, -0.00151707464829, 0.00113541726023, -0.000830750504974, -0.00089018442668, -0.00440603122115, -0.00167423253879, 0.000944319879636, -0.0092183034867, 0.0108662676066, 0.0036271836143, -0.0247227661312, 0.0358129963279]]}, "melbands": {"dmean": [0.00491333147511, 0.00176334741991, 0.000820314860903, 0.000283152185148, 9.53310955083e-05, 7.15281857993e-05, 0.000103825135739, 9.90995395114e-05, 7.61784176575e-05, 7.99258996267e-05, 0.000132314147777, 6.21835351922e-05, 2.96952912322e-05, 2.57355331996e-05, 3.39474863722e-05, 3.0102331948e-05, 3.93011214328e-05, 3.15669203701e-05, 2.06509066629e-05, 2.18554541789e-05, 1.62313135661e-05, 2.01406801352e-05, 1.52102993525e-05, 1.36882772495e-05, 1.53938126459e-05, 1.20046997836e-05, 9.53320341068e-06, 8.7986327344e-06, 7.18903220331e-06, 5.98225642534e-06, 5.53296331418e-06, 4.84592828798e-06, 4.2130395741e-06, 4.22302537118e-06, 3.7952229377e-06, 3.59711657438e-06, 3.55389965989e-06, 3.37755750479e-06, 2.2982299015e-06, 2.13437351704e-06], "dmean2": [0.00652531487867, 0.00291717331856, 0.0014861227246, 0.00050143658882, 0.000167671780218, 0.000122641751659, 0.000169334525708, 0.000155948277097, 0.000125634527649, 0.00013633974595, 0.000219818175538, 0.000101900106529, 5.01549002365e-05, 4.4765030907e-05, 5.64084475627e-05, 5.0578644732e-05, 6.43754319753e-05, 5.35664148629e-05, 3.58546858479e-05, 3.74118571926e-05, 2.84115194518e-05, 3.54343574145e-05, 2.71385197266e-05, 2.42185742536e-05, 2.74169669865e-05, 2.16355019802e-05, 1.66275112861e-05, 1.54439549078e-05, 1.27598359541e-05, 1.05476765384e-05, 9.71891131485e-06, 8.48147374199e-06, 7.24610299585e-06, 7.51158768253e-06, 6.69405289955e-06, 6.24573976893e-06, 5.85495627092e-06, 5.74850128032e-06, 3.66404287888e-06, 3.48481034962e-06], "dvar": [0.000106693616544, 9.69362918113e-06, 9.70240853349e-06, 8.27880512588e-07, 9.97694300509e-08, 2.91380377604e-08, 6.69488784411e-08, 3.48884043433e-07, 2.08834535442e-07, 1.57426285341e-07, 2.01527967647e-07, 3.97344699365e-08, 6.57357546174e-09, 2.69282907084e-09, 5.18131093585e-09, 7.93371235375e-09, 1.10302611489e-08, 5.02504082789e-09, 3.85856058216e-09, 2.26719332197e-09, 1.25928711903e-09, 1.53364831945e-09, 9.82418035811e-10, 6.95468294065e-10, 9.17460052374e-10, 5.6042320784e-10, 3.22191689994e-10, 2.86469625799e-10, 2.48874754138e-10, 1.61952673494e-10, 1.27909419168e-10, 8.06946939824e-11, 5.73551900418e-11, 7.88040119271e-11, 4.74170390452e-11, 4.7082490684e-11, 3.68667561756e-11, 3.26877275247e-11, 1.56934725631e-11, 1.51243080559e-11], "dvar2": [0.000173743246705, 2.81925549643e-05, 2.80945478153e-05, 2.34020671996e-06, 2.78464654002e-07, 7.63405409998e-08, 1.5551655963e-07, 7.8814156268e-07, 5.3213375395e-07, 4.31540144064e-07, 5.50379184006e-07, 9.71444009679e-08, 1.62048134911e-08, 7.33366034567e-09, 1.26379546828e-08, 1.8724293227e-08, 2.45803768451e-08, 1.28817054801e-08, 9.7607228966e-09, 5.93220361722e-09, 3.29496896434e-09, 4.25931423464e-09, 2.76524847465e-09, 1.94541982523e-09, 2.52836507286e-09, 1.60653457204e-09, 8.86750894935e-10, 7.88522469541e-10, 7.07123470889e-10, 4.57139187615e-10, 3.6178909868e-10, 2.28104257705e-10, 1.55928797652e-10, 2.27292490385e-10, 1.3650108821e-10, 1.34932301443e-10, 9.10254718822e-11, 8.12786365989e-11, 3.75690416277e-11, 3.85235385258e-11], "max": [0.10195055604, 0.029238704592, 0.0292892102152, 0.00894817803055, 0.00563921080902, 0.00255480455235, 0.00506230210885, 0.0109150800854, 0.00902568269521, 0.00752107147127, 0.00588131742552, 0.00450616469607, 0.00190183415543, 0.000669075816404, 0.00178315700032, 0.00234400574118, 0.002551689744, 0.00225277594291, 0.00177035667002, 0.000899487000424, 0.00054853403708, 0.000503257266246, 0.000405810395023, 0.000387740990845, 0.000403676967835, 0.00024464353919, 0.000248882570304, 0.000190183462109, 0.000322590494761, 0.000196800814592, 0.00015838748368, 0.000114622205729, 9.52611881075e-05, 0.000126249462483, 8.12164798845e-05, 9.8891556263e-05, 7.15840069461e-05, 5.87397407799e-05, 4.93884763273e-05, 6.83922189637e-05], "mean": [0.00996206700802, 0.00380507577211, 0.000851364689879, 0.000340633152518, 0.000117516858154, 9.34757554205e-05, 0.000136007642141, 0.000108892301796, 8.87914211489e-05, 8.84409819264e-05, 0.000168146798387, 8.80820589373e-05, 3.77394826501e-05, 3.42117346008e-05, 4.68158395961e-05, 3.94552189391e-05, 5.64594447496e-05, 4.57900350739e-05, 2.5970990464e-05, 3.1841074815e-05, 2.35722181969e-05, 2.83442604996e-05, 2.17071610678e-05, 2.053107346e-05, 2.24835657718e-05, 1.76275007107e-05, 1.58983784786e-05, 1.4813837879e-05, 1.23631461975e-05, 1.08316216938e-05, 9.91897377389e-06, 8.69498489919e-06, 7.34556851967e-06, 7.00425107425e-06, 6.75825822327e-06, 6.16926854491e-06, 5.8389791775e-06, 6.01601732342e-06, 4.49862955065e-06, 4.09733547713e-06], "median": [0.00366526655853, 0.00208564172499, 0.000245277129579, 8.64979738253e-05, 2.88330957119e-05, 2.12198301597e-05, 1.63008971867e-05, 1.80773022294e-05, 2.45835290116e-05, 1.98735797312e-05, 3.11077965307e-05, 1.55961006385e-05, 9.78835851129e-06, 1.00113629742e-05, 6.25181837677e-06, 4.41298016085e-06, 6.00456496613e-06, 4.88470232085e-06, 3.46720662492e-06, 4.62956904812e-06, 3.81466134058e-06, 4.06479739468e-06, 2.89105264528e-06, 2.35671359405e-06, 2.88634828394e-06, 3.66597510038e-06, 2.55011445915e-06, 2.49306776823e-06, 2.24440418606e-06, 1.81667178367e-06, 3.24041502608e-06, 3.16878231388e-06, 2.88457613351e-06, 3.85775183531e-06, 4.5664182835e-06, 3.89758997699e-06, 3.65397022506e-06, 4.87945453642e-06, 3.10144241666e-06, 2.43211388806e-06], "min": [9.34530147896e-19, 8.32631319199e-19, 6.57674141043e-19, 4.48126802911e-19, 2.38294475208e-19, 8.78546848382e-20, 1.4174628369e-20, 9.06582761995e-21, 3.31056680448e-20, 5.70320934451e-20, 1.0546384789e-19, 2.46348500187e-19, 4.87075170739e-19, 6.65058692564e-19, 5.6476056175e-19, 2.33376369478e-19, 3.308166042e-20, 1.08324484017e-19, 1.39722321365e-19, 1.0091663573e-19, 2.75373983539e-19, 2.80517004847e-19, 7.96787476532e-20, 1.19169132041e-19, 7.32125734073e-20, 4.08520412905e-19, 3.41941679376e-19, 4.63923632627e-20, 2.12753981325e-19, 5.78892011938e-19, 1.27491783924e-19, 2.03328788158e-19, 2.4746110981e-19, 1.96085141684e-19, 1.29749806051e-19, 2.48062547664e-19, 4.42967884225e-19, 4.02927793084e-19, 8.67640601252e-19, 5.47041267355e-19], "var": [0.000266163551714, 2.23145561904e-05, 5.88413467995e-06, 6.71542068176e-07, 9.4873350065e-08, 4.35992504322e-08, 1.14464775436e-07, 3.53924889396e-07, 1.75500147748e-07, 1.29714791797e-07, 2.03580441394e-07, 6.40484429937e-08, 8.85746942458e-09, 3.1596509853e-09, 1.07963984419e-08, 1.58095865288e-08, 2.25764082984e-08, 1.04031556702e-08, 5.4838986685e-09, 4.34522240411e-09, 1.93575777629e-09, 2.24344054445e-09, 1.28047927817e-09, 9.58147672314e-10, 1.35787625588e-09, 6.55522580661e-10, 5.76002356922e-10, 4.73018735292e-10, 3.75580594403e-10, 2.78400635878e-10, 2.11664477612e-10, 1.38853054055e-10, 9.75279093596e-11, 8.76128058991e-11, 6.38537417386e-11, 6.00353239344e-11, 5.48597695049e-11, 4.73390701639e-11, 2.81635426785e-11, 2.50026978288e-11]}, "mfcc": {"mean": [-668.952697754, 83.973739624, 25.335351944, 24.3210582733, 10.1008672714, 15.3171329498, 14.910905838, 17.1715869904, 12.3501462936, 12.3782701492, 5.78410291672, 2.67180347443, 1.2309230566], "cov": [[16200.4423828, -2694.69580078, -389.846588135, 555.760437012, 1025.80822754, 437.099182129, 132.990814209, -191.14994812, -381.26083374, -283.128723145, -124.685462952, 28.5667724609, -35.0830230713], [-2694.69580078, 2810.9777832, -709.486633301, 81.5118942261, -249.458892822, -24.0192584991, -63.079624176, 8.02977180481, 126.458343506, 35.4258308411, 18.4127235413, -1.6119312048, -17.8417701721], [-389.846588135, -709.486633301, 1386.8449707, 11.0187969208, 166.570541382, 150.820999146, 243.903808594, 183.611572266, 49.2988967896, 103.260093689, 55.3830451965, 29.394153595, 98.8279571533], [555.760437012, 81.5118942261, 11.0187969208, 247.297866821, 112.234031677, 76.4505004883, 27.2282142639, 13.5896234512, -1.99386739731, -16.2360744476, 2.67880535126, 23.3489952087, 15.5918474197], [1025.80822754, -249.458892822, 166.570541382, 112.234031677, 226.007598877, 119.940666199, 89.5046234131, 40.1182670593, 3.44456362724, 0.68305182457, 12.0512113571, 17.2268199921, 20.669713974], [437.099182129, -24.0192584991, 150.820999146, 76.4505004883, 119.940666199, 144.31413269, 113.052810669, 69.6742095947, 24.4874591827, 19.1267986298, 8.23840045929, 6.29584932327, 16.4214096069], [132.990814209, -63.079624176, 243.903808594, 27.2282142639, 89.5046234131, 113.052810669, 155.906356812, 105.486831665, 44.547328949, 37.3492393494, 16.0151901245, 5.78200101852, 23.9424724579], [-191.14994812, 8.02977180481, 183.611572266, 13.5896234512, 40.1182670593, 69.6742095947, 105.486831665, 125.303474426, 75.5068206787, 50.6302642822, 15.1652498245, -2.07034945488, 9.51814365387], [-381.26083374, 126.458343506, 49.2988967896, -1.99386739731, 3.44456362724, 24.4874591827, 44.547328949, 75.5068206787, 112.282279968, 76.9430236816, 37.3395729065, 9.68646907806, -0.543267011642], [-283.128723145, 35.4258308411, 103.260093689, -16.2360744476, 0.68305182457, 19.1267986298, 37.3492393494, 50.6302642822, 76.9430236816, 106.297767639, 69.1912231445, 25.4465904236, 11.3107681274], [-124.685462952, 18.4127235413, 55.3830451965, 2.67880535126, 12.0512113571, 8.23840045929, 16.0151901245, 15.1652498245, 37.3395729065, 69.1912231445, 86.8259048462, 52.0473403931, 24.0177154541], [28.5667724609, -1.6119312048, 29.394153595, 23.3489952087, 17.2268199921, 6.29584932327, 5.78200101852, -2.07034945488, 9.68646907806, 25.4465904236, 52.0473403931, 70.5646438599, 46.8764839172], [-35.0830230713, -17.8417701721, 98.8279571533, 15.5918474197, 20.669713974, 16.4214096069, 23.9424724579, 9.51814365387, -0.543267011642, 11.3107681274, 24.0177154541, 46.8764839172, 68.2172927856]], "icov": [[0.000126998595078, 0.000102201403934, 0.000143786412082, -7.28067025193e-05, -0.00046766010928, -0.000138545336085, -7.82524584793e-05, 0.00011176244152, 0.00034438885632, -0.000237321029999, 0.000280265667243, -0.000252945057582, 0.000204530690098], [0.000102201403934, 0.000646510976367, 0.000392220943468, -0.00052127498202, 0.000698690826539, -0.000816364539787, -0.00019459608302, 0.00039689449477, -0.000755233631935, 0.000369121844415, -0.000429984240327, 0.000545951363165, -0.00052067701472], [0.000143786412082, 0.000392220943468, 0.00153747980949, -0.000195582659217, -0.000654028262943, 0.000295103993267, -0.00133858656045, -0.00096168811433, 0.00144706550054, -0.00159018894192, 0.000141715703649, 0.00102563749533, -0.00175451952964], [-7.28067025193e-05, -0.00052127498202, -0.000195582659217, 0.00658028153703, -0.00274643301964, -0.00290072523057, 0.00338840275072, -0.0017166956095, 8.491686458e-05, 0.00154563947581, 0.000559189415071, -0.00297576631419, 0.000778648827691], [-0.00046766010928, 0.000698690826539, -0.000654028262943, -0.00274643301964, 0.0133329154924, -0.0071841403842, -0.00146613013931, 0.00271617458202, -0.00420804554597, 0.00489379884675, -0.00468027126044, 0.00209869677201, -0.00129667448346], [-0.000138545336085, -0.000816364539787, 0.000295103993267, -0.00290072523057, -0.0071841403842, 0.0261887460947, -0.0151211014017, -0.000276889564702, 0.0028616709169, -0.00444609066471, 0.00365168857388, -0.000713526271284, 0.00113362667616], [-7.82524584793e-05, -0.00019459608302, -0.00133858656045, 0.00338840275072, -0.00146613013931, -0.0151211014017, 0.0314374640584, -0.0181139353663, 0.00361136510037, 0.0011690427782, -0.0027512894012, 0.00159308000002, -0.0036395965144], [0.00011176244152, 0.00039689449477, -0.00096168811433, -0.0017166956095, 0.00271617458202, -0.000276889564702, -0.0181139353663, 0.0340243726969, -0.0174052976072, 0.00137357797939, 0.00230840337463, 0.0034784313757, -0.000768615631387], [0.00034438885632, -0.000755233631935, 0.00144706550054, 8.491686458e-05, -0.00420804554597, 0.0028616709169, 0.00361136510037, -0.0174052976072, 0.0329384915531, -0.0220953505486, 0.00893046893179, -0.00777077907696, 0.00573238218203], [-0.000237321029999, 0.000369121844415, -0.00159018894192, 0.00154563947581, 0.00489379884675, -0.00444609066471, 0.0011690427782, 0.00137357797939, -0.0220953505486, 0.0454500801861, -0.0341974310577, 0.0143297472969, -0.00460811890662], [0.000280265667243, -0.000429984240327, 0.000141715703649, 0.000559189415071, -0.00468027126044, 0.00365168857388, -0.0027512894012, 0.00230840337463, 0.00893046893179, -0.0341974310577, 0.0540470182896, -0.0363815836608, 0.0125938337296], [-0.000252945057582, 0.000545951363165, 0.00102563749533, -0.00297576631419, 0.00209869677201, -0.000713526271284, 0.00159308000002, 0.0034784313757, -0.00777077907696, 0.0143297472969, -0.0363815836608, 0.058396872133, -0.0320585817099], [0.000204530690098, -0.00052067701472, -0.00175451952964, 0.000778648827691, -0.00129667448346, 0.00113362667616, -0.0036395965144, -0.000768615631387, 0.00573238218203, -0.00460811890662, 0.0125938337296, -0.0320585817099, 0.0369017533958]]}, "spectral_contrast_coeffs": {"dmean": [0.0435663461685, 0.0466249845922, 0.0405632853508, 0.0280543752015, 0.0197463799268, 0.0154940309003], "dmean2": [0.0706673935056, 0.0751281455159, 0.0655691176653, 0.0455854423344, 0.0331648476422, 0.0254458207637], "dvar": [0.00170954049099, 0.00168800109532, 0.00135836121626, 0.000636097334791, 0.000284181238385, 0.000247968710028], "dvar2": [0.00450888555497, 0.00409603398293, 0.00329076172784, 0.00156698666979, 0.000757063913625, 0.000626233930234], "max": [-0.29958102107, -0.297246873379, -0.493589222431, -0.572683811188, -0.693413555622, -0.605630218983], "mean": [-0.700856029987, -0.77005648613, -0.788418591022, -0.81686514616, -0.817065417767, -0.785097956657], "median": [-0.709421515465, -0.779701292515, -0.799278259277, -0.826929271221, -0.816954135895, -0.778361082077], "min": [-0.993699133396, -0.961924552917, -0.967408657074, -0.961427807808, -0.947996675968, -0.943266451359], "var": [0.0056823277846, 0.00522648543119, 0.00405911030248, 0.00293578789569, 0.0012579143513, 0.00168019009288]}, "spectral_contrast_valleys": {"dmean": [0.364623427391, 0.433320909739, 0.407188862562, 0.399413198233, 0.366373956203, 0.339737504721], "dmean2": [0.575373888016, 0.720339715481, 0.675118863583, 0.653429806232, 0.595579862595, 0.502675890923], "dvar": [0.141076624393, 0.293916851282, 0.309725046158, 0.381680101156, 0.389263004065, 0.379608273506], "dvar2": [0.325172066689, 0.715266168118, 0.749339044094, 0.898521304131, 0.931861400604, 0.812127590179], "max": [-5.21349668503, -5.00914716721, -4.8759598732, -5.29158306122, -5.0187458992, -7.23120117188], "mean": [-7.35905504227, -7.49775266647, -7.70365190506, -8.07618904114, -7.70201921463, -9.70646476746], "median": [-6.99888801575, -7.3405623436, -7.51368