{"lowlevel": {"average_loudness": 0.968923270702, "barkbands_crest": {"dmean": 3.80770611763, "dmean2": 5.9350271225, "dvar": 10.8939609528, "dvar2": 26.2692127228, "max": 26.0796756744, "mean": 15.1548128128, "median": 15.2185373306, "min": 2.66595292091, "var": 28.7987327576}, "barkbands_flatness_db": {"dmean": 0.0619484446943, "dmean2": 0.091524399817, "dvar": 0.00465632649139, "dvar2": 0.00970063451678, "max": 0.587973952293, "mean": 0.243238210678, "median": 0.231371611357, "min": 0.032824691385, "var": 0.0137152094394}, "barkbands_kurtosis": {"dmean": 25.6652889252, "dmean2": 40.1801223755, "dvar": 1631.53405762, "dvar2": 3920.43847656, "max": 666.563964844, "mean": 38.2005348206, "median": 21.0659046173, "min": -1.91750073433, "var": 2858.95214844}, "barkbands_skewness": {"dmean": 1.65747904778, "dmean2": 2.52725219727, "dvar": 3.12468743324, "dvar2": 7.32783031464, "max": 22.4540290833, "mean": 4.43911552429, "median": 4.06614875793, "min": -1.0310074091, "var": 8.03914356232}, "barkbands_spread": {"dmean": 9.13407516479, "dmean2": 14.0737867355, "dvar": 211.15675354, "dvar2": 425.512908936, "max": 118.617919922, "mean": 17.3895568848, "median": 6.57856750488, "min": 0.165356233716, "var": 584.398254395}, "dissonance": {"dmean": 0.0266604013741, "dmean2": 0.0433893613517, "dvar": 0.000649165536743, "dvar2": 0.0016535181785, "max": 0.500000059605, "mean": 0.452338695526, "median": 0.46042495966, "min": 0.260927021503, "var": 0.00117155862972}, "dynamic_complexity": 2.04529309273, "erbbands_crest": {"dmean": 2.81406283379, "dmean2": 4.47086715698, "dvar": 6.69523334503, "dvar2": 16.1955089569, "max": 27.4284057617, "mean": 9.25815200806, "median": 8.39438056946, "min": 2.53476977348, "var": 17.7197780609}, "erbbands_flatness_db": {"dmean": 0.0304865948856, "dmean2": 0.044963978231, "dvar": 0.00136574881617, "dvar2": 0.00269776210189, "max": 0.384521305561, "mean": 0.145183473825, "median": 0.12143587321, "min": 0.0390084125102, "var": 0.00629346258938}, "erbbands_kurtosis": {"dmean": 1.16781234741, "dmean2": 1.65468418598, "dvar": 2.79552936554, "dvar2": 5.34676742554, "max": 28.2581596375, "mean": 0.344949543476, "median": -0.344351291656, "min": -1.89275300503, "var": 5.68798351288}, "erbbands_skewness": {"dmean": 0.51582711935, "dmean2": 0.723373055458, "dvar": 0.251742988825, "dvar2": 0.524458229542, "max": 4.44131660461, "mean": 0.444594800472, "median": 0.378261357546, "min": -2.91429495811, "var": 0.864246666431}, "erbbands_spread": {"dmean": 13.4635152817, "dmean2": 19.53490448, "dvar": 189.31388855, "dvar2": 360.933502197, "max": 188.437744141, "mean": 56.5941848755, "median": 49.6192741394, "min": 4.46547937393, "var": 856.518493652}, "hfc": {"dmean": 25.1569576263, "dmean2": 35.5701255798, "dvar": 2247.15917969, "dvar2": 5143.99072266, "max": 547.611206055, "mean": 37.5734367371, "median": 15.3684663773, "min": 1.30613698275e-05, "var": 3154.10864258}, "melbands_crest": {"dmean": 4.31191158295, "dmean2": 7.04286241531, "dvar": 14.1929779053, "dvar2": 36.2309341431, "max": 36.5158081055, "mean": 20.9184455872, "median": 20.523815155, "min": 4.04041194916, "var": 36.7137947083}, "melbands_flatness_db": {"dmean": 0.0738441869617, "dmean2": 0.108242936432, "dvar": 0.00662136217579, "dvar2": 0.0136547870934, "max": 0.759906768799, "mean": 0.356684595346, "median": 0.345233529806, "min": 0.0325819514692, "var": 0.0187510885298}, "melbands_kurtosis": {"dmean": 45.8440246582, "dmean2": 73.2620315552, "dvar": 3877.78198242, "dvar2": 9638.96191406, "max": 701.487060547, "mean": 78.2293319702, "median": 54.4196205139, "min": -0.273734092712, "var": 6431.48730469}, "melbands_skewness": {"dmean": 1.88052392006, "dmean2": 2.9830622673, "dvar": 3.76552200317, "dvar2": 9.36682796478, "max": 21.4097366333, "mean": 6.28604602814, "median": 5.88303089142, "min": 0.81324082613, "var": 8.77735328674}, "melbands_spread": {"dmean": 5.90873718262, "dmean2": 9.16975212097, "dvar": 112.953422546, "dvar2": 253.120849609, "max": 145.039672852, "mean": 9.21242809296, "median": 3.49870419502, "min": 0.197072952986, "var": 204.46522522}, "pitch_salience": {"dmean": 0.116086967289, "dmean2": 0.188246309757, "dvar": 0.0109461853281, "dvar2": 0.0277598462999, "max": 0.824560046196, "mean": 0.419427037239, "median": 0.423046976328, "min": 0.0674014538527, "var": 0.022275628522}, "silence_rate_20dB": {"dmean": 0.0275561995804, "dmean2": 0.0551323890686, "dvar": 0.0267972610891, "dvar2": 0.0716784819961, "max": 1, "mean": 0.981515049934, "median": 1, "min": 0, "var": 0.0181435961276}, "silence_rate_30dB": {"dmean": 0.184916600585, "dmean2": 0.369967341423, "dvar": 0.150719165802, "dvar2": 0.307086884975, "max": 1, "mean": 0.630300819874, "median": 1, "min": 0, "var": 0.23302103579}, "silence_rate_60dB": {"dmean": 0.00181290786713, "dmean2": 0.00326441787183, "dvar": 0.00180964835454, "dvar2": 0.00470454664901, "max": 1, "mean": 0.001087350538, "median": 0, "min": 0, "var": 0.00108617788646}, "spectral_centroid": {"dmean": 323.498809814, "dmean2": 500.250366211, "dvar": 187906.015625, "dvar2": 385555.28125, "max": 10853.3232422, "mean": 762.723449707, "median": 517.463439941, "min": 111.080451965, "var": 433141.59375}, "spectral_complexity": {"dmean": 5.68237876892, "dmean2": 8.59775161743, "dvar": 48.6438140869, "dvar2": 112.294174194, "max": 53, "mean": 12.2105836868, "median": 10, "min": 0, "var": 64.8423461914}, "spectral_decrease": {"dmean": 1.47806833439e-08, "dmean2": 2.19198863505e-08, "dvar": 3.33741489721e-16, "dvar2": 7.39651933553e-16, "max": -1.45144561522e-16, "mean": -2.60104773275e-08, "median": -1.77341004104e-08, "min": -1.4783698532e-07, "var": 5.88892350919e-16}, "spectral_energy": {"dmean": 0.0569124296308, "dmean2": 0.0839428752661, "dvar": 0.00480854604393, "dvar2": 0.0106194345281, "max": 0.562155425549, "mean": 0.101577334106, "median": 0.0709380954504, "min": 1.73251402114e-09, "var": 0.00852689705789}, "spectral_energyband_high": {"dmean": 0.00189108529594, "dmean2": 0.00268595223315, "dvar": 1.91048384295e-05, "dvar2": 4.25067555625e-05, "max": 0.0520109608769, "mean": 0.00246932450682, "median": 0.000180909890332, "min": 1.148744877e-09, "var": 2.82033506664e-05}, "spectral_energyband_low": {"dmean": 0.0535185858607, "dmean2": 0.0807261765003, "dvar": 0.00482130190358, "dvar2": 0.0111114028841, "max": 0.554271697998, "mean": 0.0870734155178, "median": 0.0570324063301, "min": 4.34440747266e-11, "var": 0.00806896016002}, "spectral_energyband_middle_high": {"dmean": 0.00210472056642, "dmean2": 0.00348558067344, "dvar": 1.56850910571e-05, "dvar2": 4.13196539739e-05, "max": 0.0357706546783, "mean": 0.00249225948937, "median": 0.0013185988646, "min": 3.69442865189e-10, "var": 1.40351385198e-05}, "spectral_energyband_middle_low": {"dmean": 0.0113981962204, "dmean2": 0.0188778266311, "dvar": 0.000443667668151, "dvar2": 0.00125570781529, "max": 0.218272387981, "mean": 0.0133526725695, "median": 0.00776049075648, "min": 1.75407785519e-10, "var": 0.000325848406646}, "spectral_entropy": {"dmean": 0.49441614747, "dmean2": 0.718244731426, "dvar": 0.307003229856, "dvar2": 0.631847441196, "max": 9.79936313629, "mean": 7.18499755859, "median": 7.27741527557, "min": 4.36160373688, "var": 0.905102849007}, "spectral_flux": {"dmean": 0.0790060833097, "dmean2": 0.121421858668, "dvar": 0.00608483701944, "dvar2": 0.011535519734, "max": 0.667671740055, "mean": 0.17031532526, "median": 0.132768511772, "min": 4.1623479774e-05, "var": 0.0139054870233}, "spectral_kurtosis": {"dmean": 7.31818723679, "dmean2": 11.5780181885, "dvar": 227.432937622, "dvar2": 474.44317627, "max": 210.816726685, "mean": 10.7537584305, "median": 4.21979570389, "min": -1.27896380424, "var": 350.927856445}, "spectral_rms": {"dmean": 0.00261877384037, "dmean2": 0.0037630056031, "dvar": 6.64149683871e-06, "dvar2": 1.42775215863e-05, "max": 0.0234188884497, "mean": 0.00908520910889, "median": 0.00831912830472, "min": 1.30009914301e-06, "var": 1.65588025993e-05}, "spectral_rolloff": {"dmean": 717.756774902, "dmean2": 1177.20629883, "dvar": 3142409.5, "dvar2": 6345715.5, "max": 13996.5820312, "mean": 1099.82458496, "median": 150.732421875, "min": 43.06640625, "var": 6192797}, "spectral_skewness": {"dmean": 0.6729144454, "dmean2": 1.0170904398, "dvar": 0.948212981224, "dvar2": 1.89069533348, "max": 11.5524482727, "mean": 2.14706635475, "median": 1.75358009338, "min": -0.0775892734528, "var": 1.9620064497}, "spectral_spread": {"dmean": 1040882.1875, "dmean2": 1507897.75, "dvar": 1518267531260.0, "dvar2": 2437140709380.0, "max": 40450772, "mean": 6000849.5, "median": 5204312.5, "min": 594635.6875, "var": 11958325608400.0}, "spectral_strongpeak": {"dmean": 0.336735367775, "dmean2": 0.530816733837, "dvar": 0.100906006992, "dvar2": 0.239653155208, "max": 2.60089254379, "mean": 0.629061102867, "median": 0.555156171322, "min": 0, "var": 0.164885893464}, "zerocrossingrate": {"dmean": 0.016340425238, "dmean2": 0.0180453304201, "dvar": 0.000498968060128, "dvar2": 0.000493537809234, "max": 0.31103515625, "mean": 0.0478841252625, "median": 0.02294921875, "min": 0.0009765625, "var": 0.00345245352946}, "barkbands": {"dmean": [0.0033255815506, 0.0422382056713, 0.0178644731641, 0.00699461763725, 0.00337959290482, 0.00096172245685, 0.000490858452395, 0.000366823456716, 0.000354563322617, 0.000184716001968, 0.00020184153982, 0.000318445992889, 0.000480763963424, 0.000333320553182, 0.000380485405913, 0.000137682174682, 0.000101286845165, 0.000118828720588, 0.000127024657559, 8.26106625027e-05, 0.000164386103279, 0.000186764111277, 0.000256017578067, 0.000415278744185, 0.000479975162307, 0.000372910435544, 9.7638781881e-05], "dmean2": [0.0050404262729, 0.0673213154078, 0.02912790142, 0.0122164720669, 0.00523457257077, 0.00149623013567, 0.000757975969464, 0.000578809063882, 0.000577216153033, 0.000322396721458, 0.000336035096552, 0.000532058824319, 0.000821288267616, 0.000566511764191, 0.00063342571957, 0.000245508126682, 0.000174670538399, 0.000205014192034, 0.000221546579269, 0.000137344875839, 0.000244249269599, 0.000257101870375, 0.000355600961484, 0.00065632595215, 0.000742466945667, 0.000551323231775, 0.000135866328492], "dvar": [4.39268806076e-05, 0.00366378272884, 0.00125352409668, 0.00027425333974, 2.70612217719e-05, 4.56607040178e-06, 6.63404932766e-07, 3.67593145256e-07, 4.24700516533e-07, 1.37320199656e-07, 1.95985720097e-07, 4.43837137709e-07, 1.33889193421e-06, 5.73486602207e-07, 1.05740843992e-06, 8.17546990106e-08, 3.83122866765e-08, 6.82414551534e-08, 8.76424550711e-08, 2.61368331422e-08, 1.01139050912e-07, 1.55849434691e-07, 3.23625528154e-07, 1.36578410093e-06, 2.21681284529e-06, 9.78900743576e-07, 5.59974324688e-08], "dvar2": [9.88323154161e-05, 0.00914112478495, 0.00324627733789, 0.000786492833868, 6.98430158081e-05, 1.23159461509e-05, 1.48164906477e-06, 8.36889455513e-07, 1.08945232569e-06, 3.68239682302e-07, 4.5129942805e-07, 1.07726259557e-06, 3.49376250597e-06, 1.47564173858e-06, 2.64894174506e-06, 2.18964785859e-07, 9.74388427721e-08, 1.80442398801e-07, 2.3176133368e-07, 6.37474499854e-08, 2.2493601648e-07, 2.77241127833e-07, 6.01148087753e-07, 3.44276372743e-06, 5.6902695178e-06, 2.30023761105e-06, 1.01416084419e-07], "max": [0.109272614121, 0.527156352997, 0.280274778605, 0.174062550068, 0.0491996444762, 0.0285714529455, 0.0107705118135, 0.00778853613883, 0.00787460803986, 0.00505395187065, 0.008690004237, 0.0110107483342, 0.0202778689563, 0.0075296163559, 0.0164000540972, 0.00214788503945, 0.00300841941498, 0.00349170225672, 0.00324906595051, 0.00160652445629, 0.00556437717751, 0.0112557448447, 0.00867317244411, 0.0189718902111, 0.030061095953, 0.0104196639732, 0.00272035575472], "mean": [0.00538780353963, 0.0578635782003, 0.0200333725661, 0.00663971994072, 0.003891807748, 0.000936897762585, 0.00063072622288, 0.00060938950628, 0.000600205443334, 0.000203487667022, 0.000253367441474, 0.00035799224861, 0.000483712239657, 0.000350676069502, 0.000382434664061, 0.000110891160148, 0.000103633145045, 0.000112900779641, 0.000122219164041, 9.49904788285e-05, 0.000199021902517, 0.000246730778599, 0.000334203476086, 0.000465507735498, 0.000484346615849, 0.000478452653624, 0.000199491711101], "median": [0.000891869363841, 0.0310448110104, 0.00928996317089, 0.00235158856958, 0.00202115694992, 0.000359818717698, 0.00025726511376, 0.000262670102529, 0.000227766897297, 4.47845450253e-05, 6.15230310359e-05, 8.49669449963e-05, 0.00010730579379, 7.894103328e-05, 6.75309274811e-05, 2.71409899142e-05, 3.30257716996e-05, 3.10020623147e-05, 3.00760129903e-05, 2.69045467576e-05, 3.12712909363e-05, 2.43581198447e-05, 1.9054279619e-05, 1.62562537298e-05, 1.41361824717e-05, 2.49465338129e-05, 5.00413580085e-06], "min": [8.8260377739e-13, 1.83152382149e-11, 1.90213539364e-11, 1.32308469736e-11, 6.9846232964e-11, 1.45352237191e-11, 7.8838697723e-12, 4.77164401741e-12, 4.62905998255e-11, 6.64071922452e-11, 4.44107042807e-11, 4.78173056706e-11, 8.12507630621e-11, 3.6679582982e-11, 1.75600940039e-11, 2.09202793977e-11, 1.66292118964e-11, 2.22846758408e-11, 1.74292368732e-11, 1.70501633645e-11, 5.59761265118e-11, 1.34897343296e-10, 1.50650450448e-10, 6.40500846805e-11, 4.03022254458e-10, 1.41096939688e-10, 1.97230343169e-10], "var": [0.000103631427919, 0.00511361844838, 0.00107451493386, 0.000188828038517, 2.78777060885e-05, 3.58570332537e-06, 9.86433292383e-07, 7.23288962945e-07, 7.18623141438e-07, 1.66396347367e-07, 3.54666099156e-07, 6.04533795467e-07, 1.28260990095e-06, 6.21888773367e-07, 1.15808416012e-06, 5.85741801729e-08, 3.52022730965e-08, 5.4052378573e-08, 7.02747087189e-08, 2.64274753192e-08, 1.68630705843e-07, 3.23636101029e-07, 5.86848443618e-07, 1.5332525436e-06, 2.08172468774e-06, 1.21224775285e-06, 1.33406587111e-07]}, "erbbands": {"dmean": [1.46562278271, 9.43715000153, 19.8893127441, 23.8109741211, 14.2544794083, 11.5351629257, 10.6546497345, 6.18687105179, 6.01977205276, 7.65690135956, 8.63740825653, 7.97017478943, 6.78414201736, 6.46651983261, 8.11529827118, 15.4383525848, 21.7564888, 18.8574905396, 23.5784263611, 10.5011997223, 6.74479055405, 5.71192455292, 5.92221069336, 6.26207923889, 5.73936748505, 4.11283636093, 5.29129600525, 7.0946931839, 6.8146314621, 6.030397892, 7.75001716614, 7.08720207214, 8.32396030426, 6.14421463013, 3.24167752266, 1.68100392818, 0.668793201447, 0.20264698565, 0.0118814166635, 0.000248047115747], "dmean2": [2.38826847076, 15.0513935089, 32.2935066223, 40.1739234924, 24.0913352966, 17.2302188873, 16.7032546997, 9.43476867676, 9.19540023804, 11.9065437317, 13.5054674149, 12.9783849716, 11.4894113541, 10.977183342, 13.4679450989, 25.5792560577, 36.4423027039, 32.2522773743, 39.5306396484, 18.0934028625, 11.8363332748, 9.8603181839, 10.1668262482, 10.8721113205, 9.88407325745, 6.86601209641, 8.52513980865, 10.1452264786, 9.07764530182, 8.31048870087, 10.698094368, 10.9960041046, 13.2422637939, 9.79803180695, 5.06983327866, 2.58973050117, 0.978876411915, 0.275286763906, 0.0164442826062, 0.000344200816471], "dvar": [4.35189676285, 220.256011963, 1447.19873047, 2843.79882812, 915.931091309, 333.99395752, 859.226074219, 111.032981873, 119.838729858, 169.568710327, 215.641296387, 243.304428101, 180.951477051, 164.053009033, 267.163970947, 1027.5357666, 2897.74194336, 2086.83251953, 3739.15307617, 692.991027832, 174.504425049, 130.056488037, 155.683166504, 216.409179688, 168.035446167, 61.7856903076, 110.48285675, 217.292831421, 198.228179932, 173.56652832, 306.283233643, 309.007720947, 641.992492676, 359.150024414, 100.386329651, 25.6113529205, 3.09214043617, 0.236300393939, 0.000902364263311, 2.61056499085e-07], "dvar2": [11.9243278503, 544.67388916, 3613.90136719, 8015.56347656, 2607.55102539, 734.414611816, 2333.38110352, 264.35635376, 260.403930664, 393.674285889, 474.765777588, 628.252807617, 483.021026611, 427.427459717, 625.611755371, 2564.34326172, 7567.8203125, 5321.25683594, 9367.08789062, 1736.86865234, 457.160308838, 326.367919922, 413.646484375, 567.491333008, 434.773132324, 152.10786438, 256.064178467, 463.139160156, 355.35446167, 263.3777771, 554.289428711, 666.348999023, 1669.87084961, 940.67590332, 257.944824219, 63.8221282959, 7.06646871567, 0.432952851057, 0.00169261556584, 4.95322808547e-07], "max": [18.3798503876, 127.996635437, 279.813354492, 467.208892822, 368.902160645, 206.882873535, 433.487884521, 124.359840393, 163.802703857, 157.459609985, 206.49798584, 200.766723633, 136.176986694, 201.587127686, 262.413787842, 460.858001709, 965.770385742, 498.588348389, 985.749145508, 500.827178955, 114.361244202, 175.744400024, 146.556472778, 214.834503174, 157.56413269, 79.2412643433, 131.088256836, 301.885314941, 373.419403076, 384.229644775, 260.114471436, 264.305725098, 394.843048096, 315.015075684, 205.3387146, 78.2618103027, 19.3076915741, 5.13363742828, 0.321092963219, 0.00557998148724], "mean": [1.94782757759, 11.8798179626, 22.8619213104, 25.6528320312, 14.9389057159, 13.6317634583, 10.5566186905, 6.35029840469, 7.12583971024, 11.0838871002, 15.2232322693, 13.0702667236, 9.31176567078, 8.85536193848, 10.6319236755, 17.5770187378, 22.490316391, 20.8679256439, 22.7108802795, 10.2654666901, 6.11192893982, 5.83585500717, 5.70146179199, 5.69600296021, 5.98172235489, 4.95986700058, 6.6071395874, 8.43168735504, 9.02460384369, 7.97476959229, 10.0778837204, 8.75294685364, 8.34222316742, 5.96174049377, 3.25283026695, 1.71502017975, 0.884561061859, 0.405607938766, 0.0242512077093, 0.000515198102221], "median": [0.970001041889, 6.08160829544, 11.310962677, 12.0164203644, 6.7404499054, 5.90749549866, 3.8379175663, 2.6734931469, 2.95442438126, 4.69951057434, 7.18446111679, 5.53327131271, 3.53898119926, 2.92263054848, 3.4270863533, 5.3577504158, 5.59366893768, 5.12185239792, 4.11180210114, 2.26563072205, 1.82068908215, 1.89210236073, 1.65837919712, 1.43162059784, 1.54925322533, 1.35239541531, 1.17807197571, 1.2296204567, 0.88740259409, 0.668675422668, 0.561942696571, 0.37452673912, 0.259766459465, 0.184224888682, 0.0903207138181, 0.0653333365917, 0.0448966436088, 0.0168514363468, 0.0010155212367, 0.000174514047103], "min": [3.35186378653e-10, 4.90642104722e-09, 2.06834585015e-08, 3.42068666725e-08, 1.23984435163e-07, 2.62945007989e-07, 1.93328929754e-07, 1.14796229411e-07, 1.59560485713e-07, 6.41728519213e-08, 1.91697054674e-07, 9.67671894614e-07, 1.76525077222e-06, 1.95609618459e-06, 2.20175820687e-06, 2.02575506592e-06, 3.6526414533e-06, 1.70016244283e-06, 2.40381382355e-06, 7.23067444142e-07, 9.66992843132e-07, 1.13623161724e-06, 1.24149119074e-06, 1.01432488009e-06, 6.97316806963e-07, 9.72642737906e-07, 2.41393354372e-06, 1.8903159571e-06, 2.95065638056e-06, 5.57435896553e-06, 5.24105098521e-06, 1.16985540899e-06, 2.23258098231e-06, 5.34544187758e-06, 1.90281616597e-06, 5.77693072046e-07, 2.83026338366e-07, 1.22962717342e-07, 3.63358267919e-08, 2.09867190293e-09], "var": [6.14646863937, 259.052886963, 1308.87854004, 2044.98828125, 656.074768066, 446.752227783, 656.516052246, 114.459709167, 169.159042358, 304.773681641, 437.103942871, 375.928985596, 212.692626953, 233.847381592, 444.730102539, 1278.78857422, 2808.92895508, 2362.01245117, 4133.05810547, 672.996887207, 137.398727417, 119.338638306, 124.113899231, 166.837387085, 152.385452271, 65.1065444946, 171.982269287, 345.793823242, 422.844238281, 367.098724365, 558.34387207, 472.550415039, 589.284057617, 318.31729126, 94.4991912842, 24.4531421661, 4.02916193008, 0.554846942425, 0.00199289433658, 5.58501199066e-07]}, "gfcc": {"mean": [-10.78515625, 104.281814575, -59.9031333923, 35.9085121155, -27.2468090057, 23.8314628601, -16.2629737854, 1.42441105843, -14.211066246, 3.75064349174, -12.5726938248, -6.7258143425, -15.5157213211], "cov": [[8851.19238281, -5387.01220703, 592.334472656, 6.97318935394, -1228.39624023, 402.834838867, -930.873168945, 749.444274902, -598.089172363, 545.777587891, -451.113891602, 628.874816895, -686.303283691], [-5387.01220703, 4727.49511719, -1010.33758545, 27.7433300018, 972.730712891, -342.017852783, 617.793945312, -659.868347168, 403.915283203, -500.018707275, 369.177734375, -538.227355957, 613.707214355], [592.334472656, -1010.33758545, 1012.00653076, -126.688713074, -10.6647539139, 66.1700363159, -23.3115615845, 250.855575562, -44.4897689819, 170.229278564, -97.190536499, 161.897705078, -221.189987183], [6.97318935394, 27.7433300018, -126.688713074, 285.978668213, -110.865257263, 45.2726860046, -31.247674942, -26.1439476013, -7.41224241257, -39.1363868713, 29.820646286, -6.14144420624, 66.7974319458], [-1228.39624023, 972.730712891, -10.6647539139, -110.865257263, 668.579101562, -1.73892390728, 268.063690186, -3.46338129044, 126.18271637, -37.9775695801, 35.9150695801, -100.146202087, 98.4354171753], [402.834838867, -342.017852783, 66.1700363159, 45.2726860046, -1.73892390728, 190.812271118, -38.1218261719, 75.4280548096, -32.1749725342, 43.3073043823, -45.8833007812, -1.36460709572, -6.55936574936], [-930.873168945, 617.793945312, -23.3115615845, -31.247674942, 268.063690186, -38.1218261719, 268.843444824, -20.4240894318, 99.669052124, -32.0937004089, 66.9259567261, -63.3019752502, 42.3872909546], [749.444274902, -659.868347168, 250.855575562, -26.1439476013, -3.46338129044, 75.4280548096, -20.4240894318, 220.368041992, -29.3066978455, 101.540313721, -53.943862915, 94.9325942993, -107.098045349], [-598.089172363, 403.915283203, -44.4897689819, -7.41224241257, 126.18271637, -32.1749725342, 99.669052124, -29.3066978455, 113.221641541, -13.6372756958, 46.599067688, -44.0191459656, 57.4028663635], [545.777587891, -500.018707275, 170.229278564, -39.1363868713, -37.9775695801, 43.3073043823, -32.0937004089, 101.540313721, -13.6372756958, 120.149551392, -14.4109535217, 70.8101654053, -90.4691085815], [-451.113891602, 369.177734375, -97.190536499, 29.820646286, 35.9150695801, -45.8833007812, 66.9259567261, -53.943862915, 46.599067688, -14.4109535217, 114.641067505, -3.92163252831, 42.9787712097], [628.874816895, -538.227355957, 161.897705078, -6.14144420624, -100.146202087, -1.36460709572, -63.3019752502, 94.9325942993, -44.0191459656, 70.8101654053, -3.92163252831, 149.172531128, -54.3282546997], [-686.303283691, 613.707214355, -221.189987183, 66.7974319458, 98.4354171753, -6.55936574936, 42.3872909546, -107.098045349, 57.4028663635, -90.4691085815, 42.9787712097, -54.3282546997, 210.591934204]], "icov": [[0.000540844805073, 0.00033552464447, 0.000448809849331, 1.89286656678e-05, 2.30121786444e-05, -6.16842735326e-05, 0.000527326599695, -0.000556761515327, 0.00066565524321, -0.000461401999928, 0.000373123766622, -0.000435556285083, 0.000280044681858], [0.00033552464447, 0.00238636881113, 0.000178031608812, 0.000218456392759, -0.00169924821239, 0.00151978747454, 1.81364412128e-05, 0.000918907579035, -0.000241389730945, 0.00280070840381, -0.00354245048948, 0.00322599033825, -0.00161377247423], [0.000448809849331, 0.000178031608812, 0.00211085635237, 0.000227160562645, -3.95900642616e-05, -0.000467445264803, 8.6976106104e-05, -0.00084163970314, -0.000108983425889, -0.000834755192045, 0.00162449665368, -0.00205202656798, 0.0014574524248], [1.89286656678e-05, 0.000218456392759, 0.000227160562645, 0.00508666178212, 0.00109340331983, -0.00177920015994, -4.5601020247e-05, -0.000901479856111, -0.000186088669579, 0.00250655133277, -0.00231912941672, 0.000155261834152, -0.00132467411458], [2.30121786444e-05, -0.00169924821239, -3.95900642616e-05, 0.00109340331983, 0.00458405120298, -0.0015553861158, -0.00228591822088, -0.00216335617006, 0.000113612775749, -0.00252853962593, 0.00321847037412, -0.00147850206122, -0.000348155183019], [-6.16842735326e-05, 0.00151978747454, -0.000467445264803, -0.00177920015994, -0.0015553861158, 0.010772254318, 0.000103934420622, -0.00268762628548, 0.0037992997095, -0.00370029918849, -0.00139538419899, 0.00794340483844, -0.00517302751541], [0.000527326599695, 1.81364412128e-05, 8.6976106104e-05, -4.5601020247e-05, -0.00228591822088, 0.000103934420622, 0.00953852664679, -0.0022321313154, -0.00298077310435, 0.00172076525632, -0.00311439810321, 0.000686281127855, 0.00215253327042], [-0.000556761515327, 0.000918907579035, -0.00084163970314, -0.000901479856111, -0.00216335617006, -0.00268762628548, -0.0022321313154, 0.0143887801096, -0.00344382598996, -0.000554116093554, 0.00223300349899, -0.00478438753635, 0.00261457636952], [0.00066565524321, -0.000241389730945, -0.000108983425889, -0.000186088669579, 0.000113612775749, 0.0037992997095, -0.00298077310435, -0.00344382598996, 0.0208156723529, -0.0087046707049, -0.0022378640715, 0.00557951908559, -0.00578612508252], [-0.000461401999928, 0.00280070840381, -0.000834755192045, 0.00250655133277, -0.00252853962593, -0.00370029918849, 0.00172076525632, -0.000554116093554, -0.0087046707049, 0.0284606646746, -0.00897643808275, -0.00208449992351, 0.00499462895095], [0.000373123766622, -0.00354245048948, 0.00162449665368, -0.00231912941672, 0.00321847037412, -0.00139538419899, -0.00311439810321, 0.00223300349899, -0.0022378640715, -0.00897643808275, 0.0230322889984, -0.0113964965567, 0.00330901984125], [-0.000435556285083, 0.00322599033825, -0.00205202656798, 0.000155261834152, -0.00147850206122, 0.00794340483844, 0.000686281127855, -0.00478438753635, 0.00557951908559, -0.00208449992351, -0.0113964965567, 0.0240540225059, -0.00854299683124], [0.000280044681858, -0.00161377247423, 0.0014574524248, -0.00132467411458, -0.000348155183019, -0.00517302751541, 0.00215253327042, 0.00261457636952, -0.00578612508252, 0.00499462895095, 0.00330901984125, -0.00854299683124, 0.0140566127375]]}, "melbands": {"dmean": [0.0119659546763, 0.0105610499159, 0.00381704024039, 0.000871484109666, 0.000388520915294, 0.000143352939631, 9.53896160354e-05, 7.78899411671e-05, 6.75848204992e-05, 5.10026984557e-05, 3.36657540174e-05, 2.56130424532e-05, 2.9113565688e-05, 3.36129123752e-05, 4.72063911729e-05, 4.60917399323e-05, 3.22568266711e-05, 3.79892298952e-05, 2.10753605643e-05, 1.11266544991e-05, 7.19550234862e-06, 6.21107119514e-06, 5.49483138457e-06, 5.54609778192e-06, 5.06437527292e-06, 5.30607212568e-06, 2.77521644421e-06, 2.80556605503e-06, 3.25839096149e-06, 3.78493950848e-06, 4.27649865742e-06, 3.72323643205e-06, 4.17159526478e-06, 3.21326047015e-06, 4.4708117457e-06, 5.9404037529e-06, 3.59757996193e-06, 5.38705216968e-06, 5.55213136977e-06, 5.42810403203e-06], "dmean2": [0.0190802309662, 0.0167372152209, 0.00638337433338, 0.00137278949842, 0.000596504483838, 0.000220083704335, 0.000145660451381, 0.000120572229207, 0.000105776925921, 8.40309803607e-05, 5.70836782572e-05, 4.37151429651e-05, 4.79161135445e-05, 5.56369195692e-05, 8.00313064246e-05, 7.81717972131e-05, 5.55520819034e-05, 6.42025333946e-05, 3.5781024053e-05, 1.9614068151e-05, 1.2575146684e-05, 1.0694951925e-05, 9.70315431914e-06, 9.5403420346e-06, 8.88637350727e-06, 9.30675378186e-06, 4.68990583613e-06, 4.70190707347e-06, 5.36459219802e-06, 5.82327265874e-06, 6.13847714703e-06, 5.15618603458e-06, 5.66565722693e-06, 4.63390460936e-06, 6.17348632659e-06, 9.50359481067e-06, 5.37472715223e-06, 8.49877869769e-06, 8.98227608559e-06, 8.75776458997e-06], "dvar": [0.00027309183497, 0.000323640677379, 6.98863732396e-05, 2.1654250304e-06, 7.95619257588e-07, 6.62753123493e-08, 2.80024785582e-08, 1.69141536333e-08, 1.26216548324e-08, 1.01169295164e-08, 4.36659819414e-09, 2.65584176873e-09, 4.03308808572e-09, 5.13548226166e-09, 1.32999584679e-08, 1.06293347457e-08, 6.53423448682e-09, 9.07479336121e-09, 2.79645573364e-09, 6.9918426604e-10, 1.88592072514e-10, 1.52229104322e-10, 1.41156766831e-10, 1.43549033771e-10, 1.4574909335e-10, 1.63705507483e-10, 3.05283888447e-11, 2.90474398007e-11, 4.34964737839e-11, 5.4159083468e-11, 8.79446446223e-11, 6.26235382994e-11, 9.22646820056e-11, 5.03020888831e-11, 1.03920712313e-10, 2.0218481056e-10, 8.05559507988e-11, 2.47045356394e-10, 3.0815641705e-10, 2.95748175949e-10], "dvar2": [0.000696872011758, 0.000775840424467, 0.000196316206711, 5.77916898692e-06, 2.11981091525e-06, 1.66588861816e-07, 6.15292918837e-08, 3.95933170694e-08, 2.788843112e-08, 2.66313957553e-08, 1.16235279179e-08, 6.96920343657e-09, 9.10149555722e-09, 1.20092105149e-08, 3.56318139438e-08, 2.72504223631e-08, 1.69135319084e-08, 2.28775345334e-08, 7.23111037715e-09, 1.79438419678e-09, 4.86479523332e-10, 3.81063652855e-10, 3.78987063954e-10, 3.77885139846e-10, 3.82651216269e-10, 4.36839758811e-10, 7.6860073861e-11, 7.12093370381e-11, 1.00539881975e-10, 1.28531685295e-10, 1.89033025344e-10, 1.27309163211e-10, 1.55195939433e-10, 7.75730799041e-11, 1.90395102462e-10, 4.86515772113e-10, 1.65624486348e-10, 6.17712381246e-10, 8.30088164872e-10, 7.79622699731e-10], "max": [0.146882668138, 0.135721594095, 0.0772393792868, 0.0137742031366, 0.0129190124571, 0.00329156499356, 0.00247827800922, 0.00153346790466, 0.00152556993999, 0.0013130112784, 0.000654132629279, 0.000867437629495, 0.00127297639847, 0.00138202693779, 0.0018660480855, 0.00136007054243, 0.000836383900605, 0.00149101484567, 0.000679835036863, 0.000449555343948, 0.000156661786605, 0.000191476996406, 0.000106323124783, 0.000186955250683, 0.000174077955307, 0.000163602657267, 6.68507782393e-05, 5.74893529119e-05, 7.37654918339e-05, 0.00010258139082, 0.000192710635019, 0.000168355123606, 0.000306468020426, 0.00018454232486, 0.000180728515261, 0.000208082812605, 0.000141030439408, 0.000255227147136, 0.000226142510655, 0.000307537382469], "mean": [0.017052475363, 0.0135451760143, 0.00418327748775, 0.00098616478499, 0.000407874787925, 0.000144296107464, 0.000116333110782, 0.000118945288705, 0.000119976459246, 8.16819156171e-05, 4.55114568467e-05, 3.46597662428e-05, 3.82830694434e-05, 3.96139403165e-05, 4.7749170335e-05, 4.94647210871e-05, 3.45729968103e-05, 3.54368348781e-05, 1.99729583983e-05, 9.83142217592e-06, 6.65651805321e-06, 6.3268453232e-06, 4.98821646033e-06, 5.47656100025e-06, 4.35703304902e-06, 5.11972439199e-06, 3.03984370476e-06, 3.31409592036e-06, 3.8762323129e-06, 4.56981933894e-06, 4.96801339978e-06, 4.7915432333e-06, 5.4580473261e-06, 4.12557119489e-06, 5.42332463738e-06, 6.88587579134e-06, 4.47526190328e-06, 5.55336828256e-06, 5.37131700185e-06, 5.13323175255e-06], "median": [0.00929168239236, 0.00761999841779, 0.00207406189293, 0.000475494074635, 0.000164849596331, 5.96585305175e-05, 5.15193205501e-05, 5.53388053959e-05, 5.94755983911e-05, 3.09735987685e-05, 1.474020155e-05, 1.01988343886e-05, 9.74075828708e-06, 9.87213843473e-06, 1.10635237434e-05, 1.32044688144e-05, 7.57968382459e-06, 5.81914491704e-06, 3.81557856599e-06, 1.92969559976e-06, 1.75979585038e-06, 1.99207579499e-06, 1.27140367567e-06, 1.60221850365e-06, 9.824262861e-07, 1.1959158428e-06, 9.06178627247e-07, 8.74912586823e-07, 6.69578014367e-07, 7.18236719877e-07, 6.62039099097e-07, 4.96036250297e-07, 4.3671505523e-07, 3.38030645253e-07, 3.24469169755e-07, 2.99611542687e-07, 1.88565962844e-07, 1.89707151321e-07, 1.57714524107e-07, 1.48410634893e-07], "min": [4.09749491281e-12, 9.58140598112e-12, 8.05321781483e-12, 1.45875377749e-11, 8.2358876663e-12, 2.71591169693e-12, 2.17334071746e-12, 6.41790277606e-13, 1.99459784626e-12, 6.73634889189e-12, 8.90782846791e-12, 8.03786984888e-12, 7.09008676422e-12, 7.12843022457e-12, 3.92429881993e-12, 8.75017593105e-12, 2.3326111008e-12, 4.80419220031e-12, 5.2109943964e-13, 1.74753321622e-12, 9.30346728475e-13, 1.10644848318e-12, 1.44120772174e-12, 7.44573185659e-13, 8.75147339579e-13, 4.67768510558e-13, 6.82166400191e-13, 4.35124999183e-13, 1.8656489114e-12, 9.90304301236e-13, 1.06814394569e-12, 1.78973914682e-12, 2.63080507899e-12, 2.66873762672e-12, 3.3348419512e-12, 1.51727957455e-12, 4.70992656768e-13, 8.917768325e-13, 3.66743267699e-12, 4.77620634015e-12], "var": [0.000417045725044, 0.00034409534419, 5.06091892021e-05, 2.02757905754e-06, 6.60154341858e-07, 6.1776781024e-08, 3.95463288783e-08, 3.21009459014e-08, 2.59216044185e-08, 1.44964911186e-08, 5.3315605264e-09, 4.01370936487e-09, 7.72384467496e-09, 7.89613174845e-09, 1.17874510153e-08, 1.10134736886e-08, 7.00470792481e-09, 9.7649621722e-09, 2.6258086816e-09, 6.16834860967e-10, 1.59371571495e-10, 1.44196224405e-10, 1.09819889293e-10, 1.18686907524e-10, 1.10579524704e-10, 1.2817413797e-10, 3.1151647234e-11, 3.08692793549e-11, 5.98326804768e-11, 8.86506215658e-11, 1.30596450321e-10, 1.16086869284e-10, 1.95179733486e-10, 9.88005302571e-11, 1.75330736041e-10, 2.8148697262e-10, 1.26082339014e-10, 2.48390419344e-10, 2.59073096309e-10, 2.51543563756e-10]}, "mfcc": {"mean": [-677.198547363, 141.301528931, 37.0044441223, 32.8542289734, 20.1988887787, 27.0183849335, 13.7980575562, 6.76314926147, 4.4613494873, 9.48941421509, 9.95592021942, 4.68955373764, -3.19464278221], "cov": [[8496.15234375, -4247.34960938, 254.500976562, -619.359069824, -346.436309814, -457.253540039, -361.05065918, -50.9037361145, -194.249404907, -335.242126465, -172.843643188, 248.498565674, 364.322570801], [-4247.34960938, 3312.91479492, -663.386657715, 340.830444336, 246.251022339, 275.048797607, 234.30305481, 9.31292819977, 97.3734359741, 204.753219604, 39.8822898865, -281.098266602, -275.503753662], [254.500976562, -663.386657715, 678.661132812, -59.5364837646, -35.0211982727, -79.5419616699, -43.7325553894, 6.95954656601, -9.41206073761, -55.1164169312, 36.2908325195, 106.218101501, 45.7454833984], [-619.359069824, 340.830444336, -59.5364837646, 226.841094971, 8.64526367188, 42.4316902161, 38.4699897766, 34.6574935913, 12.3736543655, 5.53965568542, -2.00875020027, 14.3117647171, 16.142250061], [-346.436309814, 246.251022339, -35.0211982727, 8.64526367188, 233.298248291, 61.994052887, 89.6118011475, 35.1231269836, 81.5710983276, 54.9079551697, 28.6331119537, -32.8204269409, -0.199783444405], [-457.253540039, 275.048797607, -79.5419616699, 42.4316902161, 61.994052887, 137.049972534, 56.0034484863, 2.3570432663, 28.8003826141, 51.5809631348, 8.49913406372, -53.2472686768, -51.5134658813], [-361.05065918, 234.30305481, -43.7325553894, 38.4699897766, 89.6118011475, 56.0034484863, 140.799255371, 52.3793792725, 55.4492950439, 37.5456619263, 37.9429702759, 8.37834644318, 10.8266601562], [-50.9037361145, 9.31292819977, 6.95954656601, 34.6574935913, 35.1231269836, 2.3570432663, 52.3793792725, 84.2204666138, 49.4294281006, 12.0251541138, 8.83541107178, 24.6391201019, 32.5406532288], [-194.249404907, 97.3734359741, -9.41206073761, 12.3736543655, 81.5710983276, 28.8003826141, 55.4492950439, 49.4294281006, 109.584243774, 68.7150650024, 7.35185861588, -37.8896179199, -3.8871216774], [-335.242126465, 204.753219604, -55.1164169312, 5.53965568542, 54.9079551697, 51.5809631348, 37.5456619263, 12.0251541138, 68.7150650024, 120.009880066, 49.4791183472, -57.3137397766, -74.2853088379], [-172.843643188, 39.8822898865, 36.2908325195, -2.00875020027, 28.6331119537, 8.49913406372, 37.9429702759, 8.83541107178, 7.35185861588, 49.4791183472, 160.396774292, 89.0569915771, -49.460811615], [248.498565674, -281.098266602, 106.218101501, 14.3117647171, -32.8204269409, -53.2472686768, 8.37834644318, 24.6391201019, -37.8896179199, -57.3137397766, 89.0569915771, 209.694732666, 115.938156128], [364.322570801, -275.503753662, 45.7454833984, 16.142250061, -0.199783444405, -51.5134658813, 10.8266601562, 32.5406532288, -3.8871216774, -74.2853088379, -49.460811615, 115.938156128, 220.195877075]], "icov": [[0.000493371742778, 0.000665181083605, 0.000540806737263, 0.000395531678805, -0.000108080319478, 0.00049680552911, -2.64995906036e-05, -0.000189408790902, 0.000216041662497, 0.000362458376912, -4.39307295892e-05, 0.00031042585033, -2.71929784503e-05], [0.000665181083605, 0.00150117452722, 0.00108271744102, -0.000284017936792, -0.000465875724331, 0.000677264702972, -0.000742802396417, 0.000138209739816, 0.000561815104447, 0.00037818873534, -0.000235885119764, 0.000920407415833, 0.00034757272806], [0.000540806737263, 0.00108271744102, 0.00258910749108, 0.000329964968842, -0.000315652752761, 0.000906604633201, 0.00010677510727, 0.000116014896776, -0.000930295675062, 0.00136664067395, -0.000137769486173, -0.000526986375917, 0.000778375717346], [0.000395531678805, -0.000284017936792, 0.000329964968842, 0.0067131454125, 0.000773447973188, -0.00148625497241, 0.000540503591765, -0.0028263067361, 0.0002351347066, 0.000167649486684, 0.00130280083977, -0.00174506311305, -0.000254198792391], [-0.000108080319478, -0.000465875724331, -0.000315652752761, 0.000773447973188, 0.00773218134418, -0.00200328836218, -0.0018362137489, 0.00048697864986, -0.0044492604211, 0.00231101526879, -0.00419169524685, 0.00357290008105, -0.00296017550863], [0.00049680552911, 0.000677264702972, 0.000906604633201, -0.00148625497241, -0.00200328836218, 0.0128917321563, -0.00458853971213, 0.00231369282119, 0.0019485745579, -0.00353671726771, 0.00265155918896, -0.00023810606217, 0.00240603531711], [-2.64995906036e-05, -0.000742802396417, 0.00010677510727, 0.000540503591765, -0.0018362137489, -0.00458853971213, 0.0154254129156, -0.00666637066752, -0.00208243145607, 0.00200093095191, -0.00506980810314, 0.00176678574644, -0.00322651606984], [-0.000189408790902, 0.000138209739816, 0.000116014896776, -0.0028263067361, 0.00048697864986, 0.00231369282119, -0.00666637066752, 0.0238520503044, -0.0117507781833, 0.00176897679921, 0.00363962701522, -0.00576027296484, 0.00225382274948], [0.000216041662497, 0.000561815104447, -0.000930295675062, 0.0002351347066, -0.0044492604211, 0.0019485745579, -0.00208243145607, -0.0117507781833, 0.0290050320327, -0.015167389065, 0.0015467077028, 0.00486973021179, -0.00400918908417], [0.000362458376912, 0.00037818873534, 0.00136664067395, 0.000167649486684, 0.00231101526879, -0.00353671726771, 0.00200093095191, 0.00176897679921, -0.015167389065, 0.028240583837, -0.0153341181576, 0.0108816595748, -0.00152215233538], [-4.39307295892e-05, -0.000235885119764, -0.000137769486173, 0.00130280083977, -0.00419169524685, 0.00265155918896, -0.00506980810314, 0.00363962701522, 0.0015467077028, -0.0153341181576, 0.0335444770753, -0.0282007511705, 0.0172759350389], [0.00031042585033, 0.000920407415833, -0.000526986375917, -0.00174506311305, 0.00357290008105, -0.00023810606217, 0.00176678574644, -0.00576027296484, 0.00486973021179, 0.0108816595748, -0.0282007511705, 0.0331562720239, -0.0184477232397], [-2.71929784503e-05, 0.00034757272806, 0.000778375717346, -0.000254198792391, -0.00296017550863, 0.00240603531711, -0.00322651606984, 0.00225382274948, -0.00400918908417, -0.00152215233538, 0.0172759350389, -0.0184477232397, 0.0182733815163]]}, "spectral_contrast_coeffs": {"dmean": [0.0621305368841, 0.056224361062, 0.0618696920574, 0.0414589829743, 0.0260486230254, 0.0206013992429], "dmean2": [0.0978615581989, 0.091338865459, 0.0972463712096, 0.0634531378746, 0.0406437441707, 0.0311699453741], "dvar": [0.00281671690755, 0.00225852499716, 0.00273968302645, 0.00132219621446, 0.000502657494508, 0.000345024367562], "dvar2": [0.00676669273525, 0.00557725736871, 0.00617111008614, 0.00273573235609, 0.00117844401393, 0.000772551284172], "max": [-0.331436723471, -0.493205457926, -0.529373526573, -0.5226328969, -0.630953133106, -0.624807715416], "mean": [-0.642926692963, -0.737700879574, -0.742713272572, -0.777459859848, -0.820680856705, -0.788007259369], "median": [-0.646036505699, -0.74491584301, -0.745459258556, -0.785847306252, -0.826100945473, -0.796094059944], "min": [-0.955470561981, -0.953765451908, -0.953562378883, -0.966035544872, -0.964980185032, -0.961500704288], "var": [0.00614514341578, 0.00514024216682, 0.00608351361006, 0.00373152201064, 0.00136460654903, 0.00144987448584]}, "spectral_contrast_valleys": {"dmean": [0.463336139917, 0.722994863987, 0.897777915001, 0.83317565918, 0.763304173946, 0.797573685646], "dmean2": [0.717759251595, 1.05339670181, 1.23598468304, 1.14869737625, 1.06647229195, 1.07639229298], "dvar": [0.288950890303, 0.486510843039, 0.690324425697, 0.748633563519, 0.855991125107, 0.910324990749], "dvar2": [0.462182879448, 0.954147458076, 1.48545122147, 1.43041050434, 1.5600823164, 1.65194451809], "max": [-4.69280529022, -5.18531417847, -5.30730581284, -5.38350725174, -5.7225818634, -7.03798437119], "mean": [-6.27825117111, -7.11754417419, -8.003