{"lowlevel": {"average_loudness": 0.882523417473, "barkbands_crest": {"dmean": 2.28868246078, "dmean2": 3.35677623749, "dvar": 4.87784576416, "dvar2": 10.7672319412, "max": 24.6548557281, "mean": 10.2394895554, "median": 9.37079429626, "min": 2.45354104042, "var": 17.3951396942}, "barkbands_flatness_db": {"dmean": 0.027503632009, "dmean2": 0.0362660139799, "dvar": 0.0010324313771, "dvar2": 0.00212918105535, "max": 0.455219089985, "mean": 0.151421457529, "median": 0.125462546945, "min": 0.0280063468963, "var": 0.00758291920647}, "barkbands_kurtosis": {"dmean": 4.6076426506, "dmean2": 6.93355894089, "dvar": 160.507019043, "dvar2": 432.655548096, "max": 406.451873779, "mean": 7.71674346924, "median": 3.62668800354, "min": -1.74719297886, "var": 376.478057861}, "barkbands_skewness": {"dmean": 0.62860763073, "dmean2": 0.855715572834, "dvar": 0.48554828763, "dvar2": 1.08188831806, "max": 16.3432254791, "mean": 2.00610017776, "median": 1.84685349464, "min": -1.55065488815, "var": 2.06865286827}, "barkbands_spread": {"dmean": 7.17693805695, "dmean2": 10.2452096939, "dvar": 87.0589675903, "dvar2": 176.198867798, "max": 67.0020980835, "mean": 21.4071578979, "median": 18.1365737915, "min": 0.604156970978, "var": 230.40852356}, "dissonance": {"dmean": 0.0208685118705, "dmean2": 0.0332212410867, "dvar": 0.000468343030661, "dvar2": 0.00106505630538, "max": 0.499135702848, "mean": 0.448490232229, "median": 0.463047027588, "min": 0.169809624553, "var": 0.00206023594365}, "dynamic_complexity": 4.15002727509, "erbbands_crest": {"dmean": 2.40384149551, "dmean2": 3.90766167641, "dvar": 5.98402643204, "dvar2": 13.8802108765, "max": 24.9271068573, "mean": 7.86274385452, "median": 7.01899671555, "min": 2.32912898064, "var": 14.4035320282}, "erbbands_flatness_db": {"dmean": 0.0213721189648, "dmean2": 0.0299195107073, "dvar": 0.00092915649293, "dvar2": 0.0018730632728, "max": 0.432260990143, "mean": 0.146553650498, "median": 0.115840040147, "min": 0.0619616359472, "var": 0.00591675704345}, "erbbands_kurtosis": {"dmean": 1.09809553623, "dmean2": 1.62225031853, "dvar": 2.59707331657, "dvar2": 5.53139925003, "max": 23.532623291, "mean": 0.886255085468, "median": -0.218747854233, "min": -1.72912812233, "var": 9.66201496124}, "erbbands_skewness": {"dmean": 0.37762773037, "dmean2": 0.563319861889, "dvar": 0.141140341759, "dvar2": 0.324998706579, "max": 4.31840324402, "mean": 0.547314584255, "median": 0.40130853653, "min": -1.86179149151, "var": 0.676427721977}, "erbbands_spread": {"dmean": 11.1775608063, "dmean2": 15.2068471909, "dvar": 158.099487305, "dvar2": 250.072097778, "max": 136.06098938, "mean": 46.6023979187, "median": 43.7676086426, "min": 3.80901265144, "var": 726.618408203}, "hfc": {"dmean": 11.5061388016, "dmean2": 16.0915927887, "dvar": 588.238525391, "dvar2": 1320.11608887, "max": 177.176971436, "mean": 19.7347297668, "median": 9.39235496521, "min": 1.83482160021e-10, "var": 872.747619629}, "melbands_crest": {"dmean": 2.86707782745, "dmean2": 4.31944656372, "dvar": 8.46354198456, "dvar2": 17.7507591248, "max": 30.7911529541, "mean": 13.7606620789, "median": 12.7896280289, "min": 2.66169238091, "var": 28.5444602966}, "melbands_flatness_db": {"dmean": 0.0357713103294, "dmean2": 0.0461563020945, "dvar": 0.00166600837838, "dvar2": 0.00346397841349, "max": 0.570317089558, "mean": 0.220677793026, "median": 0.199021220207, "min": 0.014181252569, "var": 0.0103604746982}, "melbands_kurtosis": {"dmean": 11.0593109131, "dmean2": 15.1627025604, "dvar": 576.733764648, "dvar2": 1141.50964355, "max": 702.777709961, "mean": 23.339756012, "median": 12.6411590576, "min": -1.5243242979, "var": 1999.47631836}, "melbands_skewness": {"dmean": 0.850584447384, "dmean2": 1.06271159649, "dvar": 0.917318105698, "dvar2": 1.46983766556, "max": 18.6092243195, "mean": 3.28720426559, "median": 2.9193611145, "min": -0.512342691422, "var": 4.52734804153}, "melbands_spread": {"dmean": 6.67450046539, "dmean2": 9.52305412292, "dvar": 87.0689620972, "dvar2": 177.348556519, "max": 123.812690735, "mean": 17.9695243835, "median": 13.8009243011, "min": 0.443930983543, "var": 190.458099365}, "pitch_salience": {"dmean": 0.0710848346353, "dmean2": 0.100516833365, "dvar": 0.00495636928827, "dvar2": 0.0105487145483, "max": 0.909021377563, "mean": 0.575172185898, "median": 0.602537453175, "min": 0.111941121519, "var": 0.0206816848367}, "silence_rate_20dB": {"dmean": 0, "dmean2": 0, "dvar": 0, "dvar2": 0, "max": 1, "mean": 1, "median": 1, "min": 1, "var": 0}, "silence_rate_30dB": {"dmean": 0.0440394841135, "dmean2": 0.0881458967924, "dvar": 0.0420991629362, "dvar2": 0.104690618813, "max": 1, "mean": 0.967374801636, "median": 1, "min": 0, "var": 0.0315607003868}, "silence_rate_60dB": {"dmean": 0.0440394841135, "dmean2": 0.0873860195279, "dvar": 0.0421000048518, "dvar2": 0.0919083058834, "max": 1, "mean": 0.134294390678, "median": 0, "min": 0, "var": 0.116260118783}, "spectral_centroid": {"dmean": 286.480926514, "dmean2": 421.911865234, "dvar": 185448.4375, "dvar2": 314644.15625, "max": 10954.5166016, "mean": 1125.83911133, "median": 1039.27941895, "min": 156.732452393, "var": 443429.875}, "spectral_complexity": {"dmean": 3.9498860836, "dmean2": 5.91337394714, "dvar": 33.2868690491, "dvar2": 65.2506561279, "max": 53, "mean": 16.0652503967, "median": 14, "min": 0, "var": 108.438781738}, "spectral_decrease": {"dmean": 2.30156760317e-09, "dmean2": 2.58221666272e-09, "dvar": 1.59525023679e-17, "dvar2": 2.27729109209e-17, "max": -8.88465007469e-23, "mean": -6.13770234636e-09, "median": -2.69332423031e-09, "min": -6.40294786081e-08, "var": 5.46233316624e-17}, "spectral_energy": {"dmean": 0.00939850416034, "dmean2": 0.0106874061748, "dvar": 0.000259838678176, "dvar2": 0.000386847968912, "max": 0.247431918979, "mean": 0.0249551162124, "median": 0.0110829779878, "min": 1.69776980018e-14, "var": 0.000882579188328}, "spectral_energyband_high": {"dmean": 0.00121469201986, "dmean2": 0.00177650770638, "dvar": 7.43589225749e-06, "dvar2": 1.7038297301e-05, "max": 0.0188409052789, "mean": 0.00154345843475, "median": 0.000398295349441, "min": 1.12381527763e-14, "var": 9.27053497435e-06}, "spectral_energyband_low": {"dmean": 0.00690907565877, "dmean2": 0.00868614856154, "dvar": 0.000260155968135, "dvar2": 0.000441221112851, "max": 0.228140518069, "mean": 0.012841229327, "median": 0.00162619072944, "min": 2.44770154793e-16, "var": 0.000551178818569}, "spectral_energyband_middle_high": {"dmean": 0.00101360015105, "dmean2": 0.00154369685333, "dvar": 2.40363897319e-06, "dvar2": 5.932919521e-06, "max": 0.0155377136543, "mean": 0.00255843461491, "median": 0.0021103580948, "min": 2.78296401765e-15, "var": 6.09099015492e-06}, "spectral_energyband_middle_low": {"dmean": 0.0046772705391, "dmean2": 0.00739227375016, "dvar": 0.000106073501229, "dvar2": 0.000234809325775, "max": 0.0839481726289, "mean": 0.00976939778775, "median": 0.00530735775828, "min": 9.91394784158e-16, "var": 0.000137547816848}, "spectral_entropy": {"dmean": 0.249314159155, "dmean2": 0.352292180061, "dvar": 0.111235029995, "dvar2": 0.217223629355, "max": 9.79646968842, "mean": 7.46966600418, "median": 7.71089172363, "min": 5.01415872574, "var": 0.610639452934}, "spectral_flux": {"dmean": 0.0256739966571, "dmean2": 0.0308975558728, "dvar": 0.00121559237596, "dvar2": 0.00164282741025, "max": 0.384279996157, "mean": 0.0708580315113, "median": 0.0483557581902, "min": 3.08990274789e-05, "var": 0.00484892446548}, "spectral_kurtosis": {"dmean": 5.75119352341, "dmean2": 9.44584274292, "dvar": 389.24130249, "dvar2": 971.967224121, "max": 215.892959595, "mean": 9.60714435577, "median": 2.63835167885, "min": -1.21370983124, "var": 571.536621094}, "spectral_rms": {"dmean": 0.000779976078775, "dmean2": 0.000888195063453, "dvar": 1.16824139695e-06, "dvar2": 1.66655877365e-06, "max": 0.0155369555578, "mean": 0.00419327383861, "median": 0.00328826042823, "min": 4.06984135282e-09, "var": 6.76295303492e-06}, "spectral_rolloff": {"dmean": 772.810791016, "dmean2": 1238.83117676, "dvar": 1962010.875, "dvar2": 4094640.25, "max": 18798.4863281, "mean": 1350.546875, "median": 775.1953125, "min": 64.599609375, "var": 2389349.25}, "spectral_skewness": {"dmean": 0.456005424261, "dmean2": 0.687820911407, "dvar": 0.945092737675, "dvar2": 2.16168832779, "max": 12.8698787689, "mean": 1.93854737282, "median": 1.3956502676, "min": 0.0203878693283, "var": 2.535831213}, "spectral_spread": {"dmean": 782627.0625, "dmean2": 1036871.3125, "dvar": 1718227435520.0, "dvar2": 2356433649660.0, "max": 40341760, "mean": 5459697.5, "median": 5661767.5, "min": 392939.03125, "var": 5069652623360.0}, "spectral_strongpeak": {"dmean": 0.234050154686, "dmean2": 0.378565937281, "dvar": 0.110585346818, "dvar2": 0.269267886877, "max": 2.7983751297, "mean": 0.483813077211, "median": 0.352546513081, "min": 6.03111459441e-07, "var": 0.171665921807}, "zerocrossingrate": {"dmean": 0.0143733387813, "dmean2": 0.0161433350295, "dvar": 0.000359799392754, "dvar2": 0.000444618723122, "max": 0.4892578125, "mean": 0.0608069449663, "median": 0.0546875, "min": 0.00439453125, "var": 0.00131550827064}, "barkbands": {"dmean": [8.28108295536e-06, 0.00324419722892, 0.00495996512473, 0.00286787957884, 0.0021753704641, 0.000555954989977, 0.000190062201, 0.000375253381208, 0.000289528630674, 0.000279575935565, 0.000291921634926, 0.000156364068971, 0.000192137231352, 0.000158616676345, 8.93391625141e-05, 0.000103119949927, 0.000110231245344, 9.55034192884e-05, 0.000116914496175, 0.000212553190067, 0.000201461778488, 0.000267191499006, 0.000265264970949, 0.000216877408093, 0.000140689415275, 8.21975481813e-05, 1.06894294731e-05], "dmean2": [9.38287394092e-06, 0.00393077265471, 0.00784021615982, 0.00510234199464, 0.00363372196443, 0.000766592740547, 0.000285160611384, 0.00051145919133, 0.000449314538855, 0.000445087993285, 0.000454259599792, 0.000247162155574, 0.000320678023854, 0.000267853785772, 0.00014611412189, 0.00017141472199, 0.000178699599928, 0.000153843080625, 0.000188655714737, 0.000348469271557, 0.000321259518387, 0.00041351391701, 0.00039295112947, 0.000311238749418, 0.000196489549126, 0.000125895254314, 1.60066701937e-05], "dvar": [2.19515058908e-10, 5.06464966747e-05, 0.000224679431994, 7.72761413828e-05, 3.04298464471e-05, 8.71781764999e-07, 8.8341977289e-08, 3.39302204111e-07, 2.66193353582e-07, 2.93422289133e-07, 2.5179002705e-07, 9.03189487644e-08, 1.2588212428e-07, 6.47367173201e-08, 2.25305516466e-08, 4.47841443929e-08, 4.69237555478e-08, 3.53737270586e-08, 4.48875390191e-08, 2.24891195444e-07, 2.17114205725e-07, 3.68929164551e-07, 3.81701454444e-07, 2.30500660336e-07, 9.49494136648e-08, 3.91539209943e-08, 6.75720202015e-10], "dvar2": [2.57463994568e-10, 8.61568041728e-05, 0.000510163081344, 0.000207727149245, 8.48394192872e-05, 2.09845666177e-06, 2.03831731937e-07, 6.42461827738e-07, 6.20552668806e-07, 8.16675878923e-07, 6.5194524268e-07, 2.35596630205e-07, 3.12385026291e-07, 1.815743218e-07, 5.47761516145e-08, 1.19194595527e-07, 1.09958406824e-07, 9.08840860347e-08, 1.1511302489e-07, 5.59517729926e-07, 5.48699745195e-07, 8.91018260063e-07, 8.64737501161e-07, 5.02024761317e-07, 2.08660267731e-07, 9.04081360886e-08, 1.43392508978e-09], "max": [0.000236912805121, 0.0605246387422, 0.173094645143, 0.0615494064987, 0.0455718487501, 0.0125379087403, 0.00329317967407, 0.00894283689559, 0.00550702214241, 0.0104330666363, 0.00822633504868, 0.0048281964846, 0.00449502654374, 0.0021473725792, 0.00167983071879, 0.00199847551994, 0.00330688245595, 0.00243966677226, 0.00273265154101, 0.00341603998095, 0.00418449891731, 0.00499663688242, 0.00509990798309, 0.00441857613623, 0.00256784493104, 0.00146882573608, 0.000331559422193], "mean": [2.31002341025e-05, 0.00581500213593, 0.00540094729513, 0.00254290807061, 0.00371974054724, 0.0015050410293, 0.000461626361357, 0.000767503865063, 0.000459506263724, 0.000483017589431, 0.000496737891808, 0.000240269422648, 0.0002879393287, 0.000232311300351, 0.000158351191203, 0.000149496685481, 0.000202778464882, 0.000137077702675, 0.000188444420928, 0.000247063086135, 0.000248584779911, 0.000320584513247, 0.000321066268953, 0.000265545444563, 0.000181640323717, 8.55592006701e-05, 1.32751229103e-05], "median": [2.32121783483e-06, 0.000615933851805, 0.000295419391477, 0.000454952707514, 0.00202881125733, 0.000984288170002, 0.000300249434076, 0.000444896024419, 0.000203054296435, 0.000325971283019, 0.000211976570426, 9.56961666816e-05, 9.89852123894e-05, 0.000100264849607, 9.28479566937e-05, 5.46829251107e-05, 6.57140481053e-05, 4.76864661323e-05, 8.17147956695e-05, 7.11729662726e-05, 6.96452698321e-05, 7.20130774425e-05, 6.09975468251e-05, 5.48815805814e-05, 3.46554188582e-05, 1.66587105923e-05, 3.21697916661e-06], "min": [1.52281092035e-16, 1.41867377814e-16, 2.48884319549e-17, 8.44985344366e-18, 8.07476442443e-17, 1.04796517656e-16, 1.26468848228e-16, 2.19395165275e-16, 3.77497861817e-16, 2.81356234172e-16, 3.73450764865e-16, 2.41779149107e-16, 6.02741101379e-17, 6.87745688371e-17, 1.11903031439e-16, 3.03465488161e-16, 1.05200069298e-16, 4.15461904983e-16, 8.21325126728e-16, 1.86528288454e-16, 3.10383629758e-16, 9.71124650456e-16, 5.5633801602e-16, 1.49274755053e-15, 1.28309831987e-15, 3.80724242077e-15, 3.10130589253e-15], "var": [1.58373114623e-09, 0.000108978623757, 0.000217027496547, 5.27008160134e-05, 2.79547166429e-05, 2.87404577648e-06, 2.31893380942e-07, 9.32378156904e-07, 4.59560340005e-07, 3.43179380025e-07, 5.26815483681e-07, 1.3562055301e-07, 2.25135721621e-07, 1.05516150484e-07, 4.71263099655e-08, 6.15260162817e-08, 1.34619853043e-07, 4.81421231768e-08, 7.31886586891e-08, 2.32398321032e-07, 2.28003003144e-07, 4.26602611014e-07, 4.6219471983e-07, 3.02141899056e-07, 1.32843055667e-07, 4.17400976005e-08, 9.03680019704e-10]}, "erbbands": {"dmean": [0.0433288998902, 0.89708083868, 4.65623140335, 8.37071990967, 8.42058467865, 6.51987314224, 5.21632432938, 4.71414089203, 2.79199433327, 6.51821947098, 6.5721449852, 7.32182979584, 9.59066677094, 5.01524162292, 13.1104698181, 7.48194074631, 9.3748884201, 7.85391807556, 5.24021148682, 4.76739549637, 4.85316467285, 5.15797567368, 5.08606481552, 6.61830186844, 6.07310581207, 10.5111637115, 7.44999647141, 9.06609725952, 9.38764572144, 9.01711273193, 7.40572214127, 5.41240501404, 3.19017338753, 1.84751033783, 0.861529827118, 0.42991939187, 0.130604177713, 0.0233549140394, 0.00199556583539, 6.97148207109e-05], "dmean2": [0.044795487076, 1.07634723186, 6.71778249741, 14.163646698, 14.3612060547, 10.6680412292, 7.64220714569, 6.86078071594, 3.85481190681, 9.10082244873, 9.6302280426, 11.1964969635, 15.2578897476, 7.79311847687, 20.5129699707, 11.7456274033, 15.5988779068, 13.334982872, 8.5355386734, 7.73281145096, 7.85807847977, 8.47533035278, 8.23293685913, 10.789765358, 9.50744819641, 17.3220291138, 11.9474582672, 14.5676813126, 14.5625047684, 14.0401144028, 11.0147008896, 7.85947799683, 4.58381462097, 2.62234926224, 1.21328532696, 0.662234604359, 0.196839094162, 0.0355827882886, 0.00295912264846, 0.000101633413578], "dvar": [0.00604237290099, 3.85550022125, 166.486328125, 666.823486328, 483.880889893, 219.936248779, 92.8456268311, 67.0643234253, 16.3102722168, 102.878700256, 144.858810425, 151.20324707, 333.576049805, 90.5722503662, 495.723602295, 177.560333252, 300.666412354, 165.446029663, 83.0171508789, 71.7618179321, 103.823951721, 106.841438293, 98.4223403931, 160.628250122, 129.441589355, 569.769775391, 272.623657227, 490.140716553, 459.009338379, 444.391357422, 304.861450195, 147.003997803, 48.9196586609, 16.4617443085, 3.76590275764, 1.03693723679, 0.104202255607, 0.00325351790525, 2.58424406638e-05, 3.47633388742e-08], "dvar2": [0.00628665136173, 6.06199598312, 342.008209229, 1656.99084473, 1289.0234375, 595.645019531, 231.651473999, 157.424255371, 40.0605278015, 219.260620117, 276.241973877, 326.993347168, 873.653137207, 238.822784424, 1277.35351562, 445.47555542, 746.667053223, 467.490325928, 209.5440979, 185.120666504, 259.722503662, 263.296630859, 247.519378662, 398.045410156, 309.38180542, 1442.55334473, 690.558776855, 1254.63964844, 1100.48046875, 1089.52905273, 692.355651855, 332.26953125, 100.3983078, 35.9976730347, 8.21591281891, 2.3524415493, 0.245015665889, 0.00743921753019, 5.58778774575e-05, 7.66611805147e-08], "max": [0.699402332306, 18.3614177704, 132.802993774, 262.377410889, 189.265228271, 125.71799469, 140.138473511, 113.389274597, 50.6649971008, 146.72756958, 225.46005249, 121.572990417, 364.761535645, 151.752548218, 342.227539062, 175.211257935, 223.816146851, 102.72996521, 130.389755249, 108.605300903, 117.691925049, 159.398101807, 107.255447388, 159.061141968, 136.879104614, 184.002258301, 130.863723755, 206.04876709, 173.792709351, 165.804672241, 153.662597656, 109.804801941, 64.3345336914, 36.6986885071, 17.552312851, 7.77786684036, 2.61459922791, 0.524929821491, 0.0736545100808, 0.00309924734756], "mean": [0.10394590348, 1.5589004755, 5.54912137985, 8.66426372528, 9.45692157745, 12.2606277466, 13.763417244, 11.942481041, 8.25347614288, 11.78175354, 14.5898122787, 12.9854183197, 16.0105323792, 9.39230442047, 22.8051757812, 13.0483837128, 14.6576519012, 11.886089325, 9.41137123108, 8.48975276947, 8.13700294495, 8.95125961304, 8.12463092804, 10.3243408203, 9.7144536972, 12.3696575165, 9.5001001358, 10.413184166, 11.7301549911, 10.0945520401, 9.07964801788, 6.40033006668, 3.98984241486, 2.40164399147, 1.11711084843, 0.483412146568, 0.132401525974, 0.0244317613542, 0.00245853350498, 0.000109264496132], "median": [0.0124787995592, 0.159541398287, 0.400996983051, 0.993038475513, 3.3781542778, 6.5860824585, 8.21438217163, 8.10475540161, 5.79746246338, 6.72381448746, 8.26237297058, 6.84889316559, 10.0183286667, 5.01450538635, 10.6314620972, 7.37204647064, 5.93818569183, 5.50916194916, 5.27914190292, 4.79232549667, 3.09713435173, 3.32349157333, 3.43735647202, 4.04466438293, 4.19462585449, 3.74063396454, 2.69851827621, 2.72939896584, 2.660810709, 2.33537340164, 1.8511941433, 1.17812681198, 0.813479304314, 0.47858774662, 0.21901127696, 0.0929290950298, 0.0279748737812, 0.00619301293045, 0.000590160081629, 4.15367685491e-05], "min": [6.53192083077e-15, 2.34222516192e-14, 3.41991551452e-14, 2.75442120962e-14, 8.94016306298e-14, 3.15361045654e-13, 6.13032844973e-13, 9.30416225835e-13, 1.50141769677e-12, 2.86516491955e-12, 5.89194665279e-12, 8.5752698345e-12, 8.09867190671e-12, 1.25360936909e-11, 1.3906324009e-11, 9.1161999824e-12, 3.17932095581e-12, 3.03241568141e-12, 6.85242184176e-12, 1.01796461885e-11, 1.18769776999e-11, 7.23608542877e-12, 2.2052040749e-11, 3.47408941892e-11, 3.18678070044e-11, 8.2444225058e-12, 1.8083024661e-11, 1.01097281588e-11, 2.60055293272e-11, 2.83446842386e-11, 2.15506692353e-11, 2.6697578176e-11, 2.2287290069e-11, 1.14282281555e-11, 1.14334592141e-11, 5.52709657556e-12, 8.56836823715e-12, 2.86180150758e-12, 4.42710863628e-13, 4.67159338015e-14], "var": [0.0302355717868, 8.38830184937, 197.633636475, 547.983520508, 368.821075439, 268.507415771, 309.740814209, 172.964187622, 55.6334457397, 225.174621582, 431.264923096, 306.607452393, 419.910675049, 168.964645386, 1060.22875977, 312.820892334, 539.149353027, 252.830856323, 180.763214111, 125.089195251, 178.321914673, 252.341491699, 170.809677124, 265.843261719, 212.195465088, 576.807189941, 300.579833984, 473.226257324, 551.47479248, 470.261810303, 368.621826172, 182.87437439, 67.8285446167, 22.7999782562, 5.26427936554, 1.17606091499, 0.108194895089, 0.0035239350982, 3.39998041454e-05, 4.62783589228e-08]}, "gfcc": {"mean": [-30.3474960327, 87.7045440674, -93.052772522, 19.7298908234, -68.0828170776, 10.0224123001, -38.1897277832, -2.46838927269, -27.4215126038, -2.60273003578, -16.4580764771, -1.64167952538, -11.6999807358], "cov": [[15457.7763672, -4859.08642578, -62.0219955444, 1909.83251953, 109.848068237, 1254.67565918, 13.5200767517, 920.784423828, -392.831634521, 682.258789062, -216.020507812, 450.524780273, -500.444519043], [-4859.08642578, 3085.82275391, 50.8000679016, -750.22442627, 307.887939453, -384.445861816, 166.164215088, -322.762542725, 320.312133789, -304.555053711, 208.990966797, -205.700149536, 264.316070557], [-62.0219955444, 50.8000679016, 725.546386719, 238.79510498, 33.6595230103, 170.712173462, 54.2763214111, 104.663597107, 3.3333272934, 34.8267173767, -19.6890029907, -22.2178268433, -1.02978885174], [1909.83251953, -750.22442627, 238.79510498, 1009.09100342, 233.508239746, 382.729370117, 200.104141235, 218.705154419, 15.816198349, 171.490921021, 26.3256759644, 69.703414917, -53.3164672852], [109.848068237, 307.887939453, 33.6595230103, 233.508239746, 420.113525391, 131.400650024, 147.46711731, 87.932472229, 106.220329285, 34.504611969, 93.4589309692, 21.198923111, 15.5763692856], [1254.67565918, -384.445861816, 170.712173462, 382.729370117, 131.400650024, 352.843383789, 75.2517166138, 180.590438843, -10.7045297623, 112.295097351, 22.5535316467, 46.6331253052, -30.4800739288], [13.5200767517, 166.164215088, 54.2763214111, 200.104141235, 147.46711731, 75.2517166138, 203.116287231, 53.4860305786, 73.3857192993, 24.7157497406, 61.4214401245, 15.5030889511, 18.6011734009], [920.784423828, -322.762542725, 104.663597107, 218.705154419, 87.932472229, 180.590438843, 53.4860305786, 219.237854004, 25.451051712, 97.9197769165, 8.79486274719, 49.6911125183, -19.5426425934], [-392.831634521, 320.312133789, 3.3333272934, 15.816198349, 106.220329285, -10.7045297623, 73.3857192993, 25.451051712, 120.766990662, 9.91641426086, 45.2993888855, -6.77016687393, 30.7657203674], [682.258789062, -304.555053711, 34.8267173767, 171.490921021, 34.504611969, 112.295097351, 24.7157497406, 97.9197769165, 9.91641426086, 115.973449707, 21.9699058533, 49.3957176208, -24.2878723145], [-216.020507812, 208.990966797, -19.6890029907, 26.3256759644, 93.4589309692, 22.5535316467, 61.4214401245, 8.79486274719, 45.2993888855, 21.9699058533, 95.0664978027, 28.6275157928, 30.6010761261], [450.524780273, -205.700149536, -22.2178268433, 69.703414917, 21.198923111, 46.6331253052, 15.5030889511, 49.6911125183, -6.77016687393, 49.3957176208, 28.6275157928, 84.5958633423, 3.39097428322], [-500.444519043, 264.316070557, -1.02978885174, -53.3164672852, 15.5763692856, -30.4800739288, 18.6011734009, -19.5426425934, 30.7657203674, -24.2878723145, 30.6010761261, 3.39097428322, 74.3162536621]], "icov": [[0.000179088849109, 0.000117287505418, 0.000127412975417, -7.33705310267e-05, -5.09489545948e-05, -0.000289682066068, 1.54354097504e-07, -0.000200118665816, 0.000113825699373, -2.13439216168e-05, 0.000254009821219, -0.000366505177226, 0.000435197842307], [0.000117287505418, 0.00200436310843, -0.00055577151943, 0.0010784791084, -0.00099709269125, -0.00035467647831, -0.000550544762518, 0.00118282728363, -0.0025892527774, 0.00194804079365, -0.00246794917621, 0.0026549694594, -0.0024569502566], [0.000127412975417, -0.00055577151943, 0.00201611872762, -0.000628832145594, 0.000512984639499, -0.000819218286779, -2.46901709033e-05, -0.00107794220094, 0.000997470342554, -0.000509694044013, 0.00142461864743, -0.000147521030158, 0.000531280820724], [-7.33705310267e-05, 0.0010784791084, -0.000628832145594, 0.00297873327509, -0.00116045039613, -0.00140122941229, -0.00213954062201, 0.00136951589957, -0.000993368797936, -0.000828316726256, -6.47444248898e-05, 0.00153229641728, -0.00154007191304], [-5.09489545948e-05, -0.00099709269125, 0.000512984639499, -0.00116045039613, 0.00517541961744, -0.00112010061275, -0.00027044521994, -0.00132300669793, -0.00175318529364, 0.001691729296, -0.00201159971766, -0.00147175358143, 0.00272756651975], [-0.000289682066068, -0.00035467647831, -0.000819218286779, -0.00140122941229, -0.00112010061275, 0.00850937608629, -8.921524568e-05, -0.00380624900572, 0.00399916432798, -0.00257120537572, -0.00180090230424, 0.00192471710034, -0.000801841903012], [1.54354097504e-07, -0.000550544762518, -2.46901709033e-05, -0.00213954062201, -0.00027044521994, -8.921524568e-05, 0.00978613924235, -0.00103590462822, -0.00310270767659, 0.00230189110152, -0.00319540011697, -0.00120741536375, 0.0011296889279], [-0.000200118665816, 0.00118282728363, -0.00107794220094, 0.00136951589957, -0.00132300669793, -0.00380624900572, -0.00103590462822, 0.0123713230714, -0.0051993415691, -0.00357171264477, 0.00248801475391, -0.00119555054698, -0.00234296289273], [0.000113825699373, -0.0025892527774, 0.000997470342554, -0.000993368797936, -0.00175318529364, 0.00399916432798, -0.00310270767659, -0.0051993415691, 0.0210406836122, -0.00763219362125, 0.00124487711582, 0.00179920450319, -0.00110581645276], [-2.13439216168e-05, 0.00194804079365, -0.000509694044013, -0.000828316726256, 0.001691729296, -0.00257120537572, 0.00230189110152, -0.00357171264477, -0.00763219362125, 0.0247854758054, -0.00864531751722, -0.00426584202796, 0.00441639497876], [0.000254009821219, -0.00246794917621, 0.00142461864743, -6.47444248898e-05, -0.00201159971766, -0.00180090230424, -0.00319540011697, 0.00248801475391, 0.00124487711582, -0.00864531751722, 0.0261232294142, -0.009915756993, -0.00204661674798], [-0.000366505177226, 0.0026549694594, -0.000147521030158, 0.00153229641728, -0.00147175358143, 0.00192471710034, -0.00120741536375, -0.00119555054698, 0.00179920450319, -0.00426584202796, -0.009915756993, 0.0255075655878, -0.00894772540778], [0.000435197842307, -0.0024569502566, 0.000531280820724, -0.00154007191304, 0.00272756651975, -0.000801841903012, 0.0011296889279, -0.00234296289273, -0.00110581645276, 0.00441639497876, -0.00204661674798, -0.00894772540778, 0.0253803022206]]}, "melbands": {"dmean": [0.000638553348836, 0.00183267274406, 0.00132586318068, 0.000534822989721, 0.000196108245291, 0.000101505422208, 4.0685870772e-05, 7.62527124607e-05, 5.54006037419e-05, 4.25083453592e-05, 4.79181107949e-05, 2.02575811272e-05, 4.05733662774e-05, 2.35106072068e-05, 2.14967494685e-05, 1.48084182001e-05, 1.64303892234e-05, 9.23053266888e-06, 6.03836724622e-06, 8.65980837261e-06, 5.64251513424e-06, 5.10386644237e-06, 6.1990872382e-06, 4.9354443945e-06, 5.72239332541e-06, 3.95844699597e-06, 6.31375451121e-06, 7.0006713031e-06, 4.48622267868e-06, 4.76316245113e-06, 5.84523422731e-06, 5.46285627934e-06, 5.18775505043e-06, 5.01172735312e-06, 4.33955483459e-06, 3.88247235605e-06, 3.1972533634e-06, 2.32356956076e-06, 1.91943559003e-06, 1.48132210143e-06], "dmean2": [0.00072989531327, 0.00245226244442, 0.00213369075209, 0.000899166567251, 0.000293246528599, 0.000144389880006, 5.67454662814e-05, 0.00010513336747, 8.26728719403e-05, 6.54431278235e-05, 7.63091738918e-05, 3.19634928019e-05, 6.32856681477e-05, 3.75078016077e-05, 3.49566944351e-05, 2.47648604272e-05, 2.81676930172e-05, 1.50472815221e-05, 9.68201493379e-06, 1.47723512782e-05, 9.23282277654e-06, 8.24431845103e-06, 1.02716421679e-05, 8.17570617073e-06, 9.39340316108e-06, 6.50277252134e-06, 1.0078509149e-05, 1.16262290248e-05, 7.30217698219e-06, 7.62969102652e-06, 9.54789175012e-06, 8.57241320773e-06, 8.15835210233e-06, 7.91387356003e-06, 6.558449968e-06, 5.78849767408e-06, 4.69963424621e-06, 3.34433752869e-06, 2.82000314655e-06, 2.13006251215e-06], "dvar": [1.59583430559e-06, 2.1805657525e-05, 1.32905543069e-05, 1.97728900275e-06, 1.22186548879e-07, 2.92916855216e-08, 3.4434091134e-09, 1.4255123304e-08, 9.22273102333e-09, 5.26741450457e-09, 8.5254434623e-09, 1.63596503011e-09, 4.80718176377e-09, 1.65331359714e-09, 1.28261967713e-09, 6.46460551756e-10, 7.57748919167e-10, 2.71405897756e-10, 1.03695427245e-10, 2.72721178973e-10, 1.51823706385e-10, 1.00872046827e-10, 1.73757022659e-10, 9.39548369661e-11, 1.23645718664e-10, 6.09949521446e-11, 1.69837463537e-10, 2.52205867302e-10, 9.90903262221e-11, 1.07441021358e-10, 2.21312926318e-10, 1.55574969574e-10, 1.52589385571e-10, 1.38756658941e-10, 1.06147944601e-10, 7.74929426184e-11, 5.43876159387e-11, 2.63068438561e-11, 1.85150731552e-11, 1.04715333626e-11], "dvar2": [2.2500103114e-06, 3.88135886169e-05, 2.99526709568e-05, 5.44245540368e-06, 3.10367994416e-07, 6.88104435653e-08, 8.35066504834e-09, 2.96833029267e-08, 1.89125035632e-08, 1.18548335593e-08, 2.23127027965e-08, 4.3551460216e-09, 1.25759962444e-08, 4.3164667396e-09, 3.19677573302e-09, 1.63359281657e-09, 2.16644169271e-09, 7.00703495227e-10, 2.42917380655e-10, 7.50620454681e-10, 3.64591301594e-10, 2.50617804287e-10, 4.1250963756e-10, 2.47355247396e-10, 3.07911418584e-10, 1.59523824705e-10, 3.92440663299e-10, 6.52071563412e-10, 2.56613758021e-10, 2.6287472199e-10, 5.75303027439e-10, 3.74339365061e-10, 3.68873237511e-10, 3.41974920604e-10, 2.45771153429e-10, 1.67516930882e-10, 1.27531971095e-10, 5.33512747869e-11, 4.28428993671e-11, 2.24188809878e-11], "max": [0.0103905983269, 0.0501779392362, 0.0384680107236, 0.0115151600912, 0.00445705885068, 0.00234478525817, 0.000745135883335, 0.00181121320929, 0.00165943440516, 0.000670293753501, 0.00185140769463, 0.000656921882182, 0.00116007204633, 0.000659694254864, 0.000416097958805, 0.000283317756839, 0.000229920362472, 0.000269425509032, 0.000121458091598, 0.000150147214299, 0.000136138303787, 0.000141081691254, 0.000222767470405, 0.000127422812511, 0.000143783079693, 0.000115207927593, 0.000107080923044, 0.000118525873404, 7.45085708331e-05, 8.43925081426e-05, 0.000143768789712, 0.000103361213405, 0.000102356323623, 9.15605996852e-05, 8.75442128745e-05, 7.66699231463e-05, 7.29427265469e-05, 4.82792966068e-05, 4.27328741353e-05, 3.04690165649e-05], "mean": [0.00131052301731, 0.00273034675047, 0.00152282556519, 0.000766629877035, 0.000529319047928, 0.00027008127654, 0.000117190735182, 0.000138057104778, 0.000117689633043, 7.2398368502e-05, 7.74340078351e-05, 3.37071614922e-05, 6.94858899806e-05, 4.12257104472e-05, 3.4712957131e-05, 2.27515683946e-05, 2.32819456869e-05, 1.5306075511e-05, 1.07804853542e-05, 1.28341271193e-05, 9.19338071981e-06, 8.8722235887e-06, 9.66906554822e-06, 7.18364481145e-06, 8.49104981171e-06, 6.23633877694e-06, 8.266468285e-06, 7.85352858657e-06, 5.42252837477e-06, 5.90509398535e-06, 6.32533647149e-06, 6.80167477185e-06, 5.95477740717e-06, 5.50422191736e-06, 5.22380241819e-06, 4.7945886763e-06, 3.58384659194e-06, 2.839151648e-06, 2.39792257162e-06, 1.91054505194e-06], "median": [0.000146321835928, 0.000255493097939, 0.000280699052382, 0.000345879641827, 0.000335436605383, 0.000186795237823, 8.0165315012e-05, 8.05900781415e-05, 6.72985624988e-05, 3.67983157048e-05, 4.74816770293e-05, 1.52047086885e-05, 3.06495967379e-05, 2.01369111892e-05, 1.74020824488e-05, 9.36284232012e-06, 9.32088642003e-06, 7.89481964603e-06, 6.24359699941e-06, 4.95413769386e-06, 2.67670975518e-06, 3.16384557664e-06, 2.61500485976e-06, 2.53928192251e-06, 2.66771507995e-06, 2.40823919739e-06, 3.00449755741e-06, 2.17755814447e-06, 1.4044933323e-06, 1.65420476606e-06, 1.58609680057e-06, 1.48018705204e-06, 1.3405503978e-06, 1.12174745936e-06, 1.06197194327e-06, 8.74785769156e-07, 6.07842594036e-07, 5.1471607776e-07, 5.01720933244e-07, 3.65708331174e-07], "min": [5.62058903016e-17, 2.26377247933e-17, 5.96292583303e-18, 1.38745998537e-17, 2.07177128602e-17, 2.09687009647e-17, 2.37968546401e-17, 3.42995370992e-17, 5.16111600792e-17, 5.40932346212e-17, 3.94657796416e-17, 4.88830952579e-17, 5.00800090607e-17, 3.05980957639e-17, 1.42261979362e-17, 5.11523982668e-18, 5.05471171254e-18, 1.10237475152e-17, 7.4744776341e-18, 2.34459166478e-17, 1.00553291217e-17, 5.30171818321e-18, 1.33018045765e-17, 2.20640154815e-17, 2.78929934764e-17, 3.5869165251e-17, 6.22056777842e-18, 5.0700178626e-18, 1.34667584527e-17, 7.00531981582e-18, 5.90617007607e-18, 1.2766164598e-17, 2.29905289051e-17, 1.05378748582e-17, 9.7896808952e-18, 1.80191006318e-17, 1.56718829994e-17, 1.65110114088e-17, 1.30710443467e-17, 8.56732467117e-18], "var": [4.93890092912e-06, 3.47406858054e-05, 1.31346359922e-05, 1.63172728662e-06, 3.60544134992e-07, 8.21442398546e-08, 1.13530260748e-08, 3.11607308845e-08, 2.50032687887e-08, 9.92513449205e-09, 1.04067181539e-08, 2.68550914839e-09, 1.01652819495e-08, 3.07717673564e-09, 2.24437202156e-09, 1.18263721038e-09, 1.09201181431e-09, 5.76253711415e-10, 2.22519017101e-10, 3.97994637247e-10, 2.98482794037e-10, 2.30829674819e-10, 4.2627473773e-10, 1.28551891354e-10, 2.02332470223e-10, 9.489342645e-11, 2.1261514771e-10, 2.43592729321e-10, 1.02636434074e-10, 1.24964968928e-10, 1.99371560927e-10, 1.86571924576e-10, 1.65923552675e-10, 1.43297387845e-10, 1.24761298514e-10, 1.01007077702e-10, 6.24285484419e-11, 3.60104411568e-11, 2.358849574e-11, 1.46800158835e-11]}, "mfcc": {"mean": [-678.199279785, 121.284851074, 25.2040462494, 12.1510953903, -4.06440162659, 5.23885774612, -3.0412967205, -2.10231900215, -7.00594997406, -2.98081493378, -4.57658624649, -5.80015468597, -4.55799436569], "cov": [[13528.0019531, -4252.23828125, -460.180908203, 817.436523438, 478.908325195, 610.807922363, 589.362609863, 549.799377441, 193.952423096, 302.62588501, 312.995666504, 465.982452393, 331.817718506], [-4252.23828125, 2441.83959961, 78.3644256592, -440.055725098, -49.5751152039, -192.140563965, -175.812789917, -142.577651978, -22.069644928, -89.8513259888, -76.8177261353, -137.213302612, -86.3901443481], [-460.180908203, 78.3644256592, 700.56439209, 105.228042603, 75.3389358521, 60.9079704285, 76.4351043701, 40.4399375916, 82.4552764893, 57.7615242004, 31.6209926605, 7.5190076828, -18.5810871124], [817.436523438, -440.055725098, 105.228042603, 473.124755859, 180.440658569, 205.984268188, 171.944961548, 138.962554932, 98.589050293, 73.2394714355, 92.3727722168, 116.955474854, 76.5124511719], [478.908325195, -49.5751152039, 75.3389358521, 180.440658569, 299.458068848, 154.899978638, 138.746627808, 109.582748413, 91.9513626099, 65.8403778076, 75.7209777832, 96.4265060425, 67.1581573486], [610.807922363, -192.140563965, 60.9079704285, 205.984268188, 154.899978638, 215.62588501, 153.383834839, 101.4349823, 59.0420684814, 53.2371520996, 71.2592391968, 83.7106170654, 52.2993011475], [589.362609863, -175.812789917, 76.4351043701, 171.944961548, 138.746627808, 153.383834839, 198.273757935, 117.110572815, 65.2394638062, 60.5610580444, 69.0239868164, 83.2649230957, 53.9067611694], [549.799377441, -142.577651978, 40.4399375916, 138.962554932, 109.582748413, 101.4349823, 117.110572815, 131.537948608, 78.7892684937, 51.2632064819, 60.5743293762, 69.1650314331, 48.118183136], [193.952423096, -22.069644928, 82.4552764893, 98.589050293, 91.9513626099, 59.0420684814, 65.2394638062, 78.7892684937, 110.309829712, 61.3634605408, 46.9327964783, 46.989566803, 29.7957382202], [302.62588501, -89.8513259888, 57.7615242004, 73.2394714355, 65.8403778076, 53.2371520996, 60.5610580444, 51.2632064819, 61.3634605408, 86.651184082, 55.3742294312, 45.9018173218, 24.1825618744], [312.995666504, -76.8177261353, 31.6209926605, 92.3727722168, 75.7209777832, 71.2592391968, 69.0239868164, 60.5743293762, 46.9327964783, 55.3742294312, 95.2677612305, 69.7352600098, 31.9182472229], [465.982452393, -137.213302612, 7.5190076828, 116.955474854, 96.4265060425, 83.7106170654, 83.2649230957, 69.1650314331, 46.989566803, 45.9018173218, 69.7352600098, 109.019599915, 66.2484207153], [331.817718506, -86.3901443481, -18.5810871124, 76.5124511719, 67.1581573486, 52.2993011475, 53.9067611694, 48.118183136, 29.7957382202, 24.1825618744, 31.9182472229, 66.2484207153, 91.5935668945]], "icov": [[0.000215298103285, 0.000358376360964, 0.000122948928038, 0.000240780078457, -0.000150272724568, -0.000157507616677, 1.96134569705e-05, -0.000466507684905, 8.1274069089e-05, -0.000161681062309, -1.00926399682e-05, -0.000109799097118, -8.53063029354e-05], [0.000358376360964, 0.00116571097169, 0.00010729751375, 0.000959457887802, -0.000611321826, -0.000204212308745, 1.71079627762e-05, -0.000258530199062, -0.000672754307743, 0.000527006632183, -0.00052411883371, 0.000296203244943, -0.000239825589233], [0.000122948928038, 0.00010729751375, 0.00180582120083, -0.000203711460927, -0.000121115190268, -3.90878085454e-05, -0.000827007752378, 0.000610770890489, -0.00125409848988, -0.000558990519494, 1.67999987752e-05, 0.00041170080658, 0.00072120258119], [0.000240780078457, 0.000959457887802, -0.000203711460927, 0.00494940811768, -0.00050185440341, -0.00277205766179, -6.04630258749e-07, -0.00107409630436, -0.00159342354164, 0.000895505363587, -0.000461817311589, -0.000959456607234, -0.000490896578413], [-0.000150272724568, -0.000611321826, -0.000121115190268, -0.00050185440341, 0.00692821806297, -0.00253344676457, -0.000836502411403, -1.93913292605e-05, -0.00233458448201, -9.47453372646e-05, 0.000305355380988, -0.00176769029349, -0.000811758625787], [-0.000157507616677, -0.000204212308745, -3.90878085454e-05, -0.00277205766179, -0.00253344676457, 0.0139209581539, -0.00644403323531, 0.000137376322527, 0.00155717530288, 0.000575656420551, -0.00184858054854, -0.000240566281718, 0.000474563450553], [1.96134569705e-05, 1.71079627762e-05, -0.000827007752378, -6.04630258749e-07, -0.000836502411403, -0.00644403323531, 0.0166968312114, -0.009466862306, 0.00388578721322, -0.00339568243362, 0.00119441351853, -0.00199872115627, -0.000120893986605], [-0.000466507684905, -0.000258530199062, 0.000610770890489, -0.00107409630436, -1.93913292605e-05, 0.000137376322527, -0.009466862306, 0.0268912445754, -0.0127773629501, 0.00454497337341, -0.00400220509619, 0.000193658299395, -0.00194123969413], [8.1274069089e-05, -0.000672754307743, -0.00125409848988, -0.00159342354164, -0.00233458448201, 0.00155717530288, 0.00388578721322, -0.0127773629501, 0.0250616613775, -0.0119877299294, 0.00217137322761, -0.000575229409151, 6.76046547596e-05], [-0.000161681062309, 0.000527006632183, -0.000558990519494, 0.000895505363587, -9.47453372646e-05, 0.000575656420551, -0.00339568243362, 0.00454497337341, -0.0119877299294, 0.0265646893531, -0.0103920195252, 0.000650618225336, -0.000390230998164], [-1.00926399682e-05, -0.00052411883371, 1.67999987752e-05, -0.000461817311589, 0.000305355380988, -0.00184858054854, 0.00119441351853, -0.00400220509619, 0.00217137322761, -0.0103920195252, 0.0271655078977, -0.0144211528823, 0.0051640374586], [-0.000109799097118, 0.000296203244943, 0.00041170080658, -0.000959456607234, -0.00176769029349, -0.000240566281718, -0.00199872115627, 0.000193658299395, -0.000575229409151, 0.000650618225336, -0.0144211528823, 0.0318115986884, -0.0138979135081], [-8.53063029354e-05, -0.000239825589233, 0.00072120258119, -0.000490896578413, -0.000811758625787, 0.000474563450553, -0.000120893986605, -0.00194123969413, 6.76046547596e-05, -0.000390230998164, 0.0051640374586, -0.0138979135081, 0.0213058739901]]}, "spectral_contrast_coeffs": {"dmean": [0.0483978651464, 0.0380309708416, 0.0376460663974, 0.0298095364124, 0.0227901246399, 0.0204430501908], "dmean2": [0.0695570707321, 0.059919629246, 0.0595031566918, 0.0491121187806, 0.0384353287518, 0.0323969200253], "dvar": [0.00213027675636, 0.00111273152288, 0.00101617176551, 0.000691759109031, 0.000406808161642, 0.000419387390139], "dvar2": [0.00375591451302, 0.00264772190712, 0.00235528498888, 0.0017079426907, 0.00108240731061, 0.000947025022469], "max": [-0.331596434116, -0.538756012917, -0.54089474678, -0.604484260082, -0.689944148064, -0.626202404499], "mean": [-0.592920362949, -0.731189250946, -0.752304673195, -0.791861236095, -0.809041857719, -0.783272147179], "median": [-0.603614747524, -0.732675909996, -0.751832008362, -0.790045380592, -0.807901084423, -0.780818343163], "min": [-0.950372576714, -0.969716191292, -0.988467037678, -0.951264977455, -0.955496013165, -0.959830701351], "var": [0.0100969411433, 0.00346030294895, 0.00417720107362, 0.00244188099168, 0.00148379663005, 0.00177409721073]}, "spectral_contrast_valleys": {"dmean": [0.413893848658, 0.356133550406, 0.386872321367, 0.38171505928, 0.471204996109, 0.549361288548], "dmean2": [0.581852912903, 0.543561220169, 0.600276112556, 0.558920621872, 0.646151304245, 0.702554881573], "dvar": [0.421065330505, 0.449536889791, 0.452650845051, 0.45247220993, 0.613825619221, 0.664531290531], "dvar2": [0.48065969348, 0.578013718128, 0.632462620735, 0.629915475845, 0.96091401577, 1.08983016014], "max": [-5.48728609085, -5.15717697144, -5.73032855988, -5.95461940765, -5.7418599128