{"lowlevel": {"average_loudness": 0.957560777664, "barkbands_crest": {"dmean": 2.61214160919, "dmean2": 4.22505569458, "dvar": 6.9097533226, "dvar2": 18.933013916, "max": 26.5995883942, "mean": 11.3688869476, "median": 10.3207530975, "min": 3.36866879463, "var": 21.7704162598}, "barkbands_flatness_db": {"dmean": 0.0257497169077, "dmean2": 0.0379326753318, "dvar": 0.000674352922942, "dvar2": 0.00144315476064, "max": 0.518650650978, "mean": 0.152995944023, "median": 0.139379769564, "min": 0.0314049832523, "var": 0.00517947552726}, "barkbands_kurtosis": {"dmean": 8.28338050842, "dmean2": 12.3562612534, "dvar": 455.344482422, "dvar2": 917.395507812, "max": 437.889434814, "mean": 16.6845302582, "median": 5.47677230835, "min": -1.88257789612, "var": 1484.36315918}, "barkbands_skewness": {"dmean": 0.76131528616, "dmean2": 1.14012372494, "dvar": 0.919243335724, "dvar2": 1.91155230999, "max": 18.6480731964, "mean": 2.54964137077, "median": 2.13559913635, "min": -3.54986095428, "var": 4.11505651474}, "barkbands_spread": {"dmean": 5.02578639984, "dmean2": 7.46824836731, "dvar": 43.8968238831, "dvar2": 88.1878509521, "max": 112.734489441, "mean": 18.2476711273, "median": 15.4460163116, "min": 0.140506163239, "var": 196.990707397}, "dissonance": {"dmean": 0.0204930175096, "dmean2": 0.0335430726409, "dvar": 0.000428036961239, "dvar2": 0.0010489259148, "max": 0.499994426966, "mean": 0.454497665167, "median": 0.464556992054, "min": 0.223830476403, "var": 0.00137164688203}, "dynamic_complexity": 3.68821358681, "erbbands_crest": {"dmean": 3.00086355209, "dmean2": 4.60538625717, "dvar": 8.98366165161, "dvar2": 19.5603504181, "max": 34.2889823914, "mean": 11.0996017456, "median": 9.35340309143, "min": 2.52726888657, "var": 39.2095870972}, "erbbands_flatness_db": {"dmean": 0.0212234333158, "dmean2": 0.0290439613163, "dvar": 0.000490443198942, "dvar2": 0.000924074673094, "max": 0.455760031939, "mean": 0.137431994081, "median": 0.125832825899, "min": 0.0371403805912, "var": 0.00375385116786}, "erbbands_kurtosis": {"dmean": 1.86259531975, "dmean2": 2.820073843, "dvar": 31.0924663544, "dvar2": 61.8259162903, "max": 182.817382812, "mean": 3.31283116341, "median": 0.0551220178604, "min": -1.77866792679, "var": 257.89263916}, "erbbands_skewness": {"dmean": 0.426406264305, "dmean2": 0.624086916447, "dvar": 0.279160290956, "dvar2": 0.580296516418, "max": 10.6510877609, "mean": 0.7945343256, "median": 0.545296788216, "min": -3.89644002914, "var": 2.06885242462}, "erbbands_spread": {"dmean": 10.1276264191, "dmean2": 14.8312654495, "dvar": 124.927474976, "dvar2": 281.092041016, "max": 139.307922363, "mean": 43.5141830444, "median": 40.2228012085, "min": 0.85635215044, "var": 499.29006958}, "hfc": {"dmean": 5.82170295715, "dmean2": 8.24026870728, "dvar": 75.6443634033, "dvar2": 170.933639526, "max": 104.347480774, "mean": 16.7719135284, "median": 13.2970561981, "min": 1.21018495615e-16, "var": 200.942871094}, "melbands_crest": {"dmean": 3.09047532082, "dmean2": 5.04245281219, "dvar": 8.57091999054, "dvar2": 21.7800331116, "max": 33.8022727966, "mean": 15.749997139, "median": 15.0993804932, "min": 1.77944123745, "var": 28.0620708466}, "melbands_flatness_db": {"dmean": 0.0306392982602, "dmean2": 0.045001167804, "dvar": 0.00100544607267, "dvar2": 0.00212873751298, "max": 0.62110131979, "mean": 0.241375416517, "median": 0.233424529433, "min": 0.00399765279144, "var": 0.00748994806781}, "melbands_kurtosis": {"dmean": 16.7608184814, "dmean2": 25.6677761078, "dvar": 1151.80444336, "dvar2": 2370.81713867, "max": 725.865478516, "mean": 34.1995811462, "median": 14.0777711868, "min": -1.80666410923, "var": 4202.515625}, "melbands_skewness": {"dmean": 1.00961101055, "dmean2": 1.54205334187, "dvar": 1.51613259315, "dvar2": 3.42686605453, "max": 21.6078510284, "mean": 3.61990594864, "median": 3.04594254494, "min": -2.80040550232, "var": 6.38224172592}, "melbands_spread": {"dmean": 4.79927110672, "dmean2": 7.3384103775, "dvar": 43.7375335693, "dvar2": 93.1474761963, "max": 139.435852051, "mean": 15.6920547485, "median": 11.9978237152, "min": 0.367986410856, "var": 202.54927063}, "pitch_salience": {"dmean": 0.0729298293591, "dmean2": 0.117707818747, "dvar": 0.0053845285438, "dvar2": 0.0135706309229, "max": 0.827562153339, "mean": 0.493096262217, "median": 0.490486264229, "min": 0.0936292484403, "var": 0.0163378082216}, "silence_rate_20dB": {"dmean": 0, "dmean2": 0, "dvar": 0, "dvar2": 0, "max": 1, "mean": 1, "median": 1, "min": 1, "var": 0}, "silence_rate_30dB": {"dmean": 0.0115517908707, "dmean2": 0.02311248146, "dvar": 0.0114184087142, "dvar2": 0.0333639755845, "max": 1, "mean": 0.993841409683, "median": 1, "min": 0, "var": 0.00612082425505}, "silence_rate_60dB": {"dmean": 0.0192529838532, "dmean2": 0.0385208018124, "dvar": 0.018882047385, "dvar2": 0.0393473915756, "max": 1, "mean": 0.0808314085007, "median": 0, "min": 0, "var": 0.074297234416}, "spectral_centroid": {"dmean": 229.867752075, "dmean2": 347.082611084, "dvar": 93832.171875, "dvar2": 182442.359375, "max": 11205.5683594, "mean": 1022.37634277, "median": 878.360046387, "min": 128.493118286, "var": 410417.1875}, "spectral_complexity": {"dmean": 3.60877943039, "dmean2": 5.39522361755, "dvar": 23.1199855804, "dvar2": 49.0860824585, "max": 49, "mean": 14.2193994522, "median": 14, "min": 0, "var": 79.5858840942}, "spectral_decrease": {"dmean": 3.93172649993e-09, "dmean2": 6.27169693956e-09, "dvar": 4.42918193418e-17, "dvar2": 1.14569623506e-16, "max": 3.41964935559e-17, "mean": -8.38300628914e-09, "median": -6.66910793257e-09, "min": -4.99760659523e-08, "var": 5.30225055665e-17}, "spectral_energy": {"dmean": 0.0152856493369, "dmean2": 0.0242728795856, "dvar": 0.000654657254927, "dvar2": 0.00168796989601, "max": 0.191206619143, "mean": 0.0331606306136, "median": 0.026331346482, "min": 1.10261067312e-20, "var": 0.000803376897238}, "spectral_energyband_high": {"dmean": 0.00030546009657, "dmean2": 0.00045103271259, "dvar": 2.57944378745e-07, "dvar2": 6.14937675891e-07, "max": 0.0063140890561, "mean": 0.000643762992695, "median": 0.000328965252265, "min": 8.27470852782e-21, "var": 6.12432927483e-07}, "spectral_energyband_low": {"dmean": 0.0103860786185, "dmean2": 0.0176777094603, "dvar": 0.000533457729034, "dvar2": 0.0014411440352, "max": 0.174354821444, "mean": 0.0153302289546, "median": 0.0104557517916, "min": 9.58736232035e-23, "var": 0.000467047357233}, "spectral_energyband_middle_high": {"dmean": 0.00166586681735, "dmean2": 0.00237562437542, "dvar": 6.8127733357e-06, "dvar2": 1.41449154398e-05, "max": 0.0389538928866, "mean": 0.0043946527876, "median": 0.00256296340376, "min": 1.40157686959e-21, "var": 2.94214514724e-05}, "spectral_energyband_middle_low": {"dmean": 0.00634028483182, "dmean2": 0.00967660453171, "dvar": 9.50290850597e-05, "dvar2": 0.000215381587623, "max": 0.109203569591, "mean": 0.0143736423925, "median": 0.0104879438877, "min": 2.70191044708e-22, "var": 0.000198914509383}, "spectral_entropy": {"dmean": 0.224329560995, "dmean2": 0.312840759754, "dvar": 0.0591710284352, "dvar2": 0.118189066648, "max": 9.81234836578, "mean": 7.40007638931, "median": 7.52902269363, "min": 3.73033022881, "var": 0.43090981245}, "spectral_flux": {"dmean": 0.037050139159, "dmean2": 0.0576298907399, "dvar": 0.00258214655332, "dvar2": 0.00516324676573, "max": 0.386721402407, "mean": 0.0832427218556, "median": 0.0629979819059, "min": 1.05005268369e-10, "var": 0.0043660257943}, "spectral_kurtosis": {"dmean": 1.52125656605, "dmean2": 2.41227006912, "dvar": 6.81348514557, "dvar2": 20.3410663605, "max": 60.6350669861, "mean": 5.2343173027, "median": 3.94023489952, "min": -1.17034137249, "var": 25.601682663}, "spectral_rms": {"dmean": 0.00114339403808, "dmean2": 0.00171986478381, "dvar": 2.59194985119e-06, "dvar2": 6.13066777078e-06, "max": 0.0136580755934, "mean": 0.0051499651745, "median": 0.00506844371557, "min": 3.27981348677e-12, "var": 5.82974644203e-06}, "spectral_rolloff": {"dmean": 368.96862793, "dmean2": 620.714599609, "dvar": 740010.3125, "dvar2": 1558404.125, "max": 19530.6152344, "mean": 1083.81872559, "median": 538.330078125, "min": 64.599609375, "var": 3821685.5}, "spectral_skewness": {"dmean": 0.228791534901, "dmean2": 0.346374839544, "dvar": 0.0736174210906, "dvar2": 0.186599314213, "max": 6.16473388672, "mean": 1.74043250084, "median": 1.61456525326, "min": -0.0126509582624, "var": 0.362328022718}, "spectral_spread": {"dmean": 641953.6875, "dmean2": 830696.125, "dvar": 671910264832, "dvar2": 949881274368, "max": 39871244, "mean": 5622574, "median": 5548079, "min": 1203124.625, "var": 3278399602690.0}, "spectral_strongpeak": {"dmean": 0.401354879141, "dmean2": 0.665810704231, "dvar": 0.563088357449, "dvar2": 1.27369952202, "max": 8.1898651123, "mean": 0.859020411968, "median": 0.484534978867, "min": 0, "var": 1.25854039192}, "zerocrossingrate": {"dmean": 0.0102407447994, "dmean2": 0.0117142358795, "dvar": 0.000196708220756, "dvar2": 0.000221643887926, "max": 0.63037109375, "mean": 0.0566342361271, "median": 0.0458984375, "min": 0.00537109375, "var": 0.00302599812858}, "barkbands": {"dmean": [0.000149991727085, 0.00727499136701, 0.00306995213032, 0.00229917210527, 0.00269945780747, 0.00202362798154, 0.000838742882479, 0.000232806196436, 0.000249447271926, 0.000410016189562, 0.000337760022376, 0.000668259744998, 0.000265893002506, 0.000272425706498, 0.000210698286537, 0.000121096520161, 0.000105611761683, 8.39827262098e-05, 0.000150315347128, 8.3883642219e-05, 8.6760323029e-05, 7.54631983e-05, 5.40907494724e-05, 2.97652422887e-05, 3.489646042e-05, 2.4701213988e-05, 1.43651095641e-05], "dmean2": [0.000240771536482, 0.0124637419358, 0.00551739986986, 0.00401351507753, 0.00430794944987, 0.00288279005326, 0.00126690545585, 0.000349329871824, 0.000398054369725, 0.000621310435236, 0.000506769109052, 0.000920363061596, 0.000382835860364, 0.000415238289861, 0.000340972968843, 0.00018850993365, 0.000168680489878, 0.000132090703119, 0.000228014352615, 0.000133686669869, 0.00013617874356, 0.000120237375086, 8.62230808707e-05, 4.30881154898e-05, 4.88508740091e-05, 3.45147745975e-05, 1.9439310563e-05], "dvar": [6.58730883174e-08, 0.000301076623145, 4.85658965772e-05, 2.22775233851e-05, 2.18112600123e-05, 1.04000710053e-05, 4.77832600154e-06, 1.75868265728e-07, 2.90388072699e-07, 1.22600158647e-06, 8.819461641e-07, 2.64739901468e-06, 5.51759228529e-07, 8.43923032789e-07, 2.32817214396e-07, 7.09361103191e-08, 4.299421974e-08, 2.92999207119e-08, 1.0058835187e-07, 2.28423786552e-08, 2.14161079981e-08, 2.21504894427e-08, 1.90664870559e-08, 2.08265626966e-09, 4.89552620664e-09, 1.95266647296e-09, 5.29740473709e-10], "dvar2": [1.71638191659e-07, 0.000825224211439, 0.000136669623316, 5.91991265537e-05, 5.32772137376e-05, 2.11354672501e-05, 1.05763938336e-05, 4.04900646345e-07, 6.92292132953e-07, 2.92069330499e-06, 1.97562053472e-06, 4.79466370962e-06, 1.02371814137e-06, 1.93283290173e-06, 6.18263243268e-07, 1.52808738108e-07, 1.0338815315e-07, 7.16496444397e-08, 2.00818533358e-07, 5.63417188459e-08, 5.15310887295e-08, 5.32930215513e-08, 4.99654291275e-08, 4.65108351833e-09, 1.09329967302e-08, 4.59471705128e-09, 1.10025211164e-09], "max": [0.00202101143077, 0.140289768577, 0.0666531175375, 0.0475048348308, 0.0778457447886, 0.0576690286398, 0.0422396659851, 0.00664894748479, 0.00981808453798, 0.0185230839998, 0.0160463415086, 0.0337575152516, 0.0171082299203, 0.0166943315417, 0.00866774190217, 0.00409699417651, 0.00296278600581, 0.00222536246292, 0.00587206101045, 0.00275554973632, 0.0027032867074, 0.00310899713077, 0.00310676032677, 0.000588819792029, 0.0014043035917, 0.000536167412065, 0.000384248502087], "mean": [0.00018009012274, 0.0092987800017, 0.00441299146041, 0.00260383938439, 0.00474995095283, 0.00463850889355, 0.00130255089607, 0.000444736448117, 0.000356293399818, 0.000729314982891, 0.000506661075633, 0.00137099192943, 0.000465628720121, 0.000389742577681, 0.000294362253044, 0.000168705388205, 0.000147751386976, 0.00012379452528, 0.000259279127931, 0.000150255742483, 0.00017135492817, 0.000116322895337, 8.33335579955e-05, 6.17780606262e-05, 6.66603518766e-05, 4.36736299889e-05, 2.3275066269e-05], "median": [3.13636119245e-05, 0.0044202147983, 0.0024118158035, 0.000742030795664, 0.00273213186301, 0.00254976423457, 0.000351204856997, 0.000179150083568, 0.00012305934797, 0.00029148691101, 0.000150933134137, 0.000225419556955, 6.74424081808e-05, 0.000102885474917, 9.69274697127e-05, 5.16970576427e-05, 5.43353889952e-05, 4.74296321045e-05, 9.2325892183e-05, 6.53926545056e-05, 8.66897244123e-05, 4.73784239148e-05, 2.64134814643e-05, 2.5420464226e-05, 2.89528725261e-05, 2.21285263251e-05, 1.24346170196e-05], "min": [6.41835344734e-23, 1.88900869022e-23, 4.39447368147e-23, 1.61431848778e-23, 2.06437136505e-23, 1.23460810078e-23, 5.75052715526e-23, 6.020510698e-23, 9.03700246577e-23, 3.62132057459e-23, 1.42573371533e-23, 1.46950675499e-22, 6.24373372172e-23, 3.32354735543e-23, 1.22130776392e-22, 1.48477014065e-22, 1.59167013342e-22, 1.94315398861e-22, 3.222451107e-22, 3.94806808682e-22, 3.35251874549e-22, 6.37542742341e-22, 7.62325340931e-22, 1.13599544838e-21, 1.14284745634e-21, 2.0067282511e-21, 2.19802770219e-21], "var": [9.55548102866e-08, 0.00025707660825, 4.04634956794e-05, 2.34337985603e-05, 3.88680127799e-05, 3.99570781155e-05, 8.898264241e-06, 4.86690566959e-07, 5.36038214705e-07, 2.3667168989e-06, 1.5457524114e-06, 1.19156775327e-05, 1.61540970112e-06, 1.11820691018e-06, 3.00560714095e-07, 1.27860985799e-07, 7.05713532057e-08, 4.91669602809e-08, 2.58136509501e-07, 4.84835354086e-08, 5.73087035605e-08, 3.36283569879e-08, 2.34044303937e-08, 6.84032652742e-09, 9.65494617589e-09, 3.52312978791e-09, 1.03625530379e-09]}, "erbbands": {"dmean": [0.172198116779, 1.78188621998, 3.53964018822, 5.90172576904, 7.24359893799, 9.36875534058, 18.4845581055, 14.7756814957, 14.7283887863, 7.94327449799, 5.31669950485, 5.51062679291, 11.0432815552, 12.1315317154, 15.8325519562, 29.3167953491, 13.8067092896, 14.3934631348, 11.1708040237, 8.11675262451, 6.88587093353, 5.14591121674, 4.29604721069, 6.26940536499, 7.39780521393, 3.99489951134, 4.36110639572, 2.57215642929, 2.85796928406, 1.93071877956, 1.62348103523, 0.705759704113, 0.487044811249, 0.348368316889, 0.292292743921, 0.130706310272, 0.0390499085188, 0.0129663664848, 0.00221046130173, 0.000192994921235], "dmean2": [0.278931945562, 3.10522437096, 6.24801206589, 10.424571991, 12.0990781784, 15.1343259811, 28.2263183594, 21.4904308319, 21.0539188385, 12.2744417191, 7.95966148376, 8.74376678467, 17.3202934265, 17.4234600067, 23.3317165375, 40.1284065247, 18.9812774658, 21.7922229767, 17.9265098572, 13.1958799362, 10.6020317078, 8.0495262146, 6.74572658539, 9.75884437561, 11.258638382, 6.30167531967, 6.84907007217, 4.08135414124, 4.60419559479, 3.05197381973, 2.62899279594, 1.06303429604, 0.71706444025, 0.507856070995, 0.416624814272, 0.188318043947, 0.0544905774295, 0.0180527493358, 0.00299913715571, 0.000265064329142], "dvar": [0.148069083691, 18.8393573761, 66.4199829102, 130.793106079, 270.811126709, 288.273895264, 909.737609863, 726.218261719, 1161.42919922, 733.238586426, 93.8301391602, 126.351356506, 1178.53894043, 752.079467773, 1464.33984375, 5268.22460938, 1250.98950195, 2317.52685547, 721.105773926, 401.660430908, 240.252197266, 104.534317017, 72.0117263794, 167.532302856, 254.78742981, 48.8848152161, 59.6842346191, 18.8410701752, 33.0622215271, 13.8935155869, 19.0694046021, 1.35586047173, 0.586311280727, 0.264472454786, 0.562745153904, 0.07990308851, 0.00488057779148, 0.00054494041251, 1.25478336486e-05, 8.79965611489e-08], "dvar2": [0.3867649436, 52.4654693604, 185.776657104, 360.818145752, 685.986633301, 733.465820312, 2162.07617188, 1468.66357422, 2216.66210938, 1629.60595703, 219.540176392, 322.702850342, 2856.59472656, 1677.12731934, 3186.35083008, 9440.29589844, 2142.99682617, 5372.32275391, 1865.3137207, 1087.98266602, 502.691314697, 236.477828979, 174.231506348, 356.711853027, 491.948852539, 116.367835999, 143.998672485, 47.079246521, 80.4686431885, 34.1303825378, 51.1412162781, 3.23726820946, 1.31746029854, 0.57588583231, 1.3081703186, 0.197586670518, 0.0112919667736, 0.00120542151853, 2.65438939095e-05, 1.86512707501e-07], "max": [2.75863218307, 35.6062088013, 71.7657928467, 121.498130798, 244.915390015, 343.670623779, 393.301208496, 426.854644775, 661.20324707, 859.755615234, 143.903869629, 181.840652466, 656.089538574, 477.250518799, 849.761535645, 1704.34423828, 872.159057617, 795.415222168, 509.463562012, 386.492584229, 275.994171143, 205.667648315, 138.272903442, 243.006576538, 366.778930664, 117.79511261, 164.300460815, 52.6337127686, 117.24647522, 66.1083526611, 69.0211181641, 14.1686820984, 11.5103321075, 6.95444536209, 18.9176445007, 4.27634716034, 1.03635907173, 0.347986876965, 0.058247949928, 0.00391509989277], "mean": [0.210659101605, 2.25959730148, 5.45312929153, 7.25977611542, 8.45946121216, 17.7471694946, 36.4993400574, 31.7039165497, 27.9738712311, 10.2052173615, 10.8517808914, 8.52238368988, 18.4840736389, 21.672000885, 28.8262748718, 61.9508628845, 27.5081634521, 21.9799919128, 15.9349708557, 11.6289691925, 9.7941570282, 7.5222120285, 6.65141677856, 10.619600296, 12.8427362442, 7.52918863297, 8.37970161438, 4.88534641266, 4.31868171692, 3.07438588142, 2.42106056213, 1.35499501228, 0.993719995022, 0.6928601861, 0.518019258976, 0.218281641603, 0.0716079026461, 0.0212967600673, 0.00370274041779, 0.000312154559651], "median": [0.0705306753516, 1.05384612083, 3.04961681366, 3.1885008812, 3.2012963295, 8.59984779358, 20.3763504028, 14.5444126129, 8.9195098877, 2.98279094696, 4.79995250702, 4.02845048904, 7.3476190567, 9.48367118835, 11.7734489441, 12.9166755676, 5.90583133698, 6.96078062057, 5.30457878113, 4.32343101501, 3.17048454285, 2.85900330544, 3.02783536911, 4.04072093964, 4.7774553299, 3.67633867264, 3.97533130646, 2.57742071152, 1.72497153282, 1.22747063637, 0.742871403694, 0.50103020668, 0.420522987843, 0.325515687466, 0.213540822268, 0.101938769221, 0.0374913662672, 0.0109946783632, 0.00206658244133, 0.000175635461346], "min": [1.30230560353e-21, 2.98009970833e-21, 4.1039884314e-20, 5.19533466557e-20, 5.03654700724e-20, 1.05476055266e-19, 5.82223158737e-20, 1.28697580613e-19, 4.04692401975e-19, 1.20046189059e-18, 1.74577915845e-18, 1.60044869471e-18, 1.94059135965e-18, 7.26662761889e-19, 2.02418271684e-18, 5.87697142763e-18, 2.96021016504e-18, 2.26771006584e-18, 3.56368226247e-18, 7.03431745937e-18, 8.27523065327e-18, 9.58483540677e-18, 7.34601234907e-18, 2.0367870055e-17, 1.4533510423e-17, 1.90588650074e-17, 1.0400015283e-17, 1.70275195268e-17, 2.18442418646e-17, 2.17162985305e-17, 2.67948152603e-17, 2.73388502948e-17, 1.43927954203e-17, 1.2506357921e-17, 8.68227713372e-18, 6.78918372561e-18, 3.94671031306e-18, 1.28524593882e-18, 3.10768550811e-19, 3.38850272782e-20], "var": [0.149634227157, 15.1780443192, 57.2214279175, 125.62122345, 278.594146729, 779.232788086, 2250.95043945, 2446.37133789, 3347.38378906, 1066.43994141, 297.413421631, 198.414001465, 1920.38708496, 1885.41381836, 3217.42773438, 26000.5351562, 4276.98779297, 3070.2800293, 992.778503418, 447.551330566, 452.39175415, 188.759750366, 110.884155273, 402.383605957, 686.803527832, 111.290969849, 158.481048584, 36.7472343445, 48.3222389221, 21.664598465, 21.5679473877, 3.55822658539, 1.77780008316, 0.776127159595, 0.849801659584, 0.115336582065, 0.00925850030035, 0.00102603132837, 2.46947056439e-05, 1.5354234506e-07]}, "gfcc": {"mean": [-21.3043060303, 77.4545516968, -80.2539672852, 23.7585353851, -46.6997680664, 5.41969203949, -29.0213565826, -4.16774082184, -32.2559814453, 2.71736764908, -9.70473194122, 6.82308149338, -4.32049655914], "cov": [[22405.1640625, 866.789367676, -777.128540039, 42.3559303284, -601.113952637, 1187.52612305, 40.2608184814, 285.14541626, -190.963027954, 407.33895874, -215.052276611, -40.4771232605, -394.150604248], [866.789367676, 1233.56237793, -6.46686220169, 58.7921295166, 100.267456055, -103.322822571, 87.9388427734, -26.4903888702, -7.06262636185, -18.9967346191, 60.7975006104, -37.0046043396, 31.1558685303], [-777.128540039, -6.46686220169, 996.224182129, 292.017211914, 180.43309021, 196.995376587, 154.945037842, 138.173706055, 139.379867554, -14.3589220047, -45.6550445557, 4.60850095749, 14.8357601166], [42.3559303284, 58.7921295166, 292.017211914, 400.097351074, 85.2655792236, 79.8513641357, 84.2047653198, 71.7366638184, 42.2676963806, -72.4555282593, -36.8689460754, -23.9215984344, 6.71886348724], [-601.113952637, 100.267456055, 180.43309021, 85.2655792236, 389.55645752, 155.432754517, 147.399841309, 80.9869766235, 15.8349971771, 6.37216901779, 50.9730834961, 37.7659301758, -15.0418567657], [1187.52612305, -103.322822571, 196.995376587, 79.8513641357, 155.432754517, 380.69909668, 164.445495605, 127.019577026, 32.1788406372, 47.2902374268, -5.30557727814, 39.5957832336, -53.5046081543], [40.2608184814, 87.9388427734, 154.945037842, 84.2047653198, 147.399841309, 164.445495605, 208.248947144, 117.62600708, 18.8456344604, 1.14515006542, 21.790594101, 29.1709938049, 4.31780529022], [285.14541626, -26.4903888702, 138.173706055, 71.7366638184, 80.9869766235, 127.019577026, 117.62600708, 147.995559692, 55.2551078796, 5.81728458405, -2.52654910088, 19.9824695587, -11.2345132828], [-190.963027954, -7.06262636185, 139.379867554, 42.2676963806, 15.8349971771, 32.1788406372, 18.8456344604, 55.2551078796, 117.241744995, 49.4514045715, -12.1700677872, -17.8203144073, -3.58139395714], [407.33895874, -18.9967346191, -14.3589220047, -72.4555282593, 6.37216901779, 47.2902374268, 1.14515006542, 5.81728458405, 49.4514045715, 171.66368103, 38.0860519409, -16.5279254913, -33.2346954346], [-215.052276611, 60.7975006104, -45.6550445557, -36.8689460754, 50.9730834961, -5.30557727814, 21.790594101, -2.52654910088, -12.1700677872, 38.0860519409, 95.9807052612, 48.3737373352, 4.89010858536], [-40.4771232605, -37.0046043396, 4.60850095749, -23.9215984344, 37.7659301758, 39.5957832336, 29.1709938049, 19.9824695587, -17.8203144073, -16.5279254913, 48.3737373352, 95.6050643921, 31.9294319153], [-394.150604248, 31.1558685303, 14.8357601166, 6.71886348724, -15.0418567657, -53.5046081543, 4.31780529022, -11.2345132828, -3.58139395714, -33.2346954346, 4.89010858536, 31.9294319153, 79.2457580566]], "icov": [[0.000133982364787, -0.000269600481261, 0.000130567888846, -0.000174242057255, 0.000365363812307, -0.000638018012978, 0.000587816990446, -0.000627253262792, 0.000677811156493, -0.000543743488379, 0.000545962539036, -0.000330706039676, 0.000182497824426], [-0.000269600481261, 0.00157847336959, -0.000218305867747, 0.000286391295958, -0.000884981709532, 0.00165588757955, -0.00220252224244, 0.0019224510761, -0.00165101909079, 0.00142621784471, -0.00209994264878, 0.00173020875081, -0.000646373373456], [0.000130567888846, -0.000218305867747, 0.0018053612439, -0.000979124335572, -2.67248433374e-05, -0.000906113069504, 5.54537800781e-05, -0.00021418556571, -0.00105912506115, -0.000438830058556, 0.00133393425494, -0.000848198425956, -0.000142435645103], [-0.000174242057255, 0.000286391295958, -0.000979124335572, 0.00422802940011, -0.000646124826744, 6.66735577397e-05, -0.000843038840685, 0.000133316061692, -0.00153405580204, 0.00308900605887, -0.0018132769037, 0.00312865548767, -0.00108973134775], [0.000365363812307, -0.000884981709532, -2.67248433374e-05, -0.000646124826744, 0.00507727637887, -0.00251328898594, -0.00025511306012, -0.0013007898815, 0.00161894934718, -0.000775040360168, -0.000814576924313, -0.000874979363289, 0.00147220736835], [-0.000638018012978, 0.00165588757955, -0.000906113069504, 6.66735577397e-05, -0.00251328898594, 0.010378937237, -0.00739386072382, 0.00277886702679, -0.0025831758976, -0.00054317706963, 0.00290262885392, -0.00496073113754, 0.00514204753563], [0.000587816990446, -0.00220252224244, 5.54537800781e-05, -0.000843038840685, -0.00025511306012, -0.00739386072382, 0.0184336770326, -0.0128829143941, 0.00722161354497, -0.00204669334926, -0.00206576054916, 0.00338476477191, -0.00578892091289], [-0.000627253262792, 0.0019224510761, -0.00021418556571, 0.000133316061692, -0.0013007898815, 0.00277886702679, -0.0128829143941, 0.0221309605986, -0.0118446219712, 0.00419238395989, 0.000246804294875, -0.00388532457873, 0.00439503695816], [0.000677811156493, -0.00165101909079, -0.00105912506115, -0.00153405580204, 0.00161894934718, -0.0025831758976, 0.00722161354497, -0.0118446219712, 0.0204617474228, -0.00874023884535, 0.00416961405426, 0.00107682566158, -0.00259270821698], [-0.000543743488379, 0.00142621784471, -0.000438830058556, 0.00308900605887, -0.000775040360168, -0.00054317706963, -0.00204669334926, 0.00419238395989, -0.00874023884535, 0.01423673518, -0.0108500607312, 0.00776232266799, -0.000135240872623], [0.000545962539036, -0.00209994264878, 0.00133393425494, -0.0018132769037, -0.000814576924313, 0.00290262885392, -0.00206576054916, 0.000246804294875, 0.00416961405426, -0.0108500607312, 0.0280411802232, -0.0190147012472, 0.00696684001014], [-0.000330706039676, 0.00173020875081, -0.000848198425956, 0.00312865548767, -0.000874979363289, -0.00496073113754, 0.00338476477191, -0.00388532457873, 0.00107682566158, 0.00776232266799, -0.0190147012472, 0.0299184210598, -0.0142594203353], [0.000182497824426, -0.000646373373456, -0.000142435645103, -0.00108973134775, 0.00147220736835, 0.00514204753563, -0.00578892091289, 0.00439503695816, -0.00259270821698, -0.000135240872623, 0.00696684001014, -0.0142594203353, 0.0237311217934]]}, "melbands": {"dmean": [0.00182563415729, 0.00203265529126, 0.00105637626257, 0.000507396762259, 0.000610187300481, 0.000346791581251, 0.000215813823161, 7.39286333555e-05, 4.19083953602e-05, 3.61563725164e-05, 5.61085180379e-05, 5.03945557284e-05, 5.12008955411e-05, 7.91719867266e-05, 4.9027705245e-05, 2.35403767874e-05, 2.8987922633e-05, 1.77691872523e-05, 1.29024156195e-05, 8.81927462615e-06, 8.69162613526e-06, 5.84672352488e-06, 4.89522335556e-06, 4.09051517636e-06, 5.44883278053e-06, 5.89486808167e-06, 4.05317678087e-06, 2.65259654952e-06, 2.99911516777e-06, 2.1562832444e-06, 1.45115132e-06, 1.63708341461e-06, 1.59989042459e-06, 9.71981990006e-07, 1.05821823126e-06, 6.08569450833e-07, 4.03396740012e-07, 3.71345009853e-07, 3.22813065168e-07, 2.97837090102e-07], "dmean2": [0.00307184271514, 0.00352681661025, 0.00184164883103, 0.000825781782623, 0.000946509186178, 0.000495561165735, 0.000311579206027, 0.00011393812747, 6.30018257652e-05, 5.77323844482e-05, 8.8172062533e-05, 7.2594411904e-05, 7.64221185818e-05, 0.000111267821922, 6.63586324663e-05, 3.45483131241e-05, 4.38521856267e-05, 2.87099246634e-05, 2.12881586776e-05, 1.40141646625e-05, 1.35634018079e-05, 9.32656530495e-06, 7.8762332123e-06, 6.44552483209e-06, 8.58016665006e-06, 8.97542122402e-06, 6.39101244815e-06, 4.24380004915e-06, 4.83040048493e-06, 3.49909942088e-06, 2.32437378145e-06, 2.6985403565e-06, 2.5341678338e-06, 1.5687553514e-06, 1.74460319613e-06, 9.67182245404e-07, 6.05257014286e-07, 5.4868536381e-07, 4.97914811604e-07, 4.45178727659e-07], "dvar": [1.83714601008e-05, 2.25364565267e-05, 4.12703002439e-06, 9.99921553557e-07, 9.21007710986e-07, 3.77002521645e-07, 2.48991909757e-07, 5.91843765108e-08, 5.49360601454e-09, 5.84120707359e-09, 3.09951708743e-08, 1.34963338283e-08, 1.76148251541e-08, 3.93526526921e-08, 1.16172280684e-08, 4.15380885244e-09, 9.84359793677e-09, 1.80761017265e-09, 9.5919816534e-10, 4.26705004664e-10, 4.18305279304e-10, 1.5149545507e-10, 1.42263367753e-10, 7.99981608735e-11, 1.33244720812e-10, 1.66330921259e-10, 6.73749181446e-11, 2.43606627925e-11, 3.24686041941e-11, 1.29509953109e-11, 6.26772505424e-12, 9.93655678572e-12, 1.28287710316e-11, 5.28636379463e-12, 9.81125597432e-12, 1.45370727175e-12, 3.83400098778e-13, 3.46054456792e-13, 2.88157979466e-13, 1.85285041975e-13], "dvar2": [4.9863167078e-05, 6.24560561846e-05, 1.09315087684e-05, 2.49841809818e-06, 2.21336972572e-06, 7.40913264963e-07, 4.92680385378e-07, 1.30263757114e-07, 1.30694104428e-08, 1.44634801913e-08, 7.56462767981e-08, 3.00328153457e-08, 3.92504198032e-08, 7.63399086168e-08, 2.06707593264e-08, 8.93097151788e-09, 2.25130634135e-08, 4.62219462705e-09, 2.66619637479e-09, 1.08726394554e-09, 9.15017006609e-10, 3.50866835586e-10, 3.53515494655e-10, 1.92593427317e-10, 2.85261952948e-10, 3.2853153531e-10, 1.44547887548e-10, 5.64626123634e-11, 7.97771085304e-11, 3.24614501945e-11, 1.57936736606e-11, 2.57522284747e-11, 2.87582093556e-11, 1.35618504274e-11, 2.65359539897e-11, 3.73387475452e-12, 9.02838676216e-13, 7.70958275519e-13, 6.90917754866e-13, 4.1484410308e-13], "max": [0.0329317003489, 0.0372695960104, 0.0181509368122, 0.016298243776, 0.0109286792576, 0.010129683651, 0.0100541384891, 0.00780424335971, 0.00110690330621, 0.00120615016203, 0.00330243399367, 0.00205787178129, 0.00215739058331, 0.0042375959456, 0.00207944889553, 0.00118830392603, 0.00180160172749, 0.000735466950573, 0.000434064946603, 0.000430362648331, 0.000363029306754, 0.000273494661087, 0.000310427247314, 0.000145953876199, 0.000220269357669, 0.000252790923696, 0.000153821500135, 8.62213782966e-05, 0.000109661224997, 4.76809218526e-05, 3.21425650327e-05, 4.62046373286e-05, 0.000102929807326, 6.48158966214e-05, 6.02190411882e-05, 1.58765615197e-05, 7.95996220404e-06, 8.71969223226e-06, 8.95656467037e-06, 5.42714224139e-06], "mean": [0.00226247496903, 0.00301334424876, 0.00131913123187, 0.000819795299321, 0.00121813942678, 0.000773309380747, 0.000395007780753, 9.51082256506e-05, 8.41218206915e-05, 5.32334706804e-05, 9.22928229556e-05, 8.64848552737e-05, 8.27304029372e-05, 0.000160737370607, 0.000100884913991, 4.00874887418e-05, 4.19419266109e-05, 2.46095769398e-05, 1.73947573785e-05, 1.29555519379e-05, 1.1400558833e-05, 7.78446519689e-06, 6.91262584951e-06, 6.03116404818e-06, 8.80058269104e-06, 9.71720510279e-06, 6.98599706084e-06, 4.52147378383e-06, 5.47933541384e-06, 3.9987216951e-06, 2.47093134931e-06, 2.37863059738e-06, 2.29146940001e-06, 1.50531946019e-06, 1.48528113186e-06, 9.86454892882e-07, 7.70709959852e-07, 7.14179805072e-07, 6.22654226845e-07, 5.61762988127e-07], "median": [0.00100765610114, 0.00176682602614, 0.000596733647399, 0.000382725149393, 0.000720087031368, 0.000367012631614, 0.000115708106023, 2.79804298771e-05, 3.8367768866e-05, 2.12010454561e-05, 3.56571581506e-05, 3.60006415576e-05, 2.95084828394e-05, 3.01066029351e-05, 1.84839082067e-05, 8.80575498741e-06, 1.0757257769e-05, 7.14446105121e-06, 6.01705141889e-06, 4.42592136096e-06, 3.00240390061e-06, 2.62149160335e-06, 2.8564686545e-06, 2.23606684813e-06, 3.18452066495e-06, 3.16841442327e-06, 2.70406235359e-06, 2.07128005059e-06, 2.48441824624e-06, 1.83493136774e-06, 1.29110287617e-06, 9.20600484733e-07, 9.21087291772e-07, 5.34015214271e-07, 4.38409415437e-07, 3.18590309689e-07, 2.93660605166e-07, 2.95218541169e-07, 2.89709021217e-07, 2.63168885795e-07], "min": [1.11162681558e-23, 1.4816560649e-23, 9.49281765641e-24, 5.53357841564e-24, 2.41259993049e-24, 2.57211667743e-24, 8.08447690409e-24, 1.30128499107e-23, 1.43902949257e-23, 1.05742789043e-23, 9.70707070054e-24, 2.91480061567e-24, 4.18675382558e-24, 1.50113651164e-23, 1.01919582554e-23, 6.60097348472e-24, 3.8625225272e-24, 4.25622998879e-24, 9.77051562771e-24, 9.07659571015e-24, 9.3996350397e-24, 1.00474673366e-23, 7.23873281671e-24, 9.26854923422e-24, 1.79804229934e-23, 8.78064823067e-24, 1.282578338e-23, 1.29919561408e-23, 6.5256285908e-24, 6.46260728195e-24, 1.08848984077e-23, 1.07540563603e-23, 1.459608507e-23, 1.04912583938e-23, 1.41128572785e-23, 1.86654492932e-23, 1.56397764466e-23, 9.16303277726e-24, 1.14627114107e-23, 9.83943682727e-24], "var": [1.62231972354e-05, 1.88729536603e-05, 4.1614903239e-06, 1.62817309501e-06, 2.08535652746e-06, 1.35575680815e-06, 6.71668885843e-07, 8.75464536421e-08, 1.74329102265e-08, 9.92225590579e-09, 4.91808407332e-08, 3.42489876459e-08, 3.35071526081e-08, 1.54185741508e-07, 5.00258110492e-08, 9.53735668219e-09, 1.31667654557e-08, 2.46580311725e-09, 9.93124582571e-10, 5.6639126722e-10, 7.05954017466e-10, 2.47874137882e-10, 1.88655840949e-10, 1.31332195119e-10, 3.0708185994e-10, 4.11437162118e-10, 1.57440407933e-10, 5.25712806621e-11, 7.88857937306e-11, 2.98110043595e-11, 1.01537233482e-11, 1.38117650997e-11, 1.86622921977e-11, 6.81389883753e-12, 9.99159869425e-12, 2.43903400081e-12, 1.09512908724e-12, 9.72048071375e-13, 7.28397593977e-13, 5.18578127488e-13]}, "mfcc": {"mean": [-675.405883789, 119.33782959, 20.1966953278, 26.5518703461, 2.60175514221, 10.6781606674, 8.77129936218, -2.04208898544, -6.05329370499, -7.4203119278, -6.88145160675, -4.79902887344, 1.33835673332], "cov": [[14464.8652344, 1232.7097168, -842.010009766, -134.143875122, -141.808258057, 445.151824951, 232.371658325, -44.932094574, 9.11828422546, 206.419616699, 233.204559326, 156.156478882, 137.400787354], [1232.7097168, 1268.13085938, -50.5566825867, 134.476287842, 62.3755187988, 71.5311203003, 159.020248413, 6.80224084854, 18.5563697815, 12.0246133804, 72.040473938, 36.307258606, 18.9943332672], [-842.010009766, -50.5566825867, 736.011352539, 232.045150757, 156.273345947, 100.833282471, 23.5319728851, 129.168579102, 141.804382324, 82.0390472412, 21.3754692078, -4.81817817688, -29.1625614166], [-134.143875122, 134.476287842, 232.045150757, 320.30670166, 112.862869263, 36.5164146423, 73.1592712402, 95.7471313477, 65.7898025513, 39.7613372803, -2.03221774101, -8.95251464844, -23.2244091034], [-141.808258057, 62.3755187988, 156.273345947, 112.862869263, 211.001678467, 108.983886719, 94.2266235352, 114.220664978, 58.2397041321, 23.4220218658, 34.9831314087, 23.7526855469, 30.7485980988], [445.151824951, 71.5311203003, 100.833282471, 36.5164146423, 108.983886719, 198.21661377, 123.951148987, 78.4317779541, 67.6712036133, 46.4570579529, 63.1025161743, 42.4303207397, 21.9264755249], [232.371658325, 159.020248413, 23.5319728851, 73.1592712402, 94.2266235352, 123.951148987, 237.1640625, 152.70375061, 63.2134475708, 10.2180547714, 36.8690757751, 54.1858634949, 48.4275360107], [-44.932094574, 6.80224084854, 129.168579102, 95.7471313477, 114.220664978, 78.4317779541, 152.70375061, 264.037841797, 105.877174377, 1.47390401363, 8.3396987915, 14.6405410767, 44.9066123962], [9.11828422546, 18.5563697815, 141.804382324, 65.7898025513, 58.2397041321, 67.6712036133, 63.2134475708, 105.877174377, 138.625106812, 71.9925384521, 33.3225593567, 8.96955680847, 4.65707969666], [206.419616699, 12.0246133804, 82.0390472412, 39.7613372803, 23.4220218658, 46.4570579529, 10.2180547714, 1.47390401363, 71.9925384521, 123.656417847, 62.5238075256, 15.9803495407, -10.6717796326], [233.204559326, 72.040473938, 21.3754692078, -2.03221774101, 34.9831314087, 63.1025161743, 36.8690757751, 8.3396987915, 33.3225593567, 62.5238075256, 104.515052795, 57.7788925171, 13.0894708633], [156.156478882, 36.307258606, -4.81817817688, -8.95251464844, 23.7526855469, 42.4303207397, 54.1858634949, 14.6405410767, 8.96955680847, 15.9803495407, 57.7788925171, 99.6217956543, 41.791973114], [137.400787354, 18.9943332672, -29.1625614166, -23.2244091034, 30.7485980988, 21.9264755249, 48.4275360107, 44.9066123962, 4.65707969666, -10.6717796326, 13.0894708633, 41.791973114, 94.5696640015]], "icov": [[0.000103140293504, -0.000100501063571, 0.000159337039804, -7.28053419152e-05, 0.000248889467912, -0.000464433658635, 0.000216857602936, -0.000165517689311, 0.000157555405167, -0.000281881308183, 0.000102184159914, -5.04158961121e-05, -0.000135539463372], [-0.000100501063571, 0.00111676251981, -1.4333535546e-05, -0.00052039505681, -0.000254845101153, 0.000658212695271, -0.00119767466094, 0.00100564444438, -0.000573019264266, 0.00102490372956, -0.00131988944486, 0.000691676163115, -0.000123576915939], [0.000159337039804, -1.4333535546e-05, 0.00263260887004, -0.00139992008917, -0.000347167195287, -0.00166125106625, 0.00181434233673, -0.000705939368345, -0.00122920237482, -0.000505021831486, 0.000640896963887, -0.00066328846151, 0.000351530965418], [-7.28053419152e-05, -0.00052039505681, -0.00139992008917, 0.00591016979888, -0.00261196540669, 0.00220775022171, -0.00174730096478, -0.000619525148068, 0.000516799977049, -0.00213286536746, 0.00222260318696, -0.000513126491569, 0.00240934547037], [0.000248889467912, -0.000254845101153, -0.000347167195287, -0.00261196540669, 0.0102894892916, -0.00514282239601, 0.00128257251345, -0.00266752880998, 0.00162465265021, 0.000123025325593, -0.00164987274911, 0.000855860882439, -0.00281817186624], [-0.000464433658635, 0.000658212695271, -0.00166125106625, 0.00220775022171, -0.00514282239601, 0.0137768825516, -0.0067100985907, 0.00286823441274, -0.00281953508966, 0.00106151483487, -0.00392532348633, 0.000914346775971, 0.0015223978553], [0.000216857602936, -0.00119767466094, 0.00181434233673, -0.00174730096478, 0.00128257251345, -0.0067100985907, 0.0127437533811, -0.00615528319031, 0.000926206412259, -0.000775642984081, 0.00221482850611, -0.00429192790762, -0.000951408641413], [-0.000165517689311, 0.00100564444438, -0.000705939368345, -0.000619525148068, -0.00266752880998, 0.00286823441274, -0.00615528319031, 0.0117506114766, -0.00821383856237, 0.00579826394096, -0.00186531839427, 0.00276204734109, -0.00246042874642], [0.000157555405167, -0.000573019264266, -0.00122920237482, 0.000516799977049, 0.00162465265021, -0.00281953508966, 0.000926206412259, -0.00821383856237, 0.0203722324222, -0.0117408502847, 0.00227084476501, -3.69142362615e-05, 0.000559457403142], [-0.000281881308183, 0.00102490372956, -0.000505021831486, -0.00213286536746, 0.000123025325593, 0.00106151483487, -0.000775642984081, 0.00579826394096, -0.0117408502847, 0.0214488040656, -0.0118804126978, 0.00344674871303, 1.71198382759e-06], [0.000102184159914, -0.00131988944486, 0.000640896963887, 0.00222260318696, -0.00164987274911, -0.00392532348633, 0.00221482850611, -0.00186531839427, 0.00227084476501, -0.0118804126978, 0.0253722071648, -0.012409302406, 0.00257783639245], [-5.04158961121e-05, 0.000691676163115, -0.00066328846151, -0.000513126491569, 0.000855860882439, 0.000914346775971, -0.00429192790762, 0.00276204734109, -3.69142362615e-05, 0.00344674871303, -0.012409302406, 0.0207276325673, -0.00705178780481], [-0.000135539463372, -0.000123576915939, 0.000351530965418, 0.00240934547037, -0.00281817186624, 0.0015223978553, -0.000951408641413, -0.00246042874642, 0.000559457403142, 1.71198382759e-06, 0.00257783639245, -0.00705178780481, 0.016447070986]]}, "spectral_contrast_coeffs": {"dmean": [0.0518318787217, 0.049251742661, 0.0383234210312, 0.0335339047015, 0.0233028419316, 0.0174399241805], "dmean2": [0.0829669013619, 0.0774124264717, 0.0577536225319, 0.050497174263, 0.0351957641542, 0.0265829060227], "dvar": [0.00205077626742, 0.00184508459643, 0.00104441586882, 0.000906098866835, 0.000431203545304, 0.000236820225837], "dvar2": [0.00515569420531, 0.00434022722766, 0.00224712234922, 0.00186344247777, 0.000849431322422, 0.000536385341547], "max": [-0.276856273413, -0.36478215456, -0.451244980097, -0.540374934673, -0.58058488369, -0.654921531677], "mean": [-0.624583721161, -0.674152255058, -0.759959161282, -0.774816870689, -0.798830866814, -0.778008937836], "median": [-0.635091662407, -0.67521905899, -0.764367461205, -0.779219985008, -0.803753018379, -0.775304377079], "min": [-0.956732749939, -0.964914262295, -0.959425806999, -0.958311676979, -0.963297963142, -0.957683026791], "var": [0.00991612393409, 0.00842987652868, 0.00629343418404, 0.00551623851061, 0.00248138816096, 0.00119916547555]}, "spectral_contrast_valleys": {"dmean": [0.474686414003, 0.424399375916, 0.395079284906, 0.433664500713, 0.378417253494, 0.388549536467], "dmean2": [0.727702736855, 0.643566966057, 0.57531017065, 0.610764026642, 0.51745480299, 0.486229389906], "dvar": [0.325793832541, 0.236809238791, 0.194039523602, 0.255212605, 0.233397617936, 0.229535713792], "dvar2": [0.588952183723, 0.430742353201, 0.330024242401, 0.455349355936, 0.387230247259, 0.419671475887], "max": [-5.01326036453, -4.91122102737, -5.63132143021, -5.82302331924, -5.89716243744, -8.27043247223], "mean": [-7.35049819946, -7.3